angle,intensity
1.000000000000000000e+01,3.180780825367308218e+00
1.002000571591883471e+01,3.736130894863888940e+00
1.004001143183766764e+01,3.306518108264670630e+00
1.006001714775650235e+01,3.582305037541341886e+00
1.008002286367533529e+01,3.614622871411905081e+00
1.010002857959417000e+01,3.839775682271054702e+00
1.012003429551300293e+01,3.336619647588630944e+00
1.014004001143183764e+01,3.469491518684503006e+00
1.016004572735067235e+01,3.464606935704859669e+00
1.018005144326950528e+01,3.117792216910860059e+00
1.020005715918833999e+01,3.930524993772151365e+00
1.022006287510717293e+01,2.936823908882648659e+00
1.024006859102600764e+01,3.642646281280865317e+00
1.026007430694484057e+01,3.111920559110727513e+00
1.028008002286367528e+01,3.137365596208022023e+00
1.030008573878250999e+01,4.097149550775895932e+00
1.032009145470134293e+01,3.038096234877718516e+00
1.034009717062017764e+01,3.485541190917119891e+00
1.036010288653901057e+01,3.256149966093550230e+00
1.038010860245784528e+01,3.610104515222491095e+00
1.040011431837667999e+01,3.520419770470703646e+00
1.042012003429551292e+01,3.635975640635487061e+00
1.044012575021434763e+01,3.816434326210023542e+00
1.046013146613318057e+01,3.880784138205446432e+00
1.048013718205201528e+01,3.348627189630489109e+00
1.050014289797084821e+01,4.255590648745926963e+00
1.052014861388968292e+01,3.303224636187158669e+00
1.054015432980851585e+01,2.881450770501009284e+00
1.056016004572735056e+01,3.642109120439280368e+00
1.058016576164618527e+01,4.089566113274940129e+00
1.060017147756501821e+01,2.882680872122289628e+00
1.062017719348385292e+01,3.353019173404426567e+00
1.064018290940268585e+01,4.097095192565081589e+00
1.066018862532152056e+01,3.740129338488175748e+00
1.068019434124035527e+01,2.760283003730572116e+00
1.070020005715918820e+01,3.112638266757159933e+00
1.072020577307802292e+01,3.043294189686088114e+00
1.074021148899685585e+01,3.531776444938504067e+00
1.076021720491569056e+01,3.450947411282442090e+00
1.078022292083452349e+01,2.840445514496890311e+00
1.080022863675335820e+01,4.138029824361845854e+00
1.082023435267219291e+01,3.838513833500933892e+00
1.084024006859102585e+01,2.948955394115939654e+00
1.086024578450986056e+01,2.922474174937691682e+00
1.088025150042869349e+01,3.843903829535225469e+00
1.090025721634752820e+01,4.106676263061882715e+00
1.092026293226636113e+01,2.701215471732025364e+00
1.094026864818519584e+01,3.579609493589889890e+00
1.096027436410403055e+01,3.896331669959602007e+00
1.098028008002286349e+01,4.136466071857038074e+00
1.100028579594169820e+01,3.229627407943865158e+00
1.102029151186053113e+01,3.390535694603311612e+00
1.104029722777936584e+01,3.956287141335570468e+00
1.106030294369819877e+01,3.549188272081099438e+00
1.108030865961703348e+01,2.804505426182481109e+00
1.110031437553586819e+01,4.299370704442541324e+00
1.112032009145470113e+01,3.905061015498829224e+00
1.114032580737353584e+01,3.458241863796231996e+00
1.116033152329236877e+01,3.681332022625313449e+00
1.118033723921120348e+01,2.927423964758016695e+00
1.120034295513003642e+01,4.291986483336500235e+00
1.122034867104887113e+01,3.382245179260937817e+00
1.124035438696770584e+01,4.054977606516612987e+00
1.126036010288653877e+01,3.891065330600152805e+00
1.128036581880537348e+01,3.473585474523956496e+00
1.130037153472420641e+01,3.854299140992265116e+00
1.132037725064304112e+01,3.743105880874828983e+00
1.134038296656187583e+01,3.517578602796529008e+00
1.136038868248070877e+01,3.509184190030121275e+00
1.138039439839954348e+01,3.326922850910992491e+00
1.140040011431837641e+01,3.301443859700712746e+00
1.142040583023721112e+01,3.101922050524573038e+00
1.144041154615604405e+01,3.643885481882098709e+00
1.146041726207487876e+01,4.046410372287148505e+00
1.148042297799371170e+01,3.938206999656509666e+00
1.150042869391254641e+01,3.570240744874774386e+00
1.152043440983138112e+01,4.030886594887411079e+00
1.154044012575021405e+01,4.106009629202473477e+00
1.156044584166904876e+01,3.819211202252558390e+00
1.158045155758788169e+01,4.635262023155267919e+00
1.160045727350671640e+01,4.172286286516703413e+00
1.162046298942555111e+01,3.562765491248387484e+00
1.164046870534438405e+01,4.393919438107977804e+00
1.166047442126321876e+01,3.971672184047268850e+00
1.168048013718205169e+01,3.416602505177613658e+00
1.170048585310088640e+01,4.210485135385013677e+00
1.172049156901971934e+01,3.194208996125198929e+00
1.174049728493855405e+01,4.559690357489985857e+00
1.176050300085738698e+01,3.976417180434768994e+00
1.178050871677622169e+01,4.358027065216776741e+00
1.180051443269505640e+01,4.505733597881762087e+00
1.182052014861388933e+01,3.815111779339053211e+00
1.184052586453272404e+01,4.451732778161113124e+00
1.186053158045155698e+01,4.630366237463992896e+00
1.188053729637039169e+01,4.591617091605425749e+00
1.190054301228922640e+01,4.637671818598801288e+00
1.192054872820805933e+01,4.778399491905488183e+00
1.194055444412689404e+01,3.603399968580706769e+00
1.196056016004572697e+01,4.287594115730101407e+00
1.198056587596456168e+01,3.773938938969236823e+00
1.200057159188339639e+01,4.164042719836905881e+00
1.202057730780222933e+01,4.592003189617328118e+00
1.204058302372106226e+01,4.300984435375323045e+00
1.206058873963989697e+01,4.442394973149298210e+00
1.208059445555873168e+01,4.470041218465963695e+00
1.210060017147756461e+01,3.857499161799336829e+00
1.212060588739639932e+01,3.830644869451860224e+00
1.214061160331523226e+01,4.859949297011103120e+00
1.216061731923406697e+01,4.482454816846074053e+00
1.218062303515290168e+01,4.743689661396016888e+00
1.220062875107173461e+01,4.909656739505162903e+00
1.222063446699056932e+01,4.773857471449121981e+00
1.224064018290940226e+01,5.065664461337103575e+00
1.226064589882823697e+01,5.027687479580164265e+00
1.228065161474707168e+01,5.332889891260716553e+00
1.230065733066590461e+01,5.513837176501002801e+00
1.232066304658473754e+01,4.540755712596755700e+00
1.234066876250357225e+01,4.843780005984085868e+00
1.236067447842240696e+01,5.283935522290908793e+00
1.238068019434123990e+01,5.062515103517162274e+00
1.240068591026007461e+01,4.927114267770054568e+00
1.242069162617890754e+01,5.104801045430998663e+00
1.244069734209774225e+01,4.975407717415082587e+00
1.246070305801657696e+01,4.889114315462629534e+00
1.248070877393540989e+01,5.154233151515688505e+00
1.250071448985424460e+01,5.276318878338592810e+00
1.252072020577307754e+01,5.302935542779900757e+00
1.254072592169191225e+01,5.724990320749158812e+00
1.256073163761074696e+01,4.564776032603084843e+00
1.258073735352957989e+01,5.569168284404398150e+00
1.260074306944841460e+01,4.849770167155316614e+00
1.262074878536724754e+01,5.080842907656851537e+00
1.264075450128608225e+01,5.257927607089816213e+00
1.266076021720491518e+01,5.887577416758210447e+00
1.268076593312374989e+01,5.268622058453678036e+00
1.270077164904258282e+01,4.729917011132839022e+00
1.272077736496141753e+01,6.287493714183902682e+00
1.274078308088025224e+01,5.598701312705682831e+00
1.276078879679908518e+01,5.581828351700830027e+00
1.278079451271791989e+01,5.886627087154117532e+00
1.280080022863675282e+01,6.396530194728727636e+00
1.282080594455558753e+01,5.250549596640562200e+00
1.284081166047442224e+01,5.922322101773189296e+00
1.286081737639325517e+01,6.599507749458458861e+00
1.288082309231208988e+01,6.608006215038395581e+00
1.290082880823092282e+01,5.894367040699298066e+00
1.292083452414975753e+01,5.806288195466997593e+00
1.294084024006859224e+01,6.119546513320278436e+00
1.296084595598742517e+01,5.966421403175877103e+00
1.298085167190625810e+01,6.280666946982121246e+00
1.300085738782509281e+01,6.838950260531079017e+00
1.302086310374392752e+01,6.294994108964774959e+00
1.304086881966276046e+01,6.264283836695670793e+00
1.306087453558159517e+01,6.956261175139864861e+00
1.308088025150042810e+01,6.157122133095827898e+00
1.310088596741926281e+01,5.911634668887820965e+00
1.312089168333809752e+01,6.956110102111098037e+00
1.314089739925693046e+01,6.106945244068723966e+00
1.316090311517576517e+01,6.318322433426162732e+00
1.318090883109459810e+01,6.806314352618549002e+00
1.320091454701343281e+01,6.844696141201000117e+00
1.322092026293226752e+01,6.547488898932163792e+00
1.324092597885110045e+01,7.136900397590484779e+00
1.326093169476993339e+01,6.731052091277373250e+00
1.328093741068876810e+01,6.019716537359059316e+00
1.330094312660760281e+01,6.048964987370086810e+00
1.332094884252643574e+01,5.470710885595599038e+00
1.334095455844527045e+01,6.553799995938305756e+00
1.336096027436410338e+01,5.618276892249797427e+00
1.338096599028293809e+01,6.229794535113041043e+00
1.340097170620177280e+01,5.792470641069328963e+00
1.342097742212060574e+01,5.800489598578425721e+00
1.344098313803944045e+01,5.448576881128484928e+00
1.346098885395827338e+01,5.302402523674263790e+00
1.348099456987710809e+01,5.939944081556392419e+00
1.350100028579594280e+01,5.041675843171125493e+00
1.352100600171477573e+01,5.315963807638402372e+00
1.354101171763361044e+01,4.188475748021955880e+00
1.356101743355244338e+01,4.773906684239416442e+00
1.358102314947127809e+01,4.938540503983235297e+00
1.360102886539011102e+01,4.821838888517479660e+00
1.362103458130894573e+01,4.087982960325943438e+00
1.364104029722777867e+01,3.755077043864152309e+00
1.366104601314661338e+01,4.411378632371063979e+00
1.368105172906544809e+01,3.869039024735643650e+00
1.370105744498428102e+01,4.141324445490581319e+00
1.372106316090311573e+01,3.091040945424076369e+00
1.374106887682194866e+01,3.384884762481102705e+00
1.376107459274078337e+01,4.555086734616685895e+00
1.378108030865961808e+01,2.828515051061232910e+00
1.380108602457845102e+01,3.900394027676433062e+00
1.382109174049728573e+01,3.551963132267073497e+00
1.384109745641611866e+01,4.028665728173034033e+00
1.386110317233495337e+01,4.075311847852426617e+00
1.388110888825378808e+01,3.939505447972764252e+00
1.390111460417262101e+01,3.700321561580560026e+00
1.392112032009145395e+01,4.254675416893695328e+00
1.394112603601028866e+01,3.843980942577757354e+00
1.396113175192912337e+01,3.781559976111553478e+00
1.398113746784795630e+01,3.441957583304709800e+00
1.400114318376679101e+01,3.308371275412531176e+00
1.402114889968562395e+01,2.893212362265346282e+00
1.404115461560445866e+01,2.730795395007404203e+00
1.406116033152329337e+01,2.896804412563943387e+00
1.408116604744212630e+01,2.838957949968715866e+00
1.410117176336095923e+01,4.314296987869777666e+00
1.412117747927979394e+01,4.353142346470651347e+00
1.414118319519862865e+01,3.589806068253966309e+00
1.416118891111746336e+01,3.313323964573396285e+00
1.418119462703629630e+01,3.329763950564121444e+00
1.420120034295512923e+01,2.867493540562144005e+00
1.422120605887396394e+01,3.615473010538732268e+00
1.424121177479279865e+01,3.789613783009337933e+00
1.426121749071163336e+01,3.687598231475328170e+00
1.428122320663046629e+01,3.537953446739010133e+00
1.430122892254929923e+01,4.217397616070424959e+00
1.432123463846813394e+01,3.482601054716512046e+00
1.434124035438696865e+01,2.936534742917459528e+00
1.436124607030580158e+01,4.089324134461479687e+00
1.438125178622463629e+01,3.306408375502253527e+00
1.440125750214346922e+01,3.030676551097524207e+00
1.442126321806230393e+01,3.633037138540391453e+00
1.444126893398113864e+01,3.649024095506404386e+00
1.446127464989997158e+01,3.586518047754010396e+00
1.448128036581880451e+01,3.676245282016955329e+00
1.450128608173763922e+01,3.982435238176748271e+00
1.452129179765647393e+01,4.041670310287881485e+00
1.454129751357530864e+01,3.318098630939157356e+00
1.456130322949414158e+01,3.384743820053942365e+00
1.458130894541297451e+01,3.120118102939285265e+00
1.460131466133180922e+01,3.016038431761304039e+00
1.462132037725064393e+01,3.214226832341727569e+00
1.464132609316947686e+01,2.618632183426216287e+00
1.466133180908831157e+01,3.374571243259500086e+00
1.468133752500714451e+01,2.745633211511501859e+00
1.470134324092597922e+01,3.634259320388861347e+00
1.472134895684481393e+01,2.939567321321598481e+00
1.474135467276364686e+01,3.135741579078600072e+00
1.476136038868247979e+01,3.110785076812271122e+00
1.478136610460131450e+01,4.029085620553369829e+00
1.480137182052014921e+01,3.275768554250052311e+00
1.482137753643898392e+01,3.780712229177583872e+00
1.484138325235781686e+01,3.228457731227382332e+00
1.486138896827664979e+01,3.686131685763299526e+00
1.488139468419548450e+01,3.412240078923499453e+00
1.490140040011431921e+01,3.427580381176916990e+00
1.492140611603315392e+01,2.782209587826815600e+00
1.494141183195198685e+01,3.400374036350994444e+00
1.496141754787081979e+01,3.705060285823324584e+00
1.498142326378965450e+01,3.750910028856257572e+00
1.500142897970848921e+01,3.851066766483118631e+00
1.502143469562732214e+01,3.372141105304909736e+00
1.504144041154615508e+01,3.636673066194819892e+00
1.506144612746498979e+01,3.357456517780339489e+00
1.508145184338382450e+01,3.568993967909361853e+00
1.510145755930265921e+01,4.376060293886897767e+00
1.512146327522149214e+01,3.231287178132751681e+00
1.514146899114032507e+01,3.292443652677762955e+00
1.516147470705915978e+01,3.106727251791410627e+00
1.518148042297799449e+01,2.705351558446385418e+00
1.520148613889682920e+01,4.047002107987664132e+00
1.522149185481566214e+01,3.585226857152602697e+00
1.524149757073449507e+01,3.537186697513721167e+00
1.526150328665332978e+01,3.618844517205785927e+00
1.528150900257216449e+01,3.706186791676829628e+00
1.530151471849099742e+01,3.015295745004796579e+00
1.532152043440983036e+01,3.487486646109953625e+00
1.534152615032866507e+01,3.253387771042794085e+00
1.536153186624749978e+01,3.662452085875617325e+00
1.538153758216633449e+01,2.688544157525931677e+00
1.540154329808516742e+01,4.127549977768856238e+00
1.542154901400400036e+01,3.437315404434773125e+00
1.544155472992283507e+01,3.043723158163522235e+00
1.546156044584166978e+01,3.213869876001892667e+00
1.548156616176050449e+01,2.864944123020061184e+00
1.550157187767933742e+01,2.988755898983811221e+00
1.552157759359817035e+01,3.417652453522462164e+00
1.554158330951700506e+01,4.089392427592519752e+00
1.556158902543583977e+01,4.123869084925142481e+00
1.558159474135467271e+01,3.602103686465152776e+00
1.560160045727350742e+01,3.038420116776512803e+00
1.562160617319234035e+01,2.835927161647035177e+00
1.564161188911117506e+01,3.238173368071443292e+00
1.566161760503000977e+01,3.452013028494318903e+00
1.568162332094884270e+01,3.551261230336546504e+00
1.570162903686767564e+01,3.125285179085639520e+00
1.572163475278651035e+01,3.232512772629912767e+00
1.574164046870534506e+01,3.704395811094030044e+00
1.576164618462417977e+01,3.231237947693977652e+00
1.578165190054301270e+01,3.762201788348169984e+00
1.580165761646184563e+01,3.151112294132921043e+00
1.582166333238068034e+01,3.468979515679555092e+00
1.584166904829951505e+01,3.269877001035118358e+00
1.586167476421834799e+01,4.196443275714396570e+00
1.588168048013718270e+01,3.403256764129967582e+00
1.590168619605601563e+01,3.789839852586074809e+00
1.592169191197485034e+01,3.507753098952741233e+00
1.594169762789368505e+01,3.748729300184840518e+00
1.596170334381251799e+01,2.731808951018158460e+00
1.598170905973135092e+01,3.584332386854437225e+00
1.600171477565018563e+01,3.761274545042628148e+00
1.602172049156902034e+01,2.735087686838607368e+00
1.604172620748785505e+01,3.103935073973495218e+00
1.606173192340668976e+01,3.326450848734106458e+00
1.608173763932552092e+01,2.770727117342014267e+00
1.610174335524435563e+01,2.678998811586033035e+00
1.612174907116319034e+01,3.409775559845667381e+00
1.614175478708202505e+01,3.176194955580824875e+00
1.616176050300085620e+01,4.059672465091628268e+00
1.618176621891969091e+01,3.039610924988245699e+00
1.620177193483852562e+01,4.179552948043602001e+00
1.622177765075736033e+01,3.410186211218250385e+00
1.624178336667619504e+01,3.957467731846161296e+00
1.626178908259502620e+01,3.651379143589626786e+00
1.628179479851386091e+01,2.988496317848258421e+00
1.630180051443269562e+01,3.622519933050009300e+00
1.632180623035153033e+01,3.925070737744503546e+00
1.634181194627036149e+01,3.646521443360618342e+00
1.636181766218919620e+01,2.897333359252415086e+00
1.638182337810803091e+01,3.067380165720831720e+00
1.640182909402686562e+01,3.669047160235987981e+00
1.642183480994570033e+01,3.400359416085303899e+00
1.644184052586453504e+01,4.141236611267955503e+00
1.646184624178336620e+01,3.570971483040822569e+00
1.648185195770220091e+01,3.781615136701546476e+00
1.650185767362103562e+01,2.847474656517970271e+00
1.652186338953986677e+01,3.801411213409508605e+00
1.654186910545870148e+01,4.173912804951132927e+00
1.656187482137753619e+01,3.911266045047484763e+00
1.658188053729637090e+01,2.807275255637886602e+00
1.660188625321520561e+01,2.735116207653441656e+00
1.662189196913404032e+01,3.748795899122542075e+00
1.664189768505287148e+01,3.252556916998249115e+00
1.666190340097170619e+01,2.992806423165537133e+00
1.668190911689054090e+01,3.360229095384095643e+00
1.670191483280937561e+01,3.958951092038974995e+00
1.672192054872820677e+01,4.287968854556879705e+00
1.674192626464704148e+01,3.937077508790617575e+00
1.676193198056587619e+01,2.937378115901752906e+00
1.678193769648471090e+01,3.384615016815131217e+00
1.680194341240354561e+01,3.434259810915373912e+00
1.682194912832238032e+01,3.207609003181690177e+00
1.684195484424121148e+01,3.894691399376679186e+00
1.686196056016004619e+01,3.488340813904537985e+00
1.688196627607888090e+01,3.870657760745543463e+00
1.690197199199771205e+01,3.873484948495466540e+00
1.692197770791654676e+01,3.169475615712181948e+00
1.694198342383538147e+01,3.479717175054370504e+00
1.696198913975421618e+01,3.634615355335182763e+00
1.698199485567305089e+01,2.935120112196408559e+00
1.700200057159188560e+01,3.356831392091152999e+00
1.702200628751071676e+01,3.040669084996323157e+00
1.704201200342955147e+01,3.844816913938038816e+00
1.706201771934838618e+01,3.734020104059355027e+00
1.708202343526722089e+01,3.534354100799070864e+00
1.710202915118605205e+01,3.606557401246560879e+00
1.712203486710488676e+01,2.668705033417799299e+00
1.714204058302372147e+01,3.272408865359578645e+00
1.716204629894255618e+01,3.060325106962720199e+00
1.718205201486139089e+01,3.473562586417878961e+00
1.720205773078022204e+01,4.382793381667473120e+00
1.722206344669905675e+01,3.359799213593615441e+00
1.724206916261789146e+01,2.761733313718428118e+00
1.726207487853672617e+01,3.874143220135469967e+00
1.728208059445555733e+01,3.573286312725672431e+00
1.730208631037439204e+01,3.478955422082216309e+00
1.732209202629322675e+01,3.783674607353030517e+00
1.734209774221206146e+01,3.684606467934670171e+00
1.736210345813089617e+01,3.389303182735626141e+00
1.738210917404973088e+01,3.380346531943501986e+00
1.740211488996856204e+01,3.318438760024948309e+00
1.742212060588739675e+01,3.857936788879373857e+00
1.744212632180623146e+01,3.529728014438871408e+00
1.746213203772506262e+01,3.605175498353178298e+00
1.748213775364389733e+01,3.346124285189088443e+00
1.750214346956273204e+01,4.121641183580257994e+00
1.752214918548156675e+01,3.856219498963734615e+00
1.754215490140040146e+01,3.258085849845504534e+00
1.756216061731923617e+01,3.241607387964579701e+00
1.758216633323806732e+01,3.752523246846194205e+00
1.760217204915690203e+01,4.187208572658370542e+00
1.762217776507573674e+01,4.256456070654666135e+00
1.764218348099457145e+01,4.081286973322129974e+00
1.766218919691340261e+01,4.080704293550948769e+00
1.768219491283223732e+01,3.750945935657324259e+00
1.770220062875107203e+01,4.656952689382335642e+00
1.772220634466990674e+01,3.849385355444416845e+00
1.774221206058874145e+01,3.342023546032654835e+00
1.776221777650757616e+01,4.049650759654110033e+00
1.778222349242640732e+01,3.263424536770126672e+00
1.780222920834524203e+01,3.690370932294342765e+00
1.782223492426407674e+01,4.374283499580943868e+00
1.784224064018290790e+01,3.181835025999926181e+00
1.786224635610174261e+01,3.805240152812407572e+00
1.788225207202057732e+01,4.786166734964043989e+00
1.790225778793941203e+01,3.804202364806807068e+00
1.792226350385824674e+01,4.049080991055955536e+00
1.794226921977708145e+01,3.978569785567220407e+00
1.796227493569591260e+01,4.398163508565339441e+00
1.798228065161474731e+01,3.829317591454382441e+00
1.800228636753358202e+01,4.631443809015646451e+00
1.802229208345241318e+01,3.666903315866254953e+00
1.804229779937124789e+01,3.977299764538512861e+00
1.806230351529008260e+01,4.758848687201030714e+00
1.808230923120891731e+01,4.669490690383828913e+00
1.810231494712775202e+01,4.782230912148127899e+00
1.812232066304658673e+01,4.244542421407632382e+00
1.814232637896542144e+01,3.950529855292348458e+00
1.816233209488425260e+01,4.152579593999281116e+00
1.818233781080308731e+01,4.423504787920990111e+00
1.820234352672191847e+01,5.441425165731650360e+00
1.822234924264075318e+01,4.916709499861424248e+00
1.824235495855958789e+01,5.010275988319655482e+00
1.826236067447842260e+01,5.228655853902504091e+00
1.828236639039725731e+01,5.027533005438206359e+00
1.830237210631609202e+01,6.136147943821876893e+00
1.832237782223492673e+01,5.546841332566226690e+00
1.834238353815375788e+01,5.533532274663182093e+00
1.836238925407259259e+01,4.906435402183652705e+00
1.838239496999142730e+01,6.179520202108552240e+00
1.840240068591025846e+01,5.968029752817690436e+00
1.842240640182909317e+01,5.474147700844086195e+00
1.844241211774792788e+01,5.843229897050643551e+00
1.846241783366676259e+01,5.486012886208524009e+00
1.848242354958559730e+01,6.113125952058743096e+00
1.850242926550443201e+01,6.468449864639538305e+00
1.852243498142326672e+01,5.879175865822259262e+00
1.854244069734209788e+01,6.613773833694750692e+00
1.856244641326093259e+01,7.163960153719346025e+00
1.858245212917976374e+01,7.337274306832552107e+00
1.860245784509859845e+01,7.188756763914404324e+00
1.862246356101743316e+01,7.498780450709590539e+00
1.864246927693626787e+01,7.457542876615110394e+00
1.866247499285510258e+01,7.616516266187733919e+00
1.868248070877393729e+01,8.158306381380223016e+00
1.870248642469277200e+01,7.689202496189095015e+00
1.872249214061160316e+01,7.481479767077759746e+00
1.874249785653043787e+01,8.058712963436409638e+00
1.876250357244927258e+01,8.499938948426665419e+00
1.878250928836810374e+01,8.323578837977446909e+00
1.880251500428693845e+01,7.875785041533129416e+00
1.882252072020577316e+01,9.264373345884127531e+00
1.884252643612460787e+01,9.738792792407396703e+00
1.886253215204344258e+01,9.103109252508643223e+00
1.888253786796227729e+01,9.456009119051040912e+00
1.890254358388111200e+01,9.093054497493881172e+00
1.892254929979994316e+01,1.053372370872618369e+01
1.894255501571877787e+01,9.922180994482705074e+00
1.896256073163760902e+01,1.092680388997534280e+01
1.898256644755644373e+01,1.092034390919082831e+01
1.900257216347527844e+01,1.093756330753178219e+01
1.902257787939411315e+01,1.153495927477587557e+01
1.904258359531294786e+01,1.151898918996713128e+01
1.906258931123178257e+01,1.156003433977453909e+01
1.908259502715061728e+01,1.198765603253273859e+01
1.910260074306944844e+01,1.241223686408941340e+01
1.912260645898828315e+01,1.253998973005784023e+01
1.914261217490711431e+01,1.288963213258533536e+01
1.916261789082594902e+01,1.305432466566753291e+01
1.918262360674478373e+01,1.385689688433691913e+01
1.920262932266361844e+01,1.353405835690487358e+01
1.922263503858245315e+01,1.343003056334342915e+01
1.924264075450128786e+01,1.374892360327377716e+01
1.926264647042012257e+01,1.318100094276152845e+01
1.928265218633895373e+01,1.354559936544689158e+01
1.930265790225778844e+01,1.301973825556549791e+01
1.932266361817662315e+01,1.340983416041017406e+01
1.934266933409545430e+01,1.293528021571884068e+01
1.936267505001428901e+01,1.298399424626501997e+01
1.938268076593312372e+01,1.264976606165508066e+01
1.940268648185195843e+01,1.245469821038253322e+01
1.942269219777079314e+01,1.155001195851123441e+01
1.944269791368962785e+01,1.068838900242837298e+01
1.946270362960846256e+01,1.038753751287301519e+01
1.948270934552729372e+01,1.041289199044375557e+01
1.950271506144612843e+01,1.012093327083852401e+01
1.952272077736495959e+01,9.606603650056495525e+00
1.954272649328379430e+01,8.675864038913209342e+00
1.956273220920262901e+01,7.593373469760217986e+00
1.958273792512146372e+01,7.768355509000020476e+00
1.960274364104029843e+01,7.102451988177941544e+00
1.962274935695913314e+01,7.199801586273390619e+00
1.964275507287796785e+01,6.973543661554092665e+00
1.966276078879679901e+01,6.492145788921863669e+00
1.968276650471563372e+01,6.087326554098469344e+00
1.970277222063446487e+01,5.334602071941356272e+00
1.972277793655329958e+01,5.844431688012540427e+00
1.974278365247213429e+01,6.396598691451151453e+00
1.976278936839096900e+01,5.780116224138039271e+00
1.978279508430980371e+01,5.531915351911464995e+00
1.980280080022863842e+01,5.537058137458014784e+00
1.982280651614747313e+01,5.493855367438181148e+00
1.984281223206630784e+01,5.371602292245367671e+00
1.986281794798513900e+01,6.034892643161801296e+00
1.988282366390397371e+01,6.144540428073177019e+00
1.990282937982280487e+01,5.042505033221040378e+00
1.992283509574163958e+01,5.990559669877329796e+00
1.994284081166047429e+01,5.838146085423637999e+00
1.996284652757930900e+01,6.362311487372894092e+00
1.998285224349814371e+01,5.663677116412856094e+00
2.000285795941697842e+01,5.270910781507764042e+00
2.002286367533581313e+01,5.705940229522283857e+00
2.004286939125464428e+01,5.859777390146988729e+00
2.006287510717347899e+01,6.332615654697317353e+00
2.008288082309231015e+01,5.477042926430000236e+00
2.010288653901114486e+01,5.749340045649249831e+00
2.012289225492997957e+01,5.821526471961907312e+00
2.014289797084881428e+01,5.497401873605019418e+00
2.016290368676764899e+01,5.916050309404591978e+00
2.018290940268648370e+01,4.815039067165448827e+00
2.020291511860531841e+01,4.754242169808977181e+00
2.022292083452414957e+01,5.453505135053098307e+00
2.024292655044298428e+01,5.274469316552732323e+00
2.026293226636181899e+01,5.869394208596772522e+00
2.028293798228065015e+01,6.203691966648001710e+00
2.030294369819948486e+01,5.810617372489815580e+00
2.032294941411831957e+01,4.312917789105068067e+00
2.034295513003715428e+01,4.935661102304676362e+00
2.036296084595598899e+01,4.884727468720746479e+00
2.038296656187482370e+01,5.168227284448566827e+00
2.040297227779365841e+01,4.993404235990364981e+00
2.042297799371248956e+01,5.129011803809818915e+00
2.044298370963132427e+01,4.849973554870206982e+00
2.046298942555015543e+01,5.215847071138292712e+00
2.048299514146899014e+01,4.523390769277318313e+00
2.050300085738782485e+01,5.299754791143657329e+00
2.052300657330665956e+01,5.076713041277271188e+00
2.054301228922549427e+01,4.722750913901125891e+00
2.056301800514432898e+01,4.574930166650415408e+00
2.058302372106316369e+01,4.865767984701111715e+00
2.060302943698199485e+01,4.492045560958669803e+00
2.062303515290082956e+01,4.357966492529395275e+00
2.064304086881966072e+01,4.778401677868375330e+00
2.066304658473849543e+01,4.576157448871232880e+00
2.068305230065733014e+01,4.663086095706826306e+00
2.070305801657616485e+01,4.736466261347834994e+00
2.072306373249499956e+01,4.336265272290324546e+00
2.074306944841383427e+01,3.880044311326770412e+00
2.076307516433266898e+01,4.494967746654173979e+00
2.078308088025150369e+01,4.868825847150307418e+00
2.080308659617033484e+01,4.751261247526493925e+00
2.082309231208916955e+01,5.170989868236182119e+00
2.084309802800800071e+01,4.619019212217529535e+00
2.086310374392683542e+01,4.845608238236727594e+00
2.088310945984567013e+01,4.565794949133941572e+00
2.090311517576450484e+01,4.307568508186149003e+00
2.092312089168333955e+01,4.435575720793665688e+00
2.094312660760217426e+01,4.976262148055170087e+00
2.096313232352100897e+01,4.943428640526764895e+00
2.098313803943984013e+01,4.991306747958356382e+00
2.100314375535867484e+01,4.775573949391325179e+00
2.102314947127750600e+01,4.508098292335967372e+00
2.104315518719634071e+01,5.201248131518926066e+00
2.106316090311517542e+01,4.561657420529551921e+00
2.108316661903401013e+01,4.821868356502639230e+00
2.110317233495284484e+01,5.427857906219585082e+00
2.112317805087167955e+01,4.881586958804765786e+00
2.114318376679051426e+01,5.175496844213903103e+00
2.116318948270934541e+01,5.864311004829518836e+00
2.118319519862818012e+01,5.331325110289348856e+00
2.120320091454701483e+01,5.620062371836175075e+00
2.122320663046584599e+01,4.776150044590912636e+00
2.124321234638468070e+01,5.927006605667406447e+00
2.126321806230351541e+01,5.684882065770598736e+00
2.128322377822235012e+01,4.882370081946023177e+00
2.130322949414118483e+01,5.142774832359113368e+00
2.132323521006001954e+01,5.289760171205051265e+00
2.134324092597885425e+01,6.054300618103383158e+00
2.136324664189768541e+01,5.925845314272361719e+00
2.138325235781652012e+01,5.117885132452267172e+00
2.140325807373535127e+01,4.990610027796698489e+00
2.142326378965418598e+01,5.168800574886152077e+00
2.144326950557302069e+01,5.874044747195439342e+00
2.146327522149185540e+01,4.914458546270027206e+00
2.148328093741069011e+01,4.809038659380574288e+00
2.150328665332952482e+01,4.943371122404633056e+00
2.152329236924835953e+01,5.937413303892235206e+00
2.154329808516719069e+01,5.189936659955760589e+00
2.156330380108602540e+01,4.790435124783220644e+00
2.158330951700485656e+01,4.700568340499596154e+00
2.160331523292369127e+01,4.536950744382453493e+00
2.162332094884252598e+01,3.852548691204644271e+00
2.164332666476136069e+01,3.967992743563030444e+00
2.166333238068019540e+01,4.812227652801238875e+00
2.168333809659903011e+01,4.151708397359120895e+00
2.170334381251786482e+01,4.718095488082887812e+00
2.172334952843669598e+01,4.093205522055971102e+00
2.174335524435553069e+01,4.762041560661565143e+00
2.176336096027436540e+01,3.616817455236662315e+00
2.178336667619319655e+01,4.497271705234404671e+00
2.180337239211203126e+01,4.458527626665093280e+00
2.182337810803086597e+01,4.456327159951543493e+00
2.184338382394970068e+01,4.489841402133010639e+00
2.186338953986853539e+01,4.439711369086435155e+00
2.188339525578737010e+01,4.227460507369310783e+00
2.190340097170620481e+01,3.646973311432679221e+00
2.192340668762503597e+01,3.764055266793149723e+00
2.194341240354387068e+01,4.409617945334179723e+00
2.196341811946270184e+01,4.977314956448369188e+00
2.198342383538153655e+01,3.564961376050742814e+00
2.200342955130037126e+01,4.262873743655560155e+00
2.202343526721920597e+01,4.674702104848380557e+00
2.204344098313804068e+01,3.879545979503095321e+00
2.206344669905687539e+01,3.623417042709255576e+00
2.208345241497571010e+01,4.159040334340389222e+00
2.210345813089454126e+01,4.767405963977283001e+00
2.212346384681337597e+01,4.980267933561563609e+00
2.214346956273221068e+01,4.473722018176397697e+00
2.216347527865104183e+01,3.626180700501959286e+00
2.218348099456987654e+01,4.829029570330848564e+00
2.220348671048871125e+01,4.700739196611442239e+00
2.222349242640754596e+01,3.862071331878117242e+00
2.224349814232638067e+01,5.407880390950130511e+00
2.226350385824521538e+01,5.185063252831612957e+00
2.228350957416405009e+01,5.059472075681466841e+00
2.230351529008288125e+01,4.357289229422886656e+00
2.232352100600171596e+01,4.900133307814181549e+00
2.234352672192054712e+01,5.342638369108733798e+00
2.236353243783938183e+01,4.827603702012977394e+00
2.238353815375821654e+01,4.920975853312624437e+00
2.240354386967705125e+01,4.666359306748865343e+00
2.242354958559588596e+01,4.461046875120979749e+00
2.244355530151472067e+01,5.459412244287765503e+00
2.246356101743355538e+01,4.431618838156246909e+00
2.248356673335238654e+01,5.046127591205694429e+00
2.250357244927122125e+01,5.591589344067432243e+00
2.252357816519005240e+01,5.151484163612579437e+00
2.254358388110888711e+01,5.596546766987693822e+00
2.256358959702772182e+01,5.074609546731178256e+00
2.258359531294655653e+01,5.391301257329302210e+00
2.260360102886539124e+01,5.363520535970218717e+00
2.262360674478422595e+01,4.505201251842502863e+00
2.264361246070306066e+01,4.690585997491525383e+00
2.266361817662189182e+01,5.506232962250648733e+00
2.268362389254072653e+01,5.881625149601327429e+00
2.270362960845956124e+01,5.705508233152993824e+00
2.272363532437839240e+01,5.191584841377384407e+00
2.274364104029722711e+01,4.674966510026594690e+00
2.276364675621606182e+01,5.200621650976598787e+00
2.278365247213489653e+01,4.338403025855489759e+00
2.280365818805373124e+01,5.412103451593337056e+00
2.282366390397256595e+01,4.912223556534424773e+00
2.284366961989140066e+01,4.848512805968143269e+00
2.286367533581023181e+01,4.885001076981538404e+00
2.288368105172906652e+01,4.329976624753143710e+00
2.290368676764789768e+01,5.029611983341938597e+00
2.292369248356673239e+01,3.888691718977303147e+00
2.294369819948556710e+01,3.570395129212077912e+00
2.296370391540440181e+01,4.023243222458257939e+00
2.298370963132323652e+01,4.529864346543130971e+00
2.300371534724207123e+01,3.824218012871781980e+00
2.302372106316090594e+01,4.643201360036471215e+00
2.304372677907973710e+01,3.737622118973646046e+00
2.306373249499857181e+01,3.672646175901854271e+00
2.308373821091740652e+01,4.120752965410195756e+00
2.310374392683623768e+01,3.494281655382709850e+00
2.312374964275507239e+01,4.215115146754371267e+00
2.314375535867390710e+01,3.809757225369325262e+00
2.316376107459274181e+01,4.159009382833187551e+00
2.318376679051157652e+01,3.986281620175908369e+00
2.320377250643041123e+01,4.081860586958032222e+00
2.322377822234924594e+01,4.404031911644150199e+00
2.324378393826807709e+01,4.224009229437785784e+00
2.326378965418691180e+01,4.093015003885595249e+00
2.328379537010574296e+01,3.970496255674450303e+00
2.330380108602457767e+01,4.058976918337222628e+00
2.332380680194341238e+01,3.882032883898249853e+00
2.334381251786224709e+01,4.561126058044677301e+00
2.336381823378108180e+01,3.238881873859980942e+00
2.338382394969991651e+01,4.211456275014290540e+00
2.340382966561875122e+01,3.952574520151750370e+00
2.342383538153758238e+01,3.952380005092291260e+00
2.344384109745641709e+01,3.412821015320190110e+00
2.346384681337524825e+01,4.675389084527496131e+00
2.348385252929408296e+01,4.213305256165468471e+00
2.350385824521291767e+01,3.685034190073541716e+00
2.352386396113175238e+01,4.210216294651448976e+00
2.354386967705058709e+01,3.698684199162540764e+00
2.356387539296942180e+01,4.123641157566980908e+00
2.358388110888825651e+01,3.915317133451108766e+00
2.360388682480708766e+01,3.495443217513694911e+00
2.362389254072592237e+01,3.583740037467110007e+00
2.364389825664475708e+01,4.104535810703598742e+00
2.366390397256358824e+01,4.222399681977929475e+00
2.368390968848242295e+01,4.302028632372635109e+00
2.370391540440125766e+01,3.719232771005902549e+00
2.372392112032009237e+01,3.605769909762998715e+00
2.374392683623892708e+01,4.255033845929349745e+00
2.376393255215776179e+01,4.008137042792291105e+00
2.378393826807659650e+01,3.584270624653790982e+00
2.380394398399542766e+01,3.934915700933443894e+00
2.382394969991426237e+01,4.383777140772729730e+00
2.384395541583309353e+01,4.086302051655279044e+00
2.386396113175192824e+01,4.403909674575276156e+00
2.388396684767076295e+01,4.766235486294680967e+00
2.390397256358959766e+01,3.618423029504918897e+00
2.392397827950843237e+01,4.184802732753492904e+00
2.394398399542726708e+01,3.553181476682491180e+00
2.396398971134610179e+01,3.595912203375856819e+00
2.398399542726493294e+01,4.814947571719999431e+00
2.400400114318376765e+01,4.269675064793856833e+00
2.402400685910260236e+01,3.839167427685628020e+00
2.404401257502143352e+01,4.999376555059013683e+00
2.406401829094026823e+01,3.630599142871852258e+00
2.408402400685910294e+01,3.799247837351175328e+00
2.410402972277793765e+01,4.316529747118784677e+00
2.412403543869677236e+01,4.014908061822234586e+00
2.414404115461560707e+01,4.739170084981939368e+00
2.416404687053444178e+01,4.474119888835699221e+00
2.418405258645327294e+01,4.691772564714044691e+00
2.420405830237210765e+01,4.221251545494911994e+00
2.422406401829093880e+01,4.510839723025430459e+00
2.424406973420977351e+01,4.847357142926361107e+00
2.426407545012860822e+01,4.779436960000118972e+00
2.428408116604744293e+01,4.919486391901481959e+00
2.430408688196627764e+01,4.003487423786656230e+00
2.432409259788511235e+01,4.904539098431394351e+00
2.434409831380394706e+01,4.325891067046814698e+00
2.436410402972277822e+01,4.135030263303979936e+00
2.438410974564161293e+01,4.098413406866187714e+00
2.440411546156044409e+01,4.549823812023825020e+00
2.442412117747927880e+01,4.757739892313556318e+00
2.444412689339811351e+01,4.997376308052276173e+00
2.446413260931694822e+01,4.575445586183245261e+00
2.448413832523578293e+01,4.907200574822899952e+00
2.450414404115461764e+01,5.497836954530033182e+00
2.452414975707345235e+01,4.857092827116744616e+00
2.454415547299228351e+01,4.880923569541554485e+00
2.456416118891111822e+01,5.034745891635630244e+00
2.458416690482995293e+01,5.211442460293302048e+00
2.460417262074878408e+01,4.903105148740193542e+00
2.462417833666761879e+01,5.177249275809248985e+00
2.464418405258645350e+01,5.063226167986561777e+00
2.466418976850528821e+01,5.162367146231471082e+00
2.468419548442412292e+01,5.504490323141406627e+00
2.470420120034295763e+01,5.480848213697601778e+00
2.472420691626179234e+01,5.948218894032928361e+00
2.474421263218062350e+01,6.382344508092693047e+00
2.476421834809945821e+01,6.027824214915214363e+00
2.478422406401828937e+01,6.360819555904155820e+00
2.480422977993712408e+01,6.550583581794653831e+00
2.482423549585595879e+01,6.921186648996045854e+00
2.484424121177479350e+01,6.992931659409189038e+00
2.486424692769362821e+01,7.266853737686433057e+00
2.488425264361246292e+01,8.356988312916010742e+00
2.490425835953129763e+01,8.662060515760517276e+00
2.492426407545012879e+01,8.330707468600108356e+00
2.494426979136896350e+01,8.972525786806478720e+00
2.496427550728779821e+01,9.484228750785220541e+00
2.498428122320662936e+01,9.451928259289610779e+00
2.500428693912546407e+01,1.022969798048358925e+01
2.502429265504429878e+01,1.015937573608880307e+01
2.504429837096313349e+01,1.119196831923343893e+01
2.506430408688196820e+01,1.248340821816045043e+01
2.508430980280080291e+01,1.273845182470825144e+01
2.510431551871963762e+01,1.289929553151316277e+01
2.512432123463846878e+01,1.366634889617380466e+01
2.514432695055730349e+01,1.383494490024734702e+01
2.516433266647613465e+01,1.557499155951811964e+01
2.518433838239496936e+01,1.558661733703771901e+01
2.520434409831380407e+01,1.613121760772253310e+01
2.522434981423263878e+01,1.757799617227773226e+01
2.524435553015147349e+01,1.834958320869884218e+01
2.526436124607030820e+01,1.945503326572981706e+01
2.528436696198914291e+01,1.989102023869578417e+01
2.530437267790797407e+01,2.093024236535442384e+01
2.532437839382680878e+01,2.151729731008378366e+01
2.534438410974563993e+01,2.356710946584297517e+01
2.536438982566447464e+01,2.460019387229507615e+01
2.538439554158330935e+01,2.543583192959915351e+01
2.540440125750214406e+01,2.690118463440298058e+01
2.542440697342097877e+01,2.835603075190828903e+01
2.544441268933981348e+01,2.906861995243016139e+01
2.546441840525864819e+01,3.074267901337523412e+01
2.548442412117747935e+01,3.260057933832882071e+01
2.550442983709631406e+01,3.376411978564821226e+01
2.552443555301514877e+01,3.444930488173250183e+01
2.554444126893397993e+01,3.655118529557862672e+01
2.556444698485281464e+01,3.740054621330094164e+01
2.558445270077164935e+01,3.942545924448181438e+01
2.560445841669048406e+01,4.093186981954764292e+01
2.562446413260931877e+01,4.288064551187472517e+01
2.564446984852815348e+01,4.450338820360146030e+01
2.566447556444698819e+01,4.637772350754292461e+01
2.568448128036581934e+01,4.665403538936745065e+01
2.570448699628465405e+01,4.848894236069120467e+01
2.572449271220348521e+01,4.972422989055816345e+01
2.574449842812231992e+01,4.989403046175312539e+01
2.576450414404115463e+01,5.086153589095520999e+01
2.578450985995998934e+01,5.139355510501528812e+01
2.580451557587882405e+01,5.029300556054194260e+01
2.582452129179765876e+01,5.017631924856434722e+01
2.584452700771649347e+01,4.931869143172764325e+01
2.586453272363532463e+01,4.792547151460156840e+01
2.588453843955415934e+01,4.715444223904830068e+01
2.590454415547299405e+01,4.532129014953842727e+01
2.592454987139182521e+01,4.332445186671201043e+01
2.594455558731065992e+01,4.036088333585961863e+01
2.596456130322949463e+01,3.822726480515446923e+01
2.598456701914832934e+01,3.681685060885769900e+01
2.600457273506716405e+01,3.380676077448103456e+01
2.602457845098599520e+01,3.142704492165121621e+01
2.604458416690482991e+01,2.807522849721752323e+01
2.606458988282366462e+01,2.700017248378077994e+01
2.608459559874249933e+01,2.432636877608561932e+01
2.610460131466133404e+01,2.272972419819494405e+01
2.612460703058016520e+01,2.047172021430825239e+01
2.614461274649899991e+01,1.889868718527181102e+01
2.616461846241783462e+01,1.744442354302002585e+01
2.618462417833666933e+01,1.636813688482052953e+01
2.620462989425550404e+01,1.565404539924572447e+01
2.622463561017433520e+01,1.524854599932582744e+01
2.624464132609316991e+01,1.459355321669938732e+01
2.626464704201200462e+01,1.392433075400768416e+01
2.628465275793083933e+01,1.373217324438264342e+01
2.630465847384967049e+01,1.279262195871433327e+01
2.632466418976850520e+01,1.327894390644511979e+01
2.634466990568733991e+01,1.332379208931535075e+01
2.636467562160617462e+01,1.338006864240381333e+01
2.638468133752500933e+01,1.390060572966365271e+01
2.640468705344384048e+01,1.422468443405801253e+01
2.642469276936267519e+01,1.382666340489320511e+01
2.644469848528150990e+01,1.495955954489036444e+01
2.646470420120034461e+01,1.490415426114166308e+01
2.648470991711917932e+01,1.551340707653668538e+01
2.650471563303801048e+01,1.659404007707010464e+01
2.652472134895684519e+01,1.581897102541319278e+01
2.654472706487567990e+01,1.672474605879466836e+01
2.656473278079451461e+01,1.712865136323222259e+01
2.658473849671334932e+01,1.790919017611487618e+01
2.660474421263218048e+01,1.837975980058968517e+01
2.662474992855101519e+01,1.860229545361080383e+01
2.664475564446984990e+01,1.866972238550458840e+01
2.666476136038868461e+01,2.071896398481971957e+01
2.668476707630751577e+01,2.011967367065533452e+01
2.670477279222635048e+01,2.113836068234698473e+01
2.672477850814518519e+01,2.135277163420596835e+01
2.674478422406401990e+01,2.212036987114444031e+01
2.676478993998285461e+01,2.185351634526385567e+01
2.678479565590168576e+01,2.299148491966663954e+01
2.680480137182052047e+01,2.320132967081036668e+01
2.682480708773935518e+01,2.375623468866222510e+01
2.684481280365818989e+01,2.403010105955741338e+01
2.686481851957702460e+01,2.343520288697053999e+01
2.688482423549585576e+01,2.416523371509426354e+01
2.690482995141469047e+01,2.283157656407627911e+01
2.692483566733352518e+01,2.239794325371215677e+01
2.694484138325235989e+01,2.268087651853360143e+01
2.696484709917119105e+01,2.211742234646586169e+01
2.698485281509002576e+01,2.104949080940788164e+01
2.700485853100886047e+01,2.118779159626163988e+01
2.702486424692769518e+01,2.001451186724126075e+01
2.704486996284652989e+01,1.855873993054744986e+01
2.706487567876536104e+01,1.701301304932790970e+01
2.708488139468419575e+01,1.702468148320577157e+01
2.710488711060303046e+01,1.530553925622776390e+01
2.712489282652186517e+01,1.388448658343282105e+01
2.714489854244069988e+01,1.407459227658062773e+01
2.716490425835953104e+01,1.199303703474732075e+01
2.718490997427836575e+01,1.114515124286884529e+01
2.720491569019720046e+01,1.085115337740622543e+01
2.722492140611603517e+01,8.959400754106075837e+00
2.724492712203486633e+01,9.422070067587213771e+00
2.726493283795370104e+01,9.001169168767209072e+00
2.728493855387253575e+01,8.189953910031862350e+00
2.730494426979137046e+01,7.866983540168693168e+00
2.732494998571020517e+01,7.660488257367283893e+00
2.734495570162903633e+01,6.608782762831324931e+00
2.736496141754787104e+01,6.277841197295121134e+00
2.738496713346670575e+01,6.254733275772180079e+00
2.740497284938554046e+01,6.077743390127296585e+00
2.742497856530437517e+01,6.302304455145030460e+00
2.744498428122320632e+01,5.515095062590990693e+00
2.746498999714204103e+01,5.791698299687968010e+00
2.748499571306087574e+01,4.940485211264166843e+00
2.750500142897971045e+01,6.047713098429296608e+00
2.752500714489854516e+01,4.527593457777207675e+00
2.754501286081737632e+01,5.682125391562406591e+00
2.756501857673621103e+01,5.060591050733405538e+00
2.758502429265504574e+01,4.793660145434095021e+00
2.760503000857388045e+01,5.068067712458081964e+00
2.762503572449271161e+01,4.574713716685145037e+00
2.764504144041154632e+01,5.720591971913231433e+00
2.766504715633038103e+01,4.960249705781796692e+00
2.768505287224921574e+01,4.674886262594079689e+00
2.770505858816805045e+01,4.141701898420929950e+00
2.772506430408688161e+01,5.063090934154112155e+00
2.774507002000571632e+01,4.787794614930735548e+00
2.776507573592455103e+01,4.742644840835446018e+00
2.778508145184338574e+01,5.264854411769367637e+00
2.780508716776222045e+01,4.306964181008084758e+00
2.782509288368105160e+01,4.116941991198624251e+00
2.784509859959988631e+01,4.178593258083489026e+00
2.786510431551872102e+01,5.142169363244871505e+00
2.788511003143755573e+01,5.420129861161732343e+00
2.790511574735638689e+01,4.895242416841421473e+00
2.792512146327522160e+01,4.691851153950134190e+00
2.794512717919405631e+01,4.373931512985425485e+00
2.796513289511289102e+01,5.396519161696057054e+00
2.798513861103172573e+01,3.977884446497549131e+00
2.800514432695055689e+01,5.136402596868492765e+00
2.802515004286939160e+01,4.617825644762960202e+00
2.804515575878822631e+01,4.884040038358109292e+00
2.806516147470706102e+01,5.345657019781184793e+00
2.808516719062589573e+01,4.865484723723512595e+00
2.810517290654472689e+01,5.304759513593136688e+00
2.812517862246356160e+01,4.878942258150857469e+00
2.814518433838239631e+01,5.918075905922131064e+00
2.816519005430123102e+01,5.651669377310983400e+00
2.818519577022006217e+01,4.787855877383027980e+00
2.820520148613889688e+01,5.746963951358537770e+00
2.822520720205773159e+01,5.386053488689088731e+00
2.824521291797656630e+01,5.627694953167032388e+00
2.826521863389540101e+01,5.333308082470654021e+00
2.828522434981423217e+01,6.251070391975224183e+00
2.830523006573306688e+01,6.086200652810441980e+00
2.832523578165190159e+01,6.046559961862799426e+00
2.834524149757073630e+01,6.009656156120275483e+00
2.836524721348957101e+01,6.030338110466958668e+00
2.838525292940840217e+01,6.998433589280629974e+00
2.840525864532723688e+01,7.043031192585429423e+00
2.842526436124607159e+01,6.324768729281892377e+00
2.844527007716490630e+01,6.730264645640907872e+00
2.846527579308374101e+01,8.014151190687316628e+00
2.848528150900257216e+01,8.036494800593422028e+00
2.850528722492140687e+01,7.606287359369850343e+00
2.852529294084024158e+01,8.072714907132645834e+00
2.854529865675907629e+01,7.606779160188148481e+00
2.856530437267790745e+01,8.662547199042561985e+00
2.858531008859674216e+01,9.225580936071551719e+00
2.860531580451557687e+01,9.693432700695076676e+00
2.862532152043441158e+01,8.992368612437534381e+00
2.864532723635324629e+01,1.037193808673596784e+01
2.866533295227207745e+01,9.756878603173083420e+00
2.868533866819091216e+01,1.089560222505349074e+01
2.870534438410974687e+01,1.002904284056135609e+01
2.872535010002858158e+01,1.080682427930721978e+01
2.874535581594741629e+01,1.112131831155345552e+01
2.876536153186624745e+01,1.125005019273327100e+01
2.878536724778508216e+01,1.159943525202230141e+01
2.880537296370391687e+01,1.155289324714688171e+01
2.882537867962275158e+01,1.173980286319121547e+01
2.884538439554158273e+01,1.190247421155353891e+01
2.886539011146041744e+01,1.276958018447422383e+01
2.888539582737925215e+01,1.323332065120796308e+01
2.890540154329808686e+01,1.314705284717277323e+01
2.892540725921692157e+01,1.335107090039108257e+01
2.894541297513575273e+01,1.361320836924434907e+01
2.896541869105458744e+01,1.280406551692512984e+01
2.898542440697342215e+01,1.375171357544651940e+01
2.900543012289225686e+01,1.425748136871605709e+01
2.902543583881109157e+01,1.389110001566174368e+01
2.904544155472992273e+01,1.359558867186204978e+01
2.906544727064875744e+01,1.415913403548246663e+01
2.908545298656759215e+01,1.405981397846594483e+01
2.910545870248642686e+01,1.386590203016678124e+01
2.912546441840525802e+01,1.362421943593539808e+01
2.914547013432409273e+01,1.418662019142041153e+01
2.916547585024292744e+01,1.347678118902683408e+01
2.918548156616176215e+01,1.298147302131936875e+01
2.920548728208059686e+01,1.304963332128786213e+01
2.922549299799942801e+01,1.238408698592494517e+01
2.924549871391826272e+01,1.083512691255189964e+01
2.926550442983709743e+01,1.134756549238177570e+01
2.928551014575593214e+01,1.087338919337662091e+01
2.930551586167476685e+01,9.608581418788093131e+00
2.932552157759359801e+01,1.005402336128331697e+01
2.934552729351243272e+01,9.111689933368204208e+00
2.936553300943126743e+01,8.717338690206752005e+00
2.938553872535010214e+01,9.010484664471395178e+00
2.940554444126893330e+01,8.263225567999125332e+00
2.942555015718776801e+01,7.476099302825678805e+00
2.944555587310660272e+01,7.041464088135727550e+00
2.946556158902543743e+01,7.024105500715093875e+00
2.948556730494427214e+01,6.525298394984456074e+00
2.950557302086310330e+01,6.641999043054635621e+00
2.952557873678193801e+01,5.903611435361841409e+00
2.954558445270077272e+01,6.434029299207163710e+00
2.956559016861960743e+01,6.288250498246275022e+00
2.958559588453844214e+01,7.205307754638687001e+00
2.960560160045727329e+01,6.425598500941823943e+00
2.962560731637610800e+01,6.351169843362491463e+00
2.964561303229494271e+01,6.829793494898643402e+00
2.966561874821377742e+01,6.905199013073877623e+00
2.968562446413261213e+01,7.253046717975074387e+00
2.970563018005144329e+01,6.611508876061477302e+00
2.972563589597027800e+01,7.202012350180979183e+00
2.974564161188911271e+01,6.497240764124514456e+00
2.976564732780794742e+01,7.465236710023228639e+00
2.978565304372677858e+01,7.018982645624865846e+00
2.980565875964561329e+01,7.351995039990018022e+00
2.982566447556444800e+01,7.984150117031330041e+00
2.984567019148328271e+01,8.286072577421322194e+00
2.986567590740211742e+01,8.366663440136298036e+00
2.988568162332094857e+01,9.644842069188374722e+00
2.990568733923978328e+01,9.201457519275257013e+00
2.992569305515861799e+01,1.033338033066739570e+01
2.994569877107745270e+01,1.100328052543513380e+01
2.996570448699628741e+01,1.052288588681636128e+01
2.998571020291511857e+01,1.199987621499814416e+01
3.000571591883395328e+01,1.320000820471469716e+01
3.002572163475278799e+01,1.328267731668017326e+01
3.004572735067162270e+01,1.357897895896581630e+01
3.006573306659045386e+01,1.459268761874505493e+01
3.008573878250928857e+01,1.531665895769527452e+01
3.010574449842812328e+01,1.566423010959538864e+01
3.012575021434695799e+01,1.734365220932882323e+01
3.014575593026579270e+01,1.812347040323497183e+01
3.016576164618462386e+01,1.949941193952322749e+01
3.018576736210345857e+01,2.115027930763444530e+01
3.020577307802229328e+01,2.091485719089028805e+01
3.022577879394112799e+01,2.279869542466443022e+01
3.024578450985996270e+01,2.448168914734529622e+01
3.026579022577879385e+01,2.568690116855918859e+01
3.028579594169762856e+01,2.747384741537713282e+01
3.030580165761646327e+01,2.792422206188389211e+01
3.032580737353529798e+01,3.026166746130758867e+01
3.034581308945412914e+01,3.135575017802046816e+01
3.036581880537296385e+01,3.408329314484073080e+01
3.038582452129179856e+01,3.595822025050304660e+01
3.040583023721063327e+01,3.643041168534710295e+01
3.042583595312946798e+01,3.822662912568876692e+01
3.044584166904829914e+01,4.075372576130772728e+01
3.046584738496713385e+01,4.229215785943824812e+01
3.048585310088596856e+01,4.412973972116768095e+01
3.050585881680480327e+01,4.633315001465996374e+01
3.052586453272363798e+01,4.802955452398162350e+01
3.054587024864246914e+01,4.891869355791638441e+01
3.056587596456130385e+01,5.001311527362037168e+01
3.058588168048013856e+01,5.160939909659049363e+01
3.060588739639897327e+01,5.140060983834021613e+01
3.062589311231780798e+01,5.264770637741931836e+01
3.064589882823663913e+01,5.337357292701234002e+01
3.066590454415547384e+01,5.205069963960885104e+01
3.068591026007430855e+01,5.233261131810225208e+01
3.070591597599314326e+01,5.064109616071320374e+01
3.072592169191197442e+01,5.055209277997066408e+01
3.074592740783080913e+01,4.941202679846715995e+01
3.076593312374964384e+01,4.704309495142223341e+01
3.078593883966847855e+01,4.582414925650786586e+01
3.080594455558731326e+01,4.405294015729990065e+01
3.082595027150614442e+01,4.098726287788918654e+01
3.084595598742497913e+01,3.999676603723521850e+01
3.086596170334381384e+01,3.735481108761338476e+01
3.088596741926264855e+01,3.460369649057125230e+01
3.090597313518148326e+01,3.216527244010156039e+01
3.092597885110031442e+01,3.058303016567808186e+01
3.094598456701914913e+01,2.898288630819850908e+01
3.096599028293798384e+01,2.699473478136554050e+01
3.098599599885681855e+01,2.452209907989858451e+01
3.100600171477564970e+01,2.318899504278923729e+01
3.102600743069448441e+01,2.205233641947601342e+01
3.104601314661331912e+01,2.129354099719989080e+01
3.106601886253215383e+01,1.998837973175553273e+01
3.108602457845098854e+01,1.837542719770693367e+01
3.110603029436981970e+01,1.737454529266102909e+01
3.112603601028865441e+01,1.743210983240996015e+01
3.114604172620748912e+01,1.646230077569835615e+01
3.116604744212632383e+01,1.645017196686386285e+01
3.118605315804515854e+01,1.592921195161282100e+01
3.120605887396398970e+01,1.538024857546906254e+01
3.122606458988282441e+01,1.484671511089398699e+01
3.124607030580165912e+01,1.469802304907691237e+01
3.126607602172049383e+01,1.320743511196983810e+01
3.128608173763932498e+01,1.319049223482371858e+01
3.130608745355815969e+01,1.288580090702411596e+01
3.132609316947699440e+01,1.167376162659179073e+01
3.134609888539582911e+01,1.205724318996175271e+01
3.136610460131466382e+01,1.077848777861785301e+01
3.138611031723349498e+01,1.084921371528542977e+01
3.140611603315232969e+01,1.012765382983166695e+01
3.142612174907116440e+01,8.982923835265841817e+00
3.144612746498999911e+01,8.841204573089019192e+00
3.146613318090883382e+01,9.601993548509071275e+00
3.148613889682766498e+01,8.497366125389268277e+00
3.150614461274649969e+01,8.433009156522494720e+00
3.152615032866533440e+01,7.483083929679810176e+00
3.154615604458416911e+01,7.343571168213775202e+00
3.156616176050300382e+01,7.395013639391779137e+00
3.158616747642183498e+01,7.344598272091642954e+00
3.160617319234066969e+01,6.735081062715165601e+00
3.162617890825950440e+01,6.233943195363897516e+00
3.164618462417833911e+01,5.709620497465952127e+00
3.166619034009717026e+01,5.515226990394594075e+00
3.168619605601600497e+01,5.530308870437711910e+00
3.170620177193483968e+01,5.884668705453576898e+00
3.172620748785367439e+01,5.887501686341951590e+00
3.174621320377250910e+01,6.166133279092397501e+00
3.176621891969134026e+01,4.655960980481411937e+00
3.178622463561017497e+01,5.543211115609483208e+00
3.180623035152900968e+01,5.398078773173223155e+00
3.182623606744784439e+01,4.477737821529904849e+00
3.184624178336667910e+01,5.467608285038259019e+00
3.186624749928551026e+01,5.767149432072907089e+00
3.188625321520434497e+01,4.918073093233215509e+00
3.190625893112317968e+01,5.282183056659487619e+00
3.192626464704201439e+01,5.330444933593712520e+00
3.194627036296084555e+01,5.237525163694046526e+00
3.196627607887968026e+01,5.007465318901010320e+00
3.198628179479851497e+01,4.184791215758707494e+00
3.200628751071734968e+01,5.138548163480777475e+00
3.202629322663618439e+01,4.744090468864644805e+00
3.204629894255501199e+01,4.639023323659655418e+00
3.206630465847385381e+01,4.871395624088620480e+00
3.208631037439268141e+01,3.824352627120876313e+00
3.210631609031152323e+01,4.479820753059787108e+00
3.212632180623035083e+01,4.995573790018583260e+00
3.214632752214918554e+01,4.280452231841772814e+00
3.216633323806802025e+01,4.873068649848400824e+00
3.218633895398685496e+01,5.124541606792088366e+00
3.220634466990568967e+01,3.999079282905621646e+00
3.222635038582451728e+01,4.836173235505929036e+00
3.224635610174335909e+01,4.513734635115829619e+00
3.226636181766218670e+01,5.510486335538073988e+00
3.228636753358102851e+01,4.880521409221183049e+00
3.230637324949985612e+01,5.090486672062201734e+00
3.232637896541869083e+01,4.210168163613777104e+00
3.234638468133752554e+01,4.348885553166118356e+00
3.236639039725636025e+01,4.996888396726159698e+00
3.238639611317519496e+01,4.381040721679993588e+00
3.240640182909402967e+01,4.718831374542543422e+00
3.242640754501286438e+01,4.914610568976424787e+00
3.244641326093169198e+01,4.658749250841546008e+00
3.246641897685053380e+01,4.522038234918267285e+00
3.248642469276936140e+01,4.389226463607974082e+00
3.250643040868819611e+01,4.452794981821394771e+00
3.252643612460703082e+01,4.282178438173280810e+00
3.254644184052586553e+01,4.219636067699358506e+00
3.256644755644470024e+01,4.605315559840993167e+00
3.258645327236353495e+01,5.335663035388055420e+00
3.260645898828236966e+01,4.771025300575235661e+00
3.262646470420119726e+01,5.512644227339850822e+00
3.264647042012003908e+01,4.994483860741128822e+00
3.266647613603886668e+01,5.016897468250343550e+00
3.268648185195770850e+01,5.458356026863055099e+00
3.270648756787653610e+01,5.446892117761378493e+00
3.272649328379537081e+01,5.936103170576727095e+00
3.274649899971420552e+01,5.518574688096593128e+00
3.276650471563304023e+01,6.589292432530760024e+00
3.278651043155187494e+01,5.503464520127559823e+00
3.280651614747070255e+01,6.302587989475395780e+00
3.282652186338954436e+01,6.681163168485968917e+00
3.284652757930837197e+01,7.233391659540951757e+00
3.286653329522721378e+01,6.477692510412611071e+00
3.288653901114604139e+01,7.459495781559146721e+00
3.290654472706487610e+01,7.584518313385318677e+00
3.292655044298371081e+01,7.803335780749414141e+00
3.294655615890254552e+01,7.285188388641230972e+00
3.296656187482138023e+01,7.894770927097749968e+00
3.298656759074020783e+01,9.053806616046925271e+00
3.300657330665904965e+01,9.706083498184257863e+00
3.302657902257787725e+01,9.890704892172911045e+00
3.304658473849671907e+01,1.060757638804199843e+01
3.306659045441554667e+01,1.067882360935798225e+01
3.308659617033438138e+01,1.174797359715935663e+01
3.310660188625321609e+01,1.271230873305547604e+01
3.312660760217205080e+01,1.355041531314440206e+01
3.314661331809088551e+01,1.329302681687036269e+01
3.316661903400971312e+01,1.460214000264567424e+01
3.318662474992855493e+01,1.484297633029411223e+01
3.320663046584738254e+01,1.672046432169479147e+01
3.322663618176622435e+01,1.695215361511195340e+01
3.324664189768505196e+01,1.855142269100917218e+01
3.326664761360388667e+01,1.959330167338732309e+01
3.328665332952272138e+01,2.003719437550235583e+01
3.330665904544155609e+01,2.202844057461976135e+01
3.332666476136039080e+01,2.314185006249081056e+01
3.334667047727922551e+01,2.360339629170973907e+01
3.336667619319806022e+01,2.522320057178264108e+01
3.338668190911688782e+01,2.594763358137754139e+01
3.340668762503572964e+01,2.757229949514992029e+01
3.342669334095455724e+01,2.971562937273996852e+01
3.344669905687339195e+01,2.966631784964175367e+01
3.346670477279222666e+01,3.176398235293130767e+01
3.348671048871106137e+01,3.267353203725826916e+01
3.350671620462989608e+01,3.426190526339782849e+01
3.352672192054873079e+01,3.475113164377541608e+01
3.354672763646756550e+01,3.508505680071878885e+01
3.356673335238639311e+01,3.540498677849321751e+01
3.358673906830523492e+01,3.620673041210375231e+01
3.360674478422406253e+01,3.680039712889933412e+01
3.362675050014290434e+01,3.586393927536635573e+01
3.364675621606173195e+01,3.602698314847245342e+01
3.366676193198056666e+01,3.502950366850464547e+01
3.368676764789940137e+01,3.529123397275875362e+01
3.370677336381823608e+01,3.349731459791313171e+01
3.372677907973707079e+01,3.358065983296814494e+01
3.374678479565589839e+01,3.252300205283046353e+01
3.376679051157474021e+01,3.114558546717814380e+01
3.378679622749356781e+01,3.106571036443638789e+01
3.380680194341240963e+01,2.952410535124042923e+01
3.382680765933123723e+01,2.867663352257116216e+01
3.384681337525007194e+01,2.819114368718288333e+01
3.386681909116890665e+01,2.705498168153897964e+01
3.388682480708774136e+01,2.631692059141142437e+01
3.390683052300657607e+01,2.625803156627621249e+01
3.392683623892540368e+01,2.573661980928584825e+01
3.394684195484424549e+01,2.503198492995738889e+01
3.396684767076307310e+01,2.430249734389918714e+01
3.398685338668191491e+01,2.377338468862970444e+01
3.400685910260074252e+01,2.274975639337659672e+01
3.402686481851957723e+01,2.305183696783830882e+01
3.404687053443841194e+01,2.246767435933705315e+01
3.406687625035724665e+01,2.135694488381914979e+01
3.408688196627608136e+01,2.088885993593809332e+01
3.410688768219490896e+01,1.990256616825040936e+01
3.412689339811375078e+01,1.949069350772560227e+01
3.414689911403257838e+01,1.895697922968673055e+01
3.416690482995142020e+01,1.758842460841095701e+01
3.418691054587024780e+01,1.576900030173062639e+01
3.420691626178908251e+01,1.559216869909825220e+01
3.422692197770791722e+01,1.471433396582684239e+01
3.424692769362675193e+01,1.327180376562239239e+01
3.426693340954558664e+01,1.301785728744213344e+01
3.428693912546442135e+01,1.268391471288523320e+01
3.430694484138325606e+01,1.025621147771317609e+01
3.432695055730208367e+01,1.029816867742087538e+01
3.434695627322092548e+01,8.588156029448880346e+00
3.436696198913975309e+01,8.238422846330864857e+00
3.438696770505858780e+01,8.322887703363285539e+00
3.440697342097742251e+01,8.561435249901890643e+00
3.442697913689625722e+01,7.184957989404322731e+00
3.444698485281509193e+01,7.094331043867307507e+00
3.446699056873392664e+01,7.438385528298899985e+00
3.448699628465276135e+01,6.139189586477206362e+00
3.450700200057158895e+01,6.353424509532575648e+00
3.452700771649043077e+01,5.974277932392737966e+00
3.454701343240925837e+01,6.091722680124339817e+00
3.456701914832810019e+01,6.195416848573136015e+00
3.458702486424692779e+01,4.937050044464375453e+00
3.460703058016576250e+01,5.506953458925250011e+00
3.462703629608459721e+01,4.928295937008511984e+00
3.464704201200343192e+01,5.045358838510155763e+00
3.466704772792226663e+01,5.373669167825192439e+00
3.468705344384109424e+01,4.940317794396889894e+00
3.470705915975993605e+01,4.549543802637980860e+00
3.472706487567876366e+01,5.698477955337294176e+00
3.474707059159760547e+01,4.699194581418092653e+00
3.476707630751643308e+01,5.208958758897155761e+00
3.478708202343526779e+01,4.392337188753787203e+00
3.480708773935410250e+01,5.195361350148009372e+00
3.482709345527293721e+01,5.268665077302917332e+00
3.484709917119177192e+01,3.943961605280235538e+00
3.486710488711059952e+01,4.345229699014174329e+00
3.488711060302944134e+01,4.946081141792005198e+00
3.490711631894826894e+01,4.426472697837727566e+00
3.492712203486711076e+01,4.505977556955773622e+00
3.494712775078593836e+01,4.582695283274415665e+00
3.496713346670477307e+01,4.652957340368228500e+00
3.498713918262360778e+01,4.229534385336844338e+00
3.500714489854244249e+01,4.935519191525351346e+00
3.502715061446127720e+01,4.384585527822922657e+00
3.504715633038010481e+01,4.066528836262524038e+00
3.506716204629894662e+01,4.376581808802819218e+00
3.508716776221777423e+01,4.200440727200200008e+00
3.510717347813661604e+01,4.014912464461909636e+00
3.512717919405544365e+01,4.042913647990987513e+00
3.514718490997427836e+01,3.911961548446567072e+00
3.516719062589311307e+01,4.232413627097104225e+00
3.518719634181194778e+01,4.144333828702124300e+00
3.520720205773078249e+01,4.282824162071762863e+00
3.522720777364961720e+01,4.915500862629338386e+00
3.524721348956845191e+01,4.708238003409253025e+00
3.526721920548727951e+01,5.105814796609219997e+00
3.528722492140612133e+01,4.019547526001273852e+00
3.530723063732494893e+01,4.823337542855483662e+00
3.532723635324378364e+01,4.540256950845586559e+00
3.534724206916261835e+01,3.860689894832637137e+00
3.536724778508145306e+01,5.213487041083952889e+00
3.538725350100028777e+01,4.532181584539119790e+00
3.540725921691912248e+01,4.622934404887050874e+00
3.542726493283795719e+01,4.027146362497532550e+00
3.544727064875678479e+01,5.184783424960954790e+00
3.546727636467562661e+01,4.717880526248657169e+00
3.548728208059445421e+01,4.671172665063809681e+00
3.550728779651329603e+01,4.476114277230204941e+00
3.552729351243212363e+01,4.299319321552872886e+00
3.554729922835095834e+01,4.714204601067667255e+00
3.556730494426979305e+01,4.999063996868033044e+00
3.558731066018862776e+01,4.665077135897007565e+00
3.560731637610746247e+01,4.556130799808369325e+00
3.562732209202629008e+01,5.024311351830129446e+00
3.564732780794513189e+01,4.174336629271912180e+00
3.566733352386395950e+01,5.260607291977033029e+00
3.568733923978280131e+01,4.586370731705208925e+00
3.570734495570162892e+01,4.342760339035751649e+00
3.572735067162046363e+01,4.730082949903602341e+00
3.574735638753929834e+01,4.460655159962369609e+00
3.576736210345813305e+01,4.749458786968364876e+00
3.578736781937696776e+01,4.047008117956055528e+00
3.580737353529579536e+01,4.714240622448013340e+00
3.582737925121463718e+01,4.085555528581336304e+00
3.584738496713346478e+01,4.180777516668481297e+00
3.586739068305230660e+01,3.798449558397655412e+00
3.588739639897113420e+01,4.436789620680304580e+00
3.590740211488996891e+01,3.878223424418261622e+00
3.592740783080880362e+01,4.127179661279102518e+00
3.594741354672763833e+01,4.465012610950391370e+00
3.596741926264647304e+01,4.165067851307646229e+00
3.598742497856530065e+01,3.867574137208811713e+00
3.600743069448414246e+01,4.892963054245125676e+00
3.602743641040297007e+01,3.977320674690087543e+00
3.604744212632181188e+01,4.316423203827072896e+00
3.606744784224063949e+01,4.840265894410372027e+00
3.608745355815947420e+01,4.660577356271250693e+00
3.610745927407830891e+01,4.702345493819232836e+00
3.612746498999714362e+01,4.674921135597315036e+00
3.614747070591597833e+01,3.907454225016862459e+00
3.616747642183481304e+01,5.045665996165217493e+00
3.618748213775364775e+01,4.253485014526553698e+00
3.620748785367247535e+01,5.336340533264973374e+00
3.622749356959131717e+01,5.685365126210195186e+00
3.624749928551014477e+01,4.982267218710796364e+00
3.626750500142897948e+01,4.571174503415844192e+00
3.628751071734781419e+01,5.661721355949320689e+00
3.630751643326664890e+01,5.628575310733531012e+00
3.632752214918548361e+01,4.874862527232070697e+00
3.634752786510431832e+01,5.571635182593771773e+00
3.636753358102315303e+01,6.305167364237714622e+00
3.638753929694198064e+01,6.273801669895211042e+00
3.640754501286082245e+01,6.661061791178907399e+00
3.642755072877965006e+01,6.672591076208608918e+00
3.644755644469849187e+01,6.211098378628252981e+00
3.646756216061731948e+01,7.116558376923505236e+00
3.648756787653615419e+01,7.689712327353284138e+00
3.650757359245498890e+01,7.709286586256191676e+00
3.652757930837382361e+01,7.652664494594545452e+00
3.654758502429265832e+01,8.717781964588484200e+00
3.656759074021148592e+01,8.195264944061015910e+00
3.658759645613032774e+01,8.853269603256954667e+00
3.660760217204915534e+01,9.031364199338598908e+00
3.662760788796799716e+01,9.366971272942100413e+00
3.664761360388682476e+01,9.675766650647602773e+00
3.666761931980565947e+01,1.023639842931071087e+01
3.668762503572449418e+01,1.095900700460511068e+01
3.670763075164332889e+01,1.124447425065878470e+01
3.672763646756216360e+01,1.192167466623715022e+01
3.674764218348099121e+01,1.152518026215228453e+01
3.676764789939983302e+01,1.246412890121212946e+01
3.678765361531866063e+01,1.183206810592800373e+01
3.680765933123750244e+01,1.210144631456148900e+01
3.682766504715633005e+01,1.256677570984214576e+01
3.684767076307516476e+01,1.165246343198142043e+01
3.686767647899399947e+01,1.280332823732336145e+01
3.688768219491283418e+01,1.245248207262214279e+01
3.690768791083166889e+01,1.264257948996519154e+01
3.692769362675049649e+01,1.177162312288771240e+01
3.694769934266933831e+01,1.124933079109772294e+01
3.696770505858816591e+01,1.214630582631506073e+01
3.698771077450700773e+01,1.093051606356824124e+01
3.700771649042583533e+01,1.113276155433888626e+01
3.702772220634467004e+01,1.056463971366093446e+01
3.704772792226350475e+01,1.140809388066806740e+01
3.706773363818233946e+01,1.152162293357297962e+01
3.708773935410117417e+01,1.059290618752731561e+01
3.710774507002000888e+01,1.105293610285398742e+01
3.712775078593884359e+01,1.055841223073806923e+01
3.714775650185767120e+01,1.033673958409882410e+01
3.716776221777651301e+01,1.140803491408127890e+01
3.718776793369534062e+01,1.118775114455170083e+01
3.720777364961417533e+01,1.164766603331512940e+01
3.722777936553301004e+01,1.173960341162242926e+01
3.724778508145184475e+01,1.203202267992786467e+01
3.726779079737067946e+01,1.262272943552224547e+01
3.728779651328951417e+01,1.292039595555552189e+01
3.730780222920834888e+01,1.343768663574665467e+01
3.732780794512717648e+01,1.441297137539842055e+01
3.734781366104601830e+01,1.413769490245977956e+01
3.736781937696484590e+01,1.581305662592911432e+01
3.738782509288368772e+01,1.523330683514273609e+01
3.740783080880251532e+01,1.701816981568153153e+01
3.742783652472135003e+01,1.763441552724756534e+01
3.744784224064018474e+01,1.791676142457913556e+01
3.746784795655901945e+01,1.798031903128330811e+01
3.748785367247785416e+01,1.939791662670189254e+01
3.750785938839668177e+01,2.019459277147313614e+01
3.752786510431552358e+01,2.038504676326394005e+01
3.754787082023435119e+01,2.183926806638335449e+01
3.756787653615319300e+01,2.190297604485858685e+01
3.758788225207202061e+01,2.186448086534780089e+01
3.760788796799085532e+01,2.199053329153627701e+01
3.762789368390969003e+01,2.254619013836236974e+01
3.764789939982852474e+01,2.266720629842609469e+01
3.766790511574735945e+01,2.317873490482281440e+01
3.768791083166618705e+01,2.246650869635296033e+01
3.770791654758502887e+01,2.285997516070900559e+01
3.772792226350385647e+01,2.294687599478046280e+01
3.774792797942269829e+01,2.245396715229595230e+01
3.776793369534152589e+01,2.276264841527142835e+01
3.778793941126036060e+01,2.286722899096364614e+01
3.780794512717919531e+01,2.235560869017499641e+01
3.782795084309803002e+01,2.218618230103736266e+01
3.784795655901686473e+01,2.307221159577080272e+01
3.786796227493569234e+01,2.336219563959255652e+01
3.788796799085453415e+01,2.360322673619478806e+01
3.790797370677336176e+01,2.489251036813477924e+01
3.792797942269220357e+01,2.484534051374485841e+01
3.794798513861103118e+01,2.612830175100692998e+01
3.796799085452986589e+01,2.643682645676458520e+01
3.798799657044870060e+01,2.715100979936180892e+01
3.800800228636753531e+01,2.840290419361059548e+01
3.802800800228637002e+01,2.946580988380512522e+01
3.804801371820520473e+01,3.052700566093255929e+01
3.806801943412403944e+01,3.108471655790270560e+01
3.808802515004286704e+01,3.170215899540937698e+01
3.810803086596170886e+01,3.182992798829434022e+01
3.812803658188053646e+01,3.242413942338794897e+01
3.814804229779937117e+01,3.222582298242478771e+01
3.816804801371820588e+01,3.129275888757071300e+01
3.818805372963704059e+01,3.130273983193560028e+01
3.820805944555587530e+01,3.163567413763406222e+01
3.822806516147471001e+01,3.042783114944899125e+01
3.824807087739354472e+01,2.926511155900122318e+01
3.826807659331237232e+01,2.733737684257459222e+01
3.828808230923121414e+01,2.629019322018056926e+01
3.830808802515004174e+01,2.494224017080373201e+01
3.832809374106888356e+01,2.340802315969345315e+01
3.834809945698771116e+01,2.137111262118039434e+01
3.836810517290654587e+01,1.979223446227110017e+01
3.838811088882538058e+01,1.824460234331026598e+01
3.840811660474421529e+01,1.712048931759228765e+01
3.842812232066305000e+01,1.595156423877694607e+01
3.844812803658187761e+01,1.421899775183650050e+01
3.846813375250071942e+01,1.297311126182806085e+01
3.848813946841954703e+01,1.169954399090062580e+01
3.850814518433838884e+01,1.129667774654400425e+01
3.852815090025721645e+01,9.778468985291635107e+00
3.854815661617605116e+01,9.633281261695811892e+00
3.856816233209488587e+01,9.052378572520359157e+00
3.858816804801372058e+01,9.258576615947752941e+00
3.860817376393255529e+01,9.196144189435162986e+00
3.862817947985138289e+01,8.435781506114139461e+00
3.864818519577022471e+01,8.336514947312657853e+00
3.866819091168905231e+01,8.306550921577604996e+00
3.868819662760789413e+01,8.008889340225373132e+00
3.870820234352672173e+01,8.669695110349426415e+00
3.872820805944555644e+01,7.666995700454068086e+00
3.874821377536439115e+01,8.413139166487331622e+00
3.876821949128322586e+01,8.448720915615993476e+00
3.878822520720206057e+01,8.162889846033444030e+00
3.880823092312088818e+01,8.620781090258343937e+00
3.882823663903972999e+01,8.763062033653060467e+00
3.884824235495855760e+01,8.971593661632621064e+00
3.886824807087739941e+01,9.888856317252205486e+00
3.888825378679622702e+01,1.058917344889355405e+01
3.890825950271506173e+01,1.076938168676231733e+01
3.892826521863389644e+01,1.100835191690353199e+01
3.894827093455273115e+01,1.094134754646716168e+01
3.896827665047156586e+01,1.295285770189574670e+01
3.898828236639040057e+01,1.310988442304705792e+01
3.900828808230923528e+01,1.400080545927486853e+01
3.902829379822806288e+01,1.514915781522543980e+01
3.904829951414690470e+01,1.569059984102083405e+01
3.906830523006573230e+01,1.764156011614532105e+01
3.908831094598456701e+01,1.883020512468273466e+01
3.910831666190340172e+01,1.950670122945092899e+01
3.912832237782223643e+01,2.161649800871924754e+01
3.914832809374107114e+01,2.321314481668981955e+01
3.916833380965990585e+01,2.516152678818233923e+01
3.918833952557874056e+01,2.645059715003985801e+01
3.920834524149756817e+01,2.852289743507868280e+01
3.922835095741640998e+01,3.103359237536453819e+01
3.924835667333523759e+01,3.302076950762175755e+01
3.926836238925407940e+01,3.426300070516641938e+01
3.928836810517290701e+01,3.661334178279698648e+01
3.930837382109174172e+01,3.877591504330007410e+01
3.932837953701057643e+01,4.150426681089226122e+01
3.934838525292941114e+01,4.372128482950254380e+01
3.936839096884824585e+01,4.544124782287546793e+01
3.938839668476707345e+01,4.758239014905332454e+01
3.940840240068591527e+01,4.861601739629340102e+01
3.942840811660474287e+01,5.065235560621422906e+01
3.944841383252358469e+01,5.200453358106747714e+01
3.946841954844241229e+01,5.301560040614862857e+01
3.948842526436124700e+01,5.419549416582854917e+01
3.950843098028008171e+01,5.464294831960184240e+01
3.952843669619891642e+01,5.536536646762721858e+01
3.954844241211775113e+01,5.501420317051899644e+01
3.956844812803657874e+01,5.405837099283291991e+01
3.958845384395542055e+01,5.236367559085909562e+01
3.960845955987424816e+01,5.128053826120181924e+01
3.962846527579308997e+01,4.968000572683185112e+01
3.964847099171191758e+01,4.724788638189548351e+01
3.966847670763075229e+01,4.447876363396370181e+01
3.968848242354958700e+01,4.272420705029913535e+01
3.970848813946842171e+01,3.972668636777143547e+01
3.972849385538725642e+01,3.657195530601375566e+01
3.974849957130608402e+01,3.450649254196931537e+01
3.976850528722492584e+01,3.234708830156715464e+01
3.978851100314375344e+01,2.925543919757977207e+01
3.980851671906259526e+01,2.642693303695574869e+01
3.982852243498142286e+01,2.544947255883166548e+01
3.984852815090025757e+01,2.265123962984338846e+01
3.986853386681909228e+01,2.011871684973495533e+01
3.988853958273792699e+01,1.906253669696480912e+01
3.990854529865676170e+01,1.809084808523597587e+01
3.992855101457559641e+01,1.677973796623514602e+01
3.994855673049443112e+01,1.485086229065243479e+01
3.996856244641325873e+01,1.517023669575428002e+01
3.998856816233210054e+01,1.338212089286088258e+01
4.000857387825092815e+01,1.237854170061256909e+01
4.002857959416976286e+01,1.185201366207693141e+01
4.004858531008859757e+01,1.124672012001889243e+01
4.006859102600743228e+01,1.089420395980811307e+01
4.008859674192626699e+01,1.006974811101038725e+01
4.010860245784510170e+01,1.017878145243692778e+01
4.012860817376393641e+01,8.836618474912029342e+00
4.014861388968276401e+01,8.603181879817485722e+00
4.016861960560160583e+01,8.595599038689854865e+00
4.018862532152043343e+01,7.547597220412615826e+00
4.020863103743927525e+01,7.073244136610673749e+00
4.022863675335810285e+01,7.024568276329614669e+00
4.024864246927693756e+01,6.580340933564754913e+00
4.026864818519577227e+01,6.863492713318559701e+00
4.028865390111460698e+01,7.297813690403113895e+00
4.030865961703344169e+01,7.311769468987217913e+00
4.032866533295226930e+01,6.074515077851495803e+00
4.034867104887111111e+01,6.215749283329369490e+00
4.036867676478993872e+01,6.466218037010126984e+00
4.038868248070878053e+01,6.393545454541561313e+00
4.040868819662760814e+01,5.979949740922512191e+00
4.042869391254644285e+01,6.163628901420166173e+00
4.044869962846527756e+01,6.745137549795171772e+00
4.046870534438411227e+01,6.205235267697436718e+00
4.048871106030294698e+01,5.913934293088061622e+00
4.050871677622177458e+01,6.889325976378034788e+00
4.052872249214061640e+01,6.506270721534303192e+00
4.054872820805944400e+01,6.657037914235907294e+00
4.056873392397828582e+01,6.778643252116046902e+00
4.058873963989711342e+01,6.355862946105970579e+00
4.060874535581594813e+01,7.820215803591064940e+00
4.062875107173478284e+01,7.213608555571395797e+00
4.064875678765361755e+01,7.317941041265235036e+00
4.066876250357245226e+01,8.249022873728060645e+00
4.068876821949127986e+01,8.166075370772219344e+00
4.070877393541012168e+01,8.113492945556762592e+00
4.072877965132894929e+01,8.836641381789069882e+00
4.074878536724779110e+01,8.471934259217137608e+00
4.076879108316661871e+01,9.713183883836483901e+00
4.078879679908545342e+01,9.659726669533521104e+00
4.080880251500428813e+01,1.052943724337532672e+01
4.082880823092312284e+01,9.972175985746783766e+00
4.084881394684195755e+01,1.127198153785161594e+01
4.086881966276079226e+01,1.104953167695641270e+01
4.088882537867962697e+01,1.160056725740164474e+01
4.090883109459845457e+01,1.243430888885882979e+01
4.092883681051729639e+01,1.375362908890540581e+01
4.094884252643612399e+01,1.459171227742637100e+01
4.096884824235495870e+01,1.393051080125066576e+01
4.098885395827379341e+01,1.580598370952230169e+01
4.100885967419262812e+01,1.674666141586357782e+01
4.102886539011146283e+01,1.729984489109008194e+01
4.104887110603029754e+01,1.752138884440604372e+01
4.106887682194913225e+01,1.891848389886970239e+01
4.108888253786795985e+01,2.048566847808636737e+01
4.110888825378680167e+01,2.065664305251850408e+01
4.112889396970562927e+01,2.207997156649009085e+01
4.114889968562447109e+01,2.351478461081735816e+01
4.116890540154329869e+01,2.418045382622371875e+01
4.118891111746213340e+01,2.566566795685640301e+01
4.120891683338096811e+01,2.542960175853169957e+01
4.122892254929980282e+01,2.681882031450366455e+01
4.124892826521863753e+01,2.844495162896686580e+01
4.126893398113746514e+01,2.813091504799518106e+01
4.128893969705630695e+01,2.920414373690369203e+01
4.130894541297513456e+01,2.995331897182511582e+01
4.132895112889397637e+01,2.939492630749748514e+01
4.134895684481280398e+01,2.991355703551471734e+01
4.136896256073163869e+01,2.927106990221927418e+01
4.138896827665047340e+01,2.950128475533891859e+01
4.140897399256930811e+01,2.880732980514795827e+01
4.142897970848814282e+01,2.820639761175249305e+01
4.144898542440697042e+01,2.830022467665110497e+01
4.146899114032581224e+01,2.679795329494838896e+01
4.148899685624463984e+01,2.556671949125653498e+01
4.150900257216348166e+01,2.419842029767745828e+01
4.152900828808230926e+01,2.334336846851991254e+01
4.154901400400114397e+01,2.140548938021093406e+01
4.156901971991997868e+01,1.958973069239220877e+01
4.158902543583881339e+01,1.880076932816522728e+01
4.160903115175764810e+01,1.757811980158759724e+01
4.162903686767647571e+01,1.561431759779913619e+01
4.164904258359531752e+01,1.482210955276018538e+01
4.166904829951414513e+01,1.286575466687279068e+01
4.168905401543298694e+01,1.258833751567309811e+01
4.170905973135181455e+01,1.151837101897549687e+01
4.172906544727064926e+01,1.086831303669358562e+01
4.174907116318948397e+01,9.498982126347852883e+00
4.176907687910831868e+01,1.004527045494043591e+01
4.178908259502715339e+01,9.734410322976959407e+00
4.180908831094598810e+01,8.522357427884504233e+00
4.182909402686482281e+01,7.424502762546477896e+00
4.184909974278365041e+01,7.641265563393076832e+00
4.186910545870249223e+01,7.477478500430794206e+00
4.188911117462131983e+01,6.991257708851257746e+00
4.190911689054015454e+01,6.853602918773847641e+00
4.192912260645898925e+01,6.679871959872403231e+00
4.194912832237782396e+01,7.200686768705329754e+00
4.196913403829665867e+01,7.032914513865122785e+00
4.198913975421549338e+01,5.926921310627431438e+00
4.200914547013432809e+01,5.802336101934126411e+00
4.202915118605316280e+01,5.822439283543101141e+00
4.204915690197199041e+01,5.466383487625767756e+00
4.206916261789082512e+01,4.999726803509334516e+00
4.208916833380965983e+01,5.360173339015917193e+00
4.210917404972849454e+01,6.599711232728975752e+00
4.212917976564732925e+01,5.770932085779916676e+00
4.214918548156616396e+01,6.433059218154468795e+00
4.216919119748499867e+01,6.125346460654369274e+00
4.218919691340383338e+01,5.505046112770936695e+00
4.220920262932266809e+01,5.556322915286592945e+00
4.222920834524150280e+01,5.514660257181506431e+00
4.224921406116033040e+01,5.677414959120572924e+00
4.226921977707916511e+01,5.342742130131478362e+00
4.228922549299799982e+01,4.921052240997517480e+00
4.230923120891683453e+01,6.127696688011924131e+00
4.232923692483566924e+01,5.288194448381177359e+00
4.234924264075450395e+01,5.273252412952661672e+00
4.236924835667333866e+01,6.291767466684410337e+00
4.238925407259217337e+01,5.928986907614040902e+00
4.240925978851100808e+01,5.633513231503497032e+00
4.242926550442983569e+01,5.965566401431931176e+00
4.244927122034867040e+01,5.757269471245682446e+00
4.246927693626750511e+01,5.414493633332942757e+00
4.248928265218633982e+01,5.353362792104865875e+00
4.250928836810517453e+01,6.320399987296720035e+00
4.252929408402400924e+01,4.992707835094980950e+00
4.254929979994284395e+01,6.034921122292228546e+00
4.256930551586167866e+01,5.132935888573168626e+00
4.258931123178051337e+01,5.821981380696112041e+00
4.260931694769934097e+01,6.323317081880247770e+00
4.262932266361817568e+01,5.886945675156242785e+00
4.264932837953701039e+01,5.816064536535391127e+00
4.266933409545584510e+01,6.430173512474841147e+00
4.268933981137467981e+01,4.819355517046166604e+00
4.270934552729351452e+01,5.269393546350085167e+00
4.272935124321234923e+01,6.143016820234116437e+00
4.274935695913118394e+01,5.615307026562614823e+00
4.276936267505001865e+01,5.580852193676079764e+00
4.278936839096885336e+01,5.709303350291980550e+00
4.280937410688768097e+01,5.148836858817487538e+00
4.282937982280651568e+01,5.561812362225715844e+00
4.284938553872535039e+01,6.110805276585562495e+00
4.286939125464418510e+01,5.171641932898552341e+00
4.288939697056301981e+01,5.094566671795925927e+00
4.290940268648185452e+01,4.914327802712559645e+00
4.292940840240068923e+01,5.603681012474448053e+00
4.294941411831952394e+01,5.892091850058052138e+00
4.296941983423835865e+01,4.743521944037071059e+00
4.298942555015718625e+01,5.380095836947139887e+00
4.300943126607602096e+01,5.327712760661265534e+00
4.302943698199485567e+01,4.713394880634588446e+00
4.304944269791369038e+01,5.534923178325131587e+00
4.306944841383252509e+01,5.887708488018652098e+00
4.308945412975135980e+01,5.022844068928035810e+00
4.310945984567019451e+01,4.576042448020841924e+00
4.312946556158902922e+01,5.722610929109324118e+00
4.314947127750786393e+01,4.809184352853587363e+00
4.316947699342669864e+01,4.694132870991246875e+00
4.318948270934552625e+01,4.579807094224621622e+00
4.320948842526436096e+01,4.138965980503309439e+00
4.322949414118319567e+01,4.705523144272362401e+00
4.324949985710203038e+01,4.858948446707602287e+00
4.326950557302086509e+01,4.857646090433794583e+00
4.328951128893969980e+01,4.435767900161385668e+00
4.330951700485853451e+01,4.356505624899137175e+00
4.332952272077736922e+01,4.167682213875369968e+00
4.334952843669620393e+01,4.733086035945927250e+00
4.336953415261503153e+01,5.078027949508093108e+00
4.338953986853386624e+01,4.182723339938905660e+00
4.340954558445270095e+01,5.202127487037163434e+00
4.342955130037153566e+01,4.448404288647496152e+00
4.344955701629037037e+01,4.869118620060705283e+00
4.346956273220920508e+01,4.543537772019513810e+00
4.348956844812803979e+01,3.859987857035584558e+00
4.350957416404687450e+01,4.230233238377071103e+00
4.352957987996570921e+01,4.337022029891460129e+00
4.354958559588453681e+01,4.918697590373524164e+00
4.356959131180337153e+01,4.409226251873251456e+00
4.358959702772220624e+01,4.672005412762231913e+00
4.360960274364104095e+01,5.019915119370374157e+00
4.362960845955987566e+01,5.057026700749370107e+00
4.364961417547871037e+01,4.998038670734558764e+00
4.366961989139754508e+01,5.758306620504673567e+00
4.368962560731637979e+01,5.344674409678531468e+00
4.370963132323521450e+01,4.292765454760977484e+00
4.372963703915404921e+01,3.930891955012560945e+00
4.374964275507287681e+01,5.152772967399993576e+00
4.376964847099171152e+01,4.617165063116905444e+00
4.378965418691054623e+01,5.231642488190037632e+00
4.380965990282938094e+01,5.291209717681003788e+00
4.382966561874821565e+01,4.383653000581173131e+00
4.384967133466705036e+01,4.382488350331278149e+00
4.386967705058588507e+01,4.758955849425236195e+00
4.388968276650471978e+01,3.936897146345339937e+00
4.390968848242355449e+01,4.430096436988589126e+00
4.392969419834238209e+01,4.777389294780809870e+00
4.394969991426121680e+01,3.888485422428925364e+00
4.396970563018005151e+01,3.403899655799604407e+00
4.398971134609888622e+01,4.409307487653710389e+00
4.400971706201772093e+01,4.048976874630749734e+00
4.402972277793655564e+01,4.176095463463208368e+00
4.404972849385539035e+01,3.696492254979754311e+00
4.406973420977422506e+01,3.527965059136594750e+00
4.408973992569305977e+01,3.409096684962898305e+00
4.410974564161189448e+01,3.775109173523678585e+00
4.412975135753072209e+01,4.332621346445717947e+00
4.414975707344955680e+01,4.186031384879181694e+00
4.416976278936839151e+01,3.649718338251622285e+00
4.418976850528722622e+01,3.557834712021530343e+00
4.420977422120606093e+01,3.719032996316764983e+00
4.422977993712489564e+01,4.282762138874729452e+00
4.424978565304373035e+01,4.079417478959685539e+00
4.426979136896256506e+01,3.356615913399449980e+00
4.428979708488139977e+01,3.408198525193524731e+00
4.430980280080022737e+01,3.945515311328755992e+00
4.432980851671906208e+01,3.081278869880762716e+00
4.434981423263789679e+01,3.456627688198004478e+00
4.436981994855673150e+01,3.498913825949287570e+00
4.438982566447556621e+01,3.772160839220410899e+00
4.440983138039440092e+01,4.269517709006603212e+00
4.442983709631323563e+01,4.031120312350862989e+00
4.444984281223207034e+01,3.311688439525435790e+00
4.446984852815090505e+01,4.032656630806023657e+00
4.448985424406973266e+01,3.149174073976221955e+00
4.450985995998856737e+01,3.664769785310715733e+00
4.452986567590740208e+01,3.610904670480914014e+00
4.454987139182623679e+01,4.047031410569638332e+00
4.456987710774507150e+01,3.875809414588003321e+00
4.458988282366390621e+01,3.213326686080073102e+00
4.460988853958274092e+01,3.601828263395336016e+00
4.462989425550157563e+01,4.296299575004257854e+00
4.464989997142041034e+01,3.821300804351158931e+00
4.466990568733924505e+01,3.146277168362119347e+00
4.468991140325807265e+01,3.525750336300121468e+00
4.470991711917690736e+01,3.313030519493144865e+00
4.472992283509574207e+01,4.029573120442492495e+00
4.474992855101457678e+01,3.389949764655779241e+00
4.476993426693341149e+01,3.060709916535077735e+00
4.478993998285224620e+01,3.389935878995175234e+00
4.480994569877108091e+01,4.296406027718627563e+00
4.482995141468991562e+01,4.145059794333661785e+00
4.484995713060875033e+01,2.941819202891572171e+00
4.486996284652757794e+01,3.469535172255554301e+00
4.488996856244641265e+01,4.261269009938627228e+00
4.490997427836524736e+01,3.974885359453554479e+00
4.492997999428408207e+01,3.393286705699204653e+00
4.494998571020291678e+01,3.504272176349211954e+00
4.496999142612175149e+01,3.737290993794335492e+00
4.498999714204058620e+01,3.028143491573466406e+00
4.501000285795942091e+01,3.564462309965835018e+00
4.503000857387825562e+01,3.934950959724853092e+00
4.505001428979709033e+01,3.646658852741179846e+00
4.507002000571591793e+01,3.806077656225722805e+00
4.509002572163475264e+01,3.515992254174062914e+00
4.511003143755358735e+01,3.901894185634388279e+00
4.513003715347242206e+01,4.042043294165575062e+00
4.515004286939125677e+01,3.255739787703048282e+00
4.517004858531009148e+01,3.924333416692597609e+00
4.519005430122892619e+01,3.453017125808878429e+00
4.521006001714776090e+01,3.028798561930614586e+00
4.523006573306659561e+01,4.309551461161991170e+00
4.525007144898542322e+01,3.210273740606265136e+00
4.527007716490425793e+01,3.578226977379425300e+00
4.529008288082309264e+01,3.678909269346648081e+00
4.531008859674192735e+01,2.824242776191972837e+00
4.533009431266076206e+01,3.787901673245854806e+00
4.535010002857959677e+01,3.741375250272190645e+00
4.537010574449843148e+01,2.997602634475453609e+00
4.539011146041726619e+01,3.597880878594422960e+00
4.541011717633610090e+01,2.997507554718353173e+00
4.543012289225492850e+01,3.538760570673783690e+00
4.545012860817376321e+01,3.343635721389075943e+00
4.547013432409259792e+01,3.323771693509819158e+00
4.549014004001143263e+01,2.993001138303781783e+00
4.551014575593026734e+01,4.298777514876275241e+00
4.553015147184910205e+01,3.715387446601416066e+00
4.555015718776793676e+01,3.144699332819001825e+00
4.557016290368677147e+01,3.746748926304740657e+00
4.559016861960560618e+01,3.407109516786218428e+00
4.561017433552444089e+01,4.204848004222777824e+00
4.563018005144326850e+01,3.019107475942527152e+00
4.565018576736210321e+01,3.332220706216728168e+00
4.567019148328093792e+01,3.871214005940476266e+00
4.569019719919977263e+01,3.420378542452767068e+00
4.571020291511860734e+01,3.506647204334908174e+00
4.573020863103744205e+01,3.766896428022215471e+00
4.575021434695627676e+01,4.318423567226713722e+00
4.577022006287511147e+01,3.617884057916371354e+00
4.579022577879394618e+01,3.712944148440656900e+00
4.581023149471277378e+01,3.987046887021673758e+00
4.583023721063160849e+01,3.824838598056537364e+00
4.585024292655044320e+01,3.074502932343075035e+00
4.587024864246927791e+01,3.642329744820735016e+00
4.589025435838811262e+01,4.076674087940999947e+00
4.591026007430694733e+01,4.073430590228195314e+00
4.593026579022578204e+01,3.548643569133755449e+00
4.595027150614461675e+01,3.292835984971082208e+00
4.597027722206345146e+01,4.758819273426484919e+00
4.599028293798228617e+01,4.133060633421947294e+00
4.601028865390111378e+01,3.768085998689081340e+00
4.603029436981994849e+01,4.211998968537370658e+00
4.605030008573878320e+01,4.450014869641928605e+00
4.607030580165761791e+01,4.171744977807885668e+00
4.609031151757645262e+01,4.881359997027180597e+00
4.611031723349528733e+01,4.678297881460814267e+00
4.613032294941412204e+01,3.663455646137773414e+00
4.615032866533295675e+01,3.989287884049797839e+00
4.617033438125179146e+01,4.685916679541175078e+00
4.619034009717061906e+01,4.382319156481988998e+00
4.621034581308945377e+01,4.719630904960977702e+00
4.623035152900828848e+01,4.434520891461927405e+00
4.625035724492712319e+01,4.921391133837870413e+00
4.627036296084595790e+01,5.214758970337110000e+00
4.629036867676479261e+01,4.488998709321791125e+00
4.631037439268362732e+01,4.449926109583905998e+00
4.633038010860246203e+01,4.944652457300048987e+00
4.635038582452129674e+01,4.907697549181087027e+00
4.637039154044012434e+01,6.142173305536781314e+00
4.639039725635895905e+01,6.243455262771418823e+00
4.641040297227779376e+01,5.831147065042636690e+00
4.643040868819662847e+01,6.398566731859536283e+00
4.645041440411546319e+01,5.729490229552117952e+00
4.647042012003429790e+01,6.222929463003127992e+00
4.649042583595313261e+01,6.566633250944957645e+00
4.651043155187196732e+01,7.153916630477707983e+00
4.653043726779080203e+01,6.593357924673524550e+00
4.655044298370963674e+01,6.790856284566457290e+00
4.657044869962846434e+01,6.417751657893017381e+00
4.659045441554729905e+01,6.197709022496187714e+00
4.661046013146613376e+01,6.049925320564950582e+00
4.663046584738496847e+01,6.486713480731648218e+00
4.665047156330380318e+01,6.865914519471163935e+00
4.667047727922263789e+01,6.137745229685572568e+00
4.669048299514147260e+01,6.028363732966150579e+00
4.671048871106030731e+01,6.441505469850344667e+00
4.673049442697914202e+01,6.016378074485505323e+00
4.675050014289796962e+01,6.420815112767957800e+00
4.677050585881680433e+01,6.059680999512092825e+00
4.679051157473563904e+01,5.681768321721873960e+00
4.681051729065447375e+01,5.303069779837198183e+00
4.683052300657330846e+01,5.031634022717203614e+00
4.685052872249214317e+01,5.766558465534775024e+00
4.687053443841097788e+01,5.913398031542913102e+00
4.689054015432981259e+01,5.925365915326199939e+00
4.691054587024864730e+01,5.421273801213935428e+00
4.693055158616748201e+01,5.360671016502240427e+00
4.695055730208630962e+01,4.615344398758105093e+00
4.697056301800514433e+01,5.085877466197844754e+00
4.699056873392397904e+01,5.068639713153045179e+00
4.701057444984281375e+01,5.426857673226720635e+00
4.703058016576164846e+01,5.681915886856105935e+00
4.705058588168048317e+01,4.894135863039483780e+00
4.707059159759931788e+01,5.362833368997073080e+00
4.709059731351815259e+01,5.387692044640419731e+00
4.711060302943698730e+01,5.080593045387081119e+00
4.713060874535581490e+01,5.062533173796946784e+00
4.715061446127464961e+01,4.227304902724370095e+00
4.717062017719348432e+01,4.400713910987248845e+00
4.719062589311231903e+01,4.461254831294866996e+00
4.721063160903115374e+01,4.284512769353324479e+00
4.723063732494998845e+01,4.901757506973432044e+00
4.725064304086882316e+01,4.466484667091166649e+00
4.727064875678765787e+01,4.501102167619233541e+00
4.729065447270649258e+01,5.158196746709795555e+00
4.731066018862532019e+01,4.807330047070947465e+00
4.733066590454415490e+01,4.563921579179401888e+00
4.735067162046298961e+01,4.899102145874892678e+00
4.737067733638182432e+01,4.322306157010900485e+00
4.739068305230065903e+01,5.140833387008522770e+00
4.741068876821949374e+01,4.559022099910732706e+00
4.743069448413832845e+01,5.382577618705894018e+00
4.745070020005716316e+01,5.019909758031253943e+00
4.747070591597599787e+01,4.636513005053736869e+00
4.749071163189483258e+01,4.542842977960797057e+00
4.751071734781366018e+01,6.320302098913527011e+00
4.753072306373249489e+01,5.463567070890917421e+00
4.755072877965132960e+01,5.829743030998752573e+00
4.757073449557016431e+01,6.273275601095015475e+00
4.759074021148899902e+01,5.568242397914866970e+00
4.761074592740783373e+01,6.774940208774188122e+00
4.763075164332666844e+01,7.486704791954626792e+00
4.765075735924550315e+01,8.116701519752277605e+00
4.767076307516433786e+01,7.830154311295210334e+00
4.769076879108316547e+01,7.659210508256708572e+00
4.771077450700200018e+01,8.048653547024070321e+00
4.773078022292083489e+01,9.020206129423518959e+00
4.775078593883966960e+01,9.397428032231324835e+00
4.777079165475850431e+01,9.440335759870876586e+00
4.779079737067733902e+01,9.793224592848515542e+00
4.781080308659617373e+01,1.065931751749771550e+01
4.783080880251500844e+01,1.038512951215837354e+01
4.785081451843384315e+01,1.100935186009878208e+01
4.787082023435267075e+01,1.200207865858426359e+01
4.789082595027150546e+01,1.183580696222581707e+01
4.791083166619034017e+01,1.247988443953128623e+01
4.793083738210917488e+01,1.266350698606648706e+01
4.795084309802800959e+01,1.242817013772898349e+01
4.797084881394684430e+01,1.174433102374647930e+01
4.799085452986567901e+01,1.172924555216849640e+01
4.801086024578451372e+01,1.251136458416564956e+01
4.803086596170334843e+01,1.168412460841244815e+01
4.805087167762218314e+01,1.242836879901272695e+01
4.807087739354101075e+01,1.112210226514150690e+01
4.809088310945984546e+01,1.166406335724555454e+01
4.811088882537868017e+01,1.070011653768450977e+01
4.813089454129751488e+01,1.040403801633978276e+01
4.815090025721634959e+01,1.056148467802521296e+01
4.817090597313518430e+01,9.785210890072123746e+00
4.819091168905401901e+01,8.771475846161376211e+00
4.821091740497285372e+01,9.206213258196140004e+00
4.823092312089168843e+01,8.888957882137404454e+00
4.825092883681051603e+01,7.791124948565602004e+00
4.827093455272935074e+01,7.354137965140216338e+00
4.829094026864818545e+01,7.648797135992588814e+00
4.831094598456702016e+01,7.642105130083451492e+00
4.833095170048585487e+01,6.912522244023408646e+00
4.835095741640468958e+01,7.099908116297129368e+00
4.837096313232352429e+01,7.013971654462837435e+00
4.839096884824235900e+01,6.748071668898511177e+00
4.841097456416119371e+01,6.958205334267526965e+00
4.843098028008002842e+01,6.111271129624205045e+00
4.845098599599885603e+01,6.676640170469072544e+00
4.847099171191769074e+01,7.175924788997060766e+00
4.849099742783652545e+01,6.573730462095555893e+00
4.851100314375536016e+01,5.897442462253740025e+00
4.853100885967419487e+01,6.174983709241657515e+00
4.855101457559302958e+01,7.237232542778345490e+00
4.857102029151186429e+01,7.058893966534330211e+00
4.859102600743069900e+01,7.577541904758541946e+00
4.861103172334953371e+01,6.956749245014528960e+00
4.863103743926836131e+01,8.030644289548668269e+00
4.865104315518719602e+01,7.919179265851973071e+00
4.867104887110603073e+01,7.527570407724841317e+00
4.869105458702486544e+01,8.288737496980827402e+00
4.871106030294370015e+01,8.941430113027429627e+00
4.873106601886253486e+01,9.549922208458584194e+00
4.875107173478136957e+01,1.080049204095801230e+01
4.877107745070020428e+01,1.117899533531674905e+01
4.879108316661903899e+01,1.142995230082668812e+01
4.881108888253786660e+01,1.311817221415581258e+01
4.883109459845670131e+01,1.377700475292443549e+01
4.885110031437553602e+01,1.535507479572217626e+01
4.887110603029437073e+01,1.543391993931004791e+01
4.889111174621320544e+01,1.770382543974064049e+01
4.891111746213204015e+01,1.872310217859169867e+01
4.893112317805087486e+01,1.897181484736352886e+01
4.895112889396970957e+01,1.978831300412290517e+01
4.897113460988854428e+01,2.143131431965047184e+01
4.899114032580737899e+01,2.282687781946418681e+01
4.901114604172620659e+01,2.342062015951421827e+01
4.903115175764504130e+01,2.426957991490471755e+01
4.905115747356387601e+01,2.454399113117904108e+01
4.907116318948271072e+01,2.465216262453859386e+01
4.909116890540154543e+01,2.437661990121979727e+01
4.911117462132038014e+01,2.451745636223316893e+01
4.913118033723921485e+01,2.436757202403962452e+01
4.915118605315804956e+01,2.390195906338194476e+01
4.917119176907688427e+01,2.248552607193274966e+01
4.919119748499571187e+01,2.194720566718440580e+01
4.921120320091454658e+01,2.054678935591170941e+01
4.923120891683338129e+01,1.887337596121162520e+01
4.925121463275221600e+01,1.834452623794210524e+01
4.927122034867105071e+01,1.630803832371411488e+01
4.929122606458988542e+01,1.557293476405198973e+01
4.931123178050872014e+01,1.488714916602480365e+01
4.933123749642755485e+01,1.290474081940350182e+01
4.935124321234638956e+01,1.238459303798007483e+01
4.937124892826522427e+01,1.146604586213523547e+01
4.939125464418405187e+01,1.017437789690862537e+01
4.941126036010288658e+01,9.673367712228454707e+00
4.943126607602172129e+01,9.423171813825229393e+00
4.945127179194055600e+01,9.547015352450742398e+00
4.947127750785939071e+01,8.035490141284846288e+00
4.949128322377822542e+01,8.125442356208752770e+00
4.951128893969706013e+01,7.722512859729723900e+00
4.953129465561589484e+01,7.959018993134771236e+00
4.955130037153472955e+01,7.954014613753284557e+00
4.957130608745355715e+01,7.527625403318417341e+00
4.959131180337239186e+01,7.516478012231625705e+00
4.961131751929122657e+01,7.789144423385302218e+00
4.963132323521006128e+01,7.457833950809711787e+00
4.965132895112889599e+01,8.409651160500919431e+00
4.967133466704773070e+01,8.418561178412662827e+00
4.969134038296656541e+01,8.391995389044415887e+00
4.971134609888540012e+01,8.775580618141169964e+00
4.973135181480423483e+01,9.034825122561800370e+00
4.975135753072306244e+01,1.048568260196526225e+01
4.977136324664189715e+01,1.011023391656075532e+01
4.979136896256073186e+01,1.051645590830965915e+01
4.981137467847956657e+01,1.043807490399662008e+01
4.983138039439840128e+01,1.141478779223212747e+01
4.985138611031723599e+01,1.291083754981281118e+01
4.987139182623607070e+01,1.341594701589764860e+01
4.989139754215490541e+01,1.436340912857855301e+01
4.991140325807374012e+01,1.462432056109191159e+01
4.993140897399257483e+01,1.582566655013488699e+01
4.995141468991140243e+01,1.590116296368863402e+01
4.997142040583023714e+01,1.684143458932181048e+01
4.999142612174907185e+01,1.778665750167588300e+01
5.001143183766790656e+01,1.837670438644003568e+01
5.003143755358674127e+01,1.843142350405460661e+01
5.005144326950557598e+01,2.029254383217072899e+01
5.007144898542441069e+01,2.040536857854589670e+01
5.009145470134324540e+01,2.011572742578599104e+01
5.011146041726208011e+01,2.092586612514031330e+01
5.013146613318090772e+01,2.013494367545278507e+01
5.015147184909974243e+01,2.051515135397294642e+01
5.017147756501857714e+01,2.022048861904875139e+01
5.019148328093741185e+01,1.940462775287216246e+01
5.021148899685624656e+01,1.942698943541446965e+01
5.023149471277508127e+01,1.859627563531266503e+01
5.025150042869391598e+01,1.752943910710228437e+01
5.027150614461275069e+01,1.709760927138215081e+01
5.029151186053158540e+01,1.660420440871338599e+01
5.031151757645042011e+01,1.570123638568909463e+01
5.033152329236924771e+01,1.453561554908320375e+01
5.035152900828808242e+01,1.346064624105238039e+01
5.037153472420691713e+01,1.258276603559796136e+01
5.039154044012575184e+01,1.104347093817527892e+01
5.041154615604458655e+01,1.071335412455153957e+01
5.043155187196342126e+01,9.767682140470665075e+00
5.045155758788225597e+01,9.349394885254531218e+00
5.047156330380109068e+01,8.948838825910568673e+00
5.049156901971992539e+01,7.369562672537846915e+00
5.051157473563875300e+01,7.586863370830920772e+00
5.053158045155758771e+01,7.203424169346490658e+00
5.055158616747642242e+01,6.188960102952387743e+00
5.057159188339525713e+01,6.665764437212551741e+00
5.059159759931409184e+01,6.003963839201350794e+00
5.061160331523292655e+01,5.856688777368040277e+00
5.063160903115176126e+01,6.091994657304259597e+00
5.065161474707059597e+01,5.204845449955353587e+00
5.067162046298943068e+01,5.692517039738278051e+00
5.069162617890825828e+01,5.599255379193863291e+00
5.071163189482709299e+01,4.798454652557891720e+00
5.073163761074592770e+01,5.530881768905682172e+00
5.075164332666476241e+01,4.918813323175137420e+00
5.077164904258359712e+01,5.208010193252634146e+00
5.079165475850243183e+01,4.667270531175641501e+00
5.081166047442126654e+01,5.244028204378629709e+00
5.083166619034010125e+01,4.816737241887820709e+00
5.085167190625893596e+01,4.861559896877420961e+00
5.087167762217777067e+01,4.592054992525152812e+00
5.089168333809659828e+01,5.380231421295434302e+00
5.091168905401543299e+01,4.798567670899309690e+00
5.093169476993426770e+01,4.240320761584956522e+00
5.095170048585310241e+01,4.606176037847907523e+00
5.097170620177193712e+01,4.893445891004487791e+00
5.099171191769077183e+01,4.845726038644397882e+00
5.101171763360960654e+01,4.581256951120964871e+00
5.103172334952844125e+01,5.075979125525346802e+00
5.105172906544727596e+01,5.255903765769969205e+00
5.107173478136610356e+01,5.614751319204920321e+00
5.109174049728493827e+01,4.753861377901325014e+00
5.111174621320377298e+01,5.364699451614407977e+00
5.113175192912260769e+01,5.249802092077722193e+00
5.115175764504144240e+01,4.862972074582178728e+00
5.117176336096027711e+01,5.439138054204959438e+00
5.119176907687911182e+01,5.422577423402038299e+00
5.121177479279794653e+01,5.099056866249136455e+00
5.123178050871678124e+01,5.738955160197756200e+00
5.125178622463561595e+01,4.974800168160041558e+00
5.127179194055444356e+01,4.341526403557624647e+00
5.129179765647327827e+01,4.916367268707334759e+00
5.131180337239211298e+01,4.205144257567811295e+00
5.133180908831094769e+01,4.626668186903939883e+00
5.135181480422978240e+01,4.774537222857520469e+00
5.137182052014861711e+01,4.374692678293423675e+00
5.139182623606745182e+01,4.533555394822865736e+00
5.141183195198628653e+01,4.554557072731371115e+00
5.143183766790512124e+01,4.012433459117788814e+00
5.145184338382394884e+01,4.121783513722230730e+00
5.147184909974278355e+01,4.284065071196720531e+00
5.149185481566161826e+01,4.597637118381318722e+00
5.151186053158045297e+01,3.931410750359685125e+00
5.153186624749928768e+01,4.872521907399539387e+00
5.155187196341812239e+01,3.461575786393610521e+00
5.157187767933695710e+01,3.187143350889654059e+00
5.159188339525579181e+01,4.020728620570380940e+00
5.161188911117462652e+01,3.618537211236566353e+00
5.163189482709345413e+01,4.198131744351656813e+00
5.165190054301228884e+01,4.314124118148864540e+00
5.167190625893112355e+01,4.606667986609321197e+00
5.169191197484995826e+01,4.499820465967165894e+00
5.171191769076879297e+01,3.840172063069279940e+00
5.173192340668762768e+01,3.752845909709398242e+00
5.175192912260646239e+01,3.968544362930360059e+00
5.177193483852529710e+01,3.578599425387219757e+00
5.179194055444413181e+01,3.291617813684875937e+00
5.181194627036296652e+01,3.944214836569424509e+00
5.183195198628179412e+01,4.135318051359300640e+00
5.185195770220062883e+01,4.203844355947588873e+00
5.187196341811946354e+01,3.837114085687937326e+00
5.189196913403829825e+01,3.380909647844278609e+00
5.191197484995713296e+01,3.142474121750423510e+00
5.193198056587596767e+01,3.440026742039152818e+00
5.195198628179480238e+01,3.437440147614482022e+00
5.197199199771363709e+01,3.538612019719133528e+00
5.199199771363247180e+01,4.189858336008739137e+00
5.201200342955129940e+01,3.608262654698773275e+00
5.203200914547013411e+01,2.959447773171749230e+00
5.205201486138896882e+01,4.089528361923487232e+00
5.207202057730780353e+01,3.808540576078998985e+00
5.209202629322663824e+01,3.770405808884021770e+00
5.211203200914547295e+01,3.961246536131135088e+00
5.213203772506430766e+01,3.650625123489536161e+00
5.215204344098314237e+01,3.727034871733949206e+00
5.217204915690197708e+01,3.207134089893002304e+00
5.219205487282081180e+01,4.123470705867848807e+00
5.221206058873963940e+01,4.342872752824044724e+00
5.223206630465847411e+01,3.884160152272363664e+00
5.225207202057730882e+01,3.631105772742705629e+00
5.227207773649614353e+01,3.919626901821120946e+00
5.229208345241497824e+01,4.780938463859254028e+00
5.231208916833381295e+01,4.663889262760598342e+00
5.233209488425264766e+01,4.681415637183974354e+00
5.235210060017148237e+01,3.684852563280843984e+00
5.237210631609031708e+01,3.941830048343660575e+00
5.239211203200914468e+01,3.555469608300541040e+00
5.241211774792797939e+01,4.322053447629746081e+00
5.243212346384681410e+01,4.035735484634196624e+00
5.245212917976564881e+01,4.949066710534954616e+00
5.247213489568448352e+01,5.188559713186448263e+00
5.249214061160331823e+01,5.229090322918580114e+00
5.251214632752215294e+01,4.860865965420699375e+00
5.253215204344098765e+01,4.552076846716319736e+00
5.255215775935982236e+01,5.708658624943200977e+00
5.257216347527864997e+01,5.056508944557523755e+00
5.259216919119748468e+01,5.417503877041741411e+00
5.261217490711631939e+01,5.529570433883653990e+00
5.263218062303515410e+01,6.466462560560772843e+00
5.265218633895398881e+01,6.628321543081641565e+00
5.267219205487282352e+01,6.779460424340479463e+00
5.269219777079165823e+01,7.116551223312878705e+00
5.271220348671049294e+01,7.127204265390099991e+00
5.273220920262932765e+01,7.859147719551611289e+00
5.275221491854816236e+01,7.616022917608164633e+00
5.277222063446698996e+01,8.557613227082606855e+00
5.279222635038582467e+01,7.991006069915669308e+00
5.281223206630465938e+01,9.109458390613593082e+00
5.283223778222349409e+01,8.953694126126434227e+00
5.285224349814232880e+01,9.828155304954700355e+00
5.287224921406116351e+01,9.747633921107240695e+00
5.289225492997999822e+01,1.027677451148539234e+01
5.291226064589883293e+01,1.041853631574537076e+01
5.293226636181766764e+01,1.126031609648034859e+01
5.295227207773649525e+01,1.137214855468767105e+01
5.297227779365532996e+01,1.105751475469770462e+01
5.299228350957416467e+01,1.203954279962478324e+01
5.301228922549299938e+01,1.102825619459165019e+01
5.303229494141183409e+01,1.111800968135859691e+01
5.305230065733066880e+01,1.141531684068485930e+01
5.307230637324950351e+01,1.166404659323600868e+01
5.309231208916833822e+01,1.153211591675927572e+01
5.311231780508717293e+01,1.134868247086239279e+01
5.313232352100600764e+01,1.139820570321370496e+01
5.315232923692483524e+01,1.166363333095844901e+01
5.317233495284366995e+01,1.077837448252467922e+01
5.319234066876250466e+01,1.077426715262856050e+01
5.321234638468133937e+01,1.053756501898506670e+01
5.323235210060017408e+01,1.069456977083302895e+01
5.325235781651900879e+01,1.004358298006714811e+01
5.327236353243784350e+01,1.038384006061322395e+01
5.329236924835667821e+01,9.480902691020276052e+00
5.331237496427551292e+01,9.646309080628471477e+00
5.333238068019434053e+01,8.746069984494651450e+00
5.335238639611317524e+01,8.419741226280091695e+00
5.337239211203200995e+01,7.983665965986011415e+00
5.339239782795084466e+01,7.771748557562558446e+00
5.341240354386967937e+01,6.944356573218136930e+00
5.343240925978851408e+01,6.721382082612247011e+00
5.345241497570734879e+01,6.072704842421275728e+00
5.347242069162618350e+01,6.126943707767823710e+00
5.349242640754501821e+01,5.987866165382468964e+00
5.351243212346384581e+01,5.968034594256884873e+00
5.353243783938268052e+01,6.188739307727997740e+00
5.355244355530151523e+01,5.594758488180563205e+00
5.357244927122034994e+01,5.654168030810341250e+00
5.359245498713918465e+01,4.843814246414064328e+00
5.361246070305801936e+01,4.772044628596320948e+00
5.363246641897685407e+01,4.807597050555382445e+00
5.365247213489568878e+01,5.046660217570646090e+00
5.367247785081452349e+01,4.462018012185497540e+00
5.369248356673335820e+01,3.932187791687642431e+00
5.371248928265218581e+01,4.775934754517521696e+00
5.373249499857102052e+01,5.172374168170653874e+00
5.375250071448985523e+01,4.881030986055971965e+00
5.377250643040868994e+01,4.052107174280861202e+00
5.379251214632752465e+01,3.765993638293068546e+00
5.381251786224635936e+01,4.490893071014626869e+00
5.383252357816519407e+01,4.726317554288826273e+00
5.385252929408402878e+01,4.027228410503960632e+00
5.387253501000286349e+01,4.863863928439763562e+00
5.389254072592169109e+01,4.117645500505653366e+00
5.391254644184052580e+01,5.254048871990274705e+00
5.393255215775936051e+01,4.377596337743010046e+00
5.395255787367819522e+01,5.320378566478526139e+00
5.397256358959702993e+01,4.729962492483540615e+00
5.399256930551586464e+01,5.461325294495500415e+00
5.401257502143469935e+01,4.618985329072722301e+00
5.403258073735353406e+01,5.451256180368337922e+00
5.405258645327236877e+01,4.866326537355006643e+00
5.407259216919120348e+01,5.629491812060283706e+00
5.409259788511003109e+01,4.779337653858300783e+00
5.411260360102886580e+01,5.075538137727125587e+00
5.413260931694770051e+01,4.901991674283774358e+00
5.415261503286653522e+01,4.546213572435426009e+00
5.417262074878536993e+01,5.236401047126589603e+00
5.419262646470420464e+01,4.755541342447459741e+00
5.421263218062303935e+01,5.702877089056407556e+00
5.423263789654187406e+01,5.423381207576502661e+00
5.425264361246070877e+01,4.540879515074339068e+00
5.427264932837953637e+01,5.498361011434526269e+00
5.429265504429837108e+01,5.598712619977654903e+00
5.431266076021720579e+01,6.045139524132400410e+00
5.433266647613604050e+01,6.290754957221941446e+00
5.435267219205487521e+01,5.759132833031030074e+00
5.437267790797370992e+01,6.007721385730821595e+00
5.439268362389254463e+01,6.610368465526987869e+00
5.441268933981137934e+01,6.698538729353187726e+00
5.443269505573021405e+01,7.135025264757355323e+00
5.445270077164904166e+01,7.186779510337046872e+00
5.447270648756787637e+01,7.689041335795521626e+00
5.449271220348671108e+01,7.486314361463644040e+00
5.451271791940554579e+01,8.058743418348388587e+00
5.453272363532438050e+01,8.006087848248432337e+00
5.455272935124321521e+01,8.058892834241543568e+00
5.457273506716204992e+01,8.261752186796028852e+00
5.459274078308088463e+01,8.221277683513264378e+00
5.461274649899971934e+01,8.808687024391337772e+00
5.463275221491855405e+01,8.685864318769208836e+00
5.465275793083738165e+01,8.797480343354667554e+00
5.467276364675621636e+01,8.798628069904411930e+00
5.469276936267505107e+01,8.223354004177258147e+00
5.471277507859388578e+01,8.023463433683001966e+00
5.473278079451272049e+01,7.587144541545632670e+00
5.475278651043155520e+01,8.231006803580259046e+00
5.477279222635038991e+01,7.272939174669526885e+00
5.479279794226922462e+01,7.290915125617088322e+00
5.481280365818805933e+01,6.935639244189287567e+00
5.483280937410688693e+01,6.826064727649359121e+00
5.485281509002572164e+01,7.108673286898316235e+00
5.487282080594455635e+01,6.392325158291355613e+00
5.489282652186339106e+01,5.308713850183502281e+00
5.491283223778222577e+01,5.344230059745504136e+00
5.493283795370106048e+01,5.996157264594923930e+00
5.495284366961989519e+01,4.964821322963307360e+00
5.497284938553872990e+01,5.254618412841907116e+00
5.499285510145756461e+01,5.251099539107751291e+00
5.501286081737639222e+01,5.100682537117489090e+00
5.503286653329522693e+01,4.973037007469020665e+00
5.505287224921406164e+01,4.877622345774139667e+00
5.507287796513289635e+01,4.794548025482787246e+00
5.509288368105173106e+01,4.288077801013682411e+00
5.511288939697056577e+01,3.980422841763344266e+00
5.513289511288940048e+01,4.087692767647920888e+00
5.515290082880823519e+01,4.321723419786336784e+00
5.517290654472706990e+01,4.178783997675859396e+00
5.519291226064590461e+01,3.677953029063351309e+00
5.521291797656473221e+01,4.399808011259578322e+00
5.523292369248356692e+01,3.940947656201416294e+00
5.525292940840240163e+01,3.539484011410228170e+00
5.527293512432123634e+01,3.989786847304771289e+00
5.529294084024007105e+01,4.693297198547633720e+00
5.531294655615890576e+01,4.415721358890484893e+00
5.533295227207774047e+01,4.180406536439924992e+00
5.535295798799657518e+01,4.840573722040431903e+00
5.537296370391540989e+01,4.198055277275725139e+00
5.539296941983423750e+01,4.443745486497362229e+00
5.541297513575307221e+01,4.560869918833504677e+00
5.543298085167190692e+01,4.508904259426354422e+00
5.545298656759074163e+01,5.281143555449970606e+00
5.547299228350957634e+01,4.635787042729230478e+00
5.549299799942841105e+01,4.639858562376968365e+00
5.551300371534724576e+01,5.278483501687444956e+00
5.553300943126608047e+01,4.029746979285481423e+00
5.555301514718491518e+01,5.210239015034781929e+00
5.557302086310374989e+01,4.987386630867709947e+00
5.559302657902257749e+01,5.589637333995781887e+00
5.561303229494141220e+01,5.615499771125291417e+00
5.563303801086024691e+01,5.159371678417208784e+00
5.565304372677908162e+01,6.025640385517734288e+00
5.567304944269791633e+01,6.342804174739750778e+00
5.569305515861675104e+01,5.937363222738124335e+00
5.571306087453558575e+01,6.977351702785259846e+00
5.573306659045442046e+01,6.919780507863215746e+00
5.575307230637325517e+01,6.487833980273108203e+00
5.577307802229208278e+01,7.698008599904566651e+00
5.579308373821091749e+01,8.802514164600861335e+00
5.581308945412975220e+01,9.060689395053607598e+00
5.583309517004858691e+01,9.412095735292913545e+00
5.585310088596742162e+01,9.401752025174555882e+00
5.587310660188625633e+01,1.061838035567437188e+01
5.589311231780509104e+01,1.146866523906940571e+01
5.591311803372392575e+01,1.208701484244645386e+01
5.593312374964276046e+01,1.315836988808337793e+01
5.595312946556158806e+01,1.352832791419126757e+01
5.597313518148042277e+01,1.515049592717570093e+01
5.599314089739925748e+01,1.551434141868051952e+01
5.601314661331809219e+01,1.670575068219450898e+01
5.603315232923692690e+01,1.671369773521938740e+01
5.605315804515576161e+01,1.859283501488652846e+01
5.607316376107459632e+01,1.929713206493318012e+01
5.609316947699343103e+01,1.968527041768160046e+01
5.611317519291226574e+01,2.095048685827427448e+01
5.613318090883110045e+01,2.013750960421375424e+01
5.615318662474992806e+01,2.083786504797305383e+01
5.617319234066876277e+01,2.129510206436799535e+01
5.619319805658759748e+01,2.192668791034012088e+01
5.621320377250643219e+01,2.264363086352885546e+01
5.623320948842526690e+01,2.206346844462458634e+01
5.625321520434410161e+01,2.323524286234890113e+01
5.627322092026293632e+01,2.275186930244557715e+01
5.629322663618177103e+01,2.341619253532775957e+01
5.631323235210060574e+01,2.273917389789549048e+01
5.633323806801943334e+01,2.287758798786569514e+01
5.635324378393826805e+01,2.293915613437668100e+01
5.637324949985710276e+01,2.188192808904905462e+01
5.639325521577593747e+01,2.130688751455368291e+01
5.641326093169477218e+01,2.120657841887541295e+01
5.643326664761360689e+01,1.990274471383127519e+01
5.645327236353244160e+01,1.928083609957265665e+01
5.647327807945127631e+01,1.865436256891192457e+01
5.649328379537011102e+01,1.786848902355495028e+01
5.651328951128894573e+01,1.677726880712732083e+01
5.653329522720777334e+01,1.594582200170889408e+01
5.655330094312660805e+01,1.584473016195247652e+01
5.657330665904544276e+01,1.398593431218095873e+01
5.659331237496427747e+01,1.368079851887222986e+01
5.661331809088311218e+01,1.353435176786481975e+01
5.663332380680194689e+01,1.256713140387558525e+01
5.665332952272078160e+01,1.233498802175006581e+01
5.667333523863961631e+01,1.220981297804047827e+01
5.669334095455845102e+01,1.177304547513108801e+01
5.671334667047727862e+01,1.177788744908716190e+01
5.673335238639611333e+01,1.007908674870038013e+01
5.675335810231494804e+01,9.959764374806860943e+00
5.677336381823378275e+01,1.011529169394704297e+01
5.679336953415261746e+01,9.254368160148020550e+00
5.681337525007145217e+01,9.642069262003168717e+00
5.683338096599028688e+01,9.624895467098159685e+00
5.685338668190912159e+01,9.063179105441589556e+00
5.687339239782795630e+01,7.768653179563767885e+00
5.689339811374678391e+01,7.717003954954853029e+00
5.691340382966561862e+01,7.555255286471085796e+00
5.693340954558445333e+01,7.097067878987072476e+00
5.695341526150328804e+01,6.577504860710671863e+00
5.697342097742212275e+01,6.747360103166917256e+00
5.699342669334095746e+01,6.203411359176895346e+00
5.701343240925979217e+01,6.106500379184430116e+00
5.703343812517862688e+01,5.658775034564725637e+00
5.705344384109746159e+01,5.643153303722124647e+00
5.707344955701629630e+01,4.875611671087762389e+00
5.709345527293512390e+01,5.302079840289647628e+00
5.711346098885395861e+01,4.630475316196132063e+00
5.713346670477279332e+01,4.921948550543506329e+00
5.715347242069162803e+01,4.928710076807685248e+00
5.717347813661046274e+01,4.222257764339329533e+00
5.719348385252929745e+01,4.276210749376915032e+00
5.721348956844813216e+01,3.765558151333503467e+00
5.723349528436696687e+01,3.642971092845904924e+00
5.725350100028580158e+01,4.934679178788121234e+00
5.727350671620462919e+01,3.973967307252736170e+00
5.729351243212346390e+01,4.771278306250683166e+00
5.731351814804229861e+01,4.299264512625208035e+00
5.733352386396113332e+01,3.634998290104263230e+00
5.735352957987996803e+01,3.909482186020247774e+00
5.737353529579880274e+01,4.229954115117921631e+00
5.739354101171763745e+01,4.323956430231661763e+00
5.741354672763647216e+01,3.880720036258635819e+00
5.743355244355530687e+01,4.069323437091204809e+00
5.745355815947414158e+01,4.261842725352551042e+00
5.747356387539296918e+01,3.449391558714306694e+00
5.749356959131180389e+01,4.282054502511535965e+00
5.751357530723063860e+01,4.192765852348708577e+00
5.753358102314947331e+01,3.704141104762055825e+00
5.755358673906830802e+01,4.761208638763203993e+00
5.757359245498714273e+01,3.758071114777664423e+00
5.759359817090597744e+01,4.184312660805796114e+00
5.761360388682481215e+01,3.532470016571016558e+00
5.763360960274364686e+01,3.552673575317755184e+00
5.765361531866247446e+01,3.568571045872129144e+00
5.767362103458130917e+01,4.230569294782970502e+00
5.769362675050014388e+01,3.635970330634481940e+00
5.771363246641897859e+01,4.538259920730059349e+00
5.773363818233781330e+01,4.036925006384657344e+00
5.775364389825664801e+01,3.494889498732093980e+00
5.777364961417548272e+01,3.475833668361475226e+00
5.779365533009431743e+01,4.571273137160921429e+00
5.781366104601315214e+01,3.788697735842843528e+00
5.783366676193197975e+01,3.237141496618538117e+00
5.785367247785081446e+01,3.561138148889484434e+00
5.787367819376964917e+01,3.358211111777180236e+00
5.789368390968848388e+01,3.700966072571998389e+00
5.791368962560731859e+01,3.451654201608775896e+00
5.793369534152615330e+01,3.367049177801667348e+00
5.795370105744498801e+01,4.420764082538696016e+00
5.797370677336382272e+01,4.191896921020061839e+00
5.799371248928265743e+01,3.195461348236453336e+00
5.801371820520149214e+01,4.224338394539159935e+00
5.803372392112031974e+01,3.753067300383336580e+00
5.805372963703915445e+01,3.910686580940808010e+00
5.807373535295798916e+01,4.686778990534946843e+00
5.809374106887682387e+01,3.737367478831314482e+00
5.811374678479565858e+01,4.550210029021217295e+00
5.813375250071449329e+01,3.529851870790070123e+00
5.815375821663332800e+01,3.686272618051603889e+00
5.817376393255216271e+01,4.421539993079099062e+00
5.819376964847099742e+01,3.597003236685637706e+00
5.821377536438982503e+01,4.181583611347448048e+00
5.823378108030865974e+01,4.142682413534547692e+00
5.825378679622749445e+01,3.737566998280613007e+00
5.827379251214632916e+01,4.702110663459396989e+00
5.829379822806516387e+01,5.042175661362199079e+00
5.831380394398399858e+01,4.998808700986325348e+00
5.833380965990283329e+01,4.133497963625114124e+00
5.835381537582166800e+01,4.711149904016976642e+00
5.837382109174050271e+01,4.467121373199803180e+00
5.839382680765933742e+01,4.134390043829546002e+00
5.841383252357816502e+01,4.743047817743161865e+00
5.843383823949699973e+01,5.158699499555975621e+00
5.845384395541583444e+01,4.288956937217902166e+00
5.847384967133466915e+01,4.814703733554924092e+00
5.849385538725350386e+01,4.494358798686366008e+00
5.851386110317233857e+01,5.229264939456137462e+00
5.853386681909117328e+01,5.292636671090774847e+00
5.855387253501000799e+01,5.543271813601981179e+00
5.857387825092884270e+01,4.873436928865943152e+00
5.859388396684767031e+01,4.536632137091019423e+00
5.861388968276650502e+01,6.158217022694154608e+00
5.863389539868533973e+01,5.814041163544968249e+00
5.865390111460417444e+01,6.080930208237825596e+00
5.867390683052300915e+01,5.766190377001394474e+00
5.869391254644184386e+01,6.394008177089599343e+00
5.871391826236067857e+01,6.073276690824650714e+00
5.873392397827951328e+01,6.568313286387812866e+00
5.875392969419834799e+01,6.505036822453786449e+00
5.877393541011717559e+01,6.370835208377107151e+00
5.879394112603601030e+01,5.897766212780767958e+00
5.881394684195484501e+01,6.918842464142582749e+00
5.883395255787367972e+01,7.602436944870371249e+00
5.885395827379251443e+01,6.686512056184494845e+00
5.887396398971134914e+01,7.356810424180171282e+00
5.889396970563018385e+01,6.215615836442276887e+00
5.891397542154901856e+01,6.967443149340935449e+00
5.893398113746785327e+01,6.596181917922384841e+00
5.895398685338668798e+01,7.024054494923196224e+00
5.897399256930551559e+01,7.177309504485143599e+00
5.899399828522435030e+01,6.635779505543807133e+00
5.901400400114318501e+01,7.000261628480259901e+00
5.903400971706201972e+01,6.857395077693855256e+00
5.905401543298085443e+01,6.636482912269240586e+00
5.907402114889968914e+01,6.782502695087917921e+00
5.909402686481852385e+01,6.125700919433501923e+00
5.911403258073735856e+01,7.302795097636028743e+00
5.913403829665619327e+01,6.479376122518260672e+00
5.915404401257502087e+01,6.906299742758957194e+00
5.917404972849385558e+01,6.185025209749326791e+00
5.919405544441269029e+01,6.128094305381853957e+00
5.921406116033152500e+01,7.375199621679335849e+00
5.923406687625035971e+01,6.407174249698769586e+00
5.925407259216919442e+01,6.310655713087610863e+00
5.927407830808802913e+01,7.648938808927454147e+00
5.929408402400686384e+01,6.284696535064505873e+00
5.931408973992569855e+01,7.375539492448228707e+00
5.933409545584453326e+01,6.743269679671735517e+00
5.935410117176336087e+01,7.489363839317084270e+00
5.937410688768219558e+01,7.051072536149952441e+00
5.939411260360103029e+01,7.424939995656498759e+00
5.941411831951986500e+01,7.279773704002920454e+00
5.943412403543869971e+01,7.581820687575804740e+00
5.945412975135753442e+01,6.835668512352825132e+00
5.947413546727636913e+01,7.993468024258533866e+00
5.949414118319520384e+01,7.707493523358635024e+00
5.951414689911403855e+01,8.733762888530272051e+00
5.953415261503286615e+01,8.491138198599021081e+00
5.955415833095170086e+01,9.702585631965606083e+00
5.957416404687053557e+01,8.503912135307503561e+00
5.959416976278937028e+01,1.008820015293583872e+01
5.961417547870820499e+01,9.906249176962463210e+00
5.963418119462703970e+01,1.050045515108472216e+01
5.965418691054587441e+01,1.066146514333840223e+01
5.967419262646470912e+01,1.067327783699523991e+01
5.969419834238354383e+01,1.210516563607291296e+01
5.971420405830237144e+01,1.226113727051759028e+01
5.973420977422120615e+01,1.280914344957327344e+01
5.975421549014004086e+01,1.360607508425517409e+01
5.977422120605887557e+01,1.396373221337045045e+01
5.979422692197771028e+01,1.441864400269205149e+01
5.981423263789654499e+01,1.525899595133229347e+01
5.983423835381537970e+01,1.590050832638965339e+01
5.985424406973421441e+01,1.668348112571719710e+01
5.987424978565304912e+01,1.674494496242913044e+01
5.989425550157188383e+01,1.708057077070377971e+01
5.991426121749071143e+01,1.755046715684878578e+01
5.993426693340954614e+01,1.778763156588574290e+01
5.995427264932838085e+01,1.794065761287673055e+01
5.997427836524721556e+01,1.869468469294069024e+01
5.999428408116605027e+01,1.818631812980002849e+01
6.001428979708488498e+01,1.762078253026892227e+01
6.003429551300371969e+01,1.762669587037946428e+01
6.005430122892255440e+01,1.816765311182678388e+01
6.007430694484138911e+01,1.700357389998081103e+01
6.009431266076021672e+01,1.715405522395338167e+01
6.011431837667905143e+01,1.601568809024153950e+01
6.013432409259788614e+01,1.588835339147824754e+01
6.015432980851672085e+01,1.448892802219389431e+01
6.017433552443555556e+01,1.400008537249879659e+01
6.019434124035439027e+01,1.287103385816938328e+01
6.021434695627322498e+01,1.305323577370586108e+01
6.023435267219205969e+01,1.164368309952299896e+01
6.025435838811089440e+01,1.067257903061855018e+01
6.027436410402972911e+01,1.073303227146246641e+01
6.029436981994855671e+01,1.034704526909652245e+01
6.031437553586739142e+01,9.853013092259772066e+00
6.033438125178622613e+01,8.354247552895119000e+00
6.035438696770506084e+01,9.466904782720529710e+00
6.037439268362389555e+01,8.530082436907312271e+00
6.039439839954273026e+01,8.254347963021411161e+00
6.041440411546156497e+01,8.130133988306930348e+00
6.043440983138039968e+01,7.742344629276431078e+00
6.045441554729923439e+01,7.704676594083330166e+00
6.047442126321806199e+01,8.174780467687554619e+00
6.049442697913689670e+01,7.253567991564404238e+00
6.051443269505573141e+01,7.470053939200106186e+00
6.053443841097456612e+01,6.966255990059385006e+00
6.055444412689340083e+01,7.528284370328713671e+00
6.057444984281223554e+01,6.567871742108953192e+00
6.059445555873107025e+01,6.233486503124709088e+00
6.061446127464990496e+01,6.816325476218419332e+00
6.063446699056873967e+01,6.182574874105294604e+00
6.065447270648756728e+01,6.062825489250309730e+00
6.067447842240640199e+01,6.621510496066695950e+00
6.069448413832523670e+01,5.923066748653592839e+00
6.071448985424407141e+01,6.098827059744937884e+00
6.073449557016290612e+01,6.262947869177364346e+00
6.075450128608174083e+01,5.295851443879831422e+00
6.077450700200057554e+01,5.613462128976835608e+00
6.079451271791941025e+01,4.933949061938487368e+00
6.081451843383824496e+01,5.220695550639160132e+00
6.083452414975707967e+01,4.662248889619794667e+00
6.085452986567590727e+01,5.094976524388526329e+00
6.087453558159474198e+01,5.134625769025135789e+00
6.089454129751357669e+01,5.183644532627218027e+00
6.091454701343241140e+01,5.023855042563043050e+00
6.093455272935124611e+01,5.528992403183346838e+00
6.095455844527008082e+01,5.164966459539497734e+00
6.097456416118891553e+01,4.716873950258328563e+00
6.099456987710775024e+01,4.760816233240579898e+00
6.101457559302658495e+01,4.524175683026268047e+00
6.103458130894541256e+01,4.776750157388196527e+00
6.105458702486424727e+01,4.373479297546708722e+00
6.107459274078308198e+01,5.046055748482766390e+00
6.109459845670191669e+01,4.914741196316811056e+00
6.111460417262075140e+01,4.858686166797073547e+00
6.113460988853958611e+01,4.598930151953820378e+00
6.115461560445842082e+01,5.283091693766815311e+00
6.117462132037725553e+01,5.139554041734125889e+00
6.119462703629609024e+01,4.593127294415274342e+00
6.121463275221492495e+01,5.338754553112605272e+00
6.123463846813375255e+01,4.746142513221889736e+00
6.125464418405258726e+01,5.909966953674766543e+00
6.127464989997142197e+01,5.928599504501814721e+00
6.129465561589025668e+01,4.645578776277243804e+00
6.131466133180909139e+01,4.796864284019508595e+00
6.133466704772792610e+01,4.847314749525445166e+00
6.135467276364676081e+01,4.781199809028397141e+00
6.137467847956559552e+01,4.639563485450171498e+00
6.139468419548443023e+01,5.216356075384892321e+00
6.141468991140325784e+01,5.411343753616860930e+00
6.143469562732209255e+01,4.724802743162819674e+00
6.145470134324092726e+01,5.012704121649064426e+00
6.147470705915976197e+01,5.063557225742195911e+00
6.149471277507859668e+01,5.187403861181611120e+00
6.151471849099743139e+01,4.049697577718989194e+00
6.153472420691626610e+01,5.014877085889994923e+00
6.155472992283510081e+01,4.742151876936782529e+00
6.157473563875393552e+01,5.171478353204600253e+00
6.159474135467276312e+01,5.371962503325788063e+00
6.161474707059159783e+01,5.357845043249124473e+00
6.163475278651043254e+01,4.925183429502211219e+00
6.165475850242926725e+01,5.109715834299634274e+00
6.167476421834810196e+01,5.995216315700247378e+00
6.169476993426693667e+01,5.641885926625006320e+00
6.171477565018577138e+01,5.460040624198724046e+00
6.173478136610460609e+01,6.402637425468075349e+00
6.175478708202344080e+01,6.795494773631446606e+00
6.177479279794227551e+01,6.163467667240324133e+00
6.179479851386110312e+01,6.637299615025023414e+00
6.181480422977993783e+01,6.994389675424184105e+00
6.183480994569877254e+01,6.714366221754644926e+00
6.185481566161760725e+01,6.987340439489834409e+00
6.187482137753644196e+01,7.078159635788118464e+00
6.189482709345527667e+01,6.920788456781082232e+00
6.191483280937411138e+01,6.396212725441619895e+00
6.193483852529294609e+01,6.835600601361042195e+00
6.195484424121178080e+01,6.092812348667926869e+00
6.197484995713060840e+01,5.887091234229698600e+00
6.199485567304944311e+01,6.265850939318125867e+00
6.201486138896827782e+01,6.217524092738524466e+00
6.203486710488711253e+01,6.051795773850539462e+00
6.205487282080594724e+01,5.452949248356070200e+00
6.207487853672478195e+01,5.490607547162600355e+00
6.209488425264361666e+01,4.075756628231207657e+00
6.211488996856245137e+01,5.419003510972169479e+00
6.213489568448128608e+01,4.684689723408504314e+00
6.215490140040011369e+01,3.979577810246476943e+00
6.217490711631894840e+01,5.074025058978785196e+00
6.219491283223778311e+01,4.400243882934882222e+00
6.221491854815661782e+01,4.235798540145527369e+00
6.223492426407545253e+01,4.705389859304260014e+00
6.225492997999428724e+01,4.616964045991404753e+00
6.227493569591312195e+01,4.081217471701106270e+00
6.229494141183195666e+01,4.419474375636911923e+00
6.231494712775079137e+01,3.412406887763338670e+00
6.233495284366962608e+01,4.288883136377488192e+00
6.235495855958845368e+01,3.748266935930548271e+00
6.237496427550728839e+01,3.653802012072030703e+00
6.239496999142612310e+01,3.974959772652952861e+00
6.241497570734495781e+01,3.393980410074823428e+00
6.243498142326379252e+01,4.582851548682290499e+00
6.245498713918262723e+01,3.763831408208838880e+00
6.247499285510146194e+01,4.355619761669536238e+00
6.249499857102029665e+01,4.296219005092325460e+00
6.251500428693913136e+01,4.166510606656610882e+00
6.253501000285795897e+01,4.447283814844355199e+00
6.255501571877679368e+01,3.823319796001942272e+00
6.257502143469562839e+01,4.147153462213746700e+00
6.259502715061446310e+01,4.117010173201711254e+00
6.261503286653329781e+01,4.458618975717346444e+00
6.263503858245213252e+01,3.816337906804086799e+00
6.265504429837096723e+01,4.090690192480392895e+00
6.267505001428980194e+01,3.801157485684182546e+00
6.269505573020863665e+01,4.116734129675607257e+00
6.271506144612747136e+01,3.644624760878355740e+00
6.273506716204629896e+01,4.402570233104587949e+00
6.275507287796513367e+01,4.349438510960781379e+00
6.277507859388396838e+01,3.838079626863623250e+00
6.279508430980280309e+01,4.415420943469495541e+00
6.281509002572163780e+01,3.670859682471228957e+00
6.283509574164047251e+01,4.006213582872083734e+00
6.285510145755930722e+01,4.516751733152162274e+00
6.287510717347814193e+01,3.602617881435089764e+00
6.289511288939697664e+01,3.325885730485781622e+00
6.291511860531580425e+01,4.358282714856258622e+00
6.293512432123463896e+01,4.377268361106844807e+00
6.295513003715347367e+01,3.890352793998329339e+00
6.297513575307230838e+01,4.399634308568970198e+00
6.299514146899114309e+01,4.426645349329710655e+00
6.301514718490997780e+01,4.629284586467631080e+00
6.303515290082881251e+01,4.506929123924214409e+00
6.305515861674764722e+01,3.901121109774530638e+00
6.307516433266648193e+01,4.347236223000338740e+00
6.309517004858530953e+01,3.766980482357527471e+00
6.311517576450414424e+01,4.702520730559377249e+00
6.313518148042297895e+01,5.106970073116110953e+00
6.315518719634181366e+01,4.999242777922575875e+00
6.317519291226064837e+01,4.107760973088343981e+00
6.319519862817948308e+01,5.352975296490939172e+00
6.321520434409831779e+01,4.588420080120236832e+00
6.323521006001715250e+01,4.854744918264294995e+00
6.325521577593598721e+01,4.708450358257138646e+00
6.327522149185482192e+01,5.128300900104419746e+00
6.329522720777364952e+01,5.276861357139792652e+00
6.331523292369248423e+01,5.067927066437192707e+00
6.333523863961131894e+01,6.565588169032492871e+00
6.335524435553015365e+01,5.851166865896760605e+00
6.337525007144898836e+01,6.774713707830591680e+00
6.339525578736782307e+01,6.023045580039019242e+00
6.341526150328665778e+01,6.812275147108060480e+00
6.343526721920549249e+01,6.944979637214195201e+00
6.345527293512432720e+01,7.076012675115437744e+00
6.347527865104315481e+01,7.895055056908659274e+00
6.349528436696198952e+01,8.180535488154319523e+00
6.351529008288082423e+01,8.803640296757858863e+00
6.353529579879965894e+01,8.935309159596375395e+00
6.355530151471849365e+01,9.629131595864404147e+00
6.357530723063732836e+01,9.292988365812362872e+00
6.359531294655616307e+01,1.135581389089747262e+01
6.361531866247499778e+01,1.149626031188704545e+01
6.363532437839383249e+01,1.230308158435558852e+01
6.365533009431266720e+01,1.291012140182224677e+01
6.367533581023149480e+01,1.335050391152516625e+01
6.369534152615032951e+01,1.485129707697288737e+01
6.371534724206916422e+01,1.557776691014069215e+01
6.373535295798799893e+01,1.596638312666795478e+01
6.375535867390683364e+01,1.699482002712111139e+01
6.377536438982566835e+01,1.707295152583991893e+01
6.379537010574450306e+01,1.831486913640060976e+01
6.381537582166333777e+01,1.894071548985394315e+01
6.383538153758217248e+01,1.908130561994439489e+01
6.385538725350100009e+01,1.860569227041779783e+01
6.387539296941983480e+01,1.881348130043166123e+01
6.389539868533866951e+01,1.854632790997300518e+01
6.391540440125750422e+01,1.884324123358261005e+01
6.393541011717633893e+01,1.832009841192014932e+01
6.395541583309517364e+01,1.694316274535163558e+01
6.397542154901400835e+01,1.627902039727672445e+01
6.399542726493284306e+01,1.512091967029288497e+01
6.401543298085167066e+01,1.471849808817684568e+01
6.403543869677051248e+01,1.382147649651731136e+01
6.405544441268934008e+01,1.179458503351855114e+01
6.407545012860816769e+01,1.156893653376912212e+01
6.409545584452700950e+01,1.050787754825861420e+01
6.411546156044585132e+01,1.065282215559003731e+01
6.413546727636467892e+01,9.284282043800315520e+00
6.415547299228350653e+01,8.931762571385224447e+00
6.417547870820234834e+01,8.867796436729063814e+00
6.419548442412119016e+01,7.764559390393499072e+00
6.421549014004001776e+01,7.679884876265775873e+00
6.423549585595884537e+01,7.056251333869905551e+00
6.425550157187768718e+01,7.064780199802799920e+00
6.427550728779651479e+01,7.351755703837799416e+00
6.429551300371534239e+01,6.472631481544601328e+00
6.431551871963418421e+01,7.229208122536297410e+00
6.433552443555302602e+01,6.260073963164696664e+00
6.435553015147185363e+01,6.207155736068068919e+00
6.437553586739068123e+01,6.993092268888688068e+00
6.439554158330952305e+01,6.204598127734547219e+00
6.441554729922835065e+01,7.091971308317688738e+00
6.443555301514717826e+01,7.817633900336073083e+00
6.445555873106602007e+01,7.627710994732144201e+00
6.447556444698486189e+01,7.976057029320515745e+00
6.449557016290368949e+01,9.212217725865270879e+00
6.451557587882251710e+01,9.194052732104330161e+00
6.453558159474135891e+01,9.730240510161555889e+00
6.455558731066020073e+01,1.012633512908020528e+01
6.457559302657902833e+01,1.127801364555944019e+01
6.459559874249785594e+01,1.072242265277596474e+01
6.461560445841669775e+01,1.136133703363428893e+01
6.463561017433552536e+01,1.258906290304555853e+01
6.465561589025435296e+01,1.319250003141745609e+01
6.467562160617319478e+01,1.372310108836430764e+01
6.469562732209203659e+01,1.322937444415116204e+01
6.471563303801086420e+01,1.416859535620595878e+01
6.473563875392969180e+01,1.434265627564358958e+01
6.475564446984853362e+01,1.381818660317660807e+01
6.477565018576737543e+01,1.324768238531058806e+01
6.479565590168618883e+01,1.334466021448783302e+01
6.481566161760503064e+01,1.330385196257539526e+01
6.483566733352387246e+01,1.213488427561989802e+01
6.485567304944270006e+01,1.128506911408841695e+01
6.487567876536152767e+01,1.103871300969725056e+01
6.489568448128036948e+01,1.058728874277856491e+01
6.491569019719921130e+01,1.001208897165724210e+01
6.493569591311803890e+01,9.433106566611845878e+00
6.495570162903686651e+01,8.685071041587178797e+00
6.497570734495570832e+01,7.681103238243547793e+00
6.499571306087453593e+01,8.228155902964399360e+00
6.501571877679336353e+01,7.493020517866667340e+00
6.503572449271220535e+01,6.915949559478212549e+00
6.505573020863104716e+01,7.045839666833551007e+00
6.507573592454987477e+01,6.296354036500483531e+00
6.509574164046870237e+01,6.749074523885697729e+00
6.511574735638754419e+01,6.788135927728388808e+00
6.513575307230638600e+01,6.304204356438440904e+00
6.515575878822521361e+01,6.112224910901669084e+00
6.517576450414404121e+01,6.157831495449139325e+00
6.519577022006288303e+01,5.878066332201165700e+00
6.521577593598171063e+01,6.178113872670687456e+00
6.523578165190053824e+01,5.389940879672693974e+00
6.525578736781938005e+01,6.685142895448803912e+00
6.527579308373822187e+01,6.255339052050929105e+00
6.529579879965704947e+01,7.029389686798384496e+00
6.531580451557587708e+01,6.164528209076598486e+00
6.533581023149471889e+01,6.688776141150277077e+00
6.535581594741354650e+01,6.794026222543642746e+00
6.537582166333237410e+01,6.559376326927223388e+00
6.539582737925121592e+01,7.108376715273737823e+00
6.541583309517005773e+01,6.482282816953905957e+00
6.543583881108888534e+01,6.815064278062400227e+00
6.545584452700771294e+01,7.144239245392013160e+00
6.547585024292655476e+01,6.133898501246403789e+00
6.549585595884539657e+01,6.533749796769627416e+00
6.551586167476422418e+01,5.504654241792115599e+00
6.553586739068305178e+01,5.619683072638890664e+00
6.555587310660189360e+01,5.815090009931462411e+00
6.557587882252072120e+01,5.322789783659185758e+00
6.559588453843954881e+01,5.849043403500923333e+00
6.561589025435839062e+01,5.254923802124550569e+00
6.563589597027723244e+01,4.840891585850282119e+00
6.565590168619606004e+01,5.174785272646086121e+00
6.567590740211488765e+01,4.755107984509670871e+00
6.569591311803372946e+01,4.684542818470971426e+00
6.571591883395257128e+01,4.162522163392114116e+00
6.573592454987138467e+01,3.885073135540957345e+00
6.575593026579022649e+01,4.648647541782453985e+00
6.577593598170906830e+01,4.512921080751961078e+00
6.579594169762789591e+01,4.345471091769051775e+00
6.581594741354672351e+01,4.367202615768286833e+00
6.583595312946556533e+01,4.239917894217612115e+00
6.585595884538440714e+01,4.674412389151098246e+00
6.587596456130323475e+01,3.663205428554709986e+00
6.589597027722206235e+01,4.739183247001483856e+00
6.591597599314090417e+01,3.999984895550753983e+00
6.593598170905973177e+01,3.535350612326821018e+00
6.595598742497855937e+01,4.541846538379028964e+00
6.597599314089740119e+01,4.284032052455152950e+00
6.599599885681624301e+01,4.042399196156518215e+00
6.601600457273507061e+01,4.207150954489028649e+00
6.603601028865389821e+01,4.064094317756151042e+00
6.605601600457274003e+01,4.977577969163986538e+00
6.607602172049158185e+01,4.571310175174235546e+00
6.609602743641040945e+01,3.903538746708214102e+00
6.611603315232923705e+01,4.374278517682224532e+00
6.613603886824807887e+01,4.564526559856337151e+00
6.615604458416690647e+01,4.302302928402451876e+00
6.617605030008573408e+01,4.570164876928187070e+00
6.619605601600457589e+01,4.082832650361432059e+00
6.621606173192341771e+01,5.002651163874093143e+00
6.623606744784224531e+01,4.149013134661007740e+00
6.625607316376107292e+01,4.502002682137836054e+00
6.627607887967991473e+01,5.437285687460322592e+00
6.629608459559874234e+01,4.591484893154555991e+00
6.631609031151756994e+01,4.761166031782515518e+00
6.633609602743641176e+01,4.816996112639713168e+00
6.635610174335525357e+01,5.508579793197444729e+00
6.637610745927408118e+01,5.451202583435882154e+00
6.639611317519290878e+01,4.841100910726176210e+00
6.641611889111175060e+01,5.670934374974449632e+00
6.643612460703059241e+01,4.914402632762187473e+00
6.645613032294942002e+01,5.224668488363212404e+00
6.647613603886824762e+01,4.481114325050436165e+00
6.649614175478708944e+01,5.227356608444607033e+00
6.651614747070591704e+01,4.249680371478572916e+00
6.653615318662474465e+01,4.778162927117255876e+00
6.655615890254358646e+01,5.475504453475557476e+00
6.657616461846242828e+01,4.973622026483017322e+00
6.659617033438125588e+01,5.509369706356835650e+00
6.661617605030008349e+01,4.984705013578237143e+00
6.663618176621892530e+01,4.938051334543213322e+00
6.665618748213776712e+01,5.011997484412299642e+00
6.667619319805658051e+01,4.755350660898415960e+00
6.669619891397542233e+01,5.227910717554922648e+00
6.671620462989426414e+01,6.283301907958332322e+00
6.673621034581309175e+01,5.834062439135109912e+00
6.675621606173191935e+01,6.282977649729278191e+00
6.677622177765076117e+01,6.252599800519760720e+00
6.679622749356960298e+01,7.001974312176652226e+00
6.681623320948843059e+01,6.845129278707853260e+00
6.683623892540725819e+01,7.518053399414583282e+00
6.685624464132610001e+01,8.161420442063770153e+00
6.687625035724492761e+01,8.164025807294121861e+00
6.689625607316375522e+01,7.838497562480544190e+00
6.691626178908259703e+01,9.022029995156513493e+00
6.693626750500143885e+01,9.081693816569094579e+00
6.695627322092026645e+01,9.396750830233520091e+00
6.697627893683909406e+01,9.150733394559736666e+00
6.699628465275793587e+01,1.073865659739920986e+01
6.701629036867677769e+01,1.051577513863321300e+01
6.703629608459560529e+01,1.080916672828191594e+01
6.705630180051443290e+01,1.086188788358228585e+01
6.707630751643327471e+01,1.133850776417542683e+01
6.709631323235210232e+01,1.025181176184311305e+01
6.711631894827092992e+01,1.149535512261772396e+01
6.713632466418977174e+01,1.107187295008486316e+01
6.715633038010861355e+01,1.072912151659937230e+01
6.717633609602744116e+01,1.077526784863642284e+01
6.719634181194626876e+01,1.003903270497513844e+01
6.721634752786511058e+01,1.058472503314947488e+01
6.723635324378393818e+01,1.108764570641559288e+01
6.725635895970276579e+01,1.034971310418480783e+01
6.727636467562160760e+01,1.071410544718970570e+01
6.729637039154044942e+01,1.018581391833788174e+01
6.731637610745927702e+01,9.863980818923996807e+00
6.733638182337810463e+01,1.090844616584033844e+01
6.735638753929694644e+01,9.991335152803596742e+00
6.737639325521578826e+01,1.005140948579244586e+01
6.739639897113461586e+01,1.121368307184440383e+01
6.741640468705344347e+01,1.008388435366054381e+01
6.743641040297228528e+01,1.026980605153149462e+01
6.745641611889111289e+01,1.119580490977076970e+01
6.747642183480994049e+01,1.070001399253266072e+01
6.749642755072878231e+01,1.080497895033867728e+01
6.751643326664762412e+01,1.021495912082758295e+01
6.753643898256645173e+01,1.065754763902354263e+01
6.755644469848527933e+01,9.905347361196801259e+00
6.757645041440412115e+01,9.579816739719269947e+00
6.759645613032296296e+01,9.519085556176719365e+00
6.761646184624177636e+01,9.072397582908084956e+00
6.763646756216061817e+01,8.717843672380427122e+00
6.765647327807945999e+01,8.492244977982149834e+00
6.767647899399828759e+01,8.406796976913373243e+00
6.769648470991711520e+01,7.737416555984702349e+00
6.771649042583595701e+01,7.228900803439350931e+00
6.773649614175479883e+01,7.381771579091057411e+00
6.775650185767362643e+01,6.893148518198117358e+00
6.777650757359245404e+01,6.264183708063876921e+00
6.779651328951129585e+01,6.862958791832094896e+00
6.781651900543012346e+01,6.409044241363913486e+00
6.783652472134895106e+01,6.330994728431448948e+00
6.785653043726779288e+01,6.690043178204112095e+00
6.787653615318663469e+01,6.397160837161111502e+00
6.789654186910546230e+01,6.318309191480770082e+00
6.791654758502428990e+01,6.667646358378932270e+00
6.793655330094313172e+01,6.486747928924874174e+00
6.795655901686197353e+01,5.651150063513345145e+00
6.797656473278080114e+01,6.549973820355017295e+00
6.799657044869962874e+01,6.614494073939743757e+00
6.801657616461847056e+01,6.117954959677201821e+00
6.803658188053729816e+01,6.403343395800201066e+00
6.805658759645612577e+01,7.019017401381113963e+00
6.807659331237496758e+01,5.860982915772097179e+00
6.809659902829380940e+01,5.437641550531185253e+00
6.811660474421263700e+01,6.475425306503375111e+00
6.813661046013146461e+01,6.082589076597099798e+00
6.815661617605030642e+01,5.608651944767846231e+00
6.817662189196913403e+01,6.507630939024616090e+00
6.819662760788796163e+01,5.809882362591530125e+00
6.821663332380680345e+01,5.977457668611949160e+00
6.823663903972564526e+01,6.574015773348254932e+00
6.825664475564447287e+01,6.422114119735605975e+00
6.827665047156330047e+01,5.881228226175001517e+00
6.829665618748214229e+01,6.752949483458903224e+00
6.831666190340098410e+01,5.593245051242832666e+00
6.833666761931981171e+01,6.781579599806415892e+00
6.835667333523863931e+01,5.947484642197421678e+00
6.837667905115748113e+01,5.910241211185478072e+00
6.839668476707630873e+01,5.538124144536623383e+00
6.841669048299513634e+01,5.338439385923699376e+00
6.843669619891397815e+01,5.616964414039978593e+00
6.845670191483281997e+01,5.291200263757717792e+00
6.847670763075164757e+01,4.936095112615162428e+00
6.849671334667047518e+01,5.689324453352356592e+00
6.851671906258931699e+01,6.156729761573402904e+00
6.853672477850815881e+01,6.218883719565477364e+00
6.855673049442697220e+01,6.183209906123798838e+00
6.857673621034581402e+01,6.456497333048502263e+00
6.859674192626465583e+01,6.048473340802205556e+00
6.861674764218348344e+01,7.297134584871914242e+00
6.863675335810231104e+01,6.288379177982241330e+00
6.865675907402115286e+01,7.349835954476679589e+00
6.867676478993999467e+01,6.965771739660943318e+00
6.869677050585882228e+01,7.888465185339256003e+00
6.871677622177764988e+01,8.102109204686353650e+00
6.873678193769649170e+01,8.877060963671636884e+00
6.875678765361531930e+01,8.341581208091829680e+00
6.877679336953414690e+01,9.416101315071513156e+00
6.879679908545298872e+01,9.202535016286173430e+00
6.881680480137183054e+01,1.050256264629203606e+01
6.883681051729065814e+01,1.090847946221268572e+01
6.885681623320948574e+01,1.167352837661791298e+01
6.887682194912832756e+01,1.197072117799136493e+01
6.889682766504716938e+01,1.163492314158450114e+01
6.891683338096599698e+01,1.114275959498509749e+01
6.893683909688482458e+01,1.272168394777651201e+01
6.895684481280366640e+01,1.224641687517457100e+01
6.897685052872249400e+01,1.310076654744730718e+01
6.899685624464132161e+01,1.291406370946065785e+01
6.901686196056016342e+01,1.311654781811391501e+01
6.903686767647900524e+01,1.234384998203597839e+01
6.905687339239783284e+01,1.281424272921098328e+01
6.907687910831666045e+01,1.290586480827417581e+01
6.909688482423550226e+01,1.237444671021505727e+01
6.911689054015432987e+01,1.238664221849752956e+01
6.913689625607315747e+01,1.223063732642348178e+01
6.915690197199199929e+01,1.137283382803007115e+01
6.917690768791084110e+01,1.180529988580447132e+01
6.919691340382966871e+01,1.139672406239106017e+01
6.921691911974849631e+01,1.089214047438252209e+01
6.923692483566733813e+01,1.040870486562525699e+01
6.925693055158617994e+01,1.026804860836721822e+01
6.927693626750500755e+01,9.798675407250984293e+00
6.929694198342383515e+01,9.980619059936730153e+00
6.931694769934267697e+01,8.699253627330737260e+00
6.933695341526150457e+01,8.740568235831510435e+00
6.935695913118033218e+01,7.561318418221210536e+00
6.937696484709917399e+01,8.452233427508742736e+00
6.939697056301801581e+01,7.200607225985664606e+00
6.941697627893684341e+01,7.165450362147512742e+00
6.943698199485567102e+01,6.772162292434840580e+00
6.945698771077451283e+01,7.022331107315802790e+00
6.947699342669335465e+01,5.509036144248026012e+00
6.949699914261216804e+01,6.442224828266285286e+00
6.951700485853100986e+01,5.586932845348369092e+00
6.953701057444985167e+01,5.493422522585172274e+00
6.955701629036867928e+01,5.464897182005096887e+00
6.957702200628750688e+01,5.432571414577940239e+00
6.959702772220634870e+01,5.329530708172507403e+00
6.961703343812519051e+01,4.538727023545208183e+00
6.963703915404401812e+01,4.505884127911652826e+00
6.965704486996284572e+01,5.343502365752540229e+00
6.967705058588168754e+01,4.724335985933865167e+00
6.969705630180051514e+01,4.206913115321345487e+00
6.971706201771934275e+01,4.063867198165228345e+00
6.973706773363818456e+01,4.337866051592785155e+00
6.975707344955702638e+01,4.774804385186936173e+00
6.977707916547585398e+01,4.072686214244386704e+00
6.979708488139468159e+01,4.087884565136241655e+00
6.981709059731352340e+01,4.742809438471335071e+00
6.983709631323236522e+01,5.177815228639053302e+00
6.985710202915119282e+01,4.884484008558874102e+00
6.987710774507002043e+01,5.162571637767076282e+00
6.989711346098886224e+01,4.492588575460510825e+00
6.991711917690768985e+01,4.995681160079197269e+00
6.993712489282651745e+01,5.097198002096965830e+00
6.995713060874535927e+01,5.139043671106270139e+00
6.997713632466420108e+01,5.866868344532681689e+00
6.999714204058302869e+01,4.830926157259351150e+00
7.001714775650185629e+01,4.859450173340524870e+00
7.003715347242069811e+01,4.599579542714296032e+00
7.005715918833952571e+01,5.892825104856625806e+00
7.007716490425835332e+01,5.640224551399928288e+00
7.009717062017719513e+01,5.800932692689579895e+00
7.011717633609603695e+01,5.619244837271775594e+00
7.013718205201486455e+01,5.521462482738559885e+00
7.015718776793369216e+01,5.406723615173538278e+00
7.017719348385253397e+01,5.837853588258709259e+00
7.019719919977137579e+01,5.577999446894439828e+00
7.021720491569020339e+01,6.794480643579291268e+00
7.023721063160903100e+01,6.157246236952725660e+00
7.025721634752787281e+01,6.467790603756112588e+00
7.027722206344670042e+01,5.835938207909347142e+00
7.029722777936552802e+01,6.355913611022565135e+00
7.031723349528436984e+01,6.992446549645941367e+00
7.033723921120321165e+01,6.775821890950135540e+00
7.035724492712203926e+01,6.512404172223472010e+00
7.037725064304086686e+01,6.168792576249783721e+00
7.039725635895970868e+01,7.279137052205051361e+00
7.041726207487855049e+01,7.456255929332772148e+00
7.043726779079736389e+01,7.422343029621075949e+00
7.045727350671620570e+01,8.280000705409030104e+00
7.047727922263504752e+01,8.158678362151755792e+00
7.049728493855387512e+01,8.668646926782336948e+00
7.051729065447270273e+01,9.155705422894449441e+00
7.053729637039154454e+01,9.423750205140027703e+00
7.055730208631038636e+01,9.220641730217730370e+00
7.057730780222921396e+01,9.290797493929852990e+00
7.059731351814804157e+01,9.274970475121531166e+00
7.061731923406688338e+01,9.635758799226723070e+00
7.063732494998571099e+01,1.012253240002417165e+01
7.065733066590453859e+01,1.079595755781087085e+01
7.067733638182338041e+01,1.044572529708816866e+01
7.069734209774222222e+01,1.084083958717145713e+01
7.071734781366104983e+01,9.630885355468665310e+00
7.073735352957987743e+01,1.006619697588125639e+01
7.075735924549871925e+01,1.033232962742969185e+01
7.077736496141756106e+01,1.023437447245630594e+01
7.079737067733638867e+01,9.903254469020932760e+00
7.081737639325521627e+01,9.211578209174300369e+00
7.083738210917405809e+01,9.155496005436221552e+00
7.085738782509288569e+01,9.144788595308485313e+00
7.087739354101171330e+01,9.770276665133813765e+00
7.089739925693055511e+01,8.323859521849247045e+00
7.091740497284939693e+01,8.085068568663396960e+00
7.093741068876822453e+01,8.176043915987214916e+00
7.095741640468705214e+01,8.670309231573172681e+00
7.097742212060589395e+01,8.028518112204427126e+00
7.099742783652472156e+01,7.027596832360612389e+00
7.101743355244354916e+01,7.281298603103983247e+00
7.103743926836239098e+01,7.071995151276771807e+00
7.105744498428123279e+01,6.868837101688962221e+00
7.107745070020006040e+01,6.592905017884355345e+00
7.109745641611888800e+01,6.982538389171152993e+00
7.111746213203772982e+01,7.151234378847296291e+00
7.113746784795657163e+01,6.843087320310866417e+00
7.115747356387539924e+01,6.746992065172826791e+00
7.117747927979422684e+01,6.495532369647650128e+00
7.119748499571306866e+01,6.551645089878650907e+00
7.121749071163189626e+01,6.705502221034222998e+00
7.123749642755072387e+01,6.983990120330863860e+00
7.125750214346956568e+01,7.468183970284157702e+00
7.127750785938840750e+01,6.968771112890202346e+00
7.129751357530723510e+01,7.109544195760294727e+00
7.131751929122606271e+01,6.921606220371185891e+00
7.133752500714490452e+01,8.043376013595246121e+00
7.135753072306374634e+01,7.729774845071032630e+00
7.137753643898255973e+01,8.406963020746712090e+00
7.139754215490140155e+01,9.659880853805445255e+00
7.141754787082024336e+01,9.035427694999066617e+00
7.143755358673907097e+01,9.479613192014632261e+00
7.145755930265789857e+01,1.059786189688129987e+01
7.147756501857674039e+01,1.082854792287389323e+01
7.149757073449558220e+01,1.035115417956570383e+01
7.151757645041440981e+01,1.087599769117108650e+01
7.153758216633323741e+01,1.120359094713949411e+01
7.155758788225207923e+01,1.107165493394093403e+01
7.157759359817090683e+01,1.083601364833014813e+01
7.159759931408973443e+01,1.092323623674922395e+01
7.161760503000857625e+01,1.085420512177977947e+01
7.163761074592741807e+01,1.058248392432986051e+01
7.165761646184624567e+01,1.048371771624124804e+01
7.167762217776507327e+01,1.128237691354227046e+01
7.169762789368391509e+01,1.088283669846903301e+01
7.171763360960275691e+01,1.024321401306456103e+01
7.173763932552158451e+01,1.039308712833090098e+01
7.175764504144041211e+01,1.022255618199116967e+01
7.177765075735925393e+01,1.019423659952789230e+01
7.179765647327808153e+01,1.001620548255925769e+01
7.181766218919690914e+01,1.003696239682156666e+01
7.183766790511575095e+01,1.033631005679642811e+01
7.185767362103459277e+01,1.077206402343819924e+01
7.187767933695342037e+01,1.049272343023162435e+01
7.189768505287224798e+01,1.108813506848923147e+01
7.191769076879108979e+01,1.073590048827002441e+01
7.193769648470991740e+01,1.099813453721463219e+01
7.195770220062874500e+01,1.074178083942125284e+01
7.197770791654758682e+01,1.115455834700958349e+01
7.199771363246642863e+01,1.134219123231486392e+01
7.201771934838525624e+01,1.122933404354576759e+01
7.203772506430408384e+01,1.082550171274817608e+01
7.205773078022292566e+01,1.014476929129679839e+01
7.207773649614176747e+01,1.087033644087467188e+01
7.209774221206059508e+01,1.092513111661509839e+01
7.211774792797942268e+01,9.452390416958216690e+00
7.213775364389826450e+01,9.159048087337257726e+00
7.215775935981709210e+01,8.860361494016849804e+00
7.217776507573591971e+01,9.254800802291795137e+00
7.219777079165476152e+01,8.537779794783681098e+00
7.221777650757360334e+01,8.988182209528323696e+00
7.223778222349243094e+01,8.922379421387615750e+00
7.225778793941125855e+01,9.872592831834396065e+00
7.227779365533010036e+01,9.093396652451049889e+00
7.229779937124894218e+01,8.705751181455031684e+00
7.231780508716775557e+01,9.750691719072856145e+00
7.233781080308659739e+01,9.250765393544567061e+00
7.235781651900543920e+01,9.161849416896279408e+00
7.237782223492426681e+01,8.757218944497898505e+00
7.239782795084309441e+01,8.404575027717640978e+00
7.241783366676193623e+01,9.039793744426606992e+00
7.243783938268077804e+01,8.469865687524787745e+00
7.245784509859960565e+01,9.146901513628719727e+00
7.247785081451843325e+01,8.787132208192097949e+00
7.249785653043727507e+01,8.074527726625055024e+00
7.251786224635610267e+01,8.261074310433860646e+00
7.253786796227493028e+01,8.165802963481809229e+00
7.255787367819377209e+01,7.779943009579472601e+00
7.257787939411261391e+01,8.555539244925551401e+00
7.259788511003144151e+01,7.560951885230293712e+00
7.261789082595026912e+01,6.563503362179384126e+00
7.263789654186911093e+01,7.300665602426341216e+00
7.265790225778795275e+01,6.510407244093589618e+00
7.267790797370678035e+01,6.905998746476767813e+00
7.269791368962560796e+01,5.941508721029790330e+00
7.271791940554444977e+01,6.480132937434900597e+00
7.273792512146327738e+01,6.706031994681156405e+00
7.275793083738210498e+01,6.520609746477904700e+00
7.277793655330094680e+01,6.706355597809801949e+00
7.279794226921978861e+01,6.203429522626513481e+00
7.281794798513861622e+01,6.673117437490001080e+00
7.283795370105744382e+01,6.711842688537885238e+00
7.285795941697628564e+01,6.393076141603050822e+00
7.287796513289511324e+01,6.936676534410924688e+00
7.289797084881394085e+01,6.970026811665059441e+00
7.291797656473278266e+01,6.731312705685474462e+00
7.293798228065162448e+01,6.854250984431235594e+00
7.295798799657045208e+01,6.640058162569358657e+00
7.297799371248927969e+01,7.359867051539397131e+00
7.299799942840812150e+01,7.590077239269269249e+00
7.301800514432696332e+01,7.285176101166101148e+00
7.303801086024579092e+01,7.090787539412688467e+00
7.305801657616461853e+01,6.957859110055038876e+00
7.307802229208346034e+01,7.249187796607229117e+00
7.309802800800228795e+01,7.161362921084344357e+00
7.311803372392111555e+01,7.713999089167406176e+00
7.313803943983995737e+01,7.338732107983740427e+00
7.315804515575879918e+01,7.049619106449746653e+00
7.317805087167762679e+01,7.372812646561655470e+00
7.319805658759645439e+01,7.453534308974188782e+00
7.321806230351529621e+01,6.666513183950006471e+00
7.323806801943413802e+01,6.887617989595908874e+00
7.325807373535295142e+01,6.717340633002164552e+00
7.327807945127179323e+01,6.569036879827637065e+00
7.329808516719063505e+01,5.923343695176954249e+00
7.331809088310946265e+01,7.160491185961092242e+00
7.333809659902829026e+01,6.582381354142513352e+00
7.335810231494713207e+01,6.541981005186801035e+00
7.337810803086597389e+01,5.502004914737177010e+00
7.339811374678480149e+01,5.774420730633373466e+00
7.341811946270362910e+01,5.597246377768642311e+00
7.343812517862247091e+01,5.828897449072257153e+00
7.345813089454129852e+01,5.544533570523779709e+00
7.347813661046012612e+01,5.078333182548070646e+00
7.349814232637896794e+01,5.122425850403420355e+00
7.351814804229780975e+01,4.562880935510245095e+00
7.353815375821663736e+01,4.168499713043586574e+00
7.355815947413546496e+01,4.508720962094534990e+00
7.357816519005430678e+01,4.568335964563435603e+00
7.359817090597314859e+01,4.189267353187675624e+00
7.361817662189197620e+01,4.327449361322202925e+00
7.363818233781080380e+01,3.844556667775404613e+00
7.365818805372964562e+01,4.442408411811332947e+00
7.367819376964847322e+01,3.554222473586988951e+00
7.369819948556730083e+01,4.626702840384236737e+00
7.371820520148614264e+01,4.273909696230997923e+00
7.373821091740498446e+01,3.487296162100260943e+00
7.375821663332381206e+01,3.554238490643714776e+00
7.377822234924263967e+01,3.409180308809272475e+00
7.379822806516148148e+01,4.580502326582555739e+00
7.381823378108030909e+01,3.932535280145228462e+00
7.383823949699913669e+01,4.200190137157714609e+00
7.385824521291797851e+01,3.619108339321842394e+00
7.387825092883682032e+01,3.803576719614436552e+00
7.389825664475564793e+01,3.816880157464957790e+00
7.391826236067447553e+01,3.574119402075783380e+00
7.393826807659331735e+01,4.248458767209670306e+00
7.395827379251215916e+01,3.781975672919978049e+00
7.397827950843098677e+01,4.137148456487681258e+00
7.399828522434981437e+01,4.048635831891740366e+00
7.401829094026865619e+01,4.138827713558375976e+00
7.403829665618748379e+01,3.822045070174030279e+00
7.405830237210632561e+01,3.546180648817857772e+00
7.407830808802515321e+01,4.080217536526390631e+00
7.409831380394398082e+01,3.693713538638987881e+00
7.411831951986282263e+01,3.476745953773369813e+00
7.413832523578165024e+01,3.742108998613124626e+00
7.415833095170049205e+01,3.548988666524974356e+00
7.417833666761931966e+01,3.474786606991976168e+00
7.419834238353816147e+01,3.455338462691298851e+00
7.421834809945698908e+01,3.640929159953063099e+00
7.423835381537583089e+01,3.182948740139016408e+00
7.425835953129465850e+01,3.386653711539284295e+00
7.427836524721348610e+01,3.745696625520006595e+00
7.429837096313232792e+01,3.113193965751432479e+00
7.431837667905115552e+01,4.250855887803940192e+00
7.433838239496999734e+01,2.862451794147769846e+00
7.435838811088882494e+01,4.021727859912657799e+00
7.437839382680766676e+01,4.349948310408739971e+00
7.439839954272649436e+01,3.785437450743263987e+00
7.441840525864533618e+01,4.709324040143746615e+00
7.443841097456416378e+01,4.591765007265501630e+00
7.445841669048300560e+01,4.593590002533508354e+00
7.447842240640183320e+01,4.196232611296540682e+00
7.449842812232066080e+01,3.935204326377150341e+00
7.451843383823950262e+01,4.177942881790237095e+00
7.453843955415833022e+01,3.690129661301266850e+00
7.455844527007717204e+01,4.305982756839977554e+00
7.457845098599599964e+01,4.019026421443123276e+00
7.459845670191484146e+01,4.456485398601094161e+00
7.461846241783366906e+01,4.819661136814215929e+00
7.463846813375251088e+01,4.287315406267111939e+00
7.465847384967133848e+01,4.482592272373378428e+00
7.467847956559016609e+01,4.837073516578760390e+00
7.469848528150900790e+01,4.679697804691551610e+00
7.471849099742783551e+01,4.578330740020047251e+00
7.473849671334667732e+01,4.642070762342889623e+00
7.475850242926550493e+01,4.561801878018316714e+00
7.477850814518434674e+01,4.869895500139475253e+00
7.479851386110317435e+01,4.886611869726907642e+00
7.481851957702201616e+01,4.789108759996612896e+00
7.483852529294084377e+01,3.985548045083797231e+00
7.485853100885967137e+01,4.085574775796475322e+00
7.487853672477851319e+01,4.676286785476865049e+00
7.489854244069734079e+01,4.544870157067430583e+00
7.491854815661618261e+01,4.633626936865320012e+00
7.493855387253501021e+01,4.973114190664970735e+00
7.495855958845385203e+01,3.858024545213334822e+00
7.497856530437267963e+01,5.293920378602436472e+00
7.499857102029152145e+01,5.065863326191082372e+00
7.501857673621034905e+01,5.198422322594531408e+00
7.503858245212917666e+01,4.758752013296843941e+00
7.505858816804801847e+01,5.437171499186100654e+00
7.507859388396684608e+01,5.857685305891624061e+00
7.509859959988568789e+01,4.896946591058300768e+00
7.511860531580451550e+01,6.270022074363317266e+00
7.513861103172335731e+01,6.246682873414759030e+00
7.515861674764218492e+01,5.774380326975899536e+00
7.517862246356102673e+01,5.974754738057820980e+00
7.519862817947985434e+01,5.922318399854119342e+00
7.521863389539868194e+01,7.506431711424463415e+00
7.523863961131752376e+01,7.773161644069576326e+00
7.525864532723635136e+01,7.972905513412919198e+00
7.527865104315519318e+01,7.979369677918697334e+00
7.529865675907402078e+01,8.333205926796900087e+00
7.531866247499286260e+01,8.019518206595289911e+00
7.533866819091169020e+01,8.079953849106583874e+00
7.535867390683053202e+01,8.528694547467194909e+00
7.537867962274935962e+01,9.232740616870287909e+00
7.539868533866820144e+01,9.121283464687980569e+00
7.541869105458702904e+01,8.801416708053183768e+00
7.543869677050585665e+01,8.922936813938386891e+00
7.545870248642469846e+01,8.330103813823580339e+00
7.547870820234352607e+01,8.132540022257579437e+00
7.549871391826236788e+01,7.489291411425961442e+00
7.551871963418119549e+01,7.264714008904161524e+00
7.553872535010003730e+01,8.348424818668771508e+00
7.555873106601886491e+01,7.305843413700326749e+00
7.557873678193770672e+01,6.474758947683924681e+00
7.559874249785653433e+01,6.250301060299636724e+00
7.561874821377536193e+01,6.254567153363262300e+00
7.563875392969420375e+01,6.364872651974577522e+00
7.565875964561303135e+01,6.116047811769844245e+00
7.567876536153187317e+01,5.762854105698573370e+00
7.569877107745070077e+01,5.824976166911570274e+00
7.571877679336954259e+01,4.529758112824446847e+00
7.573878250928837019e+01,4.903898561729493011e+00
7.575878822520721201e+01,4.509799933600778132e+00
7.577879394112603961e+01,4.214919193347435922e+00
7.579879965704486722e+01,4.465203830283348552e+00
7.581880537296370903e+01,4.621813953993814117e+00
7.583881108888253664e+01,4.419134958556195869e+00
7.585881680480137845e+01,4.994749557496043657e+00
7.587882252072020606e+01,4.150744944423974125e+00
7.589882823663904787e+01,4.027672328064161533e+00
7.591883395255787548e+01,3.898538520438108002e+00
7.593883966847671729e+01,4.726782497211084788e+00
7.595884538439554490e+01,3.941692810061314667e+00
7.597885110031437250e+01,3.791698011449730288e+00
7.599885681623321432e+01,4.551123383565836455e+00
7.601886253215204192e+01,4.690432848971476609e+00
7.603886824807088374e+01,4.325644795828644362e+00
7.605887396398971134e+01,3.251217631517367757e+00
7.607887967990855316e+01,4.237187454514316443e+00
7.609888539582738076e+01,3.893847826436998005e+00
7.611889111174622258e+01,4.201789388976362893e+00
7.613889682766505018e+01,4.715452577923150201e+00
7.615890254358387779e+01,3.777981644323403998e+00
7.617890825950271960e+01,3.514061974776161890e+00
7.619891397542154721e+01,3.711767732790341334e+00
7.621891969134038902e+01,4.294130410594581448e+00
7.623892540725921663e+01,4.101784581586812806e+00
7.625893112317805844e+01,4.458000610502479866e+00
7.627893683909688605e+01,4.727887396208424242e+00
7.629894255501572786e+01,3.340689515443290514e+00
7.631894827093455547e+01,3.807096574367264008e+00
7.633895398685339728e+01,3.573085190617808049e+00
7.635895970277222489e+01,4.702626958035633464e+00
7.637896541869105249e+01,4.667761623037361751e+00
7.639897113460989431e+01,4.774812864095420828e+00
7.641897685052872191e+01,4.405373212902895297e+00
7.643898256644756373e+01,4.353471267415292445e+00
7.645898828236639133e+01,3.751028432405675961e+00
7.647899399828523315e+01,3.911352324907803268e+00
7.649899971420406075e+01,4.722041235123283442e+00
7.651900543012290257e+01,4.924951260575733514e+00
7.653901114604173017e+01,4.905416375485287972e+00
7.655901686196055778e+01,4.466576714696036454e+00
7.657902257787939959e+01,4.224670838085829772e+00
7.659902829379822720e+01,3.759913440578669164e+00
7.661903400971706901e+01,3.871971634192672873e+00
7.663903972563589662e+01,4.343588029313649734e+00
7.665904544155473843e+01,4.181985709223508429e+00
7.667905115747356604e+01,3.823852546148939879e+00
7.669905687339240785e+01,3.663214118871564562e+00
7.671906258931123546e+01,3.795812603220641179e+00
7.673906830523006306e+01,3.853313972967953305e+00
7.675907402114890488e+01,3.616893184376588799e+00
7.677907973706773248e+01,4.160314938531272766e+00
7.679908545298657430e+01,4.049364176407858729e+00
7.681909116890540190e+01,3.985795283892564544e+00
7.683909688482424372e+01,4.656911472292345699e+00
7.685910260074307132e+01,4.036243347103969370e+00
7.687910831666191314e+01,3.590933515430778211e+00
7.689911403258074074e+01,3.869620260415025381e+00
7.691911974849956835e+01,4.430296204920211700e+00
7.693912546441841016e+01,3.935030902563878996e+00
7.695913118033723777e+01,3.765088661199022635e+00
7.697913689625607958e+01,3.614163494819543576e+00
7.699914261217490719e+01,3.983425597925791095e+00
7.701914832809374900e+01,4.408757893983853648e+00
7.703915404401257661e+01,4.405499346492490531e+00
7.705915975993141842e+01,3.811479350593518056e+00
7.707916547585024603e+01,4.004906835610759330e+00
7.709917119176907363e+01,4.661684255471483240e+00
7.711917690768791545e+01,3.884186456745426064e+00
7.713918262360674305e+01,4.228735168419314405e+00
7.715918833952558487e+01,4.721099200350673541e+00
7.717919405544441247e+01,4.145218127579840761e+00
7.719919977136325429e+01,5.333838387451500296e+00
7.721920548728208189e+01,4.014562693038983276e+00
7.723921120320092371e+01,4.963168450210970306e+00
7.725921691911975131e+01,5.614033118594114136e+00
7.727922263503859313e+01,4.883443315945426022e+00
7.729922835095742073e+01,5.880775196018124262e+00
7.731923406687624833e+01,6.493278174311174489e+00
7.733923978279509015e+01,6.315555013465354861e+00
7.735924549871391775e+01,6.959429735313660714e+00
7.737925121463275957e+01,6.758326159106422537e+00
7.739925693055158717e+01,6.880459968057490272e+00
7.741926264647042899e+01,7.248824979318888140e+00
7.743926836238925659e+01,8.729712877647074265e+00
7.745927407830809841e+01,8.540625828804698116e+00
7.747927979422692601e+01,9.004883365758189484e+00
7.749928551014575362e+01,9.649942994971780763e+00
7.751929122606459543e+01,1.064291014790426715e+01
7.753929694198342304e+01,1.072269552736578468e+01
7.755930265790226485e+01,1.178399237669716015e+01
7.757930837382109246e+01,1.203889294634972096e+01
7.759931408973993427e+01,1.239474290670879597e+01
7.761931980565876188e+01,1.344187252681994238e+01
7.763932552157760369e+01,1.451325702420426467e+01
7.765933123749643130e+01,1.484141685637602137e+01
7.767933695341525890e+01,1.530151694537116924e+01
7.769934266933410072e+01,1.533883445248343769e+01
7.771934838525292832e+01,1.552318217020001434e+01
7.773935410117177014e+01,1.621002191638106993e+01
7.775935981709059774e+01,1.654632036411598506e+01
7.777936553300943956e+01,1.613753452244675657e+01
7.779937124892826716e+01,1.611613167311324801e+01
7.781937696484710898e+01,1.551228418576296697e+01
7.783938268076593658e+01,1.576352845719533846e+01
7.785938839668476419e+01,1.495788058190932723e+01
7.787939411260360600e+01,1.441388754941722716e+01
7.789939982852243361e+01,1.425506470459911945e+01
7.791940554444127542e+01,1.415782322996740561e+01
7.793941126036010303e+01,1.297260398460430864e+01
7.795941697627894484e+01,1.263493791365422503e+01
7.797942269219777245e+01,1.103253634470590683e+01
7.799942840811661426e+01,1.114844494174573697e+01
7.801943412403544187e+01,1.082152212801074853e+01
7.803943983995426947e+01,1.046528009317635011e+01
7.805944555587311129e+01,9.397257996367372357e+00
7.807945127179193889e+01,9.513699845386549114e+00
7.809945698771078071e+01,8.758122743246641306e+00
7.811946270362960831e+01,7.871902787470096641e+00
7.813946841954845013e+01,8.010439828194602541e+00
7.815947413546727773e+01,6.583630771966986650e+00
7.817947985138611955e+01,6.577803434462973442e+00
7.819948556730494715e+01,6.437550697744868877e+00
7.821949128322378897e+01,5.849739802056289406e+00
7.823949699914261657e+01,6.337723292952998300e+00
7.825950271506144418e+01,5.574606310920255936e+00
7.827950843098028599e+01,5.724282090714746474e+00
7.829951414689911360e+01,5.186244431666635180e+00
7.831951986281795541e+01,5.992372036425417825e+00
7.833952557873678302e+01,4.818785462472094494e+00
7.835953129465562483e+01,4.682117977601311765e+00
7.837953701057445244e+01,4.646025910224215849e+00
7.839954272649329425e+01,4.331612520189918492e+00
7.841954844241212186e+01,4.486656659320390261e+00
7.843955415833094946e+01,3.978791730269509053e+00
7.845955987424979128e+01,4.403963521395223957e+00
7.847956559016861888e+01,5.481551360430331421e+00
7.849957130608746070e+01,4.303980806870070452e+00
7.851957702200628830e+01,3.949409513185666576e+00
7.853958273792513012e+01,5.463459706311835085e+00
7.855958845384395772e+01,4.716798945444019786e+00
7.857959416976279954e+01,4.495927347646530237e+00
7.859959988568162714e+01,5.574455787649212901e+00
7.861960560160045475e+01,5.288957443493544019e+00
7.863961131751929656e+01,5.578238224344125307e+00
7.865961703343812417e+01,5.427445882591765525e+00
7.867962274935696598e+01,5.828088165353098482e+00
7.869962846527579359e+01,5.147200605749940650e+00
7.871963418119463540e+01,5.296097840283414904e+00
7.873963989711346301e+01,5.823477074291415256e+00
7.875964561303230482e+01,5.418234263344057666e+00
7.877965132895113243e+01,5.430391255704628328e+00
7.879965704486996003e+01,5.393763841401404413e+00
7.881966276078880185e+01,5.498675218088291849e+00
7.883966847670762945e+01,5.680650284256110183e+00
7.885967419262647127e+01,5.426209872757209673e+00
7.887967990854529887e+01,5.161508469828804735e+00
7.889968562446414069e+01,4.647432758732703562e+00
7.891969134038296829e+01,5.065164009818839297e+00
7.893969705630181011e+01,4.929910498090134041e+00
7.895970277222063771e+01,5.977553775508230416e+00
7.897970848813946532e+01,5.398717188491700014e+00
7.899971420405830713e+01,4.808504530686002809e+00
7.901971991997713474e+01,4.105624646713641468e+00
7.903972563589597655e+01,4.647954889050097016e+00
7.905973135181480416e+01,4.505821368771755431e+00
7.907973706773364597e+01,4.856067796679059079e+00
7.909974278365247358e+01,4.181613925529347853e+00
7.911974849957131539e+01,4.630184220914772553e+00
7.913975421549014300e+01,4.611554848896997960e+00
7.915975993140898481e+01,4.091833111319806981e+00
7.917976564732781242e+01,4.212990599285280524e+00
7.919977136324664002e+01,4.491946762818573191e+00
7.921977707916548184e+01,4.584143146851662465e+00
7.923978279508430944e+01,3.879125326983312583e+00
7.925978851100315126e+01,4.097200377178970676e+00
7.927979422692197886e+01,4.275342347282309774e+00
7.929979994284082068e+01,3.953418599882553952e+00
7.931980565875964828e+01,3.114682598193712071e+00
7.933981137467849010e+01,3.692111760271633347e+00
7.935981709059731770e+01,3.718393439748860274e+00
7.937982280651614531e+01,3.750790737089556792e+00
7.939982852243498712e+01,3.777790764712479987e+00
7.941983423835381473e+01,3.580004852726811571e+00
7.943983995427265654e+01,3.557957839996802818e+00
7.945984567019148415e+01,3.349324705388359913e+00
7.947985138611032596e+01,4.566552294038704218e+00
7.949985710202915357e+01,3.532846953770897969e+00
7.951986281794799538e+01,3.703758133932418151e+00
7.953986853386682299e+01,4.223798192728183132e+00
7.955987424978565059e+01,3.848776298880167257e+00
7.957987996570449241e+01,4.102919252341235890e+00
7.959988568162332001e+01,3.331942621492161027e+00
7.961989139754216183e+01,4.196100742629885971e+00
7.963989711346098943e+01,4.673234745853372729e+00
7.965990282937983125e+01,3.298887790771643846e+00
7.967990854529865885e+01,3.738437760273956911e+00
7.969991426121750067e+01,3.297992694485178955e+00
7.971991997713632827e+01,3.797817077183429646e+00
7.973992569305515588e+01,3.520790449015799517e+00
7.975993140897399769e+01,3.876594101340109955e+00
7.977993712489282530e+01,3.537210886612351057e+00
7.979994284081166711e+01,4.479914521560154128e+00
7.981994855673049472e+01,3.924383677183908681e+00
7.983995427264933653e+01,4.239813821310757902e+00
7.985995998856816414e+01,3.925664604382720579e+00
7.987996570448700595e+01,4.681153006079791901e+00
7.989997142040583356e+01,4.042784231386399085e+00
7.991997713632466116e+01,3.897537846779328241e+00
7.993998285224350298e+01,3.680951433375658333e+00
7.995998856816233058e+01,4.212092624596059487e+00
7.997999428408117240e+01,4.804668852256149592e+00
8.000000000000000000e+01,3.647810310629440611e+00
