angle,intensity
1.000000000000000000e+01,1.243935320409746970e-01
1.002000571591883471e+01,5.795733868251734533e-01
1.004001143183766764e+01,1.840514934427073923e+00
1.006001714775650235e+01,7.515845946109245279e-01
1.008002286367533529e+01,4.507735182097681870e-01
1.010002857959417000e+01,1.046731080918619883e+00
1.012003429551300293e+01,1.907424034454656026e+00
1.014004001143183764e+01,7.783882412988245569e-01
1.016004572735067235e+01,1.339937342665365350e+00
1.018005144326950528e+01,1.006105592172626073e+00
1.020005715918833999e+01,7.083538755126129738e-01
1.022006287510717293e+01,1.523602847294096119e+00
1.024006859102600764e+01,5.397147074982360238e-01
1.026007430694484057e+01,1.842175052447306394e+00
1.028008002286367528e+01,9.343676251927314214e-01
1.030008573878250999e+01,1.345373473512315288e+00
1.032009145470134293e+01,1.844250634015944579e+00
1.034009717062017764e+01,8.070306845970403042e-01
1.036010288653901057e+01,1.928183813450160988e+00
1.038010860245784528e+01,1.061575248878986244e+00
1.040011431837667999e+01,2.361632767462961968e-01
1.042012003429551292e+01,1.602707890164502547e-01
1.044012575021434763e+01,1.550884944121116993e+00
1.046013146613318057e+01,5.791935801548193652e-01
1.048013718205201528e+01,7.932963293081033429e-01
1.050014289797084821e+01,1.492057362645136998e+00
1.052014861388968292e+01,8.108642811264356043e-01
1.054015432980851585e+01,4.210717572959152277e-01
1.056016004572735056e+01,1.874802319773786863e+00
1.058016576164618527e+01,1.366233235019572723e+00
1.060017147756501821e+01,1.434635254392405246e+00
1.062017719348385292e+01,1.643332748688189682e+00
1.064018290940268585e+01,1.370301736491837508e+00
1.066018862532152056e+01,2.000552602334815244e+00
1.068019434124035527e+01,1.885471413694595588e+00
1.070020005715918820e+01,2.080108494468039915e+00
1.072020577307802292e+01,1.886151565142759612e+00
1.074021148899685585e+01,1.563651931198394074e+00
1.076021720491569056e+01,1.037780764475740192e+00
1.078022292083452349e+01,2.091174175949872538e+00
1.080022863675335820e+01,1.161469984642180764e+00
1.082023435267219291e+01,1.309194565641413899e+00
1.084024006859102585e+01,5.016501839698072063e-01
1.086024578450986056e+01,3.792241999897972282e-01
1.088025150042869349e+01,1.883916681058343645e+00
1.090025721634752820e+01,8.217812543889689847e-01
1.092026293226636113e+01,1.519032217413611718e+00
1.094026864818519584e+01,2.074344736780564524e+00
1.096027436410403055e+01,2.159730586511778849e+00
1.098028008002286349e+01,9.540532485018768938e-01
1.100028579594169820e+01,9.899947323268476485e-01
1.102029151186053113e+01,1.818684349214527707e+00
1.104029722777936584e+01,1.484357845241271567e+00
1.106030294369819877e+01,2.022155898748716485e+00
1.108030865961703348e+01,1.668188496830318002e+00
1.110031437553586819e+01,1.326253217992206634e+00
1.112032009145470113e+01,1.634876919492880276e+00
1.114032580737353584e+01,1.216871772439858557e+00
1.116033152329236877e+01,1.287009990163657802e+00
1.118033723921120348e+01,1.875154960920558000e+00
1.120034295513003642e+01,9.642090725174425891e-01
1.122034867104887113e+01,9.937130533092292106e-01
1.124035438696770584e+01,5.707912074032751581e-01
1.126036010288653877e+01,1.448995543009404807e+00
1.128036581880537348e+01,8.564717166187556519e-01
1.130037153472420641e+01,6.278876150323355887e-01
1.132037725064304112e+01,1.105724217012921562e+00
1.134038296656187583e+01,7.958090907843360373e-01
1.136038868248070877e+01,5.866495317132844889e-01
1.138039439839954348e+01,1.375122433625775686e+00
1.140040011431837641e+01,2.113573543611988015e+00
1.142040583023721112e+01,1.167541145883239428e+00
1.144041154615604405e+01,7.970350918953127417e-01
1.146041726207487876e+01,2.269428362793173726e+00
1.148042297799371170e+01,9.718677973524849634e-01
1.150042869391254641e+01,5.836408325521950102e-01
1.152043440983138112e+01,2.094477708855689180e+00
1.154044012575021405e+01,2.021160595734991627e+00
1.156044584166904876e+01,2.304692018853918611e+00
1.158045155758788169e+01,7.878954191278901842e-01
1.160045727350671640e+01,1.803387826674920591e+00
1.162046298942555111e+01,1.728060370806871360e+00
1.164046870534438405e+01,2.309259838067574844e+00
1.166047442126321876e+01,1.206304729752050608e+00
1.168048013718205169e+01,1.413539928304657689e+00
1.170048585310088640e+01,1.423894211024536061e+00
1.172049156901971934e+01,2.174660495114716596e+00
1.174049728493855405e+01,1.072490329191801095e+00
1.176050300085738698e+01,2.012664751312523759e+00
1.178050871677622169e+01,8.135582554648747022e-01
1.180051443269505640e+01,7.758936529461362142e-01
1.182052014861388933e+01,7.370948225674884835e-01
1.184052586453272404e+01,6.553307285809689686e-01
1.186053158045155698e+01,8.675953658895819709e-01
1.188053729637039169e+01,2.333155328893336655e+00
1.190054301228922640e+01,2.085413306479699358e+00
1.192054872820805933e+01,1.336050504673001127e+00
1.194055444412689404e+01,2.547242350688738277e+00
1.196056016004572697e+01,2.206728714412139691e+00
1.198056587596456168e+01,2.304658799332961472e+00
1.200057159188339639e+01,1.826372344205675402e+00
1.202057730780222933e+01,1.676533075709091269e+00
1.204058302372106226e+01,2.529321784030525322e+00
1.206058873963989697e+01,2.175625936712885178e+00
1.208059445555873168e+01,9.806830899637885013e-01
1.210060017147756461e+01,1.728418618411388996e+00
1.212060588739639932e+01,9.839556529748679781e-01
1.214061160331523226e+01,1.202188192724154892e+00
1.216061731923406697e+01,1.357460770862342958e+00
1.218062303515290168e+01,2.045884025409359541e+00
1.220062875107173461e+01,2.612579631956073012e+00
1.222063446699056932e+01,1.320471689923938596e+00
1.224064018290940226e+01,1.983700400112814011e+00
1.226064589882823697e+01,1.455322982900437268e+00
1.228065161474707168e+01,1.063780305560340311e+00
1.230065733066590461e+01,7.945187646935244485e-01
1.232066304658473754e+01,9.187393482339921702e-01
1.234066876250357225e+01,1.363473158346299341e+00
1.236067447842240696e+01,1.797944953534251988e+00
1.238068019434123990e+01,1.544028425831708740e+00
1.240068591026007461e+01,1.478354174431728341e+00
1.242069162617890754e+01,1.888941485760653682e+00
1.244069734209774225e+01,1.678617158409409837e+00
1.246070305801657696e+01,2.164630001491251843e+00
1.248070877393540989e+01,1.575832485358292789e+00
1.250071448985424460e+01,2.381290669743775457e+00
1.252072020577307754e+01,9.187378915886794672e-01
1.254072592169191225e+01,1.196122964900567576e+00
1.256073163761074696e+01,2.713276685838141411e+00
1.258073735352957989e+01,1.490084810285786654e+00
1.260074306944841460e+01,1.905179458012545624e+00
1.262074878536724754e+01,2.471336199977633097e+00
1.264075450128608225e+01,1.293553097352155845e+00
1.266076021720491518e+01,2.548191524451344669e+00
1.268076593312374989e+01,1.732306365170927398e+00
1.270077164904258282e+01,1.887941768082235905e+00
1.272077736496141753e+01,2.781119256411116236e+00
1.274078308088025224e+01,2.530364110449399018e+00
1.276078879679908518e+01,1.215529873905398572e+00
1.278079451271791989e+01,1.374825689434569398e+00
1.280080022863675282e+01,1.692843705734598858e+00
1.282080594455558753e+01,1.123795936477125723e+00
1.284081166047442224e+01,2.248115983805636819e+00
1.286081737639325517e+01,1.052572877292496711e+00
1.288082309231208988e+01,9.999881520205812224e-01
1.290082880823092282e+01,2.304805522054076405e+00
1.292083452414975753e+01,2.314706684446916185e+00
1.294084024006859224e+01,2.819755855744937811e+00
1.296084595598742517e+01,1.273289072134903721e+00
1.298085167190625810e+01,1.107871725371042171e+00
1.300085738782509281e+01,1.146188374859280046e+00
1.302086310374392752e+01,1.141645930241413698e+00
1.304086881966276046e+01,2.527225834682409911e+00
1.306087453558159517e+01,2.567807605837483909e+00
1.308088025150042810e+01,2.056288743728327706e+00
1.310088596741926281e+01,1.952800104301954942e+00
1.312089168333809752e+01,1.552275714046084332e+00
1.314089739925693046e+01,2.193416743871894337e+00
1.316090311517576517e+01,1.549700041263626593e+00
1.318090883109459810e+01,1.365063882028593412e+00
1.320091454701343281e+01,1.089995804926896295e+00
1.322092026293226752e+01,2.582105866256526383e+00
1.324092597885110045e+01,2.606406337016293762e+00
1.326093169476993339e+01,1.167632833892601196e+00
1.328093741068876810e+01,2.668425150371258603e+00
1.330094312660760281e+01,2.963672659579780877e+00
1.332094884252643574e+01,1.183339042801476726e+00
1.334095455844527045e+01,2.409136248070031350e+00
1.336096027436410338e+01,2.657534064481652081e+00
1.338096599028293809e+01,2.648205339230773614e+00
1.340097170620177280e+01,2.393716344207007740e+00
1.342097742212060574e+01,2.157184477794338751e+00
1.344098313803944045e+01,2.016281211550575492e+00
1.346098885395827338e+01,1.642651506294368069e+00
1.348099456987710809e+01,2.939971865298976805e+00
1.350100028579594280e+01,2.581331303449754699e+00
1.352100600171477573e+01,2.818252718874154628e+00
1.354101171763361044e+01,1.899939738094929442e+00
1.356101743355244338e+01,2.685634128019863898e+00
1.358102314947127809e+01,2.308675638944489350e+00
1.360102886539011102e+01,1.269533854131756678e+00
1.362103458130894573e+01,2.434716631409728382e+00
1.364104029722777867e+01,2.317453677572845372e+00
1.366104601314661338e+01,2.380520016604888767e+00
1.368105172906544809e+01,2.744729689418101248e+00
1.370105744498428102e+01,2.777108565453266564e+00
1.372106316090311573e+01,1.481767925403969066e+00
1.374106887682194866e+01,2.072476510805308703e+00
1.376107459274078337e+01,2.881579742378466591e+00
1.378108030865961808e+01,2.701687979566318898e+00
1.380108602457845102e+01,1.890399294366933658e+00
1.382109174049728573e+01,1.566820851856226993e+00
1.384109745641611866e+01,1.678482841744039611e+00
1.386110317233495337e+01,2.229202970597011557e+00
1.388110888825378808e+01,2.747712623900891327e+00
1.390111460417262101e+01,3.122278576473597855e+00
1.392112032009145395e+01,1.687035863177952288e+00
1.394112603601028866e+01,2.239174710071846430e+00
1.396113175192912337e+01,2.372124098642561574e+00
1.398113746784795630e+01,2.218522572113904801e+00
1.400114318376679101e+01,2.148269481931343261e+00
1.402114889968562395e+01,1.751648451557912267e+00
1.404115461560445866e+01,1.569062835939281531e+00
1.406116033152329337e+01,2.130869162841060760e+00
1.408116604744212630e+01,1.330155042448990743e+00
1.410117176336095923e+01,1.622256219564536028e+00
1.412117747927979394e+01,2.984971282211479338e+00
1.414118319519862865e+01,3.187232686693532546e+00
1.416118891111746336e+01,3.027685786556472358e+00
1.418119462703629630e+01,2.106650414662409432e+00
1.420120034295512923e+01,2.880720538237782513e+00
1.422120605887396394e+01,1.458358125171822728e+00
1.424121177479279865e+01,2.749240821936600465e+00
1.426121749071163336e+01,1.906022504310130872e+00
1.428122320663046629e+01,2.736434181229132179e+00
1.430122892254929923e+01,1.577306942003210422e+00
1.432123463846813394e+01,2.630120182644259952e+00
1.434124035438696865e+01,2.375193656398086439e+00
1.436124607030580158e+01,2.686078647732292435e+00
1.438125178622463629e+01,1.421762075111766110e+00
1.440125750214346922e+01,1.819618471720323205e+00
1.442126321806230393e+01,2.958213808376458420e+00
1.444126893398113864e+01,2.806725617906269399e+00
1.446127464989997158e+01,2.520039278540163519e+00
1.448128036581880451e+01,1.581630986006200557e+00
1.450128608173763922e+01,1.949652272903150241e+00
1.452129179765647393e+01,3.289678640155036415e+00
1.454129751357530864e+01,2.656470431770531437e+00
1.456130322949414158e+01,2.200945178534983615e+00
1.458130894541297451e+01,3.176860445435991220e+00
1.460131466133180922e+01,2.949008808796595105e+00
1.462132037725064393e+01,2.153398786957905653e+00
1.464132609316947686e+01,2.801573130439777071e+00
1.466133180908831157e+01,2.830810617593937817e+00
1.468133752500714451e+01,1.950342744934151051e+00
1.470134324092597922e+01,2.429627687984403650e+00
1.472134895684481393e+01,2.468295974740883025e+00
1.474135467276364686e+01,2.820086026066370710e+00
1.476136038868247979e+01,2.591593957994120512e+00
1.478136610460131450e+01,2.878854075960804781e+00
1.480137182052014921e+01,2.505183223097423362e+00
1.482137753643898392e+01,1.923039558551606465e+00
1.484138325235781686e+01,2.253633915190405457e+00
1.486138896827664979e+01,2.455799347827312573e+00
1.488139468419548450e+01,2.237028113303042076e+00
1.490140040011431921e+01,2.606544879077302923e+00
1.492140611603315392e+01,2.194712119810269702e+00
1.494141183195198685e+01,3.155360250643891806e+00
1.496141754787081979e+01,1.727842082741935625e+00
1.498142326378965450e+01,2.412343584623599657e+00
1.500142897970848921e+01,2.492294636147285303e+00
1.502143469562732214e+01,2.335552260962900029e+00
1.504144041154615508e+01,2.957053610286591638e+00
1.506144612746498979e+01,1.881093494536709709e+00
1.508145184338382450e+01,2.706733464249646115e+00
1.510145755930265921e+01,1.937094648993511692e+00
1.512146327522149214e+01,2.776897873345893331e+00
1.514146899114032507e+01,2.650895470756111205e+00
1.516147470705915978e+01,1.712444896502229197e+00
1.518148042297799449e+01,3.249066377111530457e+00
1.520148613889682920e+01,2.959543460705255313e+00
1.522149185481566214e+01,2.629746107127913568e+00
1.524149757073449507e+01,2.525820320323753254e+00
1.526150328665332978e+01,1.894214750683396398e+00
1.528150900257216449e+01,3.286002339394702876e+00
1.530151471849099742e+01,3.076051758285013094e+00
1.532152043440983036e+01,2.426408379943707061e+00
1.534152615032866507e+01,3.392311919441143075e+00
1.536153186624749978e+01,2.012359296348604776e+00
1.538153758216633449e+01,2.766685516096908604e+00
1.540154329808516742e+01,3.336412147174490972e+00
1.542154901400400036e+01,3.352987154412640169e+00
1.544155472992283507e+01,3.541972387528966149e+00
1.546156044584166978e+01,3.454943691312541976e+00
1.548156616176050449e+01,1.818398447973968102e+00
1.550157187767933742e+01,2.815067152275410933e+00
1.552157759359817035e+01,3.264494412614373786e+00
1.554158330951700506e+01,3.356690904001472298e+00
1.556158902543583977e+01,3.129041626420292044e+00
1.558159474135467271e+01,2.458094816005673255e+00
1.560160045727350742e+01,3.200705449825947291e+00
1.562160617319234035e+01,3.509683525618722655e+00
1.564161188911117506e+01,2.601303944238174015e+00
1.566161760503000977e+01,3.007707698705976984e+00
1.568162332094884270e+01,1.995590325868395132e+00
1.570162903686767564e+01,1.867803376818392591e+00
1.572163475278651035e+01,3.005624065701864023e+00
1.574164046870534506e+01,2.966257855662979726e+00
1.576164618462417977e+01,3.114163982633846306e+00
1.578165190054301270e+01,2.646603128703755470e+00
1.580165761646184563e+01,2.873351972409051935e+00
1.582166333238068034e+01,3.661980267194216321e+00
1.584166904829951505e+01,3.052077756605088066e+00
1.586167476421834799e+01,2.513532789112187693e+00
1.588168048013718270e+01,2.656081095004133807e+00
1.590168619605601563e+01,2.814940717362458322e+00
1.592169191197485034e+01,3.174342179087153770e+00
1.594169762789368505e+01,3.347266659404713351e+00
1.596170334381251799e+01,2.407187417636007076e+00
1.598170905973135092e+01,3.068523494688702336e+00
1.600171477565018563e+01,2.071527612472318758e+00
1.602172049156902034e+01,3.277932408530077613e+00
1.604172620748785505e+01,3.266691357214572822e+00
1.606173192340668976e+01,2.165926054123977096e+00
1.608173763932552092e+01,2.725479482635822404e+00
1.610174335524435563e+01,3.108083368051316686e+00
1.612174907116319034e+01,2.594320928699327844e+00
1.614175478708202505e+01,3.712836731395073198e+00
1.616176050300085620e+01,3.106219337170804451e+00
1.618176621891969091e+01,2.275755437716412644e+00
1.620177193483852562e+01,1.942282043849171247e+00
1.622177765075736033e+01,3.697495850270659190e+00
1.624178336667619504e+01,2.608220727939333461e+00
1.626178908259502620e+01,2.160107231134430261e+00
1.628179479851386091e+01,2.415668547635420715e+00
1.630180051443269562e+01,2.934824114608034051e+00
1.632180623035153033e+01,3.401583257082940737e+00
1.634181194627036149e+01,2.807894283866327445e+00
1.636181766218919620e+01,2.413665532019416027e+00
1.638182337810803091e+01,2.546759514789120882e+00
1.640182909402686562e+01,3.856192760774201922e+00
1.642183480994570033e+01,2.202903585379836215e+00
1.644184052586453504e+01,2.359805548726683799e+00
1.646184624178336620e+01,2.394709548257264675e+00
1.648185195770220091e+01,2.071021869088934153e+00
1.650185767362103562e+01,3.451131627602194829e+00
1.652186338953986677e+01,2.841655982811976955e+00
1.654186910545870148e+01,3.401890761478097325e+00
1.656187482137753619e+01,2.215285806751163822e+00
1.658188053729637090e+01,3.182064507223068439e+00
1.660188625321520561e+01,3.410344874163298901e+00
1.662189196913404032e+01,3.051088933056710140e+00
1.664189768505287148e+01,2.394599802807468425e+00
1.666190340097170619e+01,2.422637366790278524e+00
1.668190911689054090e+01,3.137320193080251673e+00
1.670191483280937561e+01,2.698286958633905552e+00
1.672192054872820677e+01,3.006561717038950921e+00
1.674192626464704148e+01,2.584857175174243960e+00
1.676193198056587619e+01,2.640001676616642534e+00
1.678193769648471090e+01,3.989282980954945490e+00
1.680194341240354561e+01,3.667767001142479000e+00
1.682194912832238032e+01,3.262688155664607237e+00
1.684195484424121148e+01,3.085404420049479679e+00
1.686196056016004619e+01,2.856025586335719346e+00
1.688196627607888090e+01,2.773374157038118071e+00
1.690197199199771205e+01,3.711103915844637502e+00
1.692197770791654676e+01,2.779225195349511957e+00
1.694198342383538147e+01,2.296227768451716500e+00
1.696198913975421618e+01,2.900265777757429220e+00
1.698199485567305089e+01,3.231811686766140834e+00
1.700200057159188560e+01,2.665498733807579512e+00
1.702200628751071676e+01,3.824872325971320208e+00
1.704201200342955147e+01,3.029796292765092325e+00
1.706201771934838618e+01,3.978866411640123779e+00
1.708202343526722089e+01,4.349251181890859463e+00
1.710202915118605205e+01,4.232870914122731421e+00
1.712203486710488676e+01,3.087369278854367405e+00
1.714204058302372147e+01,2.800982127988612902e+00
1.716204629894255618e+01,4.240257990504679775e+00
1.718205201486139089e+01,4.248090148167398716e+00
1.720205773078022204e+01,3.481547556468689741e+00
1.722206344669905675e+01,3.579035831305696913e+00
1.724206916261789146e+01,3.583870793489857487e+00
1.726207487853672617e+01,3.282689415751357309e+00
1.728208059445555733e+01,3.789464111888198872e+00
1.730208631037439204e+01,4.495550172832174951e+00
1.732209202629322675e+01,4.342073653834259694e+00
1.734209774221206146e+01,3.884361405861838978e+00
1.736210345813089617e+01,5.060836140421064222e+00
1.738210917404973088e+01,4.429453915339573555e+00
1.740211488996856204e+01,5.251808984830146798e+00
1.742212060588739675e+01,4.414061813264650525e+00
1.744212632180623146e+01,6.088195153092785361e+00
1.746213203772506262e+01,5.138079264907442045e+00
1.748213775364389733e+01,6.566403093658336410e+00
1.750214346956273204e+01,5.298376907723919338e+00
1.752214918548156675e+01,6.087203589020695027e+00
1.754215490140040146e+01,6.480702876167872439e+00
1.756216061731923617e+01,6.325940608598572545e+00
1.758216633323806732e+01,6.968420769477885024e+00
1.760217204915690203e+01,6.161518377413281122e+00
1.762217776507573674e+01,7.606332425635872418e+00
1.764218348099457145e+01,7.914987815571062235e+00
1.766218919691340261e+01,7.365116637318601001e+00
1.768219491283223732e+01,7.446144432346526010e+00
1.770220062875107203e+01,8.484006921508639110e+00
1.772220634466990674e+01,9.546442996200111608e+00
1.774221206058874145e+01,8.823114642195477586e+00
1.776221777650757616e+01,9.254176051899081656e+00
1.778222349242640732e+01,9.643257006468864745e+00
1.780222920834524203e+01,1.123774317408748580e+01
1.782223492426407674e+01,1.001491443963503869e+01
1.784224064018290790e+01,1.106089274831347424e+01
1.786224635610174261e+01,1.138550578709682881e+01
1.788225207202057732e+01,1.259638880038931141e+01
1.790225778793941203e+01,1.180942161358231246e+01
1.792226350385824674e+01,1.264458247203844898e+01
1.794226921977708145e+01,1.350575753021569803e+01
1.796227493569591260e+01,1.463215147485214729e+01
1.798228065161474731e+01,1.452163812503536455e+01
1.800228636753358202e+01,1.520431212741950411e+01
1.802229208345241318e+01,1.649562529982742021e+01
1.804229779937124789e+01,1.688813985653866823e+01
1.806230351529008260e+01,1.780566928969420104e+01
1.808230923120891731e+01,1.677753355581110029e+01
1.810231494712775202e+01,1.860906112936303458e+01
1.812232066304658673e+01,1.909871675776849997e+01
1.814232637896542144e+01,1.907971998935408209e+01
1.816233209488425260e+01,1.998002980585097532e+01
1.818233781080308731e+01,2.180311769733442517e+01
1.820234352672191847e+01,2.173943887629162219e+01
1.822234924264075318e+01,2.352560483227751575e+01
1.824235495855958789e+01,2.385774766610526854e+01
1.826236067447842260e+01,2.506010405610464531e+01
1.828236639039725731e+01,2.495584703331096676e+01
1.830237210631609202e+01,2.548520065415948466e+01
1.832237782223492673e+01,2.643850232382290955e+01
1.834238353815375788e+01,2.773943483725152959e+01
1.836238925407259259e+01,2.998990345803593982e+01
1.838239496999142730e+01,3.086184021267932920e+01
1.840240068591025846e+01,3.156191906825301174e+01
1.842240640182909317e+01,3.219422671132224423e+01
1.844241211774792788e+01,3.358599545405547104e+01
1.846241783366676259e+01,3.428691947091285641e+01
1.848242354958559730e+01,3.622963654195058325e+01
1.850242926550443201e+01,3.746799716806933134e+01
1.852243498142326672e+01,3.911016373369200494e+01
1.854244069734209788e+01,4.053264985202292792e+01
1.856244641326093259e+01,4.165074046598270741e+01
1.858245212917976374e+01,4.169516851249447598e+01
1.860245784509859845e+01,4.370278289148729556e+01
1.862246356101743316e+01,4.431368675105277077e+01
1.864246927693626787e+01,4.585246985749624571e+01
1.866247499285510258e+01,4.781062669257845954e+01
1.868248070877393729e+01,4.886254535373650043e+01
1.870248642469277200e+01,4.913786255206618847e+01
1.872249214061160316e+01,5.113973295944602171e+01
1.874249785653043787e+01,5.246298268120334996e+01
1.876250357244927258e+01,5.325353407864274402e+01
1.878250928836810374e+01,5.372957081546484659e+01
1.880251500428693845e+01,5.367302944818904820e+01
1.882252072020577316e+01,5.353228077866320689e+01
1.884252643612460787e+01,5.323660024948313207e+01
1.886253215204344258e+01,5.217295136682082557e+01
1.888253786796227729e+01,5.107166359157321267e+01
1.890254358388111200e+01,4.882288648105208750e+01
1.892254929979994316e+01,4.815303362175503565e+01
1.894255501571877787e+01,4.642678998587613393e+01
1.896256073163760902e+01,4.362639001816886264e+01
1.898256644755644373e+01,4.008655904676483317e+01
1.900257216347527844e+01,3.771532153334957371e+01
1.902257787939411315e+01,3.491446678743467658e+01
1.904258359531294786e+01,3.070412051524508357e+01
1.906258931123178257e+01,2.810686392820201007e+01
1.908259502715061728e+01,2.494265999876284567e+01
1.910260074306944844e+01,2.219622328943657763e+01
1.912260645898828315e+01,1.991794024198659230e+01
1.914261217490711431e+01,1.800362410454909323e+01
1.916261789082594902e+01,1.459029139390669982e+01
1.918262360674478373e+01,1.367447992562262016e+01
1.920262932266361844e+01,1.210839996237947958e+01
1.922263503858245315e+01,9.344480753997883582e+00
1.924264075450128786e+01,9.190544392966394582e+00
1.926264647042012257e+01,8.349749009199896932e+00
1.928265218633895373e+01,6.602159359922048054e+00
1.930265790225778844e+01,6.534187726881841130e+00
1.932266361817662315e+01,6.274125866688147646e+00
1.934266933409545430e+01,5.294604828669083219e+00
1.936267505001428901e+01,5.781833640785843720e+00
1.938268076593312372e+01,5.738431477280247606e+00
1.940268648185195843e+01,4.753032666596562983e+00
1.942269219777079314e+01,4.296417979263868148e+00
1.944269791368962785e+01,4.275630431047406255e+00
1.946270362960846256e+01,5.371181193944665644e+00
1.948270934552729372e+01,5.250045507334264450e+00
1.950271506144612843e+01,3.744932442241081905e+00
1.952272077736495959e+01,5.171018450641589936e+00
1.954272649328379430e+01,5.313811162661148835e+00
1.956273220920262901e+01,3.438733912862484310e+00
1.958273792512146372e+01,4.835319467551768113e+00
1.960274364104029843e+01,4.672181002548582818e+00
1.962274935695913314e+01,3.867718351767057694e+00
1.964275507287796785e+01,4.713351806298375024e+00
1.966276078879679901e+01,3.913627056261737902e+00
1.968276650471563372e+01,3.985846834680347062e+00
1.970277222063446487e+01,4.517569936566798283e+00
1.972277793655329958e+01,4.731470366282952256e+00
1.974278365247213429e+01,4.701984134690248673e+00
1.976278936839096900e+01,4.518739410890503017e+00
1.978279508430980371e+01,3.138571687982000036e+00
1.980280080022863842e+01,3.458639438356093443e+00
1.982280651614747313e+01,3.528801553414147030e+00
1.984281223206630784e+01,3.410405086578053968e+00
1.986281794798513900e+01,3.902940931095468802e+00
1.988282366390397371e+01,3.724706312537148012e+00
1.990282937982280487e+01,3.243479088133972787e+00
1.992283509574163958e+01,4.305071787868092414e+00
1.994284081166047429e+01,3.623899723362832948e+00
1.996284652757930900e+01,3.612402581971831506e+00
1.998285224349814371e+01,3.128138252995629642e+00
2.000285795941697842e+01,4.004738206598489114e+00
2.002286367533581313e+01,3.032806235951185148e+00
2.004286939125464428e+01,3.096899062640412481e+00
2.006287510717347899e+01,3.742665312035912795e+00
2.008288082309231015e+01,4.150641193224076986e+00
2.010288653901114486e+01,4.492461259565116549e+00
2.012289225492997957e+01,4.148633806977354510e+00
2.014289797084881428e+01,4.388091093816670174e+00
2.016290368676764899e+01,3.956230240467677017e+00
2.018290940268648370e+01,3.503423948167919910e+00
2.020291511860531841e+01,4.783804027665521375e+00
2.022292083452414957e+01,3.320556904898803730e+00
2.024292655044298428e+01,3.459381097754121281e+00
2.026293226636181899e+01,4.713750857931335858e+00
2.028293798228065015e+01,4.254383056487078818e+00
2.030294369819948486e+01,4.186912814406694494e+00
2.032294941411831957e+01,4.062887195926032646e+00
2.034295513003715428e+01,4.772674563657553826e+00
2.036296084595598899e+01,3.834521680255393861e+00
2.038296656187482370e+01,4.085451492010072627e+00
2.040297227779365841e+01,4.102381918858646337e+00
2.042297799371248956e+01,4.325521933906748551e+00
2.044298370963132427e+01,4.877037453315499427e+00
2.046298942555015543e+01,3.382041303262773635e+00
2.048299514146899014e+01,4.542127766100700903e+00
2.050300085738782485e+01,3.899261934180227041e+00
2.052300657330665956e+01,5.057626433644929698e+00
2.054301228922549427e+01,4.937743560342748417e+00
2.056301800514432898e+01,3.737605761188774522e+00
2.058302372106316369e+01,4.502742220381292348e+00
2.060302943698199485e+01,4.667156053094011270e+00
2.062303515290082956e+01,4.869424680360659785e+00
2.064304086881966072e+01,3.775494487449547520e+00
2.066304658473849543e+01,5.308106609945752119e+00
2.068305230065733014e+01,5.402886904873609453e+00
2.070305801657616485e+01,4.554097800593809531e+00
2.072306373249499956e+01,4.819696883181702418e+00
2.074306944841383427e+01,5.317975020954790466e+00
2.076307516433266898e+01,5.602521281204791315e+00
2.078308088025150369e+01,4.695209035864450264e+00
2.080308659617033484e+01,5.976157286795086954e+00
2.082309231208916955e+01,4.735805102588488857e+00
2.084309802800800071e+01,5.805341404505048430e+00
2.086310374392683542e+01,6.523006342302045013e+00
2.088310945984567013e+01,5.620899147883504199e+00
2.090311517576450484e+01,5.769362780163909576e+00
2.092312089168333955e+01,6.113593863572995168e+00
2.094312660760217426e+01,5.787733022569428343e+00
2.096313232352100897e+01,6.751953647294241634e+00
2.098313803943984013e+01,6.780726130339088442e+00
2.100314375535867484e+01,6.493871016980360622e+00
2.102314947127750600e+01,7.351945326234483602e+00
2.104315518719634071e+01,6.372240075640621448e+00
2.106316090311517542e+01,7.073919389983451822e+00
2.108316661903401013e+01,6.885921809809931737e+00
2.110317233495284484e+01,8.583614309322650016e+00
2.112317805087167955e+01,8.515340916400219839e+00
2.114318376679051426e+01,8.408254408297626270e+00
2.116318948270934541e+01,8.505873813934718086e+00
2.118319519862818012e+01,9.758783837726502597e+00
2.120320091454701483e+01,8.841989436728141527e+00
2.122320663046584599e+01,9.772419905431297238e+00
2.124321234638468070e+01,9.409529172820899845e+00
2.126321806230351541e+01,9.423453271885128046e+00
2.128322377822235012e+01,1.064481697641308600e+01
2.130322949414118483e+01,1.157206996670280574e+01
2.132323521006001954e+01,1.086945030078317131e+01
2.134324092597885425e+01,1.065463955451181910e+01
2.136324664189768541e+01,1.105537412314006573e+01
2.138325235781652012e+01,1.284138976275031041e+01
2.140325807373535127e+01,1.220334842324429836e+01
2.142326378965418598e+01,1.312235064419151520e+01
2.144326950557302069e+01,1.353847605289822553e+01
2.146327522149185540e+01,1.482636351575296985e+01
2.148328093741069011e+01,1.481344095637272318e+01
2.150328665332952482e+01,1.490213309942143027e+01
2.152329236924835953e+01,1.628309097613901812e+01
2.154329808516719069e+01,1.611080162712016062e+01
2.156330380108602540e+01,1.668354381176980539e+01
2.158330951700485656e+01,1.812957273959342430e+01
2.160331523292369127e+01,1.851215619552037950e+01
2.162332094884252598e+01,1.877797841015084757e+01
2.164332666476136069e+01,1.941283444674074943e+01
2.166333238068019540e+01,1.898636561254757638e+01
2.168333809659903011e+01,2.078923474366432345e+01
2.170334381251786482e+01,1.959236161819746513e+01
2.172334952843669598e+01,2.004136587770699407e+01
2.174335524435553069e+01,2.117938754211273888e+01
2.176336096027436540e+01,2.170439285775869109e+01
2.178336667619319655e+01,2.074463425118422677e+01
2.180337239211203126e+01,2.145901291441054326e+01
2.182337810803086597e+01,2.220312772821840142e+01
2.184338382394970068e+01,2.219416723142629166e+01
2.186338953986853539e+01,2.104288068482359719e+01
2.188339525578737010e+01,2.129530405642701041e+01
2.190340097170620481e+01,1.904083542822858277e+01
2.192340668762503597e+01,1.813055615462507930e+01
2.194341240354387068e+01,1.839181007933865075e+01
2.196341811946270184e+01,1.610245554590519390e+01
2.198342383538153655e+01,1.510950767700103725e+01
2.200342955130037126e+01,1.394792150926287455e+01
2.202343526721920597e+01,1.277591121251955109e+01
2.204344098313804068e+01,1.213877567366128751e+01
2.206344669905687539e+01,1.110505897994771907e+01
2.208345241497571010e+01,1.001081875198830495e+01
2.210345813089454126e+01,9.400099234120117941e+00
2.212346384681337597e+01,8.763561407288740668e+00
2.214346956273221068e+01,7.050560213775794338e+00
2.216347527865104183e+01,7.061134670574603867e+00
2.218348099456987654e+01,6.190411599658759201e+00
2.220348671048871125e+01,6.650843020209056711e+00
2.222349242640754596e+01,4.758950902051263476e+00
2.224349814232638067e+01,4.768864336487726341e+00
2.226350385824521538e+01,5.177758244471140969e+00
2.228350957416405009e+01,5.007322645881072454e+00
2.230351529008288125e+01,5.415629960290107014e+00
2.232352100600171596e+01,4.375057497223910019e+00
2.234352672192054712e+01,5.479461070341755224e+00
2.236353243783938183e+01,4.852370372068492088e+00
2.238353815375821654e+01,4.982034673841970296e+00
2.240354386967705125e+01,3.664725279299518412e+00
2.242354958559588596e+01,4.835817099591364077e+00
2.244355530151472067e+01,3.709404326582263156e+00
2.246356101743355538e+01,5.087434355348767312e+00
2.248356673335238654e+01,4.569909428728400336e+00
2.250357244927122125e+01,4.787943828729693152e+00
2.252357816519005240e+01,3.798544532477213131e+00
2.254358388110888711e+01,3.398197608275994597e+00
2.256358959702772182e+01,4.522389688601200497e+00
2.258359531294655653e+01,4.621975103702787635e+00
2.260360102886539124e+01,4.712409643617909261e+00
2.262360674478422595e+01,3.822620977102999973e+00
2.264361246070306066e+01,4.104784866140077426e+00
2.266361817662189182e+01,3.483114866826569234e+00
2.268362389254072653e+01,4.539966824779489762e+00
2.270362960845956124e+01,4.422502838054257701e+00
2.272363532437839240e+01,4.248243184935688532e+00
2.274364104029722711e+01,3.318486841354280958e+00
2.276364675621606182e+01,4.711920038698989011e+00
2.278365247213489653e+01,3.707012426083637013e+00
2.280365818805373124e+01,3.421884544516750726e+00
2.282366390397256595e+01,5.084119127489208800e+00
2.284366961989140066e+01,3.482512706508779310e+00
2.286367533581023181e+01,4.266830298908394603e+00
2.288368105172906652e+01,4.074405221009834932e+00
2.290368676764789768e+01,3.281876694837980057e+00
2.292369248356673239e+01,4.251059794877702025e+00
2.294369819948556710e+01,3.679134485751494044e+00
2.296370391540440181e+01,3.913883982660805838e+00
2.298370963132323652e+01,4.803107789495770774e+00
2.300371534724207123e+01,4.590131228847670108e+00
2.302372106316090594e+01,4.420969910243163881e+00
2.304372677907973710e+01,4.644266604387492947e+00
2.306373249499857181e+01,3.736772143596172491e+00
2.308373821091740652e+01,4.143394670563735005e+00
2.310374392683623768e+01,4.597648095935694457e+00
2.312374964275507239e+01,3.269092563262403051e+00
2.314375535867390710e+01,4.172105129694165804e+00
2.316376107459274181e+01,4.901032319962234318e+00
2.318376679051157652e+01,3.330748471482374740e+00
2.320377250643041123e+01,4.535534926266752365e+00
2.322377822234924594e+01,3.748802001467841372e+00
2.324378393826807709e+01,4.849750037331359565e+00
2.326378965418691180e+01,4.173065098572202203e+00
2.328379537010574296e+01,4.335450529950623633e+00
2.330380108602457767e+01,3.837193660303893417e+00
2.332380680194341238e+01,5.007892089494325738e+00
2.334381251786224709e+01,4.296111369423170068e+00
2.336381823378108180e+01,4.037425363648740273e+00
2.338382394969991651e+01,4.098724293669424590e+00
2.340382966561875122e+01,4.553884804099656236e+00
2.342383538153758238e+01,3.561411654029341900e+00
2.344384109745641709e+01,4.655440177698129567e+00
2.346384681337524825e+01,4.487937295314823771e+00
2.348385252929408296e+01,3.297044814343155217e+00
2.350385824521291767e+01,4.440670084852538224e+00
2.352386396113175238e+01,4.353903562552916107e+00
2.354386967705058709e+01,3.828789629677621598e+00
2.356387539296942180e+01,4.339257985458194078e+00
2.358388110888825651e+01,4.983573145387682146e+00
2.360388682480708766e+01,3.461503379247754975e+00
2.362389254072592237e+01,4.128697448360198585e+00
2.364389825664475708e+01,3.738053077170716776e+00
2.366390397256358824e+01,3.551276310578399542e+00
2.368390968848242295e+01,4.771793641862091206e+00
2.370391540440125766e+01,3.963751702672484889e+00
2.372392112032009237e+01,3.769288186108098238e+00
2.374392683623892708e+01,4.278208400379558185e+00
2.376393255215776179e+01,3.476289096738216511e+00
2.378393826807659650e+01,3.952351619805457350e+00
2.380394398399542766e+01,4.324602037345433025e+00
2.382394969991426237e+01,5.125788504548285829e+00
2.384395541583309353e+01,3.565040066864819668e+00
2.386396113175192824e+01,3.561236022900141407e+00
2.388396684767076295e+01,4.148806655974631497e+00
2.390397256358959766e+01,4.755817292033924559e+00
2.392397827950843237e+01,4.345619089393060186e+00
2.394398399542726708e+01,4.155475390626515164e+00
2.396398971134610179e+01,4.286583815666962671e+00
2.398399542726493294e+01,4.624591448289494977e+00
2.400400114318376765e+01,3.504935901160662670e+00
2.402400685910260236e+01,4.802392400367167191e+00
2.404401257502143352e+01,3.385273057814970787e+00
2.406401829094026823e+01,5.120170901533827923e+00
2.408402400685910294e+01,3.471624349117059083e+00
2.410402972277793765e+01,4.131867672567458349e+00
2.412403543869677236e+01,4.853769845459356524e+00
2.414404115461560707e+01,4.131582329086255001e+00
2.416404687053444178e+01,4.553873306910582563e+00
2.418405258645327294e+01,3.661846381471849821e+00
2.420405830237210765e+01,4.831193854335143811e+00
2.422406401829093880e+01,3.960082081947140509e+00
2.424406973420977351e+01,4.236581217666950394e+00
2.426407545012860822e+01,3.532788612032764952e+00
2.428408116604744293e+01,4.557454693632905673e+00
2.430408688196627764e+01,5.050231340033151106e+00
2.432409259788511235e+01,3.544874149565323762e+00
2.434409831380394706e+01,3.541531395344150290e+00
2.436410402972277822e+01,3.606931238415467700e+00
2.438410974564161293e+01,4.563911346364517563e+00
2.440411546156044409e+01,3.632026052669460103e+00
2.442412117747927880e+01,5.222198332855137792e+00
2.444412689339811351e+01,3.810962493176300647e+00
2.446413260931694822e+01,3.851369986218828423e+00
2.448413832523578293e+01,4.726281204783354006e+00
2.450414404115461764e+01,4.254042131656731840e+00
2.452414975707345235e+01,3.459506175602234279e+00
2.454415547299228351e+01,4.710536502882304966e+00
2.456416118891111822e+01,3.451535262080615230e+00
2.458416690482995293e+01,4.118007437021932837e+00
2.460417262074878408e+01,3.807877940584097232e+00
2.462417833666761879e+01,4.210893775397773098e+00
2.464418405258645350e+01,4.861351291403121166e+00
2.466418976850528821e+01,4.820792672787826305e+00
2.468419548442412292e+01,5.255373847108685936e+00
2.470420120034295763e+01,3.908230261190707377e+00
2.472420691626179234e+01,4.794741307184577472e+00
2.474421263218062350e+01,4.657591087243376116e+00
2.476421834809945821e+01,5.244193838604894964e+00
2.478422406401828937e+01,4.953054344776867346e+00
2.480422977993712408e+01,4.400925682347543777e+00
2.482423549585595879e+01,4.799482687377127021e+00
2.484424121177479350e+01,3.687513177137639264e+00
2.486424692769362821e+01,4.379896662911199279e+00
2.488425264361246292e+01,3.663148174761023501e+00
2.490425835953129763e+01,5.244955319950097561e+00
2.492426407545012879e+01,5.203510649896200491e+00
2.494426979136896350e+01,5.085290171161944706e+00
2.496427550728779821e+01,3.587986242045261509e+00
2.498428122320662936e+01,4.413346235988734101e+00
2.500428693912546407e+01,3.885707882375749378e+00
2.502429265504429878e+01,5.058414407826018255e+00
2.504429837096313349e+01,3.923784592972567875e+00
2.506430408688196820e+01,3.916627757265843890e+00
2.508430980280080291e+01,3.532467143353075656e+00
2.510431551871963762e+01,3.976680200351089933e+00
2.512432123463846878e+01,4.796020824166330243e+00
2.514432695055730349e+01,5.045387221387674259e+00
2.516433266647613465e+01,4.502897171186167391e+00
2.518433838239496936e+01,5.034430508400522974e+00
2.520434409831380407e+01,4.241351289805823654e+00
2.522434981423263878e+01,3.796335319364751992e+00
2.524435553015147349e+01,3.622712091277564106e+00
2.526436124607030820e+01,5.282324703760742146e+00
2.528436696198914291e+01,5.097176791143227526e+00
2.530437267790797407e+01,3.827227376299413120e+00
2.532437839382680878e+01,4.497226586605560072e+00
2.534438410974563993e+01,5.283952453874052324e+00
2.536438982566447464e+01,5.147088548501202787e+00
2.538439554158330935e+01,4.186955096227258366e+00
2.540440125750214406e+01,5.031161415024652861e+00
2.542440697342097877e+01,3.519653345151747992e+00
2.544441268933981348e+01,3.611710124272593525e+00
2.546441840525864819e+01,4.516626839108775826e+00
2.548442412117747935e+01,4.673028622825267320e+00
2.550442983709631406e+01,4.714032477597301707e+00
2.552443555301514877e+01,4.885169020309154675e+00
2.554444126893397993e+01,5.338360866338415001e+00
2.556444698485281464e+01,3.880925620432494672e+00
2.558445270077164935e+01,4.883074885354089290e+00
2.560445841669048406e+01,4.989390716240245993e+00
2.562446413260931877e+01,3.706097062359525740e+00
2.564446984852815348e+01,5.116343942937493061e+00
2.566447556444698819e+01,5.198218481958090109e+00
2.568448128036581934e+01,4.308850563904408126e+00
2.570448699628465405e+01,4.173083232512571961e+00
2.572449271220348521e+01,4.151410375696538146e+00
2.574449842812231992e+01,3.600077763449225809e+00
2.576450414404115463e+01,3.823955179092895396e+00
2.578450985995998934e+01,4.547252476277379607e+00
2.580451557587882405e+01,4.478698547676936315e+00
2.582452129179765876e+01,3.793769010587408896e+00
2.584452700771649347e+01,4.266765221390427243e+00
2.586453272363532463e+01,4.174012794989783615e+00
2.588453843955415934e+01,3.622446717102434821e+00
2.590454415547299405e+01,3.836367677694794143e+00
2.592454987139182521e+01,4.787504552863630636e+00
2.594455558731065992e+01,5.099888105961378315e+00
2.596456130322949463e+01,3.644152495915486067e+00
2.598456701914832934e+01,5.286143225147108105e+00
2.600457273506716405e+01,3.868514869465596639e+00
2.602457845098599520e+01,3.787315603989986013e+00
2.604458416690482991e+01,5.279638699984977812e+00
2.606458988282366462e+01,3.684712754696099157e+00
2.608459559874249933e+01,5.069793331603074549e+00
2.610460131466133404e+01,4.047588075614683589e+00
2.612460703058016520e+01,4.020404832576375931e+00
2.614461274649899991e+01,5.114559248467482000e+00
2.616461846241783462e+01,3.567048513690565859e+00
2.618462417833666933e+01,4.921229070028988239e+00
2.620462989425550404e+01,5.428335813600530635e+00
2.622463561017433520e+01,4.406894977269045555e+00
2.624464132609316991e+01,4.388221697625473539e+00
2.626464704201200462e+01,3.940185858513449269e+00
2.628465275793083933e+01,3.647436770253924543e+00
2.630465847384967049e+01,4.465853781363647634e+00
2.632466418976850520e+01,4.322080216879205850e+00
2.634466990568733991e+01,4.606655451522508216e+00
2.636467562160617462e+01,4.473387364560950985e+00
2.638468133752500933e+01,3.956389483309909583e+00
2.640468705344384048e+01,4.736501961494496982e+00
2.642469276936267519e+01,3.795613276868452513e+00
2.644469848528150990e+01,4.702862402076601001e+00
2.646470420120034461e+01,4.560433304923157571e+00
2.648470991711917932e+01,3.812732971681605854e+00
2.650471563303801048e+01,3.710674160836261226e+00
2.652472134895684519e+01,4.465848481345931376e+00
2.654472706487567990e+01,3.908435885713622326e+00
2.656473278079451461e+01,4.245499354464396191e+00
2.658473849671334932e+01,4.720674862179987663e+00
2.660474421263218048e+01,4.215219488923591662e+00
2.662474992855101519e+01,4.055842554672121736e+00
2.664475564446984990e+01,3.897004373114473008e+00
2.666476136038868461e+01,3.968753518466399566e+00
2.668476707630751577e+01,5.261663259885866140e+00
2.670477279222635048e+01,4.052526560918010112e+00
2.672477850814518519e+01,4.705413762890265694e+00
2.674478422406401990e+01,5.073619388574678979e+00
2.676478993998285461e+01,3.999826918397484832e+00
2.678479565590168576e+01,3.984334350719529905e+00
2.680480137182052047e+01,3.722013229961570246e+00
2.682480708773935518e+01,3.932141322939576522e+00
2.684481280365818989e+01,5.498858574208358441e+00
2.686481851957702460e+01,4.969250478129428217e+00
2.688482423549585576e+01,4.227233570218330350e+00
2.690482995141469047e+01,3.808707544385730781e+00
2.692483566733352518e+01,5.386158234683975365e+00
2.694484138325235989e+01,4.348194345015912177e+00
2.696484709917119105e+01,4.742496663678871016e+00
2.698485281509002576e+01,4.776946723413337814e+00
2.700485853100886047e+01,4.965356956890880191e+00
2.702486424692769518e+01,5.528315881456309810e+00
2.704486996284652989e+01,3.891812801813062883e+00
2.706487567876536104e+01,5.232435975268388439e+00
2.708488139468419575e+01,4.071596528999332776e+00
2.710488711060303046e+01,5.196881055634357871e+00
2.712489282652186517e+01,5.460305634841674305e+00
2.714489854244069988e+01,5.270408294677570993e+00
2.716490425835953104e+01,3.898789143915071698e+00
2.718490997427836575e+01,4.480221015206666380e+00
2.720491569019720046e+01,4.167938196093326830e+00
2.722492140611603517e+01,4.876400179177343475e+00
2.724492712203486633e+01,4.544626770062037302e+00
2.726493283795370104e+01,3.846447638454030038e+00
2.728493855387253575e+01,4.905868661718814749e+00
2.730494426979137046e+01,4.203425191049406706e+00
2.732494998571020517e+01,4.369785396679218614e+00
2.734495570162903633e+01,5.270496974855564787e+00
2.736496141754787104e+01,4.196757935517307914e+00
2.738496713346670575e+01,4.716528615276765812e+00
2.740497284938554046e+01,4.680887978436443220e+00
2.742497856530437517e+01,4.403965184330875360e+00
2.744498428122320632e+01,4.238005768710022103e+00
2.746498999714204103e+01,5.015417085917297513e+00
2.748499571306087574e+01,4.408229937486080274e+00
2.750500142897971045e+01,3.727029550704151539e+00
2.752500714489854516e+01,3.816625605806934995e+00
2.754501286081737632e+01,5.042428594936519737e+00
2.756501857673621103e+01,5.085969416366926232e+00
2.758502429265504574e+01,4.818947796404038364e+00
2.760503000857388045e+01,4.363868817779504639e+00
2.762503572449271161e+01,4.505778494084660579e+00
2.764504144041154632e+01,4.769190276595887568e+00
2.766504715633038103e+01,5.153379991980391317e+00
2.768505287224921574e+01,4.288319422761824207e+00
2.770505858816805045e+01,4.099169890381269887e+00
2.772506430408688161e+01,4.883309743921863344e+00
2.774507002000571632e+01,4.792303176087620464e+00
2.776507573592455103e+01,4.627554245600948413e+00
2.778508145184338574e+01,3.978879536513874715e+00
2.780508716776222045e+01,5.173540199723801969e+00
2.782509288368105160e+01,4.022639712505496234e+00
2.784509859959988631e+01,5.330847402403662727e+00
2.786510431551872102e+01,4.145683860829937117e+00
2.788511003143755573e+01,5.239312555575588171e+00
2.790511574735638689e+01,4.860302772557626660e+00
2.792512146327522160e+01,5.041049696535633728e+00
2.794512717919405631e+01,4.113409896492073337e+00
2.796513289511289102e+01,5.301987837597401665e+00
2.798513861103172573e+01,5.593673570108980364e+00
2.800514432695055689e+01,4.907138933597773978e+00
2.802515004286939160e+01,4.768886819511193309e+00
2.804515575878822631e+01,5.425114904851636055e+00
2.806516147470706102e+01,5.636093574934202266e+00
2.808516719062589573e+01,4.110033969755470196e+00
2.810517290654472689e+01,4.586403468161455166e+00
2.812517862246356160e+01,4.390291710500980216e+00
2.814518433838239631e+01,5.240168440865930144e+00
2.816519005430123102e+01,4.827620894202985902e+00
2.818519577022006217e+01,4.075647820943022914e+00
2.820520148613889688e+01,5.179809812226948473e+00
2.822520720205773159e+01,5.325587719657008279e+00
2.824521291797656630e+01,4.010561342300033694e+00
2.826521863389540101e+01,5.489328376945771026e+00
2.828522434981423217e+01,5.031892129656839963e+00
2.830523006573306688e+01,4.841449723591225940e+00
2.832523578165190159e+01,3.897127888350731428e+00
2.834524149757073630e+01,5.017422671172449888e+00
2.836524721348957101e+01,5.606933662008835917e+00
2.838525292940840217e+01,5.708774930182305418e+00
2.840525864532723688e+01,4.245576206864251745e+00
2.842526436124607159e+01,4.991110530846505355e+00
2.844527007716490630e+01,5.664349382122169985e+00
2.846527579308374101e+01,5.222223749505223722e+00
2.848528150900257216e+01,5.171085950498049755e+00
2.850528722492140687e+01,4.924682384463245910e+00
2.852529294084024158e+01,3.978865562290956337e+00
2.854529865675907629e+01,5.446048515092533293e+00
2.856530437267790745e+01,5.036133604003269149e+00
2.858531008859674216e+01,4.578813003826926575e+00
2.860531580451557687e+01,5.369557914299487145e+00
2.862532152043441158e+01,5.421406156205134330e+00
2.864532723635324629e+01,4.839088834043825393e+00
2.866533295227207745e+01,4.552792638048794416e+00
2.868533866819091216e+01,4.621281016196631342e+00
2.870534438410974687e+01,3.949292801196940150e+00
2.872535010002858158e+01,4.389692089478106851e+00
2.874535581594741629e+01,4.410616988747835698e+00
2.876536153186624745e+01,4.283241948504740826e+00
2.878536724778508216e+01,5.713744259993045915e+00
2.880537296370391687e+01,4.354934253443530245e+00
2.882537867962275158e+01,4.397286500731998338e+00
2.884538439554158273e+01,4.108298373526292124e+00
2.886539011146041744e+01,4.012677465222656004e+00
2.888539582737925215e+01,5.491639206404728135e+00
2.890540154329808686e+01,3.953757771499420315e+00
2.892540725921692157e+01,5.555709401864684871e+00
2.894541297513575273e+01,5.340621763121456311e+00
2.896541869105458744e+01,4.653996203727780667e+00
2.898542440697342215e+01,4.739523689127494777e+00
2.900543012289225686e+01,5.594555602925514570e+00
2.902543583881109157e+01,5.344678721384587661e+00
2.904544155472992273e+01,4.486937256306655186e+00
2.906544727064875744e+01,5.702942821885521596e+00
2.908545298656759215e+01,4.680002345589012513e+00
2.910545870248642686e+01,5.458541072898801083e+00
2.912546441840525802e+01,5.445247432068160087e+00
2.914547013432409273e+01,4.948528952732472064e+00
2.916547585024292744e+01,4.584757875477018629e+00
2.918548156616176215e+01,4.401926027962673516e+00
2.920548728208059686e+01,5.608391593585481338e+00
2.922549299799942801e+01,4.825730289959671460e+00
2.924549871391826272e+01,5.513912805398563322e+00
2.926550442983709743e+01,5.034406759472767057e+00
2.928551014575593214e+01,4.788823764232897240e+00
2.930551586167476685e+01,4.758845128138342595e+00
2.932552157759359801e+01,5.124041088730324489e+00
2.934552729351243272e+01,5.353157928453449621e+00
2.936553300943126743e+01,5.226459148059342752e+00
2.938553872535010214e+01,5.648842908658096462e+00
2.940554444126893330e+01,4.339570121583466999e+00
2.942555015718776801e+01,5.594741299507421495e+00
2.944555587310660272e+01,5.732175993898233735e+00
2.946556158902543743e+01,4.545025486518610158e+00
2.948556730494427214e+01,5.901543212120428983e+00
2.950557302086310330e+01,5.544773058441018421e+00
2.952557873678193801e+01,4.154963939645739401e+00
2.954558445270077272e+01,4.970252997261067840e+00
2.956559016861960743e+01,5.748413067224375617e+00
2.958559588453844214e+01,4.698219921355018869e+00
2.960560160045727329e+01,5.611124828355139371e+00
2.962560731637610800e+01,5.069167508916401665e+00
2.964561303229494271e+01,4.263077624900688534e+00
2.966561874821377742e+01,4.665972856171684668e+00
2.968562446413261213e+01,5.204498006788156772e+00
2.970563018005144329e+01,6.002016956492044031e+00
2.972563589597027800e+01,4.540339738450841267e+00
2.974564161188911271e+01,4.486859182072318930e+00
2.976564732780794742e+01,4.310849245280345521e+00
2.978565304372677858e+01,4.694992401655917469e+00
2.980565875964561329e+01,5.658228923098477026e+00
2.982566447556444800e+01,5.764858391257945414e+00
2.984567019148328271e+01,5.718932729147084615e+00
2.986567590740211742e+01,5.767299096680035042e+00
2.988568162332094857e+01,5.722941290014303739e+00
2.990568733923978328e+01,5.122890293907130577e+00
2.992569305515861799e+01,4.499864235944776247e+00
2.994569877107745270e+01,4.396891420837346409e+00
2.996570448699628741e+01,5.213338160645856867e+00
2.998571020291511857e+01,5.323168210634206865e+00
3.000571591883395328e+01,5.230517147403656253e+00
3.002572163475278799e+01,6.177377608926731156e+00
3.004572735067162270e+01,5.586534100344664466e+00
3.006573306659045386e+01,5.816604391725499923e+00
3.008573878250928857e+01,5.907607861653437986e+00
3.010574449842812328e+01,4.867788235952285270e+00
3.012575021434695799e+01,6.555893120509935557e+00
3.014575593026579270e+01,6.700051109186307308e+00
3.016576164618462386e+01,6.664263658721378825e+00
3.018576736210345857e+01,6.416134676612407439e+00
3.020577307802229328e+01,5.555789165839427390e+00
3.022577879394112799e+01,5.749940357750636721e+00
3.024578450985996270e+01,7.308485210278043098e+00
3.026579022577879385e+01,7.080187747793653230e+00
3.028579594169762856e+01,8.201251367546516846e+00
3.030580165761646327e+01,7.463852902417706048e+00
3.032580737353529798e+01,8.457983036600468907e+00
3.034581308945412914e+01,8.914020700512812923e+00
3.036581880537296385e+01,9.219832448332063279e+00
3.038582452129179856e+01,9.502057026664255446e+00
3.040583023721063327e+01,8.938847645492906224e+00
3.042583595312946798e+01,1.121637089129039744e+01
3.044584166904829914e+01,1.047618703056131828e+01
3.046584738496713385e+01,1.232421368810193485e+01
3.048585310088596856e+01,1.187993271739122925e+01
3.050585881680480327e+01,1.403753904922214168e+01
3.052586453272363798e+01,1.395824217568830150e+01
3.054587024864246914e+01,1.546015912933889780e+01
3.056587596456130385e+01,1.629817543576003658e+01
3.058588168048013856e+01,1.731999208328162609e+01
3.060588739639897327e+01,1.755423249335022007e+01
3.062589311231780798e+01,1.927071571194261068e+01
3.064589882823663913e+01,2.090034027865790023e+01
3.066590454415547384e+01,2.094238334566484383e+01
3.068591026007430855e+01,2.225849551502534496e+01
3.070591597599314326e+01,2.436972556704826331e+01
3.072592169191197442e+01,2.683577856962898878e+01
3.074592740783080913e+01,2.732121775587782864e+01
3.076593312374964384e+01,2.902118596924053051e+01
3.078593883966847855e+01,3.204522403846623035e+01
3.080594455558731326e+01,3.379819845391237720e+01
3.082595027150614442e+01,3.539402601131715187e+01
3.084595598742497913e+01,3.798333951680254472e+01
3.086596170334381384e+01,3.958651548426603028e+01
3.088596741926264855e+01,4.167492366507887169e+01
3.090597313518148326e+01,4.308085518670139891e+01
3.092597885110031442e+01,4.593790294881479497e+01
3.094598456701914913e+01,4.830662225346076610e+01
3.096599028293798384e+01,5.062855797656809642e+01
3.098599599885681855e+01,5.255268677874180838e+01
3.100600171477564970e+01,5.350871420901741260e+01
3.102600743069448441e+01,5.448047162490864537e+01
3.104601314661331912e+01,5.548668222716577247e+01
3.106601886253215383e+01,5.650925094608979293e+01
3.108602457845098854e+01,5.793079731572822766e+01
3.110603029436981970e+01,5.656681272377759484e+01
3.112603601028865441e+01,5.635257239016632980e+01
3.114604172620748912e+01,5.633204529885996692e+01
3.116604744212632383e+01,5.577702829804836426e+01
3.118605315804515854e+01,5.286993103390819471e+01
3.120605887396398970e+01,5.215384498534330504e+01
3.122606458988282441e+01,4.911856339069606747e+01
3.124607030580165912e+01,4.745917305752684712e+01
3.126607602172049383e+01,4.355673736090152204e+01
3.128608173763932498e+01,4.029601898097175194e+01
3.130608745355815969e+01,3.899154091595480764e+01
3.132609316947699440e+01,3.513631641398312411e+01
3.134609888539582911e+01,3.209555620318390368e+01
3.136610460131466382e+01,2.905355946538397305e+01
3.138611031723349498e+01,2.680297650258096454e+01
3.140611603315232969e+01,2.402810795489232021e+01
3.142612174907116440e+01,2.190264211525457583e+01
3.144612746498999911e+01,2.000621044006999227e+01
3.146613318090883382e+01,1.792559367734153852e+01
3.148613889682766498e+01,1.548657925758225673e+01
3.150614461274649969e+01,1.457288750844598368e+01
3.152615032866533440e+01,1.238872053052754652e+01
3.154615604458416911e+01,1.142215799831923029e+01
3.156616176050300382e+01,1.096358121352243309e+01
3.158616747642183498e+01,9.661815585428181308e+00
3.160617319234066969e+01,8.620737050338119545e+00
3.162617890825950440e+01,7.615971085833490584e+00
3.164618462417833911e+01,8.513867453104751348e+00
3.166619034009717026e+01,7.778543942413219447e+00
3.168619605601600497e+01,7.777735209465315158e+00
3.170620177193483968e+01,6.997212501632743553e+00
3.172620748785367439e+01,6.262867537212078339e+00
3.174621320377250910e+01,7.202892341111025942e+00
3.176621891969134026e+01,5.447263545253131944e+00
3.178622463561017497e+01,6.410325779230417353e+00
3.180623035152900968e+01,6.476122782300934411e+00
3.182623606744784439e+01,6.757942492028393922e+00
3.184624178336667910e+01,5.841799558899526623e+00
3.186624749928551026e+01,5.624332092442301700e+00
3.188625321520434497e+01,5.432478481039227702e+00
3.190625893112317968e+01,5.245283493709939293e+00
3.192626464704201439e+01,5.998515589955970562e+00
3.194627036296084555e+01,4.877681825401718463e+00
3.196627607887968026e+01,5.959742383321668058e+00
3.198628179479851497e+01,6.510783900894757004e+00
3.200628751071734968e+01,5.966292244859054072e+00
3.202629322663618439e+01,5.630421936171450703e+00
3.204629894255501199e+01,6.159108428424203474e+00
3.206630465847385381e+01,5.703724222394761512e+00
3.208631037439268141e+01,5.240443487181625670e+00
3.210631609031152323e+01,5.184200361144736036e+00
3.212632180623035083e+01,6.110692612256336531e+00
3.214632752214918554e+01,5.476555064210050006e+00
3.216633323806802025e+01,4.570924133408945877e+00
3.218633895398685496e+01,5.777743164990655877e+00
3.220634466990568967e+01,5.589752630233137509e+00
3.222635038582451728e+01,5.909806201023227956e+00
3.224635610174335909e+01,4.585233863723095382e+00
3.226636181766218670e+01,5.710586251905485078e+00
3.228636753358102851e+01,6.251470301828198295e+00
3.230637324949985612e+01,4.957961672340140957e+00
3.232637896541869083e+01,4.636868938988195410e+00
3.234638468133752554e+01,5.257897251761123769e+00
3.236639039725636025e+01,4.663114305638593748e+00
3.238639611317519496e+01,5.924548498122280904e+00
3.240640182909402967e+01,5.391517627252412126e+00
3.242640754501286438e+01,4.843790421244195343e+00
3.244641326093169198e+01,4.782885277578795780e+00
3.246641897685053380e+01,6.055225551998752564e+00
3.248642469276936140e+01,4.875149196691753062e+00
3.250643040868819611e+01,6.164216240823098047e+00
3.252643612460703082e+01,4.810803994208837864e+00
3.254644184052586553e+01,5.154495333285207259e+00
3.256644755644470024e+01,5.459222778422462952e+00
3.258645327236353495e+01,4.765463502640443494e+00
3.260645898828236966e+01,4.368315705750768885e+00
3.262646470420119726e+01,5.327597753120498325e+00
3.264647042012003908e+01,5.563903534033194376e+00
3.266647613603886668e+01,5.120250446643478170e+00
3.268648185195770850e+01,4.319559732359016913e+00
3.270648756787653610e+01,5.483426187133437324e+00
3.272649328379537081e+01,4.465060397957016036e+00
3.274649899971420552e+01,5.204420764814959632e+00
3.276650471563304023e+01,5.967005340127089497e+00
3.278651043155187494e+01,4.809276634090625890e+00
3.280651614747070255e+01,5.768893314727590038e+00
3.282652186338954436e+01,6.053770618374486823e+00
3.284652757930837197e+01,5.527542418065450214e+00
3.286653329522721378e+01,6.085341881726046509e+00
3.288653901114604139e+01,5.956690219800908181e+00
3.290654472706487610e+01,4.336899341596827107e+00
3.292655044298371081e+01,4.712320860142690471e+00
3.294655615890254552e+01,5.634585698733675763e+00
3.296656187482138023e+01,4.399573119837911328e+00
3.298656759074020783e+01,5.507025546324020304e+00
3.300657330665904965e+01,6.138939457729596150e+00
3.302657902257787725e+01,4.417729376440447275e+00
3.304658473849671907e+01,6.144327590998524435e+00
3.306659045441554667e+01,5.929702646642254216e+00
3.308659617033438138e+01,5.440651115087013601e+00
3.310660188625321609e+01,5.380932009534326710e+00
3.312660760217205080e+01,5.222411767390610748e+00
3.314661331809088551e+01,5.344133046266320797e+00
3.316661903400971312e+01,4.801328665345045543e+00
3.318662474992855493e+01,4.913268026567341629e+00
3.320663046584738254e+01,4.352228710454229876e+00
3.322663618176622435e+01,5.289006334921755759e+00
3.324664189768505196e+01,5.885616183079227959e+00
3.326664761360388667e+01,5.675280114143665955e+00
3.328665332952272138e+01,4.805924232397987161e+00
3.330665904544155609e+01,6.107852917690284045e+00
3.332666476136039080e+01,5.192018179114668897e+00
3.334667047727922551e+01,4.824579566807106090e+00
3.336667619319806022e+01,4.646318310666437412e+00
3.338668190911688782e+01,5.396653724621766735e+00
3.340668762503572964e+01,5.887428662549532454e+00
3.342669334095455724e+01,6.026674419696980145e+00
3.344669905687339195e+01,4.679941153721510538e+00
3.346670477279222666e+01,5.155658076118500688e+00
3.348671048871106137e+01,4.759672720119247913e+00
3.350671620462989608e+01,4.747141248414489034e+00
3.352672192054873079e+01,5.329497349754184654e+00
3.354672763646756550e+01,4.921221935737197128e+00
3.356673335238639311e+01,4.709240406781685984e+00
3.358673906830523492e+01,4.935026996966643154e+00
3.360674478422406253e+01,4.551062283195926206e+00
3.362675050014290434e+01,5.993006268297430772e+00
3.364675621606173195e+01,4.322934841100672720e+00
3.366676193198056666e+01,4.508250341913295323e+00
3.368676764789940137e+01,4.377142573964673211e+00
3.370677336381823608e+01,4.336061384741932478e+00
3.372677907973707079e+01,5.735784062297179631e+00
3.374678479565589839e+01,4.498502406496555750e+00
3.376679051157474021e+01,5.036385090243811646e+00
3.378679622749356781e+01,4.548317349451053815e+00
3.380680194341240963e+01,4.949013305315476785e+00
3.382680765933123723e+01,6.127570127082469398e+00
3.384681337525007194e+01,4.686238563131741586e+00
3.386681909116890665e+01,5.518929550159581865e+00
3.388682480708774136e+01,6.011893526056206305e+00
3.390683052300657607e+01,4.870175518345853938e+00
3.392683623892540368e+01,4.731473168889287706e+00
3.394684195484424549e+01,5.441480269888543830e+00
3.396684767076307310e+01,4.787730484632026773e+00
3.398685338668191491e+01,5.078905498269167040e+00
3.400685910260074252e+01,5.321442888230939694e+00
3.402686481851957723e+01,5.498034746218810831e+00
3.404687053443841194e+01,5.190420441069583113e+00
3.406687625035724665e+01,6.179465009644643736e+00
3.408688196627608136e+01,5.353520500982376973e+00
3.410688768219490896e+01,5.644743932235804174e+00
3.412689339811375078e+01,4.910902567869668722e+00
3.414689911403257838e+01,5.090832851358032762e+00
3.416690482995142020e+01,4.912658395962880675e+00
3.418691054587024780e+01,5.509794432095160843e+00
3.420691626178908251e+01,4.473201562120897812e+00
3.422692197770791722e+01,4.962478466604816063e+00
3.424692769362675193e+01,5.739607662256814180e+00
3.426693340954558664e+01,5.827710589937716179e+00
3.428693912546442135e+01,4.959164919749378342e+00
3.430694484138325606e+01,5.296354700034871854e+00
3.432695055730208367e+01,4.918889823141573636e+00
3.434695627322092548e+01,6.000725904071040340e+00
3.436696198913975309e+01,5.907448300316446854e+00
3.438696770505858780e+01,6.017584149365426072e+00
3.440697342097742251e+01,5.447348757308248857e+00
3.442697913689625722e+01,6.027440991607128318e+00
3.444698485281509193e+01,5.594196793758984931e+00
3.446699056873392664e+01,6.061028368628452512e+00
3.448699628465276135e+01,5.311541391713553217e+00
3.450700200057158895e+01,5.803166473414688831e+00
3.452700771649043077e+01,5.408367869262889371e+00
3.454701343240925837e+01,5.993646301241883023e+00
3.456701914832810019e+01,4.590339246704991716e+00
3.458702486424692779e+01,5.343317705607254275e+00
3.460703058016576250e+01,5.396484241994903286e+00
3.462703629608459721e+01,5.379848383567249925e+00
3.464704201200343192e+01,5.815746910046314611e+00
3.466704772792226663e+01,6.072665156562504052e+00
3.468705344384109424e+01,4.717462738218114460e+00
3.470705915975993605e+01,4.617389923898368664e+00
3.472706487567876366e+01,4.492443883838242336e+00
3.474707059159760547e+01,4.829782781313438633e+00
3.476707630751643308e+01,5.610201559164260665e+00
3.478708202343526779e+01,5.157729095078151360e+00
3.480708773935410250e+01,6.302235249110499815e+00
3.482709345527293721e+01,6.069379545723855074e+00
3.484709917119177192e+01,5.284615808713404306e+00
3.486710488711059952e+01,6.063216477003613214e+00
3.488711060302944134e+01,4.624016673180044279e+00
3.490711631894826894e+01,6.218946248124102461e+00
3.492712203486711076e+01,5.638426602938987564e+00
3.494712775078593836e+01,4.848192190584510897e+00
3.496713346670477307e+01,5.792737790974187284e+00
3.498713918262360778e+01,4.708238665921920862e+00
3.500714489854244249e+01,5.375221443802495891e+00
3.502715061446127720e+01,6.114125544889950525e+00
3.504715633038010481e+01,6.239720927617558921e+00
3.506716204629894662e+01,5.588595198959504629e+00
3.508716776221777423e+01,5.615178511684145057e+00
3.510717347813661604e+01,4.795629917257718589e+00
3.512717919405544365e+01,4.746068373122192874e+00
3.514718490997427836e+01,4.918832250295436026e+00
3.516719062589311307e+01,5.645255788806823993e+00
3.518719634181194778e+01,6.141248657420619317e+00
3.520720205773078249e+01,5.002108892094024206e+00
3.522720777364961720e+01,5.874520531832874148e+00
3.524721348956845191e+01,4.638457576933249449e+00
3.526721920548727951e+01,5.524622554236886529e+00
3.528722492140612133e+01,5.168424306295505311e+00
3.530723063732494893e+01,6.240390570804749792e+00
3.532723635324378364e+01,5.538080264229642502e+00
3.534724206916261835e+01,5.749119103709237955e+00
3.536724778508145306e+01,5.102944630272379989e+00
3.538725350100028777e+01,6.006864981981494545e+00
3.540725921691912248e+01,5.565425039339982227e+00
3.542726493283795719e+01,6.219445559050853056e+00
3.544727064875678479e+01,5.200795116967453779e+00
3.546727636467562661e+01,4.803677435694094555e+00
3.548728208059445421e+01,4.867868702621938048e+00
3.550728779651329603e+01,5.397414724120292995e+00
3.552729351243212363e+01,5.299412195400223347e+00
3.554729922835095834e+01,5.186697274142577641e+00
3.556730494426979305e+01,5.791614801287488845e+00
3.558731066018862776e+01,6.414647633136185689e+00
3.560731637610746247e+01,5.147152971541147259e+00
3.562732209202629008e+01,6.310548094647367101e+00
3.564732780794513189e+01,5.102496990304015156e+00
3.566733352386395950e+01,6.759572379123600427e+00
3.568733923978280131e+01,6.596099531044911757e+00
3.570734495570162892e+01,5.242805742619871978e+00
3.572735067162046363e+01,5.538503566474988205e+00
3.574735638753929834e+01,6.856183120358237737e+00
3.576736210345813305e+01,6.366496329958983402e+00
3.578736781937696776e+01,5.717773320762922218e+00
3.580737353529579536e+01,6.390757657822010884e+00
3.582737925121463718e+01,6.202167123197914300e+00
3.584738496713346478e+01,7.576272236348979838e+00
3.586739068305230660e+01,7.807560713425582222e+00
3.588739639897113420e+01,7.664145663141938236e+00
3.590740211488996891e+01,7.068838010207441513e+00
3.592740783080880362e+01,6.868709701946555057e+00
3.594741354672763833e+01,7.343837488384333589e+00
3.596741926264647304e+01,9.203845577621443397e+00
3.598742497856530065e+01,8.145736147301215979e+00
3.600743069448414246e+01,9.257439518565263370e+00
3.602743641040297007e+01,1.018915626215482462e+01
3.604744212632181188e+01,9.982821148227863262e+00
3.606744784224063949e+01,1.090848278828103624e+01
3.608745355815947420e+01,1.197414280203322079e+01
3.610745927407830891e+01,1.288551465237162930e+01
3.612746498999714362e+01,1.391673563809764858e+01
3.614747070591597833e+01,1.471945922672866836e+01
3.616747642183481304e+01,1.556854831840812281e+01
3.618748213775364775e+01,1.683824744224635950e+01
3.620748785367247535e+01,1.755219457185114251e+01
3.622749356959131717e+01,1.901870912380844203e+01
3.624749928551014477e+01,2.152255637288266499e+01
3.626750500142897948e+01,2.126476890492201832e+01
3.628751071734781419e+01,2.474247059374285840e+01
3.630751643326664890e+01,2.650767686515948185e+01
3.632752214918548361e+01,2.830193367960176687e+01
3.634752786510431832e+01,2.919823813997431117e+01
3.636753358102315303e+01,3.137493424180619428e+01
3.638753929694198064e+01,3.320851406832602493e+01
3.640754501286082245e+01,3.511647561761222391e+01
3.642755072877965006e+01,3.831845172459298965e+01
3.644755644469849187e+01,4.086913016950451549e+01
3.646756216061731948e+01,4.179715047981217424e+01
3.648756787653615419e+01,4.369293523080625619e+01
3.650757359245498890e+01,4.617259818276865246e+01
3.652757930837382361e+01,4.693320684851167357e+01
3.654758502429265832e+01,4.805613139674102996e+01
3.656759074021148592e+01,4.950058179564447869e+01
3.658759645613032774e+01,4.994568006383474312e+01
3.660760217204915534e+01,5.171369252585738252e+01
3.662760788796799716e+01,5.118990274909059934e+01
3.664761360388682476e+01,4.934277379739984326e+01
3.666761931980565947e+01,4.838732620453841804e+01
3.668762503572449418e+01,4.745757724377844511e+01
3.670763075164332889e+01,4.636421650603746514e+01
3.672763646756216360e+01,4.419238690763692290e+01
3.674764218348099121e+01,4.202180415203915942e+01
3.676764789939983302e+01,3.886648810690048350e+01
3.678765361531866063e+01,3.654467000705543001e+01
3.680765933123750244e+01,3.368070972063748769e+01
3.682766504715633005e+01,3.221749636514891790e+01
3.684767076307516476e+01,2.994114430326039411e+01
3.686767647899399947e+01,2.654055052406220483e+01
3.688768219491283418e+01,2.469523904221625443e+01
3.690768791083166889e+01,2.296784715628291806e+01
3.692769362675049649e+01,2.179648763146057888e+01
3.694769934266933831e+01,2.125294079408085679e+01
3.696770505858816591e+01,1.821976458908990182e+01
3.698771077450700773e+01,1.677242272703160708e+01
3.700771649042583533e+01,1.719292869846115224e+01
3.702772220634467004e+01,1.528825317910365911e+01
3.704772792226350475e+01,1.345610133929984364e+01
3.706773363818233946e+01,1.275333955931344221e+01
3.708773935410117417e+01,1.172477129560117959e+01
3.710774507002000888e+01,1.066311232698576106e+01
3.712775078593884359e+01,1.147283661146252420e+01
3.714775650185767120e+01,9.340673563358091513e+00
3.716776221777651301e+01,1.040563450409924151e+01
3.718776793369534062e+01,8.750069634422056097e+00
3.720777364961417533e+01,9.453088086514814137e+00
3.722777936553301004e+01,8.549977512870775342e+00
3.724778508145184475e+01,8.390966120549753882e+00
3.726779079737067946e+01,8.482047125893085848e+00
3.728779651328951417e+01,6.899186153847304936e+00
3.730780222920834888e+01,7.356082137569408985e+00
3.732780794512717648e+01,6.941969027883093446e+00
3.734781366104601830e+01,7.503161694940152948e+00
3.736781937696484590e+01,7.350242322227876102e+00
3.738782509288368772e+01,7.612271868015531240e+00
3.740783080880251532e+01,6.706249614753978960e+00
3.742783652472135003e+01,8.540279700923097295e+00
3.744784224064018474e+01,7.088216918323841043e+00
3.746784795655901945e+01,8.740498825762054835e+00
3.748785367247785416e+01,8.778579592358637385e+00
3.750785938839668177e+01,7.987556153662742631e+00
3.752786510431552358e+01,8.791742301326641140e+00
3.754787082023435119e+01,8.289333157449636502e+00
3.756787653615319300e+01,9.721004276140059019e+00
3.758788225207202061e+01,1.005525133671412341e+01
3.760788796799085532e+01,9.678604276576997734e+00
3.762789368390969003e+01,1.162055052721106918e+01
3.764789939982852474e+01,1.282971125251648559e+01
3.766790511574735945e+01,1.196783660587343867e+01
3.768791083166618705e+01,1.459300768538827420e+01
3.770791654758502887e+01,1.508632170802499139e+01
3.772792226350385647e+01,1.620687315000589734e+01
3.774792797942269829e+01,1.689659769896309527e+01
3.776793369534152589e+01,1.876724238891210916e+01
3.778793941126036060e+01,2.112491634616041480e+01
3.780794512717919531e+01,2.244897946184691762e+01
3.782795084309803002e+01,2.369171409581918297e+01
3.784795655901686473e+01,2.670878734498642615e+01
3.786796227493569234e+01,2.850969463826012529e+01
3.788796799085453415e+01,3.109992939475074181e+01
3.790797370677336176e+01,3.496584611759257655e+01
3.792797942269220357e+01,3.750641014030764353e+01
3.794798513861103118e+01,4.085422491346259477e+01
3.796799085452986589e+01,4.504448809325250380e+01
3.798799657044870060e+01,4.910070054416261343e+01
3.800800228636753531e+01,5.379632217127615945e+01
3.802800800228637002e+01,5.696508236508260126e+01
3.804801371820520473e+01,6.288775826105276678e+01
3.806801943412403944e+01,6.579536455911174642e+01
3.808802515004286704e+01,7.182720023428099410e+01
3.810803086596170886e+01,7.580169969679000985e+01
3.812803658188053646e+01,8.150090476903210401e+01
3.814804229779937117e+01,8.433798289398052361e+01
3.816804801371820588e+01,8.897882153489406676e+01
3.818805372963704059e+01,9.223393170675348074e+01
3.820805944555587530e+01,9.577395478587571631e+01
3.822806516147471001e+01,9.770443497990927995e+01
3.824807087739354472e+01,9.935515654548915165e+01
3.826807659331237232e+01,9.856360479741391600e+01
3.828808230923121414e+01,1.000000000000000000e+02
3.830808802515004174e+01,9.883654202449517356e+01
3.832809374106888356e+01,9.882997685199721616e+01
3.834809945698771116e+01,9.650577442084910729e+01
3.836810517290654587e+01,9.534503719453560677e+01
3.838811088882538058e+01,9.469173794895594654e+01
3.840811660474421529e+01,9.162484065071208761e+01
3.842812232066305000e+01,9.173299085092787664e+01
3.844812803658187761e+01,8.901859814142987659e+01
3.846813375250071942e+01,8.909903532953704541e+01
3.848813946841954703e+01,8.592403741992055188e+01
3.850814518433838884e+01,8.531559562401312746e+01
3.852815090025721645e+01,8.189883452539255870e+01
3.854815661617605116e+01,7.954089272032392444e+01
3.856816233209488587e+01,7.675380574771715203e+01
3.858816804801372058e+01,7.200285502253581171e+01
3.860817376393255529e+01,6.780454555374674896e+01
3.862817947985138289e+01,6.181980499721181133e+01
3.864818519577022471e+01,5.664281087462239128e+01
3.866819091168905231e+01,5.128509639457450930e+01
3.868819662760789413e+01,4.666749938896347771e+01
3.870820234352672173e+01,3.979612453444079989e+01
3.872820805944555644e+01,3.584988784077582835e+01
3.874821377536439115e+01,3.134974675274463962e+01
3.876821949128322586e+01,2.678834583932226465e+01
3.878822520720206057e+01,2.348308889602436267e+01
3.880823092312088818e+01,2.031355185883867875e+01
3.882823663903972999e+01,1.638884011190524248e+01
3.884824235495855760e+01,1.553551200799892840e+01
3.886824807087739941e+01,1.236453965513691600e+01
3.888825378679622702e+01,1.176118586036145430e+01
3.890825950271506173e+01,1.167989939911940134e+01
3.892826521863389644e+01,1.036550520351935845e+01
3.894827093455273115e+01,1.023957042135212525e+01
3.896827665047156586e+01,9.353803713433789468e+00
3.898828236639040057e+01,8.595551945741224387e+00
3.900828808230923528e+01,8.529413783556973883e+00
3.902829379822806288e+01,7.933001419129777965e+00
3.904829951414690470e+01,7.859390079354608538e+00
3.906830523006573230e+01,7.107181533676689256e+00
3.908831094598456701e+01,7.716854538977713673e+00
3.910831666190340172e+01,7.667215291988755510e+00
3.912832237782223643e+01,6.870853920942384896e+00
3.914832809374107114e+01,7.543024211010588509e+00
3.916833380965990585e+01,7.817962320342853211e+00
3.918833952557874056e+01,7.349198792800590851e+00
3.920834524149756817e+01,7.303043897176960009e+00
3.922835095741640998e+01,6.367018006523537110e+00
3.924835667333523759e+01,6.285780016233433187e+00
3.926836238925407940e+01,6.871604456860066712e+00
3.928836810517290701e+01,6.139500644798118856e+00
3.930837382109174172e+01,6.916804100988532156e+00
3.932837953701057643e+01,5.724389408150384106e+00
3.934838525292941114e+01,7.219901229487267535e+00
3.936839096884824585e+01,5.464168539904909139e+00
3.938839668476707345e+01,7.185895529283658156e+00
3.940840240068591527e+01,6.832355993263606209e+00
3.942840811660474287e+01,6.696935191081083261e+00
3.944841383252358469e+01,5.248916885285114020e+00
3.946841954844241229e+01,7.052325792851416253e+00
3.948842526436124700e+01,5.707604483502864312e+00
3.950843098028008171e+01,6.384958149165593788e+00
3.952843669619891642e+01,5.700410559223358042e+00
3.954844241211775113e+01,6.412092685932377911e+00
3.956844812803657874e+01,6.212268304647593276e+00
3.958845384395542055e+01,5.860776322270431216e+00
3.960845955987424816e+01,6.005015178785487073e+00
3.962846527579308997e+01,5.495233339769051817e+00
3.964847099171191758e+01,6.806906233517970861e+00
3.966847670763075229e+01,6.131515869031310295e+00
3.968848242354958700e+01,5.041281213864519550e+00
3.970848813946842171e+01,6.186255072436535052e+00
3.972849385538725642e+01,6.649399364395548240e+00
3.974849957130608402e+01,6.747766575129776179e+00
3.976850528722492584e+01,6.069252485278529008e+00
3.978851100314375344e+01,6.650435360181940148e+00
3.980851671906259526e+01,6.701142032054996811e+00
3.982852243498142286e+01,6.435521994025904746e+00
3.984852815090025757e+01,6.533120980544929068e+00
3.986853386681909228e+01,6.150942840441698145e+00
3.988853958273792699e+01,5.355244571739784298e+00
3.990854529865676170e+01,6.674569943924497650e+00
3.992855101457559641e+01,5.733905423525974321e+00
3.994855673049443112e+01,6.185926742712759996e+00
3.996856244641325873e+01,6.381593192548027815e+00
3.998856816233210054e+01,6.281117138019520318e+00
4.000857387825092815e+01,4.817196486331717153e+00
4.002857959416976286e+01,5.387959289255253026e+00
4.004858531008859757e+01,5.393829968605952985e+00
4.006859102600743228e+01,5.360550482024536656e+00
4.008859674192626699e+01,6.060524353594535896e+00
4.010860245784510170e+01,4.856722353842362949e+00
4.012860817376393641e+01,5.467379252761910280e+00
4.014861388968276401e+01,6.220130957269481620e+00
4.016861960560160583e+01,5.373309715260422337e+00
4.018862532152043343e+01,6.378664512013753729e+00
4.020863103743927525e+01,5.148879111919813845e+00
4.022863675335810285e+01,6.407433643513255284e+00
4.024864246927693756e+01,5.845774024663136892e+00
4.026864818519577227e+01,6.429867131304660255e+00
4.028865390111460698e+01,4.842638044188521285e+00
4.030865961703344169e+01,6.130207975401816611e+00
4.032866533295226930e+01,6.262317982886079548e+00
4.034867104887111111e+01,5.145405438289931688e+00
4.036867676478993872e+01,6.534178475626663207e+00
4.038868248070878053e+01,6.520499892064382408e+00
4.040868819662760814e+01,5.215580998548014158e+00
4.042869391254644285e+01,5.171850197998189458e+00
4.044869962846527756e+01,5.383398990014446994e+00
4.046870534438411227e+01,5.896768431232170649e+00
4.048871106030294698e+01,5.266278558033532953e+00
4.050871677622177458e+01,5.188724973583754618e+00
4.052872249214061640e+01,5.359198235314813097e+00
4.054872820805944400e+01,5.836178518296483375e+00
4.056873392397828582e+01,6.377419788017192559e+00
4.058873963989711342e+01,5.459015531531338894e+00
4.060874535581594813e+01,4.925936106313607787e+00
4.062875107173478284e+01,6.423391606255837161e+00
4.064875678765361755e+01,5.663865167902813802e+00
4.066876250357245226e+01,5.483501179401034875e+00
4.068876821949127986e+01,5.756634170518369231e+00
4.070877393541012168e+01,6.069888932862428810e+00
4.072877965132894929e+01,5.689741533503084980e+00
4.074878536724779110e+01,5.163539870242873420e+00
4.076879108316661871e+01,5.299873029163530980e+00
4.078879679908545342e+01,5.194213289771711928e+00
4.080880251500428813e+01,5.441272335270829430e+00
4.082880823092312284e+01,4.762447743233773068e+00
4.084881394684195755e+01,4.885406167496935126e+00
4.086881966276079226e+01,5.294775564404571533e+00
4.088882537867962697e+01,5.838721688170996238e+00
4.090883109459845457e+01,5.623894962550740395e+00
4.092883681051729639e+01,5.886342523724543696e+00
4.094884252643612399e+01,5.032902019800390647e+00
4.096884824235495870e+01,5.716687292535635123e+00
4.098885395827379341e+01,6.427325915811173296e+00
4.100885967419262812e+01,4.723197674557387593e+00
4.102886539011146283e+01,5.750182435048962759e+00
4.104887110603029754e+01,6.115508924904938581e+00
4.106887682194913225e+01,4.714949621107352051e+00
4.108888253786795985e+01,5.121338621849075956e+00
4.110888825378680167e+01,5.976605562607556266e+00
4.112889396970562927e+01,6.160324074212373269e+00
4.114889968562447109e+01,5.419224401582249939e+00
4.116890540154329869e+01,5.193602141140782891e+00
4.118891111746213340e+01,5.263126545712509596e+00
4.120891683338096811e+01,4.708481870199506147e+00
4.122892254929980282e+01,4.795625013974301076e+00
4.124892826521863753e+01,6.445879670209318846e+00
4.126893398113746514e+01,5.430927068448991868e+00
4.128893969705630695e+01,5.746776406727202691e+00
4.130894541297513456e+01,4.992532326890056105e+00
4.132895112889397637e+01,5.370455460396853731e+00
4.134895684481280398e+01,4.797533228973931863e+00
4.136896256073163869e+01,5.969454823006567601e+00
4.138896827665047340e+01,5.866456235974021105e+00
4.140897399256930811e+01,5.068355906369297337e+00
4.142897970848814282e+01,6.272255621144244842e+00
4.144898542440697042e+01,5.852590968638387459e+00
4.146899114032581224e+01,4.883130160605838377e+00
4.148899685624463984e+01,5.977612228394957761e+00
4.150900257216348166e+01,5.086653210837874362e+00
4.152900828808230926e+01,5.892773470138105374e+00
4.154901400400114397e+01,5.832739681794993913e+00
4.156901971991997868e+01,6.379721280633822822e+00
4.158902543583881339e+01,5.045731289731290481e+00
4.160903115175764810e+01,4.782676344780997013e+00
4.162903686767647571e+01,4.699405805543712233e+00
4.164904258359531752e+01,5.418616960052829334e+00
4.166904829951414513e+01,5.893827871833225096e+00
4.168905401543298694e+01,5.105725427469254285e+00
4.170905973135181455e+01,6.187355692355092529e+00
4.172906544727064926e+01,4.857768532843326881e+00
4.174907116318948397e+01,4.924722138249904901e+00
4.176907687910831868e+01,5.267136588661974983e+00
4.178908259502715339e+01,5.803474386309328992e+00
4.180908831094598810e+01,5.291071182414876617e+00
4.182909402686482281e+01,4.864865696700411135e+00
4.184909974278365041e+01,4.956976911612146708e+00
4.186910545870249223e+01,5.590754752972290298e+00
4.188911117462131983e+01,6.048842009985073709e+00
4.190911689054015454e+01,6.328579087688766869e+00
4.192912260645898925e+01,5.751503578510390291e+00
4.194912832237782396e+01,6.104504789502086304e+00
4.196913403829665867e+01,5.371236287589722380e+00
4.198913975421549338e+01,6.465186012273208327e+00
4.200914547013432809e+01,5.788736737594255999e+00
4.202915118605316280e+01,5.510693979326028114e+00
4.204915690197199041e+01,5.750413420144960597e+00
4.206916261789082512e+01,6.450278386924533258e+00
4.208916833380965983e+01,6.409556860949557233e+00
4.210917404972849454e+01,5.847229697340843302e+00
4.212917976564732925e+01,6.200872227757210808e+00
4.214918548156616396e+01,6.498051008248764582e+00
4.216919119748499867e+01,5.678458648162243882e+00
4.218919691340383338e+01,5.243097722941336691e+00
4.220920262932266809e+01,5.459037480510582796e+00
4.222920834524150280e+01,5.162148457760523890e+00
4.224921406116033040e+01,5.038490195886365264e+00
4.226921977707916511e+01,5.923209616583095638e+00
4.228922549299799982e+01,6.370820852427982572e+00
4.230923120891683453e+01,4.718651195035374002e+00
4.232923692483566924e+01,4.723063779764635761e+00
4.234924264075450395e+01,5.628338209293155536e+00
4.236924835667333866e+01,6.248165083765806038e+00
4.238925407259217337e+01,4.723552911884469907e+00
4.240925978851100808e+01,5.521644642140587145e+00
4.242926550442983569e+01,5.228137243694903624e+00
4.244927122034867040e+01,6.003486928721077476e+00
4.246927693626750511e+01,5.115063673801986788e+00
4.248928265218633982e+01,4.978472166834171375e+00
4.250928836810517453e+01,5.486643886531883396e+00
4.252929408402400924e+01,6.444936223359087002e+00
4.254929979994284395e+01,5.359653812054807176e+00
4.256930551586167866e+01,6.073811003704743250e+00
4.258931123178051337e+01,6.193718547023828513e+00
4.260931694769934097e+01,6.570543583827764600e+00
4.262932266361817568e+01,5.094918469560755447e+00
4.264932837953701039e+01,5.029341433737340772e+00
4.266933409545584510e+01,5.946957566014230423e+00
4.268933981137467981e+01,5.045406640150967625e+00
4.270934552729351452e+01,5.921457113165137010e+00
4.272935124321234923e+01,5.555304984538960156e+00
4.274935695913118394e+01,5.387538109834762778e+00
4.276936267505001865e+01,5.516100762304184890e+00
4.278936839096885336e+01,4.892273554667698754e+00
4.280937410688768097e+01,6.181331403174967321e+00
4.282937982280651568e+01,5.426356590460762241e+00
4.284938553872535039e+01,6.496406440860018172e+00
4.286939125464418510e+01,6.006226807042578386e+00
4.288939697056301981e+01,5.398321671446502101e+00
4.290940268648185452e+01,6.135551176387648020e+00
4.292940840240068923e+01,5.470698921400110493e+00
4.294941411831952394e+01,6.302153748946976997e+00
4.296941983423835865e+01,5.559313891319696666e+00
4.298942555015718625e+01,6.399812433927712263e+00
4.300943126607602096e+01,4.983838994219613738e+00
4.302943698199485567e+01,6.317280906375735583e+00
4.304944269791369038e+01,6.144734389113704509e+00
4.306944841383252509e+01,5.685094212441070383e+00
4.308945412975135980e+01,5.193798462822857509e+00
4.310945984567019451e+01,6.077862415296983123e+00
4.312946556158902922e+01,6.253307097008734772e+00
4.314947127750786393e+01,5.418951984021058266e+00
4.316947699342669864e+01,5.453400794746512403e+00
4.318948270934552625e+01,4.861060452818543709e+00
4.320948842526436096e+01,5.175779212052374234e+00
4.322949414118319567e+01,5.471043640137531305e+00
4.324949985710203038e+01,5.905695697923530219e+00
4.326950557302086509e+01,4.999772932999515085e+00
4.328951128893969980e+01,5.148098163925308057e+00
4.330951700485853451e+01,6.574767119115662695e+00
4.332952272077736922e+01,6.742878524984080357e+00
4.334952843669620393e+01,5.875828132232093992e+00
4.336953415261503153e+01,6.586962784097608825e+00
4.338953986853386624e+01,6.418899226401586056e+00
4.340954558445270095e+01,6.683396988713138143e+00
4.342955130037153566e+01,5.049383435512532436e+00
4.344955701629037037e+01,6.046821572869943040e+00
4.346956273220920508e+01,5.122396650139807051e+00
4.348956844812803979e+01,5.828703033021513491e+00
4.350957416404687450e+01,6.010534780478956840e+00
4.352957987996570921e+01,6.047533518613520620e+00
4.354958559588453681e+01,6.166660485012112503e+00
4.356959131180337153e+01,5.669828013833512870e+00
4.358959702772220624e+01,5.217558876818118030e+00
4.360960274364104095e+01,5.579112136584962300e+00
4.362960845955987566e+01,5.337709646584449352e+00
4.364961417547871037e+01,6.079414708051833038e+00
4.366961989139754508e+01,7.026668840398334837e+00
4.368962560731637979e+01,7.062215161784828332e+00
4.370963132323521450e+01,5.853903270736212860e+00
4.372963703915404921e+01,5.478614860993907598e+00
4.374964275507287681e+01,6.933609101566299948e+00
4.376964847099171152e+01,6.252939455006028879e+00
4.378965418691054623e+01,5.811420509093433218e+00
4.380965990282938094e+01,6.987151047381399138e+00
4.382966561874821565e+01,6.101226703035260712e+00
4.384967133466705036e+01,6.859048483680171060e+00
4.386967705058588507e+01,6.444987871300604354e+00
4.388968276650471978e+01,7.553096543346977221e+00
4.390968848242355449e+01,7.313231857746664843e+00
4.392969419834238209e+01,8.147228546747879108e+00
4.394969991426121680e+01,7.558453878025918726e+00
4.396970563018005151e+01,8.398136274528040346e+00
4.398971134609888622e+01,7.152295946456946218e+00
4.400971706201772093e+01,7.647931421686823938e+00
4.402972277793655564e+01,8.877549855011778845e+00
4.404972849385539035e+01,8.717380397217272758e+00
4.406973420977422506e+01,1.047057745648267435e+01
4.408973992569305977e+01,9.837177639044345057e+00
4.410974564161189448e+01,1.161983324530221928e+01
4.412975135753072209e+01,1.293854385054283362e+01
4.414975707344955680e+01,1.338175215972158050e+01
4.416976278936839151e+01,1.505304525245983527e+01
4.418976850528722622e+01,1.644429612387783024e+01
4.420977422120606093e+01,1.724450536095309161e+01
4.422977993712489564e+01,2.025824186506356028e+01
4.424978565304373035e+01,2.213757272239274698e+01
4.426979136896256506e+01,2.475668404976443782e+01
4.428979708488139977e+01,2.764719701255860329e+01
4.430980280080022737e+01,2.935652063587738070e+01
4.432980851671906208e+01,3.351480192703519378e+01
4.434981423263789679e+01,3.586140258974381112e+01
4.436981994855673150e+01,3.936453548709672390e+01
4.438982566447556621e+01,4.316905024272281821e+01
4.440983138039440092e+01,4.848894008874258077e+01
4.442983709631323563e+01,5.184162349250646429e+01
4.444984281223207034e+01,5.741989972666996778e+01
4.446984852815090505e+01,6.136625054586352945e+01
4.448985424406973266e+01,6.589485487781712436e+01
4.450985995998856737e+01,7.074434192618190309e+01
4.452986567590740208e+01,7.348823085732243499e+01
4.454987139182623679e+01,7.670988629960955052e+01
4.456987710774507150e+01,8.058244871678448362e+01
4.458988282366390621e+01,8.164959854568128605e+01
4.460988853958274092e+01,8.351973645465726293e+01
4.462989425550157563e+01,8.269590617181431469e+01
4.464989997142041034e+01,8.171345664042385692e+01
4.466990568733924505e+01,8.022552345389516404e+01
4.468991140325807265e+01,7.735439551068205333e+01
4.470991711917690736e+01,7.537932087760694344e+01
4.472992283509574207e+01,7.066188683918802838e+01
4.474992855101457678e+01,6.659577461814305366e+01
4.476993426693341149e+01,6.246195482102851315e+01
4.478993998285224620e+01,5.870876278041789931e+01
4.480994569877108091e+01,5.269306075782980514e+01
4.482995141468991562e+01,4.867575341625144603e+01
4.484995713060875033e+01,4.344695786413713989e+01
4.486996284652757794e+01,3.902814842456009359e+01
4.488996856244641265e+01,3.441911784139644226e+01
4.490997427836524736e+01,3.062530455860223810e+01
4.492997999428408207e+01,2.663869633972105078e+01
4.494998571020291678e+01,2.312496606260185672e+01
4.496999142612175149e+01,2.138242061955970641e+01
4.498999714204058620e+01,1.780300770476640793e+01
4.501000285795942091e+01,1.676210022511942910e+01
4.503000857387825562e+01,1.370379068317602567e+01
4.505001428979709033e+01,1.332677838119945690e+01
4.507002000571591793e+01,1.090206672475984639e+01
4.509002572163475264e+01,1.117512439485503073e+01
4.511003143755358735e+01,8.848271271772052415e+00
4.513003715347242206e+01,8.995341305733324688e+00
4.515004286939125677e+01,8.731119339822319247e+00
4.517004858531009148e+01,7.764232943276843102e+00
4.519005430122892619e+01,8.501160826880974852e+00
4.521006001714776090e+01,8.581768472493886080e+00
4.523006573306659561e+01,7.755516604699682404e+00
4.525007144898542322e+01,7.001671457419240241e+00
4.527007716490425793e+01,7.587113587948628002e+00
4.529008288082309264e+01,6.994103776403608030e+00
4.531008859674192735e+01,7.033298435533352766e+00
4.533009431266076206e+01,6.926645538138202163e+00
4.535010002857959677e+01,6.439714450763002418e+00
4.537010574449843148e+01,7.013775411347550559e+00
4.539011146041726619e+01,7.363958253951486732e+00
4.541011717633610090e+01,6.334074888686649807e+00
4.543012289225492850e+01,7.326265474267288802e+00
4.545012860817376321e+01,5.871331622153741492e+00
4.547013432409259792e+01,6.470326757969141696e+00
4.549014004001143263e+01,7.016134391164893458e+00
4.551014575593026734e+01,6.281602913781290987e+00
4.553015147184910205e+01,6.437684701206610072e+00
4.555015718776793676e+01,6.237894627490599753e+00
4.557016290368677147e+01,6.225868771127265333e+00
4.559016861960560618e+01,5.729709328219608544e+00
4.561017433552444089e+01,6.090335288618013543e+00
4.563018005144326850e+01,5.816188788989769876e+00
4.565018576736210321e+01,5.937057660930930680e+00
4.567019148328093792e+01,6.137299329226242328e+00
4.569019719919977263e+01,6.126528340266407469e+00
4.571020291511860734e+01,6.708173685768723971e+00
4.573020863103744205e+01,5.397885171116482361e+00
4.575021434695627676e+01,5.244910434612952699e+00
4.577022006287511147e+01,6.739177088302071184e+00
4.579022577879394618e+01,6.077791707131544818e+00
4.581023149471277378e+01,6.052440282957545215e+00
4.583023721063160849e+01,5.685813133289251198e+00
4.585024292655044320e+01,6.146403763289617572e+00
4.587024864246927791e+01,6.040730668477854337e+00
4.589025435838811262e+01,6.542329546284024744e+00
4.591026007430694733e+01,6.718735898702704823e+00
4.593026579022578204e+01,5.116606508451870816e+00
4.595027150614461675e+01,6.144006832770730675e+00
4.597027722206345146e+01,5.105063913504283235e+00
4.599028293798228617e+01,6.576200839880665505e+00
4.601028865390111378e+01,5.955830228490960998e+00
4.603029436981994849e+01,5.689736022232158241e+00
4.605030008573878320e+01,5.081304349252691921e+00
4.607030580165761791e+01,6.280097063057554330e+00
4.609031151757645262e+01,5.155937371751121212e+00
4.611031723349528733e+01,5.980168659064071690e+00
4.613032294941412204e+01,6.489828424172126020e+00
4.615032866533295675e+01,5.940784370729288888e+00
4.617033438125179146e+01,6.645985605990482270e+00
4.619034009717061906e+01,6.031466369680658524e+00
4.621034581308945377e+01,5.760255906594101916e+00
4.623035152900828848e+01,6.031090411844256316e+00
4.625035724492712319e+01,6.364283953316466125e+00
4.627036296084595790e+01,6.008737718037875375e+00
4.629036867676479261e+01,5.237014648726616706e+00
4.631037439268362732e+01,6.081695112425609118e+00
4.633038010860246203e+01,6.299800623894501683e+00
4.635038582452129674e+01,5.338879794712133808e+00
4.637039154044012434e+01,6.069865732113328249e+00
4.639039725635895905e+01,6.105382743179750271e+00
4.641040297227779376e+01,5.514999174862717624e+00
4.643040868819662847e+01,5.919813849401754702e+00
4.645041440411546319e+01,5.424722639975871452e+00
4.647042012003429790e+01,5.914074794360869802e+00
4.649042583595313261e+01,5.907064710085397685e+00
4.651043155187196732e+01,5.935852009244361405e+00
4.653043726779080203e+01,5.791550093536255162e+00
4.655044298370963674e+01,6.197515247348070133e+00
4.657044869962846434e+01,6.572487582100621673e+00
4.659045441554729905e+01,6.004130860479331311e+00
4.661046013146613376e+01,5.572358828964261157e+00
4.663046584738496847e+01,5.479415075865253115e+00
4.665047156330380318e+01,6.571529822245747887e+00
4.667047727922263789e+01,6.343443848926925810e+00
4.669048299514147260e+01,5.819749263425996411e+00
4.671048871106030731e+01,4.792546711241251423e+00
4.673049442697914202e+01,6.152126119416286620e+00
4.675050014289796962e+01,5.224086566410924171e+00
4.677050585881680433e+01,6.214562391080566961e+00
4.679051157473563904e+01,5.381149763804240926e+00
4.681051729065447375e+01,6.476251277105161464e+00
4.683052300657330846e+01,5.382203743222135017e+00
4.685052872249214317e+01,5.056642305652227165e+00
4.687053443841097788e+01,6.143974569937265429e+00
4.689054015432981259e+01,5.866610901795555222e+00
4.691054587024864730e+01,5.901660757182142447e+00
4.693055158616748201e+01,5.148073553501580690e+00
4.695055730208630962e+01,4.871559688753352546e+00
4.697056301800514433e+01,5.941629606607093272e+00
4.699056873392397904e+01,5.080230871310729590e+00
4.701057444984281375e+01,4.822849311454191046e+00
4.703058016576164846e+01,5.376254259805453906e+00
4.705058588168048317e+01,6.086034197148765479e+00
4.707059159759931788e+01,6.602937912472468085e+00
4.709059731351815259e+01,5.037674480831901391e+00
4.711060302943698730e+01,5.434946234062745241e+00
4.713060874535581490e+01,4.977820963880270178e+00
4.715061446127464961e+01,5.361170746108554042e+00
4.717062017719348432e+01,4.861894363371403571e+00
4.719062589311231903e+01,5.873790449838452332e+00
4.721063160903115374e+01,5.076319985364548870e+00
4.723063732494998845e+01,5.779722219926894944e+00
4.725064304086882316e+01,5.662601853310492039e+00
4.727064875678765787e+01,6.578597874636784582e+00
4.729065447270649258e+01,5.118564745633540802e+00
4.731066018862532019e+01,5.839054931803427273e+00
4.733066590454415490e+01,6.062178691265725838e+00
4.735067162046298961e+01,6.532176150187468444e+00
4.737067733638182432e+01,5.987860304311174886e+00
4.739068305230065903e+01,5.632593054925634668e+00
4.741068876821949374e+01,5.956867976500539008e+00
4.743069448413832845e+01,5.370636982945366178e+00
4.745070020005716316e+01,5.840813923655317375e+00
4.747070591597599787e+01,5.208471410747276487e+00
4.749071163189483258e+01,5.337238706896246576e+00
4.751071734781366018e+01,5.864276289648069351e+00
4.753072306373249489e+01,5.606304419454914090e+00
4.755072877965132960e+01,5.272848552280710699e+00
4.757073449557016431e+01,5.973114943054861570e+00
4.759074021148899902e+01,5.045652238989492666e+00
4.761074592740783373e+01,6.216198429342786547e+00
4.763075164332666844e+01,6.452151294634473899e+00
4.765075735924550315e+01,5.827428778489707639e+00
4.767076307516433786e+01,5.668041385133961718e+00
4.769076879108316547e+01,5.737215577638034247e+00
4.771077450700200018e+01,6.078010466040181470e+00
4.773078022292083489e+01,5.314492446624335287e+00
4.775078593883966960e+01,6.126518666763206333e+00
4.777079165475850431e+01,5.696237612391499283e+00
4.779079737067733902e+01,5.781064030008631782e+00
4.781080308659617373e+01,6.010416612422704752e+00
4.783080880251500844e+01,5.492235043052033028e+00
4.785081451843384315e+01,5.916378688003212538e+00
4.787082023435267075e+01,5.263816044702503305e+00
4.789082595027150546e+01,5.546891899326746866e+00
4.791083166619034017e+01,6.283754498001536959e+00
4.793083738210917488e+01,5.460181207011649107e+00
4.795084309802800959e+01,6.296920293689463932e+00
4.797084881394684430e+01,6.594108278878523244e+00
4.799085452986567901e+01,6.030929819162348160e+00
4.801086024578451372e+01,5.877481245579810221e+00
4.803086596170334843e+01,6.765661258561761926e+00
4.805087167762218314e+01,5.128468159478570598e+00
4.807087739354101075e+01,6.191893771359086251e+00
4.809088310945984546e+01,5.880690006530342018e+00
4.811088882537868017e+01,6.575171654934685250e+00
4.813089454129751488e+01,6.114483478650251769e+00
4.815090025721634959e+01,6.746670705845744465e+00
4.817090597313518430e+01,5.973389876702415613e+00
4.819091168905401901e+01,6.415693467791307114e+00
4.821091740497285372e+01,5.938030442025902467e+00
4.823092312089168843e+01,7.207395216808883731e+00
4.825092883681051603e+01,5.945769871160454301e+00
4.827093455272935074e+01,6.099768077768882968e+00
4.829094026864818545e+01,5.935937784052018884e+00
4.831094598456702016e+01,7.455895153487351656e+00
4.833095170048585487e+01,7.055543622836170314e+00
4.835095741640468958e+01,8.200663335716747326e+00
4.837096313232352429e+01,8.520886669355039800e+00
4.839096884824235900e+01,7.254283596608549267e+00
4.841097456416119371e+01,7.896288989011484460e+00
4.843098028008002842e+01,9.537676723517675370e+00
4.845098599599885603e+01,9.707607322502058267e+00
4.847099171191769074e+01,9.145626837867338210e+00
4.849099742783652545e+01,1.004244769763259093e+01
4.851100314375536016e+01,1.144860650441291661e+01
4.853100885967419487e+01,1.101254228811762026e+01
4.855101457559302958e+01,1.180430250865964936e+01
4.857102029151186429e+01,1.208453932592281355e+01
4.859102600743069900e+01,1.291780847866692739e+01
4.861103172334953371e+01,1.484495425293432014e+01
4.863103743926836131e+01,1.557811992671982715e+01
4.865104315518719602e+01,1.511454650525219101e+01
4.867104887110603073e+01,1.714151078992997412e+01
4.869105458702486544e+01,1.724503655990020690e+01
4.871106030294370015e+01,1.750322416794566749e+01
4.873106601886253486e+01,1.944934129221245556e+01
4.875107173478136957e+01,1.909158919775602214e+01
4.877107745070020428e+01,1.917235547881655222e+01
4.879108316661903899e+01,1.966631228788728336e+01
4.881108888253786660e+01,1.972178466128811536e+01
4.883109459845670131e+01,2.041842712339392563e+01
4.885110031437553602e+01,2.096603784500836909e+01
4.887110603029437073e+01,2.053622607023345736e+01
4.889111174621320544e+01,2.169438315211982982e+01
4.891111746213204015e+01,2.118067062052977434e+01
4.893112317805087486e+01,2.024155503166927872e+01
4.895112889396970957e+01,2.113052801902242805e+01
4.897113460988854428e+01,2.113253487828211874e+01
4.899114032580737899e+01,2.071370333878860848e+01
4.901114604172620659e+01,1.971956995555566650e+01
4.903115175764504130e+01,2.078442949601155476e+01
4.905115747356387601e+01,1.911393026902711512e+01
4.907116318948271072e+01,1.909373965106360416e+01
4.909116890540154543e+01,1.994314513399000433e+01
4.911117462132038014e+01,1.980962581398406996e+01
4.913118033723921485e+01,1.969779123693662015e+01
4.915118605315804956e+01,1.821877636396750688e+01
4.917119176907688427e+01,1.907600989520395629e+01
4.919119748499571187e+01,1.732449062026860886e+01
4.921120320091454658e+01,1.770451275667814528e+01
4.923120891683338129e+01,1.745170836872405928e+01
4.925121463275221600e+01,1.647115928580156563e+01
4.927122034867105071e+01,1.514274932507233373e+01
4.929122606458988542e+01,1.506729005811384603e+01
4.931123178050872014e+01,1.382510863460330164e+01
4.933123749642755485e+01,1.475398951913780010e+01
4.935124321234638956e+01,1.316358765369046857e+01
4.937124892826522427e+01,1.334576676355940172e+01
4.939125464418405187e+01,1.243143834315378626e+01
4.941126036010288658e+01,1.043641222643826971e+01
4.943126607602172129e+01,1.004037984190521904e+01
4.945127179194055600e+01,9.862270535271630223e+00
4.947127750785939071e+01,9.114137288552781158e+00
4.949128322377822542e+01,8.929623929213095224e+00
4.951128893969706013e+01,8.157508515309769948e+00
4.953129465561589484e+01,8.492566954778439481e+00
4.955130037153472955e+01,7.741837503310513569e+00
4.957130608745355715e+01,7.419874080342321321e+00
4.959131180337239186e+01,7.460292769193938689e+00
4.961131751929122657e+01,6.741352160825922368e+00
4.963132323521006128e+01,7.862199172229208166e+00
4.965132895112889599e+01,7.243859874695428580e+00
4.967133466704773070e+01,7.165606200310426388e+00
4.969134038296656541e+01,7.086040281342246061e+00
4.971134609888540012e+01,6.459193773443120179e+00
4.973135181480423483e+01,6.664211518963454317e+00
4.975135753072306244e+01,7.509358144707608318e+00
4.977136324664189715e+01,8.166360180963945226e+00
4.979136896256073186e+01,6.720662482286588357e+00
4.981137467847956657e+01,7.939081985325272761e+00
4.983138039439840128e+01,7.670152400804236770e+00
4.985138611031723599e+01,8.546540523558579849e+00
4.987139182623607070e+01,8.454795230582000443e+00
4.989139754215490541e+01,9.723618263580767973e+00
4.991140325807374012e+01,9.960746353503992623e+00
4.993140897399257483e+01,9.398779314146722186e+00
4.995141468991140243e+01,9.512161645836840762e+00
4.997142040583023714e+01,1.175476748052015985e+01
4.999142612174907185e+01,1.200249241115231769e+01
5.001143183766790656e+01,1.186087904611541077e+01
5.003143755358674127e+01,1.294459327160534734e+01
5.005144326950557598e+01,1.293978032683362578e+01
5.007144898542441069e+01,1.499601240863639262e+01
5.009145470134324540e+01,1.559920604998741211e+01
5.011146041726208011e+01,1.618150729604652938e+01
5.013146613318090772e+01,1.642463137058626543e+01
5.015147184909974243e+01,1.738700812633634740e+01
5.017147756501857714e+01,1.678101927972824114e+01
5.019148328093741185e+01,1.710123404313117490e+01
5.021148899685624656e+01,1.764197212670140757e+01
5.023149471277508127e+01,1.762384113420141674e+01
5.025150042869391598e+01,1.867475115939589259e+01
5.027150614461275069e+01,1.681113975346912781e+01
5.029151186053158540e+01,1.732802896562872164e+01
5.031151757645042011e+01,1.700857442613646597e+01
5.033152329236924771e+01,1.723079344807079849e+01
5.035152900828808242e+01,1.719787351055332181e+01
5.037153472420691713e+01,1.613771877717961800e+01
5.039154044012575184e+01,1.661354106581849166e+01
5.041154615604458655e+01,1.604958182006204837e+01
5.043155187196342126e+01,1.481089618948196396e+01
5.045155758788225597e+01,1.420784581845095040e+01
5.047156330380109068e+01,1.419973068315348108e+01
5.049156901971992539e+01,1.204771973880634306e+01
5.051157473563875300e+01,1.320872861258956199e+01
5.053158045155758771e+01,1.224348257971062282e+01
5.055158616747642242e+01,1.094097521632310155e+01
5.057159188339525713e+01,1.007268428254924686e+01
5.059159759931409184e+01,1.017578878123247854e+01
5.061160331523292655e+01,9.693296045107713255e+00
5.063160903115176126e+01,9.115341675444655678e+00
5.065161474707059597e+01,8.571944367127333209e+00
5.067162046298943068e+01,8.647223732595238133e+00
5.069162617890825828e+01,8.921948514781188777e+00
5.071163189482709299e+01,9.176632394859165487e+00
5.073163761074592770e+01,8.831976397830430869e+00
5.075164332666476241e+01,8.291600602511211449e+00
5.077164904258359712e+01,7.519629737899588662e+00
5.079165475850243183e+01,6.636080551843925868e+00
5.081166047442126654e+01,7.596959984469457972e+00
5.083166619034010125e+01,6.513017013579035286e+00
5.085167190625893596e+01,7.483095141094342040e+00
5.087167762217777067e+01,7.288999664866103068e+00
5.089168333809659828e+01,6.176470112921028210e+00
5.091168905401543299e+01,6.044628352838065766e+00
5.093169476993426770e+01,5.752561772391014294e+00
5.095170048585310241e+01,5.593356900325055392e+00
5.097170620177193712e+01,5.733813741733043479e+00
5.099171191769077183e+01,6.553409447325083015e+00
5.101171763360960654e+01,5.156631484561562395e+00
5.103172334952844125e+01,6.721115940432393465e+00
5.105172906544727596e+01,6.356532745929643013e+00
5.107173478136610356e+01,5.480889836389204461e+00
5.109174049728493827e+01,5.645473729230926274e+00
5.111174621320377298e+01,5.439501942358299758e+00
5.113175192912260769e+01,4.899006898035797697e+00
5.115175764504144240e+01,6.203975673457422069e+00
5.117176336096027711e+01,5.670865256740135862e+00
5.119176907687911182e+01,6.390836876415486145e+00
5.121177479279794653e+01,6.313300439552892662e+00
5.123178050871678124e+01,4.925724212746545483e+00
5.125178622463561595e+01,5.520374622910709128e+00
5.127179194055444356e+01,5.053138038889006367e+00
5.129179765647327827e+01,6.555942843973129541e+00
5.131180337239211298e+01,6.327787173420710509e+00
5.133180908831094769e+01,5.474196195073615101e+00
5.135181480422978240e+01,5.024011318335491971e+00
5.137182052014861711e+01,5.392659154338030447e+00
5.139182623606745182e+01,5.573045590213142830e+00
5.141183195198628653e+01,5.548025653773240862e+00
5.143183766790512124e+01,5.102276715656749673e+00
5.145184338382394884e+01,5.102268704817260137e+00
5.147184909974278355e+01,5.867975707872195912e+00
5.149185481566161826e+01,6.035274324496050724e+00
5.151186053158045297e+01,6.538882285073733591e+00
5.153186624749928768e+01,6.578577978057108311e+00
5.155187196341812239e+01,6.532339898807495437e+00
5.157187767933695710e+01,6.616399725539155341e+00
5.159188339525579181e+01,5.404109224313664583e+00
5.161188911117462652e+01,6.297932084339310066e+00
5.163189482709345413e+01,5.806846879372381309e+00
5.165190054301228884e+01,5.681135509964522434e+00
5.167190625893112355e+01,5.092375379509213928e+00
5.169191197484995826e+01,5.044073289538142824e+00
5.171191769076879297e+01,5.387875342488920971e+00
5.173192340668762768e+01,5.550759186582255644e+00
5.175192912260646239e+01,6.454370369664157003e+00
5.177193483852529710e+01,5.026237034878982435e+00
5.179194055444413181e+01,5.690187928869666401e+00
5.181194627036296652e+01,5.455926644538132031e+00
5.183195198628179412e+01,6.198913973637012909e+00
5.185195770220062883e+01,5.569790499789833760e+00
5.187196341811946354e+01,6.472025702817501447e+00
5.189196913403829825e+01,5.004068061091547115e+00
5.191197484995713296e+01,6.195712675477680342e+00
5.193198056587596767e+01,5.134888958041782914e+00
5.195198628179480238e+01,6.236390789326144102e+00
5.197199199771363709e+01,5.094072312728485485e+00
5.199199771363247180e+01,6.563153796884994229e+00
5.201200342955129940e+01,5.648719811233866572e+00
5.203200914547013411e+01,6.483636715945642059e+00
5.205201486138896882e+01,5.143453574714275334e+00
5.207202057730780353e+01,6.447962330443209211e+00
5.209202629322663824e+01,5.268670836663138068e+00
5.211203200914547295e+01,6.091633954824134278e+00
5.213203772506430766e+01,6.292643617383695265e+00
5.215204344098314237e+01,4.870001985370369546e+00
5.217204915690197708e+01,4.733174944529656258e+00
5.219205487282081180e+01,5.056675353005796403e+00
5.221206058873963940e+01,5.734760079537171151e+00
5.223206630465847411e+01,4.820167911845282482e+00
5.225207202057730882e+01,6.102766447985132459e+00
5.227207773649614353e+01,6.467854318253698054e+00
5.229208345241497824e+01,5.264635484844166768e+00
5.231208916833381295e+01,5.951103529765777722e+00
5.233209488425264766e+01,5.984882696619801656e+00
5.235210060017148237e+01,6.297322019763530676e+00
5.237210631609031708e+01,5.457475046512930916e+00
5.239211203200914468e+01,5.069801377700483336e+00
5.241211774792797939e+01,5.667269445363682934e+00
5.243212346384681410e+01,6.058172711798467169e+00
5.245212917976564881e+01,5.318010277911524142e+00
5.247213489568448352e+01,5.616890400996237709e+00
5.249214061160331823e+01,5.357008462065275367e+00
5.251214632752215294e+01,6.594451143470671184e+00
5.253215204344098765e+01,4.931055543728142254e+00
5.255215775935982236e+01,6.045427942179555814e+00
5.257216347527864997e+01,6.570801467486159453e+00
5.259216919119748468e+01,5.358086538837294022e+00
5.261217490711631939e+01,4.999736588228088863e+00
5.263218062303515410e+01,6.269418981873524643e+00
5.265218633895398881e+01,6.383774277467731295e+00
5.267219205487282352e+01,5.689005042088474795e+00
5.269219777079165823e+01,5.360359661172177326e+00
5.271220348671049294e+01,5.664875367057006450e+00
5.273220920262932765e+01,5.138125691227449110e+00
5.275221491854816236e+01,6.053648777652132829e+00
5.277222063446698996e+01,5.960000335031793384e+00
5.279222635038582467e+01,6.207598791182428855e+00
5.281223206630465938e+01,5.486989520144636145e+00
5.283223778222349409e+01,6.192426926004549692e+00
5.285224349814232880e+01,4.982062938232409977e+00
5.287224921406116351e+01,5.634780081769266147e+00
5.289225492997999822e+01,5.247182369794749945e+00
5.291226064589883293e+01,6.591643286497901322e+00
5.293226636181766764e+01,6.494733485527469874e+00
5.295227207773649525e+01,6.385515084993451218e+00
5.297227779365532996e+01,6.063925907492570211e+00
5.299228350957416467e+01,4.748622631844618525e+00
5.301228922549299938e+01,5.185115198172002060e+00
5.303229494141183409e+01,5.596810456703742886e+00
5.305230065733066880e+01,6.540403501118313478e+00
5.307230637324950351e+01,4.913084677346688522e+00
5.309231208916833822e+01,6.209256815434035737e+00
5.311231780508717293e+01,6.589926272023138409e+00
5.313232352100600764e+01,4.971187407771276767e+00
5.315232923692483524e+01,5.504389095116480668e+00
5.317233495284366995e+01,6.502075004915810474e+00
5.319234066876250466e+01,6.334182230057582075e+00
5.321234638468133937e+01,5.243287578948149452e+00
5.323235210060017408e+01,6.257093447018228005e+00
5.325235781651900879e+01,6.361800500225355037e+00
5.327236353243784350e+01,4.831661973501089946e+00
5.329236924835667821e+01,6.534008614389753333e+00
5.331237496427551292e+01,5.534988304604338438e+00
5.333238068019434053e+01,6.080653157929032382e+00
5.335238639611317524e+01,6.011587286891003856e+00
5.337239211203200995e+01,4.961120218579737617e+00
5.339239782795084466e+01,5.518305972541001303e+00
5.341240354386967937e+01,5.732907403856935424e+00
5.343240925978851408e+01,5.678977972830076659e+00
5.345241497570734879e+01,6.016849377280237832e+00
5.347242069162618350e+01,6.115980880795251373e+00
5.349242640754501821e+01,5.217728859638746997e+00
5.351243212346384581e+01,4.760872553582092159e+00
5.353243783938268052e+01,6.266372900678888413e+00
5.355244355530151523e+01,5.548227511007661761e+00
5.357244927122034994e+01,5.975063182796408690e+00
5.359245498713918465e+01,4.863519214786050426e+00
5.361246070305801936e+01,6.210168028043076660e+00
5.363246641897685407e+01,6.245273074335573327e+00
5.365247213489568878e+01,4.932848777246368499e+00
5.367247785081452349e+01,6.437342728911081835e+00
5.369248356673335820e+01,6.374175032436981247e+00
5.371248928265218581e+01,4.996221825495568147e+00
5.373249499857102052e+01,5.204852136951965136e+00
5.375250071448985523e+01,4.847540668721576296e+00
5.377250643040868994e+01,5.242565336341042936e+00
5.379251214632752465e+01,5.919381464155040184e+00
5.381251786224635936e+01,5.077960882698274503e+00
5.383252357816519407e+01,6.446702987528842854e+00
5.385252929408402878e+01,6.297664115939946683e+00
5.387253501000286349e+01,6.265930908298620317e+00
5.389254072592169109e+01,6.028329068572531035e+00
5.391254644184052580e+01,5.551452531138316715e+00
5.393255215775936051e+01,6.429887139972050747e+00
5.395255787367819522e+01,5.816798613686667174e+00
5.397256358959702993e+01,6.486713527241525057e+00
5.399256930551586464e+01,4.804474201372468833e+00
5.401257502143469935e+01,5.185298158997063922e+00
5.403258073735353406e+01,5.663489744448839680e+00
5.405258645327236877e+01,6.534560885182471246e+00
5.407259216919120348e+01,5.430566609344310791e+00
5.409259788511003109e+01,5.153157760717312463e+00
5.411260360102886580e+01,4.892038893769309560e+00
5.413260931694770051e+01,5.179451869252039486e+00
5.415261503286653522e+01,5.919047349058952356e+00
5.417262074878536993e+01,6.427857920270062309e+00
5.419262646470420464e+01,6.448407277749217847e+00
5.421263218062303935e+01,5.494266025153764943e+00
5.423263789654187406e+01,4.909423697304414524e+00
5.425264361246070877e+01,5.434642901064599130e+00
5.427264932837953637e+01,6.005240340958579282e+00
5.429265504429837108e+01,6.206584207688885968e+00
5.431266076021720579e+01,6.262126514497532881e+00
5.433266647613604050e+01,5.483518544362175007e+00
5.435267219205487521e+01,6.197847044720298904e+00
5.437267790797370992e+01,6.470844631097410371e+00
5.439268362389254463e+01,5.542128801832539864e+00
5.441268933981137934e+01,5.367185518647911380e+00
5.443269505573021405e+01,5.183443893125502910e+00
5.445270077164904166e+01,6.657596315965208511e+00
5.447270648756787637e+01,5.780302252218699088e+00
5.449271220348671108e+01,5.510590258130341645e+00
5.451271791940554579e+01,5.267067731930473506e+00
5.453272363532438050e+01,6.177158304796372512e+00
5.455272935124321521e+01,5.931332495223662349e+00
5.457273506716204992e+01,6.778718018238330423e+00
5.459274078308088463e+01,6.764037921826847821e+00
5.461274649899971934e+01,5.376312769278512427e+00
5.463275221491855405e+01,5.783710922246567243e+00
5.465275793083738165e+01,6.719525507866930703e+00
5.467276364675621636e+01,5.235997751692366364e+00
5.469276936267505107e+01,5.228974736509356624e+00
5.471277507859388578e+01,5.745743395202707937e+00
5.473278079451272049e+01,5.616581363639316038e+00
5.475278651043155520e+01,5.993730069804257710e+00
5.477279222635038991e+01,6.386962724596175534e+00
5.479279794226922462e+01,7.169102592011300068e+00
5.481280365818805933e+01,6.501066652519227773e+00
5.483280937410688693e+01,7.523862541301341800e+00
5.485281509002572164e+01,7.093576846703801841e+00
5.487282080594455635e+01,7.149948857964402826e+00
5.489282652186339106e+01,8.006728060660801560e+00
5.491283223778222577e+01,9.007865993978073860e+00
5.493283795370106048e+01,8.588433979562786647e+00
5.495284366961989519e+01,8.864686757068065859e+00
5.497284938553872990e+01,1.003871924782797187e+01
5.499285510145756461e+01,9.628030225962366018e+00
5.501286081737639222e+01,9.719196377744946602e+00
5.503286653329522693e+01,1.084581341904367946e+01
5.505287224921406164e+01,1.168659229768592667e+01
5.507287796513289635e+01,1.122587952740845374e+01
5.509288368105173106e+01,1.239434547723583435e+01
5.511288939697056577e+01,1.271765746632531169e+01
5.513289511288940048e+01,1.413301888229180037e+01
5.515290082880823519e+01,1.342877780524617215e+01
5.517290654472706990e+01,1.399750855068337430e+01
5.519291226064590461e+01,1.440043199483808145e+01
5.521291797656473221e+01,1.660724963203015037e+01
5.523292369248356692e+01,1.629917204630314842e+01
5.525292940840240163e+01,1.647279048869999585e+01
5.527293512432123634e+01,1.764191246039298022e+01
5.529294084024007105e+01,1.811730843106806077e+01
5.531294655615890576e+01,1.817630255348792545e+01
5.533295227207774047e+01,1.774505712808393199e+01
5.535295798799657518e+01,1.812415218408814255e+01
5.537296370391540989e+01,1.887586671881116374e+01
5.539296941983423750e+01,1.852046795431532900e+01
5.541297513575307221e+01,1.941621660131252725e+01
5.543298085167190692e+01,1.904221835064812041e+01
5.545298656759074163e+01,1.838261996697090694e+01
5.547299228350957634e+01,1.803885241729726019e+01
5.549299799942841105e+01,1.886470507267691588e+01
5.551300371534724576e+01,1.822714981836537973e+01
5.553300943126608047e+01,1.772656728469657850e+01
5.555301514718491518e+01,1.604996974067266180e+01
5.557302086310374989e+01,1.669857330784165583e+01
5.559302657902257749e+01,1.616997359286940394e+01
5.561303229494141220e+01,1.610615061788595881e+01
5.563303801086024691e+01,1.546383826922969362e+01
5.565304372677908162e+01,1.529557294872690498e+01
5.567304944269791633e+01,1.376845562369732967e+01
5.569305515861675104e+01,1.526538822800937645e+01
5.571306087453558575e+01,1.455722199946800011e+01
5.573306659045442046e+01,1.412971807762253462e+01
5.575307230637325517e+01,1.400825103223356294e+01
5.577307802229208278e+01,1.358047195574007482e+01
5.579308373821091749e+01,1.323064155102982653e+01
5.581308945412975220e+01,1.175024229650238183e+01
5.583309517004858691e+01,1.205918174007743282e+01
5.585310088596742162e+01,1.111449212039617507e+01
5.587310660188625633e+01,1.141164552887429018e+01
5.589311231780509104e+01,1.098300562025971594e+01
5.591311803372392575e+01,1.100872006358228461e+01
5.593312374964276046e+01,9.490597085441862646e+00
5.595312946556158806e+01,8.602694740929358375e+00
5.597313518148042277e+01,9.098013517249608384e+00
5.599314089739925748e+01,7.440571793119950428e+00
5.601314661331809219e+01,7.233133328217645541e+00
5.603315232923692690e+01,7.601679466328302048e+00
5.605315804515576161e+01,7.136146656678351796e+00
5.607316376107459632e+01,7.096713804226689959e+00
5.609316947699343103e+01,7.073961340866795844e+00
5.611317519291226574e+01,5.999279725145828301e+00
5.613318090883110045e+01,5.821455342906687314e+00
5.615318662474992806e+01,6.711537146354345396e+00
5.617319234066876277e+01,5.987229110693030876e+00
5.619319805658759748e+01,6.675601909463308559e+00
5.621320377250643219e+01,6.189216348169749971e+00
5.623320948842526690e+01,6.506680126594774016e+00
5.625321520434410161e+01,5.538210710325365049e+00
5.627322092026293632e+01,5.550611752483714412e+00
5.629322663618177103e+01,6.175540944805811172e+00
5.631323235210060574e+01,6.520995786524316884e+00
5.633323806801943334e+01,5.270318542299431641e+00
5.635324378393826805e+01,5.688061611441226795e+00
5.637324949985710276e+01,6.706512924357137528e+00
5.639325521577593747e+01,5.379295222725674286e+00
5.641326093169477218e+01,5.689086087716139772e+00
5.643326664761360689e+01,5.237380154393219023e+00
5.645327236353244160e+01,6.534805105978465534e+00
5.647327807945127631e+01,5.459490803250869995e+00
5.649328379537011102e+01,6.406871509003528864e+00
5.651328951128894573e+01,6.616473736700562824e+00
5.653329522720777334e+01,5.677541171818873522e+00
5.655330094312660805e+01,5.231921849666512969e+00
5.657330665904544276e+01,5.133642364629789512e+00
5.659331237496427747e+01,5.424278826279446797e+00
5.661331809088311218e+01,6.024342721190639516e+00
5.663332380680194689e+01,5.173676180079653797e+00
5.665332952272078160e+01,5.326690677191630918e+00
5.667333523863961631e+01,5.721758692658148071e+00
5.669334095455845102e+01,6.215035507832794792e+00
5.671334667047727862e+01,5.888599689007945059e+00
5.673335238639611333e+01,5.484258825275584393e+00
5.675335810231494804e+01,4.845874384785383349e+00
5.677336381823378275e+01,5.129607444293279528e+00
5.679336953415261746e+01,6.126410470024576504e+00
5.681337525007145217e+01,5.330648071409837208e+00
5.683338096599028688e+01,5.202386483888154167e+00
5.685338668190912159e+01,4.818928168941678969e+00
5.687339239782795630e+01,5.782766904169496236e+00
5.689339811374678391e+01,5.786982244252373953e+00
5.691340382966561862e+01,6.130338494654258064e+00
5.693340954558445333e+01,4.975761315626831660e+00
5.695341526150328804e+01,6.036025107619239272e+00
5.697342097742212275e+01,5.171296184377943028e+00
5.699342669334095746e+01,5.504160136899955980e+00
5.701343240925979217e+01,5.411989783460181336e+00
5.703343812517862688e+01,6.308381924822919373e+00
5.705344384109746159e+01,5.186201451372745908e+00
5.707344955701629630e+01,4.959176993416746448e+00
5.709345527293512390e+01,6.380029699440454394e+00
5.711346098885395861e+01,5.682872657329584243e+00
5.713346670477279332e+01,5.958144732173592750e+00
5.715347242069162803e+01,6.363210947661217531e+00
5.717347813661046274e+01,4.805942598565468238e+00
5.719348385252929745e+01,6.554919570270968165e+00
5.721348956844813216e+01,6.497874915680196040e+00
5.723349528436696687e+01,6.301082186017187503e+00
5.725350100028580158e+01,5.874953383726359668e+00
5.727350671620462919e+01,5.230021444848635070e+00
5.729351243212346390e+01,5.250896591716659678e+00
5.731351814804229861e+01,5.184221709064199324e+00
5.733352386396113332e+01,5.405006236113367279e+00
5.735352957987996803e+01,5.322065567733595515e+00
5.737353529579880274e+01,5.835226706939362629e+00
5.739354101171763745e+01,4.811779866451880494e+00
5.741354672763647216e+01,5.516874260057541335e+00
5.743355244355530687e+01,5.105890497552853624e+00
5.745355815947414158e+01,5.667009274074032987e+00
5.747356387539296918e+01,6.119075610291161205e+00
5.749356959131180389e+01,5.367725545046437396e+00
5.751357530723063860e+01,5.330558804703081854e+00
5.753358102314947331e+01,5.514707152159894932e+00
5.755358673906830802e+01,5.729808744112152574e+00
5.757359245498714273e+01,5.996675682883955361e+00
5.759359817090597744e+01,6.583238937756437537e+00
5.761360388682481215e+01,4.969373494070354447e+00
5.763360960274364686e+01,6.539100046082602091e+00
5.765361531866247446e+01,4.990128458628641184e+00
5.767362103458130917e+01,5.570397352398737567e+00
5.769362675050014388e+01,6.463661286176409781e+00
5.771363246641897859e+01,4.865853508252937054e+00
5.773363818233781330e+01,6.275009644057249147e+00
5.775364389825664801e+01,5.382174343623229440e+00
5.777364961417548272e+01,5.977647771032126300e+00
5.779365533009431743e+01,6.495579794134441087e+00
5.781366104601315214e+01,4.900009617983112520e+00
5.783366676193197975e+01,5.537785830343024074e+00
5.785367247785081446e+01,5.607331369493047113e+00
5.787367819376964917e+01,5.711393501672430872e+00
5.789368390968848388e+01,6.292494168209125327e+00
5.791368962560731859e+01,5.502258361869362346e+00
5.793369534152615330e+01,6.239433015260668292e+00
5.795370105744498801e+01,6.138632229442190891e+00
5.797370677336382272e+01,6.676187453514650372e+00
5.799371248928265743e+01,5.717132503410024214e+00
5.801371820520149214e+01,5.384237319787498421e+00
5.803372392112031974e+01,6.185837874329443764e+00
5.805372963703915445e+01,5.356410468351890941e+00
5.807373535295798916e+01,6.193280959803227681e+00
5.809374106887682387e+01,5.497584002031313588e+00
5.811374678479565858e+01,6.707643852019669062e+00
5.813375250071449329e+01,5.167682893933834620e+00
5.815375821663332800e+01,6.541545162688072956e+00
5.817376393255216271e+01,5.942877506855436032e+00
5.819376964847099742e+01,6.069105724966636473e+00
5.821377536438982503e+01,6.472110185952651307e+00
5.823378108030865974e+01,6.325839033385187271e+00
5.825378679622749445e+01,4.900925119625807014e+00
5.827379251214632916e+01,5.398130693486926646e+00
5.829379822806516387e+01,5.974011494168853353e+00
5.831380394398399858e+01,6.786794993649547969e+00
5.833380965990283329e+01,5.143906027906773204e+00
5.835381537582166800e+01,5.848892675743318392e+00
5.837382109174050271e+01,6.734363895578960424e+00
5.839382680765933742e+01,6.339835906042066149e+00
5.841383252357816502e+01,5.728486401873878364e+00
5.843383823949699973e+01,5.621295947073147836e+00
5.845384395541583444e+01,6.559231544069555220e+00
5.847384967133466915e+01,6.208995539147668552e+00
5.849385538725350386e+01,6.578606198386154347e+00
5.851386110317233857e+01,6.836011671266111200e+00
5.853386681909117328e+01,5.719631302276597218e+00
5.855387253501000799e+01,5.790878559504839096e+00
5.857387825092884270e+01,7.377451565759532315e+00
5.859388396684767031e+01,7.487192989650987229e+00
5.861388968276650502e+01,7.574146710661564086e+00
5.863389539868533973e+01,6.384736010448285093e+00
5.865390111460417444e+01,8.260533109352383718e+00
5.867390683052300915e+01,8.470828045248360638e+00
5.869391254644184386e+01,7.767748489052300087e+00
5.871391826236067857e+01,8.192102665128416561e+00
5.873392397827951328e+01,9.762363467602559908e+00
5.875392969419834799e+01,8.999506486010785622e+00
5.877393541011717559e+01,9.258729564773442888e+00
5.879394112603601030e+01,9.497754378762278904e+00
5.881394684195484501e+01,1.083462285422483085e+01
5.883395255787367972e+01,1.120259927141323075e+01
5.885395827379251443e+01,1.186696601473274448e+01
5.887396398971134914e+01,1.145227624178924763e+01
5.889396970563018385e+01,1.219419457773859605e+01
5.891397542154901856e+01,1.212154503475249001e+01
5.893398113746785327e+01,1.367324152742131993e+01
5.895398685338668798e+01,1.382794438020240690e+01
5.897399256930551559e+01,1.283163874594585252e+01
5.899399828522435030e+01,1.407222677370359420e+01
5.901400400114318501e+01,1.407733622482852986e+01
5.903400971706201972e+01,1.409013822658214288e+01
5.905401543298085443e+01,1.384542283978668031e+01
5.907402114889968914e+01,1.335310255022183412e+01
5.909402686481852385e+01,1.392680772016808532e+01
5.911403258073735856e+01,1.477137583535754928e+01
5.913403829665619327e+01,1.380337738197222386e+01
5.915404401257502087e+01,1.459687479992262382e+01
5.917404972849385558e+01,1.311740578179894179e+01
5.919405544441269029e+01,1.383513216536085544e+01
5.921406116033152500e+01,1.400930353018287633e+01
5.923406687625035971e+01,1.357417018415771892e+01
5.925407259216919442e+01,1.296233403190818478e+01
5.927407830808802913e+01,1.250994974173859831e+01
5.929408402400686384e+01,1.201970924092586124e+01
5.931408973992569855e+01,1.214472933994053427e+01
5.933409545584453326e+01,1.283840918889052318e+01
5.935410117176336087e+01,1.264082546704052845e+01
5.937410688768219558e+01,1.256886300570092985e+01
5.939411260360103029e+01,1.263814048307139615e+01
5.941411831951986500e+01,1.227101532286508245e+01
5.943412403543869971e+01,1.159407098534710379e+01
5.945412975135753442e+01,1.102769966251369560e+01
5.947413546727636913e+01,1.133507895494567919e+01
5.949414118319520384e+01,1.163843902594025081e+01
5.951414689911403855e+01,9.943216952611420467e+00
5.953415261503286615e+01,1.090499905328226404e+01
5.955415833095170086e+01,9.112374367873115943e+00
5.957416404687053557e+01,1.002255758680492548e+01
5.959416976278937028e+01,9.055346131399788945e+00
5.961417547870820499e+01,8.830178856328915415e+00
5.963418119462703970e+01,9.296950680126540689e+00
5.965418691054587441e+01,8.020558892181451682e+00
5.967419262646470912e+01,8.118381130587907890e+00
5.969419834238354383e+01,8.418813844673172397e+00
5.971420405830237144e+01,6.541488333301925806e+00
5.973420977422120615e+01,6.816547164942782899e+00
5.975421549014004086e+01,7.094248843858229847e+00
5.977422120605887557e+01,7.417079703821135794e+00
5.979422692197771028e+01,6.069354964962528243e+00
5.981423263789654499e+01,6.978766200699597633e+00
5.983423835381537970e+01,5.676201725368224871e+00
5.985424406973421441e+01,6.641305877814010827e+00
5.987424978565304912e+01,6.155277700502288951e+00
5.989425550157188383e+01,6.291109580316549099e+00
5.991426121749071143e+01,6.711982285431303374e+00
5.993426693340954614e+01,5.694449519168252039e+00
5.995427264932838085e+01,5.747193578833080352e+00
5.997427836524721556e+01,5.265121211975120730e+00
5.999428408116605027e+01,6.001564993385314573e+00
6.001428979708488498e+01,5.935890314567482839e+00
6.003429551300371969e+01,5.518970008824177320e+00
6.005430122892255440e+01,5.828016324661851932e+00
6.007430694484138911e+01,5.870198909896211070e+00
6.009431266076021672e+01,5.079219176854675055e+00
6.011431837667905143e+01,6.003286263084084418e+00
6.013432409259788614e+01,5.842839162070363024e+00
6.015432980851672085e+01,6.450591562389663025e+00
6.017433552443555556e+01,6.272425017516013668e+00
6.019434124035439027e+01,6.375947371505541028e+00
6.021434695627322498e+01,4.992772391297463308e+00
6.023435267219205969e+01,6.520015929605992966e+00
6.025435838811089440e+01,5.827743482700149968e+00
6.027436410402972911e+01,5.562464642931132630e+00
6.029436981994855671e+01,6.281781148661498726e+00
6.031437553586739142e+01,5.483788735397625125e+00
6.033438125178622613e+01,5.957189805114096792e+00
6.035438696770506084e+01,6.447402281631416265e+00
6.037439268362389555e+01,6.088783026025677003e+00
6.039439839954273026e+01,5.183529962149594716e+00
6.041440411546156497e+01,5.890327296547706482e+00
6.043440983138039968e+01,6.523640456253267494e+00
6.045441554729923439e+01,6.521119944694332204e+00
6.047442126321806199e+01,6.528141898610534177e+00
6.049442697913689670e+01,5.573284051277617834e+00
6.051443269505573141e+01,4.976588483592342627e+00
6.053443841097456612e+01,6.083296310801113549e+00
6.055444412689340083e+01,4.826291185920981164e+00
6.057444984281223554e+01,5.570158629099786651e+00
6.059445555873107025e+01,5.259395545896585311e+00
6.061446127464990496e+01,5.513919166777647263e+00
6.063446699056873967e+01,6.072728678647698608e+00
6.065447270648756728e+01,5.979691756327350838e+00
6.067447842240640199e+01,5.228501563538136665e+00
6.069448413832523670e+01,6.616675490868887621e+00
6.071448985424407141e+01,6.310437157496844307e+00
6.073449557016290612e+01,4.796655643481838815e+00
6.075450128608174083e+01,5.113392191345177196e+00
6.077450700200057554e+01,5.012632312229975184e+00
6.079451271791941025e+01,6.411994258035678129e+00
6.081451843383824496e+01,5.278456265196743047e+00
6.083452414975707967e+01,5.263824380449184659e+00
6.085452986567590727e+01,5.445022567214073739e+00
6.087453558159474198e+01,4.850353334782522730e+00
6.089454129751357669e+01,5.364268964408696938e+00
6.091454701343241140e+01,6.553114175361218763e+00
6.093455272935124611e+01,5.831546435803250716e+00
6.095455844527008082e+01,6.122257197685921248e+00
6.097456416118891553e+01,5.184238319542287421e+00
6.099456987710775024e+01,5.573039345503914888e+00
6.101457559302658495e+01,6.073751197020362369e+00
6.103458130894541256e+01,5.079957911170060569e+00
6.105458702486424727e+01,6.075892616659796630e+00
6.107459274078308198e+01,4.982099192961913836e+00
6.109459845670191669e+01,5.280735468513761077e+00
6.111460417262075140e+01,6.630823002479348638e+00
6.113460988853958611e+01,5.260815229071321042e+00
6.115461560445842082e+01,5.422969512179426133e+00
6.117462132037725553e+01,5.382754970619334500e+00
6.119462703629609024e+01,5.327832553383367475e+00
6.121463275221492495e+01,5.912963088125631650e+00
6.123463846813375255e+01,6.315440267642547845e+00
6.125464418405258726e+01,6.126421477934606230e+00
6.127464989997142197e+01,4.993166279411026309e+00
6.129465561589025668e+01,6.598340326372671427e+00
6.131466133180909139e+01,4.749623459837133410e+00
6.133466704772792610e+01,5.014068445732370094e+00
6.135467276364676081e+01,6.538428634082041668e+00
6.137467847956559552e+01,5.997292792355323421e+00
6.139468419548443023e+01,4.956039555713251055e+00
6.141468991140325784e+01,6.527664811766554998e+00
6.143469562732209255e+01,5.594184454862320521e+00
6.145470134324092726e+01,5.782658603508075146e+00
6.147470705915976197e+01,5.459136911676313098e+00
6.149471277507859668e+01,4.792947735376118068e+00
6.151471849099743139e+01,6.070960036009275917e+00
6.153472420691626610e+01,4.753965814733970952e+00
6.155472992283510081e+01,4.835977536995212489e+00
6.157473563875393552e+01,5.770932032152227720e+00
6.159474135467276312e+01,5.893956628256523445e+00
6.161474707059159783e+01,6.080697279543529454e+00
6.163475278651043254e+01,6.029751527191788085e+00
6.165475850242926725e+01,4.915403551937005844e+00
6.167476421834810196e+01,5.779813720876657790e+00
6.169476993426693667e+01,5.122389234458159635e+00
6.171477565018577138e+01,5.685307469807524328e+00
6.173478136610460609e+01,5.177469324516173366e+00
6.175478708202344080e+01,4.804236180111233878e+00
6.177479279794227551e+01,5.162752958355579125e+00
6.179479851386110312e+01,6.522973860464923668e+00
6.181480422977993783e+01,6.479254557541231030e+00
6.183480994569877254e+01,6.082181933574262622e+00
6.185481566161760725e+01,5.015847491388191415e+00
6.187482137753644196e+01,6.185921447713878862e+00
6.189482709345527667e+01,5.741719808314191376e+00
6.191483280937411138e+01,6.620767523378754404e+00
6.193483852529294609e+01,5.494807275433663207e+00
6.195484424121178080e+01,5.302678818008088157e+00
6.197484995713060840e+01,4.814961246983439302e+00
6.199485567304944311e+01,5.928888092073739458e+00
6.201486138896827782e+01,6.563049165139497987e+00
6.203486710488711253e+01,5.307226155509023435e+00
6.205487282080594724e+01,5.857021690016085635e+00
6.207487853672478195e+01,5.102950268128359390e+00
6.209488425264361666e+01,6.312164527429144911e+00
6.211488996856245137e+01,4.790222854570155064e+00
6.213489568448128608e+01,6.203002725448873100e+00
6.215490140040011369e+01,5.322667356373768754e+00
6.217490711631894840e+01,6.606464556004850053e+00
6.219491283223778311e+01,5.490322720049963579e+00
6.221491854815661782e+01,5.528439954415237167e+00
6.223492426407545253e+01,5.098427202963049076e+00
6.225492997999428724e+01,6.219096002997121175e+00
6.227493569591312195e+01,6.019683405996657299e+00
6.229494141183195666e+01,5.943098862767428159e+00
6.231494712775079137e+01,6.038189223855779275e+00
6.233495284366962608e+01,5.340489909387145850e+00
6.235495855958845368e+01,5.944088694959225094e+00
6.237496427550728839e+01,4.931499542651973655e+00
6.239496999142612310e+01,6.560891550089141155e+00
6.241497570734495781e+01,5.471115377507628885e+00
6.243498142326379252e+01,6.213859900917717560e+00
6.245498713918262723e+01,5.027648196659503022e+00
6.247499285510146194e+01,5.047363952678865395e+00
6.249499857102029665e+01,5.473853757885641436e+00
6.251500428693913136e+01,6.411919247893349549e+00
6.253501000285795897e+01,6.230422558608259997e+00
6.255501571877679368e+01,6.420448434479188116e+00
6.257502143469562839e+01,6.515400210108551526e+00
6.259502715061446310e+01,6.166139035083459063e+00
6.261503286653329781e+01,5.705241515843535893e+00
6.263503858245213252e+01,5.210542168929811702e+00
6.265504429837096723e+01,5.359398048202674403e+00
6.267505001428980194e+01,5.468399430943263972e+00
6.269505573020863665e+01,5.217156073756589407e+00
6.271506144612747136e+01,5.900968912153263801e+00
6.273506716204629896e+01,4.967731986821231516e+00
6.275507287796513367e+01,5.766323570401851839e+00
6.277507859388396838e+01,5.932241387502767083e+00
6.279508430980280309e+01,6.013984779386762014e+00
6.281509002572163780e+01,5.809106899094524934e+00
6.283509574164047251e+01,4.790759790329013335e+00
6.285510145755930722e+01,4.782574100614304768e+00
6.287510717347814193e+01,5.529290659173020650e+00
6.289511288939697664e+01,5.431367361306371322e+00
6.291511860531580425e+01,4.963044703539868152e+00
6.293512432123463896e+01,6.457018197417998095e+00
6.295513003715347367e+01,5.970552489957780651e+00
6.297513575307230838e+01,5.033283954350461720e+00
6.299514146899114309e+01,5.130993564777451610e+00
6.301514718490997780e+01,6.512837833919607355e+00
6.303515290082881251e+01,5.497486849896239036e+00
6.305515861674764722e+01,6.124275535308123075e+00
6.307516433266648193e+01,5.447395723736714324e+00
6.309517004858530953e+01,6.334702051544107704e+00
6.311517576450414424e+01,4.835094175805482841e+00
6.313518148042297895e+01,5.596180415277355991e+00
6.315518719634181366e+01,5.108281609647900900e+00
6.317519291226064837e+01,6.436533525344026785e+00
6.319519862817948308e+01,5.923781221552319565e+00
6.321520434409831779e+01,6.580660282862639043e+00
6.323521006001715250e+01,5.500049311872142077e+00
6.325521577593598721e+01,6.674214246273911577e+00
6.327522149185482192e+01,5.957056691656941183e+00
6.329522720777364952e+01,6.339164492996688161e+00
6.331523292369248423e+01,6.227883132066061478e+00
6.333523863961131894e+01,4.823114128638319897e+00
6.335524435553015365e+01,5.479999561465149327e+00
6.337525007144898836e+01,6.374568042017905611e+00
6.339525578736782307e+01,4.912658609452103420e+00
6.341526150328665778e+01,5.900978484769602517e+00
6.343526721920549249e+01,6.255416915326028615e+00
6.345527293512432720e+01,5.850600116452914889e+00
6.347527865104315481e+01,6.088087805107024408e+00
6.349528436696198952e+01,6.637477772162973189e+00
6.351529008288082423e+01,5.868344589005080714e+00
6.353529579879965894e+01,6.239611133606920212e+00
6.355530151471849365e+01,5.318613703576902552e+00
6.357530723063732836e+01,6.077093619981400963e+00
6.359531294655616307e+01,5.373290979862728634e+00
6.361531866247499778e+01,6.572352190905120572e+00
6.363532437839383249e+01,6.163995494819751286e+00
6.365533009431266720e+01,5.139914559951769490e+00
6.367533581023149480e+01,6.496205700970260288e+00
6.369534152615032951e+01,5.014742591820890105e+00
6.371534724206916422e+01,6.205363895525751516e+00
6.373535295798799893e+01,5.160365139663648293e+00
6.375535867390683364e+01,5.683042014680736109e+00
6.377536438982566835e+01,5.741473430344036899e+00
6.379537010574450306e+01,6.692634551176249502e+00
6.381537582166333777e+01,5.675370692480399271e+00
6.383538153758217248e+01,6.108711830210257432e+00
6.385538725350100009e+01,6.448043315257436348e+00
6.387539296941983480e+01,5.252550727661620122e+00
6.389539868533866951e+01,6.477016549637324871e+00
6.391540440125750422e+01,5.910945861026920767e+00
6.393541011717633893e+01,5.800493922270574920e+00
6.395541583309517364e+01,5.399487434838713185e+00
6.397542154901400835e+01,5.300627725066927809e+00
6.399542726493284306e+01,6.675570243701615780e+00
6.401543298085167066e+01,6.292750384994740820e+00
6.403543869677051248e+01,5.576848597312170419e+00
6.405544441268934008e+01,6.140816677872112272e+00
6.407545012860816769e+01,6.128663481823033443e+00
6.409545584452700950e+01,5.956659944097392412e+00
6.411546156044585132e+01,6.335361133813537826e+00
6.413546727636467892e+01,6.008996509291995913e+00
6.415547299228350653e+01,5.472202185703228139e+00
6.417547870820234834e+01,5.847003582128627919e+00
6.419548442412119016e+01,5.416160531444403681e+00
6.421549014004001776e+01,5.475818605650523807e+00
6.423549585595884537e+01,6.873039733354402436e+00
6.425550157187768718e+01,6.759873626964616022e+00
6.427550728779651479e+01,6.062639634711084469e+00
6.429551300371534239e+01,6.142484108729007630e+00
6.431551871963418421e+01,6.188612908871875540e+00
6.433552443555302602e+01,6.903684078260988954e+00
6.435553015147185363e+01,6.276007719761819814e+00
6.437553586739068123e+01,7.816306744031354725e+00
6.439554158330952305e+01,8.390218097800662633e+00
6.441554729922835065e+01,8.732857094533914122e+00
6.443555301514717826e+01,7.909152120235526162e+00
6.445555873106602007e+01,8.420546318545888198e+00
6.447556444698486189e+01,1.032617464532246032e+01
6.449557016290368949e+01,9.769471338851291264e+00
6.451557587882251710e+01,1.119960367621854402e+01
6.453558159474135891e+01,1.122048635336455646e+01
6.455558731066020073e+01,1.313593558918917914e+01
6.457559302657902833e+01,1.372727636544893492e+01
6.459559874249785594e+01,1.544238773063195147e+01
6.461560445841669775e+01,1.639614211313368486e+01
6.463561017433552536e+01,1.861726452548763078e+01
6.465561589025435296e+01,1.997471402951255115e+01
6.467562160617319478e+01,2.159274383792759266e+01
6.469562732209203659e+01,2.115272655907999422e+01
6.471563303801086420e+01,2.316630986396849323e+01
6.473563875392969180e+01,2.391070843263278434e+01
6.475564446984853362e+01,2.468715174745715402e+01
6.477565018576737543e+01,2.336933967949667945e+01
6.479565590168618883e+01,2.486913390498165555e+01
6.481566161760503064e+01,2.478906654554674205e+01
6.483566733352387246e+01,2.469025095269653747e+01
6.485567304944270006e+01,2.475968350250396810e+01
6.487567876536152767e+01,2.383170556037651977e+01
6.489568448128036948e+01,2.399915949424094208e+01
6.491569019719921130e+01,2.277767188472875404e+01
6.493569591311803890e+01,2.436999960495132811e+01
6.495570162903686651e+01,2.410510237446824533e+01
6.497570734495570832e+01,2.483706024625284670e+01
6.499571306087453593e+01,2.444591382276529501e+01
6.501571877679336353e+01,2.678371606847006348e+01
6.503572449271220535e+01,2.734898813760344538e+01
6.505573020863104716e+01,2.734957721257815066e+01
6.507573592454987477e+01,2.819236891608814943e+01
6.509574164046870237e+01,2.875880282012638034e+01
6.511574735638754419e+01,2.827249202060334454e+01
6.513575307230638600e+01,2.673498375671350047e+01
6.515575878822521361e+01,2.643850751819180189e+01
6.517576450414404121e+01,2.544668970489142623e+01
6.519577022006288303e+01,2.332063776538630506e+01
6.521577593598171063e+01,2.179174171722596043e+01
6.523578165190053824e+01,2.094894202476097078e+01
6.525578736781938005e+01,1.975757042989932444e+01
6.527579308373822187e+01,1.726098757327435962e+01
6.529579879965704947e+01,1.523474445539473443e+01
6.531580451557587708e+01,1.548972491256759554e+01
6.533581023149471889e+01,1.373682692558113416e+01
6.535581594741354650e+01,1.254832693508813080e+01
6.537582166333237410e+01,1.206324893286646116e+01
6.539582737925121592e+01,1.238219753842986570e+01
6.541583309517005773e+01,1.150909578165583902e+01
6.543583881108888534e+01,1.217887566474114713e+01
6.545584452700771294e+01,1.118334049008992359e+01
6.547585024292655476e+01,1.137385211809140095e+01
6.549585595884539657e+01,1.189952271208666090e+01
6.551586167476422418e+01,1.253274533962590631e+01
6.553586739068305178e+01,1.305861616324308372e+01
6.555587310660189360e+01,1.218570574065006262e+01
6.557587882252072120e+01,1.332228922505940361e+01
6.559588453843954881e+01,1.265829070598244854e+01
6.561589025435839062e+01,1.270971201664501571e+01
6.563589597027723244e+01,1.261063433162604674e+01
6.565590168619606004e+01,1.220898722828498784e+01
6.567590740211488765e+01,1.020154784347764121e+01
6.569591311803372946e+01,1.064619330651366269e+01
6.571591883395257128e+01,9.635291900351923289e+00
6.573592454987138467e+01,9.211416743347896841e+00
6.575593026579022649e+01,8.538320493610431328e+00
6.577593598170906830e+01,9.113029121546798450e+00
6.579594169762789591e+01,8.051180226993370326e+00
6.581594741354672351e+01,7.859467050006990085e+00
6.583595312946556533e+01,6.956179843028652776e+00
6.585595884538440714e+01,6.656437973769493865e+00
6.587596456130323475e+01,6.912215427961355907e+00
6.589597027722206235e+01,5.787093936726649623e+00
6.591597599314090417e+01,6.510908234174036302e+00
6.593598170905973177e+01,6.873027112702491337e+00
6.595598742497855937e+01,6.799884336658090334e+00
6.597599314089740119e+01,6.558431027587273476e+00
6.599599885681624301e+01,6.489627419696980759e+00
6.601600457273507061e+01,5.867119064039280296e+00
6.603601028865389821e+01,6.196871277224183849e+00
6.605601600457274003e+01,6.457290834113224243e+00
6.607602172049158185e+01,5.537732904963052150e+00
6.609602743641040945e+01,6.540606134642475311e+00
6.611603315232923705e+01,5.878872828731296352e+00
6.613603886824807887e+01,5.039043493891138148e+00
6.615604458416690647e+01,6.026704708070255379e+00
6.617605030008573408e+01,5.018152608162945505e+00
6.619605601600457589e+01,5.372657552819423366e+00
6.621606173192341771e+01,6.561461358549546041e+00
6.623606744784224531e+01,5.288308189208619225e+00
6.625607316376107292e+01,5.838620386407598062e+00
6.627607887967991473e+01,6.618119563086262147e+00
6.629608459559874234e+01,6.591558651380491796e+00
6.631609031151756994e+01,6.746728948147867833e+00
6.633609602743641176e+01,6.276992943088135490e+00
6.635610174335525357e+01,6.142412052628580810e+00
6.637610745927408118e+01,5.549257566183245061e+00
6.639611317519290878e+01,6.521107088146453457e+00
6.641611889111175060e+01,5.055143280510742798e+00
6.643612460703059241e+01,6.146310490153606310e+00
6.645613032294942002e+01,6.440580702947197977e+00
6.647613603886824762e+01,6.070944051794926466e+00
6.649614175478708944e+01,5.054862323659893519e+00
6.651614747070591704e+01,5.455277562176223505e+00
6.653615318662474465e+01,6.029216756709893765e+00
6.655615890254358646e+01,4.893917699129736398e+00
6.657616461846242828e+01,5.658235042221294364e+00
6.659617033438125588e+01,5.319647036430368736e+00
6.661617605030008349e+01,6.155605987382315014e+00
6.663618176621892530e+01,5.377063206599413725e+00
6.665618748213776712e+01,5.819709968846090931e+00
6.667619319805658051e+01,5.568003116134474517e+00
6.669619891397542233e+01,5.598229625144906407e+00
6.671620462989426414e+01,4.983425269211011255e+00
6.673621034581309175e+01,4.891659442730556862e+00
6.675621606173191935e+01,6.624212596222865734e+00
6.677622177765076117e+01,6.572923120928938268e+00
6.679622749356960298e+01,5.635352013901466783e+00
6.681623320948843059e+01,5.876014852774829045e+00
6.683623892540725819e+01,4.837065896076091498e+00
6.685624464132610001e+01,5.857072782160153146e+00
6.687625035724492761e+01,6.476938241927754802e+00
6.689625607316375522e+01,5.666880231071548479e+00
6.691626178908259703e+01,4.890882164699005052e+00
6.693626750500143885e+01,6.003397105706199888e+00
6.695627322092026645e+01,6.634681641695966192e+00
6.697627893683909406e+01,5.984904835632796072e+00
6.699628465275793587e+01,5.051960125282861647e+00
6.701629036867677769e+01,5.976117948695289783e+00
6.703629608459560529e+01,5.972647618541967240e+00
6.705630180051443290e+01,4.832575398946638678e+00
6.707630751643327471e+01,4.988287548723461917e+00
6.709631323235210232e+01,5.083218499124646073e+00
6.711631894827092992e+01,4.905973366390915302e+00
6.713632466418977174e+01,5.704536672315460244e+00
6.715633038010861355e+01,5.693470192033923460e+00
6.717633609602744116e+01,5.066859376576474006e+00
6.719634181194626876e+01,6.339940071508742392e+00
6.721634752786511058e+01,5.845693253070098017e+00
6.723635324378393818e+01,6.079391507556985097e+00
6.725635895970276579e+01,6.075059046421597664e+00
6.727636467562160760e+01,5.290802307861792286e+00
6.729637039154044942e+01,6.147460821766077110e+00
6.731637610745927702e+01,6.389409186700945931e+00
6.733638182337810463e+01,6.476942076711472929e+00
6.735638753929694644e+01,5.554588792938291775e+00
6.737639325521578826e+01,5.367320046788186971e+00
6.739639897113461586e+01,4.930594154681373631e+00
6.741640468705344347e+01,5.621959035533384608e+00
6.743641040297228528e+01,5.320488302883295439e+00
6.745641611889111289e+01,6.322443213594271860e+00
6.747642183480994049e+01,6.275164053501784522e+00
6.749642755072878231e+01,6.551342378474397599e+00
6.751643326664762412e+01,5.076032983633226969e+00
6.753643898256645173e+01,6.545226300331641767e+00
6.755644469848527933e+01,5.563306602136007584e+00
6.757645041440412115e+01,5.352974948593294258e+00
6.759645613032296296e+01,4.989150520465475580e+00
6.761646184624177636e+01,5.771577917646076195e+00
6.763646756216061817e+01,5.575814962015343212e+00
6.765647327807945999e+01,6.154090237971648669e+00
6.767647899399828759e+01,6.614769879641537287e+00
6.769648470991711520e+01,5.729993907294682387e+00
6.771649042583595701e+01,5.630758890593900112e+00
6.773649614175479883e+01,6.150815118490668532e+00
6.775650185767362643e+01,6.613415187553710162e+00
6.777650757359245404e+01,5.944027096727842796e+00
6.779651328951129585e+01,6.713508877078588455e+00
6.781651900543012346e+01,6.114134532283898693e+00
6.783652472134895106e+01,7.046108200192563231e+00
6.785653043726779288e+01,7.210276947066433628e+00
6.787653615318663469e+01,6.703873459866300344e+00
6.789654186910546230e+01,6.916024644966574542e+00
6.791654758502428990e+01,7.878100381141581288e+00
6.793655330094313172e+01,8.709636020770092912e+00
6.795655901686197353e+01,8.178813547901077285e+00
6.797656473278080114e+01,7.447559895528181428e+00
6.799657044869962874e+01,8.409901962095860384e+00
6.801657616461847056e+01,8.737873228560220085e+00
6.803658188053729816e+01,8.198198859165763963e+00
6.805658759645612577e+01,8.776981392429311413e+00
6.807659331237496758e+01,1.001177614621207290e+01
6.809659902829380940e+01,1.018346918100722398e+01
6.811660474421263700e+01,9.908120923614289310e+00
6.813661046013146461e+01,1.039010786033043487e+01
6.815661617605030642e+01,1.019737437174364203e+01
6.817662189196913403e+01,1.101558052244611119e+01
6.819662760788796163e+01,1.057302246331864026e+01
6.821663332380680345e+01,1.231679852364706740e+01
6.823663903972564526e+01,1.175608186613625961e+01
6.825664475564447287e+01,1.154748396072028704e+01
6.827665047156330047e+01,1.147055998807153188e+01
6.829665618748214229e+01,1.166482262538737480e+01
6.831666190340098410e+01,1.261286846973165510e+01
6.833666761931981171e+01,1.164501697047320583e+01
6.835667333523863931e+01,1.316506935441929116e+01
6.837667905115748113e+01,1.274235380195298717e+01
6.839668476707630873e+01,1.224101165415430437e+01
6.841669048299513634e+01,1.236447263657071538e+01
6.843669619891397815e+01,1.192031665084472536e+01
6.845670191483281997e+01,1.109817633711267248e+01
6.847670763075164757e+01,1.063713287476133296e+01
6.849671334667047518e+01,1.112391552094324609e+01
6.851671906258931699e+01,1.110451361464994946e+01
6.853672477850815881e+01,9.787422638181768164e+00
6.855673049442697220e+01,1.029071734809251382e+01
6.857673621034581402e+01,9.718632783124155239e+00
6.859674192626465583e+01,8.902816002264360762e+00
6.861674764218348344e+01,9.420676694446077803e+00
6.863675335810231104e+01,9.610647077012114181e+00
6.865675907402115286e+01,9.341232532408071165e+00
6.867676478993999467e+01,9.518044582124758790e+00
6.869677050585882228e+01,8.686435943008863347e+00
6.871677622177764988e+01,8.622217290117774269e+00
6.873678193769649170e+01,8.962026524690690721e+00
6.875678765361531930e+01,8.123262905748779517e+00
6.877679336953414690e+01,7.813296674559071953e+00
6.879679908545298872e+01,7.781715395947165881e+00
6.881680480137183054e+01,8.815298341825748452e+00
6.883681051729065814e+01,8.069996386398941013e+00
6.885681623320948574e+01,8.638794166131052776e+00
6.887682194912832756e+01,8.828563146853941390e+00
6.889682766504716938e+01,8.504799606658801636e+00
6.891683338096599698e+01,9.057241509333772811e+00
6.893683909688482458e+01,9.037598312557548752e+00
6.895684481280366640e+01,8.961222608525096334e+00
6.897685052872249400e+01,8.048565112324494564e+00
6.899685624464132161e+01,7.613188142095076216e+00
6.901686196056016342e+01,8.926771272021140291e+00
6.903686767647900524e+01,8.968221424773304307e+00
6.905687339239783284e+01,7.596310592629686553e+00
6.907687910831666045e+01,7.861630599230789329e+00
6.909688482423550226e+01,8.251634212295710924e+00
6.911689054015432987e+01,7.982553698492865557e+00
6.913689625607315747e+01,7.907349853036786946e+00
6.915690197199199929e+01,8.924197025461710453e+00
6.917690768791084110e+01,8.563203743792195510e+00
6.919691340382966871e+01,7.889473706598610470e+00
6.921691911974849631e+01,9.234769843136856338e+00
6.923692483566733813e+01,8.869816400120805966e+00
6.925693055158617994e+01,8.741159527436964893e+00
6.927693626750500755e+01,9.303845817205607105e+00
6.929694198342383515e+01,9.402749594431041302e+00
6.931694769934267697e+01,7.922448749489975128e+00
6.933695341526150457e+01,9.711464090497647916e+00
6.935695913118033218e+01,9.270439626229576291e+00
6.937696484709917399e+01,9.036492445921009420e+00
6.939697056301801581e+01,8.244499827062371722e+00
6.941697627893684341e+01,9.481588349067358479e+00
6.943698199485567102e+01,9.160207089696751126e+00
6.945698771077451283e+01,8.743271817310150240e+00
6.947699342669335465e+01,9.923234949270705485e+00
6.949699914261216804e+01,8.708381204876832982e+00
6.951700485853100986e+01,9.524965521943151714e+00
6.953701057444985167e+01,9.080429507710228165e+00
6.955701629036867928e+01,8.143856500584977454e+00
6.957702200628750688e+01,9.136199730719749112e+00
6.959702772220634870e+01,7.961743413352349030e+00
6.961703343812519051e+01,8.626663626949529373e+00
6.963703915404401812e+01,8.115516337212852704e+00
6.965704486996284572e+01,7.694940798986885433e+00
6.967705058588168754e+01,8.678098966841423234e+00
6.969705630180051514e+01,7.882585897905297401e+00
6.971706201771934275e+01,7.534705124954802713e+00
6.973706773363818456e+01,9.044906755556384681e+00
6.975707344955702638e+01,8.682121165560708675e+00
6.977707916547585398e+01,8.890170218456708184e+00
6.979708488139468159e+01,8.241136750591989468e+00
6.981709059731352340e+01,8.133783961699835530e+00
6.983709631323236522e+01,1.001133028347814324e+01
6.985710202915119282e+01,8.192256794709267709e+00
6.987710774507002043e+01,8.944921585361933936e+00
6.989711346098886224e+01,9.020911979161237326e+00
6.991711917690768985e+01,9.304672312629037378e+00
6.993712489282651745e+01,8.949185657514021841e+00
6.995713060874535927e+01,9.038934602152316700e+00
6.997713632466420108e+01,9.440037354738739950e+00
6.999714204058302869e+01,8.965772566940605870e+00
7.001714775650185629e+01,8.196307684573598706e+00
7.003715347242069811e+01,7.745475046797517749e+00
7.005715918833952571e+01,8.931237620021153845e+00
7.007716490425835332e+01,8.732762052561188426e+00
7.009717062017719513e+01,8.622443981803247226e+00
7.011717633609603695e+01,8.030905709606077636e+00
7.013718205201486455e+01,7.833734782456278189e+00
7.015718776793369216e+01,8.067629206415260157e+00
7.017719348385253397e+01,7.406066370478821881e+00
7.019719919977137579e+01,7.365194588251029018e+00
7.021720491569020339e+01,5.953369062877825968e+00
7.023721063160903100e+01,7.256274118715583477e+00
7.025721634752787281e+01,6.437554604774375022e+00
7.027722206344670042e+01,5.474534115824264191e+00
7.029722777936552802e+01,5.710723323931101270e+00
7.031723349528436984e+01,7.038505332958948202e+00
7.033723921120321165e+01,5.632044484919532579e+00
7.035724492712203926e+01,6.804023048845396993e+00
7.037725064304086686e+01,6.654892474815986780e+00
7.039725635895970868e+01,6.884764761607771177e+00
7.041726207487855049e+01,6.664692466526441095e+00
7.043726779079736389e+01,5.615988126268127267e+00
7.045727350671620570e+01,5.482733227905248086e+00
7.047727922263504752e+01,6.515222652412746562e+00
7.049728493855387512e+01,6.751834661944470461e+00
7.051729065447270273e+01,6.087607817921180775e+00
7.053729637039154454e+01,4.907638215588012720e+00
7.055730208631038636e+01,5.733349222793989064e+00
7.057730780222921396e+01,5.245002973416414527e+00
7.059731351814804157e+01,5.669501906603967356e+00
7.061731923406688338e+01,4.837222914969964371e+00
7.063732494998571099e+01,6.483144339622238128e+00
7.065733066590453859e+01,5.273356521271785446e+00
7.067733638182338041e+01,6.291707280432492055e+00
7.069734209774222222e+01,5.345728616030107183e+00
7.071734781366104983e+01,5.605397015076486689e+00
7.073735352957987743e+01,5.797310511530242572e+00
7.075735924549871925e+01,5.046921582924783323e+00
7.077736496141756106e+01,5.761497801789677631e+00
7.079737067733638867e+01,5.011718329165618435e+00
7.081737639325521627e+01,5.366418911179556162e+00
7.083738210917405809e+01,5.855688835646023271e+00
7.085738782509288569e+01,5.603605294801706549e+00
7.087739354101171330e+01,6.432626694621067287e+00
7.089739925693055511e+01,4.925480863644906115e+00
7.091740497284939693e+01,5.251612293156838973e+00
7.093741068876822453e+01,4.777199192777541903e+00
7.095741640468705214e+01,6.082659134741863483e+00
7.097742212060589395e+01,5.719546797484504452e+00
7.099742783652472156e+01,6.115182536529252921e+00
7.101743355244354916e+01,6.334199287586312899e+00
7.103743926836239098e+01,5.984315771447014320e+00
7.105744498428123279e+01,6.130378751638232870e+00
7.107745070020006040e+01,6.583068368851334284e+00
7.109745641611888800e+01,5.254107984105638174e+00
7.111746213203772982e+01,6.127106417700090901e+00
7.113746784795657163e+01,5.841175440883040970e+00
7.115747356387539924e+01,5.700071626372478661e+00
7.117747927979422684e+01,6.081050330129038173e+00
7.119748499571306866e+01,5.161426633286354537e+00
7.121749071163189626e+01,6.246437161547079953e+00
7.123749642755072387e+01,6.532650923336436044e+00
7.125750214346956568e+01,4.949147812013580783e+00
7.127750785938840750e+01,5.642696840123683444e+00
7.129751357530723510e+01,5.984949156490582567e+00
7.131751929122606271e+01,5.030177707714418744e+00
7.133752500714490452e+01,5.229118429054604889e+00
7.135753072306374634e+01,5.076481455177833446e+00
7.137753643898255973e+01,5.271023499382520683e+00
7.139754215490140155e+01,6.131182335316070819e+00
7.141754787082024336e+01,5.153141253089020601e+00
7.143755358673907097e+01,5.249305858229302402e+00
7.145755930265789857e+01,5.725768587664237685e+00
7.147756501857674039e+01,6.019831341656599832e+00
7.149757073449558220e+01,5.616208910128444032e+00
7.151757645041440981e+01,5.146031385231744082e+00
7.153758216633323741e+01,6.094410667527362158e+00
7.155758788225207923e+01,5.402019677862479163e+00
7.157759359817090683e+01,5.710281404712900688e+00
7.159759931408973443e+01,6.387173116890732416e+00
7.161760503000857625e+01,5.121417640279807948e+00
7.163761074592741807e+01,6.532414377563819485e+00
7.165761646184624567e+01,6.035335300861503605e+00
7.167762217776507327e+01,5.940361384513129117e+00
7.169762789368391509e+01,5.474660433885075506e+00
7.171763360960275691e+01,5.362821810950708645e+00
7.173763932552158451e+01,4.775308410150077343e+00
7.175764504144041211e+01,5.031515632924679515e+00
7.177765075735925393e+01,6.043174790003846830e+00
7.179765647327808153e+01,6.205992299207659713e+00
7.181766218919690914e+01,6.567976331004803825e+00
7.183766790511575095e+01,4.826906021302858285e+00
7.185767362103459277e+01,5.643216210689397272e+00
7.187767933695342037e+01,5.895239155987186841e+00
7.189768505287224798e+01,4.806780595222541308e+00
7.191769076879108979e+01,6.006189832795497452e+00
7.193769648470991740e+01,5.970351936086486511e+00
7.195770220062874500e+01,5.736697722528464105e+00
7.197770791654758682e+01,5.627348156483616748e+00
7.199771363246642863e+01,5.770869472855874704e+00
7.201771934838525624e+01,5.868393840757799573e+00
7.203772506430408384e+01,5.717644289870706054e+00
7.205773078022292566e+01,5.694718097771212406e+00
7.207773649614176747e+01,6.426004146874736200e+00
7.209774221206059508e+01,5.853835936972692444e+00
7.211774792797942268e+01,6.503357507331874565e+00
7.213775364389826450e+01,4.762012720252540632e+00
7.215775935981709210e+01,5.539133692022098820e+00
7.217776507573591971e+01,5.699666728747471822e+00
7.219777079165476152e+01,5.162048812113235741e+00
7.221777650757360334e+01,5.657351279614023731e+00
7.223778222349243094e+01,4.897575894233612281e+00
7.225778793941125855e+01,6.352652962287846705e+00
7.227779365533010036e+01,4.849221908018111371e+00
7.229779937124894218e+01,5.980363192226993085e+00
7.231780508716775557e+01,5.298213834789266663e+00
7.233781080308659739e+01,5.370671020178720667e+00
7.235781651900543920e+01,5.596702475202874894e+00
7.237782223492426681e+01,5.680520302676195676e+00
7.239782795084309441e+01,5.177529587667412336e+00
7.241783366676193623e+01,5.739052652691597700e+00
7.243783938268077804e+01,6.125525666826811211e+00
7.245784509859960565e+01,5.124528608712000555e+00
7.247785081451843325e+01,5.496820092029691018e+00
7.249785653043727507e+01,5.119034020674562591e+00
7.251786224635610267e+01,5.424532490425579390e+00
7.253786796227493028e+01,5.321773932831217024e+00
7.255787367819377209e+01,5.647470468228480200e+00
7.257787939411261391e+01,6.521205155313710478e+00
7.259788511003144151e+01,5.885490230549291546e+00
7.261789082595026912e+01,5.806893398085175129e+00
7.263789654186911093e+01,6.395645664740095881e+00
7.265790225778795275e+01,6.145619921183840262e+00
7.267790797370678035e+01,5.023717515118571342e+00
7.269791368962560796e+01,5.548648102588078501e+00
7.271791940554444977e+01,6.369772700374847219e+00
7.273792512146327738e+01,5.772733036593478140e+00
7.275793083738210498e+01,6.420776364824446247e+00
7.277793655330094680e+01,6.054595219738347467e+00
7.279794226921978861e+01,6.033767349206712538e+00
7.281794798513861622e+01,6.307515617211048919e+00
7.283795370105744382e+01,5.592151225443990015e+00
7.285795941697628564e+01,5.156753911151992220e+00
7.287796513289511324e+01,6.633738163400776600e+00
7.289797084881394085e+01,4.954919377682084125e+00
7.291797656473278266e+01,5.211177453040941820e+00
7.293798228065162448e+01,4.929475641871817082e+00
7.295798799657045208e+01,6.235216020870256948e+00
7.297799371248927969e+01,5.124662561363095392e+00
7.299799942840812150e+01,5.266691607743436698e+00
7.301800514432696332e+01,6.363592268296939913e+00
7.303801086024579092e+01,4.974424100228251433e+00
7.305801657616461853e+01,5.909496033763994127e+00
7.307802229208346034e+01,5.909715855506487259e+00
7.309802800800228795e+01,5.675117638775815543e+00
7.311803372392111555e+01,5.489525489546327464e+00
7.313803943983995737e+01,5.654688614597026763e+00
7.315804515575879918e+01,5.605780647284241525e+00
7.317805087167762679e+01,6.576428738807434726e+00
7.319805658759645439e+01,5.390052788156891594e+00
7.321806230351529621e+01,5.617581919768504406e+00
7.323806801943413802e+01,5.505233871152535485e+00
7.325807373535295142e+01,6.796903385975497258e+00
7.327807945127179323e+01,6.351657265082284454e+00
7.329808516719063505e+01,6.467248529064308471e+00
7.331809088310946265e+01,5.542966513039988108e+00
7.333809659902829026e+01,6.387746697070102897e+00
7.335810231494713207e+01,6.140375138178187697e+00
7.337810803086597389e+01,6.940418014006887404e+00
7.339811374678480149e+01,6.998256653567382024e+00
7.341811946270362910e+01,5.755916324377672311e+00
7.343812517862247091e+01,6.247426586631313228e+00
7.345813089454129852e+01,7.716163755966211291e+00
7.347813661046012612e+01,6.513166164872307817e+00
7.349814232637896794e+01,8.134611591626825344e+00
7.351814804229780975e+01,8.693900330383474540e+00
7.353815375821663736e+01,7.598715443815196480e+00
7.355815947413546496e+01,7.531359461213236628e+00
7.357816519005430678e+01,8.197498905296377814e+00
7.359817090597314859e+01,8.670686986668499685e+00
7.361817662189197620e+01,8.788794309012939010e+00
7.363818233781080380e+01,8.859639442033541812e+00
7.365818805372964562e+01,9.716904458169757675e+00
7.367819376964847322e+01,9.544517681981142587e+00
7.369819948556730083e+01,9.866623952550563459e+00
7.371820520148614264e+01,9.157350821598489787e+00
7.373821091740498446e+01,1.022375181967231939e+01
7.375821663332381206e+01,1.047754308552029023e+01
7.377822234924263967e+01,1.053174549132711135e+01
7.379822806516148148e+01,9.650926978279741775e+00
7.381823378108030909e+01,1.079706388140663798e+01
7.383823949699913669e+01,1.113425140591061080e+01
7.385824521291797851e+01,9.592690804619197209e+00
7.387825092883682032e+01,9.840696381169680151e+00
7.389825664475564793e+01,1.006165226406079327e+01
7.391826236067447553e+01,8.864982249337224118e+00
7.393826807659331735e+01,8.903090699662213225e+00
7.395827379251215916e+01,9.690527281356128952e+00
7.397827950843098677e+01,8.259480373661366670e+00
7.399828522434981437e+01,8.539902489278498265e+00
7.401829094026865619e+01,7.836356470884820347e+00
7.403829665618748379e+01,8.786592462013038229e+00
7.405830237210632561e+01,7.679007705274495166e+00
7.407830808802515321e+01,8.965540410340789634e+00
7.409831380394398082e+01,8.789921346675747316e+00
7.411831951986282263e+01,8.472950232713911234e+00
7.413832523578165024e+01,7.346707816589034046e+00
7.415833095170049205e+01,7.675913788729149978e+00
7.417833666761931966e+01,8.094518672464586118e+00
7.419834238353816147e+01,8.167116389235449248e+00
7.421834809945698908e+01,7.742417349598744281e+00
7.423835381537583089e+01,6.998712249406271901e+00
7.425835953129465850e+01,8.524728244387096865e+00
7.427836524721348610e+01,8.061192591800246277e+00
7.429837096313232792e+01,7.154498263964239158e+00
7.431837667905115552e+01,6.416535452796314765e+00
7.433838239496999734e+01,7.950844153376742440e+00
7.435838811088882494e+01,7.804822857364442257e+00
7.437839382680766676e+01,6.518731900444537430e+00
7.439839954272649436e+01,5.782754088835298845e+00
7.441840525864533618e+01,6.951985500929260375e+00
7.443841097456416378e+01,6.595477824782269849e+00
7.445841669048300560e+01,6.983897712408867697e+00
7.447842240640183320e+01,6.492537579824691818e+00
7.449842812232066080e+01,5.947929330512970125e+00
7.451843383823950262e+01,6.221050539228284215e+00
7.453843955415833022e+01,6.498783726703964092e+00
7.455844527007717204e+01,5.396192686449235332e+00
7.457845098599599964e+01,6.956117591152861657e+00
7.459845670191484146e+01,6.212314420119074754e+00
7.461846241783366906e+01,5.816230915239350985e+00
7.463846813375251088e+01,5.841139615079057990e+00
7.465847384967133848e+01,6.347638181820085990e+00
7.467847956559016609e+01,5.356105441250515575e+00
7.469848528150900790e+01,5.331254876401008147e+00
7.471849099742783551e+01,5.797347424108495240e+00
7.473849671334667732e+01,6.613425407596658978e+00
7.475850242926550493e+01,5.681687073399523058e+00
7.477850814518434674e+01,5.890117579561688466e+00
7.479851386110317435e+01,4.924747509586629768e+00
7.481851957702201616e+01,6.027341970877207800e+00
7.483852529294084377e+01,6.097023286959531774e+00
7.485853100885967137e+01,5.613664979332338767e+00
7.487853672477851319e+01,5.993396732881001832e+00
7.489854244069734079e+01,5.228689462146199673e+00
7.491854815661618261e+01,6.662910803873216103e+00
7.493855387253501021e+01,5.787809194021920511e+00
7.495855958845385203e+01,6.499801324215831677e+00
7.497856530437267963e+01,6.528240624442409157e+00
7.499857102029152145e+01,6.520547306413456923e+00
7.501857673621034905e+01,4.848833723446756672e+00
7.503858245212917666e+01,5.253382448026872709e+00
7.505858816804801847e+01,5.998774290656899488e+00
7.507859388396684608e+01,6.488918326180331597e+00
7.509859959988568789e+01,6.371526327676949819e+00
7.511860531580451550e+01,5.442974020559739223e+00
7.513861103172335731e+01,5.622739449265266032e+00
7.515861674764218492e+01,5.906605649935023905e+00
7.517862246356102673e+01,5.799605166260882072e+00
7.519862817947985434e+01,4.835378689907743777e+00
7.521863389539868194e+01,5.694916866087881502e+00
7.523863961131752376e+01,6.457154163914212930e+00
7.525864532723635136e+01,5.754618283184252725e+00
7.527865104315519318e+01,4.888198684898162227e+00
7.529865675907402078e+01,5.906421467207436216e+00
7.531866247499286260e+01,5.586549533977164472e+00
7.533866819091169020e+01,6.564155064275386309e+00
7.535867390683053202e+01,5.258798496358595642e+00
7.537867962274935962e+01,6.481494787744867203e+00
7.539868533866820144e+01,6.299865620287271817e+00
7.541869105458702904e+01,5.743832810132028399e+00
7.543869677050585665e+01,4.804257174878169501e+00
7.545870248642469846e+01,6.629883244426862277e+00
7.547870820234352607e+01,5.810842871454354075e+00
7.549871391826236788e+01,5.188137703121426192e+00
7.551871963418119549e+01,4.924750363171596312e+00
7.553872535010003730e+01,5.559210159554356601e+00
7.555873106601886491e+01,4.966888700164754589e+00
7.557873678193770672e+01,6.489130987421883212e+00
7.559874249785653433e+01,6.086993124828358859e+00
7.561874821377536193e+01,4.939625612117231945e+00
7.563875392969420375e+01,5.874828506013392015e+00
7.565875964561303135e+01,6.283656892920387982e+00
7.567876536153187317e+01,6.585033683538476623e+00
7.569877107745070077e+01,5.608338483507758987e+00
7.571877679336954259e+01,5.716284989952683304e+00
7.573878250928837019e+01,4.852457557095167573e+00
7.575878822520721201e+01,5.453305013405089774e+00
7.577879394112603961e+01,6.439384084622500559e+00
7.579879965704486722e+01,5.229101279872575780e+00
7.581880537296370903e+01,5.713169917780707152e+00
7.583881108888253664e+01,5.142538335425073548e+00
7.585881680480137845e+01,5.661358613503959525e+00
7.587882252072020606e+01,6.551501644748983111e+00
7.589882823663904787e+01,4.896160239184196072e+00
7.591883395255787548e+01,6.458661965447535458e+00
7.593883966847671729e+01,5.449407280217992700e+00
7.595884538439554490e+01,6.295778447431633396e+00
7.597885110031437250e+01,5.563537499269536113e+00
7.599885681623321432e+01,5.143421866665394582e+00
7.601886253215204192e+01,5.586566276277242338e+00
7.603886824807088374e+01,5.270543506455986460e+00
7.605887396398971134e+01,5.806279735265043485e+00
7.607887967990855316e+01,6.611682848854602668e+00
7.609888539582738076e+01,6.124808027993609905e+00
7.611889111174622258e+01,5.004760191036160322e+00
7.613889682766505018e+01,5.571302552133152730e+00
7.615890254358387779e+01,4.865596416342969022e+00
7.617890825950271960e+01,5.667891641497548427e+00
7.619891397542154721e+01,5.236288906232997142e+00
7.621891969134038902e+01,6.073487574405009859e+00
7.623892540725921663e+01,6.414041176730894023e+00
7.625893112317805844e+01,5.894154774641199523e+00
7.627893683909688605e+01,6.294889603520682719e+00
7.629894255501572786e+01,6.131586494614127858e+00
7.631894827093455547e+01,5.440743982528416289e+00
7.633895398685339728e+01,6.698891351989903598e+00
7.635895970277222489e+01,5.713408251939069871e+00
7.637896541869105249e+01,5.737822130592343584e+00
7.639897113460989431e+01,5.675818125662583036e+00
7.641897685052872191e+01,6.439089987013763228e+00
7.643898256644756373e+01,5.220580061356621115e+00
7.645898828236639133e+01,6.906722187909651645e+00
7.647899399828523315e+01,6.226285869675603379e+00
7.649899971420406075e+01,6.110104564908078295e+00
7.651900543012290257e+01,6.526677557411235675e+00
7.653901114604173017e+01,5.576218176537726556e+00
7.655901686196055778e+01,6.469208032991695667e+00
7.657902257787939959e+01,6.944434147483905306e+00
7.659902829379822720e+01,7.393667969227036174e+00
7.661903400971706901e+01,6.603013413323057357e+00
7.663903972563589662e+01,6.851051998908742391e+00
7.665904544155473843e+01,6.306168681520979646e+00
7.667905115747356604e+01,7.076772140909098674e+00
7.669905687339240785e+01,6.165112758805986637e+00
7.671906258931123546e+01,7.319848112476052826e+00
7.673906830523006306e+01,6.889226159195123600e+00
7.675907402114890488e+01,6.613857034828824588e+00
7.677907973706773248e+01,6.129142430319810764e+00
7.679908545298657430e+01,6.728342786633260353e+00
7.681909116890540190e+01,6.216490186230974047e+00
7.683909688482424372e+01,6.745677051319336037e+00
7.685910260074307132e+01,7.287191120244552067e+00
7.687910831666191314e+01,6.779601912695350840e+00
7.689911403258074074e+01,6.365150989553955085e+00
7.691911974849956835e+01,6.573249922675137746e+00
7.693912546441841016e+01,6.269435223088186682e+00
7.695913118033723777e+01,7.235000421000789217e+00
7.697913689625607958e+01,7.568058795502675906e+00
7.699914261217490719e+01,7.294349794515000873e+00
7.701914832809374900e+01,7.803502891932398988e+00
7.703915404401257661e+01,6.727016170518099081e+00
7.705915975993141842e+01,7.767676801990919699e+00
7.707916547585024603e+01,6.766175930601052713e+00
7.709917119176907363e+01,7.703629595586225065e+00
7.711917690768791545e+01,7.911091082673258335e+00
7.713918262360674305e+01,7.927454190039880721e+00
7.715918833952558487e+01,7.226808580461269393e+00
7.717919405544441247e+01,6.268112308683805090e+00
7.719919977136325429e+01,7.881765791306498237e+00
7.721920548728208189e+01,6.857442428424207037e+00
7.723921120320092371e+01,6.683639606260338262e+00
7.725921691911975131e+01,7.573206672432490016e+00
7.727922263503859313e+01,8.092076085913205930e+00
7.729922835095742073e+01,8.069425456915366723e+00
7.731923406687624833e+01,6.802417487565921128e+00
7.733923978279509015e+01,7.129516886307942336e+00
7.735924549871391775e+01,7.285655648130340722e+00
7.737925121463275957e+01,7.583618545530167232e+00
7.739925693055158717e+01,8.050991329245348993e+00
7.741926264647042899e+01,7.940993027330222276e+00
7.743926836238925659e+01,8.938321418952284603e+00
7.745927407830809841e+01,8.653582148077191505e+00
7.747927979422692601e+01,8.287934447743827704e+00
7.749928551014575362e+01,8.988094858908333151e+00
7.751929122606459543e+01,9.233521555368445988e+00
7.753929694198342304e+01,9.744988039699304494e+00
7.755930265790226485e+01,1.017400622620016470e+01
7.757930837382109246e+01,1.134613399797637712e+01
7.759931408973993427e+01,1.020924823747875720e+01
7.761931980565876188e+01,1.191380608330439372e+01
7.763932552157760369e+01,1.166833100904299414e+01
7.765933123749643130e+01,1.249377373165436822e+01
7.767933695341525890e+01,1.263948603651428826e+01
7.769934266933410072e+01,1.369874487307112432e+01
7.771934838525292832e+01,1.538699167923887146e+01
7.773935410117177014e+01,1.607157385385588810e+01
7.775935981709059774e+01,1.676121191974218760e+01
7.777936553300943956e+01,1.779719946508604522e+01
7.779937124892826716e+01,1.725464525880370203e+01
7.781937696484710898e+01,1.900233228456512080e+01
7.783938268076593658e+01,1.942146933274810650e+01
7.785938839668476419e+01,1.898967366043091332e+01
7.787939411260360600e+01,1.961921363695656595e+01
7.789939982852243361e+01,2.017082497570519095e+01
7.791940554444127542e+01,2.152535028013382501e+01
7.793941126036010303e+01,2.246571202277442225e+01
7.795941697627894484e+01,2.249393065504564149e+01
7.797942269219777245e+01,2.250363770018755005e+01
7.799942840811661426e+01,2.225787435751000132e+01
7.801943412403544187e+01,2.312932194936750463e+01
7.803943983995426947e+01,2.407676827492304383e+01
7.805944555587311129e+01,2.525154024700761823e+01
7.807945127179193889e+01,2.488273886766111431e+01
7.809945698771078071e+01,2.482791130183626294e+01
7.811946270362960831e+01,2.668999861096014925e+01
7.813946841954845013e+01,2.666372594471416235e+01
7.815947413546727773e+01,2.701733462911905903e+01
7.817947985138611955e+01,2.741373724710300053e+01
7.819948556730494715e+01,2.668717550921199333e+01
7.821949128322378897e+01,2.624181031991590629e+01
7.823949699914261657e+01,2.552065278174508478e+01
7.825950271506144418e+01,2.559160179162174487e+01
7.827950843098028599e+01,2.566160725872383708e+01
7.829951414689911360e+01,2.506345241133777080e+01
7.831951986281795541e+01,2.403913694009461111e+01
7.833952557873678302e+01,2.356162825670939398e+01
7.835953129465562483e+01,2.341237855784164879e+01
7.837953701057445244e+01,2.198962743149453658e+01
7.839954272649329425e+01,2.142400925581652871e+01
7.841954844241212186e+01,2.045078805627045071e+01
7.843955415833094946e+01,1.831580130657216188e+01
7.845955987424979128e+01,1.905008089755431655e+01
7.847956559016861888e+01,1.748320303765938633e+01
7.849957130608746070e+01,1.619861815870965316e+01
7.851957702200628830e+01,1.625566995971043482e+01
7.853958273792513012e+01,1.490556019907300644e+01
7.855958845384395772e+01,1.421690161788894358e+01
7.857959416976279954e+01,1.490163415903426269e+01
7.859959988568162714e+01,1.461604306447686241e+01
7.861960560160045475e+01,1.478421401037939198e+01
7.863961131751929656e+01,1.525431549706523349e+01
7.865961703343812417e+01,1.454374867945242222e+01
7.867962274935696598e+01,1.458187110914330020e+01
7.869962846527579359e+01,1.658801935791237270e+01
7.871963418119463540e+01,1.620199790954647057e+01
7.873963989711346301e+01,1.681726792107580692e+01
7.875964561303230482e+01,1.624753375525682131e+01
7.877965132895113243e+01,1.553937786680136313e+01
7.879965704486996003e+01,1.489897305797835081e+01
7.881966276078880185e+01,1.392785593993345294e+01
7.883966847670762945e+01,1.355609546971690094e+01
7.885967419262647127e+01,1.343592009427685774e+01
7.887967990854529887e+01,1.242089111689406167e+01
7.889968562446414069e+01,1.125461521143417620e+01
7.891969134038296829e+01,9.762878134913867356e+00
7.893969705630181011e+01,1.042437563202590667e+01
7.895970277222063771e+01,9.517232235563975351e+00
7.897970848813946532e+01,8.092534862956474839e+00
7.899971420405830713e+01,7.203123587039578446e+00
7.901971991997713474e+01,8.515638203826419783e+00
7.903972563589597655e+01,8.187974248146506540e+00
7.905973135181480416e+01,7.073660826669398105e+00
7.907973706773364597e+01,6.212769642645540102e+00
7.909974278365247358e+01,6.340074571701742379e+00
7.911974849957131539e+01,6.502895331382724464e+00
7.913975421549014300e+01,6.297662100396906659e+00
7.915975993140898481e+01,6.010820235483614660e+00
7.917976564732781242e+01,6.054577589082990485e+00
7.919977136324664002e+01,6.395630692584635568e+00
7.921977707916548184e+01,6.638074823646035405e+00
7.923978279508430944e+01,5.694797230195464799e+00
7.925978851100315126e+01,6.963172102273302855e+00
7.927979422692197886e+01,6.424710640383880289e+00
7.929979994284082068e+01,6.525877443197964034e+00
7.931980565875964828e+01,5.463761051245245248e+00
7.933981137467849010e+01,6.821668632347379635e+00
7.935981709059731770e+01,6.637524249771759699e+00
7.937982280651614531e+01,5.447908142489380268e+00
7.939982852243498712e+01,6.044588804683234784e+00
7.941983423835381473e+01,6.132107959933384755e+00
7.943983995427265654e+01,5.625824297159119247e+00
7.945984567019148415e+01,6.476153783695014710e+00
7.947985138611032596e+01,5.582996258124707900e+00
7.949985710202915357e+01,6.338790355480957039e+00
7.951986281794799538e+01,5.144657847730022660e+00
7.953986853386682299e+01,5.941807960710299596e+00
7.955987424978565059e+01,6.682901561982861338e+00
7.957987996570449241e+01,6.704912489557815825e+00
7.959988568162332001e+01,5.890223045952486913e+00
7.961989139754216183e+01,6.768508117633934340e+00
7.963989711346098943e+01,4.965697700707895734e+00
7.965990282937983125e+01,5.249048654263524405e+00
7.967990854529865885e+01,6.475155897508046543e+00
7.969991426121750067e+01,6.459518448821373937e+00
7.971991997713632827e+01,6.620325938151125911e+00
7.973992569305515588e+01,6.582965527561494667e+00
7.975993140897399769e+01,6.123431743408868755e+00
7.977993712489282530e+01,4.900490221756324871e+00
7.979994284081166711e+01,5.500348800863195109e+00
7.981994855673049472e+01,5.270010874003039802e+00
7.983995427264933653e+01,6.082546042719202184e+00
7.985995998856816414e+01,5.223148117674884183e+00
7.987996570448700595e+01,5.844358495298499712e+00
7.989997142040583356e+01,6.563733782992198229e+00
7.991997713632466116e+01,5.157606197567457862e+00
7.993998285224350298e+01,5.946740663300157159e+00
7.995998856816233058e+01,4.957312396688077882e+00
7.997999428408117240e+01,4.929010812916655659e+00
8.000000000000000000e+01,4.798274705090261882e+00
