angle,intensity
1.000000000000000000e+01,1.229112361452718183e+00
1.002000571591883471e+01,1.168901014933901639e+00
1.004001143183766764e+01,1.019982796966393934e+00
1.006001714775650235e+01,7.123923359496290297e-01
1.008002286367533529e+01,1.878220432528059813e+00
1.010002857959417000e+01,8.619397347312812707e-01
1.012003429551300293e+01,1.013815004894801142e+00
1.014004001143183764e+01,1.660487305106663314e+00
1.016004572735067235e+01,1.076759338721346992e+00
1.018005144326950528e+01,1.056227264579508329e+00
1.020005715918833999e+01,9.196179026516508870e-01
1.022006287510717293e+01,1.038944757319772094e+00
1.024006859102600764e+01,9.120386742167309047e-01
1.026007430694484057e+01,1.084115830434542849e+00
1.028008002286367528e+01,1.323742111222410367e+00
1.030008573878250999e+01,1.838713841502240598e+00
1.032009145470134293e+01,9.870384971543593178e-01
1.034009717062017764e+01,1.163043535784356264e+00
1.036010288653901057e+01,1.557507325781275709e+00
1.038010860245784528e+01,1.188266246260481163e+00
1.040011431837667999e+01,1.323453592201867313e+00
1.042012003429551292e+01,1.301916740603705769e+00
1.044012575021434763e+01,1.474641803334999501e+00
1.046013146613318057e+01,1.365899758927436425e+00
1.048013718205201528e+01,1.546495091496199681e+00
1.050014289797084821e+01,1.236878147200191291e+00
1.052014861388968292e+01,6.769385746684984939e-01
1.054015432980851585e+01,6.805144551511105311e-01
1.056016004572735056e+01,1.702553842209305834e+00
1.058016576164618527e+01,9.478019238937558377e-01
1.060017147756501821e+01,1.630401631370670401e+00
1.062017719348385292e+01,9.382443041480998946e-01
1.064018290940268585e+01,1.047368086863641912e+00
1.066018862532152056e+01,1.217131182834120029e+00
1.068019434124035527e+01,8.527427171519120774e-01
1.070020005715918820e+01,1.154788804053830553e+00
1.072020577307802292e+01,1.461846317906529080e+00
1.074021148899685585e+01,1.009694018422033768e+00
1.076021720491569056e+01,2.134421009391856749e+00
1.078022292083452349e+01,7.674724914146731081e-01
1.080022863675335820e+01,7.368998209500424723e-01
1.082023435267219291e+01,1.230785106468457624e+00
1.084024006859102585e+01,1.151104154188798079e+00
1.086024578450986056e+01,1.605796876968539344e+00
1.088025150042869349e+01,1.192551947383902577e+00
1.090025721634752820e+01,1.728903895843337146e+00
1.092026293226636113e+01,5.302636042774413472e-01
1.094026864818519584e+01,1.704138389780136986e+00
1.096027436410403055e+01,7.487783580240566783e-01
1.098028008002286349e+01,1.932875731301258782e+00
1.100028579594169820e+01,1.078393216000622434e+00
1.102029151186053113e+01,1.262941009472804854e+00
1.104029722777936584e+01,1.594450977269452174e+00
1.106030294369819877e+01,1.216618843462391686e+00
1.108030865961703348e+01,1.622250648884786095e+00
1.110031437553586819e+01,1.437580100099088209e+00
1.112032009145470113e+01,1.399049245983703171e+00
1.114032580737353584e+01,9.533104932163262157e-01
1.116033152329236877e+01,1.201583859258223530e+00
1.118033723921120348e+01,1.270589758008279002e+00
1.120034295513003642e+01,1.247461479705703091e+00
1.122034867104887113e+01,1.435376864018369503e+00
1.124035438696770584e+01,1.455485088329740551e+00
1.126036010288653877e+01,2.238368347891663390e+00
1.128036581880537348e+01,1.973184597783324001e+00
1.130037153472420641e+01,1.023150778411296535e+00
1.132037725064304112e+01,1.729024124299305409e+00
1.134038296656187583e+01,1.404499734060366878e+00
1.136038868248070877e+01,1.162355574491429566e+00
1.138039439839954348e+01,1.231870899680716835e+00
1.140040011431837641e+01,1.913122616015470623e+00
1.142040583023721112e+01,1.598551754142495174e+00
1.144041154615604405e+01,1.318303818818305828e+00
1.146041726207487876e+01,1.120966558365723342e+00
1.148042297799371170e+01,1.752735781546184368e+00
1.150042869391254641e+01,1.538448663121738003e+00
1.152043440983138112e+01,1.256416960201927058e+00
1.154044012575021405e+01,8.995354295403492628e-01
1.156044584166904876e+01,1.658652155419875207e+00
1.158045155758788169e+01,1.412605931192684405e+00
1.160045727350671640e+01,1.015498476617619161e+00
1.162046298942555111e+01,1.050166934234728844e+00
1.164046870534438405e+01,1.642480396892940675e+00
1.166047442126321876e+01,1.476285037560857605e+00
1.168048013718205169e+01,1.788418205922698956e+00
1.170048585310088640e+01,1.999611581254994164e+00
1.172049156901971934e+01,1.673773091898971721e+00
1.174049728493855405e+01,1.522934724178085064e+00
1.176050300085738698e+01,2.399739358699065406e+00
1.178050871677622169e+01,1.192681347019308502e+00
1.180051443269505640e+01,1.965947622206383638e+00
1.182052014861388933e+01,1.828752538438410902e+00
1.184052586453272404e+01,1.452836088882375476e+00
1.186053158045155698e+01,1.528370996469525345e+00
1.188053729637039169e+01,2.461113799429542670e+00
1.190054301228922640e+01,1.558342086542555904e+00
1.192054872820805933e+01,1.931357252372476907e+00
1.194055444412689404e+01,1.969896517385556933e+00
1.196056016004572697e+01,1.637151387071445807e+00
1.198056587596456168e+01,1.631783299299232048e+00
1.200057159188339639e+01,2.305562231357034086e+00
1.202057730780222933e+01,1.666541488082145417e+00
1.204058302372106226e+01,1.758067352033509056e+00
1.206058873963989697e+01,2.405724975813029687e+00
1.208059445555873168e+01,1.419837072506556108e+00
1.210060017147756461e+01,2.141443170435642696e+00
1.212060588739639932e+01,1.683479932752648178e+00
1.214061160331523226e+01,2.394193768199369465e+00
1.216061731923406697e+01,1.209281906796089823e+00
1.218062303515290168e+01,9.616829250963105924e-01
1.220062875107173461e+01,2.339125811214212369e+00
1.222063446699056932e+01,2.523083797712430965e+00
1.224064018290940226e+01,2.135091854069163020e+00
1.226064589882823697e+01,1.787329835225530017e+00
1.228065161474707168e+01,2.127764093952237978e+00
1.230065733066590461e+01,2.644375869979814553e+00
1.232066304658473754e+01,1.156885279179991066e+00
1.234066876250357225e+01,1.555181086249098898e+00
1.236067447842240696e+01,1.567708147595458623e+00
1.238068019434123990e+01,1.827386388335540346e+00
1.240068591026007461e+01,1.673182305705362083e+00
1.242069162617890754e+01,2.273321919947555614e+00
1.244069734209774225e+01,2.032804668166276141e+00
1.246070305801657696e+01,1.318934042992895517e+00
1.248070877393540989e+01,1.989865655189241522e+00
1.250071448985424460e+01,2.066162466510981677e+00
1.252072020577307754e+01,1.958481594025910599e+00
1.254072592169191225e+01,1.456985772337177742e+00
1.256073163761074696e+01,1.161293548771828554e+00
1.258073735352957989e+01,1.567079284171728704e+00
1.260074306944841460e+01,1.062700082725661632e+00
1.262074878536724754e+01,1.677580825162241940e+00
1.264075450128608225e+01,1.964289796143956934e+00
1.266076021720491518e+01,2.296032377289342730e+00
1.268076593312374989e+01,2.271959499459263565e+00
1.270077164904258282e+01,1.980128090184710032e+00
1.272077736496141753e+01,2.581670548727039272e+00
1.274078308088025224e+01,2.320073500445078984e+00
1.276078879679908518e+01,2.182712673218397459e+00
1.278079451271791989e+01,2.212175584370025483e+00
1.280080022863675282e+01,1.936089033960652461e+00
1.282080594455558753e+01,1.875843272652039762e+00
1.284081166047442224e+01,2.599095683495810771e+00
1.286081737639325517e+01,2.279961426964629112e+00
1.288082309231208988e+01,1.991781852696579591e+00
1.290082880823092282e+01,1.827709917488357316e+00
1.292083452414975753e+01,2.305110781970958200e+00
1.294084024006859224e+01,1.702970146865872447e+00
1.296084595598742517e+01,2.020198302219089470e+00
1.298085167190625810e+01,1.944930833749799692e+00
1.300085738782509281e+01,1.901231049511544313e+00
1.302086310374392752e+01,1.826288102229190802e+00
1.304086881966276046e+01,2.489390478551857022e+00
1.306087453558159517e+01,1.691221627360414592e+00
1.308088025150042810e+01,2.091214548460790912e+00
1.310088596741926281e+01,1.785164110554598338e+00
1.312089168333809752e+01,1.797257113472420453e+00
1.314089739925693046e+01,1.977365153194568403e+00
1.316090311517576517e+01,1.518429419352172793e+00
1.318090883109459810e+01,2.163232620755298985e+00
1.320091454701343281e+01,2.387872172973003693e+00
1.322092026293226752e+01,2.671484222548082155e+00
1.324092597885110045e+01,2.234643484243096445e+00
1.326093169476993339e+01,2.284718724446484828e+00
1.328093741068876810e+01,2.504704175723623472e+00
1.330094312660760281e+01,2.264745849368247299e+00
1.332094884252643574e+01,1.993020978907394269e+00
1.334095455844527045e+01,2.235828837747974696e+00
1.336096027436410338e+01,2.394973704564306693e+00
1.338096599028293809e+01,1.686627226743732111e+00
1.340097170620177280e+01,1.590426819064712172e+00
1.342097742212060574e+01,1.503605483373688045e+00
1.344098313803944045e+01,2.321394466611991447e+00
1.346098885395827338e+01,2.509305764977804998e+00
1.348099456987710809e+01,2.288411279580846003e+00
1.350100028579594280e+01,1.410344432881589949e+00
1.352100600171477573e+01,1.951038989953695069e+00
1.354101171763361044e+01,1.511756131774355527e+00
1.356101743355244338e+01,1.635048465025875863e+00
1.358102314947127809e+01,2.121307297557446958e+00
1.360102886539011102e+01,2.850169771271875874e+00
1.362103458130894573e+01,2.599374385529348075e+00
1.364104029722777867e+01,2.073916088475439956e+00
1.366104601314661338e+01,1.760149598630985190e+00
1.368105172906544809e+01,1.851474198124705595e+00
1.370105744498428102e+01,2.453393425263070693e+00
1.372106316090311573e+01,1.707719801631651046e+00
1.374106887682194866e+01,2.769107952903556047e+00
1.376107459274078337e+01,1.567009942027801417e+00
1.378108030865961808e+01,2.541986690395735771e+00
1.380108602457845102e+01,2.300927569949766660e+00
1.382109174049728573e+01,2.836154969547706628e+00
1.384109745641611866e+01,1.793472893304075111e+00
1.386110317233495337e+01,2.661738690215040393e+00
1.388110888825378808e+01,2.854867423684703365e+00
1.390111460417262101e+01,1.610642747388496332e+00
1.392112032009145395e+01,2.665282543226577872e+00
1.394112603601028866e+01,1.707426413138503296e+00
1.396113175192912337e+01,2.172944243239569140e+00
1.398113746784795630e+01,2.691605052399498099e+00
1.400114318376679101e+01,3.224605957526191169e+00
1.402114889968562395e+01,1.893230328941470475e+00
1.404115461560445866e+01,3.053128290326605487e+00
1.406116033152329337e+01,1.954028862085267049e+00
1.408116604744212630e+01,2.169145878406705918e+00
1.410117176336095923e+01,2.223243418623222833e+00
1.412117747927979394e+01,1.835307390014846440e+00
1.414118319519862865e+01,2.459385852403570993e+00
1.416118891111746336e+01,2.314575269357732168e+00
1.418119462703629630e+01,2.844785287775641436e+00
1.420120034295512923e+01,3.040370585965929351e+00
1.422120605887396394e+01,1.550329068857364767e+00
1.424121177479279865e+01,2.302400769532360059e+00
1.426121749071163336e+01,2.147555198613010585e+00
1.428122320663046629e+01,1.746279823784786522e+00
1.430122892254929923e+01,2.800259167406641936e+00
1.432123463846813394e+01,2.738799460363477323e+00
1.434124035438696865e+01,1.837864961534932284e+00
1.436124607030580158e+01,2.901835323324135629e+00
1.438125178622463629e+01,2.518334676400715733e+00
1.440125750214346922e+01,2.068337210409818994e+00
1.442126321806230393e+01,2.177479861019966378e+00
1.444126893398113864e+01,2.422458514946366215e+00
1.446127464989997158e+01,2.054982361498518095e+00
1.448128036581880451e+01,2.910035678913052593e+00
1.450128608173763922e+01,2.266479381936281179e+00
1.452129179765647393e+01,2.558458768636395320e+00
1.454129751357530864e+01,1.891073823672985821e+00
1.456130322949414158e+01,2.821929197888213281e+00
1.458130894541297451e+01,2.883342952721390962e+00
1.460131466133180922e+01,2.749926682083616569e+00
1.462132037725064393e+01,2.316282756552152655e+00
1.464132609316947686e+01,2.542561287364359046e+00
1.466133180908831157e+01,2.957026210587935466e+00
1.468133752500714451e+01,2.329284972742574844e+00
1.470134324092597922e+01,2.208401129013318975e+00
1.472134895684481393e+01,3.250386147358793387e+00
1.474135467276364686e+01,2.796897432632076352e+00
1.476136038868247979e+01,2.701686698772544304e+00
1.478136610460131450e+01,2.965147500322522944e+00
1.480137182052014921e+01,2.753505260714057989e+00
1.482137753643898392e+01,2.761091841404549108e+00
1.484138325235781686e+01,2.739755875430870180e+00
1.486138896827664979e+01,2.700397505446785473e+00
1.488139468419548450e+01,2.062713802294043663e+00
1.490140040011431921e+01,2.314167234521032235e+00
1.492140611603315392e+01,2.312642527493495859e+00
1.494141183195198685e+01,2.880433628616902553e+00
1.496141754787081979e+01,2.479644868364383914e+00
1.498142326378965450e+01,2.563366828356341554e+00
1.500142897970848921e+01,2.669944967452422269e+00
1.502143469562732214e+01,2.027114267227536182e+00
1.504144041154615508e+01,2.690976872599980751e+00
1.506144612746498979e+01,2.737584482379328055e+00
1.508145184338382450e+01,3.022982658604200346e+00
1.510145755930265921e+01,2.402943080007465593e+00
1.512146327522149214e+01,2.693351430511260691e+00
1.514146899114032507e+01,2.739767848668590577e+00
1.516147470705915978e+01,2.540157867761932753e+00
1.518148042297799449e+01,3.538241192222971954e+00
1.520148613889682920e+01,3.308459406192719054e+00
1.522149185481566214e+01,3.226275870659347511e+00
1.524149757073449507e+01,1.868395022217792523e+00
1.526150328665332978e+01,3.392211052107750646e+00
1.528150900257216449e+01,2.772842738408112240e+00
1.530151471849099742e+01,2.638797020671211691e+00
1.532152043440983036e+01,2.567132449707556940e+00
1.534152615032866507e+01,3.133460196560240441e+00
1.536153186624749978e+01,2.031320113031987784e+00
1.538153758216633449e+01,2.016605977089700463e+00
1.540154329808516742e+01,3.064140886007295617e+00
1.542154901400400036e+01,1.956588490857159135e+00
1.544155472992283507e+01,3.013142805067457797e+00
1.546156044584166978e+01,2.939183122529640091e+00
1.548156616176050449e+01,1.934482351609946083e+00
1.550157187767933742e+01,2.261868102770678401e+00
1.552157759359817035e+01,3.039098020959623447e+00
1.554158330951700506e+01,2.424207084052731886e+00
1.556158902543583977e+01,2.815035569722897257e+00
1.558159474135467271e+01,2.873268088982761981e+00
1.560160045727350742e+01,2.293623719646940895e+00
1.562160617319234035e+01,2.459810673584424734e+00
1.564161188911117506e+01,2.701628522673143795e+00
1.566161760503000977e+01,3.446598762079611245e+00
1.568162332094884270e+01,3.094017585075070187e+00
1.570162903686767564e+01,2.282640216485785523e+00
1.572163475278651035e+01,3.207887383172143281e+00
1.574164046870534506e+01,2.125029397034659429e+00
1.576164618462417977e+01,2.888639882702176642e+00
1.578165190054301270e+01,3.088401957819069565e+00
1.580165761646184563e+01,2.841483549790139840e+00
1.582166333238068034e+01,3.008324041398712012e+00
1.584166904829951505e+01,2.847857576342307517e+00
1.586167476421834799e+01,2.579697915239412165e+00
1.588168048013718270e+01,2.810018777912193233e+00
1.590168619605601563e+01,2.192480708545398116e+00
1.592169191197485034e+01,3.185669599123269080e+00
1.594169762789368505e+01,2.970458057985410960e+00
1.596170334381251799e+01,2.426520691998273804e+00
1.598170905973135092e+01,3.136490901806386233e+00
1.600171477565018563e+01,3.550759298130615083e+00
1.602172049156902034e+01,2.383422906868539304e+00
1.604172620748785505e+01,3.115461643313713225e+00
1.606173192340668976e+01,2.357166930589974729e+00
1.608173763932552092e+01,3.254526079894525026e+00
1.610174335524435563e+01,2.859016613523856609e+00
1.612174907116319034e+01,2.946442109657535724e+00
1.614175478708202505e+01,3.618627092770942077e+00
1.616176050300085620e+01,3.366683977991568710e+00
1.618176621891969091e+01,3.195790644115962031e+00
1.620177193483852562e+01,3.645048619205596196e+00
1.622177765075736033e+01,2.112252287616548152e+00
1.624178336667619504e+01,2.984356253662129532e+00
1.626178908259502620e+01,3.892230216442966295e+00
1.628179479851386091e+01,3.209452947135410739e+00
1.630180051443269562e+01,2.451182051190145650e+00
1.632180623035153033e+01,3.009184407295455443e+00
1.634181194627036149e+01,3.671853513495685561e+00
1.636181766218919620e+01,3.301540565920609183e+00
1.638182337810803091e+01,2.476571890003308685e+00
1.640182909402686562e+01,2.987393493608132999e+00
1.642183480994570033e+01,3.085197725949133218e+00
1.644184052586453504e+01,2.459385643361267082e+00
1.646184624178336620e+01,3.471359649331534847e+00
1.648185195770220091e+01,4.014523087435909687e+00
1.650185767362103562e+01,2.528647639355579457e+00
1.652186338953986677e+01,2.868700630974300836e+00
1.654186910545870148e+01,3.744786824551913806e+00
1.656187482137753619e+01,2.294321011115750597e+00
1.658188053729637090e+01,3.308549571856128857e+00
1.660188625321520561e+01,2.288352655412536407e+00
1.662189196913404032e+01,3.225643415930307789e+00
1.664189768505287148e+01,2.446544177852777224e+00
1.666190340097170619e+01,3.880531821624765065e+00
1.668190911689054090e+01,2.445647559175500252e+00
1.670191483280937561e+01,2.969318959604811070e+00
1.672192054872820677e+01,2.667123508977644164e+00
1.674192626464704148e+01,2.953610383793896510e+00
1.676193198056587619e+01,2.497958336510913480e+00
1.678193769648471090e+01,2.751700826545335321e+00
1.680194341240354561e+01,2.731278697629997865e+00
1.682194912832238032e+01,2.849257669346683119e+00
1.684195484424121148e+01,3.123590324145264496e+00
1.686196056016004619e+01,3.179724625653463477e+00
1.688196627607888090e+01,3.774396399669164737e+00
1.690197199199771205e+01,2.691180668591495184e+00
1.692197770791654676e+01,2.868453543522411664e+00
1.694198342383538147e+01,3.520297872797338190e+00
1.696198913975421618e+01,3.613434660002676324e+00
1.698199485567305089e+01,2.913310072948687157e+00
1.700200057159188560e+01,3.041767269738067547e+00
1.702200628751071676e+01,3.908155730982772802e+00
1.704201200342955147e+01,2.667333117035926904e+00
1.706201771934838618e+01,3.346519593586339880e+00
1.708202343526722089e+01,3.490920455784708221e+00
1.710202915118605205e+01,4.101778329956021096e+00
1.712203486710488676e+01,3.985277426612474194e+00
1.714204058302372147e+01,3.504830144636685851e+00
1.716204629894255618e+01,2.878066404161371938e+00
1.718205201486139089e+01,3.010936393574823455e+00
1.720205773078022204e+01,3.623241313748959413e+00
1.722206344669905675e+01,3.496279296953159754e+00
1.724206916261789146e+01,4.110718390912728282e+00
1.726207487853672617e+01,2.955679271914395834e+00
1.728208059445555733e+01,2.497721533002512651e+00
1.730208631037439204e+01,3.451266160300988428e+00
1.732209202629322675e+01,3.352654637448802433e+00
1.734209774221206146e+01,3.523673676966623258e+00
1.736210345813089617e+01,3.581725472719122561e+00
1.738210917404973088e+01,2.800851961849934568e+00
1.740211488996856204e+01,3.419230978433262180e+00
1.742212060588739675e+01,3.612454706259783599e+00
1.744212632180623146e+01,3.802880817943262048e+00
1.746213203772506262e+01,2.894418372241719162e+00
1.748213775364389733e+01,3.640182130992548615e+00
1.750214346956273204e+01,3.619023042535244983e+00
1.752214918548156675e+01,3.883755829356281275e+00
1.754215490140040146e+01,4.198495589742466727e+00
1.756216061731923617e+01,3.653184307410398901e+00
1.758216633323806732e+01,3.862456597240243816e+00
1.760217204915690203e+01,4.310869258535347193e+00
1.762217776507573674e+01,3.266999389952753852e+00
1.764218348099457145e+01,2.788278640373587081e+00
1.766218919691340261e+01,4.288260015433308148e+00
1.768219491283223732e+01,3.242723937336945639e+00
1.770220062875107203e+01,3.177880794030108369e+00
1.772220634466990674e+01,4.189928863065055076e+00
1.774221206058874145e+01,3.280767894790544315e+00
1.776221777650757616e+01,3.795321126887300167e+00
1.778222349242640732e+01,3.786804312096672120e+00
1.780222920834524203e+01,4.216346077777577861e+00
1.782223492426407674e+01,3.603935571873286392e+00
1.784224064018290790e+01,3.740333372980376936e+00
1.786224635610174261e+01,3.584365570646278698e+00
1.788225207202057732e+01,3.969466490495444866e+00
1.790225778793941203e+01,3.984630451607518609e+00
1.792226350385824674e+01,3.866576148422496750e+00
1.794226921977708145e+01,3.667441741859611692e+00
1.796227493569591260e+01,3.420101074711550115e+00
1.798228065161474731e+01,3.690335747486066964e+00
1.800228636753358202e+01,4.659672405595337352e+00
1.802229208345241318e+01,3.798344351455754442e+00
1.804229779937124789e+01,4.244598567623796725e+00
1.806230351529008260e+01,4.204447062779901323e+00
1.808230923120891731e+01,4.243571755980950044e+00
1.810231494712775202e+01,3.899655983859770636e+00
1.812232066304658673e+01,3.933317272858345426e+00
1.814232637896542144e+01,3.719264709148392356e+00
1.816233209488425260e+01,4.181594319252003089e+00
1.818233781080308731e+01,4.122396964513783679e+00
1.820234352672191847e+01,4.113146794119344918e+00
1.822234924264075318e+01,4.153900633592439107e+00
1.824235495855958789e+01,3.247297931866416576e+00
1.826236067447842260e+01,3.579944235988484547e+00
1.828236639039725731e+01,4.656638063799279692e+00
1.830237210631609202e+01,4.433780945179096378e+00
1.832237782223492673e+01,4.610686786887303157e+00
1.834238353815375788e+01,4.350418767679641974e+00
1.836238925407259259e+01,4.534367552915044897e+00
1.838239496999142730e+01,4.419167776367354250e+00
1.840240068591025846e+01,4.108875632436342684e+00
1.842240640182909317e+01,4.723153772384337756e+00
1.844241211774792788e+01,4.601068195461701649e+00
1.846241783366676259e+01,4.549668092389591578e+00
1.848242354958559730e+01,4.369750498502470215e+00
1.850242926550443201e+01,4.470243108702851131e+00
1.852243498142326672e+01,4.859125166923156769e+00
1.854244069734209788e+01,4.488089138240842324e+00
1.856244641326093259e+01,4.858454255037036873e+00
1.858245212917976374e+01,4.876695391488024889e+00
1.860245784509859845e+01,4.854822396374411042e+00
1.862246356101743316e+01,5.175931696393488934e+00
1.864246927693626787e+01,5.635173873385683763e+00
1.866247499285510258e+01,5.824889575234738714e+00
1.868248070877393729e+01,5.479196712524696977e+00
1.870248642469277200e+01,5.870109920584727803e+00
1.872249214061160316e+01,5.072032935209621840e+00
1.874249785653043787e+01,5.340588526819841420e+00
1.876250357244927258e+01,5.614179683651999042e+00
1.878250928836810374e+01,6.389002687184648366e+00
1.880251500428693845e+01,5.927533951700585391e+00
1.882252072020577316e+01,6.473553938684953657e+00
1.884252643612460787e+01,7.073731438542754546e+00
1.886253215204344258e+01,6.719084291462353420e+00
1.888253786796227729e+01,6.120200063912921706e+00
1.890254358388111200e+01,6.182473077719642163e+00
1.892254929979994316e+01,6.990013379957510153e+00
1.894255501571877787e+01,7.251010410549942442e+00
1.896256073163760902e+01,7.127565449244342766e+00
1.898256644755644373e+01,6.930589442695885616e+00
1.900257216347527844e+01,7.430832804390986368e+00
1.902257787939411315e+01,7.374036609757143701e+00
1.904258359531294786e+01,7.272731056709066166e+00
1.906258931123178257e+01,7.428796267486351468e+00
1.908259502715061728e+01,8.033815812900495956e+00
1.910260074306944844e+01,8.320824990607261995e+00
1.912260645898828315e+01,8.806184616810355692e+00
1.914261217490711431e+01,8.696083090790850179e+00
1.916261789082594902e+01,9.088678658896865770e+00
1.918262360674478373e+01,9.016244187189123238e+00
1.920262932266361844e+01,8.722216461917914998e+00
1.922263503858245315e+01,9.468141818424459899e+00
1.924264075450128786e+01,1.012342230180035152e+01
1.926264647042012257e+01,9.924557250546733655e+00
1.928265218633895373e+01,1.073160829197026089e+01
1.930265790225778844e+01,1.013500204950580930e+01
1.932266361817662315e+01,1.042150045793180624e+01
1.934266933409545430e+01,1.091800398268176409e+01
1.936267505001428901e+01,1.167458035387530302e+01
1.938268076593312372e+01,1.158604957017427495e+01
1.940268648185195843e+01,1.190733476239675426e+01
1.942269219777079314e+01,1.167858866759415193e+01
1.944269791368962785e+01,1.201032129934653625e+01
1.946270362960846256e+01,1.290315983987422754e+01
1.948270934552729372e+01,1.279934087473020021e+01
1.950271506144612843e+01,1.324221155621307133e+01
1.952272077736495959e+01,1.328445568213703254e+01
1.954272649328379430e+01,1.375092501237993403e+01
1.956273220920262901e+01,1.476947342360327475e+01
1.958273792512146372e+01,1.448121988042155195e+01
1.960274364104029843e+01,1.495256512402403359e+01
1.962274935695913314e+01,1.464333572718433985e+01
1.964275507287796785e+01,1.490773464705650220e+01
1.966276078879679901e+01,1.523742480698227197e+01
1.968276650471563372e+01,1.629868131182927726e+01
1.970277222063446487e+01,1.642888554226969688e+01
1.972277793655329958e+01,1.723690456703270968e+01
1.974278365247213429e+01,1.722469834472538253e+01
1.976278936839096900e+01,1.723680625808872335e+01
1.978279508430980371e+01,1.728352157375230291e+01
1.980280080022863842e+01,1.749548768932003640e+01
1.982280651614747313e+01,1.760583521012898700e+01
1.984281223206630784e+01,1.859238690424471940e+01
1.986281794798513900e+01,1.780460192942721065e+01
1.988282366390397371e+01,1.839971243377770804e+01
1.990282937982280487e+01,1.835478712287883596e+01
1.992283509574163958e+01,1.834996221266828087e+01
1.994284081166047429e+01,1.864752858296742843e+01
1.996284652757930900e+01,1.833281982931082155e+01
1.998285224349814371e+01,1.883855138934757179e+01
2.000285795941697842e+01,1.842848590930555019e+01
2.002286367533581313e+01,1.846695766181917264e+01
2.004286939125464428e+01,1.855485474489799458e+01
2.006287510717347899e+01,1.749290151357180889e+01
2.008288082309231015e+01,1.682278566856415125e+01
2.010288653901114486e+01,1.697155724859591430e+01
2.012289225492997957e+01,1.628262096695252126e+01
2.014289797084881428e+01,1.652103971117886871e+01
2.016290368676764899e+01,1.582351817875337829e+01
2.018290940268648370e+01,1.547236962129997018e+01
2.020291511860531841e+01,1.489469674270010913e+01
2.022292083452414957e+01,1.432153884729567395e+01
2.024292655044298428e+01,1.359428091456265619e+01
2.026293226636181899e+01,1.348630773571978025e+01
2.028293798228065015e+01,1.272138477721727767e+01
2.030294369819948486e+01,1.268387109478290142e+01
2.032294941411831957e+01,1.200101234295525821e+01
2.034295513003715428e+01,1.107143130111107965e+01
2.036296084595598899e+01,1.064232229648751726e+01
2.038296656187482370e+01,1.061425993087368624e+01
2.040297227779365841e+01,1.074122063379327230e+01
2.042297799371248956e+01,9.646730910105473455e+00
2.044298370963132427e+01,8.665357585967695897e+00
2.046298942555015543e+01,8.866797540096753139e+00
2.048299514146899014e+01,7.841673368792923426e+00
2.050300085738782485e+01,8.160712254612528582e+00
2.052300657330665956e+01,7.770572253318748679e+00
2.054301228922549427e+01,7.545535812858840785e+00
2.056301800514432898e+01,7.724484880110463081e+00
2.058302372106316369e+01,7.405631348447750284e+00
2.060302943698199485e+01,7.463510556987259292e+00
2.062303515290082956e+01,7.136855531630177829e+00
2.064304086881966072e+01,6.964088448710807455e+00
2.066304658473849543e+01,6.477401346319536124e+00
2.068305230065733014e+01,7.259313695972821279e+00
2.070305801657616485e+01,7.019900174528478587e+00
2.072306373249499956e+01,6.032274081087037665e+00
2.074306944841383427e+01,6.599772196728737050e+00
2.076307516433266898e+01,5.578923324586273935e+00
2.078308088025150369e+01,6.011378756970231052e+00
2.080308659617033484e+01,6.516119082912688931e+00
2.082309231208916955e+01,5.566937824514512911e+00
2.084309802800800071e+01,5.776792900769454064e+00
2.086310374392683542e+01,5.952388913700508155e+00
2.088310945984567013e+01,5.288491081905251079e+00
2.090311517576450484e+01,5.574533684958327129e+00
2.092312089168333955e+01,5.362695547337443358e+00
2.094312660760217426e+01,5.167525404674069733e+00
2.096313232352100897e+01,5.675119496553090670e+00
2.098313803943984013e+01,5.102530022417248290e+00
2.100314375535867484e+01,5.497110951355587360e+00
2.102314947127750600e+01,5.101642434417241745e+00
2.104315518719634071e+01,5.227974424314437485e+00
2.106316090311517542e+01,5.630854810094048091e+00
2.108316661903401013e+01,5.669396043718133882e+00
2.110317233495284484e+01,5.733550592176233529e+00
2.112317805087167955e+01,5.831607246835725178e+00
2.114318376679051426e+01,6.044716171067918253e+00
2.116318948270934541e+01,5.761423944528709207e+00
2.118319519862818012e+01,5.260656678318171409e+00
2.120320091454701483e+01,4.894974971449049583e+00
2.122320663046584599e+01,4.837544563071775272e+00
2.124321234638468070e+01,5.083209770685785500e+00
2.126321806230351541e+01,4.928102885051263371e+00
2.128322377822235012e+01,4.424949930652330998e+00
2.130322949414118483e+01,4.945931413936275334e+00
2.132323521006001954e+01,5.805283548848672481e+00
2.134324092597885425e+01,5.421766150179289312e+00
2.136324664189768541e+01,4.609394992383117007e+00
2.138325235781652012e+01,4.925711482710876332e+00
2.140325807373535127e+01,5.086013433815711693e+00
2.142326378965418598e+01,5.486619622990722256e+00
2.144326950557302069e+01,5.074423622954848945e+00
2.146327522149185540e+01,4.742716834004186310e+00
2.148328093741069011e+01,5.587315049489133045e+00
2.150328665332952482e+01,5.120055914882725823e+00
2.152329236924835953e+01,4.669639471431040079e+00
2.154329808516719069e+01,4.345629292246643516e+00
2.156330380108602540e+01,5.164635745222806662e+00
2.158330951700485656e+01,4.588278959795249357e+00
2.160331523292369127e+01,4.195665493009343550e+00
2.162332094884252598e+01,4.404052061893774628e+00
2.164332666476136069e+01,4.728892714402036290e+00
2.166333238068019540e+01,5.634427930030801335e+00
2.168333809659903011e+01,4.784850494713996483e+00
2.170334381251786482e+01,5.143062031622737784e+00
2.172334952843669598e+01,5.012748773516785938e+00
2.174335524435553069e+01,5.461624685839685966e+00
2.176336096027436540e+01,4.740713310754815168e+00
2.178336667619319655e+01,4.673610916830787332e+00
2.180337239211203126e+01,4.919488770675502387e+00
2.182337810803086597e+01,4.927698037882791482e+00
2.184338382394970068e+01,5.201399271255604972e+00
2.186338953986853539e+01,5.336321165637546216e+00
2.188339525578737010e+01,4.692197236637458246e+00
2.190340097170620481e+01,5.314235831245651909e+00
2.192340668762503597e+01,5.278080188093638547e+00
2.194341240354387068e+01,5.330861386449054606e+00
2.196341811946270184e+01,5.036167639581252686e+00
2.198342383538153655e+01,4.923187607957151712e+00
2.200342955130037126e+01,5.278015538590510758e+00
2.202343526721920597e+01,5.181433820816089053e+00
2.204344098313804068e+01,4.721969169595125138e+00
2.206344669905687539e+01,4.232330779468339799e+00
2.208345241497571010e+01,5.141816432001844461e+00
2.210345813089454126e+01,5.238626086793704673e+00
2.212346384681337597e+01,4.884329325696321611e+00
2.214346956273221068e+01,5.571675436872176590e+00
2.216347527865104183e+01,5.050703925888399226e+00
2.218348099456987654e+01,4.911656425076908583e+00
2.220348671048871125e+01,4.365674617411880121e+00
2.222349242640754596e+01,5.101031610312013242e+00
2.224349814232638067e+01,4.933278711763541047e+00
2.226350385824521538e+01,5.235803090710270169e+00
2.228350957416405009e+01,4.740110090763909767e+00
2.230351529008288125e+01,4.687897055211340813e+00
2.232352100600171596e+01,5.540979247438612809e+00
2.234352672192054712e+01,5.659019109089171273e+00
2.236353243783938183e+01,5.745424114663020276e+00
2.238353815375821654e+01,4.887227011483043171e+00
2.240354386967705125e+01,5.521937095683963292e+00
2.242354958559588596e+01,4.517429014592601710e+00
2.244355530151472067e+01,5.246026478396451864e+00
2.246356101743355538e+01,4.837824571555744413e+00
2.248356673335238654e+01,4.399035099839498031e+00
2.250357244927122125e+01,4.380891953640364100e+00
2.252357816519005240e+01,5.330957143330413039e+00
2.254358388110888711e+01,5.716714128012988283e+00
2.256358959702772182e+01,5.323458962874411782e+00
2.258359531294655653e+01,5.392188298177996941e+00
2.260360102886539124e+01,5.396784112601968886e+00
2.262360674478422595e+01,4.399758011903898591e+00
2.264361246070306066e+01,5.672806038034286402e+00
2.266361817662189182e+01,5.242988479235652477e+00
2.268362389254072653e+01,4.939577467819830758e+00
2.270362960845956124e+01,5.133956570701501576e+00
2.272363532437839240e+01,5.629468043427377388e+00
2.274364104029722711e+01,5.267929657162817136e+00
2.276364675621606182e+01,5.396448145877748459e+00
2.278365247213489653e+01,6.131590337267633473e+00
2.280365818805373124e+01,5.550863275084340742e+00
2.282366390397256595e+01,5.238100814459953902e+00
2.284366961989140066e+01,5.527702628323115874e+00
2.286367533581023181e+01,5.398659460528956622e+00
2.288368105172906652e+01,5.040892107131770494e+00
2.290368676764789768e+01,5.777891890320238311e+00
2.292369248356673239e+01,5.222383058352206398e+00
2.294369819948556710e+01,5.833697064001560406e+00
2.296370391540440181e+01,5.306121257773546596e+00
2.298370963132323652e+01,5.314902559091208900e+00
2.300371534724207123e+01,5.441657549891376178e+00
2.302372106316090594e+01,5.714260574877757293e+00
2.304372677907973710e+01,5.187461790280412544e+00
2.306373249499857181e+01,5.205301185103849093e+00
2.308373821091740652e+01,6.017767700711661227e+00
2.310374392683623768e+01,4.992935440859313623e+00
2.312374964275507239e+01,6.339151910204182450e+00
2.314375535867390710e+01,5.944912961101174176e+00
2.316376107459274181e+01,6.582097909164958516e+00
2.318376679051157652e+01,6.371662984295110022e+00
2.320377250643041123e+01,5.806127005188203682e+00
2.322377822234924594e+01,6.377729064992852415e+00
2.324378393826807709e+01,6.046259761426855839e+00
2.326378965418691180e+01,5.438863169299168021e+00
2.328379537010574296e+01,5.906412314816436471e+00
2.330380108602457767e+01,6.528307327166805507e+00
2.332380680194341238e+01,6.109044006020274864e+00
2.334381251786224709e+01,6.129880288018512147e+00
2.336381823378108180e+01,6.141062136963509666e+00
2.338382394969991651e+01,6.713382098907409556e+00
2.340382966561875122e+01,6.876136780734269038e+00
2.342383538153758238e+01,5.684963927164950803e+00
2.344384109745641709e+01,6.052029548405287507e+00
2.346384681337524825e+01,6.458510615643431763e+00
2.348385252929408296e+01,6.637833372371360952e+00
2.350385824521291767e+01,6.311825536543590687e+00
2.352386396113175238e+01,6.259994248769662484e+00
2.354386967705058709e+01,5.798176252878075587e+00
2.356387539296942180e+01,6.809735221339402678e+00
2.358388110888825651e+01,6.289423705700077250e+00
2.360388682480708766e+01,6.570245959348927300e+00
2.362389254072592237e+01,6.651171437402354059e+00
2.364389825664475708e+01,6.286773706452475352e+00
2.366390397256358824e+01,7.028570005003808241e+00
2.368390968848242295e+01,6.507275931334676855e+00
2.370391540440125766e+01,7.033149038336894421e+00
2.372392112032009237e+01,7.334163153221563647e+00
2.374392683623892708e+01,7.135969431886000081e+00
2.376393255215776179e+01,7.364847627277352871e+00
2.378393826807659650e+01,6.923276565640202662e+00
2.380394398399542766e+01,7.830817681764143501e+00
2.382394969991426237e+01,7.259519727874348405e+00
2.384395541583309353e+01,7.221631115321061500e+00
2.386396113175192824e+01,7.968154978185070902e+00
2.388396684767076295e+01,8.431362228270778303e+00
2.390397256358959766e+01,8.047789951995145685e+00
2.392397827950843237e+01,8.427470490385632118e+00
2.394398399542726708e+01,7.982586532328132201e+00
2.396398971134610179e+01,7.497174900501386574e+00
2.398399542726493294e+01,8.032612931374579546e+00
2.400400114318376765e+01,8.968765994538944852e+00
2.402400685910260236e+01,8.335883015080931102e+00
2.404401257502143352e+01,8.996253674159847336e+00
2.406401829094026823e+01,9.012727305393452681e+00
2.408402400685910294e+01,8.951895259295065799e+00
2.410402972277793765e+01,9.683747531593407842e+00
2.412403543869677236e+01,9.042068579789511062e+00
2.414404115461560707e+01,9.152560354475269833e+00
2.416404687053444178e+01,9.073952061021257620e+00
2.418405258645327294e+01,1.024647007568279911e+01
2.420405830237210765e+01,9.753013746017424879e+00
2.422406401829093880e+01,1.039062241570305289e+01
2.424406973420977351e+01,1.053915503701209744e+01
2.426407545012860822e+01,1.020399633372385217e+01
2.428408116604744293e+01,1.148527345175946124e+01
2.430408688196627764e+01,1.159253324346172676e+01
2.432409259788511235e+01,1.135454703921620911e+01
2.434409831380394706e+01,1.138054030240876813e+01
2.436410402972277822e+01,1.261986998355105527e+01
2.438410974564161293e+01,1.190454877698336844e+01
2.440411546156044409e+01,1.297075507295576458e+01
2.442412117747927880e+01,1.353992498063383465e+01
2.444412689339811351e+01,1.343574359334746404e+01
2.446413260931694822e+01,1.417602554117058666e+01
2.448413832523578293e+01,1.540033119640660431e+01
2.450414404115461764e+01,1.501230946936896871e+01
2.452414975707345235e+01,1.575458001781269601e+01
2.454415547299228351e+01,1.640672524226012996e+01
2.456416118891111822e+01,1.690753931020124767e+01
2.458416690482995293e+01,1.725124025714591269e+01
2.460417262074878408e+01,1.876481082978476778e+01
2.462417833666761879e+01,1.835411661356153346e+01
2.464418405258645350e+01,2.014535201251810648e+01
2.466418976850528821e+01,2.141099336903909389e+01
2.468419548442412292e+01,2.225186090273931327e+01
2.470420120034295763e+01,2.283516256753113183e+01
2.472420691626179234e+01,2.313753304310216308e+01
2.474421263218062350e+01,2.514458895631398150e+01
2.476421834809945821e+01,2.498356286645179836e+01
2.478422406401828937e+01,2.666189809629525342e+01
2.480422977993712408e+01,2.774515469886139840e+01
2.482423549585595879e+01,2.945462432481440374e+01
2.484424121177479350e+01,2.978717707335868781e+01
2.486424692769362821e+01,3.268139670582053213e+01
2.488425264361246292e+01,3.299179647601530263e+01
2.490425835953129763e+01,3.485727351305655475e+01
2.492426407545012879e+01,3.713758564259403272e+01
2.494426979136896350e+01,3.784041088663491337e+01
2.496427550728779821e+01,3.936325109152037527e+01
2.498428122320662936e+01,4.083509792423347307e+01
2.500428693912546407e+01,4.338895154384032793e+01
2.502429265504429878e+01,4.414848070448523742e+01
2.504429837096313349e+01,4.658644576372790880e+01
2.506430408688196820e+01,4.879171378342951471e+01
2.508430980280080291e+01,5.130901643504267895e+01
2.510431551871963762e+01,5.237980788493594275e+01
2.512432123463846878e+01,5.517203347728955976e+01
2.514432695055730349e+01,5.709908354560197097e+01
2.516433266647613465e+01,5.925026822425911632e+01
2.518433838239496936e+01,6.137045663002476203e+01
2.520434409831380407e+01,6.387625643710182999e+01
2.522434981423263878e+01,6.548902122469334586e+01
2.524435553015147349e+01,6.858848062597589035e+01
2.526436124607030820e+01,7.150269827656271104e+01
2.528436696198914291e+01,7.319524248363572383e+01
2.530437267790797407e+01,7.552743896392749434e+01
2.532437839382680878e+01,7.762016510189610585e+01
2.534438410974563993e+01,8.111844799394975780e+01
2.536438982566447464e+01,8.194887790577288911e+01
2.538439554158330935e+01,8.467675295042076300e+01
2.540440125750214406e+01,8.704702857365677460e+01
2.542440697342097877e+01,8.963145598992889518e+01
2.544441268933981348e+01,9.154095833432965890e+01
2.546441840525864819e+01,9.312808019538010740e+01
2.548442412117747935e+01,9.420357830861571813e+01
2.550442983709631406e+01,9.599776823815952298e+01
2.552443555301514877e+01,9.671114135022835967e+01
2.554444126893397993e+01,9.859816394632295555e+01
2.556444698485281464e+01,9.936481802542243713e+01
2.558445270077164935e+01,9.984116431782896939e+01
2.560445841669048406e+01,9.902732369706019711e+01
2.562446413260931877e+01,9.925422293283753561e+01
2.564446984852815348e+01,9.871520709359532475e+01
2.566447556444698819e+01,9.713600577340744735e+01
2.568448128036581934e+01,9.572443807490289203e+01
2.570448699628465405e+01,9.400309529030118938e+01
2.572449271220348521e+01,9.254265868315408738e+01
2.574449842812231992e+01,8.987102484894316490e+01
2.576450414404115463e+01,8.720153490034493871e+01
2.578450985995998934e+01,8.426803989308032783e+01
2.580451557587882405e+01,8.100916048897913413e+01
2.582452129179765876e+01,7.735335136786130761e+01
2.584452700771649347e+01,7.406069265949335545e+01
2.586453272363532463e+01,7.136322695618892453e+01
2.588453843955415934e+01,6.710304010851504586e+01
2.590454415547299405e+01,6.361230317348751839e+01
2.592454987139182521e+01,6.099852130632754665e+01
2.594455558731065992e+01,5.792371084047181995e+01
2.596456130322949463e+01,5.433488604708966818e+01
2.598456701914832934e+01,5.101579727181292867e+01
2.600457273506716405e+01,4.947833277657831275e+01
2.602457845098599520e+01,4.640957079984099920e+01
2.604458416690482991e+01,4.387307678368313901e+01
2.606458988282366462e+01,4.140210813479048113e+01
2.608459559874249933e+01,3.820248161216284899e+01
2.610460131466133404e+01,3.765090654463274689e+01
2.612460703058016520e+01,3.523981343772545927e+01
2.614461274649899991e+01,3.341361267924641965e+01
2.616461846241783462e+01,3.161179980519879607e+01
2.618462417833666933e+01,3.031159632259961256e+01
2.620462989425550404e+01,2.935787121098875829e+01
2.622463561017433520e+01,2.757950578446486745e+01
2.624464132609316991e+01,2.623791812375923627e+01
2.626464704201200462e+01,2.497413238927750712e+01
2.628465275793083933e+01,2.318639661738763635e+01
2.630465847384967049e+01,2.257843713441886635e+01
2.632466418976850520e+01,2.254346024101755930e+01
2.634466990568733991e+01,2.151369322877791745e+01
2.636467562160617462e+01,1.925746093597208031e+01
2.638468133752500933e+01,1.937824228902803014e+01
2.640468705344384048e+01,1.813602188187029185e+01
2.642469276936267519e+01,1.752771336101300648e+01
2.644469848528150990e+01,1.801231564817444664e+01
2.646470420120034461e+01,1.692076509909213300e+01
2.648470991711917932e+01,1.637242548991116919e+01
2.650471563303801048e+01,1.514514014883195259e+01
2.652472134895684519e+01,1.498765656984593697e+01
2.654472706487567990e+01,1.457693950525548132e+01
2.656473278079451461e+01,1.468749084456910126e+01
2.658473849671334932e+01,1.406645443211206903e+01
2.660474421263218048e+01,1.365510014310312314e+01
2.662474992855101519e+01,1.385681022976057264e+01
2.664475564446984990e+01,1.328545098480650211e+01
2.666476136038868461e+01,1.173200781851945962e+01
2.668476707630751577e+01,1.282834353301358910e+01
2.670477279222635048e+01,1.210772028298445768e+01
2.672477850814518519e+01,1.175291410424760485e+01
2.674478422406401990e+01,1.100900063067265222e+01
2.676478993998285461e+01,1.097987707428127280e+01
2.678479565590168576e+01,1.075051126980949689e+01
2.680480137182052047e+01,1.029231920096354713e+01
2.682480708773935518e+01,1.056276742582266692e+01
2.684481280365818989e+01,1.027510328435329789e+01
2.686481851957702460e+01,1.075607307837324811e+01
2.688482423549585576e+01,1.029879791330318284e+01
2.690482995141469047e+01,9.419168549874111562e+00
2.692483566733352518e+01,9.429346770728130878e+00
2.694484138325235989e+01,9.216465345377864438e+00
2.696484709917119105e+01,9.488049319189663322e+00
2.698485281509002576e+01,8.728322029372462154e+00
2.700485853100886047e+01,8.742798338789906865e+00
2.702486424692769518e+01,8.234227410239656209e+00
2.704486996284652989e+01,8.115303918082936718e+00
2.706487567876536104e+01,8.686156870036134237e+00
2.708488139468419575e+01,8.473053889563294305e+00
2.710488711060303046e+01,8.485570583415569246e+00
2.712489282652186517e+01,8.730689860587199647e+00
2.714489854244069988e+01,9.043660986503033072e+00
2.716490425835953104e+01,8.140143593749098017e+00
2.718490997427836575e+01,7.468337864492829326e+00
2.720491569019720046e+01,7.816243237293029722e+00
2.722492140611603517e+01,7.788286393472164448e+00
2.724492712203486633e+01,7.858002216525934003e+00
2.726493283795370104e+01,8.524313426209694455e+00
2.728493855387253575e+01,7.170100535144541709e+00
2.730494426979137046e+01,6.976594356573632361e+00
2.732494998571020517e+01,7.628657473028868097e+00
2.734495570162903633e+01,7.230280143520493752e+00
2.736496141754787104e+01,7.656417314479051939e+00
2.738496713346670575e+01,6.897692497266394440e+00
2.740497284938554046e+01,7.303835624180958774e+00
2.742497856530437517e+01,6.715311812098549993e+00
2.744498428122320632e+01,6.651865143507922795e+00
2.746498999714204103e+01,7.430806557485239772e+00
2.748499571306087574e+01,7.098369076201548999e+00
2.750500142897971045e+01,7.595678160437309145e+00
2.752500714489854516e+01,7.722147380456755528e+00
2.754501286081737632e+01,6.593282538868445286e+00
2.756501857673621103e+01,7.091312065892964256e+00
2.758502429265504574e+01,7.336382193378875094e+00
2.760503000857388045e+01,6.075847972858958279e+00
2.762503572449271161e+01,7.071087709054701520e+00
2.764504144041154632e+01,7.162200863700601161e+00
2.766504715633038103e+01,6.267459939121680534e+00
2.768505287224921574e+01,6.780557064100541709e+00
2.770505858816805045e+01,6.871700445261133439e+00
2.772506430408688161e+01,6.666481055757307317e+00
2.774507002000571632e+01,6.399885537519063305e+00
2.776507573592455103e+01,6.270257288625618486e+00
2.778508145184338574e+01,6.044334731164047625e+00
2.780508716776222045e+01,6.208104010122388772e+00
2.782509288368105160e+01,6.936695639997730645e+00
2.784509859959988631e+01,6.401511846360150138e+00
2.786510431551872102e+01,6.454920840933229265e+00
2.788511003143755573e+01,6.519666475263418803e+00
2.790511574735638689e+01,5.560198863394955282e+00
2.792512146327522160e+01,6.435584072675604617e+00
2.794512717919405631e+01,5.698145630484191315e+00
2.796513289511289102e+01,6.358544917361825810e+00
2.798513861103172573e+01,6.188641988390957138e+00
2.800514432695055689e+01,5.954579532672709341e+00
2.802515004286939160e+01,6.970964965301468474e+00
2.804515575878822631e+01,5.586488147297028917e+00
2.806516147470706102e+01,5.447098518497071495e+00
2.808516719062589573e+01,5.999035223163765806e+00
2.810517290654472689e+01,5.689554959234573772e+00
2.812517862246356160e+01,5.858906355233419738e+00
2.814518433838239631e+01,6.286822508062934745e+00
2.816519005430123102e+01,6.504779636830545719e+00
2.818519577022006217e+01,5.911843158426412614e+00
2.820520148613889688e+01,5.698048021321088008e+00
2.822520720205773159e+01,5.485871599694980283e+00
2.824521291797656630e+01,5.356386306711289791e+00
2.826521863389540101e+01,6.283395486249482076e+00
2.828522434981423217e+01,5.459486402103276959e+00
2.830523006573306688e+01,6.671411575619398349e+00
2.832523578165190159e+01,5.533827263643110506e+00
2.834524149757073630e+01,5.637615016166757087e+00
2.836524721348957101e+01,5.283395163709003306e+00
2.838525292940840217e+01,5.856148109781751820e+00
2.840525864532723688e+01,5.437766986442299277e+00
2.842526436124607159e+01,5.343940554766179574e+00
2.844527007716490630e+01,5.823775682008871968e+00
2.846527579308374101e+01,5.481688086752734002e+00
2.848528150900257216e+01,5.528060986292721246e+00
2.850528722492140687e+01,5.441776647225392338e+00
2.852529294084024158e+01,5.771609692703996153e+00
2.854529865675907629e+01,5.472090290591141937e+00
2.856530437267790745e+01,5.055323807699030780e+00
2.858531008859674216e+01,6.063750537003627983e+00
2.860531580451557687e+01,6.101866977155055771e+00
2.862532152043441158e+01,5.208410611700923454e+00
2.864532723635324629e+01,6.099630258659792581e+00
2.866533295227207745e+01,5.471724493006663081e+00
2.868533866819091216e+01,5.435411864515673486e+00
2.870534438410974687e+01,5.814071612308467252e+00
2.872535010002858158e+01,5.203325346713203459e+00
2.874535581594741629e+01,5.224048307386491174e+00
2.876536153186624745e+01,5.698215761184499684e+00
2.878536724778508216e+01,4.875306906304661680e+00
2.880537296370391687e+01,5.639290638817169743e+00
2.882537867962275158e+01,6.094294968248213706e+00
2.884538439554158273e+01,5.400667424530773530e+00
2.886539011146041744e+01,6.112905430062836487e+00
2.888539582737925215e+01,5.309834165129276862e+00
2.890540154329808686e+01,5.281344239328303658e+00
2.892540725921692157e+01,5.146288072356438370e+00
2.894541297513575273e+01,6.012292867646213068e+00
2.896541869105458744e+01,5.251373535570610152e+00
2.898542440697342215e+01,5.107984172672720646e+00
2.900543012289225686e+01,6.178546113302934017e+00
2.902543583881109157e+01,5.666803486733783757e+00
2.904544155472992273e+01,5.414836407047740607e+00
2.906544727064875744e+01,5.865917018583560072e+00
2.908545298656759215e+01,4.945822985498100621e+00
2.910545870248642686e+01,5.463501731155875341e+00
2.912546441840525802e+01,5.430887887779446643e+00
2.914547013432409273e+01,5.563162593034403969e+00
2.916547585024292744e+01,5.392949558843456614e+00
2.918548156616176215e+01,6.055546374193125914e+00
2.920548728208059686e+01,4.782716663487810216e+00
2.922549299799942801e+01,5.557477688539323779e+00
2.924549871391826272e+01,5.330363263830609988e+00
2.926550442983709743e+01,5.314174089461255690e+00
2.928551014575593214e+01,5.208636042465769833e+00
2.930551586167476685e+01,6.021538003626579538e+00
2.932552157759359801e+01,4.944826391597357151e+00
2.934552729351243272e+01,5.657107323998415538e+00
2.936553300943126743e+01,5.064624955642976545e+00
2.938553872535010214e+01,5.559438411303382566e+00
2.940554444126893330e+01,5.161878975662361313e+00
2.942555015718776801e+01,5.714219867185093449e+00
2.944555587310660272e+01,4.988187975499780435e+00
2.946556158902543743e+01,4.960688793284612430e+00
2.948556730494427214e+01,4.821473498983018580e+00
2.950557302086310330e+01,5.012500530321408299e+00
2.952557873678193801e+01,5.442096780797033517e+00
2.954558445270077272e+01,5.626783209334458746e+00
2.956559016861960743e+01,5.548339797219691505e+00
2.958559588453844214e+01,5.373055725923714832e+00
2.960560160045727329e+01,5.131117360023357499e+00
2.962560731637610800e+01,5.546712794649673484e+00
2.964561303229494271e+01,5.424600625987625158e+00
2.966561874821377742e+01,4.861187255622139602e+00
2.968562446413261213e+01,5.459157582238736595e+00
2.970563018005144329e+01,4.910658340757600548e+00
2.972563589597027800e+01,5.323892606303465946e+00
2.974564161188911271e+01,5.436887004762546383e+00
2.976564732780794742e+01,5.291313972461386683e+00
2.978565304372677858e+01,5.790857735768550008e+00
2.980565875964561329e+01,4.951361223342109597e+00
2.982566447556444800e+01,5.393581331498166875e+00
2.984567019148328271e+01,5.138425989491231860e+00
2.986567590740211742e+01,6.035174386661873669e+00
2.988568162332094857e+01,5.401951819920066455e+00
2.990568733923978328e+01,5.006284100548679561e+00
2.992569305515861799e+01,5.503810904660367598e+00
2.994569877107745270e+01,5.470898926410367125e+00
2.996570448699628741e+01,5.881876626821282095e+00
2.998571020291511857e+01,5.710863529156592122e+00
3.000571591883395328e+01,5.888195082850401718e+00
3.002572163475278799e+01,4.674750169848556069e+00
3.004572735067162270e+01,5.651859329416419442e+00
3.006573306659045386e+01,5.423296840217117776e+00
3.008573878250928857e+01,5.132440649506495589e+00
3.010574449842812328e+01,5.658198182302287549e+00
3.012575021434695799e+01,5.665342340607818272e+00
3.014575593026579270e+01,4.816689240791438564e+00
3.016576164618462386e+01,5.897085473235186726e+00
3.018576736210345857e+01,5.334484306719140534e+00
3.020577307802229328e+01,5.293610878490314420e+00
3.022577879394112799e+01,5.176761430288744137e+00
3.024578450985996270e+01,5.558122938950154079e+00
3.026579022577879385e+01,4.724433331117833035e+00
3.028579594169762856e+01,5.539093493951056324e+00
3.030580165761646327e+01,5.086771289535324314e+00
3.032580737353529798e+01,4.643289252185139659e+00
3.034581308945412914e+01,5.067580854978128713e+00
3.036581880537296385e+01,5.638551717558795140e+00
3.038582452129179856e+01,5.374086795868040056e+00
3.040583023721063327e+01,5.368430826816572576e+00
3.042583595312946798e+01,4.970696925187787940e+00
3.044584166904829914e+01,5.908654667244888969e+00
3.046584738496713385e+01,5.410363405618925370e+00
3.048585310088596856e+01,5.808689038323239906e+00
3.050585881680480327e+01,5.258242318659049452e+00
3.052586453272363798e+01,4.945501751959255010e+00
3.054587024864246914e+01,4.749024132155959421e+00
3.056587596456130385e+01,5.327622830960585532e+00
3.058588168048013856e+01,5.408920116801787081e+00
3.060588739639897327e+01,5.068248922843224591e+00
3.062589311231780798e+01,5.155046311399390291e+00
3.064589882823663913e+01,5.760744243398509212e+00
3.066590454415547384e+01,4.714090466548369385e+00
3.068591026007430855e+01,5.274219072672247322e+00
3.070591597599314326e+01,5.777647832169822806e+00
3.072592169191197442e+01,4.865596780220486473e+00
3.074592740783080913e+01,5.402500248857746712e+00
3.076593312374964384e+01,5.273378347538990596e+00
3.078593883966847855e+01,5.759677613612653957e+00
3.080594455558731326e+01,5.465384267727571022e+00
3.082595027150614442e+01,5.903177102449284064e+00
3.084595598742497913e+01,4.853963095371746306e+00
3.086596170334381384e+01,5.058961486742921565e+00
3.088596741926264855e+01,4.753068700192791596e+00
3.090597313518148326e+01,5.334985833249279885e+00
3.092597885110031442e+01,5.396434653795075143e+00
3.094598456701914913e+01,5.488217319907978897e+00
3.096599028293798384e+01,4.949195844771326236e+00
3.098599599885681855e+01,6.167089063568108820e+00
3.100600171477564970e+01,5.116974110943641740e+00
3.102600743069448441e+01,5.096684223100536926e+00
3.104601314661331912e+01,4.853525313373376449e+00
3.106601886253215383e+01,5.138372210940216789e+00
3.108602457845098854e+01,5.133620956023556836e+00
3.110603029436981970e+01,5.975178427135812598e+00
3.112603601028865441e+01,5.145196166444232944e+00
3.114604172620748912e+01,5.894431603877109183e+00
3.116604744212632383e+01,4.601051305044934203e+00
3.118605315804515854e+01,5.450411896139075729e+00
3.120605887396398970e+01,5.210480373325347969e+00
3.122606458988282441e+01,4.863710785237204348e+00
3.124607030580165912e+01,5.550192490586528749e+00
3.126607602172049383e+01,4.662719835773575738e+00
3.128608173763932498e+01,4.742310949056388836e+00
3.130608745355815969e+01,5.524555389749428613e+00
3.132609316947699440e+01,5.470360847184462472e+00
3.134609888539582911e+01,5.602058292424912267e+00
3.136610460131466382e+01,5.317497669622210488e+00
3.138611031723349498e+01,5.247822864384948716e+00
3.140611603315232969e+01,4.949661129523342140e+00
3.142612174907116440e+01,5.222750420744878497e+00
3.144612746498999911e+01,5.628003501451312118e+00
3.146613318090883382e+01,5.461445275790340226e+00
3.148613889682766498e+01,5.231847059421999901e+00
3.150614461274649969e+01,4.485571055615283242e+00
3.152615032866533440e+01,5.292788686856479075e+00
3.154615604458416911e+01,5.870376566868388934e+00
3.156616176050300382e+01,5.315835879098312233e+00
3.158616747642183498e+01,5.050928464740119139e+00
3.160617319234066969e+01,4.977879929967075512e+00
3.162617890825950440e+01,4.878945842284212020e+00
3.164618462417833911e+01,5.365726111159617062e+00
3.166619034009717026e+01,4.736695634939488642e+00
3.168619605601600497e+01,4.942424732114993446e+00
3.170620177193483968e+01,4.499999173961173327e+00
3.172620748785367439e+01,5.463016518526998766e+00
3.174621320377250910e+01,6.005354795568781157e+00
3.176621891969134026e+01,4.763281100691457937e+00
3.178622463561017497e+01,4.590614279626963778e+00
3.180623035152900968e+01,5.923798126706527611e+00
3.182623606744784439e+01,5.169065905785247494e+00
3.184624178336667910e+01,5.409535546090008751e+00
3.186624749928551026e+01,5.621823780767278400e+00
3.188625321520434497e+01,5.757894645811715506e+00
3.190625893112317968e+01,5.241738374506198284e+00
3.192626464704201439e+01,5.632781046471951214e+00
3.194627036296084555e+01,5.843154554788517530e+00
3.196627607887968026e+01,5.496700165460763010e+00
3.198628179479851497e+01,5.746521681785768720e+00
3.200628751071734968e+01,5.087813055100632198e+00
3.202629322663618439e+01,5.309994010526262187e+00
3.204629894255501199e+01,5.916848171723918526e+00
3.206630465847385381e+01,5.085599392151578968e+00
3.208631037439268141e+01,4.874832407523262745e+00
3.210631609031152323e+01,5.557717516161419624e+00
3.212632180623035083e+01,5.031467389092888709e+00
3.214632752214918554e+01,5.561842973845315896e+00
3.216633323806802025e+01,4.816779843658290261e+00
3.218633895398685496e+01,5.840934601363223955e+00
3.220634466990568967e+01,4.985721103876788796e+00
3.222635038582451728e+01,4.918357567435591271e+00
3.224635610174335909e+01,5.529860890472066082e+00
3.226636181766218670e+01,4.723799583569259219e+00
3.228636753358102851e+01,5.057207646424750180e+00
3.230637324949985612e+01,5.482253586843357951e+00
3.232637896541869083e+01,5.799291843413092451e+00
3.234638468133752554e+01,5.887438783004641074e+00
3.236639039725636025e+01,5.667726089423655189e+00
3.238639611317519496e+01,5.250519558154559618e+00
3.240640182909402967e+01,5.530188167068387450e+00
3.242640754501286438e+01,5.451032537052681981e+00
3.244641326093169198e+01,4.652801685613932925e+00
3.246641897685053380e+01,5.379799079397233896e+00
3.248642469276936140e+01,4.997732591086008647e+00
3.250643040868819611e+01,5.186754901458678013e+00
3.252643612460703082e+01,4.858566931089133512e+00
3.254644184052586553e+01,5.038780208514280545e+00
3.256644755644470024e+01,4.729075305927209705e+00
3.258645327236353495e+01,5.714650629982213736e+00
3.260645898828236966e+01,5.327716451630669425e+00
3.262646470420119726e+01,4.883820122991480162e+00
3.264647042012003908e+01,5.243912429723526003e+00
3.266647613603886668e+01,5.782916920608576206e+00
3.268648185195770850e+01,5.434477046145334000e+00
3.270648756787653610e+01,5.323207594246040841e+00
3.272649328379537081e+01,4.552025014592866015e+00
3.274649899971420552e+01,5.573796205114240010e+00
3.276650471563304023e+01,4.865055193537576983e+00
3.278651043155187494e+01,5.065088211533336882e+00
3.280651614747070255e+01,4.796128656127851997e+00
3.282652186338954436e+01,5.505139096944282606e+00
3.284652757930837197e+01,6.127581341094096246e+00
3.286653329522721378e+01,4.616415778225796629e+00
3.288653901114604139e+01,5.066043588274853349e+00
3.290654472706487610e+01,5.845921141192537362e+00
3.292655044298371081e+01,4.749336728269631713e+00
3.294655615890254552e+01,4.788305975806686376e+00
3.296656187482138023e+01,5.079113211297422659e+00
3.298656759074020783e+01,4.924574568587475554e+00
3.300657330665904965e+01,5.315627470295794410e+00
3.302657902257787725e+01,5.326311782916230975e+00
3.304658473849671907e+01,4.845064466512560841e+00
3.306659045441554667e+01,4.757542779882289352e+00
3.308659617033438138e+01,5.203051632843919805e+00
3.310660188625321609e+01,5.170464286837436418e+00
3.312660760217205080e+01,5.227198004105790829e+00
3.314661331809088551e+01,5.479137054650028205e+00
3.316661903400971312e+01,4.718321283045049164e+00
3.318662474992855493e+01,5.533691362748044185e+00
3.320663046584738254e+01,5.463650272005370567e+00
3.322663618176622435e+01,5.511825357940386638e+00
3.324664189768505196e+01,5.850902233941908115e+00
3.326664761360388667e+01,5.908144900683112155e+00
3.328665332952272138e+01,5.368108124292646721e+00
3.330665904544155609e+01,5.696026678599959148e+00
3.332666476136039080e+01,4.800268324964053868e+00
3.334667047727922551e+01,5.486864729250171990e+00
3.336667619319806022e+01,5.601641936566196023e+00
3.338668190911688782e+01,5.730091284372099025e+00
3.340668762503572964e+01,5.690724252890175805e+00
3.342669334095455724e+01,5.616763186758934268e+00
3.344669905687339195e+01,5.606644681924359830e+00
3.346670477279222666e+01,5.294499167357647806e+00
3.348671048871106137e+01,5.107565610085838870e+00
3.350671620462989608e+01,5.216932746359061568e+00
3.352672192054873079e+01,4.692464592642354049e+00
3.354672763646756550e+01,4.726030517418646326e+00
3.356673335238639311e+01,4.806354009930143611e+00
3.358673906830523492e+01,5.578302140340684723e+00
3.360674478422406253e+01,5.771698791636267423e+00
3.362675050014290434e+01,4.993619805700408421e+00
3.364675621606173195e+01,5.016811524530051969e+00
3.366676193198056666e+01,5.086623342158153704e+00
3.368676764789940137e+01,5.505942843427861000e+00
3.370677336381823608e+01,5.944044151602769332e+00
3.372677907973707079e+01,6.050036910274148916e+00
3.374678479565589839e+01,5.330427377687126267e+00
3.376679051157474021e+01,5.063857639423602564e+00
3.378679622749356781e+01,5.372082028495665185e+00
3.380680194341240963e+01,5.401452406149022778e+00
3.382680765933123723e+01,5.406024225595267296e+00
3.384681337525007194e+01,5.147143344788256414e+00
3.386681909116890665e+01,5.699961953816790050e+00
3.388682480708774136e+01,5.482163850460976207e+00
3.390683052300657607e+01,5.422499085209429026e+00
3.392683623892540368e+01,5.253750790244778202e+00
3.394684195484424549e+01,5.202985268919169570e+00
3.396684767076307310e+01,5.226350568803070473e+00
3.398685338668191491e+01,5.752026628058856339e+00
3.400685910260074252e+01,6.191235806363156513e+00
3.402686481851957723e+01,5.371218570023000183e+00
3.404687053443841194e+01,5.823455875850116925e+00
3.406687625035724665e+01,5.435773445393527581e+00
3.408688196627608136e+01,5.824398734387836285e+00
3.410688768219490896e+01,5.294767257690224049e+00
3.412689339811375078e+01,5.603243899496553659e+00
3.414689911403257838e+01,6.557669018261109706e+00
3.416690482995142020e+01,6.201476889079120980e+00
3.418691054587024780e+01,5.322431614509248732e+00
3.420691626178908251e+01,6.100581697940832271e+00
3.422692197770791722e+01,5.727071745114740153e+00
3.424692769362675193e+01,6.043290286949004830e+00
3.426693340954558664e+01,5.523479457388337011e+00
3.428693912546442135e+01,5.195903484130716343e+00
3.430694484138325606e+01,6.127840035323899315e+00
3.432695055730208367e+01,5.840661163832256975e+00
3.434695627322092548e+01,5.817631736208335624e+00
3.436696198913975309e+01,6.107348613906069090e+00
3.438696770505858780e+01,6.048360186985791032e+00
3.440697342097742251e+01,6.084908974273972149e+00
3.442697913689625722e+01,6.546778517544012743e+00
3.444698485281509193e+01,6.402731135071180191e+00
3.446699056873392664e+01,6.571375989436281984e+00
3.448699628465276135e+01,6.470260445764346002e+00
3.450700200057158895e+01,6.215028253231703381e+00
3.452700771649043077e+01,6.371519715064778211e+00
3.454701343240925837e+01,5.994802135919508501e+00
3.456701914832810019e+01,6.671323185158830604e+00
3.458702486424692779e+01,6.859946618827986065e+00
3.460703058016576250e+01,6.029943491033230352e+00
3.462703629608459721e+01,6.588978828421225842e+00
3.464704201200343192e+01,7.125127800664721178e+00
3.466704772792226663e+01,7.275452368481294840e+00
3.468705344384109424e+01,6.925094613235108554e+00
3.470705915975993605e+01,7.673340115014890550e+00
3.472706487567876366e+01,7.994333035593417236e+00
3.474707059159760547e+01,7.747715060885871807e+00
3.476707630751643308e+01,7.918016300194144819e+00
3.478708202343526779e+01,7.791655051918757735e+00
3.480708773935410250e+01,7.949570209649385433e+00
3.482709345527293721e+01,8.109617618928599114e+00
3.484709917119177192e+01,8.387051259430300831e+00
3.486710488711059952e+01,7.632616196008755516e+00
3.488711060302944134e+01,8.425599080052499801e+00
3.490711631894826894e+01,7.873677713698822522e+00
3.492712203486711076e+01,8.361420512135445904e+00
3.494712775078593836e+01,8.516865146383242546e+00
3.496713346670477307e+01,8.740742226442611340e+00
3.498713918262360778e+01,8.670249882077342818e+00
3.500714489854244249e+01,8.737953945573181613e+00
3.502715061446127720e+01,9.082220168015247452e+00
3.504715633038010481e+01,8.552445242252140645e+00
3.506716204629894662e+01,9.090171701551856387e+00
3.508716776221777423e+01,9.370685925553264184e+00
3.510717347813661604e+01,9.450768876064305601e+00
3.512717919405544365e+01,9.338626913149692399e+00
3.514718490997427836e+01,8.670771399383763622e+00
3.516719062589311307e+01,9.032737105713977144e+00
3.518719634181194778e+01,9.089251879370291221e+00
3.520720205773078249e+01,8.574231361571570176e+00
3.522720777364961720e+01,9.222333682751949979e+00
3.524721348956845191e+01,9.141150283208784089e+00
3.526721920548727951e+01,9.417213362263256116e+00
3.528722492140612133e+01,9.272104680345268690e+00
3.530723063732494893e+01,9.201747983965764988e+00
3.532723635324378364e+01,7.662507198142656684e+00
3.534724206916261835e+01,8.046424244867544928e+00
3.536724778508145306e+01,8.948362537968831631e+00
3.538725350100028777e+01,7.718162152158948075e+00
3.540725921691912248e+01,8.031831919249686536e+00
3.542726493283795719e+01,8.293951065620667862e+00
3.544727064875678479e+01,7.572154882152279498e+00
3.546727636467562661e+01,7.226375659110445326e+00
3.548728208059445421e+01,7.049013566423438348e+00
3.550728779651329603e+01,6.665202476132112253e+00
3.552729351243212363e+01,6.518331111859688498e+00
3.554729922835095834e+01,7.692357590463988259e+00
3.556730494426979305e+01,7.133179398478482369e+00
3.558731066018862776e+01,6.278190357844721348e+00
3.560731637610746247e+01,6.635363622828110763e+00
3.562732209202629008e+01,6.491977998477257650e+00
3.564732780794513189e+01,6.696884792980919876e+00
3.566733352386395950e+01,6.176266189901436832e+00
3.568733923978280131e+01,6.339524486728584485e+00
3.570734495570162892e+01,6.506061701835704980e+00
3.572735067162046363e+01,6.295628453498557597e+00
3.574735638753929834e+01,6.835507931457934561e+00
3.576736210345813305e+01,6.768821855186299530e+00
3.578736781937696776e+01,6.500515984482888143e+00
3.580737353529579536e+01,5.836704009554023465e+00
3.582737925121463718e+01,6.034326855934230238e+00
3.584738496713346478e+01,5.468158618171146124e+00
3.586739068305230660e+01,6.352192643799527971e+00
3.588739639897113420e+01,6.438170994051299445e+00
3.590740211488996891e+01,6.366323720319460477e+00
3.592740783080880362e+01,6.135368103218453939e+00
3.594741354672763833e+01,6.097765837458481109e+00
3.596741926264647304e+01,5.999610607584715538e+00
3.598742497856530065e+01,6.009971070600720111e+00
3.600743069448414246e+01,6.369782837277384147e+00
3.602743641040297007e+01,5.898076545821847816e+00
3.604744212632181188e+01,6.310983922286844461e+00
3.606744784224063949e+01,5.697948796419550987e+00
3.608745355815947420e+01,5.634234443513237878e+00
3.610745927407830891e+01,6.114533569056320061e+00
3.612746498999714362e+01,5.125459740937960973e+00
3.614747070591597833e+01,6.165636787760538695e+00
3.616747642183481304e+01,5.904715366104412944e+00
3.618748213775364775e+01,5.953212925683747159e+00
3.620748785367247535e+01,5.834509308724605603e+00
3.622749356959131717e+01,6.065143546525137097e+00
3.624749928551014477e+01,5.828108780646383380e+00
3.626750500142897948e+01,5.692875997455039361e+00
3.628751071734781419e+01,5.171820873016242714e+00
3.630751643326664890e+01,6.182534403766414499e+00
3.632752214918548361e+01,6.461806130276157134e+00
3.634752786510431832e+01,6.089830750354061628e+00
3.636753358102315303e+01,5.941951655324125170e+00
3.638753929694198064e+01,6.056174217113796665e+00
3.640754501286082245e+01,5.425585852795038910e+00
3.642755072877965006e+01,6.147796280085810139e+00
3.644755644469849187e+01,6.301354824307892954e+00
3.646756216061731948e+01,5.508224320352516301e+00
3.648756787653615419e+01,5.846053204803087766e+00
3.650757359245498890e+01,6.380044835851617080e+00
3.652757930837382361e+01,5.984925844694768848e+00
3.654758502429265832e+01,6.134616002731290152e+00
3.656759074021148592e+01,5.504352329869427685e+00
3.658759645613032774e+01,5.443895045989154191e+00
3.660760217204915534e+01,5.006128655596928212e+00
3.662760788796799716e+01,5.997249718296220777e+00
3.664761360388682476e+01,5.915706784825223608e+00
3.666761931980565947e+01,5.738563905628957684e+00
3.668762503572449418e+01,5.541712223697153661e+00
3.670763075164332889e+01,5.866867950675473509e+00
3.672763646756216360e+01,5.799145737232112019e+00
3.674764218348099121e+01,6.516126894227445732e+00
3.676764789939983302e+01,5.672071260376553070e+00
3.678765361531866063e+01,6.401659275295524587e+00
3.680765933123750244e+01,6.199644832629997993e+00
3.682766504715633005e+01,5.586712168055710137e+00
3.684767076307516476e+01,5.858706030299511980e+00
3.686767647899399947e+01,5.226094963333324017e+00
3.688768219491283418e+01,5.509452408296267478e+00
3.690768791083166889e+01,5.794992464987267056e+00
3.692769362675049649e+01,5.335425712863237635e+00
3.694769934266933831e+01,5.313845618538413973e+00
3.696770505858816591e+01,5.564816237730738635e+00
3.698771077450700773e+01,5.936409857886726371e+00
3.700771649042583533e+01,5.453638755693486218e+00
3.702772220634467004e+01,5.284652248550253617e+00
3.704772792226350475e+01,6.000793415223792948e+00
3.706773363818233946e+01,5.602654578579850053e+00
3.708773935410117417e+01,6.092218148052404914e+00
3.710774507002000888e+01,5.998564999200823422e+00
3.712775078593884359e+01,5.611052433439038367e+00
3.714775650185767120e+01,6.171639128901674098e+00
3.716776221777651301e+01,5.348893510951487684e+00
3.718776793369534062e+01,4.813117745902318667e+00
3.720777364961417533e+01,6.470013333227933927e+00
3.722777936553301004e+01,5.445862924321074772e+00
3.724778508145184475e+01,5.848398093091969230e+00
3.726779079737067946e+01,5.859938208957141015e+00
3.728779651328951417e+01,6.164763825975027700e+00
3.730780222920834888e+01,5.290934373753083619e+00
3.732780794512717648e+01,6.299299576009191881e+00
3.734781366104601830e+01,5.776572588021872789e+00
3.736781937696484590e+01,5.973341774432942231e+00
3.738782509288368772e+01,5.428455485332921882e+00
3.740783080880251532e+01,5.825646820905642898e+00
3.742783652472135003e+01,6.035549935870753835e+00
3.744784224064018474e+01,5.653511790884262922e+00
3.746784795655901945e+01,6.766868440783558647e+00
3.748785367247785416e+01,5.807047183594265860e+00
3.750785938839668177e+01,5.775618784477795309e+00
3.752786510431552358e+01,6.787599865287563539e+00
3.754787082023435119e+01,5.962889602511403098e+00
3.756787653615319300e+01,6.058857296114458890e+00
3.758788225207202061e+01,5.538744097484278761e+00
3.760788796799085532e+01,6.296434899288455789e+00
3.762789368390969003e+01,5.908355728378515082e+00
3.764789939982852474e+01,5.641464423297331443e+00
3.766790511574735945e+01,5.666894527130276416e+00
3.768791083166618705e+01,6.577258828364644039e+00
3.770791654758502887e+01,6.006421224835324146e+00
3.772792226350385647e+01,5.855782386025152775e+00
3.774792797942269829e+01,6.326428029447106027e+00
3.776793369534152589e+01,6.676101104156861865e+00
3.778793941126036060e+01,7.025601263939944552e+00
3.780794512717919531e+01,6.370438133356916666e+00
3.782795084309803002e+01,7.467284190070115457e+00
3.784795655901686473e+01,6.614788459113649211e+00
3.786796227493569234e+01,6.232182705636745368e+00
3.788796799085453415e+01,6.827546965830123327e+00
3.790797370677336176e+01,6.959982673043372259e+00
3.792797942269220357e+01,6.892303888440274307e+00
3.794798513861103118e+01,6.416350729502024564e+00
3.796799085452986589e+01,7.242417845249083719e+00
3.798799657044870060e+01,6.473360703582763165e+00
3.800800228636753531e+01,6.558599303484117904e+00
3.802800800228637002e+01,7.046778364434850062e+00
3.804801371820520473e+01,6.817969939325754680e+00
3.806801943412403944e+01,7.752413903577864751e+00
3.808802515004286704e+01,7.097023250931424165e+00
3.810803086596170886e+01,7.257830110657701006e+00
3.812803658188053646e+01,6.638617096106940174e+00
3.814804229779937117e+01,7.094148752928890467e+00
3.816804801371820588e+01,7.234196379077991068e+00
3.818805372963704059e+01,6.936294687989311925e+00
3.820805944555587530e+01,7.414497409077865697e+00
3.822806516147471001e+01,6.938929238271089872e+00
3.824807087739354472e+01,6.455036976188200271e+00
3.826807659331237232e+01,6.719404794859504371e+00
3.828808230923121414e+01,6.508258101126628503e+00
3.830808802515004174e+01,6.400822144301955063e+00
3.832809374106888356e+01,6.635291505347698404e+00
3.834809945698771116e+01,6.660805542670285462e+00
3.836810517290654587e+01,6.570096926747286403e+00
3.838811088882538058e+01,5.878880851378809780e+00
3.840811660474421529e+01,6.179111545312000686e+00
3.842812232066305000e+01,6.680571214771942934e+00
3.844812803658187761e+01,6.497148758376642519e+00
3.846813375250071942e+01,6.349938350187718683e+00
3.848813946841954703e+01,6.415893482480852228e+00
3.850814518433838884e+01,5.579786251514619266e+00
3.852815090025721645e+01,6.023538338153562322e+00
3.854815661617605116e+01,5.844956704861855812e+00
3.856816233209488587e+01,6.003314074755031093e+00
3.858816804801372058e+01,5.998463291469876779e+00
3.860817376393255529e+01,5.950930381642612232e+00
3.862817947985138289e+01,6.096508131361579430e+00
3.864818519577022471e+01,6.230721815202453939e+00
3.866819091168905231e+01,6.001807774850338895e+00
3.868819662760789413e+01,6.023810184594228012e+00
3.870820234352672173e+01,5.859730184183510104e+00
3.872820805944555644e+01,6.143266456813150533e+00
3.874821377536439115e+01,5.833131106523572029e+00
3.876821949128322586e+01,6.564254907315609344e+00
3.878822520720206057e+01,6.138888580717041243e+00
3.880823092312088818e+01,5.295355164725217278e+00
3.882823663903972999e+01,5.868138461346482870e+00
3.884824235495855760e+01,4.999722606773843836e+00
3.886824807087739941e+01,5.864518184136695567e+00
3.888825378679622702e+01,6.262571783316262852e+00
3.890825950271506173e+01,5.828364937637001475e+00
3.892826521863389644e+01,6.210910431964910217e+00
3.894827093455273115e+01,5.769367474581666322e+00
3.896827665047156586e+01,6.410657055440276864e+00
3.898828236639040057e+01,5.098855028056643590e+00
3.900828808230923528e+01,6.085086015351248712e+00
3.902829379822806288e+01,5.946716692670438675e+00
3.904829951414690470e+01,5.840648131151841227e+00
3.906830523006573230e+01,5.263381437120062678e+00
3.908831094598456701e+01,5.694280310836953518e+00
3.910831666190340172e+01,5.367732383308240429e+00
3.912832237782223643e+01,5.363671945949890052e+00
3.914832809374107114e+01,5.922583335213751354e+00
3.916833380965990585e+01,5.869345640231743211e+00
3.918833952557874056e+01,5.719950249389206931e+00
3.920834524149756817e+01,5.709473484942765964e+00
3.922835095741640998e+01,6.329582469782765841e+00
3.924835667333523759e+01,5.398636884841002015e+00
3.926836238925407940e+01,6.568726911592641216e+00
3.928836810517290701e+01,5.914371922583574914e+00
3.930837382109174172e+01,5.673030413907402369e+00
3.932837953701057643e+01,5.240492152463081865e+00
3.934838525292941114e+01,5.777735600592446730e+00
3.936839096884824585e+01,5.613914280591920658e+00
3.938839668476707345e+01,6.054455309865633517e+00
3.940840240068591527e+01,5.681182752329249297e+00
3.942840811660474287e+01,5.143636557657305985e+00
3.944841383252358469e+01,5.458205310961249168e+00
3.946841954844241229e+01,5.276063399551245148e+00
3.948842526436124700e+01,5.191376472659472441e+00
3.950843098028008171e+01,5.376053222755435179e+00
3.952843669619891642e+01,5.955540777297721355e+00
3.954844241211775113e+01,6.123947129508379383e+00
3.956844812803657874e+01,5.222756784770222538e+00
3.958845384395542055e+01,5.818782761158651340e+00
3.960845955987424816e+01,5.849735064321412104e+00
3.962846527579308997e+01,5.951361927992958378e+00
3.964847099171191758e+01,5.604267855255352870e+00
3.966847670763075229e+01,5.761354474278972404e+00
3.968848242354958700e+01,6.090283458569105690e+00
3.970848813946842171e+01,5.639597833354935474e+00
3.972849385538725642e+01,5.886223180178099312e+00
3.974849957130608402e+01,6.168141251435275585e+00
3.976850528722492584e+01,6.322087717910381599e+00
3.978851100314375344e+01,5.729259871294015483e+00
3.980851671906259526e+01,5.196834443060039277e+00
3.982852243498142286e+01,6.386211268343380709e+00
3.984852815090025757e+01,6.255055690078998865e+00
3.986853386681909228e+01,5.631904902289512016e+00
3.988853958273792699e+01,5.476983765266908222e+00
3.990854529865676170e+01,6.126634784044581394e+00
3.992855101457559641e+01,5.678970327721557965e+00
3.994855673049443112e+01,6.014826577383867168e+00
3.996856244641325873e+01,5.167965826466972779e+00
3.998856816233210054e+01,5.346334152774733894e+00
4.000857387825092815e+01,5.842429544018699517e+00
4.002857959416976286e+01,6.179882210911331164e+00
4.004858531008859757e+01,6.263594797602276998e+00
4.006859102600743228e+01,6.130770462296033507e+00
4.008859674192626699e+01,6.184619326702979869e+00
4.010860245784510170e+01,6.693461258400517089e+00
4.012860817376393641e+01,6.669867666383222371e+00
4.014861388968276401e+01,6.163593847135688364e+00
4.016861960560160583e+01,5.969958324054708498e+00
4.018862532152043343e+01,6.068736215648401711e+00
4.020863103743927525e+01,5.870136876856878239e+00
4.022863675335810285e+01,5.983790591712816465e+00
4.024864246927693756e+01,6.877048827950567045e+00
4.026864818519577227e+01,6.548536454910864890e+00
4.028865390111460698e+01,6.499919468424706359e+00
4.030865961703344169e+01,6.629350102540486844e+00
4.032866533295226930e+01,6.904326351911322490e+00
4.034867104887111111e+01,6.911778788195695356e+00
4.036867676478993872e+01,7.528542962810489847e+00
4.038868248070878053e+01,6.825634104741991948e+00
4.040868819662760814e+01,6.777155925365333289e+00
4.042869391254644285e+01,7.478636731867043252e+00
4.044869962846527756e+01,7.410064180095224273e+00
4.046870534438411227e+01,7.254014282984655893e+00
4.048871106030294698e+01,6.743258137745907099e+00
4.050871677622177458e+01,7.809869034515545039e+00
4.052872249214061640e+01,6.839734709248223687e+00
4.054872820805944400e+01,6.835931701584418541e+00
4.056873392397828582e+01,8.460647684216992204e+00
4.058873963989711342e+01,7.678187930910129744e+00
4.060874535581594813e+01,8.121553166907954591e+00
4.062875107173478284e+01,8.454469796778333546e+00
4.064875678765361755e+01,8.598429193574986584e+00
4.066876250357245226e+01,8.333598005128722619e+00
4.068876821949127986e+01,8.942928841962928033e+00
4.070877393541012168e+01,9.288201355426583206e+00
4.072877965132894929e+01,8.573981689294114972e+00
4.074878536724779110e+01,9.197813642512207011e+00
4.076879108316661871e+01,8.959401667815640735e+00
4.078879679908545342e+01,8.638348483221577112e+00
4.080880251500428813e+01,9.275651003500335889e+00
4.082880823092312284e+01,9.428577666390431489e+00
4.084881394684195755e+01,8.710778291827127262e+00
4.086881966276079226e+01,8.202611731593307809e+00
4.088882537867962697e+01,8.930464137836750638e+00
4.090883109459845457e+01,9.118103891485368706e+00
4.092883681051729639e+01,9.203744353730826333e+00
4.094884252643612399e+01,8.988436725593558663e+00
4.096884824235495870e+01,8.853575349430748531e+00
4.098885395827379341e+01,8.806458925831709195e+00
4.100885967419262812e+01,7.865218176155142515e+00
4.102886539011146283e+01,8.088200730593122501e+00
4.104887110603029754e+01,7.569591550368609312e+00
4.106887682194913225e+01,7.650842535556061641e+00
4.108888253786795985e+01,7.749052672482718229e+00
4.110888825378680167e+01,7.493144565849253702e+00
4.112889396970562927e+01,7.459289548202994169e+00
4.114889968562447109e+01,7.469513937310821916e+00
4.116890540154329869e+01,8.023269041961404113e+00
4.118891111746213340e+01,6.887750000480107104e+00
4.120891683338096811e+01,6.690303282118603256e+00
4.122892254929980282e+01,6.900962165843988139e+00
4.124892826521863753e+01,6.645977080159875428e+00
4.126893398113746514e+01,7.002335181467968184e+00
4.128893969705630695e+01,7.281443396847834038e+00
4.130894541297513456e+01,7.098026984746102386e+00
4.132895112889397637e+01,6.855956840407047892e+00
4.134895684481280398e+01,6.491598984204026479e+00
4.136896256073163869e+01,6.632750538991919242e+00
4.138896827665047340e+01,6.860486830376695266e+00
4.140897399256930811e+01,6.554432108409452340e+00
4.142897970848814282e+01,6.851557154105257119e+00
4.144898542440697042e+01,6.066915262209993998e+00
4.146899114032581224e+01,5.983080722971530818e+00
4.148899685624463984e+01,6.139372696107427529e+00
4.150900257216348166e+01,6.233580412138915783e+00
4.152900828808230926e+01,6.033618530751617470e+00
4.154901400400114397e+01,6.219189420971956039e+00
4.156901971991997868e+01,6.262601586182398705e+00
4.158902543583881339e+01,5.790032105672936247e+00
4.160903115175764810e+01,6.505622204825115773e+00
4.162903686767647571e+01,6.294381421902977891e+00
4.164904258359531752e+01,6.536821331365245236e+00
4.166904829951414513e+01,6.296201894712947222e+00
4.168905401543298694e+01,5.885802667811209865e+00
4.170905973135181455e+01,5.946164787660297435e+00
4.172906544727064926e+01,5.373091823076268980e+00
4.174907116318948397e+01,5.656232786974926263e+00
4.176907687910831868e+01,6.362995142406896676e+00
4.178908259502715339e+01,6.452273430728869386e+00
4.180908831094598810e+01,6.109841571987852049e+00
4.182909402686482281e+01,6.756416793338644311e+00
4.184909974278365041e+01,5.936565703123286575e+00
4.186910545870249223e+01,5.672259115194393075e+00
4.188911117462131983e+01,6.557128054054688349e+00
4.190911689054015454e+01,6.119967840490647681e+00
4.192912260645898925e+01,5.819925372692251742e+00
4.194912832237782396e+01,6.366897366556303339e+00
4.196913403829665867e+01,6.512007629878331372e+00
4.198913975421549338e+01,6.107475457664312657e+00
4.200914547013432809e+01,6.017307974702585938e+00
4.202915118605316280e+01,6.003372164351026719e+00
4.204915690197199041e+01,6.084220724236324429e+00
4.206916261789082512e+01,5.528866644928791985e+00
4.208916833380965983e+01,5.804566782822902837e+00
4.210917404972849454e+01,5.570816410317265266e+00
4.212917976564732925e+01,5.544153610888257866e+00
4.214918548156616396e+01,5.542707491566237543e+00
4.216919119748499867e+01,5.574037834566661687e+00
4.218919691340383338e+01,5.375393214102675898e+00
4.220920262932266809e+01,5.591712318611588906e+00
4.222920834524150280e+01,6.291521856649689326e+00
4.224921406116033040e+01,5.884172285595107965e+00
4.226921977707916511e+01,6.577595363129850270e+00
4.228922549299799982e+01,6.094727576225576371e+00
4.230923120891683453e+01,5.798357386364864752e+00
4.232923692483566924e+01,5.156949477803198789e+00
4.234924264075450395e+01,5.555449427739754142e+00
4.236924835667333866e+01,6.528550581797066599e+00
4.238925407259217337e+01,5.575406498404223754e+00
4.240925978851100808e+01,5.919954738823477669e+00
4.242926550442983569e+01,5.641395005677722452e+00
4.244927122034867040e+01,6.260563629983630918e+00
4.246927693626750511e+01,5.798750667304220840e+00
4.248928265218633982e+01,5.598595153976319239e+00
4.250928836810517453e+01,6.144181784916966649e+00
4.252929408402400924e+01,5.615388892657499298e+00
4.254929979994284395e+01,5.985339865966855299e+00
4.256930551586167866e+01,6.589489053438117416e+00
4.258931123178051337e+01,5.996282182576322839e+00
4.260931694769934097e+01,5.592765950891420701e+00
4.262932266361817568e+01,6.134845764987968408e+00
4.264932837953701039e+01,5.728108771124780674e+00
4.266933409545584510e+01,5.606772655572238584e+00
4.268933981137467981e+01,5.254723483378376692e+00
4.270934552729351452e+01,6.608340618135642330e+00
4.272935124321234923e+01,6.375926783364178618e+00
4.274935695913118394e+01,6.124790085762323422e+00
4.276936267505001865e+01,6.166916965849180698e+00
4.278936839096885336e+01,6.160946582875149957e+00
4.280937410688768097e+01,5.851284605178553200e+00
4.282937982280651568e+01,6.053237736009753789e+00
4.284938553872535039e+01,6.208298152428205263e+00
4.286939125464418510e+01,5.413980500642031402e+00
4.288939697056301981e+01,5.462414078337717527e+00
4.290940268648185452e+01,5.910675732294105700e+00
4.292940840240068923e+01,6.042838399009154315e+00
4.294941411831952394e+01,5.714154800734412731e+00
4.296941983423835865e+01,6.666582019322110142e+00
4.298942555015718625e+01,5.814616891105658603e+00
4.300943126607602096e+01,6.057451382297189824e+00
4.302943698199485567e+01,6.156246151902138308e+00
4.304944269791369038e+01,5.562777454208815087e+00
4.306944841383252509e+01,6.097420970295395648e+00
4.308945412975135980e+01,6.859579230127701877e+00
4.310945984567019451e+01,5.893659456544694919e+00
4.312946556158902922e+01,5.438276340047685231e+00
4.314947127750786393e+01,5.932690496696830351e+00
4.316947699342669864e+01,6.461910865781409719e+00
4.318948270934552625e+01,6.843479342228434348e+00
4.320948842526436096e+01,6.637237128171660672e+00
4.322949414118319567e+01,6.820759069717829526e+00
4.324949985710203038e+01,6.425721415337928732e+00
4.326950557302086509e+01,6.590310318324022809e+00
4.328951128893969980e+01,6.009882031370588962e+00
4.330951700485853451e+01,7.064139844944699931e+00
4.332952272077736922e+01,6.708769919322881137e+00
4.334952843669620393e+01,6.083622559860298651e+00
4.336953415261503153e+01,7.051819982181364743e+00
4.338953986853386624e+01,6.802981254485388263e+00
4.340954558445270095e+01,6.919600501201143672e+00
4.342955130037153566e+01,6.049584138162405367e+00
4.344955701629037037e+01,6.761514367133855785e+00
4.346956273220920508e+01,6.664948016313011259e+00
4.348956844812803979e+01,6.891831057933156757e+00
4.350957416404687450e+01,6.953260736599014891e+00
4.352957987996570921e+01,6.681920241768796842e+00
4.354958559588453681e+01,7.434915677538592504e+00
4.356959131180337153e+01,7.182317934011419602e+00
4.358959702772220624e+01,6.761126929154641196e+00
4.360960274364104095e+01,6.642898457116469757e+00
4.362960845955987566e+01,7.529102362716071362e+00
4.364961417547871037e+01,7.255363715167177929e+00
4.366961989139754508e+01,6.856343017838179676e+00
4.368962560731637979e+01,7.482526380188875947e+00
4.370963132323521450e+01,8.212960567943362378e+00
4.372963703915404921e+01,8.235522577432119462e+00
4.374964275507287681e+01,7.994013126098410638e+00
4.376964847099171152e+01,8.038674609562697526e+00
4.378965418691054623e+01,8.951234407772343360e+00
4.380965990282938094e+01,8.680096065684956841e+00
4.382966561874821565e+01,8.163458923263306133e+00
4.384967133466705036e+01,8.828107919748131138e+00
4.386967705058588507e+01,9.187333022368743940e+00
4.388968276650471978e+01,9.519943447073199394e+00
4.390968848242355449e+01,9.441024335446677185e+00
4.392969419834238209e+01,9.281906318744489681e+00
4.394969991426121680e+01,9.643767322626867866e+00
4.396970563018005151e+01,9.062978459750521409e+00
4.398971134609888622e+01,1.041083752520497185e+01
4.400971706201772093e+01,9.723441415567059209e+00
4.402972277793655564e+01,9.310014256723242454e+00
4.404972849385539035e+01,9.767644270584263211e+00
4.406973420977422506e+01,9.629113149060259502e+00
4.408973992569305977e+01,9.674074635751386708e+00
4.410974564161189448e+01,1.003065051334871072e+01
4.412975135753072209e+01,9.485536900102125912e+00
4.414975707344955680e+01,9.718377909279478644e+00
4.416976278936839151e+01,1.002787307612524970e+01
4.418976850528722622e+01,9.554057255756045919e+00
4.420977422120606093e+01,9.617876152434412518e+00
4.422977993712489564e+01,9.366657184969881200e+00
4.424978565304373035e+01,9.588502761970495669e+00
4.426979136896256506e+01,8.646079239276300399e+00
4.428979708488139977e+01,8.742351167025631753e+00
4.430980280080022737e+01,8.945416098282834128e+00
4.432980851671906208e+01,9.137619560157817844e+00
4.434981423263789679e+01,9.029505841842720315e+00
4.436981994855673150e+01,7.856270213847075468e+00
4.438982566447556621e+01,9.087240625334731092e+00
4.440983138039440092e+01,7.770083920663767074e+00
4.442983709631323563e+01,7.936137005256078680e+00
4.444984281223207034e+01,7.634426592818146062e+00
4.446984852815090505e+01,7.850126755990200600e+00
4.448985424406973266e+01,7.594023167683385367e+00
4.450985995998856737e+01,7.238974245285625386e+00
4.452986567590740208e+01,7.896771665270005514e+00
4.454987139182623679e+01,6.968116449957439507e+00
4.456987710774507150e+01,6.707162052600143198e+00
4.458988282366390621e+01,7.766901320205058745e+00
4.460988853958274092e+01,7.258917223019175857e+00
4.462989425550157563e+01,6.751151921895201191e+00
4.464989997142041034e+01,7.069027778853312682e+00
4.466990568733924505e+01,6.836307568443796612e+00
4.468991140325807265e+01,7.514033329436927033e+00
4.470991711917690736e+01,6.723516301744116852e+00
4.472992283509574207e+01,6.731431350003139968e+00
4.474992855101457678e+01,6.941902193024906964e+00
4.476993426693341149e+01,6.571802567039964238e+00
4.478993998285224620e+01,6.472429184299491212e+00
4.480994569877108091e+01,6.268998194999645612e+00
4.482995141468991562e+01,5.817756509240000540e+00
4.484995713060875033e+01,5.714033843823228764e+00
4.486996284652757794e+01,6.890669531670843284e+00
4.488996856244641265e+01,6.243504152706398358e+00
4.490997427836524736e+01,5.689155740164764552e+00
4.492997999428408207e+01,6.264968610760331735e+00
4.494998571020291678e+01,6.840092740446605646e+00
4.496999142612175149e+01,6.246823679419827968e+00
4.498999714204058620e+01,6.178665708642576249e+00
4.501000285795942091e+01,6.677381087569568052e+00
4.503000857387825562e+01,5.729121757816040272e+00
4.505001428979709033e+01,6.732175053122151809e+00
4.507002000571591793e+01,5.723531079735600713e+00
4.509002572163475264e+01,6.198260154203305561e+00
4.511003143755358735e+01,6.417883247279160486e+00
4.513003715347242206e+01,5.958485208477881656e+00
4.515004286939125677e+01,5.428318739753879463e+00
4.517004858531009148e+01,6.278541294818832164e+00
4.519005430122892619e+01,6.048869752176800674e+00
4.521006001714776090e+01,6.802810739269016693e+00
4.523006573306659561e+01,6.043735458393003412e+00
4.525007144898542322e+01,6.562758863197178272e+00
4.527007716490425793e+01,6.028604058714095437e+00
4.529008288082309264e+01,6.456153762765605819e+00
4.531008859674192735e+01,5.721399702736526649e+00
4.533009431266076206e+01,6.250555665769697455e+00
4.535010002857959677e+01,5.791658021744025220e+00
4.537010574449843148e+01,5.836159672970945067e+00
4.539011146041726619e+01,6.135063215626528788e+00
4.541011717633610090e+01,5.715785258957320814e+00
4.543012289225492850e+01,6.079116370482970488e+00
4.545012860817376321e+01,6.387853281458831134e+00
4.547013432409259792e+01,6.224730383460061134e+00
4.549014004001143263e+01,6.110013691552055093e+00
4.551014575593026734e+01,6.595434252719373447e+00
4.553015147184910205e+01,6.040867204337153851e+00
4.555015718776793676e+01,5.826062358525582852e+00
4.557016290368677147e+01,5.934468413476735371e+00
4.559016861960560618e+01,5.835932084716212387e+00
4.561017433552444089e+01,5.866783247010245006e+00
4.563018005144326850e+01,5.376847790196425336e+00
4.565018576736210321e+01,5.938236485382782703e+00
4.567019148328093792e+01,5.889186983550513510e+00
4.569019719919977263e+01,6.815046997697819187e+00
4.571020291511860734e+01,5.334081975756732596e+00
4.573020863103744205e+01,6.266988457698728254e+00
4.575021434695627676e+01,6.124455132783355182e+00
4.577022006287511147e+01,6.310958461177209600e+00
4.579022577879394618e+01,6.404381989176252787e+00
4.581023149471277378e+01,5.815535975390492496e+00
4.583023721063160849e+01,6.387470373057935191e+00
4.585024292655044320e+01,6.017107210274671658e+00
4.587024864246927791e+01,6.373357762338747179e+00
4.589025435838811262e+01,5.468653737482298105e+00
4.591026007430694733e+01,5.932043074485921608e+00
4.593026579022578204e+01,5.862376250483046114e+00
4.595027150614461675e+01,5.703498107948042239e+00
4.597027722206345146e+01,5.277030049682863044e+00
4.599028293798228617e+01,5.734355683131960646e+00
4.601028865390111378e+01,6.092989360605582050e+00
4.603029436981994849e+01,5.330010298730947227e+00
4.605030008573878320e+01,5.534276673244619360e+00
4.607030580165761791e+01,5.466997142488379424e+00
4.609031151757645262e+01,6.236171977250115184e+00
4.611031723349528733e+01,6.700004754610906943e+00
4.613032294941412204e+01,5.947830306558364200e+00
4.615032866533295675e+01,5.549026485907827322e+00
4.617033438125179146e+01,5.460389674821810146e+00
4.619034009717061906e+01,6.057631603056513825e+00
4.621034581308945377e+01,6.194701190915745670e+00
4.623035152900828848e+01,6.792515736937543736e+00
4.625035724492712319e+01,6.126667480868814408e+00
4.627036296084595790e+01,5.851500243677579149e+00
4.629036867676479261e+01,5.936540421372793475e+00
4.631037439268362732e+01,6.296955811865139196e+00
4.633038010860246203e+01,5.956267139040209102e+00
4.635038582452129674e+01,6.321144957525412167e+00
4.637039154044012434e+01,6.057731559360155060e+00
4.639039725635895905e+01,6.726264967101242220e+00
4.641040297227779376e+01,5.789107195822323249e+00
4.643040868819662847e+01,6.463812732564850450e+00
4.645041440411546319e+01,6.514013030523837067e+00
4.647042012003429790e+01,5.760724237218813215e+00
4.649042583595313261e+01,6.618220295186690194e+00
4.651043155187196732e+01,5.929990820971243082e+00
4.653043726779080203e+01,5.672256740718564672e+00
4.655044298370963674e+01,6.187323853887357394e+00
4.657044869962846434e+01,6.188491535535585619e+00
4.659045441554729905e+01,6.547387153084824440e+00
4.661046013146613376e+01,5.771177994452015625e+00
4.663046584738496847e+01,5.492759453112289414e+00
4.665047156330380318e+01,5.754736686244850574e+00
4.667047727922263789e+01,5.599435394212751937e+00
4.669048299514147260e+01,6.238883479008492827e+00
4.671048871106030731e+01,5.876335295414222060e+00
4.673049442697914202e+01,6.546720490972653295e+00
4.675050014289796962e+01,6.459697134327800683e+00
4.677050585881680433e+01,6.924985872069727932e+00
4.679051157473563904e+01,6.705631272509046781e+00
4.681051729065447375e+01,6.408901733108967491e+00
4.683052300657330846e+01,6.894477831926586475e+00
4.685052872249214317e+01,7.023346195669380343e+00
4.687053443841097788e+01,6.137969356848353542e+00
4.689054015432981259e+01,5.875628604347900463e+00
4.691054587024864730e+01,5.624920272386436437e+00
4.693055158616748201e+01,6.236240560712186465e+00
4.695055730208630962e+01,7.137005389689210055e+00
4.697056301800514433e+01,5.979914806329510668e+00
4.699056873392397904e+01,6.422374332894531967e+00
4.701057444984281375e+01,6.658059707729037768e+00
4.703058016576164846e+01,5.705789223894565332e+00
4.705058588168048317e+01,7.145154698335838717e+00
4.707059159759931788e+01,6.230293902114342863e+00
4.709059731351815259e+01,6.742023768589133326e+00
4.711060302943698730e+01,7.235030039856223283e+00
4.713060874535581490e+01,7.004592334766446271e+00
4.715061446127464961e+01,6.797768239476347674e+00
4.717062017719348432e+01,6.920510338192888966e+00
4.719062589311231903e+01,6.940994373683489371e+00
4.721063160903115374e+01,7.029066339509536299e+00
4.723063732494998845e+01,6.863860048828795968e+00
4.725064304086882316e+01,6.304295672817705309e+00
4.727064875678765787e+01,7.009128758857855246e+00
4.729065447270649258e+01,7.449964966535283395e+00
4.731066018862532019e+01,6.487363326191442070e+00
4.733066590454415490e+01,7.755696259593470643e+00
4.735067162046298961e+01,7.455395137932343097e+00
4.737067733638182432e+01,7.882619020303510027e+00
4.739068305230065903e+01,7.518529735087399857e+00
4.741068876821949374e+01,6.780608103655284324e+00
4.743069448413832845e+01,7.827554205641372498e+00
4.745070020005716316e+01,8.221346231915125813e+00
4.747070591597599787e+01,8.100173919031847802e+00
4.749071163189483258e+01,8.339311614515537485e+00
4.751071734781366018e+01,7.998628274061417187e+00
4.753072306373249489e+01,8.002406865095366584e+00
4.755072877965132960e+01,8.451638172145440109e+00
4.757073449557016431e+01,8.730984252885123809e+00
4.759074021148899902e+01,8.869097159507447259e+00
4.761074592740783373e+01,8.490038935137256715e+00
4.763075164332666844e+01,9.294245334385280444e+00
4.765075735924550315e+01,9.197549113719187375e+00
4.767076307516433786e+01,9.790290777012005563e+00
4.769076879108316547e+01,8.972588241954841948e+00
4.771077450700200018e+01,8.755678770793048571e+00
4.773078022292083489e+01,9.460932630982812341e+00
4.775078593883966960e+01,9.633167481835817725e+00
4.777079165475850431e+01,1.004541952568112784e+01
4.779079737067733902e+01,1.062008415841805409e+01
4.781080308659617373e+01,1.054852139397190847e+01
4.783080880251500844e+01,1.150905791733938344e+01
4.785081451843384315e+01,1.207795023926592926e+01
4.787082023435267075e+01,1.261176177549569388e+01
4.789082595027150546e+01,1.236716203358743371e+01
4.791083166619034017e+01,1.323683179725774117e+01
4.793083738210917488e+01,1.358581704459710338e+01
4.795084309802800959e+01,1.353470328599322414e+01
4.797084881394684430e+01,1.443218436694814599e+01
4.799085452986567901e+01,1.566010738528612478e+01
4.801086024578451372e+01,1.491064997951905902e+01
4.803086596170334843e+01,1.579329250954611652e+01
4.805087167762218314e+01,1.716336249606652231e+01
4.807087739354101075e+01,1.724566904256927558e+01
4.809088310945984546e+01,1.766559017851145086e+01
4.811088882537868017e+01,1.856516765439327088e+01
4.813089454129751488e+01,1.944457522416898243e+01
4.815090025721634959e+01,2.049470661158117935e+01
4.817090597313518430e+01,2.079164195170739049e+01
4.819091168905401901e+01,2.087893612707970803e+01
4.821091740497285372e+01,2.177718964371755561e+01
4.823092312089168843e+01,2.346426610870790697e+01
4.825092883681051603e+01,2.351331538602499904e+01
4.827093455272935074e+01,2.328351076976764489e+01
4.829094026864818545e+01,2.399879460671495579e+01
4.831094598456702016e+01,2.363289096304541204e+01
4.833095170048585487e+01,2.465705559189835583e+01
4.835095741640468958e+01,2.472594298822859571e+01
4.837096313232352429e+01,2.390696976946488306e+01
4.839096884824235900e+01,2.399803327612416837e+01
4.841097456416119371e+01,2.371160689677181921e+01
4.843098028008002842e+01,2.345840944134801731e+01
4.845098599599885603e+01,2.297872224843226263e+01
4.847099171191769074e+01,2.329116451231982410e+01
4.849099742783652545e+01,2.245629955085325236e+01
4.851100314375536016e+01,2.140349930059206685e+01
4.853100885967419487e+01,2.128889086843146572e+01
4.855101457559302958e+01,2.026819002963660665e+01
4.857102029151186429e+01,2.019559489544128184e+01
4.859102600743069900e+01,1.897418788507591358e+01
4.861103172334953371e+01,1.827113589289036355e+01
4.863103743926836131e+01,1.852466567904296468e+01
4.865104315518719602e+01,1.769881440867644073e+01
4.867104887110603073e+01,1.685526291412235622e+01
4.869105458702486544e+01,1.582305769442390186e+01
4.871106030294370015e+01,1.564022149643517778e+01
4.873106601886253486e+01,1.550428435870259491e+01
4.875107173478136957e+01,1.474273571309906217e+01
4.877107745070020428e+01,1.408910294398082641e+01
4.879108316661903899e+01,1.347838093532794268e+01
4.881108888253786660e+01,1.360136405612843902e+01
4.883109459845670131e+01,1.259046156252780335e+01
4.885110031437553602e+01,1.218822518320469328e+01
4.887110603029437073e+01,1.203308351437842205e+01
4.889111174621320544e+01,1.208268278607479118e+01
4.891111746213204015e+01,1.145969606705807742e+01
4.893112317805087486e+01,1.220869538365173312e+01
4.895112889396970957e+01,1.141382181772166682e+01
4.897113460988854428e+01,1.085930022678120821e+01
4.899114032580737899e+01,9.837222235401803516e+00
4.901114604172620659e+01,1.043414290825662150e+01
4.903115175764504130e+01,1.065981022662005628e+01
4.905115747356387601e+01,9.607559373310206041e+00
4.907116318948271072e+01,9.611188535379184827e+00
4.909116890540154543e+01,9.035408491365211958e+00
4.911117462132038014e+01,9.479340410980775289e+00
4.913118033723921485e+01,8.731343212375870522e+00
4.915118605315804956e+01,8.398208445108618747e+00
4.917119176907688427e+01,8.764320370416744055e+00
4.919119748499571187e+01,8.617397202334009521e+00
4.921120320091454658e+01,8.458605183889870816e+00
4.923120891683338129e+01,8.185460509941041352e+00
4.925121463275221600e+01,8.752510226075852273e+00
4.927122034867105071e+01,8.213961665309483351e+00
4.929122606458988542e+01,8.463942519683801180e+00
4.931123178050872014e+01,7.813090852468457470e+00
4.933123749642755485e+01,7.547763179100932973e+00
4.935124321234638956e+01,8.071037250352363301e+00
4.937124892826522427e+01,7.600131885904759521e+00
4.939125464418405187e+01,7.769449233942845368e+00
4.941126036010288658e+01,7.749451777639457362e+00
4.943126607602172129e+01,8.028190452564409441e+00
4.945127179194055600e+01,7.446295152247327742e+00
4.947127750785939071e+01,7.213568471976117280e+00
4.949128322377822542e+01,8.115516055572189913e+00
4.951128893969706013e+01,7.532450218518015106e+00
4.953129465561589484e+01,7.908002856763989286e+00
4.955130037153472955e+01,7.344244111936951036e+00
4.957130608745355715e+01,6.954429374930164443e+00
4.959131180337239186e+01,6.570074767229936441e+00
4.961131751929122657e+01,7.548170869686201989e+00
4.963132323521006128e+01,7.092014434782393906e+00
4.965132895112889599e+01,6.703142565207662606e+00
4.967133466704773070e+01,5.998556623084548178e+00
4.969134038296656541e+01,6.240337768948467811e+00
4.971134609888540012e+01,6.047488437157404917e+00
4.973135181480423483e+01,6.251290614714292815e+00
4.975135753072306244e+01,6.953674743097169042e+00
4.977136324664189715e+01,6.670590609082658773e+00
4.979136896256073186e+01,5.983235745970953090e+00
4.981137467847956657e+01,6.902423418722945847e+00
4.983138039439840128e+01,7.185910103378708058e+00
4.985138611031723599e+01,6.951383988481657283e+00
4.987139182623607070e+01,6.722988157517896468e+00
4.989139754215490541e+01,5.895021669339287840e+00
4.991140325807374012e+01,6.743506417037689715e+00
4.993140897399257483e+01,6.105743674159327838e+00
4.995141468991140243e+01,5.935292221111984290e+00
4.997142040583023714e+01,5.832014678519883866e+00
4.999142612174907185e+01,6.398358974159355839e+00
5.001143183766790656e+01,5.798477977425844365e+00
5.003143755358674127e+01,6.132638671847649547e+00
5.005144326950557598e+01,6.299963123912054819e+00
5.007144898542441069e+01,6.379786910144632728e+00
5.009145470134324540e+01,6.988629162733083433e+00
5.011146041726208011e+01,6.117647912837203883e+00
5.013146613318090772e+01,5.757677240537233843e+00
5.015147184909974243e+01,6.557440107539388663e+00
5.017147756501857714e+01,6.641701887977530916e+00
5.019148328093741185e+01,5.708815863270508828e+00
5.021148899685624656e+01,5.569944405179011682e+00
5.023149471277508127e+01,5.825137943433847276e+00
5.025150042869391598e+01,6.006658018265119026e+00
5.027150614461275069e+01,5.728365848439739949e+00
5.029151186053158540e+01,6.063015923180166133e+00
5.031151757645042011e+01,6.105324860290308742e+00
5.033152329236924771e+01,6.714843754167418410e+00
5.035152900828808242e+01,5.580781515898090461e+00
5.037153472420691713e+01,5.644187202739651354e+00
5.039154044012575184e+01,6.005166330174223965e+00
5.041154615604458655e+01,6.467174475271724177e+00
5.043155187196342126e+01,6.025976183605722625e+00
5.045155758788225597e+01,6.026693916146143692e+00
5.047156330380109068e+01,5.561696342741926813e+00
5.049156901971992539e+01,6.343845830377895290e+00
5.051157473563875300e+01,5.988088917351907625e+00
5.053158045155758771e+01,6.853241556871197737e+00
5.055158616747642242e+01,6.075780463241052587e+00
5.057159188339525713e+01,6.126389605041325126e+00
5.059159759931409184e+01,6.543972165720679079e+00
5.061160331523292655e+01,5.542740167005426599e+00
5.063160903115176126e+01,6.052521858079767725e+00
5.065161474707059597e+01,6.048454418586453940e+00
5.067162046298943068e+01,6.246718066811755676e+00
5.069162617890825828e+01,6.013793425050275587e+00
5.071163189482709299e+01,6.013033748639713849e+00
5.073163761074592770e+01,6.215773042828507400e+00
5.075164332666476241e+01,5.556535134817400134e+00
5.077164904258359712e+01,6.706067475974146319e+00
5.079165475850243183e+01,6.503633732530627043e+00
5.081166047442126654e+01,6.497325328165517888e+00
5.083166619034010125e+01,6.415717419343540229e+00
5.085167190625893596e+01,5.841727132289607383e+00
5.087167762217777067e+01,5.903840358908931663e+00
5.089168333809659828e+01,6.717348598582834285e+00
5.091168905401543299e+01,5.648860081748543038e+00
5.093169476993426770e+01,6.699707938233514071e+00
5.095170048585310241e+01,6.188677475909363679e+00
5.097170620177193712e+01,5.495804730578361941e+00
5.099171191769077183e+01,6.046297448362148330e+00
5.101171763360960654e+01,6.136334587352973102e+00
5.103172334952844125e+01,6.187441424264493506e+00
5.105172906544727596e+01,5.157278764147468664e+00
5.107173478136610356e+01,6.025895197755197330e+00
5.109174049728493827e+01,5.721514733178969081e+00
5.111174621320377298e+01,6.218431943826537633e+00
5.113175192912260769e+01,5.538397714237852654e+00
5.115175764504144240e+01,5.775775073674383364e+00
5.117176336096027711e+01,5.550363438472283306e+00
5.119176907687911182e+01,5.225272621946714935e+00
5.121177479279794653e+01,6.012615823095625700e+00
5.123178050871678124e+01,6.238113930868575352e+00
5.125178622463561595e+01,6.173113213747927652e+00
5.127179194055444356e+01,6.172605665527077790e+00
5.129179765647327827e+01,5.500444790272235096e+00
5.131180337239211298e+01,6.121347598701429860e+00
5.133180908831094769e+01,6.242641906986033717e+00
5.135181480422978240e+01,5.584796820318102206e+00
5.137182052014861711e+01,6.040323392818905290e+00
5.139182623606745182e+01,5.961706321964254762e+00
5.141183195198628653e+01,6.256273165648637224e+00
5.143183766790512124e+01,5.544607337185422757e+00
5.145184338382394884e+01,6.335257293186786320e+00
5.147184909974278355e+01,6.214221309222619283e+00
5.149185481566161826e+01,6.214809887079685957e+00
5.151186053158045297e+01,6.361428145788160293e+00
5.153186624749928768e+01,5.900692330979561362e+00
5.155187196341812239e+01,6.135638115364232092e+00
5.157187767933695710e+01,5.255128849133400948e+00
5.159188339525579181e+01,5.582223071175986817e+00
5.161188911117462652e+01,6.267465394114031696e+00
5.163189482709345413e+01,5.798606040376906634e+00
5.165190054301228884e+01,6.204890354182497347e+00
5.167190625893112355e+01,5.952865062247065353e+00
5.169191197484995826e+01,5.269865730916942326e+00
5.171191769076879297e+01,5.961128761339148596e+00
5.173192340668762768e+01,6.142242668340596623e+00
5.175192912260646239e+01,6.272489243664658431e+00
5.177193483852529710e+01,6.396177468135782362e+00
5.179194055444413181e+01,6.585897652325360063e+00
5.181194627036296652e+01,5.128514036395998232e+00
5.183195198628179412e+01,6.200442311035732068e+00
5.185195770220062883e+01,6.190493247172765834e+00
5.187196341811946354e+01,6.246596543325343198e+00
5.189196913403829825e+01,5.938691427745650842e+00
5.191197484995713296e+01,6.597138615948490603e+00
5.193198056587596767e+01,5.675596191668798696e+00
5.195198628179480238e+01,6.157481415114078871e+00
5.197199199771363709e+01,6.395683759950737013e+00
5.199199771363247180e+01,5.975195949740603751e+00
5.201200342955129940e+01,6.174004108624243869e+00
5.203200914547013411e+01,5.786165069540166073e+00
5.205201486138896882e+01,6.134227608811817944e+00
5.207202057730780353e+01,5.595527181120106164e+00
5.209202629322663824e+01,5.954173232262144566e+00
5.211203200914547295e+01,5.567452003492339152e+00
5.213203772506430766e+01,6.148203592404945184e+00
5.215204344098314237e+01,6.864838605564551166e+00
5.217204915690197708e+01,6.151403050984747267e+00
5.219205487282081180e+01,5.901020666045980079e+00
5.221206058873963940e+01,6.071812350531654801e+00
5.223206630465847411e+01,6.741811079316031297e+00
5.225207202057730882e+01,6.358550956899922113e+00
5.227207773649614353e+01,5.922194927945902521e+00
5.229208345241497824e+01,6.673998425575581983e+00
5.231208916833381295e+01,6.578834035427670202e+00
5.233209488425264766e+01,7.082164708112070883e+00
5.235210060017148237e+01,6.796285172818896214e+00
5.237210631609031708e+01,5.689154818463299179e+00
5.239211203200914468e+01,5.916249721494835967e+00
5.241211774792797939e+01,6.597411741256393292e+00
5.243212346384681410e+01,6.771611868114147725e+00
5.245212917976564881e+01,7.044527155240176697e+00
5.247213489568448352e+01,7.454257515043947180e+00
5.249214061160331823e+01,6.708252600143742583e+00
5.251214632752215294e+01,6.556662487620416258e+00
5.253215204344098765e+01,7.509252715553008883e+00
5.255215775935982236e+01,6.692662982635422253e+00
5.257216347527864997e+01,6.692828195740248454e+00
5.259216919119748468e+01,6.920649205499039169e+00
5.261217490711631939e+01,7.177619955633099735e+00
5.263218062303515410e+01,8.137592607196534544e+00
5.265218633895398881e+01,6.824538425854951740e+00
5.267219205487282352e+01,6.614710832835955401e+00
5.269219777079165823e+01,8.074722138841462282e+00
5.271220348671049294e+01,7.299516497882596155e+00
5.273220920262932765e+01,6.907635401353438453e+00
5.275221491854816236e+01,8.503092973286538125e+00
5.277222063446698996e+01,7.805356874192228567e+00
5.279222635038582467e+01,7.942498555733802590e+00
5.281223206630465938e+01,7.626504555243608152e+00
5.283223778222349409e+01,7.877984799329475152e+00
5.285224349814232880e+01,8.682283144987330559e+00
5.287224921406116351e+01,7.228466952567554671e+00
5.289225492997999822e+01,8.237165182906068139e+00
5.291226064589883293e+01,8.538622190094981690e+00
5.293226636181766764e+01,7.757623954219602602e+00
5.295227207773649525e+01,8.392663541762626522e+00
5.297227779365532996e+01,7.940068788372965258e+00
5.299228350957416467e+01,7.350206252930229667e+00
5.301228922549299938e+01,8.041142573654539660e+00
5.303229494141183409e+01,7.392960334459576899e+00
5.305230065733066880e+01,7.371086771328991816e+00
5.307230637324950351e+01,7.841607786423445248e+00
5.309231208916833822e+01,7.997411106083523791e+00
5.311231780508717293e+01,8.196651596323789590e+00
5.313232352100600764e+01,7.108978134770101320e+00
5.315232923692483524e+01,6.818423376822204673e+00
5.317233495284366995e+01,7.630249660891244901e+00
5.319234066876250466e+01,8.171030745434592291e+00
5.321234638468133937e+01,6.997413147421748469e+00
5.323235210060017408e+01,7.737117600384609162e+00
5.325235781651900879e+01,7.048678492538567042e+00
5.327236353243784350e+01,7.918283275778177810e+00
5.329236924835667821e+01,6.698325943204052280e+00
5.331237496427551292e+01,7.255843672911534092e+00
5.333238068019434053e+01,6.431764053644965173e+00
5.335238639611317524e+01,8.128226771599976530e+00
5.337239211203200995e+01,7.120847517052796505e+00
5.339239782795084466e+01,7.289882619038070999e+00
5.341240354386967937e+01,6.493123361083961598e+00
5.343240925978851408e+01,6.822441464264819011e+00
5.345241497570734879e+01,7.112238270556947128e+00
5.347242069162618350e+01,6.477750125051453978e+00
5.349242640754501821e+01,7.641257793843751145e+00
5.351243212346384581e+01,7.691056750041725287e+00
5.353243783938268052e+01,6.736621494290252699e+00
5.355244355530151523e+01,7.065734681613636603e+00
5.357244927122034994e+01,6.552200786564567281e+00
5.359245498713918465e+01,6.651923368352556487e+00
5.361246070305801936e+01,6.866728567370939729e+00
5.363246641897685407e+01,6.162141343548745098e+00
5.365247213489568878e+01,6.770205842086597592e+00
5.367247785081452349e+01,6.934105509267102896e+00
5.369248356673335820e+01,6.456214726992627106e+00
5.371248928265218581e+01,7.039367440862395853e+00
5.373249499857102052e+01,6.462377658132778535e+00
5.375250071448985523e+01,5.868297237540139655e+00
5.377250643040868994e+01,7.225164013175488620e+00
5.379251214632752465e+01,6.077856721941115481e+00
5.381251786224635936e+01,6.970533313728926927e+00
5.383252357816519407e+01,6.468773343897595396e+00
5.385252929408402878e+01,6.155978023292703938e+00
5.387253501000286349e+01,5.889882684422161674e+00
5.389254072592169109e+01,6.144834589622107046e+00
5.391254644184052580e+01,6.567819716303456623e+00
5.393255215775936051e+01,6.612718173201607819e+00
5.395255787367819522e+01,6.079856043692592138e+00
5.397256358959702993e+01,6.104205005560303654e+00
5.399256930551586464e+01,6.068823257132681448e+00
5.401257502143469935e+01,6.232022194028676410e+00
5.403258073735353406e+01,5.953783006752212614e+00
5.405258645327236877e+01,6.728631590026148857e+00
5.407259216919120348e+01,6.230784781350376278e+00
5.409259788511003109e+01,6.037963703059286757e+00
5.411260360102886580e+01,6.384692517398351974e+00
5.413260931694770051e+01,5.974136268958457840e+00
5.415261503286653522e+01,6.203836456117008957e+00
5.417262074878536993e+01,5.771198690048183977e+00
5.419262646470420464e+01,6.215401985825604214e+00
5.421263218062303935e+01,6.281878528344989832e+00
5.423263789654187406e+01,6.916486976838815082e+00
5.425264361246070877e+01,6.860431972606281015e+00
5.427264932837953637e+01,5.742639796283283360e+00
5.429265504429837108e+01,6.444841202645370970e+00
5.431266076021720579e+01,5.971262391153048910e+00
5.433266647613604050e+01,6.051932176441573219e+00
5.435267219205487521e+01,6.046548550638201291e+00
5.437267790797370992e+01,6.416133507233015010e+00
5.439268362389254463e+01,5.891639486015536775e+00
5.441268933981137934e+01,6.324741556609194681e+00
5.443269505573021405e+01,6.383507112755804513e+00
5.445270077164904166e+01,6.357038215432364581e+00
5.447270648756787637e+01,6.583353101919780848e+00
5.449271220348671108e+01,6.157492625369028971e+00
5.451271791940554579e+01,6.328049264552227271e+00
5.453272363532438050e+01,6.306189766120692042e+00
5.455272935124321521e+01,5.652978266719191680e+00
5.457273506716204992e+01,6.082913899015583326e+00
5.459274078308088463e+01,6.444399217573173466e+00
5.461274649899971934e+01,6.320495442010944487e+00
5.463275221491855405e+01,6.193675384422395069e+00
5.465275793083738165e+01,5.744649965261992008e+00
5.467276364675621636e+01,6.780976987884208107e+00
5.469276936267505107e+01,6.092864161021973146e+00
5.471277507859388578e+01,5.632533381330331324e+00
5.473278079451272049e+01,6.723973335265259088e+00
5.475278651043155520e+01,6.299273635691768902e+00
5.477279222635038991e+01,6.243693510123851098e+00
5.479279794226922462e+01,5.669468143481996236e+00
5.481280365818805933e+01,5.644092261362233742e+00
5.483280937410688693e+01,5.850061772649299385e+00
5.485281509002572164e+01,7.048434550672789456e+00
5.487282080594455635e+01,5.748017003802939229e+00
5.489282652186339106e+01,6.269109585852713273e+00
5.491283223778222577e+01,6.292136653594047502e+00
5.493283795370106048e+01,6.677654620086633130e+00
5.495284366961989519e+01,6.680953978293644013e+00
5.497284938553872990e+01,6.439850279003350053e+00
5.499285510145756461e+01,5.709732323696664835e+00
5.501286081737639222e+01,6.181847182126817941e+00
5.503286653329522693e+01,5.708477856085142577e+00
5.505287224921406164e+01,5.855924571408120727e+00
5.507287796513289635e+01,6.645509823819184980e+00
5.509288368105173106e+01,6.960502654270205092e+00
5.511288939697056577e+01,6.294426070237390647e+00
5.513289511288940048e+01,6.401116621757580560e+00
5.515290082880823519e+01,6.318752087130413031e+00
5.517290654472706990e+01,6.128497381255607834e+00
5.519291226064590461e+01,6.746470512779862538e+00
5.521291797656473221e+01,5.843806745957179416e+00
5.523292369248356692e+01,6.418845280873409997e+00
5.525292940840240163e+01,5.810390690420822679e+00
5.527293512432123634e+01,6.205407879288003414e+00
5.529294084024007105e+01,5.908224316733461379e+00
5.531294655615890576e+01,5.479277587935345473e+00
5.533295227207774047e+01,6.368344757918501742e+00
5.535295798799657518e+01,6.858678969990160468e+00
5.537296370391540989e+01,6.431423514177179612e+00
5.539296941983423750e+01,6.671046413084360971e+00
5.541297513575307221e+01,6.528939290575264565e+00
5.543298085167190692e+01,6.380227985513412747e+00
5.545298656759074163e+01,5.895659668998272096e+00
5.547299228350957634e+01,6.114097592479390997e+00
5.549299799942841105e+01,6.147189736637390212e+00
5.551300371534724576e+01,5.849256656100457974e+00
5.553300943126608047e+01,6.108607821524172365e+00
5.555301514718491518e+01,6.839294916194416984e+00
5.557302086310374989e+01,6.505086422245966560e+00
5.559302657902257749e+01,6.597875007714502971e+00
5.561303229494141220e+01,5.309566655460686846e+00
5.563303801086024691e+01,6.592819423364013609e+00
5.565304372677908162e+01,6.326516298140233197e+00
5.567304944269791633e+01,5.969064626898754611e+00
5.569305515861675104e+01,5.976161557633025367e+00
5.571306087453558575e+01,6.163958492895677210e+00
5.573306659045442046e+01,5.849393337346828758e+00
5.575307230637325517e+01,6.583842276302556584e+00
5.577307802229208278e+01,5.923215583988418409e+00
5.579308373821091749e+01,6.346232324083512566e+00
5.581308945412975220e+01,6.405034987012753867e+00
5.583309517004858691e+01,6.483227602959238389e+00
5.585310088596742162e+01,6.450843866456515308e+00
5.587310660188625633e+01,5.470902149370515666e+00
5.589311231780509104e+01,5.876157916775473389e+00
5.591311803372392575e+01,5.502088834398387363e+00
5.593312374964276046e+01,5.593352753447693004e+00
5.595312946556158806e+01,5.695391812061316728e+00
5.597313518148042277e+01,5.681163893191155445e+00
5.599314089739925748e+01,5.957506782190177930e+00
5.601314661331809219e+01,5.875830751313367628e+00
5.603315232923692690e+01,6.294418011631672805e+00
5.605315804515576161e+01,6.680231185919523362e+00
5.607316376107459632e+01,5.509518834084643046e+00
5.609316947699343103e+01,5.536136872423148780e+00
5.611317519291226574e+01,5.651896847666909807e+00
5.613318090883110045e+01,5.776826407073277103e+00
5.615318662474992806e+01,5.936343153191494082e+00
5.617319234066876277e+01,6.866194019060131382e+00
5.619319805658759748e+01,5.475882480871890223e+00
5.621320377250643219e+01,6.434560395678081690e+00
5.623320948842526690e+01,6.222202278237928930e+00
5.625321520434410161e+01,6.477311963878312540e+00
5.627322092026293632e+01,6.180454175876855416e+00
5.629322663618177103e+01,5.727754345513322853e+00
5.631323235210060574e+01,6.143675615163461501e+00
5.633323806801943334e+01,5.958212896883197551e+00
5.635324378393826805e+01,5.778706998143888107e+00
5.637324949985710276e+01,6.012472174169340988e+00
5.639325521577593747e+01,6.781829785327747828e+00
5.641326093169477218e+01,6.489947767980188686e+00
5.643326664761360689e+01,6.959744368300368578e+00
5.645327236353244160e+01,5.968488024963768623e+00
5.647327807945127631e+01,5.795733724838198597e+00
5.649328379537011102e+01,6.676816148637486847e+00
5.651328951128894573e+01,5.526682952164377660e+00
5.653329522720777334e+01,5.685052692970577581e+00
5.655330094312660805e+01,6.067111515655485121e+00
5.657330665904544276e+01,6.465029734760724622e+00
5.659331237496427747e+01,6.231229125610855846e+00
5.661331809088311218e+01,6.274799261672653117e+00
5.663332380680194689e+01,6.709058414527134140e+00
5.665332952272078160e+01,6.563674421002989590e+00
5.667333523863961631e+01,7.046080424101970330e+00
5.669334095455845102e+01,6.133463562683119541e+00
5.671334667047727862e+01,6.649143784302415483e+00
5.673335238639611333e+01,6.657495202317710081e+00
5.675335810231494804e+01,6.571772829114991055e+00
5.677336381823378275e+01,6.122018063448957825e+00
5.679336953415261746e+01,6.238395424588501825e+00
5.681337525007145217e+01,6.550440162343456052e+00
5.683338096599028688e+01,6.939952583606707748e+00
5.685338668190912159e+01,6.286603557439347512e+00
5.687339239782795630e+01,6.441214016989482261e+00
5.689339811374678391e+01,6.464524651013359602e+00
5.691340382966561862e+01,6.448706848858657636e+00
5.693340954558445333e+01,7.352806231941748649e+00
5.695341526150328804e+01,6.486169996222701961e+00
5.697342097742212275e+01,7.267582135643089636e+00
5.699342669334095746e+01,7.111263925668739105e+00
5.701343240925979217e+01,7.184000549671475611e+00
5.703343812517862688e+01,7.646793425691817525e+00
5.705344384109746159e+01,6.556131130336588342e+00
5.707344955701629630e+01,7.380762452344889368e+00
5.709345527293512390e+01,7.676694621754552195e+00
5.711346098885395861e+01,8.342734573938788145e+00
5.713346670477279332e+01,7.493010681192246558e+00
5.715347242069162803e+01,7.577934709221615606e+00
5.717347813661046274e+01,8.408250652640578693e+00
5.719348385252929745e+01,8.649522141233081385e+00
5.721348956844813216e+01,8.054050619260173960e+00
5.723349528436696687e+01,7.737358248109266867e+00
5.725350100028580158e+01,8.552908455315819225e+00
5.727350671620462919e+01,8.666552889080829658e+00
5.729351243212346390e+01,9.195673436660142031e+00
5.731351814804229861e+01,8.539221339336974026e+00
5.733352386396113332e+01,9.020573687614756864e+00
5.735352957987996803e+01,9.038337141732188940e+00
5.737353529579880274e+01,9.630271676239699374e+00
5.739354101171763745e+01,1.008010505881254915e+01
5.741354672763647216e+01,9.886105309099608718e+00
5.743355244355530687e+01,1.043886795890112751e+01
5.745355815947414158e+01,1.114347794356536525e+01
5.747356387539296918e+01,1.113071340641181095e+01
5.749356959131180389e+01,1.080756374542075449e+01
5.751357530723063860e+01,1.134654767101792316e+01
5.753358102314947331e+01,1.152542268413004578e+01
5.755358673906830802e+01,1.148335139920374459e+01
5.757359245498714273e+01,1.190978063696281808e+01
5.759359817090597744e+01,1.262192781051701118e+01
5.761360388682481215e+01,1.222578096484062726e+01
5.763360960274364686e+01,1.218472723183242579e+01
5.765361531866247446e+01,1.314995259800693006e+01
5.767362103458130917e+01,1.295085250298936508e+01
5.769362675050014388e+01,1.225185525981757451e+01
5.771363246641897859e+01,1.284943174909660257e+01
5.773363818233781330e+01,1.205378895693466035e+01
5.775364389825664801e+01,1.233971448612983224e+01
5.777364961417548272e+01,1.296353460218752218e+01
5.779365533009431743e+01,1.305568437062953180e+01
5.781366104601315214e+01,1.215942827845342400e+01
5.783366676193197975e+01,1.240135550625879723e+01
5.785367247785081446e+01,1.176205944517193736e+01
5.787367819376964917e+01,1.113591193704744065e+01
5.789368390968848388e+01,1.183470581430554347e+01
5.791368962560731859e+01,1.148530964890664130e+01
5.793369534152615330e+01,1.095023865982175515e+01
5.795370105744498801e+01,1.050046964822863771e+01
5.797370677336382272e+01,1.107761963172031727e+01
5.799371248928265743e+01,9.879198972607092344e+00
5.801371820520149214e+01,1.016529057843172623e+01
5.803372392112031974e+01,9.266438744275408368e+00
5.805372963703915445e+01,9.491714602626515784e+00
5.807373535295798916e+01,8.649325403943123547e+00
5.809374106887682387e+01,1.012913713232441282e+01
5.811374678479565858e+01,9.140796621143593370e+00
5.813375250071449329e+01,8.841281696109136945e+00
5.815375821663332800e+01,9.049619696768253618e+00
5.817376393255216271e+01,8.481492303911513986e+00
5.819376964847099742e+01,8.171252907843005175e+00
5.821377536438982503e+01,7.917270297559195313e+00
5.823378108030865974e+01,7.911329898606595634e+00
5.825378679622749445e+01,8.113219538768760231e+00
5.827379251214632916e+01,8.244768277340163820e+00
5.829379822806516387e+01,8.503498972773721576e+00
5.831380394398399858e+01,7.242375889127925959e+00
5.833380965990283329e+01,6.736420788329629872e+00
5.835381537582166800e+01,7.790343950197955891e+00
5.837382109174050271e+01,7.156624239853648817e+00
5.839382680765933742e+01,7.193339027093365701e+00
5.841383252357816502e+01,6.867828531266237491e+00
5.843383823949699973e+01,7.871033672588242602e+00
5.845384395541583444e+01,6.962440537786568129e+00
5.847384967133466915e+01,6.291907784181592689e+00
5.849385538725350386e+01,6.849019330812497586e+00
5.851386110317233857e+01,6.956514296954789955e+00
5.853386681909117328e+01,7.152943506561836529e+00
5.855387253501000799e+01,6.395477368858989209e+00
5.857387825092884270e+01,7.328340202523271785e+00
5.859388396684767031e+01,6.209339341931864986e+00
5.861388968276650502e+01,7.375983214474596039e+00
5.863389539868533973e+01,6.044481976306082416e+00
5.865390111460417444e+01,6.752216181503365888e+00
5.867390683052300915e+01,6.549986915398053888e+00
5.869391254644184386e+01,6.032851153222155816e+00
5.871391826236067857e+01,6.946689475488277310e+00
5.873392397827951328e+01,7.078800562596085477e+00
5.875392969419834799e+01,6.528227461085331029e+00
5.877393541011717559e+01,6.097507214153750965e+00
5.879394112603601030e+01,7.215542131988886609e+00
5.881394684195484501e+01,5.999296211323462913e+00
5.883395255787367972e+01,5.703745155235818487e+00
5.885395827379251443e+01,6.963468744713548375e+00
5.887396398971134914e+01,6.264330260325360555e+00
5.889396970563018385e+01,6.455076409335626764e+00
5.891397542154901856e+01,5.782659326257486576e+00
5.893398113746785327e+01,6.963552499436515220e+00
5.895398685338668798e+01,6.176418939641055594e+00
5.897399256930551559e+01,6.912445947210493102e+00
5.899399828522435030e+01,6.505694364517811579e+00
5.901400400114318501e+01,6.174976149649040735e+00
5.903400971706201972e+01,6.244846123404254712e+00
5.905401543298085443e+01,5.730027919008334081e+00
5.907402114889968914e+01,6.355010903238968112e+00
5.909402686481852385e+01,5.568670176301422359e+00
5.911403258073735856e+01,5.784153401143980133e+00
5.913403829665619327e+01,6.066662576353593295e+00
5.915404401257502087e+01,6.518144425396543262e+00
5.917404972849385558e+01,5.645226908940768951e+00
5.919405544441269029e+01,6.489494980975461402e+00
5.921406116033152500e+01,6.886981055563225596e+00
5.923406687625035971e+01,5.864084649664776272e+00
5.925407259216919442e+01,6.362413355017433325e+00
5.927407830808802913e+01,6.544408267995400763e+00
5.929408402400686384e+01,6.549958247814524626e+00
5.931408973992569855e+01,6.586849624595417119e+00
5.933409545584453326e+01,5.446353483845845389e+00
5.935410117176336087e+01,6.712636545251784881e+00
5.937410688768219558e+01,5.722746115658495114e+00
5.939411260360103029e+01,5.682503706732915383e+00
5.941411831951986500e+01,5.465941445607192861e+00
5.943412403543869971e+01,5.901164170807552622e+00
5.945412975135753442e+01,5.853465565175666185e+00
5.947413546727636913e+01,5.885719333084022509e+00
5.949414118319520384e+01,6.061207870888097204e+00
5.951414689911403855e+01,6.025593390300686636e+00
5.953415261503286615e+01,5.961415162680663293e+00
5.955415833095170086e+01,5.923784110829647176e+00
5.957416404687053557e+01,6.028269397114662809e+00
5.959416976278937028e+01,5.857187642288104179e+00
5.961417547870820499e+01,5.935220966381002050e+00
5.963418119462703970e+01,5.322662788532225520e+00
5.965418691054587441e+01,6.133979369804190895e+00
5.967419262646470912e+01,6.211320312040575331e+00
5.969419834238354383e+01,6.036767245746071708e+00
5.971420405830237144e+01,5.341303771190528238e+00
5.973420977422120615e+01,6.238958919075027865e+00
5.975421549014004086e+01,6.244253419154512486e+00
5.977422120605887557e+01,6.052634700374550647e+00
5.979422692197771028e+01,5.897973298937564834e+00
5.981423263789654499e+01,6.030124381955672241e+00
5.983423835381537970e+01,5.434335727468782018e+00
5.985424406973421441e+01,5.386051091477837005e+00
5.987424978565304912e+01,5.614439397831495704e+00
5.989425550157188383e+01,6.507993082897566950e+00
5.991426121749071143e+01,5.469783388896219734e+00
5.993426693340954614e+01,5.818168773156147111e+00
5.995427264932838085e+01,5.672349981969736277e+00
5.997427836524721556e+01,5.297077537229638367e+00
5.999428408116605027e+01,6.195015315561092528e+00
6.001428979708488498e+01,6.196825698667494109e+00
6.003429551300371969e+01,6.199735934931819514e+00
6.005430122892255440e+01,5.447221395835242674e+00
6.007430694484138911e+01,6.127758477712585972e+00
6.009431266076021672e+01,5.549231373134242418e+00
6.011431837667905143e+01,6.301069103730640109e+00
6.013432409259788614e+01,5.778233678856230071e+00
6.015432980851672085e+01,6.122557265876729105e+00
6.017433552443555556e+01,5.615766749693263726e+00
6.019434124035439027e+01,5.517341473368096771e+00
6.021434695627322498e+01,5.664072014750706430e+00
6.023435267219205969e+01,5.804185206463742475e+00
6.025435838811089440e+01,5.500711997335486991e+00
6.027436410402972911e+01,6.590523759414558924e+00
6.029436981994855671e+01,6.147387303514520340e+00
6.031437553586739142e+01,6.341336044610633493e+00
6.033438125178622613e+01,5.518696568480447873e+00
6.035438696770506084e+01,6.609448644057666300e+00
6.037439268362389555e+01,6.469228803066479294e+00
6.039439839954273026e+01,5.969138541907655693e+00
6.041440411546156497e+01,6.766912595179250367e+00
6.043440983138039968e+01,6.331103979581158114e+00
6.045441554729923439e+01,5.520348230002882772e+00
6.047442126321806199e+01,6.044483646077328132e+00
6.049442697913689670e+01,6.116912378978431875e+00
6.051443269505573141e+01,6.102150380967373167e+00
6.053443841097456612e+01,5.538292695871422033e+00
6.055444412689340083e+01,5.564272753203756139e+00
6.057444984281223554e+01,6.180765868483383940e+00
6.059445555873107025e+01,5.143703678421466918e+00
6.061446127464990496e+01,5.694179893049167163e+00
6.063446699056873967e+01,5.791075434920677445e+00
6.065447270648756728e+01,5.836963668419024032e+00
6.067447842240640199e+01,6.289901233618770959e+00
6.069448413832523670e+01,6.106942093325269383e+00
6.071448985424407141e+01,5.951346712674175699e+00
6.073449557016290612e+01,6.374217686600101906e+00
6.075450128608174083e+01,5.823327108441988642e+00
6.077450700200057554e+01,6.708651384554745967e+00
6.079451271791941025e+01,5.429507330416035948e+00
6.081451843383824496e+01,5.966889013629550931e+00
6.083452414975707967e+01,5.616951170445016572e+00
6.085452986567590727e+01,6.319491168501709666e+00
6.087453558159474198e+01,5.751645200436458438e+00
6.089454129751357669e+01,6.772898671952427563e+00
6.091454701343241140e+01,6.582137317384682440e+00
6.093455272935124611e+01,6.011015810733652209e+00
6.095455844527008082e+01,5.667062715168513343e+00
6.097456416118891553e+01,6.349201288814048993e+00
6.099456987710775024e+01,6.081082602792897696e+00
6.101457559302658495e+01,5.896539731260213912e+00
6.103458130894541256e+01,5.529926444197298174e+00
6.105458702486424727e+01,5.896375786019025789e+00
6.107459274078308198e+01,5.236553879139918877e+00
6.109459845670191669e+01,5.628487562953724321e+00
6.111460417262075140e+01,6.248038329687263470e+00
6.113460988853958611e+01,5.942144068829142256e+00
6.115461560445842082e+01,5.689241133856779875e+00
6.117462132037725553e+01,5.683102459598133649e+00
6.119462703629609024e+01,6.428429869722386059e+00
6.121463275221492495e+01,6.026534448809442779e+00
6.123463846813375255e+01,5.560004744429654977e+00
6.125464418405258726e+01,5.693541561229756631e+00
6.127464989997142197e+01,6.641219544599141322e+00
6.129465561589025668e+01,5.946449485290154158e+00
6.131466133180909139e+01,5.516052764229669947e+00
6.133466704772792610e+01,5.553758560071345940e+00
6.135467276364676081e+01,5.178058224660214037e+00
6.137467847956559552e+01,5.880836988378755237e+00
6.139468419548443023e+01,6.670741674054859516e+00
6.141468991140325784e+01,6.067785800992373524e+00
6.143469562732209255e+01,5.754614965259213122e+00
6.145470134324092726e+01,6.334764444785595749e+00
6.147470705915976197e+01,6.167565994873386970e+00
6.149471277507859668e+01,5.265051244270489761e+00
6.151471849099743139e+01,5.760387935234620116e+00
6.153472420691626610e+01,5.937669337688634030e+00
6.155472992283510081e+01,6.162384780079614544e+00
6.157473563875393552e+01,5.394081844678846771e+00
6.159474135467276312e+01,6.142800357746224904e+00
6.161474707059159783e+01,6.735161939543065301e+00
6.163475278651043254e+01,6.282591162826010489e+00
6.165475850242926725e+01,5.882073800214552506e+00
6.167476421834810196e+01,5.656711656348158535e+00
6.169476993426693667e+01,5.619073387644679229e+00
6.171477565018577138e+01,5.884744927431578176e+00
6.173478136610460609e+01,5.864467841481364019e+00
6.175478708202344080e+01,6.309009809800076418e+00
6.177479279794227551e+01,6.018226308465596475e+00
6.179479851386110312e+01,6.477326113911258787e+00
6.181480422977993783e+01,5.713905450526391760e+00
6.183480994569877254e+01,5.640030704411069351e+00
6.185481566161760725e+01,6.203612208498606506e+00
6.187482137753644196e+01,5.249747317501192612e+00
6.189482709345527667e+01,6.542614554461646748e+00
6.191483280937411138e+01,5.999210157198196391e+00
6.193483852529294609e+01,5.840193484103616939e+00
6.195484424121178080e+01,6.050014274283608273e+00
6.197484995713060840e+01,6.766384993145780236e+00
6.199485567304944311e+01,5.672792552468150618e+00
6.201486138896827782e+01,6.090389322171102293e+00
6.203486710488711253e+01,5.738422322603974557e+00
6.205487282080594724e+01,6.284460851266839398e+00
6.207487853672478195e+01,6.453871438544165784e+00
6.209488425264361666e+01,6.693528944421911930e+00
6.211488996856245137e+01,6.617476033070907704e+00
6.213489568448128608e+01,6.338502329596154894e+00
6.215490140040011369e+01,6.661790463164132703e+00
6.217490711631894840e+01,6.300656516875803526e+00
6.219491283223778311e+01,5.688410665257089605e+00
6.221491854815661782e+01,6.733254651440805816e+00
6.223492426407545253e+01,5.810374025500667727e+00
6.225492997999428724e+01,5.451874400900536877e+00
6.227493569591312195e+01,5.481891801011064658e+00
6.229494141183195666e+01,5.900830392376192890e+00
6.231494712775079137e+01,6.266192563438366392e+00
6.233495284366962608e+01,5.320486930198073949e+00
6.235495855958845368e+01,6.301948879028243411e+00
6.237496427550728839e+01,5.497959362172347042e+00
6.239496999142612310e+01,6.050024593595979994e+00
6.241497570734495781e+01,6.259067244715486922e+00
6.243498142326379252e+01,6.720750493393246927e+00
6.245498713918262723e+01,5.630351328595539329e+00
6.247499285510146194e+01,6.389249752041101793e+00
6.249499857102029665e+01,5.776311208026307042e+00
6.251500428693913136e+01,6.246634742152568975e+00
6.253501000285795897e+01,6.970654569217330732e+00
6.255501571877679368e+01,5.993101357779668348e+00
6.257502143469562839e+01,5.947449518829419191e+00
6.259502715061446310e+01,6.904870193790585198e+00
6.261503286653329781e+01,6.101996047370353615e+00
6.263503858245213252e+01,6.245156483487513732e+00
6.265504429837096723e+01,5.860251628878793362e+00
6.267505001428980194e+01,6.511689835491038636e+00
6.269505573020863665e+01,6.048400631924566895e+00
6.271506144612747136e+01,6.163867271961386507e+00
6.273506716204629896e+01,6.213596668497212150e+00
6.275507287796513367e+01,6.237477621385034254e+00
6.277507859388396838e+01,6.214507055301664806e+00
6.279508430980280309e+01,6.282957751388640766e+00
6.281509002572163780e+01,6.548073398333947637e+00
6.283509574164047251e+01,6.697036240692042952e+00
6.285510145755930722e+01,6.544609823525502357e+00
6.287510717347814193e+01,6.811692208148828698e+00
6.289511288939697664e+01,7.248790747092920483e+00
6.291511860531580425e+01,7.319471101421507697e+00
6.293512432123463896e+01,7.233152347436273999e+00
6.295513003715347367e+01,7.449046786436564815e+00
6.297513575307230838e+01,7.547112395324392153e+00
6.299514146899114309e+01,7.328172356789316666e+00
6.301514718490997780e+01,7.052932199600156160e+00
6.303515290082881251e+01,7.004202796962214705e+00
6.305515861674764722e+01,7.170834826725395850e+00
6.307516433266648193e+01,7.626710664678666873e+00
6.309517004858530953e+01,7.630588965397313572e+00
6.311517576450414424e+01,7.893649626823838972e+00
6.313518148042297895e+01,7.987550617664468611e+00
6.315518719634181366e+01,7.438143460919016903e+00
6.317519291226064837e+01,8.174570125579798230e+00
6.319519862817948308e+01,7.270378187384579860e+00
6.321520434409831779e+01,6.995993044048248066e+00
6.323521006001715250e+01,8.239278079487805329e+00
6.325521577593598721e+01,7.783030067385006134e+00
6.327522149185482192e+01,7.246555216703636226e+00
6.329522720777364952e+01,8.229663048143848414e+00
6.331523292369248423e+01,7.493675840881371286e+00
6.333523863961131894e+01,7.010400411970701740e+00
6.335524435553015365e+01,7.285916962413319098e+00
6.337525007144898836e+01,7.481646992021865117e+00
6.339525578736782307e+01,7.621089750013277708e+00
6.341526150328665778e+01,7.201918315661382408e+00
6.343526721920549249e+01,8.222863118392286452e+00
6.345527293512432720e+01,7.535883739634471112e+00
6.347527865104315481e+01,7.084841087510923785e+00
6.349528436696198952e+01,7.291329218567012660e+00
6.351529008288082423e+01,7.052899235229684649e+00
6.353529579879965894e+01,7.462117407882976394e+00
6.355530151471849365e+01,6.537480044078873398e+00
6.357530723063732836e+01,7.134895235522741075e+00
6.359531294655616307e+01,6.670402023821916160e+00
6.361531866247499778e+01,7.057604231426575225e+00
6.363532437839383249e+01,7.046377605786469545e+00
6.365533009431266720e+01,7.493394092844622989e+00
6.367533581023149480e+01,7.084051985379497651e+00
6.369534152615032951e+01,6.349041442832422888e+00
6.371534724206916422e+01,7.177821965201712118e+00
6.373535295798799893e+01,7.055617685430259911e+00
6.375535867390683364e+01,7.130156825157563105e+00
6.377536438982566835e+01,6.526471569404962203e+00
6.379537010574450306e+01,5.884922841462906007e+00
6.381537582166333777e+01,6.935973259915593658e+00
6.383538153758217248e+01,6.585754367161186451e+00
6.385538725350100009e+01,6.148193109490255992e+00
6.387539296941983480e+01,7.250235053504196614e+00
6.389539868533866951e+01,6.756298806903078713e+00
6.391540440125750422e+01,6.814233416095678564e+00
6.393541011717633893e+01,6.658114240637059922e+00
6.395541583309517364e+01,6.943300292402022400e+00
6.397542154901400835e+01,6.609122950465024182e+00
6.399542726493284306e+01,6.580233981056194281e+00
6.401543298085167066e+01,5.752599920445887527e+00
6.403543869677051248e+01,7.006615113334319744e+00
6.405544441268934008e+01,6.286631062315311880e+00
6.407545012860816769e+01,6.464667149633374521e+00
6.409545584452700950e+01,5.848293257248427857e+00
6.411546156044585132e+01,6.342524696990170519e+00
6.413546727636467892e+01,7.205251247345874965e+00
6.415547299228350653e+01,5.889291206948168877e+00
6.417547870820234834e+01,5.940741995206854753e+00
6.419548442412119016e+01,7.394290747163509536e+00
6.421549014004001776e+01,6.578009784420993711e+00
6.423549585595884537e+01,6.911540028664777680e+00
6.425550157187768718e+01,6.613190376111632851e+00
6.427550728779651479e+01,7.219593711019191673e+00
6.429551300371534239e+01,6.960039468530295537e+00
6.431551871963418421e+01,6.868456072769631326e+00
6.433552443555302602e+01,6.893248837838900300e+00
6.435553015147185363e+01,7.260269871738312730e+00
6.437553586739068123e+01,7.160847013814920281e+00
6.439554158330952305e+01,7.222192916935136431e+00
6.441554729922835065e+01,6.963453523915548615e+00
6.443555301514717826e+01,6.426598709912960672e+00
6.445555873106602007e+01,6.580206005251804768e+00
6.447556444698486189e+01,6.595755990917746558e+00
6.449557016290368949e+01,7.383628127762333904e+00
6.451557587882251710e+01,7.231607229619553934e+00
6.453558159474135891e+01,7.084551494763058344e+00
6.455558731066020073e+01,7.837642695550297134e+00
6.457559302657902833e+01,6.808571587951860238e+00
6.459559874249785594e+01,7.057254097436624463e+00
6.461560445841669775e+01,7.651036650369776204e+00
6.463561017433552536e+01,7.349206082603952694e+00
6.465561589025435296e+01,7.871871363982084091e+00
6.467562160617319478e+01,7.584409046068646632e+00
6.469562732209203659e+01,7.374043660662056077e+00
6.471563303801086420e+01,8.071489039280306699e+00
6.473563875392969180e+01,7.626629612982329220e+00
6.475564446984853362e+01,8.484132526236505711e+00
6.477565018576737543e+01,8.121926061005652286e+00
6.479565590168618883e+01,9.115715382085060270e+00
6.481566161760503064e+01,8.394887827825552762e+00
6.483566733352387246e+01,8.670913509399735375e+00
6.485567304944270006e+01,9.213536776631592318e+00
6.487567876536152767e+01,9.034806053071028131e+00
6.489568448128036948e+01,9.891003094973346066e+00
6.491569019719921130e+01,9.239304938668404077e+00
6.493569591311803890e+01,9.751938485201995022e+00
6.495570162903686651e+01,9.964921050684694137e+00
6.497570734495570832e+01,1.029058074589916316e+01
6.499571306087453593e+01,1.027807422621564371e+01
6.501571877679336353e+01,1.033674921247798295e+01
6.503572449271220535e+01,1.013719626315470101e+01
6.505573020863104716e+01,1.112682412309468560e+01
6.507573592454987477e+01,1.090081596958560262e+01
6.509574164046870237e+01,1.070296634133714164e+01
6.511574735638754419e+01,1.125094314308573118e+01
6.513575307230638600e+01,1.172342924532753727e+01
6.515575878822521361e+01,1.159310537538007857e+01
6.517576450414404121e+01,1.157418428467737215e+01
6.519577022006288303e+01,1.246683495613127235e+01
6.521577593598171063e+01,1.238433804500722779e+01
6.523578165190053824e+01,1.310936753446721781e+01
6.525578736781938005e+01,1.266398623416431768e+01
6.527579308373822187e+01,1.320463163441664278e+01
6.529579879965704947e+01,1.278864408931346475e+01
6.531580451557587708e+01,1.381974785742897893e+01
6.533581023149471889e+01,1.374989025350553362e+01
6.535581594741354650e+01,1.405324690406706445e+01
6.537582166333237410e+01,1.352667770490787369e+01
6.539582737925121592e+01,1.444491533903695313e+01
6.541583309517005773e+01,1.445980851024672376e+01
6.543583881108888534e+01,1.466298222669349016e+01
6.545584452700771294e+01,1.500141455495661447e+01
6.547585024292655476e+01,1.566558186699466759e+01
6.549585595884539657e+01,1.466896920069360277e+01
6.551586167476422418e+01,1.524098622477928799e+01
6.553586739068305178e+01,1.571906436582589706e+01
6.555587310660189360e+01,1.536946870679821231e+01
6.557587882252072120e+01,1.622651332628108634e+01
6.559588453843954881e+01,1.592240491436590055e+01
6.561589025435839062e+01,1.594675979368754959e+01
6.563589597027723244e+01,1.617379146541827950e+01
6.565590168619606004e+01,1.587899647183045637e+01
6.567590740211488765e+01,1.611043819819724732e+01
6.569591311803372946e+01,1.628509635369993092e+01
6.571591883395257128e+01,1.701282181296045692e+01
6.573592454987138467e+01,1.563490455504846111e+01
6.575593026579022649e+01,1.617523516709139031e+01
6.577593598170906830e+01,1.549212314313943040e+01
6.579594169762789591e+01,1.627486001601566556e+01
6.581594741354672351e+01,1.445213279053174560e+01
6.583595312946556533e+01,1.534313859721868845e+01
6.585595884538440714e+01,1.513191673541335192e+01
6.587596456130323475e+01,1.433348516793358129e+01
6.589597027722206235e+01,1.443456570837087050e+01
6.591597599314090417e+01,1.395620375713100891e+01
6.593598170905973177e+01,1.395556159153364995e+01
6.595598742497855937e+01,1.395213081979333758e+01
6.597599314089740119e+01,1.366516762091370296e+01
6.599599885681624301e+01,1.268453879199227785e+01
6.601600457273507061e+01,1.275430085848615747e+01
6.603601028865389821e+01,1.233323684577563562e+01
6.605601600457274003e+01,1.277141542847516931e+01
6.607602172049158185e+01,1.227832898125598859e+01
6.609602743641040945e+01,1.226787391861306276e+01
6.611603315232923705e+01,1.109176886779039428e+01
6.613603886824807887e+01,1.077094328077681418e+01
6.615604458416690647e+01,1.118319843667384639e+01
6.617605030008573408e+01,1.135450886770560075e+01
6.619605601600457589e+01,1.127356479532891953e+01
6.621606173192341771e+01,1.079772212993059632e+01
6.623606744784224531e+01,1.056470276316488999e+01
6.625607316376107292e+01,9.567659822539690495e+00
6.627607887967991473e+01,9.987539968964030734e+00
6.629608459559874234e+01,9.811585117457653382e+00
6.631609031151756994e+01,9.654630596133527476e+00
6.633609602743641176e+01,9.823363056874022448e+00
6.635610174335525357e+01,9.742498842128791026e+00
6.637610745927408118e+01,8.590427394384207105e+00
6.639611317519290878e+01,9.103175596165936412e+00
6.641611889111175060e+01,8.589364073272387046e+00
6.643612460703059241e+01,8.854713964759358902e+00
6.645613032294942002e+01,8.110676090439943309e+00
6.647613603886824762e+01,7.774011290368354032e+00
6.649614175478708944e+01,8.487137433170394374e+00
6.651614747070591704e+01,8.093755854569455011e+00
6.653615318662474465e+01,7.727136961698281681e+00
6.655615890254358646e+01,7.216790679464335057e+00
6.657616461846242828e+01,7.509226466484051343e+00
6.659617033438125588e+01,8.611252296731851885e+00
6.661617605030008349e+01,7.783713302552760283e+00
6.663618176621892530e+01,8.169342516229926687e+00
6.665618748213776712e+01,7.286398838277470702e+00
6.667619319805658051e+01,7.498684188143409202e+00
6.669619891397542233e+01,7.698131990723741325e+00
6.671620462989426414e+01,6.968480111424046441e+00
6.673621034581309175e+01,6.603770803119801691e+00
6.675621606173191935e+01,7.515488484046182194e+00
6.677622177765076117e+01,7.459677735109373486e+00
6.679622749356960298e+01,6.864639685579481565e+00
6.681623320948843059e+01,6.643020989210269178e+00
6.683623892540725819e+01,6.462411676395857896e+00
6.685624464132610001e+01,7.137611484674236451e+00
6.687625035724492761e+01,7.030067036312914297e+00
6.689625607316375522e+01,7.320577203891092566e+00
6.691626178908259703e+01,6.516338460112427455e+00
6.693626750500143885e+01,6.648779971336521655e+00
6.695627322092026645e+01,7.013537312908120214e+00
6.697627893683909406e+01,6.250706619663810137e+00
6.699628465275793587e+01,6.765387587501290767e+00
6.701629036867677769e+01,6.222067756093185409e+00
6.703629608459560529e+01,6.284554436280481937e+00
6.705630180051443290e+01,6.500635306874647412e+00
6.707630751643327471e+01,7.115038575937141729e+00
6.709631323235210232e+01,7.036290262273166007e+00
6.711631894827092992e+01,6.188373272773132427e+00
6.713632466418977174e+01,7.090095758978915974e+00
6.715633038010861355e+01,6.721935556514196719e+00
6.717633609602744116e+01,6.653561952976529525e+00
6.719634181194626876e+01,5.857141687517644968e+00
6.721634752786511058e+01,6.359004458267953908e+00
6.723635324378393818e+01,6.690143992339212531e+00
6.725635895970276579e+01,6.293991557870201703e+00
6.727636467562160760e+01,6.484695483726289567e+00
6.729637039154044942e+01,6.207854267187321362e+00
6.731637610745927702e+01,6.162670421710705781e+00
6.733638182337810463e+01,6.236793235127618296e+00
6.735638753929694644e+01,7.163259961444627066e+00
6.737639325521578826e+01,6.256914380568137091e+00
6.739639897113461586e+01,6.763791556097922708e+00
6.741640468705344347e+01,6.079821810157204354e+00
6.743641040297228528e+01,5.953867056945609804e+00
6.745641611889111289e+01,6.507886097479387288e+00
6.747642183480994049e+01,6.043378267755576516e+00
6.749642755072878231e+01,5.635359832829188953e+00
6.751643326664762412e+01,6.013764413029969447e+00
6.753643898256645173e+01,5.944647609012372769e+00
6.755644469848527933e+01,6.758263130250554696e+00
6.757645041440412115e+01,6.759155976888153283e+00
6.759645613032296296e+01,6.867457898258391147e+00
6.761646184624177636e+01,6.762066713420489705e+00
6.763646756216061817e+01,6.014757860580690618e+00
6.765647327807945999e+01,6.408105781606800555e+00
6.767647899399828759e+01,5.565043818134235210e+00
6.769648470991711520e+01,6.854149101808486577e+00
6.771649042583595701e+01,5.258153210619491702e+00
6.773649614175479883e+01,6.496024522691167036e+00
6.775650185767362643e+01,5.913646047305908482e+00
6.777650757359245404e+01,6.271709786491843630e+00
6.779651328951129585e+01,5.180353939156445264e+00
6.781651900543012346e+01,6.480156659400321928e+00
6.783652472134895106e+01,5.695096698534642954e+00
6.785653043726779288e+01,5.734526768437557820e+00
6.787653615318663469e+01,5.918822612275238093e+00
6.789654186910546230e+01,6.108103630134888107e+00
6.791654758502428990e+01,5.224433714440348986e+00
6.793655330094313172e+01,6.133844206204201122e+00
6.795655901686197353e+01,6.831492616615305380e+00
6.797656473278080114e+01,6.351373638294255386e+00
6.799657044869962874e+01,5.155476636484433328e+00
6.801657616461847056e+01,6.248528276724334418e+00
6.803658188053729816e+01,6.173314093497019428e+00
6.805658759645612577e+01,6.189449082782093825e+00
6.807659331237496758e+01,6.661691613849412441e+00
6.809659902829380940e+01,5.934067536233456508e+00
6.811660474421263700e+01,6.390488176942396237e+00
6.813661046013146461e+01,6.188938710773664198e+00
6.815661617605030642e+01,5.761935156401822411e+00
6.817662189196913403e+01,6.160877557362308465e+00
6.819662760788796163e+01,6.202039345771579448e+00
6.821663332380680345e+01,6.031990748599104002e+00
6.823663903972564526e+01,6.720124104310380986e+00
6.825664475564447287e+01,5.163666584354014155e+00
6.827665047156330047e+01,6.507596053242535206e+00
6.829665618748214229e+01,6.086698245521755979e+00
6.831666190340098410e+01,6.568194457688022680e+00
6.833666761931981171e+01,5.830612395128460079e+00
6.835667333523863931e+01,5.908802774685140591e+00
6.837667905115748113e+01,6.583066257832156154e+00
6.839668476707630873e+01,5.334574117641121660e+00
6.841669048299513634e+01,5.801677473041428001e+00
6.843669619891397815e+01,6.509947159674165817e+00
6.845670191483281997e+01,5.547543682078140748e+00
6.847670763075164757e+01,5.612498575506014831e+00
6.849671334667047518e+01,5.954525834315489874e+00
6.851671906258931699e+01,6.151360163210775944e+00
6.853672477850815881e+01,5.948552607383005508e+00
6.855673049442697220e+01,5.233096760400389513e+00
6.857673621034581402e+01,6.400944177765085286e+00
6.859674192626465583e+01,5.802315724189996970e+00
6.861674764218348344e+01,5.774623159609447498e+00
6.863675335810231104e+01,5.559723141151802217e+00
6.865675907402115286e+01,5.709802685581209403e+00
6.867676478993999467e+01,6.003719081981074623e+00
6.869677050585882228e+01,5.976057851550738320e+00
6.871677622177764988e+01,5.042575695557315996e+00
6.873678193769649170e+01,6.507617919817761276e+00
6.875678765361531930e+01,5.437349942883313858e+00
6.877679336953414690e+01,5.824241355334746295e+00
6.879679908545298872e+01,5.579825847021876228e+00
6.881680480137183054e+01,6.005956782655585968e+00
6.883681051729065814e+01,6.250366782586249670e+00
6.885681623320948574e+01,6.394519575072516560e+00
6.887682194912832756e+01,6.400581783318544993e+00
6.889682766504716938e+01,5.752410832766740256e+00
6.891683338096599698e+01,5.992173152955542648e+00
6.893683909688482458e+01,5.617252208842461236e+00
6.895684481280366640e+01,5.685338813335598651e+00
6.897685052872249400e+01,6.158018687792912615e+00
6.899685624464132161e+01,5.910473766278290242e+00
6.901686196056016342e+01,5.408336837347595960e+00
6.903686767647900524e+01,5.438995428813379718e+00
6.905687339239783284e+01,6.455876383197598045e+00
6.907687910831666045e+01,6.445616110814610167e+00
6.909688482423550226e+01,5.795525033234729229e+00
6.911689054015432987e+01,6.149982201411559046e+00
6.913689625607315747e+01,6.206609151939535884e+00
6.915690197199199929e+01,6.421526811695383863e+00
6.917690768791084110e+01,5.737349501029200383e+00
6.919691340382966871e+01,5.748304790765237371e+00
6.921691911974849631e+01,6.067145904498872255e+00
6.923692483566733813e+01,6.598006495182664466e+00
6.925693055158617994e+01,6.513469400495690564e+00
6.927693626750500755e+01,5.913976779237163584e+00
6.929694198342383515e+01,4.980319940735836504e+00
6.931694769934267697e+01,5.906478348884801832e+00
6.933695341526150457e+01,5.883688330990155535e+00
6.935695913118033218e+01,5.909004243472146811e+00
6.937696484709917399e+01,5.472157723545618246e+00
6.939697056301801581e+01,6.155811366545133723e+00
6.941697627893684341e+01,5.920751132496999247e+00
6.943698199485567102e+01,5.700669737967047013e+00
6.945698771077451283e+01,5.983202376850668358e+00
6.947699342669335465e+01,6.271439699648921007e+00
6.949699914261216804e+01,6.167840036476722076e+00
6.951700485853100986e+01,6.348250780079917277e+00
6.953701057444985167e+01,5.815259983168026281e+00
6.955701629036867928e+01,5.393681974457345873e+00
6.957702200628750688e+01,5.657477764922237640e+00
6.959702772220634870e+01,5.334638975202759426e+00
6.961703343812519051e+01,5.591461647023614923e+00
6.963703915404401812e+01,6.002921379092908793e+00
6.965704486996284572e+01,5.754980061339893815e+00
6.967705058588168754e+01,6.170354081070883012e+00
6.969705630180051514e+01,5.002670289436220941e+00
6.971706201771934275e+01,6.216328885565890694e+00
6.973706773363818456e+01,5.720074812662577557e+00
6.975707344955702638e+01,5.952777930475432910e+00
6.977707916547585398e+01,6.135991906585612554e+00
6.979708488139468159e+01,5.384902332422094595e+00
6.981709059731352340e+01,6.188011073806318763e+00
6.983709631323236522e+01,6.652305650476677101e+00
6.985710202915119282e+01,6.484041502623094644e+00
6.987710774507002043e+01,5.786220100217509099e+00
6.989711346098886224e+01,6.134760828621341311e+00
6.991711917690768985e+01,5.344795903386605929e+00
6.993712489282651745e+01,6.263537070120936079e+00
6.995713060874535927e+01,6.685081979140360176e+00
6.997713632466420108e+01,6.021174376894396829e+00
6.999714204058302869e+01,5.362327413169717616e+00
7.001714775650185629e+01,6.334706614861264740e+00
7.003715347242069811e+01,6.725732175221361686e+00
7.005715918833952571e+01,6.186556414792740100e+00
7.007716490425835332e+01,6.336741440434050077e+00
7.009717062017719513e+01,6.613700189869451407e+00
7.011717633609603695e+01,6.008353872763736447e+00
7.013718205201486455e+01,5.263615021825092555e+00
7.015718776793369216e+01,6.232407505026464456e+00
7.017719348385253397e+01,5.700156392902357538e+00
7.019719919977137579e+01,5.904721881965740771e+00
7.021720491569020339e+01,6.184931743772687618e+00
7.023721063160903100e+01,6.462472097926760028e+00
7.025721634752787281e+01,5.608216552980520575e+00
7.027722206344670042e+01,5.908860836890877266e+00
7.029722777936552802e+01,5.933188350297316838e+00
7.031723349528436984e+01,6.744968871961959600e+00
7.033723921120321165e+01,6.187465306934459619e+00
7.035724492712203926e+01,6.103439973503967053e+00
7.037725064304086686e+01,5.164445210731685165e+00
7.039725635895970868e+01,6.431462465551383012e+00
7.041726207487855049e+01,6.300054509442375661e+00
7.043726779079736389e+01,6.535809091454665598e+00
7.045727350671620570e+01,6.531921122105845967e+00
7.047727922263504752e+01,5.983249097020655327e+00
7.049728493855387512e+01,6.605280490742106991e+00
7.051729065447270273e+01,5.434678650801098243e+00
7.053729637039154454e+01,6.371865893011407600e+00
7.055730208631038636e+01,6.245136625782365059e+00
7.057730780222921396e+01,5.525258380781612466e+00
7.059731351814804157e+01,6.100512096362793457e+00
7.061731923406688338e+01,6.089739001336379687e+00
7.063732494998571099e+01,6.262680325611209575e+00
7.065733066590453859e+01,5.356641523442869257e+00
7.067733638182338041e+01,5.614128874894083410e+00
7.069734209774222222e+01,6.847636657099554824e+00
7.071734781366104983e+01,6.004751277064427128e+00
7.073735352957987743e+01,6.156981383357059912e+00
7.075735924549871925e+01,5.979774264574359677e+00
7.077736496141756106e+01,5.640255930149525199e+00
7.079737067733638867e+01,5.704972022802683895e+00
7.081737639325521627e+01,5.696113319858730151e+00
7.083738210917405809e+01,6.753991269355251958e+00
7.085738782509288569e+01,5.837853448014167057e+00
7.087739354101171330e+01,6.130670612528854591e+00
7.089739925693055511e+01,6.452203099348167825e+00
7.091740497284939693e+01,6.171101262776131691e+00
7.093741068876822453e+01,6.043743840346457397e+00
7.095741640468705214e+01,6.798028269249401845e+00
7.097742212060589395e+01,7.003438176076864252e+00
7.099742783652472156e+01,5.416193690523781967e+00
7.101743355244354916e+01,5.924753823451766266e+00
7.103743926836239098e+01,5.469040847594833110e+00
7.105744498428123279e+01,6.251071147892094615e+00
7.107745070020006040e+01,6.205942793715717443e+00
7.109745641611888800e+01,5.968614612437447065e+00
7.111746213203772982e+01,6.057394452957630016e+00
7.113746784795657163e+01,6.698982043167964306e+00
7.115747356387539924e+01,6.158997305864800431e+00
7.117747927979422684e+01,5.886658390943410701e+00
7.119748499571306866e+01,6.155963180449672834e+00
7.121749071163189626e+01,5.729756159947513083e+00
7.123749642755072387e+01,5.634484705206364907e+00
7.125750214346956568e+01,6.195808596182143191e+00
7.127750785938840750e+01,5.409584061869402660e+00
7.129751357530723510e+01,6.111581734651375442e+00
7.131751929122606271e+01,6.017046354746830694e+00
7.133752500714490452e+01,5.867059705342398956e+00
7.135753072306374634e+01,6.779866856121747887e+00
7.137753643898255973e+01,5.589678908427154980e+00
7.139754215490140155e+01,5.882471650670225927e+00
7.141754787082024336e+01,6.438743294602652156e+00
7.143755358673907097e+01,6.033599067559660689e+00
7.145755930265789857e+01,5.975164242953933780e+00
7.147756501857674039e+01,5.943646799204026721e+00
7.149757073449558220e+01,6.202776656941317412e+00
7.151757645041440981e+01,6.139382949348564544e+00
7.153758216633323741e+01,6.737454062170574964e+00
7.155758788225207923e+01,6.760813090690243499e+00
7.157759359817090683e+01,6.035518110265751801e+00
7.159759931408973443e+01,6.452940788657876681e+00
7.161760503000857625e+01,5.494114659272415935e+00
7.163761074592741807e+01,5.858896949201493953e+00
7.165761646184624567e+01,6.540713519806880427e+00
7.167762217776507327e+01,6.182460831157754022e+00
7.169762789368391509e+01,5.954943634309111999e+00
7.171763360960275691e+01,6.826236063833065693e+00
7.173763932552158451e+01,6.372801335825945657e+00
7.175764504144041211e+01,6.053756825968695132e+00
7.177765075735925393e+01,6.353996353795261065e+00
7.179765647327808153e+01,5.650358657647123195e+00
7.181766218919690914e+01,5.365366656458125938e+00
7.183766790511575095e+01,6.868989565639294526e+00
7.185767362103459277e+01,6.205289408510861193e+00
7.187767933695342037e+01,5.938455509330085036e+00
7.189768505287224798e+01,6.090383196991092873e+00
7.191769076879108979e+01,6.115732116190617518e+00
7.193769648470991740e+01,6.023952089075677030e+00
7.195770220062874500e+01,5.626834910947341228e+00
7.197770791654758682e+01,6.217542417129335419e+00
7.199771363246642863e+01,6.204343828767976632e+00
7.201771934838525624e+01,5.918066357039514003e+00
7.203772506430408384e+01,5.360310652765127415e+00
7.205773078022292566e+01,6.036651065813387618e+00
7.207773649614176747e+01,5.943334720327685616e+00
7.209774221206059508e+01,6.564014368260135512e+00
7.211774792797942268e+01,6.515705128504039934e+00
7.213775364389826450e+01,6.257418728839928335e+00
7.215775935981709210e+01,7.023703316727748280e+00
7.217776507573591971e+01,6.308803079084141174e+00
7.219777079165476152e+01,6.150017371209688832e+00
7.221777650757360334e+01,6.201513070825283691e+00
7.223778222349243094e+01,6.226456721668476746e+00
7.225778793941125855e+01,6.434425660377320000e+00
7.227779365533010036e+01,6.043356159332132549e+00
7.229779937124894218e+01,6.514182769858221533e+00
7.231780508716775557e+01,6.486366732314362338e+00
7.233781080308659739e+01,7.049816174087109033e+00
7.235781651900543920e+01,7.231442752756581882e+00
7.237782223492426681e+01,7.671576714702985633e+00
7.239782795084309441e+01,6.482514291899535763e+00
7.241783366676193623e+01,7.410978140275539694e+00
7.243783938268077804e+01,6.598582076304184696e+00
7.245784509859960565e+01,7.033184053665163304e+00
7.247785081451843325e+01,7.065040398689571788e+00
7.249785653043727507e+01,6.871620044480131639e+00
7.251786224635610267e+01,7.266551953442524692e+00
7.253786796227493028e+01,7.438040584702325653e+00
7.255787367819377209e+01,8.164361543626943885e+00
7.257787939411261391e+01,8.155163073956583020e+00
7.259788511003144151e+01,7.813424476130585106e+00
7.261789082595026912e+01,7.724219941329077521e+00
7.263789654186911093e+01,8.356623796035169249e+00
7.265790225778795275e+01,8.192232841078133987e+00
7.267790797370678035e+01,8.029049439269581256e+00
7.269791368962560796e+01,7.343072038239338184e+00
7.271791940554444977e+01,7.957700208739056258e+00
7.273792512146327738e+01,8.060690631436077780e+00
7.275793083738210498e+01,7.865327153785216296e+00
7.277793655330094680e+01,7.238041177248447866e+00
7.279794226921978861e+01,7.838216508397072957e+00
7.281794798513861622e+01,8.320074190410814197e+00
7.283795370105744382e+01,7.661615527442545925e+00
7.285795941697628564e+01,7.153161951548614006e+00
7.287796513289511324e+01,8.095746509513348954e+00
7.289797084881394085e+01,7.845200100952665956e+00
7.291797656473278266e+01,7.243395070286194226e+00
7.293798228065162448e+01,7.721831769575521420e+00
7.295798799657045208e+01,6.693484515211340025e+00
7.297799371248927969e+01,7.476968222919566642e+00
7.299799942840812150e+01,7.676792178187084481e+00
7.301800514432696332e+01,8.039648080617505244e+00
7.303801086024579092e+01,7.151316158856817040e+00
7.305801657616461853e+01,7.289528984897687636e+00
7.307802229208346034e+01,7.245344200157229686e+00
7.309802800800228795e+01,7.061276564990952131e+00
7.311803372392111555e+01,7.248224372188880160e+00
7.313803943983995737e+01,6.921786355208144670e+00
7.315804515575879918e+01,7.258030924527094641e+00
7.317805087167762679e+01,6.317909278511532278e+00
7.319805658759645439e+01,7.451280377166364488e+00
7.321806230351529621e+01,6.611395535116781019e+00
7.323806801943413802e+01,6.995464799450601845e+00
7.325807373535295142e+01,6.107727673002342428e+00
7.327807945127179323e+01,6.608473243162829469e+00
7.329808516719063505e+01,7.219477200662661076e+00
7.331809088310946265e+01,6.487191994806753570e+00
7.333809659902829026e+01,6.221707710062069019e+00
7.335810231494713207e+01,6.932327644060597649e+00
7.337810803086597389e+01,6.100524197249233005e+00
7.339811374678480149e+01,6.325049005916742573e+00
7.341811946270362910e+01,5.784618485902352170e+00
7.343812517862247091e+01,6.868184130330874382e+00
7.345813089454129852e+01,6.234301925477010897e+00
7.347813661046012612e+01,6.302830736206939122e+00
7.349814232637896794e+01,6.505626168615251004e+00
7.351814804229780975e+01,6.207318618368804053e+00
7.353815375821663736e+01,6.121284185520222465e+00
7.355815947413546496e+01,5.811316854838754153e+00
7.357816519005430678e+01,6.518101566577510830e+00
7.359817090597314859e+01,6.967750403371450574e+00
7.361817662189197620e+01,6.472848774313691322e+00
7.363818233781080380e+01,6.824834776240324530e+00
7.365818805372964562e+01,6.634583603645785033e+00
7.367819376964847322e+01,6.719718115171183115e+00
7.369819948556730083e+01,6.313302096388985873e+00
7.371820520148614264e+01,6.410305527297792239e+00
7.373821091740498446e+01,6.081159366439001346e+00
7.375821663332381206e+01,6.492666421241283459e+00
7.377822234924263967e+01,6.162934846267441813e+00
7.379822806516148148e+01,6.287454466549505128e+00
7.381823378108030909e+01,6.015712419550495405e+00
7.383823949699913669e+01,6.319442679073519642e+00
7.385824521291797851e+01,7.180347237020521689e+00
7.387825092883682032e+01,5.995247416636656723e+00
7.389825664475564793e+01,5.847738585512600729e+00
7.391826236067447553e+01,6.936305863336678534e+00
7.393826807659331735e+01,6.926953668813970566e+00
7.395827379251215916e+01,7.022999785508117654e+00
7.397827950843098677e+01,6.757972867239007364e+00
7.399828522434981437e+01,6.077259092888764869e+00
7.401829094026865619e+01,5.925088209124469429e+00
7.403829665618748379e+01,6.517085101545733394e+00
7.405830237210632561e+01,7.191608576102185957e+00
7.407830808802515321e+01,7.500950918079737129e+00
7.409831380394398082e+01,7.293104680931639550e+00
7.411831951986282263e+01,6.901589131366515417e+00
7.413832523578165024e+01,7.053905726810768329e+00
7.415833095170049205e+01,7.217661845457287839e+00
7.417833666761931966e+01,7.802486548952304091e+00
7.419834238353816147e+01,7.050748283360896984e+00
7.421834809945698908e+01,6.715373995884144520e+00
7.423835381537583089e+01,7.330597448858814147e+00
7.425835953129465850e+01,6.645629495446630841e+00
7.427836524721348610e+01,8.082153549931787140e+00
7.429837096313232792e+01,8.247611831536964644e+00
7.431837667905115552e+01,7.032154116280452172e+00
7.433838239496999734e+01,7.020664756224068270e+00
7.435838811088882494e+01,8.052854216025073342e+00
7.437839382680766676e+01,6.965392147378702603e+00
7.439839954272649436e+01,8.549446887286329400e+00
7.441840525864533618e+01,7.818094092071185663e+00
7.443841097456416378e+01,7.904332011625943899e+00
7.445841669048300560e+01,8.177116025033159374e+00
7.447842240640183320e+01,7.348070421043818357e+00
7.449842812232066080e+01,7.571601558493949113e+00
7.451843383823950262e+01,8.125870729883962085e+00
7.453843955415833022e+01,8.064200020935167856e+00
7.455844527007717204e+01,7.935735389746199964e+00
7.457845098599599964e+01,8.439075437102436794e+00
7.459845670191484146e+01,7.731747346981308944e+00
7.461846241783366906e+01,7.527845056192723483e+00
7.463846813375251088e+01,8.646526007201035924e+00
7.465847384967133848e+01,7.704706021380097525e+00
7.467847956559016609e+01,8.065990444246988744e+00
7.469848528150900790e+01,8.200898257038875983e+00
7.471849099742783551e+01,7.327030611684889116e+00
7.473849671334667732e+01,8.401702485621100891e+00
7.475850242926550493e+01,8.053511897432555244e+00
7.477850814518434674e+01,7.679206114716916609e+00
7.479851386110317435e+01,8.417842303219506661e+00
7.481851957702201616e+01,7.476060005289315136e+00
7.483852529294084377e+01,8.050791333662573379e+00
7.485853100885967137e+01,7.335020722218363431e+00
7.487853672477851319e+01,7.413101536502476385e+00
7.489854244069734079e+01,7.222684344904384268e+00
7.491854815661618261e+01,7.495979055474592201e+00
7.493855387253501021e+01,7.654317338669912374e+00
7.495855958845385203e+01,6.180655671347244251e+00
7.497856530437267963e+01,6.965556562453910416e+00
7.499857102029152145e+01,6.842504826520718453e+00
7.501857673621034905e+01,6.811797765701107288e+00
7.503858245212917666e+01,6.638846882332199328e+00
7.505858816804801847e+01,6.743086139527079581e+00
7.507859388396684608e+01,6.480550948590979132e+00
7.509859959988568789e+01,6.959042355166282334e+00
7.511860531580451550e+01,6.651679674814127807e+00
7.513861103172335731e+01,7.056140044289770152e+00
7.515861674764218492e+01,6.977307749475021303e+00
7.517862246356102673e+01,6.722375415516031794e+00
7.519862817947985434e+01,6.586999456844729650e+00
7.521863389539868194e+01,6.829226842810738773e+00
7.523863961131752376e+01,7.300126519437887929e+00
7.525864532723635136e+01,6.241928344574859011e+00
7.527865104315519318e+01,6.790858876889855011e+00
7.529865675907402078e+01,5.715477849657467857e+00
7.531866247499286260e+01,6.401316429158897314e+00
7.533866819091169020e+01,6.623676839711492903e+00
7.535867390683053202e+01,6.330303644161013210e+00
7.537867962274935962e+01,5.813208943887863356e+00
7.539868533866820144e+01,6.546688285044724331e+00
7.541869105458702904e+01,5.920857639712773235e+00
7.543869677050585665e+01,6.474464641508243190e+00
7.545870248642469846e+01,5.782115998516455413e+00
7.547870820234352607e+01,6.766166627596873262e+00
7.549871391826236788e+01,6.562780014667861650e+00
7.551871963418119549e+01,6.067433570188263126e+00
7.553872535010003730e+01,5.482644257204691840e+00
7.555873106601886491e+01,6.857017120529768306e+00
7.557873678193770672e+01,6.623571341376765176e+00
7.559874249785653433e+01,6.436472270833861309e+00
7.561874821377536193e+01,6.114818199904895835e+00
7.563875392969420375e+01,6.328956872431142244e+00
7.565875964561303135e+01,6.428699049956374090e+00
7.567876536153187317e+01,6.687957408251039126e+00
7.569877107745070077e+01,6.423419158389174655e+00
7.571877679336954259e+01,6.248253111249597147e+00
7.573878250928837019e+01,6.608761592300771426e+00
7.575878822520721201e+01,5.776916288341320538e+00
7.577879394112603961e+01,6.621563141518358009e+00
7.579879965704486722e+01,6.008173699526558664e+00
7.581880537296370903e+01,5.960828032655214770e+00
7.583881108888253664e+01,6.258109005542442205e+00
7.585881680480137845e+01,6.117348394733040706e+00
7.587882252072020606e+01,6.090248424528869720e+00
7.589882823663904787e+01,6.559321342150091994e+00
7.591883395255787548e+01,5.812602155626429123e+00
7.593883966847671729e+01,6.344956151091890817e+00
7.595884538439554490e+01,6.039046872218665207e+00
7.597885110031437250e+01,6.749398357980528118e+00
7.599885681623321432e+01,6.253839015939893997e+00
7.601886253215204192e+01,6.452291650319109451e+00
7.603886824807088374e+01,6.561664070408339988e+00
7.605887396398971134e+01,6.708368368147862526e+00
7.607887967990855316e+01,6.617308750138575668e+00
7.609888539582738076e+01,6.469138270400125457e+00
7.611889111174622258e+01,6.617768954872476073e+00
7.613889682766505018e+01,6.565004829631371663e+00
7.615890254358387779e+01,6.950958030218675532e+00
7.617890825950271960e+01,6.154306277631189204e+00
7.619891397542154721e+01,6.788458251634803986e+00
7.621891969134038902e+01,7.067640847083351829e+00
7.623892540725921663e+01,6.578041856806837728e+00
7.625893112317805844e+01,6.782743160989295639e+00
7.627893683909688605e+01,6.786502768707151745e+00
7.629894255501572786e+01,6.925990254584199590e+00
7.631894827093455547e+01,7.142086938460552759e+00
7.633895398685339728e+01,6.399847735047941910e+00
7.635895970277222489e+01,7.115873562214280135e+00
7.637896541869105249e+01,7.403446540720374003e+00
7.639897113460989431e+01,7.583188248585262414e+00
7.641897685052872191e+01,7.478189774037154791e+00
7.643898256644756373e+01,8.007728519996199168e+00
7.645898828236639133e+01,7.272372159162832972e+00
7.647899399828523315e+01,7.689086726607178512e+00
7.649899971420406075e+01,7.750028733656547431e+00
7.651900543012290257e+01,7.524236322591089987e+00
7.653901114604173017e+01,8.316470080853132885e+00
7.655901686196055778e+01,7.939780730462422831e+00
7.657902257787939959e+01,8.216392325497455573e+00
7.659902829379822720e+01,8.516741336574071397e+00
7.661903400971706901e+01,8.051067089136523691e+00
7.663903972563589662e+01,8.845975932591954916e+00
7.665904544155473843e+01,8.377819792688018907e+00
7.667905115747356604e+01,9.060593576971719187e+00
7.669905687339240785e+01,9.205818320371562891e+00
7.671906258931123546e+01,9.066032773412489476e+00
7.673906830523006306e+01,9.354643889235791931e+00
7.675907402114890488e+01,9.027719573664226616e+00
7.677907973706773248e+01,9.694605881372821088e+00
7.679908545298657430e+01,9.570684339539461405e+00
7.681909116890540190e+01,9.162188475123793197e+00
7.683909688482424372e+01,9.299578056601518483e+00
7.685910260074307132e+01,8.354747108792398791e+00
7.687910831666191314e+01,8.718423875513558130e+00
7.689911403258074074e+01,9.397268997168399807e+00
7.691911974849956835e+01,8.483952508845364449e+00
7.693912546441841016e+01,8.563873268003870720e+00
7.695913118033723777e+01,8.888502324789326892e+00
7.697913689625607958e+01,8.450598018186271432e+00
7.699914261217490719e+01,8.715589200842959627e+00
7.701914832809374900e+01,8.460593308164053639e+00
7.703915404401257661e+01,8.735349883219333478e+00
7.705915975993141842e+01,8.397276141328440247e+00
7.707916547585024603e+01,8.998991863761254706e+00
7.709917119176907363e+01,8.939319008624590168e+00
7.711917690768791545e+01,8.595226659455798668e+00
7.713918262360674305e+01,8.133060374946666116e+00
7.715918833952558487e+01,7.646390197350806162e+00
7.717919405544441247e+01,8.999283266592549069e+00
7.719919977136325429e+01,8.864581784526842867e+00
7.721920548728208189e+01,8.452595447728299405e+00
7.723921120320092371e+01,8.031220367798198367e+00
7.725921691911975131e+01,8.650177998036699734e+00
7.727922263503859313e+01,8.443745966226359201e+00
7.729922835095742073e+01,8.344539618446763285e+00
7.731923406687624833e+01,7.446446090573122234e+00
7.733923978279509015e+01,7.727928485716598850e+00
7.735924549871391775e+01,7.478555287154865283e+00
7.737925121463275957e+01,7.734895935074100670e+00
7.739925693055158717e+01,7.784978984823940351e+00
7.741926264647042899e+01,7.248710390222786515e+00
7.743926836238925659e+01,7.397580342311622204e+00
7.745927407830809841e+01,7.436133407923420258e+00
7.747927979422692601e+01,7.049051307514495157e+00
7.749928551014575362e+01,7.821862135973903563e+00
7.751929122606459543e+01,7.208068099228077230e+00
7.753929694198342304e+01,8.012597642224033478e+00
7.755930265790226485e+01,8.229076083924992346e+00
7.757930837382109246e+01,6.817300852463828775e+00
7.759931408973993427e+01,7.796490541027610632e+00
7.761931980565876188e+01,8.522948776888195965e+00
7.763932552157760369e+01,7.718451470115137880e+00
7.765933123749643130e+01,7.908739671614485545e+00
7.767933695341525890e+01,7.170125008253034338e+00
7.769934266933410072e+01,7.320644385683832134e+00
7.771934838525292832e+01,7.218279314088422716e+00
7.773935410117177014e+01,7.925843203767723999e+00
7.775935981709059774e+01,8.024376106994907332e+00
7.777936553300943956e+01,7.697932403752068886e+00
7.779937124892826716e+01,8.548622439434453213e+00
7.781937696484710898e+01,7.832462826698671776e+00
7.783938268076593658e+01,8.160271940071224250e+00
7.785938839668476419e+01,8.647833140381861128e+00
7.787939411260360600e+01,9.135113194828949901e+00
7.789939982852243361e+01,8.682415609080127439e+00
7.791940554444127542e+01,8.808704262083503878e+00
7.793941126036010303e+01,8.580558663064991265e+00
7.795941697627894484e+01,8.169619881965209274e+00
7.797942269219777245e+01,9.277185351601623609e+00
7.799942840811661426e+01,9.020681332532486607e+00
7.801943412403544187e+01,8.880620025488457969e+00
7.803943983995426947e+01,8.920484941026838754e+00
7.805944555587311129e+01,9.435195245011428256e+00
7.807945127179193889e+01,9.716703496174245558e+00
7.809945698771078071e+01,9.802277742931213567e+00
7.811946270362960831e+01,9.228338596888182366e+00
7.813946841954845013e+01,9.505949950355191191e+00
7.815947413546727773e+01,8.809801139259787917e+00
7.817947985138611955e+01,9.210720629902752421e+00
7.819948556730494715e+01,8.810131444356517960e+00
7.821949128322378897e+01,9.509760688884146163e+00
7.823949699914261657e+01,9.266098515793078860e+00
7.825950271506144418e+01,9.441049189039162570e+00
7.827950843098028599e+01,9.290033379779494283e+00
7.829951414689911360e+01,9.821715782490986868e+00
7.831951986281795541e+01,9.342661518561122591e+00
7.833952557873678302e+01,8.594416577309834437e+00
7.835953129465562483e+01,9.061020519247461991e+00
7.837953701057445244e+01,8.686664358563495725e+00
7.839954272649329425e+01,7.701627199033035609e+00
7.841954844241212186e+01,8.408212994458819978e+00
7.843955415833094946e+01,8.303229863256216703e+00
7.845955987424979128e+01,8.534471987470126919e+00
7.847956559016861888e+01,8.417508106613876606e+00
7.849957130608746070e+01,7.752282167154459280e+00
7.851957702200628830e+01,7.429226304573690598e+00
7.853958273792513012e+01,7.387088032849629116e+00
7.855958845384395772e+01,8.003972942870714036e+00
7.857959416976279954e+01,8.668701236946668942e+00
7.859959988568162714e+01,8.298087320617094420e+00
7.861960560160045475e+01,7.709162776424575370e+00
7.863961131751929656e+01,7.994873524576076917e+00
7.865961703343812417e+01,7.530306467075599919e+00
7.867962274935696598e+01,7.127004201922209070e+00
7.869962846527579359e+01,7.790690690159159715e+00
7.871963418119463540e+01,7.296799184366167701e+00
7.873963989711346301e+01,7.135332695303280737e+00
7.875964561303230482e+01,7.944012651462565522e+00
7.877965132895113243e+01,7.584439610209958715e+00
7.879965704486996003e+01,7.865807483137007949e+00
7.881966276078880185e+01,7.287576350886363130e+00
7.883966847670762945e+01,7.427769984238349998e+00
7.885967419262647127e+01,6.524541472750440718e+00
7.887967990854529887e+01,6.600172649333946318e+00
7.889968562446414069e+01,7.156524382535224049e+00
7.891969134038296829e+01,7.033279891182710131e+00
7.893969705630181011e+01,7.514760359925693578e+00
7.895970277222063771e+01,6.934736075171971770e+00
7.897970848813946532e+01,6.513467747599789526e+00
7.899971420405830713e+01,6.696756586136995537e+00
7.901971991997713474e+01,6.353638570698384669e+00
7.903972563589597655e+01,6.246667098242024707e+00
7.905973135181480416e+01,6.430471980132553611e+00
7.907973706773364597e+01,6.964461659097183954e+00
7.909974278365247358e+01,6.464011869679995748e+00
7.911974849957131539e+01,6.604068487826140199e+00
7.913975421549014300e+01,6.055407420454700151e+00
7.915975993140898481e+01,6.733455356402545888e+00
7.917976564732781242e+01,6.684200586697437885e+00
7.919977136324664002e+01,7.327113228692562430e+00
7.921977707916548184e+01,6.210699681812318573e+00
7.923978279508430944e+01,6.783652375368419918e+00
7.925978851100315126e+01,6.386753967593371328e+00
7.927979422692197886e+01,6.726163732394509154e+00
7.929979994284082068e+01,6.308234336211311799e+00
7.931980565875964828e+01,6.288013084732780200e+00
7.933981137467849010e+01,6.440950472626710166e+00
7.935981709059731770e+01,6.667303699351640134e+00
7.937982280651614531e+01,6.699049034360518462e+00
7.939982852243498712e+01,6.787882613343112936e+00
7.941983423835381473e+01,6.273308225640382041e+00
7.943983995427265654e+01,5.727574149375741719e+00
7.945984567019148415e+01,6.080522265470358789e+00
7.947985138611032596e+01,6.832601576181629000e+00
7.949985710202915357e+01,6.102157823098344203e+00
7.951986281794799538e+01,5.891666918830617661e+00
7.953986853386682299e+01,6.066175337915437282e+00
7.955987424978565059e+01,5.897046190723875370e+00
7.957987996570449241e+01,5.940350383410931911e+00
7.959988568162332001e+01,5.957163879726154576e+00
7.961989139754216183e+01,6.360730109357578321e+00
7.963989711346098943e+01,5.844079692877281573e+00
7.965990282937983125e+01,5.412189155889162606e+00
7.967990854529865885e+01,5.825401951952125401e+00
7.969991426121750067e+01,6.114591849420850878e+00
7.971991997713632827e+01,6.352348604369998597e+00
7.973992569305515588e+01,5.910319281741411857e+00
7.975993140897399769e+01,6.059126576754602311e+00
7.977993712489282530e+01,5.370421689843703383e+00
7.979994284081166711e+01,5.833654904532782126e+00
7.981994855673049472e+01,6.356888639509270078e+00
7.983995427264933653e+01,6.704666567991919734e+00
7.985995998856816414e+01,6.587425372677324198e+00
7.987996570448700595e+01,6.212765385620329539e+00
7.989997142040583356e+01,6.308017950449968936e+00
7.991997713632466116e+01,5.667017997491387682e+00
7.993998285224350298e+01,5.951414243203704046e+00
7.995998856816233058e+01,6.305581314143280380e+00
7.997999428408117240e+01,5.515362947884288047e+00
8.000000000000000000e+01,5.819712310364064223e+00
