angle,intensity
1.000000000000000000e+01,3.370275704238037573e+00
1.002000571591883471e+01,3.155969456884522018e+00
1.004001143183766764e+01,3.843010479497022125e+00
1.006001714775650235e+01,3.957671904478581304e+00
1.008002286367533529e+01,3.426497505979385405e+00
1.010002857959417000e+01,3.125770784058492513e+00
1.012003429551300293e+01,3.559682582606578549e+00
1.014004001143183764e+01,3.538907910734983453e+00
1.016004572735067235e+01,3.297956428563141529e+00
1.018005144326950528e+01,4.352245741775648824e+00
1.020005715918833999e+01,4.366114269425499295e+00
1.022006287510717293e+01,3.861590696754513719e+00
1.024006859102600764e+01,3.269593522021327026e+00
1.026007430694484057e+01,4.235094499581174787e+00
1.028008002286367528e+01,4.376478923590704007e+00
1.030008573878250999e+01,3.994787927666736849e+00
1.032009145470134293e+01,4.356735479655448273e+00
1.034009717062017764e+01,3.907465599694725178e+00
1.036010288653901057e+01,3.827712420263960968e+00
1.038010860245784528e+01,3.071203658341901566e+00
1.040011431837667999e+01,3.832302130120399219e+00
1.042012003429551292e+01,3.622192885737491874e+00
1.044012575021434763e+01,3.527018508399665464e+00
1.046013146613318057e+01,3.879631760266542884e+00
1.048013718205201528e+01,2.943460742198091395e+00
1.050014289797084821e+01,3.790817936078908268e+00
1.052014861388968292e+01,3.301618987917913195e+00
1.054015432980851585e+01,4.224252605966274388e+00
1.056016004572735056e+01,3.699228895373874781e+00
1.058016576164618527e+01,4.149422684371963044e+00
1.060017147756501821e+01,3.928173147869211235e+00
1.062017719348385292e+01,4.220584795504542797e+00
1.064018290940268585e+01,3.862831509637568050e+00
1.066018862532152056e+01,4.672617692787872201e+00
1.068019434124035527e+01,3.505866569852032821e+00
1.070020005715918820e+01,4.081456798141656961e+00
1.072020577307802292e+01,3.992461253348304595e+00
1.074021148899685585e+01,3.538674681868865690e+00
1.076021720491569056e+01,4.445999937007893088e+00
1.078022292083452349e+01,4.668302575631155804e+00
1.080022863675335820e+01,4.406728445120279503e+00
1.082023435267219291e+01,4.468091238893879158e+00
1.084024006859102585e+01,4.879963115608001445e+00
1.086024578450986056e+01,3.623301187208870289e+00
1.088025150042869349e+01,4.146819153523881418e+00
1.090025721634752820e+01,3.994269909736750890e+00
1.092026293226636113e+01,4.273097716356576647e+00
1.094026864818519584e+01,5.183187650615220576e+00
1.096027436410403055e+01,5.404544907770627127e+00
1.098028008002286349e+01,4.094992351463716318e+00
1.100028579594169820e+01,5.098615972580798683e+00
1.102029151186053113e+01,4.802056858628708902e+00
1.104029722777936584e+01,4.621282704287049015e+00
1.106030294369819877e+01,5.059636535084326425e+00
1.108030865961703348e+01,4.691858457560877937e+00
1.110031437553586819e+01,5.037729047400670623e+00
1.112032009145470113e+01,5.106120033862991292e+00
1.114032580737353584e+01,5.288755524745676340e+00
1.116033152329236877e+01,5.161476545270603289e+00
1.118033723921120348e+01,5.197713940478196903e+00
1.120034295513003642e+01,5.065665478121600174e+00
1.122034867104887113e+01,6.152651589012774203e+00
1.124035438696770584e+01,5.661034410161470021e+00
1.126036010288653877e+01,5.483427153913456920e+00
1.128036581880537348e+01,5.244743826771994577e+00
1.130037153472420641e+01,5.918692778743448457e+00
1.132037725064304112e+01,5.361421056742435631e+00
1.134038296656187583e+01,6.210861088826984400e+00
1.136038868248070877e+01,5.819262070989159596e+00
1.138039439839954348e+01,6.365349228917863478e+00
1.140040011431837641e+01,6.121966257930937516e+00
1.142040583023721112e+01,6.083219589147869755e+00
1.144041154615604405e+01,6.678838476435366545e+00
1.146041726207487876e+01,6.333275227360808834e+00
1.148042297799371170e+01,6.739534817947749445e+00
1.150042869391254641e+01,6.909980959341973872e+00
1.152043440983138112e+01,6.596899177219068378e+00
1.154044012575021405e+01,7.238294112911267675e+00
1.156044584166904876e+01,7.461522743810936831e+00
1.158045155758788169e+01,8.052586071190519945e+00
1.160045727350671640e+01,7.875618662820579097e+00
1.162046298942555111e+01,7.015062724698982066e+00
1.164046870534438405e+01,7.970788875898678683e+00
1.166047442126321876e+01,7.835751380489175411e+00
1.168048013718205169e+01,7.249567053623621860e+00
1.170048585310088640e+01,8.086302119347246631e+00
1.172049156901971934e+01,7.992322486288285788e+00
1.174049728493855405e+01,8.300994603069629107e+00
1.176050300085738698e+01,9.169284186372678391e+00
1.178050871677622169e+01,7.843570762846363564e+00
1.180051443269505640e+01,8.692400969490570617e+00
1.182052014861388933e+01,8.581428868424932688e+00
1.184052586453272404e+01,8.828232993783796445e+00
1.186053158045155698e+01,9.694066892475118991e+00
1.188053729637039169e+01,9.224497851299004125e+00
1.190054301228922640e+01,9.695420500372840422e+00
1.192054872820805933e+01,9.642183695864439130e+00
1.194055444412689404e+01,9.862494722939107561e+00
1.196056016004572697e+01,1.066575822663714845e+01
1.198056587596456168e+01,1.033864930360511991e+01
1.200057159188339639e+01,1.100912740908484011e+01
1.202057730780222933e+01,1.141667367741479922e+01
1.204058302372106226e+01,1.089158418058882205e+01
1.206058873963989697e+01,1.136823247810790427e+01
1.208059445555873168e+01,1.052560166121345731e+01
1.210060017147756461e+01,1.221910073791108609e+01
1.212060588739639932e+01,1.139661551291355757e+01
1.214061160331523226e+01,1.149777945087131492e+01
1.216061731923406697e+01,1.205071439248280285e+01
1.218062303515290168e+01,1.261043536974640489e+01
1.220062875107173461e+01,1.327758311334979879e+01
1.222063446699056932e+01,1.295863619288932789e+01
1.224064018290940226e+01,1.330365499669021467e+01
1.226064589882823697e+01,1.324998714140434330e+01
1.228065161474707168e+01,1.375719153510184789e+01
1.230065733066590461e+01,1.386520576225760237e+01
1.232066304658473754e+01,1.429955711938979057e+01
1.234066876250357225e+01,1.500557725797316877e+01
1.236067447842240696e+01,1.453457096589707120e+01
1.238068019434123990e+01,1.498781333451718822e+01
1.240068591026007461e+01,1.471035342242533517e+01
1.242069162617890754e+01,1.557394273795641837e+01
1.244069734209774225e+01,1.604499334153184620e+01
1.246070305801657696e+01,1.600730460455685389e+01
1.248070877393540989e+01,1.645594775708659441e+01
1.250071448985424460e+01,1.703457991462892451e+01
1.252072020577307754e+01,1.721911143216437523e+01
1.254072592169191225e+01,1.665061653627626015e+01
1.256073163761074696e+01,1.827021603636133307e+01
1.258073735352957989e+01,1.844544908604015276e+01
1.260074306944841460e+01,1.814214519278120719e+01
1.262074878536724754e+01,1.894934720640905823e+01
1.264075450128608225e+01,1.980978821143744995e+01
1.266076021720491518e+01,1.984645242652249664e+01
1.268076593312374989e+01,1.957917191819305813e+01
1.270077164904258282e+01,2.040106409372521057e+01
1.272077736496141753e+01,2.083257133112003956e+01
1.274078308088025224e+01,2.075070302260146349e+01
1.276078879679908518e+01,2.170325132500176579e+01
1.278079451271791989e+01,2.148908828699854112e+01
1.280080022863675282e+01,2.270299847767874724e+01
1.282080594455558753e+01,2.240160929658235034e+01
1.284081166047442224e+01,2.331864423426312882e+01
1.286081737639325517e+01,2.266317611931899378e+01
1.288082309231208988e+01,2.313769617488133434e+01
1.290082880823092282e+01,2.405028265038045987e+01
1.292083452414975753e+01,2.400535080012817701e+01
1.294084024006859224e+01,2.426937596306384393e+01
1.296084595598742517e+01,2.371355145521589236e+01
1.298085167190625810e+01,2.393364275097970051e+01
1.300085738782509281e+01,2.390899008227080103e+01
1.302086310374392752e+01,2.457117258529278203e+01
1.304086881966276046e+01,2.435718704776129329e+01
1.306087453558159517e+01,2.275313151709842430e+01
1.308088025150042810e+01,2.241000677238496408e+01
1.310088596741926281e+01,2.156437512159429559e+01
1.312089168333809752e+01,2.174825236265087014e+01
1.314089739925693046e+01,2.106362289810530086e+01
1.316090311517576517e+01,2.017535491527336688e+01
1.318090883109459810e+01,1.907505493382146611e+01
1.320091454701343281e+01,1.883564011222415857e+01
1.322092026293226752e+01,1.720654752716962932e+01
1.324092597885110045e+01,1.640277057525339544e+01
1.326093169476993339e+01,1.383450529719236322e+01
1.328093741068876810e+01,1.365195109905636528e+01
1.330094312660760281e+01,1.217020168569265337e+01
1.332094884252643574e+01,1.053851185889554642e+01
1.334095455844527045e+01,1.024673135157145509e+01
1.336096027436410338e+01,8.798947234291830455e+00
1.338096599028293809e+01,8.619877369147904034e+00
1.340097170620177280e+01,7.210121548957950210e+00
1.342097742212060574e+01,7.402429510375842625e+00
1.344098313803944045e+01,7.165606627994224986e+00
1.346098885395827338e+01,5.838394148682527707e+00
1.348099456987710809e+01,6.571115122782400064e+00
1.350100028579594280e+01,5.532897541061926105e+00
1.352100600171477573e+01,5.102461483369195250e+00
1.354101171763361044e+01,4.849178952170561274e+00
1.356101743355244338e+01,4.971115810610965191e+00
1.358102314947127809e+01,4.646918711378607902e+00
1.360102886539011102e+01,3.955823119726004755e+00
1.362103458130894573e+01,4.615530628075321218e+00
1.364104029722777867e+01,4.448237221589133483e+00
1.366104601314661338e+01,4.440274072285618878e+00
1.368105172906544809e+01,4.871085579882888261e+00
1.370105744498428102e+01,4.710958290962976136e+00
1.372106316090311573e+01,4.135024567985940536e+00
1.374106887682194866e+01,4.284235021795076648e+00
1.376107459274078337e+01,4.383951063635806555e+00
1.378108030865961808e+01,4.611498456961347969e+00
1.380108602457845102e+01,3.373182236235882314e+00
1.382109174049728573e+01,4.203491649614473857e+00
1.384109745641611866e+01,4.279849714946331929e+00
1.386110317233495337e+01,3.805210982922431207e+00
1.388110888825378808e+01,4.441697633726317207e+00
1.390111460417262101e+01,3.552514507734970906e+00
1.392112032009145395e+01,3.841589284733234688e+00
1.394112603601028866e+01,3.987371579527841270e+00
1.396113175192912337e+01,4.069954369558429264e+00
1.398113746784795630e+01,4.029484029606619444e+00
1.400114318376679101e+01,3.397323815932336899e+00
1.402114889968562395e+01,3.803268635370852913e+00
1.404115461560445866e+01,3.386815956215811774e+00
1.406116033152329337e+01,3.622073955142792734e+00
1.408116604744212630e+01,3.040822074142534248e+00
1.410117176336095923e+01,4.141903797773533569e+00
1.412117747927979394e+01,3.464845773991273248e+00
1.414118319519862865e+01,4.303875378683690300e+00
1.416118891111746336e+01,3.208298550471237576e+00
1.418119462703629630e+01,3.508912526661113862e+00
1.420120034295512923e+01,3.568452838702105723e+00
1.422120605887396394e+01,3.647683905578348984e+00
1.424121177479279865e+01,3.728702846473068266e+00
1.426121749071163336e+01,4.249327933426457093e+00
1.428122320663046629e+01,3.221443425850012865e+00
1.430122892254929923e+01,3.030633403372154255e+00
1.432123463846813394e+01,3.725882618376375355e+00
1.434124035438696865e+01,3.948744403828096328e+00
1.436124607030580158e+01,3.731899976408839414e+00
1.438125178622463629e+01,3.667343860082541873e+00
1.440125750214346922e+01,3.907418978098705864e+00
1.442126321806230393e+01,2.947362110662836265e+00
1.444126893398113864e+01,3.511283427606815888e+00
1.446127464989997158e+01,3.610102619399435220e+00
1.448128036581880451e+01,3.241851428088165399e+00
1.450128608173763922e+01,3.733358456351335342e+00
1.452129179765647393e+01,3.098557646379203945e+00
1.454129751357530864e+01,4.029877833178244551e+00
1.456130322949414158e+01,4.218410628402102347e+00
1.458130894541297451e+01,4.026170909649620100e+00
1.460131466133180922e+01,4.124177807225517967e+00
1.462132037725064393e+01,4.056880432088744826e+00
1.464132609316947686e+01,3.692699719107681133e+00
1.466133180908831157e+01,3.267343320901406223e+00
1.468133752500714451e+01,3.597246712962679283e+00
1.470134324092597922e+01,3.737563443794519991e+00
1.472134895684481393e+01,4.186593904115435194e+00
1.474135467276364686e+01,4.401521834528850263e+00
1.476136038868247979e+01,3.580136914956334238e+00
1.478136610460131450e+01,3.788267119949183304e+00
1.480137182052014921e+01,3.647434454777674695e+00
1.482137753643898392e+01,3.538400572994379267e+00
1.484138325235781686e+01,4.384035062110709369e+00
1.486138896827664979e+01,2.989713813782593377e+00
1.488139468419548450e+01,4.125086504010775812e+00
1.490140040011431921e+01,3.270581457071645826e+00
1.492140611603315392e+01,3.978217014942769580e+00
1.494141183195198685e+01,4.458704184222884059e+00
1.496141754787081979e+01,3.734972697612404691e+00
1.498142326378965450e+01,3.946105659328533743e+00
1.500142897970848921e+01,3.616141545897987974e+00
1.502143469562732214e+01,4.455043155183139980e+00
1.504144041154615508e+01,3.563568395990376114e+00
1.506144612746498979e+01,4.403722260963841784e+00
1.508145184338382450e+01,4.565629513885202329e+00
1.510145755930265921e+01,4.044114324256526949e+00
1.512146327522149214e+01,4.170687913475839004e+00
1.514146899114032507e+01,4.723092865880338387e+00
1.516147470705915978e+01,4.500016046024420291e+00
1.518148042297799449e+01,4.206740762718625071e+00
1.520148613889682920e+01,4.324312140063481635e+00
1.522149185481566214e+01,4.452617611515362839e+00
1.524149757073449507e+01,3.963750597415050425e+00
1.526150328665332978e+01,4.323746203422250467e+00
1.528150900257216449e+01,4.426064406147436792e+00
1.530151471849099742e+01,4.312513190043224753e+00
1.532152043440983036e+01,4.095003419754212892e+00
1.534152615032866507e+01,4.333412728709770789e+00
1.536153186624749978e+01,4.849529258424782441e+00
1.538153758216633449e+01,4.570052656913702549e+00
1.540154329808516742e+01,4.917112362510634327e+00
1.542154901400400036e+01,5.181311095387115095e+00
1.544155472992283507e+01,4.935057085487535744e+00
1.546156044584166978e+01,5.238595166416358140e+00
1.548156616176050449e+01,5.318929855457493971e+00
1.550157187767933742e+01,5.441748456112676990e+00
1.552157759359817035e+01,4.986913367575133371e+00
1.554158330951700506e+01,5.488986331955151954e+00
1.556158902543583977e+01,4.725550070402567471e+00
1.558159474135467271e+01,5.425753290828573938e+00
1.560160045727350742e+01,5.426650783642248399e+00
1.562160617319234035e+01,5.231862813161878734e+00
1.564161188911117506e+01,5.308667162523359906e+00
1.566161760503000977e+01,5.412338884436247000e+00
1.568162332094884270e+01,5.909446519707381107e+00
1.570162903686767564e+01,5.432358338344156934e+00
1.572163475278651035e+01,6.030701031214933394e+00
1.574164046870534506e+01,5.929207696751170431e+00
1.576164618462417977e+01,6.197100915701258650e+00
1.578165190054301270e+01,6.276298401389341919e+00
1.580165761646184563e+01,6.692854659223431923e+00
1.582166333238068034e+01,5.779492574203389132e+00
1.584166904829951505e+01,6.149744565514697392e+00
1.586167476421834799e+01,6.409045720803249857e+00
1.588168048013718270e+01,6.017648675175472306e+00
1.590168619605601563e+01,6.288470627877497776e+00
1.592169191197485034e+01,5.887210562902255973e+00
1.594169762789368505e+01,7.175172065563787172e+00
1.596170334381251799e+01,6.637870423754007376e+00
1.598170905973135092e+01,6.308558172467237490e+00
1.600171477565018563e+01,6.141890926340410672e+00
1.602172049156902034e+01,7.215499856914100008e+00
1.604172620748785505e+01,7.395863695595833676e+00
1.606173192340668976e+01,7.088702974706952986e+00
1.608173763932552092e+01,7.267546638843416673e+00
1.610174335524435563e+01,6.652701316782437146e+00
1.612174907116319034e+01,7.471676929534136313e+00
1.614175478708202505e+01,7.974394109704720179e+00
1.616176050300085620e+01,7.742460576199280631e+00
1.618176621891969091e+01,8.094953029214718043e+00
1.620177193483852562e+01,8.209035853074858835e+00
1.622177765075736033e+01,7.931463299482418350e+00
1.624178336667619504e+01,7.400783925286209985e+00
1.626178908259502620e+01,8.040237401841942244e+00
1.628179479851386091e+01,8.260794827695944420e+00
1.630180051443269562e+01,9.474424037280083866e+00
1.632180623035153033e+01,8.946167941205873220e+00
1.634181194627036149e+01,9.684195268553198233e+00
1.636181766218919620e+01,9.136737872713434072e+00
1.638182337810803091e+01,9.105224086900012281e+00
1.640182909402686562e+01,9.687976502646195698e+00
1.642183480994570033e+01,1.036366247468405888e+01
1.644184052586453504e+01,9.844572326906380511e+00
1.646184624178336620e+01,1.053324027303535715e+01
1.648185195770220091e+01,1.091079030249043669e+01
1.650185767362103562e+01,1.037248477449406714e+01
1.652186338953986677e+01,1.161558225268638012e+01
1.654186910545870148e+01,1.043452137510967503e+01
1.656187482137753619e+01,1.216792875017869591e+01
1.658188053729637090e+01,1.144452274694189953e+01
1.660188625321520561e+01,1.131479094032921928e+01
1.662189196913404032e+01,1.236744802744679461e+01
1.664189768505287148e+01,1.247551396674232471e+01
1.666190340097170619e+01,1.245176002783502511e+01
1.668190911689054090e+01,1.319970848068430236e+01
1.670191483280937561e+01,1.306070371316968881e+01
1.672192054872820677e+01,1.384826510952354184e+01
1.674192626464704148e+01,1.344816983735209881e+01
1.676193198056587619e+01,1.346084525855346570e+01
1.678193769648471090e+01,1.349977946918359706e+01
1.680194341240354561e+01,1.364452838117148303e+01
1.682194912832238032e+01,1.442694022691872746e+01
1.684195484424121148e+01,1.337068737359119908e+01
1.686196056016004619e+01,1.292254703821438788e+01
1.688196627607888090e+01,1.230256269062431862e+01
1.690197199199771205e+01,1.188297106770416711e+01
1.692197770791654676e+01,1.211035549077447904e+01
1.694198342383538147e+01,1.180284046285365562e+01
1.696198913975421618e+01,1.063190305283892556e+01
1.698199485567305089e+01,1.069987579108562947e+01
1.700200057159188560e+01,9.565159165724571366e+00
1.702200628751071676e+01,8.409136188131396850e+00
1.704201200342955147e+01,7.987126264294001743e+00
1.706201771934838618e+01,7.611899285297022644e+00
1.708202343526722089e+01,6.509021404256076337e+00
1.710202915118605205e+01,6.507323213636058590e+00
1.712203486710488676e+01,5.518652039971655654e+00
1.714204058302372147e+01,5.208271322727924257e+00
1.716204629894255618e+01,4.404690976865915708e+00
1.718205201486139089e+01,4.783522761736975326e+00
1.720205773078022204e+01,4.363526054539755172e+00
1.722206344669905675e+01,4.260838569471729009e+00
1.724206916261789146e+01,4.364962871710955206e+00
1.726207487853672617e+01,3.965383717715048828e+00
1.728208059445555733e+01,4.341290987877224339e+00
1.730208631037439204e+01,3.567113735350096348e+00
1.732209202629322675e+01,4.445860250228752975e+00
1.734209774221206146e+01,3.985256648626278597e+00
1.736210345813089617e+01,4.187851627039295366e+00
1.738210917404973088e+01,3.477312192691785597e+00
1.740211488996856204e+01,3.792540820774688459e+00
1.742212060588739675e+01,3.616876698256168865e+00
1.744212632180623146e+01,3.836211250788100990e+00
1.746213203772506262e+01,3.897340108598998043e+00
1.748213775364389733e+01,3.933139307978004595e+00
1.750214346956273204e+01,3.511079814254164155e+00
1.752214918548156675e+01,2.877715241833027626e+00
1.754215490140040146e+01,3.969555237597710562e+00
1.756216061731923617e+01,3.247490181105952445e+00
1.758216633323806732e+01,3.343028170225191609e+00
1.760217204915690203e+01,3.749008015135771643e+00
1.762217776507573674e+01,2.885615931783733323e+00
1.764218348099457145e+01,3.415181548421398094e+00
1.766218919691340261e+01,3.722595062125554133e+00
1.768219491283223732e+01,3.338181918960637873e+00
1.770220062875107203e+01,2.942689820148593594e+00
1.772220634466990674e+01,3.604195218501590858e+00
1.774221206058874145e+01,3.550583306408562123e+00
1.776221777650757616e+01,3.943517859485253574e+00
1.778222349242640732e+01,3.378827383643358218e+00
1.780222920834524203e+01,3.020794124732163688e+00
1.782223492426407674e+01,4.044998079347288389e+00
1.784224064018290790e+01,3.565708786583343226e+00
1.786224635610174261e+01,3.942619688725799598e+00
1.788225207202057732e+01,3.382010058355253257e+00
1.790225778793941203e+01,3.750204600477297312e+00
1.792226350385824674e+01,3.325616259455621559e+00
1.794226921977708145e+01,2.722495805778851086e+00
1.796227493569591260e+01,3.611607424807725231e+00
1.798228065161474731e+01,3.484711128544130787e+00
1.800228636753358202e+01,3.361308414012575962e+00
1.802229208345241318e+01,3.576476327898843621e+00
1.804229779937124789e+01,3.094648111703241611e+00
1.806230351529008260e+01,3.839548542766701544e+00
1.808230923120891731e+01,3.145651754780667275e+00
1.810231494712775202e+01,3.421529261386969445e+00
1.812232066304658673e+01,3.575392220972068547e+00
1.814232637896542144e+01,3.881114375031323505e+00
1.816233209488425260e+01,3.385382039196047632e+00
1.818233781080308731e+01,3.040895799586071924e+00
1.820234352672191847e+01,3.496594999048829866e+00
1.822234924264075318e+01,3.389386750585923203e+00
1.824235495855958789e+01,3.782890428539296579e+00
1.826236067447842260e+01,2.606396774620607815e+00
1.828236639039725731e+01,3.851340719862885287e+00
1.830237210631609202e+01,3.664436362953505721e+00
1.832237782223492673e+01,3.176973938707265077e+00
1.834238353815375788e+01,3.677194573716065396e+00
1.836238925407259259e+01,3.704971221446166751e+00
1.838239496999142730e+01,3.367917918148240819e+00
1.840240068591025846e+01,3.991817551010227838e+00
1.842240640182909317e+01,3.805481636162160175e+00
1.844241211774792788e+01,2.997002931249467927e+00
1.846241783366676259e+01,3.437933402217677070e+00
1.848242354958559730e+01,3.240104078933701892e+00
1.850242926550443201e+01,3.371731135117823186e+00
1.852243498142326672e+01,3.212098058083654450e+00
1.854244069734209788e+01,4.132621621334990891e+00
1.856244641326093259e+01,3.402586068918007633e+00
1.858245212917976374e+01,3.701678577322089936e+00
1.860245784509859845e+01,3.350511833112636673e+00
1.862246356101743316e+01,3.609540381778452822e+00
1.864246927693626787e+01,3.038785203693862069e+00
1.866247499285510258e+01,2.780700648252675933e+00
1.868248070877393729e+01,3.322697282836329258e+00
1.870248642469277200e+01,3.953599575845655245e+00
1.872249214061160316e+01,3.515370396800640229e+00
1.874249785653043787e+01,3.451886574845743461e+00
1.876250357244927258e+01,3.922305802472360270e+00
1.878250928836810374e+01,3.379547252477463903e+00
1.880251500428693845e+01,2.732894743904827450e+00
1.882252072020577316e+01,3.701143015312467810e+00
1.884252643612460787e+01,3.608257251248331521e+00
1.886253215204344258e+01,3.342659450245951902e+00
1.888253786796227729e+01,3.790669757343799517e+00
1.890254358388111200e+01,2.728445454040334894e+00
1.892254929979994316e+01,2.866607795101883127e+00
1.894255501571877787e+01,2.841367774361598375e+00
1.896256073163760902e+01,3.443876965463792850e+00
1.898256644755644373e+01,3.356235250621739219e+00
1.900257216347527844e+01,2.983328884968417860e+00
1.902257787939411315e+01,3.889868018257636173e+00
1.904258359531294786e+01,3.590808560512890324e+00
1.906258931123178257e+01,3.360016042006344961e+00
1.908259502715061728e+01,2.936661021985691455e+00
1.910260074306944844e+01,3.594610630127164974e+00
1.912260645898828315e+01,3.975168126385931533e+00
1.914261217490711431e+01,3.470800523769448365e+00
1.916261789082594902e+01,3.518787606301880366e+00
1.918262360674478373e+01,3.457734257779477183e+00
1.920262932266361844e+01,3.212497151380199867e+00
1.922263503858245315e+01,3.253643152655965487e+00
1.924264075450128786e+01,2.891406099447466183e+00
1.926264647042012257e+01,2.800414708858780521e+00
1.928265218633895373e+01,3.534170540205569200e+00
1.930265790225778844e+01,3.300568487142006457e+00
1.932266361817662315e+01,3.070019800252871356e+00
1.934266933409545430e+01,3.287715266801809477e+00
1.936267505001428901e+01,3.921088718330326017e+00
1.938268076593312372e+01,4.033279569127005360e+00
1.940268648185195843e+01,3.142000719896042682e+00
1.942269219777079314e+01,2.841772413220331917e+00
1.944269791368962785e+01,3.785086533267928210e+00
1.946270362960846256e+01,3.587945855224967229e+00
1.948270934552729372e+01,3.623526792828791088e+00
1.950271506144612843e+01,2.914762485524082791e+00
1.952272077736495959e+01,4.035435517735722399e+00
1.954272649328379430e+01,3.191073829869344181e+00
1.956273220920262901e+01,4.070845234182881356e+00
1.958273792512146372e+01,3.692523342491365490e+00
1.960274364104029843e+01,3.686225652861069513e+00
1.962274935695913314e+01,2.901509303326878175e+00
1.964275507287796785e+01,3.220624044442637945e+00
1.966276078879679901e+01,3.859573156262429805e+00
1.968276650471563372e+01,3.455875487941797886e+00
1.970277222063446487e+01,3.669149652304691145e+00
1.972277793655329958e+01,3.985025584113829566e+00
1.974278365247213429e+01,3.510883564110551358e+00
1.976278936839096900e+01,2.825737429028248648e+00
1.978279508430980371e+01,3.432024082589088643e+00
1.980280080022863842e+01,3.432766872846126915e+00
1.982280651614747313e+01,4.049548088708949223e+00
1.984281223206630784e+01,3.405097197554813881e+00
1.986281794798513900e+01,3.978933299651012057e+00
1.988282366390397371e+01,3.005734326528413991e+00
1.990282937982280487e+01,3.212493801242046310e+00
1.992283509574163958e+01,3.275282276663051384e+00
1.994284081166047429e+01,3.136101874237467335e+00
1.996284652757930900e+01,3.201658284213798833e+00
1.998285224349814371e+01,3.515792959554876695e+00
2.000285795941697842e+01,3.905804816931052859e+00
2.002286367533581313e+01,3.142072825055820751e+00
2.004286939125464428e+01,3.041496333905894467e+00
2.006287510717347899e+01,2.990228552891484703e+00
2.008288082309231015e+01,3.583890823978013174e+00
2.010288653901114486e+01,3.936849386758452862e+00
2.012289225492997957e+01,3.460412288767827249e+00
2.014289797084881428e+01,3.509448922208032506e+00
2.016290368676764899e+01,2.876262352668598421e+00
2.018290940268648370e+01,4.257867511765272894e+00
2.020291511860531841e+01,3.295330880514588223e+00
2.022292083452414957e+01,3.934372946084086387e+00
2.024292655044298428e+01,3.124600933621707988e+00
2.026293226636181899e+01,3.113907897305229877e+00
2.028293798228065015e+01,3.781679686782142724e+00
2.030294369819948486e+01,3.532588617476328352e+00
2.032294941411831957e+01,3.638510074916996295e+00
2.034295513003715428e+01,3.156908268291489961e+00
2.036296084595598899e+01,3.989798890254752983e+00
2.038296656187482370e+01,3.197043265811040591e+00
2.040297227779365841e+01,3.883717816152903346e+00
2.042297799371248956e+01,3.358425027082742709e+00
2.044298370963132427e+01,2.941217505974734525e+00
2.046298942555015543e+01,3.752600969779556372e+00
2.048299514146899014e+01,3.243281097245738653e+00
2.050300085738782485e+01,3.529302435619478651e+00
2.052300657330665956e+01,3.056003376343321865e+00
2.054301228922549427e+01,3.061612043839821773e+00
2.056301800514432898e+01,3.829661995196944169e+00
2.058302372106316369e+01,2.660869685170944798e+00
2.060302943698199485e+01,3.344742676264064851e+00
2.062303515290082956e+01,3.607464894112625942e+00
2.064304086881966072e+01,3.175952824472072500e+00
2.066304658473849543e+01,3.649793513891092189e+00
2.068305230065733014e+01,3.342286684443856348e+00
2.070305801657616485e+01,3.174811716023766550e+00
2.072306373249499956e+01,3.649937927101386759e+00
2.074306944841383427e+01,2.902892204376449570e+00
2.076307516433266898e+01,3.740754661001084891e+00
2.078308088025150369e+01,4.082239814441563475e+00
2.080308659617033484e+01,3.540412041505079710e+00
2.082309231208916955e+01,3.125574012378532718e+00
2.084309802800800071e+01,4.296515583308627484e+00
2.086310374392683542e+01,4.149337011744319348e+00
2.088310945984567013e+01,3.417917250003480234e+00
2.090311517576450484e+01,3.282396914337307514e+00
2.092312089168333955e+01,3.663651167164084121e+00
2.094312660760217426e+01,3.080986633264130248e+00
2.096313232352100897e+01,2.907402220334418974e+00
2.098313803943984013e+01,3.583616257213450673e+00
2.100314375535867484e+01,2.629414380703502196e+00
2.102314947127750600e+01,3.377510833448062577e+00
2.104315518719634071e+01,3.080301157923976518e+00
2.106316090311517542e+01,3.664840374517480903e+00
2.108316661903401013e+01,2.894366656204449662e+00
2.110317233495284484e+01,3.698612420832644965e+00
2.112317805087167955e+01,3.644755583318171510e+00
2.114318376679051426e+01,3.481417192752622292e+00
2.116318948270934541e+01,3.635597828879070015e+00
2.118319519862818012e+01,2.660489816398271312e+00
2.120320091454701483e+01,3.109470490167262291e+00
2.122320663046584599e+01,3.476729494452091451e+00
2.124321234638468070e+01,3.665516198349558330e+00
2.126321806230351541e+01,3.640938669773716718e+00
2.128322377822235012e+01,3.750750874925601330e+00
2.130322949414118483e+01,3.822367061974567548e+00
2.132323521006001954e+01,3.943994565911493222e+00
2.134324092597885425e+01,2.846791966339656366e+00
2.136324664189768541e+01,3.868507036700960633e+00
2.138325235781652012e+01,3.747517551765702226e+00
2.140325807373535127e+01,3.044975543497588255e+00
2.142326378965418598e+01,3.467263284659755751e+00
2.144326950557302069e+01,3.933402836472940756e+00
2.146327522149185540e+01,4.003548458577393276e+00
2.148328093741069011e+01,3.446842077416205630e+00
2.150328665332952482e+01,3.283466430251324120e+00
2.152329236924835953e+01,3.081091071545783766e+00
2.154329808516719069e+01,3.248518028434659755e+00
2.156330380108602540e+01,3.934225239570232624e+00
2.158330951700485656e+01,3.549800289312886381e+00
2.160331523292369127e+01,3.591982906022250788e+00
2.162332094884252598e+01,3.692711491915443567e+00
2.164332666476136069e+01,3.167045938177903253e+00
2.166333238068019540e+01,3.656052277957122509e+00
2.168333809659903011e+01,3.331375222332909392e+00
2.170334381251786482e+01,3.300116954386663970e+00
2.172334952843669598e+01,3.555796716143961866e+00
2.174335524435553069e+01,3.396810357245311884e+00
2.176336096027436540e+01,3.687307339458990807e+00
2.178336667619319655e+01,3.166183643222523436e+00
2.180337239211203126e+01,3.684738427963888174e+00
2.182337810803086597e+01,3.348880023970696396e+00
2.184338382394970068e+01,3.354784299665726888e+00
2.186338953986853539e+01,3.163455308072940397e+00
2.188339525578737010e+01,2.975985901781800891e+00
2.190340097170620481e+01,3.232715293308397353e+00
2.192340668762503597e+01,3.438204533003495378e+00
2.194341240354387068e+01,3.113528459801238490e+00
2.196341811946270184e+01,3.805253871738581317e+00
2.198342383538153655e+01,3.884061899000921692e+00
2.200342955130037126e+01,2.720300060631412720e+00
2.202343526721920597e+01,3.372045256162798488e+00
2.204344098313804068e+01,2.921821570510008126e+00
2.206344669905687539e+01,3.230425789807906067e+00
2.208345241497571010e+01,3.154046687316138353e+00
2.210345813089454126e+01,3.940651700300044524e+00
2.212346384681337597e+01,3.984364507310726999e+00
2.214346956273221068e+01,3.961447556420807814e+00
2.216347527865104183e+01,3.462275763280032947e+00
2.218348099456987654e+01,2.817405021967471779e+00
2.220348671048871125e+01,4.096949328594883255e+00
2.222349242640754596e+01,4.132540363208854650e+00
2.224349814232638067e+01,3.528998830375328133e+00
2.226350385824521538e+01,3.495718063763107786e+00
2.228350957416405009e+01,3.823447483482800280e+00
2.230351529008288125e+01,4.218417309042486352e+00
2.232352100600171596e+01,2.941212393575790784e+00
2.234352672192054712e+01,3.581298915851514941e+00
2.236353243783938183e+01,3.388602050819706335e+00
2.238353815375821654e+01,3.366118512229717474e+00
2.240354386967705125e+01,4.154750613986310626e+00
2.242354958559588596e+01,4.054693194715951243e+00
2.244355530151472067e+01,2.755596896753858438e+00
2.246356101743355538e+01,3.335118348262186672e+00
2.248356673335238654e+01,4.034185261738505446e+00
2.250357244927122125e+01,3.563082119508334866e+00
2.252357816519005240e+01,3.194849552305981000e+00
2.254358388110888711e+01,3.592232030026425882e+00
2.256358959702772182e+01,3.743112912708446149e+00
2.258359531294655653e+01,4.011579602328685823e+00
2.260360102886539124e+01,4.126444380893901531e+00
2.262360674478422595e+01,4.339500717592982504e+00
2.264361246070306066e+01,4.058187096719608533e+00
2.266361817662189182e+01,3.744881109626284399e+00
2.268362389254072653e+01,4.470249810979866290e+00
2.270362960845956124e+01,3.362813565573786079e+00
2.272363532437839240e+01,3.373735395395382586e+00
2.274364104029722711e+01,3.189747096652082003e+00
2.276364675621606182e+01,4.080927200724385528e+00
2.278365247213489653e+01,4.103540751749665816e+00
2.280365818805373124e+01,3.677167325995033931e+00
2.282366390397256595e+01,3.355231743065447247e+00
2.284366961989140066e+01,4.326013706148319038e+00
2.286367533581023181e+01,3.732372453304352078e+00
2.288368105172906652e+01,4.390029260727342120e+00
2.290368676764789768e+01,4.088704021245172626e+00
2.292369248356673239e+01,3.439460079782776791e+00
2.294369819948556710e+01,4.605491427048184150e+00
2.296370391540440181e+01,4.419751645874539392e+00
2.298370963132323652e+01,4.423455208418312523e+00
2.300371534724207123e+01,4.136916166457110577e+00
2.302372106316090594e+01,4.334138895854360740e+00
2.304372677907973710e+01,4.367476359056793100e+00
2.306373249499857181e+01,4.445681706514730713e+00
2.308373821091740652e+01,3.871053220308872778e+00
2.310374392683623768e+01,4.908469234006471282e+00
2.312374964275507239e+01,4.534709005121241532e+00
2.314375535867390710e+01,5.041872388228577861e+00
2.316376107459274181e+01,4.845890614326689771e+00
2.318376679051157652e+01,5.049186127562836468e+00
2.320377250643041123e+01,4.395695949693726234e+00
2.322377822234924594e+01,5.294387768227362123e+00
2.324378393826807709e+01,4.983241846358946958e+00
2.326378965418691180e+01,5.764240547662465630e+00
2.328379537010574296e+01,5.151989530856106114e+00
2.330380108602457767e+01,5.547575327672488399e+00
2.332380680194341238e+01,5.174629362978945935e+00
2.334381251786224709e+01,5.501579920932134549e+00
2.336381823378108180e+01,5.686134047378020639e+00
2.338382394969991651e+01,5.240762553275090774e+00
2.340382966561875122e+01,5.970410976744635612e+00
2.342383538153758238e+01,5.616243145670157588e+00
2.344384109745641709e+01,6.426963270216425883e+00
2.346384681337524825e+01,6.733967410855640878e+00
2.348385252929408296e+01,6.024310742783849371e+00
2.350385824521291767e+01,6.492689013769718187e+00
2.352386396113175238e+01,6.517766194639348143e+00
2.354386967705058709e+01,7.041513205397563979e+00
2.356387539296942180e+01,7.560393392702499327e+00
2.358388110888825651e+01,7.064032332861259533e+00
2.360388682480708766e+01,7.336178780970663560e+00
2.362389254072592237e+01,8.210678937144145095e+00
2.364389825664475708e+01,7.872133541198275353e+00
2.366390397256358824e+01,7.942153761340717821e+00
2.368390968848242295e+01,9.032192831881040718e+00
2.370391540440125766e+01,8.825269950016940257e+00
2.372392112032009237e+01,9.271412717124817959e+00
2.374392683623892708e+01,9.288562565940583937e+00
2.376393255215776179e+01,9.612406881726707653e+00
2.378393826807659650e+01,1.091885568974983478e+01
2.380394398399542766e+01,1.056989320233323504e+01
2.382394969991426237e+01,1.051416311605392551e+01
2.384395541583309353e+01,1.094356316776370086e+01
2.386396113175192824e+01,1.212104183884223296e+01
2.388396684767076295e+01,1.238010351804876308e+01
2.390397256358959766e+01,1.274802795399768307e+01
2.392397827950843237e+01,1.370309677649703595e+01
2.394398399542726708e+01,1.359037448020798067e+01
2.396398971134610179e+01,1.393604687735025038e+01
2.398399542726493294e+01,1.490284051786192876e+01
2.400400114318376765e+01,1.539294801561774761e+01
2.402400685910260236e+01,1.482208714650280434e+01
2.404401257502143352e+01,1.584308950552617468e+01
2.406401829094026823e+01,1.623744922012512149e+01
2.408402400685910294e+01,1.756635459397789489e+01
2.410402972277793765e+01,1.760861335064523558e+01
2.412403543869677236e+01,1.744194337133224337e+01
2.414404115461560707e+01,1.742989746260054673e+01
2.416404687053444178e+01,1.805208972987748695e+01
2.418405258645327294e+01,1.806774930882442476e+01
2.420405830237210765e+01,1.739469612391065212e+01
2.422406401829093880e+01,1.717226024766288717e+01
2.424406973420977351e+01,1.789221866334126787e+01
2.426407545012860822e+01,1.693572097941424204e+01
2.428408116604744293e+01,1.681504440939128031e+01
2.430408688196627764e+01,1.628710995333526057e+01
2.432409259788511235e+01,1.662187576519557553e+01
2.434409831380394706e+01,1.579939310721995938e+01
2.436410402972277822e+01,1.479667587446058441e+01
2.438410974564161293e+01,1.461127968662313492e+01
2.440411546156044409e+01,1.294368982576346028e+01
2.442412117747927880e+01,1.298349722426611130e+01
2.444412689339811351e+01,1.186491170900463032e+01
2.446413260931694822e+01,1.226196423217109555e+01
2.448413832523578293e+01,1.109416909306033006e+01
2.450414404115461764e+01,9.554121269565506225e+00
2.452414975707345235e+01,9.317921112081107182e+00
2.454415547299228351e+01,9.022613444784132852e+00
2.456416118891111822e+01,7.096718355281283586e+00
2.458416690482995293e+01,7.207425222203207582e+00
2.460417262074878408e+01,6.850287668609052361e+00
2.462417833666761879e+01,6.367448785653998300e+00
2.464418405258645350e+01,5.368459236275098689e+00
2.466418976850528821e+01,5.878706453495793127e+00
2.468419548442412292e+01,4.532827243675007445e+00
2.470420120034295763e+01,4.757158090371779835e+00
2.472420691626179234e+01,4.858229934359847846e+00
2.474421263218062350e+01,4.084282879023545476e+00
2.476421834809945821e+01,4.137337432423928263e+00
2.478422406401828937e+01,4.053066185963444035e+00
2.480422977993712408e+01,3.691972110548394248e+00
2.482423549585595879e+01,4.134217410596463971e+00
2.484424121177479350e+01,4.489407526925760727e+00
2.486424692769362821e+01,4.116355264166075223e+00
2.488425264361246292e+01,3.045001444440892602e+00
2.490425835953129763e+01,3.586528519630301837e+00
2.492426407545012879e+01,3.431431181605782754e+00
2.494426979136896350e+01,3.867863578127130442e+00
2.496427550728779821e+01,3.355586692479814559e+00
2.498428122320662936e+01,3.772548750374096205e+00
2.500428693912546407e+01,3.849890213912372072e+00
2.502429265504429878e+01,3.449966145639611792e+00
2.504429837096313349e+01,3.020860903872153003e+00
2.506430408688196820e+01,3.974502902420008255e+00
2.508430980280080291e+01,3.333609129585592079e+00
2.510431551871963762e+01,3.202241508216359556e+00
2.512432123463846878e+01,3.745727782286660368e+00
2.514432695055730349e+01,3.876055642431901038e+00
2.516433266647613465e+01,4.034691775271993741e+00
2.518433838239496936e+01,2.964710454529199790e+00
2.520434409831380407e+01,3.006288052325690963e+00
2.522434981423263878e+01,4.142861239429690201e+00
2.524435553015147349e+01,3.726539817835503143e+00
2.526436124607030820e+01,3.818106570040643355e+00
2.528436696198914291e+01,4.197988195032843706e+00
2.530437267790797407e+01,3.105720861038940406e+00
2.532437839382680878e+01,3.462683295482920087e+00
2.534438410974563993e+01,3.899174467869532812e+00
2.536438982566447464e+01,3.497127339060971174e+00
2.538439554158330935e+01,2.706683560118790854e+00
2.540440125750214406e+01,4.110176554818155026e+00
2.542440697342097877e+01,3.060158099702601220e+00
2.544441268933981348e+01,3.468511849097611677e+00
2.546441840525864819e+01,3.767406367112460686e+00
2.548442412117747935e+01,3.306932376614794222e+00
2.550442983709631406e+01,4.468937305274881311e+00
2.552443555301514877e+01,2.810266614884062264e+00
2.554444126893397993e+01,4.124086926114331142e+00
2.556444698485281464e+01,3.669908831128972704e+00
2.558445270077164935e+01,4.051648916450866444e+00
2.560445841669048406e+01,3.121821931094360458e+00
2.562446413260931877e+01,3.733701623507146294e+00
2.564446984852815348e+01,4.025603869996755790e+00
2.566447556444698819e+01,3.450436451083656042e+00
2.568448128036581934e+01,3.618687478710110650e+00
2.570448699628465405e+01,4.280424992934288575e+00
2.572449271220348521e+01,4.371551101935013506e+00
2.574449842812231992e+01,4.236252826200365362e+00
2.576450414404115463e+01,3.668149386692536318e+00
2.578450985995998934e+01,3.373069811543545793e+00
2.580451557587882405e+01,3.842142661687226735e+00
2.582452129179765876e+01,3.918008304224165350e+00
2.584452700771649347e+01,3.956918835201464368e+00
2.586453272363532463e+01,4.063193635653642666e+00
2.588453843955415934e+01,3.361715168285491107e+00
2.590454415547299405e+01,3.769890468093715530e+00
2.592454987139182521e+01,3.455528389359698860e+00
2.594455558731065992e+01,4.001814070910285182e+00
2.596456130322949463e+01,3.596624527055771292e+00
2.598456701914832934e+01,4.091750299306107230e+00
2.600457273506716405e+01,4.287983390908149062e+00
2.602457845098599520e+01,5.004833566197496530e+00
2.604458416690482991e+01,4.782118037712478120e+00
2.606458988282366462e+01,3.901194889244244735e+00
2.608459559874249933e+01,4.982580512281993279e+00
2.610460131466133404e+01,4.594536057266116025e+00
2.612460703058016520e+01,4.628399398058542502e+00
2.614461274649899991e+01,4.270789515606290720e+00
2.616461846241783462e+01,5.204607948823071872e+00
2.618462417833666933e+01,4.779636863201375263e+00
2.620462989425550404e+01,5.143405547906970021e+00
2.622463561017433520e+01,4.244407787639498331e+00
2.624464132609316991e+01,4.310600546591253135e+00
2.626464704201200462e+01,5.188748419646061372e+00
2.628465275793083933e+01,5.907152992491120358e+00
2.630465847384967049e+01,5.453558645535148131e+00
2.632466418976850520e+01,5.631804417556734776e+00
2.634466990568733991e+01,5.769619248619349605e+00
2.636467562160617462e+01,5.760523265763465517e+00
2.638468133752500933e+01,4.922810275892805620e+00
2.640468705344384048e+01,5.410761064345789073e+00
2.642469276936267519e+01,6.053290417428305759e+00
2.644469848528150990e+01,5.943027289849420747e+00
2.646470420120034461e+01,5.603437212121407995e+00
2.648470991711917932e+01,5.694571380403387728e+00
2.650471563303801048e+01,5.414401243746492121e+00
2.652472134895684519e+01,6.196122726497957700e+00
2.654472706487567990e+01,5.515739861017291190e+00
2.656473278079451461e+01,5.234796170169968121e+00
2.658473849671334932e+01,4.183771018443366962e+00
2.660474421263218048e+01,4.858486726871402261e+00
2.662474992855101519e+01,4.478291230265719847e+00
2.664475564446984990e+01,3.834570354802046666e+00
2.666476136038868461e+01,4.375374809962781164e+00
2.668476707630751577e+01,4.442518814162571772e+00
2.670477279222635048e+01,4.377139664439877897e+00
2.672477850814518519e+01,4.543738012660353931e+00
2.674478422406401990e+01,3.864697579257889259e+00
2.676478993998285461e+01,4.102501357490814904e+00
2.678479565590168576e+01,3.785397213563219232e+00
2.680480137182052047e+01,3.955132979747051358e+00
2.682480708773935518e+01,3.043532705199369914e+00
2.684481280365818989e+01,3.163399550870287236e+00
2.686481851957702460e+01,3.698956406447051926e+00
2.688482423549585576e+01,3.706315293505590525e+00
2.690482995141469047e+01,2.885920304970281070e+00
2.692483566733352518e+01,4.193050428182745648e+00
2.694484138325235989e+01,3.689664490988890932e+00
2.696484709917119105e+01,3.242926275041416950e+00
2.698485281509002576e+01,3.711167568140458783e+00
2.700485853100886047e+01,4.145768568134789334e+00
2.702486424692769518e+01,3.599015061865971088e+00
2.704486996284652989e+01,3.196504503782897189e+00
2.706487567876536104e+01,3.901098828748715164e+00
2.708488139468419575e+01,2.953118079504809312e+00
2.710488711060303046e+01,4.034068333906427384e+00
2.712489282652186517e+01,3.077388655188994626e+00
2.714489854244069988e+01,3.365162451601212634e+00
2.716490425835953104e+01,3.484273489902776966e+00
2.718490997427836575e+01,4.200535742471230627e+00
2.720491569019720046e+01,3.386665470458993354e+00
2.722492140611603517e+01,3.991324002962936213e+00
2.724492712203486633e+01,3.334751582794498681e+00
2.726493283795370104e+01,3.639333183204167543e+00
2.728493855387253575e+01,3.472718612551799033e+00
2.730494426979137046e+01,3.674208545459825004e+00
2.732494998571020517e+01,4.259757762160427674e+00
2.734495570162903633e+01,3.813881414400826841e+00
2.736496141754787104e+01,3.304174958911079152e+00
2.738496713346670575e+01,3.460336455938739508e+00
2.740497284938554046e+01,3.927822724138599231e+00
2.742497856530437517e+01,3.191712090266649593e+00
2.744498428122320632e+01,2.702458313384222599e+00
2.746498999714204103e+01,3.003006021722878227e+00
2.748499571306087574e+01,3.795623424876767071e+00
2.750500142897971045e+01,3.291386318574405223e+00
2.752500714489854516e+01,2.715067880407809220e+00
2.754501286081737632e+01,3.716069945820686726e+00
2.756501857673621103e+01,4.023678134789570038e+00
2.758502429265504574e+01,3.249208725046115909e+00
2.760503000857388045e+01,3.896169540334344816e+00
2.762503572449271161e+01,3.892498634042757200e+00
2.764504144041154632e+01,3.616264627282416377e+00
2.766504715633038103e+01,3.292767600132586736e+00
2.768505287224921574e+01,4.014503672931284406e+00
2.770505858816805045e+01,3.679488845074687653e+00
2.772506430408688161e+01,3.541816107338294994e+00
2.774507002000571632e+01,2.798440496754191820e+00
2.776507573592455103e+01,3.270953586798228230e+00
2.778508145184338574e+01,3.013115339511731605e+00
2.780508716776222045e+01,3.599410101518173200e+00
2.782509288368105160e+01,3.241726391428712439e+00
2.784509859959988631e+01,3.735318824728651066e+00
2.786510431551872102e+01,3.021472526255873703e+00
2.788511003143755573e+01,3.574284847670276655e+00
2.790511574735638689e+01,3.302114129986431834e+00
2.792512146327522160e+01,3.732663378094342121e+00
2.794512717919405631e+01,3.170778878945957668e+00
2.796513289511289102e+01,3.329682691624253010e+00
2.798513861103172573e+01,3.140922070814015310e+00
2.800514432695055689e+01,3.600822057854961677e+00
2.802515004286939160e+01,3.636339499502051265e+00
2.804515575878822631e+01,3.586304406712982562e+00
2.806516147470706102e+01,3.367788974031932447e+00
2.808516719062589573e+01,3.453351902847805910e+00
2.810517290654472689e+01,4.131750430492154180e+00
2.812517862246356160e+01,3.197301860087971459e+00
2.814518433838239631e+01,3.269213521230275532e+00
2.816519005430123102e+01,3.632874388186234427e+00
2.818519577022006217e+01,4.245762482535252680e+00
2.820520148613889688e+01,3.525533268056213032e+00
2.822520720205773159e+01,3.628879287163313094e+00
2.824521291797656630e+01,3.791909687901650283e+00
2.826521863389540101e+01,3.775351979176905459e+00
2.828522434981423217e+01,3.479405170641945322e+00
2.830523006573306688e+01,3.266063799314657068e+00
2.832523578165190159e+01,3.521798863418437620e+00
2.834524149757073630e+01,3.639534459751981643e+00
2.836524721348957101e+01,3.911950543928668811e+00
2.838525292940840217e+01,3.944693029255321726e+00
2.840525864532723688e+01,3.451641461485267293e+00
2.842526436124607159e+01,3.843307709472778555e+00
2.844527007716490630e+01,3.664310015970262846e+00
2.846527579308374101e+01,3.579304602984627159e+00
2.848528150900257216e+01,4.212158880398639837e+00
2.850528722492140687e+01,3.286012370246912617e+00
2.852529294084024158e+01,3.462217854242769732e+00
2.854529865675907629e+01,4.358102221112303276e+00
2.856530437267790745e+01,3.943969082775380830e+00
2.858531008859674216e+01,3.696941946196471207e+00
2.860531580451557687e+01,3.267536592758079728e+00
2.862532152043441158e+01,3.496223667261737056e+00
2.864532723635324629e+01,3.979933899985375501e+00
2.866533295227207745e+01,3.670457992439589923e+00
2.868533866819091216e+01,4.188725485489774414e+00
2.870534438410974687e+01,4.134167737685473298e+00
2.872535010002858158e+01,3.459985733981640887e+00
2.874535581594741629e+01,4.568648266762536991e+00
2.876536153186624745e+01,4.580182171276592662e+00
2.878536724778508216e+01,4.229319467906311303e+00
2.880537296370391687e+01,4.234851373504158190e+00
2.882537867962275158e+01,4.805809438374446074e+00
2.884538439554158273e+01,4.887633526857992905e+00
2.886539011146041744e+01,4.885148146510774225e+00
2.888539582737925215e+01,4.376171362987737012e+00
2.890540154329808686e+01,4.732880916128880955e+00
2.892540725921692157e+01,5.560329317781345537e+00
2.894541297513575273e+01,5.367156874439440450e+00
2.896541869105458744e+01,6.345460243479028151e+00
2.898542440697342215e+01,6.391449423595279455e+00
2.900543012289225686e+01,6.556630613901329063e+00
2.902543583881109157e+01,6.897695841188658861e+00
2.904544155472992273e+01,6.931618605369367359e+00
2.906544727064875744e+01,8.315807376259586547e+00
2.908545298656759215e+01,8.937839191702547481e+00
2.910545870248642686e+01,9.046388816212472150e+00
2.912546441840525802e+01,9.554903470580736524e+00
2.914547013432409273e+01,9.748173614400112541e+00
2.916547585024292744e+01,9.968083255194471803e+00
2.918548156616176215e+01,1.100221181428898731e+01
2.920548728208059686e+01,1.095095139489590608e+01
2.922549299799942801e+01,1.199180720511353471e+01
2.924549871391826272e+01,1.365345361622096831e+01
2.926550442983709743e+01,1.432858063151292605e+01
2.928551014575593214e+01,1.470709163325813051e+01
2.930551586167476685e+01,1.574665393041835060e+01
2.932552157759359801e+01,1.664722946783382085e+01
2.934552729351243272e+01,1.713679532542030870e+01
2.936553300943126743e+01,1.900880368412189370e+01
2.938553872535010214e+01,2.051509222374135533e+01
2.940554444126893330e+01,2.118760290179875838e+01
2.942555015718776801e+01,2.216854171072957769e+01
2.944555587310660272e+01,2.411396940827854962e+01
2.946556158902543743e+01,2.522393617886529427e+01
2.948556730494427214e+01,2.680540351512231467e+01
2.950557302086310330e+01,2.785462083332772565e+01
2.952557873678193801e+01,2.929410844078988418e+01
2.954558445270077272e+01,3.078019314672626194e+01
2.956559016861960743e+01,3.311368389797634393e+01
2.958559588453844214e+01,3.450616195351226168e+01
2.960560160045727329e+01,3.601581618369805682e+01
2.962560731637610800e+01,3.636338864763239798e+01
2.964561303229494271e+01,3.864736949361104479e+01
2.966561874821377742e+01,3.933077819988098156e+01
2.968562446413261213e+01,4.018367639756434784e+01
2.970563018005144329e+01,4.075110379644394953e+01
2.972563589597027800e+01,4.156326214586403722e+01
2.974564161188911271e+01,4.051840875236261041e+01
2.976564732780794742e+01,4.081429654791246264e+01
2.978565304372677858e+01,4.072764942314336878e+01
2.980565875964561329e+01,4.013337926622487117e+01
2.982566447556444800e+01,3.878223265257358321e+01
2.984567019148328271e+01,3.738240478101526776e+01
2.986567590740211742e+01,3.587004554852390470e+01
2.988568162332094857e+01,3.365400391031567295e+01
2.990568733923978328e+01,3.142265630944755728e+01
2.992569305515861799e+01,2.962071181368757777e+01
2.994569877107745270e+01,2.785015390855016904e+01
2.996570448699628741e+01,2.507183993706463809e+01
2.998571020291511857e+01,2.281352641536077286e+01
3.000571591883395328e+01,2.112709942295787968e+01
3.002572163475278799e+01,1.869427015145057780e+01
3.004572735067162270e+01,1.720982243955069180e+01
3.006573306659045386e+01,1.636073903623514525e+01
3.008573878250928857e+01,1.441289541598472113e+01
3.010574449842812328e+01,1.284248817273505239e+01
3.012575021434695799e+01,1.223998399609570065e+01
3.014575593026579270e+01,1.116477762717048350e+01
3.016576164618462386e+01,1.070843822808357260e+01
3.018576736210345857e+01,9.657480655381220913e+00
3.020577307802229328e+01,8.927162868956497022e+00
3.022577879394112799e+01,9.413026913893112635e+00
3.024578450985996270e+01,8.171615981796144013e+00
3.026579022577879385e+01,8.875103059539419803e+00
3.028579594169762856e+01,8.722130481294930959e+00
3.030580165761646327e+01,8.580530546832203953e+00
3.032580737353529798e+01,7.289083563967450274e+00
3.034581308945412914e+01,7.905205917167203111e+00
3.036581880537296385e+01,7.890633002141685282e+00
3.038582452129179856e+01,7.457963043612701348e+00
3.040583023721063327e+01,6.732238556217279069e+00
3.042583595312946798e+01,6.782882213025244411e+00
3.044584166904829914e+01,6.926253220153295587e+00
3.046584738496713385e+01,6.641596908062061821e+00
3.048585310088596856e+01,5.740897142184108404e+00
3.050585881680480327e+01,5.400158380451833828e+00
3.052586453272363798e+01,6.406353002963361298e+00
3.054587024864246914e+01,5.482845485218388326e+00
3.056587596456130385e+01,5.594475444983537216e+00
3.058588168048013856e+01,6.177118175340753581e+00
3.060588739639897327e+01,5.590931720065546173e+00
3.062589311231780798e+01,5.820153099923649265e+00
3.064589882823663913e+01,6.087609925703372227e+00
3.066590454415547384e+01,6.256678695403797619e+00
3.068591026007430855e+01,5.926990121186158866e+00
3.070591597599314326e+01,5.805130680562778700e+00
3.072592169191197442e+01,6.418650410022892494e+00
3.074592740783080913e+01,5.972229461743915557e+00
3.076593312374964384e+01,5.742381000628832055e+00
3.078593883966847855e+01,5.896938029454146246e+00
3.080594455558731326e+01,6.370771235229524265e+00
3.082595027150614442e+01,6.953152194332869129e+00
3.084595598742497913e+01,5.935166858460631190e+00
3.086596170334381384e+01,5.995268704062909570e+00
3.088596741926264855e+01,6.342167935543023383e+00
3.090597313518148326e+01,6.177683046778201792e+00
3.092597885110031442e+01,7.153054127891465441e+00
3.094598456701914913e+01,6.679159093962317328e+00
3.096599028293798384e+01,6.048143688288821096e+00
3.098599599885681855e+01,6.176206680561692863e+00
3.100600171477564970e+01,6.538999340236983038e+00
3.102600743069448441e+01,6.687224430777797046e+00
3.104601314661331912e+01,6.718199859601304169e+00
3.106601886253215383e+01,5.672118122856566025e+00
3.108602457845098854e+01,6.155860878505082567e+00
3.110603029436981970e+01,5.307278501335708221e+00
3.112603601028865441e+01,5.252216533110411589e+00
3.114604172620748912e+01,4.807838884639021870e+00
3.116604744212632383e+01,4.835241308539540483e+00
3.118605315804515854e+01,4.727186874241127157e+00
3.120605887396398970e+01,5.027147636298394673e+00
3.122606458988282441e+01,4.780185125265947299e+00
3.124607030580165912e+01,5.121772021811792364e+00
3.126607602172049383e+01,4.742768640262553070e+00
3.128608173763932498e+01,4.192422597761142455e+00
3.130608745355815969e+01,4.833902814605606224e+00
3.132609316947699440e+01,4.753865700507239112e+00
3.134609888539582911e+01,4.958923814608197311e+00
3.136610460131466382e+01,4.170889049535252191e+00
3.138611031723349498e+01,4.765505892904750240e+00
3.140611603315232969e+01,5.139450434248649557e+00
3.142612174907116440e+01,4.891436836356456652e+00
3.144612746498999911e+01,5.192666475805749471e+00
3.146613318090883382e+01,5.209970161591632731e+00
3.148613889682766498e+01,4.618489400749781204e+00
3.150614461274649969e+01,5.358739820238790585e+00
3.152615032866533440e+01,5.161645631535463075e+00
3.154615604458416911e+01,5.142645534499258986e+00
3.156616176050300382e+01,5.290739228987154874e+00
3.158616747642183498e+01,6.174783050924204986e+00
3.160617319234066969e+01,5.440255440887700189e+00
3.162617890825950440e+01,6.044499829899493193e+00
3.164618462417833911e+01,6.260215355023108330e+00
3.166619034009717026e+01,5.583069218826395286e+00
3.168619605601600497e+01,5.857386890341462760e+00
3.170620177193483968e+01,5.473257602665825061e+00
3.172620748785367439e+01,5.928788685565530514e+00
3.174621320377250910e+01,6.312818082937583952e+00
3.176621891969134026e+01,5.946141325951618484e+00
3.178622463561017497e+01,6.541309833595675194e+00
3.180623035152900968e+01,6.432121675799876925e+00
3.182623606744784439e+01,6.748009446416045165e+00
3.184624178336667910e+01,6.787890093765798660e+00
3.186624749928551026e+01,6.436255867900024796e+00
3.188625321520434497e+01,6.637987029237212511e+00
3.190625893112317968e+01,6.893030269416613010e+00
3.192626464704201439e+01,6.109595378354065964e+00
3.194627036296084555e+01,6.894229615719980941e+00
3.196627607887968026e+01,6.788258977994979126e+00
3.198628179479851497e+01,7.024029818008068027e+00
3.200628751071734968e+01,6.573022878694986915e+00
3.202629322663618439e+01,6.037459372619278675e+00
3.204629894255501199e+01,5.563560919479571432e+00
3.206630465847385381e+01,6.383353816548261506e+00
3.208631037439268141e+01,6.225357987468349563e+00
3.210631609031152323e+01,6.490879576307408527e+00
3.212632180623035083e+01,6.029802333268281522e+00
3.214632752214918554e+01,5.432951794203018991e+00
3.216633323806802025e+01,6.070482449862322660e+00
3.218633895398685496e+01,6.982008736810388250e+00
3.220634466990568967e+01,6.750177124312260801e+00
3.222635038582451728e+01,6.091601334097714648e+00
3.224635610174335909e+01,5.806681502687748520e+00
3.226636181766218670e+01,5.161887597047451592e+00
3.228636753358102851e+01,5.812129399001494612e+00
3.230637324949985612e+01,5.859928766923309773e+00
3.232637896541869083e+01,5.011087465356836468e+00
3.234638468133752554e+01,5.047732873952282873e+00
3.236639039725636025e+01,5.328572883350841671e+00
3.238639611317519496e+01,4.764607260815132861e+00
3.240640182909402967e+01,4.674170499288751834e+00
3.242640754501286438e+01,5.427150512043940722e+00
3.244641326093169198e+01,4.460787924117729730e+00
3.246641897685053380e+01,3.975332860301390436e+00
3.248642469276936140e+01,4.037213136367285848e+00
3.250643040868819611e+01,4.103854383355862723e+00
3.252643612460703082e+01,4.257470528757913542e+00
3.254644184052586553e+01,3.625546438999755594e+00
3.256644755644470024e+01,4.566626961864938217e+00
3.258645327236353495e+01,3.665109422807299566e+00
3.260645898828236966e+01,4.040268512919536370e+00
3.262646470420119726e+01,4.118458418057851844e+00
3.264647042012003908e+01,4.015238334940846698e+00
3.266647613603886668e+01,4.038377252342158386e+00
3.268648185195770850e+01,4.151797597582651989e+00
3.270648756787653610e+01,4.051262716521790708e+00
3.272649328379537081e+01,3.921386978517796162e+00
3.274649899971420552e+01,3.773489658581154149e+00
3.276650471563304023e+01,3.740319463308927617e+00
3.278651043155187494e+01,3.669880377162636265e+00
3.280651614747070255e+01,3.996467080466914013e+00
3.282652186338954436e+01,3.891007935550717445e+00
3.284652757930837197e+01,4.255951362759812007e+00
3.286653329522721378e+01,4.156351795379451985e+00
3.288653901114604139e+01,3.325189565624198096e+00
3.290654472706487610e+01,3.822711857510210365e+00
3.292655044298371081e+01,4.580350711837159139e+00
3.294655615890254552e+01,3.939874226627290810e+00
3.296656187482138023e+01,4.561134416299970518e+00
3.298656759074020783e+01,3.996513119984322682e+00
3.300657330665904965e+01,4.089981404473384430e+00
3.302657902257787725e+01,3.915750581130932773e+00
3.304658473849671907e+01,3.876591658378146565e+00
3.306659045441554667e+01,3.502979356662351051e+00
3.308659617033438138e+01,3.579734828421335724e+00
3.310660188625321609e+01,4.277902812970507895e+00
3.312660760217205080e+01,4.243889485729912536e+00
3.314661331809088551e+01,3.958406091805498850e+00
3.316661903400971312e+01,4.194709525767872371e+00
3.318662474992855493e+01,3.996825360056362797e+00
3.320663046584738254e+01,4.423928422246346415e+00
3.322663618176622435e+01,4.224880627630693830e+00
3.324664189768505196e+01,4.593001501025186784e+00
3.326664761360388667e+01,4.245882820704085958e+00
3.328665332952272138e+01,4.056620849042261945e+00
3.330665904544155609e+01,4.589226079512891410e+00
3.332666476136039080e+01,3.875276909489861588e+00
3.334667047727922551e+01,4.786399947303412894e+00
3.336667619319806022e+01,4.551670719884065797e+00
3.338668190911688782e+01,4.841694048871842959e+00
3.340668762503572964e+01,5.445731560078839628e+00
3.342669334095455724e+01,5.274027710508202738e+00
3.344669905687339195e+01,6.070867055628253794e+00
3.346670477279222666e+01,5.892258922145106048e+00
3.348671048871106137e+01,5.589349158232829851e+00
3.350671620462989608e+01,6.070351173547417822e+00
3.352672192054873079e+01,5.923280869242272928e+00
3.354672763646756550e+01,7.188257296438743005e+00
3.356673335238639311e+01,6.576287888144102922e+00
3.358673906830523492e+01,7.629745859046915157e+00
3.360674478422406253e+01,8.098349292192150273e+00
3.362675050014290434e+01,7.413054019639563563e+00
3.364675621606173195e+01,7.937201554970709338e+00
3.366676193198056666e+01,8.404270460966442258e+00
3.368676764789940137e+01,9.811287807955077156e+00
3.370677336381823608e+01,1.020224286146436121e+01
3.372677907973707079e+01,9.267846774340734228e+00
3.374678479565589839e+01,1.068757909920434734e+01
3.376679051157474021e+01,1.054587630450906310e+01
3.378679622749356781e+01,1.113557784224899194e+01
3.380680194341240963e+01,1.168318397700732802e+01
3.382680765933123723e+01,1.205814662256651815e+01
3.384681337525007194e+01,1.310961022352244498e+01
3.386681909116890665e+01,1.379829764149712368e+01
3.388682480708774136e+01,1.393961764499755596e+01
3.390683052300657607e+01,1.496406702364177121e+01
3.392683623892540368e+01,1.562831157599381271e+01
3.394684195484424549e+01,1.580379441826066511e+01
3.396684767076307310e+01,1.564180545551901780e+01
3.398685338668191491e+01,1.591431616079542088e+01
3.400685910260074252e+01,1.629824625604303989e+01
3.402686481851957723e+01,1.656382304320008458e+01
3.404687053443841194e+01,1.591004283830947585e+01
3.406687625035724665e+01,1.582270214043773393e+01
3.408688196627608136e+01,1.568235248584634789e+01
3.410688768219490896e+01,1.560192095581533067e+01
3.412689339811375078e+01,1.468498905985378045e+01
3.414689911403257838e+01,1.411347995118725329e+01
3.416690482995142020e+01,1.416734836700537059e+01
3.418691054587024780e+01,1.337133787679304220e+01
3.420691626178908251e+01,1.363534198736069847e+01
3.422692197770791722e+01,1.277902865320421810e+01
3.424692769362675193e+01,1.261732648159269488e+01
3.426693340954558664e+01,1.189959526026072467e+01
3.428693912546442135e+01,1.180718656576691572e+01
3.430694484138325606e+01,1.230331871041735958e+01
3.432695055730208367e+01,1.236302976282764909e+01
3.434695627322092548e+01,1.241134572536500791e+01
3.436696198913975309e+01,1.126857512425145202e+01
3.438696770505858780e+01,1.154057345076176411e+01
3.440697342097742251e+01,1.205182597566731673e+01
3.442697913689625722e+01,1.134196469989932510e+01
3.444698485281509193e+01,1.238967791953343323e+01
3.446699056873392664e+01,1.155018598681231978e+01
3.448699628465276135e+01,1.200978101629374173e+01
3.450700200057158895e+01,1.129484196904687821e+01
3.452700771649043077e+01,1.107486804758484844e+01
3.454701343240925837e+01,1.153053024862736109e+01
3.456701914832810019e+01,1.088317759866280809e+01
3.458702486424692779e+01,1.036755963870224662e+01
3.460703058016576250e+01,1.117197452727848805e+01
3.462703629608459721e+01,1.052155632246819295e+01
3.464704201200343192e+01,9.750549875461812732e+00
3.466704772792226663e+01,1.024653312568881525e+01
3.468705344384109424e+01,9.217511129053763241e+00
3.470705915975993605e+01,8.710278219704955305e+00
3.472706487567876366e+01,8.746877691333141414e+00
3.474707059159760547e+01,8.126091375694350916e+00
3.476707630751643308e+01,8.326147860156520863e+00
3.478708202343526779e+01,7.650304299189791379e+00
3.480708773935410250e+01,7.511500507542432814e+00
3.482709345527293721e+01,7.183250950282243252e+00
3.484709917119177192e+01,6.923226003297041409e+00
3.486710488711059952e+01,7.781032510039084471e+00
3.488711060302944134e+01,7.182645180940777863e+00
3.490711631894826894e+01,8.191191359833254637e+00
3.492712203486711076e+01,7.845131158276608119e+00
3.494712775078593836e+01,7.730749515772553870e+00
3.496713346670477307e+01,7.991832092445385172e+00
3.498713918262360778e+01,8.542181380665590851e+00
3.500714489854244249e+01,8.631732032826946011e+00
3.502715061446127720e+01,9.605716733649966699e+00
3.504715633038010481e+01,9.782369867669343577e+00
3.506716204629894662e+01,1.064964436984142360e+01
3.508716776221777423e+01,1.200918935470448545e+01
3.510717347813661604e+01,1.180334930252753445e+01
3.512717919405544365e+01,1.276004876304575042e+01
3.514718490997427836e+01,1.373670960926782669e+01
3.516719062589311307e+01,1.461197134732907266e+01
3.518719634181194778e+01,1.608333045250993365e+01
3.520720205773078249e+01,1.523929561942299316e+01
3.522720777364961720e+01,1.750055983503519030e+01
3.524721348956845191e+01,1.870570226678346160e+01
3.526721920548727951e+01,1.886019559434793180e+01
3.528722492140612133e+01,2.004681875533260182e+01
3.530723063732494893e+01,2.120732646486086637e+01
3.532723635324378364e+01,2.263981326692137941e+01
3.534724206916261835e+01,2.297895246844680628e+01
3.536724778508145306e+01,2.391952895306875249e+01
3.538725350100028777e+01,2.459481347545708019e+01
3.540725921691912248e+01,2.537745479855459863e+01
3.542726493283795719e+01,2.616763008200440055e+01
3.544727064875678479e+01,2.677381730148742989e+01
3.546727636467562661e+01,2.638031145603310534e+01
3.548728208059445421e+01,2.577935280314276056e+01
3.550728779651329603e+01,2.620894375896885009e+01
3.552729351243212363e+01,2.613323099822796536e+01
3.554729922835095834e+01,2.432092309080104187e+01
3.556730494426979305e+01,2.245941434718131546e+01
3.558731066018862776e+01,2.244057483440410294e+01
3.560731637610746247e+01,2.060156179357863948e+01
3.562732209202629008e+01,1.905102998304286999e+01
3.564732780794513189e+01,1.720387514363549641e+01
3.566733352386395950e+01,1.620360727165861192e+01
3.568733923978280131e+01,1.399787275409804721e+01
3.570734495570162892e+01,1.253842144751420662e+01
3.572735067162046363e+01,1.209877620426044409e+01
3.574735638753929834e+01,1.031717906672702512e+01
3.576736210345813305e+01,9.208407335244292113e+00
3.578736781937696776e+01,9.139503409481839924e+00
3.580737353529579536e+01,7.195527388354276965e+00
3.582737925121463718e+01,6.803252182089240208e+00
3.584738496713346478e+01,7.009445340595625851e+00
3.586739068305230660e+01,5.835193828711513930e+00
3.588739639897113420e+01,5.740295222612926018e+00
3.590740211488996891e+01,5.397938265187178786e+00
3.592740783080880362e+01,5.311938128306210594e+00
3.594741354672763833e+01,4.610245156103366604e+00
3.596741926264647304e+01,5.111034606074881026e+00
3.598742497856530065e+01,4.974644481104724569e+00
3.600743069448414246e+01,4.217208523556761790e+00
3.602743641040297007e+01,4.102620262765018566e+00
3.604744212632181188e+01,4.949753124176230479e+00
3.606744784224063949e+01,5.081665025858300488e+00
3.608745355815947420e+01,4.956110202479585780e+00
3.610745927407830891e+01,4.644303244483150905e+00
3.612746498999714362e+01,3.396787540509052405e+00
3.614747070591597833e+01,4.252823070954256934e+00
3.616747642183481304e+01,3.821796518119614738e+00
3.618748213775364775e+01,3.691037181455979699e+00
3.620748785367247535e+01,4.558036732947242875e+00
3.622749356959131717e+01,4.966081095995301453e+00
3.624749928551014477e+01,4.399687470063542882e+00
3.626750500142897948e+01,4.370635009294639772e+00
3.628751071734781419e+01,4.244398008567018543e+00
3.630751643326664890e+01,3.776213946567194224e+00
3.632752214918548361e+01,4.133563075787862751e+00
3.634752786510431832e+01,3.214465037791425672e+00
3.636753358102315303e+01,3.948817702627327897e+00
3.638753929694198064e+01,4.367962038767554844e+00
3.640754501286082245e+01,4.225818939182795830e+00
3.642755072877965006e+01,4.366388444551263959e+00
3.644755644469849187e+01,4.334149344721267560e+00
3.646756216061731948e+01,3.457012959587394185e+00
3.648756787653615419e+01,3.791610885247485019e+00
3.650757359245498890e+01,4.035983032989558517e+00
3.652757930837382361e+01,4.107168499988953059e+00
3.654758502429265832e+01,3.792403036345971312e+00
3.656759074021148592e+01,4.157985512488583169e+00
3.658759645613032774e+01,3.586216141007354086e+00
3.660760217204915534e+01,4.124645892458607577e+00
3.662760788796799716e+01,3.444620113854063526e+00
3.664761360388682476e+01,3.674258040909711198e+00
3.666761931980565947e+01,4.129772004123617002e+00
3.668762503572449418e+01,3.997189817296261882e+00
3.670763075164332889e+01,4.115686418013838832e+00
3.672763646756216360e+01,4.240894782648083172e+00
3.674764218348099121e+01,3.812785058156361373e+00
3.676764789939983302e+01,4.133232086327428334e+00
3.678765361531866063e+01,3.824681651185900755e+00
3.680765933123750244e+01,4.376654585541984055e+00
3.682766504715633005e+01,4.631190374699676759e+00
3.684767076307516476e+01,4.673440979196660905e+00
3.686767647899399947e+01,5.046456422820310372e+00
3.688768219491283418e+01,4.311805032854644892e+00
3.690768791083166889e+01,3.668250911011875282e+00
3.692769362675049649e+01,4.215507000974998419e+00
3.694769934266933831e+01,3.521100423765688880e+00
3.696770505858816591e+01,4.561708825384069854e+00
3.698771077450700773e+01,4.364556381269975915e+00
3.700771649042583533e+01,4.820737705239378279e+00
3.702772220634467004e+01,5.015088753078573269e+00
3.704772792226350475e+01,4.454086043789429183e+00
3.706773363818233946e+01,4.414928257195104067e+00
3.708773935410117417e+01,4.230584048372357131e+00
3.710774507002000888e+01,5.420241276001021902e+00
3.712775078593884359e+01,5.104846770764386754e+00
3.714775650185767120e+01,5.021696928637967794e+00
3.716776221777651301e+01,5.033082865349826740e+00
3.718776793369534062e+01,6.371397463254295346e+00
3.720777364961417533e+01,5.966286484074027285e+00
3.722777936553301004e+01,5.793997220383337421e+00
3.724778508145184475e+01,6.255541389022633680e+00
3.726779079737067946e+01,6.509305973675042267e+00
3.728779651328951417e+01,7.254439657950509712e+00
3.730780222920834888e+01,7.284369086529682846e+00
3.732780794512717648e+01,7.808931816276051485e+00
3.734781366104601830e+01,7.695654220561779724e+00
3.736781937696484590e+01,8.748338894876095395e+00
3.738782509288368772e+01,9.160625436680671640e+00
3.740783080880251532e+01,1.024587886855611707e+01
3.742783652472135003e+01,1.078944900611497992e+01
3.744784224064018474e+01,1.207338109492122058e+01
3.746784795655901945e+01,1.288927615673307869e+01
3.748785367247785416e+01,1.425661727819719893e+01
3.750785938839668177e+01,1.544803527967248513e+01
3.752786510431552358e+01,1.608074575350505242e+01
3.754787082023435119e+01,1.833185568509968988e+01
3.756787653615319300e+01,1.896196332114745076e+01
3.758788225207202061e+01,2.095051954010722994e+01
3.760788796799085532e+01,2.235039436861401541e+01
3.762789368390969003e+01,2.404050599682462419e+01
3.764789939982852474e+01,2.582474701858273036e+01
3.766790511574735945e+01,2.810601431868821010e+01
3.768791083166618705e+01,2.993147462402409431e+01
3.770791654758502887e+01,3.264742563865898717e+01
3.772792226350385647e+01,3.499237532885246793e+01
3.774792797942269829e+01,3.696381248920347673e+01
3.776793369534152589e+01,3.920607779199299614e+01
3.778793941126036060e+01,4.142357283749588248e+01
3.780794512717919531e+01,4.372980536901681603e+01
3.782795084309803002e+01,4.610153631852594458e+01
3.784795655901686473e+01,4.686023174640654787e+01
3.786796227493569234e+01,4.870727334802147368e+01
3.788796799085453415e+01,4.973817597463876439e+01
3.790797370677336176e+01,5.025965471177631372e+01
3.792797942269220357e+01,5.076082548891971413e+01
3.794798513861103118e+01,5.021958091175406480e+01
3.796799085452986589e+01,4.881331518044348883e+01
3.798799657044870060e+01,4.714135803911950262e+01
3.800800228636753531e+01,4.594937056457990820e+01
3.802800800228637002e+01,4.263782179631421343e+01
3.804801371820520473e+01,4.042656677047522606e+01
3.806801943412403944e+01,3.715829435868767661e+01
3.808802515004286704e+01,3.522255266486859426e+01
3.810803086596170886e+01,3.173691318320685184e+01
3.812803658188053646e+01,2.853662554125634188e+01
3.814804229779937117e+01,2.526971505144150143e+01
3.816804801371820588e+01,2.302371603141201817e+01
3.818805372963704059e+01,1.920731142322123119e+01
3.820805944555587530e+01,1.734613782631884860e+01
3.822806516147471001e+01,1.560642511850653591e+01
3.824807087739354472e+01,1.405652551461345112e+01
3.826807659331237232e+01,1.281767362740222360e+01
3.828808230923121414e+01,1.197398457734104404e+01
3.830808802515004174e+01,1.019046118626455133e+01
3.832809374106888356e+01,9.166363530014253413e+00
3.834809945698771116e+01,8.281983729427278007e+00
3.836810517290654587e+01,8.208616331560170565e+00
3.838811088882538058e+01,8.189868875001110382e+00
3.840811660474421529e+01,7.065514726729931638e+00
3.842812232066305000e+01,7.475724664979992440e+00
3.844812803658187761e+01,7.430930404285223112e+00
3.846813375250071942e+01,7.841002528190474941e+00
3.848813946841954703e+01,7.643771109415305354e+00
3.850814518433838884e+01,8.682546656753590497e+00
3.852815090025721645e+01,8.533677906442537875e+00
3.854815661617605116e+01,9.177262124286199807e+00
3.856816233209488587e+01,9.131438563723525803e+00
3.858816804801372058e+01,9.564360357480502728e+00
3.860817376393255529e+01,9.236341818594963726e+00
3.862817947985138289e+01,1.029378217084255098e+01
3.864818519577022471e+01,1.048431681959014661e+01
3.866819091168905231e+01,1.131820051519803982e+01
3.868819662760789413e+01,1.168544898978442070e+01
3.870820234352672173e+01,1.242792889672302614e+01
3.872820805944555644e+01,1.384893712816112199e+01
3.874821377536439115e+01,1.412738042215490530e+01
3.876821949128322586e+01,1.555977629978325183e+01
3.878822520720206057e+01,1.678869028826758480e+01
3.880823092312088818e+01,1.655655151670027081e+01
3.882823663903972999e+01,1.809197970832490654e+01
3.884824235495855760e+01,1.928927035063593465e+01
3.886824807087739941e+01,2.073472192137858272e+01
3.888825378679622702e+01,2.219886243768682732e+01
3.890825950271506173e+01,2.215647758835386227e+01
3.892826521863389644e+01,2.380086792380396332e+01
3.894827093455273115e+01,2.465664084102404985e+01
3.896827665047156586e+01,2.538852200031389827e+01
3.898828236639040057e+01,2.611035913047608759e+01
3.900828808230923528e+01,2.749283023538200510e+01
3.902829379822806288e+01,2.771647691864543006e+01
3.904829951414690470e+01,2.686778291444877098e+01
3.906830523006573230e+01,2.660615890382556259e+01
3.908831094598456701e+01,2.577754420832046733e+01
3.910831666190340172e+01,2.525018867559358782e+01
3.912832237782223643e+01,2.444152031488471977e+01
3.914832809374107114e+01,2.255687966656567767e+01
3.916833380965990585e+01,2.135551311414388920e+01
3.918833952557874056e+01,1.950807782119690259e+01
3.920834524149756817e+01,1.837243943405064783e+01
3.922835095741640998e+01,1.625220632701616452e+01
3.924835667333523759e+01,1.478077824707214560e+01
3.926836238925407940e+01,1.339898200614758750e+01
3.928836810517290701e+01,1.254174466072642247e+01
3.930837382109174172e+01,1.166313521786149998e+01
3.932837953701057643e+01,1.046099863653541817e+01
3.934838525292941114e+01,9.790679063140593996e+00
3.936839096884824585e+01,7.832174104407364723e+00
3.938839668476707345e+01,7.095011935484681231e+00
3.940840240068591527e+01,7.452194114529270941e+00
3.942840811660474287e+01,6.580434385123214547e+00
3.944841383252358469e+01,5.763254577655077426e+00
3.946841954844241229e+01,6.199457883944385017e+00
3.948842526436124700e+01,6.201697885455812909e+00
3.950843098028008171e+01,5.542912014253051467e+00
3.952843669619891642e+01,5.711936028875933324e+00
3.954844241211775113e+01,5.421983117796710161e+00
3.956844812803657874e+01,4.864122405581811748e+00
3.958845384395542055e+01,5.759104931706030328e+00
3.960845955987424816e+01,5.218251583625478141e+00
3.962846527579308997e+01,4.704935406972297507e+00
3.964847099171191758e+01,5.209325027846340106e+00
3.966847670763075229e+01,4.594982445279307548e+00
3.968848242354958700e+01,5.295694084534908974e+00
3.970848813946842171e+01,5.007364123313617021e+00
3.972849385538725642e+01,5.390770218223946308e+00
3.974849957130608402e+01,5.581431389763096718e+00
3.976850528722492584e+01,5.757725933127471940e+00
3.978851100314375344e+01,5.646471072252019496e+00
3.980851671906259526e+01,5.913233239737734515e+00
3.982852243498142286e+01,6.148186753806822225e+00
3.984852815090025757e+01,6.772671614775633842e+00
3.986853386681909228e+01,6.488301715571559214e+00
3.988853958273792699e+01,7.280919235706085679e+00
3.990854529865676170e+01,6.800393612493339290e+00
3.992855101457559641e+01,7.167702029293769428e+00
3.994855673049443112e+01,7.230672941234875140e+00
3.996856244641325873e+01,8.141471899757794617e+00
3.998856816233210054e+01,8.659137796254643860e+00
4.000857387825092815e+01,9.643406474766715419e+00
4.002857959416976286e+01,9.699383801443978825e+00
4.004858531008859757e+01,9.313293162112273649e+00
4.006859102600743228e+01,9.897562666920565633e+00
4.008859674192626699e+01,9.845338073119417999e+00
4.010860245784510170e+01,1.057653394594084162e+01
4.012860817376393641e+01,1.061710910923708084e+01
4.014861388968276401e+01,1.119284077497381347e+01
4.016861960560160583e+01,1.140169008074062162e+01
4.018862532152043343e+01,1.157174662401509480e+01
4.020863103743927525e+01,1.209324398305806447e+01
4.022863675335810285e+01,1.197437653269372859e+01
4.024864246927693756e+01,1.209097757197880973e+01
4.026864818519577227e+01,1.179893303478374378e+01
4.028865390111460698e+01,1.097692468334251714e+01
4.030865961703344169e+01,1.000555846952667949e+01
4.032866533295226930e+01,1.012738893350135072e+01
4.034867104887111111e+01,1.013297941227463816e+01
4.036867676478993872e+01,9.166471628763902757e+00
4.038868248070878053e+01,7.839817605263396771e+00
4.040868819662760814e+01,8.022351030897880264e+00
4.042869391254644285e+01,7.527807342824301529e+00
4.044869962846527756e+01,7.037515151045672823e+00
4.046870534438411227e+01,6.451292953830965793e+00
4.048871106030294698e+01,5.540648185585851593e+00
4.050871677622177458e+01,5.560631605082525297e+00
4.052872249214061640e+01,5.589237638403965036e+00
4.054872820805944400e+01,4.555605638892440190e+00
4.056873392397828582e+01,4.564892253110329534e+00
4.058873963989711342e+01,4.076473991118164442e+00
4.060874535581594813e+01,4.731707906205894432e+00
4.062875107173478284e+01,5.001563434028794219e+00
4.064875678765361755e+01,4.655171647960024472e+00
4.066876250357245226e+01,4.512711922146151799e+00
4.068876821949127986e+01,3.730710298217221776e+00
4.070877393541012168e+01,3.873509612347128872e+00
4.072877965132894929e+01,4.280319177509623430e+00
4.074878536724779110e+01,3.846824311623438852e+00
4.076879108316661871e+01,4.412251270881045073e+00
4.078879679908545342e+01,3.789772487867253847e+00
4.080880251500428813e+01,3.963767203356326263e+00
4.082880823092312284e+01,3.296316781151629627e+00
4.084881394684195755e+01,3.773187938182172463e+00
4.086881966276079226e+01,3.258538143092665873e+00
4.088882537867962697e+01,4.338691974354420999e+00
4.090883109459845457e+01,3.891367464161063161e+00
4.092883681051729639e+01,3.565827684666559971e+00
4.094884252643612399e+01,3.391652680148128596e+00
4.096884824235495870e+01,3.927760712559707379e+00
4.098885395827379341e+01,3.384324975829436255e+00
4.100885967419262812e+01,3.945010156547846591e+00
4.102886539011146283e+01,3.640391135252420529e+00
4.104887110603029754e+01,4.208895154096827795e+00
4.106887682194913225e+01,4.057016208006706925e+00
4.108888253786795985e+01,3.781092247146311092e+00
4.110888825378680167e+01,4.105469324621987326e+00
4.112889396970562927e+01,3.166598591729697709e+00
4.114889968562447109e+01,3.828300462500822565e+00
4.116890540154329869e+01,3.786150522001070939e+00
4.118891111746213340e+01,3.217594986607476670e+00
4.120891683338096811e+01,3.902057800752630534e+00
4.122892254929980282e+01,4.299751197162870575e+00
4.124892826521863753e+01,3.997878012505243994e+00
4.126893398113746514e+01,4.555842259386722048e+00
4.128893969705630695e+01,3.972980990969255721e+00
4.130894541297513456e+01,3.611560623627123157e+00
4.132895112889397637e+01,4.183590678405983532e+00
4.134895684481280398e+01,3.404261935241776449e+00
4.136896256073163869e+01,4.039276169547293627e+00
4.138896827665047340e+01,3.855761739859875803e+00
4.140897399256930811e+01,4.026486436643548217e+00
4.142897970848814282e+01,3.676350590615913738e+00
4.144898542440697042e+01,4.534751408579131393e+00
4.146899114032581224e+01,4.516834377771232312e+00
4.148899685624463984e+01,3.316503513999193409e+00
4.150900257216348166e+01,4.003242102033784278e+00
4.152900828808230926e+01,3.838131642249553721e+00
4.154901400400114397e+01,4.633793922930255604e+00
4.156901971991997868e+01,3.380877347905750785e+00
4.158902543583881339e+01,3.932951442926263752e+00
4.160903115175764810e+01,4.409383930665856433e+00
4.162903686767647571e+01,3.871912672740817740e+00
4.164904258359531752e+01,3.839072777321503871e+00
4.166904829951414513e+01,4.225263351890746755e+00
4.168905401543298694e+01,4.901340607072851796e+00
4.170905973135181455e+01,4.519296039220709105e+00
4.172906544727064926e+01,3.781579125819809484e+00
4.174907116318948397e+01,4.767779236739626114e+00
4.176907687910831868e+01,4.573192192128283651e+00
4.178908259502715339e+01,4.474313341173147052e+00
4.180908831094598810e+01,5.343829630651642404e+00
4.182909402686482281e+01,5.115518770041558305e+00
4.184909974278365041e+01,5.482138257058585040e+00
4.186910545870249223e+01,5.440945821203083455e+00
4.188911117462131983e+01,5.349271326653774139e+00
4.190911689054015454e+01,5.971453359347512091e+00
4.192912260645898925e+01,6.217944698888766553e+00
4.194912832237782396e+01,5.954359421725723855e+00
4.196913403829665867e+01,6.720505281442479273e+00
4.198913975421549338e+01,7.344600021099154219e+00
4.200914547013432809e+01,7.598462816250695084e+00
4.202915118605316280e+01,8.239345113258533360e+00
4.204915690197199041e+01,9.569588170321663867e+00
4.206916261789082512e+01,9.545484005923562165e+00
4.208916833380965983e+01,1.070101940397994689e+01
4.210917404972849454e+01,1.239706273348819998e+01
4.212917976564732925e+01,1.239315714108942856e+01
4.214918548156616396e+01,1.413361109609741639e+01
4.216919119748499867e+01,1.572792382671095801e+01
4.218919691340383338e+01,1.654954828179205606e+01
4.220920262932266809e+01,1.842743652506376861e+01
4.222920834524150280e+01,2.056883206124979324e+01
4.224921406116033040e+01,2.194139571270065048e+01
4.226921977707916511e+01,2.532382976898369265e+01
4.228922549299799982e+01,2.714955942355614127e+01
4.230923120891683453e+01,2.888956700530916066e+01
4.232923692483566924e+01,3.125955993796864263e+01
4.234924264075450395e+01,3.459707908646549157e+01
4.236924835667333866e+01,3.708540435609118902e+01
4.238925407259217337e+01,3.944001734656887237e+01
4.240925978851100808e+01,4.331257906557534199e+01
4.242926550442983569e+01,4.523318611666020672e+01
4.244927122034867040e+01,4.770022003980312775e+01
4.246927693626750511e+01,5.044858654277320653e+01
4.248928265218633982e+01,5.250460855129848881e+01
4.250928836810517453e+01,5.459329180402300352e+01
4.252929408402400924e+01,5.662589206709637324e+01
4.254929979994284395e+01,5.678986731102961016e+01
4.256930551586167866e+01,5.818194316505367425e+01
4.258931123178051337e+01,5.804595252807262540e+01
4.260931694769934097e+01,5.729058524653977713e+01
4.262932266361817568e+01,5.648463104062239637e+01
4.264932837953701039e+01,5.469233903154474064e+01
4.266933409545584510e+01,5.258777447538050609e+01
4.268933981137467981e+01,5.033085368388768188e+01
4.270934552729351452e+01,4.760216801450675916e+01
4.272935124321234923e+01,4.470008352738783941e+01
4.274935695913118394e+01,4.226673962800448692e+01
4.276936267505001865e+01,3.971272332845046549e+01
4.278936839096885336e+01,3.569820170242090995e+01
4.280937410688768097e+01,3.363876186731921081e+01
4.282937982280651568e+01,3.095514103443362330e+01
4.284938553872535039e+01,2.860814811071027819e+01
4.286939125464418510e+01,2.698005405839698057e+01
4.288939697056301981e+01,2.443231794794876066e+01
4.290940268648185452e+01,2.303053016579715617e+01
4.292940840240068923e+01,2.166868056305445478e+01
4.294941411831952394e+01,2.021124418940358680e+01
4.296941983423835865e+01,1.921770599285305536e+01
4.298942555015718625e+01,1.858672049501831580e+01
4.300943126607602096e+01,1.734890712896039489e+01
4.302943698199485567e+01,1.678936992812000994e+01
4.304944269791369038e+01,1.638439617853928354e+01
4.306944841383252509e+01,1.615733718841250521e+01
4.308945412975135980e+01,1.546938226661912097e+01
4.310945984567019451e+01,1.497595742802175067e+01
4.312946556158902922e+01,1.360536433029323078e+01
4.314947127750786393e+01,1.310644202661573487e+01
4.316947699342669864e+01,1.258566258657074144e+01
4.318948270934552625e+01,1.139523398211402139e+01
4.320948842526436096e+01,1.052459195608089892e+01
4.322949414118319567e+01,9.786172877032068840e+00
4.324949985710203038e+01,8.737912214072959927e+00
4.326950557302086509e+01,8.106695892753272403e+00
4.328951128893969980e+01,8.046390630532993526e+00
4.330951700485853451e+01,7.608894310564851438e+00
4.332952272077736922e+01,5.836603676424333642e+00
4.334952843669620393e+01,5.688122572184314052e+00
4.336953415261503153e+01,6.244090936858696317e+00
4.338953986853386624e+01,5.785086226003636867e+00
4.340954558445270095e+01,4.731044937443257048e+00
4.342955130037153566e+01,5.460737156905366874e+00
4.344955701629037037e+01,4.259790975794111922e+00
4.346956273220920508e+01,4.375389878279086098e+00
4.348956844812803979e+01,4.295560708063302258e+00
4.350957416404687450e+01,4.274045881262087399e+00
4.352957987996570921e+01,5.105834811680418639e+00
4.354958559588453681e+01,4.462256167904119941e+00
4.356959131180337153e+01,5.030409293561528550e+00
4.358959702772220624e+01,4.988290783612772117e+00
4.360960274364104095e+01,4.168794255377842539e+00
4.362960845955987566e+01,4.920302160476413889e+00
4.364961417547871037e+01,4.028149080432912754e+00
4.366961989139754508e+01,4.240914463412747359e+00
4.368962560731637979e+01,4.397423481054325123e+00
4.370963132323521450e+01,4.724108059399355852e+00
4.372963703915404921e+01,4.327535908620366634e+00
4.374964275507287681e+01,3.782885134249134307e+00
4.376964847099171152e+01,4.821804379989728773e+00
4.378965418691054623e+01,3.580420815540894974e+00
4.380965990282938094e+01,3.896499386281057742e+00
4.382966561874821565e+01,4.867687831345904215e+00
4.384967133466705036e+01,4.080982800709450409e+00
4.386967705058588507e+01,5.190162149622190135e+00
4.388968276650471978e+01,4.808081022694694617e+00
4.390968848242355449e+01,4.757510303988032874e+00
4.392969419834238209e+01,4.047842413848815823e+00
4.394969991426121680e+01,5.176205418770471134e+00
4.396970563018005151e+01,5.068423378067996588e+00
4.398971134609888622e+01,4.561606153864257607e+00
4.400971706201772093e+01,5.068821028114363969e+00
4.402972277793655564e+01,4.613585421358992633e+00
4.404972849385539035e+01,5.078888939054552409e+00
4.406973420977422506e+01,5.041400802919246971e+00
4.408973992569305977e+01,5.916614330568110702e+00
4.410974564161189448e+01,5.494576956605708773e+00
4.412975135753072209e+01,5.383924811867799143e+00
4.414975707344955680e+01,5.597020599524464401e+00
4.416976278936839151e+01,5.073738091724250054e+00
4.418976850528722622e+01,5.823317567615253765e+00
4.420977422120606093e+01,4.986975207348042893e+00
4.422977993712489564e+01,4.976028818691306199e+00
4.424978565304373035e+01,5.552023595530394928e+00
4.426979136896256506e+01,4.975098056511408018e+00
4.428979708488139977e+01,4.942587677547279235e+00
4.430980280080022737e+01,5.232632532192779351e+00
4.432980851671906208e+01,4.283947366610539653e+00
4.434981423263789679e+01,4.451383839247008645e+00
4.436981994855673150e+01,4.108947174551482284e+00
4.438982566447556621e+01,4.672606279073376001e+00
4.440983138039440092e+01,4.342323003080858612e+00
4.442983709631323563e+01,4.997638652713887630e+00
4.444984281223207034e+01,4.430572456858910435e+00
4.446984852815090505e+01,3.986784219768931159e+00
4.448985424406973266e+01,3.900663958489734906e+00
4.450985995998856737e+01,3.949165901177956961e+00
4.452986567590740208e+01,3.992812831119019190e+00
4.454987139182623679e+01,3.921776427092467987e+00
4.456987710774507150e+01,3.253296971665249782e+00
4.458988282366390621e+01,3.611254962847360250e+00
4.460988853958274092e+01,3.670636392380130175e+00
4.462989425550157563e+01,3.611107171607671695e+00
4.464989997142041034e+01,3.395564771395178205e+00
4.466990568733924505e+01,3.190404395727520104e+00
4.468991140325807265e+01,4.049519548244750133e+00
4.470991711917690736e+01,3.444805088146530636e+00
4.472992283509574207e+01,3.866128144011084622e+00
4.474992855101457678e+01,3.707232277339089332e+00
4.476993426693341149e+01,3.788237941310429679e+00
4.478993998285224620e+01,4.038410271742853830e+00
4.480994569877108091e+01,2.890379946190797078e+00
4.482995141468991562e+01,3.480662267569917034e+00
4.484995713060875033e+01,3.383546217735096562e+00
4.486996284652757794e+01,3.845590734664979138e+00
4.488996856244641265e+01,2.701750072929940849e+00
4.490997427836524736e+01,4.263939839800731768e+00
4.492997999428408207e+01,3.346395378376689322e+00
4.494998571020291678e+01,3.776919141137171643e+00
4.496999142612175149e+01,4.020957810249148778e+00
4.498999714204058620e+01,3.185245777092854613e+00
4.501000285795942091e+01,3.294892137617136285e+00
4.503000857387825562e+01,4.027943812312148708e+00
4.505001428979709033e+01,2.892769539763472508e+00
4.507002000571591793e+01,4.284306130071289687e+00
4.509002572163475264e+01,3.927838825850029192e+00
4.511003143755358735e+01,3.510314206014612193e+00
4.513003715347242206e+01,3.081277258550342513e+00
4.515004286939125677e+01,3.729850250414110224e+00
4.517004858531009148e+01,3.373979032708544601e+00
4.519005430122892619e+01,3.058295048608155042e+00
4.521006001714776090e+01,3.520380369555315525e+00
4.523006573306659561e+01,3.844594070243886552e+00
4.525007144898542322e+01,3.584573526306100710e+00
4.527007716490425793e+01,3.267081653283013587e+00
4.529008288082309264e+01,3.271598257229687778e+00
4.531008859674192735e+01,2.898002027636967792e+00
4.533009431266076206e+01,3.222993062938203312e+00
4.535010002857959677e+01,3.133866865565865467e+00
4.537010574449843148e+01,3.323937951809425417e+00
4.539011146041726619e+01,3.388597021285111754e+00
4.541011717633610090e+01,3.693410958270175293e+00
4.543012289225492850e+01,3.729703058166855989e+00
4.545012860817376321e+01,3.639076483482865054e+00
4.547013432409259792e+01,3.383443031842073623e+00
4.549014004001143263e+01,3.495307484301537482e+00
4.551014575593026734e+01,3.451814492007673429e+00
4.553015147184910205e+01,3.316292491808590981e+00
4.555015718776793676e+01,3.699650611058999061e+00
4.557016290368677147e+01,2.797266982746380304e+00
4.559016861960560618e+01,3.678145959618079885e+00
4.561017433552444089e+01,3.677876973514917935e+00
4.563018005144326850e+01,3.838794940204266481e+00
4.565018576736210321e+01,2.951455655140012180e+00
4.567019148328093792e+01,3.169780683257493514e+00
4.569019719919977263e+01,3.632551271575220841e+00
4.571020291511860734e+01,3.418097286402340007e+00
4.573020863103744205e+01,3.542993717541106147e+00
4.575021434695627676e+01,3.663142684636199853e+00
4.577022006287511147e+01,4.367371774299779297e+00
4.579022577879394618e+01,3.421119765253439304e+00
4.581023149471277378e+01,4.742555591347445088e+00
4.583023721063160849e+01,4.250552478431444570e+00
4.585024292655044320e+01,3.996345692961323248e+00
4.587024864246927791e+01,3.652191994304089029e+00
4.589025435838811262e+01,3.906774549268269503e+00
4.591026007430694733e+01,4.828295236844274640e+00
4.593026579022578204e+01,5.021480314384801247e+00
4.595027150614461675e+01,5.128497224766941365e+00
4.597027722206345146e+01,5.172031047850685681e+00
4.599028293798228617e+01,5.615209241750307889e+00
4.601028865390111378e+01,6.108079891260201677e+00
4.603029436981994849e+01,5.596089776139938188e+00
4.605030008573878320e+01,5.489840070620104484e+00
4.607030580165761791e+01,5.864913335347671897e+00
4.609031151757645262e+01,6.668241307838180809e+00
4.611031723349528733e+01,7.263667410265854940e+00
4.613032294941412204e+01,7.826129772736506673e+00
4.615032866533295675e+01,7.998689565837292292e+00
4.617033438125179146e+01,8.072058098142338878e+00
4.619034009717061906e+01,8.126350452574554240e+00
4.621034581308945377e+01,8.010227137833183519e+00
4.623035152900828848e+01,9.543857919149751012e+00
4.625035724492712319e+01,8.789286064578845981e+00
4.627036296084595790e+01,8.411369853888739812e+00
4.629036867676479261e+01,9.471206026278338186e+00
4.631037439268362732e+01,9.856692703265304445e+00
4.633038010860246203e+01,9.438966967862178592e+00
4.635038582452129674e+01,9.939237069137064395e+00
4.637039154044012434e+01,8.769205691817742121e+00
4.639039725635895905e+01,9.285760174397442057e+00
4.641040297227779376e+01,9.683740561654119006e+00
4.643040868819662847e+01,8.908296303702165631e+00
4.645041440411546319e+01,8.851362334564374379e+00
4.647042012003429790e+01,8.624295421744658796e+00
4.649042583595313261e+01,8.224082495022717154e+00
4.651043155187196732e+01,8.655239887383945785e+00
4.653043726779080203e+01,7.910819300207291960e+00
4.655044298370963674e+01,7.717164135527784907e+00
4.657044869962846434e+01,7.765897548222527647e+00
4.659045441554729905e+01,8.180158783762262686e+00
4.661046013146613376e+01,7.311978927515257354e+00
4.663046584738496847e+01,7.694363222566852123e+00
4.665047156330380318e+01,7.068501187811360609e+00
4.667047727922263789e+01,7.270869987960169034e+00
4.669048299514147260e+01,6.435810775295712993e+00
4.671048871106030731e+01,6.504958167203012565e+00
4.673049442697914202e+01,7.054858792324802508e+00
4.675050014289796962e+01,6.035884653695871904e+00
4.677050585881680433e+01,5.719606814515245219e+00
4.679051157473563904e+01,6.042286223386385657e+00
4.681051729065447375e+01,5.447971241031209111e+00
4.683052300657330846e+01,5.540581353956369526e+00
4.685052872249214317e+01,4.629298396723818598e+00
4.687053443841097788e+01,3.812066288207582865e+00
4.689054015432981259e+01,4.432399975654123914e+00
4.691054587024864730e+01,3.437473819765056948e+00
4.693055158616748201e+01,3.735390810780484294e+00
4.695055730208630962e+01,3.833121300256500330e+00
4.697056301800514433e+01,3.538605508723096094e+00
4.699056873392397904e+01,4.741781103293249089e+00
4.701057444984281375e+01,3.972836524693995841e+00
4.703058016576164846e+01,4.074879675457665051e+00
4.705058588168048317e+01,4.172978535072248363e+00
4.707059159759931788e+01,3.817627603278128667e+00
4.709059731351815259e+01,4.448890785318488916e+00
4.711060302943698730e+01,3.892565156854613129e+00
4.713060874535581490e+01,3.652648477208064293e+00
4.715061446127464961e+01,4.294834755552941807e+00
4.717062017719348432e+01,4.708439530801790340e+00
4.719062589311231903e+01,3.485378300422247388e+00
4.721063160903115374e+01,4.728933996839248977e+00
4.723063732494998845e+01,4.206581110780713395e+00
4.725064304086882316e+01,4.298438834844312773e+00
4.727064875678765787e+01,5.108481501385844226e+00
4.729065447270649258e+01,5.290861535716378405e+00
4.731066018862532019e+01,5.105896119689226964e+00
4.733066590454415490e+01,4.756331118341663000e+00
4.735067162046298961e+01,5.758186481155529002e+00
4.737067733638182432e+01,5.864279727399638986e+00
4.739068305230065903e+01,5.468069303163029637e+00
4.741068876821949374e+01,6.190779666761319078e+00
4.743069448413832845e+01,5.291156034394172814e+00
4.745070020005716316e+01,5.724382969155922041e+00
4.747070591597599787e+01,6.547739635202489694e+00
4.749071163189483258e+01,6.317795300074196874e+00
4.751071734781366018e+01,6.037814404842482219e+00
4.753072306373249489e+01,6.135149065144041458e+00
4.755072877965132960e+01,6.129610039005042310e+00
4.757073449557016431e+01,6.025510041016616469e+00
4.759074021148899902e+01,5.835163110812151999e+00
4.761074592740783373e+01,4.744369654730107300e+00
4.763075164332666844e+01,5.417875769099575578e+00
4.765075735924550315e+01,5.399643824470741649e+00
4.767076307516433786e+01,4.803897627093665079e+00
4.769076879108316547e+01,5.161086363183111203e+00
4.771077450700200018e+01,4.751303069227866160e+00
4.773078022292083489e+01,4.003553796390847630e+00
4.775078593883966960e+01,4.528639026292569980e+00
4.777079165475850431e+01,4.238413776146035872e+00
4.779079737067733902e+01,3.903353799117267986e+00
4.781080308659617373e+01,3.889920677205508603e+00
4.783080880251500844e+01,4.025921146440058607e+00
4.785081451843384315e+01,4.247726211923023243e+00
4.787082023435267075e+01,3.221887607215421667e+00
4.789082595027150546e+01,4.662678372753155998e+00
4.791083166619034017e+01,4.285431404196848426e+00
4.793083738210917488e+01,4.255816618130730866e+00
4.795084309802800959e+01,3.035870224159384900e+00
4.797084881394684430e+01,3.872704109953365670e+00
4.799085452986567901e+01,4.180863234863756439e+00
4.801086024578451372e+01,3.592139426027455951e+00
4.803086596170334843e+01,3.289407522040336929e+00
4.805087167762218314e+01,3.045975358100538433e+00
4.807087739354101075e+01,4.028444005662144889e+00
4.809088310945984546e+01,4.031573218784441082e+00
4.811088882537868017e+01,3.643364210523222901e+00
4.813089454129751488e+01,3.943896029403292314e+00
4.815090025721634959e+01,4.681326393347435832e+00
4.817090597313518430e+01,4.252736348625354879e+00
4.819091168905401901e+01,4.358828924367686319e+00
4.821091740497285372e+01,3.980633152508588957e+00
4.823092312089168843e+01,4.346649857742526990e+00
4.825092883681051603e+01,4.253645597875065576e+00
4.827093455272935074e+01,4.131152782402920387e+00
4.829094026864818545e+01,4.214462595451701432e+00
4.831094598456702016e+01,4.981313002118717748e+00
4.833095170048585487e+01,4.066986001927376471e+00
4.835095741640468958e+01,5.440296885540234051e+00
4.837096313232352429e+01,5.214711530810281381e+00
4.839096884824235900e+01,4.958826008130288621e+00
4.841097456416119371e+01,4.656797950755525051e+00
4.843098028008002842e+01,5.248863051481395203e+00
4.845098599599885603e+01,5.158973989005222194e+00
4.847099171191769074e+01,6.130339406279383674e+00
4.849099742783652545e+01,6.258930243652399028e+00
4.851100314375536016e+01,6.797628143851180305e+00
4.853100885967419487e+01,5.638172508226928059e+00
4.855101457559302958e+01,6.347698331115745773e+00
4.857102029151186429e+01,7.070022160064402428e+00
4.859102600743069900e+01,6.883267255071396029e+00
4.861103172334953371e+01,5.711543913881195422e+00
4.863103743926836131e+01,6.612877954074583009e+00
4.865104315518719602e+01,5.932344088914454083e+00
4.867104887110603073e+01,6.533678462483283766e+00
4.869105458702486544e+01,6.622458554516059692e+00
4.871106030294370015e+01,6.663419396003051887e+00
4.873106601886253486e+01,6.562755858076525506e+00
4.875107173478136957e+01,6.259263012824046513e+00
4.877107745070020428e+01,6.403614408051118367e+00
4.879108316661903899e+01,5.866327178357460426e+00
4.881108888253786660e+01,6.592687448659606986e+00
4.883109459845670131e+01,6.949276017251200699e+00
4.885110031437553602e+01,6.831764937773771251e+00
4.887110603029437073e+01,7.416415116998749113e+00
4.889111174621320544e+01,7.331396762353441510e+00
4.891111746213204015e+01,7.723782091615309930e+00
4.893112317805087486e+01,7.672762578189824545e+00
4.895112889396970957e+01,8.401673186071336730e+00
4.897113460988854428e+01,8.486111009690112894e+00
4.899114032580737899e+01,9.960398770737530327e+00
4.901114604172620659e+01,9.618165042778738183e+00
4.903115175764504130e+01,1.028024387585602284e+01
4.905115747356387601e+01,1.107851636279071172e+01
4.907116318948271072e+01,1.147618614742435028e+01
4.909116890540154543e+01,1.177807711382375189e+01
4.911117462132038014e+01,1.083303576540947510e+01
4.913118033723921485e+01,1.174365617477821822e+01
4.915118605315804956e+01,1.149858371154784287e+01
4.917119176907688427e+01,1.150156137523458533e+01
4.919119748499571187e+01,1.098123452003978073e+01
4.921120320091454658e+01,1.161667199864020894e+01
4.923120891683338129e+01,1.163690051925716951e+01
4.925121463275221600e+01,1.061321360059772445e+01
4.927122034867105071e+01,1.102922274940793912e+01
4.929122606458988542e+01,1.008042381609385707e+01
4.931123178050872014e+01,9.201502132240129583e+00
4.933123749642755485e+01,8.604756720243374346e+00
4.935124321234638956e+01,8.633185696272722254e+00
4.937124892826522427e+01,7.759775372339839272e+00
4.939125464418405187e+01,7.283787870506231776e+00
4.941126036010288658e+01,7.188375824420309534e+00
4.943126607602172129e+01,6.767914051960300270e+00
4.945127179194055600e+01,6.194637509888011984e+00
4.947127750785939071e+01,6.106575383845825655e+00
4.949128322377822542e+01,5.357236104349203387e+00
4.951128893969706013e+01,5.599280566076590304e+00
4.953129465561589484e+01,5.768362965128046582e+00
4.955130037153472955e+01,5.851089110809208016e+00
4.957130608745355715e+01,5.687506810935510693e+00
4.959131180337239186e+01,5.452925746745530766e+00
4.961131751929122657e+01,5.745137525729480110e+00
4.963132323521006128e+01,5.757586439563147529e+00
4.965132895112889599e+01,5.869868085850971084e+00
4.967133466704773070e+01,5.653538377982089358e+00
4.969134038296656541e+01,6.061496765923461538e+00
4.971134609888540012e+01,5.039919556091199127e+00
4.973135181480423483e+01,5.835493794477159213e+00
4.975135753072306244e+01,4.983265518046671616e+00
4.977136324664189715e+01,6.026786179221637063e+00
4.979136896256073186e+01,5.051798032252593273e+00
4.981137467847956657e+01,5.234793833101002214e+00
4.983138039439840128e+01,5.575434000663560319e+00
4.985138611031723599e+01,5.407540827985138243e+00
4.987139182623607070e+01,5.458782352291461137e+00
4.989139754215490541e+01,4.944189128616613083e+00
4.991140325807374012e+01,5.905425820732892461e+00
4.993140897399257483e+01,5.397229830021936792e+00
4.995141468991140243e+01,5.541544845708065381e+00
4.997142040583023714e+01,5.685991350583785575e+00
4.999142612174907185e+01,5.730037989661401099e+00
5.001143183766790656e+01,5.897345533588227440e+00
5.003143755358674127e+01,5.482586859997322648e+00
5.005144326950557598e+01,5.456421221048074699e+00
5.007144898542441069e+01,5.708968834924281310e+00
5.009145470134324540e+01,5.685825454115390087e+00
5.011146041726208011e+01,4.944017733400848158e+00
5.013146613318090772e+01,5.164472137793532092e+00
5.015147184909974243e+01,5.134497617249543566e+00
5.017147756501857714e+01,4.863522464382809218e+00
5.019148328093741185e+01,4.581096535849471074e+00
5.021148899685624656e+01,4.559407467149631188e+00
5.023149471277508127e+01,4.561173935895788567e+00
5.025150042869391598e+01,4.319914029233051345e+00
5.027150614461275069e+01,3.939067587990158437e+00
5.029151186053158540e+01,4.477780347828524299e+00
5.031151757645042011e+01,4.548141693954891096e+00
5.033152329236924771e+01,4.556023999742054187e+00
5.035152900828808242e+01,3.669333980339800405e+00
5.037153472420691713e+01,4.366362779626371093e+00
5.039154044012575184e+01,3.409327792668252144e+00
5.041154615604458655e+01,4.367057391676899769e+00
5.043155187196342126e+01,4.100467814902670760e+00
5.045155758788225597e+01,4.522380185495983085e+00
5.047156330380109068e+01,3.958674548351784228e+00
5.049156901971992539e+01,3.937454022498821260e+00
5.051157473563875300e+01,4.218291397200994552e+00
5.053158045155758771e+01,3.935169611717912019e+00
5.055158616747642242e+01,3.296037546793474604e+00
5.057159188339525713e+01,4.055320370092163174e+00
5.059159759931409184e+01,3.641337375256380238e+00
5.061160331523292655e+01,4.271796751713379692e+00
5.063160903115176126e+01,4.635049510155017316e+00
5.065161474707059597e+01,4.251246358614640286e+00
5.067162046298943068e+01,4.511850386895239318e+00
5.069162617890825828e+01,4.938826658803140646e+00
5.071163189482709299e+01,4.376607431684890415e+00
5.073163761074592770e+01,5.693689989880969193e+00
5.075164332666476241e+01,5.177883048671293231e+00
5.077164904258359712e+01,5.654744630096359082e+00
5.079165475850243183e+01,5.322213014650559515e+00
5.081166047442126654e+01,5.922694278606665641e+00
5.083166619034010125e+01,6.653645910953471798e+00
5.085167190625893596e+01,6.483159655485038364e+00
5.087167762217777067e+01,7.076896888106627870e+00
5.089168333809659828e+01,7.391948709599883927e+00
5.091168905401543299e+01,7.386849975126406065e+00
5.093169476993426770e+01,7.470191821155532708e+00
5.095170048585310241e+01,7.990624398106074722e+00
5.097170620177193712e+01,8.048391987377373269e+00
5.099171191769077183e+01,8.407550309227159957e+00
5.101171763360960654e+01,8.279501874104923331e+00
5.103172334952844125e+01,7.601202190193242281e+00
5.105172906544727596e+01,8.590647680612581993e+00
5.107173478136610356e+01,7.797371155516175989e+00
5.109174049728493827e+01,7.876016519396733528e+00
5.111174621320377298e+01,7.584718644991741421e+00
5.113175192912260769e+01,7.284394398534844939e+00
5.115175764504144240e+01,7.132201530045334081e+00
5.117176336096027711e+01,6.503604803080790475e+00
5.119176907687911182e+01,6.516408170895385155e+00
5.121177479279794653e+01,6.114276927356971925e+00
5.123178050871678124e+01,5.253477137490416560e+00
5.125178622463561595e+01,5.364196985581826560e+00
5.127179194055444356e+01,5.619416506361059049e+00
5.129179765647327827e+01,4.655612284779306442e+00
5.131180337239211298e+01,4.510856083553084872e+00
5.133180908831094769e+01,4.446076312598306046e+00
5.135181480422978240e+01,4.079509309916065973e+00
5.137182052014861711e+01,3.887217589668919615e+00
5.139182623606745182e+01,3.912930092921761194e+00
5.141183195198628653e+01,4.638469903019004192e+00
5.143183766790512124e+01,4.306073615726545789e+00
5.145184338382394884e+01,4.043127887802162590e+00
5.147184909974278355e+01,3.601769157651786735e+00
5.149185481566161826e+01,3.894560131269057202e+00
5.151186053158045297e+01,3.937781518028196537e+00
5.153186624749928768e+01,3.697351654084549022e+00
5.155187196341812239e+01,3.832214628677791168e+00
5.157187767933695710e+01,3.844695113352282423e+00
5.159188339525579181e+01,4.077387008558893022e+00
5.161188911117462652e+01,4.385109612722200012e+00
5.163189482709345413e+01,4.573722683905381281e+00
5.165190054301228884e+01,3.865351961508398659e+00
5.167190625893112355e+01,4.548873875859749560e+00
5.169191197484995826e+01,3.760171889630484543e+00
5.171191769076879297e+01,3.948453305917230871e+00
5.173192340668762768e+01,3.444266587271135105e+00
5.175192912260646239e+01,4.287891291402898375e+00
5.177193483852529710e+01,4.658765152100152740e+00
5.179194055444413181e+01,4.387810389513431275e+00
5.181194627036296652e+01,4.693214615165646642e+00
5.183195198628179412e+01,4.711270573326050481e+00
5.185195770220062883e+01,4.028024232628421686e+00
5.187196341811946354e+01,4.407346177479996463e+00
5.189196913403829825e+01,4.353114751023674067e+00
5.191197484995713296e+01,4.128171770748418012e+00
5.193198056587596767e+01,3.188877969912571775e+00
5.195198628179480238e+01,4.488983627598465809e+00
5.197199199771363709e+01,3.943752407225523893e+00
5.199199771363247180e+01,4.092558002833727393e+00
5.201200342955129940e+01,4.259652234785057168e+00
5.203200914547013411e+01,3.849243887794459251e+00
5.205201486138896882e+01,4.106148563663585271e+00
5.207202057730780353e+01,3.824108996216936340e+00
5.209202629322663824e+01,4.295016325440906613e+00
5.211203200914547295e+01,3.745943413473303174e+00
5.213203772506430766e+01,3.861535940347073925e+00
5.215204344098314237e+01,4.638193839576176813e+00
5.217204915690197708e+01,4.556861200767718501e+00
5.219205487282081180e+01,4.593597035537886342e+00
5.221206058873963940e+01,4.168632717995559567e+00
5.223206630465847411e+01,5.059979346913214826e+00
5.225207202057730882e+01,5.118151650089389548e+00
5.227207773649614353e+01,5.101444484204064267e+00
5.229208345241497824e+01,4.783379870697741509e+00
5.231208916833381295e+01,5.117332196378137077e+00
5.233209488425264766e+01,5.180432754015259711e+00
5.235210060017148237e+01,5.365822964252012106e+00
5.237210631609031708e+01,4.761250233026053991e+00
5.239211203200914468e+01,4.995397928286570810e+00
5.241211774792797939e+01,5.622104169279524832e+00
5.243212346384681410e+01,5.410983338835195333e+00
5.245212917976564881e+01,6.731019779376884671e+00
5.247213489568448352e+01,6.703680500763594452e+00
5.249214061160331823e+01,6.168823240769440552e+00
5.251214632752215294e+01,6.349836340639488874e+00
5.253215204344098765e+01,6.553951111770277116e+00
5.255215775935982236e+01,6.586049888003842057e+00
5.257216347527864997e+01,6.837266535550696744e+00
5.259216919119748468e+01,6.807341087646799238e+00
5.261217490711631939e+01,7.858717946176785318e+00
5.263218062303515410e+01,6.949280127401801010e+00
5.265218633895398881e+01,6.919011751548569400e+00
5.267219205487282352e+01,7.723977082098169689e+00
5.269219777079165823e+01,7.663099964756938220e+00
5.271220348671049294e+01,7.980972575576110728e+00
5.273220920262932765e+01,9.009814115437460913e+00
5.275221491854816236e+01,7.982570541996535596e+00
5.277222063446698996e+01,8.438094966161546751e+00
5.279222635038582467e+01,9.134098132514521851e+00
5.281223206630465938e+01,8.911335846635013880e+00
5.283223778222349409e+01,8.703339211177162582e+00
5.285224349814232880e+01,8.444995621912838146e+00
5.287224921406116351e+01,7.489731913830407706e+00
5.289225492997999822e+01,8.522098779888883868e+00
5.291226064589883293e+01,8.092021825238681743e+00
5.293226636181766764e+01,8.106729696484013203e+00
5.295227207773649525e+01,8.399547583442439347e+00
5.297227779365532996e+01,7.892568978803707225e+00
5.299228350957416467e+01,8.169054337833269841e+00
5.301228922549299938e+01,7.635102264215403167e+00
5.303229494141183409e+01,7.215971773799715550e+00
5.305230065733066880e+01,7.693597720848366350e+00
5.307230637324950351e+01,8.298176409739163262e+00
5.309231208916833822e+01,8.408739764778085046e+00
5.311231780508717293e+01,9.182047292754472068e+00
5.313232352100600764e+01,8.603624306382911868e+00
5.315232923692483524e+01,8.324181382807894991e+00
5.317233495284366995e+01,9.643816407727729967e+00
5.319234066876250466e+01,8.888779033149875275e+00
5.321234638468133937e+01,8.897737742217072920e+00
5.323235210060017408e+01,8.310842037807219640e+00
5.325235781651900879e+01,8.888662550396624340e+00
5.327236353243784350e+01,8.671311945512551134e+00
5.329236924835667821e+01,9.113701081033743989e+00
5.331237496427551292e+01,8.387571974689212340e+00
5.333238068019434053e+01,8.673608163054240094e+00
5.335238639611317524e+01,7.289104876116153875e+00
5.337239211203200995e+01,7.981949178861460936e+00
5.339239782795084466e+01,7.815617532140233692e+00
5.341240354386967937e+01,7.638410683471037466e+00
5.343240925978851408e+01,6.571782059923913621e+00
5.345241497570734879e+01,5.431387099400385665e+00
5.347242069162618350e+01,5.340419263767158142e+00
5.349242640754501821e+01,5.392329326871932338e+00
5.351243212346384581e+01,5.083715154092928401e+00
5.353243783938268052e+01,5.401296214642272275e+00
5.355244355530151523e+01,5.071171253605985640e+00
5.357244927122034994e+01,4.685647221817569097e+00
5.359245498713918465e+01,4.121150594194235239e+00
5.361246070305801936e+01,4.235569783101097663e+00
5.363246641897685407e+01,3.872112565192055822e+00
5.365247213489568878e+01,4.098695313143519314e+00
5.367247785081452349e+01,3.242787872726383913e+00
5.369248356673335820e+01,3.625126002407688119e+00
5.371248928265218581e+01,3.427028162724957916e+00
5.373249499857102052e+01,3.861664825914377097e+00
5.375250071448985523e+01,4.105563353322311926e+00
5.377250643040868994e+01,3.606578673878449326e+00
5.379251214632752465e+01,3.455375911261766575e+00
5.381251786224635936e+01,3.530035199350321840e+00
5.383252357816519407e+01,3.624799659329247969e+00
5.385252929408402878e+01,4.056411720462774539e+00
5.387253501000286349e+01,3.642648254943594566e+00
5.389254072592169109e+01,3.401212401243732142e+00
5.391254644184052580e+01,3.200318463148598802e+00
5.393255215775936051e+01,3.621408040056324218e+00
5.395255787367819522e+01,3.095860578859747747e+00
5.397256358959702993e+01,3.549551316797677547e+00
5.399256930551586464e+01,3.456098997664015293e+00
5.401257502143469935e+01,3.877709442945581841e+00
5.403258073735353406e+01,3.166533516245950253e+00
5.405258645327236877e+01,3.997429385014545922e+00
5.407259216919120348e+01,3.925489920646975328e+00
5.409259788511003109e+01,3.975466555696223647e+00
5.411260360102886580e+01,3.578025945759867099e+00
5.413260931694770051e+01,4.665329761032252165e+00
5.415261503286653522e+01,4.016617855037472928e+00
5.417262074878536993e+01,3.545981216309948003e+00
5.419262646470420464e+01,3.587951543912429209e+00
5.421263218062303935e+01,4.323595596377240113e+00
5.423263789654187406e+01,4.030339761453836545e+00
5.425264361246070877e+01,3.743022859811714120e+00
5.427264932837953637e+01,4.107048329745620840e+00
5.429265504429837108e+01,3.779411613717409413e+00
5.431266076021720579e+01,4.503390362689501103e+00
5.433266647613604050e+01,4.347334972895807503e+00
5.435267219205487521e+01,3.948088910726390566e+00
5.437267790797370992e+01,4.202405975205438793e+00
5.439268362389254463e+01,4.763075138463502611e+00
5.441268933981137934e+01,4.298842515343932469e+00
5.443269505573021405e+01,5.108436443512811564e+00
5.445270077164904166e+01,4.485595969033152386e+00
5.447270648756787637e+01,5.015680383092196770e+00
5.449271220348671108e+01,5.328083588461169029e+00
5.451271791940554579e+01,4.627490901779950150e+00
5.453272363532438050e+01,5.211230048328716613e+00
5.455272935124321521e+01,5.138146550270322521e+00
5.457273506716204992e+01,4.506147177839619822e+00
5.459274078308088463e+01,4.452581115431008207e+00
5.461274649899971934e+01,5.354946331751753164e+00
5.463275221491855405e+01,4.569345921796127641e+00
5.465275793083738165e+01,4.966211785192066408e+00
5.467276364675621636e+01,4.194439085881177753e+00
5.469276936267505107e+01,4.043968479332651356e+00
5.471277507859388578e+01,4.249143236575658733e+00
5.473278079451272049e+01,4.135831323508474711e+00
5.475278651043155520e+01,4.150718860434790436e+00
5.477279222635038991e+01,4.930700630755249669e+00
5.479279794226922462e+01,4.172800815079305892e+00
5.481280365818805933e+01,4.511837607817763995e+00
5.483280937410688693e+01,3.124386283454283042e+00
5.485281509002572164e+01,4.188496971891420451e+00
5.487282080594455635e+01,3.819196771819169722e+00
5.489282652186339106e+01,3.659474282972228210e+00
5.491283223778222577e+01,3.619532762751220822e+00
5.493283795370106048e+01,3.103213729319156844e+00
5.495284366961989519e+01,3.671631111178529139e+00
5.497284938553872990e+01,4.020820437105571798e+00
5.499285510145756461e+01,3.834364590705649611e+00
5.501286081737639222e+01,3.472607450954433794e+00
5.503286653329522693e+01,3.758369222069564586e+00
5.505287224921406164e+01,3.721539057712742071e+00
5.507287796513289635e+01,4.042884804254361697e+00
5.509288368105173106e+01,3.912223604800995957e+00
5.511288939697056577e+01,3.152255621379798534e+00
5.513289511288940048e+01,3.424562384962264616e+00
5.515290082880823519e+01,3.617088348626642524e+00
5.517290654472706990e+01,3.755981982458196811e+00
5.519291226064590461e+01,3.549015972244368378e+00
5.521291797656473221e+01,3.577519297948890564e+00
5.523292369248356692e+01,3.348776212230495375e+00
5.525292940840240163e+01,4.019162544301345896e+00
5.527293512432123634e+01,3.938892848821991421e+00
5.529294084024007105e+01,3.914503516085098056e+00
5.531294655615890576e+01,3.834971484596281233e+00
5.533295227207774047e+01,4.147913256331147380e+00
5.535295798799657518e+01,4.346454920295275137e+00
5.537296370391540989e+01,3.561578254860565007e+00
5.539296941983423750e+01,3.316600908921719437e+00
5.541297513575307221e+01,3.913122612386502830e+00
5.543298085167190692e+01,4.602037706686575191e+00
5.545298656759074163e+01,3.799245060766609061e+00
5.547299228350957634e+01,3.347005204421798830e+00
5.549299799942841105e+01,3.492550820947065482e+00
5.551300371534724576e+01,4.577342236277297083e+00
5.553300943126608047e+01,4.064290471281253758e+00
5.555301514718491518e+01,3.549305914992345823e+00
5.557302086310374989e+01,4.548384686180149572e+00
5.559302657902257749e+01,3.489858715063290706e+00
5.561303229494141220e+01,3.647241853626550956e+00
5.563303801086024691e+01,3.484099881978353075e+00
5.565304372677908162e+01,3.925972526089486880e+00
5.567304944269791633e+01,4.170035295128664110e+00
5.569305515861675104e+01,4.339369357520300063e+00
5.571306087453558575e+01,4.064247355894424985e+00
5.573306659045442046e+01,3.810680633174990284e+00
5.575307230637325517e+01,4.358061474964534554e+00
5.577307802229208278e+01,4.148985392421653984e+00
5.579308373821091749e+01,4.906514902730278571e+00
5.581308945412975220e+01,5.629988175200873357e+00
5.583309517004858691e+01,5.489558203086680521e+00
5.585310088596742162e+01,5.592675532743911049e+00
5.587310660188625633e+01,4.918962726251194795e+00
5.589311231780509104e+01,5.424099545193503680e+00
5.591311803372392575e+01,5.492085033577226660e+00
5.593312374964276046e+01,5.964081067107086298e+00
5.595312946556158806e+01,6.534514622852764631e+00
5.597313518148042277e+01,5.857215582048426405e+00
5.599314089739925748e+01,6.707127377147477532e+00
5.601314661331809219e+01,6.456859424016182736e+00
5.603315232923692690e+01,6.467115287660812228e+00
5.605315804515576161e+01,6.117712085180335713e+00
5.607316376107459632e+01,6.191813484283856361e+00
5.609316947699343103e+01,6.101718332877694273e+00
5.611317519291226574e+01,5.713787395682638603e+00
5.613318090883110045e+01,5.927304894146961267e+00
5.615318662474992806e+01,5.909586398008949359e+00
5.617319234066876277e+01,5.495246571090224741e+00
5.619319805658759748e+01,5.529409001328405182e+00
5.621320377250643219e+01,5.015486558257817862e+00
5.623320948842526690e+01,5.131531708467870878e+00
5.625321520434410161e+01,5.171392106982438897e+00
5.627322092026293632e+01,5.162946340011387747e+00
5.629322663618177103e+01,5.555635937529256552e+00
5.631323235210060574e+01,4.509790304013232998e+00
5.633323806801943334e+01,4.022638823059602409e+00
5.635324378393826805e+01,3.872207559454272641e+00
5.637324949985710276e+01,4.634224548174017855e+00
5.639325521577593747e+01,3.531437143155615743e+00
5.641326093169477218e+01,3.389878052284448273e+00
5.643326664761360689e+01,3.871776309317363385e+00
5.645327236353244160e+01,3.901609351876128784e+00
5.647327807945127631e+01,3.798196997976813094e+00
5.649328379537011102e+01,4.030903768487848815e+00
5.651328951128894573e+01,3.693425050378823293e+00
5.653329522720777334e+01,3.035343205153552049e+00
5.655330094312660805e+01,4.176979756075082761e+00
5.657330665904544276e+01,3.566361565107436515e+00
5.659331237496427747e+01,3.333353891282429871e+00
5.661331809088311218e+01,2.956156530880347244e+00
5.663332380680194689e+01,3.361273725470487861e+00
5.665332952272078160e+01,3.813897980931895582e+00
5.667333523863961631e+01,3.301141219339470467e+00
5.669334095455845102e+01,2.796110499471378130e+00
5.671334667047727862e+01,2.944828658059277515e+00
5.673335238639611333e+01,3.823198393648138182e+00
5.675335810231494804e+01,2.858413603206703346e+00
5.677336381823378275e+01,2.978260509719657279e+00
5.679336953415261746e+01,2.791223269488389391e+00
5.681337525007145217e+01,3.819406001949348095e+00
5.683338096599028688e+01,3.129871490045556204e+00
5.685338668190912159e+01,2.900942880089809162e+00
5.687339239782795630e+01,4.003009144853026946e+00
5.689339811374678391e+01,4.061738965396164858e+00
5.691340382966561862e+01,3.480499001129850889e+00
5.693340954558445333e+01,3.233675592673061594e+00
5.695341526150328804e+01,3.275611593111703801e+00
5.697342097742212275e+01,3.949213964701010937e+00
5.699342669334095746e+01,3.249654239569868430e+00
5.701343240925979217e+01,3.598606676964474449e+00
5.703343812517862688e+01,3.808463330326390395e+00
5.705344384109746159e+01,3.307242654980504959e+00
5.707344955701629630e+01,4.095085490464779099e+00
5.709345527293512390e+01,3.331266248341738123e+00
5.711346098885395861e+01,2.925624124985981123e+00
5.713346670477279332e+01,3.734343065983610543e+00
5.715347242069162803e+01,4.005749768762243868e+00
5.717347813661046274e+01,3.131597583353601166e+00
5.719348385252929745e+01,3.079149981616043696e+00
5.721348956844813216e+01,2.673303786322318132e+00
5.723349528436696687e+01,3.205517068911545309e+00
5.725350100028580158e+01,3.320348668660610958e+00
5.727350671620462919e+01,3.892865540408490865e+00
5.729351243212346390e+01,3.728604637160549462e+00
5.731351814804229861e+01,3.336602899214756501e+00
5.733352386396113332e+01,3.540497475848829900e+00
5.735352957987996803e+01,3.348894546964562569e+00
5.737353529579880274e+01,3.492811729532710796e+00
5.739354101171763745e+01,3.690458010596315841e+00
5.741354672763647216e+01,3.219665620982781196e+00
5.743355244355530687e+01,2.963961186177515916e+00
5.745355815947414158e+01,3.026160004864517639e+00
5.747356387539296918e+01,2.969311664926487015e+00
5.749356959131180389e+01,3.354028892171799114e+00
5.751357530723063860e+01,2.867105955033416809e+00
5.753358102314947331e+01,3.479943352177082616e+00
5.755358673906830802e+01,3.822016673361009698e+00
5.757359245498714273e+01,3.694968263085931515e+00
5.759359817090597744e+01,2.820914182259615988e+00
5.761360388682481215e+01,3.210041807698186922e+00
5.763360960274364686e+01,3.658094003613684642e+00
5.765361531866247446e+01,2.752677886203369173e+00
5.767362103458130917e+01,3.272396369818019846e+00
5.769362675050014388e+01,3.157187138597627118e+00
5.771363246641897859e+01,3.247616393104629573e+00
5.773363818233781330e+01,2.811854939790735752e+00
5.775364389825664801e+01,4.371595545490911228e+00
5.777364961417548272e+01,3.216694804702441957e+00
5.779365533009431743e+01,3.169342706564116430e+00
5.781366104601315214e+01,2.662947646388888590e+00
5.783366676193197975e+01,3.264050433656549011e+00
5.785367247785081446e+01,2.886186071989854884e+00
5.787367819376964917e+01,4.028984893322501648e+00
5.789368390968848388e+01,3.308977242943272223e+00
5.791368962560731859e+01,3.293388934512651023e+00
5.793369534152615330e+01,3.306245829277798975e+00
5.795370105744498801e+01,3.673959993071977514e+00
5.797370677336382272e+01,3.792480322528172465e+00
5.799371248928265743e+01,3.559512938912030577e+00
5.801371820520149214e+01,3.199174096606551387e+00
5.803372392112031974e+01,3.850739311408122312e+00
5.805372963703915445e+01,3.339718103875462862e+00
5.807373535295798916e+01,3.448385768265715967e+00
5.809374106887682387e+01,3.150674540569456727e+00
5.811374678479565858e+01,3.519680308778613931e+00
5.813375250071449329e+01,3.408293918340338458e+00
5.815375821663332800e+01,3.077828880061261430e+00
5.817376393255216271e+01,3.437243723774946691e+00
5.819376964847099742e+01,3.146770456023336493e+00
5.821377536438982503e+01,4.059765821094485361e+00
5.823378108030865974e+01,2.920174829388103355e+00
5.825378679622749445e+01,4.276560517679563134e+00
5.827379251214632916e+01,3.542502502624674143e+00
5.829379822806516387e+01,2.834727370174319638e+00
5.831380394398399858e+01,3.293839013498765400e+00
5.833380965990283329e+01,3.203484607657623329e+00
5.835381537582166800e+01,4.163251015418086176e+00
5.837382109174050271e+01,2.790919900973825918e+00
5.839382680765933742e+01,3.692845489381539004e+00
5.841383252357816502e+01,3.825077862730972278e+00
5.843383823949699973e+01,4.295420767957008223e+00
5.845384395541583444e+01,3.301996804947287423e+00
5.847384967133466915e+01,3.140058817073320796e+00
5.849385538725350386e+01,4.344110728929548415e+00
5.851386110317233857e+01,3.757210354762256621e+00
5.853386681909117328e+01,3.844629654860524326e+00
5.855387253501000799e+01,3.731607858057476967e+00
5.857387825092884270e+01,4.028611657500963616e+00
5.859388396684767031e+01,4.056079893407268600e+00
5.861388968276650502e+01,4.306410297027347234e+00
5.863389539868533973e+01,5.279334417348017894e+00
5.865390111460417444e+01,4.800731297568948897e+00
5.867390683052300915e+01,4.839282019247969302e+00
5.869391254644184386e+01,5.759836055846601077e+00
5.871391826236067857e+01,5.157088742267363912e+00
5.873392397827951328e+01,5.418836962828212478e+00
5.875392969419834799e+01,6.000170404493232468e+00
5.877393541011717559e+01,6.452753756544140629e+00
5.879394112603601030e+01,6.106063864208165270e+00
5.881394684195484501e+01,5.658593330608962191e+00
5.883395255787367972e+01,6.805212746653653610e+00
5.885395827379251443e+01,6.637415861954932161e+00
5.887396398971134914e+01,7.246221278790307530e+00
5.889396970563018385e+01,6.290896140069808240e+00
5.891397542154901856e+01,6.535894994979575934e+00
5.893398113746785327e+01,6.591380996032460082e+00
5.895398685338668798e+01,6.002920454114224924e+00
5.897399256930551559e+01,5.911897615681134255e+00
5.899399828522435030e+01,5.798886261164303946e+00
5.901400400114318501e+01,6.010841553995378561e+00
5.903400971706201972e+01,5.028195813719932517e+00
5.905401543298085443e+01,4.623316508607372199e+00
5.907402114889968914e+01,4.247002688043290064e+00
5.909402686481852385e+01,4.024606340124101678e+00
5.911403258073735856e+01,3.854888430543405242e+00
5.913403829665619327e+01,4.042447948767831534e+00
5.915404401257502087e+01,3.670201341279035301e+00
5.917404972849385558e+01,3.899587388212711225e+00
5.919405544441269029e+01,4.189546523934893685e+00
5.921406116033152500e+01,3.955850458062237784e+00
5.923406687625035971e+01,3.372829140007262083e+00
5.925407259216919442e+01,3.743480577786828079e+00
5.927407830808802913e+01,3.122270734232511114e+00
5.929408402400686384e+01,2.973933648496010385e+00
5.931408973992569855e+01,3.604833909201241138e+00
5.933409545584453326e+01,4.199014819171946300e+00
5.935410117176336087e+01,3.798142880211156758e+00
5.937410688768219558e+01,4.081333366591874068e+00
5.939411260360103029e+01,3.581417174231491529e+00
5.941411831951986500e+01,3.251749092632326033e+00
5.943412403543869971e+01,3.491020698020147250e+00
5.945412975135753442e+01,3.721000430168960094e+00
5.947413546727636913e+01,3.481446969712835404e+00
5.949414118319520384e+01,4.127963668137896391e+00
5.951414689911403855e+01,3.260090441614693191e+00
5.953415261503286615e+01,3.536709822427521743e+00
5.955415833095170086e+01,3.900683579763321251e+00
5.957416404687053557e+01,3.900390019345785220e+00
5.959416976278937028e+01,3.446708358536262118e+00
5.961417547870820499e+01,3.744055200272478512e+00
5.963418119462703970e+01,3.798803598814057381e+00
5.965418691054587441e+01,3.661422959719848436e+00
5.967419262646470912e+01,3.945191647226120146e+00
5.969419834238354383e+01,3.449363502049988206e+00
5.971420405830237144e+01,3.489600219258063962e+00
5.973420977422120615e+01,2.734912925240735149e+00
5.975421549014004086e+01,2.788987441396654887e+00
5.977422120605887557e+01,3.411948654590391428e+00
5.979422692197771028e+01,4.193535065679952822e+00
5.981423263789654499e+01,3.288778275967641829e+00
5.983423835381537970e+01,3.698806973597469572e+00
5.985424406973421441e+01,3.706438131606078823e+00
5.987424978565304912e+01,2.921813349236231261e+00
5.989425550157188383e+01,3.200610845565455609e+00
5.991426121749071143e+01,3.443345800283155622e+00
5.993426693340954614e+01,3.170306872659570008e+00
5.995427264932838085e+01,4.352278177392923553e+00
5.997427836524721556e+01,3.132174039320177350e+00
5.999428408116605027e+01,4.179471426498581721e+00
6.001428979708488498e+01,4.035371668352197183e+00
6.003429551300371969e+01,4.210513649567927175e+00
6.005430122892255440e+01,2.880592637830782454e+00
6.007430694484138911e+01,3.350971505657811988e+00
6.009431266076021672e+01,3.794187020828466039e+00
6.011431837667905143e+01,3.520388761155030188e+00
6.013432409259788614e+01,3.490923482061377925e+00
6.015432980851672085e+01,3.584577813962563031e+00
6.017433552443555556e+01,3.924895625800871812e+00
6.019434124035439027e+01,3.882527328664033384e+00
6.021434695627322498e+01,4.160815540550601987e+00
6.023435267219205969e+01,3.706925393045601869e+00
6.025435838811089440e+01,3.820163435919160300e+00
6.027436410402972911e+01,3.994219913764607277e+00
6.029436981994855671e+01,4.015083935383838565e+00
6.031437553586739142e+01,4.612652055485685132e+00
6.033438125178622613e+01,4.527757995087115184e+00
6.035438696770506084e+01,4.986835833120229822e+00
6.037439268362389555e+01,4.954465716382901341e+00
6.039439839954273026e+01,4.962052473961936272e+00
6.041440411546156497e+01,5.722980855813489143e+00
6.043440983138039968e+01,5.370314441082378210e+00
6.045441554729923439e+01,5.137608966832258872e+00
6.047442126321806199e+01,6.037806806205596288e+00
6.049442697913689670e+01,6.371609949801945838e+00
6.051443269505573141e+01,6.507980984116274570e+00
6.053443841097456612e+01,7.039061294995355489e+00
6.055444412689340083e+01,7.284686796993029567e+00
6.057444984281223554e+01,7.649807731944563649e+00
6.059445555873107025e+01,7.141127296504309996e+00
6.061446127464990496e+01,7.332391980939235943e+00
6.063446699056873967e+01,6.751599876682230494e+00
6.065447270648756728e+01,7.204677425635042987e+00
6.067447842240640199e+01,7.095349099563047268e+00
6.069448413832523670e+01,6.886727705282783774e+00
6.071448985424407141e+01,6.628806209162822149e+00
6.073449557016290612e+01,6.261165217832814101e+00
6.075450128608174083e+01,5.133440308674065200e+00
6.077450700200057554e+01,5.738606902638632157e+00
6.079451271791941025e+01,5.424966320523198604e+00
6.081451843383824496e+01,5.565533325988790025e+00
6.083452414975707967e+01,4.916086960095881864e+00
6.085452986567590727e+01,4.555638649111203975e+00
6.087453558159474198e+01,4.414667303594344006e+00
6.089454129751357669e+01,3.574380211684446085e+00
6.091454701343241140e+01,5.122802784159203426e+00
6.093455272935124611e+01,4.713014935441664832e+00
6.095455844527008082e+01,4.046591228665110229e+00
6.097456416118891553e+01,3.509963371043130387e+00
6.099456987710775024e+01,3.354658231178316630e+00
6.101457559302658495e+01,3.375557137989901868e+00
6.103458130894541256e+01,3.991668353292963545e+00
6.105458702486424727e+01,4.239365742792116976e+00
6.107459274078308198e+01,4.169886505179182024e+00
6.109459845670191669e+01,3.777985101160215020e+00
6.111460417262075140e+01,3.916868540138289223e+00
6.113460988853958611e+01,3.613668549563181287e+00
6.115461560445842082e+01,3.708112646279290381e+00
6.117462132037725553e+01,3.437285248033630669e+00
6.119462703629609024e+01,4.704741316083262959e+00
6.121463275221492495e+01,4.180571223081502197e+00
6.123463846813375255e+01,3.531852375729721771e+00
6.125464418405258726e+01,4.060798722487820811e+00
6.127464989997142197e+01,3.888566677208167732e+00
6.129465561589025668e+01,4.045036278063017576e+00
6.131466133180909139e+01,3.912927562617160682e+00
6.133466704772792610e+01,4.657868978711154462e+00
6.135467276364676081e+01,5.166548076108380627e+00
6.137467847956559552e+01,4.363512395102915775e+00
6.139468419548443023e+01,4.671346397647591964e+00
6.141468991140325784e+01,5.218595882218526327e+00
6.143469562732209255e+01,5.172382877493246767e+00
6.145470134324092726e+01,5.357852377793371090e+00
6.147470705915976197e+01,6.043285811484619074e+00
6.149471277507859668e+01,5.925863632486668031e+00
6.151471849099743139e+01,6.593936567514115055e+00
6.153472420691626610e+01,6.950837241395063870e+00
6.155472992283510081e+01,8.081908631053783765e+00
6.157473563875393552e+01,9.046518968982754316e+00
6.159474135467276312e+01,9.031328013518955089e+00
6.161474707059159783e+01,9.125335120757247509e+00
6.163475278651043254e+01,1.055965093378483921e+01
6.165475850242926725e+01,1.127183048910882057e+01
6.167476421834810196e+01,1.145617742097997294e+01
6.169476993426693667e+01,1.135474583176212704e+01
6.171477565018577138e+01,1.239403630975354176e+01
6.173478136610460609e+01,1.271901224461880453e+01
6.175478708202344080e+01,1.278516850569637242e+01
6.177479279794227551e+01,1.282801969555708332e+01
6.179479851386110312e+01,1.258174056113663397e+01
6.181480422977993783e+01,1.294960993922063608e+01
6.183480994569877254e+01,1.233689041309053280e+01
6.185481566161760725e+01,1.276630116315058316e+01
6.187482137753644196e+01,1.230200956578060456e+01
6.189482709345527667e+01,1.185693834803245039e+01
6.191483280937411138e+01,1.197053617521064339e+01
6.193483852529294609e+01,1.105959253806754461e+01
6.195484424121178080e+01,1.084872130201687668e+01
6.197484995713060840e+01,1.111833833109019665e+01
6.199485567304944311e+01,1.151953697364506191e+01
6.201486138896827782e+01,1.103084253100526269e+01
6.203486710488711253e+01,1.105577048329181977e+01
6.205487282080594724e+01,1.104911912105947991e+01
6.207487853672478195e+01,1.156293700823723114e+01
6.209488425264361666e+01,1.125009007744502298e+01
6.211488996856245137e+01,1.193841760995239909e+01
6.213489568448128608e+01,1.176658681250232164e+01
6.215490140040011369e+01,1.160623406996593587e+01
6.217490711631894840e+01,1.245125880655864670e+01
6.219491283223778311e+01,1.219344086728423093e+01
6.221491854815661782e+01,1.186972314059505962e+01
6.223492426407545253e+01,1.136189471725737299e+01
6.225492997999428724e+01,1.075053245829600534e+01
6.227493569591312195e+01,1.065639805807692220e+01
6.229494141183195666e+01,1.063798942891892807e+01
6.231494712775079137e+01,1.067585569217880348e+01
6.233495284366962608e+01,9.600989746974978090e+00
6.235495855958845368e+01,8.662329226141226357e+00
6.237496427550728839e+01,8.199134011735905503e+00
6.239496999142612310e+01,7.645130723767680436e+00
6.241497570734495781e+01,7.154226188488441274e+00
6.243498142326379252e+01,7.020432309438608520e+00
6.245498713918262723e+01,5.967494945066402323e+00
6.247499285510146194e+01,6.221063973350841714e+00
6.249499857102029665e+01,5.254332069852248210e+00
6.251500428693913136e+01,4.750065260895559582e+00
6.253501000285795897e+01,4.252787524051603540e+00
6.255501571877679368e+01,3.919481485571390422e+00
6.257502143469562839e+01,4.219209094255568893e+00
6.259502715061446310e+01,5.000813316634517669e+00
6.261503286653329781e+01,4.051065659943478003e+00
6.263503858245213252e+01,4.298432685645882323e+00
6.265504429837096723e+01,3.875938473679071627e+00
6.267505001428980194e+01,3.293810801029645408e+00
6.269505573020863665e+01,3.620563421934687831e+00
6.271506144612747136e+01,3.660763617978988194e+00
6.273506716204629896e+01,3.946861669475422829e+00
6.275507287796513367e+01,4.199434497489811235e+00
6.277507859388396838e+01,3.370077143638288142e+00
6.279508430980280309e+01,4.118732312613263780e+00
6.281509002572163780e+01,3.573316272340731903e+00
6.283509574164047251e+01,3.397632362033349285e+00
6.285510145755930722e+01,3.337991127779097233e+00
6.287510717347814193e+01,3.969817991444621441e+00
6.289511288939697664e+01,3.032674129381419004e+00
6.291511860531580425e+01,3.781829343867906701e+00
6.293512432123463896e+01,4.110928573919453655e+00
6.295513003715347367e+01,3.695150162093110424e+00
6.297513575307230838e+01,3.571294095260401313e+00
6.299514146899114309e+01,3.702561830027236045e+00
6.301514718490997780e+01,3.714216667884067125e+00
6.303515290082881251e+01,4.141875500101412477e+00
6.305515861674764722e+01,3.508274863097265772e+00
6.307516433266648193e+01,3.238908722635865267e+00
6.309517004858530953e+01,3.651988890681890698e+00
6.311517576450414424e+01,3.973437004664686079e+00
6.313518148042297895e+01,3.815695878103399163e+00
6.315518719634181366e+01,3.888409013573371098e+00
6.317519291226064837e+01,3.688744822184058414e+00
6.319519862817948308e+01,4.162367609531701262e+00
6.321520434409831779e+01,3.634086037183893669e+00
6.323521006001715250e+01,4.572307531211833975e+00
6.325521577593598721e+01,3.600247448959432717e+00
6.327522149185482192e+01,3.013915220400239292e+00
6.329522720777364952e+01,3.411177783216807757e+00
6.331523292369248423e+01,4.113187831312595577e+00
6.333523863961131894e+01,3.337223599793836204e+00
6.335524435553015365e+01,3.671444634776346749e+00
6.337525007144898836e+01,3.499564537419344035e+00
6.339525578736782307e+01,3.440639815873043350e+00
6.341526150328665778e+01,4.229972927598454113e+00
6.343526721920549249e+01,4.107339783156167989e+00
6.345527293512432720e+01,4.307042856451480439e+00
6.347527865104315481e+01,4.218090698380553505e+00
6.349528436696198952e+01,4.422216638705943836e+00
6.351529008288082423e+01,4.460034915962258317e+00
6.353529579879965894e+01,4.153159268547996774e+00
6.355530151471849365e+01,4.071915566900465855e+00
6.357530723063732836e+01,4.443787008157483953e+00
6.359531294655616307e+01,4.275982195282600706e+00
6.361531866247499778e+01,4.340062158333861220e+00
6.363532437839383249e+01,4.828254911189816312e+00
6.365533009431266720e+01,4.564425577263190981e+00
6.367533581023149480e+01,5.048397503341349513e+00
6.369534152615032951e+01,5.365920837029202417e+00
6.371534724206916422e+01,4.825301847338072214e+00
6.373535295798799893e+01,4.918531109013376756e+00
6.375535867390683364e+01,5.005594943141160158e+00
6.377536438982566835e+01,5.240750234307428812e+00
6.379537010574450306e+01,5.001433433837671139e+00
6.381537582166333777e+01,5.290831752272156407e+00
6.383538153758217248e+01,5.295226394991090935e+00
6.385538725350100009e+01,5.323899617290496877e+00
6.387539296941983480e+01,4.845199023734111599e+00
6.389539868533866951e+01,5.152031451784732319e+00
6.391540440125750422e+01,5.235523993383459640e+00
6.393541011717633893e+01,5.033588883687881044e+00
6.395541583309517364e+01,5.399441665483209363e+00
6.397542154901400835e+01,5.171594886265474145e+00
6.399542726493284306e+01,5.473940940187124404e+00
6.401543298085167066e+01,5.078309027364436012e+00
6.403543869677051248e+01,5.043844616161900163e+00
6.405544441268934008e+01,4.750529070401517728e+00
6.407545012860816769e+01,5.171033708498509185e+00
6.409545584452700950e+01,5.041289276019164767e+00
6.411546156044585132e+01,4.081239055170809316e+00
6.413546727636467892e+01,4.589108020235238783e+00
6.415547299228350653e+01,3.802880298320826746e+00
6.417547870820234834e+01,4.194104825758517840e+00
6.419548442412119016e+01,4.861340786760029786e+00
6.421549014004001776e+01,3.768003977260131254e+00
6.423549585595884537e+01,3.920640652477217269e+00
6.425550157187768718e+01,3.719735650011684047e+00
6.427550728779651479e+01,3.402667837049064836e+00
6.429551300371534239e+01,3.835753526862320850e+00
6.431551871963418421e+01,4.156634417231510170e+00
6.433552443555302602e+01,3.896872573293420849e+00
6.435553015147185363e+01,4.430042543173541070e+00
6.437553586739068123e+01,3.951681178281075901e+00
6.439554158330952305e+01,5.327483403867356415e+00
6.441554729922835065e+01,5.058858719089481149e+00
6.443555301514717826e+01,4.794772543815070343e+00
6.445555873106602007e+01,4.864205171434975661e+00
6.447556444698486189e+01,4.636798579297011891e+00
6.449557016290368949e+01,5.391747885019582576e+00
6.451557587882251710e+01,5.705169780731927709e+00
6.453558159474135891e+01,6.420643207880134540e+00
6.455558731066020073e+01,7.092832806588953432e+00
6.457559302657902833e+01,7.344382554756524684e+00
6.459559874249785594e+01,6.764904906503445225e+00
6.461560445841669775e+01,7.374030337597113238e+00
6.463561017433552536e+01,7.694748617517120692e+00
6.465561589025435296e+01,7.772647407381763962e+00
6.467562160617319478e+01,7.880610389465275034e+00
6.469562732209203659e+01,8.352922961527658785e+00
6.471563303801086420e+01,7.985035483955208235e+00
6.473563875392969180e+01,8.066031927222645947e+00
6.475564446984853362e+01,7.317633046552919573e+00
6.477565018576737543e+01,8.046508463424046909e+00
6.479565590168618883e+01,7.730507837208627109e+00
6.481566161760503064e+01,7.378640854509120217e+00
6.483566733352387246e+01,6.638263556288737988e+00
6.485567304944270006e+01,6.089790575745961831e+00
6.487567876536152767e+01,6.564065459721319051e+00
6.489568448128036948e+01,6.696096020170556606e+00
6.491569019719921130e+01,5.632628135051406915e+00
6.493569591311803890e+01,5.591276432994042089e+00
6.495570162903686651e+01,5.099367874492449104e+00
6.497570734495570832e+01,4.669333101280434661e+00
6.499571306087453593e+01,4.345501353916505494e+00
6.501571877679336353e+01,4.521754678952238038e+00
6.503572449271220535e+01,3.803694478186072203e+00
6.505573020863104716e+01,4.025729819276643973e+00
6.507573592454987477e+01,3.111541506788752187e+00
6.509574164046870237e+01,3.364202926885356160e+00
6.511574735638754419e+01,3.645137861147734082e+00
6.513575307230638600e+01,4.019799636277349819e+00
6.515575878822521361e+01,3.579871591031627442e+00
6.517576450414404121e+01,3.297862979686288831e+00
6.519577022006288303e+01,3.875731511700353682e+00
6.521577593598171063e+01,4.237589974864899744e+00
6.523578165190053824e+01,3.336669860003814936e+00
6.525578736781938005e+01,3.931138672784660670e+00
6.527579308373822187e+01,3.309995081303154674e+00
6.529579879965704947e+01,3.800846310758071667e+00
6.531580451557587708e+01,3.475135668251674748e+00
6.533581023149471889e+01,4.109938992513217926e+00
6.535581594741354650e+01,3.692396370675663952e+00
6.537582166333237410e+01,3.511010891484455776e+00
6.539582737925121592e+01,3.459006580554770061e+00
6.541583309517005773e+01,3.286716438974537358e+00
6.543583881108888534e+01,3.986780252539253055e+00
6.545584452700771294e+01,3.523069779786401234e+00
6.547585024292655476e+01,3.313160351149925020e+00
6.549585595884539657e+01,4.099386688212633523e+00
6.551586167476422418e+01,3.519755362545239574e+00
6.553586739068305178e+01,4.197698529585641047e+00
6.555587310660189360e+01,4.198417518960345873e+00
6.557587882252072120e+01,3.533969562901574601e+00
6.559588453843954881e+01,4.459629252448915615e+00
6.561589025435839062e+01,4.261423264404927025e+00
6.563589597027723244e+01,4.327451120011295949e+00
6.565590168619606004e+01,4.263248089677064812e+00
6.567590740211488765e+01,4.560785848260773712e+00
6.569591311803372946e+01,3.996104424653143639e+00
6.571591883395257128e+01,3.679673745889774139e+00
6.573592454987138467e+01,4.761906161358249179e+00
6.575593026579022649e+01,4.590859463093812209e+00
6.577593598170906830e+01,3.858147538156822876e+00
6.579594169762789591e+01,3.720899374260740800e+00
6.581594741354672351e+01,4.496732951099092546e+00
6.583595312946556533e+01,4.239636915236422610e+00
6.585595884538440714e+01,3.846171804043466480e+00
6.587596456130323475e+01,4.590296496279138161e+00
6.589597027722206235e+01,4.195201855213740672e+00
6.591597599314090417e+01,3.819446191881794128e+00
6.593598170905973177e+01,3.382392960859724962e+00
6.595598742497855937e+01,3.955329100486009164e+00
6.597599314089740119e+01,4.122461082152359957e+00
6.599599885681624301e+01,3.250468805813139017e+00
6.601600457273507061e+01,3.331176506333712428e+00
6.603601028865389821e+01,3.667663272332643665e+00
6.605601600457274003e+01,2.963378710604853694e+00
6.607602172049158185e+01,3.441714340878244016e+00
6.609602743641040945e+01,3.503416382311813404e+00
6.611603315232923705e+01,3.968175211142095815e+00
6.613603886824807887e+01,3.533584650891395285e+00
6.615604458416690647e+01,3.287057521048442510e+00
6.617605030008573408e+01,3.727544523888915329e+00
6.619605601600457589e+01,3.497659776837910961e+00
6.621606173192341771e+01,2.960051595027712867e+00
6.623606744784224531e+01,3.483560433047008686e+00
6.625607316376107292e+01,3.543438860412554625e+00
6.627607887967991473e+01,3.143790456372422160e+00
6.629608459559874234e+01,3.522358577446037309e+00
6.631609031151756994e+01,3.715318511755116848e+00
6.633609602743641176e+01,3.770991615678565001e+00
6.635610174335525357e+01,3.867845982678113081e+00
6.637610745927408118e+01,4.105149974730411877e+00
6.639611317519290878e+01,3.873607054665081151e+00
6.641611889111175060e+01,4.347598564902821039e+00
6.643612460703059241e+01,3.302048310450711011e+00
6.645613032294942002e+01,4.463352510343467472e+00
6.647613603886824762e+01,4.375408446517698557e+00
6.649614175478708944e+01,3.703766061356469574e+00
6.651614747070591704e+01,3.681592371238520123e+00
6.653615318662474465e+01,3.770499966264222014e+00
6.655615890254358646e+01,3.844549439989721318e+00
6.657616461846242828e+01,3.546459083799203604e+00
6.659617033438125588e+01,3.628505944266572136e+00
6.661617605030008349e+01,4.653887404514801318e+00
6.663618176621892530e+01,4.334716475414215786e+00
6.665618748213776712e+01,3.493112131080065463e+00
6.667619319805658051e+01,3.787651780955057390e+00
6.669619891397542233e+01,4.631520607322826777e+00
6.671620462989426414e+01,4.176092185724551875e+00
6.673621034581309175e+01,3.673561712826431958e+00
6.675621606173191935e+01,3.706279678434793556e+00
6.677622177765076117e+01,3.410027425021280312e+00
6.679622749356960298e+01,3.830632335561184210e+00
6.681623320948843059e+01,4.361775018172244778e+00
6.683623892540725819e+01,4.555898570478326803e+00
6.685624464132610001e+01,3.910343869933526229e+00
6.687625035724492761e+01,4.063966847816496752e+00
6.689625607316375522e+01,5.010604047523389504e+00
6.691626178908259703e+01,4.555101173773697276e+00
6.693626750500143885e+01,5.199674150839039832e+00
6.695627322092026645e+01,4.625552836387010203e+00
6.697627893683909406e+01,5.713326298808620862e+00
6.699628465275793587e+01,5.421472372669191131e+00
6.701629036867677769e+01,5.713436003438358668e+00
6.703629608459560529e+01,5.862496800394483287e+00
6.705630180051443290e+01,6.032463844131037867e+00
6.707630751643327471e+01,6.773733632907780411e+00
6.709631323235210232e+01,6.245132892178801853e+00
6.711631894827092992e+01,7.351103201384218799e+00
6.713632466418977174e+01,7.203140673110225656e+00
6.715633038010861355e+01,6.790352642967588892e+00
6.717633609602744116e+01,6.995774073041284957e+00
6.719634181194626876e+01,7.138497546462819976e+00
6.721634752786511058e+01,7.112378342662070807e+00
6.723635324378393818e+01,6.323281516654743584e+00
6.725635895970276579e+01,5.890070021396259570e+00
6.727636467562160760e+01,6.584662924771401471e+00
6.729637039154044942e+01,6.318228231559841035e+00
6.731637610745927702e+01,6.148161101376088844e+00
6.733638182337810463e+01,6.455728793382837338e+00
6.735638753929694644e+01,5.712748158405411836e+00
6.737639325521578826e+01,5.339093417777853290e+00
6.739639897113461586e+01,6.327460146596932233e+00
6.741640468705344347e+01,5.299083293294137853e+00
6.743641040297228528e+01,4.997772805558567732e+00
6.745641611889111289e+01,5.319908713929732968e+00
6.747642183480994049e+01,4.264273558479956705e+00
6.749642755072878231e+01,4.798813737084038245e+00
6.751643326664762412e+01,5.139099856632841856e+00
6.753643898256645173e+01,4.841272540604856900e+00
6.755644469848527933e+01,4.187487282518666198e+00
6.757645041440412115e+01,4.832732169622099505e+00
6.759645613032296296e+01,4.568291897278540681e+00
6.761646184624177636e+01,4.696513442495533042e+00
6.763646756216061817e+01,5.337325205288477648e+00
6.765647327807945999e+01,4.111338130508096711e+00
6.767647899399828759e+01,4.749451317860605926e+00
6.769648470991711520e+01,4.578259097464911775e+00
6.771649042583595701e+01,4.070216341349349953e+00
6.773649614175479883e+01,4.411794339280472599e+00
6.775650185767362643e+01,4.013401724202192433e+00
6.777650757359245404e+01,4.518395689045999752e+00
6.779651328951129585e+01,4.040433882069952354e+00
6.781651900543012346e+01,4.019371157568613739e+00
6.783652472134895106e+01,4.301712316567252614e+00
6.785653043726779288e+01,4.197091143756291665e+00
6.787653615318663469e+01,4.960334493056495653e+00
6.789654186910546230e+01,4.292187748319058471e+00
6.791654758502428990e+01,3.392333976356055825e+00
6.793655330094313172e+01,4.088869008340536126e+00
6.795655901686197353e+01,4.448149656193725932e+00
6.797656473278080114e+01,3.944740437306986536e+00
6.799657044869962874e+01,4.108523792449352285e+00
6.801657616461847056e+01,4.091871099282782254e+00
6.803658188053729816e+01,4.195079049858946973e+00
6.805658759645612577e+01,3.874607430126676189e+00
6.807659331237496758e+01,4.578184846281189380e+00
6.809659902829380940e+01,4.486740209179903793e+00
6.811660474421263700e+01,4.846832983463762012e+00
6.813661046013146461e+01,3.614368958741484228e+00
6.815661617605030642e+01,4.763320558920029590e+00
6.817662189196913403e+01,4.647670794842081676e+00
6.819662760788796163e+01,4.207110963314951491e+00
6.821663332380680345e+01,4.304362475047549097e+00
6.823663903972564526e+01,4.450655273836434667e+00
6.825664475564447287e+01,4.589354237469423836e+00
6.827665047156330047e+01,4.079796763147024663e+00
6.829665618748214229e+01,4.002293216660287811e+00
6.831666190340098410e+01,4.406857391338874663e+00
6.833666761931981171e+01,4.445377501732986403e+00
6.835667333523863931e+01,3.628082630976426692e+00
6.837667905115748113e+01,4.616602559911556547e+00
6.839668476707630873e+01,4.266127973275496643e+00
6.841669048299513634e+01,4.274626473662135773e+00
6.843669619891397815e+01,3.833076658658677971e+00
6.845670191483281997e+01,5.075094268459693581e+00
6.847670763075164757e+01,3.857660289225886885e+00
6.849671334667047518e+01,4.517692499723422905e+00
6.851671906258931699e+01,4.682263369787183827e+00
6.853672477850815881e+01,4.918940086630893660e+00
6.855673049442697220e+01,3.896109655639246050e+00
6.857673621034581402e+01,4.630516241850269665e+00
6.859674192626465583e+01,4.267046857090456946e+00
6.861674764218348344e+01,4.642520789748086685e+00
6.863675335810231104e+01,4.241992750568661208e+00
6.865675907402115286e+01,4.283240677210754299e+00
6.867676478993999467e+01,4.131041672406754905e+00
6.869677050585882228e+01,5.451826149664172227e+00
6.871677622177764988e+01,4.812568714028428118e+00
6.873678193769649170e+01,5.230572730104619872e+00
6.875678765361531930e+01,5.148115411114544848e+00
6.877679336953414690e+01,4.241852476340769229e+00
6.879679908545298872e+01,5.256945655527629491e+00
6.881680480137183054e+01,4.578612502406712359e+00
6.883681051729065814e+01,4.366195177154944318e+00
6.885681623320948574e+01,3.890049633138879859e+00
6.887682194912832756e+01,4.289381310640065337e+00
6.889682766504716938e+01,4.349686304197788012e+00
6.891683338096599698e+01,4.545540401936460917e+00
6.893683909688482458e+01,3.792090255237918761e+00
6.895684481280366640e+01,3.882709287703301371e+00
6.897685052872249400e+01,4.337809961700513917e+00
6.899685624464132161e+01,4.300844826816176081e+00
6.901686196056016342e+01,4.445169764156550407e+00
6.903686767647900524e+01,4.137360878633599803e+00
6.905687339239783284e+01,4.120244229877047637e+00
6.907687910831666045e+01,4.083282492847441603e+00
6.909688482423550226e+01,3.830400694886776147e+00
6.911689054015432987e+01,4.404917950131474136e+00
6.913689625607315747e+01,4.133441390848601849e+00
6.915690197199199929e+01,3.643103036100866277e+00
6.917690768791084110e+01,4.488128358160763831e+00
6.919691340382966871e+01,4.571889459241158526e+00
6.921691911974849631e+01,4.600810721785499879e+00
6.923692483566733813e+01,4.952215320729655978e+00
6.925693055158617994e+01,4.289213260344092227e+00
6.927693626750500755e+01,5.188849636844285129e+00
6.929694198342383515e+01,4.851661523725172565e+00
6.931694769934267697e+01,4.967659842664422065e+00
6.933695341526150457e+01,4.423437743802460353e+00
6.935695913118033218e+01,5.097903227769750245e+00
6.937696484709917399e+01,4.197885359950009665e+00
6.939697056301801581e+01,4.360410186703830959e+00
6.941697627893684341e+01,4.773998132570831388e+00
6.943698199485567102e+01,3.917720532104118192e+00
6.945698771077451283e+01,3.448495271101179149e+00
6.947699342669335465e+01,4.157765834921239190e+00
6.949699914261216804e+01,4.538710206782276657e+00
6.951700485853100986e+01,3.813013887296189175e+00
6.953701057444985167e+01,4.602105241753643661e+00
6.955701629036867928e+01,4.008225673077655316e+00
6.957702200628750688e+01,4.400164421371519197e+00
6.959702772220634870e+01,3.967240399275260287e+00
6.961703343812519051e+01,3.441989424725528046e+00
6.963703915404401812e+01,4.236301383450434166e+00
6.965704486996284572e+01,4.367745276672607702e+00
6.967705058588168754e+01,3.895249987725832419e+00
6.969705630180051514e+01,4.166118996700330257e+00
6.971706201771934275e+01,4.560623527439791935e+00
6.973706773363818456e+01,4.835415215559928370e+00
6.975707344955702638e+01,5.012070847580541333e+00
6.977707916547585398e+01,4.237575155683856565e+00
6.979708488139468159e+01,4.531723333287982491e+00
6.981709059731352340e+01,4.312639120116974034e+00
6.983709631323236522e+01,4.607825746555318958e+00
6.985710202915119282e+01,4.875078522172348272e+00
6.987710774507002043e+01,4.759851266518614565e+00
6.989711346098886224e+01,4.989412265093774224e+00
6.991711917690768985e+01,5.375530948339662274e+00
6.993712489282651745e+01,6.438696661841630586e+00
6.995713060874535927e+01,6.207602807375051768e+00
6.997713632466420108e+01,7.078018849611087404e+00
6.999714204058302869e+01,6.840258735846396654e+00
7.001714775650185629e+01,7.922116640727276504e+00
7.003715347242069811e+01,8.259056437753887536e+00
7.005715918833952571e+01,8.066436102399030972e+00
7.007716490425835332e+01,9.542306110586398660e+00
7.009717062017719513e+01,9.800260015035256345e+00
7.011717633609603695e+01,9.149635458834183055e+00
7.013718205201486455e+01,9.100152995828429070e+00
7.015718776793369216e+01,9.185482610667040859e+00
7.017719348385253397e+01,9.196823707638690948e+00
7.019719919977137579e+01,9.745078230065161051e+00
7.021720491569020339e+01,1.019496325186548269e+01
7.023721063160903100e+01,9.702347154669038076e+00
7.025721634752787281e+01,9.624404204707214916e+00
7.027722206344670042e+01,9.751273700884139473e+00
7.029722777936552802e+01,9.154670957437904377e+00
7.031723349528436984e+01,9.051158491673479745e+00
7.033723921120321165e+01,9.603691986293236837e+00
7.035724492712203926e+01,9.503223725301914726e+00
7.037725064304086686e+01,9.747392408203964465e+00
7.039725635895970868e+01,9.106540207865558401e+00
7.041726207487855049e+01,9.165968895410555817e+00
7.043726779079736389e+01,8.879744525184715798e+00
7.045727350671620570e+01,8.853983278265076251e+00
7.047727922263504752e+01,8.755592163552712748e+00
7.049728493855387512e+01,7.217902579227293280e+00
7.051729065447270273e+01,7.394875024469758529e+00
7.053729637039154454e+01,7.493740261145898529e+00
7.055730208631038636e+01,6.843947653466194936e+00
7.057730780222921396e+01,7.196329211136887949e+00
7.059731351814804157e+01,6.848228596775094879e+00
7.061731923406688338e+01,6.867802530485967338e+00
7.063732494998571099e+01,6.378263977907071336e+00
7.065733066590453859e+01,6.124615640191773736e+00
7.067733638182338041e+01,5.731509387781377640e+00
7.069734209774222222e+01,6.120631276705847945e+00
7.071734781366104983e+01,5.097645023526279573e+00
7.073735352957987743e+01,5.636056674723237236e+00
7.075735924549871925e+01,6.062699245508888168e+00
7.077736496141756106e+01,5.972971062001861675e+00
7.079737067733638867e+01,6.353352019429562070e+00
7.081737639325521627e+01,7.037147218733528220e+00
7.083738210917405809e+01,6.111610942279138037e+00
7.085738782509288569e+01,7.650342813655441887e+00
7.087739354101171330e+01,7.368964685423788019e+00
7.089739925693055511e+01,7.393443736549099476e+00
7.091740497284939693e+01,8.273969336545803799e+00
7.093741068876822453e+01,8.307558379742827626e+00
7.095741640468705214e+01,8.560630423013243728e+00
7.097742212060589395e+01,9.134383289882437751e+00
7.099742783652472156e+01,8.802939366263224485e+00
7.101743355244354916e+01,8.965464817169031875e+00
7.103743926836239098e+01,9.535798287598769463e+00
7.105744498428123279e+01,9.417574484817018643e+00
7.107745070020006040e+01,9.634786079467643205e+00
7.109745641611888800e+01,9.483855453431567994e+00
7.111746213203772982e+01,9.290861309471553753e+00
7.113746784795657163e+01,7.915881731439676550e+00
7.115747356387539924e+01,7.992930105488651904e+00
7.117747927979422684e+01,7.081188642749279616e+00
7.119748499571306866e+01,7.707205987127643709e+00
7.121749071163189626e+01,7.172092096854530752e+00
7.123749642755072387e+01,6.875793715706180365e+00
7.125750214346956568e+01,5.698835347105591254e+00
7.127750785938840750e+01,6.650354866178120439e+00
7.129751357530723510e+01,5.110488445234580013e+00
7.131751929122606271e+01,4.506428456850948727e+00
7.133752500714490452e+01,5.238230452445627350e+00
7.135753072306374634e+01,4.567495634772502200e+00
7.137753643898255973e+01,4.427763192250463220e+00
7.139754215490140155e+01,4.921771167010090764e+00
7.141754787082024336e+01,4.490567548455825175e+00
7.143755358673907097e+01,4.537110588029733549e+00
7.145755930265789857e+01,3.797545614515439816e+00
7.147756501857674039e+01,4.067487624811764846e+00
7.149757073449558220e+01,4.025348784803615132e+00
7.151757645041440981e+01,4.175800199283346892e+00
7.153758216633323741e+01,4.544063120508146092e+00
7.155758788225207923e+01,4.242126536671500858e+00
7.157759359817090683e+01,4.153597554638933431e+00
7.159759931408973443e+01,4.796936122487705845e+00
7.161760503000857625e+01,4.618909113426104440e+00
7.163761074592741807e+01,4.183447014232751116e+00
7.165761646184624567e+01,4.880983614528085823e+00
7.167762217776507327e+01,4.678391105502096359e+00
7.169762789368391509e+01,5.508195139086224046e+00
7.171763360960275691e+01,4.784813217653441697e+00
7.173763932552158451e+01,4.664414785727077017e+00
7.175764504144041211e+01,5.312603922936776080e+00
7.177765075735925393e+01,4.325265918138737398e+00
7.179765647327808153e+01,4.175550480700812805e+00
7.181766218919690914e+01,4.730557561398704536e+00
7.183766790511575095e+01,4.810565554806808919e+00
7.185767362103459277e+01,4.855994359292769680e+00
7.187767933695342037e+01,4.782773029226799366e+00
7.189768505287224798e+01,4.563328253099629528e+00
7.191769076879108979e+01,4.909416530419699498e+00
7.193769648470991740e+01,4.451440666899030063e+00
7.195770220062874500e+01,4.326587062041195253e+00
7.197770791654758682e+01,4.270634979866178682e+00
7.199771363246642863e+01,4.084881482863701230e+00
7.201771934838525624e+01,4.161411071512296722e+00
7.203772506430408384e+01,4.270692766374304838e+00
7.205773078022292566e+01,5.235244282750405986e+00
7.207773649614176747e+01,5.050985252712859364e+00
7.209774221206059508e+01,4.760100847077537445e+00
7.211774792797942268e+01,5.173689284530562205e+00
7.213775364389826450e+01,4.526873477427240999e+00
7.215775935981709210e+01,5.158690145804559535e+00
7.217776507573591971e+01,6.201142650361978426e+00
7.219777079165476152e+01,7.124633068953890813e+00
7.221777650757360334e+01,6.870943579961716452e+00
7.223778222349243094e+01,7.701695462666631187e+00
7.225778793941125855e+01,7.277295783533290319e+00
7.227779365533010036e+01,8.378542461781954387e+00
7.229779937124894218e+01,8.067401735542217622e+00
7.231780508716775557e+01,8.318395809001938090e+00
7.233781080308659739e+01,7.747959874366667776e+00
7.235781651900543920e+01,8.857722107037757198e+00
7.237782223492426681e+01,8.508828340886344321e+00
7.239782795084309441e+01,8.136166664250225722e+00
7.241783366676193623e+01,8.686660929552134647e+00
7.243783938268077804e+01,7.538007894012693555e+00
7.245784509859960565e+01,7.984016745620815314e+00
7.247785081451843325e+01,7.592041957553614218e+00
7.249785653043727507e+01,7.362579856751381158e+00
7.251786224635610267e+01,6.692095918630278639e+00
7.253786796227493028e+01,6.158727478942677358e+00
7.255787367819377209e+01,5.745935410593766335e+00
7.257787939411261391e+01,5.437773804350571005e+00
7.259788511003144151e+01,5.547010086329724032e+00
7.261789082595026912e+01,5.441168211172254132e+00
7.263789654186911093e+01,4.825074076872059692e+00
7.265790225778795275e+01,4.678964350389827942e+00
7.267790797370678035e+01,4.352152062044118530e+00
7.269791368962560796e+01,4.499100280093872861e+00
7.271791940554444977e+01,4.991076226350479317e+00
7.273792512146327738e+01,3.967031302143028348e+00
7.275793083738210498e+01,4.696887854335125567e+00
7.277793655330094680e+01,3.781173034143182399e+00
7.279794226921978861e+01,4.409270195541921566e+00
7.281794798513861622e+01,4.216434612859842446e+00
7.283795370105744382e+01,3.493025676715358685e+00
7.285795941697628564e+01,4.121055655962114983e+00
7.287796513289511324e+01,3.297498918918824184e+00
7.289797084881394085e+01,3.870492158676648309e+00
7.291797656473278266e+01,4.643405186303812826e+00
7.293798228065162448e+01,3.350192837045966154e+00
7.295798799657045208e+01,3.891347550373186692e+00
7.297799371248927969e+01,4.120113696413303828e+00
7.299799942840812150e+01,3.866655957928031295e+00
7.301800514432696332e+01,3.689232370447955045e+00
7.303801086024579092e+01,4.156495654794383654e+00
7.305801657616461853e+01,4.195811552210545692e+00
7.307802229208346034e+01,3.811157746529332702e+00
7.309802800800228795e+01,4.495132154916154477e+00
7.311803372392111555e+01,3.194961678340940470e+00
7.313803943983995737e+01,3.774448899337571106e+00
7.315804515575879918e+01,3.844204275009309946e+00
7.317805087167762679e+01,3.868176806677293023e+00
7.319805658759645439e+01,3.221041478223950261e+00
7.321806230351529621e+01,3.633797185210630776e+00
7.323806801943413802e+01,3.128660006447564701e+00
7.325807373535295142e+01,4.332867199293940708e+00
7.327807945127179323e+01,3.027700479197592998e+00
7.329808516719063505e+01,4.121932174569185037e+00
7.331809088310946265e+01,3.755503076504982385e+00
7.333809659902829026e+01,3.995383897660848227e+00
7.335810231494713207e+01,3.205639637513023388e+00
7.337810803086597389e+01,3.900613980768047995e+00
7.339811374678480149e+01,3.683820900759666728e+00
7.341811946270362910e+01,3.389224988117416792e+00
7.343812517862247091e+01,2.995732334766057825e+00
7.345813089454129852e+01,4.277863116016346723e+00
7.347813661046012612e+01,3.369642158719653224e+00
7.349814232637896794e+01,4.154237550165755799e+00
7.351814804229780975e+01,4.295872107330822587e+00
7.353815375821663736e+01,4.019258338666050534e+00
7.355815947413546496e+01,4.190517689417540659e+00
7.357816519005430678e+01,3.654740128712687941e+00
7.359817090597314859e+01,4.576677905842294614e+00
7.361817662189197620e+01,4.177001390121944269e+00
7.363818233781080380e+01,4.464111469070942917e+00
7.365818805372964562e+01,4.318355546188120009e+00
7.367819376964847322e+01,4.041751826326111185e+00
7.369819948556730083e+01,5.333048811694762747e+00
7.371820520148614264e+01,4.960574431934971606e+00
7.373821091740498446e+01,6.190163545550492863e+00
7.375821663332381206e+01,5.512410752767614497e+00
7.377822234924263967e+01,5.655998459282227664e+00
7.379822806516148148e+01,6.083865588041025063e+00
7.381823378108030909e+01,5.592378409015530849e+00
7.383823949699913669e+01,5.266568947012348900e+00
7.385824521291797851e+01,4.858300980413183368e+00
7.387825092883682032e+01,5.878330056178112883e+00
7.389825664475564793e+01,5.810745116995225779e+00
7.391826236067447553e+01,4.986966968886032525e+00
7.393826807659331735e+01,5.047045903993377713e+00
7.395827379251215916e+01,5.535170328729180689e+00
7.397827950843098677e+01,4.520091562576556754e+00
7.399828522434981437e+01,4.965448814788463672e+00
7.401829094026865619e+01,4.440921572068005752e+00
7.403829665618748379e+01,4.463995762646014498e+00
7.405830237210632561e+01,4.132633807180758012e+00
7.407830808802515321e+01,4.070663951776505307e+00
7.409831380394398082e+01,4.465533737071186060e+00
7.411831951986282263e+01,4.554301495789559340e+00
7.413832523578165024e+01,4.370010830647037992e+00
7.415833095170049205e+01,4.102886862554965042e+00
7.417833666761931966e+01,4.757913551208864611e+00
7.419834238353816147e+01,4.235314567467917790e+00
7.421834809945698908e+01,4.676450541641662184e+00
7.423835381537583089e+01,4.596268963166411758e+00
7.425835953129465850e+01,4.295743972483947459e+00
7.427836524721348610e+01,4.462871453594419613e+00
7.429837096313232792e+01,5.193392775792672111e+00
7.431837667905115552e+01,4.529005293063926629e+00
7.433838239496999734e+01,4.361752571801087441e+00
7.435838811088882494e+01,4.128953853481900360e+00
7.437839382680766676e+01,4.049919020916866508e+00
7.439839954272649436e+01,5.331679718127302792e+00
7.441840525864533618e+01,5.123838180503208051e+00
7.443841097456416378e+01,4.780629065311852166e+00
7.445841669048300560e+01,4.997613850200675500e+00
7.447842240640183320e+01,5.630119446455207566e+00
7.449842812232066080e+01,5.018104995536687873e+00
7.451843383823950262e+01,5.243656357500341869e+00
7.453843955415833022e+01,5.000684680958956463e+00
7.455844527007717204e+01,4.744114114261360093e+00
7.457845098599599964e+01,5.034718139492051492e+00
7.459845670191484146e+01,5.640914765897591998e+00
7.461846241783366906e+01,5.020028280785624908e+00
7.463846813375251088e+01,5.538159126345719052e+00
7.465847384967133848e+01,5.412526597381996929e+00
7.467847956559016609e+01,4.945606444941696545e+00
7.469848528150900790e+01,5.985503794422889712e+00
7.471849099742783551e+01,5.487163712898113666e+00
7.473849671334667732e+01,4.758872137987427031e+00
7.475850242926550493e+01,4.646090415044282551e+00
7.477850814518434674e+01,5.608472781838472088e+00
7.479851386110317435e+01,4.997035050317059302e+00
7.481851957702201616e+01,4.517078932945065795e+00
7.483852529294084377e+01,5.640916293658752245e+00
7.485853100885967137e+01,5.112976744104602567e+00
7.487853672477851319e+01,4.341328857683694586e+00
7.489854244069734079e+01,4.638322800365839882e+00
7.491854815661618261e+01,4.415897892897974408e+00
7.493855387253501021e+01,4.505849870010683489e+00
7.495855958845385203e+01,4.474585463646778116e+00
7.497856530437267963e+01,4.682421855466083471e+00
7.499857102029152145e+01,4.738081992985703650e+00
7.501857673621034905e+01,4.711062068942139192e+00
7.503858245212917666e+01,4.574138130880443853e+00
7.505858816804801847e+01,5.545329037474064471e+00
7.507859388396684608e+01,4.854252442472029472e+00
7.509859959988568789e+01,4.967551567806132162e+00
7.511860531580451550e+01,5.226317190142196090e+00
7.513861103172335731e+01,5.907650738273767743e+00
7.515861674764218492e+01,5.619431214570169253e+00
7.517862246356102673e+01,5.705555619463810402e+00
7.519862817947985434e+01,6.991246287132645065e+00
7.521863389539868194e+01,7.259096987479995100e+00
7.523863961131752376e+01,7.124915988974862557e+00
7.525864532723635136e+01,7.404070213163846503e+00
7.527865104315519318e+01,8.000933993539893763e+00
7.529865675907402078e+01,8.357811207662745545e+00
7.531866247499286260e+01,9.264627636005426936e+00
7.533866819091169020e+01,8.970176013805939874e+00
7.535867390683053202e+01,8.972103780089806691e+00
7.537867962274935962e+01,8.934051996919784244e+00
7.539868533866820144e+01,9.227334566300690710e+00
7.541869105458702904e+01,1.023255430921932607e+01
7.543869677050585665e+01,9.128622892715121395e+00
7.545870248642469846e+01,8.914451614561560433e+00
7.547870820234352607e+01,9.648835312808762055e+00
7.549871391826236788e+01,9.156734378184486545e+00
7.551871963418119549e+01,9.011796820428427779e+00
7.553872535010003730e+01,9.061122872392235905e+00
7.555873106601886491e+01,9.346883725109528029e+00
7.557873678193770672e+01,9.243624813235985727e+00
7.559874249785653433e+01,8.535378410319534481e+00
7.561874821377536193e+01,8.489621199784215477e+00
7.563875392969420375e+01,8.628638004076796264e+00
7.565875964561303135e+01,8.268628124566038906e+00
7.567876536153187317e+01,7.947154115143165498e+00
7.569877107745070077e+01,8.410324865494530400e+00
7.571877679336954259e+01,8.034299949362367244e+00
7.573878250928837019e+01,7.225681542678115576e+00
7.575878822520721201e+01,6.892526218374377400e+00
7.577879394112603961e+01,7.227576149662096050e+00
7.579879965704486722e+01,6.275167615073760530e+00
7.581880537296370903e+01,5.955564117971541727e+00
7.583881108888253664e+01,5.565909043431908287e+00
7.585881680480137845e+01,4.839980587418121871e+00
7.587882252072020606e+01,5.219952748758201366e+00
7.589882823663904787e+01,5.499702740400472578e+00
7.591883395255787548e+01,4.612505221802511990e+00
7.593883966847671729e+01,4.364081401548185468e+00
7.595884538439554490e+01,4.653271451821016313e+00
7.597885110031437250e+01,4.884848282481175197e+00
7.599885681623321432e+01,3.958444292398239028e+00
7.601886253215204192e+01,4.311135003078318206e+00
7.603886824807088374e+01,3.631442946382554382e+00
7.605887396398971134e+01,3.848467862798078620e+00
7.607887967990855316e+01,3.516873846508552059e+00
7.609888539582738076e+01,4.257315412025675094e+00
7.611889111174622258e+01,4.124897651050271286e+00
7.613889682766505018e+01,3.790883576065148031e+00
7.615890254358387779e+01,3.862006734828402621e+00
7.617890825950271960e+01,2.990356935634544744e+00
7.619891397542154721e+01,3.781369990144312077e+00
7.621891969134038902e+01,3.264736158907252772e+00
7.623892540725921663e+01,3.876088919918723619e+00
7.625893112317805844e+01,3.709024415161295885e+00
7.627893683909688605e+01,4.468667995918084834e+00
7.629894255501572786e+01,3.852603819389153195e+00
7.631894827093455547e+01,3.549230952270056694e+00
7.633895398685339728e+01,3.165577431653395557e+00
7.635895970277222489e+01,3.863207203133879108e+00
7.637896541869105249e+01,2.795186257356526927e+00
7.639897113460989431e+01,3.762071633803122150e+00
7.641897685052872191e+01,3.404972412255289793e+00
7.643898256644756373e+01,3.547291749012297934e+00
7.645898828236639133e+01,4.406058509518572919e+00
7.647899399828523315e+01,4.384884694931383109e+00
7.649899971420406075e+01,3.739969798943018287e+00
7.651900543012290257e+01,3.944756767766509409e+00
7.653901114604173017e+01,4.316678790634373541e+00
7.655901686196055778e+01,3.167543306048247409e+00
7.657902257787939959e+01,3.503568522284481457e+00
7.659902829379822720e+01,3.122032462661648022e+00
7.661903400971706901e+01,3.544123885082417491e+00
7.663903972563589662e+01,3.600455539103432301e+00
7.665904544155473843e+01,4.009706914238996056e+00
7.667905115747356604e+01,3.312124524503894829e+00
7.669905687339240785e+01,4.225818541829287511e+00
7.671906258931123546e+01,3.392336476971667736e+00
7.673906830523006306e+01,4.144797985002089291e+00
7.675907402114890488e+01,3.092326712774070785e+00
7.677907973706773248e+01,3.795558808222713854e+00
7.679908545298657430e+01,3.364816244183594485e+00
7.681909116890540190e+01,3.628900124826068829e+00
7.683909688482424372e+01,4.109970039959496724e+00
7.685910260074307132e+01,3.433851417236662762e+00
7.687910831666191314e+01,3.628119822995336641e+00
7.689911403258074074e+01,3.687227279689441417e+00
7.691911974849956835e+01,3.709881106651649940e+00
7.693912546441841016e+01,3.961758217399751203e+00
7.695913118033723777e+01,2.990959797104158380e+00
7.697913689625607958e+01,3.288267883890373611e+00
7.699914261217490719e+01,3.817460758351224559e+00
7.701914832809374900e+01,2.976383675262419981e+00
7.703915404401257661e+01,3.192106013026441147e+00
7.705915975993141842e+01,3.689432402935645783e+00
7.707916547585024603e+01,3.335828579630583768e+00
7.709917119176907363e+01,3.940505891658812043e+00
7.711917690768791545e+01,3.929252079502309147e+00
7.713918262360674305e+01,3.841914792662198597e+00
7.715918833952558487e+01,3.691615105630691840e+00
7.717919405544441247e+01,3.801330858887335573e+00
7.719919977136325429e+01,4.000216901190276175e+00
7.721920548728208189e+01,3.132436713129014283e+00
7.723921120320092371e+01,3.738579535985357527e+00
7.725921691911975131e+01,4.175343359827078160e+00
7.727922263503859313e+01,3.976011512267228376e+00
7.729922835095742073e+01,4.803446905057964678e+00
7.731923406687624833e+01,4.361763365220870270e+00
7.733923978279509015e+01,4.120574882540792849e+00
7.735924549871391775e+01,3.617604196651207804e+00
7.737925121463275957e+01,3.535642728058030482e+00
7.739925693055158717e+01,4.255021406566524611e+00
7.741926264647042899e+01,4.794260132561474208e+00
7.743926836238925659e+01,4.030700992169525598e+00
7.745927407830809841e+01,5.048300512402384754e+00
7.747927979422692601e+01,4.177148586366650207e+00
7.749928551014575362e+01,4.776349045515548397e+00
7.751929122606459543e+01,4.166373523637598275e+00
7.753929694198342304e+01,4.816759838136026595e+00
7.755930265790226485e+01,4.749958635305358001e+00
7.757930837382109246e+01,3.970058955374087706e+00
7.759931408973993427e+01,4.980457121244213248e+00
7.761931980565876188e+01,5.368550574812252840e+00
7.763932552157760369e+01,5.355198848427062508e+00
7.765933123749643130e+01,5.361547422928335749e+00
7.767933695341525890e+01,5.755596422730203443e+00
7.769934266933410072e+01,7.195215753986968110e+00
7.771934838525292832e+01,6.860067426767079368e+00
7.773935410117177014e+01,8.166707026509060441e+00
7.775935981709059774e+01,7.340524428359300302e+00
7.777936553300943956e+01,7.955162018531415136e+00
7.779937124892826716e+01,9.305817527710432913e+00
7.781937696484710898e+01,8.868056683459212053e+00
7.783938268076593658e+01,9.485658175812250903e+00
7.785938839668476419e+01,1.102991146588682270e+01
7.787939411260360600e+01,1.140433509604863005e+01
7.789939982852243361e+01,1.168038012870611553e+01
7.791940554444127542e+01,1.218152487183109045e+01
7.793941126036010303e+01,1.208970273528937867e+01
7.795941697627894484e+01,1.248208170586604027e+01
7.797942269219777245e+01,1.153009705295804288e+01
7.799942840811661426e+01,1.107097896047681118e+01
7.801943412403544187e+01,1.148708837607728661e+01
7.803943983995426947e+01,1.141925921129671906e+01
7.805944555587311129e+01,1.086611205178471806e+01
7.807945127179193889e+01,1.162261364725117119e+01
7.809945698771078071e+01,1.056603183617228936e+01
7.811946270362960831e+01,1.025794259784566265e+01
7.813946841954845013e+01,1.044417462005556274e+01
7.815947413546727773e+01,9.727801790138171256e+00
7.817947985138611955e+01,9.578456901304791771e+00
7.819948556730494715e+01,9.179638816502016851e+00
7.821949128322378897e+01,9.227343304823005354e+00
7.823949699914261657e+01,8.027897578333170969e+00
7.825950271506144418e+01,8.482927469283666255e+00
7.827950843098028599e+01,8.084211745777944103e+00
7.829951414689911360e+01,7.349695487724448029e+00
7.831951986281795541e+01,7.463306948780534356e+00
7.833952557873678302e+01,7.177517656912946187e+00
7.835953129465562483e+01,7.464310453290201153e+00
7.837953701057445244e+01,6.566669733775454709e+00
7.839954272649329425e+01,6.485243313605765891e+00
7.841954844241212186e+01,5.816464517964822889e+00
7.843955415833094946e+01,6.249425128146587127e+00
7.845955987424979128e+01,6.690305383235429559e+00
7.847956559016861888e+01,7.110295623523290587e+00
7.849957130608746070e+01,7.202816440442321166e+00
7.851957702200628830e+01,6.967392966953282141e+00
7.853958273792513012e+01,7.929112044151687577e+00
7.855958845384395772e+01,6.652340654446167179e+00
7.857959416976279954e+01,7.923168039892372505e+00
7.859959988568162714e+01,8.554073841361892860e+00
7.861960560160045475e+01,8.677658315768418618e+00
7.863961131751929656e+01,8.567514975824137125e+00
7.865961703343812417e+01,8.044730404742823637e+00
7.867962274935696598e+01,9.155429564704544276e+00
7.869962846527579359e+01,9.442342512359704898e+00
7.871963418119463540e+01,9.973516974335451479e+00
7.873963989711346301e+01,9.896197980122067861e+00
7.875964561303230482e+01,9.494112837340511035e+00
7.877965132895113243e+01,9.502380056668586761e+00
7.879965704486996003e+01,9.202268782143130821e+00
7.881966276078880185e+01,9.287364937216526783e+00
7.883966847670762945e+01,9.203225865624743207e+00
7.885967419262647127e+01,8.754299047313910620e+00
7.887967990854529887e+01,8.449742884764884110e+00
7.889968562446414069e+01,8.716979022794827614e+00
7.891969134038296829e+01,8.126642987466006218e+00
7.893969705630181011e+01,7.955977673061736866e+00
7.895970277222063771e+01,6.405363395042992458e+00
7.897970848813946532e+01,7.352473765946520246e+00
7.899971420405830713e+01,6.588745103640530232e+00
7.901971991997713474e+01,5.996713645667713699e+00
7.903972563589597655e+01,5.710898514693671935e+00
7.905973135181480416e+01,5.257647457596531737e+00
7.907973706773364597e+01,5.560068020705749348e+00
7.909974278365247358e+01,4.552507509423966425e+00
7.911974849957131539e+01,5.534032326811987090e+00
7.913975421549014300e+01,4.898647155982301271e+00
7.915975993140898481e+01,4.656038151218446330e+00
7.917976564732781242e+01,5.113292321252827399e+00
7.919977136324664002e+01,4.069376867621470772e+00
7.921977707916548184e+01,5.336611072009620038e+00
7.923978279508430944e+01,4.668198362141661839e+00
7.925978851100315126e+01,5.088467911040360114e+00
7.927979422692197886e+01,4.449256631105616755e+00
7.929979994284082068e+01,4.085040958326183969e+00
7.931980565875964828e+01,4.751961808415670951e+00
7.933981137467849010e+01,4.736030650448961765e+00
7.935981709059731770e+01,4.394550132560666178e+00
7.937982280651614531e+01,5.372961514970515218e+00
7.939982852243498712e+01,4.320823404448652205e+00
7.941983423835381473e+01,4.917352885068428492e+00
7.943983995427265654e+01,4.307066196845377171e+00
7.945984567019148415e+01,4.307219898803960945e+00
7.947985138611032596e+01,4.513041858755583391e+00
7.949985710202915357e+01,4.292778215934673902e+00
7.951986281794799538e+01,4.027525125398021544e+00
7.953986853386682299e+01,4.598124343786874846e+00
7.955987424978565059e+01,4.341950778173369052e+00
7.957987996570449241e+01,4.128247939526172416e+00
7.959988568162332001e+01,4.395802016399376733e+00
7.961989139754216183e+01,3.742996069884890531e+00
7.963989711346098943e+01,3.380562172551232702e+00
7.965990282937983125e+01,3.826832320382836272e+00
7.967990854529865885e+01,3.939791385328134332e+00
7.969991426121750067e+01,3.507057725417089600e+00
7.971991997713632827e+01,3.894932728652547471e+00
7.973992569305515588e+01,3.708569941157435768e+00
7.975993140897399769e+01,3.717388710518195527e+00
7.977993712489282530e+01,2.834905067883867424e+00
7.979994284081166711e+01,3.964983488043407167e+00
7.981994855673049472e+01,3.072078989407201810e+00
7.983995427264933653e+01,3.421107098732925067e+00
7.985995998856816414e+01,2.928393595271272964e+00
7.987996570448700595e+01,3.375352533066636074e+00
7.989997142040583356e+01,3.814277004197902166e+00
7.991997713632466116e+01,3.376043265480711320e+00
7.993998285224350298e+01,3.423258703658962343e+00
7.995998856816233058e+01,3.594431683363356278e+00
7.997999428408117240e+01,2.823606208518548044e+00
8.000000000000000000e+01,3.050895994071313844e+00
