angle,intensity
1.000000000000000000e+01,5.890986651705634181e+00
1.002000571591883471e+01,6.326504819154722625e+00
1.004001143183766764e+01,5.567189029594517891e+00
1.006001714775650235e+01,6.558989041600513659e+00
1.008002286367533529e+01,6.118963846041248544e+00
1.010002857959417000e+01,5.970975611170798558e+00
1.012003429551300293e+01,5.217790383117367981e+00
1.014004001143183764e+01,6.420200327641351734e+00
1.016004572735067235e+01,5.848370213601004508e+00
1.018005144326950528e+01,6.156356958403915058e+00
1.020005715918833999e+01,5.920838724413174603e+00
1.022006287510717293e+01,5.098491283743509683e+00
1.024006859102600764e+01,5.735511259191351741e+00
1.026007430694484057e+01,6.014936653758033103e+00
1.028008002286367528e+01,5.655311308208098353e+00
1.030008573878250999e+01,6.358314345765952780e+00
1.032009145470134293e+01,6.295647971805628629e+00
1.034009717062017764e+01,5.952727391226897424e+00
1.036010288653901057e+01,5.486590923928085672e+00
1.038010860245784528e+01,5.503736559932529637e+00
1.040011431837667999e+01,5.494023589891186887e+00
1.042012003429551292e+01,5.360244819015695050e+00
1.044012575021434763e+01,6.076143596296539329e+00
1.046013146613318057e+01,6.074933106119473791e+00
1.048013718205201528e+01,6.621224541993701251e+00
1.050014289797084821e+01,5.308804710685976147e+00
1.052014861388968292e+01,5.724441007963360306e+00
1.054015432980851585e+01,5.943017945223946441e+00
1.056016004572735056e+01,5.711277064470257514e+00
1.058016576164618527e+01,6.061663765908502199e+00
1.060017147756501821e+01,5.473955565083148400e+00
1.062017719348385292e+01,5.325193829253644040e+00
1.064018290940268585e+01,4.928924820347314828e+00
1.066018862532152056e+01,5.369896142200460076e+00
1.068019434124035527e+01,5.065379500977002181e+00
1.070020005715918820e+01,5.471720335364927301e+00
1.072020577307802292e+01,5.862114325546565752e+00
1.074021148899685585e+01,5.850438223818180461e+00
1.076021720491569056e+01,5.624286106911821292e+00
1.078022292083452349e+01,6.202430504144429868e+00
1.080022863675335820e+01,6.181746212727148304e+00
1.082023435267219291e+01,6.111038869104239879e+00
1.084024006859102585e+01,5.941133664899570732e+00
1.086024578450986056e+01,5.170133340036489500e+00
1.088025150042869349e+01,5.434468258829919129e+00
1.090025721634752820e+01,5.289312025273883222e+00
1.092026293226636113e+01,5.728144906031266359e+00
1.094026864818519584e+01,5.796076028737877195e+00
1.096027436410403055e+01,5.104718549619633450e+00
1.098028008002286349e+01,5.338873510511726650e+00
1.100028579594169820e+01,5.623182531101612369e+00
1.102029151186053113e+01,5.091517638177585958e+00
1.104029722777936584e+01,5.901458140043564171e+00
1.106030294369819877e+01,5.616467386115579608e+00
1.108030865961703348e+01,6.231888766269432445e+00
1.110031437553586819e+01,5.684108156572309056e+00
1.112032009145470113e+01,5.066375844849096310e+00
1.114032580737353584e+01,5.570465810802749829e+00
1.116033152329236877e+01,5.087850168869014311e+00
1.118033723921120348e+01,5.120275329562923083e+00
1.120034295513003642e+01,6.125092712722448596e+00
1.122034867104887113e+01,5.568760369472316896e+00
1.124035438696770584e+01,5.674309835457481910e+00
1.126036010288653877e+01,5.436791183277874140e+00
1.128036581880537348e+01,5.522968015746132053e+00
1.130037153472420641e+01,5.558478293951383264e+00
1.132037725064304112e+01,5.010422468103540083e+00
1.134038296656187583e+01,5.577410314230574429e+00
1.136038868248070877e+01,5.158602665854200353e+00
1.138039439839954348e+01,5.304097648069104665e+00
1.140040011431837641e+01,5.932933353537456433e+00
1.142040583023721112e+01,5.826729103197400228e+00
1.144041154615604405e+01,5.358730152419944659e+00
1.146041726207487876e+01,4.811007587767108795e+00
1.148042297799371170e+01,5.713861616835457014e+00
1.150042869391254641e+01,5.174684451758423620e+00
1.152043440983138112e+01,6.120373507706018401e+00
1.154044012575021405e+01,5.259406056834620813e+00
1.156044584166904876e+01,4.706995610592572987e+00
1.158045155758788169e+01,5.060277344086860474e+00
1.160045727350671640e+01,5.578675180429973679e+00
1.162046298942555111e+01,4.785458605628386763e+00
1.164046870534438405e+01,5.650719375018224966e+00
1.166047442126321876e+01,5.779727397727654647e+00
1.168048013718205169e+01,5.630364115264738345e+00
1.170048585310088640e+01,5.387836751261996682e+00
1.172049156901971934e+01,4.646582619142492376e+00
1.174049728493855405e+01,4.525011824574802333e+00
1.176050300085738698e+01,5.782924199085186068e+00
1.178050871677622169e+01,4.855652537326944795e+00
1.180051443269505640e+01,4.999082972574310446e+00
1.182052014861388933e+01,5.861182031445398621e+00
1.184052586453272404e+01,5.734724548498725483e+00
1.186053158045155698e+01,5.335029639029355231e+00
1.188053729637039169e+01,5.402669396156461801e+00
1.190054301228922640e+01,5.050162516306977878e+00
1.192054872820805933e+01,5.444315762975552531e+00
1.194055444412689404e+01,4.748291295647156574e+00
1.196056016004572697e+01,4.810484333158235870e+00
1.198056587596456168e+01,5.717454586866017152e+00
1.200057159188339639e+01,5.789742858924344482e+00
1.202057730780222933e+01,5.019034934109999568e+00
1.204058302372106226e+01,5.027285256426445414e+00
1.206058873963989697e+01,5.626422521969745461e+00
1.208059445555873168e+01,4.944024837783532078e+00
1.210060017147756461e+01,5.377176608445334516e+00
1.212060588739639932e+01,5.272308636144297012e+00
1.214061160331523226e+01,5.574416152413569137e+00
1.216061731923406697e+01,5.445278509730305139e+00
1.218062303515290168e+01,5.216093053741611918e+00
1.220062875107173461e+01,4.814692360031559204e+00
1.222063446699056932e+01,5.705713109708996811e+00
1.224064018290940226e+01,5.494785105730885633e+00
1.226064589882823697e+01,5.099607601591288564e+00
1.228065161474707168e+01,5.745711920840207654e+00
1.230065733066590461e+01,5.430752682558959599e+00
1.232066304658473754e+01,5.248080797643361883e+00
1.234066876250357225e+01,5.392139177849143650e+00
1.236067447842240696e+01,5.293878097794316062e+00
1.238068019434123990e+01,5.428129157837426888e+00
1.240068591026007461e+01,5.183635709316748219e+00
1.242069162617890754e+01,5.053139531677437901e+00
1.244069734209774225e+01,4.434442896190977201e+00
1.246070305801657696e+01,5.542444291620894248e+00
1.248070877393540989e+01,4.751468452720198243e+00
1.250071448985424460e+01,5.272149772941606471e+00
1.252072020577307754e+01,5.235412807380836142e+00
1.254072592169191225e+01,5.609555782287065639e+00
1.256073163761074696e+01,5.458457482508437764e+00
1.258073735352957989e+01,4.802818355134894190e+00
1.260074306944841460e+01,5.155328662703963616e+00
1.262074878536724754e+01,5.533354588623635273e+00
1.264075450128608225e+01,5.050199893921413441e+00
1.266076021720491518e+01,4.421807270486062258e+00
1.268076593312374989e+01,4.315550843588072283e+00
1.270077164904258282e+01,5.018905528167156405e+00
1.272077736496141753e+01,4.291996529358733881e+00
1.274078308088025224e+01,5.236245951512674246e+00
1.276078879679908518e+01,4.717696840410789072e+00
1.278079451271791989e+01,4.937959549887374067e+00
1.280080022863675282e+01,5.730783574671441727e+00
1.282080594455558753e+01,4.550689788422079829e+00
1.284081166047442224e+01,4.402960294629390425e+00
1.286081737639325517e+01,5.151736117405782522e+00
1.288082309231208988e+01,4.554977629787719806e+00
1.290082880823092282e+01,5.220021670665699887e+00
1.292083452414975753e+01,4.897707427857261209e+00
1.294084024006859224e+01,4.127254895846098393e+00
1.296084595598742517e+01,4.661732716696622703e+00
1.298085167190625810e+01,4.722126436020056772e+00
1.300085738782509281e+01,4.480745123595428758e+00
1.302086310374392752e+01,5.189626032873324135e+00
1.304086881966276046e+01,4.450074262701948058e+00
1.306087453558159517e+01,5.031859602278625943e+00
1.308088025150042810e+01,4.789059810072573420e+00
1.310088596741926281e+01,4.606943153898599874e+00
1.312089168333809752e+01,5.011184393838671980e+00
1.314089739925693046e+01,4.953913288997068953e+00
1.316090311517576517e+01,4.576081555589341932e+00
1.318090883109459810e+01,5.456643948727402105e+00
1.320091454701343281e+01,5.147998588345000570e+00
1.322092026293226752e+01,4.878850535348846940e+00
1.324092597885110045e+01,5.135279906314938358e+00
1.326093169476993339e+01,4.739163483163536306e+00
1.328093741068876810e+01,5.604045441830890262e+00
1.330094312660760281e+01,5.681933374857733199e+00
1.332094884252643574e+01,4.224265561755688125e+00
1.334095455844527045e+01,5.074582274348015787e+00
1.336096027436410338e+01,5.327602727470718946e+00
1.338096599028293809e+01,4.657929725240659735e+00
1.340097170620177280e+01,3.921277377315828261e+00
1.342097742212060574e+01,4.049321239783934878e+00
1.344098313803944045e+01,4.447640850700063098e+00
1.346098885395827338e+01,4.876722571139038287e+00
1.348099456987710809e+01,4.985078835492400273e+00
1.350100028579594280e+01,5.341543227114607717e+00
1.352100600171477573e+01,4.177372389081134507e+00
1.354101171763361044e+01,5.386872219286544805e+00
1.356101743355244338e+01,4.692069063567077869e+00
1.358102314947127809e+01,4.916949658423564351e+00
1.360102886539011102e+01,4.202262986241725784e+00
1.362103458130894573e+01,5.082586125863780779e+00
1.364104029722777867e+01,4.455598786118144083e+00
1.366104601314661338e+01,4.772502179539614531e+00
1.368105172906544809e+01,4.884634860320527849e+00
1.370105744498428102e+01,4.631706826330219684e+00
1.372106316090311573e+01,4.299671586705662740e+00
1.374106887682194866e+01,3.997316403009394392e+00
1.376107459274078337e+01,4.088307054558820930e+00
1.378108030865961808e+01,4.928732246712317355e+00
1.380108602457845102e+01,4.493938061220432267e+00
1.382109174049728573e+01,4.756838696723861837e+00
1.384109745641611866e+01,4.908345423282542086e+00
1.386110317233495337e+01,4.933972998079422467e+00
1.388110888825378808e+01,4.660301758876313372e+00
1.390111460417262101e+01,4.869272058913955092e+00
1.392112032009145395e+01,4.460129044149633515e+00
1.394112603601028866e+01,4.811286172599713140e+00
1.396113175192912337e+01,5.046189267218929686e+00
1.398113746784795630e+01,5.107262344943508836e+00
1.400114318376679101e+01,4.073838485436847456e+00
1.402114889968562395e+01,4.310411407521780092e+00
1.404115461560445866e+01,4.256163651409807791e+00
1.406116033152329337e+01,4.901381161338036918e+00
1.408116604744212630e+01,3.955265690298326753e+00
1.410117176336095923e+01,5.083794974477347850e+00
1.412117747927979394e+01,4.575431844402996440e+00
1.414118319519862865e+01,3.733550305463816166e+00
1.416118891111746336e+01,3.966959285060658758e+00
1.418119462703629630e+01,4.465605499444868620e+00
1.420120034295512923e+01,4.314989608760322781e+00
1.422120605887396394e+01,3.847533968078313826e+00
1.424121177479279865e+01,4.768890396322186476e+00
1.426121749071163336e+01,4.162782532679651482e+00
1.428122320663046629e+01,4.293576044269252989e+00
1.430122892254929923e+01,4.299918511128696608e+00
1.432123463846813394e+01,4.731805823283105283e+00
1.434124035438696865e+01,3.712776955260258305e+00
1.436124607030580158e+01,4.728796046795187280e+00
1.438125178622463629e+01,4.784329084199297810e+00
1.440125750214346922e+01,4.319932134425481962e+00
1.442126321806230393e+01,4.372134781637027956e+00
1.444126893398113864e+01,3.907521342668775599e+00
1.446127464989997158e+01,4.796423113339495892e+00
1.448128036581880451e+01,4.108754438592393754e+00
1.450128608173763922e+01,4.584540879519602541e+00
1.452129179765647393e+01,4.390202425176891410e+00
1.454129751357530864e+01,4.243785338856534750e+00
1.456130322949414158e+01,4.450678936863798896e+00
1.458130894541297451e+01,4.105478845075492877e+00
1.460131466133180922e+01,4.587054434073569276e+00
1.462132037725064393e+01,4.188074631204029785e+00
1.464132609316947686e+01,4.566390034965781553e+00
1.466133180908831157e+01,5.008466334622532656e+00
1.468133752500714451e+01,4.136460367389160453e+00
1.470134324092597922e+01,4.423706985933826275e+00
1.472134895684481393e+01,5.009885329472092863e+00
1.474135467276364686e+01,3.933809893735621621e+00
1.476136038868247979e+01,3.978858490166199857e+00
1.478136610460131450e+01,4.462985446594595729e+00
1.480137182052014921e+01,4.416920907484904291e+00
1.482137753643898392e+01,4.658084969710293066e+00
1.484138325235781686e+01,4.587460010619032857e+00
1.486138896827664979e+01,3.598085812645510195e+00
1.488139468419548450e+01,4.487669340383849459e+00
1.490140040011431921e+01,3.866280981773368985e+00
1.492140611603315392e+01,3.992025272814330172e+00
1.494141183195198685e+01,4.705188659108928029e+00
1.496141754787081979e+01,4.431160733459952539e+00
1.498142326378965450e+01,3.984457762705910788e+00
1.500142897970848921e+01,4.322603283266635898e+00
1.502143469562732214e+01,4.552767372176298011e+00
1.504144041154615508e+01,4.565013169093523615e+00
1.506144612746498979e+01,4.386294985344614261e+00
1.508145184338382450e+01,4.029236173789383813e+00
1.510145755930265921e+01,3.904390067163721945e+00
1.512146327522149214e+01,4.489519166560079988e+00
1.514146899114032507e+01,4.431332260134777101e+00
1.516147470705915978e+01,4.573595545963998532e+00
1.518148042297799449e+01,4.385740173794182795e+00
1.520148613889682920e+01,4.591918834160554574e+00
1.522149185481566214e+01,4.048143028786252984e+00
1.524149757073449507e+01,4.133385339742469355e+00
1.526150328665332978e+01,3.595413099389245026e+00
1.528150900257216449e+01,4.329273430581837445e+00
1.530151471849099742e+01,4.552211959500501948e+00
1.532152043440983036e+01,3.481654140940110942e+00
1.534152615032866507e+01,4.818321224545695003e+00
1.536153186624749978e+01,4.323453427919940140e+00
1.538153758216633449e+01,4.170482962797733784e+00
1.540154329808516742e+01,4.924226340713555139e+00
1.542154901400400036e+01,4.574799308292721634e+00
1.544155472992283507e+01,4.150875280903330022e+00
1.546156044584166978e+01,3.644240895485540754e+00
1.548156616176050449e+01,4.964105454566749565e+00
1.550157187767933742e+01,3.742419153260992282e+00
1.552157759359817035e+01,4.809030675781583497e+00
1.554158330951700506e+01,3.684759210105494454e+00
1.556158902543583977e+01,3.868406440106292976e+00
1.558159474135467271e+01,4.107845069897420487e+00
1.560160045727350742e+01,4.630617880126425057e+00
1.562160617319234035e+01,4.595562516891418703e+00
1.564161188911117506e+01,4.340215953917024194e+00
1.566161760503000977e+01,4.087121368162820012e+00
1.568162332094884270e+01,3.370529718380158801e+00
1.570162903686767564e+01,4.066910329816420422e+00
1.572163475278651035e+01,4.133862286266953845e+00
1.574164046870534506e+01,3.547740004190120811e+00
1.576164618462417977e+01,4.209099025039712672e+00
1.578165190054301270e+01,4.131589248018869398e+00
1.580165761646184563e+01,4.183341270040225268e+00
1.582166333238068034e+01,4.625028117272355743e+00
1.584166904829951505e+01,3.359814547033617593e+00
1.586167476421834799e+01,3.613664303482287732e+00
1.588168048013718270e+01,3.970312710278395940e+00
1.590168619605601563e+01,4.377077860163630874e+00
1.592169191197485034e+01,4.218221356713295123e+00
1.594169762789368505e+01,4.859495686809430559e+00
1.596170334381251799e+01,3.674610006238216542e+00
1.598170905973135092e+01,3.413960221043341292e+00
1.600171477565018563e+01,3.924535215244027153e+00
1.602172049156902034e+01,4.351481903196079415e+00
1.604172620748785505e+01,4.746017676938236285e+00
1.606173192340668976e+01,3.633830703961073993e+00
1.608173763932552092e+01,4.266108380048111215e+00
1.610174335524435563e+01,4.503491574596437452e+00
1.612174907116319034e+01,4.482637046772062206e+00
1.614175478708202505e+01,4.430743278399612350e+00
1.616176050300085620e+01,4.256675510731741774e+00
1.618176621891969091e+01,3.426602295618432770e+00
1.620177193483852562e+01,4.122785053856926396e+00
1.622177765075736033e+01,4.089988350794683036e+00
1.624178336667619504e+01,4.633158502279037805e+00
1.626178908259502620e+01,4.215610850175453450e+00
1.628179479851386091e+01,4.084980962268225824e+00
1.630180051443269562e+01,4.464159561937211862e+00
1.632180623035153033e+01,3.536114175053330033e+00
1.634181194627036149e+01,4.829885691605452891e+00
1.636181766218919620e+01,3.984251910120169882e+00
1.638182337810803091e+01,3.385311559656888569e+00
1.640182909402686562e+01,4.012045247394772751e+00
1.642183480994570033e+01,4.598685755968517697e+00
1.644184052586453504e+01,4.231150758345703977e+00
1.646184624178336620e+01,4.013552560410087899e+00
1.648185195770220091e+01,4.614772317664654011e+00
1.650185767362103562e+01,3.874983989954183805e+00
1.652186338953986677e+01,3.891954951272250440e+00
1.654186910545870148e+01,4.375992394385564310e+00
1.656187482137753619e+01,3.453899075645622485e+00
1.658188053729637090e+01,4.679237285613321973e+00
1.660188625321520561e+01,4.020313739952801058e+00
1.662189196913404032e+01,3.319739995973153057e+00
1.664189768505287148e+01,4.776315667522363917e+00
1.666190340097170619e+01,4.325572206339986181e+00
1.668190911689054090e+01,4.374357308215347295e+00
1.670191483280937561e+01,4.162056285953726231e+00
1.672192054872820677e+01,3.862925701767894182e+00
1.674192626464704148e+01,4.025986413771015293e+00
1.676193198056587619e+01,4.171381523872138786e+00
1.678193769648471090e+01,3.317256994889102195e+00
1.680194341240354561e+01,4.309420041201527773e+00
1.682194912832238032e+01,3.582241835846817768e+00
1.684195484424121148e+01,3.908978030298295270e+00
1.686196056016004619e+01,3.791810209450816593e+00
1.688196627607888090e+01,3.665863325977132270e+00
1.690197199199771205e+01,3.303116056006655032e+00
1.692197770791654676e+01,3.692311362874999059e+00
1.694198342383538147e+01,3.713459234479511650e+00
1.696198913975421618e+01,4.341907364862288787e+00
1.698199485567305089e+01,3.992934080439361821e+00
1.700200057159188560e+01,4.438418251300550565e+00
1.702200628751071676e+01,3.780914218535351257e+00
1.704201200342955147e+01,3.415687900194968485e+00
1.706201771934838618e+01,3.290555086297408671e+00
1.708202343526722089e+01,3.387103066235479076e+00
1.710202915118605205e+01,3.989103816137323122e+00
1.712203486710488676e+01,3.523555695600801396e+00
1.714204058302372147e+01,3.097894225735761786e+00
1.716204629894255618e+01,3.771365323858149043e+00
1.718205201486139089e+01,3.788149892039272437e+00
1.720205773078022204e+01,4.022995669778624439e+00
1.722206344669905675e+01,3.794424233228708587e+00
1.724206916261789146e+01,3.314314572903000133e+00
1.726207487853672617e+01,3.435587828305323388e+00
1.728208059445555733e+01,3.866001127245487723e+00
1.730208631037439204e+01,3.393074331356141116e+00
1.732209202629322675e+01,3.543771045480708537e+00
1.734209774221206146e+01,3.648255334990273546e+00
1.736210345813089617e+01,3.181476114908541319e+00
1.738210917404973088e+01,4.337395232150876190e+00
1.740211488996856204e+01,3.809495619025197399e+00
1.742212060588739675e+01,3.346512104790863251e+00
1.744212632180623146e+01,3.256444691322055718e+00
1.746213203772506262e+01,3.675756913746442311e+00
1.748213775364389733e+01,3.438472055222194346e+00
1.750214346956273204e+01,4.236820576267263050e+00
1.752214918548156675e+01,4.156822599132162566e+00
1.754215490140040146e+01,3.461134756891494746e+00
1.756216061731923617e+01,4.235372860352402569e+00
1.758216633323806732e+01,3.849385243594394268e+00
1.760217204915690203e+01,3.359841923256013274e+00
1.762217776507573674e+01,3.828777539770666039e+00
1.764218348099457145e+01,3.977474768088946622e+00
1.766218919691340261e+01,3.021008754897616555e+00
1.768219491283223732e+01,3.566449890269310252e+00
1.770220062875107203e+01,3.725195461406149988e+00
1.772220634466990674e+01,3.675980383062790402e+00
1.774221206058874145e+01,3.162139170060730642e+00
1.776221777650757616e+01,4.109496781395993281e+00
1.778222349242640732e+01,3.191980832222497177e+00
1.780222920834524203e+01,4.114016387719074963e+00
1.782223492426407674e+01,3.324086081783968805e+00
1.784224064018290790e+01,3.780086239180747931e+00
1.786224635610174261e+01,3.878518934438385912e+00
1.788225207202057732e+01,3.419420629558573843e+00
1.790225778793941203e+01,3.838115590588471626e+00
1.792226350385824674e+01,3.058853991145105589e+00
1.794226921977708145e+01,3.291110637465284761e+00
1.796227493569591260e+01,4.029857456504377211e+00
1.798228065161474731e+01,3.211323108231658008e+00
1.800228636753358202e+01,3.658350996590792992e+00
1.802229208345241318e+01,4.365931230287538156e+00
1.804229779937124789e+01,3.878717756020916951e+00
1.806230351529008260e+01,3.288226358573909103e+00
1.808230923120891731e+01,3.239709738386880034e+00
1.810231494712775202e+01,3.648806914236679688e+00
1.812232066304658673e+01,3.955171193028465204e+00
1.814232637896542144e+01,3.559207347376095676e+00
1.816233209488425260e+01,3.790351843773244411e+00
1.818233781080308731e+01,3.001228268114231934e+00
1.820234352672191847e+01,3.020392828919178818e+00
1.822234924264075318e+01,3.100112780297864745e+00
1.824235495855958789e+01,3.889801599384982822e+00
1.826236067447842260e+01,2.905378912161026506e+00
1.828236639039725731e+01,3.160560453801354974e+00
1.830237210631609202e+01,3.147763092821461939e+00
1.832237782223492673e+01,3.834539440732896320e+00
1.834238353815375788e+01,3.222191457063853903e+00
1.836238925407259259e+01,3.360149718447384082e+00
1.838239496999142730e+01,2.899622546389348798e+00
1.840240068591025846e+01,3.587423666043086712e+00
1.842240640182909317e+01,2.966497018642403560e+00
1.844241211774792788e+01,3.816561173929737372e+00
1.846241783366676259e+01,3.194306687041517101e+00
1.848242354958559730e+01,3.640958218235111232e+00
1.850242926550443201e+01,3.777808762958756450e+00
1.852243498142326672e+01,2.846203920631003914e+00
1.854244069734209788e+01,3.367370586937377119e+00
1.856244641326093259e+01,3.856945780941346769e+00
1.858245212917976374e+01,3.352795221215411292e+00
1.860245784509859845e+01,3.144406747922803724e+00
1.862246356101743316e+01,3.316323193275127146e+00
1.864246927693626787e+01,3.928694571268131153e+00
1.866247499285510258e+01,3.121402138677997762e+00
1.868248070877393729e+01,3.906502438914375652e+00
1.870248642469277200e+01,3.034059256499896939e+00
1.872249214061160316e+01,3.509544735931595216e+00
1.874249785653043787e+01,4.158646164546633273e+00
1.876250357244927258e+01,3.796058452499191826e+00
1.878250928836810374e+01,3.774759550408608000e+00
1.880251500428693845e+01,3.559923630113224213e+00
1.882252072020577316e+01,2.744684746652770624e+00
1.884252643612460787e+01,3.760306698901527689e+00
1.886253215204344258e+01,3.914210372426481399e+00
1.888253786796227729e+01,3.672740532440862182e+00
1.890254358388111200e+01,3.768368257194664839e+00
1.892254929979994316e+01,3.772218989228085739e+00
1.894255501571877787e+01,3.393610784661609259e+00
1.896256073163760902e+01,4.139913620783280734e+00
1.898256644755644373e+01,2.903259492087632232e+00
1.900257216347527844e+01,3.756673149243135779e+00
1.902257787939411315e+01,4.283649928729024836e+00
1.904258359531294786e+01,3.805029044912811020e+00
1.906258931123178257e+01,3.729640019080072477e+00
1.908259502715061728e+01,3.829647804212922058e+00
1.910260074306944844e+01,3.223338448429114766e+00
1.912260645898828315e+01,3.164135961134856512e+00
1.914261217490711431e+01,3.609919358813450607e+00
1.916261789082594902e+01,2.981744760901644753e+00
1.918262360674478373e+01,2.572769833383075966e+00
1.920262932266361844e+01,3.386537106908455996e+00
1.922263503858245315e+01,2.934930433262415761e+00
1.924264075450128786e+01,4.028329341956108145e+00
1.926264647042012257e+01,3.861425039314073437e+00
1.928265218633895373e+01,2.733895955873639760e+00
1.930265790225778844e+01,3.456399022069875038e+00
1.932266361817662315e+01,3.248559267956943941e+00
1.934266933409545430e+01,4.206989396222017064e+00
1.936267505001428901e+01,3.475150518972948355e+00
1.938268076593312372e+01,4.115474835626654837e+00
1.940268648185195843e+01,3.632937404047198449e+00
1.942269219777079314e+01,3.245417287261368244e+00
1.944269791368962785e+01,3.382003837572256533e+00
1.946270362960846256e+01,3.468724910544600526e+00
1.948270934552729372e+01,3.961379225062502840e+00
1.950271506144612843e+01,3.501923993464226115e+00
1.952272077736495959e+01,3.660180902214393406e+00
1.954272649328379430e+01,3.753964104515175482e+00
1.956273220920262901e+01,4.076862565132971739e+00
1.958273792512146372e+01,3.620790183462048173e+00
1.960274364104029843e+01,4.128401897028806999e+00
1.962274935695913314e+01,3.168481871342810674e+00
1.964275507287796785e+01,3.789943063668904433e+00
1.966276078879679901e+01,3.673369886132776152e+00
1.968276650471563372e+01,3.181200979925351113e+00
1.970277222063446487e+01,3.889530450210370471e+00
1.972277793655329958e+01,3.751652551072832686e+00
1.974278365247213429e+01,4.089947822657308052e+00
1.976278936839096900e+01,3.589822980921157480e+00
1.978279508430980371e+01,4.074647893968345258e+00
1.980280080022863842e+01,4.514253576821148251e+00
1.982280651614747313e+01,4.134335412932958143e+00
1.984281223206630784e+01,3.171663692130838541e+00
1.986281794798513900e+01,4.280221559326630398e+00
1.988282366390397371e+01,3.058440797004388312e+00
1.990282937982280487e+01,4.148048399482059168e+00
1.992283509574163958e+01,3.224795443380507720e+00
1.994284081166047429e+01,3.001801266553605352e+00
1.996284652757930900e+01,4.541530530233199414e+00
1.998285224349814371e+01,3.177705307998387241e+00
2.000285795941697842e+01,3.570293319788303776e+00
2.002286367533581313e+01,3.445281204703571465e+00
2.004286939125464428e+01,3.228924801343246109e+00
2.006287510717347899e+01,3.139177204852542147e+00
2.008288082309231015e+01,4.048671569511903989e+00
2.010288653901114486e+01,3.485863088563373235e+00
2.012289225492997957e+01,3.888280863376513352e+00
2.014289797084881428e+01,2.613459756040242610e+00
2.016290368676764899e+01,3.696531473428743553e+00
2.018290940268648370e+01,2.540539732468664269e+00
2.020291511860531841e+01,3.202474516130996207e+00
2.022292083452414957e+01,3.315036908986253028e+00
2.024292655044298428e+01,3.735128292300897268e+00
2.026293226636181899e+01,2.515424628574308485e+00
2.028293798228065015e+01,2.673816255494011251e+00
2.030294369819948486e+01,3.154861819980907534e+00
2.032294941411831957e+01,3.505568352585863856e+00
2.034295513003715428e+01,2.969239441868522178e+00
2.036296084595598899e+01,3.352875179024209729e+00
2.038296656187482370e+01,3.902705885500421523e+00
2.040297227779365841e+01,3.246238609807987174e+00
2.042297799371248956e+01,3.973008685742880353e+00
2.044298370963132427e+01,3.057640020827617100e+00
2.046298942555015543e+01,2.897032852143254900e+00
2.048299514146899014e+01,3.348967831499495951e+00
2.050300085738782485e+01,3.055886905586505442e+00
2.052300657330665956e+01,2.617962140378597091e+00
2.054301228922549427e+01,3.260748893366435475e+00
2.056301800514432898e+01,3.084304080693464734e+00
2.058302372106316369e+01,3.461770403542129948e+00
2.060302943698199485e+01,2.628614634869218314e+00
2.062303515290082956e+01,3.438235879241754667e+00
2.064304086881966072e+01,3.089293201110438147e+00
2.066304658473849543e+01,2.500460601566135033e+00
2.068305230065733014e+01,2.796593257730906945e+00
2.070305801657616485e+01,2.852765915414891662e+00
2.072306373249499956e+01,3.543586825697190079e+00
2.074306944841383427e+01,3.253046444439300355e+00
2.076307516433266898e+01,2.919443424909205831e+00
2.078308088025150369e+01,2.612177136589025839e+00
2.080308659617033484e+01,2.705343948668375909e+00
2.082309231208916955e+01,2.816944920166045030e+00
2.084309802800800071e+01,3.189840997725220895e+00
2.086310374392683542e+01,2.093548518895799404e+00
2.088310945984567013e+01,3.461570156435923806e+00
2.090311517576450484e+01,2.583047510049471640e+00
2.092312089168333955e+01,2.804697532691976747e+00
2.094312660760217426e+01,3.633534764945900442e+00
2.096313232352100897e+01,2.876488346880325953e+00
2.098313803943984013e+01,2.423676000246219875e+00
2.100314375535867484e+01,2.773235153271825126e+00
2.102314947127750600e+01,3.269441821991262209e+00
2.104315518719634071e+01,3.012496086091592584e+00
2.106316090311517542e+01,3.240446591118079311e+00
2.108316661903401013e+01,3.403395784482504460e+00
2.110317233495284484e+01,3.413054041669231875e+00
2.112317805087167955e+01,2.660076153463370119e+00
2.114318376679051426e+01,3.410748220288502885e+00
2.116318948270934541e+01,2.359753626012698557e+00
2.118319519862818012e+01,3.205543003543711578e+00
2.120320091454701483e+01,3.890930459707925948e+00
2.122320663046584599e+01,2.340630379161602548e+00
2.124321234638468070e+01,2.720315805425369771e+00
2.126321806230351541e+01,3.351145790372708433e+00
2.128322377822235012e+01,2.933484340060302564e+00
2.130322949414118483e+01,2.744927000006665896e+00
2.132323521006001954e+01,2.880349373269254443e+00
2.134324092597885425e+01,3.172020595852701241e+00
2.136324664189768541e+01,2.932503342418550041e+00
2.138325235781652012e+01,3.350022248314717288e+00
2.140325807373535127e+01,3.533136500937313684e+00
2.142326378965418598e+01,3.389956429546317818e+00
2.144326950557302069e+01,3.634392753831123812e+00
2.146327522149185540e+01,2.666902206435591616e+00
2.148328093741069011e+01,2.462329601747398122e+00
2.150328665332952482e+01,2.059049481984100094e+00
2.152329236924835953e+01,2.820789912059436411e+00
2.154329808516719069e+01,3.655129974853500663e+00
2.156330380108602540e+01,2.769562280343726535e+00
2.158330951700485656e+01,2.877035992544459297e+00
2.160331523292369127e+01,2.307483504492856774e+00
2.162332094884252598e+01,2.553441183802095615e+00
2.164332666476136069e+01,3.105709667897860626e+00
2.166333238068019540e+01,2.668218701443482388e+00
2.168333809659903011e+01,2.543666072758803409e+00
2.170334381251786482e+01,2.908679152318749850e+00
2.172334952843669598e+01,3.064474623437412060e+00
2.174335524435553069e+01,2.180745003790158343e+00
2.176336096027436540e+01,3.057484033594498385e+00
2.178336667619319655e+01,2.102023733326493726e+00
2.180337239211203126e+01,2.992614293304560302e+00
2.182337810803086597e+01,2.489152113227090179e+00
2.184338382394970068e+01,2.368730583530754163e+00
2.186338953986853539e+01,3.715165584524787512e+00
2.188339525578737010e+01,3.731430526000105719e+00
2.190340097170620481e+01,3.632474468820087399e+00
2.192340668762503597e+01,2.392328001873770482e+00
2.194341240354387068e+01,2.699916088203455633e+00
2.196341811946270184e+01,2.686323267775657442e+00
2.198342383538153655e+01,3.611195612752952755e+00
2.200342955130037126e+01,2.657956463724083562e+00
2.202343526721920597e+01,3.204071537671670633e+00
2.204344098313804068e+01,2.823469541465527310e+00
2.206344669905687539e+01,1.939447854847019315e+00
2.208345241497571010e+01,3.183138256308454928e+00
2.210345813089454126e+01,2.781982224589018227e+00
2.212346384681337597e+01,2.693456388013041103e+00
2.214346956273221068e+01,3.691340648642103872e+00
2.216347527865104183e+01,3.410545776509892324e+00
2.218348099456987654e+01,2.578574498680516136e+00
2.220348671048871125e+01,2.615312218805483369e+00
2.222349242640754596e+01,3.185186519478258926e+00
2.224349814232638067e+01,2.625582686319639869e+00
2.226350385824521538e+01,3.000581229999975896e+00
2.228350957416405009e+01,3.040094735019491345e+00
2.230351529008288125e+01,2.936323609837053095e+00
2.232352100600171596e+01,2.841042104572971461e+00
2.234352672192054712e+01,2.709490237421759318e+00
2.236353243783938183e+01,2.811896312932600672e+00
2.238353815375821654e+01,3.302618855496887385e+00
2.240354386967705125e+01,3.502390418818993378e+00
2.242354958559588596e+01,3.581918769073341391e+00
2.244355530151472067e+01,3.038381828214027358e+00
2.246356101743355538e+01,3.220792437942038511e+00
2.248356673335238654e+01,2.822838722395361266e+00
2.250357244927122125e+01,2.830051828821610549e+00
2.252357816519005240e+01,2.850542756706568426e+00
2.254358388110888711e+01,2.770327039636703681e+00
2.256358959702772182e+01,3.367900456906768092e+00
2.258359531294655653e+01,2.515435756439313941e+00
2.260360102886539124e+01,2.389060278940815074e+00
2.262360674478422595e+01,2.612784423961475699e+00
2.264361246070306066e+01,3.308969440527526729e+00
2.266361817662189182e+01,2.946457425277996922e+00
2.268362389254072653e+01,2.855817144791146234e+00
2.270362960845956124e+01,3.633476040920210703e+00
2.272363532437839240e+01,2.449383545399472339e+00
2.274364104029722711e+01,3.601742937063129979e+00
2.276364675621606182e+01,3.016667595361613330e+00
2.278365247213489653e+01,2.936666494970205932e+00
2.280365818805373124e+01,2.808965983168854486e+00
2.282366390397256595e+01,3.117065268871202832e+00
2.284366961989140066e+01,2.542307693780277766e+00
2.286367533581023181e+01,3.305806742436721457e+00
2.288368105172906652e+01,3.341220219682720760e+00
2.290368676764789768e+01,3.756534897083657842e+00
2.292369248356673239e+01,3.600334240738973790e+00
2.294369819948556710e+01,3.146221831747419095e+00
2.296370391540440181e+01,2.414516550155971775e+00
2.298370963132323652e+01,3.854729030876616669e+00
2.300371534724207123e+01,3.311597351339783835e+00
2.302372106316090594e+01,2.591162423607699772e+00
2.304372677907973710e+01,2.663661754544969007e+00
2.306373249499857181e+01,3.366954607355825857e+00
2.308373821091740652e+01,3.472453938963744768e+00
2.310374392683623768e+01,2.902209636573576113e+00
2.312374964275507239e+01,3.840746477714713336e+00
2.314375535867390710e+01,3.233679506807149107e+00
2.316376107459274181e+01,3.538778555401911330e+00
2.318376679051157652e+01,3.210473052971934749e+00
2.320377250643041123e+01,2.637159880073735252e+00
2.322377822234924594e+01,3.105367499118200314e+00
2.324378393826807709e+01,2.979035332722781426e+00
2.326378965418691180e+01,2.984590859239377725e+00
2.328379537010574296e+01,3.024152440065204672e+00
2.330380108602457767e+01,2.861677445118981034e+00
2.332380680194341238e+01,2.869202646012467994e+00
2.334381251786224709e+01,2.818594075873949389e+00
2.336381823378108180e+01,3.611082690314316501e+00
2.338382394969991651e+01,3.400508972725101664e+00
2.340382966561875122e+01,3.206147778666526449e+00
2.342383538153758238e+01,3.038199998499664822e+00
2.344384109745641709e+01,3.620558658632712756e+00
2.346384681337524825e+01,3.410770989577050827e+00
2.348385252929408296e+01,3.422280689354530558e+00
2.350385824521291767e+01,2.631317620519213030e+00
2.352386396113175238e+01,3.220222416991647130e+00
2.354386967705058709e+01,2.939999412090372743e+00
2.356387539296942180e+01,3.421092519709911350e+00
2.358388110888825651e+01,3.179106565916604232e+00
2.360388682480708766e+01,2.650950200932035372e+00
2.362389254072592237e+01,2.540153018019951858e+00
2.364389825664475708e+01,2.883432098409608457e+00
2.366390397256358824e+01,2.301068543703169489e+00
2.368390968848242295e+01,3.121645082766369317e+00
2.370391540440125766e+01,2.407243700272953202e+00
2.372392112032009237e+01,3.687506469449996160e+00
2.374392683623892708e+01,2.913296150449358635e+00
2.376393255215776179e+01,3.580449115957515360e+00
2.378393826807659650e+01,2.887331189285438526e+00
2.380394398399542766e+01,3.391480409003519547e+00
2.382394969991426237e+01,2.537619643107158041e+00
2.384395541583309353e+01,3.541911464179064772e+00
2.386396113175192824e+01,2.964701848023857611e+00
2.388396684767076295e+01,2.717407683513301198e+00
2.390397256358959766e+01,2.712724628423412554e+00
2.392397827950843237e+01,2.943263068320300491e+00
2.394398399542726708e+01,2.725472560548423573e+00
2.396398971134610179e+01,2.408878423920659095e+00
2.398399542726493294e+01,2.692618859023194311e+00
2.400400114318376765e+01,2.411107072740987345e+00
2.402400685910260236e+01,3.181787354388043276e+00
2.404401257502143352e+01,2.315519089188679658e+00
2.406401829094026823e+01,3.327400576133376919e+00
2.408402400685910294e+01,2.916790251895736041e+00
2.410402972277793765e+01,3.124028301506672101e+00
2.412403543869677236e+01,2.688015987085503156e+00
2.414404115461560707e+01,2.744986903037804904e+00
2.416404687053444178e+01,2.934340704898730667e+00
2.418405258645327294e+01,2.431049670466756574e+00
2.420405830237210765e+01,2.329172048221614943e+00
2.422406401829093880e+01,1.952061031309554107e+00
2.424406973420977351e+01,2.491607011280520645e+00
2.426407545012860822e+01,1.889375757694764513e+00
2.428408116604744293e+01,2.731033993689009343e+00
2.430408688196627764e+01,2.891591585229743355e+00
2.432409259788511235e+01,2.588808054086537691e+00
2.434409831380394706e+01,2.412799057244210843e+00
2.436410402972277822e+01,1.986219633634032533e+00
2.438410974564161293e+01,2.623465984400026763e+00
2.440411546156044409e+01,3.022683596626547953e+00
2.442412117747927880e+01,3.014009062022720897e+00
2.444412689339811351e+01,2.591193287281770452e+00
2.446413260931694822e+01,2.352709919660922910e+00
2.448413832523578293e+01,2.879224024775314916e+00
2.450414404115461764e+01,1.995790368112869473e+00
2.452414975707345235e+01,2.542269384835400103e+00
2.454415547299228351e+01,2.866141687606808652e+00
2.456416118891111822e+01,2.876830241668293375e+00
2.458416690482995293e+01,3.421801395842411608e+00
2.460417262074878408e+01,3.128527847757755609e+00
2.462417833666761879e+01,3.415013754154889281e+00
2.464418405258645350e+01,1.820025160853158575e+00
2.466418976850528821e+01,3.307165229435125475e+00
2.468419548442412292e+01,2.046753359062853495e+00
2.470420120034295763e+01,3.312226686054018820e+00
2.472420691626179234e+01,2.519612132108023594e+00
2.474421263218062350e+01,3.007489861779426565e+00
2.476421834809945821e+01,2.347637959725253687e+00
2.478422406401828937e+01,2.387548455926490121e+00
2.480422977993712408e+01,2.834595662420391626e+00
2.482423549585595879e+01,2.765207496782284835e+00
2.484424121177479350e+01,3.399120987106707403e+00
2.486424692769362821e+01,2.330674674032523264e+00
2.488425264361246292e+01,3.579627875372088486e+00
2.490425835953129763e+01,2.353522142448560395e+00
2.492426407545012879e+01,2.909871548003183594e+00
2.494426979136896350e+01,2.807412883042967877e+00
2.496427550728779821e+01,2.573323646329627401e+00
2.498428122320662936e+01,3.231664478854519906e+00
2.500428693912546407e+01,2.409694933920254023e+00
2.502429265504429878e+01,3.516618843717990384e+00
2.504429837096313349e+01,3.182459064497790813e+00
2.506430408688196820e+01,3.172791764840022566e+00
2.508430980280080291e+01,2.787062046195778020e+00
2.510431551871963762e+01,3.600793500812328407e+00
2.512432123463846878e+01,3.518851616603567045e+00
2.514432695055730349e+01,3.580769483444163015e+00
2.516433266647613465e+01,3.206756160467197692e+00
2.518433838239496936e+01,3.445325907936132470e+00
2.520434409831380407e+01,3.692824166861870427e+00
2.522434981423263878e+01,3.143643815994047408e+00
2.524435553015147349e+01,3.087626690493677550e+00
2.526436124607030820e+01,3.604910690540646279e+00
2.528436696198914291e+01,4.165181644868509281e+00
2.530437267790797407e+01,4.393137542686961439e+00
2.532437839382680878e+01,3.698049317979288375e+00
2.534438410974563993e+01,4.675660083189599803e+00
2.536438982566447464e+01,4.249306219481095326e+00
2.538439554158330935e+01,4.625618356963252964e+00
2.540440125750214406e+01,4.891254244436842313e+00
2.542440697342097877e+01,5.086834137559728575e+00
2.544441268933981348e+01,4.794598813152857630e+00
2.546441840525864819e+01,4.866727906230492451e+00
2.548442412117747935e+01,4.537996477296073472e+00
2.550442983709631406e+01,4.884406788130576160e+00
2.552443555301514877e+01,5.208628701842407338e+00
2.554444126893397993e+01,5.120698093672337414e+00
2.556444698485281464e+01,5.496825587212260444e+00
2.558445270077164935e+01,5.526994720699349273e+00
2.560445841669048406e+01,6.104943626807150636e+00
2.562446413260931877e+01,5.392727201785709745e+00
2.564446984852815348e+01,6.080955953767242406e+00
2.566447556444698819e+01,6.684849855428899090e+00
2.568448128036581934e+01,7.014425558781955061e+00
2.570448699628465405e+01,6.993518058100759660e+00
2.572449271220348521e+01,6.475229413700546388e+00
2.574449842812231992e+01,7.234865862121706570e+00
2.576450414404115463e+01,7.901619084962500317e+00
2.578450985995998934e+01,8.409409136382439698e+00
2.580451557587882405e+01,8.241057072608676037e+00
2.582452129179765876e+01,7.988286438237723885e+00
2.584452700771649347e+01,8.646639962176752903e+00
2.586453272363532463e+01,8.078122542021842989e+00
2.588453843955415934e+01,8.930342120306949738e+00
2.590454415547299405e+01,9.563331336145738604e+00
2.592454987139182521e+01,9.395787388436996679e+00
2.594455558731065992e+01,9.336098588751745808e+00
2.596456130322949463e+01,1.024341971391312178e+01
2.598456701914832934e+01,1.038805048061013991e+01
2.600457273506716405e+01,9.954766677086448468e+00
2.602457845098599520e+01,1.106640932040436809e+01
2.604458416690482991e+01,1.069119967285616113e+01
2.606458988282366462e+01,1.032606572883263141e+01
2.608459559874249933e+01,1.091148900444094494e+01
2.610460131466133404e+01,1.138642308431321304e+01
2.612460703058016520e+01,1.091921100646358056e+01
2.614461274649899991e+01,1.065699768270596692e+01
2.616461846241783462e+01,1.031532190021742146e+01
2.618462417833666933e+01,1.067673822984717624e+01
2.620462989425550404e+01,1.025187380346020305e+01
2.622463561017433520e+01,1.129010088179959936e+01
2.624464132609316991e+01,9.687584796453361236e+00
2.626464704201200462e+01,9.410300855712327106e+00
2.628465275793083933e+01,9.591704541797042793e+00
2.630465847384967049e+01,8.974165214538764701e+00
2.632466418976850520e+01,9.697802254599679372e+00
2.634466990568733991e+01,8.629745195325105200e+00
2.636467562160617462e+01,8.768282873985882020e+00
2.638468133752500933e+01,8.330743982420605320e+00
2.640468705344384048e+01,7.983361270908303275e+00
2.642469276936267519e+01,6.944868628344682548e+00
2.644469848528150990e+01,7.265659751420805001e+00
2.646470420120034461e+01,7.103022862234560364e+00
2.648470991711917932e+01,6.722934313840170262e+00
2.650471563303801048e+01,5.605803504000129500e+00
2.652472134895684519e+01,5.415813112140216212e+00
2.654472706487567990e+01,5.933902131652732947e+00
2.656473278079451461e+01,5.710810916147682548e+00
2.658473849671334932e+01,5.631228658258359943e+00
2.660474421263218048e+01,4.928229859259096735e+00
2.662474992855101519e+01,4.370578828613576050e+00
2.664475564446984990e+01,5.103180022475058308e+00
2.666476136038868461e+01,3.667916235299434113e+00
2.668476707630751577e+01,4.157522790487428566e+00
2.670477279222635048e+01,3.924608073592098734e+00
2.672477850814518519e+01,3.776023555692578526e+00
2.674478422406401990e+01,4.002358928300059127e+00
2.676478993998285461e+01,2.886123279999547542e+00
2.678479565590168576e+01,3.744041481448841413e+00
2.680480137182052047e+01,3.676262552431294850e+00
2.682480708773935518e+01,3.724121973779230821e+00
2.684481280365818989e+01,3.356910034270621956e+00
2.686481851957702460e+01,2.609301828984346372e+00
2.688482423549585576e+01,2.900824937420287242e+00
2.690482995141469047e+01,3.491514641011195241e+00
2.692483566733352518e+01,3.034806703137918227e+00
2.694484138325235989e+01,3.378072777755958711e+00
2.696484709917119105e+01,3.170879251390802622e+00
2.698485281509002576e+01,3.250818775023860852e+00
2.700485853100886047e+01,3.197306972757228749e+00
2.702486424692769518e+01,2.698907995130279236e+00
2.704486996284652989e+01,2.544316494066166445e+00
2.706487567876536104e+01,3.211834765072791420e+00
2.708488139468419575e+01,3.405338158788671077e+00
2.710488711060303046e+01,2.722012560041711993e+00
2.712489282652186517e+01,2.019837474649814890e+00
2.714489854244069988e+01,2.947542464767822334e+00
2.716490425835953104e+01,2.328858398817448716e+00
2.718490997427836575e+01,3.120671381420804913e+00
2.720491569019720046e+01,2.900711828292661831e+00
2.722492140611603517e+01,3.684196341529489160e+00
2.724492712203486633e+01,2.350936041862129677e+00
2.726493283795370104e+01,2.611398442833330336e+00
2.728493855387253575e+01,2.268962700208492667e+00
2.730494426979137046e+01,3.579896609574338306e+00
2.732494998571020517e+01,2.792746937826422915e+00
2.734495570162903633e+01,2.919147156152973377e+00
2.736496141754787104e+01,2.731219005682244294e+00
2.738496713346670575e+01,2.198792428685213629e+00
2.740497284938554046e+01,2.929434848447138862e+00
2.742497856530437517e+01,3.310566807478809714e+00
2.744498428122320632e+01,2.567860475273693321e+00
2.746498999714204103e+01,3.271680196148840647e+00
2.748499571306087574e+01,3.423331441605503400e+00
2.750500142897971045e+01,3.082831558922538573e+00
2.752500714489854516e+01,3.330958668395104461e+00
2.754501286081737632e+01,3.679139696142942562e+00
2.756501857673621103e+01,2.890133264771578503e+00
2.758502429265504574e+01,3.132096984082137325e+00
2.760503000857388045e+01,3.181418721785516102e+00
2.762503572449271161e+01,3.263660094511506848e+00
2.764504144041154632e+01,3.132512638153062134e+00
2.766504715633038103e+01,3.014708521116895579e+00
2.768505287224921574e+01,2.975563919241048794e+00
2.770505858816805045e+01,3.761035098539764032e+00
2.772506430408688161e+01,3.764564451323312966e+00
2.774507002000571632e+01,3.654421479522516503e+00
2.776507573592455103e+01,3.405887159373553352e+00
2.778508145184338574e+01,3.321822869641431364e+00
2.780508716776222045e+01,3.211852766235439471e+00
2.782509288368105160e+01,4.455115693464410498e+00
2.784509859959988631e+01,3.862075718573163563e+00
2.786510431551872102e+01,4.166161983178487738e+00
2.788511003143755573e+01,5.096345639067271449e+00
2.790511574735638689e+01,4.484756147579480157e+00
2.792512146327522160e+01,4.340553964889585004e+00
2.794512717919405631e+01,4.631418349519344169e+00
2.796513289511289102e+01,4.632048237200542928e+00
2.798513861103172573e+01,3.874798809567761460e+00
2.800514432695055689e+01,4.372960344882915962e+00
2.802515004286939160e+01,5.242443455870200886e+00
2.804515575878822631e+01,5.171012511163481484e+00
2.806516147470706102e+01,5.645722693060283959e+00
2.808516719062589573e+01,5.883204201335090922e+00
2.810517290654472689e+01,6.017776382276462499e+00
2.812517862246356160e+01,5.159482565025822254e+00
2.814518433838239631e+01,5.866963472052272976e+00
2.816519005430123102e+01,5.617850634423988687e+00
2.818519577022006217e+01,6.632199137306579395e+00
2.820520148613889688e+01,7.243444048544285252e+00
2.822520720205773159e+01,7.293309432915714652e+00
2.824521291797656630e+01,6.620312568322396451e+00
2.826521863389540101e+01,6.422823773934067226e+00
2.828522434981423217e+01,7.156058346936300829e+00
2.830523006573306688e+01,6.751104637827969768e+00
2.832523578165190159e+01,7.312155795786427603e+00
2.834524149757073630e+01,7.016322444134571512e+00
2.836524721348957101e+01,7.764312056586174293e+00
2.838525292940840217e+01,7.643642040418382244e+00
2.840525864532723688e+01,7.110987281029804485e+00
2.842526436124607159e+01,8.128171059985810132e+00
2.844527007716490630e+01,7.394811076502003644e+00
2.846527579308374101e+01,7.907849205024453987e+00
2.848528150900257216e+01,7.427035309545355624e+00
2.850528722492140687e+01,7.203071018272289905e+00
2.852529294084024158e+01,7.289974141334775837e+00
2.854529865675907629e+01,7.100208630707625090e+00
2.856530437267790745e+01,7.480995955939887310e+00
2.858531008859674216e+01,6.628850625182680645e+00
2.860531580451557687e+01,7.055691167404115838e+00
2.862532152043441158e+01,7.066815291978910452e+00
2.864532723635324629e+01,5.804143001247413558e+00
2.866533295227207745e+01,6.210315211130688517e+00
2.868533866819091216e+01,6.407516325160467652e+00
2.870534438410974687e+01,5.457383979872119539e+00
2.872535010002858158e+01,5.741954429092341883e+00
2.874535581594741629e+01,5.381561589254384437e+00
2.876536153186624745e+01,5.095892790386150395e+00
2.878536724778508216e+01,4.185598634923122674e+00
2.880537296370391687e+01,4.842733753587104673e+00
2.882537867962275158e+01,4.451437415313700185e+00
2.884538439554158273e+01,4.219909076654094982e+00
2.886539011146041744e+01,4.747501607987684835e+00
2.888539582737925215e+01,4.034095115267641418e+00
2.890540154329808686e+01,3.580330297435042386e+00
2.892540725921692157e+01,4.095889242777435157e+00
2.894541297513575273e+01,3.685200358346456984e+00
2.896541869105458744e+01,3.770482624078344003e+00
2.898542440697342215e+01,3.578146120999821989e+00
2.900543012289225686e+01,3.345268354920562626e+00
2.902543583881109157e+01,2.971239080390312370e+00
2.904544155472992273e+01,3.264935909530713776e+00
2.906544727064875744e+01,2.851023931060075789e+00
2.908545298656759215e+01,2.996469659577538636e+00
2.910545870248642686e+01,2.774172164926814954e+00
2.912546441840525802e+01,2.843450024236309659e+00
2.914547013432409273e+01,3.180182232581409973e+00
2.916547585024292744e+01,3.415275829862973289e+00
2.918548156616176215e+01,3.013188600736497413e+00
2.920548728208059686e+01,2.838582393322941044e+00
2.922549299799942801e+01,2.726888121981104973e+00
2.924549871391826272e+01,2.002086485900024915e+00
2.926550442983709743e+01,1.804696010966386321e+00
2.928551014575593214e+01,3.387034361581775954e+00
2.930551586167476685e+01,2.279815034349838676e+00
2.932552157759359801e+01,2.107172326230462467e+00
2.934552729351243272e+01,2.954212164765299242e+00
2.936553300943126743e+01,2.364108146828377333e+00
2.938553872535010214e+01,2.505206136035892150e+00
2.940554444126893330e+01,2.441553027806810050e+00
2.942555015718776801e+01,2.211615473020351885e+00
2.944555587310660272e+01,2.467641155546699494e+00
2.946556158902543743e+01,2.718529461646247647e+00
2.948556730494427214e+01,1.848871143810995488e+00
2.950557302086310330e+01,1.656437837631072663e+00
2.952557873678193801e+01,2.672678581342266213e+00
2.954558445270077272e+01,2.384169138098807483e+00
2.956559016861960743e+01,2.319469177154573902e+00
2.958559588453844214e+01,2.161268897122586630e+00
2.960560160045727329e+01,3.130905817469281427e+00
2.962560731637610800e+01,2.344508865817159116e+00
2.964561303229494271e+01,2.496773224244299705e+00
2.966561874821377742e+01,2.142394283334236871e+00
2.968562446413261213e+01,1.823902330053452925e+00
2.970563018005144329e+01,2.264136671414216373e+00
2.972563589597027800e+01,1.906201846935595468e+00
2.974564161188911271e+01,2.207325999451814624e+00
2.976564732780794742e+01,2.495371891200373060e+00
2.978565304372677858e+01,2.455464932973544734e+00
2.980565875964561329e+01,2.414115304040447718e+00
2.982566447556444800e+01,2.918735935524649161e+00
2.984567019148328271e+01,1.914367921087335667e+00
2.986567590740211742e+01,2.256666091341898106e+00
2.988568162332094857e+01,2.385767265058839293e+00
2.990568733923978328e+01,2.831824622508547051e+00
2.992569305515861799e+01,1.788307799709278889e+00
2.994569877107745270e+01,2.228143888336791889e+00
2.996570448699628741e+01,2.308243446795031240e+00
2.998571020291511857e+01,3.019999937713404137e+00
3.000571591883395328e+01,2.524168729315789506e+00
3.002572163475278799e+01,2.368543258613364344e+00
3.004572735067162270e+01,2.517281814766366033e+00
3.006573306659045386e+01,2.568879786749210581e+00
3.008573878250928857e+01,1.613998249822466091e+00
3.010574449842812328e+01,2.514060406345343779e+00
3.012575021434695799e+01,2.548681396742779270e+00
3.014575593026579270e+01,2.259337510044898689e+00
3.016576164618462386e+01,2.047829878759899636e+00
3.018576736210345857e+01,2.099903406199053357e+00
3.020577307802229328e+01,1.914754348647229820e+00
3.022577879394112799e+01,2.100033428122622059e+00
3.024578450985996270e+01,2.496100385698296620e+00
3.026579022577879385e+01,2.349171705400122878e+00
3.028579594169762856e+01,1.936464434541205648e+00
3.030580165761646327e+01,2.746237249119380053e+00
3.032580737353529798e+01,1.909078646481227715e+00
3.034581308945412914e+01,2.639125393408733977e+00
3.036581880537296385e+01,2.531373800436469867e+00
3.038582452129179856e+01,2.420853179698633451e+00
3.040583023721063327e+01,2.502114575680166375e+00
3.042583595312946798e+01,1.937822419448544942e+00
3.044584166904829914e+01,2.867910741682934805e+00
3.046584738496713385e+01,2.060567620418416013e+00
3.048585310088596856e+01,2.518197397051896935e+00
3.050585881680480327e+01,1.447685397953917485e+00
3.052586453272363798e+01,2.930339053112048120e+00
3.054587024864246914e+01,2.752500843191005409e+00
3.056587596456130385e+01,2.409336640732313572e+00
3.058588168048013856e+01,2.262210972887793492e+00
3.060588739639897327e+01,2.670279998584508707e+00
3.062589311231780798e+01,1.943612547319333750e+00
3.064589882823663913e+01,2.749666099848615097e+00
3.066590454415547384e+01,2.202844802312327932e+00
3.068591026007430855e+01,2.146506768030933099e+00
3.070591597599314326e+01,2.658028795428773350e+00
3.072592169191197442e+01,1.665184955132371414e+00
3.074592740783080913e+01,2.413129015680381517e+00
3.076593312374964384e+01,2.491812276971502094e+00
3.078593883966847855e+01,1.666823882750883445e+00
3.080594455558731326e+01,2.494498665777825863e+00
3.082595027150614442e+01,2.754233990717625424e+00
3.084595598742497913e+01,2.957427618300890515e+00
3.086596170334381384e+01,2.917561219877752077e+00
3.088596741926264855e+01,2.196998535462225899e+00
3.090597313518148326e+01,2.168280251639844725e+00
3.092597885110031442e+01,2.831329766503136725e+00
3.094598456701914913e+01,2.723325594402989491e+00
3.096599028293798384e+01,2.852973957289537843e+00
3.098599599885681855e+01,3.012587828358617603e+00
3.100600171477564970e+01,1.958096571764936122e+00
3.102600743069448441e+01,2.992786520198586153e+00
3.104601314661331912e+01,2.198895241746628759e+00
3.106601886253215383e+01,2.080312686166223557e+00
3.108602457845098854e+01,2.183455897021084446e+00
3.110603029436981970e+01,2.565641102540375140e+00
3.112603601028865441e+01,2.680490482145776010e+00
3.114604172620748912e+01,2.147727829532548594e+00
3.116604744212632383e+01,2.699893477714407020e+00
3.118605315804515854e+01,2.576806323303066915e+00
3.120605887396398970e+01,2.783543326133357532e+00
3.122606458988282441e+01,3.029551728950696798e+00
3.124607030580165912e+01,2.100879766616304156e+00
3.126607602172049383e+01,2.062864009780135177e+00
3.128608173763932498e+01,2.791262968027375280e+00
3.130608745355815969e+01,2.775118297791067778e+00
3.132609316947699440e+01,3.203743345237887397e+00
3.134609888539582911e+01,3.040986925422096920e+00
3.136610460131466382e+01,2.400725732499594312e+00
3.138611031723349498e+01,3.627765315373478128e+00
3.140611603315232969e+01,2.782342811125357418e+00
3.142612174907116440e+01,3.370342440374113568e+00
3.144612746498999911e+01,3.306624233756082720e+00
3.146613318090883382e+01,2.411498251276064764e+00
3.148613889682766498e+01,3.567383554347348884e+00
3.150614461274649969e+01,2.899954928195728865e+00
3.152615032866533440e+01,2.789466176880665671e+00
3.154615604458416911e+01,2.184778594454898304e+00
3.156616176050300382e+01,2.949147945094789947e+00
3.158616747642183498e+01,2.536624109149838269e+00
3.160617319234066969e+01,3.046042725771223925e+00
3.162617890825950440e+01,2.563863848272011747e+00
3.164618462417833911e+01,2.585890404826415523e+00
3.166619034009717026e+01,3.499112095882686013e+00
3.168619605601600497e+01,2.602124636622869414e+00
3.170620177193483968e+01,3.204787577179455393e+00
3.172620748785367439e+01,2.652539364370575914e+00
3.174621320377250910e+01,3.108844679937468047e+00
3.176621891969134026e+01,4.018429278583408149e+00
3.178622463561017497e+01,3.132625788548998091e+00
3.180623035152900968e+01,2.647922168866572168e+00
3.182623606744784439e+01,3.146187663200041840e+00
3.184624178336667910e+01,3.128442496783256921e+00
3.186624749928551026e+01,3.767141789041569488e+00
3.188625321520434497e+01,4.151395221009162029e+00
3.190625893112317968e+01,3.892407290819555499e+00
3.192626464704201439e+01,3.664484430932015258e+00
3.194627036296084555e+01,3.133365194749463178e+00
3.196627607887968026e+01,4.421972224175769739e+00
3.198628179479851497e+01,3.219892146056288151e+00
3.200628751071734968e+01,4.567837517219754950e+00
3.202629322663618439e+01,3.580385160353754870e+00
3.204629894255501199e+01,4.707958301074709695e+00
3.206630465847385381e+01,4.268916140520253144e+00
3.208631037439268141e+01,4.817951425708932867e+00
3.210631609031152323e+01,4.689806312821776402e+00
3.212632180623035083e+01,4.526507308923619632e+00
3.214632752214918554e+01,5.097633340255343093e+00
3.216633323806802025e+01,5.182785500504664356e+00
3.218633895398685496e+01,5.570969415967206295e+00
3.220634466990568967e+01,4.760791158666068057e+00
3.222635038582451728e+01,5.819694636899972906e+00
3.224635610174335909e+01,6.011260869514682526e+00
3.226636181766218670e+01,6.401906549253000733e+00
3.228636753358102851e+01,6.576846252439788820e+00
3.230637324949985612e+01,6.980738191207315424e+00
3.232637896541869083e+01,7.172113073338567624e+00
3.234638468133752554e+01,8.015054638338202864e+00
3.236639039725636025e+01,8.104949577368305569e+00
3.238639611317519496e+01,8.167982508983412160e+00
3.240640182909402967e+01,9.442994830454907174e+00
3.242640754501286438e+01,9.629490705835218378e+00
3.244641326093169198e+01,1.009831490700979550e+01
3.246641897685053380e+01,9.911504348568616507e+00
3.248642469276936140e+01,1.112647116469312714e+01
3.250643040868819611e+01,1.198815940538149505e+01
3.252643612460703082e+01,1.148616831625890633e+01
3.254644184052586553e+01,1.224525061263794967e+01
3.256644755644470024e+01,1.289613338057755243e+01
3.258645327236353495e+01,1.492052562233819302e+01
3.260645898828236966e+01,1.604275885687208358e+01
3.262646470420119726e+01,1.564747683511319032e+01
3.264647042012003908e+01,1.716156183831035875e+01
3.266647613603886668e+01,1.801140920807997503e+01
3.268648185195770850e+01,1.836360339266261121e+01
3.270648756787653610e+01,1.998671821397316961e+01
3.272649328379537081e+01,2.071358161910096385e+01
3.274649899971420552e+01,2.268886470183383963e+01
3.276650471563304023e+01,2.369870775907724791e+01
3.278651043155187494e+01,2.466912279256911233e+01
3.280651614747070255e+01,2.508500856638642063e+01
3.282652186338954436e+01,2.760960706296714662e+01
3.284652757930837197e+01,2.850478023034357022e+01
3.286653329522721378e+01,2.908275645396227205e+01
3.288653901114604139e+01,3.040092484709208520e+01
3.290654472706487610e+01,3.172999504065837684e+01
3.292655044298371081e+01,3.328297982736602023e+01
3.294655615890254552e+01,3.529661986307657173e+01
3.296656187482138023e+01,3.529797282952417703e+01
3.298656759074020783e+01,3.729780506566004306e+01
3.300657330665904965e+01,3.850771263396496380e+01
3.302657902257787725e+01,3.902989480105402009e+01
3.304658473849671907e+01,3.954253299111302056e+01
3.306659045441554667e+01,3.994930442093065892e+01
3.308659617033438138e+01,4.167795518385636200e+01
3.310660188625321609e+01,4.194233275867066624e+01
3.312660760217205080e+01,4.263606220452490447e+01
3.314661331809088551e+01,4.280011133783653321e+01
3.316661903400971312e+01,4.231587566020907332e+01
3.318662474992855493e+01,4.225348463750316341e+01
3.320663046584738254e+01,4.310954100159509039e+01
3.322663618176622435e+01,4.209867433349031529e+01
3.324664189768505196e+01,4.135730109224120099e+01
3.326664761360388667e+01,4.143213330591155596e+01
3.328665332952272138e+01,4.002262551973495164e+01
3.330665904544155609e+01,3.932025353591368599e+01
3.332666476136039080e+01,3.885018267853398299e+01
3.334667047727922551e+01,3.784832023644148791e+01
3.336667619319806022e+01,3.640871684419713716e+01
3.338668190911688782e+01,3.531183668044501900e+01
3.340668762503572964e+01,3.420215899128609038e+01
3.342669334095455724e+01,3.286528722995344509e+01
3.344669905687339195e+01,3.181805880239093298e+01
3.346670477279222666e+01,3.175173035620401762e+01
3.348671048871106137e+01,3.047750718004843407e+01
3.350671620462989608e+01,2.940182461339999875e+01
3.352672192054873079e+01,2.905146242243762345e+01
3.354672763646756550e+01,2.772173333123405925e+01
3.356673335238639311e+01,2.592561122786664640e+01
3.358673906830523492e+01,2.501424426205124263e+01
3.360674478422406253e+01,2.439214287037707862e+01
3.362675050014290434e+01,2.363272822153455621e+01
3.364675621606173195e+01,2.334022023034554394e+01
3.366676193198056666e+01,2.167951994767162560e+01
3.368676764789940137e+01,2.101039441917480133e+01
3.370677336381823608e+01,2.054251076607894788e+01
3.372677907973707079e+01,2.015796727487417428e+01
3.374678479565589839e+01,1.877909683385493977e+01
3.376679051157474021e+01,1.846359515433540821e+01
3.378679622749356781e+01,1.774632671963142627e+01
3.380680194341240963e+01,1.762775084158264605e+01
3.382680765933123723e+01,1.708124228308552972e+01
3.384681337525007194e+01,1.606595849550947364e+01
3.386681909116890665e+01,1.599768512507773544e+01
3.388682480708774136e+01,1.582987932250619778e+01
3.390683052300657607e+01,1.622002950900573381e+01
3.392683623892540368e+01,1.441562034504249290e+01
3.394684195484424549e+01,1.440127593907714143e+01
3.396684767076307310e+01,1.415906691568599918e+01
3.398685338668191491e+01,1.400930648977637283e+01
3.400685910260074252e+01,1.360755977660982197e+01
3.402686481851957723e+01,1.226627268819687977e+01
3.404687053443841194e+01,1.187173077068147720e+01
3.406687625035724665e+01,1.162291383348901164e+01
3.408688196627608136e+01,1.125667828273814308e+01
3.410688768219490896e+01,1.048798670591032334e+01
3.412689339811375078e+01,1.046833656284623615e+01
3.414689911403257838e+01,9.865215053375441911e+00
3.416690482995142020e+01,9.189115212523576659e+00
3.418691054587024780e+01,9.588588808415195786e+00
3.420691626178908251e+01,8.784940375433944126e+00
3.422692197770791722e+01,9.142437989866385450e+00
3.424692769362675193e+01,8.613771279735420450e+00
3.426693340954558664e+01,8.870768179950868415e+00
3.428693912546442135e+01,9.352375637095788008e+00
3.430694484138325606e+01,8.711503783318240934e+00
3.432695055730208367e+01,8.395916234446556103e+00
3.434695627322092548e+01,8.548006930710830176e+00
3.436696198913975309e+01,8.048935524947944842e+00
3.438696770505858780e+01,1.000961628055686958e+01
3.440697342097742251e+01,9.875128489621602057e+00
3.442697913689625722e+01,9.642465373936859763e+00
3.444698485281509193e+01,1.006858688681232294e+01
3.446699056873392664e+01,1.031541670927960297e+01
3.448699628465276135e+01,1.059613558207827211e+01
3.450700200057158895e+01,1.134865803402350970e+01
3.452700771649043077e+01,1.221795731686637332e+01
3.454701343240925837e+01,1.209345031230229317e+01
3.456701914832810019e+01,1.392261189859046766e+01
3.458702486424692779e+01,1.426282865356577290e+01
3.460703058016576250e+01,1.535989956967433656e+01
3.462703629608459721e+01,1.626908317944941018e+01
3.464704201200343192e+01,1.582913957401322058e+01
3.466704772792226663e+01,1.804726494136220794e+01
3.468705344384109424e+01,1.900366101118194351e+01
3.470705915975993605e+01,1.911451059485495918e+01
3.472706487567876366e+01,2.070562225579475779e+01
3.474707059159760547e+01,2.173224301128913893e+01
3.476707630751643308e+01,2.369450957539648073e+01
3.478708202343526779e+01,2.481642125463388027e+01
3.480708773935410250e+01,2.535461656122291174e+01
3.482709345527293721e+01,2.760525378230791915e+01
3.484709917119177192e+01,2.917686604283145613e+01
3.486710488711059952e+01,3.089465016166208500e+01
3.488711060302944134e+01,3.220325792223345474e+01
3.490711631894826894e+01,3.418139350003583843e+01
3.492712203486711076e+01,3.510356693130520256e+01
3.494712775078593836e+01,3.777391542553795034e+01
3.496713346670477307e+01,3.853000131142708540e+01
3.498713918262360778e+01,4.088414000197708020e+01
3.500714489854244249e+01,4.289873800817673555e+01
3.502715061446127720e+01,4.488842940208046883e+01
3.504715633038010481e+01,4.584750215983504518e+01
3.506716204629894662e+01,4.699210915107377673e+01
3.508716776221777423e+01,4.877659522711877571e+01
3.510717347813661604e+01,5.014748002490486556e+01
3.512717919405544365e+01,5.069779784161438130e+01
3.514718490997427836e+01,5.200169782263179741e+01
3.516719062589311307e+01,5.192676504139591032e+01
3.518719634181194778e+01,5.267532678313025940e+01
3.520720205773078249e+01,5.257173356330697800e+01
3.522720777364961720e+01,5.188357286472858476e+01
3.524721348956845191e+01,5.234188323884931293e+01
3.526721920548727951e+01,5.182489614131146993e+01
3.528722492140612133e+01,5.055685421343895314e+01
3.530723063732494893e+01,4.993495517069898426e+01
3.532723635324378364e+01,4.799964614734984991e+01
3.534724206916261835e+01,4.655224645863233235e+01
3.536724778508145306e+01,4.496393946768294825e+01
3.538725350100028777e+01,4.319088243767095747e+01
3.540725921691912248e+01,4.220268110814278373e+01
3.542726493283795719e+01,4.014896894436613906e+01
3.544727064875678479e+01,3.771407530910170181e+01
3.546727636467562661e+01,3.659053459226422689e+01
3.548728208059445421e+01,3.456838911134631331e+01
3.550728779651329603e+01,3.266413856499779911e+01
3.552729351243212363e+01,3.039601630541444166e+01
3.554729922835095834e+01,2.779083313105289932e+01
3.556730494426979305e+01,2.569246490873883459e+01
3.558731066018862776e+01,2.430444570816364447e+01
3.560731637610746247e+01,2.284608974174220464e+01
3.562732209202629008e+01,2.095403729099941259e+01
3.564732780794513189e+01,1.980855630077477514e+01
3.566733352386395950e+01,1.798313317939324563e+01
3.568733923978280131e+01,1.732017393530591320e+01
3.570734495570162892e+01,1.574209749546506032e+01
3.572735067162046363e+01,1.451371655508047276e+01
3.574735638753929834e+01,1.454854526390285585e+01
3.576736210345813305e+01,1.251184446242061021e+01
3.578736781937696776e+01,1.174975150572357485e+01
3.580737353529579536e+01,1.143349946124588357e+01
3.582737925121463718e+01,1.049595798803403035e+01
3.584738496713346478e+01,9.634301091151165508e+00
3.586739068305230660e+01,9.332019939200023373e+00
3.588739639897113420e+01,8.583041052038845820e+00
3.590740211488996891e+01,9.365415240754339621e+00
3.592740783080880362e+01,8.173829670298820460e+00
3.594741354672763833e+01,8.028212955256949002e+00
3.596741926264647304e+01,7.153851467699418265e+00
3.598742497856530065e+01,7.641951044807357540e+00
3.600743069448414246e+01,6.678044721834544895e+00
3.602743641040297007e+01,7.176230306287892269e+00
3.604744212632181188e+01,7.044478944201875592e+00
3.606744784224063949e+01,6.733683332482963024e+00
3.608745355815947420e+01,6.278634758356162138e+00
3.610745927407830891e+01,5.659991991499577324e+00
3.612746498999714362e+01,5.951903070433796294e+00
3.614747070591597833e+01,5.689368162539074625e+00
3.616747642183481304e+01,6.552158748179419234e+00
3.618748213775364775e+01,6.514137683287290592e+00
3.620748785367247535e+01,5.332500672132201025e+00
3.622749356959131717e+01,6.325885699427436393e+00
3.624749928551014477e+01,5.528144289083291696e+00
3.626750500142897948e+01,4.739539509941243622e+00
3.628751071734781419e+01,5.816582036545349332e+00
3.630751643326664890e+01,6.181007611549026670e+00
3.632752214918548361e+01,6.126016913564494182e+00
3.634752786510431832e+01,5.290558175062255231e+00
3.636753358102315303e+01,5.678082956669412873e+00
3.638753929694198064e+01,6.492936381969199644e+00
3.640754501286082245e+01,5.606576559506349255e+00
3.642755072877965006e+01,6.008966064592422107e+00
3.644755644469849187e+01,5.962653703354479973e+00
3.646756216061731948e+01,6.087633354433365618e+00
3.648756787653615419e+01,6.064569579536853716e+00
3.650757359245498890e+01,6.154115155282836369e+00
3.652757930837382361e+01,6.451826041485997365e+00
3.654758502429265832e+01,6.390591167738298495e+00
3.656759074021148592e+01,6.035318009793474658e+00
3.658759645613032774e+01,7.482104962539846582e+00
3.660760217204915534e+01,7.026232271336557034e+00
3.662760788796799716e+01,7.265109091646246853e+00
3.664761360388682476e+01,6.600529179007384784e+00
3.666761931980565947e+01,7.493775129016979619e+00
3.668762503572449418e+01,8.543096309921889286e+00
3.670763075164332889e+01,7.566526737620624665e+00
3.672763646756216360e+01,9.250263668244699033e+00
3.674764218348099121e+01,9.230602442717460221e+00
3.676764789939983302e+01,9.351939704932503261e+00
3.678765361531866063e+01,8.977063935102522763e+00
3.680765933123750244e+01,1.034008553731868929e+01
3.682766504715633005e+01,1.107683817615878752e+01
3.684767076307516476e+01,1.061520311047933873e+01
3.686767647899399947e+01,1.194695921027321006e+01
3.688768219491283418e+01,1.314331013473918475e+01
3.690768791083166889e+01,1.246393967495918886e+01
3.692769362675049649e+01,1.367364082803164216e+01
3.694769934266933831e+01,1.365242359357661073e+01
3.696770505858816591e+01,1.493496192674041900e+01
3.698771077450700773e+01,1.503240683596490079e+01
3.700771649042583533e+01,1.590393971154120756e+01
3.702772220634467004e+01,1.629451914257269962e+01
3.704772792226350475e+01,1.745427580800070899e+01
3.706773363818233946e+01,1.895814020747334183e+01
3.708773935410117417e+01,1.882471036716011170e+01
3.710774507002000888e+01,2.028757440042759796e+01
3.712775078593884359e+01,2.086128721112825701e+01
3.714775650185767120e+01,2.254314339967516290e+01
3.716776221777651301e+01,2.275576317450698483e+01
3.718776793369534062e+01,2.437878064715985005e+01
3.720777364961417533e+01,2.491598885804188868e+01
3.722777936553301004e+01,2.531374012302978116e+01
3.724778508145184475e+01,2.559233609322628311e+01
3.726779079737067946e+01,2.706972186346371245e+01
3.728779651328951417e+01,2.712942039239696257e+01
3.730780222920834888e+01,2.841672949962164552e+01
3.732780794512717648e+01,2.930976904343141243e+01
3.734781366104601830e+01,2.924150609348355445e+01
3.736781937696484590e+01,3.010883710012822689e+01
3.738782509288368772e+01,3.014671126881040664e+01
3.740783080880251532e+01,3.098418244919433207e+01
3.742783652472135003e+01,3.126805814787573468e+01
3.744784224064018474e+01,3.013964936992580590e+01
3.746784795655901945e+01,3.013054004018037446e+01
3.748785367247785416e+01,3.056436906813342347e+01
3.750785938839668177e+01,2.890049038613954124e+01
3.752786510431552358e+01,2.871816564594319132e+01
3.754787082023435119e+01,2.803454466186630611e+01
3.756787653615319300e+01,2.746522973574460025e+01
3.758788225207202061e+01,2.623705025950949121e+01
3.760788796799085532e+01,2.527827090690690426e+01
3.762789368390969003e+01,2.429668750326734639e+01
3.764789939982852474e+01,2.273894137793201153e+01
3.766790511574735945e+01,2.190692470939439218e+01
3.768791083166618705e+01,2.045507197575271618e+01
3.770791654758502887e+01,1.900487135981515863e+01
3.772792226350385647e+01,1.833886666617313921e+01
3.774792797942269829e+01,1.673715146820683231e+01
3.776793369534152589e+01,1.517455498302629024e+01
3.778793941126036060e+01,1.516071609028771938e+01
3.780794512717919531e+01,1.405352433161795211e+01
3.782795084309803002e+01,1.259448331331813087e+01
3.784795655901686473e+01,1.193792138499505739e+01
3.786796227493569234e+01,1.108069717389823339e+01
3.788796799085453415e+01,1.087501862343193970e+01
3.790797370677336176e+01,1.015803261769609378e+01
3.792797942269220357e+01,9.827466827857888276e+00
3.794798513861103118e+01,9.313254348250293191e+00
3.796799085452986589e+01,8.003422678714418481e+00
3.798799657044870060e+01,8.106347568474427945e+00
3.800800228636753531e+01,7.722284477981117945e+00
3.802800800228637002e+01,6.170510699514119679e+00
3.804801371820520473e+01,6.471927223129275930e+00
3.806801943412403944e+01,7.161498641311906610e+00
3.808802515004286704e+01,6.302765479978993390e+00
3.810803086596170886e+01,6.436897864397485236e+00
3.812803658188053646e+01,6.420214577654006050e+00
3.814804229779937117e+01,5.319278949751580221e+00
3.816804801371820588e+01,4.829714279474474736e+00
3.818805372963704059e+01,5.258493359302514492e+00
3.820805944555587530e+01,4.456907033398842977e+00
3.822806516147471001e+01,4.405893708179830170e+00
3.824807087739354472e+01,4.956921336834833269e+00
3.826807659331237232e+01,4.581509660151811048e+00
3.828808230923121414e+01,5.302740786961756214e+00
3.830808802515004174e+01,4.645063072206549570e+00
3.832809374106888356e+01,4.284599608108788260e+00
3.834809945698771116e+01,5.236808880985876158e+00
3.836810517290654587e+01,4.063687169106490416e+00
3.838811088882538058e+01,3.515027986740517640e+00
3.840811660474421529e+01,4.823408897681073171e+00
3.842812232066305000e+01,4.219924523761893198e+00
3.844812803658187761e+01,4.648883587048484145e+00
3.846813375250071942e+01,4.352952419988628918e+00
3.848813946841954703e+01,4.010695407727913775e+00
3.850814518433838884e+01,5.041130924905821153e+00
3.852815090025721645e+01,4.750366111184021634e+00
3.854815661617605116e+01,5.240492015475780363e+00
3.856816233209488587e+01,4.494334400894269166e+00
3.858816804801372058e+01,5.307519284291626782e+00
3.860817376393255529e+01,5.502942829588214124e+00
3.862817947985138289e+01,5.462880730674367413e+00
3.864818519577022471e+01,5.020857021361864625e+00
3.866819091168905231e+01,5.326980383675901543e+00
3.868819662760789413e+01,6.414928315244281976e+00
3.870820234352672173e+01,6.529954736422568295e+00
3.872820805944555644e+01,7.194922718575096354e+00
3.874821377536439115e+01,7.996612235536246338e+00
3.876821949128322586e+01,8.447597521632287609e+00
3.878822520720206057e+01,8.729989806593398072e+00
3.880823092312088818e+01,9.120037897461511278e+00
3.882823663903972999e+01,1.017879034878159317e+01
3.884824235495855760e+01,1.180247285995397988e+01
3.886824807087739941e+01,1.217394066557366727e+01
3.888825378679622702e+01,1.417370860837921320e+01
3.890825950271506173e+01,1.494623285075146768e+01
3.892826521863389644e+01,1.716944589056907233e+01
3.894827093455273115e+01,1.761526424702253379e+01
3.896827665047156586e+01,1.932390032583417749e+01
3.898828236639040057e+01,2.120912814177734873e+01
3.900828808230923528e+01,2.319816556954946662e+01
3.902829379822806288e+01,2.483016548670997636e+01
3.904829951414690470e+01,2.699407704356949367e+01
3.906830523006573230e+01,2.895163087343954089e+01
3.908831094598456701e+01,3.201508475569637113e+01
3.910831666190340172e+01,3.358093558048946647e+01
3.912832237782223643e+01,3.574834224133897465e+01
3.914832809374107114e+01,3.898650512123624878e+01
3.916833380965990585e+01,4.105473787148922327e+01
3.918833952557874056e+01,4.337939138430003538e+01
3.920834524149756817e+01,4.507440506128483548e+01
3.922835095741640998e+01,4.734175231564209696e+01
3.924835667333523759e+01,4.905096960911380677e+01
3.926836238925407940e+01,4.996036097121786668e+01
3.928836810517290701e+01,5.017745082513232546e+01
3.930837382109174172e+01,5.122819011556380531e+01
3.932837953701057643e+01,5.130290828880980314e+01
3.934838525292941114e+01,5.093319545595292652e+01
3.936839096884824585e+01,5.134012053973148682e+01
3.938839668476707345e+01,4.937846732282975637e+01
3.940840240068591527e+01,4.732592507925433978e+01
3.942840811660474287e+01,4.607957785556237695e+01
3.944841383252358469e+01,4.367302892733018638e+01
3.946841954844241229e+01,4.130503108568633053e+01
3.948842526436124700e+01,3.746792539936789268e+01
3.950843098028008171e+01,3.467634108814074523e+01
3.952843669619891642e+01,3.147759479329533505e+01
3.954844241211775113e+01,2.807985241720367853e+01
3.956844812803657874e+01,2.550157851575226076e+01
3.958845384395542055e+01,2.272540184419978360e+01
3.960845955987424816e+01,2.005214715606222597e+01
3.962846527579308997e+01,1.744064418341037381e+01
3.964847099171191758e+01,1.484962919493703026e+01
3.966847670763075229e+01,1.361041492825743049e+01
3.968848242354958700e+01,1.186902681823214323e+01
3.970848813946842171e+01,1.107012776911112439e+01
3.972849385538725642e+01,9.382246423967025351e+00
3.974849957130608402e+01,7.843456703201233893e+00
3.976850528722492584e+01,8.047578769633139117e+00
3.978851100314375344e+01,6.042668491997901015e+00
3.980851671906259526e+01,6.049744630555952796e+00
3.982852243498142286e+01,5.760783879943364383e+00
3.984852815090025757e+01,5.917915046572659321e+00
3.986853386681909228e+01,5.198406140596980585e+00
3.988853958273792699e+01,4.909301219739790945e+00
3.990854529865676170e+01,4.728245541135622787e+00
3.992855101457559641e+01,4.502728325391068154e+00
3.994855673049443112e+01,5.160732961370878336e+00
3.996856244641325873e+01,3.758155970037284632e+00
3.998856816233210054e+01,3.950510156256988648e+00
4.000857387825092815e+01,4.711265552204583429e+00
4.002857959416976286e+01,4.808943873033907579e+00
4.004858531008859757e+01,4.145216268326692877e+00
4.006859102600743228e+01,4.472638002393249934e+00
4.008859674192626699e+01,4.753380263222989122e+00
4.010860245784510170e+01,5.021016993243964777e+00
4.012860817376393641e+01,5.325046572733880268e+00
4.014861388968276401e+01,4.534944497698295329e+00
4.016861960560160583e+01,5.328636359255377819e+00
4.018862532152043343e+01,5.511557053038742993e+00
4.020863103743927525e+01,5.194792027050389116e+00
4.022863675335810285e+01,6.002116871630933659e+00
4.024864246927693756e+01,5.772314837816583832e+00
4.026864818519577227e+01,6.169915817635021504e+00
4.028865390111460698e+01,6.700689546893829451e+00
4.030865961703344169e+01,6.632909394275343651e+00
4.032866533295226930e+01,7.601921082616762249e+00
4.034867104887111111e+01,8.024216542838118471e+00
4.036867676478993872e+01,7.479437799069817316e+00
4.038868248070878053e+01,8.128633111357482122e+00
4.040868819662760814e+01,8.519871652358309788e+00
4.042869391254644285e+01,9.251800569635461713e+00
4.044869962846527756e+01,9.270531806612973824e+00
4.046870534438411227e+01,9.281951283932251329e+00
4.048871106030294698e+01,1.009680821209543211e+01
4.050871677622177458e+01,1.025683066484983463e+01
4.052872249214061640e+01,1.027507622401938825e+01
4.054872820805944400e+01,1.016188837007172197e+01
4.056873392397828582e+01,9.834119932520369645e+00
4.058873963989711342e+01,9.337740604862190708e+00
4.060874535581594813e+01,9.482249522146071641e+00
4.062875107173478284e+01,8.972303523772698242e+00
4.064875678765361755e+01,8.450308406856967380e+00
4.066876250357245226e+01,8.502119883945022494e+00
4.068876821949127986e+01,7.028467652907661289e+00
4.070877393541012168e+01,6.349108612077220215e+00
4.072877965132894929e+01,7.587556327371252074e+00
4.074878536724779110e+01,6.678401972863239777e+00
4.076879108316661871e+01,5.526236851830393704e+00
4.078879679908545342e+01,5.303877191809303504e+00
4.080880251500428813e+01,4.355735205151739287e+00
4.082880823092312284e+01,3.920855914600358538e+00
4.084881394684195755e+01,3.882028428551707488e+00
4.086881966276079226e+01,3.190797027279971942e+00
4.088882537867962697e+01,3.818656943368503143e+00
4.090883109459845457e+01,3.279917125897458874e+00
4.092883681051729639e+01,3.219550056496990109e+00
4.094884252643612399e+01,1.944688922957735766e+00
4.096884824235495870e+01,2.074880055840191417e+00
4.098885395827379341e+01,2.960915357637988521e+00
4.100885967419262812e+01,2.919186421688658051e+00
4.102886539011146283e+01,2.625338631711595205e+00
4.104887110603029754e+01,2.296323232116069590e+00
4.106887682194913225e+01,2.778943621100661510e+00
4.108888253786795985e+01,2.758089890580962766e+00
4.110888825378680167e+01,1.758889285892211163e+00
4.112889396970562927e+01,1.499823308807421762e+00
4.114889968562447109e+01,1.865569071389802325e+00
4.116890540154329869e+01,2.324548338240465029e+00
4.118891111746213340e+01,1.646727274497524984e+00
4.120891683338096811e+01,2.563233156665372547e+00
4.122892254929980282e+01,2.209148215015759753e+00
4.124892826521863753e+01,2.569877802052387139e+00
4.126893398113746514e+01,1.986826494107138519e+00
4.128893969705630695e+01,2.145870629362936377e+00
4.130894541297513456e+01,1.900261876039989195e+00
4.132895112889397637e+01,2.141913503705933586e+00
4.134895684481280398e+01,2.039738524889197713e+00
4.136896256073163869e+01,2.084496033625834688e+00
4.138896827665047340e+01,2.517372608147623758e+00
4.140897399256930811e+01,2.806955399692169451e+00
4.142897970848814282e+01,1.728465085468283036e+00
4.144898542440697042e+01,1.910663985430184564e+00
4.146899114032581224e+01,2.554249155790982773e+00
4.148899685624463984e+01,2.005871201180212893e+00
4.150900257216348166e+01,1.992670918385099466e+00
4.152900828808230926e+01,1.362952236681250096e+00
4.154901400400114397e+01,2.320845293203885440e+00
4.156901971991997868e+01,1.991990132606676234e+00
4.158902543583881339e+01,1.778506644185729790e+00
4.160903115175764810e+01,1.904902044129564542e+00
4.162903686767647571e+01,2.023206423618072680e+00
4.164904258359531752e+01,2.400626433959805350e+00
4.166904829951414513e+01,1.749434359021921015e+00
4.168905401543298694e+01,2.573032638865593746e+00
4.170905973135181455e+01,2.590253763694028599e+00
4.172906544727064926e+01,2.836685290208701637e+00
4.174907116318948397e+01,2.025268455206443274e+00
4.176907687910831868e+01,2.516678449722468347e+00
4.178908259502715339e+01,2.542126737647227408e+00
4.180908831094598810e+01,3.085680095752100449e+00
4.182909402686482281e+01,3.270331964981405104e+00
4.184909974278365041e+01,3.007751718526510132e+00
4.186910545870249223e+01,3.802253771255236448e+00
4.188911117462131983e+01,3.783494341389888937e+00
4.190911689054015454e+01,4.476990662163246704e+00
4.192912260645898925e+01,3.484596604418885857e+00
4.194912832237782396e+01,3.751322275829797714e+00
4.196913403829665867e+01,4.869465591274551031e+00
4.198913975421549338e+01,4.901958629912108734e+00
4.200914547013432809e+01,4.929350768311855369e+00
4.202915118605316280e+01,6.406190715712535955e+00
4.204915690197199041e+01,6.920205069009005783e+00
4.206916261789082512e+01,6.769944218580079109e+00
4.208916833380965983e+01,7.301952710213653219e+00
4.210917404972849454e+01,8.496070175698221760e+00
4.212917976564732925e+01,8.012998676654079944e+00
4.214918548156616396e+01,9.037607460883421595e+00
4.216919119748499867e+01,8.579670798807498500e+00
4.218919691340383338e+01,9.604194390043510055e+00
4.220920262932266809e+01,1.042013918999071542e+01
4.222920834524150280e+01,1.103645680171366905e+01
4.224921406116033040e+01,1.136514624842727095e+01
4.226921977707916511e+01,1.186192759039271394e+01
4.228922549299799982e+01,1.272815592169705923e+01
4.230923120891683453e+01,1.240272172795500616e+01
4.232923692483566924e+01,1.285781027381484343e+01
4.234924264075450395e+01,1.196144862740992210e+01
4.236924835667333866e+01,1.236911182313653512e+01
4.238925407259217337e+01,1.162183761144388328e+01
4.240925978851100808e+01,1.162284970941516704e+01
4.242926550442983569e+01,1.147794977873419242e+01
4.244927122034867040e+01,1.097723227071065821e+01
4.246927693626750511e+01,1.072748790139790032e+01
4.248928265218633982e+01,9.452644713351325834e+00
4.250928836810517453e+01,8.766345542841113669e+00
4.252929408402400924e+01,8.725586537125614939e+00
4.254929979994284395e+01,7.807467102506548073e+00
4.256930551586167866e+01,6.878517374755862335e+00
4.258931123178051337e+01,7.431956381724845073e+00
4.260931694769934097e+01,6.072524641699149406e+00
4.262932266361817568e+01,5.911693559331915537e+00
4.264932837953701039e+01,5.603076147804365803e+00
4.266933409545584510e+01,5.537340802624511227e+00
4.268933981137467981e+01,5.522643921549775570e+00
4.270934552729351452e+01,5.462932263548547773e+00
4.272935124321234923e+01,4.982494481331181113e+00
4.274935695913118394e+01,5.310907785397073866e+00
4.276936267505001865e+01,5.945668798251485754e+00
4.278936839096885336e+01,4.329763003116617881e+00
4.280937410688768097e+01,5.050615956262126005e+00
4.282937982280651568e+01,5.667068536859511063e+00
4.284938553872535039e+01,5.287805867138797744e+00
4.286939125464418510e+01,5.874661039192750067e+00
4.288939697056301981e+01,5.011576680770028602e+00
4.290940268648185452e+01,5.213581765227941034e+00
4.292940840240068923e+01,4.855792620941867810e+00
4.294941411831952394e+01,5.885304421198516600e+00
4.296941983423835865e+01,4.869264398509328018e+00
4.298942555015718625e+01,5.559784198757280471e+00
4.300943126607602096e+01,4.619843662555600972e+00
4.302943698199485567e+01,5.207168935211576866e+00
4.304944269791369038e+01,5.313634231559037246e+00
4.306944841383252509e+01,4.762455376085055647e+00
4.308945412975135980e+01,4.814809331258060432e+00
4.310945984567019451e+01,5.174720846755683112e+00
4.312946556158902922e+01,4.570713234926692792e+00
4.314947127750786393e+01,4.223357911939019438e+00
4.316947699342669864e+01,4.037439191177252695e+00
4.318948270934552625e+01,3.516932080632518609e+00
4.320948842526436096e+01,3.919562766164667700e+00
4.322949414118319567e+01,3.307863117624494365e+00
4.324949985710203038e+01,4.150206697298420622e+00
4.326950557302086509e+01,3.176736937351912982e+00
4.328951128893969980e+01,3.018479702262368392e+00
4.330951700485853451e+01,3.097446603749805405e+00
4.332952272077736922e+01,3.082591937854318953e+00
4.334952843669620393e+01,2.796474644489050032e+00
4.336953415261503153e+01,2.383329018553909329e+00
4.338953986853386624e+01,2.562669922818151313e+00
4.340954558445270095e+01,1.924587260190371074e+00
4.342955130037153566e+01,2.571542636798828774e+00
4.344955701629037037e+01,2.782059530650642820e+00
4.346956273220920508e+01,2.334443969962946230e+00
4.348956844812803979e+01,1.880945697989539145e+00
4.350957416404687450e+01,1.887882241891168045e+00
4.352957987996570921e+01,2.293202961564486220e+00
4.354958559588453681e+01,2.099023837054200925e+00
4.356959131180337153e+01,2.389798545942457775e+00
4.358959702772220624e+01,1.828658219152632824e+00
4.360960274364104095e+01,2.175368031934079127e+00
4.362960845955987566e+01,2.469135660654803388e+00
4.364961417547871037e+01,1.358573024316038769e+00
4.366961989139754508e+01,1.982640879248089849e+00
4.368962560731637979e+01,1.689321264304048054e+00
4.370963132323521450e+01,2.439840140219371456e+00
4.372963703915404921e+01,1.359086484686605534e+00
4.374964275507287681e+01,2.439649640868439828e+00
4.376964847099171152e+01,2.101300937549556380e+00
4.378965418691054623e+01,1.895070809193941219e+00
4.380965990282938094e+01,1.806343237950358116e+00
4.382966561874821565e+01,2.080937221154979255e+00
4.384967133466705036e+01,1.442071584809965445e+00
4.386967705058588507e+01,1.705975211032845440e+00
4.388968276650471978e+01,2.448119986320563157e+00
4.390968848242355449e+01,2.141146621295848984e+00
4.392969419834238209e+01,1.452058898826765532e+00
4.394969991426121680e+01,2.272560885409390607e+00
4.396970563018005151e+01,1.446559975311374480e+00
4.398971134609888622e+01,9.710166359578351614e-01
4.400971706201772093e+01,2.435075551905939939e+00
4.402972277793655564e+01,1.513511677778661246e+00
4.404972849385539035e+01,1.778815001739733948e+00
4.406973420977422506e+01,1.749536815318111671e+00
4.408973992569305977e+01,2.028043707991515010e+00
4.410974564161189448e+01,2.094969786141574808e+00
4.412975135753072209e+01,1.896195699426020509e+00
4.414975707344955680e+01,1.651765817489452060e+00
4.416976278936839151e+01,2.346921823395692996e+00
4.418976850528722622e+01,2.597976901459722043e+00
4.420977422120606093e+01,1.548911525905874997e+00
4.422977993712489564e+01,1.947429756232379683e+00
4.424978565304373035e+01,2.595817970997507551e+00
4.426979136896256506e+01,2.525231371999042906e+00
4.428979708488139977e+01,1.564507422048284413e+00
4.430980280080022737e+01,2.603070169674163381e+00
4.432980851671906208e+01,2.298681947118706326e+00
4.434981423263789679e+01,2.272580735985504141e+00
4.436981994855673150e+01,3.030549519284197579e+00
4.438982566447556621e+01,2.689256445205857382e+00
4.440983138039440092e+01,2.506845058429433948e+00
4.442983709631323563e+01,2.508989733026902869e+00
4.444984281223207034e+01,2.964486618011934915e+00
4.446984852815090505e+01,2.985598039324201647e+00
4.448985424406973266e+01,2.022975709565428826e+00
4.450985995998856737e+01,2.492655789302911984e+00
4.452986567590740208e+01,2.155520914433088020e+00
4.454987139182623679e+01,3.278033899625758529e+00
4.456987710774507150e+01,2.684464009707302701e+00
4.458988282366390621e+01,2.962165891355537539e+00
4.460988853958274092e+01,2.078968004695406435e+00
4.462989425550157563e+01,2.895984953314912680e+00
4.464989997142041034e+01,2.404473476350743155e+00
4.466990568733924505e+01,2.135058038528953261e+00
4.468991140325807265e+01,2.871678991452851548e+00
4.470991711917690736e+01,2.299075871318274622e+00
4.472992283509574207e+01,2.838536596916895416e+00
4.474992855101457678e+01,1.980230919363846542e+00
4.476993426693341149e+01,1.165415743712293395e+00
4.478993998285224620e+01,1.333620595023388811e+00
4.480994569877108091e+01,2.688936191955865418e+00
4.482995141468991562e+01,1.432715114399784939e+00
4.484995713060875033e+01,1.538624256718971184e+00
4.486996284652757794e+01,2.586543184498581116e+00
4.488996856244641265e+01,1.998940015697363570e+00
4.490997427836524736e+01,2.301104978604397111e+00
4.492997999428408207e+01,2.536204175378553138e+00
4.494998571020291678e+01,2.382532302985344241e+00
4.496999142612175149e+01,1.997685467971488160e+00
4.498999714204058620e+01,1.699212466348251738e+00
4.501000285795942091e+01,1.928211019469661558e+00
4.503000857387825562e+01,1.800254497807330933e+00
4.505001428979709033e+01,1.644205336610535362e+00
4.507002000571591793e+01,1.077591370484205058e+00
4.509002572163475264e+01,1.755331321242398435e+00
4.511003143755358735e+01,1.743215810608481631e+00
4.513003715347242206e+01,1.951795533638608138e+00
4.515004286939125677e+01,2.089104259313150358e+00
4.517004858531009148e+01,1.237770832040184121e+00
4.519005430122892619e+01,1.934627996071561773e+00
4.521006001714776090e+01,1.017818850702309152e+00
4.523006573306659561e+01,1.961190890644792351e+00
4.525007144898542322e+01,1.035438370315397538e+00
4.527007716490425793e+01,2.335348640427759026e+00
4.529008288082309264e+01,1.411718923072446952e+00
4.531008859674192735e+01,2.378336206957807342e+00
4.533009431266076206e+01,1.308037598853351913e+00
4.535010002857959677e+01,1.453810118035748999e+00
4.537010574449843148e+01,1.026883404462409555e+00
4.539011146041726619e+01,1.873186242069485363e+00
4.541011717633610090e+01,1.898578677606606036e+00
4.543012289225492850e+01,2.727707163979352423e+00
4.545012860817376321e+01,2.414315971077254375e+00
4.547013432409259792e+01,2.222545481509227372e+00
4.549014004001143263e+01,1.738204233336995586e+00
4.551014575593026734e+01,2.283654594249891812e+00
4.553015147184910205e+01,1.730256713922634582e+00
4.555015718776793676e+01,2.616985215692236189e+00
4.557016290368677147e+01,1.911950925857946570e+00
4.559016861960560618e+01,1.465384202860102292e+00
4.561017433552444089e+01,2.010221898798209672e+00
4.563018005144326850e+01,2.361344117848323876e+00
4.565018576736210321e+01,3.185103781067309292e+00
4.567019148328093792e+01,2.322848878968896358e+00
4.569019719919977263e+01,2.605107946159565202e+00
4.571020291511860734e+01,2.419556166491104054e+00
4.573020863103744205e+01,2.308202397320902932e+00
4.575021434695627676e+01,2.654937498923572115e+00
4.577022006287511147e+01,2.853460628228503104e+00
4.579022577879394618e+01,2.582316403973149210e+00
4.581023149471277378e+01,3.587234227481374660e+00
4.583023721063160849e+01,2.610742920168473979e+00
4.585024292655044320e+01,2.616739885736665272e+00
4.587024864246927791e+01,2.445267010206643388e+00
4.589025435838811262e+01,2.236993734222956220e+00
4.591026007430694733e+01,2.615104587862337127e+00
4.593026579022578204e+01,2.906649480103215666e+00
4.595027150614461675e+01,2.391126009798611562e+00
4.597027722206345146e+01,2.822651031188499360e+00
4.599028293798228617e+01,1.827711620697267225e+00
4.601028865390111378e+01,2.593143899145045506e+00
4.603029436981994849e+01,2.143615870654709710e+00
4.605030008573878320e+01,1.694756428034173368e+00
4.607030580165761791e+01,2.818986677930612750e+00
4.609031151757645262e+01,2.304671235711464927e+00
4.611031723349528733e+01,1.488567813656125338e+00
4.613032294941412204e+01,2.121081783942885934e+00
4.615032866533295675e+01,1.792618380413505186e+00
4.617033438125179146e+01,1.990346309900390853e+00
4.619034009717061906e+01,1.427290206859020527e+00
4.621034581308945377e+01,1.584227703228460626e+00
4.623035152900828848e+01,1.517422433910169399e+00
4.625035724492712319e+01,1.607123330995985810e+00
4.627036296084595790e+01,1.957632649974900163e+00
4.629036867676479261e+01,2.491748079311063790e+00
4.631037439268362732e+01,1.072968850751707226e+00
4.633038010860246203e+01,2.070786782677703997e+00
4.635038582452129674e+01,2.146722500467983519e+00
4.637039154044012434e+01,2.101388189754327396e+00
4.639039725635895905e+01,2.407967414946244666e+00
4.641040297227779376e+01,2.827484003502264365e+00
4.643040868819662847e+01,2.185004999570481221e+00
4.645041440411546319e+01,1.673612434225584034e+00
4.647042012003429790e+01,2.445816477821054491e+00
4.649042583595313261e+01,2.263693942678124849e+00
4.651043155187196732e+01,2.629029433335881905e+00
4.653043726779080203e+01,2.221066031146175845e+00
4.655044298370963674e+01,2.564509216596080332e+00
4.657044869962846434e+01,3.191901926048597460e+00
4.659045441554729905e+01,3.069575455624097060e+00
4.661046013146613376e+01,2.681377233318856135e+00
4.663046584738496847e+01,3.358221271939223485e+00
4.665047156330380318e+01,2.830158354744683358e+00
4.667047727922263789e+01,3.134922126937163434e+00
4.669048299514147260e+01,3.572902114307334287e+00
4.671048871106030731e+01,2.982072078057465880e+00
4.673049442697914202e+01,3.209239989921452985e+00
4.675050014289796962e+01,3.507282038002557556e+00
4.677050585881680433e+01,3.392866901226098797e+00
4.679051157473563904e+01,3.955215876718130019e+00
4.681051729065447375e+01,3.626001861193043574e+00
4.683052300657330846e+01,3.776158711896049791e+00
4.685052872249214317e+01,4.852965930242381987e+00
4.687053443841097788e+01,5.405017324073033258e+00
4.689054015432981259e+01,5.355928518726241983e+00
4.691054587024864730e+01,5.272230178557494540e+00
4.693055158616748201e+01,6.168278209255916522e+00
4.695055730208630962e+01,6.283813778087979252e+00
4.697056301800514433e+01,6.041141041283483837e+00
4.699056873392397904e+01,6.716216286628434951e+00
4.701057444984281375e+01,7.045999877728154281e+00
4.703058016576164846e+01,8.100190224869466604e+00
4.705058588168048317e+01,7.992539824785819036e+00
4.707059159759931788e+01,8.665637321650136116e+00
4.709059731351815259e+01,9.020407242720256846e+00
4.711060302943698730e+01,9.386383025581075401e+00
4.713060874535581490e+01,9.505476461229235952e+00
4.715061446127464961e+01,9.682816250655696066e+00
4.717062017719348432e+01,1.110218603470491239e+01
4.719062589311231903e+01,1.101136043539641562e+01
4.721063160903115374e+01,1.098190529993867415e+01
4.723063732494998845e+01,1.048544659709999038e+01
4.725064304086882316e+01,1.186485187150535303e+01
4.727064875678765787e+01,1.206546849860516879e+01
4.729065447270649258e+01,1.253547175469899955e+01
4.731066018862532019e+01,1.154372630360012586e+01
4.733066590454415490e+01,1.219842643006279204e+01
4.735067162046298961e+01,1.191307825592289049e+01
4.737067733638182432e+01,1.129247162748808009e+01
4.739068305230065903e+01,1.160783663763833040e+01
4.741068876821949374e+01,1.125350015901249101e+01
4.743069448413832845e+01,1.035454631087839950e+01
4.745070020005716316e+01,1.054901447412174065e+01
4.747070591597599787e+01,1.056406631790782313e+01
4.749071163189483258e+01,9.397194609952705946e+00
4.751071734781366018e+01,9.438375260847946535e+00
4.753072306373249489e+01,9.004256822761670165e+00
4.755072877965132960e+01,9.417994509254137725e+00
4.757073449557016431e+01,7.831067768581084110e+00
4.759074021148899902e+01,7.708193804779075897e+00
4.761074592740783373e+01,7.688044329202121219e+00
4.763075164332666844e+01,7.664704671193387497e+00
4.765075735924550315e+01,6.683179891311201715e+00
4.767076307516433786e+01,6.338186389466653914e+00
4.769076879108316547e+01,5.847195633892438238e+00
4.771077450700200018e+01,5.849475062102953871e+00
4.773078022292083489e+01,6.160864411434702426e+00
4.775078593883966960e+01,5.212890116991944822e+00
4.777079165475850431e+01,5.185073525382143167e+00
4.779079737067733902e+01,5.299289194217206678e+00
4.781080308659617373e+01,4.590614561680562034e+00
4.783080880251500844e+01,4.309586631391738365e+00
4.785081451843384315e+01,3.759122095542317243e+00
4.787082023435267075e+01,4.776156827889660228e+00
4.789082595027150546e+01,3.359768038583608618e+00
4.791083166619034017e+01,3.219035961313518879e+00
4.793083738210917488e+01,3.556143886811395927e+00
4.795084309802800959e+01,3.578939778218899193e+00
4.797084881394684430e+01,3.801829286571154043e+00
4.799085452986567901e+01,3.142747718191875705e+00
4.801086024578451372e+01,3.418992254101256290e+00
4.803086596170334843e+01,3.349077598749801599e+00
4.805087167762218314e+01,2.487203374136214062e+00
4.807087739354101075e+01,3.226030034353382980e+00
4.809088310945984546e+01,3.814431811534656713e+00
4.811088882537868017e+01,2.796812258151806674e+00
4.813089454129751488e+01,2.445661146254699769e+00
4.815090025721634959e+01,2.869755396643556278e+00
4.817090597313518430e+01,2.648100521167810140e+00
4.819091168905401901e+01,3.248879335882453923e+00
4.821091740497285372e+01,2.380983463990231641e+00
4.823092312089168843e+01,2.229121781917561940e+00
4.825092883681051603e+01,2.888759793027677603e+00
4.827093455272935074e+01,1.896408434573002122e+00
4.829094026864818545e+01,2.757160962739710008e+00
4.831094598456702016e+01,2.137609019028611446e+00
4.833095170048585487e+01,2.383368821700556861e+00
4.835095741640468958e+01,1.976987807696724220e+00
4.837096313232352429e+01,2.235448130984500459e+00
4.839096884824235900e+01,2.133822901334333721e+00
4.841097456416119371e+01,2.407012914565955342e+00
4.843098028008002842e+01,1.970615412266117694e+00
4.845098599599885603e+01,2.268958761808081981e+00
4.847099171191769074e+01,2.542656558518702425e+00
4.849099742783652545e+01,1.967018683751607266e+00
4.851100314375536016e+01,2.223449185567903719e+00
4.853100885967419487e+01,2.392280419445881545e+00
4.855101457559302958e+01,2.450932060616819008e+00
4.857102029151186429e+01,2.784562184959546549e+00
4.859102600743069900e+01,2.335978386967376252e+00
4.861103172334953371e+01,2.605439778423210395e+00
4.863103743926836131e+01,2.174367001588944248e+00
4.865104315518719602e+01,2.413300434478779177e+00
4.867104887110603073e+01,1.986306323674517982e+00
4.869105458702486544e+01,2.215579109458250873e+00
4.871106030294370015e+01,2.289239569768414029e+00
4.873106601886253486e+01,2.533422215522316723e+00
4.875107173478136957e+01,2.856218535468585173e+00
4.877107745070020428e+01,2.907128730264656902e+00
4.879108316661903899e+01,3.183664892757760434e+00
4.881108888253786660e+01,3.060778043028691719e+00
4.883109459845670131e+01,2.712136386653675402e+00
4.885110031437553602e+01,2.433336123200286139e+00
4.887110603029437073e+01,2.580998048126521116e+00
4.889111174621320544e+01,3.495111530433331559e+00
4.891111746213204015e+01,3.560420295918919731e+00
4.893112317805087486e+01,2.842579405043462071e+00
4.895112889396970957e+01,3.643703291069839256e+00
4.897113460988854428e+01,3.359605750006685376e+00
4.899114032580737899e+01,3.385620585606971211e+00
4.901114604172620659e+01,3.493556055549214889e+00
4.903115175764504130e+01,4.642338860104438858e+00
4.905115747356387601e+01,4.223827274780197705e+00
4.907116318948271072e+01,4.508371514843152461e+00
4.909116890540154543e+01,5.767689938732580401e+00
4.911117462132038014e+01,5.496835876964190071e+00
4.913118033723921485e+01,5.478827151193573997e+00
4.915118605315804956e+01,5.752639976667603960e+00
4.917119176907688427e+01,6.374639990331789186e+00
4.919119748499571187e+01,7.314188377007056374e+00
4.921120320091454658e+01,6.449285604481273637e+00
4.923120891683338129e+01,7.761414328047962385e+00
4.925121463275221600e+01,7.669075229346798750e+00
4.927122034867105071e+01,8.650218185440659013e+00
4.929122606458988542e+01,8.803620170936994782e+00
4.931123178050872014e+01,9.823095774085555121e+00
4.933123749642755485e+01,1.010664967127807046e+01
4.935124321234638956e+01,1.021851541734739577e+01
4.937124892826522427e+01,1.054559323230640011e+01
4.939125464418405187e+01,1.122750761953007270e+01
4.941126036010288658e+01,1.100781390685704153e+01
4.943126607602172129e+01,1.198163169500725722e+01
4.945127179194055600e+01,1.091350530158607413e+01
4.947127750785939071e+01,1.270119461508980230e+01
4.949128322377822542e+01,1.229751145749285790e+01
4.951128893969706013e+01,1.246801800543850547e+01
4.953129465561589484e+01,1.301634034428706954e+01
4.955130037153472955e+01,1.220318553968167663e+01
4.957130608745355715e+01,1.238125183694414666e+01
4.959131180337239186e+01,1.265514466148202999e+01
4.961131751929122657e+01,1.162335193806534761e+01
4.963132323521006128e+01,1.192662917499951192e+01
4.965132895112889599e+01,1.091641778554417108e+01
4.967133466704773070e+01,1.011097897923798428e+01
4.969134038296656541e+01,1.004787386463498855e+01
4.971134609888540012e+01,9.342124023057577276e+00
4.973135181480423483e+01,9.688000994882592920e+00
4.975135753072306244e+01,8.294209497782153662e+00
4.977136324664189715e+01,8.185815262302966744e+00
4.979136896256073186e+01,8.539436810753535667e+00
4.981137467847956657e+01,7.624936135797138803e+00
4.983138039439840128e+01,7.193303631254226893e+00
4.985138611031723599e+01,7.423829438933958969e+00
4.987139182623607070e+01,6.810707675204922040e+00
4.989139754215490541e+01,5.896362108369245014e+00
4.991140325807374012e+01,5.552583392764518067e+00
4.993140897399257483e+01,5.985991780833282760e+00
4.995141468991140243e+01,4.964582524582596079e+00
4.997142040583023714e+01,5.116345484187256432e+00
4.999142612174907185e+01,4.550731555567944397e+00
5.001143183766790656e+01,4.287630503626584932e+00
5.003143755358674127e+01,4.260283653963567119e+00
5.005144326950557598e+01,3.878916955210975459e+00
5.007144898542441069e+01,3.075659237562655246e+00
5.009145470134324540e+01,3.412592718425215388e+00
5.011146041726208011e+01,3.130465563640209670e+00
5.013146613318090772e+01,3.013011812192492034e+00
5.015147184909974243e+01,2.693067496620054513e+00
5.017147756501857714e+01,3.154339620719072812e+00
5.019148328093741185e+01,2.943540102727997265e+00
5.021148899685624656e+01,3.315627683963107586e+00
5.023149471277508127e+01,2.596678102546988498e+00
5.025150042869391598e+01,2.641988810585522707e+00
5.027150614461275069e+01,2.482561957325045032e+00
5.029151186053158540e+01,2.275456827431555418e+00
5.031151757645042011e+01,1.912799641255771732e+00
5.033152329236924771e+01,1.823332261928715337e+00
5.035152900828808242e+01,1.891815351902495390e+00
5.037153472420691713e+01,2.853118519828788724e+00
5.039154044012575184e+01,2.414549928342283103e+00
5.041154615604458655e+01,2.280694981711130165e+00
5.043155187196342126e+01,2.556213878822383379e+00
5.045155758788225597e+01,2.410955971543930154e+00
5.047156330380109068e+01,1.280887715534233751e+00
5.049156901971992539e+01,2.222946689766955863e+00
5.051157473563875300e+01,2.832294464660766842e+00
5.053158045155758771e+01,1.715789223605231006e+00
5.055158616747642242e+01,2.265829016602129986e+00
5.057159188339525713e+01,1.519029004630457758e+00
5.059159759931409184e+01,2.403702592294653329e+00
5.061160331523292655e+01,2.135901980114051746e+00
5.063160903115176126e+01,2.468146144131261988e+00
5.065161474707059597e+01,1.961838466605777320e+00
5.067162046298943068e+01,2.128740696896858964e+00
5.069162617890825828e+01,1.537056688329804910e+00
5.071163189482709299e+01,2.598293590702176026e+00
5.073163761074592770e+01,1.680399469919420685e+00
5.075164332666476241e+01,2.260304801705884437e+00
5.077164904258359712e+01,2.287073167240820659e+00
5.079165475850243183e+01,1.842347648305734831e+00
5.081166047442126654e+01,2.472643087219046798e+00
5.083166619034010125e+01,2.527232005812662052e+00
5.085167190625893596e+01,2.804809542738394335e+00
5.087167762217777067e+01,2.155982987735437284e+00
5.089168333809659828e+01,2.808927698447328147e+00
5.091168905401543299e+01,2.228532666960312714e+00
5.093169476993426770e+01,2.923298427351211703e+00
5.095170048585310241e+01,2.526511047641771590e+00
5.097170620177193712e+01,3.221991502572968624e+00
5.099171191769077183e+01,3.058407613769250855e+00
5.101171763360960654e+01,3.225294833644646086e+00
5.103172334952844125e+01,2.384863948708628278e+00
5.105172906544727596e+01,3.751174066085673608e+00
5.107173478136610356e+01,3.150636350300762167e+00
5.109174049728493827e+01,3.013440954751878564e+00
5.111174621320377298e+01,3.464740677254103840e+00
5.113175192912260769e+01,3.292354426254577859e+00
5.115175764504144240e+01,2.851394886728313427e+00
5.117176336096027711e+01,3.483974124665020877e+00
5.119176907687911182e+01,3.493162272950011804e+00
5.121177479279794653e+01,2.741816047953053115e+00
5.123178050871678124e+01,4.093068317373816711e+00
5.125178622463561595e+01,3.237701072208093667e+00
5.127179194055444356e+01,2.927021016582314950e+00
5.129179765647327827e+01,3.588703161326027846e+00
5.131180337239211298e+01,3.559577978700481538e+00
5.133180908831094769e+01,2.901708879546455844e+00
5.135181480422978240e+01,2.981572515791559574e+00
5.137182052014861711e+01,3.436526047081922997e+00
5.139182623606745182e+01,3.634134938225415112e+00
5.141183195198628653e+01,3.328723190194119663e+00
5.143183766790512124e+01,3.480572364510202021e+00
5.145184338382394884e+01,3.216940613515445690e+00
5.147184909974278355e+01,3.031770911957339276e+00
5.149185481566161826e+01,3.342292186534597143e+00
5.151186053158045297e+01,3.540865975155821133e+00
5.153186624749928768e+01,2.372047651850334393e+00
5.155187196341812239e+01,3.180418463744054236e+00
5.157187767933695710e+01,2.132654261197051593e+00
5.159188339525579181e+01,3.000495108817948342e+00
5.161188911117462652e+01,2.991024890275532755e+00
5.163189482709345413e+01,3.320442240104113374e+00
5.165190054301228884e+01,2.480952298721351923e+00
5.167190625893112355e+01,2.380643180991412144e+00
5.169191197484995826e+01,2.468696034347525270e+00
5.171191769076879297e+01,2.640345181805883179e+00
5.173192340668762768e+01,1.388993477638902796e+00
5.175192912260646239e+01,1.657430631022215772e+00
5.177193483852529710e+01,1.566099454804337876e+00
5.179194055444413181e+01,1.121896486426305239e+00
5.181194627036296652e+01,2.339794440047205271e+00
5.183195198628179412e+01,1.908443861588144941e+00
5.185195770220062883e+01,1.762201480762572769e+00
5.187196341811946354e+01,1.394765724468530532e+00
5.189196913403829825e+01,1.557094273726986167e+00
5.191197484995713296e+01,1.252144561634501496e+00
5.193198056587596767e+01,7.755198791960077331e-01
5.195198628179480238e+01,1.795571601850433296e+00
5.197199199771363709e+01,1.304876729838144289e+00
5.199199771363247180e+01,1.533636337853175879e+00
5.201200342955129940e+01,1.604712435290982064e+00
5.203200914547013411e+01,1.478773451090544366e+00
5.205201486138896882e+01,1.715013439173880272e+00
5.207202057730780353e+01,1.368288323107926807e+00
5.209202629322663824e+01,1.836557859462226494e+00
5.211203200914547295e+01,8.605724947144004489e-01
5.213203772506430766e+01,7.292448216916034287e-01
5.215204344098314237e+01,1.403353438472145776e+00
5.217204915690197708e+01,1.472588837449058774e+00
5.219205487282081180e+01,7.985119329482985862e-01
5.221206058873963940e+01,1.453978929893485539e+00
5.223206630465847411e+01,1.082870229466343037e+00
5.225207202057730882e+01,2.369615525233029985e+00
5.227207773649614353e+01,1.812925368442907192e+00
5.229208345241497824e+01,1.154112981939188654e+00
5.231208916833381295e+01,1.055344791386284342e+00
5.233209488425264766e+01,2.166905787837288155e+00
5.235210060017148237e+01,1.401455180209955298e+00
5.237210631609031708e+01,9.593692457986002786e-01
5.239211203200914468e+01,7.783091472012714229e-01
5.241211774792797939e+01,1.755615907308154533e+00
5.243212346384681410e+01,1.079073342846411210e+00
5.245212917976564881e+01,1.477216834588556349e+00
5.247213489568448352e+01,8.589350111124732789e-01
5.249214061160331823e+01,1.420938989418574661e+00
5.251214632752215294e+01,1.214315224890697875e+00
5.253215204344098765e+01,1.698424030841630739e+00
5.255215775935982236e+01,1.858195434849588823e+00
5.257216347527864997e+01,8.057484866367976561e-01
5.259216919119748468e+01,8.191104468185690379e-01
5.261217490711631939e+01,1.781212621666735885e+00
5.263218062303515410e+01,8.868269571820170949e-01
5.265218633895398881e+01,2.281817698790003845e+00
5.267219205487282352e+01,1.418938313607219337e+00
5.269219777079165823e+01,1.688858424361264543e+00
5.271220348671049294e+01,1.948014602162052356e+00
5.273220920262932765e+01,2.275043745551204033e+00
5.275221491854816236e+01,1.692636212730123768e+00
5.277222063446698996e+01,1.954398632501640254e+00
5.279222635038582467e+01,2.067445030752669943e+00
5.281223206630465938e+01,1.472680504384976219e+00
5.283223778222349409e+01,1.247141237334035146e+00
5.285224349814232880e+01,1.615190606868743384e+00
5.287224921406116351e+01,1.756367610647223021e+00
5.289225492997999822e+01,1.580501357958045361e+00
5.291226064589883293e+01,1.349119073678126890e+00
5.293226636181766764e+01,1.632760131377317903e+00
5.295227207773649525e+01,1.498918777746770292e+00
5.297227779365532996e+01,1.717559055184885164e+00
5.299228350957416467e+01,2.003415920122110006e+00
5.301228922549299938e+01,1.602145801617830045e+00
5.303229494141183409e+01,1.644176454060996662e+00
5.305230065733066880e+01,1.924597829966059326e+00
5.307230637324950351e+01,1.282874663054859532e+00
5.309231208916833822e+01,1.724735929815673696e+00
5.311231780508717293e+01,2.057853082943609468e+00
5.313232352100600764e+01,1.213671591296690888e+00
5.315232923692483524e+01,1.327971192704585857e+00
5.317233495284366995e+01,2.279516390947474491e+00
5.319234066876250466e+01,1.741206250608533068e+00
5.321234638468133937e+01,2.151470089803976471e+00
5.323235210060017408e+01,2.397765084602163643e+00
5.325235781651900879e+01,2.137372479976836548e+00
5.327236353243784350e+01,2.359278904167545932e+00
5.329236924835667821e+01,2.272036560820534845e+00
5.331237496427551292e+01,2.604432133756351853e+00
5.333238068019434053e+01,1.829654847149736252e+00
5.335238639611317524e+01,2.917929931410244926e+00
5.337239211203200995e+01,2.861266230841150282e+00
5.339239782795084466e+01,3.337418371310674203e+00
5.341240354386967937e+01,3.385817449442429794e+00
5.343240925978851408e+01,4.044958003939798097e+00
5.345241497570734879e+01,3.639443565831772531e+00
5.347242069162618350e+01,4.819746895500587769e+00
5.349242640754501821e+01,4.154661131737771740e+00
5.351243212346384581e+01,5.030024130338794031e+00
5.353243783938268052e+01,5.429620512631307072e+00
5.355244355530151523e+01,6.067271727999273168e+00
5.357244927122034994e+01,6.121530293176469684e+00
5.359245498713918465e+01,6.937843504737005063e+00
5.361246070305801936e+01,7.268459027852204990e+00
5.363246641897685407e+01,7.822272766678903366e+00
5.365247213489568878e+01,7.367400755432178094e+00
5.367247785081452349e+01,7.996247418380010075e+00
5.369248356673335820e+01,8.267546579892428582e+00
5.371248928265218581e+01,8.751502814247496431e+00
5.373249499857102052e+01,9.116807582648389641e+00
5.375250071448985523e+01,8.262027272394178112e+00
5.377250643040868994e+01,9.243475773600277279e+00
5.379251214632752465e+01,9.549594302897897791e+00
5.381251786224635936e+01,7.809066487285957869e+00
5.383252357816519407e+01,8.260516159370851597e+00
5.385252929408402878e+01,8.099149902779124943e+00
5.387253501000286349e+01,7.128535102114581967e+00
5.389254072592169109e+01,8.240562574256435013e+00
5.391254644184052580e+01,6.631270960835129458e+00
5.393255215775936051e+01,7.006926331668450914e+00
5.395255787367819522e+01,6.298634610964306546e+00
5.397256358959702993e+01,7.062208844660656126e+00
5.399256930551586464e+01,6.399202640553013133e+00
5.401257502143469935e+01,6.060924014101317425e+00
5.403258073735353406e+01,6.399937369976433033e+00
5.405258645327236877e+01,5.669146287377474280e+00
5.407259216919120348e+01,5.237320310824848946e+00
5.409259788511003109e+01,5.738290059328608805e+00
5.411260360102886580e+01,5.312069270738778215e+00
5.413260931694770051e+01,5.339763926640441305e+00
5.415261503286653522e+01,4.323940074771156716e+00
5.417262074878536993e+01,4.670991913719594990e+00
5.419262646470420464e+01,4.210894318833778627e+00
5.421263218062303935e+01,4.281047582867015144e+00
5.423263789654187406e+01,4.903878356280067408e+00
5.425264361246070877e+01,4.104117825628573080e+00
5.427264932837953637e+01,3.492629638767269284e+00
5.429265504429837108e+01,3.891814627814081717e+00
5.431266076021720579e+01,4.368280483830266903e+00
5.433266647613604050e+01,3.497648659702713658e+00
5.435267219205487521e+01,3.823779768862642925e+00
5.437267790797370992e+01,3.044266718325984833e+00
5.439268362389254463e+01,3.756044444027385687e+00
5.441268933981137934e+01,3.808143537608762674e+00
5.443269505573021405e+01,3.666049827284996177e+00
5.445270077164904166e+01,3.614479564135072209e+00
5.447270648756787637e+01,3.565154197946812875e+00
5.449271220348671108e+01,3.610152604035155921e+00
5.451271791940554579e+01,3.377221990614546421e+00
5.453272363532438050e+01,3.707358579267687304e+00
5.455272935124321521e+01,3.694245283975036820e+00
5.457273506716204992e+01,3.345612720717916488e+00
5.459274078308088463e+01,3.926597064007511850e+00
5.461274649899971934e+01,2.883655644278439567e+00
5.463275221491855405e+01,3.181481096303841571e+00
5.465275793083738165e+01,3.609496208056439226e+00
5.467276364675621636e+01,4.332309921264092090e+00
5.469276936267505107e+01,3.467751053984532206e+00
5.471277507859388578e+01,4.255514702268802019e+00
5.473278079451272049e+01,4.780542063079741055e+00
5.475278651043155520e+01,4.612769052211533882e+00
5.477279222635038991e+01,5.470095199101197458e+00
5.479279794226922462e+01,4.570583717178884342e+00
5.481280365818805933e+01,5.019790044225039161e+00
5.483280937410688693e+01,4.555994640411928032e+00
5.485281509002572164e+01,5.706991448759406893e+00
5.487282080594455635e+01,5.736764630510920782e+00
5.489282652186339106e+01,5.681703436980085620e+00
5.491283223778222577e+01,6.581416416506666422e+00
5.493283795370106048e+01,6.310636401871336787e+00
5.495284366961989519e+01,5.918267360253539167e+00
5.497284938553872990e+01,6.754108801769551640e+00
5.499285510145756461e+01,7.194823603787296129e+00
5.501286081737639222e+01,7.135153669906793006e+00
5.503286653329522693e+01,6.947743063989739731e+00
5.505287224921406164e+01,7.233058138011863036e+00
5.507287796513289635e+01,7.401152664702811634e+00
5.509288368105173106e+01,7.754841158385771926e+00
5.511288939697056577e+01,8.405717176652302669e+00
5.513289511288940048e+01,8.265586054931304716e+00
5.515290082880823519e+01,8.287162776047674484e+00
5.517290654472706990e+01,8.586219983622969565e+00
5.519291226064590461e+01,8.301589997154213307e+00
5.521291797656473221e+01,8.434267901604577844e+00
5.523292369248356692e+01,9.808715858232330831e+00
5.525292940840240163e+01,9.009646629115875882e+00
5.527293512432123634e+01,9.425402787887597000e+00
5.529294084024007105e+01,9.699748601926168945e+00
5.531294655615890576e+01,9.479288715868669613e+00
5.533295227207774047e+01,1.077729710542689467e+01
5.535295798799657518e+01,9.999306515760258307e+00
5.537296370391540989e+01,1.052179399127225423e+01
5.539296941983423750e+01,1.005892263890810412e+01
5.541297513575307221e+01,9.883991073971694519e+00
5.543298085167190692e+01,1.012701264150492442e+01
5.545298656759074163e+01,1.011947327041104039e+01
5.547299228350957634e+01,9.774429885263081985e+00
5.549299799942841105e+01,1.040808552090193650e+01
5.551300371534724576e+01,9.790624044863530884e+00
5.553300943126608047e+01,9.429805502368715509e+00
5.555301514718491518e+01,9.121438719428111241e+00
5.557302086310374989e+01,8.429924536095025900e+00
5.559302657902257749e+01,8.533274416749877744e+00
5.561303229494141220e+01,8.686889674530032579e+00
5.563303801086024691e+01,7.432780842639150620e+00
5.565304372677908162e+01,7.094919269309754029e+00
5.567304944269791633e+01,7.005416982577147067e+00
5.569305515861675104e+01,6.552441594381363643e+00
5.571306087453558575e+01,6.512755880706348144e+00
5.573306659045442046e+01,5.545188646641586949e+00
5.575307230637325517e+01,5.569390349106552840e+00
5.577307802229208278e+01,5.085361558059499743e+00
5.579308373821091749e+01,4.592367270935513446e+00
5.581308945412975220e+01,4.855328979385260091e+00
5.583309517004858691e+01,4.111047063132161838e+00
5.585310088596742162e+01,4.618016684224875767e+00
5.587310660188625633e+01,3.889897147154096846e+00
5.589311231780509104e+01,4.106796110130264132e+00
5.591311803372392575e+01,4.193797272733350567e+00
5.593312374964276046e+01,3.751452972649823803e+00
5.595312946556158806e+01,3.405389308752270416e+00
5.597313518148042277e+01,3.774308307885492209e+00
5.599314089739925748e+01,4.134402484325988780e+00
5.601314661331809219e+01,3.506732003096927563e+00
5.603315232923692690e+01,3.542860499734254986e+00
5.605315804515576161e+01,3.912455159728670750e+00
5.607316376107459632e+01,3.372816730868482438e+00
5.609316947699343103e+01,3.472806291457269268e+00
5.611317519291226574e+01,3.114062967784860803e+00
5.613318090883110045e+01,2.929247711080891214e+00
5.615318662474992806e+01,4.051048678169912876e+00
5.617319234066876277e+01,3.131452172030282810e+00
5.619319805658759748e+01,3.256899557953060409e+00
5.621320377250643219e+01,3.343361356645478288e+00
5.623320948842526690e+01,3.585291070605875152e+00
5.625321520434410161e+01,3.366557065417448591e+00
5.627322092026293632e+01,3.791771206794595450e+00
5.629322663618177103e+01,3.479493551515386862e+00
5.631323235210060574e+01,4.113886514524057958e+00
5.633323806801943334e+01,4.313068741538679696e+00
5.635324378393826805e+01,4.426891561070190662e+00
5.637324949985710276e+01,4.063821973250396624e+00
5.639325521577593747e+01,5.199756350774183744e+00
5.641326093169477218e+01,5.438022896756053548e+00
5.643326664761360689e+01,4.693639826784575142e+00
5.645327236353244160e+01,4.967416920639505129e+00
5.647327807945127631e+01,5.699187171042748190e+00
5.649328379537011102e+01,6.333065942822996952e+00
5.651328951128894573e+01,6.890918843560727147e+00
5.653329522720777334e+01,6.281227044283383520e+00
5.655330094312660805e+01,7.334379084748642086e+00
5.657330665904544276e+01,7.473378173099562538e+00
5.659331237496427747e+01,8.221542589927137712e+00
5.661331809088311218e+01,8.405677001282406025e+00
5.663332380680194689e+01,8.949918102367830031e+00
5.665332952272078160e+01,9.388896728253177670e+00
5.667333523863961631e+01,9.587927981797715660e+00
5.669334095455845102e+01,9.164135221647905283e+00
5.671334667047727862e+01,9.849714848503593245e+00
5.673335238639611333e+01,9.942754227224321895e+00
5.675335810231494804e+01,1.098238322569891956e+01
5.677336381823378275e+01,1.121213733998308193e+01
5.679336953415261746e+01,1.186029060650915845e+01
5.681337525007145217e+01,1.109219754276637104e+01
5.683338096599028688e+01,1.116356746195990546e+01
5.685338668190912159e+01,1.203328887822953419e+01
5.687339239782795630e+01,1.072022160861552997e+01
5.689339811374678391e+01,1.050437501789889438e+01
5.691340382966561862e+01,9.961540985664768755e+00
5.693340954558445333e+01,1.051980079086721354e+01
5.695341526150328804e+01,9.942529403884027062e+00
5.697342097742212275e+01,9.748164300545036909e+00
5.699342669334095746e+01,1.004940172468445958e+01
5.701343240925979217e+01,9.056397612002131225e+00
5.703343812517862688e+01,8.183021795855074387e+00
5.705344384109746159e+01,7.689429288453044187e+00
5.707344955701629630e+01,8.294702145010774075e+00
5.709345527293512390e+01,7.320072927284244635e+00
5.711346098885395861e+01,7.683489978577831891e+00
5.713346670477279332e+01,5.753498486061609185e+00
5.715347242069162803e+01,6.545335993922981821e+00
5.717347813661046274e+01,5.368277971184166830e+00
5.719348385252929745e+01,6.086289942353579008e+00
5.721348956844813216e+01,5.552665979819029651e+00
5.723349528436696687e+01,5.360131369695406711e+00
5.725350100028580158e+01,5.436561696387426146e+00
5.727350671620462919e+01,3.789491284041121233e+00
5.729351243212346390e+01,4.363338941005293847e+00
5.731351814804229861e+01,4.131900618678069570e+00
5.733352386396113332e+01,3.826269125297909746e+00
5.735352957987996803e+01,3.298699090281779434e+00
5.737353529579880274e+01,4.101514507402742815e+00
5.739354101171763745e+01,3.449544276735402981e+00
5.741354672763647216e+01,2.945363352668560530e+00
5.743355244355530687e+01,2.730078561847401719e+00
5.745355815947414158e+01,2.400146834449605304e+00
5.747356387539296918e+01,2.321266077549645424e+00
5.749356959131180389e+01,3.042746155439882916e+00
5.751357530723063860e+01,2.164268712524794580e+00
5.753358102314947331e+01,2.198354308662480605e+00
5.755358673906830802e+01,2.071987148388990896e+00
5.757359245498714273e+01,2.332999726699872767e+00
5.759359817090597744e+01,1.737529858820085815e+00
5.761360388682481215e+01,2.112393937872427241e+00
5.763360960274364686e+01,2.266125851365960120e+00
5.765361531866247446e+01,2.272215551962756930e+00
5.767362103458130917e+01,2.667658274154881770e+00
5.769362675050014388e+01,2.166601080421392211e+00
5.771363246641897859e+01,2.272138817229247820e+00
5.773363818233781330e+01,2.501295806807292799e+00
5.775364389825664801e+01,2.770519997433966708e+00
5.777364961417548272e+01,2.967152490528155884e+00
5.779365533009431743e+01,2.406657149426753239e+00
5.781366104601315214e+01,2.977785825065056180e+00
5.783366676193197975e+01,2.732858419479658352e+00
5.785367247785081446e+01,2.087197821450610391e+00
5.787367819376964917e+01,2.883690368822410033e+00
5.789368390968848388e+01,2.782971615608732296e+00
5.791368962560731859e+01,2.864030356420990131e+00
5.793369534152615330e+01,2.770319922082707276e+00
5.795370105744498801e+01,3.885529610433755554e+00
5.797370677336382272e+01,3.988073155913799628e+00
5.799371248928265743e+01,3.740210506581878924e+00
5.801371820520149214e+01,4.659478666808494651e+00
5.803372392112031974e+01,4.964802880156069520e+00
5.805372963703915445e+01,4.390581148337462380e+00
5.807373535295798916e+01,4.810973298703093093e+00
5.809374106887682387e+01,5.133366585376095692e+00
5.811374678479565858e+01,4.871867722424806146e+00
5.813375250071449329e+01,4.850553278712977701e+00
5.815375821663332800e+01,5.101459909262301196e+00
5.817376393255216271e+01,5.545112653578863515e+00
5.819376964847099742e+01,5.597894443694647393e+00
5.821377536438982503e+01,6.261147413815412399e+00
5.823378108030865974e+01,5.477616775960145290e+00
5.825378679622749445e+01,5.453254127125392259e+00
5.827379251214632916e+01,4.758405012451306426e+00
5.829379822806516387e+01,5.403500537849428298e+00
5.831380394398399858e+01,4.090466197648400914e+00
5.833380965990283329e+01,4.719891574879420126e+00
5.835381537582166800e+01,3.353300792567146082e+00
5.837382109174050271e+01,4.675429064403928692e+00
5.839382680765933742e+01,3.599591964961759594e+00
5.841383252357816502e+01,3.275847230958152778e+00
5.843383823949699973e+01,2.788775702627250830e+00
5.845384395541583444e+01,3.240852589389945138e+00
5.847384967133466915e+01,3.271358531065466924e+00
5.849385538725350386e+01,2.941530859797933939e+00
5.851386110317233857e+01,1.895826568226849140e+00
5.853386681909117328e+01,2.115726945757010924e+00
5.855387253501000799e+01,3.184465441360562199e+00
5.857387825092884270e+01,2.320464086335206844e+00
5.859388396684767031e+01,2.738667076319956983e+00
5.861388968276650502e+01,2.455702734967589063e+00
5.863389539868533973e+01,2.385235069921818329e+00
5.865390111460417444e+01,3.239335455396209262e+00
5.867390683052300915e+01,2.641286109680222260e+00
5.869391254644184386e+01,1.877454041395983486e+00
5.871391826236067857e+01,1.900391620438733664e+00
5.873392397827951328e+01,2.239281568786461563e+00
5.875392969419834799e+01,2.803666210713223528e+00
5.877393541011717559e+01,2.792088885919934427e+00
5.879394112603601030e+01,2.683961004948119733e+00
5.881394684195484501e+01,2.458641276146403598e+00
5.883395255787367972e+01,2.989990583008389269e+00
5.885395827379251443e+01,3.797230567240510002e+00
5.887396398971134914e+01,2.899204570371091805e+00
5.889396970563018385e+01,3.296063811485335115e+00
5.891397542154901856e+01,4.040866811455755325e+00
5.893398113746785327e+01,3.251164906008500388e+00
5.895398685338668798e+01,4.411576250395031984e+00
5.897399256930551559e+01,3.858800037617685419e+00
5.899399828522435030e+01,4.894483844130267158e+00
5.901400400114318501e+01,4.515612286906395489e+00
5.903400971706201972e+01,4.627655732963662061e+00
5.905401543298085443e+01,4.937592817377251642e+00
5.907402114889968914e+01,4.309833571091042259e+00
5.909402686481852385e+01,5.339003727308467617e+00
5.911403258073735856e+01,5.466176024661742794e+00
5.913403829665619327e+01,5.236637243245385598e+00
5.915404401257502087e+01,5.307366488369940072e+00
5.917404972849385558e+01,5.572142307732249833e+00
5.919405544441269029e+01,5.841568919162129170e+00
5.921406116033152500e+01,5.142126222218896814e+00
5.923406687625035971e+01,5.481127677278647248e+00
5.925407259216919442e+01,6.132872601740472440e+00
5.927407830808802913e+01,6.396949071624518091e+00
5.929408402400686384e+01,5.924467897273864914e+00
5.931408973992569855e+01,5.715633166140000831e+00
5.933409545584453326e+01,5.492174163445562307e+00
5.935410117176336087e+01,5.953267941630220328e+00
5.937410688768219558e+01,5.803094295832406324e+00
5.939411260360103029e+01,4.966211815395488394e+00
5.941411831951986500e+01,5.331997123810160666e+00
5.943412403543869971e+01,4.966420601072142560e+00
5.945412975135753442e+01,4.461380877005798773e+00
5.947413546727636913e+01,4.604246373085183919e+00
5.949414118319520384e+01,4.147208373838260798e+00
5.951414689911403855e+01,5.611062951634957940e+00
5.953415261503286615e+01,4.631446710228665609e+00
5.955415833095170086e+01,4.208923606345286395e+00
5.957416404687053557e+01,4.590756380108715007e+00
5.959416976278937028e+01,5.089765096272441447e+00
5.961417547870820499e+01,5.660495790987214448e+00
5.963418119462703970e+01,5.225342600887083577e+00
5.965418691054587441e+01,4.430033828003598018e+00
5.967419262646470912e+01,5.302092032681649414e+00
5.969419834238354383e+01,5.503153400272493556e+00
5.971420405830237144e+01,5.982759416671640906e+00
5.973420977422120615e+01,6.437330953550127077e+00
5.975421549014004086e+01,6.702808768140059215e+00
5.977422120605887557e+01,6.796268067340577979e+00
5.979422692197771028e+01,7.680018862445227690e+00
5.981423263789654499e+01,8.520875819111536131e+00
5.983423835381537970e+01,9.243683781686149459e+00
5.985424406973421441e+01,9.125777856530270071e+00
5.987424978565304912e+01,1.007667678863988847e+01
5.989425550157188383e+01,1.096401306782171758e+01
5.991426121749071143e+01,1.147655100887966029e+01
5.993426693340954614e+01,1.261160407772929304e+01
5.995427264932838085e+01,1.263577256091075718e+01
5.997427836524721556e+01,1.286697701347957334e+01
5.999428408116605027e+01,1.318908780214513676e+01
6.001428979708488498e+01,1.368057927770255944e+01
6.003429551300371969e+01,1.304474811480655916e+01
6.005430122892255440e+01,1.362244822771496544e+01
6.007430694484138911e+01,1.382891270601618494e+01
6.009431266076021672e+01,1.356467834475409795e+01
6.011431837667905143e+01,1.306976742894751631e+01
6.013432409259788614e+01,1.249714392330175272e+01
6.015432980851672085e+01,1.211915717968107309e+01
6.017433552443555556e+01,1.306614248147853274e+01
6.019434124035439027e+01,1.211894302094513876e+01
6.021434695627322498e+01,1.179643517332263158e+01
6.023435267219205969e+01,1.072046810683767859e+01
6.025435838811089440e+01,1.050455309854653940e+01
6.027436410402972911e+01,9.414736538659077780e+00
6.029436981994855671e+01,9.787416164953434361e+00
6.031437553586739142e+01,9.241931769603388247e+00
6.033438125178622613e+01,8.472915772320407157e+00
6.035438696770506084e+01,8.321156048807988981e+00
6.037439268362389555e+01,7.258672639207663480e+00
6.039439839954273026e+01,6.959469097172710228e+00
6.041440411546156497e+01,6.361951655070901879e+00
6.043440983138039968e+01,4.624920300835228204e+00
6.045441554729923439e+01,5.759098103254305379e+00
6.047442126321806199e+01,5.025612386115042796e+00
6.049442697913689670e+01,4.065417167385635189e+00
6.051443269505573141e+01,3.299281106848530154e+00
6.053443841097456612e+01,3.126613866726245750e+00
6.055444412689340083e+01,3.026465220119267663e+00
6.057444984281223554e+01,3.562744817127147190e+00
6.059445555873107025e+01,2.937875581176968343e+00
6.061446127464990496e+01,2.465464646549097694e+00
6.063446699056873967e+01,1.951552072660410975e+00
6.065447270648756728e+01,3.166711421765431744e+00
6.067447842240640199e+01,2.287802306269438368e+00
6.069448413832523670e+01,1.812927400502752917e+00
6.071448985424407141e+01,2.969272099105638940e+00
6.073449557016290612e+01,2.231013672444859708e+00
6.075450128608174083e+01,2.057585896229697120e+00
6.077450700200057554e+01,1.723305441745345057e+00
6.079451271791941025e+01,2.157930337715739277e+00
6.081451843383824496e+01,2.986166712021308012e+00
6.083452414975707967e+01,2.471636848970543809e+00
6.085452986567590727e+01,2.292211195158613268e+00
6.087453558159474198e+01,2.650842187680412021e+00
6.089454129751357669e+01,3.192554313759674134e+00
6.091454701343241140e+01,2.109743635129860184e+00
6.093455272935124611e+01,2.302739800717747976e+00
6.095455844527008082e+01,1.721678226720193106e+00
6.097456416118891553e+01,2.010593043902443533e+00
6.099456987710775024e+01,2.097949869094237307e+00
6.101457559302658495e+01,2.815498889615059674e+00
6.103458130894541256e+01,2.068881138320493029e+00
6.105458702486424727e+01,2.578034246243738004e+00
6.107459274078308198e+01,2.179610134749354167e+00
6.109459845670191669e+01,2.479057620016584806e+00
6.111460417262075140e+01,2.289166798901935973e+00
6.113460988853958611e+01,2.803489655050087404e+00
6.115461560445842082e+01,2.925505491962063331e+00
6.117462132037725553e+01,2.415290923161336867e+00
6.119462703629609024e+01,2.346429451222040719e+00
6.121463275221492495e+01,3.182391250826868578e+00
6.123463846813375255e+01,3.810378223299927480e+00
6.125464418405258726e+01,2.961387365734804433e+00
6.127464989997142197e+01,2.770553776401157631e+00
6.129465561589025668e+01,3.488627504808293534e+00
6.131466133180909139e+01,4.009616954332561711e+00
6.133466704772792610e+01,4.073725513914067342e+00
6.135467276364676081e+01,3.561408518510435606e+00
6.137467847956559552e+01,3.320095947812656156e+00
6.139468419548443023e+01,4.022415619716454671e+00
6.141468991140325784e+01,3.923420692106253771e+00
6.143469562732209255e+01,4.394852967142077738e+00
6.145470134324092726e+01,4.247476640975619055e+00
6.147470705915976197e+01,3.966754354214816480e+00
6.149471277507859668e+01,4.956170720866635904e+00
6.151471849099743139e+01,5.046727208272026921e+00
6.153472420691626610e+01,5.172214711532306275e+00
6.155472992283510081e+01,5.030366765805537099e+00
6.157473563875393552e+01,5.838125990854498681e+00
6.159474135467276312e+01,5.709039623013332232e+00
6.161474707059159783e+01,6.887436894377342078e+00
6.163475278651043254e+01,7.732736909841364081e+00
6.165475850242926725e+01,7.087949534366479121e+00
6.167476421834810196e+01,8.588190344574966772e+00
6.169476993426693667e+01,8.464657687840384526e+00
6.171477565018577138e+01,9.603408696371623421e+00
6.173478136610460609e+01,9.299614711788699140e+00
6.175478708202344080e+01,1.055822501376208145e+01
6.177479279794227551e+01,1.071452243317551378e+01
6.179479851386110312e+01,1.086440012389317467e+01
6.181480422977993783e+01,1.162888620309258592e+01
6.183480994569877254e+01,1.163861491512408897e+01
6.185481566161760725e+01,1.284372624558704068e+01
6.187482137753644196e+01,1.236857782806629835e+01
6.189482709345527667e+01,1.248120560402216128e+01
6.191483280937411138e+01,1.254658589728653517e+01
6.193483852529294609e+01,1.297424097270449472e+01
6.195484424121178080e+01,1.244340977209710175e+01
6.197484995713060840e+01,1.320847153181062872e+01
6.199485567304944311e+01,1.198885512950746346e+01
6.201486138896827782e+01,1.224051611121152305e+01
6.203486710488711253e+01,1.309352110039373329e+01
6.205487282080594724e+01,1.171925957615975378e+01
6.207487853672478195e+01,1.161514454826384579e+01
6.209488425264361666e+01,1.194101780187955342e+01
6.211488996856245137e+01,1.143441368227095367e+01
6.213489568448128608e+01,9.707969226504065574e+00
6.215490140040011369e+01,1.009135466436874040e+01
6.217490711631894840e+01,9.257675249988261967e+00
6.219491283223778311e+01,8.908311161900984487e+00
6.221491854815661782e+01,8.354174475388861154e+00
6.223492426407545253e+01,8.383118970028306194e+00
6.225492997999428724e+01,7.636387389248957547e+00
6.227493569591312195e+01,6.859311402075453756e+00
6.229494141183195666e+01,6.746673136730271025e+00
6.231494712775079137e+01,6.045544165493337729e+00
6.233495284366962608e+01,6.579496991559222074e+00
6.235495855958845368e+01,6.279105516187069469e+00
6.237496427550728839e+01,5.853394087686735858e+00
6.239496999142612310e+01,5.148076340739218715e+00
6.241497570734495781e+01,4.872125634046329701e+00
6.243498142326379252e+01,5.127611778206789594e+00
6.245498713918262723e+01,4.674694585502658484e+00
6.247499285510146194e+01,4.432371170756320922e+00
6.249499857102029665e+01,4.453557160380900548e+00
6.251500428693913136e+01,4.120137145989080985e+00
6.253501000285795897e+01,4.155027270202765521e+00
6.255501571877679368e+01,3.807504073519872190e+00
6.257502143469562839e+01,3.175337527117784386e+00
6.259502715061446310e+01,2.731109976812784890e+00
6.261503286653329781e+01,3.214010538664548555e+00
6.263503858245213252e+01,2.917058446226202584e+00
6.265504429837096723e+01,2.664179208485373263e+00
6.267505001428980194e+01,2.516442135323863738e+00
6.269505573020863665e+01,3.403085350070623072e+00
6.271506144612747136e+01,3.355163797185956476e+00
6.273506716204629896e+01,2.968081364223119856e+00
6.275507287796513367e+01,3.126598030915773485e+00
6.277507859388396838e+01,2.711311521396290836e+00
6.279508430980280309e+01,2.221834569159597983e+00
6.281509002572163780e+01,1.836362721777508256e+00
6.283509574164047251e+01,2.556479638623455841e+00
6.285510145755930722e+01,2.529493999178611396e+00
6.287510717347814193e+01,3.182709466897250650e+00
6.289511288939697664e+01,2.521211920485575853e+00
6.291511860531580425e+01,2.298392032585118816e+00
6.293512432123463896e+01,2.947364890920820990e+00
6.295513003715347367e+01,2.837474947127740066e+00
6.297513575307230838e+01,1.436755015847313466e+00
6.299514146899114309e+01,2.015510631276937303e+00
6.301514718490997780e+01,1.896550981807824998e+00
6.303515290082881251e+01,1.797116673822291233e+00
6.305515861674764722e+01,1.772132211000482016e+00
6.307516433266648193e+01,1.119263469995839477e+00
6.309517004858530953e+01,2.023887083067089865e+00
6.311517576450414424e+01,2.051570028521070288e+00
6.313518148042297895e+01,1.727737859986616442e+00
6.315518719634181366e+01,1.902542507806943339e+00
6.317519291226064837e+01,1.038618634463608803e+00
6.319519862817948308e+01,1.325797945338297978e+00
6.321520434409831779e+01,2.371578121452384558e+00
6.323521006001715250e+01,1.363164916369431268e+00
6.325521577593598721e+01,1.177063916113712638e+00
6.327522149185482192e+01,1.629917492729306749e+00
6.329522720777364952e+01,1.878410942841478137e+00
6.331523292369248423e+01,1.229743789590283631e+00
6.333523863961131894e+01,1.177623231619404631e+00
6.335524435553015365e+01,7.719301380161671666e-01
6.337525007144898836e+01,1.211293056045669170e+00
6.339525578736782307e+01,1.393011771384972119e+00
6.341526150328665778e+01,6.938540223690937703e-01
6.343526721920549249e+01,1.818771482697112418e+00
6.345527293512432720e+01,1.850068485816480646e+00
6.347527865104315481e+01,1.544314544690030377e+00
6.349528436696198952e+01,1.759256268652042321e+00
6.351529008288082423e+01,1.589679090875474987e+00
6.353529579879965894e+01,1.881001277544392281e+00
6.355530151471849365e+01,1.923987658371973497e+00
6.357530723063732836e+01,1.882012792269439405e+00
6.359531294655616307e+01,1.090892818672298148e+00
6.361531866247499778e+01,8.589991738965757628e-01
6.363532437839383249e+01,1.420079219358861167e+00
6.365533009431266720e+01,1.355932615891962012e+00
6.367533581023149480e+01,1.799430891761939932e+00
6.369534152615032951e+01,1.792888565706975079e+00
6.371534724206916422e+01,1.439287128912285940e+00
6.373535295798799893e+01,1.190332917700799076e+00
6.375535867390683364e+01,1.213351609110616902e+00
6.377536438982566835e+01,1.489913196759401259e+00
6.379537010574450306e+01,1.510849704499627855e+00
6.381537582166333777e+01,1.215318965161171771e+00
6.383538153758217248e+01,1.825742881850684007e+00
6.385538725350100009e+01,1.337174068297387386e+00
6.387539296941983480e+01,2.389937666780388881e+00
6.389539868533866951e+01,2.393875608067704164e+00
6.391540440125750422e+01,2.134632319247692145e+00
6.393541011717633893e+01,1.328383944689711660e+00
6.395541583309517364e+01,2.322842396791070740e+00
6.397542154901400835e+01,2.147322993322233309e+00
6.399542726493284306e+01,1.448025874714129246e+00
6.401543298085167066e+01,1.944446437636995428e+00
6.403543869677051248e+01,1.234722297984159889e+00
6.405544441268934008e+01,1.285041227993757307e+00
6.407545012860816769e+01,1.780031958531532510e+00
6.409545584452700950e+01,6.773627215742711316e-01
6.411546156044585132e+01,2.341310808199592586e+00
6.413546727636467892e+01,2.007708940433400979e+00
6.415547299228350653e+01,1.243766421472845662e+00
6.417547870820234834e+01,9.083357614994160834e-01
6.419548442412119016e+01,1.310036583394675214e+00
6.421549014004001776e+01,1.877123733932900551e+00
6.423549585595884537e+01,2.064987269871898068e+00
6.425550157187768718e+01,1.686797364560727708e+00
6.427550728779651479e+01,1.224250021149228651e+00
6.429551300371534239e+01,1.529645336395259569e+00
6.431551871963418421e+01,1.600166330196943543e+00
6.433552443555302602e+01,9.347825502361051253e-01
6.435553015147185363e+01,1.293431251239292923e+00
6.437553586739068123e+01,1.243882382420469002e+00
6.439554158330952305e+01,1.606446447086983920e+00
6.441554729922835065e+01,1.431784779017382547e+00
6.443555301514717826e+01,1.852853950864516985e+00
6.445555873106602007e+01,1.226053459339828011e+00
6.447556444698486189e+01,9.634458929364965174e-01
6.449557016290368949e+01,6.784929372557024774e-01
6.451557587882251710e+01,1.070587583304077661e+00
6.453558159474135891e+01,1.085424755200661950e+00
6.455558731066020073e+01,2.030076594148565228e+00
6.457559302657902833e+01,1.718484980689449326e+00
6.459559874249785594e+01,1.149762902117815067e+00
6.461560445841669775e+01,1.336838345619227209e+00
6.463561017433552536e+01,1.651148080362589976e+00
6.465561589025435296e+01,6.938260229888710828e-01
6.467562160617319478e+01,1.817632849175888410e+00
6.469562732209203659e+01,6.930498100719455490e-01
6.471563303801086420e+01,1.891990220541771794e+00
6.473563875392969180e+01,1.353043463317106676e+00
6.475564446984853362e+01,1.054452422346889851e+00
6.477565018576737543e+01,1.120523418180538577e+00
6.479565590168618883e+01,8.398317982051954900e-01
6.481566161760503064e+01,1.516206940300186989e+00
6.483566733352387246e+01,1.262910824044842784e+00
6.485567304944270006e+01,1.450877779873612772e+00
6.487567876536152767e+01,1.114529149340036440e+00
6.489568448128036948e+01,2.245173989470127474e+00
6.491569019719921130e+01,1.544739250616428805e+00
6.493569591311803890e+01,2.188291390749068199e+00
6.495570162903686651e+01,1.470116145989838863e+00
6.497570734495570832e+01,2.062051979237790711e+00
6.499571306087453593e+01,2.054911562067294195e+00
6.501571877679336353e+01,1.495266938663750267e+00
6.503572449271220535e+01,2.051667392785721855e+00
6.505573020863104716e+01,2.227366989702934230e+00
6.507573592454987477e+01,1.286996953924799847e+00
6.509574164046870237e+01,9.756816160245405101e-01
6.511574735638754419e+01,7.002954561982296378e-01
6.513575307230638600e+01,2.064139180956366282e+00
6.515575878822521361e+01,1.092784684666690653e+00
6.517576450414404121e+01,6.833158285691101064e-01
6.519577022006288303e+01,1.025069911759703301e+00
6.521577593598171063e+01,6.131754034702806555e-01
6.523578165190053824e+01,2.033162117893647647e+00
6.525578736781938005e+01,1.542409984765688247e+00
6.527579308373822187e+01,1.520239778125855867e+00
6.529579879965704947e+01,1.545445058863073040e+00
6.531580451557587708e+01,1.826159555444755833e+00
6.533581023149471889e+01,9.707519889642235444e-01
6.535581594741354650e+01,1.807986435148336568e+00
6.537582166333237410e+01,1.951332159143182032e+00
6.539582737925121592e+01,2.227132742244900321e+00
6.541583309517005773e+01,9.481258536026254680e-01
6.543583881108888534e+01,1.344831837452058920e+00
6.545584452700771294e+01,1.580737070626355933e+00
6.547585024292655476e+01,2.281582362866104940e+00
6.549585595884539657e+01,1.927228072048499552e+00
6.551586167476422418e+01,2.630688454094014528e+00
6.553586739068305178e+01,1.888924641720733044e+00
6.555587310660189360e+01,2.820152742936654633e+00
6.557587882252072120e+01,1.870926222526893445e+00
6.559588453843954881e+01,2.192075519725906751e+00
6.561589025435839062e+01,2.023963551781226222e+00
6.563589597027723244e+01,2.546106957835378992e+00
6.565590168619606004e+01,3.070938650658608715e+00
6.567590740211488765e+01,3.117799349633973982e+00
6.569591311803372946e+01,3.446433132231992325e+00
6.571591883395257128e+01,2.618084716989669936e+00
6.573592454987138467e+01,3.212320083322575570e+00
6.575593026579022649e+01,2.886430028375117640e+00
6.577593598170906830e+01,3.095647975370511951e+00
6.579594169762789591e+01,3.160604580818083598e+00
6.581594741354672351e+01,2.936260823518543894e+00
6.583595312946556533e+01,3.047561518401698422e+00
6.585595884538440714e+01,3.364055077314951347e+00
6.587596456130323475e+01,3.075803285304408163e+00
6.589597027722206235e+01,3.209188726184309282e+00
6.591597599314090417e+01,2.810007500243638656e+00
6.593598170905973177e+01,3.741106691888920643e+00
6.595598742497855937e+01,2.840772682154459439e+00
6.597599314089740119e+01,3.962070523164349822e+00
6.599599885681624301e+01,3.093150372404654291e+00
6.601600457273507061e+01,4.087156734974667138e+00
6.603601028865389821e+01,2.883741481229495474e+00
6.605601600457274003e+01,2.539235474455740604e+00
6.607602172049158185e+01,3.168809329721462564e+00
6.609602743641040945e+01,3.146373531447699268e+00
6.611603315232923705e+01,3.774225287523692351e+00
6.613603886824807887e+01,3.155846169700128101e+00
6.615604458416690647e+01,2.351827861202685277e+00
6.617605030008573408e+01,3.175379302156105865e+00
6.619605601600457589e+01,2.778774608349634079e+00
6.621606173192341771e+01,3.115707691622614739e+00
6.623606744784224531e+01,2.688568869662753436e+00
6.625607316376107292e+01,2.746154447131726073e+00
6.627607887967991473e+01,2.790496021308188634e+00
6.629608459559874234e+01,2.621769382929092895e+00
6.631609031151756994e+01,2.233705167028356087e+00
6.633609602743641176e+01,2.983131963888251192e+00
6.635610174335525357e+01,2.667024383368170160e+00
6.637610745927408118e+01,2.355105981343805333e+00
6.639611317519290878e+01,2.627474175086551789e+00
6.641611889111175060e+01,1.847171902128089460e+00
6.643612460703059241e+01,3.038899691063220221e+00
6.645613032294942002e+01,2.518990843140274549e+00
6.647613603886824762e+01,2.003051090283634483e+00
6.649614175478708944e+01,2.137577871083363057e+00
6.651614747070591704e+01,2.482971283572176446e+00
6.653615318662474465e+01,2.970976021711643877e+00
6.655615890254358646e+01,2.142049257425331810e+00
6.657616461846242828e+01,1.814820591508335745e+00
6.659617033438125588e+01,2.793731250037697844e+00
6.661617605030008349e+01,2.990559369285849201e+00
6.663618176621892530e+01,1.617593995579034383e+00
6.665618748213776712e+01,2.160177655832860477e+00
6.667619319805658051e+01,1.632420875610294697e+00
6.669619891397542233e+01,2.209143539835312531e+00
6.671620462989426414e+01,2.226808082082496032e+00
6.673621034581309175e+01,1.529103571910185977e+00
6.675621606173191935e+01,2.158489222690720410e+00
6.677622177765076117e+01,2.569263621908638662e+00
6.679622749356960298e+01,2.493569946643938273e+00
6.681623320948843059e+01,2.477409824876256383e+00
6.683623892540725819e+01,1.957410069053700852e+00
6.685624464132610001e+01,1.949119355954874511e+00
6.687625035724492761e+01,2.516684709801959130e+00
6.689625607316375522e+01,1.620221780104559750e+00
6.691626178908259703e+01,1.975155623920913150e+00
6.693626750500143885e+01,2.190599326624732335e+00
6.695627322092026645e+01,1.917197293689504978e+00
6.697627893683909406e+01,2.950339029985736161e+00
6.699628465275793587e+01,2.568288969865950566e+00
6.701629036867677769e+01,2.849253935224182577e+00
6.703629608459560529e+01,2.944862596176623271e+00
6.705630180051443290e+01,2.588796369160571764e+00
6.707630751643327471e+01,2.966731580211376063e+00
6.709631323235210232e+01,3.332394415043810287e+00
6.711631894827092992e+01,3.464919051101851721e+00
6.713632466418977174e+01,4.283621010594057310e+00
6.715633038010861355e+01,3.312424801713774514e+00
6.717633609602744116e+01,3.545242349677691696e+00
6.719634181194626876e+01,4.495759507606063465e+00
6.721634752786511058e+01,4.555945044745672412e+00
6.723635324378393818e+01,4.553721956408714355e+00
6.725635895970276579e+01,4.930757209227258464e+00
6.727636467562160760e+01,4.914064537037667435e+00
6.729637039154044942e+01,5.358083178247437850e+00
6.731637610745927702e+01,5.945095839461967735e+00
6.733638182337810463e+01,6.852160147923789246e+00
6.735638753929694644e+01,6.490358224778330687e+00
6.737639325521578826e+01,6.749521333538102574e+00
6.739639897113461586e+01,7.212313828287939543e+00
6.741640468705344347e+01,7.948972054194340053e+00
6.743641040297228528e+01,6.894929655538801327e+00
6.745641611889111289e+01,7.437096523331379494e+00
6.747642183480994049e+01,8.484618804096898614e+00
6.749642755072878231e+01,8.594657386927247344e+00
6.751643326664762412e+01,7.752127236715835146e+00
6.753643898256645173e+01,8.245338600361311165e+00
6.755644469848527933e+01,7.906310963040112050e+00
6.757645041440412115e+01,8.145098275578627423e+00
6.759645613032296296e+01,9.017368671237836253e+00
6.761646184624177636e+01,8.470718317001406206e+00
6.763646756216061817e+01,8.318540525682855957e+00
6.765647327807945999e+01,8.360011202076975678e+00
6.767647899399828759e+01,7.847241900909113888e+00
6.769648470991711520e+01,7.971287460166035288e+00
6.771649042583595701e+01,7.766341666635704577e+00
6.773649614175479883e+01,7.514144456726764787e+00
6.775650185767362643e+01,6.953953929070580742e+00
6.777650757359245404e+01,7.297813116876673334e+00
6.779651328951129585e+01,6.908980129477307663e+00
6.781651900543012346e+01,6.721516773911223375e+00
6.783652472134895106e+01,5.487619795400002332e+00
6.785653043726779288e+01,6.867844877753219279e+00
6.787653615318663469e+01,5.445059214262775171e+00
6.789654186910546230e+01,6.172159833503059190e+00
6.791654758502428990e+01,5.523865991949364229e+00
6.793655330094313172e+01,4.545873968349582128e+00
6.795655901686197353e+01,5.363507041672493258e+00
6.797656473278080114e+01,4.102374300865017531e+00
6.799657044869962874e+01,4.046570030307719001e+00
6.801657616461847056e+01,3.418344257593196378e+00
6.803658188053729816e+01,4.098399908229920285e+00
6.805658759645612577e+01,2.654326903722794562e+00
6.807659331237496758e+01,3.703626779236448563e+00
6.809659902829380940e+01,3.241959224941763473e+00
6.811660474421263700e+01,3.520987102339020236e+00
6.813661046013146461e+01,3.635109592957023850e+00
6.815661617605030642e+01,3.018110452678526290e+00
6.817662189196913403e+01,2.202081421235160263e+00
6.819662760788796163e+01,2.840546640520456467e+00
6.821663332380680345e+01,2.440515551757115098e+00
6.823663903972564526e+01,2.188795144326636688e+00
6.825664475564447287e+01,2.106314442819789967e+00
6.827665047156330047e+01,3.054379037213835524e+00
6.829665618748214229e+01,2.568297852817844618e+00
6.831666190340098410e+01,1.475948139698005646e+00
6.833666761931981171e+01,2.466588963594508854e+00
6.835667333523863931e+01,2.240508108520692598e+00
6.837667905115748113e+01,1.655561163378324041e+00
6.839668476707630873e+01,2.130783621760900637e+00
6.841669048299513634e+01,1.519848771110537289e+00
6.843669619891397815e+01,1.833042149617587935e+00
6.845670191483281997e+01,2.267928668612522181e+00
6.847670763075164757e+01,2.047898610764253391e+00
6.849671334667047518e+01,1.845019570502547612e+00
6.851671906258931699e+01,2.586912683648080691e+00
6.853672477850815881e+01,1.825549331526843844e+00
6.855673049442697220e+01,1.963827972923371634e+00
6.857673621034581402e+01,9.023095119845859768e-01
6.859674192626465583e+01,1.540732541515034359e+00
6.861674764218348344e+01,2.226964378876407302e+00
6.863675335810231104e+01,1.077223537235334705e+00
6.865675907402115286e+01,1.178949856061079160e+00
6.867676478993999467e+01,2.528302027494512938e+00
6.869677050585882228e+01,1.389457856628020238e+00
6.871677622177764988e+01,1.345752696017731509e+00
6.873678193769649170e+01,1.374464511312404102e+00
6.875678765361531930e+01,2.486912709835732649e+00
6.877679336953414690e+01,1.426805614075690620e+00
6.879679908545298872e+01,1.366774780660886091e+00
6.881680480137183054e+01,2.213997086266914494e+00
6.883681051729065814e+01,1.801494855468949163e+00
6.885681623320948574e+01,1.996149522310098234e+00
6.887682194912832756e+01,1.631895274904565873e+00
6.889682766504716938e+01,2.367506204204633757e+00
6.891683338096599698e+01,1.340457306042601937e+00
6.893683909688482458e+01,1.341272349575547418e+00
6.895684481280366640e+01,1.690070962589137693e+00
6.897685052872249400e+01,1.912768406820409606e+00
6.899685624464132161e+01,1.465816115510048645e+00
6.901686196056016342e+01,1.721240914094122942e+00
6.903686767647900524e+01,1.795476180389397935e+00
6.905687339239783284e+01,1.191954623067112307e+00
6.907687910831666045e+01,1.074531255504730387e+00
6.909688482423550226e+01,1.354593075929402257e+00
6.911689054015432987e+01,1.786800988592380346e+00
6.913689625607315747e+01,7.667654262794361131e-01
6.915690197199199929e+01,1.515791418991380812e+00
6.917690768791084110e+01,1.036395781774283931e+00
6.919691340382966871e+01,9.739992309288656447e-01
6.921691911974849631e+01,1.861588660142078577e+00
6.923692483566733813e+01,1.321417909620521858e+00
6.925693055158617994e+01,1.493260178177914010e+00
6.927693626750500755e+01,1.242543164619691609e+00
6.929694198342383515e+01,1.161018132627671617e+00
6.931694769934267697e+01,1.947458784877349691e+00
6.933695341526150457e+01,1.999182624954764620e+00
6.935695913118033218e+01,1.612128218379835554e+00
6.937696484709917399e+01,2.358171186130872954e+00
6.939697056301801581e+01,1.011906244724862347e+00
6.941697627893684341e+01,1.780680561065465239e+00
6.943698199485567102e+01,2.278698313577371071e+00
6.945698771077451283e+01,2.227572531856809590e+00
6.947699342669335465e+01,1.864311619578868928e+00
6.949699914261216804e+01,9.553093712904708878e-01
6.951700485853100986e+01,1.128943877194519496e+00
6.953701057444985167e+01,1.675135365239708740e+00
6.955701629036867928e+01,2.037949073832720170e+00
6.957702200628750688e+01,1.982902119893443782e+00
6.959702772220634870e+01,1.775016529223750750e+00
6.961703343812519051e+01,1.615284598581188114e+00
6.963703915404401812e+01,1.549595388461661338e+00
6.965704486996284572e+01,1.649173011278176837e+00
6.967705058588168754e+01,1.842489900553855753e+00
6.969705630180051514e+01,2.137250170923267412e+00
6.971706201771934275e+01,2.464824026816426539e+00
6.973706773363818456e+01,3.113767030238274280e+00
6.975707344955702638e+01,2.437602058598903554e+00
6.977707916547585398e+01,2.947574862453181677e+00
6.979708488139468159e+01,1.853792899226806234e+00
6.981709059731352340e+01,2.021488843065088581e+00
6.983709631323236522e+01,2.784843553134876970e+00
6.985710202915119282e+01,2.088741619567471286e+00
6.987710774507002043e+01,2.883821309025061286e+00
6.989711346098886224e+01,2.306795880518375697e+00
6.991711917690768985e+01,2.603296500691334003e+00
6.993712489282651745e+01,3.010552698186460319e+00
6.995713060874535927e+01,3.477187881813237347e+00
6.997713632466420108e+01,2.672821166839929763e+00
6.999714204058302869e+01,2.546643771949117951e+00
7.001714775650185629e+01,3.243897054912944888e+00
7.003715347242069811e+01,3.176586522106351396e+00
7.005715918833952571e+01,2.299954395097481452e+00
7.007716490425835332e+01,2.889043438128829244e+00
7.009717062017719513e+01,3.440990400924368142e+00
7.011717633609603695e+01,3.601085646832137499e+00
7.013718205201486455e+01,3.937086669599719979e+00
7.015718776793369216e+01,3.175970314229306979e+00
7.017719348385253397e+01,2.976904960154157731e+00
7.019719919977137579e+01,3.383138199199763552e+00
7.021720491569020339e+01,3.782462280132786514e+00
7.023721063160903100e+01,3.070076261966264042e+00
7.025721634752787281e+01,4.514530554828711573e+00
7.027722206344670042e+01,4.082885828677779827e+00
7.029722777936552802e+01,4.284715670106502117e+00
7.031723349528436984e+01,3.974156346893364056e+00
7.033723921120321165e+01,4.608117244859986528e+00
7.035724492712203926e+01,3.457756236360594038e+00
7.037725064304086686e+01,3.479844288983214629e+00
7.039725635895970868e+01,4.745396141975611215e+00
7.041726207487855049e+01,3.899261644642018965e+00
7.043726779079736389e+01,3.983319329770002248e+00
7.045727350671620570e+01,3.308235863590094805e+00
7.047727922263504752e+01,4.321749557100496020e+00
7.049728493855387512e+01,4.095704392681648542e+00
7.051729065447270273e+01,4.458644472231697797e+00
7.053729637039154454e+01,3.997321610275702319e+00
7.055730208631038636e+01,3.921632850083570432e+00
7.057730780222921396e+01,4.859300115737978487e+00
7.059731351814804157e+01,4.653319020454103949e+00
7.061731923406688338e+01,5.021689204560118469e+00
7.063732494998571099e+01,4.402250108091209313e+00
7.065733066590453859e+01,5.264092751540413673e+00
7.067733638182338041e+01,5.829176663761688637e+00
7.069734209774222222e+01,5.032279563939087375e+00
7.071734781366104983e+01,5.882350184561174977e+00
7.073735352957987743e+01,5.393178362167917683e+00
7.075735924549871925e+01,6.896861328044146866e+00
7.077736496141756106e+01,7.257389239278561277e+00
7.079737067733638867e+01,6.929696237850762941e+00
7.081737639325521627e+01,6.787177118839409218e+00
7.083738210917405809e+01,7.521863606861141527e+00
7.085738782509288569e+01,7.463908076761699206e+00
7.087739354101171330e+01,8.361606502338315039e+00
7.089739925693055511e+01,8.474460793773401335e+00
7.091740497284939693e+01,8.425606676470852818e+00
7.093741068876822453e+01,7.564946382212663245e+00
7.095741640468705214e+01,8.975168336475070063e+00
7.097742212060589395e+01,8.819758988357888185e+00
7.099742783652472156e+01,9.212075845412584840e+00
7.101743355244354916e+01,8.221250382498068277e+00
7.103743926836239098e+01,9.428519190856276211e+00
7.105744498428123279e+01,8.097104509121297866e+00
7.107745070020006040e+01,9.179761396162488651e+00
7.109745641611888800e+01,7.842458439363927170e+00
7.111746213203772982e+01,8.832105366946688463e+00
7.113746784795657163e+01,8.240741951182084080e+00
7.115747356387539924e+01,8.214925803100545210e+00
7.117747927979422684e+01,8.722143231678387565e+00
7.119748499571306866e+01,8.996319421292533036e+00
7.121749071163189626e+01,7.869652125724350356e+00
7.123749642755072387e+01,7.679719236348661937e+00
7.125750214346956568e+01,7.515747656022847778e+00
7.127750785938840750e+01,7.815331517857923238e+00
7.129751357530723510e+01,7.260994652867013066e+00
7.131751929122606271e+01,7.966534361584108659e+00
7.133752500714490452e+01,7.600725049664150745e+00
7.135753072306374634e+01,8.026885493169519492e+00
7.137753643898255973e+01,8.016238055740387836e+00
7.139754215490140155e+01,7.878646671255124190e+00
7.141754787082024336e+01,7.873442878223461783e+00
7.143755358673907097e+01,7.020869741260375108e+00
7.145755930265789857e+01,7.142314950277021346e+00
7.147756501857674039e+01,7.402556748747088911e+00
7.149757073449558220e+01,7.018400879396393677e+00
7.151757645041440981e+01,5.942440723778541489e+00
7.153758216633323741e+01,6.138017032973704268e+00
7.155758788225207923e+01,6.023844056553752324e+00
7.157759359817090683e+01,6.711655225621485421e+00
7.159759931408973443e+01,5.756544037433119598e+00
7.161760503000857625e+01,5.924576190950445742e+00
7.163761074592741807e+01,5.964052801261975567e+00
7.165761646184624567e+01,4.678543242723993245e+00
7.167762217776507327e+01,5.260132932814777007e+00
7.169762789368391509e+01,4.508832179161467835e+00
7.171763360960275691e+01,4.860248798725055330e+00
7.173763932552158451e+01,4.161080709248417442e+00
7.175764504144041211e+01,4.314434558693269750e+00
7.177765075735925393e+01,4.766575003726480020e+00
7.179765647327808153e+01,4.176530747522360087e+00
7.181766218919690914e+01,4.597344295090475264e+00
7.183766790511575095e+01,3.843379217927508584e+00
7.185767362103459277e+01,3.704440108693415112e+00
7.187767933695342037e+01,4.188968087955647235e+00
7.189768505287224798e+01,3.892094157012184308e+00
7.191769076879108979e+01,3.481919454145862236e+00
7.193769648470991740e+01,3.482879887766102023e+00
7.195770220062874500e+01,3.112231147179318480e+00
7.197770791654758682e+01,3.892826947785141378e+00
7.199771363246642863e+01,3.754038324766281853e+00
7.201771934838525624e+01,4.117667197789462108e+00
7.203772506430408384e+01,3.474899338235282187e+00
7.205773078022292566e+01,3.339173580830937738e+00
7.207773649614176747e+01,3.487677751679930882e+00
7.209774221206059508e+01,3.790108187251172822e+00
7.211774792797942268e+01,3.573091273948134639e+00
7.213775364389826450e+01,3.718796991384249129e+00
7.215775935981709210e+01,4.271693008657945434e+00
7.217776507573591971e+01,3.573759371175771804e+00
7.219777079165476152e+01,3.718492782692722542e+00
7.221777650757360334e+01,4.778533276218736248e+00
7.223778222349243094e+01,4.284290075386488539e+00
7.225778793941125855e+01,4.052345294066454606e+00
7.227779365533010036e+01,3.639481941829944223e+00
7.229779937124894218e+01,4.595295314906103101e+00
7.231780508716775557e+01,4.194972266536129091e+00
7.233781080308659739e+01,4.318468679724550618e+00
7.235781651900543920e+01,4.558598979160155551e+00
7.237782223492426681e+01,4.743336126650996576e+00
7.239782795084309441e+01,4.341235775345642978e+00
7.241783366676193623e+01,4.599558818038165242e+00
7.243783938268077804e+01,4.579219700918405245e+00
7.245784509859960565e+01,4.630186643636752919e+00
7.247785081451843325e+01,4.619208417352944629e+00
7.249785653043727507e+01,4.251356636751214779e+00
7.251786224635610267e+01,4.916223002130681863e+00
7.253786796227493028e+01,4.795823533038650943e+00
7.255787367819377209e+01,4.637527213537207871e+00
7.257787939411261391e+01,4.735764620534267166e+00
7.259788511003144151e+01,4.778384064035907208e+00
7.261789082595026912e+01,4.521396103827543200e+00
7.263789654186911093e+01,4.874579337274469459e+00
7.265790225778795275e+01,4.744085204497872077e+00
7.267790797370678035e+01,5.649451378994637452e+00
7.269791368962560796e+01,4.858196432486638017e+00
7.271791940554444977e+01,5.034577654065151009e+00
7.273792512146327738e+01,5.045197591810914872e+00
7.275793083738210498e+01,4.480832106352635513e+00
7.277793655330094680e+01,5.377307827755622327e+00
7.279794226921978861e+01,5.201361583236519870e+00
7.281794798513861622e+01,5.012409213269263475e+00
7.283795370105744382e+01,5.221349118457798255e+00
7.285795941697628564e+01,5.604338520653246114e+00
7.287796513289511324e+01,5.623890300231759731e+00
7.289797084881394085e+01,5.046618220222648610e+00
7.291797656473278266e+01,5.412815732079753417e+00
7.293798228065162448e+01,5.698166750396998381e+00
7.295798799657045208e+01,6.704602687803406624e+00
7.297799371248927969e+01,6.367211089170377925e+00
7.299799942840812150e+01,6.886358794029712627e+00
7.301800514432696332e+01,7.595104714744835839e+00
7.303801086024579092e+01,7.928153409294372622e+00
7.305801657616461853e+01,8.468142795336035533e+00
7.307802229208346034e+01,9.014799961330002276e+00
7.309802800800228795e+01,8.735113652381068405e+00
7.311803372392111555e+01,8.687680115044988938e+00
7.313803943983995737e+01,9.199142271407687588e+00
7.315804515575879918e+01,1.056973417219207967e+01
7.317805087167762679e+01,9.773839421466947286e+00
7.319805658759645439e+01,1.021402131519215573e+01
7.321806230351529621e+01,1.039219077498517585e+01
7.323806801943413802e+01,1.076132992472235728e+01
7.325807373535295142e+01,9.138161368402062834e+00
7.327807945127179323e+01,9.265814849254716989e+00
7.329808516719063505e+01,8.141294590052732261e+00
7.331809088310946265e+01,8.326977969133382729e+00
7.333809659902829026e+01,7.777347741648442891e+00
7.335810231494713207e+01,7.412927574955848087e+00
7.337810803086597389e+01,6.661937845867204722e+00
7.339811374678480149e+01,5.351953379266854327e+00
7.341811946270362910e+01,5.287087706892374506e+00
7.343812517862247091e+01,4.934843558648298156e+00
7.345813089454129852e+01,4.676086392565701466e+00
7.347813661046012612e+01,3.562729461153278265e+00
7.349814232637896794e+01,3.836135564346584204e+00
7.351814804229780975e+01,3.603865857517815741e+00
7.353815375821663736e+01,3.675877044436335783e+00
7.355815947413546496e+01,2.897736865349415325e+00
7.357816519005430678e+01,3.392037512959565237e+00
7.359817090597314859e+01,2.604183699128416851e+00
7.361817662189197620e+01,2.731745412026725273e+00
7.363818233781080380e+01,2.589748066835151796e+00
7.365818805372964562e+01,2.885707860906734368e+00
7.367819376964847322e+01,2.953902268206973769e+00
7.369819948556730083e+01,2.822726197290403860e+00
7.371820520148614264e+01,2.445594104436664029e+00
7.373821091740498446e+01,3.095730274726697040e+00
7.375821663332381206e+01,2.450418781271733515e+00
7.377822234924263967e+01,2.092652014568182839e+00
7.379822806516148148e+01,2.542122081716450488e+00
7.381823378108030909e+01,1.702318873979395963e+00
7.383823949699913669e+01,2.368829214832214092e+00
7.385824521291797851e+01,2.452272418449813252e+00
7.387825092883682032e+01,2.618133682326469813e+00
7.389825664475564793e+01,3.187115350249100310e+00
7.391826236067447553e+01,3.473226342549748935e+00
7.393826807659331735e+01,3.738641641756593970e+00
7.395827379251215916e+01,2.780406641773435439e+00
7.397827950843098677e+01,4.056870901279338248e+00
7.399828522434981437e+01,4.626481128747331084e+00
7.401829094026865619e+01,4.815579626074293351e+00
7.403829665618748379e+01,4.510570873420176596e+00
7.405830237210632561e+01,5.469935548082225374e+00
7.407830808802515321e+01,6.050623129155880520e+00
7.409831380394398082e+01,6.142761635591797109e+00
7.411831951986282263e+01,7.069212733814476124e+00
7.413832523578165024e+01,6.566799810211296773e+00
7.415833095170049205e+01,7.359794348166330380e+00
7.417833666761931966e+01,7.931016636866232261e+00
7.419834238353816147e+01,8.245603198922214716e+00
7.421834809945698908e+01,8.851085933810800555e+00
7.423835381537583089e+01,8.656804670594755891e+00
7.425835953129465850e+01,8.645341665503655904e+00
7.427836524721348610e+01,8.591999662877171318e+00
7.429837096313232792e+01,8.731133702179000977e+00
7.431837667905115552e+01,9.273538281026072028e+00
7.433838239496999734e+01,8.726495376517965141e+00
7.435838811088882494e+01,8.374115228625850449e+00
7.437839382680766676e+01,9.307067038845971751e+00
7.439839954272649436e+01,7.939188585511203655e+00
7.441840525864533618e+01,8.176374783058555806e+00
7.443841097456416378e+01,7.516257422663697341e+00
7.445841669048300560e+01,7.823920013324068279e+00
7.447842240640183320e+01,7.804254697557167830e+00
7.449842812232066080e+01,8.046372290119705895e+00
7.451843383823950262e+01,7.339259291409840458e+00
7.453843955415833022e+01,7.474306369662834904e+00
7.455844527007717204e+01,6.711727695772593094e+00
7.457845098599599964e+01,6.915444988729423592e+00
7.459845670191484146e+01,5.930003203229256670e+00
7.461846241783366906e+01,5.843456656440841002e+00
7.463846813375251088e+01,5.605112299726656033e+00
7.465847384967133848e+01,5.368181789216965427e+00
7.467847956559016609e+01,5.493928981327330874e+00
7.469848528150900790e+01,5.573919837460692861e+00
7.471849099742783551e+01,6.016204806581405329e+00
7.473849671334667732e+01,5.488678913885738808e+00
7.475850242926550493e+01,6.782608789667197158e+00
7.477850814518434674e+01,6.418584158769404802e+00
7.479851386110317435e+01,7.005019894007277870e+00
7.481851957702201616e+01,6.298773001425251650e+00
7.483852529294084377e+01,7.124320373669270623e+00
7.485853100885967137e+01,7.553531791366291159e+00
7.487853672477851319e+01,7.718091057864808313e+00
7.489854244069734079e+01,7.570403976048110550e+00
7.491854815661618261e+01,9.442220479552368317e+00
7.493855387253501021e+01,8.627080974295255444e+00
7.495855958845385203e+01,9.967297260215337573e+00
7.497856530437267963e+01,1.015762255401346792e+01
7.499857102029152145e+01,1.063949966408464398e+01
7.501857673621034905e+01,1.173624986460266051e+01
7.503858245212917666e+01,1.214272286760485642e+01
7.505858816804801847e+01,1.240202354825900954e+01
7.507859388396684608e+01,1.331145123737175595e+01
7.509859959988568789e+01,1.297418280638305887e+01
7.511860531580451550e+01,1.338087997072451785e+01
7.513861103172335731e+01,1.322710312697041246e+01
7.515861674764218492e+01,1.333194381061300327e+01
7.517862246356102673e+01,1.348388184533170353e+01
7.519862817947985434e+01,1.323740056126282738e+01
7.521863389539868194e+01,1.268170577292416823e+01
7.523863961131752376e+01,1.219965192991098313e+01
7.525864532723635136e+01,1.239585539855670149e+01
7.527865104315519318e+01,1.182641622152246619e+01
7.529865675907402078e+01,1.146696210355898060e+01
7.531866247499286260e+01,1.024952827548853662e+01
7.533866819091169020e+01,1.023134172697652211e+01
7.535867390683053202e+01,9.836492899025035541e+00
7.537867962274935962e+01,8.221394469208400224e+00
7.539868533866820144e+01,8.360212107221784095e+00
7.541869105458702904e+01,6.887445537278366281e+00
7.543869677050585665e+01,7.254221956989105990e+00
7.545870248642469846e+01,6.341575709226048296e+00
7.547870820234352607e+01,6.439321746947008762e+00
7.549871391826236788e+01,5.828612689219042409e+00
7.551871963418119549e+01,5.559594120819511431e+00
7.553872535010003730e+01,4.840586898744698274e+00
7.555873106601886491e+01,4.638681911574876970e+00
7.557873678193770672e+01,4.545473269500632796e+00
7.559874249785653433e+01,4.315462273615416677e+00
7.561874821377536193e+01,3.496398863708614968e+00
7.563875392969420375e+01,3.579883648134623009e+00
7.565875964561303135e+01,3.664325371377093798e+00
7.567876536153187317e+01,3.082486100409926877e+00
7.569877107745070077e+01,2.959286755849403150e+00
7.571877679336954259e+01,3.316456720722460005e+00
7.573878250928837019e+01,3.099743170398681524e+00
7.575878822520721201e+01,2.712642724751248124e+00
7.577879394112603961e+01,2.804459661227149958e+00
7.579879965704486722e+01,2.765021339139408063e+00
7.581880537296370903e+01,2.302428500212367890e+00
7.583881108888253664e+01,1.627698763635868850e+00
7.585881680480137845e+01,2.507717108096983338e+00
7.587882252072020606e+01,2.840022218285484179e+00
7.589882823663904787e+01,1.593315819173630299e+00
7.591883395255787548e+01,2.721207507815047499e+00
7.593883966847671729e+01,2.525119438623723678e+00
7.595884538439554490e+01,1.860056994309110534e+00
7.597885110031437250e+01,2.467342936044419233e+00
7.599885681623321432e+01,2.622410238669116378e+00
7.601886253215204192e+01,2.495107044620159975e+00
7.603886824807088374e+01,2.548859472108259361e+00
7.605887396398971134e+01,2.455969026198341787e+00
7.607887967990855316e+01,3.147977695039999801e+00
7.609888539582738076e+01,2.747504317005983854e+00
7.611889111174622258e+01,3.358233509074423306e+00
7.613889682766505018e+01,3.592191644547469309e+00
7.615890254358387779e+01,2.972421572730849171e+00
7.617890825950271960e+01,3.238167685098235715e+00
7.619891397542154721e+01,3.138781116654625336e+00
7.621891969134038902e+01,3.377526274653302352e+00
7.623892540725921663e+01,2.808148630454175176e+00
7.625893112317805844e+01,3.358993984853566594e+00
7.627893683909688605e+01,3.365374141396610952e+00
7.629894255501572786e+01,3.119601151913783621e+00
7.631894827093455547e+01,3.869687109583583862e+00
7.633895398685339728e+01,3.509416467203556600e+00
7.635895970277222489e+01,2.839322389224790300e+00
7.637896541869105249e+01,2.858606348225917415e+00
7.639897113460989431e+01,3.206660021394952764e+00
7.641897685052872191e+01,3.618881448616002139e+00
7.643898256644756373e+01,3.161767906378829540e+00
7.645898828236639133e+01,3.080185614144751227e+00
7.647899399828523315e+01,3.835970900584703358e+00
7.649899971420406075e+01,3.089779535292107582e+00
7.651900543012290257e+01,2.686584648460707214e+00
7.653901114604173017e+01,3.000274713319845521e+00
7.655901686196055778e+01,3.816282538372986810e+00
7.657902257787939959e+01,3.925016518012809819e+00
7.659902829379822720e+01,2.672449563968741337e+00
7.661903400971706901e+01,3.578407958534820743e+00
7.663903972563589662e+01,2.994053713916476234e+00
7.665904544155473843e+01,2.885247418640230599e+00
7.667905115747356604e+01,2.844886317254199160e+00
7.669905687339240785e+01,2.049896956872672149e+00
7.671906258931123546e+01,1.857216698131046950e+00
7.673906830523006306e+01,1.896673617840006987e+00
7.675907402114890488e+01,1.991472918994274810e+00
7.677907973706773248e+01,2.564142953198318420e+00
7.679908545298657430e+01,2.152301742869741741e+00
7.681909116890540190e+01,1.805463717094918819e+00
7.683909688482424372e+01,2.387526315865962978e+00
7.685910260074307132e+01,2.248139820694270874e+00
7.687910831666191314e+01,2.612150077459674868e+00
7.689911403258074074e+01,2.251065561598330156e+00
7.691911974849956835e+01,1.923790583695181411e+00
7.693912546441841016e+01,1.846453364706181155e+00
7.695913118033723777e+01,1.749432356371825037e+00
7.697913689625607958e+01,2.055902735904279410e+00
7.699914261217490719e+01,1.245976146523480876e+00
7.701914832809374900e+01,1.802809639606454795e+00
7.703915404401257661e+01,1.685457876273567024e+00
7.705915975993141842e+01,1.623817247793742258e+00
7.707916547585024603e+01,2.456405640237774080e+00
7.709917119176907363e+01,1.692369932480505934e+00
7.711917690768791545e+01,2.128956248772854831e+00
7.713918262360674305e+01,2.116463948989744104e+00
7.715918833952558487e+01,1.930262169620800883e+00
7.717919405544441247e+01,1.777464861575270838e+00
7.719919977136325429e+01,1.344108889084147718e+00
7.721920548728208189e+01,1.517932482546243467e+00
7.723921120320092371e+01,1.954399442374325613e+00
7.725921691911975131e+01,1.173663332955482641e+00
7.727922263503859313e+01,2.000046066431186098e+00
7.729922835095742073e+01,2.231056623373956604e+00
7.731923406687624833e+01,1.764473341601638490e+00
7.733923978279509015e+01,2.448274521988698993e+00
7.735924549871391775e+01,1.997775816146285077e+00
7.737925121463275957e+01,2.372062248251334715e+00
7.739925693055158717e+01,1.593146616391981407e+00
7.741926264647042899e+01,1.840318696409953603e+00
7.743926836238925659e+01,2.716908848864427295e+00
7.745927407830809841e+01,1.819675527259748682e+00
7.747927979422692601e+01,2.758723451446683406e+00
7.749928551014575362e+01,2.699697218737960647e+00
7.751929122606459543e+01,2.296813495869073130e+00
7.753929694198342304e+01,1.419552336688405303e+00
7.755930265790226485e+01,2.216289653365338008e+00
7.757930837382109246e+01,2.071213854243777241e+00
7.759931408973993427e+01,2.716390170077572996e+00
7.761931980565876188e+01,2.106640450623997740e+00
7.763932552157760369e+01,2.418674695432921240e+00
7.765933123749643130e+01,2.066735237185898910e+00
7.767933695341525890e+01,2.073153667468299322e+00
7.769934266933410072e+01,1.793134449109004658e+00
7.771934838525292832e+01,1.553361985975792336e+00
7.773935410117177014e+01,2.778077564747516881e+00
7.775935981709059774e+01,1.805985718187382183e+00
7.777936553300943956e+01,1.465875004549053617e+00
7.779937124892826716e+01,2.690326320426762230e+00
7.781937696484710898e+01,1.643317777228932464e+00
7.783938268076593658e+01,1.885804241007694504e+00
7.785938839668476419e+01,1.832037290515440064e+00
7.787939411260360600e+01,1.899869312001924326e+00
7.789939982852243361e+01,1.537564559976230871e+00
7.791940554444127542e+01,1.923037279417932233e+00
7.793941126036010303e+01,9.441698515544655335e-01
7.795941697627894484e+01,2.070805778122310148e+00
7.797942269219777245e+01,1.847571719268387813e+00
7.799942840811661426e+01,2.043427194741531672e+00
7.801943412403544187e+01,9.884075349769201324e-01
7.803943983995426947e+01,1.546547867590661873e+00
7.805944555587311129e+01,1.136370816198225775e+00
7.807945127179193889e+01,1.882542501672070490e+00
7.809945698771078071e+01,1.438718441933175995e+00
7.811946270362960831e+01,2.292778385772754834e+00
7.813946841954845013e+01,1.735087067863243515e+00
7.815947413546727773e+01,2.497567747061433696e+00
7.817947985138611955e+01,1.486450519170946283e+00
7.819948556730494715e+01,1.873926765744160949e+00
7.821949128322378897e+01,2.073544324466413791e+00
7.823949699914261657e+01,2.228368981232819568e+00
7.825950271506144418e+01,1.883902532928206863e+00
7.827950843098028599e+01,2.356897893105530883e+00
7.829951414689911360e+01,1.549082255026466459e+00
7.831951986281795541e+01,1.969126917489511186e+00
7.833952557873678302e+01,1.955878438776775585e+00
7.835953129465562483e+01,1.791434995324149071e+00
7.837953701057445244e+01,2.134482424468173267e+00
7.839954272649329425e+01,2.394685404089693659e+00
7.841954844241212186e+01,1.557494550597508631e+00
7.843955415833094946e+01,2.290833254725360923e+00
7.845955987424979128e+01,2.655053613583170602e+00
7.847956559016861888e+01,2.574755970712831576e+00
7.849957130608746070e+01,1.887718653720669604e+00
7.851957702200628830e+01,3.057966388160473059e+00
7.853958273792513012e+01,2.675978466570177794e+00
7.855958845384395772e+01,2.492887150227717452e+00
7.857959416976279954e+01,3.320928155700870299e+00
7.859959988568162714e+01,2.463991722124026396e+00
7.861960560160045475e+01,3.106182166701839442e+00
7.863961131751929656e+01,3.608060501391642916e+00
7.865961703343812417e+01,2.877567586081219098e+00
7.867962274935696598e+01,3.632143276385899178e+00
7.869962846527579359e+01,4.098910783988359618e+00
7.871963418119463540e+01,3.888241611798857633e+00
7.873963989711346301e+01,3.762925856073910502e+00
7.875964561303230482e+01,4.063449184874480480e+00
7.877965132895113243e+01,4.504390207090434473e+00
7.879965704486996003e+01,5.097262128865362563e+00
7.881966276078880185e+01,4.313200461874891367e+00
7.883966847670762945e+01,4.417121457285032804e+00
7.885967419262647127e+01,4.326241724986378934e+00
7.887967990854529887e+01,5.123527116520887326e+00
7.889968562446414069e+01,4.731092178264466597e+00
7.891969134038296829e+01,4.345446811852816005e+00
7.893969705630181011e+01,4.491872530912391248e+00
7.895970277222063771e+01,4.334659924190530589e+00
7.897970848813946532e+01,4.322605105329383690e+00
7.899971420405830713e+01,4.535817448158468324e+00
7.901971991997713474e+01,5.127369101464580581e+00
7.903972563589597655e+01,3.681018602417676533e+00
7.905973135181480416e+01,3.834666695615259968e+00
7.907973706773364597e+01,4.009057304560728063e+00
7.909974278365247358e+01,4.661427572548043408e+00
7.911974849957131539e+01,3.696784432344254245e+00
7.913975421549014300e+01,4.012748775933376422e+00
7.915975993140898481e+01,3.907773502879580363e+00
7.917976564732781242e+01,3.577056312249209391e+00
7.919977136324664002e+01,4.355546964325929693e+00
7.921977707916548184e+01,3.734912629808740281e+00
7.923978279508430944e+01,3.368307396927344044e+00
7.925978851100315126e+01,3.334966880520194188e+00
7.927979422692197886e+01,2.901080533081209722e+00
7.929979994284082068e+01,3.640562482068586014e+00
7.931980565875964828e+01,2.954880476783915633e+00
7.933981137467849010e+01,2.579975933314075487e+00
7.935981709059731770e+01,3.222241058115196122e+00
7.937982280651614531e+01,2.886678832388039240e+00
7.939982852243498712e+01,2.888904789008388097e+00
7.941983423835381473e+01,1.859635423001474885e+00
7.943983995427265654e+01,1.986854984392477652e+00
7.945984567019148415e+01,2.641255144957440848e+00
7.947985138611032596e+01,2.599784044186423948e+00
7.949985710202915357e+01,2.642190262311461257e+00
7.951986281794799538e+01,1.861486150435780917e+00
7.953986853386682299e+01,1.895236034742552533e+00
7.955987424978565059e+01,2.567089221805086474e+00
7.957987996570449241e+01,2.312728840949081821e+00
7.959988568162332001e+01,2.425647697683769977e+00
7.961989139754216183e+01,1.579802853490585246e+00
7.963989711346098943e+01,1.113647594809076935e+00
7.965990282937983125e+01,2.426689732284464274e+00
7.967990854529865885e+01,1.816924866480380540e+00
7.969991426121750067e+01,1.664690263806723802e+00
7.971991997713632827e+01,1.616340117445200564e+00
7.973992569305515588e+01,1.968137856431426469e+00
7.975993140897399769e+01,1.871114828090293836e+00
7.977993712489282530e+01,2.030505678663501179e+00
7.979994284081166711e+01,1.212807842617786624e+00
7.981994855673049472e+01,2.644813386462536720e+00
7.983995427264933653e+01,1.582592078740222563e+00
7.985995998856816414e+01,2.072581969545343128e+00
7.987996570448700595e+01,1.765992744552690619e+00
7.989997142040583356e+01,1.587408838810707046e+00
7.991997713632466116e+01,1.846104069960525118e+00
7.993998285224350298e+01,2.208459114255959310e+00
7.995998856816233058e+01,1.449340071522547069e+00
7.997999428408117240e+01,8.539439161047209792e-01
8.000000000000000000e+01,1.926041129748098601e+00
