angle,intensity
1.000000000000000000e+01,4.519863831862306824e+01
1.002000571591883471e+01,4.672575579955876179e+01
1.004001143183766764e+01,4.685949280083251978e+01
1.006001714775650235e+01,4.809855549168513278e+01
1.008002286367533529e+01,4.848282078543722662e+01
1.010002857959417000e+01,4.903584847798070712e+01
1.012003429551300293e+01,5.007030912736379946e+01
1.014004001143183764e+01,5.040379030682034056e+01
1.016004572735067235e+01,5.098189543212991737e+01
1.018005144326950528e+01,5.164624647963260173e+01
1.020005715918833999e+01,5.221522974132123096e+01
1.022006287510717293e+01,5.240183977034461549e+01
1.024006859102600764e+01,5.226352743318690841e+01
1.026007430694484057e+01,5.284209749027974823e+01
1.028008002286367528e+01,5.303905039607299443e+01
1.030008573878250999e+01,5.274273565305178835e+01
1.032009145470134293e+01,5.272177770498803540e+01
1.034009717062017764e+01,5.286089757944257883e+01
1.036010288653901057e+01,5.308424278704482902e+01
1.038010860245784528e+01,5.192362475764994656e+01
1.040011431837667999e+01,5.233392077956202826e+01
1.042012003429551292e+01,5.063384348255777923e+01
1.044012575021434763e+01,4.981692381299897221e+01
1.046013146613318057e+01,4.957041477560650833e+01
1.048013718205201528e+01,4.807683900466788174e+01
1.050014289797084821e+01,4.614021859302704343e+01
1.052014861388968292e+01,4.399136876900172410e+01
1.054015432980851585e+01,4.214912986691817309e+01
1.056016004572735056e+01,4.062154577492756147e+01
1.058016576164618527e+01,3.809416214168772541e+01
1.060017147756501821e+01,3.659685351864443703e+01
1.062017719348385292e+01,3.384342903143206627e+01
1.064018290940268585e+01,3.136860257439555255e+01
1.066018862532152056e+01,2.951075294506548374e+01
1.068019434124035527e+01,2.703390263177554331e+01
1.070020005715918820e+01,2.529594145058823074e+01
1.072020577307802292e+01,2.442223407157961645e+01
1.074021148899685585e+01,2.147972853597534026e+01
1.076021720491569056e+01,2.035420993702885539e+01
1.078022292083452349e+01,1.899719578305794343e+01
1.080022863675335820e+01,1.886230740038373455e+01
1.082023435267219291e+01,1.836057031096288839e+01
1.084024006859102585e+01,1.741753530154399954e+01
1.086024578450986056e+01,1.746426496192266598e+01
1.088025150042869349e+01,1.628327595924257665e+01
1.090025721634752820e+01,1.702506977360702933e+01
1.092026293226636113e+01,1.708561680565398078e+01
1.094026864818519584e+01,1.699659747247297048e+01
1.096027436410403055e+01,1.592768886296230590e+01
1.098028008002286349e+01,1.635516763266818430e+01
1.100028579594169820e+01,1.612812187728408730e+01
1.102029151186053113e+01,1.735469516693889602e+01
1.104029722777936584e+01,1.681037261874967825e+01
1.106030294369819877e+01,1.657981633581515979e+01
1.108030865961703348e+01,1.767155063484657163e+01
1.110031437553586819e+01,1.712501755921352853e+01
1.112032009145470113e+01,1.787421725930211025e+01
1.114032580737353584e+01,1.743522841110898725e+01
1.116033152329236877e+01,1.740288291076204530e+01
1.118033723921120348e+01,1.849872594728808295e+01
1.120034295513003642e+01,1.834090589223601597e+01
1.122034867104887113e+01,1.854703673516509355e+01
1.124035438696770584e+01,1.812163180741147173e+01
1.126036010288653877e+01,1.905649840577995136e+01
1.128036581880537348e+01,1.937318082377936790e+01
1.130037153472420641e+01,1.874920953095744736e+01
1.132037725064304112e+01,1.909487177405206637e+01
1.134038296656187583e+01,1.961300244578061935e+01
1.136038868248070877e+01,1.973677877771144296e+01
1.138039439839954348e+01,2.029659490789595822e+01
1.140040011431837641e+01,2.087466762424810796e+01
1.142040583023721112e+01,2.055288553698377285e+01
1.144041154615604405e+01,2.111516012514281826e+01
1.146041726207487876e+01,2.142643053539860531e+01
1.148042297799371170e+01,2.138871165122941775e+01
1.150042869391254641e+01,2.196488015898147239e+01
1.152043440983138112e+01,2.195789596329232651e+01
1.154044012575021405e+01,2.203668629399554391e+01
1.156044584166904876e+01,2.290216009183809476e+01
1.158045155758788169e+01,2.249418930207106371e+01
1.160045727350671640e+01,2.335186594913817970e+01
1.162046298942555111e+01,2.334751127110496327e+01
1.164046870534438405e+01,2.387771946430562053e+01
1.166047442126321876e+01,2.350802953153346664e+01
1.168048013718205169e+01,2.372442545151796267e+01
1.170048585310088640e+01,2.425872943309564178e+01
1.172049156901971934e+01,2.419122510388626779e+01
1.174049728493855405e+01,2.404904152600524725e+01
1.176050300085738698e+01,2.435319677600331190e+01
1.178050871677622169e+01,2.483347760624683431e+01
1.180051443269505640e+01,2.455569243385249933e+01
1.182052014861388933e+01,2.394812221457947032e+01
1.184052586453272404e+01,2.358161955665741516e+01
1.186053158045155698e+01,2.345335589576863100e+01
1.188053729637039169e+01,2.265858719079500005e+01
1.190054301228922640e+01,2.250140769418155529e+01
1.192054872820805933e+01,2.192204761413998781e+01
1.194055444412689404e+01,2.227637007293007443e+01
1.196056016004572697e+01,2.095410341105371899e+01
1.198056587596456168e+01,1.956802737233822498e+01
1.200057159188339639e+01,1.934793185897676437e+01
1.202057730780222933e+01,1.886875552343919082e+01
1.204058302372106226e+01,1.729941917448017819e+01
1.206058873963989697e+01,1.584057532201330254e+01
1.208059445555873168e+01,1.546376224905901786e+01
1.210060017147756461e+01,1.512398362021148124e+01
1.212060588739639932e+01,1.403153574523686764e+01
1.214061160331523226e+01,1.355179068219526073e+01
1.216061731923406697e+01,1.245747647201432606e+01
1.218062303515290168e+01,1.228482917548392095e+01
1.220062875107173461e+01,1.118530211437901478e+01
1.222063446699056932e+01,1.116457925386465355e+01
1.224064018290940226e+01,1.114133651242040912e+01
1.226064589882823697e+01,1.059231284558460295e+01
1.228065161474707168e+01,1.004579313229507775e+01
1.230065733066590461e+01,9.943308810757544691e+00
1.232066304658473754e+01,9.860388831290535450e+00
1.234066876250357225e+01,9.988338588122744000e+00
1.236067447842240696e+01,1.020131627778600070e+01
1.238068019434123990e+01,1.034111498624968029e+01
1.240068591026007461e+01,1.054632897153291538e+01
1.242069162617890754e+01,9.922042279935222808e+00
1.244069734209774225e+01,9.734987891827010742e+00
1.246070305801657696e+01,9.903301498231865452e+00
1.248070877393540989e+01,1.031687222747216737e+01
1.250071448985424460e+01,1.033368233492236499e+01
1.252072020577307754e+01,1.067071206920248194e+01
1.254072592169191225e+01,1.096053976539773700e+01
1.256073163761074696e+01,1.154689180111721214e+01
1.258073735352957989e+01,1.173838905134712540e+01
1.260074306944841460e+01,1.132818191231649507e+01
1.262074878536724754e+01,1.183937860289405108e+01
1.264075450128608225e+01,1.186119689671915012e+01
1.266076021720491518e+01,1.232443137548854217e+01
1.268076593312374989e+01,1.125338308742855631e+01
1.270077164904258282e+01,1.197691636745681976e+01
1.272077736496141753e+01,1.147849521027052155e+01
1.274078308088025224e+01,1.286355852078155060e+01
1.276078879679908518e+01,1.209268783264072411e+01
1.278079451271791989e+01,1.287479372649019460e+01
1.280080022863675282e+01,1.322778299500804167e+01
1.282080594455558753e+01,1.350529892256342990e+01
1.284081166047442224e+01,1.344853609638300362e+01
1.286081737639325517e+01,1.355213772255292781e+01
1.288082309231208988e+01,1.374273786019226762e+01
1.290082880823092282e+01,1.447873428427634934e+01
1.292083452414975753e+01,1.454450945872318002e+01
1.294084024006859224e+01,1.429232896008005405e+01
1.296084595598742517e+01,1.525639566582899675e+01
1.298085167190625810e+01,1.473039296208855120e+01
1.300085738782509281e+01,1.515371583028984759e+01
1.302086310374392752e+01,1.540132011449335359e+01
1.304086881966276046e+01,1.594514507431572170e+01
1.306087453558159517e+01,1.596024337400650595e+01
1.308088025150042810e+01,1.598843330602742085e+01
1.310088596741926281e+01,1.633398193725656711e+01
1.312089168333809752e+01,1.716476949166122878e+01
1.314089739925693046e+01,1.740563075688335815e+01
1.316090311517576517e+01,1.762172389900369751e+01
1.318090883109459810e+01,1.704925567611563153e+01
1.320091454701343281e+01,1.833837713900648581e+01
1.322092026293226752e+01,1.787483281637638655e+01
1.324092597885110045e+01,1.890871928448567019e+01
1.326093169476993339e+01,1.908924325466193395e+01
1.328093741068876810e+01,1.935287118469187106e+01
1.330094312660760281e+01,1.957872245553026147e+01
1.332094884252643574e+01,1.957690403241505095e+01
1.334095455844527045e+01,1.982781304295218305e+01
1.336096027436410338e+01,2.100139893461242124e+01
1.338096599028293809e+01,2.058014304683221596e+01
1.340097170620177280e+01,2.172481613017013657e+01
1.342097742212060574e+01,2.227945701123602973e+01
1.344098313803944045e+01,2.188098259092149789e+01
1.346098885395827338e+01,2.131984324904993144e+01
1.348099456987710809e+01,2.279158384990868669e+01
1.350100028579594280e+01,2.301560590158033648e+01
1.352100600171477573e+01,2.364514540580361412e+01
1.354101171763361044e+01,2.437746583342879347e+01
1.356101743355244338e+01,2.463450367109166805e+01
1.358102314947127809e+01,2.379115237528116822e+01
1.360102886539011102e+01,2.434851545488779578e+01
1.362103458130894573e+01,2.496213786563854953e+01
1.364104029722777867e+01,2.506446346022761062e+01
1.366104601314661338e+01,2.513892682988134553e+01
1.368105172906544809e+01,2.552373324521350639e+01
1.370105744498428102e+01,2.556484615235702051e+01
1.372106316090311573e+01,2.574350110113378065e+01
1.374106887682194866e+01,2.573666923197432155e+01
1.376107459274078337e+01,2.615479671147320317e+01
1.378108030865961808e+01,2.591894910520483819e+01
1.380108602457845102e+01,2.479846832446152405e+01
1.382109174049728573e+01,2.535553755323025626e+01
1.384109745641611866e+01,2.496471279257573528e+01
1.386110317233495337e+01,2.393627130630484956e+01
1.388110888825378808e+01,2.357520313601362716e+01
1.390111460417262101e+01,2.229485735776865241e+01
1.392112032009145395e+01,2.218052072512928419e+01
1.394112603601028866e+01,2.138888176878866076e+01
1.396113175192912337e+01,1.990312385328073219e+01
1.398113746784795630e+01,1.875430485213042076e+01
1.400114318376679101e+01,1.740683098787189564e+01
1.402114889968562395e+01,1.709252787285184283e+01
1.404115461560445866e+01,1.510805154908684500e+01
1.406116033152329337e+01,1.466384652665874455e+01
1.408116604744212630e+01,1.413679125500329548e+01
1.410117176336095923e+01,1.227760425662682309e+01
1.412117747927979394e+01,1.188321303214828006e+01
1.414118319519862865e+01,1.111589283193340449e+01
1.416118891111746336e+01,9.855789159137669841e+00
1.418119462703629630e+01,1.071756633325257013e+01
1.420120034295512923e+01,9.641281290384618785e+00
1.422120605887396394e+01,9.425216143029254923e+00
1.424121177479279865e+01,8.140767406618445889e+00
1.426121749071163336e+01,7.526796217623811458e+00
1.428122320663046629e+01,8.269060206676739355e+00
1.430122892254929923e+01,8.259217849014135027e+00
1.432123463846813394e+01,8.018844289659606162e+00
1.434124035438696865e+01,7.930849981682758454e+00
1.436124607030580158e+01,7.741387779210731068e+00
1.438125178622463629e+01,7.737825303899501961e+00
1.440125750214346922e+01,7.934056272914972396e+00
1.442126321806230393e+01,7.129541666557648760e+00
1.444126893398113864e+01,7.574793808125381389e+00
1.446127464989997158e+01,7.034164976779281986e+00
1.448128036581880451e+01,7.512315792385075852e+00
1.450128608173763922e+01,7.845710049549785126e+00
1.452129179765647393e+01,7.386552969009439806e+00
1.454129751357530864e+01,6.928502669074060094e+00
1.456130322949414158e+01,7.914155221650512217e+00
1.458130894541297451e+01,7.031540118523501803e+00
1.460131466133180922e+01,8.317577470967961517e+00
1.462132037725064393e+01,7.824729587960084665e+00
1.464132609316947686e+01,9.106548948144528310e+00
1.466133180908831157e+01,8.020882616811896071e+00
1.468133752500714451e+01,8.613513637514794041e+00
1.470134324092597922e+01,8.771655318356959441e+00
1.472134895684481393e+01,8.710395702224429826e+00
1.474135467276364686e+01,8.460345855706979279e+00
1.476136038868247979e+01,8.821073743757862573e+00
1.478136610460131450e+01,9.901907847622064551e+00
1.480137182052014921e+01,9.818052574954124978e+00
1.482137753643898392e+01,9.270371220821875369e+00
1.484138325235781686e+01,1.036060543155381453e+01
1.486138896827664979e+01,1.005632695905893037e+01
1.488139468419548450e+01,1.026085214734636786e+01
1.490140040011431921e+01,1.026887780415905382e+01
1.492140611603315392e+01,1.070933736671543812e+01
1.494141183195198685e+01,1.077608233995917431e+01
1.496141754787081979e+01,1.118848589680817796e+01
1.498142326378965450e+01,1.166325841006363717e+01
1.500142897970848921e+01,1.161986389056264279e+01
1.502143469562732214e+01,1.161899038891842295e+01
1.504144041154615508e+01,1.148177857806009605e+01
1.506144612746498979e+01,1.255397385599183302e+01
1.508145184338382450e+01,1.297153131348073174e+01
1.510145755930265921e+01,1.362188831654312793e+01
1.512146327522149214e+01,1.288592675724510883e+01
1.514146899114032507e+01,1.418019496356084375e+01
1.516147470705915978e+01,1.509997068038757817e+01
1.518148042297799449e+01,1.479191041710964072e+01
1.520148613889682920e+01,1.498571131921350741e+01
1.522149185481566214e+01,1.567089149233209255e+01
1.524149757073449507e+01,1.553912115225725188e+01
1.526150328665332978e+01,1.698909965434561897e+01
1.528150900257216449e+01,1.679038151553857716e+01
1.530151471849099742e+01,1.805640354463881181e+01
1.532152043440983036e+01,1.751742856485464017e+01
1.534152615032866507e+01,1.794862626349647172e+01
1.536153186624749978e+01,1.873610191074011766e+01
1.538153758216633449e+01,2.025287474902741636e+01
1.540154329808516742e+01,2.008124268741979890e+01
1.542154901400400036e+01,2.091452455636594721e+01
1.544155472992283507e+01,2.082908281553259400e+01
1.546156044584166978e+01,2.106149048090728115e+01
1.548156616176050449e+01,2.269680263416924504e+01
1.550157187767933742e+01,2.279407587557450299e+01
1.552157759359817035e+01,2.433267401770390848e+01
1.554158330951700506e+01,2.452685548093466039e+01
1.556158902543583977e+01,2.541857056578522389e+01
1.558159474135467271e+01,2.522098161846866304e+01
1.560160045727350742e+01,2.653788624601929413e+01
1.562160617319234035e+01,2.753204779172815364e+01
1.564161188911117506e+01,2.840586451135953183e+01
1.566161760503000977e+01,2.970626052856794530e+01
1.568162332094884270e+01,2.932010888356165523e+01
1.570162903686767564e+01,3.137696349840458154e+01
1.572163475278651035e+01,3.196519524215639763e+01
1.574164046870534506e+01,3.197130917322312271e+01
1.576164618462417977e+01,3.381652027953366257e+01
1.578165190054301270e+01,3.435928239265631134e+01
1.580165761646184563e+01,3.583710999905254369e+01
1.582166333238068034e+01,3.630245633879844291e+01
1.584166904829951505e+01,3.829928464516351738e+01
1.586167476421834799e+01,3.845501408101979024e+01
1.588168048013718270e+01,3.955221666167855687e+01
1.590168619605601563e+01,4.131388208715372912e+01
1.592169191197485034e+01,4.196849764451364706e+01
1.594169762789368505e+01,4.316578437741782182e+01
1.596170334381251799e+01,4.427386321930427471e+01
1.598170905973135092e+01,4.510033294811388771e+01
1.600171477565018563e+01,4.613650933139832944e+01
1.602172049156902034e+01,4.781849699538416587e+01
1.604172620748785505e+01,4.827195263750573417e+01
1.606173192340668976e+01,4.936079387404007690e+01
1.608173763932552092e+01,5.053156433448464213e+01
1.610174335524435563e+01,5.140426867917280163e+01
1.612174907116319034e+01,5.231065460398232858e+01
1.614175478708202505e+01,5.241069038913054356e+01
1.616176050300085620e+01,5.278981177867972718e+01
1.618176621891969091e+01,5.399746549376534688e+01
1.620177193483852562e+01,5.301169080063849037e+01
1.622177765075736033e+01,5.381793902026385013e+01
1.624178336667619504e+01,5.316244395502062758e+01
1.626178908259502620e+01,5.313222971579492082e+01
1.628179479851386091e+01,5.170080636352597026e+01
1.630180051443269562e+01,5.199700647515019369e+01
1.632180623035153033e+01,5.049049692605068174e+01
1.634181194627036149e+01,4.970110059517795520e+01
1.636181766218919620e+01,4.839657412377805201e+01
1.638182337810803091e+01,4.749471139014600141e+01
1.640182909402686562e+01,4.603233204760713448e+01
1.642183480994570033e+01,4.417656482787893424e+01
1.644184052586453504e+01,4.332305045266251398e+01
1.646184624178336620e+01,4.329643444741419245e+01
1.648185195770220091e+01,4.115516054300314153e+01
1.650185767362103562e+01,4.063684938365891242e+01
1.652186338953986677e+01,4.051863194199288642e+01
1.654186910545870148e+01,3.988426955318665534e+01
1.656187482137753619e+01,3.909679658950861381e+01
1.658188053729637090e+01,3.916196514997407974e+01
1.660188625321520561e+01,3.931608347719723184e+01
1.662189196913404032e+01,3.991170820715048251e+01
1.664189768505287148e+01,3.960799525218500605e+01
1.666190340097170619e+01,4.121688430330089403e+01
1.668190911689054090e+01,4.120129958869866726e+01
1.670191483280937561e+01,4.252372821648393142e+01
1.672192054872820677e+01,4.280855464547373401e+01
1.674192626464704148e+01,4.413387777511030663e+01
1.676193198056587619e+01,4.363511808085628019e+01
1.678193769648471090e+01,4.537702465984598632e+01
1.680194341240354561e+01,4.589923695164621620e+01
1.682194912832238032e+01,4.542043319134548796e+01
1.684195484424121148e+01,4.680922452265465949e+01
1.686196056016004619e+01,4.721593798508065731e+01
1.688196627607888090e+01,4.715616833573159283e+01
1.690197199199771205e+01,4.828227635988752553e+01
1.692197770791654676e+01,4.837383330592871999e+01
1.694198342383538147e+01,4.770368648548359403e+01
1.696198913975421618e+01,4.805684730623772793e+01
1.698199485567305089e+01,4.840346830913629361e+01
1.700200057159188560e+01,4.735974136700870218e+01
1.702200628751071676e+01,4.675652365962945112e+01
1.704201200342955147e+01,4.566525308902576086e+01
1.706201771934838618e+01,4.473099405480350299e+01
1.708202343526722089e+01,4.242296837558468070e+01
1.710202915118605205e+01,4.135549443049666252e+01
1.712203486710488676e+01,3.954591751050446646e+01
1.714204058302372147e+01,3.751105253060396194e+01
1.716204629894255618e+01,3.619417760476719792e+01
1.718205201486139089e+01,3.340080078184966794e+01
1.720205773078022204e+01,3.186863315989223011e+01
1.722206344669905675e+01,3.002489418634858254e+01
1.724206916261789146e+01,2.783203152635965694e+01
1.726207487853672617e+01,2.623387264863267276e+01
1.728208059445555733e+01,2.365976467351661228e+01
1.730208631037439204e+01,2.206423463208968272e+01
1.732209202629322675e+01,2.060271156268174764e+01
1.734209774221206146e+01,1.922055836539942320e+01
1.736210345813089617e+01,1.730873163108475055e+01
1.738210917404973088e+01,1.617178193334623870e+01
1.740211488996856204e+01,1.563650314072950032e+01
1.742212060588739675e+01,1.445514952272267273e+01
1.744212632180623146e+01,1.349296059929681491e+01
1.746213203772506262e+01,1.283403421374427644e+01
1.748213775364389733e+01,1.178391315657371408e+01
1.750214346956273204e+01,1.070749644362232900e+01
1.752214918548156675e+01,1.049861706737203093e+01
1.754215490140040146e+01,8.999215622864966235e+00
1.756216061731923617e+01,9.854952837905662122e+00
1.758216633323806732e+01,9.775849518441139807e+00
1.760217204915690203e+01,8.682727792967057212e+00
1.762217776507573674e+01,8.294596945981588476e+00
1.764218348099457145e+01,7.890367043228883048e+00
1.766218919691340261e+01,8.677615808745470005e+00
1.768219491283223732e+01,6.786059108466408141e+00
1.770220062875107203e+01,7.760408206658556907e+00
1.772220634466990674e+01,7.278969010326395761e+00
1.774221206058874145e+01,7.379820564285789253e+00
1.776221777650757616e+01,7.039197554979816474e+00
1.778222349242640732e+01,7.361442608280935218e+00
1.780222920834524203e+01,6.565690434063586878e+00
1.782223492426407674e+01,7.163521870084220033e+00
1.784224064018290790e+01,7.035332698050714484e+00
1.786224635610174261e+01,7.292980044690047237e+00
1.788225207202057732e+01,7.057733652354665210e+00
1.790225778793941203e+01,7.188012853789059520e+00
1.792226350385824674e+01,6.426360364999789354e+00
1.794226921977708145e+01,6.189785453721134090e+00
1.796227493569591260e+01,6.506099234140336307e+00
1.798228065161474731e+01,6.888159157256695586e+00
1.800228636753358202e+01,6.070210439169217764e+00
1.802229208345241318e+01,5.757232544018616949e+00
1.804229779937124789e+01,6.009991954655025559e+00
1.806230351529008260e+01,5.877979515178267000e+00
1.808230923120891731e+01,5.567908080220170142e+00
1.810231494712775202e+01,6.530485667904334157e+00
1.812232066304658673e+01,5.634661993646808753e+00
1.814232637896542144e+01,5.333926340559963286e+00
1.816233209488425260e+01,5.958402055336669889e+00
1.818233781080308731e+01,5.488395787422366112e+00
1.820234352672191847e+01,5.416519186425590604e+00
1.822234924264075318e+01,5.280277161536655051e+00
1.824235495855958789e+01,6.136424968988510642e+00
1.826236067447842260e+01,5.952377123325919506e+00
1.828236639039725731e+01,5.460300088801791851e+00
1.830237210631609202e+01,5.520233035305427194e+00
1.832237782223492673e+01,6.203345225956028663e+00
1.834238353815375788e+01,5.930154323108878245e+00
1.836238925407259259e+01,5.872765574859299065e+00
1.838239496999142730e+01,5.753348989481036568e+00
1.840240068591025846e+01,6.129321407078725414e+00
1.842240640182909317e+01,6.648657260203945540e+00
1.844241211774792788e+01,6.724868386760970651e+00
1.846241783366676259e+01,6.294055400488267615e+00
1.848242354958559730e+01,6.255580757944811054e+00
1.850242926550443201e+01,6.394342607682090396e+00
1.852243498142326672e+01,6.966741271566840865e+00
1.854244069734209788e+01,7.021067153090394086e+00
1.856244641326093259e+01,6.249804977989255939e+00
1.858245212917976374e+01,6.168899908680044675e+00
1.860245784509859845e+01,7.014390042528368951e+00
1.862246356101743316e+01,7.662707302621280192e+00
1.864246927693626787e+01,7.663166749042363612e+00
1.866247499285510258e+01,7.195109356582804594e+00
1.868248070877393729e+01,8.086391451666047558e+00
1.870248642469277200e+01,8.430969723218353806e+00
1.872249214061160316e+01,8.982230125841830670e+00
1.874249785653043787e+01,7.799929083681570674e+00
1.876250357244927258e+01,9.050922690550873284e+00
1.878250928836810374e+01,9.185507794030872475e+00
1.880251500428693845e+01,9.220728782269276280e+00
1.882252072020577316e+01,9.348463575655159730e+00
1.884252643612460787e+01,1.046099201997902384e+01
1.886253215204344258e+01,1.055675036120560506e+01
1.888253786796227729e+01,9.702529830761935870e+00
1.890254358388111200e+01,1.064713426253548434e+01
1.892254929979994316e+01,1.044259997785806782e+01
1.894255501571877787e+01,1.181718571378407745e+01
1.896256073163760902e+01,1.227208567768608383e+01
1.898256644755644373e+01,1.196373570553759613e+01
1.900257216347527844e+01,1.245873900757014496e+01
1.902257787939411315e+01,1.262510498966533845e+01
1.904258359531294786e+01,1.313700794171276698e+01
1.906258931123178257e+01,1.378140828896410142e+01
1.908259502715061728e+01,1.478271776320320186e+01
1.910260074306944844e+01,1.475750737775346977e+01
1.912260645898828315e+01,1.558391977997611733e+01
1.914261217490711431e+01,1.614883614067396422e+01
1.916261789082594902e+01,1.598654181120313744e+01
1.918262360674478373e+01,1.745922120276812706e+01
1.920262932266361844e+01,1.764444486328723016e+01
1.922263503858245315e+01,1.778450844444809320e+01
1.924264075450128786e+01,1.826926900445653956e+01
1.926264647042012257e+01,1.906836158058381869e+01
1.928265218633895373e+01,1.990820461029036892e+01
1.930265790225778844e+01,2.024431736936459458e+01
1.932266361817662315e+01,2.064337700819902466e+01
1.934266933409545430e+01,2.166890440898989922e+01
1.936267505001428901e+01,2.273715526624258132e+01
1.938268076593312372e+01,2.325552913447758385e+01
1.940268648185195843e+01,2.392234173034960065e+01
1.942269219777079314e+01,2.423309575113221825e+01
1.944269791368962785e+01,2.538904020283881380e+01
1.946270362960846256e+01,2.538045871396572650e+01
1.948270934552729372e+01,2.591984069137665614e+01
1.950271506144612843e+01,2.655263193075515460e+01
1.952272077736495959e+01,2.621126474723447330e+01
1.954272649328379430e+01,2.760918847494134098e+01
1.956273220920262901e+01,2.827191399310167697e+01
1.958273792512146372e+01,2.833149022724864352e+01
1.960274364104029843e+01,2.847466078480245244e+01
1.962274935695913314e+01,2.826712242065963920e+01
1.964275507287796785e+01,2.959707955018314607e+01
1.966276078879679901e+01,2.888176073946779354e+01
1.968276650471563372e+01,2.868903938719732949e+01
1.970277222063446487e+01,2.981548999787233356e+01
1.972277793655329958e+01,2.898817858659930025e+01
1.974278365247213429e+01,2.863833157574748611e+01
1.976278936839096900e+01,2.819364860492578728e+01
1.978279508430980371e+01,2.853534390825924305e+01
1.980280080022863842e+01,2.800721019153128211e+01
1.982280651614747313e+01,2.778115060702360495e+01
1.984281223206630784e+01,2.656529291822901939e+01
1.986281794798513900e+01,2.573634201127016752e+01
1.988282366390397371e+01,2.625476285083107797e+01
1.990282937982280487e+01,2.528308055245093300e+01
1.992283509574163958e+01,2.507383696168795950e+01
1.994284081166047429e+01,2.350710956144222763e+01
1.996284652757930900e+01,2.354153310552805323e+01
1.998285224349814371e+01,2.286311173372426708e+01
2.000285795941697842e+01,2.206710148377226233e+01
2.002286367533581313e+01,2.120687108206119120e+01
2.004286939125464428e+01,2.142679039235620309e+01
2.006287510717347899e+01,1.938855920650285469e+01
2.008288082309231015e+01,1.867688504972460350e+01
2.010288653901114486e+01,1.834594803050251244e+01
2.012289225492997957e+01,1.739249075228617514e+01
2.014289797084881428e+01,1.589602998065912942e+01
2.016290368676764899e+01,1.531026695472063537e+01
2.018290940268648370e+01,1.464561248750734457e+01
2.020291511860531841e+01,1.423317937393186838e+01
2.022292083452414957e+01,1.332575467094264710e+01
2.024292655044298428e+01,1.267369531266111515e+01
2.026293226636181899e+01,1.269325732291808606e+01
2.028293798228065015e+01,1.316138282871961529e+01
2.030294369819948486e+01,1.206793263333930710e+01
2.032294941411831957e+01,1.308034515684150989e+01
2.034295513003715428e+01,1.253010176264361775e+01
2.036296084595598899e+01,1.313461314722865048e+01
2.038296656187482370e+01,1.311121701056590183e+01
2.040297227779365841e+01,1.307768618065620814e+01
2.042297799371248956e+01,1.360742966575290325e+01
2.044298370963132427e+01,1.330712346439091220e+01
2.046298942555015543e+01,1.431816293679325014e+01
2.048299514146899014e+01,1.475782608878030544e+01
2.050300085738782485e+01,1.489568323184530385e+01
2.052300657330665956e+01,1.623493728763318700e+01
2.054301228922549427e+01,1.533573931805123536e+01
2.056301800514432898e+01,1.638071853791982591e+01
2.058302372106316369e+01,1.658542819061465678e+01
2.060302943698199485e+01,1.676449123373477335e+01
2.062303515290082956e+01,1.814485923625405306e+01
2.064304086881966072e+01,1.910122368819710204e+01
2.066304658473849543e+01,1.862793235369527878e+01
2.068305230065733014e+01,1.967736675282834469e+01
2.070305801657616485e+01,1.993535389329194629e+01
2.072306373249499956e+01,2.048112369701384239e+01
2.074306944841383427e+01,2.153365411380885064e+01
2.076307516433266898e+01,2.274587240018489709e+01
2.078308088025150369e+01,2.382675317892228151e+01
2.080308659617033484e+01,2.421787518178747689e+01
2.082309231208916955e+01,2.531395567120482326e+01
2.084309802800800071e+01,2.525549134084689484e+01
2.086310374392683542e+01,2.637790693044028956e+01
2.088310945984567013e+01,2.727961877532828439e+01
2.090311517576450484e+01,2.873983910166856859e+01
2.092312089168333955e+01,2.879460897462011104e+01
2.094312660760217426e+01,2.963053931757993809e+01
2.096313232352100897e+01,3.072927414667944390e+01
2.098313803943984013e+01,3.111297635566715769e+01
2.100314375535867484e+01,3.223912562289579142e+01
2.102314947127750600e+01,3.254728617186533768e+01
2.104315518719634071e+01,3.308452604716737255e+01
2.106316090311517542e+01,3.393875047123211885e+01
2.108316661903401013e+01,3.491491821300041920e+01
2.110317233495284484e+01,3.448865636805113155e+01
2.112317805087167955e+01,3.462864096532757685e+01
2.114318376679051426e+01,3.505101463664913553e+01
2.116318948270934541e+01,3.486582977823447038e+01
2.118319519862818012e+01,3.423736704284458199e+01
2.120320091454701483e+01,3.401306414319557092e+01
2.122320663046584599e+01,3.438069025107782295e+01
2.124321234638468070e+01,3.429638895124534770e+01
2.126321806230351541e+01,3.403923956344968360e+01
2.128322377822235012e+01,3.285970181756007946e+01
2.130322949414118483e+01,3.254419727828517495e+01
2.132323521006001954e+01,3.130349385306402965e+01
2.134324092597885425e+01,3.208862633368737249e+01
2.136324664189768541e+01,3.138777476366769648e+01
2.138325235781652012e+01,2.963486935034782377e+01
2.140325807373535127e+01,2.906223272846268912e+01
2.142326378965418598e+01,2.874835874425629711e+01
2.144326950557302069e+01,2.810448251054821256e+01
2.146327522149185540e+01,2.720218817273525858e+01
2.148328093741069011e+01,2.642013047554562988e+01
2.150328665332952482e+01,2.511982558743739347e+01
2.152329236924835953e+01,2.420096099166999082e+01
2.154329808516719069e+01,2.294095682604052655e+01
2.156330380108602540e+01,2.181791481333507932e+01
2.158330951700485656e+01,2.049999723786902095e+01
2.160331523292369127e+01,1.890435766842642451e+01
2.162332094884252598e+01,1.751110796849236095e+01
2.164332666476136069e+01,1.726515301882865572e+01
2.166333238068019540e+01,1.522002056055540109e+01
2.168333809659903011e+01,1.390512149042044854e+01
2.170334381251786482e+01,1.296197095911225183e+01
2.172334952843669598e+01,1.191293729653802913e+01
2.174335524435553069e+01,1.152496857055431967e+01
2.176336096027436540e+01,1.043377862491714403e+01
2.178336667619319655e+01,9.429499568765418616e+00
2.180337239211203126e+01,8.923212181863121373e+00
2.182337810803086597e+01,8.659643692975041773e+00
2.184338382394970068e+01,7.706031412282118964e+00
2.186338953986853539e+01,7.494550883850858547e+00
2.188339525578737010e+01,6.739271733079982063e+00
2.190340097170620481e+01,6.726696297779213296e+00
2.192340668762503597e+01,6.648003836859062154e+00
2.194341240354387068e+01,6.605665417054543020e+00
2.196341811946270184e+01,6.771456304349511512e+00
2.198342383538153655e+01,6.579889776903806720e+00
2.200342955130037126e+01,5.947115535117860396e+00
2.202343526721920597e+01,5.340476045675439210e+00
2.204344098313804068e+01,6.653003661321868378e+00
2.206344669905687539e+01,5.951396492828195051e+00
2.208345241497571010e+01,5.619822635796776211e+00
2.210345813089454126e+01,6.284710165905879720e+00
2.212346384681337597e+01,6.760955993285081789e+00
2.214346956273221068e+01,6.001353040467135358e+00
2.216347527865104183e+01,5.930275890197690636e+00
2.218348099456987654e+01,6.917681724624495487e+00
2.220348671048871125e+01,6.880565391389622754e+00
2.222349242640754596e+01,5.985503106201639056e+00
2.224349814232638067e+01,5.597439886321264879e+00
2.226350385824521538e+01,6.468343308738157660e+00
2.228350957416405009e+01,6.482857854791305385e+00
2.230351529008288125e+01,6.422291333955604031e+00
2.232352100600171596e+01,7.197495169895148592e+00
2.234352672192054712e+01,6.452668535863567811e+00
2.236353243783938183e+01,7.263729045476404522e+00
2.238353815375821654e+01,6.800732703165740745e+00
2.240354386967705125e+01,6.407646586204242212e+00
2.242354958559588596e+01,6.152800108869827866e+00
2.244355530151472067e+01,5.810752004113136415e+00
2.246356101743355538e+01,6.910628483954441847e+00
2.248356673335238654e+01,6.911549010865409848e+00
2.250357244927122125e+01,6.120344079923746961e+00
2.252357816519005240e+01,6.516109679833572699e+00
2.254358388110888711e+01,6.465418811595720960e+00
2.256358959702772182e+01,6.193346152947722061e+00
2.258359531294655653e+01,5.797747305780244886e+00
2.260360102886539124e+01,6.409432057952097139e+00
2.262360674478422595e+01,6.910275273976575150e+00
2.264361246070306066e+01,7.344287199398559451e+00
2.266361817662189182e+01,6.622979018732377376e+00
2.268362389254072653e+01,7.408056008272681403e+00
2.270362960845956124e+01,7.058844074478235697e+00
2.272363532437839240e+01,6.756857034107864202e+00
2.274364104029722711e+01,7.728317298835022164e+00
2.276364675621606182e+01,7.482603632030402352e+00
2.278365247213489653e+01,7.345281137352781542e+00
2.280365818805373124e+01,7.795916949700691490e+00
2.282366390397256595e+01,7.624540457338431665e+00
2.284366961989140066e+01,7.931620525647332443e+00
2.286367533581023181e+01,8.744881168883940958e+00
2.288368105172906652e+01,8.103485539722386832e+00
2.290368676764789768e+01,8.244275702629785485e+00
2.292369248356673239e+01,8.216133182935994483e+00
2.294369819948556710e+01,9.310371190023186472e+00
2.296370391540440181e+01,1.016072954761202141e+01
2.298370963132323652e+01,9.451715431899263109e+00
2.300371534724207123e+01,9.531832207684335145e+00
2.302372106316090594e+01,9.443278737147679180e+00
2.304372677907973710e+01,1.004238913362500618e+01
2.306373249499857181e+01,1.107474488218509201e+01
2.308373821091740652e+01,1.093328483279553076e+01
2.310374392683623768e+01,1.100208383110008015e+01
2.312374964275507239e+01,1.194990418505219054e+01
2.314375535867390710e+01,1.219460795056983216e+01
2.316376107459274181e+01,1.203137540083210766e+01
2.318376679051157652e+01,1.299700042495793539e+01
2.320377250643041123e+01,1.310642971470547558e+01
2.322377822234924594e+01,1.346856536155613071e+01
2.324378393826807709e+01,1.407882810751211267e+01
2.326378965418691180e+01,1.389404704071044705e+01
2.328379537010574296e+01,1.537254431920808884e+01
2.330380108602457767e+01,1.517121361568635685e+01
2.332380680194341238e+01,1.483721860103526780e+01
2.334381251786224709e+01,1.612515460745281359e+01
2.336381823378108180e+01,1.628155299665275635e+01
2.338382394969991651e+01,1.673460796650930860e+01
2.340382966561875122e+01,1.589607013810066505e+01
2.342383538153758238e+01,1.681969418349266121e+01
2.344384109745641709e+01,1.749704664807375565e+01
2.346384681337524825e+01,1.819435899552812685e+01
2.348385252929408296e+01,1.788846595670606021e+01
2.350385824521291767e+01,1.821026156841859134e+01
2.352386396113175238e+01,1.822430320097140566e+01
2.354386967705058709e+01,1.841395870022729042e+01
2.356387539296942180e+01,1.898738343779171345e+01
2.358388110888825651e+01,1.856054953946648567e+01
2.360388682480708766e+01,1.937236837936933398e+01
2.362389254072592237e+01,2.054103401052086042e+01
2.364389825664475708e+01,2.084918893065032819e+01
2.366390397256358824e+01,2.048825113146236632e+01
2.368390968848242295e+01,2.247338542207493717e+01
2.370391540440125766e+01,2.149774059116800373e+01
2.372392112032009237e+01,2.367540558358255964e+01
2.374392683623892708e+01,2.357706143583171610e+01
2.376393255215776179e+01,2.466620298836308933e+01
2.378393826807659650e+01,2.549039309733060321e+01
2.380394398399542766e+01,2.581636352099566167e+01
2.382394969991426237e+01,2.632609646073115783e+01
2.384395541583309353e+01,2.769340746254540520e+01
2.386396113175192824e+01,2.775815556995603473e+01
2.388396684767076295e+01,2.837837394300778016e+01
2.390397256358959766e+01,2.905418163016107869e+01
2.392397827950843237e+01,3.003432191563548415e+01
2.394398399542726708e+01,2.990401568996517412e+01
2.396398971134610179e+01,3.124683215505921652e+01
2.398399542726493294e+01,3.166036664835047176e+01
2.400400114318376765e+01,3.160628569933898291e+01
2.402400685910260236e+01,3.188184677976442671e+01
2.404401257502143352e+01,3.191033150929274953e+01
2.406401829094026823e+01,3.128061087442885224e+01
2.408402400685910294e+01,3.054624939551210971e+01
2.410402972277793765e+01,3.109201372541210873e+01
2.412403543869677236e+01,3.034946334023713987e+01
2.414404115461560707e+01,2.902046699991107204e+01
2.416404687053444178e+01,2.849059194456295074e+01
2.418405258645327294e+01,2.651027801004897455e+01
2.420405830237210765e+01,2.593962547519931761e+01
2.422406401829093880e+01,2.448680914469223779e+01
2.424406973420977351e+01,2.366144861867586258e+01
2.426407545012860822e+01,2.200297283908134460e+01
2.428408116604744293e+01,1.986147823469595863e+01
2.430408688196627764e+01,1.961782912290621184e+01
2.432409259788511235e+01,1.753219501553303417e+01
2.434409831380394706e+01,1.543026570803075259e+01
2.436410402972277822e+01,1.438490782999098272e+01
2.438410974564161293e+01,1.384567228138017825e+01
2.440411546156044409e+01,1.200926482770018033e+01
2.442412117747927880e+01,1.135974116249077781e+01
2.444412689339811351e+01,1.047492819716073242e+01
2.446413260931694822e+01,8.941448885189263507e+00
2.448413832523578293e+01,8.144435768962292599e+00
2.450414404115461764e+01,8.652196545167415209e+00
2.452414975707345235e+01,7.767558535086649840e+00
2.454415547299228351e+01,7.205866189490249596e+00
2.456416118891111822e+01,7.258178886298413346e+00
2.458416690482995293e+01,7.368152311780994168e+00
2.460417262074878408e+01,7.302995104742524113e+00
2.462417833666761879e+01,7.402616761759285069e+00
2.464418405258645350e+01,7.163687724217813191e+00
2.466418976850528821e+01,7.125766314855776606e+00
2.468419548442412292e+01,7.815166350621770341e+00
2.470420120034295763e+01,6.853704290926774689e+00
2.472420691626179234e+01,7.506353730056347651e+00
2.474421263218062350e+01,7.121096522639886572e+00
2.476421834809945821e+01,7.150815442095668217e+00
2.478422406401828937e+01,7.989510093626147835e+00
2.480422977993712408e+01,8.124252568691899157e+00
2.482423549585595879e+01,8.429810543952077850e+00
2.484424121177479350e+01,8.906431926565549162e+00
2.486424692769362821e+01,9.174221933920097882e+00
2.488425264361246292e+01,9.391626357815503923e+00
2.490425835953129763e+01,9.997110778857443592e+00
2.492426407545012879e+01,9.627635424905097494e+00
2.494426979136896350e+01,1.103975247192926901e+01
2.496427550728779821e+01,1.137305303617204544e+01
2.498428122320662936e+01,1.198592573819599316e+01
2.500428693912546407e+01,1.265266760963639037e+01
2.502429265504429878e+01,1.363178015354107941e+01
2.504429837096313349e+01,1.416313099842491319e+01
2.506430408688196820e+01,1.393336554636934110e+01
2.508430980280080291e+01,1.489838161368750313e+01
2.510431551871963762e+01,1.566253768245940847e+01
2.512432123463846878e+01,1.689634168637568123e+01
2.514432695055730349e+01,1.789934429414060446e+01
2.516433266647613465e+01,1.871022623870670998e+01
2.518433838239496936e+01,1.828249679544769180e+01
2.520434409831380407e+01,2.037268147760666892e+01
2.522434981423263878e+01,2.075270244583176904e+01
2.524435553015147349e+01,2.112477301795752993e+01
2.526436124607030820e+01,2.230871962220596672e+01
2.528436696198914291e+01,2.308277202525213667e+01
2.530437267790797407e+01,2.499577765383373773e+01
2.532437839382680878e+01,2.607714732390455126e+01
2.534438410974563993e+01,2.616085217361464998e+01
2.536438982566447464e+01,2.826326046003941883e+01
2.538439554158330935e+01,2.955295709448811792e+01
2.540440125750214406e+01,2.969761820171300570e+01
2.542440697342097877e+01,3.189443751515858949e+01
2.544441268933981348e+01,3.306574928663782487e+01
2.546441840525864819e+01,3.380833587871226342e+01
2.548442412117747935e+01,3.589685723337297674e+01
2.550442983709631406e+01,3.659190492624560420e+01
2.552443555301514877e+01,3.802953072094794607e+01
2.554444126893397993e+01,3.790232644442961885e+01
2.556444698485281464e+01,3.867893161499387844e+01
2.558445270077164935e+01,3.963380340205598173e+01
2.560445841669048406e+01,4.027257080073620443e+01
2.562446413260931877e+01,4.100955389725630340e+01
2.564446984852815348e+01,4.120248946547722824e+01
2.566447556444698819e+01,4.126239921142700950e+01
2.568448128036581934e+01,4.011259444853679668e+01
2.570448699628465405e+01,3.946839294087630634e+01
2.572449271220348521e+01,3.819992668227801857e+01
2.574449842812231992e+01,3.869262580567652776e+01
2.576450414404115463e+01,3.635113095971176023e+01
2.578450985995998934e+01,3.524461811668889055e+01
2.580451557587882405e+01,3.336555050244230358e+01
2.582452129179765876e+01,3.222853656419353996e+01
2.584452700771649347e+01,3.043088776396675144e+01
2.586453272363532463e+01,2.917702424805990091e+01
2.588453843955415934e+01,2.740081874796760175e+01
2.590454415547299405e+01,2.580994392760017320e+01
2.592454987139182521e+01,2.424349422552047884e+01
2.594455558731065992e+01,2.219746254209064062e+01
2.596456130322949463e+01,2.020019672515013198e+01
2.598456701914832934e+01,1.951963366662322841e+01
2.600457273506716405e+01,1.831744349947580019e+01
2.602457845098599520e+01,1.717707596688247307e+01
2.604458416690482991e+01,1.580129615534738718e+01
2.606458988282366462e+01,1.529581626761266833e+01
2.608459559874249933e+01,1.390639346717945735e+01
2.610460131466133404e+01,1.359308973831454281e+01
2.612460703058016520e+01,1.232170637752540543e+01
2.614461274649899991e+01,1.217591079915265517e+01
2.616461846241783462e+01,1.111988192133049402e+01
2.618462417833666933e+01,1.079662696690431467e+01
2.620462989425550404e+01,9.715145661187436943e+00
2.622463561017433520e+01,9.667761271845014548e+00
2.624464132609316991e+01,9.098482711389392463e+00
2.626464704201200462e+01,9.574315956589240173e+00
2.628465275793083933e+01,9.689576122666402114e+00
2.630465847384967049e+01,9.090126914664619306e+00
2.632466418976850520e+01,8.944577478857002717e+00
2.634466990568733991e+01,9.556685382985088850e+00
2.636467562160617462e+01,1.011524510039588343e+01
2.638468133752500933e+01,9.166031486335935341e+00
2.640468705344384048e+01,9.454920646265385642e+00
2.642469276936267519e+01,9.963116072571821746e+00
2.644469848528150990e+01,9.866298167648817952e+00
2.646470420120034461e+01,1.058169808496547049e+01
2.648470991711917932e+01,1.010530604214166317e+01
2.650471563303801048e+01,1.069876503207351348e+01
2.652472134895684519e+01,1.125797318857387808e+01
2.654472706487567990e+01,1.199738528550801142e+01
2.656473278079451461e+01,1.139213439172745979e+01
2.658473849671334932e+01,1.223994684264283705e+01
2.660474421263218048e+01,1.271005651973798223e+01
2.662474992855101519e+01,1.250562559710299126e+01
2.664475564446984990e+01,1.376301750974006666e+01
2.666476136038868461e+01,1.393685895882823722e+01
2.668476707630751577e+01,1.429868481651425682e+01
2.670477279222635048e+01,1.395314093983437687e+01
2.672477850814518519e+01,1.521754905476248254e+01
2.674478422406401990e+01,1.446209958208351942e+01
2.676478993998285461e+01,1.558160362644175123e+01
2.678479565590168576e+01,1.595297729751738913e+01
2.680480137182052047e+01,1.643546555438864232e+01
2.682480708773935518e+01,1.642379250497780419e+01
2.684481280365818989e+01,1.595161745164290323e+01
2.686481851957702460e+01,1.714071912918748808e+01
2.688482423549585576e+01,1.666650568657543374e+01
2.690482995141469047e+01,1.599281035253262928e+01
2.692483566733352518e+01,1.688977325554518671e+01
2.694484138325235989e+01,1.672447000108400417e+01
2.696484709917119105e+01,1.609185784907872474e+01
2.698485281509002576e+01,1.601080424191152929e+01
2.700485853100886047e+01,1.640436938270836364e+01
2.702486424692769518e+01,1.618533365823657277e+01
2.704486996284652989e+01,1.675700218646374395e+01
2.706487567876536104e+01,1.659891463203045703e+01
2.708488139468419575e+01,1.628389988089584861e+01
2.710488711060303046e+01,1.631956569189122419e+01
2.712489282652186517e+01,1.784154753534363635e+01
2.714489854244069988e+01,1.735323861131314160e+01
2.716490425835953104e+01,1.760166212024012822e+01
2.718490997427836575e+01,1.788415857978345258e+01
2.720491569019720046e+01,1.820711922619458178e+01
2.722492140611603517e+01,1.811488389602939009e+01
2.724492712203486633e+01,1.854488716394784831e+01
2.726493283795370104e+01,1.777545924049831427e+01
2.728493855387253575e+01,1.821737330347440675e+01
2.730494426979137046e+01,1.871586808111989697e+01
2.732494998571020517e+01,1.741709215884198159e+01
2.734495570162903633e+01,1.769510337767848185e+01
2.736496141754787104e+01,1.730572093601022488e+01
2.738496713346670575e+01,1.705284091334564778e+01
2.740497284938554046e+01,1.546966836067961637e+01
2.742497856530437517e+01,1.530645101222806126e+01
2.744498428122320632e+01,1.468538176184986810e+01
2.746498999714204103e+01,1.395962245311345029e+01
2.748499571306087574e+01,1.383105373795193138e+01
2.750500142897971045e+01,1.271471615889805840e+01
2.752500714489854516e+01,1.153130611343207335e+01
2.754501286081737632e+01,1.145206676097546250e+01
2.756501857673621103e+01,1.110688855101166794e+01
2.758502429265504574e+01,1.061187456993733491e+01
2.760503000857388045e+01,9.799981266146467362e+00
2.762503572449271161e+01,9.591609291858370412e+00
2.764504144041154632e+01,8.898615805548400814e+00
2.766504715633038103e+01,8.826976035128918596e+00
2.768505287224921574e+01,8.657271242861833471e+00
2.770505858816805045e+01,8.834613980072775874e+00
2.772506430408688161e+01,9.261438869809335728e+00
2.774507002000571632e+01,8.571377325353063625e+00
2.776507573592455103e+01,9.040715053148961289e+00
2.778508145184338574e+01,8.622990742843377632e+00
2.780508716776222045e+01,9.395967583388470601e+00
2.782509288368105160e+01,9.063293119486978355e+00
2.784509859959988631e+01,9.174810469931333756e+00
2.786510431551872102e+01,9.649278114081891289e+00
2.788511003143755573e+01,9.202521264168598947e+00
2.790511574735638689e+01,9.750768821692426869e+00
2.792512146327522160e+01,1.004873438618488457e+01
2.794512717919405631e+01,1.047620528511795612e+01
2.796513289511289102e+01,1.004112834337942317e+01
2.798513861103172573e+01,1.048241335685087883e+01
2.800514432695055689e+01,1.057355664138282059e+01
2.802515004286939160e+01,9.805103238705507707e+00
2.804515575878822631e+01,1.059002692052724548e+01
2.806516147470706102e+01,9.564651290369642567e+00
2.808516719062589573e+01,9.612816904778714644e+00
2.810517290654472689e+01,9.066057095443184721e+00
2.812517862246356160e+01,8.602565170703245556e+00
2.814518433838239631e+01,8.737972180124328858e+00
2.816519005430123102e+01,7.645701322567431291e+00
2.818519577022006217e+01,8.249793878151654880e+00
2.820520148613889688e+01,6.678952966656348522e+00
2.822520720205773159e+01,7.265869526217176855e+00
2.824521291797656630e+01,7.108425385516381034e+00
2.826521863389540101e+01,6.087697184336947842e+00
2.828522434981423217e+01,6.233295031712812850e+00
2.830523006573306688e+01,5.771201036841912213e+00
2.832523578165190159e+01,5.290646563570271965e+00
2.834524149757073630e+01,5.211977316847470121e+00
2.836524721348957101e+01,4.599539324557861519e+00
2.838525292940840217e+01,5.060550938363247653e+00
2.840525864532723688e+01,5.334457934350776753e+00
2.842526436124607159e+01,4.073589513306653309e+00
2.844527007716490630e+01,4.669555538470630651e+00
2.846527579308374101e+01,4.585562584554187637e+00
2.848528150900257216e+01,4.751036690533124940e+00
2.850528722492140687e+01,4.836296975178403734e+00
2.852529294084024158e+01,4.215777278438294751e+00
2.854529865675907629e+01,3.498627531089458564e+00
2.856530437267790745e+01,3.585570053111123201e+00
2.858531008859674216e+01,4.048632629859972631e+00
2.860531580451557687e+01,4.018763489661364652e+00
2.862532152043441158e+01,3.730026566498233720e+00
2.864532723635324629e+01,3.713777788753598319e+00
2.866533295227207745e+01,4.459888668595368699e+00
2.868533866819091216e+01,4.076240767647652419e+00
2.870534438410974687e+01,4.225290202312365295e+00
2.872535010002858158e+01,3.828525662431795151e+00
2.874535581594741629e+01,4.173523561853571096e+00
2.876536153186624745e+01,3.787545873072585501e+00
2.878536724778508216e+01,4.426070630240505288e+00
2.880537296370391687e+01,5.221119237190685602e+00
2.882537867962275158e+01,4.799424741936697103e+00
2.884538439554158273e+01,5.011111508118364810e+00
2.886539011146041744e+01,4.925035893286832334e+00
2.888539582737925215e+01,5.214160486397709349e+00
2.890540154329808686e+01,5.189528836761677866e+00
2.892540725921692157e+01,6.038653011848480467e+00
2.894541297513575273e+01,6.387339488832457945e+00
2.896541869105458744e+01,5.126798885782399395e+00
2.898542440697342215e+01,5.790254399911914263e+00
2.900543012289225686e+01,6.947883230612232452e+00
2.902543583881109157e+01,6.834503842194209255e+00
2.904544155472992273e+01,6.543222321840096889e+00
2.906544727064875744e+01,7.440744380043408768e+00
2.908545298656759215e+01,7.227920503198520308e+00
2.910545870248642686e+01,7.486896752515815656e+00
2.912546441840525802e+01,8.226813882814784762e+00
2.914547013432409273e+01,8.726534959172585815e+00
2.916547585024292744e+01,9.166708097717332748e+00
2.918548156616176215e+01,8.704799425081212405e+00
2.920548728208059686e+01,9.827806322474199163e+00
2.922549299799942801e+01,1.026932871476000564e+01
2.924549871391826272e+01,1.101483343174214369e+01
2.926550442983709743e+01,1.158514752614571108e+01
2.928551014575593214e+01,1.265331912604889197e+01
2.930551586167476685e+01,1.200673196578647151e+01
2.932552157759359801e+01,1.282028952394893828e+01
2.934552729351243272e+01,1.352442559857262161e+01
2.936553300943126743e+01,1.470707063020302208e+01
2.938553872535010214e+01,1.539673380670034675e+01
2.940554444126893330e+01,1.650076328295929784e+01
2.942555015718776801e+01,1.758914564367050914e+01
2.944555587310660272e+01,1.751532846785204356e+01
2.946556158902543743e+01,1.859809261298639527e+01
2.948556730494427214e+01,1.920612621217458482e+01
2.950557302086310330e+01,2.058175760754367190e+01
2.952557873678193801e+01,2.179708768175206046e+01
2.954558445270077272e+01,2.287449357605998657e+01
2.956559016861960743e+01,2.347717838696613057e+01
2.958559588453844214e+01,2.417718618977034950e+01
2.960560160045727329e+01,2.577467241338601411e+01
2.962560731637610800e+01,2.644263450264153903e+01
2.964561303229494271e+01,2.683204822480368179e+01
2.966561874821377742e+01,2.702035157860246528e+01
2.968562446413261213e+01,2.819654917380232106e+01
2.970563018005144329e+01,2.757919942768440080e+01
2.972563589597027800e+01,2.812991905582260443e+01
2.974564161188911271e+01,2.768172383533614678e+01
2.976564732780794742e+01,2.843857383456519727e+01
2.978565304372677858e+01,2.712125333390314097e+01
2.980565875964561329e+01,2.731061675313892678e+01
2.982566447556444800e+01,2.597653597442846518e+01
2.984567019148328271e+01,2.424421280075588214e+01
2.986567590740211742e+01,2.364606034746762830e+01
2.988568162332094857e+01,2.259171775129758686e+01
2.990568733923978328e+01,2.091431114273296643e+01
2.992569305515861799e+01,1.924676719332035546e+01
2.994569877107745270e+01,1.742130516370505688e+01
2.996570448699628741e+01,1.640478611348319404e+01
2.998571020291511857e+01,1.456455750211596722e+01
3.000571591883395328e+01,1.424699060517760962e+01
3.002572163475278799e+01,1.326041744961806934e+01
3.004572735067162270e+01,1.149765906798092452e+01
3.006573306659045386e+01,1.102322864288128734e+01
3.008573878250928857e+01,1.037901193138580247e+01
3.010574449842812328e+01,8.700298538409670712e+00
3.012575021434695799e+01,9.207351292152944566e+00
3.014575593026579270e+01,8.327368805088745773e+00
3.016576164618462386e+01,8.870975710407510206e+00
3.018576736210345857e+01,7.874724356108689705e+00
3.020577307802229328e+01,8.543787685081351668e+00
3.022577879394112799e+01,7.943591155118808977e+00
3.024578450985996270e+01,8.171654814667249411e+00
3.026579022577879385e+01,7.895741088916912176e+00
3.028579594169762856e+01,7.673436719612086954e+00
3.030580165761646327e+01,8.076155551573268809e+00
3.032580737353529798e+01,8.902594803605744289e+00
3.034581308945412914e+01,8.257964596451461858e+00
3.036581880537296385e+01,9.018364366900085471e+00
3.038582452129179856e+01,8.906996242339891623e+00
3.040583023721063327e+01,9.179121192941469332e+00
3.042583595312946798e+01,1.019430968462980580e+01
3.044584166904829914e+01,1.058943208526335411e+01
3.046584738496713385e+01,9.991977312877811102e+00
3.048585310088596856e+01,1.121819783374957424e+01
3.050585881680480327e+01,1.128699813994382239e+01
3.052586453272363798e+01,1.251231749539748961e+01
3.054587024864246914e+01,1.186065414003385676e+01
3.056587596456130385e+01,1.260637248220937856e+01
3.058588168048013856e+01,1.328582002500725778e+01
3.060588739639897327e+01,1.343095377282352665e+01
3.062589311231780798e+01,1.466663717909551323e+01
3.064589882823663913e+01,1.377015622334848821e+01
3.066590454415547384e+01,1.471501567353931605e+01
3.068591026007430855e+01,1.516255550607737312e+01
3.070591597599314326e+01,1.531195019354521669e+01
3.072592169191197442e+01,1.563149840216923181e+01
3.074592740783080913e+01,1.542357378592672035e+01
3.076593312374964384e+01,1.595165559118269272e+01
3.078593883966847855e+01,1.634143856214597434e+01
3.080594455558731326e+01,1.576568308545963681e+01
3.082595027150614442e+01,1.642027997627327451e+01
3.084595598742497913e+01,1.656455847776215862e+01
3.086596170334381384e+01,1.617543996094216752e+01
3.088596741926264855e+01,1.620739069574814550e+01
3.090597313518148326e+01,1.687452705101710393e+01
3.092597885110031442e+01,1.670580810936041161e+01
3.094598456701914913e+01,1.688485171433850596e+01
3.096599028293798384e+01,1.645335233240127337e+01
3.098599599885681855e+01,1.711668246003162608e+01
3.100600171477564970e+01,1.683510762765728686e+01
3.102600743069448441e+01,1.607868869109202592e+01
3.104601314661331912e+01,1.729961770267789234e+01
3.106601886253215383e+01,1.765571408935890574e+01
3.108602457845098854e+01,1.734299808010750965e+01
3.110603029436981970e+01,1.788384566046194379e+01
3.112603601028865441e+01,1.791619079112314949e+01
3.114604172620748912e+01,1.791925220577225986e+01
3.116604744212632383e+01,1.809663617514902256e+01
3.118605315804515854e+01,1.849180620569536160e+01
3.120605887396398970e+01,1.861171702201098910e+01
3.122606458988282441e+01,1.887195427416560278e+01
3.124607030580165912e+01,1.806256942787642927e+01
3.126607602172049383e+01,1.892949010957683953e+01
3.128608173763932498e+01,1.871914105893383251e+01
3.130608745355815969e+01,1.848925314611702575e+01
3.132609316947699440e+01,1.888109826965139249e+01
3.134609888539582911e+01,1.749040233714463710e+01
3.136610460131466382e+01,1.742855370057955255e+01
3.138611031723349498e+01,1.756123190133992296e+01
3.140611603315232969e+01,1.757849305954389507e+01
3.142612174907116440e+01,1.769440419225091787e+01
3.144612746498999911e+01,1.714959430982431599e+01
3.146613318090883382e+01,1.744925684979799030e+01
3.148613889682766498e+01,1.718521920189119001e+01
3.150614461274649969e+01,1.741225119700290236e+01
3.152615032866533440e+01,1.696897395422772803e+01
3.154615604458416911e+01,1.790302908810217275e+01
3.156616176050300382e+01,1.743325479332558103e+01
3.158616747642183498e+01,1.741919010756058839e+01
3.160617319234066969e+01,1.726588086357606144e+01
3.162617890825950440e+01,1.736022820536293665e+01
3.164618462417833911e+01,1.784778549407707970e+01
3.166619034009717026e+01,1.772631284015437814e+01
3.168619605601600497e+01,1.845479739121750740e+01
3.170620177193483968e+01,1.888176250257070876e+01
3.172620748785367439e+01,1.887122959220015872e+01
3.174621320377250910e+01,1.887651138731825284e+01
3.176621891969134026e+01,1.919260512910783945e+01
3.178622463561017497e+01,2.014322576216709137e+01
3.180623035152900968e+01,2.022651887387315384e+01
3.182623606744784439e+01,2.017409631089009991e+01
3.184624178336667910e+01,2.052065038310188783e+01
3.186624749928551026e+01,2.094424474264194913e+01
3.188625321520434497e+01,2.139288061639456018e+01
3.190625893112317968e+01,2.176748499194379605e+01
3.192626464704201439e+01,2.072331108240276620e+01
3.194627036296084555e+01,2.067687924792039666e+01
3.196627607887968026e+01,2.032783114893959819e+01
3.198628179479851497e+01,1.974258334167787865e+01
3.200628751071734968e+01,2.004097470502411227e+01
3.202629322663618439e+01,1.916920503624400141e+01
3.204629894255501199e+01,1.900734240709594047e+01
3.206630465847385381e+01,1.876075035251756873e+01
3.208631037439268141e+01,1.747176679405486865e+01
3.210631609031152323e+01,1.771274764040004257e+01
3.212632180623035083e+01,1.699971357650355586e+01
3.214632752214918554e+01,1.723109023687533892e+01
3.216633323806802025e+01,1.710943572330624818e+01
3.218633895398685496e+01,1.700777429026638288e+01
3.220634466990568967e+01,1.667603153264575155e+01
3.222635038582451728e+01,1.743448715566903928e+01
3.224635610174335909e+01,1.720998661138405339e+01
3.226636181766218670e+01,1.797095796635604970e+01
3.228636753358102851e+01,1.791993031137074155e+01
3.230637324949985612e+01,1.840857055570947054e+01
3.232637896541869083e+01,1.861847566334331106e+01
3.234638468133752554e+01,1.961650849917498007e+01
3.236639039725636025e+01,1.915474171178055229e+01
3.238639611317519496e+01,1.975674313711961361e+01
3.240640182909402967e+01,1.983487254280936796e+01
3.242640754501286438e+01,2.084608381770189212e+01
3.244641326093169198e+01,2.093253521842500575e+01
3.246641897685053380e+01,2.145550433990182171e+01
3.248642469276936140e+01,2.117744794722127111e+01
3.250643040868819611e+01,2.205272998588846178e+01
3.252643612460703082e+01,2.183022325956591914e+01
3.254644184052586553e+01,2.228841163937250869e+01
3.256644755644470024e+01,2.271361760049989442e+01
3.258645327236353495e+01,2.404485139865090915e+01
3.260645898828236966e+01,2.373009947107862061e+01
3.262646470420119726e+01,2.419942083895704954e+01
3.264647042012003908e+01,2.417616471512919318e+01
3.266647613603886668e+01,2.372201386225618691e+01
3.268648185195770850e+01,2.453172225783839977e+01
3.270648756787653610e+01,2.448155094477394655e+01
3.272649328379537081e+01,2.357661564011946709e+01
3.274649899971420552e+01,2.325408495560937183e+01
3.276650471563304023e+01,2.359471499577860243e+01
3.278651043155187494e+01,2.320663889143921210e+01
3.280651614747070255e+01,2.342286780042712024e+01
3.282652186338954436e+01,2.200161509202738941e+01
3.284652757930837197e+01,2.203629676659823744e+01
3.286653329522721378e+01,2.108934218447703302e+01
3.288653901114604139e+01,2.052059611781075787e+01
3.290654472706487610e+01,2.103444661803550630e+01
3.292655044298371081e+01,1.985599881535232925e+01
3.294655615890254552e+01,1.910274117470628141e+01
3.296656187482138023e+01,1.885803431650230166e+01
3.298656759074020783e+01,1.806357120971805585e+01
3.300657330665904965e+01,1.713187201757236267e+01
3.302657902257787725e+01,1.635585096745753120e+01
3.304658473849671907e+01,1.628247867121012149e+01
3.306659045441554667e+01,1.516076677594326405e+01
3.308659617033438138e+01,1.391298837952477463e+01
3.310660188625321609e+01,1.299094935203862278e+01
3.312660760217205080e+01,1.150051816030651963e+01
3.314661331809088551e+01,1.176749212421559143e+01
3.316661903400971312e+01,1.134207043924644154e+01
3.318662474992855493e+01,9.883444491168914325e+00
3.320663046584738254e+01,1.008358880019936699e+01
3.322663618176622435e+01,8.817636606715048231e+00
3.324664189768505196e+01,8.283072532355090445e+00
3.326664761360388667e+01,8.552307582324537805e+00
3.328665332952272138e+01,7.442181647980197212e+00
3.330665904544155609e+01,7.415580698377135960e+00
3.332666476136039080e+01,8.314512279323899691e+00
3.334667047727922551e+01,7.596733566263271342e+00
3.336667619319806022e+01,7.419776128191139186e+00
3.338668190911688782e+01,7.937031170321591667e+00
3.340668762503572964e+01,7.187796070775721802e+00
3.342669334095455724e+01,8.563721769832493891e+00
3.344669905687339195e+01,7.993615195117058647e+00
3.346670477279222666e+01,8.752991818008780456e+00
3.348671048871106137e+01,8.201028629324486730e+00
3.350671620462989608e+01,7.936775935851761332e+00
3.352672192054873079e+01,8.897892656930498134e+00
3.354672763646756550e+01,8.861844601311283043e+00
3.356673335238639311e+01,9.464358151762253257e+00
3.358673906830523492e+01,9.432828146161446270e+00
3.360674478422406253e+01,9.839652435916274698e+00
3.362675050014290434e+01,1.001561161881583928e+01
3.364675621606173195e+01,1.007592523753462999e+01
3.366676193198056666e+01,1.078552810405376050e+01
3.368676764789940137e+01,1.068213836139862494e+01
3.370677336381823608e+01,1.094635422644761391e+01
3.372677907973707079e+01,1.103062804497048255e+01
3.374678479565589839e+01,1.091330708944608219e+01
3.376679051157474021e+01,1.110709115637109079e+01
3.378679622749356781e+01,1.181246489223613061e+01
3.380680194341240963e+01,1.145052363670008155e+01
3.382680765933123723e+01,1.152495507239718364e+01
3.384681337525007194e+01,1.179931662823637240e+01
3.386681909116890665e+01,1.157726254531183940e+01
3.388682480708774136e+01,1.116420264189188316e+01
3.390683052300657607e+01,1.045142013344316645e+01
3.392683623892540368e+01,1.079891402128752098e+01
3.394684195484424549e+01,1.075904205315560525e+01
3.396684767076307310e+01,9.960102611468814260e+00
3.398685338668191491e+01,1.022834320473505976e+01
3.400685910260074252e+01,9.509355585558349588e+00
3.402686481851957723e+01,1.039364561069741555e+01
3.404687053443841194e+01,8.974541835086673913e+00
3.406687625035724665e+01,8.795420241580124809e+00
3.408688196627608136e+01,9.925555724217106857e+00
3.410688768219490896e+01,8.853591555964808180e+00
3.412689339811375078e+01,9.012843956557498259e+00
3.414689911403257838e+01,9.977448840741317326e+00
3.416690482995142020e+01,9.876077016005009312e+00
3.418691054587024780e+01,9.869910965095591848e+00
3.420691626178908251e+01,1.065502660755993958e+01
3.422692197770791722e+01,9.703328880911914922e+00
3.424692769362675193e+01,1.005741433185886535e+01
3.426693340954558664e+01,1.135477028428294766e+01
3.428693912546442135e+01,1.037487301180695098e+01
3.430694484138325606e+01,1.160059276576547127e+01
3.432695055730208367e+01,1.193115965549515067e+01
3.434695627322092548e+01,1.203456932132858448e+01
3.436696198913975309e+01,1.323453080741646559e+01
3.438696770505858780e+01,1.390781659775435841e+01
3.440697342097742251e+01,1.414778028312068514e+01
3.442697913689625722e+01,1.457353585774148996e+01
3.444698485281509193e+01,1.545759054462460647e+01
3.446699056873392664e+01,1.529870248107657460e+01
3.448699628465276135e+01,1.598224080234702704e+01
3.450700200057158895e+01,1.632949969750397301e+01
3.452700771649043077e+01,1.607110642272174061e+01
3.454701343240925837e+01,1.563701791459194546e+01
3.456701914832810019e+01,1.628633928818127430e+01
3.458702486424692779e+01,1.682683279875059768e+01
3.460703058016576250e+01,1.643695173136460852e+01
3.462703629608459721e+01,1.593248735839258856e+01
3.464704201200343192e+01,1.622384581377950141e+01
3.466704772792226663e+01,1.545317980845195294e+01
3.468705344384109424e+01,1.569682487507302682e+01
3.470705915975993605e+01,1.509476516832688553e+01
3.472706487567876366e+01,1.547684217987999844e+01
3.474707059159760547e+01,1.492589004594207402e+01
3.476707630751643308e+01,1.523791464398865614e+01
3.478708202343526779e+01,1.560248727372457189e+01
3.480708773935410250e+01,1.581583917693643926e+01
3.482709345527293721e+01,1.622861042158172040e+01
3.484709917119177192e+01,1.587907713641458152e+01
3.486710488711059952e+01,1.603428414378327105e+01
3.488711060302944134e+01,1.620749529920434284e+01
3.490711631894826894e+01,1.647460360055544015e+01
3.492712203486711076e+01,1.671224858125307833e+01
3.494712775078593836e+01,1.741438297797557411e+01
3.496713346670477307e+01,1.736224588353082865e+01
3.498713918262360778e+01,1.796035815891266552e+01
3.500714489854244249e+01,1.860892273950742748e+01
3.502715061446127720e+01,1.812412279505121759e+01
3.504715633038010481e+01,1.889881323201893437e+01
3.506716204629894662e+01,1.936359401226829391e+01
3.508716776221777423e+01,1.966669223968174407e+01
3.510717347813661604e+01,1.967922337823262069e+01
3.512717919405544365e+01,2.017547566833174955e+01
3.514718490997427836e+01,2.002147882497891729e+01
3.516719062589311307e+01,1.992840977178986606e+01
3.518719634181194778e+01,2.066234181363924094e+01
3.520720205773078249e+01,2.067456475584414832e+01
3.522720777364961720e+01,2.129455109067595941e+01
3.524721348956845191e+01,2.113083590273092938e+01
3.526721920548727951e+01,2.153007726245463971e+01
3.528722492140612133e+01,2.152341271075057705e+01
3.530723063732494893e+01,2.218549814570766188e+01
3.532723635324378364e+01,2.240062268864925343e+01
3.534724206916261835e+01,2.311081085124403955e+01
3.536724778508145306e+01,2.285774125373431431e+01
3.538725350100028777e+01,2.312458648092009383e+01
3.540725921691912248e+01,2.339260924238822525e+01
3.542726493283795719e+01,2.272421596054447335e+01
3.544727064875678479e+01,2.350448743075596880e+01
3.546727636467562661e+01,2.332961830698091177e+01
3.548728208059445421e+01,2.352477836841686454e+01
3.550728779651329603e+01,2.313664871926283695e+01
3.552729351243212363e+01,2.242465560397702973e+01
3.554729922835095834e+01,2.210470771294082226e+01
3.556730494426979305e+01,2.229513537656093192e+01
3.558731066018862776e+01,2.220622313190698804e+01
3.560731637610746247e+01,2.109582545481666216e+01
3.562732209202629008e+01,2.026591403255034862e+01
3.564732780794513189e+01,1.876991045192776397e+01
3.566733352386395950e+01,1.744346100902160046e+01
3.568733923978280131e+01,1.669123182072129197e+01
3.570734495570162892e+01,1.549479534372096268e+01
3.572735067162046363e+01,1.523614622514745420e+01
3.574735638753929834e+01,1.284325758881674950e+01
3.576736210345813305e+01,1.330140086668380839e+01
3.578736781937696776e+01,1.194498958155657142e+01
3.580737353529579536e+01,1.054451093560596320e+01
3.582737925121463718e+01,9.941508549723657495e+00
3.584738496713346478e+01,9.010416906861866693e+00
3.586739068305230660e+01,8.246575216295955357e+00
3.588739639897113420e+01,7.684804823773682791e+00
3.590740211488996891e+01,6.938973146528683245e+00
3.592740783080880362e+01,6.519364670313808396e+00
3.594741354672763833e+01,6.606454618231283327e+00
3.596741926264647304e+01,6.803711227663580274e+00
3.598742497856530065e+01,6.027471392811381001e+00
3.600743069448414246e+01,5.541746897701377961e+00
3.602743641040297007e+01,6.135551900816596849e+00
3.604744212632181188e+01,6.367733385652306843e+00
3.606744784224063949e+01,6.094543534579901056e+00
3.608745355815947420e+01,5.617110106655403001e+00
3.610745927407830891e+01,5.565888946940496851e+00
3.612746498999714362e+01,6.852661189767594863e+00
3.614747070591597833e+01,7.491033264691625781e+00
3.616747642183481304e+01,7.217104499264749506e+00
3.618748213775364775e+01,7.620997886734631521e+00
3.620748785367247535e+01,8.137463901373074293e+00
3.622749356959131717e+01,7.831924471000879961e+00
3.624749928551014477e+01,8.674856520200544097e+00
3.626750500142897948e+01,8.686741915554785365e+00
3.628751071734781419e+01,9.284294079206407702e+00
3.630751643326664890e+01,9.179609717558832926e+00
3.632752214918548361e+01,9.214927740605414641e+00
3.634752786510431832e+01,1.033742002044801112e+01
3.636753358102315303e+01,1.039183301988845720e+01
3.638753929694198064e+01,1.105928528509271835e+01
3.640754501286082245e+01,1.114573116278241827e+01
3.642755072877965006e+01,1.245013184197645018e+01
3.644755644469849187e+01,1.185552731883066357e+01
3.646756216061731948e+01,1.316101172394569652e+01
3.648756787653615419e+01,1.421387266084299483e+01
3.650757359245498890e+01,1.443740807627547795e+01
3.652757930837382361e+01,1.465216213755066121e+01
3.654758502429265832e+01,1.525044098629610012e+01
3.656759074021148592e+01,1.538018658606357825e+01
3.658759645613032774e+01,1.659510364044682262e+01
3.660760217204915534e+01,1.631806749973951298e+01
3.662760788796799716e+01,1.659993586232826956e+01
3.664761360388682476e+01,1.754482211208190989e+01
3.666761931980565947e+01,1.714483119943772493e+01
3.668762503572449418e+01,1.709614954996937897e+01
3.670763075164332889e+01,1.750806797791644343e+01
3.672763646756216360e+01,1.775593325676949163e+01
3.674764218348099121e+01,1.821112536150496908e+01
3.676764789939983302e+01,1.819255686197453059e+01
3.678765361531866063e+01,1.804478151607490588e+01
3.680765933123750244e+01,1.756069535746059529e+01
3.682766504715633005e+01,1.759859893200465919e+01
3.684767076307516476e+01,1.663139296290498592e+01
3.686767647899399947e+01,1.670441004931079831e+01
3.688768219491283418e+01,1.577631046569070428e+01
3.690768791083166889e+01,1.596622075617992920e+01
3.692769362675049649e+01,1.527102119578261252e+01
3.694769934266933831e+01,1.434317836818739877e+01
3.696770505858816591e+01,1.430501900292981787e+01
3.698771077450700773e+01,1.402061795291147028e+01
3.700771649042583533e+01,1.370875351053647861e+01
3.702772220634467004e+01,1.330559436288389286e+01
3.704772792226350475e+01,1.259748143431990997e+01
3.706773363818233946e+01,1.270513750426245103e+01
3.708773935410117417e+01,1.315646254016175476e+01
3.710774507002000888e+01,1.186018418494970561e+01
3.712775078593884359e+01,1.179315219253393465e+01
3.714775650185767120e+01,1.314245002386689976e+01
3.716776221777651301e+01,1.217397750391055666e+01
3.718776793369534062e+01,1.218238156675741202e+01
3.720777364961417533e+01,1.177069634517403962e+01
3.722777936553301004e+01,1.173058236714309288e+01
3.724778508145184475e+01,1.180584691414682652e+01
3.726779079737067946e+01,1.080673154469251784e+01
3.728779651328951417e+01,1.047284829910900505e+01
3.730780222920834888e+01,1.036352154521832603e+01
3.732780794512717648e+01,1.054985956111375422e+01
3.734781366104601830e+01,1.051456772619822999e+01
3.736781937696484590e+01,1.010019475322540927e+01
3.738782509288368772e+01,9.481490362857973864e+00
3.740783080880251532e+01,8.829253531710827829e+00
3.742783652472135003e+01,9.262802977736713572e+00
3.744784224064018474e+01,9.094110412714364600e+00
3.746784795655901945e+01,9.005644593560194977e+00
3.748785367247785416e+01,9.526410602124059324e+00
3.750785938839668177e+01,9.543740409932052415e+00
3.752786510431552358e+01,9.196769536825328828e+00
3.754787082023435119e+01,9.718437772584973544e+00
3.756787653615319300e+01,9.487330858702277325e+00
3.758788225207202061e+01,9.799939710144684568e+00
3.760788796799085532e+01,1.024313148853406830e+01
3.762789368390969003e+01,1.098653690587189935e+01
3.764789939982852474e+01,1.131584040652743006e+01
3.766790511574735945e+01,1.048016952155386505e+01
3.768791083166618705e+01,1.125538463757317231e+01
3.770791654758502887e+01,1.126589373505794178e+01
3.772792226350385647e+01,1.052771384367586194e+01
3.774792797942269829e+01,1.053290776882793267e+01
3.776793369534152589e+01,1.131528699210221944e+01
3.778793941126036060e+01,1.150066196476523217e+01
3.780794512717919531e+01,1.133357359862795022e+01
3.782795084309803002e+01,1.111649594200162738e+01
3.784795655901686473e+01,1.070063967356625945e+01
3.786796227493569234e+01,1.051826492739795782e+01
3.788796799085453415e+01,9.972023554169643589e+00
3.790797370677336176e+01,9.317826359324731911e+00
3.792797942269220357e+01,8.312952133325623549e+00
3.794798513861103118e+01,8.638387095626031353e+00
3.796799085452986589e+01,8.005836294616882398e+00
3.798799657044870060e+01,7.461440319905263685e+00
3.800800228636753531e+01,6.998854036654375221e+00
3.802800800228637002e+01,7.993862021168872012e+00
3.804801371820520473e+01,7.609942576442202622e+00
3.806801943412403944e+01,7.067570536983761365e+00
3.808802515004286704e+01,8.309790779207444800e+00
3.810803086596170886e+01,8.127639237780739379e+00
3.812803658188053646e+01,7.508586651169665949e+00
3.814804229779937117e+01,8.381631961637069139e+00
3.816804801371820588e+01,7.957246278505380133e+00
3.818805372963704059e+01,8.300008098507188237e+00
3.820805944555587530e+01,9.029081393852543158e+00
3.822806516147471001e+01,9.234583293020230954e+00
3.824807087739354472e+01,9.322755235795485262e+00
3.826807659331237232e+01,9.827017437921796272e+00
3.828808230923121414e+01,1.088904852297083004e+01
3.830808802515004174e+01,9.836662502156114485e+00
3.832809374106888356e+01,1.135042189084470188e+01
3.834809945698771116e+01,1.049750317174020253e+01
3.836810517290654587e+01,1.146296229641615838e+01
3.838811088882538058e+01,1.167817716579401832e+01
3.840811660474421529e+01,1.203448172978357356e+01
3.842812232066305000e+01,1.178394220238098278e+01
3.844812803658187761e+01,1.101990891622973834e+01
3.846813375250071942e+01,1.192417269216822717e+01
3.848813946841954703e+01,1.197132437123221926e+01
3.850814518433838884e+01,1.117241211983829707e+01
3.852815090025721645e+01,1.081877211319852528e+01
3.854815661617605116e+01,1.041810428402836841e+01
3.856816233209488587e+01,9.813621245681458660e+00
3.858816804801372058e+01,1.007881379088186691e+01
3.860817376393255529e+01,9.244448256468121627e+00
3.862817947985138289e+01,8.433262968343761656e+00
3.864818519577022471e+01,7.448597129097088043e+00
3.866819091168905231e+01,7.851600954677532940e+00
3.868819662760789413e+01,7.359114373381304475e+00
3.870820234352672173e+01,6.457048994560779853e+00
3.872820805944555644e+01,6.489287109069275417e+00
3.874821377536439115e+01,5.423643000697334848e+00
3.876821949128322586e+01,5.733937127672693812e+00
3.878822520720206057e+01,5.705902475772822058e+00
3.880823092312088818e+01,5.152279304371875313e+00
3.882823663903972999e+01,6.290853069640430562e+00
3.884824235495855760e+01,5.961640616027037431e+00
3.886824807087739941e+01,5.147012518230677180e+00
3.888825378679622702e+01,6.407884006658314036e+00
3.890825950271506173e+01,5.282842926038099129e+00
3.892826521863389644e+01,5.559509025882964472e+00
3.894827093455273115e+01,5.388814142344491742e+00
3.896827665047156586e+01,5.584187656484246531e+00
3.898828236639040057e+01,6.525905182081471523e+00
3.900828808230923528e+01,5.747838028074100158e+00
3.902829379822806288e+01,6.616352770681997342e+00
3.904829951414690470e+01,6.750037942137854685e+00
3.906830523006573230e+01,6.401982443736206285e+00
3.908831094598456701e+01,7.196429680303266352e+00
3.910831666190340172e+01,7.307493234620932476e+00
3.912832237782223643e+01,7.417995226637154715e+00
3.914832809374107114e+01,7.757891682674324940e+00
3.916833380965990585e+01,7.195432530227623857e+00
3.918833952557874056e+01,9.040879538020780259e+00
3.920834524149756817e+01,8.552678197685986916e+00
3.922835095741640998e+01,9.068764894555116030e+00
3.924835667333523759e+01,9.840866233987005884e+00
3.926836238925407940e+01,9.784455198714303137e+00
3.928836810517290701e+01,1.069952529777527417e+01
3.930837382109174172e+01,1.059650969862992831e+01
3.932837953701057643e+01,1.047176533472313409e+01
3.934838525292941114e+01,1.217194183364677151e+01
3.936839096884824585e+01,1.150902776051856868e+01
3.938839668476707345e+01,1.150497179777971191e+01
3.940840240068591527e+01,1.196121844012303903e+01
3.942840811660474287e+01,1.276202179028788031e+01
3.944841383252358469e+01,1.306140084722471784e+01
3.946841954844241229e+01,1.238790205698175484e+01
3.948842526436124700e+01,1.250368003004336614e+01
3.950843098028008171e+01,1.205528147433281028e+01
3.952843669619891642e+01,1.254292398648945905e+01
3.954844241211775113e+01,1.181051679245170227e+01
3.956844812803657874e+01,1.082758588240708875e+01
3.958845384395542055e+01,1.106022336050229526e+01
3.960845955987424816e+01,9.891667650873284146e+00
3.962846527579308997e+01,9.051822404008285972e+00
3.964847099171191758e+01,9.234154336337065061e+00
3.966847670763075229e+01,9.711917689653528640e+00
3.968848242354958700e+01,8.005302517331845280e+00
3.970848813946842171e+01,7.696529701338274521e+00
3.972849385538725642e+01,7.308082869543189197e+00
3.974849957130608402e+01,8.107471216222791099e+00
3.976850528722492584e+01,8.050527143603732227e+00
3.978851100314375344e+01,7.186981905486198308e+00
3.980851671906259526e+01,7.145358114540859340e+00
3.982852243498142286e+01,8.282651341725935978e+00
3.984852815090025757e+01,8.666641859675618065e+00
3.986853386681909228e+01,8.107560741808208959e+00
3.988853958273792699e+01,7.924306089189422586e+00
3.990854529865676170e+01,8.128397461541725377e+00
3.992855101457559641e+01,9.123493273719814667e+00
3.994855673049443112e+01,8.925642747821612488e+00
3.996856244641325873e+01,9.189890911408951979e+00
3.998856816233210054e+01,9.626988362452726378e+00
4.000857387825092815e+01,1.008506439543243971e+01
4.002857959416976286e+01,1.104026432709120442e+01
4.004858531008859757e+01,1.048626641606160526e+01
4.006859102600743228e+01,1.226245583477117052e+01
4.008859674192626699e+01,1.142044026468858142e+01
4.010860245784510170e+01,1.286770494890159533e+01
4.012860817376393641e+01,1.240026039482187592e+01
4.014861388968276401e+01,1.353533044347995684e+01
4.016861960560160583e+01,1.440747714894180120e+01
4.018862532152043343e+01,1.392360582540895564e+01
4.020863103743927525e+01,1.461293078496159836e+01
4.022863675335810285e+01,1.534021748357861981e+01
4.024864246927693756e+01,1.565165298393757354e+01
4.026864818519577227e+01,1.741285857089121336e+01
4.028865390111460698e+01,1.733070781001738325e+01
4.030865961703344169e+01,1.802594387056736025e+01
4.032866533295226930e+01,1.836563533889187028e+01
4.034867104887111111e+01,1.921992843986451760e+01
4.036867676478993872e+01,1.965893627278772726e+01
4.038868248070878053e+01,1.993387675015226534e+01
4.040868819662760814e+01,2.068534894378736055e+01
4.042869391254644285e+01,2.022059017468474451e+01
4.044869962846527756e+01,2.120553918750173494e+01
4.046870534438411227e+01,2.028294090755222712e+01
4.048871106030294698e+01,2.039173570476420849e+01
4.050871677622177458e+01,1.946123830398095578e+01
4.052872249214061640e+01,1.979534633212104211e+01
4.054872820805944400e+01,1.860307047241178324e+01
4.056873392397828582e+01,1.883421392626873825e+01
4.058873963989711342e+01,1.825880630921663794e+01
4.060874535581594813e+01,1.715117522683055284e+01
4.062875107173478284e+01,1.658744782865302270e+01
4.064875678765361755e+01,1.599541906724917517e+01
4.066876250357245226e+01,1.595906546637280243e+01
4.068876821949127986e+01,1.489277125427276793e+01
4.070877393541012168e+01,1.400081951768088473e+01
4.072877965132894929e+01,1.375194839273773795e+01
4.074878536724779110e+01,1.245648722464053115e+01
4.076879108316661871e+01,1.287412328202548650e+01
4.078879679908545342e+01,1.261968840699488936e+01
4.080880251500428813e+01,1.189463719193848945e+01
4.082880823092312284e+01,1.246350079346812478e+01
4.084881394684195755e+01,1.138711336630034765e+01
4.086881966276079226e+01,1.211179840348884440e+01
4.088882537867962697e+01,1.182934702335680299e+01
4.090883109459845457e+01,1.194353474484965183e+01
4.092883681051729639e+01,1.164731426627127853e+01
4.094884252643612399e+01,1.143551687772514569e+01
4.096884824235495870e+01,1.218710788921372945e+01
4.098885395827379341e+01,1.167436159985494903e+01
4.100885967419262812e+01,1.221761553236541076e+01
4.102886539011146283e+01,1.199253647997764460e+01
4.104887110603029754e+01,1.164107175344312672e+01
4.106887682194913225e+01,1.169689118721578858e+01
4.108888253786795985e+01,1.221776599469030522e+01
4.110888825378680167e+01,1.221556001286163706e+01
4.112889396970562927e+01,1.308717636327233258e+01
4.114889968562447109e+01,1.222361393149041753e+01
4.116890540154329869e+01,1.232035863548951227e+01
4.118891111746213340e+01,1.238587335192406158e+01
4.120891683338096811e+01,1.273279639533069307e+01
4.122892254929980282e+01,1.303346687676439686e+01
4.124892826521863753e+01,1.240249037929205222e+01
4.126893398113746514e+01,1.265132628924151881e+01
4.128893969705630695e+01,1.206523020575053096e+01
4.130894541297513456e+01,1.227564820897045550e+01
4.132895112889397637e+01,1.169430198297091295e+01
4.134895684481280398e+01,1.191118530430302691e+01
4.136896256073163869e+01,1.191679116321119913e+01
4.138896827665047340e+01,1.177965472802786095e+01
4.140897399256930811e+01,1.206095473033799692e+01
4.142897970848814282e+01,1.163584693991230701e+01
4.144898542440697042e+01,1.083128815776194465e+01
4.146899114032581224e+01,1.092393590092173206e+01
4.148899685624463984e+01,1.140435614183784985e+01
4.150900257216348166e+01,1.111030457826195672e+01
4.152900828808230926e+01,1.134547413988714304e+01
4.154901400400114397e+01,1.074223166356744663e+01
4.156901971991997868e+01,1.200081018348215700e+01
4.158902543583881339e+01,1.132491969628922845e+01
4.160903115175764810e+01,1.164276367675824098e+01
4.162903686767647571e+01,1.180865395628534031e+01
4.164904258359531752e+01,1.160445371373193879e+01
4.166904829951414513e+01,1.230066132452816063e+01
4.168905401543298694e+01,1.209863571776539004e+01
4.170905973135181455e+01,1.263303618057771160e+01
4.172906544727064926e+01,1.266716953617180330e+01
4.174907116318948397e+01,1.288898390396112603e+01
4.176907687910831868e+01,1.223428018753432411e+01
4.178908259502715339e+01,1.294635319877010460e+01
4.180908831094598810e+01,1.230958335532532999e+01
4.182909402686482281e+01,1.207906590162735228e+01
4.184909974278365041e+01,1.196095112237840752e+01
4.186910545870249223e+01,1.194549197588566614e+01
4.188911117462131983e+01,1.125169396768699315e+01
4.190911689054015454e+01,1.124002271421698751e+01
4.192912260645898925e+01,1.101193995386699065e+01
4.194912832237782396e+01,1.090737609238745520e+01
4.196913403829665867e+01,1.110315272580037593e+01
4.198913975421549338e+01,1.146941637676335191e+01
4.200914547013432809e+01,1.032995060422330269e+01
4.202915118605316280e+01,1.076249367980390304e+01
4.204915690197199041e+01,1.123627931251254353e+01
4.206916261789082512e+01,1.099225308264933076e+01
4.208916833380965983e+01,1.080958682504046209e+01
4.210917404972849454e+01,1.159377510871398975e+01
4.212917976564732925e+01,1.089595277575016929e+01
4.214918548156616396e+01,1.144617692918429697e+01
4.216919119748499867e+01,1.080886039220454009e+01
4.218919691340383338e+01,1.087585433315214090e+01
4.220920262932266809e+01,1.120885845307856243e+01
4.222920834524150280e+01,1.095951846250937578e+01
4.224921406116033040e+01,1.123332732194107919e+01
4.226921977707916511e+01,1.097235215671741315e+01
4.228922549299799982e+01,1.083358956484664049e+01
4.230923120891683453e+01,1.066400116327297276e+01
4.232923692483566924e+01,1.165572945108878500e+01
4.234924264075450395e+01,1.072650816299224097e+01
4.236924835667333866e+01,1.191685452498801645e+01
4.238925407259217337e+01,1.118893071075924794e+01
4.240925978851100808e+01,1.066252860971046346e+01
4.242926550442983569e+01,1.202813535200840889e+01
4.244927122034867040e+01,1.191639364900903963e+01
4.246927693626750511e+01,1.241567023778534207e+01
4.248928265218633982e+01,1.205257709261956300e+01
4.250928836810517453e+01,1.218289258541312137e+01
4.252929408402400924e+01,1.276461294097439136e+01
4.254929979994284395e+01,1.292163646461035498e+01
4.256930551586167866e+01,1.212537718069049397e+01
4.258931123178051337e+01,1.236278317584308262e+01
4.260931694769934097e+01,1.233041409231910279e+01
4.262932266361817568e+01,1.240199565360935452e+01
4.264932837953701039e+01,1.229717342443145434e+01
4.266933409545584510e+01,1.256409355593624433e+01
4.268933981137467981e+01,1.113608904842489267e+01
4.270934552729351452e+01,1.105905516930713084e+01
4.272935124321234923e+01,1.113701144258608089e+01
4.274935695913118394e+01,1.035630041602112072e+01
4.276936267505001865e+01,1.023373342893941462e+01
4.278936839096885336e+01,8.893166030677328138e+00
4.280937410688768097e+01,9.953036052170210368e+00
4.282937982280651568e+01,9.342034943003758585e+00
4.284938553872535039e+01,8.734805536625524169e+00
4.286939125464418510e+01,9.374078127267813088e+00
4.288939697056301981e+01,8.667298286727735501e+00
4.290940268648185452e+01,8.879149730034285426e+00
4.292940840240068923e+01,9.147920319512662601e+00
4.294941411831952394e+01,8.927644262932281194e+00
4.296941983423835865e+01,9.567556286723068126e+00
4.298942555015718625e+01,9.458330192957262739e+00
4.300943126607602096e+01,9.813218896048208961e+00
4.302943698199485567e+01,1.065991441332149137e+01
4.304944269791369038e+01,9.930064667155683367e+00
4.306944841383252509e+01,1.092304297078524655e+01
4.308945412975135980e+01,1.165937335197707370e+01
4.310945984567019451e+01,1.239396185318268273e+01
4.312946556158902922e+01,1.192532023107988515e+01
4.314947127750786393e+01,1.191718110868596270e+01
4.316947699342669864e+01,1.311923588017325315e+01
4.318948270934552625e+01,1.244339282700113714e+01
4.320948842526436096e+01,1.364946857778362599e+01
4.322949414118319567e+01,1.404546950119894255e+01
4.324949985710203038e+01,1.369884907332593471e+01
4.326950557302086509e+01,1.410358643300463477e+01
4.328951128893969980e+01,1.513777659335037562e+01
4.330951700485853451e+01,1.418144263039693698e+01
4.332952272077736922e+01,1.451719073443850405e+01
4.334952843669620393e+01,1.530746410955299908e+01
4.336953415261503153e+01,1.522425693180669448e+01
4.338953986853386624e+01,1.557797938141997918e+01
4.340954558445270095e+01,1.518457227366096340e+01
4.342955130037153566e+01,1.549357959340044388e+01
4.344955701629037037e+01,1.646632720218035217e+01
4.346956273220920508e+01,1.527696078213792319e+01
4.348956844812803979e+01,1.602629991189818526e+01
4.350957416404687450e+01,1.592047165198368575e+01
4.352957987996570921e+01,1.690464676956350232e+01
4.354958559588453681e+01,1.676648803965304779e+01
4.356959131180337153e+01,1.700685219132561699e+01
4.358959702772220624e+01,1.692880255019989377e+01
4.360960274364104095e+01,1.785957467645196672e+01
4.362960845955987566e+01,1.745933214874468575e+01
4.364961417547871037e+01,1.770739331969932095e+01
4.366961989139754508e+01,1.832552656581003347e+01
4.368962560731637979e+01,1.780412490847027840e+01
4.370963132323521450e+01,1.772468288738954811e+01
4.372963703915404921e+01,1.703049580212656622e+01
4.374964275507287681e+01,1.748329452841474208e+01
4.376964847099171152e+01,1.652085559678016224e+01
4.378965418691054623e+01,1.712164148466775870e+01
4.380965990282938094e+01,1.634027446756238078e+01
4.382966561874821565e+01,1.578024426101605115e+01
4.384967133466705036e+01,1.588526676463795084e+01
4.386967705058588507e+01,1.557851286871890650e+01
4.388968276650471978e+01,1.504508032924602645e+01
4.390968848242355449e+01,1.497559089209575589e+01
4.392969419834238209e+01,1.426243128195388721e+01
4.394969991426121680e+01,1.444836964121667755e+01
4.396970563018005151e+01,1.322409996757459538e+01
4.398971134609888622e+01,1.302817403667996388e+01
4.400971706201772093e+01,1.272244030760383282e+01
4.402972277793655564e+01,1.255073355275990465e+01
4.404972849385539035e+01,1.186586756496018857e+01
4.406973420977422506e+01,1.160773635270366277e+01
4.408973992569305977e+01,1.126265960821577039e+01
4.410974564161189448e+01,1.082455280971773881e+01
4.412975135753072209e+01,1.071291468495502031e+01
4.414975707344955680e+01,1.013631064365518064e+01
4.416976278936839151e+01,9.847457113883853808e+00
4.418976850528722622e+01,1.024896975199748894e+01
4.420977422120606093e+01,9.880715710655950446e+00
4.422977993712489564e+01,9.265229004425481918e+00
4.424978565304373035e+01,9.688521380382947967e+00
4.426979136896256506e+01,9.709458625027673762e+00
4.428979708488139977e+01,1.046263372019006432e+01
4.430980280080022737e+01,1.016171359760862458e+01
4.432980851671906208e+01,9.803860330884187846e+00
4.434981423263789679e+01,9.686752286610600393e+00
4.436981994855673150e+01,9.535092795221967066e+00
4.438982566447556621e+01,1.002908392472631505e+01
4.440983138039440092e+01,9.925787652336136802e+00
4.442983709631323563e+01,9.849125700249571125e+00
4.444984281223207034e+01,9.375031957212593525e+00
4.446984852815090505e+01,1.058063882769300079e+01
4.448985424406973266e+01,1.066047192300170643e+01
4.450985995998856737e+01,1.110753961990589112e+01
4.452986567590740208e+01,1.089902768947145617e+01
4.454987139182623679e+01,1.057033067552072403e+01
4.456987710774507150e+01,1.065078353317688453e+01
4.458988282366390621e+01,1.074033303723278898e+01
4.460988853958274092e+01,1.090347739296245599e+01
4.462989425550157563e+01,1.062684551138538680e+01
4.464989997142041034e+01,1.090757611137780358e+01
4.466990568733924505e+01,9.827564127513578995e+00
4.468991140325807265e+01,1.012394620677089208e+01
4.470991711917690736e+01,9.986274152670080895e+00
4.472992283509574207e+01,9.708396816211353197e+00
4.474992855101457678e+01,9.338000496747275392e+00
4.476993426693341149e+01,9.211707290312627805e+00
4.478993998285224620e+01,8.217756976945382874e+00
4.480994569877108091e+01,8.154455953381260613e+00
4.482995141468991562e+01,7.033383561598848033e+00
4.484995713060875033e+01,7.416740021662693749e+00
4.486996284652757794e+01,6.956330700331644579e+00
4.488996856244641265e+01,6.024027186217637109e+00
4.490997427836524736e+01,6.456299941407790399e+00
4.492997999428408207e+01,6.534311405198382161e+00
4.494998571020291678e+01,5.876402875112759716e+00
4.496999142612175149e+01,5.907011125454134870e+00
4.498999714204058620e+01,6.064458789244234538e+00
4.501000285795942091e+01,6.439866734624620115e+00
4.503000857387825562e+01,5.442301684710031395e+00
4.505001428979709033e+01,5.858005137042487931e+00
4.507002000571591793e+01,6.425844311224677696e+00
4.509002572163475264e+01,6.822443434144925156e+00
4.511003143755358735e+01,7.393840930209734097e+00
4.513003715347242206e+01,7.744523430899183047e+00
4.515004286939125677e+01,7.706550500335980658e+00
4.517004858531009148e+01,8.312790735555543264e+00
4.519005430122892619e+01,8.562502044948145041e+00
4.521006001714776090e+01,9.535209005955415762e+00
4.523006573306659561e+01,1.021844105396710845e+01
4.525007144898542322e+01,1.059765644932850392e+01
4.527007716490425793e+01,1.160212109555317106e+01
4.529008288082309264e+01,1.121184351445381111e+01
4.531008859674192735e+01,1.129504827961967273e+01
4.533009431266076206e+01,1.283154983638990743e+01
4.535010002857959677e+01,1.294823240511182227e+01
4.537010574449843148e+01,1.362411557146805308e+01
4.539011146041726619e+01,1.344950952249832454e+01
4.541011717633610090e+01,1.414013108643147021e+01
4.543012289225492850e+01,1.362547119702243492e+01
4.545012860817376321e+01,1.415626814293552016e+01
4.547013432409259792e+01,1.416737941065545314e+01
4.549014004001143263e+01,1.375270547206477545e+01
4.551014575593026734e+01,1.376235552677114882e+01
4.553015147184910205e+01,1.299337317857949614e+01
4.555015718776793676e+01,1.326376309829884192e+01
4.557016290368677147e+01,1.243750656736549765e+01
4.559016861960560618e+01,1.294988332535430864e+01
4.561017433552444089e+01,1.218770666409227665e+01
4.563018005144326850e+01,1.334123402095417177e+01
4.565018576736210321e+01,1.265719160949486621e+01
4.567019148328093792e+01,1.336912137728439198e+01
4.569019719919977263e+01,1.331703440183283504e+01
4.571020291511860734e+01,1.244131547071564547e+01
4.573020863103744205e+01,1.316322626485640335e+01
4.575021434695627676e+01,1.261365024018123471e+01
4.577022006287511147e+01,1.241453159198795220e+01
4.579022577879394618e+01,1.342982942261029677e+01
4.581023149471277378e+01,1.251822357974145916e+01
4.583023721063160849e+01,1.302553923968533667e+01
4.585024292655044320e+01,1.324544098383299584e+01
4.587024864246927791e+01,1.334558238656419960e+01
4.589025435838811262e+01,1.245934931778423227e+01
4.591026007430694733e+01,1.337340746616229481e+01
4.593026579022578204e+01,1.288064269113338511e+01
4.595027150614461675e+01,1.272103461142982006e+01
4.597027722206345146e+01,1.137911538957263957e+01
4.599028293798228617e+01,1.101410710426600481e+01
4.601028865390111378e+01,1.039859031490638586e+01
4.603029436981994849e+01,1.032863346359236090e+01
4.605030008573878320e+01,9.853582211259737988e+00
4.607030580165761791e+01,9.443923713852402813e+00
4.609031151757645262e+01,8.327299739049969673e+00
4.611031723349528733e+01,8.126993159937159206e+00
4.613032294941412204e+01,7.658550347947244319e+00
4.615032866533295675e+01,6.854784089974128136e+00
4.617033438125179146e+01,6.013568573152453745e+00
4.619034009717061906e+01,5.360128335277097200e+00
4.621034581308945377e+01,4.846122950777074223e+00
4.623035152900828848e+01,4.655287110217357416e+00
4.625035724492712319e+01,4.984937910693000518e+00
4.627036296084595790e+01,5.095417215433609925e+00
4.629036867676479261e+01,4.724903291851480169e+00
4.631037439268362732e+01,5.036554047009749624e+00
4.633038010860246203e+01,3.707658511975607585e+00
4.635038582452129674e+01,4.697326765588611508e+00
4.637039154044012434e+01,4.121454666688345370e+00
4.639039725635895905e+01,4.807449957270938157e+00
4.641040297227779376e+01,4.498336715055397228e+00
4.643040868819662847e+01,4.690248095362647973e+00
4.645041440411546319e+01,4.541288020755261279e+00
4.647042012003429790e+01,4.145271121786214152e+00
4.649042583595313261e+01,5.213903541004545339e+00
4.651043155187196732e+01,5.842280550087244784e+00
4.653043726779080203e+01,5.098047013544753092e+00
4.655044298370963674e+01,5.303285545239824650e+00
4.657044869962846434e+01,5.569623468549253609e+00
4.659045441554729905e+01,6.269379157918299583e+00
4.661046013146613376e+01,6.523091099016111727e+00
4.663046584738496847e+01,6.255094682443194998e+00
4.665047156330380318e+01,6.985170211255368855e+00
4.667047727922263789e+01,6.813845041749200249e+00
4.669048299514147260e+01,7.193156170349755740e+00
4.671048871106030731e+01,7.871430396965435783e+00
4.673049442697914202e+01,7.553797104582267607e+00
4.675050014289796962e+01,7.761262112842140404e+00
4.677050585881680433e+01,7.563137273178464959e+00
4.679051157473563904e+01,7.257957128956460835e+00
4.681051729065447375e+01,8.470159909176533830e+00
4.683052300657330846e+01,8.420351003166858916e+00
4.685052872249214317e+01,7.473018715811102552e+00
4.687053443841097788e+01,7.339091989237809699e+00
4.689054015432981259e+01,8.264688643401209234e+00
4.691054587024864730e+01,7.939776411416288759e+00
4.693055158616748201e+01,7.936944790736564670e+00
4.695055730208630962e+01,8.389895096009073683e+00
4.697056301800514433e+01,8.392974158448998523e+00
4.699056873392397904e+01,8.293386696483239007e+00
4.701057444984281375e+01,8.639273490835718050e+00
4.703058016576164846e+01,8.674900671953603037e+00
4.705058588168048317e+01,8.583040587051829817e+00
4.707059159759931788e+01,8.113670520866877567e+00
4.709059731351815259e+01,9.337778307163960179e+00
4.711060302943698730e+01,9.589324057184736461e+00
4.713060874535581490e+01,9.536409000941549863e+00
4.715061446127464961e+01,1.021152057861050544e+01
4.717062017719348432e+01,1.021997982112899095e+01
4.719062589311231903e+01,1.147139227605562439e+01
4.721063160903115374e+01,1.160741664854468347e+01
4.723063732494998845e+01,1.209670737364916171e+01
4.725064304086882316e+01,1.225140598579568518e+01
4.727064875678765787e+01,1.301154550674525723e+01
4.729065447270649258e+01,1.318519570733165480e+01
4.731066018862532019e+01,1.355680554495265078e+01
4.733066590454415490e+01,1.353140380973352208e+01
4.735067162046298961e+01,1.415205831895985966e+01
4.737067733638182432e+01,1.416530205117656926e+01
4.739068305230065903e+01,1.571667204337751400e+01
4.741068876821949374e+01,1.485195214084493820e+01
4.743069448413832845e+01,1.540937211708839882e+01
4.745070020005716316e+01,1.596074248192231693e+01
4.747070591597599787e+01,1.516423152336829894e+01
4.749071163189483258e+01,1.607877383741773514e+01
4.751071734781366018e+01,1.633384170019278159e+01
4.753072306373249489e+01,1.563741417914114606e+01
4.755072877965132960e+01,1.695030833454891805e+01
4.757073449557016431e+01,1.671140797808184431e+01
4.759074021148899902e+01,1.602371306286044828e+01
4.761074592740783373e+01,1.629869011266571022e+01
4.763075164332666844e+01,1.634478700115614558e+01
4.765075735924550315e+01,1.541525603468242878e+01
4.767076307516433786e+01,1.569407150228329506e+01
4.769076879108316547e+01,1.526385445319097300e+01
4.771077450700200018e+01,1.450929909012009844e+01
4.773078022292083489e+01,1.478613163296481048e+01
4.775078593883966960e+01,1.370953702595228485e+01
4.777079165475850431e+01,1.313016361697585133e+01
4.779079737067733902e+01,1.208239631092657795e+01
4.781080308659617373e+01,1.188831380797622117e+01
4.783080880251500844e+01,1.159958085974672315e+01
4.785081451843384315e+01,1.081088426677749048e+01
4.787082023435267075e+01,1.003166962725778610e+01
4.789082595027150546e+01,1.029052626272377502e+01
4.791083166619034017e+01,9.204341671996330021e+00
4.793083738210917488e+01,8.624886271421404516e+00
4.795084309802800959e+01,8.160591307435639763e+00
4.797084881394684430e+01,7.458965334763373534e+00
4.799085452986567901e+01,7.332380706471390397e+00
4.801086024578451372e+01,6.678485920131459253e+00
4.803086596170334843e+01,7.093614096220935750e+00
4.805087167762218314e+01,6.075289091082222370e+00
4.807087739354101075e+01,5.872535013580382213e+00
4.809088310945984546e+01,5.837355917877601996e+00
4.811088882537868017e+01,5.861587726582506264e+00
4.813089454129751488e+01,6.245498195786728601e+00
4.815090025721634959e+01,5.363773350013305574e+00
4.817090597313518430e+01,5.586060687498503263e+00
4.819091168905401901e+01,4.791583709301998617e+00
4.821091740497285372e+01,4.891353785020765343e+00
4.823092312089168843e+01,4.868970989884264355e+00
4.825092883681051603e+01,4.856794438262561187e+00
4.827093455272935074e+01,4.899192420035372919e+00
4.829094026864818545e+01,4.649620506333389969e+00
4.831094598456702016e+01,5.223942044710511823e+00
4.833095170048585487e+01,3.958137863139196355e+00
4.835095741640468958e+01,3.988519875880115251e+00
4.837096313232352429e+01,4.121706887997955704e+00
4.839096884824235900e+01,4.241920592938685175e+00
4.841097456416119371e+01,4.315581826817622257e+00
4.843098028008002842e+01,3.846698913085890403e+00
4.845098599599885603e+01,3.726214243073467713e+00
4.847099171191769074e+01,4.391102037643848988e+00
4.849099742783652545e+01,3.340458844045440578e+00
4.851100314375536016e+01,4.002497523083451192e+00
4.853100885967419487e+01,4.488937179336759620e+00
4.855101457559302958e+01,3.886769367875574588e+00
4.857102029151186429e+01,3.798853641009559468e+00
4.859102600743069900e+01,4.654570970963822774e+00
4.861103172334953371e+01,4.062258801064828617e+00
4.863103743926836131e+01,5.182723266245531590e+00
4.865104315518719602e+01,4.055277899144048348e+00
4.867104887110603073e+01,5.360986358679245001e+00
4.869105458702486544e+01,5.588388070101705907e+00
4.871106030294370015e+01,4.808247922351567283e+00
4.873106601886253486e+01,5.460816217143591444e+00
4.875107173478136957e+01,5.400781613288237359e+00
4.877107745070020428e+01,5.204210408328881599e+00
4.879108316661903899e+01,5.724606028606300967e+00
4.881108888253786660e+01,5.939682985093557299e+00
4.883109459845670131e+01,5.341411688802281788e+00
4.885110031437553602e+01,6.709430762666391601e+00
4.887110603029437073e+01,6.661422248185240313e+00
4.889111174621320544e+01,7.578362434054232821e+00
4.891111746213204015e+01,7.814339614927764188e+00
4.893112317805087486e+01,7.999458535922570945e+00
4.895112889396970957e+01,8.105824524126189701e+00
4.897113460988854428e+01,8.481906597610556986e+00
4.899114032580737899e+01,8.945924798245568965e+00
4.901114604172620659e+01,8.993908457276878821e+00
4.903115175764504130e+01,9.490309927921325439e+00
4.905115747356387601e+01,9.750866010411517237e+00
4.907116318948271072e+01,1.010304104627864241e+01
4.909116890540154543e+01,9.407807561311210875e+00
4.911117462132038014e+01,9.946378704970921802e+00
4.913118033723921485e+01,1.082264863758745399e+01
4.915118605315804956e+01,1.019212106033015175e+01
4.917119176907688427e+01,1.034979903800734746e+01
4.919119748499571187e+01,9.339953387044307220e+00
4.921120320091454658e+01,9.653260998873372856e+00
4.923120891683338129e+01,1.012961440882100206e+01
4.925121463275221600e+01,9.614033537601663681e+00
4.927122034867105071e+01,9.292828410693688923e+00
4.929122606458988542e+01,8.640658826227229028e+00
4.931123178050872014e+01,8.497336230352624753e+00
4.933123749642755485e+01,8.570097097374031136e+00
4.935124321234638956e+01,7.582930806553388692e+00
4.937124892826522427e+01,8.882913509226741056e+00
4.939125464418405187e+01,8.013979476168064053e+00
4.941126036010288658e+01,8.056444308181749392e+00
4.943126607602172129e+01,8.421196603472761666e+00
4.945127179194055600e+01,7.639954355805029351e+00
4.947127750785939071e+01,7.345310507338886907e+00
4.949128322377822542e+01,7.477532996443317259e+00
4.951128893969706013e+01,8.398434490216311943e+00
4.953129465561589484e+01,8.973491762532953331e+00
4.955130037153472955e+01,8.257626808131568907e+00
4.957130608745355715e+01,8.538324375427276181e+00
4.959131180337239186e+01,8.971983516892377608e+00
4.961131751929122657e+01,8.998732316667688025e+00
4.963132323521006128e+01,9.412972639400456032e+00
4.965132895112889599e+01,9.163341616555115365e+00
4.967133466704773070e+01,9.295837915665638107e+00
4.969134038296656541e+01,9.559909430938027697e+00
4.971134609888540012e+01,9.357340213804345552e+00
4.973135181480423483e+01,9.706934557258268370e+00
4.975135753072306244e+01,1.057511814149552976e+01
4.977136324664189715e+01,1.015430266820191285e+01
4.979136896256073186e+01,1.114821126730273626e+01
4.981137467847956657e+01,1.087252150761367986e+01
4.983138039439840128e+01,1.038319278586136818e+01
4.985138611031723599e+01,1.081598986171017707e+01
4.987139182623607070e+01,1.052600302504887075e+01
4.989139754215490541e+01,1.059592013599340987e+01
4.991140325807374012e+01,1.110544319910303557e+01
4.993140897399257483e+01,1.134378715955634576e+01
4.995141468991140243e+01,1.117290820910301008e+01
4.997142040583023714e+01,1.129021699380856703e+01
4.999142612174907185e+01,1.178971034281499719e+01
5.001143183766790656e+01,1.173238306752854321e+01
5.003143755358674127e+01,1.151479442592331814e+01
5.005144326950557598e+01,1.208019219606000405e+01
5.007144898542441069e+01,1.185741169419407903e+01
5.009145470134324540e+01,1.192943065200435626e+01
5.011146041726208011e+01,1.085336588141530534e+01
5.013146613318090772e+01,1.130769122089715673e+01
5.015147184909974243e+01,1.123204047900879132e+01
5.017147756501857714e+01,1.040718052469094346e+01
5.019148328093741185e+01,1.115645740376936601e+01
5.021148899685624656e+01,1.083821790212114422e+01
5.023149471277508127e+01,1.117159319128324135e+01
5.025150042869391598e+01,1.241680960922869303e+01
5.027150614461275069e+01,1.128934394519985140e+01
5.029151186053158540e+01,1.202397966722201339e+01
5.031151757645042011e+01,1.231720031621748923e+01
5.033152329236924771e+01,1.300683844230736597e+01
5.035152900828808242e+01,1.182986568885530687e+01
5.037153472420691713e+01,1.204909563933733097e+01
5.039154044012575184e+01,1.305935722439250668e+01
5.041154615604458655e+01,1.351935333661988992e+01
5.043155187196342126e+01,1.294298143855950300e+01
5.045155758788225597e+01,1.364596164361350894e+01
5.047156330380109068e+01,1.350558106919918799e+01
5.049156901971992539e+01,1.297623658385274759e+01
5.051157473563875300e+01,1.330112017925704571e+01
5.053158045155758771e+01,1.251889469206544447e+01
5.055158616747642242e+01,1.209933516652341901e+01
5.057159188339525713e+01,1.165957360050544445e+01
5.059159759931409184e+01,1.132246232948546094e+01
5.061160331523292655e+01,1.107848063825253071e+01
5.063160903115176126e+01,1.046865597291247241e+01
5.065161474707059597e+01,9.988503332351264419e+00
5.067162046298943068e+01,9.276805695247487549e+00
5.069162617890825828e+01,9.738229966463290310e+00
5.071163189482709299e+01,8.913699861007385650e+00
5.073163761074592770e+01,8.358963939944587196e+00
5.075164332666476241e+01,8.866437349258225353e+00
5.077164904258359712e+01,8.234016828150968692e+00
5.079165475850243183e+01,8.539584591674140412e+00
5.081166047442126654e+01,8.266870094301161487e+00
5.083166619034010125e+01,8.422260364608264993e+00
5.085167190625893596e+01,8.588564166095117969e+00
5.087167762217777067e+01,8.960860600044966873e+00
5.089168333809659828e+01,9.334549457520710192e+00
5.091168905401543299e+01,9.524072861927882272e+00
5.093169476993426770e+01,9.349211352446795686e+00
5.095170048585310241e+01,9.477988409593914199e+00
5.097170620177193712e+01,8.921479947383179621e+00
5.099171191769077183e+01,9.074833667326327458e+00
5.101171763360960654e+01,9.839356326939530106e+00
5.103172334952844125e+01,9.469054784862425578e+00
5.105172906544727596e+01,9.879412455103462776e+00
5.107173478136610356e+01,1.049376491286602331e+01
5.109174049728493827e+01,1.077691530067949444e+01
5.111174621320377298e+01,1.044295495709862820e+01
5.113175192912260769e+01,1.038522475256855415e+01
5.115175764504144240e+01,1.006025550496595322e+01
5.117176336096027711e+01,1.071964961298374419e+01
5.119176907687911182e+01,1.122867665760088229e+01
5.121177479279794653e+01,1.051339771128555789e+01
5.123178050871678124e+01,1.065801615190705931e+01
5.125178622463561595e+01,1.165922399449156899e+01
5.127179194055444356e+01,1.149073337827089425e+01
5.129179765647327827e+01,1.050420577810364087e+01
5.131180337239211298e+01,1.124560999543386863e+01
5.133180908831094769e+01,1.167060026743260082e+01
5.135181480422978240e+01,1.169894208658845081e+01
5.137182052014861711e+01,1.097632417459598209e+01
5.139182623606745182e+01,1.186432370173320905e+01
5.141183195198628653e+01,1.122842815277716078e+01
5.143183766790512124e+01,1.096331698618263850e+01
5.145184338382394884e+01,1.163388620268955798e+01
5.147184909974278355e+01,1.153804552916035675e+01
5.149185481566161826e+01,1.160885633100832770e+01
5.151186053158045297e+01,1.039961480506191194e+01
5.153186624749928768e+01,9.829502244988312043e+00
5.155187196341812239e+01,9.861126864267998116e+00
5.157187767933695710e+01,9.720906789521029268e+00
5.159188339525579181e+01,8.771446419363440938e+00
5.161188911117462652e+01,9.094235904578479079e+00
5.163189482709345413e+01,9.239012834193303547e+00
5.165190054301228884e+01,9.313809157004357075e+00
5.167190625893112355e+01,8.836394497975021523e+00
5.169191197484995826e+01,8.744912152588002030e+00
5.171191769076879297e+01,8.584057865498364137e+00
5.173192340668762768e+01,8.244865098869471609e+00
5.175192912260646239e+01,8.107079533588363418e+00
5.177193483852529710e+01,7.630067587017837383e+00
5.179194055444413181e+01,7.894313664727850011e+00
5.181194627036296652e+01,8.066531503156237903e+00
5.183195198628179412e+01,7.809535125619203377e+00
5.185195770220062883e+01,8.008215384859475705e+00
5.187196341811946354e+01,8.114444361976868691e+00
5.189196913403829825e+01,8.457041037051983068e+00
5.191197484995713296e+01,8.480632809059683197e+00
5.193198056587596767e+01,9.626981753950776266e+00
5.195198628179480238e+01,9.784416229626895500e+00
5.197199199771363709e+01,9.989670406384124846e+00
5.199199771363247180e+01,9.922902275151180618e+00
5.201200342955129940e+01,1.127185360585739637e+01
5.203200914547013411e+01,1.189216652861565748e+01
5.205201486138896882e+01,1.153467563567914667e+01
5.207202057730780353e+01,1.128727526667010750e+01
5.209202629322663824e+01,1.233483182003438472e+01
5.211203200914547295e+01,1.254842059410311883e+01
5.213203772506430766e+01,1.144000472185914496e+01
5.215204344098314237e+01,1.278667111308902804e+01
5.217204915690197708e+01,1.303760667177751031e+01
5.219205487282081180e+01,1.205275885076449072e+01
5.221206058873963940e+01,1.282841717831227157e+01
5.223206630465847411e+01,1.181563173769977126e+01
5.225207202057730882e+01,1.215700997968992425e+01
5.227207773649614353e+01,1.277678908281306036e+01
5.229208345241497824e+01,1.234579994683953785e+01
5.231208916833381295e+01,1.230803697891361637e+01
5.233209488425264766e+01,1.227383990793365598e+01
5.235210060017148237e+01,1.262984844881694713e+01
5.237210631609031708e+01,1.203023667902611216e+01
5.239211203200914468e+01,1.226921408062534269e+01
5.241211774792797939e+01,1.189074035056875189e+01
5.243212346384681410e+01,1.213976307234424645e+01
5.245212917976564881e+01,1.236236356753082255e+01
5.247213489568448352e+01,1.225415230645734077e+01
5.249214061160331823e+01,1.176682287714439212e+01
5.251214632752215294e+01,1.210186071051996137e+01
5.253215204344098765e+01,1.168841498396120038e+01
5.255215775935982236e+01,1.200827918403450134e+01
5.257216347527864997e+01,1.193840980842981914e+01
5.259216919119748468e+01,1.225711222386155974e+01
5.261217490711631939e+01,1.257358045901769650e+01
5.263218062303515410e+01,1.268292355553924011e+01
5.265218633895398881e+01,1.272217357702024465e+01
5.267219205487282352e+01,1.377850309861799794e+01
5.269219777079165823e+01,1.333316656692800706e+01
5.271220348671049294e+01,1.339790989882739325e+01
5.273220920262932765e+01,1.348620583458494693e+01
5.275221491854816236e+01,1.329668448995573371e+01
5.277222063446698996e+01,1.335602542029071671e+01
5.279222635038582467e+01,1.364429111108830739e+01
5.281223206630465938e+01,1.394843972604381577e+01
5.283223778222349409e+01,1.260840609593270578e+01
5.285224349814232880e+01,1.291434114717499249e+01
5.287224921406116351e+01,1.296393433924821714e+01
5.289225492997999822e+01,1.198927714154045354e+01
5.291226064589883293e+01,1.129260233721356421e+01
5.293226636181766764e+01,1.150784133119605457e+01
5.295227207773649525e+01,1.062071957860896987e+01
5.297227779365532996e+01,9.668304216262239237e+00
5.299228350957416467e+01,9.448076783709193904e+00
5.301228922549299938e+01,8.506835570129986479e+00
5.303229494141183409e+01,9.106041398148304822e+00
5.305230065733066880e+01,8.334982666109787885e+00
5.307230637324950351e+01,8.225976843335699229e+00
5.309231208916833822e+01,7.334942968218019388e+00
5.311231780508717293e+01,7.437681081782907100e+00
5.313232352100600764e+01,8.214806427904695951e+00
5.315232923692483524e+01,7.429678022411124516e+00
5.317233495284366995e+01,7.247429571805915849e+00
5.319234066876250466e+01,7.708558759274131589e+00
5.321234638468133937e+01,8.474540550677998496e+00
5.323235210060017408e+01,7.807880871455644467e+00
5.325235781651900879e+01,8.993672543725677926e+00
5.327236353243784350e+01,9.029679251168015952e+00
5.329236924835667821e+01,8.978374105142755468e+00
5.331237496427551292e+01,1.027703139385050157e+01
5.333238068019434053e+01,1.002825278579513757e+01
5.335238639611317524e+01,1.085947902573087909e+01
5.337239211203200995e+01,1.066253961187483768e+01
5.339239782795084466e+01,1.116029093118342530e+01
5.341240354386967937e+01,1.102871964404028482e+01
5.343240925978851408e+01,1.153890071140279971e+01
5.345241497570734879e+01,1.171801176317243076e+01
5.347242069162618350e+01,1.057232973203557513e+01
5.349242640754501821e+01,1.065803289645527130e+01
5.351243212346384581e+01,9.908686803324105341e+00
5.353243783938268052e+01,9.866858873401300301e+00
5.355244355530151523e+01,9.038737125259206806e+00
5.357244927122034994e+01,8.181759922874213942e+00
5.359245498713918465e+01,8.288783652302734950e+00
5.361246070305801936e+01,8.030980485548434800e+00
5.363246641897685407e+01,7.762898914977485632e+00
5.365247213489568878e+01,6.955656829001391372e+00
5.367247785081452349e+01,6.988779268648094956e+00
5.369248356673335820e+01,5.910301800843388520e+00
5.371248928265218581e+01,6.185232139094722470e+00
5.373249499857102052e+01,6.257659305203680411e+00
5.375250071448985523e+01,5.686944249759859460e+00
5.377250643040868994e+01,5.893451075627453406e+00
5.379251214632752465e+01,6.137264660883323231e+00
5.381251786224635936e+01,5.783046887585825857e+00
5.383252357816519407e+01,5.082132721448709312e+00
5.385252929408402878e+01,5.927851526734773557e+00
5.387253501000286349e+01,6.400653750218125104e+00
5.389254072592169109e+01,5.889085817940892476e+00
5.391254644184052580e+01,5.972333564549991536e+00
5.393255215775936051e+01,5.877840553598721485e+00
5.395255787367819522e+01,6.675548367417195372e+00
5.397256358959702993e+01,6.748551421872021727e+00
5.399256930551586464e+01,7.346648332059489306e+00
5.401257502143469935e+01,6.890398603360097241e+00
5.403258073735353406e+01,7.055121425863330131e+00
5.405258645327236877e+01,7.492066155752755918e+00
5.407259216919120348e+01,8.027290522789220617e+00
5.409259788511003109e+01,7.882303790391551601e+00
5.411260360102886580e+01,8.412675843958581368e+00
5.413260931694770051e+01,8.172811154243941445e+00
5.415261503286653522e+01,9.016801648289272109e+00
5.417262074878536993e+01,9.085214820363159305e+00
5.419262646470420464e+01,9.141641906829175213e+00
5.421263218062303935e+01,9.097921260048567049e+00
5.423263789654187406e+01,9.747080061928365069e+00
5.425264361246070877e+01,9.791079021884160127e+00
5.427264932837953637e+01,9.370806989990420277e+00
5.429265504429837108e+01,9.483574962538725117e+00
5.431266076021720579e+01,8.137981774373969301e+00
5.433266647613604050e+01,8.899421973793547380e+00
5.435267219205487521e+01,7.905711956141680652e+00
5.437267790797370992e+01,8.900608103781705083e+00
5.439268362389254463e+01,8.401584659471716066e+00
5.441268933981137934e+01,7.373114465487021540e+00
5.443269505573021405e+01,8.099590178790666783e+00
5.445270077164904166e+01,8.261985401625619119e+00
5.447270648756787637e+01,8.190129371180612239e+00
5.449271220348671108e+01,8.005871281118054128e+00
5.451271791940554579e+01,7.419570723810764434e+00
5.453272363532438050e+01,7.456792400128267495e+00
5.455272935124321521e+01,6.995994192987302185e+00
5.457273506716204992e+01,7.903287666269426914e+00
5.459274078308088463e+01,7.516111526448481683e+00
5.461274649899971934e+01,6.943015725631232371e+00
5.463275221491855405e+01,7.306071396827642062e+00
5.465275793083738165e+01,6.228440222256867997e+00
5.467276364675621636e+01,5.925229673561929644e+00
5.469276936267505107e+01,5.528460944648577069e+00
5.471277507859388578e+01,5.385783618970237718e+00
5.473278079451272049e+01,4.753368138056390357e+00
5.475278651043155520e+01,4.111355469329801338e+00
5.477279222635038991e+01,4.478225884180386807e+00
5.479279794226922462e+01,3.522473005307187766e+00
5.481280365818805933e+01,3.495412647403107975e+00
5.483280937410688693e+01,3.799127265489193217e+00
5.485281509002572164e+01,3.415577666390252176e+00
5.487282080594455635e+01,2.882452802103694811e+00
5.489282652186339106e+01,3.061037455092188164e+00
5.491283223778222577e+01,2.887978614068407168e+00
5.493283795370106048e+01,2.435024883035186161e+00
5.495284366961989519e+01,3.236721772798250463e+00
5.497284938553872990e+01,3.020093842486828883e+00
5.499285510145756461e+01,3.750975140867955027e+00
5.501286081737639222e+01,3.214108353588788436e+00
5.503286653329522693e+01,3.307024080854357173e+00
5.505287224921406164e+01,3.106412856829136704e+00
5.507287796513289635e+01,4.096999221343050834e+00
5.509288368105173106e+01,3.154715665810555514e+00
5.511288939697056577e+01,4.100845979287208287e+00
5.513289511288940048e+01,3.425627881781515338e+00
5.515290082880823519e+01,3.924884355963526694e+00
5.517290654472706990e+01,3.919372738091833064e+00
5.519291226064590461e+01,4.544971599284027164e+00
5.521291797656473221e+01,3.951178606809598648e+00
5.523292369248356692e+01,4.250758786725528537e+00
5.525292940840240163e+01,5.198885496356509428e+00
5.527293512432123634e+01,4.970449521437453555e+00
5.529294084024007105e+01,5.082871088473251753e+00
5.531294655615890576e+01,5.483450236463252025e+00
5.533295227207774047e+01,6.052673676671188829e+00
5.535295798799657518e+01,5.948075614884366757e+00
5.537296370391540989e+01,6.696441339785698332e+00
5.539296941983423750e+01,5.927775621697755071e+00
5.541297513575307221e+01,6.364655476245699717e+00
5.543298085167190692e+01,7.794985083696049699e+00
5.545298656759074163e+01,7.031538027687367354e+00
5.547299228350957634e+01,7.910088398888955652e+00
5.549299799942841105e+01,7.478266060782159386e+00
5.551300371534724576e+01,6.896136712662910284e+00
5.553300943126608047e+01,7.183132042579274845e+00
5.555301514718491518e+01,6.968684180913468751e+00
5.557302086310374989e+01,7.983083050934096647e+00
5.559302657902257749e+01,7.223758605811426037e+00
5.561303229494141220e+01,6.794340930503462772e+00
5.563303801086024691e+01,7.244706552973473990e+00
5.565304372677908162e+01,6.074466468144238185e+00
5.567304944269791633e+01,6.014896880239036570e+00
5.569305515861675104e+01,5.340227344787500385e+00
5.571306087453558575e+01,6.431079856289731111e+00
5.573306659045442046e+01,5.895380020302511959e+00
5.575307230637325517e+01,5.711167561083130728e+00
5.577307802229208278e+01,5.017747120417674012e+00
5.579308373821091749e+01,5.468363250706874013e+00
5.581308945412975220e+01,5.037894649864272267e+00
5.583309517004858691e+01,5.277861438423194329e+00
5.585310088596742162e+01,4.872200214415673969e+00
5.587310660188625633e+01,5.204461913920682470e+00
5.589311231780509104e+01,5.517159754974633401e+00
5.591311803372392575e+01,5.398916388445683445e+00
5.593312374964276046e+01,5.028988355889092432e+00
5.595312946556158806e+01,5.299775560468978242e+00
5.597313518148042277e+01,5.687778493251792966e+00
5.599314089739925748e+01,5.526156301333770671e+00
5.601314661331809219e+01,5.407278792138206391e+00
5.603315232923692690e+01,6.382490953847721471e+00
5.605315804515576161e+01,5.440672465330790075e+00
5.607316376107459632e+01,6.292164458807980587e+00
5.609316947699343103e+01,7.089824026540288315e+00
5.611317519291226574e+01,6.785997483448939605e+00
5.613318090883110045e+01,6.905916309955100196e+00
5.615318662474992806e+01,7.046470190007902090e+00
5.617319234066876277e+01,7.485137950655238015e+00
5.619319805658759748e+01,7.353510558677592179e+00
5.621320377250643219e+01,7.660711311096870091e+00
5.623320948842526690e+01,6.330427827924607342e+00
5.625321520434410161e+01,7.449597853927683033e+00
5.627322092026293632e+01,6.912738770945235700e+00
5.629322663618177103e+01,7.412325680628436331e+00
5.631323235210060574e+01,7.878097694185533406e+00
5.633323806801943334e+01,7.863216138209177863e+00
5.635324378393826805e+01,7.516168780894322055e+00
5.637324949985710276e+01,8.004653374063819271e+00
5.639325521577593747e+01,8.278645218116416515e+00
5.641326093169477218e+01,8.169839898432268654e+00
5.643326664761360689e+01,8.266516727811753285e+00
5.645327236353244160e+01,8.689002998262822075e+00
5.647327807945127631e+01,9.212758450697094759e+00
5.649328379537011102e+01,8.780178988152634645e+00
5.651328951128894573e+01,8.944923665108689192e+00
5.653329522720777334e+01,9.833098550037723484e+00
5.655330094312660805e+01,9.530593840865872579e+00
5.657330665904544276e+01,1.022444453627858252e+01
5.659331237496427747e+01,9.935627664473585696e+00
5.661331809088311218e+01,9.416957767388758782e+00
5.663332380680194689e+01,1.100119839846708025e+01
5.665332952272078160e+01,1.102251782617949161e+01
5.667333523863961631e+01,1.094701864961551152e+01
5.669334095455845102e+01,1.118616509815874593e+01
5.671334667047727862e+01,1.118760730801263037e+01
5.673335238639611333e+01,1.160923377697306691e+01
5.675335810231494804e+01,1.121873912296311104e+01
5.677336381823378275e+01,1.066160213872030305e+01
5.679336953415261746e+01,1.129966639580505117e+01
5.681337525007145217e+01,1.125603285687175514e+01
5.683338096599028688e+01,1.077487116612963725e+01
5.685338668190912159e+01,9.875051925805221842e+00
5.687339239782795630e+01,9.843485452070378727e+00
5.689339811374678391e+01,9.442843903326352262e+00
5.691340382966561862e+01,8.447057500292656229e+00
5.693340954558445333e+01,8.766517860789976524e+00
5.695341526150328804e+01,7.146312603952291731e+00
5.697342097742212275e+01,7.516720122285644123e+00
5.699342669334095746e+01,7.712954951006208759e+00
5.701343240925979217e+01,6.693198472919823061e+00
5.703343812517862688e+01,5.944088622020331947e+00
5.705344384109746159e+01,4.825442895393396547e+00
5.707344955701629630e+01,5.526859066378634999e+00
5.709345527293512390e+01,4.682488421979437376e+00
5.711346098885395861e+01,4.839935817409164009e+00
5.713346670477279332e+01,4.546369437620016107e+00
5.715347242069162803e+01,4.655718758862549933e+00
5.717347813661046274e+01,4.431344567628546116e+00
5.719348385252929745e+01,4.524411031303855246e+00
5.721348956844813216e+01,4.402742457840138179e+00
5.723349528436696687e+01,4.711781657869077655e+00
5.725350100028580158e+01,5.324994654464767940e+00
5.727350671620462919e+01,3.936586461655299463e+00
5.729351243212346390e+01,4.166872137399876053e+00
5.731351814804229861e+01,4.573460056304175403e+00
5.733352386396113332e+01,5.352161852465085801e+00
5.735352957987996803e+01,6.434394959241863887e+00
5.737353529579880274e+01,5.490257168821864653e+00
5.739354101171763745e+01,5.840253677473983274e+00
5.741354672763647216e+01,6.748567267101098999e+00
5.743355244355530687e+01,6.980049276610230891e+00
5.745355815947414158e+01,6.163026271101154308e+00
5.747356387539296918e+01,7.099501058588862712e+00
5.749356959131180389e+01,7.187307613494475333e+00
5.751357530723063860e+01,6.012422813154707946e+00
5.753358102314947331e+01,6.689469791762505224e+00
5.755358673906830802e+01,7.052808248402842928e+00
5.757359245498714273e+01,6.357799805606340726e+00
5.759359817090597744e+01,6.166868181458145415e+00
5.761360388682481215e+01,5.780505010187494186e+00
5.763360960274364686e+01,5.210318610577682641e+00
5.765361531866247446e+01,5.820089139707254944e+00
5.767362103458130917e+01,5.972776605171526754e+00
5.769362675050014388e+01,4.685517806370829597e+00
5.771363246641897859e+01,4.926104140732166847e+00
5.773363818233781330e+01,4.765445349702474687e+00
5.775364389825664801e+01,4.325219322961448398e+00
5.777364961417548272e+01,3.415263983262387892e+00
5.779365533009431743e+01,4.053064088252885000e+00
5.781366104601315214e+01,4.293661252627025249e+00
5.783366676193197975e+01,3.985174514200980234e+00
5.785367247785081446e+01,3.042062690146895676e+00
5.787367819376964917e+01,4.714784069863705795e+00
5.789368390968848388e+01,4.258205293050781215e+00
5.791368962560731859e+01,3.807735612305913619e+00
5.793369534152615330e+01,3.403367600893186573e+00
5.795370105744498801e+01,4.552239358666994917e+00
5.797370677336382272e+01,4.088927137218989039e+00
5.799371248928265743e+01,4.990608542710454287e+00
5.801371820520149214e+01,5.058278471424819678e+00
5.803372392112031974e+01,4.055429260493733423e+00
5.805372963703915445e+01,4.396487935570096539e+00
5.807373535295798916e+01,5.320487148867795391e+00
5.809374106887682387e+01,5.735437131237515196e+00
5.811374678479565858e+01,5.949237440500913188e+00
5.813375250071449329e+01,5.151855586496385087e+00
5.815375821663332800e+01,5.845919088242779615e+00
5.817376393255216271e+01,6.493097199771614036e+00
5.819376964847099742e+01,5.308549934700535822e+00
5.821377536438982503e+01,5.716518839734932023e+00
5.823378108030865974e+01,5.732160212003131861e+00
5.825378679622749445e+01,6.035198990987433731e+00
5.827379251214632916e+01,6.408622682080705069e+00
5.829379822806516387e+01,6.316304308327405970e+00
5.831380394398399858e+01,7.093612282967635352e+00
5.833380965990283329e+01,6.994660955870433128e+00
5.835381537582166800e+01,7.626525117775620366e+00
5.837382109174050271e+01,6.637153386230587593e+00
5.839382680765933742e+01,7.549936243681441894e+00
5.841383252357816502e+01,7.862063647793841703e+00
5.843383823949699973e+01,7.869655521633153406e+00
5.845384395541583444e+01,7.112856277058687837e+00
5.847384967133466915e+01,8.166974606254820301e+00
5.849385538725350386e+01,7.882885104700280365e+00
5.851386110317233857e+01,8.047899540555219389e+00
5.853386681909117328e+01,8.553906504771795483e+00
5.855387253501000799e+01,8.521359240288877146e+00
5.857387825092884270e+01,8.487021309873302499e+00
5.859388396684767031e+01,8.813323995769621888e+00
5.861388968276650502e+01,8.423822301050414296e+00
5.863389539868533973e+01,9.114384351415361962e+00
5.865390111460417444e+01,8.849391129502985009e+00
5.867390683052300915e+01,8.280855441222469082e+00
5.869391254644184386e+01,8.400084308542361100e+00
5.871391826236067857e+01,8.313303419343030853e+00
5.873392397827951328e+01,8.324967911234748996e+00
5.875392969419834799e+01,8.919580934311102993e+00
5.877393541011717559e+01,7.791499610578783930e+00
5.879394112603601030e+01,8.306257192526858901e+00
5.881394684195484501e+01,8.270786141075159748e+00
5.883395255787367972e+01,7.595711215619747492e+00
5.885395827379251443e+01,7.882245027688574268e+00
5.887396398971134914e+01,7.564452486733229009e+00
5.889396970563018385e+01,7.437788402912155483e+00
5.891397542154901856e+01,7.915194585395550320e+00
5.893398113746785327e+01,7.538977516641220511e+00
5.895398685338668798e+01,8.114912698643625077e+00
5.897399256930551559e+01,7.460331985973450486e+00
5.899399828522435030e+01,7.232271511910481898e+00
5.901400400114318501e+01,6.890545915752852579e+00
5.903400971706201972e+01,6.805278785629886862e+00
5.905401543298085443e+01,7.117912041993069039e+00
5.907402114889968914e+01,7.047246676083314121e+00
5.909402686481852385e+01,6.750957039349019695e+00
5.911403258073735856e+01,7.075739343689853911e+00
5.913403829665619327e+01,7.179991408929181418e+00
5.915404401257502087e+01,6.918845809189702045e+00
5.917404972849385558e+01,6.436349039022899454e+00
5.919405544441269029e+01,6.253226968955024390e+00
5.921406116033152500e+01,6.605660653016331096e+00
5.923406687625035971e+01,7.215131726943633694e+00
5.925407259216919442e+01,6.287296106443082344e+00
5.927407830808802913e+01,6.753577503949818706e+00
5.929408402400686384e+01,7.259634881347952096e+00
5.931408973992569855e+01,7.359497728477366607e+00
5.933409545584453326e+01,8.109844246913716859e+00
5.935410117176336087e+01,8.359854939901605775e+00
5.937410688768219558e+01,8.317757504649494038e+00
5.939411260360103029e+01,9.130115584657733763e+00
5.941411831951986500e+01,9.209608098544881827e+00
5.943412403543869971e+01,8.693548234600978475e+00
5.945412975135753442e+01,9.024889008550177394e+00
5.947413546727636913e+01,9.999335092127800806e+00
5.949414118319520384e+01,1.009716493589411357e+01
5.951414689911403855e+01,9.663883591852519217e+00
5.953415261503286615e+01,1.087077958963616808e+01
5.955415833095170086e+01,1.077887329916208436e+01
5.957416404687053557e+01,1.111566890997064583e+01
5.959416976278937028e+01,1.076655489763005313e+01
5.961417547870820499e+01,1.059990319958896521e+01
5.963418119462703970e+01,1.115732146307332684e+01
5.965418691054587441e+01,1.075092089241599247e+01
5.967419262646470912e+01,1.129442493428137340e+01
5.969419834238354383e+01,1.060985513308870765e+01
5.971420405830237144e+01,1.053067775175273191e+01
5.973420977422120615e+01,1.026218987799378013e+01
5.975421549014004086e+01,1.092678391929984016e+01
5.977422120605887557e+01,1.061951314148171832e+01
5.979422692197771028e+01,1.122058674283588786e+01
5.981423263789654499e+01,1.082048211215742839e+01
5.983423835381537970e+01,1.056758902991333215e+01
5.985424406973421441e+01,1.047481554835822237e+01
5.987424978565304912e+01,1.062022945718852895e+01
5.989425550157188383e+01,1.041500378247273950e+01
5.991426121749071143e+01,9.916939130762564503e+00
5.993426693340954614e+01,1.045562226307828624e+01
5.995427264932838085e+01,1.103546405239694295e+01
5.997427836524721556e+01,1.162186160364434961e+01
5.999428408116605027e+01,1.054222396711107024e+01
6.001428979708488498e+01,1.167944673831004820e+01
6.003429551300371969e+01,1.067656623222753254e+01
6.005430122892255440e+01,1.164848802938436201e+01
6.007430694484138911e+01,1.153057128521154517e+01
6.009431266076021672e+01,1.178557445025880313e+01
6.011431837667905143e+01,1.205507660215582533e+01
6.013432409259788614e+01,1.250827786293378097e+01
6.015432980851672085e+01,1.319846051165300160e+01
6.017433552443555556e+01,1.354610942485268943e+01
6.019434124035439027e+01,1.315246849938526807e+01
6.021434695627322498e+01,1.332940247467062100e+01
6.023435267219205969e+01,1.356521884187188931e+01
6.025435838811089440e+01,1.329502243087527269e+01
6.027436410402972911e+01,1.401221614290083650e+01
6.029436981994855671e+01,1.348962274747248991e+01
6.031437553586739142e+01,1.329296987798714902e+01
6.033438125178622613e+01,1.326122040609125463e+01
6.035438696770506084e+01,1.288289058707357171e+01
6.037439268362389555e+01,1.215408704978346499e+01
6.039439839954273026e+01,1.182154389401017980e+01
6.041440411546156497e+01,1.222187772297079533e+01
6.043440983138039968e+01,1.194159128122664981e+01
6.045441554729923439e+01,1.190709129692341151e+01
6.047442126321806199e+01,1.092570729375416860e+01
6.049442697913689670e+01,1.022724465557720031e+01
6.051443269505573141e+01,9.688043645694419226e+00
6.053443841097456612e+01,1.055803602348740355e+01
6.055444412689340083e+01,9.562297032072185843e+00
6.057444984281223554e+01,9.740567768947197891e+00
6.059445555873107025e+01,1.004305433872568898e+01
6.061446127464990496e+01,8.276013380961330768e+00
6.063446699056873967e+01,9.001044961359442098e+00
6.065447270648756728e+01,8.987393377690311880e+00
6.067447842240640199e+01,8.438161427489355049e+00
6.069448413832523670e+01,7.177524111241783800e+00
6.071448985424407141e+01,8.299384060845468980e+00
6.073449557016290612e+01,7.140221881169567020e+00
6.075450128608174083e+01,6.787937698802735120e+00
6.077450700200057554e+01,5.992228063732916610e+00
6.079451271791941025e+01,5.829411661719893445e+00
6.081451843383824496e+01,5.596910650549582478e+00
6.083452414975707967e+01,5.868742531057857370e+00
6.085452986567590727e+01,6.044449684190496441e+00
6.087453558159474198e+01,5.663429041227670879e+00
6.089454129751357669e+01,5.453435012558062844e+00
6.091454701343241140e+01,5.525926646024050370e+00
6.093455272935124611e+01,4.718708878408419238e+00
6.095455844527008082e+01,5.834886110998347419e+00
6.097456416118891553e+01,5.793178462520137018e+00
6.099456987710775024e+01,5.616844198304033142e+00
6.101457559302658495e+01,5.167106675523090331e+00
6.103458130894541256e+01,5.641838981955197063e+00
6.105458702486424727e+01,5.701364623238644569e+00
6.107459274078308198e+01,5.457618859556324864e+00
6.109459845670191669e+01,5.126426499320174024e+00
6.111460417262075140e+01,5.457338591385166637e+00
6.113460988853958611e+01,5.853079812263091597e+00
6.115461560445842082e+01,5.237189770979516545e+00
6.117462132037725553e+01,5.518534285109009119e+00
6.119462703629609024e+01,5.852399959619960512e+00
6.121463275221492495e+01,5.642205827368137250e+00
6.123463846813375255e+01,5.029278250720189192e+00
6.125464418405258726e+01,5.916847690162481577e+00
6.127464989997142197e+01,5.076011324801335434e+00
6.129465561589025668e+01,5.761632919669926522e+00
6.131466133180909139e+01,4.834064948753793445e+00
6.133466704772792610e+01,4.708481466602359333e+00
6.135467276364676081e+01,5.231390919354939939e+00
6.137467847956559552e+01,5.524815081844472786e+00
6.139468419548443023e+01,4.712597705384648172e+00
6.141468991140325784e+01,4.583513000757417188e+00
6.143469562732209255e+01,5.071175441410964879e+00
6.145470134324092726e+01,4.946093287298965357e+00
6.147470705915976197e+01,5.375560652922683147e+00
6.149471277507859668e+01,5.034584139416594439e+00
6.151471849099743139e+01,5.327090706695457811e+00
6.153472420691626610e+01,4.719823582915179117e+00
6.155472992283510081e+01,4.793425844479138220e+00
6.157473563875393552e+01,4.924951807418847416e+00
6.159474135467276312e+01,4.342520697216807335e+00
6.161474707059159783e+01,5.024234730133155580e+00
6.163475278651043254e+01,5.562407611604160529e+00
6.165475850242926725e+01,5.951714469468923241e+00
6.167476421834810196e+01,5.792226726484183352e+00
6.169476993426693667e+01,5.622434909728919017e+00
6.171477565018577138e+01,5.347486357015811542e+00
6.173478136610460609e+01,5.689794761953931967e+00
6.175478708202344080e+01,5.711279671213464582e+00
6.177479279794227551e+01,6.073538050918010356e+00
6.179479851386110312e+01,5.917076803753690051e+00
6.181480422977993783e+01,6.399815566711452242e+00
6.183480994569877254e+01,6.173613476164577563e+00
6.185481566161760725e+01,6.765826580738162122e+00
6.187482137753644196e+01,7.583228959820592863e+00
6.189482709345527667e+01,7.763880527971934953e+00
6.191483280937411138e+01,7.538091639555426937e+00
6.193483852529294609e+01,7.510272566971014641e+00
6.195484424121178080e+01,8.567662316919555821e+00
6.197484995713060840e+01,7.579045974685040044e+00
6.199485567304944311e+01,8.271827066726958222e+00
6.201486138896827782e+01,8.140071762966666569e+00
6.203486710488711253e+01,8.548888481868637257e+00
6.205487282080594724e+01,8.727418369266269238e+00
6.207487853672478195e+01,8.288601295816230063e+00
6.209488425264361666e+01,7.843617583986299380e+00
6.211488996856245137e+01,8.956866939245378134e+00
6.213489568448128608e+01,7.669604565143968600e+00
6.215490140040011369e+01,8.570368071030939561e+00
6.217490711631894840e+01,8.003855861282680451e+00
6.219491283223778311e+01,8.379615386565184565e+00
6.221491854815661782e+01,7.842293769349091725e+00
6.223492426407545253e+01,8.460569435927325799e+00
6.225492997999428724e+01,7.967303828122854981e+00
6.227493569591312195e+01,7.626759102883954533e+00
6.229494141183195666e+01,8.108151759993392105e+00
6.231494712775079137e+01,7.709376098395979149e+00
6.233495284366962608e+01,7.064126429014932818e+00
6.235495855958845368e+01,7.494542502220999936e+00
6.237496427550728839e+01,7.611560504016601669e+00
6.239496999142612310e+01,8.168091706248274519e+00
6.241497570734495781e+01,7.728899027513463693e+00
6.243498142326379252e+01,7.825809174357301501e+00
6.245498713918262723e+01,8.153159426262950760e+00
6.247499285510146194e+01,7.906337045861689283e+00
6.249499857102029665e+01,7.483589107810715291e+00
6.251500428693913136e+01,7.225265842502219371e+00
6.253501000285795897e+01,7.121780825039988549e+00
6.255501571877679368e+01,6.739722653395660679e+00
6.257502143469562839e+01,6.770350644289736763e+00
6.259502715061446310e+01,6.700263169489158344e+00
6.261503286653329781e+01,6.545296274197679232e+00
6.263503858245213252e+01,5.554432236771354781e+00
6.265504429837096723e+01,5.645617545829862749e+00
6.267505001428980194e+01,5.347425659573179502e+00
6.269505573020863665e+01,6.206742796831451692e+00
6.271506144612747136e+01,4.861336760397846568e+00
6.273506716204629896e+01,4.966302435185701469e+00
6.275507287796513367e+01,5.127275884064530054e+00
6.277507859388396838e+01,4.982930554154027192e+00
6.279508430980280309e+01,4.212533912971933248e+00
6.281509002572163780e+01,4.415472299784839905e+00
6.283509574164047251e+01,4.564150730572984926e+00
6.285510145755930722e+01,4.213628157852567391e+00
6.287510717347814193e+01,4.974931938359002714e+00
6.289511288939697664e+01,3.939548920361197748e+00
6.291511860531580425e+01,4.966382052324949115e+00
6.293512432123463896e+01,4.419611393233267016e+00
6.295513003715347367e+01,5.044048930746098058e+00
6.297513575307230838e+01,4.266410986132708416e+00
6.299514146899114309e+01,4.982363867633667454e+00
6.301514718490997780e+01,4.772559009934262519e+00
6.303515290082881251e+01,5.226687382243548008e+00
6.305515861674764722e+01,5.212475495396928338e+00
6.307516433266648193e+01,4.926735211733844544e+00
6.309517004858530953e+01,5.313177387446161859e+00
6.311517576450414424e+01,5.239198756766732856e+00
6.313518148042297895e+01,6.334490702151251540e+00
6.315518719634181366e+01,6.176386828134379670e+00
6.317519291226064837e+01,6.187560098756851090e+00
6.319519862817948308e+01,6.373905441666741112e+00
6.321520434409831779e+01,6.729649563203640383e+00
6.323521006001715250e+01,6.525748385466407342e+00
6.325521577593598721e+01,7.448281825280629320e+00
6.327522149185482192e+01,7.470070361005408444e+00
6.329522720777364952e+01,7.727616809149484567e+00
6.331523292369248423e+01,7.970997969566443686e+00
6.333523863961131894e+01,7.790732632216206710e+00
6.335524435553015365e+01,8.116675458048804970e+00
6.337525007144898836e+01,8.289377394817899258e+00
6.339525578736782307e+01,8.450416231264419764e+00
6.341526150328665778e+01,8.779089722466421719e+00
6.343526721920549249e+01,7.810003917054888944e+00
6.345527293512432720e+01,7.643452452098243199e+00
6.347527865104315481e+01,7.325581721523605871e+00
6.349528436696198952e+01,7.312744696322541316e+00
6.351529008288082423e+01,8.120167217272197036e+00
6.353529579879965894e+01,6.431614032383506263e+00
6.355530151471849365e+01,7.321892348163054010e+00
6.357530723063732836e+01,6.275977296608465927e+00
6.359531294655616307e+01,6.256655344363105442e+00
6.361531866247499778e+01,7.133721696944075319e+00
6.363532437839383249e+01,6.293082132411223384e+00
6.365533009431266720e+01,6.342784568973518056e+00
6.367533581023149480e+01,6.272679180771754126e+00
6.369534152615032951e+01,5.194149290693720999e+00
6.371534724206916422e+01,5.678302279711584077e+00
6.373535295798799893e+01,5.232477817026213174e+00
6.375535867390683364e+01,5.525857408564813333e+00
6.377536438982566835e+01,4.781533064957429247e+00
6.379537010574450306e+01,5.339803900791102009e+00
6.381537582166333777e+01,5.337553157580411600e+00
6.383538153758217248e+01,4.605405456411765464e+00
6.385538725350100009e+01,5.434595861513194848e+00
6.387539296941983480e+01,4.950802351648370347e+00
6.389539868533866951e+01,4.702437779826436959e+00
6.391540440125750422e+01,4.293580574305128295e+00
6.393541011717633893e+01,5.180956197740981928e+00
6.395541583309517364e+01,4.433773034450225303e+00
6.397542154901400835e+01,4.863390034105278481e+00
6.399542726493284306e+01,3.951498416866678909e+00
6.401543298085167066e+01,4.955748733371552639e+00
6.403543869677051248e+01,4.761118839698230687e+00
6.405544441268934008e+01,5.293208298494298525e+00
6.407545012860816769e+01,4.636772940194537007e+00
6.409545584452700950e+01,4.821228999389990832e+00
6.411546156044585132e+01,5.659755210073725173e+00
6.413546727636467892e+01,4.739670994638377266e+00
6.415547299228350653e+01,5.344924256286781805e+00
6.417547870820234834e+01,5.744931968590206495e+00
6.419548442412119016e+01,5.479927859380128830e+00
6.421549014004001776e+01,5.265838982350980579e+00
6.423549585595884537e+01,4.572393767598556202e+00
6.425550157187768718e+01,4.431594155188076201e+00
6.427550728779651479e+01,5.680861326442792958e+00
6.429551300371534239e+01,4.621670838700540074e+00
6.431551871963418421e+01,4.676556698064889162e+00
6.433552443555302602e+01,4.609833825265122087e+00
6.435553015147185363e+01,4.861318626045076918e+00
6.437553586739068123e+01,5.381248270180291726e+00
6.439554158330952305e+01,5.245319396891059860e+00
6.441554729922835065e+01,4.383560816347806366e+00
6.443555301514717826e+01,4.856850225183229064e+00
6.445555873106602007e+01,5.322035258552304526e+00
6.447556444698486189e+01,5.022920146177130007e+00
6.449557016290368949e+01,4.519409554057592260e+00
6.451557587882251710e+01,4.990254779269841734e+00
6.453558159474135891e+01,5.684424488369961281e+00
6.455558731066020073e+01,5.199064179086748005e+00
6.457559302657902833e+01,4.338312250424378291e+00
6.459559874249785594e+01,5.073848211911535344e+00
6.461560445841669775e+01,4.730420841296165690e+00
6.463561017433552536e+01,5.284404069536527970e+00
6.465561589025435296e+01,4.172620937472352409e+00
6.467562160617319478e+01,4.485832501829848162e+00
6.469562732209203659e+01,5.104600497248366509e+00
6.471563303801086420e+01,4.657882679582360019e+00
6.473563875392969180e+01,4.889619324509094866e+00
6.475564446984853362e+01,4.447150232212491616e+00
6.477565018576737543e+01,4.185548509610558909e+00
6.479565590168618883e+01,4.213312561635015996e+00
6.481566161760503064e+01,4.098905305647082109e+00
6.483566733352387246e+01,3.575244499491411876e+00
6.485567304944270006e+01,4.327612320633360099e+00
6.487567876536152767e+01,4.458472095306233562e+00
6.489568448128036948e+01,3.672035551225690142e+00
6.491569019719921130e+01,3.809864677997822469e+00
6.493569591311803890e+01,4.791729614178329655e+00
6.495570162903686651e+01,3.742560997349451579e+00
6.497570734495570832e+01,4.531960533742391384e+00
6.499571306087453593e+01,4.865326851255624696e+00
6.501571877679336353e+01,4.372008784445327478e+00
6.503572449271220535e+01,4.142816014660652080e+00
6.505573020863104716e+01,5.218783100924879292e+00
6.507573592454987477e+01,4.627568661844871478e+00
6.509574164046870237e+01,5.226839269823556400e+00
6.511574735638754419e+01,4.563326097722552710e+00
6.513575307230638600e+01,4.195966307435815779e+00
6.515575878822521361e+01,5.764183090166364209e+00
6.517576450414404121e+01,5.163815532760681393e+00
6.519577022006288303e+01,5.386955298578472551e+00
6.521577593598171063e+01,5.381679455743727303e+00
6.523578165190053824e+01,3.976744564161199147e+00
6.525578736781938005e+01,4.833081476997776349e+00
6.527579308373822187e+01,4.536287779398833209e+00
6.529579879965704947e+01,4.039573301973930164e+00
6.531580451557587708e+01,4.548181549704096049e+00
6.533581023149471889e+01,4.012794268421068011e+00
6.535581594741354650e+01,3.852588485505767490e+00
6.537582166333237410e+01,3.916298137731699214e+00
6.539582737925121592e+01,3.719187904683936452e+00
6.541583309517005773e+01,3.505385731255737713e+00
6.543583881108888534e+01,3.739302114775248320e+00
6.545584452700771294e+01,4.117408627621524708e+00
6.547585024292655476e+01,3.457004420149028867e+00
6.549585595884539657e+01,3.371615223447150811e+00
6.551586167476422418e+01,4.067195058336338320e+00
6.553586739068305178e+01,3.996863519949013011e+00
6.555587310660189360e+01,3.214829776531983541e+00
6.557587882252072120e+01,4.146797629559263676e+00
6.559588453843954881e+01,4.205678356603691270e+00
6.561589025435839062e+01,4.361675238697332979e+00
6.563589597027723244e+01,4.636377051998802123e+00
6.565590168619606004e+01,4.516232280892574558e+00
6.567590740211488765e+01,4.239111610391562479e+00
6.569591311803372946e+01,5.539031134674990753e+00
6.571591883395257128e+01,5.256743282164162423e+00
6.573592454987138467e+01,4.891366709691444825e+00
6.575593026579022649e+01,5.149485045174214903e+00
6.577593598170906830e+01,6.268017721749880700e+00
6.579594169762789591e+01,5.725079202951861568e+00
6.581594741354672351e+01,6.794852711109354182e+00
6.583595312946556533e+01,5.956774648447096254e+00
6.585595884538440714e+01,6.807775798698679992e+00
6.587596456130323475e+01,7.310328847431021515e+00
6.589597027722206235e+01,7.374833665185561493e+00
6.591597599314090417e+01,7.703202214059835740e+00
6.593598170905973177e+01,7.599860422364180579e+00
6.595598742497855937e+01,7.531893657472655157e+00
6.597599314089740119e+01,6.787727730246242430e+00
6.599599885681624301e+01,7.217580747332358548e+00
6.601600457273507061e+01,7.731164308452497025e+00
6.603601028865389821e+01,7.076364303171752468e+00
6.605601600457274003e+01,7.186293974272437879e+00
6.607602172049158185e+01,6.303878858388019424e+00
6.609602743641040945e+01,6.771672683003383320e+00
6.611603315232923705e+01,6.089624284571787172e+00
6.613603886824807887e+01,5.581321677695383343e+00
6.615604458416690647e+01,5.407675061230009739e+00
6.617605030008573408e+01,5.193445153765931188e+00
6.619605601600457589e+01,5.872297943587802216e+00
6.621606173192341771e+01,4.775633876265804822e+00
6.623606744784224531e+01,4.747945699416438181e+00
6.625607316376107292e+01,4.232399767553005177e+00
6.627607887967991473e+01,4.881370397796159111e+00
6.629608459559874234e+01,3.792568378132774587e+00
6.631609031151756994e+01,4.174791043560475146e+00
6.633609602743641176e+01,3.980016957613638162e+00
6.635610174335525357e+01,4.556143704403323724e+00
6.637610745927408118e+01,3.812853891084976521e+00
6.639611317519290878e+01,3.554973627117802515e+00
6.641611889111175060e+01,3.632380062928171505e+00
6.643612460703059241e+01,4.145894550916474408e+00
6.645613032294942002e+01,4.282248814564400874e+00
6.647613603886824762e+01,4.509529528371761131e+00
6.649614175478708944e+01,4.220065544006268432e+00
6.651614747070591704e+01,3.805703373187652616e+00
6.653615318662474465e+01,4.193386795265828582e+00
6.655615890254358646e+01,4.172117326989535968e+00
6.657616461846242828e+01,4.907211235252883164e+00
6.659617033438125588e+01,4.724697241594247643e+00
6.661617605030008349e+01,4.277389076862208483e+00
6.663618176621892530e+01,3.773388741695871129e+00
6.665618748213776712e+01,4.012954578240992554e+00
6.667619319805658051e+01,4.898152790569087145e+00
6.669619891397542233e+01,4.685888401943991255e+00
6.671620462989426414e+01,4.552572630939534903e+00
6.673621034581309175e+01,4.479774687969120706e+00
6.675621606173191935e+01,4.979814218673093151e+00
6.677622177765076117e+01,4.593175893106256069e+00
6.679622749356960298e+01,4.837421181679125937e+00
6.681623320948843059e+01,4.018989066110139063e+00
6.683623892540725819e+01,5.144030882634858415e+00
6.685624464132610001e+01,4.455345949913343873e+00
6.687625035724492761e+01,4.257397937058736481e+00
6.689625607316375522e+01,4.359070286805922123e+00
6.691626178908259703e+01,5.193583179956789309e+00
6.693626750500143885e+01,5.027970056011223932e+00
6.695627322092026645e+01,4.481621982368449331e+00
6.697627893683909406e+01,4.688936141419495662e+00
6.699628465275793587e+01,4.374402650335416531e+00
6.701629036867677769e+01,4.781241793764930748e+00
6.703629608459560529e+01,4.970612478066906981e+00
6.705630180051443290e+01,5.472062353632836107e+00
6.707630751643327471e+01,4.042498739962092635e+00
6.709631323235210232e+01,5.239181105253073234e+00
6.711631894827092992e+01,4.356683401443079973e+00
6.713632466418977174e+01,4.926643472152172798e+00
6.715633038010861355e+01,4.036297093097770627e+00
6.717633609602744116e+01,3.849082488346514452e+00
6.719634181194626876e+01,5.085383705395253529e+00
6.721634752786511058e+01,4.613226698183787278e+00
6.723635324378393818e+01,4.459869937734788792e+00
6.725635895970276579e+01,4.338148341596291147e+00
6.727636467562160760e+01,4.290535383626624011e+00
6.729637039154044942e+01,5.076599582350491247e+00
6.731637610745927702e+01,4.768256337126208777e+00
6.733638182337810463e+01,5.425854985667400321e+00
6.735638753929694644e+01,4.804647856544025153e+00
6.737639325521578826e+01,5.388620934419204644e+00
6.739639897113461586e+01,5.214122195682184824e+00
6.741640468705344347e+01,4.709968985256694829e+00
6.743641040297228528e+01,5.524245755286532500e+00
6.745641611889111289e+01,4.343470141913956084e+00
6.747642183480994049e+01,5.010365723283070949e+00
6.749642755072878231e+01,4.702597269981035666e+00
6.751643326664762412e+01,5.315527726837730782e+00
6.753643898256645173e+01,5.096293145045361683e+00
6.755644469848527933e+01,5.867734865919797649e+00
6.757645041440412115e+01,5.318804061874209843e+00
6.759645613032296296e+01,4.581590752336242467e+00
6.761646184624177636e+01,5.309657137339740984e+00
6.763646756216061817e+01,5.866397885305143944e+00
6.765647327807945999e+01,5.781821678383668228e+00
6.767647899399828759e+01,5.014773001756554827e+00
6.769648470991711520e+01,5.560235677960502443e+00
6.771649042583595701e+01,5.366467433156264732e+00
6.773649614175479883e+01,5.594696739499684490e+00
6.775650185767362643e+01,6.347284779910895125e+00
6.777650757359245404e+01,5.156109121984101762e+00
6.779651328951129585e+01,5.850469841515139713e+00
6.781651900543012346e+01,5.807221846469186488e+00
6.783652472134895106e+01,5.506237718231783873e+00
6.785653043726779288e+01,7.051387704335624562e+00
6.787653615318663469e+01,7.031221487821611937e+00
6.789654186910546230e+01,6.438503502602124229e+00
6.791654758502428990e+01,6.854948375344067202e+00
6.793655330094313172e+01,6.916449733645896991e+00
6.795655901686197353e+01,7.431525326421504651e+00
6.797656473278080114e+01,8.481650094448099253e+00
6.799657044869962874e+01,7.777015752639739432e+00
6.801657616461847056e+01,8.709868954738350766e+00
6.803658188053729816e+01,9.319917461659038338e+00
6.805658759645612577e+01,8.089513126496180817e+00
6.807659331237496758e+01,9.576910836541038918e+00
6.809659902829380940e+01,8.847834161560177435e+00
6.811660474421263700e+01,9.378111346695574113e+00
6.813661046013146461e+01,9.413354829062377860e+00
6.815661617605030642e+01,9.396285383912154288e+00
6.817662189196913403e+01,9.670763914480641432e+00
6.819662760788796163e+01,1.059024513085071284e+01
6.821663332380680345e+01,9.523528281724592759e+00
6.823663903972564526e+01,1.001613700980828980e+01
6.825664475564447287e+01,8.788565170310029373e+00
6.827665047156330047e+01,1.005717396825004784e+01
6.829665618748214229e+01,9.127401473811938004e+00
6.831666190340098410e+01,9.289469536883743217e+00
6.833666761931981171e+01,8.764526027629910843e+00
6.835667333523863931e+01,8.711905696211445616e+00
6.837667905115748113e+01,7.926571844145112067e+00
6.839668476707630873e+01,8.305763797489559508e+00
6.841669048299513634e+01,7.817360764243195703e+00
6.843669619891397815e+01,7.586432727567759216e+00
6.845670191483281997e+01,6.922662225132675928e+00
6.847670763075164757e+01,5.951569380338479043e+00
6.849671334667047518e+01,6.552698876301556119e+00
6.851671906258931699e+01,6.468830591202577196e+00
6.853672477850815881e+01,5.967955372820959781e+00
6.855673049442697220e+01,5.866675363411504307e+00
6.857673621034581402e+01,5.502551093730519760e+00
6.859674192626465583e+01,5.985174173105892059e+00
6.861674764218348344e+01,5.888467000522259909e+00
6.863675335810231104e+01,5.392378779101092867e+00
6.865675907402115286e+01,5.310572624924768448e+00
6.867676478993999467e+01,6.116730429381708412e+00
6.869677050585882228e+01,6.224043797709589931e+00
6.871677622177764988e+01,6.092312063534503608e+00
6.873678193769649170e+01,6.198114381045606969e+00
6.875678765361531930e+01,6.972963363113869661e+00
6.877679336953414690e+01,7.032589187109463680e+00
6.879679908545298872e+01,7.108324860591702432e+00
6.881680480137183054e+01,8.062598547110239267e+00
6.883681051729065814e+01,7.841208513039174655e+00
6.885681623320948574e+01,8.270516724937367670e+00
6.887682194912832756e+01,8.373644787060360528e+00
6.889682766504716938e+01,7.929245939787342934e+00
6.891683338096599698e+01,8.377074208126655819e+00
6.893683909688482458e+01,7.954408758005786062e+00
6.895684481280366640e+01,9.074963631451794299e+00
6.897685052872249400e+01,7.791161125475228211e+00
6.899685624464132161e+01,8.490752627022803978e+00
6.901686196056016342e+01,7.795161885759190667e+00
6.903686767647900524e+01,7.603447836830808271e+00
6.905687339239783284e+01,6.964242613084521416e+00
6.907687910831666045e+01,6.686273419596671985e+00
6.909688482423550226e+01,6.210398819758816025e+00
6.911689054015432987e+01,6.056606843406751928e+00
6.913689625607315747e+01,6.054971178885117489e+00
6.915690197199199929e+01,6.380885867699308100e+00
6.917690768791084110e+01,5.574551703914633727e+00
6.919691340382966871e+01,4.954288474507714923e+00
6.921691911974849631e+01,5.212585944840803620e+00
6.923692483566733813e+01,4.594432281508895599e+00
6.925693055158617994e+01,5.031700462834898246e+00
6.927693626750500755e+01,5.202695792772319194e+00
6.929694198342383515e+01,4.313871005128676828e+00
6.931694769934267697e+01,5.024495014804312376e+00
6.933695341526150457e+01,4.615407084323837950e+00
6.935695913118033218e+01,4.953887504211412995e+00
6.937696484709917399e+01,3.735912508816013222e+00
6.939697056301801581e+01,4.815183354836687357e+00
6.941697627893684341e+01,4.478912475874711419e+00
6.943698199485567102e+01,4.788881823651987446e+00
6.945698771077451283e+01,3.882564572863083985e+00
6.947699342669335465e+01,3.678100628635935898e+00
6.949699914261216804e+01,3.959152815533971470e+00
6.951700485853100986e+01,3.223230777018079252e+00
6.953701057444985167e+01,3.656450080901964661e+00
6.955701629036867928e+01,4.213761523114609275e+00
6.957702200628750688e+01,3.404590254684523476e+00
6.959702772220634870e+01,3.724182435973403038e+00
6.961703343812519051e+01,2.826873189041053447e+00
6.963703915404401812e+01,3.670949182988403336e+00
6.965704486996284572e+01,2.678056781848789480e+00
6.967705058588168754e+01,3.610702056563910745e+00
6.969705630180051514e+01,3.096027281892863137e+00
6.971706201771934275e+01,1.873050194429886073e+00
6.973706773363818456e+01,2.506702749032128086e+00
6.975707344955702638e+01,2.981195745449864987e+00
6.977707916547585398e+01,2.468804040154984669e+00
6.979708488139468159e+01,2.621202424859461644e+00
6.981709059731352340e+01,3.301409990239229764e+00
6.983709631323236522e+01,3.240889237452244664e+00
6.985710202915119282e+01,3.472696244901786855e+00
6.987710774507002043e+01,2.618224853988405432e+00
6.989711346098886224e+01,3.328401891724954709e+00
6.991711917690768985e+01,2.611858702667555043e+00
6.993712489282651745e+01,2.735217884025050950e+00
6.995713060874535927e+01,2.699499220382730602e+00
6.997713632466420108e+01,3.795445216087733442e+00
6.999714204058302869e+01,4.023161650926417643e+00
7.001714775650185629e+01,3.706713594212680540e+00
7.003715347242069811e+01,4.691587637245140385e+00
7.005715918833952571e+01,3.630478745375905980e+00
7.007716490425835332e+01,4.108110003520605069e+00
7.009717062017719513e+01,3.413327185967736987e+00
7.011717633609603695e+01,4.040950156492912448e+00
7.013718205201486455e+01,4.408167131343477152e+00
7.015718776793369216e+01,3.863234997587372543e+00
7.017719348385253397e+01,3.833421597234041744e+00
7.019719919977137579e+01,3.900007809767334521e+00
7.021720491569020339e+01,3.749881958804971660e+00
7.023721063160903100e+01,3.597594683095879819e+00
7.025721634752787281e+01,3.893182592134257547e+00
7.027722206344670042e+01,3.759007673800529581e+00
7.029722777936552802e+01,3.788635576701618213e+00
7.031723349528436984e+01,3.154479991662434202e+00
7.033723921120321165e+01,3.590334071513321845e+00
7.035724492712203926e+01,4.015958920461619286e+00
7.037725064304086686e+01,3.399468231099777249e+00
7.039725635895970868e+01,3.466658322123235436e+00
7.041726207487855049e+01,3.806310773439524731e+00
7.043726779079736389e+01,3.382163193512287336e+00
7.045727350671620570e+01,3.611930601993032397e+00
7.047727922263504752e+01,4.011398810157097650e+00
7.049728493855387512e+01,4.380168656247050762e+00
7.051729065447270273e+01,4.574496945675406323e+00
7.053729637039154454e+01,4.415205384895413587e+00
7.055730208631038636e+01,4.402244164115217018e+00
7.057730780222921396e+01,6.005436420042817858e+00
7.059731351814804157e+01,5.711408859024633244e+00
7.061731923406688338e+01,5.795724669913500549e+00
7.063732494998571099e+01,7.095778864470782210e+00
7.065733066590453859e+01,6.661925671153911210e+00
7.067733638182338041e+01,7.668488647875991937e+00
7.069734209774222222e+01,6.874136916616226500e+00
7.071734781366104983e+01,6.822832626440234804e+00
7.073735352957987743e+01,7.920189227158679124e+00
7.075735924549871925e+01,7.949871355142716922e+00
7.077736496141756106e+01,8.590747855061311000e+00
7.079737067733638867e+01,8.040670854919721222e+00
7.081737639325521627e+01,7.959068267114560058e+00
7.083738210917405809e+01,7.573815520477403140e+00
7.085738782509288569e+01,7.646171360456208710e+00
7.087739354101171330e+01,7.094164278552652192e+00
7.089739925693055511e+01,7.741429473800504724e+00
7.091740497284939693e+01,7.335729902754176912e+00
7.093741068876822453e+01,6.589991030874553957e+00
7.095741640468705214e+01,6.733134452613443344e+00
7.097742212060589395e+01,7.267080534916107837e+00
7.099742783652472156e+01,6.588157069537885491e+00
7.101743355244354916e+01,6.221275283683732837e+00
7.103743926836239098e+01,6.975250808018865101e+00
7.105744498428123279e+01,6.686422172363073457e+00
7.107745070020006040e+01,6.234823475207025290e+00
7.109745641611888800e+01,6.153929778528549832e+00
7.111746213203772982e+01,6.638725142810754321e+00
7.113746784795657163e+01,5.880715636795000201e+00
7.115747356387539924e+01,5.832281764526405787e+00
7.117747927979422684e+01,5.762732754723018935e+00
7.119748499571306866e+01,5.460590574529116559e+00
7.121749071163189626e+01,6.130723894796259010e+00
7.123749642755072387e+01,6.450658632936071335e+00
7.125750214346956568e+01,6.105919618050794639e+00
7.127750785938840750e+01,6.895200727125758711e+00
7.129751357530723510e+01,6.822405774108684540e+00
7.131751929122606271e+01,6.442222759562202583e+00
7.133752500714490452e+01,6.914186493841905090e+00
7.135753072306374634e+01,7.424352350280378765e+00
7.137753643898255973e+01,5.764192983578617202e+00
7.139754215490140155e+01,6.286222115995890647e+00
7.141754787082024336e+01,6.924610688093763677e+00
7.143755358673907097e+01,6.526178010378683503e+00
7.145755930265789857e+01,6.135790735428224174e+00
7.147756501857674039e+01,6.564629657400994134e+00
7.149757073449558220e+01,5.495310011867887034e+00
7.151757645041440981e+01,6.327728704747008770e+00
7.153758216633323741e+01,5.308616020574235428e+00
7.155758788225207923e+01,5.316086314352749476e+00
7.157759359817090683e+01,5.468975445409739677e+00
7.159759931408973443e+01,5.056291694952765425e+00
7.161760503000857625e+01,5.651598142047405737e+00
7.163761074592741807e+01,5.305631168217974647e+00
7.165761646184624567e+01,5.215316600456134211e+00
7.167762217776507327e+01,5.466101901741039271e+00
7.169762789368391509e+01,4.692948674970369716e+00
7.171763360960275691e+01,5.343441147490877619e+00
7.173763932552158451e+01,5.496379449790468996e+00
7.175764504144041211e+01,5.291652445382522885e+00
7.177765075735925393e+01,5.187283747628042008e+00
7.179765647327808153e+01,5.652276171018723261e+00
7.181766218919690914e+01,5.566432039095145612e+00
7.183766790511575095e+01,5.331275336908680273e+00
7.185767362103459277e+01,5.241829175248720496e+00
7.187767933695342037e+01,5.761764352364430408e+00
7.189768505287224798e+01,5.044508540774431893e+00
7.191769076879108979e+01,5.618602756932473241e+00
7.193769648470991740e+01,4.741000585837942261e+00
7.195770220062874500e+01,5.406282741988553298e+00
7.197770791654758682e+01,5.072311515046089347e+00
7.199771363246642863e+01,4.802304746384567835e+00
7.201771934838525624e+01,4.908458737344163936e+00
7.203772506430408384e+01,4.991510889659970474e+00
7.205773078022292566e+01,4.211402727854278716e+00
7.207773649614176747e+01,4.843129712348862803e+00
7.209774221206059508e+01,4.637541211163221710e+00
7.211774792797942268e+01,4.637536164840398101e+00
7.213775364389826450e+01,4.264222246902102498e+00
7.215775935981709210e+01,3.654787202789865574e+00
7.217776507573591971e+01,4.244492904396988564e+00
7.219777079165476152e+01,4.258203431694740360e+00
7.221777650757360334e+01,4.588596285818653087e+00
7.223778222349243094e+01,3.842538876592745734e+00
7.225778793941125855e+01,4.219331090343009016e+00
7.227779365533010036e+01,3.928281633993786492e+00
7.229779937124894218e+01,3.821364393010566296e+00
7.231780508716775557e+01,4.428888216625106011e+00
7.233781080308659739e+01,3.910858480708766738e+00
7.235781651900543920e+01,4.657475654224710659e+00
7.237782223492426681e+01,4.002215932940948129e+00
7.239782795084309441e+01,3.678778668242760563e+00
7.241783366676193623e+01,4.437982741480161586e+00
7.243783938268077804e+01,4.207664831078476553e+00
7.245784509859960565e+01,4.600666023541156946e+00
7.247785081451843325e+01,3.862526039108091336e+00
7.249785653043727507e+01,3.954147720950803802e+00
7.251786224635610267e+01,3.954383477388393242e+00
7.253786796227493028e+01,3.935738715457326453e+00
7.255787367819377209e+01,3.091293390495577498e+00
7.257787939411261391e+01,2.966172094774849555e+00
7.259788511003144151e+01,3.826475381838798207e+00
7.261789082595026912e+01,3.327586812430626928e+00
7.263789654186911093e+01,2.885606490392174983e+00
7.265790225778795275e+01,2.259857730753675131e+00
7.267790797370678035e+01,2.772477535492118950e+00
7.269791368962560796e+01,2.669428736769892563e+00
7.271791940554444977e+01,3.247533497265726155e+00
7.273792512146327738e+01,2.591302574839742690e+00
7.275793083738210498e+01,3.242701875149683222e+00
7.277793655330094680e+01,3.289471628240630885e+00
7.279794226921978861e+01,2.712201251051850281e+00
7.281794798513861622e+01,2.921503135981582844e+00
7.283795370105744382e+01,3.429694035667876673e+00
7.285795941697628564e+01,4.074269108080046387e+00
7.287796513289511324e+01,3.221244540761823760e+00
7.289797084881394085e+01,3.333768770667847381e+00
7.291797656473278266e+01,3.455551649343662213e+00
7.293798228065162448e+01,2.894487340690846455e+00
7.295798799657045208e+01,2.998352837835756013e+00
7.297799371248927969e+01,3.735340101558442871e+00
7.299799942840812150e+01,3.266803966808875082e+00
7.301800514432696332e+01,3.992521005246093324e+00
7.303801086024579092e+01,4.487107387299703376e+00
7.305801657616461853e+01,4.632102415826242492e+00
7.307802229208346034e+01,4.004411673325417809e+00
7.309802800800228795e+01,3.973144455116682572e+00
7.311803372392111555e+01,4.400483629066203939e+00
7.313803943983995737e+01,4.257360083374487125e+00
7.315804515575879918e+01,4.122336418425942561e+00
7.317805087167762679e+01,4.282271423431662782e+00
7.319805658759645439e+01,4.323549261470462035e+00
7.321806230351529621e+01,4.449751175616828647e+00
7.323806801943413802e+01,4.045136566169005299e+00
7.325807373535295142e+01,3.823556262667463734e+00
7.327807945127179323e+01,4.595407727549546628e+00
7.329808516719063505e+01,4.611829446841021252e+00
7.331809088310946265e+01,3.515336614576279661e+00
7.333809659902829026e+01,3.603158690275805043e+00
7.335810231494713207e+01,4.264823142895861174e+00
7.337810803086597389e+01,3.111730422083497594e+00
7.339811374678480149e+01,3.644398562685251086e+00
7.341811946270362910e+01,3.729938840897190744e+00
7.343812517862247091e+01,3.834562551957367393e+00
7.345813089454129852e+01,2.327322203715232796e+00
7.347813661046012612e+01,3.042955147283773254e+00
7.349814232637896794e+01,2.904224781861047155e+00
7.351814804229780975e+01,2.773207646597658282e+00
7.353815375821663736e+01,2.720772344234974938e+00
7.355815947413546496e+01,2.928664815201859284e+00
7.357816519005430678e+01,2.903265396378525764e+00
7.359817090597314859e+01,2.928659114838930932e+00
7.361817662189197620e+01,2.044431492168008901e+00
7.363818233781080380e+01,2.577887133203671688e+00
7.365818805372964562e+01,2.770764042633381496e+00
7.367819376964847322e+01,1.993743410779842629e+00
7.369819948556730083e+01,2.414480814104245532e+00
7.371820520148614264e+01,2.818815105127451481e+00
7.373821091740498446e+01,2.542801313662723661e+00
7.375821663332381206e+01,3.161252844301836618e+00
7.377822234924263967e+01,2.445358085856993213e+00
7.379822806516148148e+01,2.639691112181367760e+00
7.381823378108030909e+01,3.171276907343151930e+00
7.383823949699913669e+01,2.406510030264676914e+00
7.385824521291797851e+01,3.049986012650729883e+00
7.387825092883682032e+01,3.053932204962023444e+00
7.389825664475564793e+01,3.079226265281977959e+00
7.391826236067447553e+01,3.139366769374479560e+00
7.393826807659331735e+01,3.021026744970947586e+00
7.395827379251215916e+01,3.126994739903620424e+00
7.397827950843098677e+01,3.301690571314620293e+00
7.399828522434981437e+01,3.321467420647174595e+00
7.401829094026865619e+01,3.973628770397882981e+00
7.403829665618748379e+01,3.230375379005979042e+00
7.405830237210632561e+01,3.907580679355636910e+00
7.407830808802515321e+01,4.846862493505388336e+00
7.409831380394398082e+01,5.188987318482349842e+00
7.411831951986282263e+01,3.942839185349821918e+00
7.413832523578165024e+01,5.449227836651099999e+00
7.415833095170049205e+01,5.718342242556299304e+00
7.417833666761931966e+01,5.007486244357654215e+00
7.419834238353816147e+01,5.822230531700727241e+00
7.421834809945698908e+01,5.208326943416262012e+00
7.423835381537583089e+01,5.492066210164372464e+00
7.425835953129465850e+01,5.683368918290500282e+00
7.427836524721348610e+01,6.050216503617005692e+00
7.429837096313232792e+01,5.296960106112724276e+00
7.431837667905115552e+01,5.747336756548266479e+00
7.433838239496999734e+01,5.425803168629338202e+00
7.435838811088882494e+01,4.920956993781608446e+00
7.437839382680766676e+01,5.465338071667336095e+00
7.439839954272649436e+01,5.091789560385764801e+00
7.441840525864533618e+01,4.381698741016359477e+00
7.443841097456416378e+01,4.449151849347070531e+00
7.445841669048300560e+01,5.189837317988775567e+00
7.447842240640183320e+01,4.288812770515399997e+00
7.449842812232066080e+01,4.318303321449873167e+00
7.451843383823950262e+01,4.425498499805798680e+00
7.453843955415833022e+01,4.648117394474424735e+00
7.455844527007717204e+01,4.361651289676524712e+00
7.457845098599599964e+01,3.408497980753740997e+00
7.459845670191484146e+01,3.638994983126777605e+00
7.461846241783366906e+01,3.963692934323298722e+00
7.463846813375251088e+01,4.305933550049832803e+00
7.465847384967133848e+01,3.743541769141123243e+00
7.467847956559016609e+01,4.578076140710674480e+00
7.469848528150900790e+01,3.911141576377343387e+00
7.471849099742783551e+01,3.944286912632239073e+00
7.473849671334667732e+01,3.945812709932585705e+00
7.475850242926550493e+01,3.624281194076308665e+00
7.477850814518434674e+01,4.590749415972398495e+00
7.479851386110317435e+01,4.164508848969334487e+00
7.481851957702201616e+01,3.277223827261335209e+00
7.483852529294084377e+01,3.793897524838062196e+00
7.485853100885967137e+01,3.673415016867645821e+00
7.487853672477851319e+01,4.080801624260296023e+00
7.489854244069734079e+01,2.760624217284835424e+00
7.491854815661618261e+01,3.999102596782398322e+00
7.493855387253501021e+01,3.220462739683221720e+00
7.495855958845385203e+01,3.448693714580607583e+00
7.497856530437267963e+01,3.469343963247838669e+00
7.499857102029152145e+01,3.558597925345750923e+00
7.501857673621034905e+01,2.721540808836164338e+00
7.503858245212917666e+01,3.010958483572151234e+00
7.505858816804801847e+01,3.522208837666722658e+00
7.507859388396684608e+01,3.506406409285536707e+00
7.509859959988568789e+01,3.487287870212464114e+00
7.511860531580451550e+01,3.064193669635102868e+00
7.513861103172335731e+01,3.879911256687226473e+00
7.515861674764218492e+01,3.621693668820529233e+00
7.517862246356102673e+01,3.762141625533386602e+00
7.519862817947985434e+01,3.799840378297220767e+00
7.521863389539868194e+01,2.736081436479117279e+00
7.523863961131752376e+01,3.440966580476591652e+00
7.525864532723635136e+01,4.060341630404805002e+00
7.527865104315519318e+01,2.727769640402323059e+00
7.529865675907402078e+01,3.787548075323330377e+00
7.531866247499286260e+01,3.717725409616420063e+00
7.533866819091169020e+01,3.494713248173277442e+00
7.535867390683053202e+01,3.660429133275330038e+00
7.537867962274935962e+01,4.540261706427824784e+00
7.539868533866820144e+01,4.093229264878385010e+00
7.541869105458702904e+01,3.977332067875378296e+00
7.543869677050585665e+01,4.318577340941237352e+00
7.545870248642469846e+01,4.466514953377611619e+00
7.547870820234352607e+01,3.450533042844322829e+00
7.549871391826236788e+01,4.482387929271805405e+00
7.551871963418119549e+01,3.909228611021311028e+00
7.553872535010003730e+01,3.649097207421453160e+00
7.555873106601886491e+01,4.530611264756210232e+00
7.557873678193770672e+01,3.559030094611835615e+00
7.559874249785653433e+01,3.333924061271487549e+00
7.561874821377536193e+01,4.055965875065449922e+00
7.563875392969420375e+01,3.712232454102719181e+00
7.565875964561303135e+01,3.270464377332157557e+00
7.567876536153187317e+01,4.065295819726589599e+00
7.569877107745070077e+01,3.464524691408125356e+00
7.571877679336954259e+01,3.480892233474885522e+00
7.573878250928837019e+01,3.055918159766762177e+00
7.575878822520721201e+01,3.171596331933015822e+00
7.577879394112603961e+01,3.637400573086699396e+00
7.579879965704486722e+01,3.134347171194793447e+00
7.581880537296370903e+01,2.463799021604910600e+00
7.583881108888253664e+01,2.880728526687830193e+00
7.585881680480137845e+01,2.762022087935276371e+00
7.587882252072020606e+01,2.894253062554900779e+00
7.589882823663904787e+01,2.696737755561411820e+00
7.591883395255787548e+01,2.537995958847753197e+00
7.593883966847671729e+01,3.054608641034820771e+00
7.595884538439554490e+01,3.124830583242146798e+00
7.597885110031437250e+01,2.126981755501740956e+00
7.599885681623321432e+01,2.929632551883178060e+00
7.601886253215204192e+01,2.586345907632983554e+00
7.603886824807088374e+01,2.026633866141005491e+00
7.605887396398971134e+01,1.947881961249525284e+00
7.607887967990855316e+01,2.233843732609848587e+00
7.609888539582738076e+01,2.846251426508890958e+00
7.611889111174622258e+01,2.815508119890857586e+00
7.613889682766505018e+01,2.502978992065434394e+00
7.615890254358387779e+01,2.896940231368351437e+00
7.617890825950271960e+01,3.191250205630907111e+00
7.619891397542154721e+01,2.547117795879873636e+00
7.621891969134038902e+01,2.190069062191061455e+00
7.623892540725921663e+01,3.516206221891209349e+00
7.625893112317805844e+01,3.311370062812442061e+00
7.627893683909688605e+01,3.063209070814158608e+00
7.629894255501572786e+01,3.224472690735530112e+00
7.631894827093455547e+01,3.558508886544599736e+00
7.633895398685339728e+01,4.015188553834491358e+00
7.635895970277222489e+01,3.942667700996721702e+00
7.637896541869105249e+01,3.817619982306595716e+00
7.639897113460989431e+01,3.633682942268165128e+00
7.641897685052872191e+01,4.359637125399866697e+00
7.643898256644756373e+01,4.619427046675999016e+00
7.645898828236639133e+01,4.680072597357435527e+00
7.647899399828523315e+01,5.399629750193401634e+00
7.649899971420406075e+01,5.811108847478353212e+00
7.651900543012290257e+01,4.898524301549742610e+00
7.653901114604173017e+01,6.376795063073698699e+00
7.655901686196055778e+01,6.566585012684822864e+00
7.657902257787939959e+01,6.396125119012749494e+00
7.659902829379822720e+01,6.051191514717433328e+00
7.661903400971706901e+01,6.463248304715357051e+00
7.663903972563589662e+01,6.085906560178093727e+00
7.665904544155473843e+01,6.986391089196304804e+00
7.667905115747356604e+01,6.545116385250851820e+00
7.669905687339240785e+01,6.170551989633890955e+00
7.671906258931123546e+01,6.900008312926828147e+00
7.673906830523006306e+01,6.862903589383684277e+00
7.675907402114890488e+01,6.031836125039365726e+00
7.677907973706773248e+01,6.067533950310917135e+00
7.679908545298657430e+01,6.339570460040059530e+00
7.681909116890540190e+01,4.985340921667820169e+00
7.683909688482424372e+01,5.520877582560168584e+00
7.685910260074307132e+01,4.869422582836978819e+00
7.687910831666191314e+01,4.617714146566759936e+00
7.689911403258074074e+01,5.001653055485167698e+00
7.691911974849956835e+01,4.757654801929259492e+00
7.693912546441841016e+01,4.048514172909102982e+00
7.695913118033723777e+01,5.025749528657423859e+00
7.697913689625607958e+01,3.957534170117699812e+00
7.699914261217490719e+01,3.620616220381620121e+00
7.701914832809374900e+01,4.331795923325969078e+00
7.703915404401257661e+01,4.574113334334427350e+00
7.705915975993141842e+01,3.155513054238399562e+00
7.707916547585024603e+01,3.809539954266242923e+00
7.709917119176907363e+01,3.280518794222591072e+00
7.711917690768791545e+01,3.006898795932271273e+00
7.713918262360674305e+01,3.717092525828625149e+00
7.715918833952558487e+01,3.651296347767515549e+00
7.717919405544441247e+01,3.520005721791863884e+00
7.719919977136325429e+01,3.273294333088095698e+00
7.721920548728208189e+01,3.296013156850380987e+00
7.723921120320092371e+01,4.043836458787481547e+00
7.725921691911975131e+01,3.890485971837021495e+00
7.727922263503859313e+01,2.368405147615797901e+00
7.729922835095742073e+01,2.959953464629010433e+00
7.731923406687624833e+01,3.311410389995434134e+00
7.733923978279509015e+01,3.208366804419488183e+00
7.735924549871391775e+01,2.771158863821819196e+00
7.737925121463275957e+01,2.645354785058421587e+00
7.739925693055158717e+01,4.071255821484165871e+00
7.741926264647042899e+01,3.128507833894544898e+00
7.743926836238925659e+01,4.236014234569989156e+00
7.745927407830809841e+01,3.954868912252037294e+00
7.747927979422692601e+01,4.026816259311679858e+00
7.749928551014575362e+01,4.090786115099584563e+00
7.751929122606459543e+01,4.249282653020110878e+00
7.753929694198342304e+01,4.039119874753702710e+00
7.755930265790226485e+01,4.654162642063803368e+00
7.757930837382109246e+01,5.142068407473677105e+00
7.759931408973993427e+01,5.262104332481150948e+00
7.761931980565876188e+01,5.264138448888139976e+00
7.763932552157760369e+01,4.728255039218181466e+00
7.765933123749643130e+01,4.517563325783457984e+00
7.767933695341525890e+01,5.298192728218717562e+00
7.769934266933410072e+01,4.738488192054664871e+00
7.771934838525292832e+01,4.691124058150968779e+00
7.773935410117177014e+01,4.899940068669343951e+00
7.775935981709059774e+01,4.772953014644832237e+00
7.777936553300943956e+01,5.339143354333161007e+00
7.779937124892826716e+01,5.314832255881093204e+00
7.781937696484710898e+01,5.031431149901946398e+00
7.783938268076593658e+01,4.634341531764283317e+00
7.785938839668476419e+01,4.738342033696282485e+00
7.787939411260360600e+01,5.430427523260243028e+00
7.789939982852243361e+01,4.823240178333231931e+00
7.791940554444127542e+01,5.168411811303734282e+00
7.793941126036010303e+01,4.782644767950380960e+00
7.795941697627894484e+01,5.317493742633610410e+00
7.797942269219777245e+01,4.467089896232161905e+00
7.799942840811661426e+01,4.998679969299912429e+00
7.801943412403544187e+01,5.129713655399092964e+00
7.803943983995426947e+01,4.487145015366390766e+00
7.805944555587311129e+01,5.402790670019393282e+00
7.807945127179193889e+01,5.473694007446756160e+00
7.809945698771078071e+01,4.381671746693586833e+00
7.811946270362960831e+01,5.518271655433455436e+00
7.813946841954845013e+01,5.338467050162191363e+00
7.815947413546727773e+01,5.429281365141903848e+00
7.817947985138611955e+01,5.361065497082817544e+00
7.819948556730494715e+01,5.165231275881494888e+00
7.821949128322378897e+01,5.009467915643291747e+00
7.823949699914261657e+01,5.457406766153658495e+00
7.825950271506144418e+01,4.340528031084959437e+00
7.827950843098028599e+01,5.118286113259801873e+00
7.829951414689911360e+01,5.390295856359476723e+00
7.831951986281795541e+01,4.775663756371580249e+00
7.833952557873678302e+01,5.375091662158451022e+00
7.835953129465562483e+01,5.691546753330491981e+00
7.837953701057445244e+01,5.598516428648318666e+00
7.839954272649329425e+01,5.420993354384274987e+00
7.841954844241212186e+01,5.064005693130657626e+00
7.843955415833094946e+01,5.242729805987399239e+00
7.845955987424979128e+01,5.320327073081722702e+00
7.847956559016861888e+01,5.696725365433667143e+00
7.849957130608746070e+01,5.471577937036515848e+00
7.851957702200628830e+01,4.984533134452051151e+00
7.853958273792513012e+01,5.394939878472582606e+00
7.855958845384395772e+01,5.747417358183061431e+00
7.857959416976279954e+01,6.496780388825879271e+00
7.859959988568162714e+01,6.766803845938006212e+00
7.861960560160045475e+01,6.227830106767525464e+00
7.863961131751929656e+01,6.267163586825875043e+00
7.865961703343812417e+01,6.267723109156071004e+00
7.867962274935696598e+01,6.262568512835964718e+00
7.869962846527579359e+01,7.451275959601365351e+00
7.871963418119463540e+01,6.633973796505351572e+00
7.873963989711346301e+01,6.130511393227402017e+00
7.875964561303230482e+01,6.438454565340784086e+00
7.877965132895113243e+01,6.583585854734409715e+00
7.879965704486996003e+01,6.017359676410650060e+00
7.881966276078880185e+01,6.737634325489123555e+00
7.883966847670762945e+01,5.848970414010755903e+00
7.885967419262647127e+01,5.338228904335738711e+00
7.887967990854529887e+01,5.379351321440296374e+00
7.889968562446414069e+01,5.281963562115311817e+00
7.891969134038296829e+01,5.154298728593728285e+00
7.893969705630181011e+01,4.393434917862604649e+00
7.895970277222063771e+01,4.519866450270087377e+00
7.897970848813946532e+01,3.889042529786145064e+00
7.899971420405830713e+01,3.902220337428775832e+00
7.901971991997713474e+01,4.461369880649209030e+00
7.903972563589597655e+01,3.354790506227264490e+00
7.905973135181480416e+01,3.653945155212996010e+00
7.907973706773364597e+01,3.828539380644577328e+00
7.909974278365247358e+01,3.490288550709785387e+00
7.911974849957131539e+01,3.036531396707834229e+00
7.913975421549014300e+01,3.685241795062884407e+00
7.915975993140898481e+01,2.566928579133478827e+00
7.917976564732781242e+01,2.718043985980036936e+00
7.919977136324664002e+01,3.654474142601995101e+00
7.921977707916548184e+01,2.304492765612640159e+00
7.923978279508430944e+01,2.953964980822529007e+00
7.925978851100315126e+01,3.916390228089080772e+00
7.927979422692197886e+01,3.000689440570791344e+00
7.929979994284082068e+01,2.957211821871075674e+00
7.931980565875964828e+01,3.603800253087358740e+00
7.933981137467849010e+01,2.969089136071618729e+00
7.935981709059731770e+01,3.291908665875189932e+00
7.937982280651614531e+01,3.639755055138020445e+00
7.939982852243498712e+01,3.017689752950358351e+00
7.941983423835381473e+01,3.465955407065683058e+00
7.943983995427265654e+01,3.015824014572842326e+00
7.945984567019148415e+01,3.391171708913214289e+00
7.947985138611032596e+01,3.350800627915880181e+00
7.949985710202915357e+01,2.841611942997809948e+00
7.951986281794799538e+01,3.017159309620416341e+00
7.953986853386682299e+01,3.096499122609906340e+00
7.955987424978565059e+01,3.021302241613810224e+00
7.957987996570449241e+01,3.644486355199364702e+00
7.959988568162332001e+01,2.790929027398902917e+00
7.961989139754216183e+01,2.119888268762620598e+00
7.963989711346098943e+01,3.106652551588261257e+00
7.965990282937983125e+01,2.490834882009257178e+00
7.967990854529865885e+01,2.747007707497292728e+00
7.969991426121750067e+01,2.536726962689516363e+00
7.971991997713632827e+01,2.550578691120043651e+00
7.973992569305515588e+01,2.324570535731674603e+00
7.975993140897399769e+01,2.373136993078206469e+00
7.977993712489282530e+01,2.000886017270766981e+00
7.979994284081166711e+01,2.513689021063045814e+00
7.981994855673049472e+01,1.731308547987394419e+00
7.983995427264933653e+01,2.227852337218905188e+00
7.985995998856816414e+01,1.942846321197387871e+00
7.987996570448700595e+01,1.733507157382751407e+00
7.989997142040583356e+01,2.309393082496731697e+00
7.991997713632466116e+01,1.482466984548843625e+00
7.993998285224350298e+01,2.642198594365631426e+00
7.995998856816233058e+01,2.493309855326261815e+00
7.997999428408117240e+01,1.452735014620146092e+00
8.000000000000000000e+01,6.018164984967538933e-01
