angle,intensity
1.000000000000000000e+01,1.354527797396901789e+01
1.002000571591883471e+01,7.974016854570447776e+01
1.004001143183766764e+01,8.197321979993004959e+01
1.006001714775650235e+01,8.248721586521220672e+01
1.008002286367533529e+01,8.516094619055994031e+01
1.010002857959417000e+01,8.554053520367612862e+01
1.012003429551300293e+01,8.629186171016988283e+01
1.014004001143183764e+01,8.829306950789434438e+01
1.016004572735067235e+01,9.049009349881262665e+01
1.018005144326950528e+01,9.088760450130726554e+01
1.020005715918833999e+01,9.335183684474091592e+01
1.022006287510717293e+01,9.323648998776758390e+01
1.024006859102600764e+01,9.528134371095829636e+01
1.026007430694484057e+01,9.531880750929165913e+01
1.028008002286367528e+01,9.735656497683426380e+01
1.030008573878250999e+01,9.722266464358737892e+01
1.032009145470134293e+01,9.889240620273322691e+01
1.034009717062017764e+01,9.900003372858977002e+01
1.036010288653901057e+01,9.831935952918748001e+01
1.038010860245784528e+01,9.953689862128386778e+01
1.040011431837667999e+01,1.000000000000000000e+02
1.042012003429551292e+01,9.851179147229147759e+01
1.044012575021434763e+01,9.889752011671590992e+01
1.046013146613318057e+01,9.699040612009382301e+01
1.048013718205201528e+01,9.478346184291430632e+01
1.050014289797084821e+01,9.312168215470343569e+01
1.052014861388968292e+01,9.084187212511420739e+01
1.054015432980851585e+01,8.836532155783949349e+01
1.056016004572735056e+01,8.573094453013759164e+01
1.058016576164618527e+01,8.217938872213981938e+01
1.060017147756501821e+01,7.795467271657031461e+01
1.062017719348385292e+01,7.291702295176547466e+01
1.064018290940268585e+01,6.846447659470651104e+01
1.066018862532152056e+01,6.309799194940539735e+01
1.068019434124035527e+01,5.791615518839385146e+01
1.070020005715918820e+01,5.274350797299315730e+01
1.072020577307802292e+01,4.813465992463980569e+01
1.074021148899685585e+01,4.416664131696916229e+01
1.076021720491569056e+01,3.834229971976136397e+01
1.078022292083452349e+01,3.494804660808289043e+01
1.080022863675335820e+01,3.195521170584853721e+01
1.082023435267219291e+01,3.119629936506960277e+01
1.084024006859102585e+01,2.886358435100317976e+01
1.086024578450986056e+01,2.635307078372574097e+01
1.088025150042869349e+01,2.580418355153092236e+01
1.090025721634752820e+01,2.448288016401822986e+01
1.092026293226636113e+01,2.483926018868698549e+01
1.094026864818519584e+01,2.375812141785564435e+01
1.096027436410403055e+01,2.321586277153134859e+01
1.098028008002286349e+01,2.380131932221447144e+01
1.100028579594169820e+01,2.239461352657979987e+01
1.102029151186053113e+01,2.243013922766183299e+01
1.104029722777936584e+01,2.407213062278225379e+01
1.106030294369819877e+01,2.397124517077272543e+01
1.108030865961703348e+01,2.371127611965875204e+01
1.110031437553586819e+01,2.353346815728035679e+01
1.112032009145470113e+01,2.422274728497190210e+01
1.114032580737353584e+01,2.564409505613537021e+01
1.116033152329236877e+01,2.455157833273791113e+01
1.118033723921120348e+01,2.541749355310546932e+01
1.120034295513003642e+01,2.675568038990400055e+01
1.122034867104887113e+01,2.667829244440358494e+01
1.124035438696770584e+01,2.691465599723168012e+01
1.126036010288653877e+01,2.753842051597231588e+01
1.128036581880537348e+01,2.798267783951775911e+01
1.130037153472420641e+01,2.920308640545081502e+01
1.132037725064304112e+01,2.987524086101622345e+01
1.134038296656187583e+01,3.020349341488955730e+01
1.136038868248070877e+01,3.065650027694840318e+01
1.138039439839954348e+01,3.027160532473624244e+01
1.140040011431837641e+01,3.225163535415283178e+01
1.142040583023721112e+01,3.189827290034931906e+01
1.144041154615604405e+01,3.310297728020580621e+01
1.146041726207487876e+01,3.259614098085567946e+01
1.148042297799371170e+01,3.402082792108811304e+01
1.150042869391254641e+01,3.530705548459186360e+01
1.152043440983138112e+01,3.471052677204307457e+01
1.154044012575021405e+01,3.654194681596258221e+01
1.156044584166904876e+01,3.686460712930688288e+01
1.158045155758788169e+01,3.754087949248686584e+01
1.160045727350671640e+01,3.864430922190177853e+01
1.162046298942555111e+01,3.843423911692337214e+01
1.164046870534438405e+01,3.918170109517031108e+01
1.166047442126321876e+01,3.962765802675572502e+01
1.168048013718205169e+01,4.173643776135203609e+01
1.170048585310088640e+01,4.081003705979267693e+01
1.172049156901971934e+01,4.199872566958444509e+01
1.174049728493855405e+01,4.344320749073142451e+01
1.176050300085738698e+01,4.293129295548331470e+01
1.178050871677622169e+01,4.449659036129591527e+01
1.180051443269505640e+01,4.498234656222468431e+01
1.182052014861388933e+01,4.492489145677478746e+01
1.184052586453272404e+01,4.449339518404168103e+01
1.186053158045155698e+01,4.498261885615650613e+01
1.188053729637039169e+01,4.532334780912545114e+01
1.190054301228922640e+01,4.482855080082108401e+01
1.192054872820805933e+01,4.623245177724996324e+01
1.194055444412689404e+01,4.477320656956631950e+01
1.196056016004572697e+01,4.398701412783405118e+01
1.198056587596456168e+01,4.438888347357590192e+01
1.200057159188339639e+01,4.245618113113933845e+01
1.202057730780222933e+01,4.179931440719571611e+01
1.204058302372106226e+01,4.104473858568439226e+01
1.206058873963989697e+01,3.846291663223782109e+01
1.208059445555873168e+01,3.828452822248983978e+01
1.210060017147756461e+01,3.491577932491847491e+01
1.212060588739639932e+01,3.306485788887242450e+01
1.214061160331523226e+01,3.113728165291735195e+01
1.216061731923406697e+01,2.816904837389573757e+01
1.218062303515290168e+01,2.631407975601054261e+01
1.220062875107173461e+01,2.266363528219702417e+01
1.222063446699056932e+01,2.170249025591658665e+01
1.224064018290940226e+01,1.858809965216235938e+01
1.226064589882823697e+01,1.612862646501742603e+01
1.228065161474707168e+01,1.465155791036547761e+01
1.230065733066590461e+01,1.344580018018234746e+01
1.232066304658473754e+01,1.171247325485377289e+01
1.234066876250357225e+01,1.080731968934440346e+01
1.236067447842240696e+01,9.699756639434577110e+00
1.238068019434123990e+01,7.647590218126520512e+00
1.240068591026007461e+01,7.664437483472711143e+00
1.242069162617890754e+01,6.409087243786990129e+00
1.244069734209774225e+01,6.614302067477243696e+00
1.246070305801657696e+01,5.882590489566223546e+00
1.248070877393540989e+01,5.589623184122896937e+00
1.250071448985424460e+01,4.237904954980812100e+00
1.252072020577307754e+01,3.342113462139900903e+00
1.254072592169191225e+01,4.294887324129075701e+00
1.256073163761074696e+01,3.714470641035671594e+00
1.258073735352957989e+01,4.479152643388309762e+00
1.260074306944841460e+01,2.716622618856458615e+00
1.262074878536724754e+01,3.208383690503369579e+00
1.264075450128608225e+01,3.149950849482316517e+00
1.266076021720491518e+01,4.044473674689669451e+00
1.268076593312374989e+01,3.355603916205946557e+00
1.270077164904258282e+01,3.895406950525530210e+00
1.272077736496141753e+01,2.417921263321360481e+00
1.274078308088025224e+01,3.246831641735667073e+00
1.276078879679908518e+01,3.393703641253556835e+00
1.278079451271791989e+01,2.651227637077755439e+00
1.280080022863675282e+01,2.820579222139777187e+00
1.282080594455558753e+01,2.745280238630502190e+00
1.284081166047442224e+01,2.698728344325441952e+00
1.286081737639325517e+01,2.334029450038184184e+00
1.288082309231208988e+01,3.332352536262939591e+00
1.290082880823092282e+01,3.527041271542863399e+00
1.292083452414975753e+01,3.516706361752786947e+00
1.294084024006859224e+01,3.255970819989514098e+00
1.296084595598742517e+01,2.625389283227446136e+00
1.298085167190625810e+01,2.775382081598026573e+00
1.300085738782509281e+01,2.053392333086587751e+00
1.302086310374392752e+01,3.320459272342123569e+00
1.304086881966276046e+01,2.165573673326383286e+00
1.306087453558159517e+01,2.275403510688784881e+00
1.308088025150042810e+01,2.708396446595114693e+00
1.310088596741926281e+01,2.495075395268819385e+00
1.312089168333809752e+01,2.303847655789107218e+00
1.314089739925693046e+01,2.551717995336035827e+00
1.316090311517576517e+01,2.507640579598041430e+00
1.318090883109459810e+01,1.851701796242334552e+00
1.320091454701343281e+01,3.183699805795985771e+00
1.322092026293226752e+01,1.693106517610533990e+00
1.324092597885110045e+01,2.181601646222911750e+00
1.326093169476993339e+01,3.512284508400209670e+00
1.328093741068876810e+01,3.158591722162357396e+00
1.330094312660760281e+01,3.352069730219473964e+00
1.332094884252643574e+01,2.084411500069654366e+00
1.334095455844527045e+01,3.432620801150914946e+00
1.336096027436410338e+01,1.697945405439946542e+00
1.338096599028293809e+01,2.665505520952062390e+00
1.340097170620177280e+01,3.395181681972799126e+00
1.342097742212060574e+01,2.454999296867040659e+00
1.344098313803944045e+01,1.725313101120767412e+00
1.346098885395827338e+01,2.513099834367604757e+00
1.348099456987710809e+01,3.115095905990908687e+00
1.350100028579594280e+01,3.314790196814175083e+00
1.352100600171477573e+01,2.092370016073080041e+00
1.354101171763361044e+01,2.691458138009836798e+00
1.356101743355244338e+01,2.881718185887532258e+00
1.358102314947127809e+01,2.143666725611566015e+00
1.360102886539011102e+01,1.596253860457065965e+00
1.362103458130894573e+01,2.125796264722763951e+00
1.364104029722777867e+01,2.219306485446310262e+00
1.366104601314661338e+01,2.015129008122964915e+00
1.368105172906544809e+01,3.321655547173694156e+00
1.370105744498428102e+01,2.330791145550977106e+00
1.372106316090311573e+01,2.080934620738584595e+00
1.374106887682194866e+01,2.895608956885100227e+00
1.376107459274078337e+01,1.925201819240199619e+00
1.378108030865961808e+01,2.417445714491383679e+00
1.380108602457845102e+01,2.543477349443074242e+00
1.382109174049728573e+01,3.084253471063634233e+00
1.384109745641611866e+01,1.691161893434086849e+00
1.386110317233495337e+01,2.685981008835800932e+00
1.388110888825378808e+01,2.284952745696482435e+00
1.390111460417262101e+01,2.643837158811093602e+00
1.392112032009145395e+01,2.150580181725732398e+00
1.394112603601028866e+01,1.881673891604563664e+00
1.396113175192912337e+01,1.820270999467020090e+00
1.398113746784795630e+01,2.859082161620093654e+00
1.400114318376679101e+01,3.513689985449532482e+00
1.402114889968562395e+01,2.541293991041376543e+00
1.404115461560445866e+01,2.919114109005131574e+00
1.406116033152329337e+01,2.364612966417191764e+00
1.408116604744212630e+01,2.229777195174143856e+00
1.410117176336095923e+01,2.147396668816384580e+00
1.412117747927979394e+01,3.551344796620949040e+00
1.414118319519862865e+01,3.464175882814205298e+00
1.416118891111746336e+01,3.397064496774115927e+00
1.418119462703629630e+01,3.456903151815029052e+00
1.420120034295512923e+01,1.814729474433451450e+00
1.422120605887396394e+01,1.727849392950819629e+00
1.424121177479279865e+01,2.835489973953841947e+00
1.426121749071163336e+01,2.470885836866853591e+00
1.428122320663046629e+01,3.349261001394348458e+00
1.430122892254929923e+01,3.042161813875430720e+00
1.432123463846813394e+01,3.136249996348464908e+00
1.434124035438696865e+01,3.481135925684931465e+00
1.436124607030580158e+01,3.159786687872367938e+00
1.438125178622463629e+01,2.297044295044326390e+00
1.440125750214346922e+01,3.121787102882424225e+00
1.442126321806230393e+01,2.549117791176852332e+00
1.444126893398113864e+01,2.690168026617977048e+00
1.446127464989997158e+01,2.676147550956961219e+00
1.448128036581880451e+01,3.237540643924279760e+00
1.450128608173763922e+01,2.592344290777949034e+00
1.452129179765647393e+01,2.990173068130764999e+00
1.454129751357530864e+01,3.268899259155574555e+00
1.456130322949414158e+01,1.966782634703317489e+00
1.458130894541297451e+01,2.224194255261956243e+00
1.460131466133180922e+01,3.350129452078416392e+00
1.462132037725064393e+01,2.271502305088335394e+00
1.464132609316947686e+01,3.197024138319075171e+00
1.466133180908831157e+01,2.794696893054899434e+00
1.468133752500714451e+01,2.150009794709217381e+00
1.470134324092597922e+01,2.825735727025124877e+00
1.472134895684481393e+01,2.736188723178452076e+00
1.474135467276364686e+01,2.115081234720563863e+00
1.476136038868247979e+01,2.045831040059697958e+00
1.478136610460131450e+01,2.823105973947676262e+00
1.480137182052014921e+01,1.950560645819064298e+00
1.482137753643898392e+01,3.672929616882784298e+00
1.484138325235781686e+01,2.662749215141234860e+00
1.486138896827664979e+01,3.013341715035389168e+00
1.488139468419548450e+01,2.430838699305236883e+00
1.490140040011431921e+01,2.798355229034099168e+00
1.492140611603315392e+01,2.840248641983518674e+00
1.494141183195198685e+01,2.089695038877118716e+00
1.496141754787081979e+01,2.444413590541762105e+00
1.498142326378965450e+01,3.764428530876053003e+00
1.500142897970848921e+01,2.119022675478925866e+00
1.502143469562732214e+01,2.666178196957249114e+00
1.504144041154615508e+01,3.785534636555754062e+00
1.506144612746498979e+01,2.270742296744965749e+00
1.508145184338382450e+01,3.304974405533612103e+00
1.510145755930265921e+01,2.588020259647161758e+00
1.512146327522149214e+01,2.152865540435894065e+00
1.514146899114032507e+01,2.593253260897720125e+00
1.516147470705915978e+01,3.644869317768059336e+00
1.518148042297799449e+01,2.641647020609054763e+00
1.520148613889682920e+01,1.991223566143023982e+00
1.522149185481566214e+01,2.234231464757512331e+00
1.524149757073449507e+01,2.383422704668478165e+00
1.526150328665332978e+01,3.449306554971100169e+00
1.528150900257216449e+01,2.638818963016247743e+00
1.530151471849099742e+01,2.871238318406601486e+00
1.532152043440983036e+01,3.655875866477814373e+00
1.534152615032866507e+01,2.631276167559715606e+00
1.536153186624749978e+01,3.410492405305126873e+00
1.538153758216633449e+01,2.247424387865675222e+00
1.540154329808516742e+01,2.356660388307394882e+00
1.542154901400400036e+01,2.285703638215319522e+00
1.544155472992283507e+01,3.130740252358676479e+00
1.546156044584166978e+01,2.593101827558472294e+00
1.548156616176050449e+01,4.039123799947044624e+00
1.550157187767933742e+01,3.630407205915402891e+00
1.552157759359817035e+01,2.853899580669789771e+00
1.554158330951700506e+01,4.475049796299546578e+00
1.556158902543583977e+01,3.171380027040179961e+00
1.558159474135467271e+01,3.594487382779022688e+00
1.560160045727350742e+01,3.073882497486054799e+00
1.562160617319234035e+01,3.562564356867919280e+00
1.564161188911117506e+01,4.502251288850232847e+00
1.566161760503000977e+01,4.693428918358836022e+00
1.568162332094884270e+01,3.090176646111312042e+00
1.570162903686767564e+01,3.686686051008949416e+00
1.572163475278651035e+01,3.363204541264505298e+00
1.574164046870534506e+01,3.368176392438990696e+00
1.576164618462417977e+01,5.299519277686274066e+00
1.578165190054301270e+01,4.347959997999800486e+00
1.580165761646184563e+01,4.813895470426261980e+00
1.582166333238068034e+01,5.244402053438943945e+00
1.584166904829951505e+01,5.294625431870733756e+00
1.586167476421834799e+01,5.565393058926892067e+00
1.588168048013718270e+01,5.090717761775382044e+00
1.590168619605601563e+01,6.200343675500592511e+00
1.592169191197485034e+01,4.731298048953995306e+00
1.594169762789368505e+01,5.395333699229822422e+00
1.596170334381251799e+01,6.061601556944679281e+00
1.598170905973135092e+01,6.088760267813182026e+00
1.600171477565018563e+01,6.514899354893187500e+00
1.602172049156902034e+01,6.708897942720876806e+00
1.604172620748785505e+01,6.485431763996651000e+00
1.606173192340668976e+01,6.402333034085319952e+00
1.608173763932552092e+01,7.195927855809774343e+00
1.610174335524435563e+01,6.981916657971321882e+00
1.612174907116319034e+01,8.213029532254637388e+00
1.614175478708202505e+01,7.531659025387908102e+00
1.616176050300085620e+01,7.453394646262405665e+00
1.618176621891969091e+01,7.727066381175968779e+00
1.620177193483852562e+01,8.878708847731028087e+00
1.622177765075736033e+01,8.948033615438371058e+00
1.624178336667619504e+01,9.217127586634060066e+00
1.626178908259502620e+01,7.961042644299375581e+00
1.628179479851386091e+01,9.355384721087000699e+00
1.630180051443269562e+01,9.417568282662182710e+00
1.632180623035153033e+01,1.004939914576109494e+01
1.634181194627036149e+01,1.040813525110913318e+01
1.636181766218919620e+01,1.108273731009644969e+01
1.638182337810803091e+01,1.143204059042948195e+01
1.640182909402686562e+01,1.058194878378393611e+01
1.642183480994570033e+01,1.049273832099980552e+01
1.644184052586453504e+01,1.155582722351246794e+01
1.646184624178336620e+01,1.271522873354524918e+01
1.648185195770220091e+01,1.196239427043027170e+01
1.650185767362103562e+01,1.214487388037006355e+01
1.652186338953986677e+01,1.389499201646907522e+01
1.654186910545870148e+01,1.463934816495376445e+01
1.656187482137753619e+01,1.381880396124152277e+01
1.658188053729637090e+01,1.501178709986102788e+01
1.660188625321520561e+01,1.434574455781558022e+01
1.662189196913404032e+01,1.554159471193239384e+01
1.664189768505287148e+01,1.493331819170661845e+01
1.666190340097170619e+01,1.583379377848475755e+01
1.668190911689054090e+01,1.756845833226692477e+01
1.670191483280937561e+01,1.775093736493463581e+01
1.672192054872820677e+01,1.731788028960219350e+01
1.674192626464704148e+01,1.755075744705114005e+01
1.676193198056587619e+01,1.811586919480651048e+01
1.678193769648471090e+01,2.015833345929952714e+01
1.680194341240354561e+01,2.112384466574092556e+01
1.682194912832238032e+01,2.109309172389440690e+01
1.684195484424121148e+01,2.228550346771264046e+01
1.686196056016004619e+01,2.242410408234918862e+01
1.688196627607888090e+01,2.302150401473597796e+01
1.690197199199771205e+01,2.348526365801544813e+01
1.692197770791654676e+01,2.466862874158672270e+01
1.694198342383538147e+01,2.418141208234406747e+01
1.696198913975421618e+01,2.619444203111204672e+01
1.698199485567305089e+01,2.583997785341724196e+01
1.700200057159188560e+01,2.713199281926189244e+01
1.702200628751071676e+01,2.823283853167250967e+01
1.704201200342955147e+01,2.853554873155313487e+01
1.706201771934838618e+01,2.947280633424516694e+01
1.708202343526722089e+01,2.988403483869159771e+01
1.710202915118605205e+01,3.128831761420283897e+01
1.712203486710488676e+01,3.143837860366319603e+01
1.714204058302372147e+01,3.117970072037651619e+01
1.716204629894255618e+01,3.290948158864454598e+01
1.718205201486139089e+01,3.194327394800498254e+01
1.720205773078022204e+01,3.353259438770142253e+01
1.722206344669905675e+01,3.434572667348609798e+01
1.724206916261789146e+01,3.435807941931615517e+01
1.726207487853672617e+01,3.364324144955072171e+01
1.728208059445555733e+01,3.350637022843344681e+01
1.730208631037439204e+01,3.335571766179733544e+01
1.732209202629322675e+01,3.206067334866914109e+01
1.734209774221206146e+01,3.236297539275331303e+01
1.736210345813089617e+01,3.098805993941562065e+01
1.738210917404973088e+01,3.053719301249939377e+01
1.740211488996856204e+01,2.935442226283480238e+01
1.742212060588739675e+01,2.756778067975985635e+01
1.744212632180623146e+01,2.672004349360321385e+01
1.746213203772506262e+01,2.578128135919239483e+01
1.748213775364389733e+01,2.355699652873819261e+01
1.750214346956273204e+01,2.159414419141474539e+01
1.752214918548156675e+01,1.902458323781622695e+01
1.754215490140040146e+01,1.889947800167958292e+01
1.756216061731923617e+01,1.695594230595325058e+01
1.758216633323806732e+01,1.404503464276546154e+01
1.760217204915690203e+01,1.320860856720993226e+01
1.762217776507573674e+01,1.201304900968026423e+01
1.764218348099457145e+01,1.101582341366959206e+01
1.766218919691340261e+01,8.702811664731562757e+00
1.768219491283223732e+01,7.797081837196105703e+00
1.770220062875107203e+01,6.912104108286204251e+00
1.772220634466990674e+01,7.475825333516442406e+00
1.774221206058874145e+01,7.285829361307941454e+00
1.776221777650757616e+01,6.206206466133482813e+00
1.778222349242640732e+01,5.765605830647261953e+00
1.780222920834524203e+01,5.708163042287546673e+00
1.782223492426407674e+01,4.371655756729576403e+00
1.784224064018290790e+01,3.925224616190782889e+00
1.786224635610174261e+01,5.259545084187593922e+00
1.788225207202057732e+01,3.826330717143813676e+00
1.790225778793941203e+01,4.560991416872312243e+00
1.792226350385824674e+01,4.934052971756613282e+00
1.794226921977708145e+01,5.227500056578382903e+00
1.796227493569591260e+01,4.163886061131298888e+00
1.798228065161474731e+01,4.270994814600320488e+00
1.800228636753358202e+01,3.462306472092354870e+00
1.802229208345241318e+01,3.710290468794380736e+00
1.804229779937124789e+01,3.259243226810576655e+00
1.806230351529008260e+01,4.968734346114015210e+00
1.808230923120891731e+01,4.139764343942206715e+00
1.810231494712775202e+01,4.528425998623727189e+00
1.812232066304658673e+01,4.877917528758406007e+00
1.814232637896542144e+01,4.328371075521368461e+00
1.816233209488425260e+01,4.010415776914706854e+00
1.818233781080308731e+01,4.149389397774520205e+00
1.820234352672191847e+01,3.568215164163084818e+00
1.822234924264075318e+01,4.877632974843961300e+00
1.824235495855958789e+01,4.595528426870487237e+00
1.826236067447842260e+01,3.987750450162780069e+00
1.828236639039725731e+01,4.347467930919539647e+00
1.830237210631609202e+01,3.794322134407990710e+00
1.832237782223492673e+01,4.945982626481931099e+00
1.834238353815375788e+01,3.507647340073130504e+00
1.836238925407259259e+01,4.035938925969591473e+00
1.838239496999142730e+01,4.557914932575093836e+00
1.840240068591025846e+01,3.916017987779839338e+00
1.842240640182909317e+01,3.271034212183191681e+00
1.844241211774792788e+01,4.835333211103084672e+00
1.846241783366676259e+01,4.581359729386627500e+00
1.848242354958559730e+01,4.153821498314251848e+00
1.850242926550443201e+01,3.207341201145952780e+00
1.852243498142326672e+01,4.284150489149428864e+00
1.854244069734209788e+01,5.052626573583074432e+00
1.856244641326093259e+01,4.637216200248415632e+00
1.858245212917976374e+01,4.652453916689360369e+00
1.860245784509859845e+01,5.034184356360349000e+00
1.862246356101743316e+01,3.535029211931172366e+00
1.864246927693626787e+01,4.741518190394326204e+00
1.866247499285510258e+01,3.586943499296641580e+00
1.868248070877393729e+01,5.140573473852162678e+00
1.870248642469277200e+01,4.896075005988256734e+00
1.872249214061160316e+01,4.831355553977852324e+00
1.874249785653043787e+01,4.567938368355749290e+00
1.876250357244927258e+01,5.148460546803830695e+00
1.878250928836810374e+01,4.316037300304970792e+00
1.880251500428693845e+01,5.333345323060560972e+00
1.882252072020577316e+01,6.124693178980533226e+00
1.884252643612460787e+01,6.068105012417806421e+00
1.886253215204344258e+01,5.057592123230162606e+00
1.888253786796227729e+01,5.136979541373886349e+00
1.890254358388111200e+01,6.793070068293908470e+00
1.892254929979994316e+01,5.507570305736122940e+00
1.894255501571877787e+01,7.189537587904203164e+00
1.896256073163760902e+01,5.974572964952141518e+00
1.898256644755644373e+01,7.247888030673606430e+00
1.900257216347527844e+01,6.148977751273728920e+00
1.902257787939411315e+01,6.459379835014457782e+00
1.904258359531294786e+01,8.123438970742427045e+00
1.906258931123178257e+01,7.913132575400611657e+00
1.908259502715061728e+01,7.918821534135443763e+00
1.910260074306944844e+01,8.055845024397223497e+00
1.912260645898828315e+01,8.745343857117440223e+00
1.914261217490711431e+01,9.556376722775155486e+00
1.916261789082594902e+01,1.019413540168578969e+01
1.918262360674478373e+01,1.042765913306471326e+01
1.920262932266361844e+01,1.036389096176608682e+01
1.922263503858245315e+01,1.006977945340953973e+01
1.924264075450128786e+01,1.148207798999806784e+01
1.926264647042012257e+01,1.060564164515059105e+01
1.928265218633895373e+01,1.094530129409119290e+01
1.930265790225778844e+01,1.167825322180159553e+01
1.932266361817662315e+01,1.191929457819171212e+01
1.934266933409545430e+01,1.274765601750692490e+01
1.936267505001428901e+01,1.390125901672626796e+01
1.938268076593312372e+01,1.490471530579607062e+01
1.940268648185195843e+01,1.528866756388240944e+01
1.942269219777079314e+01,1.436231626215589507e+01
1.944269791368962785e+01,1.486082448256566657e+01
1.946270362960846256e+01,1.717181145181305268e+01
1.948270934552729372e+01,1.732268079147961259e+01
1.950271506144612843e+01,1.826314627216944331e+01
1.952272077736495959e+01,1.749137383620701058e+01
1.954272649328379430e+01,1.960085806954135990e+01
1.956273220920262901e+01,1.930028099188290724e+01
1.958273792512146372e+01,1.950069196890457235e+01
1.960274364104029843e+01,2.179483720503139210e+01
1.962274935695913314e+01,2.223933362495835198e+01
1.964275507287796785e+01,2.237960341192800229e+01
1.966276078879679901e+01,2.306880902937697897e+01
1.968276650471563372e+01,2.488719543552716118e+01
1.970277222063446487e+01,2.598224798485198406e+01
1.972277793655329958e+01,2.738221423611588889e+01
1.974278365247213429e+01,2.743096002975628167e+01
1.976278936839096900e+01,2.769674492839271451e+01
1.978279508430980371e+01,2.945001856818881336e+01
1.980280080022863842e+01,2.988425633110244917e+01
1.982280651614747313e+01,3.139803188189416261e+01
1.984281223206630784e+01,3.266439937988906195e+01
1.986281794798513900e+01,3.378877317473971686e+01
1.988282366390397371e+01,3.515254471282320736e+01
1.990282937982280487e+01,3.762130090114710868e+01
1.992283509574163958e+01,3.818850405200186060e+01
1.994284081166047429e+01,3.862359672509350617e+01
1.996284652757930900e+01,4.011718661367412864e+01
1.998285224349814371e+01,4.135821363865709088e+01
2.000285795941697842e+01,4.367948051890921590e+01
2.002286367533581313e+01,4.428716367470359216e+01
2.004286939125464428e+01,4.461760357588281778e+01
2.006287510717347899e+01,4.583068896447131380e+01
2.008288082309231015e+01,4.749189520179056245e+01
2.010288653901114486e+01,4.760401242784701736e+01
2.012289225492997957e+01,4.773962124211225699e+01
2.014289797084881428e+01,4.828154276341103923e+01
2.016290368676764899e+01,4.758399529423192575e+01
2.018290940268648370e+01,4.790454905955415654e+01
2.020291511860531841e+01,4.602135549952931370e+01
2.022292083452414957e+01,4.577949808713348290e+01
2.024292655044298428e+01,4.474553898514481176e+01
2.026293226636181899e+01,4.335790385471703701e+01
2.028293798228065015e+01,4.189819663670165539e+01
2.030294369819948486e+01,3.916626300401807725e+01
2.032294941411831957e+01,3.828588842903279499e+01
2.034295513003715428e+01,3.567501219881341967e+01
2.036296084595598899e+01,3.393827278931041036e+01
2.038296656187482370e+01,3.234131257673218585e+01
2.040297227779365841e+01,3.123147201492123415e+01
2.042297799371248956e+01,2.940418920514152035e+01
2.044298370963132427e+01,2.750813305352201610e+01
2.046298942555015543e+01,2.690781742093512818e+01
2.048299514146899014e+01,2.449954567470294009e+01
2.050300085738782485e+01,2.418773266904415564e+01
2.052300657330665956e+01,2.219331503813232587e+01
2.054301228922549427e+01,2.186331137115737988e+01
2.056301800514432898e+01,2.067340885687745100e+01
2.058302372106316369e+01,2.137912894518450457e+01
2.060302943698199485e+01,2.022371238360785028e+01
2.062303515290082956e+01,2.002604505200471863e+01
2.064304086881966072e+01,2.006380259433638358e+01
2.066304658473849543e+01,2.046651608320134841e+01
2.068305230065733014e+01,1.953538675658139212e+01
2.070305801657616485e+01,2.106061374324130142e+01
2.072306373249499956e+01,2.121153925060374235e+01
2.074306944841383427e+01,2.132389652082948217e+01
2.076307516433266898e+01,2.100066976142824160e+01
2.078308088025150369e+01,2.237542206993025928e+01
2.080308659617033484e+01,2.216796770521097670e+01
2.082309231208916955e+01,2.295910442869267598e+01
2.084309802800800071e+01,2.503044501109978270e+01
2.086310374392683542e+01,2.578927741414889141e+01
2.088310945984567013e+01,2.506034274955248264e+01
2.090311517576450484e+01,2.586604809838567220e+01
2.092312089168333955e+01,2.821743220953089448e+01
2.094312660760217426e+01,2.895674666841334854e+01
2.096313232352100897e+01,2.871386913038170263e+01
2.098313803943984013e+01,3.088886747987405457e+01
2.100314375535867484e+01,3.006725745760770252e+01
2.102314947127750600e+01,3.211857166277484765e+01
2.104315518719634071e+01,3.286429595277639493e+01
2.106316090311517542e+01,3.429139639462501066e+01
2.108316661903401013e+01,3.503272807593894100e+01
2.110317233495284484e+01,3.465230323680250279e+01
2.112317805087167955e+01,3.478100231118577312e+01
2.114318376679051426e+01,3.654900426784640644e+01
2.116318948270934541e+01,3.628511818197092964e+01
2.118319519862818012e+01,3.563129843544435715e+01
2.120320091454701483e+01,3.605246787468036729e+01
2.122320663046584599e+01,3.397824940016641904e+01
2.124321234638468070e+01,3.474572790284800305e+01
2.126321806230351541e+01,3.367823251960811604e+01
2.128322377822235012e+01,3.107279058899879942e+01
2.130322949414118483e+01,2.989822429357099054e+01
2.132323521006001954e+01,2.724923448434983442e+01
2.134324092597885425e+01,2.668849989427949509e+01
2.136324664189768541e+01,2.397245412316179980e+01
2.138325235781652012e+01,2.101921037997854924e+01
2.140325807373535127e+01,2.002616218771212431e+01
2.142326378965418598e+01,1.835211789501142832e+01
2.144326950557302069e+01,1.474186048664408233e+01
2.146327522149185540e+01,1.351258113536378147e+01
2.148328093741069011e+01,1.283180916877326005e+01
2.150328665332952482e+01,1.060166852843968321e+01
2.152329236924835953e+01,1.040656742392271994e+01
2.154329808516719069e+01,8.650151751395217303e+00
2.156330380108602540e+01,7.634468630799549516e+00
2.158330951700485656e+01,7.049803334014904443e+00
2.160331523292369127e+01,6.569838910213739780e+00
2.162332094884252598e+01,6.680184360433340629e+00
2.164332666476136069e+01,6.352696037150900921e+00
2.166333238068019540e+01,5.033611794376014359e+00
2.168333809659903011e+01,5.079004216897857305e+00
2.170334381251786482e+01,5.173432507247532897e+00
2.172334952843669598e+01,5.234571231442406436e+00
2.174335524435553069e+01,5.224975324611740746e+00
2.176336096027436540e+01,6.044419254878022230e+00
2.178336667619319655e+01,4.373237966345796757e+00
2.180337239211203126e+01,5.479513437005055110e+00
2.182337810803086597e+01,4.433656927286305560e+00
2.184338382394970068e+01,5.256494397102337679e+00
2.186338953986853539e+01,4.665685353670262714e+00
2.188339525578737010e+01,5.603527589354564853e+00
2.190340097170620481e+01,5.307662905083044613e+00
2.192340668762503597e+01,5.277185125931085352e+00
2.194341240354387068e+01,4.272032636346503764e+00
2.196341811946270184e+01,5.701971474200270507e+00
2.198342383538153655e+01,4.409927134008926330e+00
2.200342955130037126e+01,4.788774003241562660e+00
2.202343526721920597e+01,5.551940536084050137e+00
2.204344098313804068e+01,4.446211732082641532e+00
2.206344669905687539e+01,5.072343166925577407e+00
2.208345241497571010e+01,5.596281591147126200e+00
2.210345813089454126e+01,4.620273749158545051e+00
2.212346384681337597e+01,4.308423277479144886e+00
2.214346956273221068e+01,4.625760570397481786e+00
2.216347527865104183e+01,4.552577015710818742e+00
2.218348099456987654e+01,3.721353874566405651e+00
2.220348671048871125e+01,4.971778106522210194e+00
2.222349242640754596e+01,4.002785868494076915e+00
2.224349814232638067e+01,5.151388395480601901e+00
2.226350385824521538e+01,3.853249322373468289e+00
2.228350957416405009e+01,5.422325891612106652e+00
2.230351529008288125e+01,5.040522417695333601e+00
2.232352100600171596e+01,3.850853915647189041e+00
2.234352672192054712e+01,3.732035587918389741e+00
2.236353243783938183e+01,4.433949484334950064e+00
2.238353815375821654e+01,4.761569606059059545e+00
2.240354386967705125e+01,5.394382046784105711e+00
2.242354958559588596e+01,4.466227711424031632e+00
2.244355530151472067e+01,5.100405516267546346e+00
2.246356101743355538e+01,4.625215289846442701e+00
2.248356673335238654e+01,4.526866099874198746e+00
2.250357244927122125e+01,4.844352841416436739e+00
2.252357816519005240e+01,3.715058127167489399e+00
2.254358388110888711e+01,4.235272793323117568e+00
2.256358959702772182e+01,4.303265062362535254e+00
2.258359531294655653e+01,3.554078028580756055e+00
2.260360102886539124e+01,4.162022244419366857e+00
2.262360674478422595e+01,4.594668937981613688e+00
2.264361246070306066e+01,4.659709812188938649e+00
2.266361817662189182e+01,3.551157355428582019e+00
2.268362389254072653e+01,4.646713078042259859e+00
2.270362960845956124e+01,3.576493817166859657e+00
2.272363532437839240e+01,3.554877304652605652e+00
2.274364104029722711e+01,4.711768328355008251e+00
2.276364675621606182e+01,4.591601749657734821e+00
2.278365247213489653e+01,4.106717849583989555e+00
2.280365818805373124e+01,3.983830616880656095e+00
2.282366390397256595e+01,4.630081008454091318e+00
2.284366961989140066e+01,5.406238864594624438e+00
2.286367533581023181e+01,4.111483503302800102e+00
2.288368105172906652e+01,4.602162081692909190e+00
2.290368676764789768e+01,4.542055790061304776e+00
2.292369248356673239e+01,4.309991183832925010e+00
2.294369819948556710e+01,4.016569931077385469e+00
2.296370391540440181e+01,4.014669643665006227e+00
2.298370963132323652e+01,4.112050164577368605e+00
2.300371534724207123e+01,4.810839145583351240e+00
2.302372106316090594e+01,4.790654645744087503e+00
2.304372677907973710e+01,4.651110447874229337e+00
2.306373249499857181e+01,4.722329506059939064e+00
2.308373821091740652e+01,3.967554517439208617e+00
2.310374392683623768e+01,4.573298637131025579e+00
2.312374964275507239e+01,5.161521486812589821e+00
2.314375535867390710e+01,5.209355837295442271e+00
2.316376107459274181e+01,5.210518906379218329e+00
2.318376679051157652e+01,4.868318695483552005e+00
2.320377250643041123e+01,6.068470401281952142e+00
2.322377822234924594e+01,6.026897687732872377e+00
2.324378393826807709e+01,4.640140387590755644e+00
2.326378965418691180e+01,4.698565195873950273e+00
2.328379537010574296e+01,5.613251529639650350e+00
2.330380108602457767e+01,5.348717906538575484e+00
2.332380680194341238e+01,6.079597600930935819e+00
2.334381251786224709e+01,6.177419187572502857e+00
2.336381823378108180e+01,5.399920825161860449e+00
2.338382394969991651e+01,5.302845695811237547e+00
2.340382966561875122e+01,5.937134959846181559e+00
2.342383538153758238e+01,5.300329271574241830e+00
2.344384109745641709e+01,6.056965279909068300e+00
2.346384681337524825e+01,5.943137498363173066e+00
2.348385252929408296e+01,7.482552653843788981e+00
2.350385824521291767e+01,7.620130594988094863e+00
2.352386396113175238e+01,6.885742364454234377e+00
2.354386967705058709e+01,7.397742223683734686e+00
2.356387539296942180e+01,6.790599543042144859e+00
2.358388110888825651e+01,8.070374757560641044e+00
2.360388682480708766e+01,7.586031272835785266e+00
2.362389254072592237e+01,8.655852532395472920e+00
2.364389825664475708e+01,7.666989063067610743e+00
2.366390397256358824e+01,8.363907376730905341e+00
2.368390968848242295e+01,9.306241117576215416e+00
2.370391540440125766e+01,8.350209362699242632e+00
2.372392112032009237e+01,8.800624387915100044e+00
2.374392683623892708e+01,9.287901959546521979e+00
2.376393255215776179e+01,1.008276562371469609e+01
2.378393826807659650e+01,1.099137418434547087e+01
2.380394398399542766e+01,1.162162735280131542e+01
2.382394969991426237e+01,1.217748163793324068e+01
2.384395541583309353e+01,1.174890687443557624e+01
2.386396113175192824e+01,1.274828570149137263e+01
2.388396684767076295e+01,1.208316241333629115e+01
2.390397256358959766e+01,1.283730326658072940e+01
2.392397827950843237e+01,1.332211396385412527e+01
2.394398399542726708e+01,1.281603113846106901e+01
2.396398971134610179e+01,1.502131784711596829e+01
2.398399542726493294e+01,1.501270166128289851e+01
2.400400114318376765e+01,1.606693967989604843e+01
2.402400685910260236e+01,1.551282102820071174e+01
2.404401257502143352e+01,1.596114478212769505e+01
2.406401829094026823e+01,1.596970431503787324e+01
2.408402400685910294e+01,1.681561173023125377e+01
2.410402972277793765e+01,1.700503937061446180e+01
2.412403543869677236e+01,1.786398289909030623e+01
2.414404115461560707e+01,1.903377483768763412e+01
2.416404687053444178e+01,1.879862766718932576e+01
2.418405258645327294e+01,1.965829706616946027e+01
2.420405830237210765e+01,1.973641717453770639e+01
2.422406401829093880e+01,2.080942719052461243e+01
2.424406973420977351e+01,1.943272264286235540e+01
2.426407545012860822e+01,1.963305523300520505e+01
2.428408116604744293e+01,2.021626520062987353e+01
2.430408688196627764e+01,2.045343663196766570e+01
2.432409259788511235e+01,1.889416471103262651e+01
2.434409831380394706e+01,1.794204041634665359e+01
2.436410402972277822e+01,1.693167765098426614e+01
2.438410974564161293e+01,1.649129965186700986e+01
2.440411546156044409e+01,1.666776310080739520e+01
2.442412117747927880e+01,1.555091437173274471e+01
2.444412689339811351e+01,1.395626387974964899e+01
2.446413260931694822e+01,1.235262863842114811e+01
2.448413832523578293e+01,1.216147671434738875e+01
2.450414404115461764e+01,1.222585336410233303e+01
2.452414975707345235e+01,1.105554022204317377e+01
2.454415547299228351e+01,1.093903865302477030e+01
2.456416118891111822e+01,1.068076206147734020e+01
2.458416690482995293e+01,9.214938374856998848e+00
2.460417262074878408e+01,9.117926302442519670e+00
2.462417833666761879e+01,8.253183422248440593e+00
2.464418405258645350e+01,8.315826040763202087e+00
2.466418976850528821e+01,8.816722218829951885e+00
2.468419548442412292e+01,7.780614260151829775e+00
2.470420120034295763e+01,7.469123065673748840e+00
2.472420691626179234e+01,8.259609939855177885e+00
2.474421263218062350e+01,8.693950939231330111e+00
2.476421834809945821e+01,7.727266958015067466e+00
2.478422406401828937e+01,7.928427862681056482e+00
2.480422977993712408e+01,6.699849523759525027e+00
2.482423549585595879e+01,6.152375299770981520e+00
2.484424121177479350e+01,6.543670379625098121e+00
2.486424692769362821e+01,7.116085760299625029e+00
2.488425264361246292e+01,5.771855926761237932e+00
2.490425835953129763e+01,5.807060530469764892e+00
2.492426407545012879e+01,5.913001859381146197e+00
2.494426979136896350e+01,5.555836890256688143e+00
2.496427550728779821e+01,4.983278954271890271e+00
2.498428122320662936e+01,5.062692704449754721e+00
2.500428693912546407e+01,4.552505747253672297e+00
2.502429265504429878e+01,5.704624831084207592e+00
2.504429837096313349e+01,6.105604360638117178e+00
2.506430408688196820e+01,5.314828741095806386e+00
2.508430980280080291e+01,5.530633207300958532e+00
2.510431551871963762e+01,4.964558054712387758e+00
2.512432123463846878e+01,5.002860422625403203e+00
2.514432695055730349e+01,5.673850658851594453e+00
2.516433266647613465e+01,4.774894171671847154e+00
2.518433838239496936e+01,5.620082764724795510e+00
2.520434409831380407e+01,4.867608951653912719e+00
2.522434981423263878e+01,5.521109488404807308e+00
2.524435553015147349e+01,4.632460383138908178e+00
2.526436124607030820e+01,5.343955849332023611e+00
2.528436696198914291e+01,4.887397203776462362e+00
2.530437267790797407e+01,5.578706760186719293e+00
2.532437839382680878e+01,4.606398111856019995e+00
2.534438410974563993e+01,4.368561050663410938e+00
2.536438982566447464e+01,5.591155732508219955e+00
2.538439554158330935e+01,5.233039297337318096e+00
2.540440125750214406e+01,4.501279872142584182e+00
2.542440697342097877e+01,5.299553369830372063e+00
2.544441268933981348e+01,5.348302457918912012e+00
2.546441840525864819e+01,5.404591010527234118e+00
2.548442412117747935e+01,5.750957497326693257e+00
2.550442983709631406e+01,5.061701660951102966e+00
2.552443555301514877e+01,4.107713495169066142e+00
2.554444126893397993e+01,4.384876760766994508e+00
2.556444698485281464e+01,5.746866215459392357e+00
2.558445270077164935e+01,6.004094069720888882e+00
2.560445841669048406e+01,4.655906033423250712e+00
2.562446413260931877e+01,5.297998733124861914e+00
2.564446984852815348e+01,5.476322035418494494e+00
2.566447556444698819e+01,4.374510205420071074e+00
2.568448128036581934e+01,4.411322777353510638e+00
2.570448699628465405e+01,5.398916071530918792e+00
2.572449271220348521e+01,5.710865635484316805e+00
2.574449842812231992e+01,5.404292431871160041e+00
2.576450414404115463e+01,5.457152512783645548e+00
2.578450985995998934e+01,5.219223389577615890e+00
2.580451557587882405e+01,6.303524661443764110e+00
2.582452129179765876e+01,5.152699376982483592e+00
2.584452700771649347e+01,5.526753021669767563e+00
2.586453272363532463e+01,6.465933012870151764e+00
2.588453843955415934e+01,6.139501761737601093e+00
2.590454415547299405e+01,6.218753877263377916e+00
2.592454987139182521e+01,6.359711246686857500e+00
2.594455558731065992e+01,6.935767624576899770e+00
2.596456130322949463e+01,7.482777454983370546e+00
2.598456701914832934e+01,6.241125050537685404e+00
2.600457273506716405e+01,6.896199389199664687e+00
2.602457845098599520e+01,7.924424438862917697e+00
2.604458416690482991e+01,6.818586782506970145e+00
2.606458988282366462e+01,8.061021943638225551e+00
2.608459559874249933e+01,7.419018385139070304e+00
2.610460131466133404e+01,7.942247876209438395e+00
2.612460703058016520e+01,7.745736553800612434e+00
2.614461274649899991e+01,8.905523758567431614e+00
2.616461846241783462e+01,8.952339132082665074e+00
2.618462417833666933e+01,1.024632551947323300e+01
2.620462989425550404e+01,9.118371304001648525e+00
2.622463561017433520e+01,9.640565320657421111e+00
2.624464132609316991e+01,1.133905793906382975e+01
2.626464704201200462e+01,1.131158515405214082e+01
2.628465275793083933e+01,1.248487903515861319e+01
2.630465847384967049e+01,1.215261859919075604e+01
2.632466418976850520e+01,1.376474023194703022e+01
2.634466990568733991e+01,1.255471004239168487e+01
2.636467562160617462e+01,1.322147429588033418e+01
2.638468133752500933e+01,1.378813604973441009e+01
2.640468705344384048e+01,1.526564823045574038e+01
2.642469276936267519e+01,1.601664965305378274e+01
2.644469848528150990e+01,1.606482189383829251e+01
2.646470420120034461e+01,1.706535235036874809e+01
2.648470991711917932e+01,1.807048957496233754e+01
2.650471563303801048e+01,2.007674633832483480e+01
2.652472134895684519e+01,2.041218636269151432e+01
2.654472706487567990e+01,2.146216077050715043e+01
2.656473278079451461e+01,2.219759106839282126e+01
2.658473849671334932e+01,2.256932687558703776e+01
2.660474421263218048e+01,2.420075755747155455e+01
2.662474992855101519e+01,2.510872368161298596e+01
2.664475564446984990e+01,2.514955747445441148e+01
2.666476136038868461e+01,2.669327420390896322e+01
2.668476707630751577e+01,2.609307937082471796e+01
2.670477279222635048e+01,2.680190010184141158e+01
2.672477850814518519e+01,2.737011618975665428e+01
2.674478422406401990e+01,2.855677257371435118e+01
2.676478993998285461e+01,2.944927240436282645e+01
2.678479565590168576e+01,3.032192395813425279e+01
2.680480137182052047e+01,2.891620677933428141e+01
2.682480708773935518e+01,3.081516699155487871e+01
2.684481280365818989e+01,2.953473799306895131e+01
2.686481851957702460e+01,2.931063450869593723e+01
2.688482423549585576e+01,3.066577380972935174e+01
2.690482995141469047e+01,3.048818504145472374e+01
2.692483566733352518e+01,2.979248812599018947e+01
2.694484138325235989e+01,2.929154471255774439e+01
2.696484709917119105e+01,2.890093182909320291e+01
2.698485281509002576e+01,2.755164177892153177e+01
2.700485853100886047e+01,2.629844353875218843e+01
2.702486424692769518e+01,2.520169171901992300e+01
2.704486996284652989e+01,2.343617565925974588e+01
2.706487567876536104e+01,2.354723723036350336e+01
2.708488139468419575e+01,2.235155582259763207e+01
2.710488711060303046e+01,2.037818590293484178e+01
2.712489282652186517e+01,1.909261978888880051e+01
2.714489854244069988e+01,1.783146643235069462e+01
2.716490425835953104e+01,1.664223203238595161e+01
2.718490997427836575e+01,1.625170238701500125e+01
2.720491569019720046e+01,1.509092409588061656e+01
2.722492140611603517e+01,1.521059139254083448e+01
2.724492712203486633e+01,1.458997325560309832e+01
2.726493283795370104e+01,1.367429636289286776e+01
2.728493855387253575e+01,1.472838749098273681e+01
2.730494426979137046e+01,1.468309104589331326e+01
2.732494998571020517e+01,1.376817529007539243e+01
2.734495570162903633e+01,1.375030363477075745e+01
2.736496141754787104e+01,1.265797889574306190e+01
2.738496713346670575e+01,1.346334634439170941e+01
2.740497284938554046e+01,1.263328875091883319e+01
2.742497856530437517e+01,1.262314672571828922e+01
2.744498428122320632e+01,1.277972442897454286e+01
2.746498999714204103e+01,1.349920248955598368e+01
2.748499571306087574e+01,1.319258149868632479e+01
2.750500142897971045e+01,1.230161411309853392e+01
2.752500714489854516e+01,1.339166633896688019e+01
2.754501286081737632e+01,1.331294586524962398e+01
2.756501857673621103e+01,1.305562524917522715e+01
2.758502429265504574e+01,1.180217407541524466e+01
2.760503000857388045e+01,1.137969914662758342e+01
2.762503572449271161e+01,1.130817259855747281e+01
2.764504144041154632e+01,1.164370012166075696e+01
2.766504715633038103e+01,1.156650104330166862e+01
2.768505287224921574e+01,1.017899133416751489e+01
2.770505858816805045e+01,1.040794391798942087e+01
2.772506430408688161e+01,9.356062919394700472e+00
2.774507002000571632e+01,8.472345971879281734e+00
2.776507573592455103e+01,9.301290906646224599e+00
2.778508145184338574e+01,9.124465725977801256e+00
2.780508716776222045e+01,8.817871799116968390e+00
2.782509288368105160e+01,7.490318025989423312e+00
2.784509859959988631e+01,6.763201803587622685e+00
2.786510431551872102e+01,7.607165745929173717e+00
2.788511003143755573e+01,7.327013407204802320e+00
2.790511574735638689e+01,5.847071474865934704e+00
2.792512146327522160e+01,5.315374355842432230e+00
2.794512717919405631e+01,6.210077026928443544e+00
2.796513289511289102e+01,5.122550362529553425e+00
2.798513861103172573e+01,6.027198380467591932e+00
2.800514432695055689e+01,6.178332715421444021e+00
2.802515004286939160e+01,5.130174477921552345e+00
2.804515575878822631e+01,5.367440655440282704e+00
2.806516147470706102e+01,5.994994684876250979e+00
2.808516719062589573e+01,5.961691484228479609e+00
2.810517290654472689e+01,4.958960347312524775e+00
2.812517862246356160e+01,5.883348124885810826e+00
2.814518433838239631e+01,5.431482609864921152e+00
2.816519005430123102e+01,5.580292103214280708e+00
2.818519577022006217e+01,5.493642335609494332e+00
2.820520148613889688e+01,5.782490396214702955e+00
2.822520720205773159e+01,6.109914604828198925e+00
2.824521291797656630e+01,5.672099248928181403e+00
2.826521863389540101e+01,4.499071336890716921e+00
2.828522434981423217e+01,5.620083920273591715e+00
2.830523006573306688e+01,4.267011222394514469e+00
2.832523578165190159e+01,5.862303723671802302e+00
2.834524149757073630e+01,4.771201404982434724e+00
2.836524721348957101e+01,4.557715897931022830e+00
2.838525292940840217e+01,5.164388455304099068e+00
2.840525864532723688e+01,4.941408491485510979e+00
2.842526436124607159e+01,5.876971616857919578e+00
2.844527007716490630e+01,4.459569850325877383e+00
2.846527579308374101e+01,6.026339413150667568e+00
2.848528150900257216e+01,4.495138875638492237e+00
2.850528722492140687e+01,5.285410926845746538e+00
2.852529294084024158e+01,5.798678125912884340e+00
2.854529865675907629e+01,4.865735287763510719e+00
2.856530437267790745e+01,4.953059926817623193e+00
2.858531008859674216e+01,4.342286265992034267e+00
2.860531580451557687e+01,4.444714367765837615e+00
2.862532152043441158e+01,4.584862758736514721e+00
2.864532723635324629e+01,4.457153064954488819e+00
2.866533295227207745e+01,4.553301103996758137e+00
2.868533866819091216e+01,6.165566172315688043e+00
2.870534438410974687e+01,5.737829163799816889e+00
2.872535010002858158e+01,4.568179939992274896e+00
2.874535581594741629e+01,5.740875060953743336e+00
2.876536153186624745e+01,5.217874727402230128e+00
2.878536724778508216e+01,4.964677175520197494e+00
2.880537296370391687e+01,5.668543779633322899e+00
2.882537867962275158e+01,5.111549438597270623e+00
2.884538439554158273e+01,5.407118643352147203e+00
2.886539011146041744e+01,5.290645852742636990e+00
2.888539582737925215e+01,5.030369877841176063e+00
2.890540154329808686e+01,4.732060519211219507e+00
2.892540725921692157e+01,5.881211542491355360e+00
2.894541297513575273e+01,4.942475299305534087e+00
2.896541869105458744e+01,4.755528158445502918e+00
2.898542440697342215e+01,5.990982366517313196e+00
2.900543012289225686e+01,5.524448858472652546e+00
2.902543583881109157e+01,4.980913637053275167e+00
2.904544155472992273e+01,4.654523332582786388e+00
2.906544727064875744e+01,6.425105487034631579e+00
2.908545298656759215e+01,4.766855236969714582e+00
2.910545870248642686e+01,5.409120915455361889e+00
2.912546441840525802e+01,5.997164942555746947e+00
2.914547013432409273e+01,6.654150434724254382e+00
2.916547585024292744e+01,5.754959205412169432e+00
2.918548156616176215e+01,6.435503999950268117e+00
2.920548728208059686e+01,5.708383410522628765e+00
2.922549299799942801e+01,5.501601954291365892e+00
2.924549871391826272e+01,6.442701799867013968e+00
2.926550442983709743e+01,5.423237878439444160e+00
2.928551014575593214e+01,6.004835066866278659e+00
2.930551586167476685e+01,7.079218375820186537e+00
2.932552157759359801e+01,6.785978226558456505e+00
2.934552729351243272e+01,7.550053121064926209e+00
2.936553300943126743e+01,7.685641277767998325e+00
2.938553872535010214e+01,7.620949674184808842e+00
2.940554444126893330e+01,7.554951668070668092e+00
2.942555015718776801e+01,8.402560795526831328e+00
2.944555587310660272e+01,8.465480458590604940e+00
2.946556158902543743e+01,8.570176360441902119e+00
2.948556730494427214e+01,8.772728258997435802e+00
2.950557302086310330e+01,9.760638636993304473e+00
2.952557873678193801e+01,9.401714424695359895e+00
2.954558445270077272e+01,1.048273864270422706e+01
2.956559016861960743e+01,1.008282786891374450e+01
2.958559588453844214e+01,1.044855832590316069e+01
2.960560160045727329e+01,1.167544649144116953e+01
2.962560731637610800e+01,1.169261966851849621e+01
2.964561303229494271e+01,1.211761995713885298e+01
2.966561874821377742e+01,1.341310215512692672e+01
2.968562446413261213e+01,1.325886883438077746e+01
2.970563018005144329e+01,1.339615081516530104e+01
2.972563589597027800e+01,1.391866488347617548e+01
2.974564161188911271e+01,1.486504359875303471e+01
2.976564732780794742e+01,1.660413895798159345e+01
2.978565304372677858e+01,1.720726841340708901e+01
2.980565875964561329e+01,1.811831185635083941e+01
2.982566447556444800e+01,1.750131217986896459e+01
2.984567019148328271e+01,1.857324792349097464e+01
2.986567590740211742e+01,2.037411067980474755e+01
2.988568162332094857e+01,2.031920559569115881e+01
2.990568733923978328e+01,2.079775077396840288e+01
2.992569305515861799e+01,2.233518840100532188e+01
2.994569877107745270e+01,2.207683952728213939e+01
2.996570448699628741e+01,2.404253737171022109e+01
2.998571020291511857e+01,2.468981517337491027e+01
3.000571591883395328e+01,2.447095177365659069e+01
3.002572163475278799e+01,2.406470894094457691e+01
3.004572735067162270e+01,2.560198330178590354e+01
3.006573306659045386e+01,2.542409305464412128e+01
3.008573878250928857e+01,2.361119818780152002e+01
3.010574449842812328e+01,2.451196209105992807e+01
3.012575021434695799e+01,2.294459362038568884e+01
3.014575593026579270e+01,2.265558407317048406e+01
3.016576164618462386e+01,2.196451905408054728e+01
3.018576736210345857e+01,2.091403869096584955e+01
3.020577307802229328e+01,1.880908247104247266e+01
3.022577879394112799e+01,1.880598776708561104e+01
3.024578450985996270e+01,1.735813394736102921e+01
3.026579022577879385e+01,1.664472740812629681e+01
3.028579594169762856e+01,1.464111947104875355e+01
3.030580165761646327e+01,1.399776707494842931e+01
3.032580737353529798e+01,1.260713762191498155e+01
3.034581308945412914e+01,1.212948997542329188e+01
3.036581880537296385e+01,1.224514864287244365e+01
3.038582452129179856e+01,1.153708713822020826e+01
3.040583023721063327e+01,9.290003070909063965e+00
3.042583595312946798e+01,1.034957969759730112e+01
3.044584166904829914e+01,8.411905711099931793e+00
3.046584738496713385e+01,8.171506674255622826e+00
3.048585310088596856e+01,8.093192218183132169e+00
3.050585881680480327e+01,7.003042065670333827e+00
3.052586453272363798e+01,7.388111358077113167e+00
3.054587024864246914e+01,7.668188897747414856e+00
3.056587596456130385e+01,6.298031928344387076e+00
3.058588168048013856e+01,6.590248421436980308e+00
3.060588739639897327e+01,7.616677622687104687e+00
3.062589311231780798e+01,6.917924860475454629e+00
3.064589882823663913e+01,6.242828979167462045e+00
3.066590454415547384e+01,5.794903038083806912e+00
3.068591026007430855e+01,5.442798222069334280e+00
3.070591597599314326e+01,6.986794390731764004e+00
3.072592169191197442e+01,5.590101156252985426e+00
3.074592740783080913e+01,5.411000128690468536e+00
3.076593312374964384e+01,6.425058821627120942e+00
3.078593883966847855e+01,5.712275081269038601e+00
3.080594455558731326e+01,5.049925487526637724e+00
3.082595027150614442e+01,6.524707774505269064e+00
3.084595598742497913e+01,6.798937182379973798e+00
3.086596170334381384e+01,5.469969914721704463e+00
3.088596741926264855e+01,6.101616284846019589e+00
3.090597313518148326e+01,6.469666630943352814e+00
3.092597885110031442e+01,6.767056291228060516e+00
3.094598456701914913e+01,6.741919022542188777e+00
3.096599028293798384e+01,6.546489825554457909e+00
3.098599599885681855e+01,5.499745215110868557e+00
3.100600171477564970e+01,5.802510137500997089e+00
3.102600743069448441e+01,6.385801500855959212e+00
3.104601314661331912e+01,6.099216576160908510e+00
3.106601886253215383e+01,6.374856337412453833e+00
3.108602457845098854e+01,6.808583797761139422e+00
3.110603029436981970e+01,7.904544663034651641e+00
3.112603601028865441e+01,7.614992078679116538e+00
3.114604172620748912e+01,7.527590101250574151e+00
3.116604744212632383e+01,8.139073917117251256e+00
3.118605315804515854e+01,7.476183713732650560e+00
3.120605887396398970e+01,7.245208087549196208e+00
3.122606458988282441e+01,7.430490550354558188e+00
3.124607030580165912e+01,8.989740470688451168e+00
3.126607602172049383e+01,8.531348273444500308e+00
3.128608173763932498e+01,9.507392482455466975e+00
3.130608745355815969e+01,9.400278008392328744e+00
3.132609316947699440e+01,1.030929352225185447e+01
3.134609888539582911e+01,9.794237021011760191e+00
3.136610460131466382e+01,1.195850908436874427e+01
3.138611031723349498e+01,1.181728431046701466e+01
3.140611603315232969e+01,1.175070184042474963e+01
3.142612174907116440e+01,1.362130253660387247e+01
3.144612746498999911e+01,1.388803886331952953e+01
3.146613318090883382e+01,1.511958726273357456e+01
3.148613889682766498e+01,1.468318423286291541e+01
3.150614461274649969e+01,1.638873099813858758e+01
3.152615032866533440e+01,1.755799419310254450e+01
3.154615604458416911e+01,1.796920691073649934e+01
3.156616176050300382e+01,1.838945826608506096e+01
3.158616747642183498e+01,1.928251133368347681e+01
3.160617319234066969e+01,2.094289597328972619e+01
3.162617890825950440e+01,2.090515631907605254e+01
3.164618462417833911e+01,2.170627156699443105e+01
3.166619034009717026e+01,2.328622721473180235e+01
3.168619605601600497e+01,2.471404689601122939e+01
3.170620177193483968e+01,2.525973667196089423e+01
3.172620748785367439e+01,2.656395771445264842e+01
3.174621320377250910e+01,2.686276661700808788e+01
3.176621891969134026e+01,2.913540566409353971e+01
3.178622463561017497e+01,2.970537745242614847e+01
3.180623035152900968e+01,2.873295355600734879e+01
3.182623606744784439e+01,3.006003096145235531e+01
3.184624178336667910e+01,3.005208338126393741e+01
3.186624749928551026e+01,2.979982087714888195e+01
3.188625321520434497e+01,2.954807553226336481e+01
3.190625893112317968e+01,2.932191379458373959e+01
3.192626464704201439e+01,2.859754440019223409e+01
3.194627036296084555e+01,2.918013897239602272e+01
3.196627607887968026e+01,2.814731391744203037e+01
3.198628179479851497e+01,2.797801056167358169e+01
3.200628751071734968e+01,2.727203817514865847e+01
3.202629322663618439e+01,2.765015841219845072e+01
3.204629894255501199e+01,2.731276338142760807e+01
3.206630465847385381e+01,2.811729519837325597e+01
3.208631037439268141e+01,2.616815054278260533e+01
3.210631609031152323e+01,2.603436691699292638e+01
3.212632180623035083e+01,2.729640875488663454e+01
3.214632752214918554e+01,2.696941398177575167e+01
3.216633323806802025e+01,2.503150426267507456e+01
3.218633895398685496e+01,2.584172790329616021e+01
3.220634466990568967e+01,2.561513605661365744e+01
3.222635038582451728e+01,2.421946048491022196e+01
3.224635610174335909e+01,2.311342950924131046e+01
3.226636181766218670e+01,2.126284502794216280e+01
3.228636753358102851e+01,2.068660441949754158e+01
3.230637324949985612e+01,1.839215538360785374e+01
3.232637896541869083e+01,1.805341008305033768e+01
3.234638468133752554e+01,1.543964768126985732e+01
3.236639039725636025e+01,1.488441330644754856e+01
3.238639611317519496e+01,1.417580780958683739e+01
3.240640182909402967e+01,1.143582494818011241e+01
3.242640754501286438e+01,1.201788118860249810e+01
3.244641326093169198e+01,1.120106080544901772e+01
3.246641897685053380e+01,9.214742853704066761e+00
3.248642469276936140e+01,8.429995953019322030e+00
3.250643040868819611e+01,8.966045352052956829e+00
3.252643612460703082e+01,8.221047545792471212e+00
3.254644184052586553e+01,8.088165613680843080e+00
3.256644755644470024e+01,6.260787210500943445e+00
3.258645327236353495e+01,7.133530638878991859e+00
3.260645898828236966e+01,6.146587183097813600e+00
3.262646470420119726e+01,5.697417021442222840e+00
3.264647042012003908e+01,6.435701204537523701e+00
3.266647613603886668e+01,6.434166239145621802e+00
3.268648185195770850e+01,5.878567669739525492e+00
3.270648756787653610e+01,5.232318126644463163e+00
3.272649328379537081e+01,5.380715576285373558e+00
3.274649899971420552e+01,5.133949809576566103e+00
3.276650471563304023e+01,4.987890572274649159e+00
3.278651043155187494e+01,6.470979649043062665e+00
3.280651614747070255e+01,6.370771433392343752e+00
3.282652186338954436e+01,4.885553240902063443e+00
3.284652757930837197e+01,4.842627790834378665e+00
3.286653329522721378e+01,5.239927667173936321e+00
3.288653901114604139e+01,5.051497772465634029e+00
3.290654472706487610e+01,4.779964308468149348e+00
3.292655044298371081e+01,5.408952564963618315e+00
3.294655615890254552e+01,5.721893167486293841e+00
3.296656187482138023e+01,5.402216113481400406e+00
3.298656759074020783e+01,6.382161172570597785e+00
3.300657330665904965e+01,6.137170383043081934e+00
3.302657902257787725e+01,6.460072871777144066e+00
3.304658473849671907e+01,6.093375883709286178e+00
3.306659045441554667e+01,6.371066206600787929e+00
3.308659617033438138e+01,6.350149081512649119e+00
3.310660188625321609e+01,4.871813103708819703e+00
3.312660760217205080e+01,5.277336493585600863e+00
3.314661331809088551e+01,4.639047228318887051e+00
3.316661903400971312e+01,5.245350440706972428e+00
3.318662474992855493e+01,5.844340309219162144e+00
3.320663046584738254e+01,4.943235220760391790e+00
3.322663618176622435e+01,6.073137905759985244e+00
3.324664189768505196e+01,4.657833797094534489e+00
3.326664761360388667e+01,5.206967665592263650e+00
3.328665332952272138e+01,6.129130218141705555e+00
3.330665904544155609e+01,5.844097675529906333e+00
3.332666476136039080e+01,6.423046789641235321e+00
3.334667047727922551e+01,6.154984245443120727e+00
3.336667619319806022e+01,6.197233199350606903e+00
3.338668190911688782e+01,5.767577970516479802e+00
3.340668762503572964e+01,5.933055990757262421e+00
3.342669334095455724e+01,6.466273465543705079e+00
3.344669905687339195e+01,5.234244499082353563e+00
3.346670477279222666e+01,5.690282489978806701e+00
3.348671048871106137e+01,4.921018381262172170e+00
3.350671620462989608e+01,4.747986251792167600e+00
3.352672192054873079e+01,6.007712712891524198e+00
3.354672763646756550e+01,4.972242873025980892e+00
3.356673335238639311e+01,4.845249677853683323e+00
3.358673906830523492e+01,5.610941935938676295e+00
3.360674478422406253e+01,4.964094874259083134e+00
3.362675050014290434e+01,5.178140098884634668e+00
3.364675621606173195e+01,4.856124185562168627e+00
3.366676193198056666e+01,5.246599514132753939e+00
3.368676764789940137e+01,4.732783933328405190e+00
3.370677336381823608e+01,4.616853929945224699e+00
3.372677907973707079e+01,5.205460706921542169e+00
3.374678479565589839e+01,5.201161374616962263e+00
3.376679051157474021e+01,5.862979436055367977e+00
3.378679622749356781e+01,4.611862271395920310e+00
3.380680194341240963e+01,6.186137820625105199e+00
3.382680765933123723e+01,4.787120762287751852e+00
3.384681337525007194e+01,6.516345070229780490e+00
3.386681909116890665e+01,6.281262114043595801e+00
3.388682480708774136e+01,4.690085637310465572e+00
3.390683052300657607e+01,5.924930983873131218e+00
3.392683623892540368e+01,5.302052423745353238e+00
3.394684195484424549e+01,5.071180111618085462e+00
3.396684767076307310e+01,5.513829205644696252e+00
3.398685338668191491e+01,6.301281395465912816e+00
3.400685910260074252e+01,4.935842400973402988e+00
3.402686481851957723e+01,6.405150634819286815e+00
3.404687053443841194e+01,5.258552681074809776e+00
3.406687625035724665e+01,4.711544739409239568e+00
3.408688196627608136e+01,6.420107986219028007e+00
3.410688768219490896e+01,6.031474740072363616e+00
3.412689339811375078e+01,6.448583281230799713e+00
3.414689911403257838e+01,6.275868740656295408e+00
3.416690482995142020e+01,6.186338549767964601e+00
3.418691054587024780e+01,6.069402512545052808e+00
3.420691626178908251e+01,5.733215160193593007e+00
3.422692197770791722e+01,5.533475579202533190e+00
3.424692769362675193e+01,6.247932158249727586e+00
3.426693340954558664e+01,5.797962746501641007e+00
3.428693912546442135e+01,5.214243333261210367e+00
3.430694484138325606e+01,5.099496754984283342e+00
3.432695055730208367e+01,6.217743059219007051e+00
3.434695627322092548e+01,5.075448011954294181e+00
3.436696198913975309e+01,7.069940679425075203e+00
3.438696770505858780e+01,5.687616860423634790e+00
3.440697342097742251e+01,7.002097430073409789e+00
3.442697913689625722e+01,7.217658695605939201e+00
3.444698485281509193e+01,6.541477129904644805e+00
3.446699056873392664e+01,6.534331776224413524e+00
3.448699628465276135e+01,6.103447301263185132e+00
3.450700200057158895e+01,6.871871072030142358e+00
3.452700771649043077e+01,7.821702702040414401e+00
3.454701343240925837e+01,7.084616251659339170e+00
3.456701914832810019e+01,8.258637265629124258e+00
3.458702486424692779e+01,7.443699676864905967e+00
3.460703058016576250e+01,8.459236207324060786e+00
3.462703629608459721e+01,8.314058173576905020e+00
3.464704201200343192e+01,8.251348468264120939e+00
3.466704772792226663e+01,8.791150077233957916e+00
3.468705344384109424e+01,8.991427733684894008e+00
3.470705915975993605e+01,9.035234600045683351e+00
3.472706487567876366e+01,1.052126712059709313e+01
3.474707059159760547e+01,1.045856828083841172e+01
3.476707630751643308e+01,1.143865900118716716e+01
3.478708202343526779e+01,1.010475567582650669e+01
3.480708773935410250e+01,1.053922498430492283e+01
3.482709345527293721e+01,1.184600800770527584e+01
3.484709917119177192e+01,1.184627807436566371e+01
3.486710488711059952e+01,1.265435757442021014e+01
3.488711060302944134e+01,1.359677447267504746e+01
3.490711631894826894e+01,1.310012782929480757e+01
3.492712203486711076e+01,1.407713908313973050e+01
3.494712775078593836e+01,1.531256505415602476e+01
3.496713346670477307e+01,1.566108014706611762e+01
3.498713918262360778e+01,1.636933350192433068e+01
3.500714489854244249e+01,1.698922621703671965e+01
3.502715061446127720e+01,1.675214004191244754e+01
3.504715633038010481e+01,1.711915192051322876e+01
3.506716204629894662e+01,1.718320822032646333e+01
3.508716776221777423e+01,1.681760733805103314e+01
3.510717347813661604e+01,1.789445674843414480e+01
3.512717919405544365e+01,1.751716374228642792e+01
3.514718490997427836e+01,1.830481592480472486e+01
3.516719062589311307e+01,1.753155515920644802e+01
3.518719634181194778e+01,1.866089580233224510e+01
3.520720205773078249e+01,1.712548138274699738e+01
3.522720777364961720e+01,1.776582554113309342e+01
3.524721348956845191e+01,1.766098604779567793e+01
3.526721920548727951e+01,1.649319522853272346e+01
3.528722492140612133e+01,1.666482385717132075e+01
3.530723063732494893e+01,1.560897366473422387e+01
3.532723635324378364e+01,1.575512141422883339e+01
3.534724206916261835e+01,1.448269191340231998e+01
3.536724778508145306e+01,1.385395906146456113e+01
3.538725350100028777e+01,1.352598701375769963e+01
3.540725921691912248e+01,1.309164741588769942e+01
3.542726493283795719e+01,1.222677662707632784e+01
3.544727064875678479e+01,1.133091563123746326e+01
3.546727636467562661e+01,1.054073375396573198e+01
3.548728208059445421e+01,1.007541099897575521e+01
3.550728779651329603e+01,8.525507496652485528e+00
3.552729351243212363e+01,7.734577012278085917e+00
3.554729922835095834e+01,8.533866819715855812e+00
3.556730494426979305e+01,7.330992220209027188e+00
3.558731066018862776e+01,8.142333483624028645e+00
3.560731637610746247e+01,7.200435344787841530e+00
3.562732209202629008e+01,7.605726166302581248e+00
3.564732780794513189e+01,6.694814334986689985e+00
3.566733352386395950e+01,6.078943381802851320e+00
3.568733923978280131e+01,6.188687690964530752e+00
3.570734495570162892e+01,6.402521134970128536e+00
3.572735067162046363e+01,7.038690107193802170e+00
3.574735638753929834e+01,5.571534734922813925e+00
3.576736210345813305e+01,6.051954975028835726e+00
3.578736781937696776e+01,6.588979840681663980e+00
3.580737353529579536e+01,6.061409286135263308e+00
3.582737925121463718e+01,7.428689231905171830e+00
3.584738496713346478e+01,7.487689130847220653e+00
3.586739068305230660e+01,6.239795808755559392e+00
3.588739639897113420e+01,7.080794509295087913e+00
3.590740211488996891e+01,6.651784055990623834e+00
3.592740783080880362e+01,7.738630800528812692e+00
3.594741354672763833e+01,7.543736119612399094e+00
3.596741926264647304e+01,6.645172670250431679e+00
3.598742497856530065e+01,7.298292803024379438e+00
3.600743069448414246e+01,7.182446636766262493e+00
3.602743641040297007e+01,6.991530273589049216e+00
3.604744212632181188e+01,7.067424827740787840e+00
3.606744784224063949e+01,8.505365643901015460e+00
3.608745355815947420e+01,8.242282453907899153e+00
3.610745927407830891e+01,8.731776000128268933e+00
3.612746498999714362e+01,9.768088859969283888e+00
3.614747070591597833e+01,1.040952459614226377e+01
3.616747642183481304e+01,9.336780545129911957e+00
3.618748213775364775e+01,1.056674360665953927e+01
3.620748785367247535e+01,1.040264475534929822e+01
3.622749356959131717e+01,1.227089080430756241e+01
3.624749928551014477e+01,1.265618876717135066e+01
3.626750500142897948e+01,1.299227652249296838e+01
3.628751071734781419e+01,1.361851104840138582e+01
3.630751643326664890e+01,1.436477747588260812e+01
3.632752214918548361e+01,1.474192788674491972e+01
3.634752786510431832e+01,1.479191565896030625e+01
3.636753358102315303e+01,1.662916965207778830e+01
3.638753929694198064e+01,1.720026965407893371e+01
3.640754501286082245e+01,1.790081005371771283e+01
3.642755072877965006e+01,1.873954339234564515e+01
3.644755644469849187e+01,2.091650202004562331e+01
3.646756216061731948e+01,2.179037284969939847e+01
3.648756787653615419e+01,2.259126245873672900e+01
3.650757359245498890e+01,2.221644344171681595e+01
3.652757930837382361e+01,2.436421267993776851e+01
3.654758502429265832e+01,2.533477085819328778e+01
3.656759074021148592e+01,2.657965846774431284e+01
3.658759645613032774e+01,2.759162961672787162e+01
3.660760217204915534e+01,2.811749737939562976e+01
3.662760788796799716e+01,2.824767011789884918e+01
3.664761360388682476e+01,2.955986859779182296e+01
3.666761931980565947e+01,3.050226243736168641e+01
3.668762503572449418e+01,3.291617451834337515e+01
3.670763075164332889e+01,3.284545332727032019e+01
3.672763646756216360e+01,3.393485478562751467e+01
3.674764218348099121e+01,3.469387097232259265e+01
3.676764789939983302e+01,3.555074616072654692e+01
3.678765361531866063e+01,3.660267865279812582e+01
3.680765933123750244e+01,3.572709596444464353e+01
3.682766504715633005e+01,3.507914204178287321e+01
3.684767076307516476e+01,3.485148353431924306e+01
3.686767647899399947e+01,3.507236224486666742e+01
3.688768219491283418e+01,3.368852997891220724e+01
3.690768791083166889e+01,3.266806130487743332e+01
3.692769362675049649e+01,3.131403968686070627e+01
3.694769934266933831e+01,2.910026819416550126e+01
3.696770505858816591e+01,2.826937513286784665e+01
3.698771077450700773e+01,2.684821290130678761e+01
3.700771649042583533e+01,2.661717231391940786e+01
3.702772220634467004e+01,2.508642210222456370e+01
3.704772792226350475e+01,2.395605122990581748e+01
3.706773363818233946e+01,2.400199825486751593e+01
3.708773935410117417e+01,2.311741228182865271e+01
3.710774507002000888e+01,2.193571867373766793e+01
3.712775078593884359e+01,2.277972056853358040e+01
3.714775650185767120e+01,2.180141465308130932e+01
3.716776221777651301e+01,2.281479943738922245e+01
3.718776793369534062e+01,2.219723106297927728e+01
3.720777364961417533e+01,2.293322067634555239e+01
3.722777936553301004e+01,2.433351449598039196e+01
3.724778508145184475e+01,2.324282305802806192e+01
3.726779079737067946e+01,2.314328027587901460e+01
3.728779651328951417e+01,2.457991364679957513e+01
3.730780222920834888e+01,2.390759314549045556e+01
3.732780794512717648e+01,2.437313078567092717e+01
3.734781366104601830e+01,2.522462001010107358e+01
3.736781937696484590e+01,2.398427683534123034e+01
3.738782509288368772e+01,2.329624006107436074e+01
3.740783080880251532e+01,2.335889924738823709e+01
3.742783652472135003e+01,2.348827733719148725e+01
3.744784224064018474e+01,2.144026864439169699e+01
3.746784795655901945e+01,2.087797613158409149e+01
3.748785367247785416e+01,2.009671912284894901e+01
3.750785938839668177e+01,1.960932103234249624e+01
3.752786510431552358e+01,1.850137895920544651e+01
3.754787082023435119e+01,1.707248354416256220e+01
3.756787653615319300e+01,1.618193263207071908e+01
3.758788225207202061e+01,1.574406531234500939e+01
3.760788796799085532e+01,1.310742623444041577e+01
3.762789368390969003e+01,1.311383146393276533e+01
3.764789939982852474e+01,1.258976392948488332e+01
3.766790511574735945e+01,1.021241727471911886e+01
3.768791083166618705e+01,9.296920424296230223e+00
3.770791654758502887e+01,8.601797866529150127e+00
3.772792226350385647e+01,8.868311265598716631e+00
3.774792797942269829e+01,7.988394177464622103e+00
3.776793369534152589e+01,8.264428695680503978e+00
3.778793941126036060e+01,7.887998200546730843e+00
3.780794512717919531e+01,7.858065930431737733e+00
3.782795084309803002e+01,7.652911794679916113e+00
3.784795655901686473e+01,7.581121875186306980e+00
3.786796227493569234e+01,5.854586031416289416e+00
3.788796799085453415e+01,6.992159270099790547e+00
3.790797370677336176e+01,6.437428786172740836e+00
3.792797942269220357e+01,6.620456826492869595e+00
3.794798513861103118e+01,6.995310043714752624e+00
3.796799085452986589e+01,5.836076466905603333e+00
3.798799657044870060e+01,6.431476062717782938e+00
3.800800228636753531e+01,7.133057189690220845e+00
3.802800800228637002e+01,6.814241077889501064e+00
3.804801371820520473e+01,6.394444056313887792e+00
3.806801943412403944e+01,6.493428718924898924e+00
3.808802515004286704e+01,5.893200958127687628e+00
3.810803086596170886e+01,5.300567462564666599e+00
3.812803658188053646e+01,6.825408350892884890e+00
3.814804229779937117e+01,6.734005408591801967e+00
3.816804801371820588e+01,5.112526055435789196e+00
3.818805372963704059e+01,5.660330966788738927e+00
3.820805944555587530e+01,5.636234835261576315e+00
3.822806516147471001e+01,6.625023159877655665e+00
3.824807087739354472e+01,5.595864554205970620e+00
3.826807659331237232e+01,6.559829574784378003e+00
3.828808230923121414e+01,5.875429147198292235e+00
3.830808802515004174e+01,6.087308117457945755e+00
3.832809374106888356e+01,6.412558770914572825e+00
3.834809945698771116e+01,5.590619153139773090e+00
3.836810517290654587e+01,6.213071974835800759e+00
3.838811088882538058e+01,5.569766907900398856e+00
3.840811660474421529e+01,6.616805021344267956e+00
3.842812232066305000e+01,5.195373958295187222e+00
3.844812803658187761e+01,5.329140732974327221e+00
3.846813375250071942e+01,6.341603555925822810e+00
3.848813946841954703e+01,6.413698832395160920e+00
3.850814518433838884e+01,6.913328710974929514e+00
3.852815090025721645e+01,7.095109025491556309e+00
3.854815661617605116e+01,5.470517033580254207e+00
3.856816233209488587e+01,6.450959324098639591e+00
3.858816804801372058e+01,5.481063718983785193e+00
3.860817376393255529e+01,6.414232728201977096e+00
3.862817947985138289e+01,6.243097505495115662e+00
3.864818519577022471e+01,7.173049788411362648e+00
3.866819091168905231e+01,5.969277729877110694e+00
3.868819662760789413e+01,5.963274106993031509e+00
3.870820234352672173e+01,6.538117921304918312e+00
3.872820805944555644e+01,7.152875191412745970e+00
3.874821377536439115e+01,6.070478207771606627e+00
3.876821949128322586e+01,6.534654612833302956e+00
3.878822520720206057e+01,7.608289364478549643e+00
3.880823092312088818e+01,6.644563132064188693e+00
3.882823663903972999e+01,6.570837723139842268e+00
3.884824235495855760e+01,7.650022107041990260e+00
3.886824807087739941e+01,8.270352467695493814e+00
3.888825378679622702e+01,7.092339766265547851e+00
3.890825950271506173e+01,7.449442042891920579e+00
3.892826521863389644e+01,8.539519514773934006e+00
3.894827093455273115e+01,8.393038287411217269e+00
3.896827665047156586e+01,8.607962086153360559e+00
3.898828236639040057e+01,7.923923999778143212e+00
3.900828808230923528e+01,9.358670739241928160e+00
3.902829379822806288e+01,9.754700805925846652e+00
3.904829951414690470e+01,8.967740550711630121e+00
3.906830523006573230e+01,9.743708447488989677e+00
3.908831094598456701e+01,1.000712446006919620e+01
3.910831666190340172e+01,1.012988564651701218e+01
3.912832237782223643e+01,9.371574699511144857e+00
3.914832809374107114e+01,1.120308021997050041e+01
3.916833380965990585e+01,1.067215957210625632e+01
3.918833952557874056e+01,1.070017431410507136e+01
3.920834524149756817e+01,1.105639192742695798e+01
3.922835095741640998e+01,1.143009707822052867e+01
3.924835667333523759e+01,1.284828343550227459e+01
3.926836238925407940e+01,1.220564573547972209e+01
3.928836810517290701e+01,1.222717604947538383e+01
3.930837382109174172e+01,1.399585587194765068e+01
3.932837953701057643e+01,1.299741331134802103e+01
3.934838525292941114e+01,1.361990008781876682e+01
3.936839096884824585e+01,1.398132001238955269e+01
3.938839668476707345e+01,1.555896448291632517e+01
3.940840240068591527e+01,1.516661715011115952e+01
3.942840811660474287e+01,1.604726963347783197e+01
3.944841383252358469e+01,1.600348827605828106e+01
3.946841954844241229e+01,1.517821146083232620e+01
3.948842526436124700e+01,1.440158330282003796e+01
3.950843098028008171e+01,1.539682779533971413e+01
3.952843669619891642e+01,1.449504624532748309e+01
3.954844241211775113e+01,1.386993442834045531e+01
3.956844812803657874e+01,1.197727759781277435e+01
3.958845384395542055e+01,1.311034313170690879e+01
3.960845955987424816e+01,1.122911370401431697e+01
3.962846527579308997e+01,1.102798690684661054e+01
3.964847099171191758e+01,1.076297963678608482e+01
3.966847670763075229e+01,9.194880938322874897e+00
3.968848242354958700e+01,8.382394077780752184e+00
3.970848813946842171e+01,7.770820959879970680e+00
3.972849385538725642e+01,8.651832853931272993e+00
3.974849957130608402e+01,8.050551054549327290e+00
3.976850528722492584e+01,7.186662226009485899e+00
3.978851100314375344e+01,6.826873098899550740e+00
3.980851671906259526e+01,6.491589856143471060e+00
3.982852243498142286e+01,6.641409506514566630e+00
3.984852815090025757e+01,6.727904354382775232e+00
3.986853386681909228e+01,6.577527170429005920e+00
3.988853958273792699e+01,5.781647756272916716e+00
3.990854529865676170e+01,5.637233175017792419e+00
3.992855101457559641e+01,7.301591918514859003e+00
3.994855673049443112e+01,7.299419669877101668e+00
3.996856244641325873e+01,6.141615779999595404e+00
3.998856816233210054e+01,6.944491561959362791e+00
4.000857387825092815e+01,7.026447165838931141e+00
4.002857959416976286e+01,5.870766780480265012e+00
4.004858531008859757e+01,6.583044479422325068e+00
4.006859102600743228e+01,6.508461538369310517e+00
4.008859674192626699e+01,5.880077081205208778e+00
4.010860245784510170e+01,5.862507192171988457e+00
4.012860817376393641e+01,6.601679590433473521e+00
4.014861388968276401e+01,6.289024876162446986e+00
4.016861960560160583e+01,6.153784983199264147e+00
4.018862532152043343e+01,7.151961756495373912e+00
4.020863103743927525e+01,8.256850315213153380e+00
4.022863675335810285e+01,7.939937905120499018e+00
4.024864246927693756e+01,8.421608110713018291e+00
4.026864818519577227e+01,8.130310306221728567e+00
4.028865390111460698e+01,7.531152767441774643e+00
4.030865961703344169e+01,8.273285635080247502e+00
4.032866533295226930e+01,8.243994335018889785e+00
4.034867104887111111e+01,1.021233404381416676e+01
4.036867676478993872e+01,9.948402483435438981e+00
4.038868248070878053e+01,1.010447359665819000e+01
4.040868819662760814e+01,1.040282749522354422e+01
4.042869391254644285e+01,1.110550973445363532e+01
4.044869962846527756e+01,1.294515976782015265e+01
4.046870534438411227e+01,1.367873303338417657e+01
4.048871106030294698e+01,1.360130919657608928e+01
4.050871677622177458e+01,1.394157274408330238e+01
4.052872249214061640e+01,1.534336542939066916e+01
4.054872820805944400e+01,1.726473252094898925e+01
4.056873392397828582e+01,1.765490517583156205e+01
4.058873963989711342e+01,1.778761970259737168e+01
4.060874535581594813e+01,2.065518297567470896e+01
4.062875107173478284e+01,2.044755064755935337e+01
4.064875678765361755e+01,2.148953154811089661e+01
4.066876250357245226e+01,2.266924787531780439e+01
4.068876821949127986e+01,2.358102395394587347e+01
4.070877393541012168e+01,2.581755546100559684e+01
4.072877965132894929e+01,2.683104740017618894e+01
4.074878536724779110e+01,2.842013325743159058e+01
4.076879108316661871e+01,2.820433314546792403e+01
4.078879679908545342e+01,2.945470461119791494e+01
4.080880251500428813e+01,3.071119547360017421e+01
4.082880823092312284e+01,3.082528680139694188e+01
4.084881394684195755e+01,3.096157407357564040e+01
4.086881966276079226e+01,3.091510249223741980e+01
4.088882537867962697e+01,3.145655525779834250e+01
4.090883109459845457e+01,3.271053632066126937e+01
4.092883681051729639e+01,3.211211101759329267e+01
4.094884252643612399e+01,3.178816036925987731e+01
4.096884824235495870e+01,3.076944471779230739e+01
4.098885395827379341e+01,3.082230550548497305e+01
4.100885967419262812e+01,3.021327827899101592e+01
4.102886539011146283e+01,2.899695053961107760e+01
4.104887110603029754e+01,2.703182059756059630e+01
4.106887682194913225e+01,2.636285268369284296e+01
4.108888253786795985e+01,2.637596819414902427e+01
4.110888825378680167e+01,2.524886461069601395e+01
4.112889396970562927e+01,2.411126369435309158e+01
4.114889968562447109e+01,2.412615656475776404e+01
4.116890540154329869e+01,2.310892895925871215e+01
4.118891111746213340e+01,2.211408304109494694e+01
4.120891683338096811e+01,2.170840967002612842e+01
4.122892254929980282e+01,2.072272074679148446e+01
4.124892826521863753e+01,2.147753079518160391e+01
4.126893398113746514e+01,2.031013120434620589e+01
4.128893969705630695e+01,2.095649231076593466e+01
4.130894541297513456e+01,1.953965613103675025e+01
4.132895112889397637e+01,2.076747753137083663e+01
4.134895684481280398e+01,1.972027771047230260e+01
4.136896256073163869e+01,2.067989526457007088e+01
4.138896827665047340e+01,1.940807344380685961e+01
4.140897399256930811e+01,2.054666373389509815e+01
4.142897970848814282e+01,1.863357413273436691e+01
4.144898542440697042e+01,1.950210261780896204e+01
4.146899114032581224e+01,1.792297766676998805e+01
4.148899685624463984e+01,1.766057009492346097e+01
4.150900257216348166e+01,1.632498711557087034e+01
4.152900828808230926e+01,1.669346500051094040e+01
4.154901400400114397e+01,1.581437999744435885e+01
4.156901971991997868e+01,1.454633514859586718e+01
4.158902543583881339e+01,1.413904348223595697e+01
4.160903115175764810e+01,1.358395782247487205e+01
4.162903686767647571e+01,1.206376306928860842e+01
4.164904258359531752e+01,1.096600004584828092e+01
4.166904829951414513e+01,9.603070778708749700e+00
4.168905401543298694e+01,1.050060847298215982e+01
4.170905973135181455e+01,1.023023192015669203e+01
4.172906544727064926e+01,8.621311262708328371e+00
4.174907116318948397e+01,8.193673952278878403e+00
4.176907687910831868e+01,8.534179118767386996e+00
4.178908259502715339e+01,8.184804379351566794e+00
4.180908831094598810e+01,7.355472532776925476e+00
4.182909402686482281e+01,7.848769619750916249e+00
4.184909974278365041e+01,6.843125915290569239e+00
4.186910545870249223e+01,6.569282042061581173e+00
4.188911117462131983e+01,7.570434069703808611e+00
4.190911689054015454e+01,6.076658213967188971e+00
4.192912260645898925e+01,6.783629032367256784e+00
4.194912832237782396e+01,6.862453367809760785e+00
4.196913403829665867e+01,6.568698475583166108e+00
4.198913975421549338e+01,6.857802932952123065e+00
4.200914547013432809e+01,5.923436424419043611e+00
4.202915118605316280e+01,6.138274182639779752e+00
4.204915690197199041e+01,5.884404465630486136e+00
4.206916261789082512e+01,5.832952882984695719e+00
4.208916833380965983e+01,5.318157500189910181e+00
4.210917404972849454e+01,5.496392335665473361e+00
4.212917976564732925e+01,6.296359351157723161e+00
4.214918548156616396e+01,6.690153148462493427e+00
4.216919119748499867e+01,5.647880958528245010e+00
4.218919691340383338e+01,7.036690538787487625e+00
4.220920262932266809e+01,5.922697760407832135e+00
4.222920834524150280e+01,5.463945277863644812e+00
4.224921406116033040e+01,6.252807771790738656e+00
4.226921977707916511e+01,6.693146476519324040e+00
4.228922549299799982e+01,6.508586670956096221e+00
4.230923120891683453e+01,6.111619119649337684e+00
4.232923692483566924e+01,5.443744063283061152e+00
4.234924264075450395e+01,6.886892066359349585e+00
4.236924835667333866e+01,6.035832579580300283e+00
4.238925407259217337e+01,6.719307386626435452e+00
4.240925978851100808e+01,5.346126017521778628e+00
4.242926550442983569e+01,6.319017458346526617e+00
4.244927122034867040e+01,6.595777567316672751e+00
4.246927693626750511e+01,6.114326554459514007e+00
4.248928265218633982e+01,6.194642358423407380e+00
4.250928836810517453e+01,6.121672899378673094e+00
4.252929408402400924e+01,7.049582379246187358e+00
4.254929979994284395e+01,5.394531516086431999e+00
4.256930551586167866e+01,5.333836450428696807e+00
4.258931123178051337e+01,6.437114428427439528e+00
4.260931694769934097e+01,6.831967158723228906e+00
4.262932266361817568e+01,6.499587073680231697e+00
4.264932837953701039e+01,5.803482343353598694e+00
4.266933409545584510e+01,5.925143750579935364e+00
4.268933981137467981e+01,5.498239406800535356e+00
4.270934552729351452e+01,5.874606467359609674e+00
4.272935124321234923e+01,6.408182378132992518e+00
4.274935695913118394e+01,6.208783608072946159e+00
4.276936267505001865e+01,6.237943161096625388e+00
4.278936839096885336e+01,6.169760325282609870e+00
4.280937410688768097e+01,7.220457194790998123e+00
4.282937982280651568e+01,7.722842592150939822e+00
4.284938553872535039e+01,8.135259313345725829e+00
4.286939125464418510e+01,7.585950504496337565e+00
4.288939697056301981e+01,8.180145728093481949e+00
4.290940268648185452e+01,9.072016062740143383e+00
4.292940840240068923e+01,9.217930010754781023e+00
4.294941411831952394e+01,9.624721774093661253e+00
4.296941983423835865e+01,1.040150749673352948e+01
4.298942555015718625e+01,9.252384402338886815e+00
4.300943126607602096e+01,1.121324741194804098e+01
4.302943698199485567e+01,1.088225999790804721e+01
4.304944269791369038e+01,1.144644663829784648e+01
4.306944841383252509e+01,1.269708720435458638e+01
4.308945412975135980e+01,1.287096505981316596e+01
4.310945984567019451e+01,1.334713765189062507e+01
4.312946556158902922e+01,1.355622143676323610e+01
4.314947127750786393e+01,1.484257924179264343e+01
4.316947699342669864e+01,1.477684394373665988e+01
4.318948270934552625e+01,1.554962399049948907e+01
4.320948842526436096e+01,1.600029361272880379e+01
4.322949414118319567e+01,1.641851286949179567e+01
4.324949985710203038e+01,1.518956881793879177e+01
4.326950557302086509e+01,1.642342303228112854e+01
4.328951128893969980e+01,1.599714895991498942e+01
4.330951700485853451e+01,1.558258983068618519e+01
4.332952272077736922e+01,1.424509441251143294e+01
4.334952843669620393e+01,1.408089940907613169e+01
4.336953415261503153e+01,1.507628792815614283e+01
4.338953986853386624e+01,1.342893903843617842e+01
4.340954558445270095e+01,1.252093299848777797e+01
4.342955130037153566e+01,1.285609906968153204e+01
4.344955701629037037e+01,1.183021903321279744e+01
4.346956273220920508e+01,1.048419435918314591e+01
4.348956844812803979e+01,1.058156366445820318e+01
4.350957416404687450e+01,9.774806662470625795e+00
4.352957987996570921e+01,9.351556513046208607e+00
4.354958559588453681e+01,8.171418606120955275e+00
4.356959131180337153e+01,7.128139012108751338e+00
4.358959702772220624e+01,8.557556073748791903e+00
4.360960274364104095e+01,6.758141244658668612e+00
4.362960845955987566e+01,8.074492126683372462e+00
4.364961417547871037e+01,7.087124222860686551e+00
4.366961989139754508e+01,7.932649997091978378e+00
4.368962560731637979e+01,7.490425294416229285e+00
4.370963132323521450e+01,7.704997398604088943e+00
4.372963703915404921e+01,6.731536143425154606e+00
4.374964275507287681e+01,6.008031532408671715e+00
4.376964847099171152e+01,7.346757909639513251e+00
4.378965418691054623e+01,6.196044447057610149e+00
4.380965990282938094e+01,6.391125679090708722e+00
4.382966561874821565e+01,7.395991565026451831e+00
4.384967133466705036e+01,7.739036174964009973e+00
4.386967705058588507e+01,6.943105829457153710e+00
4.388968276650471978e+01,6.651822805528973426e+00
4.390968848242355449e+01,7.146608513842488186e+00
4.392969419834238209e+01,8.696176621098947734e+00
4.394969991426121680e+01,7.093676997927646610e+00
4.396970563018005151e+01,7.349948913566568542e+00
4.398971134609888622e+01,8.146675815198511472e+00
4.400971706201772093e+01,8.840119810550188362e+00
4.402972277793655564e+01,8.844801002906061527e+00
4.404972849385539035e+01,9.814163562491636128e+00
4.406973420977422506e+01,1.013476113566438030e+01
4.408973992569305977e+01,1.051159372725244801e+01
4.410974564161189448e+01,1.112677543463868091e+01
4.412975135753072209e+01,1.143488655198791371e+01
4.414975707344955680e+01,1.240728362562084719e+01
4.416976278936839151e+01,1.108657419235301411e+01
4.418976850528722622e+01,1.132002860398149302e+01
4.420977422120606093e+01,1.239614905956474011e+01
4.422977993712489564e+01,1.317703204639739845e+01
4.424978565304373035e+01,1.244652513548780171e+01
4.426979136896256506e+01,1.273789762908496570e+01
4.428979708488139977e+01,1.366582443605064157e+01
4.430980280080022737e+01,1.403292460136935205e+01
4.432980851671906208e+01,1.403891586406717451e+01
4.434981423263789679e+01,1.397485403431877060e+01
4.436981994855673150e+01,1.344913376902729141e+01
4.438982566447556621e+01,1.360810665101383243e+01
4.440983138039440092e+01,1.332002535049303305e+01
4.442983709631323563e+01,1.395697358276781941e+01
4.444984281223207034e+01,1.214738394954226486e+01
4.446984852815090505e+01,1.273040323707801669e+01
4.448985424406973266e+01,1.327716540748601481e+01
4.450985995998856737e+01,1.323347306171480042e+01
4.452986567590740208e+01,1.317779601469524664e+01
4.454987139182623679e+01,1.337912439327771708e+01
4.456987710774507150e+01,1.572672650804407191e+01
4.458988282366390621e+01,1.526803460440610571e+01
4.460988853958274092e+01,1.513437417805840113e+01
4.462989425550157563e+01,1.694259587223005425e+01
4.464989997142041034e+01,1.794753520078292297e+01
4.466990568733924505e+01,1.889849734970685802e+01
4.468991140325807265e+01,2.029312843977220027e+01
4.470991711917690736e+01,2.018536480724775828e+01
4.472992283509574207e+01,2.187847410287914940e+01
4.474992855101457678e+01,2.158360413637470643e+01
4.476993426693341149e+01,2.354391193966953466e+01
4.478993998285224620e+01,2.466462035477920267e+01
4.480994569877108091e+01,2.407928573105753145e+01
4.482995141468991562e+01,2.634870747524277590e+01
4.484995713060875033e+01,2.679552314207187891e+01
4.486996284652757794e+01,2.694746177862856129e+01
4.488996856244641265e+01,2.702477119778512105e+01
4.490997427836524736e+01,2.566569668210503963e+01
4.492997999428408207e+01,2.567496125498475479e+01
4.494998571020291678e+01,2.519675239777636477e+01
4.496999142612175149e+01,2.322212380665581222e+01
4.498999714204058620e+01,2.211585312938505865e+01
4.501000285795942091e+01,2.168997807511853892e+01
4.503000857387825562e+01,2.044271242810006228e+01
4.505001428979709033e+01,2.055568882251167295e+01
4.507002000571591793e+01,1.854258568819346209e+01
4.509002572163475264e+01,1.800574713645515246e+01
4.511003143755358735e+01,1.579138278688221142e+01
4.513003715347242206e+01,1.518165934798976302e+01
4.515004286939125677e+01,1.363883218784404505e+01
4.517004858531009148e+01,1.378868316371645086e+01
4.519005430122892619e+01,1.294163889976031356e+01
4.521006001714776090e+01,1.194250627711755008e+01
4.523006573306659561e+01,1.212972734519994944e+01
4.525007144898542322e+01,1.163678391698315728e+01
4.527007716490425793e+01,1.099320932497966297e+01
4.529008288082309264e+01,9.387332325552897316e+00
4.531008859674192735e+01,9.255279456271081173e+00
4.533009431266076206e+01,9.676620200539225891e+00
4.535010002857959677e+01,8.266173888349474197e+00
4.537010574449843148e+01,8.943509840439189063e+00
4.539011146041726619e+01,8.282704519532876120e+00
4.541011717633610090e+01,9.385615180842416194e+00
4.543012289225492850e+01,7.275613754280755963e+00
4.545012860817376321e+01,8.028993899914114607e+00
4.547013432409259792e+01,8.005633962875489118e+00
4.549014004001143263e+01,6.983438047824795269e+00
4.551014575593026734e+01,6.689342314616141039e+00
4.553015147184910205e+01,6.613048094626998719e+00
4.555015718776793676e+01,7.241333893389477971e+00
4.557016290368677147e+01,7.117309038529836762e+00
4.559016861960560618e+01,6.477429250735289301e+00
4.561017433552444089e+01,6.784379377324569305e+00
4.563018005144326850e+01,7.130062650154172843e+00
4.565018576736210321e+01,5.765419160705918422e+00
4.567019148328093792e+01,6.609536537752500607e+00
4.569019719919977263e+01,6.580967639949037995e+00
4.571020291511860734e+01,6.553641393314486585e+00
4.573020863103744205e+01,6.104389176127192229e+00
4.575021434695627676e+01,6.200900455408048018e+00
4.577022006287511147e+01,5.526622253336134882e+00
4.579022577879394618e+01,6.547669291591522445e+00
4.581023149471277378e+01,7.052854154450811208e+00
4.583023721063160849e+01,5.369732296858259701e+00
4.585024292655044320e+01,6.723266604228051335e+00
4.587024864246927791e+01,7.043902732668766653e+00
4.589025435838811262e+01,5.625858153143638241e+00
4.591026007430694733e+01,5.959878073415018740e+00
4.593026579022578204e+01,6.844413488136066981e+00
4.595027150614461675e+01,5.678364970829477443e+00
4.597027722206345146e+01,6.251662266702042281e+00
4.599028293798228617e+01,5.578859742094713248e+00
4.601028865390111378e+01,5.320943017703797295e+00
4.603029436981994849e+01,6.870379933042056741e+00
4.605030008573878320e+01,6.574773013676490585e+00
4.607030580165761791e+01,7.093500990433569520e+00
4.609031151757645262e+01,6.285306817435606597e+00
4.611031723349528733e+01,6.851056447480356582e+00
4.613032294941412204e+01,6.849845518313922632e+00
4.615032866533295675e+01,6.575952081734817156e+00
4.617033438125179146e+01,5.356693593163768696e+00
4.619034009717061906e+01,7.063080145360252970e+00
4.621034581308945377e+01,6.268648583624059079e+00
4.623035152900828848e+01,5.848956964082025145e+00
4.625035724492712319e+01,6.418368101393655323e+00
4.627036296084595790e+01,7.187161321358555455e+00
4.629036867676479261e+01,7.126195492448031743e+00
4.631037439268362732e+01,6.304353667897021118e+00
4.633038010860246203e+01,5.645349948245218741e+00
4.635038582452129674e+01,6.102005490188969539e+00
4.637039154044012434e+01,5.883916860618501943e+00
4.639039725635895905e+01,7.111955537041740882e+00
4.641040297227779376e+01,6.921168562893885934e+00
4.643040868819662847e+01,6.483483543055379883e+00
4.645041440411546319e+01,7.778509426975817931e+00
4.647042012003429790e+01,6.280745700480566462e+00
4.649042583595313261e+01,8.063511330927683574e+00
4.651043155187196732e+01,6.953436060585493905e+00
4.653043726779080203e+01,7.970293514019636483e+00
4.655044298370963674e+01,8.386867948297336284e+00
4.657044869962846434e+01,8.232435303563415019e+00
4.659045441554729905e+01,8.032197942126394707e+00
4.661046013146613376e+01,8.968374387008880788e+00
4.663046584738496847e+01,9.468634520992932124e+00
4.665047156330380318e+01,1.012443144965860498e+01
4.667047727922263789e+01,9.297784886208450672e+00
4.669048299514147260e+01,1.008950291923032871e+01
4.671048871106030731e+01,1.188940960019862558e+01
4.673049442697914202e+01,1.182254604902947648e+01
4.675050014289796962e+01,1.155641628755965833e+01
4.677050585881680433e+01,1.342047026048058989e+01
4.679051157473563904e+01,1.409279372204407110e+01
4.681051729065447375e+01,1.427885334715377397e+01
4.683052300657330846e+01,1.560584729154811612e+01
4.685052872249214317e+01,1.471368186924766519e+01
4.687053443841097788e+01,1.511733307104287682e+01
4.689054015432981259e+01,1.657762142812974915e+01
4.691054587024864730e+01,1.776851293411632682e+01
4.693055158616748201e+01,1.786696641423631959e+01
4.695055730208630962e+01,1.784894500973456033e+01
4.697056301800514433e+01,1.770765281819437931e+01
4.699056873392397904e+01,1.819904924046710804e+01
4.701057444984281375e+01,1.683471648321576808e+01
4.703058016576164846e+01,1.593242671767449181e+01
4.705058588168048317e+01,1.591135713306396227e+01
4.707059159759931788e+01,1.586424669738122795e+01
4.709059731351815259e+01,1.608788031552344933e+01
4.711060302943698730e+01,1.510158558634416437e+01
4.713060874535581490e+01,1.328048570258964922e+01
4.715061446127464961e+01,1.286473558243375415e+01
4.717062017719348432e+01,1.196981853559604048e+01
4.719062589311231903e+01,1.186588053058699366e+01
4.721063160903115374e+01,1.185326391731198470e+01
4.723063732494998845e+01,1.132831281749604102e+01
4.725064304086882316e+01,1.008217927530809988e+01
4.727064875678765787e+01,8.786693403081834219e+00
4.729065447270649258e+01,1.001769806635483206e+01
4.731066018862532019e+01,7.915735143888986691e+00
4.733066590454415490e+01,8.906203468045969629e+00
4.735067162046298961e+01,9.010551178108233472e+00
4.737067733638182432e+01,7.038607790251631968e+00
4.739068305230065903e+01,7.102209653751059726e+00
4.741068876821949374e+01,7.968230254523629874e+00
4.743069448413832845e+01,7.300543414358610761e+00
4.745070020005716316e+01,6.470449297089038154e+00
4.747070591597599787e+01,7.481736788978460062e+00
4.749071163189483258e+01,6.742304365258408261e+00
4.751071734781366018e+01,7.584283273270514769e+00
4.753072306373249489e+01,6.476617853799243818e+00
4.755072877965132960e+01,7.264913547656781212e+00
4.757073449557016431e+01,6.937508222857218243e+00
4.759074021148899902e+01,7.962578151140161431e+00
4.761074592740783373e+01,6.635281808858431774e+00
4.763075164332666844e+01,8.195473026533887762e+00
4.765075735924550315e+01,8.076951178112278029e+00
4.767076307516433786e+01,7.783612869645674337e+00
4.769076879108316547e+01,8.160090384926911966e+00
4.771077450700200018e+01,8.470063030204876497e+00
4.773078022292083489e+01,8.537469491358633533e+00
4.775078593883966960e+01,8.238641092570542668e+00
4.777079165475850431e+01,9.312797586810130923e+00
4.779079737067733902e+01,1.015465409150145248e+01
4.781080308659617373e+01,9.129646914870674479e+00
4.783080880251500844e+01,1.046401028072264161e+01
4.785081451843384315e+01,1.047743150233749354e+01
4.787082023435267075e+01,1.099738449482450164e+01
4.789082595027150546e+01,1.201800111296962648e+01
4.791083166619034017e+01,1.150245830865315888e+01
4.793083738210917488e+01,1.293978559045617160e+01
4.795084309802800959e+01,1.329443298505173665e+01
4.797084881394684430e+01,1.367597098792202281e+01
4.799085452986567901e+01,1.354373219796629613e+01
4.801086024578451372e+01,1.502725488114459829e+01
4.803086596170334843e+01,1.588143686260696619e+01
4.805087167762218314e+01,1.635470431872550989e+01
4.807087739354101075e+01,1.706471516620139539e+01
4.809088310945984546e+01,1.806521920846090978e+01
4.811088882537868017e+01,1.788307404690599611e+01
4.813089454129751488e+01,2.024853275155476595e+01
4.815090025721634959e+01,2.043598812848115287e+01
4.817090597313518430e+01,2.089826253801829381e+01
4.819091168905401901e+01,2.102409940720968962e+01
4.821091740497285372e+01,2.196962799820833112e+01
4.823092312089168843e+01,2.384278062682940913e+01
4.825092883681051603e+01,2.348478002685211408e+01
4.827093455272935074e+01,2.493893228518088279e+01
4.829094026864818545e+01,2.605651318977855624e+01
4.831094598456702016e+01,2.533377545405648590e+01
4.833095170048585487e+01,2.516150098501482546e+01
4.835095741640468958e+01,2.593260815711157719e+01
4.837096313232352429e+01,2.558455373287449319e+01
4.839096884824235900e+01,2.589143287937649518e+01
4.841097456416119371e+01,2.639454071236717780e+01
4.843098028008002842e+01,2.621998385023146128e+01
4.845098599599885603e+01,2.590782578169566008e+01
4.847099171191769074e+01,2.614648047593254176e+01
4.849099742783652545e+01,2.452071215912506830e+01
4.851100314375536016e+01,2.366362400893514106e+01
4.853100885967419487e+01,2.222455643239950973e+01
4.855101457559302958e+01,2.077391994952982657e+01
4.857102029151186429e+01,1.957546450147955852e+01
4.859102600743069900e+01,1.845805313061395836e+01
4.861103172334953371e+01,1.833178571326926587e+01
4.863103743926836131e+01,1.628929922873074787e+01
4.865104315518719602e+01,1.621032472141069292e+01
4.867104887110603073e+01,1.410232438353094864e+01
4.869105458702486544e+01,1.210840893293853249e+01
4.871106030294370015e+01,1.183582827768350043e+01
4.873106601886253486e+01,1.135723277412443721e+01
4.875107173478136957e+01,9.595487855959110135e+00
4.877107745070020428e+01,1.023037667068544287e+01
4.879108316661903899e+01,9.910431228408722149e+00
4.881108888253786660e+01,9.090118722106735660e+00
4.883109459845670131e+01,8.782765290551273196e+00
4.885110031437553602e+01,7.133774399629220220e+00
4.887110603029437073e+01,7.428839912075728691e+00
4.889111174621320544e+01,6.973131863132905117e+00
4.891111746213204015e+01,7.215042127826357010e+00
4.893112317805087486e+01,6.588175732807767915e+00
4.895112889396970957e+01,7.694860875389256449e+00
4.897113460988854428e+01,7.408945629085574858e+00
4.899114032580737899e+01,7.004857080482524978e+00
4.901114604172620659e+01,5.686080754177473828e+00
4.903115175764504130e+01,7.458568752153933445e+00
4.905115747356387601e+01,6.504186186690493088e+00
4.907116318948271072e+01,5.809023655451579948e+00
4.909116890540154543e+01,5.494713102702522001e+00
4.911117462132038014e+01,5.840250127377661471e+00
4.913118033723921485e+01,5.583546279192770356e+00
4.915118605315804956e+01,6.123056121260187723e+00
4.917119176907688427e+01,5.750875378841231012e+00
4.919119748499571187e+01,5.969272187496617477e+00
4.921120320091454658e+01,6.021566386403722326e+00
4.923120891683338129e+01,6.794460048445619016e+00
4.925121463275221600e+01,6.067425107625846081e+00
4.927122034867105071e+01,6.016357956942257168e+00
4.929122606458988542e+01,5.454406864983447178e+00
4.931123178050872014e+01,5.391059338424713410e+00
4.933123749642755485e+01,6.829587754537027600e+00
4.935124321234638956e+01,5.934116639206489019e+00
4.937124892826522427e+01,6.907361571215634655e+00
4.939125464418405187e+01,6.490860393130381212e+00
4.941126036010288658e+01,5.799909505056998427e+00
4.943126607602172129e+01,7.024213181893785851e+00
4.945127179194055600e+01,6.049856130368915785e+00
4.947127750785939071e+01,6.921025419345801843e+00
4.949128322377822542e+01,7.076655463955985326e+00
4.951128893969706013e+01,6.488410826210317950e+00
4.953129465561589484e+01,6.891260360409009245e+00
4.955130037153472955e+01,5.785581279147242739e+00
4.957130608745355715e+01,5.738427436842279405e+00
4.959131180337239186e+01,6.528025103893337011e+00
4.961131751929122657e+01,6.278968954048315787e+00
4.963132323521006128e+01,6.253228537576831059e+00
4.965132895112889599e+01,6.903962474088244150e+00
4.967133466704773070e+01,6.375326465301584200e+00
4.969134038296656541e+01,6.248820960288281157e+00
4.971134609888540012e+01,7.185440386467661256e+00
4.973135181480423483e+01,6.520297876389220981e+00
4.975135753072306244e+01,7.065716899418279517e+00
4.977136324664189715e+01,7.232720836423168542e+00
4.979136896256073186e+01,6.772893766692932083e+00
4.981137467847956657e+01,6.808567916859394664e+00
4.983138039439840128e+01,8.564645164384131704e+00
4.985138611031723599e+01,8.113932059909110706e+00
4.987139182623607070e+01,7.295572642010260900e+00
4.989139754215490541e+01,8.748285343737929765e+00
4.991140325807374012e+01,7.688567782315201882e+00
4.993140897399257483e+01,8.726912177656796388e+00
4.995141468991140243e+01,7.437515722943856211e+00
4.997142040583023714e+01,8.475275245875337760e+00
4.999142612174907185e+01,7.075507940290880704e+00
5.001143183766790656e+01,7.951834694419565253e+00
5.003143755358674127e+01,7.322511888696407567e+00
5.005144326950557598e+01,7.577671887748282487e+00
5.007144898542441069e+01,7.368846755958066375e+00
5.009145470134324540e+01,7.627206353815965123e+00
5.011146041726208011e+01,6.448900665702001156e+00
5.013146613318090772e+01,6.775547559736335046e+00
5.015147184909974243e+01,6.770113587928774379e+00
5.017147756501857714e+01,6.137562567910371136e+00
5.019148328093741185e+01,6.780841730461131256e+00
5.021148899685624656e+01,6.678862662235315995e+00
5.023149471277508127e+01,6.082689596645841412e+00
5.025150042869391598e+01,6.929113104626600794e+00
5.027150614461275069e+01,6.228615405669404304e+00
5.029151186053158540e+01,7.183341845163465855e+00
5.031151757645042011e+01,6.081491190108453182e+00
5.033152329236924771e+01,5.711483433039696855e+00
5.035152900828808242e+01,6.481010727277488392e+00
5.037153472420691713e+01,6.182757850879670336e+00
5.039154044012575184e+01,6.202674520646157319e+00
5.041154615604458655e+01,6.305547312421084349e+00
5.043155187196342126e+01,6.709880479593770986e+00
5.045155758788225597e+01,8.231214794121639144e+00
5.047156330380109068e+01,7.671029520251316569e+00
5.049156901971992539e+01,7.500507853407244241e+00
5.051157473563875300e+01,8.025759907956789618e+00
5.053158045155758771e+01,8.858748260782505213e+00
5.055158616747642242e+01,7.806326207896618463e+00
5.057159188339525713e+01,9.128120572828652968e+00
5.059159759931409184e+01,8.453875065111386533e+00
5.061160331523292655e+01,9.667549444242117929e+00
5.063160903115176126e+01,8.730604434858960872e+00
5.065161474707059597e+01,1.025193954955262754e+01
5.067162046298943068e+01,9.530650833842443603e+00
5.069162617890825828e+01,9.237946295528702834e+00
5.071163189482709299e+01,1.101839492975452472e+01
5.073163761074592770e+01,9.965629009954108497e+00
5.075164332666476241e+01,1.065753845609443218e+01
5.077164904258359712e+01,9.424512840112186041e+00
5.079165475850243183e+01,9.462560861066878104e+00
5.081166047442126654e+01,9.749277717897468776e+00
5.083166619034010125e+01,8.622743817220646534e+00
5.085167190625893596e+01,8.098880760232347598e+00
5.087167762217777067e+01,8.199212811901931630e+00
5.089168333809659828e+01,8.558210473562828824e+00
5.091168905401543299e+01,9.026486039516855797e+00
5.093169476993426770e+01,8.010545742853766527e+00
5.095170048585310241e+01,7.013255168140546836e+00
5.097170620177193712e+01,7.026693939634314212e+00
5.099171191769077183e+01,7.423851151445751917e+00
5.101171763360960654e+01,7.035899047432619291e+00
5.103172334952844125e+01,7.601428695296739591e+00
5.105172906544727596e+01,8.193844558159659286e+00
5.107173478136610356e+01,7.355164883261574360e+00
5.109174049728493827e+01,7.995066888003680816e+00
5.111174621320377298e+01,8.052715761399028338e+00
5.113175192912260769e+01,6.998978328213769196e+00
5.115175764504144240e+01,7.414290850313096648e+00
5.117176336096027711e+01,7.770701455686392478e+00
5.119176907687911182e+01,9.408129729396282670e+00
5.121177479279794653e+01,7.806871579138956463e+00
5.123178050871678124e+01,9.435305761722045048e+00
5.125178622463561595e+01,8.810423685440962771e+00
5.127179194055444356e+01,8.857639850703863615e+00
5.129179765647327827e+01,9.881268159866563039e+00
5.131180337239211298e+01,9.255142327990730777e+00
5.133180908831094769e+01,9.320582725368485200e+00
5.135181480422978240e+01,9.447201697509456153e+00
5.137182052014861711e+01,9.849569860625077666e+00
5.139182623606745182e+01,1.103677845647973399e+01
5.141183195198628653e+01,1.070993201978629727e+01
5.143183766790512124e+01,1.113615263342694561e+01
5.145184338382394884e+01,1.058954075855961463e+01
5.147184909974278355e+01,9.510579258326639973e+00
5.149185481566161826e+01,1.112100410162194208e+01
5.151186053158045297e+01,9.930306898430943718e+00
5.153186624749928768e+01,1.071681588409050256e+01
5.155187196341812239e+01,1.026989885687326698e+01
5.157187767933695710e+01,9.607902808995502753e+00
5.159188339525579181e+01,1.059976889134658506e+01
5.161188911117462652e+01,1.158624316494523221e+01
5.163189482709345413e+01,1.019236603111023598e+01
5.165190054301228884e+01,1.087514986112938153e+01
5.167190625893112355e+01,1.215934698977818407e+01
5.169191197484995826e+01,1.242043644734186358e+01
5.171191769076879297e+01,1.337079038995044122e+01
5.173192340668762768e+01,1.256043072530302673e+01
5.175192912260646239e+01,1.481938111001583103e+01
5.177193483852529710e+01,1.431056217870731651e+01
5.179194055444413181e+01,1.501577884213560488e+01
5.181194627036296652e+01,1.562639055090082252e+01
5.183195198628179412e+01,1.669006758710457561e+01
5.185195770220062883e+01,1.753565637723096060e+01
5.187196341811946354e+01,1.724018718890261326e+01
5.189196913403829825e+01,1.809387690788475211e+01
5.191197484995713296e+01,1.724062004155562278e+01
5.193198056587596767e+01,1.807030511780542170e+01
5.195198628179480238e+01,1.791212565600729789e+01
5.197199199771363709e+01,1.731059451881192146e+01
5.199199771363247180e+01,1.734910871049693526e+01
5.201200342955129940e+01,1.757753191326349906e+01
5.203200914547013411e+01,1.702298513780426603e+01
5.205201486138896882e+01,1.646195829085089102e+01
5.207202057730780353e+01,1.609529043258971015e+01
5.209202629322663824e+01,1.631213297580565325e+01
5.211203200914547295e+01,1.613109821342007066e+01
5.213203772506430766e+01,1.593692992546957399e+01
5.215204344098314237e+01,1.594052498792057371e+01
5.217204915690197708e+01,1.441052215770673151e+01
5.219205487282081180e+01,1.521655323567104823e+01
5.221206058873963940e+01,1.584529245652846896e+01
5.223206630465847411e+01,1.522038679896564872e+01
5.225207202057730882e+01,1.521042457099833811e+01
5.227207773649614353e+01,1.493607295456491180e+01
5.229208345241497824e+01,1.562097510799495836e+01
5.231208916833381295e+01,1.492999225475744574e+01
5.233209488425264766e+01,1.524002982814052487e+01
5.235210060017148237e+01,1.558981031026620379e+01
5.237210631609031708e+01,1.516658557725126677e+01
5.239211203200914468e+01,1.570230017912037823e+01
5.241211774792797939e+01,1.471610389574371069e+01
5.243212346384681410e+01,1.375003016181776694e+01
5.245212917976564881e+01,1.288981895093709262e+01
5.247213489568448352e+01,1.191714928765975046e+01
5.249214061160331823e+01,1.114314786591487838e+01
5.251214632752215294e+01,1.114547221226356299e+01
5.253215204344098765e+01,9.845882061682452502e+00
5.255215775935982236e+01,1.028371736170621453e+01
5.257216347527864997e+01,8.580271345034759634e+00
5.259216919119748468e+01,9.205227670527607486e+00
5.261217490711631939e+01,8.940441704494258346e+00
5.263218062303515410e+01,7.856181369653278956e+00
5.265218633895398881e+01,6.881814259172559289e+00
5.267219205487282352e+01,7.973420344776783075e+00
5.269219777079165823e+01,7.696230679793205631e+00
5.271220348671049294e+01,7.673585640622969883e+00
5.273220920262932765e+01,6.573505578793591653e+00
5.275221491854816236e+01,6.402965249541680670e+00
5.277222063446698996e+01,5.906983349445820153e+00
5.279222635038582467e+01,6.275725282379127634e+00
5.281223206630465938e+01,6.441875655620350472e+00
5.283223778222349409e+01,6.772543123606270754e+00
5.285224349814232880e+01,7.238680402829730909e+00
5.287224921406116351e+01,7.596402812854641695e+00
5.289225492997999822e+01,6.193670287843429989e+00
5.291226064589883293e+01,6.134378250578800262e+00
5.293226636181766764e+01,7.187083936478869006e+00
5.295227207773649525e+01,6.609929308036361029e+00
5.297227779365532996e+01,6.730116173033878546e+00
5.299228350957416467e+01,7.873843078047273458e+00
5.301228922549299938e+01,6.401800510305289293e+00
5.303229494141183409e+01,6.614652453540672994e+00
5.305230065733066880e+01,8.041606482608202100e+00
5.307230637324950351e+01,8.184586901337041809e+00
5.309231208916833822e+01,8.995550948372862621e+00
5.311231780508717293e+01,7.945748616677157372e+00
5.313232352100600764e+01,8.610269360819014395e+00
5.315232923692483524e+01,9.420109560762533363e+00
5.317233495284366995e+01,8.513747836368700916e+00
5.319234066876250466e+01,9.957418679692318975e+00
5.321234638468133937e+01,9.245216885089149628e+00
5.323235210060017408e+01,9.175050678818520211e+00
5.325235781651900879e+01,9.910044556910557745e+00
5.327236353243784350e+01,9.904207834660949672e+00
5.329236924835667821e+01,9.789171411442772808e+00
5.331237496427551292e+01,1.055816686446349451e+01
5.333238068019434053e+01,1.044254923195219931e+01
5.335238639611317524e+01,1.035549904059769233e+01
5.337239211203200995e+01,9.452449476303208087e+00
5.339239782795084466e+01,9.559485095473666760e+00
5.341240354386967937e+01,8.791300546254095849e+00
5.343240925978851408e+01,8.479229880697358723e+00
5.345241497570734879e+01,7.687100718461287840e+00
5.347242069162618350e+01,7.224488771842821677e+00
5.349242640754501821e+01,7.014977025219322648e+00
5.351243212346384581e+01,7.576883524494250288e+00
5.353243783938268052e+01,6.391244470120154730e+00
5.355244355530151523e+01,6.885457026057895114e+00
5.357244927122034994e+01,7.107768558942952453e+00
5.359245498713918465e+01,6.394343147768797309e+00
5.361246070305801936e+01,7.282508440930429039e+00
5.363246641897685407e+01,7.359073367555801326e+00
5.365247213489568878e+01,7.561042609426359640e+00
5.367247785081452349e+01,6.248672870982261429e+00
5.369248356673335820e+01,6.313114183476069563e+00
5.371248928265218581e+01,6.127257659802227252e+00
5.373249499857102052e+01,6.796645643507995160e+00
5.375250071448985523e+01,7.774876669252720696e+00
5.377250643040868994e+01,7.377014186224564618e+00
5.379251214632752465e+01,7.327585511070487279e+00
5.381251786224635936e+01,7.176051064069135066e+00
5.383252357816519407e+01,6.947546202370845414e+00
5.385252929408402878e+01,8.282124174353254986e+00
5.387253501000286349e+01,8.477834349165606298e+00
5.389254072592169109e+01,7.555957119979094472e+00
5.391254644184052580e+01,7.205583207740302143e+00
5.393255215775936051e+01,7.912898727803555410e+00
5.395255787367819522e+01,9.276724292598901300e+00
5.397256358959702993e+01,7.839677007711419066e+00
5.399256930551586464e+01,8.440179717444211249e+00
5.401257502143469935e+01,7.536351305331118411e+00
5.403258073735353406e+01,9.098164939161440756e+00
5.405258645327236877e+01,8.747086918429145541e+00
5.407259216919120348e+01,8.813318263891632753e+00
5.409259788511003109e+01,8.332462557730508479e+00
5.411260360102886580e+01,7.494421621043195536e+00
5.413260931694770051e+01,8.543163858625621998e+00
5.415261503286653522e+01,8.659413063769243024e+00
5.417262074878536993e+01,8.510370361017228547e+00
5.419262646470420464e+01,8.562554038200524076e+00
5.421263218062303935e+01,8.260494240279072642e+00
5.423263789654187406e+01,8.583381452333934902e+00
5.425264361246070877e+01,7.113490890268739264e+00
5.427264932837953637e+01,7.984785445701454876e+00
5.429265504429837108e+01,7.526898452864296374e+00
5.431266076021720579e+01,6.632351064386472039e+00
5.433266647613604050e+01,7.479610858814392138e+00
5.435267219205487521e+01,7.203760409140230969e+00
5.437267790797370992e+01,7.927165995276133970e+00
5.439268362389254463e+01,6.920410613482570916e+00
5.441268933981137934e+01,6.724838038653179417e+00
5.443269505573021405e+01,7.851451861738169669e+00
5.445270077164904166e+01,6.549039145323453326e+00
5.447270648756787637e+01,7.233379602628778215e+00
5.449271220348671108e+01,7.156652254528094836e+00
5.451271791940554579e+01,8.104908584306139474e+00
5.453272363532438050e+01,8.258009062613460571e+00
5.455272935124321521e+01,8.232901015945698120e+00
5.457273506716204992e+01,7.432894030022136000e+00
5.459274078308088463e+01,8.524712202726680843e+00
5.461274649899971934e+01,8.926456356155888727e+00
5.463275221491855405e+01,8.480384599362793097e+00
5.465275793083738165e+01,9.027072268917136100e+00
5.467276364675621636e+01,9.501620796572503025e+00
5.469276936267505107e+01,9.393375899701380760e+00
5.471277507859388578e+01,1.027540375426238484e+01
5.473278079451272049e+01,1.131794844673547829e+01
5.475278651043155520e+01,1.121403301844469169e+01
5.477279222635038991e+01,1.161790216659381336e+01
5.479279794226922462e+01,1.156147848051148408e+01
5.481280365818805933e+01,1.278741963241782642e+01
5.483280937410688693e+01,1.321773248393705913e+01
5.485281509002572164e+01,1.406577187999716116e+01
5.487282080594455635e+01,1.475564553468078088e+01
5.489282652186339106e+01,1.565835786984794886e+01
5.491283223778222577e+01,1.627013945035099951e+01
5.493283795370106048e+01,1.494650709113516562e+01
5.495284366961989519e+01,1.610154944635157648e+01
5.497284938553872990e+01,1.574010608249693277e+01
5.499285510145756461e+01,1.589669358069095217e+01
5.501286081737639222e+01,1.643281356594138742e+01
5.503286653329522693e+01,1.760808699855407866e+01
5.505287224921406164e+01,1.727826881491328237e+01
5.507287796513289635e+01,1.721012601918463503e+01
5.509288368105173106e+01,1.701619235598960600e+01
5.511288939697056577e+01,1.781478607514567258e+01
5.513289511288940048e+01,1.593795761822124923e+01
5.515290082880823519e+01,1.644731688160617367e+01
5.517290654472706990e+01,1.655115180682218323e+01
5.519291226064590461e+01,1.589539057170387260e+01
5.521291797656473221e+01,1.588993394898288436e+01
5.523292369248356692e+01,1.464547298281967613e+01
5.525292940840240163e+01,1.435686809586783497e+01
5.527293512432123634e+01,1.437656893682716053e+01
5.529294084024007105e+01,1.289029532335977812e+01
5.531294655615890576e+01,1.268006976654185003e+01
5.533295227207774047e+01,1.220120006732076057e+01
5.535295798799657518e+01,1.083577070364237294e+01
5.537296370391540989e+01,1.170385042930264774e+01
5.539296941983423750e+01,9.436467628752643222e+00
5.541297513575307221e+01,9.018619997999158144e+00
5.543298085167190692e+01,9.775123455449364229e+00
5.545298656759074163e+01,9.077979732168643068e+00
5.547299228350957634e+01,9.910227890803810169e+00
5.549299799942841105e+01,9.238579114047434260e+00
5.551300371534724576e+01,9.318768020078222136e+00
5.553300943126608047e+01,7.999957237822678202e+00
5.555301514718491518e+01,9.089531945052856443e+00
5.557302086310374989e+01,9.070493410520315436e+00
5.559302657902257749e+01,9.574255113591101818e+00
5.561303229494141220e+01,8.666685718243369863e+00
5.563303801086024691e+01,9.342329037627937538e+00
5.565304372677908162e+01,9.058785982942197279e+00
5.567304944269791633e+01,1.023344428146254792e+01
5.569305515861675104e+01,1.021570326731168521e+01
5.571306087453558575e+01,9.349057195059709002e+00
5.573306659045442046e+01,8.644293443260297138e+00
5.575307230637325517e+01,8.830498166325380538e+00
5.577307802229208278e+01,1.029868023086852702e+01
5.579308373821091749e+01,8.700433181355139212e+00
5.581308945412975220e+01,9.208895480762167907e+00
5.583309517004858691e+01,8.563348235782912710e+00
5.585310088596742162e+01,8.236383064613775673e+00
5.587310660188625633e+01,8.950167164453665336e+00
5.589311231780509104e+01,7.660471232947439368e+00
5.591311803372392575e+01,8.415888420723433683e+00
5.593312374964276046e+01,7.875091013164991161e+00
5.595312946556158806e+01,8.248936463621445725e+00
5.597313518148042277e+01,7.859435830557210068e+00
5.599314089739925748e+01,7.640748164066502035e+00
5.601314661331809219e+01,7.557468250367212370e+00
5.603315232923692690e+01,6.338962640412121985e+00
5.605315804515576161e+01,7.234046400029347623e+00
5.607316376107459632e+01,6.279173876021084233e+00
5.609316947699343103e+01,7.031568259235092988e+00
5.611317519291226574e+01,5.585512602819781236e+00
5.613318090883110045e+01,7.125852616028038433e+00
5.615318662474992806e+01,6.488405470179297474e+00
5.617319234066876277e+01,5.441055786600703215e+00
5.619319805658759748e+01,7.283516871689715622e+00
5.621320377250643219e+01,7.273397093475329811e+00
5.623320948842526690e+01,6.473488120233775511e+00
5.625321520434410161e+01,6.188349834224415424e+00
5.627322092026293632e+01,6.094727878721611702e+00
5.629322663618177103e+01,5.858268412664797253e+00
5.631323235210060574e+01,6.564807486728681418e+00
5.633323806801943334e+01,5.767040497635396612e+00
5.635324378393826805e+01,6.507633214367812613e+00
5.637324949985710276e+01,6.535963969497663228e+00
5.639325521577593747e+01,6.271333935642672941e+00
5.641326093169477218e+01,7.575379857733784306e+00
5.643326664761360689e+01,7.573724077493380946e+00
5.645327236353244160e+01,6.892363252424504871e+00
5.647327807945127631e+01,7.309191683541983231e+00
5.649328379537011102e+01,6.777442255304498175e+00
5.651328951128894573e+01,6.836269460859827340e+00
5.653329522720777334e+01,7.965781481978795320e+00
5.655330094312660805e+01,7.897865829272384453e+00
5.657330665904544276e+01,6.663888957169876726e+00
5.659331237496427747e+01,6.192628370828262341e+00
5.661331809088311218e+01,7.805648152234059722e+00
5.663332380680194689e+01,6.386003732532417487e+00
5.665332952272078160e+01,7.881182766287455621e+00
5.667333523863961631e+01,7.033908985914449907e+00
5.669334095455845102e+01,6.573282012692332366e+00
5.671334667047727862e+01,6.771218940263702635e+00
5.673335238639611333e+01,6.493457604204587952e+00
5.675335810231494804e+01,7.353213474556342888e+00
5.677336381823378275e+01,8.079211012336243058e+00
5.679336953415261746e+01,7.763184254733402234e+00
5.681337525007145217e+01,8.551506480179790870e+00
5.683338096599028688e+01,7.284115455281630069e+00
5.685338668190912159e+01,8.478952867323618747e+00
5.687339239782795630e+01,8.779659917662961277e+00
5.689339811374678391e+01,9.008811163207843364e+00
5.691340382966561862e+01,9.452246240108497233e+00
5.693340954558445333e+01,8.787045193407326593e+00
5.695341526150328804e+01,9.677774938994835097e+00
5.697342097742212275e+01,9.108584271278596489e+00
5.699342669334095746e+01,9.643821853952783130e+00
5.701343240925979217e+01,9.671403809015963304e+00
5.703343812517862688e+01,1.052845766743829081e+01
5.705344384109746159e+01,1.170296621959941774e+01
5.707344955701629630e+01,1.138601018023108224e+01
5.709345527293512390e+01,1.054747880579950525e+01
5.711346098885395861e+01,1.020060820814980218e+01
5.713346670477279332e+01,1.046321595747305011e+01
5.715347242069162803e+01,1.063760685637465819e+01
5.717347813661046274e+01,9.219369748554598232e+00
5.719348385252929745e+01,1.051592986325106871e+01
5.721348956844813216e+01,1.015442409012601921e+01
5.723349528436696687e+01,9.953457765535164370e+00
5.725350100028580158e+01,8.700120934129062178e+00
5.727350671620462919e+01,1.015481015248732533e+01
5.729351243212346390e+01,8.826185354090526403e+00
5.731351814804229861e+01,8.926853830038464110e+00
5.733352386396113332e+01,9.067994079522245343e+00
5.735352957987996803e+01,9.435902652346864983e+00
5.737353529579880274e+01,8.391712492738934159e+00
5.739354101171763745e+01,1.024700493184446692e+01
5.741354672763647216e+01,8.789514580765803942e+00
5.743355244355530687e+01,1.031360428278906660e+01
5.745355815947414158e+01,9.510107821978662557e+00
5.747356387539296918e+01,1.005849448559124326e+01
5.749356959131180389e+01,8.998114243488235076e+00
5.751357530723063860e+01,9.405352201639129106e+00
5.753358102314947331e+01,9.840244765996608578e+00
5.755358673906830802e+01,9.387719621377462076e+00
5.757359245498714273e+01,1.001993798346640574e+01
5.759359817090597744e+01,1.096125533797788520e+01
5.761360388682481215e+01,1.116915325684020388e+01
5.763360960274364686e+01,1.019080692092848928e+01
5.765361531866247446e+01,1.069142096458512370e+01
5.767362103458130917e+01,1.083098160013004829e+01
5.769362675050014388e+01,1.064485595510823046e+01
5.771363246641897859e+01,1.009463570475227279e+01
5.773363818233781330e+01,1.120560196104153761e+01
5.775364389825664801e+01,1.220953553704184458e+01
5.777364961417548272e+01,1.173257686788583420e+01
5.779365533009431743e+01,1.188595378711525541e+01
5.781366104601315214e+01,1.223167680337344976e+01
5.783366676193197975e+01,1.201923222184947626e+01
5.785367247785081446e+01,1.167501693563470688e+01
5.787367819376964917e+01,1.126591583778763983e+01
5.789368390968848388e+01,1.052385312232640402e+01
5.791368962560731859e+01,1.191913689227604678e+01
5.793369534152615330e+01,1.166355569624894883e+01
5.795370105744498801e+01,1.127432521440056412e+01
5.797370677336382272e+01,9.824113240982853767e+00
5.799371248928265743e+01,1.062136222145450049e+01
5.801371820520149214e+01,1.042254782813741443e+01
5.803372392112031974e+01,1.000023672284519805e+01
5.805372963703915445e+01,1.199876504275210287e+01
5.807373535295798916e+01,1.046744391941083663e+01
5.809374106887682387e+01,1.170940474924672081e+01
5.811374678479565858e+01,1.242894889102054101e+01
5.813375250071449329e+01,1.155654722694600700e+01
5.815375821663332800e+01,1.208645969945616017e+01
5.817376393255216271e+01,1.263622929426025898e+01
5.819376964847099742e+01,1.309054057986554831e+01
5.821377536438982503e+01,1.288838768831965531e+01
5.823378108030865974e+01,1.315366174826356804e+01
5.825378679622749445e+01,1.414341934401045897e+01
5.827379251214632916e+01,1.322490163050894552e+01
5.829379822806516387e+01,1.339184586256834386e+01
5.831380394398399858e+01,1.479520673796037045e+01
5.833380965990283329e+01,1.387303450769121582e+01
5.835381537582166800e+01,1.465461937553423688e+01
5.837382109174050271e+01,1.476204344986280148e+01
5.839382680765933742e+01,1.529182929157661874e+01
5.841383252357816502e+01,1.416881852590789137e+01
5.843383823949699973e+01,1.459936386983038226e+01
5.845384395541583444e+01,1.396484350867371127e+01
5.847384967133466915e+01,1.299470713775269992e+01
5.849385538725350386e+01,1.223146545181770506e+01
5.851386110317233857e+01,1.184198719458530569e+01
5.853386681909117328e+01,1.065577939613477021e+01
5.855387253501000799e+01,1.011866538016885109e+01
5.857387825092884270e+01,1.089537770571982023e+01
5.859388396684767031e+01,1.041725928055329398e+01
5.861388968276650502e+01,1.001289226065518534e+01
5.863389539868533973e+01,9.718928618038651379e+00
5.865390111460417444e+01,7.984079079295674397e+00
5.867390683052300915e+01,8.492205639371588788e+00
5.869391254644184386e+01,8.647494990376806356e+00
5.871391826236067857e+01,8.690195938479901017e+00
5.873392397827951328e+01,7.859622283619777328e+00
5.875392969419834799e+01,8.734265181161205760e+00
5.877393541011717559e+01,7.257635787185114928e+00
5.879394112603601030e+01,7.360495740588451241e+00
5.881394684195484501e+01,8.182206831627858890e+00
5.883395255787367972e+01,6.839683260174321155e+00
5.885395827379251443e+01,6.493128023033997387e+00
5.887396398971134914e+01,6.300562108154711183e+00
5.889396970563018385e+01,8.009288237503568553e+00
5.891397542154901856e+01,6.620847517416273753e+00
5.893398113746785327e+01,7.091987443665753510e+00
5.895398685338668798e+01,6.578606697487667354e+00
5.897399256930551559e+01,5.937961514414443975e+00
5.899399828522435030e+01,6.901036296748497278e+00
5.901400400114318501e+01,6.358967259406053785e+00
5.903400971706201972e+01,6.502419536562477731e+00
5.905401543298085443e+01,5.604402871279575926e+00
5.907402114889968914e+01,5.405375078569322866e+00
5.909402686481852385e+01,6.856404938876828226e+00
5.911403258073735856e+01,6.370570808972376042e+00
5.913403829665619327e+01,5.687527515707369474e+00
5.915404401257502087e+01,6.055999801250874448e+00
5.917404972849385558e+01,5.297516146402854176e+00
5.919405544441269029e+01,6.680702903326928954e+00
5.921406116033152500e+01,6.864204754646570983e+00
5.923406687625035971e+01,5.790474460174085181e+00
5.925407259216919442e+01,5.388651150858737360e+00
5.927407830808802913e+01,5.899263291269448928e+00
5.929408402400686384e+01,6.809335086129327586e+00
5.931408973992569855e+01,7.018489977982961925e+00
5.933409545584453326e+01,6.458323436166941711e+00
5.935410117176336087e+01,5.946515511417850064e+00
5.937410688768219558e+01,6.253388326550471277e+00
5.939411260360103029e+01,5.328716194594142586e+00
5.941411831951986500e+01,6.550237180302404205e+00
5.943412403543869971e+01,5.430723097579567060e+00
5.945412975135753442e+01,5.743086150233494003e+00
5.947413546727636913e+01,5.422595331826503440e+00
5.949414118319520384e+01,7.088692388516461662e+00
5.951414689911403855e+01,5.421927655561180615e+00
5.953415261503286615e+01,5.535393576487780187e+00
5.955415833095170086e+01,6.484692342663469944e+00
5.957416404687053557e+01,6.158300204586684146e+00
5.959416976278937028e+01,6.649764367593625103e+00
5.961417547870820499e+01,7.105389381338071075e+00
5.963418119462703970e+01,7.235212187421060648e+00
5.965418691054587441e+01,6.096609746395699858e+00
5.967419262646470912e+01,5.784905285812021347e+00
5.969419834238354383e+01,6.746846642096291369e+00
5.971420405830237144e+01,6.230912061883254083e+00
5.973420977422120615e+01,7.675101401619080832e+00
5.975421549014004086e+01,7.649696820574134470e+00
5.977422120605887557e+01,7.724091799570157235e+00
5.979422692197771028e+01,6.480497673430717143e+00
5.981423263789654499e+01,8.042137974044321069e+00
5.983423835381537970e+01,7.560676090243653391e+00
5.985424406973421441e+01,6.608128162905649639e+00
5.987424978565304912e+01,6.897697262300352072e+00
5.989425550157188383e+01,7.494104653842041941e+00
5.991426121749071143e+01,7.748810667816516506e+00
5.993426693340954614e+01,7.802734705806804172e+00
5.995427264932838085e+01,7.982374708111529493e+00
5.997427836524721556e+01,6.885337307164657084e+00
5.999428408116605027e+01,7.583275757918644722e+00
6.001428979708488498e+01,8.060553089098721813e+00
6.003429551300371969e+01,7.789800247274378364e+00
6.005430122892255440e+01,7.015972913351034457e+00
6.007430694484138911e+01,7.675391686703719074e+00
6.009431266076021672e+01,8.776698957856863714e+00
6.011431837667905143e+01,8.976221948675995321e+00
6.013432409259788614e+01,7.553165359610174434e+00
6.015432980851672085e+01,8.306248692181922522e+00
6.017433552443555556e+01,8.485503947319815055e+00
6.019434124035439027e+01,8.660366663613023874e+00
6.021434695627322498e+01,8.115173913485421053e+00
6.023435267219205969e+01,8.456723489491595913e+00
6.025435838811089440e+01,9.985065135504687106e+00
6.027436410402972911e+01,9.125737407971534765e+00
6.029436981994855671e+01,9.035460717963175625e+00
6.031437553586739142e+01,9.298707842321674022e+00
6.033438125178622613e+01,9.249691225576501807e+00
6.035438696770506084e+01,8.894572929425264007e+00
6.037439268362389555e+01,7.944897939188717118e+00
6.039439839954273026e+01,7.902926789728188517e+00
6.041440411546156497e+01,8.456266760536474081e+00
6.043440983138039968e+01,8.564874972212692228e+00
6.045441554729923439e+01,7.704361647401143820e+00
6.047442126321806199e+01,7.475143832378724262e+00
6.049442697913689670e+01,7.438165800727219334e+00
6.051443269505573141e+01,6.767000739549405175e+00
6.053443841097456612e+01,6.629754587362346463e+00
6.055444412689340083e+01,7.804804291109342707e+00
6.057444984281223554e+01,6.329890725150301378e+00
6.059445555873107025e+01,6.981913877349931852e+00
6.061446127464990496e+01,7.146291461579815874e+00
6.063446699056873967e+01,7.754457103163914233e+00
6.065447270648756728e+01,6.745766794809342493e+00
6.067447842240640199e+01,7.529171794245314686e+00
6.069448413832523670e+01,6.222260840157196604e+00
6.071448985424407141e+01,6.182725489949920217e+00
6.073449557016290612e+01,7.103959934989084957e+00
6.075450128608174083e+01,6.767695135094587755e+00
6.077450700200057554e+01,6.989820521619886762e+00
6.079451271791941025e+01,5.977198567838628129e+00
6.081451843383824496e+01,6.703110727420967585e+00
6.083452414975707967e+01,6.283493138509662401e+00
6.085452986567590727e+01,6.000914057788633293e+00
6.087453558159474198e+01,6.634296796009433450e+00
6.089454129751357669e+01,7.239247991671764026e+00
6.091454701343241140e+01,5.778319014676926990e+00
6.093455272935124611e+01,6.444345601282020830e+00
6.095455844527008082e+01,6.441624997136253583e+00
6.097456416118891553e+01,6.127311540524434719e+00
6.099456987710775024e+01,6.377557745911852649e+00
6.101457559302658495e+01,7.468050377247913652e+00
6.103458130894541256e+01,6.152102975372411464e+00
6.105458702486424727e+01,7.762783639310817385e+00
6.107459274078308198e+01,7.171568356325385807e+00
6.109459845670191669e+01,8.166889127390662750e+00
6.111460417262075140e+01,8.201552508521352536e+00
6.113460988853958611e+01,8.964708053204089921e+00
6.115461560445842082e+01,9.188177703359526660e+00
6.117462132037725553e+01,8.831208046691061853e+00
6.119462703629609024e+01,9.212616343849813205e+00
6.121463275221492495e+01,9.490242266542407990e+00
6.123463846813375255e+01,9.292389147288162121e+00
6.125464418405258726e+01,1.149130240809692793e+01
6.127464989997142197e+01,1.014190026542177669e+01
6.129465561589025668e+01,1.054476156722346403e+01
6.131466133180909139e+01,1.223161770439027585e+01
6.133466704772792610e+01,1.281735004282148438e+01
6.135467276364676081e+01,1.152447424856812397e+01
6.137467847956559552e+01,1.263333434738201433e+01
6.139468419548443023e+01,1.097011997165327379e+01
6.141468991140325784e+01,1.171249706058381612e+01
6.143469562732209255e+01,1.114307752165511367e+01
6.145470134324092726e+01,1.175872928975421772e+01
6.147470705915976197e+01,1.105111253523917370e+01
6.149471277507859668e+01,1.081264144587289344e+01
6.151471849099743139e+01,8.655631011910486450e+00
6.153472420691626610e+01,9.599935814104041398e+00
6.155472992283510081e+01,7.946933795714587134e+00
6.157473563875393552e+01,9.100966448647660911e+00
6.159474135467276312e+01,7.577612751714942085e+00
6.161474707059159783e+01,6.866798438143645100e+00
6.163475278651043254e+01,7.474068092553341813e+00
6.165475850242926725e+01,6.628042059005123221e+00
6.167476421834810196e+01,6.321937315297238236e+00
6.169476993426693667e+01,7.411738096786203656e+00
6.171477565018577138e+01,6.805981342409959112e+00
6.173478136610460609e+01,6.792580403088694041e+00
6.175478708202344080e+01,6.864655703754653615e+00
6.177479279794227551e+01,6.180952061368020445e+00
6.179479851386110312e+01,5.529436193021367352e+00
6.181480422977993783e+01,6.430967589661378270e+00
6.183480994569877254e+01,6.901247146977830482e+00
6.185481566161760725e+01,5.826921714449534662e+00
6.187482137753644196e+01,5.870562802540899128e+00
6.189482709345527667e+01,5.675528306521454347e+00
6.191483280937411138e+01,5.568647315300649936e+00
6.193483852529294609e+01,5.635050327960644978e+00
6.195484424121178080e+01,5.876797974739471186e+00
6.197484995713060840e+01,5.694260540380549074e+00
6.199485567304944311e+01,6.202617628939028904e+00
6.201486138896827782e+01,5.668425670097403390e+00
6.203486710488711253e+01,6.030658079716421760e+00
6.205487282080594724e+01,6.185283669033566412e+00
6.207487853672478195e+01,5.790822737105958851e+00
6.209488425264361666e+01,6.926485918245471218e+00
6.211488996856245137e+01,6.923750529443492674e+00
6.213489568448128608e+01,6.656315097597566677e+00
6.215490140040011369e+01,6.407640667908843568e+00
6.217490711631894840e+01,5.449115021363375000e+00
6.219491283223778311e+01,7.017231932532692618e+00
6.221491854815661782e+01,7.231762924439022022e+00
6.223492426407545253e+01,7.098556873196515404e+00
6.225492997999428724e+01,5.792410920885142644e+00
6.227493569591312195e+01,7.191084754164951853e+00
6.229494141183195666e+01,6.574825260328192478e+00
6.231494712775079137e+01,7.298441070215802462e+00
6.233495284366962608e+01,6.567746980772779075e+00
6.235495855958845368e+01,6.998476885708329931e+00
6.237496427550728839e+01,6.655561808291197146e+00
6.239496999142612310e+01,7.090876384560687029e+00
6.241497570734495781e+01,7.965717428623275254e+00
6.243498142326379252e+01,8.160888174605901213e+00
6.245498713918262723e+01,8.234992894855359680e+00
6.247499285510146194e+01,8.966558219272906527e+00
6.249499857102029665e+01,7.693103762176358273e+00
6.251500428693913136e+01,9.086059808957799078e+00
6.253501000285795897e+01,8.767316968181148695e+00
6.255501571877679368e+01,8.688831268932805330e+00
6.257502143469562839e+01,8.926438475317370447e+00
6.259502715061446310e+01,9.879175762445758124e+00
6.261503286653329781e+01,9.213917632867085317e+00
6.263503858245213252e+01,8.704693154849662662e+00
6.265504429837096723e+01,1.007527544925721052e+01
6.267505001428980194e+01,9.065011556232583700e+00
6.269505573020863665e+01,8.645261804484576373e+00
6.271506144612747136e+01,8.719219870655662064e+00
6.273506716204629896e+01,8.691342227709219159e+00
6.275507287796513367e+01,9.386082287739100138e+00
6.277507859388396838e+01,9.072193056497367181e+00
6.279508430980280309e+01,7.288157355885208410e+00
6.281509002572163780e+01,8.164660242816777824e+00
6.283509574164047251e+01,7.609270429178861761e+00
6.285510145755930722e+01,8.006836144275133904e+00
6.287510717347814193e+01,7.080868412500258557e+00
6.289511288939697664e+01,8.005832771777072310e+00
6.291511860531580425e+01,7.782435763705497500e+00
6.293512432123463896e+01,7.856815863526191990e+00
6.295513003715347367e+01,7.738143054997557613e+00
6.297513575307230838e+01,7.139792371330444531e+00
6.299514146899114309e+01,7.283915938544002877e+00
6.301514718490997780e+01,6.273329611412597373e+00
6.303515290082881251e+01,7.555985116350561803e+00
6.305515861674764722e+01,6.192004205528427896e+00
6.307516433266648193e+01,7.496221466099747488e+00
6.309517004858530953e+01,6.786772502689130349e+00
6.311517576450414424e+01,6.950464076444911932e+00
6.313518148042297895e+01,6.213239799878330416e+00
6.315518719634181366e+01,7.695558501391689177e+00
6.317519291226064837e+01,7.570014071174460568e+00
6.319519862817948308e+01,6.470340985780290488e+00
6.321520434409831779e+01,6.501598230142795920e+00
6.323521006001715250e+01,7.498197568977214900e+00
6.325521577593598721e+01,6.997106483414215816e+00
6.327522149185482192e+01,6.956813919204926755e+00
6.329522720777364952e+01,6.997438384796108579e+00
6.331523292369248423e+01,6.822985630694796022e+00
6.333523863961131894e+01,6.981048579228395390e+00
6.335524435553015365e+01,8.312103600252015667e+00
6.337525007144898836e+01,6.908682583438977787e+00
6.339525578736782307e+01,8.320607423981686068e+00
6.341526150328665778e+01,7.529611221238934782e+00
6.343526721920549249e+01,8.410901396686636389e+00
6.345527293512432720e+01,9.135564360796843530e+00
6.347527865104315481e+01,7.584516540856355959e+00
6.349528436696198952e+01,8.128344983532029389e+00
6.351529008288082423e+01,8.130655028040415289e+00
6.353529579879965894e+01,8.426291191190127705e+00
6.355530151471849365e+01,9.157405493220878157e+00
6.357530723063732836e+01,9.280635125081982295e+00
6.359531294655616307e+01,1.022708430537119284e+01
6.361531866247499778e+01,9.470227422512007109e+00
6.363532437839383249e+01,9.220714868709546153e+00
6.365533009431266720e+01,1.098280959950987778e+01
6.367533581023149480e+01,1.137942642483787736e+01
6.369534152615032951e+01,1.157373120247943987e+01
6.371534724206916422e+01,1.022274480364361970e+01
6.373535295798799893e+01,1.167665995179445559e+01
6.375535867390683364e+01,1.143684692717773466e+01
6.377536438982566835e+01,1.111965274062300857e+01
6.379537010574450306e+01,1.102906450699124896e+01
6.381537582166333777e+01,1.126320085867466148e+01
6.383538153758217248e+01,1.138358129085157522e+01
6.385538725350100009e+01,1.175237911791358769e+01
6.387539296941983480e+01,1.105945308709740260e+01
6.389539868533866951e+01,1.291090122725582745e+01
6.391540440125750422e+01,1.200493448652070150e+01
6.393541011717633893e+01,1.138008121231777992e+01
6.395541583309517364e+01,1.136660701504853499e+01
6.397542154901400835e+01,1.057994138867482370e+01
6.399542726493284306e+01,1.208636918835592056e+01
6.401543298085167066e+01,1.049073642039977550e+01
6.403543869677051248e+01,1.080386338458321482e+01
6.405544441268934008e+01,9.354112556558078495e+00
6.407545012860816769e+01,1.088824143724810867e+01
6.409545584452700950e+01,9.800149281139901802e+00
6.411546156044585132e+01,8.790658369779388082e+00
6.413546727636467892e+01,9.551808567891667323e+00
6.415547299228350653e+01,8.647528955069967438e+00
6.417547870820234834e+01,9.985169339861885263e+00
6.419548442412119016e+01,8.502407271004956968e+00
6.421549014004001776e+01,9.738617770300486143e+00
6.423549585595884537e+01,1.021779281610533729e+01
6.425550157187768718e+01,9.202176509637828516e+00
6.427550728779651479e+01,1.048058215863995812e+01
6.429551300371534239e+01,9.641837017690608747e+00
6.431551871963418421e+01,9.665720176221775262e+00
6.433552443555302602e+01,1.098412689765200057e+01
6.435553015147185363e+01,1.064934141614489427e+01
6.437553586739068123e+01,9.865512233426800393e+00
6.439554158330952305e+01,9.527949112224872508e+00
6.441554729922835065e+01,1.039013139841824440e+01
6.443555301514717826e+01,9.636189113158698305e+00
6.445555873106602007e+01,1.067526904275987043e+01
6.447556444698486189e+01,9.959316188259196068e+00
6.449557016290368949e+01,1.100937992128004872e+01
6.451557587882251710e+01,9.628715728700138143e+00
6.453558159474135891e+01,9.118021510793351325e+00
6.455558731066020073e+01,1.051775054829387201e+01
6.457559302657902833e+01,9.745403719860211922e+00
6.459559874249785594e+01,8.568908993436410881e+00
6.461560445841669775e+01,9.423303608629488792e+00
6.463561017433552536e+01,9.697924939767455399e+00
6.465561589025435296e+01,7.998571668067560481e+00
6.467562160617319478e+01,8.032684965727595383e+00
6.469562732209203659e+01,7.179730735412715781e+00
6.471563303801086420e+01,8.562191348153136872e+00
6.473563875392969180e+01,8.157785807599292838e+00
6.475564446984853362e+01,6.658174027782167492e+00
6.477565018576737543e+01,6.684968280649933092e+00
6.479565590168618883e+01,7.487376331543805108e+00
6.481566161760503064e+01,6.674700263215615159e+00
6.483566733352387246e+01,7.113201423735363349e+00
6.485567304944270006e+01,6.962641664805628849e+00
6.487567876536152767e+01,6.994107671726747633e+00
6.489568448128036948e+01,6.980385260719006446e+00
6.491569019719921130e+01,7.521434048123667893e+00
6.493569591311803890e+01,6.162802307433740800e+00
6.495570162903686651e+01,5.922950310640028526e+00
6.497570734495570832e+01,6.702360417325253117e+00
6.499571306087453593e+01,6.119208995367332093e+00
6.501571877679336353e+01,7.679123020701552171e+00
6.503572449271220535e+01,6.213490754237475322e+00
6.505573020863104716e+01,6.231285463511683886e+00
6.507573592454987477e+01,6.952977758919693052e+00
6.509574164046870237e+01,5.792329294074821000e+00
6.511574735638754419e+01,7.345568091052031789e+00
6.513575307230638600e+01,6.958904688498116720e+00
6.515575878822521361e+01,6.039756651406231747e+00
6.517576450414404121e+01,6.717287157268497566e+00
6.519577022006288303e+01,6.191901884186211014e+00
6.521577593598171063e+01,7.285906411655051151e+00
6.523578165190053824e+01,6.196091129051072954e+00
6.525578736781938005e+01,7.510868077068643345e+00
6.527579308373822187e+01,7.130021384772450510e+00
6.529579879965704947e+01,7.902855006925525672e+00
6.531580451557587708e+01,7.460491692022317878e+00
6.533581023149471889e+01,7.965292819571872407e+00
6.535581594741354650e+01,8.247596680866536190e+00
6.537582166333237410e+01,8.652286614831002254e+00
6.539582737925121592e+01,8.180522533452663225e+00
6.541583309517005773e+01,8.467011399612578870e+00
6.543583881108888534e+01,8.158335688981278366e+00
6.545584452700771294e+01,9.937711780369207659e+00
6.547585024292655476e+01,8.587590728381409022e+00
6.549585595884539657e+01,1.018756434422771484e+01
6.551586167476422418e+01,1.023317642837470487e+01
6.553586739068305178e+01,9.864937558414812457e+00
6.555587310660189360e+01,1.060115601926118600e+01
6.557587882252072120e+01,9.763188315636377013e+00
6.559588453843954881e+01,9.057450756548757198e+00
6.561589025435839062e+01,1.038946753851972105e+01
6.563589597027723244e+01,9.481401004944206790e+00
6.565590168619606004e+01,8.179365359140923886e+00
6.567590740211488765e+01,9.714868075287544258e+00
6.569591311803372946e+01,8.127364833773958352e+00
6.571591883395257128e+01,8.703983160942275532e+00
6.573592454987138467e+01,9.115420446652638731e+00
6.575593026579022649e+01,7.638417594191655446e+00
6.577593598170906830e+01,7.450845771830158171e+00
6.579594169762789591e+01,7.271956470855283960e+00
6.581594741354672351e+01,7.971331579246995425e+00
6.583595312946556533e+01,7.851777100495220374e+00
6.585595884538440714e+01,6.444289587512908035e+00
6.587596456130323475e+01,7.708447394423251886e+00
6.589597027722206235e+01,7.077442692008768077e+00
6.591597599314090417e+01,7.376130918048478868e+00
6.593598170905973177e+01,6.663614837205607877e+00
6.595598742497855937e+01,7.216603888875974704e+00
6.597599314089740119e+01,7.617208299365294089e+00
6.599599885681624301e+01,6.730581650921836356e+00
6.601600457273507061e+01,6.949120401360848298e+00
6.603601028865389821e+01,7.777080249687120528e+00
6.605601600457274003e+01,7.144483314497871440e+00
6.607602172049158185e+01,7.351223079435336594e+00
6.609602743641040945e+01,7.848768312019833715e+00
6.611603315232923705e+01,8.402485914599079564e+00
6.613603886824807887e+01,8.885496182791088771e+00
6.615604458416690647e+01,8.552233468586495135e+00
6.617605030008573408e+01,8.259285881356383641e+00
6.619605601600457589e+01,9.750952769491004091e+00
6.621606173192341771e+01,9.670996679097285664e+00
6.623606744784224531e+01,8.309351397661977501e+00
6.625607316376107292e+01,8.716223355815220231e+00
6.627607887967991473e+01,9.471865183243426856e+00
6.629608459559874234e+01,9.286889206207735725e+00
6.631609031151756994e+01,9.946544123345789856e+00
6.633609602743641176e+01,9.042220248000969463e+00
6.635610174335525357e+01,8.325017610614223074e+00
6.637610745927408118e+01,9.061084636970225148e+00
6.639611317519290878e+01,9.392323850491393955e+00
6.641611889111175060e+01,8.781723754035109408e+00
6.643612460703059241e+01,8.655017736936134298e+00
6.645613032294942002e+01,7.960046041398157968e+00
6.647613603886824762e+01,9.015672575892143215e+00
6.649614175478708944e+01,8.226973605646671572e+00
6.651614747070591704e+01,8.430252874892369519e+00
6.653615318662474465e+01,8.950543783886493188e+00
6.655615890254358646e+01,9.006668336426077559e+00
6.657616461846242828e+01,7.966067954840187149e+00
6.659617033438125588e+01,8.231632646938361830e+00
6.661617605030008349e+01,8.384207189582031816e+00
6.663618176621892530e+01,9.658710876827095504e+00
6.665618748213776712e+01,8.763593322147707809e+00
6.667619319805658051e+01,8.706677309900753059e+00
6.669619891397542233e+01,8.107222119739232014e+00
6.671620462989426414e+01,8.294648986757248821e+00
6.673621034581309175e+01,9.270698661457343448e+00
6.675621606173191935e+01,9.272274425016904686e+00
6.677622177765076117e+01,8.176708441036346642e+00
6.679622749356960298e+01,8.693607254617269575e+00
6.681623320948843059e+01,8.237743674071083433e+00
6.683623892540725819e+01,9.130861703035806798e+00
6.685624464132610001e+01,9.273977099089101728e+00
6.687625035724492761e+01,9.173477793349768206e+00
6.689625607316375522e+01,7.884523955733165224e+00
6.691626178908259703e+01,8.444405689562117345e+00
6.693626750500143885e+01,8.158067115419566306e+00
6.695627322092026645e+01,9.145224779476523125e+00
6.697627893683909406e+01,8.583763272223523089e+00
6.699628465275793587e+01,9.683990338319555136e+00
6.701629036867677769e+01,1.071787408886796200e+01
6.703629608459560529e+01,1.079766373337252894e+01
6.705630180051443290e+01,1.020309142919841427e+01
6.707630751643327471e+01,1.028322980707619472e+01
6.709631323235210232e+01,9.913845874096930189e+00
6.711631894827092992e+01,1.028470647444959418e+01
6.713632466418977174e+01,1.072496145995395622e+01
6.715633038010861355e+01,9.937591555905624929e+00
6.717633609602744116e+01,9.504659048973909563e+00
6.719634181194626876e+01,1.067128032448689368e+01
6.721634752786511058e+01,9.928627981309855244e+00
6.723635324378393818e+01,1.116990990905737036e+01
6.725635895970276579e+01,9.281038946680659762e+00
6.727636467562160760e+01,9.854316502938319289e+00
6.729637039154044942e+01,9.633836855956657175e+00
6.731637610745927702e+01,1.087661217833560734e+01
6.733638182337810463e+01,1.035555174262528588e+01
6.735638753929694644e+01,1.101561123397963193e+01
6.737639325521578826e+01,9.561721467592276369e+00
6.739639897113461586e+01,1.072649475423333421e+01
6.741640468705344347e+01,1.131253421249227564e+01
6.743641040297228528e+01,9.836747580810381919e+00
6.745641611889111289e+01,9.627698202737954958e+00
6.747642183480994049e+01,9.985355375442063419e+00
6.749642755072878231e+01,9.575769522405460421e+00
6.751643326664762412e+01,9.661903340627123526e+00
6.753643898256645173e+01,9.491817070905133491e+00
6.755644469848527933e+01,8.598149806596193656e+00
6.757645041440412115e+01,1.032050785260688208e+01
6.759645613032296296e+01,9.323569829752909044e+00
6.761646184624177636e+01,8.204102627225791977e+00
6.763646756216061817e+01,8.580519148271697816e+00
6.765647327807945999e+01,8.090392611740737649e+00
6.767647899399828759e+01,8.929548740017324349e+00
6.769648470991711520e+01,8.374499513396679973e+00
6.771649042583595701e+01,7.709067426029744041e+00
6.773649614175479883e+01,8.681567126581695604e+00
6.775650185767362643e+01,8.402334643457962216e+00
6.777650757359245404e+01,7.550423320633928626e+00
6.779651328951129585e+01,7.197895600499487401e+00
6.781651900543012346e+01,7.432066882767081495e+00
6.783652472134895106e+01,6.917459376927983072e+00
6.785653043726779288e+01,6.282106713511383056e+00
6.787653615318663469e+01,6.340136761977399615e+00
6.789654186910546230e+01,7.493469660828116830e+00
6.791654758502428990e+01,6.322279469395744478e+00
6.793655330094313172e+01,6.861867487309930347e+00
6.795655901686197353e+01,7.214837170238769026e+00
6.797656473278080114e+01,5.606531670211795770e+00
6.799657044869962874e+01,6.892803922800884386e+00
6.801657616461847056e+01,5.935263666832458540e+00
6.803658188053729816e+01,6.246413354769932091e+00
6.805658759645612577e+01,7.107730900851473521e+00
6.807659331237496758e+01,5.289279914502468927e+00
6.809659902829380940e+01,6.902138520315499903e+00
6.811660474421263700e+01,5.409089017359973717e+00
6.813661046013146461e+01,6.544449383485942739e+00
6.815661617605030642e+01,6.483829526317457237e+00
6.817662189196913403e+01,6.907800620251379087e+00
6.819662760788796163e+01,5.772593469211191319e+00
6.821663332380680345e+01,6.319087700909996386e+00
6.823663903972564526e+01,5.571209443041015952e+00
6.825664475564447287e+01,6.240963309854074659e+00
6.827665047156330047e+01,6.045370258253579543e+00
6.829665618748214229e+01,5.370051711670597250e+00
6.831666190340098410e+01,6.229934377572990734e+00
6.833666761931981171e+01,5.926958860336595691e+00
6.835667333523863931e+01,5.533616619389092328e+00
6.837667905115748113e+01,6.026367666940156020e+00
6.839668476707630873e+01,5.372852940849271342e+00
6.841669048299513634e+01,6.853579197182555482e+00
6.843669619891397815e+01,5.117456278030371841e+00
6.845670191483281997e+01,6.930900194973552253e+00
6.847670763075164757e+01,6.814412501667521660e+00
6.849671334667047518e+01,5.543177088979976297e+00
6.851671906258931699e+01,5.892757800763135378e+00
6.853672477850815881e+01,6.295549734292561261e+00
6.855673049442697220e+01,6.730278915381771476e+00
6.857673621034581402e+01,5.638737916737853517e+00
6.859674192626465583e+01,6.906085288718856852e+00
6.861674764218348344e+01,6.779327022486974386e+00
6.863675335810231104e+01,6.325554737061798605e+00
6.865675907402115286e+01,5.347860157976581874e+00
6.867676478993999467e+01,6.632473402803311657e+00
6.869677050585882228e+01,6.691183838015169805e+00
6.871677622177764988e+01,5.708388371922874960e+00
6.873678193769649170e+01,5.140466737078971171e+00
6.875678765361531930e+01,6.493305921837810857e+00
6.877679336953414690e+01,6.222289503487030693e+00
6.879679908545298872e+01,5.119031900426218584e+00
6.881680480137183054e+01,6.923814353965583202e+00
6.883681051729065814e+01,5.919051074346102226e+00
6.885681623320948574e+01,5.918850304811348551e+00
6.887682194912832756e+01,6.974923406818449578e+00
6.889682766504716938e+01,5.993339586252321993e+00
6.891683338096599698e+01,6.198060556014286071e+00
6.893683909688482458e+01,7.039277528891195068e+00
6.895684481280366640e+01,6.712083863972412523e+00
6.897685052872249400e+01,5.582392841177984621e+00
6.899685624464132161e+01,7.336164426331971633e+00
6.901686196056016342e+01,7.030703508489462017e+00
6.903686767647900524e+01,7.136932539570122636e+00
6.905687339239783284e+01,7.265346401780495178e+00
6.907687910831666045e+01,8.174800568160311087e+00
6.909688482423550226e+01,7.032358054651425050e+00
6.911689054015432987e+01,7.806767450537926756e+00
6.913689625607315747e+01,8.392937534256729393e+00
6.915690197199199929e+01,7.186350039211014895e+00
6.917690768791084110e+01,7.491978662200267536e+00
6.919691340382966871e+01,8.745666748584543626e+00
6.921691911974849631e+01,8.048129312714410233e+00
6.923692483566733813e+01,8.482508779839504243e+00
6.925693055158617994e+01,8.654739647370861988e+00
6.927693626750500755e+01,9.589087383204596193e+00
6.929694198342383515e+01,9.716085090953304970e+00
6.931694769934267697e+01,9.247451376290767300e+00
6.933695341526150457e+01,8.920034445064542794e+00
6.935695913118033218e+01,9.363341493631539336e+00
6.937696484709917399e+01,8.304672733431521792e+00
6.939697056301801581e+01,8.629330632122131917e+00
6.941697627893684341e+01,7.800151104229490429e+00
6.943698199485567102e+01,7.678355988566426760e+00
6.945698771077451283e+01,6.901853465993911030e+00
6.947699342669335465e+01,7.532782969224076197e+00
6.949699914261216804e+01,7.757332611711130532e+00
6.951700485853100986e+01,6.821059800792676597e+00
6.953701057444985167e+01,6.322750651538844302e+00
6.955701629036867928e+01,7.324922433976593261e+00
6.957702200628750688e+01,7.047866769764033812e+00
6.959702772220634870e+01,7.159048701351127697e+00
6.961703343812519051e+01,7.026328926289750143e+00
6.963703915404401812e+01,6.861818844687014085e+00
6.965704486996284572e+01,6.383548460972174432e+00
6.967705058588168754e+01,6.936244794439803130e+00
6.969705630180051514e+01,7.648245279938788777e+00
6.971706201771934275e+01,7.585058006005605868e+00
6.973706773363818456e+01,8.130773953527418385e+00
6.975707344955702638e+01,7.027335609299558250e+00
6.977707916547585398e+01,6.436265826886812036e+00
6.979708488139468159e+01,7.817812155773540717e+00
6.981709059731352340e+01,7.797882345809220794e+00
6.983709631323236522e+01,6.628925299825023210e+00
6.985710202915119282e+01,7.638386161039612432e+00
6.987710774507002043e+01,7.300554118978250351e+00
6.989711346098886224e+01,6.222936820375886136e+00
6.991711917690768985e+01,6.919005873357326308e+00
6.993712489282651745e+01,6.424002685161590342e+00
6.995713060874535927e+01,6.320217958723650220e+00
6.997713632466420108e+01,7.754196880362874467e+00
6.999714204058302869e+01,7.837902864654633817e+00
7.001714775650185629e+01,7.827094681320616587e+00
7.003715347242069811e+01,6.528095532836579729e+00
7.005715918833952571e+01,7.808370728311007092e+00
7.007716490425835332e+01,6.815491611081803569e+00
7.009717062017719513e+01,7.215458062232854353e+00
7.011717633609603695e+01,7.799694646959693500e+00
7.013718205201486455e+01,7.360361611808140303e+00
7.015718776793369216e+01,7.792677578919711578e+00
7.017719348385253397e+01,8.004447277255588133e+00
7.019719919977137579e+01,7.470322546053256296e+00
7.021720491569020339e+01,7.414119557371144253e+00
7.023721063160903100e+01,6.924655364201831809e+00
7.025721634752787281e+01,8.113469142843985793e+00
7.027722206344670042e+01,7.564618450854467824e+00
7.029722777936552802e+01,7.367416383779543665e+00
7.031723349528436984e+01,8.003313939483128081e+00
7.033723921120321165e+01,6.359102444085481309e+00
7.035724492712203926e+01,7.318457085228339487e+00
7.037725064304086686e+01,7.365444866791414746e+00
7.039725635895970868e+01,6.976546621430777861e+00
7.041726207487855049e+01,6.216450463313529795e+00
7.043726779079736389e+01,6.665754027148930838e+00
7.045727350671620570e+01,6.412502334290225647e+00
7.047727922263504752e+01,5.756667103899908433e+00
7.049728493855387512e+01,6.425766756310931527e+00
7.051729065447270273e+01,5.693277051557662283e+00
7.053729637039154454e+01,7.312673149107205006e+00
7.055730208631038636e+01,7.128324090160889526e+00
7.057730780222921396e+01,5.608308729422240013e+00
7.059731351814804157e+01,6.648463074668353734e+00
7.061731923406688338e+01,6.527261204027869468e+00
7.063732494998571099e+01,6.419385595647148612e+00
7.065733066590453859e+01,5.888390579184141771e+00
7.067733638182338041e+01,6.485802106666172406e+00
7.069734209774222222e+01,5.669073733991105257e+00
7.071734781366104983e+01,6.733582654622895625e+00
7.073735352957987743e+01,6.664803267640173168e+00
7.075735924549871925e+01,5.874484999882230163e+00
7.077736496141756106e+01,6.315485215792274509e+00
7.079737067733638867e+01,6.139221285124349947e+00
7.081737639325521627e+01,7.261317362878588533e+00
7.083738210917405809e+01,6.597402758328274608e+00
7.085738782509288569e+01,6.455776841036204416e+00
7.087739354101171330e+01,6.974995780840377080e+00
7.089739925693055511e+01,6.006939334762626537e+00
7.091740497284939693e+01,7.306456129719428816e+00
7.093741068876822453e+01,6.773386335901855126e+00
7.095741640468705214e+01,6.619940765973925778e+00
7.097742212060589395e+01,7.123434310324925356e+00
7.099742783652472156e+01,6.420257081302752411e+00
7.101743355244354916e+01,5.642592319633360276e+00
7.103743926836239098e+01,6.023454940128057267e+00
7.105744498428123279e+01,5.714869426111245154e+00
7.107745070020006040e+01,6.839528407041288283e+00
7.109745641611888800e+01,6.817301578278086360e+00
7.111746213203772982e+01,5.465338508616857105e+00
7.113746784795657163e+01,6.028412297247887963e+00
7.115747356387539924e+01,6.826068953269714967e+00
7.117747927979422684e+01,6.165568314171655295e+00
7.119748499571306866e+01,5.137189189192981509e+00
7.121749071163189626e+01,7.056115030482700945e+00
7.123749642755072387e+01,6.131668350099199749e+00
7.125750214346956568e+01,5.401332809058526863e+00
7.127750785938840750e+01,6.820272817023468548e+00
7.129751357530723510e+01,6.568266229125018008e+00
7.131751929122606271e+01,7.088575248499954462e+00
7.133752500714490452e+01,6.541703683112564782e+00
7.135753072306374634e+01,5.542181813949836666e+00
7.137753643898255973e+01,6.500477222807908184e+00
7.139754215490140155e+01,5.911553633399782015e+00
7.141754787082024336e+01,6.021523900423320974e+00
7.143755358673907097e+01,6.746452098867147029e+00
7.145755930265789857e+01,7.348602668017599981e+00
7.147756501857674039e+01,7.676300443244900684e+00
7.149757073449558220e+01,7.594133267655436725e+00
7.151757645041440981e+01,8.124172929010006428e+00
7.153758216633323741e+01,7.553345615961754689e+00
7.155758788225207923e+01,7.300504279928665241e+00
7.157759359817090683e+01,7.342963977627780636e+00
7.159759931408973443e+01,7.631535856880161006e+00
7.161760503000857625e+01,8.728223259704343207e+00
7.163761074592741807e+01,8.633074035610015073e+00
7.165761646184624567e+01,8.036272535658440574e+00
7.167762217776507327e+01,9.116449134552743416e+00
7.169762789368391509e+01,8.466829665933685689e+00
7.171763360960275691e+01,8.484772140477501168e+00
7.173763932552158451e+01,8.855238933933724965e+00
7.175764504144041211e+01,8.983881988419526010e+00
7.177765075735925393e+01,9.387290793034505754e+00
7.179765647327808153e+01,9.991016151403387724e+00
7.181766218919690914e+01,9.039178665214215869e+00
7.183766790511575095e+01,8.085787461099661400e+00
7.185767362103459277e+01,8.751312849521269754e+00
7.187767933695342037e+01,8.457908360316348961e+00
7.189768505287224798e+01,9.170563668924156531e+00
7.191769076879108979e+01,7.157555158081705393e+00
7.193769648470991740e+01,8.227121049625457871e+00
7.195770220062874500e+01,7.491936976835645190e+00
7.197770791654758682e+01,6.542592885712071649e+00
7.199771363246642863e+01,7.983462182790486139e+00
7.201771934838525624e+01,7.787432545802025707e+00
7.203772506430408384e+01,7.089313618801435624e+00
7.205773078022292566e+01,6.127852644757937561e+00
7.207773649614176747e+01,5.671636060876432239e+00
7.209774221206059508e+01,6.708589785171186648e+00
7.211774792797942268e+01,6.880950421630858571e+00
7.213775364389826450e+01,5.483135932413299329e+00
7.215775935981709210e+01,6.756172330883170929e+00
7.217776507573591971e+01,6.138980429382958626e+00
7.219777079165476152e+01,5.967196961909429831e+00
7.221777650757360334e+01,5.644570729033548950e+00
7.223778222349243094e+01,6.427871324334139658e+00
7.225778793941125855e+01,6.333634542204448437e+00
7.227779365533010036e+01,7.281037759536485687e+00
7.229779937124894218e+01,5.879886425521344329e+00
7.231780508716775557e+01,6.525358592045824579e+00
7.233781080308659739e+01,6.352435957516704867e+00
7.235781651900543920e+01,6.404179391660401066e+00
7.237782223492426681e+01,6.283822626765927843e+00
7.239782795084309441e+01,5.884229528105600515e+00
7.241783366676193623e+01,5.795482858529421577e+00
7.243783938268077804e+01,6.218777770568465257e+00
7.245784509859960565e+01,7.396742911957814748e+00
7.247785081451843325e+01,5.785451143378264938e+00
7.249785653043727507e+01,6.241920281143177540e+00
7.251786224635610267e+01,6.563344090499754202e+00
7.253786796227493028e+01,5.821426981734384221e+00
7.255787367819377209e+01,6.954742674679054382e+00
7.257787939411261391e+01,5.888580691567645964e+00
7.259788511003144151e+01,7.092884060509694777e+00
7.261789082595026912e+01,7.023062922971798017e+00
7.263789654186911093e+01,6.210809132255908693e+00
7.265790225778795275e+01,6.590756868492424481e+00
7.267790797370678035e+01,6.267014717841172811e+00
7.269791368962560796e+01,7.130020773945280332e+00
7.271791940554444977e+01,7.045636130872934721e+00
7.273792512146327738e+01,7.495859656928784531e+00
7.275793083738210498e+01,8.174892429540493666e+00
7.277793655330094680e+01,8.559526608666683245e+00
7.279794226921978861e+01,8.324635923539918991e+00
7.281794798513861622e+01,7.401690375229079244e+00
7.283795370105744382e+01,7.705603799569498591e+00
7.285795941697628564e+01,8.529238187300590468e+00
7.287796513289511324e+01,7.199608038316451797e+00
7.289797084881394085e+01,7.094579767939237058e+00
7.291797656473278266e+01,6.929721831505450957e+00
7.293798228065162448e+01,7.624777134519454158e+00
7.295798799657045208e+01,6.331896966449982678e+00
7.297799371248927969e+01,6.636152890468046905e+00
7.299799942840812150e+01,6.838911411030029086e+00
7.301800514432696332e+01,5.947951700742827974e+00
7.303801086024579092e+01,7.321288930981920906e+00
7.305801657616461853e+01,6.269506587092728012e+00
7.307802229208346034e+01,6.485624332749319265e+00
7.309802800800228795e+01,6.678466889244194959e+00
7.311803372392111555e+01,6.991819766569494554e+00
7.313803943983995737e+01,6.336514513145171890e+00
7.315804515575879918e+01,6.701054889929002556e+00
7.317805087167762679e+01,6.272894284166820711e+00
7.319805658759645439e+01,6.688072130566323992e+00
7.321806230351529621e+01,5.258131516134519678e+00
7.323806801943413802e+01,6.071375505747261592e+00
7.325807373535295142e+01,6.234874908549831396e+00
7.327807945127179323e+01,5.192650463254846471e+00
7.329808516719063505e+01,6.711016611863628079e+00
7.331809088310946265e+01,6.312683034030337481e+00
7.333809659902829026e+01,6.531998220475712991e+00
7.335810231494713207e+01,5.399570503466863514e+00
7.337810803086597389e+01,6.542623277873482301e+00
7.339811374678480149e+01,5.958492459534436847e+00
7.341811946270362910e+01,6.398147445469324346e+00
7.343812517862247091e+01,6.054641146624679671e+00
7.345813089454129852e+01,6.589756091701862495e+00
7.347813661046012612e+01,5.564440379154550698e+00
7.349814232637896794e+01,5.396692689673021626e+00
7.351814804229780975e+01,6.706040453246680855e+00
7.353815375821663736e+01,5.228772880651225030e+00
7.355815947413546496e+01,6.053958715994055773e+00
7.357816519005430678e+01,5.583017859433159202e+00
7.359817090597314859e+01,5.734570688615859169e+00
7.361817662189197620e+01,6.273593771794256924e+00
7.363818233781080380e+01,5.649653277479629310e+00
7.365818805372964562e+01,5.886772269197850349e+00
7.367819376964847322e+01,6.442969403994475819e+00
7.369819948556730083e+01,6.629737916110466145e+00
7.371820520148614264e+01,5.699340859880535071e+00
7.373821091740498446e+01,7.431909307292469791e+00
7.375821663332381206e+01,6.866588261632938561e+00
7.377822234924263967e+01,5.929640612124466692e+00
7.379822806516148148e+01,5.925790791554188530e+00
7.381823378108030909e+01,6.805981617249944549e+00
7.383823949699913669e+01,6.563327523525044782e+00
7.385824521291797851e+01,7.362290056850808284e+00
7.387825092883682032e+01,7.501784620123020275e+00
7.389825664475564793e+01,7.526400848544013478e+00
7.391826236067447553e+01,8.300073267823643519e+00
7.393826807659331735e+01,7.973685515366734755e+00
7.395827379251215916e+01,7.651292478730590041e+00
7.397827950843098677e+01,8.414084759972567440e+00
7.399828522434981437e+01,7.075634326334686364e+00
7.401829094026865619e+01,8.445766535353000037e+00
7.403829665618748379e+01,7.284580780864055249e+00
7.405830237210632561e+01,8.671714197210818043e+00
7.407830808802515321e+01,8.495303626123066110e+00
7.409831380394398082e+01,6.966608249214541360e+00
7.411831951986282263e+01,7.977354994231368401e+00
7.413832523578165024e+01,7.327109255729001625e+00
7.415833095170049205e+01,7.791103049385936785e+00
7.417833666761931966e+01,7.794113840729494314e+00
7.419834238353816147e+01,7.029219561831175689e+00
7.421834809945698908e+01,6.808091059600235972e+00
7.423835381537583089e+01,6.818027500383174733e+00
7.425835953129465850e+01,6.732006165081401150e+00
7.427836524721348610e+01,6.550750225404432747e+00
7.429837096313232792e+01,6.973406727901346081e+00
7.431837667905115552e+01,6.684854241778661610e+00
7.433838239496999734e+01,6.665795792397493535e+00
7.435838811088882494e+01,7.608464216888801701e+00
7.437839382680766676e+01,7.859331867370858760e+00
7.439839954272649436e+01,7.152158472354138929e+00
7.441840525864533618e+01,7.330316164606558438e+00
7.443841097456416378e+01,6.641689170972864709e+00
7.445841669048300560e+01,7.275900498104697078e+00
7.447842240640183320e+01,7.027195901401498190e+00
7.449842812232066080e+01,7.591090427955653475e+00
7.451843383823950262e+01,7.430636684420412585e+00
7.453843955415833022e+01,7.431762060008761495e+00
7.455844527007717204e+01,7.689626512223902033e+00
7.457845098599599964e+01,7.107491472906183105e+00
7.459845670191484146e+01,7.959811880480603286e+00
7.461846241783366906e+01,8.665347254375529218e+00
7.463846813375251088e+01,8.932873315535736936e+00
7.465847384967133848e+01,9.205893369693329831e+00
7.467847956559016609e+01,7.892595788482089425e+00
7.469848528150900790e+01,9.160201954595228457e+00
7.471849099742783551e+01,1.042323706761572666e+01
7.473849671334667732e+01,1.031054393506821398e+01
7.475850242926550493e+01,9.359584907764340045e+00
7.477850814518434674e+01,1.100192895426452822e+01
7.479851386110317435e+01,1.042337971625573445e+01
7.481851957702201616e+01,1.044708307104552425e+01
7.483852529294084377e+01,1.097492394430854290e+01
7.485853100885967137e+01,1.157198929193703485e+01
7.487853672477851319e+01,1.181410188995251431e+01
7.489854244069734079e+01,1.198926841737278615e+01
7.491854815661618261e+01,1.184264733295681715e+01
7.493855387253501021e+01,1.186134516673643624e+01
7.495855958845385203e+01,1.060554275140967029e+01
7.497856530437267963e+01,1.168212879041036700e+01
7.499857102029152145e+01,1.068302389103410910e+01
7.501857673621034905e+01,1.184494302718932168e+01
7.503858245212917666e+01,1.088621328286708234e+01
7.505858816804801847e+01,1.170975927946838269e+01
7.507859388396684608e+01,1.031759356912648151e+01
7.509859959988568789e+01,1.077436983160990458e+01
7.511860531580451550e+01,1.159969257421494149e+01
7.513861103172335731e+01,1.153558441751921393e+01
7.515861674764218492e+01,1.050287492106052412e+01
7.517862246356102673e+01,9.422241811763312214e+00
7.519862817947985434e+01,9.656459276248614998e+00
7.521863389539868194e+01,1.010402346124130446e+01
7.523863961131752376e+01,9.742030496379614490e+00
7.525864532723635136e+01,1.047572619096667523e+01
7.527865104315519318e+01,9.291642260185247082e+00
7.529865675907402078e+01,9.267785660992482022e+00
7.531866247499286260e+01,8.121906039903979746e+00
7.533866819091169020e+01,8.989429040552293415e+00
7.535867390683053202e+01,8.242734293253395350e+00
7.537867962274935962e+01,9.709874294729036848e+00
7.539868533866820144e+01,8.731576736685900286e+00
7.541869105458702904e+01,9.588150077306844210e+00
7.543869677050585665e+01,9.099745178198812567e+00
7.545870248642469846e+01,8.677802349395701498e+00
7.547870820234352607e+01,8.832938126066363083e+00
7.549871391826236788e+01,8.809200411164685107e+00
7.551871963418119549e+01,9.651965298481263389e+00
7.553872535010003730e+01,9.970628511890636148e+00
7.555873106601886491e+01,9.971887455418892543e+00
7.557873678193770672e+01,8.513984751521835648e+00
7.559874249785653433e+01,9.487020685060874925e+00
7.561874821377536193e+01,9.973470718944364322e+00
7.563875392969420375e+01,1.004273151004299969e+01
7.565875964561303135e+01,9.501171871587335005e+00
7.567876536153187317e+01,9.185144205966263797e+00
7.569877107745070077e+01,8.424565133302113651e+00
7.571877679336954259e+01,9.565948271258639224e+00
7.573878250928837019e+01,9.456767320491593409e+00
7.575878822520721201e+01,9.069944949928645528e+00
7.577879394112603961e+01,8.490084621837899803e+00
7.579879965704486722e+01,8.294946636032934251e+00
7.581880537296370903e+01,9.385150350117458018e+00
7.583881108888253664e+01,8.889974959004824484e+00
7.585881680480137845e+01,7.640014861447273375e+00
7.587882252072020606e+01,7.954172673249598091e+00
7.589882823663904787e+01,7.763926470370467570e+00
7.591883395255787548e+01,7.345576875355940949e+00
7.593883966847671729e+01,7.455598696763703792e+00
7.595884538439554490e+01,7.212919191805371888e+00
7.597885110031437250e+01,7.981895751450471366e+00
7.599885681623321432e+01,6.881828682629098637e+00
7.601886253215204192e+01,7.368667357230672899e+00
7.603886824807088374e+01,6.873685661160944704e+00
7.605887396398971134e+01,7.875530814918441536e+00
7.607887967990855316e+01,8.040927560389816264e+00
7.609888539582738076e+01,6.896594567175457158e+00
7.611889111174622258e+01,6.244398712339684465e+00
7.613889682766505018e+01,6.359684575439428222e+00
7.615890254358387779e+01,7.843590235179493497e+00
7.617890825950271960e+01,6.758069761776205553e+00
7.619891397542154721e+01,6.747592441420461107e+00
7.621891969134038902e+01,7.150271782429759249e+00
7.623892540725921663e+01,6.624121465433195688e+00
7.625893112317805844e+01,6.874556804807043342e+00
7.627893683909688605e+01,5.941464197033269556e+00
7.629894255501572786e+01,7.202300622883302417e+00
7.631894827093455547e+01,6.915475480173556733e+00
7.633895398685339728e+01,6.442255783364944755e+00
7.635895970277222489e+01,6.794188218521433953e+00
7.637896541869105249e+01,6.749321807888795988e+00
7.639897113460989431e+01,6.071735074423722622e+00
7.641897685052872191e+01,6.079587297074519725e+00
7.643898256644756373e+01,6.886063362904293328e+00
7.645898828236639133e+01,5.649483425488945443e+00
7.647899399828523315e+01,7.180563683555531540e+00
7.649899971420406075e+01,7.342276386525861120e+00
7.651900543012290257e+01,7.298381269873388533e+00
7.653901114604173017e+01,6.848617632077107942e+00
7.655901686196055778e+01,6.070094783074459599e+00
7.657902257787939959e+01,6.833026895073036400e+00
7.659902829379822720e+01,7.070745943235817954e+00
7.661903400971706901e+01,6.845354403414699362e+00
7.663903972563589662e+01,7.010012796915570554e+00
7.665904544155473843e+01,6.788337828205083468e+00
7.667905115747356604e+01,7.420212878628865028e+00
7.669905687339240785e+01,7.579954912306554604e+00
7.671906258931123546e+01,6.368869078538417661e+00
7.673906830523006306e+01,6.955873421907551091e+00
7.675907402114890488e+01,6.572859724694392725e+00
7.677907973706773248e+01,6.517066401939096032e+00
7.679908545298657430e+01,7.544837240933945921e+00
7.681909116890540190e+01,7.738985218754673490e+00
7.683909688482424372e+01,7.938205278617427751e+00
7.685910260074307132e+01,8.172826956285877742e+00
7.687910831666191314e+01,7.016056145249202736e+00
7.689911403258074074e+01,7.368706382095210117e+00
7.691911974849956835e+01,7.332629749291748489e+00
7.693912546441841016e+01,7.254945546430635162e+00
7.695913118033723777e+01,7.733290303879940097e+00
7.697913689625607958e+01,7.501916311221530798e+00
7.699914261217490719e+01,7.104097377312431405e+00
7.701914832809374900e+01,7.780219907392891265e+00
7.703915404401257661e+01,6.987082753896375564e+00
7.705915975993141842e+01,8.366721773670313667e+00
7.707916547585024603e+01,7.356302467457357608e+00
7.709917119176907363e+01,8.268497888769989146e+00
7.711917690768791545e+01,7.399660080597900702e+00
7.713918262360674305e+01,8.609864205279659899e+00
7.715918833952558487e+01,7.834361152009693186e+00
7.717919405544441247e+01,7.296452554809940594e+00
7.719919977136325429e+01,7.963975810919254883e+00
7.721920548728208189e+01,7.182100219792120654e+00
7.723921120320092371e+01,8.061076125856752483e+00
7.725921691911975131e+01,7.672700920093590504e+00
7.727922263503859313e+01,6.863501162945519596e+00
7.729922835095742073e+01,6.566763611821426316e+00
7.731923406687624833e+01,6.538670164278911123e+00
7.733923978279509015e+01,6.576687024587106301e+00
7.735924549871391775e+01,7.022267015588215422e+00
7.737925121463275957e+01,7.731812750871843498e+00
7.739925693055158717e+01,8.148492650264564929e+00
7.741926264647042899e+01,7.283270793656114073e+00
7.743926836238925659e+01,7.921155092664457165e+00
7.745927407830809841e+01,7.605598539083985088e+00
7.747927979422692601e+01,7.707646676024521248e+00
7.749928551014575362e+01,8.918800070439088401e+00
7.751929122606459543e+01,8.836670998246344055e+00
7.753929694198342304e+01,7.599126143579431947e+00
7.755930265790226485e+01,8.779872413038575019e+00
7.757930837382109246e+01,8.008316451191943131e+00
7.759931408973993427e+01,8.238390460892107470e+00
7.761931980565876188e+01,8.438712355857962422e+00
7.763932552157760369e+01,9.404776610737879849e+00
7.765933123749643130e+01,7.792452730515631920e+00
7.767933695341525890e+01,8.554435535022903991e+00
7.769934266933410072e+01,7.935587664570424415e+00
7.771934838525292832e+01,8.289761681648444736e+00
7.773935410117177014e+01,7.738432413618087757e+00
7.775935981709059774e+01,8.873773007697437265e+00
7.777936553300943956e+01,7.178279107600747722e+00
7.779937124892826716e+01,8.952477786139347415e+00
7.781937696484710898e+01,8.586406467656377828e+00
7.783938268076593658e+01,8.371069212311377683e+00
7.785938839668476419e+01,8.048035075841250219e+00
7.787939411260360600e+01,7.679500209819840606e+00
7.789939982852243361e+01,8.838600166137981162e+00
7.791940554444127542e+01,8.084803740284471019e+00
7.793941126036010303e+01,8.895685400014576416e+00
7.795941697627894484e+01,7.833223133409604522e+00
7.797942269219777245e+01,7.725136519227088883e+00
7.799942840811661426e+01,7.376889900626443897e+00
7.801943412403544187e+01,7.963886616241675043e+00
7.803943983995426947e+01,8.859342290820384491e+00
7.805944555587311129e+01,7.770799196717383950e+00
7.807945127179193889e+01,8.724675403200874868e+00
7.809945698771078071e+01,9.041431380823880204e+00
7.811946270362960831e+01,8.511806813199866539e+00
7.813946841954845013e+01,8.380038311663037476e+00
7.815947413546727773e+01,8.358672599109612023e+00
7.817947985138611955e+01,8.833261214281170837e+00
7.819948556730494715e+01,8.514912941310555539e+00
7.821949128322378897e+01,7.977682043450919025e+00
7.823949699914261657e+01,8.982504865323830856e+00
7.825950271506144418e+01,8.416914747159976784e+00
7.827950843098028599e+01,9.534367480106260118e+00
7.829951414689911360e+01,9.654549426866505968e+00
7.831951986281795541e+01,1.086783470967510112e+01
7.833952557873678302e+01,1.054392103215571552e+01
7.835953129465562483e+01,1.127830707914724861e+01
7.837953701057445244e+01,1.092402127179104099e+01
7.839954272649329425e+01,1.091391318042808045e+01
7.841954844241212186e+01,1.028245596553247232e+01
7.843955415833094946e+01,1.035704987397985555e+01
7.845955987424979128e+01,1.120694742883201300e+01
7.847956559016861888e+01,9.597121856477590640e+00
7.849957130608746070e+01,1.037470493199338151e+01
7.851957702200628830e+01,1.026362812404099145e+01
7.853958273792513012e+01,9.196088246971495295e+00
7.855958845384395772e+01,8.176825171475973875e+00
7.857959416976279954e+01,9.074329743549636618e+00
7.859959988568162714e+01,7.417031267646488679e+00
7.861960560160045475e+01,8.474076840060513760e+00
7.863961131751929656e+01,8.303826472431355299e+00
7.865961703343812417e+01,6.787897225165049342e+00
7.867962274935696598e+01,8.168459171928402540e+00
7.869962846527579359e+01,6.442378472342344509e+00
7.871963418119463540e+01,6.352856323405568162e+00
7.873963989711346301e+01,5.902303686200307986e+00
7.875964561303230482e+01,6.213229936880488857e+00
7.877965132895113243e+01,6.299474221416094366e+00
7.879965704486996003e+01,7.333428266189332412e+00
7.881966276078880185e+01,6.962996334460594738e+00
7.883966847670762945e+01,6.675156853229521126e+00
7.885967419262647127e+01,6.450805621391729083e+00
7.887967990854529887e+01,5.675993076341032229e+00
7.889968562446414069e+01,5.706999209130414030e+00
7.891969134038296829e+01,6.850147424534309692e+00
7.893969705630181011e+01,5.659433913785973935e+00
7.895970277222063771e+01,6.128929230426114039e+00
7.897970848813946532e+01,6.924921881132060086e+00
7.899971420405830713e+01,5.475908058846802540e+00
7.901971991997713474e+01,5.519940526815701354e+00
7.903972563589597655e+01,6.039885228442923193e+00
7.905973135181480416e+01,6.912952115363642847e+00
7.907973706773364597e+01,5.684846094928373006e+00
7.909974278365247358e+01,5.849382595249896788e+00
7.911974849957131539e+01,6.660518143505648858e+00
7.913975421549014300e+01,5.936301676344394984e+00
7.915975993140898481e+01,5.676577206555371902e+00
7.917976564732781242e+01,6.827734036478109836e+00
7.919977136324664002e+01,6.170019445351876186e+00
7.921977707916548184e+01,6.986108854103759036e+00
7.923978279508430944e+01,6.886989885825967939e+00
7.925978851100315126e+01,6.526289731755601231e+00
7.927979422692197886e+01,7.188557687789295159e+00
7.929979994284082068e+01,6.324700014258395342e+00
7.931980565875964828e+01,6.040675773999328868e+00
7.933981137467849010e+01,6.382397614705650035e+00
7.935981709059731770e+01,7.245525927798245114e+00
7.937982280651614531e+01,5.508510435228600066e+00
7.939982852243498712e+01,6.458522332106452879e+00
7.941983423835381473e+01,6.048296434489279783e+00
7.943983995427265654e+01,7.283425611886065631e+00
7.945984567019148415e+01,5.854749431048198005e+00
7.947985138611032596e+01,6.695856196341839706e+00
7.949985710202915357e+01,6.638989427524149001e+00
7.951986281794799538e+01,6.646689497947470215e+00
7.953986853386682299e+01,6.827121749148524543e+00
7.955987424978565059e+01,7.371522307154022791e+00
7.957987996570449241e+01,6.556666158250424203e+00
7.959988568162332001e+01,5.909329135357442198e+00
7.961989139754216183e+01,7.839143423101790020e+00
7.963989711346098943e+01,7.831569546698735174e+00
7.965990282937983125e+01,7.125518239028893142e+00
7.967990854529865885e+01,7.635836495435074589e+00
7.969991426121750067e+01,7.081427697670578780e+00
7.971991997713632827e+01,7.490982284578503680e+00
7.973992569305515588e+01,7.813440997441204239e+00
7.975993140897399769e+01,6.970589693308363977e+00
7.977993712489282530e+01,7.447027156447680873e+00
7.979994284081166711e+01,6.780542796231265434e+00
7.981994855673049472e+01,7.265658483879602336e+00
7.983995427264933653e+01,5.930990720883603018e+00
7.985995998856816414e+01,5.905964033917446621e+00
7.987996570448700595e+01,6.543697719036519089e+00
7.989997142040583356e+01,7.273768353830242006e+00
7.991997713632466116e+01,7.506805778958787201e+00
7.993998285224350298e+01,6.150081117234531547e+00
7.995998856816233058e+01,6.529184559857204917e+00
7.997999428408117240e+01,6.590779393212254256e+00
8.000000000000000000e+01,6.995200407480949067e+00
