angle,intensity
1.000000000000000000e+01,2.952865575263469378e+00
1.002000571591883471e+01,3.175937388451484988e+00
1.004001143183766764e+01,3.354659909645110627e+00
1.006001714775650235e+01,3.650493408463286293e+00
1.008002286367533529e+01,3.151771161164131030e+00
1.010002857959417000e+01,3.465478475131879676e+00
1.012003429551300293e+01,3.173567833407388239e+00
1.014004001143183764e+01,3.617745486082829309e+00
1.016004572735067235e+01,3.921995869571084370e+00
1.018005144326950528e+01,4.198735170395790917e+00
1.020005715918833999e+01,2.927208544281801217e+00
1.022006287510717293e+01,3.337185915101001488e+00
1.024006859102600764e+01,3.782192933187525252e+00
1.026007430694484057e+01,3.030997141111749116e+00
1.028008002286367528e+01,3.069274071897342804e+00
1.030008573878250999e+01,4.043854919563091066e+00
1.032009145470134293e+01,2.642405784009073333e+00
1.034009717062017764e+01,3.944252606044347687e+00
1.036010288653901057e+01,4.041922959771416579e+00
1.038010860245784528e+01,3.038566327533249734e+00
1.040011431837667999e+01,3.291961656673699999e+00
1.042012003429551292e+01,3.240937122112768520e+00
1.044012575021434763e+01,2.551090370557732356e+00
1.046013146613318057e+01,3.851703702257469164e+00
1.048013718205201528e+01,3.090576153838028972e+00
1.050014289797084821e+01,3.288639593743438727e+00
1.052014861388968292e+01,2.869063693254580993e+00
1.054015432980851585e+01,3.882969252475915845e+00
1.056016004572735056e+01,2.970940948342257748e+00
1.058016576164618527e+01,3.963270472685535228e+00
1.060017147756501821e+01,3.609649778428307698e+00
1.062017719348385292e+01,3.171345429862058918e+00
1.064018290940268585e+01,3.383106157758309696e+00
1.066018862532152056e+01,4.019252228512783631e+00
1.068019434124035527e+01,3.325051551179914799e+00
1.070020005715918820e+01,3.342509496144755676e+00
1.072020577307802292e+01,3.237642101051465993e+00
1.074021148899685585e+01,3.851463300652530730e+00
1.076021720491569056e+01,4.068839341217088013e+00
1.078022292083452349e+01,2.993562935696945537e+00
1.080022863675335820e+01,3.370142409364635494e+00
1.082023435267219291e+01,3.722470476708159115e+00
1.084024006859102585e+01,3.142089833228667306e+00
1.086024578450986056e+01,4.095395444750553615e+00
1.088025150042869349e+01,3.957432256587086972e+00
1.090025721634752820e+01,3.630496692269318260e+00
1.092026293226636113e+01,4.009504158274987518e+00
1.094026864818519584e+01,3.586290656841786717e+00
1.096027436410403055e+01,3.850585227456274406e+00
1.098028008002286349e+01,3.783931768771279014e+00
1.100028579594169820e+01,3.546616766443037694e+00
1.102029151186053113e+01,4.194146322151287798e+00
1.104029722777936584e+01,3.253173932572547056e+00
1.106030294369819877e+01,3.429237234732541939e+00
1.108030865961703348e+01,3.651017670630500422e+00
1.110031437553586819e+01,3.596028595480424972e+00
1.112032009145470113e+01,3.476525441775041081e+00
1.114032580737353584e+01,3.381103647976762883e+00
1.116033152329236877e+01,3.850666097163790713e+00
1.118033723921120348e+01,3.425602078917226567e+00
1.120034295513003642e+01,3.490490247061237117e+00
1.122034867104887113e+01,3.589698877081227035e+00
1.124035438696770584e+01,4.165963171404186483e+00
1.126036010288653877e+01,4.156887457483011694e+00
1.128036581880537348e+01,3.826747463021002549e+00
1.130037153472420641e+01,3.653461642287040512e+00
1.132037725064304112e+01,3.696777283709597128e+00
1.134038296656187583e+01,3.174198341831254933e+00
1.136038868248070877e+01,3.645556381372951904e+00
1.138039439839954348e+01,3.832092303499435637e+00
1.140040011431837641e+01,3.683952011315694275e+00
1.142040583023721112e+01,4.048116661420513296e+00
1.144041154615604405e+01,3.222477502675012762e+00
1.146041726207487876e+01,3.073417089882558351e+00
1.148042297799371170e+01,3.606296503260547848e+00
1.150042869391254641e+01,3.928549197988032926e+00
1.152043440983138112e+01,3.687968050642586260e+00
1.154044012575021405e+01,3.971304625339769245e+00
1.156044584166904876e+01,3.690506375720258525e+00
1.158045155758788169e+01,3.545479212149510673e+00
1.160045727350671640e+01,3.885164558147582881e+00
1.162046298942555111e+01,4.370946710946476799e+00
1.164046870534438405e+01,4.084054221962336584e+00
1.166047442126321876e+01,3.851753766474087737e+00
1.168048013718205169e+01,4.161749858327834062e+00
1.170048585310088640e+01,4.405601708807896699e+00
1.172049156901971934e+01,4.959031890362494366e+00
1.174049728493855405e+01,4.278278863856482594e+00
1.176050300085738698e+01,4.419592905052054377e+00
1.178050871677622169e+01,4.861071874017330430e+00
1.180051443269505640e+01,4.299704727285427630e+00
1.182052014861388933e+01,4.584349527014056846e+00
1.184052586453272404e+01,4.780606960133569672e+00
1.186053158045155698e+01,4.670730729205821774e+00
1.188053729637039169e+01,4.648716074041998603e+00
1.190054301228922640e+01,4.108040058600452404e+00
1.192054872820805933e+01,3.977160322086386479e+00
1.194055444412689404e+01,3.963571691893958970e+00
1.196056016004572697e+01,4.876543703593745782e+00
1.198056587596456168e+01,4.755213518128377892e+00
1.200057159188339639e+01,4.696342357743631624e+00
1.202057730780222933e+01,4.701222108222283147e+00
1.204058302372106226e+01,4.209282167404797548e+00
1.206058873963989697e+01,5.453176839743261617e+00
1.208059445555873168e+01,4.489489548541679476e+00
1.210060017147756461e+01,5.156089150482684680e+00
1.212060588739639932e+01,5.057752595699286147e+00
1.214061160331523226e+01,4.934723365967406572e+00
1.216061731923406697e+01,5.021538698701684567e+00
1.218062303515290168e+01,4.843157136793253770e+00
1.220062875107173461e+01,5.287298243103242257e+00
1.222063446699056932e+01,5.531367033143978595e+00
1.224064018290940226e+01,4.540501282764863866e+00
1.226064589882823697e+01,4.500747767661334997e+00
1.228065161474707168e+01,5.280326218097457058e+00
1.230065733066590461e+01,5.788003711395965922e+00
1.232066304658473754e+01,5.129733666124247193e+00
1.234066876250357225e+01,5.673838149322547153e+00
1.236067447842240696e+01,5.858328168092279853e+00
1.238068019434123990e+01,5.970037968927219829e+00
1.240068591026007461e+01,5.972292464797844147e+00
1.242069162617890754e+01,6.007518364345536988e+00
1.244069734209774225e+01,6.134772814658158602e+00
1.246070305801657696e+01,6.231332818521554628e+00
1.248070877393540989e+01,5.952709276519550841e+00
1.250071448985424460e+01,6.542798886292700900e+00
1.252072020577307754e+01,6.511051498117453207e+00
1.254072592169191225e+01,6.441057473499870234e+00
1.256073163761074696e+01,6.333781286881836614e+00
1.258073735352957989e+01,5.995917718757969084e+00
1.260074306944841460e+01,6.113030665702694044e+00
1.262074878536724754e+01,6.817214378548877463e+00
1.264075450128608225e+01,6.781064501107165299e+00
1.266076021720491518e+01,6.572724309783857244e+00
1.268076593312374989e+01,6.980294018207742646e+00
1.270077164904258282e+01,7.465958842606275070e+00
1.272077736496141753e+01,6.588359436618896225e+00
1.274078308088025224e+01,6.807634971502528387e+00
1.276078879679908518e+01,7.101078865160689979e+00
1.278079451271791989e+01,7.053826106467437462e+00
1.280080022863675282e+01,6.877397575887401082e+00
1.282080594455558753e+01,7.786279946072768965e+00
1.284081166047442224e+01,7.821954264223784925e+00
1.286081737639325517e+01,7.476493141534427345e+00
1.288082309231208988e+01,7.466298084267051216e+00
1.290082880823092282e+01,7.835606987242263344e+00
1.292083452414975753e+01,8.178415086387044397e+00
1.294084024006859224e+01,8.120004690969320649e+00
1.296084595598742517e+01,8.138471613570469998e+00
1.298085167190625810e+01,8.975614445225515325e+00
1.300085738782509281e+01,8.777949562435438224e+00
1.302086310374392752e+01,8.756411825087983658e+00
1.304086881966276046e+01,7.964949640490550209e+00
1.306087453558159517e+01,8.952454738221140573e+00
1.308088025150042810e+01,9.060657244448961478e+00
1.310088596741926281e+01,8.828946031843035058e+00
1.312089168333809752e+01,8.156840713969991441e+00
1.314089739925693046e+01,8.900067790009131841e+00
1.316090311517576517e+01,8.644851408985473995e+00
1.318090883109459810e+01,8.821462450042560022e+00
1.320091454701343281e+01,9.094473215212971695e+00
1.322092026293226752e+01,8.332403200073983385e+00
1.324092597885110045e+01,8.217595800246922266e+00
1.326093169476993339e+01,7.911720545467224142e+00
1.328093741068876810e+01,8.073780528817191993e+00
1.330094312660760281e+01,8.618630772386612904e+00
1.332094884252643574e+01,7.881219352856929206e+00
1.334095455844527045e+01,8.007762988351194267e+00
1.336096027436410338e+01,6.843182789648253106e+00
1.338096599028293809e+01,6.881386343538379080e+00
1.340097170620177280e+01,7.312860232594031729e+00
1.342097742212060574e+01,6.083909188274425617e+00
1.344098313803944045e+01,5.324535409607293879e+00
1.346098885395827338e+01,5.368415895135068894e+00
1.348099456987710809e+01,4.811900223437508117e+00
1.350100028579594280e+01,4.623685767900502341e+00
1.352100600171477573e+01,5.445919553481538777e+00
1.354101171763361044e+01,5.244980799588748077e+00
1.356101743355244338e+01,3.846931047242470925e+00
1.358102314947127809e+01,4.173932074692043415e+00
1.360102886539011102e+01,3.995513399879895733e+00
1.362103458130894573e+01,3.929970894127833070e+00
1.364104029722777867e+01,4.301155097204787836e+00
1.366104601314661338e+01,3.595684038252753290e+00
1.368105172906544809e+01,3.993186147438418043e+00
1.370105744498428102e+01,3.215199365039066670e+00
1.372106316090311573e+01,3.743798052364536666e+00
1.374106887682194866e+01,2.778465442114637973e+00
1.376107459274078337e+01,3.157684006119617415e+00
1.378108030865961808e+01,3.683091747828693308e+00
1.380108602457845102e+01,3.743850689653929642e+00
1.382109174049728573e+01,3.393028734679493397e+00
1.384109745641611866e+01,3.585133768986503711e+00
1.386110317233495337e+01,3.689874965967717912e+00
1.388110888825378808e+01,3.672454757695419403e+00
1.390111460417262101e+01,3.541254979163348970e+00
1.392112032009145395e+01,3.426043161412149374e+00
1.394112603601028866e+01,3.734179282986771042e+00
1.396113175192912337e+01,3.342805660715349347e+00
1.398113746784795630e+01,4.396328920306943999e+00
1.400114318376679101e+01,3.622673622731183762e+00
1.402114889968562395e+01,2.719634504731303970e+00
1.404115461560445866e+01,3.116059130505451691e+00
1.406116033152329337e+01,3.390290366653706755e+00
1.408116604744212630e+01,3.477703557494048248e+00
1.410117176336095923e+01,3.522198225780909908e+00
1.412117747927979394e+01,3.732800084218216519e+00
1.414118319519862865e+01,4.186522988328573724e+00
1.416118891111746336e+01,3.137726350625031468e+00
1.418119462703629630e+01,3.211017445519912084e+00
1.420120034295512923e+01,3.701063718130276126e+00
1.422120605887396394e+01,3.222426099998665805e+00
1.424121177479279865e+01,2.966929492598527673e+00
1.426121749071163336e+01,3.722255996785222010e+00
1.428122320663046629e+01,3.322362206627046621e+00
1.430122892254929923e+01,3.510103152603107901e+00
1.432123463846813394e+01,3.057692410340375311e+00
1.434124035438696865e+01,4.329161763279889996e+00
1.436124607030580158e+01,3.426714329213268684e+00
1.438125178622463629e+01,3.664752251416954820e+00
1.440125750214346922e+01,3.411618766850612161e+00
1.442126321806230393e+01,3.708719327652827857e+00
1.444126893398113864e+01,3.878014358735740963e+00
1.446127464989997158e+01,3.911236088072660877e+00
1.448128036581880451e+01,4.280342131943623230e+00
1.450128608173763922e+01,3.012496293299985251e+00
1.452129179765647393e+01,3.394783456789700171e+00
1.454129751357530864e+01,3.321413394013176035e+00
1.456130322949414158e+01,3.396123114552438871e+00
1.458130894541297451e+01,4.286787940543186792e+00
1.460131466133180922e+01,3.283498708343950412e+00
1.462132037725064393e+01,3.492144583765025789e+00
1.464132609316947686e+01,3.407558820565787183e+00
1.466133180908831157e+01,4.464884792094959032e+00
1.468133752500714451e+01,4.099053301632274326e+00
1.470134324092597922e+01,3.810655853950126293e+00
1.472134895684481393e+01,3.912992712088390945e+00
1.474135467276364686e+01,4.444998809063274159e+00
1.476136038868247979e+01,3.920529698963096443e+00
1.478136610460131450e+01,3.860277054783962214e+00
1.480137182052014921e+01,4.316663645887446776e+00
1.482137753643898392e+01,4.683090396038848802e+00
1.484138325235781686e+01,4.297462360457235064e+00
1.486138896827664979e+01,3.743970954029643750e+00
1.488139468419548450e+01,4.583119214194304902e+00
1.490140040011431921e+01,4.186134791808001410e+00
1.492140611603315392e+01,4.607776995785778595e+00
1.494141183195198685e+01,4.477980239589664180e+00
1.496141754787081979e+01,4.592225008575566925e+00
1.498142326378965450e+01,4.811214537578424100e+00
1.500142897970848921e+01,4.679545360171694313e+00
1.502143469562732214e+01,5.258601211921179797e+00
1.504144041154615508e+01,5.343688194074321274e+00
1.506144612746498979e+01,4.408776199074996072e+00
1.508145184338382450e+01,4.738119835575556493e+00
1.510145755930265921e+01,4.733672630248506152e+00
1.512146327522149214e+01,4.627163381306888645e+00
1.514146899114032507e+01,4.936910742250593565e+00
1.516147470705915978e+01,5.020966330790792576e+00
1.518148042297799449e+01,4.929348421723503293e+00
1.520148613889682920e+01,5.916896439406112762e+00
1.522149185481566214e+01,5.073454504103269258e+00
1.524149757073449507e+01,6.016203414116040094e+00
1.526150328665332978e+01,5.239771810416067765e+00
1.528150900257216449e+01,5.796447193478877047e+00
1.530151471849099742e+01,4.771877064731497420e+00
1.532152043440983036e+01,5.067769087938042816e+00
1.534152615032866507e+01,5.954528039875144785e+00
1.536153186624749978e+01,5.747495652406021449e+00
1.538153758216633449e+01,6.241449805783026328e+00
1.540154329808516742e+01,5.951005938177996057e+00
1.542154901400400036e+01,6.436748564828650210e+00
1.544155472992283507e+01,6.135595566363776676e+00
1.546156044584166978e+01,6.415149990701315197e+00
1.548156616176050449e+01,6.971404914199977654e+00
1.550157187767933742e+01,6.118386140639496595e+00
1.552157759359817035e+01,6.511733508590557662e+00
1.554158330951700506e+01,6.597270045068315270e+00
1.556158902543583977e+01,6.677668878507557082e+00
1.558159474135467271e+01,7.161084042411502537e+00
1.560160045727350742e+01,6.988013926122494723e+00
1.562160617319234035e+01,7.136478442896690311e+00
1.564161188911117506e+01,7.781628287133475652e+00
1.566161760503000977e+01,7.119382024537065590e+00
1.568162332094884270e+01,6.694252873158030859e+00
1.570162903686767564e+01,7.831576255418775112e+00
1.572163475278651035e+01,8.039569728605531651e+00
1.574164046870534506e+01,8.229488833431741313e+00
1.576164618462417977e+01,8.276658852663054233e+00
1.578165190054301270e+01,7.944023800932743740e+00
1.580165761646184563e+01,8.546014694104929532e+00
1.582166333238068034e+01,9.269347857645410471e+00
1.584166904829951505e+01,8.785545310376319250e+00
1.586167476421834799e+01,8.525275746925943920e+00
1.588168048013718270e+01,8.680183930318719376e+00
1.590168619605601563e+01,9.153566053043670436e+00
1.592169191197485034e+01,9.259434293084249035e+00
1.594169762789368505e+01,9.243453761834922844e+00
1.596170334381251799e+01,1.011157849708425083e+01
1.598170905973135092e+01,9.718007090321021835e+00
1.600171477565018563e+01,1.053358246706355317e+01
1.602172049156902034e+01,1.040369734748595043e+01
1.604172620748785505e+01,1.018271214387661594e+01
1.606173192340668976e+01,1.063742222888702749e+01
1.608173763932552092e+01,1.003462565548395702e+01
1.610174335524435563e+01,1.026346630997018039e+01
1.612174907116319034e+01,1.106081119131845369e+01
1.614175478708202505e+01,1.107300923603148490e+01
1.616176050300085620e+01,1.095336094700740048e+01
1.618176621891969091e+01,1.147802015327082081e+01
1.620177193483852562e+01,1.073421948024599359e+01
1.622177765075736033e+01,1.058316227833673828e+01
1.624178336667619504e+01,1.072503093269864571e+01
1.626178908259502620e+01,1.022613195202517744e+01
1.628179479851386091e+01,1.065808405785545609e+01
1.630180051443269562e+01,9.804413374113368107e+00
1.632180623035153033e+01,9.549557706794844947e+00
1.634181194627036149e+01,8.940714357889678610e+00
1.636181766218919620e+01,8.083907292562107827e+00
1.638182337810803091e+01,8.505106286370269331e+00
1.640182909402686562e+01,7.670888087297305091e+00
1.642183480994570033e+01,7.527837702355251182e+00
1.644184052586453504e+01,6.693448825070728248e+00
1.646184624178336620e+01,6.055031109127663846e+00
1.648185195770220091e+01,6.740864528196379268e+00
1.650185767362103562e+01,4.980015015662144329e+00
1.652186338953986677e+01,5.683017347367777639e+00
1.654186910545870148e+01,5.056512374504532836e+00
1.656187482137753619e+01,4.845955447495374102e+00
1.658188053729637090e+01,4.395173679684538648e+00
1.660188625321520561e+01,4.357977166430069715e+00
1.662189196913404032e+01,4.358121627809951271e+00
1.664189768505287148e+01,3.205093060133192395e+00
1.666190340097170619e+01,3.619610246458154101e+00
1.668190911689054090e+01,3.903538694307425949e+00
1.670191483280937561e+01,2.969247791818328430e+00
1.672192054872820677e+01,3.761497302026279410e+00
1.674192626464704148e+01,3.570876308563581070e+00
1.676193198056587619e+01,4.188755234347260270e+00
1.678193769648471090e+01,3.566955226636601139e+00
1.680194341240354561e+01,3.193444044776080126e+00
1.682194912832238032e+01,3.268892369630345129e+00
1.684195484424121148e+01,3.359185799834784270e+00
1.686196056016004619e+01,3.323036071841291239e+00
1.688196627607888090e+01,3.636469631005732062e+00
1.690197199199771205e+01,4.338159160206268794e+00
1.692197770791654676e+01,3.279466466407074510e+00
1.694198342383538147e+01,2.873282649252015375e+00
1.696198913975421618e+01,3.764393573494087875e+00
1.698199485567305089e+01,3.115541013788750924e+00
1.700200057159188560e+01,3.008871136029921622e+00
1.702200628751071676e+01,3.397037246555488998e+00
1.704201200342955147e+01,3.161571998602471290e+00
1.706201771934838618e+01,4.122371740346320479e+00
1.708202343526722089e+01,3.823376287536686124e+00
1.710202915118605205e+01,3.860053241611034469e+00
1.712203486710488676e+01,2.956225483835155821e+00
1.714204058302372147e+01,3.523009169674631735e+00
1.716204629894255618e+01,3.939603061704203046e+00
1.718205201486139089e+01,3.694206598444008449e+00
1.720205773078022204e+01,3.361845477277686012e+00
1.722206344669905675e+01,3.311215865866794505e+00
1.724206916261789146e+01,3.554045206113704225e+00
1.726207487853672617e+01,3.850679020921879303e+00
1.728208059445555733e+01,3.799170235581832422e+00
1.730208631037439204e+01,3.228223857275620112e+00
1.732209202629322675e+01,4.200759739503748591e+00
1.734209774221206146e+01,3.219324328923376832e+00
1.736210345813089617e+01,3.141033547613161225e+00
1.738210917404973088e+01,3.484452859736577146e+00
1.740211488996856204e+01,3.489154973986131392e+00
1.742212060588739675e+01,4.419207774708205250e+00
1.744212632180623146e+01,3.444696409167300466e+00
1.746213203772506262e+01,3.106277921374601014e+00
1.748213775364389733e+01,3.296159495405349915e+00
1.750214346956273204e+01,3.240572772752140285e+00
1.752214918548156675e+01,3.885222025092190279e+00
1.754215490140040146e+01,3.836224265497046648e+00
1.756216061731923617e+01,3.779799949675315851e+00
1.758216633323806732e+01,3.788149741829846207e+00
1.760217204915690203e+01,4.233432239037292710e+00
1.762217776507573674e+01,3.700134996987833880e+00
1.764218348099457145e+01,3.780100042758571366e+00
1.766218919691340261e+01,3.856717109312722158e+00
1.768219491283223732e+01,3.778301000928597553e+00
1.770220062875107203e+01,4.217296137447954507e+00
1.772220634466990674e+01,3.438345820896973493e+00
1.774221206058874145e+01,3.207771984624759209e+00
1.776221777650757616e+01,3.113716224578899627e+00
1.778222349242640732e+01,3.986556811384443844e+00
1.780222920834524203e+01,4.754279195462077112e+00
1.782223492426407674e+01,3.787202301374887892e+00
1.784224064018290790e+01,3.612912300610580552e+00
1.786224635610174261e+01,4.097752718459548582e+00
1.788225207202057732e+01,3.678897263339749202e+00
1.790225778793941203e+01,3.938209807187331712e+00
1.792226350385824674e+01,4.585009313015692811e+00
1.794226921977708145e+01,4.470715656770839708e+00
1.796227493569591260e+01,3.606503646395946561e+00
1.798228065161474731e+01,3.983340416299818276e+00
1.800228636753358202e+01,4.022844941833035648e+00
1.802229208345241318e+01,4.443041506103380556e+00
1.804229779937124789e+01,4.264643068166407147e+00
1.806230351529008260e+01,4.543215932968704962e+00
1.808230923120891731e+01,4.464757193722333817e+00
1.810231494712775202e+01,4.482913718705571426e+00
1.812232066304658673e+01,4.066939266921566265e+00
1.814232637896542144e+01,4.453931844437699183e+00
1.816233209488425260e+01,4.314585694778095615e+00
1.818233781080308731e+01,4.013969334439373426e+00
1.820234352672191847e+01,4.621574100551473663e+00
1.822234924264075318e+01,4.412375140542469154e+00
1.824235495855958789e+01,3.920750904996319175e+00
1.826236067447842260e+01,4.497152130806615133e+00
1.828236639039725731e+01,4.632391559642329959e+00
1.830237210631609202e+01,4.653760738409204123e+00
1.832237782223492673e+01,4.844647402937274805e+00
1.834238353815375788e+01,4.649698810781457858e+00
1.836238925407259259e+01,3.962944709972091140e+00
1.838239496999142730e+01,4.583099542469557086e+00
1.840240068591025846e+01,5.409530345854598465e+00
1.842240640182909317e+01,4.819665470700121190e+00
1.844241211774792788e+01,4.218415257695525611e+00
1.846241783366676259e+01,4.774074174043985153e+00
1.848242354958559730e+01,4.538306404238275249e+00
1.850242926550443201e+01,4.737716228183245448e+00
1.852243498142326672e+01,4.986835904163583244e+00
1.854244069734209788e+01,5.543705769602863320e+00
1.856244641326093259e+01,5.896318588868886934e+00
1.858245212917976374e+01,5.977807462387568549e+00
1.860245784509859845e+01,5.093759674473604449e+00
1.862246356101743316e+01,5.730683755450710848e+00
1.864246927693626787e+01,5.640618444411934718e+00
1.866247499285510258e+01,5.980120013693326797e+00
1.868248070877393729e+01,5.211026068673149325e+00
1.870248642469277200e+01,5.888871092191624967e+00
1.872249214061160316e+01,4.915507773255664681e+00
1.874249785653043787e+01,4.822596483982183102e+00
1.876250357244927258e+01,5.175221388141531875e+00
1.878250928836810374e+01,5.237298085391329572e+00
1.880251500428693845e+01,6.041766806744536922e+00
1.882252072020577316e+01,4.841084500154154036e+00
1.884252643612460787e+01,4.822157116088550133e+00
1.886253215204344258e+01,5.146657773845445760e+00
1.888253786796227729e+01,5.561584804817023553e+00
1.890254358388111200e+01,4.845902532087847270e+00
1.892254929979994316e+01,4.701764514257159355e+00
1.894255501571877787e+01,4.607911528187892181e+00
1.896256073163760902e+01,4.609171299111299192e+00
1.898256644755644373e+01,4.772409139554268265e+00
1.900257216347527844e+01,4.486158007455344432e+00
1.902257787939411315e+01,4.578306202076920073e+00
1.904258359531294786e+01,4.722065785545270344e+00
1.906258931123178257e+01,4.705614156972732331e+00
1.908259502715061728e+01,4.459628868321461326e+00
1.910260074306944844e+01,4.023576812274319181e+00
1.912260645898828315e+01,4.768515683846116460e+00
1.914261217490711431e+01,4.607566678835827823e+00
1.916261789082594902e+01,5.271394209484146387e+00
1.918262360674478373e+01,4.567392897570774046e+00
1.920262932266361844e+01,5.092646476503595920e+00
1.922263503858245315e+01,5.219203194614893349e+00
1.924264075450128786e+01,4.291138496898832422e+00
1.926264647042012257e+01,4.661171083031232953e+00
1.928265218633895373e+01,5.229351999694401343e+00
1.930265790225778844e+01,5.062369593627668252e+00
1.932266361817662315e+01,4.935020383361355734e+00
1.934266933409545430e+01,5.256276724968646619e+00
1.936267505001428901e+01,4.503987191074577900e+00
1.938268076593312372e+01,5.585033370217148629e+00
1.940268648185195843e+01,6.090201013956302312e+00
1.942269219777079314e+01,6.147308686065400707e+00
1.944269791368962785e+01,5.816162144265034861e+00
1.946270362960846256e+01,5.531523879852564995e+00
1.948270934552729372e+01,5.784907154825084774e+00
1.950271506144612843e+01,5.646033563590307836e+00
1.952272077736495959e+01,5.972307617489411413e+00
1.954272649328379430e+01,6.038303996970616261e+00
1.956273220920262901e+01,5.793125003819785235e+00
1.958273792512146372e+01,5.313659581081026317e+00
1.960274364104029843e+01,6.002505068516437170e+00
1.962274935695913314e+01,5.576014648607559465e+00
1.964275507287796785e+01,6.169034952598664745e+00
1.966276078879679901e+01,5.782160506943408329e+00
1.968276650471563372e+01,6.303250932367839177e+00
1.970277222063446487e+01,5.440356160318700951e+00
1.972277793655329958e+01,5.250049176369467219e+00
1.974278365247213429e+01,4.427635433595281889e+00
1.976278936839096900e+01,5.434311970214994680e+00
1.978279508430980371e+01,5.204388903102716846e+00
1.980280080022863842e+01,4.469324377916540136e+00
1.982280651614747313e+01,4.512077372971655009e+00
1.984281223206630784e+01,4.310657499064205034e+00
1.986281794798513900e+01,4.561187277021065967e+00
1.988282366390397371e+01,4.382596615063143020e+00
1.990282937982280487e+01,3.262805347387568222e+00
1.992283509574163958e+01,3.956741872893104972e+00
1.994284081166047429e+01,3.738165211869922899e+00
1.996284652757930900e+01,3.580267271572968646e+00
1.998285224349814371e+01,3.955247653017272214e+00
2.000285795941697842e+01,3.256901981318935491e+00
2.002286367533581313e+01,3.254100902985374244e+00
2.004286939125464428e+01,3.558675757159476483e+00
2.006287510717347899e+01,2.910621175701027852e+00
2.008288082309231015e+01,3.249974543166182617e+00
2.010288653901114486e+01,3.061401212333043631e+00
2.012289225492997957e+01,4.055890839849819685e+00
2.014289797084881428e+01,4.159621450430194045e+00
2.016290368676764899e+01,3.507880524184373350e+00
2.018290940268648370e+01,3.088755696279290142e+00
2.020291511860531841e+01,3.239910189484849212e+00
2.022292083452414957e+01,3.731620109519901973e+00
2.024292655044298428e+01,4.045057254178011874e+00
2.026293226636181899e+01,3.658283048270032367e+00
2.028293798228065015e+01,3.823820413139215724e+00
2.030294369819948486e+01,2.898532077372058868e+00
2.032294941411831957e+01,4.006303415303014148e+00
2.034295513003715428e+01,3.940334772784970241e+00
2.036296084595598899e+01,4.028819893600141810e+00
2.038296656187482370e+01,3.125910814809630622e+00
2.040297227779365841e+01,3.975019606552185891e+00
2.042297799371248956e+01,3.864819104309426656e+00
2.044298370963132427e+01,3.610671045192543893e+00
2.046298942555015543e+01,3.416840842209446727e+00
2.048299514146899014e+01,3.421705417050836751e+00
2.050300085738782485e+01,4.252804563273423710e+00
2.052300657330665956e+01,3.812534229196528734e+00
2.054301228922549427e+01,3.612037588665524268e+00
2.056301800514432898e+01,3.524532062154386747e+00
2.058302372106316369e+01,4.383163547734597820e+00
2.060302943698199485e+01,3.911420470235986713e+00
2.062303515290082956e+01,4.261159563156293295e+00
2.064304086881966072e+01,3.725190494899145666e+00
2.066304658473849543e+01,3.844515608912921767e+00
2.068305230065733014e+01,3.496552093052639254e+00
2.070305801657616485e+01,3.652170644311143910e+00
2.072306373249499956e+01,4.101710942192784870e+00
2.074306944841383427e+01,3.866202799171277960e+00
2.076307516433266898e+01,4.137478140004887450e+00
2.078308088025150369e+01,4.008751080306776515e+00
2.080308659617033484e+01,3.807010145274664303e+00
2.082309231208916955e+01,3.566548827841231173e+00
2.084309802800800071e+01,4.292833997680124192e+00
2.086310374392683542e+01,4.120012885500980104e+00
2.088310945984567013e+01,4.437313276875541668e+00
2.090311517576450484e+01,4.329843092360632362e+00
2.092312089168333955e+01,3.583252231210559913e+00
2.094312660760217426e+01,4.880558150005906981e+00
2.096313232352100897e+01,4.396516460611682220e+00
2.098313803943984013e+01,4.574078493829013325e+00
2.100314375535867484e+01,3.973847092545570447e+00
2.102314947127750600e+01,4.423160495093936717e+00
2.104315518719634071e+01,4.645710730075217398e+00
2.106316090311517542e+01,4.815634261219239320e+00
2.108316661903401013e+01,4.751217063136445873e+00
2.110317233495284484e+01,4.816614222863709216e+00
2.112317805087167955e+01,4.779348381056651718e+00
2.114318376679051426e+01,5.592895947636124632e+00
2.116318948270934541e+01,5.415006783965541359e+00
2.118319519862818012e+01,5.483083620402197766e+00
2.120320091454701483e+01,5.421077123669500786e+00
2.122320663046584599e+01,5.867556854570266545e+00
2.124321234638468070e+01,5.120466538423818825e+00
2.126321806230351541e+01,4.993061565711133021e+00
2.128322377822235012e+01,5.255014057181396581e+00
2.130322949414118483e+01,5.451176232569634017e+00
2.132323521006001954e+01,6.253002126067489286e+00
2.134324092597885425e+01,5.451431753416748904e+00
2.136324664189768541e+01,5.819313003254507066e+00
2.138325235781652012e+01,5.835527781062984864e+00
2.140325807373535127e+01,6.218201444333741890e+00
2.142326378965418598e+01,6.037967321116679109e+00
2.144326950557302069e+01,6.703012457736371665e+00
2.146327522149185540e+01,7.012400693101029425e+00
2.148328093741069011e+01,7.263001964700100288e+00
2.150328665332952482e+01,7.026098284104145719e+00
2.152329236924835953e+01,6.996254922327011627e+00
2.154329808516719069e+01,6.568005349131329496e+00
2.156330380108602540e+01,7.549387496266572128e+00
2.158330951700485656e+01,7.800006624310096726e+00
2.160331523292369127e+01,8.499497318430542236e+00
2.162332094884252598e+01,7.209060748657887707e+00
2.164332666476136069e+01,8.608386368547380485e+00
2.166333238068019540e+01,8.997845552729248908e+00
2.168333809659903011e+01,8.026058020031001661e+00
2.170334381251786482e+01,8.919699694198406803e+00
2.172334952843669598e+01,8.835684928696167617e+00
2.174335524435553069e+01,7.992934448954629900e+00
2.176336096027436540e+01,9.008839550228112003e+00
2.178336667619319655e+01,8.265250205892233026e+00
2.180337239211203126e+01,8.014676227173030298e+00
2.182337810803086597e+01,7.989952641188276417e+00
2.184338382394970068e+01,8.512608155671895105e+00
2.186338953986853539e+01,8.674504103115141973e+00
2.188339525578737010e+01,8.528901635279293458e+00
2.190340097170620481e+01,6.829843418006366740e+00
2.192340668762503597e+01,6.926301436923882449e+00
2.194341240354387068e+01,6.866933343558199176e+00
2.196341811946270184e+01,7.291721301413076617e+00
2.198342383538153655e+01,7.442037906205744235e+00
2.200342955130037126e+01,7.672831526260299739e+00
2.202343526721920597e+01,7.263958971798046171e+00
2.204344098313804068e+01,7.811383937878759731e+00
2.206344669905687539e+01,6.938929792465310165e+00
2.208345241497571010e+01,7.574271468126850593e+00
2.210345813089454126e+01,7.393494819748907432e+00
2.212346384681337597e+01,8.676711487040234871e+00
2.214346956273221068e+01,9.180848947332858501e+00
2.216347527865104183e+01,8.733103386333397111e+00
2.218348099456987654e+01,9.654304300103273562e+00
2.220348671048871125e+01,9.662948690923244044e+00
2.222349242640754596e+01,9.728888973299714138e+00
2.224349814232638067e+01,1.090194169320170836e+01
2.226350385824521538e+01,1.039606956775220858e+01
2.228350957416405009e+01,1.107020892657904199e+01
2.230351529008288125e+01,1.181456094918173250e+01
2.232352100600171596e+01,1.300230936041364949e+01
2.234352672192054712e+01,1.282227656765260981e+01
2.236353243783938183e+01,1.357111720718835812e+01
2.238353815375821654e+01,1.391873838862823654e+01
2.240354386967705125e+01,1.485045783363490735e+01
2.242354958559588596e+01,1.543932153026468157e+01
2.244355530151472067e+01,1.699524723322702613e+01
2.246356101743355538e+01,1.697023541758908749e+01
2.248356673335238654e+01,1.801490344938593324e+01
2.250357244927122125e+01,1.893668011614809643e+01
2.252357816519005240e+01,1.977815801812286622e+01
2.254358388110888711e+01,2.018161650334342028e+01
2.256358959702772182e+01,2.120022707657919625e+01
2.258359531294655653e+01,2.205703727516014823e+01
2.260360102886539124e+01,2.389213742563706333e+01
2.262360674478422595e+01,2.407130907064772884e+01
2.264361246070306066e+01,2.546945035290522696e+01
2.266361817662189182e+01,2.758399325354385567e+01
2.268362389254072653e+01,2.818269672836338913e+01
2.270362960845956124e+01,2.884483605455103117e+01
2.272363532437839240e+01,3.104781450641943863e+01
2.274364104029722711e+01,3.179326090616171996e+01
2.276364675621606182e+01,3.332557054976052768e+01
2.278365247213489653e+01,3.433048798844025384e+01
2.280365818805373124e+01,3.656035727838563787e+01
2.282366390397256595e+01,3.769681526829651830e+01
2.284366961989140066e+01,3.934913600654346055e+01
2.286367533581023181e+01,4.106466496659813714e+01
2.288368105172906652e+01,4.247321703552088223e+01
2.290368676764789768e+01,4.364930722318788980e+01
2.292369248356673239e+01,4.592754990556375105e+01
2.294369819948556710e+01,4.678588552595969219e+01
2.296370391540440181e+01,4.799357544466143821e+01
2.298370963132323652e+01,4.999147429223281591e+01
2.300371534724207123e+01,5.092387565018432838e+01
2.302372106316090594e+01,5.159373998766343306e+01
2.304372677907973710e+01,5.110541570528625499e+01
2.306373249499857181e+01,5.183216294932482526e+01
2.308373821091740652e+01,5.173577979287099282e+01
2.310374392683623768e+01,5.095821277751775114e+01
2.312374964275507239e+01,5.011645591526849586e+01
2.314375535867390710e+01,4.886450642111889664e+01
2.316376107459274181e+01,4.719594779846283217e+01
2.318376679051157652e+01,4.521096893388345705e+01
2.320377250643041123e+01,4.287652694489706562e+01
2.322377822234924594e+01,3.977645335996868425e+01
2.324378393826807709e+01,3.711033858498940674e+01
2.326378965418691180e+01,3.334758201747818163e+01
2.328379537010574296e+01,3.044597751272573305e+01
2.330380108602457767e+01,2.799598073890651762e+01
2.332380680194341238e+01,2.401457766203101940e+01
2.334381251786224709e+01,2.179703678530573896e+01
2.336381823378108180e+01,1.931415776841089382e+01
2.338382394969991651e+01,1.752689079657189808e+01
2.340382966561875122e+01,1.437555254016774775e+01
2.342383538153758238e+01,1.238370502688262675e+01
2.344384109745641709e+01,1.184902172077842053e+01
2.346384681337524825e+01,9.974710338297033019e+00
2.348385252929408296e+01,8.708888645394400996e+00
2.350385824521291767e+01,8.283307621717254321e+00
2.352386396113175238e+01,8.292014798791138119e+00
2.354386967705058709e+01,6.791375798551433363e+00
2.356387539296942180e+01,6.087249259269897905e+00
2.358388110888825651e+01,5.921341707757867390e+00
2.360388682480708766e+01,5.336845849339973746e+00
2.362389254072592237e+01,5.158950748468805969e+00
2.364389825664475708e+01,5.547860279900742597e+00
2.366390397256358824e+01,4.874856271952174858e+00
2.368390968848242295e+01,5.099581853495508632e+00
2.370391540440125766e+01,4.778800801223852091e+00
2.372392112032009237e+01,4.853128981148333132e+00
2.374392683623892708e+01,4.600154760640200458e+00
2.376393255215776179e+01,4.634084845687721277e+00
2.378393826807659650e+01,4.753534397380924759e+00
2.380394398399542766e+01,4.730357310212784050e+00
2.382394969991426237e+01,4.183326772589051501e+00
2.384395541583309353e+01,4.005325174793795462e+00
2.386396113175192824e+01,4.446208216857806761e+00
2.388396684767076295e+01,3.672529025058311358e+00
2.390397256358959766e+01,3.585723155061205425e+00
2.392397827950843237e+01,3.685809675696886778e+00
2.394398399542726708e+01,3.774277226186706358e+00
2.396398971134610179e+01,4.091864004262930621e+00
2.398399542726493294e+01,4.675101641794300988e+00
2.400400114318376765e+01,4.224823504713716815e+00
2.402400685910260236e+01,4.012778479426416745e+00
2.404401257502143352e+01,4.394423751011969692e+00
2.406401829094026823e+01,3.858828319791448358e+00
2.408402400685910294e+01,4.431178135756328018e+00
2.410402972277793765e+01,4.773433674745783506e+00
2.412403543869677236e+01,4.432890908912538563e+00
2.414404115461560707e+01,4.788537249252778238e+00
2.416404687053444178e+01,4.445940880818057828e+00
2.418405258645327294e+01,4.784485179448578762e+00
2.420405830237210765e+01,3.801484271448218877e+00
2.422406401829093880e+01,3.734260643634913279e+00
2.424406973420977351e+01,4.144462079265727183e+00
2.426407545012860822e+01,3.637445582175916847e+00
2.428408116604744293e+01,4.535885722864717806e+00
2.430408688196627764e+01,3.810775464122036382e+00
2.432409259788511235e+01,3.437240766632426947e+00
2.434409831380394706e+01,4.741748828266375781e+00
2.436410402972277822e+01,4.498646717631087810e+00
2.438410974564161293e+01,4.325836449936611317e+00
2.440411546156044409e+01,3.899540171002400690e+00
2.442412117747927880e+01,4.251484082085521976e+00
2.444412689339811351e+01,4.530606233016204243e+00
2.446413260931694822e+01,4.291738797214817325e+00
2.448413832523578293e+01,4.263979687420359710e+00
2.450414404115461764e+01,4.960693640885539324e+00
2.452414975707345235e+01,4.611962093631853499e+00
2.454415547299228351e+01,4.616289730309416584e+00
2.456416118891111822e+01,3.990032872590467239e+00
2.458416690482995293e+01,4.307232330538687926e+00
2.460417262074878408e+01,4.429884008008733609e+00
2.462417833666761879e+01,4.380349639448766652e+00
2.464418405258645350e+01,4.866136453294210185e+00
2.466418976850528821e+01,5.346842762699402840e+00
2.468419548442412292e+01,4.824045979194943712e+00
2.470420120034295763e+01,4.657184362329941152e+00
2.472420691626179234e+01,4.981600986059601333e+00
2.474421263218062350e+01,4.467912463500124609e+00
2.476421834809945821e+01,5.849644640057745981e+00
2.478422406401828937e+01,5.243298806981406379e+00
2.480422977993712408e+01,6.058381307563714735e+00
2.482423549585595879e+01,4.897503875247966931e+00
2.484424121177479350e+01,4.918547732571528996e+00
2.486424692769362821e+01,5.263995159647548938e+00
2.488425264361246292e+01,5.206270310575736637e+00
2.490425835953129763e+01,5.491543837730236355e+00
2.492426407545012879e+01,5.577589360374965999e+00
2.494426979136896350e+01,4.874404374439897936e+00
2.496427550728779821e+01,5.461745258859641794e+00
2.498428122320662936e+01,5.376041240776235242e+00
2.500428693912546407e+01,6.392563334005693321e+00
2.502429265504429878e+01,4.881504498307494444e+00
2.504429837096313349e+01,5.386731990207978882e+00
2.506430408688196820e+01,5.476605960065644041e+00
2.508430980280080291e+01,5.497388368829168925e+00
2.510431551871963762e+01,5.177708649403977681e+00
2.512432123463846878e+01,5.220234774316145021e+00
2.514432695055730349e+01,5.191836402335367140e+00
2.516433266647613465e+01,4.744488730640108010e+00
2.518433838239496936e+01,5.289918337583111807e+00
2.520434409831380407e+01,3.907710272560185771e+00
2.522434981423263878e+01,4.957070023254340541e+00
2.524435553015147349e+01,3.689257498485067899e+00
2.526436124607030820e+01,4.220072733330529680e+00
2.528436696198914291e+01,3.658913078837973565e+00
2.530437267790797407e+01,4.613888085945538897e+00
2.532437839382680878e+01,4.325616051886274960e+00
2.534438410974563993e+01,3.525470619343167300e+00
2.536438982566447464e+01,4.362915832047296938e+00
2.538439554158330935e+01,4.085033508826295012e+00
2.540440125750214406e+01,3.596841723529025536e+00
2.542440697342097877e+01,3.837301714924129747e+00
2.544441268933981348e+01,3.961180434548777995e+00
2.546441840525864819e+01,3.751308015654438499e+00
2.548442412117747935e+01,3.490465809572611100e+00
2.550442983709631406e+01,3.131172602069637545e+00
2.552443555301514877e+01,3.030859684553764755e+00
2.554444126893397993e+01,4.382366106120102245e+00
2.556444698485281464e+01,4.210971687406764197e+00
2.558445270077164935e+01,3.377953909337021443e+00
2.560445841669048406e+01,3.761252631713353445e+00
2.562446413260931877e+01,3.525927089646916368e+00
2.564446984852815348e+01,4.019675315237117630e+00
2.566447556444698819e+01,3.344019424852559208e+00
2.568448128036581934e+01,3.765658924498848759e+00
2.570448699628465405e+01,3.906791977511080205e+00
2.572449271220348521e+01,4.325109386386062127e+00
2.574449842812231992e+01,3.746600265307097999e+00
2.576450414404115463e+01,4.298323167266144829e+00
2.578450985995998934e+01,4.444438770812030093e+00
2.580451557587882405e+01,4.888865135050316724e+00
2.582452129179765876e+01,3.569870287570666711e+00
2.584452700771649347e+01,5.040624179564256124e+00
2.586453272363532463e+01,4.719121007510738153e+00
2.588453843955415934e+01,4.807045498695392993e+00
2.590454415547299405e+01,4.645285203175752109e+00
2.592454987139182521e+01,5.447643778440865781e+00
2.594455558731065992e+01,5.491441181187436626e+00
2.596456130322949463e+01,5.043365788631728464e+00
2.598456701914832934e+01,5.566263159077775136e+00
2.600457273506716405e+01,6.095051757371333423e+00
2.602457845098599520e+01,5.198786427321012482e+00
2.604458416690482991e+01,6.066730769653558397e+00
2.606458988282366462e+01,7.241647583728761717e+00
2.608459559874249933e+01,7.722953467583111298e+00
2.610460131466133404e+01,6.799122351761039518e+00
2.612460703058016520e+01,7.805667633335241717e+00
2.614461274649899991e+01,7.837945118633499852e+00
2.616461846241783462e+01,8.605198108966810366e+00
2.618462417833666933e+01,8.899763516454417100e+00
2.620462989425550404e+01,9.744695227227994749e+00
2.622463561017433520e+01,1.009618834393702791e+01
2.624464132609316991e+01,1.088312414451726262e+01
2.626464704201200462e+01,1.080987104401842558e+01
2.628465275793083933e+01,1.257012104916553774e+01
2.630465847384967049e+01,1.321355390338531421e+01
2.632466418976850520e+01,1.281904791831149559e+01
2.634466990568733991e+01,1.423854388882157451e+01
2.636467562160617462e+01,1.567752524315468321e+01
2.638468133752500933e+01,1.577338374252807185e+01
2.640468705344384048e+01,1.652708896555013496e+01
2.642469276936267519e+01,1.754196009385646349e+01
2.644469848528150990e+01,1.856244063636813735e+01
2.646470420120034461e+01,1.952109494289617686e+01
2.648470991711917932e+01,2.089173812530138008e+01
2.650471563303801048e+01,2.216639101618987340e+01
2.652472134895684519e+01,2.361843015317642980e+01
2.654472706487567990e+01,2.482818309286627212e+01
2.656473278079451461e+01,2.518811578760827885e+01
2.658473849671334932e+01,2.718139812715023140e+01
2.660474421263218048e+01,2.807176970891064727e+01
2.662474992855101519e+01,2.958110056167921087e+01
2.664475564446984990e+01,3.180813722034561408e+01
2.666476136038868461e+01,3.361759138127556668e+01
2.668476707630751577e+01,3.525929215474418754e+01
2.670477279222635048e+01,3.654968878392818254e+01
2.672477850814518519e+01,3.837814906717245833e+01
2.674478422406401990e+01,4.076278612114354871e+01
2.676478993998285461e+01,4.212838202905177099e+01
2.678479565590168576e+01,4.419523335457000712e+01
2.680480137182052047e+01,4.535721570620723497e+01
2.682480708773935518e+01,4.752512770175064816e+01
2.684481280365818989e+01,4.879516373626044157e+01
2.686481851957702460e+01,5.019354728146218747e+01
2.688482423549585576e+01,5.199634565275469811e+01
2.690482995141469047e+01,5.275076506732327175e+01
2.692483566733352518e+01,5.277714460054486523e+01
2.694484138325235989e+01,5.215516899077466917e+01
2.696484709917119105e+01,5.184647461295893578e+01
2.698485281509002576e+01,5.165670603345655110e+01
2.700485853100886047e+01,4.988231407139256390e+01
2.702486424692769518e+01,4.772712568987144266e+01
2.704486996284652989e+01,4.580873189968149717e+01
2.706487567876536104e+01,4.251582064198315436e+01
2.708488139468419575e+01,3.954132699817586882e+01
2.710488711060303046e+01,3.525595391710274384e+01
2.712489282652186517e+01,3.194145346754477899e+01
2.714489854244069988e+01,2.907339636830873886e+01
2.716490425835953104e+01,2.588402802515469503e+01
2.718490997427836575e+01,2.258393443199884487e+01
2.720491569019720046e+01,1.988320201615333360e+01
2.722492140611603517e+01,1.698087120737337585e+01
2.724492712203486633e+01,1.471834318966540067e+01
2.726493283795370104e+01,1.276378119317585380e+01
2.728493855387253575e+01,1.076528504059619529e+01
2.730494426979137046e+01,1.038471414658527436e+01
2.732494998571020517e+01,8.565048812889244800e+00
2.734495570162903633e+01,8.386782893078711609e+00
2.736496141754787104e+01,7.221596281025310482e+00
2.738496713346670575e+01,5.992289135758956498e+00
2.740497284938554046e+01,6.294180428137126526e+00
2.742497856530437517e+01,6.319041704610310006e+00
2.744498428122320632e+01,5.889343575605033188e+00
2.746498999714204103e+01,5.691006709416904563e+00
2.748499571306087574e+01,5.094910821051961136e+00
2.750500142897971045e+01,5.235413794419032207e+00
2.752500714489854516e+01,5.203717290097110038e+00
2.754501286081737632e+01,4.310176701129620369e+00
2.756501857673621103e+01,4.829082641436882817e+00
2.758502429265504574e+01,5.001011675038599336e+00
2.760503000857388045e+01,4.986448719147721143e+00
2.762503572449271161e+01,5.354816147302807749e+00
2.764504144041154632e+01,5.315418355339025069e+00
2.766504715633038103e+01,5.214833576264493509e+00
2.768505287224921574e+01,5.326529934239154329e+00
2.770505858816805045e+01,4.843149757199310734e+00
2.772506430408688161e+01,4.781974248595135535e+00
2.774507002000571632e+01,4.980542617440088193e+00
2.776507573592455103e+01,4.635647914161211247e+00
2.778508145184338574e+01,5.310955408155507484e+00
2.780508716776222045e+01,5.995045217945612848e+00
2.782509288368105160e+01,5.667368706787582866e+00
2.784509859959988631e+01,5.641344920002824281e+00
2.786510431551872102e+01,6.003913980075269663e+00
2.788511003143755573e+01,4.895985055190097412e+00
2.790511574735638689e+01,6.642746166325759205e+00
2.792512146327522160e+01,6.856782919265897114e+00
2.794512717919405631e+01,5.979040181241068730e+00
2.796513289511289102e+01,6.504990923302086614e+00
2.798513861103172573e+01,6.377552658454181511e+00
2.800514432695055689e+01,6.539093889542158422e+00
2.802515004286939160e+01,6.770625032988988323e+00
2.804515575878822631e+01,6.681369605579583038e+00
2.806516147470706102e+01,7.039003646378964696e+00
2.808516719062589573e+01,7.969275721922769229e+00
2.810517290654472689e+01,7.812627731499545369e+00
2.812517862246356160e+01,7.574895600907391113e+00
2.814518433838239631e+01,8.973508890080546863e+00
2.816519005430123102e+01,8.979863185559727512e+00
2.818519577022006217e+01,8.564826938616738161e+00
2.820520148613889688e+01,9.104049864567857142e+00
2.822520720205773159e+01,8.612605471017941383e+00
2.824521291797656630e+01,9.550813722928300109e+00
2.826521863389540101e+01,9.479902317764615560e+00
2.828522434981423217e+01,9.339205945851221102e+00
2.830523006573306688e+01,1.052105203704784486e+01
2.832523578165190159e+01,1.083777528676870539e+01
2.834524149757073630e+01,1.054835701727514241e+01
2.836524721348957101e+01,1.128071083711381917e+01
2.838525292940840217e+01,1.071775014468605036e+01
2.840525864532723688e+01,1.075674435230427051e+01
2.842526436124607159e+01,1.079692241925368990e+01
2.844527007716490630e+01,1.054372069723088856e+01
2.846527579308374101e+01,1.008164186676302698e+01
2.848528150900257216e+01,9.203048707840482123e+00
2.850528722492140687e+01,9.258008607234824439e+00
2.852529294084024158e+01,9.474535376963487465e+00
2.854529865675907629e+01,8.968515397747628626e+00
2.856530437267790745e+01,7.840720174124691688e+00
2.858531008859674216e+01,8.245000577376890405e+00
2.860531580451557687e+01,7.461465016519897020e+00
2.862532152043441158e+01,7.035696604520483177e+00
2.864532723635324629e+01,6.460180284433665321e+00
2.866533295227207745e+01,5.475305773535039222e+00
2.868533866819091216e+01,5.787351591888743485e+00
2.870534438410974687e+01,5.121857533701950516e+00
2.872535010002858158e+01,5.347269171051068248e+00
2.874535581594741629e+01,4.401640339642193034e+00
2.876536153186624745e+01,4.124693415899169935e+00
2.878536724778508216e+01,5.254850565702821719e+00
2.880537296370391687e+01,3.561442719503849830e+00
2.882537867962275158e+01,3.370879154387671939e+00
2.884538439554158273e+01,3.955099290332228623e+00
2.886539011146041744e+01,3.924258829596984022e+00
2.888539582737925215e+01,4.300193784186014945e+00
2.890540154329808686e+01,4.186542986087363971e+00
2.892540725921692157e+01,3.757117161786928783e+00
2.894541297513575273e+01,4.013555913388767493e+00
2.896541869105458744e+01,3.536345450991134065e+00
2.898542440697342215e+01,4.336195044304012924e+00
2.900543012289225686e+01,3.238908737085083533e+00
2.902543583881109157e+01,4.215246508461644837e+00
2.904544155472992273e+01,4.024904006638567289e+00
2.906544727064875744e+01,3.909300460564832491e+00
2.908545298656759215e+01,3.713922345060006514e+00
2.910545870248642686e+01,3.591511879604331270e+00
2.912546441840525802e+01,3.882693556042063676e+00
2.914547013432409273e+01,4.128963784057037678e+00
2.916547585024292744e+01,3.832487400987730553e+00
2.918548156616176215e+01,3.758980363806050828e+00
2.920548728208059686e+01,4.315162358196980463e+00
2.922549299799942801e+01,4.143911289831421207e+00
2.924549871391826272e+01,4.086283485325806986e+00
2.926550442983709743e+01,3.972093270790084674e+00
2.928551014575593214e+01,3.207264926462111365e+00
2.930551586167476685e+01,4.141825563452906422e+00
2.932552157759359801e+01,4.250587095788144865e+00
2.934552729351243272e+01,3.339746274929776160e+00
2.936553300943126743e+01,3.793717264266391886e+00
2.938553872535010214e+01,3.803753594521422698e+00
2.940554444126893330e+01,4.541967075169212720e+00
2.942555015718776801e+01,4.106110575151340036e+00
2.944555587310660272e+01,3.768975714996394721e+00
2.946556158902543743e+01,4.568003614017372982e+00
2.948556730494427214e+01,4.566894823823295368e+00
2.950557302086310330e+01,5.185177433480822273e+00
2.952557873678193801e+01,4.784724899058938163e+00
2.954558445270077272e+01,4.335778435382751539e+00
2.956559016861960743e+01,4.722389414395418150e+00
2.958559588453844214e+01,5.555339828343831776e+00
2.960560160045727329e+01,5.138220606981408700e+00
2.962560731637610800e+01,5.630862396011512061e+00
2.964561303229494271e+01,5.388170465502447826e+00
2.966561874821377742e+01,5.207017530247310511e+00
2.968562446413261213e+01,6.078806105062660947e+00
2.970563018005144329e+01,6.009206286971914501e+00
2.972563589597027800e+01,6.310765091457213316e+00
2.974564161188911271e+01,6.498035564346427151e+00
2.976564732780794742e+01,6.478719893574241162e+00
2.978565304372677858e+01,5.972733801319607849e+00
2.980565875964561329e+01,6.902578074230977023e+00
2.982566447556444800e+01,7.096544197412884003e+00
2.984567019148328271e+01,6.405580311713080732e+00
2.986567590740211742e+01,7.633642030533966505e+00
2.988568162332094857e+01,7.359706239234304448e+00
2.990568733923978328e+01,7.164851322481705864e+00
2.992569305515861799e+01,7.750757386258213977e+00
2.994569877107745270e+01,7.411963728577369181e+00
2.996570448699628741e+01,7.365604711649549330e+00
2.998571020291511857e+01,7.637036457633467279e+00
3.000571591883395328e+01,7.107492333094226566e+00
3.002572163475278799e+01,7.032735611052876479e+00
3.004572735067162270e+01,7.231954118582395452e+00
3.006573306659045386e+01,6.849200845300569718e+00
3.008573878250928857e+01,6.793116568606611949e+00
3.010574449842812328e+01,7.316897155452688040e+00
3.012575021434695799e+01,6.206029587689827487e+00
3.014575593026579270e+01,6.000171208750300522e+00
3.016576164618462386e+01,6.466606469961204695e+00
3.018576736210345857e+01,5.273803947694949201e+00
3.020577307802229328e+01,5.557240268914577896e+00
3.022577879394112799e+01,5.327691057447308864e+00
3.024578450985996270e+01,4.507243872170159094e+00
3.026579022577879385e+01,4.263749754892303123e+00
3.028579594169762856e+01,4.746168046681100705e+00
3.030580165761646327e+01,4.200108420056691827e+00
3.032580737353529798e+01,4.788398652038332592e+00
3.034581308945412914e+01,4.203249395830392920e+00
3.036581880537296385e+01,4.457833872137663356e+00
3.038582452129179856e+01,4.013271214898260553e+00
3.040583023721063327e+01,3.857654199379079163e+00
3.042583595312946798e+01,4.307047186022961327e+00
3.044584166904829914e+01,3.579574515522181866e+00
3.046584738496713385e+01,4.113736794767074656e+00
3.048585310088596856e+01,3.892586184457079490e+00
3.050585881680480327e+01,3.076979868891108527e+00
3.052586453272363798e+01,3.457236325119690257e+00
3.054587024864246914e+01,4.018551444794272065e+00
3.056587596456130385e+01,3.972597348501451187e+00
3.058588168048013856e+01,3.418951747179111322e+00
3.060588739639897327e+01,3.619363298204053336e+00
3.062589311231780798e+01,3.568499486289857359e+00
3.064589882823663913e+01,3.767036814901315811e+00
3.066590454415547384e+01,4.261668085588525834e+00
3.068591026007430855e+01,3.471123837086243391e+00
3.070591597599314326e+01,3.966937345622441047e+00
3.072592169191197442e+01,3.912799016681536735e+00
3.074592740783080913e+01,4.248310405643970000e+00
3.076593312374964384e+01,4.034656191639236056e+00
3.078593883966847855e+01,3.735922641423234047e+00
3.080594455558731326e+01,3.842733907938148175e+00
3.082595027150614442e+01,3.890597708485329598e+00
3.084595598742497913e+01,3.932545961250880850e+00
3.086596170334381384e+01,3.882869278417843795e+00
3.088596741926264855e+01,3.666309984127765986e+00
3.090597313518148326e+01,4.423065574441415571e+00
3.092597885110031442e+01,4.149844047224859445e+00
3.094598456701914913e+01,4.080295421760118835e+00
3.096599028293798384e+01,4.353363380053157705e+00
3.098599599885681855e+01,4.602475312975834676e+00
3.100600171477564970e+01,4.949516199062012234e+00
3.102600743069448441e+01,4.411470606118840010e+00
3.104601314661331912e+01,4.221279018287586560e+00
3.106601886253215383e+01,4.532668750628689125e+00
3.108602457845098854e+01,5.142989415847806889e+00
3.110603029436981970e+01,5.991619339138495093e+00
3.112603601028865441e+01,4.984700164533485633e+00
3.114604172620748912e+01,4.964146683302358198e+00
3.116604744212632383e+01,5.600693683462729666e+00
3.118605315804515854e+01,6.004579151426955974e+00
3.120605887396398970e+01,6.573307453009300971e+00
3.122606458988282441e+01,6.583993866244692406e+00
3.124607030580165912e+01,6.472656947856354037e+00
3.126607602172049383e+01,6.794118488861654370e+00
3.128608173763932498e+01,7.156095432577162185e+00
3.130608745355815969e+01,7.363794895709651733e+00
3.132609316947699440e+01,7.197491661485186931e+00
3.134609888539582911e+01,7.128463421348035567e+00
3.136610460131466382e+01,7.749420820051073022e+00
3.138611031723349498e+01,7.317883323780415949e+00
3.140611603315232969e+01,7.507827484788252015e+00
3.142612174907116440e+01,6.862054122817777824e+00
3.144612746498999911e+01,7.532008451113031633e+00
3.146613318090883382e+01,7.103193438790142089e+00
3.148613889682766498e+01,6.851490004315967219e+00
3.150614461274649969e+01,7.512534261393922108e+00
3.152615032866533440e+01,6.911663960852391320e+00
3.154615604458416911e+01,7.399952530129422001e+00
3.156616176050300382e+01,6.470986160192982339e+00
3.158616747642183498e+01,5.888968610856649022e+00
3.160617319234066969e+01,5.899705683626563335e+00
3.162617890825950440e+01,6.019591557125254511e+00
3.164618462417833911e+01,5.548485309072075822e+00
3.166619034009717026e+01,5.624577030921132703e+00
3.168619605601600497e+01,4.608666843955209202e+00
3.170620177193483968e+01,4.114938775812079896e+00
3.172620748785367439e+01,4.035499504023876582e+00
3.174621320377250910e+01,4.107617412144374924e+00
3.176621891969134026e+01,4.499859160876958697e+00
3.178622463561017497e+01,3.821949086008233021e+00
3.180623035152900968e+01,3.739411874115694978e+00
3.182623606744784439e+01,4.576320922502019606e+00
3.184624178336667910e+01,4.544613066675700530e+00
3.186624749928551026e+01,3.622419080299890126e+00
3.188625321520434497e+01,4.231324661075046123e+00
3.190625893112317968e+01,4.156449180029365920e+00
3.192626464704201439e+01,3.233135170135296832e+00
3.194627036296084555e+01,3.280312913546336695e+00
3.196627607887968026e+01,3.418641025343363893e+00
3.198628179479851497e+01,3.728731151022904644e+00
3.200628751071734968e+01,3.563752338300924194e+00
3.202629322663618439e+01,4.267030900156466799e+00
3.204629894255501199e+01,3.646864162898559414e+00
3.206630465847385381e+01,4.285237851351443972e+00
3.208631037439268141e+01,4.271165211564500908e+00
3.210631609031152323e+01,4.497815538790245427e+00
3.212632180623035083e+01,4.389824448871815221e+00
3.214632752214918554e+01,5.028889232564438316e+00
3.216633323806802025e+01,4.506004285471375326e+00
3.218633895398685496e+01,5.155511085844469932e+00
3.220634466990568967e+01,4.791396138729181686e+00
3.222635038582451728e+01,4.960974995387544162e+00
3.224635610174335909e+01,4.839286887730681386e+00
3.226636181766218670e+01,5.576888726166738586e+00
3.228636753358102851e+01,5.799154378903843110e+00
3.230637324949985612e+01,6.307028399092000193e+00
3.232637896541869083e+01,7.198214216542716315e+00
3.234638468133752554e+01,6.689763861182035143e+00
3.236639039725636025e+01,7.625074678488924285e+00
3.238639611317519496e+01,8.584516063478869086e+00
3.240640182909402967e+01,9.024792278899141706e+00
3.242640754501286438e+01,8.288355034250772135e+00
3.244641326093169198e+01,9.880662935334157737e+00
3.246641897685053380e+01,1.037210026812903862e+01
3.248642469276936140e+01,1.096387505184275746e+01
3.250643040868819611e+01,1.130091834440474940e+01
3.252643612460703082e+01,1.254223359206240218e+01
3.254644184052586553e+01,1.355527913105665583e+01
3.256644755644470024e+01,1.440816238621388123e+01
3.258645327236353495e+01,1.484783225887231239e+01
3.260645898828236966e+01,1.567402923900615974e+01
3.262646470420119726e+01,1.714988609131120612e+01
3.264647042012003908e+01,1.761069017273466386e+01
3.266647613603886668e+01,1.851950248345242400e+01
3.268648185195770850e+01,1.999605621230031005e+01
3.270648756787653610e+01,2.105189704263419515e+01
3.272649328379537081e+01,2.273321314683406058e+01
3.274649899971420552e+01,2.423625837769772318e+01
3.276650471563304023e+01,2.489729998712536840e+01
3.278651043155187494e+01,2.578103687566379776e+01
3.280651614747070255e+01,2.762353366825705336e+01
3.282652186338954436e+01,2.913963579194591347e+01
3.284652757930837197e+01,3.031197825180852590e+01
3.286653329522721378e+01,3.096343513139001757e+01
3.288653901114604139e+01,3.130120099535651690e+01
3.290654472706487610e+01,3.274253594620159902e+01
3.292655044298371081e+01,3.292617694266027684e+01
3.294655615890254552e+01,3.266147831786632594e+01
3.296656187482138023e+01,3.265490814537922404e+01
3.298656759074020783e+01,3.228439096977454170e+01
3.300657330665904965e+01,3.119286834287285970e+01
3.302657902257787725e+01,2.999122278669324970e+01
3.304658473849671907e+01,2.902593946910467082e+01
3.306659045441554667e+01,2.749099142525411210e+01
3.308659617033438138e+01,2.544888555858767987e+01
3.310660188625321609e+01,2.387243573119743090e+01
3.312660760217205080e+01,2.151563131924574179e+01
3.314661331809088551e+01,1.884279947668485633e+01
3.316661903400971312e+01,1.821124588750816287e+01
3.318662474992855493e+01,1.606629173784246234e+01
3.320663046584738254e+01,1.401104816000185238e+01
3.322663618176622435e+01,1.269886445268513242e+01
3.324664189768505196e+01,1.053211104264459941e+01
3.326664761360388667e+01,9.711726452544517940e+00
3.328665332952272138e+01,8.356270821175348473e+00
3.330665904544155609e+01,7.550295981103333887e+00
3.332666476136039080e+01,7.106144829699672982e+00
3.334667047727922551e+01,6.361530272495367733e+00
3.336667619319806022e+01,5.708047872804790757e+00
3.338668190911688782e+01,6.101330771132728259e+00
3.340668762503572964e+01,6.034871930348671754e+00
3.342669334095455724e+01,5.182171629978282290e+00
3.344669905687339195e+01,5.646974882726119915e+00
3.346670477279222666e+01,4.381648067276097791e+00
3.348671048871106137e+01,4.557799810755200021e+00
3.350671620462989608e+01,4.642661181008519655e+00
3.352672192054873079e+01,4.077316530769479641e+00
3.354672763646756550e+01,4.777103472673589479e+00
3.356673335238639311e+01,4.257215612469737565e+00
3.358673906830523492e+01,4.401083006609539439e+00
3.360674478422406253e+01,4.139596914505955461e+00
3.362675050014290434e+01,4.380881169029325228e+00
3.364675621606173195e+01,4.625038276647815749e+00
3.366676193198056666e+01,4.358543801812936991e+00
3.368676764789940137e+01,4.448518604946263721e+00
3.370677336381823608e+01,4.784257727735740318e+00
3.372677907973707079e+01,5.033318853024345785e+00
3.374678479565589839e+01,5.009818552390174595e+00
3.376679051157474021e+01,4.945531519492134542e+00
3.378679622749356781e+01,5.628837743714077746e+00
3.380680194341240963e+01,5.486892253454193735e+00
3.382680765933123723e+01,5.328871105709479750e+00
3.384681337525007194e+01,5.542240510507316031e+00
3.386681909116890665e+01,5.433168726110966240e+00
3.388682480708774136e+01,5.761298431795627728e+00
3.390683052300657607e+01,6.533778612004692121e+00
3.392683623892540368e+01,6.269487225762683913e+00
3.394684195484424549e+01,7.307067470222833094e+00
3.396684767076307310e+01,7.457023407178479779e+00
3.398685338668191491e+01,6.896135590467901366e+00
3.400685910260074252e+01,7.104299421179108620e+00
3.402686481851957723e+01,7.693819796981777870e+00
3.404687053443841194e+01,8.265428404580228872e+00
3.406687625035724665e+01,8.839315713076183911e+00
3.408688196627608136e+01,8.202931817360287425e+00
3.410688768219490896e+01,8.805168886369040493e+00
3.412689339811375078e+01,9.344295288267014499e+00
3.414689911403257838e+01,9.538315803415024163e+00
3.416690482995142020e+01,9.296422642496736444e+00
3.418691054587024780e+01,9.602141334924551686e+00
3.420691626178908251e+01,1.097419977350258158e+01
3.422692197770791722e+01,1.120606289971157388e+01
3.424692769362675193e+01,1.160512824008216981e+01
3.426693340954558664e+01,1.227093744014456611e+01
3.428693912546442135e+01,1.260832134751918865e+01
3.430694484138325606e+01,1.375654085032201301e+01
3.432695055730208367e+01,1.492034342713857065e+01
3.434695627322092548e+01,1.579552076279989947e+01
3.436696198913975309e+01,1.678215518198880218e+01
3.438696770505858780e+01,1.718818074536864060e+01
3.440697342097742251e+01,1.853725972649677800e+01
3.442697913689625722e+01,1.854866792816023846e+01
3.444698485281509193e+01,2.012056102284238079e+01
3.446699056873392664e+01,2.048952046536921046e+01
3.448699628465276135e+01,2.222893376425321321e+01
3.450700200057158895e+01,2.250578534937785946e+01
3.452700771649043077e+01,2.435922450451539945e+01
3.454701343240925837e+01,2.466970005741116623e+01
3.456701914832810019e+01,2.413050790000632517e+01
3.458702486424692779e+01,2.430247970030295690e+01
3.460703058016576250e+01,2.453937136542885256e+01
3.462703629608459721e+01,2.519009308473983211e+01
3.464704201200343192e+01,2.331089335832663068e+01
3.466704772792226663e+01,2.322377116602871538e+01
3.468705344384109424e+01,2.167459329373726717e+01
3.470705915975993605e+01,2.059967105849297297e+01
3.472706487567876366e+01,1.961811860772001381e+01
3.474707059159760547e+01,1.733651360871003533e+01
3.476707630751643308e+01,1.573073393901298545e+01
3.478708202343526779e+01,1.447256101499428382e+01
3.480708773935410250e+01,1.337041535341803566e+01
3.482709345527293721e+01,1.221972761125464935e+01
3.484709917119177192e+01,1.006049737859544280e+01
3.486710488711059952e+01,8.882469458695224418e+00
3.488711060302944134e+01,8.072086512798254176e+00
3.490711631894826894e+01,7.654166734239352898e+00
3.492712203486711076e+01,7.395226090782013095e+00
3.494712775078593836e+01,5.462127167818294105e+00
3.496713346670477307e+01,5.693364272856761943e+00
3.498713918262360778e+01,4.973927369085516581e+00
3.500714489854244249e+01,5.080462663402975032e+00
3.502715061446127720e+01,4.764927117726679207e+00
3.504715633038010481e+01,4.619986302947858725e+00
3.506716204629894662e+01,4.212424916217288207e+00
3.508716776221777423e+01,4.329974659986026708e+00
3.510717347813661604e+01,5.123960811665507542e+00
3.512717919405544365e+01,3.373881818936310673e+00
3.514718490997427836e+01,4.107762183832754488e+00
3.516719062589311307e+01,4.603928970562000345e+00
3.518719634181194778e+01,3.613867826996309596e+00
3.520720205773078249e+01,4.331148190991950031e+00
3.522720777364961720e+01,4.040457214555910781e+00
3.524721348956845191e+01,4.242060229160618867e+00
3.526721920548727951e+01,4.298781896069749919e+00
3.528722492140612133e+01,3.769260493327511341e+00
3.530723063732494893e+01,4.066239149855965351e+00
3.532723635324378364e+01,4.297633930995358398e+00
3.534724206916261835e+01,4.141244076497109461e+00
3.536724778508145306e+01,4.716522223126070834e+00
3.538725350100028777e+01,4.047652563625222299e+00
3.540725921691912248e+01,4.169703758500573620e+00
3.542726493283795719e+01,4.003822121506453335e+00
3.544727064875678479e+01,4.435991964839786306e+00
3.546727636467562661e+01,3.653939804546470604e+00
3.548728208059445421e+01,4.699851158393459016e+00
3.550728779651329603e+01,4.491305355913202568e+00
3.552729351243212363e+01,5.236400521021090881e+00
3.554729922835095834e+01,4.203242213165343522e+00
3.556730494426979305e+01,5.144990371759078585e+00
3.558731066018862776e+01,5.297505671320505094e+00
3.560731637610746247e+01,4.755582047481235364e+00
3.562732209202629008e+01,4.736547191212671315e+00
3.564732780794513189e+01,5.662928195840692069e+00
3.566733352386395950e+01,5.499622464921383624e+00
3.568733923978280131e+01,4.610189306219945493e+00
3.570734495570162892e+01,4.993269761524999240e+00
3.572735067162046363e+01,4.303924440775881877e+00
3.574735638753929834e+01,4.837717366876748137e+00
3.576736210345813305e+01,5.574108466935449258e+00
3.578736781937696776e+01,4.572733275091299454e+00
3.580737353529579536e+01,4.788362924783370111e+00
3.582737925121463718e+01,4.253640279220659792e+00
3.584738496713346478e+01,5.002220477393285236e+00
3.586739068305230660e+01,4.547583999326969106e+00
3.588739639897113420e+01,4.500517834872159284e+00
3.590740211488996891e+01,5.122859317096514431e+00
3.592740783080880362e+01,3.810965198583407876e+00
3.594741354672763833e+01,4.422576392973924797e+00
3.596741926264647304e+01,4.729877496715091389e+00
3.598742497856530065e+01,4.563723682674439175e+00
3.600743069448414246e+01,3.713699787775507133e+00
3.602743641040297007e+01,3.862662950580370236e+00
3.604744212632181188e+01,4.780504541625442805e+00
3.606744784224063949e+01,4.704369677366140756e+00
3.608745355815947420e+01,3.362082041235125551e+00
3.610745927407830891e+01,4.005629597150334398e+00
3.612746498999714362e+01,3.575765397428595449e+00
3.614747070591597833e+01,3.186570630860463105e+00
3.616747642183481304e+01,4.238204267552711180e+00
3.618748213775364775e+01,3.178307605219376608e+00
3.620748785367247535e+01,3.753648265101142023e+00
3.622749356959131717e+01,4.426772525036313688e+00
3.624749928551014477e+01,3.384676027007262888e+00
3.626750500142897948e+01,4.135810049410244105e+00
3.628751071734781419e+01,3.734531335867301571e+00
3.630751643326664890e+01,3.942916217072006013e+00
3.632752214918548361e+01,3.630592433413901254e+00
3.634752786510431832e+01,3.948381283437528033e+00
3.636753358102315303e+01,3.949943377951813162e+00
3.638753929694198064e+01,4.893118918108118720e+00
3.640754501286082245e+01,4.425292385195347400e+00
3.642755072877965006e+01,4.038596858753475516e+00
3.644755644469849187e+01,4.267731562655335154e+00
3.646756216061731948e+01,5.242170423129962842e+00
3.648756787653615419e+01,4.903955085790309809e+00
3.650757359245498890e+01,4.803909165156585281e+00
3.652757930837382361e+01,5.071594499249027166e+00
3.654758502429265832e+01,5.469714625675964115e+00
3.656759074021148592e+01,4.757489888604052197e+00
3.658759645613032774e+01,6.086532614636366745e+00
3.660760217204915534e+01,5.959914486810445666e+00
3.662760788796799716e+01,6.028239041103794271e+00
3.664761360388682476e+01,6.540610160920867777e+00
3.666761931980565947e+01,6.516573742422272275e+00
3.668762503572449418e+01,6.267677837376551153e+00
3.670763075164332889e+01,7.532859895027151254e+00
3.672763646756216360e+01,7.340818483150196805e+00
3.674764218348099121e+01,7.772284399666332888e+00
3.676764789939983302e+01,8.485732483706431850e+00
3.678765361531866063e+01,8.764142507935886783e+00
3.680765933123750244e+01,8.411633786625055009e+00
3.682766504715633005e+01,8.920796155379468573e+00
3.684767076307516476e+01,8.552003482429244130e+00
3.686767647899399947e+01,9.873366497505685402e+00
3.688768219491283418e+01,9.486209593057008505e+00
3.690768791083166889e+01,9.346579491560618180e+00
3.692769362675049649e+01,9.733728376990029574e+00
3.694769934266933831e+01,1.006991403381246464e+01
3.696770505858816591e+01,9.202019370935353493e+00
3.698771077450700773e+01,9.029686830279093357e+00
3.700771649042583533e+01,9.423674523791477853e+00
3.702772220634467004e+01,8.239789414149763402e+00
3.704772792226350475e+01,8.019127848730583707e+00
3.706773363818233946e+01,8.127755845402184320e+00
3.708773935410117417e+01,7.854310552079825314e+00
3.710774507002000888e+01,7.531095516714935378e+00
3.712775078593884359e+01,6.708070462801313028e+00
3.714775650185767120e+01,6.626462210428911703e+00
3.716776221777651301e+01,6.075747325112928365e+00
3.718776793369534062e+01,5.627487872956806747e+00
3.720777364961417533e+01,5.680436905402144632e+00
3.722777936553301004e+01,5.505978218888653686e+00
3.724778508145184475e+01,4.912598726436540275e+00
3.726779079737067946e+01,4.861003233226831810e+00
3.728779651328951417e+01,4.685777290219354185e+00
3.730780222920834888e+01,4.502537989621213654e+00
3.732780794512717648e+01,4.862089246441299473e+00
3.734781366104601830e+01,4.004537194677916467e+00
3.736781937696484590e+01,4.164796215215981867e+00
3.738782509288368772e+01,4.117968372479812622e+00
3.740783080880251532e+01,4.097848683610718190e+00
3.742783652472135003e+01,3.610127930351733294e+00
3.744784224064018474e+01,4.058169623403075299e+00
3.746784795655901945e+01,4.113729767732242415e+00
3.748785367247785416e+01,4.424088075357692773e+00
3.750785938839668177e+01,4.077166911479453759e+00
3.752786510431552358e+01,3.967788639122879601e+00
3.754787082023435119e+01,4.110601594863305230e+00
3.756787653615319300e+01,2.882287980531013538e+00
3.758788225207202061e+01,3.375273773769754015e+00
3.760788796799085532e+01,3.789447991898093449e+00
3.762789368390969003e+01,3.253116326848682682e+00
3.764789939982852474e+01,3.617564668475185208e+00
3.766790511574735945e+01,3.454242446629256058e+00
3.768791083166618705e+01,3.220818823966784539e+00
3.770791654758502887e+01,3.308057754211709334e+00
3.772792226350385647e+01,2.986950328322331316e+00
3.774792797942269829e+01,2.958033108920696819e+00
3.776793369534152589e+01,3.421760675318272771e+00
3.778793941126036060e+01,3.458476966884810988e+00
3.780794512717919531e+01,3.797555640224317131e+00
3.782795084309803002e+01,3.190114444787070624e+00
3.784795655901686473e+01,3.384801135682779183e+00
3.786796227493569234e+01,3.520608264292779843e+00
3.788796799085453415e+01,4.096844867694792391e+00
3.790797370677336176e+01,3.712303784794722894e+00
3.792797942269220357e+01,4.025024034558263075e+00
3.794798513861103118e+01,3.126437029485762409e+00
3.796799085452986589e+01,3.791424070830024640e+00
3.798799657044870060e+01,3.983522945936543547e+00
3.800800228636753531e+01,3.821276655883672824e+00
3.802800800228637002e+01,3.704798334084555389e+00
3.804801371820520473e+01,3.942567513739934970e+00
3.806801943412403944e+01,3.478354688792646421e+00
3.808802515004286704e+01,3.430460377328249599e+00
3.810803086596170886e+01,2.876278516894410942e+00
3.812803658188053646e+01,3.433711981208172226e+00
3.814804229779937117e+01,4.089952404548889753e+00
3.816804801371820588e+01,3.049324612508868437e+00
3.818805372963704059e+01,3.544461926666067519e+00
3.820805944555587530e+01,2.756924441716166907e+00
3.822806516147471001e+01,3.226409414229466144e+00
3.824807087739354472e+01,3.736408546158268784e+00
3.826807659331237232e+01,3.289741636378744172e+00
3.828808230923121414e+01,4.103354573679419026e+00
3.830808802515004174e+01,2.802448883071601671e+00
3.832809374106888356e+01,3.405607963417903949e+00
3.834809945698771116e+01,3.723380758392718981e+00
3.836810517290654587e+01,3.805278332158147592e+00
3.838811088882538058e+01,3.276926846927221249e+00
3.840811660474421529e+01,4.408639462315879776e+00
3.842812232066305000e+01,3.637876107856425456e+00
3.844812803658187761e+01,3.331164430047288239e+00
3.846813375250071942e+01,3.752301752682382308e+00
3.848813946841954703e+01,3.074341611846785671e+00
3.850814518433838884e+01,3.502521962009319090e+00
3.852815090025721645e+01,3.929630548721599670e+00
3.854815661617605116e+01,4.111040662917107014e+00
3.856816233209488587e+01,3.120510988684577214e+00
3.858816804801372058e+01,3.836125833856773415e+00
3.860817376393255529e+01,3.408817583738882995e+00
3.862817947985138289e+01,3.515280320675433501e+00
3.864818519577022471e+01,3.311086586798597242e+00
3.866819091168905231e+01,3.254499004707391840e+00
3.868819662760789413e+01,3.454579956739891600e+00
3.870820234352672173e+01,3.866196240395026962e+00
3.872820805944555644e+01,3.348907272469884955e+00
3.874821377536439115e+01,4.289883060343141707e+00
3.876821949128322586e+01,3.587940066382820259e+00
3.878822520720206057e+01,3.402907414743255199e+00
3.880823092312088818e+01,3.889957993468307951e+00
3.882823663903972999e+01,3.463116087820933942e+00
3.884824235495855760e+01,3.936026938257770613e+00
3.886824807087739941e+01,3.838371025554100591e+00
3.888825378679622702e+01,4.514984287027530740e+00
3.890825950271506173e+01,4.621898780360639947e+00
3.892826521863389644e+01,4.805023866600630633e+00
3.894827093455273115e+01,3.834571858455068316e+00
3.896827665047156586e+01,3.690478735816427935e+00
3.898828236639040057e+01,4.913253728384576746e+00
3.900828808230923528e+01,4.632333019300191701e+00
3.902829379822806288e+01,5.042591252386459999e+00
3.904829951414690470e+01,4.758304076840427221e+00
3.906830523006573230e+01,4.781893481959769154e+00
3.908831094598456701e+01,5.026506458521510901e+00
3.910831666190340172e+01,5.418070640955129136e+00
3.912832237782223643e+01,5.520384403189309452e+00
3.914832809374107114e+01,5.954528506180926328e+00
3.916833380965990585e+01,5.998401737772056208e+00
3.918833952557874056e+01,6.104870484584485446e+00
3.920834524149756817e+01,6.987231663988557884e+00
3.922835095741640998e+01,6.181821778731486638e+00
3.924835667333523759e+01,7.761362213850329539e+00
3.926836238925407940e+01,7.622980015362028183e+00
3.928836810517290701e+01,7.671207114120154102e+00
3.930837382109174172e+01,7.658177051649829536e+00
3.932837953701057643e+01,7.058329365549705692e+00
3.934838525292941114e+01,7.835521072509537888e+00
3.936839096884824585e+01,7.451106805930823640e+00
3.938839668476707345e+01,7.549432792172719786e+00
3.940840240068591527e+01,7.199584985879235788e+00
3.942840811660474287e+01,6.850727751548696176e+00
3.944841383252358469e+01,7.360319938352079205e+00
3.946841954844241229e+01,7.967218764681703647e+00
3.948842526436124700e+01,7.084336759217977786e+00
3.950843098028008171e+01,7.008120344275192259e+00
3.952843669619891642e+01,6.653679263998965254e+00
3.954844241211775113e+01,6.272141724079995484e+00
3.956844812803657874e+01,5.832415549504516683e+00
3.958845384395542055e+01,6.107244154347848841e+00
3.960845955987424816e+01,5.663593000081944773e+00
3.962846527579308997e+01,5.266641573851048364e+00
3.964847099171191758e+01,5.136726258817454038e+00
3.966847670763075229e+01,5.237820546091700002e+00
3.968848242354958700e+01,4.619413076184502032e+00
3.970848813946842171e+01,5.209756893602916605e+00
3.972849385538725642e+01,5.256825215834875387e+00
3.974849957130608402e+01,4.434611005168902054e+00
3.976850528722492584e+01,3.997404239922175417e+00
3.978851100314375344e+01,4.666921792888664378e+00
3.980851671906259526e+01,4.398293394215228247e+00
3.982852243498142286e+01,4.914033021404331514e+00
3.984852815090025757e+01,4.000882330801468711e+00
3.986853386681909228e+01,4.203484824647664375e+00
3.988853958273792699e+01,5.405421469219882091e+00
3.990854529865676170e+01,4.491586236913684971e+00
3.992855101457559641e+01,5.050019219932430303e+00
3.994855673049443112e+01,5.708269709746272014e+00
3.996856244641325873e+01,5.885325437515013469e+00
3.998856816233210054e+01,5.476958379562526069e+00
4.000857387825092815e+01,6.373557777706073679e+00
4.002857959416976286e+01,6.147648080892111899e+00
4.004858531008859757e+01,6.227457829931391409e+00
4.006859102600743228e+01,7.313274490486689317e+00
4.008859674192626699e+01,7.235397847363981505e+00
4.010860245784510170e+01,7.904975238336845678e+00
4.012860817376393641e+01,8.455874906710347361e+00
4.014861388968276401e+01,8.246079052511101182e+00
4.016861960560160583e+01,8.997233864689704319e+00
4.018862532152043343e+01,9.681199645775279805e+00
4.020863103743927525e+01,1.036651399514253313e+01
4.022863675335810285e+01,1.131436239462911253e+01
4.024864246927693756e+01,1.134049425601768313e+01
4.026864818519577227e+01,1.149819941839279025e+01
4.028865390111460698e+01,1.335780185459314673e+01
4.030865961703344169e+01,1.371777994344664364e+01
4.032866533295226930e+01,1.453325445096393409e+01
4.034867104887111111e+01,1.567114589068894759e+01
4.036867676478993872e+01,1.519863421984535634e+01
4.038868248070878053e+01,1.671043045117984249e+01
4.040868819662760814e+01,1.759731925625092330e+01
4.042869391254644285e+01,1.999212123765224192e+01
4.044869962846527756e+01,2.064260977931278163e+01
4.046870534438411227e+01,2.144569740089008647e+01
4.048871106030294698e+01,2.301593742863952485e+01
4.050871677622177458e+01,2.393768048207007837e+01
4.052872249214061640e+01,2.577752369946884414e+01
4.054872820805944400e+01,2.529011487356203247e+01
4.056873392397828582e+01,2.731555100673621794e+01
4.058873963989711342e+01,2.730755451934008704e+01
4.060874535581594813e+01,2.743440935030481143e+01
4.062875107173478284e+01,2.791523855282084199e+01
4.064875678765361755e+01,2.820291549365702721e+01
4.066876250357245226e+01,2.789463188504071667e+01
4.068876821949127986e+01,2.713528221375522875e+01
4.070877393541012168e+01,2.639912156870098769e+01
4.072877965132894929e+01,2.659724763222788724e+01
4.074878536724779110e+01,2.470627644551671054e+01
4.076879108316661871e+01,2.360451618769030091e+01
4.078879679908545342e+01,2.287603220697721440e+01
4.080880251500428813e+01,2.218158056455713023e+01
4.082880823092312284e+01,2.082781709649056268e+01
4.084881394684195755e+01,1.996511892693915868e+01
4.086881966276079226e+01,1.766089801586760188e+01
4.088882537867962697e+01,1.745869496836495571e+01
4.090883109459845457e+01,1.567966687566809902e+01
4.092883681051729639e+01,1.403016432742261799e+01
4.094884252643612399e+01,1.355526287567426813e+01
4.096884824235495870e+01,1.234917046654483208e+01
4.098885395827379341e+01,1.186611776523717054e+01
4.100885967419262812e+01,1.047787050119797492e+01
4.102886539011146283e+01,8.987351929310316123e+00
4.104887110603029754e+01,8.468932193279030685e+00
4.106887682194913225e+01,7.934508909151723799e+00
4.108888253786795985e+01,7.829552374573481188e+00
4.110888825378680167e+01,7.644793181454669018e+00
4.112889396970562927e+01,7.023822648913484734e+00
4.114889968562447109e+01,6.196969904636766557e+00
4.116890540154329869e+01,6.207088639283352194e+00
4.118891111746213340e+01,5.702159683670473989e+00
4.120891683338096811e+01,5.685393964805427913e+00
4.122892254929980282e+01,5.885529453844082326e+00
4.124892826521863753e+01,5.618130969697548771e+00
4.126893398113746514e+01,6.011634583739407844e+00
4.128893969705630695e+01,5.125939457549281819e+00
4.130894541297513456e+01,4.640289638586522436e+00
4.132895112889397637e+01,4.930051708934716004e+00
4.134895684481280398e+01,5.391348926297331090e+00
4.136896256073163869e+01,5.302084630258032227e+00
4.138896827665047340e+01,5.039416367732715507e+00
4.140897399256930811e+01,4.823186460330848746e+00
4.142897970848814282e+01,4.201576190365134522e+00
4.144898542440697042e+01,5.288552667743498858e+00
4.146899114032581224e+01,4.494113245643971410e+00
4.148899685624463984e+01,5.025289842258519712e+00
4.150900257216348166e+01,3.806843388737872313e+00
4.152900828808230926e+01,4.514827152061761772e+00
4.154901400400114397e+01,4.549358339081296165e+00
4.156901971991997868e+01,3.938893032655341297e+00
4.158902543583881339e+01,4.159004505436298516e+00
4.160903115175764810e+01,4.393611616633159578e+00
4.162903686767647571e+01,3.372481492337175979e+00
4.164904258359531752e+01,4.274394676198634002e+00
4.166904829951414513e+01,4.190611585579580023e+00
4.168905401543298694e+01,4.064544943184897896e+00
4.170905973135181455e+01,4.385451441898934100e+00
4.172906544727064926e+01,4.546124638647995653e+00
4.174907116318948397e+01,4.657817148574613597e+00
4.176907687910831868e+01,4.537160976378157962e+00
4.178908259502715339e+01,4.860045725531470850e+00
4.180908831094598810e+01,3.959410249873474896e+00
4.182909402686482281e+01,4.360423820899642422e+00
4.184909974278365041e+01,4.374096463088973152e+00
4.186910545870249223e+01,5.427998470270938292e+00
4.188911117462131983e+01,4.721651469278169699e+00
4.190911689054015454e+01,4.920940304034392199e+00
4.192912260645898925e+01,5.429439880825730924e+00
4.194912832237782396e+01,5.440982915290449640e+00
4.196913403829665867e+01,4.916337277260512728e+00
4.198913975421549338e+01,5.590132186392514413e+00
4.200914547013432809e+01,5.434684609176343884e+00
4.202915118605316280e+01,5.495409537161910052e+00
4.204915690197199041e+01,5.303244961962413129e+00
4.206916261789082512e+01,6.128437531091806889e+00
4.208916833380965983e+01,5.718591364066489824e+00
4.210917404972849454e+01,5.679378444176188090e+00
4.212917976564732925e+01,6.115328580078566389e+00
4.214918548156616396e+01,6.393500112098127630e+00
4.216919119748499867e+01,4.924625372126472556e+00
4.218919691340383338e+01,5.963158590764576772e+00
4.220920262932266809e+01,5.842172107066335052e+00
4.222920834524150280e+01,5.332580950353517757e+00
4.224921406116033040e+01,5.473426120698982267e+00
4.226921977707916511e+01,4.834772913174114173e+00
4.228922549299799982e+01,4.704875633834639359e+00
4.230923120891683453e+01,4.838000918441601073e+00
4.232923692483566924e+01,4.777069723483071684e+00
4.234924264075450395e+01,4.894022364496290578e+00
4.236924835667333866e+01,4.597206354070873857e+00
4.238925407259217337e+01,4.464259745558998738e+00
4.240925978851100808e+01,4.525502747279974258e+00
4.242926550442983569e+01,3.929452072407169982e+00
4.244927122034867040e+01,3.706177859348063208e+00
4.246927693626750511e+01,3.378306930637529959e+00
4.248928265218633982e+01,4.481092560837151240e+00
4.250928836810517453e+01,4.132190554575308816e+00
4.252929408402400924e+01,2.900960103881637941e+00
4.254929979994284395e+01,3.246391663567058217e+00
4.256930551586167866e+01,4.393926999134413869e+00
4.258931123178051337e+01,3.578822458361497372e+00
4.260931694769934097e+01,4.215295869466993750e+00
4.262932266361817568e+01,3.866108541573003876e+00
4.264932837953701039e+01,4.130021636466421064e+00
4.266933409545584510e+01,4.372575084963216341e+00
4.268933981137467981e+01,3.814594979136740172e+00
4.270934552729351452e+01,3.988914833636129753e+00
4.272935124321234923e+01,3.831182948228962104e+00
4.274935695913118394e+01,3.524791464237645222e+00
4.276936267505001865e+01,3.296258279196421892e+00
4.278936839096885336e+01,3.769678891794344899e+00
4.280937410688768097e+01,3.506948088173613254e+00
4.282937982280651568e+01,3.747545431526285942e+00
4.284938553872535039e+01,3.882502908649207107e+00
4.286939125464418510e+01,3.593601504460877560e+00
4.288939697056301981e+01,3.267391179853437411e+00
4.290940268648185452e+01,4.292532310449145072e+00
4.292940840240068923e+01,3.668357690862647846e+00
4.294941411831952394e+01,3.333400622181156514e+00
4.296941983423835865e+01,3.515620592143104517e+00
4.298942555015718625e+01,3.466094486990616730e+00
4.300943126607602096e+01,3.288317631002330987e+00
4.302943698199485567e+01,4.317956081750867092e+00
4.304944269791369038e+01,3.601336139809896864e+00
4.306944841383252509e+01,3.499875714646365488e+00
4.308945412975135980e+01,2.702050666842747084e+00
4.310945984567019451e+01,3.100401357260319291e+00
4.312946556158902922e+01,3.863776360338456506e+00
4.314947127750786393e+01,3.681297170727126034e+00
4.316947699342669864e+01,3.344312222615859476e+00
4.318948270934552625e+01,3.392402551940531641e+00
4.320948842526436096e+01,3.689456835974074700e+00
4.322949414118319567e+01,3.665170572759664402e+00
4.324949985710203038e+01,3.595868461110520276e+00
4.326950557302086509e+01,3.260411531819983999e+00
4.328951128893969980e+01,3.098992814363950909e+00
4.330951700485853451e+01,4.359716515014672389e+00
4.332952272077736922e+01,3.896220243063639010e+00
4.334952843669620393e+01,4.082696448080133322e+00
4.336953415261503153e+01,3.444521536678073481e+00
4.338953986853386624e+01,3.842649489086896963e+00
4.340954558445270095e+01,3.292489993016342265e+00
4.342955130037153566e+01,3.680097553942375477e+00
4.344955701629037037e+01,3.465511446443123145e+00
4.346956273220920508e+01,3.865253542830796807e+00
4.348956844812803979e+01,3.438883693207097636e+00
4.350957416404687450e+01,3.468396019251274165e+00
4.352957987996570921e+01,3.403079552093071669e+00
4.354958559588453681e+01,3.497849078476579887e+00
4.356959131180337153e+01,3.727579104399864285e+00
4.358959702772220624e+01,4.198474443247970811e+00
4.360960274364104095e+01,3.215594409441626667e+00
4.362960845955987566e+01,3.061362370163364321e+00
4.364961417547871037e+01,3.177427381656855676e+00
4.366961989139754508e+01,4.312863231838250044e+00
4.368962560731637979e+01,4.250895200410402808e+00
4.370963132323521450e+01,4.026299411322851185e+00
4.372963703915404921e+01,3.406294001517790271e+00
4.374964275507287681e+01,3.830203506645988298e+00
4.376964847099171152e+01,3.842016409922496045e+00
4.378965418691054623e+01,3.863687882953745323e+00
4.380965990282938094e+01,4.495717825281979607e+00
4.382966561874821565e+01,4.781505424172747709e+00
4.384967133466705036e+01,4.040223117880457515e+00
4.386967705058588507e+01,4.080802162882696038e+00
4.388968276650471978e+01,3.669815083944887757e+00
4.390968848242355449e+01,4.302168194481350127e+00
4.392969419834238209e+01,4.698896886591967359e+00
4.394969991426121680e+01,4.580628816329588737e+00
4.396970563018005151e+01,4.738813107833873772e+00
4.398971134609888622e+01,5.849545655028075331e+00
4.400971706201772093e+01,5.374470666771738792e+00
4.402972277793655564e+01,5.855125445953152763e+00
4.404972849385539035e+01,6.060461180308848839e+00
4.406973420977422506e+01,7.021492557652458721e+00
4.408973992569305977e+01,7.548109290342990718e+00
4.410974564161189448e+01,7.141692090221958722e+00
4.412975135753072209e+01,8.068827155490986058e+00
4.414975707344955680e+01,9.016695223679924709e+00
4.416976278936839151e+01,8.994925752675570152e+00
4.418976850528722622e+01,1.003272186320236692e+01
4.420977422120606093e+01,1.063268190796757651e+01
4.422977993712489564e+01,1.168956077108389202e+01
4.424978565304373035e+01,1.181454589378154019e+01
4.426979136896256506e+01,1.254552933459482844e+01
4.428979708488139977e+01,1.412967598221755594e+01
4.430980280080022737e+01,1.534804628380415181e+01
4.432980851671906208e+01,1.665220333304941747e+01
4.434981423263789679e+01,1.659674145640157050e+01
4.436981994855673150e+01,1.731380290630871954e+01
4.438982566447556621e+01,1.810939282862039335e+01
4.440983138039440092e+01,1.851351090581776049e+01
4.442983709631323563e+01,1.881020539527183999e+01
4.444984281223207034e+01,1.895272742157562007e+01
4.446984852815090505e+01,1.904231885344352193e+01
4.448985424406973266e+01,1.854835289303880330e+01
4.450985995998856737e+01,1.818295412261707966e+01
4.452986567590740208e+01,1.694736413663473584e+01
4.454987139182623679e+01,1.652970499930709281e+01
4.456987710774507150e+01,1.476398535867192408e+01
4.458988282366390621e+01,1.348171397563216622e+01
4.460988853958274092e+01,1.239766091842178142e+01
4.462989425550157563e+01,1.178841961139984917e+01
4.464989997142041034e+01,1.062309017410922962e+01
4.466990568733924505e+01,9.505808445225742531e+00
4.468991140325807265e+01,9.266444441483194794e+00
4.470991711917690736e+01,8.289833769519932005e+00
4.472992283509574207e+01,6.626695444531075729e+00
4.474992855101457678e+01,6.384961738533079689e+00
4.476993426693341149e+01,5.912658834730507351e+00
4.478993998285224620e+01,5.532602747331909043e+00
4.480994569877108091e+01,4.907256377377230194e+00
4.482995141468991562e+01,5.456176043401111286e+00
4.484995713060875033e+01,4.701435851422958834e+00
4.486996284652757794e+01,5.209768877014941069e+00
4.488996856244641265e+01,4.631230956165254931e+00
4.490997427836524736e+01,4.120531399024072172e+00
4.492997999428408207e+01,4.747060907901396121e+00
4.494998571020291678e+01,5.517802644170187953e+00
4.496999142612175149e+01,4.660693604805592472e+00
4.498999714204058620e+01,5.006279623372241971e+00
4.501000285795942091e+01,4.973105957305223868e+00
4.503000857387825562e+01,4.330456451258099193e+00
4.505001428979709033e+01,5.121541557934069289e+00
4.507002000571591793e+01,4.310672238458103323e+00
4.509002572163475264e+01,4.632080582697060578e+00
4.511003143755358735e+01,5.169144843326756167e+00
4.513003715347242206e+01,5.219779091091725221e+00
4.515004286939125677e+01,4.517405866015732130e+00
4.517004858531009148e+01,5.048543784653956479e+00
4.519005430122892619e+01,5.648955214905596378e+00
4.521006001714776090e+01,5.104302492422753801e+00
4.523006573306659561e+01,4.983494828585402381e+00
4.525007144898542322e+01,5.147231563552752576e+00
4.527007716490425793e+01,4.978870051770828198e+00
4.529008288082309264e+01,4.751701200025049587e+00
4.531008859674192735e+01,5.585810833402867104e+00
4.533009431266076206e+01,4.538468511748885881e+00
4.535010002857959677e+01,5.301506845272998092e+00
4.537010574449843148e+01,4.727260833133755114e+00
4.539011146041726619e+01,4.220264288749758563e+00
4.541011717633610090e+01,4.265392881837251515e+00
4.543012289225492850e+01,4.368806047465549902e+00
4.545012860817376321e+01,4.872840287929923520e+00
4.547013432409259792e+01,4.622294697414227826e+00
4.549014004001143263e+01,4.311787696530171132e+00
4.551014575593026734e+01,4.418504215858529705e+00
4.553015147184910205e+01,4.465388464124101731e+00
4.555015718776793676e+01,4.125454308842359197e+00
4.557016290368677147e+01,4.345669629701953696e+00
4.559016861960560618e+01,4.134651987714570431e+00
4.561017433552444089e+01,4.251358745729938882e+00
4.563018005144326850e+01,3.458310735305058614e+00
4.565018576736210321e+01,3.688014937189118214e+00
4.567019148328093792e+01,3.667826090139723050e+00
4.569019719919977263e+01,3.253178779791677577e+00
4.571020291511860734e+01,3.972751905305019537e+00
4.573020863103744205e+01,4.400664161812050779e+00
4.575021434695627676e+01,3.920104329304065605e+00
4.577022006287511147e+01,3.384864027313390977e+00
4.579022577879394618e+01,3.863899404694600914e+00
4.581023149471277378e+01,3.532169306201820902e+00
4.583023721063160849e+01,3.693194525660171923e+00
4.585024292655044320e+01,3.805158307893487191e+00
4.587024864246927791e+01,3.547037486389523764e+00
4.589025435838811262e+01,3.650829192923729316e+00
4.591026007430694733e+01,3.410397795873132409e+00
4.593026579022578204e+01,3.935160047959347374e+00
4.595027150614461675e+01,4.093231528692930610e+00
4.597027722206345146e+01,3.524211019656081856e+00
4.599028293798228617e+01,4.603189107675467184e+00
4.601028865390111378e+01,4.263321868790279190e+00
4.603029436981994849e+01,4.464408394740048358e+00
4.605030008573878320e+01,5.512353401955698118e+00
4.607030580165761791e+01,4.583693324825501847e+00
4.609031151757645262e+01,4.835141318532963695e+00
4.611031723349528733e+01,5.661237387084227635e+00
4.613032294941412204e+01,5.497187069496469292e+00
4.615032866533295675e+01,5.386946665487691632e+00
4.617033438125179146e+01,6.174833381778906727e+00
4.619034009717061906e+01,5.917926256415141140e+00
4.621034581308945377e+01,6.720031636868221803e+00
4.623035152900828848e+01,6.313605686741420087e+00
4.625035724492712319e+01,6.771840749579459917e+00
4.627036296084595790e+01,6.349340835622633961e+00
4.629036867676479261e+01,6.342708912550866884e+00
4.631037439268362732e+01,6.203287761589201033e+00
4.633038010860246203e+01,5.545322149352424290e+00
4.635038582452129674e+01,5.773510237359640307e+00
4.637039154044012434e+01,5.937045376223768933e+00
4.639039725635895905e+01,5.789641447741438185e+00
4.641040297227779376e+01,5.510952616923798786e+00
4.643040868819662847e+01,5.863640920270754009e+00
4.645041440411546319e+01,5.483493253545884905e+00
4.647042012003429790e+01,5.374431340521872436e+00
4.649042583595313261e+01,4.372470273859801360e+00
4.651043155187196732e+01,5.546255737008998210e+00
4.653043726779080203e+01,5.097797267907631991e+00
4.655044298370963674e+01,4.803666734558202478e+00
4.657044869962846434e+01,4.258703734964885967e+00
4.659045441554729905e+01,4.058161900014248147e+00
4.661046013146613376e+01,4.565189921693146857e+00
4.663046584738496847e+01,4.228592560204313067e+00
4.665047156330380318e+01,3.980068376797740726e+00
4.667047727922263789e+01,4.569109538555539807e+00
4.669048299514147260e+01,4.025549711137009545e+00
4.671048871106030731e+01,4.224664843668096914e+00
4.673049442697914202e+01,3.577474292280576229e+00
4.675050014289796962e+01,4.298954298792894591e+00
4.677050585881680433e+01,4.784259187527240442e+00
4.679051157473563904e+01,4.230340365633203703e+00
4.681051729065447375e+01,4.613422023593551913e+00
4.683052300657330846e+01,5.357573042036526623e+00
4.685052872249214317e+01,5.562741138845908040e+00
4.687053443841097788e+01,5.543582724645478521e+00
4.689054015432981259e+01,5.645125339289524646e+00
4.691054587024864730e+01,5.575701421221999965e+00
4.693055158616748201e+01,7.142688016681002949e+00
4.695055730208630962e+01,7.290951144056093014e+00
4.697056301800514433e+01,7.779387465350179554e+00
4.699056873392397904e+01,8.569269734326141474e+00
4.701057444984281375e+01,9.130136213941629109e+00
4.703058016576164846e+01,9.955280808674476845e+00
4.705058588168048317e+01,1.093859205906458598e+01
4.707059159759931788e+01,1.117628610003791678e+01
4.709059731351815259e+01,1.309431538443049092e+01
4.711060302943698730e+01,1.362917415374601049e+01
4.713060874535581490e+01,1.528039186272290628e+01
4.715061446127464961e+01,1.564635490493002123e+01
4.717062017719348432e+01,1.671399067554172291e+01
4.719062589311231903e+01,1.795419433618983263e+01
4.721063160903115374e+01,1.954249976189947091e+01
4.723063732494998845e+01,2.050883069354123478e+01
4.725064304086882316e+01,2.118226200449896979e+01
4.727064875678765787e+01,2.248430132810092630e+01
4.729065447270649258e+01,2.210818980235984554e+01
4.731066018862532019e+01,2.343915727251611614e+01
4.733066590454415490e+01,2.315996067762572963e+01
4.735067162046298961e+01,2.209580396184624362e+01
4.737067733638182432e+01,2.273938452389099396e+01
4.739068305230065903e+01,2.104206971074009758e+01
4.741068876821949374e+01,2.058833981121322410e+01
4.743069448413832845e+01,1.958940016342532431e+01
4.745070020005716316e+01,1.827723605409655860e+01
4.747070591597599787e+01,1.814612420998455633e+01
4.749071163189483258e+01,1.591471637997070232e+01
4.751071734781366018e+01,1.574113306870464690e+01
4.753072306373249489e+01,1.502827195991063292e+01
4.755072877965132960e+01,1.378322643495409316e+01
4.757073449557016431e+01,1.240698433384678090e+01
4.759074021148899902e+01,1.163172615529784792e+01
4.761074592740783373e+01,1.086959057246923344e+01
4.763075164332666844e+01,9.338923418337273574e+00
4.765075735924550315e+01,8.846105436428672419e+00
4.767076307516433786e+01,8.420373537804351827e+00
4.769076879108316547e+01,7.456225344103201813e+00
4.771077450700200018e+01,6.998956252014957968e+00
4.773078022292083489e+01,6.427407053669173642e+00
4.775078593883966960e+01,5.845209635888593880e+00
4.777079165475850431e+01,5.913423661723349767e+00
4.779079737067733902e+01,5.814199710864055071e+00
4.781080308659617373e+01,4.490414801144005708e+00
4.783080880251500844e+01,5.019733225128357290e+00
4.785081451843384315e+01,5.146435682447120463e+00
4.787082023435267075e+01,4.076679431539758092e+00
4.789082595027150546e+01,4.061932812460069542e+00
4.791083166619034017e+01,4.777665185680337601e+00
4.793083738210917488e+01,4.506156356800858909e+00
4.795084309802800959e+01,3.709355389736407993e+00
4.797084881394684430e+01,3.948059028405760174e+00
4.799085452986567901e+01,3.636940456473459538e+00
4.801086024578451372e+01,3.616170182795078070e+00
4.803086596170334843e+01,4.169189082070411168e+00
4.805087167762218314e+01,4.105816768332039679e+00
4.807087739354101075e+01,4.272424100654307111e+00
4.809088310945984546e+01,4.107658471596452365e+00
4.811088882537868017e+01,4.062451132737131765e+00
4.813089454129751488e+01,4.385549724880751121e+00
4.815090025721634959e+01,5.091799786433932162e+00
4.817090597313518430e+01,3.423148241647040901e+00
4.819091168905401901e+01,4.482408132881115392e+00
4.821091740497285372e+01,3.965837237703726537e+00
4.823092312089168843e+01,3.832668841282221184e+00
4.825092883681051603e+01,4.310015519159329678e+00
4.827093455272935074e+01,4.322260036331549315e+00
4.829094026864818545e+01,4.468187773892697834e+00
4.831094598456702016e+01,3.745213623059908237e+00
4.833095170048585487e+01,4.187631597528477911e+00
4.835095741640468958e+01,4.653906522884502017e+00
4.837096313232352429e+01,4.465719541215951160e+00
4.839096884824235900e+01,3.948950700219052479e+00
4.841097456416119371e+01,4.134915837099290670e+00
4.843098028008002842e+01,4.213296014158887992e+00
4.845098599599885603e+01,4.618098147523999941e+00
4.847099171191769074e+01,4.173343676629034604e+00
4.849099742783652545e+01,4.626805376483962284e+00
4.851100314375536016e+01,3.262842843156005479e+00
4.853100885967419487e+01,3.142164853723473872e+00
4.855101457559302958e+01,4.005743845445669749e+00
4.857102029151186429e+01,3.686114732702558072e+00
4.859102600743069900e+01,3.403608425320647335e+00
4.861103172334953371e+01,4.227023562889969277e+00
4.863103743926836131e+01,3.542084244155619288e+00
4.865104315518719602e+01,3.377269102186742700e+00
4.867104887110603073e+01,3.687024584402074368e+00
4.869105458702486544e+01,3.364257531647084409e+00
4.871106030294370015e+01,3.426247929223049660e+00
4.873106601886253486e+01,3.451639288824662977e+00
4.875107173478136957e+01,3.557205503941609948e+00
4.877107745070020428e+01,4.117468737339021523e+00
4.879108316661903899e+01,3.773904910859616990e+00
4.881108888253786660e+01,3.050209291784957699e+00
4.883109459845670131e+01,3.477249447967248219e+00
4.885110031437553602e+01,3.960238853178966068e+00
4.887110603029437073e+01,4.180143403570747651e+00
4.889111174621320544e+01,4.206773030434341365e+00
4.891111746213204015e+01,3.781063819294466555e+00
4.893112317805087486e+01,3.485348884261564084e+00
4.895112889396970957e+01,4.518264667962126779e+00
4.897113460988854428e+01,3.765270805419134170e+00
4.899114032580737899e+01,3.737361511268285863e+00
4.901114604172620659e+01,4.325670997023326692e+00
4.903115175764504130e+01,3.671867427391935390e+00
4.905115747356387601e+01,3.706605078324463953e+00
4.907116318948271072e+01,4.298393990241343054e+00
4.909116890540154543e+01,4.657922357047146633e+00
4.911117462132038014e+01,3.469270366370651448e+00
4.913118033723921485e+01,3.058031481656662720e+00
4.915118605315804956e+01,3.584584744778547716e+00
4.917119176907688427e+01,4.405779405948371696e+00
4.919119748499571187e+01,4.200218708188319994e+00
4.921120320091454658e+01,4.271469328694101009e+00
4.923120891683338129e+01,4.014522123082580940e+00
4.925121463275221600e+01,4.339142512058055345e+00
4.927122034867105071e+01,4.290497269389470958e+00
4.929122606458988542e+01,4.415179284504589852e+00
4.931123178050872014e+01,4.461750234523779390e+00
4.933123749642755485e+01,4.512565150129276503e+00
4.935124321234638956e+01,5.160045155133774486e+00
4.937124892826522427e+01,5.389016982090154784e+00
4.939125464418405187e+01,5.168025077899963904e+00
4.941126036010288658e+01,5.385428160611301251e+00
4.943126607602172129e+01,4.556289608562059001e+00
4.945127179194055600e+01,5.394469532222851527e+00
4.947127750785939071e+01,4.116186557527632850e+00
4.949128322377822542e+01,5.138759362927281416e+00
4.951128893969706013e+01,5.273624660678305709e+00
4.953129465561589484e+01,3.796109881570971289e+00
4.955130037153472955e+01,4.850596659204295946e+00
4.957130608745355715e+01,5.051089322447115393e+00
4.959131180337239186e+01,3.766859629043474822e+00
4.961131751929122657e+01,4.896566140182891047e+00
4.963132323521006128e+01,4.152271932377342267e+00
4.965132895112889599e+01,3.931141420850077228e+00
4.967133466704773070e+01,4.310731174598139148e+00
4.969134038296656541e+01,4.262995061788532603e+00
4.971134609888540012e+01,4.069249064953253558e+00
4.973135181480423483e+01,4.202518129763511467e+00
4.975135753072306244e+01,3.415814651130332003e+00
4.977136324664189715e+01,3.692915707666872827e+00
4.979136896256073186e+01,3.346854569240082622e+00
4.981137467847956657e+01,3.470224145056901577e+00
4.983138039439840128e+01,3.424522886877195749e+00
4.985138611031723599e+01,4.196461554678608152e+00
4.987139182623607070e+01,4.187172647037442630e+00
4.989139754215490541e+01,4.564271604389446679e+00
4.991140325807374012e+01,3.986500708630134504e+00
4.993140897399257483e+01,3.424543825749183146e+00
4.995141468991140243e+01,3.060202518487672219e+00
4.997142040583023714e+01,3.394279180381554628e+00
4.999142612174907185e+01,3.606591474307841771e+00
5.001143183766790656e+01,3.617205699065301427e+00
5.003143755358674127e+01,3.609615017651206514e+00
5.005144326950557598e+01,3.992784860989010198e+00
5.007144898542441069e+01,3.607410259153727150e+00
5.009145470134324540e+01,3.444332011522284187e+00
5.011146041726208011e+01,4.251161909744813450e+00
5.013146613318090772e+01,3.349023556412176639e+00
5.015147184909974243e+01,4.037233078559332888e+00
5.017147756501857714e+01,3.938174808676945915e+00
5.019148328093741185e+01,3.844877948873118179e+00
5.021148899685624656e+01,4.081290646846804648e+00
5.023149471277508127e+01,3.868096414121843019e+00
5.025150042869391598e+01,3.700195676145431101e+00
5.027150614461275069e+01,3.630008570469883455e+00
5.029151186053158540e+01,4.266081012114467441e+00
5.031151757645042011e+01,4.796862358774596657e+00
5.033152329236924771e+01,4.205531069902931129e+00
5.035152900828808242e+01,4.668486777842812074e+00
5.037153472420691713e+01,4.679467043034144069e+00
5.039154044012575184e+01,5.023429655874619648e+00
5.041154615604458655e+01,4.353515636851880366e+00
5.043155187196342126e+01,5.092539285973554541e+00
5.045155758788225597e+01,4.306055066154046429e+00
5.047156330380109068e+01,4.305758079361584834e+00
5.049156901971992539e+01,5.259740212840958939e+00
5.051157473563875300e+01,5.337330790772864653e+00
5.053158045155758771e+01,4.691866078331104362e+00
5.055158616747642242e+01,4.103947355051246859e+00
5.057159188339525713e+01,4.542707339146797807e+00
5.059159759931409184e+01,4.437114645289697457e+00
5.061160331523292655e+01,4.159322565689564044e+00
5.063160903115176126e+01,4.208244773820398521e+00
5.065161474707059597e+01,4.905188721635221683e+00
5.067162046298943068e+01,5.267924726656509904e+00
5.069162617890825828e+01,3.953670132387245406e+00
5.071163189482709299e+01,4.776710511843864637e+00
5.073163761074592770e+01,4.601225784227954918e+00
5.075164332666476241e+01,4.477670791728377786e+00
5.077164904258359712e+01,4.825460195232800231e+00
5.079165475850243183e+01,4.610859002263394402e+00
5.081166047442126654e+01,4.989592728592397108e+00
5.083166619034010125e+01,4.778789280667986361e+00
5.085167190625893596e+01,4.744251411545858055e+00
5.087167762217777067e+01,3.952388977627743216e+00
5.089168333809659828e+01,4.558505871305658985e+00
5.091168905401543299e+01,4.489648291901550792e+00
5.093169476993426770e+01,4.779677584886746544e+00
5.095170048585310241e+01,4.783343040989757711e+00
5.097170620177193712e+01,4.901312064983297745e+00
5.099171191769077183e+01,4.664276995763700029e+00
5.101171763360960654e+01,5.459266261588997970e+00
5.103172334952844125e+01,5.202933195492879470e+00
5.105172906544727596e+01,5.671627208575336532e+00
5.107173478136610356e+01,6.007243377430669717e+00
5.109174049728493827e+01,6.517834346749332930e+00
5.111174621320377298e+01,7.633554629105655742e+00
5.113175192912260769e+01,7.852780089521933959e+00
5.115175764504144240e+01,7.706168820195877345e+00
5.117176336096027711e+01,8.807051831826136379e+00
5.119176907687911182e+01,9.356740868548106604e+00
5.121177479279794653e+01,1.083436886785362674e+01
5.123178050871678124e+01,1.160465493763652312e+01
5.125178622463561595e+01,1.235509842716567697e+01
5.127179194055444356e+01,1.349063917787050926e+01
5.129179765647327827e+01,1.546473024633867333e+01
5.131180337239211298e+01,1.690563080864262346e+01
5.133180908831094769e+01,1.885824424948422262e+01
5.135181480422978240e+01,2.026557710996901918e+01
5.137182052014861711e+01,2.192716761652992119e+01
5.139182623606745182e+01,2.416149750311071998e+01
5.141183195198628653e+01,2.571184533031369313e+01
5.143183766790512124e+01,2.624346931827684060e+01
5.145184338382394884e+01,2.855663156980542183e+01
5.147184909974278355e+01,2.990522434689528808e+01
5.149185481566161826e+01,3.058755286792309391e+01
5.151186053158045297e+01,3.076470775110801625e+01
5.153186624749928768e+01,3.014529540603088620e+01
5.155187196341812239e+01,2.964086544888392183e+01
5.157187767933695710e+01,2.944873803441523918e+01
5.159188339525579181e+01,2.750080008236530205e+01
5.161188911117462652e+01,2.625989418136594722e+01
5.163189482709345413e+01,2.444610311633637778e+01
5.165190054301228884e+01,2.222958224708067476e+01
5.167190625893112355e+01,1.990828661828980373e+01
5.169191197484995826e+01,1.838427191956455786e+01
5.171191769076879297e+01,1.581163778472373060e+01
5.173192340668762768e+01,1.366984813886182870e+01
5.175192912260646239e+01,1.272555944019909369e+01
5.177193483852529710e+01,1.175006812805968970e+01
5.179194055444413181e+01,9.134464633126619049e+00
5.181194627036296652e+01,8.938451191217922087e+00
5.183195198628179412e+01,7.586225114183420715e+00
5.185195770220062883e+01,6.821290952592742762e+00
5.187196341811946354e+01,6.318124804172060571e+00
5.189196913403829825e+01,5.939323636797540829e+00
5.191197484995713296e+01,5.975598716497808383e+00
5.193198056587596767e+01,4.632243258992577495e+00
5.195198628179480238e+01,5.279967926752222596e+00
5.197199199771363709e+01,4.327261553413966233e+00
5.199199771363247180e+01,5.067549985261319279e+00
5.201200342955129940e+01,4.430675966594514570e+00
5.203200914547013411e+01,5.046062490813026713e+00
5.205201486138896882e+01,4.759232281208017667e+00
5.207202057730780353e+01,4.612809293099573438e+00
5.209202629322663824e+01,4.120853552825186839e+00
5.211203200914547295e+01,4.315602526007442208e+00
5.213203772506430766e+01,4.351384121762531088e+00
5.215204344098314237e+01,4.278986705010138891e+00
5.217204915690197708e+01,4.251054680279253262e+00
5.219205487282081180e+01,4.180208975005613503e+00
5.221206058873963940e+01,4.219684442656430612e+00
5.223206630465847411e+01,3.856748747495892804e+00
5.225207202057730882e+01,3.734636592701749969e+00
5.227207773649614353e+01,4.164443269475542664e+00
5.229208345241497824e+01,4.431626947175431042e+00
5.231208916833381295e+01,4.613630239522337639e+00
5.233209488425264766e+01,4.135051101352789082e+00
5.235210060017148237e+01,3.828529417287911851e+00
5.237210631609031708e+01,4.007639082211149173e+00
5.239211203200914468e+01,3.906463431111176998e+00
5.241211774792797939e+01,3.543427018462646405e+00
5.243212346384681410e+01,3.760841419635777783e+00
5.245212917976564881e+01,3.314976253589671629e+00
5.247213489568448352e+01,3.758210376983168288e+00
5.249214061160331823e+01,3.550362232347003211e+00
5.251214632752215294e+01,3.039835348382406544e+00
5.253215204344098765e+01,4.027443593330422011e+00
5.255215775935982236e+01,3.684966832126933323e+00
5.257216347527864997e+01,2.947808942473926663e+00
5.259216919119748468e+01,3.693598433081063614e+00
5.261217490711631939e+01,3.943311406875031011e+00
5.263218062303515410e+01,3.844978734945244447e+00
5.265218633895398881e+01,3.913767384856276177e+00
5.267219205487282352e+01,3.373157067483045779e+00
5.269219777079165823e+01,4.633334442297348588e+00
5.271220348671049294e+01,3.025653027647277060e+00
5.273220920262932765e+01,3.411046751879314165e+00
5.275221491854816236e+01,4.211818066006846273e+00
5.277222063446698996e+01,4.068375012966602533e+00
5.279222635038582467e+01,3.787400293615873714e+00
5.281223206630465938e+01,4.141903219997224106e+00
5.283223778222349409e+01,4.101681686560100459e+00
5.285224349814232880e+01,3.770675625136408193e+00
5.287224921406116351e+01,4.655182578199192456e+00
5.289225492997999822e+01,5.134095427106364795e+00
5.291226064589883293e+01,4.835408643929009820e+00
5.293226636181766764e+01,5.330532893920891802e+00
5.295227207773649525e+01,5.679666420505023794e+00
5.297227779365532996e+01,5.461161583379686491e+00
5.299228350957416467e+01,5.710039405917225253e+00
5.301228922549299938e+01,6.717214461776252143e+00
5.303229494141183409e+01,5.807334029708580481e+00
5.305230065733066880e+01,6.595152512422837177e+00
5.307230637324950351e+01,7.769024378187991964e+00
5.309231208916833822e+01,8.287590997661814285e+00
5.311231780508717293e+01,8.206690073558965182e+00
5.313232352100600764e+01,9.134024446014549881e+00
5.315232923692483524e+01,9.573920783785354160e+00
5.317233495284366995e+01,1.007432723144729358e+01
5.319234066876250466e+01,1.126658692616326185e+01
5.321234638468133937e+01,1.184771135849394419e+01
5.323235210060017408e+01,1.236233024178944540e+01
5.325235781651900879e+01,1.312881634858978330e+01
5.327236353243784350e+01,1.380187945139890893e+01
5.329236924835667821e+01,1.411146868058793302e+01
5.331237496427551292e+01,1.421614690322978447e+01
5.333238068019434053e+01,1.507623373625089869e+01
5.335238639611317524e+01,1.428071204708410669e+01
5.337239211203200995e+01,1.457362140188838495e+01
5.339239782795084466e+01,1.459012620191366238e+01
5.341240354386967937e+01,1.393715133936078132e+01
5.343240925978851408e+01,1.406499989870046186e+01
5.345241497570734879e+01,1.308223581415282233e+01
5.347242069162618350e+01,1.331436195748217166e+01
5.349242640754501821e+01,1.221414840253611089e+01
5.351243212346384581e+01,1.155219591746912755e+01
5.353243783938268052e+01,1.117728566615792829e+01
5.355244355530151523e+01,1.085091399613907548e+01
5.357244927122034994e+01,1.044352602549877673e+01
5.359245498713918465e+01,1.000258396876963474e+01
5.361246070305801936e+01,9.048711070958635361e+00
5.363246641897685407e+01,8.939392674013184603e+00
5.365247213489568878e+01,7.706070656231517546e+00
5.367247785081452349e+01,7.194381556779205766e+00
5.369248356673335820e+01,7.375779876565500714e+00
5.371248928265218581e+01,7.359479528434615503e+00
5.373249499857102052e+01,6.546396567513064646e+00
5.375250071448985523e+01,6.190307576925146549e+00
5.377250643040868994e+01,5.709313603232146761e+00
5.379251214632752465e+01,5.634120952779186453e+00
5.381251786224635936e+01,4.411645293854329353e+00
5.383252357816519407e+01,4.288082920279031818e+00
5.385252929408402878e+01,4.323708467490861906e+00
5.387253501000286349e+01,5.532540863111762519e+00
5.389254072592169109e+01,4.926231429621583224e+00
5.391254644184052580e+01,5.238802838368497916e+00
5.393255215775936051e+01,4.998554018707356938e+00
5.395255787367819522e+01,5.318668475223240044e+00
5.397256358959702993e+01,5.168576529085703086e+00
5.399256930551586464e+01,5.763649972738288163e+00
5.401257502143469935e+01,5.682177698864193438e+00
5.403258073735353406e+01,6.069844852298713178e+00
5.405258645327236877e+01,5.598095065239643731e+00
5.407259216919120348e+01,6.854030918814571827e+00
5.409259788511003109e+01,5.996798545634570488e+00
5.411260360102886580e+01,6.656211435609661109e+00
5.413260931694770051e+01,6.707965600907607850e+00
5.415261503286653522e+01,7.065170442874776136e+00
5.417262074878536993e+01,7.364396759490626110e+00
5.419262646470420464e+01,6.495953906022026381e+00
5.421263218062303935e+01,6.560854423843109018e+00
5.423263789654187406e+01,6.785762431428944197e+00
5.425264361246070877e+01,6.477818150658624319e+00
5.427264932837953637e+01,6.974827956931529016e+00
5.429265504429837108e+01,5.955056679839326961e+00
5.431266076021720579e+01,5.910827500588505146e+00
5.433266647613604050e+01,5.817544914360917474e+00
5.435267219205487521e+01,5.408949042755263115e+00
5.437267790797370992e+01,4.880866661792831351e+00
5.439268362389254463e+01,5.422143401499086579e+00
5.441268933981137934e+01,5.154724425483152572e+00
5.443269505573021405e+01,5.185179081749329733e+00
5.445270077164904166e+01,4.252279449709117642e+00
5.447270648756787637e+01,4.659871148440814181e+00
5.449271220348671108e+01,3.817083883307694769e+00
5.451271791940554579e+01,3.611064286198497175e+00
5.453272363532438050e+01,4.053150360772162841e+00
5.455272935124321521e+01,3.081403612270535941e+00
5.457273506716204992e+01,3.870409863204414158e+00
5.459274078308088463e+01,3.448236069914879298e+00
5.461274649899971934e+01,3.037658142424482399e+00
5.463275221491855405e+01,3.937605023085618328e+00
5.465275793083738165e+01,3.228015692863037245e+00
5.467276364675621636e+01,3.394239399733566476e+00
5.469276936267505107e+01,3.084469417554738246e+00
5.471277507859388578e+01,3.826302325057266529e+00
5.473278079451272049e+01,3.595766283996295165e+00
5.475278651043155520e+01,3.935171843620737686e+00
5.477279222635038991e+01,3.626558408370461617e+00
5.479279794226922462e+01,4.269351893345131543e+00
5.481280365818805933e+01,4.870193767185089229e+00
5.483280937410688693e+01,4.243241101812935234e+00
5.485281509002572164e+01,3.596984550094927346e+00
5.487282080594455635e+01,4.260075986915971669e+00
5.489282652186339106e+01,4.634217443177597318e+00
5.491283223778222577e+01,4.363519551834932564e+00
5.493283795370106048e+01,4.984508297784814523e+00
5.495284366961989519e+01,5.086990725250897682e+00
5.497284938553872990e+01,4.941162077154197085e+00
5.499285510145756461e+01,5.026747239552061153e+00
5.501286081737639222e+01,4.805556969272209322e+00
5.503286653329522693e+01,4.607008738184663166e+00
5.505287224921406164e+01,4.912054155363830610e+00
5.507287796513289635e+01,4.329254839071695393e+00
5.509288368105173106e+01,4.727053645421363193e+00
5.511288939697056577e+01,5.047339354056907368e+00
5.513289511288940048e+01,4.107146444480788361e+00
5.515290082880823519e+01,4.032847939196785525e+00
5.517290654472706990e+01,4.508631260760753712e+00
5.519291226064590461e+01,3.847331500101186741e+00
5.521291797656473221e+01,3.729057690885361431e+00
5.523292369248356692e+01,4.449642164385524623e+00
5.525292940840240163e+01,4.024225976605453781e+00
5.527293512432123634e+01,3.723592373609285300e+00
5.529294084024007105e+01,3.214115132494692606e+00
5.531294655615890576e+01,3.586516234863555308e+00
5.533295227207774047e+01,3.751681627009708198e+00
5.535295798799657518e+01,3.908279581471570285e+00
5.537296370391540989e+01,3.191366774694068376e+00
5.539296941983423750e+01,4.062471878935154379e+00
5.541297513575307221e+01,4.124560366297886915e+00
5.543298085167190692e+01,3.117709080431861679e+00
5.545298656759074163e+01,4.303323288640162225e+00
5.547299228350957634e+01,3.393921683957803914e+00
5.549299799942841105e+01,3.123279041874997386e+00
5.551300371534724576e+01,3.534103648607425541e+00
5.553300943126608047e+01,3.887730426532880035e+00
5.555301514718491518e+01,4.174970280416226309e+00
5.557302086310374989e+01,3.816680719926554666e+00
5.559302657902257749e+01,3.859868782137805709e+00
5.561303229494141220e+01,4.116911149185566110e+00
5.563303801086024691e+01,4.028588455596473494e+00
5.565304372677908162e+01,4.702593548148075620e+00
5.567304944269791633e+01,4.016606245987783375e+00
5.569305515861675104e+01,4.734594908043202821e+00
5.571306087453558575e+01,3.931265545680246554e+00
5.573306659045442046e+01,4.101168233418911235e+00
5.575307230637325517e+01,4.745034979289505905e+00
5.577307802229208278e+01,4.247578022591366853e+00
5.579308373821091749e+01,5.042066877344240083e+00
5.581308945412975220e+01,4.612103276540461927e+00
5.583309517004858691e+01,3.635860644960984711e+00
5.585310088596742162e+01,4.383434740155512266e+00
5.587310660188625633e+01,4.043682111624199216e+00
5.589311231780509104e+01,4.299443979898573076e+00
5.591311803372392575e+01,5.248318976658852719e+00
5.593312374964276046e+01,5.251182150460570242e+00
5.595312946556158806e+01,4.544344294335207479e+00
5.597313518148042277e+01,4.492296206911674084e+00
5.599314089739925748e+01,4.929628277363874211e+00
5.601314661331809219e+01,4.559138433941664736e+00
5.603315232923692690e+01,4.007615094416655310e+00
5.605315804515576161e+01,5.103226256977025699e+00
5.607316376107459632e+01,4.611101622033061176e+00
5.609316947699343103e+01,4.824722916801618133e+00
5.611317519291226574e+01,5.648970701581959020e+00
5.613318090883110045e+01,5.216899313995892129e+00
5.615318662474992806e+01,5.005420176792925169e+00
5.617319234066876277e+01,4.666669768285570008e+00
5.619319805658759748e+01,5.402075577446234789e+00
5.621320377250643219e+01,5.326637508313784686e+00
5.623320948842526690e+01,4.670094233362426017e+00
5.625321520434410161e+01,5.394280957396475173e+00
5.627322092026293632e+01,4.845200369785420236e+00
5.629322663618177103e+01,4.336047277828983582e+00
5.631323235210060574e+01,4.227414854439334846e+00
5.633323806801943334e+01,4.281465204021841053e+00
5.635324378393826805e+01,4.074922342945583864e+00
5.637324949985710276e+01,4.828733256399524443e+00
5.639325521577593747e+01,5.095083847410515787e+00
5.641326093169477218e+01,4.790480092713429450e+00
5.643326664761360689e+01,4.987551707165296833e+00
5.645327236353244160e+01,4.913930309556784337e+00
5.647327807945127631e+01,4.278343803057698125e+00
5.649328379537011102e+01,4.333654886094799430e+00
5.651328951128894573e+01,3.862793645975584056e+00
5.653329522720777334e+01,4.349686294340163073e+00
5.655330094312660805e+01,3.237590324111813356e+00
5.657330665904544276e+01,4.230032057245617594e+00
5.659331237496427747e+01,3.484073919318759316e+00
5.661331809088311218e+01,4.073670256357299735e+00
5.663332380680194689e+01,3.346708332019950216e+00
5.665332952272078160e+01,4.570543401218557733e+00
5.667333523863961631e+01,3.546712727960553480e+00
5.669334095455845102e+01,3.697133132619646823e+00
5.671334667047727862e+01,3.891686806972705526e+00
5.673335238639611333e+01,4.011041794163565655e+00
5.675335810231494804e+01,4.109324166399032308e+00
5.677336381823378275e+01,3.714411661205509141e+00
5.679336953415261746e+01,2.996908164378852657e+00
5.681337525007145217e+01,3.929307734525837148e+00
5.683338096599028688e+01,3.582787143620421944e+00
5.685338668190912159e+01,3.231194400458314409e+00
5.687339239782795630e+01,3.849178955749964715e+00
5.689339811374678391e+01,4.019242950856345864e+00
5.691340382966561862e+01,3.704321715621442301e+00
5.693340954558445333e+01,3.384896452094329433e+00
5.695341526150328804e+01,3.494851066361681191e+00
5.697342097742212275e+01,3.787012860661736369e+00
5.699342669334095746e+01,4.056857321182165244e+00
5.701343240925979217e+01,3.641734590454554166e+00
5.703343812517862688e+01,4.656960452891612867e+00
5.705344384109746159e+01,3.308440179153973038e+00
5.707344955701629630e+01,3.430167385832138649e+00
5.709345527293512390e+01,4.163386059792305360e+00
5.711346098885395861e+01,4.881655660314541123e+00
5.713346670477279332e+01,4.596568175483391805e+00
5.715347242069162803e+01,4.337151675122376204e+00
5.717347813661046274e+01,3.705462756652451173e+00
5.719348385252929745e+01,3.978042145330744184e+00
5.721348956844813216e+01,4.384768973411286019e+00
5.723349528436696687e+01,4.938629501875243299e+00
5.725350100028580158e+01,5.235403096084294106e+00
5.727350671620462919e+01,5.921109217700410987e+00
5.729351243212346390e+01,6.698811074065876170e+00
5.731351814804229861e+01,6.971744222675786418e+00
5.733352386396113332e+01,7.436821969469527005e+00
5.735352957987996803e+01,8.065252007812432566e+00
5.737353529579880274e+01,9.209260822391373225e+00
5.739354101171763745e+01,9.653300789662253578e+00
5.741354672763647216e+01,1.075819030625707384e+01
5.743355244355530687e+01,1.247597540094917079e+01
5.745355815947414158e+01,1.294975367544249067e+01
5.747356387539296918e+01,1.535877698367425737e+01
5.749356959131180389e+01,1.528201141601112312e+01
5.751357530723063860e+01,1.663554559749593764e+01
5.753358102314947331e+01,1.723989350531033082e+01
5.755358673906830802e+01,1.824323529820465595e+01
5.757359245498714273e+01,1.864850965544238903e+01
5.759359817090597744e+01,1.903989828383823379e+01
5.761360388682481215e+01,1.885392828329996462e+01
5.763360960274364686e+01,1.873156603924901731e+01
5.765361531866247446e+01,1.867992308788057798e+01
5.767362103458130917e+01,1.794900329284010354e+01
5.769362675050014388e+01,1.716905953375060889e+01
5.771363246641897859e+01,1.518279149376469661e+01
5.773363818233781330e+01,1.538646205648302789e+01
5.775364389825664801e+01,1.392801039752109205e+01
5.777364961417548272e+01,1.223355628208178025e+01
5.779365533009431743e+01,1.155757358332320450e+01
5.781366104601315214e+01,9.466525205644671814e+00
5.783366676193197975e+01,9.064209503977588511e+00
5.785367247785081446e+01,7.609788095760787741e+00
5.787367819376964917e+01,7.037567357441385063e+00
5.789368390968848388e+01,6.799728755360306742e+00
5.791368962560731859e+01,6.788746269266838773e+00
5.793369534152615330e+01,6.044376951501825523e+00
5.795370105744498801e+01,5.693923400644086641e+00
5.797370677336382272e+01,6.250627448296466326e+00
5.799371248928265743e+01,5.355381697483658776e+00
5.801371820520149214e+01,5.151867968561820277e+00
5.803372392112031974e+01,4.245893206878827542e+00
5.805372963703915445e+01,4.741504800397388308e+00
5.807373535295798916e+01,5.100369228860579973e+00
5.809374106887682387e+01,5.587125664316029194e+00
5.811374678479565858e+01,4.344582688358843647e+00
5.813375250071449329e+01,5.143244808157994896e+00
5.815375821663332800e+01,5.141420044595832906e+00
5.817376393255216271e+01,4.848319109560402573e+00
5.819376964847099742e+01,5.004867058641275790e+00
5.821377536438982503e+01,4.129355417452931221e+00
5.823378108030865974e+01,4.511431070707091706e+00
5.825378679622749445e+01,5.237726576922636212e+00
5.827379251214632916e+01,5.009602971648533298e+00
5.829379822806516387e+01,4.884239038285050682e+00
5.831380394398399858e+01,4.469371716053485599e+00
5.833380965990283329e+01,4.115979166197624828e+00
5.835381537582166800e+01,4.640501674718688463e+00
5.837382109174050271e+01,4.773066765447040005e+00
5.839382680765933742e+01,4.726765427734375358e+00
5.841383252357816502e+01,4.141012106862361541e+00
5.843383823949699973e+01,4.260094856009631670e+00
5.845384395541583444e+01,4.417831193167542025e+00
5.847384967133466915e+01,4.701177647210221799e+00
5.849385538725350386e+01,4.445788245579267439e+00
5.851386110317233857e+01,4.330954828993009542e+00
5.853386681909117328e+01,4.791110689666292721e+00
5.855387253501000799e+01,4.044693806879505971e+00
5.857387825092884270e+01,4.691620160142599971e+00
5.859388396684767031e+01,5.512484378818128583e+00
5.861388968276650502e+01,4.750706735070685305e+00
5.863389539868533973e+01,6.086799901686960723e+00
5.865390111460417444e+01,5.321430450772359322e+00
5.867390683052300915e+01,6.398769055377261594e+00
5.869391254644184386e+01,6.815016187855629681e+00
5.871391826236067857e+01,6.277225793092351402e+00
5.873392397827951328e+01,6.773398655673377178e+00
5.875392969419834799e+01,7.686477877611099352e+00
5.877393541011717559e+01,7.050859182904208211e+00
5.879394112603601030e+01,7.141871454834882726e+00
5.881394684195484501e+01,7.226881229547275964e+00
5.883395255787367972e+01,8.072519099187521974e+00
5.885395827379251443e+01,7.456018393320546167e+00
5.887396398971134914e+01,7.011542656909462323e+00
5.889396970563018385e+01,6.587933535637391813e+00
5.891397542154901856e+01,7.093954523538176460e+00
5.893398113746785327e+01,6.826153726107342834e+00
5.895398685338668798e+01,7.361520535381827379e+00
5.897399256930551559e+01,7.351303998876735690e+00
5.899399828522435030e+01,7.413485078064593559e+00
5.901400400114318501e+01,6.953400718334345143e+00
5.903400971706201972e+01,7.329331673314601225e+00
5.905401543298085443e+01,7.797217802817331567e+00
5.907402114889968914e+01,7.517728566479129348e+00
5.909402686481852385e+01,6.614661622342579150e+00
5.911403258073735856e+01,7.349843449858995292e+00
5.913403829665619327e+01,7.674224497934621247e+00
5.915404401257502087e+01,8.209027837088461510e+00
5.917404972849385558e+01,8.235251182335026954e+00
5.919405544441269029e+01,6.824049700562339282e+00
5.921406116033152500e+01,6.964277378359032156e+00
5.923406687625035971e+01,6.258457709745743003e+00
5.925407259216919442e+01,6.279891582599356425e+00
5.927407830808802913e+01,6.895856524353533246e+00
5.929408402400686384e+01,5.667084467801855041e+00
5.931408973992569855e+01,6.458218499582839556e+00
5.933409545584453326e+01,5.491144574468222572e+00
5.935410117176336087e+01,5.346137516216938224e+00
5.937410688768219558e+01,4.883968572278305942e+00
5.939411260360103029e+01,5.099897121399356692e+00
5.941411831951986500e+01,4.898562434682354194e+00
5.943412403543869971e+01,3.600478283422005266e+00
5.945412975135753442e+01,4.431802701667292510e+00
5.947413546727636913e+01,3.726185886360604549e+00
5.949414118319520384e+01,3.924866960187481713e+00
5.951414689911403855e+01,4.582984231897120786e+00
5.953415261503286615e+01,3.092614779741897468e+00
5.955415833095170086e+01,3.034596883533738687e+00
5.957416404687053557e+01,4.215064019883690172e+00
5.959416976278937028e+01,3.195845434176451505e+00
5.961417547870820499e+01,3.161713233991011673e+00
5.963418119462703970e+01,3.696740481886273244e+00
5.965418691054587441e+01,4.024352496724558748e+00
5.967419262646470912e+01,4.372978372243620626e+00
5.969419834238354383e+01,2.963535322778414027e+00
5.971420405830237144e+01,2.897026248799190462e+00
5.973420977422120615e+01,3.057275797364296110e+00
5.975421549014004086e+01,3.010296753570168349e+00
5.977422120605887557e+01,3.614276534361152038e+00
5.979422692197771028e+01,3.448118846656514247e+00
5.981423263789654499e+01,3.558881652806809903e+00
5.983423835381537970e+01,3.689858223490799283e+00
5.985424406973421441e+01,3.214818675107940393e+00
5.987424978565304912e+01,3.788196427700420976e+00
5.989425550157188383e+01,2.833055045516776449e+00
5.991426121749071143e+01,4.284102427845899896e+00
5.993426693340954614e+01,3.590343886496684345e+00
5.995427264932838085e+01,3.816091490079582371e+00
5.997427836524721556e+01,3.955625743308966769e+00
5.999428408116605027e+01,3.589666878869338884e+00
6.001428979708488498e+01,3.329420123990776581e+00
6.003429551300371969e+01,3.023951783414646322e+00
6.005430122892255440e+01,3.672595747098957641e+00
6.007430694484138911e+01,3.397710998019987994e+00
6.009431266076021672e+01,2.981920318590983054e+00
6.011431837667905143e+01,3.849167512615891074e+00
6.013432409259788614e+01,3.701105541120409903e+00
6.015432980851672085e+01,4.189683207379938601e+00
6.017433552443555556e+01,4.385851400294147773e+00
6.019434124035439027e+01,3.642071341655064298e+00
6.021434695627322498e+01,4.090441060995216205e+00
6.023435267219205969e+01,3.657066529553831380e+00
6.025435838811089440e+01,3.971171839254721725e+00
6.027436410402972911e+01,4.031413208960323402e+00
6.029436981994855671e+01,4.713350218140726966e+00
6.031437553586739142e+01,4.232051026137392036e+00
6.033438125178622613e+01,4.123694382853084761e+00
6.035438696770506084e+01,3.783259066882313615e+00
6.037439268362389555e+01,4.403606842535792154e+00
6.039439839954273026e+01,4.778431603266827921e+00
6.041440411546156497e+01,4.729500090263293544e+00
6.043440983138039968e+01,5.038429003603607903e+00
6.045441554729923439e+01,5.363504472761283282e+00
6.047442126321806199e+01,6.059303681757032045e+00
6.049442697913689670e+01,6.691357995104358913e+00
6.051443269505573141e+01,6.772184864250965219e+00
6.053443841097456612e+01,7.192709010809745784e+00
6.055444412689340083e+01,7.722484774473995728e+00
6.057444984281223554e+01,8.438274625444201149e+00
6.059445555873107025e+01,9.460775059415349020e+00
6.061446127464990496e+01,9.813160930922656178e+00
6.063446699056873967e+01,1.090680950657773707e+01
6.065447270648756728e+01,1.155144570377353830e+01
6.067447842240640199e+01,1.127002114176926284e+01
6.069448413832523670e+01,1.187040551790731335e+01
6.071448985424407141e+01,1.192738394021053772e+01
6.073449557016290612e+01,1.150407947022596744e+01
6.075450128608174083e+01,1.181095975844292489e+01
6.077450700200057554e+01,1.145250897441431981e+01
6.079451271791941025e+01,1.156091725461302744e+01
6.081451843383824496e+01,1.117331396510925856e+01
6.083452414975707967e+01,1.038847748885501687e+01
6.085452986567590727e+01,9.177952593783288648e+00
6.087453558159474198e+01,7.800720299249602974e+00
6.089454129751357669e+01,8.428893086854388983e+00
6.091454701343241140e+01,7.180029653551663671e+00
6.093455272935124611e+01,7.439823503794372073e+00
6.095455844527008082e+01,5.705197510417980844e+00
6.097456416118891553e+01,5.825900941714422743e+00
6.099456987710775024e+01,5.313477912026595362e+00
6.101457559302658495e+01,5.107589581026043213e+00
6.103458130894541256e+01,4.534091069692970599e+00
6.105458702486424727e+01,4.118773594945124294e+00
6.107459274078308198e+01,4.377219956341627416e+00
6.109459845670191669e+01,5.024482041683256739e+00
6.111460417262075140e+01,4.181348968239387176e+00
6.113460988853958611e+01,4.528823850051081124e+00
6.115461560445842082e+01,4.070983270646021168e+00
6.117462132037725553e+01,3.436414806961941792e+00
6.119462703629609024e+01,4.321409996307369994e+00
6.121463275221492495e+01,4.622047012359081108e+00
6.123463846813375255e+01,4.611337712691980784e+00
6.125464418405258726e+01,3.675449065285672834e+00
6.127464989997142197e+01,4.346629140081291531e+00
6.129465561589025668e+01,4.101580553870174839e+00
6.131466133180909139e+01,3.286998191865730057e+00
6.133466704772792610e+01,4.137045053455354449e+00
6.135467276364676081e+01,4.039371037255634178e+00
6.137467847956559552e+01,3.478597464762743119e+00
6.139468419548443023e+01,3.765307429699635833e+00
6.141468991140325784e+01,4.179588698924145085e+00
6.143469562732209255e+01,3.344729122014899581e+00
6.145470134324092726e+01,4.202590510404350610e+00
6.147470705915976197e+01,3.865800508139234815e+00
6.149471277507859668e+01,4.897537754190974368e+00
6.151471849099743139e+01,4.533268991643439882e+00
6.153472420691626610e+01,4.148535041329321160e+00
6.155472992283510081e+01,4.708675126894693364e+00
6.157473563875393552e+01,4.136918379183832428e+00
6.159474135467276312e+01,4.201680249695328051e+00
6.161474707059159783e+01,4.350321934068540841e+00
6.163475278651043254e+01,5.073484591569222601e+00
6.165475850242926725e+01,5.354938619239312025e+00
6.167476421834810196e+01,5.689221020901230830e+00
6.169476993426693667e+01,5.575616649675769310e+00
6.171477565018577138e+01,5.265682997387881592e+00
6.173478136610460609e+01,6.146467644014325771e+00
6.175478708202344080e+01,6.601830255160672678e+00
6.177479279794227551e+01,6.070376356549951780e+00
6.179479851386110312e+01,6.776012140884614787e+00
6.181480422977993783e+01,7.014933200888766152e+00
6.183480994569877254e+01,7.887286757170385521e+00
6.185481566161760725e+01,7.440219816851496581e+00
6.187482137753644196e+01,8.254617958465310323e+00
6.189482709345527667e+01,8.218226704301359931e+00
6.191483280937411138e+01,9.099030312611432691e+00
6.193483852529294609e+01,9.460653307942898493e+00
6.195484424121178080e+01,1.067071071474231303e+01
6.197484995713060840e+01,1.054131353636937973e+01
6.199485567304944311e+01,1.067726832795554692e+01
6.201486138896827782e+01,1.131181213753057513e+01
6.203486710488711253e+01,1.195065087979694951e+01
6.205487282080594724e+01,1.236552145937699621e+01
6.207487853672478195e+01,1.203151375554680946e+01
6.209488425264361666e+01,1.123849242865099818e+01
6.211488996856245137e+01,1.205462812380292981e+01
6.213489568448128608e+01,1.121820719617261730e+01
6.215490140040011369e+01,1.008119942545677361e+01
6.217490711631894840e+01,9.637910703345527352e+00
6.219491283223778311e+01,9.471859965571500339e+00
6.221491854815661782e+01,8.840313715162901431e+00
6.223492426407545253e+01,7.936562910897863254e+00
6.225492997999428724e+01,7.689080112454396598e+00
6.227493569591312195e+01,7.678897241533515938e+00
6.229494141183195666e+01,6.429359611802189178e+00
6.231494712775079137e+01,6.406759411043559282e+00
6.233495284366962608e+01,5.577806975468677209e+00
6.235495855958845368e+01,5.488304693696020919e+00
6.237496427550728839e+01,4.571106799220217454e+00
6.239496999142612310e+01,4.566850912644515148e+00
6.241497570734495781e+01,4.236351048983954648e+00
6.243498142326379252e+01,5.127882908624087577e+00
6.245498713918262723e+01,4.254710834256369090e+00
6.247499285510146194e+01,4.072727934213776102e+00
6.249499857102029665e+01,4.088752333455141219e+00
6.251500428693913136e+01,4.019291379281276555e+00
6.253501000285795897e+01,4.118709315940605187e+00
6.255501571877679368e+01,4.161052403943773292e+00
6.257502143469562839e+01,4.252981180613646828e+00
6.259502715061446310e+01,3.870261956691401828e+00
6.261503286653329781e+01,4.151740397277760231e+00
6.263503858245213252e+01,4.155770683711836000e+00
6.265504429837096723e+01,4.307458600500513768e+00
6.267505001428980194e+01,2.762664375569769959e+00
6.269505573020863665e+01,3.760482524231932189e+00
6.271506144612747136e+01,3.481787018413517565e+00
6.273506716204629896e+01,4.009370819126368168e+00
6.275507287796513367e+01,3.029185866927156301e+00
6.277507859388396838e+01,3.635577585603201101e+00
6.279508430980280309e+01,3.411651839403297082e+00
6.281509002572163780e+01,3.380104877083480730e+00
6.283509574164047251e+01,3.194320602191117686e+00
6.285510145755930722e+01,3.058947425041631973e+00
6.287510717347814193e+01,2.837804422739366395e+00
6.289511288939697664e+01,3.493965537205944383e+00
6.291511860531580425e+01,3.795845604616879587e+00
6.293512432123463896e+01,3.804090179422745521e+00
6.295513003715347367e+01,3.240799125236252465e+00
6.297513575307230838e+01,4.394618602076740821e+00
6.299514146899114309e+01,3.829604452962608985e+00
6.301514718490997780e+01,3.369733974726393466e+00
6.303515290082881251e+01,3.631702402069066693e+00
6.305515861674764722e+01,4.214474335501021685e+00
6.307516433266648193e+01,4.244893326697949831e+00
6.309517004858530953e+01,3.973769241436047484e+00
6.311517576450414424e+01,4.217420545614189109e+00
6.313518148042297895e+01,4.134615780228307003e+00
6.315518719634181366e+01,3.812816563860057961e+00
6.317519291226064837e+01,4.122546970767619889e+00
6.319519862817948308e+01,3.789001787745842176e+00
6.321520434409831779e+01,4.122952117110076031e+00
6.323521006001715250e+01,4.939753278940649750e+00
6.325521577593598721e+01,4.471012531803984835e+00
6.327522149185482192e+01,4.351829393498519494e+00
6.329522720777364952e+01,4.353805482686155415e+00
6.331523292369248423e+01,4.807628065529876871e+00
6.333523863961131894e+01,3.978255988294846279e+00
6.335524435553015365e+01,4.542652322269205456e+00
6.337525007144898836e+01,4.170129520047987093e+00
6.339525578736782307e+01,3.427648866334872313e+00
6.341526150328665778e+01,3.974552787047515690e+00
6.343526721920549249e+01,5.091982822251702956e+00
6.345527293512432720e+01,4.225339138161951169e+00
6.347527865104315481e+01,3.914944271845490320e+00
6.349528436696198952e+01,3.829763741419183631e+00
6.351529008288082423e+01,4.219555302049595724e+00
6.353529579879965894e+01,4.089069798613460982e+00
6.355530151471849365e+01,4.016458759459623273e+00
6.357530723063732836e+01,4.344851470242146796e+00
6.359531294655616307e+01,4.062953956327201688e+00
6.361531866247499778e+01,4.353201590029223134e+00
6.363532437839383249e+01,4.503613497094239193e+00
6.365533009431266720e+01,3.979639644811042043e+00
6.367533581023149480e+01,4.979561020154514850e+00
6.369534152615032951e+01,4.856837588540755313e+00
6.371534724206916422e+01,4.701616392471959394e+00
6.373535295798799893e+01,4.665637136477778668e+00
6.375535867390683364e+01,5.156005744931136725e+00
6.377536438982566835e+01,4.477107212582418505e+00
6.379537010574450306e+01,4.370878247446630560e+00
6.381537582166333777e+01,5.964940668194534723e+00
6.383538153758217248e+01,4.913278072517736739e+00
6.385538725350100009e+01,6.411008355721500962e+00
6.387539296941983480e+01,5.886502376495364786e+00
6.389539868533866951e+01,6.386044855810130372e+00
6.391540440125750422e+01,6.436966451314153126e+00
6.393541011717633893e+01,8.172217676380949314e+00
6.395541583309517364e+01,7.408749758457297219e+00
6.397542154901400835e+01,8.655181307706042659e+00
6.399542726493284306e+01,8.449659222803123981e+00
6.401543298085167066e+01,1.011213419910300182e+01
6.403543869677051248e+01,9.376620933813839542e+00
6.405544441268934008e+01,1.091209374356715323e+01
6.407545012860816769e+01,1.156043125281878581e+01
6.409545584452700950e+01,1.150776420619166274e+01
6.411546156044585132e+01,1.178775370874822670e+01
6.413546727636467892e+01,1.138159100484451258e+01
6.415547299228350653e+01,1.229418167731035538e+01
6.417547870820234834e+01,1.158084045644009663e+01
6.419548442412119016e+01,1.169896360596382578e+01
6.421549014004001776e+01,1.150797246683900532e+01
6.423549585595884537e+01,1.074745859732859010e+01
6.425550157187768718e+01,1.117055282725567622e+01
6.427550728779651479e+01,1.088090923414843303e+01
6.429551300371534239e+01,1.051491834708921935e+01
6.431551871963418421e+01,9.554960108754981363e+00
6.433552443555302602e+01,1.023505259492947772e+01
6.435553015147185363e+01,1.013267400804703300e+01
6.437553586739068123e+01,9.234179841136583633e+00
6.439554158330952305e+01,9.957648533533880908e+00
6.441554729922835065e+01,8.746196330978410316e+00
6.443555301514717826e+01,8.945855583120774668e+00
6.445555873106602007e+01,8.356120840753373358e+00
6.447556444698486189e+01,8.468311669132733144e+00
6.449557016290368949e+01,8.335589176360608477e+00
6.451557587882251710e+01,8.472770371251067800e+00
6.453558159474135891e+01,7.879742523037421620e+00
6.455558731066020073e+01,7.966080693943220936e+00
6.457559302657902833e+01,7.965661816476536927e+00
6.459559874249785594e+01,7.730740646399615557e+00
6.461560445841669775e+01,6.622963712802793168e+00
6.463561017433552536e+01,7.160050974896957854e+00
6.465561589025435296e+01,7.045782879219411043e+00
6.467562160617319478e+01,5.971815930720529408e+00
6.469562732209203659e+01,6.003774985063547120e+00
6.471563303801086420e+01,6.050877153568817945e+00
6.473563875392969180e+01,5.740786767532096491e+00
6.475564446984853362e+01,5.735959826254057425e+00
6.477565018576737543e+01,5.885562078167555278e+00
6.479565590168618883e+01,5.748565102326130827e+00
6.481566161760503064e+01,5.380799390897560208e+00
6.483566733352387246e+01,5.843029651319515239e+00
6.485567304944270006e+01,4.938859842503010356e+00
6.487567876536152767e+01,4.558992330373881074e+00
6.489568448128036948e+01,4.657233247629409156e+00
6.491569019719921130e+01,4.974839178328587685e+00
6.493569591311803890e+01,4.589005794802808680e+00
6.495570162903686651e+01,4.764124531227082571e+00
6.497570734495570832e+01,5.070104829892153830e+00
6.499571306087453593e+01,4.465991444124638221e+00
6.501571877679336353e+01,5.332593161032562534e+00
6.503572449271220535e+01,4.550259688802674063e+00
6.505573020863104716e+01,4.973336439352733507e+00
6.507573592454987477e+01,5.085157454297062785e+00
6.509574164046870237e+01,4.953344015519576260e+00
6.511574735638754419e+01,4.792250746010510376e+00
6.513575307230638600e+01,4.555484141810907772e+00
6.515575878822521361e+01,4.800559282056788390e+00
6.517576450414404121e+01,4.432016965965182465e+00
6.519577022006288303e+01,4.175961592869934513e+00
6.521577593598171063e+01,4.939438629142700599e+00
6.523578165190053824e+01,4.294749618962143245e+00
6.525578736781938005e+01,4.705725447862445066e+00
6.527579308373822187e+01,3.501734599896311195e+00
6.529579879965704947e+01,3.762442307805537123e+00
6.531580451557587708e+01,4.232329367907984974e+00
6.533581023149471889e+01,4.425616068000991277e+00
6.535581594741354650e+01,4.155575280652789694e+00
6.537582166333237410e+01,4.412757090211865574e+00
6.539582737925121592e+01,3.413589097941312378e+00
6.541583309517005773e+01,4.051066317279780726e+00
6.543583881108888534e+01,3.432645738990024675e+00
6.545584452700771294e+01,3.822726301981097752e+00
6.547585024292655476e+01,3.604836908784330607e+00
6.549585595884539657e+01,4.212470226186201039e+00
6.551586167476422418e+01,4.410069596666758684e+00
6.553586739068305178e+01,4.279961266227383376e+00
6.555587310660189360e+01,3.794286081294501400e+00
6.557587882252072120e+01,3.064073937480499943e+00
6.559588453843954881e+01,3.378911878645746825e+00
6.561589025435839062e+01,3.392397802293872999e+00
6.563589597027723244e+01,3.658277490271309329e+00
6.565590168619606004e+01,3.932928704384231811e+00
6.567590740211488765e+01,3.612323310117465436e+00
6.569591311803372946e+01,4.644778679994158388e+00
6.571591883395257128e+01,3.810771909713039918e+00
6.573592454987138467e+01,3.246914167100462656e+00
6.575593026579022649e+01,3.320024373241669213e+00
6.577593598170906830e+01,3.209562611916502828e+00
6.579594169762789591e+01,3.910839167421565232e+00
6.581594741354672351e+01,3.890444557709115347e+00
6.583595312946556533e+01,3.253154151187257259e+00
6.585595884538440714e+01,3.420583102988119517e+00
6.587596456130323475e+01,3.644388911708330347e+00
6.589597027722206235e+01,3.891860268767390441e+00
6.591597599314090417e+01,3.056341313108894120e+00
6.593598170905973177e+01,3.438910033606815020e+00
6.595598742497855937e+01,3.952872459870691024e+00
6.597599314089740119e+01,3.824381238656675563e+00
6.599599885681624301e+01,2.969731003009054682e+00
6.601600457273507061e+01,3.789805332971402319e+00
6.603601028865389821e+01,3.585912337783313308e+00
6.605601600457274003e+01,2.651076715480674473e+00
6.607602172049158185e+01,4.250997412106142015e+00
6.609602743641040945e+01,3.693019865055419348e+00
6.611603315232923705e+01,3.923568990834282122e+00
6.613603886824807887e+01,3.957656484730833313e+00
6.615604458416690647e+01,3.055725600223955229e+00
6.617605030008573408e+01,3.356299277613014276e+00
6.619605601600457589e+01,3.544512499900848379e+00
6.621606173192341771e+01,3.058582028641587680e+00
6.623606744784224531e+01,3.343570454606626718e+00
6.625607316376107292e+01,3.738369865730762687e+00
6.627607887967991473e+01,3.759703660457689445e+00
6.629608459559874234e+01,3.567855934546567021e+00
6.631609031151756994e+01,3.475450480678797138e+00
6.633609602743641176e+01,3.521629119065348146e+00
6.635610174335525357e+01,3.282235633649924544e+00
6.637610745927408118e+01,3.538611067132243271e+00
6.639611317519290878e+01,3.555640108801995325e+00
6.641611889111175060e+01,2.926116387593215684e+00
6.643612460703059241e+01,3.094688195768949157e+00
6.645613032294942002e+01,3.184464158676151513e+00
6.647613603886824762e+01,4.086127631391423876e+00
6.649614175478708944e+01,4.367128877253293240e+00
6.651614747070591704e+01,2.843468987647963520e+00
6.653615318662474465e+01,3.347904041666752928e+00
6.655615890254358646e+01,3.507020024954125237e+00
6.657616461846242828e+01,3.856916623096557473e+00
6.659617033438125588e+01,3.833632365970433220e+00
6.661617605030008349e+01,3.620062847707874454e+00
6.663618176621892530e+01,3.898434379616411594e+00
6.665618748213776712e+01,3.609134975904816578e+00
6.667619319805658051e+01,3.182297192472337777e+00
6.669619891397542233e+01,3.269023818563727701e+00
6.671620462989426414e+01,3.983534837736519840e+00
6.673621034581309175e+01,3.622388946190992165e+00
6.675621606173191935e+01,3.617516986944666613e+00
6.677622177765076117e+01,3.484544513626711915e+00
6.679622749356960298e+01,3.542063108225570467e+00
6.681623320948843059e+01,3.333714465461718568e+00
6.683623892540725819e+01,3.705572425999264841e+00
6.685624464132610001e+01,3.220240086753491493e+00
6.687625035724492761e+01,3.291293360581626359e+00
6.689625607316375522e+01,3.895507726158690787e+00
6.691626178908259703e+01,4.236310115245252028e+00
6.693626750500143885e+01,3.846047459101210375e+00
6.695627322092026645e+01,2.971750468745988805e+00
6.697627893683909406e+01,3.058785877693547484e+00
6.699628465275793587e+01,3.191853793920423676e+00
6.701629036867677769e+01,3.567216849901556852e+00
6.703629608459560529e+01,3.246777034297397613e+00
6.705630180051443290e+01,3.394339497640068259e+00
6.707630751643327471e+01,2.765062741755841103e+00
6.709631323235210232e+01,3.341182768078960308e+00
6.711631894827092992e+01,3.437039120234391287e+00
6.713632466418977174e+01,3.465970540423687130e+00
6.715633038010861355e+01,3.420047983939181968e+00
6.717633609602744116e+01,4.174062236862614128e+00
6.719634181194626876e+01,3.553657447365115463e+00
6.721634752786511058e+01,4.448457322726952157e+00
6.723635324378393818e+01,4.091555334131262711e+00
6.725635895970276579e+01,3.975294842375054927e+00
6.727636467562160760e+01,3.581388526505125292e+00
6.729637039154044942e+01,4.593542711809140755e+00
6.731637610745927702e+01,4.926102293289742029e+00
6.733638182337810463e+01,5.311188272154254264e+00
6.735638753929694644e+01,5.003904562070719209e+00
6.737639325521578826e+01,4.610757339792132647e+00
6.739639897113461586e+01,4.339289872624807920e+00
6.741640468705344347e+01,5.022854682296667761e+00
6.743641040297228528e+01,4.021572409238150847e+00
6.745641611889111289e+01,4.742952918035974186e+00
6.747642183480994049e+01,4.728680773399011272e+00
6.749642755072878231e+01,4.962520981970683032e+00
6.751643326664762412e+01,4.102880711841815575e+00
6.753643898256645173e+01,4.129928278911139117e+00
6.755644469848527933e+01,4.478464660278584475e+00
6.757645041440412115e+01,3.569288915562625952e+00
6.759645613032296296e+01,3.986216584818311315e+00
6.761646184624177636e+01,3.457090755848110764e+00
6.763646756216061817e+01,3.415179729101109896e+00
6.765647327807945999e+01,4.378613086917980901e+00
6.767647899399828759e+01,4.415869245967232182e+00
6.769648470991711520e+01,3.926042934639368376e+00
6.771649042583595701e+01,4.228609449633593975e+00
6.773649614175479883e+01,4.372196023831114609e+00
6.775650185767362643e+01,4.017928264186887866e+00
6.777650757359245404e+01,3.937468077798023103e+00
6.779651328951129585e+01,3.657273068639439462e+00
6.781651900543012346e+01,3.787067491887321058e+00
6.783652472134895106e+01,3.442464737261377916e+00
6.785653043726779288e+01,3.640508686802321314e+00
6.787653615318663469e+01,3.403807988827095787e+00
6.789654186910546230e+01,3.825828859418655803e+00
6.791654758502428990e+01,3.449183063676457994e+00
6.793655330094313172e+01,3.953829708967215417e+00
6.795655901686197353e+01,4.462405787174285265e+00
6.797656473278080114e+01,3.754106840553856905e+00
6.799657044869962874e+01,3.473858807328098042e+00
6.801657616461847056e+01,3.580548322487704382e+00
6.803658188053729816e+01,4.570897484007666378e+00
6.805658759645612577e+01,3.763637986299334770e+00
6.807659331237496758e+01,4.307922727164353205e+00
6.809659902829380940e+01,3.346018097557598381e+00
6.811660474421263700e+01,4.363406115354242054e+00
6.813661046013146461e+01,3.831873399167886607e+00
6.815661617605030642e+01,4.299097135895781463e+00
6.817662189196913403e+01,3.680200069848014621e+00
6.819662760788796163e+01,3.182147218257624921e+00
6.821663332380680345e+01,3.865367109654139988e+00
6.823663903972564526e+01,4.217563087174388770e+00
6.825664475564447287e+01,3.787672238002699032e+00
6.827665047156330047e+01,4.255213706625447401e+00
6.829665618748214229e+01,3.488020439821143626e+00
6.831666190340098410e+01,4.900500450396309660e+00
6.833666761931981171e+01,4.579214039787260049e+00
6.835667333523863931e+01,3.640417946612205746e+00
6.837667905115748113e+01,4.089245552799823713e+00
6.839668476707630873e+01,4.847969970848426513e+00
6.841669048299513634e+01,3.845299662109334271e+00
6.843669619891397815e+01,3.843667432425553088e+00
6.845670191483281997e+01,3.974258381229922588e+00
6.847670763075164757e+01,3.542612583621116862e+00
6.849671334667047518e+01,4.101450812452738681e+00
6.851671906258931699e+01,4.354512768175611725e+00
6.853672477850815881e+01,3.903800003246004735e+00
6.855673049442697220e+01,4.501495588496172040e+00
6.857673621034581402e+01,3.334546048755971270e+00
6.859674192626465583e+01,3.695382149333777733e+00
6.861674764218348344e+01,3.097728437960867609e+00
6.863675335810231104e+01,4.074659601641255513e+00
6.865675907402115286e+01,3.091723579335784677e+00
6.867676478993999467e+01,4.066592813015238228e+00
6.869677050585882228e+01,3.547272252584351193e+00
6.871677622177764988e+01,4.070629423778285627e+00
6.873678193769649170e+01,3.273405067726804063e+00
6.875678765361531930e+01,3.284944240596378684e+00
6.877679336953414690e+01,3.829466329870265362e+00
6.879679908545298872e+01,3.971857173064677227e+00
6.881680480137183054e+01,3.439993747582334116e+00
6.883681051729065814e+01,3.780593459733676998e+00
6.885681623320948574e+01,4.637044301372824862e+00
6.887682194912832756e+01,4.232830336954078732e+00
6.889682766504716938e+01,3.280501991729807276e+00
6.891683338096599698e+01,4.333834839881228973e+00
6.893683909688482458e+01,4.621389059775316888e+00
6.895684481280366640e+01,4.977338085349176211e+00
6.897685052872249400e+01,4.848048025140389683e+00
6.899685624464132161e+01,3.926118173874995954e+00
6.901686196056016342e+01,4.188958623363218337e+00
6.903686767647900524e+01,4.777819088055465180e+00
6.905687339239783284e+01,4.526477567393323298e+00
6.907687910831666045e+01,5.115925958293658482e+00
6.909688482423550226e+01,4.027658940351401817e+00
6.911689054015432987e+01,5.036956367720463845e+00
6.913689625607315747e+01,4.767152895835531368e+00
6.915690197199199929e+01,5.608417954336056610e+00
6.917690768791084110e+01,4.567895656812980931e+00
6.919691340382966871e+01,5.065801505024698059e+00
6.921691911974849631e+01,4.934283063415085380e+00
6.923692483566733813e+01,4.890952346168297105e+00
6.925693055158617994e+01,5.366739084911110957e+00
6.927693626750500755e+01,5.927753916587668925e+00
6.929694198342383515e+01,5.097466119314347566e+00
6.931694769934267697e+01,6.380133418389155153e+00
6.933695341526150457e+01,6.098384987513063571e+00
6.935695913118033218e+01,5.818188287171953910e+00
6.937696484709917399e+01,5.748995331549201282e+00
6.939697056301801581e+01,5.390446449087618497e+00
6.941697627893684341e+01,6.044588012992582193e+00
6.943698199485567102e+01,5.871466400341068592e+00
6.945698771077451283e+01,5.928636225238843593e+00
6.947699342669335465e+01,5.373786364191531995e+00
6.949699914261216804e+01,5.391783554082016039e+00
6.951700485853100986e+01,4.544458956984561482e+00
6.953701057444985167e+01,5.504955517374980900e+00
6.955701629036867928e+01,4.549175137950437708e+00
6.957702200628750688e+01,4.599450981290827301e+00
6.959702772220634870e+01,4.423246677281326811e+00
6.961703343812519051e+01,4.818526821013376704e+00
6.963703915404401812e+01,4.108137896848455206e+00
6.965704486996284572e+01,3.990377289847039322e+00
6.967705058588168754e+01,3.281487589275013050e+00
6.969705630180051514e+01,3.403484405029914672e+00
6.971706201771934275e+01,3.723315280832593110e+00
6.973706773363818456e+01,3.074866105361492075e+00
6.975707344955702638e+01,3.901501366822871297e+00
6.977707916547585398e+01,4.830688121688988090e+00
6.979708488139468159e+01,4.717607842993768230e+00
6.981709059731352340e+01,4.196466975521377485e+00
6.983709631323236522e+01,3.785112729406222787e+00
6.985710202915119282e+01,4.344023560042641563e+00
6.987710774507002043e+01,3.774069772173548554e+00
6.989711346098886224e+01,4.221020083983694882e+00
6.991711917690768985e+01,4.401087568430842367e+00
6.993712489282651745e+01,4.559030141056713781e+00
6.995713060874535927e+01,4.380835884332825003e+00
6.997713632466420108e+01,4.102998884405114843e+00
6.999714204058302869e+01,4.098618598032714111e+00
7.001714775650185629e+01,4.944278880941959997e+00
7.003715347242069811e+01,4.268502478167875758e+00
7.005715918833952571e+01,4.396999396550200778e+00
7.007716490425835332e+01,4.966078987489540353e+00
7.009717062017719513e+01,4.304702667752344780e+00
7.011717633609603695e+01,4.060321467962307196e+00
7.013718205201486455e+01,4.471446742226467208e+00
7.015718776793369216e+01,4.058040141503263420e+00
7.017719348385253397e+01,4.306208015484689788e+00
7.019719919977137579e+01,3.957298921377556677e+00
7.021720491569020339e+01,4.402058405814728737e+00
7.023721063160903100e+01,3.827749404531214150e+00
7.025721634752787281e+01,4.181231363050477157e+00
7.027722206344670042e+01,4.138797755623273567e+00
7.029722777936552802e+01,3.980670655249464396e+00
7.031723349528436984e+01,3.758218688015701137e+00
7.033723921120321165e+01,3.379795988868516510e+00
7.035724492712203926e+01,3.695443713097014360e+00
7.037725064304086686e+01,3.395041890401579110e+00
7.039725635895970868e+01,4.021579264099421458e+00
7.041726207487855049e+01,3.722629659993455853e+00
7.043726779079736389e+01,3.397904806214722573e+00
7.045727350671620570e+01,3.833391578130229682e+00
7.047727922263504752e+01,3.899185393840977731e+00
7.049728493855387512e+01,3.349801374338692739e+00
7.051729065447270273e+01,3.853435327765264873e+00
7.053729637039154454e+01,3.945787153183887508e+00
7.055730208631038636e+01,3.448904674578548324e+00
7.057730780222921396e+01,3.665045293536263404e+00
7.059731351814804157e+01,3.541560145017339067e+00
7.061731923406688338e+01,3.962135424802189831e+00
7.063732494998571099e+01,3.863177234093738921e+00
7.065733066590453859e+01,3.709792553139909188e+00
7.067733638182338041e+01,4.368107842575919442e+00
7.069734209774222222e+01,3.724532662897009239e+00
7.071734781366104983e+01,3.303134607749550700e+00
7.073735352957987743e+01,4.422460645482889419e+00
7.075735924549871925e+01,4.094619193154916736e+00
7.077736496141756106e+01,3.959738152456796278e+00
7.079737067733638867e+01,3.791808521950688959e+00
7.081737639325521627e+01,3.604947111407709848e+00
7.083738210917405809e+01,3.402825090451484513e+00
7.085738782509288569e+01,3.854205348200483883e+00
7.087739354101171330e+01,4.517651871073669056e+00
7.089739925693055511e+01,3.338288334970693327e+00
7.091740497284939693e+01,4.712142815184433786e+00
7.093741068876822453e+01,3.578011636319028632e+00
7.095741640468705214e+01,3.904322167671424815e+00
7.097742212060589395e+01,3.293141097756099089e+00
7.099742783652472156e+01,4.079022737922590736e+00
7.101743355244354916e+01,4.451351435817416657e+00
7.103743926836239098e+01,4.250305909617232203e+00
7.105744498428123279e+01,3.322820160210476548e+00
7.107745070020006040e+01,3.728362995354969733e+00
7.109745641611888800e+01,3.402074805223865184e+00
7.111746213203772982e+01,3.594917793167324849e+00
7.113746784795657163e+01,3.738109165968387160e+00
7.115747356387539924e+01,3.811024213119150073e+00
7.117747927979422684e+01,4.314759100679720127e+00
7.119748499571306866e+01,2.913189121181598562e+00
7.121749071163189626e+01,3.599602500278771267e+00
7.123749642755072387e+01,3.807544258843766016e+00
7.125750214346956568e+01,3.832518012842276001e+00
7.127750785938840750e+01,3.184289698173123462e+00
7.129751357530723510e+01,3.863549672496504606e+00
7.131751929122606271e+01,3.986603912107439029e+00
7.133752500714490452e+01,4.494572355000434172e+00
7.135753072306374634e+01,3.756676093223496160e+00
7.137753643898255973e+01,3.996988909035108950e+00
7.139754215490140155e+01,4.594809450950690710e+00
7.141754787082024336e+01,4.491706627650436268e+00
7.143755358673907097e+01,5.119830024330430440e+00
7.145755930265789857e+01,4.955434818562853394e+00
7.147756501857674039e+01,4.037968749750178610e+00
7.149757073449558220e+01,4.579988334803922534e+00
7.151757645041440981e+01,4.469087270534451761e+00
7.153758216633323741e+01,4.714889579838674294e+00
7.155758788225207923e+01,5.071705229304609652e+00
7.157759359817090683e+01,4.501670348650544717e+00
7.159759931408973443e+01,4.498890097522973974e+00
7.161760503000857625e+01,5.217164651516531748e+00
7.163761074592741807e+01,4.563402914851150349e+00
7.165761646184624567e+01,5.985667260693636749e+00
7.167762217776507327e+01,6.590406249446811415e+00
7.169762789368391509e+01,6.042693189483360428e+00
7.171763360960275691e+01,5.823865557636821677e+00
7.173763932552158451e+01,6.352197475091785783e+00
7.175764504144041211e+01,7.696904163749925587e+00
7.177765075735925393e+01,6.988879141290095909e+00
7.179765647327808153e+01,7.464886569999396926e+00
7.181766218919690914e+01,7.846006438287567164e+00
7.183766790511575095e+01,8.152449930925081745e+00
7.185767362103459277e+01,8.202981446164793411e+00
7.187767933695342037e+01,7.915873260522661603e+00
7.189768505287224798e+01,8.476528664533081070e+00
7.191769076879108979e+01,8.118702236453186671e+00
7.193769648470991740e+01,7.610604107280583897e+00
7.195770220062874500e+01,6.755596827137493321e+00
7.197770791654758682e+01,6.774120791861770741e+00
7.199771363246642863e+01,6.680437033337274677e+00
7.201771934838525624e+01,6.654809753605042566e+00
7.203772506430408384e+01,6.059715432305501359e+00
7.205773078022292566e+01,5.463934609815687793e+00
7.207773649614176747e+01,4.898611027731768708e+00
7.209774221206059508e+01,5.374161099166173905e+00
7.211774792797942268e+01,4.594522410029698634e+00
7.213775364389826450e+01,4.245947417299521298e+00
7.215775935981709210e+01,4.151214961348577148e+00
7.217776507573591971e+01,3.600951163937023303e+00
7.219777079165476152e+01,4.070974010340424165e+00
7.221777650757360334e+01,4.281862010342839753e+00
7.223778222349243094e+01,3.317132022224330345e+00
7.225778793941125855e+01,3.516561556102584696e+00
7.227779365533010036e+01,4.268380594417094720e+00
7.229779937124894218e+01,3.422406104132534210e+00
7.231780508716775557e+01,3.769542622593332393e+00
7.233781080308659739e+01,3.462112253962717823e+00
7.235781651900543920e+01,3.852802709410814153e+00
7.237782223492426681e+01,3.932807572857857981e+00
7.239782795084309441e+01,3.575731581287237670e+00
7.241783366676193623e+01,4.046494077032119385e+00
7.243783938268077804e+01,3.016949448357279628e+00
7.245784509859960565e+01,3.644965976796413543e+00
7.247785081451843325e+01,4.030372442407693434e+00
7.249785653043727507e+01,3.487466300742928293e+00
7.251786224635610267e+01,3.205159418368617175e+00
7.253786796227493028e+01,3.117726606044890936e+00
7.255787367819377209e+01,4.008328523101045704e+00
7.257787939411261391e+01,4.007714842008825329e+00
7.259788511003144151e+01,3.406148225597326551e+00
7.261789082595026912e+01,4.218920378825020912e+00
7.263789654186911093e+01,3.255012744087878218e+00
7.265790225778795275e+01,3.179009960368241572e+00
7.267790797370678035e+01,3.578601287656739238e+00
7.269791368962560796e+01,4.011646499478401573e+00
7.271791940554444977e+01,4.021203444243474756e+00
7.273792512146327738e+01,3.374527518654660607e+00
7.275793083738210498e+01,4.145633573017808438e+00
7.277793655330094680e+01,4.105877629044375254e+00
7.279794226921978861e+01,4.190418491787442079e+00
7.281794798513861622e+01,3.430839364206638820e+00
7.283795370105744382e+01,2.992739847210963866e+00
7.285795941697628564e+01,3.613852705169697810e+00
7.287796513289511324e+01,3.538389304613008157e+00
7.289797084881394085e+01,4.217054720265058343e+00
7.291797656473278266e+01,3.573240775882676079e+00
7.293798228065162448e+01,4.885901594505374312e+00
7.295798799657045208e+01,4.524886041043452600e+00
7.297799371248927969e+01,5.501447955975044657e+00
7.299799942840812150e+01,5.510400343627322783e+00
7.301800514432696332e+01,4.606148178194823473e+00
7.303801086024579092e+01,5.233815194700224716e+00
7.305801657616461853e+01,5.878636660405104131e+00
7.307802229208346034e+01,5.547308727445578569e+00
7.309802800800228795e+01,5.634624555444790239e+00
7.311803372392111555e+01,6.644565260015806274e+00
7.313803943983995737e+01,6.208277410302701860e+00
7.315804515575879918e+01,6.619798267266455483e+00
7.317805087167762679e+01,6.537128170078786660e+00
7.319805658759645439e+01,5.913661932080626293e+00
7.321806230351529621e+01,6.344249146060350952e+00
7.323806801943413802e+01,6.811773662115982120e+00
7.325807373535295142e+01,5.672096571545332644e+00
7.327807945127179323e+01,5.604915441165256418e+00
7.329808516719063505e+01,5.697792520868068422e+00
7.331809088310946265e+01,4.980438191842005757e+00
7.333809659902829026e+01,4.201894388870564434e+00
7.335810231494713207e+01,4.411830167664922087e+00
7.337810803086597389e+01,4.404103403957559948e+00
7.339811374678480149e+01,4.148771447021211145e+00
7.341811946270362910e+01,4.643786937189357644e+00
7.343812517862247091e+01,4.192584618804228391e+00
7.345813089454129852e+01,3.923009494233802741e+00
7.347813661046012612e+01,3.370736339770924683e+00
7.349814232637896794e+01,4.654203790309666466e+00
7.351814804229780975e+01,4.124433050248573096e+00
7.353815375821663736e+01,3.369784187296553934e+00
7.355815947413546496e+01,3.500024340310160742e+00
7.357816519005430678e+01,3.732826870674394115e+00
7.359817090597314859e+01,2.888714044413841719e+00
7.361817662189197620e+01,3.323765753598270312e+00
7.363818233781080380e+01,4.268163929085614150e+00
7.365818805372964562e+01,3.915464417362705341e+00
7.367819376964847322e+01,3.513669119401012342e+00
7.369819948556730083e+01,3.924498874517168279e+00
7.371820520148614264e+01,3.784761493024753509e+00
7.373821091740498446e+01,4.248082353880908713e+00
7.375821663332381206e+01,3.693022486133731075e+00
7.377822234924263967e+01,3.751920784826690003e+00
7.379822806516148148e+01,4.541263476438118118e+00
7.381823378108030909e+01,4.244934773436311204e+00
7.383823949699913669e+01,4.555178004278675807e+00
7.385824521291797851e+01,5.030154940619353532e+00
7.387825092883682032e+01,5.603684970419726241e+00
7.389825664475564793e+01,4.651885151397821438e+00
7.391826236067447553e+01,5.749787434859506163e+00
7.393826807659331735e+01,6.299659213453892903e+00
7.395827379251215916e+01,6.332086899855704054e+00
7.397827950843098677e+01,6.792176102504456026e+00
7.399828522434981437e+01,6.925130120242275922e+00
7.401829094026865619e+01,7.520521933038851969e+00
7.403829665618748379e+01,7.255299058248908750e+00
7.405830237210632561e+01,7.332291242731301395e+00
7.407830808802515321e+01,7.867656308481924654e+00
7.409831380394398082e+01,8.190929635455731272e+00
7.411831951986282263e+01,7.983783096174745353e+00
7.413832523578165024e+01,8.201554764014291621e+00
7.415833095170049205e+01,8.429075922460857129e+00
7.417833666761931966e+01,7.751558479913974509e+00
7.419834238353816147e+01,7.737555421736368899e+00
7.421834809945698908e+01,7.167317379386619614e+00
7.423835381537583089e+01,7.987188226798534352e+00
7.425835953129465850e+01,7.617132162744576718e+00
7.427836524721348610e+01,7.471316612294668147e+00
7.429837096313232792e+01,8.114214393230087197e+00
7.431837667905115552e+01,7.612061128896169038e+00
7.433838239496999734e+01,7.404828106552930223e+00
7.435838811088882494e+01,6.844220752500026705e+00
7.437839382680766676e+01,8.300561978627278847e+00
7.439839954272649436e+01,7.269113375241684771e+00
7.441840525864533618e+01,8.468864937274179994e+00
7.443841097456416378e+01,7.825314974379116606e+00
7.445841669048300560e+01,8.038542516818951711e+00
7.447842240640183320e+01,8.796438278789036502e+00
7.449842812232066080e+01,8.803516649608223332e+00
7.451843383823950262e+01,9.081253978287096018e+00
7.453843955415833022e+01,9.144551170753478786e+00
7.455844527007717204e+01,8.241594694402980537e+00
7.457845098599599964e+01,8.631442138614275450e+00
7.459845670191484146e+01,8.859954841758543864e+00
7.461846241783366906e+01,8.368710491260824114e+00
7.463846813375251088e+01,7.911496121886278488e+00
7.465847384967133848e+01,8.006914274326279113e+00
7.467847956559016609e+01,6.900206476248548881e+00
7.469848528150900790e+01,7.422234908955321231e+00
7.471849099742783551e+01,6.132182608438627724e+00
7.473849671334667732e+01,5.523021760956529747e+00
7.475850242926550493e+01,5.852353128954196571e+00
7.477850814518434674e+01,5.309488865165487681e+00
7.479851386110317435e+01,5.263803356315497339e+00
7.481851957702201616e+01,5.627807545365380193e+00
7.483852529294084377e+01,4.554446317376586784e+00
7.485853100885967137e+01,4.773041066517587083e+00
7.487853672477851319e+01,4.338580608324795307e+00
7.489854244069734079e+01,4.248990964552264771e+00
7.491854815661618261e+01,3.931372334918319389e+00
7.493855387253501021e+01,3.879233277908870292e+00
7.495855958845385203e+01,4.512655034720503444e+00
7.497856530437267963e+01,3.435480264195058364e+00
7.499857102029152145e+01,4.042773408474515051e+00
7.501857673621034905e+01,3.543086325962232053e+00
7.503858245212917666e+01,3.122143567231193462e+00
7.505858816804801847e+01,3.960151187651407056e+00
7.507859388396684608e+01,4.569540846713610271e+00
7.509859959988568789e+01,4.318480185799646875e+00
7.511860531580451550e+01,4.195607580717425122e+00
7.513861103172335731e+01,3.298790025461891595e+00
7.515861674764218492e+01,3.097577002461723517e+00
7.517862246356102673e+01,3.510323719403060316e+00
7.519862817947985434e+01,3.165489300372176906e+00
7.521863389539868194e+01,3.700185022648528665e+00
7.523863961131752376e+01,3.965445500424555014e+00
7.525864532723635136e+01,3.439622830869238257e+00
7.527865104315519318e+01,3.509231656502460162e+00
7.529865675907402078e+01,3.181191143398831578e+00
7.531866247499286260e+01,3.735574515909636517e+00
7.533866819091169020e+01,3.628489493711570368e+00
7.535867390683053202e+01,3.453133577825803435e+00
7.537867962274935962e+01,3.506750998743254577e+00
7.539868533866820144e+01,3.535779730775912455e+00
7.541869105458702904e+01,3.830214081467828269e+00
7.543869677050585665e+01,3.928404051255324436e+00
7.545870248642469846e+01,4.051033523726265351e+00
7.547870820234352607e+01,3.702398022288519108e+00
7.549871391826236788e+01,3.204218054997586940e+00
7.551871963418119549e+01,3.680208643161238413e+00
7.553872535010003730e+01,3.175339438715111484e+00
7.555873106601886491e+01,2.943781166339489719e+00
7.557873678193770672e+01,3.453372623028300836e+00
7.559874249785653433e+01,3.228704105904508292e+00
7.561874821377536193e+01,4.138854292855247863e+00
7.563875392969420375e+01,3.755040746847222444e+00
7.565875964561303135e+01,3.240579125323715282e+00
7.567876536153187317e+01,3.602676926333479912e+00
7.569877107745070077e+01,3.378691850168783706e+00
7.571877679336954259e+01,3.490667192584616441e+00
7.573878250928837019e+01,3.810691973101775432e+00
7.575878822520721201e+01,4.294039178649587285e+00
7.577879394112603961e+01,3.181562310757254153e+00
7.579879965704486722e+01,3.045266089973454715e+00
7.581880537296370903e+01,4.055894942964546779e+00
7.583881108888253664e+01,3.655872229925984040e+00
7.585881680480137845e+01,3.165223340727000068e+00
7.587882252072020606e+01,3.417516882777555054e+00
7.589882823663904787e+01,4.010989135017168472e+00
7.591883395255787548e+01,3.919541271718687270e+00
7.593883966847671729e+01,3.680736736171353218e+00
7.595884538439554490e+01,3.423143986836038710e+00
7.597885110031437250e+01,3.620320930741181886e+00
7.599885681623321432e+01,3.853168485338595239e+00
7.601886253215204192e+01,3.890779685377951935e+00
7.603886824807088374e+01,3.676739748832323684e+00
7.605887396398971134e+01,3.970922893090632400e+00
7.607887967990855316e+01,3.514321339960579493e+00
7.609888539582738076e+01,4.076981784461681357e+00
7.611889111174622258e+01,3.914802067706194766e+00
7.613889682766505018e+01,3.940328857698046860e+00
7.615890254358387779e+01,4.029115727154333193e+00
7.617890825950271960e+01,3.851547221387601638e+00
7.619891397542154721e+01,4.513746356883654443e+00
7.621891969134038902e+01,4.539522216180667868e+00
7.623892540725921663e+01,4.053045308616808562e+00
7.625893112317805844e+01,3.938943913694068044e+00
7.627893683909688605e+01,4.957183915948602859e+00
7.629894255501572786e+01,4.523222555424821323e+00
7.631894827093455547e+01,4.594970583473058312e+00
7.633895398685339728e+01,4.981459847515927741e+00
7.635895970277222489e+01,4.846066693122956792e+00
7.637896541869105249e+01,5.245581090612958519e+00
7.639897113460989431e+01,4.386057520849468538e+00
7.641897685052872191e+01,4.897818099529149372e+00
7.643898256644756373e+01,4.657981857009611204e+00
7.645898828236639133e+01,4.132332620101704990e+00
7.647899399828523315e+01,4.732380609238020952e+00
7.649899971420406075e+01,4.136705053633860985e+00
7.651900543012290257e+01,4.022239376967410074e+00
7.653901114604173017e+01,4.813321023988919478e+00
7.655901686196055778e+01,3.998142577521933028e+00
7.657902257787939959e+01,4.259152725269441220e+00
7.659902829379822720e+01,4.075814373632517196e+00
7.661903400971706901e+01,3.593940074608128032e+00
7.663903972563589662e+01,4.701243461032494686e+00
7.665904544155473843e+01,4.512656757578120903e+00
7.667905115747356604e+01,4.271327851586244506e+00
7.669905687339240785e+01,4.095731091568363347e+00
7.671906258931123546e+01,4.186385172152881751e+00
7.673906830523006306e+01,3.745655641926350032e+00
7.675907402114890488e+01,3.735216655481582659e+00
7.677907973706773248e+01,3.942309066059397349e+00
7.679908545298657430e+01,4.053456614337071606e+00
7.681909116890540190e+01,3.449630294894796556e+00
7.683909688482424372e+01,4.289085897830575256e+00
7.685910260074307132e+01,4.022680400219095453e+00
7.687910831666191314e+01,4.081179094409183250e+00
7.689911403258074074e+01,3.613990722772729480e+00
7.691911974849956835e+01,4.096227817463248932e+00
7.693912546441841016e+01,3.070775044588601954e+00
7.695913118033723777e+01,3.132229346661421054e+00
7.697913689625607958e+01,3.244801135704915129e+00
7.699914261217490719e+01,3.242740017518595863e+00
7.701914832809374900e+01,3.770450160297428077e+00
7.703915404401257661e+01,3.852299948698100440e+00
7.705915975993141842e+01,3.371269615987944501e+00
7.707916547585024603e+01,3.731320314908971980e+00
7.709917119176907363e+01,4.165992079729427644e+00
7.711917690768791545e+01,3.196813906346255063e+00
7.713918262360674305e+01,3.388202816911374260e+00
7.715918833952558487e+01,4.128359072503831939e+00
7.717919405544441247e+01,3.850208316073916670e+00
7.719919977136325429e+01,3.749446846529689736e+00
7.721920548728208189e+01,3.878485759445529979e+00
7.723921120320092371e+01,3.576763412154401856e+00
7.725921691911975131e+01,4.489348682805575308e+00
7.727922263503859313e+01,4.054786934421485078e+00
7.729922835095742073e+01,3.823287465322681378e+00
7.731923406687624833e+01,3.959127475908180926e+00
7.733923978279509015e+01,4.630367554309708922e+00
7.735924549871391775e+01,4.522510636385826288e+00
7.737925121463275957e+01,3.967984358224208918e+00
7.739925693055158717e+01,4.067335365402629854e+00
7.741926264647042899e+01,3.822604354722671349e+00
7.743926836238925659e+01,3.256849317312636494e+00
7.745927407830809841e+01,4.175921949403845090e+00
7.747927979422692601e+01,4.864389384775583913e+00
7.749928551014575362e+01,4.258891031163433816e+00
7.751929122606459543e+01,4.904230812528943773e+00
7.753929694198342304e+01,3.674806150082246425e+00
7.755930265790226485e+01,4.674408011013666986e+00
7.757930837382109246e+01,4.464299281285898147e+00
7.759931408973993427e+01,4.046614188130154943e+00
7.761931980565876188e+01,3.661019825033641872e+00
7.763932552157760369e+01,4.337781591195899011e+00
7.765933123749643130e+01,4.450442436084289355e+00
7.767933695341525890e+01,3.916711171893815013e+00
7.769934266933410072e+01,2.861389344932069978e+00
7.771934838525292832e+01,3.821027231444714900e+00
7.773935410117177014e+01,3.570587018215886310e+00
7.775935981709059774e+01,4.259508654004852346e+00
7.777936553300943956e+01,3.870382358598127404e+00
7.779937124892826716e+01,3.983236162159353277e+00
7.781937696484710898e+01,3.474834291974834954e+00
7.783938268076593658e+01,4.073255974698705373e+00
7.785938839668476419e+01,4.211970917020941840e+00
7.787939411260360600e+01,3.719419966263942445e+00
7.789939982852243361e+01,3.220326094790995075e+00
7.791940554444127542e+01,2.963691721752819586e+00
7.793941126036010303e+01,3.917550701367816579e+00
7.795941697627894484e+01,3.312497986565130503e+00
7.797942269219777245e+01,3.373093460812996547e+00
7.799942840811661426e+01,4.094309796240213295e+00
7.801943412403544187e+01,3.517611941317921875e+00
7.803943983995426947e+01,3.743683170582820186e+00
7.805944555587311129e+01,3.427214639085871983e+00
7.807945127179193889e+01,4.379116281057160442e+00
7.809945698771078071e+01,3.608855574113873921e+00
7.811946270362960831e+01,3.371327594913842152e+00
7.813946841954845013e+01,3.159974942861271341e+00
7.815947413546727773e+01,4.476331576536781043e+00
7.817947985138611955e+01,3.550056418837326255e+00
7.819948556730494715e+01,3.839282782011538497e+00
7.821949128322378897e+01,3.410893007297169266e+00
7.823949699914261657e+01,4.011358859795841170e+00
7.825950271506144418e+01,3.295225993550150889e+00
7.827950843098028599e+01,3.276102097509034472e+00
7.829951414689911360e+01,2.907028931660432303e+00
7.831951986281795541e+01,3.346022925429579686e+00
7.833952557873678302e+01,3.184067988835399543e+00
7.835953129465562483e+01,4.500522672207670105e+00
7.837953701057445244e+01,4.213271943045760359e+00
7.839954272649329425e+01,4.551331612521963166e+00
7.841954844241212186e+01,4.524660716987627396e+00
7.843955415833094946e+01,4.494286419713557024e+00
7.845955987424979128e+01,4.231973769316638823e+00
7.847956559016861888e+01,4.150265876774759555e+00
7.849957130608746070e+01,4.026847712117755052e+00
7.851957702200628830e+01,4.219507296909428717e+00
7.853958273792513012e+01,5.438341114417153399e+00
7.855958845384395772e+01,5.911723661046599965e+00
7.857959416976279954e+01,5.125515100810810409e+00
7.859959988568162714e+01,6.267986168199204400e+00
7.861960560160045475e+01,6.848291859005479765e+00
7.863961131751929656e+01,6.766452872917857242e+00
7.865961703343812417e+01,7.297106446924636280e+00
7.867962274935696598e+01,6.869544075756291335e+00
7.869962846527579359e+01,8.242404949787507817e+00
7.871963418119463540e+01,8.435409152322220550e+00
7.873963989711346301e+01,8.153876420643040746e+00
7.875964561303230482e+01,8.825634372097542979e+00
7.877965132895113243e+01,8.122749768705816109e+00
7.879965704486996003e+01,8.763809585922917478e+00
7.881966276078880185e+01,8.766640677911491153e+00
7.883966847670762945e+01,9.116811419500812974e+00
7.885967419262647127e+01,7.909337727942192586e+00
7.887967990854529887e+01,8.369060671600280443e+00
7.889968562446414069e+01,7.767433662158066632e+00
7.891969134038296829e+01,7.289395294443011153e+00
7.893969705630181011e+01,8.379357028189257761e+00
7.895970277222063771e+01,8.122874492146888059e+00
7.897970848813946532e+01,7.906228536487033054e+00
7.899971420405830713e+01,7.152844258822344869e+00
7.901971991997713474e+01,7.296865189373276550e+00
7.903972563589597655e+01,7.432603786705714199e+00
7.905973135181480416e+01,7.059656467590265549e+00
7.907973706773364597e+01,6.831927614306856356e+00
7.909974278365247358e+01,6.292987900557910130e+00
7.911974849957131539e+01,5.694445107716759935e+00
7.913975421549014300e+01,5.901367531299905878e+00
7.915975993140898481e+01,6.508677840866362807e+00
7.917976564732781242e+01,6.281722877184153120e+00
7.919977136324664002e+01,6.022699208951495464e+00
7.921977707916548184e+01,5.600098872997607558e+00
7.923978279508430944e+01,4.993193928844755547e+00
7.925978851100315126e+01,5.252330371698777256e+00
7.927979422692197886e+01,6.089905457663139288e+00
7.929979994284082068e+01,5.154837329170574023e+00
7.931980565875964828e+01,5.513157353869030608e+00
7.933981137467849010e+01,6.229831621831349864e+00
7.935981709059731770e+01,6.868191595924598047e+00
7.937982280651614531e+01,7.060607166057520701e+00
7.939982852243498712e+01,6.860055858865177214e+00
7.941983423835381473e+01,7.393386583680527480e+00
7.943983995427265654e+01,7.318642339949734676e+00
7.945984567019148415e+01,8.461921161461713581e+00
7.947985138611032596e+01,8.632463264565831906e+00
7.949985710202915357e+01,9.367074276420678913e+00
7.951986281794799538e+01,8.974118789420167275e+00
7.953986853386682299e+01,9.979396585832239097e+00
7.955987424978565059e+01,1.052280560768080875e+01
7.957987996570449241e+01,1.124759399330819498e+01
7.959988568162332001e+01,1.091720646248258575e+01
7.961989139754216183e+01,1.035736378699466442e+01
7.963989711346098943e+01,1.076880804983182394e+01
7.965990282937983125e+01,1.061588661587337690e+01
7.967990854529865885e+01,1.090674164060424722e+01
7.969991426121750067e+01,1.032999314215249065e+01
7.971991997713632827e+01,9.029093085674997354e+00
7.973992569305515588e+01,8.264286104326471261e+00
7.975993140897399769e+01,8.022624819157098131e+00
7.977993712489282530e+01,8.282144627809204351e+00
7.979994284081166711e+01,7.654454046120258148e+00
7.981994855673049472e+01,6.062026776424993102e+00
7.983995427264933653e+01,6.431486126340464793e+00
7.985995998856816414e+01,5.672282301174473851e+00
7.987996570448700595e+01,4.989112371664399248e+00
7.989997142040583356e+01,4.738008666529747615e+00
7.991997713632466116e+01,5.195571729014700324e+00
7.993998285224350298e+01,4.548398278671615280e+00
7.995998856816233058e+01,4.762572852332473516e+00
7.997999428408117240e+01,3.986237476816771430e+00
8.000000000000000000e+01,3.584342422145392337e+00
