angle,intensity
1.000000000000000000e+01,3.731830634862842277e+00
1.002000571591883471e+01,3.510972697283214039e+00
1.004001143183766764e+01,3.275087298876749653e+00
1.006001714775650235e+01,2.923413096646140019e+00
1.008002286367533529e+01,3.179154181363114784e+00
1.010002857959417000e+01,2.916023415680200959e+00
1.012003429551300293e+01,3.837824251373811446e+00
1.014004001143183764e+01,3.299994856265977550e+00
1.016004572735067235e+01,3.065148902839085476e+00
1.018005144326950528e+01,3.698562659610008296e+00
1.020005715918833999e+01,2.805491177208418563e+00
1.022006287510717293e+01,3.742867192539768517e+00
1.024006859102600764e+01,3.072890682376418603e+00
1.026007430694484057e+01,3.406137421566354462e+00
1.028008002286367528e+01,2.763993708653415204e+00
1.030008573878250999e+01,3.372066422315371348e+00
1.032009145470134293e+01,3.062482258915498967e+00
1.034009717062017764e+01,3.526059325043620074e+00
1.036010288653901057e+01,3.189150255914631416e+00
1.038010860245784528e+01,3.823407230180821070e+00
1.040011431837667999e+01,3.610912519796595888e+00
1.042012003429551292e+01,3.302802217794564399e+00
1.044012575021434763e+01,3.552924451037331011e+00
1.046013146613318057e+01,3.911651178249886840e+00
1.048013718205201528e+01,3.800220062477495553e+00
1.050014289797084821e+01,3.678563225278690396e+00
1.052014861388968292e+01,4.214805491332504594e+00
1.054015432980851585e+01,3.172646618542087182e+00
1.056016004572735056e+01,3.894367522565118200e+00
1.058016576164618527e+01,2.682507792499941424e+00
1.060017147756501821e+01,3.990233845598633700e+00
1.062017719348385292e+01,3.618167622007981699e+00
1.064018290940268585e+01,4.225445823832550296e+00
1.066018862532152056e+01,3.787946796482041023e+00
1.068019434124035527e+01,3.846425232836433228e+00
1.070020005715918820e+01,2.809810424385613459e+00
1.072020577307802292e+01,3.367666875692789219e+00
1.074021148899685585e+01,2.924958575753471735e+00
1.076021720491569056e+01,2.912059686717867191e+00
1.078022292083452349e+01,3.661429474713986387e+00
1.080022863675335820e+01,3.534909862657900526e+00
1.082023435267219291e+01,3.409709381749538526e+00
1.084024006859102585e+01,2.939848330134649856e+00
1.086024578450986056e+01,3.499845156002313384e+00
1.088025150042869349e+01,4.201162641837941969e+00
1.090025721634752820e+01,3.068728142863812014e+00
1.092026293226636113e+01,4.137251352835194851e+00
1.094026864818519584e+01,3.196599385050428399e+00
1.096027436410403055e+01,3.577060264839736714e+00
1.098028008002286349e+01,3.441471582629890058e+00
1.100028579594169820e+01,3.560200950231042771e+00
1.102029151186053113e+01,3.043564694535492166e+00
1.104029722777936584e+01,3.379135600899369596e+00
1.106030294369819877e+01,3.271720385500184847e+00
1.108030865961703348e+01,3.602203550286069422e+00
1.110031437553586819e+01,3.386008974300987351e+00
1.112032009145470113e+01,3.331333207188104772e+00
1.114032580737353584e+01,3.547028786193311412e+00
1.116033152329236877e+01,2.755779398990254592e+00
1.118033723921120348e+01,4.039104986984295209e+00
1.120034295513003642e+01,3.827374062723854387e+00
1.122034867104887113e+01,3.255829756327366820e+00
1.124035438696770584e+01,3.154724330215821659e+00
1.126036010288653877e+01,2.537060638425816528e+00
1.128036581880537348e+01,3.711578360154118350e+00
1.130037153472420641e+01,3.331117691474066334e+00
1.132037725064304112e+01,3.118194779575964137e+00
1.134038296656187583e+01,3.356920723406319862e+00
1.136038868248070877e+01,2.922115138894192832e+00
1.138039439839954348e+01,3.175305266737044274e+00
1.140040011431837641e+01,2.917785349906559134e+00
1.142040583023721112e+01,3.401862752373409293e+00
1.144041154615604405e+01,3.875319308167243015e+00
1.146041726207487876e+01,3.443251821983710936e+00
1.148042297799371170e+01,3.671584513893779267e+00
1.150042869391254641e+01,3.275620530666683017e+00
1.152043440983138112e+01,3.678901533432616944e+00
1.154044012575021405e+01,2.758144298431980168e+00
1.156044584166904876e+01,3.173765874656698571e+00
1.158045155758788169e+01,3.617726819062785815e+00
1.160045727350671640e+01,3.564476516912330695e+00
1.162046298942555111e+01,3.162601568187533019e+00
1.164046870534438405e+01,3.810322524748299688e+00
1.166047442126321876e+01,4.015552085649694902e+00
1.168048013718205169e+01,3.186247441791445922e+00
1.170048585310088640e+01,2.791264493133887470e+00
1.172049156901971934e+01,3.867187357144543647e+00
1.174049728493855405e+01,2.754034084437107843e+00
1.176050300085738698e+01,3.394761503488712862e+00
1.178050871677622169e+01,2.737840512935667547e+00
1.180051443269505640e+01,3.384194537390511126e+00
1.182052014861388933e+01,3.396515936830839522e+00
1.184052586453272404e+01,3.732251277463495054e+00
1.186053158045155698e+01,3.498351113673361379e+00
1.188053729637039169e+01,3.710677059604314820e+00
1.190054301228922640e+01,3.056932615679258447e+00
1.192054872820805933e+01,3.062728241134560658e+00
1.194055444412689404e+01,3.714668154980319770e+00
1.196056016004572697e+01,3.872016906317837126e+00
1.198056587596456168e+01,3.451685977502937597e+00
1.200057159188339639e+01,4.156211279805253511e+00
1.202057730780222933e+01,4.104111467112170786e+00
1.204058302372106226e+01,4.315103827342637643e+00
1.206058873963989697e+01,3.609767446143330893e+00
1.208059445555873168e+01,2.976267504857343038e+00
1.210060017147756461e+01,3.616361176930237953e+00
1.212060588739639932e+01,3.184895773082174308e+00
1.214061160331523226e+01,3.433555748689842257e+00
1.216061731923406697e+01,4.143836248375485809e+00
1.218062303515290168e+01,3.664541467457728352e+00
1.220062875107173461e+01,3.466161845866345459e+00
1.222063446699056932e+01,3.806783806674815196e+00
1.224064018290940226e+01,3.422053434519712667e+00
1.226064589882823697e+01,3.126878420031553141e+00
1.228065161474707168e+01,3.369823018142477533e+00
1.230065733066590461e+01,3.357118617447015563e+00
1.232066304658473754e+01,3.174383974287988686e+00
1.234066876250357225e+01,2.991514072013684800e+00
1.236067447842240696e+01,3.060634667389586561e+00
1.238068019434123990e+01,3.417032452534629172e+00
1.240068591026007461e+01,3.906199958074146661e+00
1.242069162617890754e+01,3.370489949263001161e+00
1.244069734209774225e+01,3.356831304579272146e+00
1.246070305801657696e+01,3.629376256894726982e+00
1.248070877393540989e+01,3.245060219052328776e+00
1.250071448985424460e+01,3.223066895700633872e+00
1.252072020577307754e+01,3.278127486144366554e+00
1.254072592169191225e+01,3.250871486675178890e+00
1.256073163761074696e+01,3.121917833610935666e+00
1.258073735352957989e+01,3.646059113743556068e+00
1.260074306944841460e+01,3.113602037806163736e+00
1.262074878536724754e+01,3.963351478697985542e+00
1.264075450128608225e+01,3.219366283887769686e+00
1.266076021720491518e+01,3.165789523836229691e+00
1.268076593312374989e+01,3.861590140924658243e+00
1.270077164904258282e+01,3.325248588557415008e+00
1.272077736496141753e+01,3.329576303801053072e+00
1.274078308088025224e+01,3.435831660795000353e+00
1.276078879679908518e+01,3.459407184879533581e+00
1.278079451271791989e+01,3.589449495301669124e+00
1.280080022863675282e+01,4.173337542062085959e+00
1.282080594455558753e+01,3.479393397801742616e+00
1.284081166047442224e+01,3.764695302777293584e+00
1.286081737639325517e+01,3.309304444405856138e+00
1.288082309231208988e+01,2.985373784446735623e+00
1.290082880823092282e+01,3.336884980788835886e+00
1.292083452414975753e+01,4.058836047419788429e+00
1.294084024006859224e+01,3.483436788804630702e+00
1.296084595598742517e+01,2.885057492757866271e+00
1.298085167190625810e+01,3.122760482157379780e+00
1.300085738782509281e+01,2.937598509339589548e+00
1.302086310374392752e+01,3.120723457408425272e+00
1.304086881966276046e+01,4.319347352060516343e+00
1.306087453558159517e+01,3.720015193007041976e+00
1.308088025150042810e+01,3.037136260172152546e+00
1.310088596741926281e+01,2.941414872701877847e+00
1.312089168333809752e+01,3.302494214512448067e+00
1.314089739925693046e+01,3.713561351851273340e+00
1.316090311517576517e+01,2.856968906904642669e+00
1.318090883109459810e+01,2.839988656893546626e+00
1.320091454701343281e+01,3.573040340265497328e+00
1.322092026293226752e+01,3.286861409242973764e+00
1.324092597885110045e+01,3.433388640032800865e+00
1.326093169476993339e+01,4.049675976750697792e+00
1.328093741068876810e+01,3.455859186746729428e+00
1.330094312660760281e+01,2.890295165437295921e+00
1.332094884252643574e+01,3.193097977570125146e+00
1.334095455844527045e+01,2.736827535001728151e+00
1.336096027436410338e+01,3.508596553881052849e+00
1.338096599028293809e+01,3.458935185228334319e+00
1.340097170620177280e+01,4.050238449840557919e+00
1.342097742212060574e+01,3.193793130455595985e+00
1.344098313803944045e+01,3.540509806760164579e+00
1.346098885395827338e+01,2.916370310977959956e+00
1.348099456987710809e+01,4.112871926197461114e+00
1.350100028579594280e+01,3.053085891723047229e+00
1.352100600171477573e+01,3.095628642916130158e+00
1.354101171763361044e+01,3.201182418863319334e+00
1.356101743355244338e+01,4.267728819843332744e+00
1.358102314947127809e+01,2.643210919747907894e+00
1.360102886539011102e+01,2.957013429960697604e+00
1.362103458130894573e+01,3.582795017553906280e+00
1.364104029722777867e+01,3.798031034930327010e+00
1.366104601314661338e+01,3.123427288178103112e+00
1.368105172906544809e+01,2.790831538023742731e+00
1.370105744498428102e+01,2.844339047809655519e+00
1.372106316090311573e+01,3.151219492595534799e+00
1.374106887682194866e+01,3.783729353631440695e+00
1.376107459274078337e+01,3.458612420771864926e+00
1.378108030865961808e+01,3.424648987131867273e+00
1.380108602457845102e+01,3.414356837600169392e+00
1.382109174049728573e+01,3.269792220361185109e+00
1.384109745641611866e+01,3.196506562956771269e+00
1.386110317233495337e+01,3.308572630589985408e+00
1.388110888825378808e+01,3.757604933209370834e+00
1.390111460417262101e+01,3.461360043872066861e+00
1.392112032009145395e+01,2.867338817408019214e+00
1.394112603601028866e+01,3.325633728502453756e+00
1.396113175192912337e+01,3.406243813351369276e+00
1.398113746784795630e+01,3.516058554588293639e+00
1.400114318376679101e+01,2.702388495606228069e+00
1.402114889968562395e+01,3.528399507889111053e+00
1.404115461560445866e+01,3.418229123967926775e+00
1.406116033152329337e+01,3.899587275381691587e+00
1.408116604744212630e+01,4.115799184307950220e+00
1.410117176336095923e+01,3.435046736512954446e+00
1.412117747927979394e+01,2.770491367058351528e+00
1.414118319519862865e+01,4.037529851050285501e+00
1.416118891111746336e+01,3.564476157475202633e+00
1.418119462703629630e+01,3.636969337673074065e+00
1.420120034295512923e+01,3.928920058768870849e+00
1.422120605887396394e+01,3.539260963139067240e+00
1.424121177479279865e+01,3.137183759165454777e+00
1.426121749071163336e+01,3.067694493318481985e+00
1.428122320663046629e+01,3.376814510706577899e+00
1.430122892254929923e+01,3.730611922557885762e+00
1.432123463846813394e+01,3.919152558280317056e+00
1.434124035438696865e+01,3.943235560719720922e+00
1.436124607030580158e+01,4.058405179196904022e+00
1.438125178622463629e+01,2.548567782301101925e+00
1.440125750214346922e+01,3.589753804512787916e+00
1.442126321806230393e+01,3.421258704272425621e+00
1.444126893398113864e+01,3.946168366566032315e+00
1.446127464989997158e+01,3.121690199067594484e+00
1.448128036581880451e+01,3.613677532202353326e+00
1.450128608173763922e+01,3.094180526076948379e+00
1.452129179765647393e+01,3.586498736561740230e+00
1.454129751357530864e+01,2.617383825504722150e+00
1.456130322949414158e+01,3.327864677018439465e+00
1.458130894541297451e+01,3.401986450187227007e+00
1.460131466133180922e+01,2.692525909499170922e+00
1.462132037725064393e+01,3.444307598984756247e+00
1.464132609316947686e+01,2.717879873580805405e+00
1.466133180908831157e+01,3.215352766202577151e+00
1.468133752500714451e+01,3.350440601914511873e+00
1.470134324092597922e+01,3.737832167457986632e+00
1.472134895684481393e+01,3.123615580340096454e+00
1.474135467276364686e+01,2.917894578858112542e+00
1.476136038868247979e+01,3.346018490731972328e+00
1.478136610460131450e+01,3.574948212886067900e+00
1.480137182052014921e+01,3.386562791353359358e+00
1.482137753643898392e+01,3.695766711026298612e+00
1.484138325235781686e+01,3.964342267439195489e+00
1.486138896827664979e+01,2.700131157029364459e+00
1.488139468419548450e+01,2.605616572914389195e+00
1.490140040011431921e+01,3.149235100774216534e+00
1.492140611603315392e+01,3.532215382794369418e+00
1.494141183195198685e+01,3.714406869251179799e+00
1.496141754787081979e+01,3.416370619911705653e+00
1.498142326378965450e+01,3.250425296288407928e+00
1.500142897970848921e+01,3.217995381685244460e+00
1.502143469562732214e+01,3.173506122847841837e+00
1.504144041154615508e+01,3.774783100183289442e+00
1.506144612746498979e+01,3.613149165231158033e+00
1.508145184338382450e+01,3.647280714354584674e+00
1.510145755930265921e+01,3.243879898842884302e+00
1.512146327522149214e+01,3.425262831936234598e+00
1.514146899114032507e+01,3.750979009282272347e+00
1.516147470705915978e+01,2.779339756321774324e+00
1.518148042297799449e+01,3.046546453520322384e+00
1.520148613889682920e+01,3.391408133962374283e+00
1.522149185481566214e+01,3.436366287028009392e+00
1.524149757073449507e+01,3.523115437654814830e+00
1.526150328665332978e+01,3.457455930314299319e+00
1.528150900257216449e+01,3.312045882898130511e+00
1.530151471849099742e+01,3.211769823336727114e+00
1.532152043440983036e+01,2.830218193786206538e+00
1.534152615032866507e+01,3.304198663528714164e+00
1.536153186624749978e+01,3.418215095688759142e+00
1.538153758216633449e+01,3.991230869769705869e+00
1.540154329808516742e+01,3.691994127257729907e+00
1.542154901400400036e+01,3.537411015255158109e+00
1.544155472992283507e+01,3.394664322363421860e+00
1.546156044584166978e+01,3.371561022886095493e+00
1.548156616176050449e+01,3.416949707615482446e+00
1.550157187767933742e+01,3.680590795208464883e+00
1.552157759359817035e+01,2.954541749967793507e+00
1.554158330951700506e+01,3.154756338660481330e+00
1.556158902543583977e+01,3.495423415867010775e+00
1.558159474135467271e+01,3.282201048448291747e+00
1.560160045727350742e+01,3.436764310889850904e+00
1.562160617319234035e+01,2.940040437237135151e+00
1.564161188911117506e+01,3.647682449605437860e+00
1.566161760503000977e+01,4.110042409876250247e+00
1.568162332094884270e+01,2.942801556420363784e+00
1.570162903686767564e+01,3.025050104972170750e+00
1.572163475278651035e+01,3.394412923434327656e+00
1.574164046870534506e+01,3.057796804850868355e+00
1.576164618462417977e+01,3.990862546922766985e+00
1.578165190054301270e+01,3.335024337134935735e+00
1.580165761646184563e+01,3.002416423483222463e+00
1.582166333238068034e+01,3.206826362764717775e+00
1.584166904829951505e+01,3.066706632021499068e+00
1.586167476421834799e+01,3.868454837993827944e+00
1.588168048013718270e+01,3.762513540299517345e+00
1.590168619605601563e+01,3.719327357691786240e+00
1.592169191197485034e+01,3.788800896253358808e+00
1.594169762789368505e+01,3.074343904046696885e+00
1.596170334381251799e+01,2.757066940805567690e+00
1.598170905973135092e+01,3.769124180874298347e+00
1.600171477565018563e+01,4.084655297859804080e+00
1.602172049156902034e+01,3.230203373375452269e+00
1.604172620748785505e+01,3.352279143905225745e+00
1.606173192340668976e+01,2.882338074953227469e+00
1.608173763932552092e+01,2.608446305530867093e+00
1.610174335524435563e+01,3.472978927661978688e+00
1.612174907116319034e+01,3.739130809947400547e+00
1.614175478708202505e+01,3.194555320130739062e+00
1.616176050300085620e+01,3.795058952350710779e+00
1.618176621891969091e+01,3.593559898975348776e+00
1.620177193483852562e+01,3.592404567565021800e+00
1.622177765075736033e+01,3.315802819864543061e+00
1.624178336667619504e+01,3.941579137889687168e+00
1.626178908259502620e+01,3.889565011290023300e+00
1.628179479851386091e+01,3.255370274729684876e+00
1.630180051443269562e+01,4.006006313549391962e+00
1.632180623035153033e+01,3.782825162781813688e+00
1.634181194627036149e+01,4.229114814790806420e+00
1.636181766218919620e+01,2.902883503289173106e+00
1.638182337810803091e+01,3.071122206158745538e+00
1.640182909402686562e+01,3.031643912283383369e+00
1.642183480994570033e+01,3.632394214883667427e+00
1.644184052586453504e+01,3.214364423720110331e+00
1.646184624178336620e+01,3.262971445626456024e+00
1.648185195770220091e+01,2.563211614583392972e+00
1.650185767362103562e+01,3.266730205300508061e+00
1.652186338953986677e+01,3.286605073010012479e+00
1.654186910545870148e+01,3.063788378875963225e+00
1.656187482137753619e+01,3.176687916694983294e+00
1.658188053729637090e+01,3.407446634713291012e+00
1.660188625321520561e+01,2.911863151506151492e+00
1.662189196913404032e+01,3.820627389207908564e+00
1.664189768505287148e+01,4.056543158869354571e+00
1.666190340097170619e+01,2.972787402440312476e+00
1.668190911689054090e+01,3.569989101434894785e+00
1.670191483280937561e+01,3.862161815284497202e+00
1.672192054872820677e+01,3.524104813134086633e+00
1.674192626464704148e+01,2.638923138549763792e+00
1.676193198056587619e+01,3.023339967102633530e+00
1.678193769648471090e+01,3.291485403314573510e+00
1.680194341240354561e+01,2.907904587065161639e+00
1.682194912832238032e+01,3.464932209938382801e+00
1.684195484424121148e+01,3.442145248777543909e+00
1.686196056016004619e+01,2.919302583991689737e+00
1.688196627607888090e+01,3.769179499268989542e+00
1.690197199199771205e+01,3.376689247329018873e+00
1.692197770791654676e+01,2.509002869708929495e+00
1.694198342383538147e+01,3.517775231174868011e+00
1.696198913975421618e+01,4.046416097654614852e+00
1.698199485567305089e+01,2.812737214226435523e+00
1.700200057159188560e+01,3.759211931251446259e+00
1.702200628751071676e+01,3.690625553960010130e+00
1.704201200342955147e+01,2.907021447231828759e+00
1.706201771934838618e+01,2.556132204049530454e+00
1.708202343526722089e+01,3.322519275901613778e+00
1.710202915118605205e+01,3.880060357664867787e+00
1.712203486710488676e+01,3.117721911716388128e+00
1.714204058302372147e+01,2.533509356361836939e+00
1.716204629894255618e+01,3.408459474749799156e+00
1.718205201486139089e+01,2.978492043520000188e+00
1.720205773078022204e+01,3.363939706610580060e+00
1.722206344669905675e+01,4.129324783143296429e+00
1.724206916261789146e+01,2.922875315458332235e+00
1.726207487853672617e+01,2.658557973903235450e+00
1.728208059445555733e+01,3.196422295881063746e+00
1.730208631037439204e+01,3.339873563670627377e+00
1.732209202629322675e+01,3.337696678409328044e+00
1.734209774221206146e+01,3.190289079222641266e+00
1.736210345813089617e+01,3.284521972334893292e+00
1.738210917404973088e+01,3.614753176149445579e+00
1.740211488996856204e+01,2.978167824307417888e+00
1.742212060588739675e+01,3.625042896477972842e+00
1.744212632180623146e+01,3.563149028834462939e+00
1.746213203772506262e+01,3.915897026198473796e+00
1.748213775364389733e+01,3.308217680456562171e+00
1.750214346956273204e+01,3.570346017241853964e+00
1.752214918548156675e+01,3.376953430408370593e+00
1.754215490140040146e+01,3.879376304694285515e+00
1.756216061731923617e+01,3.410944507281802096e+00
1.758216633323806732e+01,3.915060014321303683e+00
1.760217204915690203e+01,3.377818768524832649e+00
1.762217776507573674e+01,3.546649563505585689e+00
1.764218348099457145e+01,3.179270189530210899e+00
1.766218919691340261e+01,3.930462117905005215e+00
1.768219491283223732e+01,3.522277126650901202e+00
1.770220062875107203e+01,4.107020798444230181e+00
1.772220634466990674e+01,3.320597349799592202e+00
1.774221206058874145e+01,3.802913391157929812e+00
1.776221777650757616e+01,3.690372345596225401e+00
1.778222349242640732e+01,3.715032034933495986e+00
1.780222920834524203e+01,3.432810411182201982e+00
1.782223492426407674e+01,3.615137958160073328e+00
1.784224064018290790e+01,3.463940582797689682e+00
1.786224635610174261e+01,3.417559284487142079e+00
1.788225207202057732e+01,3.752832922922078041e+00
1.790225778793941203e+01,3.769585081366953361e+00
1.792226350385824674e+01,3.988275120614389380e+00
1.794226921977708145e+01,4.013532958847246590e+00
1.796227493569591260e+01,4.172320545611318821e+00
1.798228065161474731e+01,3.631920568153766737e+00
1.800228636753358202e+01,2.952751176595353577e+00
1.802229208345241318e+01,3.258055865907447668e+00
1.804229779937124789e+01,3.024659233643902656e+00
1.806230351529008260e+01,3.007417251397421776e+00
1.808230923120891731e+01,2.777663459517459188e+00
1.810231494712775202e+01,3.498741622932910911e+00
1.812232066304658673e+01,3.826143885538303646e+00
1.814232637896542144e+01,2.958688881597873355e+00
1.816233209488425260e+01,3.332569425575373501e+00
1.818233781080308731e+01,3.011873560655815574e+00
1.820234352672191847e+01,3.407412679282106005e+00
1.822234924264075318e+01,3.573542640985915675e+00
1.824235495855958789e+01,3.526602590138853799e+00
1.826236067447842260e+01,3.444958043109494383e+00
1.828236639039725731e+01,3.425889435569251518e+00
1.830237210631609202e+01,2.677129184171602283e+00
1.832237782223492673e+01,3.709787151936039695e+00
1.834238353815375788e+01,2.789172093260270824e+00
1.836238925407259259e+01,3.568144639544546415e+00
1.838239496999142730e+01,3.612491601635165139e+00
1.840240068591025846e+01,3.058273284116027391e+00
1.842240640182909317e+01,3.201381312017618441e+00
1.844241211774792788e+01,4.287422387446182981e+00
1.846241783366676259e+01,3.792170097586081923e+00
1.848242354958559730e+01,2.713104018742859225e+00
1.850242926550443201e+01,3.000355652985422950e+00
1.852243498142326672e+01,3.767622245500281686e+00
1.854244069734209788e+01,2.890715737145780562e+00
1.856244641326093259e+01,2.902974383989122664e+00
1.858245212917976374e+01,2.916110985125474286e+00
1.860245784509859845e+01,3.060641465556325436e+00
1.862246356101743316e+01,3.473257001285459555e+00
1.864246927693626787e+01,2.872856278440927280e+00
1.866247499285510258e+01,3.331431078957802772e+00
1.868248070877393729e+01,3.123147504666402785e+00
1.870248642469277200e+01,3.313444934598696712e+00
1.872249214061160316e+01,3.404286389275515745e+00
1.874249785653043787e+01,3.017624083137988578e+00
1.876250357244927258e+01,2.907013912491173357e+00
1.878250928836810374e+01,3.993435979159882798e+00
1.880251500428693845e+01,3.263201862868925218e+00
1.882252072020577316e+01,3.506960809184798578e+00
1.884252643612460787e+01,3.324589078658515717e+00
1.886253215204344258e+01,3.543666336821334362e+00
1.888253786796227729e+01,3.059321614235730458e+00
1.890254358388111200e+01,3.962799334285956654e+00
1.892254929979994316e+01,3.790605639544740058e+00
1.894255501571877787e+01,2.764813504533373489e+00
1.896256073163760902e+01,3.145517414778632670e+00
1.898256644755644373e+01,3.900573970882899033e+00
1.900257216347527844e+01,3.000014291386221110e+00
1.902257787939411315e+01,3.864065753766251277e+00
1.904258359531294786e+01,3.465766749439373129e+00
1.906258931123178257e+01,3.149300126460583105e+00
1.908259502715061728e+01,3.190439348776316741e+00
1.910260074306944844e+01,2.846566123949932248e+00
1.912260645898828315e+01,3.301013857630610726e+00
1.914261217490711431e+01,3.574245130992735220e+00
1.916261789082594902e+01,3.152492942872205717e+00
1.918262360674478373e+01,3.705136875580036460e+00
1.920262932266361844e+01,3.521816167513948770e+00
1.922263503858245315e+01,3.123937441102519585e+00
1.924264075450128786e+01,2.927932890382592745e+00
1.926264647042012257e+01,4.186312696226154983e+00
1.928265218633895373e+01,3.991945334952275548e+00
1.930265790225778844e+01,3.293052921475618344e+00
1.932266361817662315e+01,2.891618388428728093e+00
1.934266933409545430e+01,3.705039371894336853e+00
1.936267505001428901e+01,3.472331888019168034e+00
1.938268076593312372e+01,3.919583141401047577e+00
1.940268648185195843e+01,4.068095495469528089e+00
1.942269219777079314e+01,3.300948594640236156e+00
1.944269791368962785e+01,3.984625895121987504e+00
1.946270362960846256e+01,4.146845275703104683e+00
1.948270934552729372e+01,3.382607153881171502e+00
1.950271506144612843e+01,2.818073127149498980e+00
1.952272077736495959e+01,3.931912303635653139e+00
1.954272649328379430e+01,3.989628169913579825e+00
1.956273220920262901e+01,3.646626531726393949e+00
1.958273792512146372e+01,3.142905231826962797e+00
1.960274364104029843e+01,4.417075117776089854e+00
1.962274935695913314e+01,3.226165223220363476e+00
1.964275507287796785e+01,4.067020148353116760e+00
1.966276078879679901e+01,3.789594919075069068e+00
1.968276650471563372e+01,3.223110232238633799e+00
1.970277222063446487e+01,4.015810744434245905e+00
1.972277793655329958e+01,3.745550216815868083e+00
1.974278365247213429e+01,3.555208321795900517e+00
1.976278936839096900e+01,3.315953964855195668e+00
1.978279508430980371e+01,3.532975503371129200e+00
1.980280080022863842e+01,4.082903292394613359e+00
1.982280651614747313e+01,4.344018004548858336e+00
1.984281223206630784e+01,3.397551431724796345e+00
1.986281794798513900e+01,3.959453779814786856e+00
1.988282366390397371e+01,3.186317654120555343e+00
1.990282937982280487e+01,2.993870360603867464e+00
1.992283509574163958e+01,3.665402906065634347e+00
1.994284081166047429e+01,4.288927558222361824e+00
1.996284652757930900e+01,4.175738261441497734e+00
1.998285224349814371e+01,3.843512276129489535e+00
2.000285795941697842e+01,3.544042995074511371e+00
2.002286367533581313e+01,4.083270190755411200e+00
2.004286939125464428e+01,3.976969048618952840e+00
2.006287510717347899e+01,3.445327106173773135e+00
2.008288082309231015e+01,3.368180557486877724e+00
2.010288653901114486e+01,4.373544591699044304e+00
2.012289225492997957e+01,3.570905918999878637e+00
2.014289797084881428e+01,3.493489174003740150e+00
2.016290368676764899e+01,4.198432997245952869e+00
2.018290940268648370e+01,4.034925437245252766e+00
2.020291511860531841e+01,3.896583167040968299e+00
2.022292083452414957e+01,3.475778408350550297e+00
2.024292655044298428e+01,4.008945832367045270e+00
2.026293226636181899e+01,3.801412387432893780e+00
2.028293798228065015e+01,4.074064862040017942e+00
2.030294369819948486e+01,4.271921036099113778e+00
2.032294941411831957e+01,4.220285899653268835e+00
2.034295513003715428e+01,3.532050457850528957e+00
2.036296084595598899e+01,3.834627098151139890e+00
2.038296656187482370e+01,3.296362881548391854e+00
2.040297227779365841e+01,3.800603829647609899e+00
2.042297799371248956e+01,3.812827141933248676e+00
2.044298370963132427e+01,3.734881504212911096e+00
2.046298942555015543e+01,3.813074191635004606e+00
2.048299514146899014e+01,4.069449284238908504e+00
2.050300085738782485e+01,3.744513741674166063e+00
2.052300657330665956e+01,3.808732025819450584e+00
2.054301228922549427e+01,4.412584261804659569e+00
2.056301800514432898e+01,3.747873448291122234e+00
2.058302372106316369e+01,2.893330534971531698e+00
2.060302943698199485e+01,4.575750708372927633e+00
2.062303515290082956e+01,3.956695209634904842e+00
2.064304086881966072e+01,3.724769258274993167e+00
2.066304658473849543e+01,2.846857484084489354e+00
2.068305230065733014e+01,4.120625176613475382e+00
2.070305801657616485e+01,3.320427187501358013e+00
2.072306373249499956e+01,3.846489451929527625e+00
2.074306944841383427e+01,3.297575874999732370e+00
2.076307516433266898e+01,3.677411683584238311e+00
2.078308088025150369e+01,3.773180984769575197e+00
2.080308659617033484e+01,3.436279203971351670e+00
2.082309231208916955e+01,4.005735057720011483e+00
2.084309802800800071e+01,3.897201992192990350e+00
2.086310374392683542e+01,3.365699290404470467e+00
2.088310945984567013e+01,2.833802318910751517e+00
2.090311517576450484e+01,3.784776978655890467e+00
2.092312089168333955e+01,3.517923010167189890e+00
2.094312660760217426e+01,3.919867572393194166e+00
2.096313232352100897e+01,3.738680806709244742e+00
2.098313803943984013e+01,4.396194168188967133e+00
2.100314375535867484e+01,4.014230796165008996e+00
2.102314947127750600e+01,3.184730349384331305e+00
2.104315518719634071e+01,4.570416767972188765e+00
2.106316090311517542e+01,3.599137922953237645e+00
2.108316661903401013e+01,3.907425102514747728e+00
2.110317233495284484e+01,3.192354633034023337e+00
2.112317805087167955e+01,3.836017301179566630e+00
2.114318376679051426e+01,3.894325303543089145e+00
2.116318948270934541e+01,4.231994876640341907e+00
2.118319519862818012e+01,3.538634347145244607e+00
2.120320091454701483e+01,4.546200891648954467e+00
2.122320663046584599e+01,4.390285142889410963e+00
2.124321234638468070e+01,4.261535174669336179e+00
2.126321806230351541e+01,3.467047884384036216e+00
2.128322377822235012e+01,4.440970812978418891e+00
2.130322949414118483e+01,4.059358527291806240e+00
2.132323521006001954e+01,4.352387363138560339e+00
2.134324092597885425e+01,3.766315657659871974e+00
2.136324664189768541e+01,4.571003702402578028e+00
2.138325235781652012e+01,4.117763762522709925e+00
2.140325807373535127e+01,3.803714202630033014e+00
2.142326378965418598e+01,4.230789675983986697e+00
2.144326950557302069e+01,4.706262318841412551e+00
2.146327522149185540e+01,4.465784734816391044e+00
2.148328093741069011e+01,4.287589246017860845e+00
2.150328665332952482e+01,4.523873184667454694e+00
2.152329236924835953e+01,4.891768866781960767e+00
2.154329808516719069e+01,4.361945056875753401e+00
2.156330380108602540e+01,3.726577453849087007e+00
2.158330951700485656e+01,4.156983186742263747e+00
2.160331523292369127e+01,5.042462670462558805e+00
2.162332094884252598e+01,4.436986135774736439e+00
2.164332666476136069e+01,4.880981113895733969e+00
2.166333238068019540e+01,5.154244207139046630e+00
2.168333809659903011e+01,4.553328011055266522e+00
2.170334381251786482e+01,5.274871340955206378e+00
2.172334952843669598e+01,4.709555866418682513e+00
2.174335524435553069e+01,5.888060014055192859e+00
2.176336096027436540e+01,5.090456647987886996e+00
2.178336667619319655e+01,5.143028883394042516e+00
2.180337239211203126e+01,5.783228588011505522e+00
2.182337810803086597e+01,5.171490636063820645e+00
2.184338382394970068e+01,5.220220419462209271e+00
2.186338953986853539e+01,6.273647056278768730e+00
2.188339525578737010e+01,5.139512698330121587e+00
2.190340097170620481e+01,5.076900465460538747e+00
2.192340668762503597e+01,5.276334888547939528e+00
2.194341240354387068e+01,5.161847885626963617e+00
2.196341811946270184e+01,5.635255297437188560e+00
2.198342383538153655e+01,4.996371272588456591e+00
2.200342955130037126e+01,5.813373783067872225e+00
2.202343526721920597e+01,5.893230778952878168e+00
2.204344098313804068e+01,4.734861286037927997e+00
2.206344669905687539e+01,5.335640755077545094e+00
2.208345241497571010e+01,5.040592255877291983e+00
2.210345813089454126e+01,5.330595016790228513e+00
2.212346384681337597e+01,4.091105638015497092e+00
2.214346956273221068e+01,3.753992501637199553e+00
2.216347527865104183e+01,4.971606283418648964e+00
2.218348099456987654e+01,4.878028477544846808e+00
2.220348671048871125e+01,4.932863292216048912e+00
2.222349242640754596e+01,3.526187568319293142e+00
2.224349814232638067e+01,4.062727154171854593e+00
2.226350385824521538e+01,3.301340409002649245e+00
2.228350957416405009e+01,4.020460650283479431e+00
2.230351529008288125e+01,4.156059513778285641e+00
2.232352100600171596e+01,3.855737781811775733e+00
2.234352672192054712e+01,3.262452499485855917e+00
2.236353243783938183e+01,3.728574229538651252e+00
2.238353815375821654e+01,3.507390139515234484e+00
2.240354386967705125e+01,3.395652506203023169e+00
2.242354958559588596e+01,3.738331555096509273e+00
2.244355530151472067e+01,3.141405044010475489e+00
2.246356101743355538e+01,2.906759858491521520e+00
2.248356673335238654e+01,4.279848593813764701e+00
2.250357244927122125e+01,4.031980164477594109e+00
2.252357816519005240e+01,3.468753141191774247e+00
2.254358388110888711e+01,3.518295693254306578e+00
2.256358959702772182e+01,4.215280522399492469e+00
2.258359531294655653e+01,2.913498726917572945e+00
2.260360102886539124e+01,2.982751117002381935e+00
2.262360674478422595e+01,3.740816030248129920e+00
2.264361246070306066e+01,3.579341819087118459e+00
2.266361817662189182e+01,3.243436397942734750e+00
2.268362389254072653e+01,3.955123376290799353e+00
2.270362960845956124e+01,3.467302583727659648e+00
2.272363532437839240e+01,3.257476977511436722e+00
2.274364104029722711e+01,3.403090751831239658e+00
2.276364675621606182e+01,2.706499600983330645e+00
2.278365247213489653e+01,3.740621218563487282e+00
2.280365818805373124e+01,3.660408035198233101e+00
2.282366390397256595e+01,4.046814429630311238e+00
2.284366961989140066e+01,3.364515337101583015e+00
2.286367533581023181e+01,3.635162899615819843e+00
2.288368105172906652e+01,3.439116139775737047e+00
2.290368676764789768e+01,3.248185325772640297e+00
2.292369248356673239e+01,3.290530164005884828e+00
2.294369819948556710e+01,3.203623515382644449e+00
2.296370391540440181e+01,3.682275403866953845e+00
2.298370963132323652e+01,3.529035192774162333e+00
2.300371534724207123e+01,3.543229080319520996e+00
2.302372106316090594e+01,3.176281661385193189e+00
2.304372677907973710e+01,2.941331538653382260e+00
2.306373249499857181e+01,3.354745910257733499e+00
2.308373821091740652e+01,3.526411946311882595e+00
2.310374392683623768e+01,3.913739931322923304e+00
2.312374964275507239e+01,3.432505705123229500e+00
2.314375535867390710e+01,3.765860676817117447e+00
2.316376107459274181e+01,3.776020415316570844e+00
2.318376679051157652e+01,3.300535224373591703e+00
2.320377250643041123e+01,3.285205332981106174e+00
2.322377822234924594e+01,3.738616493100885840e+00
2.324378393826807709e+01,3.222105524694645062e+00
2.326378965418691180e+01,3.369699671547499165e+00
2.328379537010574296e+01,3.524770309427335491e+00
2.330380108602457767e+01,3.426608431514677644e+00
2.332380680194341238e+01,3.056246481247723246e+00
2.334381251786224709e+01,2.807997487714120055e+00
2.336381823378108180e+01,3.647069390522051258e+00
2.338382394969991651e+01,3.411137898523858514e+00
2.340382966561875122e+01,2.941191019263717177e+00
2.342383538153758238e+01,2.974065509495492421e+00
2.344384109745641709e+01,3.109332526353585813e+00
2.346384681337524825e+01,3.094008290062767230e+00
2.348385252929408296e+01,3.115405286272873386e+00
2.350385824521291767e+01,2.591521857829120812e+00
2.352386396113175238e+01,3.127452909050517427e+00
2.354386967705058709e+01,3.578367427762004560e+00
2.356387539296942180e+01,4.064220681579187477e+00
2.358388110888825651e+01,2.984169135664872297e+00
2.360388682480708766e+01,3.276797466638008416e+00
2.362389254072592237e+01,3.543449394808194874e+00
2.364389825664475708e+01,3.388573861856991165e+00
2.366390397256358824e+01,2.700211155121897910e+00
2.368390968848242295e+01,4.112877307750917311e+00
2.370391540440125766e+01,3.018397687365087734e+00
2.372392112032009237e+01,4.190024438375658633e+00
2.374392683623892708e+01,3.788606284213801523e+00
2.376393255215776179e+01,3.448349502721672177e+00
2.378393826807659650e+01,3.751567755367624990e+00
2.380394398399542766e+01,3.664621409995853618e+00
2.382394969991426237e+01,3.205052062711442940e+00
2.384395541583309353e+01,3.773813488663522620e+00
2.386396113175192824e+01,3.320570821367452297e+00
2.388396684767076295e+01,2.799619898231477499e+00
2.390397256358959766e+01,2.924180594290016977e+00
2.392397827950843237e+01,3.352531539212439515e+00
2.394398399542726708e+01,3.226162609321706398e+00
2.396398971134610179e+01,2.720851670941133449e+00
2.398399542726493294e+01,2.982114523606459677e+00
2.400400114318376765e+01,3.811213980455107730e+00
2.402400685910260236e+01,2.766579248687881076e+00
2.404401257502143352e+01,3.302652759190891629e+00
2.406401829094026823e+01,3.100233642821641045e+00
2.408402400685910294e+01,3.627615986624411981e+00
2.410402972277793765e+01,3.354528000006598454e+00
2.412403543869677236e+01,3.623967397873749441e+00
2.414404115461560707e+01,4.026814257442817180e+00
2.416404687053444178e+01,3.092250531720238005e+00
2.418405258645327294e+01,2.677915048942768550e+00
2.420405830237210765e+01,3.777165977958248710e+00
2.422406401829093880e+01,3.308560994590011184e+00
2.424406973420977351e+01,3.087391248102894892e+00
2.426407545012860822e+01,3.357519113260712729e+00
2.428408116604744293e+01,2.611166554027256836e+00
2.430408688196627764e+01,3.096829883911371706e+00
2.432409259788511235e+01,3.147995467722503271e+00
2.434409831380394706e+01,3.499083833078246109e+00
2.436410402972277822e+01,3.625076429101119047e+00
2.438410974564161293e+01,3.136397045978097431e+00
2.440411546156044409e+01,3.338061202999925925e+00
2.442412117747927880e+01,3.477758959674547512e+00
2.444412689339811351e+01,3.127315423450179210e+00
2.446413260931694822e+01,3.363507509174819887e+00
2.448413832523578293e+01,3.198100294473576799e+00
2.450414404115461764e+01,3.770003835919128132e+00
2.452414975707345235e+01,4.003250191464426067e+00
2.454415547299228351e+01,3.308275473949596091e+00
2.456416118891111822e+01,3.029103112100298034e+00
2.458416690482995293e+01,3.782156457818886430e+00
2.460417262074878408e+01,3.851017759279934616e+00
2.462417833666761879e+01,3.702810535858282570e+00
2.464418405258645350e+01,3.308983864772461203e+00
2.466418976850528821e+01,3.419679600694963462e+00
2.468419548442412292e+01,2.797405574014469209e+00
2.470420120034295763e+01,3.539623474110696222e+00
2.472420691626179234e+01,3.207937227793562940e+00
2.474421263218062350e+01,3.868080291326203124e+00
2.476421834809945821e+01,3.737727222959704942e+00
2.478422406401828937e+01,3.831691339176320543e+00
2.480422977993712408e+01,3.019774958011189447e+00
2.482423549585595879e+01,3.709181372552012412e+00
2.484424121177479350e+01,3.993527352953343268e+00
2.486424692769362821e+01,3.493592366121457182e+00
2.488425264361246292e+01,3.079601328957209283e+00
2.490425835953129763e+01,3.766119432244753984e+00
2.492426407545012879e+01,2.924954673496975133e+00
2.494426979136896350e+01,3.798314430959506272e+00
2.496427550728779821e+01,3.690377036286817791e+00
2.498428122320662936e+01,3.524880205528545751e+00
2.500428693912546407e+01,3.189933993783353294e+00
2.502429265504429878e+01,3.078222106848474304e+00
2.504429837096313349e+01,3.114777528642262538e+00
2.506430408688196820e+01,2.850392073971189433e+00
2.508430980280080291e+01,3.828429843829883161e+00
2.510431551871963762e+01,3.402136100070993763e+00
2.512432123463846878e+01,3.449030371210948243e+00
2.514432695055730349e+01,4.182491229097934138e+00
2.516433266647613465e+01,3.305289218761436221e+00
2.518433838239496936e+01,2.982150531208349165e+00
2.520434409831380407e+01,3.158026528069460603e+00
2.522434981423263878e+01,2.986500585701493904e+00
2.524435553015147349e+01,3.525707363538203243e+00
2.526436124607030820e+01,2.928539758271645699e+00
2.528436696198914291e+01,3.493759057443749150e+00
2.530437267790797407e+01,3.947119624927300841e+00
2.532437839382680878e+01,3.242006608024115000e+00
2.534438410974563993e+01,3.007140632335544961e+00
2.536438982566447464e+01,2.919863005764967490e+00
2.538439554158330935e+01,2.915748622169526350e+00
2.540440125750214406e+01,3.784764449790630536e+00
2.542440697342097877e+01,3.216859816107441539e+00
2.544441268933981348e+01,3.451021394277493215e+00
2.546441840525864819e+01,3.175979960491051024e+00
2.548442412117747935e+01,3.795948774090483369e+00
2.550442983709631406e+01,2.842155693619484058e+00
2.552443555301514877e+01,3.217653679047211668e+00
2.554444126893397993e+01,3.257412420166430511e+00
2.556444698485281464e+01,2.942479239420264570e+00
2.558445270077164935e+01,3.835285101354655168e+00
2.560445841669048406e+01,3.392459358144131798e+00
2.562446413260931877e+01,3.479505242534161269e+00
2.564446984852815348e+01,2.701460136227610942e+00
2.566447556444698819e+01,3.285543341407943352e+00
2.568448128036581934e+01,3.476420906552157408e+00
2.570448699628465405e+01,3.193907767204963832e+00
2.572449271220348521e+01,3.079661327265700521e+00
2.574449842812231992e+01,3.244630873081821409e+00
2.576450414404115463e+01,3.225294483566380599e+00
2.578450985995998934e+01,3.407284362284262791e+00
2.580451557587882405e+01,2.887877554406040659e+00
2.582452129179765876e+01,2.760793619681518596e+00
2.584452700771649347e+01,2.958992568630330666e+00
2.586453272363532463e+01,3.980062096190607246e+00
2.588453843955415934e+01,3.652510750259272854e+00
2.590454415547299405e+01,3.663976364518951367e+00
2.592454987139182521e+01,3.715354033392606503e+00
2.594455558731065992e+01,3.091081637166205098e+00
2.596456130322949463e+01,3.338594628300392664e+00
2.598456701914832934e+01,3.160521278581157389e+00
2.600457273506716405e+01,3.797217114889900991e+00
2.602457845098599520e+01,3.301200499247827214e+00
2.604458416690482991e+01,3.728457385858637174e+00
2.606458988282366462e+01,3.534663716055436833e+00
2.608459559874249933e+01,3.423917021442755448e+00
2.610460131466133404e+01,3.771467581698851212e+00
2.612460703058016520e+01,3.693361760052253473e+00
2.614461274649899991e+01,3.212679259668385079e+00
2.616461846241783462e+01,3.047558950680912648e+00
2.618462417833666933e+01,3.436280687834181613e+00
2.620462989425550404e+01,3.329597464591177225e+00
2.622463561017433520e+01,3.480056034218821814e+00
2.624464132609316991e+01,3.339831624807971799e+00
2.626464704201200462e+01,2.920786515174734088e+00
2.628465275793083933e+01,3.995580707769687656e+00
2.630465847384967049e+01,3.010667202907206352e+00
2.632466418976850520e+01,2.954165719712806837e+00
2.634466990568733991e+01,2.838126433295859119e+00
2.636467562160617462e+01,3.269866760482921464e+00
2.638468133752500933e+01,3.388573417617855910e+00
2.640468705344384048e+01,3.348994947592040639e+00
2.642469276936267519e+01,3.210422453673210441e+00
2.644469848528150990e+01,3.887045620959042935e+00
2.646470420120034461e+01,3.289361105701489318e+00
2.648470991711917932e+01,3.937360567418337176e+00
2.650471563303801048e+01,3.224736912910234121e+00
2.652472134895684519e+01,3.630091104068475794e+00
2.654472706487567990e+01,3.096320191922529386e+00
2.656473278079451461e+01,3.118425153625206114e+00
2.658473849671334932e+01,3.004663009409886509e+00
2.660474421263218048e+01,3.141856856216284299e+00
2.662474992855101519e+01,3.674165890247506283e+00
2.664475564446984990e+01,3.164954065614478118e+00
2.666476136038868461e+01,3.291079059878562418e+00
2.668476707630751577e+01,3.100378955646904799e+00
2.670477279222635048e+01,3.643730062027325189e+00
2.672477850814518519e+01,3.584141993305090423e+00
2.674478422406401990e+01,4.193360339242600432e+00
2.676478993998285461e+01,3.610183950483556892e+00
2.678479565590168576e+01,3.273830772755556673e+00
2.680480137182052047e+01,2.619327499204065379e+00
2.682480708773935518e+01,3.188626549504421703e+00
2.684481280365818989e+01,3.166334969433122204e+00
2.686481851957702460e+01,2.853786116893890501e+00
2.688482423549585576e+01,3.481416852436999498e+00
2.690482995141469047e+01,3.619396458001574945e+00
2.692483566733352518e+01,3.471412335098877922e+00
2.694484138325235989e+01,3.770116207101403383e+00
2.696484709917119105e+01,3.963196348496454746e+00
2.698485281509002576e+01,3.223884294583291510e+00
2.700485853100886047e+01,3.396907671639680437e+00
2.702486424692769518e+01,3.044355034345420652e+00
2.704486996284652989e+01,3.628476806970525104e+00
2.706487567876536104e+01,3.017724997783981511e+00
2.708488139468419575e+01,3.232244153697360289e+00
2.710488711060303046e+01,3.815113151431237526e+00
2.712489282652186517e+01,3.356143061874197642e+00
2.714489854244069988e+01,3.316749390450925095e+00
2.716490425835953104e+01,3.458598249860473040e+00
2.718490997427836575e+01,3.185531667828703561e+00
2.720491569019720046e+01,3.603984683513084875e+00
2.722492140611603517e+01,3.776042914292981223e+00
2.724492712203486633e+01,3.258163406160907716e+00
2.726493283795370104e+01,3.746032475426919639e+00
2.728493855387253575e+01,3.579097460136941855e+00
2.730494426979137046e+01,3.127998494345546998e+00
2.732494998571020517e+01,3.379287407544734556e+00
2.734495570162903633e+01,3.331347369571012074e+00
2.736496141754787104e+01,3.514285022072884068e+00
2.738496713346670575e+01,3.804717074226668494e+00
2.740497284938554046e+01,3.365301101784638149e+00
2.742497856530437517e+01,3.058301448862141392e+00
2.744498428122320632e+01,3.706144168296593655e+00
2.746498999714204103e+01,3.381228488457814318e+00
2.748499571306087574e+01,3.017431709376306337e+00
2.750500142897971045e+01,3.863599806460290331e+00
2.752500714489854516e+01,4.139534800193537478e+00
2.754501286081737632e+01,3.288526410861277505e+00
2.756501857673621103e+01,3.558146698162039101e+00
2.758502429265504574e+01,3.475437103590564014e+00
2.760503000857388045e+01,2.919228160732534327e+00
2.762503572449271161e+01,3.525013571821069114e+00
2.764504144041154632e+01,3.644208396297831776e+00
2.766504715633038103e+01,3.743037768581634062e+00
2.768505287224921574e+01,2.651287736923995553e+00
2.770505858816805045e+01,3.098110214808766472e+00
2.772506430408688161e+01,3.843895215096545304e+00
2.774507002000571632e+01,2.961821789208206823e+00
2.776507573592455103e+01,3.247595558702967011e+00
2.778508145184338574e+01,3.946479243432590600e+00
2.780508716776222045e+01,3.740857215630251531e+00
2.782509288368105160e+01,3.047440363986978706e+00
2.784509859959988631e+01,3.455924322972087293e+00
2.786510431551872102e+01,3.158253240759015590e+00
2.788511003143755573e+01,3.284191679232805861e+00
2.790511574735638689e+01,3.781731036541733815e+00
2.792512146327522160e+01,3.668549844353828249e+00
2.794512717919405631e+01,2.859053407342234454e+00
2.796513289511289102e+01,3.522938232952554927e+00
2.798513861103172573e+01,4.248358188099176758e+00
2.800514432695055689e+01,3.735069896795919053e+00
2.802515004286939160e+01,3.368944172482605914e+00
2.804515575878822631e+01,2.765477521393142180e+00
2.806516147470706102e+01,3.047656945037404252e+00
2.808516719062589573e+01,3.862637505203155630e+00
2.810517290654472689e+01,3.296945626235992854e+00
2.812517862246356160e+01,3.958194584941201022e+00
2.814518433838239631e+01,3.162091591682119951e+00
2.816519005430123102e+01,3.387040312737677361e+00
2.818519577022006217e+01,3.656224436581982484e+00
2.820520148613889688e+01,3.705935061147025422e+00
2.822520720205773159e+01,3.463590710525092486e+00
2.824521291797656630e+01,3.767464511698878749e+00
2.826521863389540101e+01,3.617957386198464853e+00
2.828522434981423217e+01,3.243786853201190201e+00
2.830523006573306688e+01,3.765339025348922508e+00
2.832523578165190159e+01,3.586367770770410246e+00
2.834524149757073630e+01,3.399260132325593098e+00
2.836524721348957101e+01,3.932537454440502067e+00
2.838525292940840217e+01,3.955102621551673803e+00
2.840525864532723688e+01,2.824681652644788432e+00
2.842526436124607159e+01,2.880584410822920383e+00
2.844527007716490630e+01,3.268847300661592126e+00
2.846527579308374101e+01,3.685715482355790940e+00
2.848528150900257216e+01,2.904366885211487226e+00
2.850528722492140687e+01,3.336514438126955362e+00
2.852529294084024158e+01,2.980151282097200482e+00
2.854529865675907629e+01,3.534368595764822540e+00
2.856530437267790745e+01,3.499208679838254454e+00
2.858531008859674216e+01,3.693826639192162808e+00
2.860531580451557687e+01,4.139856007718167419e+00
2.862532152043441158e+01,4.382010925469280949e+00
2.864532723635324629e+01,3.515745774076027619e+00
2.866533295227207745e+01,3.317226969260109293e+00
2.868533866819091216e+01,3.639274819042485731e+00
2.870534438410974687e+01,3.242568770701415914e+00
2.872535010002858158e+01,3.962724702474283767e+00
2.874535581594741629e+01,2.844537981338915777e+00
2.876536153186624745e+01,3.844753102373292375e+00
2.878536724778508216e+01,3.521874982455681646e+00
2.880537296370391687e+01,3.436218493254160400e+00
2.882537867962275158e+01,3.881471448360968246e+00
2.884538439554158273e+01,4.172403002733032551e+00
2.886539011146041744e+01,3.764098436353555677e+00
2.888539582737925215e+01,4.164914071625524628e+00
2.890540154329808686e+01,4.380975118038890059e+00
2.892540725921692157e+01,3.975321264258152354e+00
2.894541297513575273e+01,4.003451045262560015e+00
2.896541869105458744e+01,3.233299991941692930e+00
2.898542440697342215e+01,4.110244776235241204e+00
2.900543012289225686e+01,4.444611574335770143e+00
2.902543583881109157e+01,3.981714626969604431e+00
2.904544155472992273e+01,3.507690944563586655e+00
2.906544727064875744e+01,3.840431130870472387e+00
2.908545298656759215e+01,4.711632397426722463e+00
2.910545870248642686e+01,3.896874947106866216e+00
2.912546441840525802e+01,4.148067829090493319e+00
2.914547013432409273e+01,3.935419906847855032e+00
2.916547585024292744e+01,4.230276290124112215e+00
2.918548156616176215e+01,4.543093268760867609e+00
2.920548728208059686e+01,4.356266061078049923e+00
2.922549299799942801e+01,4.806524884606934833e+00
2.924549871391826272e+01,4.182919603739473580e+00
2.926550442983709743e+01,4.349117774979264439e+00
2.928551014575593214e+01,4.713963636303368787e+00
2.930551586167476685e+01,4.718012908466510780e+00
2.932552157759359801e+01,5.165923118855162421e+00
2.934552729351243272e+01,4.836705567089730096e+00
2.936553300943126743e+01,4.897012610150481393e+00
2.938553872535010214e+01,5.695578684091690214e+00
2.940554444126893330e+01,6.207285604166327353e+00
2.942555015718776801e+01,5.980728695284057039e+00
2.944555587310660272e+01,6.067797191991830985e+00
2.946556158902543743e+01,6.449869267321423294e+00
2.948556730494427214e+01,6.344145818939067816e+00
2.950557302086310330e+01,7.042549489315570455e+00
2.952557873678193801e+01,8.008693678318747899e+00
2.954558445270077272e+01,8.122773736690506396e+00
2.956559016861960743e+01,8.684643863603628944e+00
2.958559588453844214e+01,8.888466565314985246e+00
2.960560160045727329e+01,9.220944931348157070e+00
2.962560731637610800e+01,9.304842788506128670e+00
2.964561303229494271e+01,1.032112627359486012e+01
2.966561874821377742e+01,1.069145826725180015e+01
2.968562446413261213e+01,1.144599796641808709e+01
2.970563018005144329e+01,1.115002703926063177e+01
2.972563589597027800e+01,1.127358639685946784e+01
2.974564161188911271e+01,1.296902432799261362e+01
2.976564732780794742e+01,1.241428530678645004e+01
2.978565304372677858e+01,1.277722727900163413e+01
2.980565875964561329e+01,1.366036041995140593e+01
2.982566447556444800e+01,1.429653166673294606e+01
2.984567019148328271e+01,1.508726902779073953e+01
2.986567590740211742e+01,1.513102573385598504e+01
2.988568162332094857e+01,1.566049558361652316e+01
2.990568733923978328e+01,1.562861836955177530e+01
2.992569305515861799e+01,1.623497784843771541e+01
2.994569877107745270e+01,1.717885923443495244e+01
2.996570448699628741e+01,1.772085802225924667e+01
2.998571020291511857e+01,1.823904560359013871e+01
3.000571591883395328e+01,1.898994257260447682e+01
3.002572163475278799e+01,1.925980299965829090e+01
3.004572735067162270e+01,2.007738271073635516e+01
3.006573306659045386e+01,2.109809534495301975e+01
3.008573878250928857e+01,2.258333097599654948e+01
3.010574449842812328e+01,2.321559779555095204e+01
3.012575021434695799e+01,2.321278542257128663e+01
3.014575593026579270e+01,2.379257315609752865e+01
3.016576164618462386e+01,2.478232496677908259e+01
3.018576736210345857e+01,2.468038869634554189e+01
3.020577307802229328e+01,2.449026114772195939e+01
3.022577879394112799e+01,2.486116805672267915e+01
3.024578450985996270e+01,2.545884082624510469e+01
3.026579022577879385e+01,2.494237606478917257e+01
3.028579594169762856e+01,2.407559181548444371e+01
3.030580165761646327e+01,2.352578122767506130e+01
3.032580737353529798e+01,2.226265966558083775e+01
3.034581308945412914e+01,2.173480858927243631e+01
3.036581880537296385e+01,2.037192838982877419e+01
3.038582452129179856e+01,1.906846864981877587e+01
3.040583023721063327e+01,1.757320709128913450e+01
3.042583595312946798e+01,1.567550830102607051e+01
3.044584166904829914e+01,1.484940837315355289e+01
3.046584738496713385e+01,1.355095730202215698e+01
3.048585310088596856e+01,1.293435696334246643e+01
3.050585881680480327e+01,1.147659504907351291e+01
3.052586453272363798e+01,9.693481047507514603e+00
3.054587024864246914e+01,8.968421097506544371e+00
3.056587596456130385e+01,8.155886695012082299e+00
3.058588168048013856e+01,8.117005149881057591e+00
3.060588739639897327e+01,6.353151225194884510e+00
3.062589311231780798e+01,6.180219934615401201e+00
3.064589882823663913e+01,5.828965195000553656e+00
3.066590454415547384e+01,5.309422373362731484e+00
3.068591026007430855e+01,5.540065096900458563e+00
3.070591597599314326e+01,5.042747598118861418e+00
3.072592169191197442e+01,4.806016564092136178e+00
3.074592740783080913e+01,4.074861987711003053e+00
3.076593312374964384e+01,4.445202406357704028e+00
3.078593883966847855e+01,3.881759107378173201e+00
3.080594455558731326e+01,4.313938739794968669e+00
3.082595027150614442e+01,4.195511088323456761e+00
3.084595598742497913e+01,4.181307687151969432e+00
3.086596170334381384e+01,4.965165512211241250e+00
3.088596741926264855e+01,4.033101653442140666e+00
3.090597313518148326e+01,4.027273730542475505e+00
3.092597885110031442e+01,3.901560587085506793e+00
3.094598456701914913e+01,4.088759757444567988e+00
3.096599028293798384e+01,3.446599296523580769e+00
3.098599599885681855e+01,3.511762524254772089e+00
3.100600171477564970e+01,3.409357410156435009e+00
3.102600743069448441e+01,4.198286910893308743e+00
3.104601314661331912e+01,3.849943949578853886e+00
3.106601886253215383e+01,4.369846909241098309e+00
3.108602457845098854e+01,3.911557279015125843e+00
3.110603029436981970e+01,3.314342223492297457e+00
3.112603601028865441e+01,3.913673649431631318e+00
3.114604172620748912e+01,3.160182216997933224e+00
3.116604744212632383e+01,3.432044097965072371e+00
3.118605315804515854e+01,3.812814069327426836e+00
3.120605887396398970e+01,4.253482508652374428e+00
3.122606458988282441e+01,3.618007408104933376e+00
3.124607030580165912e+01,3.470810206718450530e+00
3.126607602172049383e+01,3.107996021309966217e+00
3.128608173763932498e+01,3.208901384881897467e+00
3.130608745355815969e+01,4.542145002993550840e+00
3.132609316947699440e+01,3.041345905233935554e+00
3.134609888539582911e+01,3.605631691441459452e+00
3.136610460131466382e+01,3.389356775977585556e+00
3.138611031723349498e+01,2.751543392610929395e+00
3.140611603315232969e+01,3.569540214972950487e+00
3.142612174907116440e+01,3.465152882064105100e+00
3.144612746498999911e+01,3.283467326978473544e+00
3.146613318090883382e+01,3.913879309980525800e+00
3.148613889682766498e+01,3.623196185471713626e+00
3.150614461274649969e+01,3.256399400400967981e+00
3.152615032866533440e+01,3.234018042018163008e+00
3.154615604458416911e+01,3.425379113143212084e+00
3.156616176050300382e+01,3.084039720944724561e+00
3.158616747642183498e+01,3.183746083525083481e+00
3.160617319234066969e+01,3.782831410098412839e+00
3.162617890825950440e+01,3.223238807595990352e+00
3.164618462417833911e+01,3.268799395482191450e+00
3.166619034009717026e+01,4.204520510400484135e+00
3.168619605601600497e+01,3.796134449768319818e+00
3.170620177193483968e+01,3.871363650047636717e+00
3.172620748785367439e+01,3.697797111342119969e+00
3.174621320377250910e+01,4.232517223802137352e+00
3.176621891969134026e+01,2.873038551287005138e+00
3.178622463561017497e+01,3.052581457458667824e+00
3.180623035152900968e+01,3.875909901215968567e+00
3.182623606744784439e+01,3.510953951465527911e+00
3.184624178336667910e+01,3.518541550034053778e+00
3.186624749928551026e+01,3.605228682627634740e+00
3.188625321520434497e+01,3.376098755890842185e+00
3.190625893112317968e+01,2.931272965234018368e+00
3.192626464704201439e+01,3.430711839761133142e+00
3.194627036296084555e+01,3.270995307387498663e+00
3.196627607887968026e+01,3.473388549221675170e+00
3.198628179479851497e+01,3.974183147189043641e+00
3.200628751071734968e+01,4.043479089780629643e+00
3.202629322663618439e+01,3.168652787521018865e+00
3.204629894255501199e+01,3.354073911671801689e+00
3.206630465847385381e+01,3.321295648329646077e+00
3.208631037439268141e+01,3.978376950108486465e+00
3.210631609031152323e+01,2.854578343524072803e+00
3.212632180623035083e+01,3.669417254916985893e+00
3.214632752214918554e+01,3.439381511842415584e+00
3.216633323806802025e+01,2.961574124084096038e+00
3.218633895398685496e+01,3.258860425181838050e+00
3.220634466990568967e+01,4.117570897991184253e+00
3.222635038582451728e+01,4.103551534518382837e+00
3.224635610174335909e+01,3.254148956003623194e+00
3.226636181766218670e+01,3.483786210014669482e+00
3.228636753358102851e+01,3.584438066122525690e+00
3.230637324949985612e+01,3.570173689562143426e+00
3.232637896541869083e+01,4.120716291532253273e+00
3.234638468133752554e+01,3.270935221927624870e+00
3.236639039725636025e+01,4.031242094569478240e+00
3.238639611317519496e+01,3.677223791289471855e+00
3.240640182909402967e+01,3.646168732186840344e+00
3.242640754501286438e+01,3.136348809047980524e+00
3.244641326093169198e+01,3.157231361450900664e+00
3.246641897685053380e+01,4.287930490638844461e+00
3.248642469276936140e+01,3.421765977614874110e+00
3.250643040868819611e+01,2.894964805125312513e+00
3.252643612460703082e+01,3.798715782287394482e+00
3.254644184052586553e+01,4.037568573985349296e+00
3.256644755644470024e+01,4.355777338391988884e+00
3.258645327236353495e+01,2.511746002972317093e+00
3.260645898828236966e+01,3.227613696375465580e+00
3.262646470420119726e+01,3.781766787578399569e+00
3.264647042012003908e+01,3.592691058228089318e+00
3.266647613603886668e+01,4.200501464687659947e+00
3.268648185195770850e+01,3.189117414456581479e+00
3.270648756787653610e+01,3.155532777819355594e+00
3.272649328379537081e+01,3.374771024941611408e+00
3.274649899971420552e+01,3.557797943386390660e+00
3.276650471563304023e+01,3.785363223999310911e+00
3.278651043155187494e+01,3.914022699796861460e+00
3.280651614747070255e+01,2.966440094989691634e+00
3.282652186338954436e+01,2.753842820561510862e+00
3.284652757930837197e+01,3.459743889703394970e+00
3.286653329522721378e+01,3.477730997506940369e+00
3.288653901114604139e+01,4.004963787392554764e+00
3.290654472706487610e+01,4.071156041179576413e+00
3.292655044298371081e+01,3.629699274535151954e+00
3.294655615890254552e+01,2.611182876290905952e+00
3.296656187482138023e+01,3.265702907165143998e+00
3.298656759074020783e+01,3.750193907453596154e+00
3.300657330665904965e+01,3.830598481702441216e+00
3.302657902257787725e+01,4.232574346289799117e+00
3.304658473849671907e+01,3.425313970615865955e+00
3.306659045441554667e+01,3.708851541627737447e+00
3.308659617033438138e+01,3.807181761054109881e+00
3.310660188625321609e+01,3.376381963056715119e+00
3.312660760217205080e+01,3.735745131564212507e+00
3.314661331809088551e+01,4.192696189346816205e+00
3.316661903400971312e+01,3.305207346715185679e+00
3.318662474992855493e+01,2.964223206374933195e+00
3.320663046584738254e+01,3.153130293911858839e+00
3.322663618176622435e+01,3.272766833452515733e+00
3.324664189768505196e+01,4.063093589595658806e+00
3.326664761360388667e+01,3.969500167383658962e+00
3.328665332952272138e+01,4.121909130854513492e+00
3.330665904544155609e+01,3.458533348925897588e+00
3.332666476136039080e+01,3.250263469152021578e+00
3.334667047727922551e+01,2.751309962840656542e+00
3.336667619319806022e+01,3.357016364611225434e+00
3.338668190911688782e+01,3.221846371990832569e+00
3.340668762503572964e+01,3.041457696131249833e+00
3.342669334095455724e+01,3.333420454183264603e+00
3.344669905687339195e+01,3.364785085095232553e+00
3.346670477279222666e+01,2.872945977994683542e+00
3.348671048871106137e+01,3.902107348241030227e+00
3.350671620462989608e+01,3.789671615278794370e+00
3.352672192054873079e+01,3.027346817467829521e+00
3.354672763646756550e+01,3.440722238715389292e+00
3.356673335238639311e+01,3.529889786689372588e+00
3.358673906830523492e+01,3.167719381557392744e+00
3.360674478422406253e+01,3.448728889119867969e+00
3.362675050014290434e+01,3.603142704466719248e+00
3.364675621606173195e+01,3.965700657473053781e+00
3.366676193198056666e+01,3.250821178140097079e+00
3.368676764789940137e+01,3.838578698017469204e+00
3.370677336381823608e+01,3.922277301301686059e+00
3.372677907973707079e+01,3.150101303150715015e+00
3.374678479565589839e+01,3.837436831197360565e+00
3.376679051157474021e+01,3.397009048916996399e+00
3.378679622749356781e+01,3.574667616295521100e+00
3.380680194341240963e+01,3.930427882193900935e+00
3.382680765933123723e+01,3.415220335024343967e+00
3.384681337525007194e+01,3.766527073214783972e+00
3.386681909116890665e+01,3.595150335067918590e+00
3.388682480708774136e+01,4.115998593167923048e+00
3.390683052300657607e+01,3.070662871775489133e+00
3.392683623892540368e+01,3.340754470930712650e+00
3.394684195484424549e+01,3.551427107600801492e+00
3.396684767076307310e+01,3.254794677080034226e+00
3.398685338668191491e+01,3.373485341514907976e+00
3.400685910260074252e+01,3.262589811060158329e+00
3.402686481851957723e+01,3.179623700716544210e+00
3.404687053443841194e+01,3.212061558018842522e+00
3.406687625035724665e+01,3.533176924130252416e+00
3.408688196627608136e+01,3.126287225590314911e+00
3.410688768219490896e+01,3.178175494652371036e+00
3.412689339811375078e+01,3.624539455348650296e+00
3.414689911403257838e+01,3.091086147180021726e+00
3.416690482995142020e+01,3.463706717934229573e+00
3.418691054587024780e+01,2.702131180948116995e+00
3.420691626178908251e+01,3.686914825107820093e+00
3.422692197770791722e+01,3.552549812963557319e+00
3.424692769362675193e+01,3.082282707119055054e+00
3.426693340954558664e+01,3.409739467241432731e+00
3.428693912546442135e+01,3.286666156448864839e+00
3.430694484138325606e+01,4.265369435956632316e+00
3.432695055730208367e+01,3.227708620045382837e+00
3.434695627322092548e+01,4.025894471652337714e+00
3.436696198913975309e+01,4.054174634112967190e+00
3.438696770505858780e+01,3.574101321840151169e+00
3.440697342097742251e+01,3.930550774456445851e+00
3.442697913689625722e+01,2.800493285431673307e+00
3.444698485281509193e+01,3.665486112039683775e+00
3.446699056873392664e+01,3.111456166671310086e+00
3.448699628465276135e+01,4.043214236026736685e+00
3.450700200057158895e+01,3.114333451334487357e+00
3.452700771649043077e+01,3.699258163734795435e+00
3.454701343240925837e+01,4.220173889620139285e+00
3.456701914832810019e+01,3.212255986917494699e+00
3.458702486424692779e+01,3.669893472129117207e+00
3.460703058016576250e+01,3.079903168705592442e+00
3.462703629608459721e+01,3.488513119712230548e+00
3.464704201200343192e+01,3.947900405816471725e+00
3.466704772792226663e+01,3.543092629059739540e+00
3.468705344384109424e+01,3.697199748345512571e+00
3.470705915975993605e+01,3.692081182194943523e+00
3.472706487567876366e+01,3.326174970568349654e+00
3.474707059159760547e+01,3.417066863280711075e+00
3.476707630751643308e+01,3.846227758191461454e+00
3.478708202343526779e+01,3.634042843496172459e+00
3.480708773935410250e+01,3.274088019871893795e+00
3.482709345527293721e+01,3.128086237224233734e+00
3.484709917119177192e+01,3.774874782587701816e+00
3.486710488711059952e+01,4.547177766392664466e+00
3.488711060302944134e+01,4.282040019233590122e+00
3.490711631894826894e+01,3.920050142969150109e+00
3.492712203486711076e+01,3.674801409583666967e+00
3.494712775078593836e+01,3.778468904058407851e+00
3.496713346670477307e+01,3.638154343557204573e+00
3.498713918262360778e+01,3.811709009366932133e+00
3.500714489854244249e+01,4.062249206552714043e+00
3.502715061446127720e+01,4.263323149228478215e+00
3.504715633038010481e+01,4.246295861572560781e+00
3.506716204629894662e+01,4.335832047782481879e+00
3.508716776221777423e+01,3.484677550271668700e+00
3.510717347813661604e+01,4.811805861045239219e+00
3.512717919405544365e+01,4.090844296779467371e+00
3.514718490997427836e+01,4.749218136361583298e+00
3.516719062589311307e+01,4.464773076420137876e+00
3.518719634181194778e+01,5.309085727296640300e+00
3.520720205773078249e+01,4.783723687400669888e+00
3.522720777364961720e+01,4.559918306960327961e+00
3.524721348956845191e+01,5.090525752877337773e+00
3.526721920548727951e+01,5.599827639396196766e+00
3.528722492140612133e+01,5.380752864981403150e+00
3.530723063732494893e+01,5.508351069256439914e+00
3.532723635324378364e+01,6.151926225676501048e+00
3.534724206916261835e+01,6.041937158212572712e+00
3.536724778508145306e+01,7.010378785554824077e+00
3.538725350100028777e+01,6.678284182797375124e+00
3.540725921691912248e+01,7.965730611152366691e+00
3.542726493283795719e+01,7.839072258943311944e+00
3.544727064875678479e+01,8.693124024721894827e+00
3.546727636467562661e+01,8.639409152763926514e+00
3.548728208059445421e+01,8.948807079755759730e+00
3.550728779651329603e+01,1.015795284596062942e+01
3.552729351243212363e+01,1.001495246919045456e+01
3.554729922835095834e+01,1.089054003010194016e+01
3.556730494426979305e+01,1.057147824743937647e+01
3.558731066018862776e+01,1.141566807758123936e+01
3.560731637610746247e+01,1.241131857275125583e+01
3.562732209202629008e+01,1.212034458648547464e+01
3.564732780794513189e+01,1.315620075273202794e+01
3.566733352386395950e+01,1.375531653245428210e+01
3.568733923978280131e+01,1.467562231199039324e+01
3.570734495570162892e+01,1.562082227147647018e+01
3.572735067162046363e+01,1.542901708501150893e+01
3.574735638753929834e+01,1.584304147453410749e+01
3.576736210345813305e+01,1.665377284147588099e+01
3.578736781937696776e+01,1.648761811733175975e+01
3.580737353529579536e+01,1.739282114410934099e+01
3.582737925121463718e+01,1.787204608205970402e+01
3.584738496713346478e+01,1.858787328663525074e+01
3.586739068305230660e+01,1.810206488147815307e+01
3.588739639897113420e+01,1.778667643703673207e+01
3.590740211488996891e+01,1.776447830884651324e+01
3.592740783080880362e+01,1.729879435804992838e+01
3.594741354672763833e+01,1.758081321666842811e+01
3.596741926264647304e+01,1.674277021872244475e+01
3.598742497856530065e+01,1.664773515869924125e+01
3.600743069448414246e+01,1.559555280613819761e+01
3.602743641040297007e+01,1.462924084027313576e+01
3.604744212632181188e+01,1.404295018057551836e+01
3.606744784224063949e+01,1.313122271067216928e+01
3.608745355815947420e+01,1.256073240966139615e+01
3.610745927407830891e+01,1.189920759484449952e+01
3.612746498999714362e+01,1.035043240533844866e+01
3.614747070591597833e+01,9.398870287516617239e+00
3.616747642183481304e+01,8.937836660544206779e+00
3.618748213775364775e+01,8.756287205484525771e+00
3.620748785367247535e+01,8.446793845847508919e+00
3.622749356959131717e+01,6.780959339203127101e+00
3.624749928551014477e+01,6.733246514031265839e+00
3.626750500142897948e+01,5.619702727659841912e+00
3.628751071734781419e+01,5.384983920841713179e+00
3.630751643326664890e+01,5.457186414016534926e+00
3.632752214918548361e+01,4.678203208559918558e+00
3.634752786510431832e+01,5.331580161628052039e+00
3.636753358102315303e+01,4.827950353409610429e+00
3.638753929694198064e+01,5.100049289932345076e+00
3.640754501286082245e+01,4.013084510678367245e+00
3.642755072877965006e+01,4.402478969521315122e+00
3.644755644469849187e+01,4.159090532654508898e+00
3.646756216061731948e+01,3.572133038648134473e+00
3.648756787653615419e+01,4.393857956437734913e+00
3.650757359245498890e+01,3.405287105698412642e+00
3.652757930837382361e+01,4.696832948608077984e+00
3.654758502429265832e+01,4.097002351845865142e+00
3.656759074021148592e+01,3.708532854713672222e+00
3.658759645613032774e+01,4.056546318416249797e+00
3.660760217204915534e+01,3.299466290007198044e+00
3.662760788796799716e+01,3.288952813495794825e+00
3.664761360388682476e+01,4.015633667374554960e+00
3.666761931980565947e+01,3.642067105359392265e+00
3.668762503572449418e+01,4.079775940559924763e+00
3.670763075164332889e+01,3.843456668522025943e+00
3.672763646756216360e+01,4.427676582743057310e+00
3.674764218348099121e+01,3.594751163385343951e+00
3.676764789939983302e+01,3.656269950787544243e+00
3.678765361531866063e+01,3.620986646378423490e+00
3.680765933123750244e+01,3.064572428349741529e+00
3.682766504715633005e+01,3.630806508761462936e+00
3.684767076307516476e+01,3.087057438237407414e+00
3.686767647899399947e+01,3.657872815695755619e+00
3.688768219491283418e+01,3.844512231492278609e+00
3.690768791083166889e+01,3.332650859506853358e+00
3.692769362675049649e+01,3.587600229708511890e+00
3.694769934266933831e+01,4.137823833053777989e+00
3.696770505858816591e+01,3.653755947575549001e+00
3.698771077450700773e+01,2.817585610434311771e+00
3.700771649042583533e+01,2.821675425231580991e+00
3.702772220634467004e+01,3.226262120217425977e+00
3.704772792226350475e+01,3.951238044306269792e+00
3.706773363818233946e+01,3.984105501742264188e+00
3.708773935410117417e+01,3.446982767428890426e+00
3.710774507002000888e+01,3.884882200098166649e+00
3.712775078593884359e+01,4.139034854938755004e+00
3.714775650185767120e+01,4.437306872601509689e+00
3.716776221777651301e+01,3.162903652382642594e+00
3.718776793369534062e+01,3.443050572029686673e+00
3.720777364961417533e+01,3.742022699852809886e+00
3.722777936553301004e+01,3.819071698610827958e+00
3.724778508145184475e+01,3.167434723429052301e+00
3.726779079737067946e+01,3.228467014238137978e+00
3.728779651328951417e+01,3.573732801574505125e+00
3.730780222920834888e+01,2.983999903626343375e+00
3.732780794512717648e+01,3.302694546386280017e+00
3.734781366104601830e+01,3.479371423586724799e+00
3.736781937696484590e+01,3.533586862839780185e+00
3.738782509288368772e+01,3.124898766648988691e+00
3.740783080880251532e+01,3.711277689075816788e+00
3.742783652472135003e+01,3.055801470545613352e+00
3.744784224064018474e+01,3.746326743745352239e+00
3.746784795655901945e+01,3.566127142402744976e+00
3.748785367247785416e+01,2.848916574949156733e+00
3.750785938839668177e+01,3.204995536558588931e+00
3.752786510431552358e+01,3.519439439971360883e+00
3.754787082023435119e+01,3.583170350503745993e+00
3.756787653615319300e+01,3.592005869108026328e+00
3.758788225207202061e+01,4.133696123134861011e+00
3.760788796799085532e+01,2.910439475093576256e+00
3.762789368390969003e+01,3.167501426171120738e+00
3.764789939982852474e+01,3.457288703367476845e+00
3.766790511574735945e+01,3.558684439445347181e+00
3.768791083166618705e+01,3.203729171965859379e+00
3.770791654758502887e+01,2.791260961572374910e+00
3.772792226350385647e+01,3.048217952013720922e+00
3.774792797942269829e+01,3.751560438854374624e+00
3.776793369534152589e+01,3.630870797843219755e+00
3.778793941126036060e+01,2.793572479031589229e+00
3.780794512717919531e+01,3.291930671317161661e+00
3.782795084309803002e+01,3.901189842011687947e+00
3.784795655901686473e+01,3.968241394663309496e+00
3.786796227493569234e+01,3.355464944735333077e+00
3.788796799085453415e+01,3.325109726542150312e+00
3.790797370677336176e+01,3.411270588940602089e+00
3.792797942269220357e+01,3.291384766031790310e+00
3.794798513861103118e+01,3.895741747269877653e+00
3.796799085452986589e+01,3.243448593253438261e+00
3.798799657044870060e+01,3.042486143909158613e+00
3.800800228636753531e+01,3.252892143720912621e+00
3.802800800228637002e+01,3.509715585243391445e+00
3.804801371820520473e+01,3.111136888588659666e+00
3.806801943412403944e+01,2.894247051343784349e+00
3.808802515004286704e+01,3.689278331967199343e+00
3.810803086596170886e+01,3.448484635563010325e+00
3.812803658188053646e+01,3.469302217169664360e+00
3.814804229779937117e+01,3.549048657987664779e+00
3.816804801371820588e+01,3.414899904647676010e+00
3.818805372963704059e+01,3.285048207166553436e+00
3.820805944555587530e+01,3.353629714936008366e+00
3.822806516147471001e+01,2.780283586833206311e+00
3.824807087739354472e+01,2.988926070567208271e+00
3.826807659331237232e+01,3.596910006422260331e+00
3.828808230923121414e+01,3.079956764578611672e+00
3.830808802515004174e+01,2.786895933846442297e+00
3.832809374106888356e+01,3.431759334095649816e+00
3.834809945698771116e+01,3.374548659428934450e+00
3.836810517290654587e+01,3.453808159319684545e+00
3.838811088882538058e+01,3.789886469794058854e+00
3.840811660474421529e+01,3.835510245107357274e+00
3.842812232066305000e+01,3.403962792656323177e+00
3.844812803658187761e+01,2.878797289272579718e+00
3.846813375250071942e+01,3.636690895553747360e+00
3.848813946841954703e+01,3.583925220117603949e+00
3.850814518433838884e+01,2.646488317436996862e+00
3.852815090025721645e+01,3.184435556414773494e+00
3.854815661617605116e+01,3.408278729898004844e+00
3.856816233209488587e+01,3.260517530474089654e+00
3.858816804801372058e+01,3.382360383285768712e+00
3.860817376393255529e+01,3.193382571705392081e+00
3.862817947985138289e+01,3.474214163117949283e+00
3.864818519577022471e+01,4.145546204721943795e+00
3.866819091168905231e+01,2.995932809078583503e+00
3.868819662760789413e+01,3.421375343211100262e+00
3.870820234352672173e+01,3.319470097044757040e+00
3.872820805944555644e+01,2.971752146933890337e+00
3.874821377536439115e+01,3.328995774505526306e+00
3.876821949128322586e+01,2.785843339796546303e+00
3.878822520720206057e+01,3.546256933512446974e+00
3.880823092312088818e+01,3.635586188251602735e+00
3.882823663903972999e+01,3.364636417979569138e+00
3.884824235495855760e+01,3.429153059624231226e+00
3.886824807087739941e+01,2.726324084180355545e+00
3.888825378679622702e+01,3.501448429200726409e+00
3.890825950271506173e+01,3.787379791842742094e+00
3.892826521863389644e+01,3.004481066107172360e+00
3.894827093455273115e+01,2.688575053913083490e+00
3.896827665047156586e+01,4.086368079772370265e+00
3.898828236639040057e+01,3.562044637238717115e+00
3.900828808230923528e+01,4.041677183224767766e+00
3.902829379822806288e+01,3.283147232578250474e+00
3.904829951414690470e+01,3.506069947996926395e+00
3.906830523006573230e+01,2.620400530100947201e+00
3.908831094598456701e+01,3.297101123285124835e+00
3.910831666190340172e+01,2.654717363420472154e+00
3.912832237782223643e+01,3.744852448880454432e+00
3.914832809374107114e+01,2.831736094674154547e+00
3.916833380965990585e+01,3.291375388637567845e+00
3.918833952557874056e+01,4.213507097257249256e+00
3.920834524149756817e+01,4.018457962874930622e+00
3.922835095741640998e+01,3.220654431905253912e+00
3.924835667333523759e+01,3.061449639771388398e+00
3.926836238925407940e+01,3.615891769480892748e+00
3.928836810517290701e+01,3.899617885473730006e+00
3.930837382109174172e+01,3.838658661571554553e+00
3.932837953701057643e+01,3.525504322612334374e+00
3.934838525292941114e+01,3.020013713196700422e+00
3.936839096884824585e+01,2.907123032674364893e+00
3.938839668476707345e+01,3.302529218804359346e+00
3.940840240068591527e+01,3.708248028529145479e+00
3.942840811660474287e+01,3.267600450303981496e+00
3.944841383252358469e+01,2.959074358501224467e+00
3.946841954844241229e+01,3.618918613021184338e+00
3.948842526436124700e+01,3.878255008842973695e+00
3.950843098028008171e+01,3.113899589532780343e+00
3.952843669619891642e+01,3.516093151489834145e+00
3.954844241211775113e+01,3.335547306046737326e+00
3.956844812803657874e+01,3.556499974034158740e+00
3.958845384395542055e+01,3.286434951380146963e+00
3.960845955987424816e+01,3.383568500213419039e+00
3.962846527579308997e+01,3.571079637808989737e+00
3.964847099171191758e+01,3.467899958301484009e+00
3.966847670763075229e+01,3.722902062360163633e+00
3.968848242354958700e+01,2.751397870568212944e+00
3.970848813946842171e+01,3.412223995742452942e+00
3.972849385538725642e+01,3.280043160188475859e+00
3.974849957130608402e+01,3.338305251917947913e+00
3.976850528722492584e+01,4.179329500229141736e+00
3.978851100314375344e+01,3.792794945398164863e+00
3.980851671906259526e+01,2.751234885293675880e+00
3.982852243498142286e+01,3.912714354493862068e+00
3.984852815090025757e+01,2.799833405624938099e+00
3.986853386681909228e+01,4.210703418861088565e+00
3.988853958273792699e+01,3.606151499372447944e+00
3.990854529865676170e+01,3.947117558903410206e+00
3.992855101457559641e+01,3.601683118085194035e+00
3.994855673049443112e+01,3.366135898562743201e+00
3.996856244641325873e+01,2.981911935035318262e+00
3.998856816233210054e+01,4.073269019507012700e+00
4.000857387825092815e+01,3.766671895661102276e+00
4.002857959416976286e+01,3.747305314578934787e+00
4.004858531008859757e+01,3.569676055089531896e+00
4.006859102600743228e+01,2.974079020440528076e+00
4.008859674192626699e+01,4.222160164619891631e+00
4.010860245784510170e+01,3.781494063405127726e+00
4.012860817376393641e+01,4.105523354365441691e+00
4.014861388968276401e+01,2.817189673079829149e+00
4.016861960560160583e+01,3.183938287628182096e+00
4.018862532152043343e+01,3.639861318008039248e+00
4.020863103743927525e+01,3.612578809659746426e+00
4.022863675335810285e+01,3.193387616009536689e+00
4.024864246927693756e+01,3.570624098494181275e+00
4.026864818519577227e+01,3.416797618367960254e+00
4.028865390111460698e+01,3.170810584903669849e+00
4.030865961703344169e+01,3.665717956891406004e+00
4.032866533295226930e+01,3.685835126389715111e+00
4.034867104887111111e+01,3.444882782966975476e+00
4.036867676478993872e+01,3.127403247719969137e+00
4.038868248070878053e+01,4.363699509863737447e+00
4.040868819662760814e+01,4.134799230787718827e+00
4.042869391254644285e+01,3.571869233749980665e+00
4.044869962846527756e+01,3.572286728639880948e+00
4.046870534438411227e+01,3.042038544765047092e+00
4.048871106030294698e+01,3.057528402497901254e+00
4.050871677622177458e+01,3.692133982102698830e+00
4.052872249214061640e+01,3.141399467205955531e+00
4.054872820805944400e+01,4.693068203931142435e+00
4.056873392397828582e+01,3.424974544170573676e+00
4.058873963989711342e+01,3.865450744748794243e+00
4.060874535581594813e+01,3.950000467433903317e+00
4.062875107173478284e+01,3.314434395709561443e+00
4.064875678765361755e+01,3.889088814993155729e+00
4.066876250357245226e+01,4.639676643228149544e+00
4.068876821949127986e+01,5.154722362178901562e+00
4.070877393541012168e+01,4.928875472397431068e+00
4.072877965132894929e+01,5.148781823029269233e+00
4.074878536724779110e+01,4.515678057548098145e+00
4.076879108316661871e+01,4.820419102603077377e+00
4.078879679908545342e+01,4.869778892211804155e+00
4.080880251500428813e+01,5.454720360528787282e+00
4.082880823092312284e+01,5.293048949038585249e+00
4.084881394684195755e+01,5.901801201661896812e+00
4.086881966276079226e+01,5.246730497975834240e+00
4.088882537867962697e+01,5.536096941860774834e+00
4.090883109459845457e+01,6.357474990089914790e+00
4.092883681051729639e+01,6.762495526559812120e+00
4.094884252643612399e+01,7.105559379948946486e+00
4.096884824235495870e+01,7.417523842761998942e+00
4.098885395827379341e+01,7.828590898956904631e+00
4.100885967419262812e+01,8.705887066004564190e+00
4.102886539011146283e+01,8.583593135223692272e+00
4.104887110603029754e+01,9.659366427331031346e+00
4.106887682194913225e+01,9.454592452031896244e+00
4.108888253786795985e+01,9.850026111899413905e+00
4.110888825378680167e+01,1.035700900795393586e+01
4.112889396970562927e+01,1.166192724253518520e+01
4.114889968562447109e+01,1.210815474238470912e+01
4.116890540154329869e+01,1.300361292341640507e+01
4.118891111746213340e+01,1.292496232730393579e+01
4.120891683338096811e+01,1.333825436281556698e+01
4.122892254929980282e+01,1.318127529305412082e+01
4.124892826521863753e+01,1.454788716012711269e+01
4.126893398113746514e+01,1.469693166481875046e+01
4.128893969705630695e+01,1.598536955116344771e+01
4.130894541297513456e+01,1.611138885944205157e+01
4.132895112889397637e+01,1.637077208622230984e+01
4.134895684481280398e+01,1.739762151206981144e+01
4.136896256073163869e+01,1.870300677255040966e+01
4.138896827665047340e+01,1.863488218571353983e+01
4.140897399256930811e+01,1.983698819927175805e+01
4.142897970848814282e+01,1.971211247519374865e+01
4.144898542440697042e+01,2.076824614531587798e+01
4.146899114032581224e+01,2.146638035753448293e+01
4.148899685624463984e+01,2.174061394243000933e+01
4.150900257216348166e+01,2.237869335601705245e+01
4.152900828808230926e+01,2.237061969414539675e+01
4.154901400400114397e+01,2.227803797238167505e+01
4.156901971991997868e+01,2.247108229475474062e+01
4.158902543583881339e+01,2.227310127961375130e+01
4.160903115175764810e+01,2.207953714433025638e+01
4.162903686767647571e+01,2.223226972106850141e+01
4.164904258359531752e+01,2.214163712043453813e+01
4.166904829951414513e+01,2.261332910411404740e+01
4.168905401543298694e+01,2.153144157661925817e+01
4.170905973135181455e+01,2.234862334622519242e+01
4.172906544727064926e+01,2.236142061715164076e+01
4.174907116318948397e+01,2.097482810185484681e+01
4.176907687910831868e+01,2.141220747909640920e+01
4.178908259502715339e+01,2.103720001793941563e+01
4.180908831094598810e+01,2.058500693169533946e+01
4.182909402686482281e+01,2.075343541992306484e+01
4.184909974278365041e+01,1.891002645864576692e+01
4.186910545870249223e+01,1.938019864387644731e+01
4.188911117462131983e+01,1.933520692807139696e+01
4.190911689054015454e+01,1.746378811331181780e+01
4.192912260645898925e+01,1.779865664273261672e+01
4.194912832237782396e+01,1.703619009887042424e+01
4.196913403829665867e+01,1.685648542404946681e+01
4.198913975421549338e+01,1.606944857150077155e+01
4.200914547013432809e+01,1.571288850367559675e+01
4.202915118605316280e+01,1.610446375590293044e+01
4.204915690197199041e+01,1.537926556512407927e+01
4.206916261789082512e+01,1.570969556119260879e+01
4.208916833380965983e+01,1.556394797786448869e+01
4.210917404972849454e+01,1.672125205307548157e+01
4.212917976564732925e+01,1.670330410035795410e+01
4.214918548156616396e+01,1.811210570418575827e+01
4.216919119748499867e+01,1.948911482919364602e+01
4.218919691340383338e+01,2.057554097816485594e+01
4.220920262932266809e+01,2.135391616107672164e+01
4.222920834524150280e+01,2.263879343207753791e+01
4.224921406116033040e+01,2.552389277417081459e+01
4.226921977707916511e+01,2.736749453081102956e+01
4.228922549299799982e+01,2.865652839597226986e+01
4.230923120891683453e+01,3.072538586287456397e+01
4.232923692483566924e+01,3.393635563420939860e+01
4.234924264075450395e+01,3.655587085314893159e+01
4.236924835667333866e+01,3.886437105424695204e+01
4.238925407259217337e+01,4.054067624879826326e+01
4.240925978851100808e+01,4.293210520183901480e+01
4.242926550442983569e+01,4.506349704964254244e+01
4.244927122034867040e+01,4.708802724423330233e+01
4.246927693626750511e+01,4.793564493125263937e+01
4.248928265218633982e+01,4.993369875908091160e+01
4.250928836810517453e+01,5.207436946744379469e+01
4.252929408402400924e+01,5.241109048112646462e+01
4.254929979994284395e+01,5.216363435409392224e+01
4.256930551586167866e+01,5.266933219177121828e+01
4.258931123178051337e+01,5.180947745907739943e+01
4.260931694769934097e+01,5.049863866538255763e+01
4.262932266361817568e+01,4.940627184570283248e+01
4.264932837953701039e+01,4.731025262619067462e+01
4.266933409545584510e+01,4.446799883698157885e+01
4.268933981137467981e+01,4.147795375946261487e+01
4.270934552729351452e+01,3.897381308063563665e+01
4.272935124321234923e+01,3.553333636534003404e+01
4.274935695913118394e+01,3.284873065642936751e+01
4.276936267505001865e+01,3.021593730732225325e+01
4.278936839096885336e+01,2.663444909885266654e+01
4.280937410688768097e+01,2.384130434211243710e+01
4.282937982280651568e+01,2.183717256096947068e+01
4.284938553872535039e+01,1.986192227184477233e+01
4.286939125464418510e+01,1.712512769192072071e+01
4.288939697056301981e+01,1.511365460626960200e+01
4.290940268648185452e+01,1.382055649028749933e+01
4.292940840240068923e+01,1.277179158636817036e+01
4.294941411831952394e+01,1.114971060777008205e+01
4.296941983423835865e+01,9.735021832062399127e+00
4.298942555015718625e+01,9.235534185039258048e+00
4.300943126607602096e+01,7.877506292608427607e+00
4.302943698199485567e+01,8.491009741839636860e+00
4.304944269791369038e+01,7.417310766650054177e+00
4.306944841383252509e+01,6.575212969103229277e+00
4.308945412975135980e+01,6.559286849722830937e+00
4.310945984567019451e+01,5.917298237161908503e+00
4.312946556158902922e+01,6.599679055750002021e+00
4.314947127750786393e+01,5.846426000851778326e+00
4.316947699342669864e+01,5.790353819596326446e+00
4.318948270934552625e+01,5.449530597084063288e+00
4.320948842526436096e+01,5.950258379109675033e+00
4.322949414118319567e+01,5.174330524816127763e+00
4.324949985710203038e+01,6.283313722096504961e+00
4.326950557302086509e+01,6.409841990608066808e+00
4.328951128893969980e+01,6.014465779699000869e+00
4.330951700485853451e+01,5.759957083234063191e+00
4.332952272077736922e+01,5.762640931799318800e+00
4.334952843669620393e+01,6.325876412850064412e+00
4.336953415261503153e+01,6.312340751401306349e+00
4.338953986853386624e+01,6.644948416902764166e+00
4.340954558445270095e+01,6.287119212821522751e+00
4.342955130037153566e+01,7.967552183756335893e+00
4.344955701629037037e+01,7.819526623292013312e+00
4.346956273220920508e+01,7.497975224682088324e+00
4.348956844812803979e+01,8.388003478087696863e+00
4.350957416404687450e+01,9.595210263712507626e+00
4.352957987996570921e+01,1.018190785377077745e+01
4.354958559588453681e+01,1.030012690226593719e+01
4.356959131180337153e+01,1.040252109669659220e+01
4.358959702772220624e+01,1.172981670027617263e+01
4.360960274364104095e+01,1.309982204922647320e+01
4.362960845955987566e+01,1.337026601300327400e+01
4.364961417547871037e+01,1.421780275125429505e+01
4.366961989139754508e+01,1.493568790095247856e+01
4.368962560731637979e+01,1.607980219577242309e+01
4.370963132323521450e+01,1.686103786114152570e+01
4.372963703915404921e+01,1.765432971856025546e+01
4.374964275507287681e+01,1.739444249259392805e+01
4.376964847099171152e+01,1.877774247832921617e+01
4.378965418691054623e+01,1.882461608663825814e+01
4.380965990282938094e+01,1.839845417010851492e+01
4.382966561874821565e+01,1.816157005224980381e+01
4.384967133466705036e+01,1.764690385007420659e+01
4.386967705058588507e+01,1.809612964225840059e+01
4.388968276650471978e+01,1.670063816483305175e+01
4.390968848242355449e+01,1.517439225308102202e+01
4.392969419834238209e+01,1.457309169760072365e+01
4.394969991426121680e+01,1.329391989159446474e+01
4.396970563018005151e+01,1.182652920084012926e+01
4.398971134609888622e+01,1.164973676414015458e+01
4.400971706201772093e+01,1.055420419516246788e+01
4.402972277793655564e+01,9.609547713114936940e+00
4.404972849385539035e+01,7.707458732777824117e+00
4.406973420977422506e+01,7.028278057169785598e+00
4.408973992569305977e+01,6.292646764322723740e+00
4.410974564161189448e+01,5.924219453479944164e+00
4.412975135753072209e+01,6.286617395876586301e+00
4.414975707344955680e+01,5.762746679570728503e+00
4.416976278936839151e+01,4.971522578784141722e+00
4.418976850528722622e+01,4.652026462127087925e+00
4.420977422120606093e+01,4.750036057263807621e+00
4.422977993712489564e+01,3.977039651821602906e+00
4.424978565304373035e+01,4.675907350365217319e+00
4.426979136896256506e+01,5.413319327379378265e+00
4.428979708488139977e+01,4.473738878752907766e+00
4.430980280080022737e+01,4.831802610648169072e+00
4.432980851671906208e+01,5.044145369532152756e+00
4.434981423263789679e+01,4.698281255848272053e+00
4.436981994855673150e+01,4.943774513654258129e+00
4.438982566447556621e+01,5.018400030795918454e+00
4.440983138039440092e+01,5.196155560692357511e+00
4.442983709631323563e+01,4.990243732511782326e+00
4.444984281223207034e+01,4.894141010913147127e+00
4.446984852815090505e+01,5.151345653073498454e+00
4.448985424406973266e+01,6.219141533839541935e+00
4.450985995998856737e+01,6.205437646469894375e+00
4.452986567590740208e+01,6.296793600116938450e+00
4.454987139182623679e+01,7.325023652956735631e+00
4.456987710774507150e+01,7.351433421049183181e+00
4.458988282366390621e+01,7.684508294145569351e+00
4.460988853958274092e+01,7.663799749633351865e+00
4.462989425550157563e+01,8.020114021087550782e+00
4.464989997142041034e+01,8.718001958587057842e+00
4.466990568733924505e+01,9.914823574832960063e+00
4.468991140325807265e+01,1.012996045722399607e+01
4.470991711917690736e+01,1.023584342365083444e+01
4.472992283509574207e+01,1.186094052851923841e+01
4.474992855101457678e+01,1.189855924570937162e+01
4.476993426693341149e+01,1.355067212639433194e+01
4.478993998285224620e+01,1.403777179517418716e+01
4.480994569877108091e+01,1.504318044717612324e+01
4.482995141468991562e+01,1.556495582637487374e+01
4.484995713060875033e+01,1.652449548071295027e+01
4.486996284652757794e+01,1.600700871766358091e+01
4.488996856244641265e+01,1.761288111081843866e+01
4.490997427836524736e+01,1.710102597385245815e+01
4.492997999428408207e+01,1.774250173763661564e+01
4.494998571020291678e+01,1.808102141246892813e+01
4.496999142612175149e+01,1.755496986523426628e+01
4.498999714204058620e+01,1.741339057399246215e+01
4.501000285795942091e+01,1.651602174468455786e+01
4.503000857387825562e+01,1.543562529770170322e+01
4.505001428979709033e+01,1.481608057925018684e+01
4.507002000571591793e+01,1.447624614786476016e+01
4.509002572163475264e+01,1.341620919387220923e+01
4.511003143755358735e+01,1.219253868220524772e+01
4.513003715347242206e+01,1.178058654697195173e+01
4.515004286939125677e+01,1.061377919877201315e+01
4.517004858531009148e+01,9.277326396809641551e+00
4.519005430122892619e+01,8.591434028986661531e+00
4.521006001714776090e+01,7.437037758920146402e+00
4.523006573306659561e+01,7.722316758010929760e+00
4.525007144898542322e+01,7.220832228496727012e+00
4.527007716490425793e+01,6.448957201432380160e+00
4.529008288082309264e+01,5.574586572161277509e+00
4.531008859674192735e+01,5.086030741662402654e+00
4.533009431266076206e+01,5.850196791200822588e+00
4.535010002857959677e+01,5.239975817345790432e+00
4.537010574449843148e+01,4.899033076326316127e+00
4.539011146041726619e+01,5.007575550831798950e+00
4.541011717633610090e+01,4.546081370037702740e+00
4.543012289225492850e+01,4.559751564824161107e+00
4.545012860817376321e+01,4.238387182425333854e+00
4.547013432409259792e+01,4.108652669160755444e+00
4.549014004001143263e+01,4.650424669575297543e+00
4.551014575593026734e+01,4.237201106225450431e+00
4.553015147184910205e+01,4.497164279270419840e+00
4.555015718776793676e+01,3.908846721418110182e+00
4.557016290368677147e+01,3.729592896338562724e+00
4.559016861960560618e+01,3.466658117553419682e+00
4.561017433552444089e+01,4.162558113728899833e+00
4.563018005144326850e+01,4.408711562336941725e+00
4.565018576736210321e+01,3.832331150460915659e+00
4.567019148328093792e+01,3.897164040919522954e+00
4.569019719919977263e+01,3.827691380277728594e+00
4.571020291511860734e+01,4.138171170079302463e+00
4.573020863103744205e+01,4.557775715456383381e+00
4.575021434695627676e+01,3.851688079222669536e+00
4.577022006287511147e+01,3.391384473262269328e+00
4.579022577879394618e+01,3.400105490438045219e+00
4.581023149471277378e+01,3.790658592233734581e+00
4.583023721063160849e+01,4.401145628315788372e+00
4.585024292655044320e+01,4.041333989339032762e+00
4.587024864246927791e+01,4.427747086015706657e+00
4.589025435838811262e+01,4.592187309227091951e+00
4.591026007430694733e+01,3.676621893339412139e+00
4.593026579022578204e+01,3.440803963979729208e+00
4.595027150614461675e+01,3.797704561146614033e+00
4.597027722206345146e+01,3.484933105549472110e+00
4.599028293798228617e+01,3.036740328715338944e+00
4.601028865390111378e+01,4.046825183208070165e+00
4.603029436981994849e+01,4.087622658305470225e+00
4.605030008573878320e+01,3.583643857584535297e+00
4.607030580165761791e+01,4.177591749152706591e+00
4.609031151757645262e+01,4.072058652589147343e+00
4.611031723349528733e+01,4.425093778903475439e+00
4.613032294941412204e+01,3.530613078731187571e+00
4.615032866533295675e+01,3.346234180338108821e+00
4.617033438125179146e+01,3.540565232162006915e+00
4.619034009717061906e+01,3.447383149318299811e+00
4.621034581308945377e+01,4.174688747067440531e+00
4.623035152900828848e+01,4.138180496205229097e+00
4.625035724492712319e+01,3.499979321512995512e+00
4.627036296084595790e+01,4.492270837227052560e+00
4.629036867676479261e+01,4.225606013552900997e+00
4.631037439268362732e+01,3.942553334332296266e+00
4.633038010860246203e+01,4.189120623899119877e+00
4.635038582452129674e+01,4.459718816862576318e+00
4.637039154044012434e+01,4.107124644553497461e+00
4.639039725635895905e+01,4.104183496109240714e+00
4.641040297227779376e+01,3.781974144489120171e+00
4.643040868819662847e+01,4.165402999661307781e+00
4.645041440411546319e+01,4.180314196807399796e+00
4.647042012003429790e+01,5.394218141729153260e+00
4.649042583595313261e+01,5.220587057593337299e+00
4.651043155187196732e+01,5.477423474329307318e+00
4.653043726779080203e+01,6.378554837663697796e+00
4.655044298370963674e+01,6.011670899154167635e+00
4.657044869962846434e+01,6.478027747964965499e+00
4.659045441554729905e+01,6.391342512603786830e+00
4.661046013146613376e+01,8.001236782255361391e+00
4.663046584738496847e+01,8.786881518220745590e+00
4.665047156330380318e+01,8.528263945008539793e+00
4.667047727922263789e+01,9.628590105941331245e+00
4.669048299514147260e+01,1.049013488354559342e+01
4.671048871106030731e+01,1.238999882258025842e+01
4.673049442697914202e+01,1.322204814788215188e+01
4.675050014289796962e+01,1.469191705564632144e+01
4.677050585881680433e+01,1.608296371748418707e+01
4.679051157473563904e+01,1.873628872605936380e+01
4.681051729065447375e+01,2.044431489544917113e+01
4.683052300657330846e+01,2.342859595530198291e+01
4.685052872249214317e+01,2.491753076961423830e+01
4.687053443841097788e+01,2.814443814282874357e+01
4.689054015432981259e+01,3.058383468103576419e+01
4.691054587024864730e+01,3.278496469698272620e+01
4.693055158616748201e+01,3.569493033349854016e+01
4.695055730208630962e+01,3.790701726318437892e+01
4.697056301800514433e+01,4.031060489124874380e+01
4.699056873392397904e+01,4.292371308193045110e+01
4.701057444984281375e+01,4.456742441861128867e+01
4.703058016576164846e+01,4.643405094080630846e+01
4.705058588168048317e+01,4.828880972435264596e+01
4.707059159759931788e+01,5.010526237834471885e+01
4.709059731351815259e+01,5.027971939606198504e+01
4.711060302943698730e+01,5.084688501960368257e+01
4.713060874535581490e+01,5.072076203400805383e+01
4.715061446127464961e+01,4.993755004423125854e+01
4.717062017719348432e+01,4.978352496858025233e+01
4.719062589311231903e+01,4.748324425919494018e+01
4.721063160903115374e+01,4.559291450754785302e+01
4.723063732494998845e+01,4.352395834423307264e+01
4.725064304086882316e+01,4.071312633661653990e+01
4.727064875678765787e+01,3.689444421447893774e+01
4.729065447270649258e+01,3.439865923528171265e+01
4.731066018862532019e+01,3.048274133000924380e+01
4.733066590454415490e+01,2.685874254289622343e+01
4.735067162046298961e+01,2.345650730529157713e+01
4.737067733638182432e+01,2.073337209870583564e+01
4.739068305230065903e+01,1.851263822396529690e+01
4.741068876821949374e+01,1.615355047550907841e+01
4.743069448413832845e+01,1.411309998314029635e+01
4.745070020005716316e+01,1.309552410578735504e+01
4.747070591597599787e+01,1.047857771666861026e+01
4.749071163189483258e+01,1.114452923756738478e+01
4.751071734781366018e+01,9.193179356956020953e+00
4.753072306373249489e+01,9.913676638333548397e+00
4.755072877965132960e+01,8.778006900672940205e+00
4.757073449557016431e+01,8.355862626270042171e+00
4.759074021148899902e+01,8.977997446792794989e+00
4.761074592740783373e+01,7.970800364128002968e+00
4.763075164332666844e+01,7.841197857290479689e+00
4.765075735924550315e+01,7.514831008292890857e+00
4.767076307516433786e+01,8.133742784452891783e+00
4.769076879108316547e+01,8.268148496077396103e+00
4.771077450700200018e+01,7.726196672029065127e+00
4.773078022292083489e+01,8.126662637257689781e+00
4.775078593883966960e+01,7.970634283579421719e+00
4.777079165475850431e+01,7.531086912557466206e+00
4.779079737067733902e+01,6.767549423994015712e+00
4.781080308659617373e+01,7.728243860982884073e+00
4.783080880251500844e+01,6.915045203233797899e+00
4.785081451843384315e+01,6.318934717748197372e+00
4.787082023435267075e+01,6.993381370482088855e+00
4.789082595027150546e+01,7.000028234065918120e+00
4.791083166619034017e+01,5.234977942288375097e+00
4.793083738210917488e+01,6.330192812979563044e+00
4.795084309802800959e+01,6.003733907949807325e+00
4.797084881394684430e+01,5.242257051763386855e+00
4.799085452986567901e+01,5.000057728906407206e+00
4.801086024578451372e+01,5.261078845333152287e+00
4.803086596170334843e+01,4.448835817868793008e+00
4.805087167762218314e+01,5.007751152751057866e+00
4.807087739354101075e+01,4.311592251493137518e+00
4.809088310945984546e+01,4.514450546378783180e+00
4.811088882537868017e+01,4.159714697094665681e+00
4.813089454129751488e+01,3.914722101982889946e+00
4.815090025721634959e+01,3.854190944532387419e+00
4.817090597313518430e+01,3.490774194767999106e+00
4.819091168905401901e+01,4.148254008376159874e+00
4.821091740497285372e+01,3.393381956461853921e+00
4.823092312089168843e+01,4.123716869441993893e+00
4.825092883681051603e+01,3.509480864365084329e+00
4.827093455272935074e+01,4.271792960269617190e+00
4.829094026864818545e+01,3.679979332832780337e+00
4.831094598456702016e+01,3.994518605150598312e+00
4.833095170048585487e+01,3.826911020189310175e+00
4.835095741640468958e+01,3.755653409049826141e+00
4.837096313232352429e+01,3.801566513368310751e+00
4.839096884824235900e+01,3.449674200284754910e+00
4.841097456416119371e+01,3.264756919675718461e+00
4.843098028008002842e+01,3.927512746303247759e+00
4.845098599599885603e+01,3.192624500205913929e+00
4.847099171191769074e+01,3.912514143496911956e+00
4.849099742783652545e+01,2.932285565824652718e+00
4.851100314375536016e+01,3.479140173159043226e+00
4.853100885967419487e+01,3.776293239242581201e+00
4.855101457559302958e+01,3.599262364856199437e+00
4.857102029151186429e+01,3.525299366085631103e+00
4.859102600743069900e+01,4.300066941844361779e+00
4.861103172334953371e+01,3.282077840089352438e+00
4.863103743926836131e+01,4.406337140281904929e+00
4.865104315518719602e+01,3.626645925842896911e+00
4.867104887110603073e+01,3.326267246004114497e+00
4.869105458702486544e+01,3.499811994447831420e+00
4.871106030294370015e+01,2.841062928279989297e+00
4.873106601886253486e+01,3.555235171469424138e+00
4.875107173478136957e+01,2.958464327357761103e+00
4.877107745070020428e+01,3.703822808757359919e+00
4.879108316661903899e+01,3.384879888185042596e+00
4.881108888253786660e+01,3.910637023974929960e+00
4.883109459845670131e+01,3.615806571221865884e+00
4.885110031437553602e+01,4.196158942719353746e+00
4.887110603029437073e+01,3.696279957960999063e+00
4.889111174621320544e+01,3.374285714808456849e+00
4.891111746213204015e+01,3.179536037006112981e+00
4.893112317805087486e+01,4.230941358506624894e+00
4.895112889396970957e+01,3.196040021819598564e+00
4.897113460988854428e+01,3.956008331515245668e+00
4.899114032580737899e+01,2.891125060684704984e+00
4.901114604172620659e+01,3.522663037869254499e+00
4.903115175764504130e+01,3.263018766577435059e+00
4.905115747356387601e+01,3.726486409304575531e+00
4.907116318948271072e+01,2.858654510450230113e+00
4.909116890540154543e+01,3.087750237142201648e+00
4.911117462132038014e+01,3.574725101732716404e+00
4.913118033723921485e+01,3.521157370507705053e+00
4.915118605315804956e+01,3.305331032967701255e+00
4.917119176907688427e+01,3.884375806717736523e+00
4.919119748499571187e+01,3.253403291810183617e+00
4.921120320091454658e+01,3.272719480906603362e+00
4.923120891683338129e+01,2.993534011311552945e+00
4.925121463275221600e+01,3.198413906377661764e+00
4.927122034867105071e+01,3.098535560229383368e+00
4.929122606458988542e+01,3.548933061378579001e+00
4.931123178050872014e+01,3.338768594039680515e+00
4.933123749642755485e+01,2.676000619291073246e+00
4.935124321234638956e+01,2.903517349545741144e+00
4.937124892826522427e+01,3.212551105130512230e+00
4.939125464418405187e+01,2.697675810759199155e+00
4.941126036010288658e+01,3.734440416843908039e+00
4.943126607602172129e+01,2.912783867313641473e+00
4.945127179194055600e+01,3.463279188412481169e+00
4.947127750785939071e+01,3.279651125926267063e+00
4.949128322377822542e+01,3.021203411088784652e+00
4.951128893969706013e+01,3.117242544012578609e+00
4.953129465561589484e+01,3.627671477496362762e+00
4.955130037153472955e+01,3.126847746314538767e+00
4.957130608745355715e+01,3.260780699583186948e+00
4.959131180337239186e+01,3.383672391152225956e+00
4.961131751929122657e+01,2.864647497045018198e+00
4.963132323521006128e+01,3.636515558201022902e+00
4.965132895112889599e+01,3.039215286301046870e+00
4.967133466704773070e+01,2.925545933271416654e+00
4.969134038296656541e+01,3.504393685417218407e+00
4.971134609888540012e+01,3.349804132277180990e+00
4.973135181480423483e+01,3.529441801432129822e+00
4.975135753072306244e+01,3.843389874147530527e+00
4.977136324664189715e+01,3.035783452002247973e+00
4.979136896256073186e+01,3.632127735779987709e+00
4.981137467847956657e+01,3.904290344300838100e+00
4.983138039439840128e+01,3.571005828751628641e+00
4.985138611031723599e+01,3.478933891106144927e+00
4.987139182623607070e+01,3.492330505866234613e+00
4.989139754215490541e+01,3.685090777992394706e+00
4.991140325807374012e+01,3.998955993111726670e+00
4.993140897399257483e+01,3.045437511037222933e+00
4.995141468991140243e+01,3.921781261293765475e+00
4.997142040583023714e+01,4.031148898501968780e+00
4.999142612174907185e+01,2.869383770328857608e+00
5.001143183766790656e+01,3.357627137272946705e+00
5.003143755358674127e+01,3.705323689294851341e+00
5.005144326950557598e+01,3.291809468184322185e+00
5.007144898542441069e+01,3.461436663347281062e+00
5.009145470134324540e+01,3.846770344811657694e+00
5.011146041726208011e+01,3.082873076838386961e+00
5.013146613318090772e+01,3.304760972780921513e+00
5.015147184909974243e+01,3.150583655917721604e+00
5.017147756501857714e+01,3.710241469186123187e+00
5.019148328093741185e+01,3.088666819980970590e+00
5.021148899685624656e+01,3.501964441516377757e+00
5.023149471277508127e+01,2.920758141959388432e+00
5.025150042869391598e+01,2.688996256624208048e+00
5.027150614461275069e+01,3.512635512080913180e+00
5.029151186053158540e+01,3.140965300053702780e+00
5.031151757645042011e+01,3.922188401460385165e+00
5.033152329236924771e+01,2.612113410107991918e+00
5.035152900828808242e+01,3.226411560867111561e+00
5.037153472420691713e+01,3.684723973226266658e+00
5.039154044012575184e+01,3.247320878440348668e+00
5.041154615604458655e+01,3.735346320377512352e+00
5.043155187196342126e+01,2.852532325842258132e+00
5.045155758788225597e+01,3.305914601903449324e+00
5.047156330380109068e+01,2.946544759312371475e+00
5.049156901971992539e+01,3.578125845387783777e+00
5.051157473563875300e+01,3.639965016327558089e+00
5.053158045155758771e+01,2.706730565942502054e+00
5.055158616747642242e+01,3.337578188492723807e+00
5.057159188339525713e+01,3.168466637221977411e+00
5.059159759931409184e+01,3.201754605920686725e+00
5.061160331523292655e+01,3.418112070422000048e+00
5.063160903115176126e+01,3.449541738030477145e+00
5.065161474707059597e+01,3.674567983745904876e+00
5.067162046298943068e+01,2.715547625083928107e+00
5.069162617890825828e+01,3.722689402947645831e+00
5.071163189482709299e+01,3.443590404113368919e+00
5.073163761074592770e+01,3.282637347190034305e+00
5.075164332666476241e+01,3.262294444090779955e+00
5.077164904258359712e+01,3.254466312711905562e+00
5.079165475850243183e+01,3.759201646808111974e+00
5.081166047442126654e+01,3.574766178751683565e+00
5.083166619034010125e+01,3.243781893430463636e+00
5.085167190625893596e+01,3.693644787139083618e+00
5.087167762217777067e+01,3.816408533174755480e+00
5.089168333809659828e+01,3.352089506844492917e+00
5.091168905401543299e+01,2.940245482027649793e+00
5.093169476993426770e+01,3.427647255194327336e+00
5.095170048585310241e+01,2.933748862945732672e+00
5.097170620177193712e+01,3.668301649546731547e+00
5.099171191769077183e+01,4.047682648163184460e+00
5.101171763360960654e+01,3.375279379675684588e+00
5.103172334952844125e+01,3.317998264923238239e+00
5.105172906544727596e+01,3.083141917286508438e+00
5.107173478136610356e+01,3.129709872023907380e+00
5.109174049728493827e+01,3.377809326889441799e+00
5.111174621320377298e+01,3.247904813764760590e+00
5.113175192912260769e+01,4.182471395103743106e+00
5.115175764504144240e+01,3.342070054763248699e+00
5.117176336096027711e+01,3.937973524852754093e+00
5.119176907687911182e+01,3.858068901150434993e+00
5.121177479279794653e+01,2.898913622830583403e+00
5.123178050871678124e+01,3.437178184323435470e+00
5.125178622463561595e+01,2.869041471759147033e+00
5.127179194055444356e+01,3.241958576317991891e+00
5.129179765647327827e+01,3.913067407824679655e+00
5.131180337239211298e+01,2.785975215348927669e+00
5.133180908831094769e+01,3.504111637423322989e+00
5.135181480422978240e+01,3.760687298628706099e+00
5.137182052014861711e+01,3.410758601564674031e+00
5.139182623606745182e+01,3.469267784840341484e+00
5.141183195198628653e+01,2.684848865020162734e+00
5.143183766790512124e+01,3.767908519303996950e+00
5.145184338382394884e+01,3.931023006639617456e+00
5.147184909974278355e+01,4.210408955772085626e+00
5.149185481566161826e+01,3.568455019584816590e+00
5.151186053158045297e+01,3.410174917626994429e+00
5.153186624749928768e+01,2.821182608259767743e+00
5.155187196341812239e+01,4.092022020802765780e+00
5.157187767933695710e+01,3.734581322425836181e+00
5.159188339525579181e+01,3.689578677737646917e+00
5.161188911117462652e+01,3.658460997869786624e+00
5.163189482709345413e+01,3.007558424887457615e+00
5.165190054301228884e+01,2.899424774582202602e+00
5.167190625893112355e+01,3.212370431085656897e+00
5.169191197484995826e+01,3.600290128873180784e+00
5.171191769076879297e+01,3.569979399152005684e+00
5.173192340668762768e+01,2.894522167257517875e+00
5.175192912260646239e+01,3.868978816661643449e+00
5.177193483852529710e+01,2.629015471698645801e+00
5.179194055444413181e+01,4.156604118787609714e+00
5.181194627036296652e+01,2.858268473341243787e+00
5.183195198628179412e+01,3.617024774505995133e+00
5.185195770220062883e+01,3.568223432903044223e+00
5.187196341811946354e+01,2.805200653139279687e+00
5.189196913403829825e+01,3.362941366805077159e+00
5.191197484995713296e+01,3.525391394125394040e+00
5.193198056587596767e+01,3.432716124726317819e+00
5.195198628179480238e+01,3.918371699286109955e+00
5.197199199771363709e+01,3.151387468673918946e+00
5.199199771363247180e+01,3.422599581561490023e+00
5.201200342955129940e+01,4.098580924605681020e+00
5.203200914547013411e+01,3.473584842228040426e+00
5.205201486138896882e+01,2.982624835250481610e+00
5.207202057730780353e+01,2.560644115277273869e+00
5.209202629322663824e+01,3.780319330806930722e+00
5.211203200914547295e+01,3.599955394435990108e+00
5.213203772506430766e+01,3.838787347351224177e+00
5.215204344098314237e+01,3.406393897932962211e+00
5.217204915690197708e+01,2.468532738203279120e+00
5.219205487282081180e+01,2.870225578446588877e+00
5.221206058873963940e+01,2.689777181704445574e+00
5.223206630465847411e+01,4.067122605919609057e+00
5.225207202057730882e+01,4.236576559812734288e+00
5.227207773649614353e+01,3.595276100690835808e+00
5.229208345241497824e+01,4.012910664252542503e+00
5.231208916833381295e+01,3.349434300093515393e+00
5.233209488425264766e+01,3.693995148918585603e+00
5.235210060017148237e+01,3.479534168978079656e+00
5.237210631609031708e+01,3.917787542161976333e+00
5.239211203200914468e+01,3.785162928376907487e+00
5.241211774792797939e+01,3.000932320791195540e+00
5.243212346384681410e+01,3.465351140478262426e+00
5.245212917976564881e+01,3.100413891605222627e+00
5.247213489568448352e+01,3.726200916598769286e+00
5.249214061160331823e+01,3.173697974560743429e+00
5.251214632752215294e+01,3.028091684835999775e+00
5.253215204344098765e+01,3.864709021430637659e+00
5.255215775935982236e+01,3.678618065345808930e+00
5.257216347527864997e+01,3.066296836098377110e+00
5.259216919119748468e+01,2.658146376590028837e+00
5.261217490711631939e+01,3.025297112137726785e+00
5.263218062303515410e+01,3.642638811319261372e+00
5.265218633895398881e+01,3.441918283779175081e+00
5.267219205487282352e+01,3.877627485990370992e+00
5.269219777079165823e+01,2.618842148436004713e+00
5.271220348671049294e+01,3.475130628328378712e+00
5.273220920262932765e+01,3.472627297320205919e+00
5.275221491854816236e+01,2.684864879822175254e+00
5.277222063446698996e+01,4.071511013257112843e+00
5.279222635038582467e+01,3.688387551491466798e+00
5.281223206630465938e+01,2.799525973303083504e+00
5.283223778222349409e+01,3.723322895986044934e+00
5.285224349814232880e+01,2.583168076779250644e+00
5.287224921406116351e+01,2.950320611190155873e+00
5.289225492997999822e+01,3.404785607501989997e+00
5.291226064589883293e+01,3.054273737082623175e+00
5.293226636181766764e+01,3.659910799900839340e+00
5.295227207773649525e+01,2.466079857698896483e+00
5.297227779365532996e+01,3.219454543657627177e+00
5.299228350957416467e+01,3.583222772821343938e+00
5.301228922549299938e+01,3.434398695662810752e+00
5.303229494141183409e+01,3.694311077113585196e+00
5.305230065733066880e+01,3.591322090802190559e+00
5.307230637324950351e+01,3.134354718725568922e+00
5.309231208916833822e+01,3.352071359964680308e+00
5.311231780508717293e+01,3.641050909660305201e+00
5.313232352100600764e+01,3.017058489168878754e+00
5.315232923692483524e+01,2.699752732374620212e+00
5.317233495284366995e+01,3.694928243699131976e+00
5.319234066876250466e+01,3.496642415616785904e+00
5.321234638468133937e+01,3.127546564899975401e+00
5.323235210060017408e+01,3.314908451692983871e+00
5.325235781651900879e+01,3.018403092606985361e+00
5.327236353243784350e+01,3.549304529763933402e+00
5.329236924835667821e+01,3.315413304581583454e+00
5.331237496427551292e+01,2.598328086520927727e+00
5.333238068019434053e+01,3.809010416979216718e+00
5.335238639611317524e+01,3.201552717993528141e+00
5.337239211203200995e+01,2.557723476830613407e+00
5.339239782795084466e+01,2.776360951106100039e+00
5.341240354386967937e+01,2.970188021502247810e+00
5.343240925978851408e+01,2.927806076671189306e+00
5.345241497570734879e+01,3.392945513416166570e+00
5.347242069162618350e+01,4.012370454953183341e+00
5.349242640754501821e+01,3.272844302739770228e+00
5.351243212346384581e+01,3.308304166616005570e+00
5.353243783938268052e+01,3.176723153985707704e+00
5.355244355530151523e+01,2.744314665209209636e+00
5.357244927122034994e+01,3.447447244134785649e+00
5.359245498713918465e+01,3.377228783007640178e+00
5.361246070305801936e+01,3.141475507583869398e+00
5.363246641897685407e+01,3.349280935733898623e+00
5.365247213489568878e+01,3.329386877715614812e+00
5.367247785081452349e+01,3.305583676459762810e+00
5.369248356673335820e+01,3.403218091082440111e+00
5.371248928265218581e+01,3.596860773173087722e+00
5.373249499857102052e+01,2.837363886509312927e+00
5.375250071448985523e+01,2.783263097338176006e+00
5.377250643040868994e+01,4.002341404494563548e+00
5.379251214632752465e+01,3.138650346473109920e+00
5.381251786224635936e+01,3.197502558353068292e+00
5.383252357816519407e+01,3.372519301891268473e+00
5.385252929408402878e+01,3.413285683393027625e+00
5.387253501000286349e+01,2.794068371848363430e+00
5.389254072592169109e+01,3.017746964880581029e+00
5.391254644184052580e+01,3.381327238048201345e+00
5.393255215775936051e+01,4.011647448596994181e+00
5.395255787367819522e+01,3.351007182346459778e+00
5.397256358959702993e+01,3.135100571928095103e+00
5.399256930551586464e+01,3.566336528460448907e+00
5.401257502143469935e+01,3.212783202871003052e+00
5.403258073735353406e+01,3.127697408260142975e+00
5.405258645327236877e+01,3.907069604414217245e+00
5.407259216919120348e+01,3.819120125118280029e+00
5.409259788511003109e+01,3.372932169114932766e+00
5.411260360102886580e+01,3.907066857362374357e+00
5.413260931694770051e+01,3.156635080592672171e+00
5.415261503286653522e+01,3.138011728383172994e+00
5.417262074878536993e+01,3.263643119260486447e+00
5.419262646470420464e+01,2.605726114652999303e+00
5.421263218062303935e+01,3.391007630978932319e+00
5.423263789654187406e+01,3.240140552404875862e+00
5.425264361246070877e+01,3.264667458223649010e+00
5.427264932837953637e+01,3.356525276871412888e+00
5.429265504429837108e+01,3.354938172862389933e+00
5.431266076021720579e+01,3.508879463569670953e+00
5.433266647613604050e+01,4.034463272340891749e+00
5.435267219205487521e+01,4.215561691804538214e+00
5.437267790797370992e+01,3.409326448731223813e+00
5.439268362389254463e+01,3.538085132388834708e+00
5.441268933981137934e+01,2.986894754715414102e+00
5.443269505573021405e+01,3.439592821353604890e+00
5.445270077164904166e+01,3.510760113115154901e+00
5.447270648756787637e+01,3.643244001883916727e+00
5.449271220348671108e+01,2.990608054050271747e+00
5.451271791940554579e+01,3.387353600984384983e+00
5.453272363532438050e+01,3.339343776044928713e+00
5.455272935124321521e+01,3.345476257717516333e+00
5.457273506716204992e+01,3.636287731395333900e+00
5.459274078308088463e+01,3.397304001998988632e+00
5.461274649899971934e+01,2.798417742270257413e+00
5.463275221491855405e+01,3.600823285562578135e+00
5.465275793083738165e+01,3.660738895445777352e+00
5.467276364675621636e+01,3.483504018345481512e+00
5.469276936267505107e+01,3.080116579628225715e+00
5.471277507859388578e+01,2.921985805742603581e+00
5.473278079451272049e+01,3.592108314871572006e+00
5.475278651043155520e+01,3.655873959186967337e+00
5.477279222635038991e+01,3.420767766512754715e+00
5.479279794226922462e+01,3.618806708293141661e+00
5.481280365818805933e+01,2.769436529207554010e+00
5.483280937410688693e+01,3.851774851810005895e+00
5.485281509002572164e+01,3.295282732149140248e+00
5.487282080594455635e+01,2.750816566469842073e+00
5.489282652186339106e+01,3.721243795249589592e+00
5.491283223778222577e+01,3.985329949840805241e+00
5.493283795370106048e+01,3.313565112511669852e+00
5.495284366961989519e+01,4.129272163926270167e+00
5.497284938553872990e+01,3.220156426341920231e+00
5.499285510145756461e+01,3.429938719797125390e+00
5.501286081737639222e+01,3.340179130294275822e+00
5.503286653329522693e+01,3.603452465883679512e+00
5.505287224921406164e+01,3.561171750355891952e+00
5.507287796513289635e+01,3.649039113937970313e+00
5.509288368105173106e+01,3.711882836512370609e+00
5.511288939697056577e+01,2.833527606055570747e+00
5.513289511288940048e+01,3.009648937993024465e+00
5.515290082880823519e+01,3.558962512207421991e+00
5.517290654472706990e+01,3.797989974147386150e+00
5.519291226064590461e+01,3.129111690481229946e+00
5.521291797656473221e+01,3.312823988777295892e+00
5.523292369248356692e+01,3.127677941772557091e+00
5.525292940840240163e+01,3.032132369651511006e+00
5.527293512432123634e+01,3.257494906203902030e+00
5.529294084024007105e+01,2.911088954796218875e+00
5.531294655615890576e+01,2.776451686788404594e+00
5.533295227207774047e+01,3.773490886723713800e+00
5.535295798799657518e+01,3.324545180413469581e+00
5.537296370391540989e+01,3.007223114181589718e+00
5.539296941983423750e+01,3.265845623617522619e+00
5.541297513575307221e+01,3.111512745791510159e+00
5.543298085167190692e+01,3.724324416860089748e+00
5.545298656759074163e+01,2.703589949906128886e+00
5.547299228350957634e+01,3.450565124954044105e+00
5.549299799942841105e+01,3.204345760968087653e+00
5.551300371534724576e+01,3.359242231749415275e+00
5.553300943126608047e+01,3.678431537491647418e+00
5.555301514718491518e+01,3.683020886513335590e+00
5.557302086310374989e+01,3.302924378194334043e+00
5.559302657902257749e+01,3.066391750715942610e+00
5.561303229494141220e+01,3.412199218388509703e+00
5.563303801086024691e+01,3.935878926267193378e+00
5.565304372677908162e+01,2.864409833516782911e+00
5.567304944269791633e+01,3.573577641733925780e+00
5.569305515861675104e+01,3.521456921648141503e+00
5.571306087453558575e+01,3.075377006303076755e+00
5.573306659045442046e+01,3.249261305373306818e+00
5.575307230637325517e+01,3.894789395419574696e+00
5.577307802229208278e+01,3.009449069495950813e+00
5.579308373821091749e+01,3.676714772185043945e+00
5.581308945412975220e+01,3.496505316710304623e+00
5.583309517004858691e+01,3.925213167344633547e+00
5.585310088596742162e+01,3.103516494819487992e+00
5.587310660188625633e+01,3.263738727459589484e+00
5.589311231780509104e+01,3.412930372881328722e+00
5.591311803372392575e+01,3.530160619901519858e+00
5.593312374964276046e+01,3.510753140614262247e+00
5.595312946556158806e+01,3.052852345482310437e+00
5.597313518148042277e+01,3.602057849512947829e+00
5.599314089739925748e+01,2.890880120103345163e+00
5.601314661331809219e+01,3.277014543438327987e+00
5.603315232923692690e+01,2.816785944183139101e+00
5.605315804515576161e+01,3.624891984238928888e+00
5.607316376107459632e+01,3.040183221116582679e+00
5.609316947699343103e+01,3.018601656305483161e+00
5.611317519291226574e+01,3.781598760768555501e+00
5.613318090883110045e+01,4.255644038855837863e+00
5.615318662474992806e+01,3.750403117640687789e+00
5.617319234066876277e+01,3.340886581173159620e+00
5.619319805658759748e+01,3.690311919933017215e+00
5.621320377250643219e+01,3.583424264379480029e+00
5.623320948842526690e+01,2.958160706564022746e+00
5.625321520434410161e+01,3.905838840455990724e+00
5.627322092026293632e+01,3.201127185580466605e+00
5.629322663618177103e+01,3.823170751018464042e+00
5.631323235210060574e+01,3.270775513875663343e+00
5.633323806801943334e+01,3.990919586393515850e+00
5.635324378393826805e+01,3.711979226916344743e+00
5.637324949985710276e+01,3.264288740574676773e+00
5.639325521577593747e+01,3.231643520351350496e+00
5.641326093169477218e+01,3.079336468946355154e+00
5.643326664761360689e+01,3.287709579131711024e+00
5.645327236353244160e+01,3.921525478786878072e+00
5.647327807945127631e+01,3.688480148473260556e+00
5.649328379537011102e+01,4.086413995231497509e+00
5.651328951128894573e+01,3.908745820952759686e+00
5.653329522720777334e+01,3.414812019802631493e+00
5.655330094312660805e+01,3.135008255455834725e+00
5.657330665904544276e+01,3.170163054481269338e+00
5.659331237496427747e+01,2.842157987924510465e+00
5.661331809088311218e+01,3.039207110220845554e+00
5.663332380680194689e+01,2.721562392624770510e+00
5.665332952272078160e+01,3.266401108999353653e+00
5.667333523863961631e+01,3.058238190840918413e+00
5.669334095455845102e+01,3.260654678768974968e+00
5.671334667047727862e+01,3.305396931493988166e+00
5.673335238639611333e+01,3.243089132473410352e+00
5.675335810231494804e+01,3.302718466477243542e+00
5.677336381823378275e+01,4.140989679257295109e+00
5.679336953415261746e+01,3.793327049542549734e+00
5.681337525007145217e+01,3.220232886682038220e+00
5.683338096599028688e+01,3.022682392340368285e+00
5.685338668190912159e+01,3.494715948632614477e+00
5.687339239782795630e+01,3.239335457175595678e+00
5.689339811374678391e+01,3.796723952812524949e+00
5.691340382966561862e+01,2.869619444100177663e+00
5.693340954558445333e+01,3.696615880092617878e+00
5.695341526150328804e+01,3.064334678828231073e+00
5.697342097742212275e+01,3.230246042064416123e+00
5.699342669334095746e+01,3.966509092067677322e+00
5.701343240925979217e+01,4.101095836073977097e+00
5.703343812517862688e+01,3.972392022528596911e+00
5.705344384109746159e+01,2.948323813856691622e+00
5.707344955701629630e+01,3.185443245465657380e+00
5.709345527293512390e+01,3.512575175414720530e+00
5.711346098885395861e+01,2.888133766548612869e+00
5.713346670477279332e+01,3.695250107912506188e+00
5.715347242069162803e+01,3.219782025724731600e+00
5.717347813661046274e+01,3.669190263937693430e+00
5.719348385252929745e+01,2.750896495077216120e+00
5.721348956844813216e+01,3.369304217008260771e+00
5.723349528436696687e+01,3.377437496544362538e+00
5.725350100028580158e+01,3.564170582059941861e+00
5.727350671620462919e+01,3.222533777594526416e+00
5.729351243212346390e+01,2.896156248606380768e+00
5.731351814804229861e+01,3.894924276726564827e+00
5.733352386396113332e+01,3.625205743972533146e+00
5.735352957987996803e+01,2.805068102166707433e+00
5.737353529579880274e+01,3.202401587453150178e+00
5.739354101171763745e+01,3.204427954353588071e+00
5.741354672763647216e+01,3.420111153406339088e+00
5.743355244355530687e+01,4.279301086590719727e+00
5.745355815947414158e+01,3.938149944521898593e+00
5.747356387539296918e+01,3.039812582063841973e+00
5.749356959131180389e+01,3.962919513725906118e+00
5.751357530723063860e+01,3.865943528809701046e+00
5.753358102314947331e+01,3.546928412718153734e+00
5.755358673906830802e+01,3.355908469989848264e+00
5.757359245498714273e+01,3.185420241541490505e+00
5.759359817090597744e+01,3.080507863249459355e+00
5.761360388682481215e+01,3.718086094940990183e+00
5.763360960274364686e+01,3.846097863955487473e+00
5.765361531866247446e+01,3.540952186015213332e+00
5.767362103458130917e+01,3.407806608150765637e+00
5.769362675050014388e+01,4.212429153040453400e+00
5.771363246641897859e+01,3.627881323937285796e+00
5.773363818233781330e+01,4.261401464241872716e+00
5.775364389825664801e+01,4.388306329658975713e+00
5.777364961417548272e+01,4.428060332587084424e+00
5.779365533009431743e+01,3.144368721062191341e+00
5.781366104601315214e+01,3.657217319996081795e+00
5.783366676193197975e+01,4.136787760090943067e+00
5.785367247785081446e+01,3.728071507992656297e+00
5.787367819376964917e+01,3.451156712226981504e+00
5.789368390968848388e+01,3.833354283751718050e+00
5.791368962560731859e+01,4.074177603979330264e+00
5.793369534152615330e+01,3.982277210674681989e+00
5.795370105744498801e+01,4.207417805394531030e+00
5.797370677336382272e+01,3.907804559611884887e+00
5.799371248928265743e+01,3.761294820147732310e+00
5.801371820520149214e+01,3.605170452085497246e+00
5.803372392112031974e+01,2.727277775668392135e+00
5.805372963703915445e+01,3.721975974824457190e+00
5.807373535295798916e+01,4.383746709390448082e+00
5.809374106887682387e+01,3.466493376855867670e+00
5.811374678479565858e+01,2.991097528450180398e+00
5.813375250071449329e+01,3.246110222129340084e+00
5.815375821663332800e+01,3.564932597057453023e+00
5.817376393255216271e+01,3.619546190686224296e+00
5.819376964847099742e+01,3.008896696202401522e+00
5.821377536438982503e+01,3.402709745037477251e+00
5.823378108030865974e+01,3.751278055101354703e+00
5.825378679622749445e+01,3.155529692068231640e+00
5.827379251214632916e+01,3.739959997325874586e+00
5.829379822806516387e+01,3.583315849289645527e+00
5.831380394398399858e+01,3.939611426601297595e+00
5.833380965990283329e+01,3.310206818388664374e+00
5.835381537582166800e+01,3.868019370586520456e+00
5.837382109174050271e+01,4.364516734721011204e+00
5.839382680765933742e+01,4.202724663219442824e+00
5.841383252357816502e+01,4.016383319449399636e+00
5.843383823949699973e+01,3.964391019586255283e+00
5.845384395541583444e+01,4.238193304845792930e+00
5.847384967133466915e+01,4.221847590841115938e+00
5.849385538725350386e+01,3.601640505501145562e+00
5.851386110317233857e+01,4.360917405016216719e+00
5.853386681909117328e+01,4.828331843140662549e+00
5.855387253501000799e+01,4.579784051392064015e+00
5.857387825092884270e+01,5.367342863897162530e+00
5.859388396684767031e+01,5.964921670790809927e+00
5.861388968276650502e+01,6.058990768406791183e+00
5.863389539868533973e+01,5.838688663817201530e+00
5.865390111460417444e+01,6.303556459938059575e+00
5.867390683052300915e+01,7.547712813821602751e+00
5.869391254644184386e+01,7.651500745051910357e+00
5.871391826236067857e+01,8.075431826780857136e+00
5.873392397827951328e+01,8.757172736382555556e+00
5.875392969419834799e+01,8.372634110286352183e+00
5.877393541011717559e+01,9.589239647221253549e+00
5.879394112603601030e+01,9.104242218548963095e+00
5.881394684195484501e+01,1.033245555145149019e+01
5.883395255787367972e+01,1.026259111988496464e+01
5.885395827379251443e+01,1.017202787827383581e+01
5.887396398971134914e+01,9.743152711729395676e+00
5.889396970563018385e+01,1.089828881833756391e+01
5.891397542154901856e+01,1.073602084274023660e+01
5.893398113746785327e+01,1.059616955915412539e+01
5.895398685338668798e+01,1.062430931961261393e+01
5.897399256930551559e+01,9.167619237631200235e+00
5.899399828522435030e+01,9.273735539046302989e+00
5.901400400114318501e+01,8.569690108803031947e+00
5.903400971706201972e+01,9.045723033102687438e+00
5.905401543298085443e+01,7.706239340266618498e+00
5.907402114889968914e+01,7.717466986472585333e+00
5.909402686481852385e+01,7.221523022387831503e+00
5.911403258073735856e+01,6.370250426709251457e+00
5.913403829665619327e+01,6.535101411811768735e+00
5.915404401257502087e+01,5.371326583510699137e+00
5.917404972849385558e+01,5.463577649239878653e+00
5.919405544441269029e+01,5.605887304288426520e+00
5.921406116033152500e+01,4.674082114546024513e+00
5.923406687625035971e+01,4.247936820683202441e+00
5.925407259216919442e+01,3.806314420373445362e+00
5.927407830808802913e+01,3.999806097925219017e+00
5.929408402400686384e+01,3.864167288544151369e+00
5.931408973992569855e+01,3.959036391302440450e+00
5.933409545584453326e+01,4.115707199583954257e+00
5.935410117176336087e+01,4.014370616887557475e+00
5.937410688768219558e+01,3.791707168286042595e+00
5.939411260360103029e+01,3.089943395871591836e+00
5.941411831951986500e+01,3.782849777249468914e+00
5.943412403543869971e+01,3.626729120847927312e+00
5.945412975135753442e+01,3.765771199755949983e+00
5.947413546727636913e+01,3.103739314955066497e+00
5.949414118319520384e+01,3.043074155385468771e+00
5.951414689911403855e+01,3.539323405119755517e+00
5.953415261503286615e+01,2.995723476234707583e+00
5.955415833095170086e+01,3.120627640147329629e+00
5.957416404687053557e+01,3.194405661044371847e+00
5.959416976278937028e+01,3.545985822771136498e+00
5.961417547870820499e+01,3.174864805314447924e+00
5.963418119462703970e+01,3.367478281102306958e+00
5.965418691054587441e+01,3.789378184658676485e+00
5.967419262646470912e+01,3.133994812665202634e+00
5.969419834238354383e+01,3.451901303190035630e+00
5.971420405830237144e+01,3.339892724595181939e+00
5.973420977422120615e+01,3.430220278134362477e+00
5.975421549014004086e+01,2.789041326270833565e+00
5.977422120605887557e+01,2.807691088327109341e+00
5.979422692197771028e+01,3.763138592493665779e+00
5.981423263789654499e+01,3.147458681124072566e+00
5.983423835381537970e+01,3.563732653062760214e+00
5.985424406973421441e+01,3.669250414916300329e+00
5.987424978565304912e+01,4.181690036311497494e+00
5.989425550157188383e+01,2.999330299956590729e+00
5.991426121749071143e+01,3.264529188171155116e+00
5.993426693340954614e+01,3.361377730344050185e+00
5.995427264932838085e+01,4.320049117864061650e+00
5.997427836524721556e+01,3.237914305567026307e+00
5.999428408116605027e+01,3.486995755526218765e+00
6.001428979708488498e+01,3.327012270182351017e+00
6.003429551300371969e+01,4.088688091699629545e+00
6.005430122892255440e+01,3.279640230643875665e+00
6.007430694484138911e+01,3.522841457344410454e+00
6.009431266076021672e+01,3.407070982219870370e+00
6.011431837667905143e+01,3.901616878987837822e+00
6.013432409259788614e+01,3.737892469291314690e+00
6.015432980851672085e+01,3.208387996525022601e+00
6.017433552443555556e+01,3.223591701890466510e+00
6.019434124035439027e+01,3.684524309874692705e+00
6.021434695627322498e+01,4.081518524969402151e+00
6.023435267219205969e+01,3.013421197654481354e+00
6.025435838811089440e+01,3.772032042118366846e+00
6.027436410402972911e+01,3.105911856804877580e+00
6.029436981994855671e+01,3.963450079700514550e+00
6.031437553586739142e+01,4.137244348579192099e+00
6.033438125178622613e+01,3.660956139429079048e+00
6.035438696770506084e+01,3.115482694840371547e+00
6.037439268362389555e+01,3.806902461944482230e+00
6.039439839954273026e+01,3.711673113577233618e+00
6.041440411546156497e+01,3.513758679906504589e+00
6.043440983138039968e+01,4.170096840354395873e+00
6.045441554729923439e+01,4.224503326628463284e+00
6.047442126321806199e+01,3.503458573062768977e+00
6.049442697913689670e+01,4.140204628672618625e+00
6.051443269505573141e+01,4.298361978004778372e+00
6.053443841097456612e+01,4.050614980221959094e+00
6.055444412689340083e+01,3.604995843205063277e+00
6.057444984281223554e+01,4.506888600605991613e+00
6.059445555873107025e+01,4.609212454528925917e+00
6.061446127464990496e+01,4.013035944154487389e+00
6.063446699056873967e+01,3.643368834936442369e+00
6.065447270648756728e+01,3.635432594801818684e+00
6.067447842240640199e+01,4.360541192602254590e+00
6.069448413832523670e+01,3.954485808917236334e+00
6.071448985424407141e+01,3.859470154926158969e+00
6.073449557016290612e+01,4.157506327998007123e+00
6.075450128608174083e+01,4.796844500421880042e+00
6.077450700200057554e+01,4.516181462054253082e+00
6.079451271791941025e+01,5.383902703562026382e+00
6.081451843383824496e+01,4.793223380034213221e+00
6.083452414975707967e+01,5.038631607009607549e+00
6.085452986567590727e+01,4.750123019666707691e+00
6.087453558159474198e+01,5.850010747378786569e+00
6.089454129751357669e+01,5.285281991992339279e+00
6.091454701343241140e+01,5.755684352001814830e+00
6.093455272935124611e+01,6.280814588640185825e+00
6.095455844527008082e+01,6.301248855872140453e+00
6.097456416118891553e+01,6.527566048690934153e+00
6.099456987710775024e+01,7.461498874557200622e+00
6.101457559302658495e+01,7.370626067052848285e+00
6.103458130894541256e+01,7.213349813397256227e+00
6.105458702486424727e+01,7.427993600297158494e+00
6.107459274078308198e+01,7.610701845217764827e+00
6.109459845670191669e+01,7.796142987278329883e+00
6.111460417262075140e+01,8.060074475166940644e+00
6.113460988853958611e+01,7.854833120406260250e+00
6.115461560445842082e+01,8.623226187247750474e+00
6.117462132037725553e+01,8.612632173618560927e+00
6.119462703629609024e+01,8.518867918094333191e+00
6.121463275221492495e+01,8.677439531799905126e+00
6.123463846813375255e+01,8.782348775616423353e+00
6.125464418405258726e+01,8.692151407961606679e+00
6.127464989997142197e+01,8.213914762506703937e+00
6.129465561589025668e+01,7.567867237775636191e+00
6.131466133180909139e+01,7.441355863012356409e+00
6.133466704772792610e+01,7.580811711925406371e+00
6.135467276364676081e+01,7.489704817785019841e+00
6.137467847956559552e+01,6.966742714145544468e+00
6.139468419548443023e+01,7.197611542450056632e+00
6.141468991140325784e+01,7.279059433874693674e+00
6.143469562732209255e+01,6.541035371654066566e+00
6.145470134324092726e+01,5.994083110944428583e+00
6.147470705915976197e+01,6.430090989710349092e+00
6.149471277507859668e+01,6.372944959239527307e+00
6.151471849099743139e+01,5.279220946425496663e+00
6.153472420691626610e+01,5.542080516590258910e+00
6.155472992283510081e+01,5.180242924374758751e+00
6.157473563875393552e+01,5.871282826652859832e+00
6.159474135467276312e+01,5.846684507718121537e+00
6.161474707059159783e+01,6.349940147820753111e+00
6.163475278651043254e+01,5.875822686623155988e+00
6.165475850242926725e+01,5.898950736454628974e+00
6.167476421834810196e+01,7.226453002837619266e+00
6.169476993426693667e+01,7.059594943086025864e+00
6.171477565018577138e+01,6.975374972753694891e+00
6.173478136610460609e+01,7.735487096532684070e+00
6.175478708202344080e+01,7.222281332540525511e+00
6.177479279794227551e+01,8.929881836873921230e+00
6.179479851386110312e+01,9.466340526443200787e+00
6.181480422977993783e+01,9.031678915409933950e+00
6.183480994569877254e+01,8.953164067211657695e+00
6.185481566161760725e+01,1.040099528088548730e+01
6.187482137753644196e+01,9.643052389225635679e+00
6.189482709345527667e+01,9.935571741312852367e+00
6.191483280937411138e+01,1.036342250041188784e+01
6.193483852529294609e+01,1.037793845323763620e+01
6.195484424121178080e+01,1.009951851933635147e+01
6.197484995713060840e+01,1.059596245333203690e+01
6.199485567304944311e+01,9.749155959597715082e+00
6.201486138896827782e+01,9.150876561548331622e+00
6.203486710488711253e+01,9.864675704747371654e+00
6.205487282080594724e+01,9.015837768467807933e+00
6.207487853672478195e+01,8.442967619810660906e+00
6.209488425264361666e+01,7.703834858533217478e+00
6.211488996856245137e+01,8.478281040444112904e+00
6.213489568448128608e+01,6.464064184343892627e+00
6.215490140040011369e+01,7.154379721305192064e+00
6.217490711631894840e+01,5.751605272590706974e+00
6.219491283223778311e+01,5.416021911024963664e+00
6.221491854815661782e+01,5.198833367621840118e+00
6.223492426407545253e+01,4.847590442462087701e+00
6.225492997999428724e+01,5.278567586385454646e+00
6.227493569591312195e+01,4.673568734956810466e+00
6.229494141183195666e+01,5.112740442910567396e+00
6.231494712775079137e+01,4.201812149390075746e+00
6.233495284366962608e+01,3.993508173684102047e+00
6.235495855958845368e+01,3.951118012111945355e+00
6.237496427550728839e+01,3.898231250642202994e+00
6.239496999142612310e+01,4.583589239170332341e+00
6.241497570734495781e+01,4.053147194484085780e+00
6.243498142326379252e+01,3.860959124323599223e+00
6.245498713918262723e+01,4.824159681655467047e+00
6.247499285510146194e+01,4.114924497714258500e+00
6.249499857102029665e+01,3.756253241595746140e+00
6.251500428693913136e+01,4.660717822007471867e+00
6.253501000285795897e+01,4.276097889143233743e+00
6.255501571877679368e+01,3.991888028066142624e+00
6.257502143469562839e+01,4.207121947627767256e+00
6.259502715061446310e+01,4.130057243279417811e+00
6.261503286653329781e+01,4.601193054876627109e+00
6.263503858245213252e+01,5.504260603744880243e+00
6.265504429837096723e+01,4.633906115709383045e+00
6.267505001428980194e+01,5.591118504021643787e+00
6.269505573020863665e+01,5.063623202246294142e+00
6.271506144612747136e+01,5.992195584839372202e+00
6.273506716204629896e+01,5.854001875960117118e+00
6.275507287796513367e+01,6.040655961571713917e+00
6.277507859388396838e+01,6.110478245164886246e+00
6.279508430980280309e+01,7.052512124606561628e+00
6.281509002572163780e+01,7.137139517900379815e+00
6.283509574164047251e+01,6.973423190043671838e+00
6.285510145755930722e+01,8.316862515980071535e+00
6.287510717347814193e+01,7.994762700960745150e+00
6.289511288939697664e+01,8.789994277677660506e+00
6.291511860531580425e+01,9.109815087126769129e+00
6.293512432123463896e+01,1.033342235933645092e+01
6.295513003715347367e+01,1.036903930720031042e+01
6.297513575307230838e+01,1.078968015691695115e+01
6.299514146899114309e+01,1.094862244383361016e+01
6.301514718490997780e+01,1.129347912931660503e+01
6.303515290082881251e+01,1.172201788573357462e+01
6.305515861674764722e+01,1.188557602888146825e+01
6.307516433266648193e+01,1.189382925350893849e+01
6.309517004858530953e+01,1.170523657989839528e+01
6.311517576450414424e+01,1.208398220913494825e+01
6.313518148042297895e+01,1.187612884679363923e+01
6.315518719634181366e+01,1.199710250937877731e+01
6.317519291226064837e+01,1.111551400539508094e+01
6.319519862817948308e+01,1.037804276639595003e+01
6.321520434409831779e+01,1.039438772967570657e+01
6.323521006001715250e+01,1.051810784032907087e+01
6.325521577593598721e+01,8.948418783395162279e+00
6.327522149185482192e+01,8.246296057304853377e+00
6.329522720777364952e+01,8.198851056413895222e+00
6.331523292369248423e+01,7.300474802807028318e+00
6.333523863961131894e+01,7.224192067577151377e+00
6.335524435553015365e+01,7.250914761023310895e+00
6.337525007144898836e+01,5.875432219201989881e+00
6.339525578736782307e+01,5.143334406549596061e+00
6.341526150328665778e+01,5.182195727205996860e+00
6.343526721920549249e+01,5.366094268318274629e+00
6.345527293512432720e+01,4.803042133471717712e+00
6.347527865104315481e+01,4.441001624751886645e+00
6.349528436696198952e+01,4.458177916666373086e+00
6.351529008288082423e+01,5.120861845240126442e+00
6.353529579879965894e+01,4.907068103027640404e+00
6.355530151471849365e+01,3.911921935752145529e+00
6.357530723063732836e+01,4.744487861122860473e+00
6.359531294655616307e+01,3.536001222422325618e+00
6.361531866247499778e+01,4.511068655841620867e+00
6.363532437839383249e+01,3.877090121236304476e+00
6.365533009431266720e+01,4.011985285958301617e+00
6.367533581023149480e+01,3.859378888184177292e+00
6.369534152615032951e+01,3.782305173727260161e+00
6.371534724206916422e+01,3.646744131994003268e+00
6.373535295798799893e+01,4.344868195737875638e+00
6.375535867390683364e+01,4.428929341475878800e+00
6.377536438982566835e+01,3.653166481371098673e+00
6.379537010574450306e+01,3.508191965924400080e+00
6.381537582166333777e+01,3.868232555775848347e+00
6.383538153758217248e+01,3.623616109879034486e+00
6.385538725350100009e+01,3.283172995587350318e+00
6.387539296941983480e+01,3.421337005618078742e+00
6.389539868533866951e+01,3.283830876379286501e+00
6.391540440125750422e+01,2.913798892574564370e+00
6.393541011717633893e+01,4.202619078025726651e+00
6.395541583309517364e+01,3.516598871245316449e+00
6.397542154901400835e+01,4.324555538996987636e+00
6.399542726493284306e+01,3.630611318071125471e+00
6.401543298085167066e+01,3.474173718403370970e+00
6.403543869677051248e+01,3.744876159340742916e+00
6.405544441268934008e+01,3.837562776680645271e+00
6.407545012860816769e+01,4.066658106658548100e+00
6.409545584452700950e+01,3.545574967738772454e+00
6.411546156044585132e+01,4.354752095486710495e+00
6.413546727636467892e+01,3.127314123873689233e+00
6.415547299228350653e+01,4.285457717686118606e+00
6.417547870820234834e+01,3.601380668237175620e+00
6.419548442412119016e+01,3.983466285798923590e+00
6.421549014004001776e+01,3.886883745373921784e+00
6.423549585595884537e+01,4.077937203190402649e+00
6.425550157187768718e+01,3.217189090034075605e+00
6.427550728779651479e+01,4.674411110598587271e+00
6.429551300371534239e+01,3.836683917202804217e+00
6.431551871963418421e+01,4.241789015413717223e+00
6.433552443555302602e+01,3.964654966360323662e+00
6.435553015147185363e+01,4.766162026694722442e+00
6.437553586739068123e+01,3.642736788863893960e+00
6.439554158330952305e+01,4.656296672420536353e+00
6.441554729922835065e+01,5.173091467509965291e+00
6.443555301514717826e+01,4.862369099272933148e+00
6.445555873106602007e+01,4.587853111895562108e+00
6.447556444698486189e+01,5.080286379814689113e+00
6.449557016290368949e+01,4.779006415321175538e+00
6.451557587882251710e+01,5.362313895798559216e+00
6.453558159474135891e+01,5.697473077329458846e+00
6.455558731066020073e+01,4.900338973379038343e+00
6.457559302657902833e+01,5.770087139313968549e+00
6.459559874249785594e+01,5.359316419257241115e+00
6.461560445841669775e+01,5.426759020265586209e+00
6.463561017433552536e+01,5.726117294565463034e+00
6.465561589025435296e+01,4.693219503292816341e+00
6.467562160617319478e+01,5.202718033054225089e+00
6.469562732209203659e+01,6.112310545402580786e+00
6.471563303801086420e+01,5.547766954628426284e+00
6.473563875392969180e+01,5.133711022767677434e+00
6.475564446984853362e+01,5.086679749121550742e+00
6.477565018576737543e+01,5.725490880814048111e+00
6.479565590168618883e+01,5.303292537715785571e+00
6.481566161760503064e+01,5.155617128317878439e+00
6.483566733352387246e+01,5.206811135256815604e+00
6.485567304944270006e+01,4.980834299161223555e+00
6.487567876536152767e+01,4.878035977745181384e+00
6.489568448128036948e+01,4.514009531061843994e+00
6.491569019719921130e+01,4.970581290393538687e+00
6.493569591311803890e+01,3.948341963005880473e+00
6.495570162903686651e+01,4.727557527847847219e+00
6.497570734495570832e+01,4.363240580950668246e+00
6.499571306087453593e+01,4.443443985177661482e+00
6.501571877679336353e+01,4.050178199915121624e+00
6.503572449271220535e+01,4.851290303171908569e+00
6.505573020863104716e+01,4.322645434824256228e+00
6.507573592454987477e+01,4.150192536791671216e+00
6.509574164046870237e+01,3.805569619730580833e+00
6.511574735638754419e+01,4.077048333966961202e+00
6.513575307230638600e+01,4.100015297820307936e+00
6.515575878822521361e+01,3.397767449477156809e+00
6.517576450414404121e+01,3.067531666164645010e+00
6.519577022006288303e+01,3.087793698255341557e+00
6.521577593598171063e+01,4.530102044750133672e+00
6.523578165190053824e+01,3.808982213269686223e+00
6.525578736781938005e+01,4.018507154913639745e+00
6.527579308373822187e+01,3.511865250547523409e+00
6.529579879965704947e+01,3.846094086450299265e+00
6.531580451557587708e+01,3.375607277797729289e+00
6.533581023149471889e+01,4.200020253175081208e+00
6.535581594741354650e+01,2.718958793434834043e+00
6.537582166333237410e+01,3.476854291317957646e+00
6.539582737925121592e+01,4.206745387915042045e+00
6.541583309517005773e+01,3.223432294137067000e+00
6.543583881108888534e+01,3.113092945188874250e+00
6.545584452700771294e+01,3.817654150840664506e+00
6.547585024292655476e+01,3.385309833820207004e+00
6.549585595884539657e+01,2.858523503912810515e+00
6.551586167476422418e+01,2.755933854011887174e+00
6.553586739068305178e+01,3.660739688076456222e+00
6.555587310660189360e+01,2.604725452484291548e+00
6.557587882252072120e+01,3.310194541430819370e+00
6.559588453843954881e+01,3.639252392684748649e+00
6.561589025435839062e+01,3.699737552806366736e+00
6.563589597027723244e+01,3.447180851609411789e+00
6.565590168619606004e+01,3.219876902617824221e+00
6.567590740211488765e+01,3.199693350407120107e+00
6.569591311803372946e+01,3.766107706484503215e+00
6.571591883395257128e+01,3.398389370141180699e+00
6.573592454987138467e+01,3.197639434045989493e+00
6.575593026579022649e+01,2.773108373773424340e+00
6.577593598170906830e+01,3.311258343031227014e+00
6.579594169762789591e+01,3.364849065488344060e+00
6.581594741354672351e+01,3.806481348462944059e+00
6.583595312946556533e+01,2.659517322172609610e+00
6.585595884538440714e+01,3.791090574098928467e+00
6.587596456130323475e+01,3.062609969304478597e+00
6.589597027722206235e+01,3.313644277825578577e+00
6.591597599314090417e+01,3.525631402526661073e+00
6.593598170905973177e+01,4.046651721689999093e+00
6.595598742497855937e+01,3.996077869287208095e+00
6.597599314089740119e+01,3.606915669698573357e+00
6.599599885681624301e+01,3.520383466065296396e+00
6.601600457273507061e+01,3.370537928387890680e+00
6.603601028865389821e+01,3.535137967324821773e+00
6.605601600457274003e+01,3.411015035247169980e+00
6.607602172049158185e+01,3.497256315883845446e+00
6.609602743641040945e+01,2.828201423717825236e+00
6.611603315232923705e+01,3.442167838450542749e+00
6.613603886824807887e+01,3.267858161137528583e+00
6.615604458416690647e+01,3.122867231323554371e+00
6.617605030008573408e+01,2.836842726677756499e+00
6.619605601600457589e+01,3.230512718410283757e+00
6.621606173192341771e+01,3.303983242993346003e+00
6.623606744784224531e+01,3.097656720071935155e+00
6.625607316376107292e+01,3.772322088139608454e+00
6.627607887967991473e+01,3.025622269004987430e+00
6.629608459559874234e+01,3.393128553355847732e+00
6.631609031151756994e+01,3.517686197899729805e+00
6.633609602743641176e+01,3.001297410418868772e+00
6.635610174335525357e+01,2.876358378376521419e+00
6.637610745927408118e+01,3.240846594202099862e+00
6.639611317519290878e+01,3.144687698689514921e+00
6.641611889111175060e+01,3.198453714019082739e+00
6.643612460703059241e+01,3.205920066293578063e+00
6.645613032294942002e+01,3.196859936632277854e+00
6.647613603886824762e+01,3.100044687156070289e+00
6.649614175478708944e+01,3.525756298148856160e+00
6.651614747070591704e+01,2.862392675241687723e+00
6.653615318662474465e+01,3.059122509010758773e+00
6.655615890254358646e+01,3.632111367942850499e+00
6.657616461846242828e+01,2.998627962147418113e+00
6.659617033438125588e+01,3.230841454115796374e+00
6.661617605030008349e+01,3.530689827681514625e+00
6.663618176621892530e+01,3.139031035807775538e+00
6.665618748213776712e+01,3.900314494138626742e+00
6.667619319805658051e+01,3.924987516254452302e+00
6.669619891397542233e+01,3.496525636340146903e+00
6.671620462989426414e+01,2.719098314728787269e+00
6.673621034581309175e+01,3.380830467769320613e+00
6.675621606173191935e+01,2.947070202974475972e+00
6.677622177765076117e+01,3.385686960253725619e+00
6.679622749356960298e+01,3.293013441958775989e+00
6.681623320948843059e+01,3.507165876035967855e+00
6.683623892540725819e+01,2.750103408555542028e+00
6.685624464132610001e+01,3.331135814574529341e+00
6.687625035724492761e+01,3.379729252094753278e+00
6.689625607316375522e+01,3.465958175428641930e+00
6.691626178908259703e+01,3.383560607128930808e+00
6.693626750500143885e+01,2.570543966277657688e+00
6.695627322092026645e+01,4.033591322909995114e+00
6.697627893683909406e+01,3.261830430113644930e+00
6.699628465275793587e+01,3.224030930240125326e+00
6.701629036867677769e+01,3.829815309509275956e+00
6.703629608459560529e+01,3.313118972084962088e+00
6.705630180051443290e+01,3.658164306234310104e+00
6.707630751643327471e+01,4.091558389286327646e+00
6.709631323235210232e+01,4.134913645870558874e+00
6.711631894827092992e+01,2.780256533029299870e+00
6.713632466418977174e+01,3.117496253105194626e+00
6.715633038010861355e+01,2.994569779422790123e+00
6.717633609602744116e+01,3.739496757615936140e+00
6.719634181194626876e+01,4.131144369406582584e+00
6.721634752786511058e+01,3.238384483911397105e+00
6.723635324378393818e+01,3.054692025682955503e+00
6.725635895970276579e+01,3.859978615529098267e+00
6.727636467562160760e+01,4.188628498311862458e+00
6.729637039154044942e+01,3.333372786070972094e+00
6.731637610745927702e+01,2.930682287604230218e+00
6.733638182337810463e+01,3.183990272452061898e+00
6.735638753929694644e+01,3.641312314520204652e+00
6.737639325521578826e+01,3.432465138560328199e+00
6.739639897113461586e+01,2.668703017591744775e+00
6.741640468705344347e+01,3.396881861932783853e+00
6.743641040297228528e+01,3.505235362874088878e+00
6.745641611889111289e+01,3.540516646994343652e+00
6.747642183480994049e+01,2.791293871364138646e+00
6.749642755072878231e+01,2.760467044136582615e+00
6.751643326664762412e+01,3.362724032771077454e+00
6.753643898256645173e+01,3.570858662965737729e+00
6.755644469848527933e+01,3.789114604307543210e+00
6.757645041440412115e+01,3.062724603705777149e+00
6.759645613032296296e+01,3.272144898393768209e+00
6.761646184624177636e+01,3.235024605032000178e+00
6.763646756216061817e+01,3.090103309315013203e+00
6.765647327807945999e+01,3.936797718923638278e+00
6.767647899399828759e+01,3.167610605446600225e+00
6.769648470991711520e+01,3.207202553081053953e+00
6.771649042583595701e+01,3.323105205390643135e+00
6.773649614175479883e+01,3.070818531205314450e+00
6.775650185767362643e+01,3.002881482206680275e+00
6.777650757359245404e+01,3.781195834015075530e+00
6.779651328951129585e+01,2.727567176678990180e+00
6.781651900543012346e+01,3.108178479248348225e+00
6.783652472134895106e+01,3.711115266652917022e+00
6.785653043726779288e+01,3.565529996635070198e+00
6.787653615318663469e+01,3.576806209952114735e+00
6.789654186910546230e+01,3.227599802131078999e+00
6.791654758502428990e+01,3.453177017147825545e+00
6.793655330094313172e+01,3.773607103683100039e+00
6.795655901686197353e+01,3.319700488665869642e+00
6.797656473278080114e+01,3.001036251617497985e+00
6.799657044869962874e+01,3.231349021691384493e+00
6.801657616461847056e+01,3.043251736737923707e+00
6.803658188053729816e+01,3.721734937193788006e+00
6.805658759645612577e+01,3.840624494288229940e+00
6.807659331237496758e+01,2.664839048791003417e+00
6.809659902829380940e+01,3.333135046126736611e+00
6.811660474421263700e+01,3.014715803620952261e+00
6.813661046013146461e+01,3.833811382772406517e+00
6.815661617605030642e+01,4.194566645687856976e+00
6.817662189196913403e+01,3.348523332412134845e+00
6.819662760788796163e+01,3.323946618934455532e+00
6.821663332380680345e+01,3.286773671599289681e+00
6.823663903972564526e+01,3.421111519595945172e+00
6.825664475564447287e+01,3.459154721285785605e+00
6.827665047156330047e+01,3.459714233111961690e+00
6.829665618748214229e+01,3.759071426041256991e+00
6.831666190340098410e+01,3.834772454744039383e+00
6.833666761931981171e+01,3.354311242479893984e+00
6.835667333523863931e+01,3.909776690910177877e+00
6.837667905115748113e+01,3.353376442001910540e+00
6.839668476707630873e+01,3.643185960935253043e+00
6.841669048299513634e+01,3.190807341980301359e+00
6.843669619891397815e+01,3.654903757861854618e+00
6.845670191483281997e+01,3.718412051961529130e+00
6.847670763075164757e+01,3.391168363856964962e+00
6.849671334667047518e+01,4.085131574604295324e+00
6.851671906258931699e+01,4.159521589499842520e+00
6.853672477850815881e+01,4.725171544843211002e+00
6.855673049442697220e+01,3.261858611211634784e+00
6.857673621034581402e+01,3.704876713383903564e+00
6.859674192626465583e+01,4.339268711628667674e+00
6.861674764218348344e+01,3.905796988413690052e+00
6.863675335810231104e+01,4.147938866148950687e+00
6.865675907402115286e+01,5.029884773025788292e+00
6.867676478993999467e+01,4.544088250253105699e+00
6.869677050585882228e+01,4.355441684383383638e+00
6.871677622177764988e+01,4.438331203200609920e+00
6.873678193769649170e+01,4.975467685388498928e+00
6.875678765361531930e+01,4.703829086815887628e+00
6.877679336953414690e+01,5.289354609010384678e+00
6.879679908545298872e+01,5.258317609504757684e+00
6.881680480137183054e+01,5.735170590260295853e+00
6.883681051729065814e+01,5.671507964063947860e+00
6.885681623320948574e+01,5.993759234188336116e+00
6.887682194912832756e+01,6.703305938138303333e+00
6.889682766504716938e+01,6.452038344064238373e+00
6.891683338096599698e+01,7.835607970850898774e+00
6.893683909688482458e+01,7.418122737759157204e+00
6.895684481280366640e+01,7.074286666082397090e+00
6.897685052872249400e+01,8.044421515821266411e+00
6.899685624464132161e+01,8.655073290011269904e+00
6.901686196056016342e+01,8.764296668616402997e+00
6.903686767647900524e+01,8.437241002158769376e+00
6.905687339239783284e+01,7.809160999375260204e+00
6.907687910831666045e+01,8.518051684692629522e+00
6.909688482423550226e+01,8.479184603452903701e+00
6.911689054015432987e+01,9.028094483627471689e+00
6.913689625607315747e+01,9.397402847889807731e+00
6.915690197199199929e+01,9.323714605216625984e+00
6.917690768791084110e+01,9.934048084286523306e+00
6.919691340382966871e+01,9.106191925069355264e+00
6.921691911974849631e+01,9.773663752892058909e+00
6.923692483566733813e+01,8.707048103005423201e+00
6.925693055158617994e+01,1.041805658411912816e+01
6.927693626750500755e+01,1.022063436296749295e+01
6.929694198342383515e+01,9.844529537401825792e+00
6.931694769934267697e+01,1.002389228851821912e+01
6.933695341526150457e+01,9.866359509040727005e+00
6.935695913118033218e+01,1.077642678508100182e+01
6.937696484709917399e+01,9.322850766741865414e+00
6.939697056301801581e+01,9.432641138301754324e+00
6.941697627893684341e+01,9.945221498906620994e+00
6.943698199485567102e+01,9.903075035308660290e+00
6.945698771077451283e+01,8.890510911144906103e+00
6.947699342669335465e+01,8.292039772496806904e+00
6.949699914261216804e+01,8.624521712105767790e+00
6.951700485853100986e+01,8.872414880100652823e+00
6.953701057444985167e+01,8.235487348002036967e+00
6.955701629036867928e+01,7.216997907468234885e+00
6.957702200628750688e+01,6.748788196438033182e+00
6.959702772220634870e+01,6.731448236297279841e+00
6.961703343812519051e+01,5.845094236010904609e+00
6.963703915404401812e+01,5.975573064423817193e+00
6.965704486996284572e+01,4.587316430606048101e+00
6.967705058588168754e+01,4.976682914855876660e+00
6.969705630180051514e+01,4.920216947605731583e+00
6.971706201771934275e+01,4.555537776586046306e+00
6.973706773363818456e+01,4.478273940034016576e+00
6.975707344955702638e+01,3.745786656177947371e+00
6.977707916547585398e+01,4.963196152610843015e+00
6.979708488139468159e+01,5.035274966112054607e+00
6.981709059731352340e+01,4.298049698106419569e+00
6.983709631323236522e+01,4.588700703794818203e+00
6.985710202915119282e+01,4.351392415584081519e+00
6.987710774507002043e+01,4.520492375179666844e+00
6.989711346098886224e+01,4.378026414206014572e+00
6.991711917690768985e+01,4.318488343522378869e+00
6.993712489282651745e+01,3.873594122797686889e+00
6.995713060874535927e+01,3.822698317329864981e+00
6.997713632466420108e+01,2.979360197580741776e+00
6.999714204058302869e+01,3.700239308173521202e+00
7.001714775650185629e+01,3.664952214286080867e+00
7.003715347242069811e+01,4.043317765375687323e+00
7.005715918833952571e+01,3.349203715302403239e+00
7.007716490425835332e+01,4.014629192792900092e+00
7.009717062017719513e+01,3.930002604572371716e+00
7.011717633609603695e+01,4.553899612747297709e+00
7.013718205201486455e+01,3.620657564920004123e+00
7.015718776793369216e+01,3.453611112342914957e+00
7.017719348385253397e+01,3.964047205073611746e+00
7.019719919977137579e+01,4.105224327486387992e+00
7.021720491569020339e+01,2.750076945532593964e+00
7.023721063160903100e+01,3.528160017725294750e+00
7.025721634752787281e+01,3.338079698790448191e+00
7.027722206344670042e+01,3.217379275664031368e+00
7.029722777936552802e+01,3.680721832670969640e+00
7.031723349528436984e+01,3.253907405361183613e+00
7.033723921120321165e+01,3.392461169548637301e+00
7.035724492712203926e+01,3.439047792228754563e+00
7.037725064304086686e+01,4.072028536543729871e+00
7.039725635895970868e+01,2.989545746318644781e+00
7.041726207487855049e+01,3.414886239094372833e+00
7.043726779079736389e+01,3.997686855848486154e+00
7.045727350671620570e+01,3.973206089506877703e+00
7.047727922263504752e+01,3.840394493161469303e+00
7.049728493855387512e+01,3.383362445129040275e+00
7.051729065447270273e+01,3.032438631952868224e+00
7.053729637039154454e+01,3.208417366849561247e+00
7.055730208631038636e+01,3.826983510119538856e+00
7.057730780222921396e+01,3.531191716768972366e+00
7.059731351814804157e+01,3.332606825644803816e+00
7.061731923406688338e+01,3.652294827531850974e+00
7.063732494998571099e+01,2.640979792763737066e+00
7.065733066590453859e+01,4.002916389036454525e+00
7.067733638182338041e+01,3.590251955984527843e+00
7.069734209774222222e+01,2.802170282991881312e+00
7.071734781366104983e+01,4.040794865907444411e+00
7.073735352957987743e+01,3.569225458474648338e+00
7.075735924549871925e+01,2.788416301838125388e+00
7.077736496141756106e+01,3.476122798753050525e+00
7.079737067733638867e+01,3.518482085187618402e+00
7.081737639325521627e+01,3.447672623887930055e+00
7.083738210917405809e+01,3.319549007327510903e+00
7.085738782509288569e+01,3.527940334611010087e+00
7.087739354101171330e+01,3.573174977002627983e+00
7.089739925693055511e+01,3.239246227820737012e+00
7.091740497284939693e+01,3.106907475873244007e+00
7.093741068876822453e+01,3.198501551212161065e+00
7.095741640468705214e+01,3.351774753705421439e+00
7.097742212060589395e+01,3.169578102278642007e+00
7.099742783652472156e+01,3.745847701580511391e+00
7.101743355244354916e+01,3.290035798772214193e+00
7.103743926836239098e+01,3.053340558812746242e+00
7.105744498428123279e+01,3.358930731010262960e+00
7.107745070020006040e+01,3.669982597542276181e+00
7.109745641611888800e+01,3.645145200736356728e+00
7.111746213203772982e+01,3.078395406692151504e+00
7.113746784795657163e+01,3.360697724124376506e+00
7.115747356387539924e+01,3.118220514589567394e+00
7.117747927979422684e+01,3.543929248071718607e+00
7.119748499571306866e+01,3.145117564232977614e+00
7.121749071163189626e+01,3.468443714148605750e+00
7.123749642755072387e+01,3.504235042774082487e+00
7.125750214346956568e+01,3.223130653243464483e+00
7.127750785938840750e+01,2.755153909181766281e+00
7.129751357530723510e+01,3.885607138598275778e+00
7.131751929122606271e+01,3.313063157914838186e+00
7.133752500714490452e+01,3.544563923724705745e+00
7.135753072306374634e+01,4.005906671351935344e+00
7.137753643898255973e+01,3.166855299180734828e+00
7.139754215490140155e+01,3.607400706522311040e+00
7.141754787082024336e+01,3.684496948296855034e+00
7.143755358673907097e+01,3.571796770231198348e+00
7.145755930265789857e+01,3.321328089712121123e+00
7.147756501857674039e+01,3.565986063901126712e+00
7.149757073449558220e+01,3.141767318309746759e+00
7.151757645041440981e+01,4.120989346185343294e+00
7.153758216633323741e+01,3.099403666021655734e+00
7.155758788225207923e+01,3.529177632736873349e+00
7.157759359817090683e+01,3.357261955414543309e+00
7.159759931408973443e+01,2.924358188820342264e+00
7.161760503000857625e+01,3.846623290386520733e+00
7.163761074592741807e+01,4.090341778477262658e+00
7.165761646184624567e+01,3.145020562738944925e+00
7.167762217776507327e+01,3.258798445121690701e+00
7.169762789368391509e+01,3.308494389946787351e+00
7.171763360960275691e+01,3.741031591527146816e+00
7.173763932552158451e+01,3.352138804436427755e+00
7.175764504144041211e+01,3.504246158886752838e+00
7.177765075735925393e+01,3.298009593254648930e+00
7.179765647327808153e+01,3.635926901771362019e+00
7.181766218919690914e+01,3.088335238082846601e+00
7.183766790511575095e+01,2.581781878190142709e+00
7.185767362103459277e+01,2.756594234758035000e+00
7.187767933695342037e+01,4.277705732896472490e+00
7.189768505287224798e+01,3.258482124599030083e+00
7.191769076879108979e+01,2.970265393369721618e+00
7.193769648470991740e+01,3.276478814108252369e+00
7.195770220062874500e+01,3.707961164101288176e+00
7.197770791654758682e+01,3.398926421602043391e+00
7.199771363246642863e+01,3.227644876502413052e+00
7.201771934838525624e+01,3.368852197048611607e+00
7.203772506430408384e+01,4.286840249699153560e+00
7.205773078022292566e+01,3.769652616740231998e+00
7.207773649614176747e+01,3.920338201423785751e+00
7.209774221206059508e+01,4.492546367374243843e+00
7.211774792797942268e+01,3.363672778904826188e+00
7.213775364389826450e+01,4.448801540818265288e+00
7.215775935981709210e+01,4.308542034149088984e+00
7.217776507573591971e+01,3.196087251675508778e+00
7.219777079165476152e+01,4.304277757275517757e+00
7.221777650757360334e+01,3.013072934614217768e+00
7.223778222349243094e+01,3.673937538183306817e+00
7.225778793941125855e+01,2.930562868977963475e+00
7.227779365533010036e+01,4.303323185548784124e+00
7.229779937124894218e+01,3.927031274824520857e+00
7.231780508716775557e+01,3.108041561662711949e+00
7.233781080308659739e+01,3.340735071539171930e+00
7.235781651900543920e+01,3.096481477233588908e+00
7.237782223492426681e+01,2.982359382500555878e+00
7.239782795084309441e+01,3.640651755485905028e+00
7.241783366676193623e+01,3.239686238260063966e+00
7.243783938268077804e+01,3.218857824731515826e+00
7.245784509859960565e+01,3.382169922593508016e+00
7.247785081451843325e+01,3.110534026270480368e+00
7.249785653043727507e+01,3.516965803309569871e+00
7.251786224635610267e+01,3.731664390263924602e+00
7.253786796227493028e+01,2.818460765058128370e+00
7.255787367819377209e+01,3.349883717911442460e+00
7.257787939411261391e+01,2.677040031844026835e+00
7.259788511003144151e+01,3.315154692542178427e+00
7.261789082595026912e+01,3.613735333522195781e+00
7.263789654186911093e+01,3.283624015190024448e+00
7.265790225778795275e+01,2.801497140488630411e+00
7.267790797370678035e+01,3.776996122020704227e+00
7.269791368962560796e+01,3.755161347714207842e+00
7.271791940554444977e+01,3.029097947464337359e+00
7.273792512146327738e+01,2.607306809283290505e+00
7.275793083738210498e+01,3.978813271962276854e+00
7.277793655330094680e+01,3.099798346295040918e+00
7.279794226921978861e+01,2.977078011446781858e+00
7.281794798513861622e+01,2.838151924494894729e+00
7.283795370105744382e+01,3.152023858035714277e+00
7.285795941697628564e+01,2.976269552300914167e+00
7.287796513289511324e+01,3.881674640136734578e+00
7.289797084881394085e+01,2.872935655742379524e+00
7.291797656473278266e+01,3.574669744713255604e+00
7.293798228065162448e+01,3.867271904464941734e+00
7.295798799657045208e+01,3.130655904371275167e+00
7.297799371248927969e+01,3.287590610048403139e+00
7.299799942840812150e+01,3.483961995285104418e+00
7.301800514432696332e+01,3.327783139959699099e+00
7.303801086024579092e+01,3.350124906546341208e+00
7.305801657616461853e+01,2.684187349903168318e+00
7.307802229208346034e+01,3.464626798234779148e+00
7.309802800800228795e+01,3.953078071784739134e+00
7.311803372392111555e+01,3.267207236453814723e+00
7.313803943983995737e+01,3.084223143008911538e+00
7.315804515575879918e+01,3.851323567633889944e+00
7.317805087167762679e+01,3.342382741045801797e+00
7.319805658759645439e+01,3.544946571515430467e+00
7.321806230351529621e+01,3.500643776210147884e+00
7.323806801943413802e+01,3.397535954863363905e+00
7.325807373535295142e+01,3.500417305867891571e+00
7.327807945127179323e+01,4.091791287777171604e+00
7.329808516719063505e+01,3.911845817680571713e+00
7.331809088310946265e+01,3.401787103253967715e+00
7.333809659902829026e+01,3.379839332257521978e+00
7.335810231494713207e+01,3.969469527083728799e+00
7.337810803086597389e+01,4.041724835927780646e+00
7.339811374678480149e+01,3.439106727863017188e+00
7.341811946270362910e+01,3.308536108229818140e+00
7.343812517862247091e+01,4.182585077935934592e+00
7.345813089454129852e+01,3.456838762283421129e+00
7.347813661046012612e+01,3.909086466278598682e+00
7.349814232637896794e+01,4.525179911216714146e+00
7.351814804229780975e+01,3.867614001045305283e+00
7.353815375821663736e+01,4.500193632034173774e+00
7.355815947413546496e+01,3.997038335840643164e+00
7.357816519005430678e+01,4.122021029751207877e+00
7.359817090597314859e+01,4.476908635423739291e+00
7.361817662189197620e+01,3.949941449705684171e+00
7.363818233781080380e+01,4.244056256896528545e+00
7.365818805372964562e+01,4.892438317018779514e+00
7.367819376964847322e+01,3.649577612856735875e+00
7.369819948556730083e+01,4.628222080050585774e+00
7.371820520148614264e+01,4.532014769965063472e+00
7.373821091740498446e+01,4.106254173536827423e+00
7.375821663332381206e+01,5.081286333539248190e+00
7.377822234924263967e+01,4.349763838844967090e+00
7.379822806516148148e+01,4.943369176878969817e+00
7.381823378108030909e+01,4.963928180900033738e+00
7.383823949699913669e+01,4.743483008651449673e+00
7.385824521291797851e+01,5.092186558419836473e+00
7.387825092883682032e+01,5.741255606610726758e+00
7.389825664475564793e+01,4.846948914034832079e+00
7.391826236067447553e+01,5.411817566720947603e+00
7.393826807659331735e+01,4.848166414580223460e+00
7.395827379251215916e+01,4.850886196528427341e+00
7.397827950843098677e+01,4.402895677668213992e+00
7.399828522434981437e+01,5.424356456551675976e+00
7.401829094026865619e+01,4.432474032690673305e+00
7.403829665618748379e+01,4.624345211390510357e+00
7.405830237210632561e+01,4.320124275240130096e+00
7.407830808802515321e+01,3.773890198089299375e+00
7.409831380394398082e+01,4.333024995181089523e+00
7.411831951986282263e+01,3.680088296612688215e+00
7.413832523578165024e+01,4.057147393326431484e+00
7.415833095170049205e+01,3.651053866794856884e+00
7.417833666761931966e+01,3.070514642601327449e+00
7.419834238353816147e+01,4.303479270721609851e+00
7.421834809945698908e+01,3.856998916356359608e+00
7.423835381537583089e+01,3.101118780189812796e+00
7.425835953129465850e+01,4.052140572639851612e+00
7.427836524721348610e+01,4.129380259943304488e+00
7.429837096313232792e+01,3.504743273482165744e+00
7.431837667905115552e+01,3.402227764634065288e+00
7.433838239496999734e+01,3.974056894559775621e+00
7.435838811088882494e+01,3.491934468845419914e+00
7.437839382680766676e+01,2.644620353232253418e+00
7.439839954272649436e+01,3.172202875487499796e+00
7.441840525864533618e+01,4.169023186770203004e+00
7.443841097456416378e+01,3.306617350850948878e+00
7.445841669048300560e+01,3.317286523476579152e+00
7.447842240640183320e+01,3.397613019800578726e+00
7.449842812232066080e+01,3.240249052643159988e+00
7.451843383823950262e+01,3.452320738058260119e+00
7.453843955415833022e+01,3.462688944979772643e+00
7.455844527007717204e+01,3.268753069390279986e+00
7.457845098599599964e+01,3.549998050941248096e+00
7.459845670191484146e+01,3.629640277506809731e+00
7.461846241783366906e+01,4.422806171997391900e+00
7.463846813375251088e+01,3.614951427958324359e+00
7.465847384967133848e+01,3.558402968014553025e+00
7.467847956559016609e+01,3.803645478134225488e+00
7.469848528150900790e+01,3.562599934665253265e+00
7.471849099742783551e+01,2.863078513553415139e+00
7.473849671334667732e+01,4.213765160762787509e+00
7.475850242926550493e+01,3.680640305129285306e+00
7.477850814518434674e+01,3.633350349628908127e+00
7.479851386110317435e+01,3.923126307403283164e+00
7.481851957702201616e+01,4.133587180175043230e+00
7.483852529294084377e+01,3.666209393765607061e+00
7.485853100885967137e+01,3.618664803458040424e+00
7.487853672477851319e+01,2.961313883433442040e+00
7.489854244069734079e+01,3.964333926585359880e+00
7.491854815661618261e+01,4.079978791785219272e+00
7.493855387253501021e+01,3.991866653339436244e+00
7.495855958845385203e+01,3.697426287732082706e+00
7.497856530437267963e+01,3.782236731397895291e+00
7.499857102029152145e+01,3.703388427044622233e+00
7.501857673621034905e+01,4.071234479288759367e+00
7.503858245212917666e+01,3.585507235986407526e+00
7.505858816804801847e+01,4.333671185030183892e+00
7.507859388396684608e+01,3.834503107879385642e+00
7.509859959988568789e+01,4.155490995800735554e+00
7.511860531580451550e+01,4.868960843190403232e+00
7.513861103172335731e+01,4.419000253539108414e+00
7.515861674764218492e+01,5.186604296727758801e+00
7.517862246356102673e+01,5.924346515589856033e+00
7.519862817947985434e+01,6.227651155729402532e+00
7.521863389539868194e+01,6.979475795408323968e+00
7.523863961131752376e+01,7.114393453703855563e+00
7.525864532723635136e+01,7.925251667679357404e+00
7.527865104315519318e+01,8.618894150820633371e+00
7.529865675907402078e+01,9.494779198182273561e+00
7.531866247499286260e+01,8.555768223304815123e+00
7.533866819091169020e+01,1.003186720516792718e+01
7.535867390683053202e+01,9.577329695137905219e+00
7.537867962274935962e+01,1.045785364395016259e+01
7.539868533866820144e+01,9.061154292082138184e+00
7.541869105458702904e+01,1.005682122008763635e+01
7.543869677050585665e+01,9.661180119815245604e+00
7.545870248642469846e+01,8.951799832940237067e+00
7.547870820234352607e+01,8.522761402530015573e+00
7.549871391826236788e+01,7.393413077273782719e+00
7.551871963418119549e+01,7.772201506377730773e+00
7.553872535010003730e+01,6.660337265733290657e+00
7.555873106601886491e+01,6.164451031937451475e+00
7.557873678193770672e+01,5.991660818227003915e+00
7.559874249785653433e+01,5.621990459497734349e+00
7.561874821377536193e+01,4.469584244515043103e+00
7.563875392969420375e+01,5.107430497794678281e+00
7.565875964561303135e+01,5.465207171994819646e+00
7.567876536153187317e+01,4.603424769714752784e+00
7.569877107745070077e+01,4.788437856937173720e+00
7.571877679336954259e+01,5.471630165731894202e+00
7.573878250928837019e+01,4.901890427290457097e+00
7.575878822520721201e+01,5.066898619784327096e+00
7.577879394112603961e+01,6.348948624038464494e+00
7.579879965704486722e+01,5.619580765474087691e+00
7.581880537296370903e+01,6.041097592603322575e+00
7.583881108888253664e+01,6.931085470811320093e+00
7.585881680480137845e+01,6.201284584623397045e+00
7.587882252072020606e+01,7.852987644803172351e+00
7.589882823663904787e+01,7.475892000201389109e+00
7.591883395255787548e+01,8.206708938909311968e+00
7.593883966847671729e+01,7.821572078725184340e+00
7.595884538439554490e+01,7.946667913531419103e+00
7.597885110031437250e+01,8.206125555806201177e+00
7.599885681623321432e+01,7.991531278766727198e+00
7.601886253215204192e+01,8.192566266456758228e+00
7.603886824807088374e+01,7.584726493326478192e+00
7.605887396398971134e+01,8.767199110228451886e+00
7.607887967990855316e+01,8.352305176267355691e+00
7.609888539582738076e+01,7.846494379473526237e+00
7.611889111174622258e+01,8.334333233351012282e+00
7.613889682766505018e+01,8.687063742507380226e+00
7.615890254358387779e+01,8.401099371526449033e+00
7.617890825950271960e+01,8.537379139196922040e+00
7.619891397542154721e+01,9.058934831530214282e+00
7.621891969134038902e+01,8.452855617963370705e+00
7.623892540725921663e+01,8.362674885446402584e+00
7.625893112317805844e+01,7.841047765184660179e+00
7.627893683909688605e+01,7.848036348447013921e+00
7.629894255501572786e+01,7.003773379943142530e+00
7.631894827093455547e+01,7.294226417090309056e+00
7.633895398685339728e+01,7.006531891975487980e+00
7.635895970277222489e+01,6.661971219265661937e+00
7.637896541869105249e+01,6.057151077907366954e+00
7.639897113460989431e+01,7.028463556333574225e+00
7.641897685052872191e+01,6.361581941639690818e+00
7.643898256644756373e+01,6.280471684863231374e+00
7.645898828236639133e+01,6.079221529676745561e+00
7.647899399828523315e+01,6.674316107530504638e+00
7.649899971420406075e+01,6.458416652775248679e+00
7.651900543012290257e+01,6.128472043954284132e+00
7.653901114604173017e+01,6.112386978605160337e+00
7.655901686196055778e+01,5.775403491239565312e+00
7.657902257787939959e+01,6.107893643604224820e+00
7.659902829379822720e+01,5.858287377145252606e+00
7.661903400971706901e+01,6.489004725819512487e+00
7.663903972563589662e+01,6.341737366465920900e+00
7.665904544155473843e+01,5.750752194099550074e+00
7.667905115747356604e+01,5.608870890990171887e+00
7.669905687339240785e+01,5.079827291312238202e+00
7.671906258931123546e+01,5.753397752975891066e+00
7.673906830523006306e+01,5.279785041535872914e+00
7.675907402114890488e+01,4.685191613944045486e+00
7.677907973706773248e+01,4.647073618631973879e+00
7.679908545298657430e+01,4.146149607134288040e+00
7.681909116890540190e+01,3.771406548939988390e+00
7.683909688482424372e+01,3.808706879878712925e+00
7.685910260074307132e+01,3.555722039877244889e+00
7.687910831666191314e+01,4.569091548014191595e+00
7.689911403258074074e+01,4.183927657986512116e+00
7.691911974849956835e+01,4.220877945529520225e+00
7.693912546441841016e+01,3.606127481825326164e+00
7.695913118033723777e+01,4.153679621108652853e+00
7.697913689625607958e+01,4.127752131532385960e+00
7.699914261217490719e+01,3.518007303898608829e+00
7.701914832809374900e+01,3.305314598500473711e+00
7.703915404401257661e+01,3.843275041540834547e+00
7.705915975993141842e+01,3.490485660901947895e+00
7.707916547585024603e+01,3.265445347278901345e+00
7.709917119176907363e+01,3.369880556591081433e+00
7.711917690768791545e+01,4.116468383923653995e+00
7.713918262360674305e+01,3.160354890609439416e+00
7.715918833952558487e+01,3.805589890699933697e+00
7.717919405544441247e+01,4.156783636293300610e+00
7.719919977136325429e+01,3.109193460221680194e+00
7.721920548728208189e+01,3.910205317066502317e+00
7.723921120320092371e+01,3.150855695803687961e+00
7.725921691911975131e+01,3.205482961857625046e+00
7.727922263503859313e+01,3.174076859497129366e+00
7.729922835095742073e+01,3.236354190948253162e+00
7.731923406687624833e+01,3.236977832188725923e+00
7.733923978279509015e+01,3.276139909147574691e+00
7.735924549871391775e+01,4.162075962040061583e+00
7.737925121463275957e+01,4.246247906862581800e+00
7.739925693055158717e+01,3.923037634469669133e+00
7.741926264647042899e+01,3.246889925997021642e+00
7.743926836238925659e+01,3.075656439644399054e+00
7.745927407830809841e+01,3.514129535083360345e+00
7.747927979422692601e+01,3.575013944043756275e+00
7.749928551014575362e+01,3.580784542455141661e+00
7.751929122606459543e+01,4.003399905906340095e+00
7.753929694198342304e+01,2.749478453099516440e+00
7.755930265790226485e+01,3.534158158601757194e+00
7.757930837382109246e+01,2.859614603276280587e+00
7.759931408973993427e+01,3.141463966152987730e+00
7.761931980565876188e+01,3.640134290995340471e+00
7.763932552157760369e+01,3.037239839045874579e+00
7.765933123749643130e+01,3.625759019645639292e+00
7.767933695341525890e+01,3.564283529745194468e+00
7.769934266933410072e+01,2.614287918309703862e+00
7.771934838525292832e+01,3.531618287073873930e+00
7.773935410117177014e+01,2.996558689234493755e+00
7.775935981709059774e+01,3.596353167487625235e+00
7.777936553300943956e+01,3.219827189554109736e+00
7.779937124892826716e+01,3.075360626904700911e+00
7.781937696484710898e+01,2.782311792494457592e+00
7.783938268076593658e+01,3.842228450152852304e+00
7.785938839668476419e+01,3.238387409935313599e+00
7.787939411260360600e+01,3.516279370782435798e+00
7.789939982852243361e+01,3.274340394143136823e+00
7.791940554444127542e+01,3.757513390819504639e+00
7.793941126036010303e+01,3.178750227503878367e+00
7.795941697627894484e+01,3.580252146862014317e+00
7.797942269219777245e+01,3.406840825609132928e+00
7.799942840811661426e+01,4.131187451690273349e+00
7.801943412403544187e+01,3.334521011737797913e+00
7.803943983995426947e+01,3.164792182814863075e+00
7.805944555587311129e+01,3.821903292907436356e+00
7.807945127179193889e+01,3.689519138640326101e+00
7.809945698771078071e+01,3.350719706561350097e+00
7.811946270362960831e+01,3.463772293100884969e+00
7.813946841954845013e+01,3.021916647742618700e+00
7.815947413546727773e+01,3.048102305525405509e+00
7.817947985138611955e+01,3.094955179629222286e+00
7.819948556730494715e+01,2.788146955917126135e+00
7.821949128322378897e+01,3.097704096039072930e+00
7.823949699914261657e+01,3.876157273170465878e+00
7.825950271506144418e+01,2.986173046263288278e+00
7.827950843098028599e+01,3.023185840502052191e+00
7.829951414689911360e+01,3.095934126636102679e+00
7.831951986281795541e+01,3.382184091328882758e+00
7.833952557873678302e+01,3.726765298727582998e+00
7.835953129465562483e+01,4.161156052595220700e+00
7.837953701057445244e+01,3.421441350464881737e+00
7.839954272649329425e+01,3.340148631932011725e+00
7.841954844241212186e+01,3.380751164627387340e+00
7.843955415833094946e+01,3.873905686301156059e+00
7.845955987424979128e+01,3.044773272661626784e+00
7.847956559016861888e+01,3.536132716322452296e+00
7.849957130608746070e+01,2.921899179178807149e+00
7.851957702200628830e+01,3.241979325095516451e+00
7.853958273792513012e+01,3.259862820006543593e+00
7.855958845384395772e+01,3.285032428531654336e+00
7.857959416976279954e+01,2.938158384025037595e+00
7.859959988568162714e+01,3.651633751421183405e+00
7.861960560160045475e+01,3.193218560366760439e+00
7.863961131751929656e+01,3.480441651996510455e+00
7.865961703343812417e+01,3.452527348323331413e+00
7.867962274935696598e+01,3.082292130346255821e+00
7.869962846527579359e+01,2.499838251584860060e+00
7.871963418119463540e+01,3.509866717594970265e+00
7.873963989711346301e+01,3.949336132012077005e+00
7.875964561303230482e+01,3.984295024106097927e+00
7.877965132895113243e+01,3.445734369272510200e+00
7.879965704486996003e+01,3.686720402845038880e+00
7.881966276078880185e+01,3.289670773545282145e+00
7.883966847670762945e+01,3.635670787546026350e+00
7.885967419262647127e+01,3.135377557087561939e+00
7.887967990854529887e+01,3.096047418128144990e+00
7.889968562446414069e+01,3.318068332111567376e+00
7.891969134038296829e+01,3.237043204352410886e+00
7.893969705630181011e+01,3.019287655066996034e+00
7.895970277222063771e+01,3.745186659354731606e+00
7.897970848813946532e+01,3.498683890319108425e+00
7.899971420405830713e+01,3.417739387004740337e+00
7.901971991997713474e+01,2.679436363396842768e+00
7.903972563589597655e+01,3.187510814813093507e+00
7.905973135181480416e+01,3.681922370198957850e+00
7.907973706773364597e+01,2.872590596351450198e+00
7.909974278365247358e+01,4.099125394062797412e+00
7.911974849957131539e+01,3.118503608017080708e+00
7.913975421549014300e+01,2.669694144565490923e+00
7.915975993140898481e+01,3.629832305552567195e+00
7.917976564732781242e+01,4.294318559567488869e+00
7.919977136324664002e+01,3.836669381313938754e+00
7.921977707916548184e+01,3.540033141302489916e+00
7.923978279508430944e+01,3.165810226467553612e+00
7.925978851100315126e+01,2.535427962211759922e+00
7.927979422692197886e+01,3.337579361834636771e+00
7.929979994284082068e+01,3.940454533397878656e+00
7.931980565875964828e+01,2.857366137678878815e+00
7.933981137467849010e+01,2.776087041713570347e+00
7.935981709059731770e+01,3.532888653283379643e+00
7.937982280651614531e+01,3.998787141033923742e+00
7.939982852243498712e+01,2.872780014647602354e+00
7.941983423835381473e+01,3.964121270915430095e+00
7.943983995427265654e+01,3.842866124022551677e+00
7.945984567019148415e+01,4.042318603252907927e+00
7.947985138611032596e+01,3.738249867805540916e+00
7.949985710202915357e+01,3.311241929511614668e+00
7.951986281794799538e+01,2.525894396720423263e+00
7.953986853386682299e+01,3.886282778762645052e+00
7.955987424978565059e+01,3.111238169617140947e+00
7.957987996570449241e+01,3.540239750259230878e+00
7.959988568162332001e+01,3.817662541719613944e+00
7.961989139754216183e+01,3.923528842670223504e+00
7.963989711346098943e+01,3.696533085324953394e+00
7.965990282937983125e+01,3.798667000452057074e+00
7.967990854529865885e+01,3.260874317259796040e+00
7.969991426121750067e+01,2.693697472569995810e+00
7.971991997713632827e+01,3.109149891250610143e+00
7.973992569305515588e+01,3.339198445898409418e+00
7.975993140897399769e+01,2.797015804063835986e+00
7.977993712489282530e+01,3.778562344261145789e+00
7.979994284081166711e+01,3.053491778300869708e+00
7.981994855673049472e+01,3.382358662807577243e+00
7.983995427264933653e+01,2.755079251135152063e+00
7.985995998856816414e+01,3.851335293887963029e+00
7.987996570448700595e+01,2.688908486913781370e+00
7.989997142040583356e+01,4.015051030570068846e+00
7.991997713632466116e+01,2.966715091532840187e+00
7.993998285224350298e+01,2.923565080206534272e+00
7.995998856816233058e+01,2.850355315405336487e+00
7.997999428408117240e+01,3.029270043654104683e+00
8.000000000000000000e+01,3.651142027888104380e+00
