angle,intensity
1.000000000000000000e+01,5.909974521324186547e+00
1.002000571591883471e+01,5.136980880325890730e+00
1.004001143183766764e+01,5.171212060319915871e+00
1.006001714775650235e+01,6.069671388766052722e+00
1.008002286367533529e+01,5.674427879115352624e+00
1.010002857959417000e+01,5.795743857694048096e+00
1.012003429551300293e+01,6.894517938258831080e+00
1.014004001143183764e+01,5.620320874960627933e+00
1.016004572735067235e+01,5.475429300160993051e+00
1.018005144326950528e+01,6.197834569021578588e+00
1.020005715918833999e+01,6.746903029562645315e+00
1.022006287510717293e+01,6.314598264083315371e+00
1.024006859102600764e+01,5.785513085243715103e+00
1.026007430694484057e+01,5.981183415723686281e+00
1.028008002286367528e+01,5.376697982611394977e+00
1.030008573878250999e+01,5.618137429814227701e+00
1.032009145470134293e+01,6.657857488750879682e+00
1.034009717062017764e+01,5.956684207573033518e+00
1.036010288653901057e+01,6.272803553491449691e+00
1.038010860245784528e+01,5.158222080360243211e+00
1.040011431837667999e+01,5.818554747541180738e+00
1.042012003429551292e+01,6.521415302358107624e+00
1.044012575021434763e+01,5.752837433557909996e+00
1.046013146613318057e+01,5.236150916683291356e+00
1.048013718205201528e+01,6.182580626057131212e+00
1.050014289797084821e+01,5.999698249271668615e+00
1.052014861388968292e+01,6.120976416371395779e+00
1.054015432980851585e+01,6.044089525691100917e+00
1.056016004572735056e+01,6.064144707130949996e+00
1.058016576164618527e+01,6.070233235490215762e+00
1.060017147756501821e+01,5.395039261430593314e+00
1.062017719348385292e+01,5.375158108862431838e+00
1.064018290940268585e+01,6.565151265068319475e+00
1.066018862532152056e+01,6.729391932073770732e+00
1.068019434124035527e+01,5.892707584240015173e+00
1.070020005715918820e+01,7.061325656567483122e+00
1.072020577307802292e+01,6.967645267138444787e+00
1.074021148899685585e+01,6.578087245381691872e+00
1.076021720491569056e+01,5.619845586544783167e+00
1.078022292083452349e+01,6.897882926451285535e+00
1.080022863675335820e+01,5.287543670642886440e+00
1.082023435267219291e+01,6.701475953744223446e+00
1.084024006859102585e+01,7.050442333171016429e+00
1.086024578450986056e+01,6.576211993003071576e+00
1.088025150042869349e+01,5.445451208611659766e+00
1.090025721634752820e+01,5.638653577178590837e+00
1.092026293226636113e+01,6.982813669290947267e+00
1.094026864818519584e+01,7.236408133594374625e+00
1.096027436410403055e+01,5.459048197060969443e+00
1.098028008002286349e+01,6.045958758758465557e+00
1.100028579594169820e+01,5.825155563408484838e+00
1.102029151186053113e+01,6.575077123490777886e+00
1.104029722777936584e+01,6.870102141715560329e+00
1.106030294369819877e+01,6.915149169386085148e+00
1.108030865961703348e+01,5.604942393730865113e+00
1.110031437553586819e+01,6.801946508770230437e+00
1.112032009145470113e+01,6.708532886216443281e+00
1.114032580737353584e+01,6.903474595238593636e+00
1.116033152329236877e+01,6.549510580906964918e+00
1.118033723921120348e+01,6.465144945257154774e+00
1.120034295513003642e+01,7.105148378549944077e+00
1.122034867104887113e+01,6.404957419007268449e+00
1.124035438696770584e+01,6.198672670052719269e+00
1.126036010288653877e+01,6.772192100160260964e+00
1.128036581880537348e+01,7.525043382023359761e+00
1.130037153472420641e+01,6.393738495048110870e+00
1.132037725064304112e+01,6.268614710876026841e+00
1.134038296656187583e+01,6.576439845428402542e+00
1.136038868248070877e+01,5.816637071921006097e+00
1.138039439839954348e+01,6.098552533166350820e+00
1.140040011431837641e+01,6.627762191257743574e+00
1.142040583023721112e+01,5.937851808728067837e+00
1.144041154615604405e+01,7.495804479742496973e+00
1.146041726207487876e+01,7.187401720628450619e+00
1.148042297799371170e+01,7.297644134703050511e+00
1.150042869391254641e+01,6.745298070629972109e+00
1.152043440983138112e+01,7.198876304018259731e+00
1.154044012575021405e+01,7.288553425854624734e+00
1.156044584166904876e+01,7.580360855479973736e+00
1.158045155758788169e+01,7.449375261441308460e+00
1.160045727350671640e+01,7.975343069676911867e+00
1.162046298942555111e+01,7.981870711805480134e+00
1.164046870534438405e+01,6.375145518010207013e+00
1.166047442126321876e+01,6.175256939562841829e+00
1.168048013718205169e+01,7.175178360918667231e+00
1.170048585310088640e+01,7.123169331498343304e+00
1.172049156901971934e+01,6.292581322825924417e+00
1.174049728493855405e+01,7.136996626752745598e+00
1.176050300085738698e+01,6.376341422593662323e+00
1.178050871677622169e+01,6.747016382403591805e+00
1.180051443269505640e+01,6.829351523581483896e+00
1.182052014861388933e+01,6.623828625258566305e+00
1.184052586453272404e+01,7.476044319009294448e+00
1.186053158045155698e+01,7.614517437707360337e+00
1.188053729637039169e+01,6.532211719496877400e+00
1.190054301228922640e+01,8.184010500029916813e+00
1.192054872820805933e+01,7.909249225649123360e+00
1.194055444412689404e+01,7.538328201709252774e+00
1.196056016004572697e+01,8.034771044516118010e+00
1.198056587596456168e+01,7.649694821395433664e+00
1.200057159188339639e+01,7.724379892658299163e+00
1.202057730780222933e+01,6.789519535927943217e+00
1.204058302372106226e+01,7.595722337483365116e+00
1.206058873963989697e+01,7.727383363692173823e+00
1.208059445555873168e+01,6.905154954009345758e+00
1.210060017147756461e+01,7.075262937815078423e+00
1.212060588739639932e+01,6.789626761913722497e+00
1.214061160331523226e+01,6.376741006289926794e+00
1.216061731923406697e+01,7.566736257232103746e+00
1.218062303515290168e+01,7.003338321133051103e+00
1.220062875107173461e+01,6.192479692938730018e+00
1.222063446699056932e+01,6.521206965071142392e+00
1.224064018290940226e+01,7.567105439871379957e+00
1.226064589882823697e+01,6.784773863256381432e+00
1.228065161474707168e+01,7.125014111449763377e+00
1.230065733066590461e+01,6.991639738201954835e+00
1.232066304658473754e+01,6.224550589009876234e+00
1.234066876250357225e+01,5.911187414202912827e+00
1.236067447842240696e+01,7.077049375597712633e+00
1.238068019434123990e+01,6.887099884852137421e+00
1.240068591026007461e+01,7.193994097862749015e+00
1.242069162617890754e+01,6.065900465507504613e+00
1.244069734209774225e+01,6.971136059942643293e+00
1.246070305801657696e+01,6.723100446092429294e+00
1.248070877393540989e+01,6.197390605960929832e+00
1.250071448985424460e+01,7.728584893556851299e+00
1.252072020577307754e+01,6.702416701242754016e+00
1.254072592169191225e+01,6.186610188213196082e+00
1.256073163761074696e+01,6.047797098614166700e+00
1.258073735352957989e+01,7.349166182720725082e+00
1.260074306944841460e+01,7.459677424913724764e+00
1.262074878536724754e+01,7.244442760965345229e+00
1.264075450128608225e+01,7.433209138928416060e+00
1.266076021720491518e+01,7.702237169431958463e+00
1.268076593312374989e+01,7.390569181113924913e+00
1.270077164904258282e+01,7.169078251458590678e+00
1.272077736496141753e+01,7.422254089746604500e+00
1.274078308088025224e+01,8.056594909056350673e+00
1.276078879679908518e+01,7.734957008087808283e+00
1.278079451271791989e+01,7.160366162677251900e+00
1.280080022863675282e+01,7.136807025497094337e+00
1.282080594455558753e+01,7.950469902626610796e+00
1.284081166047442224e+01,7.107380071395762222e+00
1.286081737639325517e+01,8.220971824188362476e+00
1.288082309231208988e+01,8.219131561764237759e+00
1.290082880823092282e+01,7.994926651526049532e+00
1.292083452414975753e+01,7.774347081205020160e+00
1.294084024006859224e+01,8.761520152373172721e+00
1.296084595598742517e+01,8.801563764976311433e+00
1.298085167190625810e+01,9.260589085903333739e+00
1.300085738782509281e+01,7.891665869944260336e+00
1.302086310374392752e+01,8.799470468861247952e+00
1.304086881966276046e+01,8.357090878562928538e+00
1.306087453558159517e+01,9.475352945606269728e+00
1.308088025150042810e+01,9.111314179014476267e+00
1.310088596741926281e+01,8.913907467408883178e+00
1.312089168333809752e+01,8.353378103751822437e+00
1.314089739925693046e+01,9.249727083018445484e+00
1.316090311517576517e+01,1.011265467698854259e+01
1.318090883109459810e+01,9.373996549845660553e+00
1.320091454701343281e+01,1.038839333663204556e+01
1.322092026293226752e+01,9.955526310553285185e+00
1.324092597885110045e+01,1.030655484555818902e+01
1.326093169476993339e+01,1.037629480133151461e+01
1.328093741068876810e+01,8.933990803375003509e+00
1.330094312660760281e+01,9.919265824928510611e+00
1.332094884252643574e+01,9.293747186204797117e+00
1.334095455844527045e+01,1.004748503841107699e+01
1.336096027436410338e+01,9.947463518214526346e+00
1.338096599028293809e+01,1.034882384264957089e+01
1.340097170620177280e+01,1.100003897094174476e+01
1.342097742212060574e+01,1.000958745861805888e+01
1.344098313803944045e+01,1.064800206216817635e+01
1.346098885395827338e+01,9.951488691712748746e+00
1.348099456987710809e+01,1.071967395409591006e+01
1.350100028579594280e+01,1.132600537845859101e+01
1.352100600171477573e+01,1.146181424725976683e+01
1.354101171763361044e+01,9.991209853917135675e+00
1.356101743355244338e+01,1.071621078446812447e+01
1.358102314947127809e+01,9.998698937555809962e+00
1.360102886539011102e+01,1.155182050392145321e+01
1.362103458130894573e+01,1.049820583889996861e+01
1.364104029722777867e+01,1.119001484719223427e+01
1.366104601314661338e+01,1.151713237146242541e+01
1.368105172906544809e+01,1.020498012989563463e+01
1.370105744498428102e+01,1.096795103804209326e+01
1.372106316090311573e+01,1.185811349869284470e+01
1.374106887682194866e+01,1.181838084712979153e+01
1.376107459274078337e+01,1.004128585720183509e+01
1.378108030865961808e+01,1.099428323971642030e+01
1.380108602457845102e+01,1.192296743308696882e+01
1.382109174049728573e+01,1.082973484599454572e+01
1.384109745641611866e+01,1.112412710909543812e+01
1.386110317233495337e+01,1.038916461630351584e+01
1.388110888825378808e+01,1.130210355929030719e+01
1.390111460417262101e+01,1.218745935393059554e+01
1.392112032009145395e+01,1.128028948338077697e+01
1.394112603601028866e+01,1.136895019699017872e+01
1.396113175192912337e+01,1.143858214411269536e+01
1.398113746784795630e+01,1.235544346905093427e+01
1.400114318376679101e+01,1.143933950143816602e+01
1.402114889968562395e+01,1.150633071679464514e+01
1.404115461560445866e+01,1.160044578221755351e+01
1.406116033152329337e+01,1.267283103280830936e+01
1.408116604744212630e+01,1.182806044935441392e+01
1.410117176336095923e+01,1.130475695374993705e+01
1.412117747927979394e+01,1.146008298451714857e+01
1.414118319519862865e+01,1.224684699883509609e+01
1.416118891111746336e+01,1.106327581855648745e+01
1.418119462703629630e+01,1.197729147414400153e+01
1.420120034295512923e+01,1.216199290892483020e+01
1.422120605887396394e+01,1.098682349218611698e+01
1.424121177479279865e+01,1.114882196747048404e+01
1.426121749071163336e+01,1.211404581877403608e+01
1.428122320663046629e+01,1.079162308333542342e+01
1.430122892254929923e+01,1.176737761858376530e+01
1.432123463846813394e+01,1.154087856927781708e+01
1.434124035438696865e+01,1.053859421782893513e+01
1.436124607030580158e+01,1.053562890056632817e+01
1.438125178622463629e+01,1.016985030793530953e+01
1.440125750214346922e+01,9.779736797472173393e+00
1.442126321806230393e+01,1.168735666049580502e+01
1.444126893398113864e+01,1.076867159354865855e+01
1.446127464989997158e+01,1.147993272315341429e+01
1.448128036581880451e+01,1.079677333536742445e+01
1.450128608173763922e+01,9.883173713798372617e+00
1.452129179765647393e+01,1.008841508570586853e+01
1.454129751357530864e+01,1.146454230078148662e+01
1.456130322949414158e+01,1.120778855923194328e+01
1.458130894541297451e+01,1.116668320849618112e+01
1.460131466133180922e+01,1.050198245676938136e+01
1.462132037725064393e+01,1.143444957840357468e+01
1.464132609316947686e+01,1.166874773667893805e+01
1.466133180908831157e+01,1.175879639408656629e+01
1.468133752500714451e+01,1.162025967040534091e+01
1.470134324092597922e+01,1.163225217143867596e+01
1.472134895684481393e+01,1.128309994736047983e+01
1.474135467276364686e+01,1.172066311488931944e+01
1.476136038868247979e+01,1.162455075688204076e+01
1.478136610460131450e+01,1.065429245850637940e+01
1.480137182052014921e+01,1.109827432379707268e+01
1.482137753643898392e+01,1.140610296286176073e+01
1.484138325235781686e+01,1.092233007354888841e+01
1.486138896827664979e+01,1.054829232363258029e+01
1.488139468419548450e+01,1.224438577023850350e+01
1.490140040011431921e+01,1.109405938999250729e+01
1.492140611603315392e+01,1.175499132091413124e+01
1.494141183195198685e+01,1.222418655482307948e+01
1.496141754787081979e+01,1.087369572325881961e+01
1.498142326378965450e+01,1.181112689057174414e+01
1.500142897970848921e+01,1.157469013678811365e+01
1.502143469562732214e+01,1.251621983376110947e+01
1.504144041154615508e+01,1.147101064557219807e+01
1.506144612746498979e+01,1.274983719256534975e+01
1.508145184338382450e+01,1.310256896244357172e+01
1.510145755930265921e+01,1.316701504411559753e+01
1.512146327522149214e+01,1.201606169965000248e+01
1.514146899114032507e+01,1.357006331511060182e+01
1.516147470705915978e+01,1.250126463322261117e+01
1.518148042297799449e+01,1.280405379364346885e+01
1.520148613889682920e+01,1.318211030585013965e+01
1.522149185481566214e+01,1.459162647786629385e+01
1.524149757073449507e+01,1.417652426236371888e+01
1.526150328665332978e+01,1.454335485315932885e+01
1.528150900257216449e+01,1.442335209571602483e+01
1.530151471849099742e+01,1.511225313452549557e+01
1.532152043440983036e+01,1.487771517467793281e+01
1.534152615032866507e+01,1.398271814194286833e+01
1.536153186624749978e+01,1.431612996177237029e+01
1.538153758216633449e+01,1.577039145654266861e+01
1.540154329808516742e+01,1.520020670663453011e+01
1.542154901400400036e+01,1.510608356813114561e+01
1.544155472992283507e+01,1.588297273509680174e+01
1.546156044584166978e+01,1.529775344567943840e+01
1.548156616176050449e+01,1.516224996135971104e+01
1.550157187767933742e+01,1.450182079745429142e+01
1.552157759359817035e+01,1.576757162602894091e+01
1.554158330951700506e+01,1.444613771794365498e+01
1.556158902543583977e+01,1.611190583242867902e+01
1.558159474135467271e+01,1.479058117379039672e+01
1.560160045727350742e+01,1.478874448303497147e+01
1.562160617319234035e+01,1.472631720534329247e+01
1.564161188911117506e+01,1.472400674232880924e+01
1.566161760503000977e+01,1.403995907589850844e+01
1.568162332094884270e+01,1.525412513990598740e+01
1.570162903686767564e+01,1.522966867116872436e+01
1.572163475278651035e+01,1.468953714643505570e+01
1.574164046870534506e+01,1.513312691245414143e+01
1.576164618462417977e+01,1.428740197690507152e+01
1.578165190054301270e+01,1.336669946552535748e+01
1.580165761646184563e+01,1.429466621042226038e+01
1.582166333238068034e+01,1.429460009690913402e+01
1.584166904829951505e+01,1.301962538640746381e+01
1.586167476421834799e+01,1.250612699483246004e+01
1.588168048013718270e+01,1.390938321704896730e+01
1.590168619605601563e+01,1.350461881482372561e+01
1.592169191197485034e+01,1.174201737769028497e+01
1.594169762789368505e+01,1.157724453294766676e+01
1.596170334381251799e+01,1.243568285712125032e+01
1.598170905973135092e+01,1.193240083136782381e+01
1.600171477565018563e+01,1.163253703497374580e+01
1.602172049156902034e+01,1.101274761882617881e+01
1.604172620748785505e+01,1.089741072108438757e+01
1.606173192340668976e+01,1.128676855448779648e+01
1.608173763932552092e+01,1.172148516664419660e+01
1.610174335524435563e+01,1.109406241876807186e+01
1.612174907116319034e+01,1.163478403754311863e+01
1.614175478708202505e+01,1.053457731791669261e+01
1.616176050300085620e+01,1.048949040353810780e+01
1.618176621891969091e+01,1.167266986562452047e+01
1.620177193483852562e+01,1.116292679059439230e+01
1.622177765075736033e+01,1.151320797632534010e+01
1.624178336667619504e+01,1.147613899618208144e+01
1.626178908259502620e+01,1.203314779892800601e+01
1.628179479851386091e+01,1.183009371290910039e+01
1.630180051443269562e+01,1.103164428605865943e+01
1.632180623035153033e+01,1.227685863702458491e+01
1.634181194627036149e+01,1.161397985857528425e+01
1.636181766218919620e+01,1.244483745061536339e+01
1.638182337810803091e+01,1.114230759402166271e+01
1.640182909402686562e+01,1.157331244869084230e+01
1.642183480994570033e+01,1.228127079054656257e+01
1.644184052586453504e+01,1.146947501760062238e+01
1.646184624178336620e+01,1.065037578550602149e+01
1.648185195770220091e+01,1.236250466680967897e+01
1.650185767362103562e+01,1.229939233470095417e+01
1.652186338953986677e+01,1.148669861811493575e+01
1.654186910545870148e+01,1.076899331099303758e+01
1.656187482137753619e+01,1.198747495786701123e+01
1.658188053729637090e+01,1.152696878251194690e+01
1.660188625321520561e+01,1.215997777296074389e+01
1.662189196913404032e+01,1.088524940405719121e+01
1.664189768505287148e+01,1.209744278123646843e+01
1.666190340097170619e+01,1.136412096164783847e+01
1.668190911689054090e+01,1.113035848688806695e+01
1.670191483280937561e+01,1.250934964541393235e+01
1.672192054872820677e+01,1.198355624148286402e+01
1.674192626464704148e+01,1.250119611602162450e+01
1.676193198056587619e+01,1.245258183789797890e+01
1.678193769648471090e+01,1.204528843410183292e+01
1.680194341240354561e+01,1.254870672191922587e+01
1.682194912832238032e+01,1.210219947929175532e+01
1.684195484424121148e+01,1.207095514871579844e+01
1.686196056016004619e+01,1.247411985210150576e+01
1.688196627607888090e+01,1.351416590832815956e+01
1.690197199199771205e+01,1.355264394928872029e+01
1.692197770791654676e+01,1.366487463744445918e+01
1.694198342383538147e+01,1.497453543244076180e+01
1.696198913975421618e+01,1.442127494459588988e+01
1.698199485567305089e+01,1.557252017265624033e+01
1.700200057159188560e+01,1.483386654820117734e+01
1.702200628751071676e+01,1.694710412120647547e+01
1.704201200342955147e+01,1.686278049082262243e+01
1.706201771934838618e+01,1.637353199907290247e+01
1.708202343526722089e+01,1.750295999322700524e+01
1.710202915118605205e+01,1.722328350518530016e+01
1.712203486710488676e+01,1.788220641482973505e+01
1.714204058302372147e+01,1.970417291708724861e+01
1.716204629894255618e+01,1.842391139742596451e+01
1.718205201486139089e+01,1.908573467346475994e+01
1.720205773078022204e+01,1.978059149875022982e+01
1.722206344669905675e+01,2.079870562144665769e+01
1.724206916261789146e+01,2.157529034476274177e+01
1.726207487853672617e+01,2.158662522273554885e+01
1.728208059445555733e+01,2.297499726805762066e+01
1.730208631037439204e+01,2.409156548815813892e+01
1.732209202629322675e+01,2.291833739339299925e+01
1.734209774221206146e+01,2.441688266769297044e+01
1.736210345813089617e+01,2.506891023536813634e+01
1.738210917404973088e+01,2.568698185373542486e+01
1.740211488996856204e+01,2.570930062862861831e+01
1.742212060588739675e+01,2.602964719943850724e+01
1.744212632180623146e+01,2.854013491942503222e+01
1.746213203772506262e+01,2.838682264156728152e+01
1.748213775364389733e+01,2.943090845151905910e+01
1.750214346956273204e+01,2.836536733353668183e+01
1.752214918548156675e+01,2.888763934643042930e+01
1.754215490140040146e+01,2.948017010902479385e+01
1.756216061731923617e+01,3.144106918386762217e+01
1.758216633323806732e+01,3.175052968290813027e+01
1.760217204915690203e+01,3.109464622331070771e+01
1.762217776507573674e+01,3.109301979825995588e+01
1.764218348099457145e+01,3.171070485413116913e+01
1.766218919691340261e+01,3.048637468483002166e+01
1.768219491283223732e+01,3.068974064699571258e+01
1.770220062875107203e+01,3.090996300168289324e+01
1.772220634466990674e+01,2.902385514446990555e+01
1.774221206058874145e+01,2.892633760838694812e+01
1.776221777650757616e+01,2.957121600174067666e+01
1.778222349242640732e+01,2.814681530254172515e+01
1.780222920834524203e+01,2.615651481736183115e+01
1.782223492426407674e+01,2.508908877635857948e+01
1.784224064018290790e+01,2.531516338862120108e+01
1.786224635610174261e+01,2.311037428354929801e+01
1.788225207202057732e+01,2.180021983820935461e+01
1.790225778793941203e+01,2.130336073057527102e+01
1.792226350385824674e+01,2.059099383616580781e+01
1.794226921977708145e+01,1.854816758390104781e+01
1.796227493569591260e+01,1.868873069175453239e+01
1.798228065161474731e+01,1.703680787903675409e+01
1.800228636753358202e+01,1.695157001954609655e+01
1.802229208345241318e+01,1.618113794547600293e+01
1.804229779937124789e+01,1.504616977424138291e+01
1.806230351529008260e+01,1.596801479666240908e+01
1.808230923120891731e+01,1.520044892680664184e+01
1.810231494712775202e+01,1.465713355307624965e+01
1.812232066304658673e+01,1.421240890476578933e+01
1.814232637896542144e+01,1.365547193827650219e+01
1.816233209488425260e+01,1.397707263598669236e+01
1.818233781080308731e+01,1.338664894687039997e+01
1.820234352672191847e+01,1.272050448517899390e+01
1.822234924264075318e+01,1.264053624155461542e+01
1.824235495855958789e+01,1.232523316706302019e+01
1.826236067447842260e+01,1.141153121452940233e+01
1.828236639039725731e+01,1.088049472039685206e+01
1.830237210631609202e+01,1.046784129970422939e+01
1.832237782223492673e+01,1.053856014817784370e+01
1.834238353815375788e+01,9.682265843615901701e+00
1.836238925407259259e+01,1.080525333777006836e+01
1.838239496999142730e+01,1.020790128651770878e+01
1.840240068591025846e+01,8.674749214351326287e+00
1.842240640182909317e+01,9.556040744755247118e+00
1.844241211774792788e+01,8.984642278837203122e+00
1.846241783366676259e+01,8.183532648029304468e+00
1.848242354958559730e+01,7.316389116084931032e+00
1.850242926550443201e+01,7.471640477429542848e+00
1.852243498142326672e+01,6.512242276249539330e+00
1.854244069734209788e+01,7.262571986017225534e+00
1.856244641326093259e+01,6.146224330858093055e+00
1.858245212917976374e+01,6.272926349457664585e+00
1.860245784509859845e+01,5.865311141966584429e+00
1.862246356101743316e+01,5.488434513988411645e+00
1.864246927693626787e+01,5.600469387318872450e+00
1.866247499285510258e+01,5.039117578789693574e+00
1.868248070877393729e+01,4.868500068401313108e+00
1.870248642469277200e+01,4.820183120189969195e+00
1.872249214061160316e+01,4.152779580915166413e+00
1.874249785653043787e+01,5.253675547476577279e+00
1.876250357244927258e+01,5.126898496181320652e+00
1.878250928836810374e+01,4.040063036591843293e+00
1.880251500428693845e+01,4.946427987267489890e+00
1.882252072020577316e+01,4.325598379927544812e+00
1.884252643612460787e+01,5.160038972381070899e+00
1.886253215204344258e+01,3.927492505493891617e+00
1.888253786796227729e+01,4.761829373932529919e+00
1.890254358388111200e+01,5.361840707843803955e+00
1.892254929979994316e+01,4.690697670789018225e+00
1.894255501571877787e+01,3.726436536369838404e+00
1.896256073163760902e+01,5.183168010429467287e+00
1.898256644755644373e+01,4.104403043746576607e+00
1.900257216347527844e+01,5.214388375431354028e+00
1.902257787939411315e+01,5.397666710171608706e+00
1.904258359531294786e+01,5.430292109457790950e+00
1.906258931123178257e+01,4.903652971730350529e+00
1.908259502715061728e+01,4.957512446038970566e+00
1.910260074306944844e+01,3.694277913721869755e+00
1.912260645898828315e+01,5.470340994723895456e+00
1.914261217490711431e+01,4.571442494063801654e+00
1.916261789082594902e+01,4.305973655132113720e+00
1.918262360674478373e+01,3.927519358222504309e+00
1.920262932266361844e+01,3.658311035579945081e+00
1.922263503858245315e+01,4.310638020226591038e+00
1.924264075450128786e+01,4.282408001859066005e+00
1.926264647042012257e+01,4.451423350172669657e+00
1.928265218633895373e+01,4.954426652032152489e+00
1.930265790225778844e+01,4.329269624485983847e+00
1.932266361817662315e+01,3.908087482642993660e+00
1.934266933409545430e+01,3.973947913923988384e+00
1.936267505001428901e+01,5.678029222974191548e+00
1.938268076593312372e+01,5.153029215717562117e+00
1.940268648185195843e+01,5.567401282821005104e+00
1.942269219777079314e+01,5.816781960999809264e+00
1.944269791368962785e+01,4.662732474053982834e+00
1.946270362960846256e+01,4.491963495095393277e+00
1.948270934552729372e+01,6.201134778932863689e+00
1.950271506144612843e+01,4.721707903551529917e+00
1.952272077736495959e+01,5.103422664706921630e+00
1.954272649328379430e+01,6.027737799339551117e+00
1.956273220920262901e+01,4.642842440473077481e+00
1.958273792512146372e+01,5.608503226059292857e+00
1.960274364104029843e+01,4.750291346256758196e+00
1.962274935695913314e+01,5.582314909783231194e+00
1.964275507287796785e+01,5.731374584413188700e+00
1.966276078879679901e+01,6.359366247742802791e+00
1.968276650471563372e+01,6.471820069331801761e+00
1.970277222063446487e+01,5.886395598858167766e+00
1.972277793655329958e+01,5.659086590627723012e+00
1.974278365247213429e+01,7.094952373878049556e+00
1.976278936839096900e+01,6.389469751097211159e+00
1.978279508430980371e+01,7.131573827272115196e+00
1.980280080022863842e+01,7.320948076825595230e+00
1.982280651614747313e+01,6.841465192583513044e+00
1.984281223206630784e+01,6.251629764069602579e+00
1.986281794798513900e+01,7.943107421610267949e+00
1.988282366390397371e+01,8.315200437036899928e+00
1.990282937982280487e+01,7.308834887135644109e+00
1.992283509574163958e+01,8.510741380130035338e+00
1.994284081166047429e+01,8.670437474894114871e+00
1.996284652757930900e+01,7.617609789872441972e+00
1.998285224349814371e+01,8.809896987549585390e+00
2.000285795941697842e+01,7.486317075792322306e+00
2.002286367533581313e+01,9.115803593709891572e+00
2.004286939125464428e+01,8.804643611371966827e+00
2.006287510717347899e+01,9.867106326169974295e+00
2.008288082309231015e+01,9.273494171143861209e+00
2.010288653901114486e+01,9.178199621086207571e+00
2.012289225492997957e+01,1.009432835823476182e+01
2.014289797084881428e+01,9.351004846509049173e+00
2.016290368676764899e+01,9.713252552555639241e+00
2.018290940268648370e+01,9.769705412199142458e+00
2.020291511860531841e+01,9.718356895590144262e+00
2.022292083452414957e+01,1.036991268737888383e+01
2.024292655044298428e+01,1.020747659399936325e+01
2.026293226636181899e+01,1.056708503605034366e+01
2.028293798228065015e+01,9.746755608951076510e+00
2.030294369819948486e+01,9.830255987386117056e+00
2.032294941411831957e+01,9.970183872287012861e+00
2.034295513003715428e+01,9.373254880384919829e+00
2.036296084595598899e+01,1.055998726962416256e+01
2.038296656187482370e+01,1.041380874559173186e+01
2.040297227779365841e+01,1.013243386429099857e+01
2.042297799371248956e+01,1.005604595102800936e+01
2.044298370963132427e+01,8.335617763778573774e+00
2.046298942555015543e+01,9.150399522461709623e+00
2.048299514146899014e+01,8.442298018648006774e+00
2.050300085738782485e+01,8.577127878754687629e+00
2.052300657330665956e+01,8.132513310154873665e+00
2.054301228922549427e+01,8.144631706657746051e+00
2.056301800514432898e+01,7.998029569047345078e+00
2.058302372106316369e+01,9.151775260323148586e+00
2.060302943698199485e+01,7.921544796294250013e+00
2.062303515290082956e+01,7.763824002854677886e+00
2.064304086881966072e+01,7.767262165479417391e+00
2.066304658473849543e+01,7.710006376969825048e+00
2.068305230065733014e+01,9.250759982252123592e+00
2.070305801657616485e+01,8.591921982594588059e+00
2.072306373249499956e+01,8.350941965127212541e+00
2.074306944841383427e+01,9.336479752180448344e+00
2.076307516433266898e+01,9.031953482960625834e+00
2.078308088025150369e+01,8.662206112578649808e+00
2.080308659617033484e+01,8.434117109310259153e+00
2.082309231208916955e+01,9.226726176299857585e+00
2.084309802800800071e+01,8.601304744994665796e+00
2.086310374392683542e+01,9.767642396040079333e+00
2.088310945984567013e+01,9.475629645431499881e+00
2.090311517576450484e+01,9.380590387006334296e+00
2.092312089168333955e+01,8.540428353680965756e+00
2.094312660760217426e+01,8.740025557258125133e+00
2.096313232352100897e+01,9.530551862193931356e+00
2.098313803943984013e+01,8.621426570204963724e+00
2.100314375535867484e+01,8.283219159957258881e+00
2.102314947127750600e+01,7.673619958253951268e+00
2.104315518719634071e+01,8.046056308522036460e+00
2.106316090311517542e+01,8.285481816247356690e+00
2.108316661903401013e+01,7.537048674497411227e+00
2.110317233495284484e+01,7.173609399233864536e+00
2.112317805087167955e+01,6.709459895314414446e+00
2.114318376679051426e+01,7.652695179027004357e+00
2.116318948270934541e+01,8.106787493209647977e+00
2.118319519862818012e+01,7.020889079384910580e+00
2.120320091454701483e+01,6.531730316019526583e+00
2.122320663046584599e+01,6.010584859284510806e+00
2.124321234638468070e+01,6.847605927071042764e+00
2.126321806230351541e+01,5.978531115997305356e+00
2.128322377822235012e+01,6.331135398143456605e+00
2.130322949414118483e+01,5.287368678030242464e+00
2.132323521006001954e+01,5.215651253747752847e+00
2.134324092597885425e+01,5.919702503599446608e+00
2.136324664189768541e+01,5.681987574068852354e+00
2.138325235781652012e+01,5.300067836195409221e+00
2.140325807373535127e+01,4.672382872352678795e+00
2.142326378965418598e+01,4.353746483471859996e+00
2.144326950557302069e+01,4.283025774341466807e+00
2.146327522149185540e+01,4.245619797014109409e+00
2.148328093741069011e+01,3.514850211008825109e+00
2.150328665332952482e+01,4.922032256535408656e+00
2.152329236924835953e+01,4.717195740503242085e+00
2.154329808516719069e+01,3.720260247868035997e+00
2.156330380108602540e+01,4.243593756719969967e+00
2.158330951700485656e+01,3.658601885770924156e+00
2.160331523292369127e+01,3.369788853019338504e+00
2.162332094884252598e+01,3.102901189412100802e+00
2.164332666476136069e+01,2.686973952126422205e+00
2.166333238068019540e+01,3.554431317066626850e+00
2.168333809659903011e+01,3.237927902132101465e+00
2.170334381251786482e+01,3.138877315431856108e+00
2.172334952843669598e+01,3.590274444494020223e+00
2.174335524435553069e+01,2.961044171899762656e+00
2.176336096027436540e+01,4.020642784801078840e+00
2.178336667619319655e+01,2.698764441496575461e+00
2.180337239211203126e+01,3.801845019300297945e+00
2.182337810803086597e+01,2.907826313482098524e+00
2.184338382394970068e+01,3.748556192610668081e+00
2.186338953986853539e+01,2.994468639861312287e+00
2.188339525578737010e+01,3.717326634560291332e+00
2.190340097170620481e+01,3.750080689899869313e+00
2.192340668762503597e+01,3.562738017035824711e+00
2.194341240354387068e+01,3.191444398229051682e+00
2.196341811946270184e+01,2.820218696470511599e+00
2.198342383538153655e+01,3.864488379456358480e+00
2.200342955130037126e+01,2.876384794222057284e+00
2.202343526721920597e+01,4.081924062758550242e+00
2.204344098313804068e+01,3.000909782728066411e+00
2.206344669905687539e+01,3.537198454600832598e+00
2.208345241497571010e+01,2.359222920594474360e+00
2.210345813089454126e+01,2.758357311461197447e+00
2.212346384681337597e+01,3.590056048537630939e+00
2.214346956273221068e+01,2.467834969874586726e+00
2.216347527865104183e+01,4.005375498288748837e+00
2.218348099456987654e+01,3.271946589777031011e+00
2.220348671048871125e+01,3.583549297742177231e+00
2.222349242640754596e+01,4.134811503907901198e+00
2.224349814232638067e+01,3.855442082029698181e+00
2.226350385824521538e+01,2.694867426218937378e+00
2.228350957416405009e+01,2.648234052098313640e+00
2.230351529008288125e+01,3.045849361917208231e+00
2.232352100600171596e+01,3.860385797386739259e+00
2.234352672192054712e+01,3.131156956231689659e+00
2.236353243783938183e+01,3.400718249740795063e+00
2.238353815375821654e+01,3.974908187923587910e+00
2.240354386967705125e+01,2.521439712443942938e+00
2.242354958559588596e+01,4.015510700816103729e+00
2.244355530151472067e+01,4.196190742068855783e+00
2.246356101743355538e+01,3.536521795664454348e+00
2.248356673335238654e+01,4.117316647948994657e+00
2.250357244927122125e+01,3.681950900878668609e+00
2.252357816519005240e+01,2.815148762563765672e+00
2.254358388110888711e+01,3.677908147664370464e+00
2.256358959702772182e+01,4.236521522736162559e+00
2.258359531294655653e+01,3.228525951803701943e+00
2.260360102886539124e+01,4.057623295851962908e+00
2.262360674478422595e+01,3.513247842045277292e+00
2.264361246070306066e+01,4.479811193769410949e+00
2.266361817662189182e+01,4.358745708516804207e+00
2.268362389254072653e+01,3.202802838318805190e+00
2.270362960845956124e+01,3.765171640942360565e+00
2.272363532437839240e+01,3.858796391119855507e+00
2.274364104029722711e+01,3.056199912633454474e+00
2.276364675621606182e+01,3.419891325233067825e+00
2.278365247213489653e+01,4.170969320126396873e+00
2.280365818805373124e+01,4.622536288108330282e+00
2.282366390397256595e+01,3.970930322081397179e+00
2.284366961989140066e+01,3.886273225134341036e+00
2.286367533581023181e+01,4.630581995643296089e+00
2.288368105172906652e+01,3.635897178133646879e+00
2.290368676764789768e+01,4.725016179390469695e+00
2.292369248356673239e+01,4.931079976286317113e+00
2.294369819948556710e+01,5.043588317170628166e+00
2.296370391540440181e+01,3.918005746389426669e+00
2.298370963132323652e+01,4.469256943912347069e+00
2.300371534724207123e+01,5.305714891789189203e+00
2.302372106316090594e+01,4.863311026821645733e+00
2.304372677907973710e+01,5.093737817460112893e+00
2.306373249499857181e+01,5.423653371443403870e+00
2.308373821091740652e+01,5.788169572029861598e+00
2.310374392683623768e+01,4.753212622677784438e+00
2.312374964275507239e+01,5.399632020367321594e+00
2.314375535867390710e+01,5.952008320697800059e+00
2.316376107459274181e+01,5.258947436263454733e+00
2.318376679051157652e+01,6.608660022889067953e+00
2.320377250643041123e+01,6.533838670645096158e+00
2.322377822234924594e+01,5.554263763188305170e+00
2.324378393826807709e+01,7.077422401868352253e+00
2.326378965418691180e+01,7.196392884488576946e+00
2.328379537010574296e+01,7.360377714259191961e+00
2.330380108602457767e+01,7.287443867540366327e+00
2.332380680194341238e+01,6.377059621627847896e+00
2.334381251786224709e+01,6.638564981649607510e+00
2.336381823378108180e+01,7.437961795522387121e+00
2.338382394969991651e+01,6.920215853001733919e+00
2.340382966561875122e+01,7.676885813137281467e+00
2.342383538153758238e+01,7.608100711547749029e+00
2.344384109745641709e+01,7.605910689860661655e+00
2.346384681337524825e+01,7.821975869404135473e+00
2.348385252929408296e+01,7.675228572586972220e+00
2.350385824521291767e+01,8.724926861140867018e+00
2.352386396113175238e+01,8.125794887618839724e+00
2.354386967705058709e+01,8.723678566302552895e+00
2.356387539296942180e+01,8.684366791823103782e+00
2.358388110888825651e+01,9.268547157816405146e+00
2.360388682480708766e+01,8.962622688848460584e+00
2.362389254072592237e+01,9.700088697692729411e+00
2.364389825664475708e+01,9.577708259070739416e+00
2.366390397256358824e+01,9.448879036891783656e+00
2.368390968848242295e+01,8.467450527363640234e+00
2.370391540440125766e+01,8.624218349048632604e+00
2.372392112032009237e+01,9.519595350875958317e+00
2.374392683623892708e+01,9.243900119900359869e+00
2.376393255215776179e+01,9.185483051358874107e+00
2.378393826807659650e+01,9.601103327837819279e+00
2.380394398399542766e+01,9.405523192433120627e+00
2.382394969991426237e+01,1.079905932675423585e+01
2.384395541583309353e+01,9.525085851776845303e+00
2.386396113175192824e+01,1.062650506961133345e+01
2.388396684767076295e+01,1.026191314794948539e+01
2.390397256358959766e+01,1.054506308386921276e+01
2.392397827950843237e+01,9.168381534883781825e+00
2.394398399542726708e+01,8.612792255018074883e+00
2.396398971134610179e+01,1.001964513593793527e+01
2.398399542726493294e+01,9.511812386445065215e+00
2.400400114318376765e+01,9.385015186084286753e+00
2.402400685910260236e+01,8.310845582978220847e+00
2.404401257502143352e+01,9.426376194304413758e+00
2.406401829094026823e+01,8.039477329336381928e+00
2.408402400685910294e+01,8.624466166054901350e+00
2.410402972277793765e+01,8.456274166336797293e+00
2.412403543869677236e+01,8.778336353708755979e+00
2.414404115461560707e+01,8.912730873448154512e+00
2.416404687053444178e+01,9.437988226748704079e+00
2.418405258645327294e+01,8.979447942374793712e+00
2.420405830237210765e+01,8.418890223599479583e+00
2.422406401829093880e+01,8.729418363603949516e+00
2.424406973420977351e+01,7.754964765008227623e+00
2.426407545012860822e+01,9.505287179605263148e+00
2.428408116604744293e+01,9.420118249023820667e+00
2.430408688196627764e+01,9.038729706166755307e+00
2.432409259788511235e+01,8.146642598245202649e+00
2.434409831380394706e+01,8.400801429149364452e+00
2.436410402972277822e+01,9.895107620496496281e+00
2.438410974564161293e+01,8.484557908774659651e+00
2.440411546156044409e+01,8.573651898632737911e+00
2.442412117747927880e+01,8.641602741739914606e+00
2.444412689339811351e+01,8.320581836701911982e+00
2.446413260931694822e+01,8.643953405996354533e+00
2.448413832523578293e+01,8.221348383295831397e+00
2.450414404115461764e+01,9.637472407624459336e+00
2.452414975707345235e+01,7.919096833181429318e+00
2.454415547299228351e+01,7.960962098600155912e+00
2.456416118891111822e+01,7.074860518088293304e+00
2.458416690482995293e+01,6.868327023034809464e+00
2.460417262074878408e+01,6.983326777255264517e+00
2.462417833666761879e+01,6.815294166660989639e+00
2.464418405258645350e+01,5.940894038679996214e+00
2.466418976850528821e+01,6.151981300425042321e+00
2.468419548442412292e+01,7.113137572654212093e+00
2.470420120034295763e+01,6.160084139614579790e+00
2.472420691626179234e+01,5.966155778526058384e+00
2.474421263218062350e+01,5.521175804153862110e+00
2.476421834809945821e+01,4.880850647120841934e+00
2.478422406401828937e+01,5.545676414547671129e+00
2.480422977993712408e+01,5.945515145969907600e+00
2.482423549585595879e+01,5.091862930065991222e+00
2.484424121177479350e+01,5.731047605292205027e+00
2.486424692769362821e+01,4.899806071348542069e+00
2.488425264361246292e+01,4.577592051149226293e+00
2.490425835953129763e+01,4.413019496592081481e+00
2.492426407545012879e+01,5.752526899719009990e+00
2.494426979136896350e+01,5.297878909203388886e+00
2.496427550728779821e+01,5.850821116058857463e+00
2.498428122320662936e+01,5.448056619659067401e+00
2.500428693912546407e+01,4.379974857889722628e+00
2.502429265504429878e+01,5.960465280108984132e+00
2.504429837096313349e+01,5.195649667629605339e+00
2.506430408688196820e+01,5.199736192835431758e+00
2.508430980280080291e+01,5.135354912053628595e+00
2.510431551871963762e+01,6.179766276321143614e+00
2.512432123463846878e+01,6.067405067745624159e+00
2.514432695055730349e+01,5.563274326060295927e+00
2.516433266647613465e+01,5.606936315380239400e+00
2.518433838239496936e+01,5.776716292439028955e+00
2.520434409831380407e+01,6.284222547961250349e+00
2.522434981423263878e+01,6.280110981266578740e+00
2.524435553015147349e+01,5.832414357814970529e+00
2.526436124607030820e+01,5.312185998716072888e+00
2.528436696198914291e+01,6.490532041867987267e+00
2.530437267790797407e+01,5.846293049456503965e+00
2.532437839382680878e+01,5.500449516723610266e+00
2.534438410974563993e+01,6.289296038957810531e+00
2.536438982566447464e+01,6.647158685478593121e+00
2.538439554158330935e+01,6.904593428244200304e+00
2.540440125750214406e+01,6.630323772058829057e+00
2.542440697342097877e+01,5.739387051738743750e+00
2.544441268933981348e+01,7.037419460715075736e+00
2.546441840525864819e+01,6.336015795812270923e+00
2.548442412117747935e+01,5.834755737760254135e+00
2.550442983709631406e+01,6.007979715003867405e+00
2.552443555301514877e+01,7.659449281124254050e+00
2.554444126893397993e+01,7.440362299327594187e+00
2.556444698485281464e+01,6.724404994222640042e+00
2.558445270077164935e+01,7.292606501973690314e+00
2.560445841669048406e+01,7.199662923379911206e+00
2.562446413260931877e+01,7.782949169303043924e+00
2.564446984852815348e+01,8.264706953522310329e+00
2.566447556444698819e+01,8.262739858606613197e+00
2.568448128036581934e+01,7.034196743862946022e+00
2.570448699628465405e+01,7.912878730951767636e+00
2.572449271220348521e+01,8.695425029701217667e+00
2.574449842812231992e+01,8.617646185460660746e+00
2.576450414404115463e+01,9.086902432781668537e+00
2.578450985995998934e+01,8.844392553943007940e+00
2.580451557587882405e+01,7.690944384525709054e+00
2.582452129179765876e+01,9.368077269050994360e+00
2.584452700771649347e+01,9.032522811197880586e+00
2.586453272363532463e+01,9.372735653405575462e+00
2.588453843955415934e+01,8.593961612652451620e+00
2.590454415547299405e+01,8.925869643972980327e+00
2.592454987139182521e+01,8.248319810529485707e+00
2.594455558731065992e+01,8.376557135395767517e+00
2.596456130322949463e+01,8.305467004033204148e+00
2.598456701914832934e+01,8.289887241442212229e+00
2.600457273506716405e+01,8.740501157923990405e+00
2.602457845098599520e+01,8.523354038210088746e+00
2.604458416690482991e+01,9.540032782493620189e+00
2.606458988282366462e+01,8.880896928228326104e+00
2.608459559874249933e+01,8.907480694415944811e+00
2.610460131466133404e+01,1.029766472219015583e+01
2.612460703058016520e+01,9.883982304203332347e+00
2.614461274649899991e+01,1.126535145874705535e+01
2.616461846241783462e+01,1.102541794172402589e+01
2.618462417833666933e+01,1.069590904042635415e+01
2.620462989425550404e+01,1.150520480967557901e+01
2.622463561017433520e+01,1.278049388284857102e+01
2.624464132609316991e+01,1.318355990460494809e+01
2.626464704201200462e+01,1.450450170230445757e+01
2.628465275793083933e+01,1.492892805730119044e+01
2.630465847384967049e+01,1.655433630930899724e+01
2.632466418976850520e+01,1.677032179699770253e+01
2.634466990568733991e+01,1.907099922193065922e+01
2.636467562160617462e+01,1.906856459617593202e+01
2.638468133752500933e+01,2.005946028840513762e+01
2.640468705344384048e+01,2.192770148709707811e+01
2.642469276936267519e+01,2.292511071013814927e+01
2.644469848528150990e+01,2.424783534918618955e+01
2.646470420120034461e+01,2.689829135367054036e+01
2.648470991711917932e+01,2.876383744930262054e+01
2.650471563303801048e+01,2.954583120819667030e+01
2.652472134895684519e+01,3.210218526324339194e+01
2.654472706487567990e+01,3.316738040481244099e+01
2.656473278079451461e+01,3.515444389220508015e+01
2.658473849671334932e+01,3.883580390938394800e+01
2.660474421263218048e+01,3.989887803655881982e+01
2.662474992855101519e+01,4.283565412821438656e+01
2.664475564446984990e+01,4.468579181058287730e+01
2.666476136038868461e+01,4.639810319444160314e+01
2.668476707630751577e+01,5.067910536468200178e+01
2.670477279222635048e+01,5.298903458254047649e+01
2.672477850814518519e+01,5.500506996239970192e+01
2.674478422406401990e+01,5.842745208100606646e+01
2.676478993998285461e+01,6.151478097803754252e+01
2.678479565590168576e+01,6.391016257788638200e+01
2.680480137182052047e+01,6.678236457334982390e+01
2.682480708773935518e+01,6.928506463353360800e+01
2.684481280365818989e+01,7.244469335024098200e+01
2.686481851957702460e+01,7.617020124090745981e+01
2.688482423549585576e+01,8.040999662957941041e+01
2.690482995141469047e+01,8.264070728173967950e+01
2.692483566733352518e+01,8.599810891748573738e+01
2.694484138325235989e+01,8.923308197224459093e+01
2.696484709917119105e+01,9.103311648686201352e+01
2.698485281509002576e+01,9.366127152051308258e+01
2.700485853100886047e+01,9.644021391989021197e+01
2.702486424692769518e+01,9.810853737439994404e+01
2.704486996284652989e+01,9.826471162588715913e+01
2.706487567876536104e+01,9.887319672985273655e+01
2.708488139468419575e+01,1.000000000000000000e+02
2.710488711060303046e+01,9.804034344223431674e+01
2.712489282652186517e+01,9.793925346586549097e+01
2.714489854244069988e+01,9.555160305150045019e+01
2.716490425835953104e+01,9.171107620797359061e+01
2.718490997427836575e+01,8.830697190684219322e+01
2.720491569019720046e+01,8.561024956665640673e+01
2.722492140611603517e+01,8.014522493690631677e+01
2.724492712203486633e+01,7.562165122435530407e+01
2.726493283795370104e+01,7.041681822594479456e+01
2.728493855387253575e+01,6.525909851469454281e+01
2.730494426979137046e+01,5.877432091522876334e+01
2.732494998571020517e+01,5.425712940662041461e+01
2.734495570162903633e+01,4.812702007475532895e+01
2.736496141754787104e+01,4.485413038561426191e+01
2.738496713346670575e+01,3.948166526075488747e+01
2.740497284938554046e+01,3.610139544419178037e+01
2.742497856530437517e+01,3.178329768570621994e+01
2.744498428122320632e+01,2.871609822270637835e+01
2.746498999714204103e+01,2.579096461310435373e+01
2.748499571306087574e+01,2.458101544160944485e+01
2.750500142897971045e+01,2.285549910501828208e+01
2.752500714489854516e+01,2.025249021899821145e+01
2.754501286081737632e+01,1.983361067802308497e+01
2.756501857673621103e+01,1.857624463231870493e+01
2.758502429265504574e+01,1.685985291745449643e+01
2.760503000857388045e+01,1.695158229164914232e+01
2.762503572449271161e+01,1.545423885595291758e+01
2.764504144041154632e+01,1.581980198923285208e+01
2.766504715633038103e+01,1.485927146729550508e+01
2.768505287224921574e+01,1.436976118394435353e+01
2.770505858816805045e+01,1.291545912716157218e+01
2.772506430408688161e+01,1.278058379188395222e+01
2.774507002000571632e+01,1.414232029537899926e+01
2.776507573592455103e+01,1.243910180813193556e+01
2.778508145184338574e+01,1.184933673835115364e+01
2.780508716776222045e+01,1.239918184827657299e+01
2.782509288368105160e+01,1.287337259606871420e+01
2.784509859959988631e+01,1.298679705406733120e+01
2.786510431551872102e+01,1.092787926257044262e+01
2.788511003143755573e+01,1.108228200312699485e+01
2.790511574735638689e+01,1.127210286367156478e+01
2.792512146327522160e+01,1.201367767970028133e+01
2.794512717919405631e+01,1.185157297033294732e+01
2.796513289511289102e+01,1.020291967279122680e+01
2.798513861103172573e+01,1.111725916489687371e+01
2.800514432695055689e+01,1.023262223957664219e+01
2.802515004286939160e+01,9.998244693061490551e+00
2.804515575878822631e+01,1.044728266030967312e+01
2.806516147470706102e+01,1.012077834032871415e+01
2.808516719062589573e+01,8.891974702092989347e+00
2.810517290654472689e+01,8.995232858564561340e+00
2.812517862246356160e+01,1.008546748792564962e+01
2.814518433838239631e+01,9.601205780936114209e+00
2.816519005430123102e+01,9.325545328327240924e+00
2.818519577022006217e+01,9.294188698104099089e+00
2.820520148613889688e+01,8.969067996139042265e+00
2.822520720205773159e+01,7.787342388625113188e+00
2.824521291797656630e+01,8.936923510982179408e+00
2.826521863389540101e+01,9.306264733767996233e+00
2.828522434981423217e+01,8.485552508323317866e+00
2.830523006573306688e+01,9.133333258240055486e+00
2.832523578165190159e+01,7.835730459952550575e+00
2.834524149757073630e+01,8.779154625543888812e+00
2.836524721348957101e+01,9.552412831066954269e+00
2.838525292940840217e+01,7.985879104816758556e+00
2.840525864532723688e+01,9.220826999306808602e+00
2.842526436124607159e+01,9.990800593854759271e+00
2.844527007716490630e+01,1.024955725456154809e+01
2.846527579308374101e+01,9.951575369693307138e+00
2.848528150900257216e+01,1.011901420930011142e+01
2.850528722492140687e+01,1.090006918692385973e+01
2.852529294084024158e+01,1.186478056326794217e+01
2.854529865675907629e+01,1.196579302128503386e+01
2.856530437267790745e+01,1.291769679982839136e+01
2.858531008859674216e+01,1.321303679184692825e+01
2.860531580451557687e+01,1.260756914574382215e+01
2.862532152043441158e+01,1.317500090814470148e+01
2.864532723635324629e+01,1.559751023209884835e+01
2.866533295227207745e+01,1.504316284815556237e+01
2.868533866819091216e+01,1.654172570835901013e+01
2.870534438410974687e+01,1.784870671488875260e+01
2.872535010002858158e+01,1.830527553648745354e+01
2.874535581594741629e+01,1.887915798471294693e+01
2.876536153186624745e+01,2.062990373358634955e+01
2.878536724778508216e+01,2.210778981456101278e+01
2.880537296370391687e+01,2.302015880384876212e+01
2.882537867962275158e+01,2.446896785532845442e+01
2.884538439554158273e+01,2.628004984420775969e+01
2.886539011146041744e+01,2.718416511329772689e+01
2.888539582737925215e+01,2.967080485060504103e+01
2.890540154329808686e+01,3.049844315838421949e+01
2.892540725921692157e+01,3.313440815955578955e+01
2.894541297513575273e+01,3.427146515538173333e+01
2.896541869105458744e+01,3.610460687510058619e+01
2.898542440697342215e+01,3.820529952654641903e+01
2.900543012289225686e+01,3.986094009554185646e+01
2.902543583881109157e+01,4.313532577965041526e+01
2.904544155472992273e+01,4.375157357666277846e+01
2.906544727064875744e+01,4.653579117868090975e+01
2.908545298656759215e+01,4.917673433818414708e+01
2.910545870248642686e+01,5.151038719440057889e+01
2.912546441840525802e+01,5.379619505942044810e+01
2.914547013432409273e+01,5.651798398174974380e+01
2.916547585024292744e+01,5.911253122332488630e+01
2.918548156616176215e+01,5.974832857581429124e+01
2.920548728208059686e+01,6.181690010903659527e+01
2.922549299799942801e+01,6.417249441081581551e+01
2.924549871391826272e+01,6.706271544195209344e+01
2.926550442983709743e+01,6.843682711096420235e+01
2.928551014575593214e+01,6.843175962596177442e+01
2.930551586167476685e+01,6.985333541973238880e+01
2.932552157759359801e+01,6.997151836918180834e+01
2.934552729351243272e+01,6.937768669479338257e+01
2.936553300943126743e+01,6.922193014799222510e+01
2.938553872535010214e+01,6.783876315657241207e+01
2.940554444126893330e+01,6.704756981103577118e+01
2.942555015718776801e+01,6.411639283568031544e+01
2.944555587310660272e+01,6.188462695704104988e+01
2.946556158902543743e+01,5.796440687836634709e+01
2.948556730494427214e+01,5.612547036376754050e+01
2.950557302086310330e+01,5.190251947905617413e+01
2.952557873678193801e+01,4.788021073830648788e+01
2.954558445270077272e+01,4.396930373566178218e+01
2.956559016861960743e+01,3.948148226115530690e+01
2.958559588453844214e+01,3.740046880193606427e+01
2.960560160045727329e+01,3.321407314715387571e+01
2.962560731637610800e+01,3.014258314542106376e+01
2.964561303229494271e+01,2.768186015092442176e+01
2.966561874821377742e+01,2.367375286690186087e+01
2.968562446413261213e+01,2.234015896206939900e+01
2.970563018005144329e+01,1.918875857145859953e+01
2.972563589597027800e+01,1.831074778029210037e+01
2.974564161188911271e+01,1.609788287891920788e+01
2.976564732780794742e+01,1.533628439726807535e+01
2.978565304372677858e+01,1.349709251134618526e+01
2.980565875964561329e+01,1.298733800798686211e+01
2.982566447556444800e+01,1.266409371615693047e+01
2.984567019148328271e+01,1.114124129149167786e+01
2.986567590740211742e+01,1.124483875983603376e+01
2.988568162332094857e+01,9.809477754868797916e+00
2.990568733923978328e+01,9.708006218834512424e+00
2.992569305515861799e+01,9.870518410989681968e+00
2.994569877107745270e+01,9.224947941032048959e+00
2.996570448699628741e+01,8.902782157179355949e+00
2.998571020291511857e+01,9.047154916307901473e+00
3.000571591883395328e+01,7.932163118354600861e+00
3.002572163475278799e+01,7.841146170766274182e+00
3.004572735067162270e+01,8.150168402414051272e+00
3.006573306659045386e+01,8.370372586824913697e+00
3.008573878250928857e+01,7.483828397854532355e+00
3.010574449842812328e+01,7.899696686617842190e+00
3.012575021434695799e+01,7.814175094175197067e+00
3.014575593026579270e+01,8.894831096812259474e+00
3.016576164618462386e+01,8.684753428911161421e+00
3.018576736210345857e+01,7.988355213992550219e+00
3.020577307802229328e+01,7.070327921295207041e+00
3.022577879394112799e+01,7.295793447666709675e+00
3.024578450985996270e+01,6.541171476085949621e+00
3.026579022577879385e+01,7.982858861673138406e+00
3.028579594169762856e+01,7.634986199876792945e+00
3.030580165761646327e+01,7.114393569057486211e+00
3.032580737353529798e+01,7.412300939189869098e+00
3.034581308945412914e+01,6.765866001557967024e+00
3.036581880537296385e+01,6.309112448764548020e+00
3.038582452129179856e+01,8.031717652293441034e+00
3.040583023721063327e+01,6.579953670925807963e+00
3.042583595312946798e+01,7.611145369057298993e+00
3.044584166904829914e+01,6.254512098494458883e+00
3.046584738496713385e+01,7.462205446248414198e+00
3.048585310088596856e+01,7.174845447235768781e+00
3.050585881680480327e+01,6.999228265837095897e+00
3.052586453272363798e+01,6.614175143278258062e+00
3.054587024864246914e+01,6.816447265073685813e+00
3.056587596456130385e+01,7.480250941705148371e+00
3.058588168048013856e+01,6.839186961026424427e+00
3.060588739639897327e+01,7.410604366414722755e+00
3.062589311231780798e+01,7.365910557473799969e+00
3.064589882823663913e+01,7.301670388444600590e+00
3.066590454415547384e+01,6.735219020717873484e+00
3.068591026007430855e+01,7.661410857640948535e+00
3.070591597599314326e+01,8.007091518988030288e+00
3.072592169191197442e+01,8.300449356392309852e+00
3.074592740783080913e+01,7.032412919659678074e+00
3.076593312374964384e+01,6.871245023695125909e+00
3.078593883966847855e+01,8.265136891037439426e+00
3.080594455558731326e+01,8.363404493414632768e+00
3.082595027150614442e+01,8.646034500219275998e+00
3.084595598742497913e+01,7.486091364439227291e+00
3.086596170334381384e+01,8.060457485824484181e+00
3.088596741926264855e+01,8.207104691646843975e+00
3.090597313518148326e+01,7.172762396665209650e+00
3.092597885110031442e+01,7.457549235001843968e+00
3.094598456701914913e+01,7.521492380798799005e+00
3.096599028293798384e+01,7.538229296531838486e+00
3.098599599885681855e+01,8.131375905301840845e+00
3.100600171477564970e+01,7.596455018930080350e+00
3.102600743069448441e+01,7.017137608802576310e+00
3.104601314661331912e+01,7.162436170744023833e+00
3.106601886253215383e+01,6.476362217523974785e+00
3.108602457845098854e+01,6.202204309824357331e+00
3.110603029436981970e+01,7.025317379494668835e+00
3.112603601028865441e+01,7.672253951376979408e+00
3.114604172620748912e+01,6.312932891516622291e+00
3.116604744212632383e+01,6.183236097436046741e+00
3.118605315804515854e+01,7.224042356629966299e+00
3.120605887396398970e+01,6.344293603211852428e+00
3.122606458988282441e+01,7.197917544716535332e+00
3.124607030580165912e+01,6.930364523490649020e+00
3.126607602172049383e+01,6.920643377054342515e+00
3.128608173763932498e+01,6.920437131726486335e+00
3.130608745355815969e+01,6.009681296324680844e+00
3.132609316947699440e+01,6.975527372022172656e+00
3.134609888539582911e+01,6.550911732100639817e+00
3.136610460131466382e+01,7.003397979265695739e+00
3.138611031723349498e+01,7.108691877178602958e+00
3.140611603315232969e+01,6.256463567617182697e+00
3.142612174907116440e+01,5.964210465778531756e+00
3.144612746498999911e+01,7.029522462132447913e+00
3.146613318090883382e+01,6.352993802117879341e+00
3.148613889682766498e+01,6.980309619667650622e+00
3.150614461274649969e+01,6.028208173282485483e+00
3.152615032866533440e+01,6.722555832626769146e+00
3.154615604458416911e+01,6.156411651240193628e+00
3.156616176050300382e+01,5.654070392812583279e+00
3.158616747642183498e+01,5.974289858384177698e+00
3.160617319234066969e+01,6.050708005663765654e+00
3.162617890825950440e+01,7.280183410088099549e+00
3.164618462417833911e+01,6.726169706986643959e+00
3.166619034009717026e+01,7.358885022242212415e+00
3.168619605601600497e+01,6.027372813132365614e+00
3.170620177193483968e+01,6.640536057310927553e+00
3.172620748785367439e+01,6.331985985329554367e+00
3.174621320377250910e+01,5.534829705589370263e+00
3.176621891969134026e+01,7.011886610597071190e+00
3.178622463561017497e+01,5.806990362365898939e+00
3.180623035152900968e+01,6.758834615124168721e+00
3.182623606744784439e+01,6.485561027208476048e+00
3.184624178336667910e+01,6.327001572899319193e+00
3.186624749928551026e+01,6.430192036228988606e+00
3.188625321520434497e+01,5.019161858587368741e+00
3.190625893112317968e+01,4.950206077862143061e+00
3.192626464704201439e+01,6.028005099172530024e+00
3.194627036296084555e+01,5.645666643990807643e+00
3.196627607887968026e+01,5.385745233377574159e+00
3.198628179479851497e+01,6.181149562575317447e+00
3.200628751071734968e+01,5.865913463526156946e+00
3.202629322663618439e+01,5.097121702503637941e+00
3.204629894255501199e+01,4.064010111212617460e+00
3.206630465847385381e+01,5.135425512423137384e+00
3.208631037439268141e+01,3.735259128487414149e+00
3.210631609031152323e+01,4.391577976120353277e+00
3.212632180623035083e+01,3.551365026082104581e+00
3.214632752214918554e+01,4.795703000510782132e+00
3.216633323806802025e+01,5.147686543327528064e+00
3.218633895398685496e+01,4.231932616053158291e+00
3.220634466990568967e+01,4.777566445780744075e+00
3.222635038582451728e+01,4.679740426591472158e+00
3.224635610174335909e+01,4.058445541629078335e+00
3.226636181766218670e+01,3.136365721826650077e+00
3.228636753358102851e+01,3.001399732421161648e+00
3.230637324949985612e+01,3.024450183412375814e+00
3.232637896541869083e+01,4.291341089967815492e+00
3.234638468133752554e+01,4.167712435218072997e+00
3.236639039725636025e+01,4.056241123461230558e+00
3.238639611317519496e+01,3.941754519031736237e+00
3.240640182909402967e+01,4.200191159754274040e+00
3.242640754501286438e+01,4.825105437942840858e+00
3.244641326093169198e+01,3.947162266577921574e+00
3.246641897685053380e+01,4.644869636804992652e+00
3.248642469276936140e+01,3.648931477828396552e+00
3.250643040868819611e+01,4.804037317699221710e+00
3.252643612460703082e+01,3.348541649067810599e+00
3.254644184052586553e+01,3.878110356605315889e+00
3.256644755644470024e+01,4.520667179906669553e+00
3.258645327236353495e+01,3.431501613129418704e+00
3.260645898828236966e+01,4.691707075162572238e+00
3.262646470420119726e+01,5.423469841202421371e+00
3.264647042012003908e+01,5.344799985829425282e+00
3.266647613603886668e+01,4.014508217872699625e+00
3.268648185195770850e+01,4.506433627421742472e+00
3.270648756787653610e+01,4.281439070007843739e+00
3.272649328379537081e+01,5.671393559507417415e+00
3.274649899971420552e+01,4.425012269677986332e+00
3.276650471563304023e+01,4.313985523256182120e+00
3.278651043155187494e+01,4.688731232358020584e+00
3.280651614747070255e+01,6.078288377307985435e+00
3.282652186338954436e+01,5.528266893258094505e+00
3.284652757930837197e+01,5.245788777306591655e+00
3.286653329522721378e+01,5.898228542260715024e+00
3.288653901114604139e+01,4.783352435583153373e+00
3.290654472706487610e+01,5.508782628221077893e+00
3.292655044298371081e+01,5.997746834730940613e+00
3.294655615890254552e+01,5.170447275414401744e+00
3.296656187482138023e+01,4.714472039162092898e+00
3.298656759074020783e+01,5.140117378483721744e+00
3.300657330665904965e+01,5.684089664414481824e+00
3.302657902257787725e+01,5.864901018238708019e+00
3.304658473849671907e+01,6.029068727566955666e+00
3.306659045441554667e+01,5.115634043823138022e+00
3.308659617033438138e+01,6.379516862766462459e+00
3.310660188625321609e+01,6.931301641254783874e+00
3.312660760217205080e+01,6.919152476009560182e+00
3.314661331809088551e+01,6.426474181296021548e+00
3.316661903400971312e+01,7.812108693747758181e+00
3.318662474992855493e+01,7.470658768563538388e+00
3.320663046584738254e+01,7.382430885702808254e+00
3.322663618176622435e+01,9.037752773832504971e+00
3.324664189768505196e+01,9.082751016338455941e+00
3.326664761360388667e+01,9.700967302764620825e+00
3.328665332952272138e+01,1.084323813780256174e+01
3.330665904544155609e+01,1.182261803071514095e+01
3.332666476136039080e+01,1.209147057315424334e+01
3.334667047727922551e+01,1.244293251681927792e+01
3.336667619319806022e+01,1.361895402854291603e+01
3.338668190911688782e+01,1.437131757690536915e+01
3.340668762503572964e+01,1.611575855667191703e+01
3.342669334095455724e+01,1.765332890628506490e+01
3.344669905687339195e+01,1.800516879752052191e+01
3.346670477279222666e+01,1.935734325057055116e+01
3.348671048871106137e+01,2.048937887300230543e+01
3.350671620462989608e+01,2.214651271282893674e+01
3.352672192054873079e+01,2.447876956365747958e+01
3.354672763646756550e+01,2.669964350500863048e+01
3.356673335238639311e+01,2.787773970889804076e+01
3.358673906830523492e+01,3.045095094888114318e+01
3.360674478422406253e+01,3.358971452237293676e+01
3.362675050014290434e+01,3.632911168917156886e+01
3.364675621606173195e+01,3.925667233153605906e+01
3.366676193198056666e+01,4.136878196372467187e+01
3.368676764789940137e+01,4.465000075333540508e+01
3.370677336381823608e+01,4.757083900951715805e+01
3.372677907973707079e+01,5.034485379983642872e+01
3.374678479565589839e+01,5.434435118829539846e+01
3.376679051157474021e+01,5.842530970663305112e+01
3.378679622749356781e+01,6.031993409564577036e+01
3.380680194341240963e+01,6.442152447312449226e+01
3.382680765933123723e+01,6.919120295543039845e+01
3.384681337525007194e+01,7.132549425244746999e+01
3.386681909116890665e+01,7.534174302128329259e+01
3.388682480708774136e+01,7.941364860799325243e+01
3.390683052300657607e+01,8.265524467531295727e+01
3.392683623892540368e+01,8.656935672177797869e+01
3.394684195484424549e+01,8.846920140685567446e+01
3.396684767076307310e+01,9.163822808253775065e+01
3.398685338668191491e+01,9.250105807671425850e+01
3.400685910260074252e+01,9.463418281560846879e+01
3.402686481851957723e+01,9.630110216804520462e+01
3.404687053443841194e+01,9.554121449847507108e+01
3.406687625035724665e+01,9.661057643477205659e+01
3.408688196627608136e+01,9.646805465509622479e+01
3.410688768219490896e+01,9.492601986108654444e+01
3.412689339811375078e+01,9.351835495930205866e+01
3.414689911403257838e+01,9.110214230488401199e+01
3.416690482995142020e+01,8.884776949281048530e+01
3.418691054587024780e+01,8.721852819213846431e+01
3.420691626178908251e+01,8.376320704253824090e+01
3.422692197770791722e+01,7.962092287490145281e+01
3.424692769362675193e+01,7.783853706738283051e+01
3.426693340954558664e+01,7.348030957313646638e+01
3.428693912546442135e+01,7.022689493595284205e+01
3.430694484138325606e+01,6.627219609194725081e+01
3.432695055730208367e+01,6.265907405956679810e+01
3.434695627322092548e+01,5.680134694259141526e+01
3.436696198913975309e+01,5.379770407255703191e+01
3.438696770505858780e+01,4.872191527240222797e+01
3.440697342097742251e+01,4.630817565496838029e+01
3.442697913689625722e+01,4.053299509132222767e+01
3.444698485281509193e+01,3.737966939653212251e+01
3.446699056873392664e+01,3.473534081479631652e+01
3.448699628465276135e+01,3.137858255817052111e+01
3.450700200057158895e+01,2.670701601230988942e+01
3.452700771649043077e+01,2.462578259804869063e+01
3.454701343240925837e+01,2.293957306750753489e+01
3.456701914832810019e+01,1.988524306747469694e+01
3.458702486424692779e+01,1.863633431434500665e+01
3.460703058016576250e+01,1.563008839624052015e+01
3.462703629608459721e+01,1.420186783504832029e+01
3.464704201200343192e+01,1.237459324580533604e+01
3.466704772792226663e+01,1.249246402500562958e+01
3.468705344384109424e+01,1.092998893467136945e+01
3.470705915975993605e+01,9.495392484475139838e+00
3.472706487567876366e+01,8.565455423739960494e+00
3.474707059159760547e+01,9.144924737965993700e+00
3.476707630751643308e+01,8.975534617591439002e+00
3.478708202343526779e+01,7.544694147574976029e+00
3.480708773935410250e+01,8.138336737525326825e+00
3.482709345527293721e+01,7.284695088783894157e+00
3.484709917119177192e+01,5.976842140400423276e+00
3.486710488711059952e+01,6.874799556273216261e+00
3.488711060302944134e+01,6.432111066482606887e+00
3.490711631894826894e+01,5.875514697846322854e+00
3.492712203486711076e+01,5.823696318958181628e+00
3.494712775078593836e+01,5.917930710778215975e+00
3.496713346670477307e+01,4.824492874589092928e+00
3.498713918262360778e+01,4.801708242295454454e+00
3.500714489854244249e+01,5.675434591975927034e+00
3.502715061446127720e+01,5.215886051517833799e+00
3.504715633038010481e+01,5.695541346873380206e+00
3.506716204629894662e+01,5.353896710432784367e+00
3.508716776221777423e+01,3.996098841506623423e+00
3.510717347813661604e+01,5.318195649267397407e+00
3.512717919405544365e+01,3.795756076975106197e+00
3.514718490997427836e+01,5.015021559720476141e+00
3.516719062589311307e+01,4.041508697133143535e+00
3.518719634181194778e+01,4.340008905089599800e+00
3.520720205773078249e+01,5.279785268268645915e+00
3.522720777364961720e+01,3.895580248080455110e+00
3.524721348956845191e+01,3.490752412027110729e+00
3.526721920548727951e+01,5.030558457079929546e+00
3.528722492140612133e+01,3.883496819159336422e+00
3.530723063732494893e+01,4.249531998770578411e+00
3.532723635324378364e+01,3.703258561743536070e+00
3.534724206916261835e+01,3.638072111771608608e+00
3.536724778508145306e+01,4.958261901378652858e+00
3.538725350100028777e+01,4.826024835278175829e+00
3.540725921691912248e+01,4.295634115677338549e+00
3.542726493283795719e+01,3.562703987313427856e+00
3.544727064875678479e+01,3.455796803220009483e+00
3.546727636467562661e+01,3.473710874311170649e+00
3.548728208059445421e+01,4.759382774107892899e+00
3.550728779651329603e+01,3.713905601326420669e+00
3.552729351243212363e+01,3.805258125266989921e+00
3.554729922835095834e+01,4.073865993506360361e+00
3.556730494426979305e+01,3.872547806503411127e+00
3.558731066018862776e+01,3.998372298589200291e+00
3.560731637610746247e+01,4.107865554962913279e+00
3.562732209202629008e+01,4.524284120179601132e+00
3.564732780794513189e+01,3.685027212341708491e+00
3.566733352386395950e+01,5.130535081910386097e+00
3.568733923978280131e+01,5.136626709168452543e+00
3.570734495570162892e+01,4.022746545913395089e+00
3.572735067162046363e+01,4.526493694196353168e+00
3.574735638753929834e+01,3.364349245336017535e+00
3.576736210345813305e+01,3.224150798403993434e+00
3.578736781937696776e+01,3.695230326658070386e+00
3.580737353529579536e+01,3.012390354499530964e+00
3.582737925121463718e+01,4.598999825497749327e+00
3.584738496713346478e+01,3.536066207619113833e+00
3.586739068305230660e+01,4.028920438543530658e+00
3.588739639897113420e+01,3.618754071252020310e+00
3.590740211488996891e+01,2.869011052408302120e+00
3.592740783080880362e+01,3.630778205760967658e+00
3.594741354672763833e+01,4.282778587704358486e+00
3.596741926264647304e+01,4.347704249028732093e+00
3.598742497856530065e+01,3.961821885779914343e+00
3.600743069448414246e+01,3.619091302804337218e+00
3.602743641040297007e+01,2.602133381727523620e+00
3.604744212632181188e+01,3.195479110233184539e+00
3.606744784224063949e+01,2.895463248476416229e+00
3.608745355815947420e+01,3.182559571898214479e+00
3.610745927407830891e+01,3.299631560883950598e+00
3.612746498999714362e+01,4.126808428001225160e+00
3.614747070591597833e+01,2.844631090220663516e+00
3.616747642183481304e+01,2.710921012128592711e+00
3.618748213775364775e+01,2.896282750549159513e+00
3.620748785367247535e+01,3.560671434820007697e+00
3.622749356959131717e+01,3.318485068209411804e+00
3.624749928551014477e+01,3.053732329703121806e+00
3.626750500142897948e+01,3.068271972446755314e+00
3.628751071734781419e+01,3.931705870044144291e+00
3.630751643326664890e+01,3.015800616276847368e+00
3.632752214918548361e+01,4.590304163092485012e+00
3.634752786510431832e+01,3.288880476492521243e+00
3.636753358102315303e+01,3.692207863728158124e+00
3.638753929694198064e+01,3.657110064080361767e+00
3.640754501286082245e+01,3.897737417771173885e+00
3.642755072877965006e+01,3.937267082653351569e+00
3.644755644469849187e+01,5.114852352684483350e+00
3.646756216061731948e+01,4.853160101425044282e+00
3.648756787653615419e+01,3.945982866170426817e+00
3.650757359245498890e+01,3.779417627345431185e+00
3.652757930837382361e+01,4.048253767492638211e+00
3.654758502429265832e+01,3.859946937493431651e+00
3.656759074021148592e+01,5.164542361573755791e+00
3.658759645613032774e+01,4.486534746313084909e+00
3.660760217204915534e+01,4.125137517496297868e+00
3.662760788796799716e+01,4.899468829977004170e+00
3.664761360388682476e+01,5.216635522470723707e+00
3.666761931980565947e+01,4.884571366555371164e+00
3.668762503572449418e+01,5.600672296038172071e+00
3.670763075164332889e+01,4.524625008767476864e+00
3.672763646756216360e+01,5.809531804216621076e+00
3.674764218348099121e+01,5.011772218438347970e+00
3.676764789939983302e+01,6.080556764463045383e+00
3.678765361531866063e+01,6.611512245483055494e+00
3.680765933123750244e+01,6.260581293343547848e+00
3.682766504715633005e+01,6.236697985176137493e+00
3.684767076307516476e+01,5.717082691719458154e+00
3.686767647899399947e+01,5.825360845817117550e+00
3.688768219491283418e+01,6.422498868078523770e+00
3.690768791083166889e+01,6.958259200236895481e+00
3.692769362675049649e+01,6.255909023895064536e+00
3.694769934266933831e+01,7.881377833699986013e+00
3.696770505858816591e+01,7.219872984930049142e+00
3.698771077450700773e+01,7.914332257577174623e+00
3.700771649042583533e+01,8.460945599450079513e+00
3.702772220634467004e+01,7.769271642643859721e+00
3.704772792226350475e+01,8.195813197933988548e+00
3.706773363818233946e+01,8.800383414380583247e+00
3.708773935410117417e+01,8.489850989958672045e+00
3.710774507002000888e+01,9.965769665159038837e+00
3.712775078593884359e+01,9.229825211618283731e+00
3.714775650185767120e+01,1.049744645855243341e+01
3.716776221777651301e+01,1.094594759244075988e+01
3.718776793369534062e+01,9.486403273559909977e+00
3.720777364961417533e+01,1.123720690825548552e+01
3.722777936553301004e+01,1.141656036801513885e+01
3.724778508145184475e+01,1.146263946955360069e+01
3.726779079737067946e+01,1.146337123352670062e+01
3.728779651328951417e+01,1.080920769677573468e+01
3.730780222920834888e+01,1.212360450039628645e+01
3.732780794512717648e+01,1.172395631887052936e+01
3.734781366104601830e+01,1.137716978529688561e+01
3.736781937696484590e+01,1.087890977812182491e+01
3.738782509288368772e+01,1.224489771659299109e+01
3.740783080880251532e+01,1.062712722574730329e+01
3.742783652472135003e+01,1.133922626461056993e+01
3.744784224064018474e+01,1.164084368980234530e+01
3.746784795655901945e+01,1.211474154789963720e+01
3.748785367247785416e+01,1.182394797738221470e+01
3.750785938839668177e+01,1.092158347112246730e+01
3.752786510431552358e+01,1.242610397901454888e+01
3.754787082023435119e+01,1.229997272602478375e+01
3.756787653615319300e+01,1.111460737680699040e+01
3.758788225207202061e+01,1.130577190584295444e+01
3.760788796799085532e+01,1.262409512503411335e+01
3.762789368390969003e+01,1.268956839754394217e+01
3.764789939982852474e+01,1.245533737672525376e+01
3.766790511574735945e+01,1.197079700795590362e+01
3.768791083166618705e+01,1.147265571100462722e+01
3.770791654758502887e+01,1.163642816753307052e+01
3.772792226350385647e+01,1.185527980392337355e+01
3.774792797942269829e+01,1.010841273421867470e+01
3.776793369534152589e+01,9.862390100943432714e+00
3.778793941126036060e+01,1.083380967377643600e+01
3.780794512717919531e+01,9.702746613408647747e+00
3.782795084309803002e+01,8.658661496803647495e+00
3.784795655901686473e+01,1.008814034139301086e+01
3.786796227493569234e+01,8.663491418135482292e+00
3.788796799085453415e+01,7.860260453913546108e+00
3.790797370677336176e+01,8.174041480654455682e+00
3.792797942269220357e+01,8.399569893368713736e+00
3.794798513861103118e+01,6.289089653096260335e+00
3.796799085452986589e+01,6.257477809961824455e+00
3.798799657044870060e+01,6.455352684710236488e+00
3.800800228636753531e+01,5.672093052689140436e+00
3.802800800228637002e+01,6.279771709344859509e+00
3.804801371820520473e+01,5.636214951587368738e+00
3.806801943412403944e+01,5.219056042219448521e+00
3.808802515004286704e+01,5.129374490445401058e+00
3.810803086596170886e+01,6.213436586676034601e+00
3.812803658188053646e+01,6.020379045673581508e+00
3.814804229779937117e+01,5.961947424799048711e+00
3.816804801371820588e+01,6.161435062490357772e+00
3.818805372963704059e+01,6.682488975556316824e+00
3.820805944555587530e+01,6.607222183608059574e+00
3.822806516147471001e+01,5.717209682752939948e+00
3.824807087739354472e+01,6.136693651130605609e+00
3.826807659331237232e+01,6.657911146748304532e+00
3.828808230923121414e+01,4.986016106975070805e+00
3.830808802515004174e+01,6.667159597636451274e+00
3.832809374106888356e+01,6.024964609368421264e+00
3.834809945698771116e+01,5.295188768643299682e+00
3.836810517290654587e+01,6.263834906814269132e+00
3.838811088882538058e+01,5.755653924869496230e+00
3.840811660474421529e+01,6.693424213455934080e+00
3.842812232066305000e+01,5.487006605956223027e+00
3.844812803658187761e+01,5.198934094623945512e+00
3.846813375250071942e+01,5.772269796875763248e+00
3.848813946841954703e+01,6.078702785975361067e+00
3.850814518433838884e+01,5.233623534570343239e+00
3.852815090025721645e+01,6.848922986410184599e+00
3.854815661617605116e+01,6.433549268790811126e+00
3.856816233209488587e+01,6.289355964137320676e+00
3.858816804801372058e+01,5.613762882462151715e+00
3.860817376393255529e+01,5.797884684005670586e+00
3.862817947985138289e+01,7.423061939805138287e+00
3.864818519577022471e+01,7.031842303945222028e+00
3.866819091168905231e+01,7.630551358535726969e+00
3.868819662760789413e+01,7.339263792303183820e+00
3.870820234352672173e+01,9.092988636002878877e+00
3.872820805944555644e+01,8.202174017843447018e+00
3.874821377536439115e+01,8.891849706455056790e+00
3.876821949128322586e+01,9.474304407884478252e+00
3.878822520720206057e+01,1.142178954866565910e+01
3.880823092312088818e+01,1.165532633668441242e+01
3.882823663903972999e+01,1.115053152128272274e+01
3.884824235495855760e+01,1.204791202489453106e+01
3.886824807087739941e+01,1.282309039419481422e+01
3.888825378679622702e+01,1.523513268838179968e+01
3.890825950271506173e+01,1.472144918447378537e+01
3.892826521863389644e+01,1.575435759380374634e+01
3.894827093455273115e+01,1.781696747365625200e+01
3.896827665047156586e+01,1.937362497421500862e+01
3.898828236639040057e+01,1.931859792916145935e+01
3.900828808230923528e+01,2.114471046175188818e+01
3.902829379822806288e+01,2.092799757073591493e+01
3.904829951414690470e+01,2.310672586855433508e+01
3.906830523006573230e+01,2.425619452589037195e+01
3.908831094598456701e+01,2.343698925148576606e+01
3.910831666190340172e+01,2.442211748895895340e+01
3.912832237782223643e+01,2.446041165680359342e+01
3.914832809374107114e+01,2.583274134203177752e+01
3.916833380965990585e+01,2.609846091352625308e+01
3.918833952557874056e+01,2.460257430960515279e+01
3.920834524149756817e+01,2.526221370897409457e+01
3.922835095741640998e+01,2.437357949342238683e+01
3.924835667333523759e+01,2.334970165240394735e+01
3.926836238925407940e+01,2.381482652510531040e+01
3.928836810517290701e+01,2.296479677980409662e+01
3.930837382109174172e+01,2.223648916337903714e+01
3.932837953701057643e+01,1.936187100201199129e+01
3.934838525292941114e+01,1.935009392975004161e+01
3.936839096884824585e+01,1.748041365590718144e+01
3.938839668476707345e+01,1.716466161054086470e+01
3.940840240068591527e+01,1.598592183469899730e+01
3.942840811660474287e+01,1.495942135460670919e+01
3.944841383252358469e+01,1.252613639073857676e+01
3.946841954844241229e+01,1.266128765561616198e+01
3.948842526436124700e+01,1.126194059151951166e+01
3.950843098028008171e+01,9.929091310127331482e+00
3.952843669619891642e+01,1.068086947990901159e+01
3.954844241211775113e+01,1.036075577737769926e+01
3.956844812803657874e+01,9.117253061029567007e+00
3.958845384395542055e+01,8.638877880472596971e+00
3.960845955987424816e+01,7.552145455691145592e+00
3.962846527579308997e+01,8.326372467076479822e+00
3.964847099171191758e+01,8.319085930610194524e+00
3.966847670763075229e+01,7.573382474594855474e+00
3.968848242354958700e+01,6.754916017390883987e+00
3.970848813946842171e+01,6.573076074908889233e+00
3.972849385538725642e+01,5.985986693690992233e+00
3.974849957130608402e+01,6.232547866038092188e+00
3.976850528722492584e+01,5.987250876482451467e+00
3.978851100314375344e+01,5.628927599321094988e+00
3.980851671906259526e+01,6.707051531562843394e+00
3.982852243498142286e+01,6.956437271286561419e+00
3.984852815090025757e+01,5.602782847029915914e+00
3.986853386681909228e+01,6.436871514605389422e+00
3.988853958273792699e+01,6.193143816721088157e+00
3.990854529865676170e+01,5.458350046858704729e+00
3.992855101457559641e+01,3.956766846640508817e+00
3.994855673049443112e+01,6.236519118132785700e+00
3.996856244641325873e+01,6.486635342010887761e+00
3.998856816233210054e+01,5.543521135947343303e+00
4.000857387825092815e+01,4.114997449295242582e+00
4.002857959416976286e+01,5.164326525867079631e+00
4.004858531008859757e+01,6.741713388398226314e+00
4.006859102600743228e+01,5.718394648069323516e+00
4.008859674192626699e+01,4.716038953258737898e+00
4.010860245784510170e+01,6.218620481544340883e+00
4.012860817376393641e+01,5.696289276979049632e+00
4.014861388968276401e+01,4.307491841821549983e+00
4.016861960560160583e+01,4.263886731164004296e+00
4.018862532152043343e+01,4.032790981695134391e+00
4.020863103743927525e+01,5.114306906359249894e+00
4.022863675335810285e+01,5.304168654233661684e+00
4.024864246927693756e+01,2.748399110439263548e+00
4.026864818519577227e+01,4.792595747020353514e+00
4.028865390111460698e+01,3.418662134406991182e+00
4.030865961703344169e+01,3.058095695352842647e+00
4.032866533295226930e+01,2.262075189847855938e+00
4.034867104887111111e+01,3.363693991959251672e+00
4.036867676478993872e+01,3.684039917663351371e+00
4.038868248070878053e+01,3.984268660674372242e+00
4.040868819662760814e+01,3.324700042243159626e+00
4.042869391254644285e+01,3.765713298658065700e+00
4.044869962846527756e+01,3.651951890045728621e+00
4.046870534438411227e+01,4.312046491193024522e+00
4.048871106030294698e+01,3.307004530423240940e+00
4.050871677622177458e+01,4.382804299717222740e+00
4.052872249214061640e+01,4.148206933809493790e+00
4.054872820805944400e+01,4.530953111425008117e+00
4.056873392397828582e+01,3.863155510236440104e+00
4.058873963989711342e+01,3.774612282067176583e+00
4.060874535581594813e+01,4.929222075673739489e+00
4.062875107173478284e+01,4.030731684775815893e+00
4.064875678765361755e+01,4.699455410050967785e+00
4.066876250357245226e+01,5.595427501456809338e+00
4.068876821949127986e+01,4.015937086973202952e+00
4.070877393541012168e+01,5.914160535199686208e+00
4.072877965132894929e+01,5.096659203683649331e+00
4.074878536724779110e+01,5.461371546740956262e+00
4.076879108316661871e+01,5.760946376889137355e+00
4.078879679908545342e+01,5.472417097202916914e+00
4.080880251500428813e+01,5.344632207792465728e+00
4.082880823092312284e+01,5.172070837895460294e+00
4.084881394684195755e+01,5.151463849461724642e+00
4.086881966276079226e+01,5.406971969823421986e+00
4.088882537867962697e+01,6.493181573058571132e+00
4.090883109459845457e+01,6.860778270692662772e+00
4.092883681051729639e+01,6.031635116067537439e+00
4.094884252643612399e+01,6.390641347258100069e+00
4.096884824235495870e+01,5.691937180113123773e+00
4.098885395827379341e+01,6.531596654062733265e+00
4.100885967419262812e+01,7.777077913862694203e+00
4.102886539011146283e+01,6.510112675447028430e+00
4.104887110603029754e+01,6.511727615123397150e+00
4.106887682194913225e+01,7.258454501868014219e+00
4.108888253786795985e+01,6.930691806019400047e+00
4.110888825378680167e+01,8.100171913080432162e+00
4.112889396970562927e+01,8.896859075194148758e+00
4.114889968562447109e+01,8.786387420374021318e+00
4.116890540154329869e+01,9.074396238635767276e+00
4.118891111746213340e+01,8.022027895414792553e+00
4.120891683338096811e+01,8.234544430265787085e+00
4.122892254929980282e+01,8.649397467734949885e+00
4.124892826521863753e+01,8.142719884289897792e+00
4.126893398113746514e+01,7.772231084920985467e+00
4.128893969705630695e+01,9.568671349944676052e+00
4.130894541297513456e+01,9.342522118999010416e+00
4.132895112889397637e+01,8.210682569989158353e+00
4.134895684481280398e+01,9.033488242887225184e+00
4.136896256073163869e+01,8.554238382968801346e+00
4.138896827665047340e+01,9.052331238353064080e+00
4.140897399256930811e+01,7.680954399527374576e+00
4.142897970848814282e+01,7.495478849632011276e+00
4.144898542440697042e+01,6.747309162673223781e+00
4.146899114032581224e+01,6.706468051666377050e+00
4.148899685624463984e+01,7.035528025216873260e+00
4.150900257216348166e+01,7.199538540095361761e+00
4.152900828808230926e+01,6.328025234867311610e+00
4.154901400400114397e+01,7.054586560505639703e+00
4.156901971991997868e+01,7.188820808462243583e+00
4.158902543583881339e+01,7.222755153726913235e+00
4.160903115175764810e+01,7.277929354341560853e+00
4.162903686767647571e+01,6.937458392818999009e+00
4.164904258359531752e+01,7.079834042193542842e+00
4.166904829951414513e+01,7.312956686154770125e+00
4.168905401543298694e+01,6.360543017610328143e+00
4.170905973135181455e+01,6.896944241906011186e+00
4.172906544727064926e+01,6.706468274883675917e+00
4.174907116318948397e+01,7.889962387985911541e+00
4.176907687910831868e+01,8.876576471616282049e+00
4.178908259502715339e+01,8.958617203452767797e+00
4.180908831094598810e+01,9.155015982873308644e+00
4.182909402686482281e+01,8.252971118329043065e+00
4.184909974278365041e+01,9.027179008515219039e+00
4.186910545870249223e+01,9.079886733630987194e+00
4.188911117462131983e+01,1.007430773360671594e+01
4.190911689054015454e+01,1.069606292945241677e+01
4.192912260645898925e+01,1.003995742942681169e+01
4.194912832237782396e+01,1.074644247870062408e+01
4.196913403829665867e+01,1.138779489136808110e+01
4.198913975421549338e+01,1.292185123630334331e+01
4.200914547013432809e+01,1.179338808149685569e+01
4.202915118605316280e+01,1.231109809885249007e+01
4.204915690197199041e+01,1.267647583429491931e+01
4.206916261789082512e+01,1.440343892811473658e+01
4.208916833380965983e+01,1.358412207652275683e+01
4.210917404972849454e+01,1.474734529434787333e+01
4.212917976564732925e+01,1.393726813996923930e+01
4.214918548156616396e+01,1.527325835548954380e+01
4.216919119748499867e+01,1.553873766184266181e+01
4.218919691340383338e+01,1.551445419994292685e+01
4.220920262932266809e+01,1.484155245084851060e+01
4.222920834524150280e+01,1.518790235833068714e+01
4.224921406116033040e+01,1.374975953772293558e+01
4.226921977707916511e+01,1.406601253723141909e+01
4.228922549299799982e+01,1.343102463525154988e+01
4.230923120891683453e+01,1.238020986882338370e+01
4.232923692483566924e+01,1.279448431733450420e+01
4.234924264075450395e+01,1.259640155159575592e+01
4.236924835667333866e+01,1.216863336901822557e+01
4.238925407259217337e+01,1.158497846120967623e+01
4.240925978851100808e+01,1.077537068626828365e+01
4.242926550442983569e+01,9.994452465097213079e+00
4.244927122034867040e+01,1.121387721474505916e+01
4.246927693626750511e+01,1.026139463739827207e+01
4.248928265218633982e+01,1.084923021213239025e+01
4.250928836810517453e+01,1.048813791410283969e+01
4.252929408402400924e+01,1.066184550579315982e+01
4.254929979994284395e+01,9.881489902841000372e+00
4.256930551586167866e+01,1.104314526945371711e+01
4.258931123178051337e+01,1.041107625721253171e+01
4.260931694769934097e+01,1.095957254915966494e+01
4.262932266361817568e+01,1.159992740892783480e+01
4.264932837953701039e+01,1.157346383734636674e+01
4.266933409545584510e+01,1.231434862588277745e+01
4.268933981137467981e+01,1.407626283491860697e+01
4.270934552729351452e+01,1.346250264599054347e+01
4.272935124321234923e+01,1.586494108316759721e+01
4.274935695913118394e+01,1.516483288792024631e+01
4.276936267505001865e+01,1.776649271610031988e+01
4.278936839096885336e+01,1.711369421583435724e+01
4.280937410688768097e+01,1.980383079733545770e+01
4.282937982280651568e+01,2.031301233191340927e+01
4.284938553872535039e+01,2.127736170188741838e+01
4.286939125464418510e+01,2.276966518469799183e+01
4.288939697056301981e+01,2.221918345041614629e+01
4.290940268648185452e+01,2.383390693201155486e+01
4.292940840240068923e+01,2.399789628998633617e+01
4.294941411831952394e+01,2.595258740466868019e+01
4.296941983423835865e+01,2.701353164777257021e+01
4.298942555015718625e+01,2.711127529231127298e+01
4.300943126607602096e+01,2.728549302495991213e+01
4.302943698199485567e+01,2.726604702779766143e+01
4.304944269791369038e+01,2.639229983871361185e+01
4.306944841383252509e+01,2.563324893580412933e+01
4.308945412975135980e+01,2.635302273810843587e+01
4.310945984567019451e+01,2.450470633536226472e+01
4.312946556158902922e+01,2.328448003389270582e+01
4.314947127750786393e+01,2.343415813964706373e+01
4.316947699342669864e+01,2.278637177250598000e+01
4.318948270934552625e+01,2.024733463297455671e+01
4.320948842526436096e+01,2.067680446255257820e+01
4.322949414118319567e+01,1.939411317939628177e+01
4.324949985710203038e+01,1.823417027127926815e+01
4.326950557302086509e+01,1.654524418521131324e+01
4.328951128893969980e+01,1.612731886187771835e+01
4.330951700485853451e+01,1.465638522273042632e+01
4.332952272077736922e+01,1.594889451507444988e+01
4.334952843669620393e+01,1.374353619887177480e+01
4.336953415261503153e+01,1.475103263242530360e+01
4.338953986853386624e+01,1.477282005099002227e+01
4.340954558445270095e+01,1.403381130182094871e+01
4.342955130037153566e+01,1.473054099144789220e+01
4.344955701629037037e+01,1.404160682857039610e+01
4.346956273220920508e+01,1.397752057787467983e+01
4.348956844812803979e+01,1.378106814798611346e+01
4.350957416404687450e+01,1.492482194954261310e+01
4.352957987996570921e+01,1.441024074743131322e+01
4.354958559588453681e+01,1.533662354989062138e+01
4.356959131180337153e+01,1.526337062246892984e+01
4.358959702772220624e+01,1.464278480374655800e+01
4.360960274364104095e+01,1.402676473957233405e+01
4.362960845955987566e+01,1.345789646329532019e+01
4.364961417547871037e+01,1.376951506324103214e+01
4.366961989139754508e+01,1.261377303597454791e+01
4.368962560731637979e+01,1.253867997766179698e+01
4.370963132323521450e+01,1.300066531180876339e+01
4.372963703915404921e+01,1.074425301600838623e+01
4.374964275507287681e+01,1.061183279953790404e+01
4.376964847099171152e+01,9.722259325196926483e+00
4.378965418691054623e+01,8.549971947948030504e+00
4.380965990282938094e+01,8.987837255111887913e+00
4.382966561874821565e+01,7.495795584498436526e+00
4.384967133466705036e+01,7.314850765834212787e+00
4.386967705058588507e+01,7.480753346397584380e+00
4.388968276650471978e+01,6.342431432134993941e+00
4.390968848242355449e+01,6.707154032474142547e+00
4.392969419834238209e+01,6.033325382565577932e+00
4.394969991426121680e+01,4.427773913586921850e+00
4.396970563018005151e+01,4.345751408522638748e+00
4.398971134609888622e+01,3.677430780964430213e+00
4.400971706201772093e+01,3.793231144333880422e+00
4.402972277793655564e+01,3.054897997419980804e+00
4.404972849385539035e+01,4.093441430793669511e+00
4.406973420977422506e+01,3.694898604930116459e+00
4.408973992569305977e+01,3.888688817209585480e+00
4.410974564161189448e+01,3.506164387921186343e+00
4.412975135753072209e+01,4.200202501161248492e+00
4.414975707344955680e+01,2.946431250362721688e+00
4.416976278936839151e+01,3.525076651983551912e+00
4.418976850528722622e+01,3.165691971293889573e+00
4.420977422120606093e+01,4.246540017717735260e+00
4.422977993712489564e+01,3.323050236117057299e+00
4.424978565304373035e+01,4.042168956378477063e+00
4.426979136896256506e+01,2.974218820384182393e+00
4.428979708488139977e+01,4.111548010532819042e+00
4.430980280080022737e+01,3.770816833883695818e+00
4.432980851671906208e+01,3.971429855409097431e+00
4.434981423263789679e+01,2.994719448732518163e+00
4.436981994855673150e+01,3.492684508233151686e+00
4.438982566447556621e+01,3.682602741523672396e+00
4.440983138039440092e+01,4.521030122679096763e+00
4.442983709631323563e+01,4.002878497240417666e+00
4.444984281223207034e+01,3.579119344736904296e+00
4.446984852815090505e+01,3.430366642034972990e+00
4.448985424406973266e+01,2.708446348417418381e+00
4.450985995998856737e+01,2.703602466316137765e+00
4.452986567590740208e+01,2.809923063997743498e+00
4.454987139182623679e+01,2.519203379586165692e+00
4.456987710774507150e+01,4.224894980661638044e+00
4.458988282366390621e+01,3.478887169376239097e+00
4.460988853958274092e+01,2.641596710358697475e+00
4.462989425550157563e+01,3.154524601893090807e+00
4.464989997142041034e+01,3.102401812481708099e+00
4.466990568733924505e+01,2.577390695781179630e+00
4.468991140325807265e+01,3.330372681406368773e+00
4.470991711917690736e+01,3.281356928730303935e+00
4.472992283509574207e+01,2.813105585023491617e+00
4.474992855101457678e+01,4.253447942489103184e+00
4.476993426693341149e+01,3.663482979764238756e+00
4.478993998285224620e+01,3.506340988952555637e+00
4.480994569877108091e+01,4.263365187999874628e+00
4.482995141468991562e+01,3.567079885400123995e+00
4.484995713060875033e+01,3.314764323725643447e+00
4.486996284652757794e+01,4.475875266684727016e+00
4.488996856244641265e+01,4.034669106322641419e+00
4.490997427836524736e+01,4.407751293971398532e+00
4.492997999428408207e+01,4.322620691490598688e+00
4.494998571020291678e+01,4.461921474587432712e+00
4.496999142612175149e+01,4.287454547895270807e+00
4.498999714204058620e+01,4.599767465386683796e+00
4.501000285795942091e+01,6.323100899816044951e+00
4.503000857387825562e+01,6.266545079765200477e+00
4.505001428979709033e+01,5.815925797321884083e+00
4.507002000571591793e+01,5.675164475320489288e+00
4.509002572163475264e+01,7.076138236896017730e+00
4.511003143755358735e+01,5.861390574949728816e+00
4.513003715347242206e+01,6.085319571676198080e+00
4.515004286939125677e+01,6.849949977864230100e+00
4.517004858531009148e+01,6.713658599212661393e+00
4.519005430122892619e+01,7.200762237201854710e+00
4.521006001714776090e+01,6.077279115351154282e+00
4.523006573306659561e+01,7.291918132627855265e+00
4.525007144898542322e+01,7.090820524615995879e+00
4.527007716490425793e+01,6.062070019817052291e+00
4.529008288082309264e+01,5.733386096874292903e+00
4.531008859674192735e+01,7.013900695639328831e+00
4.533009431266076206e+01,5.389945391514536333e+00
4.535010002857959677e+01,5.011701727673091078e+00
4.537010574449843148e+01,5.618949508318905828e+00
4.539011146041726619e+01,5.478514066413230132e+00
4.541011717633610090e+01,4.750453307799444858e+00
4.543012289225492850e+01,5.205593010537064025e+00
4.545012860817376321e+01,4.940443775179059749e+00
4.547013432409259792e+01,5.105305308677933418e+00
4.549014004001143263e+01,4.611921287724283225e+00
4.551014575593026734e+01,4.419865049157148285e+00
4.553015147184910205e+01,4.692928836284466776e+00
4.555015718776793676e+01,5.442842405333168543e+00
4.557016290368677147e+01,5.743443728826338024e+00
4.559016861960560618e+01,6.260951791986693493e+00
4.561017433552444089e+01,5.062436714658134385e+00
4.563018005144326850e+01,5.647849926907321461e+00
4.565018576736210321e+01,7.457193353614783859e+00
4.567019148328093792e+01,6.604473306858699821e+00
4.569019719919977263e+01,7.640500336612285004e+00
4.571020291511860734e+01,7.312300866657269083e+00
4.573020863103744205e+01,8.543990457317804044e+00
4.575021434695627676e+01,8.057322259570929290e+00
4.577022006287511147e+01,9.104968419654966283e+00
4.579022577879394618e+01,9.674800921922908969e+00
4.581023149471277378e+01,9.226762472758515798e+00
4.583023721063160849e+01,9.437184997684877175e+00
4.585024292655044320e+01,1.030467632467523842e+01
4.587024864246927791e+01,1.033214155194640682e+01
4.589025435838811262e+01,1.163199605181366536e+01
4.591026007430694733e+01,1.129354037107005482e+01
4.593026579022578204e+01,1.258265813897452645e+01
4.595027150614461675e+01,1.162598802211545213e+01
4.597027722206345146e+01,1.294923204204413913e+01
4.599028293798228617e+01,1.320276828522393586e+01
4.601028865390111378e+01,1.283815272437449373e+01
4.603029436981994849e+01,1.254366908618060705e+01
4.605030008573878320e+01,1.195727055363060032e+01
4.607030580165761791e+01,1.179402679205877114e+01
4.609031151757645262e+01,1.087197683282231608e+01
4.611031723349528733e+01,9.979906500385556711e+00
4.613032294941412204e+01,1.107105868831041029e+01
4.615032866533295675e+01,1.055487142461639216e+01
4.617033438125179146e+01,8.909007066619835769e+00
4.619034009717061906e+01,8.451180252339943522e+00
4.621034581308945377e+01,8.849526451440283381e+00
4.623035152900828848e+01,7.562485470799130027e+00
4.625035724492712319e+01,7.090530420681266044e+00
4.627036296084595790e+01,7.488006369020012265e+00
4.629036867676479261e+01,6.346319527126199844e+00
4.631037439268362732e+01,6.610442420777450145e+00
4.633038010860246203e+01,5.779932500882650537e+00
4.635038582452129674e+01,5.036048127927459817e+00
4.637039154044012434e+01,5.949052040390295559e+00
4.639039725635895905e+01,4.997950936574108383e+00
4.641040297227779376e+01,5.586033156469220273e+00
4.643040868819662847e+01,5.016365341298822500e+00
4.645041440411546319e+01,4.750170166364671154e+00
4.647042012003429790e+01,4.653742034979973852e+00
4.649042583595313261e+01,4.065036435650250191e+00
4.651043155187196732e+01,3.634559822600030188e+00
4.653043726779080203e+01,3.227311048703405572e+00
4.655044298370963674e+01,3.147128673926676612e+00
4.657044869962846434e+01,4.841367147633769186e+00
4.659045441554729905e+01,3.167661115360106194e+00
4.661046013146613376e+01,4.527884625906358984e+00
4.663046584738496847e+01,4.914079117515778528e+00
4.665047156330380318e+01,4.417771117654683444e+00
4.667047727922263789e+01,3.499466026437405564e+00
4.669048299514147260e+01,3.160280926781119604e+00
4.671048871106030731e+01,4.378184251937582872e+00
4.673049442697914202e+01,4.826980179834748697e+00
4.675050014289796962e+01,4.821086910081861632e+00
4.677050585881680433e+01,3.895722389861398849e+00
4.679051157473563904e+01,4.167501184164271066e+00
4.681051729065447375e+01,3.596515477569981911e+00
4.683052300657330846e+01,4.339042565743706170e+00
4.685052872249214317e+01,4.322956554157406650e+00
4.687053443841097788e+01,4.126752521389157380e+00
4.689054015432981259e+01,3.637077853615430900e+00
4.691054587024864730e+01,3.817600906964154550e+00
4.693055158616748201e+01,3.000201817502510693e+00
4.695055730208630962e+01,2.859701760005013416e+00
4.697056301800514433e+01,3.492902102644917850e+00
4.699056873392397904e+01,4.622895287268904418e+00
4.701057444984281375e+01,3.673735253447542703e+00
4.703058016576164846e+01,4.363431075770676237e+00
4.705058588168048317e+01,3.433985166365659314e+00
4.707059159759931788e+01,4.776737448204400494e+00
4.709059731351815259e+01,3.199516909666901388e+00
4.711060302943698730e+01,4.153220447122357939e+00
4.713060874535581490e+01,4.551295414673815820e+00
4.715061446127464961e+01,3.468203314400862158e+00
4.717062017719348432e+01,5.015161629634262042e+00
4.719062589311231903e+01,4.620993870851934027e+00
4.721063160903115374e+01,3.655494168695915036e+00
4.723063732494998845e+01,4.827583553136288508e+00
4.725064304086882316e+01,4.002302742980374362e+00
4.727064875678765787e+01,3.770111317085578673e+00
4.729065447270649258e+01,4.855641186906985318e+00
4.731066018862532019e+01,3.664674635957829274e+00
4.733066590454415490e+01,3.861174693212805487e+00
4.735067162046298961e+01,3.195910753107332969e+00
4.737067733638182432e+01,4.610017359809293502e+00
4.739068305230065903e+01,3.946019810235950054e+00
4.741068876821949374e+01,3.782755018677152581e+00
4.743069448413832845e+01,3.138803616417672693e+00
4.745070020005716316e+01,2.828952198270875851e+00
4.747070591597599787e+01,2.991774301083641507e+00
4.749071163189483258e+01,3.216270181363040770e+00
4.751071734781366018e+01,4.458778309437742671e+00
4.753072306373249489e+01,4.601455801081104191e+00
4.755072877965132960e+01,3.825357203835152209e+00
4.757073449557016431e+01,4.386952541415861440e+00
4.759074021148899902e+01,3.342462682122646633e+00
4.761074592740783373e+01,3.596684972876450725e+00
4.763075164332666844e+01,4.529931194869925903e+00
4.765075735924550315e+01,4.337853703118414117e+00
4.767076307516433786e+01,4.326799355863157892e+00
4.769076879108316547e+01,3.676555853972066412e+00
4.771077450700200018e+01,4.941374311338917025e+00
4.773078022292083489e+01,3.857748015152021370e+00
4.775078593883966960e+01,4.176138464124102612e+00
4.777079165475850431e+01,3.173750721162575061e+00
4.779079737067733902e+01,3.106629460482162486e+00
4.781080308659617373e+01,4.205663126283750941e+00
4.783080880251500844e+01,4.255133647247856032e+00
4.785081451843384315e+01,4.024820601240779006e+00
4.787082023435267075e+01,3.160640630016560149e+00
4.789082595027150546e+01,4.103985412945934996e+00
4.791083166619034017e+01,4.356383790058494299e+00
4.793083738210917488e+01,3.785641525894287263e+00
4.795084309802800959e+01,3.990585879626401766e+00
4.797084881394684430e+01,3.046591684539134981e+00
4.799085452986567901e+01,2.947742920105798969e+00
4.801086024578451372e+01,3.309376814314280768e+00
4.803086596170334843e+01,2.923694002146156379e+00
4.805087167762218314e+01,4.171778360696791310e+00
4.807087739354101075e+01,4.302728045103529020e+00
4.809088310945984546e+01,3.118568082515236650e+00
4.811088882537868017e+01,3.980070153133027588e+00
4.813089454129751488e+01,2.780804988979565628e+00
4.815090025721634959e+01,3.513043069557450160e+00
4.817090597313518430e+01,4.399883447840950979e+00
4.819091168905401901e+01,2.841190014744307657e+00
4.821091740497285372e+01,3.999279005244146479e+00
4.823092312089168843e+01,2.721952548658529203e+00
4.825092883681051603e+01,3.421026648249656965e+00
4.827093455272935074e+01,4.070108903618253393e+00
4.829094026864818545e+01,3.579393405398321182e+00
4.831094598456702016e+01,4.734113342502617172e+00
4.833095170048585487e+01,4.096280456933525826e+00
4.835095741640468958e+01,3.817782301545578516e+00
4.837096313232352429e+01,3.279156952550160931e+00
4.839096884824235900e+01,4.390620034022134632e+00
4.841097456416119371e+01,3.682061106433176967e+00
4.843098028008002842e+01,3.910918169977805725e+00
4.845098599599885603e+01,5.240545579946654264e+00
4.847099171191769074e+01,5.383626136269096030e+00
4.849099742783652545e+01,3.737533725684831332e+00
4.851100314375536016e+01,3.988181589197640431e+00
4.853100885967419487e+01,3.981928811948516334e+00
4.855101457559302958e+01,4.181510300989519813e+00
4.857102029151186429e+01,3.601337987759368087e+00
4.859102600743069900e+01,3.806866503690381265e+00
4.861103172334953371e+01,5.027492848913595047e+00
4.863103743926836131e+01,4.603060846416127561e+00
4.865104315518719602e+01,3.772199611878137571e+00
4.867104887110603073e+01,3.606542955828012431e+00
4.869105458702486544e+01,4.170936048582103872e+00
4.871106030294370015e+01,3.505431099686393992e+00
4.873106601886253486e+01,4.242316311876605184e+00
4.875107173478136957e+01,4.950911176885342435e+00
4.877107745070020428e+01,3.637536491717610065e+00
4.879108316661903899e+01,3.123770623440693228e+00
4.881108888253786660e+01,3.707485950881392434e+00
4.883109459845670131e+01,2.982414384767478222e+00
4.885110031437553602e+01,4.288180456507248550e+00
4.887110603029437073e+01,2.819552454594552504e+00
4.889111174621320544e+01,2.830475735517618663e+00
4.891111746213204015e+01,3.166836394156434586e+00
4.893112317805087486e+01,2.679537207227357776e+00
4.895112889396970957e+01,3.307680209025159357e+00
4.897113460988854428e+01,2.608844302569407692e+00
4.899114032580737899e+01,3.844215556830897995e+00
4.901114604172620659e+01,2.729814844151183806e+00
4.903115175764504130e+01,2.356324445753494423e+00
4.905115747356387601e+01,3.317130067624712630e+00
4.907116318948271072e+01,2.955824852027149507e+00
4.909116890540154543e+01,1.997066207384749603e+00
4.911117462132038014e+01,2.539349460599174435e+00
4.913118033723921485e+01,2.988607592017106018e+00
4.915118605315804956e+01,2.566022798047445708e+00
4.917119176907688427e+01,2.787335575870768078e+00
4.919119748499571187e+01,2.873705742124530449e+00
4.921120320091454658e+01,3.657266276356990531e+00
4.923120891683338129e+01,3.831119787795588039e+00
4.925121463275221600e+01,2.345674371160733962e+00
4.927122034867105071e+01,3.094884455432141301e+00
4.929122606458988542e+01,3.814400062376914313e+00
4.931123178050872014e+01,3.459817568397915100e+00
4.933123749642755485e+01,4.185460433457517837e+00
4.935124321234638956e+01,3.726340950704265076e+00
4.937124892826522427e+01,4.509603428842807737e+00
4.939125464418405187e+01,4.759093340355038393e+00
4.941126036010288658e+01,4.310439036947241398e+00
4.943126607602172129e+01,3.418014915953211830e+00
4.945127179194055600e+01,3.637609445500770367e+00
4.947127750785939071e+01,3.334046341166529537e+00
4.949128322377822542e+01,3.280749660149337554e+00
4.951128893969706013e+01,4.201211181179245635e+00
4.953129465561589484e+01,4.848572404049715345e+00
4.955130037153472955e+01,4.082871261264338969e+00
4.957130608745355715e+01,3.693928973155665041e+00
4.959131180337239186e+01,5.169992210690709022e+00
4.961131751929122657e+01,5.007534798589643898e+00
4.963132323521006128e+01,5.319615028392006728e+00
4.965132895112889599e+01,4.701452130997950007e+00
4.967133466704773070e+01,4.524497653688274390e+00
4.969134038296656541e+01,3.794288314634477910e+00
4.971134609888540012e+01,4.593885981215633407e+00
4.973135181480423483e+01,5.841473719208568838e+00
4.975135753072306244e+01,4.957883779375144684e+00
4.977136324664189715e+01,5.370497433473793158e+00
4.979136896256073186e+01,6.593219068536673610e+00
4.981137467847956657e+01,5.003459542894008294e+00
4.983138039439840128e+01,6.237338611642866404e+00
4.985138611031723599e+01,6.606875796519121380e+00
4.987139182623607070e+01,7.639134590719420359e+00
4.989139754215490541e+01,6.544263598309442820e+00
4.991140325807374012e+01,8.613497812686986776e+00
4.993140897399257483e+01,7.994433976388086727e+00
4.995141468991140243e+01,8.748218856673622312e+00
4.997142040583023714e+01,9.481736928538850862e+00
4.999142612174907185e+01,8.874471008291122232e+00
5.001143183766790656e+01,1.068151511283884147e+01
5.003143755358674127e+01,1.181762172334286198e+01
5.005144326950557598e+01,1.120681570151206863e+01
5.007144898542441069e+01,1.275739015318685432e+01
5.009145470134324540e+01,1.223545989097453557e+01
5.011146041726208011e+01,1.382482845103650781e+01
5.013146613318090772e+01,1.354052310356494182e+01
5.015147184909974243e+01,1.390494861162057560e+01
5.017147756501857714e+01,1.620703014367466110e+01
5.019148328093741185e+01,1.625531505176534708e+01
5.021148899685624656e+01,1.530904552296247623e+01
5.023149471277508127e+01,1.709425789555513475e+01
5.025150042869391598e+01,1.609601364055558292e+01
5.027150614461275069e+01,1.574679089418487088e+01
5.029151186053158540e+01,1.626050189757490827e+01
5.031151757645042011e+01,1.554973388052852457e+01
5.033152329236924771e+01,1.593514187274578120e+01
5.035152900828808242e+01,1.579761990603362598e+01
5.037153472420691713e+01,1.509808062974295595e+01
5.039154044012575184e+01,1.283087373445538049e+01
5.041154615604458655e+01,1.282015053061354237e+01
5.043155187196342126e+01,1.232985351672636298e+01
5.045155758788225597e+01,1.208564567018025748e+01
5.047156330380109068e+01,1.013916132314981233e+01
5.049156901971992539e+01,1.016831800505220329e+01
5.051157473563875300e+01,8.708846292934708799e+00
5.053158045155758771e+01,7.808556570052121337e+00
5.055158616747642242e+01,6.898692957392115410e+00
5.057159188339525713e+01,6.732639338052816669e+00
5.059159759931409184e+01,6.350577897424963147e+00
5.061160331523292655e+01,6.577268080041044129e+00
5.063160903115176126e+01,5.705580432410331859e+00
5.065161474707059597e+01,5.514886737488104096e+00
5.067162046298943068e+01,5.962570550962575489e+00
5.069162617890825828e+01,4.857980771090288030e+00
5.071163189482709299e+01,5.542657989085143733e+00
5.073163761074592770e+01,3.968904618966229592e+00
5.075164332666476241e+01,4.172904512219854922e+00
5.077164904258359712e+01,4.522916549310746603e+00
5.079165475850243183e+01,4.838714705207411981e+00
5.081166047442126654e+01,4.937640388173789141e+00
5.083166619034010125e+01,4.854814039052740782e+00
5.085167190625893596e+01,3.905068272777660887e+00
5.087167762217777067e+01,3.710445999345966861e+00
5.089168333809659828e+01,4.372080694242752585e+00
5.091168905401543299e+01,4.567400142883578873e+00
5.093169476993426770e+01,4.011155200878089744e+00
5.095170048585310241e+01,4.334015275401477574e+00
5.097170620177193712e+01,5.465346635821434873e+00
5.099171191769077183e+01,4.561946347227563869e+00
5.101171763360960654e+01,5.266937827622817814e+00
5.103172334952844125e+01,5.550721973951270094e+00
5.105172906544727596e+01,5.079954745871311239e+00
5.107173478136610356e+01,7.093276264027689848e+00
5.109174049728493827e+01,5.581399447610544406e+00
5.111174621320377298e+01,7.337217914640116412e+00
5.113175192912260769e+01,6.453327851051799513e+00
5.115175764504144240e+01,7.111942351283003561e+00
5.117176336096027711e+01,7.751586282498377223e+00
5.119176907687911182e+01,7.811421764325361394e+00
5.121177479279794653e+01,7.444072997776071787e+00
5.123178050871678124e+01,7.496382213684546159e+00
5.125178622463561595e+01,8.512937122436444071e+00
5.127179194055444356e+01,8.359310615110361553e+00
5.129179765647327827e+01,9.032341340442890498e+00
5.131180337239211298e+01,9.330338784417007147e+00
5.133180908831094769e+01,1.083671478418391310e+01
5.135181480422978240e+01,1.042621080314837556e+01
5.137182052014861711e+01,1.127306227493661517e+01
5.139182623606745182e+01,1.257261362783022740e+01
5.141183195198628653e+01,1.384358022943824196e+01
5.143183766790512124e+01,1.379746514137099922e+01
5.145184338382394884e+01,1.413880059370755582e+01
5.147184909974278355e+01,1.614712396422769913e+01
5.149185481566161826e+01,1.649472450452916306e+01
5.151186053158045297e+01,1.700826239384626959e+01
5.153186624749928768e+01,1.845415140359303763e+01
5.155187196341812239e+01,1.879666409934306515e+01
5.157187767933695710e+01,1.971384111151407836e+01
5.159188339525579181e+01,1.959624688984844099e+01
5.161188911117462652e+01,2.165649361899518510e+01
5.163189482709345413e+01,2.121676080495877414e+01
5.165190054301228884e+01,2.096083785019308010e+01
5.167190625893112355e+01,2.135474628311236600e+01
5.169191197484995826e+01,2.086879829749473103e+01
5.171191769076879297e+01,2.148568211559123498e+01
5.173192340668762768e+01,2.173163818269773628e+01
5.175192912260646239e+01,2.058295195406468991e+01
5.177193483852529710e+01,2.053635515899410535e+01
5.179194055444413181e+01,1.964648125369463116e+01
5.181194627036296652e+01,1.771823108782687584e+01
5.183195198628179412e+01,1.724325677772607435e+01
5.185195770220062883e+01,1.519889206080516786e+01
5.187196341811946354e+01,1.441290399634396380e+01
5.189196913403829825e+01,1.343273494646423849e+01
5.191197484995713296e+01,1.268448231584654451e+01
5.193198056587596767e+01,1.194338870140654585e+01
5.195198628179480238e+01,1.179440502196836071e+01
5.197199199771363709e+01,1.082112585606711086e+01
5.199199771363247180e+01,1.112469446658928973e+01
5.201200342955129940e+01,9.805103592137356827e+00
5.203200914547013411e+01,9.386607190703481152e+00
5.205201486138896882e+01,1.047432911490734320e+01
5.207202057730780353e+01,1.056382803691744598e+01
5.209202629322663824e+01,9.901131788369145426e+00
5.211203200914547295e+01,9.888840615215908514e+00
5.213203772506430766e+01,1.030934094787685140e+01
5.215204344098314237e+01,1.067377921716164302e+01
5.217204915690197708e+01,1.193250114662775019e+01
5.219205487282081180e+01,1.120868499291195519e+01
5.221206058873963940e+01,1.260494904659854143e+01
5.223206630465847411e+01,1.224612883040713918e+01
5.225207202057730882e+01,1.401746701502042036e+01
5.227207773649614353e+01,1.543800399478231533e+01
5.229208345241497824e+01,1.643680086979196275e+01
5.231208916833381295e+01,1.694715887806193422e+01
5.233209488425264766e+01,1.719672227237225215e+01
5.235210060017148237e+01,1.759246939905257179e+01
5.237210631609031708e+01,1.944423537013367564e+01
5.239211203200914468e+01,1.947380271166570864e+01
5.241211774792797939e+01,2.033192287147068100e+01
5.243212346384681410e+01,2.023738723933556116e+01
5.245212917976564881e+01,2.200208162602468320e+01
5.247213489568448352e+01,2.048712358075073325e+01
5.249214061160331823e+01,2.075423444923946548e+01
5.251214632752215294e+01,2.064263893265463778e+01
5.253215204344098765e+01,2.119292588664878352e+01
5.255215775935982236e+01,2.037697810357651562e+01
5.257216347527864997e+01,1.959291996365289279e+01
5.259216919119748468e+01,2.021161587502555079e+01
5.261217490711631939e+01,1.851606434276827784e+01
5.263218062303515410e+01,1.771360453055733686e+01
5.265218633895398881e+01,1.790164187971229737e+01
5.267219205487282352e+01,1.643556457190504005e+01
5.269219777079165823e+01,1.674186576775421642e+01
5.271220348671049294e+01,1.706170077106974148e+01
5.273220920262932765e+01,1.606441469838312486e+01
5.275221491854816236e+01,1.524498688580513139e+01
5.277222063446698996e+01,1.656306529321244980e+01
5.279222635038582467e+01,1.669099151781393076e+01
5.281223206630465938e+01,1.640136897504737590e+01
5.283223778222349409e+01,1.630909378766148166e+01
5.285224349814232880e+01,1.607652258649692101e+01
5.287224921406116351e+01,1.634414476697217822e+01
5.289225492997999822e+01,1.813699079060437569e+01
5.291226064589883293e+01,1.787549676177778579e+01
5.293226636181766764e+01,1.865123211699284766e+01
5.295227207773649525e+01,1.929186522242305202e+01
5.297227779365532996e+01,2.066893915989296460e+01
5.299228350957416467e+01,2.032931107886155786e+01
5.301228922549299938e+01,2.194682402433776147e+01
5.303229494141183409e+01,2.353334870730937567e+01
5.305230065733066880e+01,2.363018648844129643e+01
5.307230637324950351e+01,2.332713565122775279e+01
5.309231208916833822e+01,2.429244603877220143e+01
5.311231780508717293e+01,2.594597232786043861e+01
5.313232352100600764e+01,2.569473841096801081e+01
5.315232923692483524e+01,2.571850705571662488e+01
5.317233495284366995e+01,2.651130566962272184e+01
5.319234066876250466e+01,2.716212805343994674e+01
5.321234638468133937e+01,2.627857133782863386e+01
5.323235210060017408e+01,2.681858864300779643e+01
5.325235781651900879e+01,2.553688547799130859e+01
5.327236353243784350e+01,2.471912063250897873e+01
5.329236924835667821e+01,2.397731347861628848e+01
5.331237496427551292e+01,2.239833240305691220e+01
5.333238068019434053e+01,2.261911679942719289e+01
5.335238639611317524e+01,2.166375983992539034e+01
5.337239211203200995e+01,1.899075481284085498e+01
5.339239782795084466e+01,1.759423610063009846e+01
5.341240354386967937e+01,1.578121927974477323e+01
5.343240925978851408e+01,1.517159117805073620e+01
5.345241497570734879e+01,1.386232576470805533e+01
5.347242069162618350e+01,1.208573080553171053e+01
5.349242640754501821e+01,1.167987147460380015e+01
5.351243212346384581e+01,1.105032086364646560e+01
5.353243783938268052e+01,9.619653411476859262e+00
5.355244355530151523e+01,8.216092455736490052e+00
5.357244927122034994e+01,7.583724673520491066e+00
5.359245498713918465e+01,8.356270558833266193e+00
5.361246070305801936e+01,6.548749782768763517e+00
5.363246641897685407e+01,7.429679967159574794e+00
5.365247213489568878e+01,6.983933123236010232e+00
5.367247785081452349e+01,7.262958170418795767e+00
5.369248356673335820e+01,6.313697329059494656e+00
5.371248928265218581e+01,5.160620777588553310e+00
5.373249499857102052e+01,6.508278307259383944e+00
5.375250071448985523e+01,5.426678131829012486e+00
5.377250643040868994e+01,4.786691086122538685e+00
5.379251214632752465e+01,4.493294205267881480e+00
5.381251786224635936e+01,5.277123262456470343e+00
5.383252357816519407e+01,4.633142102143354535e+00
5.385252929408402878e+01,5.077702228011757413e+00
5.387253501000286349e+01,5.870683727500699334e+00
5.389254072592169109e+01,5.297381219178422640e+00
5.391254644184052580e+01,4.245455269510328478e+00
5.393255215775936051e+01,4.371982812470089463e+00
5.395255787367819522e+01,4.566218425549140925e+00
5.397256358959702993e+01,4.354104507971468863e+00
5.399256930551586464e+01,3.980863098840774050e+00
5.401257502143469935e+01,4.590239374858862575e+00
5.403258073735353406e+01,3.321590212293167088e+00
5.405258645327236877e+01,4.521003798541094021e+00
5.407259216919120348e+01,3.847316604739990265e+00
5.409259788511003109e+01,4.964829254814917547e+00
5.411260360102886580e+01,4.669846136530861003e+00
5.413260931694770051e+01,4.060861823803916693e+00
5.415261503286653522e+01,3.181373216454991049e+00
5.417262074878536993e+01,3.981352149635490001e+00
5.419262646470420464e+01,3.711332210524501907e+00
5.421263218062303935e+01,4.340556622349402538e+00
5.423263789654187406e+01,4.437775971160564659e+00
5.425264361246070877e+01,2.792621463081174760e+00
5.427264932837953637e+01,3.950621443036957281e+00
5.429265504429837108e+01,3.167941782786930283e+00
5.431266076021720579e+01,4.706284793987110859e+00
5.433266647613604050e+01,4.283931677763384904e+00
5.435267219205487521e+01,4.267718672602361707e+00
5.437267790797370992e+01,4.591903294066884911e+00
5.439268362389254463e+01,4.487495385404772996e+00
5.441268933981137934e+01,4.686974018721072888e+00
5.443269505573021405e+01,4.019724212554018905e+00
5.445270077164904166e+01,4.838408615494826925e+00
5.447270648756787637e+01,5.062852071741746229e+00
5.449271220348671108e+01,4.724985493451947960e+00
5.451271791940554579e+01,5.039908962322632746e+00
5.453272363532438050e+01,4.691964993265223427e+00
5.455272935124321521e+01,5.348247261808467989e+00
5.457273506716204992e+01,5.033117056913564369e+00
5.459274078308088463e+01,6.148941913556717154e+00
5.461274649899971934e+01,5.396182060415257276e+00
5.463275221491855405e+01,5.625340632312062716e+00
5.465275793083738165e+01,6.109584365494555414e+00
5.467276364675621636e+01,5.816356721875085789e+00
5.469276936267505107e+01,7.694797960102704337e+00
5.471277507859388578e+01,7.756147442820789273e+00
5.473278079451272049e+01,7.831226413405686593e+00
5.475278651043155520e+01,7.138073623502839915e+00
5.477279222635038991e+01,7.600695219798266677e+00
5.479279794226922462e+01,8.645125620759603891e+00
5.481280365818805933e+01,8.339445453487366322e+00
5.483280937410688693e+01,8.961358118197964018e+00
5.485281509002572164e+01,9.890942988186750995e+00
5.487282080594455635e+01,1.133434346912518365e+01
5.489282652186339106e+01,1.084610776581305913e+01
5.491283223778222577e+01,1.222019101482544201e+01
5.493283795370106048e+01,1.269179713180695757e+01
5.495284366961989519e+01,1.340028849190973403e+01
5.497284938553872990e+01,1.376892241381985826e+01
5.499285510145756461e+01,1.557380231536698112e+01
5.501286081737639222e+01,1.622033256358194464e+01
5.503286653329522693e+01,1.752126332707421597e+01
5.505287224921406164e+01,1.886895003339264321e+01
5.507287796513289635e+01,2.111260320875641483e+01
5.509288368105173106e+01,2.229052662998651613e+01
5.511288939697056577e+01,2.472107698151106447e+01
5.513289511288940048e+01,2.470654850804091751e+01
5.515290082880823519e+01,2.721324693163277431e+01
5.517290654472706990e+01,2.726186204671262558e+01
5.519291226064590461e+01,2.765734418236516134e+01
5.521291797656473221e+01,2.879042552760434859e+01
5.523292369248356692e+01,3.054733771896680850e+01
5.525292940840240163e+01,3.028530226980862849e+01
5.527293512432123634e+01,3.038088104143090007e+01
5.529294084024007105e+01,2.939973906578438445e+01
5.531294655615890576e+01,2.932002504252498909e+01
5.533295227207774047e+01,2.754439763141304454e+01
5.535295798799657518e+01,2.698803497712868094e+01
5.537296370391540989e+01,2.497751906110350717e+01
5.539296941983423750e+01,2.459351025582646599e+01
5.541297513575307221e+01,2.332416007432158978e+01
5.543298085167190692e+01,2.132115021377314790e+01
5.545298656759074163e+01,1.944160387851114180e+01
5.547299228350957634e+01,1.795278095436382770e+01
5.549299799942841105e+01,1.755203343793302651e+01
5.551300371534724576e+01,1.428142416462182851e+01
5.553300943126608047e+01,1.410308738392810923e+01
5.555301514718491518e+01,1.190395165260747490e+01
5.557302086310374989e+01,1.132271420817277097e+01
5.559302657902257749e+01,1.115470702337589337e+01
5.561303229494141220e+01,8.552499041660498236e+00
5.563303801086024691e+01,7.819514662175246933e+00
5.565304372677908162e+01,7.257636400526843445e+00
5.567304944269791633e+01,7.165093366215800508e+00
5.569305515861675104e+01,6.414337650625298259e+00
5.571306087453558575e+01,7.095417354345535443e+00
5.573306659045442046e+01,6.846889991182999680e+00
5.575307230637325517e+01,4.983008151402279040e+00
5.577307802229208278e+01,4.985195870178954713e+00
5.579308373821091749e+01,5.664214112378509469e+00
5.581308945412975220e+01,5.468846940030908321e+00
5.583309517004858691e+01,4.672473810765987778e+00
5.585310088596742162e+01,4.896099486641549703e+00
5.587310660188625633e+01,5.035163739694631602e+00
5.589311231780509104e+01,3.638220496727940123e+00
5.591311803372392575e+01,3.878624034171221702e+00
5.593312374964276046e+01,3.544831093826364743e+00
5.595312946556158806e+01,4.314441364872884321e+00
5.597313518148042277e+01,4.802111506408558661e+00
5.599314089739925748e+01,4.432314601912239915e+00
5.601314661331809219e+01,4.415093796055190367e+00
5.603315232923692690e+01,4.953441446706941420e+00
5.605315804515576161e+01,4.595682645981890246e+00
5.607316376107459632e+01,5.846645895981192886e+00
5.609316947699343103e+01,4.375800608190379748e+00
5.611317519291226574e+01,5.878957224434855355e+00
5.613318090883110045e+01,4.735096883795046452e+00
5.615318662474992806e+01,5.856782733947645703e+00
5.617319234066876277e+01,5.407358847264883472e+00
5.619319805658759748e+01,5.451564791581128944e+00
5.621320377250643219e+01,6.431596418395746362e+00
5.623320948842526690e+01,6.201304852068515672e+00
5.625321520434410161e+01,5.866708523029976696e+00
5.627322092026293632e+01,6.754523693497088033e+00
5.629322663618177103e+01,6.297140133118455552e+00
5.631323235210060574e+01,6.982057628119418879e+00
5.633323806801943334e+01,6.561236362626946317e+00
5.635324378393826805e+01,6.326693429215185738e+00
5.637324949985710276e+01,6.795941263350826489e+00
5.639325521577593747e+01,7.787694123787120226e+00
5.641326093169477218e+01,7.420469288153401344e+00
5.643326664761360689e+01,7.692647690838397168e+00
5.645327236353244160e+01,7.500399979481088053e+00
5.647327807945127631e+01,7.806358065449240158e+00
5.649328379537011102e+01,8.570355845383605953e+00
5.651328951128894573e+01,9.324998918172438422e+00
5.653329522720777334e+01,8.692527092658933086e+00
5.655330094312660805e+01,8.781751741471396144e+00
5.657330665904544276e+01,7.664614360809383520e+00
5.659331237496427747e+01,7.691085858686104615e+00
5.661331809088311218e+01,7.319118201546898739e+00
5.663332380680194689e+01,7.779386106400469458e+00
5.665332952272078160e+01,6.755342808976485536e+00
5.667333523863961631e+01,7.656960273433124797e+00
5.669334095455845102e+01,6.624623996986851893e+00
5.671334667047727862e+01,5.758489616745916528e+00
5.673335238639611333e+01,5.584581578552737291e+00
5.675335810231494804e+01,5.379353159928766281e+00
5.677336381823378275e+01,6.505803219368157642e+00
5.679336953415261746e+01,4.505117815218177668e+00
5.681337525007145217e+01,4.556338589570479769e+00
5.683338096599028688e+01,4.270854250366248550e+00
5.685338668190912159e+01,4.995802983132730191e+00
5.687339239782795630e+01,4.755107789992703005e+00
5.689339811374678391e+01,4.556004519461665403e+00
5.691340382966561862e+01,4.680723847978915941e+00
5.693340954558445333e+01,4.121032782371221614e+00
5.695341526150328804e+01,5.218893771556087025e+00
5.697342097742212275e+01,4.987206078407077747e+00
5.699342669334095746e+01,4.182668232919904305e+00
5.701343240925979217e+01,4.892685575545496768e+00
5.703343812517862688e+01,3.581881177469237176e+00
5.705344384109746159e+01,4.423837007881826544e+00
5.707344955701629630e+01,4.960412407370666799e+00
5.709345527293512390e+01,4.148791505124301615e+00
5.711346098885395861e+01,3.986259977294179357e+00
5.713346670477279332e+01,4.894718034068287871e+00
5.715347242069162803e+01,3.632121112868522239e+00
5.717347813661046274e+01,3.471931188112480360e+00
5.719348385252929745e+01,3.909194590720871609e+00
5.721348956844813216e+01,4.157450963666211585e+00
5.723349528436696687e+01,4.138917454023998133e+00
5.725350100028580158e+01,4.224906096720378201e+00
5.727350671620462919e+01,3.225873900490359603e+00
5.729351243212346390e+01,3.047560136229565675e+00
5.731351814804229861e+01,4.564285794932711582e+00
5.733352386396113332e+01,3.666363411893775126e+00
5.735352957987996803e+01,2.666089536268148930e+00
5.737353529579880274e+01,3.211744570430421497e+00
5.739354101171763745e+01,4.518059170640838396e+00
5.741354672763647216e+01,2.843309465566094207e+00
5.743355244355530687e+01,4.272316915492295308e+00
5.745355815947414158e+01,3.374744179770750474e+00
5.747356387539296918e+01,2.965802564724394408e+00
5.749356959131180389e+01,3.979890735190418027e+00
5.751357530723063860e+01,3.226472481257963043e+00
5.753358102314947331e+01,4.208894063081122461e+00
5.755358673906830802e+01,4.210916397040673331e+00
5.757359245498714273e+01,4.058307875279315802e+00
5.759359817090597744e+01,2.934790234461522207e+00
5.761360388682481215e+01,3.985397194081957917e+00
5.763360960274364686e+01,3.003176910064133676e+00
5.765361531866247446e+01,3.401837529649802239e+00
5.767362103458130917e+01,3.793952508575233917e+00
5.769362675050014388e+01,3.484820885226806997e+00
5.771363246641897859e+01,4.225656304991748158e+00
5.773363818233781330e+01,4.382945856214288227e+00
5.775364389825664801e+01,3.726094361423151202e+00
5.777364961417548272e+01,3.740205121411150913e+00
5.779365533009431743e+01,4.512549176983367438e+00
5.781366104601315214e+01,3.680583659713312805e+00
5.783366676193197975e+01,3.955386124119578461e+00
5.785367247785081446e+01,3.750940408209176180e+00
5.787367819376964917e+01,3.935662461959721803e+00
5.789368390968848388e+01,3.429508029573329786e+00
5.791368962560731859e+01,4.838560949363515107e+00
5.793369534152615330e+01,4.446065270525949131e+00
5.795370105744498801e+01,5.034216728142102859e+00
5.797370677336382272e+01,3.286749165550665097e+00
5.799371248928265743e+01,4.693568754469468196e+00
5.801371820520149214e+01,3.293821282550397189e+00
5.803372392112031974e+01,3.563415785699177274e+00
5.805372963703915445e+01,4.113447605773687066e+00
5.807373535295798916e+01,4.719253942206852237e+00
5.809374106887682387e+01,4.212536341284814689e+00
5.811374678479565858e+01,3.256231335030292051e+00
5.813375250071449329e+01,4.765260779934792801e+00
5.815375821663332800e+01,3.040907154248300159e+00
5.817376393255216271e+01,3.244156559787058747e+00
5.819376964847099742e+01,3.634350771797620006e+00
5.821377536438982503e+01,4.667184912719984702e+00
5.823378108030865974e+01,2.973060587748750372e+00
5.825378679622749445e+01,3.486654439973989383e+00
5.827379251214632916e+01,3.872984620694016389e+00
5.829379822806516387e+01,4.244525755094476160e+00
5.831380394398399858e+01,4.275873714447445018e+00
5.833380965990283329e+01,3.206173468111541691e+00
5.835381537582166800e+01,3.413337314429114588e+00
5.837382109174050271e+01,3.367073918625557827e+00
5.839382680765933742e+01,3.633156206194632976e+00
5.841383252357816502e+01,3.813772755961442051e+00
5.843383823949699973e+01,4.772861231639225821e+00
5.845384395541583444e+01,4.258106251635505046e+00
5.847384967133466915e+01,3.853566096946082986e+00
5.849385538725350386e+01,4.929654357204376502e+00
5.851386110317233857e+01,6.264356556013614075e+00
5.853386681909117328e+01,5.369907893215033035e+00
5.855387253501000799e+01,5.848428413914438906e+00
5.857387825092884270e+01,7.411952231188927875e+00
5.859388396684767031e+01,7.137033983235768986e+00
5.861388968276650502e+01,7.749892264217034921e+00
5.863389539868533973e+01,9.205543851595855642e+00
5.865390111460417444e+01,9.003403861971291278e+00
5.867390683052300915e+01,9.969770702663620199e+00
5.869391254644184386e+01,1.089272229481107424e+01
5.871391826236067857e+01,1.330054666796469576e+01
5.873392397827951328e+01,1.418754419688475821e+01
5.875392969419834799e+01,1.459368105168756458e+01
5.877393541011717559e+01,1.542357213478895339e+01
5.879394112603601030e+01,1.751039747367580190e+01
5.881394684195484501e+01,1.874145677125270737e+01
5.883395255787367972e+01,1.812280115114030110e+01
5.885395827379251443e+01,2.051596559587729018e+01
5.887396398971134914e+01,2.005010231290322409e+01
5.889396970563018385e+01,2.141889803146431959e+01
5.891397542154901856e+01,2.124138726997693283e+01
5.893398113746785327e+01,2.090314800253918293e+01
5.895398685338668798e+01,2.135278009174659175e+01
5.897399256930551559e+01,2.062826751262391056e+01
5.899399828522435030e+01,2.032351505865218755e+01
5.901400400114318501e+01,1.990147109151194371e+01
5.903400971706201972e+01,1.887208654300624033e+01
5.905401543298085443e+01,1.788903914867739431e+01
5.907402114889968914e+01,1.664373865391314311e+01
5.909402686481852385e+01,1.488907471407433825e+01
5.911403258073735856e+01,1.384992640925524476e+01
5.913403829665619327e+01,1.295976897337387790e+01
5.915404401257502087e+01,1.220677628998118358e+01
5.917404972849385558e+01,1.179359456691083174e+01
5.919405544441269029e+01,1.044636891517596489e+01
5.921406116033152500e+01,1.110799595866058631e+01
5.923406687625035971e+01,1.025866012948679185e+01
5.925407259216919442e+01,1.069170313436721642e+01
5.927407830808802913e+01,9.679223130044372070e+00
5.929408402400686384e+01,9.345286869843913991e+00
5.931408973992569855e+01,9.255579645651730303e+00
5.933409545584453326e+01,1.018742244215044224e+01
5.935410117176336087e+01,1.021513940853968805e+01
5.937410688768219558e+01,1.061604472956745759e+01
5.939411260360103029e+01,1.122731205718306136e+01
5.941411831951986500e+01,1.031447629111855235e+01
5.943412403543869971e+01,1.145993233370736419e+01
5.945412975135753442e+01,1.088140864474639180e+01
5.947413546727636913e+01,1.111540552370578361e+01
5.949414118319520384e+01,1.220515215599434100e+01
5.951414689911403855e+01,1.201729482374479119e+01
5.953415261503286615e+01,1.147205312469368899e+01
5.955415833095170086e+01,1.293452874477813985e+01
5.957416404687053557e+01,1.213317274276947799e+01
5.959416976278937028e+01,1.178296016079254471e+01
5.961417547870820499e+01,1.056946204002665191e+01
5.963418119462703970e+01,1.197904149104985727e+01
5.965418691054587441e+01,9.888604627017000936e+00
5.967419262646470912e+01,1.030167610617598584e+01
5.969419834238354383e+01,1.015269530690238575e+01
5.971420405830237144e+01,9.846313969975815539e+00
5.973420977422120615e+01,8.956462200390827633e+00
5.975421549014004086e+01,8.766890739211396166e+00
5.977422120605887557e+01,6.984739544540462752e+00
5.979422692197771028e+01,8.071758824882243388e+00
5.981423263789654499e+01,7.577916586123085274e+00
5.983423835381537970e+01,6.282916019904381422e+00
5.985424406973421441e+01,7.184335877875091647e+00
5.987424978565304912e+01,7.116509027484740457e+00
5.989425550157188383e+01,5.572157912007606129e+00
5.991426121749071143e+01,5.975828627272211868e+00
5.993426693340954614e+01,5.113700492347085458e+00
5.995427264932838085e+01,6.107141805943321344e+00
5.997427836524721556e+01,6.202697411280093220e+00
5.999428408116605027e+01,5.563962634111149441e+00
6.001428979708488498e+01,5.405834430745612984e+00
6.003429551300371969e+01,4.042263122545765697e+00
6.005430122892255440e+01,4.762058612947120295e+00
6.007430694484138911e+01,4.925363778442667595e+00
6.009431266076021672e+01,4.388197580599105585e+00
6.011431837667905143e+01,4.318972448066225489e+00
6.013432409259788614e+01,4.258959989400838531e+00
6.015432980851672085e+01,3.702890397847721449e+00
6.017433552443555556e+01,3.629372578406282468e+00
6.019434124035439027e+01,4.728575838063124870e+00
6.021434695627322498e+01,2.735492624457861677e+00
6.023435267219205969e+01,3.746567626519999195e+00
6.025435838811089440e+01,4.185356229195822841e+00
6.027436410402972911e+01,3.953018745076633866e+00
6.029436981994855671e+01,3.986510237602139739e+00
6.031437553586739142e+01,4.293252924412501947e+00
6.033438125178622613e+01,4.085668248540688552e+00
6.035438696770506084e+01,3.250247156823093508e+00
6.037439268362389555e+01,3.708601850800587574e+00
6.039439839954273026e+01,3.384890786993267398e+00
6.041440411546156497e+01,4.432363981474808590e+00
6.043440983138039968e+01,2.965990135455968790e+00
6.045441554729923439e+01,3.286880158249377182e+00
6.047442126321806199e+01,2.906436909856230155e+00
6.049442697913689670e+01,4.745528520710493581e+00
6.051443269505573141e+01,4.093562196133918363e+00
6.053443841097456612e+01,4.907331869541400771e+00
6.055444412689340083e+01,3.533607742592450141e+00
6.057444984281223554e+01,4.923406942783064011e+00
6.059445555873107025e+01,4.734979400074539768e+00
6.061446127464990496e+01,5.070080954155148589e+00
6.063446699056873967e+01,4.030375699835169634e+00
6.065447270648756728e+01,4.474949760401321086e+00
6.067447842240640199e+01,5.595184912780159614e+00
6.069448413832523670e+01,4.967381125218262028e+00
6.071448985424407141e+01,5.148209401449059364e+00
6.073449557016290612e+01,6.029312251516802945e+00
6.075450128608174083e+01,6.576126238729542273e+00
6.077450700200057554e+01,5.275602158386101692e+00
6.079451271791941025e+01,5.636246140829863194e+00
6.081451843383824496e+01,7.191603570935246381e+00
6.083452414975707967e+01,6.198418677420136191e+00
6.085452986567590727e+01,6.890028105652356238e+00
6.087453558159474198e+01,7.360982814477693204e+00
6.089454129751357669e+01,8.080737769331555853e+00
6.091454701343241140e+01,8.541886276557395519e+00
6.093455272935124611e+01,8.594355213680413996e+00
6.095455844527008082e+01,9.962974527317394191e+00
6.097456416118891553e+01,1.023176493311275870e+01
6.099456987710775024e+01,1.020042176658831146e+01
6.101457559302658495e+01,1.066368924199380785e+01
6.103458130894541256e+01,1.141128855123296049e+01
6.105458702486424727e+01,1.167987487680512793e+01
6.107459274078308198e+01,1.280743150657119678e+01
6.109459845670191669e+01,1.390578541574731375e+01
6.111460417262075140e+01,1.300727798522277112e+01
6.113460988853958611e+01,1.528251325390196946e+01
6.115461560445842082e+01,1.441864295882634472e+01
6.117462132037725553e+01,1.454632549024768196e+01
6.119462703629609024e+01,1.540210377617123960e+01
6.121463275221492495e+01,1.721829853777995112e+01
6.123463846813375255e+01,1.758064191880278671e+01
6.125464418405258726e+01,1.884831206530870062e+01
6.127464989997142197e+01,1.900578813215289387e+01
6.129465561589025668e+01,1.889055432335291940e+01
6.131466133180909139e+01,2.118662993329007449e+01
6.133466704772792610e+01,2.110188400895501104e+01
6.135467276364676081e+01,2.194880249947836859e+01
6.137467847956559552e+01,2.246398926912476668e+01
6.139468419548443023e+01,2.464858872839867487e+01
6.141468991140325784e+01,2.475054269547239016e+01
6.143469562732209255e+01,2.499473748152747987e+01
6.145470134324092726e+01,2.392531618648851222e+01
6.147470705915976197e+01,2.407663776942538192e+01
6.149471277507859668e+01,2.365144889293149788e+01
6.151471849099743139e+01,2.331361128252878601e+01
6.153472420691626610e+01,2.370102476143908632e+01
6.155472992283510081e+01,2.171541786005605701e+01
6.157473563875393552e+01,2.012994126050509180e+01
6.159474135467276312e+01,2.007056502842581835e+01
6.161474707059159783e+01,1.769914173976229677e+01
6.163475278651043254e+01,1.668073094739801121e+01
6.165475850242926725e+01,1.549241842132441782e+01
6.167476421834810196e+01,1.394745775185235104e+01
6.169476993426693667e+01,1.197007382587869095e+01
6.171477565018577138e+01,1.192987471199425720e+01
6.173478136610460609e+01,1.124709975663066786e+01
6.175478708202344080e+01,9.159244414160117032e+00
6.177479279794227551e+01,8.925929632969378247e+00
6.179479851386110312e+01,7.991179025576537143e+00
6.181480422977993783e+01,7.105958631416143589e+00
6.183480994569877254e+01,7.843228751335675319e+00
6.185481566161760725e+01,6.572307667298657563e+00
6.187482137753644196e+01,5.819550825791679927e+00
6.189482709345527667e+01,6.609314248564023053e+00
6.191483280937411138e+01,6.196051670651944399e+00
6.193483852529294609e+01,6.395446306500121025e+00
6.195484424121178080e+01,5.962293693485668733e+00
6.197484995713060840e+01,5.603285450086160857e+00
6.199485567304944311e+01,4.944556669044715136e+00
6.201486138896827782e+01,5.527333076517567001e+00
6.203486710488711253e+01,4.774277589102359443e+00
6.205487282080594724e+01,5.114187191322638881e+00
6.207487853672478195e+01,4.726386227589260969e+00
6.209488425264361666e+01,5.986458939177738969e+00
6.211488996856245137e+01,4.447637414540840162e+00
6.213489568448128608e+01,4.931089990339461160e+00
6.215490140040011369e+01,5.861162075801034099e+00
6.217490711631894840e+01,4.875843730162796597e+00
6.219491283223778311e+01,4.022065135254974777e+00
6.221491854815661782e+01,4.083706182791743799e+00
6.223492426407545253e+01,5.078942414833563568e+00
6.225492997999428724e+01,4.066881317544448038e+00
6.227493569591312195e+01,4.473906402530198001e+00
6.229494141183195666e+01,4.763436046400965296e+00
6.231494712775079137e+01,4.431093539540780668e+00
6.233495284366962608e+01,5.222287215097022539e+00
6.235495855958845368e+01,5.150013199795932195e+00
6.237496427550728839e+01,4.968994874236643433e+00
6.239496999142612310e+01,3.208633302958171285e+00
6.241497570734495781e+01,3.608136779880463774e+00
6.243498142326379252e+01,4.070563603734160374e+00
6.245498713918262723e+01,4.876751458762907276e+00
6.247499285510146194e+01,4.962307292382181600e+00
6.249499857102029665e+01,3.155016250616522022e+00
6.251500428693913136e+01,3.190295054587265700e+00
6.253501000285795897e+01,4.594865663152689628e+00
6.255501571877679368e+01,4.616316768984399133e+00
6.257502143469562839e+01,4.317897365731390380e+00
6.259502715061446310e+01,3.114627107683200613e+00
6.261503286653329781e+01,3.879047833057029493e+00
6.263503858245213252e+01,3.209198717735814999e+00
6.265504429837096723e+01,2.727778264455203772e+00
6.267505001428980194e+01,2.736210797053661548e+00
6.269505573020863665e+01,2.626416907064955897e+00
6.271506144612747136e+01,2.703686507477152112e+00
6.273506716204629896e+01,2.571403379979306791e+00
6.275507287796513367e+01,2.270864081940928703e+00
6.277507859388396838e+01,2.466392921152097184e+00
6.279508430980280309e+01,3.033647673968445702e+00
6.281509002572163780e+01,2.474889384402427339e+00
6.283509574164047251e+01,2.958043011299277492e+00
6.285510145755930722e+01,1.898717682081072056e+00
6.287510717347814193e+01,1.989324728053960323e+00
6.289511288939697664e+01,3.013252402659463147e+00
6.291511860531580425e+01,2.877220145441879318e+00
6.293512432123463896e+01,3.327098145142604046e+00
6.295513003715347367e+01,2.556811032995244481e+00
6.297513575307230838e+01,2.560013551115455588e+00
6.299514146899114309e+01,1.654298929203895652e+00
6.301514718490997780e+01,1.743390836110837450e+00
6.303515290082881251e+01,2.166610514280650879e+00
6.305515861674764722e+01,2.652287830352137998e+00
6.307516433266648193e+01,2.222181280379607937e+00
6.309517004858530953e+01,2.023279593440171276e+00
6.311517576450414424e+01,3.304255568796651943e+00
6.313518148042297895e+01,3.625132858129467284e+00
6.315518719634181366e+01,2.164966556706283907e+00
6.317519291226064837e+01,2.339732024658823129e+00
6.319519862817948308e+01,2.237727528446085135e+00
6.321520434409831779e+01,3.407463096899315147e+00
6.323521006001715250e+01,3.288182523307740635e+00
6.325521577593598721e+01,2.158096317121096952e+00
6.327522149185482192e+01,2.590405051717274976e+00
6.329522720777364952e+01,2.382514669929430173e+00
6.331523292369248423e+01,2.930011653010037520e+00
6.333523863961131894e+01,3.591649923025832081e+00
6.335524435553015365e+01,2.092175404828209295e+00
6.337525007144898836e+01,3.132746395679306683e+00
6.339525578736782307e+01,2.680516200453945341e+00
6.341526150328665778e+01,3.342990701984190682e+00
6.343526721920549249e+01,3.671767340941527014e+00
6.345527293512432720e+01,3.396150140790436200e+00
6.347527865104315481e+01,3.846871268673985433e+00
6.349528436696198952e+01,2.881299773949141496e+00
6.351529008288082423e+01,2.894641905387191017e+00
6.353529579879965894e+01,3.759645454161377298e+00
6.355530151471849365e+01,3.643207931402606903e+00
6.357530723063732836e+01,3.515899213956321212e+00
6.359531294655616307e+01,4.694523869960177009e+00
6.361531866247499778e+01,4.199928049320948986e+00
6.363532437839383249e+01,4.830282366978303266e+00
6.365533009431266720e+01,4.682220018413266516e+00
6.367533581023149480e+01,3.941857375216388792e+00
6.369534152615032951e+01,4.419000853607723656e+00
6.371534724206916422e+01,5.702377642306696970e+00
6.373535295798799893e+01,5.252675736426668962e+00
6.375535867390683364e+01,5.407033752345549615e+00
6.377536438982566835e+01,6.262328829538696517e+00
6.379537010574450306e+01,5.945124405739934836e+00
6.381537582166333777e+01,7.265642862694638104e+00
6.383538153758217248e+01,5.920246097502175786e+00
6.385538725350100009e+01,6.969733729144576451e+00
6.387539296941983480e+01,7.009543422895873732e+00
6.389539868533866951e+01,7.926075787054758237e+00
6.391540440125750422e+01,8.244978633814961100e+00
6.393541011717633893e+01,8.637944156686943487e+00
6.395541583309517364e+01,8.235645251901548392e+00
6.397542154901400835e+01,7.472749701568893066e+00
6.399542726493284306e+01,7.933813998240944798e+00
6.401543298085167066e+01,8.193708875316136897e+00
6.403543869677051248e+01,8.299605269818288278e+00
6.405544441268934008e+01,9.770929505343090682e+00
6.407545012860816769e+01,9.217871777045711923e+00
6.409545584452700950e+01,9.690458336546013740e+00
6.411546156044585132e+01,9.317532155849262310e+00
6.413546727636467892e+01,1.006390544680637866e+01
6.415547299228350653e+01,1.029014198532469315e+01
6.417547870820234834e+01,1.069084851124233282e+01
6.419548442412119016e+01,1.169399592549101285e+01
6.421549014004001776e+01,1.087005310577242589e+01
6.423549585595884537e+01,1.120408039170609094e+01
6.425550157187768718e+01,1.196521655968687980e+01
6.427550728779651479e+01,1.275568228029366402e+01
6.429551300371534239e+01,1.350688086699710766e+01
6.431551871963418421e+01,1.252551611560008915e+01
6.433552443555302602e+01,1.274765815165026162e+01
6.435553015147185363e+01,1.479817024197700093e+01
6.437553586739068123e+01,1.495812983601712354e+01
6.439554158330952305e+01,1.553416827235868425e+01
6.441554729922835065e+01,1.592576721171609755e+01
6.443555301514717826e+01,1.641456648362114734e+01
6.445555873106602007e+01,1.716416936121007453e+01
6.447556444698486189e+01,1.697226853397833679e+01
6.449557016290368949e+01,1.699780041924640273e+01
6.451557587882251710e+01,1.673271172258914063e+01
6.453558159474135891e+01,1.840598118478920497e+01
6.455558731066020073e+01,1.853826714041564117e+01
6.457559302657902833e+01,1.854214215383444397e+01
6.459559874249785594e+01,1.854411943198557466e+01
6.461560445841669775e+01,1.741265883234380496e+01
6.463561017433552536e+01,1.787824641742304621e+01
6.465561589025435296e+01,1.618268704545698355e+01
6.467562160617319478e+01,1.578704317109306920e+01
6.469562732209203659e+01,1.527937025025203788e+01
6.471563303801086420e+01,1.524756469141017945e+01
6.473563875392969180e+01,1.333602273793444581e+01
6.475564446984853362e+01,1.283608262893175400e+01
6.477565018576737543e+01,1.348489178871238359e+01
6.479565590168618883e+01,1.261626407379000447e+01
6.481566161760503064e+01,1.226303373431491472e+01
6.483566733352387246e+01,9.752840546689899526e+00
6.485567304944270006e+01,1.016596511223971433e+01
6.487567876536152767e+01,9.427927277424167585e+00
6.489568448128036948e+01,8.892902617502848273e+00
6.491569019719921130e+01,9.623142305606480207e+00
6.493569591311803890e+01,8.405416870259662332e+00
6.495570162903686651e+01,8.617045856539695237e+00
6.497570734495570832e+01,9.266415595693709761e+00
6.499571306087453593e+01,1.035994538742614424e+01
6.501571877679336353e+01,1.053956044354897337e+01
6.503572449271220535e+01,9.897026007397821346e+00
6.505573020863104716e+01,1.208968022655432684e+01
6.507573592454987477e+01,1.291393632663120705e+01
6.509574164046870237e+01,1.254129806536406910e+01
6.511574735638754419e+01,1.456082765038769544e+01
6.513575307230638600e+01,1.517458620266771696e+01
6.515575878822521361e+01,1.617852715748912118e+01
6.517576450414404121e+01,1.751671994242508745e+01
6.519577022006288303e+01,1.762209356620534706e+01
6.521577593598171063e+01,1.945610182183160575e+01
6.523578165190053824e+01,1.962820354224108499e+01
6.525578736781938005e+01,1.954344799153409795e+01
6.527579308373822187e+01,2.026991113289163593e+01
6.529579879965704947e+01,2.165173529909990435e+01
6.531580451557587708e+01,2.299873136288144337e+01
6.533581023149471889e+01,2.156888242147907064e+01
6.535581594741354650e+01,2.260092035833098834e+01
6.537582166333237410e+01,2.245079163351077867e+01
6.539582737925121592e+01,2.292676454229590988e+01
6.541583309517005773e+01,2.075750091374813167e+01
6.543583881108888534e+01,2.082975705528221511e+01
6.545584452700771294e+01,2.042639032138557553e+01
6.547585024292655476e+01,2.032267020155532933e+01
6.549585595884539657e+01,1.748567503844177651e+01
6.551586167476422418e+01,1.679346752544628174e+01
6.553586739068305178e+01,1.623278429110095900e+01
6.555587310660189360e+01,1.502245037669424832e+01
6.557587882252072120e+01,1.475843135815338769e+01
6.559588453843954881e+01,1.398264476988220473e+01
6.561589025435839062e+01,1.303962662764817537e+01
6.563589597027723244e+01,1.187112984201268695e+01
6.565590168619606004e+01,1.220016894202540314e+01
6.567590740211488765e+01,1.077757793155686450e+01
6.569591311803372946e+01,9.320818834467269554e+00
6.571591883395257128e+01,1.033987256116845188e+01
6.573592454987138467e+01,9.597578906441306401e+00
6.575593026579022649e+01,9.279760078251523936e+00
6.577593598170906830e+01,7.497199731761376995e+00
6.579594169762789591e+01,7.063584262291923821e+00
6.581594741354672351e+01,6.756479525121006802e+00
6.583595312946556533e+01,7.916027943987457682e+00
6.585595884538440714e+01,7.354577971315590545e+00
6.587596456130323475e+01,6.708806476516020467e+00
6.589597027722206235e+01,6.424652327920764350e+00
6.591597599314090417e+01,5.109426937691756265e+00
6.593598170905973177e+01,6.387541663743503406e+00
6.595598742497855937e+01,5.558612978576797481e+00
6.597599314089740119e+01,4.365108967591062594e+00
6.599599885681624301e+01,5.585024169816309225e+00
6.601600457273507061e+01,4.715600699760377879e+00
6.603601028865389821e+01,4.317233403458894614e+00
6.605601600457274003e+01,4.811135690361608930e+00
6.607602172049158185e+01,4.658522370865515683e+00
6.609602743641040945e+01,4.386620531784870991e+00
6.611603315232923705e+01,4.014578237350407974e+00
6.613603886824807887e+01,4.380155356786397114e+00
6.615604458416690647e+01,4.783815887743370965e+00
6.617605030008573408e+01,4.440487630047881495e+00
6.619605601600457589e+01,3.759288694853216484e+00
6.621606173192341771e+01,4.147003891974677892e+00
6.623606744784224531e+01,3.229753598978229334e+00
6.625607316376107292e+01,2.515163561364877065e+00
6.627607887967991473e+01,3.155013188432319815e+00
6.629608459559874234e+01,3.547527243683563647e+00
6.631609031151756994e+01,2.890814103627731502e+00
6.633609602743641176e+01,3.506430554774183861e+00
6.635610174335525357e+01,3.415840856762744071e+00
6.637610745927408118e+01,3.123294792993104085e+00
6.639611317519290878e+01,1.990277128672028883e+00
6.641611889111175060e+01,3.437774897367024796e+00
6.643612460703059241e+01,2.731385902333184568e+00
6.645613032294942002e+01,2.610374319453052649e+00
6.647613603886824762e+01,2.289988461035157741e+00
6.649614175478708944e+01,3.175929828266153887e+00
6.651614747070591704e+01,2.660459922089676521e+00
6.653615318662474465e+01,2.693557980576799515e+00
6.655615890254358646e+01,2.160714951796080197e+00
6.657616461846242828e+01,2.873526477304980009e+00
6.659617033438125588e+01,2.945257203432486648e+00
6.661617605030008349e+01,2.546734274985642532e+00
6.663618176621892530e+01,3.027817218170900215e+00
6.665618748213776712e+01,2.966201921548817122e+00
6.667619319805658051e+01,3.463083053513487553e+00
6.669619891397542233e+01,2.287216992848796870e+00
6.671620462989426414e+01,2.419047423917660478e+00
6.673621034581309175e+01,2.411082034905289273e+00
6.675621606173191935e+01,3.535748789952237736e+00
6.677622177765076117e+01,2.579509952312118326e+00
6.679622749356960298e+01,3.291502666537202693e+00
6.681623320948843059e+01,2.429952520246490444e+00
6.683623892540725819e+01,3.436778016244328438e+00
6.685624464132610001e+01,2.643203824327493567e+00
6.687625035724492761e+01,2.318288676584961738e+00
6.689625607316375522e+01,3.236871877100837569e+00
6.691626178908259703e+01,3.609325914486773090e+00
6.693626750500143885e+01,1.834552027015506681e+00
6.695627322092026645e+01,2.126146453385408641e+00
6.697627893683909406e+01,3.320001560384638228e+00
6.699628465275793587e+01,2.849841984272491135e+00
6.701629036867677769e+01,1.985037437971646446e+00
6.703629608459560529e+01,2.720599845023174979e+00
6.705630180051443290e+01,2.222991554389564861e+00
6.707630751643327471e+01,2.090673954992781969e+00
6.709631323235210232e+01,1.622000022963529853e+00
6.711631894827092992e+01,1.549025003119307131e+00
6.713632466418977174e+01,1.693197038085861417e+00
6.715633038010861355e+01,3.009642323132294628e+00
6.717633609602744116e+01,2.621878859638892223e+00
6.719634181194626876e+01,1.689339633329381751e+00
6.721634752786511058e+01,1.492252569261190542e+00
6.723635324378393818e+01,2.527135524820665502e+00
6.725635895970276579e+01,1.516956865008279198e+00
6.727636467562160760e+01,1.924485609792796703e+00
6.729637039154044942e+01,2.073026826120984989e+00
6.731637610745927702e+01,2.827446658307416261e+00
6.733638182337810463e+01,1.854935933706313822e+00
6.735638753929694644e+01,1.932262064604304941e+00
6.737639325521578826e+01,3.224035251725728024e+00
6.739639897113461586e+01,1.560732044532683327e+00
6.741640468705344347e+01,3.272070002465672367e+00
6.743641040297228528e+01,3.212283532684003795e+00
6.745641611889111289e+01,1.469274427731256161e+00
6.747642183480994049e+01,3.294738391995940319e+00
6.749642755072878231e+01,1.971323668118072137e+00
6.751643326664762412e+01,2.048949907608441201e+00
6.753643898256645173e+01,1.473989766644340893e+00
6.755644469848527933e+01,3.357564369000833437e+00
6.757645041440412115e+01,2.782726571612787581e+00
6.759645613032296296e+01,2.466842708066043333e+00
6.761646184624177636e+01,2.417401904851027794e+00
6.763646756216061817e+01,2.691045614748618586e+00
6.765647327807945999e+01,2.549335300028559903e+00
6.767647899399828759e+01,2.805332165807067568e+00
6.769648470991711520e+01,2.592932202736603742e+00
6.771649042583595701e+01,2.904888518636278061e+00
6.773649614175479883e+01,2.664996261604043681e+00
6.775650185767362643e+01,2.797770728893239855e+00
6.777650757359245404e+01,3.085470756771214074e+00
6.779651328951129585e+01,3.006430655956859432e+00
6.781651900543012346e+01,1.932224360333760105e+00
6.783652472134895106e+01,3.222034179418854283e+00
6.785653043726779288e+01,2.230455723581091565e+00
6.787653615318663469e+01,3.520821284699175546e+00
6.789654186910546230e+01,2.798372051565834351e+00
6.791654758502428990e+01,2.972797074784091276e+00
6.793655330094313172e+01,2.561845997326317903e+00
6.795655901686197353e+01,3.103390638558741532e+00
6.797656473278080114e+01,3.667304230536757803e+00
6.799657044869962874e+01,3.289392846612611443e+00
6.801657616461847056e+01,2.578923669744338731e+00
6.803658188053729816e+01,4.185041066899442441e+00
6.805658759645612577e+01,2.727074145450400611e+00
6.807659331237496758e+01,3.303239238932024868e+00
6.809659902829380940e+01,2.969853401623435474e+00
6.811660474421263700e+01,3.212918570587075529e+00
6.813661046013146461e+01,3.794196520043097820e+00
6.815661617605030642e+01,4.267839469146696985e+00
6.817662189196913403e+01,3.680883889312451362e+00
6.819662760788796163e+01,4.401559713503766957e+00
6.821663332380680345e+01,4.218417024586246455e+00
6.823663903972564526e+01,3.272775584437661145e+00
6.825664475564447287e+01,4.767409338852944600e+00
6.827665047156330047e+01,4.315316713113678482e+00
6.829665618748214229e+01,4.809564668954829258e+00
6.831666190340098410e+01,3.927597729040102070e+00
6.833666761931981171e+01,3.411677124443550646e+00
6.835667333523863931e+01,3.760651904950609747e+00
6.837667905115748113e+01,4.964966251724016288e+00
6.839668476707630873e+01,3.455550579029079028e+00
6.841669048299513634e+01,3.959374777827915803e+00
6.843669619891397815e+01,5.092606774378156231e+00
6.845670191483281997e+01,3.195479184656216720e+00
6.847670763075164757e+01,3.559417871918242327e+00
6.849671334667047518e+01,4.820957333897959884e+00
6.851671906258931699e+01,3.903023392304446837e+00
6.853672477850815881e+01,3.175721468045664686e+00
6.855673049442697220e+01,4.700166939195879579e+00
6.857673621034581402e+01,3.990957133632214493e+00
6.859674192626465583e+01,3.953880375674806213e+00
6.861674764218348344e+01,3.141191635131620252e+00
6.863675335810231104e+01,4.082215933387712603e+00
6.865675907402115286e+01,4.807156233950608204e+00
6.867676478993999467e+01,3.535889701557946019e+00
6.869677050585882228e+01,4.277756105982557067e+00
6.871677622177764988e+01,4.443734238640295153e+00
6.873678193769649170e+01,3.758799054563571218e+00
6.875678765361531930e+01,4.227831313874376384e+00
6.877679336953414690e+01,5.864408712467410467e+00
6.879679908545298872e+01,6.342372419183253562e+00
6.881680480137183054e+01,6.461878907396567229e+00
6.883681051729065814e+01,6.826290017433235491e+00
6.885681623320948574e+01,6.342338028686907769e+00
6.887682194912832756e+01,7.390601485563003337e+00
6.889682766504716938e+01,7.459944351636221604e+00
6.891683338096599698e+01,7.814893940521832505e+00
6.893683909688482458e+01,9.936811411935913441e+00
6.895684481280366640e+01,9.402977009559860377e+00
6.897685052872249400e+01,1.148592628552323269e+01
6.899685624464132161e+01,1.093062851265510815e+01
6.901686196056016342e+01,1.123001631142974688e+01
6.903686767647900524e+01,1.221666993654541855e+01
6.905687339239783284e+01,1.200928629046720353e+01
6.907687910831666045e+01,1.348262019464219286e+01
6.909688482423550226e+01,1.417046086730375443e+01
6.911689054015432987e+01,1.391548197363372807e+01
6.913689625607315747e+01,1.314705121309234315e+01
6.915690197199199929e+01,1.445100714018945531e+01
6.917690768791084110e+01,1.329057354958329284e+01
6.919691340382966871e+01,1.398262619204148294e+01
6.921691911974849631e+01,1.199952072056713348e+01
6.923692483566733813e+01,1.135656452176448639e+01
6.925693055158617994e+01,1.038987172857020269e+01
6.927693626750500755e+01,1.152445493750358274e+01
6.929694198342383515e+01,1.010883845635482636e+01
6.931694769934267697e+01,9.822231060273360015e+00
6.933695341526150457e+01,8.204880009927332907e+00
6.935695913118033218e+01,7.144721981510937958e+00
6.937696484709917399e+01,6.748338562981147426e+00
6.939697056301801581e+01,6.552802898627136052e+00
6.941697627893684341e+01,6.676935749941927511e+00
6.943698199485567102e+01,4.768969250085138611e+00
6.945698771077451283e+01,4.328114252951344554e+00
6.947699342669335465e+01,5.801041243929671687e+00
6.949699914261216804e+01,4.471038325583902129e+00
6.951700485853100986e+01,3.387126768703632163e+00
6.953701057444985167e+01,4.909646820682255886e+00
6.955701629036867928e+01,4.413013674290762189e+00
6.957702200628750688e+01,3.124085951135101791e+00
6.959702772220634870e+01,3.233601668074841839e+00
6.961703343812519051e+01,3.477749542096313817e+00
6.963703915404401812e+01,4.165290745732999511e+00
6.965704486996284572e+01,2.395247064533712500e+00
6.967705058588168754e+01,3.000098416245583710e+00
6.969705630180051514e+01,3.650033970533359540e+00
6.971706201771934275e+01,2.727544819776523966e+00
6.973706773363818456e+01,2.906182366621421487e+00
6.975707344955702638e+01,2.875886985537642548e+00
6.977707916547585398e+01,2.266690996958512727e+00
6.979708488139468159e+01,3.373494132403669354e+00
6.981709059731352340e+01,1.889930592371071194e+00
6.983709631323236522e+01,3.003730308037896979e+00
6.985710202915119282e+01,1.930622880124212903e+00
6.987710774507002043e+01,3.184420791496100467e+00
6.989711346098886224e+01,3.335094884840829721e+00
6.991711917690768985e+01,2.799735517066108681e+00
6.993712489282651745e+01,2.335026052725861057e+00
6.995713060874535927e+01,2.522133912974911407e+00
6.997713632466420108e+01,2.228305598383466535e+00
6.999714204058302869e+01,1.358658371207930982e+00
7.001714775650185629e+01,3.202770233336805550e+00
7.003715347242069811e+01,3.162412578448590583e+00
7.005715918833952571e+01,2.935464345280892839e+00
7.007716490425835332e+01,2.757301303294272365e+00
7.009717062017719513e+01,3.143670395391907402e+00
7.011717633609603695e+01,2.065315160807045025e+00
7.013718205201486455e+01,2.990364647483033433e+00
7.015718776793369216e+01,1.647319050113781991e+00
7.017719348385253397e+01,2.644064154178495940e+00
7.019719919977137579e+01,3.115292852136040125e+00
7.021720491569020339e+01,2.509989864213171717e+00
7.023721063160903100e+01,2.502252464368043050e+00
7.025721634752787281e+01,2.323493755130008775e+00
7.027722206344670042e+01,2.147618456696831934e+00
7.029722777936552802e+01,2.343411305465419758e+00
7.031723349528436984e+01,1.925644439879394598e+00
7.033723921120321165e+01,2.710771863832052819e+00
7.035724492712203926e+01,2.053172658959859120e+00
7.037725064304086686e+01,2.566946848849774643e+00
7.039725635895970868e+01,2.226836330326200208e+00
7.041726207487855049e+01,1.773261284414641592e+00
7.043726779079736389e+01,2.817100946735863420e+00
7.045727350671620570e+01,2.981735383015081009e+00
7.047727922263504752e+01,3.373298648720375770e+00
7.049728493855387512e+01,3.577517188764913758e+00
7.051729065447270273e+01,2.724345594569937301e+00
7.053729637039154454e+01,2.725103194860854394e+00
7.055730208631038636e+01,3.436366898992378349e+00
7.057730780222921396e+01,3.555883532396450164e+00
7.059731351814804157e+01,2.171597862123433309e+00
7.061731923406688338e+01,3.315531578250618949e+00
7.063732494998571099e+01,2.615010692059887010e+00
7.065733066590453859e+01,3.417112081617215580e+00
7.067733638182338041e+01,2.213050812393593691e+00
7.069734209774222222e+01,3.169787774467435426e+00
7.071734781366104983e+01,2.840174128887037686e+00
7.073735352957987743e+01,2.837410524361519748e+00
7.075735924549871925e+01,3.342235748301384923e+00
7.077736496141756106e+01,2.619841147907305601e+00
7.079737067733638867e+01,3.819693852968164549e+00
7.081737639325521627e+01,2.082023841405610032e+00
7.083738210917405809e+01,2.552286734565103909e+00
7.085738782509288569e+01,2.919012709180448528e+00
7.087739354101171330e+01,3.941774195576312145e+00
7.089739925693055511e+01,2.377997046160740702e+00
7.091740497284939693e+01,3.496331454135837902e+00
7.093741068876822453e+01,3.674221031016258188e+00
7.095741640468705214e+01,2.925032484548265810e+00
7.097742212060589395e+01,3.380394521319474155e+00
7.099742783652472156e+01,4.088116294051773458e+00
7.101743355244354916e+01,3.621485095620582406e+00
7.103743926836239098e+01,3.167274954816130084e+00
7.105744498428123279e+01,4.785162314420266405e+00
7.107745070020006040e+01,3.596789259715636344e+00
7.109745641611888800e+01,4.010199968652532476e+00
7.111746213203772982e+01,4.524407556361918381e+00
7.113746784795657163e+01,4.521584737257442477e+00
7.115747356387539924e+01,6.171997865705899144e+00
7.117747927979422684e+01,5.539586889005278181e+00
7.119748499571306866e+01,6.718507874314573414e+00
7.121749071163189626e+01,6.836698177607443583e+00
7.123749642755072387e+01,7.143933477858738890e+00
7.125750214346956568e+01,6.624823457719394959e+00
7.127750785938840750e+01,6.815901181857665136e+00
7.129751357530723510e+01,6.643604251577822417e+00
7.131751929122606271e+01,6.620907176376340963e+00
7.133752500714490452e+01,7.677772453749421189e+00
7.135753072306374634e+01,6.701637466857585324e+00
7.137753643898255973e+01,6.318612747808990626e+00
7.139754215490140155e+01,6.946509596181787316e+00
7.141754787082024336e+01,7.384914938187493227e+00
7.143755358673907097e+01,6.716920246581173259e+00
7.145755930265789857e+01,6.935858709428766922e+00
7.147756501857674039e+01,6.973994293906558006e+00
7.149757073449558220e+01,6.454641929572288106e+00
7.151757645041440981e+01,6.072537488184718057e+00
7.153758216633323741e+01,6.742009980688162152e+00
7.155758788225207923e+01,5.928149003722830379e+00
7.157759359817090683e+01,6.201737135668899725e+00
7.159759931408973443e+01,5.861881676284739662e+00
7.161760503000857625e+01,6.682787989970697673e+00
7.163761074592741807e+01,7.459113988341965928e+00
7.165761646184624567e+01,6.919463968128946263e+00
7.167762217776507327e+01,8.159492492194173607e+00
7.169762789368391509e+01,9.346747888410053662e+00
7.171763360960275691e+01,9.531829247622521706e+00
7.173763932552158451e+01,9.382072972729229576e+00
7.175764504144041211e+01,1.010520715367567668e+01
7.177765075735925393e+01,1.123445745288628750e+01
7.179765647327808153e+01,1.115786002604312799e+01
7.181766218919690914e+01,1.117612396700888766e+01
7.183766790511575095e+01,1.107158547769405033e+01
7.185767362103459277e+01,1.237899155526008421e+01
7.187767933695342037e+01,1.157368509462846973e+01
7.189768505287224798e+01,1.283915711135505333e+01
7.191769076879108979e+01,1.315639099610576501e+01
7.193769648470991740e+01,1.156252578252966856e+01
7.195770220062874500e+01,1.126687205935789216e+01
7.197770791654758682e+01,1.106434209998473150e+01
7.199771363246642863e+01,1.160464089686115763e+01
7.201771934838525624e+01,1.096886687746025579e+01
7.203772506430408384e+01,9.520025425747121517e+00
7.205773078022292566e+01,8.631850100840740225e+00
7.207773649614176747e+01,8.550671135561582759e+00
7.209774221206059508e+01,7.510364045342122097e+00
7.211774792797942268e+01,7.081745409438486405e+00
7.213775364389826450e+01,6.444975620382631831e+00
7.215775935981709210e+01,7.193406481716256629e+00
7.217776507573591971e+01,7.226946841974761782e+00
7.219777079165476152e+01,6.279353576452736618e+00
7.221777650757360334e+01,5.364464030556362673e+00
7.223778222349243094e+01,5.683967990624375410e+00
7.225778793941125855e+01,5.129426291554356254e+00
7.227779365533010036e+01,4.035548183727439842e+00
7.229779937124894218e+01,3.940041371447734253e+00
7.231780508716775557e+01,4.399224259649710866e+00
7.233781080308659739e+01,3.840242673334287371e+00
7.235781651900543920e+01,3.709512837073153158e+00
7.237782223492426681e+01,3.522362843859256021e+00
7.239782795084309441e+01,4.092691669403775379e+00
7.241783366676193623e+01,3.019523312233606482e+00
7.243783938268077804e+01,3.318305088435812511e+00
7.245784509859960565e+01,3.926390493323764552e+00
7.247785081451843325e+01,3.095246237767373731e+00
7.249785653043727507e+01,3.614787974162706252e+00
7.251786224635610267e+01,2.867685169615123097e+00
7.253786796227493028e+01,2.784689972834179184e+00
7.255787367819377209e+01,2.518704912401059648e+00
7.257787939411261391e+01,3.060546649440885059e+00
7.259788511003144151e+01,2.950435370274532954e+00
7.261789082595026912e+01,1.840537488832244328e+00
7.263789654186911093e+01,3.467683845763692041e+00
7.265790225778795275e+01,3.467959559529254498e+00
7.267790797370678035e+01,3.279081782713951121e+00
7.269791368962560796e+01,3.115094655522139711e+00
7.271791940554444977e+01,2.846180307952272504e+00
7.273792512146327738e+01,2.686963269053201930e+00
7.275793083738210498e+01,3.071370698860089732e+00
7.277793655330094680e+01,3.201699499187554476e+00
7.279794226921978861e+01,3.471219310824366300e+00
7.281794798513861622e+01,2.230395619469861757e+00
7.283795370105744382e+01,2.968277510463791735e+00
7.285795941697628564e+01,2.276223931049246474e+00
7.287796513289511324e+01,2.263403262235318625e+00
7.289797084881394085e+01,3.682292130019661602e+00
7.291797656473278266e+01,2.986180865626530512e+00
7.293798228065162448e+01,3.404789780256166409e+00
7.295798799657045208e+01,3.276612544877959277e+00
7.297799371248927969e+01,1.959642581606501732e+00
7.299799942840812150e+01,3.802958010436710889e+00
7.301800514432696332e+01,2.649707716223327125e+00
7.303801086024579092e+01,3.510877085993427738e+00
7.305801657616461853e+01,3.233239198503348177e+00
7.307802229208346034e+01,2.421407312832989600e+00
7.309802800800228795e+01,2.441975261160371780e+00
7.311803372392111555e+01,3.871445245617370468e+00
7.313803943983995737e+01,2.741584289180460488e+00
7.315804515575879918e+01,4.019507723953026357e+00
7.317805087167762679e+01,3.842303521532176802e+00
7.319805658759645439e+01,4.054566097761970411e+00
7.321806230351529621e+01,3.031176902943331974e+00
7.323806801943413802e+01,3.299264288380029164e+00
7.325807373535295142e+01,3.724405325594135174e+00
7.327807945127179323e+01,4.248478610706036385e+00
7.329808516719063505e+01,4.266448963068693701e+00
7.331809088310946265e+01,3.839067739169189419e+00
7.333809659902829026e+01,4.706628193889100586e+00
7.335810231494713207e+01,4.526739631846467660e+00
7.337810803086597389e+01,4.115661276648514999e+00
7.339811374678480149e+01,5.627042485200711930e+00
7.341811946270362910e+01,5.401917743652159487e+00
7.343812517862247091e+01,5.070218789960700967e+00
7.345813089454129852e+01,5.943647461186192693e+00
7.347813661046012612e+01,6.074794291271953917e+00
7.349814232637896794e+01,7.225269626853787486e+00
7.351814804229780975e+01,8.482750136663238294e+00
7.353815375821663736e+01,7.947435430920884336e+00
7.355815947413546496e+01,8.763379442733578273e+00
7.357816519005430678e+01,9.609374391373908253e+00
7.359817090597314859e+01,9.516453786158930228e+00
7.361817662189197620e+01,1.160200552442153210e+01
7.363818233781080380e+01,1.209259751218461787e+01
7.365818805372964562e+01,1.195449743457938219e+01
7.367819376964847322e+01,1.181140699829325058e+01
7.369819948556730083e+01,1.270225954226736320e+01
7.371820520148614264e+01,1.210756087766012534e+01
7.373821091740498446e+01,1.108052660325134298e+01
7.375821663332381206e+01,1.244738906895020847e+01
7.377822234924263967e+01,1.063689940309409465e+01
7.379822806516148148e+01,1.040961348205478920e+01
7.381823378108030909e+01,1.123470985968941527e+01
7.383823949699913669e+01,1.108291008622963680e+01
7.385824521291797851e+01,9.214979997239034049e+00
7.387825092883682032e+01,9.391869449190586749e+00
7.389825664475564793e+01,7.882710953129750564e+00
7.391826236067447553e+01,8.686833643449254794e+00
7.393826807659331735e+01,7.497327137783284634e+00
7.395827379251215916e+01,6.680458675144561376e+00
7.397827950843098677e+01,5.836514836080617386e+00
7.399828522434981437e+01,5.907123762886446805e+00
7.401829094026865619e+01,6.632778467039764259e+00
7.403829665618748379e+01,5.861378409014964319e+00
7.405830237210632561e+01,5.738564183295522092e+00
7.407830808802515321e+01,5.026317525829626653e+00
7.409831380394398082e+01,4.842948555365834906e+00
7.411831951986282263e+01,5.068436646566115478e+00
7.413832523578165024e+01,3.547181475307106702e+00
7.415833095170049205e+01,2.919556015724747322e+00
7.417833666761931966e+01,3.779953229780096624e+00
7.419834238353816147e+01,3.799177984948153952e+00
7.421834809945698908e+01,3.001797087881932669e+00
7.423835381537583089e+01,4.194355604817959104e+00
7.425835953129465850e+01,2.527105371322557303e+00
7.427836524721348610e+01,3.328262642815789096e+00
7.429837096313232792e+01,2.423844802803168719e+00
7.431837667905115552e+01,2.072596122722387246e+00
7.433838239496999734e+01,2.569214613883893161e+00
7.435838811088882494e+01,2.124031595966267449e+00
7.437839382680766676e+01,3.615177328752300578e+00
7.439839954272649436e+01,2.177720180372645142e+00
7.441840525864533618e+01,1.980105131153554021e+00
7.443841097456416378e+01,2.650661772192282051e+00
7.445841669048300560e+01,3.505813666742397139e+00
7.447842240640183320e+01,2.634260832842433064e+00
7.449842812232066080e+01,2.418206028309469069e+00
7.451843383823950262e+01,2.834459894947599867e+00
7.453843955415833022e+01,1.626302168126312342e+00
7.455844527007717204e+01,2.938653778347298129e+00
7.457845098599599964e+01,2.821854003087283846e+00
7.459845670191484146e+01,1.465203383791582326e+00
7.461846241783366906e+01,1.672276505568460969e+00
7.463846813375251088e+01,2.723002423150502338e+00
7.465847384967133848e+01,2.940005366948946097e+00
7.467847956559016609e+01,1.866669261706104699e+00
7.469848528150900790e+01,2.466875105398512513e+00
7.471849099742783551e+01,2.592964411830480209e+00
7.473849671334667732e+01,3.015817564062366340e+00
7.475850242926550493e+01,2.382118068423185520e+00
7.477850814518434674e+01,1.895320490769678345e+00
7.479851386110317435e+01,1.341143130772186387e+00
7.481851957702201616e+01,3.117181336132805125e+00
7.483852529294084377e+01,2.298365461600523130e+00
7.485853100885967137e+01,1.901832632451201155e+00
7.487853672477851319e+01,3.104027980956288957e+00
7.489854244069734079e+01,3.074117701785857637e+00
7.491854815661618261e+01,2.062643379620083373e+00
7.493855387253501021e+01,3.178658730120913933e+00
7.495855958845385203e+01,1.535374748506084464e+00
7.497856530437267963e+01,1.947789935135137318e+00
7.499857102029152145e+01,2.760536893150669080e+00
7.501857673621034905e+01,3.144575173296853876e+00
7.503858245212917666e+01,2.097962462008249762e+00
7.505858816804801847e+01,3.387171764888333936e+00
7.507859388396684608e+01,2.036441014080184075e+00
7.509859959988568789e+01,2.351172137779381277e+00
7.511860531580451550e+01,1.917370811111609896e+00
7.513861103172335731e+01,3.272114908846583958e+00
7.515861674764218492e+01,1.635521529966149856e+00
7.517862246356102673e+01,3.395347779642640340e+00
7.519862817947985434e+01,2.307551687096760062e+00
7.521863389539868194e+01,2.434266516805560165e+00
7.523863961131752376e+01,1.815576358872838636e+00
7.525864532723635136e+01,1.904279887955873551e+00
7.527865104315519318e+01,3.345471746938970536e+00
7.529865675907402078e+01,1.955440844918339138e+00
7.531866247499286260e+01,3.604651322580967321e+00
7.533866819091169020e+01,2.394613062997770658e+00
7.535867390683053202e+01,3.842774329105278497e+00
7.537867962274935962e+01,1.997995988101180620e+00
7.539868533866820144e+01,2.463239360880137063e+00
7.541869105458702904e+01,2.775344832572891107e+00
7.543869677050585665e+01,3.231670342877186908e+00
7.545870248642469846e+01,3.826970560796943310e+00
7.547870820234352607e+01,3.481999398442629179e+00
7.549871391826236788e+01,2.103459751579207282e+00
7.551871963418119549e+01,2.410420084324944590e+00
7.553872535010003730e+01,3.287527010502843350e+00
7.555873106601886491e+01,1.814509553984761991e+00
7.557873678193770672e+01,3.088252854725103358e+00
7.559874249785653433e+01,1.912838370717841352e+00
7.561874821377536193e+01,1.643200618881933694e+00
7.563875392969420375e+01,2.726175656226593080e+00
7.565875964561303135e+01,1.688163759108602724e+00
7.567876536153187317e+01,3.000410245410439991e+00
7.569877107745070077e+01,2.030040252911881282e+00
7.571877679336954259e+01,1.401878245692262492e+00
7.573878250928837019e+01,2.102899920451339888e+00
7.575878822520721201e+01,1.391391295335568046e+00
7.577879394112603961e+01,1.892014593263712685e+00
7.579879965704486722e+01,1.161211884152768770e+00
7.581880537296370903e+01,2.017641059307675455e+00
7.583881108888253664e+01,2.660282374262634697e+00
7.585881680480137845e+01,2.772096182512963747e+00
7.587882252072020606e+01,1.299197339689193376e+00
7.589882823663904787e+01,9.867342007274951809e-01
7.591883395255787548e+01,1.811996530406815742e+00
7.593883966847671729e+01,1.269380369886723869e+00
7.595884538439554490e+01,1.104423412339160748e+00
7.597885110031437250e+01,1.921011184317565013e+00
7.599885681623321432e+01,2.962044591787784675e+00
7.601886253215204192e+01,1.799751798898191923e+00
7.603886824807088374e+01,1.740528301957362300e+00
7.605887396398971134e+01,2.785773610478129658e+00
7.607887967990855316e+01,3.204469338133425715e+00
7.609888539582738076e+01,3.013619941915581357e+00
7.611889111174622258e+01,1.825897205411537660e+00
7.613889682766505018e+01,2.510549112157014484e+00
7.615890254358387779e+01,3.421952369532039739e+00
7.617890825950271960e+01,3.977793721516015957e+00
7.619891397542154721e+01,2.941805417583357674e+00
7.621891969134038902e+01,2.428072436361463193e+00
7.623892540725921663e+01,2.391199412470840890e+00
7.625893112317805844e+01,3.253552742291663247e+00
7.627893683909688605e+01,4.450306680440247575e+00
7.629894255501572786e+01,3.028254916262461904e+00
7.631894827093455547e+01,2.843660826007257114e+00
7.633895398685339728e+01,4.184274649467382368e+00
7.635895970277222489e+01,3.884114181967903701e+00
7.637896541869105249e+01,3.162058687144781999e+00
7.639897113460989431e+01,2.902834068610733453e+00
7.641897685052872191e+01,4.380763638330243737e+00
7.643898256644756373e+01,3.256308699826537811e+00
7.645898828236639133e+01,3.182503508016365945e+00
7.647899399828523315e+01,3.775635620066216003e+00
7.649899971420406075e+01,4.682982246747578792e+00
7.651900543012290257e+01,2.819772560439998799e+00
7.653901114604173017e+01,3.850793686586020836e+00
7.655901686196055778e+01,3.654306485675613558e+00
7.657902257787939959e+01,2.933263010987455122e+00
7.659902829379822720e+01,3.444315260616824581e+00
7.661903400971706901e+01,4.744317141555410622e+00
7.663903972563589662e+01,3.722607022120316689e+00
7.665904544155473843e+01,3.912365201013444871e+00
7.667905115747356604e+01,3.539909364606488307e+00
7.669905687339240785e+01,4.096044919820076124e+00
7.671906258931123546e+01,4.414197975467501145e+00
7.673906830523006306e+01,4.778413910041953372e+00
7.675907402114890488e+01,5.570624890223407455e+00
7.677907973706773248e+01,6.324658231552931831e+00
7.679908545298657430e+01,6.567567065948697547e+00
7.681909116890540190e+01,6.248629129122655002e+00
7.683909688482424372e+01,5.864801103141627614e+00
7.685910260074307132e+01,6.339978678077220486e+00
7.687910831666191314e+01,7.017391300376830010e+00
7.689911403258074074e+01,8.066211306205124387e+00
7.691911974849956835e+01,7.873345622399662069e+00
7.693912546441841016e+01,7.770585848176549959e+00
7.695913118033723777e+01,8.282966534753603227e+00
7.697913689625607958e+01,7.981038333046426736e+00
7.699914261217490719e+01,7.516824706931800826e+00
7.701914832809374900e+01,7.399203108268594953e+00
7.703915404401257661e+01,7.980895023229669150e+00
7.705915975993141842e+01,6.536350111320888168e+00
7.707916547585024603e+01,8.156536512090244884e+00
7.709917119176907363e+01,6.781659547934440369e+00
7.711917690768791545e+01,6.635790449261985025e+00
7.713918262360674305e+01,6.673381701704674818e+00
7.715918833952558487e+01,6.210185241964935265e+00
7.717919405544441247e+01,5.740464158728761923e+00
7.719919977136325429e+01,5.711264725800599074e+00
7.721920548728208189e+01,4.858568137733942471e+00
7.723921120320092371e+01,4.629334618873638618e+00
7.725921691911975131e+01,6.097034180997660258e+00
7.727922263503859313e+01,4.285824579666587475e+00
7.729922835095742073e+01,3.801692247393460011e+00
7.731923406687624833e+01,3.637356257577115670e+00
7.733923978279509015e+01,3.463734994998432182e+00
7.735924549871391775e+01,4.013305816030619866e+00
7.737925121463275957e+01,3.528678067536680008e+00
7.739925693055158717e+01,4.203697233306630920e+00
7.741926264647042899e+01,3.782023431818761772e+00
7.743926836238925659e+01,3.722767398185072185e+00
7.745927407830809841e+01,2.274423609329990992e+00
7.747927979422692601e+01,2.510234104757989471e+00
7.749928551014575362e+01,3.596888535637034590e+00
7.751929122606459543e+01,3.526592899696695316e+00
7.753929694198342304e+01,1.901828151121582877e+00
7.755930265790226485e+01,1.889191827780935640e+00
7.757930837382109246e+01,3.128004975624097295e+00
7.759931408973993427e+01,2.150708700271136031e+00
7.761931980565876188e+01,3.129876748012541121e+00
7.763932552157760369e+01,2.718885740063856638e+00
7.765933123749643130e+01,3.020231842474652151e+00
7.767933695341525890e+01,2.700019407429939289e+00
7.769934266933410072e+01,2.010619556753923121e+00
7.771934838525292832e+01,3.333764154864085061e+00
7.773935410117177014e+01,1.624269832492450716e+00
7.775935981709059774e+01,2.945808539949891003e+00
7.777936553300943956e+01,1.651115796210311126e+00
7.779937124892826716e+01,1.906188879386536694e+00
7.781937696484710898e+01,3.355700462050136501e+00
7.783938268076593658e+01,3.086893770653893476e+00
7.785938839668476419e+01,2.427600565794068022e+00
7.787939411260360600e+01,1.737521561035217488e+00
7.789939982852243361e+01,2.901744278820028722e+00
7.791940554444127542e+01,2.248585655217996138e+00
7.793941126036010303e+01,1.963509783018021704e+00
7.795941697627894484e+01,2.628980800575380972e+00
7.797942269219777245e+01,2.233558753817540765e+00
7.799942840811661426e+01,3.430914210951390597e+00
7.801943412403544187e+01,2.648183394367049193e+00
7.803943983995426947e+01,3.258320040235282544e+00
7.805944555587311129e+01,2.722117443085666277e+00
7.807945127179193889e+01,3.061746539097641051e+00
7.809945698771078071e+01,2.812445892167229289e+00
7.811946270362960831e+01,2.546633928683326609e+00
7.813946841954845013e+01,2.964995005647451887e+00
7.815947413546727773e+01,2.947128264336666970e+00
7.817947985138611955e+01,2.167343923925705962e+00
7.819948556730494715e+01,2.792692093855185576e+00
7.821949128322378897e+01,3.196795802790170615e+00
7.823949699914261657e+01,3.508010635755959949e+00
7.825950271506144418e+01,3.317733113014561752e+00
7.827950843098028599e+01,2.738143852849050930e+00
7.829951414689911360e+01,1.890679549885045274e+00
7.831951986281795541e+01,1.666830484654524103e+00
7.833952557873678302e+01,1.754107376936032248e+00
7.835953129465562483e+01,2.506128091198311925e+00
7.837953701057445244e+01,2.207556413628045000e+00
7.839954272649329425e+01,1.466189361832686222e+00
7.841954844241212186e+01,1.349661820454927108e+00
7.843955415833094946e+01,1.745290806651218718e+00
7.845955987424979128e+01,2.199473260316849199e+00
7.847956559016861888e+01,2.359618684108770292e+00
7.849957130608746070e+01,1.122516247027308900e+00
7.851957702200628830e+01,2.977922315660825880e+00
7.853958273792513012e+01,1.836654869631597853e+00
7.855958845384395772e+01,2.986678423368429147e+00
7.857959416976279954e+01,1.513886910154000232e+00
7.859959988568162714e+01,1.617425550361055064e+00
7.861960560160045475e+01,1.348189659537859297e+00
7.863961131751929656e+01,2.554862956095043991e+00
7.865961703343812417e+01,2.620789814575830157e+00
7.867962274935696598e+01,1.155909625545743280e+00
7.869962846527579359e+01,1.444644286100701835e+00
7.871963418119463540e+01,2.686498081902418011e+00
7.873963989711346301e+01,1.773538713490782071e+00
7.875964561303230482e+01,1.441454189602578762e+00
7.877965132895113243e+01,1.724554216731992939e+00
7.879965704486996003e+01,1.202580490267849411e+00
7.881966276078880185e+01,1.376732178987278621e+00
7.883966847670762945e+01,2.412403316761197569e+00
7.885967419262647127e+01,1.578807635384441577e+00
7.887967990854529887e+01,1.834324009780712750e+00
7.889968562446414069e+01,2.655880022165772125e+00
7.891969134038296829e+01,2.345966525689417992e+00
7.893969705630181011e+01,2.171444927592178331e+00
7.895970277222063771e+01,1.228380388111643517e+00
7.897970848813946532e+01,2.202983846788691746e+00
7.899971420405830713e+01,2.707467641107793366e+00
7.901971991997713474e+01,1.180330080507300927e+00
7.903972563589597655e+01,2.225084177851913925e+00
7.905973135181480416e+01,1.742030754021661298e+00
7.907973706773364597e+01,2.213998866661606169e+00
7.909974278365247358e+01,2.172753866674185907e+00
7.911974849957131539e+01,2.015723311811729257e+00
7.913975421549014300e+01,2.635046146611905726e+00
7.915975993140898481e+01,2.756533025827345273e+00
7.917976564732781242e+01,2.399098505344006149e+00
7.919977136324664002e+01,1.483467161236418086e+00
7.921977707916548184e+01,2.437002596502352958e+00
7.923978279508430944e+01,3.091077759311562811e+00
7.925978851100315126e+01,3.038432775258207208e+00
7.927979422692197886e+01,2.131672561615706396e+00
7.929979994284082068e+01,2.470652160649157381e+00
7.931980565875964828e+01,3.143102271132816927e+00
7.933981137467849010e+01,2.005437001090986104e+00
7.935981709059731770e+01,1.746602701532515178e+00
7.937982280651614531e+01,2.174428938956241897e+00
7.939982852243498712e+01,2.763819007013220030e+00
7.941983423835381473e+01,2.977968147357310080e+00
7.943983995427265654e+01,2.066024397726677897e+00
7.945984567019148415e+01,3.407063951403166868e+00
7.947985138611032596e+01,2.766547680031767431e+00
7.949985710202915357e+01,2.542821052219110811e+00
7.951986281794799538e+01,3.041272891079215057e+00
7.953986853386682299e+01,2.351999067688686385e+00
7.955987424978565059e+01,2.901370770184355408e+00
7.957987996570449241e+01,2.527911026552131180e+00
7.959988568162332001e+01,3.278831103215559040e+00
7.961989139754216183e+01,3.063335073708472134e+00
7.963989711346098943e+01,1.798227251760365020e+00
7.965990282937983125e+01,2.091307342204495878e+00
7.967990854529865885e+01,3.278682812562645488e+00
7.969991426121750067e+01,2.525981937879588468e+00
7.971991997713632827e+01,2.205716157000236155e+00
7.973992569305515588e+01,1.723743289181453031e+00
7.975993140897399769e+01,2.542435977151479953e+00
7.977993712489282530e+01,2.795386994199139608e+00
7.979994284081166711e+01,2.409539313036651365e+00
7.981994855673049472e+01,1.891498467711906661e+00
7.983995427264933653e+01,2.258766233683196401e+00
7.985995998856816414e+01,2.116695948698441132e+00
7.987996570448700595e+01,1.702462098255371536e+00
7.989997142040583356e+01,1.711443114221502748e+00
7.991997713632466116e+01,1.828439928317147523e+00
7.993998285224350298e+01,2.593917784756637257e+00
7.995998856816233058e+01,2.551838472295036908e+00
7.997999428408117240e+01,2.424546620421727638e+00
8.000000000000000000e+01,1.832192384005621566e+00
