angle,intensity
1.000000000000000000e+01,1.518154354018296903e+00
1.002000571591883471e+01,1.671638854402753172e+00
1.004001143183766764e+01,2.947300285716123902e+00
1.006001714775650235e+01,2.140229426902293675e+00
1.008002286367533529e+01,2.308173244002025726e+00
1.010002857959417000e+01,2.597103704435459903e+00
1.012003429551300293e+01,2.162107157018110293e+00
1.014004001143183764e+01,2.325789146640459215e+00
1.016004572735067235e+01,2.659397915791315459e+00
1.018005144326950528e+01,2.748366193180310724e+00
1.020005715918833999e+01,1.775501827675085575e+00
1.022006287510717293e+01,2.188811324067097885e+00
1.024006859102600764e+01,2.052812375855484373e+00
1.026007430694484057e+01,2.124680930699051729e+00
1.028008002286367528e+01,2.695043698053172676e+00
1.030008573878250999e+01,2.707931008158265040e+00
1.032009145470134293e+01,2.633885214889584159e+00
1.034009717062017764e+01,2.083927309242767034e+00
1.036010288653901057e+01,1.727962233779008816e+00
1.038010860245784528e+01,2.374197223849890737e+00
1.040011431837667999e+01,3.039971506002109969e+00
1.042012003429551292e+01,2.346219286133116366e+00
1.044012575021434763e+01,2.068336398515523200e+00
1.046013146613318057e+01,2.775822223346196438e+00
1.048013718205201528e+01,2.224630249307053553e+00
1.050014289797084821e+01,2.423054577056151349e+00
1.052014861388968292e+01,2.320263636401265650e+00
1.054015432980851585e+01,2.463135041939923831e+00
1.056016004572735056e+01,1.812104699014180476e+00
1.058016576164618527e+01,2.719713839237511532e+00
1.060017147756501821e+01,1.898655037923943967e+00
1.062017719348385292e+01,2.123806479343276266e+00
1.064018290940268585e+01,2.258791238699516590e+00
1.066018862532152056e+01,2.534966007523689058e+00
1.068019434124035527e+01,1.943101035056622461e+00
1.070020005715918820e+01,1.959559207137473669e+00
1.072020577307802292e+01,2.329539757904911301e+00
1.074021148899685585e+01,1.955726504903261276e+00
1.076021720491569056e+01,1.697025779825873881e+00
1.078022292083452349e+01,1.903961461342920769e+00
1.080022863675335820e+01,2.751669890203102931e+00
1.082023435267219291e+01,1.878882364819855599e+00
1.084024006859102585e+01,2.271125538395712518e+00
1.086024578450986056e+01,2.350030203264110717e+00
1.088025150042869349e+01,2.767630261684611348e+00
1.090025721634752820e+01,2.095621758828514203e+00
1.092026293226636113e+01,1.870527634642633164e+00
1.094026864818519584e+01,1.615406978740101085e+00
1.096027436410403055e+01,1.529121984054057748e+00
1.098028008002286349e+01,1.317885022487804925e+00
1.100028579594169820e+01,2.321153326737421807e+00
1.102029151186053113e+01,1.858089179590016071e+00
1.104029722777936584e+01,2.334474579323254417e+00
1.106030294369819877e+01,1.713107391878821550e+00
1.108030865961703348e+01,2.145358847979393691e+00
1.110031437553586819e+01,1.634288366917648450e+00
1.112032009145470113e+01,1.976074293435430285e+00
1.114032580737353584e+01,2.430391381312964505e+00
1.116033152329236877e+01,2.029984789915785903e+00
1.118033723921120348e+01,2.846873745493894603e+00
1.120034295513003642e+01,2.968729493212404869e+00
1.122034867104887113e+01,2.177212208966500917e+00
1.124035438696770584e+01,1.831181722624659614e+00
1.126036010288653877e+01,1.838691124527269016e+00
1.128036581880537348e+01,2.310421704142417987e+00
1.130037153472420641e+01,2.258367259317707543e+00
1.132037725064304112e+01,2.610835032037463588e+00
1.134038296656187583e+01,2.247807169664351790e+00
1.136038868248070877e+01,1.770932907141123946e+00
1.138039439839954348e+01,1.933145473384052737e+00
1.140040011431837641e+01,2.239055914395002844e+00
1.142040583023721112e+01,2.675620013022441235e+00
1.144041154615604405e+01,1.995756707052228185e+00
1.146041726207487876e+01,2.874478499898390105e+00
1.148042297799371170e+01,2.500249994273290977e+00
1.150042869391254641e+01,3.259613424402123538e+00
1.152043440983138112e+01,2.956380717928177582e+00
1.154044012575021405e+01,2.842884048484808801e+00
1.156044584166904876e+01,3.170161629761382827e+00
1.158045155758788169e+01,2.172115589845064143e+00
1.160045727350671640e+01,2.810479094986128690e+00
1.162046298942555111e+01,3.485015868739710143e+00
1.164046870534438405e+01,2.470869148790092229e+00
1.166047442126321876e+01,3.268119009912969553e+00
1.168048013718205169e+01,2.961551647657130637e+00
1.170048585310088640e+01,2.744793444587716458e+00
1.172049156901971934e+01,3.932922407537669862e+00
1.174049728493855405e+01,3.640783454181367951e+00
1.176050300085738698e+01,3.704009971665747969e+00
1.178050871677622169e+01,4.005633266525236991e+00
1.180051443269505640e+01,3.815583312137918792e+00
1.182052014861388933e+01,4.098719216221875961e+00
1.184052586453272404e+01,3.834927335425815542e+00
1.186053158045155698e+01,3.779509627068479816e+00
1.188053729637039169e+01,4.182000607707621498e+00
1.190054301228922640e+01,4.081540973924347782e+00
1.192054872820805933e+01,3.615567130809597352e+00
1.194055444412689404e+01,4.364834340482009800e+00
1.196056016004572697e+01,4.763942473313892201e+00
1.198056587596456168e+01,4.970397396004558210e+00
1.200057159188339639e+01,5.133625975871218827e+00
1.202057730780222933e+01,4.922992093054510576e+00
1.204058302372106226e+01,4.493942735008976896e+00
1.206058873963989697e+01,5.353660365060942006e+00
1.208059445555873168e+01,5.196137717335315820e+00
1.210060017147756461e+01,4.640259239179049366e+00
1.212060588739639932e+01,5.218844519263689641e+00
1.214061160331523226e+01,5.881843147680607231e+00
1.216061731923406697e+01,5.929430630554277215e+00
1.218062303515290168e+01,5.377040970819358279e+00
1.220062875107173461e+01,6.222717030073770417e+00
1.222063446699056932e+01,5.983806802409000092e+00
1.224064018290940226e+01,6.617642653449959056e+00
1.226064589882823697e+01,6.001049851177144845e+00
1.228065161474707168e+01,6.978238529211941099e+00
1.230065733066590461e+01,7.551082452186694383e+00
1.232066304658473754e+01,6.908927043075352437e+00
1.234066876250357225e+01,7.048591032268088696e+00
1.236067447842240696e+01,6.908608628083815262e+00
1.238068019434123990e+01,7.688968298657470335e+00
1.240068591026007461e+01,7.709373368061039677e+00
1.242069162617890754e+01,7.931382164410672786e+00
1.244069734209774225e+01,8.375006407169724554e+00
1.246070305801657696e+01,8.436014269294599188e+00
1.248070877393540989e+01,8.851515604451629216e+00
1.250071448985424460e+01,8.621040337644320317e+00
1.252072020577307754e+01,9.763956951481604918e+00
1.254072592169191225e+01,9.246167070838392732e+00
1.256073163761074696e+01,9.959776138807043822e+00
1.258073735352957989e+01,9.646421727397623158e+00
1.260074306944841460e+01,9.651875226535160834e+00
1.262074878536724754e+01,1.031062352384522285e+01
1.264075450128608225e+01,1.034269872083883790e+01
1.266076021720491518e+01,1.113023968899774552e+01
1.268076593312374989e+01,1.111736857149423230e+01
1.270077164904258282e+01,1.152455695692993665e+01
1.272077736496141753e+01,1.128175854997847516e+01
1.274078308088025224e+01,1.177268586491027058e+01
1.276078879679908518e+01,1.193685294455094947e+01
1.278079451271791989e+01,1.291547736154726067e+01
1.280080022863675282e+01,1.198554781610437914e+01
1.282080594455558753e+01,1.279209720367343195e+01
1.284081166047442224e+01,1.343769278614333729e+01
1.286081737639325517e+01,1.282437967328905160e+01
1.288082309231208988e+01,1.321291258143967084e+01
1.290082880823092282e+01,1.487823738374525284e+01
1.292083452414975753e+01,1.450121857453418173e+01
1.294084024006859224e+01,1.443175751559428655e+01
1.296084595598742517e+01,1.490644942809741025e+01
1.298085167190625810e+01,1.594154635540935772e+01
1.300085738782509281e+01,1.577413545086316304e+01
1.302086310374392752e+01,1.648437957226875028e+01
1.304086881966276046e+01,1.658446793774165684e+01
1.306087453558159517e+01,1.674753941748283026e+01
1.308088025150042810e+01,1.705735896875592417e+01
1.310088596741926281e+01,1.805031093134214615e+01
1.312089168333809752e+01,1.847299146726485120e+01
1.314089739925693046e+01,1.799140830578955530e+01
1.316090311517576517e+01,1.859606750088109095e+01
1.318090883109459810e+01,1.982095928049027123e+01
1.320091454701343281e+01,1.991204461001434112e+01
1.322092026293226752e+01,2.020540039163524781e+01
1.324092597885110045e+01,2.054238866569085431e+01
1.326093169476993339e+01,2.181581455902019329e+01
1.328093741068876810e+01,2.197803173923363573e+01
1.330094312660760281e+01,2.222923769750379464e+01
1.332094884252643574e+01,2.261234631243959825e+01
1.334095455844527045e+01,2.244794382644636244e+01
1.336096027436410338e+01,2.342376217570190988e+01
1.338096599028293809e+01,2.381811997236878753e+01
1.340097170620177280e+01,2.422108679233117101e+01
1.342097742212060574e+01,2.494114114765978130e+01
1.344098313803944045e+01,2.564883731452234983e+01
1.346098885395827338e+01,2.582314482289099189e+01
1.348099456987710809e+01,2.699690112709403067e+01
1.350100028579594280e+01,2.691681922874572663e+01
1.352100600171477573e+01,2.694575909803056035e+01
1.354101171763361044e+01,2.803863313996604845e+01
1.356101743355244338e+01,2.858145946946396521e+01
1.358102314947127809e+01,2.896853767808170943e+01
1.360102886539011102e+01,2.906432751362576639e+01
1.362103458130894573e+01,3.006802503624420098e+01
1.364104029722777867e+01,2.944834888737383238e+01
1.366104601314661338e+01,3.008233259838328877e+01
1.368105172906544809e+01,2.985279637863389013e+01
1.370105744498428102e+01,2.989920383078261068e+01
1.372106316090311573e+01,3.043864183232354748e+01
1.374106887682194866e+01,3.050825823040536378e+01
1.376107459274078337e+01,3.069417006706905582e+01
1.378108030865961808e+01,3.078617738050794372e+01
1.380108602457845102e+01,3.063919235817081699e+01
1.382109174049728573e+01,3.042420075702083082e+01
1.384109745641611866e+01,3.020996051455175291e+01
1.386110317233495337e+01,2.988802431244998203e+01
1.388110888825378808e+01,2.936556463789603555e+01
1.390111460417262101e+01,2.912071922585187167e+01
1.392112032009145395e+01,2.826997324556749547e+01
1.394112603601028866e+01,2.756041955594047366e+01
1.396113175192912337e+01,2.718383822937449068e+01
1.398113746784795630e+01,2.710401573427953537e+01
1.400114318376679101e+01,2.525048925182285942e+01
1.402114889968562395e+01,2.461595947233392678e+01
1.404115461560445866e+01,2.434914420330154883e+01
1.406116033152329337e+01,2.395062993147446662e+01
1.408116604744212630e+01,2.318446178055734563e+01
1.410117176336095923e+01,2.236073915043074578e+01
1.412117747927979394e+01,2.118419817004410532e+01
1.414118319519862865e+01,2.077635322303348886e+01
1.416118891111746336e+01,1.966422207072597317e+01
1.418119462703629630e+01,1.836943107754346016e+01
1.420120034295512923e+01,1.821535848881320163e+01
1.422120605887396394e+01,1.709954471141102772e+01
1.424121177479279865e+01,1.697852169914467169e+01
1.426121749071163336e+01,1.608756413755444825e+01
1.428122320663046629e+01,1.542815438303161457e+01
1.430122892254929923e+01,1.545368861098557112e+01
1.432123463846813394e+01,1.439715202416368811e+01
1.434124035438696865e+01,1.370888621446379041e+01
1.436124607030580158e+01,1.259317053786618246e+01
1.438125178622463629e+01,1.209904833705387972e+01
1.440125750214346922e+01,1.183124831725430326e+01
1.442126321806230393e+01,1.198518416680034093e+01
1.444126893398113864e+01,1.069208823073271120e+01
1.446127464989997158e+01,1.019521243282546230e+01
1.448128036581880451e+01,9.872392369202730222e+00
1.450128608173763922e+01,8.752685165017581426e+00
1.452129179765647393e+01,9.098552554109016199e+00
1.454129751357530864e+01,8.594079681138858007e+00
1.456130322949414158e+01,7.219795459333923304e+00
1.458130894541297451e+01,7.584401347232534008e+00
1.460131466133180922e+01,7.808336525711730758e+00
1.462132037725064393e+01,7.178455547134225512e+00
1.464132609316947686e+01,6.643343933085232855e+00
1.466133180908831157e+01,7.133076913829469845e+00
1.468133752500714451e+01,5.563510540686864125e+00
1.470134324092597922e+01,6.731096001477742341e+00
1.472134895684481393e+01,5.640331610362981252e+00
1.474135467276364686e+01,6.311730585046984920e+00
1.476136038868247979e+01,5.851816434243976239e+00
1.478136610460131450e+01,5.716065309559873242e+00
1.480137182052014921e+01,5.608992599734733631e+00
1.482137753643898392e+01,6.069083364375659428e+00
1.484138325235781686e+01,5.570692803183131758e+00
1.486138896827664979e+01,5.282891200705286394e+00
1.488139468419548450e+01,5.054978150530814673e+00
1.490140040011431921e+01,5.512501989669116753e+00
1.492140611603315392e+01,5.148712021959577001e+00
1.494141183195198685e+01,5.010380701561782502e+00
1.496141754787081979e+01,4.819875809510413944e+00
1.498142326378965450e+01,5.203431703477546577e+00
1.500142897970848921e+01,5.276624997792117355e+00
1.502143469562732214e+01,5.749213031628294779e+00
1.504144041154615508e+01,5.379868718786695148e+00
1.506144612746498979e+01,5.782872664983283784e+00
1.508145184338382450e+01,5.565752878096598799e+00
1.510145755930265921e+01,5.333996842874656252e+00
1.512146327522149214e+01,6.033955985229372487e+00
1.514146899114032507e+01,5.575233478771986384e+00
1.516147470705915978e+01,6.123876467315881200e+00
1.518148042297799449e+01,6.153449557310287865e+00
1.520148613889682920e+01,6.046105852721218810e+00
1.522149185481566214e+01,5.978249026714479442e+00
1.524149757073449507e+01,5.936578605974671241e+00
1.526150328665332978e+01,6.016963130563512507e+00
1.528150900257216449e+01,5.882642442675305006e+00
1.530151471849099742e+01,6.772777738812701287e+00
1.532152043440983036e+01,6.292710778836829277e+00
1.534152615032866507e+01,6.339902532119576328e+00
1.536153186624749978e+01,6.584274167933413580e+00
1.538153758216633449e+01,6.682091271073915983e+00
1.540154329808516742e+01,6.342221238577213427e+00
1.542154901400400036e+01,6.322816696144159643e+00
1.544155472992283507e+01,6.510035428325624096e+00
1.546156044584166978e+01,6.157213039745198735e+00
1.548156616176050449e+01,6.822828948443429908e+00
1.550157187767933742e+01,7.178702775396653024e+00
1.552157759359817035e+01,6.694028245614060069e+00
1.554158330951700506e+01,7.653554435521405352e+00
1.556158902543583977e+01,7.086253917664997459e+00
1.558159474135467271e+01,7.357258298726708112e+00
1.560160045727350742e+01,7.235390482158818415e+00
1.562160617319234035e+01,8.231029563211540889e+00
1.564161188911117506e+01,7.912029945820739485e+00
1.566161760503000977e+01,8.004193623533844004e+00
1.568162332094884270e+01,7.980460598962190844e+00
1.570162903686767564e+01,7.430913930504850384e+00
1.572163475278651035e+01,8.059107572373351402e+00
1.574164046870534506e+01,8.382452847039498778e+00
1.576164618462417977e+01,7.637767422192662359e+00
1.578165190054301270e+01,8.136642740194005796e+00
1.580165761646184563e+01,7.858368847194015849e+00
1.582166333238068034e+01,8.366303062136726254e+00
1.584166904829951505e+01,8.498789075587735553e+00
1.586167476421834799e+01,9.404382158290802707e+00
1.588168048013718270e+01,9.070423879211556795e+00
1.590168619605601563e+01,9.335690586624515674e+00
1.592169191197485034e+01,9.879290826366196043e+00
1.594169762789368505e+01,9.293124280307962337e+00
1.596170334381251799e+01,9.104377739407583547e+00
1.598170905973135092e+01,8.577584651515033798e+00
1.600171477565018563e+01,8.978847815754921413e+00
1.602172049156902034e+01,8.855242499431506431e+00
1.604172620748785505e+01,9.755652856084815028e+00
1.606173192340668976e+01,8.795925532627872911e+00
1.608173763932552092e+01,9.694693007633901516e+00
1.610174335524435563e+01,9.625576915143550849e+00
1.612174907116319034e+01,9.247777972769311461e+00
1.614175478708202505e+01,9.216889768932485794e+00
1.616176050300085620e+01,8.782782441060422940e+00
1.618176621891969091e+01,8.790845216800260431e+00
1.620177193483852562e+01,7.942281948349540599e+00
1.622177765075736033e+01,9.123134386071569679e+00
1.624178336667619504e+01,7.716047702336795489e+00
1.626178908259502620e+01,7.923376167428788364e+00
1.628179479851386091e+01,7.717997699023136704e+00
1.630180051443269562e+01,7.175129440015443727e+00
1.632180623035153033e+01,6.837944956805357855e+00
1.634181194627036149e+01,6.909723857891027166e+00
1.636181766218919620e+01,5.950716896151989843e+00
1.638182337810803091e+01,6.514659493758499842e+00
1.640182909402686562e+01,7.117966779824406842e+00
1.642183480994570033e+01,5.559724805367704192e+00
1.644184052586453504e+01,5.898131665718350014e+00
1.646184624178336620e+01,5.989644582690227814e+00
1.648185195770220091e+01,5.611381520533722522e+00
1.650185767362103562e+01,5.342161371748482601e+00
1.652186338953986677e+01,4.368878453822171437e+00
1.654186910545870148e+01,4.575145752618666961e+00
1.656187482137753619e+01,5.497380658953062493e+00
1.658188053729637090e+01,4.725879167750489884e+00
1.660188625321520561e+01,4.527400133688487038e+00
1.662189196913404032e+01,4.248378865429056184e+00
1.664189768505287148e+01,4.800618192601502798e+00
1.666190340097170619e+01,4.536062387883649905e+00
1.668190911689054090e+01,4.182552464938834369e+00
1.670191483280937561e+01,3.520662507391731033e+00
1.672192054872820677e+01,4.568626155072157857e+00
1.674192626464704148e+01,3.874930874687401161e+00
1.676193198056587619e+01,3.473589375356270992e+00
1.678193769648471090e+01,4.113852942117546263e+00
1.680194341240354561e+01,4.314769404671270792e+00
1.682194912832238032e+01,3.930623667398476684e+00
1.684195484424121148e+01,4.229628761857756380e+00
1.686196056016004619e+01,3.992565512735057442e+00
1.688196627607888090e+01,4.208759847659451658e+00
1.690197199199771205e+01,3.733925214710544171e+00
1.692197770791654676e+01,3.628693568548673642e+00
1.694198342383538147e+01,4.129835923248036167e+00
1.696198913975421618e+01,3.621104950346711426e+00
1.698199485567305089e+01,3.670826147900024594e+00
1.700200057159188560e+01,4.108821599551120585e+00
1.702200628751071676e+01,3.355653621384677265e+00
1.704201200342955147e+01,3.118039674363550340e+00
1.706201771934838618e+01,3.596817611014189620e+00
1.708202343526722089e+01,4.008005660217580868e+00
1.710202915118605205e+01,3.812157033837772602e+00
1.712203486710488676e+01,3.470992499333962478e+00
1.714204058302372147e+01,3.951176797982131728e+00
1.716204629894255618e+01,3.595765262417019770e+00
1.718205201486139089e+01,3.473082698873991347e+00
1.720205773078022204e+01,4.286233824876244825e+00
1.722206344669905675e+01,3.642493932567370418e+00
1.724206916261789146e+01,3.669426874709170505e+00
1.726207487853672617e+01,3.971886579262402961e+00
1.728208059445555733e+01,3.778653818825181254e+00
1.730208631037439204e+01,3.041810774296009878e+00
1.732209202629322675e+01,3.450458245118967593e+00
1.734209774221206146e+01,3.150963006647552245e+00
1.736210345813089617e+01,3.834527360743107849e+00
1.738210917404973088e+01,3.315200216143623813e+00
1.740211488996856204e+01,3.376287846585622976e+00
1.742212060588739675e+01,3.468307229422128657e+00
1.744212632180623146e+01,3.341634065533699349e+00
1.746213203772506262e+01,3.049958145326447934e+00
1.748213775364389733e+01,3.895527712857024483e+00
1.750214346956273204e+01,4.099955869192394076e+00
1.752214918548156675e+01,3.633080607615657875e+00
1.754215490140040146e+01,3.563972064044571120e+00
1.756216061731923617e+01,3.468075714969258261e+00
1.758216633323806732e+01,3.795274041722914049e+00
1.760217204915690203e+01,3.314225545458281630e+00
1.762217776507573674e+01,3.260598549634099008e+00
1.764218348099457145e+01,3.793225593080225888e+00
1.766218919691340261e+01,4.353082151437273950e+00
1.768219491283223732e+01,3.103044284661381269e+00
1.770220062875107203e+01,3.807402877402241259e+00
1.772220634466990674e+01,3.533619299512188228e+00
1.774221206058874145e+01,3.589635296422938993e+00
1.776221777650757616e+01,4.349283676126793452e+00
1.778222349242640732e+01,3.815996376422397418e+00
1.780222920834524203e+01,3.684619078286344163e+00
1.782223492426407674e+01,4.469846178670605852e+00
1.784224064018290790e+01,3.232507899180370181e+00
1.786224635610174261e+01,3.706693776704902632e+00
1.788225207202057732e+01,3.661871256496900706e+00
1.790225778793941203e+01,3.452328640947381455e+00
1.792226350385824674e+01,3.900037236016064668e+00
1.794226921977708145e+01,3.356477594314291046e+00
1.796227493569591260e+01,3.479062418099716503e+00
1.798228065161474731e+01,3.934926762287364710e+00
1.800228636753358202e+01,4.394036019301131191e+00
1.802229208345241318e+01,3.711388503888012558e+00
1.804229779937124789e+01,3.900720419223847824e+00
1.806230351529008260e+01,3.838964803440027218e+00
1.808230923120891731e+01,4.287230989198838493e+00
1.810231494712775202e+01,3.515688519451835248e+00
1.812232066304658673e+01,3.869751203293513520e+00
1.814232637896542144e+01,3.764897149389431874e+00
1.816233209488425260e+01,3.596825346503508491e+00
1.818233781080308731e+01,3.830483136373670217e+00
1.820234352672191847e+01,4.208581621477032186e+00
1.822234924264075318e+01,3.325732516362474023e+00
1.824235495855958789e+01,3.288539082036416428e+00
1.826236067447842260e+01,3.692502905874234909e+00
1.828236639039725731e+01,3.944753783708437211e+00
1.830237210631609202e+01,3.695530328496892558e+00
1.832237782223492673e+01,4.153395183949221803e+00
1.834238353815375788e+01,4.255026820112353114e+00
1.836238925407259259e+01,3.955745084707308123e+00
1.838239496999142730e+01,4.181308881941920852e+00
1.840240068591025846e+01,3.852909161840054608e+00
1.842240640182909317e+01,3.631737754936834150e+00
1.844241211774792788e+01,4.904644356700148755e+00
1.846241783366676259e+01,4.480915626166691368e+00
1.848242354958559730e+01,4.314977476182480842e+00
1.850242926550443201e+01,4.380659961021384774e+00
1.852243498142326672e+01,4.909457600440650715e+00
1.854244069734209788e+01,4.313784751388464400e+00
1.856244641326093259e+01,4.470446283078430838e+00
1.858245212917976374e+01,3.970602444908480688e+00
1.860245784509859845e+01,4.207698381623128370e+00
1.862246356101743316e+01,3.508649097344523682e+00
1.864246927693626787e+01,4.118481202751501868e+00
1.866247499285510258e+01,5.083752538788721687e+00
1.868248070877393729e+01,4.667097737421834758e+00
1.870248642469277200e+01,4.381250366799312346e+00
1.872249214061160316e+01,4.660665998332362392e+00
1.874249785653043787e+01,5.356635112196126869e+00
1.876250357244927258e+01,5.633491760843061691e+00
1.878250928836810374e+01,4.095811703173402485e+00
1.880251500428693845e+01,4.940727664455713430e+00
1.882252072020577316e+01,5.595924818000249878e+00
1.884252643612460787e+01,4.535971123167275465e+00
1.886253215204344258e+01,5.794347067841011167e+00
1.888253786796227729e+01,4.758727541230678426e+00
1.890254358388111200e+01,5.322870477675591516e+00
1.892254929979994316e+01,5.741677368444566554e+00
1.894255501571877787e+01,5.389973559755024013e+00
1.896256073163760902e+01,5.832864333527444600e+00
1.898256644755644373e+01,5.999500283989947391e+00
1.900257216347527844e+01,5.602304041503286314e+00
1.902257787939411315e+01,6.360806961361009648e+00
1.904258359531294786e+01,5.521756024750676062e+00
1.906258931123178257e+01,5.587552592424918529e+00
1.908259502715061728e+01,6.181025085808108166e+00
1.910260074306944844e+01,6.104048687678124807e+00
1.912260645898828315e+01,6.732496979253715708e+00
1.914261217490711431e+01,6.192345757549126972e+00
1.916261789082594902e+01,7.203897250220809845e+00
1.918262360674478373e+01,8.235278796042093674e+00
1.920262932266361844e+01,7.466998183115334697e+00
1.922263503858245315e+01,8.133325423012994548e+00
1.924264075450128786e+01,7.667754166645059932e+00
1.926264647042012257e+01,7.722788367861499026e+00
1.928265218633895373e+01,8.997204018443852647e+00
1.930265790225778844e+01,8.457453941613421122e+00
1.932266361817662315e+01,9.116850064955638544e+00
1.934266933409545430e+01,9.103273691873088325e+00
1.936267505001428901e+01,1.021856922458520422e+01
1.938268076593312372e+01,9.525423377358670507e+00
1.940268648185195843e+01,9.895308957601177013e+00
1.942269219777079314e+01,1.106390776631214834e+01
1.944269791368962785e+01,1.075274242497383526e+01
1.946270362960846256e+01,1.161422664763895440e+01
1.948270934552729372e+01,1.155789953419458804e+01
1.950271506144612843e+01,1.220475275764940015e+01
1.952272077736495959e+01,1.338169307221674842e+01
1.954272649328379430e+01,1.341186322733947911e+01
1.956273220920262901e+01,1.382872630384398249e+01
1.958273792512146372e+01,1.382003251873012850e+01
1.960274364104029843e+01,1.476852451944857414e+01
1.962274935695913314e+01,1.581996003764480818e+01
1.964275507287796785e+01,1.507315590145645601e+01
1.966276078879679901e+01,1.623358420622307108e+01
1.968276650471563372e+01,1.664235364154415464e+01
1.970277222063446487e+01,1.683194396925512137e+01
1.972277793655329958e+01,1.777955087070787954e+01
1.974278365247213429e+01,1.925226115008073080e+01
1.976278936839096900e+01,1.976306977740962623e+01
1.978279508430980371e+01,1.986247775009868022e+01
1.980280080022863842e+01,2.115554840121253477e+01
1.982280651614747313e+01,2.147782875440056927e+01
1.984281223206630784e+01,2.276436330027965482e+01
1.986281794798513900e+01,2.182294300017673905e+01
1.988282366390397371e+01,2.339828680494153446e+01
1.990282937982280487e+01,2.420218157415115101e+01
1.992283509574163958e+01,2.577929067965447985e+01
1.994284081166047429e+01,2.551839098694572883e+01
1.996284652757930900e+01,2.683548436325679276e+01
1.998285224349814371e+01,2.664416692195588610e+01
2.000285795941697842e+01,2.827624806496215371e+01
2.002286367533581313e+01,2.925916260939336766e+01
2.004286939125464428e+01,2.980753697157663851e+01
2.006287510717347899e+01,3.059200556630558410e+01
2.008288082309231015e+01,3.093460949029278950e+01
2.010288653901114486e+01,3.250027533072108099e+01
2.012289225492997957e+01,3.205514349462600165e+01
2.014289797084881428e+01,3.307638330224362022e+01
2.016290368676764899e+01,3.330188904425233432e+01
2.018290940268648370e+01,3.388341121701755299e+01
2.020291511860531841e+01,3.449471240510154502e+01
2.022292083452414957e+01,3.547950054070206249e+01
2.024292655044298428e+01,3.506560990459572480e+01
2.026293226636181899e+01,3.577161267921882626e+01
2.028293798228065015e+01,3.660419775494375472e+01
2.030294369819948486e+01,3.610607047808867520e+01
2.032294941411831957e+01,3.601256365007724014e+01
2.034295513003715428e+01,3.644028553127360226e+01
2.036296084595598899e+01,3.730790338309699905e+01
2.038296656187482370e+01,3.749251326887902280e+01
2.040297227779365841e+01,3.688534932699448632e+01
2.042297799371248956e+01,3.675920514356558044e+01
2.044298370963132427e+01,3.722534491670482026e+01
2.046298942555015543e+01,3.691190577483924784e+01
2.048299514146899014e+01,3.683107092143801253e+01
2.050300085738782485e+01,3.682692184148973524e+01
2.052300657330665956e+01,3.653575974809527338e+01
2.054301228922549427e+01,3.579700912016123482e+01
2.056301800514432898e+01,3.455191218006208231e+01
2.058302372106316369e+01,3.436620413263097618e+01
2.060302943698199485e+01,3.416298567579931245e+01
2.062303515290082956e+01,3.251481590070731897e+01
2.064304086881966072e+01,3.117743770890400157e+01
2.066304658473849543e+01,3.059032808704469986e+01
2.068305230065733014e+01,2.934011432922730833e+01
2.070305801657616485e+01,2.823921142526227257e+01
2.072306373249499956e+01,2.671101295013267674e+01
2.074306944841383427e+01,2.572801733906084820e+01
2.076307516433266898e+01,2.433108206296380871e+01
2.078308088025150369e+01,2.366994738739697368e+01
2.080308659617033484e+01,2.156556943030046369e+01
2.082309231208916955e+01,2.171501953797519491e+01
2.084309802800800071e+01,1.939214668465134750e+01
2.086310374392683542e+01,1.897184893022271268e+01
2.088310945984567013e+01,1.817078596261247014e+01
2.090311517576450484e+01,1.730733173857348106e+01
2.092312089168333955e+01,1.617538774986116934e+01
2.094312660760217426e+01,1.591107218220222386e+01
2.096313232352100897e+01,1.557295493919591323e+01
2.098313803943984013e+01,1.500323842983754119e+01
2.100314375535867484e+01,1.373852046623909828e+01
2.102314947127750600e+01,1.310506781196348314e+01
2.104315518719634071e+01,1.338141422539237624e+01
2.106316090311517542e+01,1.310828040808780592e+01
2.108316661903401013e+01,1.368741592351555880e+01
2.110317233495284484e+01,1.333950358734756847e+01
2.112317805087167955e+01,1.241136415068547194e+01
2.114318376679051426e+01,1.212090447433483575e+01
2.116318948270934541e+01,1.137837036181292305e+01
2.118319519862818012e+01,1.180056206552061937e+01
2.120320091454701483e+01,1.158809565216176374e+01
2.122320663046584599e+01,1.097261490835133024e+01
2.124321234638468070e+01,1.200335318651652550e+01
2.126321806230351541e+01,1.116358338050506838e+01
2.128322377822235012e+01,1.050147664945227532e+01
2.130322949414118483e+01,1.013536892965588798e+01
2.132323521006001954e+01,1.048161153101282750e+01
2.134324092597885425e+01,1.018475058538460232e+01
2.136324664189768541e+01,1.038657633417763471e+01
2.138325235781652012e+01,1.007650437893813233e+01
2.140325807373535127e+01,9.616030099573901424e+00
2.142326378965418598e+01,9.688588260866001889e+00
2.144326950557302069e+01,9.755428201481560535e+00
2.146327522149185540e+01,9.882288487665578103e+00
2.148328093741069011e+01,9.566081599909770361e+00
2.150328665332952482e+01,9.335025013490986012e+00
2.152329236924835953e+01,9.224012866302985003e+00
2.154329808516719069e+01,9.475520218523154625e+00
2.156330380108602540e+01,9.863098942496000276e+00
2.158330951700485656e+01,8.868031366333614329e+00
2.160331523292369127e+01,9.590066826612455131e+00
2.162332094884252598e+01,8.696092315195919298e+00
2.164332666476136069e+01,8.504294264363027267e+00
2.166333238068019540e+01,9.373077814678605790e+00
2.168333809659903011e+01,8.875558370251805940e+00
2.170334381251786482e+01,8.978024799175258863e+00
2.172334952843669598e+01,8.002904926348238135e+00
2.174335524435553069e+01,8.820102834248690016e+00
2.176336096027436540e+01,8.584906966406609996e+00
2.178336667619319655e+01,7.637923704909661993e+00
2.180337239211203126e+01,9.028961896207007953e+00
2.182337810803086597e+01,9.137031613857985235e+00
2.184338382394970068e+01,7.976187889966640299e+00
2.186338953986853539e+01,7.780193103029951374e+00
2.188339525578737010e+01,8.106717350684478518e+00
2.190340097170620481e+01,7.865676079616957139e+00
2.192340668762503597e+01,7.623095046995791435e+00
2.194341240354387068e+01,7.774079437139972626e+00
2.196341811946270184e+01,7.850558093332068665e+00
2.198342383538153655e+01,8.643764550254953605e+00
2.200342955130037126e+01,6.980250664353752299e+00
2.202343526721920597e+01,7.048219254031543812e+00
2.204344098313804068e+01,8.091562842308903214e+00
2.206344669905687539e+01,7.493865752794635071e+00
2.208345241497571010e+01,7.749965967666069488e+00
2.210345813089454126e+01,7.535968858147683136e+00
2.212346384681337597e+01,7.032762040710933249e+00
2.214346956273221068e+01,7.620540114291646461e+00
2.216347527865104183e+01,7.366190922491021809e+00
2.218348099456987654e+01,7.013887212611298771e+00
2.220348671048871125e+01,6.361192501043946734e+00
2.222349242640754596e+01,6.909569730290613165e+00
2.224349814232638067e+01,7.051399454368040054e+00
2.226350385824521538e+01,7.212691482991486325e+00
2.228350957416405009e+01,5.974088717855812192e+00
2.230351529008288125e+01,6.131173727628541847e+00
2.232352100600171596e+01,5.834576222641521426e+00
2.234352672192054712e+01,6.651542128897551365e+00
2.236353243783938183e+01,6.811515728481817078e+00
2.238353815375821654e+01,6.229984250832135473e+00
2.240354386967705125e+01,6.886945019752812591e+00
2.242354958559588596e+01,7.074395302366733418e+00
2.244355530151472067e+01,6.503870682062288466e+00
2.246356101743355538e+01,5.893957938603069380e+00
2.248356673335238654e+01,6.755873270568441669e+00
2.250357244927122125e+01,7.174399550844845486e+00
2.252357816519005240e+01,6.530557531150313011e+00
2.254358388110888711e+01,6.490358767250921090e+00
2.256358959702772182e+01,5.814684047707019410e+00
2.258359531294655653e+01,6.933040522723151966e+00
2.260360102886539124e+01,6.576696962810531844e+00
2.262360674478422595e+01,6.825205730981941166e+00
2.264361246070306066e+01,6.313649984203039800e+00
2.266361817662189182e+01,7.096201012035594502e+00
2.268362389254072653e+01,7.389214701333351343e+00
2.270362960845956124e+01,7.888987993416922251e+00
2.272363532437839240e+01,7.668347919983051320e+00
2.274364104029722711e+01,8.060941041164170429e+00
2.276364675621606182e+01,7.025867659768267437e+00
2.278365247213489653e+01,8.211015691305366460e+00
2.280365818805373124e+01,8.368852999963676709e+00
2.282366390397256595e+01,8.539936732754696891e+00
2.284366961989140066e+01,8.642856802197394828e+00
2.286367533581023181e+01,9.253100060773569169e+00
2.288368105172906652e+01,9.422291493321214517e+00
2.290368676764789768e+01,9.720974744350318275e+00
2.292369248356673239e+01,9.738540402317894973e+00
2.294369819948556710e+01,1.062602824698135784e+01
2.296370391540440181e+01,1.098444502806749767e+01
2.298370963132323652e+01,1.190497136362204067e+01
2.300371534724207123e+01,1.167998363549967067e+01
2.302372106316090594e+01,1.243193023257473584e+01
2.304372677907973710e+01,1.340078224884240399e+01
2.306373249499857181e+01,1.352383622363145577e+01
2.308373821091740652e+01,1.381860892928108520e+01
2.310374392683623768e+01,1.517331808423828576e+01
2.312374964275507239e+01,1.510387586213641775e+01
2.314375535867390710e+01,1.678057189882090228e+01
2.316376107459274181e+01,1.688794772461320548e+01
2.318376679051157652e+01,1.733896253505558960e+01
2.320377250643041123e+01,1.763257529363821519e+01
2.322377822234924594e+01,1.892233756987961968e+01
2.324378393826807709e+01,1.998069057026369677e+01
2.326378965418691180e+01,2.048689489791083318e+01
2.328379537010574296e+01,2.238361636130316512e+01
2.330380108602457767e+01,2.202360353016579708e+01
2.332380680194341238e+01,2.402549250581529350e+01
2.334381251786224709e+01,2.456904731386334362e+01
2.336381823378108180e+01,2.586586137161545196e+01
2.338382394969991651e+01,2.578891889437776541e+01
2.340382966561875122e+01,2.720046983234268723e+01
2.342383538153758238e+01,2.865768574993069251e+01
2.344384109745641709e+01,2.989448032910468100e+01
2.346384681337524825e+01,3.165477706232918820e+01
2.348385252929408296e+01,3.267345102345079511e+01
2.350385824521291767e+01,3.421693928340138768e+01
2.352386396113175238e+01,3.528159780201622908e+01
2.354386967705058709e+01,3.594537768408687128e+01
2.356387539296942180e+01,3.857800020129909058e+01
2.358388110888825651e+01,3.955183928881324107e+01
2.360388682480708766e+01,4.134788569483238518e+01
2.362389254072592237e+01,4.223749160025802496e+01
2.364389825664475708e+01,4.394694248002077330e+01
2.366390397256358824e+01,4.545696966577895637e+01
2.368390968848242295e+01,4.665605591405415709e+01
2.370391540440125766e+01,4.804003959470651353e+01
2.372392112032009237e+01,4.849841698862105943e+01
2.374392683623892708e+01,5.061048748794583929e+01
2.376393255215776179e+01,5.182424247435032072e+01
2.378393826807659650e+01,5.249349730850232021e+01
2.380394398399542766e+01,5.240557613541525228e+01
2.382394969991426237e+01,5.263732436692834682e+01
2.384395541583309353e+01,5.256426927635489932e+01
2.386396113175192824e+01,5.158497349136627719e+01
2.388396684767076295e+01,5.128559480681299476e+01
2.390397256358959766e+01,5.100351446648997467e+01
2.392397827950843237e+01,4.967917623929427862e+01
2.394398399542726708e+01,4.769093157610571865e+01
2.396398971134610179e+01,4.693190400330843914e+01
2.398399542726493294e+01,4.435800392336555120e+01
2.400400114318376765e+01,4.249840479110803670e+01
2.402400685910260236e+01,4.044915659629664617e+01
2.404401257502143352e+01,3.829185672584786460e+01
2.406401829094026823e+01,3.587148882942216943e+01
2.408402400685910294e+01,3.279835483091877535e+01
2.410402972277793765e+01,2.998801798052811662e+01
2.412403543869677236e+01,2.773852703564057620e+01
2.414404115461560707e+01,2.632797799221600599e+01
2.416404687053444178e+01,2.367703498353901637e+01
2.418405258645327294e+01,2.175653457760094156e+01
2.420405830237210765e+01,2.056282229325434940e+01
2.422406401829093880e+01,1.753930854284918794e+01
2.424406973420977351e+01,1.689953133507897221e+01
2.426407545012860822e+01,1.513406377391885904e+01
2.428408116604744293e+01,1.445839925773170442e+01
2.430408688196627764e+01,1.365071536576831335e+01
2.432409259788511235e+01,1.241888360702099270e+01
2.434409831380394706e+01,1.187409256855844220e+01
2.436410402972277822e+01,1.092238174928800554e+01
2.438410974564161293e+01,1.076405586996267871e+01
2.440411546156044409e+01,1.064090902628577950e+01
2.442412117747927880e+01,1.065035989735529398e+01
2.444412689339811351e+01,9.878368363731837576e+00
2.446413260931694822e+01,1.000608918513036016e+01
2.448413832523578293e+01,9.626776463234730130e+00
2.450414404115461764e+01,9.292939724644407207e+00
2.452414975707345235e+01,9.066500322393778788e+00
2.454415547299228351e+01,9.533516021095309156e+00
2.456416118891111822e+01,9.153689846369811534e+00
2.458416690482995293e+01,9.215959485376592042e+00
2.460417262074878408e+01,1.008896911591526191e+01
2.462417833666761879e+01,9.591183001766644622e+00
2.464418405258645350e+01,9.895099567739157109e+00
2.466418976850528821e+01,1.029630675283842223e+01
2.468419548442412292e+01,1.036468525345321190e+01
2.470420120034295763e+01,1.013869248161508452e+01
2.472420691626179234e+01,9.795832767453294565e+00
2.474421263218062350e+01,1.002949498849055665e+01
2.476421834809945821e+01,1.093655823092862533e+01
2.478422406401828937e+01,1.131735416584184151e+01
2.480422977993712408e+01,1.041223503418708241e+01
2.482423549585595879e+01,1.193182242443239360e+01
2.484424121177479350e+01,1.195353564543463953e+01
2.486424692769362821e+01,1.238804714173336841e+01
2.488425264361246292e+01,1.284172088577843951e+01
2.490425835953129763e+01,1.269291307670955504e+01
2.492426407545012879e+01,1.281993633558197487e+01
2.494426979136896350e+01,1.253846851560068387e+01
2.496427550728779821e+01,1.290998363859954523e+01
2.498428122320662936e+01,1.394779022041198857e+01
2.500428693912546407e+01,1.454351641814519525e+01
2.502429265504429878e+01,1.428556126020121475e+01
2.504429837096313349e+01,1.485706304924688226e+01
2.506430408688196820e+01,1.457824359750569343e+01
2.508430980280080291e+01,1.476997226948791564e+01
2.510431551871963762e+01,1.507825545342392459e+01
2.512432123463846878e+01,1.579055713079196188e+01
2.514432695055730349e+01,1.520368630229328843e+01
2.516433266647613465e+01,1.553465827062138160e+01
2.518433838239496936e+01,1.691036284362152387e+01
2.520434409831380407e+01,1.591890291642240385e+01
2.522434981423263878e+01,1.743410218830888425e+01
2.524435553015147349e+01,1.743677466864879122e+01
2.526436124607030820e+01,1.708131681515272504e+01
2.528436696198914291e+01,1.701483605232764162e+01
2.530437267790797407e+01,1.779687701470930605e+01
2.532437839382680878e+01,1.750872408105862021e+01
2.534438410974563993e+01,1.743698785960561892e+01
2.536438982566447464e+01,1.691974288114711911e+01
2.538439554158330935e+01,1.678275476868580895e+01
2.540440125750214406e+01,1.649112131076076082e+01
2.542440697342097877e+01,1.684877848040306247e+01
2.544441268933981348e+01,1.615106575097610175e+01
2.546441840525864819e+01,1.649460149286363020e+01
2.548442412117747935e+01,1.595376252468656375e+01
2.550442983709631406e+01,1.585617760554372602e+01
2.552443555301514877e+01,1.510404841312465685e+01
2.554444126893397993e+01,1.476644618933097419e+01
2.556444698485281464e+01,1.476235943493715297e+01
2.558445270077164935e+01,1.295403606178973988e+01
2.560445841669048406e+01,1.336859184052879890e+01
2.562446413260931877e+01,1.230857748988572098e+01
2.564446984852815348e+01,1.190169504536302370e+01
2.566447556444698819e+01,1.112065328188463020e+01
2.568448128036581934e+01,1.199704449459512645e+01
2.570448699628465405e+01,1.102617544702239805e+01
2.572449271220348521e+01,1.051188679216509847e+01
2.574449842812231992e+01,1.005939552055196984e+01
2.576450414404115463e+01,8.801124370563242039e+00
2.578450985995998934e+01,9.414775738736549826e+00
2.580451557587882405e+01,8.569006111783163959e+00
2.582452129179765876e+01,8.070044152073551302e+00
2.584452700771649347e+01,7.674759512305527664e+00
2.586453272363532463e+01,7.954088012881895153e+00
2.588453843955415934e+01,7.430906034833615337e+00
2.590454415547299405e+01,7.749024696221621156e+00
2.592454987139182521e+01,6.903185811484682688e+00
2.594455558731065992e+01,6.903741631832236436e+00
2.596456130322949463e+01,7.023918163835745077e+00
2.598456701914832934e+01,6.842196805925407688e+00
2.600457273506716405e+01,6.754098531464575395e+00
2.602457845098599520e+01,6.205188202516787044e+00
2.604458416690482991e+01,6.647853842130285074e+00
2.606458988282366462e+01,7.197458833442054171e+00
2.608459559874249933e+01,6.104467358581001868e+00
2.610460131466133404e+01,6.121656561650079098e+00
2.612460703058016520e+01,6.883032026280662130e+00
2.614461274649899991e+01,6.024778161789029696e+00
2.616461846241783462e+01,6.328948672795675634e+00
2.618462417833666933e+01,6.258045919105125421e+00
2.620462989425550404e+01,6.084065043802047157e+00
2.622463561017433520e+01,6.221050938486562210e+00
2.624464132609316991e+01,6.824733977263947260e+00
2.626464704201200462e+01,6.717819634743721124e+00
2.628465275793083933e+01,6.563608426900719550e+00
2.630465847384967049e+01,5.484354512663353276e+00
2.632466418976850520e+01,5.975943975413444242e+00
2.634466990568733991e+01,5.863421224804191922e+00
2.636467562160617462e+01,6.595328103771174177e+00
2.638468133752500933e+01,6.416221097413027152e+00
2.640468705344384048e+01,6.516166513593441678e+00
2.642469276936267519e+01,5.924614961701108129e+00
2.644469848528150990e+01,5.928123155571109137e+00
2.646470420120034461e+01,5.745899338975055670e+00
2.648470991711917932e+01,5.858229204076236485e+00
2.650471563303801048e+01,6.183247154649814448e+00
2.652472134895684519e+01,5.661444313576572185e+00
2.654472706487567990e+01,5.338397367468166621e+00
2.656473278079451461e+01,5.542077409807506072e+00
2.658473849671334932e+01,5.992721780060433545e+00
2.660474421263218048e+01,6.396531756125140689e+00
2.662474992855101519e+01,5.862558268483631707e+00
2.664475564446984990e+01,5.512825385117441357e+00
2.666476136038868461e+01,5.693296666110940762e+00
2.668476707630751577e+01,5.790762336888198192e+00
2.670477279222635048e+01,6.374862133989049440e+00
2.672477850814518519e+01,6.084590682142975382e+00
2.674478422406401990e+01,6.046069194184250151e+00
2.676478993998285461e+01,6.065514481710300387e+00
2.678479565590168576e+01,5.481563646014431690e+00
2.680480137182052047e+01,6.022786300693743655e+00
2.682480708773935518e+01,5.361974700799760463e+00
2.684481280365818989e+01,6.013101819155740380e+00
2.686481851957702460e+01,5.834333049866478937e+00
2.688482423549585576e+01,6.427225397179187283e+00
2.690482995141469047e+01,6.232786585018292413e+00
2.692483566733352518e+01,6.685201452191591898e+00
2.694484138325235989e+01,5.812949186803927581e+00
2.696484709917119105e+01,5.697764684458332951e+00
2.698485281509002576e+01,6.437358664831949184e+00
2.700485853100886047e+01,6.504231935976042323e+00
2.702486424692769518e+01,6.137803087940064017e+00
2.704486996284652989e+01,6.432720563890310217e+00
2.706487567876536104e+01,6.112007998766827654e+00
2.708488139468419575e+01,5.524669287779547133e+00
2.710488711060303046e+01,6.107838319822539219e+00
2.712489282652186517e+01,6.203543239912178819e+00
2.714489854244069988e+01,6.674035238980049911e+00
2.716490425835953104e+01,6.310167012035476475e+00
2.718490997427836575e+01,6.643103855360557475e+00
2.720491569019720046e+01,6.551677474885493346e+00
2.722492140611603517e+01,6.411010423505974387e+00
2.724492712203486633e+01,7.001776389045750726e+00
2.726493283795370104e+01,6.752909695505014298e+00
2.728493855387253575e+01,6.824895895486949193e+00
2.730494426979137046e+01,7.195360284333657042e+00
2.732494998571020517e+01,7.092695538069003547e+00
2.734495570162903633e+01,6.588350027485404325e+00
2.736496141754787104e+01,6.689582237207986282e+00
2.738496713346670575e+01,7.373916324033189973e+00
2.740497284938554046e+01,6.410275902217058785e+00
2.742497856530437517e+01,7.429978164614445824e+00
2.744498428122320632e+01,7.434671714230878692e+00
2.746498999714204103e+01,7.844754233345092587e+00
2.748499571306087574e+01,7.803826519570984388e+00
2.750500142897971045e+01,7.828896441890041302e+00
2.752500714489854516e+01,8.101743617009589116e+00
2.754501286081737632e+01,7.736299060071733180e+00
2.756501857673621103e+01,8.085455202525574592e+00
2.758502429265504574e+01,8.675713398054773151e+00
2.760503000857388045e+01,8.326594183138224636e+00
2.762503572449271161e+01,9.080039788906971054e+00
2.764504144041154632e+01,9.243679714961652749e+00
2.766504715633038103e+01,9.294390113344203286e+00
2.768505287224921574e+01,9.076270693962744218e+00
2.770505858816805045e+01,9.994172860716327378e+00
2.772506430408688161e+01,1.022284387192565269e+01
2.774507002000571632e+01,1.066147202940294036e+01
2.776507573592455103e+01,1.067998962267460250e+01
2.778508145184338574e+01,1.028634275046727353e+01
2.780508716776222045e+01,1.105660726530699023e+01
2.782509288368105160e+01,1.086218078177201285e+01
2.784509859959988631e+01,1.182546741124044409e+01
2.786510431551872102e+01,1.143367772304023156e+01
2.788511003143755573e+01,1.224933956779357658e+01
2.790511574735638689e+01,1.201431519609585585e+01
2.792512146327522160e+01,1.286065022897939869e+01
2.794512717919405631e+01,1.235732575054797877e+01
2.796513289511289102e+01,1.316113476080552758e+01
2.798513861103172573e+01,1.443177103166617847e+01
2.800514432695055689e+01,1.457304942119340652e+01
2.802515004286939160e+01,1.475943555329433110e+01
2.804515575878822631e+01,1.579243012028416260e+01
2.806516147470706102e+01,1.642500134742218165e+01
2.808516719062589573e+01,1.593849945523170319e+01
2.810517290654472689e+01,1.669540787199365894e+01
2.812517862246356160e+01,1.758714425386621372e+01
2.814518433838239631e+01,1.754523200112869930e+01
2.816519005430123102e+01,1.853014558448892757e+01
2.818519577022006217e+01,1.915099893999366287e+01
2.820520148613889688e+01,1.949082494179467417e+01
2.822520720205773159e+01,1.984442103897787746e+01
2.824521291797656630e+01,2.153503917880037832e+01
2.826521863389540101e+01,2.207837595964505439e+01
2.828522434981423217e+01,2.251986610411743328e+01
2.830523006573306688e+01,2.342809578923693437e+01
2.832523578165190159e+01,2.379600052939936106e+01
2.834524149757073630e+01,2.391511876495233935e+01
2.836524721348957101e+01,2.491138230774691920e+01
2.838525292940840217e+01,2.548425083299620653e+01
2.840525864532723688e+01,2.624042766619982103e+01
2.842526436124607159e+01,2.710664356529785834e+01
2.844527007716490630e+01,2.818863122710238400e+01
2.846527579308374101e+01,2.791534784667700464e+01
2.848528150900257216e+01,2.888135798413781785e+01
2.850528722492140687e+01,2.920387974624557614e+01
2.852529294084024158e+01,2.944660115921206511e+01
2.854529865675907629e+01,2.926553107997397163e+01
2.856530437267790745e+01,3.011554734316745652e+01
2.858531008859674216e+01,3.039750123171771889e+01
2.860531580451557687e+01,3.109519644111566805e+01
2.862532152043441158e+01,3.092588332761464187e+01
2.864532723635324629e+01,3.153108666858445730e+01
2.866533295227207745e+01,3.084781427914304430e+01
2.868533866819091216e+01,3.129839652765246072e+01
2.870534438410974687e+01,3.141675914334455655e+01
2.872535010002858158e+01,3.220549907973300208e+01
2.874535581594741629e+01,3.150173281731240849e+01
2.876536153186624745e+01,3.091148610381109307e+01
2.878536724778508216e+01,3.110286078438642932e+01
2.880537296370391687e+01,3.036513928157992126e+01
2.882537867962275158e+01,3.059126624499497282e+01
2.884538439554158273e+01,3.093892615246210553e+01
2.886539011146041744e+01,2.996972725736711851e+01
2.888539582737925215e+01,2.988455867502456442e+01
2.890540154329808686e+01,3.064205311122210418e+01
2.892540725921692157e+01,2.893166544680985197e+01
2.894541297513575273e+01,2.937783779762784064e+01
2.896541869105458744e+01,2.836993299655242140e+01
2.898542440697342215e+01,2.746591440110332982e+01
2.900543012289225686e+01,2.778871688576408872e+01
2.902543583881109157e+01,2.602282624130910094e+01
2.904544155472992273e+01,2.464461944906608437e+01
2.906544727064875744e+01,2.440037923416360854e+01
2.908545298656759215e+01,2.349159870754860790e+01
2.910545870248642686e+01,2.218531181598087443e+01
2.912546441840525802e+01,2.199877651472296591e+01
2.914547013432409273e+01,2.097425670985766288e+01
2.916547585024292744e+01,1.962099277699397604e+01
2.918548156616176215e+01,1.851994459835174922e+01
2.920548728208059686e+01,1.795523644500917726e+01
2.922549299799942801e+01,1.706908783097309268e+01
2.924549871391826272e+01,1.503878180575492607e+01
2.926550442983709743e+01,1.486152184577964519e+01
2.928551014575593214e+01,1.442952193581936804e+01
2.930551586167476685e+01,1.330804287153527810e+01
2.932552157759359801e+01,1.311013743387679042e+01
2.934552729351243272e+01,1.273026033869385998e+01
2.936553300943126743e+01,1.186901435347627398e+01
2.938553872535010214e+01,1.212177178223708651e+01
2.940554444126893330e+01,1.166022189011579968e+01
2.942555015718776801e+01,1.109322099016336693e+01
2.944555587310660272e+01,1.096009867483147104e+01
2.946556158902543743e+01,1.160569093689399622e+01
2.948556730494427214e+01,1.127878226520843086e+01
2.950557302086310330e+01,9.996096006609926476e+00
2.952557873678193801e+01,1.065376795015790634e+01
2.954558445270077272e+01,1.058313081970359804e+01
2.956559016861960743e+01,1.119713549300394106e+01
2.958559588453844214e+01,1.044551006164784646e+01
2.960560160045727329e+01,1.061691215849455006e+01
2.962560731637610800e+01,1.063377234196226340e+01
2.964561303229494271e+01,1.089228733617413525e+01
2.966561874821377742e+01,1.018581311755134244e+01
2.968562446413261213e+01,1.037510178993632692e+01
2.970563018005144329e+01,1.082094326601612089e+01
2.972563589597027800e+01,1.043113319493626179e+01
2.974564161188911271e+01,1.138692388255697452e+01
2.976564732780794742e+01,1.130242783020564445e+01
2.978565304372677858e+01,1.107918807323916610e+01
2.980565875964561329e+01,1.189842735610382007e+01
2.982566447556444800e+01,1.176706154698312901e+01
2.984567019148328271e+01,1.196215509525620035e+01
2.986567590740211742e+01,1.288897625222672616e+01
2.988568162332094857e+01,1.240342486178451331e+01
2.990568733923978328e+01,1.275403689868373291e+01
2.992569305515861799e+01,1.205908472090344041e+01
2.994569877107745270e+01,1.291266646083729341e+01
2.996570448699628741e+01,1.256257225526968213e+01
2.998571020291511857e+01,1.265471274972482973e+01
3.000571591883395328e+01,1.221239199958276345e+01
3.002572163475278799e+01,1.212738611665222344e+01
3.004572735067162270e+01,1.285180693672400665e+01
3.006573306659045386e+01,1.296853385691123250e+01
3.008573878250928857e+01,1.302390746989634174e+01
3.010574449842812328e+01,1.227660194390434611e+01
3.012575021434695799e+01,1.334259918409049561e+01
3.014575593026579270e+01,1.342961180672071997e+01
3.016576164618462386e+01,1.346130370852345237e+01
3.018576736210345857e+01,1.260097111816029170e+01
3.020577307802229328e+01,1.235878009447952408e+01
3.022577879394112799e+01,1.344445048590212366e+01
3.024578450985996270e+01,1.217135088346678984e+01
3.026579022577879385e+01,1.240116557227992899e+01
3.028579594169762856e+01,1.283754114984714256e+01
3.030580165761646327e+01,1.224729495779735444e+01
3.032580737353529798e+01,1.217886685835695104e+01
3.034581308945412914e+01,1.198996929762845909e+01
3.036581880537296385e+01,1.281545582878233702e+01
3.038582452129179856e+01,1.296569755181252681e+01
3.040583023721063327e+01,1.269534633343295127e+01
3.042583595312946798e+01,1.305535047899090806e+01
3.044584166904829914e+01,1.420021132687081256e+01
3.046584738496713385e+01,1.375670087421648979e+01
3.048585310088596856e+01,1.374203134409789229e+01
3.050585881680480327e+01,1.448721070850598380e+01
3.052586453272363798e+01,1.513053716346598065e+01
3.054587024864246914e+01,1.457981820399297490e+01
3.056587596456130385e+01,1.482236830910938430e+01
3.058588168048013856e+01,1.605866570160517171e+01
3.060588739639897327e+01,1.581259887394510955e+01
3.062589311231780798e+01,1.652645500529958156e+01
3.064589882823663913e+01,1.723378408086017544e+01
3.066590454415547384e+01,1.804642034536729511e+01
3.068591026007430855e+01,1.771706826500486898e+01
3.070591597599314326e+01,1.927959761659536397e+01
3.072592169191197442e+01,1.940507019960123358e+01
3.074592740783080913e+01,1.943864473313279717e+01
3.076593312374964384e+01,2.104358885288098335e+01
3.078593883966847855e+01,2.145965399188699507e+01
3.080594455558731326e+01,2.165197168269028438e+01
3.082595027150614442e+01,2.271325628999452917e+01
3.084595598742497913e+01,2.257682726626914871e+01
3.086596170334381384e+01,2.393377583430059019e+01
3.088596741926264855e+01,2.422287550358826280e+01
3.090597313518148326e+01,2.471708343069592217e+01
3.092597885110031442e+01,2.563395783511509052e+01
3.094598456701914913e+01,2.596703248826889521e+01
3.096599028293798384e+01,2.640280540739118109e+01
3.098599599885681855e+01,2.712858794776235527e+01
3.100600171477564970e+01,2.778788454871056501e+01
3.102600743069448441e+01,2.785584707953000816e+01
3.104601314661331912e+01,2.825069544489058870e+01
3.106601886253215383e+01,2.849539663070747153e+01
3.108602457845098854e+01,2.848513266613551309e+01
3.110603029436981970e+01,2.929830691434243661e+01
3.112603601028865441e+01,2.991963249884591391e+01
3.114604172620748912e+01,2.934381955506017903e+01
3.116604744212632383e+01,2.947203649815879345e+01
3.118605315804515854e+01,3.041126917451548906e+01
3.120605887396398970e+01,2.993122031287021656e+01
3.122606458988282441e+01,3.021392552647377983e+01
3.124607030580165912e+01,2.904821864225704786e+01
3.126607602172049383e+01,2.947512909549791260e+01
3.128608173763932498e+01,2.900088497063805448e+01
3.130608745355815969e+01,2.993510191695869338e+01
3.132609316947699440e+01,2.943935487448696264e+01
3.134609888539582911e+01,2.862588027461803364e+01
3.136610460131466382e+01,2.763344349245645759e+01
3.138611031723349498e+01,2.828298759670082774e+01
3.140611603315232969e+01,2.732598870224871490e+01
3.142612174907116440e+01,2.606128216318348478e+01
3.144612746498999911e+01,2.592155604445441242e+01
3.146613318090883382e+01,2.558693318508656489e+01
3.148613889682766498e+01,2.522048929303375431e+01
3.150614461274649969e+01,2.481741931117765176e+01
3.152615032866533440e+01,2.371120991884516371e+01
3.154615604458416911e+01,2.367418717145431373e+01
3.156616176050300382e+01,2.279868216314299900e+01
3.158616747642183498e+01,2.230032808039388215e+01
3.160617319234066969e+01,2.200615133778960697e+01
3.162617890825950440e+01,2.100095543198286663e+01
3.164618462417833911e+01,2.155026050131050397e+01
3.166619034009717026e+01,2.093123519216799622e+01
3.168619605601600497e+01,2.070856327569676836e+01
3.170620177193483968e+01,2.025300381337285671e+01
3.172620748785367439e+01,2.098500565248515315e+01
3.174621320377250910e+01,2.036028548249280945e+01
3.176621891969134026e+01,2.086055554819654745e+01
3.178622463561017497e+01,2.102609790431093373e+01
3.180623035152900968e+01,2.150900820334949159e+01
3.182623606744784439e+01,2.127946548720032638e+01
3.184624178336667910e+01,2.218340662542912511e+01
3.186624749928551026e+01,2.267150252954563072e+01
3.188625321520434497e+01,2.190832224784113791e+01
3.190625893112317968e+01,2.323815287170933530e+01
3.192626464704201439e+01,2.420600211326692630e+01
3.194627036296084555e+01,2.546105284275891023e+01
3.196627607887968026e+01,2.605461479633083144e+01
3.198628179479851497e+01,2.630612144083460890e+01
3.200628751071734968e+01,2.727095069108497682e+01
3.202629322663618439e+01,2.827756786983732695e+01
3.204629894255501199e+01,2.930118983406372024e+01
3.206630465847385381e+01,3.134186271074970165e+01
3.208631037439268141e+01,3.257407774582676296e+01
3.210631609031152323e+01,3.369812079029765073e+01
3.212632180623035083e+01,3.456057333044437030e+01
3.214632752214918554e+01,3.639617501815332901e+01
3.216633323806802025e+01,3.782243946326855877e+01
3.218633895398685496e+01,3.891175727015431107e+01
3.220634466990568967e+01,4.090130719401119563e+01
3.222635038582451728e+01,4.129775809294632438e+01
3.224635610174335909e+01,4.327936195043203327e+01
3.226636181766218670e+01,4.472130516728490335e+01
3.228636753358102851e+01,4.624057409169294175e+01
3.230637324949985612e+01,4.809618388457795390e+01
3.232637896541869083e+01,5.094707625336889123e+01
3.234638468133752554e+01,5.114752300329793400e+01
3.236639039725636025e+01,5.358598862071681879e+01
3.238639611317519496e+01,5.591523217306691862e+01
3.240640182909402967e+01,5.676029796497022062e+01
3.242640754501286438e+01,5.761547631609899867e+01
3.244641326093169198e+01,5.948069374144913013e+01
3.246641897685053380e+01,6.173392196172657265e+01
3.248642469276936140e+01,6.277919897081099521e+01
3.250643040868819611e+01,6.424953867862903678e+01
3.252643612460703082e+01,6.471298970283845620e+01
3.254644184052586553e+01,6.595926584080258692e+01
3.256644755644470024e+01,6.739448077042781904e+01
3.258645327236353495e+01,6.778842178896275072e+01
3.260645898828236966e+01,6.951652631646891223e+01
3.262646470420119726e+01,6.930826441010442807e+01
3.264647042012003908e+01,7.005338177053258164e+01
3.266647613603886668e+01,6.984078558585960650e+01
3.268648185195770850e+01,7.061348768412757693e+01
3.270648756787653610e+01,7.004216616686625230e+01
3.272649328379537081e+01,6.945462555019059891e+01
3.274649899971420552e+01,6.901512120784346394e+01
3.276650471563304023e+01,6.784771159402926344e+01
3.278651043155187494e+01,6.671530711512306766e+01
3.280651614747070255e+01,6.617975106688773224e+01
3.282652186338954436e+01,6.541590071142516649e+01
3.284652757930837197e+01,6.310470055839780912e+01
3.286653329522721378e+01,6.155895988413993791e+01
3.288653901114604139e+01,5.942145448009090103e+01
3.290654472706487610e+01,5.838609951364603035e+01
3.292655044298371081e+01,5.535347638570608098e+01
3.294655615890254552e+01,5.372676880845563119e+01
3.296656187482138023e+01,5.081049146062494515e+01
3.298656759074020783e+01,4.931291861246176467e+01
3.300657330665904965e+01,4.588208178757378874e+01
3.302657902257787725e+01,4.491535102601578444e+01
3.304658473849671907e+01,4.193439442061145428e+01
3.306659045441554667e+01,3.935936910104451414e+01
3.308659617033438138e+01,3.773843730751337233e+01
3.310660188625321609e+01,3.587728414353818351e+01
3.312660760217205080e+01,3.382510417379337042e+01
3.314661331809088551e+01,3.162886946173340519e+01
3.316661903400971312e+01,2.945063624791183443e+01
3.318662474992855493e+01,2.934522356676639987e+01
3.320663046584738254e+01,2.655931992168829225e+01
3.322663618176622435e+01,2.555424319068734462e+01
3.324664189768505196e+01,2.521244019140500470e+01
3.326664761360388667e+01,2.302695604517568029e+01
3.328665332952272138e+01,2.232147836851424927e+01
3.330665904544155609e+01,2.174152716202014801e+01
3.332666476136039080e+01,2.057590523607729693e+01
3.334667047727922551e+01,2.002911438948119027e+01
3.336667619319806022e+01,1.881503533413239282e+01
3.338668190911688782e+01,1.890101016539325940e+01
3.340668762503572964e+01,1.834734811960115408e+01
3.342669334095455724e+01,1.740621193110576215e+01
3.344669905687339195e+01,1.696438877602655637e+01
3.346670477279222666e+01,1.649161026968963739e+01
3.348671048871106137e+01,1.631268644058247119e+01
3.350671620462989608e+01,1.520898076260530551e+01
3.352672192054873079e+01,1.479847151735651067e+01
3.354672763646756550e+01,1.492370229130284542e+01
3.356673335238639311e+01,1.477462406568625752e+01
3.358673906830523492e+01,1.517443868917190919e+01
3.360674478422406253e+01,1.403135561100069317e+01
3.362675050014290434e+01,1.403373309432723381e+01
3.364675621606173195e+01,1.370758109912642553e+01
3.366676193198056666e+01,1.289797676244527125e+01
3.368676764789940137e+01,1.398466668731445672e+01
3.370677336381823608e+01,1.310499277608703395e+01
3.372677907973707079e+01,1.256035623774336329e+01
3.374678479565589839e+01,1.222620129656536569e+01
3.376679051157474021e+01,1.277742798917045164e+01
3.378679622749356781e+01,1.354043726506816192e+01
3.380680194341240963e+01,1.267226759400994496e+01
3.382680765933123723e+01,1.263736283982867192e+01
3.384681337525007194e+01,1.236134752817651794e+01
3.386681909116890665e+01,1.208279135618206901e+01
3.388682480708774136e+01,1.241843897777591010e+01
3.390683052300657607e+01,1.327646862767616120e+01
3.392683623892540368e+01,1.299727537100969776e+01
3.394684195484424549e+01,1.324781472409029348e+01
3.396684767076307310e+01,1.377358732885113035e+01
3.398685338668191491e+01,1.319725004484535091e+01
3.400685910260074252e+01,1.366899675930709179e+01
3.402686481851957723e+01,1.461180192024191449e+01
3.404687053443841194e+01,1.486572399692933111e+01
3.406687625035724665e+01,1.457809800794347410e+01
3.408688196627608136e+01,1.470750552423425006e+01
3.410688768219490896e+01,1.455905063658370047e+01
3.412689339811375078e+01,1.584665854808936203e+01
3.414689911403257838e+01,1.531089768398685180e+01
3.416690482995142020e+01,1.652223445719867456e+01
3.418691054587024780e+01,1.653106292987843062e+01
3.420691626178908251e+01,1.727241404574693107e+01
3.422692197770791722e+01,1.724550654201690847e+01
3.424692769362675193e+01,1.796455750819317743e+01
3.426693340954558664e+01,1.838434108525539301e+01
3.428693912546442135e+01,1.842487354414791056e+01
3.430694484138325606e+01,1.896132435373441183e+01
3.432695055730208367e+01,1.863469871815068757e+01
3.434695627322092548e+01,2.009980223404148347e+01
3.436696198913975309e+01,2.007577823939916328e+01
3.438696770505858780e+01,2.028874715116237937e+01
3.440697342097742251e+01,2.142800297425525358e+01
3.442697913689625722e+01,2.187765159966712147e+01
3.444698485281509193e+01,2.179471385218189639e+01
3.446699056873392664e+01,2.209995620729269916e+01
3.448699628465276135e+01,2.225355915226927195e+01
3.450700200057158895e+01,2.274098212988229406e+01
3.452700771649043077e+01,2.289713738270193133e+01
3.454701343240925837e+01,2.291374437078946258e+01
3.456701914832810019e+01,2.385693423779149924e+01
3.458702486424692779e+01,2.457267692845806550e+01
3.460703058016576250e+01,2.454181877907016940e+01
3.462703629608459721e+01,2.427031795629715560e+01
3.464704201200343192e+01,2.483911477989772720e+01
3.466704772792226663e+01,2.593236541771204884e+01
3.468705344384109424e+01,2.625212206050778008e+01
3.470705915975993605e+01,2.672063825192938324e+01
3.472706487567876366e+01,2.726522654692269043e+01
3.474707059159760547e+01,2.832498348774341679e+01
3.476707630751643308e+01,2.838533354297447886e+01
3.478708202343526779e+01,2.807261622279589020e+01
3.480708773935410250e+01,2.898940825792231379e+01
3.482709345527293721e+01,2.919589050038528200e+01
3.484709917119177192e+01,3.002787719627682606e+01
3.486710488711059952e+01,3.045797077010764298e+01
3.488711060302944134e+01,3.070972133309214058e+01
3.490711631894826894e+01,3.153707282533650158e+01
3.492712203486711076e+01,3.061312877095080154e+01
3.494712775078593836e+01,3.254005634059603835e+01
3.496713346670477307e+01,3.120137589489742425e+01
3.498713918262360778e+01,3.208796846307043893e+01
3.500714489854244249e+01,3.301510982324319343e+01
3.502715061446127720e+01,3.309865787750585753e+01
3.504715633038010481e+01,3.414628048368344082e+01
3.506716204629894662e+01,3.439586863174229592e+01
3.508716776221777423e+01,3.488209848025771720e+01
3.510717347813661604e+01,3.562055981146686179e+01
3.512717919405544365e+01,3.583677649380000219e+01
3.514718490997427836e+01,3.631647252321130281e+01
3.516719062589311307e+01,3.710189530141880709e+01
3.518719634181194778e+01,3.739359414890058986e+01
3.520720205773078249e+01,3.807781572077378485e+01
3.522720777364961720e+01,3.783224358502641849e+01
3.524721348956845191e+01,3.813538651798354806e+01
3.526721920548727951e+01,3.861883590102608821e+01
3.528722492140612133e+01,3.906948991122840198e+01
3.530723063732494893e+01,3.864881915158845516e+01
3.532723635324378364e+01,3.792959178452890256e+01
3.534724206916261835e+01,3.803043470449199503e+01
3.536724778508145306e+01,3.804220464444725991e+01
3.538725350100028777e+01,3.725333186574472677e+01
3.540725921691912248e+01,3.686396944439559320e+01
3.542726493283795719e+01,3.611805097460066349e+01
3.544727064875678479e+01,3.558980297012303140e+01
3.546727636467562661e+01,3.417509332964930024e+01
3.548728208059445421e+01,3.367759439914495090e+01
3.550728779651329603e+01,3.239851041283340294e+01
3.552729351243212363e+01,3.115281297170703567e+01
3.554729922835095834e+01,3.022304242533921936e+01
3.556730494426979305e+01,2.860568228188419937e+01
3.558731066018862776e+01,2.832695733657236659e+01
3.560731637610746247e+01,2.711722443728471887e+01
3.562732209202629008e+01,2.539216071915127770e+01
3.564732780794513189e+01,2.441469188093768850e+01
3.566733352386395950e+01,2.268076695849848079e+01
3.568733923978280131e+01,2.255505489348821868e+01
3.570734495570162892e+01,2.121065731041990432e+01
3.572735067162046363e+01,2.068938622831237240e+01
3.574735638753929834e+01,1.929504752126084099e+01
3.576736210345813305e+01,1.935522733625627723e+01
3.578736781937696776e+01,1.842439427780916006e+01
3.580737353529579536e+01,1.731311868151345834e+01
3.582737925121463718e+01,1.774961742926149100e+01
3.584738496713346478e+01,1.687636035147816926e+01
3.586739068305230660e+01,1.538420674392579812e+01
3.588739639897113420e+01,1.518601211038589049e+01
3.590740211488996891e+01,1.517021716224126138e+01
3.592740783080880362e+01,1.371197947429872244e+01
3.594741354672763833e+01,1.476439028256648101e+01
3.596741926264647304e+01,1.346946908097206830e+01
3.598742497856530065e+01,1.294212947576838069e+01
3.600743069448414246e+01,1.351934806181828463e+01
3.602743641040297007e+01,1.240898814993379418e+01
3.604744212632181188e+01,1.195347184310915267e+01
3.606744784224063949e+01,1.196904001999991252e+01
3.608745355815947420e+01,1.202468742631931420e+01
3.610745927407830891e+01,1.149724152969715973e+01
3.612746498999714362e+01,1.175205815093880446e+01
3.614747070591597833e+01,1.183360577663090396e+01
3.616747642183481304e+01,1.117592605373539527e+01
3.618748213775364775e+01,1.106212427527090725e+01
3.620748785367247535e+01,9.338062494211529341e+00
3.622749356959131717e+01,9.728132518551948493e+00
3.624749928551014477e+01,1.054269146609443197e+01
3.626750500142897948e+01,9.942781288089962644e+00
3.628751071734781419e+01,1.010640821737595019e+01
3.630751643326664890e+01,9.665971162533541161e+00
3.632752214918548361e+01,9.075848273307254743e+00
3.634752786510431832e+01,8.504913592921415244e+00
3.636753358102315303e+01,8.264490851830393225e+00
3.638753929694198064e+01,8.517004945388091386e+00
3.640754501286082245e+01,8.403126597617276872e+00
3.642755072877965006e+01,8.437685926749768583e+00
3.644755644469849187e+01,7.372312527117514946e+00
3.646756216061731948e+01,7.719340154071966609e+00
3.648756787653615419e+01,7.370700406243255287e+00
3.650757359245498890e+01,8.663139486736374906e+00
3.652757930837382361e+01,8.136591778664783448e+00
3.654758502429265832e+01,8.300856531085690548e+00
3.656759074021148592e+01,8.191580203653657577e+00
3.658759645613032774e+01,7.798942100282827639e+00
3.660760217204915534e+01,7.872887912025731794e+00
3.662760788796799716e+01,7.427669111080762221e+00
3.664761360388682476e+01,6.886546338813005264e+00
3.666761931980565947e+01,7.556960670666290625e+00
3.668762503572449418e+01,7.518069944045805642e+00
3.670763075164332889e+01,7.950127925287116426e+00
3.672763646756216360e+01,7.638024540432813758e+00
3.674764218348099121e+01,8.286243776454982779e+00
3.676764789939983302e+01,8.247783093972341106e+00
3.678765361531866063e+01,7.915710116674983254e+00
3.680765933123750244e+01,8.373337589743528042e+00
3.682766504715633005e+01,7.793211709031272250e+00
3.684767076307516476e+01,8.179966685099449464e+00
3.686767647899399947e+01,8.181037728285470934e+00
3.688768219491283418e+01,8.732589382217541996e+00
3.690768791083166889e+01,8.179871664975495449e+00
3.692769362675049649e+01,7.885449191419518833e+00
3.694769934266933831e+01,7.778941233212367301e+00
3.696770505858816591e+01,8.056149989640967846e+00
3.698771077450700773e+01,8.763530822870745141e+00
3.700771649042583533e+01,8.197561131126800404e+00
3.702772220634467004e+01,9.114055784910675584e+00
3.704772792226350475e+01,9.227883484031282890e+00
3.706773363818233946e+01,9.202176040465054996e+00
3.708773935410117417e+01,9.638531184144044417e+00
3.710774507002000888e+01,9.381633176511030570e+00
3.712775078593884359e+01,8.953817747938085603e+00
3.714775650185767120e+01,9.582548266528817749e+00
3.716776221777651301e+01,9.749668435574337266e+00
3.718776793369534062e+01,1.024809831402001059e+01
3.720777364961417533e+01,1.070375739696725503e+01
3.722777936553301004e+01,1.020066007382248330e+01
3.724778508145184475e+01,1.015595760682695214e+01
3.726779079737067946e+01,1.031910999558083830e+01
3.728779651328951417e+01,1.060199544940765648e+01
3.730780222920834888e+01,1.032512089476886352e+01
3.732780794512717648e+01,1.028428629719958565e+01
3.734781366104601830e+01,1.043285459835647799e+01
3.736781937696484590e+01,1.000540213849845728e+01
3.738782509288368772e+01,1.068243250631832808e+01
3.740783080880251532e+01,1.060798659145217648e+01
3.742783652472135003e+01,1.046726412025369157e+01
3.744784224064018474e+01,9.248647300688720208e+00
3.746784795655901945e+01,1.022126979217248355e+01
3.748785367247785416e+01,9.219721567786759664e+00
3.750785938839668177e+01,9.823052636861303810e+00
3.752786510431552358e+01,9.312138981217628952e+00
3.754787082023435119e+01,9.466347607029099720e+00
3.756787653615319300e+01,9.291587335516378943e+00
3.758788225207202061e+01,9.444223075015006685e+00
3.760788796799085532e+01,9.147362565014606872e+00
3.762789368390969003e+01,8.996916383445974219e+00
3.764789939982852474e+01,9.882395524783067486e+00
3.766790511574735945e+01,9.246536780449037707e+00
3.768791083166618705e+01,8.611646478697643659e+00
3.770791654758502887e+01,9.251493378891540331e+00
3.772792226350385647e+01,9.113968164505866554e+00
3.774792797942269829e+01,9.526400093060196639e+00
3.776793369534152589e+01,9.000130477355586578e+00
3.778793941126036060e+01,9.325657473195011704e+00
3.780794512717919531e+01,8.413046848689431201e+00
3.782795084309803002e+01,9.303496940777442603e+00
3.784795655901686473e+01,9.327975052315514048e+00
3.786796227493569234e+01,8.874047008656351210e+00
3.788796799085453415e+01,8.845587844262983168e+00
3.790797370677336176e+01,9.233073894482599187e+00
3.792797942269220357e+01,9.027007946128561500e+00
3.794798513861103118e+01,9.175298904937340794e+00
3.796799085452986589e+01,9.419152810134523435e+00
3.798799657044870060e+01,8.944121657162080297e+00
3.800800228636753531e+01,9.572881797515270463e+00
3.802800800228637002e+01,8.829067027554504676e+00
3.804801371820520473e+01,9.251433449888059712e+00
3.806801943412403944e+01,8.893976602898799655e+00
3.808802515004286704e+01,9.078689827968359438e+00
3.810803086596170886e+01,9.782819773219882720e+00
3.812803658188053646e+01,8.987357615009720746e+00
3.814804229779937117e+01,8.719910866969074803e+00
3.816804801371820588e+01,9.340858348254000632e+00
3.818805372963704059e+01,8.555359299636409176e+00
3.820805944555587530e+01,9.049416010126300591e+00
3.822806516147471001e+01,9.330121737404891036e+00
3.824807087739354472e+01,9.120637672002485985e+00
3.826807659331237232e+01,8.065075845567474033e+00
3.828808230923121414e+01,9.118753927514532620e+00
3.830808802515004174e+01,8.875988623476189332e+00
3.832809374106888356e+01,8.535358936889418047e+00
3.834809945698771116e+01,8.517284708477745880e+00
3.836810517290654587e+01,8.685650429803757788e+00
3.838811088882538058e+01,8.611448442281522730e+00
3.840811660474421529e+01,8.871625257351485772e+00
3.842812232066305000e+01,8.822892670351350830e+00
3.844812803658187761e+01,7.870017057914013847e+00
3.846813375250071942e+01,7.792189606963232151e+00
3.848813946841954703e+01,7.861949505799193716e+00
3.850814518433838884e+01,7.357502452879277399e+00
3.852815090025721645e+01,7.724789468030111905e+00
3.854815661617605116e+01,6.690911462561312639e+00
3.856816233209488587e+01,7.608169463639438135e+00
3.858816804801372058e+01,7.320342452788080934e+00
3.860817376393255529e+01,7.252663641962699970e+00
3.862817947985138289e+01,7.367272272142255218e+00
3.864818519577022471e+01,7.083087939647162656e+00
3.866819091168905231e+01,6.904257030744179957e+00
3.868819662760789413e+01,7.651508496635408108e+00
3.870820234352672173e+01,6.414197810301173419e+00
3.872820805944555644e+01,6.772326864561731163e+00
3.874821377536439115e+01,6.774568207228241157e+00
3.876821949128322586e+01,6.765673287286460891e+00
3.878822520720206057e+01,7.307223454333449553e+00
3.880823092312088818e+01,6.763742673874187261e+00
3.882823663903972999e+01,7.051940820152596601e+00
3.884824235495855760e+01,6.613373891553404604e+00
3.886824807087739941e+01,6.510266009855240732e+00
3.888825378679622702e+01,6.726730091011514645e+00
3.890825950271506173e+01,6.834382126168403460e+00
3.892826521863389644e+01,6.120901818964767038e+00
3.894827093455273115e+01,7.388677188169753052e+00
3.896827665047156586e+01,7.002071141411795985e+00
3.898828236639040057e+01,6.246669323770935200e+00
3.900828808230923528e+01,6.628154371004075784e+00
3.902829379822806288e+01,6.689623382747944547e+00
3.904829951414690470e+01,6.587024346843893596e+00
3.906830523006573230e+01,6.989455359440668758e+00
3.908831094598456701e+01,6.709409574675910370e+00
3.910831666190340172e+01,6.638615634685437250e+00
3.912832237782223643e+01,7.280443227299391751e+00
3.914832809374107114e+01,6.039358018585043730e+00
3.916833380965990585e+01,6.450827725776395738e+00
3.918833952557874056e+01,6.797772403482106540e+00
3.920834524149756817e+01,6.966599386756190171e+00
3.922835095741640998e+01,6.506218293388084994e+00
3.924835667333523759e+01,6.889257292212964678e+00
3.926836238925407940e+01,7.466675076727647742e+00
3.928836810517290701e+01,6.129425211544919705e+00
3.930837382109174172e+01,6.903161192617143449e+00
3.932837953701057643e+01,6.411810682808589235e+00
3.934838525292941114e+01,7.493700137180322685e+00
3.936839096884824585e+01,6.349091952293512087e+00
3.938839668476707345e+01,6.671816283933106106e+00
3.940840240068591527e+01,7.443298671754616791e+00
3.942840811660474287e+01,7.424717737383317306e+00
3.944841383252358469e+01,7.367948738529350727e+00
3.946841954844241229e+01,7.144450287717672765e+00
3.948842526436124700e+01,6.860933023113590323e+00
3.950843098028008171e+01,6.530212284332282735e+00
3.952843669619891642e+01,6.882323960671342888e+00
3.954844241211775113e+01,7.601717075590546102e+00
3.956844812803657874e+01,6.977032362702558999e+00
3.958845384395542055e+01,7.191133163848691723e+00
3.960845955987424816e+01,6.969160389100869324e+00
3.962846527579308997e+01,7.417711987558686104e+00
3.964847099171191758e+01,7.230697152473933187e+00
3.966847670763075229e+01,7.454315437019245039e+00
3.968848242354958700e+01,7.061209969492178828e+00
3.970848813946842171e+01,7.120393819528151980e+00
3.972849385538725642e+01,6.913262726732371632e+00
3.974849957130608402e+01,8.419275326046959051e+00
3.976850528722492584e+01,7.194718554188355597e+00
3.978851100314375344e+01,7.782206458165240370e+00
3.980851671906259526e+01,7.172489503603769023e+00
3.982852243498142286e+01,7.627053836988084257e+00
3.984852815090025757e+01,7.309712994357854932e+00
3.986853386681909228e+01,7.119802373063347289e+00
3.988853958273792699e+01,8.065430692820783065e+00
3.990854529865676170e+01,7.861648925514930220e+00
3.992855101457559641e+01,7.108970837128104847e+00
3.994855673049443112e+01,7.984706287026705596e+00
3.996856244641325873e+01,7.494033593233278445e+00
3.998856816233210054e+01,7.865611974131522466e+00
4.000857387825092815e+01,7.548158657852507503e+00
4.002857959416976286e+01,7.659435459593082030e+00
4.004858531008859757e+01,7.978420480778822821e+00
4.006859102600743228e+01,6.931553488326187562e+00
4.008859674192626699e+01,7.382055440244275957e+00
4.010860245784510170e+01,8.287671713610443192e+00
4.012860817376393641e+01,7.450183811280668422e+00
4.014861388968276401e+01,7.482663705906161589e+00
4.016861960560160583e+01,7.926987876155330959e+00
4.018862532152043343e+01,7.488610515756317199e+00
4.020863103743927525e+01,7.334829619886497731e+00
4.022863675335810285e+01,8.097996034833386148e+00
4.024864246927693756e+01,7.977309510729805986e+00
4.026864818519577227e+01,8.009256005935982969e+00
4.028865390111460698e+01,7.679429946780979677e+00
4.030865961703344169e+01,7.728894003183842010e+00
4.032866533295226930e+01,7.201029731538707068e+00
4.034867104887111111e+01,8.229790709202918109e+00
4.036867676478993872e+01,7.436287190144190262e+00
4.038868248070878053e+01,7.566420740876736772e+00
4.040868819662760814e+01,7.507888632026937792e+00
4.042869391254644285e+01,7.624796379564999782e+00
4.044869962846527756e+01,7.473221315888121552e+00
4.046870534438411227e+01,7.370099745734216334e+00
4.048871106030294698e+01,7.354969521573529789e+00
4.050871677622177458e+01,7.076923496722866247e+00
4.052872249214061640e+01,6.934475491591319596e+00
4.054872820805944400e+01,6.894175933962598535e+00
4.056873392397828582e+01,7.121100589361151201e+00
4.058873963989711342e+01,7.777458720080699273e+00
4.060874535581594813e+01,6.953269354693386362e+00
4.062875107173478284e+01,7.777180068134187607e+00
4.064875678765361755e+01,6.793434705334091106e+00
4.066876250357245226e+01,7.152464828377054218e+00
4.068876821949127986e+01,7.669213745813048710e+00
4.070877393541012168e+01,7.620248361756981836e+00
4.072877965132894929e+01,7.138991815407200292e+00
4.074878536724779110e+01,7.014070793026478512e+00
4.076879108316661871e+01,6.871029455605260239e+00
4.078879679908545342e+01,7.699624825259519412e+00
4.080880251500428813e+01,6.732138718187995252e+00
4.082880823092312284e+01,7.175386699200191565e+00
4.084881394684195755e+01,7.098121866511376332e+00
4.086881966276079226e+01,6.843064113066361642e+00
4.088882537867962697e+01,7.465337854656979744e+00
4.090883109459845457e+01,6.423065512328509641e+00
4.092883681051729639e+01,7.278454158003624386e+00
4.094884252643612399e+01,6.898723720108235646e+00
4.096884824235495870e+01,7.002294064532399887e+00
4.098885395827379341e+01,7.165735574127188201e+00
4.100885967419262812e+01,7.173866548917619212e+00
4.102886539011146283e+01,7.762072536444382997e+00
4.104887110603029754e+01,7.158523259050346255e+00
4.106887682194913225e+01,6.778869608090707821e+00
4.108888253786795985e+01,7.381549278694464533e+00
4.110888825378680167e+01,7.411788282443732001e+00
4.112889396970562927e+01,7.075161491248573853e+00
4.114889968562447109e+01,6.642566748674054722e+00
4.116890540154329869e+01,6.584684072384132669e+00
4.118891111746213340e+01,7.334697589348063929e+00
4.120891683338096811e+01,7.139111369528473361e+00
4.122892254929980282e+01,7.648458793184874871e+00
4.124892826521863753e+01,7.299984791148987462e+00
4.126893398113746514e+01,7.179838927539403670e+00
4.128893969705630695e+01,7.284960291054531467e+00
4.130894541297513456e+01,7.480148929283710224e+00
4.132895112889397637e+01,7.890347020206782247e+00
4.134895684481280398e+01,7.261156268367820132e+00
4.136896256073163869e+01,7.245743372684069428e+00
4.138896827665047340e+01,7.608843103496127469e+00
4.140897399256930811e+01,7.566691408315767475e+00
4.142897970848814282e+01,7.874535697222412978e+00
4.144898542440697042e+01,8.528604665244335692e+00
4.146899114032581224e+01,8.448145719503955320e+00
4.148899685624463984e+01,8.749101577016379139e+00
4.150900257216348166e+01,8.989927140974000253e+00
4.152900828808230926e+01,8.393587409106501696e+00
4.154901400400114397e+01,9.664788038147438698e+00
4.156901971991997868e+01,9.314138744448769103e+00
4.158902543583881339e+01,9.418610315709059932e+00
4.160903115175764810e+01,8.974032830903954761e+00
4.162903686767647571e+01,1.023141580727331501e+01
4.164904258359531752e+01,1.022471736984554092e+01
4.166904829951414513e+01,1.020855191515955873e+01
4.168905401543298694e+01,1.033908532890098009e+01
4.170905973135181455e+01,1.056025002719574779e+01
4.172906544727064926e+01,1.106336134359045786e+01
4.174907116318948397e+01,1.173801861410548675e+01
4.176907687910831868e+01,1.076401118637801524e+01
4.178908259502715339e+01,1.179343821599251285e+01
4.180908831094598810e+01,1.140991914328554913e+01
4.182909402686482281e+01,1.150467659343673965e+01
4.184909974278365041e+01,1.214365981120768900e+01
4.186910545870249223e+01,1.293177749559882983e+01
4.188911117462131983e+01,1.199074843876166696e+01
4.190911689054015454e+01,1.248270339138813512e+01
4.192912260645898925e+01,1.324128519537909199e+01
4.194912832237782396e+01,1.304228431838217261e+01
4.196913403829665867e+01,1.288447199655775322e+01
4.198913975421549338e+01,1.286130785037531510e+01
4.200914547013432809e+01,1.272635823677342337e+01
4.202915118605316280e+01,1.246134435250928263e+01
4.204915690197199041e+01,1.205182833916871488e+01
4.206916261789082512e+01,1.231912271421357374e+01
4.208916833380965983e+01,1.347973928737938820e+01
4.210917404972849454e+01,1.319757990071505205e+01
4.212917976564732925e+01,1.291449939531993607e+01
4.214918548156616396e+01,1.322707744427684062e+01
4.216919119748499867e+01,1.222867268639221727e+01
4.218919691340383338e+01,1.268794186477052932e+01
4.220920262932266809e+01,1.212621313853902016e+01
4.222920834524150280e+01,1.250141628672164806e+01
4.224921406116033040e+01,1.261382432721595848e+01
4.226921977707916511e+01,1.197684539372868606e+01
4.228922549299799982e+01,1.208295136164423056e+01
4.230923120891683453e+01,1.226849403793484150e+01
4.232923692483566924e+01,1.227343265104231307e+01
4.234924264075450395e+01,1.265530274081515216e+01
4.236924835667333866e+01,1.245724580094588063e+01
4.238925407259217337e+01,1.282826876038451225e+01
4.240925978851100808e+01,1.377526334630480598e+01
4.242926550442983569e+01,1.385327933319713445e+01
4.244927122034867040e+01,1.306965578121700666e+01
4.246927693626750511e+01,1.343010292633757530e+01
4.248928265218633982e+01,1.436812879560061162e+01
4.250928836810517453e+01,1.495219694119485609e+01
4.252929408402400924e+01,1.431388249304266935e+01
4.254929979994284395e+01,1.533046494256593206e+01
4.256930551586167866e+01,1.632426505070020895e+01
4.258931123178051337e+01,1.604169553396968695e+01
4.260931694769934097e+01,1.668091118236254289e+01
4.262932266361817568e+01,1.725734995049954534e+01
4.264932837953701039e+01,1.775966609658251372e+01
4.266933409545584510e+01,1.819020003772046579e+01
4.268933981137467981e+01,1.796768061285625961e+01
4.270934552729351452e+01,1.898405829410005552e+01
4.272935124321234923e+01,1.920167996111455366e+01
4.274935695913118394e+01,1.980939963085526045e+01
4.276936267505001865e+01,1.944094541722778402e+01
4.278936839096885336e+01,2.040167577567664736e+01
4.280937410688768097e+01,2.106385311068677879e+01
4.282937982280651568e+01,2.110668896064433397e+01
4.284938553872535039e+01,2.016406158690548267e+01
4.286939125464418510e+01,2.131595964033517632e+01
4.288939697056301981e+01,2.102329255904495753e+01
4.290940268648185452e+01,2.123226716891655030e+01
4.292940840240068923e+01,2.041227404828799763e+01
4.294941411831952394e+01,2.123267037748632902e+01
4.296941983423835865e+01,2.071720380076286716e+01
4.298942555015718625e+01,2.073114389279241365e+01
4.300943126607602096e+01,1.986994442889540480e+01
4.302943698199485567e+01,1.926992438348110781e+01
4.304944269791369038e+01,1.904202889743897131e+01
4.306944841383252509e+01,1.945271066983837827e+01
4.308945412975135980e+01,1.896710080576845314e+01
4.310945984567019451e+01,1.819494898607115374e+01
4.312946556158902922e+01,1.832858686969522566e+01
4.314947127750786393e+01,1.852362061529827386e+01
4.316947699342669864e+01,1.746780923447074940e+01
4.318948270934552625e+01,1.701067045186919913e+01
4.320948842526436096e+01,1.622256010018176298e+01
4.322949414118319567e+01,1.603057334601538741e+01
4.324949985710203038e+01,1.680997968333828041e+01
4.326950557302086509e+01,1.658777740572796944e+01
4.328951128893969980e+01,1.624688429782347043e+01
4.330951700485853451e+01,1.581718391950488822e+01
4.332952272077736922e+01,1.547194024665136958e+01
4.334952843669620393e+01,1.487475613884241099e+01
4.336953415261503153e+01,1.492021470672934313e+01
4.338953986853386624e+01,1.457990693798570447e+01
4.340954558445270095e+01,1.451108169357397415e+01
4.342955130037153566e+01,1.417389233058989717e+01
4.344955701629037037e+01,1.337202876395750906e+01
4.346956273220920508e+01,1.375467489995652137e+01
4.348956844812803979e+01,1.418785245773496939e+01
4.350957416404687450e+01,1.422169409973816911e+01
4.352957987996570921e+01,1.341851049609620361e+01
4.354958559588453681e+01,1.404397593660241661e+01
4.356959131180337153e+01,1.408590877428081001e+01
4.358959702772220624e+01,1.333489557872822928e+01
4.360960274364104095e+01,1.321628493002470250e+01
4.362960845955987566e+01,1.386976442982193802e+01
4.364961417547871037e+01,1.296908266254265030e+01
4.366961989139754508e+01,1.344010961490000255e+01
4.368962560731637979e+01,1.369843761207069832e+01
4.370963132323521450e+01,1.350047872126313031e+01
4.372963703915404921e+01,1.283874324357744001e+01
4.374964275507287681e+01,1.368880835366862669e+01
4.376964847099171152e+01,1.405654988930009353e+01
4.378965418691054623e+01,1.342775259961205947e+01
4.380965990282938094e+01,1.357774401282884469e+01
4.382966561874821565e+01,1.419001942004731376e+01
4.384967133466705036e+01,1.347075113662270240e+01
4.386967705058588507e+01,1.358932377237113442e+01
4.388968276650471978e+01,1.384513808612061148e+01
4.390968848242355449e+01,1.430875452718179019e+01
4.392969419834238209e+01,1.392358495572220178e+01
4.394969991426121680e+01,1.346797277057817155e+01
4.396970563018005151e+01,1.350253865718072532e+01
4.398971134609888622e+01,1.348078612202709436e+01
4.400971706201772093e+01,1.262168623616427254e+01
4.402972277793655564e+01,1.285888933615823326e+01
4.404972849385539035e+01,1.200574727314941370e+01
4.406973420977422506e+01,1.172944623709622114e+01
4.408973992569305977e+01,1.239184131952493928e+01
4.410974564161189448e+01,1.138820346480072487e+01
4.412975135753072209e+01,1.174140919377860470e+01
4.414975707344955680e+01,1.213719514019624057e+01
4.416976278936839151e+01,1.053939217106294279e+01
4.418976850528722622e+01,1.088728939506376392e+01
4.420977422120606093e+01,1.048251011140498257e+01
4.422977993712489564e+01,1.058560945043506507e+01
4.424978565304373035e+01,1.029483037787637123e+01
4.426979136896256506e+01,9.643709424765358307e+00
4.428979708488139977e+01,9.271225932019893534e+00
4.430980280080022737e+01,9.390336798478250202e+00
4.432980851671906208e+01,9.819858797425602859e+00
4.434981423263789679e+01,9.613679016679608225e+00
4.436981994855673150e+01,9.286845350606160565e+00
4.438982566447556621e+01,9.056588506325176979e+00
4.440983138039440092e+01,8.059645214592078943e+00
4.442983709631323563e+01,8.346360157032453486e+00
4.444984281223207034e+01,7.556250702682399734e+00
4.446984852815090505e+01,7.863139742968535018e+00
4.448985424406973266e+01,7.782019416637962372e+00
4.450985995998856737e+01,7.577821335091099897e+00
4.452986567590740208e+01,7.837736682054494253e+00
4.454987139182623679e+01,7.910793627732266131e+00
4.456987710774507150e+01,7.380776944534872541e+00
4.458988282366390621e+01,8.017164748534732155e+00
4.460988853958274092e+01,8.105181164715174802e+00
4.462989425550157563e+01,7.715566052476907188e+00
4.464989997142041034e+01,8.364723946852684833e+00
4.466990568733924505e+01,7.025884608619610283e+00
4.468991140325807265e+01,7.509880207401742780e+00
4.470991711917690736e+01,7.786256538950329542e+00
4.472992283509574207e+01,7.725962399339238118e+00
4.474992855101457678e+01,8.003681543831612899e+00
4.476993426693341149e+01,7.122141383247415192e+00
4.478993998285224620e+01,7.586906025083902882e+00
4.480994569877108091e+01,8.315225930889971195e+00
4.482995141468991562e+01,7.647117277092401189e+00
4.484995713060875033e+01,7.286258673660585217e+00
4.486996284652757794e+01,8.749505277343656573e+00
4.488996856244641265e+01,8.427234740573339877e+00
4.490997427836524736e+01,8.812680187813183963e+00
4.492997999428408207e+01,7.886049267656247252e+00
4.494998571020291678e+01,7.556667729717661430e+00
4.496999142612175149e+01,8.817393412479983539e+00
4.498999714204058620e+01,8.182767851270138948e+00
4.501000285795942091e+01,8.283445476100339988e+00
4.503000857387825562e+01,8.382998670635322114e+00
4.505001428979709033e+01,8.576159663315953807e+00
4.507002000571591793e+01,8.139248212020625317e+00
4.509002572163475264e+01,8.332508531680948849e+00
4.511003143755358735e+01,8.478914882290370159e+00
4.513003715347242206e+01,9.146584561251813739e+00
4.515004286939125677e+01,9.379101095933505050e+00
4.517004858531009148e+01,8.944815080650165839e+00
4.519005430122892619e+01,8.834887045371315750e+00
4.521006001714776090e+01,9.347939095940329679e+00
4.523006573306659561e+01,9.233344495037062671e+00
4.525007144898542322e+01,8.551399101690833504e+00
4.527007716490425793e+01,9.198394121499335441e+00
4.529008288082309264e+01,8.957647779153422363e+00
4.531008859674192735e+01,8.984028500657576188e+00
4.533009431266076206e+01,9.903228445863366147e+00
4.535010002857959677e+01,9.715755296969504684e+00
4.537010574449843148e+01,9.045093556090224141e+00
4.539011146041726619e+01,1.001035142367342523e+01
4.541011717633610090e+01,9.973206114635768671e+00
4.543012289225492850e+01,1.007129747972087230e+01
4.545012860817376321e+01,1.135140997804773733e+01
4.547013432409259792e+01,1.061552375691239014e+01
4.549014004001143263e+01,1.158105985188223563e+01
4.551014575593026734e+01,1.170041158076587351e+01
4.553015147184910205e+01,1.174342761448044747e+01
4.555015718776793676e+01,1.126163078885233837e+01
4.557016290368677147e+01,1.217645635158032391e+01
4.559016861960560618e+01,1.178623928690431200e+01
4.561017433552444089e+01,1.263447631950493388e+01
4.563018005144326850e+01,1.244059624406271602e+01
4.565018576736210321e+01,1.336107932800799425e+01
4.567019148328093792e+01,1.331439686958775503e+01
4.569019719919977263e+01,1.385582769226935440e+01
4.571020291511860734e+01,1.459224789719929660e+01
4.573020863103744205e+01,1.404436489804787058e+01
4.575021434695627676e+01,1.376299993207926597e+01
4.577022006287511147e+01,1.447333539197803987e+01
4.579022577879394618e+01,1.463577702156799987e+01
4.581023149471277378e+01,1.418569640066529303e+01
4.583023721063160849e+01,1.424460054440891810e+01
4.585024292655044320e+01,1.549410256398660657e+01
4.587024864246927791e+01,1.528011508059480228e+01
4.589025435838811262e+01,1.462191947558167371e+01
4.591026007430694733e+01,1.501530982903796030e+01
4.593026579022578204e+01,1.442421333472073286e+01
4.595027150614461675e+01,1.408668818717348259e+01
4.597027722206345146e+01,1.482479120794635818e+01
4.599028293798228617e+01,1.499329950082545437e+01
4.601028865390111378e+01,1.456512781418219760e+01
4.603029436981994849e+01,1.435079146934514327e+01
4.605030008573878320e+01,1.424155129717604140e+01
4.607030580165761791e+01,1.367676107821139553e+01
4.609031151757645262e+01,1.342318515767220966e+01
4.611031723349528733e+01,1.378021722940772875e+01
4.613032294941412204e+01,1.441171758757526078e+01
4.615032866533295675e+01,1.468454879159481052e+01
4.617033438125179146e+01,1.409446411880330530e+01
4.619034009717061906e+01,1.514893937777942057e+01
4.621034581308945377e+01,1.495357599850050079e+01
4.623035152900828848e+01,1.473039165176689025e+01
4.625035724492712319e+01,1.492453571171886395e+01
4.627036296084595790e+01,1.518959972869859065e+01
4.629036867676479261e+01,1.586100831164543479e+01
4.631037439268362732e+01,1.612520205672205265e+01
4.633038010860246203e+01,1.587081885597445918e+01
4.635038582452129674e+01,1.592626737462723163e+01
4.637039154044012434e+01,1.612501502380964524e+01
4.639039725635895905e+01,1.691191886611411377e+01
4.641040297227779376e+01,1.730466176639284726e+01
4.643040868819662847e+01,1.726773741697410358e+01
4.645041440411546319e+01,1.671177308020042318e+01
4.647042012003429790e+01,1.722270086658829058e+01
4.649042583595313261e+01,1.683086337002204047e+01
4.651043155187196732e+01,1.759916220269199272e+01
4.653043726779080203e+01,1.747445817334966733e+01
4.655044298370963674e+01,1.733407038730549488e+01
4.657044869962846434e+01,1.685976996170707309e+01
4.659045441554729905e+01,1.726274794703331850e+01
4.661046013146613376e+01,1.810089093547176731e+01
4.663046584738496847e+01,1.756712807322047354e+01
4.665047156330380318e+01,1.737626870761969400e+01
4.667047727922263789e+01,1.780163386106946177e+01
4.669048299514147260e+01,1.772196360210145372e+01
4.671048871106030731e+01,1.780402076859197180e+01
4.673049442697914202e+01,1.857906369869622409e+01
4.675050014289796962e+01,1.876728891645482378e+01
4.677050585881680433e+01,1.851398599361821695e+01
4.679051157473563904e+01,1.906448070099588676e+01
4.681051729065447375e+01,1.876093489101990031e+01
4.683052300657330846e+01,1.959064659791376783e+01
4.685052872249214317e+01,1.872597625853065040e+01
4.687053443841097788e+01,1.911409635394029749e+01
4.689054015432981259e+01,1.975564109802501278e+01
4.691054587024864730e+01,2.061152725460849311e+01
4.693055158616748201e+01,1.941591502141190517e+01
4.695055730208630962e+01,1.961549663007939870e+01
4.697056301800514433e+01,1.989463632662144121e+01
4.699056873392397904e+01,2.017954021201656900e+01
4.701057444984281375e+01,1.979116094581439711e+01
4.703058016576164846e+01,1.893151409711879296e+01
4.705058588168048317e+01,1.931493661171907306e+01
4.707059159759931788e+01,1.846257711186976991e+01
4.709059731351815259e+01,1.774582511378588379e+01
4.711060302943698730e+01,1.802121861919391677e+01
4.713060874535581490e+01,1.752435468029899823e+01
4.715061446127464961e+01,1.675071345167147996e+01
4.717062017719348432e+01,1.659465081870103020e+01
4.719062589311231903e+01,1.626275765496477987e+01
4.721063160903115374e+01,1.553485059749303687e+01
4.723063732494998845e+01,1.541683994324659501e+01
4.725064304086882316e+01,1.520150773217044460e+01
4.727064875678765787e+01,1.445803111277760244e+01
4.729065447270649258e+01,1.432498307641202118e+01
4.731066018862532019e+01,1.384649346961098004e+01
4.733066590454415490e+01,1.326784310508555720e+01
4.735067162046298961e+01,1.323703116243918920e+01
4.737067733638182432e+01,1.279982027763822572e+01
4.739068305230065903e+01,1.234333852664051356e+01
4.741068876821949374e+01,1.142286093761396870e+01
4.743069448413832845e+01,1.116832777755341866e+01
4.745070020005716316e+01,1.066613643247587362e+01
4.747070591597599787e+01,1.093210826547184844e+01
4.749071163189483258e+01,1.050775985424305858e+01
4.751071734781366018e+01,9.968564634258974877e+00
4.753072306373249489e+01,1.009027957134554754e+01
4.755072877965132960e+01,1.040253774285165278e+01
4.757073449557016431e+01,9.147602319530532711e+00
4.759074021148899902e+01,9.109476473709241517e+00
4.761074592740783373e+01,9.236691128218602387e+00
4.763075164332666844e+01,8.694504120140205572e+00
4.765075735924550315e+01,8.898388984329287155e+00
4.767076307516433786e+01,9.249957458884967565e+00
4.769076879108316547e+01,8.900051019582676304e+00
4.771077450700200018e+01,8.799673610578778948e+00
4.773078022292083489e+01,9.900731726453569692e+00
4.775078593883966960e+01,8.944086699680678265e+00
4.777079165475850431e+01,8.729667997674795288e+00
4.779079737067733902e+01,8.766397216059143460e+00
4.781080308659617373e+01,9.219838547922268646e+00
4.783080880251500844e+01,9.248859205262835559e+00
4.785081451843384315e+01,9.222460207004784749e+00
4.787082023435267075e+01,9.386624363863703024e+00
4.789082595027150546e+01,8.843821958741560962e+00
4.791083166619034017e+01,8.850132938842804720e+00
4.793083738210917488e+01,8.747393457034633002e+00
4.795084309802800959e+01,8.895414878186148400e+00
4.797084881394684430e+01,9.569823084070257835e+00
4.799085452986567901e+01,1.007754718196444443e+01
4.801086024578451372e+01,9.770146945850321174e+00
4.803086596170334843e+01,9.177215346881350655e+00
4.805087167762218314e+01,9.240382079873544541e+00
4.807087739354101075e+01,9.426632647428665024e+00
4.809088310945984546e+01,9.223862565647660716e+00
4.811088882537868017e+01,9.894488633431759439e+00
4.813089454129751488e+01,9.910746594167887835e+00
4.815090025721634959e+01,9.995344410410295310e+00
4.817090597313518430e+01,1.024195713479533154e+01
4.819091168905401901e+01,1.058876988762537508e+01
4.821091740497285372e+01,9.956315428909672249e+00
4.823092312089168843e+01,1.053739744028409042e+01
4.825092883681051603e+01,1.057506517498715937e+01
4.827093455272935074e+01,1.095564756936855488e+01
4.829094026864818545e+01,1.123525336183420720e+01
4.831094598456702016e+01,1.056593090482991748e+01
4.833095170048585487e+01,1.058949096241186894e+01
4.835095741640468958e+01,1.078569589803921502e+01
4.837096313232352429e+01,1.154040645111655294e+01
4.839096884824235900e+01,1.045564710535481368e+01
4.841097456416119371e+01,1.176210776880446218e+01
4.843098028008002842e+01,1.060461270047828464e+01
4.845098599599885603e+01,1.115214291596563712e+01
4.847099171191769074e+01,1.166130310921776569e+01
4.849099742783652545e+01,1.250025809312192493e+01
4.851100314375536016e+01,1.171007708720250662e+01
4.853100885967419487e+01,1.254691715232266347e+01
4.855101457559302958e+01,1.343110739201830839e+01
4.857102029151186429e+01,1.309231856715718934e+01
4.859102600743069900e+01,1.304854422649426127e+01
4.861103172334953371e+01,1.411260580723822855e+01
4.863103743926836131e+01,1.427466046045354275e+01
4.865104315518719602e+01,1.389086298145323717e+01
4.867104887110603073e+01,1.477907613904194761e+01
4.869105458702486544e+01,1.439561489543751982e+01
4.871106030294370015e+01,1.561275240322671998e+01
4.873106601886253486e+01,1.529111283417411826e+01
4.875107173478136957e+01,1.514517113610039978e+01
4.877107745070020428e+01,1.594739648655614772e+01
4.879108316661903899e+01,1.608592191823154494e+01
4.881108888253786660e+01,1.598812629511884609e+01
4.883109459845670131e+01,1.646973857569463462e+01
4.885110031437553602e+01,1.710250060014130824e+01
4.887110603029437073e+01,1.710181195397298737e+01
4.889111174621320544e+01,1.722972564840356569e+01
4.891111746213204015e+01,1.758795280220628854e+01
4.893112317805087486e+01,1.795462223925306233e+01
4.895112889396970957e+01,1.795183057509387581e+01
4.897113460988854428e+01,1.817140214374968465e+01
4.899114032580737899e+01,1.817013047573574624e+01
4.901114604172620659e+01,1.859371905944385972e+01
4.903115175764504130e+01,1.821623624699303434e+01
4.905115747356387601e+01,1.796794541677633461e+01
4.907116318948271072e+01,1.806070587939634109e+01
4.909116890540154543e+01,1.764873718077539877e+01
4.911117462132038014e+01,1.732739091772275586e+01
4.913118033723921485e+01,1.703709938469507890e+01
4.915118605315804956e+01,1.761044267661167595e+01
4.917119176907688427e+01,1.681006006805242947e+01
4.919119748499571187e+01,1.668730829518786862e+01
4.921120320091454658e+01,1.620271601502439296e+01
4.923120891683338129e+01,1.605090191270944899e+01
4.925121463275221600e+01,1.513256727885341135e+01
4.927122034867105071e+01,1.558964168761290736e+01
4.929122606458988542e+01,1.460987378331614295e+01
4.931123178050872014e+01,1.433980778916691712e+01
4.933123749642755485e+01,1.386397001285694763e+01
4.935124321234638956e+01,1.371844106908444516e+01
4.937124892826522427e+01,1.377830278086207727e+01
4.939125464418405187e+01,1.333850548360456045e+01
4.941126036010288658e+01,1.257639666927119748e+01
4.943126607602172129e+01,1.269387585034045429e+01
4.945127179194055600e+01,1.294693100182585432e+01
4.947127750785939071e+01,1.228296350760567890e+01
4.949128322377822542e+01,1.182241344040687636e+01
4.951128893969706013e+01,1.231490188452157142e+01
4.953129465561589484e+01,1.145712573197887352e+01
4.955130037153472955e+01,1.141386021550713536e+01
4.957130608745355715e+01,1.072693087346154783e+01
4.959131180337239186e+01,1.204008000524112987e+01
4.961131751929122657e+01,1.144959019803072842e+01
4.963132323521006128e+01,1.094910435217970957e+01
4.965132895112889599e+01,1.157789267743147477e+01
4.967133466704773070e+01,1.089351033074465747e+01
4.969134038296656541e+01,1.204050959602220416e+01
4.971134609888540012e+01,1.169184513237467371e+01
4.973135181480423483e+01,1.191780811957460884e+01
4.975135753072306244e+01,1.125073346949581321e+01
4.977136324664189715e+01,1.189815375303390965e+01
4.979136896256073186e+01,1.083380945233399473e+01
4.981137467847956657e+01,1.150090611958723841e+01
4.983138039439840128e+01,1.199847451122242603e+01
4.985138611031723599e+01,1.208647058956108822e+01
4.987139182623607070e+01,1.208437170303082198e+01
4.989139754215490541e+01,1.144953562337246211e+01
4.991140325807374012e+01,1.128560929876329411e+01
4.993140897399257483e+01,1.156373972783871906e+01
4.995141468991140243e+01,1.150299670459394008e+01
4.997142040583023714e+01,1.191550387688105239e+01
4.999142612174907185e+01,1.127195353055839533e+01
5.001143183766790656e+01,1.155469565443117119e+01
5.003143755358674127e+01,1.100756534428784406e+01
5.005144326950557598e+01,1.148803859125267657e+01
5.007144898542441069e+01,1.198570688095395731e+01
5.009145470134324540e+01,1.171763811278816192e+01
5.011146041726208011e+01,1.229638017534789363e+01
5.013146613318090772e+01,1.241832052247082530e+01
5.015147184909974243e+01,1.183283122894190953e+01
5.017147756501857714e+01,1.261814236207731810e+01
5.019148328093741185e+01,1.179302388610146046e+01
5.021148899685624656e+01,1.222798587389711145e+01
5.023149471277508127e+01,1.196526114295988386e+01
5.025150042869391598e+01,1.168239138838314695e+01
5.027150614461275069e+01,1.236391766817758331e+01
5.029151186053158540e+01,1.272947081461273378e+01
5.031151757645042011e+01,1.245120540192292680e+01
5.033152329236924771e+01,1.194898449449603994e+01
5.035152900828808242e+01,1.308588439485237842e+01
5.037153472420691713e+01,1.267902799814406123e+01
5.039154044012575184e+01,1.287115472471914757e+01
5.041154615604458655e+01,1.285193009065894287e+01
5.043155187196342126e+01,1.260499483722715475e+01
5.045155758788225597e+01,1.198793990120645780e+01
5.047156330380109068e+01,1.246775426736567383e+01
5.049156901971992539e+01,1.319147056573382670e+01
5.051157473563875300e+01,1.221216700873237926e+01
5.053158045155758771e+01,1.229619488589442255e+01
5.055158616747642242e+01,1.313247711210541979e+01
5.057159188339525713e+01,1.209064368648300380e+01
5.059159759931409184e+01,1.242248217726998583e+01
5.061160331523292655e+01,1.305205143001425583e+01
5.063160903115176126e+01,1.244624074199399288e+01
5.065161474707059597e+01,1.295473631247334723e+01
5.067162046298943068e+01,1.288120065737122211e+01
5.069162617890825828e+01,1.196665800927662815e+01
5.071163189482709299e+01,1.203414193543489930e+01
5.073163761074592770e+01,1.175072029678394436e+01
5.075164332666476241e+01,1.235877156012331568e+01
5.077164904258359712e+01,1.189453249483935160e+01
5.079165475850243183e+01,1.187577566001416507e+01
5.081166047442126654e+01,1.121797110121197250e+01
5.083166619034010125e+01,1.235047248004072884e+01
5.085167190625893596e+01,1.171474261542809359e+01
5.087167762217777067e+01,1.105033405855905571e+01
5.089168333809659828e+01,1.146185630264954902e+01
5.091168905401543299e+01,1.140328492922540704e+01
5.093169476993426770e+01,1.059772953590406530e+01
5.095170048585310241e+01,1.008401159481243425e+01
5.097170620177193712e+01,1.124452914956538052e+01
5.099171191769077183e+01,1.060090317671375360e+01
5.101171763360960654e+01,1.090532333448177660e+01
5.103172334952844125e+01,1.001184847545351175e+01
5.105172906544727596e+01,1.045493808450238582e+01
5.107173478136610356e+01,1.019212024117377169e+01
5.109174049728493827e+01,1.052278357718333623e+01
5.111174621320377298e+01,1.063610984196829534e+01
5.113175192912260769e+01,1.131203633599927905e+01
5.115175764504144240e+01,1.078409987496454647e+01
5.117176336096027711e+01,1.047701875864429510e+01
5.119176907687911182e+01,1.065637815866766402e+01
5.121177479279794653e+01,1.120137104321348609e+01
5.123178050871678124e+01,1.105233989917774196e+01
5.125178622463561595e+01,1.134992791355772468e+01
5.127179194055444356e+01,1.063776682278756525e+01
5.129179765647327827e+01,1.109895874714991670e+01
5.131180337239211298e+01,1.065108297659712377e+01
5.133180908831094769e+01,1.031062374001927751e+01
5.135181480422978240e+01,1.082864219009343465e+01
5.137182052014861711e+01,1.049388506059503534e+01
5.139182623606745182e+01,1.138672257696305223e+01
5.141183195198628653e+01,1.089338931501501406e+01
5.143183766790512124e+01,1.131806514178495959e+01
5.145184338382394884e+01,1.072964507627061970e+01
5.147184909974278355e+01,1.112589278927343450e+01
5.149185481566161826e+01,1.058480304460340804e+01
5.151186053158045297e+01,1.135564380062868572e+01
5.153186624749928768e+01,1.104826617438316916e+01
5.155187196341812239e+01,1.104960262564451412e+01
5.157187767933695710e+01,1.130839253620036544e+01
5.159188339525579181e+01,1.075565918721271430e+01
5.161188911117462652e+01,1.091234694749468126e+01
5.163189482709345413e+01,1.095755362625097895e+01
5.165190054301228884e+01,1.014383970335968854e+01
5.167190625893112355e+01,1.069524663923434282e+01
5.169191197484995826e+01,9.971617337615986898e+00
5.171191769076879297e+01,1.102379169025067185e+01
5.173192340668762768e+01,1.147231920590800236e+01
5.175192912260646239e+01,1.132748783596543873e+01
5.177193483852529710e+01,1.129191700276835419e+01
5.179194055444413181e+01,9.907721199304136306e+00
5.181194627036296652e+01,1.019884108162414904e+01
5.183195198628179412e+01,1.026297175499911773e+01
5.185195770220062883e+01,1.087124955189259090e+01
5.187196341811946354e+01,1.140342728257658678e+01
5.189196913403829825e+01,1.052275953920013940e+01
5.191197484995713296e+01,1.142221621548880073e+01
5.193198056587596767e+01,1.128980383217202998e+01
5.195198628179480238e+01,1.175083103895627090e+01
5.197199199771363709e+01,1.132406438616983557e+01
5.199199771363247180e+01,1.161966362223946092e+01
5.201200342955129940e+01,1.190815105010228692e+01
5.203200914547013411e+01,1.085156340369900896e+01
5.205201486138896882e+01,1.090492148870628597e+01
5.207202057730780353e+01,1.191904669093017333e+01
5.209202629322663824e+01,1.096892436159973272e+01
5.211203200914547295e+01,1.125845680358331435e+01
5.213203772506430766e+01,1.138562350173020477e+01
5.215204344098314237e+01,1.236291483022697690e+01
5.217204915690197708e+01,1.218490108816579109e+01
5.219205487282081180e+01,1.252366406539869814e+01
5.221206058873963940e+01,1.238954318038358338e+01
5.223206630465847411e+01,1.270157345298598628e+01
5.225207202057730882e+01,1.168354299084014158e+01
5.227207773649614353e+01,1.264285769338301080e+01
5.229208345241497824e+01,1.150934437280050560e+01
5.231208916833381295e+01,1.238405736399418267e+01
5.233209488425264766e+01,1.254291152266753429e+01
5.235210060017148237e+01,1.228453307238698322e+01
5.237210631609031708e+01,1.245331711974792910e+01
5.239211203200914468e+01,1.244433694642778221e+01
5.241211774792797939e+01,1.303053772648572028e+01
5.243212346384681410e+01,1.254228908338209969e+01
5.245212917976564881e+01,1.261255846382630708e+01
5.247213489568448352e+01,1.326124105842790790e+01
5.249214061160331823e+01,1.285009329098239661e+01
5.251214632752215294e+01,1.178460757429693295e+01
5.253215204344098765e+01,1.275979044370968651e+01
5.255215775935982236e+01,1.206189123742696623e+01
5.257216347527864997e+01,1.238713447790402356e+01
5.259216919119748468e+01,1.154593425872285728e+01
5.261217490711631939e+01,1.191088580820923326e+01
5.263218062303515410e+01,1.125806567979503470e+01
5.265218633895398881e+01,1.207796700984856564e+01
5.267219205487282352e+01,1.119535990439597306e+01
5.269219777079165823e+01,1.093723321676159621e+01
5.271220348671049294e+01,1.146835114443402226e+01
5.273220920262932765e+01,1.053136689029173922e+01
5.275221491854816236e+01,1.175582386731555573e+01
5.277222063446698996e+01,1.046027322377136493e+01
5.279222635038582467e+01,1.149070702765139629e+01
5.281223206630465938e+01,1.081628432572553145e+01
5.283223778222349409e+01,1.085237019497741784e+01
5.285224349814232880e+01,1.103292490624895805e+01
5.287224921406116351e+01,1.116812200542676159e+01
5.289225492997999822e+01,1.104242850153937638e+01
5.291226064589883293e+01,1.012260118333907144e+01
5.293226636181766764e+01,1.101086116918422775e+01
5.295227207773649525e+01,1.042423547381505244e+01
5.297227779365532996e+01,1.018376905894779938e+01
5.299228350957416467e+01,1.110932339128735435e+01
5.301228922549299938e+01,1.045249835612109734e+01
5.303229494141183409e+01,1.030794785925259482e+01
5.305230065733066880e+01,1.120381781237372465e+01
5.307230637324950351e+01,1.167824191615132534e+01
5.309231208916833822e+01,1.082693142969211131e+01
5.311231780508717293e+01,1.118178356883732505e+01
5.313232352100600764e+01,1.092070556904678291e+01
5.315232923692483524e+01,1.052625453207671491e+01
5.317233495284366995e+01,1.119884066187789706e+01
5.319234066876250466e+01,1.090722177255356051e+01
5.321234638468133937e+01,1.091812729992153308e+01
5.323235210060017408e+01,1.019724769405719300e+01
5.325235781651900879e+01,1.069568616537192440e+01
5.327236353243784350e+01,1.033007041905996992e+01
5.329236924835667821e+01,9.314083991287873232e+00
5.331237496427551292e+01,9.299987976251125943e+00
5.333238068019434053e+01,9.322173061341812783e+00
5.335238639611317524e+01,9.265707673803181166e+00
5.337239211203200995e+01,9.203781347432069992e+00
5.339239782795084466e+01,9.150431137556138239e+00
5.341240354386967937e+01,9.208251711789685601e+00
5.343240925978851408e+01,9.047783958954331851e+00
5.345241497570734879e+01,8.467288652668827353e+00
5.347242069162618350e+01,8.951963644012975507e+00
5.349242640754501821e+01,7.849301745732422120e+00
5.351243212346384581e+01,8.597647686459833238e+00
5.353243783938268052e+01,7.737444989600596124e+00
5.355244355530151523e+01,8.089252019338395883e+00
5.357244927122034994e+01,7.852294701555324608e+00
5.359245498713918465e+01,8.912593202809155457e+00
5.361246070305801936e+01,7.807661028468346309e+00
5.363246641897685407e+01,8.367181425653168247e+00
5.365247213489568878e+01,8.096563241990875071e+00
5.367247785081452349e+01,8.156735263571418315e+00
5.369248356673335820e+01,7.842056523501418575e+00
5.371248928265218581e+01,7.938726871391342144e+00
5.373249499857102052e+01,8.155232743789525784e+00
5.375250071448985523e+01,8.516587310645352460e+00
5.377250643040868994e+01,8.631467684111324701e+00
5.379251214632752465e+01,8.569951184055510041e+00
5.381251786224635936e+01,8.341038383184045557e+00
5.383252357816519407e+01,8.536109799321952352e+00
5.385252929408402878e+01,8.735791149292513325e+00
5.387253501000286349e+01,9.354399038765901508e+00
5.389254072592169109e+01,9.417365778929717379e+00
5.391254644184052580e+01,8.931273594281829986e+00
5.393255215775936051e+01,9.712512640473963899e+00
5.395255787367819522e+01,1.028949703861441733e+01
5.397256358959702993e+01,1.100653785511209648e+01
5.399256930551586464e+01,1.069413331370578391e+01
5.401257502143469935e+01,1.115613212844772306e+01
5.403258073735353406e+01,1.169826260485942271e+01
5.405258645327236877e+01,1.183321754559014849e+01
5.407259216919120348e+01,1.154681509465070555e+01
5.409259788511003109e+01,1.211859830456529608e+01
5.411260360102886580e+01,1.236196704131730151e+01
5.413260931694770051e+01,1.215305129609680002e+01
5.415261503286653522e+01,1.307895949610882269e+01
5.417262074878536993e+01,1.337615012515082569e+01
5.419262646470420464e+01,1.256941064379894435e+01
5.421263218062303935e+01,1.337836431084738287e+01
5.423263789654187406e+01,1.343267316827713564e+01
5.425264361246070877e+01,1.310822495587821024e+01
5.427264932837953637e+01,1.344468458003687061e+01
5.429265504429837108e+01,1.326685000278397908e+01
5.431266076021720579e+01,1.295510908891403368e+01
5.433266647613604050e+01,1.300958459642937726e+01
5.435267219205487521e+01,1.361537111202436634e+01
5.437267790797370992e+01,1.314367611690939874e+01
5.439268362389254463e+01,1.370124671117998361e+01
5.441268933981137934e+01,1.361022685501026430e+01
5.443269505573021405e+01,1.295161757950967285e+01
5.445270077164904166e+01,1.380415383265185270e+01
5.447270648756787637e+01,1.294255533350593979e+01
5.449271220348671108e+01,1.300452198842861939e+01
5.451271791940554579e+01,1.317351015908669609e+01
5.453272363532438050e+01,1.271560221576044114e+01
5.455272935124321521e+01,1.291110368550321397e+01
5.457273506716204992e+01,1.186780105747319780e+01
5.459274078308088463e+01,1.308882605055972448e+01
5.461274649899971934e+01,1.208030146657978321e+01
5.463275221491855405e+01,1.143497961037896005e+01
5.465275793083738165e+01,1.225062366313938256e+01
5.467276364675621636e+01,1.212587841839541625e+01
5.469276936267505107e+01,1.203553394305101953e+01
5.471277507859388578e+01,1.236795490922972007e+01
5.473278079451272049e+01,1.170425355228849185e+01
5.475278651043155520e+01,1.111249811738460025e+01
5.477279222635038991e+01,1.191334213968526079e+01
5.479279794226922462e+01,1.227976829583225538e+01
5.481280365818805933e+01,1.228471377549938914e+01
5.483280937410688693e+01,1.175737452403456196e+01
5.485281509002572164e+01,1.275355909682315314e+01
5.487282080594455635e+01,1.289149987821322441e+01
5.489282652186339106e+01,1.287389706391744326e+01
5.491283223778222577e+01,1.306361060626454318e+01
5.493283795370106048e+01,1.254768986544490161e+01
5.495284366961989519e+01,1.348406698318581221e+01
5.497284938553872990e+01,1.341704132312734110e+01
5.499285510145756461e+01,1.402465810835860616e+01
5.501286081737639222e+01,1.376119417058538730e+01
5.503286653329522693e+01,1.414372137798315165e+01
5.505287224921406164e+01,1.529216554572890452e+01
5.507287796513289635e+01,1.565644765017394846e+01
5.509288368105173106e+01,1.593934870457782260e+01
5.511288939697056577e+01,1.591708961103551090e+01
5.513289511288940048e+01,1.715454514330644997e+01
5.515290082880823519e+01,1.740174062075153216e+01
5.517290654472706990e+01,1.728342149581380838e+01
5.519291226064590461e+01,1.847062595103651716e+01
5.521291797656473221e+01,1.911027469429638614e+01
5.523292369248356692e+01,1.937788368083011648e+01
5.525292940840240163e+01,2.003095215553823039e+01
5.527293512432123634e+01,1.981725769058267872e+01
5.529294084024007105e+01,2.040356778014875516e+01
5.531294655615890576e+01,2.149673342737606418e+01
5.533295227207774047e+01,2.060176873534124553e+01
5.535295798799657518e+01,2.144801003780010618e+01
5.537296370391540989e+01,2.178196429768748743e+01
5.539296941983423750e+01,2.211243699159001608e+01
5.541297513575307221e+01,2.142585788781185485e+01
5.543298085167190692e+01,2.200970803595631509e+01
5.545298656759074163e+01,2.159226354164087525e+01
5.547299228350957634e+01,2.195449229520366430e+01
5.549299799942841105e+01,2.244349765054288071e+01
5.551300371534724576e+01,2.174125874360439070e+01
5.553300943126608047e+01,2.174168132557480959e+01
5.555301514718491518e+01,2.159098391653774485e+01
5.557302086310374989e+01,2.209507971936303505e+01
5.559302657902257749e+01,2.104131346082670362e+01
5.561303229494141220e+01,2.144582273372687453e+01
5.563303801086024691e+01,2.088674622495455324e+01
5.565304372677908162e+01,2.057414147684582417e+01
5.567304944269791633e+01,1.962238240613025653e+01
5.569305515861675104e+01,1.967716504954675116e+01
5.571306087453558575e+01,1.964196178117436631e+01
5.573306659045442046e+01,2.003202453447235598e+01
5.575307230637325517e+01,1.948753102093468215e+01
5.577307802229208278e+01,1.923145789233891989e+01
5.579308373821091749e+01,1.886566314574476877e+01
5.581308945412975220e+01,1.785511086380362400e+01
5.583309517004858691e+01,1.876991044387955299e+01
5.585310088596742162e+01,1.815726936574706940e+01
5.587310660188625633e+01,1.753773102722136912e+01
5.589311231780509104e+01,1.686190384578326018e+01
5.591311803372392575e+01,1.619941738519932528e+01
5.593312374964276046e+01,1.623694182621434123e+01
5.595312946556158806e+01,1.683084899348911279e+01
5.597313518148042277e+01,1.615687026026132145e+01
5.599314089739925748e+01,1.590990079062495965e+01
5.601314661331809219e+01,1.564829793486799048e+01
5.603315232923692690e+01,1.485998347447694812e+01
5.605315804515576161e+01,1.436850599794355077e+01
5.607316376107459632e+01,1.454287186596227954e+01
5.609316947699343103e+01,1.400063897352075237e+01
5.611317519291226574e+01,1.308566043496471920e+01
5.613318090883110045e+01,1.383208869368839444e+01
5.615318662474992806e+01,1.307924941284976228e+01
5.617319234066876277e+01,1.286375280632104712e+01
5.619319805658759748e+01,1.272647087197168503e+01
5.621320377250643219e+01,1.286820411343124348e+01
5.623320948842526690e+01,1.202525617519571099e+01
5.625321520434410161e+01,1.231500216735382303e+01
5.627322092026293632e+01,1.302091376802677658e+01
5.629322663618177103e+01,1.250246581352642394e+01
5.631323235210060574e+01,1.297651003472454967e+01
5.633323806801943334e+01,1.206279421661587214e+01
5.635324378393826805e+01,1.304967171551174765e+01
5.637324949985710276e+01,1.264441355793716149e+01
5.639325521577593747e+01,1.265300600024863265e+01
5.641326093169477218e+01,1.264634826491057140e+01
5.643326664761360689e+01,1.232465408880279867e+01
5.645327236353244160e+01,1.250468880971670060e+01
5.647327807945127631e+01,1.276743495655220784e+01
5.649328379537011102e+01,1.353755551108352861e+01
5.651328951128894573e+01,1.261945014809835364e+01
5.653329522720777334e+01,1.245831452970388398e+01
5.655330094312660805e+01,1.330712555087754723e+01
5.657330665904544276e+01,1.213081148540065435e+01
5.659331237496427747e+01,1.260958922660107717e+01
5.661331809088311218e+01,1.235159040043363632e+01
5.663332380680194689e+01,1.295089251502673733e+01
5.665332952272078160e+01,1.288523976166188589e+01
5.667333523863961631e+01,1.221245400188085029e+01
5.669334095455845102e+01,1.309767638532808043e+01
5.671334667047727862e+01,1.194514375817235319e+01
5.673335238639611333e+01,1.268943978367120451e+01
5.675335810231494804e+01,1.233791338722473796e+01
5.677336381823378275e+01,1.233757478277105513e+01
5.679336953415261746e+01,1.318794097799798237e+01
5.681337525007145217e+01,1.214724227164760961e+01
5.683338096599028688e+01,1.365186577132721979e+01
5.685338668190912159e+01,1.417393581869162489e+01
5.687339239782795630e+01,1.359731053101140574e+01
5.689339811374678391e+01,1.399638639981271737e+01
5.691340382966561862e+01,1.355628871778422706e+01
5.693340954558445333e+01,1.466176710238189962e+01
5.695341526150328804e+01,1.482093412677293998e+01
5.697342097742212275e+01,1.428492444527165972e+01
5.699342669334095746e+01,1.462715536629271895e+01
5.701343240925979217e+01,1.538165350219427374e+01
5.703343812517862688e+01,1.549573208791142420e+01
5.705344384109746159e+01,1.658911164024289775e+01
5.707344955701629630e+01,1.568840571403565676e+01
5.709345527293512390e+01,1.668749007395579298e+01
5.711346098885395861e+01,1.630070884175733426e+01
5.713346670477279332e+01,1.703264902889412724e+01
5.715347242069162803e+01,1.695556041086272003e+01
5.717347813661046274e+01,1.750253588713969322e+01
5.719348385252929745e+01,1.760942781018051306e+01
5.721348956844813216e+01,1.767912429807677555e+01
5.723349528436696687e+01,1.736263947955680464e+01
5.725350100028580158e+01,1.780690098320300763e+01
5.727350671620462919e+01,1.793373157775299731e+01
5.729351243212346390e+01,1.795657732229636849e+01
5.731351814804229861e+01,1.806805072020837599e+01
5.733352386396113332e+01,1.738562342540705785e+01
5.735352957987996803e+01,1.716551605797445035e+01
5.737353529579880274e+01,1.688748815254538371e+01
5.739354101171763745e+01,1.759950851093736901e+01
5.741354672763647216e+01,1.775285689012327595e+01
5.743355244355530687e+01,1.713565197520669159e+01
5.745355815947414158e+01,1.691961854226981288e+01
5.747356387539296918e+01,1.624629077988505799e+01
5.749356959131180389e+01,1.577350698439204457e+01
5.751357530723063860e+01,1.557394047127677617e+01
5.753358102314947331e+01,1.488368000918086587e+01
5.755358673906830802e+01,1.473191195321754066e+01
5.757359245498714273e+01,1.453778810466809901e+01
5.759359817090597744e+01,1.379884734235782773e+01
5.761360388682481215e+01,1.274270373585052241e+01
5.763360960274364686e+01,1.322702555463729013e+01
5.765361531866247446e+01,1.347478715870274968e+01
5.767362103458130917e+01,1.271204578935965657e+01
5.769362675050014388e+01,1.190091958580605791e+01
5.771363246641897859e+01,1.232160085472942157e+01
5.773363818233781330e+01,1.266431023355266561e+01
5.775364389825664801e+01,1.115810532665517485e+01
5.777364961417548272e+01,1.187240455012481277e+01
5.779365533009431743e+01,1.162114646484206304e+01
5.781366104601315214e+01,1.101318417551448192e+01
5.783366676193197975e+01,1.117473812418612766e+01
5.785367247785081446e+01,1.141569894021145259e+01
5.787367819376964917e+01,1.151727784164187796e+01
5.789368390968848388e+01,1.072830968237863303e+01
5.791368962560731859e+01,1.112569586937930310e+01
5.793369534152615330e+01,1.074715255545088510e+01
5.795370105744498801e+01,1.147173672554345103e+01
5.797370677336382272e+01,1.160148619837424455e+01
5.799371248928265743e+01,1.132340508425487613e+01
5.801371820520149214e+01,1.104220457725005389e+01
5.803372392112031974e+01,1.021395463396115488e+01
5.805372963703915445e+01,1.147582683612377963e+01
5.807373535295798916e+01,1.116813932839427892e+01
5.809374106887682387e+01,1.148094630608764000e+01
5.811374678479565858e+01,1.082527493424462861e+01
5.813375250071449329e+01,1.074560494665778521e+01
5.815375821663332800e+01,1.071580107543623406e+01
5.817376393255216271e+01,1.090732895995737550e+01
5.819376964847099742e+01,1.109765637352399992e+01
5.821377536438982503e+01,1.022906133225602510e+01
5.823378108030865974e+01,1.033736182526356373e+01
5.825378679622749445e+01,1.100264595824241454e+01
5.827379251214632916e+01,1.055933640063972057e+01
5.829379822806516387e+01,1.041352014525203984e+01
5.831380394398399858e+01,1.062203705494200712e+01
5.833380965990283329e+01,9.931497474508562462e+00
5.835381537582166800e+01,9.405369165367645223e+00
5.837382109174050271e+01,9.805069085446099564e+00
5.839382680765933742e+01,9.245749518689557078e+00
5.841383252357816502e+01,9.316408895787208877e+00
5.843383823949699973e+01,9.407579739102210681e+00
5.845384395541583444e+01,9.822062044722608576e+00
5.847384967133466915e+01,9.100270663730839260e+00
5.849385538725350386e+01,9.247763377293974685e+00
5.851386110317233857e+01,9.432113970208106934e+00
5.853386681909117328e+01,9.372807819160859921e+00
5.855387253501000799e+01,9.323352051779679073e+00
5.857387825092884270e+01,8.708892974792499686e+00
5.859388396684767031e+01,9.097014182908809588e+00
5.861388968276650502e+01,9.000599853615778301e+00
5.863389539868533973e+01,8.412389867622660944e+00
5.865390111460417444e+01,9.325660683342125168e+00
5.867390683052300915e+01,9.377291729248460328e+00
5.869391254644184386e+01,9.507805544299220202e+00
5.871391826236067857e+01,9.584128292182402475e+00
5.873392397827951328e+01,1.002186667876116033e+01
5.875392969419834799e+01,9.916282008261944725e+00
5.877393541011717559e+01,9.139998241753328756e+00
5.879394112603601030e+01,8.769939202744748030e+00
5.881394684195484501e+01,9.515431738903929570e+00
5.883395255787367972e+01,1.013487286232069273e+01
5.885395827379251443e+01,9.761736223875221441e+00
5.887396398971134914e+01,9.540764770746042345e+00
5.889396970563018385e+01,1.038077038553746512e+01
5.891397542154901856e+01,1.022011416305159948e+01
5.893398113746785327e+01,9.627006074116556178e+00
5.895398685338668798e+01,1.041538725547883537e+01
5.897399256930551559e+01,1.097407258222993498e+01
5.899399828522435030e+01,1.043305824337956977e+01
5.901400400114318501e+01,1.096760909637194459e+01
5.903400971706201972e+01,1.065747579954962276e+01
5.905401543298085443e+01,1.146664048370557509e+01
5.907402114889968914e+01,1.059463336301938874e+01
5.909402686481852385e+01,1.092400213769500361e+01
5.911403258073735856e+01,1.122075941780449426e+01
5.913403829665619327e+01,1.078132333260698594e+01
5.915404401257502087e+01,1.100861713843668177e+01
5.917404972849385558e+01,1.111597832126002316e+01
5.919405544441269029e+01,1.052052707849620106e+01
5.921406116033152500e+01,1.036599040479024048e+01
5.923406687625035971e+01,1.079300833784424896e+01
5.925407259216919442e+01,1.057447270244338711e+01
5.927407830808802913e+01,1.091219426711960416e+01
5.929408402400686384e+01,1.047893685658118379e+01
5.931408973992569855e+01,1.140120788600513890e+01
5.933409545584453326e+01,1.098396754234250494e+01
5.935410117176336087e+01,1.125415222688862649e+01
5.937410688768219558e+01,1.053155564753710038e+01
5.939411260360103029e+01,1.031704922093903321e+01
5.941411831951986500e+01,1.069619259964037816e+01
5.943412403543869971e+01,1.077798839661638297e+01
5.945412975135753442e+01,1.141835550110281972e+01
5.947413546727636913e+01,1.149443404967285254e+01
5.949414118319520384e+01,1.112365982329907688e+01
5.951414689911403855e+01,1.161338851068615696e+01
5.953415261503286615e+01,1.115263407394432704e+01
5.955415833095170086e+01,1.135728968908726877e+01
5.957416404687053557e+01,1.092770446035216203e+01
5.959416976278937028e+01,1.197019433087779738e+01
5.961417547870820499e+01,1.155317967878136720e+01
5.963418119462703970e+01,1.275901925402970782e+01
5.965418691054587441e+01,1.311989850836083171e+01
5.967419262646470912e+01,1.259168787094785102e+01
5.969419834238354383e+01,1.244231340650746276e+01
5.971420405830237144e+01,1.305746325377982053e+01
5.973420977422120615e+01,1.315794088787938776e+01
5.975421549014004086e+01,1.382091831929981929e+01
5.977422120605887557e+01,1.363014766741089900e+01
5.979422692197771028e+01,1.345524763441523319e+01
5.981423263789654499e+01,1.384200035846357224e+01
5.983423835381537970e+01,1.352616765342278171e+01
5.985424406973421441e+01,1.429595003882909943e+01
5.987424978565304912e+01,1.511056070296623943e+01
5.989425550157188383e+01,1.498625593217072627e+01
5.991426121749071143e+01,1.453773897902675927e+01
5.993426693340954614e+01,1.499485352587249487e+01
5.995427264932838085e+01,1.482705620891404408e+01
5.997427836524721556e+01,1.468039756481930702e+01
5.999428408116605027e+01,1.514658824470544118e+01
6.001428979708488498e+01,1.483373340409901076e+01
6.003429551300371969e+01,1.451421175473254266e+01
6.005430122892255440e+01,1.536939696068974470e+01
6.007430694484138911e+01,1.442281403363100267e+01
6.009431266076021672e+01,1.447521222098619376e+01
6.011431837667905143e+01,1.451716385400715303e+01
6.013432409259788614e+01,1.469865681793795531e+01
6.015432980851672085e+01,1.435394884625119616e+01
6.017433552443555556e+01,1.475769965114870885e+01
6.019434124035439027e+01,1.413496344511455050e+01
6.021434695627322498e+01,1.382415249308435534e+01
6.023435267219205969e+01,1.328174656115151997e+01
6.025435838811089440e+01,1.357957673178181857e+01
6.027436410402972911e+01,1.259172114776720619e+01
6.029436981994855671e+01,1.319387444020919631e+01
6.031437553586739142e+01,1.299556246631648726e+01
6.033438125178622613e+01,1.276547294225119344e+01
6.035438696770506084e+01,1.155630427437158936e+01
6.037439268362389555e+01,1.240397496875923977e+01
6.039439839954273026e+01,1.127010420816631431e+01
6.041440411546156497e+01,1.139970110768961220e+01
6.043440983138039968e+01,1.100502584564655351e+01
6.045441554729923439e+01,1.146775138551623030e+01
6.047442126321806199e+01,1.170655322840941004e+01
6.049442697913689670e+01,1.123073309081465432e+01
6.051443269505573141e+01,1.094798672646226478e+01
6.053443841097456612e+01,1.030234730767795348e+01
6.055444412689340083e+01,1.072527434489438036e+01
6.057444984281223554e+01,1.065468552478909992e+01
6.059445555873107025e+01,9.876168371778275556e+00
6.061446127464990496e+01,1.100577349385913983e+01
6.063446699056873967e+01,1.070849772598818106e+01
6.065447270648756728e+01,1.043165298761323356e+01
6.067447842240640199e+01,1.056746428890155443e+01
6.069448413832523670e+01,1.075944750869152600e+01
6.071448985424407141e+01,1.102057890828717746e+01
6.073449557016290612e+01,1.175864358323000047e+01
6.075450128608174083e+01,1.067088851553265272e+01
6.077450700200057554e+01,1.099954944366761822e+01
6.079451271791941025e+01,1.109959591727612249e+01
6.081451843383824496e+01,1.160458208739227359e+01
6.083452414975707967e+01,1.155722731828360850e+01
6.085452986567590727e+01,1.175588976589583368e+01
6.087453558159474198e+01,1.265979460437155524e+01
6.089454129751357669e+01,1.150214332107367454e+01
6.091454701343241140e+01,1.254007496927899901e+01
6.093455272935124611e+01,1.160235106440138431e+01
6.095455844527008082e+01,1.178241505182992377e+01
6.097456416118891553e+01,1.196832632261728513e+01
6.099456987710775024e+01,1.300255620535417833e+01
6.101457559302658495e+01,1.154382430659519976e+01
6.103458130894541256e+01,1.217968613169655079e+01
6.105458702486424727e+01,1.248722189153779993e+01
6.107459274078308198e+01,1.237837156831527885e+01
6.109459845670191669e+01,1.160690740772673735e+01
6.111460417262075140e+01,1.221896785765555649e+01
6.113460988853958611e+01,1.134074247215452758e+01
6.115461560445842082e+01,1.169735255617613845e+01
6.117462132037725553e+01,1.164957678342084435e+01
6.119462703629609024e+01,1.097419054554111639e+01
6.121463275221492495e+01,1.162192786737791295e+01
6.123463846813375255e+01,1.103617027246725790e+01
6.125464418405258726e+01,1.070609805781261414e+01
6.127464989997142197e+01,1.177914732639653117e+01
6.129465561589025668e+01,1.197371644934197654e+01
6.131466133180909139e+01,1.147168123613965918e+01
6.133466704772792610e+01,1.152676728954832797e+01
6.135467276364676081e+01,1.086647497879621227e+01
6.137467847956559552e+01,1.182303847731300017e+01
6.139468419548443023e+01,1.182210065333150339e+01
6.141468991140325784e+01,1.122084095765909240e+01
6.143469562732209255e+01,1.162422228125575430e+01
6.145470134324092726e+01,1.117723657615524502e+01
6.147470705915976197e+01,1.165037916004987650e+01
6.149471277507859668e+01,1.170938645329435879e+01
6.151471849099743139e+01,1.230681052299352629e+01
6.153472420691626610e+01,1.203921405173209713e+01
6.155472992283510081e+01,1.193299792110748569e+01
6.157473563875393552e+01,1.247516685192029939e+01
6.159474135467276312e+01,1.253801674785589526e+01
6.161474707059159783e+01,1.300022925931607887e+01
6.163475278651043254e+01,1.247037813401374606e+01
6.165475850242926725e+01,1.377218764186089572e+01
6.167476421834810196e+01,1.336334674210147355e+01
6.169476993426693667e+01,1.385959560857923378e+01
6.171477565018577138e+01,1.409376779106973387e+01
6.173478136610460609e+01,1.460589666192888458e+01
6.175478708202344080e+01,1.425077170827799122e+01
6.177479279794227551e+01,1.490543097334345823e+01
6.179479851386110312e+01,1.388153871167384246e+01
6.181480422977993783e+01,1.467407945310097617e+01
6.183480994569877254e+01,1.454880472099150523e+01
6.185481566161760725e+01,1.488087091031903419e+01
6.187482137753644196e+01,1.542039841560889535e+01
6.189482709345527667e+01,1.541499119868262291e+01
6.191483280937411138e+01,1.481623193028622154e+01
6.193483852529294609e+01,1.557723639278862926e+01
6.195484424121178080e+01,1.544030152756355001e+01
6.197484995713060840e+01,1.525689813661701955e+01
6.199485567304944311e+01,1.593578876546783185e+01
6.201486138896827782e+01,1.556483304115208988e+01
6.203486710488711253e+01,1.488529726642163098e+01
6.205487282080594724e+01,1.584517668780026334e+01
6.207487853672478195e+01,1.577626666899030283e+01
6.209488425264361666e+01,1.579779770902592517e+01
6.211488996856245137e+01,1.564671395935809528e+01
6.213489568448128608e+01,1.550572689848229224e+01
6.215490140040011369e+01,1.579157334137404334e+01
6.217490711631894840e+01,1.497748485774267024e+01
6.219491283223778311e+01,1.512734445119581395e+01
6.221491854815661782e+01,1.611960564579271349e+01
6.223492426407545253e+01,1.546919567543868190e+01
6.225492997999428724e+01,1.642092379874377173e+01
6.227493569591312195e+01,1.633821821592691492e+01
6.229494141183195666e+01,1.594351694326383218e+01
6.231494712775079137e+01,1.668022921567724737e+01
6.233495284366962608e+01,1.656915590947164674e+01
6.235495855958845368e+01,1.636012082068205942e+01
6.237496427550728839e+01,1.646293653971243387e+01
6.239496999142612310e+01,1.662637732136435176e+01
6.241497570734495781e+01,1.589121448574319118e+01
6.243498142326379252e+01,1.718367214858723457e+01
6.245498713918262723e+01,1.638146171147240082e+01
6.247499285510146194e+01,1.633273335485765188e+01
6.249499857102029665e+01,1.639210676505510733e+01
6.251500428693913136e+01,1.666107689412737614e+01
6.253501000285795897e+01,1.740462196340111944e+01
6.255501571877679368e+01,1.625720973487239007e+01
6.257502143469562839e+01,1.637143015477859009e+01
6.259502715061446310e+01,1.567930739908618776e+01
6.261503286653329781e+01,1.672229460167507753e+01
6.263503858245213252e+01,1.667126141710363640e+01
6.265504429837096723e+01,1.614952912979910593e+01
6.267505001428980194e+01,1.544007782121321704e+01
6.269505573020863665e+01,1.585100849279849200e+01
6.271506144612747136e+01,1.579932125639022367e+01
6.273506716204629896e+01,1.556734104777608785e+01
6.275507287796513367e+01,1.536706657762389838e+01
6.277507859388396838e+01,1.513068650225790002e+01
6.279508430980280309e+01,1.433113282355344609e+01
6.281509002572163780e+01,1.527444063326423063e+01
6.283509574164047251e+01,1.469477329413303579e+01
6.285510145755930722e+01,1.397266176035013530e+01
6.287510717347814193e+01,1.498689946145887930e+01
6.289511288939697664e+01,1.388879114425160566e+01
6.291511860531580425e+01,1.445796214295150861e+01
6.293512432123463896e+01,1.383363916579982345e+01
6.295513003715347367e+01,1.356466952608426624e+01
6.297513575307230838e+01,1.419771656806540250e+01
6.299514146899114309e+01,1.456606431097904064e+01
6.301514718490997780e+01,1.384314229957662690e+01
6.303515290082881251e+01,1.346408404859151631e+01
6.305515861674764722e+01,1.388416881082872578e+01
6.307516433266648193e+01,1.275666318978493408e+01
6.309517004858530953e+01,1.288349134641804206e+01
6.311517576450414424e+01,1.308544603222314606e+01
6.313518148042297895e+01,1.341669630837534299e+01
6.315518719634181366e+01,1.279648975981961456e+01
6.317519291226064837e+01,1.311850629599291729e+01
6.319519862817948308e+01,1.287914466442652284e+01
6.321520434409831779e+01,1.250950775378008650e+01
6.323521006001715250e+01,1.366961814005180464e+01
6.325521577593598721e+01,1.306900145086960663e+01
6.327522149185482192e+01,1.288815887732864951e+01
6.329522720777364952e+01,1.274566239736250495e+01
6.331523292369248423e+01,1.237243336128448945e+01
6.333523863961131894e+01,1.339892072222168551e+01
6.335524435553015365e+01,1.281158766183622255e+01
6.337525007144898836e+01,1.197985244075302091e+01
6.339525578736782307e+01,1.335763989731243129e+01
6.341526150328665778e+01,1.218924954748772471e+01
6.343526721920549249e+01,1.237634619339493725e+01
6.345527293512432720e+01,1.323616905732114901e+01
6.347527865104315481e+01,1.235637309860053534e+01
6.349528436696198952e+01,1.268928973004942407e+01
6.351529008288082423e+01,1.334920610314587286e+01
6.353529579879965894e+01,1.216261024408266067e+01
6.355530151471849365e+01,1.296658261399511858e+01
6.357530723063732836e+01,1.198648433027592830e+01
6.359531294655616307e+01,1.273299475122357372e+01
6.361531866247499778e+01,1.330481273985459012e+01
6.363532437839383249e+01,1.263161247106001994e+01
6.365533009431266720e+01,1.281373070583600438e+01
6.367533581023149480e+01,1.292842430799223052e+01
6.369534152615032951e+01,1.301638223774839531e+01
6.371534724206916422e+01,1.326813956380791382e+01
6.373535295798799893e+01,1.312715317093012857e+01
6.375535867390683364e+01,1.290587861740356601e+01
6.377536438982566835e+01,1.284453735436111899e+01
6.379537010574450306e+01,1.370311491238454060e+01
6.381537582166333777e+01,1.325788041099091785e+01
6.383538153758217248e+01,1.328548879994720622e+01
6.385538725350100009e+01,1.368114184261792232e+01
6.387539296941983480e+01,1.392999332709771743e+01
6.389539868533866951e+01,1.372587452832292598e+01
6.391540440125750422e+01,1.309516369661075785e+01
6.393541011717633893e+01,1.327850882618056616e+01
6.395541583309517364e+01,1.384138203241689880e+01
6.397542154901400835e+01,1.266195015845284999e+01
6.399542726493284306e+01,1.303057078996823037e+01
6.401543298085167066e+01,1.234244823859372353e+01
6.403543869677051248e+01,1.305830175536576121e+01
6.405544441268934008e+01,1.300132663238724007e+01
6.407545012860816769e+01,1.248171082484041072e+01
6.409545584452700950e+01,1.301531775499624644e+01
6.411546156044585132e+01,1.256779929377107230e+01
6.413546727636467892e+01,1.161173035376955909e+01
6.415547299228350653e+01,1.267067122158854175e+01
6.417547870820234834e+01,1.196935316487835976e+01
6.419548442412119016e+01,1.235532282949226257e+01
6.421549014004001776e+01,1.198359700098749059e+01
6.423549585595884537e+01,1.117101998434627319e+01
6.425550157187768718e+01,1.146998415151420048e+01
6.427550728779651479e+01,1.101115020737380590e+01
6.429551300371534239e+01,1.153067223121501783e+01
6.431551871963418421e+01,1.190597357372723231e+01
6.433552443555302602e+01,1.149129751708760239e+01
6.435553015147185363e+01,1.052386313948962204e+01
6.437553586739068123e+01,1.149017497683138878e+01
6.439554158330952305e+01,1.141550899339842040e+01
6.441554729922835065e+01,1.121592774837007411e+01
6.443555301514717826e+01,1.071234542357277952e+01
6.445555873106602007e+01,1.056758213959392556e+01
6.447556444698486189e+01,1.125321424231908018e+01
6.449557016290368949e+01,1.013806157557702647e+01
6.451557587882251710e+01,1.065503415715237523e+01
6.453558159474135891e+01,1.075967281711325541e+01
6.455558731066020073e+01,1.085300655057972818e+01
6.457559302657902833e+01,1.040795935956593787e+01
6.459559874249785594e+01,1.032985476284265403e+01
6.461560445841669775e+01,9.999131402248124800e+00
6.463561017433552536e+01,1.082239562549937162e+01
6.465561589025435296e+01,1.074483184091266708e+01
6.467562160617319478e+01,1.049576964594200668e+01
6.469562732209203659e+01,9.837195179254457855e+00
6.471563303801086420e+01,1.065895130602101126e+01
6.473563875392969180e+01,9.721966289940064954e+00
6.475564446984853362e+01,1.079242806479014050e+01
6.477565018576737543e+01,1.030449929972366618e+01
6.479565590168618883e+01,1.123870381464463719e+01
6.481566161760503064e+01,1.041968349177412279e+01
6.483566733352387246e+01,9.790407726674065003e+00
6.485567304944270006e+01,1.041773039989079130e+01
6.487567876536152767e+01,1.057768599713233115e+01
6.489568448128036948e+01,1.016262393264130104e+01
6.491569019719921130e+01,1.059735196793273460e+01
6.493569591311803890e+01,1.053572174861028010e+01
6.495570162903686651e+01,1.128932920750038171e+01
6.497570734495570832e+01,1.107745853052821161e+01
6.499571306087453593e+01,1.031598595569692201e+01
6.501571877679336353e+01,1.099305528215766614e+01
6.503572449271220535e+01,1.080175811211885950e+01
6.505573020863104716e+01,1.114811406231425650e+01
6.507573592454987477e+01,1.066042354141898407e+01
6.509574164046870237e+01,1.116588916087645522e+01
6.511574735638754419e+01,1.075778654754101105e+01
6.513575307230638600e+01,9.923571160282754988e+00
6.515575878822521361e+01,1.092064800053593032e+01
6.517576450414404121e+01,1.092710410970110146e+01
6.519577022006288303e+01,1.030192631575068596e+01
6.521577593598171063e+01,1.058829989092037493e+01
6.523578165190053824e+01,1.052584880801812517e+01
6.525578736781938005e+01,1.046563816124213808e+01
6.527579308373822187e+01,1.065163698155582495e+01
6.529579879965704947e+01,1.134267237762661296e+01
6.531580451557587708e+01,1.084891751502181556e+01
6.533581023149471889e+01,1.073897643435604365e+01
6.535581594741354650e+01,1.127220888808720822e+01
6.537582166333237410e+01,1.122188861472608323e+01
6.539582737925121592e+01,1.110734594661617614e+01
6.541583309517005773e+01,1.111060525970649060e+01
6.543583881108888534e+01,1.091826889389675515e+01
6.545584452700771294e+01,1.051301988546463662e+01
6.547585024292655476e+01,1.100551140017807761e+01
6.549585595884539657e+01,1.100232416861056528e+01
6.551586167476422418e+01,1.040668737484853246e+01
6.553586739068305178e+01,1.141623250911275278e+01
6.555587310660189360e+01,1.098022484643956886e+01
6.557587882252072120e+01,9.970580231975022301e+00
6.559588453843954881e+01,1.073568061693328346e+01
6.561589025435839062e+01,9.772908026881854227e+00
6.563589597027723244e+01,1.061244708331282460e+01
6.565590168619606004e+01,1.000554609502454717e+01
6.567590740211488765e+01,1.036759772904115806e+01
6.569591311803372946e+01,1.051218467695751713e+01
6.571591883395257128e+01,9.979683602150327459e+00
6.573592454987138467e+01,9.893986794404650453e+00
6.575593026579022649e+01,9.285816176873671779e+00
6.577593598170906830e+01,8.904841833211460056e+00
6.579594169762789591e+01,9.786088998346427204e+00
6.581594741354672351e+01,9.587356620719345912e+00
6.583595312946556533e+01,9.572986444871224521e+00
6.585595884538440714e+01,8.897672993342432335e+00
6.587596456130323475e+01,9.429956417915484224e+00
6.589597027722206235e+01,9.732607883229469792e+00
6.591597599314090417e+01,9.535551734456618078e+00
6.593598170905973177e+01,8.904875887458516104e+00
6.595598742497855937e+01,9.069253124073764383e+00
6.597599314089740119e+01,9.020202358830156086e+00
6.599599885681624301e+01,9.208497410117370663e+00
6.601600457273507061e+01,8.474180796853506337e+00
6.603601028865389821e+01,9.188233160269343003e+00
6.605601600457274003e+01,9.168792948843787372e+00
6.607602172049158185e+01,9.475201656299031328e+00
6.609602743641040945e+01,1.010782505544624321e+01
6.611603315232923705e+01,9.549255249216844987e+00
6.613603886824807887e+01,9.660089367229279134e+00
6.615604458416690647e+01,9.729689174751531056e+00
6.617605030008573408e+01,1.034330645902896606e+01
6.619605601600457589e+01,9.352010997963876804e+00
6.621606173192341771e+01,9.818788648789475104e+00
6.623606744784224531e+01,9.889908422739374316e+00
6.625607316376107292e+01,9.798123939686192330e+00
6.627607887967991473e+01,9.965238235948390866e+00
6.629608459559874234e+01,9.294000155577929689e+00
6.631609031151756994e+01,9.549660718533040438e+00
6.633609602743641176e+01,9.426253601347006850e+00
6.635610174335525357e+01,9.416835967899086057e+00
6.637610745927408118e+01,9.873841014733171662e+00
6.639611317519290878e+01,1.031662457139121614e+01
6.641611889111175060e+01,9.824878843600572509e+00
6.643612460703059241e+01,9.789380763283787701e+00
6.645613032294942002e+01,1.041316531194068773e+01
6.647613603886824762e+01,1.017472481448547938e+01
6.649614175478708944e+01,1.066081741350395973e+01
6.651614747070591704e+01,1.046791661048499833e+01
6.653615318662474465e+01,1.010371585742940859e+01
6.655615890254358646e+01,9.939396147036692497e+00
6.657616461846242828e+01,1.082786470337524776e+01
6.659617033438125588e+01,1.055539162943733089e+01
6.661617605030008349e+01,1.047876153627525397e+01
6.663618176621892530e+01,1.117607131973316470e+01
6.665618748213776712e+01,1.023391833512852500e+01
6.667619319805658051e+01,1.038801721691171309e+01
6.669619891397542233e+01,1.157610658466786191e+01
6.671620462989426414e+01,1.067760259066623618e+01
6.673621034581309175e+01,1.110463362297594614e+01
6.675621606173191935e+01,1.145880737805612171e+01
6.677622177765076117e+01,1.126934872197969995e+01
6.679622749356960298e+01,1.012134305257841405e+01
6.681623320948843059e+01,1.045071579255982996e+01
6.683623892540725819e+01,1.033955022356638054e+01
6.685624464132610001e+01,1.135800841881117407e+01
6.687625035724492761e+01,1.078328486020602917e+01
6.689625607316375522e+01,1.109463934979025268e+01
6.691626178908259703e+01,9.947562378253461901e+00
6.693626750500143885e+01,1.140070768768581289e+01
6.695627322092026645e+01,1.125059243448312785e+01
6.697627893683909406e+01,1.036618620735589857e+01
6.699628465275793587e+01,1.064985552254425016e+01
6.701629036867677769e+01,1.023138630476124789e+01
6.703629608459560529e+01,1.056664800104552526e+01
6.705630180051443290e+01,1.035702131020340566e+01
6.707630751643327471e+01,1.001775843627422091e+01
6.709631323235210232e+01,1.076038386125468094e+01
6.711631894827092992e+01,1.094278098227486140e+01
6.713632466418977174e+01,1.039284307542292929e+01
6.715633038010861355e+01,1.078124866448435881e+01
6.717633609602744116e+01,1.149895985375665752e+01
6.719634181194626876e+01,1.025211283090694181e+01
6.721634752786511058e+01,1.137318950072040380e+01
6.723635324378393818e+01,1.101079108705464371e+01
6.725635895970276579e+01,1.116062434891973609e+01
6.727636467562160760e+01,1.102539383366647030e+01
6.729637039154044942e+01,1.162807332695097173e+01
6.731637610745927702e+01,1.099788813385339736e+01
6.733638182337810463e+01,1.134782315378133788e+01
6.735638753929694644e+01,1.111873584070738374e+01
6.737639325521578826e+01,1.129107955447588374e+01
6.739639897113461586e+01,1.193726669551033837e+01
6.741640468705344347e+01,1.161337678041985555e+01
6.743641040297228528e+01,1.091118195202824737e+01
6.745641611889111289e+01,1.177363360404034687e+01
6.747642183480994049e+01,1.094627626379891439e+01
6.749642755072878231e+01,1.103990606592903490e+01
6.751643326664762412e+01,1.109213418634867665e+01
6.753643898256645173e+01,1.113484890405215211e+01
6.755644469848527933e+01,1.133356452986421914e+01
6.757645041440412115e+01,1.080115750440523925e+01
6.759645613032296296e+01,1.119400059332465958e+01
6.761646184624177636e+01,1.131052273926029272e+01
6.763646756216061817e+01,1.146016341939807148e+01
6.765647327807945999e+01,1.211186669160263207e+01
6.767647899399828759e+01,1.102999252835418176e+01
6.769648470991711520e+01,1.114197154084724062e+01
6.771649042583595701e+01,1.211808955071601623e+01
6.773649614175479883e+01,1.119501320281703194e+01
6.775650185767362643e+01,1.131961619995437118e+01
6.777650757359245404e+01,1.103266359815822106e+01
6.779651328951129585e+01,1.110828886610622135e+01
6.781651900543012346e+01,1.077181286348359990e+01
6.783652472134895106e+01,1.178467158871079690e+01
6.785653043726779288e+01,1.061667805120547214e+01
6.787653615318663469e+01,1.088553892724941541e+01
6.789654186910546230e+01,1.056465916466569155e+01
6.791654758502428990e+01,1.035016218689460388e+01
6.793655330094313172e+01,9.844756957896475313e+00
6.795655901686197353e+01,1.065151296922329571e+01
6.797656473278080114e+01,9.949598533297661973e+00
6.799657044869962874e+01,1.016561242554306155e+01
6.801657616461847056e+01,1.008404123489678383e+01
6.803658188053729816e+01,9.855033085863000863e+00
6.805658759645612577e+01,9.522901217220578474e+00
6.807659331237496758e+01,9.431328627310335833e+00
6.809659902829380940e+01,9.109602224817557214e+00
6.811660474421263700e+01,9.501393986523900992e+00
6.813661046013146461e+01,9.032118218141356181e+00
6.815661617605030642e+01,8.707530137541549919e+00
6.817662189196913403e+01,8.714409738625384705e+00
6.819662760788796163e+01,8.064117054254932526e+00
6.821663332380680345e+01,9.080831543129995964e+00
6.823663903972564526e+01,8.827926023551105672e+00
6.825664475564447287e+01,8.671483060767448237e+00
6.827665047156330047e+01,7.595394212841745762e+00
6.829665618748214229e+01,8.879551481725304285e+00
6.831666190340098410e+01,7.466492936200351593e+00
6.833666761931981171e+01,7.732230009913265256e+00
6.835667333523863931e+01,8.470534293275335358e+00
6.837667905115748113e+01,7.882448237205066377e+00
6.839668476707630873e+01,8.163487563330644292e+00
6.841669048299513634e+01,8.302169882802356682e+00
6.843669619891397815e+01,8.729368580137766287e+00
6.845670191483281997e+01,8.145133768829927234e+00
6.847670763075164757e+01,8.860068807809732050e+00
6.849671334667047518e+01,7.579117363404517249e+00
6.851671906258931699e+01,8.729001629177712829e+00
6.853672477850815881e+01,8.361473079632997241e+00
6.855673049442697220e+01,8.517194688505195899e+00
6.857673621034581402e+01,9.094438059224055237e+00
6.859674192626465583e+01,8.805618929049071397e+00
6.861674764218348344e+01,9.455104273452336727e+00
6.863675335810231104e+01,8.697862174712586381e+00
6.865675907402115286e+01,8.579694746791284743e+00
6.867676478993999467e+01,9.744101227894507389e+00
6.869677050585882228e+01,9.582720863042384352e+00
6.871677622177764988e+01,9.862828402712988662e+00
6.873678193769649170e+01,9.861101057508189882e+00
6.875678765361531930e+01,9.804054899684505386e+00
6.877679336953414690e+01,1.009810254119208217e+01
6.879679908545298872e+01,1.003115367949501824e+01
6.881680480137183054e+01,1.034655830727002623e+01
6.883681051729065814e+01,1.064599154744879961e+01
6.885681623320948574e+01,1.043779687864396521e+01
6.887682194912832756e+01,1.072418945783290667e+01
6.889682766504716938e+01,1.105676464654075986e+01
6.891683338096599698e+01,1.019862806237929931e+01
6.893683909688482458e+01,1.032231228696579350e+01
6.895684481280366640e+01,1.066630397425864452e+01
6.897685052872249400e+01,1.040785845077486016e+01
6.899685624464132161e+01,1.097662209371756958e+01
6.901686196056016342e+01,1.140431124002090968e+01
6.903686767647900524e+01,1.063258484513423952e+01
6.905687339239783284e+01,1.100723058982825009e+01
6.907687910831666045e+01,1.066440206708258387e+01
6.909688482423550226e+01,1.042704871507258702e+01
6.911689054015432987e+01,1.056680062108101659e+01
6.913689625607315747e+01,1.009234884070933980e+01
6.915690197199199929e+01,1.002024230248631653e+01
6.917690768791084110e+01,1.038585461987933733e+01
6.919691340382966871e+01,1.072902086332870475e+01
6.921691911974849631e+01,9.595699559836084802e+00
6.923692483566733813e+01,1.048040532555383209e+01
6.925693055158617994e+01,9.661122892289032649e+00
6.927693626750500755e+01,1.000609656963761829e+01
6.929694198342383515e+01,9.802950765924737908e+00
6.931694769934267697e+01,9.439364687992366498e+00
6.933695341526150457e+01,1.030956680712508344e+01
6.935695913118033218e+01,9.461604225414543379e+00
6.937696484709917399e+01,1.035775045350770185e+01
6.939697056301801581e+01,1.057684776526030745e+01
6.941697627893684341e+01,1.040617823676553044e+01
6.943698199485567102e+01,1.077305114606432035e+01
6.945698771077451283e+01,1.068141137202779589e+01
6.947699342669335465e+01,1.034006457651445032e+01
6.949699914261216804e+01,1.063393896999776977e+01
6.951700485853100986e+01,1.104916980676823002e+01
6.953701057444985167e+01,1.079348745688634281e+01
6.955701629036867928e+01,1.093554381536905851e+01
6.957702200628750688e+01,9.807837976673903668e+00
6.959702772220634870e+01,1.047988271041691277e+01
6.961703343812519051e+01,1.035220358095960513e+01
6.963703915404401812e+01,1.043006531875956000e+01
6.965704486996284572e+01,1.069773207224929124e+01
6.967705058588168754e+01,9.963591105987049446e+00
6.969705630180051514e+01,1.098290511546142056e+01
6.971706201771934275e+01,1.048929688412729710e+01
6.973706773363818456e+01,1.030869386620896933e+01
6.975707344955702638e+01,9.408971561358008273e+00
6.977707916547585398e+01,9.604579802488126816e+00
6.979708488139468159e+01,1.064615837063240633e+01
6.981709059731352340e+01,9.139752714660353661e+00
6.983709631323236522e+01,1.008821888690537705e+01
6.985710202915119282e+01,9.508594728105540739e+00
6.987710774507002043e+01,9.445867031230182675e+00
6.989711346098886224e+01,8.789639727403610436e+00
6.991711917690768985e+01,9.526919421063258397e+00
6.993712489282651745e+01,9.107597814399179370e+00
6.995713060874535927e+01,9.453261329959520509e+00
6.997713632466420108e+01,9.404328273212659184e+00
6.999714204058302869e+01,9.224560585711119032e+00
7.001714775650185629e+01,9.227653150831850226e+00
7.003715347242069811e+01,9.403778973834725718e+00
7.005715918833952571e+01,9.165251400722160824e+00
7.007716490425835332e+01,8.620842272642224913e+00
7.009717062017719513e+01,9.685474609298033499e+00
7.011717633609603695e+01,9.872697398333741603e+00
7.013718205201486455e+01,9.123660300428866776e+00
7.015718776793369216e+01,9.190167992728028423e+00
7.017719348385253397e+01,8.998273165050409972e+00
7.019719919977137579e+01,9.468216436939439262e+00
7.021720491569020339e+01,9.309498901883504374e+00
7.023721063160903100e+01,9.537431034179222777e+00
7.025721634752787281e+01,9.638546700582399041e+00
7.027722206344670042e+01,9.844260670894097842e+00
7.029722777936552802e+01,1.023852066378056236e+01
7.031723349528436984e+01,9.122758989563436671e+00
7.033723921120321165e+01,9.773586937026628618e+00
7.035724492712203926e+01,1.006079991833962239e+01
7.037725064304086686e+01,9.803967954722514477e+00
7.039725635895970868e+01,1.085415398707021595e+01
7.041726207487855049e+01,1.055632170032099992e+01
7.043726779079736389e+01,1.062395887416161244e+01
7.045727350671620570e+01,9.950120239721972126e+00
7.047727922263504752e+01,1.108224543814902319e+01
7.049728493855387512e+01,1.080589908604400406e+01
7.051729065447270273e+01,1.054700926659769777e+01
7.053729637039154454e+01,1.051367518019362635e+01
7.055730208631038636e+01,1.144947185017871405e+01
7.057730780222921396e+01,1.179221886072156522e+01
7.059731351814804157e+01,1.185126063659314610e+01
7.061731923406688338e+01,1.185998192128401030e+01
7.063732494998571099e+01,1.118289022268915289e+01
7.065733066590453859e+01,1.144304557409552459e+01
7.067733638182338041e+01,1.257379281464619147e+01
7.069734209774222222e+01,1.171576709116956216e+01
7.071734781366104983e+01,1.177565726031090776e+01
7.073735352957987743e+01,1.215865446012545625e+01
7.075735924549871925e+01,1.255421980048121355e+01
7.077736496141756106e+01,1.192799870522921424e+01
7.079737067733638867e+01,1.306991323096256963e+01
7.081737639325521627e+01,1.222591675729676908e+01
7.083738210917405809e+01,1.302219600002666411e+01
7.085738782509288569e+01,1.291308055031051083e+01
7.087739354101171330e+01,1.261935089039741520e+01
7.089739925693055511e+01,1.248739457731658931e+01
7.091740497284939693e+01,1.232400877017874841e+01
7.093741068876822453e+01,1.316079829034248583e+01
7.095741640468705214e+01,1.251509848130794822e+01
7.097742212060589395e+01,1.356680621356538197e+01
7.099742783652472156e+01,1.364870128507825342e+01
7.101743355244354916e+01,1.270702516325678033e+01
7.103743926836239098e+01,1.276690389380966195e+01
7.105744498428123279e+01,1.366319613208261430e+01
7.107745070020006040e+01,1.237769335779924518e+01
7.109745641611888800e+01,1.327130208226203933e+01
7.111746213203772982e+01,1.314116750514559584e+01
7.113746784795657163e+01,1.308510781094725495e+01
7.115747356387539924e+01,1.227897524538701646e+01
7.117747927979422684e+01,1.261242627838972652e+01
7.119748499571306866e+01,1.278573302609110129e+01
7.121749071163189626e+01,1.230031153396610577e+01
7.123749642755072387e+01,1.349431584108664950e+01
7.125750214346956568e+01,1.267137242015543919e+01
7.127750785938840750e+01,1.309572123905282304e+01
7.129751357530723510e+01,1.216297726441525384e+01
7.131751929122606271e+01,1.313484020390381346e+01
7.133752500714490452e+01,1.198581986626553153e+01
7.135753072306374634e+01,1.155601701905054313e+01
7.137753643898255973e+01,1.191068057834503691e+01
7.139754215490140155e+01,1.138773364234193508e+01
7.141754787082024336e+01,1.149400223018207257e+01
7.143755358673907097e+01,1.138638488901671053e+01
7.145755930265789857e+01,1.016962987375708138e+01
7.147756501857674039e+01,1.103758181496213098e+01
7.149757073449558220e+01,1.054421784257863415e+01
7.151757645041440981e+01,1.079266398823894235e+01
7.153758216633323741e+01,1.013488629263482288e+01
7.155758788225207923e+01,1.075669255550207204e+01
7.157759359817090683e+01,1.036774576970328354e+01
7.159759931408973443e+01,1.003407871855563016e+01
7.161760503000857625e+01,8.802798975000253989e+00
7.163761074592741807e+01,9.049987424887456555e+00
7.165761646184624567e+01,9.814875541767438705e+00
7.167762217776507327e+01,9.893861722892545174e+00
7.169762789368391509e+01,9.024304325475865696e+00
7.171763360960275691e+01,9.239057789203457105e+00
7.173763932552158451e+01,1.020541592373063722e+01
7.175764504144041211e+01,9.173875904366010303e+00
7.177765075735925393e+01,9.140932277220638724e+00
7.179765647327808153e+01,8.956608787634150914e+00
7.181766218919690914e+01,9.683732406653977165e+00
7.183766790511575095e+01,9.617725309949911150e+00
7.185767362103459277e+01,9.622187036198720733e+00
7.187767933695342037e+01,9.423225605085573164e+00
7.189768505287224798e+01,9.014656899606867668e+00
7.191769076879108979e+01,8.841230230428326564e+00
7.193769648470991740e+01,9.398876864793304975e+00
7.195770220062874500e+01,9.547387343395914883e+00
7.197770791654758682e+01,9.585040549716330460e+00
7.199771363246642863e+01,9.015304603976133535e+00
7.201771934838525624e+01,9.154845473059850747e+00
7.203772506430408384e+01,9.609029335731815280e+00
7.205773078022292566e+01,9.883874351654029056e+00
7.207773649614176747e+01,9.607539465768621056e+00
7.209774221206059508e+01,8.908959342627067457e+00
7.211774792797942268e+01,9.550208129352419917e+00
7.213775364389826450e+01,9.044445155219834831e+00
7.215775935981709210e+01,9.666692349346872604e+00
7.217776507573591971e+01,9.514936688030115164e+00
7.219777079165476152e+01,9.618701593103681446e+00
7.221777650757360334e+01,9.857789988456485020e+00
7.223778222349243094e+01,1.021440181863224517e+01
7.225778793941125855e+01,1.005903542158704234e+01
7.227779365533010036e+01,1.022854204370695719e+01
7.229779937124894218e+01,9.822214607443793710e+00
7.231780508716775557e+01,1.002265470823370208e+01
7.233781080308659739e+01,9.747988286988411133e+00
7.235781651900543920e+01,9.981794385725002883e+00
7.237782223492426681e+01,9.719695077999142896e+00
7.239782795084309441e+01,1.095902011912879104e+01
7.241783366676193623e+01,1.086748050552324507e+01
7.243783938268077804e+01,1.058097470907692461e+01
7.245784509859960565e+01,1.115881987659474461e+01
7.247785081451843325e+01,9.965329212903261791e+00
7.249785653043727507e+01,1.106100720282851668e+01
7.251786224635610267e+01,1.052482162841156565e+01
7.253786796227493028e+01,1.031556864009426455e+01
7.255787367819377209e+01,1.024521840744207068e+01
7.257787939411261391e+01,9.976382091324550672e+00
7.259788511003144151e+01,1.061860980197707605e+01
7.261789082595026912e+01,1.058521767706390015e+01
7.263789654186911093e+01,9.989107826139719037e+00
7.265790225778795275e+01,1.005049735229515129e+01
7.267790797370678035e+01,1.001379905882220633e+01
7.269791368962560796e+01,1.017440946798515888e+01
7.271791940554444977e+01,9.395288299270150745e+00
7.273792512146327738e+01,9.787484838241489626e+00
7.275793083738210498e+01,9.759411629186946158e+00
7.277793655330094680e+01,9.366956485055375481e+00
7.279794226921978861e+01,1.034616252831659899e+01
7.281794798513861622e+01,9.298438987962732938e+00
7.283795370105744382e+01,9.007935495507354062e+00
7.285795941697628564e+01,8.975227382050984914e+00
7.287796513289511324e+01,1.008779885042019053e+01
7.289797084881394085e+01,9.506964014289071230e+00
7.291797656473278266e+01,9.431059870877099627e+00
7.293798228065162448e+01,9.520430243426467598e+00
7.295798799657045208e+01,9.195506276019225211e+00
7.297799371248927969e+01,9.617804568932378118e+00
7.299799942840812150e+01,8.798048109970217467e+00
7.301800514432696332e+01,8.374586512764704338e+00
7.303801086024579092e+01,8.843298581829035498e+00
7.305801657616461853e+01,8.666989119343575965e+00
7.307802229208346034e+01,8.843716994059768410e+00
7.309802800800228795e+01,8.544610964795982255e+00
7.311803372392111555e+01,9.190383648136446482e+00
7.313803943983995737e+01,8.597422100877599505e+00
7.315804515575879918e+01,9.594666484479859037e+00
7.317805087167762679e+01,8.537368531883224421e+00
7.319805658759645439e+01,8.265813448302441913e+00
7.321806230351529621e+01,8.396166242921404788e+00
7.323806801943413802e+01,8.028817056472927760e+00
7.325807373535295142e+01,8.329150740570458566e+00
7.327807945127179323e+01,7.948473492880675728e+00
7.329808516719063505e+01,8.382357082459733988e+00
7.331809088310946265e+01,8.662880191957052389e+00
7.333809659902829026e+01,8.839958673125499544e+00
7.335810231494713207e+01,7.664783206521727621e+00
7.337810803086597389e+01,8.935679296985020059e+00
7.339811374678480149e+01,8.175032978068241363e+00
7.341811946270362910e+01,7.741129371663370229e+00
7.343812517862247091e+01,7.813495073827354531e+00
7.345813089454129852e+01,7.798581856674685397e+00
7.347813661046012612e+01,7.954106864283539302e+00
7.349814232637896794e+01,7.763015702283199815e+00
7.351814804229780975e+01,8.283969408498085940e+00
7.353815375821663736e+01,8.287135200504767596e+00
7.355815947413546496e+01,8.410635365755856796e+00
7.357816519005430678e+01,8.394122862976113097e+00
7.359817090597314859e+01,8.096757796387516137e+00
7.361817662189197620e+01,7.876120584690307069e+00
7.363818233781080380e+01,8.261904640915911813e+00
7.365818805372964562e+01,7.799400426776187167e+00
7.367819376964847322e+01,8.055668669969648477e+00
7.369819948556730083e+01,8.296284581050334950e+00
7.371820520148614264e+01,8.120946472238212976e+00
7.373821091740498446e+01,8.598603101451429254e+00
7.375821663332381206e+01,8.794865248215053555e+00
7.377822234924263967e+01,8.113741227172731385e+00
7.379822806516148148e+01,8.436578634056015602e+00
7.381823378108030909e+01,8.467185616573015494e+00
7.383823949699913669e+01,8.577250187744127174e+00
7.385824521291797851e+01,8.861246161140652333e+00
7.387825092883682032e+01,8.583618019186372905e+00
7.389825664475564793e+01,8.589779453280618426e+00
7.391826236067447553e+01,7.475232702693663356e+00
7.393826807659331735e+01,8.048188267722750311e+00
7.395827379251215916e+01,8.214170589918140308e+00
7.397827950843098677e+01,8.684795153059035044e+00
7.399828522434981437e+01,8.914966638720610348e+00
7.401829094026865619e+01,8.436007293210593616e+00
7.403829665618748379e+01,7.514550472763242617e+00
7.405830237210632561e+01,8.728169429619716979e+00
7.407830808802515321e+01,8.376310753569981671e+00
7.409831380394398082e+01,7.963712218719408042e+00
7.411831951986282263e+01,8.218671615850817957e+00
7.413832523578165024e+01,7.076399021587862492e+00
7.415833095170049205e+01,7.748295056214762333e+00
7.417833666761931966e+01,8.222443362754946250e+00
7.419834238353816147e+01,7.286530012228924491e+00
7.421834809945698908e+01,8.148238473902711831e+00
7.423835381537583089e+01,7.817417977970234411e+00
7.425835953129465850e+01,8.156451402062211642e+00
7.427836524721348610e+01,8.317744858778265638e+00
7.429837096313232792e+01,7.530166583514628087e+00
7.431837667905115552e+01,7.452012021595239233e+00
7.433838239496999734e+01,7.124206777740162089e+00
7.435838811088882494e+01,8.463383623425034585e+00
7.437839382680766676e+01,7.108689354539452054e+00
7.439839954272649436e+01,7.543759823934918174e+00
7.441840525864533618e+01,7.408357171425652865e+00
7.443841097456416378e+01,7.699683461242361915e+00
7.445841669048300560e+01,7.827076750410867589e+00
7.447842240640183320e+01,7.615193970880591579e+00
7.449842812232066080e+01,7.709725256297456752e+00
7.451843383823950262e+01,7.464810923541007170e+00
7.453843955415833022e+01,7.672682994891371067e+00
7.455844527007717204e+01,8.106641019249957836e+00
7.457845098599599964e+01,7.913526990044589482e+00
7.459845670191484146e+01,8.815326754696300782e+00
7.461846241783366906e+01,7.416775942081036632e+00
7.463846813375251088e+01,7.719735127384956819e+00
7.465847384967133848e+01,8.602478080287490059e+00
7.467847956559016609e+01,7.854452136430627007e+00
7.469848528150900790e+01,8.203967004279315134e+00
7.471849099742783551e+01,8.708483327876573199e+00
7.473849671334667732e+01,8.052186306656155423e+00
7.475850242926550493e+01,8.455962173574086194e+00
7.477850814518434674e+01,9.551414036516897355e+00
7.479851386110317435e+01,8.992173554173497507e+00
7.481851957702201616e+01,8.763288089972107286e+00
7.483852529294084377e+01,9.469536827412593283e+00
7.485853100885967137e+01,9.726147857903903571e+00
7.487853672477851319e+01,9.549155484686066231e+00
7.489854244069734079e+01,9.586443709136059255e+00
7.491854815661618261e+01,8.933321620530080054e+00
7.493855387253501021e+01,9.107549595142209853e+00
7.495855958845385203e+01,9.068298897090334876e+00
7.497856530437267963e+01,8.946700319697173498e+00
7.499857102029152145e+01,8.112646564907436186e+00
7.501857673621034905e+01,9.002268056579698197e+00
7.503858245212917666e+01,9.184530471720599110e+00
7.505858816804801847e+01,7.633517142807792588e+00
7.507859388396684608e+01,8.295500546671370046e+00
7.509859959988568789e+01,7.695265045902916157e+00
7.511860531580451550e+01,8.187816216311878392e+00
7.513861103172335731e+01,8.074296921770548252e+00
7.515861674764218492e+01,8.345218124229123902e+00
7.517862246356102673e+01,7.846096606187126454e+00
7.519862817947985434e+01,8.100480594024382697e+00
7.521863389539868194e+01,7.713752762862196022e+00
7.523863961131752376e+01,7.832888732200602888e+00
7.525864532723635136e+01,7.884144524758520234e+00
7.527865104315519318e+01,8.028616331926938798e+00
7.529865675907402078e+01,7.922663601172500236e+00
7.531866247499286260e+01,8.489876771400259869e+00
7.533866819091169020e+01,8.323983040549688184e+00
7.535867390683053202e+01,7.915567883754091483e+00
7.537867962274935962e+01,7.464747666915537039e+00
7.539868533866820144e+01,8.757236406403048790e+00
7.541869105458702904e+01,7.955949672272611295e+00
7.543869677050585665e+01,7.888416831913913185e+00
7.545870248642469846e+01,8.116036099405734561e+00
7.547870820234352607e+01,7.874878862751095276e+00
7.549871391826236788e+01,7.753824873300809273e+00
7.551871963418119549e+01,7.658489256796052302e+00
7.553872535010003730e+01,7.109646838533297597e+00
7.555873106601886491e+01,6.665461953432221698e+00
7.557873678193770672e+01,7.005377289900485138e+00
7.559874249785653433e+01,7.583782865181996513e+00
7.561874821377536193e+01,6.549260476992306401e+00
7.563875392969420375e+01,7.499931692060521016e+00
7.565875964561303135e+01,6.983970601161064273e+00
7.567876536153187317e+01,6.829389864040113167e+00
7.569877107745070077e+01,6.791525659020730465e+00
7.571877679336954259e+01,6.690415733230420159e+00
7.573878250928837019e+01,6.577555729657900585e+00
7.575878822520721201e+01,6.515851344827897407e+00
7.577879394112603961e+01,6.781779649565315538e+00
7.579879965704486722e+01,7.296587635483769319e+00
7.581880537296370903e+01,6.731034363839888179e+00
7.583881108888253664e+01,6.093787806148115216e+00
7.585881680480137845e+01,7.465313189217322787e+00
7.587882252072020606e+01,6.272628898164667177e+00
7.589882823663904787e+01,6.387061400343757356e+00
7.591883395255787548e+01,6.213389745024506361e+00
7.593883966847671729e+01,5.949623769062966971e+00
7.595884538439554490e+01,6.125299628344555991e+00
7.597885110031437250e+01,6.462288686636904700e+00
7.599885681623321432e+01,6.171301211354755623e+00
7.601886253215204192e+01,5.715112041334675652e+00
7.603886824807088374e+01,6.906398535289866913e+00
7.605887396398971134e+01,5.770169036877354607e+00
7.607887967990855316e+01,6.141246521550292492e+00
7.609888539582738076e+01,5.884856708221085420e+00
7.611889111174622258e+01,5.913717393297125646e+00
7.613889682766505018e+01,6.323271799265655524e+00
7.615890254358387779e+01,6.130241429843376721e+00
7.617890825950271960e+01,6.415493879364348118e+00
7.619891397542154721e+01,6.473154575925800458e+00
7.621891969134038902e+01,6.714090155276946525e+00
7.623892540725921663e+01,6.814547946627540931e+00
7.625893112317805844e+01,6.875428419847274597e+00
7.627893683909688605e+01,6.982962199701275630e+00
7.629894255501572786e+01,6.585092141599321991e+00
7.631894827093455547e+01,6.699055360999050635e+00
7.633895398685339728e+01,7.037533480799979202e+00
7.635895970277222489e+01,6.947124293197703082e+00
7.637896541869105249e+01,7.296485543080857283e+00
7.639897113460989431e+01,7.489486200826087625e+00
7.641897685052872191e+01,7.087854448119196960e+00
7.643898256644756373e+01,7.139690679164944598e+00
7.645898828236639133e+01,7.149421630860883781e+00
7.647899399828523315e+01,6.982097612750218119e+00
7.649899971420406075e+01,7.175488497877948291e+00
7.651900543012290257e+01,7.970090415052333732e+00
7.653901114604173017e+01,7.162796589332023345e+00
7.655901686196055778e+01,7.844803016168069298e+00
7.657902257787939959e+01,7.704620740084371810e+00
7.659902829379822720e+01,7.518965151363204313e+00
7.661903400971706901e+01,7.946315966372108797e+00
7.663903972563589662e+01,8.330081697327806012e+00
7.665904544155473843e+01,7.606664407856092325e+00
7.667905115747356604e+01,7.994171047564794463e+00
7.669905687339240785e+01,7.865045094451497576e+00
7.671906258931123546e+01,8.140260717165903159e+00
7.673906830523006306e+01,8.042139450849729698e+00
7.675907402114890488e+01,8.017289221709333447e+00
7.677907973706773248e+01,8.550160579679383588e+00
7.679908545298657430e+01,7.562471846831133604e+00
7.681909116890540190e+01,7.804908243663890133e+00
7.683909688482424372e+01,7.750842117629253458e+00
7.685910260074307132e+01,7.900381511767032627e+00
7.687910831666191314e+01,7.758430984171016398e+00
7.689911403258074074e+01,7.564068841798291309e+00
7.691911974849956835e+01,8.327702655158372380e+00
7.693912546441841016e+01,8.515636937189396960e+00
7.695913118033723777e+01,8.672346610321572058e+00
7.697913689625607958e+01,7.676351423218661374e+00
7.699914261217490719e+01,8.340282664668549728e+00
7.701914832809374900e+01,8.451416310643068641e+00
7.703915404401257661e+01,7.814550903095470957e+00
7.705915975993141842e+01,8.426686752106400391e+00
7.707916547585024603e+01,7.683464384177692175e+00
7.709917119176907363e+01,7.726068729194590645e+00
7.711917690768791545e+01,8.042562777824164399e+00
7.713918262360674305e+01,8.159077965486964956e+00
7.715918833952558487e+01,8.303705735008225730e+00
7.717919405544441247e+01,8.407308753935772927e+00
7.719919977136325429e+01,7.773879606616384663e+00
7.721920548728208189e+01,7.917801434757766543e+00
7.723921120320092371e+01,8.188735757086329059e+00
7.725921691911975131e+01,7.792491774115405612e+00
7.727922263503859313e+01,7.496884783317337764e+00
7.729922835095742073e+01,8.348406829478438596e+00
7.731923406687624833e+01,7.640998674642945687e+00
7.733923978279509015e+01,7.535052675115972320e+00
7.735924549871391775e+01,7.968627765803342200e+00
7.737925121463275957e+01,8.116855028849121467e+00
7.739925693055158717e+01,8.513376469401379154e+00
7.741926264647042899e+01,7.528706075570218204e+00
7.743926836238925659e+01,8.035661715036361841e+00
7.745927407830809841e+01,7.994083342330201347e+00
7.747927979422692601e+01,7.631556661890448012e+00
7.749928551014575362e+01,7.283310214942413374e+00
7.751929122606459543e+01,7.996773135794477128e+00
7.753929694198342304e+01,7.002313972730171088e+00
7.755930265790226485e+01,8.177346503356163865e+00
7.757930837382109246e+01,7.575617911907344570e+00
7.759931408973993427e+01,7.523836247031335134e+00
7.761931980565876188e+01,7.879317098706826172e+00
7.763932552157760369e+01,7.457077822403710421e+00
7.765933123749643130e+01,8.222549657483012808e+00
7.767933695341525890e+01,7.238829645697069992e+00
7.769934266933410072e+01,8.116057664342287481e+00
7.771934838525292832e+01,7.684564221137659246e+00
7.773935410117177014e+01,7.749971278891201187e+00
7.775935981709059774e+01,7.352103474862985877e+00
7.777936553300943956e+01,7.137822264310761611e+00
7.779937124892826716e+01,8.244080328812081859e+00
7.781937696484710898e+01,7.228829773821363602e+00
7.783938268076593658e+01,7.433491953020636700e+00
7.785938839668476419e+01,7.776405730306582775e+00
7.787939411260360600e+01,7.712652222000951241e+00
7.789939982852243361e+01,7.744064750350452719e+00
7.791940554444127542e+01,7.063635131095860942e+00
7.793941126036010303e+01,7.520498923613428310e+00
7.795941697627894484e+01,7.184232803218898233e+00
7.797942269219777245e+01,7.259146557156931578e+00
7.799942840811661426e+01,7.940207765603668477e+00
7.801943412403544187e+01,7.949328424616277644e+00
7.803943983995426947e+01,7.689797628045388578e+00
7.805944555587311129e+01,7.625360463581189130e+00
7.807945127179193889e+01,7.743470137094506711e+00
7.809945698771078071e+01,7.430199758493546192e+00
7.811946270362960831e+01,7.842357177426102055e+00
7.813946841954845013e+01,8.365806283496150186e+00
7.815947413546727773e+01,8.279418625276203869e+00
7.817947985138611955e+01,8.260263750592722332e+00
7.819948556730494715e+01,7.989981708606407551e+00
7.821949128322378897e+01,7.261344799486208146e+00
7.823949699914261657e+01,8.652032648022032646e+00
7.825950271506144418e+01,8.249139486105299568e+00
7.827950843098028599e+01,8.978156695342226712e+00
7.829951414689911360e+01,7.609399773095656627e+00
7.831951986281795541e+01,8.454363821287019576e+00
7.833952557873678302e+01,8.973806744989285988e+00
7.835953129465562483e+01,8.158668151796312884e+00
7.837953701057445244e+01,8.508061941355487434e+00
7.839954272649329425e+01,9.096783035465847433e+00
7.841954844241212186e+01,8.060766346951879768e+00
7.843955415833094946e+01,8.436709458090374980e+00
7.845955987424979128e+01,9.206200165146144698e+00
7.847956559016861888e+01,8.908000760248436123e+00
7.849957130608746070e+01,8.891823940724826514e+00
7.851957702200628830e+01,8.032201682089734618e+00
7.853958273792513012e+01,7.874413851120887209e+00
7.855958845384395772e+01,7.726329780908169909e+00
7.857959416976279954e+01,8.541107132465088014e+00
7.859959988568162714e+01,8.348485402919582299e+00
7.861960560160045475e+01,8.944830677984199951e+00
7.863961131751929656e+01,8.219825221270712134e+00
7.865961703343812417e+01,8.046026875928125932e+00
7.867962274935696598e+01,8.872025756220205395e+00
7.869962846527579359e+01,8.900577299886876403e+00
7.871963418119463540e+01,8.841878966891705716e+00
7.873963989711346301e+01,8.975507380531418278e+00
7.875964561303230482e+01,9.237057192312164489e+00
7.877965132895113243e+01,8.635781254855674050e+00
7.879965704486996003e+01,8.528007573098008720e+00
7.881966276078880185e+01,8.252841396727557566e+00
7.883966847670762945e+01,8.563071508021833367e+00
7.885967419262647127e+01,8.231661768564720205e+00
7.887967990854529887e+01,9.168647629828260648e+00
7.889968562446414069e+01,8.993544439716121275e+00
7.891969134038296829e+01,8.549933088644950274e+00
7.893969705630181011e+01,7.749422322608890745e+00
7.895970277222063771e+01,8.809380036864501662e+00
7.897970848813946532e+01,8.392363879617404265e+00
7.899971420405830713e+01,8.005257496883841029e+00
7.901971991997713474e+01,7.759775414708414587e+00
7.903972563589597655e+01,8.266552432134872674e+00
7.905973135181480416e+01,8.570520324864656203e+00
7.907973706773364597e+01,8.715408864245437925e+00
7.909974278365247358e+01,7.618429059861470343e+00
7.911974849957131539e+01,7.291267446732063284e+00
7.913975421549014300e+01,7.909895613941726467e+00
7.915975993140898481e+01,7.549133956350742025e+00
7.917976564732781242e+01,7.932080701593074323e+00
7.919977136324664002e+01,7.235820515980023515e+00
7.921977707916548184e+01,7.734014266172882124e+00
7.923978279508430944e+01,8.032198220251572707e+00
7.925978851100315126e+01,7.263240178028519622e+00
7.927979422692197886e+01,7.664434463921016238e+00
7.929979994284082068e+01,7.883923609327984749e+00
7.931980565875964828e+01,7.841603556440762013e+00
7.933981137467849010e+01,8.623544786072216084e+00
7.935981709059731770e+01,7.489571533265142911e+00
7.937982280651614531e+01,8.424805911196740382e+00
7.939982852243498712e+01,8.276332925914697825e+00
7.941983423835381473e+01,8.170488856558218771e+00
7.943983995427265654e+01,8.181448770056084285e+00
7.945984567019148415e+01,8.456173082211831726e+00
7.947985138611032596e+01,8.653325742702953960e+00
7.949985710202915357e+01,9.024096991735348183e+00
7.951986281794799538e+01,8.769359345892549840e+00
7.953986853386682299e+01,8.490290076624312121e+00
7.955987424978565059e+01,8.464553462047598842e+00
7.957987996570449241e+01,8.252127502886750676e+00
7.959988568162332001e+01,9.200343624443107160e+00
7.961989139754216183e+01,8.755274890995238479e+00
7.963989711346098943e+01,9.050728970473977952e+00
7.965990282937983125e+01,9.352156747911690715e+00
7.967990854529865885e+01,8.786865901316977201e+00
7.969991426121750067e+01,9.418551286606707151e+00
7.971991997713632827e+01,9.333592961837032576e+00
7.973992569305515588e+01,9.349891077661865779e+00
7.975993140897399769e+01,9.799218922449206559e+00
7.977993712489282530e+01,8.951843394693760558e+00
7.979994284081166711e+01,9.191614511490847406e+00
7.981994855673049472e+01,8.550076794239451772e+00
7.983995427264933653e+01,9.193624103127543634e+00
7.985995998856816414e+01,8.748477837599285323e+00
7.987996570448700595e+01,9.015621281480330040e+00
7.989997142040583356e+01,8.410034722427390363e+00
7.991997713632466116e+01,8.208818842479924882e+00
7.993998285224350298e+01,9.106382010545083006e+00
7.995998856816233058e+01,8.143492778751820538e+00
7.997999428408117240e+01,8.505696849639583945e+00
8.000000000000000000e+01,7.746527767864838765e+00
