angle,intensity
1.000000000000000000e+01,2.843910995833632605e+00
1.002000571591883471e+01,4.502262687494086535e+00
1.004001143183766764e+01,4.702477946188001745e+00
1.006001714775650235e+01,4.486273793499404583e+00
1.008002286367533529e+01,4.466916057080523750e+00
1.010002857959417000e+01,4.223768736014082315e+00
1.012003429551300293e+01,4.841602590713094401e+00
1.014004001143183764e+01,4.782448088847663925e+00
1.016004572735067235e+01,4.625071021095473967e+00
1.018005144326950528e+01,5.145772088191803206e+00
1.020005715918833999e+01,4.354372337460098663e+00
1.022006287510717293e+01,4.646464165700142424e+00
1.024006859102600764e+01,4.599675488097615172e+00
1.026007430694484057e+01,5.199413513739860271e+00
1.028008002286367528e+01,5.181484451711702022e+00
1.030008573878250999e+01,4.598737481341093059e+00
1.032009145470134293e+01,5.111621710257892914e+00
1.034009717062017764e+01,4.193276693616695638e+00
1.036010288653901057e+01,5.204741852000740465e+00
1.038010860245784528e+01,5.374313980312248162e+00
1.040011431837667999e+01,4.759101102433439756e+00
1.042012003429551292e+01,5.622130639779730821e+00
1.044012575021434763e+01,4.693702595926407817e+00
1.046013146613318057e+01,4.443281904231180413e+00
1.048013718205201528e+01,4.920466214615727196e+00
1.050014289797084821e+01,5.053711069796100297e+00
1.052014861388968292e+01,4.868034646207950011e+00
1.054015432980851585e+01,4.594019969104527590e+00
1.056016004572735056e+01,4.598027574747439949e+00
1.058016576164618527e+01,5.300345090711835461e+00
1.060017147756501821e+01,5.309028212643757350e+00
1.062017719348385292e+01,5.330475793016557162e+00
1.064018290940268585e+01,5.647354748377694023e+00
1.066018862532152056e+01,5.097767433727062425e+00
1.068019434124035527e+01,4.862587268324259249e+00
1.070020005715918820e+01,6.252173920851885391e+00
1.072020577307802292e+01,5.538230509001973445e+00
1.074021148899685585e+01,5.211365067093643333e+00
1.076021720491569056e+01,5.902294792129654688e+00
1.078022292083452349e+01,6.110609425929881766e+00
1.080022863675335820e+01,6.376561967032683853e+00
1.082023435267219291e+01,5.110186020201064494e+00
1.084024006859102585e+01,6.535746964365764633e+00
1.086024578450986056e+01,6.384268337452335018e+00
1.088025150042869349e+01,5.260402183376828411e+00
1.090025721634752820e+01,5.572990294159532176e+00
1.092026293226636113e+01,5.955473874745337071e+00
1.094026864818519584e+01,5.860106142813058305e+00
1.096027436410403055e+01,7.124896009258204543e+00
1.098028008002286349e+01,6.438055727752048263e+00
1.100028579594169820e+01,6.394376986069287838e+00
1.102029151186053113e+01,6.713934750439690902e+00
1.104029722777936584e+01,6.731853001810805814e+00
1.106030294369819877e+01,6.324281762039785093e+00
1.108030865961703348e+01,6.990393636167976155e+00
1.110031437553586819e+01,6.715179626417508985e+00
1.112032009145470113e+01,7.077872267741198264e+00
1.114032580737353584e+01,7.271577270515416913e+00
1.116033152329236877e+01,7.482866189784685318e+00
1.118033723921120348e+01,8.144690606704914515e+00
1.120034295513003642e+01,7.304694965295624343e+00
1.122034867104887113e+01,7.538907758336471865e+00
1.124035438696770584e+01,8.680634725361199955e+00
1.126036010288653877e+01,7.369363412186808127e+00
1.128036581880537348e+01,8.137012440425113624e+00
1.130037153472420641e+01,8.839371016697096906e+00
1.132037725064304112e+01,8.450132892085141734e+00
1.134038296656187583e+01,8.566217972998643404e+00
1.136038868248070877e+01,9.219091665298577709e+00
1.138039439839954348e+01,9.306307532571922891e+00
1.140040011431837641e+01,9.963074836373145615e+00
1.142040583023721112e+01,1.051930693784860082e+01
1.144041154615604405e+01,1.018335090690042222e+01
1.146041726207487876e+01,1.095167123520359986e+01
1.148042297799371170e+01,1.106439115571743237e+01
1.150042869391254641e+01,1.049778802110947140e+01
1.152043440983138112e+01,1.182018367801390113e+01
1.154044012575021405e+01,1.153498259419307992e+01
1.156044584166904876e+01,1.176154107682648942e+01
1.158045155758788169e+01,1.175951514723646696e+01
1.160045727350671640e+01,1.283055667436527614e+01
1.162046298942555111e+01,1.292041067844557389e+01
1.164046870534438405e+01,1.307855619683232007e+01
1.166047442126321876e+01,1.333284209118780517e+01
1.168048013718205169e+01,1.441750145591385390e+01
1.170048585310088640e+01,1.436085395333087078e+01
1.172049156901971934e+01,1.459632763296070479e+01
1.174049728493855405e+01,1.422929979734493422e+01
1.176050300085738698e+01,1.580723924860676455e+01
1.178050871677622169e+01,1.614311574338550770e+01
1.180051443269505640e+01,1.590098636814333055e+01
1.182052014861388933e+01,1.674346792583341070e+01
1.184052586453272404e+01,1.682304063516090764e+01
1.186053158045155698e+01,1.814343454301092606e+01
1.188053729637039169e+01,1.825265918848748470e+01
1.190054301228922640e+01,1.785312308967409933e+01
1.192054872820805933e+01,1.929623971518643799e+01
1.194055444412689404e+01,1.975919292402292271e+01
1.196056016004572697e+01,1.967636197716664981e+01
1.198056587596456168e+01,2.017174489584382258e+01
1.200057159188339639e+01,2.076321396915446726e+01
1.202057730780222933e+01,2.115597200034959968e+01
1.204058302372106226e+01,2.154118674910875342e+01
1.206058873963989697e+01,2.256524514041172935e+01
1.208059445555873168e+01,2.364052670212372931e+01
1.210060017147756461e+01,2.452252382878442205e+01
1.212060588739639932e+01,2.469709930813167631e+01
1.214061160331523226e+01,2.560496370345139638e+01
1.216061731923406697e+01,2.632920993496073336e+01
1.218062303515290168e+01,2.573314572722338767e+01
1.220062875107173461e+01,2.771141952390108543e+01
1.222063446699056932e+01,2.799597008238170659e+01
1.224064018290940226e+01,2.808859204513482055e+01
1.226064589882823697e+01,2.961942840189104942e+01
1.228065161474707168e+01,3.046159798298412369e+01
1.230065733066590461e+01,3.152790436452700007e+01
1.232066304658473754e+01,3.174247662352859578e+01
1.234066876250357225e+01,3.311738636542212078e+01
1.236067447842240696e+01,3.367336288289035906e+01
1.238068019434123990e+01,3.457452429049014597e+01
1.240068591026007461e+01,3.474752726739807684e+01
1.242069162617890754e+01,3.550362484066518221e+01
1.244069734209774225e+01,3.611875400150380244e+01
1.246070305801657696e+01,3.716304791411396735e+01
1.248070877393540989e+01,3.864098395163514255e+01
1.250071448985424460e+01,3.949488594044979095e+01
1.252072020577307754e+01,3.979847405931707272e+01
1.254072592169191225e+01,4.071828686846244949e+01
1.256073163761074696e+01,4.170424595881873131e+01
1.258073735352957989e+01,4.244550372306999719e+01
1.260074306944841460e+01,4.432060602286419737e+01
1.262074878536724754e+01,4.538403991338883969e+01
1.264075450128608225e+01,4.672826283161586503e+01
1.266076021720491518e+01,4.740956440938096250e+01
1.268076593312374989e+01,4.864619770187356096e+01
1.270077164904258282e+01,4.986343525078683570e+01
1.272077736496141753e+01,5.053842889873249078e+01
1.274078308088025224e+01,5.168434615954381428e+01
1.276078879679908518e+01,5.334562259621581859e+01
1.278079451271791989e+01,5.456762888469958739e+01
1.280080022863675282e+01,5.537216540239890605e+01
1.282080594455558753e+01,5.649549272709431591e+01
1.284081166047442224e+01,5.783134652906082351e+01
1.286081737639325517e+01,5.864943159958300356e+01
1.288082309231208988e+01,6.017202319823253731e+01
1.290082880823092282e+01,6.080502121981794517e+01
1.292083452414975753e+01,6.278444235253270733e+01
1.294084024006859224e+01,6.371084133396260540e+01
1.296084595598742517e+01,6.622543448498463192e+01
1.298085167190625810e+01,6.685805427822684521e+01
1.300085738782509281e+01,6.742774706617522895e+01
1.302086310374392752e+01,6.951188734968724248e+01
1.304086881966276046e+01,7.036212310897550992e+01
1.306087453558159517e+01,7.307851296024338694e+01
1.308088025150042810e+01,7.362660439356747588e+01
1.310088596741926281e+01,7.488045460619598259e+01
1.312089168333809752e+01,7.656259703437407893e+01
1.314089739925693046e+01,7.792302951462917804e+01
1.316090311517576517e+01,7.949205580769330481e+01
1.318090883109459810e+01,8.025637072139721795e+01
1.320091454701343281e+01,8.148058209623940229e+01
1.322092026293226752e+01,8.312082017348686236e+01
1.324092597885110045e+01,8.460554542667057376e+01
1.326093169476993339e+01,8.576835175544604795e+01
1.328093741068876810e+01,8.777488373876869332e+01
1.330094312660760281e+01,8.873201042085568702e+01
1.332094884252643574e+01,8.999068820482247588e+01
1.334095455844527045e+01,9.209286048160751648e+01
1.336096027436410338e+01,9.338411149982771065e+01
1.338096599028293809e+01,9.355252021235978077e+01
1.340097170620177280e+01,9.459325384179695106e+01
1.342097742212060574e+01,9.552118222458057062e+01
1.344098313803944045e+01,9.672141871632017285e+01
1.346098885395827338e+01,9.746548198571696275e+01
1.348099456987710809e+01,9.781138979693290025e+01
1.350100028579594280e+01,9.790787323807677467e+01
1.352100600171477573e+01,9.881522396210863235e+01
1.354101171763361044e+01,9.849449320098378280e+01
1.356101743355244338e+01,9.836746914462861469e+01
1.358102314947127809e+01,9.798695646105595358e+01
1.360102886539011102e+01,9.752731460496474369e+01
1.362103458130894573e+01,9.627955362928207705e+01
1.364104029722777867e+01,9.539070529175853608e+01
1.366104601314661338e+01,9.433846103407115891e+01
1.368105172906544809e+01,9.198195678425111055e+01
1.370105744498428102e+01,9.084925953119230257e+01
1.372106316090311573e+01,8.808949327885274272e+01
1.374106887682194866e+01,8.623414342208045014e+01
1.376107459274078337e+01,8.257398638881983288e+01
1.378108030865961808e+01,8.052572938804667046e+01
1.380108602457845102e+01,7.683843290477983601e+01
1.382109174049728573e+01,7.366736175049310020e+01
1.384109745641611866e+01,7.019845731627742680e+01
1.386110317233495337e+01,6.567774970706295790e+01
1.388110888825378808e+01,6.252541058085225956e+01
1.390111460417262101e+01,5.920952454798176490e+01
1.392112032009145395e+01,5.512508564144540912e+01
1.394112603601028866e+01,5.232707935089615603e+01
1.396113175192912337e+01,4.826213882912994535e+01
1.398113746784795630e+01,4.576154553754533083e+01
1.400114318376679101e+01,4.288289273936852908e+01
1.402114889968562395e+01,4.007391199032069551e+01
1.404115461560445866e+01,3.714564312457515882e+01
1.406116033152329337e+01,3.563098265771984785e+01
1.408116604744212630e+01,3.370127434529446475e+01
1.410117176336095923e+01,3.122945461278559165e+01
1.412117747927979394e+01,2.946492152590647606e+01
1.414118319519862865e+01,2.771719863527674477e+01
1.416118891111746336e+01,2.693712421745437524e+01
1.418119462703629630e+01,2.573522608500279674e+01
1.420120034295512923e+01,2.412758960984552914e+01
1.422120605887396394e+01,2.355595082511926464e+01
1.424121177479279865e+01,2.154589245993641100e+01
1.426121749071163336e+01,2.127322918193851820e+01
1.428122320663046629e+01,1.973274085954221846e+01
1.430122892254929923e+01,1.968291750878191237e+01
1.432123463846813394e+01,1.768670335295807661e+01
1.434124035438696865e+01,1.733963523404155893e+01
1.436124607030580158e+01,1.746771958559068594e+01
1.438125178622463629e+01,1.659588654151548681e+01
1.440125750214346922e+01,1.587477471799225448e+01
1.442126321806230393e+01,1.515502534072176388e+01
1.444126893398113864e+01,1.494487982627671663e+01
1.446127464989997158e+01,1.458374634484328070e+01
1.448128036581880451e+01,1.418577576737136070e+01
1.450128608173763922e+01,1.361819066659370669e+01
1.452129179765647393e+01,1.333310026117271718e+01
1.454129751357530864e+01,1.314555279166757806e+01
1.456130322949414158e+01,1.301098601394683385e+01
1.458130894541297451e+01,1.293339361989556657e+01
1.460131466133180922e+01,1.321831429352040033e+01
1.462132037725064393e+01,1.230485238377604951e+01
1.464132609316947686e+01,1.151546426695329650e+01
1.466133180908831157e+01,1.158909462778513166e+01
1.468133752500714451e+01,1.160187298467760364e+01
1.470134324092597922e+01,1.227716515884298687e+01
1.472134895684481393e+01,1.092503723015275696e+01
1.474135467276364686e+01,1.087538329568833362e+01
1.476136038868247979e+01,1.142882994791324158e+01
1.478136610460131450e+01,1.062084718851082243e+01
1.480137182052014921e+01,1.069332358316669307e+01
1.482137753643898392e+01,1.106749503330460271e+01
1.484138325235781686e+01,1.131925100428129483e+01
1.486138896827664979e+01,1.020482679869865095e+01
1.488139468419548450e+01,1.026981580012278528e+01
1.490140040011431921e+01,1.059987218589478708e+01
1.492140611603315392e+01,1.047514534225929594e+01
1.494141183195198685e+01,1.045387708154945372e+01
1.496141754787081979e+01,9.751099381125774457e+00
1.498142326378965450e+01,1.117241506383151339e+01
1.500142897970848921e+01,1.029070106017616659e+01
1.502143469562732214e+01,1.020630395598902673e+01
1.504144041154615508e+01,9.801763608159044239e+00
1.506144612746498979e+01,1.069505427267504416e+01
1.508145184338382450e+01,9.367454400737585729e+00
1.510145755930265921e+01,1.004957724253995011e+01
1.512146327522149214e+01,9.410995330439746454e+00
1.514146899114032507e+01,8.946946756074714457e+00
1.516147470705915978e+01,9.635290386684232544e+00
1.518148042297799449e+01,9.766183362812363100e+00
1.520148613889682920e+01,8.860529639301219618e+00
1.522149185481566214e+01,9.688786351309445877e+00
1.524149757073449507e+01,8.816148013354933255e+00
1.526150328665332978e+01,9.926578647476281603e+00
1.528150900257216449e+01,8.662580492168855173e+00
1.530151471849099742e+01,9.182351713865957166e+00
1.532152043440983036e+01,9.600094319564266954e+00
1.534152615032866507e+01,9.055740255143058803e+00
1.536153186624749978e+01,8.654358125723168982e+00
1.538153758216633449e+01,9.170592229070702928e+00
1.540154329808516742e+01,8.863862229586839447e+00
1.542154901400400036e+01,7.891286183696175627e+00
1.544155472992283507e+01,8.357415698453440456e+00
1.546156044584166978e+01,8.682497885086961631e+00
1.548156616176050449e+01,8.259047394179852120e+00
1.550157187767933742e+01,8.451997625195122765e+00
1.552157759359817035e+01,8.407887999684387381e+00
1.554158330951700506e+01,8.225233503577893401e+00
1.556158902543583977e+01,8.863943387049504352e+00
1.558159474135467271e+01,7.757755327393817346e+00
1.560160045727350742e+01,8.765041478100151551e+00
1.562160617319234035e+01,7.853515298399722511e+00
1.564161188911117506e+01,8.149941163318557003e+00
1.566161760503000977e+01,8.222247476639331865e+00
1.568162332094884270e+01,7.928613804380097996e+00
1.570162903686767564e+01,9.277195157308907980e+00
1.572163475278651035e+01,8.186343607650535148e+00
1.574164046870534506e+01,8.618203525349919403e+00
1.576164618462417977e+01,9.023809570145145287e+00
1.578165190054301270e+01,8.578415597597732756e+00
1.580165761646184563e+01,8.312099238112342192e+00
1.582166333238068034e+01,8.163070010112445374e+00
1.584166904829951505e+01,9.341624979456906175e+00
1.586167476421834799e+01,8.589715863673184515e+00
1.588168048013718270e+01,8.510343324653581121e+00
1.590168619605601563e+01,8.982942188681731110e+00
1.592169191197485034e+01,8.795454889382316566e+00
1.594169762789368505e+01,8.685404050722539182e+00
1.596170334381251799e+01,8.592240231146806906e+00
1.598170905973135092e+01,8.930177769908855367e+00
1.600171477565018563e+01,9.244499174661601870e+00
1.602172049156902034e+01,9.229497833050164246e+00
1.604172620748785505e+01,9.307991591033516698e+00
1.606173192340668976e+01,9.251501018314939984e+00
1.608173763932552092e+01,9.667317291924106826e+00
1.610174335524435563e+01,9.212990952412726031e+00
1.612174907116319034e+01,8.684963540282129912e+00
1.614175478708202505e+01,9.561548533495347613e+00
1.616176050300085620e+01,8.802178008442957946e+00
1.618176621891969091e+01,9.645240439909930075e+00
1.620177193483852562e+01,9.221021887939722106e+00
1.622177765075736033e+01,9.035201460322499045e+00
1.624178336667619504e+01,9.895727423807169743e+00
1.626178908259502620e+01,8.529111300895065639e+00
1.628179479851386091e+01,9.625651531787049464e+00
1.630180051443269562e+01,8.958315420582209754e+00
1.632180623035153033e+01,9.155743096414104443e+00
1.634181194627036149e+01,8.878958169028264180e+00
1.636181766218919620e+01,8.600243201216606792e+00
1.638182337810803091e+01,8.976502319030165822e+00
1.640182909402686562e+01,8.286621526025150786e+00
1.642183480994570033e+01,8.232634611764440891e+00
1.644184052586453504e+01,8.696064259643533134e+00
1.646184624178336620e+01,8.427566725983705709e+00
1.648185195770220091e+01,7.846835673771686004e+00
1.650185767362103562e+01,7.001945893747395289e+00
1.652186338953986677e+01,7.875562407040068713e+00
1.654186910545870148e+01,6.865241659903754012e+00
1.656187482137753619e+01,7.007406340903683528e+00
1.658188053729637090e+01,6.979011483412643102e+00
1.660188625321520561e+01,7.267581617333160438e+00
1.662189196913404032e+01,6.510699242770478179e+00
1.664189768505287148e+01,6.240657696426985979e+00
1.666190340097170619e+01,6.259672777497993224e+00
1.668190911689054090e+01,6.717166590552901440e+00
1.670191483280937561e+01,6.764052866742744641e+00
1.672192054872820677e+01,6.114292010642762065e+00
1.674192626464704148e+01,5.749333862194702327e+00
1.676193198056587619e+01,5.533927597963868905e+00
1.678193769648471090e+01,5.469690754080644979e+00
1.680194341240354561e+01,5.762859899028848432e+00
1.682194912832238032e+01,6.264479004380570260e+00
1.684195484424121148e+01,5.617025284310501299e+00
1.686196056016004619e+01,5.805700046230127143e+00
1.688196627607888090e+01,6.100614372968184540e+00
1.690197199199771205e+01,5.687520894158144102e+00
1.692197770791654676e+01,5.643374789544434833e+00
1.694198342383538147e+01,5.460240274117690085e+00
1.696198913975421618e+01,4.516638553568119718e+00
1.698199485567305089e+01,5.040825449628687949e+00
1.700200057159188560e+01,4.653143153379222241e+00
1.702200628751071676e+01,5.222775169357077196e+00
1.704201200342955147e+01,4.771505770567701532e+00
1.706201771934838618e+01,5.259517398950881883e+00
1.708202343526722089e+01,4.664700108564220571e+00
1.710202915118605205e+01,5.537462481956024085e+00
1.712203486710488676e+01,5.605325761172990084e+00
1.714204058302372147e+01,4.743349786689778469e+00
1.716204629894255618e+01,4.452802155040854970e+00
1.718205201486139089e+01,5.096423858831021114e+00
1.720205773078022204e+01,5.057193893315313105e+00
1.722206344669905675e+01,4.951239760118356870e+00
1.724206916261789146e+01,4.402223461205711175e+00
1.726207487853672617e+01,4.758076921520096647e+00
1.728208059445555733e+01,5.472219754316309803e+00
1.730208631037439204e+01,5.304582893199639493e+00
1.732209202629322675e+01,4.607098144247514071e+00
1.734209774221206146e+01,5.327469749826526879e+00
1.736210345813089617e+01,4.975310863794895511e+00
1.738210917404973088e+01,5.105604566333129313e+00
1.740211488996856204e+01,5.020137338797317383e+00
1.742212060588739675e+01,4.943804761506117806e+00
1.744212632180623146e+01,4.457641875453262514e+00
1.746213203772506262e+01,5.072126916811738440e+00
1.748213775364389733e+01,5.635711917547471472e+00
1.750214346956273204e+01,4.397896746336786400e+00
1.752214918548156675e+01,4.734824081587313493e+00
1.754215490140040146e+01,5.350226356367507208e+00
1.756216061731923617e+01,5.468339858887228289e+00
1.758216633323806732e+01,4.749396741115506693e+00
1.760217204915690203e+01,4.207742252426907470e+00
1.762217776507573674e+01,5.509035888542631376e+00
1.764218348099457145e+01,5.453257127242234326e+00
1.766218919691340261e+01,5.143315043542736831e+00
1.768219491283223732e+01,5.101311236320096754e+00
1.770220062875107203e+01,4.523378667794210273e+00
1.772220634466990674e+01,4.863656709496907204e+00
1.774221206058874145e+01,4.904783188104364200e+00
1.776221777650757616e+01,5.306544311594734609e+00
1.778222349242640732e+01,4.428689584051358707e+00
1.780222920834524203e+01,4.839301187887966371e+00
1.782223492426407674e+01,4.572879077896308431e+00
1.784224064018290790e+01,5.421789063205910253e+00
1.786224635610174261e+01,5.073165541112221177e+00
1.788225207202057732e+01,5.031990441867053576e+00
1.790225778793941203e+01,4.792521143617618939e+00
1.792226350385824674e+01,5.131134916571690852e+00
1.794226921977708145e+01,5.324778698658000131e+00
1.796227493569591260e+01,5.110959251923471669e+00
1.798228065161474731e+01,4.913861612408370938e+00
1.800228636753358202e+01,6.027719699314806334e+00
1.802229208345241318e+01,5.091835649242824502e+00
1.804229779937124789e+01,5.401710904435554461e+00
1.806230351529008260e+01,4.932754297809470501e+00
1.808230923120891731e+01,5.822084344274958134e+00
1.810231494712775202e+01,6.265744217928177484e+00
1.812232066304658673e+01,6.148790473841847515e+00
1.814232637896542144e+01,5.882887154563813503e+00
1.816233209488425260e+01,5.591620609717655732e+00
1.818233781080308731e+01,5.512001218955858484e+00
1.820234352672191847e+01,6.177938701516175968e+00
1.822234924264075318e+01,6.124937305102776008e+00
1.824235495855958789e+01,5.447644452620595601e+00
1.826236067447842260e+01,5.762164936411535265e+00
1.828236639039725731e+01,6.814576898971559160e+00
1.830237210631609202e+01,6.265743972044770516e+00
1.832237782223492673e+01,6.557640574085469964e+00
1.834238353815375788e+01,6.572812183150485765e+00
1.836238925407259259e+01,6.552353285244430836e+00
1.838239496999142730e+01,7.245340518478233349e+00
1.840240068591025846e+01,7.646961677585959904e+00
1.842240640182909317e+01,6.964323481762614954e+00
1.844241211774792788e+01,7.463555258181088448e+00
1.846241783366676259e+01,7.500579593243498877e+00
1.848242354958559730e+01,7.439383959415632575e+00
1.850242926550443201e+01,7.270322106262661954e+00
1.852243498142326672e+01,7.567560568221897377e+00
1.854244069734209788e+01,7.554612845091407181e+00
1.856244641326093259e+01,8.117956003273270937e+00
1.858245212917976374e+01,8.036270948032337103e+00
1.860245784509859845e+01,8.768689067424327632e+00
1.862246356101743316e+01,8.434189477817970015e+00
1.864246927693626787e+01,8.151031851054156618e+00
1.866247499285510258e+01,9.456880177586699077e+00
1.868248070877393729e+01,8.683655561026002445e+00
1.870248642469277200e+01,8.875385694834761807e+00
1.872249214061160316e+01,9.943981864482694277e+00
1.874249785653043787e+01,8.801239344708504220e+00
1.876250357244927258e+01,1.001560853522240180e+01
1.878250928836810374e+01,1.090803484147564362e+01
1.880251500428693845e+01,1.043943761420111471e+01
1.882252072020577316e+01,1.035460973362191339e+01
1.884252643612460787e+01,1.072784218009418922e+01
1.886253215204344258e+01,1.083606981710843797e+01
1.888253786796227729e+01,1.141901786451471779e+01
1.890254358388111200e+01,1.094140594262429289e+01
1.892254929979994316e+01,1.160954474332088537e+01
1.894255501571877787e+01,1.186654263427620037e+01
1.896256073163760902e+01,1.287720058258815570e+01
1.898256644755644373e+01,1.246894736204531817e+01
1.900257216347527844e+01,1.277296957292601221e+01
1.902257787939411315e+01,1.282750512620194527e+01
1.904258359531294786e+01,1.348834215212817966e+01
1.906258931123178257e+01,1.417871271711398862e+01
1.908259502715061728e+01,1.460315653018050952e+01
1.910260074306944844e+01,1.442618243493884300e+01
1.912260645898828315e+01,1.459569867563224044e+01
1.914261217490711431e+01,1.557921451510647692e+01
1.916261789082594902e+01,1.561218508083779000e+01
1.918262360674478373e+01,1.565922515541567073e+01
1.920262932266361844e+01,1.634791601724968757e+01
1.922263503858245315e+01,1.631068863248514589e+01
1.924264075450128786e+01,1.702642472953823116e+01
1.926264647042012257e+01,1.749266106830521750e+01
1.928265218633895373e+01,1.785206460882492863e+01
1.930265790225778844e+01,1.780217354647643546e+01
1.932266361817662315e+01,1.785715804003570639e+01
1.934266933409545430e+01,1.823279186321695278e+01
1.936267505001428901e+01,1.814640550649092887e+01
1.938268076593312372e+01,1.916074897954233691e+01
1.940268648185195843e+01,1.886003136626024457e+01
1.942269219777079314e+01,1.965692033367544767e+01
1.944269791368962785e+01,1.967558135828341648e+01
1.946270362960846256e+01,1.923488479167955489e+01
1.948270934552729372e+01,1.915361113437711182e+01
1.950271506144612843e+01,1.944559147715776248e+01
1.952272077736495959e+01,1.959108869431474886e+01
1.954272649328379430e+01,1.989382580024665970e+01
1.956273220920262901e+01,1.949464863728606545e+01
1.958273792512146372e+01,1.875862661408428878e+01
1.960274364104029843e+01,1.929574963760834549e+01
1.962274935695913314e+01,1.869199029092796138e+01
1.964275507287796785e+01,1.870213945384695720e+01
1.966276078879679901e+01,1.843198695133567000e+01
1.968276650471563372e+01,1.768248169264673564e+01
1.970277222063446487e+01,1.796298455278835604e+01
1.972277793655329958e+01,1.857091347975134710e+01
1.974278365247213429e+01,1.697780959200714079e+01
1.976278936839096900e+01,1.759677470379445552e+01
1.978279508430980371e+01,1.760789180660768949e+01
1.980280080022863842e+01,1.655146498868392513e+01
1.982280651614747313e+01,1.629047886730936057e+01
1.984281223206630784e+01,1.659555881855071391e+01
1.986281794798513900e+01,1.706196411410129699e+01
1.988282366390397371e+01,1.650473910850473658e+01
1.990282937982280487e+01,1.561409770755526694e+01
1.992283509574163958e+01,1.611691421748693998e+01
1.994284081166047429e+01,1.654125689107521069e+01
1.996284652757930900e+01,1.690612439828561264e+01
1.998285224349814371e+01,1.611573873229229292e+01
2.000285795941697842e+01,1.646884708569261591e+01
2.002286367533581313e+01,1.681136821666628478e+01
2.004286939125464428e+01,1.695220536218890217e+01
2.006287510717347899e+01,1.536887069470406963e+01
2.008288082309231015e+01,1.519204158764333101e+01
2.010288653901114486e+01,1.513495696673750501e+01
2.012289225492997957e+01,1.507169668198040924e+01
2.014289797084881428e+01,1.463618518226136089e+01
2.016290368676764899e+01,1.499261378701227798e+01
2.018290940268648370e+01,1.507879917715015239e+01
2.020291511860531841e+01,1.416224500130652331e+01
2.022292083452414957e+01,1.374879510578668196e+01
2.024292655044298428e+01,1.399335909877774675e+01
2.026293226636181899e+01,1.321101667147185310e+01
2.028293798228065015e+01,1.274455087443796764e+01
2.030294369819948486e+01,1.240166291606245963e+01
2.032294941411831957e+01,1.306067033696252189e+01
2.034295513003715428e+01,1.189761423174206456e+01
2.036296084595598899e+01,1.118816479064402714e+01
2.038296656187482370e+01,1.152816368378421252e+01
2.040297227779365841e+01,1.145567181255117717e+01
2.042297799371248956e+01,1.043513417101220320e+01
2.044298370963132427e+01,1.100212737101515259e+01
2.046298942555015543e+01,9.494429793220920288e+00
2.048299514146899014e+01,9.567257837170688006e+00
2.050300085738782485e+01,9.928085453421461537e+00
2.052300657330665956e+01,9.841040515781514841e+00
2.054301228922549427e+01,8.860685341360401424e+00
2.056301800514432898e+01,9.368227005831769816e+00
2.058302372106316369e+01,9.579178744834106141e+00
2.060302943698199485e+01,8.826794821400113733e+00
2.062303515290082956e+01,8.733907990735438887e+00
2.064304086881966072e+01,8.668545382837049118e+00
2.066304658473849543e+01,8.726262431633028172e+00
2.068305230065733014e+01,8.292522077188895224e+00
2.070305801657616485e+01,8.851666482488901977e+00
2.072306373249499956e+01,8.663780122042727072e+00
2.074306944841383427e+01,8.579518325064828588e+00
2.076307516433266898e+01,8.655374091799167502e+00
2.078308088025150369e+01,9.329244733483298191e+00
2.080308659617033484e+01,8.459877022113950318e+00
2.082309231208916955e+01,9.133527686781533816e+00
2.084309802800800071e+01,8.194884463478032899e+00
2.086310374392683542e+01,9.420753974402412467e+00
2.088310945984567013e+01,9.170063457612503299e+00
2.090311517576450484e+01,8.871753765106422662e+00
2.092312089168333955e+01,9.429811194012049924e+00
2.094312660760217426e+01,9.049943664057561676e+00
2.096313232352100897e+01,9.808331796167983896e+00
2.098313803943984013e+01,9.849556271596703994e+00
2.100314375535867484e+01,9.849315859555835218e+00
2.102314947127750600e+01,9.918405219502098191e+00
2.104315518719634071e+01,1.078082381550340152e+01
2.106316090311517542e+01,1.065657227304057564e+01
2.108316661903401013e+01,1.087270465657464058e+01
2.110317233495284484e+01,1.139805138988634070e+01
2.112317805087167955e+01,1.047138912331648974e+01
2.114318376679051426e+01,1.089500348619404058e+01
2.116318948270934541e+01,1.150970145612420126e+01
2.118319519862818012e+01,1.211916348069790139e+01
2.120320091454701483e+01,1.157963719587101892e+01
2.122320663046584599e+01,1.275821709250826430e+01
2.124321234638468070e+01,1.266572256944347608e+01
2.126321806230351541e+01,1.286407722580587176e+01
2.128322377822235012e+01,1.275669798100106078e+01
2.130322949414118483e+01,1.355190716050033117e+01
2.132323521006001954e+01,1.420436872746185131e+01
2.134324092597885425e+01,1.339758240324432137e+01
2.136324664189768541e+01,1.443393078796692031e+01
2.138325235781652012e+01,1.545385046509116478e+01
2.140325807373535127e+01,1.474180384500829710e+01
2.142326378965418598e+01,1.581852829097172375e+01
2.144326950557302069e+01,1.598988865144597682e+01
2.146327522149185540e+01,1.670449233352976393e+01
2.148328093741069011e+01,1.611220556292093420e+01
2.150328665332952482e+01,1.606144608654445705e+01
2.152329236924835953e+01,1.688589490154725681e+01
2.154329808516719069e+01,1.694360213765137502e+01
2.156330380108602540e+01,1.788214110648635469e+01
2.158330951700485656e+01,1.769412755395276804e+01
2.160331523292369127e+01,1.827821831181542933e+01
2.162332094884252598e+01,1.904497959078049973e+01
2.164332666476136069e+01,1.884501502494346425e+01
2.166333238068019540e+01,2.011349646438011263e+01
2.168333809659903011e+01,2.006334693620384257e+01
2.170334381251786482e+01,2.055557480289292727e+01
2.172334952843669598e+01,2.180944714548552810e+01
2.174335524435553069e+01,2.169908256261801682e+01
2.176336096027436540e+01,2.169260816858460572e+01
2.178336667619319655e+01,2.212636831538271309e+01
2.180337239211203126e+01,2.175865149986472247e+01
2.182337810803086597e+01,2.265923798620437779e+01
2.184338382394970068e+01,2.260985797855492763e+01
2.186338953986853539e+01,2.269182371054867531e+01
2.188339525578737010e+01,2.365425036014486437e+01
2.190340097170620481e+01,2.269898786712663963e+01
2.192340668762503597e+01,2.249411025098886086e+01
2.194341240354387068e+01,2.341428987259541827e+01
2.196341811946270184e+01,2.296428330882211100e+01
2.198342383538153655e+01,2.253724554580828254e+01
2.200342955130037126e+01,2.191332731939625234e+01
2.202343526721920597e+01,2.193985965734656673e+01
2.204344098313804068e+01,2.116251692694965669e+01
2.206344669905687539e+01,2.072008554117906698e+01
2.208345241497571010e+01,2.017628402921950226e+01
2.210345813089454126e+01,2.022647737843389137e+01
2.212346384681337597e+01,1.945578950491682590e+01
2.214346956273221068e+01,1.818354196576191129e+01
2.216347527865104183e+01,1.824106350907076290e+01
2.218348099456987654e+01,1.696147495052488807e+01
2.220348671048871125e+01,1.781087618357933877e+01
2.222349242640754596e+01,1.639556895685751314e+01
2.224349814232638067e+01,1.551556851723483632e+01
2.226350385824521538e+01,1.653918184619870146e+01
2.228350957416405009e+01,1.552448067823737432e+01
2.230351529008288125e+01,1.580710938820883982e+01
2.232352100600171596e+01,1.593017080719510581e+01
2.234352672192054712e+01,1.598304081229024831e+01
2.236353243783938183e+01,1.568493309045872408e+01
2.238353815375821654e+01,1.559806065914307283e+01
2.240354386967705125e+01,1.619600837012941241e+01
2.242354958559588596e+01,1.591267653923600278e+01
2.244355530151472067e+01,1.545630868086406728e+01
2.246356101743355538e+01,1.614700598569370626e+01
2.248356673335238654e+01,1.533962013931007107e+01
2.250357244927122125e+01,1.623319529609307210e+01
2.252357816519005240e+01,1.631073305429587350e+01
2.254358388110888711e+01,1.619115071812816353e+01
2.256358959702772182e+01,1.659758618306935674e+01
2.258359531294655653e+01,1.705934881695331029e+01
2.260360102886539124e+01,1.761484857338371057e+01
2.262360674478422595e+01,1.707437491935935370e+01
2.264361246070306066e+01,1.806341880927188370e+01
2.266361817662189182e+01,1.719002092174123320e+01
2.268362389254072653e+01,1.846771268040684078e+01
2.270362960845956124e+01,1.813920454389706549e+01
2.272363532437839240e+01,1.806631377284926288e+01
2.274364104029722711e+01,1.821505248325903281e+01
2.276364675621606182e+01,1.868989995892555100e+01
2.278365247213489653e+01,1.834271887817861924e+01
2.280365818805373124e+01,1.864621753321934250e+01
2.282366390397256595e+01,1.960639183001111263e+01
2.284366961989140066e+01,1.943514950811122333e+01
2.286367533581023181e+01,1.903133288226274544e+01
2.288368105172906652e+01,1.916014892829601379e+01
2.290368676764789768e+01,1.900285177081199350e+01
2.292369248356673239e+01,1.925990099234655872e+01
2.294369819948556710e+01,1.866254107325242728e+01
2.296370391540440181e+01,1.866865879100651426e+01
2.298370963132323652e+01,1.851233682627395183e+01
2.300371534724207123e+01,1.697878982917836410e+01
2.302372106316090594e+01,1.732528288175229392e+01
2.304372677907973710e+01,1.707864648293217158e+01
2.306373249499857181e+01,1.619139095553421726e+01
2.308373821091740652e+01,1.556800582054038173e+01
2.310374392683623768e+01,1.537719865160095445e+01
2.312374964275507239e+01,1.458734805732260753e+01
2.314375535867390710e+01,1.404705867576058864e+01
2.316376107459274181e+01,1.317691411687718173e+01
2.318376679051157652e+01,1.336866298018614430e+01
2.320377250643041123e+01,1.225660733821308845e+01
2.322377822234924594e+01,1.304071063763780813e+01
2.324378393826807709e+01,1.248489294931997406e+01
2.326378965418691180e+01,1.213951095692003079e+01
2.328379537010574296e+01,1.254678322911211907e+01
2.330380108602457767e+01,1.097940890437742034e+01
2.332380680194341238e+01,1.164320164891132414e+01
2.334381251786224709e+01,1.146862119027525040e+01
2.336381823378108180e+01,1.082177924772151023e+01
2.338382394969991651e+01,1.135395088736811253e+01
2.340382966561875122e+01,1.096251317943036696e+01
2.342383538153758238e+01,1.093617367399851048e+01
2.344384109745641709e+01,1.211231500245157733e+01
2.346384681337524825e+01,1.206306521423811340e+01
2.348385252929408296e+01,1.217355213580892226e+01
2.350385824521291767e+01,1.223516915053000886e+01
2.352386396113175238e+01,1.284087302846013934e+01
2.354386967705058709e+01,1.209212170701505329e+01
2.356387539296942180e+01,1.322415015616839540e+01
2.358388110888825651e+01,1.343212313650769829e+01
2.360388682480708766e+01,1.326580424962443772e+01
2.362389254072592237e+01,1.360966237435421533e+01
2.364389825664475708e+01,1.430693300057431472e+01
2.366390397256358824e+01,1.460577500335901036e+01
2.368390968848242295e+01,1.488034724344446680e+01
2.370391540440125766e+01,1.576725466553744681e+01
2.372392112032009237e+01,1.538064133747230144e+01
2.374392683623892708e+01,1.649108660896898115e+01
2.376393255215776179e+01,1.672474142554733945e+01
2.378393826807659650e+01,1.710815330972410209e+01
2.380394398399542766e+01,1.857945211703063038e+01
2.382394969991426237e+01,1.829289471543768286e+01
2.384395541583309353e+01,1.867092968818596788e+01
2.386396113175192824e+01,1.963864461913559367e+01
2.388396684767076295e+01,2.019388663980823395e+01
2.390397256358959766e+01,2.140166080036013341e+01
2.392397827950843237e+01,2.134755603387233691e+01
2.394398399542726708e+01,2.339553459131131774e+01
2.396398971134610179e+01,2.312407709375890974e+01
2.398399542726493294e+01,2.431260250054886995e+01
2.400400114318376765e+01,2.571466997845767111e+01
2.402400685910260236e+01,2.656602008457034714e+01
2.404401257502143352e+01,2.621992720058029391e+01
2.406401829094026823e+01,2.786862502110530215e+01
2.408402400685910294e+01,2.827610433585633842e+01
2.410402972277793765e+01,2.955708654953348358e+01
2.412403543869677236e+01,3.046719543912227834e+01
2.414404115461560707e+01,3.117344596315205507e+01
2.416404687053444178e+01,3.224064272064180159e+01
2.418405258645327294e+01,3.293437901851169158e+01
2.420405830237210765e+01,3.448728308009815891e+01
2.422406401829093880e+01,3.622298127670758561e+01
2.424406973420977351e+01,3.705479071073008157e+01
2.426407545012860822e+01,3.732839169647309063e+01
2.428408116604744293e+01,3.917928360644879149e+01
2.430408688196627764e+01,3.932116760550846379e+01
2.432409259788511235e+01,4.048099220124008468e+01
2.434409831380394706e+01,4.182835938657049724e+01
2.436410402972277822e+01,4.366778262006759803e+01
2.438410974564161293e+01,4.474839968274170587e+01
2.440411546156044409e+01,4.529807143375751366e+01
2.442412117747927880e+01,4.585799130178292415e+01
2.444412689339811351e+01,4.623597132890530048e+01
2.446413260931694822e+01,4.742224922835634970e+01
2.448413832523578293e+01,4.881410012439077661e+01
2.450414404115461764e+01,4.854894002670019404e+01
2.452414975707345235e+01,4.984185608406119883e+01
2.454415547299228351e+01,4.938701948192631619e+01
2.456416118891111822e+01,4.998159973233582321e+01
2.458416690482995293e+01,4.970910859705202967e+01
2.460417262074878408e+01,4.869904816365152556e+01
2.462417833666761879e+01,4.938928865689242542e+01
2.464418405258645350e+01,4.759008297476496097e+01
2.466418976850528821e+01,4.701342808991049793e+01
2.468419548442412292e+01,4.617565235224272158e+01
2.470420120034295763e+01,4.552922705721631758e+01
2.472420691626179234e+01,4.445930606616023795e+01
2.474421263218062350e+01,4.256366911126683306e+01
2.476421834809945821e+01,4.039340067122169842e+01
2.478422406401828937e+01,3.960515125349009224e+01
2.480422977993712408e+01,3.784877167362607508e+01
2.482423549585595879e+01,3.712797000463810093e+01
2.484424121177479350e+01,3.569261185944856152e+01
2.486424692769362821e+01,3.484674837204497067e+01
2.488425264361246292e+01,3.368469759006686104e+01
2.490425835953129763e+01,3.279586992806279966e+01
2.492426407545012879e+01,3.209989703912989256e+01
2.494426979136896350e+01,3.206730989533980392e+01
2.496427550728779821e+01,3.154675196630490319e+01
2.498428122320662936e+01,3.059977632760998745e+01
2.500428693912546407e+01,3.090762163361787174e+01
2.502429265504429878e+01,3.064385473639324431e+01
2.504429837096313349e+01,3.096511505617772286e+01
2.506430408688196820e+01,3.099008386596254283e+01
2.508430980280080291e+01,3.033035802018442695e+01
2.510431551871963762e+01,3.016424117437388830e+01
2.512432123463846878e+01,3.008106809500332446e+01
2.514432695055730349e+01,3.043743648581311589e+01
2.516433266647613465e+01,2.906748768258466242e+01
2.518433838239496936e+01,2.903818213472487741e+01
2.520434409831380407e+01,2.925122279816261184e+01
2.522434981423263878e+01,2.930916495568117597e+01
2.524435553015147349e+01,2.842825490076699779e+01
2.526436124607030820e+01,2.960271986354572249e+01
2.528436696198914291e+01,2.896366416026031487e+01
2.530437267790797407e+01,2.952637780197220962e+01
2.532437839382680878e+01,2.912674383094068986e+01
2.534438410974563993e+01,2.884414975439417361e+01
2.536438982566447464e+01,3.004955149384473145e+01
2.538439554158330935e+01,2.992867831332848993e+01
2.540440125750214406e+01,3.021192675167566222e+01
2.542440697342097877e+01,3.038422405930715087e+01
2.544441268933981348e+01,3.186686452892265820e+01
2.546441840525864819e+01,3.167694663045386250e+01
2.548442412117747935e+01,3.253983239817523554e+01
2.550442983709631406e+01,3.313263567290462674e+01
2.552443555301514877e+01,3.331428133651416346e+01
2.554444126893397993e+01,3.387778276628794316e+01
2.556444698485281464e+01,3.574835066074976453e+01
2.558445270077164935e+01,3.610268835058145953e+01
2.560445841669048406e+01,3.675072966809074160e+01
2.562446413260931877e+01,3.803485884957943597e+01
2.564446984852815348e+01,3.895239461353843780e+01
2.566447556444698819e+01,3.895951077368938797e+01
2.568448128036581934e+01,3.981980732053564509e+01
2.570448699628465405e+01,4.100462943176371766e+01
2.572449271220348521e+01,4.171095954091522628e+01
2.574449842812231992e+01,4.223039515571470304e+01
2.576450414404115463e+01,4.408331963571029632e+01
2.578450985995998934e+01,4.429323779655031501e+01
2.580451557587882405e+01,4.537525319709838811e+01
2.582452129179765876e+01,4.615842958709421850e+01
2.584452700771649347e+01,4.763838519510811409e+01
2.586453272363532463e+01,4.800547765757652030e+01
2.588453843955415934e+01,4.873485634772180219e+01
2.590454415547299405e+01,4.952663179188450471e+01
2.592454987139182521e+01,4.973983862798230859e+01
2.594455558731065992e+01,5.072657517121270132e+01
2.596456130322949463e+01,5.109847659060599767e+01
2.598456701914832934e+01,5.113948873160863684e+01
2.600457273506716405e+01,5.123108033661448246e+01
2.602457845098599520e+01,5.118942895317978525e+01
2.604458416690482991e+01,5.089040596435302177e+01
2.606458988282366462e+01,5.051353375872822937e+01
2.608459559874249933e+01,5.019113581647717126e+01
2.610460131466133404e+01,4.912634514235016070e+01
2.612460703058016520e+01,4.743189661911519295e+01
2.614461274649899991e+01,4.658465528759820984e+01
2.616461846241783462e+01,4.518316148595971526e+01
2.618462417833666933e+01,4.401321926096615300e+01
2.620462989425550404e+01,4.252607173275440289e+01
2.622463561017433520e+01,4.008521273513421335e+01
2.624464132609316991e+01,3.823068677894593748e+01
2.626464704201200462e+01,3.609486492190639240e+01
2.628465275793083933e+01,3.407622810507421462e+01
2.630465847384967049e+01,3.177393478822488504e+01
2.632466418976850520e+01,2.962000048773076344e+01
2.634466990568733991e+01,2.763387777304884452e+01
2.636467562160617462e+01,2.674468317591888677e+01
2.638468133752500933e+01,2.522854371663404294e+01
2.640468705344384048e+01,2.334704014939191552e+01
2.642469276936267519e+01,2.187614599417310046e+01
2.644469848528150990e+01,2.107906438495852441e+01
2.646470420120034461e+01,1.967541800470205970e+01
2.648470991711917932e+01,1.911172508694148675e+01
2.650471563303801048e+01,1.874563846873588702e+01
2.652472134895684519e+01,1.800157461269314041e+01
2.654472706487567990e+01,1.622177359335822544e+01
2.656473278079451461e+01,1.622328172751727493e+01
2.658473849671334932e+01,1.648183114464998056e+01
2.660474421263218048e+01,1.508273102158577927e+01
2.662474992855101519e+01,1.551089370071891693e+01
2.664475564446984990e+01,1.507589700854937931e+01
2.666476136038868461e+01,1.394612763403644706e+01
2.668476707630751577e+01,1.489267310590624405e+01
2.670477279222635048e+01,1.390027273060026936e+01
2.672477850814518519e+01,1.315714994683505523e+01
2.674478422406401990e+01,1.327753521697357897e+01
2.676478993998285461e+01,1.397685879156439981e+01
2.678479565590168576e+01,1.377095086548721881e+01
2.680480137182052047e+01,1.408844084978187539e+01
2.682480708773935518e+01,1.401811816178732428e+01
2.684481280365818989e+01,1.362169805678595580e+01
2.686481851957702460e+01,1.401943490548379145e+01
2.688482423549585576e+01,1.324575745682560779e+01
2.690482995141469047e+01,1.390943051365219674e+01
2.692483566733352518e+01,1.412880787104796099e+01
2.694484138325235989e+01,1.347902766632212490e+01
2.696484709917119105e+01,1.324535239154318411e+01
2.698485281509002576e+01,1.448684380752333567e+01
2.700485853100886047e+01,1.490157278151884590e+01
2.702486424692769518e+01,1.482135247446139559e+01
2.704486996284652989e+01,1.470776075134073579e+01
2.706487567876536104e+01,1.516145554543168927e+01
2.708488139468419575e+01,1.527126722533915704e+01
2.710488711060303046e+01,1.483715104574170418e+01
2.712489282652186517e+01,1.585330097721878140e+01
2.714489854244069988e+01,1.635877021532488129e+01
2.716490425835953104e+01,1.661123945511841526e+01
2.718490997427836575e+01,1.673982008445154079e+01
2.720491569019720046e+01,1.758610681596160319e+01
2.722492140611603517e+01,1.748785307287007385e+01
2.724492712203486633e+01,1.699173034761389900e+01
2.726493283795370104e+01,1.852973318788529866e+01
2.728493855387253575e+01,1.781445932655369191e+01
2.730494426979137046e+01,1.900238437022184357e+01
2.732494998571020517e+01,1.913127269561607591e+01
2.734495570162903633e+01,1.935583836836374516e+01
2.736496141754787104e+01,1.978519591969334712e+01
2.738496713346670575e+01,2.059086734737900315e+01
2.740497284938554046e+01,2.065006925335448074e+01
2.742497856530437517e+01,2.167326651732037135e+01
2.744498428122320632e+01,2.192441750571784098e+01
2.746498999714204103e+01,2.244411004814273980e+01
2.748499571306087574e+01,2.161903498505322574e+01
2.750500142897971045e+01,2.329019512876214293e+01
2.752500714489854516e+01,2.376400630586492468e+01
2.754501286081737632e+01,2.422041903582195133e+01
2.756501857673621103e+01,2.415116663238115535e+01
2.758502429265504574e+01,2.611983966332359230e+01
2.760503000857388045e+01,2.618506396132605119e+01
2.762503572449271161e+01,2.707741495939796295e+01
2.764504144041154632e+01,2.734816662570161583e+01
2.766504715633038103e+01,2.818784363187190678e+01
2.768505287224921574e+01,2.960279111112017958e+01
2.770505858816805045e+01,2.986464754562414115e+01
2.772506430408688161e+01,3.037574535827334188e+01
2.774507002000571632e+01,3.138752765193380156e+01
2.776507573592455103e+01,3.283082149483097822e+01
2.778508145184338574e+01,3.390068064192711006e+01
2.780508716776222045e+01,3.423403102723708713e+01
2.782509288368105160e+01,3.577352544844247006e+01
2.784509859959988631e+01,3.672825319524238807e+01
2.786510431551872102e+01,3.715183182215275082e+01
2.788511003143755573e+01,3.882524205521000482e+01
2.790511574735638689e+01,3.818433681646394717e+01
2.792512146327522160e+01,3.874228688121246478e+01
2.794512717919405631e+01,3.959333466120113343e+01
2.796513289511289102e+01,3.975020965239529858e+01
2.798513861103172573e+01,3.974922066082794458e+01
2.800514432695055689e+01,3.964406393124264838e+01
2.802515004286939160e+01,3.935545114345623574e+01
2.804515575878822631e+01,3.939631544457829904e+01
2.806516147470706102e+01,3.798718071412275776e+01
2.808516719062589573e+01,3.792771191150785626e+01
2.810517290654472689e+01,3.636533685882884015e+01
2.812517862246356160e+01,3.554286182966989571e+01
2.814518433838239631e+01,3.457034604905452113e+01
2.816519005430123102e+01,3.288272601896353109e+01
2.818519577022006217e+01,3.253242953287141859e+01
2.820520148613889688e+01,3.062305358806059985e+01
2.822520720205773159e+01,3.024317550750691197e+01
2.824521291797656630e+01,2.946189668588033683e+01
2.826521863389540101e+01,2.752403627409490028e+01
2.828522434981423217e+01,2.772872305752681044e+01
2.830523006573306688e+01,2.585964007233607731e+01
2.832523578165190159e+01,2.607392725356641705e+01
2.834524149757073630e+01,2.520611016970217477e+01
2.836524721348957101e+01,2.371176065141627376e+01
2.838525292940840217e+01,2.425009045152705411e+01
2.840525864532723688e+01,2.329209496500248378e+01
2.842526436124607159e+01,2.286438779364063123e+01
2.844527007716490630e+01,2.236278815143990073e+01
2.846527579308374101e+01,2.207864671459216410e+01
2.848528150900257216e+01,2.260645694107993720e+01
2.850528722492140687e+01,2.298293062790769525e+01
2.852529294084024158e+01,2.181433998736449809e+01
2.854529865675907629e+01,2.226707972066263608e+01
2.856530437267790745e+01,2.235017732662878132e+01
2.858531008859674216e+01,2.272719617761221400e+01
2.860531580451557687e+01,2.183622626400527622e+01
2.862532152043441158e+01,2.250878716663439860e+01
2.864532723635324629e+01,2.233900438699009783e+01
2.866533295227207745e+01,2.161130299635078345e+01
2.868533866819091216e+01,2.155079326755033620e+01
2.870534438410974687e+01,2.236783367033729064e+01
2.872535010002858158e+01,2.173993318674874331e+01
2.874535581594741629e+01,2.250072045821829292e+01
2.876536153186624745e+01,2.195145880684507844e+01
2.878536724778508216e+01,2.233482550716157178e+01
2.880537296370391687e+01,2.142464935461066489e+01
2.882537867962275158e+01,2.115399575891599682e+01
2.884538439554158273e+01,2.180598541924688760e+01
2.886539011146041744e+01,2.096037073063371281e+01
2.888539582737925215e+01,2.028260718670037832e+01
2.890540154329808686e+01,1.922886919987881171e+01
2.892540725921692157e+01,1.887967917138412588e+01
2.894541297513575273e+01,1.790963849756378323e+01
2.896541869105458744e+01,1.782013515495918199e+01
2.898542440697342215e+01,1.739091701623540942e+01
2.900543012289225686e+01,1.668985282206111265e+01
2.902543583881109157e+01,1.551489328091440711e+01
2.904544155472992273e+01,1.491512965170335647e+01
2.906544727064875744e+01,1.528138856988645422e+01
2.908545298656759215e+01,1.368099681517007582e+01
2.910545870248642686e+01,1.372493597675103771e+01
2.912546441840525802e+01,1.349848751804307412e+01
2.914547013432409273e+01,1.275986192547864917e+01
2.916547585024292744e+01,1.132776766544129998e+01
2.918548156616176215e+01,1.163748914486156139e+01
2.920548728208059686e+01,1.104698301203293731e+01
2.922549299799942801e+01,1.038946460537157890e+01
2.924549871391826272e+01,1.003772945555409279e+01
2.926550442983709743e+01,1.002548326606808970e+01
2.928551014575593214e+01,1.031647083505553653e+01
2.930551586167476685e+01,1.063339716264032120e+01
2.932552157759359801e+01,1.006440128192026506e+01
2.934552729351243272e+01,9.134892955634505540e+00
2.936553300943126743e+01,9.791084311098945392e+00
2.938553872535010214e+01,8.719491602542127850e+00
2.940554444126893330e+01,8.371872947535710097e+00
2.942555015718776801e+01,8.241510760293820681e+00
2.944555587310660272e+01,8.830401896930828443e+00
2.946556158902543743e+01,8.292775884071980741e+00
2.948556730494427214e+01,7.694698789207290446e+00
2.950557302086310330e+01,7.464745526475114801e+00
2.952557873678193801e+01,7.433514393612872695e+00
2.954558445270077272e+01,8.409055927980940481e+00
2.956559016861960743e+01,7.739990090701676095e+00
2.958559588453844214e+01,7.680514151361223618e+00
2.960560160045727329e+01,7.406297947288217109e+00
2.962560731637610800e+01,7.841166985683134527e+00
2.964561303229494271e+01,7.182871469027785949e+00
2.966561874821377742e+01,7.157388739523322663e+00
2.968562446413261213e+01,7.388524763725795808e+00
2.970563018005144329e+01,6.719290406758949175e+00
2.972563589597027800e+01,8.009542448305815299e+00
2.974564161188911271e+01,7.013200275623109547e+00
2.976564732780794742e+01,7.253217396671422179e+00
2.978565304372677858e+01,8.013296828278168249e+00
2.980565875964561329e+01,7.674501533199531877e+00
2.982566447556444800e+01,7.246217725815874644e+00
2.984567019148328271e+01,7.972077313280687250e+00
2.986567590740211742e+01,6.721111154994630965e+00
2.988568162332094857e+01,8.004721262897271927e+00
2.990568733923978328e+01,7.843913490102072394e+00
2.992569305515861799e+01,8.310627584549081348e+00
2.994569877107745270e+01,6.791992692422734734e+00
2.996570448699628741e+01,7.490301773883541792e+00
2.998571020291511857e+01,7.624921610570000396e+00
3.000571591883395328e+01,7.049283412854711273e+00
3.002572163475278799e+01,7.585645685315659748e+00
3.004572735067162270e+01,8.383575094973121367e+00
3.006573306659045386e+01,7.448755801972946955e+00
3.008573878250928857e+01,7.890051565203973993e+00
3.010574449842812328e+01,8.317758575840333179e+00
3.012575021434695799e+01,8.955511243752695805e+00
3.014575593026579270e+01,8.847479454089327788e+00
3.016576164618462386e+01,8.066420729891159880e+00
3.018576736210345857e+01,8.851524435038687244e+00
3.020577307802229328e+01,9.003877628701651759e+00
3.022577879394112799e+01,8.989970417195351615e+00
3.024578450985996270e+01,9.582304364191529089e+00
3.026579022577879385e+01,8.358838447112459491e+00
3.028579594169762856e+01,9.440177886767299853e+00
3.030580165761646327e+01,9.563544092086546655e+00
3.032580737353529798e+01,1.019418833558592752e+01
3.034581308945412914e+01,1.002834602127631847e+01
3.036581880537296385e+01,1.014915092996434076e+01
3.038582452129179856e+01,9.633469197674381590e+00
3.040583023721063327e+01,1.103466006734200633e+01
3.042583595312946798e+01,1.094171179582209419e+01
3.044584166904829914e+01,1.116880979440160715e+01
3.046584738496713385e+01,1.015363102710801257e+01
3.048585310088596856e+01,1.118261507075514949e+01
3.050585881680480327e+01,1.088288040907598386e+01
3.052586453272363798e+01,1.217284584994826346e+01
3.054587024864246914e+01,1.147375160775974123e+01
3.056587596456130385e+01,1.201825676158581580e+01
3.058588168048013856e+01,1.191767107581710405e+01
3.060588739639897327e+01,1.304215317082539194e+01
3.062589311231780798e+01,1.323422648341918517e+01
3.064589882823663913e+01,1.333618414134199881e+01
3.066590454415547384e+01,1.293776705942643979e+01
3.068591026007430855e+01,1.218766834518816466e+01
3.070591597599314326e+01,1.329935966159549920e+01
3.072592169191197442e+01,1.247352498748806937e+01
3.074592740783080913e+01,1.345669013784713997e+01
3.076593312374964384e+01,1.289435998500225189e+01
3.078593883966847855e+01,1.248772077387184076e+01
3.080594455558731326e+01,1.299328071580375266e+01
3.082595027150614442e+01,1.300096066280875462e+01
3.084595598742497913e+01,1.231928184248564762e+01
3.086596170334381384e+01,1.299413482704646583e+01
3.088596741926264855e+01,1.193265601484118932e+01
3.090597313518148326e+01,1.257950281544783522e+01
3.092597885110031442e+01,1.190867398083737783e+01
3.094598456701914913e+01,1.223216320802172064e+01
3.096599028293798384e+01,1.169497126271015297e+01
3.098599599885681855e+01,1.169654026533954116e+01
3.100600171477564970e+01,1.112634993944340067e+01
3.102600743069448441e+01,1.165423708810905268e+01
3.104601314661331912e+01,1.081976352944590403e+01
3.106601886253215383e+01,1.111932288506451627e+01
3.108602457845098854e+01,1.017523617614882525e+01
3.110603029436981970e+01,1.101655764309861851e+01
3.112603601028865441e+01,1.088214897882429710e+01
3.114604172620748912e+01,1.056202835451324162e+01
3.116604744212632383e+01,1.103368387401649464e+01
3.118605315804515854e+01,1.061296975801709230e+01
3.120605887396398970e+01,1.039727334276223658e+01
3.122606458988282441e+01,1.110910196520727489e+01
3.124607030580165912e+01,1.213747479321349232e+01
3.126607602172049383e+01,1.162778409119890632e+01
3.128608173763932498e+01,1.219400404755380585e+01
3.130608745355815969e+01,1.252426236164831330e+01
3.132609316947699440e+01,1.250273165845177559e+01
3.134609888539582911e+01,1.322933198219990203e+01
3.136610460131466382e+01,1.359963717307535447e+01
3.138611031723349498e+01,1.385897456590271304e+01
3.140611603315232969e+01,1.438205018024566506e+01
3.142612174907116440e+01,1.486737753016885932e+01
3.144612746498999911e+01,1.453201395522340178e+01
3.146613318090883382e+01,1.579510959210302801e+01
3.148613889682766498e+01,1.655746122789195951e+01
3.150614461274649969e+01,1.732031552422494514e+01
3.152615032866533440e+01,1.740342093562360404e+01
3.154615604458416911e+01,1.874724523379422436e+01
3.156616176050300382e+01,1.914166584617086642e+01
3.158616747642183498e+01,1.994416838274776183e+01
3.160617319234066969e+01,2.013668179454444029e+01
3.162617890825950440e+01,2.048108606712968438e+01
3.164618462417833911e+01,2.220736553690349524e+01
3.166619034009717026e+01,2.303182109919148246e+01
3.168619605601600497e+01,2.409538230781166135e+01
3.170620177193483968e+01,2.428675280823373583e+01
3.172620748785367439e+01,2.501172475673924822e+01
3.174621320377250910e+01,2.594694029918099432e+01
3.176621891969134026e+01,2.673449588092856288e+01
3.178622463561017497e+01,2.757818615128342543e+01
3.180623035152900968e+01,2.799925187799136950e+01
3.182623606744784439e+01,2.970786972737588627e+01
3.184624178336667910e+01,2.984634120588080464e+01
3.186624749928551026e+01,3.056477190124807919e+01
3.188625321520434497e+01,3.131289990908838661e+01
3.190625893112317968e+01,3.177363267966740779e+01
3.192626464704201439e+01,3.124300579581124282e+01
3.194627036296084555e+01,3.177693770649151617e+01
3.196627607887968026e+01,3.190106502334565874e+01
3.198628179479851497e+01,3.139176337521411853e+01
3.200628751071734968e+01,3.168678304191458395e+01
3.202629322663618439e+01,3.110280267084469230e+01
3.204629894255501199e+01,3.049103353618254175e+01
3.206630465847385381e+01,3.092167535582605353e+01
3.208631037439268141e+01,2.983243801608880119e+01
3.210631609031152323e+01,2.861070687931486134e+01
3.212632180623035083e+01,2.820658157879931949e+01
3.214632752214918554e+01,2.721230162302101263e+01
3.216633323806802025e+01,2.667987491505992281e+01
3.218633895398685496e+01,2.644944744477522391e+01
3.220634466990568967e+01,2.623625454688042424e+01
3.222635038582451728e+01,2.451921202092096053e+01
3.224635610174335909e+01,2.425537172025295973e+01
3.226636181766218670e+01,2.348888119255488505e+01
3.228636753358102851e+01,2.443922820160464937e+01
3.230637324949985612e+01,2.353749182196575873e+01
3.232637896541869083e+01,2.374974273428802007e+01
3.234638468133752554e+01,2.355942432088354721e+01
3.236639039725636025e+01,2.328604333524666359e+01
3.238639611317519496e+01,2.352317456960805586e+01
3.240640182909402967e+01,2.430245725995820294e+01
3.242640754501286438e+01,2.455739505359547437e+01
3.244641326093169198e+01,2.397985248270020264e+01
3.246641897685053380e+01,2.449016771557440109e+01
3.248642469276936140e+01,2.494107858339493689e+01
3.250643040868819611e+01,2.550465339917313656e+01
3.252643612460703082e+01,2.651883221084823461e+01
3.254644184052586553e+01,2.670167581522316880e+01
3.256644755644470024e+01,2.701795262622225380e+01
3.258645327236353495e+01,2.750901318766824488e+01
3.260645898828236966e+01,2.772422235001564061e+01
3.262646470420119726e+01,2.816975063742211205e+01
3.264647042012003908e+01,2.795234392921843636e+01
3.266647613603886668e+01,2.910829922097511968e+01
3.268648185195770850e+01,2.949132629670902972e+01
3.270648756787653610e+01,3.060598501881617750e+01
3.272649328379537081e+01,3.135655370370555417e+01
3.274649899971420552e+01,3.098450814185527946e+01
3.276650471563304023e+01,3.182776403547125810e+01
3.278651043155187494e+01,3.176380172649996325e+01
3.280651614747070255e+01,3.201607795983522919e+01
3.282652186338954436e+01,3.286904757880933658e+01
3.284652757930837197e+01,3.400772669240623003e+01
3.286653329522721378e+01,3.462493235606094544e+01
3.288653901114604139e+01,3.560389431961290541e+01
3.290654472706487610e+01,3.554242485925534822e+01
3.292655044298371081e+01,3.714682341485470829e+01
3.294655615890254552e+01,3.740839628209651835e+01
3.296656187482138023e+01,3.796364520877469317e+01
3.298656759074020783e+01,3.900136592322111539e+01
3.300657330665904965e+01,4.025825656240665040e+01
3.302657902257787725e+01,4.032404477061749049e+01
3.304658473849671907e+01,4.131594580113251425e+01
3.306659045441554667e+01,4.216864619355787624e+01
3.308659617033438138e+01,4.231753362225812509e+01
3.310660188625321609e+01,4.215769418015072745e+01
3.312660760217205080e+01,4.260839874581749598e+01
3.314661331809088551e+01,4.241690030666681110e+01
3.316661903400971312e+01,4.165829795282384396e+01
3.318662474992855493e+01,4.175297159431269733e+01
3.320663046584738254e+01,3.976239055184019833e+01
3.322663618176622435e+01,3.882476986774651095e+01
3.324664189768505196e+01,3.822473709998752156e+01
3.326664761360388667e+01,3.737404936236883657e+01
3.328665332952272138e+01,3.523741638292284506e+01
3.330665904544155609e+01,3.485619046666802490e+01
3.332666476136039080e+01,3.295045623017657022e+01
3.334667047727922551e+01,3.120785515719843417e+01
3.336667619319806022e+01,2.960101780947950445e+01
3.338668190911688782e+01,2.868079859939067688e+01
3.340668762503572964e+01,2.741460307127287166e+01
3.342669334095455724e+01,2.659895889075274766e+01
3.344669905687339195e+01,2.506075216383422344e+01
3.346670477279222666e+01,2.502533901080032308e+01
3.348671048871106137e+01,2.387481799787202874e+01
3.350671620462989608e+01,2.330096051108999688e+01
3.352672192054873079e+01,2.251202140244810224e+01
3.354672763646756550e+01,2.165858557306810894e+01
3.356673335238639311e+01,2.159879784950345183e+01
3.358673906830523492e+01,2.179201461903510051e+01
3.360674478422406253e+01,2.092023016512688827e+01
3.362675050014290434e+01,2.086836227365883545e+01
3.364675621606173195e+01,2.128407793271034620e+01
3.366676193198056666e+01,2.111565967142654188e+01
3.368676764789940137e+01,2.009104246920147574e+01
3.370677336381823608e+01,2.037953771040118056e+01
3.372677907973707079e+01,2.001504087193175252e+01
3.374678479565589839e+01,2.021888342028525187e+01
3.376679051157474021e+01,1.977142442397677513e+01
3.378679622749356781e+01,1.928375006648667522e+01
3.380680194341240963e+01,1.895685362086392445e+01
3.382680765933123723e+01,1.872206654496783074e+01
3.384681337525007194e+01,1.861436224984917231e+01
3.386681909116890665e+01,1.855151360968985585e+01
3.388682480708774136e+01,1.777074558570624419e+01
3.390683052300657607e+01,1.816113292866797480e+01
3.392683623892540368e+01,1.844861302486630450e+01
3.394684195484424549e+01,1.777988562859790989e+01
3.396684767076307310e+01,1.708687197553206971e+01
3.398685338668191491e+01,1.654206698953521482e+01
3.400685910260074252e+01,1.674813454093918352e+01
3.402686481851957723e+01,1.675087198191344839e+01
3.404687053443841194e+01,1.634152326240157294e+01
3.406687625035724665e+01,1.688373775674465804e+01
3.408688196627608136e+01,1.619468691574583019e+01
3.410688768219490896e+01,1.680235509787546633e+01
3.412689339811375078e+01,1.730463902296670398e+01
3.414689911403257838e+01,1.622679358007028583e+01
3.416690482995142020e+01,1.739458667222949728e+01
3.418691054587024780e+01,1.776827628771008705e+01
3.420691626178908251e+01,1.788821040065360535e+01
3.422692197770791722e+01,1.826784701887392259e+01
3.424692769362675193e+01,1.846210024757090196e+01
3.426693340954558664e+01,1.909586263839835851e+01
3.428693912546442135e+01,1.987713388694356098e+01
3.430694484138325606e+01,1.984130538899087526e+01
3.432695055730208367e+01,2.054317573466272506e+01
3.434695627322092548e+01,2.134748810908540406e+01
3.436696198913975309e+01,2.145139221544785357e+01
3.438696770505858780e+01,2.185250492056492533e+01
3.440697342097742251e+01,2.277288172184382731e+01
3.442697913689625722e+01,2.279856707867024213e+01
3.444698485281509193e+01,2.302466333518956532e+01
3.446699056873392664e+01,2.282878415364510971e+01
3.448699628465276135e+01,2.332720361566444467e+01
3.450700200057158895e+01,2.368607860394295983e+01
3.452700771649043077e+01,2.279117312121106664e+01
3.454701343240925837e+01,2.231092359031789130e+01
3.456701914832810019e+01,2.232206763071665989e+01
3.458702486424692779e+01,2.161168546385890110e+01
3.460703058016576250e+01,2.168058931692656799e+01
3.462703629608459721e+01,2.102287793744335431e+01
3.464704201200343192e+01,2.057105213676423716e+01
3.466704772792226663e+01,1.927270346076640095e+01
3.468705344384109424e+01,1.837744117571287461e+01
3.470705915975993605e+01,1.811969275983839367e+01
3.472706487567876366e+01,1.782843355558522802e+01
3.474707059159760547e+01,1.734460598900485095e+01
3.476707630751643308e+01,1.628867421853986741e+01
3.478708202343526779e+01,1.605698799775911922e+01
3.480708773935410250e+01,1.447858487524521998e+01
3.482709345527293721e+01,1.503372312242606590e+01
3.484709917119177192e+01,1.370100943655665127e+01
3.486710488711059952e+01,1.311799662716686043e+01
3.488711060302944134e+01,1.410632605031051412e+01
3.490711631894826894e+01,1.301962866998803214e+01
3.492712203486711076e+01,1.313137853005811095e+01
3.494712775078593836e+01,1.270883688609155548e+01
3.496713346670477307e+01,1.291525270028532546e+01
3.498713918262360778e+01,1.213680265811144565e+01
3.500714489854244249e+01,1.199041538947246544e+01
3.502715061446127720e+01,1.210019931059143339e+01
3.504715633038010481e+01,1.171840232374753121e+01
3.506716204629894662e+01,1.137863155887229816e+01
3.508716776221777423e+01,1.079272345273746225e+01
3.510717347813661604e+01,1.161218467726044423e+01
3.512717919405544365e+01,1.199726450994240246e+01
3.514718490997427836e+01,1.079256376674385898e+01
3.516719062589311307e+01,1.109388232378324091e+01
3.518719634181194778e+01,1.113168415274456891e+01
3.520720205773078249e+01,1.187349967198979783e+01
3.522720777364961720e+01,1.139375672065256495e+01
3.524721348956845191e+01,1.122243678260797317e+01
3.526721920548727951e+01,1.121511893922045111e+01
3.528722492140612133e+01,1.157404734808206115e+01
3.530723063732494893e+01,1.173597825829468988e+01
3.532723635324378364e+01,1.170787783209707200e+01
3.534724206916261835e+01,1.148173834915790614e+01
3.536724778508145306e+01,1.255613394210588751e+01
3.538725350100028777e+01,1.280197396973610680e+01
3.540725921691912248e+01,1.255193226036862875e+01
3.542726493283795719e+01,1.275382323434932985e+01
3.544727064875678479e+01,1.353909605825973905e+01
3.546727636467562661e+01,1.400026626922024064e+01
3.548728208059445421e+01,1.322860358780494394e+01
3.550728779651329603e+01,1.498904137491966182e+01
3.552729351243212363e+01,1.410600341180535366e+01
3.554729922835095834e+01,1.541851099907812284e+01
3.556730494426979305e+01,1.569168524142208021e+01
3.558731066018862776e+01,1.582372367150733794e+01
3.560731637610746247e+01,1.599551984147833750e+01
3.562732209202629008e+01,1.655622407520859340e+01
3.564732780794513189e+01,1.712717110957336786e+01
3.566733352386395950e+01,1.757107182966309722e+01
3.568733923978280131e+01,1.807484214472016859e+01
3.570734495570162892e+01,1.839067305822948128e+01
3.572735067162046363e+01,1.883883133752935635e+01
3.574735638753929834e+01,1.906300194903867862e+01
3.576736210345813305e+01,1.975242496470768572e+01
3.578736781937696776e+01,2.021317731947180363e+01
3.580737353529579536e+01,1.988658345830044993e+01
3.582737925121463718e+01,2.103041493844701648e+01
3.584738496713346478e+01,2.099526068821278457e+01
3.586739068305230660e+01,2.166544105523252028e+01
3.588739639897113420e+01,2.147852056611605320e+01
3.590740211488996891e+01,2.191509771956429375e+01
3.592740783080880362e+01,2.146685357301099373e+01
3.594741354672763833e+01,2.158604881654398966e+01
3.596741926264647304e+01,2.179939440641797077e+01
3.598742497856530065e+01,2.165179895746594241e+01
3.600743069448414246e+01,2.100206451589548351e+01
3.602743641040297007e+01,2.117097066924077353e+01
3.604744212632181188e+01,2.015848912974477614e+01
3.606744784224063949e+01,1.954727005796235773e+01
3.608745355815947420e+01,1.901025883351673329e+01
3.610745927407830891e+01,1.862820159556108734e+01
3.612746498999714362e+01,1.675467752602652283e+01
3.614747070591597833e+01,1.653734949500325513e+01
3.616747642183481304e+01,1.548121710946170992e+01
3.618748213775364775e+01,1.503223416113693744e+01
3.620748785367247535e+01,1.423676733033162556e+01
3.622749356959131717e+01,1.336572475935570381e+01
3.624749928551014477e+01,1.364740562535725843e+01
3.626750500142897948e+01,1.306488594608198106e+01
3.628751071734781419e+01,1.164733262630750232e+01
3.630751643326664890e+01,1.112964628706810721e+01
3.632752214918548361e+01,1.029971604583023392e+01
3.634752786510431832e+01,1.040001854236159318e+01
3.636753358102315303e+01,1.034651398966885338e+01
3.638753929694198064e+01,9.667451626810182219e+00
3.640754501286082245e+01,9.577244198488102711e+00
3.642755072877965006e+01,8.567925951798610384e+00
3.644755644469849187e+01,9.397207722776807159e+00
3.646756216061731948e+01,9.231355849227258048e+00
3.648756787653615419e+01,7.953078978567234891e+00
3.650757359245498890e+01,8.552865533218472649e+00
3.652757930837382361e+01,8.492288536628400664e+00
3.654758502429265832e+01,7.584474476849257130e+00
3.656759074021148592e+01,7.837504011963764228e+00
3.658759645613032774e+01,7.889182164608376624e+00
3.660760217204915534e+01,7.525370200709122770e+00
3.662760788796799716e+01,7.660460351938681356e+00
3.664761360388682476e+01,8.455576085694968214e+00
3.666761931980565947e+01,7.265154032445595433e+00
3.668762503572449418e+01,6.698060142622747293e+00
3.670763075164332889e+01,7.070223876534956098e+00
3.672763646756216360e+01,7.351850826619248380e+00
3.674764218348099121e+01,6.758490621121544528e+00
3.676764789939983302e+01,7.329601186043731786e+00
3.678765361531866063e+01,7.179667396436377302e+00
3.680765933123750244e+01,7.340957240001205975e+00
3.682766504715633005e+01,6.573856614042976609e+00
3.684767076307516476e+01,6.971805904692100597e+00
3.686767647899399947e+01,7.706243591628838985e+00
3.688768219491283418e+01,7.837369947511280799e+00
3.690768791083166889e+01,8.062998605729799095e+00
3.692769362675049649e+01,8.066451871916417105e+00
3.694769934266933831e+01,8.358313566082399504e+00
3.696770505858816591e+01,7.989857405833246773e+00
3.698771077450700773e+01,7.887693591786874237e+00
3.700771649042583533e+01,7.839821917424216302e+00
3.702772220634467004e+01,8.311447035489198498e+00
3.704772792226350475e+01,8.801858043116906671e+00
3.706773363818233946e+01,8.021793384265757609e+00
3.708773935410117417e+01,9.361455079785603317e+00
3.710774507002000888e+01,9.682202747255917785e+00
3.712775078593884359e+01,8.241689381045382845e+00
3.714775650185767120e+01,9.230637056459869427e+00
3.716776221777651301e+01,8.945244619808196518e+00
3.718776793369534062e+01,9.704680823212061824e+00
3.720777364961417533e+01,9.538731679140610709e+00
3.722777936553301004e+01,1.008851141142156749e+01
3.724778508145184475e+01,1.012908476890174647e+01
3.726779079737067946e+01,1.055532660119197885e+01
3.728779651328951417e+01,1.012685596928348275e+01
3.730780222920834888e+01,1.182283115723110356e+01
3.732780794512717648e+01,1.150966447285028948e+01
3.734781366104601830e+01,1.160120969079691378e+01
3.736781937696484590e+01,1.228827114916997942e+01
3.738782509288368772e+01,1.287402409057715502e+01
3.740783080880251532e+01,1.253438233946585356e+01
3.742783652472135003e+01,1.304150794092479160e+01
3.744784224064018474e+01,1.362682510808977376e+01
3.746784795655901945e+01,1.437886119959592079e+01
3.748785367247785416e+01,1.364792190185199772e+01
3.750785938839668177e+01,1.508121498807715533e+01
3.752786510431552358e+01,1.461244799073173084e+01
3.754787082023435119e+01,1.482984574575178449e+01
3.756787653615319300e+01,1.540194155891690997e+01
3.758788225207202061e+01,1.476815454668845007e+01
3.760788796799085532e+01,1.545509281352576814e+01
3.762789368390969003e+01,1.517603164743726296e+01
3.764789939982852474e+01,1.586345207433691940e+01
3.766790511574735945e+01,1.592238970320480362e+01
3.768791083166618705e+01,1.532209152706501243e+01
3.770791654758502887e+01,1.673529165264051954e+01
3.772792226350385647e+01,1.613111833597916345e+01
3.774792797942269829e+01,1.654970946318069025e+01
3.776793369534152589e+01,1.635291592768046343e+01
3.778793941126036060e+01,1.649105645419246002e+01
3.780794512717919531e+01,1.658702628076752816e+01
3.782795084309803002e+01,1.683967537026979500e+01
3.784795655901686473e+01,1.799172686230154738e+01
3.786796227493569234e+01,1.793671126951902295e+01
3.788796799085453415e+01,1.887163587568978329e+01
3.790797370677336176e+01,1.857363783161469684e+01
3.792797942269220357e+01,1.868613696143667369e+01
3.794798513861103118e+01,1.928676192816715229e+01
3.796799085452986589e+01,1.934309993387768145e+01
3.798799657044870060e+01,2.026588558972185794e+01
3.800800228636753531e+01,2.054688378821915506e+01
3.802800800228637002e+01,2.022528507780709361e+01
3.804801371820520473e+01,2.089122161998851368e+01
3.806801943412403944e+01,2.112212693160203614e+01
3.808802515004286704e+01,2.060915087835173765e+01
3.810803086596170886e+01,2.152509359561344837e+01
3.812803658188053646e+01,2.188714051223760393e+01
3.814804229779937117e+01,2.148817894757496916e+01
3.816804801371820588e+01,2.097964354129149100e+01
3.818805372963704059e+01,2.124958493108444912e+01
3.820805944555587530e+01,2.105625997510365011e+01
3.822806516147471001e+01,2.150502937668936099e+01
3.824807087739354472e+01,2.159640676334570486e+01
3.826807659331237232e+01,2.148995951232192425e+01
3.828808230923121414e+01,2.200983362077271366e+01
3.830808802515004174e+01,2.265176385124200920e+01
3.832809374106888356e+01,2.313061466055501825e+01
3.834809945698771116e+01,2.234568442309175751e+01
3.836810517290654587e+01,2.314319148813657279e+01
3.838811088882538058e+01,2.369990096717177153e+01
3.840811660474421529e+01,2.353942182232290392e+01
3.842812232066305000e+01,2.379016632934295572e+01
3.844812803658187761e+01,2.498236552856839054e+01
3.846813375250071942e+01,2.425652794205088725e+01
3.848813946841954703e+01,2.451796250661216447e+01
3.850814518433838884e+01,2.407982141666051490e+01
3.852815090025721645e+01,2.401994668666618793e+01
3.854815661617605116e+01,2.474668856384093729e+01
3.856816233209488587e+01,2.430421719339235764e+01
3.858816804801372058e+01,2.492119938251440203e+01
3.860817376393255529e+01,2.428085016225954007e+01
3.862817947985138289e+01,2.565323840166382752e+01
3.864818519577022471e+01,2.527512899956533232e+01
3.866819091168905231e+01,2.450553366191982008e+01
3.868819662760789413e+01,2.536328373100382549e+01
3.870820234352672173e+01,2.438847751804765451e+01
3.872820805944555644e+01,2.536325564723331638e+01
3.874821377536439115e+01,2.496451423292728578e+01
3.876821949128322586e+01,2.531781202790800478e+01
3.878822520720206057e+01,2.503908798541877445e+01
3.880823092312088818e+01,2.400321860230842574e+01
3.882823663903972999e+01,2.360233061162031021e+01
3.884824235495855760e+01,2.381490624444314719e+01
3.886824807087739941e+01,2.341121307215647107e+01
3.888825378679622702e+01,2.247723052985983117e+01
3.890825950271506173e+01,2.202853668215136906e+01
3.892826521863389644e+01,2.056236287271181595e+01
3.894827093455273115e+01,2.021792128467527760e+01
3.896827665047156586e+01,1.988495346073918668e+01
3.898828236639040057e+01,1.893125760238053346e+01
3.900828808230923528e+01,1.806563828443086095e+01
3.902829379822806288e+01,1.720658932128734264e+01
3.904829951414690470e+01,1.672100856162385440e+01
3.906830523006573230e+01,1.578226742536316607e+01
3.908831094598456701e+01,1.585507113734125717e+01
3.910831666190340172e+01,1.478757349705501234e+01
3.912832237782223643e+01,1.433372931318635679e+01
3.914832809374107114e+01,1.377270012304432711e+01
3.916833380965990585e+01,1.338801020507756334e+01
3.918833952557874056e+01,1.385393413306188393e+01
3.920834524149756817e+01,1.382926720154636691e+01
3.922835095741640998e+01,1.372893657070325091e+01
3.924835667333523759e+01,1.367461643867449972e+01
3.926836238925407940e+01,1.391065564484893891e+01
3.928836810517290701e+01,1.316578292105987202e+01
3.930837382109174172e+01,1.476497417521596844e+01
3.932837953701057643e+01,1.383851213027178062e+01
3.934838525292941114e+01,1.355513089807132587e+01
3.936839096884824585e+01,1.462390208970336936e+01
3.938839668476707345e+01,1.499310923685680308e+01
3.940840240068591527e+01,1.467560496927916347e+01
3.942840811660474287e+01,1.473528936292619917e+01
3.944841383252358469e+01,1.526719812797757925e+01
3.946841954844241229e+01,1.634502181006962118e+01
3.948842526436124700e+01,1.633075377867878686e+01
3.950843098028008171e+01,1.620147046271767266e+01
3.952843669619891642e+01,1.766644376798342719e+01
3.954844241211775113e+01,1.774912197585348395e+01
3.956844812803657874e+01,1.768009317241262224e+01
3.958845384395542055e+01,1.835287131206713340e+01
3.960845955987424816e+01,1.835402718492958840e+01
3.962846527579308997e+01,1.832589819965382105e+01
3.964847099171191758e+01,1.919350174847352974e+01
3.966847670763075229e+01,1.939619615928253182e+01
3.968848242354958700e+01,2.031808139102409427e+01
3.970848813946842171e+01,2.013738706341295881e+01
3.972849385538725642e+01,2.053981045523628524e+01
3.974849957130608402e+01,2.049771336566190172e+01
3.976850528722492584e+01,2.073483616388072548e+01
3.978851100314375344e+01,2.064292388792177491e+01
3.980851671906259526e+01,1.930992403707660188e+01
3.982852243498142286e+01,2.020278552162542240e+01
3.984852815090025757e+01,1.994281430135190902e+01
3.986853386681909228e+01,1.948667692087583703e+01
3.988853958273792699e+01,1.841998744914249642e+01
3.990854529865676170e+01,1.894621480930664603e+01
3.992855101457559641e+01,1.765273726443841795e+01
3.994855673049443112e+01,1.794770280740640445e+01
3.996856244641325873e+01,1.648271276131809060e+01
3.998856816233210054e+01,1.576138474093611919e+01
4.000857387825092815e+01,1.519284792297703390e+01
4.002857959416976286e+01,1.477912197298106634e+01
4.004858531008859757e+01,1.470368382048288325e+01
4.006859102600743228e+01,1.353954726231163086e+01
4.008859674192626699e+01,1.398977138846482760e+01
4.010860245784510170e+01,1.414638657890369267e+01
4.012860817376393641e+01,1.263902360882754650e+01
4.014861388968276401e+01,1.314505760625678299e+01
4.016861960560160583e+01,1.280986072664764919e+01
4.018862532152043343e+01,1.331002474284525050e+01
4.020863103743927525e+01,1.282132674691417762e+01
4.022863675335810285e+01,1.309354192749175994e+01
4.024864246927693756e+01,1.250123965873781984e+01
4.026864818519577227e+01,1.219181413962384397e+01
4.028865390111460698e+01,1.186493770065621334e+01
4.030865961703344169e+01,1.235644576332993338e+01
4.032866533295226930e+01,1.311041282013089848e+01
4.034867104887111111e+01,1.274885319807217954e+01
4.036867676478993872e+01,1.284474278598354857e+01
4.038868248070878053e+01,1.269475851544436118e+01
4.040868819662760814e+01,1.249743890760181841e+01
4.042869391254644285e+01,1.340255432243095335e+01
4.044869962846527756e+01,1.367475408867237263e+01
4.046870534438411227e+01,1.353413082628497577e+01
4.048871106030294698e+01,1.436838927824812906e+01
4.050871677622177458e+01,1.372250024115842493e+01
4.052872249214061640e+01,1.407981417314140060e+01
4.054872820805944400e+01,1.407840360402834889e+01
4.056873392397828582e+01,1.401374858467071505e+01
4.058873963989711342e+01,1.525765734294014919e+01
4.060874535581594813e+01,1.534196002395662717e+01
4.062875107173478284e+01,1.542027250104774794e+01
4.064875678765361755e+01,1.524031210454826990e+01
4.066876250357245226e+01,1.644492555241339460e+01
4.068876821949127986e+01,1.590731123030574778e+01
4.070877393541012168e+01,1.679431883152277294e+01
4.072877965132894929e+01,1.644729182757032504e+01
4.074878536724779110e+01,1.784339595853722571e+01
4.076879108316661871e+01,1.715702040162502584e+01
4.078879679908545342e+01,1.717675688703956283e+01
4.080880251500428813e+01,1.685065733158362988e+01
4.082880823092312284e+01,1.782392638410475172e+01
4.084881394684195755e+01,1.813263323940207883e+01
4.086881966276079226e+01,1.712540875035619337e+01
4.088882537867962697e+01,1.741514762964028762e+01
4.090883109459845457e+01,1.700751176250469854e+01
4.092883681051729639e+01,1.662895381109368032e+01
4.094884252643612399e+01,1.545367894157430300e+01
4.096884824235495870e+01,1.550588272138649693e+01
4.098885395827379341e+01,1.521574148071223931e+01
4.100885967419262812e+01,1.466362668705760086e+01
4.102886539011146283e+01,1.401873919294933302e+01
4.104887110603029754e+01,1.336951564628507327e+01
4.106887682194913225e+01,1.290460836657440424e+01
4.108888253786795985e+01,1.225990229551138277e+01
4.110888825378680167e+01,1.219640340758179065e+01
4.112889396970562927e+01,1.159040571234806549e+01
4.114889968562447109e+01,1.103505577270144045e+01
4.116890540154329869e+01,1.003444730831747123e+01
4.118891111746213340e+01,1.067780040278954168e+01
4.120891683338096811e+01,9.300123288607325733e+00
4.122892254929980282e+01,1.001147594923067885e+01
4.124892826521863753e+01,9.444040634110042021e+00
4.126893398113746514e+01,9.245750095333781005e+00
4.128893969705630695e+01,9.578870891481280125e+00
4.130894541297513456e+01,8.690473132999212424e+00
4.132895112889397637e+01,8.549090943925083508e+00
4.134895684481280398e+01,8.174060061462547822e+00
4.136896256073163869e+01,8.745813087737602132e+00
4.138896827665047340e+01,8.337983093791248024e+00
4.140897399256930811e+01,8.537308788453721320e+00
4.142897970848814282e+01,8.619005296923363701e+00
4.144898542440697042e+01,7.904692770545594271e+00
4.146899114032581224e+01,8.048544197632800490e+00
4.148899685624463984e+01,7.576225534487467606e+00
4.150900257216348166e+01,8.283299853717952743e+00
4.152900828808230926e+01,7.836761817691311194e+00
4.154901400400114397e+01,8.525449583520185115e+00
4.156901971991997868e+01,7.991617688257345975e+00
4.158902543583881339e+01,7.901789639861194203e+00
4.160903115175764810e+01,7.447133480289649832e+00
4.162903686767647571e+01,8.631393999243194060e+00
4.164904258359531752e+01,7.935961182080056631e+00
4.166904829951414513e+01,8.854777763629051890e+00
4.168905401543298694e+01,8.667314571966572956e+00
4.170905973135181455e+01,8.997624664300090558e+00
4.172906544727064926e+01,8.141810259585264831e+00
4.174907116318948397e+01,8.984309505914911398e+00
4.176907687910831868e+01,9.264219542071554514e+00
4.178908259502715339e+01,9.153550051527597375e+00
4.180908831094598810e+01,8.395293935061324930e+00
4.182909402686482281e+01,8.768468992642635129e+00
4.184909974278365041e+01,1.031025394911192095e+01
4.186910545870249223e+01,9.608318342465121731e+00
4.188911117462131983e+01,1.003678079762556230e+01
4.190911689054015454e+01,1.022612287991311320e+01
4.192912260645898925e+01,1.032911992733621176e+01
4.194912832237782396e+01,1.075052853290915245e+01
4.196913403829665867e+01,1.090526674275981023e+01
4.198913975421549338e+01,1.045463963517141615e+01
4.200914547013432809e+01,1.130221945308402809e+01
4.202915118605316280e+01,1.176408182139813619e+01
4.204915690197199041e+01,1.135199963261205980e+01
4.206916261789082512e+01,1.101394635579047154e+01
4.208916833380965983e+01,1.136312298617518834e+01
4.210917404972849454e+01,1.160412194546753994e+01
4.212917976564732925e+01,1.168632469854648548e+01
4.214918548156616396e+01,1.190873485893953543e+01
4.216919119748499867e+01,1.090260046318669396e+01
4.218919691340383338e+01,1.046206608366500745e+01
4.220920262932266809e+01,1.071711995221513014e+01
4.222920834524150280e+01,1.006637078587976930e+01
4.224921406116033040e+01,9.430581103776003005e+00
4.226921977707916511e+01,8.785057102582404909e+00
4.228922549299799982e+01,9.736674831966762866e+00
4.230923120891683453e+01,8.724578491897021948e+00
4.232923692483566924e+01,8.261351551358837142e+00
4.234924264075450395e+01,8.830841869418790679e+00
4.236924835667333866e+01,8.128452838212368192e+00
4.238925407259217337e+01,8.352461933073850986e+00
4.240925978851100808e+01,7.494950822577266969e+00
4.242926550442983569e+01,7.200815065699353035e+00
4.244927122034867040e+01,6.649357610463244583e+00
4.246927693626750511e+01,7.380960942465729424e+00
4.248928265218633982e+01,7.489542208133084245e+00
4.250928836810517453e+01,5.959808762355243594e+00
4.252929408402400924e+01,6.474224553070666133e+00
4.254929979994284395e+01,6.932329040918710383e+00
4.256930551586167866e+01,6.943675286553914638e+00
4.258931123178051337e+01,6.315354538518755945e+00
4.260931694769934097e+01,6.536203436424584012e+00
4.262932266361817568e+01,6.044657988580408592e+00
4.264932837953701039e+01,6.103783239290938134e+00
4.266933409545584510e+01,6.187661080490190812e+00
4.268933981137467981e+01,6.202413773877546888e+00
4.270934552729351452e+01,6.029569002745703621e+00
4.272935124321234923e+01,5.977647522110729028e+00
4.274935695913118394e+01,6.059692228196997377e+00
4.276936267505001865e+01,6.066125528220185359e+00
4.278936839096885336e+01,5.847187202296090014e+00
4.280937410688768097e+01,6.331505655316243875e+00
4.282937982280651568e+01,5.468748665257479935e+00
4.284938553872535039e+01,6.968114578204466447e+00
4.286939125464418510e+01,6.651686445997600394e+00
4.288939697056301981e+01,6.557398263067678812e+00
4.290940268648185452e+01,6.652953005917522589e+00
4.292940840240068923e+01,6.993871738152263262e+00
4.294941411831952394e+01,7.701880118000876685e+00
4.296941983423835865e+01,7.386639867409741100e+00
4.298942555015718625e+01,7.144167507819519258e+00
4.300943126607602096e+01,7.239037804937238363e+00
4.302943698199485567e+01,8.345802449160121483e+00
4.304944269791369038e+01,8.192503765760356771e+00
4.306944841383252509e+01,7.467353353115737669e+00
4.308945412975135980e+01,8.528987967065106091e+00
4.310945984567019451e+01,8.576845562419736169e+00
4.312946556158902922e+01,8.925437042073816940e+00
4.314947127750786393e+01,9.378305684284594435e+00
4.316947699342669864e+01,8.816765797632502455e+00
4.318948270934552625e+01,1.042698546137054549e+01
4.320948842526436096e+01,9.679369909975022779e+00
4.322949414118319567e+01,1.005916414920216084e+01
4.324949985710203038e+01,9.840746467360474981e+00
4.326950557302086509e+01,1.080616604809392456e+01
4.328951128893969980e+01,1.119147827466778011e+01
4.330951700485853451e+01,1.158384863744516835e+01
4.332952272077736922e+01,1.184186413571151242e+01
4.334952843669620393e+01,1.128359648996042353e+01
4.336953415261503153e+01,1.196089557206438414e+01
4.338953986853386624e+01,1.214256351427438219e+01
4.340954558445270095e+01,1.223451760820497114e+01
4.342955130037153566e+01,1.209360406254446119e+01
4.344955701629037037e+01,1.215900787425131568e+01
4.346956273220920508e+01,1.296366526617293502e+01
4.348956844812803979e+01,1.249511767879305602e+01
4.350957416404687450e+01,1.282786177977892628e+01
4.352957987996570921e+01,1.322996166227608938e+01
4.354958559588453681e+01,1.173639639111909716e+01
4.356959131180337153e+01,1.279165338133438645e+01
4.358959702772220624e+01,1.291540134163367171e+01
4.360960274364104095e+01,1.269808549043890267e+01
4.362960845955987566e+01,1.231725016410143070e+01
4.364961417547871037e+01,1.130838913320450700e+01
4.366961989139754508e+01,1.207633796908398693e+01
4.368962560731637979e+01,1.111346273428542375e+01
4.370963132323521450e+01,1.118700211029645253e+01
4.372963703915404921e+01,1.144398800157453522e+01
4.374964275507287681e+01,1.116895027469163892e+01
4.376964847099171152e+01,1.139339668267339611e+01
4.378965418691054623e+01,1.041012026520076361e+01
4.380965990282938094e+01,1.026712749558420512e+01
4.382966561874821565e+01,1.085210420875468174e+01
4.384967133466705036e+01,1.052990197258437632e+01
4.386967705058588507e+01,1.140416464684787989e+01
4.388968276650471978e+01,1.088038010418893720e+01
4.390968848242355449e+01,1.053460341251432197e+01
4.392969419834238209e+01,1.064394507327191519e+01
4.394969991426121680e+01,1.104644612121937541e+01
4.396970563018005151e+01,1.086669099565969354e+01
4.398971134609888622e+01,1.173200208793311283e+01
4.400971706201772093e+01,1.183725427941385888e+01
4.402972277793655564e+01,1.199779141685619344e+01
4.404972849385539035e+01,1.182811734853476793e+01
4.406973420977422506e+01,1.173912596378028717e+01
4.408973992569305977e+01,1.203966873200848653e+01
4.410974564161189448e+01,1.291071849440555397e+01
4.412975135753072209e+01,1.258261492944906834e+01
4.414975707344955680e+01,1.288868914126519982e+01
4.416976278936839151e+01,1.336322632089443374e+01
4.418976850528722622e+01,1.237567238243047463e+01
4.420977422120606093e+01,1.381160881035798838e+01
4.422977993712489564e+01,1.337479345929132890e+01
4.424978565304373035e+01,1.365841204210791915e+01
4.426979136896256506e+01,1.331792593731670138e+01
4.428979708488139977e+01,1.268274999750068233e+01
4.430980280080022737e+01,1.282967377738068393e+01
4.432980851671906208e+01,1.336178843738727196e+01
4.434981423263789679e+01,1.256282385809115354e+01
4.436981994855673150e+01,1.258690939812255749e+01
4.438982566447556621e+01,1.271341201655140196e+01
4.440983138039440092e+01,1.168045360480868489e+01
4.442983709631323563e+01,1.084737541655940163e+01
4.444984281223207034e+01,1.084992682309832546e+01
4.446984852815090505e+01,1.083087745523448930e+01
4.448985424406973266e+01,1.088058369111024781e+01
4.450985995998856737e+01,1.055080620316031847e+01
4.452986567590740208e+01,1.133973608491066187e+01
4.454987139182623679e+01,9.890741852285731994e+00
4.456987710774507150e+01,9.513020252812104616e+00
4.458988282366390621e+01,1.057866207273628234e+01
4.460988853958274092e+01,9.943128540554253547e+00
4.462989425550157563e+01,9.920053213565520167e+00
4.464989997142041034e+01,1.024295285498694774e+01
4.466990568733924505e+01,1.023008321078798666e+01
4.468991140325807265e+01,1.077384805139696589e+01
4.470991711917690736e+01,1.046057818891988589e+01
4.472992283509574207e+01,1.049512118741652955e+01
4.474992855101457678e+01,1.042025957864543173e+01
4.476993426693341149e+01,1.064064327120648379e+01
4.478993998285224620e+01,1.045155756030646188e+01
4.480994569877108091e+01,1.025911914770146538e+01
4.482995141468991562e+01,1.080480270460929049e+01
4.484995713060875033e+01,1.085530512753797794e+01
4.486996284652757794e+01,1.055767311376448347e+01
4.488996856244641265e+01,1.082143287595959436e+01
4.490997427836524736e+01,1.077578390290210208e+01
4.492997999428408207e+01,1.080681851034277940e+01
4.494998571020291678e+01,1.090839979176513452e+01
4.496999142612175149e+01,1.093963038675965826e+01
4.498999714204058620e+01,1.001055232228259229e+01
4.501000285795942091e+01,1.039041092958237300e+01
4.503000857387825562e+01,9.192254800727210906e+00
4.505001428979709033e+01,9.080381276535725021e+00
4.507002000571591793e+01,8.886049809450353720e+00
4.509002572163475264e+01,1.004050181411292364e+01
4.511003143755358735e+01,8.415137483740153357e+00
4.513003715347242206e+01,8.917042966031393902e+00
4.515004286939125677e+01,8.279364370495539305e+00
4.517004858531009148e+01,7.741471298560760772e+00
4.519005430122892619e+01,8.484478222402312753e+00
4.521006001714776090e+01,7.865485785251504325e+00
4.523006573306659561e+01,8.629922094879537653e+00
4.525007144898542322e+01,8.400008635139307955e+00
4.527007716490425793e+01,8.198600639167919368e+00
4.529008288082309264e+01,7.895310591492943786e+00
4.531008859674192735e+01,8.245445251981500689e+00
4.533009431266076206e+01,7.385673689918645479e+00
4.535010002857959677e+01,8.330054098053599532e+00
4.537010574449843148e+01,7.425367992414173557e+00
4.539011146041726619e+01,7.355222646661689012e+00
4.541011717633610090e+01,7.689330212375308449e+00
4.543012289225492850e+01,8.244376571433779333e+00
4.545012860817376321e+01,7.819598134330425054e+00
4.547013432409259792e+01,7.678106458053279404e+00
4.549014004001143263e+01,7.126299592394752302e+00
4.551014575593026734e+01,8.089571368674718599e+00
4.553015147184910205e+01,8.002406189837559580e+00
4.555015718776793676e+01,7.083376978554836612e+00
4.557016290368677147e+01,7.394985812523038327e+00
4.559016861960560618e+01,6.504258593179664594e+00
4.561017433552444089e+01,7.628858768924203559e+00
4.563018005144326850e+01,6.537674934249348979e+00
4.565018576736210321e+01,7.719414991958942096e+00
4.567019148328093792e+01,7.926642917137137978e+00
4.569019719919977263e+01,6.991974038526954871e+00
4.571020291511860734e+01,7.352558205436391603e+00
4.573020863103744205e+01,6.801764959981984049e+00
4.575021434695627676e+01,8.103515595244184411e+00
4.577022006287511147e+01,7.289270640648839006e+00
4.579022577879394618e+01,7.952114352073396120e+00
4.581023149471277378e+01,7.598172035186852469e+00
4.583023721063160849e+01,7.277388313057246982e+00
4.585024292655044320e+01,7.119654653058727689e+00
4.587024864246927791e+01,7.927676636503462326e+00
4.589025435838811262e+01,7.341427600089996730e+00
4.591026007430694733e+01,8.077313414185061546e+00
4.593026579022578204e+01,7.569796474914532780e+00
4.595027150614461675e+01,8.751058107357280846e+00
4.597027722206345146e+01,8.750303487324668339e+00
4.599028293798228617e+01,8.618190240205620967e+00
4.601028865390111378e+01,9.029859777133713905e+00
4.603029436981994849e+01,9.622239692455051951e+00
4.605030008573878320e+01,9.786074524591777291e+00
4.607030580165761791e+01,9.773580201606144158e+00
4.609031151757645262e+01,1.029449432416362420e+01
4.611031723349528733e+01,1.020669243583781771e+01
4.613032294941412204e+01,1.021075588074052121e+01
4.615032866533295675e+01,1.088061304517052719e+01
4.617033438125179146e+01,1.108421128428788904e+01
4.619034009717061906e+01,1.126409898227619522e+01
4.621034581308945377e+01,1.179240695241163372e+01
4.623035152900828848e+01,1.267594951713521922e+01
4.625035724492712319e+01,1.164804495608154156e+01
4.627036296084595790e+01,1.241199216660033322e+01
4.629036867676479261e+01,1.299264211361223786e+01
4.631037439268362732e+01,1.222766029151035028e+01
4.633038010860246203e+01,1.257056679079045836e+01
4.635038582452129674e+01,1.219301642045756395e+01
4.637039154044012434e+01,1.273719105973496823e+01
4.639039725635895905e+01,1.366929882538220298e+01
4.641040297227779376e+01,1.335729214802437426e+01
4.643040868819662847e+01,1.369958305607872084e+01
4.645041440411546319e+01,1.336473620102868765e+01
4.647042012003429790e+01,1.345211954729659354e+01
4.649042583595313261e+01,1.400844110208625537e+01
4.651043155187196732e+01,1.381723888882537210e+01
4.653043726779080203e+01,1.404799102243618236e+01
4.655044298370963674e+01,1.480743757574318664e+01
4.657044869962846434e+01,1.496742535918511763e+01
4.659045441554729905e+01,1.543125096878693725e+01
4.661046013146613376e+01,1.502728153781103693e+01
4.663046584738496847e+01,1.485399602995991764e+01
4.665047156330380318e+01,1.565749126937194724e+01
4.667047727922263789e+01,1.597011001517619277e+01
4.669048299514147260e+01,1.620915186914709949e+01
4.671048871106030731e+01,1.658946268776290367e+01
4.673049442697914202e+01,1.593202077445996068e+01
4.675050014289796962e+01,1.724235686241131305e+01
4.677050585881680433e+01,1.705380942902888108e+01
4.679051157473563904e+01,1.708386660858731787e+01
4.681051729065447375e+01,1.676924049446691356e+01
4.683052300657330846e+01,1.727516677293961322e+01
4.685052872249214317e+01,1.734199393029688707e+01
4.687053443841097788e+01,1.665228786937749561e+01
4.689054015432981259e+01,1.781085467266876066e+01
4.691054587024864730e+01,1.727885313117660004e+01
4.693055158616748201e+01,1.784676995917073583e+01
4.695055730208630962e+01,1.733302282782747739e+01
4.697056301800514433e+01,1.714955372535612099e+01
4.699056873392397904e+01,1.859411761293859655e+01
4.701057444984281375e+01,1.808845676805061586e+01
4.703058016576164846e+01,1.855078138257821152e+01
4.705058588168048317e+01,1.741063013570225593e+01
4.707059159759931788e+01,1.819143798998119621e+01
4.709059731351815259e+01,1.888085840028035278e+01
4.711060302943698730e+01,1.778721127446118189e+01
4.713060874535581490e+01,1.854826530381749450e+01
4.715061446127464961e+01,1.749480310951982176e+01
4.717062017719348432e+01,1.755293352767124304e+01
4.719062589311231903e+01,1.690844968331299114e+01
4.721063160903115374e+01,1.669830866998863783e+01
4.723063732494998845e+01,1.635990501473387582e+01
4.725064304086882316e+01,1.589314130913788681e+01
4.727064875678765787e+01,1.520625710724111812e+01
4.729065447270649258e+01,1.567392570506635252e+01
4.731066018862532019e+01,1.605851186362821892e+01
4.733066590454415490e+01,1.515493716307024741e+01
4.735067162046298961e+01,1.509314303950435487e+01
4.737067733638182432e+01,1.560379238222606446e+01
4.739068305230065903e+01,1.504709460680715516e+01
4.741068876821949374e+01,1.551154329926827913e+01
4.743069448413832845e+01,1.598070555132177972e+01
4.745070020005716316e+01,1.503408340706214119e+01
4.747070591597599787e+01,1.574514741457191036e+01
4.749071163189483258e+01,1.534196951645631302e+01
4.751071734781366018e+01,1.535826272860202835e+01
4.753072306373249489e+01,1.637251135112243361e+01
4.755072877965132960e+01,1.589818707168283041e+01
4.757073449557016431e+01,1.685123647023269200e+01
4.759074021148899902e+01,1.659401400040168895e+01
4.761074592740783373e+01,1.611903678910405802e+01
4.763075164332666844e+01,1.640939548034790008e+01
4.765075735924550315e+01,1.644667529548885554e+01
4.767076307516433786e+01,1.671789736204581445e+01
4.769076879108316547e+01,1.579591492115240925e+01
4.771077450700200018e+01,1.689094077924751147e+01
4.773078022292083489e+01,1.628939648381339111e+01
4.775078593883966960e+01,1.564396732079496033e+01
4.777079165475850431e+01,1.637701382020848939e+01
4.779079737067733902e+01,1.613662713532038850e+01
4.781080308659617373e+01,1.609151969334590504e+01
4.783080880251500844e+01,1.607706423757215219e+01
4.785081451843384315e+01,1.541234918661002951e+01
4.787082023435267075e+01,1.601043393244155766e+01
4.789082595027150546e+01,1.555777161080857063e+01
4.791083166619034017e+01,1.541165567547864690e+01
4.793083738210917488e+01,1.531687915634099184e+01
4.795084309802800959e+01,1.460228924853759125e+01
4.797084881394684430e+01,1.465391906364876462e+01
4.799085452986567901e+01,1.445044702441434481e+01
4.801086024578451372e+01,1.446401540436570343e+01
4.803086596170334843e+01,1.389727344570845169e+01
4.805087167762218314e+01,1.377947867631980117e+01
4.807087739354101075e+01,1.324509184739618917e+01
4.809088310945984546e+01,1.368103818909217395e+01
4.811088882537868017e+01,1.365332930485853069e+01
4.813089454129751488e+01,1.325178788430414478e+01
4.815090025721634959e+01,1.324060959191356446e+01
4.817090597313518430e+01,1.254143347245005558e+01
4.819091168905401901e+01,1.244709513226257158e+01
4.821091740497285372e+01,1.261246046575294422e+01
4.823092312089168843e+01,1.239894364322574205e+01
4.825092883681051603e+01,1.222612720622684890e+01
4.827093455272935074e+01,1.218410133985705812e+01
4.829094026864818545e+01,1.255288617402325713e+01
4.831094598456702016e+01,1.201605179333785856e+01
4.833095170048585487e+01,1.162888060326926265e+01
4.835095741640468958e+01,1.183125347723816567e+01
4.837096313232352429e+01,1.101944222329348477e+01
4.839096884824235900e+01,1.147926780457519769e+01
4.841097456416119371e+01,1.147332875537126284e+01
4.843098028008002842e+01,1.059759276269857331e+01
4.845098599599885603e+01,1.073508914234502498e+01
4.847099171191769074e+01,1.081535909337740620e+01
4.849099742783652545e+01,1.123621413392556079e+01
4.851100314375536016e+01,1.022338150657915889e+01
4.853100885967419487e+01,1.071955401342369996e+01
4.855101457559302958e+01,1.019817576046525787e+01
4.857102029151186429e+01,1.037949835167886903e+01
4.859102600743069900e+01,1.110759722555706475e+01
4.861103172334953371e+01,9.816820717835994969e+00
4.863103743926836131e+01,1.043718110513949782e+01
4.865104315518719602e+01,1.091315542801016747e+01
4.867104887110603073e+01,9.954890421174869886e+00
4.869105458702486544e+01,1.007564342423895809e+01
4.871106030294370015e+01,9.816709474348749964e+00
4.873106601886253486e+01,1.067314049523038477e+01
4.875107173478136957e+01,9.691022814499930860e+00
4.877107745070020428e+01,1.051907298202820051e+01
4.879108316661903899e+01,1.012174525655239776e+01
4.881108888253786660e+01,9.921003362585562257e+00
4.883109459845670131e+01,9.418318114473198222e+00
4.885110031437553602e+01,1.004007756660032058e+01
4.887110603029437073e+01,9.537722978546169017e+00
4.889111174621320544e+01,9.894714886137860432e+00
4.891111746213204015e+01,9.939388336912184485e+00
4.893112317805087486e+01,9.947638168947467108e+00
4.895112889396970957e+01,8.414476878968445206e+00
4.897113460988854428e+01,8.293388912397643864e+00
4.899114032580737899e+01,8.238292177555310403e+00
4.901114604172620659e+01,8.293107663394351903e+00
4.903115175764504130e+01,9.234729589397549177e+00
4.905115747356387601e+01,8.785086960157402203e+00
4.907116318948271072e+01,8.423125095083321412e+00
4.909116890540154543e+01,8.566441581822520135e+00
4.911117462132038014e+01,9.882978700664647675e+00
4.913118033723921485e+01,9.140477687767486259e+00
4.915118605315804956e+01,9.852728399963169181e+00
4.917119176907688427e+01,9.171421000702196125e+00
4.919119748499571187e+01,8.887116602910499097e+00
4.921120320091454658e+01,9.389695490906687425e+00
4.923120891683338129e+01,9.698418459296522798e+00
4.925121463275221600e+01,1.025521427434600952e+01
4.927122034867105071e+01,9.652192306624044704e+00
4.929122606458988542e+01,1.028149976476596450e+01
4.931123178050872014e+01,1.024480953498247970e+01
4.933123749642755485e+01,1.109984106974798124e+01
4.935124321234638956e+01,1.090358674840206632e+01
4.937124892826522427e+01,1.028970865121777400e+01
4.939125464418405187e+01,1.096429822794126352e+01
4.941126036010288658e+01,1.101351207603004667e+01
4.943126607602172129e+01,1.146791195103703309e+01
4.945127179194055600e+01,1.142859429896818213e+01
4.947127750785939071e+01,1.104822578158841750e+01
4.949128322377822542e+01,1.199951496608177948e+01
4.951128893969706013e+01,1.189366580535589790e+01
4.953129465561589484e+01,1.208845713104403075e+01
4.955130037153472955e+01,1.273486969233930921e+01
4.957130608745355715e+01,1.348561962686512672e+01
4.959131180337239186e+01,1.371472175763840795e+01
4.961131751929122657e+01,1.461427050101328362e+01
4.963132323521006128e+01,1.525819149013560505e+01
4.965132895112889599e+01,1.544301065970302034e+01
4.967133466704773070e+01,1.644532729280654593e+01
4.969134038296656541e+01,1.649337173539695556e+01
4.971134609888540012e+01,1.733101722281457668e+01
4.973135181480423483e+01,1.853619273213814722e+01
4.975135753072306244e+01,1.924289398864674183e+01
4.977136324664189715e+01,1.980295422704795527e+01
4.979136896256073186e+01,2.067623904902077214e+01
4.981137467847956657e+01,2.158152776546518581e+01
4.983138039439840128e+01,2.257242650434825038e+01
4.985138611031723599e+01,2.414194858472288630e+01
4.987139182623607070e+01,2.505196068527916253e+01
4.989139754215490541e+01,2.557700968943577990e+01
4.991140325807374012e+01,2.704862167433048370e+01
4.993140897399257483e+01,2.818086806910935849e+01
4.995141468991140243e+01,2.876555686310069859e+01
4.997142040583023714e+01,2.997609183242637343e+01
4.999142612174907185e+01,3.160216773234783716e+01
5.001143183766790656e+01,3.341112009855766019e+01
5.003143755358674127e+01,3.425155688933602249e+01
5.005144326950557598e+01,3.436437723894353979e+01
5.007144898542441069e+01,3.432967200261239782e+01
5.009145470134324540e+01,3.551986738515267916e+01
5.011146041726208011e+01,3.511473788169696064e+01
5.013146613318090772e+01,3.599592800540192172e+01
5.015147184909974243e+01,3.554880836144113943e+01
5.017147756501857714e+01,3.508284004463730810e+01
5.019148328093741185e+01,3.564592135725950328e+01
5.021148899685624656e+01,3.520433892692234679e+01
5.023149471277508127e+01,3.537189629271147595e+01
5.025150042869391598e+01,3.358753436908934020e+01
5.027150614461275069e+01,3.400951516054841051e+01
5.029151186053158540e+01,3.356372373739802839e+01
5.031151757645042011e+01,3.331946017525618942e+01
5.033152329236924771e+01,3.304295085093652773e+01
5.035152900828808242e+01,3.215314942031960044e+01
5.037153472420691713e+01,3.181404273458327481e+01
5.039154044012575184e+01,3.183191600315536363e+01
5.041154615604458655e+01,3.025156397171156186e+01
5.043155187196342126e+01,2.993716952583248059e+01
5.045155758788225597e+01,2.919991268194237222e+01
5.047156330380109068e+01,2.793862381475048551e+01
5.049156901971992539e+01,2.770061490120959036e+01
5.051157473563875300e+01,2.737134701945218751e+01
5.053158045155758771e+01,2.606178441020048453e+01
5.055158616747642242e+01,2.567448312029493707e+01
5.057159188339525713e+01,2.400100887858472021e+01
5.059159759931409184e+01,2.330421970260940157e+01
5.061160331523292655e+01,2.221231670042021733e+01
5.063160903115176126e+01,2.161498938943680415e+01
5.065161474707059597e+01,2.184039251303593687e+01
5.067162046298943068e+01,2.065281870989451107e+01
5.069162617890825828e+01,1.974023864346027324e+01
5.071163189482709299e+01,1.981146469110078812e+01
5.073163761074592770e+01,1.850068694313263862e+01
5.075164332666476241e+01,1.775413419740067056e+01
5.077164904258359712e+01,1.773643664107489926e+01
5.079165475850243183e+01,1.654144622131935094e+01
5.081166047442126654e+01,1.705900646322434255e+01
5.083166619034010125e+01,1.619690133517798714e+01
5.085167190625893596e+01,1.492300317296823309e+01
5.087167762217777067e+01,1.449796604549517376e+01
5.089168333809659828e+01,1.458506525915691654e+01
5.091168905401543299e+01,1.466545199003074096e+01
5.093169476993426770e+01,1.391464622720177680e+01
5.095170048585310241e+01,1.336495285592067361e+01
5.097170620177193712e+01,1.383506360665179713e+01
5.099171191769077183e+01,1.309671334819446642e+01
5.101171763360960654e+01,1.224646229279324849e+01
5.103172334952844125e+01,1.248508566913007911e+01
5.105172906544727596e+01,1.167453665272780761e+01
5.107173478136610356e+01,1.122652014948838861e+01
5.109174049728493827e+01,1.181639290475424531e+01
5.111174621320377298e+01,1.092653856726909112e+01
5.113175192912260769e+01,1.162486434991315321e+01
5.115175764504144240e+01,1.101367119127302807e+01
5.117176336096027711e+01,1.114127250375373102e+01
5.119176907687911182e+01,1.040506123194294830e+01
5.121177479279794653e+01,9.896331852191226019e+00
5.123178050871678124e+01,9.445543179850171001e+00
5.125178622463561595e+01,9.785210850228123647e+00
5.127179194055444356e+01,9.226757409275908373e+00
5.129179765647327827e+01,1.010333574920718647e+01
5.131180337239211298e+01,9.085506483650959808e+00
5.133180908831094769e+01,8.795957397500089314e+00
5.135181480422978240e+01,1.001175769907203161e+01
5.137182052014861711e+01,9.162981326976952445e+00
5.139182623606745182e+01,9.289526832759532837e+00
5.141183195198628653e+01,9.319003028796867483e+00
5.143183766790512124e+01,8.683824239418182600e+00
5.145184338382394884e+01,8.550779610084427773e+00
5.147184909974278355e+01,8.408171497109034220e+00
5.149185481566161826e+01,7.962444873242422005e+00
5.151186053158045297e+01,8.040482751943889284e+00
5.153186624749928768e+01,8.329941828298093043e+00
5.155187196341812239e+01,8.796067543517118281e+00
5.157187767933695710e+01,8.237561566303922334e+00
5.159188339525579181e+01,7.011541694648103729e+00
5.161188911117462652e+01,8.174260236281121195e+00
5.163189482709345413e+01,7.428661008148132794e+00
5.165190054301228884e+01,8.181168020071410751e+00
5.167190625893112355e+01,7.129470440109834328e+00
5.169191197484995826e+01,6.480473142078846394e+00
5.171191769076879297e+01,7.454352696263821798e+00
5.173192340668762768e+01,6.937536271346032457e+00
5.175192912260646239e+01,6.341058272178704769e+00
5.177193483852529710e+01,6.483324673827170592e+00
5.179194055444413181e+01,6.306061967878246577e+00
5.181194627036296652e+01,6.260389423151022648e+00
5.183195198628179412e+01,5.939188858204879295e+00
5.185195770220062883e+01,6.280096387568512739e+00
5.187196341811946354e+01,6.854491771412828172e+00
5.189196913403829825e+01,5.914340953329587869e+00
5.191197484995713296e+01,5.767169844343266405e+00
5.193198056587596767e+01,6.006075100320153126e+00
5.195198628179480238e+01,6.273109563181532344e+00
5.197199199771363709e+01,5.863640815493582181e+00
5.199199771363247180e+01,5.827448344589760687e+00
5.201200342955129940e+01,6.310750211399384746e+00
5.203200914547013411e+01,6.077520521000705500e+00
5.205201486138896882e+01,6.183319994278571485e+00
5.207202057730780353e+01,6.452120852456047828e+00
5.209202629322663824e+01,5.562965529163125922e+00
5.211203200914547295e+01,5.301160436444392055e+00
5.213203772506430766e+01,5.967975635881847651e+00
5.215204344098314237e+01,6.110816545886166296e+00
5.217204915690197708e+01,5.724534692305596195e+00
5.219205487282081180e+01,5.981019511069156636e+00
5.221206058873963940e+01,6.995461090683933847e+00
5.223206630465847411e+01,6.587513008652673641e+00
5.225207202057730882e+01,6.522034609376484937e+00
5.227207773649614353e+01,6.717159238614363481e+00
5.229208345241497824e+01,6.750834772059999267e+00
5.231208916833381295e+01,6.272508332333447179e+00
5.233209488425264766e+01,7.130010992431346395e+00
5.235210060017148237e+01,6.892712256750735733e+00
5.237210631609031708e+01,6.742824420604845770e+00
5.239211203200914468e+01,7.806533703883781428e+00
5.241211774792797939e+01,7.582642187127692779e+00
5.243212346384681410e+01,7.069587132468496904e+00
5.245212917976564881e+01,8.213780107724849344e+00
5.247213489568448352e+01,7.926378594032715164e+00
5.249214061160331823e+01,7.381161243591760623e+00
5.251214632752215294e+01,7.604046530982808250e+00
5.253215204344098765e+01,8.150225527265533287e+00
5.255215775935982236e+01,7.990062047348956753e+00
5.257216347527864997e+01,7.924993166666896016e+00
5.259216919119748468e+01,7.507326205258414653e+00
5.261217490711631939e+01,7.470988561900605340e+00
5.263218062303515410e+01,8.164667387080601912e+00
5.265218633895398881e+01,7.102576401356813562e+00
5.267219205487282352e+01,8.462944223440306502e+00
5.269219777079165823e+01,7.633947708280400590e+00
5.271220348671049294e+01,8.097743944099665470e+00
5.273220920262932765e+01,7.638716007627903259e+00
5.275221491854816236e+01,8.057393677842558333e+00
5.277222063446698996e+01,8.639483879831805879e+00
5.279222635038582467e+01,8.648371963530708584e+00
5.281223206630465938e+01,8.237572743327008951e+00
5.283223778222349409e+01,8.726842298279722243e+00
5.285224349814232880e+01,8.754036857251897175e+00
5.287224921406116351e+01,9.311696926896708248e+00
5.289225492997999822e+01,8.926533815498281399e+00
5.291226064589883293e+01,9.172433283310367003e+00
5.293226636181766764e+01,9.538237097892622529e+00
5.295227207773649525e+01,9.327203715915665327e+00
5.297227779365532996e+01,9.575585227106095942e+00
5.299228350957416467e+01,9.437114127480235481e+00
5.301228922549299938e+01,9.251992201952704775e+00
5.303229494141183409e+01,9.805941833406631503e+00
5.305230065733066880e+01,9.126851658411641921e+00
5.307230637324950351e+01,9.315702093616234691e+00
5.309231208916833822e+01,9.228406762847939149e+00
5.311231780508717293e+01,1.024349519589595481e+01
5.313232352100600764e+01,9.952819962013901289e+00
5.315232923692483524e+01,9.033038709891485496e+00
5.317233495284366995e+01,9.866586673666354557e+00
5.319234066876250466e+01,9.879867763857557605e+00
5.321234638468133937e+01,9.119400899179908038e+00
5.323235210060017408e+01,9.262247002091200443e+00
5.325235781651900879e+01,8.889526327378954207e+00
5.327236353243784350e+01,8.215172823012951042e+00
5.329236924835667821e+01,8.219322189309341553e+00
5.331237496427551292e+01,7.086564729845855837e+00
5.333238068019434053e+01,7.819767956947939247e+00
5.335238639611317524e+01,7.001251281052084607e+00
5.337239211203200995e+01,6.694147024852449057e+00
5.339239782795084466e+01,6.428300397241758724e+00
5.341240354386967937e+01,6.356273272169158162e+00
5.343240925978851408e+01,6.731295105517142829e+00
5.345241497570734879e+01,5.984985181948513144e+00
5.347242069162618350e+01,6.324933741175744473e+00
5.349242640754501821e+01,6.245730233161514988e+00
5.351243212346384581e+01,6.330789375124943774e+00
5.353243783938268052e+01,5.736414151386730609e+00
5.355244355530151523e+01,5.499196979359189719e+00
5.357244927122034994e+01,6.332149845101115559e+00
5.359245498713918465e+01,5.798768977970977012e+00
5.361246070305801936e+01,6.081988579129996353e+00
5.363246641897685407e+01,6.301853180715305314e+00
5.365247213489568878e+01,5.621124179095486006e+00
5.367247785081452349e+01,5.030050464530362753e+00
5.369248356673335820e+01,6.035893565831909058e+00
5.371248928265218581e+01,5.507103349368197343e+00
5.373249499857102052e+01,5.361821560290501942e+00
5.375250071448985523e+01,5.999009222639376304e+00
5.377250643040868994e+01,5.826240382749714897e+00
5.379251214632752465e+01,5.796641986281636960e+00
5.381251786224635936e+01,6.343945721955991601e+00
5.383252357816519407e+01,5.793470244093862576e+00
5.385252929408402878e+01,5.780954592204850861e+00
5.387253501000286349e+01,5.719539776186859825e+00
5.389254072592169109e+01,5.913966708892730573e+00
5.391254644184052580e+01,6.202782666592864480e+00
5.393255215775936051e+01,5.883312143545681216e+00
5.395255787367819522e+01,5.784049504645358830e+00
5.397256358959702993e+01,5.698863308372575709e+00
5.399256930551586464e+01,6.464131917966894569e+00
5.401257502143469935e+01,6.488917112488234551e+00
5.403258073735353406e+01,6.387389159487947055e+00
5.405258645327236877e+01,6.038463752963888709e+00
5.407259216919120348e+01,6.780201416031893302e+00
5.409259788511003109e+01,5.720478407107675523e+00
5.411260360102886580e+01,6.077544834345567359e+00
5.413260931694770051e+01,6.348190154035261656e+00
5.415261503286653522e+01,7.353924787684230857e+00
5.417262074878536993e+01,6.934526908005498314e+00
5.419262646470420464e+01,8.123916382899992072e+00
5.421263218062303935e+01,7.406474647326255933e+00
5.423263789654187406e+01,7.732228404555812062e+00
5.425264361246070877e+01,8.009419672322058759e+00
5.427264932837953637e+01,8.529768034579262803e+00
5.429265504429837108e+01,8.840977829833606805e+00
5.431266076021720579e+01,9.505340626089683553e+00
5.433266647613604050e+01,9.663444211092077296e+00
5.435267219205487521e+01,9.804410772967480980e+00
5.437267790797370992e+01,1.061051285047161663e+01
5.439268362389254463e+01,1.032666343716772417e+01
5.441268933981137934e+01,1.081414454939965708e+01
5.443269505573021405e+01,1.018516821530594640e+01
5.445270077164904166e+01,1.057465922921688595e+01
5.447270648756787637e+01,1.146014355813457541e+01
5.449271220348671108e+01,1.098805470707434395e+01
5.451271791940554579e+01,9.988699738044791943e+00
5.453272363532438050e+01,1.122075727410850021e+01
5.455272935124321521e+01,1.078237546323840945e+01
5.457273506716204992e+01,9.757716683678761882e+00
5.459274078308088463e+01,9.812167384384551383e+00
5.461274649899971934e+01,9.652932023804542183e+00
5.463275221491855405e+01,9.886434691721259327e+00
5.465275793083738165e+01,9.231988432967838776e+00
5.467276364675621636e+01,9.948605272432573088e+00
5.469276936267505107e+01,8.747762654766834345e+00
5.471277507859388578e+01,8.582809168245960407e+00
5.473278079451272049e+01,8.485691020481521463e+00
5.475278651043155520e+01,8.654025223625236407e+00
5.477279222635038991e+01,9.283005425887786544e+00
5.479279794226922462e+01,8.340963930568243256e+00
5.481280365818805933e+01,8.402175965912222821e+00
5.483280937410688693e+01,8.015625765120413249e+00
5.485281509002572164e+01,8.197552229038041816e+00
5.487282080594455635e+01,8.619693206007699615e+00
5.489282652186339106e+01,7.861742902838052771e+00
5.491283223778222577e+01,8.541428818295987213e+00
5.493283795370106048e+01,8.321999782656346767e+00
5.495284366961989519e+01,7.809904938995853030e+00
5.497284938553872990e+01,8.181590829708634161e+00
5.499285510145756461e+01,8.063511514762309318e+00
5.501286081737639222e+01,8.486419920364678404e+00
5.503286653329522693e+01,9.443614969134172199e+00
5.505287224921406164e+01,8.821345518724037049e+00
5.507287796513289635e+01,8.303138879013488349e+00
5.509288368105173106e+01,9.516696321090277522e+00
5.511288939697056577e+01,9.051216557394070605e+00
5.513289511288940048e+01,9.034709139754266261e+00
5.515290082880823519e+01,9.455503432949804221e+00
5.517290654472706990e+01,9.289904916585626893e+00
5.519291226064590461e+01,9.714044050586830181e+00
5.521291797656473221e+01,9.471221180711035359e+00
5.523292369248356692e+01,9.860076112685732141e+00
5.525292940840240163e+01,1.048359149681392211e+01
5.527293512432123634e+01,9.339601251271364646e+00
5.529294084024007105e+01,1.001168447852361609e+01
5.531294655615890576e+01,9.727549756654628510e+00
5.533295227207774047e+01,1.019736726464195797e+01
5.535295798799657518e+01,1.046575820940974921e+01
5.537296370391540989e+01,1.049683318496443540e+01
5.539296941983423750e+01,1.076165852569952008e+01
5.541297513575307221e+01,1.105567704448034050e+01
5.543298085167190692e+01,1.153264027029777061e+01
5.545298656759074163e+01,1.063943545048014983e+01
5.547299228350957634e+01,1.115196948903378527e+01
5.549299799942841105e+01,1.146661384045079579e+01
5.551300371534724576e+01,1.099960637409264308e+01
5.553300943126608047e+01,1.122319939225893748e+01
5.555301514718491518e+01,1.137357985280319284e+01
5.557302086310374989e+01,1.104180589981123717e+01
5.559302657902257749e+01,1.064591681398759171e+01
5.561303229494141220e+01,1.106128036768075873e+01
5.563303801086024691e+01,1.176794306837144077e+01
5.565304372677908162e+01,1.114487092248030464e+01
5.567304944269791633e+01,1.115901863152179629e+01
5.569305515861675104e+01,1.065602876090464335e+01
5.571306087453558575e+01,1.046200706088832000e+01
5.573306659045442046e+01,1.049747501410912776e+01
5.575307230637325517e+01,1.102720763073768495e+01
5.577307802229208278e+01,9.910966636234530114e+00
5.579308373821091749e+01,1.014010628913025158e+01
5.581308945412975220e+01,1.104301833626680462e+01
5.583309517004858691e+01,1.037625662240003166e+01
5.585310088596742162e+01,1.031315764448447325e+01
5.587310660188625633e+01,9.940247738092164553e+00
5.589311231780509104e+01,9.739683859183024595e+00
5.591311803372392575e+01,1.048705791963631029e+01
5.593312374964276046e+01,1.096122857578174070e+01
5.595312946556158806e+01,1.084986466986298836e+01
5.597313518148042277e+01,1.061935630840334355e+01
5.599314089739925748e+01,1.076015345294690739e+01
5.601314661331809219e+01,1.087202416683671125e+01
5.603315232923692690e+01,1.117854622134089837e+01
5.605315804515576161e+01,1.111003453923156137e+01
5.607316376107459632e+01,1.179397661145983989e+01
5.609316947699343103e+01,1.217868201646646398e+01
5.611317519291226574e+01,1.211295504032244175e+01
5.613318090883110045e+01,1.206988261192461742e+01
5.615318662474992806e+01,1.221867235963935627e+01
5.617319234066876277e+01,1.291914174244321600e+01
5.619319805658759748e+01,1.328446398001977968e+01
5.621320377250643219e+01,1.328231244856286253e+01
5.623320948842526690e+01,1.330351275684186696e+01
5.625321520434410161e+01,1.429129867194146897e+01
5.627322092026293632e+01,1.458043101258020613e+01
5.629322663618177103e+01,1.561037144470042470e+01
5.631323235210060574e+01,1.516647870277218324e+01
5.633323806801943334e+01,1.531998508137004400e+01
5.635324378393826805e+01,1.671595082882073768e+01
5.637324949985710276e+01,1.661644414781500956e+01
5.639325521577593747e+01,1.764043171346236960e+01
5.641326093169477218e+01,1.819063311266121374e+01
5.643326664761360689e+01,1.826466843516517002e+01
5.645327236353244160e+01,1.960586281063770286e+01
5.647327807945127631e+01,1.993872717262927807e+01
5.649328379537011102e+01,1.974448102228940627e+01
5.651328951128894573e+01,2.117299252959372069e+01
5.653329522720777334e+01,2.133472263758536513e+01
5.655330094312660805e+01,2.072620540318205684e+01
5.657330665904544276e+01,2.082957771275266978e+01
5.659331237496427747e+01,2.160188786643872660e+01
5.661331809088311218e+01,2.202959398999052354e+01
5.663332380680194689e+01,2.146899250153617800e+01
5.665332952272078160e+01,2.160472330518523165e+01
5.667333523863961631e+01,2.123766477944327136e+01
5.669334095455845102e+01,2.117364585277634603e+01
5.671334667047727862e+01,2.050298787776350906e+01
5.673335238639611333e+01,1.979418012857554743e+01
5.675335810231494804e+01,2.026223104927877827e+01
5.677336381823378275e+01,1.901576805115604429e+01
5.679336953415261746e+01,1.993552181003282442e+01
5.681337525007145217e+01,1.925669768716580776e+01
5.683338096599028688e+01,1.903246993240569651e+01
5.685338668190912159e+01,1.894485808016830575e+01
5.687339239782795630e+01,1.835911113337147782e+01
5.689339811374678391e+01,1.825927832012380847e+01
5.691340382966561862e+01,1.797610108520245831e+01
5.693340954558445333e+01,1.826299244369348784e+01
5.695341526150328804e+01,1.803590931642803596e+01
5.697342097742212275e+01,1.782803343035086030e+01
5.699342669334095746e+01,1.793919432601117236e+01
5.701343240925979217e+01,1.761681345727796710e+01
5.703343812517862688e+01,1.746071121342026800e+01
5.705344384109746159e+01,1.792915952945849511e+01
5.707344955701629630e+01,1.683440469817400498e+01
5.709345527293512390e+01,1.738315917336780458e+01
5.711346098885395861e+01,1.724856744263570363e+01
5.713346670477279332e+01,1.676095725385616220e+01
5.715347242069162803e+01,1.690550026168657638e+01
5.717347813661046274e+01,1.607332503928207146e+01
5.719348385252929745e+01,1.572689653272360388e+01
5.721348956844813216e+01,1.601493148240898279e+01
5.723349528436696687e+01,1.598554868165982157e+01
5.725350100028580158e+01,1.600685182446127897e+01
5.727350671620462919e+01,1.559911534240590569e+01
5.729351243212346390e+01,1.576913868915546324e+01
5.731351814804229861e+01,1.526756594309238224e+01
5.733352386396113332e+01,1.498901655119246357e+01
5.735352957987996803e+01,1.490045267786268823e+01
5.737353529579880274e+01,1.469932591977110548e+01
5.739354101171763745e+01,1.401290264095538163e+01
5.741354672763647216e+01,1.346661094897192967e+01
5.743355244355530687e+01,1.322237272225008020e+01
5.745355815947414158e+01,1.262034651150387532e+01
5.747356387539296918e+01,1.303363213367722295e+01
5.749356959131180389e+01,1.140986363277047388e+01
5.751357530723063860e+01,1.176148936083378160e+01
5.753358102314947331e+01,1.266661776916317805e+01
5.755358673906830802e+01,1.146787213770219793e+01
5.757359245498714273e+01,1.126656020735418551e+01
5.759359817090597744e+01,1.110391186074275183e+01
5.761360388682481215e+01,1.222512500851978245e+01
5.763360960274364686e+01,1.224187753485407626e+01
5.765361531866247446e+01,1.238354041077126766e+01
5.767362103458130917e+01,1.169130390785133855e+01
5.769362675050014388e+01,1.204719586261470354e+01
5.771363246641897859e+01,1.252748350809850919e+01
5.773363818233781330e+01,1.244279155332196041e+01
5.775364389825664801e+01,1.288577555238441796e+01
5.777364961417548272e+01,1.316759708964565156e+01
5.779365533009431743e+01,1.257911872454244140e+01
5.781366104601315214e+01,1.236449350222417465e+01
5.783366676193197975e+01,1.278358216974527295e+01
5.785367247785081446e+01,1.285258565462531344e+01
5.787367819376964917e+01,1.273702925404814934e+01
5.789368390968848388e+01,1.378426623789859029e+01
5.791368962560731859e+01,1.345932517036051301e+01
5.793369534152615330e+01,1.301909727684954632e+01
5.795370105744498801e+01,1.224488904358477548e+01
5.797370677336382272e+01,1.232225176270736000e+01
5.799371248928265743e+01,1.211006943860562046e+01
5.801371820520149214e+01,1.215098905420959241e+01
5.803372392112031974e+01,1.213643625167607887e+01
5.805372963703915445e+01,1.110295111769289100e+01
5.807373535295798916e+01,1.005901097220593599e+01
5.809374106887682387e+01,1.052008965877871915e+01
5.811374678479565858e+01,1.075980452363148210e+01
5.813375250071449329e+01,1.037214994451757377e+01
5.815375821663332800e+01,9.657128670504118162e+00
5.817376393255216271e+01,9.077606522098342623e+00
5.819376964847099742e+01,9.218453016288620461e+00
5.821377536438982503e+01,9.272035851029698961e+00
5.823378108030865974e+01,9.691385272552329511e+00
5.825378679622749445e+01,8.733361157837531863e+00
5.827379251214632916e+01,8.426299960638653275e+00
5.829379822806516387e+01,9.114674927787687508e+00
5.831380394398399858e+01,9.067226402227618109e+00
5.833380965990283329e+01,8.779888899915231804e+00
5.835381537582166800e+01,8.988197718436239825e+00
5.837382109174050271e+01,8.970581443504478614e+00
5.839382680765933742e+01,8.887341492093799644e+00
5.841383252357816502e+01,8.769243366867517153e+00
5.843383823949699973e+01,9.262493527665000670e+00
5.845384395541583444e+01,9.553839124126991322e+00
5.847384967133466915e+01,9.673481190542185360e+00
5.849385538725350386e+01,9.193111793090517736e+00
5.851386110317233857e+01,9.887021011258504188e+00
5.853386681909117328e+01,1.007698478967131450e+01
5.855387253501000799e+01,9.468205693814093493e+00
5.857387825092884270e+01,1.098501217165919996e+01
5.859388396684767031e+01,1.056154107110630846e+01
5.861388968276650502e+01,1.096312872095179358e+01
5.863389539868533973e+01,1.202535294218971629e+01
5.865390111460417444e+01,1.118178676085208423e+01
5.867390683052300915e+01,1.113900043660832395e+01
5.869391254644184386e+01,1.229138163396446615e+01
5.871391826236067857e+01,1.253356282143865918e+01
5.873392397827951328e+01,1.148482937211365140e+01
5.875392969419834799e+01,1.162824230845680695e+01
5.877393541011717559e+01,1.187181321468788120e+01
5.879394112603601030e+01,1.275090775416212452e+01
5.881394684195484501e+01,1.269382627448016621e+01
5.883395255787367972e+01,1.229731052375235834e+01
5.885395827379251443e+01,1.324516507509407859e+01
5.887396398971134914e+01,1.238153437556519876e+01
5.889396970563018385e+01,1.302945289224044600e+01
5.891397542154901856e+01,1.370714811729304472e+01
5.893398113746785327e+01,1.240605856796153894e+01
5.895398685338668798e+01,1.307038093574652393e+01
5.897399256930551559e+01,1.350702581955158976e+01
5.899399828522435030e+01,1.316220816140043937e+01
5.901400400114318501e+01,1.301230132424462127e+01
5.903400971706201972e+01,1.358384018357651968e+01
5.905401543298085443e+01,1.360933543908183196e+01
5.907402114889968914e+01,1.391695347203279809e+01
5.909402686481852385e+01,1.357247103961814716e+01
5.911403258073735856e+01,1.369817356000889674e+01
5.913403829665619327e+01,1.440391414652801494e+01
5.915404401257502087e+01,1.375767715507470612e+01
5.917404972849385558e+01,1.468130072121473617e+01
5.919405544441269029e+01,1.407469449438712239e+01
5.921406116033152500e+01,1.385947320301905350e+01
5.923406687625035971e+01,1.335340173545695919e+01
5.925407259216919442e+01,1.380128197470029328e+01
5.927407830808802913e+01,1.349795619800761948e+01
5.929408402400686384e+01,1.290372061471410348e+01
5.931408973992569855e+01,1.261509909082944070e+01
5.933409545584453326e+01,1.266267438568357129e+01
5.935410117176336087e+01,1.246676873469359137e+01
5.937410688768219558e+01,1.170453215892047538e+01
5.939411260360103029e+01,1.185243468892227625e+01
5.941411831951986500e+01,1.196139012941535640e+01
5.943412403543869971e+01,1.278670189470211227e+01
5.945412975135753442e+01,1.295126533287994697e+01
5.947413546727636913e+01,1.239202903751713336e+01
5.949414118319520384e+01,1.216475392848352399e+01
5.951414689911403855e+01,1.182217377175110684e+01
5.953415261503286615e+01,1.185549342231209202e+01
5.955415833095170086e+01,1.248354445216524411e+01
5.957416404687053557e+01,1.193073277247674113e+01
5.959416976278937028e+01,1.233894294957841531e+01
5.961417547870820499e+01,1.320401227779772846e+01
5.963418119462703970e+01,1.345014818166159287e+01
5.965418691054587441e+01,1.229105141547834634e+01
5.967419262646470912e+01,1.297563309153729882e+01
5.969419834238354383e+01,1.245315978306095772e+01
5.971420405830237144e+01,1.396373757568614948e+01
5.973420977422120615e+01,1.372504855180129546e+01
5.975421549014004086e+01,1.368329425305960356e+01
5.977422120605887557e+01,1.391815655308937849e+01
5.979422692197771028e+01,1.303499652864711678e+01
5.981423263789654499e+01,1.344477536137352658e+01
5.983423835381537970e+01,1.350863923540686429e+01
5.985424406973421441e+01,1.349760223646201673e+01
5.987424978565304912e+01,1.417484457295044820e+01
5.989425550157188383e+01,1.290249141894805973e+01
5.991426121749071143e+01,1.322786779371957167e+01
5.993426693340954614e+01,1.373511650489925273e+01
5.995427264932838085e+01,1.308031743900610344e+01
5.997427836524721556e+01,1.318510755196187034e+01
5.999428408116605027e+01,1.241331389004285590e+01
6.001428979708488498e+01,1.282967108563375547e+01
6.003429551300371969e+01,1.214094976374738799e+01
6.005430122892255440e+01,1.280258183161569896e+01
6.007430694484138911e+01,1.099487093665404558e+01
6.009431266076021672e+01,1.188002186470113486e+01
6.011431837667905143e+01,1.137520700676359908e+01
6.013432409259788614e+01,1.192444193533970065e+01
6.015432980851672085e+01,1.134246610567391578e+01
6.017433552443555556e+01,1.181690388136902392e+01
6.019434124035439027e+01,1.172287220743546143e+01
6.021434695627322498e+01,1.087384495175321497e+01
6.023435267219205969e+01,1.025266557542050094e+01
6.025435838811089440e+01,1.088549200990074617e+01
6.027436410402972911e+01,1.071023294586679953e+01
6.029436981994855671e+01,1.081908589943671828e+01
6.031437553586739142e+01,1.079062160480152599e+01
6.033438125178622613e+01,1.091630439996452751e+01
6.035438696770506084e+01,1.054196838304496708e+01
6.037439268362389555e+01,1.090244006431607282e+01
6.039439839954273026e+01,1.077068520699228671e+01
6.041440411546156497e+01,1.058538279258650405e+01
6.043440983138039968e+01,1.083505324308434226e+01
6.045441554729923439e+01,1.069046872591007613e+01
6.047442126321806199e+01,1.107242545291485669e+01
6.049442697913689670e+01,1.036887036968844455e+01
6.051443269505573141e+01,1.161385134991895640e+01
6.053443841097456612e+01,1.110160539793990964e+01
6.055444412689340083e+01,1.116097347775063753e+01
6.057444984281223554e+01,1.109030832693640889e+01
6.059445555873107025e+01,1.183840776416599638e+01
6.061446127464990496e+01,1.186676980848908158e+01
6.063446699056873967e+01,1.038383938595364064e+01
6.065447270648756728e+01,1.140109750223698626e+01
6.067447842240640199e+01,1.102035557883195160e+01
6.069448413832523670e+01,1.068633377694053621e+01
6.071448985424407141e+01,1.040616623847540367e+01
6.073449557016290612e+01,1.138691924248087872e+01
6.075450128608174083e+01,1.024066278256671758e+01
6.077450700200057554e+01,1.002498426328986803e+01
6.079451271791941025e+01,1.012293441459162580e+01
6.081451843383824496e+01,9.716049350834842002e+00
6.083452414975707967e+01,9.695165691071178315e+00
6.085452986567590727e+01,9.369461083519539102e+00
6.087453558159474198e+01,9.403926323649049124e+00
6.089454129751357669e+01,9.326048679337407776e+00
6.091454701343241140e+01,8.664744921530882493e+00
6.093455272935124611e+01,9.375796855272879426e+00
6.095455844527008082e+01,8.488303138395245639e+00
6.097456416118891553e+01,8.270344377575476358e+00
6.099456987710775024e+01,9.447015260251045987e+00
6.101457559302658495e+01,8.909163053396422782e+00
6.103458130894541256e+01,9.269660508392895792e+00
6.105458702486424727e+01,9.075153639890736201e+00
6.107459274078308198e+01,9.087479538368086196e+00
6.109459845670191669e+01,9.269901574373093922e+00
6.111460417262075140e+01,9.633043157579265880e+00
6.113460988853958611e+01,8.194486140431630261e+00
6.115461560445842082e+01,9.406886715647454267e+00
6.117462132037725553e+01,8.577217994597637230e+00
6.119462703629609024e+01,9.761650622131945454e+00
6.121463275221492495e+01,9.002182226388731223e+00
6.123463846813375255e+01,8.661182805193188727e+00
6.125464418405258726e+01,9.662735057952968276e+00
6.127464989997142197e+01,9.838923361259560352e+00
6.129465561589025668e+01,1.003574682510229721e+01
6.131466133180909139e+01,1.039720189502149417e+01
6.133466704772792610e+01,1.056173874166777082e+01
6.135467276364676081e+01,1.060523247833081584e+01
6.137467847956559552e+01,1.108118966568129871e+01
6.139468419548443023e+01,1.155463089993028447e+01
6.141468991140325784e+01,1.055968550367946968e+01
6.143469562732209255e+01,1.097033311121698773e+01
6.145470134324092726e+01,1.181966196105663691e+01
6.147470705915976197e+01,1.159172770432695643e+01
6.149471277507859668e+01,1.192123302596833945e+01
6.151471849099743139e+01,1.099076931374923838e+01
6.153472420691626610e+01,1.195534536872764519e+01
6.155472992283510081e+01,1.148332848614449375e+01
6.157473563875393552e+01,1.241197718856290777e+01
6.159474135467276312e+01,1.234239924452615256e+01
6.161474707059159783e+01,1.313292958432416313e+01
6.163475278651043254e+01,1.249096971221521457e+01
6.165475850242926725e+01,1.344472916765854720e+01
6.167476421834810196e+01,1.340178002180580563e+01
6.169476993426693667e+01,1.231766461958211600e+01
6.171477565018577138e+01,1.274007350573176467e+01
6.173478136610460609e+01,1.368269777014486266e+01
6.175478708202344080e+01,1.252231565259739021e+01
6.177479279794227551e+01,1.325294258643848444e+01
6.179479851386110312e+01,1.333901213977872757e+01
6.181480422977993783e+01,1.335361514567356700e+01
6.183480994569877254e+01,1.359912755783898675e+01
6.185481566161760725e+01,1.351399818432108901e+01
6.187482137753644196e+01,1.468584065790938453e+01
6.189482709345527667e+01,1.459344509193446804e+01
6.191483280937411138e+01,1.454394909174830453e+01
6.193483852529294609e+01,1.456310991633074181e+01
6.195484424121178080e+01,1.544194976631336225e+01
6.197484995713060840e+01,1.602920356045518702e+01
6.199485567304944311e+01,1.623592436658957894e+01
6.201486138896827782e+01,1.730472722568941890e+01
6.203486710488711253e+01,1.645801558914546803e+01
6.205487282080594724e+01,1.817696810050941281e+01
6.207487853672478195e+01,1.779979317202864308e+01
6.209488425264361666e+01,1.823122546972824409e+01
6.211488996856245137e+01,1.807979498862470535e+01
6.213489568448128608e+01,1.936119800399896107e+01
6.215490140040011369e+01,1.889347548137329014e+01
6.217490711631894840e+01,1.941294978349211675e+01
6.219491283223778311e+01,1.934858381890737533e+01
6.221491854815661782e+01,1.975534731673318234e+01
6.223492426407545253e+01,1.913960665151021345e+01
6.225492997999428724e+01,1.950990104190196206e+01
6.227493569591312195e+01,1.910140763159332877e+01
6.229494141183195666e+01,1.917747336925873824e+01
6.231494712775079137e+01,1.821859907198896167e+01
6.233495284366962608e+01,1.865590559434996720e+01
6.235495855958845368e+01,1.816318944620119424e+01
6.237496427550728839e+01,1.706217489813397492e+01
6.239496999142612310e+01,1.759194641408396365e+01
6.241497570734495781e+01,1.709890180232027745e+01
6.243498142326379252e+01,1.669397392274198566e+01
6.245498713918262723e+01,1.606699483531343375e+01
6.247499285510146194e+01,1.517047870173654189e+01
6.249499857102029665e+01,1.490057172866521285e+01
6.251500428693913136e+01,1.595274555256806437e+01
6.253501000285795897e+01,1.501741359343603577e+01
6.255501571877679368e+01,1.444100747901811843e+01
6.257502143469562839e+01,1.450514089076471791e+01
6.259502715061446310e+01,1.400112098777143999e+01
6.261503286653329781e+01,1.356568443897531040e+01
6.263503858245213252e+01,1.330523640629473547e+01
6.265504429837096723e+01,1.319660333867190616e+01
6.267505001428980194e+01,1.311935172515456927e+01
6.269505573020863665e+01,1.290584778105971075e+01
6.271506144612747136e+01,1.358395660686634265e+01
6.273506716204629896e+01,1.296802305988504145e+01
6.275507287796513367e+01,1.290600410611308391e+01
6.277507859388396838e+01,1.209983013560822229e+01
6.279508430980280309e+01,1.264980059950543634e+01
6.281509002572163780e+01,1.241478331246826450e+01
6.283509574164047251e+01,1.245357449468784239e+01
6.285510145755930722e+01,1.361619188377491696e+01
6.287510717347814193e+01,1.295579191304780409e+01
6.289511288939697664e+01,1.351722581369195808e+01
6.291511860531580425e+01,1.437420511476087626e+01
6.293512432123463896e+01,1.452703002664766707e+01
6.295513003715347367e+01,1.426811143567979911e+01
6.297513575307230838e+01,1.485463266279881189e+01
6.299514146899114309e+01,1.451739023946795726e+01
6.301514718490997780e+01,1.541281916327181634e+01
6.303515290082881251e+01,1.578312363070122970e+01
6.305515861674764722e+01,1.676295791380567834e+01
6.307516433266648193e+01,1.689037146360886865e+01
6.309517004858530953e+01,1.670440518496784321e+01
6.311517576450414424e+01,1.754061340796286927e+01
6.313518148042297895e+01,1.755795236849871088e+01
6.315518719634181366e+01,1.678792516672042368e+01
6.317519291226064837e+01,1.686192132124510934e+01
6.319519862817948308e+01,1.642045099917133300e+01
6.321520434409831779e+01,1.645193256645383073e+01
6.323521006001715250e+01,1.571912675571670803e+01
6.325521577593598721e+01,1.581292389291228773e+01
6.327522149185482192e+01,1.442078201064425613e+01
6.329522720777364952e+01,1.419073255036256853e+01
6.331523292369248423e+01,1.394878657127951271e+01
6.333523863961131894e+01,1.290153489987019597e+01
6.335524435553015365e+01,1.261477125404561050e+01
6.337525007144898836e+01,1.295827838962966894e+01
6.339525578736782307e+01,1.255900573506220042e+01
6.341526150328665778e+01,1.195934248619570539e+01
6.343526721920549249e+01,1.208924497200395187e+01
6.345527293512432720e+01,1.184659643285769448e+01
6.347527865104315481e+01,1.072485266444777352e+01
6.349528436696198952e+01,1.229187790312048456e+01
6.351529008288082423e+01,1.167771495487960109e+01
6.353529579879965894e+01,1.148246997060703478e+01
6.355530151471849365e+01,1.157908049802279038e+01
6.357530723063732836e+01,1.145981324962371595e+01
6.359531294655616307e+01,1.082377547495387127e+01
6.361531866247499778e+01,1.144776408076779006e+01
6.363532437839383249e+01,1.122775475323085459e+01
6.365533009431266720e+01,1.144128153451237928e+01
6.367533581023149480e+01,1.142149451719480524e+01
6.369534152615032951e+01,1.120664212461282361e+01
6.371534724206916422e+01,1.157237138011213773e+01
6.373535295798799893e+01,1.178137403755922463e+01
6.375535867390683364e+01,1.144692763887946185e+01
6.377536438982566835e+01,1.243045767947698721e+01
6.379537010574450306e+01,1.252800798132270543e+01
6.381537582166333777e+01,1.235962236074363929e+01
6.383538153758217248e+01,1.283102408151646401e+01
6.385538725350100009e+01,1.276964000481011574e+01
6.387539296941983480e+01,1.337787613452191238e+01
6.389539868533866951e+01,1.289778322616603390e+01
6.391540440125750422e+01,1.353868095536342864e+01
6.393541011717633893e+01,1.417952952899209151e+01
6.395541583309517364e+01,1.374077618888435559e+01
6.397542154901400835e+01,1.493255832056692434e+01
6.399542726493284306e+01,1.510851464227049412e+01
6.401543298085167066e+01,1.539629997021167540e+01
6.403543869677051248e+01,1.635291972714065167e+01
6.405544441268934008e+01,1.571738638914902175e+01
6.407545012860816769e+01,1.560686619451333357e+01
6.409545584452700950e+01,1.641024605742130404e+01
6.411546156044585132e+01,1.697160996713228798e+01
6.413546727636467892e+01,1.670246802510058970e+01
6.415547299228350653e+01,1.657346395188454125e+01
6.417547870820234834e+01,1.678664487020481744e+01
6.419548442412119016e+01,1.689123272435714185e+01
6.421549014004001776e+01,1.666150953537073676e+01
6.423549585595884537e+01,1.622582459100055274e+01
6.425550157187768718e+01,1.563374401181215845e+01
6.427550728779651479e+01,1.592023828031905630e+01
6.429551300371534239e+01,1.563729511465935573e+01
6.431551871963418421e+01,1.560929080450850925e+01
6.433552443555302602e+01,1.508231881233395910e+01
6.435553015147185363e+01,1.487984893798169850e+01
6.437553586739068123e+01,1.479737828509737518e+01
6.439554158330952305e+01,1.423455040182659914e+01
6.441554729922835065e+01,1.355616389341307304e+01
6.443555301514717826e+01,1.319886709582403128e+01
6.445555873106602007e+01,1.319648922463849416e+01
6.447556444698486189e+01,1.259270760581170379e+01
6.449557016290368949e+01,1.147164778158481724e+01
6.451557587882251710e+01,1.192744347304635788e+01
6.453558159474135891e+01,1.155780759656232171e+01
6.455558731066020073e+01,1.132518224991269840e+01
6.457559302657902833e+01,1.091038797598266363e+01
6.459559874249785594e+01,1.158603882755869208e+01
6.461560445841669775e+01,1.065274407596356632e+01
6.463561017433552536e+01,1.032876060836477805e+01
6.465561589025435296e+01,1.061077771760222888e+01
6.467562160617319478e+01,1.023452683297335319e+01
6.469562732209203659e+01,9.974797309447174243e+00
6.471563303801086420e+01,1.047304665057033546e+01
6.473563875392969180e+01,1.064669711791053786e+01
6.475564446984853362e+01,1.026667865300183280e+01
6.477565018576737543e+01,1.083545092706460444e+01
6.479565590168618883e+01,1.078276178998193480e+01
6.481566161760503064e+01,1.039784224921919353e+01
6.483566733352387246e+01,1.022310933478004635e+01
6.485567304944270006e+01,9.736356333255161033e+00
6.487567876536152767e+01,9.750597590632056111e+00
6.489568448128036948e+01,1.021775931383510638e+01
6.491569019719921130e+01,1.051242459211792379e+01
6.493569591311803890e+01,1.021599071268994408e+01
6.495570162903686651e+01,9.844174659124957927e+00
6.497570734495570832e+01,9.904487512479782652e+00
6.499571306087453593e+01,9.787313223245179827e+00
6.501571877679336353e+01,9.926557270535202093e+00
6.503572449271220535e+01,1.062456225802755228e+01
6.505573020863104716e+01,1.010643085190384660e+01
6.507573592454987477e+01,1.074490420817183889e+01
6.509574164046870237e+01,9.908117012347968711e+00
6.511574735638754419e+01,1.041444250007915606e+01
6.513575307230638600e+01,1.082654878622684080e+01
6.515575878822521361e+01,1.093307876687777380e+01
6.517576450414404121e+01,1.018458597317303216e+01
6.519577022006288303e+01,1.024790509800060079e+01
6.521577593598171063e+01,1.049665868800751767e+01
6.523578165190053824e+01,1.010809865479437164e+01
6.525578736781938005e+01,9.903982430550568594e+00
6.527579308373822187e+01,9.462066111846020533e+00
6.529579879965704947e+01,8.572822178976618801e+00
6.531580451557587708e+01,9.238896479842988896e+00
6.533581023149471889e+01,9.332260708486805001e+00
6.535581594741354650e+01,8.036583926020002266e+00
6.537582166333237410e+01,8.487410910207600523e+00
6.539582737925121592e+01,8.292502835292140162e+00
6.541583309517005773e+01,7.442977497356056737e+00
6.543583881108888534e+01,7.796639373315962906e+00
6.545584452700771294e+01,7.185543113780676450e+00
6.547585024292655476e+01,7.331980779181639818e+00
6.549585595884539657e+01,7.602256935444788866e+00
6.551586167476422418e+01,7.551678739211487468e+00
6.553586739068305178e+01,7.694141682894283463e+00
6.555587310660189360e+01,7.742444968575236786e+00
6.557587882252072120e+01,7.209019638992305801e+00
6.559588453843954881e+01,6.878739130685341152e+00
6.561589025435839062e+01,7.137134187330348212e+00
6.563589597027723244e+01,7.622268832724110155e+00
6.565590168619606004e+01,7.991011415826641873e+00
6.567590740211488765e+01,7.715316417091912626e+00
6.569591311803372946e+01,7.390852296209174277e+00
6.571591883395257128e+01,7.598705151780155376e+00
6.573592454987138467e+01,7.394891214968923876e+00
6.575593026579022649e+01,6.702586897726012793e+00
6.577593598170906830e+01,7.488110170595350112e+00
6.579594169762789591e+01,7.280330332867775311e+00
6.581594741354672351e+01,7.244479244459891554e+00
6.583595312946556533e+01,7.943491528817498093e+00
6.585595884538440714e+01,6.683421588320733520e+00
6.587596456130323475e+01,6.808422176371548673e+00
6.589597027722206235e+01,7.296311583796606826e+00
6.591597599314090417e+01,7.829109530681741091e+00
6.593598170905973177e+01,7.044495651730660057e+00
6.595598742497855937e+01,7.212023085144322110e+00
6.597599314089740119e+01,7.568379530933883714e+00
6.599599885681624301e+01,7.758437162580936075e+00
6.601600457273507061e+01,7.105706283426248326e+00
6.603601028865389821e+01,7.591346098314867064e+00
6.605601600457274003e+01,7.659415362194454069e+00
6.607602172049158185e+01,7.311607294492947773e+00
6.609602743641040945e+01,7.711956942594552444e+00
6.611603315232923705e+01,7.642923226964548178e+00
6.613603886824807887e+01,7.347184370235721573e+00
6.615604458416690647e+01,7.796446945720099109e+00
6.617605030008573408e+01,8.392550480646892908e+00
6.619605601600457589e+01,7.624059193443580185e+00
6.621606173192341771e+01,7.751768790077597338e+00
6.623606744784224531e+01,8.420950995099353520e+00
6.625607316376107292e+01,8.418913663819690640e+00
6.627607887967991473e+01,9.202659043557250840e+00
6.629608459559874234e+01,8.753183575131636474e+00
6.631609031151756994e+01,8.910399448268240263e+00
6.633609602743641176e+01,9.111268871736820429e+00
6.635610174335525357e+01,9.546617646311858607e+00
6.637610745927408118e+01,9.450105824348282724e+00
6.639611317519290878e+01,1.029236009363532567e+01
6.641611889111175060e+01,9.892858377812428827e+00
6.643612460703059241e+01,1.065295912952915458e+01
6.645613032294942002e+01,1.044906606908794444e+01
6.647613603886824762e+01,1.097624926678608936e+01
6.649614175478708944e+01,1.026784606804906375e+01
6.651614747070591704e+01,1.003420622077603142e+01
6.653615318662474465e+01,1.048761940702580020e+01
6.655615890254358646e+01,1.060945867929849129e+01
6.657616461846242828e+01,1.051886919707670387e+01
6.659617033438125588e+01,9.643250482967410164e+00
6.661617605030008349e+01,9.703192440909965910e+00
6.663618176621892530e+01,9.695042303634894054e+00
6.665618748213776712e+01,9.512024665813486379e+00
6.667619319805658051e+01,8.398597272374136224e+00
6.669619891397542233e+01,9.015750304546104488e+00
6.671620462989426414e+01,9.103734151285131304e+00
6.673621034581309175e+01,8.437691496897095078e+00
6.675621606173191935e+01,8.680666609938496592e+00
6.677622177765076117e+01,9.185254153852302039e+00
6.679622749356960298e+01,8.265584329353355741e+00
6.681623320948843059e+01,8.320974390094619366e+00
6.683623892540725819e+01,8.150039805253120662e+00
6.685624464132610001e+01,8.809455903787782205e+00
6.687625035724492761e+01,7.979425286650437599e+00
6.689625607316375522e+01,8.566910533728004040e+00
6.691626178908259703e+01,7.920386452532968136e+00
6.693626750500143885e+01,8.712795367855509454e+00
6.695627322092026645e+01,8.751130417850333743e+00
6.697627893683909406e+01,9.207539359458042583e+00
6.699628465275793587e+01,9.725632561874661519e+00
6.701629036867677769e+01,9.350145423378094733e+00
6.703629608459560529e+01,9.304718737391562300e+00
6.705630180051443290e+01,9.252277580732339857e+00
6.707630751643327471e+01,8.860186214533591453e+00
6.709631323235210232e+01,8.534244287400396090e+00
6.711631894827092992e+01,9.265957596651709594e+00
6.713632466418977174e+01,9.448479418766513760e+00
6.715633038010861355e+01,9.054413677871862021e+00
6.717633609602744116e+01,8.538687619411280849e+00
6.719634181194626876e+01,8.632625410024598267e+00
6.721634752786511058e+01,8.525337873280456336e+00
6.723635324378393818e+01,8.980918965012703481e+00
6.725635895970276579e+01,9.266290660288007075e+00
6.727636467562160760e+01,8.730999375755011727e+00
6.729637039154044942e+01,8.915799592099872939e+00
6.731637610745927702e+01,8.534126387493365939e+00
6.733638182337810463e+01,8.749633605664866920e+00
6.735638753929694644e+01,8.950426634182388597e+00
6.737639325521578826e+01,8.628475603727999044e+00
6.739639897113461586e+01,8.735659100099727681e+00
6.741640468705344347e+01,8.732454676660211135e+00
6.743641040297228528e+01,8.443562980512226090e+00
6.745641611889111289e+01,8.388219696571537654e+00
6.747642183480994049e+01,8.883816616240650887e+00
6.749642755072878231e+01,7.499767962775378827e+00
6.751643326664762412e+01,7.450840144819235178e+00
6.753643898256645173e+01,7.913668395139760392e+00
6.755644469848527933e+01,7.782611025177228470e+00
6.757645041440412115e+01,7.258502270328870409e+00
6.759645613032296296e+01,7.423798400997572600e+00
6.761646184624177636e+01,7.314336270504472992e+00
6.763646756216061817e+01,7.419320467529621155e+00
6.765647327807945999e+01,6.658056954446703202e+00
6.767647899399828759e+01,7.033653655081835154e+00
6.769648470991711520e+01,7.583608259847670396e+00
6.771649042583595701e+01,7.367381202036016319e+00
6.773649614175479883e+01,7.419091683429128281e+00
6.775650185767362643e+01,6.577535196013352348e+00
6.777650757359245404e+01,6.642288195251806471e+00
6.779651328951129585e+01,6.233372019452551704e+00
6.781651900543012346e+01,7.251555919974421727e+00
6.783652472134895106e+01,7.538034535785802959e+00
6.785653043726779288e+01,7.369333216794883512e+00
6.787653615318663469e+01,6.968399136052606302e+00
6.789654186910546230e+01,7.327782573280711809e+00
6.791654758502428990e+01,6.942440496106016212e+00
6.793655330094313172e+01,7.171385046243582195e+00
6.795655901686197353e+01,7.129519887362441466e+00
6.797656473278080114e+01,8.096070117618346274e+00
6.799657044869962874e+01,7.389810977322465391e+00
6.801657616461847056e+01,8.026176629989635103e+00
6.803658188053729816e+01,8.326610806457411584e+00
6.805658759645612577e+01,7.608776648537974197e+00
6.807659331237496758e+01,8.708676428547029502e+00
6.809659902829380940e+01,9.034005391989081701e+00
6.811660474421263700e+01,8.699898320397853269e+00
6.813661046013146461e+01,9.010184856581567203e+00
6.815661617605030642e+01,1.018702525966780037e+01
6.817662189196913403e+01,8.820446736151920319e+00
6.819662760788796163e+01,1.052814948775058568e+01
6.821663332380680345e+01,1.041379161280638144e+01
6.823663903972564526e+01,1.007410138115968934e+01
6.825664475564447287e+01,9.411896613905481601e+00
6.827665047156330047e+01,9.901664897177884228e+00
6.829665618748214229e+01,9.998080589134334062e+00
6.831666190340098410e+01,1.048643809190243203e+01
6.833666761931981171e+01,9.188698856430018935e+00
6.835667333523863931e+01,1.044046998969729856e+01
6.837667905115748113e+01,9.403495757771779040e+00
6.839668476707630873e+01,1.032920537612504930e+01
6.841669048299513634e+01,9.502961369688502913e+00
6.843669619891397815e+01,1.067174679573182416e+01
6.845670191483281997e+01,9.584608783359231055e+00
6.847670763075164757e+01,1.077783443128135943e+01
6.849671334667047518e+01,1.062544635452142572e+01
6.851671906258931699e+01,1.084227400160079569e+01
6.853672477850815881e+01,1.102888327533939261e+01
6.855673049442697220e+01,1.116940798419554959e+01
6.857673621034581402e+01,1.095185630281612532e+01
6.859674192626465583e+01,1.202811909964276893e+01
6.861674764218348344e+01,1.225444530307762214e+01
6.863675335810231104e+01,1.213048077709844463e+01
6.865675907402115286e+01,1.175559241184792114e+01
6.867676478993999467e+01,1.171462576061634664e+01
6.869677050585882228e+01,1.365750014261837464e+01
6.871677622177764988e+01,1.275545127636447518e+01
6.873678193769649170e+01,1.344949812708834358e+01
6.875678765361531930e+01,1.286697915697864225e+01
6.877679336953414690e+01,1.282086305732765652e+01
6.879679908545298872e+01,1.290647065682249561e+01
6.881680480137183054e+01,1.259986123629309418e+01
6.883681051729065814e+01,1.274950377281841440e+01
6.885681623320948574e+01,1.261254984791999689e+01
6.887682194912832756e+01,1.256551398238563877e+01
6.889682766504716938e+01,1.260913247958018069e+01
6.891683338096599698e+01,1.234604620864440605e+01
6.893683909688482458e+01,1.187341406741255057e+01
6.895684481280366640e+01,1.247176439756295885e+01
6.897685052872249400e+01,1.247728313395799304e+01
6.899685624464132161e+01,1.229648237240412101e+01
6.901686196056016342e+01,1.182362918307775601e+01
6.903686767647900524e+01,1.140271323088101063e+01
6.905687339239783284e+01,1.057140982671481666e+01
6.907687910831666045e+01,1.058509577332249130e+01
6.909688482423550226e+01,1.058395078367919240e+01
6.911689054015432987e+01,1.032259749084831668e+01
6.913689625607315747e+01,1.045639125291445559e+01
6.915690197199199929e+01,1.028158863312610904e+01
6.917690768791084110e+01,1.000263395943397882e+01
6.919691340382966871e+01,1.070215897050571563e+01
6.921691911974849631e+01,1.028278631677559574e+01
6.923692483566733813e+01,1.102504334808076969e+01
6.925693055158617994e+01,1.063148944491180004e+01
6.927693626750500755e+01,1.122029294416151757e+01
6.929694198342383515e+01,1.141444362226862452e+01
6.931694769934267697e+01,1.083596220901234020e+01
6.933695341526150457e+01,1.078448120675664335e+01
6.935695913118033218e+01,1.114213772103508759e+01
6.937696484709917399e+01,1.076033675797356359e+01
6.939697056301801581e+01,1.120406350990069910e+01
6.941697627893684341e+01,1.125304216211953268e+01
6.943698199485567102e+01,1.082734999164542522e+01
6.945698771077451283e+01,1.144099505733498923e+01
6.947699342669335465e+01,1.199666748891348433e+01
6.949699914261216804e+01,1.177890424991679019e+01
6.951700485853100986e+01,1.185244504086881001e+01
6.953701057444985167e+01,1.147019362967082756e+01
6.955701629036867928e+01,1.252039306566952703e+01
6.957702200628750688e+01,1.307207378697643918e+01
6.959702772220634870e+01,1.273974512962833927e+01
6.961703343812519051e+01,1.297438272633713652e+01
6.963703915404401812e+01,1.276289601211051661e+01
6.965704486996284572e+01,1.326105427569295614e+01
6.967705058588168754e+01,1.264589468357909396e+01
6.969705630180051514e+01,1.283077589331129786e+01
6.971706201771934275e+01,1.230793068646842769e+01
6.973706773363818456e+01,1.225591106373495975e+01
6.975707344955702638e+01,1.273094861724226767e+01
6.977707916547585398e+01,1.252332296408073375e+01
6.979708488139468159e+01,1.140487731524023118e+01
6.981709059731352340e+01,1.234528237213389623e+01
6.983709631323236522e+01,1.111010060881242012e+01
6.985710202915119282e+01,1.144946651407236793e+01
6.987710774507002043e+01,1.138690025594478783e+01
6.989711346098886224e+01,1.030278218394617440e+01
6.991711917690768985e+01,1.080316850348975244e+01
6.993712489282651745e+01,1.007061200977456394e+01
6.995713060874535927e+01,9.447504276238355203e+00
6.997713632466420108e+01,9.974154815379787209e+00
6.999714204058302869e+01,9.592850757993952371e+00
7.001714775650185629e+01,9.422561824474600556e+00
7.003715347242069811e+01,1.037151917883358365e+01
7.005715918833952571e+01,9.499758540735438572e+00
7.007716490425835332e+01,9.674431762585792072e+00
7.009717062017719513e+01,8.756978323176241474e+00
7.011717633609603695e+01,9.667745220365020486e+00
7.013718205201486455e+01,9.468066953214119508e+00
7.015718776793369216e+01,8.931810953018281651e+00
7.017719348385253397e+01,8.899386635137638280e+00
7.019719919977137579e+01,9.101501991266610858e+00
7.021720491569020339e+01,9.152196518548297632e+00
7.023721063160903100e+01,8.843724184732824511e+00
7.025721634752787281e+01,9.190687995149211531e+00
7.027722206344670042e+01,9.521445420720784369e+00
7.029722777936552802e+01,9.294594071188665652e+00
7.031723349528436984e+01,8.771670648300998963e+00
7.033723921120321165e+01,8.495146631110781499e+00
7.035724492712203926e+01,9.260831342638129016e+00
7.037725064304086686e+01,8.659805289047739052e+00
7.039725635895970868e+01,8.319049196605934782e+00
7.041726207487855049e+01,8.254175641929929697e+00
7.043726779079736389e+01,7.505325534008722599e+00
7.045727350671620570e+01,8.071211820588001018e+00
7.047727922263504752e+01,8.672050016124892124e+00
7.049728493855387512e+01,8.512346003778924697e+00
7.051729065447270273e+01,8.466187450400608938e+00
7.053729637039154454e+01,8.282040110688200230e+00
7.055730208631038636e+01,7.486021811390330960e+00
7.057730780222921396e+01,7.892788759968026646e+00
7.059731351814804157e+01,8.030857533672586257e+00
7.061731923406688338e+01,7.172006385873775258e+00
7.063732494998571099e+01,7.563421628912667671e+00
7.065733066590453859e+01,7.196513633937392740e+00
7.067733638182338041e+01,6.729172029083949624e+00
7.069734209774222222e+01,7.112783011343894124e+00
7.071734781366104983e+01,7.174106020634555492e+00
7.073735352957987743e+01,6.587451528953822688e+00
7.075735924549871925e+01,7.205614213801324830e+00
7.077736496141756106e+01,7.241262276937181497e+00
7.079737067733638867e+01,7.918029809676781383e+00
7.081737639325521627e+01,7.147273337901173917e+00
7.083738210917405809e+01,7.649272566571587717e+00
7.085738782509288569e+01,8.132911488085381890e+00
7.087739354101171330e+01,7.506114814736455365e+00
7.089739925693055511e+01,7.722832779053863561e+00
7.091740497284939693e+01,7.094280687621177250e+00
7.093741068876822453e+01,7.436568419007364206e+00
7.095741640468705214e+01,7.457830588227926327e+00
7.097742212060589395e+01,8.489243513296514720e+00
7.099742783652472156e+01,8.782618662840640411e+00
7.101743355244354916e+01,8.867244443850267999e+00
7.103743926836239098e+01,7.931349332724970225e+00
7.105744498428123279e+01,8.040742355703745403e+00
7.107745070020006040e+01,7.876740245462188206e+00
7.109745641611888800e+01,8.874609715783631003e+00
7.111746213203772982e+01,8.923529958965163544e+00
7.113746784795657163e+01,9.291793388333230652e+00
7.115747356387539924e+01,9.131329837090758517e+00
7.117747927979422684e+01,8.785579281394150897e+00
7.119748499571306866e+01,8.474954140792384294e+00
7.121749071163189626e+01,8.654221654753889936e+00
7.123749642755072387e+01,9.692862824107740138e+00
7.125750214346956568e+01,9.042024882352809101e+00
7.127750785938840750e+01,8.650215412502120671e+00
7.129751357530723510e+01,9.181241490206204503e+00
7.131751929122606271e+01,8.765940537895438922e+00
7.133752500714490452e+01,9.234325103851325878e+00
7.135753072306374634e+01,9.056208593655480144e+00
7.137753643898255973e+01,8.242470397425645245e+00
7.139754215490140155e+01,8.074538471786954830e+00
7.141754787082024336e+01,8.909588071721580960e+00
7.143755358673907097e+01,9.080872632939151146e+00
7.145755930265789857e+01,8.701214345376616421e+00
7.147756501857674039e+01,9.633373867501450860e+00
7.149757073449558220e+01,8.961880268886396550e+00
7.151757645041440981e+01,9.802087150661630943e+00
7.153758216633323741e+01,9.316072406653681526e+00
7.155758788225207923e+01,8.861805978669906381e+00
7.157759359817090683e+01,9.514295189645681106e+00
7.159759931408973443e+01,9.176203211190456344e+00
7.161760503000857625e+01,8.986654800506400420e+00
7.163761074592741807e+01,9.909107504395359811e+00
7.165761646184624567e+01,9.751862944358435925e+00
7.167762217776507327e+01,9.322710768332651554e+00
7.169762789368391509e+01,9.499896270022521350e+00
7.171763360960275691e+01,9.409063484078227901e+00
7.173763932552158451e+01,9.467196424083356376e+00
7.175764504144041211e+01,8.462429809270572534e+00
7.177765075735925393e+01,8.953037251825506360e+00
7.179765647327808153e+01,9.901836575706539634e+00
7.181766218919690914e+01,8.481751839586641140e+00
7.183766790511575095e+01,8.943879653383824291e+00
7.185767362103459277e+01,8.036305319359534849e+00
7.187767933695342037e+01,7.914521075780314163e+00
7.189768505287224798e+01,8.332364720145200465e+00
7.191769076879108979e+01,7.408637114025074411e+00
7.193769648470991740e+01,7.636109592255094114e+00
7.195770220062874500e+01,7.324447085258112722e+00
7.197770791654758682e+01,8.088124126777184841e+00
7.199771363246642863e+01,6.996001952829910664e+00
7.201771934838525624e+01,7.825558010752702742e+00
7.203772506430408384e+01,7.479891391919803567e+00
7.205773078022292566e+01,7.430476815178225891e+00
7.207773649614176747e+01,7.603856053974336504e+00
7.209774221206059508e+01,7.312053316469597775e+00
7.211774792797942268e+01,6.375040952279574569e+00
7.213775364389826450e+01,6.860449875731010394e+00
7.215775935981709210e+01,6.616919811523422901e+00
7.217776507573591971e+01,7.454653029441641543e+00
7.219777079165476152e+01,6.884214450232802207e+00
7.221777650757360334e+01,7.233767536633763484e+00
7.223778222349243094e+01,7.096833873555109307e+00
7.225778793941125855e+01,7.073380978166656341e+00
7.227779365533010036e+01,7.214185960530613784e+00
7.229779937124894218e+01,6.979953253795113000e+00
7.231780508716775557e+01,6.802691581889387606e+00
7.233781080308659739e+01,7.348711639269246199e+00
7.235781651900543920e+01,6.487669654651261553e+00
7.237782223492426681e+01,6.823368167951120000e+00
7.239782795084309441e+01,6.721341355590279676e+00
7.241783366676193623e+01,7.635203801290542103e+00
7.243783938268077804e+01,7.336605320639800532e+00
7.245784509859960565e+01,7.319080648444521664e+00
7.247785081451843325e+01,7.412797164742856992e+00
7.249785653043727507e+01,7.156987634142390142e+00
7.251786224635610267e+01,7.695522771330747247e+00
7.253786796227493028e+01,7.432877773261843402e+00
7.255787367819377209e+01,7.834603158996076289e+00
7.257787939411261391e+01,8.042021149564348548e+00
7.259788511003144151e+01,7.151319817937825007e+00
7.261789082595026912e+01,7.706966194110101753e+00
7.263789654186911093e+01,8.023928870424619220e+00
7.265790225778795275e+01,7.895092552999908975e+00
7.267790797370678035e+01,7.759215816794837295e+00
7.269791368962560796e+01,8.310560098535892948e+00
7.271791940554444977e+01,7.978206276914850292e+00
7.273792512146327738e+01,8.970372920593600696e+00
7.275793083738210498e+01,8.608701077215416220e+00
7.277793655330094680e+01,9.532110540899090267e+00
7.279794226921978861e+01,9.300650360727676258e+00
7.281794798513861622e+01,9.551391466153528853e+00
7.283795370105744382e+01,9.888756997287092787e+00
7.285795941697628564e+01,9.145621947206706182e+00
7.287796513289511324e+01,1.066950927886295730e+01
7.289797084881394085e+01,1.026743399580186633e+01
7.291797656473278266e+01,1.069525531014203246e+01
7.293798228065162448e+01,1.077298940468701005e+01
7.295798799657045208e+01,1.125967721426297885e+01
7.297799371248927969e+01,1.154324335113673072e+01
7.299799942840812150e+01,1.090441627691187598e+01
7.301800514432696332e+01,1.217901083563545939e+01
7.303801086024579092e+01,1.153204886001675789e+01
7.305801657616461853e+01,1.178554244617390978e+01
7.307802229208346034e+01,1.213095612884005092e+01
7.309802800800228795e+01,1.179973244880063277e+01
7.311803372392111555e+01,1.105749382370232148e+01
7.313803943983995737e+01,1.115172839420056761e+01
7.315804515575879918e+01,1.125317706609031632e+01
7.317805087167762679e+01,1.129974912641980289e+01
7.319805658759645439e+01,1.034552626056488833e+01
7.321806230351529621e+01,1.014218507505695399e+01
7.323806801943413802e+01,1.043303279422076635e+01
7.325807373535295142e+01,1.086127991831423856e+01
7.327807945127179323e+01,1.015476294228125909e+01
7.329808516719063505e+01,9.703814030942666591e+00
7.331809088310946265e+01,9.681073858746358951e+00
7.333809659902829026e+01,9.685276029497995154e+00
7.335810231494713207e+01,8.891438701787620857e+00
7.337810803086597389e+01,8.685597908261966538e+00
7.339811374678480149e+01,8.596954586848692514e+00
7.341811946270362910e+01,9.304106617005057700e+00
7.343812517862247091e+01,9.701367645007326956e+00
7.345813089454129852e+01,9.715365701973336598e+00
7.347813661046012612e+01,8.438908449248772925e+00
7.349814232637896794e+01,8.923067367311702469e+00
7.351814804229780975e+01,9.227914781719412929e+00
7.353815375821663736e+01,8.778546653026754853e+00
7.355815947413546496e+01,9.548071405022007241e+00
7.357816519005430678e+01,9.235414292118461432e+00
7.359817090597314859e+01,9.258167431506032941e+00
7.361817662189197620e+01,8.956873212244140348e+00
7.363818233781080380e+01,9.105290728306695058e+00
7.365818805372964562e+01,8.880333593543792148e+00
7.367819376964847322e+01,9.204891762199883587e+00
7.369819948556730083e+01,8.938991757146016681e+00
7.371820520148614264e+01,9.068341661084696526e+00
7.373821091740498446e+01,8.995013180126129271e+00
7.375821663332381206e+01,9.416355749335760805e+00
7.377822234924263967e+01,9.009642309294953577e+00
7.379822806516148148e+01,9.274915855542442245e+00
7.381823378108030909e+01,9.626732138671936667e+00
7.383823949699913669e+01,9.592267853608102968e+00
7.385824521291797851e+01,9.672350190026346439e+00
7.387825092883682032e+01,9.737098099897057324e+00
7.389825664475564793e+01,1.009482455690607772e+01
7.391826236067447553e+01,1.080818879762224327e+01
7.393826807659331735e+01,1.054841771246780624e+01
7.395827379251215916e+01,1.053333345995583770e+01
7.397827950843098677e+01,1.020112347841610756e+01
7.399828522434981437e+01,1.019514294863853365e+01
7.401829094026865619e+01,1.007694679056337250e+01
7.403829665618748379e+01,9.931045798813423531e+00
7.405830237210632561e+01,9.445212125538485992e+00
7.407830808802515321e+01,9.730347099494395025e+00
7.409831380394398082e+01,9.227149615394560911e+00
7.411831951986282263e+01,9.640634062577495556e+00
7.413832523578165024e+01,8.461459572901365078e+00
7.415833095170049205e+01,8.579547518845425103e+00
7.417833666761931966e+01,8.364462756448519443e+00
7.419834238353816147e+01,8.020953790558685625e+00
7.421834809945698908e+01,8.409589249223591523e+00
7.423835381537583089e+01,8.458972522755857426e+00
7.425835953129465850e+01,8.510046699920419400e+00
7.427836524721348610e+01,8.514856503999483905e+00
7.429837096313232792e+01,8.184201640054936888e+00
7.431837667905115552e+01,8.253436197619308246e+00
7.433838239496999734e+01,7.615824520837897182e+00
7.435838811088882494e+01,8.631721117283239764e+00
7.437839382680766676e+01,8.197100877484672310e+00
7.439839954272649436e+01,8.275321735626873121e+00
7.441840525864533618e+01,8.429041525994163564e+00
7.443841097456416378e+01,8.760143001589003831e+00
7.445841669048300560e+01,8.337367755644487843e+00
7.447842240640183320e+01,8.912008036858923177e+00
7.449842812232066080e+01,8.831499676343680605e+00
7.451843383823950262e+01,8.078507376815775132e+00
7.453843955415833022e+01,8.183265349177453629e+00
7.455844527007717204e+01,8.199105321187804662e+00
7.457845098599599964e+01,9.059513685360627733e+00
7.459845670191484146e+01,7.797640005972663602e+00
7.461846241783366906e+01,7.547571853398480357e+00
7.463846813375251088e+01,8.428825542606826815e+00
7.465847384967133848e+01,7.897545727268267868e+00
7.467847956559016609e+01,7.725361405305137374e+00
7.469848528150900790e+01,7.103322352966743303e+00
7.471849099742783551e+01,8.187838269828947801e+00
7.473849671334667732e+01,7.960140091009055396e+00
7.475850242926550493e+01,7.214034703863411835e+00
7.477850814518434674e+01,7.633171446969697627e+00
7.479851386110317435e+01,7.401022313393056606e+00
7.481851957702201616e+01,7.022691069970008471e+00
7.483852529294084377e+01,7.336599687019036864e+00
7.485853100885967137e+01,7.609646345623214181e+00
7.487853672477851319e+01,6.874788583013710763e+00
7.489854244069734079e+01,7.076966480552087546e+00
7.491854815661618261e+01,7.518584798682027781e+00
7.493855387253501021e+01,7.349235947948099756e+00
7.495855958845385203e+01,7.060168444980284619e+00
7.497856530437267963e+01,7.131838568955402025e+00
7.499857102029152145e+01,7.183921609404023023e+00
7.501857673621034905e+01,6.885091229301798066e+00
7.503858245212917666e+01,5.933769405218749071e+00
7.505858816804801847e+01,6.414151631609577464e+00
7.507859388396684608e+01,6.246828861027701407e+00
7.509859959988568789e+01,6.806717957307480305e+00
7.511860531580451550e+01,6.240142373062434800e+00
7.513861103172335731e+01,5.532242339330322167e+00
7.515861674764218492e+01,6.039199169963913150e+00
7.517862246356102673e+01,5.871135503657546550e+00
7.519862817947985434e+01,6.448951339025638774e+00
7.521863389539868194e+01,6.112543102804467665e+00
7.523863961131752376e+01,5.723675417833089973e+00
7.525864532723635136e+01,6.256406678570183288e+00
7.527865104315519318e+01,5.279437850762938034e+00
7.529865675907402078e+01,5.920609508625798156e+00
7.531866247499286260e+01,5.910031960568548293e+00
7.533866819091169020e+01,5.301002804680706504e+00
7.535867390683053202e+01,6.160582544159372453e+00
7.537867962274935962e+01,5.930103416209586698e+00
7.539868533866820144e+01,6.196722975717694482e+00
7.541869105458702904e+01,6.112902507987111989e+00
7.543869677050585665e+01,6.328662858913202349e+00
7.545870248642469846e+01,6.375820459492294034e+00
7.547870820234352607e+01,6.258733784378618381e+00
7.549871391826236788e+01,6.332710889539828969e+00
7.551871963418119549e+01,6.624933885899377373e+00
7.553872535010003730e+01,7.105184559069648742e+00
7.555873106601886491e+01,7.134720417405788773e+00
7.557873678193770672e+01,7.429446273644940923e+00
7.559874249785653433e+01,7.184158679834892425e+00
7.561874821377536193e+01,7.271821630685861848e+00
7.563875392969420375e+01,7.482203777233919162e+00
7.565875964561303135e+01,6.914836865281244194e+00
7.567876536153187317e+01,6.793524969122147539e+00
7.569877107745070077e+01,6.946424074751860189e+00
7.571877679336954259e+01,6.804211808363183067e+00
7.573878250928837019e+01,7.140967418153836732e+00
7.575878822520721201e+01,7.114082140056646075e+00
7.577879394112603961e+01,6.488436509464746038e+00
7.579879965704486722e+01,6.404812038049431777e+00
7.581880537296370903e+01,6.973517119685306298e+00
7.583881108888253664e+01,6.950834112862189329e+00
7.585881680480137845e+01,6.455217705076696788e+00
7.587882252072020606e+01,6.469558210812572874e+00
7.589882823663904787e+01,6.607771818898293681e+00
7.591883395255787548e+01,6.858667664393749419e+00
7.593883966847671729e+01,6.310431510327155991e+00
7.595884538439554490e+01,5.808162542294164510e+00
7.597885110031437250e+01,6.803635210321131055e+00
7.599885681623321432e+01,5.629496156946384389e+00
7.601886253215204192e+01,5.560272012232466032e+00
7.603886824807088374e+01,6.051948869872059156e+00
7.605887396398971134e+01,6.540848458973652413e+00
7.607887967990855316e+01,5.629864412536887741e+00
7.609888539582738076e+01,6.448998268391670230e+00
7.611889111174622258e+01,6.411644419047025423e+00
7.613889682766505018e+01,6.605546747683450626e+00
7.615890254358387779e+01,6.451116845576798653e+00
7.617890825950271960e+01,7.042909550896845339e+00
7.619891397542154721e+01,6.886096891723595625e+00
7.621891969134038902e+01,7.264270929287206080e+00
7.623892540725921663e+01,7.076903236194532099e+00
7.625893112317805844e+01,6.751165590726159849e+00
7.627893683909688605e+01,7.294716134040428734e+00
7.629894255501572786e+01,7.271519147887548939e+00
7.631894827093455547e+01,7.589837996453990598e+00
7.633895398685339728e+01,7.156922797377947454e+00
7.635895970277222489e+01,8.005000051065835009e+00
7.637896541869105249e+01,7.550972123232188693e+00
7.639897113460989431e+01,7.499248094294314271e+00
7.641897685052872191e+01,7.702048630932679885e+00
7.643898256644756373e+01,7.312462241437948762e+00
7.645898828236639133e+01,7.890789403931652402e+00
7.647899399828523315e+01,7.613402094333181935e+00
7.649899971420406075e+01,7.981478794532579357e+00
7.651900543012290257e+01,7.629684754556721238e+00
7.653901114604173017e+01,8.705102165517317303e+00
7.655901686196055778e+01,7.468504208037513692e+00
7.657902257787939959e+01,8.333158412664401382e+00
7.659902829379822720e+01,7.525282017677721313e+00
7.661903400971706901e+01,8.278897534936946911e+00
7.663903972563589662e+01,7.617027552853218531e+00
7.665904544155473843e+01,7.186085040749279784e+00
7.667905115747356604e+01,7.396474826883020270e+00
7.669905687339240785e+01,7.368391267487503171e+00
7.671906258931123546e+01,7.509913999549631569e+00
7.673906830523006306e+01,7.944214390239377366e+00
7.675907402114890488e+01,7.213059695694321150e+00
7.677907973706773248e+01,7.644840420836807482e+00
7.679908545298657430e+01,7.662969289940763318e+00
7.681909116890540190e+01,7.612777591762998952e+00
7.683909688482424372e+01,6.770618161980449301e+00
7.685910260074307132e+01,6.769173553177892266e+00
7.687910831666191314e+01,7.356077267627636473e+00
7.689911403258074074e+01,7.288524252906626089e+00
7.691911974849956835e+01,6.408287563357737859e+00
7.693912546441841016e+01,6.950814618529207678e+00
7.695913118033723777e+01,6.651700858425250829e+00
7.697913689625607958e+01,6.758654727393530237e+00
7.699914261217490719e+01,5.808353144339861274e+00
7.701914832809374900e+01,6.369157615424980712e+00
7.703915404401257661e+01,7.178533092657182202e+00
7.705915975993141842e+01,5.984242661577767741e+00
7.707916547585024603e+01,6.600772643806550377e+00
7.709917119176907363e+01,7.087493297355182520e+00
7.711917690768791545e+01,6.082309261180107285e+00
7.713918262360674305e+01,6.430388510560408832e+00
7.715918833952558487e+01,6.233893633659587152e+00
7.717919405544441247e+01,6.247540169292433276e+00
7.719919977136325429e+01,6.310716420122338022e+00
7.721920548728208189e+01,6.327604011696132957e+00
7.723921120320092371e+01,6.135365086002307677e+00
7.725921691911975131e+01,6.147189525704596313e+00
7.727922263503859313e+01,5.640938573882202434e+00
7.729922835095742073e+01,5.808184673678750798e+00
7.731923406687624833e+01,6.474302641840031569e+00
7.733923978279509015e+01,6.207410207920903034e+00
7.735924549871391775e+01,6.690743384927602122e+00
7.737925121463275957e+01,5.962300760987098158e+00
7.739925693055158717e+01,6.416792961662956429e+00
7.741926264647042899e+01,6.444478070649882540e+00
7.743926836238925659e+01,5.881208471878755617e+00
7.745927407830809841e+01,6.305207520373189212e+00
7.747927979422692601e+01,7.259255024505462117e+00
7.749928551014575362e+01,6.451472132561326234e+00
7.751929122606459543e+01,7.031245469530187364e+00
7.753929694198342304e+01,6.868387051214483563e+00
7.755930265790226485e+01,6.649051200894104063e+00
7.757930837382109246e+01,6.528413726655360350e+00
7.759931408973993427e+01,7.266772716530881304e+00
7.761931980565876188e+01,8.100631259624321956e+00
7.763932552157760369e+01,8.325249693363849346e+00
7.765933123749643130e+01,8.168807586934530462e+00
7.767933695341525890e+01,8.550776226401982427e+00
7.769934266933410072e+01,8.365888102320298003e+00
7.771934838525292832e+01,7.816969067152431450e+00
7.773935410117177014e+01,8.790802969359045704e+00
7.775935981709059774e+01,8.277170171618614347e+00
7.777936553300943956e+01,8.096874891191543355e+00
7.779937124892826716e+01,7.299805657170182371e+00
7.781937696484710898e+01,7.796148782667682298e+00
7.783938268076593658e+01,8.052970901927388070e+00
7.785938839668476419e+01,6.888657995467263540e+00
7.787939411260360600e+01,8.062391515910546147e+00
7.789939982852243361e+01,7.384359205268172133e+00
7.791940554444127542e+01,6.642563866863332223e+00
7.793941126036010303e+01,7.101324906213239530e+00
7.795941697627894484e+01,6.565554458707616448e+00
7.797942269219777245e+01,6.576737812824863028e+00
7.799942840811661426e+01,7.220233429633236888e+00
7.801943412403544187e+01,6.696855417731442550e+00
7.803943983995426947e+01,6.654745637544174919e+00
7.805944555587311129e+01,6.218079308026497998e+00
7.807945127179193889e+01,6.257492706067488086e+00
7.809945698771078071e+01,5.993932602356006001e+00
7.811946270362960831e+01,5.855981410206557491e+00
7.813946841954845013e+01,6.139576612028566416e+00
7.815947413546727773e+01,5.633338182355962509e+00
7.817947985138611955e+01,5.596471969599600804e+00
7.819948556730494715e+01,5.585870499640158471e+00
7.821949128322378897e+01,6.495292781075843180e+00
7.823949699914261657e+01,6.440516184699461633e+00
7.825950271506144418e+01,5.509601571978021362e+00
7.827950843098028599e+01,5.723424920613790157e+00
7.829951414689911360e+01,5.825019314946961124e+00
7.831951986281795541e+01,5.312742324475014044e+00
7.833952557873678302e+01,5.138816257722558234e+00
7.835953129465562483e+01,5.394706115160808224e+00
7.837953701057445244e+01,6.454086272329440099e+00
7.839954272649329425e+01,5.865596833981831182e+00
7.841954844241212186e+01,5.760420778673577935e+00
7.843955415833094946e+01,5.638479973930055955e+00
7.845955987424979128e+01,5.391916430418628892e+00
7.847956559016861888e+01,5.381951187654095747e+00
7.849957130608746070e+01,6.683971900009513689e+00
7.851957702200628830e+01,6.149363192586157822e+00
7.853958273792513012e+01,6.037642157615004557e+00
7.855958845384395772e+01,6.348050844539227633e+00
7.857959416976279954e+01,6.621975038171488137e+00
7.859959988568162714e+01,6.105301095425520685e+00
7.861960560160045475e+01,6.330735507144764185e+00
7.863961131751929656e+01,5.542964343762255552e+00
7.865961703343812417e+01,6.477842647921159269e+00
7.867962274935696598e+01,6.283486538358085127e+00
7.869962846527579359e+01,6.362800759729019262e+00
7.871963418119463540e+01,6.521467590559790750e+00
7.873963989711346301e+01,6.446310960296242953e+00
7.875964561303230482e+01,6.389659570980525061e+00
7.877965132895113243e+01,6.937416723721145928e+00
7.879965704486996003e+01,6.307207977108418184e+00
7.881966276078880185e+01,6.531218542870252719e+00
7.883966847670762945e+01,6.077504717622681518e+00
7.885967419262647127e+01,6.629947680509661545e+00
7.887967990854529887e+01,7.385388547651029256e+00
7.889968562446414069e+01,7.150710132194519453e+00
7.891969134038296829e+01,6.538428205867182541e+00
7.893969705630181011e+01,6.805850450069145907e+00
7.895970277222063771e+01,6.513811675205816165e+00
7.897970848813946532e+01,5.754552293063562196e+00
7.899971420405830713e+01,6.304538363939226286e+00
7.901971991997713474e+01,6.432727511539547471e+00
7.903972563589597655e+01,6.011454557637381235e+00
7.905973135181480416e+01,6.153828110259413009e+00
7.907973706773364597e+01,6.020229758947204246e+00
7.909974278365247358e+01,6.020822793001171291e+00
7.911974849957131539e+01,6.692171879922979016e+00
7.913975421549014300e+01,6.096246314049167836e+00
7.915975993140898481e+01,5.513231090637707332e+00
7.917976564732781242e+01,5.703317051622605049e+00
7.919977136324664002e+01,5.340254362375443264e+00
7.921977707916548184e+01,5.811383180951537497e+00
7.923978279508430944e+01,6.111427147916154823e+00
7.925978851100315126e+01,5.427249346878417313e+00
7.927979422692197886e+01,5.348995567056655354e+00
7.929979994284082068e+01,6.620560698880151307e+00
7.931980565875964828e+01,5.575693058626246312e+00
7.933981137467849010e+01,6.556368122648622787e+00
7.935981709059731770e+01,6.093571963408997760e+00
7.937982280651614531e+01,6.682218934122607479e+00
7.939982852243498712e+01,6.318011424177270463e+00
7.941983423835381473e+01,6.013442673229767443e+00
7.943983995427265654e+01,6.857271435811825633e+00
7.945984567019148415e+01,6.215661775822526103e+00
7.947985138611032596e+01,5.822089355373457842e+00
7.949985710202915357e+01,6.905711028125496753e+00
7.951986281794799538e+01,6.352159655140863670e+00
7.953986853386682299e+01,6.055286441069045900e+00
7.955987424978565059e+01,7.000442687996528690e+00
7.957987996570449241e+01,7.070082390096970926e+00
7.959988568162332001e+01,6.912781492015990459e+00
7.961989139754216183e+01,7.089694139123561278e+00
7.963989711346098943e+01,6.973021831141428706e+00
7.965990282937983125e+01,7.504095958930373733e+00
7.967990854529865885e+01,7.527633834057709805e+00
7.969991426121750067e+01,6.965178358700025996e+00
7.971991997713632827e+01,7.163018259069263038e+00
7.973992569305515588e+01,7.323844781245661295e+00
7.975993140897399769e+01,6.865167626886218066e+00
7.977993712489282530e+01,7.181694648744935350e+00
7.979994284081166711e+01,6.525850538447466320e+00
7.981994855673049472e+01,6.575242360371698958e+00
7.983995427264933653e+01,7.025343839500421517e+00
7.985995998856816414e+01,6.708748687983891124e+00
7.987996570448700595e+01,5.929673497195173226e+00
7.989997142040583356e+01,6.590558445816562916e+00
7.991997713632466116e+01,6.108345561238444077e+00
7.993998285224350298e+01,6.175247631278905303e+00
7.995998856816233058e+01,6.285214701010536587e+00
7.997999428408117240e+01,5.947728996323349726e+00
8.000000000000000000e+01,4.831909808141820584e+00
