angle,intensity
1.000000000000000000e+01,3.240536515817414198e+00
1.002000571591883471e+01,2.856260740724995806e+00
1.004001143183766764e+01,3.115480496964148305e+00
1.006001714775650235e+01,3.548773962896140333e+00
1.008002286367533529e+01,3.183476401570342951e+00
1.010002857959417000e+01,3.404653381393242473e+00
1.012003429551300293e+01,3.077201401869755326e+00
1.014004001143183764e+01,3.778927041192889469e+00
1.016004572735067235e+01,3.167986157544969039e+00
1.018005144326950528e+01,3.539202034942206865e+00
1.020005715918833999e+01,3.581701008896982064e+00
1.022006287510717293e+01,3.686901677953102752e+00
1.024006859102600764e+01,3.345475274993955583e+00
1.026007430694484057e+01,3.850088343089476339e+00
1.028008002286367528e+01,3.478154562112740766e+00
1.030008573878250999e+01,2.907209876959438333e+00
1.032009145470134293e+01,4.135459991406594149e+00
1.034009717062017764e+01,3.090349043239822180e+00
1.036010288653901057e+01,3.661052603726688837e+00
1.038010860245784528e+01,3.901490319390386929e+00
1.040011431837667999e+01,3.516254494247198714e+00
1.042012003429551292e+01,3.253474519278138910e+00
1.044012575021434763e+01,3.474724596927424081e+00
1.046013146613318057e+01,3.959318039192746497e+00
1.048013718205201528e+01,4.210509407110201607e+00
1.050014289797084821e+01,2.980531060797252607e+00
1.052014861388968292e+01,2.769463465392725698e+00
1.054015432980851585e+01,3.906350577934028845e+00
1.056016004572735056e+01,2.660469869789465314e+00
1.058016576164618527e+01,3.737018858527721310e+00
1.060017147756501821e+01,3.085547991245787269e+00
1.062017719348385292e+01,2.696874309018987503e+00
1.064018290940268585e+01,4.189888595170584651e+00
1.066018862532152056e+01,3.239794507148635372e+00
1.068019434124035527e+01,3.406057396908294788e+00
1.070020005715918820e+01,3.449076200237032541e+00
1.072020577307802292e+01,3.850455175150096832e+00
1.074021148899685585e+01,3.876187017744505692e+00
1.076021720491569056e+01,3.255646865918186972e+00
1.078022292083452349e+01,2.784953405679978289e+00
1.080022863675335820e+01,3.328301187348003953e+00
1.082023435267219291e+01,3.939888789765155330e+00
1.084024006859102585e+01,3.525115449392816735e+00
1.086024578450986056e+01,2.874926347959870121e+00
1.088025150042869349e+01,3.160889007103539150e+00
1.090025721634752820e+01,4.067601914323157430e+00
1.092026293226636113e+01,3.597667349764758438e+00
1.094026864818519584e+01,3.088293461277820118e+00
1.096027436410403055e+01,2.703195445219586102e+00
1.098028008002286349e+01,3.129917491018062048e+00
1.100028579594169820e+01,3.221068639337096418e+00
1.102029151186053113e+01,3.056547707434043026e+00
1.104029722777936584e+01,3.886749937771289076e+00
1.106030294369819877e+01,3.621921317718637567e+00
1.108030865961703348e+01,3.871400730689355640e+00
1.110031437553586819e+01,3.225101400828855880e+00
1.112032009145470113e+01,3.541863345097393534e+00
1.114032580737353584e+01,2.814298697590036369e+00
1.116033152329236877e+01,3.058951370943069570e+00
1.118033723921120348e+01,4.288504970246184378e+00
1.120034295513003642e+01,4.079535017047311918e+00
1.122034867104887113e+01,3.426521584310110669e+00
1.124035438696770584e+01,3.469304253392701654e+00
1.126036010288653877e+01,4.005376693419711032e+00
1.128036581880537348e+01,3.472713994465320475e+00
1.130037153472420641e+01,3.496666743133530542e+00
1.132037725064304112e+01,3.106540634483708097e+00
1.134038296656187583e+01,3.386708240674698889e+00
1.136038868248070877e+01,3.580360426770787807e+00
1.138039439839954348e+01,3.439100484372396682e+00
1.140040011431837641e+01,2.745055206710382389e+00
1.142040583023721112e+01,3.391629477123384362e+00
1.144041154615604405e+01,3.155384181406501565e+00
1.146041726207487876e+01,3.409916543060917515e+00
1.148042297799371170e+01,3.412636290707256492e+00
1.150042869391254641e+01,3.083875871073154862e+00
1.152043440983138112e+01,3.422002742942932052e+00
1.154044012575021405e+01,3.169517791818936114e+00
1.156044584166904876e+01,2.929400791695428552e+00
1.158045155758788169e+01,3.418105750790387809e+00
1.160045727350671640e+01,3.426045581061266887e+00
1.162046298942555111e+01,3.597276860001947796e+00
1.164046870534438405e+01,3.412123434491181939e+00
1.166047442126321876e+01,3.876243980374468379e+00
1.168048013718205169e+01,4.224692687462506591e+00
1.170048585310088640e+01,3.210119311571697942e+00
1.172049156901971934e+01,4.107179428481785521e+00
1.174049728493855405e+01,3.503695687330586228e+00
1.176050300085738698e+01,3.295050910245644005e+00
1.178050871677622169e+01,3.402224062360039714e+00
1.180051443269505640e+01,3.319134344932314296e+00
1.182052014861388933e+01,3.211417148958453982e+00
1.184052586453272404e+01,3.443905013537377435e+00
1.186053158045155698e+01,2.694045931203825184e+00
1.188053729637039169e+01,3.730173704727342887e+00
1.190054301228922640e+01,2.878068495596234566e+00
1.192054872820805933e+01,3.082705099608253008e+00
1.194055444412689404e+01,3.877729563944283253e+00
1.196056016004572697e+01,3.635298497462531309e+00
1.198056587596456168e+01,3.351964746774633408e+00
1.200057159188339639e+01,4.136440945890686116e+00
1.202057730780222933e+01,3.506415583827881655e+00
1.204058302372106226e+01,3.292416497152765409e+00
1.206058873963989697e+01,3.557148392154225292e+00
1.208059445555873168e+01,3.342298368746035919e+00
1.210060017147756461e+01,3.234971960327129192e+00
1.212060588739639932e+01,3.866588003809978691e+00
1.214061160331523226e+01,3.273289045848915002e+00
1.216061731923406697e+01,3.973587352342494494e+00
1.218062303515290168e+01,3.809124311625711634e+00
1.220062875107173461e+01,3.235292521029690782e+00
1.222063446699056932e+01,3.765456968123367609e+00
1.224064018290940226e+01,3.292047996348504757e+00
1.226064589882823697e+01,3.677544204836302733e+00
1.228065161474707168e+01,3.041264577327313035e+00
1.230065733066590461e+01,2.838744356009863079e+00
1.232066304658473754e+01,2.697173230747524908e+00
1.234066876250357225e+01,3.928047232906441977e+00
1.236067447842240696e+01,3.392728497055151227e+00
1.238068019434123990e+01,3.359667685701591466e+00
1.240068591026007461e+01,4.115917436122456863e+00
1.242069162617890754e+01,2.803767020308061575e+00
1.244069734209774225e+01,2.873091592792732740e+00
1.246070305801657696e+01,2.995555107213913715e+00
1.248070877393540989e+01,3.295902129079969267e+00
1.250071448985424460e+01,3.635128801440647539e+00
1.252072020577307754e+01,3.431643737228184499e+00
1.254072592169191225e+01,4.047616815910074273e+00
1.256073163761074696e+01,2.811262909563404744e+00
1.258073735352957989e+01,3.838087949424624945e+00
1.260074306944841460e+01,4.239522005494174017e+00
1.262074878536724754e+01,3.655803081594155568e+00
1.264075450128608225e+01,3.693961432613322771e+00
1.266076021720491518e+01,3.373398446214006086e+00
1.268076593312374989e+01,3.763306453254683603e+00
1.270077164904258282e+01,3.366152655221243517e+00
1.272077736496141753e+01,3.280586836400913420e+00
1.274078308088025224e+01,3.094087013290302224e+00
1.276078879679908518e+01,3.159823129372498762e+00
1.278079451271791989e+01,4.094080718499594873e+00
1.280080022863675282e+01,2.961571338216558935e+00
1.282080594455558753e+01,3.128780011590475141e+00
1.284081166047442224e+01,2.973584211158101454e+00
1.286081737639325517e+01,3.523844857595425317e+00
1.288082309231208988e+01,3.012556152692706490e+00
1.290082880823092282e+01,3.314765789360200721e+00
1.292083452414975753e+01,3.616685262170102888e+00
1.294084024006859224e+01,2.868022665941311722e+00
1.296084595598742517e+01,2.833587098178454333e+00
1.298085167190625810e+01,3.449174868765191526e+00
1.300085738782509281e+01,3.443101392423560725e+00
1.302086310374392752e+01,3.332202752519940692e+00
1.304086881966276046e+01,2.867229475541819284e+00
1.306087453558159517e+01,2.984716566894265899e+00
1.308088025150042810e+01,3.581117836740379090e+00
1.310088596741926281e+01,3.720454709038612862e+00
1.312089168333809752e+01,3.790281946505165145e+00
1.314089739925693046e+01,3.220349151326192150e+00
1.316090311517576517e+01,3.412671857741953474e+00
1.318090883109459810e+01,3.919747924533782069e+00
1.320091454701343281e+01,3.037720694984333836e+00
1.322092026293226752e+01,3.466277241350838256e+00
1.324092597885110045e+01,3.211944876884100353e+00
1.326093169476993339e+01,3.286794166647232895e+00
1.328093741068876810e+01,3.706908604942737107e+00
1.330094312660760281e+01,3.298745368622624241e+00
1.332094884252643574e+01,3.420799462384035650e+00
1.334095455844527045e+01,3.522336397115812368e+00
1.336096027436410338e+01,3.649661483308851651e+00
1.338096599028293809e+01,3.049348018832968243e+00
1.340097170620177280e+01,3.143550927629924274e+00
1.342097742212060574e+01,2.911950045366025641e+00
1.344098313803944045e+01,3.457083414633085106e+00
1.346098885395827338e+01,2.994436369559330569e+00
1.348099456987710809e+01,3.439272938085899067e+00
1.350100028579594280e+01,4.054961313138546686e+00
1.352100600171477573e+01,3.564107516481960225e+00
1.354101171763361044e+01,3.350134443896823022e+00
1.356101743355244338e+01,3.787271029337627049e+00
1.358102314947127809e+01,3.797179137830132944e+00
1.360102886539011102e+01,2.814358048785278399e+00
1.362103458130894573e+01,4.254338550468684588e+00
1.364104029722777867e+01,4.163718357029578598e+00
1.366104601314661338e+01,3.380248316330601632e+00
1.368105172906544809e+01,3.777506540516864852e+00
1.370105744498428102e+01,3.231857049496317025e+00
1.372106316090311573e+01,3.108448853706378134e+00
1.374106887682194866e+01,3.574539139829881584e+00
1.376107459274078337e+01,4.116655988481438655e+00
1.378108030865961808e+01,3.320748120224494393e+00
1.380108602457845102e+01,3.253494370951851344e+00
1.382109174049728573e+01,3.145885452480434274e+00
1.384109745641611866e+01,2.615329425885017933e+00
1.386110317233495337e+01,3.310686414165270541e+00
1.388110888825378808e+01,3.428611314889138839e+00
1.390111460417262101e+01,3.844295440906019934e+00
1.392112032009145395e+01,2.743974304408384413e+00
1.394112603601028866e+01,4.036750833182150444e+00
1.396113175192912337e+01,2.977572252136880593e+00
1.398113746784795630e+01,3.824511444709421948e+00
1.400114318376679101e+01,3.793663554042626895e+00
1.402114889968562395e+01,3.272589986098056070e+00
1.404115461560445866e+01,3.057611866369333242e+00
1.406116033152329337e+01,3.562835682776332114e+00
1.408116604744212630e+01,3.936171804257282858e+00
1.410117176336095923e+01,3.272722754394484568e+00
1.412117747927979394e+01,3.961777604146524911e+00
1.414118319519862865e+01,3.518693648239446414e+00
1.416118891111746336e+01,3.668458764344867618e+00
1.418119462703629630e+01,4.060696020618774327e+00
1.420120034295512923e+01,4.046463010006745797e+00
1.422120605887396394e+01,3.104091097095177609e+00
1.424121177479279865e+01,3.689448229950243352e+00
1.426121749071163336e+01,3.491219274116705851e+00
1.428122320663046629e+01,2.999775199590601460e+00
1.430122892254929923e+01,3.317630884125525093e+00
1.432123463846813394e+01,3.427321736662037654e+00
1.434124035438696865e+01,3.136534560790721571e+00
1.436124607030580158e+01,3.821863505207848455e+00
1.438125178622463629e+01,3.093276850516716525e+00
1.440125750214346922e+01,2.978404264652780409e+00
1.442126321806230393e+01,3.148244990414394984e+00
1.444126893398113864e+01,2.689155233713147464e+00
1.446127464989997158e+01,3.247801419513944854e+00
1.448128036581880451e+01,3.721318935194315003e+00
1.450128608173763922e+01,3.349078859213959092e+00
1.452129179765647393e+01,3.978160592043543886e+00
1.454129751357530864e+01,3.253519390767350750e+00
1.456130322949414158e+01,3.977842194145480903e+00
1.458130894541297451e+01,3.834108570919585013e+00
1.460131466133180922e+01,3.658893717826754433e+00
1.462132037725064393e+01,3.841825011983892146e+00
1.464132609316947686e+01,4.051177798519374207e+00
1.466133180908831157e+01,3.371767549907202621e+00
1.468133752500714451e+01,2.810892676389824985e+00
1.470134324092597922e+01,3.792087199627204086e+00
1.472134895684481393e+01,2.766897650123628427e+00
1.474135467276364686e+01,3.449554703140810030e+00
1.476136038868247979e+01,3.492128089532866131e+00
1.478136610460131450e+01,3.281350719179160436e+00
1.480137182052014921e+01,3.895948701027206251e+00
1.482137753643898392e+01,4.231736726222172784e+00
1.484138325235781686e+01,3.377146478189610335e+00
1.486138896827664979e+01,2.998307990962211900e+00
1.488139468419548450e+01,4.193622560822693579e+00
1.490140040011431921e+01,3.230523720998782711e+00
1.492140611603315392e+01,3.424754746320902044e+00
1.494141183195198685e+01,4.230980156971245520e+00
1.496141754787081979e+01,3.570663367457943327e+00
1.498142326378965450e+01,3.507877606693974748e+00
1.500142897970848921e+01,2.962724466025284276e+00
1.502143469562732214e+01,3.249754405950227465e+00
1.504144041154615508e+01,3.217380306772354981e+00
1.506144612746498979e+01,3.709472046647217081e+00
1.508145184338382450e+01,3.667627692859549704e+00
1.510145755930265921e+01,4.265738273893942889e+00
1.512146327522149214e+01,2.985040005252922235e+00
1.514146899114032507e+01,3.145275468899944027e+00
1.516147470705915978e+01,3.025593005435998961e+00
1.518148042297799449e+01,3.378734710714440759e+00
1.520148613889682920e+01,3.655473124540127294e+00
1.522149185481566214e+01,2.872246552266285669e+00
1.524149757073449507e+01,3.160173412252473391e+00
1.526150328665332978e+01,3.919522048085341659e+00
1.528150900257216449e+01,3.582188050727332929e+00
1.530151471849099742e+01,3.215190733222970110e+00
1.532152043440983036e+01,3.762420936103854530e+00
1.534152615032866507e+01,3.470838804928032317e+00
1.536153186624749978e+01,3.799442923144581208e+00
1.538153758216633449e+01,3.833708331087422039e+00
1.540154329808516742e+01,4.108742882972912014e+00
1.542154901400400036e+01,3.126615671457956047e+00
1.544155472992283507e+01,3.859840411071610244e+00
1.546156044584166978e+01,4.082727797979851303e+00
1.548156616176050449e+01,3.397585195800520541e+00
1.550157187767933742e+01,2.921466454895204734e+00
1.552157759359817035e+01,3.224182989615932193e+00
1.554158330951700506e+01,3.411228547630816621e+00
1.556158902543583977e+01,4.093414221329302549e+00
1.558159474135467271e+01,3.379079886408856481e+00
1.560160045727350742e+01,3.096352967088945363e+00
1.562160617319234035e+01,3.736713809182119483e+00
1.564161188911117506e+01,3.017862394826490657e+00
1.566161760503000977e+01,4.204560276248756168e+00
1.568162332094884270e+01,4.002676944684579574e+00
1.570162903686767564e+01,3.572493741230951869e+00
1.572163475278651035e+01,3.856504378653183629e+00
1.574164046870534506e+01,3.803234643161806705e+00
1.576164618462417977e+01,3.469787942799838376e+00
1.578165190054301270e+01,4.061808284797516322e+00
1.580165761646184563e+01,4.362533370727684101e+00
1.582166333238068034e+01,3.579445958687289320e+00
1.584166904829951505e+01,4.116938279249576560e+00
1.586167476421834799e+01,4.006806766428926636e+00
1.588168048013718270e+01,3.530896153677365756e+00
1.590168619605601563e+01,4.075409725266589511e+00
1.592169191197485034e+01,3.268178262729349193e+00
1.594169762789368505e+01,3.240659340093366758e+00
1.596170334381251799e+01,3.345070709900979988e+00
1.598170905973135092e+01,3.495642027557528397e+00
1.600171477565018563e+01,2.896568379506740953e+00
1.602172049156902034e+01,3.038617692301999185e+00
1.604172620748785505e+01,3.908999873219168641e+00
1.606173192340668976e+01,4.107526934049675837e+00
1.608173763932552092e+01,3.206012901308482377e+00
1.610174335524435563e+01,3.649800888087259221e+00
1.612174907116319034e+01,3.203127978491600913e+00
1.614175478708202505e+01,2.969594856885247935e+00
1.616176050300085620e+01,4.189852363249599421e+00
1.618176621891969091e+01,4.325970740290010497e+00
1.620177193483852562e+01,3.722805013101178950e+00
1.622177765075736033e+01,4.242395827317857915e+00
1.624178336667619504e+01,3.985995170537901089e+00
1.626178908259502620e+01,2.954824517300308262e+00
1.628179479851386091e+01,3.883468965433159781e+00
1.630180051443269562e+01,3.748837912836056496e+00
1.632180623035153033e+01,3.382093319523677089e+00
1.634181194627036149e+01,4.014856417173352732e+00
1.636181766218919620e+01,3.490231698218523526e+00
1.638182337810803091e+01,3.385866325345465278e+00
1.640182909402686562e+01,3.967033659351753894e+00
1.642183480994570033e+01,3.125404869586111190e+00
1.644184052586453504e+01,3.325805022350169171e+00
1.646184624178336620e+01,3.025035084123695484e+00
1.648185195770220091e+01,3.694264268779293481e+00
1.650185767362103562e+01,4.342698883062828585e+00
1.652186338953986677e+01,3.358146914959172058e+00
1.654186910545870148e+01,4.490436238153996840e+00
1.656187482137753619e+01,3.257199801402677508e+00
1.658188053729637090e+01,4.075871979937325307e+00
1.660188625321520561e+01,3.922215541875647027e+00
1.662189196913404032e+01,3.613165669837394844e+00
1.664189768505287148e+01,3.535096469609959158e+00
1.666190340097170619e+01,4.281693249556480119e+00
1.668190911689054090e+01,4.594792149046343255e+00
1.670191483280937561e+01,3.982649806842355922e+00
1.672192054872820677e+01,4.294618347374074219e+00
1.674192626464704148e+01,3.897381691362589606e+00
1.676193198056587619e+01,3.459622585415950802e+00
1.678193769648471090e+01,3.744904980627544955e+00
1.680194341240354561e+01,3.934071460490398131e+00
1.682194912832238032e+01,3.777997944620512527e+00
1.684195484424121148e+01,3.964900014602893208e+00
1.686196056016004619e+01,4.524568337780592309e+00
1.688196627607888090e+01,3.914308776657478006e+00
1.690197199199771205e+01,4.284359728424998792e+00
1.692197770791654676e+01,4.151478085957412745e+00
1.694198342383538147e+01,4.675764964488429598e+00
1.696198913975421618e+01,4.452824384931425072e+00
1.698199485567305089e+01,3.924627740148644239e+00
1.700200057159188560e+01,3.695686021355211182e+00
1.702200628751071676e+01,3.597808496530716660e+00
1.704201200342955147e+01,3.906526700262714868e+00
1.706201771934838618e+01,4.464974308097501066e+00
1.708202343526722089e+01,4.762406848761420619e+00
1.710202915118605205e+01,5.005211768715689402e+00
1.712203486710488676e+01,4.660776747148393184e+00
1.714204058302372147e+01,4.734325664761355412e+00
1.716204629894255618e+01,4.527457534498551261e+00
1.718205201486139089e+01,4.611707644564275732e+00
1.720205773078022204e+01,5.086249625214085412e+00
1.722206344669905675e+01,5.252692316089516922e+00
1.724206916261789146e+01,5.002006437056760291e+00
1.726207487853672617e+01,4.159704751463642936e+00
1.728208059445555733e+01,4.501189836719876602e+00
1.730208631037439204e+01,5.171248444870731653e+00
1.732209202629322675e+01,5.105661680938623270e+00
1.734209774221206146e+01,4.734280006899904691e+00
1.736210345813089617e+01,4.686718009042168731e+00
1.738210917404973088e+01,5.946072124111605461e+00
1.740211488996856204e+01,5.922368719068952458e+00
1.742212060588739675e+01,5.927780882558781883e+00
1.744212632180623146e+01,5.406865361925828672e+00
1.746213203772506262e+01,5.383599174398201015e+00
1.748213775364389733e+01,6.053068945574175963e+00
1.750214346956273204e+01,5.330789987986794820e+00
1.752214918548156675e+01,5.326933047046427561e+00
1.754215490140040146e+01,6.114583260895026129e+00
1.756216061731923617e+01,5.670611696429895154e+00
1.758216633323806732e+01,6.223307306822354334e+00
1.760217204915690203e+01,6.563703471051388405e+00
1.762217776507573674e+01,6.439927383328113208e+00
1.764218348099457145e+01,6.323282405208590973e+00
1.766218919691340261e+01,6.080495635989696446e+00
1.768219491283223732e+01,6.804249199145186111e+00
1.770220062875107203e+01,7.028392828887938926e+00
1.772220634466990674e+01,7.480877759576856079e+00
1.774221206058874145e+01,6.680049122713465515e+00
1.776221777650757616e+01,7.222482279940050987e+00
1.778222349242640732e+01,6.808872790683999199e+00
1.780222920834524203e+01,6.545970679950746884e+00
1.782223492426407674e+01,6.529972572081641502e+00
1.784224064018290790e+01,6.667602720313801967e+00
1.786224635610174261e+01,7.645205446620213507e+00
1.788225207202057732e+01,7.686138469849904453e+00
1.790225778793941203e+01,7.425187671943935364e+00
1.792226350385824674e+01,7.272703049031516542e+00
1.794226921977708145e+01,7.703292195426326927e+00
1.796227493569591260e+01,7.950303409302266644e+00
1.798228065161474731e+01,8.000846082900466172e+00
1.800228636753358202e+01,7.628938475497838212e+00
1.802229208345241318e+01,7.746257482624370638e+00
1.804229779937124789e+01,7.483007895560573886e+00
1.806230351529008260e+01,7.400820745727136440e+00
1.808230923120891731e+01,7.262228114719904148e+00
1.810231494712775202e+01,7.154175429707589018e+00
1.812232066304658673e+01,8.073423989864529915e+00
1.814232637896542144e+01,8.023412758466175632e+00
1.816233209488425260e+01,7.668369119764139263e+00
1.818233781080308731e+01,6.753247860116745827e+00
1.820234352672191847e+01,7.336886940760755316e+00
1.822234924264075318e+01,8.023779519491441192e+00
1.824235495855958789e+01,7.589164370845956853e+00
1.826236067447842260e+01,7.313424105950286247e+00
1.828236639039725731e+01,7.563086086326605617e+00
1.830237210631609202e+01,6.734933193825284548e+00
1.832237782223492673e+01,7.168656811465057288e+00
1.834238353815375788e+01,6.890723803490498511e+00
1.836238925407259259e+01,6.671686318192870502e+00
1.838239496999142730e+01,6.492295940458459036e+00
1.840240068591025846e+01,6.550521486960883877e+00
1.842240640182909317e+01,5.798650127616610916e+00
1.844241211774792788e+01,6.594538078056105590e+00
1.846241783366676259e+01,6.432795128260356599e+00
1.848242354958559730e+01,6.110743783003167451e+00
1.850242926550443201e+01,5.865886351070860094e+00
1.852243498142326672e+01,6.050007190715989580e+00
1.854244069734209788e+01,6.088017458961017425e+00
1.856244641326093259e+01,6.601467744495904455e+00
1.858245212917976374e+01,6.886178424063446712e+00
1.860245784509859845e+01,6.078755920845626548e+00
1.862246356101743316e+01,6.678643942711043557e+00
1.864246927693626787e+01,7.166239000771840395e+00
1.866247499285510258e+01,6.997405039763398449e+00
1.868248070877393729e+01,6.237591002715237920e+00
1.870248642469277200e+01,6.986909842224736877e+00
1.872249214061160316e+01,7.532749900618290972e+00
1.874249785653043787e+01,6.943886133230012803e+00
1.876250357244927258e+01,7.315718034467231234e+00
1.878250928836810374e+01,7.656225569626831984e+00
1.880251500428693845e+01,7.373273022144593014e+00
1.882252072020577316e+01,7.740142641885359609e+00
1.884252643612460787e+01,7.577254578571897881e+00
1.886253215204344258e+01,8.422111098143613361e+00
1.888253786796227729e+01,8.444686329129872604e+00
1.890254358388111200e+01,8.626946588870083588e+00
1.892254929979994316e+01,9.189510133191230778e+00
1.894255501571877787e+01,8.221199658124206167e+00
1.896256073163760902e+01,8.528798536998069224e+00
1.898256644755644373e+01,8.448178544653062616e+00
1.900257216347527844e+01,9.893842547573164836e+00
1.902257787939411315e+01,1.003276351647714293e+01
1.904258359531294786e+01,1.007430193574350596e+01
1.906258931123178257e+01,1.046738913701715923e+01
1.908259502715061728e+01,1.006412992345018154e+01
1.910260074306944844e+01,1.060974731695903195e+01
1.912260645898828315e+01,1.058931588895899800e+01
1.914261217490711431e+01,1.141453172205442002e+01
1.916261789082594902e+01,1.130462802112906928e+01
1.918262360674478373e+01,1.137552685674911679e+01
1.920262932266361844e+01,1.210089582122694729e+01
1.922263503858245315e+01,1.258331353668399011e+01
1.924264075450128786e+01,1.294151461850343310e+01
1.926264647042012257e+01,1.285209152976097435e+01
1.928265218633895373e+01,1.342263019968340210e+01
1.930265790225778844e+01,1.335106045714586642e+01
1.932266361817662315e+01,1.376154536413845975e+01
1.934266933409545430e+01,1.390594594425931518e+01
1.936267505001428901e+01,1.427377157669102914e+01
1.938268076593312372e+01,1.468465887422794935e+01
1.940268648185195843e+01,1.492824757843164285e+01
1.942269219777079314e+01,1.507996171077787828e+01
1.944269791368962785e+01,1.591141505217544605e+01
1.946270362960846256e+01,1.545883457710337261e+01
1.948270934552729372e+01,1.609035105347367178e+01
1.950271506144612843e+01,1.567678258649813827e+01
1.952272077736495959e+01,1.556654339379942265e+01
1.954272649328379430e+01,1.588212794745168033e+01
1.956273220920262901e+01,1.604968173013292088e+01
1.958273792512146372e+01,1.540479821836701468e+01
1.960274364104029843e+01,1.566520981510023169e+01
1.962274935695913314e+01,1.569684944057056342e+01
1.964275507287796785e+01,1.464301932684239382e+01
1.966276078879679901e+01,1.436513089500996898e+01
1.968276650471563372e+01,1.541019856427496748e+01
1.970277222063446487e+01,1.448444426928497997e+01
1.972277793655329958e+01,1.474828869824651889e+01
1.974278365247213429e+01,1.333844459308926567e+01
1.976278936839096900e+01,1.268975910751225200e+01
1.978279508430980371e+01,1.279414352651304654e+01
1.980280080022863842e+01,1.192057744837173772e+01
1.982280651614747313e+01,1.203478257668016305e+01
1.984281223206630784e+01,1.219130469865317679e+01
1.986281794798513900e+01,1.094516194640903173e+01
1.988282366390397371e+01,1.009845050974998593e+01
1.990282937982280487e+01,9.625740092010786952e+00
1.992283509574163958e+01,9.837986471906779329e+00
1.994284081166047429e+01,1.028929001275023936e+01
1.996284652757930900e+01,8.995674480040939613e+00
1.998285224349814371e+01,8.884807052226902258e+00
2.000285795941697842e+01,8.244904743622155863e+00
2.002286367533581313e+01,7.958038279305085005e+00
2.004286939125464428e+01,7.846391625705916084e+00
2.006287510717347899e+01,7.839353817105171096e+00
2.008288082309231015e+01,8.603297356893786940e+00
2.010288653901114486e+01,7.567384642700764275e+00
2.012289225492997957e+01,7.141633838726862749e+00
2.014289797084881428e+01,7.737945938959186698e+00
2.016290368676764899e+01,7.611910237270688384e+00
2.018290940268648370e+01,7.540992743690688727e+00
2.020291511860531841e+01,7.956914533263798717e+00
2.022292083452414957e+01,7.410832467171045046e+00
2.024292655044298428e+01,7.093168517763070113e+00
2.026293226636181899e+01,8.121297410154671326e+00
2.028293798228065015e+01,7.899227251797375615e+00
2.030294369819948486e+01,8.027774204662119217e+00
2.032294941411831957e+01,7.852733577761421557e+00
2.034295513003715428e+01,7.754287612446694844e+00
2.036296084595598899e+01,8.436325192569883669e+00
2.038296656187482370e+01,8.665609442605472168e+00
2.040297227779365841e+01,8.150078398056567863e+00
2.042297799371248956e+01,7.996171875532241735e+00
2.044298370963132427e+01,8.070568909795921897e+00
2.046298942555015543e+01,7.661006180079402483e+00
2.048299514146899014e+01,7.724682244292033317e+00
2.050300085738782485e+01,7.610354980042483675e+00
2.052300657330665956e+01,8.906546908623504066e+00
2.054301228922549427e+01,8.586425375087388900e+00
2.056301800514432898e+01,8.275155193304323475e+00
2.058302372106316369e+01,7.857534214868202582e+00
2.060302943698199485e+01,8.394553152371214466e+00
2.062303515290082956e+01,7.974997675392218710e+00
2.064304086881966072e+01,8.574344062758926910e+00
2.066304658473849543e+01,8.331842777527899813e+00
2.068305230065733014e+01,8.249973301479474941e+00
2.070305801657616485e+01,7.907979615852543276e+00
2.072306373249499956e+01,7.660001414329602909e+00
2.074306944841383427e+01,7.077195473679854132e+00
2.076307516433266898e+01,7.495194444988821481e+00
2.078308088025150369e+01,6.719832046234520462e+00
2.080308659617033484e+01,7.556380575966819002e+00
2.082309231208916955e+01,6.736971750230947187e+00
2.084309802800800071e+01,6.325204064861920550e+00
2.086310374392683542e+01,6.400526274858990838e+00
2.088310945984567013e+01,6.758006928761107091e+00
2.090311517576450484e+01,5.909439306252053825e+00
2.092312089168333955e+01,6.049879589793749624e+00
2.094312660760217426e+01,5.430277167774782754e+00
2.096313232352100897e+01,5.437422484166834380e+00
2.098313803943984013e+01,5.177612840876945732e+00
2.100314375535867484e+01,5.607100798793752006e+00
2.102314947127750600e+01,4.497977608621301471e+00
2.104315518719634071e+01,4.796837111587724856e+00
2.106316090311517542e+01,5.245951813483219262e+00
2.108316661903401013e+01,5.255108447137102345e+00
2.110317233495284484e+01,4.104855258303700793e+00
2.112317805087167955e+01,4.506829896943436609e+00
2.114318376679051426e+01,4.397875406281293920e+00
2.116318948270934541e+01,4.518752097679816337e+00
2.118319519862818012e+01,4.114801502825875090e+00
2.120320091454701483e+01,4.098558668248301728e+00
2.122320663046584599e+01,4.446251701553575408e+00
2.124321234638468070e+01,4.245656003017227675e+00
2.126321806230351541e+01,3.818018526083658326e+00
2.128322377822235012e+01,4.682140280794214959e+00
2.130322949414118483e+01,4.082486509232591487e+00
2.132323521006001954e+01,4.289239004387373377e+00
2.134324092597885425e+01,3.951232912818497311e+00
2.136324664189768541e+01,4.703172321719986115e+00
2.138325235781652012e+01,4.274284167520553623e+00
2.140325807373535127e+01,3.348881594354283120e+00
2.142326378965418598e+01,3.357844198421422899e+00
2.144326950557302069e+01,4.677235213376546241e+00
2.146327522149185540e+01,3.341042417927188701e+00
2.148328093741069011e+01,3.443698035103917476e+00
2.150328665332952482e+01,3.881222119289392758e+00
2.152329236924835953e+01,2.889371224405828720e+00
2.154329808516719069e+01,3.873922665100386187e+00
2.156330380108602540e+01,4.238504226007150599e+00
2.158330951700485656e+01,3.165154032461214406e+00
2.160331523292369127e+01,3.782168984061232919e+00
2.162332094884252598e+01,3.655782501358086023e+00
2.164332666476136069e+01,3.849240546752414449e+00
2.166333238068019540e+01,3.494151240919094903e+00
2.168333809659903011e+01,3.842437182998410528e+00
2.170334381251786482e+01,3.426217352627054957e+00
2.172334952843669598e+01,3.683399459286236244e+00
2.174335524435553069e+01,4.475484671893091182e+00
2.176336096027436540e+01,3.630125790090512616e+00
2.178336667619319655e+01,3.277759682317424428e+00
2.180337239211203126e+01,3.505713081035455758e+00
2.182337810803086597e+01,3.687828199177772603e+00
2.184338382394970068e+01,3.692305767474666212e+00
2.186338953986853539e+01,3.084645463029115131e+00
2.188339525578737010e+01,3.891684564742447172e+00
2.190340097170620481e+01,3.773647481668206183e+00
2.192340668762503597e+01,3.109308066760924305e+00
2.194341240354387068e+01,3.101662793912459026e+00
2.196341811946270184e+01,3.833537846402870208e+00
2.198342383538153655e+01,3.729109192187999078e+00
2.200342955130037126e+01,4.286841422967812676e+00
2.202343526721920597e+01,3.668948750086847177e+00
2.204344098313804068e+01,3.505941264765198628e+00
2.206344669905687539e+01,3.992530581632472320e+00
2.208345241497571010e+01,3.659216999571046625e+00
2.210345813089454126e+01,3.750438345558933406e+00
2.212346384681337597e+01,3.724749699975661965e+00
2.214346956273221068e+01,3.748819825371080050e+00
2.216347527865104183e+01,3.794339680733296749e+00
2.218348099456987654e+01,4.278947468657651854e+00
2.220348671048871125e+01,3.978210915817702364e+00
2.222349242640754596e+01,3.446796351281793402e+00
2.224349814232638067e+01,3.824184103821321123e+00
2.226350385824521538e+01,2.928454317956368236e+00
2.228350957416405009e+01,3.732288224146062205e+00
2.230351529008288125e+01,4.099595047267856174e+00
2.232352100600171596e+01,3.771247429929577955e+00
2.234352672192054712e+01,3.015509316196319123e+00
2.236353243783938183e+01,3.652605333510776653e+00
2.238353815375821654e+01,3.335694193978013367e+00
2.240354386967705125e+01,3.304850834524788006e+00
2.242354958559588596e+01,2.978607109938189446e+00
2.244355530151472067e+01,3.997005996673006933e+00
2.246356101743355538e+01,3.555070581139299968e+00
2.248356673335238654e+01,4.259080733318567624e+00
2.250357244927122125e+01,3.772541990451991012e+00
2.252357816519005240e+01,3.754087541936842243e+00
2.254358388110888711e+01,3.967293608066568389e+00
2.256358959702772182e+01,3.355842376576807062e+00
2.258359531294655653e+01,4.435438798054338605e+00
2.260360102886539124e+01,3.544303011483284749e+00
2.262360674478422595e+01,4.134452450480774033e+00
2.264361246070306066e+01,4.143743240636336367e+00
2.266361817662189182e+01,3.327739041069539994e+00
2.268362389254072653e+01,4.251639493440865891e+00
2.270362960845956124e+01,3.832445467470767753e+00
2.272363532437839240e+01,3.401693123791597273e+00
2.274364104029722711e+01,3.552202174011348745e+00
2.276364675621606182e+01,3.580731418241956732e+00
2.278365247213489653e+01,4.354499154326862964e+00
2.280365818805373124e+01,3.571417489053680505e+00
2.282366390397256595e+01,3.435167022937216430e+00
2.284366961989140066e+01,4.075066547953889895e+00
2.286367533581023181e+01,3.691032489829901841e+00
2.288368105172906652e+01,3.879584900143821180e+00
2.290368676764789768e+01,3.113338062070285517e+00
2.292369248356673239e+01,3.562573198395944996e+00
2.294369819948556710e+01,3.336823699319008796e+00
2.296370391540440181e+01,4.494356320205849187e+00
2.298370963132323652e+01,3.218552545867529258e+00
2.300371534724207123e+01,3.159916620827054157e+00
2.302372106316090594e+01,4.061285746188381118e+00
2.304372677907973710e+01,2.779079540740108101e+00
2.306373249499857181e+01,4.243407504211168302e+00
2.308373821091740652e+01,4.136474560251374832e+00
2.310374392683623768e+01,3.870364471859000677e+00
2.312374964275507239e+01,3.754199228169108782e+00
2.314375535867390710e+01,3.295118722849492698e+00
2.316376107459274181e+01,3.373588769910905505e+00
2.318376679051157652e+01,4.047902074592131250e+00
2.320377250643041123e+01,3.189638471540609643e+00
2.322377822234924594e+01,4.035252313159547910e+00
2.324378393826807709e+01,3.923344692669403777e+00
2.326378965418691180e+01,3.389746778517679360e+00
2.328379537010574296e+01,3.383717663271210707e+00
2.330380108602457767e+01,3.194596605475737761e+00
2.332380680194341238e+01,3.992703717924649176e+00
2.334381251786224709e+01,3.055479900789665582e+00
2.336381823378108180e+01,3.581844098278306632e+00
2.338382394969991651e+01,2.873763945285686017e+00
2.340382966561875122e+01,3.134371175033813017e+00
2.342383538153758238e+01,2.775407447401461614e+00
2.344384109745641709e+01,3.321502035988778800e+00
2.346384681337524825e+01,3.662610265273206878e+00
2.348385252929408296e+01,3.560089944219849478e+00
2.350385824521291767e+01,3.417597308848556281e+00
2.352386396113175238e+01,3.359794299770658021e+00
2.354386967705058709e+01,4.235481097635426906e+00
2.356387539296942180e+01,3.332740906226176136e+00
2.358388110888825651e+01,3.891179062814941858e+00
2.360388682480708766e+01,3.048180531106068791e+00
2.362389254072592237e+01,3.643316397602686330e+00
2.364389825664475708e+01,3.668728329337413996e+00
2.366390397256358824e+01,3.366876924057577547e+00
2.368390968848242295e+01,3.097886936264543145e+00
2.370391540440125766e+01,3.292787401169456007e+00
2.372392112032009237e+01,3.300568227690143353e+00
2.374392683623892708e+01,3.958891478776321193e+00
2.376393255215776179e+01,3.180807830264194891e+00
2.378393826807659650e+01,3.616056635337214331e+00
2.380394398399542766e+01,2.794683495965894160e+00
2.382394969991426237e+01,4.167780312495772854e+00
2.384395541583309353e+01,3.559979994961315786e+00
2.386396113175192824e+01,3.440163582787167940e+00
2.388396684767076295e+01,3.415281926769952570e+00
2.390397256358959766e+01,3.956746397126726045e+00
2.392397827950843237e+01,3.521140979742518162e+00
2.394398399542726708e+01,3.983150780802019675e+00
2.396398971134610179e+01,4.207978596539459382e+00
2.398399542726493294e+01,3.931725956504684927e+00
2.400400114318376765e+01,3.852228265770350824e+00
2.402400685910260236e+01,4.289186854757888412e+00
2.404401257502143352e+01,4.192313811736961604e+00
2.406401829094026823e+01,3.598150783144618003e+00
2.408402400685910294e+01,2.991901040415983370e+00
2.410402972277793765e+01,3.575334815893056906e+00
2.412403543869677236e+01,4.029942595032432351e+00
2.414404115461560707e+01,3.247192703420151538e+00
2.416404687053444178e+01,3.985001943556031545e+00
2.418405258645327294e+01,4.359234659884508645e+00
2.420405830237210765e+01,3.857560387600981855e+00
2.422406401829093880e+01,4.165339183670289991e+00
2.424406973420977351e+01,3.620651098751648256e+00
2.426407545012860822e+01,3.793632360766608258e+00
2.428408116604744293e+01,3.524153900269688222e+00
2.430408688196627764e+01,4.253243956029009176e+00
2.432409259788511235e+01,3.222872836156804421e+00
2.434409831380394706e+01,3.766594418172477976e+00
2.436410402972277822e+01,2.991123434391153246e+00
2.438410974564161293e+01,4.031333264871927113e+00
2.440411546156044409e+01,3.674918019455936324e+00
2.442412117747927880e+01,3.552123315589007291e+00
2.444412689339811351e+01,4.390850263919113594e+00
2.446413260931694822e+01,4.228206836615386877e+00
2.448413832523578293e+01,4.011346072826322384e+00
2.450414404115461764e+01,3.082148013116945862e+00
2.452414975707345235e+01,4.216407403440609158e+00
2.454415547299228351e+01,3.410291346011255165e+00
2.456416118891111822e+01,4.091625949549092311e+00
2.458416690482995293e+01,3.308706010060058489e+00
2.460417262074878408e+01,3.949433851896306358e+00
2.462417833666761879e+01,3.669278501861608088e+00
2.464418405258645350e+01,3.506328998446984535e+00
2.466418976850528821e+01,3.084520239717143397e+00
2.468419548442412292e+01,4.416025663780908772e+00
2.470420120034295763e+01,3.510649718189560176e+00
2.472420691626179234e+01,3.271253952156265576e+00
2.474421263218062350e+01,3.894304589567707975e+00
2.476421834809945821e+01,3.573596284315049942e+00
2.478422406401828937e+01,3.689916474751123054e+00
2.480422977993712408e+01,4.008935661816227736e+00
2.482423549585595879e+01,3.980134413651805758e+00
2.484424121177479350e+01,4.330764645770910803e+00
2.486424692769362821e+01,4.423634733746682812e+00
2.488425264361246292e+01,4.238213015215116286e+00
2.490425835953129763e+01,3.716325518816692153e+00
2.492426407545012879e+01,4.192305286508590356e+00
2.494426979136896350e+01,4.231616951094693491e+00
2.496427550728779821e+01,3.138687606717782685e+00
2.498428122320662936e+01,4.045473635366334975e+00
2.500428693912546407e+01,3.970617044974281917e+00
2.502429265504429878e+01,3.975715619111302779e+00
2.504429837096313349e+01,4.207262233617359293e+00
2.506430408688196820e+01,3.619960834201959798e+00
2.508430980280080291e+01,4.431077004009101650e+00
2.510431551871963762e+01,3.995179792852589173e+00
2.512432123463846878e+01,3.940421187487494148e+00
2.514432695055730349e+01,3.793301818372931677e+00
2.516433266647613465e+01,4.228962350982699903e+00
2.518433838239496936e+01,3.418272035716471979e+00
2.520434409831380407e+01,3.617385585908026613e+00
2.522434981423263878e+01,4.309899969914912532e+00
2.524435553015147349e+01,4.481790928987634537e+00
2.526436124607030820e+01,4.188803203331180391e+00
2.528436696198914291e+01,4.461542076711251248e+00
2.530437267790797407e+01,3.750877582863799020e+00
2.532437839382680878e+01,4.094790772580577887e+00
2.534438410974563993e+01,3.745689296001219581e+00
2.536438982566447464e+01,4.078574501013359388e+00
2.538439554158330935e+01,4.015633606670243161e+00
2.540440125750214406e+01,4.097619179475500140e+00
2.542440697342097877e+01,4.359259078330330439e+00
2.544441268933981348e+01,4.020302332631134234e+00
2.546441840525864819e+01,4.620358416250399891e+00
2.548442412117747935e+01,4.332809261733864936e+00
2.550442983709631406e+01,4.774002623324602013e+00
2.552443555301514877e+01,4.467099572097229299e+00
2.554444126893397993e+01,4.256995780273465257e+00
2.556444698485281464e+01,4.921422964623058505e+00
2.558445270077164935e+01,4.315158353141490544e+00
2.560445841669048406e+01,5.163279582646264743e+00
2.562446413260931877e+01,4.652643323070744685e+00
2.564446984852815348e+01,4.260080459715042345e+00
2.566447556444698819e+01,4.894043879557261612e+00
2.568448128036581934e+01,5.266735556818114894e+00
2.570448699628465405e+01,4.838268698395610024e+00
2.572449271220348521e+01,5.231162112130880004e+00
2.574449842812231992e+01,4.813098244563970951e+00
2.576450414404115463e+01,5.044527789249126037e+00
2.578450985995998934e+01,5.436689118562188838e+00
2.580451557587882405e+01,4.726223923159039941e+00
2.582452129179765876e+01,5.651192051583727505e+00
2.584452700771649347e+01,5.266567751090589944e+00
2.586453272363532463e+01,6.074952995304963466e+00
2.588453843955415934e+01,5.944902144364943908e+00
2.590454415547299405e+01,6.607360200259177141e+00
2.592454987139182521e+01,6.715864583750914996e+00
2.594455558731065992e+01,6.443382931218827991e+00
2.596456130322949463e+01,7.349135997811334420e+00
2.598456701914832934e+01,7.372681942795942689e+00
2.600457273506716405e+01,7.437091499068128719e+00
2.602457845098599520e+01,7.344882825429374762e+00
2.604458416690482991e+01,7.805925929979233402e+00
2.606458988282366462e+01,8.442387438778361286e+00
2.608459559874249933e+01,9.055136546128222719e+00
2.610460131466133404e+01,9.418164258953433787e+00
2.612460703058016520e+01,9.432030997359175828e+00
2.614461274649899991e+01,9.759606385382681992e+00
2.616461846241783462e+01,1.042380821438787208e+01
2.618462417833666933e+01,1.132474217401261996e+01
2.620462989425550404e+01,1.029070469566650736e+01
2.622463561017433520e+01,1.159561394403339740e+01
2.624464132609316991e+01,1.134787940082081015e+01
2.626464704201200462e+01,1.252430234038808621e+01
2.628465275793083933e+01,1.336214081729832692e+01
2.630465847384967049e+01,1.329639849721665712e+01
2.632466418976850520e+01,1.448439063671863636e+01
2.634466990568733991e+01,1.550370939999316988e+01
2.636467562160617462e+01,1.545306874465684110e+01
2.638468133752500933e+01,1.596602205535962860e+01
2.640468705344384048e+01,1.705147004893841256e+01
2.642469276936267519e+01,1.750025626535295586e+01
2.644469848528150990e+01,1.829624755600142549e+01
2.646470420120034461e+01,1.879641181916480974e+01
2.648470991711917932e+01,2.023241195642910029e+01
2.650471563303801048e+01,2.109736684898642878e+01
2.652472134895684519e+01,2.203480130916373625e+01
2.654472706487567990e+01,2.355346485767670828e+01
2.656473278079451461e+01,2.352027167156776244e+01
2.658473849671334932e+01,2.562772597692012866e+01
2.660474421263218048e+01,2.566926013026364117e+01
2.662474992855101519e+01,2.669707881420090700e+01
2.664475564446984990e+01,2.773800261723734906e+01
2.666476136038868461e+01,2.957637350867944193e+01
2.668476707630751577e+01,3.006497620799736836e+01
2.670477279222635048e+01,3.089845390233078248e+01
2.672477850814518519e+01,3.173781282918725211e+01
2.674478422406401990e+01,3.278931544326008662e+01
2.676478993998285461e+01,3.335674698192701015e+01
2.678479565590168576e+01,3.422375184176217999e+01
2.680480137182052047e+01,3.490271414692279706e+01
2.682480708773935518e+01,3.574770894826252743e+01
2.684481280365818989e+01,3.588010862448744120e+01
2.686481851957702460e+01,3.685905543758150316e+01
2.688482423549585576e+01,3.722443877503884124e+01
2.690482995141469047e+01,3.780535353627246309e+01
2.692483566733352518e+01,3.692339361239535833e+01
2.694484138325235989e+01,3.673347996390796055e+01
2.696484709917119105e+01,3.681130237960273632e+01
2.698485281509002576e+01,3.578915743663892357e+01
2.700485853100886047e+01,3.525784386252706781e+01
2.702486424692769518e+01,3.390817856191066682e+01
2.704486996284652989e+01,3.331245486306404757e+01
2.706487567876536104e+01,3.198398024577373633e+01
2.708488139468419575e+01,3.016611264657574409e+01
2.710488711060303046e+01,2.990415197226050736e+01
2.712489282652186517e+01,2.755856157454933708e+01
2.714489854244069988e+01,2.653218754782905719e+01
2.716490425835953104e+01,2.541130283577207294e+01
2.718490997427836575e+01,2.356242823343830750e+01
2.720491569019720046e+01,2.157367348101575999e+01
2.722492140611603517e+01,2.049554092587393939e+01
2.724492712203486633e+01,1.952874366250827620e+01
2.726493283795370104e+01,1.878039476091525728e+01
2.728493855387253575e+01,1.736696259687183996e+01
2.730494426979137046e+01,1.700444286026349872e+01
2.732494998571020517e+01,1.631925228678752759e+01
2.734495570162903633e+01,1.444930626198994261e+01
2.736496141754787104e+01,1.427123137621766347e+01
2.738496713346670575e+01,1.478140031110286046e+01
2.740497284938554046e+01,1.428353026984560969e+01
2.742497856530437517e+01,1.415072060386830799e+01
2.744498428122320632e+01,1.378351764246606237e+01
2.746498999714204103e+01,1.389871904410208003e+01
2.748499571306087574e+01,1.425003742427865561e+01
2.750500142897971045e+01,1.405578360341782940e+01
2.752500714489854516e+01,1.473108748069173579e+01
2.754501286081737632e+01,1.409651323705412729e+01
2.756501857673621103e+01,1.561800484657057098e+01
2.758502429265504574e+01,1.522950480779419102e+01
2.760503000857388045e+01,1.600209369981223162e+01
2.762503572449271161e+01,1.701666818228368427e+01
2.764504144041154632e+01,1.733684810420026778e+01
2.766504715633038103e+01,1.788015265026345801e+01
2.768505287224921574e+01,1.866017974848776717e+01
2.770505858816805045e+01,1.925946435183227479e+01
2.772506430408688161e+01,2.071838728513052885e+01
2.774507002000571632e+01,2.154755805669381630e+01
2.776507573592455103e+01,2.274567158978813808e+01
2.778508145184338574e+01,2.466719002611691991e+01
2.780508716776222045e+01,2.439688511697501028e+01
2.782509288368105160e+01,2.614716970215501846e+01
2.784509859959988631e+01,2.696594767745123988e+01
2.786510431551872102e+01,2.924115954051901767e+01
2.788511003143755573e+01,3.027555240404478454e+01
2.790511574735638689e+01,3.203910629264763799e+01
2.792512146327522160e+01,3.301275078204182734e+01
2.794512717919405631e+01,3.561616198362031582e+01
2.796513289511289102e+01,3.751140074653013556e+01
2.798513861103172573e+01,3.849337959290001265e+01
2.800514432695055689e+01,4.042347626030002061e+01
2.802515004286939160e+01,4.285795325788305377e+01
2.804515575878822631e+01,4.502108206906144261e+01
2.806516147470706102e+01,4.681873336391467433e+01
2.808516719062589573e+01,4.817150340598046654e+01
2.810517290654472689e+01,4.903567457394421325e+01
2.812517862246356160e+01,5.166659031909188826e+01
2.814518433838239631e+01,5.234752666710991775e+01
2.816519005430123102e+01,5.236965410357469608e+01
2.818519577022006217e+01,5.343849701135149388e+01
2.820520148613889688e+01,5.318119739656759037e+01
2.822520720205773159e+01,5.189729849442254306e+01
2.824521291797656630e+01,5.080628767519594646e+01
2.826521863389540101e+01,4.961336268493815282e+01
2.828522434981423217e+01,4.711321038812344852e+01
2.830523006573306688e+01,4.480391403236680503e+01
2.832523578165190159e+01,4.086995470854598977e+01
2.834524149757073630e+01,3.810329695512747605e+01
2.836524721348957101e+01,3.508899324411582654e+01
2.838525292940840217e+01,3.096255255736359757e+01
2.840525864532723688e+01,2.790000525355791794e+01
2.842526436124607159e+01,2.424577901528909152e+01
2.844527007716490630e+01,2.131920697004884602e+01
2.846527579308374101e+01,1.883985525788040150e+01
2.848528150900257216e+01,1.586557162402147902e+01
2.850528722492140687e+01,1.433021035141614874e+01
2.852529294084024158e+01,1.302029723783928539e+01
2.854529865675907629e+01,1.088905558270301555e+01
2.856530437267790745e+01,9.993286565586853243e+00
2.858531008859674216e+01,8.745238969591781597e+00
2.860531580451557687e+01,8.262068071991144791e+00
2.862532152043441158e+01,7.476858021844018154e+00
2.864532723635324629e+01,6.545018216393041932e+00
2.866533295227207745e+01,6.562602360787979094e+00
2.868533866819091216e+01,5.625510330807411030e+00
2.870534438410974687e+01,6.609879974796356805e+00
2.872535010002858158e+01,5.797640252760539070e+00
2.874535581594741629e+01,5.465263424529961611e+00
2.876536153186624745e+01,4.827337708003163641e+00
2.878536724778508216e+01,5.138187571927954167e+00
2.880537296370391687e+01,4.945045803316631350e+00
2.882537867962275158e+01,4.504157540013684624e+00
2.884538439554158273e+01,4.850710069719349704e+00
2.886539011146041744e+01,5.007354772978253266e+00
2.888539582737925215e+01,5.015966391882900055e+00
2.890540154329808686e+01,4.442523552891283423e+00
2.892540725921692157e+01,5.006765894640580861e+00
2.894541297513575273e+01,5.231232660756055530e+00
2.896541869105458744e+01,4.576147914412636908e+00
2.898542440697342215e+01,4.421629226649310240e+00
2.900543012289225686e+01,3.963082070153111758e+00
2.902543583881109157e+01,4.859182291370333751e+00
2.904544155472992273e+01,5.209408144008953911e+00
2.906544727064875744e+01,4.569207318153252650e+00
2.908545298656759215e+01,4.006404759592079756e+00
2.910545870248642686e+01,4.649197672413122540e+00
2.912546441840525802e+01,3.985538482490411649e+00
2.914547013432409273e+01,4.598633896734013682e+00
2.916547585024292744e+01,4.115582287285545426e+00
2.918548156616176215e+01,4.401297209874243777e+00
2.920548728208059686e+01,4.252998623708450943e+00
2.922549299799942801e+01,3.991341748355082597e+00
2.924549871391826272e+01,3.549240642349288599e+00
2.926550442983709743e+01,3.636528575036779287e+00
2.928551014575593214e+01,3.915762272228247909e+00
2.930551586167476685e+01,4.479619957789907403e+00
2.932552157759359801e+01,4.166990472731508355e+00
2.934552729351243272e+01,4.323966877640127215e+00
2.936553300943126743e+01,4.137568548906852328e+00
2.938553872535010214e+01,4.389282411734440892e+00
2.940554444126893330e+01,4.029629570791385618e+00
2.942555015718776801e+01,4.888005887451603471e+00
2.944555587310660272e+01,3.875562817705326069e+00
2.946556158902543743e+01,4.169167012890852675e+00
2.948556730494427214e+01,4.160138017817074818e+00
2.950557302086310330e+01,3.310659439084420175e+00
2.952557873678193801e+01,3.695134033281587627e+00
2.954558445270077272e+01,3.425251098123044624e+00
2.956559016861960743e+01,3.948308996859634767e+00
2.958559588453844214e+01,3.601157419948221694e+00
2.960560160045727329e+01,4.025932183786037122e+00
2.962560731637610800e+01,3.969997262739802579e+00
2.964561303229494271e+01,3.943461814981866542e+00
2.966561874821377742e+01,4.341577765251656729e+00
2.968562446413261213e+01,4.401958833267883620e+00
2.970563018005144329e+01,3.509228860371210068e+00
2.972563589597027800e+01,4.199440525099752186e+00
2.974564161188911271e+01,4.208999516254174011e+00
2.976564732780794742e+01,3.946147297602953241e+00
2.978565304372677858e+01,3.960809017089481632e+00
2.980565875964561329e+01,4.325246812397092633e+00
2.982566447556444800e+01,3.967247212097991138e+00
2.984567019148328271e+01,3.285687853177715834e+00
2.986567590740211742e+01,4.171518506527045034e+00
2.988568162332094857e+01,3.765587894952069803e+00
2.990568733923978328e+01,3.487799277238095019e+00
2.992569305515861799e+01,4.082918585234084574e+00
2.994569877107745270e+01,3.955299095445218960e+00
2.996570448699628741e+01,3.987037238468249534e+00
2.998571020291511857e+01,3.174395645092348062e+00
3.000571591883395328e+01,3.656404318852875868e+00
3.002572163475278799e+01,3.930320557792319480e+00
3.004572735067162270e+01,3.766155195382344889e+00
3.006573306659045386e+01,3.664256122311281061e+00
3.008573878250928857e+01,3.163021853732666422e+00
3.010574449842812328e+01,3.216452486502511032e+00
3.012575021434695799e+01,4.512091804612321511e+00
3.014575593026579270e+01,3.920257701352100721e+00
3.016576164618462386e+01,3.742570453228935001e+00
3.018576736210345857e+01,3.589692624387401665e+00
3.020577307802229328e+01,3.013190805567850905e+00
3.022577879394112799e+01,4.100097571723727796e+00
3.024578450985996270e+01,3.568604661720620630e+00
3.026579022577879385e+01,3.775489974773581281e+00
3.028579594169762856e+01,3.479726114214784616e+00
3.030580165761646327e+01,3.672951810588264809e+00
3.032580737353529798e+01,3.831375974933446393e+00
3.034581308945412914e+01,3.742033290698846493e+00
3.036581880537296385e+01,3.334647244106347053e+00
3.038582452129179856e+01,3.890836548438116438e+00
3.040583023721063327e+01,3.531066491136453322e+00
3.042583595312946798e+01,2.945648633387362825e+00
3.044584166904829914e+01,3.379252696980296733e+00
3.046584738496713385e+01,3.074885722763961216e+00
3.048585310088596856e+01,3.887416415156115690e+00
3.050585881680480327e+01,3.988978471759127231e+00
3.052586453272363798e+01,3.518700883515150313e+00
3.054587024864246914e+01,3.820880282155996177e+00
3.056587596456130385e+01,4.586183815176351430e+00
3.058588168048013856e+01,3.978296879627907234e+00
3.060588739639897327e+01,3.218678507786387311e+00
3.062589311231780798e+01,3.359435680889131692e+00
3.064589882823663913e+01,4.341301393641786355e+00
3.066590454415547384e+01,3.694080928230819794e+00
3.068591026007430855e+01,4.071189331272265122e+00
3.070591597599314326e+01,3.442332416964438480e+00
3.072592169191197442e+01,3.982565090951224462e+00
3.074592740783080913e+01,3.667200234891748067e+00
3.076593312374964384e+01,4.297542510390208292e+00
3.078593883966847855e+01,3.921061046363797153e+00
3.080594455558731326e+01,4.598081775069678301e+00
3.082595027150614442e+01,4.439620504048593652e+00
3.084595598742497913e+01,4.910342760879561119e+00
3.086596170334381384e+01,3.856497547627145472e+00
3.088596741926264855e+01,3.895517027531319787e+00
3.090597313518148326e+01,4.749581560557571080e+00
3.092597885110031442e+01,3.398383463947153516e+00
3.094598456701914913e+01,4.447933604351494097e+00
3.096599028293798384e+01,4.608759264461982141e+00
3.098599599885681855e+01,4.478500242074377802e+00
3.100600171477564970e+01,4.577840291746439583e+00
3.102600743069448441e+01,4.109303258007368065e+00
3.104601314661331912e+01,5.131049363709317745e+00
3.106601886253215383e+01,4.459018372362318239e+00
3.108602457845098854e+01,4.087475153094064950e+00
3.110603029436981970e+01,5.056760610590846916e+00
3.112603601028865441e+01,4.301385145025264478e+00
3.114604172620748912e+01,4.536764570362394444e+00
3.116604744212632383e+01,5.635512983869537251e+00
3.118605315804515854e+01,4.558662143167198089e+00
3.120605887396398970e+01,5.284799120599470434e+00
3.122606458988282441e+01,5.389375560864011483e+00
3.124607030580165912e+01,4.346646054028673767e+00
3.126607602172049383e+01,5.345431589139951534e+00
3.128608173763932498e+01,6.237829015122169807e+00
3.130608745355815969e+01,5.434714712608106346e+00
3.132609316947699440e+01,6.091040847289047377e+00
3.134609888539582911e+01,6.404559183088894159e+00
3.136610460131466382e+01,5.845612395157932184e+00
3.138611031723349498e+01,6.050401275341844354e+00
3.140611603315232969e+01,6.474263151142597650e+00
3.142612174907116440e+01,7.372379293260351574e+00
3.144612746498999911e+01,6.521596376154595198e+00
3.146613318090883382e+01,6.509616409656963754e+00
3.148613889682766498e+01,7.000090286911819781e+00
3.150614461274649969e+01,7.856442006898736174e+00
3.152615032866533440e+01,7.332980266673899905e+00
3.154615604458416911e+01,7.041489125962393736e+00
3.156616176050300382e+01,7.472150943538572676e+00
3.158616747642183498e+01,8.314993300041956914e+00
3.160617319234066969e+01,8.213275994162616556e+00
3.162617890825950440e+01,8.168365509595771456e+00
3.164618462417833911e+01,8.228266517792048873e+00
3.166619034009717026e+01,8.453528466932180407e+00
3.168619605601600497e+01,8.379007674666173244e+00
3.170620177193483968e+01,8.057053787054019978e+00
3.172620748785367439e+01,8.420454254601475341e+00
3.174621320377250910e+01,8.834054929528075917e+00
3.176621891969134026e+01,8.770136066838704281e+00
3.178622463561017497e+01,8.908343352936975990e+00
3.180623035152900968e+01,8.537446006854658265e+00
3.182623606744784439e+01,8.320347876819521815e+00
3.184624178336667910e+01,8.976233922951733391e+00
3.186624749928551026e+01,8.825411146340126578e+00
3.188625321520434497e+01,9.040561181426751247e+00
3.190625893112317968e+01,8.453191860989825557e+00
3.192626464704201439e+01,8.531610227343211506e+00
3.194627036296084555e+01,8.952115404948909116e+00
3.196627607887968026e+01,8.700757522073871542e+00
3.198628179479851497e+01,8.147688136263958825e+00
3.200628751071734968e+01,8.732824538786793767e+00
3.202629322663618439e+01,8.204530543418901090e+00
3.204629894255501199e+01,8.650782185238373501e+00
3.206630465847385381e+01,8.517990488570450935e+00
3.208631037439268141e+01,8.051714298263426883e+00
3.210631609031152323e+01,8.844633391403871059e+00
3.212632180623035083e+01,9.036472865855071035e+00
3.214632752214918554e+01,9.805514142103968211e+00
3.216633323806802025e+01,9.035059661033880474e+00
3.218633895398685496e+01,9.880932361814203091e+00
3.220634466990568967e+01,1.105556107898324214e+01
3.222635038582451728e+01,1.046491389403803041e+01
3.224635610174335909e+01,1.167065038421213963e+01
3.226636181766218670e+01,1.135895827150016224e+01
3.228636753358102851e+01,1.224125914667085979e+01
3.230637324949985612e+01,1.346017587944578864e+01
3.232637896541869083e+01,1.289711626122934085e+01
3.234638468133752554e+01,1.508337828316932061e+01
3.236639039725636025e+01,1.529531838707347369e+01
3.238639611317519496e+01,1.628633749806114395e+01
3.240640182909402967e+01,1.749540176286868487e+01
3.242640754501286438e+01,1.775520986957279135e+01
3.244641326093169198e+01,1.932879571324743040e+01
3.246641897685053380e+01,1.935083829830938029e+01
3.248642469276936140e+01,2.047099388510371654e+01
3.250643040868819611e+01,2.236221672018907825e+01
3.252643612460703082e+01,2.371719487310174301e+01
3.254644184052586553e+01,2.399654634563394850e+01
3.256644755644470024e+01,2.574425872803177029e+01
3.258645327236353495e+01,2.654188634813552383e+01
3.260645898828236966e+01,2.739148631584234650e+01
3.262646470420119726e+01,2.863123004960413098e+01
3.264647042012003908e+01,2.949283090761005610e+01
3.266647613603886668e+01,2.905888323897123371e+01
3.268648185195770850e+01,2.980257838817072980e+01
3.270648756787653610e+01,3.018801620907434113e+01
3.272649328379537081e+01,2.947231331569633639e+01
3.274649899971420552e+01,2.931659787602414369e+01
3.276650471563304023e+01,2.841269286194906840e+01
3.278651043155187494e+01,2.745983538479738684e+01
3.280651614747070255e+01,2.577245936625508804e+01
3.282652186338954436e+01,2.419539233002623746e+01
3.284652757930837197e+01,2.238832278346155391e+01
3.286653329522721378e+01,2.084325713654479273e+01
3.288653901114604139e+01,1.861199609882750039e+01
3.290654472706487610e+01,1.624492968563549766e+01
3.292655044298371081e+01,1.437923093916995754e+01
3.294655615890254552e+01,1.341099112269811044e+01
3.296656187482138023e+01,1.192439380423016004e+01
3.298656759074020783e+01,9.897368172495612626e+00
3.300657330665904965e+01,9.713127235429679374e+00
3.302657902257787725e+01,8.445186575318130551e+00
3.304658473849671907e+01,7.427557938906403479e+00
3.306659045441554667e+01,7.053995852668355049e+00
3.308659617033438138e+01,6.740888843963979582e+00
3.310660188625321609e+01,5.998866875245019159e+00
3.312660760217205080e+01,5.282849435420204465e+00
3.314661331809088551e+01,5.768027218585618066e+00
3.316661903400971312e+01,4.941000293301350155e+00
3.318662474992855493e+01,5.107312256522209992e+00
3.320663046584738254e+01,5.111130842775986061e+00
3.322663618176622435e+01,4.976791887468378306e+00
3.324664189768505196e+01,5.017080961743156209e+00
3.326664761360388667e+01,4.022785798073609698e+00
3.328665332952272138e+01,4.947475087933836946e+00
3.330665904544155609e+01,4.116353610592185852e+00
3.332666476136039080e+01,4.476865506144103612e+00
3.334667047727922551e+01,4.491383243235963718e+00
3.336667619319806022e+01,4.554471822317948337e+00
3.338668190911688782e+01,4.531359749730716757e+00
3.340668762503572964e+01,3.847343603045510818e+00
3.342669334095455724e+01,4.272490362325839008e+00
3.344669905687339195e+01,3.665858740785957526e+00
3.346670477279222666e+01,4.413785134324109016e+00
3.348671048871106137e+01,4.168209463453602659e+00
3.350671620462989608e+01,3.964525012354022326e+00
3.352672192054873079e+01,4.135341811091763908e+00
3.354672763646756550e+01,4.211336852014108345e+00
3.356673335238639311e+01,5.087363827159771645e+00
3.358673906830523492e+01,4.507368463436216999e+00
3.360674478422406253e+01,4.748601816557703970e+00
3.362675050014290434e+01,3.859453959600993134e+00
3.364675621606173195e+01,3.816107924877685686e+00
3.366676193198056666e+01,4.347612586793123235e+00
3.368676764789940137e+01,4.616798859426944901e+00
3.370677336381823608e+01,4.743521579434606394e+00
3.372677907973707079e+01,3.851428574744361732e+00
3.374678479565589839e+01,4.401525239706568726e+00
3.376679051157474021e+01,4.664259721537924008e+00
3.378679622749356781e+01,5.081897812462910835e+00
3.380680194341240963e+01,4.519825094500641960e+00
3.382680765933123723e+01,4.881864725088338908e+00
3.384681337525007194e+01,4.556306196655357077e+00
3.386681909116890665e+01,5.191099110707432018e+00
3.388682480708774136e+01,4.634354803036590198e+00
3.390683052300657607e+01,4.855686339283108666e+00
3.392683623892540368e+01,4.674353235816408159e+00
3.394684195484424549e+01,4.277520113975787908e+00
3.396684767076307310e+01,4.865461826879179164e+00
3.398685338668191491e+01,5.318264884808424853e+00
3.400685910260074252e+01,4.908231489913084999e+00
3.402686481851957723e+01,4.725952381821506343e+00
3.404687053443841194e+01,4.799557837257376391e+00
3.406687625035724665e+01,4.553513167934677419e+00
3.408688196627608136e+01,5.496601467544786068e+00
3.410688768219490896e+01,4.937309497333993491e+00
3.412689339811375078e+01,5.438745621783241724e+00
3.414689911403257838e+01,4.656572243177002690e+00
3.416690482995142020e+01,5.071434801533481362e+00
3.418691054587024780e+01,5.334320774189435177e+00
3.420691626178908251e+01,5.430047361073254919e+00
3.422692197770791722e+01,4.671500792274518865e+00
3.424692769362675193e+01,5.373509362257950173e+00
3.426693340954558664e+01,5.953649882598787357e+00
3.428693912546442135e+01,6.243017267989610986e+00
3.430694484138325606e+01,6.256928311507361506e+00
3.432695055730208367e+01,6.622870275663171213e+00
3.434695627322092548e+01,6.819737306950200306e+00
3.436696198913975309e+01,6.875927016674820536e+00
3.438696770505858780e+01,6.708857569989730152e+00
3.440697342097742251e+01,7.337915144492652253e+00
3.442697913689625722e+01,8.190478531905256432e+00
3.444698485281509193e+01,7.464322535543303161e+00
3.446699056873392664e+01,8.614369523512138471e+00
3.448699628465276135e+01,8.812283372220299782e+00
3.450700200057158895e+01,9.330381787169544694e+00
3.452700771649043077e+01,9.548739791491071216e+00
3.454701343240925837e+01,9.198951474290172570e+00
3.456701914832810019e+01,1.030832526505686353e+01
3.458702486424692779e+01,1.105537269102725517e+01
3.460703058016576250e+01,1.212742701008739310e+01
3.462703629608459721e+01,1.189195898360258319e+01
3.464704201200343192e+01,1.253847366880790659e+01
3.466704772792226663e+01,1.393106395510769957e+01
3.468705344384109424e+01,1.351925009989834514e+01
3.470705915975993605e+01,1.517265269364191838e+01
3.472706487567876366e+01,1.603268977454936106e+01
3.474707059159760547e+01,1.618990554175858776e+01
3.476707630751643308e+01,1.767937346807043753e+01
3.478708202343526779e+01,1.815905874978129830e+01
3.480708773935410250e+01,1.967217652972846054e+01
3.482709345527293721e+01,2.022285639739353158e+01
3.484709917119177192e+01,2.137311617791566931e+01
3.486710488711059952e+01,2.210844712597193151e+01
3.488711060302944134e+01,2.355190653040365234e+01
3.490711631894826894e+01,2.443083657964691469e+01
3.492712203486711076e+01,2.512765610715633002e+01
3.494712775078593836e+01,2.616670788275342829e+01
3.496713346670477307e+01,2.732820403113783669e+01
3.498713918262360778e+01,2.804530214639290620e+01
3.500714489854244249e+01,2.893334122786844631e+01
3.502715061446127720e+01,3.032924483311551000e+01
3.504715633038010481e+01,3.026500295556451192e+01
3.506716204629894662e+01,3.100122935333324392e+01
3.508716776221777423e+01,3.189802510204686570e+01
3.510717347813661604e+01,3.141929875904403957e+01
3.512717919405544365e+01,3.248901123407428315e+01
3.514718490997427836e+01,3.156137526382904568e+01
3.516719062589311307e+01,3.234256241812474286e+01
3.518719634181194778e+01,3.131323116472279011e+01
3.520720205773078249e+01,3.121710250477482163e+01
3.522720777364961720e+01,2.984543778665058156e+01
3.524721348956845191e+01,2.910705795415596597e+01
3.526721920548727951e+01,2.752725583777242946e+01
3.528722492140612133e+01,2.638969780938863607e+01
3.530723063732494893e+01,2.566978178227492791e+01
3.532723635324378364e+01,2.370224136181474606e+01
3.534724206916261835e+01,2.228771420679571236e+01
3.536724778508145306e+01,2.145029192395714901e+01
3.538725350100028777e+01,2.019252538891947424e+01
3.540725921691912248e+01,1.883867647774669862e+01
3.542726493283795719e+01,1.813780549625998972e+01
3.544727064875678479e+01,1.710014440681340631e+01
3.546727636467562661e+01,1.562338184785112638e+01
3.548728208059445421e+01,1.499727159546908162e+01
3.550728779651329603e+01,1.331547399588083280e+01
3.552729351243212363e+01,1.259386365069268265e+01
3.554729922835095834e+01,1.146944937530649966e+01
3.556730494426979305e+01,1.089621559652487548e+01
3.558731066018862776e+01,1.058333678062714256e+01
3.560731637610746247e+01,1.046795545875793465e+01
3.562732209202629008e+01,8.987071875240584262e+00
3.564732780794513189e+01,8.383371440705884581e+00
3.566733352386395950e+01,8.778884859442030120e+00
3.568733923978280131e+01,8.426026226149737397e+00
3.570734495570162892e+01,8.666173557084208667e+00
3.572735067162046363e+01,7.677759509463759180e+00
3.574735638753929834e+01,6.866957470279571041e+00
3.576736210345813305e+01,7.745416625855343185e+00
3.578736781937696776e+01,7.030297004463527344e+00
3.580737353529579536e+01,7.252767820767674678e+00
3.582737925121463718e+01,7.521969577560212450e+00
3.584738496713346478e+01,6.650978918822646691e+00
3.586739068305230660e+01,6.018680533277131595e+00
3.588739639897113420e+01,6.172195654647282481e+00
3.590740211488996891e+01,6.124749109724930918e+00
3.592740783080880362e+01,6.172910389024130140e+00
3.594741354672763833e+01,6.013264425719112793e+00
3.596741926264647304e+01,6.152345463148098936e+00
3.598742497856530065e+01,6.327296079459701517e+00
3.600743069448414246e+01,5.537144297319947839e+00
3.602743641040297007e+01,6.381696695585089785e+00
3.604744212632181188e+01,5.524472854291588853e+00
3.606744784224063949e+01,5.048744645254085839e+00
3.608745355815947420e+01,6.456684990956008008e+00
3.610745927407830891e+01,5.389708036727030915e+00
3.612746498999714362e+01,6.305458969446975814e+00
3.614747070591597833e+01,6.661563831597566931e+00
3.616747642183481304e+01,5.513971127192558441e+00
3.618748213775364775e+01,6.273999808232424868e+00
3.620748785367247535e+01,6.307273916986182449e+00
3.622749356959131717e+01,5.762418858282987166e+00
3.624749928551014477e+01,6.534899877346200370e+00
3.626750500142897948e+01,6.524458045486245084e+00
3.628751071734781419e+01,6.457163573609108198e+00
3.630751643326664890e+01,6.267766982425854394e+00
3.632752214918548361e+01,7.090631715788829226e+00
3.634752786510431832e+01,7.398730224269176148e+00
3.636753358102315303e+01,7.226694781101566711e+00
3.638753929694198064e+01,7.212411261367086546e+00
3.640754501286082245e+01,7.167865716058982706e+00
3.642755072877965006e+01,8.049407020861751860e+00
3.644755644469849187e+01,7.574616529455070690e+00
3.646756216061731948e+01,7.204878189772224495e+00
3.648756787653615419e+01,8.258723446650519051e+00
3.650757359245498890e+01,8.524992327834713279e+00
3.652757930837382361e+01,8.206917963483991940e+00
3.654758502429265832e+01,8.797776029410142584e+00
3.656759074021148592e+01,9.752763534864117290e+00
3.658759645613032774e+01,9.130562426317327507e+00
3.660760217204915534e+01,9.180472938778953207e+00
3.662760788796799716e+01,9.376973293609944804e+00
3.664761360388682476e+01,9.491167442742735716e+00
3.666761931980565947e+01,1.017259388717673296e+01
3.668762503572449418e+01,1.031371297775612739e+01
3.670763075164332889e+01,1.104795931527723951e+01
3.672763646756216360e+01,1.059235185352431508e+01
3.674764218348099121e+01,1.116247271679092101e+01
3.676764789939983302e+01,1.212253068076357110e+01
3.678765361531866063e+01,1.232252749937633673e+01
3.680765933123750244e+01,1.209928833649852820e+01
3.682766504715633005e+01,1.213716713390494739e+01
3.684767076307516476e+01,1.231875648466397166e+01
3.686767647899399947e+01,1.232929291399864802e+01
3.688768219491283418e+01,1.320020479526601598e+01
3.690768791083166889e+01,1.279221984546239987e+01
3.692769362675049649e+01,1.311854842855180081e+01
3.694769934266933831e+01,1.319478711214939715e+01
3.696770505858816591e+01,1.278832341342858925e+01
3.698771077450700773e+01,1.248096807583744550e+01
3.700771649042583533e+01,1.403675930670994809e+01
3.702772220634467004e+01,1.430529408396909474e+01
3.704772792226350475e+01,1.423563875984480731e+01
3.706773363818233946e+01,1.383030811887324596e+01
3.708773935410117417e+01,1.406624753911566827e+01
3.710774507002000888e+01,1.487378962951321171e+01
3.712775078593884359e+01,1.591050519768291949e+01
3.714775650185767120e+01,1.506865366344746349e+01
3.716776221777651301e+01,1.549370157092264400e+01
3.718776793369534062e+01,1.667182813600057045e+01
3.720777364961417533e+01,1.753629785598575808e+01
3.722777936553301004e+01,1.893918690042994513e+01
3.724778508145184475e+01,1.894063355710652985e+01
3.726779079737067946e+01,2.005587236267746931e+01
3.728779651328951417e+01,2.034883614578283684e+01
3.730780222920834888e+01,2.201228082845345924e+01
3.732780794512717648e+01,2.311720525074718680e+01
3.734781366104601830e+01,2.409795423023939875e+01
3.736781937696484590e+01,2.473125241212470726e+01
3.738782509288368772e+01,2.598997546232228828e+01
3.740783080880251532e+01,2.684916599580296293e+01
3.742783652472135003e+01,2.870936848279586329e+01
3.744784224064018474e+01,3.028374414770943801e+01
3.746784795655901945e+01,3.073259192214586122e+01
3.748785367247785416e+01,3.271785040765470853e+01
3.750785938839668177e+01,3.388983919445187354e+01
3.752786510431552358e+01,3.443883439330403462e+01
3.754787082023435119e+01,3.590020043724951648e+01
3.756787653615319300e+01,3.773000603694068644e+01
3.758788225207202061e+01,3.780815043161620537e+01
3.760788796799085532e+01,3.885684818805275853e+01
3.762789368390969003e+01,3.908555373963368851e+01
3.764789939982852474e+01,3.895993339526840060e+01
3.766790511574735945e+01,3.970496456599847335e+01
3.768791083166618705e+01,3.979271989738094817e+01
3.770791654758502887e+01,3.984940044080659760e+01
3.772792226350385647e+01,4.017510973658032469e+01
3.774792797942269829e+01,3.923871671881236267e+01
3.776793369534152589e+01,3.826448903765282950e+01
3.778793941126036060e+01,3.731814863535117865e+01
3.780794512717919531e+01,3.758319801811905592e+01
3.782795084309803002e+01,3.647515251313598839e+01
3.784795655901686473e+01,3.572567414224523219e+01
3.786796227493569234e+01,3.553038562789627264e+01
3.788796799085453415e+01,3.430336454331850149e+01
3.790797370677336176e+01,3.333919213126438308e+01
3.792797942269220357e+01,3.288967842238680817e+01
3.794798513861103118e+01,3.179948729070991220e+01
3.796799085452986589e+01,3.114718053217577420e+01
3.798799657044870060e+01,3.127481026568837308e+01
3.800800228636753531e+01,3.143384632441799909e+01
3.802800800228637002e+01,3.119788327817678564e+01
3.804801371820520473e+01,3.035111216782502908e+01
3.806801943412403944e+01,3.081883409917906391e+01
3.808802515004286704e+01,3.012065101708456893e+01
3.810803086596170886e+01,3.061172914129751277e+01
3.812803658188053646e+01,2.981926257898121690e+01
3.814804229779937117e+01,3.074739144919520584e+01
3.816804801371820588e+01,2.937286540856185724e+01
3.818805372963704059e+01,3.011243974859241490e+01
3.820805944555587530e+01,2.997369461233540733e+01
3.822806516147471001e+01,2.940606811091396722e+01
3.824807087739354472e+01,2.916688935344805955e+01
3.826807659331237232e+01,2.914498545983427746e+01
3.828808230923121414e+01,2.852517363933262473e+01
3.830808802515004174e+01,2.658634853364413075e+01
3.832809374106888356e+01,2.680169454816874719e+01
3.834809945698771116e+01,2.623346518077929090e+01
3.836810517290654587e+01,2.423154843040745376e+01
3.838811088882538058e+01,2.372524468549632104e+01
3.840811660474421529e+01,2.228925207604226699e+01
3.842812232066305000e+01,2.062593083209783629e+01
3.844812803658187761e+01,1.978763124333377377e+01
3.846813375250071942e+01,1.837166242637188063e+01
3.848813946841954703e+01,1.753065920204481642e+01
3.850814518433838884e+01,1.637900277564465767e+01
3.852815090025721645e+01,1.552705282328370906e+01
3.854815661617605116e+01,1.467817144839718857e+01
3.856816233209488587e+01,1.390662432432210949e+01
3.858816804801372058e+01,1.263875891044775202e+01
3.860817376393255529e+01,1.218966949275723444e+01
3.862817947985138289e+01,1.121004154888156990e+01
3.864818519577022471e+01,9.901111417478654531e+00
3.866819091168905231e+01,1.011111671686082580e+01
3.868819662760789413e+01,1.008332102498558136e+01
3.870820234352672173e+01,8.634150958599093428e+00
3.872820805944555644e+01,9.257404339024009943e+00
3.874821377536439115e+01,8.824759032066609166e+00
3.876821949128322586e+01,7.796474254010681726e+00
3.878822520720206057e+01,8.085830894993819129e+00
3.880823092312088818e+01,7.744760175532370283e+00
3.882823663903972999e+01,6.968025374530498972e+00
3.884824235495855760e+01,6.975131450141202727e+00
3.886824807087739941e+01,7.005850952986079960e+00
3.888825378679622702e+01,5.748014351980105907e+00
3.890825950271506173e+01,6.315941119998249142e+00
3.892826521863389644e+01,6.888382594740855680e+00
3.894827093455273115e+01,5.763774104751471228e+00
3.896827665047156586e+01,5.499330325536354813e+00
3.898828236639040057e+01,6.292538235470498620e+00
3.900828808230923528e+01,5.738295507353896596e+00
3.902829379822806288e+01,5.454116373651169525e+00
3.904829951414690470e+01,4.659320002470213495e+00
3.906830523006573230e+01,4.850345070056676811e+00
3.908831094598456701e+01,5.315375744693396243e+00
3.910831666190340172e+01,5.161760839271888557e+00
3.912832237782223643e+01,5.453702808841961236e+00
3.914832809374107114e+01,5.701148308027748968e+00
3.916833380965990585e+01,5.656673399931885449e+00
3.918833952557874056e+01,5.364188110900790285e+00
3.920834524149756817e+01,5.186285298083584294e+00
3.922835095741640998e+01,5.429385331527528002e+00
3.924835667333523759e+01,4.808683551331999873e+00
3.926836238925407940e+01,4.990934147899076301e+00
3.928836810517290701e+01,5.232658595492767795e+00
3.930837382109174172e+01,5.398563546919840306e+00
3.932837953701057643e+01,4.792315318861337659e+00
3.934838525292941114e+01,4.835236957575960837e+00
3.936839096884824585e+01,4.743800835013662898e+00
3.938839668476707345e+01,4.449459671646422088e+00
3.940840240068591527e+01,4.781530119893021791e+00
3.942840811660474287e+01,4.781485231455461005e+00
3.944841383252358469e+01,5.496111176855162483e+00
3.946841954844241229e+01,4.605425731786509935e+00
3.948842526436124700e+01,4.136235908887722523e+00
3.950843098028008171e+01,4.927460991305121496e+00
3.952843669619891642e+01,4.326637350612939414e+00
3.954844241211775113e+01,4.164473349275687575e+00
3.956844812803657874e+01,4.952186873738482653e+00
3.958845384395542055e+01,4.295738635725539822e+00
3.960845955987424816e+01,4.689106918312721639e+00
3.962846527579308997e+01,4.674412440649155620e+00
3.964847099171191758e+01,5.176812757374433360e+00
3.966847670763075229e+01,5.473552940215475004e+00
3.968848242354958700e+01,4.137113361688395941e+00
3.970848813946842171e+01,4.561615816717043081e+00
3.972849385538725642e+01,4.079901987356027604e+00
3.974849957130608402e+01,4.418052525241739303e+00
3.976850528722492584e+01,4.774675922721203669e+00
3.978851100314375344e+01,4.546470549795443183e+00
3.980851671906259526e+01,4.490005027921961656e+00
3.982852243498142286e+01,4.987353851802401650e+00
3.984852815090025757e+01,4.732621676902668995e+00
3.986853386681909228e+01,5.032274774785852500e+00
3.988853958273792699e+01,4.923045053985165787e+00
3.990854529865676170e+01,5.495607959586037872e+00
3.992855101457559641e+01,5.573456393418793731e+00
3.994855673049443112e+01,5.201990121908345976e+00
3.996856244641325873e+01,5.180012249872912200e+00
3.998856816233210054e+01,5.008473991032342809e+00
4.000857387825092815e+01,6.263042835136997333e+00
4.002857959416976286e+01,5.693204688550873804e+00
4.004858531008859757e+01,6.009537491862032788e+00
4.006859102600743228e+01,6.073099802241426204e+00
4.008859674192626699e+01,5.943155563270622110e+00
4.010860245784510170e+01,5.892689945181638578e+00
4.012860817376393641e+01,5.329724248359705818e+00
4.014861388968276401e+01,5.764170473887578083e+00
4.016861960560160583e+01,5.425514511848617438e+00
4.018862532152043343e+01,5.700952083543399773e+00
4.020863103743927525e+01,5.451405391410720114e+00
4.022863675335810285e+01,5.638495994412582313e+00
4.024864246927693756e+01,5.833331624023112560e+00
4.026864818519577227e+01,5.698784239264758966e+00
4.028865390111460698e+01,4.820721586564729044e+00
4.030865961703344169e+01,5.690256417933747812e+00
4.032866533295226930e+01,5.242327137561884065e+00
4.034867104887111111e+01,5.506164595658721517e+00
4.036867676478993872e+01,5.794859239060679457e+00
4.038868248070878053e+01,5.156816226029981465e+00
4.040868819662760814e+01,5.101244173181448183e+00
4.042869391254644285e+01,5.024643726870791305e+00
4.044869962846527756e+01,5.263778306481164293e+00
4.046870534438411227e+01,4.826528743279449252e+00
4.048871106030294698e+01,5.441144908455579632e+00
4.050871677622177458e+01,4.672716209902151085e+00
4.052872249214061640e+01,5.020821672997905161e+00
4.054872820805944400e+01,4.789901242081968213e+00
4.056873392397828582e+01,4.594234811418494324e+00
4.058873963989711342e+01,4.145589273359443716e+00
4.060874535581594813e+01,5.181787346860649457e+00
4.062875107173478284e+01,5.072205888486658765e+00
4.064875678765361755e+01,5.169793381649059327e+00
4.066876250357245226e+01,4.542814847784099719e+00
4.068876821949127986e+01,4.627449937434372274e+00
4.070877393541012168e+01,4.184122713078616940e+00
4.072877965132894929e+01,4.039769832981652264e+00
4.074878536724779110e+01,5.005692388058570863e+00
4.076879108316661871e+01,3.989008431699029522e+00
4.078879679908545342e+01,4.805996933965247742e+00
4.080880251500428813e+01,4.567250080940367774e+00
4.082880823092312284e+01,5.034924317074096933e+00
4.084881394684195755e+01,4.532043264092009416e+00
4.086881966276079226e+01,4.346622430231339429e+00
4.088882537867962697e+01,5.282785336568142753e+00
4.090883109459845457e+01,5.122213548941155103e+00
4.092883681051729639e+01,4.713338297136639099e+00
4.094884252643612399e+01,5.551160519033929042e+00
4.096884824235495870e+01,5.205249902534753836e+00
4.098885395827379341e+01,5.373441122916346124e+00
4.100885967419262812e+01,4.738587129756902883e+00
4.102886539011146283e+01,4.494039432629897135e+00
4.104887110603029754e+01,5.113835991039219486e+00
4.106887682194913225e+01,4.834225639235634198e+00
4.108888253786795985e+01,5.722317019828709661e+00
4.110888825378680167e+01,5.455968111340749438e+00
4.112889396970562927e+01,5.957667662426007205e+00
4.114889968562447109e+01,4.994680864196602954e+00
4.116890540154329869e+01,5.878814061945502267e+00
4.118891111746213340e+01,6.243929192401197703e+00
4.120891683338096811e+01,5.907816632204482943e+00
4.122892254929980282e+01,5.622337253930751899e+00
4.124892826521863753e+01,6.126522910450079351e+00
4.126893398113746514e+01,6.707068125179989515e+00
4.128893969705630695e+01,5.899509702796925659e+00
4.130894541297513456e+01,6.066145531685472214e+00
4.132895112889397637e+01,6.794472288101179203e+00
4.134895684481280398e+01,6.326931886576862674e+00
4.136896256073163869e+01,6.599248430970333423e+00
4.138896827665047340e+01,7.146104404906679974e+00
4.140897399256930811e+01,7.010455644593299951e+00
4.142897970848814282e+01,6.956055427320594120e+00
4.144898542440697042e+01,8.525519154669160216e+00
4.146899114032581224e+01,9.016378865502733930e+00
4.148899685624463984e+01,8.812464286626797261e+00
4.150900257216348166e+01,9.511828248244173167e+00
4.152900828808230926e+01,9.515197543786918288e+00
4.154901400400114397e+01,1.012538358131985383e+01
4.156901971991997868e+01,1.051836973904287476e+01
4.158902543583881339e+01,1.113494356863096790e+01
4.160903115175764810e+01,1.232821750731103982e+01
4.162903686767647571e+01,1.224284688928277376e+01
4.164904258359531752e+01,1.400173043493149372e+01
4.166904829951414513e+01,1.421174153902165038e+01
4.168905401543298694e+01,1.562777520908750262e+01
4.170905973135181455e+01,1.673169286330323402e+01
4.172906544727064926e+01,1.725652371009216424e+01
4.174907116318948397e+01,1.771484813564965322e+01
4.176907687910831868e+01,2.002547049875126817e+01
4.178908259502715339e+01,2.143102345105626583e+01
4.180908831094598810e+01,2.214569625441065526e+01
4.182909402686482281e+01,2.421372376726753473e+01
4.184909974278365041e+01,2.606653634795976160e+01
4.186910545870249223e+01,2.782349793886658063e+01
4.188911117462131983e+01,2.939756589613712023e+01
4.190911689054015454e+01,3.181671477890577648e+01
4.192912260645898925e+01,3.391851461450914229e+01
4.194912832237782396e+01,3.548991733034716844e+01
4.196913403829665867e+01,3.744270909254689172e+01
4.198913975421549338e+01,3.891583722428754299e+01
4.200914547013432809e+01,4.117582015254521366e+01
4.202915118605316280e+01,4.309006576945618150e+01
4.204915690197199041e+01,4.413222642005872132e+01
4.206916261789082512e+01,4.593599244866405229e+01
4.208916833380965983e+01,4.699357301657683195e+01
4.210917404972849454e+01,4.833569779441749148e+01
4.212917976564732925e+01,4.988781062885324502e+01
4.214918548156616396e+01,4.971811299232771120e+01
4.216919119748499867e+01,5.065157147479553146e+01
4.218919691340383338e+01,5.027801592764476624e+01
4.220920262932266809e+01,5.007354198507279364e+01
4.222920834524150280e+01,5.019818211110563055e+01
4.224921406116033040e+01,4.855582403639950684e+01
4.226921977707916511e+01,4.820690734247202869e+01
4.228922549299799982e+01,4.621674308390728925e+01
4.230923120891683453e+01,4.436908251653341750e+01
4.232923692483566924e+01,4.217375878473610840e+01
4.234924264075450395e+01,3.997264290253411900e+01
4.236924835667333866e+01,3.805017296611197963e+01
4.238925407259217337e+01,3.639443120141010724e+01
4.240925978851100808e+01,3.437258069484073530e+01
4.242926550442983569e+01,3.091222335414725109e+01
4.244927122034867040e+01,2.892679702016265253e+01
4.246927693626750511e+01,2.720880000195255732e+01
4.248928265218633982e+01,2.430824364706729313e+01
4.250928836810517453e+01,2.367848900223443565e+01
4.252929408402400924e+01,2.110953746570915257e+01
4.254929979994284395e+01,2.008990612033584711e+01
4.256930551586167866e+01,1.765994244597926510e+01
4.258931123178051337e+01,1.667133810834391383e+01
4.260931694769934097e+01,1.563376640398979234e+01
4.262932266361817568e+01,1.399962676244226856e+01
4.264932837953701039e+01,1.336032762639707805e+01
4.266933409545584510e+01,1.267906435952793487e+01
4.268933981137467981e+01,1.149794809961888653e+01
4.270934552729351452e+01,1.082509412535765492e+01
4.272935124321234923e+01,9.618078821007165047e+00
4.274935695913118394e+01,9.273666996550019803e+00
4.276936267505001865e+01,9.112607047113074898e+00
4.278936839096885336e+01,8.508090624590986195e+00
4.280937410688768097e+01,9.229456638292964143e+00
4.282937982280651568e+01,7.887799709046430685e+00
4.284938553872535039e+01,8.016231330729269189e+00
4.286939125464418510e+01,7.671370997070197539e+00
4.288939697056301981e+01,7.357327651739954177e+00
4.290940268648185452e+01,6.618317103165656690e+00
4.292940840240068923e+01,7.103101602012188209e+00
4.294941411831952394e+01,7.335766076547368009e+00
4.296941983423835865e+01,6.404785628979720258e+00
4.298942555015718625e+01,6.958560364934557541e+00
4.300943126607602096e+01,5.924976158838268780e+00
4.302943698199485567e+01,6.002023114442016194e+00
4.304944269791369038e+01,6.131540789085641485e+00
4.306944841383252509e+01,6.147506329089791777e+00
4.308945412975135980e+01,5.800659567516124326e+00
4.310945984567019451e+01,6.362219570268585755e+00
4.312946556158902922e+01,5.224025726058260766e+00
4.314947127750786393e+01,5.306738008555881514e+00
4.316947699342669864e+01,4.897473433689996547e+00
4.318948270934552625e+01,5.431318431002727820e+00
4.320948842526436096e+01,4.952751932019948455e+00
4.322949414118319567e+01,5.040242333231933713e+00
4.324949985710203038e+01,5.146871922937997113e+00
4.326950557302086509e+01,4.564920884127485756e+00
4.328951128893969980e+01,5.247877618010364564e+00
4.330951700485853451e+01,4.196242584950168109e+00
4.332952272077736922e+01,4.823587179348380438e+00
4.334952843669620393e+01,5.049805694438943782e+00
4.336953415261503153e+01,4.210435777611798436e+00
4.338953986853386624e+01,4.949421009047390463e+00
4.340954558445270095e+01,4.746343509539049599e+00
4.342955130037153566e+01,5.125024768740402692e+00
4.344955701629037037e+01,4.205762989679745267e+00
4.346956273220920508e+01,4.920784214349291474e+00
4.348956844812803979e+01,4.225497288369066240e+00
4.350957416404687450e+01,4.129201410578570375e+00
4.352957987996570921e+01,5.173210420755078864e+00
4.354958559588453681e+01,4.247708908943377715e+00
4.356959131180337153e+01,5.106684954194864901e+00
4.358959702772220624e+01,4.344481549627903227e+00
4.360960274364104095e+01,4.976730630728197546e+00
4.362960845955987566e+01,4.629389024254984442e+00
4.364961417547871037e+01,4.727346956041487580e+00
4.366961989139754508e+01,4.184494915627501754e+00
4.368962560731637979e+01,4.370273492485423183e+00
4.370963132323521450e+01,4.247821303642481894e+00
4.372963703915404921e+01,4.289581398239132426e+00
4.374964275507287681e+01,4.585921730545059027e+00
4.376964847099171152e+01,4.691768079002263114e+00
4.378965418691054623e+01,4.725373692885526111e+00
4.380965990282938094e+01,4.286777826667020008e+00
4.382966561874821565e+01,4.640602635750237681e+00
4.384967133466705036e+01,4.070785727996795167e+00
4.386967705058588507e+01,3.922916695673798859e+00
4.388968276650471978e+01,4.211822799981074006e+00
4.390968848242355449e+01,5.095090349832760879e+00
4.392969419834238209e+01,4.821410247726118925e+00
4.394969991426121680e+01,4.404323678726527191e+00
4.396970563018005151e+01,4.690635093681002843e+00
4.398971134609888622e+01,3.717161989304580860e+00
4.400971706201772093e+01,4.722493909399599232e+00
4.402972277793655564e+01,5.256910945410356639e+00
4.404972849385539035e+01,4.924058247435284308e+00
4.406973420977422506e+01,4.319799208056575246e+00
4.408973992569305977e+01,5.396337691683007698e+00
4.410974564161189448e+01,4.434465959770909294e+00
4.412975135753072209e+01,5.176910685844069882e+00
4.414975707344955680e+01,5.120556340705135767e+00
4.416976278936839151e+01,4.936710917901750761e+00
4.418976850528722622e+01,4.592735559838082793e+00
4.420977422120606093e+01,5.426243153285801313e+00
4.422977993712489564e+01,4.929241569114351407e+00
4.424978565304373035e+01,5.061797551815196528e+00
4.426979136896256506e+01,5.833807830566651198e+00
4.428979708488139977e+01,5.377470215994894609e+00
4.430980280080022737e+01,5.840784561078887549e+00
4.432980851671906208e+01,5.949258313879361104e+00
4.434981423263789679e+01,5.678002136562644964e+00
4.436981994855673150e+01,5.382523600842450406e+00
4.438982566447556621e+01,5.097780363509876622e+00
4.440983138039440092e+01,4.931218034498714431e+00
4.442983709631323563e+01,5.630231589646760959e+00
4.444984281223207034e+01,5.281711473499371756e+00
4.446984852815090505e+01,4.816689851354312601e+00
4.448985424406973266e+01,5.639643528439256315e+00
4.450985995998856737e+01,5.536841913169043394e+00
4.452986567590740208e+01,5.166803624466587586e+00
4.454987139182623679e+01,5.353454187779588480e+00
4.456987710774507150e+01,4.808921087279819595e+00
4.458988282366390621e+01,5.700532082898864594e+00
4.460988853958274092e+01,5.289987364511842927e+00
4.462989425550157563e+01,5.779776577425162820e+00
4.464989997142041034e+01,4.617783677250468344e+00
4.466990568733924505e+01,4.875377800933037520e+00
4.468991140325807265e+01,5.469005690935164310e+00
4.470991711917690736e+01,4.841146881239077437e+00
4.472992283509574207e+01,4.616895389070004185e+00
4.474992855101457678e+01,4.653076542181295849e+00
4.476993426693341149e+01,4.066228938658717595e+00
4.478993998285224620e+01,3.990152227004050367e+00
4.480994569877108091e+01,4.322054218326469410e+00
4.482995141468991562e+01,4.430031599111504015e+00
4.484995713060875033e+01,4.645253073694126655e+00
4.486996284652757794e+01,4.466752675036827824e+00
4.488996856244641265e+01,4.451119001313742274e+00
4.490997427836524736e+01,4.135268655857418096e+00
4.492997999428408207e+01,4.392420863963271138e+00
4.494998571020291678e+01,4.539612983372617094e+00
4.496999142612175149e+01,4.125506102014382392e+00
4.498999714204058620e+01,4.491059673441814226e+00
4.501000285795942091e+01,3.999678321749387866e+00
4.503000857387825562e+01,3.473265082028413442e+00
4.505001428979709033e+01,4.236035900781392805e+00
4.507002000571591793e+01,3.269427393436708407e+00
4.509002572163475264e+01,3.961420109820779523e+00
4.511003143755358735e+01,3.873313406225629585e+00
4.513003715347242206e+01,3.591926809971043077e+00
4.515004286939125677e+01,4.504708378229278942e+00
4.517004858531009148e+01,4.214909768844622207e+00
4.519005430122892619e+01,4.327103149525816761e+00
4.521006001714776090e+01,3.520783597746538263e+00
4.523006573306659561e+01,4.540341051250683435e+00
4.525007144898542322e+01,3.994346138194868168e+00
4.527007716490425793e+01,4.531785428402754334e+00
4.529008288082309264e+01,4.056381062450866715e+00
4.531008859674192735e+01,4.275610317541775451e+00
4.533009431266076206e+01,3.826459638497029747e+00
4.535010002857959677e+01,4.354408633658080952e+00
4.537010574449843148e+01,4.004211819411202633e+00
4.539011146041726619e+01,3.871819652643388565e+00
4.541011717633610090e+01,4.376140723914776487e+00
4.543012289225492850e+01,3.562600270124203661e+00
4.545012860817376321e+01,3.811268635190675269e+00
4.547013432409259792e+01,4.053679760305737290e+00
4.549014004001143263e+01,4.180067400404259281e+00
4.551014575593026734e+01,3.666455741961110792e+00
4.553015147184910205e+01,4.215238259824799272e+00
4.555015718776793676e+01,3.782102117235598637e+00
4.557016290368677147e+01,4.140479020335542160e+00
4.559016861960560618e+01,4.093556897610604040e+00
4.561017433552444089e+01,4.103422578429278822e+00
4.563018005144326850e+01,3.920687085139292094e+00
4.565018576736210321e+01,3.464844819816618848e+00
4.567019148328093792e+01,3.682318569395702568e+00
4.569019719919977263e+01,4.131208683332183718e+00
4.571020291511860734e+01,4.407564560552229338e+00
4.573020863103744205e+01,4.389368602754804449e+00
4.575021434695627676e+01,3.822736269229760175e+00
4.577022006287511147e+01,3.913739768096176519e+00
4.579022577879394618e+01,3.996135945485253416e+00
4.581023149471277378e+01,3.694981935507223092e+00
4.583023721063160849e+01,4.720656586250522757e+00
4.585024292655044320e+01,3.296250663743323539e+00
4.587024864246927791e+01,4.092881462287268235e+00
4.589025435838811262e+01,4.415873008295740476e+00
4.591026007430694733e+01,3.766402719255676601e+00
4.593026579022578204e+01,4.039977424363163649e+00
4.595027150614461675e+01,3.646698790123730660e+00
4.597027722206345146e+01,4.212710603933952136e+00
4.599028293798228617e+01,3.873566317787035196e+00
4.601028865390111378e+01,3.418357166467164809e+00
4.603029436981994849e+01,4.422361539017215293e+00
4.605030008573878320e+01,4.499769590665207986e+00
4.607030580165761791e+01,4.023664090293085138e+00
4.609031151757645262e+01,3.374595673495264236e+00
4.611031723349528733e+01,3.567107824336662070e+00
4.613032294941412204e+01,4.152157021119460723e+00
4.615032866533295675e+01,4.145864143823850156e+00
4.617033438125179146e+01,3.848315585921969983e+00
4.619034009717061906e+01,3.777598550509872144e+00
4.621034581308945377e+01,4.363135954921010473e+00
4.623035152900828848e+01,3.943755852159172459e+00
4.625035724492712319e+01,4.519064435679151615e+00
4.627036296084595790e+01,4.756069797068938954e+00
4.629036867676479261e+01,4.934444346797293157e+00
4.631037439268362732e+01,4.527196346703000529e+00
4.633038010860246203e+01,4.217850992009249289e+00
4.635038582452129674e+01,5.097613616168090722e+00
4.637039154044012434e+01,4.735582593719194655e+00
4.639039725635895905e+01,4.592484911791149926e+00
4.641040297227779376e+01,4.830999941202989589e+00
4.643040868819662847e+01,4.946948915776257394e+00
4.645041440411546319e+01,4.677164832093619218e+00
4.647042012003429790e+01,5.902593082274703029e+00
4.649042583595313261e+01,6.123198248206021432e+00
4.651043155187196732e+01,5.635507411560260138e+00
4.653043726779080203e+01,6.923847448707548757e+00
4.655044298370963674e+01,6.738004217442227883e+00
4.657044869962846434e+01,7.436613392866288308e+00
4.659045441554729905e+01,8.060885084952108315e+00
4.661046013146613376e+01,8.702927843404344443e+00
4.663046584738496847e+01,9.598237429859384662e+00
4.665047156330380318e+01,1.046703208576453648e+01
4.667047727922263789e+01,1.164845912177998954e+01
4.669048299514147260e+01,1.233700146902209838e+01
4.671048871106030731e+01,1.400149550813718236e+01
4.673049442697914202e+01,1.497837727275044628e+01
4.675050014289796962e+01,1.653851292189989053e+01
4.677050585881680433e+01,1.695775560710331575e+01
4.679051157473563904e+01,1.865268752823225640e+01
4.681051729065447375e+01,2.042718773878318927e+01
4.683052300657330846e+01,2.171904866070590501e+01
4.685052872249214317e+01,2.333477176123095376e+01
4.687053443841097788e+01,2.564312128822363590e+01
4.689054015432981259e+01,2.705968634144193885e+01
4.691054587024864730e+01,2.873213162272528720e+01
4.693055158616748201e+01,2.911720176606180388e+01
4.695055730208630962e+01,2.986133885763933549e+01
4.697056301800514433e+01,3.078633346729857223e+01
4.699056873392397904e+01,3.170108214653436463e+01
4.701057444984281375e+01,3.050689618889968813e+01
4.703058016576164846e+01,3.023612301233926303e+01
4.705058588168048317e+01,2.997798051975223643e+01
4.707059159759931788e+01,2.939031470422203896e+01
4.709059731351815259e+01,2.755520292602659893e+01
4.711060302943698730e+01,2.553754118260438588e+01
4.713060874535581490e+01,2.423206562648832474e+01
4.715061446127464961e+01,2.242444949092399398e+01
4.717062017719348432e+01,1.983685355327640920e+01
4.719062589311231903e+01,1.849927569802163418e+01
4.721063160903115374e+01,1.578787534359754119e+01
4.723063732494998845e+01,1.567398726873740245e+01
4.725064304086882316e+01,1.293539301804865005e+01
4.727064875678765787e+01,1.190333359834175297e+01
4.729065447270649258e+01,1.112478900887647804e+01
4.731066018862532019e+01,1.014434972781142363e+01
4.733066590454415490e+01,9.711048334639924562e+00
4.735067162046298961e+01,8.626457894403330329e+00
4.737067733638182432e+01,8.175727613851403675e+00
4.739068305230065903e+01,7.190292744840413697e+00
4.741068876821949374e+01,8.047188375252797954e+00
4.743069448413832845e+01,7.578985639149619757e+00
4.745070020005716316e+01,7.201624755588213134e+00
4.747070591597599787e+01,7.188739430405986397e+00
4.749071163189483258e+01,6.717587841104145419e+00
4.751071734781366018e+01,7.184212224470177155e+00
4.753072306373249489e+01,7.589001576145015804e+00
4.755072877965132960e+01,8.590404665158493103e+00
4.757073449557016431e+01,8.640886229831490795e+00
4.759074021148899902e+01,8.321955601603285402e+00
4.761074592740783373e+01,7.960359172071416189e+00
4.763075164332666844e+01,8.962339717991172350e+00
4.765075735924550315e+01,9.619782569487592028e+00
4.767076307516433786e+01,9.742812756491247228e+00
4.769076879108316547e+01,1.061956136479610535e+01
4.771077450700200018e+01,1.043524754912009911e+01
4.773078022292083489e+01,1.212291060589123148e+01
4.775078593883966960e+01,1.237732074335496968e+01
4.777079165475850431e+01,1.312184971234694508e+01
4.779079737067733902e+01,1.374917796316529284e+01
4.781080308659617373e+01,1.499483667626242323e+01
4.783080880251500844e+01,1.659991319417594724e+01
4.785081451843384315e+01,1.665775214251153713e+01
4.787082023435267075e+01,1.812172216917904422e+01
4.789082595027150546e+01,1.994304020550082157e+01
4.791083166619034017e+01,2.021935325804289008e+01
4.793083738210917488e+01,2.240698040344726394e+01
4.795084309802800959e+01,2.349600735544427366e+01
4.797084881394684430e+01,2.463089052758576614e+01
4.799085452986567901e+01,2.566757924041491634e+01
4.801086024578451372e+01,2.628567720798720941e+01
4.803086596170334843e+01,2.709553841272380481e+01
4.805087167762218314e+01,2.913911159670784912e+01
4.807087739354101075e+01,2.993620632570449303e+01
4.809088310945984546e+01,3.130846261583043244e+01
4.811088882537868017e+01,3.137434566729882235e+01
4.813089454129751488e+01,3.143482209153584961e+01
4.815090025721634959e+01,3.187952772657234490e+01
4.817090597313518430e+01,3.249088380773644502e+01
4.819091168905401901e+01,3.151493093613253293e+01
4.821091740497285372e+01,3.221561285070936265e+01
4.823092312089168843e+01,3.116149095727375240e+01
4.825092883681051603e+01,3.078015885432520093e+01
4.827093455272935074e+01,2.989523645825206444e+01
4.829094026864818545e+01,2.846030720089913757e+01
4.831094598456702016e+01,2.786981467062691209e+01
4.833095170048585487e+01,2.607870765600521068e+01
4.835095741640468958e+01,2.568250017271377672e+01
4.837096313232352429e+01,2.361775926223002742e+01
4.839096884824235900e+01,2.208669266724708180e+01
4.841097456416119371e+01,2.072527541866242728e+01
4.843098028008002842e+01,1.959261224938811452e+01
4.845098599599885603e+01,1.840435765481457508e+01
4.847099171191769074e+01,1.652021046875421817e+01
4.849099742783652545e+01,1.592660516408716198e+01
4.851100314375536016e+01,1.499997370675610497e+01
4.853100885967419487e+01,1.283332140506832530e+01
4.855101457559302958e+01,1.254702042807431184e+01
4.857102029151186429e+01,1.137673774969560370e+01
4.859102600743069900e+01,1.118018930895374474e+01
4.861103172334953371e+01,1.038922190471753915e+01
4.863103743926836131e+01,9.635140978441681270e+00
4.865104315518719602e+01,9.617969472097064099e+00
4.867104887110603073e+01,8.901761376548195770e+00
4.869105458702486544e+01,7.827594855542995056e+00
4.871106030294370015e+01,7.946254584919897113e+00
4.873106601886253486e+01,7.189405206577665908e+00
4.875107173478136957e+01,7.241188935721567077e+00
4.877107745070020428e+01,7.016170325447875555e+00
4.879108316661903899e+01,6.212605250687126102e+00
4.881108888253786660e+01,6.837461718633950802e+00
4.883109459845670131e+01,6.161097566580857610e+00
4.885110031437553602e+01,5.826276629003467100e+00
4.887110603029437073e+01,6.024006006515640443e+00
4.889111174621320544e+01,5.656648807225851172e+00
4.891111746213204015e+01,5.858461116921446887e+00
4.893112317805087486e+01,5.022185708624308909e+00
4.895112889396970957e+01,4.922855691955717816e+00
4.897113460988854428e+01,5.843572799759759739e+00
4.899114032580737899e+01,5.605187838617798235e+00
4.901114604172620659e+01,5.966427557440606932e+00
4.903115175764504130e+01,5.863102197908226287e+00
4.905115747356387601e+01,4.943921992786707520e+00
4.907116318948271072e+01,5.079195699029297018e+00
4.909116890540154543e+01,5.831694146696934311e+00
4.911117462132038014e+01,5.099479261845187850e+00
4.913118033723921485e+01,4.802681675131177386e+00
4.915118605315804956e+01,5.519590660292860385e+00
4.917119176907688427e+01,5.119036864912580143e+00
4.919119748499571187e+01,5.074414347938656533e+00
4.921120320091454658e+01,5.596117622634475985e+00
4.923120891683338129e+01,5.564222789148501214e+00
4.925121463275221600e+01,5.288050609784055389e+00
4.927122034867105071e+01,5.274064075977580757e+00
4.929122606458988542e+01,4.711365360164477600e+00
4.931123178050872014e+01,4.571483729512331173e+00
4.933123749642755485e+01,5.181328238520372054e+00
4.935124321234638956e+01,5.243413839983104729e+00
4.937124892826522427e+01,5.937132441583010234e+00
4.939125464418405187e+01,5.938330795160961628e+00
4.941126036010288658e+01,5.705344498070626713e+00
4.943126607602172129e+01,5.948045148189335052e+00
4.945127179194055600e+01,4.982807489831124315e+00
4.947127750785939071e+01,5.163831498917091700e+00
4.949128322377822542e+01,5.322381876284910440e+00
4.951128893969706013e+01,4.845185734943846967e+00
4.953129465561589484e+01,5.497093033181623234e+00
4.955130037153472955e+01,5.394658772089877985e+00
4.957130608745355715e+01,4.969561385906157369e+00
4.959131180337239186e+01,4.696056628716260839e+00
4.961131751929122657e+01,5.155657281779619794e+00
4.963132323521006128e+01,4.631582642302030983e+00
4.965132895112889599e+01,5.354937562649235261e+00
4.967133466704773070e+01,4.206321308014704385e+00
4.969134038296656541e+01,4.242872746879788437e+00
4.971134609888540012e+01,4.243808759540908859e+00
4.973135181480423483e+01,4.016288547010266718e+00
4.975135753072306244e+01,4.711662764722591490e+00
4.977136324664189715e+01,4.263929509306738197e+00
4.979136896256073186e+01,4.139703527413192141e+00
4.981137467847956657e+01,4.924523852537550539e+00
4.983138039439840128e+01,4.231884511092673939e+00
4.985138611031723599e+01,3.803088247935450639e+00
4.987139182623607070e+01,3.867154331188637606e+00
4.989139754215490541e+01,4.144408485309893919e+00
4.991140325807374012e+01,3.836908247024534369e+00
4.993140897399257483e+01,4.191580748490282282e+00
4.995141468991140243e+01,4.136855866690376970e+00
4.997142040583023714e+01,4.511177676600112818e+00
4.999142612174907185e+01,4.822845971629472928e+00
5.001143183766790656e+01,4.128823623504544571e+00
5.003143755358674127e+01,4.701891178079892875e+00
5.005144326950557598e+01,3.924076715350714561e+00
5.007144898542441069e+01,4.130960865571523755e+00
5.009145470134324540e+01,4.517277822432758327e+00
5.011146041726208011e+01,4.525079657974493408e+00
5.013146613318090772e+01,4.392382890550069696e+00
5.015147184909974243e+01,4.388483202389157789e+00
5.017147756501857714e+01,3.947109179621234532e+00
5.019148328093741185e+01,4.297626838696696261e+00
5.021148899685624656e+01,3.728436387141899733e+00
5.023149471277508127e+01,4.215866927547471832e+00
5.025150042869391598e+01,4.508328708163509724e+00
5.027150614461275069e+01,4.675222341380711022e+00
5.029151186053158540e+01,3.566325117468439831e+00
5.031151757645042011e+01,4.383357830250148801e+00
5.033152329236924771e+01,4.126117265400285561e+00
5.035152900828808242e+01,4.016176907800115714e+00
5.037153472420691713e+01,4.624259477371603921e+00
5.039154044012575184e+01,5.010276788289095506e+00
5.041154615604458655e+01,4.976130366960642704e+00
5.043155187196342126e+01,3.948886414060315708e+00
5.045155758788225597e+01,4.421185624437452333e+00
5.047156330380109068e+01,3.958151972143266306e+00
5.049156901971992539e+01,5.041694108227859239e+00
5.051157473563875300e+01,4.352180076435093525e+00
5.053158045155758771e+01,4.792317846476987775e+00
5.055158616747642242e+01,4.427382304022470016e+00
5.057159188339525713e+01,4.860201546607213707e+00
5.059159759931409184e+01,4.691173485583057357e+00
5.061160331523292655e+01,4.555556760891670720e+00
5.063160903115176126e+01,3.502612931747643099e+00
5.065161474707059597e+01,4.102825473473881601e+00
5.067162046298943068e+01,4.402202024599550789e+00
5.069162617890825828e+01,3.923962659930380070e+00
5.071163189482709299e+01,4.670245421736947122e+00
5.073163761074592770e+01,4.343107932665374094e+00
5.075164332666476241e+01,4.053178460617344214e+00
5.077164904258359712e+01,4.213739541553342072e+00
5.079165475850243183e+01,4.251254450729379464e+00
5.081166047442126654e+01,4.093342097174152094e+00
5.083166619034010125e+01,3.942608719161508901e+00
5.085167190625893596e+01,4.504410778991873698e+00
5.087167762217777067e+01,4.126398030206260614e+00
5.089168333809659828e+01,4.103665236890801538e+00
5.091168905401543299e+01,4.307739893041685697e+00
5.093169476993426770e+01,3.345657478759632486e+00
5.095170048585310241e+01,3.711957084656017702e+00
5.097170620177193712e+01,4.030081086320827843e+00
5.099171191769077183e+01,3.632593266945833843e+00
5.101171763360960654e+01,3.129342747955341952e+00
5.103172334952844125e+01,3.161223826723561725e+00
5.105172906544727596e+01,4.130052134459733182e+00
5.107173478136610356e+01,3.526668281573565267e+00
5.109174049728493827e+01,3.470242752628525107e+00
5.111174621320377298e+01,3.956366939421530393e+00
5.113175192912260769e+01,3.990422334794194725e+00
5.115175764504144240e+01,4.588725285984672553e+00
5.117176336096027711e+01,3.607088955740894498e+00
5.119176907687911182e+01,3.747817047308709348e+00
5.121177479279794653e+01,3.776178715850123435e+00
5.123178050871678124e+01,3.629285043341322847e+00
5.125178622463561595e+01,3.043012981623626878e+00
5.127179194055444356e+01,3.889725045308923157e+00
5.129179765647327827e+01,3.461953620192311565e+00
5.131180337239211298e+01,3.129728140248689172e+00
5.133180908831094769e+01,2.978392051938759000e+00
5.135181480422978240e+01,2.784329744393411410e+00
5.137182052014861711e+01,3.477151043756458559e+00
5.139182623606745182e+01,3.301231839646716182e+00
5.141183195198628653e+01,4.107633723531659342e+00
5.143183766790512124e+01,3.805670990367531648e+00
5.145184338382394884e+01,3.375213832920984203e+00
5.147184909974278355e+01,4.075381128111216000e+00
5.149185481566161826e+01,4.065787417765254652e+00
5.151186053158045297e+01,3.675607332283769679e+00
5.153186624749928768e+01,4.067475957068113601e+00
5.155187196341812239e+01,3.828481385102047163e+00
5.157187767933695710e+01,3.887153355010432687e+00
5.159188339525579181e+01,4.262007792671398398e+00
5.161188911117462652e+01,3.571103433228382862e+00
5.163189482709345413e+01,3.896417526869441428e+00
5.165190054301228884e+01,3.463409710914718609e+00
5.167190625893112355e+01,4.366558542799547027e+00
5.169191197484995826e+01,3.772185560308511931e+00
5.171191769076879297e+01,4.156856551098232266e+00
5.173192340668762768e+01,3.523530126282083952e+00
5.175192912260646239e+01,3.517392637822325252e+00
5.177193483852529710e+01,4.023600895754170459e+00
5.179194055444413181e+01,3.272781022507708304e+00
5.181194627036296652e+01,4.421912886629645989e+00
5.183195198628179412e+01,3.708921639349988197e+00
5.185195770220062883e+01,4.388506883519559310e+00
5.187196341811946354e+01,4.407293234294733075e+00
5.189196913403829825e+01,2.816701060994414973e+00
5.191197484995713296e+01,4.197201317935324028e+00
5.193198056587596767e+01,3.966057033415181010e+00
5.195198628179480238e+01,3.739043910796638670e+00
5.197199199771363709e+01,3.884367151150894149e+00
5.199199771363247180e+01,3.221946030928391824e+00
5.201200342955129940e+01,4.051772555249275598e+00
5.203200914547013411e+01,3.893035360168069392e+00
5.205201486138896882e+01,3.668258281080162497e+00
5.207202057730780353e+01,3.122270195071371823e+00
5.209202629322663824e+01,4.051338500956549460e+00
5.211203200914547295e+01,3.389876345569163174e+00
5.213203772506430766e+01,3.416163043910378505e+00
5.215204344098314237e+01,4.528163854756129147e+00
5.217204915690197708e+01,3.922606536797569099e+00
5.219205487282081180e+01,3.697406130473174457e+00
5.221206058873963940e+01,3.554251536027003056e+00
5.223206630465847411e+01,4.258762891715283772e+00
5.225207202057730882e+01,3.372032376072663151e+00
5.227207773649614353e+01,3.869761908395891403e+00
5.229208345241497824e+01,4.016222669809278223e+00
5.231208916833381295e+01,3.410691601449923116e+00
5.233209488425264766e+01,4.068834319919099940e+00
5.235210060017148237e+01,4.009201499629453380e+00
5.237210631609031708e+01,4.106163742446238274e+00
5.239211203200914468e+01,3.550776770433892615e+00
5.241211774792797939e+01,4.119904292513305144e+00
5.243212346384681410e+01,2.889088917102460297e+00
5.245212917976564881e+01,3.588052738615650661e+00
5.247213489568448352e+01,3.191623062369360220e+00
5.249214061160331823e+01,3.680479457749997962e+00
5.251214632752215294e+01,3.739574025953650516e+00
5.253215204344098765e+01,3.080700599003562967e+00
5.255215775935982236e+01,3.374957519629834479e+00
5.257216347527864997e+01,4.212665701735926582e+00
5.259216919119748468e+01,3.856849355818965819e+00
5.261217490711631939e+01,3.424438505871964633e+00
5.263218062303515410e+01,4.091989362185894485e+00
5.265218633895398881e+01,3.530907293694984794e+00
5.267219205487282352e+01,3.049551734101478395e+00
5.269219777079165823e+01,3.572485011891379347e+00
5.271220348671049294e+01,3.824334842799951506e+00
5.273220920262932765e+01,3.392561556117120958e+00
5.275221491854816236e+01,3.842459394453493271e+00
5.277222063446698996e+01,3.138976477976257229e+00
5.279222635038582467e+01,4.304940226365557621e+00
5.281223206630465938e+01,3.838665754585182111e+00
5.283223778222349409e+01,4.247631283322193418e+00
5.285224349814232880e+01,4.736035764265194459e+00
5.287224921406116351e+01,3.664685297114297580e+00
5.289225492997999822e+01,4.439965725302592148e+00
5.291226064589883293e+01,4.172890557258507549e+00
5.293226636181766764e+01,4.694585537565305167e+00
5.295227207773649525e+01,4.628091153096720589e+00
5.297227779365532996e+01,4.109574154495072129e+00
5.299228350957416467e+01,3.840198012237993730e+00
5.301228922549299938e+01,4.848122322200945966e+00
5.303229494141183409e+01,3.966858745648554674e+00
5.305230065733066880e+01,4.599321596093307818e+00
5.307230637324950351e+01,4.333695315713998575e+00
5.309231208916833822e+01,4.228428186679635381e+00
5.311231780508717293e+01,3.893913283118176860e+00
5.313232352100600764e+01,3.731107234016146634e+00
5.315232923692483524e+01,4.940218531437963634e+00
5.317233495284366995e+01,4.956342629505282815e+00
5.319234066876250466e+01,3.848707754182397522e+00
5.321234638468133937e+01,4.803092653721638072e+00
5.323235210060017408e+01,4.627074408472611644e+00
5.325235781651900879e+01,4.872989088097720689e+00
5.327236353243784350e+01,5.075211222078257478e+00
5.329236924835667821e+01,4.995421511580898866e+00
5.331237496427551292e+01,4.911086923634019108e+00
5.333238068019434053e+01,4.990119933195321877e+00
5.335238639611317524e+01,6.101756612017276815e+00
5.337239211203200995e+01,5.582520083811822076e+00
5.339239782795084466e+01,6.403849026670508593e+00
5.341240354386967937e+01,5.682457186763907764e+00
5.343240925978851408e+01,5.884558375493170068e+00
5.345241497570734879e+01,6.160980403106585790e+00
5.347242069162618350e+01,6.444436143040054077e+00
5.349242640754501821e+01,6.906334078638131757e+00
5.351243212346384581e+01,7.311226539654176015e+00
5.353243783938268052e+01,6.446269932494267607e+00
5.355244355530151523e+01,7.224394671723930017e+00
5.357244927122034994e+01,7.642002059673900227e+00
5.359245498713918465e+01,8.246947450158348403e+00
5.361246070305801936e+01,7.907471300154569782e+00
5.363246641897685407e+01,9.134495133881115336e+00
5.365247213489568878e+01,8.910529660613759617e+00
5.367247785081452349e+01,9.447835680368804390e+00
5.369248356673335820e+01,1.040142508062713134e+01
5.371248928265218581e+01,9.856739741247313447e+00
5.373249499857102052e+01,1.096231863344971025e+01
5.375250071448985523e+01,1.029114363538950094e+01
5.377250643040868994e+01,1.054484309264369557e+01
5.379251214632752465e+01,1.077074798300156999e+01
5.381251786224635936e+01,1.042386203333047590e+01
5.383252357816519407e+01,1.168533756788098188e+01
5.385252929408402878e+01,1.102299334555899968e+01
5.387253501000286349e+01,1.084476589508520838e+01
5.389254072592169109e+01,1.080022933126380380e+01
5.391254644184052580e+01,1.111652331946251770e+01
5.393255215775936051e+01,1.053373648420851616e+01
5.395255787367819522e+01,1.059511196469269656e+01
5.397256358959702993e+01,1.046599606611160915e+01
5.399256930551586464e+01,9.874462314178661160e+00
5.401257502143469935e+01,9.472194648697760400e+00
5.403258073735353406e+01,8.867992842286414046e+00
5.405258645327236877e+01,9.077556023300802579e+00
5.407259216919120348e+01,8.857590021518904067e+00
5.409259788511003109e+01,8.315332094813937758e+00
5.411260360102886580e+01,8.867008157910749588e+00
5.413260931694770051e+01,8.035646304091342174e+00
5.415261503286653522e+01,8.116581585265111087e+00
5.417262074878536993e+01,7.267605093988216858e+00
5.419262646470420464e+01,7.535910556058256660e+00
5.421263218062303935e+01,7.347679076219177041e+00
5.423263789654187406e+01,7.401338398441787092e+00
5.425264361246070877e+01,6.415943848302553931e+00
5.427264932837953637e+01,7.847878533830439984e+00
5.429265504429837108e+01,6.843681301077594981e+00
5.431266076021720579e+01,7.483954319757921247e+00
5.433266647613604050e+01,7.341096162669801473e+00
5.435267219205487521e+01,7.249620197632902219e+00
5.437267790797370992e+01,6.605459999137583083e+00
5.439268362389254463e+01,7.615376610690626435e+00
5.441268933981137934e+01,7.417478955488591374e+00
5.443269505573021405e+01,7.586094004127088120e+00
5.445270077164904166e+01,6.704900093828263685e+00
5.447270648756787637e+01,7.730681678494819131e+00
5.449271220348671108e+01,6.797651689015530074e+00
5.451271791940554579e+01,7.367664760681501335e+00
5.453272363532438050e+01,7.422526541693316382e+00
5.455272935124321521e+01,7.161739349539681498e+00
5.457273506716204992e+01,6.139239934947645416e+00
5.459274078308088463e+01,7.177101795695659980e+00
5.461274649899971934e+01,6.172761349348568238e+00
5.463275221491855405e+01,5.963835020904534545e+00
5.465275793083738165e+01,6.133453919860167858e+00
5.467276364675621636e+01,5.948754737299539741e+00
5.469276936267505107e+01,6.340750814921287670e+00
5.471277507859388578e+01,6.403600440799721127e+00
5.473278079451272049e+01,5.761066436225849685e+00
5.475278651043155520e+01,5.957774402472000297e+00
5.477279222635038991e+01,5.813457231347487486e+00
5.479279794226922462e+01,5.918258176005149807e+00
5.481280365818805933e+01,6.227908543875177116e+00
5.483280937410688693e+01,6.045479672493601520e+00
5.485281509002572164e+01,4.838533910857008458e+00
5.487282080594455635e+01,5.440819650177670219e+00
5.489282652186339106e+01,5.781794053246230192e+00
5.491283223778222577e+01,5.378069265205231986e+00
5.493283795370106048e+01,6.272930848215663602e+00
5.495284366961989519e+01,5.826799627492746048e+00
5.497284938553872990e+01,5.983691380938774174e+00
5.499285510145756461e+01,5.916783078717099187e+00
5.501286081737639222e+01,5.331701555654166924e+00
5.503286653329522693e+01,5.782561772688452173e+00
5.505287224921406164e+01,5.411829756708780081e+00
5.507287796513289635e+01,5.766427678001249113e+00
5.509288368105173106e+01,6.856317227265400938e+00
5.511288939697056577e+01,6.804939599467217271e+00
5.513289511288940048e+01,5.923524215544768268e+00
5.515290082880823519e+01,6.579259336474279962e+00
5.517290654472706990e+01,6.514284880075974726e+00
5.519291226064590461e+01,6.455328334087266029e+00
5.521291797656473221e+01,7.853826679934694965e+00
5.523292369248356692e+01,7.964000528862230865e+00
5.525292940840240163e+01,8.773649532046281507e+00
5.527293512432123634e+01,8.549274821855412654e+00
5.529294084024007105e+01,9.493422652492126801e+00
5.531294655615890576e+01,1.009289823472894909e+01
5.533295227207774047e+01,1.078844792935541719e+01
5.535295798799657518e+01,1.109284142207194712e+01
5.537296370391540989e+01,1.186838811604723709e+01
5.539296941983423750e+01,1.351196332453375071e+01
5.541297513575307221e+01,1.457919744400863316e+01
5.543298085167190692e+01,1.638138947833959236e+01
5.545298656759074163e+01,1.658584091508277680e+01
5.547299228350957634e+01,1.946969639173425293e+01
5.549299799942841105e+01,2.046478264200288066e+01
5.551300371534724576e+01,2.251650023777552434e+01
5.553300943126608047e+01,2.575270370471410786e+01
5.555301514718491518e+01,2.774837516900918644e+01
5.557302086310374989e+01,2.985333667226000998e+01
5.559302657902257749e+01,3.255978169487767815e+01
5.561303229494141220e+01,3.575576342965014476e+01
5.563303801086024691e+01,3.838075155584402864e+01
5.565304372677908162e+01,4.078970833563467124e+01
5.567304944269791633e+01,4.340042729815996836e+01
5.569305515861675104e+01,4.530774836907066572e+01
5.571306087453558575e+01,4.765622057467818706e+01
5.573306659045442046e+01,4.939854443770772718e+01
5.575307230637325517e+01,4.999924176357153272e+01
5.577307802229208278e+01,5.049408548557447318e+01
5.579308373821091749e+01,4.991046732342093151e+01
5.581308945412975220e+01,4.978169904153723735e+01
5.583309517004858691e+01,4.783235752063392709e+01
5.585310088596742162e+01,4.623646277158664475e+01
5.587310660188625633e+01,4.429500142452944544e+01
5.589311231780509104e+01,4.133285087592644658e+01
5.591311803372392575e+01,3.836425798969384005e+01
5.593312374964276046e+01,3.560282040525869718e+01
5.595312946556158806e+01,3.274259945886547030e+01
5.597313518148042277e+01,2.964673840844779207e+01
5.599314089739925748e+01,2.693213160228180669e+01
5.601314661331809219e+01,2.446361556585285868e+01
5.603315232923692690e+01,2.211585154456972546e+01
5.605315804515576161e+01,1.981909621760862805e+01
5.607316376107459632e+01,1.709941194861612601e+01
5.609316947699343103e+01,1.510059276769133874e+01
5.611317519291226574e+01,1.431914078948859803e+01
5.613318090883110045e+01,1.252627616992333515e+01
5.615318662474992806e+01,1.108239681321784076e+01
5.617319234066876277e+01,9.953040882966430303e+00
5.619319805658759748e+01,9.178639378776741964e+00
5.621320377250643219e+01,8.656323127694372843e+00
5.623320948842526690e+01,8.771825527591040839e+00
5.625321520434410161e+01,7.970727510459571619e+00
5.627322092026293632e+01,6.939340104218817196e+00
5.629322663618177103e+01,6.601615583083227712e+00
5.631323235210060574e+01,6.994919013485181303e+00
5.633323806801943334e+01,7.360281381940740886e+00
5.635324378393826805e+01,6.256994519078174832e+00
5.637324949985710276e+01,6.476923513561156476e+00
5.639325521577593747e+01,6.458896657121378837e+00
5.641326093169477218e+01,5.838287296929753012e+00
5.643326664761360689e+01,6.401801562185702288e+00
5.645327236353244160e+01,6.018895085390967736e+00
5.647327807945127631e+01,5.849235129487425411e+00
5.649328379537011102e+01,5.258055096471625944e+00
5.651328951128894573e+01,5.857375564309763583e+00
5.653329522720777334e+01,5.336012243928371923e+00
5.655330094312660805e+01,5.751501175633014995e+00
5.657330665904544276e+01,5.609549675544091230e+00
5.659331237496427747e+01,6.386145088141674364e+00
5.661331809088311218e+01,6.012660214539693015e+00
5.663332380680194689e+01,5.379153368721365069e+00
5.665332952272078160e+01,6.203194024078482194e+00
5.667333523863961631e+01,5.754004413116427408e+00
5.669334095455845102e+01,5.423476705873623516e+00
5.671334667047727862e+01,5.329017140153960774e+00
5.673335238639611333e+01,5.104462395609408176e+00
5.675335810231494804e+01,5.245385223107525974e+00
5.677336381823378275e+01,5.439913772645021517e+00
5.679336953415261746e+01,5.225493931370716716e+00
5.681337525007145217e+01,5.597264856029979363e+00
5.683338096599028688e+01,5.210257147035973091e+00
5.685338668190912159e+01,5.102631470800898406e+00
5.687339239782795630e+01,5.454189596812538454e+00
5.689339811374678391e+01,5.886670241785332713e+00
5.691340382966561862e+01,4.988203684764545898e+00
5.693340954558445333e+01,4.969028989265535046e+00
5.695341526150328804e+01,5.025380588374984470e+00
5.697342097742212275e+01,4.705569085360983728e+00
5.699342669334095746e+01,4.632625598440553105e+00
5.701343240925979217e+01,5.331843748578283027e+00
5.703343812517862688e+01,4.803082126014871278e+00
5.705344384109746159e+01,4.510225423263152678e+00
5.707344955701629630e+01,4.371588026142774197e+00
5.709345527293512390e+01,4.236636660253160436e+00
5.711346098885395861e+01,5.131071746156677271e+00
5.713346670477279332e+01,4.470193537308798426e+00
5.715347242069162803e+01,5.187712078595190235e+00
5.717347813661046274e+01,4.567079268206828857e+00
5.719348385252929745e+01,4.427804699075647221e+00
5.721348956844813216e+01,4.261382104381520541e+00
5.723349528436696687e+01,4.879766934572370651e+00
5.725350100028580158e+01,4.810961465465602771e+00
5.727350671620462919e+01,5.090000274364129496e+00
5.729351243212346390e+01,4.398670150108304533e+00
5.731351814804229861e+01,4.483302600107962554e+00
5.733352386396113332e+01,4.614221935303707056e+00
5.735352957987996803e+01,4.632444371550082707e+00
5.737353529579880274e+01,4.182133831029464233e+00
5.739354101171763745e+01,4.789158505133706889e+00
5.741354672763647216e+01,4.679254166691674932e+00
5.743355244355530687e+01,4.850169361946306879e+00
5.745355815947414158e+01,5.240397610565411313e+00
5.747356387539296918e+01,4.883405698473154644e+00
5.749356959131180389e+01,5.344630333700968627e+00
5.751357530723063860e+01,4.933355884871131636e+00
5.753358102314947331e+01,5.196799358608194197e+00
5.755358673906830802e+01,4.868449062344373246e+00
5.757359245498714273e+01,5.630549702050092975e+00
5.759359817090597744e+01,5.815484192246525019e+00
5.761360388682481215e+01,5.260370336597025798e+00
5.763360960274364686e+01,5.843813286112824912e+00
5.765361531866247446e+01,5.792448339958459869e+00
5.767362103458130917e+01,5.737277894719489346e+00
5.769362675050014388e+01,5.588317479272341792e+00
5.771363246641897859e+01,6.212150509916905428e+00
5.773363818233781330e+01,6.117430733343817373e+00
5.775364389825664801e+01,5.311784497709246544e+00
5.777364961417548272e+01,6.133178143363950952e+00
5.779365533009431743e+01,5.860417963006110398e+00
5.781366104601315214e+01,5.772630290725409452e+00
5.783366676193197975e+01,6.504086991371172743e+00
5.785367247785081446e+01,5.930221620541192173e+00
5.787367819376964917e+01,6.302657290614701147e+00
5.789368390968848388e+01,6.396543184206336718e+00
5.791368962560731859e+01,5.771465802715312066e+00
5.793369534152615330e+01,6.233299476845853171e+00
5.795370105744498801e+01,6.191732029518000502e+00
5.797370677336382272e+01,6.201401209719087149e+00
5.799371248928265743e+01,5.693832746192532213e+00
5.801371820520149214e+01,5.939245857954425389e+00
5.803372392112031974e+01,6.017103136534105445e+00
5.805372963703915445e+01,6.818779441573465050e+00
5.807373535295798916e+01,6.808618403516936368e+00
5.809374106887682387e+01,6.029191413174775249e+00
5.811374678479565858e+01,7.119707436599896688e+00
5.813375250071449329e+01,7.474961161907049956e+00
5.815375821663332800e+01,7.469979859319400894e+00
5.817376393255216271e+01,7.562584139906203262e+00
5.819376964847099742e+01,8.192026856031475290e+00
5.821377536438982503e+01,7.655888882506992843e+00
5.823378108030865974e+01,9.370784688932850770e+00
5.825378679622749445e+01,9.189673969602930370e+00
5.827379251214632916e+01,1.042150185352674896e+01
5.829379822806516387e+01,1.208101571238250216e+01
5.831380394398399858e+01,1.259064128585942655e+01
5.833380965990283329e+01,1.323401226327353797e+01
5.835381537582166800e+01,1.449510846107705930e+01
5.837382109174050271e+01,1.510120544718569846e+01
5.839382680765933742e+01,1.665912661365531378e+01
5.841383252357816502e+01,1.739605100480823907e+01
5.843383823949699973e+01,1.904365357339543152e+01
5.845384395541583444e+01,1.988380720397765344e+01
5.847384967133466915e+01,2.030332854107534146e+01
5.849385538725350386e+01,2.107943818431038707e+01
5.851386110317233857e+01,2.165553309863255294e+01
5.853386681909117328e+01,2.257742811063852884e+01
5.855387253501000799e+01,2.226833034374945441e+01
5.857387825092884270e+01,2.246722381019316828e+01
5.859388396684767031e+01,2.203510167990729940e+01
5.861388968276650502e+01,2.313236097425885873e+01
5.863389539868533973e+01,2.342484118567309181e+01
5.865390111460417444e+01,2.352902691642326971e+01
5.867390683052300915e+01,2.336015358729493130e+01
5.869391254644184386e+01,2.314541865967257905e+01
5.871391826236067857e+01,2.392670204610034190e+01
5.873392397827951328e+01,2.439877341298019786e+01
5.875392969419834799e+01,2.474708083870492104e+01
5.877393541011717559e+01,2.482745689762971963e+01
5.879394112603601030e+01,2.607913899111802536e+01
5.881394684195484501e+01,2.686121195179460130e+01
5.883395255787367972e+01,2.769744289680841476e+01
5.885395827379251443e+01,2.779220095041879190e+01
5.887396398971134914e+01,2.810846629822042786e+01
5.889396970563018385e+01,2.886190746324660594e+01
5.891397542154901856e+01,2.905764807700305141e+01
5.893398113746785327e+01,2.832874698074699893e+01
5.895398685338668798e+01,2.797171158149503967e+01
5.897399256930551559e+01,2.799830991735915120e+01
5.899399828522435030e+01,2.721665567569872124e+01
5.901400400114318501e+01,2.692552017051310997e+01
5.903400971706201972e+01,2.603404242103684751e+01
5.905401543298085443e+01,2.573241936157016596e+01
5.907402114889968914e+01,2.427015160935405902e+01
5.909402686481852385e+01,2.327917053648612367e+01
5.911403258073735856e+01,2.144427185789970736e+01
5.913403829665619327e+01,2.092354833197131825e+01
5.915404401257502087e+01,1.928910565810825517e+01
5.917404972849385558e+01,1.797724112082745052e+01
5.919405544441269029e+01,1.765309262613696362e+01
5.921406116033152500e+01,1.576512846564665971e+01
5.923406687625035971e+01,1.426498282196526368e+01
5.925407259216919442e+01,1.373146335570868182e+01
5.927407830808802913e+01,1.341150794049956829e+01
5.929408402400686384e+01,1.265954951773600001e+01
5.931408973992569855e+01,1.103327207072153904e+01
5.933409545584453326e+01,9.898327817644197779e+00
5.935410117176336087e+01,1.040844942580115706e+01
5.937410688768219558e+01,9.596688266284878921e+00
5.939411260360103029e+01,8.621838520992232802e+00
5.941411831951986500e+01,8.449975042338371267e+00
5.943412403543869971e+01,7.942509133947072364e+00
5.945412975135753442e+01,7.436662156571220095e+00
5.947413546727636913e+01,7.514149524400035141e+00
5.949414118319520384e+01,7.760403208823571930e+00
5.951414689911403855e+01,6.325870589500453889e+00
5.953415261503286615e+01,7.034624443577211395e+00
5.955415833095170086e+01,6.383555140039434583e+00
5.957416404687053557e+01,6.605079836435777452e+00
5.959416976278937028e+01,6.400503871387414279e+00
5.961417547870820499e+01,6.196597948333820938e+00
5.963418119462703970e+01,5.698334320585316526e+00
5.965418691054587441e+01,5.742353692845975743e+00
5.967419262646470912e+01,5.883801412200612369e+00
5.969419834238354383e+01,5.213270391887379063e+00
5.971420405830237144e+01,5.108083921953647355e+00
5.973420977422120615e+01,5.819306738853753380e+00
5.975421549014004086e+01,5.833368902757372076e+00
5.977422120605887557e+01,5.576856882940773197e+00
5.979422692197771028e+01,5.376155103161735838e+00
5.981423263789654499e+01,6.031769035821819003e+00
5.983423835381537970e+01,5.778639827785603700e+00
5.985424406973421441e+01,4.652709371672687055e+00
5.987424978565304912e+01,5.720932010678136059e+00
5.989425550157188383e+01,5.818942942257159245e+00
5.991426121749071143e+01,5.556339197296422228e+00
5.993426693340954614e+01,5.399885921743734940e+00
5.995427264932838085e+01,5.200915865256762416e+00
5.997427836524721556e+01,5.625098093768921892e+00
5.999428408116605027e+01,5.498931806477973971e+00
6.001428979708488498e+01,5.369121611977573316e+00
6.003429551300371969e+01,5.100198426994987599e+00
6.005430122892255440e+01,4.943133478280600457e+00
6.007430694484138911e+01,5.721821926409463188e+00
6.009431266076021672e+01,5.456688108447511176e+00
6.011431837667905143e+01,6.210139352430768866e+00
6.013432409259788614e+01,5.798135823684450685e+00
6.015432980851672085e+01,6.606297976950971318e+00
6.017433552443555556e+01,5.735711342286623271e+00
6.019434124035439027e+01,6.648565254196326713e+00
6.021434695627322498e+01,6.003543381607703289e+00
6.023435267219205969e+01,6.006483857686142791e+00
6.025435838811089440e+01,6.721532616296841844e+00
6.027436410402972911e+01,6.457118268555757545e+00
6.029436981994855671e+01,6.955458965889788736e+00
6.031437553586739142e+01,7.337735274664262342e+00
6.033438125178622613e+01,7.646110075382988924e+00
6.035438696770506084e+01,8.156628794079246347e+00
6.037439268362389555e+01,7.910780551359047230e+00
6.039439839954273026e+01,8.705225983229841091e+00
6.041440411546156497e+01,8.908970937065793905e+00
6.043440983138039968e+01,9.807193486028481288e+00
6.045441554729923439e+01,1.089109401003526401e+01
6.047442126321806199e+01,1.109681401731553585e+01
6.049442697913689670e+01,1.143411535923139333e+01
6.051443269505573141e+01,1.241814972435165565e+01
6.053443841097456612e+01,1.172128528775122369e+01
6.055444412689340083e+01,1.258920597589187906e+01
6.057444984281223554e+01,1.330780474071415398e+01
6.059445555873107025e+01,1.406609657247800094e+01
6.061446127464990496e+01,1.323496889613352678e+01
6.063446699056873967e+01,1.426675136877299721e+01
6.065447270648756728e+01,1.434062637183874322e+01
6.067447842240640199e+01,1.447564767316470657e+01
6.069448413832523670e+01,1.412244940597069842e+01
6.071448985424407141e+01,1.468117392435235047e+01
6.073449557016290612e+01,1.382312220632953625e+01
6.075450128608174083e+01,1.386525067205052864e+01
6.077450700200057554e+01,1.402180355408553680e+01
6.079451271791941025e+01,1.381079866673637824e+01
6.081451843383824496e+01,1.250163222302972699e+01
6.083452414975707967e+01,1.288209605865782237e+01
6.085452986567590727e+01,1.229445665484491634e+01
6.087453558159474198e+01,1.187861359534174177e+01
6.089454129751357669e+01,1.174443221236444046e+01
6.091454701343241140e+01,1.111984128213179090e+01
6.093455272935124611e+01,1.099503363298907743e+01
6.095455844527008082e+01,9.902990517202232112e+00
6.097456416118891553e+01,9.483043794162560047e+00
6.099456987710775024e+01,8.749752602919867783e+00
6.101457559302658495e+01,8.021878421289287076e+00
6.103458130894541256e+01,8.865268384912816657e+00
6.105458702486424727e+01,7.659824535317770966e+00
6.107459274078308198e+01,6.618944073091545199e+00
6.109459845670191669e+01,6.759763363265601122e+00
6.111460417262075140e+01,6.174758608661461423e+00
6.113460988853958611e+01,6.225685784820758073e+00
6.115461560445842082e+01,6.438733263596366996e+00
6.117462132037725553e+01,6.473758032953433883e+00
6.119462703629609024e+01,5.590411546771856699e+00
6.121463275221492495e+01,6.051368043942932928e+00
6.123463846813375255e+01,5.684836305654024535e+00
6.125464418405258726e+01,5.614796697719932617e+00
6.127464989997142197e+01,5.350301891933428422e+00
6.129465561589025668e+01,4.531146074803746870e+00
6.131466133180909139e+01,5.384114815705224544e+00
6.133466704772792610e+01,4.281023902043460616e+00
6.135467276364676081e+01,4.735219944089134714e+00
6.137467847956559552e+01,5.425396836225480079e+00
6.139468419548443023e+01,4.663523438231770513e+00
6.141468991140325784e+01,5.124939621491913400e+00
6.143469562732209255e+01,4.560943347107811796e+00
6.145470134324092726e+01,4.471044661168030565e+00
6.147470705915976197e+01,4.278665082858920776e+00
6.149471277507859668e+01,4.215962236095765370e+00
6.151471849099743139e+01,5.212302987808683952e+00
6.153472420691626610e+01,4.617443806451450250e+00
6.155472992283510081e+01,4.411282849368411085e+00
6.157473563875393552e+01,4.793514182344753571e+00
6.159474135467276312e+01,4.191661760162302741e+00
6.161474707059159783e+01,3.917138704555278572e+00
6.163475278651043254e+01,4.676177060225693793e+00
6.165475850242926725e+01,3.714818338022834343e+00
6.167476421834810196e+01,4.117989759770382285e+00
6.169476993426693667e+01,4.662628789890218783e+00
6.171477565018577138e+01,4.954098534905504891e+00
6.173478136610460609e+01,4.361826675018676269e+00
6.175478708202344080e+01,4.143749075516363511e+00
6.177479279794227551e+01,4.374100025611122433e+00
6.179479851386110312e+01,5.033692992081781448e+00
6.181480422977993783e+01,5.353004626750592188e+00
6.183480994569877254e+01,4.915831960024697800e+00
6.185481566161760725e+01,4.055239832758283924e+00
6.187482137753644196e+01,4.707083387654130036e+00
6.189482709345527667e+01,4.731701974889083395e+00
6.191483280937411138e+01,4.814671806613159077e+00
6.193483852529294609e+01,4.628849359664692464e+00
6.195484424121178080e+01,5.230319747907108408e+00
6.197484995713060840e+01,4.340700555242023029e+00
6.199485567304944311e+01,4.883805470803816995e+00
6.201486138896827782e+01,4.999717661332595320e+00
6.203486710488711253e+01,4.201221584544624577e+00
6.205487282080594724e+01,4.551214920777469253e+00
6.207487853672478195e+01,4.438726347022570629e+00
6.209488425264361666e+01,5.131633969480430935e+00
6.211488996856245137e+01,4.752109194466815012e+00
6.213489568448128608e+01,4.968917291294464356e+00
6.215490140040011369e+01,3.977004769520758209e+00
6.217490711631894840e+01,4.687455426406992309e+00
6.219491283223778311e+01,4.579471341468182466e+00
6.221491854815661782e+01,5.272248643708397964e+00
6.223492426407545253e+01,4.553716992173601597e+00
6.225492997999428724e+01,4.303327019650831531e+00
6.227493569591312195e+01,5.271073661695984569e+00
6.229494141183195666e+01,4.698031291062262582e+00
6.231494712775079137e+01,4.124074918189958083e+00
6.233495284366962608e+01,5.361269231174728311e+00
6.235495855958845368e+01,3.995098409558610619e+00
6.237496427550728839e+01,4.913752203596023271e+00
6.239496999142612310e+01,4.390901819923558769e+00
6.241497570734495781e+01,4.426365140699861200e+00
6.243498142326379252e+01,4.369812094202027986e+00
6.245498713918262723e+01,4.463530428002014716e+00
6.247499285510146194e+01,5.018826111572151305e+00
6.249499857102029665e+01,4.403260894917329971e+00
6.251500428693913136e+01,4.355228337875503897e+00
6.253501000285795897e+01,4.234010553973677204e+00
6.255501571877679368e+01,4.190906438183095162e+00
6.257502143469562839e+01,4.566387454179833938e+00
6.259502715061446310e+01,4.736292488236028220e+00
6.261503286653329781e+01,4.062722237901914113e+00
6.263503858245213252e+01,4.283189022031113069e+00
6.265504429837096723e+01,3.885696716841944287e+00
6.267505001428980194e+01,3.889494410182917861e+00
6.269505573020863665e+01,4.072161516958353822e+00
6.271506144612747136e+01,3.765259511169490203e+00
6.273506716204629896e+01,4.152657928101334051e+00
6.275507287796513367e+01,4.403865649139815375e+00
6.277507859388396838e+01,3.902035175922235588e+00
6.279508430980280309e+01,4.726084534084608713e+00
6.281509002572163780e+01,4.531535583723439231e+00
6.283509574164047251e+01,4.809258464247756493e+00
6.285510145755930722e+01,4.181916513048232531e+00
6.287510717347814193e+01,4.019007708974934090e+00
6.289511288939697664e+01,3.816003246482579492e+00
6.291511860531580425e+01,4.597072684425533851e+00
6.293512432123463896e+01,3.558753431075668328e+00
6.295513003715347367e+01,4.845790840672724364e+00
6.297513575307230838e+01,4.212579766822962313e+00
6.299514146899114309e+01,4.138862855424601861e+00
6.301514718490997780e+01,3.588191244806848701e+00
6.303515290082881251e+01,3.868170522660500765e+00
6.305515861674764722e+01,4.828474307740269644e+00
6.307516433266648193e+01,3.793908708852335554e+00
6.309517004858530953e+01,3.885717695146452044e+00
6.311517576450414424e+01,4.364639831935102521e+00
6.313518148042297895e+01,4.094677612040668713e+00
6.315518719634181366e+01,4.832109391079947081e+00
6.317519291226064837e+01,4.803350607792132188e+00
6.319519862817948308e+01,4.412888390607247580e+00
6.321520434409831779e+01,4.581575708028286620e+00
6.323521006001715250e+01,5.103893172351426699e+00
6.325521577593598721e+01,5.064822233725389644e+00
6.327522149185482192e+01,5.081715347426723817e+00
6.329522720777364952e+01,4.624027269684931163e+00
6.331523292369248423e+01,5.342036266145924195e+00
6.333523863961131894e+01,5.089209162954613674e+00
6.335524435553015365e+01,4.682170629035537601e+00
6.337525007144898836e+01,4.468033732736919283e+00
6.339525578736782307e+01,4.726299003093498818e+00
6.341526150328665778e+01,4.539029135906286427e+00
6.343526721920549249e+01,4.682173540389114486e+00
6.345527293512432720e+01,5.213898442099624830e+00
6.347527865104315481e+01,5.088612309523554700e+00
6.349528436696198952e+01,4.965973896254456399e+00
6.351529008288082423e+01,5.383905658138225192e+00
6.353529579879965894e+01,4.912821278644689649e+00
6.355530151471849365e+01,5.093597124317270186e+00
6.357530723063732836e+01,5.606695683451841106e+00
6.359531294655616307e+01,5.639105472691102072e+00
6.361531866247499778e+01,5.045533802954349056e+00
6.363532437839383249e+01,5.913833821717909167e+00
6.365533009431266720e+01,6.311359637681969836e+00
6.367533581023149480e+01,5.430848505474587640e+00
6.369534152615032951e+01,6.139586045690003324e+00
6.371534724206916422e+01,6.230222362876455477e+00
6.373535295798799893e+01,5.930853701704723591e+00
6.375535867390683364e+01,6.316527441901064854e+00
6.377536438982566835e+01,6.873764553174721570e+00
6.379537010574450306e+01,6.950870851729694877e+00
6.381537582166333777e+01,7.659549903301570595e+00
6.383538153758217248e+01,6.730195268882887660e+00
6.385538725350100009e+01,8.067304060623833095e+00
6.387539296941983480e+01,7.599441946427001326e+00
6.389539868533866951e+01,8.455637077793872081e+00
6.391540440125750422e+01,8.046841525995626299e+00
6.393541011717633893e+01,8.434894599970874651e+00
6.395541583309517364e+01,8.692092213394650102e+00
6.397542154901400835e+01,9.719513826549725621e+00
6.399542726493284306e+01,8.932425939789487401e+00
6.401543298085167066e+01,1.055625781599428414e+01
6.403543869677051248e+01,1.117170743608395256e+01
6.405544441268934008e+01,1.157879866430387494e+01
6.407545012860816769e+01,1.210822054792562064e+01
6.409545584452700950e+01,1.285808268480871952e+01
6.411546156044585132e+01,1.327815626077190636e+01
6.413546727636467892e+01,1.436410231647140634e+01
6.415547299228350653e+01,1.564158692846950416e+01
6.417547870820234834e+01,1.691979076483605482e+01
6.419548442412119016e+01,1.787799517621759904e+01
6.421549014004001776e+01,1.974496008023971072e+01
6.423549585595884537e+01,2.093266568960119400e+01
6.425550157187768718e+01,2.231628056502949065e+01
6.427550728779651479e+01,2.445679357821392941e+01
6.429551300371534239e+01,2.672984825314684088e+01
6.431551871963418421e+01,2.827965270497468353e+01
6.433552443555302602e+01,2.967065078044291582e+01
6.435553015147185363e+01,3.225129747142588599e+01
6.437553586739068123e+01,3.256156061500612253e+01
6.439554158330952305e+01,3.481103157221848221e+01
6.441554729922835065e+01,3.630120142956657503e+01
6.443555301514717826e+01,3.759115834562059888e+01
6.445555873106602007e+01,3.811210592265742747e+01
6.447556444698486189e+01,4.058834363299774139e+01
6.449557016290368949e+01,4.080427829799737083e+01
6.451557587882251710e+01,4.102944410740142445e+01
6.453558159474135891e+01,4.104938363678582647e+01
6.455558731066020073e+01,4.058693838905553264e+01
6.457559302657902833e+01,4.029058988980278144e+01
6.459559874249785594e+01,4.088634000808661995e+01
6.461560445841669775e+01,3.951385423819031217e+01
6.463561017433552536e+01,3.856684130005039179e+01
6.465561589025435296e+01,3.688582889129043707e+01
6.467562160617319478e+01,3.549378915091510578e+01
6.469562732209203659e+01,3.419138135515650134e+01
6.471563303801086420e+01,3.204669748046450906e+01
6.473563875392969180e+01,3.024186396438638269e+01
6.475564446984853362e+01,2.860488887340630626e+01
6.477565018576737543e+01,2.628286138736665123e+01
6.479565590168618883e+01,2.483926576539005993e+01
6.481566161760503064e+01,2.309972255667716112e+01
6.483566733352387246e+01,2.137105137680917011e+01
6.485567304944270006e+01,2.088128119488043666e+01
6.487567876536152767e+01,1.868802230677128762e+01
6.489568448128036948e+01,1.785587506023896509e+01
6.491569019719921130e+01,1.609234722150503671e+01
6.493569591311803890e+01,1.504172895215669570e+01
6.495570162903686651e+01,1.450027015107357187e+01
6.497570734495570832e+01,1.305594528025532064e+01
6.499571306087453593e+01,1.248265332064818978e+01
6.501571877679336353e+01,1.186542192844406252e+01
6.503572449271220535e+01,1.086225112970484652e+01
6.505573020863104716e+01,1.077703611123461158e+01
6.507573592454987477e+01,1.099158299084915136e+01
6.509574164046870237e+01,9.772336311323496005e+00
6.511574735638754419e+01,9.864254599919142663e+00
6.513575307230638600e+01,9.044716853296002057e+00
6.515575878822521361e+01,9.072858271419265819e+00
6.517576450414404121e+01,8.297576187372815326e+00
6.519577022006288303e+01,8.317006846962456734e+00
6.521577593598171063e+01,8.806933508054221704e+00
6.523578165190053824e+01,8.017170903924132119e+00
6.525578736781938005e+01,7.880830606404376049e+00
6.527579308373822187e+01,7.716974646502335666e+00
6.529579879965704947e+01,7.174376686237263101e+00
6.531580451557587708e+01,7.341144384719277660e+00
6.533581023149471889e+01,7.233444517096474513e+00
6.535581594741354650e+01,7.551204144676808561e+00
6.537582166333237410e+01,7.693394426748146664e+00
6.539582737925121592e+01,7.558672137080890252e+00
6.541583309517005773e+01,6.941780729696332308e+00
6.543583881108888534e+01,7.407640707170639160e+00
6.545584452700771294e+01,7.126761558062545632e+00
6.547585024292655476e+01,6.802664259988464579e+00
6.549585595884539657e+01,7.734679320485830623e+00
6.551586167476422418e+01,7.482227686134885758e+00
6.553586739068305178e+01,7.263200201365517472e+00
6.555587310660189360e+01,7.341933027806124556e+00
6.557587882252072120e+01,7.739559411979973547e+00
6.559588453843954881e+01,7.037297868137342149e+00
6.561589025435839062e+01,7.798910322666189998e+00
6.563589597027723244e+01,7.387196539773377424e+00
6.565590168619606004e+01,6.920416563323716908e+00
6.567590740211488765e+01,7.533000035204538314e+00
6.569591311803372946e+01,7.800700773780780750e+00
6.571591883395257128e+01,7.921757571697339628e+00
6.573592454987138467e+01,8.103120808146908161e+00
6.575593026579022649e+01,7.404168570104359581e+00
6.577593598170906830e+01,6.800472913135135578e+00
6.579594169762789591e+01,7.857092794599842556e+00
6.581594741354672351e+01,8.378629525860253224e+00
6.583595312946556533e+01,7.983311661320509067e+00
6.585595884538440714e+01,8.285013890617177523e+00
6.587596456130323475e+01,8.442274532307198598e+00
6.589597027722206235e+01,8.838704970564755570e+00
6.591597599314090417e+01,8.504482049375303276e+00
6.593598170905973177e+01,9.237768931365277325e+00
6.595598742497855937e+01,8.954487712869660498e+00
6.597599314089740119e+01,9.531445833828707137e+00
6.599599885681624301e+01,9.740909669585159136e+00
6.601600457273507061e+01,1.067181348246747064e+01
6.603601028865389821e+01,1.069308468050527772e+01
6.605601600457274003e+01,1.221405038673047372e+01
6.607602172049158185e+01,1.268807478385960330e+01
6.609602743641040945e+01,1.286315258462979649e+01
6.611603315232923705e+01,1.418241562692159263e+01
6.613603886824807887e+01,1.455656629667319990e+01
6.615604458416690647e+01,1.588812076818585162e+01
6.617605030008573408e+01,1.643495240448784500e+01
6.619605601600457589e+01,1.777555014166655312e+01
6.621606173192341771e+01,1.915072920189956918e+01
6.623606744784224531e+01,1.994094247510746953e+01
6.625607316376107292e+01,2.199374930230391456e+01
6.627607887967991473e+01,2.356042573434397269e+01
6.629608459559874234e+01,2.483930574746229425e+01
6.631609031151756994e+01,2.730159870505040587e+01
6.633609602743641176e+01,2.801563546127710325e+01
6.635610174335525357e+01,3.032106338891745523e+01
6.637610745927408118e+01,3.190780462191152367e+01
6.639611317519290878e+01,3.332682526162530223e+01
6.641611889111175060e+01,3.504915390788238483e+01
6.643612460703059241e+01,3.665617760226442812e+01
6.645613032294942002e+01,3.711007463850479127e+01
6.647613603886824762e+01,3.939245853386849205e+01
6.649614175478708944e+01,3.959399831440922668e+01
6.651614747070591704e+01,4.074012918722044674e+01
6.653615318662474465e+01,4.048653774086637469e+01
6.655615890254358646e+01,4.151226111894143145e+01
6.657616461846242828e+01,4.094968479712814258e+01
6.659617033438125588e+01,4.059888894833673589e+01
6.661617605030008349e+01,4.063701570488439074e+01
6.663618176621892530e+01,3.945361904905195161e+01
6.665618748213776712e+01,3.763040552209072587e+01
6.667619319805658051e+01,3.729030828396229680e+01
6.669619891397542233e+01,3.528230468960396138e+01
6.671620462989426414e+01,3.344430893099681157e+01
6.673621034581309175e+01,3.264470325486291813e+01
6.675621606173191935e+01,3.047294138274942199e+01
6.677622177765076117e+01,2.880386124870676312e+01
6.679622749356960298e+01,2.628422045706547650e+01
6.681623320948843059e+01,2.453610143491336970e+01
6.683623892540725819e+01,2.410412758362641483e+01
6.685624464132610001e+01,2.220447024642446010e+01
6.687625035724492761e+01,2.025348816448008193e+01
6.689625607316375522e+01,1.960749370392315427e+01
6.691626178908259703e+01,1.775147180010649706e+01
6.693626750500143885e+01,1.609255919758751929e+01
6.695627322092026645e+01,1.577396664355666545e+01
6.697627893683909406e+01,1.404369960384536142e+01
6.699628465275793587e+01,1.292744115305973196e+01
6.701629036867677769e+01,1.300885104026073336e+01
6.703629608459560529e+01,1.159230696813688688e+01
6.705630180051443290e+01,1.126289927336015317e+01
6.707630751643327471e+01,1.010603115430063426e+01
6.709631323235210232e+01,9.755318839764658634e+00
6.711631894827092992e+01,9.143245353598361547e+00
6.713632466418977174e+01,9.568255478168824268e+00
6.715633038010861355e+01,8.639256310563689922e+00
6.717633609602744116e+01,8.015774452232930614e+00
6.719634181194626876e+01,7.419148048166668730e+00
6.721634752786511058e+01,7.904598632698566441e+00
6.723635324378393818e+01,7.989421833354179547e+00
6.725635895970276579e+01,6.635973000468679217e+00
6.727636467562160760e+01,6.862206435134631910e+00
6.729637039154044942e+01,6.436439996992554313e+00
6.731637610745927702e+01,6.818784317604058565e+00
6.733638182337810463e+01,6.020271203943814875e+00
6.735638753929694644e+01,6.845578486893745485e+00
6.737639325521578826e+01,6.023405727074313987e+00
6.739639897113461586e+01,6.391401112226081871e+00
6.741640468705344347e+01,5.839551013958837800e+00
6.743641040297228528e+01,5.294897110453650413e+00
6.745641611889111289e+01,4.721467397747096228e+00
6.747642183480994049e+01,5.392646010125483613e+00
6.749642755072878231e+01,5.569371136758895169e+00
6.751643326664762412e+01,5.366846658057891517e+00
6.753643898256645173e+01,4.559002295631468193e+00
6.755644469848527933e+01,5.015571616734598948e+00
6.757645041440412115e+01,5.553178681083762669e+00
6.759645613032296296e+01,5.189558644737398474e+00
6.761646184624177636e+01,4.598616999567730623e+00
6.763646756216061817e+01,4.987776037019253650e+00
6.765647327807945999e+01,4.509476404234908031e+00
6.767647899399828759e+01,4.677702319257262431e+00
6.769648470991711520e+01,5.109558304661221406e+00
6.771649042583595701e+01,4.804160357564599693e+00
6.773649614175479883e+01,4.757702656143132813e+00
6.775650185767362643e+01,5.150257990437880018e+00
6.777650757359245404e+01,4.411194114545399003e+00
6.779651328951129585e+01,4.745576251129854484e+00
6.781651900543012346e+01,5.063351959558635151e+00
6.783652472134895106e+01,4.643317414689223099e+00
6.785653043726779288e+01,4.265917626119791528e+00
6.787653615318663469e+01,4.028521311622934142e+00
6.789654186910546230e+01,4.205770302029369745e+00
6.791654758502428990e+01,3.773230927855661498e+00
6.793655330094313172e+01,3.751657185932822713e+00
6.795655901686197353e+01,4.116776609044312529e+00
6.797656473278080114e+01,4.722137083908827471e+00
6.799657044869962874e+01,4.221779944770356785e+00
6.801657616461847056e+01,4.546180215968234073e+00
6.803658188053729816e+01,5.175492980764230921e+00
6.805658759645612577e+01,4.950902944655574345e+00
6.807659331237496758e+01,4.101527287127623822e+00
6.809659902829380940e+01,3.716473850403239521e+00
6.811660474421263700e+01,4.498781027825559775e+00
6.813661046013146461e+01,4.075723316688385722e+00
6.815661617605030642e+01,4.699157797208436627e+00
6.817662189196913403e+01,3.830451795024694128e+00
6.819662760788796163e+01,4.704453727820778752e+00
6.821663332380680345e+01,4.902110003968994434e+00
6.823663903972564526e+01,4.208716439503913165e+00
6.825664475564447287e+01,4.264671120742933752e+00
6.827665047156330047e+01,4.433319719722736529e+00
6.829665618748214229e+01,4.350235823778666244e+00
6.831666190340098410e+01,5.032234483229352406e+00
6.833666761931981171e+01,4.351069202782503531e+00
6.835667333523863931e+01,5.001539768103133277e+00
6.837667905115748113e+01,4.878545971150668237e+00
6.839668476707630873e+01,5.503630849116693646e+00
6.841669048299513634e+01,4.330859332874081424e+00
6.843669619891397815e+01,4.326224857205088981e+00
6.845670191483281997e+01,4.819274745561040518e+00
6.847670763075164757e+01,5.237873821520638629e+00
6.849671334667047518e+01,6.062757163888143452e+00
6.851671906258931699e+01,6.115384465762007338e+00
6.853672477850815881e+01,6.406428895995006201e+00
6.855673049442697220e+01,7.794601607865745407e+00
6.857673621034581402e+01,7.365928216584988419e+00
6.859674192626465583e+01,8.185441009415733049e+00
6.861674764218348344e+01,8.592851470798358093e+00
6.863675335810231104e+01,8.476978205065641703e+00
6.865675907402115286e+01,8.868951014978726732e+00
6.867676478993999467e+01,9.960826792277670094e+00
6.869677050585882228e+01,8.885821517360081856e+00
6.871677622177764988e+01,9.464441442750176847e+00
6.873678193769649170e+01,1.016490706374136188e+01
6.875678765361531930e+01,9.241059651526413177e+00
6.877679336953414690e+01,8.979396890627283412e+00
6.879679908545298872e+01,8.974543317656777930e+00
6.881680480137183054e+01,8.600436910597343498e+00
6.883681051729065814e+01,7.797619511639119594e+00
6.885681623320948574e+01,8.626441097353700016e+00
6.887682194912832756e+01,7.786164771189169720e+00
6.889682766504716938e+01,6.705697713094864731e+00
6.891683338096599698e+01,7.021194947754709759e+00
6.893683909688482458e+01,6.442424068136849868e+00
6.895684481280366640e+01,5.821402235796421465e+00
6.897685052872249400e+01,5.720182754344504517e+00
6.899685624464132161e+01,6.054055008860043330e+00
6.901686196056016342e+01,5.087785064652447176e+00
6.903686767647900524e+01,4.528076139516675980e+00
6.905687339239783284e+01,4.102233904716787727e+00
6.907687910831666045e+01,4.451504503074023233e+00
6.909688482423550226e+01,4.230841452573150363e+00
6.911689054015432987e+01,4.221955307300031102e+00
6.913689625607315747e+01,4.363671171903098056e+00
6.915690197199199929e+01,4.559534583549925024e+00
6.917690768791084110e+01,4.086872124871595346e+00
6.919691340382966871e+01,4.140789642653496472e+00
6.921691911974849631e+01,4.044114199304141621e+00
6.923692483566733813e+01,4.567846476675603284e+00
6.925693055158617994e+01,3.744193622868035476e+00
6.927693626750500755e+01,4.176644937016662062e+00
6.929694198342383515e+01,4.122198540245587850e+00
6.931694769934267697e+01,4.387668712234419566e+00
6.933695341526150457e+01,3.765567432913416113e+00
6.935695913118033218e+01,4.813772970359873504e+00
6.937696484709917399e+01,4.252328278348240786e+00
6.939697056301801581e+01,4.516099254869853752e+00
6.941697627893684341e+01,3.803866850985559545e+00
6.943698199485567102e+01,4.740252088170185729e+00
6.945698771077451283e+01,4.426591462950316469e+00
6.947699342669335465e+01,4.000725333489082658e+00
6.949699914261216804e+01,3.819699266086963974e+00
6.951700485853100986e+01,3.657827243415475937e+00
6.953701057444985167e+01,3.631485949263669077e+00
6.955701629036867928e+01,4.411379803937188093e+00
6.957702200628750688e+01,4.018751488383814241e+00
6.959702772220634870e+01,3.596110708250103372e+00
6.961703343812519051e+01,4.261617321576886219e+00
6.963703915404401812e+01,3.887261457756823635e+00
6.965704486996284572e+01,3.850793501208674030e+00
6.967705058588168754e+01,5.173064156419972193e+00
6.969705630180051514e+01,4.139373681454994625e+00
6.971706201771934275e+01,3.590395741494559534e+00
6.973706773363818456e+01,4.627073064488918419e+00
6.975707344955702638e+01,4.241116068658357108e+00
6.977707916547585398e+01,4.848512433019931400e+00
6.979708488139468159e+01,5.000835808819512174e+00
6.981709059731352340e+01,3.873726222264057384e+00
6.983709631323236522e+01,5.272307189804000593e+00
6.985710202915119282e+01,4.394675456566277560e+00
6.987710774507002043e+01,4.770283980523251977e+00
6.989711346098886224e+01,4.827259552393849518e+00
6.991711917690768985e+01,4.799145506262260774e+00
6.993712489282651745e+01,5.620547615410781184e+00
6.995713060874535927e+01,5.643592091222453533e+00
6.997713632466420108e+01,5.517437380235687527e+00
6.999714204058302869e+01,4.853885208968801379e+00
7.001714775650185629e+01,6.286380397127666164e+00
7.003715347242069811e+01,5.810881734794691944e+00
7.005715918833952571e+01,5.715610190306173344e+00
7.007716490425835332e+01,6.156538238955325149e+00
7.009717062017719513e+01,6.548804021943515963e+00
7.011717633609603695e+01,6.552690507676474319e+00
7.013718205201486455e+01,6.731159233184321522e+00
7.015718776793369216e+01,5.433455824055934080e+00
7.017719348385253397e+01,6.164779271805048921e+00
7.019719919977137579e+01,5.730320268804542039e+00
7.021720491569020339e+01,6.833351546159242673e+00
7.023721063160903100e+01,5.859986280540304016e+00
7.025721634752787281e+01,5.339249930373330066e+00
7.027722206344670042e+01,5.582488759776168763e+00
7.029722777936552802e+01,5.954886126384771217e+00
7.031723349528436984e+01,6.197043908231023579e+00
7.033723921120321165e+01,5.725669952927291639e+00
7.035724492712203926e+01,5.345293082717361699e+00
7.037725064304086686e+01,5.968464938110498608e+00
7.039725635895970868e+01,5.197119776345330067e+00
7.041726207487855049e+01,4.675832250177331062e+00
7.043726779079736389e+01,5.208405509884046936e+00
7.045727350671620570e+01,5.042228696127427412e+00
7.047727922263504752e+01,5.591766378686415351e+00
7.049728493855387512e+01,5.461895622484622237e+00
7.051729065447270273e+01,4.955375600820365101e+00
7.053729637039154454e+01,4.697485282672776208e+00
7.055730208631038636e+01,5.305864393300324444e+00
7.057730780222921396e+01,4.947330898889038764e+00
7.059731351814804157e+01,4.711683848912020522e+00
7.061731923406688338e+01,4.608680899532323849e+00
7.063732494998571099e+01,5.332939451166118339e+00
7.065733066590453859e+01,4.358834359290854721e+00
7.067733638182338041e+01,4.875481722973256105e+00
7.069734209774222222e+01,4.307218359784330097e+00
7.071734781366104983e+01,4.218403323224938717e+00
7.073735352957987743e+01,3.834222211662106972e+00
7.075735924549871925e+01,4.413628900831698232e+00
7.077736496141756106e+01,4.291295074749208460e+00
7.079737067733638867e+01,4.882218573364849767e+00
7.081737639325521627e+01,4.243399177500595698e+00
7.083738210917405809e+01,4.363078556407906206e+00
7.085738782509288569e+01,3.708316518885611313e+00
7.087739354101171330e+01,3.352598240518537054e+00
7.089739925693055511e+01,4.175909157887773837e+00
7.091740497284939693e+01,3.632976028531821555e+00
7.093741068876822453e+01,4.719255618428719323e+00
7.095741640468705214e+01,3.649730534456395503e+00
7.097742212060589395e+01,3.395273959049553536e+00
7.099742783652472156e+01,3.133694982735411472e+00
7.101743355244354916e+01,4.721464601614051126e+00
7.103743926836239098e+01,4.564529108449209005e+00
7.105744498428123279e+01,4.004268525415770164e+00
7.107745070020006040e+01,3.763498910598721547e+00
7.109745641611888800e+01,3.270085394409178114e+00
7.111746213203772982e+01,4.195557336221170885e+00
7.113746784795657163e+01,3.975470555039316345e+00
7.115747356387539924e+01,4.663556763440437791e+00
7.117747927979422684e+01,4.140158946151506036e+00
7.119748499571306866e+01,4.598868400856681582e+00
7.121749071163189626e+01,4.682480886465112846e+00
7.123749642755072387e+01,4.431571722764704901e+00
7.125750214346956568e+01,3.683650534106492458e+00
7.127750785938840750e+01,4.136682392354691373e+00
7.129751357530723510e+01,4.523038874283519917e+00
7.131751929122606271e+01,5.271374842939250627e+00
7.133752500714490452e+01,4.886707017487625038e+00
7.135753072306374634e+01,5.157648270947451152e+00
7.137753643898255973e+01,5.081726724081465640e+00
7.139754215490140155e+01,4.267032685898095146e+00
7.141754787082024336e+01,5.524968807928228642e+00
7.143755358673907097e+01,5.024844122320796913e+00
7.145755930265789857e+01,5.155534772299060542e+00
7.147756501857674039e+01,4.709368502698517922e+00
7.149757073449558220e+01,5.494748553770777200e+00
7.151757645041440981e+01,5.118366913184518197e+00
7.153758216633323741e+01,4.978443364543591265e+00
7.155758788225207923e+01,4.909976166651688345e+00
7.157759359817090683e+01,5.094929860629045848e+00
7.159759931408973443e+01,4.971475797994163948e+00
7.161760503000857625e+01,5.894632235437704537e+00
7.163761074592741807e+01,4.340771591038717681e+00
7.165761646184624567e+01,4.759544111598485117e+00
7.167762217776507327e+01,5.302564432015320683e+00
7.169762789368391509e+01,4.580388398357140289e+00
7.171763360960275691e+01,4.568418815548728418e+00
7.173763932552158451e+01,4.497352695792898203e+00
7.175764504144041211e+01,5.160460739095948490e+00
7.177765075735925393e+01,5.161441721949003636e+00
7.179765647327808153e+01,3.826623230550352694e+00
7.181766218919690914e+01,4.172582898725431200e+00
7.183766790511575095e+01,4.690050439067867671e+00
7.185767362103459277e+01,4.979586203913518361e+00
7.187767933695342037e+01,3.785210993935215207e+00
7.189768505287224798e+01,4.602919884949169926e+00
7.191769076879108979e+01,4.212660273017418078e+00
7.193769648470991740e+01,4.058118857940128166e+00
7.195770220062874500e+01,3.857225760742785337e+00
7.197770791654758682e+01,4.451707758439978235e+00
7.199771363246642863e+01,3.968986738947548165e+00
7.201771934838525624e+01,3.421562844354385291e+00
7.203772506430408384e+01,4.119755835848115666e+00
7.205773078022292566e+01,3.799823488862646759e+00
7.207773649614176747e+01,4.042667682925461747e+00
7.209774221206059508e+01,3.414702858290490362e+00
7.211774792797942268e+01,4.120362216569946945e+00
7.213775364389826450e+01,3.833953874350227053e+00
7.215775935981709210e+01,3.832980911573323102e+00
7.217776507573591971e+01,3.011349259367977371e+00
7.219777079165476152e+01,3.769484999298835515e+00
7.221777650757360334e+01,4.088558525796838872e+00
7.223778222349243094e+01,4.001213298887764225e+00
7.225778793941125855e+01,3.986045102257817607e+00
7.227779365533010036e+01,3.846370255772361801e+00
7.229779937124894218e+01,3.466862024956018473e+00
7.231780508716775557e+01,3.738399431111131044e+00
7.233781080308659739e+01,4.160680873826673398e+00
7.235781651900543920e+01,3.875537461455309085e+00
7.237782223492426681e+01,4.625840843854476248e+00
7.239782795084309441e+01,3.553436945091015708e+00
7.241783366676193623e+01,4.490700137991623819e+00
7.243783938268077804e+01,4.438900662694965860e+00
7.245784509859960565e+01,4.406478235181500835e+00
7.247785081451843325e+01,4.596586240388715439e+00
7.249785653043727507e+01,3.928336206604775782e+00
7.251786224635610267e+01,3.601520773836224709e+00
7.253786796227493028e+01,4.016259773754288886e+00
7.255787367819377209e+01,4.107466594588283115e+00
7.257787939411261391e+01,4.291195861129939892e+00
7.259788511003144151e+01,4.474212105177036491e+00
7.261789082595026912e+01,3.730554331730176809e+00
7.263789654186911093e+01,4.554171952411945057e+00
7.265790225778795275e+01,4.228165015739110189e+00
7.267790797370678035e+01,4.342433131289030968e+00
7.269791368962560796e+01,5.063770462862033916e+00
7.271791940554444977e+01,4.270992778438195359e+00
7.273792512146327738e+01,4.504616310372511201e+00
7.275793083738210498e+01,4.217602467197060889e+00
7.277793655330094680e+01,4.528437671560920030e+00
7.279794226921978861e+01,5.126072217706301615e+00
7.281794798513861622e+01,5.335162367146009110e+00
7.283795370105744382e+01,4.772034026727984823e+00
7.285795941697628564e+01,5.023103785285238487e+00
7.287796513289511324e+01,5.441419233516085363e+00
7.289797084881394085e+01,5.289595952021756808e+00
7.291797656473278266e+01,5.649604172444123051e+00
7.293798228065162448e+01,5.894500379602075846e+00
7.295798799657045208e+01,6.113195440715974094e+00
7.297799371248927969e+01,5.789536843275830513e+00
7.299799942840812150e+01,6.126888004806076538e+00
7.301800514432696332e+01,6.265823844324844849e+00
7.303801086024579092e+01,6.011901898259064403e+00
7.305801657616461853e+01,6.618475579988279733e+00
7.307802229208346034e+01,6.730890392303715331e+00
7.309802800800228795e+01,7.258814894346302893e+00
7.311803372392111555e+01,7.009444731354528280e+00
7.313803943983995737e+01,7.218771121377476341e+00
7.315804515575879918e+01,7.114390678271111490e+00
7.317805087167762679e+01,7.062149372433966121e+00
7.319805658759645439e+01,7.832903008388345079e+00
7.321806230351529621e+01,7.398727240359665558e+00
7.323806801943413802e+01,7.462915393151964949e+00
7.325807373535295142e+01,6.787305105712447606e+00
7.327807945127179323e+01,7.216555779911284496e+00
7.329808516719063505e+01,7.980568434257675037e+00
7.331809088310946265e+01,7.937366500452347040e+00
7.333809659902829026e+01,7.650352157716813650e+00
7.335810231494713207e+01,6.830638805832533578e+00
7.337810803086597389e+01,6.958442083104749543e+00
7.339811374678480149e+01,7.945714723688313441e+00
7.341811946270362910e+01,7.276769463482502864e+00
7.343812517862247091e+01,6.286713712029895262e+00
7.345813089454129852e+01,6.626883567303345046e+00
7.347813661046012612e+01,6.797369544915682127e+00
7.349814232637896794e+01,7.114409132054636764e+00
7.351814804229780975e+01,6.320137784673984349e+00
7.353815375821663736e+01,7.303865718608738788e+00
7.355815947413546496e+01,6.900353920939441110e+00
7.357816519005430678e+01,6.104117910079499332e+00
7.359817090597314859e+01,6.102395948094013534e+00
7.361817662189197620e+01,6.115974088215318183e+00
7.363818233781080380e+01,6.464016138852343829e+00
7.365818805372964562e+01,5.913070046120689760e+00
7.367819376964847322e+01,6.070753225207649706e+00
7.369819948556730083e+01,6.457880781954811411e+00
7.371820520148614264e+01,6.301328166066182845e+00
7.373821091740498446e+01,6.498673624236987578e+00
7.375821663332381206e+01,6.728313676843566071e+00
7.377822234924263967e+01,6.970376301191729240e+00
7.379822806516148148e+01,5.727232504041610106e+00
7.381823378108030909e+01,6.218076355176375358e+00
7.383823949699913669e+01,6.637835782995401779e+00
7.385824521291797851e+01,5.609998231466261309e+00
7.387825092883682032e+01,5.984850539960346438e+00
7.389825664475564793e+01,6.552151269190582994e+00
7.391826236067447553e+01,6.143377262225565794e+00
7.393826807659331735e+01,6.519570933018425940e+00
7.395827379251215916e+01,6.448975570405913516e+00
7.397827950843098677e+01,6.296284302116244014e+00
7.399828522434981437e+01,6.195505709648617909e+00
7.401829094026865619e+01,6.097674597283935682e+00
7.403829665618748379e+01,6.299293637734799667e+00
7.405830237210632561e+01,5.517400857375390544e+00
7.407830808802515321e+01,6.057831632939250532e+00
7.409831380394398082e+01,5.931632486051780617e+00
7.411831951986282263e+01,6.907604689208962867e+00
7.413832523578165024e+01,7.036955293723655913e+00
7.415833095170049205e+01,5.934520174274824811e+00
7.417833666761931966e+01,6.802150997278156197e+00
7.419834238353816147e+01,6.326826862834776577e+00
7.421834809945698908e+01,6.097285928129711152e+00
7.423835381537583089e+01,6.843966494264197564e+00
7.425835953129465850e+01,6.758809757896250048e+00
7.427836524721348610e+01,6.920288126969681208e+00
7.429837096313232792e+01,7.920858766259311068e+00
7.431837667905115552e+01,7.107036867516306700e+00
7.433838239496999734e+01,7.598989147856224591e+00
7.435838811088882494e+01,8.002968387158597707e+00
7.437839382680766676e+01,8.221693400898672621e+00
7.439839954272649436e+01,8.030011534951027485e+00
7.441840525864533618e+01,8.317305324796498311e+00
7.443841097456416378e+01,8.531708786896889052e+00
7.445841669048300560e+01,8.802387346461484796e+00
7.447842240640183320e+01,8.398167034893901928e+00
7.449842812232066080e+01,8.462277778573202625e+00
7.451843383823950262e+01,8.170809083764721592e+00
7.453843955415833022e+01,7.664068255689960196e+00
7.455844527007717204e+01,8.033694414794728900e+00
7.457845098599599964e+01,7.811871892479218538e+00
7.459845670191484146e+01,7.528678558066366655e+00
7.461846241783366906e+01,7.694617384404359051e+00
7.463846813375251088e+01,7.724905691798999996e+00
7.465847384967133848e+01,6.668202016916580988e+00
7.467847956559016609e+01,6.551920862976774451e+00
7.469848528150900790e+01,6.694152388288657107e+00
7.471849099742783551e+01,6.770719015078192626e+00
7.473849671334667732e+01,5.853568868794190472e+00
7.475850242926550493e+01,6.018066120435490163e+00
7.477850814518434674e+01,5.454869490367055818e+00
7.479851386110317435e+01,6.337231674270402237e+00
7.481851957702201616e+01,5.725301974657884152e+00
7.483852529294084377e+01,5.650182676676250182e+00
7.485853100885967137e+01,4.934542685517069316e+00
7.487853672477851319e+01,4.823832726348281419e+00
7.489854244069734079e+01,5.381645169596639633e+00
7.491854815661618261e+01,4.645491174962080194e+00
7.493855387253501021e+01,4.211256826134976095e+00
7.495855958845385203e+01,4.608657681236194570e+00
7.497856530437267963e+01,4.397913313595846141e+00
7.499857102029152145e+01,5.358228274114686940e+00
7.501857673621034905e+01,4.265678482668246119e+00
7.503858245212917666e+01,4.525196210753712478e+00
7.505858816804801847e+01,4.251210930777455488e+00
7.507859388396684608e+01,4.256056779959816794e+00
7.509859959988568789e+01,4.425874218036616625e+00
7.511860531580451550e+01,3.808882215289249196e+00
7.513861103172335731e+01,4.478895108331666819e+00
7.515861674764218492e+01,4.641613994016502431e+00
7.517862246356102673e+01,4.655299557595239612e+00
7.519862817947985434e+01,4.441781817623239981e+00
7.521863389539868194e+01,3.496046018288258672e+00
7.523863961131752376e+01,3.652693986807505233e+00
7.525864532723635136e+01,4.060105136393577396e+00
7.527865104315519318e+01,3.554034532615280018e+00
7.529865675907402078e+01,3.714883043680961006e+00
7.531866247499286260e+01,4.395522992517625127e+00
7.533866819091169020e+01,4.185941096985911436e+00
7.535867390683053202e+01,4.323252469971215817e+00
7.537867962274935962e+01,4.342861055521403557e+00
7.539868533866820144e+01,4.000337240434097552e+00
7.541869105458702904e+01,3.850552096996201268e+00
7.543869677050585665e+01,4.924580440427632766e+00
7.545870248642469846e+01,4.833851308736460517e+00
7.547870820234352607e+01,5.326522797087399397e+00
7.549871391826236788e+01,4.715255037075298361e+00
7.551871963418119549e+01,4.469196325426376681e+00
7.553872535010003730e+01,4.670613094619006311e+00
7.555873106601886491e+01,5.802228736508334705e+00
7.557873678193770672e+01,5.161359494890533028e+00
7.559874249785653433e+01,5.575917563324974680e+00
7.561874821377536193e+01,5.354904166961857115e+00
7.563875392969420375e+01,6.411542534939653315e+00
7.565875964561303135e+01,7.870489896896968318e+00
7.567876536153187317e+01,7.652653716712795706e+00
7.569877107745070077e+01,8.831781545977042569e+00
7.571877679336954259e+01,9.474896519543742457e+00
7.573878250928837019e+01,1.021182060312440854e+01
7.575878822520721201e+01,1.197515187562363437e+01
7.577879394112603961e+01,1.317199634349871396e+01
7.579879965704486722e+01,1.363633214341126099e+01
7.581880537296370903e+01,1.481685694007768461e+01
7.583881108888253664e+01,1.676071575280796822e+01
7.585881680480137845e+01,1.675427911074801202e+01
7.587882252072020606e+01,1.782008300656521627e+01
7.589882823663904787e+01,1.865083194416515866e+01
7.591883395255787548e+01,1.861373585503547901e+01
7.593883966847671729e+01,1.872605868315813993e+01
7.595884538439554490e+01,1.844499821341635482e+01
7.597885110031437250e+01,1.894271543650440748e+01
7.599885681623321432e+01,1.821811457349692276e+01
7.601886253215204192e+01,1.613303185061156242e+01
7.603886824807088374e+01,1.565273299698042031e+01
7.605887396398971134e+01,1.390399818781498453e+01
7.607887967990855316e+01,1.305467638487868598e+01
7.609888539582738076e+01,1.181858381100550659e+01
7.611889111174622258e+01,1.065443235096637231e+01
7.613889682766505018e+01,1.012298144794895549e+01
7.615890254358387779e+01,8.251108442019090106e+00
7.617890825950271960e+01,8.748410295349607679e+00
7.619891397542154721e+01,7.270512922192030381e+00
7.621891969134038902e+01,6.399255880419893572e+00
7.623892540725921663e+01,6.133660630345888265e+00
7.625893112317805844e+01,5.343754828999621509e+00
7.627893683909688605e+01,5.314155870262921688e+00
7.629894255501572786e+01,5.499530710512832599e+00
7.631894827093455547e+01,5.021606657779616789e+00
7.633895398685339728e+01,5.211914597130328453e+00
7.635895970277222489e+01,5.626504826958129257e+00
7.637896541869105249e+01,5.260706785065551117e+00
7.639897113460989431e+01,4.766184240287176799e+00
7.641897685052872191e+01,5.095927420663138641e+00
7.643898256644756373e+01,5.399127753331563362e+00
7.645898828236639133e+01,4.347395864330870552e+00
7.647899399828523315e+01,4.328248589904125865e+00
7.649899971420406075e+01,5.052186715517052562e+00
7.651900543012290257e+01,5.316467227579111388e+00
7.653901114604173017e+01,4.931745964683193151e+00
7.655901686196055778e+01,4.676661360482453844e+00
7.657902257787939959e+01,5.270718681427865704e+00
7.659902829379822720e+01,5.435506647002094738e+00
7.661903400971706901e+01,5.239953045714754509e+00
7.663903972563589662e+01,5.830296742836684309e+00
7.665904544155473843e+01,5.121254409381141848e+00
7.667905115747356604e+01,6.273895700966675371e+00
7.669905687339240785e+01,6.181726689837368838e+00
7.671906258931123546e+01,5.392509301897140617e+00
7.673906830523006306e+01,6.252946774239305228e+00
7.675907402114890488e+01,5.460643830117128950e+00
7.677907973706773248e+01,6.437006783774943841e+00
7.679908545298657430e+01,6.746557430580597092e+00
7.681909116890540190e+01,6.177625558965319286e+00
7.683909688482424372e+01,6.944227654740910971e+00
7.685910260074307132e+01,6.921527948480963310e+00
7.687910831666191314e+01,7.828493874617616477e+00
7.689911403258074074e+01,7.365816505375415879e+00
7.691911974849956835e+01,7.745190077479819912e+00
7.693912546441841016e+01,7.954777068264184514e+00
7.695913118033723777e+01,8.383622382560592001e+00
7.697913689625607958e+01,8.486479807499705430e+00
7.699914261217490719e+01,7.905001913965474358e+00
7.701914832809374900e+01,8.859787612735184226e+00
7.703915404401257661e+01,7.544853927830878604e+00
7.705915975993141842e+01,8.628150170243454653e+00
7.707916547585024603e+01,8.104739907994071402e+00
7.709917119176907363e+01,8.305932806176937078e+00
7.711917690768791545e+01,8.127390440186298193e+00
7.713918262360674305e+01,7.810715852558023364e+00
7.715918833952558487e+01,8.564767092875261056e+00
7.717919405544441247e+01,7.971038511092300105e+00
7.719919977136325429e+01,8.480410319284487741e+00
7.721920548728208189e+01,7.872889747996811849e+00
7.723921120320092371e+01,8.095646761904918165e+00
7.725921691911975131e+01,7.711379164568842981e+00
7.727922263503859313e+01,6.839813467597039676e+00
7.729922835095742073e+01,7.592185447625745986e+00
7.731923406687624833e+01,7.778282692863009551e+00
7.733923978279509015e+01,8.011609091003256466e+00
7.735924549871391775e+01,7.522946662485514580e+00
7.737925121463275957e+01,8.173502288344176137e+00
7.739925693055158717e+01,8.072149284389183777e+00
7.741926264647042899e+01,8.364214809528949246e+00
7.743926836238925659e+01,8.203109473117141448e+00
7.745927407830809841e+01,7.864267933292187429e+00
7.747927979422692601e+01,8.539614832232851782e+00
7.749928551014575362e+01,8.885865839125472121e+00
7.751929122606459543e+01,7.722918288029757328e+00
7.753929694198342304e+01,8.046310683783792328e+00
7.755930265790226485e+01,8.684721514881525550e+00
7.757930837382109246e+01,8.435483953137055124e+00
7.759931408973993427e+01,8.142208638048222369e+00
7.761931980565876188e+01,9.327410636464577465e+00
7.763932552157760369e+01,8.398090867683684735e+00
7.765933123749643130e+01,8.410106017671113321e+00
7.767933695341525890e+01,8.859807057867051583e+00
7.769934266933410072e+01,8.356305457176011586e+00
7.771934838525292832e+01,9.307757267150357450e+00
7.773935410117177014e+01,8.737594014033751577e+00
7.775935981709059774e+01,8.607063561538435437e+00
7.777936553300943956e+01,8.018671482017662555e+00
7.779937124892826716e+01,8.580613563882987904e+00
7.781937696484710898e+01,7.333671663604135915e+00
7.783938268076593658e+01,8.560380568739709872e+00
7.785938839668476419e+01,6.950208258405410788e+00
7.787939411260360600e+01,8.392826936827219697e+00
7.789939982852243361e+01,7.804523663685596802e+00
7.791940554444127542e+01,7.839339687329866635e+00
7.793941126036010303e+01,7.880840774968014273e+00
7.795941697627894484e+01,7.774757546792622875e+00
7.797942269219777245e+01,8.622532860626002105e+00
7.799942840811661426e+01,8.423220198120883850e+00
7.801943412403544187e+01,9.669217875696945796e+00
7.803943983995426947e+01,9.838916105547838242e+00
7.805944555587311129e+01,1.060062729858104191e+01
7.807945127179193889e+01,1.091206971867912046e+01
7.809945698771078071e+01,1.172704872150029765e+01
7.811946270362960831e+01,1.234703700128055459e+01
7.813946841954845013e+01,1.416531871549719312e+01
7.815947413546727773e+01,1.414421719223927454e+01
7.817947985138611955e+01,1.489067397682098104e+01
7.819948556730494715e+01,1.521980590702627367e+01
7.821949128322378897e+01,1.618345428757170268e+01
7.823949699914261657e+01,1.665121455616958102e+01
7.825950271506144418e+01,1.648491626091814766e+01
7.827950843098028599e+01,1.754728885869226573e+01
7.829951414689911360e+01,1.727439383172472986e+01
7.831951986281795541e+01,1.777355129466820571e+01
7.833952557873678302e+01,1.711406695356944141e+01
7.835953129465562483e+01,1.633892062151099012e+01
7.837953701057445244e+01,1.613822227653829344e+01
7.839954272649329425e+01,1.575383052406608542e+01
7.841954844241212186e+01,1.507567358010344094e+01
7.843955415833094946e+01,1.305634543230144118e+01
7.845955987424979128e+01,1.337771468816204212e+01
7.847956559016861888e+01,1.242540229107383709e+01
7.849957130608746070e+01,1.090686758517955468e+01
7.851957702200628830e+01,1.009543074794832762e+01
7.853958273792513012e+01,9.499799282355855468e+00
7.855958845384395772e+01,8.018191992575058435e+00
7.857959416976279954e+01,8.418830603387247535e+00
7.859959988568162714e+01,7.880260602463689423e+00
7.861960560160045475e+01,6.938837399759917091e+00
7.863961131751929656e+01,6.629074466516223119e+00
7.865961703343812417e+01,6.484772856107094974e+00
7.867962274935696598e+01,6.479060173340164042e+00
7.869962846527579359e+01,5.861160914757502560e+00
7.871963418119463540e+01,5.992222746691428625e+00
7.873963989711346301e+01,5.707928970765985710e+00
7.875964561303230482e+01,5.773611785786645356e+00
7.877965132895113243e+01,5.241867850410314666e+00
7.879965704486996003e+01,5.317812026391811386e+00
7.881966276078880185e+01,6.020587576224971649e+00
7.883966847670762945e+01,4.510033082539614213e+00
7.885967419262647127e+01,5.351081938068558586e+00
7.887967990854529887e+01,5.494803345726483990e+00
7.889968562446414069e+01,4.135329908585820391e+00
7.891969134038296829e+01,4.569929329316027911e+00
7.893969705630181011e+01,4.772449335518093250e+00
7.895970277222063771e+01,5.099904501029236314e+00
7.897970848813946532e+01,4.766389590079522343e+00
7.899971420405830713e+01,4.552062753064929801e+00
7.901971991997713474e+01,5.546743131255422732e+00
7.903972563589597655e+01,5.468204060478534245e+00
7.905973135181480416e+01,5.663306592762522129e+00
7.907973706773364597e+01,4.688652674804633769e+00
7.909974278365247358e+01,5.652224803321913349e+00
7.911974849957131539e+01,5.164325187786147353e+00
7.913975421549014300e+01,4.757091980602579540e+00
7.915975993140898481e+01,5.356388210608957756e+00
7.917976564732781242e+01,5.644984001279826025e+00
7.919977136324664002e+01,4.794493989792881550e+00
7.921977707916548184e+01,4.908166876265672052e+00
7.923978279508430944e+01,5.723288907837183359e+00
7.925978851100315126e+01,5.002842844313866166e+00
7.927979422692197886e+01,5.626664759452451925e+00
7.929979994284082068e+01,6.412908487289129766e+00
7.931980565875964828e+01,6.545873294112060314e+00
7.933981137467849010e+01,6.300838714439521482e+00
7.935981709059731770e+01,6.363027412368434277e+00
7.937982280651614531e+01,7.030534811412826102e+00
7.939982852243498712e+01,6.542090086155297968e+00
7.941983423835381473e+01,6.070569640983375592e+00
7.943983995427265654e+01,6.926983923459872017e+00
7.945984567019148415e+01,6.184368788219222424e+00
7.947985138611032596e+01,6.268942839469368700e+00
7.949985710202915357e+01,7.415560445262094902e+00
7.951986281794799538e+01,6.765833842574834556e+00
7.953986853386682299e+01,7.394554709548048166e+00
7.955987424978565059e+01,6.425583032687073093e+00
7.957987996570449241e+01,6.940674742251619733e+00
7.959988568162332001e+01,6.888681759979867536e+00
7.961989139754216183e+01,6.658195176161118667e+00
7.963989711346098943e+01,6.036859478788588085e+00
7.965990282937983125e+01,6.230251659057430835e+00
7.967990854529865885e+01,6.306035597930867098e+00
7.969991426121750067e+01,5.972231648216384414e+00
7.971991997713632827e+01,6.218735523213823058e+00
7.973992569305515588e+01,5.548687679065291256e+00
7.975993140897399769e+01,5.578060036994291870e+00
7.977993712489282530e+01,5.030266866607528087e+00
7.979994284081166711e+01,5.451743355630910060e+00
7.981994855673049472e+01,5.084165641127447621e+00
7.983995427264933653e+01,4.836521833084480804e+00
7.985995998856816414e+01,5.223824426939407850e+00
7.987996570448700595e+01,4.301183970313693372e+00
7.989997142040583356e+01,4.544285417523123094e+00
7.991997713632466116e+01,4.402704817777420843e+00
7.993998285224350298e+01,4.535488851667455634e+00
7.995998856816233058e+01,5.123699758767814139e+00
7.997999428408117240e+01,5.014735509141567960e+00
8.000000000000000000e+01,4.226282973585975711e+00
