angle,intensity
1.000000000000000000e+01,6.185687665293484017e+00
1.002000571591883471e+01,5.811191646248889953e+00
1.004001143183766764e+01,6.496817952560057563e+00
1.006001714775650235e+01,6.059312164572491000e+00
1.008002286367533529e+01,5.639945638828161023e+00
1.010002857959417000e+01,5.813391991207412346e+00
1.012003429551300293e+01,5.506788847586857827e+00
1.014004001143183764e+01,6.199067357456128136e+00
1.016004572735067235e+01,6.577666775034008317e+00
1.018005144326950528e+01,5.775078685682801805e+00
1.020005715918833999e+01,5.475330651644966018e+00
1.022006287510717293e+01,5.898500998068051615e+00
1.024006859102600764e+01,6.126299093220612946e+00
1.026007430694484057e+01,5.087559838299274162e+00
1.028008002286367528e+01,6.102920871324118757e+00
1.030008573878250999e+01,5.759246178151801843e+00
1.032009145470134293e+01,5.523012522767468013e+00
1.034009717062017764e+01,5.753620016082853006e+00
1.036010288653901057e+01,5.562554763265564972e+00
1.038010860245784528e+01,5.602140990664031150e+00
1.040011431837667999e+01,6.175773549215957559e+00
1.042012003429551292e+01,6.277534607704462033e+00
1.044012575021434763e+01,6.256874306680545672e+00
1.046013146613318057e+01,4.996922929595228879e+00
1.048013718205201528e+01,5.333113671625110186e+00
1.050014289797084821e+01,5.724432766794744332e+00
1.052014861388968292e+01,5.609267408077970529e+00
1.054015432980851585e+01,5.883090661706809499e+00
1.056016004572735056e+01,5.802322506452242123e+00
1.058016576164618527e+01,4.986844539941451160e+00
1.060017147756501821e+01,5.299519014844417342e+00
1.062017719348385292e+01,5.560991413894727842e+00
1.064018290940268585e+01,5.938269349944922837e+00
1.066018862532152056e+01,5.848203068673391236e+00
1.068019434124035527e+01,5.067335817978294799e+00
1.070020005715918820e+01,6.354103608706202166e+00
1.072020577307802292e+01,6.215194459620450473e+00
1.074021148899685585e+01,5.577778172726725714e+00
1.076021720491569056e+01,5.646948585774836715e+00
1.078022292083452349e+01,5.687148269160594793e+00
1.080022863675335820e+01,5.592016528968549061e+00
1.082023435267219291e+01,5.494313209297742695e+00
1.084024006859102585e+01,5.814358738773661273e+00
1.086024578450986056e+01,5.346032923772103373e+00
1.088025150042869349e+01,5.387659882354271623e+00
1.090025721634752820e+01,5.208613834472085813e+00
1.092026293226636113e+01,5.995395824798675832e+00
1.094026864818519584e+01,5.830584107858875598e+00
1.096027436410403055e+01,6.187641495347319776e+00
1.098028008002286349e+01,5.620239039820233984e+00
1.100028579594169820e+01,5.789819969920466214e+00
1.102029151186053113e+01,5.852522218688397615e+00
1.104029722777936584e+01,4.839780126336133748e+00
1.106030294369819877e+01,5.653836828819621907e+00
1.108030865961703348e+01,5.391474891021164950e+00
1.110031437553586819e+01,6.178269223152470957e+00
1.112032009145470113e+01,5.694225799103897145e+00
1.114032580737353584e+01,5.078047236059487268e+00
1.116033152329236877e+01,6.042931727223850302e+00
1.118033723921120348e+01,5.476364685176415392e+00
1.120034295513003642e+01,6.078227711487055984e+00
1.122034867104887113e+01,5.299975280008162315e+00
1.124035438696770584e+01,4.937390439453929858e+00
1.126036010288653877e+01,4.949011886243745550e+00
1.128036581880537348e+01,6.194240338783856714e+00
1.130037153472420641e+01,5.613029552069320083e+00
1.132037725064304112e+01,5.697925750797921296e+00
1.134038296656187583e+01,5.524505816166767502e+00
1.136038868248070877e+01,5.305130002372115072e+00
1.138039439839954348e+01,4.643477885478125344e+00
1.140040011431837641e+01,5.434806338825442396e+00
1.142040583023721112e+01,5.144651916379746837e+00
1.144041154615604405e+01,5.117824803301198600e+00
1.146041726207487876e+01,5.369267503414596021e+00
1.148042297799371170e+01,5.070440946704136032e+00
1.150042869391254641e+01,5.487849535827998615e+00
1.152043440983138112e+01,5.792044092884296447e+00
1.154044012575021405e+01,4.588028326537899382e+00
1.156044584166904876e+01,4.981685718747655756e+00
1.158045155758788169e+01,5.338754631994945044e+00
1.160045727350671640e+01,5.545081044258616032e+00
1.162046298942555111e+01,5.972387489764736657e+00
1.164046870534438405e+01,5.168947267139417434e+00
1.166047442126321876e+01,5.806178047111176355e+00
1.168048013718205169e+01,5.376808606366859422e+00
1.170048585310088640e+01,4.958498750713224545e+00
1.172049156901971934e+01,5.685429957758277197e+00
1.174049728493855405e+01,4.916067461443484277e+00
1.176050300085738698e+01,4.951967587004929783e+00
1.178050871677622169e+01,6.074870107623188353e+00
1.180051443269505640e+01,5.455875353758877111e+00
1.182052014861388933e+01,4.696608288891408911e+00
1.184052586453272404e+01,4.909670059635192096e+00
1.186053158045155698e+01,4.592536932560781437e+00
1.188053729637039169e+01,6.000958911648822891e+00
1.190054301228922640e+01,5.925315329055782065e+00
1.192054872820805933e+01,5.174568869360777867e+00
1.194055444412689404e+01,4.463040713541652771e+00
1.196056016004572697e+01,5.376753802270307858e+00
1.198056587596456168e+01,4.979399404755929126e+00
1.200057159188339639e+01,4.840999993481402086e+00
1.202057730780222933e+01,4.960123084148958306e+00
1.204058302372106226e+01,5.093219899274602724e+00
1.206058873963989697e+01,4.837701663654677020e+00
1.208059445555873168e+01,5.073401585387642854e+00
1.210060017147756461e+01,5.135746548499326991e+00
1.212060588739639932e+01,4.392373259570883093e+00
1.214061160331523226e+01,5.505870198808180405e+00
1.216061731923406697e+01,4.706726490971584909e+00
1.218062303515290168e+01,4.569045788437072986e+00
1.220062875107173461e+01,5.121106787580250952e+00
1.222063446699056932e+01,4.908035714736781685e+00
1.224064018290940226e+01,5.279530587340147463e+00
1.226064589882823697e+01,5.412017238198972180e+00
1.228065161474707168e+01,6.068244035107121626e+00
1.230065733066590461e+01,4.427221821141305469e+00
1.232066304658473754e+01,4.679384228322451378e+00
1.234066876250357225e+01,5.387508578991404562e+00
1.236067447842240696e+01,4.613516266689060785e+00
1.238068019434123990e+01,4.989561598330348957e+00
1.240068591026007461e+01,5.786949504223608542e+00
1.242069162617890754e+01,5.632347479639467025e+00
1.244069734209774225e+01,5.744458199340567006e+00
1.246070305801657696e+01,5.404378400190187115e+00
1.248070877393540989e+01,5.107137273722424098e+00
1.250071448985424460e+01,5.502263023987322477e+00
1.252072020577307754e+01,4.800493736715705673e+00
1.254072592169191225e+01,4.655341722404189753e+00
1.256073163761074696e+01,5.081347499298612291e+00
1.258073735352957989e+01,5.217258445720405646e+00
1.260074306944841460e+01,4.854205981941463577e+00
1.262074878536724754e+01,5.559836149495039237e+00
1.264075450128608225e+01,5.106516157801129552e+00
1.266076021720491518e+01,5.620952838457029088e+00
1.268076593312374989e+01,4.977909159021400853e+00
1.270077164904258282e+01,5.182797553333387874e+00
1.272077736496141753e+01,5.289829456290442877e+00
1.274078308088025224e+01,5.943469944280573181e+00
1.276078879679908518e+01,5.583145485052121160e+00
1.278079451271791989e+01,5.340158591354746243e+00
1.280080022863675282e+01,5.015539228502488456e+00
1.282080594455558753e+01,5.018916194398546082e+00
1.284081166047442224e+01,4.611418748960167235e+00
1.286081737639325517e+01,5.144527059573926309e+00
1.288082309231208988e+01,4.933887582686931950e+00
1.290082880823092282e+01,5.080284644514554415e+00
1.292083452414975753e+01,5.045915816068921700e+00
1.294084024006859224e+01,4.962126689401119783e+00
1.296084595598742517e+01,5.516439095589649177e+00
1.298085167190625810e+01,4.418018005294374717e+00
1.300085738782509281e+01,4.936807203280300982e+00
1.302086310374392752e+01,4.818361884712809129e+00
1.304086881966276046e+01,4.854755956753567858e+00
1.306087453558159517e+01,4.573064310011316635e+00
1.308088025150042810e+01,4.962424647682560419e+00
1.310088596741926281e+01,5.390918594234084260e+00
1.312089168333809752e+01,4.633923630405003102e+00
1.314089739925693046e+01,5.025938005275444098e+00
1.316090311517576517e+01,5.316466865654846607e+00
1.318090883109459810e+01,4.680162678804320464e+00
1.320091454701343281e+01,5.288439984711268416e+00
1.322092026293226752e+01,4.745820113907260662e+00
1.324092597885110045e+01,4.937115935628353824e+00
1.326093169476993339e+01,4.788799565658361956e+00
1.328093741068876810e+01,4.788919352917838879e+00
1.330094312660760281e+01,5.420822378374187345e+00
1.332094884252643574e+01,4.687157898899062758e+00
1.334095455844527045e+01,4.762190554433265888e+00
1.336096027436410338e+01,4.856794768274151686e+00
1.338096599028293809e+01,4.686945057043430118e+00
1.340097170620177280e+01,4.538175029861974075e+00
1.342097742212060574e+01,5.320536818621302011e+00
1.344098313803944045e+01,5.064109487494015127e+00
1.346098885395827338e+01,4.460572645632241873e+00
1.348099456987710809e+01,4.894177141543123000e+00
1.350100028579594280e+01,4.474502894797215191e+00
1.352100600171477573e+01,5.389509447522407015e+00
1.354101171763361044e+01,5.247899475981394168e+00
1.356101743355244338e+01,4.753106845838235728e+00
1.358102314947127809e+01,4.570399946723128437e+00
1.360102886539011102e+01,5.021544277021304126e+00
1.362103458130894573e+01,5.404429144297694165e+00
1.364104029722777867e+01,4.919523860839184692e+00
1.366104601314661338e+01,5.293178767533784246e+00
1.368105172906544809e+01,4.164031355333405848e+00
1.370105744498428102e+01,4.291853000887922320e+00
1.372106316090311573e+01,4.510510301350320717e+00
1.374106887682194866e+01,5.635958966548455074e+00
1.376107459274078337e+01,5.093329492673972503e+00
1.378108030865961808e+01,4.845159801899645124e+00
1.380108602457845102e+01,4.868759770786771135e+00
1.382109174049728573e+01,5.337720113656516219e+00
1.384109745641611866e+01,5.008833438358348822e+00
1.386110317233495337e+01,5.387633752098274442e+00
1.388110888825378808e+01,5.210945883793899114e+00
1.390111460417262101e+01,4.752947166005851543e+00
1.392112032009145395e+01,4.604390099170979411e+00
1.394112603601028866e+01,4.959850244740575675e+00
1.396113175192912337e+01,4.170000700226216495e+00
1.398113746784795630e+01,4.896507705162601809e+00
1.400114318376679101e+01,4.555080272213741566e+00
1.402114889968562395e+01,4.390743759004197777e+00
1.404115461560445866e+01,5.074570807508791859e+00
1.406116033152329337e+01,4.565603435282839406e+00
1.408116604744212630e+01,5.021561903726349030e+00
1.410117176336095923e+01,5.235760428138409139e+00
1.412117747927979394e+01,4.489752004329044865e+00
1.414118319519862865e+01,4.620527901444273056e+00
1.416118891111746336e+01,4.745586680050147166e+00
1.418119462703629630e+01,4.526399296602810374e+00
1.420120034295512923e+01,5.017225973746937129e+00
1.422120605887396394e+01,4.488069032528784419e+00
1.424121177479279865e+01,5.121154916659550693e+00
1.426121749071163336e+01,5.045380056122587220e+00
1.428122320663046629e+01,5.142352341063621601e+00
1.430122892254929923e+01,4.395738305165182602e+00
1.432123463846813394e+01,4.903771914683940913e+00
1.434124035438696865e+01,4.414583340456706750e+00
1.436124607030580158e+01,5.331220871459089850e+00
1.438125178622463629e+01,4.705063316669900075e+00
1.440125750214346922e+01,5.351800682436429923e+00
1.442126321806230393e+01,4.441901715421572305e+00
1.444126893398113864e+01,4.570540785076355306e+00
1.446127464989997158e+01,4.882796668100474413e+00
1.448128036581880451e+01,4.740790018976165143e+00
1.450128608173763922e+01,4.233766148331468138e+00
1.452129179765647393e+01,4.363475336818499528e+00
1.454129751357530864e+01,4.994788444216625933e+00
1.456130322949414158e+01,5.151571896774374437e+00
1.458130894541297451e+01,4.374646739609689305e+00
1.460131466133180922e+01,4.396668599124607724e+00
1.462132037725064393e+01,4.861978558483691870e+00
1.464132609316947686e+01,4.184243081189515934e+00
1.466133180908831157e+01,4.493769563763382102e+00
1.468133752500714451e+01,4.802039973620915170e+00
1.470134324092597922e+01,4.916563521001961590e+00
1.472134895684481393e+01,4.843196070175910251e+00
1.474135467276364686e+01,4.936918280869531550e+00
1.476136038868247979e+01,4.227718870134200557e+00
1.478136610460131450e+01,4.669103646123744511e+00
1.480137182052014921e+01,4.944863746815796546e+00
1.482137753643898392e+01,5.316913496532883698e+00
1.484138325235781686e+01,5.215865490333724708e+00
1.486138896827664979e+01,4.874704522882109536e+00
1.488139468419548450e+01,4.443261539899595824e+00
1.490140040011431921e+01,5.097924862162329873e+00
1.492140611603315392e+01,5.642941305041107469e+00
1.494141183195198685e+01,4.805729213172637238e+00
1.496141754787081979e+01,4.678799748154387039e+00
1.498142326378965450e+01,5.404755549543896365e+00
1.500142897970848921e+01,4.659979824007075777e+00
1.502143469562732214e+01,4.996386663591382060e+00
1.504144041154615508e+01,5.981347132966878810e+00
1.506144612746498979e+01,5.436877593064012970e+00
1.508145184338382450e+01,5.153399214672429451e+00
1.510145755930265921e+01,5.556927979335839929e+00
1.512146327522149214e+01,4.838506328457917505e+00
1.514146899114032507e+01,4.948356539548766975e+00
1.516147470705915978e+01,6.213567519857782884e+00
1.518148042297799449e+01,5.709100574536434713e+00
1.520148613889682920e+01,5.439692093092203251e+00
1.522149185481566214e+01,5.831360436543575609e+00
1.524149757073449507e+01,5.178079157858354264e+00
1.526150328665332978e+01,6.538820467778821310e+00
1.528150900257216449e+01,5.552943843874789565e+00
1.530151471849099742e+01,6.112488177815932566e+00
1.532152043440983036e+01,6.049743942579731026e+00
1.534152615032866507e+01,5.590403721566378437e+00
1.536153186624749978e+01,6.548054574811605910e+00
1.538153758216633449e+01,6.130287698220063142e+00
1.540154329808516742e+01,6.560654974992631949e+00
1.542154901400400036e+01,6.604581909990857369e+00
1.544155472992283507e+01,5.763619980766421236e+00
1.546156044584166978e+01,6.642405993602876535e+00
1.548156616176050449e+01,6.989795063787346052e+00
1.550157187767933742e+01,6.851524003626304982e+00
1.552157759359817035e+01,6.866200317032935097e+00
1.554158330951700506e+01,7.776071178660142635e+00
1.556158902543583977e+01,6.748223884338495182e+00
1.558159474135467271e+01,6.423012761396782011e+00
1.560160045727350742e+01,7.420489019529092900e+00
1.562160617319234035e+01,8.395462250098992385e+00
1.564161188911117506e+01,6.884673997276333779e+00
1.566161760503000977e+01,7.018420017251381537e+00
1.568162332094884270e+01,7.871299987850443713e+00
1.570162903686767564e+01,8.078842846573943248e+00
1.572163475278651035e+01,8.203514156575577587e+00
1.574164046870534506e+01,8.060903859727144294e+00
1.576164618462417977e+01,8.131617976517828694e+00
1.578165190054301270e+01,8.280877698099748940e+00
1.580165761646184563e+01,8.581203622819032262e+00
1.582166333238068034e+01,9.281451550083890112e+00
1.584166904829951505e+01,9.570978285029948296e+00
1.586167476421834799e+01,8.870036892499040704e+00
1.588168048013718270e+01,9.543356777550815906e+00
1.590168619605601563e+01,9.466233830224888735e+00
1.592169191197485034e+01,9.152709889051340753e+00
1.594169762789368505e+01,9.574334314551924408e+00
1.596170334381251799e+01,9.248213472104467314e+00
1.598170905973135092e+01,1.018858205125706817e+01
1.600171477565018563e+01,9.821799249651267161e+00
1.602172049156902034e+01,1.065763812361155871e+01
1.604172620748785505e+01,1.158372228803749060e+01
1.606173192340668976e+01,1.113850000740182722e+01
1.608173763932552092e+01,1.075868831287020910e+01
1.610174335524435563e+01,1.143604767868068173e+01
1.612174907116319034e+01,1.139758000686114059e+01
1.614175478708202505e+01,1.222141189654681170e+01
1.616176050300085620e+01,1.227478683442921970e+01
1.618176621891969091e+01,1.220822292876766113e+01
1.620177193483852562e+01,1.231493533085430769e+01
1.622177765075736033e+01,1.290897374476947590e+01
1.624178336667619504e+01,1.369830902950647555e+01
1.626178908259502620e+01,1.361444697921075608e+01
1.628179479851386091e+01,1.331196591056991174e+01
1.630180051443269562e+01,1.338317202920203464e+01
1.632180623035153033e+01,1.396884773547926173e+01
1.634181194627036149e+01,1.453851124851144583e+01
1.636181766218919620e+01,1.535752575786992580e+01
1.638182337810803091e+01,1.484094679321474430e+01
1.640182909402686562e+01,1.532140059372605201e+01
1.642183480994570033e+01,1.540230692462317208e+01
1.644184052586453504e+01,1.535705818059258121e+01
1.646184624178336620e+01,1.474498242992867603e+01
1.648185195770220091e+01,1.478925235828353735e+01
1.650185767362103562e+01,1.537897411398374459e+01
1.652186338953986677e+01,1.561340545378719824e+01
1.654186910545870148e+01,1.509425996201413156e+01
1.656187482137753619e+01,1.463515583271347609e+01
1.658188053729637090e+01,1.528611015730739098e+01
1.660188625321520561e+01,1.392319943551582284e+01
1.662189196913404032e+01,1.503392917732082879e+01
1.664189768505287148e+01,1.318139124387590932e+01
1.666190340097170619e+01,1.317067104304611647e+01
1.668190911689054090e+01,1.384655300035414172e+01
1.670191483280937561e+01,1.249577593283603250e+01
1.672192054872820677e+01,1.204195254010471317e+01
1.674192626464704148e+01,1.227641127472282712e+01
1.676193198056587619e+01,1.118563722215714407e+01
1.678193769648471090e+01,1.131980378407593690e+01
1.680194341240354561e+01,1.021756108363899074e+01
1.682194912832238032e+01,1.096925667672406135e+01
1.684195484424121148e+01,1.031403234974292005e+01
1.686196056016004619e+01,1.074681206144379431e+01
1.688196627607888090e+01,9.956081687525877300e+00
1.690197199199771205e+01,1.025180490997468929e+01
1.692197770791654676e+01,1.028503069465067554e+01
1.694198342383538147e+01,1.031507094622366338e+01
1.696198913975421618e+01,9.923265673268399922e+00
1.698199485567305089e+01,1.020117330165704850e+01
1.700200057159188560e+01,1.090958222646842657e+01
1.702200628751071676e+01,1.088575054915784079e+01
1.704201200342955147e+01,1.077581652827008263e+01
1.706201771934838618e+01,1.027547161902517026e+01
1.708202343526722089e+01,1.088416115569346587e+01
1.710202915118605205e+01,1.136669204566621794e+01
1.712203486710488676e+01,1.140457245138125941e+01
1.714204058302372147e+01,1.199463470592253600e+01
1.716204629894255618e+01,1.203876443463451196e+01
1.718205201486139089e+01,1.292258204271129074e+01
1.720205773078022204e+01,1.286222013580792378e+01
1.722206344669905675e+01,1.333280606135661372e+01
1.724206916261789146e+01,1.367753821386798307e+01
1.726207487853672617e+01,1.272432905737209197e+01
1.728208059445555733e+01,1.412459501011628049e+01
1.730208631037439204e+01,1.366987929946691693e+01
1.732209202629322675e+01,1.543139339370701890e+01
1.734209774221206146e+01,1.553521282471738019e+01
1.736210345813089617e+01,1.519223859985666358e+01
1.738210917404973088e+01,1.590247185459920232e+01
1.740211488996856204e+01,1.687026840079925094e+01
1.742212060588739675e+01,1.659996397139182989e+01
1.744212632180623146e+01,1.637990472185416735e+01
1.746213203772506262e+01,1.804301471802297741e+01
1.748213775364389733e+01,1.784235090939094803e+01
1.750214346956273204e+01,1.834092088974413670e+01
1.752214918548156675e+01,1.875843329980636298e+01
1.754215490140040146e+01,1.930922151234846496e+01
1.756216061731923617e+01,1.945921569811768137e+01
1.758216633323806732e+01,1.922072376753553158e+01
1.760217204915690203e+01,2.056368781229279463e+01
1.762217776507573674e+01,2.083491754672529694e+01
1.764218348099457145e+01,2.077675702031705640e+01
1.766218919691340261e+01,2.055988279281618603e+01
1.768219491283223732e+01,2.084671753598615851e+01
1.770220062875107203e+01,2.148134352389887525e+01
1.772220634466990674e+01,2.137219143672857413e+01
1.774221206058874145e+01,2.162637348974887885e+01
1.776221777650757616e+01,2.087391585127577542e+01
1.778222349242640732e+01,2.035006643293577611e+01
1.780222920834524203e+01,1.984400182182677241e+01
1.782223492426407674e+01,1.978519718605300426e+01
1.784224064018290790e+01,1.980355782999264136e+01
1.786224635610174261e+01,1.818269521945271450e+01
1.788225207202057732e+01,1.785718289561958017e+01
1.790225778793941203e+01,1.795961160297659376e+01
1.792226350385824674e+01,1.609416187633302542e+01
1.794226921977708145e+01,1.557155125520003480e+01
1.796227493569591260e+01,1.604338918379067280e+01
1.798228065161474731e+01,1.515729027552133346e+01
1.800228636753358202e+01,1.466450379208886190e+01
1.802229208345241318e+01,1.448686192079582646e+01
1.804229779937124789e+01,1.418415578154142409e+01
1.806230351529008260e+01,1.276192517376721014e+01
1.808230923120891731e+01,1.361784324982502525e+01
1.810231494712775202e+01,1.257960112183113033e+01
1.812232066304658673e+01,1.234622792576573147e+01
1.814232637896542144e+01,1.218392958075353683e+01
1.816233209488425260e+01,1.321263988327294037e+01
1.818233781080308731e+01,1.248820986090989393e+01
1.820234352672191847e+01,1.281330921038536275e+01
1.822234924264075318e+01,1.369105746983296612e+01
1.824235495855958789e+01,1.357980709239015660e+01
1.826236067447842260e+01,1.380822922726815349e+01
1.828236639039725731e+01,1.454961634873851750e+01
1.830237210631609202e+01,1.412959050517236115e+01
1.832237782223492673e+01,1.546839872276445860e+01
1.834238353815375788e+01,1.472147625800865534e+01
1.836238925407259259e+01,1.564611293898351185e+01
1.838239496999142730e+01,1.523118458116601914e+01
1.840240068591025846e+01,1.640963003767830486e+01
1.842240640182909317e+01,1.626391342912437210e+01
1.844241211774792788e+01,1.703250902591271654e+01
1.846241783366676259e+01,1.698831656579270799e+01
1.848242354958559730e+01,1.830211853036297498e+01
1.850242926550443201e+01,1.823129336127639988e+01
1.852243498142326672e+01,1.842669010277482755e+01
1.854244069734209788e+01,1.920335655842171718e+01
1.856244641326093259e+01,1.926866681121357772e+01
1.858245212917976374e+01,2.021362107187660939e+01
1.860245784509859845e+01,2.008588803256688138e+01
1.862246356101743316e+01,2.005423556435063404e+01
1.864246927693626787e+01,2.134904435731839101e+01
1.866247499285510258e+01,2.133610808666077574e+01
1.868248070877393729e+01,2.113766024776783325e+01
1.870248642469277200e+01,2.129936407353931571e+01
1.872249214061160316e+01,2.116860516815792082e+01
1.874249785653043787e+01,2.086224519213411099e+01
1.876250357244927258e+01,2.123594951397768682e+01
1.878250928836810374e+01,2.040748052952354641e+01
1.880251500428693845e+01,1.999149622044981456e+01
1.882252072020577316e+01,1.926438325256044237e+01
1.884252643612460787e+01,1.891235657121732316e+01
1.886253215204344258e+01,1.921589149409283692e+01
1.888253786796227729e+01,1.828544805645288918e+01
1.890254358388111200e+01,1.753533444197678648e+01
1.892254929979994316e+01,1.812805703263885704e+01
1.894255501571877787e+01,1.722157182587482538e+01
1.896256073163760902e+01,1.643418133745822018e+01
1.898256644755644373e+01,1.601060189704352510e+01
1.900257216347527844e+01,1.636551099765345185e+01
1.902257787939411315e+01,1.610934703904355203e+01
1.904258359531294786e+01,1.567780253917669953e+01
1.906258931123178257e+01,1.527951135831614593e+01
1.908259502715061728e+01,1.608550612159403670e+01
1.910260074306944844e+01,1.598018585320972207e+01
1.912260645898828315e+01,1.600833500979928914e+01
1.914261217490711431e+01,1.603830727626608166e+01
1.916261789082594902e+01,1.703735888206738025e+01
1.918262360674478373e+01,1.703101864041395785e+01
1.920262932266361844e+01,1.767361257073209302e+01
1.922263503858245315e+01,1.821874096063198678e+01
1.924264075450128786e+01,1.826085717641898754e+01
1.926264647042012257e+01,1.914922533000282101e+01
1.928265218633895373e+01,2.032803025690978416e+01
1.930265790225778844e+01,2.000105241549445978e+01
1.932266361817662315e+01,2.121314636193044834e+01
1.934266933409545430e+01,2.074145987375894862e+01
1.936267505001428901e+01,2.196194973448846355e+01
1.938268076593312372e+01,2.302187771664513605e+01
1.940268648185195843e+01,2.408802304503386438e+01
1.942269219777079314e+01,2.426146993625636128e+01
1.944269791368962785e+01,2.541031277992454207e+01
1.946270362960846256e+01,2.650638138998881033e+01
1.948270934552729372e+01,2.765585921535340930e+01
1.950271506144612843e+01,2.844108678258837841e+01
1.952272077736495959e+01,2.978136708246066178e+01
1.954272649328379430e+01,3.045648075812406574e+01
1.956273220920262901e+01,3.212613194462858246e+01
1.958273792512146372e+01,3.412367570090158608e+01
1.960274364104029843e+01,3.385462882476620194e+01
1.962274935695913314e+01,3.645243511885404075e+01
1.964275507287796785e+01,3.775899890185355900e+01
1.966276078879679901e+01,3.869153190827378808e+01
1.968276650471563372e+01,3.961732704339415534e+01
1.970277222063446487e+01,4.111634894519619365e+01
1.972277793655329958e+01,4.326956585480817097e+01
1.974278365247213429e+01,4.452183379141706610e+01
1.976278936839096900e+01,4.649526280057235539e+01
1.978279508430980371e+01,4.679810630519273218e+01
1.980280080022863842e+01,4.928289701813494617e+01
1.982280651614747313e+01,5.123656027981685668e+01
1.984281223206630784e+01,5.173555259695325503e+01
1.986281794798513900e+01,5.370321713112522843e+01
1.988282366390397371e+01,5.505022427536976437e+01
1.990282937982280487e+01,5.703254682963923727e+01
1.992283509574163958e+01,5.808966056382488574e+01
1.994284081166047429e+01,5.993365402591467728e+01
1.996284652757930900e+01,6.138712911199742450e+01
1.998285224349814371e+01,6.271610879130399496e+01
2.000285795941697842e+01,6.321850265499971044e+01
2.002286367533581313e+01,6.430461505275717116e+01
2.004286939125464428e+01,6.383561970674216468e+01
2.006287510717347899e+01,6.414339848285811740e+01
2.008288082309231015e+01,6.341110073551348592e+01
2.010288653901114486e+01,6.200826556986110916e+01
2.012289225492997957e+01,6.142633431477356964e+01
2.014289797084881428e+01,6.030748126760814642e+01
2.016290368676764899e+01,5.721316896434976229e+01
2.018290940268648370e+01,5.483529406411013696e+01
2.020291511860531841e+01,5.150976398840703041e+01
2.022292083452414957e+01,4.877500305046940809e+01
2.024292655044298428e+01,4.535605627494530268e+01
2.026293226636181899e+01,4.122637915076469284e+01
2.028293798228065015e+01,3.748143476179039624e+01
2.030294369819948486e+01,3.375308631635320467e+01
2.032294941411831957e+01,3.040298490978208434e+01
2.034295513003715428e+01,2.744217208362245941e+01
2.036296084595598899e+01,2.438794500311707480e+01
2.038296656187482370e+01,2.093385334423059163e+01
2.040297227779365841e+01,1.885956395403644947e+01
2.042297799371248956e+01,1.644585913246979203e+01
2.044298370963132427e+01,1.429208357966508203e+01
2.046298942555015543e+01,1.281087154578064258e+01
2.048299514146899014e+01,1.160043365644187574e+01
2.050300085738782485e+01,1.072385208780848131e+01
2.052300657330665956e+01,1.018250377504932658e+01
2.054301228922549427e+01,8.047954627773176384e+00
2.056301800514432898e+01,8.191830177838996363e+00
2.058302372106316369e+01,7.687063334211547527e+00
2.060302943698199485e+01,7.076686280977894761e+00
2.062303515290082956e+01,7.147003035411820804e+00
2.064304086881966072e+01,6.559047691939087876e+00
2.066304658473849543e+01,6.184060559313523164e+00
2.068305230065733014e+01,5.576282765822809573e+00
2.070305801657616485e+01,5.668957226906236713e+00
2.072306373249499956e+01,5.483356132716282971e+00
2.074306944841383427e+01,5.601062765181370473e+00
2.076307516433266898e+01,5.553077344853241115e+00
2.078308088025150369e+01,5.751783267274442224e+00
2.080308659617033484e+01,5.203817899067002095e+00
2.082309231208916955e+01,4.605086044508761134e+00
2.084309802800800071e+01,4.473423433709865726e+00
2.086310374392683542e+01,5.226506413482278290e+00
2.088310945984567013e+01,4.455515347043577101e+00
2.090311517576450484e+01,5.049595827344399268e+00
2.092312089168333955e+01,4.811172878629460747e+00
2.094312660760217426e+01,4.477288313706906386e+00
2.096313232352100897e+01,4.109247718664601479e+00
2.098313803943984013e+01,4.354727089594595313e+00
2.100314375535867484e+01,3.928975625313072761e+00
2.102314947127750600e+01,4.456144660777096256e+00
2.104315518719634071e+01,3.950011404082015787e+00
2.106316090311517542e+01,4.117884590728824179e+00
2.108316661903401013e+01,4.199940389970934440e+00
2.110317233495284484e+01,4.796964657507663432e+00
2.112317805087167955e+01,4.413082361146361876e+00
2.114318376679051426e+01,4.455871104134917715e+00
2.116318948270934541e+01,3.065385541968906224e+00
2.118319519862818012e+01,3.641499573657526412e+00
2.120320091454701483e+01,4.048604848924192368e+00
2.122320663046584599e+01,3.459068082640170516e+00
2.124321234638468070e+01,4.177252294366736507e+00
2.126321806230351541e+01,4.201903952231551109e+00
2.128322377822235012e+01,3.535656668441107264e+00
2.130322949414118483e+01,3.350799806132679581e+00
2.132323521006001954e+01,3.363154254377483721e+00
2.134324092597885425e+01,4.206855904812721647e+00
2.136324664189768541e+01,3.476294529998212646e+00
2.138325235781652012e+01,2.902900990786506874e+00
2.140325807373535127e+01,3.240509004422978734e+00
2.142326378965418598e+01,3.918910155217071090e+00
2.144326950557302069e+01,3.556983360498962909e+00
2.146327522149185540e+01,3.025125010142285298e+00
2.148328093741069011e+01,2.895676281116524642e+00
2.150328665332952482e+01,3.761514851459533126e+00
2.152329236924835953e+01,3.607389971468909717e+00
2.154329808516719069e+01,3.407523207873290438e+00
2.156330380108602540e+01,3.685462171904772433e+00
2.158330951700485656e+01,3.959176548449811150e+00
2.160331523292369127e+01,3.705313879581470182e+00
2.162332094884252598e+01,3.415748966483826976e+00
2.164332666476136069e+01,2.740285143579459959e+00
2.166333238068019540e+01,3.609634371650081164e+00
2.168333809659903011e+01,3.231329770556618186e+00
2.170334381251786482e+01,3.395461985708477570e+00
2.172334952843669598e+01,2.982060261545301572e+00
2.174335524435553069e+01,4.443539244628274432e+00
2.176336096027436540e+01,2.942847767840478745e+00
2.178336667619319655e+01,3.785424718971261981e+00
2.180337239211203126e+01,3.927320386023943399e+00
2.182337810803086597e+01,3.636494150145354709e+00
2.184338382394970068e+01,3.343252429142163251e+00
2.186338953986853539e+01,3.651504107283459533e+00
2.188339525578737010e+01,2.782673632569090394e+00
2.190340097170620481e+01,3.543833810229762182e+00
2.192340668762503597e+01,3.651604696191150801e+00
2.194341240354387068e+01,3.523630318668932837e+00
2.196341811946270184e+01,3.550773850835820866e+00
2.198342383538153655e+01,3.941360876751443421e+00
2.200342955130037126e+01,3.480489484704059944e+00
2.202343526721920597e+01,3.323640408385711176e+00
2.204344098313804068e+01,2.989104582892829320e+00
2.206344669905687539e+01,4.245067341735691890e+00
2.208345241497571010e+01,3.259949445904392284e+00
2.210345813089454126e+01,4.090393267314057724e+00
2.212346384681337597e+01,3.600316974300081796e+00
2.214346956273221068e+01,3.910364517848231358e+00
2.216347527865104183e+01,3.185178523578112930e+00
2.218348099456987654e+01,4.220361015953267625e+00
2.220348671048871125e+01,3.883279189440062673e+00
2.222349242640754596e+01,3.381794568553227798e+00
2.224349814232638067e+01,3.466452144589414530e+00
2.226350385824521538e+01,4.068358638042872677e+00
2.228350957416405009e+01,3.787676842034939817e+00
2.230351529008288125e+01,3.373726179627317023e+00
2.232352100600171596e+01,4.058610081742712872e+00
2.234352672192054712e+01,3.888991574766454296e+00
2.236353243783938183e+01,4.056973334226421812e+00
2.238353815375821654e+01,4.034541572257823283e+00
2.240354386967705125e+01,4.306611539353898621e+00
2.242354958559588596e+01,3.906040281984349605e+00
2.244355530151472067e+01,3.716061386046449755e+00
2.246356101743355538e+01,4.732733128759607055e+00
2.248356673335238654e+01,4.212548483635928598e+00
2.250357244927122125e+01,4.978874118166165985e+00
2.252357816519005240e+01,4.261337293679777538e+00
2.254358388110888711e+01,4.923080512726489388e+00
2.256358959702772182e+01,4.356323806951658106e+00
2.258359531294655653e+01,4.618071360327687280e+00
2.260360102886539124e+01,4.734750147182483104e+00
2.262360674478422595e+01,4.847736499047187841e+00
2.264361246070306066e+01,4.858717885866800756e+00
2.266361817662189182e+01,4.321824560761790224e+00
2.268362389254072653e+01,4.547189283836983620e+00
2.270362960845956124e+01,5.167556910260914904e+00
2.272363532437839240e+01,4.944478691104672308e+00
2.274364104029722711e+01,5.171701263470756871e+00
2.276364675621606182e+01,4.395806659375521619e+00
2.278365247213489653e+01,4.744666370461365190e+00
2.280365818805373124e+01,5.098893931639420174e+00
2.282366390397256595e+01,4.542760334162458946e+00
2.284366961989140066e+01,4.817601617822169224e+00
2.286367533581023181e+01,4.258149778221445914e+00
2.288368105172906652e+01,4.633643118297276153e+00
2.290368676764789768e+01,4.454961373042020334e+00
2.292369248356673239e+01,4.509137790811512225e+00
2.294369819948556710e+01,4.362502645363614207e+00
2.296370391540440181e+01,4.092090341426639633e+00
2.298370963132323652e+01,3.381512530247875681e+00
2.300371534724207123e+01,3.181183676523956727e+00
2.302372106316090594e+01,3.844004404098782857e+00
2.304372677907973710e+01,4.351650939591663381e+00
2.306373249499857181e+01,3.496781996164306960e+00
2.308373821091740652e+01,3.833201795988822269e+00
2.310374392683623768e+01,3.114086538455985931e+00
2.312374964275507239e+01,3.913478215452526499e+00
2.314375535867390710e+01,3.314574358051681990e+00
2.316376107459274181e+01,4.302594886672967966e+00
2.318376679051157652e+01,3.913132077081584725e+00
2.320377250643041123e+01,3.324893544387275135e+00
2.322377822234924594e+01,3.626794060122134677e+00
2.324378393826807709e+01,3.907702823879566356e+00
2.326378965418691180e+01,3.191369170162362767e+00
2.328379537010574296e+01,3.437731037891253116e+00
2.330380108602457767e+01,2.789578829281503580e+00
2.332380680194341238e+01,3.405635353195895831e+00
2.334381251786224709e+01,3.100059990525354525e+00
2.336381823378108180e+01,3.457365935745948082e+00
2.338382394969991651e+01,3.782577602401407724e+00
2.340382966561875122e+01,3.075190580309869581e+00
2.342383538153758238e+01,4.202115706210427959e+00
2.344384109745641709e+01,3.468541709548624841e+00
2.346384681337524825e+01,2.849168283472305774e+00
2.348385252929408296e+01,2.853648122326825742e+00
2.350385824521291767e+01,2.984571269885133660e+00
2.352386396113175238e+01,3.456926535665700406e+00
2.354386967705058709e+01,3.275522070255313167e+00
2.356387539296942180e+01,4.321508566740473789e+00
2.358388110888825651e+01,3.964705273997882085e+00
2.360388682480708766e+01,4.431242416265065209e+00
2.362389254072592237e+01,3.899448833859626262e+00
2.364389825664475708e+01,4.286947643818862730e+00
2.366390397256358824e+01,4.466952521618836158e+00
2.368390968848242295e+01,4.144101225956883461e+00
2.370391540440125766e+01,4.565275660933983737e+00
2.372392112032009237e+01,4.605499960261538739e+00
2.374392683623892708e+01,5.014264408584136135e+00
2.376393255215776179e+01,5.545281026018104242e+00
2.378393826807659650e+01,4.604708582869180944e+00
2.380394398399542766e+01,5.778558387169184130e+00
2.382394969991426237e+01,6.142117449247672667e+00
2.384395541583309353e+01,5.423139607107878568e+00
2.386396113175192824e+01,6.170437823526356169e+00
2.388396684767076295e+01,6.160872374646830352e+00
2.390397256358959766e+01,5.870938952080452466e+00
2.392397827950843237e+01,6.146825912087189536e+00
2.394398399542726708e+01,7.596258384827486054e+00
2.396398971134610179e+01,7.217486062095738397e+00
2.398399542726493294e+01,7.561580737265524377e+00
2.400400114318376765e+01,8.019995949797998236e+00
2.402400685910260236e+01,7.649404690905317494e+00
2.404401257502143352e+01,8.995671837071430588e+00
2.406401829094026823e+01,8.899298210547767596e+00
2.408402400685910294e+01,9.275751226519702186e+00
2.410402972277793765e+01,1.046982976508177288e+01
2.412403543869677236e+01,1.097601435342726361e+01
2.414404115461560707e+01,1.150736912519259114e+01
2.416404687053444178e+01,1.039260244746020234e+01
2.418405258645327294e+01,1.149001739893584784e+01
2.420405830237210765e+01,1.177612868050687922e+01
2.422406401829093880e+01,1.264319029914426551e+01
2.424406973420977351e+01,1.259998487937271605e+01
2.426407545012860822e+01,1.390934771257187030e+01
2.428408116604744293e+01,1.388513136061139264e+01
2.430408688196627764e+01,1.422744714603570415e+01
2.432409259788511235e+01,1.613375655218830218e+01
2.434409831380394706e+01,1.623364679501240460e+01
2.436410402972277822e+01,1.706339971374533349e+01
2.438410974564161293e+01,1.794819319141002723e+01
2.440411546156044409e+01,1.810013174075914577e+01
2.442412117747927880e+01,1.979260228893048179e+01
2.444412689339811351e+01,2.000173768643840333e+01
2.446413260931694822e+01,2.068127415248932977e+01
2.448413832523578293e+01,2.166049127075899605e+01
2.450414404115461764e+01,2.237749627768471328e+01
2.452414975707345235e+01,2.350599134263196888e+01
2.454415547299228351e+01,2.433941767743865370e+01
2.456416118891111822e+01,2.445940375610776130e+01
2.458416690482995293e+01,2.610299254084195297e+01
2.460417262074878408e+01,2.602731001428789170e+01
2.462417833666761879e+01,2.604146714276258479e+01
2.464418405258645350e+01,2.720385619889162498e+01
2.466418976850528821e+01,2.646484752483175029e+01
2.468419548442412292e+01,2.695783542749170891e+01
2.470420120034295763e+01,2.656147161133628032e+01
2.472420691626179234e+01,2.649630168658072193e+01
2.474421263218062350e+01,2.644212681508281548e+01
2.476421834809945821e+01,2.499100563614165438e+01
2.478422406401828937e+01,2.408711714117141867e+01
2.480422977993712408e+01,2.262507055963587987e+01
2.482423549585595879e+01,2.109235805768854988e+01
2.484424121177479350e+01,1.943305235189539815e+01
2.486424692769362821e+01,1.825980640909916985e+01
2.488425264361246292e+01,1.751770767493067638e+01
2.490425835953129763e+01,1.617293008160123335e+01
2.492426407545012879e+01,1.442365341360947895e+01
2.494426979136896350e+01,1.329289297697922834e+01
2.496427550728779821e+01,1.271747523637277233e+01
2.498428122320662936e+01,1.113905900813951533e+01
2.500428693912546407e+01,1.041982935593197368e+01
2.502429265504429878e+01,1.056478971446860271e+01
2.504429837096313349e+01,9.256051417592145114e+00
2.506430408688196820e+01,9.346992753220494166e+00
2.508430980280080291e+01,9.615883099795873079e+00
2.510431551871963762e+01,7.952435125909858016e+00
2.512432123463846878e+01,8.671324977575327608e+00
2.514432695055730349e+01,9.318839703056326584e+00
2.516433266647613465e+01,8.738688695526608541e+00
2.518433838239496936e+01,9.433166841844382589e+00
2.520434409831380407e+01,9.888177624464407955e+00
2.522434981423263878e+01,8.680324202708671777e+00
2.524435553015147349e+01,9.459022130059384637e+00
2.526436124607030820e+01,9.814253916734823946e+00
2.528436696198914291e+01,1.119694399336504276e+01
2.530437267790797407e+01,1.049521355530070998e+01
2.532437839382680878e+01,1.134268883845169285e+01
2.534438410974563993e+01,1.232206102830666872e+01
2.536438982566447464e+01,1.174047817727766763e+01
2.538439554158330935e+01,1.344812051002328701e+01
2.540440125750214406e+01,1.427768263501504009e+01
2.542440697342097877e+01,1.412856597280257454e+01
2.544441268933981348e+01,1.546775672721968320e+01
2.546441840525864819e+01,1.600908854935525483e+01
2.548442412117747935e+01,1.589902197780216397e+01
2.550442983709631406e+01,1.753760201450489831e+01
2.552443555301514877e+01,1.798063207455923163e+01
2.554444126893397993e+01,1.857717508778382154e+01
2.556444698485281464e+01,2.036965800964452455e+01
2.558445270077164935e+01,2.077294092710686613e+01
2.560445841669048406e+01,2.133012690618122065e+01
2.562446413260931877e+01,2.325457621166319910e+01
2.564446984852815348e+01,2.421730821873931916e+01
2.566447556444698819e+01,2.496123048347352125e+01
2.568448128036581934e+01,2.632093340446490615e+01
2.570448699628465405e+01,2.764704156681003155e+01
2.572449271220348521e+01,2.898774053125232086e+01
2.574449842812231992e+01,3.032916283031100591e+01
2.576450414404115463e+01,3.077315262327844891e+01
2.578450985995998934e+01,3.251009519388570368e+01
2.580451557587882405e+01,3.356045266240396785e+01
2.582452129179765876e+01,3.421388025926455612e+01
2.584452700771649347e+01,3.525857013244846172e+01
2.586453272363532463e+01,3.646458563612172554e+01
2.588453843955415934e+01,3.719361723479683945e+01
2.590454415547299405e+01,3.854683470576348725e+01
2.592454987139182521e+01,3.845329248174751058e+01
2.594455558731065992e+01,3.845888859746817445e+01
2.596456130322949463e+01,3.837734343466782150e+01
2.598456701914832934e+01,3.843229540589810966e+01
2.600457273506716405e+01,3.737793823469318966e+01
2.602457845098599520e+01,3.612866644095518609e+01
2.604458416690482991e+01,3.492975311990603871e+01
2.606458988282366462e+01,3.386541883606452075e+01
2.608459559874249933e+01,3.188453854173468827e+01
2.610460131466133404e+01,2.962314789772975132e+01
2.612460703058016520e+01,2.727784118620208176e+01
2.614461274649899991e+01,2.563524796487875079e+01
2.616461846241783462e+01,2.275185208160721473e+01
2.618462417833666933e+01,2.170125760194277831e+01
2.620462989425550404e+01,1.900454504268875056e+01
2.622463561017433520e+01,1.710884025671873943e+01
2.624464132609316991e+01,1.500203887924818602e+01
2.626464704201200462e+01,1.385400304941800798e+01
2.628465275793083933e+01,1.255804795895472559e+01
2.630465847384967049e+01,1.125609104573438124e+01
2.632466418976850520e+01,1.014819628792457529e+01
2.634466990568733991e+01,9.437260595802472452e+00
2.636467562160617462e+01,8.885798428285429651e+00
2.638468133752500933e+01,7.108103042002468896e+00
2.640468705344384048e+01,7.505641563631884061e+00
2.642469276936267519e+01,6.964523116901792932e+00
2.644469848528150990e+01,6.168711599009563784e+00
2.646470420120034461e+01,6.076308910418259046e+00
2.648470991711917932e+01,5.808175684365707525e+00
2.650471563303801048e+01,4.901300131784010361e+00
2.652472134895684519e+01,5.267475870137471539e+00
2.654472706487567990e+01,5.473574001706752234e+00
2.656473278079451461e+01,5.273630244220109731e+00
2.658473849671334932e+01,4.614646090413780044e+00
2.660474421263218048e+01,4.931808611970911471e+00
2.662474992855101519e+01,5.561464907370420541e+00
2.664475564446984990e+01,4.761030392768420327e+00
2.666476136038868461e+01,4.106765640456423228e+00
2.668476707630751577e+01,5.241136710729515258e+00
2.670477279222635048e+01,4.191283222614956117e+00
2.672477850814518519e+01,5.248403863296241312e+00
2.674478422406401990e+01,5.065220955231298561e+00
2.676478993998285461e+01,4.920593308185926773e+00
2.678479565590168576e+01,4.444021744046745326e+00
2.680480137182052047e+01,4.918731481744548439e+00
2.682480708773935518e+01,5.591226106066189416e+00
2.684481280365818989e+01,5.735952659345766591e+00
2.686481851957702460e+01,5.912426345849794096e+00
2.688482423549585576e+01,4.757849177210536240e+00
2.690482995141469047e+01,5.564635454648790613e+00
2.692483566733352518e+01,5.605014334856972980e+00
2.694484138325235989e+01,6.001332149990568965e+00
2.696484709917119105e+01,6.612349366854687105e+00
2.698485281509002576e+01,6.179899376810826794e+00
2.700485853100886047e+01,6.639879543875347068e+00
2.702486424692769518e+01,6.499024651470785230e+00
2.704486996284652989e+01,6.908094227306277091e+00
2.706487567876536104e+01,6.961079798805833718e+00
2.708488139468419575e+01,7.022956826883134163e+00
2.710488711060303046e+01,7.505564802155016757e+00
2.712489282652186517e+01,8.155125363405478112e+00
2.714489854244069988e+01,8.004049926458014497e+00
2.716490425835953104e+01,8.815337062664733381e+00
2.718490997427836575e+01,8.979378811370612112e+00
2.720491569019720046e+01,8.211866300082162340e+00
2.722492140611603517e+01,9.187326777898103813e+00
2.724492712203486633e+01,8.818020001916156758e+00
2.726493283795370104e+01,9.225225643271748766e+00
2.728493855387253575e+01,9.739343257336638970e+00
2.730494426979137046e+01,9.332296836955626063e+00
2.732494998571020517e+01,1.018028535895389197e+01
2.734495570162903633e+01,1.071086982407161337e+01
2.736496141754787104e+01,1.031039553153742894e+01
2.738496713346670575e+01,1.055558521398275573e+01
2.740497284938554046e+01,1.123595693998256984e+01
2.742497856530437517e+01,1.092910705186129405e+01
2.744498428122320632e+01,1.039735706719649500e+01
2.746498999714204103e+01,1.173480024004908628e+01
2.748499571306087574e+01,1.122786796923822195e+01
2.750500142897971045e+01,1.080142633785582795e+01
2.752500714489854516e+01,9.825153918638335426e+00
2.754501286081737632e+01,1.074371978210142231e+01
2.756501857673621103e+01,1.026214784379413913e+01
2.758502429265504574e+01,9.637998664049014508e+00
2.760503000857388045e+01,9.366193181361593290e+00
2.762503572449271161e+01,8.344620754169222110e+00
2.764504144041154632e+01,8.663636746124328880e+00
2.766504715633038103e+01,8.337617462272547186e+00
2.768505287224921574e+01,7.941114944147722454e+00
2.770505858816805045e+01,7.884844039934122861e+00
2.772506430408688161e+01,8.282596967868396831e+00
2.774507002000571632e+01,7.723752542433354407e+00
2.776507573592455103e+01,7.555333440000136846e+00
2.778508145184338574e+01,7.272898716085163251e+00
2.780508716776222045e+01,7.144457212205947982e+00
2.782509288368105160e+01,7.038760290331916636e+00
2.784509859959988631e+01,7.235937667327904776e+00
2.786510431551872102e+01,7.477859473025102233e+00
2.788511003143755573e+01,7.560709986834831753e+00
2.790511574735638689e+01,8.134434437546484986e+00
2.792512146327522160e+01,8.714131143238699195e+00
2.794512717919405631e+01,8.146773435882515457e+00
2.796513289511289102e+01,9.185432061903284762e+00
2.798513861103172573e+01,8.663893252631529762e+00
2.800514432695055689e+01,1.016907689243719659e+01
2.802515004286939160e+01,9.593286553418625573e+00
2.804515575878822631e+01,1.084894228538131955e+01
2.806516147470706102e+01,1.019558747485390171e+01
2.808516719062589573e+01,1.045179340686095060e+01
2.810517290654472689e+01,1.110222557406888022e+01
2.812517862246356160e+01,1.162023558784535737e+01
2.814518433838239631e+01,1.203311592912277028e+01
2.816519005430123102e+01,1.300195041575696742e+01
2.818519577022006217e+01,1.358068628011355017e+01
2.820520148613889688e+01,1.424365090649102328e+01
2.822520720205773159e+01,1.457613518143854847e+01
2.824521291797656630e+01,1.506966052921264954e+01
2.826521863389540101e+01,1.525367775118695235e+01
2.828522434981423217e+01,1.551304011598391241e+01
2.830523006573306688e+01,1.559980486340242578e+01
2.832523578165190159e+01,1.492755736335659833e+01
2.834524149757073630e+01,1.534749724082599442e+01
2.836524721348957101e+01,1.426491855298148437e+01
2.838525292940840217e+01,1.506694176734661994e+01
2.840525864532723688e+01,1.372383503266025784e+01
2.842526436124607159e+01,1.477008873513736376e+01
2.844527007716490630e+01,1.378056468627475795e+01
2.846527579308374101e+01,1.310322397495546198e+01
2.848528150900257216e+01,1.153533081472439825e+01
2.850528722492140687e+01,1.065952301694754922e+01
2.852529294084024158e+01,1.024311501982892025e+01
2.854529865675907629e+01,9.477769512495271442e+00
2.856530437267790745e+01,8.803623368870781007e+00
2.858531008859674216e+01,7.256671475298999141e+00
2.860531580451557687e+01,7.048889338100325475e+00
2.862532152043441158e+01,6.335584281083638913e+00
2.864532723635324629e+01,6.470030351017610037e+00
2.866533295227207745e+01,5.758246690884416985e+00
2.868533866819091216e+01,5.277674132005960139e+00
2.870534438410974687e+01,5.573835366901062294e+00
2.872535010002858158e+01,4.313077637915533558e+00
2.874535581594741629e+01,4.362762640365401623e+00
2.876536153186624745e+01,3.606028357268214357e+00
2.878536724778508216e+01,4.019682979869312334e+00
2.880537296370391687e+01,3.816516322408995521e+00
2.882537867962275158e+01,4.066640861356322745e+00
2.884538439554158273e+01,4.453484858729366280e+00
2.886539011146041744e+01,4.224518955256064245e+00
2.888539582737925215e+01,4.371983494218445010e+00
2.890540154329808686e+01,3.285871065002977875e+00
2.892540725921692157e+01,3.732171714807777985e+00
2.894541297513575273e+01,3.921929758143056333e+00
2.896541869105458744e+01,3.841422722561162573e+00
2.898542440697342215e+01,3.921514849178898032e+00
2.900543012289225686e+01,3.948783185064542955e+00
2.902543583881109157e+01,3.466544207565651181e+00
2.904544155472992273e+01,4.011337364123821914e+00
2.906544727064875744e+01,4.590367727529306663e+00
2.908545298656759215e+01,3.928783961140345227e+00
2.910545870248642686e+01,4.211539804057581549e+00
2.912546441840525802e+01,5.202281288442728524e+00
2.914547013432409273e+01,4.185559635368957032e+00
2.916547585024292744e+01,4.845805959806538610e+00
2.918548156616176215e+01,4.649605270092866505e+00
2.920548728208059686e+01,5.541648709441193255e+00
2.922549299799942801e+01,5.527060510568306384e+00
2.924549871391826272e+01,5.573277702161552938e+00
2.926550442983709743e+01,6.466232807031319751e+00
2.928551014575593214e+01,5.527999607312530372e+00
2.930551586167476685e+01,6.712977400545411477e+00
2.932552157759359801e+01,6.357477409143513114e+00
2.934552729351243272e+01,6.055083991820327860e+00
2.936553300943126743e+01,7.439339432433429877e+00
2.938553872535010214e+01,6.699094698821749461e+00
2.940554444126893330e+01,7.912483326132193184e+00
2.942555015718776801e+01,8.445796611104487539e+00
2.944555587310660272e+01,8.933579644165490663e+00
2.946556158902543743e+01,8.832511562472786792e+00
2.948556730494427214e+01,9.054400693097978348e+00
2.950557302086310330e+01,1.003010905000448361e+01
2.952557873678193801e+01,9.136444464562476497e+00
2.954558445270077272e+01,1.014740378326507297e+01
2.956559016861960743e+01,1.008740001506910033e+01
2.958559588453844214e+01,1.114544417770420992e+01
2.960560160045727329e+01,1.181633414862671572e+01
2.962560731637610800e+01,1.205681943128635325e+01
2.964561303229494271e+01,1.281470736042838965e+01
2.966561874821377742e+01,1.291234300509847088e+01
2.968562446413261213e+01,1.226963230873620780e+01
2.970563018005144329e+01,1.279356592473826026e+01
2.972563589597027800e+01,1.322232465344280072e+01
2.974564161188911271e+01,1.369207283106645789e+01
2.976564732780794742e+01,1.295971307132812811e+01
2.978565304372677858e+01,1.353264045760382572e+01
2.980565875964561329e+01,1.332424814591187179e+01
2.982566447556444800e+01,1.334084963024690396e+01
2.984567019148328271e+01,1.190369152530972485e+01
2.986567590740211742e+01,1.111765601874083309e+01
2.988568162332094857e+01,1.153499486939701768e+01
2.990568733923978328e+01,1.103467637152205327e+01
2.992569305515861799e+01,1.038339266634750757e+01
2.994569877107745270e+01,1.003411055794928153e+01
2.996570448699628741e+01,8.800431283968793039e+00
2.998571020291511857e+01,7.902390180268271003e+00
3.000571591883395328e+01,7.781655547967098130e+00
3.002572163475278799e+01,7.418091821088881765e+00
3.004572735067162270e+01,6.724342991882961584e+00
3.006573306659045386e+01,5.955590057318421060e+00
3.008573878250928857e+01,5.933228263138952130e+00
3.010574449842812328e+01,5.560198520047066495e+00
3.012575021434695799e+01,5.248803668564501201e+00
3.014575593026579270e+01,4.142912035947125204e+00
3.016576164618462386e+01,4.487017656690436063e+00
3.018576736210345857e+01,4.617581058688217333e+00
3.020577307802229328e+01,4.285491888955553108e+00
3.022577879394112799e+01,4.616570815833055619e+00
3.024578450985996270e+01,5.075311411283371044e+00
3.026579022577879385e+01,4.768574655765375425e+00
3.028579594169762856e+01,3.914449914803517672e+00
3.030580165761646327e+01,4.454085965353903553e+00
3.032580737353529798e+01,4.721076673833008996e+00
3.034581308945412914e+01,5.060447296448010057e+00
3.036581880537296385e+01,4.979948434454398054e+00
3.038582452129179856e+01,4.966342612622318242e+00
3.040583023721063327e+01,5.412809770206576943e+00
3.042583595312946798e+01,4.843854146448739684e+00
3.044584166904829914e+01,4.813057423237108168e+00
3.046584738496713385e+01,6.508847134480713947e+00
3.048585310088596856e+01,5.359228991750091708e+00
3.050585881680480327e+01,6.537739300309830526e+00
3.052586453272363798e+01,7.381778342523368508e+00
3.054587024864246914e+01,8.227656489567889864e+00
3.056587596456130385e+01,8.329033594718818989e+00
3.058588168048013856e+01,9.245293645182483644e+00
3.060588739639897327e+01,9.413807205589931115e+00
3.062589311231780798e+01,1.015304647799974980e+01
3.064589882823663913e+01,1.107681921608984865e+01
3.066590454415547384e+01,1.135459510618450274e+01
3.068591026007430855e+01,1.258549449874372428e+01
3.070591597599314326e+01,1.379653053178916267e+01
3.072592169191197442e+01,1.416341004121489888e+01
3.074592740783080913e+01,1.520373987917696468e+01
3.076593312374964384e+01,1.607019000481734849e+01
3.078593883966847855e+01,1.789381876834153928e+01
3.080594455558731326e+01,1.874531991432760236e+01
3.082595027150614442e+01,2.107340169774741412e+01
3.084595598742497913e+01,2.263186098083153652e+01
3.086596170334381384e+01,2.369096586401494164e+01
3.088596741926264855e+01,2.511810392624092003e+01
3.090597313518148326e+01,2.714799389131555429e+01
3.092597885110031442e+01,2.887907204134748795e+01
3.094598456701914913e+01,3.059278174073059020e+01
3.096599028293798384e+01,3.298319118215876244e+01
3.098599599885681855e+01,3.533761040658066577e+01
3.100600171477564970e+01,3.698425627277674721e+01
3.102600743069448441e+01,3.974684164488085969e+01
3.104601314661331912e+01,4.293520901219919494e+01
3.106601886253215383e+01,4.515977121169164832e+01
3.108602457845098854e+01,4.727915738687740799e+01
3.110603029436981970e+01,5.013095315805985308e+01
3.112603601028865441e+01,5.295267021838660781e+01
3.114604172620748912e+01,5.576727557858453110e+01
3.116604744212632383e+01,5.852816482714420943e+01
3.118605315804515854e+01,6.117205671738855699e+01
3.120605887396398970e+01,6.269309292134404643e+01
3.122606458988282441e+01,6.513391718351243753e+01
3.124607030580165912e+01,6.728851450363374909e+01
3.126607602172049383e+01,6.883851877845211220e+01
3.128608173763932498e+01,7.015936624554697687e+01
3.130608745355815969e+01,6.995374449537121109e+01
3.132609316947699440e+01,7.006291272033865880e+01
3.134609888539582911e+01,7.013168071469044662e+01
3.136610460131466382e+01,6.842411556273229678e+01
3.138611031723349498e+01,6.626385908273775271e+01
3.140611603315232969e+01,6.461653488397541878e+01
3.142612174907116440e+01,6.097299163295342339e+01
3.144612746498999911e+01,5.820987244989620990e+01
3.146613318090883382e+01,5.445165358420310753e+01
3.148613889682766498e+01,5.027631241541538287e+01
3.150614461274649969e+01,4.576565282886423347e+01
3.152615032866533440e+01,4.299595281682239545e+01
3.154615604458416911e+01,3.985882463250372609e+01
3.156616176050300382e+01,3.513250271671960689e+01
3.158616747642183498e+01,3.319465514570480025e+01
3.160617319234066969e+01,2.938418444652796779e+01
3.162617890825950440e+01,2.720026256631130224e+01
3.164618462417833911e+01,2.475502828993836246e+01
3.166619034009717026e+01,2.336274872341119391e+01
3.168619605601600497e+01,2.189044689161076107e+01
3.170620177193483968e+01,1.926277262667547063e+01
3.172620748785367439e+01,1.835211018455330745e+01
3.174621320377250910e+01,1.761630705975396438e+01
3.176621891969134026e+01,1.578773098140155007e+01
3.178622463561017497e+01,1.461196909417107292e+01
3.180623035152900968e+01,1.422030526850980792e+01
3.182623606744784439e+01,1.253501316620345030e+01
3.184624178336667910e+01,1.226013236680607577e+01
3.186624749928551026e+01,1.111131406428302171e+01
3.188625321520434497e+01,1.029674922677051896e+01
3.190625893112317968e+01,9.449741363390698368e+00
3.192626464704201439e+01,9.550710775778917139e+00
3.194627036296084555e+01,8.990921622147411085e+00
3.196627607887968026e+01,8.360307687806900034e+00
3.198628179479851497e+01,8.271037479717087137e+00
3.200628751071734968e+01,8.822533966663501204e+00
3.202629322663618439e+01,8.477832441411390363e+00
3.204629894255501199e+01,8.211814286906228944e+00
3.206630465847385381e+01,8.728429959193846344e+00
3.208631037439268141e+01,8.641428591366535628e+00
3.210631609031152323e+01,8.217116727425093359e+00
3.212632180623035083e+01,8.145394774173224661e+00
3.214632752214918554e+01,8.387009962531163154e+00
3.216633323806802025e+01,8.257559987196035678e+00
3.218633895398685496e+01,8.977874544893554187e+00
3.220634466990568967e+01,1.000512012842103182e+01
3.222635038582451728e+01,1.041923885557116591e+01
3.224635610174335909e+01,1.125140558930234391e+01
3.226636181766218670e+01,1.195597880631530074e+01
3.228636753358102851e+01,1.195799486098962028e+01
3.230637324949985612e+01,1.402287613973021863e+01
3.232637896541869083e+01,1.391015938100612992e+01
3.234638468133752554e+01,1.470386831067776789e+01
3.236639039725636025e+01,1.583713458788825967e+01
3.238639611317519496e+01,1.755191031486719311e+01
3.240640182909402967e+01,1.872612893984299021e+01
3.242640754501286438e+01,1.994892868384522089e+01
3.244641326093169198e+01,2.086068636439172508e+01
3.246641897685053380e+01,2.256507338306565202e+01
3.248642469276936140e+01,2.484007068808647034e+01
3.250643040868819611e+01,2.592824208411267861e+01
3.252643612460703082e+01,2.822496475245270275e+01
3.254644184052586553e+01,3.006266866973026097e+01
3.256644755644470024e+01,3.194006872904667915e+01
3.258645327236353495e+01,3.454815393542406810e+01
3.260645898828236966e+01,3.651272561770665703e+01
3.262646470420119726e+01,3.864147668589107809e+01
3.264647042012003908e+01,4.057731421539893546e+01
3.266647613603886668e+01,4.285364290587537539e+01
3.268648185195770850e+01,4.592373243840054897e+01
3.270648756787653610e+01,4.846093036466867687e+01
3.272649328379537081e+01,5.120033103322671764e+01
3.274649899971420552e+01,5.421031728885773759e+01
3.276650471563304023e+01,5.606686893110949654e+01
3.278651043155187494e+01,5.828288359923949713e+01
3.280651614747070255e+01,5.995964197154366104e+01
3.282652186338954436e+01,6.166295965754354569e+01
3.284652757930837197e+01,6.301478152398337329e+01
3.286653329522721378e+01,6.358853492589867074e+01
3.288653901114604139e+01,6.359972031642257662e+01
3.290654472706487610e+01,6.242501491807074387e+01
3.292655044298371081e+01,6.136344893999506667e+01
3.294655615890254552e+01,5.999374642852696127e+01
3.296656187482138023e+01,5.772848721384868043e+01
3.298656759074020783e+01,5.592112083105193676e+01
3.300657330665904965e+01,5.293374052259252238e+01
3.302657902257787725e+01,5.008333411838408722e+01
3.304658473849671907e+01,4.774319320773766151e+01
3.306659045441554667e+01,4.442538177719943349e+01
3.308659617033438138e+01,4.249724022951342306e+01
3.310660188625321609e+01,4.012748508483655741e+01
3.312660760217205080e+01,3.813886064742808202e+01
3.314661331809088551e+01,3.667912614374260727e+01
3.316661903400971312e+01,3.564288521536073517e+01
3.318662474992855493e+01,3.547252342012902204e+01
3.320663046584738254e+01,3.450937773224347183e+01
3.322663618176622435e+01,3.390820447040279362e+01
3.324664189768505196e+01,3.426621113133874985e+01
3.326664761360388667e+01,3.577728620869152820e+01
3.328665332952272138e+01,3.704716434405598591e+01
3.330665904544155609e+01,3.788220411446806679e+01
3.332666476136039080e+01,3.960044462795229236e+01
3.334667047727922551e+01,4.093832802265126958e+01
3.336667619319806022e+01,4.320851956056995391e+01
3.338668190911688782e+01,4.609084927589491087e+01
3.340668762503572964e+01,4.856033113705001369e+01
3.342669334095455724e+01,5.116303653642872007e+01
3.344669905687339195e+01,5.366385235323419067e+01
3.346670477279222666e+01,5.633266977117062169e+01
3.348671048871106137e+01,5.875702361802152041e+01
3.350671620462989608e+01,6.195721233827675434e+01
3.352672192054873079e+01,6.350426070491376151e+01
3.354672763646756550e+01,6.731314117772325289e+01
3.356673335238639311e+01,6.909247242300327230e+01
3.358673906830523492e+01,7.153352117786070608e+01
3.360674478422406253e+01,7.292241516398662782e+01
3.362675050014290434e+01,7.419247485817352583e+01
3.364675621606173195e+01,7.632495613815706292e+01
3.366676193198056666e+01,7.674886986576041181e+01
3.368676764789940137e+01,7.649177711515061162e+01
3.370677336381823608e+01,7.581044147755750373e+01
3.372677907973707079e+01,7.489547436937951375e+01
3.374678479565589839e+01,7.289998428092042104e+01
3.376679051157474021e+01,7.128502814090724371e+01
3.378679622749356781e+01,6.875703059551364049e+01
3.380680194341240963e+01,6.489139744071296434e+01
3.382680765933123723e+01,6.110162178945587641e+01
3.384681337525007194e+01,5.669482447649745893e+01
3.386681909116890665e+01,5.273536532793417564e+01
3.388682480708774136e+01,4.921642426938051074e+01
3.390683052300657607e+01,4.458554259388863983e+01
3.392683623892540368e+01,3.997763259608777275e+01
3.394684195484424549e+01,3.564942215368242273e+01
3.396684767076307310e+01,3.247291583013395666e+01
3.398685338668191491e+01,2.868337705624360012e+01
3.400685910260074252e+01,2.489923732894436981e+01
3.402686481851957723e+01,2.265404169498075859e+01
3.404687053443841194e+01,2.008539015779731685e+01
3.406687625035724665e+01,1.662757633784559275e+01
3.408688196627608136e+01,1.567974299958656026e+01
3.410688768219490896e+01,1.356216306647186620e+01
3.412689339811375078e+01,1.294367758455054407e+01
3.414689911403257838e+01,1.119305986429262845e+01
3.416690482995142020e+01,1.054881002176691140e+01
3.418691054587024780e+01,8.753742897311818538e+00
3.420691626178908251e+01,8.491374657020454464e+00
3.422692197770791722e+01,8.302132919795354837e+00
3.424692769362675193e+01,7.420226601072709371e+00
3.426693340954558664e+01,6.372650202349634085e+00
3.428693912546442135e+01,7.017629935841759092e+00
3.430694484138325606e+01,6.956097282206341603e+00
3.432695055730208367e+01,5.910819545393378505e+00
3.434695627322092548e+01,5.321742531531182152e+00
3.436696198913975309e+01,5.343394761398995385e+00
3.438696770505858780e+01,5.345178123190777342e+00
3.440697342097742251e+01,5.292499558470452392e+00
3.442697913689625722e+01,6.026893808914879358e+00
3.444698485281509193e+01,4.636600428506320704e+00
3.446699056873392664e+01,5.150336878411039265e+00
3.448699628465276135e+01,5.610761027980194271e+00
3.450700200057158895e+01,4.947898727532888508e+00
3.452700771649043077e+01,4.048960033159027638e+00
3.454701343240925837e+01,4.412588100220990128e+00
3.456701914832810019e+01,4.481592343782375920e+00
3.458702486424692779e+01,4.524480613447199318e+00
3.460703058016576250e+01,4.547377567461818870e+00
3.462703629608459721e+01,5.350847934389594052e+00
3.464704201200343192e+01,4.607755772799801974e+00
3.466704772792226663e+01,4.558911018438958962e+00
3.468705344384109424e+01,5.212830124880476035e+00
3.470705915975993605e+01,4.758117797934200865e+00
3.472706487567876366e+01,5.761214366734217052e+00
3.474707059159760547e+01,5.732881202978194146e+00
3.476707630751643308e+01,4.821548477732655158e+00
3.478708202343526779e+01,5.367384394878822462e+00
3.480708773935410250e+01,6.017343168975038736e+00
3.482709345527293721e+01,5.160411968326900300e+00
3.484709917119177192e+01,5.250918117078054337e+00
3.486710488711059952e+01,6.214104118348839023e+00
3.488711060302944134e+01,7.539944076043447296e+00
3.490711631894826894e+01,6.612420982377423151e+00
3.492712203486711076e+01,7.038114073953721572e+00
3.494712775078593836e+01,7.764739662345137461e+00
3.496713346670477307e+01,8.151832465478687340e+00
3.498713918262360778e+01,9.600803439323012611e+00
3.500714489854244249e+01,1.006788183146250049e+01
3.502715061446127720e+01,9.442034457189844687e+00
3.504715633038010481e+01,1.042279632035594616e+01
3.506716204629894662e+01,1.159202100302162464e+01
3.508716776221777423e+01,1.252963306089775664e+01
3.510717347813661604e+01,1.346820673500848287e+01
3.512717919405544365e+01,1.411306514882829433e+01
3.514718490997427836e+01,1.574765327013434657e+01
3.516719062589311307e+01,1.623217186845562665e+01
3.518719634181194778e+01,1.743524790675061809e+01
3.520720205773078249e+01,1.950731390352409989e+01
3.522720777364961720e+01,2.050192312957319274e+01
3.524721348956845191e+01,2.238054229653619487e+01
3.526721920548727951e+01,2.299126329149651227e+01
3.528722492140612133e+01,2.532438704459711687e+01
3.530723063732494893e+01,2.625376931555761217e+01
3.532723635324378364e+01,2.888903749398418697e+01
3.534724206916261835e+01,3.047008089974701051e+01
3.536724778508145306e+01,3.213293867894585532e+01
3.538725350100028777e+01,3.232512872449387942e+01
3.540725921691912248e+01,3.433814704570170306e+01
3.542726493283795719e+01,3.545079333886215522e+01
3.544727064875678479e+01,3.734636227689607324e+01
3.546727636467562661e+01,3.755953733345424439e+01
3.548728208059445421e+01,3.903091798491431064e+01
3.550728779651329603e+01,3.959973884089026797e+01
3.552729351243212363e+01,3.966433089308185345e+01
3.554729922835095834e+01,3.915067729134344177e+01
3.556730494426979305e+01,3.786867025585983981e+01
3.558731066018862776e+01,3.731005457122409297e+01
3.560731637610746247e+01,3.611328022438050311e+01
3.562732209202629008e+01,3.449136896452961309e+01
3.564732780794513189e+01,3.204876110471955286e+01
3.566733352386395950e+01,3.041146452309482129e+01
3.568733923978280131e+01,2.865827614782325128e+01
3.570734495570162892e+01,2.597350345515449277e+01
3.572735067162046363e+01,2.403915727849669537e+01
3.574735638753929834e+01,2.226880835245066947e+01
3.576736210345813305e+01,2.030111504775266695e+01
3.578736781937696776e+01,1.843263274388364081e+01
3.580737353529579536e+01,1.718973856212561202e+01
3.582737925121463718e+01,1.582016793242158137e+01
3.584738496713346478e+01,1.431156197910611638e+01
3.586739068305230660e+01,1.357323242849742684e+01
3.588739639897113420e+01,1.360170199114530121e+01
3.590740211488996891e+01,1.323069263938612039e+01
3.592740783080880362e+01,1.252491429800700828e+01
3.594741354672763833e+01,1.269818988541336324e+01
3.596741926264647304e+01,1.176067027514992347e+01
3.598742497856530065e+01,1.242664010903644467e+01
3.600743069448414246e+01,1.185279534954361935e+01
3.602743641040297007e+01,1.239709500054189562e+01
3.604744212632181188e+01,1.281314335126377557e+01
3.606744784224063949e+01,1.253178797857215443e+01
3.608745355815947420e+01,1.264135074495071009e+01
3.610745927407830891e+01,1.221748156163818422e+01
3.612746498999714362e+01,1.218060377710621012e+01
3.614747070591597833e+01,1.307509581314353753e+01
3.616747642183481304e+01,1.329323421958790163e+01
3.618748213775364775e+01,1.334026964215313171e+01
3.620748785367247535e+01,1.385421286323503232e+01
3.622749356959131717e+01,1.491495837428203330e+01
3.624749928551014477e+01,1.509302314660704525e+01
3.626750500142897948e+01,1.580834197792461993e+01
3.628751071734781419e+01,1.678880993604969518e+01
3.630751643326664890e+01,1.730851857753437884e+01
3.632752214918548361e+01,1.874284902004720976e+01
3.634752786510431832e+01,1.980435056905871249e+01
3.636753358102315303e+01,2.090766018601166110e+01
3.638753929694198064e+01,2.231056926971626808e+01
3.640754501286082245e+01,2.434756852108963088e+01
3.642755072877965006e+01,2.601950203512120652e+01
3.644755644469849187e+01,2.835373764467873059e+01
3.646756216061731948e+01,3.012704281427774333e+01
3.648756787653615419e+01,3.282079785294298802e+01
3.650757359245498890e+01,3.552813770045943897e+01
3.652757930837382361e+01,3.803800589778946062e+01
3.654758502429265832e+01,4.052423846196843016e+01
3.656759074021148592e+01,4.424265765218750346e+01
3.658759645613032774e+01,4.665489392833197257e+01
3.660760217204915534e+01,4.986004310348272384e+01
3.662760788796799716e+01,5.275550154808644976e+01
3.664761360388682476e+01,5.545886133993921874e+01
3.666761931980565947e+01,5.927939678895094744e+01
3.668762503572449418e+01,6.214752918708206408e+01
3.670763075164332889e+01,6.510212197815002355e+01
3.672763646756216360e+01,6.723359412200773022e+01
3.674764218348099121e+01,6.930319770081004549e+01
3.676764789939983302e+01,7.091871519511755650e+01
3.678765361531866063e+01,7.183484402073456465e+01
3.680765933123750244e+01,7.320417150867243095e+01
3.682766504715633005e+01,7.352181987036999544e+01
3.684767076307516476e+01,7.351843005782589557e+01
3.686767647899399947e+01,7.284781112836755312e+01
3.688768219491283418e+01,7.241608044484043205e+01
3.690768791083166889e+01,7.190100948008826265e+01
3.692769362675049649e+01,6.994497831471522886e+01
3.694769934266933831e+01,6.953390576168978043e+01
3.696770505858816591e+01,6.857636756234296627e+01
3.698771077450700773e+01,6.814652377079875123e+01
3.700771649042583533e+01,6.800791202172040073e+01
3.702772220634467004e+01,6.832470845568438733e+01
3.704772792226350475e+01,6.964115346830156739e+01
3.706773363818233946e+01,7.069530313527378951e+01
3.708773935410117417e+01,7.179629132442150308e+01
3.710774507002000888e+01,7.339830015447373057e+01
3.712775078593884359e+01,7.687916818698674604e+01
3.714775650185767120e+01,7.927578414949583419e+01
3.716776221777651301e+01,8.257759179271005223e+01
3.718776793369534062e+01,8.550501858632516416e+01
3.720777364961417533e+01,8.792497867830752512e+01
3.722777936553301004e+01,9.219060607019062559e+01
3.724778508145184475e+01,9.475879331290681762e+01
3.726779079737067946e+01,9.643839083711594640e+01
3.728779651328951417e+01,9.735904956879181782e+01
3.730780222920834888e+01,9.967960384658746875e+01
3.732780794512717648e+01,9.974701950032806508e+01
3.734781366104601830e+01,9.844910234450325959e+01
3.736781937696484590e+01,9.655983428132057611e+01
3.738782509288368772e+01,9.371066741803198852e+01
3.740783080880251532e+01,8.971056921047505739e+01
3.742783652472135003e+01,8.573006760406160254e+01
3.744784224064018474e+01,7.957769551695604093e+01
3.746784795655901945e+01,7.363470846229982669e+01
3.748785367247785416e+01,6.856001946894841126e+01
3.750785938839668177e+01,6.169740469458429288e+01
3.752786510431552358e+01,5.495755462169594807e+01
3.754787082023435119e+01,4.979837797548568545e+01
3.756787653615319300e+01,4.379726652799572406e+01
3.758788225207202061e+01,3.958559726287944613e+01
3.760788796799085532e+01,3.487691792074544850e+01
3.762789368390969003e+01,3.077381720997743031e+01
3.764789939982852474e+01,2.755857754239938728e+01
3.766790511574735945e+01,2.489141632111284252e+01
3.768791083166618705e+01,2.258949811380502126e+01
3.770791654758502887e+01,2.200735621941578302e+01
3.772792226350385647e+01,2.021995538318147112e+01
3.774792797942269829e+01,2.002197332040353928e+01
3.776793369534152589e+01,1.959784485666296305e+01
3.778793941126036060e+01,1.869505226648258400e+01
3.780794512717919531e+01,1.962812523770253392e+01
3.782795084309803002e+01,2.005416023939034176e+01
3.784795655901686473e+01,1.990830988449937777e+01
3.786796227493569234e+01,2.116355914325794174e+01
3.788796799085453415e+01,2.223911932414066683e+01
3.790797370677336176e+01,2.209881581577663567e+01
3.792797942269220357e+01,2.340597057928838609e+01
3.794798513861103118e+01,2.539610594700033630e+01
3.796799085452986589e+01,2.679803773053639304e+01
3.798799657044870060e+01,2.906163041956415682e+01
3.800800228636753531e+01,3.014189475524950268e+01
3.802800800228637002e+01,3.185250664755897532e+01
3.804801371820520473e+01,3.506427905974011594e+01
3.806801943412403944e+01,3.615666745145279037e+01
3.808802515004286704e+01,3.920061464292580666e+01
3.810803086596170886e+01,4.088068711340704908e+01
3.812803658188053646e+01,4.214624176115017917e+01
3.814804229779937117e+01,4.389534867038631205e+01
3.816804801371820588e+01,4.521709206758725941e+01
3.818805372963704059e+01,4.726722332511328517e+01
3.820805944555587530e+01,4.778656665777626955e+01
3.822806516147471001e+01,4.950634452289175158e+01
3.824807087739354472e+01,4.987533394275909870e+01
3.826807659331237232e+01,5.189654416075381960e+01
3.828808230923121414e+01,5.284983185856572163e+01
3.830808802515004174e+01,5.212789100929046526e+01
3.832809374106888356e+01,5.282237295377891684e+01
3.834809945698771116e+01,5.354536221054106448e+01
3.836810517290654587e+01,5.261687977858277065e+01
3.838811088882538058e+01,5.319822910092718615e+01
3.840811660474421529e+01,5.328513565835703503e+01
3.842812232066305000e+01,5.306232372013578669e+01
3.844812803658187761e+01,5.250451599709720085e+01
3.846813375250071942e+01,5.285946814533910754e+01
3.848813946841954703e+01,5.136866157720000103e+01
3.850814518433838884e+01,5.232449908940863992e+01
3.852815090025721645e+01,5.123224376028261418e+01
3.854815661617605116e+01,5.057495784042731657e+01
3.856816233209488587e+01,4.963248929207690452e+01
3.858816804801372058e+01,4.722633397541734723e+01
3.860817376393255529e+01,4.674743674948717143e+01
3.862817947985138289e+01,4.442523172218255922e+01
3.864818519577022471e+01,4.251935434628771304e+01
3.866819091168905231e+01,3.911841214263655075e+01
3.868819662760789413e+01,3.712137956827465501e+01
3.870820234352672173e+01,3.416921914647906533e+01
3.872820805944555644e+01,3.174616142046836487e+01
3.874821377536439115e+01,2.940187653069954266e+01
3.876821949128322586e+01,2.668261162701781330e+01
3.878822520720206057e+01,2.418272817467365599e+01
3.880823092312088818e+01,2.085605459878253498e+01
3.882823663903972999e+01,1.963987365224137349e+01
3.884824235495855760e+01,1.666041888241458224e+01
3.886824807087739941e+01,1.400899842126492700e+01
3.888825378679622702e+01,1.273086962604920558e+01
3.890825950271506173e+01,1.185688358947308707e+01
3.892826521863389644e+01,1.046647809871710422e+01
3.894827093455273115e+01,9.472531849011900817e+00
3.896827665047156586e+01,8.366746187174264549e+00
3.898828236639040057e+01,7.923370854607617808e+00
3.900828808230923528e+01,6.961463341199218391e+00
3.902829379822806288e+01,6.753965704658045688e+00
3.904829951414690470e+01,5.995950762082628671e+00
3.906830523006573230e+01,6.021369532582793838e+00
3.908831094598456701e+01,5.562886252445451873e+00
3.910831666190340172e+01,4.976781619334865070e+00
3.912832237782223643e+01,5.035640740954993255e+00
3.914832809374107114e+01,4.643769877341217267e+00
3.916833380965990585e+01,4.106554577305261411e+00
3.918833952557874056e+01,4.621222661884727856e+00
3.920834524149756817e+01,4.176077666104538899e+00
3.922835095741640998e+01,4.617044751288559290e+00
3.924835667333523759e+01,4.307428202574167919e+00
3.926836238925407940e+01,3.674412652992537609e+00
3.928836810517290701e+01,4.459399434907760806e+00
3.930837382109174172e+01,4.352485788379415688e+00
3.932837953701057643e+01,3.527820221520482136e+00
3.934838525292941114e+01,2.709265164123530134e+00
3.936839096884824585e+01,3.614535011236746698e+00
3.938839668476707345e+01,3.696575116417902152e+00
3.940840240068591527e+01,3.617444375918317689e+00
3.942840811660474287e+01,3.259096484010047590e+00
3.944841383252358469e+01,3.586547981800606522e+00
3.946841954844241229e+01,3.175148374476621349e+00
3.948842526436124700e+01,3.120342929356477946e+00
3.950843098028008171e+01,2.782555461662917118e+00
3.952843669619891642e+01,3.199822782182639713e+00
3.954844241211775113e+01,2.267516457996637591e+00
3.956844812803657874e+01,2.940079729300737466e+00
3.958845384395542055e+01,3.362069949252481926e+00
3.960845955987424816e+01,2.788527011626794838e+00
3.962846527579308997e+01,2.482664264535136667e+00
3.964847099171191758e+01,3.225805470248189089e+00
3.966847670763075229e+01,2.930743298477338943e+00
3.968848242354958700e+01,2.481656004675413030e+00
3.970848813946842171e+01,2.592864627318455462e+00
3.972849385538725642e+01,2.560457621160474595e+00
3.974849957130608402e+01,2.333002051482911732e+00
3.976850528722492584e+01,1.817917467707571788e+00
3.978851100314375344e+01,2.686469756156182331e+00
3.980851671906259526e+01,2.222165945208659288e+00
3.982852243498142286e+01,1.948513793236853253e+00
3.984852815090025757e+01,3.073696469033421863e+00
3.986853386681909228e+01,2.716515120904379632e+00
3.988853958273792699e+01,2.703122504930256742e+00
3.990854529865676170e+01,1.481170184817158120e+00
3.992855101457559641e+01,2.323481387698707490e+00
3.994855673049443112e+01,2.348598244652547962e+00
3.996856244641325873e+01,3.118543526084233797e+00
3.998856816233210054e+01,2.528988812844542799e+00
4.000857387825092815e+01,1.648393968464561210e+00
4.002857959416976286e+01,2.764594625568153496e+00
4.004858531008859757e+01,2.040192748091974373e+00
4.006859102600743228e+01,2.181549784150736748e+00
4.008859674192626699e+01,2.167876370893964122e+00
4.010860245784510170e+01,2.871854864933440332e+00
4.012860817376393641e+01,2.097279525414386558e+00
4.014861388968276401e+01,2.280643171204832953e+00
4.016861960560160583e+01,2.432384539676626378e+00
4.018862532152043343e+01,2.560831568996208674e+00
4.020863103743927525e+01,1.837988136432128883e+00
4.022863675335810285e+01,2.141858099436721119e+00
4.024864246927693756e+01,2.017206988489665509e+00
4.026864818519577227e+01,2.476460432678621260e+00
4.028865390111460698e+01,3.173014581439034920e+00
4.030865961703344169e+01,3.168073421384910660e+00
4.032866533295226930e+01,2.466878170038381057e+00
4.034867104887111111e+01,3.241881286924135352e+00
4.036867676478993872e+01,1.747518789878736101e+00
4.038868248070878053e+01,2.747935931811205545e+00
4.040868819662760814e+01,3.000043535502090908e+00
4.042869391254644285e+01,3.059882653025501664e+00
4.044869962846527756e+01,2.677593270384051927e+00
4.046870534438411227e+01,3.243510805417081144e+00
4.048871106030294698e+01,3.472671854378505785e+00
4.050871677622177458e+01,2.382931861086447167e+00
4.052872249214061640e+01,3.383404579893473318e+00
4.054872820805944400e+01,2.694184491678583981e+00
4.056873392397828582e+01,3.199045093558549269e+00
4.058873963989711342e+01,3.441462500261358581e+00
4.060874535581594813e+01,4.484973991457078313e+00
4.062875107173478284e+01,3.991611540769202104e+00
4.064875678765361755e+01,4.785064494247778910e+00
4.066876250357245226e+01,4.512655346547945534e+00
4.068876821949127986e+01,4.310202748865775035e+00
4.070877393541012168e+01,4.621959468458698872e+00
4.072877965132894929e+01,5.067565715377314817e+00
4.074878536724779110e+01,5.959476911677416666e+00
4.076879108316661871e+01,6.714559233424859386e+00
4.078879679908545342e+01,6.476299398591993217e+00
4.080880251500428813e+01,7.411956989374369087e+00
4.082880823092312284e+01,7.120564222603823268e+00
4.084881394684195755e+01,7.724794532870752128e+00
4.086881966276079226e+01,7.630530054805246820e+00
4.088882537867962697e+01,8.542677219371839215e+00
4.090883109459845457e+01,8.718161515225922642e+00
4.092883681051729639e+01,8.958016080358973454e+00
4.094884252643612399e+01,9.116236672974512345e+00
4.096884824235495870e+01,9.197343430366510475e+00
4.098885395827379341e+01,9.723146955376684275e+00
4.100885967419262812e+01,9.056323813745457585e+00
4.102886539011146283e+01,9.401752780204393645e+00
4.104887110603029754e+01,8.253566921988070959e+00
4.106887682194913225e+01,8.630500009446649301e+00
4.108888253786795985e+01,8.914794942544043366e+00
4.110888825378680167e+01,7.476969453199272309e+00
4.112889396970562927e+01,7.327736741783763108e+00
4.114889968562447109e+01,7.424262717133803591e+00
4.116890540154329869e+01,7.601909235853985258e+00
4.118891111746213340e+01,6.621065453318381699e+00
4.120891683338096811e+01,5.974112172139930621e+00
4.122892254929980282e+01,6.870657809122119986e+00
4.124892826521863753e+01,5.255838948074154082e+00
4.126893398113746514e+01,5.336939154351709291e+00
4.128893969705630695e+01,5.057083909565973201e+00
4.130894541297513456e+01,5.770696655612018944e+00
4.132895112889397637e+01,6.747567177196426513e+00
4.134895684481280398e+01,6.515697078294257594e+00
4.136896256073163869e+01,6.512368585551824296e+00
4.138896827665047340e+01,6.822011468250735788e+00
4.140897399256930811e+01,6.557632378282907126e+00
4.142897970848814282e+01,7.684602792673876692e+00
4.144898542440697042e+01,7.720747036782569239e+00
4.146899114032581224e+01,9.015278548531798108e+00
4.148899685624463984e+01,8.820722229772940182e+00
4.150900257216348166e+01,1.022234766553340890e+01
4.152900828808230926e+01,9.822247301862994107e+00
4.154901400400114397e+01,9.750107346399726538e+00
4.156901971991997868e+01,1.124065103239548336e+01
4.158902543583881339e+01,1.192138442922560948e+01
4.160903115175764810e+01,1.251187539810952387e+01
4.162903686767647571e+01,1.311872908480979483e+01
4.164904258359531752e+01,1.275442035842419486e+01
4.166904829951414513e+01,1.338889668298832802e+01
4.168905401543298694e+01,1.407334094060555429e+01
4.170905973135181455e+01,1.469357362499367170e+01
4.172906544727064926e+01,1.442918111965030192e+01
4.174907116318948397e+01,1.367498670542574857e+01
4.176907687910831868e+01,1.360374550335855659e+01
4.178908259502715339e+01,1.408816370917664962e+01
4.180908831094598810e+01,1.229141258303986284e+01
4.182909402686482281e+01,1.290789517710092404e+01
4.184909974278365041e+01,1.216302443326054217e+01
4.186910545870249223e+01,1.161424699588507892e+01
4.188911117462131983e+01,1.038726729793763859e+01
4.190911689054015454e+01,1.017188334221587453e+01
4.192912260645898925e+01,1.013502109762504411e+01
4.194912832237782396e+01,9.058802729213983440e+00
4.196913403829665867e+01,8.674804613013890275e+00
4.198913975421549338e+01,7.914327072374928385e+00
4.200914547013432809e+01,7.784862770430836854e+00
4.202915118605316280e+01,7.568162688698693685e+00
4.204915690197199041e+01,7.167991294744078701e+00
4.206916261789082512e+01,7.273386309882855727e+00
4.208916833380965983e+01,7.347412749326675652e+00
4.210917404972849454e+01,7.426302689502579213e+00
4.212917976564732925e+01,7.041602160756744055e+00
4.214918548156616396e+01,6.883484631909627005e+00
4.216919119748499867e+01,6.122463541642876095e+00
4.218919691340383338e+01,6.609894219833950757e+00
4.220920262932266809e+01,7.321951511231624465e+00
4.222920834524150280e+01,7.331222083005654255e+00
4.224921406116033040e+01,6.892872326550232742e+00
4.226921977707916511e+01,7.281983242554124658e+00
4.228922549299799982e+01,7.528202452138392786e+00
4.230923120891683453e+01,7.499597175994129117e+00
4.232923692483566924e+01,7.141539740987039586e+00
4.234924264075450395e+01,6.542324267595095222e+00
4.236924835667333866e+01,7.051793854186719557e+00
4.238925407259217337e+01,6.595595801415873538e+00
4.240925978851100808e+01,7.468309439838954233e+00
4.242926550442983569e+01,6.003950384907014381e+00
4.244927122034867040e+01,6.412034313284179277e+00
4.246927693626750511e+01,6.622079723222418224e+00
4.248928265218633982e+01,6.963816089507186113e+00
4.250928836810517453e+01,6.966296444426463452e+00
4.252929408402400924e+01,7.784247614000593174e+00
4.254929979994284395e+01,8.005538613659426872e+00
4.256930551586167866e+01,7.423809396814265327e+00
4.258931123178051337e+01,6.744985075276689557e+00
4.260931694769934097e+01,8.634973854356278622e+00
4.262932266361817568e+01,8.623622346998990551e+00
4.264932837953701039e+01,8.996115269337513709e+00
4.266933409545584510e+01,8.618199184341207797e+00
4.268933981137467981e+01,9.619907711839395859e+00
4.270934552729351452e+01,8.684078355732722798e+00
4.272935124321234923e+01,1.009552508732387821e+01
4.274935695913118394e+01,1.026451185041253567e+01
4.276936267505001865e+01,1.103436722924965885e+01
4.278936839096885336e+01,1.166916291296324104e+01
4.280937410688768097e+01,1.121800907649231860e+01
4.282937982280651568e+01,1.153660241026383204e+01
4.284938553872535039e+01,1.252841900663721475e+01
4.286939125464418510e+01,1.288789527196389528e+01
4.288939697056301981e+01,1.290853154943955161e+01
4.290940268648185452e+01,1.337283519924003450e+01
4.292940840240068923e+01,1.405924329907442250e+01
4.294941411831952394e+01,1.352586789291076741e+01
4.296941983423835865e+01,1.213691653535013515e+01
4.298942555015718625e+01,1.238988713102970252e+01
4.300943126607602096e+01,1.157487018490644992e+01
4.302943698199485567e+01,1.186124670047713181e+01
4.304944269791369038e+01,1.012086826897725444e+01
4.306944841383252509e+01,1.044648614114843532e+01
4.308945412975135980e+01,9.523140996252081436e+00
4.310945984567019451e+01,8.773092839623013006e+00
4.312946556158902922e+01,7.343502677045071536e+00
4.314947127750786393e+01,7.053199931310316195e+00
4.316947699342669864e+01,5.965807864369651270e+00
4.318948270934552625e+01,5.652420312659010904e+00
4.320948842526436096e+01,4.701428127559119652e+00
4.322949414118319567e+01,4.616895419416701785e+00
4.324949985710203038e+01,3.709695591301245265e+00
4.326950557302086509e+01,3.837906058016470556e+00
4.328951128893969980e+01,3.291741179939271067e+00
4.330951700485853451e+01,3.165083881934648069e+00
4.332952272077736922e+01,3.088657540744425223e+00
4.334952843669620393e+01,2.279147406141759813e+00
4.336953415261503153e+01,3.087678631066285817e+00
4.338953986853386624e+01,2.682262775654531417e+00
4.340954558445270095e+01,2.405311339488949596e+00
4.342955130037153566e+01,1.827349340657560273e+00
4.344955701629037037e+01,2.591845400685777179e+00
4.346956273220920508e+01,2.257638504303207672e+00
4.348956844812803979e+01,2.346474329637125322e+00
4.350957416404687450e+01,2.481852253687636178e+00
4.352957987996570921e+01,2.694184869992846565e+00
4.354958559588453681e+01,2.606919950543300502e+00
4.356959131180337153e+01,2.340343245812253059e+00
4.358959702772220624e+01,2.042927396161746678e+00
4.360960274364104095e+01,1.911727745299052872e+00
4.362960845955987566e+01,1.729547115980683003e+00
4.364961417547871037e+01,2.496714402436587044e+00
4.366961989139754508e+01,1.403469884664546363e+00
4.368962560731637979e+01,2.673092641656941826e+00
4.370963132323521450e+01,2.868896458499102131e+00
4.372963703915404921e+01,2.451681412638571089e+00
4.374964275507287681e+01,1.394446376313305258e+00
4.376964847099171152e+01,1.987991187716715347e+00
4.378965418691054623e+01,1.728839084614729460e+00
4.380965990282938094e+01,1.672236950540276101e+00
4.382966561874821565e+01,2.111150306371816221e+00
4.384967133466705036e+01,2.204212914806043422e+00
4.386967705058588507e+01,2.045309822675309253e+00
4.388968276650471978e+01,1.777247582947905302e+00
4.390968848242355449e+01,2.251639307972578941e+00
4.392969419834238209e+01,2.081671578062795902e+00
4.394969991426121680e+01,1.363678066879226325e+00
4.396970563018005151e+01,2.500404722958085912e+00
4.398971134609888622e+01,2.492039695403096999e+00
4.400971706201772093e+01,2.392577239140861067e+00
4.402972277793655564e+01,1.714589940110148980e+00
4.404972849385539035e+01,2.105295797568319749e+00
4.406973420977422506e+01,3.373704028592248161e+00
4.408973992569305977e+01,2.693623202624968460e+00
4.410974564161189448e+01,2.119400696744800694e+00
4.412975135753072209e+01,2.193079035018773659e+00
4.414975707344955680e+01,3.230803431326336295e+00
4.416976278936839151e+01,3.270607143306268227e+00
4.418976850528722622e+01,3.279606471340044571e+00
4.420977422120606093e+01,3.767307897759513136e+00
4.422977993712489564e+01,4.101960814208302608e+00
4.424978565304373035e+01,4.083330951648794560e+00
4.426979136896256506e+01,4.763230849973840719e+00
4.428979708488139977e+01,4.727779283153712875e+00
4.430980280080022737e+01,5.234398001399599210e+00
4.432980851671906208e+01,5.479666836758146253e+00
4.434981423263789679e+01,5.891730821737580115e+00
4.436981994855673150e+01,6.313757896916433410e+00
4.438982566447556621e+01,6.763692701266331042e+00
4.440983138039440092e+01,7.184614514688179909e+00
4.442983709631323563e+01,7.704073915284885388e+00
4.444984281223207034e+01,8.777253260398472534e+00
4.446984852815090505e+01,8.977842777705751232e+00
4.448985424406973266e+01,9.272962264877445904e+00
4.450985995998856737e+01,1.048966526323584780e+01
4.452986567590740208e+01,1.024125106122574813e+01
4.454987139182623679e+01,1.105326447509379939e+01
4.456987710774507150e+01,1.044717050938637470e+01
4.458988282366390621e+01,1.116461039766683783e+01
4.460988853958274092e+01,1.082990755732215504e+01
4.462989425550157563e+01,1.083207865107425327e+01
4.464989997142041034e+01,1.108747765413661490e+01
4.466990568733924505e+01,1.100137891478462926e+01
4.468991140325807265e+01,1.094404943569560018e+01
4.470991711917690736e+01,1.105452020007723490e+01
4.472992283509574207e+01,1.067897618179762631e+01
4.474992855101457678e+01,9.999800367031179249e+00
4.476993426693341149e+01,9.944770014919358303e+00
4.478993998285224620e+01,9.462907500726224441e+00
4.480994569877108091e+01,8.773404071222650202e+00
4.482995141468991562e+01,8.776255539590618326e+00
4.484995713060875033e+01,8.532814158214621969e+00
4.486996284652757794e+01,8.320179212008881109e+00
4.488996856244641265e+01,8.513955133431380773e+00
4.490997427836524736e+01,8.305573478859951564e+00
4.492997999428408207e+01,7.454807770428709901e+00
4.494998571020291678e+01,7.000165796352352032e+00
4.496999142612175149e+01,7.443248726896818823e+00
4.498999714204058620e+01,7.136975813132953483e+00
4.501000285795942091e+01,7.267421209771020685e+00
4.503000857387825562e+01,6.827225669770921712e+00
4.505001428979709033e+01,6.449535745296363309e+00
4.507002000571591793e+01,5.769312131526696419e+00
4.509002572163475264e+01,6.426765116240586551e+00
4.511003143755358735e+01,6.029441954490876832e+00
4.513003715347242206e+01,5.286793700236199101e+00
4.515004286939125677e+01,4.894673057098295921e+00
4.517004858531009148e+01,4.816498116663989748e+00
4.519005430122892619e+01,5.251639047945626970e+00
4.521006001714776090e+01,4.161518451668334784e+00
4.523006573306659561e+01,4.943421376419104618e+00
4.525007144898542322e+01,4.816349468625038099e+00
4.527007716490425793e+01,3.708261298978500875e+00
4.529008288082309264e+01,3.879484571418351013e+00
4.531008859674192735e+01,4.442814301575581659e+00
4.533009431266076206e+01,3.902223667959408004e+00
4.535010002857959677e+01,4.293828382518396047e+00
4.537010574449843148e+01,3.268800985175050577e+00
4.539011146041726619e+01,3.595911415056070926e+00
4.541011717633610090e+01,3.105198299974944565e+00
4.543012289225492850e+01,3.217572725031874636e+00
4.545012860817376321e+01,3.751848227375758960e+00
4.547013432409259792e+01,3.233417563374980652e+00
4.549014004001143263e+01,3.666914238242834578e+00
4.551014575593026734e+01,3.832539679436713698e+00
4.553015147184910205e+01,2.812039477832612988e+00
4.555015718776793676e+01,3.278628199466406379e+00
4.557016290368677147e+01,4.519224022032396704e+00
4.559016861960560618e+01,3.816852955630818389e+00
4.561017433552444089e+01,4.494997022692430733e+00
4.563018005144326850e+01,4.643733180288823092e+00
4.565018576736210321e+01,4.037457906438460142e+00
4.567019148328093792e+01,5.668285967578963636e+00
4.569019719919977263e+01,5.632181031303266749e+00
4.571020291511860734e+01,5.966069012553466777e+00
4.573020863103744205e+01,5.814724499377144085e+00
4.575021434695627676e+01,6.066509846624594360e+00
4.577022006287511147e+01,6.470774134778184639e+00
4.579022577879394618e+01,6.706240113653004542e+00
4.581023149471277378e+01,6.477763693023145919e+00
4.583023721063160849e+01,6.706789410899384407e+00
4.585024292655044320e+01,6.459878467520245415e+00
4.587024864246927791e+01,7.644770016450859629e+00
4.589025435838811262e+01,6.826588841156723930e+00
4.591026007430694733e+01,7.471433402001872892e+00
4.593026579022578204e+01,6.854487655326630957e+00
4.595027150614461675e+01,6.870590767434801904e+00
4.597027722206345146e+01,6.964240116657869351e+00
4.599028293798228617e+01,7.098431541108789489e+00
4.601028865390111378e+01,5.486047444466789713e+00
4.603029436981994849e+01,6.205515412778254358e+00
4.605030008573878320e+01,6.183753389266066769e+00
4.607030580165761791e+01,4.779482063876817399e+00
4.609031151757645262e+01,5.719356546590043777e+00
4.611031723349528733e+01,5.250228765335314129e+00
4.613032294941412204e+01,5.050621571885499428e+00
4.615032866533295675e+01,5.602239644041450362e+00
4.617033438125179146e+01,5.456720940638357220e+00
4.619034009717061906e+01,5.642665056911789989e+00
4.621034581308945377e+01,5.862072251250089572e+00
4.623035152900828848e+01,5.898110552233379877e+00
4.625035724492712319e+01,6.692997115914896433e+00
4.627036296084595790e+01,6.310292420811213887e+00
4.629036867676479261e+01,6.528588267551945989e+00
4.631037439268362732e+01,6.911275898930687056e+00
4.633038010860246203e+01,8.041204826887128121e+00
4.635038582452129674e+01,8.615752653317704457e+00
4.637039154044012434e+01,9.168074560077137392e+00
4.639039725635895905e+01,1.023432460936916932e+01
4.641040297227779376e+01,1.101264562495301291e+01
4.643040868819662847e+01,1.208034394657317989e+01
4.645041440411546319e+01,1.226568952823295433e+01
4.647042012003429790e+01,1.263569602333000574e+01
4.649042583595313261e+01,1.358947661927515327e+01
4.651043155187196732e+01,1.532716598828642773e+01
4.653043726779080203e+01,1.479044887947694775e+01
4.655044298370963674e+01,1.623434168976527303e+01
4.657044869962846434e+01,1.643900468152943262e+01
4.659045441554729905e+01,1.660650448339501395e+01
4.661046013146613376e+01,1.714840100103821285e+01
4.663046584738496847e+01,1.779890453141660345e+01
4.665047156330380318e+01,1.770304850628056315e+01
4.667047727922263789e+01,1.733258624721420205e+01
4.669048299514147260e+01,1.766714728889450825e+01
4.671048871106030731e+01,1.670095953412085876e+01
4.673049442697914202e+01,1.600379939868015100e+01
4.675050014289796962e+01,1.525896457626095959e+01
4.677050585881680433e+01,1.475544170730534077e+01
4.679051157473563904e+01,1.469472202086529045e+01
4.681051729065447375e+01,1.321006252021799554e+01
4.683052300657330846e+01,1.272900394698665494e+01
4.685052872249214317e+01,1.262654580021445305e+01
4.687053443841097788e+01,1.139148548322208043e+01
4.689054015432981259e+01,1.058441196208127089e+01
4.691054587024864730e+01,1.030799688414236748e+01
4.693055158616748201e+01,1.017474409426397131e+01
4.695055730208630962e+01,1.005123945450814382e+01
4.697056301800514433e+01,9.578545445546252424e+00
4.699056873392397904e+01,9.470389248359211365e+00
4.701057444984281375e+01,8.999947188134132858e+00
4.703058016576164846e+01,8.287136460736777011e+00
4.705058588168048317e+01,8.622237394612202621e+00
4.707059159759931788e+01,9.758537822021514430e+00
4.709059731351815259e+01,9.795820846916985403e+00
4.711060302943698730e+01,1.048652549636246434e+01
4.713060874535581490e+01,1.077438593936641098e+01
4.715061446127464961e+01,1.096009927482138835e+01
4.717062017719348432e+01,1.224509661723697462e+01
4.719062589311231903e+01,1.326764444259701925e+01
4.721063160903115374e+01,1.376757437704830522e+01
4.723063732494998845e+01,1.463817701211096534e+01
4.725064304086882316e+01,1.569896638032062697e+01
4.727064875678765787e+01,1.683570224778214452e+01
4.729065447270649258e+01,1.820115976579294426e+01
4.731066018862532019e+01,2.099946201530132583e+01
4.733066590454415490e+01,2.281553541162478993e+01
4.735067162046298961e+01,2.485782619957939943e+01
4.737067733638182432e+01,2.700201963601847055e+01
4.739068305230065903e+01,2.904443219335588111e+01
4.741068876821949374e+01,3.177898645972148728e+01
4.743069448413832845e+01,3.408485340344666525e+01
4.745070020005716316e+01,3.755227929293157274e+01
4.747070591597599787e+01,4.106048671678333051e+01
4.749071163189483258e+01,4.359757592025259498e+01
4.751071734781366018e+01,4.676078803862451139e+01
4.753072306373249489e+01,5.113976026753059756e+01
4.755072877965132960e+01,5.397993069198932403e+01
4.757073449557016431e+01,5.674368916788952788e+01
4.759074021148899902e+01,6.117799870372297022e+01
4.761074592740783373e+01,6.349758611589000878e+01
4.763075164332666844e+01,6.597127281509743568e+01
4.765075735924550315e+01,6.789208425939295921e+01
4.767076307516433786e+01,6.899066702152427411e+01
4.769076879108316547e+01,6.955350094774961178e+01
4.771077450700200018e+01,6.967413002506535236e+01
4.773078022292083489e+01,6.906343499452796664e+01
4.775078593883966960e+01,6.788251178258849450e+01
4.777079165475850431e+01,6.689737033781324271e+01
4.779079737067733902e+01,6.388591436756301789e+01
4.781080308659617373e+01,6.098228026584705219e+01
4.783080880251500844e+01,5.748905323624507702e+01
4.785081451843384315e+01,5.416446563932873204e+01
4.787082023435267075e+01,5.117398002337598939e+01
4.789082595027150546e+01,4.768979089306119334e+01
4.791083166619034017e+01,4.450112168768262677e+01
4.793083738210917488e+01,4.170476336418451524e+01
4.795084309802800959e+01,3.884606139741640618e+01
4.797084881394684430e+01,3.581008425883514690e+01
4.799085452986567901e+01,3.401405727237716548e+01
4.801086024578451372e+01,3.164719379320040105e+01
4.803086596170334843e+01,3.019825565492192254e+01
4.805087167762218314e+01,2.872798991606724783e+01
4.807087739354101075e+01,2.822191850673567615e+01
4.809088310945984546e+01,2.694742128032529038e+01
4.811088882537868017e+01,2.591819334186352464e+01
4.813089454129751488e+01,2.615002248233117754e+01
4.815090025721634959e+01,2.488282624346484795e+01
4.817090597313518430e+01,2.467233249896573710e+01
4.819091168905401901e+01,2.447008338386093129e+01
4.821091740497285372e+01,2.220939560099234455e+01
4.823092312089168843e+01,2.141632051785978064e+01
4.825092883681051603e+01,2.103718117047263547e+01
4.827093455272935074e+01,2.040171741560254759e+01
4.829094026864818545e+01,1.829390873306076415e+01
4.831094598456702016e+01,1.696454420744425562e+01
4.833095170048585487e+01,1.567387898165942772e+01
4.835095741640468958e+01,1.404429774721493018e+01
4.837096313232352429e+01,1.312474893528866460e+01
4.839096884824235900e+01,1.115309526239200366e+01
4.841097456416119371e+01,1.097774512229324273e+01
4.843098028008002842e+01,1.028619438614092374e+01
4.845098599599885603e+01,8.969982164798365076e+00
4.847099171191769074e+01,9.330100541977937922e+00
4.849099742783652545e+01,7.693485553642128494e+00
4.851100314375536016e+01,7.896394941220298058e+00
4.853100885967419487e+01,7.110753203131681133e+00
4.855101457559302958e+01,6.409809089714016750e+00
4.857102029151186429e+01,6.045058997684303215e+00
4.859102600743069900e+01,7.350860977549819708e+00
4.861103172334953371e+01,6.864331852169510029e+00
4.863103743926836131e+01,7.349492628507023895e+00
4.865104315518719602e+01,8.234956371753694881e+00
4.867104887110603073e+01,7.288007137329145735e+00
4.869105458702486544e+01,8.132535360560066096e+00
4.871106030294370015e+01,8.673092091435421480e+00
4.873106601886253486e+01,9.142965050799684690e+00
4.875107173478136957e+01,9.358415473164162890e+00
4.877107745070020428e+01,9.346745267589657402e+00
4.879108316661903899e+01,1.009145350441529487e+01
4.881108888253786660e+01,1.204151717138666555e+01
4.883109459845670131e+01,1.232765655682531047e+01
4.885110031437553602e+01,1.280391964252141435e+01
4.887110603029437073e+01,1.392834073615532375e+01
4.889111174621320544e+01,1.363425389883028060e+01
4.891111746213204015e+01,1.407176508506919532e+01
4.893112317805087486e+01,1.406707188041175272e+01
4.895112889396970957e+01,1.448692269236903130e+01
4.897113460988854428e+01,1.472953175015481797e+01
4.899114032580737899e+01,1.466343337494473076e+01
4.901114604172620659e+01,1.393113262627458582e+01
4.903115175764504130e+01,1.267753907915140310e+01
4.905115747356387601e+01,1.284421935700777873e+01
4.907116318948271072e+01,1.221904627593322523e+01
4.909116890540154543e+01,1.216427941913494948e+01
4.911117462132038014e+01,1.020678009506698203e+01
4.913118033723921485e+01,9.443990055169352971e+00
4.915118605315804956e+01,8.913292591970517265e+00
4.917119176907688427e+01,8.527493499443377090e+00
4.919119748499571187e+01,7.705291456384582460e+00
4.921120320091454658e+01,7.377965581369240411e+00
4.923120891683338129e+01,6.648607044653535247e+00
4.925121463275221600e+01,7.157522350240633102e+00
4.927122034867105071e+01,6.506460401991366105e+00
4.929122606458988542e+01,5.883295446786984684e+00
4.931123178050872014e+01,5.300573847569090447e+00
4.933123749642755485e+01,5.793127608557441022e+00
4.935124321234638956e+01,5.025834587544253829e+00
4.937124892826522427e+01,4.936950801722193916e+00
4.939125464418405187e+01,4.574492035604890816e+00
4.941126036010288658e+01,4.804417272787406823e+00
4.943126607602172129e+01,3.845185332788981558e+00
4.945127179194055600e+01,4.635079040232229275e+00
4.947127750785939071e+01,4.690701063820993610e+00
4.949128322377822542e+01,4.611544988294881797e+00
4.951128893969706013e+01,4.399515826755731496e+00
4.953129465561589484e+01,4.299534085867722233e+00
4.955130037153472955e+01,4.198203765685789790e+00
4.957130608745355715e+01,4.481149443163641166e+00
4.959131180337239186e+01,3.927473503779979946e+00
4.961131751929122657e+01,5.289270226394965135e+00
4.963132323521006128e+01,4.544134383204479377e+00
4.965132895112889599e+01,4.791298118428822583e+00
4.967133466704773070e+01,5.458076194385832025e+00
4.969134038296656541e+01,5.119061777136547420e+00
4.971134609888540012e+01,5.450086065108211031e+00
4.973135181480423483e+01,5.549809618617087992e+00
4.975135753072306244e+01,5.966150346994131937e+00
4.977136324664189715e+01,7.388051009447187845e+00
4.979136896256073186e+01,7.397846878954089433e+00
4.981137467847956657e+01,7.457605346323187945e+00
4.983138039439840128e+01,8.159459756257234631e+00
4.985138611031723599e+01,8.414501351843593824e+00
4.987139182623607070e+01,9.317911034213615551e+00
4.989139754215490541e+01,8.284568778591259175e+00
4.991140325807374012e+01,9.550075379467358516e+00
4.993140897399257483e+01,9.894706524539634174e+00
4.995141468991140243e+01,9.738193829396927015e+00
4.997142040583023714e+01,9.997522539404052111e+00
4.999142612174907185e+01,1.030858079731228827e+01
5.001143183766790656e+01,1.036496833112605742e+01
5.003143755358674127e+01,9.643271936807494171e+00
5.005144326950557598e+01,9.102264721942187720e+00
5.007144898542441069e+01,8.621821092932144381e+00
5.009145470134324540e+01,8.243153097513120642e+00
5.011146041726208011e+01,8.826519999115999937e+00
5.013146613318090772e+01,7.554897367351760096e+00
5.015147184909974243e+01,7.830133239922149713e+00
5.017147756501857714e+01,6.762896320981076848e+00
5.019148328093741185e+01,6.573493785122133559e+00
5.021148899685624656e+01,6.537504619946396645e+00
5.023149471277508127e+01,6.696283163095272606e+00
5.025150042869391598e+01,6.339344627484434724e+00
5.027150614461275069e+01,6.410444428524836979e+00
5.029151186053158540e+01,5.817461306348418404e+00
5.031151757645042011e+01,7.111703890038331366e+00
5.033152329236924771e+01,6.863901760285287423e+00
5.035152900828808242e+01,7.196041504163920521e+00
5.037153472420691713e+01,6.689581504198733874e+00
5.039154044012575184e+01,6.882034234908709358e+00
5.041154615604458655e+01,7.657661471703661960e+00
5.043155187196342126e+01,7.465651799759386975e+00
5.045155758788225597e+01,8.636890147362596082e+00
5.047156330380109068e+01,7.887564934125768090e+00
5.049156901971992539e+01,7.485340010656248211e+00
5.051157473563875300e+01,8.063237654261930842e+00
5.053158045155758771e+01,8.680711374829536808e+00
5.055158616747642242e+01,8.596234986612422801e+00
5.057159188339525713e+01,9.786995323860763207e+00
5.059159759931409184e+01,9.622133974814740753e+00
5.061160331523292655e+01,9.456301653754010772e+00
5.063160903115176126e+01,9.561886627561840157e+00
5.065161474707059597e+01,9.282497298692119259e+00
5.067162046298943068e+01,1.098249889219414399e+01
5.069162617890825828e+01,1.092360259542281042e+01
5.071163189482709299e+01,1.054106067096371291e+01
5.073163761074592770e+01,1.026050955447598056e+01
5.075164332666476241e+01,1.090277901969562535e+01
5.077164904258359712e+01,1.102756324254240994e+01
5.079165475850243183e+01,1.134106398426133921e+01
5.081166047442126654e+01,1.171701344761657637e+01
5.083166619034010125e+01,1.169193734043700417e+01
5.085167190625893596e+01,1.181753387161990432e+01
5.087167762217777067e+01,1.172013145942102597e+01
5.089168333809659828e+01,1.214209283891665336e+01
5.091168905401543299e+01,1.136788653665042403e+01
5.093169476993426770e+01,1.138036848613009511e+01
5.095170048585310241e+01,1.025224250057475217e+01
5.097170620177193712e+01,9.932286773011814063e+00
5.099171191769077183e+01,9.513592408002523371e+00
5.101171763360960654e+01,9.491520719212404700e+00
5.103172334952844125e+01,8.924591595067138172e+00
5.105172906544727596e+01,8.964875000561251639e+00
5.107173478136610356e+01,8.355336256842569753e+00
5.109174049728493827e+01,8.003200754211093226e+00
5.111174621320377298e+01,8.340214591916454978e+00
5.113175192912260769e+01,8.132201727863513696e+00
5.115175764504144240e+01,7.436922044810675203e+00
5.117176336096027711e+01,7.594688410782637789e+00
5.119176907687911182e+01,7.109516822357235810e+00
5.121177479279794653e+01,7.819016661335878915e+00
5.123178050871678124e+01,8.526586043125714554e+00
5.125178622463561595e+01,7.679336697021352798e+00
5.127179194055444356e+01,8.955215246270284979e+00
5.129179765647327827e+01,9.178696443831329432e+00
5.131180337239211298e+01,8.498023444347627020e+00
5.133180908831094769e+01,9.147698078763847107e+00
5.135181480422978240e+01,8.167024860358452543e+00
5.137182052014861711e+01,8.716842958303175237e+00
5.139182623606745182e+01,7.858776701269720277e+00
5.141183195198628653e+01,8.208420184967906152e+00
5.143183766790512124e+01,8.010438589066421144e+00
5.145184338382394884e+01,7.910374571024613388e+00
5.147184909974278355e+01,7.458512434339733765e+00
5.149185481566161826e+01,7.040631843869851636e+00
5.151186053158045297e+01,6.268261030838056413e+00
5.153186624749928768e+01,6.592172668726176354e+00
5.155187196341812239e+01,6.753078693915796293e+00
5.157187767933695710e+01,6.309899451728716357e+00
5.159188339525579181e+01,6.569005799819954028e+00
5.161188911117462652e+01,5.320887381744556777e+00
5.163189482709345413e+01,5.959803523634741751e+00
5.165190054301228884e+01,5.671559646278947042e+00
5.167190625893112355e+01,5.918509025963575532e+00
5.169191197484995826e+01,5.649812968661928281e+00
5.171191769076879297e+01,6.555942308448694078e+00
5.173192340668762768e+01,6.802245558415314974e+00
5.175192912260646239e+01,5.531199411605816074e+00
5.177193483852529710e+01,6.629590381043269254e+00
5.179194055444413181e+01,7.581119412335040941e+00
5.181194627036296652e+01,7.249555259043785505e+00
5.183195198628179412e+01,8.681104074164537110e+00
5.185195770220062883e+01,9.856952500748104029e+00
5.187196341811946354e+01,9.295590094351659616e+00
5.189196913403829825e+01,1.045406009667467906e+01
5.191197484995713296e+01,1.103501126338838390e+01
5.193198056587596767e+01,1.224248196896710184e+01
5.195198628179480238e+01,1.338466066100395579e+01
5.197199199771363709e+01,1.487825968025653367e+01
5.199199771363247180e+01,1.582817188426645316e+01
5.201200342955129940e+01,1.748829671337067282e+01
5.203200914547013411e+01,1.865561509536097162e+01
5.205201486138896882e+01,1.976763732251402672e+01
5.207202057730780353e+01,2.129585364650620249e+01
5.209202629322663824e+01,2.313484035110387538e+01
5.211203200914547295e+01,2.383812374132584466e+01
5.213203772506430766e+01,2.512243460191881184e+01
5.215204344098314237e+01,2.564372411247570227e+01
5.217204915690197708e+01,2.620334655058594819e+01
5.219205487282081180e+01,2.672450244939533448e+01
5.221206058873963940e+01,2.527285845161156530e+01
5.223206630465847411e+01,2.561940697482587126e+01
5.225207202057730882e+01,2.435811256766523059e+01
5.227207773649614353e+01,2.436370968088265698e+01
5.229208345241497824e+01,2.212456004635289375e+01
5.231208916833381295e+01,2.139060529135244337e+01
5.233209488425264766e+01,1.997852560108780295e+01
5.235210060017148237e+01,1.843478379025009062e+01
5.237210631609031708e+01,1.666075524534131702e+01
5.239211203200914468e+01,1.517777370794089009e+01
5.241211774792797939e+01,1.385344409214429362e+01
5.243212346384681410e+01,1.218459398098384483e+01
5.245212917976564881e+01,1.067679525064435708e+01
5.247213489568448352e+01,1.017719874814359926e+01
5.249214061160331823e+01,8.485594628001054573e+00
5.251214632752215294e+01,7.410751077862947511e+00
5.253215204344098765e+01,7.664572142459325832e+00
5.255215775935982236e+01,6.806048235316552564e+00
5.257216347527864997e+01,5.870527312806288478e+00
5.259216919119748468e+01,5.327910009492189403e+00
5.261217490711631939e+01,5.463801617961685508e+00
5.263218062303515410e+01,5.122799472857028746e+00
5.265218633895398881e+01,5.671816466089953934e+00
5.267219205487282352e+01,4.703802649349146492e+00
5.269219777079165823e+01,5.115725504565679316e+00
5.271220348671049294e+01,5.240761782796624857e+00
5.273220920262932765e+01,5.244363183941093354e+00
5.275221491854816236e+01,5.533720597615323200e+00
5.277222063446698996e+01,3.945879484136225024e+00
5.279222635038582467e+01,4.684624239981832972e+00
5.281223206630465938e+01,4.560728319164917721e+00
5.283223778222349409e+01,4.770898693847053451e+00
5.285224349814232880e+01,4.476409448364608856e+00
5.287224921406116351e+01,3.940306661218944129e+00
5.289225492997999822e+01,3.834892131278942351e+00
5.291226064589883293e+01,3.867745948255275845e+00
5.293226636181766764e+01,3.486875070303251611e+00
5.295227207773649525e+01,4.292024131690510558e+00
5.297227779365532996e+01,3.804386639765363398e+00
5.299228350957416467e+01,3.284473994781977879e+00
5.301228922549299938e+01,2.636180922654646430e+00
5.303229494141183409e+01,3.665292122100002992e+00
5.305230065733066880e+01,3.767785402678899054e+00
5.307230637324950351e+01,2.606016075684639333e+00
5.309231208916833822e+01,2.463837172927528130e+00
5.311231780508717293e+01,2.101635783578487793e+00
5.313232352100600764e+01,2.009113432993181902e+00
5.315232923692483524e+01,2.989577176054524443e+00
5.317233495284366995e+01,2.273909815824934899e+00
5.319234066876250466e+01,2.721653266377543900e+00
5.321234638468133937e+01,2.201025011752069993e+00
5.323235210060017408e+01,2.889246139975417016e+00
5.325235781651900879e+01,2.566564357470432434e+00
5.327236353243784350e+01,2.262893731723900181e+00
5.329236924835667821e+01,3.049104714246331227e+00
5.331237496427551292e+01,1.902823574665575057e+00
5.333238068019434053e+01,2.235976675084577092e+00
5.335238639611317524e+01,1.859779405222329318e+00
5.337239211203200995e+01,1.543067916678971141e+00
5.339239782795084466e+01,2.055711185888212000e+00
5.341240354386967937e+01,2.459244368610263187e+00
5.343240925978851408e+01,2.533378231161423244e+00
5.345241497570734879e+01,2.894448907433335272e+00
5.347242069162618350e+01,3.188115376808622781e+00
5.349242640754501821e+01,2.957816603473908401e+00
5.351243212346384581e+01,3.056985342048609500e+00
5.353243783938268052e+01,3.409306061204935290e+00
5.355244355530151523e+01,3.617109168460259205e+00
5.357244927122034994e+01,3.577062086687337050e+00
5.359245498713918465e+01,4.011067500287881060e+00
5.361246070305801936e+01,3.351225511185569772e+00
5.363246641897685407e+01,4.416683696960826744e+00
5.365247213489568878e+01,3.836808776027996082e+00
5.367247785081452349e+01,4.173573439673686103e+00
5.369248356673335820e+01,3.810667853993179754e+00
5.371248928265218581e+01,3.906528427567162343e+00
5.373249499857102052e+01,4.699990954284563038e+00
5.375250071448985523e+01,4.348591941827009144e+00
5.377250643040868994e+01,4.480762416447280572e+00
5.379251214632752465e+01,4.290273542841020138e+00
5.381251786224635936e+01,5.265667709091022886e+00
5.383252357816519407e+01,4.328922727501769430e+00
5.385252929408402878e+01,4.767707384757247979e+00
5.387253501000286349e+01,4.986511073260645688e+00
5.389254072592169109e+01,5.058421818806239756e+00
5.391254644184052580e+01,5.162449877664558429e+00
5.393255215775936051e+01,5.438775847806113006e+00
5.395255787367819522e+01,5.837938385469693792e+00
5.397256358959702993e+01,6.715878332501418413e+00
5.399256930551586464e+01,7.012064302695199203e+00
5.401257502143469935e+01,6.041954976144277900e+00
5.403258073735353406e+01,6.469492672083060114e+00
5.405258645327236877e+01,6.609699384613795026e+00
5.407259216919120348e+01,6.873328046785014855e+00
5.409259788511003109e+01,7.443525385097207625e+00
5.411260360102886580e+01,6.967643145462331766e+00
5.413260931694770051e+01,7.807767721219917689e+00
5.415261503286653522e+01,8.819791360535688796e+00
5.417262074878536993e+01,9.673262402996574139e+00
5.419262646470420464e+01,9.887667579495694525e+00
5.421263218062303935e+01,1.043420910653904166e+01
5.423263789654187406e+01,1.217183903778969167e+01
5.425264361246070877e+01,1.267246428750466514e+01
5.427264932837953637e+01,1.427811964808056899e+01
5.429265504429837108e+01,1.539467674334409786e+01
5.431266076021720579e+01,1.745094545133434494e+01
5.433266647613604050e+01,1.875209771228485778e+01
5.435267219205487521e+01,1.913576665045612657e+01
5.437267790797370992e+01,2.112922302924446427e+01
5.439268362389254463e+01,2.264842955577631045e+01
5.441268933981137934e+01,2.409152802558400808e+01
5.443269505573021405e+01,2.433424509122821888e+01
5.445270077164904166e+01,2.552423710187824923e+01
5.447270648756787637e+01,2.631594860576732131e+01
5.449271220348671108e+01,2.517661071148266672e+01
5.451271791940554579e+01,2.671093599139381070e+01
5.453272363532438050e+01,2.483471479909153601e+01
5.455272935124321521e+01,2.467059541685581792e+01
5.457273506716204992e+01,2.363435488067446144e+01
5.459274078308088463e+01,2.298898381573080485e+01
5.461274649899971934e+01,2.155901277397798665e+01
5.463275221491855405e+01,2.028987634663609541e+01
5.465275793083738165e+01,1.878336392772795094e+01
5.467276364675621636e+01,1.746764438254173868e+01
5.469276936267505107e+01,1.551265437366848765e+01
5.471277507859388578e+01,1.451481834662408943e+01
5.473278079451272049e+01,1.319339006276246806e+01
5.475278651043155520e+01,1.188924718117379342e+01
5.477279222635038991e+01,1.074148183723325367e+01
5.479279794226922462e+01,1.002646846907186173e+01
5.481280365818805933e+01,8.577715146683599912e+00
5.483280937410688693e+01,8.042675299635416053e+00
5.485281509002572164e+01,7.475514152607040330e+00
5.487282080594455635e+01,6.980520049928038873e+00
5.489282652186339106e+01,6.988936218714886905e+00
5.491283223778222577e+01,6.582741759456482100e+00
5.493283795370106048e+01,5.782403457808362290e+00
5.495284366961989519e+01,4.996974915083123747e+00
5.497284938553872990e+01,5.002908499751470117e+00
5.499285510145756461e+01,5.238187917972704888e+00
5.501286081737639222e+01,4.789224988672977190e+00
5.503286653329522693e+01,4.843026092662576332e+00
5.505287224921406164e+01,5.022155530290289605e+00
5.507287796513289635e+01,4.553726987580404284e+00
5.509288368105173106e+01,4.568477438486560516e+00
5.511288939697056577e+01,4.880895766969175931e+00
5.513289511288940048e+01,4.828608883580011835e+00
5.515290082880823519e+01,4.398643180002443032e+00
5.517290654472706990e+01,5.114933159182404765e+00
5.519291226064590461e+01,5.260219888808338240e+00
5.521291797656473221e+01,4.946474313277723134e+00
5.523292369248356692e+01,4.934052607922151168e+00
5.525292940840240163e+01,5.645343152794383812e+00
5.527293512432123634e+01,4.655845790528097439e+00
5.529294084024007105e+01,4.656053998049662468e+00
5.531294655615890576e+01,4.436975973418763708e+00
5.533295227207774047e+01,4.632662865200595448e+00
5.535295798799657518e+01,5.374481833707963396e+00
5.537296370391540989e+01,5.845681883030714232e+00
5.539296941983423750e+01,5.504184860343297458e+00
5.541297513575307221e+01,4.843991221675125303e+00
5.543298085167190692e+01,5.163659946863912609e+00
5.545298656759074163e+01,5.805084285722902138e+00
5.547299228350957634e+01,6.385715496385071077e+00
5.549299799942841105e+01,5.679020193315128751e+00
5.551300371534724576e+01,6.511109715696425937e+00
5.553300943126608047e+01,6.471148071612891073e+00
5.555301514718491518e+01,6.905646106278332752e+00
5.557302086310374989e+01,6.663982743395784780e+00
5.559302657902257749e+01,6.939634105042173928e+00
5.561303229494141220e+01,6.950893232016900569e+00
5.563303801086024691e+01,7.616669698668681932e+00
5.565304372677908162e+01,7.695912335366017487e+00
5.567304944269791633e+01,6.462798358202421767e+00
5.569305515861675104e+01,6.806479442220116027e+00
5.571306087453558575e+01,7.443743845994870156e+00
5.573306659045442046e+01,6.945059867444965285e+00
5.575307230637325517e+01,6.797833304024244683e+00
5.577307802229208278e+01,5.868793795813015635e+00
5.579308373821091749e+01,6.238324676560731419e+00
5.581308945412975220e+01,5.532246907909424749e+00
5.583309517004858691e+01,5.621700677892848219e+00
5.585310088596742162e+01,5.383397528111506958e+00
5.587310660188625633e+01,5.745797282127736771e+00
5.589311231780509104e+01,6.153282740839896903e+00
5.591311803372392575e+01,5.579456316107728853e+00
5.593312374964276046e+01,5.072551172426598143e+00
5.595312946556158806e+01,5.609922057684027408e+00
5.597313518148042277e+01,6.265011986045619707e+00
5.599314089739925748e+01,5.922631054430434361e+00
5.601314661331809219e+01,5.641059412256098859e+00
5.603315232923692690e+01,5.649683341586991148e+00
5.605315804515576161e+01,6.519832782973686847e+00
5.607316376107459632e+01,6.121868652898942997e+00
5.609316947699343103e+01,5.540318032928320591e+00
5.611317519291226574e+01,5.861669850652647895e+00
5.613318090883110045e+01,6.217555715091068969e+00
5.615318662474992806e+01,6.162561642737825807e+00
5.617319234066876277e+01,6.750872901902198464e+00
5.619319805658759748e+01,6.499482604791147367e+00
5.621320377250643219e+01,5.610877780064868148e+00
5.623320948842526690e+01,5.374219096360363324e+00
5.625321520434410161e+01,5.876780233591171410e+00
5.627322092026293632e+01,5.316240285268127863e+00
5.629322663618177103e+01,4.403141835247021518e+00
5.631323235210060574e+01,5.344673484263299024e+00
5.633323806801943334e+01,4.675706268728905712e+00
5.635324378393826805e+01,4.674126164021064511e+00
5.637324949985710276e+01,4.948635607778040679e+00
5.639325521577593747e+01,4.013765678742040599e+00
5.641326093169477218e+01,3.915906917445063584e+00
5.643326664761360689e+01,4.110303383054469073e+00
5.645327236353244160e+01,2.614215899316620462e+00
5.647327807945127631e+01,3.133111627921209230e+00
5.649328379537011102e+01,3.286027041554636430e+00
5.651328951128894573e+01,2.232971334457787282e+00
5.653329522720777334e+01,2.188339460030087391e+00
5.655330094312660805e+01,2.202812022246237511e+00
5.657330665904544276e+01,2.715540099505820315e+00
5.659331237496427747e+01,2.170237293465517414e+00
5.661331809088311218e+01,2.261267056170002565e+00
5.663332380680194689e+01,2.188998570761181206e+00
5.665332952272078160e+01,2.224095928932652289e+00
5.667333523863961631e+01,3.106571201159196161e+00
5.669334095455845102e+01,2.435594892079773199e+00
5.671334667047727862e+01,1.982915469550395215e+00
5.673335238639611333e+01,2.384494323311132646e+00
5.675335810231494804e+01,2.510518684174968485e+00
5.677336381823378275e+01,2.691609335288841276e+00
5.679336953415261746e+01,2.816743639248887821e+00
5.681337525007145217e+01,2.168227091296029307e+00
5.683338096599028688e+01,2.451203674668132049e+00
5.685338668190912159e+01,1.888970437391172208e+00
5.687339239782795630e+01,2.383064165869260620e+00
5.689339811374678391e+01,1.613087056321076629e+00
5.691340382966561862e+01,2.808940389729182030e+00
5.693340954558445333e+01,2.299676069035306192e+00
5.695341526150328804e+01,2.264749296086009611e+00
5.697342097742212275e+01,2.439485234195456709e+00
5.699342669334095746e+01,3.118992978374517389e+00
5.701343240925979217e+01,2.791984719130979453e+00
5.703343812517862688e+01,1.848422234103845874e+00
5.705344384109746159e+01,2.576270466560714567e+00
5.707344955701629630e+01,2.599552102663346798e+00
5.709345527293512390e+01,2.600849010489578728e+00
5.711346098885395861e+01,2.610634853697257007e+00
5.713346670477279332e+01,2.485643268530496997e+00
5.715347242069162803e+01,2.363579158876771835e+00
5.717347813661046274e+01,2.422405275541171576e+00
5.719348385252929745e+01,3.097934289629569182e+00
5.721348956844813216e+01,2.736891459732905929e+00
5.723349528436696687e+01,2.815631149845317704e+00
5.725350100028580158e+01,3.214767400467461123e+00
5.727350671620462919e+01,3.276795701289813678e+00
5.729351243212346390e+01,2.581417192932481619e+00
5.731351814804229861e+01,3.169343701670813473e+00
5.733352386396113332e+01,3.070955549953386932e+00
5.735352957987996803e+01,3.783002327549693788e+00
5.737353529579880274e+01,3.699176652381787278e+00
5.739354101171763745e+01,4.320466492267422964e+00
5.741354672763647216e+01,4.376156760364552589e+00
5.743355244355530687e+01,4.597801590362990964e+00
5.745355815947414158e+01,5.670091206244657123e+00
5.747356387539296918e+01,5.562363804306468040e+00
5.749356959131180389e+01,6.938359091348027974e+00
5.751357530723063860e+01,6.895885530685881726e+00
5.753358102314947331e+01,7.343041889481221496e+00
5.755358673906830802e+01,8.871903609693488235e+00
5.757359245498714273e+01,8.946018274341660970e+00
5.759359817090597744e+01,9.831665491003532154e+00
5.761360388682481215e+01,1.125728608751485638e+01
5.763360960274364686e+01,1.203122089304159203e+01
5.765361531866247446e+01,1.454807290117308227e+01
5.767362103458130917e+01,1.541247700957845979e+01
5.769362675050014388e+01,1.745394709292346747e+01
5.771363246641897859e+01,1.774942938484143440e+01
5.773363818233781330e+01,1.955925755064928495e+01
5.775364389825664801e+01,2.075203147407132320e+01
5.777364961417548272e+01,2.346235744007823598e+01
5.779365533009431743e+01,2.524168879130990106e+01
5.781366104601315214e+01,2.600757095857119339e+01
5.783366676193197975e+01,2.697171582354270214e+01
5.785367247785081446e+01,2.778552461562456699e+01
5.787367819376964917e+01,2.959102514867487344e+01
5.789368390968848388e+01,2.941386667345678418e+01
5.791368962560731859e+01,3.039706852764452805e+01
5.793369534152615330e+01,3.020818259460572364e+01
5.795370105744498801e+01,3.061808575525955334e+01
5.797370677336382272e+01,3.077135324800719474e+01
5.799371248928265743e+01,2.912018539689265140e+01
5.801371820520149214e+01,2.940904097774712156e+01
5.803372392112031974e+01,2.861918279351415606e+01
5.805372963703915445e+01,2.783953236104695605e+01
5.807373535295798916e+01,2.682353209726538523e+01
5.809374106887682387e+01,2.544857256360941022e+01
5.811374678479565858e+01,2.476387817537361258e+01
5.813375250071449329e+01,2.345758279643118271e+01
5.815375821663332800e+01,2.233459720954322592e+01
5.817376393255216271e+01,2.162633431235580872e+01
5.819376964847099742e+01,1.958316463855681988e+01
5.821377536438982503e+01,1.870422843548957204e+01
5.823378108030865974e+01,1.644886266525215390e+01
5.825378679622749445e+01,1.563577763129321951e+01
5.827379251214632916e+01,1.469942930350355681e+01
5.829379822806516387e+01,1.305676250986789455e+01
5.831380394398399858e+01,1.174287817053105165e+01
5.833380965990283329e+01,1.245147322650617561e+01
5.835381537582166800e+01,1.009487586140732951e+01
5.837382109174050271e+01,1.007410666208552286e+01
5.839382680765933742e+01,9.673974456328272353e+00
5.841383252357816502e+01,9.199652328736290130e+00
5.843383823949699973e+01,9.554789128479971083e+00
5.845384395541583444e+01,9.220316428939467457e+00
5.847384967133466915e+01,9.682455078658774639e+00
5.849385538725350386e+01,1.041414822118299455e+01
5.851386110317233857e+01,1.135026150915758336e+01
5.853386681909117328e+01,1.182981283525256444e+01
5.855387253501000799e+01,1.189199574141402849e+01
5.857387825092884270e+01,1.379520029134092596e+01
5.859388396684767031e+01,1.526332195903405520e+01
5.861388968276650502e+01,1.615664013366738061e+01
5.863389539868533973e+01,1.743659766396735478e+01
5.865390111460417444e+01,1.823191307370201386e+01
5.867390683052300915e+01,1.955958296151941056e+01
5.869391254644184386e+01,2.157581984147844167e+01
5.871391826236067857e+01,2.292383270867904344e+01
5.873392397827951328e+01,2.361421109427521969e+01
5.875392969419834799e+01,2.557877304713052169e+01
5.877393541011717559e+01,2.607609694138975343e+01
5.879394112603601030e+01,2.687691182427802872e+01
5.881394684195484501e+01,2.704148041483995257e+01
5.883395255787367972e+01,2.730500640474317464e+01
5.885395827379251443e+01,2.703022386440825642e+01
5.887396398971134914e+01,2.640014840216518621e+01
5.889396970563018385e+01,2.688016915110735994e+01
5.891397542154901856e+01,2.698968429285124415e+01
5.893398113746785327e+01,2.584555143071806782e+01
5.895398685338668798e+01,2.583606143126993260e+01
5.897399256930551559e+01,2.437408749812074404e+01
5.899399828522435030e+01,2.439457197311554992e+01
5.901400400114318501e+01,2.265464782488060536e+01
5.903400971706201972e+01,2.258274852820643019e+01
5.905401543298085443e+01,2.152124908558839067e+01
5.907402114889968914e+01,2.051707281789178339e+01
5.909402686481852385e+01,1.947958517009357138e+01
5.911403258073735856e+01,1.837215058998857842e+01
5.913403829665619327e+01,1.763871497726739790e+01
5.915404401257502087e+01,1.760653435445488313e+01
5.917404972849385558e+01,1.610801421945330247e+01
5.919405544441269029e+01,1.535528586241846938e+01
5.921406116033152500e+01,1.347179020131555305e+01
5.923406687625035971e+01,1.260980988065575481e+01
5.925407259216919442e+01,1.257570552349909931e+01
5.927407830808802913e+01,1.133266250409574383e+01
5.929408402400686384e+01,1.039061967553137933e+01
5.931408973992569855e+01,9.553971534523457265e+00
5.933409545584453326e+01,8.778957733382068085e+00
5.935410117176336087e+01,8.306892826945516006e+00
5.937410688768219558e+01,7.181311172143879595e+00
5.939411260360103029e+01,6.599595533469488906e+00
5.941411831951986500e+01,5.530233803922029345e+00
5.943412403543869971e+01,6.301288048024185962e+00
5.945412975135753442e+01,5.242887340371012783e+00
5.947413546727636913e+01,4.732553418328251382e+00
5.949414118319520384e+01,5.410141206853648299e+00
5.951414689911403855e+01,4.949856329830367940e+00
5.953415261503286615e+01,4.186957724919521340e+00
5.955415833095170086e+01,3.774956870665698627e+00
5.957416404687053557e+01,3.977161268802920535e+00
5.959416976278937028e+01,3.549465540499570970e+00
5.961417547870820499e+01,3.291589477696124089e+00
5.963418119462703970e+01,2.467036231324091666e+00
5.965418691054587441e+01,2.537513912661126803e+00
5.967419262646470912e+01,2.736792111059126231e+00
5.969419834238354383e+01,2.881163172867785782e+00
5.971420405830237144e+01,2.534453140079421463e+00
5.973420977422120615e+01,2.019596938672383324e+00
5.975421549014004086e+01,2.790308688550754646e+00
5.977422120605887557e+01,2.260227111527974841e+00
5.979422692197771028e+01,1.993331428952868523e+00
5.981423263789654499e+01,2.688671298871031290e+00
5.983423835381537970e+01,2.134203227357581500e+00
5.985424406973421441e+01,1.670743506418212343e+00
5.987424978565304912e+01,1.858890688413917580e+00
5.989425550157188383e+01,1.875381252570456958e+00
5.991426121749071143e+01,2.133361146579911161e+00
5.993426693340954614e+01,2.082102616104028137e+00
5.995427264932838085e+01,2.841961988751297241e+00
5.997427836524721556e+01,2.300792140821513065e+00
5.999428408116605027e+01,1.163224958422833799e+00
6.001428979708488498e+01,2.173667074295533741e+00
6.003429551300371969e+01,2.319476142488229975e+00
6.005430122892255440e+01,2.496957267247656098e+00
6.007430694484138911e+01,2.209800223939353714e+00
6.009431266076021672e+01,1.693098031188291053e+00
6.011431837667905143e+01,2.686081119502670145e+00
6.013432409259788614e+01,2.797364708242746190e+00
6.015432980851672085e+01,2.271361007169319102e+00
6.017433552443555556e+01,2.083745108631018361e+00
6.019434124035439027e+01,2.877184353116413629e+00
6.021434695627322498e+01,2.171005016444463642e+00
6.023435267219205969e+01,2.716904229943009064e+00
6.025435838811089440e+01,2.487586532932875016e+00
6.027436410402972911e+01,3.021844870586123388e+00
6.029436981994855671e+01,2.830268714163294508e+00
6.031437553586739142e+01,2.860340065593441228e+00
6.033438125178622613e+01,3.415673752261130236e+00
6.035438696770506084e+01,2.958842203868524479e+00
6.037439268362389555e+01,3.550281607399976558e+00
6.039439839954273026e+01,3.123585421477618418e+00
6.041440411546156497e+01,3.528148539517047322e+00
6.043440983138039968e+01,2.786298250980116187e+00
6.045441554729923439e+01,2.874688251859756516e+00
6.047442126321806199e+01,2.299433294632092561e+00
6.049442697913689670e+01,2.628802007452915923e+00
6.051443269505573141e+01,2.636743252267690796e+00
6.053443841097456612e+01,1.825681639117169519e+00
6.055444412689340083e+01,3.234132279342657679e+00
6.057444984281223554e+01,2.153771338558896353e+00
6.059445555873107025e+01,1.702545972128726826e+00
6.061446127464990496e+01,1.986277315125661413e+00
6.063446699056873967e+01,2.417148173031055336e+00
6.065447270648756728e+01,1.910363533380061041e+00
6.067447842240640199e+01,1.373098696258901796e+00
6.069448413832523670e+01,1.609332791111046657e+00
6.071448985424407141e+01,2.379191873837823046e+00
6.073449557016290612e+01,1.865065949605603013e+00
6.075450128608174083e+01,2.034012769701406320e+00
6.077450700200057554e+01,1.642447092509539797e+00
6.079451271791941025e+01,1.549289365524504136e+00
6.081451843383824496e+01,1.895024944966535951e+00
6.083452414975707967e+01,2.313734639625656619e+00
6.085452986567590727e+01,1.941270609907225442e+00
6.087453558159474198e+01,1.503728199173121283e+00
6.089454129751357669e+01,1.875160046836349403e+00
6.091454701343241140e+01,1.914971864902479393e+00
6.093455272935124611e+01,2.307310220743693741e+00
6.095455844527008082e+01,2.306234505302338089e+00
6.097456416118891553e+01,1.966739531966474885e+00
6.099456987710775024e+01,2.730135895341335939e+00
6.101457559302658495e+01,2.104490109961692390e+00
6.103458130894541256e+01,3.044570832130056193e+00
6.105458702486424727e+01,3.195890602820391724e+00
6.107459274078308198e+01,2.975723153951344013e+00
6.109459845670191669e+01,3.699687845799384256e+00
6.111460417262075140e+01,3.717826148529290720e+00
6.113460988853958611e+01,4.033301437341823892e+00
6.115461560445842082e+01,4.314818987869097455e+00
6.117462132037725553e+01,4.494234398215521509e+00
6.119462703629609024e+01,4.475116793221179279e+00
6.121463275221492495e+01,5.992611350304194673e+00
6.123463846813375255e+01,7.034209429808104375e+00
6.125464418405258726e+01,5.793573907559954606e+00
6.127464989997142197e+01,7.335291943733639464e+00
6.129465561589025668e+01,8.014448115120917038e+00
6.131466133180909139e+01,7.821417504182880620e+00
6.133466704772792610e+01,8.920757180228502392e+00
6.135467276364676081e+01,8.536301689614031574e+00
6.137467847956559552e+01,9.419652973883327007e+00
6.139468419548443023e+01,9.081228901500253414e+00
6.141468991140325784e+01,9.084027671546435201e+00
6.143469562732209255e+01,9.928936851829186949e+00
6.145470134324092726e+01,8.812680752299316467e+00
6.147470705915976197e+01,9.685118132141003144e+00
6.149471277507859668e+01,9.922069520265173637e+00
6.151471849099743139e+01,1.022054992788161165e+01
6.153472420691626610e+01,1.037903240986596387e+01
6.155472992283510081e+01,1.037464023706210092e+01
6.157473563875393552e+01,1.127748626810435439e+01
6.159474135467276312e+01,1.178975959617589808e+01
6.161474707059159783e+01,1.219169780382391721e+01
6.163475278651043254e+01,1.403793502359676104e+01
6.165475850242926725e+01,1.526991211919358271e+01
6.167476421834810196e+01,1.554744681217932722e+01
6.169476993426693667e+01,1.683501298840724658e+01
6.171477565018577138e+01,1.857835783028071575e+01
6.173478136610460609e+01,1.959008422629282720e+01
6.175478708202344080e+01,2.008798220412376878e+01
6.177479279794227551e+01,2.195558163275637042e+01
6.179479851386110312e+01,2.222642526250299255e+01
6.181480422977993783e+01,2.325643159207516675e+01
6.183480994569877254e+01,2.333081503773720300e+01
6.185481566161760725e+01,2.405209766482725087e+01
6.187482137753644196e+01,2.408769902008546637e+01
6.189482709345527667e+01,2.411450466372998136e+01
6.191483280937411138e+01,2.532463696834289379e+01
6.193483852529294609e+01,2.471132480266034293e+01
6.195484424121178080e+01,2.471027568809276431e+01
6.197484995713060840e+01,2.321020759305948644e+01
6.199485567304944311e+01,2.293606035651902175e+01
6.201486138896827782e+01,2.235895160401753046e+01
6.203486710488711253e+01,2.080073145003510859e+01
6.205487282080594724e+01,2.093422030063872086e+01
6.207487853672478195e+01,1.995146139447887634e+01
6.209488425264361666e+01,1.895623893762628143e+01
6.211488996856245137e+01,1.815847592054402071e+01
6.213489568448128608e+01,1.650820629552913132e+01
6.215490140040011369e+01,1.630675044297958109e+01
6.217490711631894840e+01,1.535957375823179305e+01
6.219491283223778311e+01,1.416172366690185314e+01
6.221491854815661782e+01,1.342706942672833748e+01
6.223492426407545253e+01,1.302159255849684172e+01
6.225492997999428724e+01,1.190391609454874278e+01
6.227493569591312195e+01,1.183874755714556670e+01
6.229494141183195666e+01,1.214474466503184757e+01
6.231494712775079137e+01,1.028419601832591823e+01
6.233495284366962608e+01,1.034825527989674754e+01
6.235495855958845368e+01,9.651649082924057765e+00
6.237496427550728839e+01,9.639945297847148709e+00
6.239496999142612310e+01,8.865819221557178054e+00
6.241497570734495781e+01,9.266737468170912706e+00
6.243498142326379252e+01,8.985762962278441179e+00
6.245498713918262723e+01,9.072921930347414232e+00
6.247499285510146194e+01,8.950038747473620049e+00
6.249499857102029665e+01,8.493262104722738570e+00
6.251500428693913136e+01,9.590848529997042959e+00
6.253501000285795897e+01,9.124423283530889606e+00
6.255501571877679368e+01,9.962002430275653353e+00
6.257502143469562839e+01,9.765765562190505733e+00
6.259502715061446310e+01,9.605373686184464077e+00
6.261503286653329781e+01,9.783634166495467355e+00
6.263503858245213252e+01,1.063815090725490897e+01
6.265504429837096723e+01,1.045544662379110079e+01
6.267505001428980194e+01,1.127152144740933259e+01
6.269505573020863665e+01,1.075517486738298700e+01
6.271506144612747136e+01,1.129149823428739197e+01
6.273506716204629896e+01,1.125090434352477686e+01
6.275507287796513367e+01,1.213250276124414917e+01
6.277507859388396838e+01,1.169241909716661354e+01
6.279508430980280309e+01,1.246547787198180401e+01
6.281509002572163780e+01,1.253294501938923133e+01
6.283509574164047251e+01,1.316831409908556516e+01
6.285510145755930722e+01,1.377056443717994938e+01
6.287510717347814193e+01,1.384767602845314016e+01
6.289511288939697664e+01,1.329495543357176146e+01
6.291511860531580425e+01,1.498791496586115812e+01
6.293512432123463896e+01,1.499676085676437509e+01
6.295513003715347367e+01,1.472790748208027267e+01
6.297513575307230838e+01,1.553610799833811740e+01
6.299514146899114309e+01,1.499029469068929465e+01
6.301514718490997780e+01,1.668556871644367590e+01
6.303515290082881251e+01,1.691120389523961620e+01
6.305515861674764722e+01,1.618603531787669780e+01
6.307516433266648193e+01,1.672231573921573755e+01
6.309517004858530953e+01,1.597666871512192621e+01
6.311517576450414424e+01,1.653382573773946973e+01
6.313518148042297895e+01,1.653422497882323583e+01
6.315518719634181366e+01,1.612673989464838442e+01
6.317519291226064837e+01,1.534775029242966937e+01
6.319519862817948308e+01,1.534643698694088165e+01
6.321520434409831779e+01,1.436717393318706470e+01
6.323521006001715250e+01,1.442579272341259511e+01
6.325521577593598721e+01,1.289388785037218810e+01
6.327522149185482192e+01,1.307112992409370733e+01
6.329522720777364952e+01,1.257508700532872403e+01
6.331523292369248423e+01,1.244738281534384683e+01
6.333523863961131894e+01,1.074056590184719973e+01
6.335524435553015365e+01,1.083839682347132616e+01
6.337525007144898836e+01,9.951821746050903528e+00
6.339525578736782307e+01,8.912364518505430766e+00
6.341526150328665778e+01,8.515572874262694825e+00
6.343526721920549249e+01,8.018182131362381782e+00
6.345527293512432720e+01,7.098912928039934123e+00
6.347527865104315481e+01,7.515835569437703256e+00
6.349528436696198952e+01,6.382050404093361884e+00
6.351529008288082423e+01,5.707138997269476377e+00
6.353529579879965894e+01,6.186256234610684857e+00
6.355530151471849365e+01,4.977136293169667880e+00
6.357530723063732836e+01,4.263470324367331976e+00
6.359531294655616307e+01,4.932900158680629588e+00
6.361531866247499778e+01,4.495397288906287869e+00
6.363532437839383249e+01,3.672056155924368515e+00
6.365533009431266720e+01,4.911335093579149991e+00
6.367533581023149480e+01,4.464854103292137388e+00
6.369534152615032951e+01,4.420441895173028435e+00
6.371534724206916422e+01,3.823957826554378769e+00
6.373535295798799893e+01,3.473877872596780492e+00
6.375535867390683364e+01,4.336718896273951351e+00
6.377536438982566835e+01,3.860624152117486219e+00
6.379537010574450306e+01,3.236493711036714682e+00
6.381537582166333777e+01,3.979869990753231335e+00
6.383538153758217248e+01,3.203709066434639041e+00
6.385538725350100009e+01,3.633289182315214916e+00
6.387539296941983480e+01,3.738913949237768541e+00
6.389539868533866951e+01,3.120758260888920610e+00
6.391540440125750422e+01,2.795805935364213290e+00
6.393541011717633893e+01,2.495336133116392130e+00
6.395541583309517364e+01,2.907525447798285700e+00
6.397542154901400835e+01,3.325313000136629782e+00
6.399542726493284306e+01,3.547057248249938510e+00
6.401543298085167066e+01,2.840439290547687179e+00
6.403543869677051248e+01,2.355947006244267783e+00
6.405544441268934008e+01,2.745908845733734172e+00
6.407545012860816769e+01,2.308033012839599163e+00
6.409545584452700950e+01,1.559945600707297597e+00
6.411546156044585132e+01,2.593666086314687647e+00
6.413546727636467892e+01,2.902497726533090461e+00
6.415547299228350653e+01,1.552524270353621283e+00
6.417547870820234834e+01,1.436349725001236255e+00
6.419548442412119016e+01,1.456172788649884975e+00
6.421549014004001776e+01,2.193118346312090239e+00
6.423549585595884537e+01,1.738725980517429548e+00
6.425550157187768718e+01,2.164364204264853431e+00
6.427550728779651479e+01,1.354925544705560592e+00
6.429551300371534239e+01,2.199554235382016110e+00
6.431551871963418421e+01,3.049190794344273314e+00
6.433552443555302602e+01,2.860365764256934451e+00
6.435553015147185363e+01,2.650170013059968355e+00
6.437553586739068123e+01,2.503580174912481304e+00
6.439554158330952305e+01,3.259109616617974936e+00
6.441554729922835065e+01,3.583654970441219056e+00
6.443555301514717826e+01,3.206782909981177099e+00
6.445555873106602007e+01,2.666462282396683037e+00
6.447556444698486189e+01,3.332193390440904235e+00
6.449557016290368949e+01,2.981235005403777727e+00
6.451557587882251710e+01,4.168711215192001163e+00
6.453558159474135891e+01,4.052152536564022967e+00
6.455558731066020073e+01,4.321608251444791549e+00
6.457559302657902833e+01,4.916192487398888034e+00
6.459559874249785594e+01,5.602921678569058095e+00
6.461560445841669775e+01,6.087881164871368433e+00
6.463561017433552536e+01,6.495540018880452848e+00
6.465561589025435296e+01,7.632098445469711834e+00
6.467562160617319478e+01,7.663507991692148913e+00
6.469562732209203659e+01,7.720393747984787503e+00
6.471563303801086420e+01,8.442245551264377923e+00
6.473563875392969180e+01,8.206330546491891198e+00
6.475564446984853362e+01,8.890620766849719914e+00
6.477565018576737543e+01,8.798002245774334540e+00
6.479565590168618883e+01,8.439183589832159882e+00
6.481566161760503064e+01,8.782789314348526943e+00
6.483566733352387246e+01,9.440447095307705538e+00
6.485567304944270006e+01,9.779558340403355032e+00
6.487567876536152767e+01,8.646752718561117490e+00
6.489568448128036948e+01,8.875882706882979534e+00
6.491569019719921130e+01,7.933470475986343473e+00
6.493569591311803890e+01,8.297505635800158430e+00
6.495570162903686651e+01,7.645760031213656660e+00
6.497570734495570832e+01,7.770028727053732709e+00
6.499571306087453593e+01,7.112735285670168217e+00
6.501571877679336353e+01,7.475011693832836812e+00
6.503572449271220535e+01,7.796749412470073359e+00
6.505573020863104716e+01,6.948618407662324969e+00
6.507573592454987477e+01,7.763814706150792055e+00
6.509574164046870237e+01,7.893096053128794587e+00
6.511574735638754419e+01,8.221766824755970759e+00
6.513575307230638600e+01,8.353526627971721297e+00
6.515575878822521361e+01,8.607583525546584013e+00
6.517576450414404121e+01,9.646699552338876771e+00
6.519577022006288303e+01,1.054825257134756100e+01
6.521577593598171063e+01,1.152811097590585376e+01
6.523578165190053824e+01,1.260364195131240272e+01
6.525578736781938005e+01,1.297416084060023422e+01
6.527579308373822187e+01,1.419599715039693599e+01
6.529579879965704947e+01,1.480586983190041295e+01
6.531580451557587708e+01,1.583440740048516737e+01
6.533581023149471889e+01,1.618025177986038443e+01
6.535581594741354650e+01,1.604025434308125853e+01
6.537582166333237410e+01,1.711175310643176672e+01
6.539582737925121592e+01,1.654636530062612820e+01
6.541583309517005773e+01,1.640241222125903064e+01
6.543583881108888534e+01,1.602255890545500705e+01
6.545584452700771294e+01,1.622023875506493340e+01
6.547585024292655476e+01,1.539690302844192260e+01
6.549585595884539657e+01,1.529632683415938388e+01
6.551586167476422418e+01,1.460491045855878411e+01
6.553586739068305178e+01,1.450481003427631244e+01
6.555587310660189360e+01,1.383165366082103276e+01
6.557587882252072120e+01,1.306196240079540694e+01
6.559588453843954881e+01,1.252311184911892994e+01
6.561589025435839062e+01,1.246935040737861478e+01
6.563589597027723244e+01,1.128709892678256210e+01
6.565590168619606004e+01,1.103670212776331105e+01
6.567590740211488765e+01,1.124378252036174430e+01
6.569591311803372946e+01,9.620845717033173372e+00
6.571591883395257128e+01,1.037155541073171960e+01
6.573592454987138467e+01,1.031081966218428292e+01
6.575593026579022649e+01,9.637661416403348724e+00
6.577593598170906830e+01,1.034321882568130668e+01
6.579594169762789591e+01,1.049269067642258335e+01
6.581594741354672351e+01,1.060403876162014392e+01
6.583595312946556533e+01,1.095626660878618175e+01
6.585595884538440714e+01,1.131495871130860920e+01
6.587596456130323475e+01,1.158403338558370166e+01
6.589597027722206235e+01,1.138991514015446427e+01
6.591597599314090417e+01,1.263646071155869599e+01
6.593598170905973177e+01,1.253742949242143823e+01
6.595598742497855937e+01,1.281182479297614130e+01
6.597599314089740119e+01,1.340797987231228205e+01
6.599599885681624301e+01,1.356891557441092999e+01
6.601600457273507061e+01,1.333406107886603742e+01
6.603601028865389821e+01,1.252355888407096707e+01
6.605601600457274003e+01,1.274900640903215887e+01
6.607602172049158185e+01,1.259299793209089025e+01
6.609602743641040945e+01,1.209139569781501145e+01
6.611603315232923705e+01,1.226893324585648593e+01
6.613603886824807887e+01,1.139110408074157021e+01
6.615604458416690647e+01,1.079002360465321075e+01
6.617605030008573408e+01,9.679656532123456003e+00
6.619605601600457589e+01,8.485931939361323728e+00
6.621606173192341771e+01,8.433788808432158390e+00
6.623606744784224531e+01,7.836512242317787980e+00
6.625607316376107292e+01,7.615549230716331053e+00
6.627607887967991473e+01,6.005589889637594325e+00
6.629608459559874234e+01,5.996730627370730815e+00
6.631609031151756994e+01,5.784230078892679927e+00
6.633609602743641176e+01,5.468177566477995910e+00
6.635610174335525357e+01,4.873027056651340061e+00
6.637610745927408118e+01,4.251581546598424133e+00
6.639611317519290878e+01,3.968414642337938503e+00
6.641611889111175060e+01,3.749543355961376001e+00
6.643612460703059241e+01,3.250437828665509787e+00
6.645613032294942002e+01,3.490517611671643650e+00
6.647613603886824762e+01,3.327288901904902563e+00
6.649614175478708944e+01,2.342064777293296540e+00
6.651614747070591704e+01,2.780278973307375168e+00
6.653615318662474465e+01,3.172793068492912205e+00
6.655615890254358646e+01,3.388273690608538224e+00
6.657616461846242828e+01,2.933769282860644534e+00
6.659617033438125588e+01,3.289804497899393887e+00
6.661617605030008349e+01,3.147027246977560200e+00
6.663618176621892530e+01,3.867965042158612476e+00
6.665618748213776712e+01,4.194940569470352543e+00
6.667619319805658051e+01,3.463014241937628412e+00
6.669619891397542233e+01,3.280760037524453665e+00
6.671620462989426414e+01,3.932813565975384229e+00
6.673621034581309175e+01,4.158266008963124705e+00
6.675621606173191935e+01,4.711249913005599588e+00
6.677622177765076117e+01,4.923363433843239712e+00
6.679622749356960298e+01,5.496226572202772331e+00
6.681623320948843059e+01,5.859209020254699141e+00
6.683623892540725819e+01,6.198957177546475350e+00
6.685624464132610001e+01,5.951808760567760537e+00
6.687625035724492761e+01,6.310914784024098445e+00
6.689625607316375522e+01,7.967407176887252973e+00
6.691626178908259703e+01,6.911136717360728987e+00
6.693626750500143885e+01,8.096140214054566187e+00
6.695627322092026645e+01,8.686193179480884652e+00
6.697627893683909406e+01,7.903321538335704943e+00
6.699628465275793587e+01,8.345513692429566532e+00
6.701629036867677769e+01,8.792669499963974289e+00
6.703629608459560529e+01,9.024792157742439258e+00
6.705630180051443290e+01,8.782983156057754925e+00
6.707630751643327471e+01,8.108329278951721619e+00
6.709631323235210232e+01,7.848464053730859646e+00
6.711631894827092992e+01,7.155986501628250451e+00
6.713632466418977174e+01,7.195715631368319265e+00
6.715633038010861355e+01,6.828320555791764335e+00
6.717633609602744116e+01,6.620343674187663119e+00
6.719634181194626876e+01,7.673413875005373086e+00
6.721634752786511058e+01,6.153690772015725230e+00
6.723635324378393818e+01,6.893447837953528889e+00
6.725635895970276579e+01,5.248642830084673250e+00
6.727636467562160760e+01,5.865881342688647138e+00
6.729637039154044942e+01,5.466475270128416497e+00
6.731637610745927702e+01,5.332594647582773462e+00
6.733638182337810463e+01,5.193478313582483352e+00
6.735638753929694644e+01,5.090121380863728007e+00
6.737639325521578826e+01,4.325497297819035580e+00
6.739639897113461586e+01,3.718014286938420287e+00
6.741640468705344347e+01,4.940946113055265876e+00
6.743641040297228528e+01,4.429095401880632110e+00
6.745641611889111289e+01,3.984614060582432948e+00
6.747642183480994049e+01,4.383656174264010552e+00
6.749642755072878231e+01,4.119679319966349951e+00
6.751643326664762412e+01,3.079965370401342994e+00
6.753643898256645173e+01,3.387976513830184722e+00
6.755644469848527933e+01,3.510190757755092150e+00
6.757645041440412115e+01,3.920947229354817321e+00
6.759645613032296296e+01,3.702807202278209697e+00
6.761646184624177636e+01,4.219829333730359622e+00
6.763646756216061817e+01,3.741240130330949931e+00
6.765647327807945999e+01,3.702745727213647697e+00
6.767647899399828759e+01,4.234280615791901070e+00
6.769648470991711520e+01,3.521065881076009596e+00
6.771649042583595701e+01,3.970374214750884256e+00
6.773649614175479883e+01,3.952760349192282696e+00
6.775650185767362643e+01,4.532161359118431321e+00
6.777650757359245404e+01,3.642674244563381070e+00
6.779651328951129585e+01,4.309308428978891214e+00
6.781651900543012346e+01,4.775969457559129161e+00
6.783652472134895106e+01,5.170953195521192924e+00
6.785653043726779288e+01,5.221415138283133750e+00
6.787653615318663469e+01,6.465768742692924675e+00
6.789654186910546230e+01,5.299215619078147199e+00
6.791654758502428990e+01,6.984181151129906340e+00
6.793655330094313172e+01,6.701586938696856066e+00
6.795655901686197353e+01,7.485494336342288335e+00
6.797656473278080114e+01,6.973459262886696486e+00
6.799657044869962874e+01,8.317377780315940328e+00
6.801657616461847056e+01,8.552937136778250959e+00
6.803658188053729816e+01,7.876022096589839094e+00
6.805658759645612577e+01,8.500926731895248167e+00
6.807659331237496758e+01,8.602349761233590186e+00
6.809659902829380940e+01,8.986772204808971765e+00
6.811660474421263700e+01,9.087092915020985373e+00
6.813661046013146461e+01,9.341391573912034119e+00
6.815661617605030642e+01,8.573370738974164240e+00
6.817662189196913403e+01,8.574346097990092730e+00
6.819662760788796163e+01,8.834215368572586158e+00
6.821663332380680345e+01,7.965522340920365707e+00
6.823663903972564526e+01,7.813326000903500379e+00
6.825664475564447287e+01,8.609758483807992135e+00
6.827665047156330047e+01,8.093226876713840667e+00
6.829665618748214229e+01,7.941587111958180678e+00
6.831666190340098410e+01,7.153628492442274833e+00
6.833666761931981171e+01,8.066108801619467528e+00
6.835667333523863931e+01,7.091918499683457000e+00
6.837667905115748113e+01,6.798316340424527482e+00
6.839668476707630873e+01,6.221719967994385314e+00
6.841669048299513634e+01,6.441426223119895766e+00
6.843669619891397815e+01,5.045648172123760489e+00
6.845670191483281997e+01,4.730300106524012449e+00
6.847670763075164757e+01,4.791193358424001403e+00
6.849671334667047518e+01,4.294257333706211099e+00
6.851671906258931699e+01,3.260150406033722970e+00
6.853672477850815881e+01,3.130412364524337576e+00
6.855673049442697220e+01,3.450212596021284828e+00
6.857673621034581402e+01,3.762747687619318437e+00
6.859674192626465583e+01,3.303340646290517935e+00
6.861674764218348344e+01,3.383168743444530335e+00
6.863675335810231104e+01,3.383776731627409884e+00
6.865675907402115286e+01,2.865664862161839466e+00
6.867676478993999467e+01,3.449641124742309106e+00
6.869677050585882228e+01,3.081338951022956074e+00
6.871677622177764988e+01,3.093846412510024457e+00
6.873678193769649170e+01,2.905140193243160862e+00
6.875678765361531930e+01,4.436550601324983134e+00
6.877679336953414690e+01,5.024924897297301740e+00
6.879679908545298872e+01,4.554723177376338583e+00
6.881680480137183054e+01,5.121914556187535439e+00
6.883681051729065814e+01,5.076897911539631103e+00
6.885681623320948574e+01,6.104443723036915515e+00
6.887682194912832756e+01,6.593767734111922962e+00
6.889682766504716938e+01,6.606144356858518307e+00
6.891683338096599698e+01,8.074369554620865586e+00
6.893683909688482458e+01,8.719559756992683930e+00
6.895684481280366640e+01,9.559381165937349323e+00
6.897685052872249400e+01,1.030303924150866202e+01
6.899685624464132161e+01,9.837047636761159453e+00
6.901686196056016342e+01,1.112580655971085619e+01
6.903686767647900524e+01,1.125157624305911952e+01
6.905687339239783284e+01,1.174877304723801963e+01
6.907687910831666045e+01,1.124290994654950993e+01
6.909688482423550226e+01,1.103124158233607233e+01
6.911689054015432987e+01,1.098513260249190715e+01
6.913689625607315747e+01,1.038491857189276146e+01
6.915690197199199929e+01,1.027497574525463975e+01
6.917690768791084110e+01,1.013547495244170804e+01
6.919691340382966871e+01,8.600081509542761182e+00
6.921691911974849631e+01,9.266691112328583557e+00
6.923692483566733813e+01,8.746117619987010983e+00
6.925693055158617994e+01,8.420407726322601150e+00
6.927693626750500755e+01,7.365700384014904678e+00
6.929694198342383515e+01,6.514449557881095032e+00
6.931694769934267697e+01,5.609064010909344589e+00
6.933695341526150457e+01,5.767194430097651647e+00
6.935695913118033218e+01,5.522790196121846407e+00
6.937696484709917399e+01,4.740804122237868512e+00
6.939697056301801581e+01,4.666445027328959938e+00
6.941697627893684341e+01,4.018953997223256636e+00
6.943698199485567102e+01,4.421807273884582834e+00
6.945698771077451283e+01,4.385263669534166908e+00
6.947699342669335465e+01,4.489723056303248860e+00
6.949699914261216804e+01,3.436983545457371392e+00
6.951700485853100986e+01,3.521391222395501508e+00
6.953701057444985167e+01,4.097128632623787681e+00
6.955701629036867928e+01,3.373816286713952284e+00
6.957702200628750688e+01,4.092664201595821893e+00
6.959702772220634870e+01,3.407062726996737290e+00
6.961703343812519051e+01,3.650729113312833896e+00
6.963703915404401812e+01,3.459733701551665597e+00
6.965704486996284572e+01,3.362472657316650348e+00
6.967705058588168754e+01,2.927651740179692652e+00
6.969705630180051514e+01,3.229715790907778938e+00
6.971706201771934275e+01,3.609876637932420529e+00
6.973706773363818456e+01,3.676339030665207730e+00
6.975707344955702638e+01,3.733940480459226663e+00
6.977707916547585398e+01,3.601708473872491822e+00
6.979708488139468159e+01,4.509543792150771502e+00
6.981709059731352340e+01,4.753489385991630733e+00
6.983709631323236522e+01,3.978218832137595307e+00
6.985710202915119282e+01,4.322764357173109140e+00
6.987710774507002043e+01,5.351168542706799869e+00
6.989711346098886224e+01,6.374580747715276274e+00
6.991711917690768985e+01,6.471821264047147082e+00
6.993712489282651745e+01,7.163518078112593557e+00
6.995713060874535927e+01,6.951058324491379281e+00
6.997713632466420108e+01,7.992836906301566735e+00
6.999714204058302869e+01,8.217333363306472904e+00
7.001714775650185629e+01,1.046685148956760969e+01
7.003715347242069811e+01,1.123104176664465115e+01
7.005715918833952571e+01,1.098587385369858715e+01
7.007716490425835332e+01,1.214467465772216492e+01
7.009717062017719513e+01,1.163251728412874542e+01
7.011717633609603695e+01,1.228086413237457108e+01
7.013718205201486455e+01,1.195616497668076050e+01
7.015718776793369216e+01,1.254238658993770095e+01
7.017719348385253397e+01,1.185149284232064382e+01
7.019719919977137579e+01,1.053083879161900605e+01
7.021720491569020339e+01,1.014314680684089254e+01
7.023721063160903100e+01,9.340384876949082482e+00
7.025721634752787281e+01,9.507185547167349426e+00
7.027722206344670042e+01,8.744316632529686828e+00
7.029722777936552802e+01,7.953074458730819529e+00
7.031723349528436984e+01,7.565162299926112333e+00
7.033723921120321165e+01,6.802697632824486362e+00
7.035724492712203926e+01,5.479397408907969336e+00
7.037725064304086686e+01,5.072305915295276080e+00
7.039725635895970868e+01,4.170775952984575596e+00
7.041726207487855049e+01,4.271360109588960619e+00
7.043726779079736389e+01,4.096171609158362870e+00
7.045727350671620570e+01,4.201841559382494040e+00
7.047727922263504752e+01,2.915043799070001995e+00
7.049728493855387512e+01,3.250048521308752214e+00
7.051729065447270273e+01,3.397637586068520843e+00
7.053729637039154454e+01,2.631914630411272160e+00
7.055730208631038636e+01,3.443953912417154761e+00
7.057730780222921396e+01,2.922300930885880721e+00
7.059731351814804157e+01,2.255777276182175939e+00
7.061731923406688338e+01,2.972197295733674860e+00
7.063732494998571099e+01,2.125803173144201530e+00
7.065733066590453859e+01,1.987162525262612611e+00
7.067733638182338041e+01,1.948257717372982034e+00
7.069734209774222222e+01,2.278715851310854745e+00
7.071734781366104983e+01,2.311999911665350016e+00
7.073735352957987743e+01,1.967787267212128155e+00
7.075735924549871925e+01,2.076423760602659652e+00
7.077736496141756106e+01,1.990067240023986495e+00
7.079737067733638867e+01,2.662132499674251918e+00
7.081737639325521627e+01,1.813039986347098509e+00
7.083738210917405809e+01,2.221725696795682659e+00
7.085738782509288569e+01,2.334068484719818759e+00
7.087739354101171330e+01,2.519828002968804270e+00
7.089739925693055511e+01,2.814661492026744760e+00
7.091740497284939693e+01,2.740361002178208327e+00
7.093741068876822453e+01,2.301985202803843222e+00
7.095741640468705214e+01,3.314173699866851841e+00
7.097742212060589395e+01,2.783247460605835499e+00
7.099742783652472156e+01,3.217094915883513373e+00
7.101743355244354916e+01,4.222185947437877118e+00
7.103743926836239098e+01,4.075423542079693817e+00
7.105744498428123279e+01,4.722804425926717009e+00
7.107745070020006040e+01,4.677888922497436042e+00
7.109745641611888800e+01,4.284238510833686675e+00
7.111746213203772982e+01,5.410415012510283006e+00
7.113746784795657163e+01,4.893540940358550806e+00
7.115747356387539924e+01,5.270112134943919280e+00
7.117747927979422684e+01,5.138997669184906414e+00
7.119748499571306866e+01,5.952232168241636145e+00
7.121749071163189626e+01,6.227956186359866031e+00
7.123749642755072387e+01,6.129679784682426913e+00
7.125750214346956568e+01,6.471870773267488275e+00
7.127750785938840750e+01,7.197349859187291088e+00
7.129751357530723510e+01,7.497422910175854938e+00
7.131751929122606271e+01,7.254332546822157113e+00
7.133752500714490452e+01,7.553597437885438026e+00
7.135753072306374634e+01,7.819793487334504078e+00
7.137753643898255973e+01,8.583386022650806524e+00
7.139754215490140155e+01,9.522206786341367746e+00
7.141754787082024336e+01,9.426104551925176267e+00
7.143755358673907097e+01,1.021038554402642262e+01
7.145755930265789857e+01,1.094166369664468519e+01
7.147756501857674039e+01,1.190589578723805886e+01
7.149757073449558220e+01,1.168774506099684629e+01
7.151757645041440981e+01,1.225513898636823917e+01
7.153758216633323741e+01,1.311157356811860097e+01
7.155758788225207923e+01,1.407882529211677181e+01
7.157759359817090683e+01,1.423154166068744431e+01
7.159759931408973443e+01,1.497782926033135098e+01
7.161760503000857625e+01,1.503877533792739385e+01
7.163761074592741807e+01,1.491798238611928973e+01
7.165761646184624567e+01,1.458069506657286851e+01
7.167762217776507327e+01,1.548691143604845166e+01
7.169762789368391509e+01,1.598180118352974333e+01
7.171763360960275691e+01,1.641398705110469791e+01
7.173763932552158451e+01,1.544934683803395004e+01
7.175764504144041211e+01,1.629229652656451677e+01
7.177765075735925393e+01,1.678932557124203839e+01
7.179765647327808153e+01,1.591322251909027230e+01
7.181766218919690914e+01,1.635241388737613732e+01
7.183766790511575095e+01,1.699367067860971758e+01
7.185767362103459277e+01,1.719612787789243669e+01
7.187767933695342037e+01,1.665634996526171818e+01
7.189768505287224798e+01,1.677180178553889434e+01
7.191769076879108979e+01,1.625888895989036342e+01
7.193769648470991740e+01,1.728310550606296658e+01
7.195770220062874500e+01,1.664694260998073361e+01
7.197770791654758682e+01,1.608194776193410647e+01
7.199771363246642863e+01,1.636941537110125822e+01
7.201771934838525624e+01,1.541123021343872068e+01
7.203772506430408384e+01,1.482895903373797886e+01
7.205773078022292566e+01,1.510646689283568200e+01
7.207773649614176747e+01,1.471216550513545407e+01
7.209774221206059508e+01,1.386654819873400157e+01
7.211774792797942268e+01,1.328979544828798254e+01
7.213775364389826450e+01,1.286702008627018401e+01
7.215775935981709210e+01,1.136226391377287115e+01
7.217776507573591971e+01,1.126311865117554945e+01
7.219777079165476152e+01,1.035158678668781107e+01
7.221777650757360334e+01,9.396766448978148389e+00
7.223778222349243094e+01,8.474288519286453436e+00
7.225778793941125855e+01,8.590877985456604193e+00
7.227779365533010036e+01,6.885771811862552383e+00
7.229779937124894218e+01,6.418293257819407849e+00
7.231780508716775557e+01,6.639807931147925224e+00
7.233781080308659739e+01,5.223868058450561236e+00
7.235781651900543920e+01,5.638007459807983679e+00
7.237782223492426681e+01,4.029681373062766525e+00
7.239782795084309441e+01,3.940289688968987569e+00
7.241783366676193623e+01,3.795176066637487633e+00
7.243783938268077804e+01,4.680718787904593725e+00
7.245784509859960565e+01,3.254116927785982938e+00
7.247785081451843325e+01,2.798724948621773123e+00
7.249785653043727507e+01,3.832841736353125750e+00
7.251786224635610267e+01,3.983730430667442590e+00
7.253786796227493028e+01,3.157955035189006221e+00
7.255787367819377209e+01,3.971274856807515796e+00
7.257787939411261391e+01,3.926745266576369353e+00
7.259788511003144151e+01,3.219237249199680573e+00
7.261789082595026912e+01,3.954387433325210477e+00
7.263789654186911093e+01,3.976577429638894490e+00
7.265790225778795275e+01,4.223611374295633603e+00
7.267790797370678035e+01,5.067531453379280570e+00
7.269791368962560796e+01,5.183867697598732782e+00
7.271791940554444977e+01,5.726465370861260951e+00
7.273792512146327738e+01,5.903192306380368848e+00
7.275793083738210498e+01,6.127862449409686718e+00
7.277793655330094680e+01,6.153363041574893444e+00
7.279794226921978861e+01,6.204554799764702366e+00
7.281794798513861622e+01,6.952798912311212831e+00
7.283795370105744382e+01,6.453416302769626967e+00
7.285795941697628564e+01,6.042351223123128889e+00
7.287796513289511324e+01,6.371025757972524239e+00
7.289797084881394085e+01,6.085239260789179205e+00
7.291797656473278266e+01,5.871949638348565870e+00
7.293798228065162448e+01,6.871900371649896755e+00
7.295798799657045208e+01,6.559213742384246260e+00
7.297799371248927969e+01,5.997601495924641313e+00
7.299799942840812150e+01,5.744856611639297839e+00
7.301800514432696332e+01,6.411826196127018207e+00
7.303801086024579092e+01,6.122643666983012878e+00
7.305801657616461853e+01,6.853560398005662080e+00
7.307802229208346034e+01,6.446867854802899700e+00
7.309802800800228795e+01,6.184413544906817606e+00
7.311803372392111555e+01,6.735606212536088933e+00
7.313803943983995737e+01,6.478037188156986481e+00
7.315804515575879918e+01,6.326053949803582377e+00
7.317805087167762679e+01,6.030094716429294621e+00
7.319805658759645439e+01,6.132069260566936464e+00
7.321806230351529621e+01,6.661587142513096360e+00
7.323806801943413802e+01,5.657600465027228687e+00
7.325807373535295142e+01,6.016323334723450600e+00
7.327807945127179323e+01,6.201045893254601538e+00
7.329808516719063505e+01,5.318400446680698224e+00
7.331809088310946265e+01,5.199393249185089161e+00
7.333809659902829026e+01,5.428358581221907286e+00
7.335810231494713207e+01,4.927901654257873076e+00
7.337810803086597389e+01,4.551835511231370646e+00
7.339811374678480149e+01,4.719399529430793550e+00
7.341811946270362910e+01,4.551057346451455210e+00
7.343812517862247091e+01,3.909982478493244429e+00
7.345813089454129852e+01,4.530145428083910630e+00
7.347813661046012612e+01,3.888626158057856941e+00
7.349814232637896794e+01,3.877827896360681592e+00
7.351814804229780975e+01,4.153826583317085763e+00
7.353815375821663736e+01,4.978151715456238691e+00
7.355815947413546496e+01,4.732443584006627013e+00
7.357816519005430678e+01,4.133920870446205598e+00
7.359817090597314859e+01,5.568398359042261880e+00
7.361817662189197620e+01,6.052650445651435618e+00
7.363818233781080380e+01,6.019970707561773438e+00
7.365818805372964562e+01,6.243921725145444412e+00
7.367819376964847322e+01,7.382963453512186192e+00
7.369819948556730083e+01,8.245731303692611647e+00
7.371820520148614264e+01,9.833732767097057348e+00
7.373821091740498446e+01,1.046727105125333068e+01
7.375821663332381206e+01,1.170874244157011113e+01
7.377822234924263967e+01,1.184308270030857813e+01
7.379822806516148148e+01,1.273363511876180709e+01
7.381823378108030909e+01,1.356935504579607077e+01
7.383823949699913669e+01,1.406500244425236446e+01
7.385824521291797851e+01,1.496997151880888310e+01
7.387825092883682032e+01,1.526487592502266111e+01
7.389825664475564793e+01,1.515426575072610760e+01
7.391826236067447553e+01,1.535777045588951140e+01
7.393826807659331735e+01,1.559193155098674843e+01
7.395827379251215916e+01,1.475116280881595721e+01
7.397827950843098677e+01,1.445761789047934620e+01
7.399828522434981437e+01,1.412960904164577869e+01
7.401829094026865619e+01,1.299737932246488015e+01
7.403829665618748379e+01,1.365161171966864728e+01
7.405830237210632561e+01,1.243484935509781764e+01
7.407830808802515321e+01,1.257037229600544848e+01
7.409831380394398082e+01,1.201317863658286811e+01
7.411831951986282263e+01,1.174341661108782908e+01
7.413832523578165024e+01,1.137958747592507969e+01
7.415833095170049205e+01,1.085945423254374198e+01
7.417833666761931966e+01,9.910615593723068883e+00
7.419834238353816147e+01,9.884300376362492813e+00
7.421834809945698908e+01,9.058713548122675263e+00
7.423835381537583089e+01,8.741040579062907767e+00
7.425835953129465850e+01,8.578582993389995082e+00
7.427836524721348610e+01,7.965964652867771889e+00
7.429837096313232792e+01,7.082263131245450261e+00
7.431837667905115552e+01,6.850828554064906761e+00
7.433838239496999734e+01,6.300253181478719711e+00
7.435838811088882494e+01,6.746087037748205617e+00
7.437839382680766676e+01,6.832650136109761796e+00
7.439839954272649436e+01,6.708659636078779798e+00
7.441840525864533618e+01,6.649630933118878318e+00
7.443841097456416378e+01,7.535085538270717365e+00
7.445841669048300560e+01,6.850277062207038803e+00
7.447842240640183320e+01,7.907914008000965111e+00
7.449842812232066080e+01,7.890848332897691719e+00
7.451843383823950262e+01,8.703745968123035581e+00
7.453843955415833022e+01,9.081778897822310626e+00
7.455844527007717204e+01,9.949180290484520128e+00
7.457845098599599964e+01,1.057559932369978917e+01
7.459845670191484146e+01,1.017440512169112488e+01
7.461846241783366906e+01,1.047677971447030032e+01
7.463846813375251088e+01,1.128665253686964220e+01
7.465847384967133848e+01,1.080082024889305181e+01
7.467847956559016609e+01,1.152542136832427033e+01
7.469848528150900790e+01,1.117957621105541577e+01
7.471849099742783551e+01,1.188779895660946551e+01
7.473849671334667732e+01,1.163931116626808304e+01
7.475850242926550493e+01,1.011868973954181072e+01
7.477850814518434674e+01,1.069613131603102474e+01
7.479851386110317435e+01,1.073842928048834011e+01
7.481851957702201616e+01,1.075114092124627874e+01
7.483852529294084377e+01,9.604543390036337058e+00
7.485853100885967137e+01,9.709288936589517860e+00
7.487853672477851319e+01,9.102953039963237458e+00
7.489854244069734079e+01,8.914922330584269972e+00
7.491854815661618261e+01,8.794777641437692139e+00
7.493855387253501021e+01,8.207320728995348702e+00
7.495855958845385203e+01,7.887474417635117696e+00
7.497856530437267963e+01,7.956103792305466271e+00
7.499857102029152145e+01,8.474534349654192056e+00
7.501857673621034905e+01,7.337120649311236420e+00
7.503858245212917666e+01,7.039393814834099317e+00
7.505858816804801847e+01,7.357856266220900388e+00
7.507859388396684608e+01,7.023091028339450759e+00
7.509859959988568789e+01,7.068410113554951302e+00
7.511860531580451550e+01,6.981268240883085063e+00
7.513861103172335731e+01,6.467788424439396167e+00
7.515861674764218492e+01,6.357004097380794860e+00
7.517862246356102673e+01,6.342373115854664789e+00
7.519862817947985434e+01,6.107757659748590306e+00
7.521863389539868194e+01,6.621360286739478518e+00
7.523863961131752376e+01,7.313206316549122121e+00
7.525864532723635136e+01,6.569948581301261470e+00
7.527865104315519318e+01,7.543914564695188396e+00
7.529865675907402078e+01,7.745470074328816068e+00
7.531866247499286260e+01,7.538439117079651197e+00
7.533866819091169020e+01,8.867801158935421313e+00
7.535867390683053202e+01,9.350405047710186324e+00
7.537867962274935962e+01,9.892815430504326102e+00
7.539868533866820144e+01,1.056826229804261530e+01
7.541869105458702904e+01,1.181413333851195269e+01
7.543869677050585665e+01,1.180802630858298130e+01
7.545870248642469846e+01,1.190889659840262382e+01
7.547870820234352607e+01,1.399600952142744603e+01
7.549871391826236788e+01,1.450495281014369198e+01
7.551871963418119549e+01,1.537232064140291854e+01
7.553872535010003730e+01,1.551823796444804060e+01
7.555873106601886491e+01,1.574062277035327639e+01
7.557873678193770672e+01,1.523099431662039294e+01
7.559874249785653433e+01,1.590386063695367191e+01
7.561874821377536193e+01,1.614894083952185966e+01
7.563875392969420375e+01,1.589311195938410215e+01
7.565875964561303135e+01,1.477081755768867311e+01
7.567876536153187317e+01,1.437152696007283659e+01
7.569877107745070077e+01,1.380435955945570470e+01
7.571877679336954259e+01,1.353768492529833267e+01
7.573878250928837019e+01,1.248609853178007079e+01
7.575878822520721201e+01,1.201039146467346619e+01
7.577879394112603961e+01,1.082834949698645666e+01
7.579879965704486722e+01,1.002099811716537303e+01
7.581880537296370903e+01,8.751645894086273358e+00
7.583881108888253664e+01,8.295458756468105932e+00
7.585881680480137845e+01,8.939979239966481472e+00
7.587882252072020606e+01,8.632493818356344661e+00
7.589882823663904787e+01,7.089215416169855288e+00
7.591883395255787548e+01,8.348648107650319616e+00
7.593883966847671729e+01,7.991395375511118004e+00
7.595884538439554490e+01,8.317199729989571466e+00
7.597885110031437250e+01,7.262775623086623611e+00
7.599885681623321432e+01,8.185683604956302872e+00
7.601886253215204192e+01,7.746046660199926492e+00
7.603886824807088374e+01,7.671623570195569286e+00
7.605887396398971134e+01,9.514468964825262276e+00
7.607887967990855316e+01,9.928596134832613274e+00
7.609888539582738076e+01,9.180381233443075217e+00
7.611889111174622258e+01,9.892322882368432602e+00
7.613889682766505018e+01,9.716831552179829856e+00
7.615890254358387779e+01,1.037567165719092444e+01
7.617890825950271960e+01,1.021200945172879315e+01
7.619891397542154721e+01,1.114928716353532323e+01
7.621891969134038902e+01,1.081810465992195347e+01
7.623892540725921663e+01,1.071335822985362540e+01
7.625893112317805844e+01,1.066300571363189320e+01
7.627893683909688605e+01,9.600651746496374983e+00
7.629894255501572786e+01,1.072667014246544070e+01
7.631894827093455547e+01,1.003368551442990153e+01
7.633895398685339728e+01,8.696768659440575533e+00
7.635895970277222489e+01,8.787051634858531912e+00
7.637896541869105249e+01,7.925507541040134996e+00
7.639897113460989431e+01,7.715931199934768614e+00
7.641897685052872191e+01,7.434403117099510183e+00
7.643898256644756373e+01,6.297278382103137062e+00
7.645898828236639133e+01,6.942949272125393811e+00
7.647899399828523315e+01,5.433657521079066299e+00
7.649899971420406075e+01,5.418585874691228099e+00
7.651900543012290257e+01,4.401099601396841088e+00
7.653901114604173017e+01,4.328612218408252943e+00
7.655901686196055778e+01,3.761583584998689389e+00
7.657902257787939959e+01,2.770830268111623695e+00
7.659902829379822720e+01,3.367695817433005168e+00
7.661903400971706901e+01,3.037558363938109629e+00
7.663903972563589662e+01,2.466193641622115518e+00
7.665904544155473843e+01,2.853330359634238533e+00
7.667905115747356604e+01,3.370421060199439989e+00
7.669905687339240785e+01,3.063498968156484370e+00
7.671906258931123546e+01,2.604444217485111679e+00
7.673906830523006306e+01,3.088776560608294641e+00
7.675907402114890488e+01,2.675914179903360335e+00
7.677907973706773248e+01,2.762869317725958229e+00
7.679908545298657430e+01,2.306038040673616951e+00
7.681909116890540190e+01,2.741555258305106157e+00
7.683909688482424372e+01,1.718280979553034715e+00
7.685910260074307132e+01,2.360876599716443813e+00
7.687910831666191314e+01,2.271417076604418828e+00
7.689911403258074074e+01,2.366966128641234235e+00
7.691911974849956835e+01,2.235938210136276361e+00
7.693912546441841016e+01,2.303469157373572163e+00
7.695913118033723777e+01,1.703550422829204436e+00
7.697913689625607958e+01,2.779501882359729503e+00
7.699914261217490719e+01,2.423776592977287869e+00
7.701914832809374900e+01,1.350898466484671712e+00
7.703915404401257661e+01,2.065629039582801418e+00
7.705915975993141842e+01,1.839669254935901499e+00
7.707916547585024603e+01,1.637230105657048629e+00
7.709917119176907363e+01,1.776838324514553591e+00
7.711917690768791545e+01,2.792121368596060194e+00
7.713918262360674305e+01,2.159283202008574154e+00
7.715918833952558487e+01,2.070124701244989929e+00
7.717919405544441247e+01,2.033865803970195785e+00
7.719919977136325429e+01,1.818997405194608730e+00
7.721920548728208189e+01,2.278495228763706137e+00
7.723921120320092371e+01,2.642133426529187368e+00
7.725921691911975131e+01,2.286784088221198274e+00
7.727922263503859313e+01,2.212605923672831487e+00
7.729922835095742073e+01,2.449861445147906380e+00
7.731923406687624833e+01,2.052472744675442051e+00
7.733923978279509015e+01,2.153779544097903731e+00
7.735924549871391775e+01,2.993385305721918854e+00
7.737925121463275957e+01,3.073662196387729306e+00
7.739925693055158717e+01,2.907458934220700009e+00
7.741926264647042899e+01,3.191971725627543499e+00
7.743926836238925659e+01,4.549173614266934784e+00
7.745927407830809841e+01,3.614659639804234992e+00
7.747927979422692601e+01,4.528719170176470854e+00
7.749928551014575362e+01,4.606075708159121262e+00
7.751929122606459543e+01,5.829229784319572616e+00
7.753929694198342304e+01,5.480422156387929178e+00
7.755930265790226485e+01,6.232993178951453217e+00
7.757930837382109246e+01,7.085487152216243700e+00
7.759931408973993427e+01,7.113337645291383460e+00
7.761931980565876188e+01,6.801463400693415373e+00
7.763932552157760369e+01,8.662711040034896115e+00
7.765933123749643130e+01,8.260816212408688131e+00
7.767933695341525890e+01,7.670032663521528349e+00
7.769934266933410072e+01,8.676295664002280361e+00
7.771934838525292832e+01,8.775555053726932897e+00
7.773935410117177014e+01,8.931251862257926888e+00
7.775935981709059774e+01,8.270801623981579809e+00
7.777936553300943956e+01,7.414896223498550043e+00
7.779937124892826716e+01,7.833485379744987043e+00
7.781937696484710898e+01,7.795389846204358264e+00
7.783938268076593658e+01,7.426152842685166178e+00
7.785938839668476419e+01,7.440567263422585675e+00
7.787939411260360600e+01,7.224499491815008945e+00
7.789939982852243361e+01,6.684746408466184064e+00
7.791940554444127542e+01,5.633501490889782914e+00
7.793941126036010303e+01,5.027051214647020316e+00
7.795941697627894484e+01,5.752685238139346069e+00
7.797942269219777245e+01,5.640288603859515248e+00
7.799942840811661426e+01,5.232401301209471001e+00
7.801943412403544187e+01,4.761966614265626063e+00
7.803943983995426947e+01,4.772438723047651266e+00
7.805944555587311129e+01,3.960324259424504945e+00
7.807945127179193889e+01,4.562661765295255023e+00
7.809945698771078071e+01,4.286627483076355105e+00
7.811946270362960831e+01,5.438717981714585648e+00
7.813946841954845013e+01,4.680250558507274228e+00
7.815947413546727773e+01,5.245746653446561325e+00
7.817947985138611955e+01,5.495731420599550887e+00
7.819948556730494715e+01,5.347437439401290682e+00
7.821949128322378897e+01,5.950864107277670456e+00
7.823949699914261657e+01,6.216398205646915365e+00
7.825950271506144418e+01,6.303089603983991651e+00
7.827950843098028599e+01,7.153275554305897899e+00
7.829951414689911360e+01,7.528823281807283330e+00
7.831951986281795541e+01,7.060627587746255429e+00
7.833952557873678302e+01,7.100514772974879207e+00
7.835953129465562483e+01,7.466265433511217964e+00
7.837953701057445244e+01,7.783022334002833276e+00
7.839954272649329425e+01,8.278426851265722419e+00
7.841954844241212186e+01,7.018593708072838666e+00
7.843955415833094946e+01,7.371234330330938889e+00
7.845955987424979128e+01,7.904946465183395610e+00
7.847956559016861888e+01,6.888327318409713129e+00
7.849957130608746070e+01,6.905028462917226051e+00
7.851957702200628830e+01,7.212361873852039196e+00
7.853958273792513012e+01,7.514161352717627196e+00
7.855958845384395772e+01,6.825776907673148486e+00
7.857959416976279954e+01,6.959019699422476890e+00
7.859959988568162714e+01,6.925722943971456935e+00
7.861960560160045475e+01,6.302285322196085282e+00
7.863961131751929656e+01,5.608936185317225487e+00
7.865961703343812417e+01,6.191545534842166632e+00
7.867962274935696598e+01,5.273392180668297513e+00
7.869962846527579359e+01,4.923062484461980581e+00
7.871963418119463540e+01,5.100247556089842149e+00
7.873963989711346301e+01,4.446385858599192886e+00
7.875964561303230482e+01,4.615073114634144602e+00
7.877965132895113243e+01,3.958749029710399547e+00
7.879965704486996003e+01,4.580765293981527542e+00
7.881966276078880185e+01,2.730913009047557516e+00
7.883966847670762945e+01,3.047229545773225912e+00
7.885967419262647127e+01,3.117655348984215813e+00
7.887967990854529887e+01,3.455927019172282399e+00
7.889968562446414069e+01,3.014115272952346825e+00
7.891969134038296829e+01,2.244490528458127798e+00
7.893969705630181011e+01,3.338526423293434853e+00
7.895970277222063771e+01,3.534136994777458796e+00
7.897970848813946532e+01,2.478566184747421186e+00
7.899971420405830713e+01,2.823411706499785900e+00
7.901971991997713474e+01,2.127749441053927271e+00
7.903972563589597655e+01,2.272485531183125573e+00
7.905973135181480416e+01,2.743428983192121251e+00
7.907973706773364597e+01,2.137840785751744299e+00
7.909974278365247358e+01,1.958956989647781866e+00
7.911974849957131539e+01,2.660528444535497083e+00
7.913975421549014300e+01,1.918975654218208593e+00
7.915975993140898481e+01,2.050684019242360101e+00
7.917976564732781242e+01,2.578422798937770377e+00
7.919977136324664002e+01,3.510440843588718884e+00
7.921977707916548184e+01,3.570474981221426702e+00
7.923978279508430944e+01,2.657731154800044848e+00
7.925978851100315126e+01,3.753958119891479317e+00
7.927979422692197886e+01,3.041806488694364319e+00
7.929979994284082068e+01,3.271072928327146467e+00
7.931980565875964828e+01,3.834337497762320357e+00
7.933981137467849010e+01,4.491124590419971696e+00
7.935981709059731770e+01,5.467664114009068044e+00
7.937982280651614531e+01,5.245281901347807363e+00
7.939982852243498712e+01,5.872572414190854850e+00
7.941983423835381473e+01,6.275502677617577518e+00
7.943983995427265654e+01,5.977117458738652189e+00
7.945984567019148415e+01,7.613756020149631709e+00
7.947985138611032596e+01,6.643129302592676311e+00
7.949985710202915357e+01,7.467465478479605068e+00
7.951986281794799538e+01,7.474492649775324793e+00
7.953986853386682299e+01,8.041228877472677894e+00
7.955987424978565059e+01,9.076382953832471401e+00
7.957987996570449241e+01,8.568665526657017750e+00
7.959988568162332001e+01,8.728616733516892268e+00
7.961989139754216183e+01,8.779812842139605777e+00
7.963989711346098943e+01,9.529775208021568744e+00
7.965990282937983125e+01,8.955963663228509120e+00
7.967990854529865885e+01,8.580908334568283280e+00
7.969991426121750067e+01,9.263162830189182628e+00
7.971991997713632827e+01,8.762603801289525762e+00
7.973992569305515588e+01,7.908499261632820243e+00
7.975993140897399769e+01,8.994263668026993841e+00
7.977993712489282530e+01,8.402620049903376298e+00
7.979994284081166711e+01,8.030037517678900727e+00
7.981994855673049472e+01,8.084337011603302869e+00
7.983995427264933653e+01,7.907028935371351430e+00
7.985995998856816414e+01,7.734764348592680250e+00
7.987996570448700595e+01,6.795308733485448727e+00
7.989997142040583356e+01,6.691564892305119194e+00
7.991997713632466116e+01,6.222381205833901419e+00
7.993998285224350298e+01,6.340092906788164839e+00
7.995998856816233058e+01,5.356783721009219512e+00
7.997999428408117240e+01,5.650313589521886115e+00
8.000000000000000000e+01,2.936064691094031343e+00
