angle,intensity
1.000000000000000000e+01,3.624085123472706282e+00
1.002000571591883471e+01,3.243225916091216021e+00
1.004001143183766764e+01,3.406109996611773383e+00
1.006001714775650235e+01,3.166397512512010071e+00
1.008002286367533529e+01,3.602755977758060890e+00
1.010002857959417000e+01,3.160930396595194480e+00
1.012003429551300293e+01,3.064928397886923062e+00
1.014004001143183764e+01,3.959871021901473220e+00
1.016004572735067235e+01,4.157350211679488261e+00
1.018005144326950528e+01,3.695218651209510874e+00
1.020005715918833999e+01,3.475143314954007856e+00
1.022006287510717293e+01,3.772187172166911573e+00
1.024006859102600764e+01,3.584337682511791190e+00
1.026007430694484057e+01,3.604903143492532269e+00
1.028008002286367528e+01,2.891908535965368898e+00
1.030008573878250999e+01,2.915816239458581371e+00
1.032009145470134293e+01,3.548400489635876731e+00
1.034009717062017764e+01,3.372795882947655421e+00
1.036010288653901057e+01,3.701218241748554405e+00
1.038010860245784528e+01,3.327004198368763710e+00
1.040011431837667999e+01,3.414621771201614475e+00
1.042012003429551292e+01,3.291361489714048183e+00
1.044012575021434763e+01,3.668482803311164275e+00
1.046013146613318057e+01,2.958859625825122297e+00
1.048013718205201528e+01,4.033339836690639224e+00
1.050014289797084821e+01,3.744157837850995207e+00
1.052014861388968292e+01,3.986233793729770714e+00
1.054015432980851585e+01,3.301172042873365076e+00
1.056016004572735056e+01,3.269197749233213379e+00
1.058016576164618527e+01,3.226032222209888722e+00
1.060017147756501821e+01,3.036304529073654557e+00
1.062017719348385292e+01,2.658954776802588071e+00
1.064018290940268585e+01,3.718385115836382315e+00
1.066018862532152056e+01,3.819811213137409567e+00
1.068019434124035527e+01,4.008682258964867628e+00
1.070020005715918820e+01,2.628584567334880884e+00
1.072020577307802292e+01,3.074057191584111504e+00
1.074021148899685585e+01,3.791896031792903354e+00
1.076021720491569056e+01,3.813813039828696905e+00
1.078022292083452349e+01,3.499775191090233051e+00
1.080022863675335820e+01,3.466311285296773903e+00
1.082023435267219291e+01,3.087371770562107098e+00
1.084024006859102585e+01,3.009349283602831715e+00
1.086024578450986056e+01,3.802621259948313348e+00
1.088025150042869349e+01,3.688371928409362788e+00
1.090025721634752820e+01,3.882923417604604133e+00
1.092026293226636113e+01,3.384265418723532370e+00
1.094026864818519584e+01,3.742287227977303843e+00
1.096027436410403055e+01,3.679335761765817558e+00
1.098028008002286349e+01,3.315647657028688133e+00
1.100028579594169820e+01,3.798980625046742166e+00
1.102029151186053113e+01,3.492746600951627922e+00
1.104029722777936584e+01,4.066648613528276002e+00
1.106030294369819877e+01,3.034828450977357317e+00
1.108030865961703348e+01,3.478945698732588632e+00
1.110031437553586819e+01,3.154538811684719057e+00
1.112032009145470113e+01,3.632592617073946428e+00
1.114032580737353584e+01,2.749878233735224331e+00
1.116033152329236877e+01,2.856051274496330006e+00
1.118033723921120348e+01,2.809723383995881285e+00
1.120034295513003642e+01,3.088062986095238216e+00
1.122034867104887113e+01,3.383121304804342699e+00
1.124035438696770584e+01,3.964232231810435270e+00
1.126036010288653877e+01,3.776014213379921269e+00
1.128036581880537348e+01,4.026701258184880672e+00
1.130037153472420641e+01,3.806599937327293404e+00
1.132037725064304112e+01,3.572273199646889275e+00
1.134038296656187583e+01,3.875054548304681656e+00
1.136038868248070877e+01,3.719613196155990842e+00
1.138039439839954348e+01,3.456329053447277921e+00
1.140040011431837641e+01,3.267214945825680505e+00
1.142040583023721112e+01,3.183975209944306606e+00
1.144041154615604405e+01,3.540553571524917231e+00
1.146041726207487876e+01,3.986301612179240728e+00
1.148042297799371170e+01,3.007307418460829052e+00
1.150042869391254641e+01,3.809639749209293935e+00
1.152043440983138112e+01,3.053245982412469584e+00
1.154044012575021405e+01,4.105045365377347544e+00
1.156044584166904876e+01,4.199806048962647864e+00
1.158045155758788169e+01,3.038872821268858715e+00
1.160045727350671640e+01,3.494728919716452609e+00
1.162046298942555111e+01,3.722149957386528207e+00
1.164046870534438405e+01,3.139834652672043092e+00
1.166047442126321876e+01,3.400065212030526585e+00
1.168048013718205169e+01,3.562865523519043176e+00
1.170048585310088640e+01,3.561545219947716667e+00
1.172049156901971934e+01,3.514616608002381959e+00
1.174049728493855405e+01,3.875257667392356442e+00
1.176050300085738698e+01,3.509140976553624114e+00
1.178050871677622169e+01,3.575956064835937198e+00
1.180051443269505640e+01,3.217810174146080726e+00
1.182052014861388933e+01,3.720388927480768437e+00
1.184052586453272404e+01,4.178150845166140215e+00
1.186053158045155698e+01,2.946823129369862571e+00
1.188053729637039169e+01,4.374486351500726400e+00
1.190054301228922640e+01,2.643733398433956161e+00
1.192054872820805933e+01,3.855821568841974134e+00
1.194055444412689404e+01,3.941389897053694913e+00
1.196056016004572697e+01,3.369517289332834231e+00
1.198056587596456168e+01,3.831457651817699261e+00
1.200057159188339639e+01,3.584139490405286566e+00
1.202057730780222933e+01,3.299891278088750379e+00
1.204058302372106226e+01,3.785364542667921661e+00
1.206058873963989697e+01,3.522274220255571464e+00
1.208059445555873168e+01,3.841252254938970268e+00
1.210060017147756461e+01,3.284938398219740208e+00
1.212060588739639932e+01,3.369952385382291915e+00
1.214061160331523226e+01,3.875898754715276340e+00
1.216061731923406697e+01,3.299101713493359345e+00
1.218062303515290168e+01,2.849713331919001558e+00
1.220062875107173461e+01,3.231610425402343001e+00
1.222063446699056932e+01,3.303734036546472019e+00
1.224064018290940226e+01,3.625062822267277163e+00
1.226064589882823697e+01,3.933931152541162213e+00
1.228065161474707168e+01,3.640539858897614778e+00
1.230065733066590461e+01,3.458792318428791646e+00
1.232066304658473754e+01,3.945153740498027695e+00
1.234066876250357225e+01,3.456862245211082652e+00
1.236067447842240696e+01,3.546271058581811797e+00
1.238068019434123990e+01,3.832164620508570430e+00
1.240068591026007461e+01,3.446226802033677039e+00
1.242069162617890754e+01,3.368813391611699792e+00
1.244069734209774225e+01,3.787151757911664252e+00
1.246070305801657696e+01,3.170498954525422519e+00
1.248070877393540989e+01,3.289939187990749581e+00
1.250071448985424460e+01,3.011750848820941240e+00
1.252072020577307754e+01,3.563914304167445035e+00
1.254072592169191225e+01,3.664908931656035485e+00
1.256073163761074696e+01,2.550058703656035597e+00
1.258073735352957989e+01,3.430735039513625573e+00
1.260074306944841460e+01,3.768862928217710628e+00
1.262074878536724754e+01,2.901415367003819412e+00
1.264075450128608225e+01,3.755165969999507247e+00
1.266076021720491518e+01,4.002410742859555448e+00
1.268076593312374989e+01,3.181368674897945503e+00
1.270077164904258282e+01,3.397650582839901290e+00
1.272077736496141753e+01,2.856456942326354387e+00
1.274078308088025224e+01,3.418782360655352015e+00
1.276078879679908518e+01,3.518422790594552207e+00
1.278079451271791989e+01,3.640995334495949365e+00
1.280080022863675282e+01,3.245800370924699862e+00
1.282080594455558753e+01,3.240083153456122744e+00
1.284081166047442224e+01,2.820223594551324098e+00
1.286081737639325517e+01,2.782746047105399523e+00
1.288082309231208988e+01,3.332007593600926576e+00
1.290082880823092282e+01,3.532082775979005440e+00
1.292083452414975753e+01,3.255825504132247694e+00
1.294084024006859224e+01,3.210517584973397121e+00
1.296084595598742517e+01,3.351079078165168035e+00
1.298085167190625810e+01,3.157993162241880647e+00
1.300085738782509281e+01,3.727399284765304799e+00
1.302086310374392752e+01,2.744939675683353286e+00
1.304086881966276046e+01,3.612567322572289186e+00
1.306087453558159517e+01,3.430816031540024458e+00
1.308088025150042810e+01,3.399242887464606344e+00
1.310088596741926281e+01,2.907101028874016890e+00
1.312089168333809752e+01,3.458562002134613511e+00
1.314089739925693046e+01,3.659547989400257162e+00
1.316090311517576517e+01,3.660449866427470056e+00
1.318090883109459810e+01,2.895139805423111667e+00
1.320091454701343281e+01,4.023577007031350128e+00
1.322092026293226752e+01,3.270621356846233230e+00
1.324092597885110045e+01,3.487660665746361133e+00
1.326093169476993339e+01,3.798219720661291987e+00
1.328093741068876810e+01,3.186489175873013391e+00
1.330094312660760281e+01,3.995016222606428968e+00
1.332094884252643574e+01,3.077318218365044267e+00
1.334095455844527045e+01,3.727080301439918752e+00
1.336096027436410338e+01,3.201160074752818385e+00
1.338096599028293809e+01,3.729345855567079759e+00
1.340097170620177280e+01,3.440191271685359542e+00
1.342097742212060574e+01,3.468189135822363767e+00
1.344098313803944045e+01,3.311322550869857828e+00
1.346098885395827338e+01,3.382993353928118729e+00
1.348099456987710809e+01,3.801205752827724105e+00
1.350100028579594280e+01,3.385014585762044170e+00
1.352100600171477573e+01,3.004215443534079100e+00
1.354101171763361044e+01,3.845132863114025579e+00
1.356101743355244338e+01,3.219038094300353592e+00
1.358102314947127809e+01,3.272469524141984110e+00
1.360102886539011102e+01,3.003459373630524620e+00
1.362103458130894573e+01,2.867066624167919464e+00
1.364104029722777867e+01,4.013965326116476717e+00
1.366104601314661338e+01,3.507943291110806605e+00
1.368105172906544809e+01,3.546822508223238302e+00
1.370105744498428102e+01,4.094892694454680182e+00
1.372106316090311573e+01,2.862519664316023338e+00
1.374106887682194866e+01,3.009346120502333299e+00
1.376107459274078337e+01,3.328484355599217182e+00
1.378108030865961808e+01,3.122838502485023593e+00
1.380108602457845102e+01,4.121702766053762623e+00
1.382109174049728573e+01,3.582047366466231342e+00
1.384109745641611866e+01,3.485831208012053040e+00
1.386110317233495337e+01,3.360134995453100792e+00
1.388110888825378808e+01,2.982828193133086447e+00
1.390111460417262101e+01,3.309793480783431274e+00
1.392112032009145395e+01,3.658751375596648980e+00
1.394112603601028866e+01,3.417055442212863170e+00
1.396113175192912337e+01,3.465653067865473780e+00
1.398113746784795630e+01,3.215368433511021085e+00
1.400114318376679101e+01,3.662565031380419001e+00
1.402114889968562395e+01,3.787356956743301861e+00
1.404115461560445866e+01,3.884518679209961078e+00
1.406116033152329337e+01,3.170843576622164761e+00
1.408116604744212630e+01,3.194798624387431119e+00
1.410117176336095923e+01,2.913682748434536229e+00
1.412117747927979394e+01,3.244616719035288810e+00
1.414118319519862865e+01,4.228413590438647951e+00
1.416118891111746336e+01,3.403527844532847624e+00
1.418119462703629630e+01,3.231868920407047874e+00
1.420120034295512923e+01,3.778051538572303691e+00
1.422120605887396394e+01,2.939281575446537342e+00
1.424121177479279865e+01,3.624336022484134112e+00
1.426121749071163336e+01,4.093435598693138111e+00
1.428122320663046629e+01,3.551143236684702220e+00
1.430122892254929923e+01,3.970549959028215170e+00
1.432123463846813394e+01,3.492673794749938221e+00
1.434124035438696865e+01,3.088256952426394975e+00
1.436124607030580158e+01,4.339138102376607797e+00
1.438125178622463629e+01,3.793554330942974673e+00
1.440125750214346922e+01,3.829376313595945547e+00
1.442126321806230393e+01,3.090819055734502108e+00
1.444126893398113864e+01,4.016914759656600609e+00
1.446127464989997158e+01,3.581283249139349145e+00
1.448128036581880451e+01,4.160622993138974657e+00
1.450128608173763922e+01,4.016945788017999064e+00
1.452129179765647393e+01,3.886373250256370149e+00
1.454129751357530864e+01,4.219064230601824228e+00
1.456130322949414158e+01,4.077085544193632671e+00
1.458130894541297451e+01,3.615357076505148370e+00
1.460131466133180922e+01,3.974549653679017247e+00
1.462132037725064393e+01,3.583812691434342668e+00
1.464132609316947686e+01,4.156561955286758092e+00
1.466133180908831157e+01,4.288542743895696674e+00
1.468133752500714451e+01,3.371273593444811034e+00
1.470134324092597922e+01,4.234842473585946010e+00
1.472134895684481393e+01,3.619829374804956146e+00
1.474135467276364686e+01,3.564591662174275033e+00
1.476136038868247979e+01,4.252022836946137474e+00
1.478136610460131450e+01,4.559520105611253094e+00
1.480137182052014921e+01,4.450882699867925396e+00
1.482137753643898392e+01,4.167189467372655720e+00
1.484138325235781686e+01,3.942457668130168180e+00
1.486138896827664979e+01,4.360105998391549775e+00
1.488139468419548450e+01,4.228278229124345700e+00
1.490140040011431921e+01,4.580376030324917025e+00
1.492140611603315392e+01,4.893784171892750834e+00
1.494141183195198685e+01,4.770160533906595113e+00
1.496141754787081979e+01,4.568213396231111112e+00
1.498142326378965450e+01,4.966218271526342320e+00
1.500142897970848921e+01,5.056400405338907333e+00
1.502143469562732214e+01,5.161854890689964392e+00
1.504144041154615508e+01,3.639678209215898352e+00
1.506144612746498979e+01,5.315395555765530133e+00
1.508145184338382450e+01,4.773191783904068508e+00
1.510145755930265921e+01,3.792446632603451384e+00
1.512146327522149214e+01,3.914840354847677339e+00
1.514146899114032507e+01,4.113627100575675044e+00
1.516147470705915978e+01,4.212164138196241581e+00
1.518148042297799449e+01,4.694074276247587996e+00
1.520148613889682920e+01,4.415878500831931674e+00
1.522149185481566214e+01,4.055102529594901029e+00
1.524149757073449507e+01,4.212224318996804051e+00
1.526150328665332978e+01,4.361774448659129888e+00
1.528150900257216449e+01,4.232456284184950235e+00
1.530151471849099742e+01,3.333821574509233443e+00
1.532152043440983036e+01,3.874397025204019851e+00
1.534152615032866507e+01,4.010493654414792886e+00
1.536153186624749978e+01,4.270496113555468654e+00
1.538153758216633449e+01,3.905318274300232595e+00
1.540154329808516742e+01,3.910007904504492871e+00
1.542154901400400036e+01,4.476127062060384354e+00
1.544155472992283507e+01,4.037550926362621695e+00
1.546156044584166978e+01,4.209739247577551247e+00
1.548156616176050449e+01,4.195135678217615904e+00
1.550157187767933742e+01,3.635380092269058228e+00
1.552157759359817035e+01,3.461700880745008924e+00
1.554158330951700506e+01,3.855598290528760685e+00
1.556158902543583977e+01,3.588537822820578871e+00
1.558159474135467271e+01,3.545495828034181063e+00
1.560160045727350742e+01,3.402727028736793002e+00
1.562160617319234035e+01,3.431650238824452526e+00
1.564161188911117506e+01,3.558898042644195847e+00
1.566161760503000977e+01,2.811992101582949211e+00
1.568162332094884270e+01,4.020077801324115185e+00
1.570162903686767564e+01,3.378210196132948262e+00
1.572163475278651035e+01,4.356395031895473835e+00
1.574164046870534506e+01,2.539289128296804865e+00
1.576164618462417977e+01,3.049018264959851621e+00
1.578165190054301270e+01,3.377208812247609160e+00
1.580165761646184563e+01,2.944867107893864855e+00
1.582166333238068034e+01,3.072031799753614401e+00
1.584166904829951505e+01,3.440588150562401193e+00
1.586167476421834799e+01,3.875833689420438155e+00
1.588168048013718270e+01,3.494152588036621765e+00
1.590168619605601563e+01,3.408525901936449998e+00
1.592169191197485034e+01,3.320914796585631379e+00
1.594169762789368505e+01,3.378083906067881781e+00
1.596170334381251799e+01,3.587122282363620407e+00
1.598170905973135092e+01,3.084441020903262665e+00
1.600171477565018563e+01,3.084365905838978072e+00
1.602172049156902034e+01,2.906401318250029675e+00
1.604172620748785505e+01,3.938249537145556367e+00
1.606173192340668976e+01,3.542787735922843240e+00
1.608173763932552092e+01,3.095471881918182788e+00
1.610174335524435563e+01,3.972515448576588781e+00
1.612174907116319034e+01,2.747827507434269734e+00
1.614175478708202505e+01,2.618766571025965106e+00
1.616176050300085620e+01,2.750298917347637762e+00
1.618176621891969091e+01,2.952605641347098242e+00
1.620177193483852562e+01,3.082174535542514526e+00
1.622177765075736033e+01,2.894898238241455424e+00
1.624178336667619504e+01,3.643353603674817087e+00
1.626178908259502620e+01,2.581726555998753003e+00
1.628179479851386091e+01,3.728679578145010609e+00
1.630180051443269562e+01,3.618165579071003890e+00
1.632180623035153033e+01,3.213049124730772643e+00
1.634181194627036149e+01,4.062971647461351310e+00
1.636181766218919620e+01,3.163327646329042508e+00
1.638182337810803091e+01,3.298229685120717125e+00
1.640182909402686562e+01,3.485254458317405213e+00
1.642183480994570033e+01,3.436458849799925108e+00
1.644184052586453504e+01,3.389239956402922971e+00
1.646184624178336620e+01,3.480703655171299982e+00
1.648185195770220091e+01,4.033138887712858889e+00
1.650185767362103562e+01,3.413173628552526040e+00
1.652186338953986677e+01,3.071848265263621869e+00
1.654186910545870148e+01,3.762103274379541951e+00
1.656187482137753619e+01,3.601123037986734943e+00
1.658188053729637090e+01,3.283900974378722637e+00
1.660188625321520561e+01,3.086277510645221156e+00
1.662189196913404032e+01,2.770144389284629138e+00
1.664189768505287148e+01,2.988247980654469504e+00
1.666190340097170619e+01,3.430148633586626694e+00
1.668190911689054090e+01,3.324162302933277857e+00
1.670191483280937561e+01,3.827222111963893170e+00
1.672192054872820677e+01,3.691094782959785103e+00
1.674192626464704148e+01,3.602092684243753951e+00
1.676193198056587619e+01,3.353702672919181005e+00
1.678193769648471090e+01,3.158678523601960553e+00
1.680194341240354561e+01,3.229069068986444080e+00
1.682194912832238032e+01,3.476278114147025811e+00
1.684195484424121148e+01,3.935631849653929759e+00
1.686196056016004619e+01,2.530837453870731668e+00
1.688196627607888090e+01,4.255276247865604766e+00
1.690197199199771205e+01,3.015157096040611329e+00
1.692197770791654676e+01,3.127498988984369621e+00
1.694198342383538147e+01,3.618377894754603474e+00
1.696198913975421618e+01,3.597895031442301494e+00
1.698199485567305089e+01,3.269981801062558091e+00
1.700200057159188560e+01,3.115531200819046553e+00
1.702200628751071676e+01,2.587609580706846657e+00
1.704201200342955147e+01,3.504921991065873765e+00
1.706201771934838618e+01,2.918545037751391291e+00
1.708202343526722089e+01,3.315993743554558115e+00
1.710202915118605205e+01,4.232215992582752051e+00
1.712203486710488676e+01,2.950408904210714667e+00
1.714204058302372147e+01,3.580805527550732670e+00
1.716204629894255618e+01,4.219094374959191818e+00
1.718205201486139089e+01,3.778547281081437781e+00
1.720205773078022204e+01,3.426474013852309319e+00
1.722206344669905675e+01,3.151644756209443177e+00
1.724206916261789146e+01,3.119814475663849507e+00
1.726207487853672617e+01,3.318008771080600550e+00
1.728208059445555733e+01,3.622001469179502386e+00
1.730208631037439204e+01,3.407750412486418412e+00
1.732209202629322675e+01,3.436189139744895371e+00
1.734209774221206146e+01,3.558609462238096377e+00
1.736210345813089617e+01,3.310701540364879403e+00
1.738210917404973088e+01,2.827976508882162676e+00
1.740211488996856204e+01,3.133570630112364697e+00
1.742212060588739675e+01,3.900333211441466830e+00
1.744212632180623146e+01,3.328830798349700082e+00
1.746213203772506262e+01,3.605410065598080305e+00
1.748213775364389733e+01,3.324956355331838864e+00
1.750214346956273204e+01,3.817048838926652365e+00
1.752214918548156675e+01,3.585722079572129850e+00
1.754215490140040146e+01,3.750061532125783526e+00
1.756216061731923617e+01,3.925958394186026545e+00
1.758216633323806732e+01,3.571886539082318457e+00
1.760217204915690203e+01,4.072838567146044753e+00
1.762217776507573674e+01,3.176475516658163301e+00
1.764218348099457145e+01,3.988785974257687883e+00
1.766218919691340261e+01,2.874827474792372772e+00
1.768219491283223732e+01,3.544081950964780070e+00
1.770220062875107203e+01,3.348205224689491999e+00
1.772220634466990674e+01,3.424910619280060686e+00
1.774221206058874145e+01,2.911905766084585068e+00
1.776221777650757616e+01,4.027312087040359145e+00
1.778222349242640732e+01,3.053924716215394852e+00
1.780222920834524203e+01,3.806467891154505789e+00
1.782223492426407674e+01,4.055941254385443173e+00
1.784224064018290790e+01,3.214207474161570044e+00
1.786224635610174261e+01,3.157359875340674193e+00
1.788225207202057732e+01,3.119569501106832288e+00
1.790225778793941203e+01,3.796789360086846532e+00
1.792226350385824674e+01,3.344172064365954711e+00
1.794226921977708145e+01,3.895707450154526796e+00
1.796227493569591260e+01,3.931916559637737230e+00
1.798228065161474731e+01,2.987615235937173708e+00
1.800228636753358202e+01,3.367740282190585077e+00
1.802229208345241318e+01,3.798705922082110220e+00
1.804229779937124789e+01,3.429230290793405800e+00
1.806230351529008260e+01,3.767035873402379664e+00
1.808230923120891731e+01,3.518898603180759643e+00
1.810231494712775202e+01,3.578819885548997881e+00
1.812232066304658673e+01,3.108482387601037900e+00
1.814232637896542144e+01,3.095827757593041518e+00
1.816233209488425260e+01,3.689966966777302293e+00
1.818233781080308731e+01,2.549349868640128580e+00
1.820234352672191847e+01,3.059148318989501902e+00
1.822234924264075318e+01,3.925325559903675376e+00
1.824235495855958789e+01,4.399848144750518664e+00
1.826236067447842260e+01,3.485936926166633754e+00
1.828236639039725731e+01,3.381810217102465099e+00
1.830237210631609202e+01,3.851123046266584637e+00
1.832237782223492673e+01,3.908024937916694697e+00
1.834238353815375788e+01,4.296494097181071226e+00
1.836238925407259259e+01,3.674997751593231499e+00
1.838239496999142730e+01,3.305619386497228085e+00
1.840240068591025846e+01,3.182958927579425445e+00
1.842240640182909317e+01,4.104606461345877477e+00
1.844241211774792788e+01,3.111539184788924217e+00
1.846241783366676259e+01,3.597629470111954220e+00
1.848242354958559730e+01,2.897336924908057831e+00
1.850242926550443201e+01,2.963556177600416230e+00
1.852243498142326672e+01,3.188438909083570749e+00
1.854244069734209788e+01,3.848688047241926924e+00
1.856244641326093259e+01,3.879102883684622860e+00
1.858245212917976374e+01,3.501249001831189922e+00
1.860245784509859845e+01,3.515156303323504261e+00
1.862246356101743316e+01,3.375034942413313477e+00
1.864246927693626787e+01,4.251649281760602861e+00
1.866247499285510258e+01,3.582414743576484373e+00
1.868248070877393729e+01,3.591835693824821263e+00
1.870248642469277200e+01,4.135036362213131866e+00
1.872249214061160316e+01,3.760701006456320883e+00
1.874249785653043787e+01,4.222022778824841005e+00
1.876250357244927258e+01,4.130056165138346280e+00
1.878250928836810374e+01,4.105134345098898407e+00
1.880251500428693845e+01,3.996127435278640228e+00
1.882252072020577316e+01,3.595351434616389064e+00
1.884252643612460787e+01,4.497296872709346083e+00
1.886253215204344258e+01,4.675796879347183577e+00
1.888253786796227729e+01,4.756311220348291791e+00
1.890254358388111200e+01,4.461570816159447617e+00
1.892254929979994316e+01,4.542214969147442716e+00
1.894255501571877787e+01,4.957975892619264080e+00
1.896256073163760902e+01,4.843109858020174130e+00
1.898256644755644373e+01,4.504219341018070644e+00
1.900257216347527844e+01,4.490835450478868118e+00
1.902257787939411315e+01,4.602572605618123092e+00
1.904258359531294786e+01,5.091532282968910472e+00
1.906258931123178257e+01,5.722691359989942939e+00
1.908259502715061728e+01,5.738647398392648036e+00
1.910260074306944844e+01,5.532524201179596091e+00
1.912260645898828315e+01,5.849517289300109724e+00
1.914261217490711431e+01,5.841491822332841366e+00
1.916261789082594902e+01,5.374566453706058233e+00
1.918262360674478373e+01,6.112219378774423006e+00
1.920262932266361844e+01,6.464472962687686675e+00
1.922263503858245315e+01,6.123631609261861897e+00
1.924264075450128786e+01,6.039543658675719406e+00
1.926264647042012257e+01,5.774194716902392166e+00
1.928265218633895373e+01,6.227746752828858590e+00
1.930265790225778844e+01,6.041980435383491610e+00
1.932266361817662315e+01,7.032785015454786404e+00
1.934266933409545430e+01,7.249700670092151356e+00
1.936267505001428901e+01,7.436726399854958203e+00
1.938268076593312372e+01,7.220268270122359944e+00
1.940268648185195843e+01,7.175864294389113773e+00
1.942269219777079314e+01,7.547428109419953124e+00
1.944269791368962785e+01,7.735220345829702637e+00
1.946270362960846256e+01,7.949554393001344366e+00
1.948270934552729372e+01,8.190984916089767864e+00
1.950271506144612843e+01,8.809884149499948691e+00
1.952272077736495959e+01,8.362057732731807747e+00
1.954272649328379430e+01,8.370129231337021025e+00
1.956273220920262901e+01,9.058292765868776186e+00
1.958273792512146372e+01,9.248329906233085040e+00
1.960274364104029843e+01,9.011945816620560379e+00
1.962274935695913314e+01,9.075516363821652277e+00
1.964275507287796785e+01,1.095354914313913142e+01
1.966276078879679901e+01,1.026394589619761888e+01
1.968276650471563372e+01,1.062683147207000545e+01
1.970277222063446487e+01,1.127944596965308754e+01
1.972277793655329958e+01,1.106102799134156456e+01
1.974278365247213429e+01,1.157240811728797780e+01
1.976278936839096900e+01,1.126733207871829023e+01
1.978279508430980371e+01,1.225935884891752536e+01
1.980280080022863842e+01,1.160986385858434389e+01
1.982280651614747313e+01,1.198135551535543897e+01
1.984281223206630784e+01,1.260962464210896528e+01
1.986281794798513900e+01,1.236875241415711635e+01
1.988282366390397371e+01,1.207414119549584797e+01
1.990282937982280487e+01,1.309086486190992105e+01
1.992283509574163958e+01,1.186002649232842820e+01
1.994284081166047429e+01,1.217864007204968502e+01
1.996284652757930900e+01,1.173786533043512037e+01
1.998285224349814371e+01,1.189476588663091405e+01
2.000285795941697842e+01,1.170883642254534429e+01
2.002286367533581313e+01,1.128756563933336565e+01
2.004286939125464428e+01,1.044045765974081341e+01
2.006287510717347899e+01,1.039039283269545422e+01
2.008288082309231015e+01,9.001172301696946931e+00
2.010288653901114486e+01,8.234540636324734209e+00
2.012289225492997957e+01,8.503681305580119698e+00
2.014289797084881428e+01,7.086467856415934463e+00
2.016290368676764899e+01,6.927136809052974797e+00
2.018290940268648370e+01,6.014372685619120418e+00
2.020291511860531841e+01,6.560004186367283552e+00
2.022292083452414957e+01,5.585245129606191128e+00
2.024292655044298428e+01,5.358444661678999132e+00
2.026293226636181899e+01,4.956260442395825194e+00
2.028293798228065015e+01,4.002232877913797893e+00
2.030294369819948486e+01,4.345568197631681784e+00
2.032294941411831957e+01,4.977707180229210771e+00
2.034295513003715428e+01,4.473310281908788433e+00
2.036296084595598899e+01,4.274934119106418962e+00
2.038296656187482370e+01,3.429690564513252049e+00
2.040297227779365841e+01,3.511743474369713347e+00
2.042297799371248956e+01,3.619549790411252577e+00
2.044298370963132427e+01,4.355126997697375657e+00
2.046298942555015543e+01,3.124557398355185533e+00
2.048299514146899014e+01,3.768847999382626046e+00
2.050300085738782485e+01,3.864340852286152650e+00
2.052300657330665956e+01,3.770657458226366998e+00
2.054301228922549427e+01,3.176169750350000598e+00
2.056301800514432898e+01,3.065686541487665728e+00
2.058302372106316369e+01,3.365543602834121906e+00
2.060302943698199485e+01,3.339255941217279755e+00
2.062303515290082956e+01,4.218822010767922848e+00
2.064304086881966072e+01,3.640886706038086729e+00
2.066304658473849543e+01,3.732661936706465067e+00
2.068305230065733014e+01,3.432381054147226607e+00
2.070305801657616485e+01,3.414695753595582861e+00
2.072306373249499956e+01,4.273235313698554805e+00
2.074306944841383427e+01,3.284349714469994019e+00
2.076307516433266898e+01,3.750029553205282085e+00
2.078308088025150369e+01,3.822392882777528200e+00
2.080308659617033484e+01,3.702156568926374014e+00
2.082309231208916955e+01,4.082695444640683569e+00
2.084309802800800071e+01,4.067851536370739041e+00
2.086310374392683542e+01,3.546486300031940431e+00
2.088310945984567013e+01,3.076212895843010386e+00
2.090311517576450484e+01,4.263528120923878006e+00
2.092312089168333955e+01,3.762516954135117331e+00
2.094312660760217426e+01,4.588508168592231762e+00
2.096313232352100897e+01,3.832637381044796676e+00
2.098313803943984013e+01,4.908668399457232212e+00
2.100314375535867484e+01,4.243577832732306376e+00
2.102314947127750600e+01,3.944265962550105087e+00
2.104315518719634071e+01,4.182162987374473673e+00
2.106316090311517542e+01,4.588819635373658556e+00
2.108316661903401013e+01,3.944821905125166950e+00
2.110317233495284484e+01,3.420589755561779022e+00
2.112317805087167955e+01,4.269418279917319481e+00
2.114318376679051426e+01,4.360247746159167548e+00
2.116318948270934541e+01,5.163979486207296077e+00
2.118319519862818012e+01,4.265263857421865978e+00
2.120320091454701483e+01,4.278914596568472284e+00
2.122320663046584599e+01,4.693544188344596968e+00
2.124321234638468070e+01,4.539941253410415989e+00
2.126321806230351541e+01,4.992508758462661511e+00
2.128322377822235012e+01,4.519903490801956636e+00
2.130322949414118483e+01,4.107757410241774210e+00
2.132323521006001954e+01,4.911396190787168159e+00
2.134324092597885425e+01,4.677187286977730452e+00
2.136324664189768541e+01,4.973350784265015534e+00
2.138325235781652012e+01,5.011201308662577958e+00
2.140325807373535127e+01,4.489323199664990049e+00
2.142326378965418598e+01,5.635650120668413976e+00
2.144326950557302069e+01,5.571034256920027516e+00
2.146327522149185540e+01,5.150068446927916987e+00
2.148328093741069011e+01,5.804225519023082036e+00
2.150328665332952482e+01,5.683180655780569523e+00
2.152329236924835953e+01,5.768097760884543845e+00
2.154329808516719069e+01,6.126501253807685288e+00
2.156330380108602540e+01,5.702855686920754508e+00
2.158330951700485656e+01,6.762782904158246566e+00
2.160331523292369127e+01,6.787984085175196469e+00
2.162332094884252598e+01,6.561109862948084626e+00
2.164332666476136069e+01,6.838023040552009491e+00
2.166333238068019540e+01,6.843148500628791986e+00
2.168333809659903011e+01,7.445259993118146902e+00
2.170334381251786482e+01,7.062848861994060812e+00
2.172334952843669598e+01,7.370037716510982051e+00
2.174335524435553069e+01,7.798431241112445456e+00
2.176336096027436540e+01,7.157109149017564675e+00
2.178336667619319655e+01,7.341284248003473678e+00
2.180337239211203126e+01,8.214373436337059076e+00
2.182337810803086597e+01,8.151512473372429568e+00
2.184338382394970068e+01,7.573825020488117232e+00
2.186338953986853539e+01,8.721358466310958235e+00
2.188339525578737010e+01,8.185072107265373376e+00
2.190340097170620481e+01,7.270422492248000523e+00
2.192340668762503597e+01,8.295449091636029948e+00
2.194341240354387068e+01,8.409372172311741167e+00
2.196341811946270184e+01,7.871878575221236574e+00
2.198342383538153655e+01,7.372789858531895391e+00
2.200342955130037126e+01,7.142327526779306268e+00
2.202343526721920597e+01,6.657017623935223227e+00
2.204344098313804068e+01,7.687944345800052481e+00
2.206344669905687539e+01,6.785384540461508962e+00
2.208345241497571010e+01,6.363905772255495030e+00
2.210345813089454126e+01,5.574107459551751020e+00
2.212346384681337597e+01,5.405948771326357871e+00
2.214346956273221068e+01,5.311024133441264894e+00
2.216347527865104183e+01,5.255651971644858200e+00
2.218348099456987654e+01,5.226568521038120529e+00
2.220348671048871125e+01,4.514501925166552354e+00
2.222349242640754596e+01,4.377633148919556128e+00
2.224349814232638067e+01,4.164025706275483962e+00
2.226350385824521538e+01,3.844453268019723424e+00
2.228350957416405009e+01,4.835971829300788727e+00
2.230351529008288125e+01,4.276354305819234369e+00
2.232352100600171596e+01,3.170572039765143124e+00
2.234352672192054712e+01,3.283815499331751209e+00
2.236353243783938183e+01,4.516518266180470143e+00
2.238353815375821654e+01,3.984414718981334591e+00
2.240354386967705125e+01,4.378712239536314499e+00
2.242354958559588596e+01,3.474104686509463136e+00
2.244355530151472067e+01,3.648218714340978774e+00
2.246356101743355538e+01,3.227459380105975661e+00
2.248356673335238654e+01,2.942446497608675049e+00
2.250357244927122125e+01,3.195762158331397096e+00
2.252357816519005240e+01,3.580642711830820168e+00
2.254358388110888711e+01,2.643584450322222779e+00
2.256358959702772182e+01,3.620467153580842368e+00
2.258359531294655653e+01,3.284775652010628377e+00
2.260360102886539124e+01,3.865262676940894870e+00
2.262360674478422595e+01,3.076738070346948462e+00
2.264361246070306066e+01,2.910771181363794646e+00
2.266361817662189182e+01,2.780399815032341237e+00
2.268362389254072653e+01,4.044280146434919843e+00
2.270362960845956124e+01,4.098308587710981499e+00
2.272363532437839240e+01,3.806793092966053393e+00
2.274364104029722711e+01,4.207312899762285952e+00
2.276364675621606182e+01,4.194173121964178463e+00
2.278365247213489653e+01,3.827567528310700240e+00
2.280365818805373124e+01,2.828260916245860734e+00
2.282366390397256595e+01,3.429561035578887473e+00
2.284366961989140066e+01,3.221273331257913597e+00
2.286367533581023181e+01,4.181935464218354603e+00
2.288368105172906652e+01,2.738207020929128266e+00
2.290368676764789768e+01,3.700571463516950210e+00
2.292369248356673239e+01,3.356265087485274190e+00
2.294369819948556710e+01,3.748061962955219872e+00
2.296370391540440181e+01,3.560042476331615191e+00
2.298370963132323652e+01,3.363522814370392133e+00
2.300371534724207123e+01,3.474231539269793778e+00
2.302372106316090594e+01,4.226587290691469434e+00
2.304372677907973710e+01,3.420585737859606290e+00
2.306373249499857181e+01,2.995009595218241394e+00
2.308373821091740652e+01,3.470125447864385038e+00
2.310374392683623768e+01,3.251019226048072586e+00
2.312374964275507239e+01,3.871443471792720192e+00
2.314375535867390710e+01,3.730477989634601421e+00
2.316376107459274181e+01,3.558038472848834122e+00
2.318376679051157652e+01,3.076106247926161164e+00
2.320377250643041123e+01,3.322305937091447170e+00
2.322377822234924594e+01,4.062252196419241734e+00
2.324378393826807709e+01,3.392089628201174989e+00
2.326378965418691180e+01,3.560571348715979134e+00
2.328379537010574296e+01,3.758495893954845624e+00
2.330380108602457767e+01,3.379307421010496970e+00
2.332380680194341238e+01,3.912835600892744736e+00
2.334381251786224709e+01,3.382673846862426892e+00
2.336381823378108180e+01,3.268514630940145160e+00
2.338382394969991651e+01,3.540592333552524895e+00
2.340382966561875122e+01,3.540653519874854549e+00
2.342383538153758238e+01,3.620379405545198992e+00
2.344384109745641709e+01,3.822930045988986336e+00
2.346384681337524825e+01,3.909045137406267578e+00
2.348385252929408296e+01,3.320672645530583722e+00
2.350385824521291767e+01,3.384206357891691663e+00
2.352386396113175238e+01,3.379221708067806418e+00
2.354386967705058709e+01,3.557106334239337642e+00
2.356387539296942180e+01,3.382651865089925991e+00
2.358388110888825651e+01,3.871448919566865321e+00
2.360388682480708766e+01,3.664703389695021407e+00
2.362389254072592237e+01,3.825358546401122606e+00
2.364389825664475708e+01,3.290573506775016810e+00
2.366390397256358824e+01,4.119818153733969979e+00
2.368390968848242295e+01,2.877796019658970916e+00
2.370391540440125766e+01,4.113017450719798518e+00
2.372392112032009237e+01,3.363536918331993419e+00
2.374392683623892708e+01,3.843348274375633533e+00
2.376393255215776179e+01,3.608922382381265059e+00
2.378393826807659650e+01,3.651108565207378032e+00
2.380394398399542766e+01,3.906782800273511658e+00
2.382394969991426237e+01,3.606270820171451064e+00
2.384395541583309353e+01,3.749788773754617388e+00
2.386396113175192824e+01,3.550803628616560292e+00
2.388396684767076295e+01,3.026097163031906234e+00
2.390397256358959766e+01,3.541924552294273276e+00
2.392397827950843237e+01,3.011004201729043483e+00
2.394398399542726708e+01,4.269586573773541005e+00
2.396398971134610179e+01,3.349287516388051777e+00
2.398399542726493294e+01,3.932758082069503835e+00
2.400400114318376765e+01,3.301958469317972433e+00
2.402400685910260236e+01,3.026853902568817922e+00
2.404401257502143352e+01,3.702075666191911196e+00
2.406401829094026823e+01,3.494161151530420284e+00
2.408402400685910294e+01,3.921566060466472159e+00
2.410402972277793765e+01,3.766125256440457036e+00
2.412403543869677236e+01,4.385280252540241008e+00
2.414404115461560707e+01,3.865578733989076810e+00
2.416404687053444178e+01,3.351844936816215981e+00
2.418405258645327294e+01,4.123843904019705242e+00
2.420405830237210765e+01,3.790445829739262251e+00
2.422406401829093880e+01,4.246052714442877019e+00
2.424406973420977351e+01,4.397159343529898123e+00
2.426407545012860822e+01,3.819441095945272480e+00
2.428408116604744293e+01,3.532930990789444614e+00
2.430408688196627764e+01,4.039638625436454689e+00
2.432409259788511235e+01,4.520431989381297200e+00
2.434409831380394706e+01,4.638504347188528776e+00
2.436410402972277822e+01,4.849644225935556108e+00
2.438410974564161293e+01,4.357198598193535943e+00
2.440411546156044409e+01,4.778602774606381942e+00
2.442412117747927880e+01,4.151381272608976936e+00
2.444412689339811351e+01,4.588056428094231087e+00
2.446413260931694822e+01,4.743162077629988538e+00
2.448413832523578293e+01,4.349491376432631284e+00
2.450414404115461764e+01,4.988916797999927155e+00
2.452414975707345235e+01,4.841762027915017974e+00
2.454415547299228351e+01,4.947821870968812874e+00
2.456416118891111822e+01,4.885465448449750170e+00
2.458416690482995293e+01,4.514362849472272288e+00
2.460417262074878408e+01,5.213457323678449384e+00
2.462417833666761879e+01,5.044437927861203264e+00
2.464418405258645350e+01,5.540721081298672246e+00
2.466418976850528821e+01,5.270326892698236954e+00
2.468419548442412292e+01,5.544520675664415421e+00
2.470420120034295763e+01,5.637883056779394053e+00
2.472420691626179234e+01,4.349911682269159030e+00
2.474421263218062350e+01,5.100406732455500247e+00
2.476421834809945821e+01,4.394450094532328599e+00
2.478422406401828937e+01,4.441177839021922757e+00
2.480422977993712408e+01,3.785111351704823601e+00
2.482423549585595879e+01,4.267392234162815434e+00
2.484424121177479350e+01,4.807065697016614791e+00
2.486424692769362821e+01,5.158066434928846533e+00
2.488425264361246292e+01,4.810821219638630630e+00
2.490425835953129763e+01,4.363094351995715492e+00
2.492426407545012879e+01,4.621778703520178944e+00
2.494426979136896350e+01,3.906627474229618979e+00
2.496427550728779821e+01,4.619569550997767671e+00
2.498428122320662936e+01,4.024285844955182156e+00
2.500428693912546407e+01,4.609950962027085986e+00
2.502429265504429878e+01,3.970279273200957526e+00
2.504429837096313349e+01,4.612258076412232732e+00
2.506430408688196820e+01,3.896629322898651715e+00
2.508430980280080291e+01,3.707205576203342456e+00
2.510431551871963762e+01,3.743472344664958928e+00
2.512432123463846878e+01,3.190646891019354392e+00
2.514432695055730349e+01,3.995202918550232241e+00
2.516433266647613465e+01,3.182444182411467981e+00
2.518433838239496936e+01,3.471468557121778709e+00
2.520434409831380407e+01,3.169616450705230903e+00
2.522434981423263878e+01,4.101598360050358494e+00
2.524435553015147349e+01,3.591479775971597732e+00
2.526436124607030820e+01,3.975139766394290675e+00
2.528436696198914291e+01,3.292887577165200419e+00
2.530437267790797407e+01,4.078642574675440891e+00
2.532437839382680878e+01,3.141984337147984974e+00
2.534438410974563993e+01,3.553059432195950329e+00
2.536438982566447464e+01,3.472938777180929470e+00
2.538439554158330935e+01,3.019160023433865803e+00
2.540440125750214406e+01,3.353490596749226338e+00
2.542440697342097877e+01,4.078599007759352801e+00
2.544441268933981348e+01,2.651027212222875296e+00
2.546441840525864819e+01,3.094858516531536097e+00
2.548442412117747935e+01,3.826578608087589206e+00
2.550442983709631406e+01,2.863428756064925640e+00
2.552443555301514877e+01,3.098341838119935243e+00
2.554444126893397993e+01,3.150896326904354172e+00
2.556444698485281464e+01,3.145314022076673766e+00
2.558445270077164935e+01,3.512833148258288851e+00
2.560445841669048406e+01,3.054385941672430160e+00
2.562446413260931877e+01,3.667276874221347960e+00
2.564446984852815348e+01,3.773752478523483056e+00
2.566447556444698819e+01,2.989629272546283190e+00
2.568448128036581934e+01,3.217388044577507600e+00
2.570448699628465405e+01,3.836158907712212240e+00
2.572449271220348521e+01,3.793064220474467341e+00
2.574449842812231992e+01,3.349309313876704053e+00
2.576450414404115463e+01,3.304951197399524254e+00
2.578450985995998934e+01,4.003161879784803645e+00
2.580451557587882405e+01,3.285962218145536351e+00
2.582452129179765876e+01,3.335013645427947093e+00
2.584452700771649347e+01,3.285610938313785034e+00
2.586453272363532463e+01,4.300936624748960213e+00
2.588453843955415934e+01,3.409136396390580082e+00
2.590454415547299405e+01,3.649127747422087786e+00
2.592454987139182521e+01,3.609141090834250054e+00
2.594455558731065992e+01,4.063157752581346926e+00
2.596456130322949463e+01,3.952535345755245011e+00
2.598456701914832934e+01,3.264090582146009112e+00
2.600457273506716405e+01,3.894825337352816774e+00
2.602457845098599520e+01,3.239245647051475441e+00
2.604458416690482991e+01,3.617340856998398468e+00
2.606458988282366462e+01,3.003413937762641872e+00
2.608459559874249933e+01,3.383044809378651152e+00
2.610460131466133404e+01,2.942689389627202612e+00
2.612460703058016520e+01,2.928113536272554107e+00
2.614461274649899991e+01,3.728403060873233699e+00
2.616461846241783462e+01,3.398709488028613723e+00
2.618462417833666933e+01,3.170561241122932472e+00
2.620462989425550404e+01,3.972035245267698578e+00
2.622463561017433520e+01,3.725000035938207610e+00
2.624464132609316991e+01,3.533048061833804709e+00
2.626464704201200462e+01,3.308959429155116094e+00
2.628465275793083933e+01,3.282576628088714088e+00
2.630465847384967049e+01,3.530152705611392605e+00
2.632466418976850520e+01,2.861683320712676615e+00
2.634466990568733991e+01,3.537913623566113941e+00
2.636467562160617462e+01,4.014478615972334907e+00
2.638468133752500933e+01,3.051189319614318496e+00
2.640468705344384048e+01,3.692050045505482991e+00
2.642469276936267519e+01,4.022359918700088244e+00
2.644469848528150990e+01,3.230454298777387656e+00
2.646470420120034461e+01,3.522468266217005706e+00
2.648470991711917932e+01,3.768583856595930648e+00
2.650471563303801048e+01,3.409644069318339632e+00
2.652472134895684519e+01,3.804016423167231764e+00
2.654472706487567990e+01,3.701495539133119905e+00
2.656473278079451461e+01,3.700581048568602149e+00
2.658473849671334932e+01,3.976914782589959341e+00
2.660474421263218048e+01,3.648930778598241442e+00
2.662474992855101519e+01,3.488316831233951198e+00
2.664475564446984990e+01,3.252188702242779783e+00
2.666476136038868461e+01,3.778091354667840740e+00
2.668476707630751577e+01,3.407933049143195170e+00
2.670477279222635048e+01,3.274612994775055075e+00
2.672477850814518519e+01,3.560539067952007031e+00
2.674478422406401990e+01,3.691908817311765567e+00
2.676478993998285461e+01,3.769266361109520069e+00
2.678479565590168576e+01,4.108637725807490426e+00
2.680480137182052047e+01,3.896630680359390198e+00
2.682480708773935518e+01,4.161201344235935018e+00
2.684481280365818989e+01,3.309520541646167491e+00
2.686481851957702460e+01,3.066472937486472539e+00
2.688482423549585576e+01,3.085900547854305564e+00
2.690482995141469047e+01,3.101291786119300120e+00
2.692483566733352518e+01,3.311480607525114195e+00
2.694484138325235989e+01,3.118999370233416890e+00
2.696484709917119105e+01,3.717535210939904466e+00
2.698485281509002576e+01,4.146120812507994913e+00
2.700485853100886047e+01,3.624472848070051878e+00
2.702486424692769518e+01,4.328214673465753393e+00
2.704486996284652989e+01,3.024395950851674009e+00
2.706487567876536104e+01,4.174571074342613208e+00
2.708488139468419575e+01,3.708115371627359380e+00
2.710488711060303046e+01,2.778668984378969142e+00
2.712489282652186517e+01,3.295692830651751226e+00
2.714489854244069988e+01,3.992861074399385313e+00
2.716490425835953104e+01,3.911541006792905062e+00
2.718490997427836575e+01,3.689905831746105758e+00
2.720491569019720046e+01,3.123424241579987548e+00
2.722492140611603517e+01,3.307488284064152406e+00
2.724492712203486633e+01,3.050333004159351269e+00
2.726493283795370104e+01,3.181137318486557231e+00
2.728493855387253575e+01,3.533227476644145160e+00
2.730494426979137046e+01,3.230751033954042839e+00
2.732494998571020517e+01,4.300649965570430666e+00
2.734495570162903633e+01,3.486835670837048262e+00
2.736496141754787104e+01,3.847161235418859349e+00
2.738496713346670575e+01,3.147095482516843568e+00
2.740497284938554046e+01,4.336534755128788277e+00
2.742497856530437517e+01,3.474387652562510809e+00
2.744498428122320632e+01,3.610715858728148042e+00
2.746498999714204103e+01,4.158023682718194891e+00
2.748499571306087574e+01,3.152277793944598727e+00
2.750500142897971045e+01,3.450131965019627156e+00
2.752500714489854516e+01,3.572908067844362101e+00
2.754501286081737632e+01,4.018792194107576599e+00
2.756501857673621103e+01,4.021542081947588443e+00
2.758502429265504574e+01,3.837662419883329790e+00
2.760503000857388045e+01,4.336017386388784089e+00
2.762503572449271161e+01,3.392970490656487925e+00
2.764504144041154632e+01,4.152478735455128245e+00
2.766504715633038103e+01,3.656139423559993773e+00
2.768505287224921574e+01,3.786502041361726079e+00
2.770505858816805045e+01,3.274772313743298024e+00
2.772506430408688161e+01,4.172183299192674610e+00
2.774507002000571632e+01,3.146105785786247555e+00
2.776507573592455103e+01,3.483098471071568003e+00
2.778508145184338574e+01,3.702922746518803265e+00
2.780508716776222045e+01,3.245499776777707179e+00
2.782509288368105160e+01,3.099470642410275811e+00
2.784509859959988631e+01,4.133675220609040579e+00
2.786510431551872102e+01,3.554910655186293233e+00
2.788511003143755573e+01,4.275662785579454450e+00
2.790511574735638689e+01,3.913437719914186097e+00
2.792512146327522160e+01,4.064716319927633492e+00
2.794512717919405631e+01,4.144257484219492582e+00
2.796513289511289102e+01,4.252024421941229093e+00
2.798513861103172573e+01,3.863186468215644709e+00
2.800514432695055689e+01,3.852076484276295787e+00
2.802515004286939160e+01,4.007816198250264250e+00
2.804515575878822631e+01,3.998069349604865153e+00
2.806516147470706102e+01,4.175481558735780752e+00
2.808516719062589573e+01,4.476595112509236252e+00
2.810517290654472689e+01,4.554818790521015792e+00
2.812517862246356160e+01,3.691282489352692764e+00
2.814518433838239631e+01,4.153395476687464338e+00
2.816519005430123102e+01,4.495086223057960240e+00
2.818519577022006217e+01,4.728049842836894001e+00
2.820520148613889688e+01,4.814368845351296500e+00
2.822520720205773159e+01,4.626820975042086559e+00
2.824521291797656630e+01,4.133575128581222558e+00
2.826521863389540101e+01,5.013164238447196830e+00
2.828522434981423217e+01,5.221658504459640859e+00
2.830523006573306688e+01,4.582488890076240828e+00
2.832523578165190159e+01,5.019930335417424061e+00
2.834524149757073630e+01,5.923698140036217197e+00
2.836524721348957101e+01,5.732953705978445669e+00
2.838525292940840217e+01,5.624765659821093777e+00
2.840525864532723688e+01,5.971630720551514671e+00
2.842526436124607159e+01,5.970058385888528107e+00
2.844527007716490630e+01,6.536439226375334144e+00
2.846527579308374101e+01,6.635052811626556135e+00
2.848528150900257216e+01,6.602447808533194795e+00
2.850528722492140687e+01,7.757667151928845151e+00
2.852529294084024158e+01,8.463096439538412952e+00
2.854529865675907629e+01,8.580627996461494433e+00
2.856530437267790745e+01,9.082544447642829866e+00
2.858531008859674216e+01,9.968346871992483926e+00
2.860531580451557687e+01,1.146112029225573892e+01
2.862532152043441158e+01,1.153618846418467569e+01
2.864532723635324629e+01,1.298273675800823668e+01
2.866533295227207745e+01,1.335528589914711617e+01
2.868533866819091216e+01,1.359877131553158947e+01
2.870534438410974687e+01,1.505734632076577917e+01
2.872535010002858158e+01,1.624928120097891338e+01
2.874535581594741629e+01,1.867867114256435457e+01
2.876536153186624745e+01,1.972078980947659943e+01
2.878536724778508216e+01,2.015124484548609729e+01
2.880537296370391687e+01,2.201595020769642019e+01
2.882537867962275158e+01,2.331082856022465677e+01
2.884538439554158273e+01,2.587635513228904216e+01
2.886539011146041744e+01,2.806173518397779532e+01
2.888539582737925215e+01,2.971507357169072350e+01
2.890540154329808686e+01,3.168198713777107045e+01
2.892540725921692157e+01,3.341497900693380529e+01
2.894541297513575273e+01,3.626582653960667812e+01
2.896541869105458744e+01,3.764079374010907486e+01
2.898542440697342215e+01,4.127970169255959831e+01
2.900543012289225686e+01,4.317472690400583701e+01
2.902543583881109157e+01,4.592480444895731750e+01
2.904544155472992273e+01,4.948065377242094343e+01
2.906544727064875744e+01,5.234014830362587389e+01
2.908545298656759215e+01,5.561487147512937668e+01
2.910545870248642686e+01,5.843549044148595328e+01
2.912546441840525802e+01,6.213702255405577546e+01
2.914547013432409273e+01,6.644752122659829752e+01
2.916547585024292744e+01,7.044834127450168637e+01
2.918548156616176215e+01,7.390223636981588129e+01
2.920548728208059686e+01,7.788194551478338212e+01
2.922549299799942801e+01,8.117394184609420904e+01
2.924549871391826272e+01,8.548483101811109464e+01
2.926550442983709743e+01,8.833713479820366388e+01
2.928551014575593214e+01,9.168110158106219387e+01
2.930551586167476685e+01,9.486536378751287657e+01
2.932552157759359801e+01,9.597416878388190753e+01
2.934552729351243272e+01,9.857681218325384975e+01
2.936553300943126743e+01,9.903583439805426281e+01
2.938553872535010214e+01,9.975352237409268241e+01
2.940554444126893330e+01,9.840020756202953578e+01
2.942555015718776801e+01,9.633102663908620400e+01
2.944555587310660272e+01,9.360233262108562258e+01
2.946556158902543743e+01,9.179362067228905175e+01
2.948556730494427214e+01,8.743944414615113203e+01
2.950557302086310330e+01,8.284653375158531219e+01
2.952557873678193801e+01,7.845443316844122705e+01
2.954558445270077272e+01,7.328948683621514704e+01
2.956559016861960743e+01,6.819937093191673227e+01
2.958559588453844214e+01,6.450766156847689103e+01
2.960560160045727329e+01,5.946378529664305290e+01
2.962560731637610800e+01,5.543896009185067442e+01
2.964561303229494271e+01,5.095625175464581957e+01
2.966561874821377742e+01,4.753378932482549146e+01
2.968562446413261213e+01,4.408091100262514317e+01
2.970563018005144329e+01,4.074134461340614166e+01
2.972563589597027800e+01,3.812526311054794803e+01
2.974564161188911271e+01,3.493249115259582283e+01
2.976564732780794742e+01,3.360141651173541533e+01
2.978565304372677858e+01,3.038375602455798230e+01
2.980565875964561329e+01,2.856684617352934907e+01
2.982566447556444800e+01,2.698030155018537712e+01
2.984567019148328271e+01,2.520465610493207720e+01
2.986567590740211742e+01,2.517610856373699946e+01
2.988568162332094857e+01,2.395485902924063026e+01
2.990568733923978328e+01,2.244106933797060321e+01
2.992569305515861799e+01,2.214613599675587352e+01
2.994569877107745270e+01,2.198543445237703509e+01
2.996570448699628741e+01,2.112779876867216444e+01
2.998571020291511857e+01,2.134380332315157602e+01
3.000571591883395328e+01,2.003375634408619277e+01
3.002572163475278799e+01,2.052621631654042744e+01
3.004572735067162270e+01,1.928647028505801231e+01
3.006573306659045386e+01,1.934575579844632998e+01
3.008573878250928857e+01,1.806839478442286406e+01
3.010574449842812328e+01,1.775002743727620214e+01
3.012575021434695799e+01,1.703221342331810462e+01
3.014575593026579270e+01,1.675818561782080351e+01
3.016576164618462386e+01,1.658029628546723444e+01
3.018576736210345857e+01,1.575893946155212610e+01
3.020577307802229328e+01,1.381396396303368590e+01
3.022577879394112799e+01,1.351618128995703927e+01
3.024578450985996270e+01,1.328804619808925480e+01
3.026579022577879385e+01,1.198885308391593973e+01
3.028579594169762856e+01,1.162413754486226125e+01
3.030580165761646327e+01,1.142270697273068514e+01
3.032580737353529798e+01,1.061067731021089244e+01
3.034581308945412914e+01,1.058197263690001932e+01
3.036581880537296385e+01,9.756534344307430828e+00
3.038582452129179856e+01,9.859940798324778655e+00
3.040583023721063327e+01,9.907423359479235359e+00
3.042583595312946798e+01,9.699375645400559520e+00
3.044584166904829914e+01,9.823678290645673883e+00
3.046584738496713385e+01,9.460898468953381268e+00
3.048585310088596856e+01,9.268140681090972777e+00
3.050585881680480327e+01,9.164713877490456184e+00
3.052586453272363798e+01,9.298364224701433756e+00
3.054587024864246914e+01,9.681121085923045655e+00
3.056587596456130385e+01,1.005543355719206922e+01
3.058588168048013856e+01,1.072789368641353036e+01
3.060588739639897327e+01,1.022113377447169036e+01
3.062589311231780798e+01,1.103450983268168173e+01
3.064589882823663913e+01,1.187474767876656401e+01
3.066590454415547384e+01,1.170031818225980302e+01
3.068591026007430855e+01,1.197910162708670256e+01
3.070591597599314326e+01,1.200556922933101589e+01
3.072592169191197442e+01,1.173489797173967730e+01
3.074592740783080913e+01,1.186651223204567529e+01
3.076593312374964384e+01,1.161823412952889001e+01
3.078593883966847855e+01,1.241375759689406877e+01
3.080594455558731326e+01,1.123589722693132664e+01
3.082595027150614442e+01,1.176439000359361842e+01
3.084595598742497913e+01,1.096097037384225814e+01
3.086596170334381384e+01,9.984995236916049066e+00
3.088596741926264855e+01,1.044945042833139759e+01
3.090597313518148326e+01,9.749141056359665214e+00
3.092597885110031442e+01,9.154550838651768885e+00
3.094598456701914913e+01,8.586747474861427420e+00
3.096599028293798384e+01,7.013544382031141389e+00
3.098599599885681855e+01,8.111325410506818656e+00
3.100600171477564970e+01,7.158945292390821891e+00
3.102600743069448441e+01,7.023433158898243711e+00
3.104601314661331912e+01,6.388476770058904464e+00
3.106601886253215383e+01,6.322492215327046416e+00
3.108602457845098854e+01,6.166495024730992647e+00
3.110603029436981970e+01,6.234006093367058021e+00
3.112603601028865441e+01,6.091843654550109122e+00
3.114604172620748912e+01,6.282173995182382065e+00
3.116604744212632383e+01,6.419563816608256701e+00
3.118605315804515854e+01,6.009161249803442573e+00
3.120605887396398970e+01,5.987275278347691021e+00
3.122606458988282441e+01,6.433526216808862053e+00
3.124607030580165912e+01,6.273558875943909818e+00
3.126607602172049383e+01,5.863635457032490450e+00
3.128608173763932498e+01,6.773509799192750869e+00
3.130608745355815969e+01,6.717541615071576544e+00
3.132609316947699440e+01,6.558581289462683372e+00
3.134609888539582911e+01,6.999299491236177673e+00
3.136610460131466382e+01,7.492923510391181097e+00
3.138611031723349498e+01,8.381967027532354564e+00
3.140611603315232969e+01,8.229296950035514868e+00
3.142612174907116440e+01,9.401161340765598950e+00
3.144612746498999911e+01,9.303972423186753105e+00
3.146613318090883382e+01,8.936847875006519004e+00
3.148613889682766498e+01,1.094279612904555776e+01
3.150614461274649969e+01,1.066960664660308211e+01
3.152615032866533440e+01,1.166163998505837185e+01
3.154615604458416911e+01,1.130554288123489037e+01
3.156616176050300382e+01,1.165444644371383554e+01
3.158616747642183498e+01,1.197789094068017590e+01
3.160617319234066969e+01,1.264120919979571411e+01
3.162617890825950440e+01,1.417805713271866885e+01
3.164618462417833911e+01,1.460988999112314701e+01
3.166619034009717026e+01,1.483095432224702748e+01
3.168619605601600497e+01,1.480486971425072085e+01
3.170620177193483968e+01,1.624930440524054376e+01
3.172620748785367439e+01,1.644779008505030760e+01
3.174621320377250910e+01,1.586023665700412977e+01
3.176621891969134026e+01,1.629907334576444811e+01
3.178622463561017497e+01,1.731757895296513183e+01
3.180623035152900968e+01,1.632463984382091482e+01
3.182623606744784439e+01,1.601491507069710707e+01
3.184624178336667910e+01,1.663300799373752170e+01
3.186624749928551026e+01,1.579061435863774499e+01
3.188625321520434497e+01,1.528724807858872126e+01
3.190625893112317968e+01,1.495181301187810163e+01
3.192626464704201439e+01,1.407823936406721899e+01
3.194627036296084555e+01,1.259222389382582641e+01
3.196627607887968026e+01,1.183437208721445444e+01
3.198628179479851497e+01,1.124829191448025156e+01
3.200628751071734968e+01,1.008267359794002971e+01
3.202629322663618439e+01,1.005328565803437790e+01
3.204629894255501199e+01,8.788116059098028288e+00
3.206630465847385381e+01,7.549029852262906459e+00
3.208631037439268141e+01,7.383122501636092849e+00
3.210631609031152323e+01,6.745341736077323347e+00
3.212632180623035083e+01,6.411702113383338286e+00
3.214632752214918554e+01,5.624670951672402275e+00
3.216633323806802025e+01,5.437903632909883989e+00
3.218633895398685496e+01,5.061523789125763173e+00
3.220634466990568967e+01,5.082047892655681132e+00
3.222635038582451728e+01,4.915754555082347821e+00
3.224635610174335909e+01,4.206356400503969972e+00
3.226636181766218670e+01,4.988264658880012803e+00
3.228636753358102851e+01,3.445361611782370659e+00
3.230637324949985612e+01,4.053003483511332661e+00
3.232637896541869083e+01,3.448631689402349210e+00
3.234638468133752554e+01,3.840904141749983403e+00
3.236639039725636025e+01,4.088516675760332397e+00
3.238639611317519496e+01,3.317818524798784807e+00
3.240640182909402967e+01,3.871503878062926507e+00
3.242640754501286438e+01,3.740107323543678586e+00
3.244641326093169198e+01,3.767611911109895573e+00
3.246641897685053380e+01,4.242097605176073927e+00
3.248642469276936140e+01,3.495057561692550774e+00
3.250643040868819611e+01,3.732752347059301812e+00
3.252643612460703082e+01,3.444013300208669026e+00
3.254644184052586553e+01,3.410952245607468569e+00
3.256644755644470024e+01,3.738743050045190586e+00
3.258645327236353495e+01,3.731100915247734573e+00
3.260645898828236966e+01,3.468241603822685093e+00
3.262646470420119726e+01,3.515053931718714608e+00
3.264647042012003908e+01,3.647472533000363448e+00
3.266647613603886668e+01,3.442051394591525870e+00
3.268648185195770850e+01,4.277678521224976826e+00
3.270648756787653610e+01,3.146396856604930292e+00
3.272649328379537081e+01,4.260220601803824003e+00
3.274649899971420552e+01,3.707241425187990380e+00
3.276650471563304023e+01,3.678236907093435537e+00
3.278651043155187494e+01,3.784258123609978153e+00
3.280651614747070255e+01,3.757837255411378585e+00
3.282652186338954436e+01,3.843144612525790649e+00
3.284652757930837197e+01,4.132471208115140016e+00
3.286653329522721378e+01,4.399886807020493507e+00
3.288653901114604139e+01,3.754064756837887096e+00
3.290654472706487610e+01,3.477484847606206131e+00
3.292655044298371081e+01,3.180994173270874192e+00
3.294655615890254552e+01,3.401711264890039832e+00
3.296656187482138023e+01,3.589217430165530853e+00
3.298656759074020783e+01,3.293806440150744752e+00
3.300657330665904965e+01,3.027727179084254150e+00
3.302657902257787725e+01,3.421043335614467384e+00
3.304658473849671907e+01,3.725027136684191387e+00
3.306659045441554667e+01,3.075225507275475056e+00
3.308659617033438138e+01,3.837980974152530145e+00
3.310660188625321609e+01,3.120946956351444257e+00
3.312660760217205080e+01,2.955034040790835981e+00
3.314661331809088551e+01,3.736238567490450357e+00
3.316661903400971312e+01,4.232817182272680334e+00
3.318662474992855493e+01,3.316246714709383703e+00
3.320663046584738254e+01,3.954789337299693841e+00
3.322663618176622435e+01,3.776463257550345176e+00
3.324664189768505196e+01,3.472115704499320721e+00
3.326664761360388667e+01,3.563848106196427779e+00
3.328665332952272138e+01,4.015423251361891488e+00
3.330665904544155609e+01,3.880672215361215649e+00
3.332666476136039080e+01,2.942959277676431284e+00
3.334667047727922551e+01,3.405393722064481210e+00
3.336667619319806022e+01,3.126511426046298059e+00
3.338668190911688782e+01,4.038846818681809836e+00
3.340668762503572964e+01,4.112685787380816471e+00
3.342669334095455724e+01,4.123678006019735776e+00
3.344669905687339195e+01,4.203464271466401669e+00
3.346670477279222666e+01,4.028608952809640265e+00
3.348671048871106137e+01,3.765810010691394538e+00
3.350671620462989608e+01,4.213096067369679787e+00
3.352672192054873079e+01,4.494518019169701617e+00
3.354672763646756550e+01,3.924304484545234839e+00
3.356673335238639311e+01,4.531824291264976878e+00
3.358673906830523492e+01,4.110923381731541149e+00
3.360674478422406253e+01,4.553580206296872213e+00
3.362675050014290434e+01,4.547978150946827114e+00
3.364675621606173195e+01,4.930023058269618730e+00
3.366676193198056666e+01,5.628939783424211640e+00
3.368676764789940137e+01,4.384732669006821126e+00
3.370677336381823608e+01,5.179118349436590663e+00
3.372677907973707079e+01,5.730127322421760816e+00
3.374678479565589839e+01,5.263002913337866850e+00
3.376679051157474021e+01,5.918847842984289898e+00
3.378679622749356781e+01,5.487164269624484447e+00
3.380680194341240963e+01,6.713288344360144322e+00
3.382680765933123723e+01,6.391797383886652639e+00
3.384681337525007194e+01,6.089643646040507896e+00
3.386681909116890665e+01,7.422804624300580301e+00
3.388682480708774136e+01,6.745294715401963792e+00
3.390683052300657607e+01,6.785519539584312199e+00
3.392683623892540368e+01,7.264219770953095789e+00
3.394684195484424549e+01,8.283203357500489972e+00
3.396684767076307310e+01,7.440850682041633135e+00
3.398685338668191491e+01,7.539106517460053780e+00
3.400685910260074252e+01,8.463555605415709948e+00
3.402686481851957723e+01,8.579333719980233752e+00
3.404687053443841194e+01,8.947148249172403922e+00
3.406687625035724665e+01,8.408709972526743570e+00
3.408688196627608136e+01,8.784970625697113178e+00
3.410688768219490896e+01,8.508723843993834635e+00
3.412689339811375078e+01,8.800326932978304484e+00
3.414689911403257838e+01,8.652248810522367606e+00
3.416690482995142020e+01,8.490644158554896848e+00
3.418691054587024780e+01,7.361675351347665597e+00
3.420691626178908251e+01,8.457522514114394596e+00
3.422692197770791722e+01,7.235657007314262756e+00
3.424692769362675193e+01,7.456025025440849774e+00
3.426693340954558664e+01,7.551813133816425605e+00
3.428693912546442135e+01,7.142505003197745950e+00
3.430694484138325606e+01,6.720607994137647978e+00
3.432695055730208367e+01,5.509427072343706655e+00
3.434695627322092548e+01,6.148701215879909476e+00
3.436696198913975309e+01,6.245616143883209403e+00
3.438696770505858780e+01,5.628739025195912404e+00
3.440697342097742251e+01,4.660506199521119441e+00
3.442697913689625722e+01,5.033115639114098094e+00
3.444698485281509193e+01,4.737007456478320222e+00
3.446699056873392664e+01,5.547793876203988006e+00
3.448699628465276135e+01,4.334251496103168400e+00
3.450700200057158895e+01,5.341222151208521396e+00
3.452700771649043077e+01,4.375990789729008235e+00
3.454701343240925837e+01,5.203634327224942346e+00
3.456701914832810019e+01,5.043545162719265562e+00
3.458702486424692779e+01,4.855321683057629123e+00
3.460703058016576250e+01,5.156445859285602396e+00
3.462703629608459721e+01,5.660068355987807109e+00
3.464704201200343192e+01,5.058878393932775275e+00
3.466704772792226663e+01,5.243524646497593977e+00
3.468705344384109424e+01,5.406930553149372543e+00
3.470705915975993605e+01,4.449620055094150040e+00
3.472706487567876366e+01,5.626499728717343274e+00
3.474707059159760547e+01,5.627833495635264249e+00
3.476707630751643308e+01,5.596661692421685430e+00
3.478708202343526779e+01,5.886398891454022397e+00
3.480708773935410250e+01,4.873611348302949509e+00
3.482709345527293721e+01,4.604807952137325522e+00
3.484709917119177192e+01,4.276309419253813360e+00
3.486710488711059952e+01,4.721081039191202144e+00
3.488711060302944134e+01,4.524023431476322799e+00
3.490711631894826894e+01,4.067917731458759789e+00
3.492712203486711076e+01,3.880206322968164478e+00
3.494712775078593836e+01,4.104670101815000471e+00
3.496713346670477307e+01,4.164435951044913153e+00
3.498713918262360778e+01,4.042726730115358436e+00
3.500714489854244249e+01,3.767309881145888717e+00
3.502715061446127720e+01,4.717271991696759592e+00
3.504715633038010481e+01,4.166001877236764628e+00
3.506716204629894662e+01,4.222635672422990538e+00
3.508716776221777423e+01,3.000960872943527313e+00
3.510717347813661604e+01,4.188288340873896232e+00
3.512717919405544365e+01,4.257630937719099506e+00
3.514718490997427836e+01,4.087329691474796078e+00
3.516719062589311307e+01,3.999946954907242169e+00
3.518719634181194778e+01,3.486924435653277143e+00
3.520720205773078249e+01,3.789673468632340558e+00
3.522720777364961720e+01,4.134294888994769046e+00
3.524721348956845191e+01,4.137447794001606560e+00
3.526721920548727951e+01,3.596421174071813276e+00
3.528722492140612133e+01,3.510290208230489206e+00
3.530723063732494893e+01,4.497192609796339724e+00
3.532723635324378364e+01,4.333833954888786089e+00
3.534724206916261835e+01,4.600883812255418981e+00
3.536724778508145306e+01,4.409235472714055248e+00
3.538725350100028777e+01,4.232087027746094243e+00
3.540725921691912248e+01,4.245941919329936809e+00
3.542726493283795719e+01,4.637516970641513581e+00
3.544727064875678479e+01,4.810916617818195462e+00
3.546727636467562661e+01,4.021963814414543315e+00
3.548728208059445421e+01,4.152811397816653205e+00
3.550728779651329603e+01,3.607685244195243168e+00
3.552729351243212363e+01,4.771156339419427184e+00
3.554729922835095834e+01,4.056966412727025961e+00
3.556730494426979305e+01,3.908931313654304240e+00
3.558731066018862776e+01,4.557013537241988210e+00
3.560731637610746247e+01,4.450874312055915993e+00
3.562732209202629008e+01,4.040484281565334790e+00
3.564732780794513189e+01,3.410841406190631364e+00
3.566733352386395950e+01,4.036815017019053542e+00
3.568733923978280131e+01,3.385469647596949461e+00
3.570734495570162892e+01,4.411374433261031847e+00
3.572735067162046363e+01,3.373703122052223335e+00
3.574735638753929834e+01,3.309529451582585935e+00
3.576736210345813305e+01,2.975360713591343576e+00
3.578736781937696776e+01,3.464729436663337658e+00
3.580737353529579536e+01,3.001752348218921895e+00
3.582737925121463718e+01,2.932488472278015124e+00
3.584738496713346478e+01,4.027904319553320178e+00
3.586739068305230660e+01,2.889826038215105974e+00
3.588739639897113420e+01,2.836487766178739101e+00
3.590740211488996891e+01,2.869238022122392096e+00
3.592740783080880362e+01,3.308641580958615158e+00
3.594741354672763833e+01,3.386203479090923452e+00
3.596741926264647304e+01,3.758716707216595232e+00
3.598742497856530065e+01,3.307520345607504630e+00
3.600743069448414246e+01,4.267280241503460303e+00
3.602743641040297007e+01,4.015011903249760650e+00
3.604744212632181188e+01,2.977594093948614962e+00
3.606744784224063949e+01,4.463076479762532855e+00
3.608745355815947420e+01,2.827992523528604529e+00
3.610745927407830891e+01,3.935456843072136834e+00
3.612746498999714362e+01,3.843337699706403043e+00
3.614747070591597833e+01,3.116807725174402854e+00
3.616747642183481304e+01,3.734869363410835863e+00
3.618748213775364775e+01,4.294749122589903934e+00
3.620748785367247535e+01,4.237349161405440157e+00
3.622749356959131717e+01,4.036727030093122615e+00
3.624749928551014477e+01,3.553707592047904651e+00
3.626750500142897948e+01,3.630387021753637811e+00
3.628751071734781419e+01,3.526632047075070719e+00
3.630751643326664890e+01,3.714961365911563007e+00
3.632752214918548361e+01,4.059947907772585296e+00
3.634752786510431832e+01,3.528365849369979657e+00
3.636753358102315303e+01,4.087383403481772426e+00
3.638753929694198064e+01,4.083870288903694856e+00
3.640754501286082245e+01,4.224858844160342741e+00
3.642755072877965006e+01,4.010703411740379032e+00
3.644755644469849187e+01,3.882315823627080498e+00
3.646756216061731948e+01,3.802156269517304565e+00
3.648756787653615419e+01,3.762938961394526771e+00
3.650757359245498890e+01,4.315542313396079521e+00
3.652757930837382361e+01,4.066063371832597362e+00
3.654758502429265832e+01,4.786059699541278079e+00
3.656759074021148592e+01,3.512164570116422802e+00
3.658759645613032774e+01,4.329639395016737780e+00
3.660760217204915534e+01,3.722600425440946825e+00
3.662760788796799716e+01,3.953926537311760470e+00
3.664761360388682476e+01,4.022661564355418662e+00
3.666761931980565947e+01,3.704133085592398178e+00
3.668762503572449418e+01,3.895751600882829901e+00
3.670763075164332889e+01,3.818222606004439079e+00
3.672763646756216360e+01,3.949400849025995086e+00
3.674764218348099121e+01,4.236612992976514391e+00
3.676764789939983302e+01,4.213681459526709361e+00
3.678765361531866063e+01,4.323980959990208817e+00
3.680765933123750244e+01,4.080290829361896243e+00
3.682766504715633005e+01,3.277943250726287783e+00
3.684767076307516476e+01,3.641770613174330595e+00
3.686767647899399947e+01,3.811117871084587438e+00
3.688768219491283418e+01,4.451985367237591973e+00
3.690768791083166889e+01,4.591585236320181451e+00
3.692769362675049649e+01,4.270522301816981781e+00
3.694769934266933831e+01,4.148633743038248944e+00
3.696770505858816591e+01,3.412106085988854787e+00
3.698771077450700773e+01,4.173416588018286966e+00
3.700771649042583533e+01,4.547133327693801519e+00
3.702772220634467004e+01,4.679325401281163366e+00
3.704772792226350475e+01,4.436994275160732748e+00
3.706773363818233946e+01,4.848230851600579427e+00
3.708773935410117417e+01,4.564173924286707873e+00
3.710774507002000888e+01,4.732352770978513590e+00
3.712775078593884359e+01,4.623983685573247016e+00
3.714775650185767120e+01,4.542294491728225303e+00
3.716776221777651301e+01,4.931739681984681489e+00
3.718776793369534062e+01,5.713098230432169800e+00
3.720777364961417533e+01,5.525175244549457076e+00
3.722777936553301004e+01,5.739442940140692784e+00
3.724778508145184475e+01,5.452489366557548678e+00
3.726779079737067946e+01,5.823529911988017282e+00
3.728779651328951417e+01,5.602558863149604385e+00
3.730780222920834888e+01,5.647303269853153118e+00
3.732780794512717648e+01,6.412521890626819321e+00
3.734781366104601830e+01,6.304401124079372920e+00
3.736781937696484590e+01,5.305796429207130238e+00
3.738782509288368772e+01,5.487748876578244506e+00
3.740783080880251532e+01,5.411719319293424313e+00
3.742783652472135003e+01,5.825984270856628733e+00
3.744784224064018474e+01,5.762985665447136086e+00
3.746784795655901945e+01,5.747211172751668151e+00
3.748785367247785416e+01,5.563213872709377839e+00
3.750785938839668177e+01,5.117197096287144475e+00
3.752786510431552358e+01,4.964967278435978848e+00
3.754787082023435119e+01,5.154593469946909146e+00
3.756787653615319300e+01,4.592612970774813341e+00
3.758788225207202061e+01,4.535489773672601643e+00
3.760788796799085532e+01,4.616833017053238564e+00
3.762789368390969003e+01,4.368389456844392171e+00
3.764789939982852474e+01,3.566056052621971340e+00
3.766790511574735945e+01,3.846387600834531906e+00
3.768791083166618705e+01,3.519368539424638342e+00
3.770791654758502887e+01,4.192916467676853109e+00
3.772792226350385647e+01,3.601336645990928620e+00
3.774792797942269829e+01,3.745712846482460279e+00
3.776793369534152589e+01,3.651596828190848854e+00
3.778793941126036060e+01,3.037259459308875087e+00
3.780794512717919531e+01,3.144487902648787525e+00
3.782795084309803002e+01,3.289675165979033977e+00
3.784795655901686473e+01,3.273092414067570122e+00
3.786796227493569234e+01,3.976669462111894759e+00
3.788796799085453415e+01,2.996659627064016451e+00
3.790797370677336176e+01,3.651127012441312214e+00
3.792797942269220357e+01,2.936454168235526296e+00
3.794798513861103118e+01,3.236618306943197076e+00
3.796799085452986589e+01,3.634665942251137594e+00
3.798799657044870060e+01,3.430577975152049763e+00
3.800800228636753531e+01,3.462098590295833223e+00
3.802800800228637002e+01,3.368454311747136387e+00
3.804801371820520473e+01,3.735806670448538203e+00
3.806801943412403944e+01,4.159035865502530349e+00
3.808802515004286704e+01,3.339814529788174280e+00
3.810803086596170886e+01,3.070160530761706585e+00
3.812803658188053646e+01,3.480795715222450681e+00
3.814804229779937117e+01,4.124305446052097146e+00
3.816804801371820588e+01,3.732975405613579767e+00
3.818805372963704059e+01,2.985214984574974917e+00
3.820805944555587530e+01,3.006480741145330704e+00
3.822806516147471001e+01,3.416823509520888980e+00
3.824807087739354472e+01,3.411857889637258445e+00
3.826807659331237232e+01,3.102163237375898053e+00
3.828808230923121414e+01,3.608280922227233400e+00
3.830808802515004174e+01,4.213231568171064367e+00
3.832809374106888356e+01,3.380140745218945142e+00
3.834809945698771116e+01,3.829167483168025132e+00
3.836810517290654587e+01,3.929875628442756064e+00
3.838811088882538058e+01,3.933297111916571609e+00
3.840811660474421529e+01,3.843224168391762063e+00
3.842812232066305000e+01,3.370545032201154534e+00
3.844812803658187761e+01,4.240496132845833266e+00
3.846813375250071942e+01,3.612187173274235885e+00
3.848813946841954703e+01,4.129815355218759976e+00
3.850814518433838884e+01,3.734566974249417193e+00
3.852815090025721645e+01,4.246918400543394867e+00
3.854815661617605116e+01,4.101141576463734673e+00
3.856816233209488587e+01,3.983878400693793953e+00
3.858816804801372058e+01,3.194278607121094460e+00
3.860817376393255529e+01,3.960212895589866999e+00
3.862817947985138289e+01,4.358906940115027773e+00
3.864818519577022471e+01,4.538123527353336684e+00
3.866819091168905231e+01,4.144594894914023442e+00
3.868819662760789413e+01,3.829078059477910578e+00
3.870820234352672173e+01,3.962166311247663941e+00
3.872820805944555644e+01,4.588332552297131883e+00
3.874821377536439115e+01,4.763158741459601053e+00
3.876821949128322586e+01,4.973089712443735877e+00
3.878822520720206057e+01,5.331710976896044230e+00
3.880823092312088818e+01,5.058541740390923636e+00
3.882823663903972999e+01,4.882079476416016917e+00
3.884824235495855760e+01,5.112084513612172643e+00
3.886824807087739941e+01,5.327173120939756146e+00
3.888825378679622702e+01,6.086046461183951983e+00
3.890825950271506173e+01,5.143788826158814054e+00
3.892826521863389644e+01,5.400622974482168104e+00
3.894827093455273115e+01,6.175284406375991964e+00
3.896827665047156586e+01,5.971413419481104157e+00
3.898828236639040057e+01,6.069657554475266892e+00
3.900828808230923528e+01,5.184578748363883882e+00
3.902829379822806288e+01,5.320842169019166512e+00
3.904829951414690470e+01,5.744145811142451485e+00
3.906830523006573230e+01,6.330452111257292458e+00
3.908831094598456701e+01,6.167963160677608414e+00
3.910831666190340172e+01,5.516388371923552469e+00
3.912832237782223643e+01,5.307737786820206694e+00
3.914832809374107114e+01,6.194610467294532796e+00
3.916833380965990585e+01,6.574631246541230212e+00
3.918833952557874056e+01,6.067100406059332762e+00
3.920834524149756817e+01,5.746729228072954498e+00
3.922835095741640998e+01,5.192828290870982855e+00
3.924835667333523759e+01,5.328060697322381856e+00
3.926836238925407940e+01,4.826237709518036212e+00
3.928836810517290701e+01,4.594463988747127914e+00
3.930837382109174172e+01,5.097640231892820672e+00
3.932837953701057643e+01,4.011096947819696723e+00
3.934838525292941114e+01,4.451341637815080965e+00
3.936839096884824585e+01,5.103173119728332985e+00
3.938839668476707345e+01,4.543835489249865134e+00
3.940840240068591527e+01,3.866325508117813392e+00
3.942840811660474287e+01,4.525261629237178340e+00
3.944841383252358469e+01,3.324343387089411905e+00
3.946841954844241229e+01,3.987105319002301584e+00
3.948842526436124700e+01,4.540341584016530874e+00
3.950843098028008171e+01,3.967951107420913726e+00
3.952843669619891642e+01,3.258806344335852145e+00
3.954844241211775113e+01,3.359212690385412259e+00
3.956844812803657874e+01,3.968979658344972794e+00
3.958845384395542055e+01,4.745597691249478167e+00
3.960845955987424816e+01,3.685062923256407164e+00
3.962846527579308997e+01,4.189025882217750407e+00
3.964847099171191758e+01,5.125782338640036073e+00
3.966847670763075229e+01,3.953911706804090098e+00
3.968848242354958700e+01,3.735824247433276568e+00
3.970848813946842171e+01,5.120546448829517594e+00
3.972849385538725642e+01,5.122756463701736429e+00
3.974849957130608402e+01,5.387486148158228794e+00
3.976850528722492584e+01,3.999581717871134146e+00
3.978851100314375344e+01,5.562756163954238886e+00
3.980851671906259526e+01,6.148366116262588221e+00
3.982852243498142286e+01,6.475861761153639762e+00
3.984852815090025757e+01,4.797192642865257817e+00
3.986853386681909228e+01,5.985743059491683837e+00
3.988853958273792699e+01,7.184884629436096404e+00
3.990854529865676170e+01,6.442359758954687265e+00
3.992855101457559641e+01,4.880572973552743221e+00
3.994855673049443112e+01,6.488388817833333988e+00
3.996856244641325873e+01,7.045161485958853831e+00
3.998856816233210054e+01,7.324055346768226116e+00
4.000857387825092815e+01,4.018765908101999962e+00
4.002857959416976286e+01,5.906592563471098956e+00
4.004858531008859757e+01,7.329593081421215572e+00
4.006859102600743228e+01,6.619826183900215710e+00
4.008859674192626699e+01,3.811484556610187369e+00
4.010860245784510170e+01,6.337418185034414009e+00
4.012860817376393641e+01,6.586893895923614295e+00
4.014861388968276401e+01,6.257498195218685666e+00
4.016861960560160583e+01,3.524417931596778075e+00
4.018862532152043343e+01,5.628379493852134985e+00
4.020863103743927525e+01,6.181823964767795054e+00
4.022863675335810285e+01,5.481459529786404161e+00
4.024864246927693756e+01,3.166052252494836683e+00
4.026864818519577227e+01,4.970938703835454220e+00
4.028865390111460698e+01,4.503033966916512476e+00
4.030865961703344169e+01,4.415786342768619477e+00
4.032866533295226930e+01,4.365230936140179097e+00
4.034867104887111111e+01,4.718162142262878334e+00
4.036867676478993872e+01,4.872717223653825869e+00
4.038868248070878053e+01,4.919348956713140097e+00
4.040868819662760814e+01,4.964996021870183185e+00
4.042869391254644285e+01,4.518483514779308763e+00
4.044869962846527756e+01,5.125435420200011194e+00
4.046870534438411227e+01,5.733827054956083025e+00
4.048871106030294698e+01,5.457958848191060142e+00
4.050871677622177458e+01,4.943237312196179900e+00
4.052872249214061640e+01,5.594975957742779116e+00
4.054872820805944400e+01,5.886345717204592098e+00
4.056873392397828582e+01,6.313257277936489942e+00
4.058873963989711342e+01,6.304729564955461107e+00
4.060874535581594813e+01,6.636523646887914296e+00
4.062875107173478284e+01,7.110264676439619791e+00
4.064875678765361755e+01,6.859642081885157339e+00
4.066876250357245226e+01,7.208425043778282415e+00
4.068876821949127986e+01,7.166699917273195553e+00
4.070877393541012168e+01,7.037002150677556855e+00
4.072877965132894929e+01,7.414920106916252251e+00
4.074878536724779110e+01,7.379922020336886490e+00
4.076879108316661871e+01,6.964780649148321956e+00
4.078879679908545342e+01,7.312741976677313183e+00
4.080880251500428813e+01,7.521435762869064234e+00
4.082880823092312284e+01,7.254951512002008940e+00
4.084881394684195755e+01,6.508192196323511425e+00
4.086881966276079226e+01,5.854130057823815569e+00
4.088882537867962697e+01,6.031477116260742122e+00
4.090883109459845457e+01,6.574112323514034628e+00
4.092883681051729639e+01,5.280194845780914470e+00
4.094884252643612399e+01,5.308341539330339032e+00
4.096884824235495870e+01,5.460659633611943065e+00
4.098885395827379341e+01,5.375172933218786753e+00
4.100885967419262812e+01,4.827525159063115190e+00
4.102886539011146283e+01,5.107667747356094523e+00
4.104887110603029754e+01,3.854175431537163909e+00
4.106887682194913225e+01,4.565869256497999906e+00
4.108888253786795985e+01,4.310466150019944820e+00
4.110888825378680167e+01,3.417240144848938677e+00
4.112889396970562927e+01,3.883477222511675819e+00
4.114889968562447109e+01,3.544168671672548232e+00
4.116890540154329869e+01,3.999675943212589679e+00
4.118891111746213340e+01,3.665149081065525838e+00
4.120891683338096811e+01,2.914247455896749273e+00
4.122892254929980282e+01,3.350561473042208860e+00
4.124892826521863753e+01,3.958548622109555382e+00
4.126893398113746514e+01,4.077373880537409789e+00
4.128893969705630695e+01,3.501942411381704368e+00
4.130894541297513456e+01,3.457684620130260011e+00
4.132895112889397637e+01,3.497410292875584581e+00
4.134895684481280398e+01,3.224047704747064369e+00
4.136896256073163869e+01,3.334766751602344925e+00
4.138896827665047340e+01,3.044745827372350888e+00
4.140897399256930811e+01,3.578285742052484508e+00
4.142897970848814282e+01,3.539936879259602431e+00
4.144898542440697042e+01,3.182946205079147717e+00
4.146899114032581224e+01,3.761593084187664360e+00
4.148899685624463984e+01,3.394600497366361047e+00
4.150900257216348166e+01,3.582991920747722325e+00
4.152900828808230926e+01,2.883871966054969871e+00
4.154901400400114397e+01,3.308006058238383673e+00
4.156901971991997868e+01,3.506443496893360212e+00
4.158902543583881339e+01,3.497933007952345630e+00
4.160903115175764810e+01,3.547010455495915870e+00
4.162903686767647571e+01,2.963563096992861912e+00
4.164904258359531752e+01,2.998616938262949283e+00
4.166904829951414513e+01,3.871478870250844473e+00
4.168905401543298694e+01,3.610521490413366230e+00
4.170905973135181455e+01,3.335511432287026956e+00
4.172906544727064926e+01,2.884407257592823903e+00
4.174907116318948397e+01,4.217674055746844175e+00
4.176907687910831868e+01,3.446762670312433219e+00
4.178908259502715339e+01,3.541665127916565403e+00
4.180908831094598810e+01,2.776203004163522170e+00
4.182909402686482281e+01,3.338185638252555876e+00
4.184909974278365041e+01,3.482490529620095643e+00
4.186910545870249223e+01,3.363921503867965512e+00
4.188911117462131983e+01,3.467054994316213445e+00
4.190911689054015454e+01,3.440790162380936934e+00
4.192912260645898925e+01,3.360178417731297440e+00
4.194912832237782396e+01,3.533264510372239542e+00
4.196913403829665867e+01,3.122417526193199233e+00
4.198913975421549338e+01,3.963787373546062476e+00
4.200914547013432809e+01,2.824159480676876832e+00
4.202915118605316280e+01,3.268384077756743444e+00
4.204915690197199041e+01,3.669273209052424711e+00
4.206916261789082512e+01,3.665062250289227386e+00
4.208916833380965983e+01,3.265554927527409390e+00
4.210917404972849454e+01,3.574306105992376636e+00
4.212917976564732925e+01,3.788083241274912805e+00
4.214918548156616396e+01,3.665173177052142961e+00
4.216919119748499867e+01,3.154579091006383784e+00
4.218919691340383338e+01,4.083884925896417606e+00
4.220920262932266809e+01,3.441550009974073454e+00
4.222920834524150280e+01,3.399822980650889281e+00
4.224921406116033040e+01,3.126221250796227924e+00
4.226921977707916511e+01,3.437498878331420649e+00
4.228922549299799982e+01,2.711467878010220378e+00
4.230923120891683453e+01,4.145760933706689855e+00
4.232923692483566924e+01,3.759934100184085803e+00
4.234924264075450395e+01,3.282700847031279512e+00
4.236924835667333866e+01,3.959861969228275491e+00
4.238925407259217337e+01,3.419633468318712843e+00
4.240925978851100808e+01,3.447762580484385886e+00
4.242926550442983569e+01,3.347878395129121998e+00
4.244927122034867040e+01,3.569562667391239064e+00
4.246927693626750511e+01,4.275607868045490534e+00
4.248928265218633982e+01,3.913157554900498880e+00
4.250928836810517453e+01,3.820281075188521669e+00
4.252929408402400924e+01,3.112752749496089599e+00
4.254929979994284395e+01,3.500754915112855858e+00
4.256930551586167866e+01,3.326635064585340196e+00
4.258931123178051337e+01,3.655862950390959210e+00
4.260931694769934097e+01,3.699308477421489272e+00
4.262932266361817568e+01,3.392375171211107876e+00
4.264932837953701039e+01,3.399552753725479270e+00
4.266933409545584510e+01,3.700768741338333889e+00
4.268933981137467981e+01,3.408304056233134371e+00
4.270934552729351452e+01,3.068001849156109628e+00
4.272935124321234923e+01,3.406917791990079714e+00
4.274935695913118394e+01,3.542035856318901388e+00
4.276936267505001865e+01,3.459619899915834740e+00
4.278936839096885336e+01,3.493754701755686476e+00
4.280937410688768097e+01,3.936926190365492406e+00
4.282937982280651568e+01,3.763067314315886591e+00
4.284938553872535039e+01,3.890205974960332380e+00
4.286939125464418510e+01,3.678609916150523240e+00
4.288939697056301981e+01,3.849013418409968246e+00
4.290940268648185452e+01,4.173662249525635914e+00
4.292940840240068923e+01,3.798168279142656090e+00
4.294941411831952394e+01,3.992908432889825221e+00
4.296941983423835865e+01,4.171837503258426949e+00
4.298942555015718625e+01,4.294449764620191345e+00
4.300943126607602096e+01,3.422998848747585754e+00
4.302943698199485567e+01,3.275807877629321130e+00
4.304944269791369038e+01,4.096830677244083674e+00
4.306944841383252509e+01,4.245667282950266852e+00
4.308945412975135980e+01,3.657697803645853618e+00
4.310945984567019451e+01,3.267370634501746363e+00
4.312946556158902922e+01,4.018700006342491804e+00
4.314947127750786393e+01,3.408221662156409426e+00
4.316947699342669864e+01,4.030808147498772698e+00
4.318948270934552625e+01,4.164539280618186901e+00
4.320948842526436096e+01,4.474361422742241245e+00
4.322949414118319567e+01,4.319421041565632002e+00
4.324949985710203038e+01,3.668169842415568205e+00
4.326950557302086509e+01,3.478032053632633680e+00
4.328951128893969980e+01,4.038993143498110783e+00
4.330951700485853451e+01,4.098081616202099653e+00
4.332952272077736922e+01,3.931833890374766050e+00
4.334952843669620393e+01,3.792974319437508512e+00
4.336953415261503153e+01,3.941183794794836270e+00
4.338953986853386624e+01,3.834955377122557074e+00
4.340954558445270095e+01,3.546912589506768132e+00
4.342955130037153566e+01,3.691664295431342335e+00
4.344955701629037037e+01,4.734884739122973585e+00
4.346956273220920508e+01,3.285464894489427579e+00
4.348956844812803979e+01,3.410885824532725152e+00
4.350957416404687450e+01,3.766029647126016400e+00
4.352957987996570921e+01,3.962483966468698604e+00
4.354958559588453681e+01,4.358471687942545358e+00
4.356959131180337153e+01,4.024032247526060146e+00
4.358959702772220624e+01,4.097163493739726547e+00
4.360960274364104095e+01,4.147491694146850705e+00
4.362960845955987566e+01,4.353439192100767130e+00
4.364961417547871037e+01,3.606884314749971843e+00
4.366961989139754508e+01,4.487502302337667004e+00
4.368962560731637979e+01,3.744415340974130313e+00
4.370963132323521450e+01,4.732294716821851210e+00
4.372963703915404921e+01,3.723437965176243036e+00
4.374964275507287681e+01,3.780886317232472482e+00
4.376964847099171152e+01,4.242519422738666890e+00
4.378965418691054623e+01,5.465651225531850343e+00
4.380965990282938094e+01,4.768085222300713966e+00
4.382966561874821565e+01,5.533594331765899099e+00
4.384967133466705036e+01,6.184291890080332088e+00
4.386967705058588507e+01,6.073687012696943555e+00
4.388968276650471978e+01,5.975740158012440517e+00
4.390968848242355449e+01,6.962482187992058869e+00
4.392969419834238209e+01,7.535939333877843538e+00
4.394969991426121680e+01,7.601395471131306536e+00
4.396970563018005151e+01,8.495083734155933541e+00
4.398971134609888622e+01,9.357338350557512285e+00
4.400971706201772093e+01,1.000567336987782951e+01
4.402972277793655564e+01,1.094849261060322831e+01
4.404972849385539035e+01,1.181840574247116749e+01
4.406973420977422506e+01,1.190572687484821657e+01
4.408973992569305977e+01,1.400489011720828714e+01
4.410974564161189448e+01,1.457657787135923044e+01
4.412975135753072209e+01,1.606916312334528030e+01
4.414975707344955680e+01,1.697433902641505199e+01
4.416976278936839151e+01,1.881566982804859478e+01
4.418976850528722622e+01,1.872677788783462205e+01
4.420977422120606093e+01,2.012923520814059231e+01
4.422977993712489564e+01,2.080180710134989042e+01
4.424978565304373035e+01,2.231233097639239560e+01
4.426979136896256506e+01,2.394358882205147410e+01
4.428979708488139977e+01,2.331088135643422632e+01
4.430980280080022737e+01,2.449311984352377891e+01
4.432980851671906208e+01,2.455214046312261189e+01
4.434981423263789679e+01,2.515961228085804180e+01
4.436981994855673150e+01,2.468569826721175531e+01
4.438982566447556621e+01,2.417280212384537563e+01
4.440983138039440092e+01,2.370425559859440412e+01
4.442983709631323563e+01,2.150109888355009957e+01
4.444984281223207034e+01,2.138486012360978350e+01
4.446984852815090505e+01,1.967464152874580208e+01
4.448985424406973266e+01,1.926485898704878963e+01
4.450985995998856737e+01,1.795497583857479995e+01
4.452986567590740208e+01,1.758748864009072577e+01
4.454987139182623679e+01,1.615728700023821673e+01
4.456987710774507150e+01,1.526279478249356103e+01
4.458988282366390621e+01,1.516035002342130866e+01
4.460988853958274092e+01,1.511634465533238370e+01
4.462989425550157563e+01,1.456339430594537987e+01
4.464989997142041034e+01,1.403190470044366478e+01
4.466990568733924505e+01,1.484276186449188017e+01
4.468991140325807265e+01,1.525293379898417179e+01
4.470991711917690736e+01,1.564701224447457051e+01
4.472992283509574207e+01,1.604329828631772159e+01
4.474992855101457678e+01,1.666618278945987797e+01
4.476993426693341149e+01,1.663200519064778149e+01
4.478993998285224620e+01,1.797048950199309303e+01
4.480994569877108091e+01,1.838722413296749281e+01
4.482995141468991562e+01,1.871617216053600075e+01
4.484995713060875033e+01,1.908117726848745477e+01
4.486996284652757794e+01,1.988134554242506624e+01
4.488996856244641265e+01,1.860753268149635886e+01
4.490997427836524736e+01,1.841805527625893291e+01
4.492997999428408207e+01,1.929718864341672457e+01
4.494998571020291678e+01,1.874674490610514965e+01
4.496999142612175149e+01,1.726785294356449185e+01
4.498999714204058620e+01,1.694993192695942952e+01
4.501000285795942091e+01,1.681330918878653335e+01
4.503000857387825562e+01,1.551277988310437017e+01
4.505001428979709033e+01,1.428925373438667634e+01
4.507002000571591793e+01,1.404043426207657497e+01
4.509002572163475264e+01,1.271429951839832562e+01
4.511003143755358735e+01,1.250030976776518443e+01
4.513003715347242206e+01,1.217263021310280813e+01
4.515004286939125677e+01,1.038210221014120194e+01
4.517004858531009148e+01,1.071257856252272767e+01
4.519005430122892619e+01,9.562327314711929205e+00
4.521006001714776090e+01,9.288825318770880912e+00
4.523006573306659561e+01,8.898214887040854393e+00
4.525007144898542322e+01,8.503699872823258232e+00
4.527007716490425793e+01,8.743210925559944613e+00
4.529008288082309264e+01,8.273051224956599725e+00
4.531008859674192735e+01,7.911686102497213824e+00
4.533009431266076206e+01,8.279896641391740530e+00
4.535010002857959677e+01,7.817708140949918949e+00
4.537010574449843148e+01,7.709364462297071618e+00
4.539011146041726619e+01,6.738354142872013952e+00
4.541011717633610090e+01,7.236952706793369217e+00
4.543012289225492850e+01,6.089096082117052333e+00
4.545012860817376321e+01,7.066976191310860855e+00
4.547013432409259792e+01,5.671406283229035949e+00
4.549014004001143263e+01,5.886541325043659789e+00
4.551014575593026734e+01,6.142144540743275094e+00
4.553015147184910205e+01,5.074793666566682404e+00
4.555015718776793676e+01,5.332081870941470569e+00
4.557016290368677147e+01,5.781146818995347658e+00
4.559016861960560618e+01,5.236176777476682531e+00
4.561017433552444089e+01,4.596298428969251226e+00
4.563018005144326850e+01,4.352797830807737967e+00
4.565018576736210321e+01,4.732221079502765271e+00
4.567019148328093792e+01,4.588198433668432052e+00
4.569019719919977263e+01,4.315634072262234611e+00
4.571020291511860734e+01,3.875030469535581723e+00
4.573020863103744205e+01,4.611009686977148192e+00
4.575021434695627676e+01,3.681310675238847807e+00
4.577022006287511147e+01,4.177609903753142895e+00
4.579022577879394618e+01,3.060270601641895460e+00
4.581023149471277378e+01,4.161755688393168562e+00
4.583023721063160849e+01,3.108096395536941614e+00
4.585024292655044320e+01,3.796671139935219319e+00
4.587024864246927791e+01,3.148904544093371172e+00
4.589025435838811262e+01,3.775151744961112499e+00
4.591026007430694733e+01,3.791060884659094299e+00
4.593026579022578204e+01,3.606356674866588730e+00
4.595027150614461675e+01,3.564393833940636469e+00
4.597027722206345146e+01,3.505003276004009294e+00
4.599028293798228617e+01,4.142839769646767145e+00
4.601028865390111378e+01,3.485681715145443338e+00
4.603029436981994849e+01,3.700305163957441579e+00
4.605030008573878320e+01,3.380140684299490328e+00
4.607030580165761791e+01,3.850023712766751594e+00
4.609031151757645262e+01,3.554982670511970699e+00
4.611031723349528733e+01,3.565936243041412546e+00
4.613032294941412204e+01,3.174399057558586978e+00
4.615032866533295675e+01,3.613224432214534598e+00
4.617033438125179146e+01,3.490314839341002173e+00
4.619034009717061906e+01,3.850152981630417415e+00
4.621034581308945377e+01,3.771808764370293332e+00
4.623035152900828848e+01,3.762044186030055304e+00
4.625035724492712319e+01,3.707952199726010978e+00
4.627036296084595790e+01,3.291743818902262309e+00
4.629036867676479261e+01,3.086163244530593541e+00
4.631037439268362732e+01,4.105684945912514650e+00
4.633038010860246203e+01,3.819142252077644795e+00
4.635038582452129674e+01,3.730559688930463302e+00
4.637039154044012434e+01,3.378534091671882678e+00
4.639039725635895905e+01,3.453789718404505216e+00
4.641040297227779376e+01,3.571622130834895881e+00
4.643040868819662847e+01,3.500752878466006024e+00
4.645041440411546319e+01,3.661686481034569951e+00
4.647042012003429790e+01,3.215100260172512936e+00
4.649042583595313261e+01,4.062460704974295567e+00
4.651043155187196732e+01,3.942808481537322329e+00
4.653043726779080203e+01,4.498036155083516618e+00
4.655044298370963674e+01,3.385711472466065075e+00
4.657044869962846434e+01,4.729118316615818607e+00
4.659045441554729905e+01,3.813908751877911119e+00
4.661046013146613376e+01,4.975683629695621946e+00
4.663046584738496847e+01,4.020743285131819000e+00
4.665047156330380318e+01,4.519717634629889069e+00
4.667047727922263789e+01,4.656186597020535167e+00
4.669048299514147260e+01,4.060179247141229908e+00
4.671048871106030731e+01,4.616251298694140637e+00
4.673049442697914202e+01,4.458985427466895857e+00
4.675050014289796962e+01,4.185928562204407122e+00
4.677050585881680433e+01,5.091931279209946482e+00
4.679051157473563904e+01,4.521451692756787821e+00
4.681051729065447375e+01,4.685746279709375628e+00
4.683052300657330846e+01,4.644381197326786115e+00
4.685052872249214317e+01,5.119776038705072807e+00
4.687053443841097788e+01,4.470746467168197569e+00
4.689054015432981259e+01,4.532031862255534449e+00
4.691054587024864730e+01,4.852600736261551972e+00
4.693055158616748201e+01,5.158683719565482662e+00
4.695055730208630962e+01,5.322054850765496781e+00
4.697056301800514433e+01,4.903843488775939896e+00
4.699056873392397904e+01,4.608874922697314247e+00
4.701057444984281375e+01,5.463570102813530838e+00
4.703058016576164846e+01,4.556233211649899140e+00
4.705058588168048317e+01,5.104340352845198936e+00
4.707059159759931788e+01,4.826014665797893066e+00
4.709059731351815259e+01,4.451637610314260307e+00
4.711060302943698730e+01,5.147621757140540488e+00
4.713060874535581490e+01,4.316149358747646048e+00
4.715061446127464961e+01,5.126699060038010458e+00
4.717062017719348432e+01,4.465638431993269819e+00
4.719062589311231903e+01,3.713727655370973491e+00
4.721063160903115374e+01,4.380716803990850394e+00
4.723063732494998845e+01,4.584029115669847165e+00
4.725064304086882316e+01,4.158849251405370318e+00
4.727064875678765787e+01,4.525481665803313014e+00
4.729065447270649258e+01,4.051562115730269475e+00
4.731066018862532019e+01,3.737311374717733337e+00
4.733066590454415490e+01,3.849433171171278367e+00
4.735067162046298961e+01,3.377567923399626970e+00
4.737067733638182432e+01,2.945998407289430965e+00
4.739068305230065903e+01,3.771973723752068075e+00
4.741068876821949374e+01,3.337426432628765038e+00
4.743069448413832845e+01,2.877637248074855769e+00
4.745070020005716316e+01,3.815229665491265187e+00
4.747070591597599787e+01,4.014673583339656737e+00
4.749071163189483258e+01,3.538566462651034694e+00
4.751071734781366018e+01,3.482266856159358159e+00
4.753072306373249489e+01,3.825950105903750398e+00
4.755072877965132960e+01,3.404560340588144829e+00
4.757073449557016431e+01,3.945876370865062377e+00
4.759074021148899902e+01,3.176159832498818059e+00
4.761074592740783373e+01,3.325326944183942590e+00
4.763075164332666844e+01,3.049979567607044917e+00
4.765075735924550315e+01,3.985708678991744414e+00
4.767076307516433786e+01,3.145954501322993480e+00
4.769076879108316547e+01,3.230670809238938457e+00
4.771077450700200018e+01,3.530931144974599256e+00
4.773078022292083489e+01,3.705593300416178959e+00
4.775078593883966960e+01,3.823325720243573311e+00
4.777079165475850431e+01,3.104203469175059293e+00
4.779079737067733902e+01,3.283315819403477054e+00
4.781080308659617373e+01,2.957042212881566101e+00
4.783080880251500844e+01,3.264931288408368548e+00
4.785081451843384315e+01,3.571567301216666657e+00
4.787082023435267075e+01,4.075401698552329144e+00
4.789082595027150546e+01,4.328771127468804103e+00
4.791083166619034017e+01,3.889581583082161398e+00
4.793083738210917488e+01,3.220560028334541691e+00
4.795084309802800959e+01,2.763812207201403748e+00
4.797084881394684430e+01,3.022791853667775808e+00
4.799085452986567901e+01,3.374957226113654229e+00
4.801086024578451372e+01,2.828694160555497827e+00
4.803086596170334843e+01,4.000357090671142757e+00
4.805087167762218314e+01,2.682659190735453780e+00
4.807087739354101075e+01,4.250111039655151579e+00
4.809088310945984546e+01,3.738791243291226696e+00
4.811088882537868017e+01,3.475267967544957148e+00
4.813089454129751488e+01,3.877235406805398910e+00
4.815090025721634959e+01,3.346875407002329439e+00
4.817090597313518430e+01,3.184582062701842187e+00
4.819091168905401901e+01,3.322939271111173376e+00
4.821091740497285372e+01,3.530001907392046334e+00
4.823092312089168843e+01,3.095758520152429139e+00
4.825092883681051603e+01,3.767006824119920605e+00
4.827093455272935074e+01,3.467740489366835988e+00
4.829094026864818545e+01,3.184825311936660075e+00
4.831094598456702016e+01,3.243179212870209049e+00
4.833095170048585487e+01,3.589085041118610597e+00
4.835095741640468958e+01,3.682156322910101309e+00
4.837096313232352429e+01,3.490290067823269116e+00
4.839096884824235900e+01,2.795553368182867260e+00
4.841097456416119371e+01,3.614150519927548100e+00
4.843098028008002842e+01,3.534035063822954292e+00
4.845098599599885603e+01,3.140448218711571204e+00
4.847099171191769074e+01,3.636119448255460185e+00
4.849099742783652545e+01,3.916782860143645628e+00
4.851100314375536016e+01,3.456333427613406784e+00
4.853100885967419487e+01,4.064927307097095266e+00
4.855101457559302958e+01,4.002481316233078346e+00
4.857102029151186429e+01,4.456119600856474072e+00
4.859102600743069900e+01,3.670290292302764712e+00
4.861103172334953371e+01,4.046970585657470920e+00
4.863103743926836131e+01,4.579739817388039036e+00
4.865104315518719602e+01,4.240872454694587290e+00
4.867104887110603073e+01,3.633939455599247914e+00
4.869105458702486544e+01,4.209010027556625566e+00
4.871106030294370015e+01,4.430157792794299887e+00
4.873106601886253486e+01,4.363492539560088090e+00
4.875107173478136957e+01,4.979611339819797422e+00
4.877107745070020428e+01,5.286811883542610779e+00
4.879108316661903899e+01,5.128561294928561054e+00
4.881108888253786660e+01,4.990646059487644948e+00
4.883109459845670131e+01,5.856780096838508420e+00
4.885110031437553602e+01,5.935756862838072578e+00
4.887110603029437073e+01,6.453910357160719258e+00
4.889111174621320544e+01,6.606803169259762853e+00
4.891111746213204015e+01,8.125435200389064860e+00
4.893112317805087486e+01,8.051809399572146475e+00
4.895112889396970957e+01,9.311390983649323161e+00
4.897113460988854428e+01,9.345685889381188716e+00
4.899114032580737899e+01,1.063687985744504161e+01
4.901114604172620659e+01,1.163049463038181308e+01
4.903115175764504130e+01,1.164059639216118036e+01
4.905115747356387601e+01,1.335964741107562759e+01
4.907116318948271072e+01,1.421928957763729962e+01
4.909116890540154543e+01,1.447030119984527374e+01
4.911117462132038014e+01,1.504932066999024798e+01
4.913118033723921485e+01,1.593169866932001000e+01
4.915118605315804956e+01,1.661310587492304336e+01
4.917119176907688427e+01,1.626522581645708598e+01
4.919119748499571187e+01,1.687898750965307215e+01
4.921120320091454658e+01,1.622609439014014043e+01
4.923120891683338129e+01,1.742372405113430744e+01
4.925121463275221600e+01,1.599353466880261365e+01
4.927122034867105071e+01,1.654012780707343921e+01
4.929122606458988542e+01,1.484079199982828534e+01
4.931123178050872014e+01,1.448263796286715177e+01
4.933123749642755485e+01,1.379799062168293489e+01
4.935124321234638956e+01,1.214045680416294815e+01
4.937124892826522427e+01,1.119399606180331475e+01
4.939125464418405187e+01,1.070787394789981661e+01
4.941126036010288658e+01,9.445293054197417604e+00
4.943126607602172129e+01,8.738334570375464239e+00
4.945127179194055600e+01,8.263756566771046863e+00
4.947127750785939071e+01,7.892678738173412256e+00
4.949128322377822542e+01,7.198483565570265696e+00
4.951128893969706013e+01,6.566788710297529974e+00
4.953129465561589484e+01,6.462122543367259553e+00
4.955130037153472955e+01,6.575082079155656345e+00
4.957130608745355715e+01,6.040006927602287412e+00
4.959131180337239186e+01,5.418220570547587656e+00
4.961131751929122657e+01,5.489067537737210678e+00
4.963132323521006128e+01,6.316674981373198605e+00
4.965132895112889599e+01,6.068019783255723887e+00
4.967133466704773070e+01,6.389181897218289663e+00
4.969134038296656541e+01,6.414743397078277454e+00
4.971134609888540012e+01,5.909871418438264357e+00
4.973135181480423483e+01,7.475499661594332323e+00
4.975135753072306244e+01,6.364818139538401809e+00
4.977136324664189715e+01,7.443772303616692732e+00
4.979136896256073186e+01,6.926637650015473824e+00
4.981137467847956657e+01,7.371303466305024088e+00
4.983138039439840128e+01,8.094415570742560462e+00
4.985138611031723599e+01,7.582788468390601722e+00
4.987139182623607070e+01,7.128716088364996040e+00
4.989139754215490541e+01,7.413338806250393986e+00
4.991140325807374012e+01,7.503381108383720743e+00
4.993140897399257483e+01,8.535588121308872900e+00
4.995141468991140243e+01,6.887787011907800405e+00
4.997142040583023714e+01,7.081431380313927271e+00
4.999142612174907185e+01,7.457391972300625227e+00
5.001143183766790656e+01,7.037492153115914029e+00
5.003143755358674127e+01,7.379451850755698317e+00
5.005144326950557598e+01,7.344013261369616075e+00
5.007144898542441069e+01,6.457566729665765948e+00
5.009145470134324540e+01,6.511640268845886759e+00
5.011146041726208011e+01,6.740602745832650733e+00
5.013146613318090772e+01,6.918954378177483377e+00
5.015147184909974243e+01,7.070792826929278796e+00
5.017147756501857714e+01,6.965510942535519057e+00
5.019148328093741185e+01,7.120384386213357786e+00
5.021148899685624656e+01,6.892770485935031388e+00
5.023149471277508127e+01,6.289472399691888427e+00
5.025150042869391598e+01,7.280748452044489838e+00
5.027150614461275069e+01,7.057146657127717049e+00
5.029151186053158540e+01,7.094719119009153196e+00
5.031151757645042011e+01,6.932070707059031278e+00
5.033152329236924771e+01,7.768789327484306284e+00
5.035152900828808242e+01,6.982254206995243351e+00
5.037153472420691713e+01,6.612629516272929386e+00
5.039154044012575184e+01,6.971747226304847445e+00
5.041154615604458655e+01,7.104635096144164663e+00
5.043155187196342126e+01,7.259833077162195281e+00
5.045155758788225597e+01,7.156823549799348427e+00
5.047156330380109068e+01,7.283658788564400410e+00
5.049156901971992539e+01,6.570179281774377600e+00
5.051157473563875300e+01,5.888091642815031612e+00
5.053158045155758771e+01,6.186919283875777609e+00
5.055158616747642242e+01,6.638800789183534334e+00
5.057159188339525713e+01,6.454496144297484861e+00
5.059159759931409184e+01,6.009142590208833568e+00
5.061160331523292655e+01,6.519686942560967147e+00
5.063160903115176126e+01,6.756223376298708061e+00
5.065161474707059597e+01,6.557736058495001963e+00
5.067162046298943068e+01,5.766945344996003087e+00
5.069162617890825828e+01,5.692451175871280356e+00
5.071163189482709299e+01,4.586208430117233448e+00
5.073163761074592770e+01,5.064723573816961810e+00
5.075164332666476241e+01,4.606748798310009718e+00
5.077164904258359712e+01,4.316614317225050179e+00
5.079165475850243183e+01,4.678208116405781603e+00
5.081166047442126654e+01,3.924634054208694600e+00
5.083166619034010125e+01,4.417317364142164138e+00
5.085167190625893596e+01,4.269020187619325668e+00
5.087167762217777067e+01,4.464566263753213526e+00
5.089168333809659828e+01,4.642693962956521148e+00
5.091168905401543299e+01,4.595868957664853482e+00
5.093169476993426770e+01,4.342350397506993254e+00
5.095170048585310241e+01,5.290542489891151945e+00
5.097170620177193712e+01,4.697796622380550957e+00
5.099171191769077183e+01,5.514219031915418512e+00
5.101171763360960654e+01,5.230765108315607925e+00
5.103172334952844125e+01,5.726120992773764407e+00
5.105172906544727596e+01,6.340177997240365571e+00
5.107173478136610356e+01,6.891476078711828990e+00
5.109174049728493827e+01,6.633120428187590178e+00
5.111174621320377298e+01,6.716366907048823442e+00
5.113175192912260769e+01,7.032275561336285286e+00
5.115175764504144240e+01,7.395626536473844048e+00
5.117176336096027711e+01,8.025237047033611404e+00
5.119176907687911182e+01,7.967259207218464923e+00
5.121177479279794653e+01,8.422601824807875559e+00
5.123178050871678124e+01,8.493887240525134885e+00
5.125178622463561595e+01,8.111822612807015886e+00
5.127179194055444356e+01,8.035463699341388377e+00
5.129179765647327827e+01,8.818420750268980868e+00
5.131180337239211298e+01,8.327567494248892643e+00
5.133180908831094769e+01,8.487719957474933352e+00
5.135181480422978240e+01,7.860147246037195501e+00
5.137182052014861711e+01,8.280017455911547586e+00
5.139182623606745182e+01,7.543875543533194339e+00
5.141183195198628653e+01,7.589503786503041027e+00
5.143183766790512124e+01,6.762447754616497164e+00
5.145184338382394884e+01,5.949371601001645971e+00
5.147184909974278355e+01,5.875318334104327356e+00
5.149185481566161826e+01,6.495673551766499187e+00
5.151186053158045297e+01,6.083598477831122509e+00
5.153186624749928768e+01,5.724047425343556483e+00
5.155187196341812239e+01,5.739187702346663755e+00
5.157187767933695710e+01,5.136823276635717583e+00
5.159188339525579181e+01,4.591364373747435224e+00
5.161188911117462652e+01,4.480557110697843015e+00
5.163189482709345413e+01,4.458600032583792228e+00
5.165190054301228884e+01,4.391322088076751839e+00
5.167190625893112355e+01,4.584761891634295594e+00
5.169191197484995826e+01,4.517666008212363415e+00
5.171191769076879297e+01,3.600735299870259087e+00
5.173192340668762768e+01,3.691743884038586110e+00
5.175192912260646239e+01,4.038738300140714443e+00
5.177193483852529710e+01,4.254326675916577649e+00
5.179194055444413181e+01,4.762764538210013221e+00
5.181194627036296652e+01,3.703928677763806299e+00
5.183195198628179412e+01,4.118084176890252301e+00
5.185195770220062883e+01,4.904100226655625505e+00
5.187196341811946354e+01,3.839041215035980947e+00
5.189196913403829825e+01,4.282843391526233390e+00
5.191197484995713296e+01,5.214046689666734125e+00
5.193198056587596767e+01,4.322501955268300833e+00
5.195198628179480238e+01,4.903829760671087890e+00
5.197199199771363709e+01,4.413713438359000207e+00
5.199199771363247180e+01,4.805695650894087123e+00
5.201200342955129940e+01,5.032008440541281047e+00
5.203200914547013411e+01,4.598671892065093303e+00
5.205201486138896882e+01,4.146450757862814029e+00
5.207202057730780353e+01,4.745013461721656611e+00
5.209202629322663824e+01,4.607610849655652707e+00
5.211203200914547295e+01,4.227909434995524407e+00
5.213203772506430766e+01,4.351591493520222897e+00
5.215204344098314237e+01,3.801663986790216221e+00
5.217204915690197708e+01,4.703673573089719895e+00
5.219205487282081180e+01,3.279103725650495349e+00
5.221206058873963940e+01,3.765860787475990623e+00
5.223206630465847411e+01,4.008579893397850036e+00
5.225207202057730882e+01,3.960954127313753403e+00
5.227207773649614353e+01,3.913629071445989815e+00
5.229208345241497824e+01,3.897717386869300249e+00
5.231208916833381295e+01,4.022491336907816795e+00
5.233209488425264766e+01,3.745788932646824332e+00
5.235210060017148237e+01,4.131273389289314757e+00
5.237210631609031708e+01,4.773275143187042602e+00
5.239211203200914468e+01,4.197417432667672976e+00
5.241211774792797939e+01,4.467831303728655890e+00
5.243212346384681410e+01,4.243776993052630786e+00
5.245212917976564881e+01,4.212441094254007368e+00
5.247213489568448352e+01,4.707071530855909458e+00
5.249214061160331823e+01,4.435608574479591226e+00
5.251214632752215294e+01,5.285340103497905950e+00
5.253215204344098765e+01,4.874725887371326394e+00
5.255215775935982236e+01,4.807517365628784844e+00
5.257216347527864997e+01,5.338855002763930990e+00
5.259216919119748468e+01,4.972357307786078096e+00
5.261217490711631939e+01,5.851300456442773523e+00
5.263218062303515410e+01,6.548116974955078717e+00
5.265218633895398881e+01,6.698355632466348020e+00
5.267219205487282352e+01,6.450650085435138514e+00
5.269219777079165823e+01,6.338928822272004382e+00
5.271220348671049294e+01,6.725389132837978678e+00
5.273220920262932765e+01,6.554993422584004747e+00
5.275221491854816236e+01,7.413775842806338723e+00
5.277222063446698996e+01,7.025310428703508414e+00
5.279222635038582467e+01,7.007396948967071992e+00
5.281223206630465938e+01,7.850276548155754597e+00
5.283223778222349409e+01,6.943187264188686036e+00
5.285224349814232880e+01,7.237094073694697371e+00
5.287224921406116351e+01,6.988440012508097432e+00
5.289225492997999822e+01,7.122286028154729998e+00
5.291226064589883293e+01,6.052015010699011377e+00
5.293226636181766764e+01,6.917920813915662492e+00
5.295227207773649525e+01,7.120829366740153432e+00
5.297227779365532996e+01,6.311505639900966358e+00
5.299228350957416467e+01,6.297491179161840869e+00
5.301228922549299938e+01,5.802806936552983075e+00
5.303229494141183409e+01,5.125130949009784942e+00
5.305230065733066880e+01,5.528198530739460104e+00
5.307230637324950351e+01,4.726703309753872873e+00
5.309231208916833822e+01,5.462222398478592034e+00
5.311231780508717293e+01,4.726678490371615915e+00
5.313232352100600764e+01,4.487960994787827396e+00
5.315232923692483524e+01,4.546856176840220698e+00
5.317233495284366995e+01,4.976725690526777157e+00
5.319234066876250466e+01,4.005519344836240059e+00
5.321234638468133937e+01,3.939530541345345860e+00
5.323235210060017408e+01,4.806563010086316368e+00
5.325235781651900879e+01,3.924793176941941297e+00
5.327236353243784350e+01,4.328247421687917651e+00
5.329236924835667821e+01,4.454851413399090632e+00
5.331237496427551292e+01,3.748321283433751816e+00
5.333238068019434053e+01,3.768375521904686387e+00
5.335238639611317524e+01,3.240434802788530355e+00
5.337239211203200995e+01,3.762863821244270213e+00
5.339239782795084466e+01,3.759988561186785816e+00
5.341240354386967937e+01,2.983239099151702156e+00
5.343240925978851408e+01,4.031809374500042509e+00
5.345241497570734879e+01,3.969454886763179591e+00
5.347242069162618350e+01,3.913625542717539041e+00
5.349242640754501821e+01,3.197598974147566331e+00
5.351243212346384581e+01,3.411351982236339619e+00
5.353243783938268052e+01,3.746063391382793650e+00
5.355244355530151523e+01,3.908369585437026394e+00
5.357244927122034994e+01,4.042861695060162575e+00
5.359245498713918465e+01,4.084071134409577475e+00
5.361246070305801936e+01,4.705335107193448607e+00
5.363246641897685407e+01,4.854360194690679364e+00
5.365247213489568878e+01,4.694522486364662406e+00
5.367247785081452349e+01,5.146595926636932106e+00
5.369248356673335820e+01,5.514675143387358425e+00
5.371248928265218581e+01,5.327321695676230817e+00
5.373249499857102052e+01,5.786246045643194336e+00
5.375250071448985523e+01,6.180558046852396181e+00
5.377250643040868994e+01,6.375349643202408600e+00
5.379251214632752465e+01,6.389149166484903830e+00
5.381251786224635936e+01,7.156434976299316020e+00
5.383252357816519407e+01,6.652042328228080947e+00
5.385252929408402878e+01,7.827851504765243718e+00
5.387253501000286349e+01,7.399115053239784245e+00
5.389254072592169109e+01,7.728847271147006204e+00
5.391254644184052580e+01,7.695478511482840567e+00
5.393255215775936051e+01,7.739766424146941048e+00
5.395255787367819522e+01,8.048107822459279248e+00
5.397256358959702993e+01,7.932763634581290191e+00
5.399256930551586464e+01,7.373487861288773537e+00
5.401257502143469935e+01,7.438902842336552190e+00
5.403258073735353406e+01,7.821596879819757042e+00
5.405258645327236877e+01,6.732403777643887643e+00
5.407259216919120348e+01,6.821864204337226845e+00
5.409259788511003109e+01,6.104302105734094930e+00
5.411260360102886580e+01,5.983062074484736037e+00
5.413260931694770051e+01,5.642484239410627822e+00
5.415261503286653522e+01,5.955197852197983366e+00
5.417262074878536993e+01,4.867654114224270856e+00
5.419262646470420464e+01,4.984614568064273499e+00
5.421263218062303935e+01,5.318961739312729087e+00
5.423263789654187406e+01,5.169578906753930170e+00
5.425264361246070877e+01,4.724956524398835178e+00
5.427264932837953637e+01,4.243987921098772986e+00
5.429265504429837108e+01,4.874166884357311602e+00
5.431266076021720579e+01,4.056344092257388567e+00
5.433266647613604050e+01,3.758072217620577860e+00
5.435267219205487521e+01,3.874812073798170609e+00
5.437267790797370992e+01,3.745259648014001019e+00
5.439268362389254463e+01,3.509857542400357300e+00
5.441268933981137934e+01,4.558763993083363886e+00
5.443269505573021405e+01,4.034925607351365962e+00
5.445270077164904166e+01,3.229468006978688521e+00
5.447270648756787637e+01,3.930648809113182818e+00
5.449271220348671108e+01,3.560580094201642787e+00
5.451271791940554579e+01,4.146969491239955730e+00
5.453272363532438050e+01,4.321413095613868549e+00
5.455272935124321521e+01,3.280975380963921939e+00
5.457273506716204992e+01,2.995967876866600044e+00
5.459274078308088463e+01,3.834330131010633913e+00
5.461274649899971934e+01,3.637514878449498390e+00
5.463275221491855405e+01,3.711854252858503678e+00
5.465275793083738165e+01,3.870655795957539169e+00
5.467276364675621636e+01,4.102478773639722576e+00
5.469276936267505107e+01,3.465873014869522262e+00
5.471277507859388578e+01,4.120557526129750237e+00
5.473278079451272049e+01,4.272505355837549423e+00
5.475278651043155520e+01,4.427236235567129974e+00
5.477279222635038991e+01,4.590346014004241582e+00
5.479279794226922462e+01,4.319609822912766184e+00
5.481280365818805933e+01,4.700084755753331400e+00
5.483280937410688693e+01,4.642092280571464613e+00
5.485281509002572164e+01,5.097961519962039389e+00
5.487282080594455635e+01,4.551751382790600431e+00
5.489282652186339106e+01,5.294616658158338929e+00
5.491283223778222577e+01,5.093246779662692347e+00
5.493283795370106048e+01,6.635971390951178606e+00
5.495284366961989519e+01,6.033102968944404232e+00
5.497284938553872990e+01,6.512415784713383005e+00
5.499285510145756461e+01,7.655909494987148456e+00
5.501286081737639222e+01,8.060305089249082400e+00
5.503286653329522693e+01,7.997523311976781457e+00
5.505287224921406164e+01,9.673953396881131539e+00
5.507287796513289635e+01,1.094318202143625385e+01
5.509288368105173106e+01,1.203195941374691813e+01
5.511288939697056577e+01,1.193878164879158810e+01
5.513289511288940048e+01,1.329980107033715342e+01
5.515290082880823519e+01,1.515783732750847790e+01
5.517290654472706990e+01,1.534629850622478031e+01
5.519291226064590461e+01,1.644384628143776439e+01
5.521291797656473221e+01,1.703036655342054217e+01
5.523292369248356692e+01,1.829924282928211099e+01
5.525292940840240163e+01,1.852499606563180734e+01
5.527293512432123634e+01,1.874446009025619020e+01
5.529294084024007105e+01,1.958683381697677817e+01
5.531294655615890576e+01,1.975785073452666296e+01
5.533295227207774047e+01,1.929794715422013951e+01
5.535295798799657518e+01,1.839617757875933535e+01
5.537296370391540989e+01,1.759490447700504134e+01
5.539296941983423750e+01,1.709566050835849538e+01
5.541297513575307221e+01,1.618405263313359299e+01
5.543298085167190692e+01,1.593587195235842202e+01
5.545298656759074163e+01,1.453676098571079400e+01
5.547299228350957634e+01,1.286229454908550096e+01
5.549299799942841105e+01,1.223210978057560538e+01
5.551300371534724576e+01,1.073088785167685089e+01
5.553300943126608047e+01,1.035379015074982867e+01
5.555301514718491518e+01,9.867896727488890463e+00
5.557302086310374989e+01,8.417142973000848016e+00
5.559302657902257749e+01,9.094521419783578864e+00
5.561303229494141220e+01,7.551712905215048899e+00
5.563303801086024691e+01,7.538065303860599364e+00
5.565304372677908162e+01,6.656176445979567369e+00
5.567304944269791633e+01,6.789389778604039805e+00
5.569305515861675104e+01,5.570925472825789093e+00
5.571306087453558575e+01,4.568792514447730824e+00
5.573306659045442046e+01,5.502012974643149867e+00
5.575307230637325517e+01,5.465947041196076661e+00
5.577307802229208278e+01,5.069302754605600647e+00
5.579308373821091749e+01,5.019382431280797974e+00
5.581308945412975220e+01,4.251580895400442373e+00
5.583309517004858691e+01,3.773905581235271534e+00
5.585310088596742162e+01,3.395794480950659278e+00
5.587310660188625633e+01,4.206584670028091111e+00
5.589311231780509104e+01,4.012567458181853119e+00
5.591311803372392575e+01,3.496718145937334654e+00
5.593312374964276046e+01,3.836109789349808175e+00
5.595312946556158806e+01,3.831191845078673275e+00
5.597313518148042277e+01,3.368414194577770360e+00
5.599314089739925748e+01,3.421435693983604587e+00
5.601314661331809219e+01,3.266250888781756068e+00
5.603315232923692690e+01,3.610661244841387507e+00
5.605315804515576161e+01,3.244223460808257187e+00
5.607316376107459632e+01,3.440183780440608796e+00
5.609316947699343103e+01,3.461455823515237729e+00
5.611317519291226574e+01,3.723089581057505981e+00
5.613318090883110045e+01,4.103553320618564371e+00
5.615318662474992806e+01,3.824090176383523776e+00
5.617319234066876277e+01,4.525917981239962806e+00
5.619319805658759748e+01,3.305672687123401232e+00
5.621320377250643219e+01,3.315680269659289969e+00
5.623320948842526690e+01,3.996127400375102390e+00
5.625321520434410161e+01,3.945456804538816975e+00
5.627322092026293632e+01,3.931036487472232555e+00
5.629322663618177103e+01,3.279669332433876150e+00
5.631323235210060574e+01,3.365135355410567186e+00
5.633323806801943334e+01,3.502166218794011243e+00
5.635324378393826805e+01,3.612964863470440324e+00
5.637324949985710276e+01,4.165312791860447561e+00
5.639325521577593747e+01,3.188150416769677253e+00
5.641326093169477218e+01,3.673128906126070348e+00
5.643326664761360689e+01,2.845820593989952130e+00
5.645327236353244160e+01,3.402217085880439029e+00
5.647327807945127631e+01,2.823197198962565491e+00
5.649328379537011102e+01,3.207773073983875456e+00
5.651328951128894573e+01,2.808790328269247905e+00
5.653329522720777334e+01,3.765284881297273678e+00
5.655330094312660805e+01,3.652960364831030038e+00
5.657330665904544276e+01,3.232464545436734671e+00
5.659331237496427747e+01,3.710763844028637237e+00
5.661331809088311218e+01,3.426943573881984673e+00
5.663332380680194689e+01,3.463204695574520375e+00
5.665332952272078160e+01,3.616091652906594067e+00
5.667333523863961631e+01,3.594639943086026079e+00
5.669334095455845102e+01,2.928820677525492577e+00
5.671334667047727862e+01,3.169616806531841302e+00
5.673335238639611333e+01,3.550637523010685470e+00
5.675335810231494804e+01,2.886735403167968617e+00
5.677336381823378275e+01,3.158102771182724311e+00
5.679336953415261746e+01,4.151159788237376524e+00
5.681337525007145217e+01,4.282477652353257724e+00
5.683338096599028688e+01,3.449674859887582379e+00
5.685338668190912159e+01,3.277876383085274181e+00
5.687339239782795630e+01,4.212773241520128664e+00
5.689339811374678391e+01,3.650774648571032621e+00
5.691340382966561862e+01,3.398945993029328427e+00
5.693340954558445333e+01,3.824746883288543398e+00
5.695341526150328804e+01,4.508087815394191011e+00
5.697342097742212275e+01,3.658206063284867415e+00
5.699342669334095746e+01,3.924649926614745432e+00
5.701343240925979217e+01,2.869378904287934517e+00
5.703343812517862688e+01,3.637093647584138001e+00
5.705344384109746159e+01,3.853728705638851615e+00
5.707344955701629630e+01,4.166332213178693067e+00
5.709345527293512390e+01,3.791227265658770662e+00
5.711346098885395861e+01,3.931896039657852615e+00
5.713346670477279332e+01,3.629330682174017664e+00
5.715347242069162803e+01,3.337543296398415738e+00
5.717347813661046274e+01,3.989553293997694094e+00
5.719348385252929745e+01,4.197642371520632132e+00
5.721348956844813216e+01,3.766981525412113285e+00
5.723349528436696687e+01,3.795076431403450190e+00
5.725350100028580158e+01,3.627162347624901528e+00
5.727350671620462919e+01,3.988099129078686911e+00
5.729351243212346390e+01,3.411278552830972366e+00
5.731351814804229861e+01,4.214712555722817555e+00
5.733352386396113332e+01,4.776440111376224706e+00
5.735352957987996803e+01,5.145716458857674702e+00
5.737353529579880274e+01,3.981608267830427650e+00
5.739354101171763745e+01,5.023968616075623395e+00
5.741354672763647216e+01,5.245947106067594845e+00
5.743355244355530687e+01,5.467102380643091841e+00
5.745355815947414158e+01,5.597173238932953154e+00
5.747356387539296918e+01,6.473397226562013884e+00
5.749356959131180389e+01,6.860278663373930996e+00
5.751357530723063860e+01,7.805176553807776862e+00
5.753358102314947331e+01,8.386716121001567714e+00
5.755358673906830802e+01,8.815104033465351208e+00
5.757359245498714273e+01,9.483046111921016319e+00
5.759359817090597744e+01,1.020944123788943791e+01
5.761360388682481215e+01,1.112783198994085332e+01
5.763360960274364686e+01,1.201364382858156432e+01
5.765361531866247446e+01,1.240299546520749985e+01
5.767362103458130917e+01,1.386196269726141139e+01
5.769362675050014388e+01,1.410362513210296420e+01
5.771363246641897859e+01,1.555268277433668800e+01
5.773363818233781330e+01,1.549994349064243337e+01
5.775364389825664801e+01,1.610436571789572469e+01
5.777364961417548272e+01,1.721377019676751985e+01
5.779365533009431743e+01,1.666161579774824375e+01
5.781366104601315214e+01,1.669988692791513785e+01
5.783366676193197975e+01,1.733949501571777674e+01
5.785367247785081446e+01,1.733630825608265269e+01
5.787367819376964917e+01,1.639750388607450304e+01
5.789368390968848388e+01,1.673391319619813800e+01
5.791368962560731859e+01,1.590470363292241274e+01
5.793369534152615330e+01,1.529696697834336128e+01
5.795370105744498801e+01,1.575245159163896247e+01
5.797370677336382272e+01,1.455063272810533803e+01
5.799371248928265743e+01,1.420272450867668468e+01
5.801371820520149214e+01,1.325595836180593778e+01
5.803372392112031974e+01,1.236285959616265018e+01
5.805372963703915445e+01,1.229381945614699490e+01
5.807373535295798916e+01,1.114467402532475759e+01
5.809374106887682387e+01,1.107171271934342016e+01
5.811374678479565858e+01,1.038673468394616783e+01
5.813375250071449329e+01,1.026124299051548050e+01
5.815375821663332800e+01,9.311074940589911364e+00
5.817376393255216271e+01,8.580647189729480928e+00
5.819376964847099742e+01,8.656375217676508527e+00
5.821377536438982503e+01,8.561378715417559349e+00
5.823378108030865974e+01,8.106808639648873438e+00
5.825378679622749445e+01,7.513223892532453263e+00
5.827379251214632916e+01,6.965969040001395385e+00
5.829379822806516387e+01,6.995738363437824958e+00
5.831380394398399858e+01,6.864280204407549490e+00
5.833380965990283329e+01,6.313084751775496883e+00
5.835381537582166800e+01,6.927982576239945622e+00
5.837382109174050271e+01,6.055549059821771607e+00
5.839382680765933742e+01,5.727602802427888662e+00
5.841383252357816502e+01,5.787074442905625560e+00
5.843383823949699973e+01,6.243718629733808534e+00
5.845384395541583444e+01,5.635983729064508729e+00
5.847384967133466915e+01,6.158904855075549634e+00
5.849385538725350386e+01,6.041118560863576015e+00
5.851386110317233857e+01,6.540741014471569414e+00
5.853386681909117328e+01,5.139216157715575939e+00
5.855387253501000799e+01,4.971956745438596670e+00
5.857387825092884270e+01,6.116224603760072043e+00
5.859388396684767031e+01,6.040168401726992542e+00
5.861388968276650502e+01,6.120064292429993280e+00
5.863389539868533973e+01,5.743055968712274861e+00
5.865390111460417444e+01,6.896233627304479086e+00
5.867390683052300915e+01,7.166535617883900144e+00
5.869391254644184386e+01,7.191686115903968890e+00
5.871391826236067857e+01,7.620358393068867642e+00
5.873392397827951328e+01,8.191542501755543881e+00
5.875392969419834799e+01,8.492794996551230824e+00
5.877393541011717559e+01,9.138989320753449164e+00
5.879394112603601030e+01,9.570776332499649541e+00
5.881394684195484501e+01,9.434379661846390874e+00
5.883395255787367972e+01,9.461949458907751520e+00
5.885395827379251443e+01,9.775422920903546142e+00
5.887396398971134914e+01,9.326319237760397840e+00
5.889396970563018385e+01,9.732460293574751731e+00
5.891397542154901856e+01,9.803485034721635571e+00
5.893398113746785327e+01,8.879974546222442200e+00
5.895398685338668798e+01,8.670031414011448945e+00
5.897399256930551559e+01,8.787986538214617838e+00
5.899399828522435030e+01,8.674297681368672741e+00
5.901400400114318501e+01,7.562619637703326347e+00
5.903400971706201972e+01,7.239562468053978073e+00
5.905401543298085443e+01,7.643621542061161733e+00
5.907402114889968914e+01,6.643239296667673877e+00
5.909402686481852385e+01,6.072598102918575158e+00
5.911403258073735856e+01,6.274150158025869395e+00
5.913403829665619327e+01,5.568789425550972894e+00
5.915404401257502087e+01,5.564548295698136471e+00
5.917404972849385558e+01,5.340071335812503150e+00
5.919405544441269029e+01,4.929918931261438431e+00
5.921406116033152500e+01,4.929022046993152273e+00
5.923406687625035971e+01,5.053101244526136071e+00
5.925407259216919442e+01,4.457687723146291248e+00
5.927407830808802913e+01,4.343243184028626303e+00
5.929408402400686384e+01,3.979360702584550324e+00
5.931408973992569855e+01,4.841567407440300563e+00
5.933409545584453326e+01,5.113835305050756119e+00
5.935410117176336087e+01,4.298299550187612894e+00
5.937410688768219558e+01,4.483910879652255765e+00
5.939411260360103029e+01,4.311301096336666916e+00
5.941411831951986500e+01,4.606870741157508498e+00
5.943412403543869971e+01,4.798936620820793308e+00
5.945412975135753442e+01,4.484176514156144044e+00
5.947413546727636913e+01,4.640060650375794182e+00
5.949414118319520384e+01,5.293915475544392457e+00
5.951414689911403855e+01,5.284953207370339356e+00
5.953415261503286615e+01,5.745552753075256369e+00
5.955415833095170086e+01,6.864355848789452708e+00
5.957416404687053557e+01,6.507014286420769622e+00
5.959416976278937028e+01,7.176374033024474741e+00
5.961417547870820499e+01,8.273439885232797053e+00
5.963418119462703970e+01,9.246434918154539773e+00
5.965418691054587441e+01,8.892416656005014630e+00
5.967419262646470912e+01,1.110868849841408945e+01
5.969419834238354383e+01,1.099740888068695632e+01
5.971420405830237144e+01,1.167558739055730044e+01
5.973420977422120615e+01,1.358701147633525252e+01
5.975421549014004086e+01,1.411285151589828679e+01
5.977422120605887557e+01,1.490094395961556728e+01
5.979422692197771028e+01,1.515816009262061215e+01
5.981423263789654499e+01,1.608398234056996046e+01
5.983423835381537970e+01,1.545162664495004279e+01
5.985424406973421441e+01,1.498512006779181682e+01
5.987424978565304912e+01,1.613948821236552078e+01
5.989425550157188383e+01,1.529006659415938074e+01
5.991426121749071143e+01,1.474643480242292526e+01
5.993426693340954614e+01,1.348179822524778793e+01
5.995427264932838085e+01,1.359994760791940394e+01
5.997427836524721556e+01,1.247865961479775976e+01
5.999428408116605027e+01,1.251720327103025809e+01
6.001428979708488498e+01,1.041067262524915549e+01
6.003429551300371969e+01,1.028323761750451304e+01
6.005430122892255440e+01,9.472531303008475234e+00
6.007430694484138911e+01,9.819056925786920687e+00
6.009431266076021672e+01,9.073141725729167106e+00
6.011431837667905143e+01,8.399155122851265531e+00
6.013432409259788614e+01,6.852734463028490097e+00
6.015432980851672085e+01,7.347255538302910338e+00
6.017433552443555556e+01,7.800921841106884358e+00
6.019434124035439027e+01,7.244890997789433129e+00
6.021434695627322498e+01,6.519602700734868250e+00
6.023435267219205969e+01,6.787012152474617643e+00
6.025435838811089440e+01,5.934136148835151836e+00
6.027436410402972911e+01,5.955806309600378157e+00
6.029436981994855671e+01,6.740253651440015759e+00
6.031437553586739142e+01,6.158709257538002468e+00
6.033438125178622613e+01,6.015435097395057440e+00
6.035438696770506084e+01,5.718863929635473298e+00
6.037439268362389555e+01,6.211152083281872294e+00
6.039439839954273026e+01,6.215993518248025929e+00
6.041440411546156497e+01,6.141924973841705437e+00
6.043440983138039968e+01,6.579225125253142181e+00
6.045441554729923439e+01,6.121260296308214777e+00
6.047442126321806199e+01,6.483903694357987746e+00
6.049442697913689670e+01,6.922898044829629782e+00
6.051443269505573141e+01,6.206744516375623633e+00
6.053443841097456612e+01,5.625266694289463132e+00
6.055444412689340083e+01,5.654403621686022952e+00
6.057444984281223554e+01,6.586215057902722769e+00
6.059445555873107025e+01,5.395773744939578620e+00
6.061446127464990496e+01,5.490638227445769459e+00
6.063446699056873967e+01,6.315511656120455619e+00
6.065447270648756728e+01,5.853401036050398076e+00
6.067447842240640199e+01,5.733427863659485979e+00
6.069448413832523670e+01,5.149926841195664906e+00
6.071448985424407141e+01,6.034486392828169343e+00
6.073449557016290612e+01,5.740434968164910501e+00
6.075450128608174083e+01,5.135112110446232947e+00
6.077450700200057554e+01,4.895976130498628009e+00
6.079451271791941025e+01,4.878632994928792321e+00
6.081451843383824496e+01,5.582842653983062675e+00
6.083452414975707967e+01,5.259430859217994580e+00
6.085452986567590727e+01,4.636323898005219490e+00
6.087453558159474198e+01,5.153331401469067430e+00
6.089454129751357669e+01,4.668237381270889053e+00
6.091454701343241140e+01,5.230718905798431351e+00
6.093455272935124611e+01,4.643175501682581974e+00
6.095455844527008082e+01,4.776407755878581796e+00
6.097456416118891553e+01,4.796678100342104401e+00
6.099456987710775024e+01,4.702346705653732251e+00
6.101457559302658495e+01,4.525263532322943760e+00
6.103458130894541256e+01,4.771280458624020504e+00
6.105458702486424727e+01,4.295849595616230587e+00
6.107459274078308198e+01,4.228726149537175516e+00
6.109459845670191669e+01,4.425758238864593075e+00
6.111460417262075140e+01,4.628999862548013766e+00
6.113460988853958611e+01,4.306927499913808077e+00
6.115461560445842082e+01,5.216109826368844793e+00
6.117462132037725553e+01,3.888236760737199926e+00
6.119462703629609024e+01,3.823452729025257124e+00
6.121463275221492495e+01,4.680046318232810698e+00
6.123463846813375255e+01,4.673831533730904653e+00
6.125464418405258726e+01,4.273814533238834201e+00
6.127464989997142197e+01,3.204359622692712239e+00
6.129465561589025668e+01,4.160427915080376238e+00
6.131466133180909139e+01,3.703863257467062020e+00
6.133466704772792610e+01,3.429981582346062652e+00
6.135467276364676081e+01,4.146371625770727931e+00
6.137467847956559552e+01,4.646864682315166917e+00
6.139468419548443023e+01,3.524881936445331654e+00
6.141468991140325784e+01,4.418917991023088021e+00
6.143469562732209255e+01,3.200687426572107697e+00
6.145470134324092726e+01,3.797216368842532219e+00
6.147470705915976197e+01,3.489895073626605004e+00
6.149471277507859668e+01,3.579349484273873561e+00
6.151471849099743139e+01,4.093820609395684151e+00
6.153472420691626610e+01,3.939641508193026276e+00
6.155472992283510081e+01,4.678341603427796258e+00
6.157473563875393552e+01,4.452193529369749214e+00
6.159474135467276312e+01,4.111893782878777159e+00
6.161474707059159783e+01,3.108476666449569326e+00
6.163475278651043254e+01,3.845316494041273181e+00
6.165475850242926725e+01,4.051342923718128652e+00
6.167476421834810196e+01,3.860616158474196258e+00
6.169476993426693667e+01,3.412657919999572798e+00
6.171477565018577138e+01,3.265565085695230074e+00
6.173478136610460609e+01,3.589029841286060396e+00
6.175478708202344080e+01,3.839535536565857221e+00
6.177479279794227551e+01,3.727438197831548727e+00
6.179479851386110312e+01,3.764601515207320670e+00
6.181480422977993783e+01,3.642812620933843615e+00
6.183480994569877254e+01,3.597227475345092351e+00
6.185481566161760725e+01,3.166997498234142228e+00
6.187482137753644196e+01,4.172450363483482860e+00
6.189482709345527667e+01,4.090614278551965022e+00
6.191483280937411138e+01,3.631976522168448351e+00
6.193483852529294609e+01,3.439579557875231508e+00
6.195484424121178080e+01,3.761645759581965898e+00
6.197484995713060840e+01,3.066405732081253888e+00
6.199485567304944311e+01,3.384039582131779689e+00
6.201486138896827782e+01,3.287406787413924114e+00
6.203486710488711253e+01,3.465937108028589897e+00
6.205487282080594724e+01,3.600198327999233339e+00
6.207487853672478195e+01,3.425077330978231860e+00
6.209488425264361666e+01,3.978773125229335683e+00
6.211488996856245137e+01,3.115811775350136426e+00
6.213489568448128608e+01,3.979776858960204500e+00
6.215490140040011369e+01,3.592228029248766941e+00
6.217490711631894840e+01,3.859461844222521698e+00
6.219491283223778311e+01,3.404563531000577736e+00
6.221491854815661782e+01,3.565651216063443041e+00
6.223492426407545253e+01,4.213994209201477048e+00
6.225492997999428724e+01,4.123208364903664602e+00
6.227493569591312195e+01,4.474927959679000367e+00
6.229494141183195666e+01,3.425782191257363163e+00
6.231494712775079137e+01,3.948893511133194423e+00
6.233495284366962608e+01,4.423202099802388432e+00
6.235495855958845368e+01,4.793081414321476608e+00
6.237496427550728839e+01,4.571741329985981928e+00
6.239496999142612310e+01,4.533529752591409334e+00
6.241497570734495781e+01,5.040758015795352875e+00
6.243498142326379252e+01,4.643762721971475216e+00
6.245498713918262723e+01,4.290945706427443440e+00
6.247499285510146194e+01,4.005431093199464776e+00
6.249499857102029665e+01,4.009929335522661731e+00
6.251500428693913136e+01,3.741258321819877608e+00
6.253501000285795897e+01,4.116482578681944560e+00
6.255501571877679368e+01,3.890329453191231135e+00
6.257502143469562839e+01,4.319799053618765150e+00
6.259502715061446310e+01,4.624215556066419097e+00
6.261503286653329781e+01,4.598158976376680585e+00
6.263503858245213252e+01,4.016796602238350999e+00
6.265504429837096723e+01,3.968918998237764839e+00
6.267505001428980194e+01,3.989519649594134965e+00
6.269505573020863665e+01,4.285256900861041274e+00
6.271506144612747136e+01,4.417128397619251245e+00
6.273506716204629896e+01,4.612734264668597817e+00
6.275507287796513367e+01,3.308531646797228110e+00
6.277507859388396838e+01,4.022081172393622950e+00
6.279508430980280309e+01,4.212809947070322636e+00
6.281509002572163780e+01,4.607806654109536382e+00
6.283509574164047251e+01,4.134564197111270545e+00
6.285510145755930722e+01,4.107469402335635067e+00
6.287510717347814193e+01,4.203493979797528368e+00
6.289511288939697664e+01,3.266497691545025450e+00
6.291511860531580425e+01,3.123505199438331381e+00
6.293512432123463896e+01,3.648930238251022029e+00
6.295513003715347367e+01,3.348802638626415362e+00
6.297513575307230838e+01,3.866299868534386341e+00
6.299514146899114309e+01,3.124263050475272863e+00
6.301514718490997780e+01,3.604290945560675752e+00
6.303515290082881251e+01,3.848990446836617174e+00
6.305515861674764722e+01,3.128085027063191248e+00
6.307516433266648193e+01,3.044966900515027497e+00
6.309517004858530953e+01,3.935968761438793262e+00
6.311517576450414424e+01,3.239026423453606807e+00
6.313518148042297895e+01,3.390477797562337248e+00
6.315518719634181366e+01,3.285181552124367688e+00
6.317519291226064837e+01,3.909711801700996414e+00
6.319519862817948308e+01,3.360056987777293447e+00
6.321520434409831779e+01,3.543872803802973426e+00
6.323521006001715250e+01,3.442664231331080682e+00
6.325521577593598721e+01,3.779033044824131160e+00
6.327522149185482192e+01,3.389620819614648450e+00
6.329522720777364952e+01,3.895791669434813809e+00
6.331523292369248423e+01,3.796600610923329455e+00
6.333523863961131894e+01,3.542317648428625620e+00
6.335524435553015365e+01,3.843636332841079195e+00
6.337525007144898836e+01,3.288781250687704993e+00
6.339525578736782307e+01,3.268902984544912904e+00
6.341526150328665778e+01,2.984459377649855139e+00
6.343526721920549249e+01,3.330465060532557420e+00
6.345527293512432720e+01,3.977506083347893018e+00
6.347527865104315481e+01,3.298315256141490348e+00
6.349528436696198952e+01,3.745246913797247501e+00
6.351529008288082423e+01,2.779617709092478961e+00
6.353529579879965894e+01,3.254901414046909913e+00
6.355530151471849365e+01,3.408965639507782974e+00
6.357530723063732836e+01,3.059176721601167159e+00
6.359531294655616307e+01,3.587948903779723864e+00
6.361531866247499778e+01,2.786185015381083208e+00
6.363532437839383249e+01,3.934796973050703528e+00
6.365533009431266720e+01,2.953074920229844302e+00
6.367533581023149480e+01,3.830031115487440019e+00
6.369534152615032951e+01,3.219580697276651193e+00
6.371534724206916422e+01,3.730218627814071652e+00
6.373535295798799893e+01,3.092678249072405627e+00
6.375535867390683364e+01,4.254473918468509197e+00
6.377536438982566835e+01,3.428790917543030670e+00
6.379537010574450306e+01,4.002523112478995060e+00
6.381537582166333777e+01,3.987342583761477322e+00
6.383538153758217248e+01,4.221902052342706213e+00
6.385538725350100009e+01,3.569428060469319153e+00
6.387539296941983480e+01,3.509063959761293816e+00
6.389539868533866951e+01,4.504467116238325630e+00
6.391540440125750422e+01,3.772773999033678827e+00
6.393541011717633893e+01,3.576857013906937333e+00
6.395541583309517364e+01,3.709587342327369530e+00
6.397542154901400835e+01,4.120843345034668204e+00
6.399542726493284306e+01,4.099715078295538717e+00
6.401543298085167066e+01,3.668290222758194830e+00
6.403543869677051248e+01,3.496555319453551469e+00
6.405544441268934008e+01,3.849432204992992101e+00
6.407545012860816769e+01,3.552126440096205151e+00
6.409545584452700950e+01,3.773701761523530873e+00
6.411546156044585132e+01,4.355370166486217443e+00
6.413546727636467892e+01,3.296714173800623815e+00
6.415547299228350653e+01,4.316731089992578596e+00
6.417547870820234834e+01,4.024411198486734342e+00
6.419548442412119016e+01,4.246459723784396623e+00
6.421549014004001776e+01,3.499215575812928414e+00
6.423549585595884537e+01,4.062932501282792153e+00
6.425550157187768718e+01,4.146760599258882074e+00
6.427550728779651479e+01,4.236707163859568581e+00
6.429551300371534239e+01,3.758367611930882202e+00
6.431551871963418421e+01,4.190633467357387509e+00
6.433552443555302602e+01,3.929002797760836163e+00
6.435553015147185363e+01,3.199703823969170635e+00
6.437553586739068123e+01,4.261482727991537267e+00
6.439554158330952305e+01,4.250410706407993899e+00
6.441554729922835065e+01,3.609770620719100265e+00
6.443555301514717826e+01,3.761926133548306961e+00
6.445555873106602007e+01,3.698470899512428023e+00
6.447556444698486189e+01,4.014287228828093745e+00
6.449557016290368949e+01,4.349360425648844064e+00
6.451557587882251710e+01,4.147180958594928413e+00
6.453558159474135891e+01,3.165195087327451695e+00
6.455558731066020073e+01,4.007446764830081776e+00
6.457559302657902833e+01,3.733473374089246288e+00
6.459559874249785594e+01,3.998217273045321374e+00
6.461560445841669775e+01,3.784974512771430710e+00
6.463561017433552536e+01,3.364992188545071539e+00
6.465561589025435296e+01,3.569070006096101810e+00
6.467562160617319478e+01,3.863309703360869651e+00
6.469562732209203659e+01,3.621541283769196706e+00
6.471563303801086420e+01,4.323529139828993451e+00
6.473563875392969180e+01,3.902573816081924107e+00
6.475564446984853362e+01,3.452301737337241327e+00
6.477565018576737543e+01,3.320939991190862806e+00
6.479565590168618883e+01,4.282790875424176136e+00
6.481566161760503064e+01,3.530758202833916393e+00
6.483566733352387246e+01,4.444820490178524430e+00
6.485567304944270006e+01,3.532748847086040200e+00
6.487567876536152767e+01,3.566467390297547890e+00
6.489568448128036948e+01,3.840797275377991316e+00
6.491569019719921130e+01,3.911424822315143324e+00
6.493569591311803890e+01,4.137008883688745087e+00
6.495570162903686651e+01,3.855870152682586038e+00
6.497570734495570832e+01,3.665203169293707486e+00
6.499571306087453593e+01,3.668677478400279135e+00
6.501571877679336353e+01,3.634320760058222355e+00
6.503572449271220535e+01,3.225235178754300769e+00
6.505573020863104716e+01,3.962720695132738502e+00
6.507573592454987477e+01,3.463024248320835774e+00
6.509574164046870237e+01,3.236297570189012429e+00
6.511574735638754419e+01,4.119402905327337550e+00
6.513575307230638600e+01,4.129916182006247993e+00
6.515575878822521361e+01,3.594468538434828719e+00
6.517576450414404121e+01,4.259865669393830601e+00
6.519577022006288303e+01,3.908449379195977791e+00
6.521577593598171063e+01,3.990055482950122023e+00
6.523578165190053824e+01,3.407730476294517974e+00
6.525578736781938005e+01,3.580219099905195268e+00
6.527579308373822187e+01,3.745085412642629397e+00
6.529579879965704947e+01,4.615546032135406485e+00
6.531580451557587708e+01,3.476585564078430668e+00
6.533581023149471889e+01,3.677116841520430501e+00
6.535581594741354650e+01,3.204853738606631808e+00
6.537582166333237410e+01,3.651488958321642997e+00
6.539582737925121592e+01,3.922657386240020028e+00
6.541583309517005773e+01,4.136475225334943495e+00
6.543583881108888534e+01,4.308165096065137867e+00
6.545584452700771294e+01,3.613092542110533767e+00
6.547585024292655476e+01,3.484881181537463846e+00
6.549585595884539657e+01,3.023962562999412462e+00
6.551586167476422418e+01,4.182126321979019679e+00
6.553586739068305178e+01,3.391179123969660480e+00
6.555587310660189360e+01,3.429596674883253371e+00
6.557587882252072120e+01,3.142766616666446744e+00
6.559588453843954881e+01,3.020096812284413179e+00
6.561589025435839062e+01,2.744433270282924830e+00
6.563589597027723244e+01,3.979128105867741017e+00
6.565590168619606004e+01,2.672002607221733772e+00
6.567590740211488765e+01,3.315343490948917005e+00
6.569591311803372946e+01,3.556618100878627509e+00
6.571591883395257128e+01,4.048931926801314418e+00
6.573592454987138467e+01,3.451125758545407152e+00
6.575593026579022649e+01,2.939081170015616973e+00
6.577593598170906830e+01,3.458853304717854460e+00
6.579594169762789591e+01,4.025232921956126475e+00
6.581594741354672351e+01,3.507724397678747330e+00
6.583595312946556533e+01,3.257584039682597687e+00
6.585595884538440714e+01,3.129277330800696255e+00
6.587596456130323475e+01,3.071760494498295913e+00
6.589597027722206235e+01,3.853928505716766928e+00
6.591597599314090417e+01,3.312821259255765316e+00
6.593598170905973177e+01,3.850256659947362436e+00
6.595598742497855937e+01,3.899721522095561443e+00
6.597599314089740119e+01,4.209905886324432522e+00
6.599599885681624301e+01,3.771851055863707725e+00
6.601600457273507061e+01,3.245087385484740850e+00
6.603601028865389821e+01,3.834417879723187816e+00
6.605601600457274003e+01,3.833163495137172916e+00
6.607602172049158185e+01,3.576785030015599887e+00
6.609602743641040945e+01,3.485972513759105773e+00
6.611603315232923705e+01,4.011392906760686827e+00
6.613603886824807887e+01,4.078896731633466999e+00
6.615604458416690647e+01,4.135122239870165473e+00
6.617605030008573408e+01,4.936306326340303308e+00
6.619605601600457589e+01,3.724222700104881767e+00
6.621606173192341771e+01,4.376090716219040999e+00
6.623606744784224531e+01,5.037554868603488778e+00
6.625607316376107292e+01,5.333946577656842436e+00
6.627607887967991473e+01,5.547718461692435987e+00
6.629608459559874234e+01,5.070248737718324961e+00
6.631609031151756994e+01,5.341921685119943142e+00
6.633609602743641176e+01,5.911507111113531998e+00
6.635610174335525357e+01,5.925856311862416348e+00
6.637610745927408118e+01,5.398127859314703514e+00
6.639611317519290878e+01,5.405214586537733013e+00
6.641611889111175060e+01,5.792675128166846932e+00
6.643612460703059241e+01,6.513387316451789921e+00
6.645613032294942002e+01,5.616696157057941896e+00
6.647613603886824762e+01,6.274481407593702542e+00
6.649614175478708944e+01,7.059729330748870879e+00
6.651614747070591704e+01,6.516730325739311880e+00
6.653615318662474465e+01,6.688739869185267750e+00
6.655615890254358646e+01,6.022084529872754999e+00
6.657616461846242828e+01,7.077497447664272912e+00
6.659617033438125588e+01,6.797347651168953675e+00
6.661617605030008349e+01,7.059795999275269907e+00
6.663618176621892530e+01,7.196719973296074713e+00
6.665618748213776712e+01,6.216329391004445704e+00
6.667619319805658051e+01,6.358041005428259673e+00
6.669619891397542233e+01,6.692488854745341165e+00
6.671620462989426414e+01,7.112629099584793835e+00
6.673621034581309175e+01,5.472486180590061977e+00
6.675621606173191935e+01,5.581740413786105748e+00
6.677622177765076117e+01,5.604177408577426078e+00
6.679622749356960298e+01,4.896380310622131304e+00
6.681623320948843059e+01,5.480331535090456008e+00
6.683623892540725819e+01,5.539826094011408131e+00
6.685624464132610001e+01,5.217566419678025369e+00
6.687625035724492761e+01,5.036961806227440164e+00
6.689625607316375522e+01,4.717012242351827922e+00
6.691626178908259703e+01,4.412867345383513218e+00
6.693626750500143885e+01,4.056919586839609515e+00
6.695627322092026645e+01,4.687064653690740101e+00
6.697627893683909406e+01,4.279845602804588367e+00
6.699628465275793587e+01,4.463000728838075304e+00
6.701629036867677769e+01,4.180158610658903484e+00
6.703629608459560529e+01,3.665219584966064481e+00
6.705630180051443290e+01,4.110587378680861548e+00
6.707630751643327471e+01,3.393786271685806710e+00
6.709631323235210232e+01,3.542660502518175214e+00
6.711631894827092992e+01,4.089120849764604770e+00
6.713632466418977174e+01,4.201212920259727923e+00
6.715633038010861355e+01,3.895383730549768053e+00
6.717633609602744116e+01,3.645566711583156483e+00
6.719634181194626876e+01,4.350232369748098904e+00
6.721634752786511058e+01,3.868048116596523922e+00
6.723635324378393818e+01,3.749314803622080028e+00
6.725635895970276579e+01,3.423893169244679680e+00
6.727636467562160760e+01,3.365361829922771442e+00
6.729637039154044942e+01,3.226985468143827696e+00
6.731637610745927702e+01,3.524399318310332596e+00
6.733638182337810463e+01,3.363732346929540373e+00
6.735638753929694644e+01,2.940700536257013553e+00
6.737639325521578826e+01,4.377988129982496091e+00
6.739639897113461586e+01,3.533077460409132176e+00
6.741640468705344347e+01,3.540218735035274289e+00
6.743641040297228528e+01,3.459892588570476768e+00
6.745641611889111289e+01,3.272690001473653520e+00
6.747642183480994049e+01,3.666180445717585279e+00
6.749642755072878231e+01,3.925767299025742396e+00
6.751643326664762412e+01,3.557238025366985301e+00
6.753643898256645173e+01,3.185601273968292624e+00
6.755644469848527933e+01,4.022535942724522862e+00
6.757645041440412115e+01,4.214209574854051787e+00
6.759645613032296296e+01,3.554557662062669987e+00
6.761646184624177636e+01,3.190162055765050297e+00
6.763646756216061817e+01,4.066222580453290547e+00
6.765647327807945999e+01,4.250306602634423392e+00
6.767647899399828759e+01,3.792021026985725740e+00
6.769648470991711520e+01,4.372020484344604441e+00
6.771649042583595701e+01,4.741069326688204022e+00
6.773649614175479883e+01,3.810613255705962210e+00
6.775650185767362643e+01,3.974530219936049047e+00
6.777650757359245404e+01,3.273004230838024942e+00
6.779651328951129585e+01,4.383887449673530945e+00
6.781651900543012346e+01,4.482963708744320819e+00
6.783652472134895106e+01,4.140202959169473118e+00
6.785653043726779288e+01,3.443158541247271387e+00
6.787653615318663469e+01,4.342378511608870895e+00
6.789654186910546230e+01,3.771908189003428724e+00
6.791654758502428990e+01,4.000650177370781435e+00
6.793655330094313172e+01,3.847947857270225480e+00
6.795655901686197353e+01,4.341858568208779801e+00
6.797656473278080114e+01,4.535370400444898031e+00
6.799657044869962874e+01,4.575395322916543606e+00
6.801657616461847056e+01,3.611399899682306014e+00
6.803658188053729816e+01,4.177395738737701869e+00
6.805658759645612577e+01,3.559707859507978522e+00
6.807659331237496758e+01,4.265519915119278416e+00
6.809659902829380940e+01,4.316969640162029442e+00
6.811660474421263700e+01,3.451105575356556709e+00
6.813661046013146461e+01,3.767375362422094032e+00
6.815661617605030642e+01,3.385719683356794185e+00
6.817662189196913403e+01,3.545542122610599201e+00
6.819662760788796163e+01,3.758606147757913796e+00
6.821663332380680345e+01,3.756579099140537892e+00
6.823663903972564526e+01,2.993443972967883226e+00
6.825664475564447287e+01,3.907485819224544521e+00
6.827665047156330047e+01,2.949353161426032877e+00
6.829665618748214229e+01,3.206001640637691885e+00
6.831666190340098410e+01,3.757674803941036146e+00
6.833666761931981171e+01,3.804354646092409364e+00
6.835667333523863931e+01,3.695873820383771768e+00
6.837667905115748113e+01,3.132778384289766294e+00
6.839668476707630873e+01,3.481068210755362102e+00
6.841669048299513634e+01,3.309524129708468543e+00
6.843669619891397815e+01,3.421677732973052777e+00
6.845670191483281997e+01,3.393019970773058169e+00
6.847670763075164757e+01,2.867684970347533557e+00
6.849671334667047518e+01,4.248433699582509604e+00
6.851671906258931699e+01,3.535182370486408931e+00
6.853672477850815881e+01,4.192419674234937332e+00
6.855673049442697220e+01,3.438594747015383035e+00
6.857673621034581402e+01,2.999044779669159944e+00
6.859674192626465583e+01,4.009657562964764388e+00
6.861674764218348344e+01,3.847358883752641567e+00
6.863675335810231104e+01,3.938893875544236867e+00
6.865675907402115286e+01,3.880247677639727222e+00
6.867676478993999467e+01,3.279733558404312355e+00
6.869677050585882228e+01,3.404725754862545806e+00
6.871677622177764988e+01,3.818977991424001850e+00
6.873678193769649170e+01,3.262721398098666903e+00
6.875678765361531930e+01,3.585237538881258512e+00
6.877679336953414690e+01,3.241129267143175063e+00
6.879679908545298872e+01,3.425708727494557682e+00
6.881680480137183054e+01,3.418547500414822693e+00
6.883681051729065814e+01,4.042099853841994772e+00
6.885681623320948574e+01,3.839008167397760296e+00
6.887682194912832756e+01,3.503355276699534837e+00
6.889682766504716938e+01,4.018424908067808943e+00
6.891683338096599698e+01,3.698025978242065470e+00
6.893683909688482458e+01,3.444197694178360525e+00
6.895684481280366640e+01,2.815351583354447129e+00
6.897685052872249400e+01,3.113476088209202075e+00
6.899685624464132161e+01,4.269566910610265609e+00
6.901686196056016342e+01,4.527109535462253476e+00
6.903686767647900524e+01,2.981748801799494863e+00
6.905687339239783284e+01,3.411493154038460762e+00
6.907687910831666045e+01,4.100823170590678579e+00
6.909688482423550226e+01,3.980991906815187331e+00
6.911689054015432987e+01,3.677532552818243872e+00
6.913689625607315747e+01,4.489540342033169651e+00
6.915690197199199929e+01,4.494627210518994609e+00
6.917690768791084110e+01,4.294392966730981698e+00
6.919691340382966871e+01,4.662088196762163683e+00
6.921691911974849631e+01,3.923465961682368608e+00
6.923692483566733813e+01,3.773636615350623558e+00
6.925693055158617994e+01,4.540568397012032520e+00
6.927693626750500755e+01,4.386981624694707982e+00
6.929694198342383515e+01,4.255718590449160565e+00
6.931694769934267697e+01,4.346638392380707927e+00
6.933695341526150457e+01,3.883092701854616191e+00
6.935695913118033218e+01,4.130570773606441648e+00
6.937696484709917399e+01,4.248572635538185871e+00
6.939697056301801581e+01,4.728893803498380066e+00
6.941697627893684341e+01,4.895621874382955596e+00
6.943698199485567102e+01,4.916863251887681585e+00
6.945698771077451283e+01,4.726850835468197509e+00
6.947699342669335465e+01,5.228288437449046810e+00
6.949699914261216804e+01,4.952388447972572827e+00
6.951700485853100986e+01,4.430845110874767734e+00
6.953701057444985167e+01,4.077905402199817786e+00
6.955701629036867928e+01,4.161486116928854173e+00
6.957702200628750688e+01,4.974495270300507421e+00
6.959702772220634870e+01,4.568412879863018361e+00
6.961703343812519051e+01,5.096548644657198146e+00
6.963703915404401812e+01,4.935633965652577615e+00
6.965704486996284572e+01,4.561477227567514170e+00
6.967705058588168754e+01,5.301303141119921847e+00
6.969705630180051514e+01,5.519574440967206286e+00
6.971706201771934275e+01,5.704994545885972101e+00
6.973706773363818456e+01,5.925864362614049696e+00
6.975707344955702638e+01,5.743791271177005164e+00
6.977707916547585398e+01,6.332017265449357168e+00
6.979708488139468159e+01,6.095917228109275499e+00
6.981709059731352340e+01,7.779040657127923808e+00
6.983709631323236522e+01,7.506752663667553449e+00
6.985710202915119282e+01,7.598245972873531429e+00
6.987710774507002043e+01,7.249578194039402845e+00
6.989711346098886224e+01,8.417332714475172395e+00
6.991711917690768985e+01,8.365812031988516750e+00
6.993712489282651745e+01,8.498490162802021075e+00
6.995713060874535927e+01,9.648759160968639392e+00
6.997713632466420108e+01,9.566584707704773649e+00
6.999714204058302869e+01,9.309283537101229911e+00
7.001714775650185629e+01,9.302718138803646397e+00
7.003715347242069811e+01,9.290574524763851372e+00
7.005715918833952571e+01,9.969718421454594193e+00
7.007716490425835332e+01,8.507527363960665667e+00
7.009717062017719513e+01,8.534439693395302839e+00
7.011717633609603695e+01,9.093954001902583073e+00
7.013718205201486455e+01,7.985334252726622672e+00
7.015718776793369216e+01,7.804994170234627049e+00
7.017719348385253397e+01,8.244732023317801861e+00
7.019719919977137579e+01,6.977575240013258018e+00
7.021720491569020339e+01,6.398128350581732349e+00
7.023721063160903100e+01,6.761040814833419788e+00
7.025721634752787281e+01,5.882005473988251687e+00
7.027722206344670042e+01,6.370882348125451067e+00
7.029722777936552802e+01,5.198856397971089116e+00
7.031723349528436984e+01,5.104899229315004838e+00
7.033723921120321165e+01,5.876370564333520008e+00
7.035724492712203926e+01,4.338218062752452475e+00
7.037725064304086686e+01,4.440354141145962608e+00
7.039725635895970868e+01,4.049526403165622845e+00
7.041726207487855049e+01,4.026525509411204240e+00
7.043726779079736389e+01,4.297813095492351465e+00
7.045727350671620570e+01,4.078400545568724667e+00
7.047727922263504752e+01,4.246548133110346512e+00
7.049728493855387512e+01,4.043297238596410104e+00
7.051729065447270273e+01,3.990561747830375428e+00
7.053729637039154454e+01,2.990448569264831047e+00
7.055730208631038636e+01,3.865219876461005288e+00
7.057730780222921396e+01,3.804709720757376346e+00
7.059731351814804157e+01,4.237688307610810945e+00
7.061731923406688338e+01,3.977453319239995455e+00
7.063732494998571099e+01,3.255635197303492934e+00
7.065733066590453859e+01,4.111421208277761252e+00
7.067733638182338041e+01,3.525625420985016856e+00
7.069734209774222222e+01,4.199805887532095383e+00
7.071734781366104983e+01,3.815907281450332533e+00
7.073735352957987743e+01,2.848144533839380266e+00
7.075735924549871925e+01,3.594525983275646652e+00
7.077736496141756106e+01,3.714851558117367336e+00
7.079737067733638867e+01,3.202770424518745163e+00
7.081737639325521627e+01,3.510719683492100618e+00
7.083738210917405809e+01,3.490058387915117688e+00
7.085738782509288569e+01,3.814314669210665087e+00
7.087739354101171330e+01,3.325985052377967488e+00
7.089739925693055511e+01,2.974104337104692686e+00
7.091740497284939693e+01,3.661771327781438767e+00
7.093741068876822453e+01,3.039271641632106391e+00
7.095741640468705214e+01,3.289543323887699433e+00
7.097742212060589395e+01,4.202442840156324522e+00
7.099742783652472156e+01,3.517898395016429980e+00
7.101743355244354916e+01,3.183884217695902574e+00
7.103743926836239098e+01,3.614492410313940862e+00
7.105744498428123279e+01,3.319636817360147152e+00
7.107745070020006040e+01,3.301353338588059572e+00
7.109745641611888800e+01,3.526814243820952655e+00
7.111746213203772982e+01,3.478011792667492053e+00
7.113746784795657163e+01,3.439975639567319998e+00
7.115747356387539924e+01,3.457154590245251846e+00
7.117747927979422684e+01,3.958284235904994119e+00
7.119748499571306866e+01,4.120599047969522033e+00
7.121749071163189626e+01,3.772954806707554010e+00
7.123749642755072387e+01,3.782325141733274165e+00
7.125750214346956568e+01,3.996038315674464769e+00
7.127750785938840750e+01,3.107947922380154271e+00
7.129751357530723510e+01,3.523793568134876875e+00
7.131751929122606271e+01,3.777835897125216391e+00
7.133752500714490452e+01,3.763109218165644254e+00
7.135753072306374634e+01,2.737665862660480620e+00
7.137753643898255973e+01,4.306853828723459898e+00
7.139754215490140155e+01,3.740318255390605806e+00
7.141754787082024336e+01,3.038078112989191837e+00
7.143755358673907097e+01,3.158812423428527971e+00
7.145755930265789857e+01,3.251871959518916722e+00
7.147756501857674039e+01,3.425106034412085609e+00
7.149757073449558220e+01,4.032187804619395521e+00
7.151757645041440981e+01,3.861027997544550949e+00
7.153758216633323741e+01,3.056264553717249477e+00
7.155758788225207923e+01,3.448400536020724161e+00
7.157759359817090683e+01,3.493081919417239334e+00
7.159759931408973443e+01,3.193124233185240080e+00
7.161760503000857625e+01,3.037359218734812405e+00
7.163761074592741807e+01,3.480095256363310963e+00
7.165761646184624567e+01,3.320954052032577763e+00
7.167762217776507327e+01,3.699497729552526870e+00
7.169762789368391509e+01,3.305455471189741701e+00
7.171763360960275691e+01,4.098118151808547438e+00
7.173763932552158451e+01,3.828671494980579570e+00
7.175764504144041211e+01,3.555341074047172256e+00
7.177765075735925393e+01,3.777959389438956261e+00
7.179765647327808153e+01,3.289764399659085736e+00
7.181766218919690914e+01,3.784922183435581289e+00
7.183766790511575095e+01,3.098188183257960748e+00
7.185767362103459277e+01,4.214602540214161586e+00
7.187767933695342037e+01,3.845435546612250288e+00
7.189768505287224798e+01,4.232932566310772415e+00
7.191769076879108979e+01,3.414321021318246441e+00
7.193769648470991740e+01,4.938294975528604525e+00
7.195770220062874500e+01,4.382530821508016317e+00
7.197770791654758682e+01,4.761714467179939625e+00
7.199771363246642863e+01,5.194894670671247994e+00
7.201771934838525624e+01,4.194590126116241713e+00
7.203772506430408384e+01,5.409890276245644891e+00
7.205773078022292566e+01,4.911288858034925653e+00
7.207773649614176747e+01,4.502659049725152407e+00
7.209774221206059508e+01,5.053059989397946872e+00
7.211774792797942268e+01,5.690340813359050287e+00
7.213775364389826450e+01,5.415471257057614451e+00
7.215775935981709210e+01,5.991495486966879724e+00
7.217776507573591971e+01,5.523925708309400662e+00
7.219777079165476152e+01,5.395538213209659872e+00
7.221777650757360334e+01,5.882379312396190940e+00
7.223778222349243094e+01,6.194035057157424973e+00
7.225778793941125855e+01,5.468956953033112356e+00
7.227779365533010036e+01,6.515369279165678762e+00
7.229779937124894218e+01,5.587455251388657729e+00
7.231780508716775557e+01,6.387560452427993418e+00
7.233781080308659739e+01,6.722280142024066762e+00
7.235781651900543920e+01,6.162960362919994495e+00
7.237782223492426681e+01,6.434223251894037432e+00
7.239782795084309441e+01,5.524407982821359475e+00
7.241783366676193623e+01,6.504188396011320705e+00
7.243783938268077804e+01,5.988769758027006063e+00
7.245784509859960565e+01,6.241773268425975019e+00
7.247785081451843325e+01,6.420854516423872838e+00
7.249785653043727507e+01,6.410419256705383262e+00
7.251786224635610267e+01,5.727206871985174530e+00
7.253786796227493028e+01,5.287412405116898917e+00
7.255787367819377209e+01,5.820032496669161226e+00
7.257787939411261391e+01,5.263708076913510503e+00
7.259788511003144151e+01,5.776853628222814230e+00
7.261789082595026912e+01,4.120903834599364046e+00
7.263789654186911093e+01,5.025338617637764571e+00
7.265790225778795275e+01,4.956258139024153131e+00
7.267790797370678035e+01,4.152474916623331680e+00
7.269791368962560796e+01,4.010540589341916373e+00
7.271791940554444977e+01,4.392251643293037411e+00
7.273792512146327738e+01,4.775827030523791095e+00
7.275793083738210498e+01,3.757762179703542760e+00
7.277793655330094680e+01,4.628421470923319347e+00
7.279794226921978861e+01,3.772124715336006240e+00
7.281794798513861622e+01,3.863154600406891959e+00
7.283795370105744382e+01,3.879729009582025157e+00
7.285795941697628564e+01,3.715707445089217131e+00
7.287796513289511324e+01,4.268418964560882323e+00
7.289797084881394085e+01,4.129092540039327908e+00
7.291797656473278266e+01,3.450938735724217388e+00
7.293798228065162448e+01,4.165016866285413677e+00
7.295798799657045208e+01,4.163839967207098702e+00
7.297799371248927969e+01,4.163042140383071299e+00
7.299799942840812150e+01,4.506000303082510428e+00
7.301800514432696332e+01,4.221423714054653331e+00
7.303801086024579092e+01,4.570423697231714932e+00
7.305801657616461853e+01,4.976133623173986109e+00
7.307802229208346034e+01,4.452776036589338737e+00
7.309802800800228795e+01,4.484100344229139168e+00
7.311803372392111555e+01,4.085609861246207508e+00
7.313803943983995737e+01,5.283119173580670846e+00
7.315804515575879918e+01,5.208736551776355306e+00
7.317805087167762679e+01,4.326448178575152959e+00
7.319805658759645439e+01,5.523957438714211854e+00
7.321806230351529621e+01,5.932051869872988270e+00
7.323806801943413802e+01,5.760362348968586232e+00
7.325807373535295142e+01,5.789234062413093795e+00
7.327807945127179323e+01,5.951883906080315256e+00
7.329808516719063505e+01,5.518066526505993608e+00
7.331809088310946265e+01,5.951406068793113846e+00
7.333809659902829026e+01,6.495505179579275534e+00
7.335810231494713207e+01,6.058505838120897380e+00
7.337810803086597389e+01,5.907647117705826290e+00
7.339811374678480149e+01,5.064563086578694140e+00
7.341811946270362910e+01,5.605638834577987950e+00
7.343812517862247091e+01,5.602856779858059966e+00
7.345813089454129852e+01,4.861286181839605369e+00
7.347813661046012612e+01,5.354137574920705411e+00
7.349814232637896794e+01,5.370609424178233837e+00
7.351814804229780975e+01,5.722482864374766720e+00
7.353815375821663736e+01,5.471113247194215212e+00
7.355815947413546496e+01,5.601298357469380207e+00
7.357816519005430678e+01,4.802280676380793700e+00
7.359817090597314859e+01,5.115961665835746075e+00
7.361817662189197620e+01,5.059710191061020268e+00
7.363818233781080380e+01,4.622600964604578699e+00
7.365818805372964562e+01,5.044832961400213200e+00
7.367819376964847322e+01,4.285627352901592246e+00
7.369819948556730083e+01,4.911998760842458012e+00
7.371820520148614264e+01,5.236696142221664019e+00
7.373821091740498446e+01,3.906254394138832797e+00
7.375821663332381206e+01,4.090520118518836235e+00
7.377822234924263967e+01,4.673318223589677523e+00
7.379822806516148148e+01,4.620416126768583709e+00
7.381823378108030909e+01,3.968560420777484943e+00
7.383823949699913669e+01,4.721405877629981873e+00
7.385824521291797851e+01,4.332865095355485252e+00
7.387825092883682032e+01,4.029223668514680057e+00
7.389825664475564793e+01,3.812238327343755451e+00
7.391826236067447553e+01,3.746080983667532394e+00
7.393826807659331735e+01,3.915528146361983985e+00
7.395827379251215916e+01,3.600315535336082728e+00
7.397827950843098677e+01,3.993511522510131861e+00
7.399828522434981437e+01,4.077394434487015218e+00
7.401829094026865619e+01,4.460576225748155821e+00
7.403829665618748379e+01,4.431051608136872488e+00
7.405830237210632561e+01,4.329883364955505520e+00
7.407830808802515321e+01,3.370870898973950425e+00
7.409831380394398082e+01,3.127893771783210930e+00
7.411831951986282263e+01,3.763832639155811677e+00
7.413832523578165024e+01,3.599442904474983607e+00
7.415833095170049205e+01,3.929468785154748733e+00
7.417833666761931966e+01,3.284826910459802018e+00
7.419834238353816147e+01,4.250279981353532577e+00
7.421834809945698908e+01,3.797128904668579885e+00
7.423835381537583089e+01,3.720370205876700975e+00
7.425835953129465850e+01,3.225878557981351591e+00
7.427836524721348610e+01,3.525803975446604177e+00
7.429837096313232792e+01,3.459767002049131346e+00
7.431837667905115552e+01,3.848207358743027218e+00
7.433838239496999734e+01,3.093358780404241948e+00
7.435838811088882494e+01,3.264255976560261008e+00
7.437839382680766676e+01,3.735340765167795674e+00
7.439839954272649436e+01,4.256689196663639763e+00
7.441840525864533618e+01,3.938396967979949093e+00
7.443841097456416378e+01,3.585572579298458074e+00
7.445841669048300560e+01,4.182061255051935156e+00
7.447842240640183320e+01,3.936264562606555995e+00
7.449842812232066080e+01,4.449936872025256562e+00
7.451843383823950262e+01,3.598379476039120117e+00
7.453843955415833022e+01,3.428261245212849584e+00
7.455844527007717204e+01,3.824090130164370382e+00
7.457845098599599964e+01,4.720798797587628215e+00
7.459845670191484146e+01,5.172889908117990210e+00
7.461846241783366906e+01,4.690360658873322208e+00
7.463846813375251088e+01,5.492217800104168823e+00
7.465847384967133848e+01,5.514053719618722482e+00
7.467847956559016609e+01,4.965380105972299063e+00
7.469848528150900790e+01,5.716572178486257982e+00
7.471849099742783551e+01,5.766517027078844393e+00
7.473849671334667732e+01,6.180740207120042129e+00
7.475850242926550493e+01,5.807425099269409863e+00
7.477850814518434674e+01,5.839888818472475762e+00
7.479851386110317435e+01,6.385099746854294267e+00
7.481851957702201616e+01,5.915147258089651139e+00
7.483852529294084377e+01,6.065393436832282603e+00
7.485853100885967137e+01,6.226569731521763629e+00
7.487853672477851319e+01,6.235112555707301496e+00
7.489854244069734079e+01,5.933671243689771835e+00
7.491854815661618261e+01,6.113580856764677662e+00
7.493855387253501021e+01,5.987634611953879471e+00
7.495855958845385203e+01,6.594030939556917659e+00
7.497856530437267963e+01,5.682497163114836880e+00
7.499857102029152145e+01,5.523845977587628298e+00
7.501857673621034905e+01,5.732209666015943839e+00
7.503858245212917666e+01,5.890355867195717465e+00
7.505858816804801847e+01,5.088636289433269511e+00
7.507859388396684608e+01,4.834816018590260889e+00
7.509859959988568789e+01,5.860594634792551716e+00
7.511860531580451550e+01,4.578221362429086838e+00
7.513861103172335731e+01,4.220556163029503871e+00
7.515861674764218492e+01,4.798234175628842912e+00
7.517862246356102673e+01,4.607982303336026320e+00
7.519862817947985434e+01,5.000546378672539483e+00
7.521863389539868194e+01,4.002048689069200194e+00
7.523863961131752376e+01,5.139952165793870265e+00
7.525864532723635136e+01,4.782413381679685216e+00
7.527865104315519318e+01,4.887659661924432797e+00
7.529865675907402078e+01,4.098997414519163662e+00
7.531866247499286260e+01,4.554817179460361132e+00
7.533866819091169020e+01,5.024109694599437681e+00
7.535867390683053202e+01,4.672259771733058287e+00
7.537867962274935962e+01,4.950585658816347490e+00
7.539868533866820144e+01,4.902424884151666440e+00
7.541869105458702904e+01,4.619627615594513514e+00
7.543869677050585665e+01,4.336160538734683989e+00
7.545870248642469846e+01,4.124515044062637692e+00
7.547870820234352607e+01,3.658634603289609988e+00
7.549871391826236788e+01,3.881648757976742914e+00
7.551871963418119549e+01,4.126381842906054587e+00
7.553872535010003730e+01,3.633432396721584023e+00
7.555873106601886491e+01,3.409062812699169775e+00
7.557873678193770672e+01,3.609928702493507835e+00
7.559874249785653433e+01,3.145363180664530134e+00
7.561874821377536193e+01,2.960427738714998647e+00
7.563875392969420375e+01,3.444132642234647879e+00
7.565875964561303135e+01,3.053839277004691155e+00
7.567876536153187317e+01,3.665833018061487092e+00
7.569877107745070077e+01,3.166924462005566543e+00
7.571877679336954259e+01,3.222553568001870872e+00
7.573878250928837019e+01,3.831031053386066976e+00
7.575878822520721201e+01,3.568679031729129481e+00
7.577879394112603961e+01,3.718978750102205133e+00
7.579879965704486722e+01,3.295585238858562249e+00
7.581880537296370903e+01,3.557536739607108256e+00
7.583881108888253664e+01,3.446279632239831692e+00
7.585881680480137845e+01,3.253475073042717103e+00
7.587882252072020606e+01,3.641403858267268312e+00
7.589882823663904787e+01,2.926856453765788846e+00
7.591883395255787548e+01,3.260418824379951008e+00
7.593883966847671729e+01,3.307306197406573833e+00
7.595884538439554490e+01,3.483816691795238896e+00
7.597885110031437250e+01,3.137359171532815072e+00
7.599885681623321432e+01,3.816243809690801125e+00
7.601886253215204192e+01,3.944559838368387528e+00
7.603886824807088374e+01,3.529632628651981907e+00
7.605887396398971134e+01,3.519043236838290234e+00
7.607887967990855316e+01,3.006684453413653202e+00
7.609888539582738076e+01,2.993248358340845794e+00
7.611889111174622258e+01,3.746105714395100872e+00
7.613889682766505018e+01,3.621865933692687278e+00
7.615890254358387779e+01,3.176260703095633353e+00
7.617890825950271960e+01,3.103528982750522580e+00
7.619891397542154721e+01,3.063675848326174123e+00
7.621891969134038902e+01,3.574247321421277324e+00
7.623892540725921663e+01,3.448427009077445149e+00
7.625893112317805844e+01,3.866437325238626599e+00
7.627893683909688605e+01,3.333293294292439590e+00
7.629894255501572786e+01,3.749933920806214349e+00
7.631894827093455547e+01,4.247244988085484785e+00
7.633895398685339728e+01,4.298115484851859236e+00
7.635895970277222489e+01,3.499229376081828935e+00
7.637896541869105249e+01,3.941346792376255515e+00
7.639897113460989431e+01,4.942292184869401694e+00
7.641897685052872191e+01,4.391515073259422586e+00
7.643898256644756373e+01,3.852244184011145656e+00
7.645898828236639133e+01,4.684462403448637957e+00
7.647899399828523315e+01,5.273889407683870267e+00
7.649899971420406075e+01,5.227178871670231430e+00
7.651900543012290257e+01,5.264206031390984641e+00
7.653901114604173017e+01,6.138012833835917448e+00
7.655901686196055778e+01,5.917037710407896611e+00
7.657902257787939959e+01,6.823148880604062327e+00
7.659902829379822720e+01,6.898048634509752475e+00
7.661903400971706901e+01,7.563280421458486558e+00
7.663903972563589662e+01,7.135430783756104844e+00
7.665904544155473843e+01,7.913667449461483372e+00
7.667905115747356604e+01,8.104922608827255459e+00
7.669905687339240785e+01,8.900254442974032898e+00
7.671906258931123546e+01,9.184913988861222123e+00
7.673906830523006306e+01,8.116235555240933763e+00
7.675907402114890488e+01,8.109540590054450604e+00
7.677907973706773248e+01,7.754871227689848823e+00
7.679908545298657430e+01,7.208353507394709148e+00
7.681909116890540190e+01,7.272109005347601851e+00
7.683909688482424372e+01,6.834122171235295085e+00
7.685910260074307132e+01,7.011023328086482209e+00
7.687910831666191314e+01,6.766369667321016301e+00
7.689911403258074074e+01,6.772212011667828158e+00
7.691911974849956835e+01,6.007289138945383300e+00
7.693912546441841016e+01,5.513967395697283891e+00
7.695913118033723777e+01,5.458216021723766964e+00
7.697913689625607958e+01,4.870254253285326129e+00
7.699914261217490719e+01,4.718977876214247580e+00
7.701914832809374900e+01,4.719202824132775476e+00
7.703915404401257661e+01,5.068995983910531855e+00
7.705915975993141842e+01,4.145250481107314755e+00
7.707916547585024603e+01,4.574364307299992660e+00
7.709917119176907363e+01,3.396284243892818022e+00
7.711917690768791545e+01,3.760806949184616332e+00
7.713918262360674305e+01,3.803140468922692641e+00
7.715918833952558487e+01,3.448018464349176249e+00
7.717919405544441247e+01,3.143816235076132060e+00
7.719919977136325429e+01,4.363458255667557850e+00
7.721920548728208189e+01,3.524417550659287190e+00
7.723921120320092371e+01,4.100108695964424399e+00
7.725921691911975131e+01,3.423038398402914684e+00
7.727922263503859313e+01,3.091083482216184564e+00
7.729922835095742073e+01,4.811760211483044003e+00
7.731923406687624833e+01,3.968967445786090842e+00
7.733923978279509015e+01,4.117430598460197544e+00
7.735924549871391775e+01,3.932448990697103852e+00
7.737925121463275957e+01,4.675425098163942472e+00
7.739925693055158717e+01,4.750606028012770210e+00
7.741926264647042899e+01,4.064609337106562137e+00
7.743926836238925659e+01,4.645078750374926457e+00
7.745927407830809841e+01,4.892829463124794387e+00
7.747927979422692601e+01,4.794721522335391839e+00
7.749928551014575362e+01,5.491886802380918198e+00
7.751929122606459543e+01,5.720416106095314035e+00
7.753929694198342304e+01,5.349623967943418990e+00
7.755930265790226485e+01,5.019469858544544749e+00
7.757930837382109246e+01,5.271337366162613058e+00
7.759931408973993427e+01,5.896384186994724885e+00
7.761931980565876188e+01,5.375894831286637476e+00
7.763932552157760369e+01,5.180543645284592991e+00
7.765933123749643130e+01,4.536605625669329456e+00
7.767933695341525890e+01,5.252972427081276763e+00
7.769934266933410072e+01,5.540175544087524884e+00
7.771934838525292832e+01,5.115381055107678598e+00
7.773935410117177014e+01,5.629009582043153159e+00
7.775935981709059774e+01,5.369533156636477678e+00
7.777936553300943956e+01,5.430084997824687676e+00
7.779937124892826716e+01,5.363758027852317589e+00
7.781937696484710898e+01,4.297942619405770159e+00
7.783938268076593658e+01,4.467906674336711959e+00
7.785938839668476419e+01,4.966963858044698199e+00
7.787939411260360600e+01,4.838950855921638095e+00
7.789939982852243361e+01,3.931393742286861226e+00
7.791940554444127542e+01,4.640350042680021936e+00
7.793941126036010303e+01,4.436090940994779075e+00
7.795941697627894484e+01,4.581718780783993417e+00
7.797942269219777245e+01,4.874552375427085416e+00
7.799942840811661426e+01,4.482147161040937355e+00
7.801943412403544187e+01,4.567101895752173846e+00
7.803943983995426947e+01,4.791296972445302949e+00
7.805944555587311129e+01,4.490427820024223138e+00
7.807945127179193889e+01,4.575747205572855414e+00
7.809945698771078071e+01,4.751808621582612524e+00
7.811946270362960831e+01,5.287192721148570307e+00
7.813946841954845013e+01,4.444413532580006709e+00
7.815947413546727773e+01,4.681408142894484037e+00
7.817947985138611955e+01,5.644598208249536953e+00
7.819948556730494715e+01,4.833225379072925598e+00
7.821949128322378897e+01,5.801700660018674682e+00
7.823949699914261657e+01,5.171293849799742048e+00
7.825950271506144418e+01,6.117911413013600530e+00
7.827950843098028599e+01,6.098895716349873375e+00
7.829951414689911360e+01,5.662156498221357026e+00
7.831951986281795541e+01,6.279256485052046699e+00
7.833952557873678302e+01,6.338249353572800615e+00
7.835953129465562483e+01,5.054362036473008857e+00
7.837953701057445244e+01,6.435566814099065169e+00
7.839954272649329425e+01,6.252347144617445451e+00
7.841954844241212186e+01,5.777557658851609546e+00
7.843955415833094946e+01,6.267346958695699577e+00
7.845955987424979128e+01,5.924118583512180791e+00
7.847956559016861888e+01,5.515789630608294303e+00
7.849957130608746070e+01,6.265841934904186949e+00
7.851957702200628830e+01,5.440677897659856654e+00
7.853958273792513012e+01,5.192271224690071740e+00
7.855958845384395772e+01,4.691463150488107914e+00
7.857959416976279954e+01,4.645130768653848108e+00
7.859959988568162714e+01,5.156476879406493907e+00
7.861960560160045475e+01,5.341595939801447201e+00
7.863961131751929656e+01,4.052152701545885805e+00
7.865961703343812417e+01,4.204418891291020088e+00
7.867962274935696598e+01,4.873867115904399583e+00
7.869962846527579359e+01,3.976498664672869499e+00
7.871963418119463540e+01,4.644861076293971713e+00
7.873963989711346301e+01,4.511783795229692196e+00
7.875964561303230482e+01,3.999030475940771545e+00
7.877965132895113243e+01,4.269330891476974088e+00
7.879965704486996003e+01,3.796300829959396328e+00
7.881966276078880185e+01,3.927516936645827794e+00
7.883966847670762945e+01,4.135318471664295004e+00
7.885967419262647127e+01,3.794118926201301090e+00
7.887967990854529887e+01,3.944934070660037762e+00
7.889968562446414069e+01,4.524627742678802633e+00
7.891969134038296829e+01,4.796471736448536305e+00
7.893969705630181011e+01,3.460643543111322717e+00
7.895970277222063771e+01,4.420974545839650993e+00
7.897970848813946532e+01,4.303360867225746844e+00
7.899971420405830713e+01,4.351332233863379528e+00
7.901971991997713474e+01,3.776372153517048247e+00
7.903972563589597655e+01,3.969739832746472352e+00
7.905973135181480416e+01,3.956191186882713318e+00
7.907973706773364597e+01,4.085734863971090647e+00
7.909974278365247358e+01,3.977221616550252747e+00
7.911974849957131539e+01,3.490869524037655935e+00
7.913975421549014300e+01,4.319427298910037294e+00
7.915975993140898481e+01,4.237650246763012163e+00
7.917976564732781242e+01,4.027699387348667059e+00
7.919977136324664002e+01,3.839668931682509445e+00
7.921977707916548184e+01,4.340063183554732973e+00
7.923978279508430944e+01,3.722057732958078624e+00
7.925978851100315126e+01,4.062420525766165191e+00
7.927979422692197886e+01,3.842306857157124611e+00
7.929979994284082068e+01,3.677048257046287461e+00
7.931980565875964828e+01,4.123171032159849148e+00
7.933981137467849010e+01,4.492464828589054271e+00
7.935981709059731770e+01,4.382325523632026432e+00
7.937982280651614531e+01,5.217318163034621037e+00
7.939982852243498712e+01,4.448342605491640178e+00
7.941983423835381473e+01,4.607179693617763583e+00
7.943983995427265654e+01,6.009139796382548582e+00
7.945984567019148415e+01,5.884421946215624644e+00
7.947985138611032596e+01,5.846816399272572795e+00
7.949985710202915357e+01,6.192875885990646978e+00
7.951986281794799538e+01,7.064802006635206411e+00
7.953986853386682299e+01,8.285187988652072733e+00
7.955987424978565059e+01,7.794382644167770380e+00
7.957987996570449241e+01,9.293408052388475227e+00
7.959988568162332001e+01,9.823522245002966002e+00
7.961989139754216183e+01,9.510884106925695747e+00
7.963989711346098943e+01,1.019647265830104033e+01
7.965990282937983125e+01,9.649647558749258280e+00
7.967990854529865885e+01,1.076429173328587652e+01
7.969991426121750067e+01,1.094298741525157581e+01
7.971991997713632827e+01,1.064049836089187906e+01
7.973992569305515588e+01,1.047823806613145514e+01
7.975993140897399769e+01,1.025685464962784899e+01
7.977993712489282530e+01,1.032202138590038487e+01
7.979994284081166711e+01,8.914912601097661593e+00
7.981994855673049472e+01,7.915004102497164240e+00
7.983995427264933653e+01,9.032986152721043993e+00
7.985995998856816414e+01,7.963183685251774335e+00
7.987996570448700595e+01,7.056218573077444489e+00
7.989997142040583356e+01,6.763037035848288525e+00
7.991997713632466116e+01,6.138225487043818873e+00
7.993998285224350298e+01,6.376209259653915495e+00
7.995998856816233058e+01,5.674867545577793493e+00
7.997999428408117240e+01,5.377366277701430164e+00
8.000000000000000000e+01,3.804836198587585816e+00
