angle,intensity
1.000000000000000000e+01,3.851807030094565931e+00
1.002000571591883471e+01,5.481656634223068814e+00
1.004001143183766764e+01,5.168802045440188841e+00
1.006001714775650235e+01,5.536098951161817716e+00
1.008002286367533529e+01,5.987396134570718509e+00
1.010002857959417000e+01,5.676643995983009283e+00
1.012003429551300293e+01,5.565504865348477992e+00
1.014004001143183764e+01,5.480753053563300448e+00
1.016004572735067235e+01,5.381490811680254893e+00
1.018005144326950528e+01,5.557216653767014236e+00
1.020005715918833999e+01,5.976111962050445925e+00
1.022006287510717293e+01,4.655229682121135859e+00
1.024006859102600764e+01,4.676306719234972320e+00
1.026007430694484057e+01,6.139380581642312151e+00
1.028008002286367528e+01,5.083152077994021134e+00
1.030008573878250999e+01,5.056010952354698773e+00
1.032009145470134293e+01,5.001507944191262212e+00
1.034009717062017764e+01,5.348137432461660623e+00
1.036010288653901057e+01,4.977239542277022366e+00
1.038010860245784528e+01,5.006336857082620106e+00
1.040011431837667999e+01,4.133075196236851490e+00
1.042012003429551292e+01,4.547317098250912792e+00
1.044012575021434763e+01,4.131816088481192750e+00
1.046013146613318057e+01,4.319748430252825067e+00
1.048013718205201528e+01,4.629575157240090277e+00
1.050014289797084821e+01,3.964566266586010634e+00
1.052014861388968292e+01,3.838100643627715414e+00
1.054015432980851585e+01,3.935863873235059707e+00
1.056016004572735056e+01,3.749694456269059284e+00
1.058016576164618527e+01,4.575287185272616242e+00
1.060017147756501821e+01,3.829610462122241987e+00
1.062017719348385292e+01,3.724535593116439891e+00
1.064018290940268585e+01,4.278209138178153736e+00
1.066018862532152056e+01,4.145398320221926447e+00
1.068019434124035527e+01,3.909992377273429742e+00
1.070020005715918820e+01,4.352051399444635038e+00
1.072020577307802292e+01,3.793455290055417706e+00
1.074021148899685585e+01,3.045167853171111716e+00
1.076021720491569056e+01,4.018840755245360441e+00
1.078022292083452349e+01,3.082577975059883180e+00
1.080022863675335820e+01,3.118235583199516547e+00
1.082023435267219291e+01,3.460354542078219353e+00
1.084024006859102585e+01,3.876900425611863099e+00
1.086024578450986056e+01,3.139587538751667850e+00
1.088025150042869349e+01,3.508499086747727702e+00
1.090025721634752820e+01,4.026154229336460944e+00
1.092026293226636113e+01,3.605434096337387206e+00
1.094026864818519584e+01,4.124616245549122873e+00
1.096027436410403055e+01,3.182186939975770734e+00
1.098028008002286349e+01,3.226816981824589092e+00
1.100028579594169820e+01,3.351556996336987559e+00
1.102029151186053113e+01,3.748671127427468885e+00
1.104029722777936584e+01,3.501067077025460605e+00
1.106030294369819877e+01,3.590732722212427674e+00
1.108030865961703348e+01,3.747889403184048618e+00
1.110031437553586819e+01,3.597186579583858013e+00
1.112032009145470113e+01,3.685836805066929678e+00
1.114032580737353584e+01,3.064262635736936247e+00
1.116033152329236877e+01,3.015990255069008974e+00
1.118033723921120348e+01,3.751455480267406273e+00
1.120034295513003642e+01,3.329390435122441261e+00
1.122034867104887113e+01,3.982348742409146602e+00
1.124035438696770584e+01,3.516382504744091975e+00
1.126036010288653877e+01,3.690382240602094299e+00
1.128036581880537348e+01,3.660908468275252847e+00
1.130037153472420641e+01,3.352746418958599595e+00
1.132037725064304112e+01,3.535997636721992521e+00
1.134038296656187583e+01,3.184477414407459239e+00
1.136038868248070877e+01,3.323701187692986281e+00
1.138039439839954348e+01,3.437099592730278097e+00
1.140040011431837641e+01,3.910570721200547162e+00
1.142040583023721112e+01,3.466189049387728094e+00
1.144041154615604405e+01,3.986702719304795473e+00
1.146041726207487876e+01,3.121679109790220341e+00
1.148042297799371170e+01,3.972926435577726068e+00
1.150042869391254641e+01,3.118093534347107010e+00
1.152043440983138112e+01,3.281863312156902523e+00
1.154044012575021405e+01,3.943498429175795739e+00
1.156044584166904876e+01,3.775468536887649940e+00
1.158045155758788169e+01,3.622813639145908482e+00
1.160045727350671640e+01,4.016551577304735332e+00
1.162046298942555111e+01,3.417373216369411715e+00
1.164046870534438405e+01,2.896763432230599733e+00
1.166047442126321876e+01,3.849527370214125277e+00
1.168048013718205169e+01,3.247804434802710194e+00
1.170048585310088640e+01,3.631113483791721386e+00
1.172049156901971934e+01,3.435643671259830167e+00
1.174049728493855405e+01,3.666777849700773029e+00
1.176050300085738698e+01,3.235508358712133159e+00
1.178050871677622169e+01,3.870003508369786349e+00
1.180051443269505640e+01,3.929983126752832678e+00
1.182052014861388933e+01,3.499438520931549057e+00
1.184052586453272404e+01,3.544684860687715933e+00
1.186053158045155698e+01,3.473855676303633899e+00
1.188053729637039169e+01,3.303239618237854280e+00
1.190054301228922640e+01,3.705864816472827616e+00
1.192054872820805933e+01,3.182496310107759907e+00
1.194055444412689404e+01,3.681073629421553584e+00
1.196056016004572697e+01,2.810810395158886976e+00
1.198056587596456168e+01,3.196875974195334535e+00
1.200057159188339639e+01,3.078750454003870818e+00
1.202057730780222933e+01,3.426907099418058156e+00
1.204058302372106226e+01,3.462443221423568751e+00
1.206058873963989697e+01,2.832364353759043052e+00
1.208059445555873168e+01,4.131125163992253491e+00
1.210060017147756461e+01,3.238618017441171393e+00
1.212060588739639932e+01,3.270349836095481688e+00
1.214061160331523226e+01,3.253548286410644863e+00
1.216061731923406697e+01,3.827410249538901965e+00
1.218062303515290168e+01,2.910382407943342908e+00
1.220062875107173461e+01,3.403120482990820150e+00
1.222063446699056932e+01,3.736801376931750962e+00
1.224064018290940226e+01,3.804742986087783496e+00
1.226064589882823697e+01,3.784260500945686445e+00
1.228065161474707168e+01,3.441336344247239332e+00
1.230065733066590461e+01,4.019702649549715012e+00
1.232066304658473754e+01,3.449822495484001994e+00
1.234066876250357225e+01,3.605927831722433474e+00
1.236067447842240696e+01,3.473355298149865877e+00
1.238068019434123990e+01,4.500870137135540183e+00
1.240068591026007461e+01,4.188588245438054969e+00
1.242069162617890754e+01,3.935856111133808621e+00
1.244069734209774225e+01,3.504433382244342088e+00
1.246070305801657696e+01,4.521357565636543008e+00
1.248070877393540989e+01,3.984591417740554142e+00
1.250071448985424460e+01,3.385105911402940482e+00
1.252072020577307754e+01,4.635328356516570381e+00
1.254072592169191225e+01,3.769168194601821398e+00
1.256073163761074696e+01,3.984477315733090386e+00
1.258073735352957989e+01,4.398314747213587950e+00
1.260074306944841460e+01,4.009314657775099988e+00
1.262074878536724754e+01,4.653228629049863230e+00
1.264075450128608225e+01,3.782872366705459566e+00
1.266076021720491518e+01,3.554676984591519151e+00
1.268076593312374989e+01,3.883554818384747254e+00
1.270077164904258282e+01,4.488912539925880019e+00
1.272077736496141753e+01,4.449991452706013817e+00
1.274078308088025224e+01,3.638951801003071029e+00
1.276078879679908518e+01,4.519141567346027344e+00
1.278079451271791989e+01,4.532142715776793729e+00
1.280080022863675282e+01,3.582109414018770366e+00
1.282080594455558753e+01,4.526859894118866023e+00
1.284081166047442224e+01,4.537039565027677135e+00
1.286081737639325517e+01,4.845772349859755579e+00
1.288082309231208988e+01,3.648189943875222330e+00
1.290082880823092282e+01,4.690743621438851818e+00
1.292083452414975753e+01,4.449710468412659381e+00
1.294084024006859224e+01,4.489487657362308148e+00
1.296084595598742517e+01,4.328044697880613967e+00
1.298085167190625810e+01,3.852138964205488847e+00
1.300085738782509281e+01,4.092230101998248770e+00
1.302086310374392752e+01,3.834887289444921521e+00
1.304086881966276046e+01,3.821578852037804452e+00
1.306087453558159517e+01,3.990005930609237694e+00
1.308088025150042810e+01,4.542316612989993452e+00
1.310088596741926281e+01,4.796314775349201476e+00
1.312089168333809752e+01,4.692525817679773503e+00
1.314089739925693046e+01,4.616744706183099289e+00
1.316090311517576517e+01,5.644276229899773512e+00
1.318090883109459810e+01,5.925957764330622268e+00
1.320091454701343281e+01,4.640416058956794210e+00
1.322092026293226752e+01,5.139958505293927615e+00
1.324092597885110045e+01,4.915638266029633385e+00
1.326093169476993339e+01,5.302319682107791365e+00
1.328093741068876810e+01,5.214293881584922907e+00
1.330094312660760281e+01,4.788930220003726035e+00
1.332094884252643574e+01,5.642556627876127884e+00
1.334095455844527045e+01,5.574958537882111820e+00
1.336096027436410338e+01,5.159372097963681014e+00
1.338096599028293809e+01,5.654844446559176063e+00
1.340097170620177280e+01,5.705641686068074314e+00
1.342097742212060574e+01,6.064339967383562957e+00
1.344098313803944045e+01,5.997066457384587324e+00
1.346098885395827338e+01,5.568960390066352240e+00
1.348099456987710809e+01,5.935470546336961917e+00
1.350100028579594280e+01,6.867156921406884607e+00
1.352100600171477573e+01,5.673730788523053903e+00
1.354101171763361044e+01,6.140858522528744423e+00
1.356101743355244338e+01,6.616183978056844772e+00
1.358102314947127809e+01,6.199246417751347771e+00
1.360102886539011102e+01,5.873673890717275192e+00
1.362103458130894573e+01,5.631044308005785481e+00
1.364104029722777867e+01,7.217268558815709056e+00
1.366104601314661338e+01,6.535573807096334953e+00
1.368105172906544809e+01,6.048729175438177563e+00
1.370105744498428102e+01,6.460733840113416449e+00
1.372106316090311573e+01,7.195569266793766516e+00
1.374106887682194866e+01,7.147553878417359563e+00
1.376107459274078337e+01,6.782274011121655732e+00
1.378108030865961808e+01,7.454964913508952407e+00
1.380108602457845102e+01,7.490617589534396714e+00
1.382109174049728573e+01,6.688864314433390135e+00
1.384109745641611866e+01,7.904789563653782380e+00
1.386110317233495337e+01,7.613721032802735600e+00
1.388110888825378808e+01,7.626405185389430130e+00
1.390111460417262101e+01,7.681450801701526387e+00
1.392112032009145395e+01,7.774613924812216581e+00
1.394112603601028866e+01,7.920716614014075674e+00
1.396113175192912337e+01,7.966576647334377981e+00
1.398113746784795630e+01,7.930185493326813884e+00
1.400114318376679101e+01,8.866092547018567416e+00
1.402114889968562395e+01,8.587216168743148970e+00
1.404115461560445866e+01,8.025458554460731975e+00
1.406116033152329337e+01,9.369117622823956992e+00
1.408116604744212630e+01,8.158397265868886805e+00
1.410117176336095923e+01,8.417055840536232125e+00
1.412117747927979394e+01,8.509887261145285819e+00
1.414118319519862865e+01,9.460561119438018807e+00
1.416118891111746336e+01,8.242691839700626133e+00
1.418119462703629630e+01,8.656433630489352993e+00
1.420120034295512923e+01,8.720574209214118966e+00
1.422120605887396394e+01,8.902159851104723742e+00
1.424121177479279865e+01,9.048517947042437726e+00
1.426121749071163336e+01,8.278683898277826358e+00
1.428122320663046629e+01,8.835336098295599072e+00
1.430122892254929923e+01,7.633599149061641498e+00
1.432123463846813394e+01,8.334712962045109919e+00
1.434124035438696865e+01,8.437629116391802242e+00
1.436124607030580158e+01,8.065527238147279121e+00
1.438125178622463629e+01,7.596139092931965209e+00
1.440125750214346922e+01,7.685415478698240932e+00
1.442126321806230393e+01,7.156092534101829550e+00
1.444126893398113864e+01,7.302260459065458065e+00
1.446127464989997158e+01,7.013776184304543193e+00
1.448128036581880451e+01,7.183261939738563306e+00
1.450128608173763922e+01,6.416326890045638720e+00
1.452129179765647393e+01,5.897926735432561962e+00
1.454129751357530864e+01,5.722526612062270424e+00
1.456130322949414158e+01,5.299902362918412990e+00
1.458130894541297451e+01,5.624722039416347741e+00
1.460131466133180922e+01,5.932744436233964080e+00
1.462132037725064393e+01,5.212636224212024771e+00
1.464132609316947686e+01,4.575807022783174638e+00
1.466133180908831157e+01,4.444114594121320039e+00
1.468133752500714451e+01,5.152424452508551411e+00
1.470134324092597922e+01,5.599253999295449979e+00
1.472134895684481393e+01,4.606815243509434055e+00
1.474135467276364686e+01,5.245202223259012975e+00
1.476136038868247979e+01,4.582256459299488327e+00
1.478136610460131450e+01,4.914570307126296278e+00
1.480137182052014921e+01,5.353876284546830178e+00
1.482137753643898392e+01,4.326552553235546661e+00
1.484138325235781686e+01,4.509577332778477832e+00
1.486138896827664979e+01,4.757839384205023947e+00
1.488139468419548450e+01,4.573665922115113247e+00
1.490140040011431921e+01,4.970029169198806329e+00
1.492140611603315392e+01,4.710712135515972676e+00
1.494141183195198685e+01,4.363612844204531882e+00
1.496141754787081979e+01,3.998153063136192564e+00
1.498142326378965450e+01,4.463279768518049195e+00
1.500142897970848921e+01,5.338775994220512189e+00
1.502143469562732214e+01,4.800067794443510394e+00
1.504144041154615508e+01,4.616522045434972021e+00
1.506144612746498979e+01,4.880944903921128564e+00
1.508145184338382450e+01,5.336243559383305524e+00
1.510145755930265921e+01,5.479692705683937071e+00
1.512146327522149214e+01,5.292652636521490983e+00
1.514146899114032507e+01,4.876755752274996247e+00
1.516147470705915978e+01,5.362526157336990451e+00
1.518148042297799449e+01,5.208966089985273662e+00
1.520148613889682920e+01,5.150286789914969354e+00
1.522149185481566214e+01,5.355496451174238892e+00
1.524149757073449507e+01,5.190041102295070097e+00
1.526150328665332978e+01,5.578498202159349439e+00
1.528150900257216449e+01,6.352673723018856577e+00
1.530151471849099742e+01,5.593789170173742775e+00
1.532152043440983036e+01,6.031202373522999594e+00
1.534152615032866507e+01,5.851857176806761984e+00
1.536153186624749978e+01,5.448745586321256162e+00
1.538153758216633449e+01,5.676248856983801439e+00
1.540154329808516742e+01,6.503952295526886473e+00
1.542154901400400036e+01,6.671524111343463126e+00
1.544155472992283507e+01,6.742499581368578632e+00
1.546156044584166978e+01,6.355448832576076512e+00
1.548156616176050449e+01,6.081846678239007709e+00
1.550157187767933742e+01,6.685836740522671739e+00
1.552157759359817035e+01,6.565848663309359345e+00
1.554158330951700506e+01,6.186027613002065273e+00
1.556158902543583977e+01,6.747816049965521756e+00
1.558159474135467271e+01,7.066419827671142073e+00
1.560160045727350742e+01,7.348421852694528411e+00
1.562160617319234035e+01,7.120971071376587247e+00
1.564161188911117506e+01,7.237130779585551288e+00
1.566161760503000977e+01,6.702972148432795763e+00
1.568162332094884270e+01,7.524867502784291062e+00
1.570162903686767564e+01,7.099569149709354932e+00
1.572163475278651035e+01,8.039294098104745601e+00
1.574164046870534506e+01,7.507399952326774262e+00
1.576164618462417977e+01,7.490762821149777650e+00
1.578165190054301270e+01,6.887321136581762815e+00
1.580165761646184563e+01,7.191719486663870953e+00
1.582166333238068034e+01,7.444735661827250439e+00
1.584166904829951505e+01,7.375813976353341239e+00
1.586167476421834799e+01,7.600828142444616020e+00
1.588168048013718270e+01,7.570006056373223657e+00
1.590168619605601563e+01,7.494155604854130459e+00
1.592169191197485034e+01,6.612698700309003641e+00
1.594169762789368505e+01,6.623366613793704616e+00
1.596170334381251799e+01,6.909512073801845844e+00
1.598170905973135092e+01,6.422562796200681490e+00
1.600171477565018563e+01,6.362918903944327909e+00
1.602172049156902034e+01,7.118144970154483886e+00
1.604172620748785505e+01,5.669061007076613201e+00
1.606173192340668976e+01,6.571779138427023881e+00
1.608173763932552092e+01,6.769532317313702308e+00
1.610174335524435563e+01,5.934135530851913032e+00
1.612174907116319034e+01,5.699720255661885560e+00
1.614175478708202505e+01,5.822082714349179788e+00
1.616176050300085620e+01,6.189296458701061709e+00
1.618176621891969091e+01,5.999763684113021966e+00
1.620177193483852562e+01,5.183604079479563254e+00
1.622177765075736033e+01,5.894725789322838416e+00
1.624178336667619504e+01,6.167531618541885585e+00
1.626178908259502620e+01,6.004899623457598423e+00
1.628179479851386091e+01,5.711703274942034447e+00
1.630180051443269562e+01,5.402037898599965970e+00
1.632180623035153033e+01,6.085452105548807999e+00
1.634181194627036149e+01,6.144717037107017887e+00
1.636181766218919620e+01,5.435851068092828697e+00
1.638182337810803091e+01,5.444831721419268078e+00
1.640182909402686562e+01,5.996433096919389527e+00
1.642183480994570033e+01,5.917113834803404693e+00
1.644184052586453504e+01,5.314322073125547163e+00
1.646184624178336620e+01,5.843763926648186668e+00
1.648185195770220091e+01,5.778784709981351853e+00
1.650185767362103562e+01,5.603897688134079402e+00
1.652186338953986677e+01,6.125660627010724113e+00
1.654186910545870148e+01,6.204429395098919997e+00
1.656187482137753619e+01,5.510535707425932017e+00
1.658188053729637090e+01,5.219675631193836374e+00
1.660188625321520561e+01,5.996035333233017184e+00
1.662189196913404032e+01,5.521129979064987481e+00
1.664189768505287148e+01,5.595226816324586849e+00
1.666190340097170619e+01,5.201521861925385792e+00
1.668190911689054090e+01,4.392008450929941077e+00
1.670191483280937561e+01,5.361329145118046924e+00
1.672192054872820677e+01,4.572682548519900081e+00
1.674192626464704148e+01,4.738245581962084785e+00
1.676193198056587619e+01,4.555373156088885267e+00
1.678193769648471090e+01,4.513652511371581966e+00
1.680194341240354561e+01,3.510493695560827909e+00
1.682194912832238032e+01,4.377734800808438465e+00
1.684195484424121148e+01,3.566588684301755130e+00
1.686196056016004619e+01,3.916318788508815540e+00
1.688196627607888090e+01,3.293028904246204647e+00
1.690197199199771205e+01,3.657183718437202913e+00
1.692197770791654676e+01,3.688766833428533509e+00
1.694198342383538147e+01,2.989129303812482874e+00
1.696198913975421618e+01,3.935065287819552449e+00
1.698199485567305089e+01,3.763064564437399007e+00
1.700200057159188560e+01,2.992856098994671310e+00
1.702200628751071676e+01,3.382329498065724138e+00
1.704201200342955147e+01,4.000377854201570216e+00
1.706201771934838618e+01,3.699915033479021176e+00
1.708202343526722089e+01,3.996640598497478436e+00
1.710202915118605205e+01,3.848841961601020323e+00
1.712203486710488676e+01,3.477877511085561757e+00
1.714204058302372147e+01,3.597185288685428084e+00
1.716204629894255618e+01,4.019057941809004220e+00
1.718205201486139089e+01,3.644630846037333338e+00
1.720205773078022204e+01,3.511152304654636680e+00
1.722206344669905675e+01,4.423143911660057270e+00
1.724206916261789146e+01,4.372671777616874422e+00
1.726207487853672617e+01,3.649396520170888003e+00
1.728208059445555733e+01,4.054395681806422402e+00
1.730208631037439204e+01,3.727379347951682576e+00
1.732209202629322675e+01,4.345974660814341917e+00
1.734209774221206146e+01,3.429741659164644574e+00
1.736210345813089617e+01,3.809475662099835347e+00
1.738210917404973088e+01,3.635336365302405781e+00
1.740211488996856204e+01,4.009815526079339776e+00
1.742212060588739675e+01,3.565467303726687298e+00
1.744212632180623146e+01,3.540426755002880732e+00
1.746213203772506262e+01,3.362969307385893725e+00
1.748213775364389733e+01,2.757298177935846972e+00
1.750214346956273204e+01,4.243339639320889312e+00
1.752214918548156675e+01,3.554236358631093218e+00
1.754215490140040146e+01,3.922533112270126132e+00
1.756216061731923617e+01,4.053017438374183712e+00
1.758216633323806732e+01,3.283451555061855487e+00
1.760217204915690203e+01,3.810986422322370615e+00
1.762217776507573674e+01,3.680257486537404255e+00
1.764218348099457145e+01,3.244292384362747583e+00
1.766218919691340261e+01,3.372953318314346305e+00
1.768219491283223732e+01,3.107566704370416488e+00
1.770220062875107203e+01,2.995665131229500844e+00
1.772220634466990674e+01,4.042394602195217068e+00
1.774221206058874145e+01,3.513382451656085870e+00
1.776221777650757616e+01,4.251647863521624160e+00
1.778222349242640732e+01,3.925755375532053115e+00
1.780222920834524203e+01,3.876307594499770914e+00
1.782223492426407674e+01,3.634558521973210610e+00
1.784224064018290790e+01,3.812588447051895812e+00
1.786224635610174261e+01,3.974768843905199134e+00
1.788225207202057732e+01,4.237863928442894057e+00
1.790225778793941203e+01,3.751716484813988117e+00
1.792226350385824674e+01,3.172594841981689839e+00
1.794226921977708145e+01,4.269715050438453119e+00
1.796227493569591260e+01,3.280638591392972092e+00
1.798228065161474731e+01,4.636126131753580459e+00
1.800228636753358202e+01,3.629498093691084115e+00
1.802229208345241318e+01,3.138899295719599358e+00
1.804229779937124789e+01,3.411469131407392830e+00
1.806230351529008260e+01,3.253856062163678953e+00
1.808230923120891731e+01,4.031007474805897495e+00
1.810231494712775202e+01,3.868027460480096380e+00
1.812232066304658673e+01,3.608880142489671705e+00
1.814232637896542144e+01,3.689658932217416698e+00
1.816233209488425260e+01,3.986308136623459841e+00
1.818233781080308731e+01,3.864986916078243073e+00
1.820234352672191847e+01,4.071676105387799893e+00
1.822234924264075318e+01,3.397274656111284763e+00
1.824235495855958789e+01,4.591621083440800000e+00
1.826236067447842260e+01,4.640577990816495912e+00
1.828236639039725731e+01,3.679731491679629762e+00
1.830237210631609202e+01,4.244697636533562246e+00
1.832237782223492673e+01,4.038714057694416049e+00
1.834238353815375788e+01,4.381752928547386183e+00
1.836238925407259259e+01,4.880005663035316132e+00
1.838239496999142730e+01,4.004421866199921354e+00
1.840240068591025846e+01,5.370811962270957807e+00
1.842240640182909317e+01,4.368021487731000185e+00
1.844241211774792788e+01,4.496629127766281542e+00
1.846241783366676259e+01,4.669246970039987232e+00
1.848242354958559730e+01,3.825821965444845318e+00
1.850242926550443201e+01,5.284071822892755677e+00
1.852243498142326672e+01,4.641449629627421913e+00
1.854244069734209788e+01,4.783248523988582690e+00
1.856244641326093259e+01,4.295240153238568226e+00
1.858245212917976374e+01,4.724560432642766372e+00
1.860245784509859845e+01,4.871972580246834994e+00
1.862246356101743316e+01,5.561818442045833422e+00
1.864246927693626787e+01,5.905757695735493584e+00
1.866247499285510258e+01,4.902979497766368766e+00
1.868248070877393729e+01,4.950841341281653207e+00
1.870248642469277200e+01,4.788575223563649175e+00
1.872249214061160316e+01,4.912764121091961478e+00
1.874249785653043787e+01,5.086568640253164020e+00
1.876250357244927258e+01,6.211427586338038154e+00
1.878250928836810374e+01,4.902934851118800452e+00
1.880251500428693845e+01,5.704390726245436305e+00
1.882252072020577316e+01,5.917404765055712446e+00
1.884252643612460787e+01,5.821041460964933023e+00
1.886253215204344258e+01,6.106590448592889686e+00
1.888253786796227729e+01,5.918961099793826897e+00
1.890254358388111200e+01,6.019405493668486429e+00
1.892254929979994316e+01,5.598861996679216801e+00
1.894255501571877787e+01,5.190297023221806860e+00
1.896256073163760902e+01,5.608564028520701683e+00
1.898256644755644373e+01,6.059994180294777877e+00
1.900257216347527844e+01,6.220061686156922676e+00
1.902257787939411315e+01,6.016047579785396948e+00
1.904258359531294786e+01,6.229464557375190559e+00
1.906258931123178257e+01,6.309346629401678896e+00
1.908259502715061728e+01,6.204683433416239069e+00
1.910260074306944844e+01,5.711742654227939475e+00
1.912260645898828315e+01,6.147777033986932871e+00
1.914261217490711431e+01,5.867921719875242914e+00
1.916261789082594902e+01,6.273534642347527779e+00
1.918262360674478373e+01,6.469574890149131008e+00
1.920262932266361844e+01,6.403161319671644591e+00
1.922263503858245315e+01,6.492273795840493911e+00
1.924264075450128786e+01,7.200899620528883105e+00
1.926264647042012257e+01,6.887638396453927392e+00
1.928265218633895373e+01,6.785471576223996770e+00
1.930265790225778844e+01,7.238441118057640900e+00
1.932266361817662315e+01,6.194745844884163688e+00
1.934266933409545430e+01,7.437685004135586198e+00
1.936267505001428901e+01,7.204686934350100103e+00
1.938268076593312372e+01,6.565380582350172745e+00
1.940268648185195843e+01,7.411846784954084555e+00
1.942269219777079314e+01,7.083236166793205335e+00
1.944269791368962785e+01,7.659406196182379389e+00
1.946270362960846256e+01,7.542797575528727094e+00
1.948270934552729372e+01,7.187077596801727530e+00
1.950271506144612843e+01,8.442686488504946851e+00
1.952272077736495959e+01,8.668245614170658087e+00
1.954272649328379430e+01,7.740244378685337878e+00
1.956273220920262901e+01,9.009078635350491027e+00
1.958273792512146372e+01,8.640719994664518566e+00
1.960274364104029843e+01,8.555708884335219366e+00
1.962274935695913314e+01,9.187736218671362920e+00
1.964275507287796785e+01,8.171332311725803876e+00
1.966276078879679901e+01,8.721746249212777968e+00
1.968276650471563372e+01,7.967885538936767986e+00
1.970277222063446487e+01,8.161395173886639043e+00
1.972277793655329958e+01,9.043959468393618195e+00
1.974278365247213429e+01,8.038316419160786097e+00
1.976278936839096900e+01,9.032993819731029106e+00
1.978279508430980371e+01,8.471072891764977797e+00
1.980280080022863842e+01,7.852408835396052389e+00
1.982280651614747313e+01,7.806229990096570148e+00
1.984281223206630784e+01,7.848471719525775825e+00
1.986281794798513900e+01,7.162345048379506807e+00
1.988282366390397371e+01,6.734502536277150675e+00
1.990282937982280487e+01,7.664704433965344066e+00
1.992283509574163958e+01,6.226762967023564244e+00
1.994284081166047429e+01,7.302234703178665853e+00
1.996284652757930900e+01,6.663864617235603305e+00
1.998285224349814371e+01,6.550571330867144937e+00
2.000285795941697842e+01,6.444296294613800491e+00
2.002286367533581313e+01,6.273500364088070214e+00
2.004286939125464428e+01,5.799090565865782310e+00
2.006287510717347899e+01,5.514273895956614879e+00
2.008288082309231015e+01,6.367211929365340417e+00
2.010288653901114486e+01,6.988038649663305790e+00
2.012289225492997957e+01,6.771968802187533498e+00
2.014289797084881428e+01,6.435228718125756586e+00
2.016290368676764899e+01,6.095802231737412313e+00
2.018290940268648370e+01,5.984854877764073322e+00
2.020291511860531841e+01,6.198691499860752074e+00
2.022292083452414957e+01,6.642436906094845384e+00
2.024292655044298428e+01,6.354110449025231588e+00
2.026293226636181899e+01,7.132313630523961834e+00
2.028293798228065015e+01,6.529276424537504120e+00
2.030294369819948486e+01,6.812633727466102407e+00
2.032294941411831957e+01,6.860470836445433207e+00
2.034295513003715428e+01,7.123287821018529087e+00
2.036296084595598899e+01,7.408040375610710271e+00
2.038296656187482370e+01,7.889497214721294505e+00
2.040297227779365841e+01,6.844869622091483308e+00
2.042297799371248956e+01,7.295300142798137877e+00
2.044298370963132427e+01,7.986049198146508488e+00
2.046298942555015543e+01,7.472776005354182516e+00
2.048299514146899014e+01,7.830778626199483838e+00
2.050300085738782485e+01,8.346851322137222695e+00
2.052300657330665956e+01,8.855561505907131092e+00
2.054301228922549427e+01,9.083691899905254274e+00
2.056301800514432898e+01,8.018319001857506123e+00
2.058302372106316369e+01,8.971313856240481499e+00
2.060302943698199485e+01,9.653456212185403729e+00
2.062303515290082956e+01,9.478789058708734672e+00
2.064304086881966072e+01,1.010197969751161828e+01
2.066304658473849543e+01,9.192375706941380287e+00
2.068305230065733014e+01,9.679607961994753040e+00
2.070305801657616485e+01,9.353106581538522590e+00
2.072306373249499956e+01,9.852239072158029742e+00
2.074306944841383427e+01,9.659917761142898129e+00
2.076307516433266898e+01,9.315702001456525494e+00
2.078308088025150369e+01,9.334292961628623431e+00
2.080308659617033484e+01,9.923864293424847105e+00
2.082309231208916955e+01,1.022267417977754533e+01
2.084309802800800071e+01,9.450830078926180988e+00
2.086310374392683542e+01,1.019496532536991751e+01
2.088310945984567013e+01,9.147899461991222836e+00
2.090311517576450484e+01,9.222166166689845568e+00
2.092312089168333955e+01,8.501934536167752299e+00
2.094312660760217426e+01,8.961663623689531732e+00
2.096313232352100897e+01,8.372258385568457584e+00
2.098313803943984013e+01,7.859210242110997946e+00
2.100314375535867484e+01,7.673679915398169626e+00
2.102314947127750600e+01,7.343372949783111281e+00
2.104315518719634071e+01,7.004550933272399860e+00
2.106316090311517542e+01,6.531716438550571269e+00
2.108316661903401013e+01,6.666425199868330154e+00
2.110317233495284484e+01,5.265612376729597699e+00
2.112317805087167955e+01,5.896845356897459922e+00
2.114318376679051426e+01,5.603733929306031314e+00
2.116318948270934541e+01,4.997446656112483510e+00
2.118319519862818012e+01,4.808249689278190964e+00
2.120320091454701483e+01,5.540821670879294558e+00
2.122320663046584599e+01,5.182258015132557460e+00
2.124321234638468070e+01,5.612776796414930658e+00
2.126321806230351541e+01,5.345363976481130486e+00
2.128322377822235012e+01,5.576970802696196827e+00
2.130322949414118483e+01,4.894129849445747027e+00
2.132323521006001954e+01,5.210726742018300328e+00
2.134324092597885425e+01,4.551315595950529591e+00
2.136324664189768541e+01,4.218003502987826003e+00
2.138325235781652012e+01,4.604269197777535183e+00
2.140325807373535127e+01,4.821899046340254458e+00
2.142326378965418598e+01,4.540454730390795390e+00
2.144326950557302069e+01,4.636062862235874604e+00
2.146327522149185540e+01,4.953918883376620563e+00
2.148328093741069011e+01,4.533232439063986874e+00
2.150328665332952482e+01,4.377979149453892660e+00
2.152329236924835953e+01,4.926354510103910123e+00
2.154329808516719069e+01,4.695275757648000869e+00
2.156330380108602540e+01,5.678806501130267748e+00
2.158330951700485656e+01,4.149133581753183364e+00
2.160331523292369127e+01,4.731427509550109711e+00
2.162332094884252598e+01,5.826819499584083850e+00
2.164332666476136069e+01,5.069313403240932381e+00
2.166333238068019540e+01,4.857398060564234399e+00
2.168333809659903011e+01,5.146578608418710843e+00
2.170334381251786482e+01,5.061117698055163316e+00
2.172334952843669598e+01,5.183287397394128249e+00
2.174335524435553069e+01,4.848202466506700503e+00
2.176336096027436540e+01,4.826375330020598042e+00
2.178336667619319655e+01,4.775760164934943930e+00
2.180337239211203126e+01,5.246772023368269089e+00
2.182337810803086597e+01,5.612783413314186731e+00
2.184338382394970068e+01,5.735728584467176816e+00
2.186338953986853539e+01,5.737971197224029041e+00
2.188339525578737010e+01,5.731129727672808372e+00
2.190340097170620481e+01,4.910874890156701866e+00
2.192340668762503597e+01,5.201011523992307595e+00
2.194341240354387068e+01,4.917400181454811836e+00
2.196341811946270184e+01,5.677520020843486392e+00
2.198342383538153655e+01,5.245930459348979724e+00
2.200342955130037126e+01,5.592882455095274707e+00
2.202343526721920597e+01,5.728714292600319169e+00
2.204344098313804068e+01,6.700543330914811690e+00
2.206344669905687539e+01,6.251479510597423683e+00
2.208345241497571010e+01,6.491795562708546186e+00
2.210345813089454126e+01,6.376346699406834517e+00
2.212346384681337597e+01,6.449778983108290120e+00
2.214346956273221068e+01,5.965933077000526552e+00
2.216347527865104183e+01,6.605948010319261599e+00
2.218348099456987654e+01,7.427926318014086426e+00
2.220348671048871125e+01,7.407010861179387895e+00
2.222349242640754596e+01,6.826260034038970304e+00
2.224349814232638067e+01,7.707405589579837013e+00
2.226350385824521538e+01,6.609919507885076762e+00
2.228350957416405009e+01,7.710281619353031246e+00
2.230351529008288125e+01,7.337331675104616480e+00
2.232352100600171596e+01,8.412624626084650004e+00
2.234352672192054712e+01,8.642450554814157471e+00
2.236353243783938183e+01,8.916543011104581140e+00
2.238353815375821654e+01,9.175500232489259389e+00
2.240354386967705125e+01,9.416999775869985712e+00
2.242354958559588596e+01,8.546107815059748702e+00
2.244355530151472067e+01,9.466714912359162071e+00
2.246356101743355538e+01,1.034182691834411827e+01
2.248356673335238654e+01,1.064353439439039128e+01
2.250357244927122125e+01,1.031597281662275734e+01
2.252357816519005240e+01,1.118710019171623671e+01
2.254358388110888711e+01,1.228583171179725042e+01
2.256358959702772182e+01,1.318562370963256214e+01
2.258359531294655653e+01,1.286700525014853547e+01
2.260360102886539124e+01,1.358572619540005277e+01
2.262360674478422595e+01,1.505400362716441798e+01
2.264361246070306066e+01,1.452611623846141953e+01
2.266361817662189182e+01,1.601519985721691697e+01
2.268362389254072653e+01,1.710324867624666823e+01
2.270362960845956124e+01,1.742110827415752539e+01
2.272363532437839240e+01,1.807062977541379922e+01
2.274364104029722711e+01,1.906624260268581139e+01
2.276364675621606182e+01,2.036271812553215454e+01
2.278365247213489653e+01,2.119741434070179054e+01
2.280365818805373124e+01,2.189306682119207892e+01
2.282366390397256595e+01,2.277573780192916075e+01
2.284366961989140066e+01,2.459340406870674656e+01
2.286367533581023181e+01,2.569002922891638008e+01
2.288368105172906652e+01,2.746318692620061697e+01
2.290368676764789768e+01,2.806338205306738587e+01
2.292369248356673239e+01,2.918974701190921195e+01
2.294369819948556710e+01,3.112908861359122170e+01
2.296370391540440181e+01,3.197754471978512925e+01
2.298370963132323652e+01,3.337867173101287932e+01
2.300371534724207123e+01,3.601361980776697180e+01
2.302372106316090594e+01,3.687713914418324634e+01
2.304372677907973710e+01,3.888892662020572288e+01
2.306373249499857181e+01,4.037194677560415812e+01
2.308373821091740652e+01,4.216856581416232075e+01
2.310374392683623768e+01,4.381137197545170636e+01
2.312374964275507239e+01,4.595360146683650271e+01
2.314375535867390710e+01,4.768744785834850575e+01
2.316376107459274181e+01,4.923940212596890831e+01
2.318376679051157652e+01,5.150200054257608429e+01
2.320377250643041123e+01,5.312504099131906798e+01
2.322377822234924594e+01,5.501702569804739085e+01
2.324378393826807709e+01,5.785980695655507589e+01
2.326378965418691180e+01,5.933375833396594601e+01
2.328379537010574296e+01,6.086181145249172175e+01
2.330380108602457767e+01,6.237732943411398878e+01
2.332380680194341238e+01,6.444693576343672703e+01
2.334381251786224709e+01,6.520978850114400416e+01
2.336381823378108180e+01,6.644992912876639934e+01
2.338382394969991651e+01,6.760667904130309580e+01
2.340382966561875122e+01,6.854315402422987802e+01
2.342383538153758238e+01,6.729944621704235885e+01
2.344384109745641709e+01,6.802608269778849603e+01
2.346384681337524825e+01,6.735783215327641926e+01
2.348385252929408296e+01,6.636522935465914941e+01
2.350385824521291767e+01,6.541843872230329282e+01
2.352386396113175238e+01,6.357337620430823222e+01
2.354386967705058709e+01,6.152470902991167634e+01
2.356387539296942180e+01,6.019687173825366244e+01
2.358388110888825651e+01,5.785371377554598382e+01
2.360388682480708766e+01,5.564347349101890217e+01
2.362389254072592237e+01,5.338168252320492968e+01
2.364389825664475708e+01,5.042109414016113078e+01
2.366390397256358824e+01,4.826036111823843555e+01
2.368390968848242295e+01,4.596178875507858663e+01
2.370391540440125766e+01,4.315661161352526420e+01
2.372392112032009237e+01,4.000429112648140517e+01
2.374392683623892708e+01,3.785816436588399370e+01
2.376393255215776179e+01,3.546063611409610417e+01
2.378393826807659650e+01,3.298547460515180774e+01
2.380394398399542766e+01,3.040848126996978351e+01
2.382394969991426237e+01,2.789367308376725418e+01
2.384395541583309353e+01,2.630501113716635331e+01
2.386396113175192824e+01,2.402051284727991032e+01
2.388396684767076295e+01,2.318130261369116951e+01
2.390397256358959766e+01,2.132278504880894587e+01
2.392397827950843237e+01,1.923691265958214203e+01
2.394398399542726708e+01,1.822376309577159503e+01
2.396398971134610179e+01,1.693856161797972248e+01
2.398399542726493294e+01,1.468960988549869384e+01
2.400400114318376765e+01,1.383872267680795609e+01
2.402400685910260236e+01,1.308612156928101911e+01
2.404401257502143352e+01,1.236857647507125968e+01
2.406401829094026823e+01,1.225706842220791160e+01
2.408402400685910294e+01,1.118832580640425967e+01
2.410402972277793765e+01,1.038692796569201526e+01
2.412403543869677236e+01,1.027226760585085685e+01
2.414404115461560707e+01,1.059102088218775073e+01
2.416404687053444178e+01,1.012298093277646238e+01
2.418405258645327294e+01,9.758542981296507435e+00
2.420405830237210765e+01,9.079859574109418574e+00
2.422406401829093880e+01,9.175844257380948221e+00
2.424406973420977351e+01,9.506655556706128607e+00
2.426407545012860822e+01,8.832540300658886068e+00
2.428408116604744293e+01,8.739645872562586959e+00
2.430408688196627764e+01,8.427313780769145168e+00
2.432409259788511235e+01,9.011517901730140778e+00
2.434409831380394706e+01,9.570138428810118114e+00
2.436410402972277822e+01,8.467617499613510290e+00
2.438410974564161293e+01,8.427503170430986401e+00
2.440411546156044409e+01,9.439264420072120743e+00
2.442412117747927880e+01,1.026625255642514034e+01
2.444412689339811351e+01,9.935555692688350149e+00
2.446413260931694822e+01,9.634411363542366047e+00
2.448413832523578293e+01,1.084377640702269652e+01
2.450414404115461764e+01,1.116850508816579435e+01
2.452414975707345235e+01,1.072250382011283065e+01
2.454415547299228351e+01,1.155533536131591177e+01
2.456416118891111822e+01,1.120586136904521979e+01
2.458416690482995293e+01,1.243290937434643695e+01
2.460417262074878408e+01,1.196681098845484037e+01
2.462417833666761879e+01,1.274866700012871945e+01
2.464418405258645350e+01,1.421316615077131829e+01
2.466418976850528821e+01,1.384875187460322010e+01
2.468419548442412292e+01,1.483240264346841997e+01
2.470420120034295763e+01,1.550558911346358926e+01
2.472420691626179234e+01,1.598809275499320393e+01
2.474421263218062350e+01,1.643168807426054556e+01
2.476421834809945821e+01,1.723064812547873004e+01
2.478422406401828937e+01,1.725970240924402077e+01
2.480422977993712408e+01,1.915787379150921765e+01
2.482423549585595879e+01,1.998458707152231639e+01
2.484424121177479350e+01,2.026405740982187709e+01
2.486424692769362821e+01,2.117874373874860083e+01
2.488425264361246292e+01,2.274661939605277894e+01
2.490425835953129763e+01,2.363486556900604185e+01
2.492426407545012879e+01,2.443171199324060439e+01
2.494426979136896350e+01,2.471683105806064518e+01
2.496427550728779821e+01,2.628008231144803375e+01
2.498428122320662936e+01,2.679174291745788850e+01
2.500428693912546407e+01,2.830502570772447157e+01
2.502429265504429878e+01,2.946954801035575855e+01
2.504429837096313349e+01,3.029460673178495966e+01
2.506430408688196820e+01,3.195635601172206464e+01
2.508430980280080291e+01,3.271621678688677548e+01
2.510431551871963762e+01,3.485060914050941960e+01
2.512432123463846878e+01,3.587682264732314508e+01
2.514432695055730349e+01,3.611880875857701767e+01
2.516433266647613465e+01,3.731370151899216125e+01
2.518433838239496936e+01,3.851011221687789998e+01
2.520434409831380407e+01,3.838863004593561357e+01
2.522434981423263878e+01,4.018195133917193829e+01
2.524435553015147349e+01,4.050679873129011810e+01
2.526436124607030820e+01,4.080730103099590167e+01
2.528436696198914291e+01,4.033624624705478823e+01
2.530437267790797407e+01,4.059336765428444949e+01
2.532437839382680878e+01,3.903857314662968747e+01
2.534438410974563993e+01,3.915274148110295016e+01
2.536438982566447464e+01,3.778629413554968863e+01
2.538439554158330935e+01,3.609481621528845352e+01
2.540440125750214406e+01,3.455990340045134701e+01
2.542440697342097877e+01,3.369157452017500987e+01
2.544441268933981348e+01,3.207386372880964132e+01
2.546441840525864819e+01,2.979843732329027262e+01
2.548442412117747935e+01,2.828175748271455703e+01
2.550442983709631406e+01,2.567729027379353113e+01
2.552443555301514877e+01,2.465922556650027531e+01
2.554444126893397993e+01,2.320186674615177580e+01
2.556444698485281464e+01,2.078752832934995354e+01
2.558445270077164935e+01,2.063890098224061731e+01
2.560445841669048406e+01,1.855152005002670634e+01
2.562446413260931877e+01,1.725441268210646939e+01
2.564446984852815348e+01,1.685811832089147444e+01
2.566447556444698819e+01,1.564344643166436200e+01
2.568448128036581934e+01,1.528111949429512251e+01
2.570448699628465405e+01,1.532704019640128479e+01
2.572449271220348521e+01,1.480762231943915097e+01
2.574449842812231992e+01,1.475150767765661541e+01
2.576450414404115463e+01,1.475647183983278410e+01
2.578450985995998934e+01,1.513759886063267857e+01
2.580451557587882405e+01,1.532829058934879995e+01
2.582452129179765876e+01,1.490842716613911811e+01
2.584452700771649347e+01,1.572356159412171905e+01
2.586453272363532463e+01,1.538673548152503656e+01
2.588453843955415934e+01,1.632463951939246982e+01
2.590454415547299405e+01,1.820719819751518642e+01
2.592454987139182521e+01,1.824807764549804645e+01
2.594455558731065992e+01,1.911726995401996732e+01
2.596456130322949463e+01,1.993624751505660697e+01
2.598456701914832934e+01,2.115168481241229159e+01
2.600457273506716405e+01,2.117274785946309379e+01
2.602457845098599520e+01,2.391518444051263970e+01
2.604458416690482991e+01,2.404621622290332184e+01
2.606458988282366462e+01,2.579121509773660392e+01
2.608459559874249933e+01,2.609295503848197484e+01
2.610460131466133404e+01,2.806319479186243626e+01
2.612460703058016520e+01,2.931350753078401539e+01
2.614461274649899991e+01,3.130485655138637924e+01
2.616461846241783462e+01,3.264202835747533982e+01
2.618462417833666933e+01,3.397547224932441168e+01
2.620462989425550404e+01,3.617046167671631451e+01
2.622463561017433520e+01,3.794384866959400426e+01
2.624464132609316991e+01,4.016301866747009797e+01
2.626464704201200462e+01,4.200647639284561308e+01
2.628465275793083933e+01,4.439234968915531709e+01
2.630465847384967049e+01,4.588912560595488088e+01
2.632466418976850520e+01,4.787805821129347095e+01
2.634466990568733991e+01,5.033984793382262524e+01
2.636467562160617462e+01,5.327376244876012379e+01
2.638468133752500933e+01,5.541225702938602637e+01
2.640468705344384048e+01,5.685132366977654073e+01
2.642469276936267519e+01,6.012251057255173237e+01
2.644469848528150990e+01,6.211562436454873648e+01
2.646470420120034461e+01,6.568848964824415759e+01
2.648470991711917932e+01,6.736249722842453025e+01
2.650471563303801048e+01,6.854676237885746559e+01
2.652472134895684519e+01,7.122912767192737249e+01
2.654472706487567990e+01,7.325025455734149205e+01
2.656473278079451461e+01,7.542044025061750290e+01
2.658473849671334932e+01,7.642558809400071596e+01
2.660474421263218048e+01,7.738223561879564727e+01
2.662474992855101519e+01,7.786184652430775088e+01
2.664475564446984990e+01,7.755311969115318504e+01
2.666476136038868461e+01,7.656696189933055052e+01
2.668476707630751577e+01,7.557525394369467620e+01
2.670477279222635048e+01,7.409949157871783143e+01
2.672477850814518519e+01,7.167001490614823922e+01
2.674478422406401990e+01,6.904726033127244023e+01
2.676478993998285461e+01,6.519945829961494610e+01
2.678479565590168576e+01,6.222766639700918745e+01
2.680480137182052047e+01,5.822550694143431826e+01
2.682480708773935518e+01,5.418299951181087692e+01
2.684481280365818989e+01,5.008630350783811735e+01
2.686481851957702460e+01,4.552029855803077396e+01
2.688482423549585576e+01,4.032037973900872174e+01
2.690482995141469047e+01,3.701424432338583870e+01
2.692483566733352518e+01,3.303366072845214774e+01
2.694484138325235989e+01,2.959088430072760545e+01
2.696484709917119105e+01,2.602309869120371388e+01
2.698485281509002576e+01,2.237421248700620424e+01
2.700485853100886047e+01,2.116580988359827131e+01
2.702486424692769518e+01,1.857969375183960636e+01
2.704486996284652989e+01,1.712405665478414107e+01
2.706487567876536104e+01,1.459403029302296773e+01
2.708488139468419575e+01,1.432601719905285975e+01
2.710488711060303046e+01,1.184656407450257376e+01
2.712489282652186517e+01,1.166497901133146442e+01
2.714489854244069988e+01,1.084516375733959670e+01
2.716490425835953104e+01,1.104141189387663502e+01
2.718490997427836575e+01,9.625034263585746430e+00
2.720491569019720046e+01,9.232562385635471713e+00
2.722492140611603517e+01,9.514702109304518984e+00
2.724492712203486633e+01,8.947432000103159311e+00
2.726493283795370104e+01,8.429708785894064249e+00
2.728493855387253575e+01,8.251981242667756788e+00
2.730494426979137046e+01,8.312554249400317730e+00
2.732494998571020517e+01,8.449552896367988453e+00
2.734495570162903633e+01,8.469283351636747170e+00
2.736496141754787104e+01,7.577641374275709829e+00
2.738496713346670575e+01,8.162086271207732224e+00
2.740497284938554046e+01,7.958946779452000797e+00
2.742497856530437517e+01,7.627434676947888903e+00
2.744498428122320632e+01,7.814775706076193096e+00
2.746498999714204103e+01,8.133711166094773404e+00
2.748499571306087574e+01,7.965466723896241774e+00
2.750500142897971045e+01,7.778653677693004198e+00
2.752500714489854516e+01,8.247351184957164349e+00
2.754501286081737632e+01,8.368227687282189464e+00
2.756501857673621103e+01,8.316335314931784239e+00
2.758502429265504574e+01,8.360761007048932214e+00
2.760503000857388045e+01,9.342391940581867615e+00
2.762503572449271161e+01,8.524313899453758836e+00
2.764504144041154632e+01,9.406033958666878192e+00
2.766504715633038103e+01,8.819689175458982788e+00
2.768505287224921574e+01,1.022777915518398117e+01
2.770505858816805045e+01,1.087981364660280548e+01
2.772506430408688161e+01,1.016631982257217892e+01
2.774507002000571632e+01,1.170609001093516355e+01
2.776507573592455103e+01,1.178782141594434663e+01
2.778508145184338574e+01,1.229680311639158319e+01
2.780508716776222045e+01,1.342052125827066433e+01
2.782509288368105160e+01,1.353316741232978160e+01
2.784509859959988631e+01,1.494924235375388832e+01
2.786510431551872102e+01,1.641755355456486143e+01
2.788511003143755573e+01,1.683033717458874889e+01
2.790511574735638689e+01,1.807841415161422560e+01
2.792512146327522160e+01,1.829056424936218050e+01
2.794512717919405631e+01,1.989201271873832866e+01
2.796513289511289102e+01,2.122165998469200332e+01
2.798513861103172573e+01,2.262751636184953341e+01
2.800514432695055689e+01,2.407967964796684868e+01
2.802515004286939160e+01,2.620732922008949117e+01
2.804515575878822631e+01,2.727017775630869778e+01
2.806516147470706102e+01,2.835986458051828407e+01
2.808516719062589573e+01,3.157076405688626863e+01
2.810517290654472689e+01,3.291016763555286673e+01
2.812517862246356160e+01,3.466231463547329383e+01
2.814518433838239631e+01,3.653039944259498384e+01
2.816519005430123102e+01,3.899477728715635294e+01
2.818519577022006217e+01,4.110014306201603063e+01
2.820520148613889688e+01,4.371417270425379797e+01
2.822520720205773159e+01,4.626888745157607019e+01
2.824521291797656630e+01,4.890575129485941375e+01
2.826521863389540101e+01,5.161990769249977973e+01
2.828522434981423217e+01,5.458642545147942826e+01
2.830523006573306688e+01,5.809512262139357119e+01
2.832523578165190159e+01,6.014514736450846044e+01
2.834524149757073630e+01,6.285933473490069900e+01
2.836524721348957101e+01,6.728234437003081325e+01
2.838525292940840217e+01,7.048777579069607668e+01
2.840525864532723688e+01,7.372505475372675221e+01
2.842526436124607159e+01,7.785120479933925708e+01
2.844527007716490630e+01,8.029966302763392605e+01
2.846527579308374101e+01,8.369299716053858162e+01
2.848528150900257216e+01,8.769542815604816610e+01
2.850528722492140687e+01,8.979986018884447674e+01
2.852529294084024158e+01,9.296877203657280120e+01
2.854529865675907629e+01,9.477945466897926963e+01
2.856530437267790745e+01,9.763464188610133476e+01
2.858531008859674216e+01,9.918254641526606008e+01
2.860531580451557687e+01,1.000000000000000000e+02
2.862532152043441158e+01,9.930434653112371279e+01
2.864532723635324629e+01,9.841930828887065275e+01
2.866533295227207745e+01,9.699293827814734925e+01
2.868533866819091216e+01,9.380806637393850167e+01
2.870534438410974687e+01,9.147369169474258399e+01
2.872535010002858158e+01,8.752008916678065020e+01
2.874535581594741629e+01,8.302141111589878619e+01
2.876536153186624745e+01,7.683661388636758716e+01
2.878536724778508216e+01,7.242844033854726149e+01
2.880537296370391687e+01,6.631238502731258677e+01
2.882537867962275158e+01,6.066577891760537256e+01
2.884538439554158273e+01,5.504174637210181231e+01
2.886539011146041744e+01,5.069652189333218217e+01
2.888539582737925215e+01,4.500984916941467162e+01
2.890540154329808686e+01,4.012985327786536516e+01
2.892540725921692157e+01,3.606080756400445608e+01
2.894541297513575273e+01,3.232556580436143889e+01
2.896541869105458744e+01,2.891317619720474141e+01
2.898542440697342215e+01,2.647142870701954109e+01
2.900543012289225686e+01,2.353523099674678676e+01
2.902543583881109157e+01,2.161389325074674161e+01
2.904544155472992273e+01,1.945911970565988014e+01
2.906544727064875744e+01,1.830449019226042040e+01
2.908545298656759215e+01,1.720674762752538101e+01
2.910545870248642686e+01,1.485414021570715803e+01
2.912546441840525802e+01,1.430144332811656049e+01
2.914547013432409273e+01,1.317917543235255451e+01
2.916547585024292744e+01,1.345834024628883618e+01
2.918548156616176215e+01,1.275271591024748297e+01
2.920548728208059686e+01,1.256825909627605675e+01
2.922549299799942801e+01,1.135706020620853351e+01
2.924549871391826272e+01,1.149239555357153719e+01
2.926550442983709743e+01,1.041519516337920592e+01
2.928551014575593214e+01,1.094521855244926734e+01
2.930551586167476685e+01,1.033962924236484682e+01
2.932552157759359801e+01,1.086422498594865615e+01
2.934552729351243272e+01,1.037669423389041867e+01
2.936553300943126743e+01,9.581404176984790411e+00
2.938553872535010214e+01,1.008302928605989024e+01
2.940554444126893330e+01,1.027917878855624956e+01
2.942555015718776801e+01,9.026366438665830216e+00
2.944555587310660272e+01,9.784561265628550331e+00
2.946556158902543743e+01,9.664261752449283094e+00
2.948556730494427214e+01,9.368187599787599851e+00
2.950557302086310330e+01,8.995919765773953358e+00
2.952557873678193801e+01,8.839502608301241793e+00
2.954558445270077272e+01,8.347761634771172723e+00
2.956559016861960743e+01,8.011606449406844632e+00
2.958559588453844214e+01,8.359247694494788661e+00
2.960560160045727329e+01,8.706966713965451632e+00
2.962560731637610800e+01,8.306701062592896534e+00
2.964561303229494271e+01,8.569761745719119972e+00
2.966561874821377742e+01,8.393044299494530236e+00
2.968562446413261213e+01,8.491204099698540730e+00
2.970563018005144329e+01,7.506017622787190646e+00
2.972563589597027800e+01,7.566897062497236703e+00
2.974564161188911271e+01,7.453601927488380241e+00
2.976564732780794742e+01,8.180718893089856891e+00
2.978565304372677858e+01,8.313104876071761851e+00
2.980565875964561329e+01,8.081431878995113394e+00
2.982566447556444800e+01,8.016299562087866093e+00
2.984567019148328271e+01,8.920421585057875191e+00
2.986567590740211742e+01,8.370517398300041378e+00
2.988568162332094857e+01,8.352808145734069711e+00
2.990568733923978328e+01,8.538107181948232594e+00
2.992569305515861799e+01,8.528238462387065510e+00
2.994569877107745270e+01,9.214733182356649621e+00
2.996570448699628741e+01,9.903865750892947517e+00
2.998571020291511857e+01,9.540123832750328603e+00
3.000571591883395328e+01,9.875483339137538508e+00
3.002572163475278799e+01,9.238976996552395349e+00
3.004572735067162270e+01,9.627084569368237865e+00
3.006573306659045386e+01,1.059678310656835087e+01
3.008573878250928857e+01,9.785262550682276128e+00
3.010574449842812328e+01,9.861515038525094923e+00
3.012575021434695799e+01,1.057251602085489850e+01
3.014575593026579270e+01,1.067074494634700521e+01
3.016576164618462386e+01,1.143017905691547398e+01
3.018576736210345857e+01,1.063274233487763887e+01
3.020577307802229328e+01,1.037858654621065924e+01
3.022577879394112799e+01,1.095082759597395494e+01
3.024578450985996270e+01,1.063607342688424851e+01
3.026579022577879385e+01,1.101745051928014618e+01
3.028579594169762856e+01,1.057915078778685825e+01
3.030580165761646327e+01,1.180711476335198284e+01
3.032580737353529798e+01,1.135619878166250629e+01
3.034581308945412914e+01,1.150563244986368971e+01
3.036581880537296385e+01,1.141242744456689451e+01
3.038582452129179856e+01,1.160468963666914277e+01
3.040583023721063327e+01,1.197626976759286421e+01
3.042583595312946798e+01,1.144356697289878966e+01
3.044584166904829914e+01,1.242162751496695350e+01
3.046584738496713385e+01,1.308326646366704438e+01
3.048585310088596856e+01,1.253433535751908323e+01
3.050585881680480327e+01,1.311812504707810945e+01
3.052586453272363798e+01,1.349730539959374376e+01
3.054587024864246914e+01,1.381613358193852292e+01
3.056587596456130385e+01,1.435450201273581783e+01
3.058588168048013856e+01,1.424303587119769787e+01
3.060588739639897327e+01,1.540642449525253532e+01
3.062589311231780798e+01,1.608394597668419124e+01
3.064589882823663913e+01,1.597738943929365263e+01
3.066590454415547384e+01,1.556991684411767807e+01
3.068591026007430855e+01,1.661374859393137982e+01
3.070591597599314326e+01,1.734692670782839130e+01
3.072592169191197442e+01,1.711862441961325487e+01
3.074592740783080913e+01,1.804141336133292484e+01
3.076593312374964384e+01,1.779328635130155689e+01
3.078593883966847855e+01,1.896312964939333057e+01
3.080594455558731326e+01,1.905322000691434425e+01
3.082595027150614442e+01,1.871011041732779745e+01
3.084595598742497913e+01,1.943168938816836544e+01
3.086596170334381384e+01,2.002075123161850456e+01
3.088596741926264855e+01,2.022774238065478869e+01
3.090597313518148326e+01,2.088000561524847853e+01
3.092597885110031442e+01,2.206518343234892043e+01
3.094598456701914913e+01,2.203891840855441231e+01
3.096599028293798384e+01,2.291616407341810913e+01
3.098599599885681855e+01,2.345376247960215466e+01
3.100600171477564970e+01,2.528448454815649171e+01
3.102600743069448441e+01,2.644835322940964062e+01
3.104601314661331912e+01,2.742558261474092518e+01
3.106601886253215383e+01,2.788632317926935045e+01
3.108602457845098854e+01,2.970549336408749852e+01
3.110603029436981970e+01,3.052525280983470424e+01
3.112603601028865441e+01,3.194985616426121311e+01
3.114604172620748912e+01,3.443323662459206247e+01
3.116604744212632383e+01,3.603711768098216339e+01
3.118605315804515854e+01,3.786720351025516607e+01
3.120605887396398970e+01,3.913584257879228545e+01
3.122606458988282441e+01,4.126986713127195827e+01
3.124607030580165912e+01,4.323665277109517291e+01
3.126607602172049383e+01,4.526024977532605931e+01
3.128608173763932498e+01,4.823473477971177914e+01
3.130608745355815969e+01,4.976268961145415659e+01
3.132609316947699440e+01,5.197898924722927916e+01
3.134609888539582911e+01,5.420705195826514711e+01
3.136610460131466382e+01,5.657327953824155031e+01
3.138611031723349498e+01,5.773309586592414888e+01
3.140611603315232969e+01,5.993092546895425698e+01
3.142612174907116440e+01,6.132722134427452687e+01
3.144612746498999911e+01,6.340471885539071906e+01
3.146613318090883382e+01,6.325595065955210572e+01
3.148613889682766498e+01,6.462113833143439479e+01
3.150614461274649969e+01,6.462861543139646869e+01
3.152615032866533440e+01,6.386992132664800437e+01
3.154615604458416911e+01,6.327591622438016827e+01
3.156616176050300382e+01,6.245695561797743522e+01
3.158616747642183498e+01,6.085413635357714668e+01
3.160617319234066969e+01,5.855869035633345021e+01
3.162617890825950440e+01,5.560499134663699294e+01
3.164618462417833911e+01,5.314465396251455331e+01
3.166619034009717026e+01,5.059852250606918744e+01
3.168619605601600497e+01,4.719616783412719485e+01
3.170620177193483968e+01,4.368390006704350981e+01
3.172620748785367439e+01,4.070142092187345639e+01
3.174621320377250910e+01,3.701809627748236409e+01
3.176621891969134026e+01,3.347626484509483902e+01
3.178622463561017497e+01,3.101463776593614341e+01
3.180623035152900968e+01,2.878728210499580342e+01
3.182623606744784439e+01,2.535940017369707888e+01
3.184624178336667910e+01,2.371273304841519547e+01
3.186624749928551026e+01,2.075600908694870483e+01
3.188625321520434497e+01,1.961847312130249321e+01
3.190625893112317968e+01,1.787549782153259770e+01
3.192626464704201439e+01,1.569939474747691222e+01
3.194627036296084555e+01,1.605484162554118299e+01
3.196627607887968026e+01,1.359996516755008678e+01
3.198628179479851497e+01,1.371958873641407806e+01
3.200628751071734968e+01,1.264790735099384023e+01
3.202629322663618439e+01,1.217994183006495668e+01
3.204629894255501199e+01,1.098088630597072601e+01
3.206630465847385381e+01,1.039890802165972694e+01
3.208631037439268141e+01,9.917787068052691168e+00
3.210631609031152323e+01,1.069078291899324107e+01
3.212632180623035083e+01,9.937326117563802796e+00
3.214632752214918554e+01,9.476488779062309575e+00
3.216633323806802025e+01,8.208324393013127107e+00
3.218633895398685496e+01,8.191414779691225334e+00
3.220634466990568967e+01,8.052037932718462798e+00
3.222635038582451728e+01,8.351068295806401309e+00
3.224635610174335909e+01,6.908412107167507088e+00
3.226636181766218670e+01,7.968899120475812836e+00
3.228636753358102851e+01,6.990714971958409407e+00
3.230637324949985612e+01,6.670421399999646894e+00
3.232637896541869083e+01,7.250317388770095128e+00
3.234638468133752554e+01,6.779010636501281439e+00
3.236639039725636025e+01,6.217525642374104322e+00
3.238639611317519496e+01,5.946090079552867280e+00
3.240640182909402967e+01,6.234238430877419468e+00
3.242640754501286438e+01,5.601054271076437274e+00
3.244641326093169198e+01,6.094751863106328216e+00
3.246641897685053380e+01,6.197765706110928363e+00
3.248642469276936140e+01,5.862548094939839416e+00
3.250643040868819611e+01,4.901559905182415022e+00
3.252643612460703082e+01,5.488804097978412955e+00
3.254644184052586553e+01,5.152900307082911802e+00
3.256644755644470024e+01,5.343053316349812398e+00
3.258645327236353495e+01,5.423410212797133312e+00
3.260645898828236966e+01,5.698433939995011244e+00
3.262646470420119726e+01,6.034337029034535504e+00
3.264647042012003908e+01,4.860935661418587017e+00
3.266647613603886668e+01,4.697557829270228247e+00
3.268648185195770850e+01,5.491450776680236068e+00
3.270648756787653610e+01,5.069330527720494750e+00
3.272649328379537081e+01,6.058626297504536851e+00
3.274649899971420552e+01,5.035942342314667641e+00
3.276650471563304023e+01,5.522418300517992762e+00
3.278651043155187494e+01,5.248159678805540906e+00
3.280651614747070255e+01,5.432328639127273817e+00
3.282652186338954436e+01,5.233683293275907644e+00
3.284652757930837197e+01,6.086759674219933025e+00
3.286653329522721378e+01,6.292936828297786889e+00
3.288653901114604139e+01,5.584785903970371557e+00
3.290654472706487610e+01,6.135750254738534082e+00
3.292655044298371081e+01,5.696164551937242138e+00
3.294655615890254552e+01,4.959038371848931703e+00
3.296656187482138023e+01,5.501745860214658279e+00
3.298656759074020783e+01,5.888808358324944869e+00
3.300657330665904965e+01,6.068191783902200598e+00
3.302657902257787725e+01,5.847856541729571589e+00
3.304658473849671907e+01,6.013815819842583288e+00
3.306659045441554667e+01,6.084096239518309801e+00
3.308659617033438138e+01,6.983142739480232564e+00
3.310660188625321609e+01,6.772548110612572003e+00
3.312660760217205080e+01,6.990216054884854202e+00
3.314661331809088551e+01,6.920785646966852056e+00
3.316661903400971312e+01,6.538175995303209476e+00
3.318662474992855493e+01,7.178885977999531320e+00
3.320663046584738254e+01,6.346270488920318087e+00
3.322663618176622435e+01,7.986734187785600625e+00
3.324664189768505196e+01,7.315794941308995547e+00
3.326664761360388667e+01,7.615974463678433892e+00
3.328665332952272138e+01,7.591613635722453957e+00
3.330665904544155609e+01,8.105356126588308285e+00
3.332666476136039080e+01,7.762556487316294884e+00
3.334667047727922551e+01,8.655990383091872076e+00
3.336667619319806022e+01,8.571867399587752345e+00
3.338668190911688782e+01,9.860716581806933334e+00
3.340668762503572964e+01,9.770102955444013304e+00
3.342669334095455724e+01,9.960653796233597035e+00
3.344669905687339195e+01,8.958495283471833659e+00
3.346670477279222666e+01,9.515206115686932975e+00
3.348671048871106137e+01,1.000719242218188043e+01
3.350671620462989608e+01,1.025351237976984109e+01
3.352672192054873079e+01,1.049607894318454271e+01
3.354672763646756550e+01,1.074852490142934514e+01
3.356673335238639311e+01,1.062942007402705258e+01
3.358673906830523492e+01,1.042925170808218382e+01
3.360674478422406253e+01,1.102135274822882138e+01
3.362675050014290434e+01,1.068683488859460695e+01
3.364675621606173195e+01,1.115876883130582087e+01
3.366676193198056666e+01,1.103636764187371888e+01
3.368676764789940137e+01,1.090311826356431624e+01
3.370677336381823608e+01,1.115617740338265307e+01
3.372677907973707079e+01,1.130484804282816214e+01
3.374678479565589839e+01,1.199420139976166055e+01
3.376679051157474021e+01,1.143340922100245649e+01
3.378679622749356781e+01,1.244467357138464791e+01
3.380680194341240963e+01,1.191866570676254966e+01
3.382680765933123723e+01,1.222856038893104369e+01
3.384681337525007194e+01,1.245241044456750146e+01
3.386681909116890665e+01,1.177318181338061542e+01
3.388682480708774136e+01,1.267025937508916300e+01
3.390683052300657607e+01,1.364149726642218496e+01
3.392683623892540368e+01,1.293705800315969157e+01
3.394684195484424549e+01,1.368388423317304969e+01
3.396684767076307310e+01,1.286066455200501224e+01
3.398685338668191491e+01,1.472703905991813400e+01
3.400685910260074252e+01,1.356001612507934695e+01
3.402686481851957723e+01,1.492031881729663034e+01
3.404687053443841194e+01,1.467787107478080344e+01
3.406687625035724665e+01,1.511829955604812881e+01
3.408688196627608136e+01,1.505348930892915149e+01
3.410688768219490896e+01,1.471196575090104020e+01
3.412689339811375078e+01,1.560661790596344467e+01
3.414689911403257838e+01,1.443454535066643274e+01
3.416690482995142020e+01,1.523745023457409253e+01
3.418691054587024780e+01,1.570654077946607785e+01
3.420691626178908251e+01,1.540567778519143793e+01
3.422692197770791722e+01,1.505070088630567327e+01
3.424692769362675193e+01,1.530824188139199649e+01
3.426693340954558664e+01,1.552019053346666944e+01
3.428693912546442135e+01,1.551591737275762029e+01
3.430694484138325606e+01,1.576944885570530275e+01
3.432695055730208367e+01,1.663236132100422182e+01
3.434695627322092548e+01,1.669751699615417806e+01
3.436696198913975309e+01,1.649716216899618360e+01
3.438696770505858780e+01,1.785749169147600313e+01
3.440697342097742251e+01,1.774396758151202746e+01
3.442697913689625722e+01,1.790495852640970043e+01
3.444698485281509193e+01,1.907830471826090601e+01
3.446699056873392664e+01,1.964691154268908946e+01
3.448699628465276135e+01,2.026557227188631316e+01
3.450700200057158895e+01,2.087944664982593324e+01
3.452700771649043077e+01,2.104059643516072953e+01
3.454701343240925837e+01,2.237085791778898880e+01
3.456701914832810019e+01,2.292302474250330846e+01
3.458702486424692779e+01,2.322580847905474144e+01
3.460703058016576250e+01,2.334981443606348250e+01
3.462703629608459721e+01,2.423543192811181513e+01
3.464704201200343192e+01,2.499552722806428307e+01
3.466704772792226663e+01,2.483956996748022306e+01
3.468705344384109424e+01,2.616818287465643067e+01
3.470705915975993605e+01,2.488054453524915033e+01
3.472706487567876366e+01,2.547792394464669741e+01
3.474707059159760547e+01,2.569843759533981853e+01
3.476707630751643308e+01,2.495404227369079564e+01
3.478708202343526779e+01,2.517035280215287685e+01
3.480708773935410250e+01,2.378960448373315728e+01
3.482709345527293721e+01,2.348383534768321113e+01
3.484709917119177192e+01,2.246636292621366948e+01
3.486710488711059952e+01,2.228365842738993052e+01
3.488711060302944134e+01,2.117472850303055054e+01
3.490711631894826894e+01,2.044459983679937665e+01
3.492712203486711076e+01,1.865268541630126364e+01
3.494712775078593836e+01,1.768852190146956360e+01
3.496713346670477307e+01,1.619418723864962573e+01
3.498713918262360778e+01,1.600343801897678375e+01
3.500714489854244249e+01,1.432397032816606242e+01
3.502715061446127720e+01,1.316996119612261751e+01
3.504715633038010481e+01,1.218557866345658880e+01
3.506716204629894662e+01,1.106708537625915056e+01
3.508716776221777423e+01,1.003472674973386702e+01
3.510717347813661604e+01,1.041091971276613393e+01
3.512717919405544365e+01,9.541784052484715062e+00
3.514718490997427836e+01,9.338172317397109623e+00
3.516719062589311307e+01,8.760049628449952053e+00
3.518719634181194778e+01,7.594996026953948487e+00
3.520720205773078249e+01,7.205705944638898686e+00
3.522720777364961720e+01,6.408101325278021676e+00
3.524721348956845191e+01,7.158514252347058182e+00
3.526721920548727951e+01,5.979190603146307126e+00
3.528722492140612133e+01,6.312329324415945742e+00
3.530723063732494893e+01,6.023345845615693861e+00
3.532723635324378364e+01,5.932867282007652676e+00
3.534724206916261835e+01,6.351601335939472293e+00
3.536724778508145306e+01,6.235544924387413701e+00
3.538725350100028777e+01,6.129178423716924229e+00
3.540725921691912248e+01,5.115767359521425028e+00
3.542726493283795719e+01,4.687814666937819119e+00
3.544727064875678479e+01,5.608942692925945828e+00
3.546727636467562661e+01,5.629231854370926769e+00
3.548728208059445421e+01,5.262238020407165706e+00
3.550728779651329603e+01,5.165102025725055945e+00
3.552729351243212363e+01,5.168554414345941872e+00
3.554729922835095834e+01,4.893049488276185244e+00
3.556730494426979305e+01,5.529337289552579193e+00
3.558731066018862776e+01,4.837152882221992911e+00
3.560731637610746247e+01,5.353372852919072500e+00
3.562732209202629008e+01,5.625819555448941856e+00
3.564732780794513189e+01,5.065910017866409376e+00
3.566733352386395950e+01,5.487325888864036827e+00
3.568733923978280131e+01,6.203296320415656595e+00
3.570734495570162892e+01,5.403757750864532028e+00
3.572735067162046363e+01,5.503630851444336614e+00
3.574735638753929834e+01,6.008100139318321986e+00
3.576736210345813305e+01,6.204993269309168724e+00
3.578736781937696776e+01,6.168051352737358606e+00
3.580737353529579536e+01,6.410969151820857803e+00
3.582737925121463718e+01,6.326850841938316705e+00
3.584738496713346478e+01,6.318873944418562871e+00
3.586739068305230660e+01,6.739075160963390765e+00
3.588739639897113420e+01,7.205246668663424892e+00
3.590740211488996891e+01,7.348651980029163866e+00
3.592740783080880362e+01,8.502475396282042297e+00
3.594741354672763833e+01,7.855399364569677800e+00
3.596741926264647304e+01,9.032837457844212992e+00
3.598742497856530065e+01,8.626016592234670100e+00
3.600743069448414246e+01,8.966342188465830532e+00
3.602743641040297007e+01,9.476855844730319944e+00
3.604744212632181188e+01,9.254396922765888434e+00
3.606744784224063949e+01,1.096575435475864424e+01
3.608745355815947420e+01,1.117804627872524748e+01
3.610745927407830891e+01,1.082504122050322337e+01
3.612746498999714362e+01,1.265955350527786649e+01
3.614747070591597833e+01,1.257438685983423809e+01
3.616747642183481304e+01,1.338753713972532466e+01
3.618748213775364775e+01,1.419460059083679226e+01
3.620748785367247535e+01,1.414547702902666870e+01
3.622749356959131717e+01,1.386835347579496514e+01
3.624749928551014477e+01,1.527631884995184386e+01
3.626750500142897948e+01,1.616992151013643308e+01
3.628751071734781419e+01,1.675116754581378231e+01
3.630751643326664890e+01,1.647019528709412484e+01
3.632752214918548361e+01,1.700465031064700483e+01
3.634752786510431832e+01,1.705190306030543468e+01
3.636753358102315303e+01,1.881128749055867644e+01
3.638753929694198064e+01,1.877449723672653192e+01
3.640754501286082245e+01,1.897162858055006751e+01
3.642755072877965006e+01,2.064732696882799701e+01
3.644755644469849187e+01,2.039399894594700413e+01
3.646756216061731948e+01,2.098373324286724539e+01
3.648756787653615419e+01,2.120609530653756991e+01
3.650757359245498890e+01,2.052350645665931950e+01
3.652757930837382361e+01,2.118279409382176937e+01
3.654758502429265832e+01,2.078359140890380985e+01
3.656759074021148592e+01,2.134853102515685919e+01
3.658759645613032774e+01,2.060943997590688070e+01
3.660760217204915534e+01,2.015557428716159905e+01
3.662760788796799716e+01,1.949696080979783730e+01
3.664761360388682476e+01,1.911021045938572627e+01
3.666761931980565947e+01,1.864641792430072087e+01
3.668762503572449418e+01,1.666248953298706681e+01
3.670763075164332889e+01,1.578994144100979824e+01
3.672763646756216360e+01,1.444229391349679048e+01
3.674764218348099121e+01,1.338232018792973044e+01
3.676764789939983302e+01,1.270543117363566843e+01
3.678765361531866063e+01,1.157172550131702948e+01
3.680765933123750244e+01,1.148618751201760091e+01
3.682766504715633005e+01,9.958475409684924173e+00
3.684767076307516476e+01,9.808163683660243493e+00
3.686767647899399947e+01,9.927263194997713924e+00
3.688768219491283418e+01,8.660914643904387589e+00
3.690768791083166889e+01,8.346847496651621512e+00
3.692769362675049649e+01,8.746127369170901389e+00
3.694769934266933831e+01,7.613302600926600050e+00
3.696770505858816591e+01,7.000066219257651490e+00
3.698771077450700773e+01,7.300889048076648180e+00
3.700771649042583533e+01,6.746734462448721992e+00
3.702772220634467004e+01,7.205289393541178811e+00
3.704772792226350475e+01,7.182426881299976529e+00
3.706773363818233946e+01,7.160879372172034074e+00
3.708773935410117417e+01,7.378284623160022093e+00
3.710774507002000888e+01,8.175351147177689626e+00
3.712775078593884359e+01,7.735761288664600777e+00
3.714775650185767120e+01,7.191025869198083065e+00
3.716776221777651301e+01,7.187962975727570480e+00
3.718776793369534062e+01,8.493731946939085731e+00
3.720777364961417533e+01,8.083911350688390840e+00
3.722777936553301004e+01,9.050290983455596461e+00
3.724778508145184475e+01,9.933905630550150079e+00
3.726779079737067946e+01,9.321511699369313675e+00
3.728779651328951417e+01,1.010924901066681869e+01
3.730780222920834888e+01,1.097138568631786981e+01
3.732780794512717648e+01,1.077156926288717642e+01
3.734781366104601830e+01,1.198034680460578372e+01
3.736781937696484590e+01,1.297609744631473916e+01
3.738782509288368772e+01,1.338532413512177399e+01
3.740783080880251532e+01,1.412256473511177646e+01
3.742783652472135003e+01,1.512000358167856007e+01
3.744784224064018474e+01,1.602335612635032547e+01
3.746784795655901945e+01,1.718044026866016338e+01
3.748785367247785416e+01,1.827846799973819003e+01
3.750785938839668177e+01,1.959355729102804133e+01
3.752786510431552358e+01,2.048776351403742169e+01
3.754787082023435119e+01,2.226961469886123268e+01
3.756787653615319300e+01,2.331835041208261572e+01
3.758788225207202061e+01,2.520859244524302056e+01
3.760788796799085532e+01,2.694897367582362335e+01
3.762789368390969003e+01,2.830246218155171789e+01
3.764789939982852474e+01,3.070721052883886415e+01
3.766790511574735945e+01,3.078263542518979534e+01
3.768791083166618705e+01,3.353672948067868731e+01
3.770791654758502887e+01,3.459237144565126698e+01
3.772792226350385647e+01,3.557798978139796020e+01
3.774792797942269829e+01,3.655932791005426452e+01
3.776793369534152589e+01,3.794558770101691181e+01
3.778793941126036060e+01,3.862563546040052387e+01
3.780794512717919531e+01,3.931134230342107116e+01
3.782795084309803002e+01,3.956073529137590583e+01
3.784795655901686473e+01,3.902254261115657386e+01
3.786796227493569234e+01,3.869917511028511115e+01
3.788796799085453415e+01,3.802150220828488614e+01
3.790797370677336176e+01,3.775721473020691832e+01
3.792797942269220357e+01,3.735171090640568536e+01
3.794798513861103118e+01,3.590895009688071582e+01
3.796799085452986589e+01,3.671161991605494279e+01
3.798799657044870060e+01,3.501544940272970052e+01
3.800800228636753531e+01,3.440540719749210297e+01
3.802800800228637002e+01,3.333219751292399025e+01
3.804801371820520473e+01,3.330911868555674715e+01
3.806801943412403944e+01,3.234478980951409710e+01
3.808802515004286704e+01,3.177967541661484319e+01
3.810803086596170886e+01,3.118481078041774168e+01
3.812803658188053646e+01,2.959673439739417944e+01
3.814804229779937117e+01,2.816591657766115375e+01
3.816804801371820588e+01,2.786907264453327571e+01
3.818805372963704059e+01,2.662407427943391625e+01
3.820805944555587530e+01,2.621857859320567030e+01
3.822806516147471001e+01,2.525365766286703462e+01
3.824807087739354472e+01,2.449105277224596833e+01
3.826807659331237232e+01,2.271922438256243737e+01
3.828808230923121414e+01,2.246254097278734463e+01
3.830808802515004174e+01,2.194143985068515335e+01
3.832809374106888356e+01,2.069455532271620868e+01
3.834809945698771116e+01,2.024711583186064701e+01
3.836810517290654587e+01,1.940896047337924202e+01
3.838811088882538058e+01,1.773490806375535556e+01
3.840811660474421529e+01,1.768958736373799212e+01
3.842812232066305000e+01,1.701581119715447343e+01
3.844812803658187761e+01,1.580632192419058768e+01
3.846813375250071942e+01,1.555101512754449899e+01
3.848813946841954703e+01,1.464170397559360026e+01
3.850814518433838884e+01,1.451963783704700894e+01
3.852815090025721645e+01,1.369052586534622939e+01
3.854815661617605116e+01,1.271967732504187509e+01
3.856816233209488587e+01,1.280168355147150372e+01
3.858816804801372058e+01,1.121224422544906574e+01
3.860817376393255529e+01,1.139576402987862380e+01
3.862817947985138289e+01,1.059686772547894229e+01
3.864818519577022471e+01,1.003609816644793185e+01
3.866819091168905231e+01,9.346578851050191261e+00
3.868819662760789413e+01,9.039077786625769662e+00
3.870820234352672173e+01,8.603675340363439616e+00
3.872820805944555644e+01,7.435580735743489100e+00
3.874821377536439115e+01,7.245214833397957577e+00
3.876821949128322586e+01,6.652460564762654016e+00
3.878822520720206057e+01,7.368674574221483198e+00
3.880823092312088818e+01,5.877823418622174501e+00
3.882823663903972999e+01,6.333315739698381464e+00
3.884824235495855760e+01,5.599013900062454141e+00
3.886824807087739941e+01,5.639443892754058218e+00
3.888825378679622702e+01,5.189367368780668066e+00
3.890825950271506173e+01,5.668716513149771430e+00
3.892826521863389644e+01,5.365841489098564843e+00
3.894827093455273115e+01,5.096159267721120045e+00
3.896827665047156586e+01,4.576896590802682852e+00
3.898828236639040057e+01,5.762712155419523974e+00
3.900828808230923528e+01,5.054416336791343056e+00
3.902829379822806288e+01,5.511561270617137964e+00
3.904829951414690470e+01,4.570044077917688519e+00
3.906830523006573230e+01,5.067129016395194974e+00
3.908831094598456701e+01,4.494458116598364583e+00
3.910831666190340172e+01,4.498400757291940444e+00
3.912832237782223643e+01,4.083312847380644151e+00
3.914832809374107114e+01,5.099047193581180082e+00
3.916833380965990585e+01,4.513782408251881151e+00
3.918833952557874056e+01,3.974720504911860353e+00
3.920834524149756817e+01,4.697628412519421204e+00
3.922835095741640998e+01,4.018496832612025393e+00
3.924835667333523759e+01,4.496013272567071617e+00
3.926836238925407940e+01,4.593999581495097573e+00
3.928836810517290701e+01,4.713277407074789593e+00
3.930837382109174172e+01,4.403056710180486277e+00
3.932837953701057643e+01,3.675556659994111186e+00
3.934838525292941114e+01,3.913677078128915632e+00
3.936839096884824585e+01,4.922321359342835656e+00
3.938839668476707345e+01,4.374683572805590615e+00
3.940840240068591527e+01,4.350550294023528330e+00
3.942840811660474287e+01,3.969097703325135562e+00
3.944841383252358469e+01,4.766323923176423172e+00
3.946841954844241229e+01,4.546007442398214415e+00
3.948842526436124700e+01,4.142087427492708862e+00
3.950843098028008171e+01,3.826571664222345515e+00
3.952843669619891642e+01,4.106389083635872517e+00
3.954844241211775113e+01,3.638102086650119027e+00
3.956844812803657874e+01,4.273067979376403258e+00
3.958845384395542055e+01,4.455789891020410565e+00
3.960845955987424816e+01,4.594326466421408739e+00
3.962846527579308997e+01,3.739358996441976668e+00
3.964847099171191758e+01,4.415703027798903335e+00
3.966847670763075229e+01,4.401059295439334385e+00
3.968848242354958700e+01,5.049078964333276076e+00
3.970848813946842171e+01,4.057425108979446193e+00
3.972849385538725642e+01,4.738691349235724104e+00
3.974849957130608402e+01,5.455783762883714694e+00
3.976850528722492584e+01,4.775765559435318330e+00
3.978851100314375344e+01,4.484455301443945885e+00
3.980851671906259526e+01,4.700113184817993783e+00
3.982852243498142286e+01,5.124212158391563854e+00
3.984852815090025757e+01,4.351612190585086637e+00
3.986853386681909228e+01,4.979921653671449455e+00
3.988853958273792699e+01,5.299121646213137637e+00
3.990854529865676170e+01,4.981149107154827504e+00
3.992855101457559641e+01,4.722858751212903883e+00
3.994855673049443112e+01,6.107913674386279190e+00
3.996856244641325873e+01,5.982767099142056288e+00
3.998856816233210054e+01,5.629410615323063638e+00
4.000857387825092815e+01,5.262999093229903558e+00
4.002857959416976286e+01,5.628750686354155874e+00
4.004858531008859757e+01,5.506109377210038680e+00
4.006859102600743228e+01,6.497917523025477315e+00
4.008859674192626699e+01,5.371038250070330200e+00
4.010860245784510170e+01,5.682927627144099603e+00
4.012860817376393641e+01,5.287565865469026960e+00
4.014861388968276401e+01,5.417898343096107183e+00
4.016861960560160583e+01,5.057373226978341130e+00
4.018862532152043343e+01,5.998054532130359995e+00
4.020863103743927525e+01,6.079498758541002523e+00
4.022863675335810285e+01,6.273447973482150886e+00
4.024864246927693756e+01,6.116703586825657624e+00
4.026864818519577227e+01,5.509535360824168393e+00
4.028865390111460698e+01,6.221082960476965518e+00
4.030865961703344169e+01,5.809791089031409506e+00
4.032866533295226930e+01,5.689306946768551754e+00
4.034867104887111111e+01,6.429731236318795062e+00
4.036867676478993872e+01,5.850176182833471294e+00
4.038868248070878053e+01,6.522363462199032291e+00
4.040868819662760814e+01,5.570723228059719645e+00
4.042869391254644285e+01,6.288484300075481315e+00
4.044869962846527756e+01,5.598867204700280098e+00
4.046870534438411227e+01,6.410756385548360470e+00
4.048871106030294698e+01,5.627771348834576415e+00
4.050871677622177458e+01,6.573934852808422491e+00
4.052872249214061640e+01,5.005266726304623326e+00
4.054872820805944400e+01,5.829377145234220237e+00
4.056873392397828582e+01,6.161475757168811462e+00
4.058873963989711342e+01,5.837682568496871838e+00
4.060874535581594813e+01,6.185409119862614880e+00
4.062875107173478284e+01,5.701244286023739782e+00
4.064875678765361755e+01,6.060655123495118701e+00
4.066876250357245226e+01,6.470910836071082528e+00
4.068876821949127986e+01,5.119699730048379749e+00
4.070877393541012168e+01,6.291826269683900463e+00
4.072877965132894929e+01,5.892581813868567941e+00
4.074878536724779110e+01,5.961281898473464125e+00
4.076879108316661871e+01,5.794916303616624020e+00
4.078879679908545342e+01,5.983702817160164500e+00
4.080880251500428813e+01,5.797323169899172512e+00
4.082880823092312284e+01,6.455626161877245472e+00
4.084881394684195755e+01,6.058103035617179444e+00
4.086881966276079226e+01,5.723142492978253948e+00
4.088882537867962697e+01,5.108510057851609609e+00
4.090883109459845457e+01,5.917861895474526790e+00
4.092883681051729639e+01,6.421488022456282252e+00
4.094884252643612399e+01,6.318255177526452826e+00
4.096884824235495870e+01,6.058173035386561267e+00
4.098885395827379341e+01,5.629522973459078372e+00
4.100885967419262812e+01,6.219982259655666645e+00
4.102886539011146283e+01,6.434585460165108017e+00
4.104887110603029754e+01,6.652431662786709055e+00
4.106887682194913225e+01,6.192340687132900534e+00
4.108888253786795985e+01,6.373659657113693200e+00
4.110888825378680167e+01,6.489532934777642481e+00
4.112889396970562927e+01,7.615758359296927793e+00
4.114889968562447109e+01,7.430663490665311954e+00
4.116890540154329869e+01,7.309128458688228136e+00
4.118891111746213340e+01,6.721151877180611578e+00
4.120891683338096811e+01,7.216328852464908294e+00
4.122892254929980282e+01,7.027020583465505510e+00
4.124892826521863753e+01,7.515032806599098336e+00
4.126893398113746514e+01,8.088751848251330756e+00
4.128893969705630695e+01,8.308784583481902075e+00
4.130894541297513456e+01,8.484157345291588825e+00
4.132895112889397637e+01,8.756381250462320409e+00
4.134895684481280398e+01,8.373410583930247952e+00
4.136896256073163869e+01,8.935735148255842475e+00
4.138896827665047340e+01,9.201215107332586740e+00
4.140897399256930811e+01,1.020951435516381522e+01
4.142897970848814282e+01,9.730018009837580806e+00
4.144898542440697042e+01,1.046736063814502415e+01
4.146899114032581224e+01,1.087907369296899773e+01
4.148899685624463984e+01,1.125603236949220687e+01
4.150900257216348166e+01,1.146312760115642071e+01
4.152900828808230926e+01,1.238813281643630049e+01
4.154901400400114397e+01,1.293157942405186311e+01
4.156901971991997868e+01,1.339407022659111668e+01
4.158902543583881339e+01,1.490373290250838068e+01
4.160903115175764810e+01,1.516758237485663940e+01
4.162903686767647571e+01,1.617071288911540350e+01
4.164904258359531752e+01,1.699082857855361439e+01
4.166904829951414513e+01,1.765601710305364946e+01
4.168905401543298694e+01,1.926739023675732199e+01
4.170905973135181455e+01,2.018097016631432439e+01
4.172906544727064926e+01,2.116753050585156615e+01
4.174907116318948397e+01,2.230841469917650954e+01
4.176907687910831868e+01,2.249763472735353531e+01
4.178908259502715339e+01,2.446256143680016493e+01
4.180908831094598810e+01,2.506323224645461778e+01
4.182909402686482281e+01,2.654590470564011184e+01
4.184909974278365041e+01,2.741260549914781919e+01
4.186910545870249223e+01,2.978985522523650786e+01
4.188911117462131983e+01,3.033174828761067232e+01
4.190911689054015454e+01,3.142930185403513121e+01
4.192912260645898925e+01,3.134662875374056057e+01
4.194912832237782396e+01,3.212440818629472261e+01
4.196913403829665867e+01,3.279799875993861491e+01
4.198913975421549338e+01,3.318694970808462585e+01
4.200914547013432809e+01,3.373136079266134146e+01
4.202915118605316280e+01,3.361182157491514033e+01
4.204915690197199041e+01,3.327179206356736074e+01
4.206916261789082512e+01,3.192122015632388710e+01
4.208916833380965983e+01,3.024873252602379381e+01
4.210917404972849454e+01,2.961555260445333460e+01
4.212917976564732925e+01,2.870051886528570861e+01
4.214918548156616396e+01,2.633463057036869515e+01
4.216919119748499867e+01,2.481185754212960504e+01
4.218919691340383338e+01,2.381258167243134949e+01
4.220920262932266809e+01,2.127721611465354101e+01
4.222920834524150280e+01,1.970154094689393887e+01
4.224921406116033040e+01,1.863527561324802662e+01
4.226921977707916511e+01,1.755598755051466497e+01
4.228922549299799982e+01,1.612905344763436233e+01
4.230923120891683453e+01,1.455772347120591270e+01
4.232923692483566924e+01,1.330944767085674130e+01
4.234924264075450395e+01,1.324454955424053715e+01
4.236924835667333866e+01,1.170510257110582586e+01
4.238925407259217337e+01,1.186041807021458183e+01
4.240925978851100808e+01,1.115046243700013129e+01
4.242926550442983569e+01,1.102272360687034514e+01
4.244927122034867040e+01,1.018166975686874309e+01
4.246927693626750511e+01,9.841431694279968667e+00
4.248928265218633982e+01,1.023253312295168627e+01
4.250928836810517453e+01,9.851999072241634181e+00
4.252929408402400924e+01,9.013262401351168407e+00
4.254929979994284395e+01,8.350071891928594781e+00
4.256930551586167866e+01,8.600206522191720993e+00
4.258931123178051337e+01,8.587185120007317707e+00
4.260931694769934097e+01,7.175399264953602696e+00
4.262932266361817568e+01,7.259515072238778899e+00
4.264932837953701039e+01,8.057306422056246475e+00
4.266933409545584510e+01,7.479831740037941934e+00
4.268933981137467981e+01,7.449342733952461160e+00
4.270934552729351452e+01,6.037299544423204267e+00
4.272935124321234923e+01,6.718635949688684050e+00
4.274935695913118394e+01,5.897189008662641285e+00
4.276936267505001865e+01,6.261352850940565595e+00
4.278936839096885336e+01,5.896618333521574939e+00
4.280937410688768097e+01,6.667913142422413841e+00
4.282937982280651568e+01,6.096004431067183482e+00
4.284938553872535039e+01,5.823043851038016250e+00
4.286939125464418510e+01,5.596174219056229582e+00
4.288939697056301981e+01,6.202522555605911592e+00
4.290940268648185452e+01,5.808850432339550451e+00
4.292940840240068923e+01,5.591118289253984130e+00
4.294941411831952394e+01,6.350576605781013129e+00
4.296941983423835865e+01,6.727844952627940245e+00
4.298942555015718625e+01,5.969097236678456042e+00
4.300943126607602096e+01,5.994559099949333003e+00
4.302943698199485567e+01,6.503624894332286743e+00
4.304944269791369038e+01,7.148464269105321733e+00
4.306944841383252509e+01,6.447687286722457500e+00
4.308945412975135980e+01,6.832725560338484883e+00
4.310945984567019451e+01,6.009514648522602087e+00
4.312946556158902922e+01,6.878942344462576131e+00
4.314947127750786393e+01,6.270754057805856263e+00
4.316947699342669864e+01,6.587358002517742506e+00
4.318948270934552625e+01,7.229879480394023616e+00
4.320948842526436096e+01,7.336394907196066129e+00
4.322949414118319567e+01,7.665604800181522016e+00
4.324949985710203038e+01,7.774847857501777426e+00
4.326950557302086509e+01,7.734244105152571436e+00
4.328951128893969980e+01,7.985482233705971211e+00
4.330951700485853451e+01,8.485897756174377804e+00
4.332952272077736922e+01,8.156922048422881488e+00
4.334952843669620393e+01,8.143268637929725884e+00
4.336953415261503153e+01,8.079619592284366547e+00
4.338953986853386624e+01,8.453851259455746003e+00
4.340954558445270095e+01,8.659117025274747803e+00
4.342955130037153566e+01,8.115312787087814783e+00
4.344955701629037037e+01,9.405817272019804776e+00
4.346956273220920508e+01,1.005424834681895874e+01
4.348956844812803979e+01,1.008217058656074983e+01
4.350957416404687450e+01,1.084735110022749005e+01
4.352957987996570921e+01,9.895626133141586678e+00
4.354958559588453681e+01,1.132065198221099145e+01
4.356959131180337153e+01,1.086618970350340874e+01
4.358959702772220624e+01,1.266246477634458856e+01
4.360960274364104095e+01,1.218018560013529594e+01
4.362960845955987566e+01,1.361914674540584258e+01
4.364961417547871037e+01,1.334075517032263036e+01
4.366961989139754508e+01,1.448106970759658552e+01
4.368962560731637979e+01,1.472732780986097367e+01
4.370963132323521450e+01,1.549138820646749970e+01
4.372963703915404921e+01,1.652143270410198639e+01
4.374964275507287681e+01,1.783811687110192423e+01
4.376964847099171152e+01,1.792343752153433911e+01
4.378965418691054623e+01,1.939363744620912300e+01
4.380965990282938094e+01,1.995884582010933883e+01
4.382966561874821565e+01,2.091461052713050961e+01
4.384967133466705036e+01,2.181197134780327929e+01
4.386967705058588507e+01,2.255158827746853589e+01
4.388968276650471978e+01,2.321984489109082972e+01
4.390968848242355449e+01,2.454632049157582685e+01
4.392969419834238209e+01,2.512343421761782736e+01
4.394969991426121680e+01,2.558930424618253596e+01
4.396970563018005151e+01,2.646127347509627015e+01
4.398971134609888622e+01,2.729964193840448416e+01
4.400971706201772093e+01,2.767261448503980859e+01
4.402972277793655564e+01,2.832940918306280764e+01
4.404972849385539035e+01,2.970631249499817272e+01
4.406973420977422506e+01,3.008253129652626967e+01
4.408973992569305977e+01,3.127347258161506716e+01
4.410974564161189448e+01,3.231119466420331321e+01
4.412975135753072209e+01,3.212285116828186204e+01
4.414975707344955680e+01,3.301363784891918840e+01
4.416976278936839151e+01,3.438296324563573592e+01
4.418976850528722622e+01,3.482812870774274927e+01
4.420977422120606093e+01,3.447567502662693073e+01
4.422977993712489564e+01,3.467470227430922591e+01
4.424978565304373035e+01,3.511521871418075591e+01
4.426979136896256506e+01,3.478351404855855833e+01
4.428979708488139977e+01,3.435534943722262113e+01
4.430980280080022737e+01,3.365297535395332318e+01
4.432980851671906208e+01,3.348278128646656171e+01
4.434981423263789679e+01,3.201556457675398093e+01
4.436981994855673150e+01,3.085464953737209726e+01
4.438982566447556621e+01,2.934103483770943654e+01
4.440983138039440092e+01,2.677229191804718411e+01
4.442983709631323563e+01,2.679265555779636543e+01
4.444984281223207034e+01,2.438129595366454438e+01
4.446984852815090505e+01,2.346999386847260283e+01
4.448985424406973266e+01,2.184543993113765836e+01
4.450985995998856737e+01,2.060567449342899238e+01
4.452986567590740208e+01,1.891811965138126084e+01
4.454987139182623679e+01,1.826463494016461198e+01
4.456987710774507150e+01,1.613812479916135345e+01
4.458988282366390621e+01,1.585669525160876958e+01
4.460988853958274092e+01,1.450973216516557507e+01
4.462989425550157563e+01,1.465077776060597081e+01
4.464989997142041034e+01,1.431943056620141874e+01
4.466990568733924505e+01,1.337317362372040463e+01
4.468991140325807265e+01,1.278912412070200055e+01
4.470991711917690736e+01,1.262059129684683789e+01
4.472992283509574207e+01,1.159270480171304740e+01
4.474992855101457678e+01,1.092757210398325185e+01
4.476993426693341149e+01,1.132985698189778034e+01
4.478993998285224620e+01,1.160899272647892744e+01
4.480994569877108091e+01,1.056843982465723109e+01
4.482995141468991562e+01,1.025230801163682770e+01
4.484995713060875033e+01,1.086054050288176143e+01
4.486996284652757794e+01,1.065794021240074585e+01
4.488996856244641265e+01,1.054094417742707179e+01
4.490997427836524736e+01,1.015507371965008332e+01
4.492997999428408207e+01,1.011386408328896991e+01
4.494998571020291678e+01,1.017321936652161085e+01
4.496999142612175149e+01,9.928710090630531226e+00
4.498999714204058620e+01,1.006219569257379476e+01
4.501000285795942091e+01,9.766172688073339714e+00
4.503000857387825562e+01,9.591110342709498582e+00
4.505001428979709033e+01,9.383932665735844836e+00
4.507002000571591793e+01,9.018086303044301033e+00
4.509002572163475264e+01,1.007118608233900403e+01
4.511003143755358735e+01,9.534711600156828837e+00
4.513003715347242206e+01,9.321003053235624947e+00
4.515004286939125677e+01,9.903753221421659703e+00
4.517004858531009148e+01,9.489365931347267136e+00
4.519005430122892619e+01,9.217858111040872160e+00
4.521006001714776090e+01,9.305793297132684216e+00
4.523006573306659561e+01,1.056359376159488050e+01
4.525007144898542322e+01,1.066172141778509186e+01
4.527007716490425793e+01,1.027354526286227454e+01
4.529008288082309264e+01,1.016647046422496103e+01
4.531008859674192735e+01,1.048171140258423151e+01
4.533009431266076206e+01,1.082508335291437973e+01
4.535010002857959677e+01,1.134906475338095433e+01
4.537010574449843148e+01,1.169791157838522899e+01
4.539011146041726619e+01,1.186249317872254139e+01
4.541011717633610090e+01,1.245533386494494366e+01
4.543012289225492850e+01,1.196467838489519586e+01
4.545012860817376321e+01,1.339045594664905892e+01
4.547013432409259792e+01,1.459710906917010043e+01
4.549014004001143263e+01,1.532469710697536769e+01
4.551014575593026734e+01,1.552288935579950646e+01
4.553015147184910205e+01,1.658405954936620574e+01
4.555015718776793676e+01,1.706106197521564027e+01
4.557016290368677147e+01,1.819407366417913607e+01
4.559016861960560618e+01,1.940962275743061838e+01
4.561017433552444089e+01,2.093684015086944328e+01
4.563018005144326850e+01,2.129995890486420862e+01
4.565018576736210321e+01,2.317126501270323047e+01
4.567019148328093792e+01,2.412585238115225650e+01
4.569019719919977263e+01,2.492610725371175562e+01
4.571020291511860734e+01,2.649573951753422207e+01
4.573020863103744205e+01,2.722608899926597559e+01
4.575021434695627676e+01,2.850159121849887356e+01
4.577022006287511147e+01,2.993851697171697879e+01
4.579022577879394618e+01,2.964296350332498875e+01
4.581023149471277378e+01,3.126779493612328764e+01
4.583023721063160849e+01,3.088899193267754484e+01
4.585024292655044320e+01,3.235940993572685898e+01
4.587024864246927791e+01,3.113502987818449697e+01
4.589025435838811262e+01,3.191269596338769787e+01
4.591026007430694733e+01,3.172352733704646255e+01
4.593026579022578204e+01,3.089867930150435882e+01
4.595027150614461675e+01,3.080451592917727055e+01
4.597027722206345146e+01,3.007910123249533285e+01
4.599028293798228617e+01,2.972589196076859253e+01
4.601028865390111378e+01,2.888365012997907755e+01
4.603029436981994849e+01,2.744423905120716256e+01
4.605030008573878320e+01,2.723055704615536143e+01
4.607030580165761791e+01,2.597848135436598227e+01
4.609031151757645262e+01,2.496447141651703205e+01
4.611031723349528733e+01,2.386508474276955738e+01
4.613032294941412204e+01,2.247322204593690032e+01
4.615032866533295675e+01,2.179362213076214516e+01
4.617033438125179146e+01,2.024548459454326377e+01
4.619034009717061906e+01,1.947404430022763222e+01
4.621034581308945377e+01,1.801150449084747152e+01
4.623035152900828848e+01,1.722404216662876664e+01
4.625035724492712319e+01,1.569564040503593105e+01
4.627036296084595790e+01,1.552427514920882778e+01
4.629036867676479261e+01,1.374809298165453519e+01
4.631037439268362732e+01,1.361689495926943749e+01
4.633038010860246203e+01,1.212176958305925822e+01
4.635038582452129674e+01,1.226345093356964178e+01
4.637039154044012434e+01,1.173620055407850415e+01
4.639039725635895905e+01,1.070321653645160076e+01
4.641040297227779376e+01,1.045422803191889471e+01
4.643040868819662847e+01,9.756427549696628176e+00
4.645041440411546319e+01,9.725768164219546819e+00
4.647042012003429790e+01,9.147989184246918981e+00
4.649042583595313261e+01,8.469947322946559609e+00
4.651043155187196732e+01,8.450579769160949439e+00
4.653043726779080203e+01,7.711248422115609458e+00
4.655044298370963674e+01,8.661731436404132012e+00
4.657044869962846434e+01,8.340155928887492465e+00
4.659045441554729905e+01,7.608780203525013164e+00
4.661046013146613376e+01,8.635929133307449490e+00
4.663046584738496847e+01,8.002815087779669767e+00
4.665047156330380318e+01,8.328759704291067933e+00
4.667047727922263789e+01,7.999756982389921944e+00
4.669048299514147260e+01,7.475522382287891787e+00
4.671048871106030731e+01,7.589194737941204139e+00
4.673049442697914202e+01,7.583810845989586547e+00
4.675050014289796962e+01,7.904077665740238068e+00
4.677050585881680433e+01,8.001856487610762514e+00
4.679051157473563904e+01,7.928885689034681050e+00
4.681051729065447375e+01,7.989034827394522864e+00
4.683052300657330846e+01,7.601780170307574025e+00
4.685052872249214317e+01,7.206486110943573387e+00
4.687053443841097788e+01,6.936189557189413435e+00
4.689054015432981259e+01,7.411137461606108090e+00
4.691054587024864730e+01,7.438641137350767707e+00
4.693055158616748201e+01,7.338931940758920192e+00
4.695055730208630962e+01,7.244926695428357100e+00
4.697056301800514433e+01,6.891155663302489742e+00
4.699056873392397904e+01,7.024520558145393778e+00
4.701057444984281375e+01,7.272025076292227830e+00
4.703058016576164846e+01,6.577050505264471880e+00
4.705058588168048317e+01,7.307885142811397117e+00
4.707059159759931788e+01,6.873581035487039692e+00
4.709059731351815259e+01,7.394080496877977637e+00
4.711060302943698730e+01,7.374292175893669921e+00
4.713060874535581490e+01,6.595552588477278988e+00
4.715061446127464961e+01,6.517892680962980023e+00
4.717062017719348432e+01,7.157916607110394125e+00
4.719062589311231903e+01,5.860430330574235569e+00
4.721063160903115374e+01,6.697075106039140024e+00
4.723063732494998845e+01,5.720397873793057641e+00
4.725064304086882316e+01,5.842264589091445970e+00
4.727064875678765787e+01,5.691326020930143059e+00
4.729065447270649258e+01,5.226798470490385817e+00
4.731066018862532019e+01,5.549921036857532464e+00
4.733066590454415490e+01,6.442566063547194410e+00
4.735067162046298961e+01,5.833473685329105152e+00
4.737067733638182432e+01,5.919480796238351772e+00
4.739068305230065903e+01,6.275839276377761067e+00
4.741068876821949374e+01,5.983088284218688102e+00
4.743069448413832845e+01,6.064737440720734618e+00
4.745070020005716316e+01,5.643058960277876679e+00
4.747070591597599787e+01,6.102797861557682779e+00
4.749071163189483258e+01,6.924520854835495953e+00
4.751071734781366018e+01,6.920664232894036871e+00
4.753072306373249489e+01,7.660936843437061938e+00
4.755072877965132960e+01,8.296147500231628058e+00
4.757073449557016431e+01,8.741712370954170197e+00
4.759074021148899902e+01,8.771467855743932063e+00
4.761074592740783373e+01,9.473836914281294597e+00
4.763075164332666844e+01,1.016682116585332629e+01
4.765075735924550315e+01,1.004290417235447208e+01
4.767076307516433786e+01,1.177729328863813940e+01
4.769076879108316547e+01,1.166596082552379698e+01
4.771077450700200018e+01,1.367836014022080349e+01
4.773078022292083489e+01,1.449473204916880498e+01
4.775078593883966960e+01,1.560461490007450180e+01
4.777079165475850431e+01,1.747151532870194046e+01
4.779079737067733902e+01,1.825447249575814723e+01
4.781080308659617373e+01,1.950899156091586661e+01
4.783080880251500844e+01,2.213101893675736775e+01
4.785081451843384315e+01,2.296987959665036882e+01
4.787082023435267075e+01,2.499054930110836992e+01
4.789082595027150546e+01,2.643331732800572453e+01
4.791083166619034017e+01,2.852062909328130758e+01
4.793083738210917488e+01,2.941449181606869701e+01
4.795084309802800959e+01,3.129631619116545949e+01
4.797084881394684430e+01,3.188693918235938440e+01
4.799085452986567901e+01,3.345397134201191847e+01
4.801086024578451372e+01,3.364800065926417005e+01
4.803086596170334843e+01,3.414106906695413812e+01
4.805087167762218314e+01,3.502543131158473955e+01
4.807087739354101075e+01,3.510938202208971859e+01
4.809088310945984546e+01,3.518044935248553884e+01
4.811088882537868017e+01,3.399665758768586699e+01
4.813089454129751488e+01,3.419765557850429616e+01
4.815090025721634959e+01,3.328651209712936065e+01
4.817090597313518430e+01,3.287246134409730303e+01
4.819091168905401901e+01,3.249956513928107427e+01
4.821091740497285372e+01,3.152787000874157641e+01
4.823092312089168843e+01,3.093663289445299824e+01
4.825092883681051603e+01,3.087804797069548002e+01
4.827093455272935074e+01,2.977537487674695171e+01
4.829094026864818545e+01,2.902766613056808964e+01
4.831094598456702016e+01,2.856803664259876641e+01
4.833095170048585487e+01,2.723985843768681292e+01
4.835095741640468958e+01,2.594973522961061718e+01
4.837096313232352429e+01,2.555975578745026411e+01
4.839096884824235900e+01,2.495408562829829435e+01
4.841097456416119371e+01,2.414176429775623234e+01
4.843098028008002842e+01,2.315399533262668186e+01
4.845098599599885603e+01,2.319122178387365096e+01
4.847099171191769074e+01,2.225428823643034448e+01
4.849099742783652545e+01,2.187332084737597526e+01
4.851100314375536016e+01,2.202729683614370515e+01
4.853100885967419487e+01,2.144111229654271256e+01
4.855101457559302958e+01,2.103378435886418174e+01
4.857102029151186429e+01,1.973191283223305703e+01
4.859102600743069900e+01,1.984841603428535706e+01
4.861103172334953371e+01,1.931293870889550846e+01
4.863103743926836131e+01,1.854591030783696226e+01
4.865104315518719602e+01,1.851224546430129436e+01
4.867104887110603073e+01,1.793600174140782144e+01
4.869105458702486544e+01,1.787569872519134861e+01
4.871106030294370015e+01,1.623909309208704599e+01
4.873106601886253486e+01,1.587070160939921237e+01
4.875107173478136957e+01,1.559076261860738910e+01
4.877107745070020428e+01,1.598243687138464253e+01
4.879108316661903899e+01,1.473856874209475620e+01
4.881108888253786660e+01,1.429050623270993370e+01
4.883109459845670131e+01,1.352936160659208653e+01
4.885110031437553602e+01,1.370674907013978583e+01
4.887110603029437073e+01,1.293906239598547003e+01
4.889111174621320544e+01,1.306904459201222934e+01
4.891111746213204015e+01,1.292608655472465529e+01
4.893112317805087486e+01,1.295969865072670224e+01
4.895112889396970957e+01,1.289087852211299534e+01
4.897113460988854428e+01,1.301886537626273110e+01
4.899114032580737899e+01,1.332335624809998897e+01
4.901114604172620659e+01,1.292324336803173779e+01
4.903115175764504130e+01,1.350939155639181166e+01
4.905115747356387601e+01,1.350541516816357657e+01
4.907116318948271072e+01,1.273496688001530153e+01
4.909116890540154543e+01,1.329399411801292175e+01
4.911117462132038014e+01,1.296314612307902792e+01
4.913118033723921485e+01,1.277411275839670779e+01
4.915118605315804956e+01,1.276224466016876846e+01
4.917119176907688427e+01,1.288374980338470621e+01
4.919119748499571187e+01,1.251482231014871793e+01
4.921120320091454658e+01,1.255176698273889713e+01
4.923120891683338129e+01,1.199213600172043570e+01
4.925121463275221600e+01,1.135238979522958047e+01
4.927122034867105071e+01,1.090953296650734039e+01
4.929122606458988542e+01,1.027129652845505348e+01
4.931123178050872014e+01,1.049011861856996042e+01
4.933123749642755485e+01,1.072615599524366736e+01
4.935124321234638956e+01,9.768057926130225610e+00
4.937124892826522427e+01,9.346680487803427084e+00
4.939125464418405187e+01,1.025208600498015699e+01
4.941126036010288658e+01,8.854761700905351418e+00
4.943126607602172129e+01,8.358124656457869506e+00
4.945127179194055600e+01,9.262030938849795447e+00
4.947127750785939071e+01,8.950334625173168135e+00
4.949128322377822542e+01,8.630927953133019415e+00
4.951128893969706013e+01,8.603801349554693445e+00
4.953129465561589484e+01,8.927618540482328058e+00
4.955130037153472955e+01,9.176553522389070849e+00
4.957130608745355715e+01,8.553916585541912809e+00
4.959131180337239186e+01,8.918939367278554187e+00
4.961131751929122657e+01,8.261966258248813588e+00
4.963132323521006128e+01,8.689851828138024814e+00
4.965132895112889599e+01,8.260050782783270762e+00
4.967133466704773070e+01,8.886904679175106736e+00
4.969134038296656541e+01,8.744390879603297861e+00
4.971134609888540012e+01,7.331274384938940791e+00
4.973135181480423483e+01,7.548927172568494548e+00
4.975135753072306244e+01,7.261076552597363509e+00
4.977136324664189715e+01,7.737886508845639000e+00
4.979136896256073186e+01,7.238744939478682028e+00
4.981137467847956657e+01,6.790997107059775217e+00
4.983138039439840128e+01,7.159176518220467855e+00
4.985138611031723599e+01,6.885822129598246022e+00
4.987139182623607070e+01,6.788104118580907453e+00
4.989139754215490541e+01,7.148418426512581192e+00
4.991140325807374012e+01,7.161135958796073453e+00
4.993140897399257483e+01,6.598832375590585997e+00
4.995141468991140243e+01,7.261675765918169212e+00
4.997142040583023714e+01,7.048947752705457148e+00
4.999142612174907185e+01,6.853047776273379021e+00
5.001143183766790656e+01,8.605768275517018395e+00
5.003143755358674127e+01,7.812807573891110025e+00
5.005144326950557598e+01,7.780327053543842908e+00
5.007144898542441069e+01,8.493121877749443271e+00
5.009145470134324540e+01,9.631131334852657488e+00
5.011146041726208011e+01,1.001374670330423378e+01
5.013146613318090772e+01,1.029007404150255311e+01
5.015147184909974243e+01,1.128741477082801303e+01
5.017147756501857714e+01,1.209144900162309710e+01
5.019148328093741185e+01,1.264803183210006665e+01
5.021148899685624656e+01,1.335598231387919910e+01
5.023149471277508127e+01,1.428050641619655181e+01
5.025150042869391598e+01,1.593886360741784003e+01
5.027150614461275069e+01,1.551230286837465400e+01
5.029151186053158540e+01,1.786154147719555851e+01
5.031151757645042011e+01,1.784114069145208958e+01
5.033152329236924771e+01,1.922007059204895896e+01
5.035152900828808242e+01,2.061361783468839093e+01
5.037153472420691713e+01,2.133082336185223937e+01
5.039154044012575184e+01,2.187423732820631628e+01
5.041154615604458655e+01,2.303269630628444631e+01
5.043155187196342126e+01,2.371988454794560042e+01
5.045155758788225597e+01,2.460948527331397884e+01
5.047156330380109068e+01,2.483746426689737774e+01
5.049156901971992539e+01,2.538221396821371911e+01
5.051157473563875300e+01,2.547126922764894275e+01
5.053158045155758771e+01,2.521742171450120651e+01
5.055158616747642242e+01,2.550038562773011108e+01
5.057159188339525713e+01,2.492614387778215956e+01
5.059159759931409184e+01,2.406584319773144287e+01
5.061160331523292655e+01,2.377494451565851818e+01
5.063160903115176126e+01,2.218555257273546744e+01
5.065161474707059597e+01,2.197181811645430827e+01
5.067162046298943068e+01,2.063903478585643825e+01
5.069162617890825828e+01,2.003706367829993340e+01
5.071163189482709299e+01,1.835060226589628840e+01
5.073163761074592770e+01,1.795285356299959290e+01
5.075164332666476241e+01,1.711224390652384741e+01
5.077164904258359712e+01,1.560774918162523761e+01
5.079165475850243183e+01,1.423281355690977357e+01
5.081166047442126654e+01,1.420556983683126795e+01
5.083166619034010125e+01,1.285834116267945681e+01
5.085167190625893596e+01,1.263902255199161040e+01
5.087167762217777067e+01,1.185741434451176346e+01
5.089168333809659828e+01,1.197414084435244597e+01
5.091168905401543299e+01,1.108173820719459357e+01
5.093169476993426770e+01,1.084954691026451812e+01
5.095170048585310241e+01,1.017486563706228786e+01
5.097170620177193712e+01,1.043809418148708801e+01
5.099171191769077183e+01,1.007161162633004992e+01
5.101171763360960654e+01,1.003374740720742508e+01
5.103172334952844125e+01,9.437290989439144795e+00
5.105172906544727596e+01,9.652079178960232042e+00
5.107173478136610356e+01,1.029127013037222582e+01
5.109174049728493827e+01,1.036068382666446652e+01
5.111174621320377298e+01,1.118129107652535481e+01
5.113175192912260769e+01,1.092591020506367272e+01
5.115175764504144240e+01,1.217632893687923712e+01
5.117176336096027711e+01,1.201876427053344898e+01
5.119176907687911182e+01,1.231219129779661081e+01
5.121177479279794653e+01,1.355849993058235015e+01
5.123178050871678124e+01,1.402576915845802574e+01
5.125178622463561595e+01,1.426616407473241388e+01
5.127179194055444356e+01,1.443079581475492823e+01
5.129179765647327827e+01,1.558997624791874514e+01
5.131180337239211298e+01,1.562449375686425412e+01
5.133180908831094769e+01,1.594495407387748287e+01
5.135181480422978240e+01,1.698793924623254270e+01
5.137182052014861711e+01,1.706352084759365795e+01
5.139182623606745182e+01,1.783855222230598514e+01
5.141183195198628653e+01,1.783454173134038712e+01
5.143183766790512124e+01,1.764385048772758680e+01
5.145184338382394884e+01,1.753198979902935406e+01
5.147184909974278355e+01,1.722200935056964965e+01
5.149185481566161826e+01,1.573394773962445825e+01
5.151186053158045297e+01,1.592402539256733363e+01
5.153186624749928768e+01,1.487442331946837371e+01
5.155187196341812239e+01,1.486348788247359920e+01
5.157187767933695710e+01,1.434768029366430042e+01
5.159188339525579181e+01,1.344058395558958097e+01
5.161188911117462652e+01,1.268005746705485848e+01
5.163189482709345413e+01,1.251796074476178333e+01
5.165190054301228884e+01,1.217500039272721679e+01
5.167190625893112355e+01,1.095408918877956417e+01
5.169191197484995826e+01,1.035237150407281170e+01
5.171191769076879297e+01,1.026511313478383691e+01
5.173192340668762768e+01,1.005291236391567544e+01
5.175192912260646239e+01,9.535236748891787073e+00
5.177193483852529710e+01,9.507231998126288275e+00
5.179194055444413181e+01,8.799937275655699054e+00
5.181194627036296652e+01,9.471570911056961251e+00
5.183195198628179412e+01,9.426685299772614712e+00
5.185195770220062883e+01,9.507080753481593760e+00
5.187196341811946354e+01,1.021551794904226718e+01
5.189196913403829825e+01,1.060245776144789787e+01
5.191197484995713296e+01,1.081988145852075611e+01
5.193198056587596767e+01,1.110807351208242366e+01
5.195198628179480238e+01,1.115461904913095381e+01
5.197199199771363709e+01,1.142375658229816082e+01
5.199199771363247180e+01,1.255482012723093277e+01
5.201200342955129940e+01,1.207627932719477926e+01
5.203200914547013411e+01,1.272828159233106859e+01
5.205201486138896882e+01,1.295270712047051553e+01
5.207202057730780353e+01,1.332799612431466230e+01
5.209202629322663824e+01,1.286427919244575691e+01
5.211203200914547295e+01,1.290273351067818552e+01
5.213203772506430766e+01,1.364708758236930919e+01
5.215204344098314237e+01,1.325845849083430572e+01
5.217204915690197708e+01,1.306689282335073266e+01
5.219205487282081180e+01,1.395980923684941999e+01
5.221206058873963940e+01,1.393642447387726335e+01
5.223206630465847411e+01,1.354783788387065080e+01
5.225207202057730882e+01,1.269175792769100397e+01
5.227207773649614353e+01,1.274773251429939336e+01
5.229208345241497824e+01,1.235803479979759345e+01
5.231208916833381295e+01,1.274667834975131164e+01
5.233209488425264766e+01,1.251683396528375525e+01
5.235210060017148237e+01,1.270881170819678552e+01
5.237210631609031708e+01,1.221227680086885314e+01
5.239211203200914468e+01,1.193132947508977892e+01
5.241211774792797939e+01,1.230620792933964580e+01
5.243212346384681410e+01,1.174919038897898460e+01
5.245212917976564881e+01,1.202694228276550703e+01
5.247213489568448352e+01,1.238974945863891008e+01
5.249214061160331823e+01,1.268672339835265461e+01
5.251214632752215294e+01,1.289220406793013396e+01
5.253215204344098765e+01,1.271779532819376435e+01
5.255215775935982236e+01,1.225516566704621901e+01
5.257216347527864997e+01,1.175741823140398701e+01
5.259216919119748468e+01,1.237733411648932602e+01
5.261217490711631939e+01,1.236568081819093656e+01
5.263218062303515410e+01,1.210312328501372825e+01
5.265218633895398881e+01,1.213322203209613015e+01
5.267219205487282352e+01,1.105832691811023771e+01
5.269219777079165823e+01,1.143892325216825867e+01
5.271220348671049294e+01,1.088097210329426368e+01
5.273220920262932765e+01,1.040704957787041174e+01
5.275221491854816236e+01,1.025383263676999768e+01
5.277222063446698996e+01,9.962079176977816530e+00
5.279222635038582467e+01,8.979966767681498041e+00
5.281223206630465938e+01,9.245538273420695674e+00
5.283223778222349409e+01,8.129913707872892914e+00
5.285224349814232880e+01,8.953123618380420368e+00
5.287224921406116351e+01,8.211984163845331253e+00
5.289225492997999822e+01,7.171878985358443259e+00
5.291226064589883293e+01,6.881073455495108959e+00
5.293226636181766764e+01,7.527386233361625045e+00
5.295227207773649525e+01,7.717241234307278042e+00
5.297227779365532996e+01,6.739786507900044299e+00
5.299228350957416467e+01,7.674852750361413456e+00
5.301228922549299938e+01,7.373155527146847632e+00
5.303229494141183409e+01,6.999203395590646082e+00
5.305230065733066880e+01,7.500061154968486576e+00
5.307230637324950351e+01,8.190050842356079386e+00
5.309231208916833822e+01,7.810959448572594610e+00
5.311231780508717293e+01,8.389452638124650363e+00
5.313232352100600764e+01,9.106453466669275798e+00
5.315232923692483524e+01,8.714963261632314939e+00
5.317233495284366995e+01,9.998289480099099791e+00
5.319234066876250466e+01,9.614208713532377715e+00
5.321234638468133937e+01,1.051049014799392367e+01
5.323235210060017408e+01,1.071034787524507692e+01
5.325235781651900879e+01,1.183667797410789291e+01
5.327236353243784350e+01,1.138602010773703554e+01
5.329236924835667821e+01,1.233153743201969021e+01
5.331237496427551292e+01,1.334341264235920299e+01
5.333238068019434053e+01,1.261696589471251784e+01
5.335238639611317524e+01,1.386001072388565092e+01
5.337239211203200995e+01,1.407262955563357032e+01
5.339239782795084466e+01,1.387980388436779577e+01
5.341240354386967937e+01,1.366999980170660223e+01
5.343240925978851408e+01,1.349964373624405312e+01
5.345241497570734879e+01,1.387273439811744069e+01
5.347242069162618350e+01,1.332563052332263531e+01
5.349242640754501821e+01,1.364552032695456241e+01
5.351243212346384581e+01,1.258990759316634112e+01
5.353243783938268052e+01,1.275380446766155096e+01
5.355244355530151523e+01,1.198088645663653651e+01
5.357244927122034994e+01,1.242354896034962586e+01
5.359245498713918465e+01,1.161481148324336310e+01
5.361246070305801936e+01,1.216519976101383804e+01
5.363246641897685407e+01,1.180650458235173694e+01
5.365247213489568878e+01,1.156028939172665382e+01
5.367247785081452349e+01,1.162149553572868399e+01
5.369248356673335820e+01,1.142821844982482915e+01
5.371248928265218581e+01,1.053127521357855478e+01
5.373249499857102052e+01,1.152921503373620737e+01
5.375250071448985523e+01,1.238319874031475365e+01
5.377250643040868994e+01,1.165999167511353285e+01
5.379251214632752465e+01,1.191435249480730718e+01
5.381251786224635936e+01,1.228847173471985776e+01
5.383252357816519407e+01,1.181302444802897256e+01
5.385252929408402878e+01,1.188956715542743048e+01
5.387253501000286349e+01,1.250883128659776133e+01
5.389254072592169109e+01,1.265803288178026165e+01
5.391254644184052580e+01,1.290287677267946265e+01
5.393255215775936051e+01,1.306046952301900532e+01
5.395255787367819522e+01,1.267768130030475859e+01
5.397256358959702993e+01,1.298498819938477311e+01
5.399256930551586464e+01,1.201524570030016825e+01
5.401257502143469935e+01,1.223894174577939253e+01
5.403258073735353406e+01,1.253256222127597752e+01
5.405258645327236877e+01,1.148005577622062212e+01
5.407259216919120348e+01,1.162698865340597898e+01
5.409259788511003109e+01,1.146099263067037377e+01
5.411260360102886580e+01,1.079171162482848878e+01
5.413260931694770051e+01,1.135453922891463385e+01
5.415261503286653522e+01,9.973199333721991522e+00
5.417262074878536993e+01,9.905637574987807170e+00
5.419262646470420464e+01,9.993902640851162644e+00
5.421263218062303935e+01,9.584257157972388086e+00
5.423263789654187406e+01,8.723342459173480279e+00
5.425264361246070877e+01,8.715957607466886969e+00
5.427264932837953637e+01,8.262501754128948050e+00
5.429265504429837108e+01,8.359448369746733221e+00
5.431266076021720579e+01,7.965672972767436022e+00
5.433266647613604050e+01,7.180623846632951057e+00
5.435267219205487521e+01,7.704932828880971307e+00
5.437267790797370992e+01,6.652782760367905723e+00
5.439268362389254463e+01,6.343921992857588066e+00
5.441268933981137934e+01,6.058429764429534181e+00
5.443269505573021405e+01,6.625728560000821332e+00
5.445270077164904166e+01,6.499204557816436356e+00
5.447270648756787637e+01,6.773989842962389929e+00
5.449271220348671108e+01,6.422461944783103505e+00
5.451271791940554579e+01,6.579619295602356921e+00
5.453272363532438050e+01,6.916665622019738890e+00
5.455272935124321521e+01,6.019521423926734727e+00
5.457273506716204992e+01,6.180995386937846447e+00
5.459274078308088463e+01,6.549012276590953086e+00
5.461274649899971934e+01,5.943413686141990837e+00
5.463275221491855405e+01,7.026680133419514362e+00
5.465275793083738165e+01,6.181165608648859333e+00
5.467276364675621636e+01,6.409506575094800596e+00
5.469276936267505107e+01,6.411947945582417319e+00
5.471277507859388578e+01,6.773060271920444464e+00
5.473278079451272049e+01,6.752489498378574595e+00
5.475278651043155520e+01,5.916271372056110422e+00
5.477279222635038991e+01,5.756335078581248155e+00
5.479279794226922462e+01,7.007317744403787962e+00
5.481280365818805933e+01,6.997121981524394130e+00
5.483280937410688693e+01,6.646125990807965955e+00
5.485281509002572164e+01,6.025119234531857160e+00
5.487282080594455635e+01,7.807873670921641640e+00
5.489282652186339106e+01,7.088219487063606827e+00
5.491283223778222577e+01,7.140981967381927475e+00
5.493283795370106048e+01,7.657392190088303074e+00
5.495284366961989519e+01,8.189674652855902792e+00
5.497284938553872990e+01,7.922254726410590919e+00
5.499285510145756461e+01,7.558909767433766191e+00
5.501286081737639222e+01,8.136525336829921073e+00
5.503286653329522693e+01,7.836680751485969765e+00
5.505287224921406164e+01,8.779312645625228839e+00
5.507287796513289635e+01,9.308254802316911380e+00
5.509288368105173106e+01,9.621427254249290684e+00
5.511288939697056577e+01,9.014989107951437930e+00
5.513289511288940048e+01,9.419008074300455391e+00
5.515290082880823519e+01,9.552074447133367840e+00
5.517290654472706990e+01,9.271483957324788250e+00
5.519291226064590461e+01,9.898946653243426042e+00
5.521291797656473221e+01,9.209174985227949861e+00
5.523292369248356692e+01,9.168854335023496560e+00
5.525292940840240163e+01,8.664619264167269463e+00
5.527293512432123634e+01,8.749388642567520691e+00
5.529294084024007105e+01,8.169951840711451752e+00
5.531294655615890576e+01,7.227843684558241222e+00
5.533295227207774047e+01,7.475922902076254317e+00
5.535295798799657518e+01,7.541815873026280315e+00
5.537296370391540989e+01,7.492444266183972523e+00
5.539296941983423750e+01,7.098526412054321000e+00
5.541297513575307221e+01,5.925706199909180683e+00
5.543298085167190692e+01,5.525154673148572115e+00
5.545298656759074163e+01,5.811293550136931607e+00
5.547299228350957634e+01,5.743033752387947999e+00
5.549299799942841105e+01,5.805195528747427502e+00
5.551300371534724576e+01,6.372503931117345921e+00
5.553300943126608047e+01,6.175614520620472447e+00
5.555301514718491518e+01,6.453215616825231038e+00
5.557302086310374989e+01,5.622324402555443967e+00
5.559302657902257749e+01,4.750649829515336542e+00
5.561303229494141220e+01,5.908174558304160051e+00
5.563303801086024691e+01,5.929158833791768224e+00
5.565304372677908162e+01,6.546160511440275442e+00
5.567304944269791633e+01,6.139531261924302541e+00
5.569305515861675104e+01,5.179036567160798299e+00
5.571306087453558575e+01,6.142423187763649040e+00
5.573306659045442046e+01,5.690379255120392443e+00
5.575307230637325517e+01,6.054027431263008907e+00
5.577307802229208278e+01,6.028613798901790943e+00
5.579308373821091749e+01,5.288468938919472784e+00
5.581308945412975220e+01,5.869461182918037423e+00
5.583309517004858691e+01,5.611533321933602103e+00
5.585310088596742162e+01,5.320148476055977405e+00
5.587310660188625633e+01,5.110144724686564999e+00
5.589311231780509104e+01,6.326038267641577839e+00
5.591311803372392575e+01,5.508948260656940654e+00
5.593312374964276046e+01,6.409730682456989292e+00
5.595312946556158806e+01,5.522535850592465323e+00
5.597313518148042277e+01,4.706175539268615537e+00
5.599314089739925748e+01,5.490093267252981413e+00
5.601314661331809219e+01,5.348741576527523023e+00
5.603315232923692690e+01,5.298482936192672632e+00
5.605315804515576161e+01,5.324187973169006050e+00
5.607316376107459632e+01,5.124908146723088365e+00
5.609316947699343103e+01,5.225895077650107190e+00
5.611317519291226574e+01,5.777110938630316994e+00
5.613318090883110045e+01,5.273754484598135228e+00
5.615318662474992806e+01,5.208318730954248466e+00
5.617319234066876277e+01,4.439885424487736820e+00
5.619319805658759748e+01,5.349927807580663774e+00
5.621320377250643219e+01,5.129214423849751014e+00
5.623320948842526690e+01,4.583253436056639707e+00
5.625321520434410161e+01,4.612103662156123107e+00
5.627322092026293632e+01,5.282885027013446866e+00
5.629322663618177103e+01,4.393669061836542156e+00
5.631323235210060574e+01,4.824466256330233627e+00
5.633323806801943334e+01,5.301896630277823874e+00
5.635324378393826805e+01,4.574363443288183007e+00
5.637324949985710276e+01,5.692798038767627133e+00
5.639325521577593747e+01,5.704725749306767568e+00
5.641326093169477218e+01,4.963336671008394596e+00
5.643326664761360689e+01,4.479865263003880216e+00
5.645327236353244160e+01,5.026636650641706616e+00
5.647327807945127631e+01,5.477716850549103178e+00
5.649328379537011102e+01,5.604502383251220188e+00
5.651328951128894573e+01,4.681471332892383153e+00
5.653329522720777334e+01,5.672046323372832433e+00
5.655330094312660805e+01,5.295946206913923149e+00
5.657330665904544276e+01,5.377232439866047820e+00
5.659331237496427747e+01,5.719591101000853328e+00
5.661331809088311218e+01,5.586092636543477319e+00
5.663332380680194689e+01,5.848826169234259353e+00
5.665332952272078160e+01,5.027233614088490121e+00
5.667333523863961631e+01,6.160153122056612141e+00
5.669334095455845102e+01,5.305337283498682055e+00
5.671334667047727862e+01,5.872179022074153210e+00
5.673335238639611333e+01,5.171450792653836892e+00
5.675335810231494804e+01,5.357135993708856958e+00
5.677336381823378275e+01,6.018653837385873118e+00
5.679336953415261746e+01,5.743082546228323260e+00
5.681337525007145217e+01,5.942593240526041320e+00
5.683338096599028688e+01,6.458318280967004554e+00
5.685338668190912159e+01,5.698489991324298565e+00
5.687339239782795630e+01,5.930964613683499920e+00
5.689339811374678391e+01,5.611074629605476538e+00
5.691340382966561862e+01,6.660293888429598574e+00
5.693340954558445333e+01,6.569699881296747535e+00
5.695341526150328804e+01,7.351120925688710450e+00
5.697342097742212275e+01,6.770819585467435786e+00
5.699342669334095746e+01,6.815373046393490952e+00
5.701343240925979217e+01,7.905808634527639711e+00
5.703343812517862688e+01,7.530657373812863042e+00
5.705344384109746159e+01,8.109402217191611584e+00
5.707344955701629630e+01,7.801097988782186299e+00
5.709345527293512390e+01,8.468920867460999702e+00
5.711346098885395861e+01,8.252377058268576704e+00
5.713346670477279332e+01,8.663074841094266176e+00
5.715347242069162803e+01,8.594863143480766965e+00
5.717347813661046274e+01,9.507833072676335817e+00
5.719348385252929745e+01,9.214157880907334786e+00
5.721348956844813216e+01,9.420244699849281034e+00
5.723349528436696687e+01,9.254993649263660416e+00
5.725350100028580158e+01,9.514325446071628889e+00
5.727350671620462919e+01,8.961280286529259342e+00
5.729351243212346390e+01,8.700324040673441672e+00
5.731351814804229861e+01,9.023806528725462073e+00
5.733352386396113332e+01,9.345462285198593122e+00
5.735352957987996803e+01,9.199345537015261698e+00
5.737353529579880274e+01,8.242962251692187436e+00
5.739354101171763745e+01,8.439426574793381874e+00
5.741354672763647216e+01,7.555422840709342225e+00
5.743355244355530687e+01,8.208737932330722131e+00
5.745355815947414158e+01,7.487265885757480532e+00
5.747356387539296918e+01,7.773950827130530428e+00
5.749356959131180389e+01,7.283032480337268133e+00
5.751357530723063860e+01,6.628806168481888861e+00
5.753358102314947331e+01,6.641799859461785083e+00
5.755358673906830802e+01,7.415518359090869538e+00
5.757359245498714273e+01,7.102034232785841894e+00
5.759359817090597744e+01,6.770674661473968570e+00
5.761360388682481215e+01,6.241327074853185941e+00
5.763360960274364686e+01,6.237482013277409365e+00
5.765361531866247446e+01,6.281620072977494473e+00
5.767362103458130917e+01,6.749877571369148122e+00
5.769362675050014388e+01,5.619003847909223026e+00
5.771363246641897859e+01,6.044415950278951399e+00
5.773363818233781330e+01,5.441555619247008480e+00
5.775364389825664801e+01,6.243676080923680871e+00
5.777364961417548272e+01,6.332890064309628642e+00
5.779365533009431743e+01,5.885347257238307428e+00
5.781366104601315214e+01,6.398577544665412731e+00
5.783366676193197975e+01,5.647850664222017869e+00
5.785367247785081446e+01,5.453884091586894023e+00
5.787367819376964917e+01,5.670344600023744519e+00
5.789368390968848388e+01,5.455247702588682301e+00
5.791368962560731859e+01,5.806870535283708890e+00
5.793369534152615330e+01,6.127271020295592230e+00
5.795370105744498801e+01,6.484874956489580455e+00
5.797370677336382272e+01,6.213265980489611096e+00
5.799371248928265743e+01,6.340210200502159665e+00
5.801371820520149214e+01,6.784620987653802615e+00
5.803372392112031974e+01,6.225395288470219946e+00
5.805372963703915445e+01,6.361660626006014674e+00
5.807373535295798916e+01,7.046064538237545527e+00
5.809374106887682387e+01,6.697417250423605140e+00
5.811374678479565858e+01,7.590358636474356935e+00
5.813375250071449329e+01,7.250185529453242239e+00
5.815375821663332800e+01,7.384894845538106267e+00
5.817376393255216271e+01,7.312801320115572601e+00
5.819376964847099742e+01,8.574068924368360101e+00
5.821377536438982503e+01,7.916289049138235612e+00
5.823378108030865974e+01,8.437612216244794183e+00
5.825378679622749445e+01,7.754805731615751263e+00
5.827379251214632916e+01,8.259384948412835215e+00
5.829379822806516387e+01,7.823024093981027605e+00
5.831380394398399858e+01,8.407797813768379314e+00
5.833380965990283329e+01,8.290605353356276908e+00
5.835381537582166800e+01,8.768933085220634638e+00
5.837382109174050271e+01,9.381786035158837578e+00
5.839382680765933742e+01,8.883821622466131274e+00
5.841383252357816502e+01,8.389473857828562586e+00
5.843383823949699973e+01,8.804875393028005703e+00
5.845384395541583444e+01,8.719269717676493059e+00
5.847384967133466915e+01,8.857096248326431720e+00
5.849385538725350386e+01,9.124194160773541284e+00
5.851386110317233857e+01,9.045683810362875832e+00
5.853386681909117328e+01,8.032749350684948553e+00
5.855387253501000799e+01,7.683541384958157749e+00
5.857387825092884270e+01,7.952284191238955025e+00
5.859388396684767031e+01,8.516175298175266306e+00
5.861388968276650502e+01,8.496369783046201718e+00
5.863389539868533973e+01,9.350310613929881498e+00
5.865390111460417444e+01,8.910948714613828869e+00
5.867390683052300915e+01,8.662461492458541912e+00
5.869391254644184386e+01,9.528130861542388530e+00
5.871391826236067857e+01,9.671449643238098304e+00
5.873392397827951328e+01,9.180103677055850397e+00
5.875392969419834799e+01,9.542104421338203579e+00
5.877393541011717559e+01,9.699798431627982609e+00
5.879394112603601030e+01,1.058256265441127653e+01
5.881394684195484501e+01,9.877356031637422262e+00
5.883395255787367972e+01,1.032333288583424036e+01
5.885395827379251443e+01,1.043676128058000074e+01
5.887396398971134914e+01,1.084732726673862757e+01
5.889396970563018385e+01,1.114243418609612846e+01
5.891397542154901856e+01,1.072432707947177022e+01
5.893398113746785327e+01,1.071685416734568541e+01
5.895398685338668798e+01,1.167398497486036035e+01
5.897399256930551559e+01,1.076766767356465060e+01
5.899399828522435030e+01,1.159809108433826097e+01
5.901400400114318501e+01,1.188716273150666147e+01
5.903400971706201972e+01,1.241995392755289807e+01
5.905401543298085443e+01,1.243805928802082050e+01
5.907402114889968914e+01,1.185382791721650975e+01
5.909402686481852385e+01,1.291036652319417577e+01
5.911403258073735856e+01,1.389891874112273840e+01
5.913403829665619327e+01,1.349319532748737771e+01
5.915404401257502087e+01,1.463594337634271447e+01
5.917404972849385558e+01,1.533080447034014782e+01
5.919405544441269029e+01,1.493854054453790781e+01
5.921406116033152500e+01,1.586198110649324278e+01
5.923406687625035971e+01,1.535752927263642142e+01
5.925407259216919442e+01,1.664136459692764447e+01
5.927407830808802913e+01,1.717134659253035878e+01
5.929408402400686384e+01,1.708207116843157181e+01
5.931408973992569855e+01,1.742167548810358468e+01
5.933409545584453326e+01,1.758413510488828280e+01
5.935410117176336087e+01,1.693719709148846420e+01
5.937410688768219558e+01,1.725588990429361047e+01
5.939411260360103029e+01,1.772541716420479219e+01
5.941411831951986500e+01,1.718688415102378997e+01
5.943412403543869971e+01,1.720248070516309014e+01
5.945412975135753442e+01,1.682490543235875435e+01
5.947413546727636913e+01,1.691418532420243892e+01
5.949414118319520384e+01,1.581462555411309978e+01
5.951414689911403855e+01,1.655178565191443951e+01
5.953415261503286615e+01,1.559053090496085581e+01
5.955415833095170086e+01,1.563732703394701140e+01
5.957416404687053557e+01,1.597794582776422345e+01
5.959416976278937028e+01,1.514031095088432011e+01
5.961417547870820499e+01,1.476254745139614499e+01
5.963418119462703970e+01,1.404021688757356578e+01
5.965418691054587441e+01,1.353973102930496886e+01
5.967419262646470912e+01,1.353154198005088205e+01
5.969419834238354383e+01,1.394122978687576975e+01
5.971420405830237144e+01,1.309699080567438401e+01
5.973420977422120615e+01,1.338622197883623954e+01
5.975421549014004086e+01,1.341554193572165588e+01
5.977422120605887557e+01,1.350582834140815969e+01
5.979422692197771028e+01,1.346598955669122688e+01
5.981423263789654499e+01,1.338651653833753308e+01
5.983423835381537970e+01,1.303866987341453054e+01
5.985424406973421441e+01,1.324907854028631959e+01
5.987424978565304912e+01,1.330309870415768003e+01
5.989425550157188383e+01,1.235017211878125210e+01
5.991426121749071143e+01,1.194452851566023277e+01
5.993426693340954614e+01,1.164795521205095241e+01
5.995427264932838085e+01,1.184006006145697043e+01
5.997427836524721556e+01,1.124699169281517719e+01
5.999428408116605027e+01,1.167189113635846809e+01
6.001428979708488498e+01,1.054550657052792317e+01
6.003429551300371969e+01,1.032230645386121637e+01
6.005430122892255440e+01,9.852444731734774308e+00
6.007430694484138911e+01,9.653492255040017511e+00
6.009431266076021672e+01,9.461200734455092132e+00
6.011431837667905143e+01,9.145264741534010255e+00
6.013432409259788614e+01,7.786457221408244145e+00
6.015432980851672085e+01,8.245873998615017797e+00
6.017433552443555556e+01,7.404334217646981742e+00
6.019434124035439027e+01,7.729634986039242150e+00
6.021434695627322498e+01,7.490781131567702644e+00
6.023435267219205969e+01,7.225737834428620054e+00
6.025435838811089440e+01,6.316038284188492113e+00
6.027436410402972911e+01,7.113021734998708823e+00
6.029436981994855671e+01,6.145620526071461143e+00
6.031437553586739142e+01,6.379028002953687881e+00
6.033438125178622613e+01,6.202987809638009331e+00
6.035438696770506084e+01,6.372980687781912401e+00
6.037439268362389555e+01,6.534119544258597756e+00
6.039439839954273026e+01,6.137860676681404115e+00
6.041440411546156497e+01,6.292498055633827470e+00
6.043440983138039968e+01,6.272735712573126676e+00
6.045441554729923439e+01,6.737538004203363684e+00
6.047442126321806199e+01,5.542963294541151775e+00
6.049442697913689670e+01,6.182270826766796290e+00
6.051443269505573141e+01,6.598685250176455241e+00
6.053443841097456612e+01,6.131589574620490701e+00
6.055444412689340083e+01,6.010556931342819098e+00
6.057444984281223554e+01,6.333124712759252262e+00
6.059445555873107025e+01,6.322438901540159861e+00
6.061446127464990496e+01,6.461745840300082477e+00
6.063446699056873967e+01,6.900802563526617917e+00
6.065447270648756728e+01,6.599459763177441651e+00
6.067447842240640199e+01,6.342994164565022963e+00
6.069448413832523670e+01,6.884080741844549323e+00
6.071448985424407141e+01,5.628914763782080222e+00
6.073449557016290612e+01,6.795200562609288397e+00
6.075450128608174083e+01,6.249187107897541615e+00
6.077450700200057554e+01,6.621540305539518556e+00
6.079451271791941025e+01,6.198545211362386453e+00
6.081451843383824496e+01,5.762160940651622099e+00
6.083452414975707967e+01,6.946776254830852260e+00
6.085452986567590727e+01,7.225005007859628847e+00
6.087453558159474198e+01,6.545512397912272462e+00
6.089454129751357669e+01,5.957634030743835574e+00
6.091454701343241140e+01,6.860112113016740842e+00
6.093455272935124611e+01,7.382676823893790541e+00
6.095455844527008082e+01,7.039584108468382340e+00
6.097456416118891553e+01,7.013779719867797802e+00
6.099456987710775024e+01,7.998021668948284812e+00
6.101457559302658495e+01,7.895429698273381369e+00
6.103458130894541256e+01,8.056766480160234778e+00
6.105458702486424727e+01,7.747811974399636981e+00
6.107459274078308198e+01,8.582943099988225910e+00
6.109459845670191669e+01,8.405361138358360407e+00
6.111460417262075140e+01,7.985912549084311252e+00
6.113460988853958611e+01,8.141170279076016314e+00
6.115461560445842082e+01,9.379883104530524207e+00
6.117462132037725553e+01,8.387136265142693503e+00
6.119462703629609024e+01,8.849903631685709371e+00
6.121463275221492495e+01,9.310535414537257637e+00
6.123463846813375255e+01,9.601081185648052241e+00
6.125464418405258726e+01,9.045001599573277318e+00
6.127464989997142197e+01,9.010869180930761502e+00
6.129465561589025668e+01,8.926792742626407318e+00
6.131466133180909139e+01,1.015113518807058668e+01
6.133466704772792610e+01,9.334049124170803680e+00
6.135467276364676081e+01,9.005809729897229943e+00
6.137467847956559552e+01,8.908749214191926669e+00
6.139468419548443023e+01,8.585001913592996914e+00
6.141468991140325784e+01,8.065886363722677643e+00
6.143469562732209255e+01,8.656703971974067713e+00
6.145470134324092726e+01,8.637613445741045837e+00
6.147470705915976197e+01,7.879066321392870442e+00
6.149471277507859668e+01,8.490960841610172949e+00
6.151471849099743139e+01,8.327733266018608305e+00
6.153472420691626610e+01,7.778327918059906310e+00
6.155472992283510081e+01,8.416402004883522636e+00
6.157473563875393552e+01,7.836055798321094557e+00
6.159474135467276312e+01,8.626334491170712937e+00
6.161474707059159783e+01,7.850180422772385924e+00
6.163475278651043254e+01,8.808301278450683114e+00
6.165475850242926725e+01,8.777308385342815100e+00
6.167476421834810196e+01,8.655309391143024556e+00
6.169476993426693667e+01,8.992863253256242473e+00
6.171477565018577138e+01,9.619843643763832830e+00
6.173478136610460609e+01,8.700889653090234432e+00
6.175478708202344080e+01,9.043125949272631914e+00
6.177479279794227551e+01,9.407064074661519726e+00
6.179479851386110312e+01,1.056477162935189540e+01
6.181480422977993783e+01,9.876875448195157503e+00
6.183480994569877254e+01,1.038669468650508598e+01
6.185481566161760725e+01,1.115389836550724212e+01
6.187482137753644196e+01,1.117644835148276172e+01
6.189482709345527667e+01,1.237222725670141443e+01
6.191483280937411138e+01,1.236639033428205181e+01
6.193483852529294609e+01,1.186691903676464932e+01
6.195484424121178080e+01,1.282924697689867699e+01
6.197484995713060840e+01,1.253306221126789133e+01
6.199485567304944311e+01,1.364979661432165514e+01
6.201486138896827782e+01,1.456608931456548461e+01
6.203486710488711253e+01,1.392107951435225210e+01
6.205487282080594724e+01,1.379806602941620497e+01
6.207487853672478195e+01,1.452653106563934671e+01
6.209488425264361666e+01,1.408507147719987884e+01
6.211488996856245137e+01,1.329486873946128078e+01
6.213489568448128608e+01,1.411307042537085188e+01
6.215490140040011369e+01,1.363223918939650048e+01
6.217490711631894840e+01,1.337218255542557088e+01
6.219491283223778311e+01,1.238615039576220411e+01
6.221491854815661782e+01,1.293963169897321563e+01
6.223492426407545253e+01,1.267505436257265927e+01
6.225492997999428724e+01,1.138118728334898222e+01
6.227493569591312195e+01,1.120083874092646425e+01
6.229494141183195666e+01,1.120066666606876993e+01
6.231494712775079137e+01,1.045951016573678771e+01
6.233495284366962608e+01,1.088435904866877912e+01
6.235495855958845368e+01,1.065415497621901153e+01
6.237496427550728839e+01,1.099086221122945872e+01
6.239496999142612310e+01,1.115157750391681191e+01
6.241497570734495781e+01,1.187361370665362159e+01
6.243498142326379252e+01,1.183560510526949017e+01
6.245498713918262723e+01,1.196874084376835867e+01
6.247499285510146194e+01,1.186407172865988002e+01
6.249499857102029665e+01,1.227925803122433734e+01
6.251500428693913136e+01,1.296951208339015160e+01
6.253501000285795897e+01,1.285936969776920691e+01
6.255501571877679368e+01,1.369627899579839791e+01
6.257502143469562839e+01,1.346458869117201118e+01
6.259502715061446310e+01,1.463888762682797484e+01
6.261503286653329781e+01,1.417619972900945413e+01
6.263503858245213252e+01,1.530692991067313358e+01
6.265504429837096723e+01,1.551765639683576481e+01
6.267505001428980194e+01,1.602431070513524958e+01
6.269505573020863665e+01,1.637913185576194408e+01
6.271506144612747136e+01,1.574543569495818574e+01
6.273506716204629896e+01,1.663098767213137563e+01
6.275507287796513367e+01,1.665515444190736360e+01
6.277507859388396838e+01,1.683953092055852352e+01
6.279508430980280309e+01,1.655690681439223866e+01
6.281509002572163780e+01,1.658019578802255367e+01
6.283509574164047251e+01,1.642903692391907100e+01
6.285510145755930722e+01,1.548601775746811349e+01
6.287510717347814193e+01,1.552579017104496018e+01
6.289511288939697664e+01,1.528223420736563298e+01
6.291511860531580425e+01,1.436608360512861005e+01
6.293512432123463896e+01,1.403494558681093451e+01
6.295513003715347367e+01,1.266191862469291252e+01
6.297513575307230838e+01,1.249369579806309360e+01
6.299514146899114309e+01,1.210968242441318665e+01
6.301514718490997780e+01,1.203105841862687697e+01
6.303515290082881251e+01,1.155952229723095748e+01
6.305515861674764722e+01,1.145404133121027357e+01
6.307516433266648193e+01,1.170182636216497585e+01
6.309517004858530953e+01,1.169626452864939381e+01
6.311517576450414424e+01,1.124128902719960088e+01
6.313518148042297895e+01,1.049861084176503923e+01
6.315518719634181366e+01,1.074740948930459439e+01
6.317519291226064837e+01,1.117231909726381645e+01
6.319519862817948308e+01,1.199636349171195349e+01
6.321520434409831779e+01,1.165097705803490413e+01
6.323521006001715250e+01,1.189359886198408844e+01
6.325521577593598721e+01,1.199680986391885895e+01
6.327522149185482192e+01,1.200073886076767948e+01
6.329522720777364952e+01,1.188796970514705720e+01
6.331523292369248423e+01,1.212373809782747003e+01
6.333523863961131894e+01,1.230753371799295159e+01
6.335524435553015365e+01,1.227293037984959412e+01
6.337525007144898836e+01,1.122677898055696133e+01
6.339525578736782307e+01,1.110064278205407362e+01
6.341526150328665778e+01,1.179014530423755858e+01
6.343526721920549249e+01,1.204404765215197770e+01
6.345527293512432720e+01,1.088758165403169542e+01
6.347527865104315481e+01,1.098400999910789366e+01
6.349528436696198952e+01,1.023053967019025023e+01
6.351529008288082423e+01,1.083970375324316393e+01
6.353529579879965894e+01,1.081533083754471569e+01
6.355530151471849365e+01,1.020598344498142929e+01
6.357530723063732836e+01,1.013740128758617942e+01
6.359531294655616307e+01,9.432977866170716652e+00
6.361531866247499778e+01,1.048898878755518105e+01
6.363532437839383249e+01,1.060094398010872752e+01
6.365533009431266720e+01,9.165601073912577945e+00
6.367533581023149480e+01,9.411393993693501159e+00
6.369534152615032951e+01,9.685819897403305845e+00
6.371534724206916422e+01,9.724585812004274743e+00
6.373535295798799893e+01,9.332171622831484825e+00
6.375535867390683364e+01,1.009670486696733249e+01
6.377536438982566835e+01,9.835279560358170414e+00
6.379537010574450306e+01,9.146763674289923429e+00
6.381537582166333777e+01,1.038977246885535166e+01
6.383538153758217248e+01,9.470754274025335206e+00
6.385538725350100009e+01,9.655911774004716008e+00
6.387539296941983480e+01,9.138994240943068448e+00
6.389539868533866951e+01,9.306841921079126223e+00
6.391540440125750422e+01,9.938524265307183470e+00
6.393541011717633893e+01,9.662514693067992155e+00
6.395541583309517364e+01,9.756215098803266983e+00
6.397542154901400835e+01,9.427954212346399743e+00
6.399542726493284306e+01,9.598645291008978120e+00
6.401543298085167066e+01,9.657051311501707147e+00
6.403543869677051248e+01,9.147588048498311863e+00
6.405544441268934008e+01,1.002230550583638902e+01
6.407545012860816769e+01,8.845973987864532262e+00
6.409545584452700950e+01,8.173785734234581213e+00
6.411546156044585132e+01,8.414852616296670362e+00
6.413546727636467892e+01,7.770373471313822833e+00
6.415547299228350653e+01,8.908297899573199174e+00
6.417547870820234834e+01,8.229666850337016726e+00
6.419548442412119016e+01,8.042822439362931064e+00
6.421549014004001776e+01,7.787337197705936020e+00
6.423549585595884537e+01,7.703021745934179876e+00
6.425550157187768718e+01,6.771655363513085391e+00
6.427550728779651479e+01,7.510019153283322701e+00
6.429551300371534239e+01,6.870178283863150881e+00
6.431551871963418421e+01,7.296962859232307252e+00
6.433552443555302602e+01,7.291306448843066335e+00
6.435553015147185363e+01,6.606451952318720622e+00
6.437553586739068123e+01,7.923389702044671523e+00
6.439554158330952305e+01,6.727571246641379510e+00
6.441554729922835065e+01,7.685490795884499349e+00
6.443555301514717826e+01,7.264699226079239125e+00
6.445555873106602007e+01,7.112475211951696075e+00
6.447556444698486189e+01,7.973398331230201919e+00
6.449557016290368949e+01,7.619674931949429464e+00
6.451557587882251710e+01,8.187395260846404454e+00
6.453558159474135891e+01,8.768298260004630862e+00
6.455558731066020073e+01,8.555144944018787001e+00
6.457559302657902833e+01,8.609199416998276178e+00
6.459559874249785594e+01,8.842090322110427891e+00
6.461560445841669775e+01,9.833641760195620307e+00
6.463561017433552536e+01,9.376981517571460145e+00
6.465561589025435296e+01,9.808691714969430819e+00
6.467562160617319478e+01,1.020634364070081546e+01
6.469562732209203659e+01,1.023147011993205702e+01
6.471563303801086420e+01,1.091742998893305838e+01
6.473563875392969180e+01,1.023420331443827536e+01
6.475564446984853362e+01,1.074941911674684292e+01
6.477565018576737543e+01,1.085049642864309938e+01
6.479565590168618883e+01,1.095353351674653197e+01
6.481566161760503064e+01,1.143218998528501729e+01
6.483566733352387246e+01,1.095788939887816227e+01
6.485567304944270006e+01,1.187935479488799118e+01
6.487567876536152767e+01,1.090271783727631849e+01
6.489568448128036948e+01,1.169144252891472746e+01
6.491569019719921130e+01,1.194778707265791695e+01
6.493569591311803890e+01,1.127649692413524107e+01
6.495570162903686651e+01,1.150368213235775450e+01
6.497570734495570832e+01,1.056932820891272407e+01
6.499571306087453593e+01,1.086464093780659290e+01
6.501571877679336353e+01,1.042383650059762346e+01
6.503572449271220535e+01,1.034331720313259773e+01
6.505573020863104716e+01,8.476295848741324690e+00
6.507573592454987477e+01,8.460530835405256411e+00
6.509574164046870237e+01,8.475429024559197444e+00
6.511574735638754419e+01,7.245430734217368496e+00
6.513575307230638600e+01,7.548740993112719622e+00
6.515575878822521361e+01,7.262287152006949853e+00
6.517576450414404121e+01,6.656017303024258425e+00
6.519577022006288303e+01,6.114530629177529875e+00
6.521577593598171063e+01,6.544705975006129606e+00
6.523578165190053824e+01,6.479106784998778679e+00
6.525578736781938005e+01,6.507967839458757453e+00
6.527579308373822187e+01,5.703046128762420786e+00
6.529579879965704947e+01,5.122926569512285866e+00
6.531580451557587708e+01,5.166622146332027654e+00
6.533581023149471889e+01,5.255629650508772066e+00
6.535581594741354650e+01,4.380090146736854706e+00
6.537582166333237410e+01,4.392864900229824343e+00
6.539582737925121592e+01,5.389087525555765978e+00
6.541583309517005773e+01,4.899686533248054587e+00
6.543583881108888534e+01,3.844627828052670004e+00
6.545584452700771294e+01,4.191877179850737711e+00
6.547585024292655476e+01,4.793786864514732571e+00
6.549585595884539657e+01,4.174348142431888675e+00
6.551586167476422418e+01,4.854696083487183067e+00
6.553586739068305178e+01,4.959668193333651942e+00
6.555587310660189360e+01,4.551608615768325095e+00
6.557587882252072120e+01,4.317592611326587004e+00
6.559588453843954881e+01,4.494281377931780952e+00
6.561589025435839062e+01,4.521195862208962524e+00
6.563589597027723244e+01,5.110532793955983699e+00
6.565590168619606004e+01,4.940324328755215433e+00
6.567590740211488765e+01,4.664737411592452254e+00
6.569591311803372946e+01,4.851100536005161779e+00
6.571591883395257128e+01,4.180990683066934999e+00
6.573592454987138467e+01,4.271190458018735647e+00
6.575593026579022649e+01,5.076020160505650303e+00
6.577593598170906830e+01,5.413774058055974336e+00
6.579594169762789591e+01,5.461912791908643428e+00
6.581594741354672351e+01,4.902887982430177871e+00
6.583595312946556533e+01,5.871682626163413410e+00
6.585595884538440714e+01,5.263293417445368050e+00
6.587596456130323475e+01,5.044690360622412051e+00
6.589597027722206235e+01,6.002163473723092224e+00
6.591597599314090417e+01,5.383902394404314506e+00
6.593598170905973177e+01,5.075805083833063058e+00
6.595598742497855937e+01,5.436322188659014287e+00
6.597599314089740119e+01,4.965996813864057557e+00
6.599599885681624301e+01,5.212332447646123690e+00
6.601600457273507061e+01,5.908941883802086181e+00
6.603601028865389821e+01,5.440194514088478428e+00
6.605601600457274003e+01,6.200521517243649861e+00
6.607602172049158185e+01,5.130663437927653447e+00
6.609602743641040945e+01,5.920236636007291331e+00
6.611603315232923705e+01,5.459643518196864775e+00
6.613603886824807887e+01,5.885210026917955695e+00
6.615604458416690647e+01,5.356556946768566085e+00
6.617605030008573408e+01,5.296881123805007974e+00
6.619605601600457589e+01,5.270791476530448882e+00
6.621606173192341771e+01,5.742408209555962095e+00
6.623606744784224531e+01,5.988009853582386022e+00
6.625607316376107292e+01,6.033485082143408285e+00
6.627607887967991473e+01,4.793090310462718051e+00
6.629608459559874234e+01,5.252684809794569532e+00
6.631609031151756994e+01,5.630238788404243522e+00
6.633609602743641176e+01,5.131760213750299116e+00
6.635610174335525357e+01,5.023307554638257955e+00
6.637610745927408118e+01,5.699540667760316204e+00
6.639611317519290878e+01,5.240413240029244690e+00
6.641611889111175060e+01,5.187909842571582608e+00
6.643612460703059241e+01,5.677323680325244482e+00
6.645613032294942002e+01,5.921013072959421919e+00
6.647613603886824762e+01,5.210532376784601460e+00
6.649614175478708944e+01,4.684601370032226875e+00
6.651614747070591704e+01,5.121357939628569333e+00
6.653615318662474465e+01,4.536701111916819684e+00
6.655615890254358646e+01,5.325805575549253490e+00
6.657616461846242828e+01,5.616704905429990902e+00
6.659617033438125588e+01,5.518675698614171843e+00
6.661617605030008349e+01,4.674170490565387581e+00
6.663618176621892530e+01,5.057660514586067357e+00
6.665618748213776712e+01,5.057505868127696758e+00
6.667619319805658051e+01,5.322203196127461844e+00
6.669619891397542233e+01,4.581499176748805802e+00
6.671620462989426414e+01,5.286791737347249942e+00
6.673621034581309175e+01,4.762330557082501414e+00
6.675621606173191935e+01,5.121856996484019930e+00
6.677622177765076117e+01,4.598251472331101652e+00
6.679622749356960298e+01,5.167003672631188316e+00
6.681623320948843059e+01,4.977183458999808963e+00
6.683623892540725819e+01,4.871469646780451690e+00
6.685624464132610001e+01,5.200470379933269882e+00
6.687625035724492761e+01,6.010930918900740494e+00
6.689625607316375522e+01,5.256961062061561663e+00
6.691626178908259703e+01,5.372136627606660220e+00
6.693626750500143885e+01,5.612483723688284520e+00
6.695627322092026645e+01,6.289750398369380768e+00
6.697627893683909406e+01,7.263678682622222382e+00
6.699628465275793587e+01,6.661492339205658197e+00
6.701629036867677769e+01,6.961039240489655278e+00
6.703629608459560529e+01,7.654026321752450457e+00
6.705630180051443290e+01,8.152391086257990693e+00
6.707630751643327471e+01,9.220120546086668867e+00
6.709631323235210232e+01,8.902929535536395989e+00
6.711631894827092992e+01,9.486277430670956079e+00
6.713632466418977174e+01,9.511332621584362101e+00
6.715633038010861355e+01,1.039985215491624615e+01
6.717633609602744116e+01,1.078484023412772785e+01
6.719634181194626876e+01,1.144367829288993299e+01
6.721634752786511058e+01,1.119038397701425325e+01
6.723635324378393818e+01,1.213537381505331147e+01
6.725635895970276579e+01,1.198479954104018219e+01
6.727636467562160760e+01,1.148093261790685560e+01
6.729637039154044942e+01,1.165663396425763310e+01
6.731637610745927702e+01,1.189599170779962023e+01
6.733638182337810463e+01,1.042474782225807672e+01
6.735638753929694644e+01,1.090762502451017646e+01
6.737639325521578826e+01,1.066035675692130624e+01
6.739639897113461586e+01,1.034957147573337899e+01
6.741640468705344347e+01,9.954445371644220941e+00
6.743641040297228528e+01,9.367078408818269253e+00
6.745641611889111289e+01,9.408186568144675022e+00
6.747642183480994049e+01,8.871097607906930804e+00
6.749642755072878231e+01,7.828233080885053319e+00
6.751643326664762412e+01,8.394189093824042658e+00
6.753643898256645173e+01,7.789362470191553811e+00
6.755644469848527933e+01,7.785838980278886545e+00
6.757645041440412115e+01,7.583850046266560341e+00
6.759645613032296296e+01,7.781610124141923990e+00
6.761646184624177636e+01,7.145905555941778786e+00
6.763646756216061817e+01,7.443412407788297713e+00
6.765647327807945999e+01,6.695861901465559818e+00
6.767647899399828759e+01,6.671481052067831818e+00
6.769648470991711520e+01,7.335510268416102875e+00
6.771649042583595701e+01,6.784990827931771662e+00
6.773649614175479883e+01,5.984745408157549740e+00
6.775650185767362643e+01,5.584504832825585297e+00
6.777650757359245404e+01,6.385469345156353782e+00
6.779651328951129585e+01,6.092134960799694632e+00
6.781651900543012346e+01,6.226987082089022962e+00
6.783652472134895106e+01,5.729457338987117510e+00
6.785653043726779288e+01,5.606826024754565374e+00
6.787653615318663469e+01,6.058905878622425689e+00
6.789654186910546230e+01,5.177074504279152833e+00
6.791654758502428990e+01,5.278134654821183602e+00
6.793655330094313172e+01,6.013538177725834544e+00
6.795655901686197353e+01,5.547577571494436199e+00
6.797656473278080114e+01,5.270263934794773064e+00
6.799657044869962874e+01,5.822300323857555249e+00
6.801657616461847056e+01,5.202340121965424835e+00
6.803658188053729816e+01,5.357670847264953018e+00
6.805658759645612577e+01,5.622501301185245381e+00
6.807659331237496758e+01,6.055779861725402391e+00
6.809659902829380940e+01,5.198641446553331491e+00
6.811660474421263700e+01,5.432401073272304259e+00
6.813661046013146461e+01,6.328028553947453005e+00
6.815661617605030642e+01,6.302893753653965092e+00
6.817662189196913403e+01,5.882874167105534902e+00
6.819662760788796163e+01,5.452996424864101854e+00
6.821663332380680345e+01,6.271378572880749402e+00
6.823663903972564526e+01,6.246682405030577812e+00
6.825664475564447287e+01,6.042662702021944554e+00
6.827665047156330047e+01,5.919195406674319315e+00
6.829665618748214229e+01,6.305685728448396254e+00
6.831666190340098410e+01,5.527969065532264636e+00
6.833666761931981171e+01,6.631259821357274653e+00
6.835667333523863931e+01,6.613494993481220163e+00
6.837667905115748113e+01,6.845333666190009936e+00
6.839668476707630873e+01,6.772481559260507211e+00
6.841669048299513634e+01,6.046602694792477806e+00
6.843669619891397815e+01,5.988324771442000483e+00
6.845670191483281997e+01,5.892665063336086639e+00
6.847670763075164757e+01,5.832548261208607698e+00
6.849671334667047518e+01,6.866640857684606303e+00
6.851671906258931699e+01,5.826143688543964139e+00
6.853672477850815881e+01,5.807214585233381854e+00
6.855673049442697220e+01,6.356225700599226869e+00
6.857673621034581402e+01,6.066838403544423386e+00
6.859674192626465583e+01,6.871004980036357068e+00
6.861674764218348344e+01,6.762438776342160729e+00
6.863675335810231104e+01,5.831114164265534860e+00
6.865675907402115286e+01,6.394122244953784673e+00
6.867676478993999467e+01,7.041176660384929065e+00
6.869677050585882228e+01,5.785716563008080016e+00
6.871677622177764988e+01,6.575561072889128056e+00
6.873678193769649170e+01,6.672657080989639056e+00
6.875678765361531930e+01,7.086530411829003562e+00
6.877679336953414690e+01,7.163913778144627820e+00
6.879679908545298872e+01,6.757335833628622446e+00
6.881680480137183054e+01,7.026812580037180567e+00
6.883681051729065814e+01,7.020459954574603145e+00
6.885681623320948574e+01,7.170658168950814648e+00
6.887682194912832756e+01,7.027664460336318086e+00
6.889682766504716938e+01,7.170857555493286739e+00
6.891683338096599698e+01,6.418670263126577069e+00
6.893683909688482458e+01,6.561719962389636507e+00
6.895684481280366640e+01,6.478657286002566629e+00
6.897685052872249400e+01,7.103593679505836533e+00
6.899685624464132161e+01,5.960573415555508348e+00
6.901686196056016342e+01,7.452418169175759388e+00
6.903686767647900524e+01,6.852522826521538768e+00
6.905687339239783284e+01,5.969392526343765937e+00
6.907687910831666045e+01,6.621263825790219215e+00
6.909688482423550226e+01,6.686220891068745509e+00
6.911689054015432987e+01,6.430077715586123510e+00
6.913689625607315747e+01,6.202920104682025482e+00
6.915690197199199929e+01,7.310097523759765181e+00
6.917690768791084110e+01,6.785185123406656693e+00
6.919691340382966871e+01,6.989022620789768325e+00
6.921691911974849631e+01,6.060638480259504135e+00
6.923692483566733813e+01,7.660783685458424586e+00
6.925693055158617994e+01,7.023611499344774245e+00
6.927693626750500755e+01,6.579250555362628816e+00
6.929694198342383515e+01,7.403610898575181842e+00
6.931694769934267697e+01,7.288436285102458001e+00
6.933695341526150457e+01,6.833039048153164430e+00
6.935695913118033218e+01,7.458161658178143583e+00
6.937696484709917399e+01,6.569616778174802718e+00
6.939697056301801581e+01,6.493714899057126289e+00
6.941697627893684341e+01,6.685604925754247141e+00
6.943698199485567102e+01,7.394094214937412701e+00
6.945698771077451283e+01,7.785116353282257151e+00
6.947699342669335465e+01,7.763284850916487123e+00
6.949699914261216804e+01,7.919116335917120608e+00
6.951700485853100986e+01,7.176493086462313542e+00
6.953701057444985167e+01,8.243532647013733339e+00
6.955701629036867928e+01,7.860144681628106866e+00
6.957702200628750688e+01,7.418773410702687698e+00
6.959702772220634870e+01,8.702402664987651804e+00
6.961703343812519051e+01,7.510656516468725563e+00
6.963703915404401812e+01,8.080937256600682517e+00
6.965704486996284572e+01,8.378036978006347724e+00
6.967705058588168754e+01,8.013980659915588944e+00
6.969705630180051514e+01,7.469630047352930013e+00
6.971706201771934275e+01,8.133233228575075913e+00
6.973706773363818456e+01,7.971921393652054988e+00
6.975707344955702638e+01,8.311780747932138169e+00
6.977707916547585398e+01,8.261461534051928624e+00
6.979708488139468159e+01,8.262245808508588141e+00
6.981709059731352340e+01,7.841934572745720367e+00
6.983709631323236522e+01,8.723849545931878779e+00
6.985710202915119282e+01,9.399956994043638048e+00
6.987710774507002043e+01,9.105955769823927071e+00
6.989711346098886224e+01,9.354031918164801951e+00
6.991711917690768985e+01,9.278881289833520896e+00
6.993712489282651745e+01,9.340229377530103960e+00
6.995713060874535927e+01,9.746993885676605629e+00
6.997713632466420108e+01,9.990983071351834610e+00
6.999714204058302869e+01,9.720409792034308438e+00
7.001714775650185629e+01,1.008449247891471856e+01
7.003715347242069811e+01,1.008464968154822827e+01
7.005715918833952571e+01,1.021619387039132576e+01
7.007716490425835332e+01,1.041085941555691363e+01
7.009717062017719513e+01,9.829484960795181081e+00
7.011717633609603695e+01,9.776349443581555221e+00
7.013718205201486455e+01,9.875801466094834780e+00
7.015718776793369216e+01,9.487122243852789794e+00
7.017719348385253397e+01,9.020238229502741234e+00
7.019719919977137579e+01,9.052504513885491377e+00
7.021720491569020339e+01,9.057364085324913106e+00
7.023721063160903100e+01,8.521448586552120119e+00
7.025721634752787281e+01,8.441102491172600253e+00
7.027722206344670042e+01,7.205590406447603513e+00
7.029722777936552802e+01,7.772070386163990818e+00
7.031723349528436984e+01,7.993329351366907254e+00
7.033723921120321165e+01,7.828121014848136383e+00
7.035724492712203926e+01,7.680710056241737860e+00
7.037725064304086686e+01,6.722536717866597122e+00
7.039725635895970868e+01,7.574824127511964988e+00
7.041726207487855049e+01,7.640097676467665799e+00
7.043726779079736389e+01,7.621186688708037948e+00
7.045727350671620570e+01,7.197818433378793124e+00
7.047727922263504752e+01,6.837026322788428701e+00
7.049728493855387512e+01,6.610274512319477047e+00
7.051729065447270273e+01,6.905434924904716887e+00
7.053729637039154454e+01,7.421611123151690137e+00
7.055730208631038636e+01,7.746274944796563311e+00
7.057730780222921396e+01,7.489902545781282228e+00
7.059731351814804157e+01,7.746443813866333628e+00
7.061731923406688338e+01,7.801923660522209758e+00
7.063732494998571099e+01,8.286394141339064490e+00
7.065733066590453859e+01,7.720477078780944247e+00
7.067733638182338041e+01,7.461469605134151806e+00
7.069734209774222222e+01,8.273263980961463204e+00
7.071734781366104983e+01,8.091399623523667373e+00
7.073735352957987743e+01,7.216862306311019992e+00
7.075735924549871925e+01,7.746565128591395677e+00
7.077736496141756106e+01,7.840250498052236061e+00
7.079737067733638867e+01,8.606863277876920293e+00
7.081737639325521627e+01,7.596409720579364588e+00
7.083738210917405809e+01,7.827346039306376291e+00
7.085738782509288569e+01,8.530288089928589557e+00
7.087739354101171330e+01,7.564465719065742277e+00
7.089739925693055511e+01,7.952601395575932486e+00
7.091740497284939693e+01,7.569517434210653484e+00
7.093741068876822453e+01,8.181316725864165917e+00
7.095741640468705214e+01,8.044472937318705164e+00
7.097742212060589395e+01,8.214788990341382657e+00
7.099742783652472156e+01,8.617598306169846012e+00
7.101743355244354916e+01,7.259267585711180359e+00
7.103743926836239098e+01,8.732929521835746556e+00
7.105744498428123279e+01,8.238502149825070120e+00
7.107745070020006040e+01,7.838492784335087116e+00
7.109745641611888800e+01,8.530323321819723859e+00
7.111746213203772982e+01,8.404189663220449802e+00
7.113746784795657163e+01,8.542943039774154812e+00
7.115747356387539924e+01,8.510322351728941470e+00
7.117747927979422684e+01,9.122821489909133774e+00
7.119748499571306866e+01,9.082961988133886777e+00
7.121749071163189626e+01,9.230543651200214583e+00
7.123749642755072387e+01,9.180490516934682432e+00
7.125750214346956568e+01,9.043201244940679118e+00
7.127750785938840750e+01,8.496535520429084443e+00
7.129751357530723510e+01,8.746915368510169486e+00
7.131751929122606271e+01,9.060415067417785906e+00
7.133752500714490452e+01,9.120127299959580824e+00
7.135753072306374634e+01,9.059982658116442877e+00
7.137753643898255973e+01,9.080581299186793132e+00
7.139754215490140155e+01,8.767089085811377913e+00
7.141754787082024336e+01,9.262565370776934870e+00
7.143755358673907097e+01,9.258172980221663906e+00
7.145755930265789857e+01,8.927236608701885956e+00
7.147756501857674039e+01,8.719683977716996992e+00
7.149757073449558220e+01,8.694481614107820278e+00
7.151757645041440981e+01,8.763310153754778398e+00
7.153758216633323741e+01,8.651661124606912168e+00
7.155758788225207923e+01,8.085089128181831342e+00
7.157759359817090683e+01,7.787655946491783610e+00
7.159759931408973443e+01,8.409095402394623164e+00
7.161760503000857625e+01,7.929377752658140821e+00
7.163761074592741807e+01,8.077227601606395524e+00
7.165761646184624567e+01,8.614073516954299237e+00
7.167762217776507327e+01,8.927963205579949602e+00
7.169762789368391509e+01,8.149696417098834189e+00
7.171763360960275691e+01,9.696916956495112316e+00
7.173763932552158451e+01,9.545269794632860183e+00
7.175764504144041211e+01,9.664750520783075061e+00
7.177765075735925393e+01,9.558895248520133947e+00
7.179765647327808153e+01,9.427421920056438864e+00
7.181766218919690914e+01,9.951643727170816689e+00
7.183766790511575095e+01,9.954835601907317866e+00
7.185767362103459277e+01,9.553144544854118791e+00
7.187767933695342037e+01,9.338974410007018889e+00
7.189768505287224798e+01,9.061796178111382716e+00
7.191769076879108979e+01,9.277823373509013649e+00
7.193769648470991740e+01,8.747457087788182761e+00
7.195770220062874500e+01,8.922588830370020929e+00
7.197770791654758682e+01,8.312309139200083408e+00
7.199771363246642863e+01,7.602403855157401580e+00
7.201771934838525624e+01,7.880351360772099412e+00
7.203772506430408384e+01,8.139637596079840165e+00
7.205773078022292566e+01,7.788703490315956657e+00
7.207773649614176747e+01,7.476548561713237007e+00
7.209774221206059508e+01,7.232504655318574116e+00
7.211774792797942268e+01,6.663518446566508047e+00
7.213775364389826450e+01,6.336891332062893234e+00
7.215775935981709210e+01,6.477098198090484260e+00
7.217776507573591971e+01,6.881169831243893142e+00
7.219777079165476152e+01,6.314108574599719859e+00
7.221777650757360334e+01,6.905902390360157739e+00
7.223778222349243094e+01,6.372156104025213708e+00
7.225778793941125855e+01,5.985438596258919830e+00
7.227779365533010036e+01,6.414866445053591271e+00
7.229779937124894218e+01,6.375827656032471147e+00
7.231780508716775557e+01,5.890382532306734475e+00
7.233781080308659739e+01,6.074939028669032126e+00
7.235781651900543920e+01,6.537163775124687604e+00
7.237782223492426681e+01,6.726721638964933803e+00
7.239782795084309441e+01,6.924824322098324103e+00
7.241783366676193623e+01,6.172022160817259184e+00
7.243783938268077804e+01,6.231459069881251089e+00
7.245784509859960565e+01,7.087579954610255584e+00
7.247785081451843325e+01,7.143967552106600394e+00
7.249785653043727507e+01,5.730381733344433570e+00
7.251786224635610267e+01,5.811014485456791334e+00
7.253786796227493028e+01,6.329775252316266254e+00
7.255787367819377209e+01,6.469030180653325246e+00
7.257787939411261391e+01,6.974330986971122748e+00
7.259788511003144151e+01,6.494464102941979178e+00
7.261789082595026912e+01,5.973811742853777140e+00
7.263789654186911093e+01,5.671575875755763718e+00
7.265790225778795275e+01,6.078912032478076988e+00
7.267790797370678035e+01,5.416149928747593378e+00
7.269791368962560796e+01,5.122042190347388946e+00
7.271791940554444977e+01,5.769711274340156848e+00
7.273792512146327738e+01,4.579146682199828788e+00
7.275793083738210498e+01,4.456349631328019534e+00
7.277793655330094680e+01,4.515713162077624077e+00
7.279794226921978861e+01,4.808480184061568963e+00
7.281794798513861622e+01,4.958081551405435938e+00
7.283795370105744382e+01,5.661174202697006663e+00
7.285795941697628564e+01,4.421256749796505403e+00
7.287796513289511324e+01,5.347821207023829793e+00
7.289797084881394085e+01,4.233489826511096510e+00
7.291797656473278266e+01,5.032529163362188029e+00
7.293798228065162448e+01,4.837591004208320555e+00
7.295798799657045208e+01,4.239283901902544116e+00
7.297799371248927969e+01,5.325864614207069359e+00
7.299799942840812150e+01,4.439985296952239757e+00
7.301800514432696332e+01,4.616033569283025884e+00
7.303801086024579092e+01,5.250422805357498390e+00
7.305801657616461853e+01,4.233438389564811999e+00
7.307802229208346034e+01,3.910226335992745383e+00
7.309802800800228795e+01,4.011982757898615581e+00
7.311803372392111555e+01,4.552857315979206732e+00
7.313803943983995737e+01,5.107552594710136340e+00
7.315804515575879918e+01,3.912940683993443969e+00
7.317805087167762679e+01,4.087965166749685686e+00
7.319805658759645439e+01,4.832086902280911644e+00
7.321806230351529621e+01,4.227083527256765727e+00
7.323806801943413802e+01,3.653790864424200091e+00
7.325807373535295142e+01,3.929362344351554626e+00
7.327807945127179323e+01,3.945796878868947477e+00
7.329808516719063505e+01,3.933973692541031131e+00
7.331809088310946265e+01,4.022105453887348858e+00
7.333809659902829026e+01,3.716611830588359311e+00
7.335810231494713207e+01,4.409217161365470261e+00
7.337810803086597389e+01,3.689531986345215397e+00
7.339811374678480149e+01,3.606950775212780069e+00
7.341811946270362910e+01,3.970028980981775923e+00
7.343812517862247091e+01,4.962941648997082567e+00
7.345813089454129852e+01,4.226577764382626334e+00
7.347813661046012612e+01,4.290046264971461909e+00
7.349814232637896794e+01,4.527513321463271012e+00
7.351814804229780975e+01,3.949061350920368696e+00
7.353815375821663736e+01,4.125217432856135957e+00
7.355815947413546496e+01,3.864645285380390760e+00
7.357816519005430678e+01,4.196383187958367067e+00
7.359817090597314859e+01,4.004227383338222701e+00
7.361817662189197620e+01,4.759270581100652819e+00
7.363818233781080380e+01,4.648691825196083371e+00
7.365818805372964562e+01,4.053204475789983441e+00
7.367819376964847322e+01,4.148092081944380283e+00
7.369819948556730083e+01,5.193900158261282485e+00
7.371820520148614264e+01,4.236885069447021479e+00
7.373821091740498446e+01,4.902016866261935668e+00
7.375821663332381206e+01,4.509017288564139747e+00
7.377822234924263967e+01,4.378420804148213108e+00
7.379822806516148148e+01,4.378809607777790269e+00
7.381823378108030909e+01,4.820433429436760342e+00
7.383823949699913669e+01,4.055313243080366448e+00
7.385824521291797851e+01,4.005449201862322894e+00
7.387825092883682032e+01,4.765709893010739329e+00
7.389825664475564793e+01,4.306245336329546092e+00
7.391826236067447553e+01,4.542657473089337650e+00
7.393826807659331735e+01,4.174948596220762198e+00
7.395827379251215916e+01,4.702536858538390874e+00
7.397827950843098677e+01,4.013290942396944061e+00
7.399828522434981437e+01,4.564470789074673185e+00
7.401829094026865619e+01,4.529907072289597103e+00
7.403829665618748379e+01,4.126432381922020554e+00
7.405830237210632561e+01,4.729455208464697691e+00
7.407830808802515321e+01,4.188502684437352741e+00
7.409831380394398082e+01,5.331673249934856251e+00
7.411831951986282263e+01,5.341468649601859298e+00
7.413832523578165024e+01,5.157406028528980890e+00
7.415833095170049205e+01,5.198583142371670185e+00
7.417833666761931966e+01,6.218426870141676943e+00
7.419834238353816147e+01,6.318930450887375372e+00
7.421834809945698908e+01,5.517571367475229138e+00
7.423835381537583089e+01,6.152986893984364158e+00
7.425835953129465850e+01,6.736538189070085281e+00
7.427836524721348610e+01,6.980059593768138448e+00
7.429837096313232792e+01,6.943561001935272259e+00
7.431837667905115552e+01,6.452846530795008917e+00
7.433838239496999734e+01,6.248250799797682831e+00
7.435838811088882494e+01,7.004351724552888570e+00
7.437839382680766676e+01,7.639631796368882455e+00
7.439839954272649436e+01,6.572268007852885674e+00
7.441840525864533618e+01,7.966664372198937194e+00
7.443841097456416378e+01,7.649391765868069903e+00
7.445841669048300560e+01,7.556245265937058697e+00
7.447842240640183320e+01,8.301979076463199547e+00
7.449842812232066080e+01,7.786045381433338797e+00
7.451843383823950262e+01,7.214303558355775969e+00
7.453843955415833022e+01,8.367583020725184895e+00
7.455844527007717204e+01,7.495649907387634592e+00
7.457845098599599964e+01,8.531011685304585868e+00
7.459845670191484146e+01,8.426711025053075232e+00
7.461846241783366906e+01,7.995134180162686732e+00
7.463846813375251088e+01,8.732094452283190478e+00
7.465847384967133848e+01,7.651429033147941539e+00
7.467847956559016609e+01,8.084422172216800817e+00
7.469848528150900790e+01,8.302778962407963093e+00
7.471849099742783551e+01,7.993753850894690594e+00
7.473849671334667732e+01,8.694386395983674021e+00
7.475850242926550493e+01,7.837709622095225370e+00
7.477850814518434674e+01,7.733294023705276743e+00
7.479851386110317435e+01,9.064044387630795896e+00
7.481851957702201616e+01,8.222349437017570040e+00
7.483852529294084377e+01,7.978511350708492600e+00
7.485853100885967137e+01,7.988580914648851561e+00
7.487853672477851319e+01,8.166977870338362422e+00
7.489854244069734079e+01,8.339601675874153131e+00
7.491854815661618261e+01,8.076433908748979817e+00
7.493855387253501021e+01,8.300669256426072451e+00
7.495855958845385203e+01,8.864135520632030918e+00
7.497856530437267963e+01,8.622137096164358638e+00
7.499857102029152145e+01,7.869656798933921671e+00
7.501857673621034905e+01,8.774313663892947091e+00
7.503858245212917666e+01,8.535862395820970505e+00
7.505858816804801847e+01,8.017574510279143141e+00
7.507859388396684608e+01,9.092398797209252592e+00
7.509859959988568789e+01,8.973259457938659978e+00
7.511860531580451550e+01,8.680886786795953824e+00
7.513861103172335731e+01,8.769871813949784212e+00
7.515861674764218492e+01,8.598346879061320891e+00
7.517862246356102673e+01,8.512003516089320598e+00
7.519862817947985434e+01,8.225304407590295241e+00
7.521863389539868194e+01,7.578404115001793784e+00
7.523863961131752376e+01,8.044806375133894960e+00
7.525864532723635136e+01,7.497155269344602857e+00
7.527865104315519318e+01,7.121938081026817358e+00
7.529865675907402078e+01,7.595880078641829236e+00
7.531866247499286260e+01,7.789288944777895018e+00
7.533866819091169020e+01,7.585689681920770866e+00
7.535867390683053202e+01,6.926673317775922101e+00
7.537867962274935962e+01,6.950243533475511271e+00
7.539868533866820144e+01,6.276262232487421322e+00
7.541869105458702904e+01,7.636612398971063698e+00
7.543869677050585665e+01,6.462126382624315823e+00
7.545870248642469846e+01,6.607213781966672528e+00
7.547870820234352607e+01,6.944435116375784034e+00
7.549871391826236788e+01,7.431065714152014223e+00
7.551871963418119549e+01,7.308689454955757725e+00
7.553872535010003730e+01,6.511390978977767752e+00
7.555873106601886491e+01,7.533796395777807575e+00
7.557873678193770672e+01,6.776978131855345922e+00
7.559874249785653433e+01,6.698049805979299443e+00
7.561874821377536193e+01,6.548076454673081415e+00
7.563875392969420375e+01,6.827025098093413291e+00
7.565875964561303135e+01,7.633858569575552977e+00
7.567876536153187317e+01,8.275365429345438173e+00
7.569877107745070077e+01,8.816342675993572797e+00
7.571877679336954259e+01,8.921801846518125245e+00
7.573878250928837019e+01,7.814210846330802873e+00
7.575878822520721201e+01,8.082420077357767241e+00
7.577879394112603961e+01,8.408795705014853183e+00
7.579879965704486722e+01,8.334703742316058594e+00
7.581880537296370903e+01,8.617721556544704953e+00
7.583881108888253664e+01,8.064458581225204981e+00
7.585881680480137845e+01,8.118680064411249120e+00
7.587882252072020606e+01,8.452862606013272995e+00
7.589882823663904787e+01,7.347491221136134953e+00
7.591883395255787548e+01,7.573708268761977003e+00
7.593883966847671729e+01,7.564094211620391306e+00
7.595884538439554490e+01,7.366413323828077786e+00
7.597885110031437250e+01,7.553776814349245861e+00
7.599885681623321432e+01,7.838079004251713222e+00
7.601886253215204192e+01,7.534670404504106855e+00
7.603886824807088374e+01,7.964274104125422582e+00
7.605887396398971134e+01,7.716440010308772912e+00
7.607887967990855316e+01,8.129564978184308899e+00
7.609888539582738076e+01,7.966376576878177573e+00
7.611889111174622258e+01,8.127855057163515085e+00
7.613889682766505018e+01,8.433538775633966367e+00
7.615890254358387779e+01,7.839606883390942471e+00
7.617890825950271960e+01,8.097408369964197661e+00
7.619891397542154721e+01,8.536006023026597944e+00
7.621891969134038902e+01,8.643936185095066449e+00
7.623892540725921663e+01,9.329630218283501364e+00
7.625893112317805844e+01,8.094588599156207209e+00
7.627893683909688605e+01,9.243056947101262466e+00
7.629894255501572786e+01,9.438844466436325575e+00
7.631894827093455547e+01,9.409024705394912758e+00
7.633895398685339728e+01,9.884800395157848030e+00
7.635895970277222489e+01,9.682953578599290623e+00
7.637896541869105249e+01,9.352550538772096189e+00
7.639897113460989431e+01,9.815881333219426352e+00
7.641897685052872191e+01,9.972506118219586213e+00
7.643898256644756373e+01,9.707552334019798224e+00
7.645898828236639133e+01,1.051925923901314519e+01
7.647899399828523315e+01,1.020619788906733838e+01
7.649899971420406075e+01,1.015775704330079776e+01
7.651900543012290257e+01,9.702074011561490963e+00
7.653901114604173017e+01,1.038538884239682858e+01
7.655901686196055778e+01,1.010013360883855960e+01
7.657902257787939959e+01,9.985701735108104771e+00
7.659902829379822720e+01,9.815238926760290639e+00
7.661903400971706901e+01,9.763208227627302449e+00
7.663903972563589662e+01,9.568136036850660275e+00
7.665904544155473843e+01,9.807231490676461050e+00
7.667905115747356604e+01,9.943411600675435835e+00
7.669905687339240785e+01,1.052629681039489462e+01
7.671906258931123546e+01,9.850931146368056446e+00
7.673906830523006306e+01,1.014337141101347228e+01
7.675907402114890488e+01,1.028211036072655027e+01
7.677907973706773248e+01,9.734499813191812123e+00
7.679908545298657430e+01,1.001369227810789653e+01
7.681909116890540190e+01,8.667701100259979086e+00
7.683909688482424372e+01,9.850082042811800775e+00
7.685910260074307132e+01,9.394713964412449769e+00
7.687910831666191314e+01,8.936493321012825675e+00
7.689911403258074074e+01,8.673778965391072404e+00
7.691911974849956835e+01,8.751517932410237677e+00
7.693912546441841016e+01,8.393900021991859361e+00
7.695913118033723777e+01,8.439137775407292708e+00
7.697913689625607958e+01,7.854881438607343114e+00
7.699914261217490719e+01,7.185566448756386393e+00
7.701914832809374900e+01,7.730280134233504796e+00
7.703915404401257661e+01,7.311492770901984350e+00
7.705915975993141842e+01,7.867005259664287209e+00
7.707916547585024603e+01,6.968030590830657900e+00
7.709917119176907363e+01,8.028937947317240642e+00
7.711917690768791545e+01,7.215196037690210673e+00
7.713918262360674305e+01,7.238904537601147382e+00
7.715918833952558487e+01,7.091198465260422523e+00
7.717919405544441247e+01,7.138170081348953033e+00
7.719919977136325429e+01,5.997852827456497060e+00
7.721920548728208189e+01,6.124914322692204038e+00
7.723921120320092371e+01,6.615077381395111367e+00
7.725921691911975131e+01,6.553966287319862083e+00
7.727922263503859313e+01,5.653802902877060887e+00
7.729922835095742073e+01,6.453225287579826386e+00
7.731923406687624833e+01,6.342632990867512532e+00
7.733923978279509015e+01,6.288913985740625989e+00
7.735924549871391775e+01,6.433214308391208114e+00
7.737925121463275957e+01,6.030398137241938628e+00
7.739925693055158717e+01,5.942518079481439841e+00
7.741926264647042899e+01,5.291281571084608615e+00
7.743926836238925659e+01,5.559769878110551566e+00
7.745927407830809841e+01,5.137019228108115954e+00
7.747927979422692601e+01,6.023092028006805876e+00
7.749928551014575362e+01,5.297186529823414425e+00
7.751929122606459543e+01,5.254936908207513468e+00
7.753929694198342304e+01,5.771167255737555735e+00
7.755930265790226485e+01,5.039782649782534207e+00
7.757930837382109246e+01,5.840033308374563248e+00
7.759931408973993427e+01,5.787899094621401730e+00
7.761931980565876188e+01,5.505821706352855394e+00
7.763932552157760369e+01,5.363867497378427274e+00
7.765933123749643130e+01,6.073240420783071691e+00
7.767933695341525890e+01,5.966393711866439631e+00
7.769934266933410072e+01,5.630658241707841682e+00
7.771934838525292832e+01,5.948748977344005873e+00
7.773935410117177014e+01,5.080811866089831597e+00
7.775935981709059774e+01,4.973212865814208072e+00
7.777936553300943956e+01,5.321752301561459397e+00
7.779937124892826716e+01,4.902874027957725644e+00
7.781937696484710898e+01,5.611439067914549383e+00
7.783938268076593658e+01,4.923174475722193577e+00
7.785938839668476419e+01,5.434582730004208884e+00
7.787939411260360600e+01,5.704501670329633178e+00
7.789939982852243361e+01,4.304353328119789879e+00
7.791940554444127542e+01,4.540057817024451658e+00
7.793941126036010303e+01,4.124987675314713442e+00
7.795941697627894484e+01,4.313904181690484840e+00
7.797942269219777245e+01,4.016168099307912520e+00
7.799942840811661426e+01,5.399103583825388242e+00
7.801943412403544187e+01,4.015008856796278280e+00
7.803943983995426947e+01,5.107710090107806522e+00
7.805944555587311129e+01,5.040615607901761663e+00
7.807945127179193889e+01,4.690381654029422087e+00
7.809945698771078071e+01,4.900333315028586156e+00
7.811946270362960831e+01,4.666117317871849579e+00
7.813946841954845013e+01,4.745552533512146454e+00
7.815947413546727773e+01,4.718178056456309832e+00
7.817947985138611955e+01,5.043937655974144008e+00
7.819948556730494715e+01,4.372181870385141167e+00
7.821949128322378897e+01,4.365909809675284414e+00
7.823949699914261657e+01,4.871899113851593910e+00
7.825950271506144418e+01,5.308365802860250504e+00
7.827950843098028599e+01,3.996118103379384667e+00
7.829951414689911360e+01,4.294403964359954529e+00
7.831951986281795541e+01,5.021282400739999652e+00
7.833952557873678302e+01,4.572521640814374955e+00
7.835953129465562483e+01,5.832893947931898637e+00
7.837953701057445244e+01,5.173660299054290590e+00
7.839954272649329425e+01,4.879772503947017448e+00
7.841954844241212186e+01,4.994022027766866323e+00
7.843955415833094946e+01,5.312226671925361465e+00
7.845955987424979128e+01,5.462388431265605249e+00
7.847956559016861888e+01,4.551366465148355189e+00
7.849957130608746070e+01,5.322673738106294294e+00
7.851957702200628830e+01,5.027220385352372034e+00
7.853958273792513012e+01,6.091072966034223768e+00
7.855958845384395772e+01,5.455801509220840728e+00
7.857959416976279954e+01,5.659973144244761833e+00
7.859959988568162714e+01,6.687925741210007047e+00
7.861960560160045475e+01,6.316780778978568378e+00
7.863961131751929656e+01,5.282095132796870374e+00
7.865961703343812417e+01,6.362614238224610475e+00
7.867962274935696598e+01,6.405778783372286789e+00
7.869962846527579359e+01,5.611256723730464913e+00
7.871963418119463540e+01,6.072218747313439025e+00
7.873963989711346301e+01,6.753412501646932853e+00
7.875964561303230482e+01,6.533021641204781460e+00
7.877965132895113243e+01,7.029796926980210081e+00
7.879965704486996003e+01,7.218709281938865630e+00
7.881966276078880185e+01,6.911724634351098295e+00
7.883966847670762945e+01,6.576002560002489616e+00
7.885967419262647127e+01,6.995120995577400080e+00
7.887967990854529887e+01,7.414775668272572062e+00
7.889968562446414069e+01,7.112739116468666190e+00
7.891969134038296829e+01,6.820544109365795471e+00
7.893969705630181011e+01,6.935307129660246872e+00
7.895970277222063771e+01,6.958448539898610008e+00
7.897970848813946532e+01,7.231371920195990732e+00
7.899971420405830713e+01,6.225831166926232285e+00
7.901971991997713474e+01,7.485342283329135427e+00
7.903972563589597655e+01,7.391055468058803868e+00
7.905973135181480416e+01,6.731708035447885763e+00
7.907973706773364597e+01,7.734189708091319559e+00
7.909974278365247358e+01,7.039719415467340369e+00
7.911974849957131539e+01,7.398319848427702183e+00
7.913975421549014300e+01,6.999229269569838152e+00
7.915975993140898481e+01,6.784705758666698117e+00
7.917976564732781242e+01,7.652534266626666692e+00
7.919977136324664002e+01,7.856621633984639530e+00
7.921977707916548184e+01,7.630597999858785840e+00
7.923978279508430944e+01,6.889057706078593135e+00
7.925978851100315126e+01,7.547308876426731317e+00
7.927979422692197886e+01,7.168039079626978172e+00
7.929979994284082068e+01,7.909306434213217329e+00
7.931980565875964828e+01,7.306136554525436644e+00
7.933981137467849010e+01,7.374188751052408008e+00
7.935981709059731770e+01,7.183854245875679112e+00
7.937982280651614531e+01,7.379909400457176361e+00
7.939982852243498712e+01,7.101664317077953648e+00
7.941983423835381473e+01,6.504601965655121276e+00
7.943983995427265654e+01,6.224743924061983513e+00
7.945984567019148415e+01,7.431056767974181909e+00
7.947985138611032596e+01,7.432750146064034169e+00
7.949985710202915357e+01,6.563669415874807456e+00
7.951986281794799538e+01,6.584455304625825178e+00
7.953986853386682299e+01,5.842198358913353928e+00
7.955987424978565059e+01,6.657169519103286248e+00
7.957987996570449241e+01,6.340891651855947941e+00
7.959988568162332001e+01,6.495456742522623728e+00
7.961989139754216183e+01,6.335624277970878460e+00
7.963989711346098943e+01,6.432089444979428805e+00
7.965990282937983125e+01,6.818044388697767744e+00
7.967990854529865885e+01,6.761475506539620817e+00
7.969991426121750067e+01,6.468198323071295164e+00
7.971991997713632827e+01,6.762793683286022706e+00
7.973992569305515588e+01,6.592241864093447035e+00
7.975993140897399769e+01,5.551066234372742159e+00
7.977993712489282530e+01,6.607230519568608074e+00
7.979994284081166711e+01,6.562665498590819269e+00
7.981994855673049472e+01,6.155250911142673864e+00
7.983995427264933653e+01,6.026831655244761166e+00
7.985995998856816414e+01,5.614309039266718315e+00
7.987996570448700595e+01,5.544922016383115881e+00
7.989997142040583356e+01,4.785944604933654922e+00
7.991997713632466116e+01,5.617140456671438464e+00
7.993998285224350298e+01,5.633590903797378147e+00
7.995998856816233058e+01,5.488976638422434995e+00
7.997999428408117240e+01,5.088331949565857215e+00
8.000000000000000000e+01,4.350906543491793954e+00
