angle,intensity
1.000000000000000000e+01,1.081637437084604692e+00
1.002000571591883471e+01,1.613412934296825973e+00
1.004001143183766764e+01,1.161077060984905263e+00
1.006001714775650235e+01,1.584941943756733806e+00
1.008002286367533529e+01,1.588530488935789631e+00
1.010002857959417000e+01,7.497209585642434782e-01
1.012003429551300293e+01,1.785054788419886629e+00
1.014004001143183764e+01,1.502463032574761215e+00
1.016004572735067235e+01,9.398629085090517421e-01
1.018005144326950528e+01,8.982867551065981671e-01
1.020005715918833999e+01,4.712964715678513161e-01
1.022006287510717293e+01,8.879550223912868745e-01
1.024006859102600764e+01,1.491849282656389830e+00
1.026007430694484057e+01,1.925461735786222928e+00
1.028008002286367528e+01,1.086969464006111608e+00
1.030008573878250999e+01,1.560501481629302800e+00
1.032009145470134293e+01,1.619741994859741130e+00
1.034009717062017764e+01,2.049311953773736317e+00
1.036010288653901057e+01,1.595571722178927399e+00
1.038010860245784528e+01,1.068900620152835268e+00
1.040011431837667999e+01,1.333593838799619125e+00
1.042012003429551292e+01,1.514534008407162124e+00
1.044012575021434763e+01,1.089002154534535194e+00
1.046013146613318057e+01,1.325981282166493802e+00
1.048013718205201528e+01,1.570466274608382840e+00
1.050014289797084821e+01,1.773727253836765216e+00
1.052014861388968292e+01,1.316788008829849588e+00
1.054015432980851585e+01,1.666040388968125452e+00
1.056016004572735056e+01,1.093614473350904559e+00
1.058016576164618527e+01,2.418782302617094260e+00
1.060017147756501821e+01,1.615482829019097899e+00
1.062017719348385292e+01,1.839732507062030287e+00
1.064018290940268585e+01,1.923251205206627290e+00
1.066018862532152056e+01,1.286076043439932981e+00
1.068019434124035527e+01,2.966316195918703436e+00
1.070020005715918820e+01,2.785244197640954766e+00
1.072020577307802292e+01,1.722475050855126533e+00
1.074021148899685585e+01,2.510684933018767495e+00
1.076021720491569056e+01,2.435390674648597376e+00
1.078022292083452349e+01,2.652716816983227144e+00
1.080022863675335820e+01,2.141388885597123704e+00
1.082023435267219291e+01,2.435895390983251918e+00
1.084024006859102585e+01,2.036952736958185461e+00
1.086024578450986056e+01,2.796407968248538545e+00
1.088025150042869349e+01,2.370038118343765543e+00
1.090025721634752820e+01,2.383757627310219895e+00
1.092026293226636113e+01,3.096313106780625546e+00
1.094026864818519584e+01,3.113440590808600028e+00
1.096027436410403055e+01,3.586916038671887463e+00
1.098028008002286349e+01,3.940550733750168177e+00
1.100028579594169820e+01,4.001172138875741524e+00
1.102029151186053113e+01,3.262528597007662512e+00
1.104029722777936584e+01,3.978360673941313763e+00
1.106030294369819877e+01,3.968399732247328782e+00
1.108030865961703348e+01,3.442007396983987277e+00
1.110031437553586819e+01,3.941432962675119001e+00
1.112032009145470113e+01,3.636885625764701757e+00
1.114032580737353584e+01,4.965141762984360163e+00
1.116033152329236877e+01,4.124149260414396778e+00
1.118033723921120348e+01,4.646362033094430188e+00
1.120034295513003642e+01,4.636566672400832978e+00
1.122034867104887113e+01,4.799035567275325320e+00
1.124035438696770584e+01,4.668616673717568943e+00
1.126036010288653877e+01,4.597418275453810210e+00
1.128036581880537348e+01,4.687751975336556853e+00
1.130037153472420641e+01,5.406879505941885711e+00
1.132037725064304112e+01,5.938832991686743057e+00
1.134038296656187583e+01,5.489792039639148413e+00
1.136038868248070877e+01,5.374965087652019413e+00
1.138039439839954348e+01,5.699174663566920707e+00
1.140040011431837641e+01,5.458793435243322278e+00
1.142040583023721112e+01,5.771587046677485233e+00
1.144041154615604405e+01,6.182282224502480439e+00
1.146041726207487876e+01,5.797026677164264896e+00
1.148042297799371170e+01,6.165905743735363487e+00
1.150042869391254641e+01,6.158070712026139759e+00
1.152043440983138112e+01,6.000708075145983145e+00
1.154044012575021405e+01,6.140142679937460102e+00
1.156044584166904876e+01,7.403384983544062159e+00
1.158045155758788169e+01,7.140455959467230329e+00
1.160045727350671640e+01,8.258174043836200795e+00
1.162046298942555111e+01,7.993029724772343414e+00
1.164046870534438405e+01,8.360610319192007367e+00
1.166047442126321876e+01,7.908335784348389907e+00
1.168048013718205169e+01,8.269177108223054518e+00
1.170048585310088640e+01,8.497483432080144894e+00
1.172049156901971934e+01,8.946442929475903583e+00
1.174049728493855405e+01,8.875769871458393467e+00
1.176050300085738698e+01,9.043879192537525924e+00
1.178050871677622169e+01,9.773869138968562353e+00
1.180051443269505640e+01,9.427239045362927783e+00
1.182052014861388933e+01,9.637639144355643950e+00
1.184052586453272404e+01,9.081751160732949302e+00
1.186053158045155698e+01,9.822568114617725499e+00
1.188053729637039169e+01,1.072246256571665057e+01
1.190054301228922640e+01,1.066148383947135869e+01
1.192054872820805933e+01,1.100752239621354178e+01
1.194055444412689404e+01,1.082272633079903557e+01
1.196056016004572697e+01,1.205678682911553423e+01
1.198056587596456168e+01,1.147451015849587108e+01
1.200057159188339639e+01,1.137428407001781849e+01
1.202057730780222933e+01,1.241851482134391915e+01
1.204058302372106226e+01,1.216130899507764340e+01
1.206058873963989697e+01,1.205332723957606511e+01
1.208059445555873168e+01,1.341036468931718417e+01
1.210060017147756461e+01,1.365733836210744911e+01
1.212060588739639932e+01,1.420475016653075429e+01
1.214061160331523226e+01,1.344533053160365021e+01
1.216061731923406697e+01,1.471552268044148271e+01
1.218062303515290168e+01,1.522021523016470823e+01
1.220062875107173461e+01,1.559947315735584183e+01
1.222063446699056932e+01,1.486133679593814705e+01
1.224064018290940226e+01,1.584304665118743749e+01
1.226064589882823697e+01,1.674453459670532851e+01
1.228065161474707168e+01,1.620421193217943312e+01
1.230065733066590461e+01,1.691387105545268454e+01
1.232066304658473754e+01,1.716648643344277048e+01
1.234066876250357225e+01,1.727437531424109807e+01
1.236067447842240696e+01,1.866575864137570306e+01
1.238068019434123990e+01,1.875287751616700405e+01
1.240068591026007461e+01,1.925189836840492319e+01
1.242069162617890754e+01,1.983849541845786035e+01
1.244069734209774225e+01,2.009611404354092201e+01
1.246070305801657696e+01,2.041444127213283366e+01
1.248070877393540989e+01,2.136631984694638575e+01
1.250071448985424460e+01,2.149750272594900480e+01
1.252072020577307754e+01,2.235339036002076796e+01
1.254072592169191225e+01,2.216229604210714044e+01
1.256073163761074696e+01,2.312691536690687144e+01
1.258073735352957989e+01,2.355228215019696947e+01
1.260074306944841460e+01,2.416971724681839362e+01
1.262074878536724754e+01,2.407963793384628914e+01
1.264075450128608225e+01,2.472044682553389805e+01
1.266076021720491518e+01,2.497067233788293095e+01
1.268076593312374989e+01,2.631847989418589151e+01
1.270077164904258282e+01,2.634320206134412601e+01
1.272077736496141753e+01,2.698046814186771769e+01
1.274078308088025224e+01,2.691759755641377438e+01
1.276078879679908518e+01,2.823881595300369440e+01
1.278079451271791989e+01,2.826415738665106403e+01
1.280080022863675282e+01,2.851397394038381350e+01
1.282080594455558753e+01,2.875387478712482903e+01
1.284081166047442224e+01,2.896997470383576712e+01
1.286081737639325517e+01,2.963145856884089113e+01
1.288082309231208988e+01,3.000153699250398276e+01
1.290082880823092282e+01,2.946821704407216913e+01
1.292083452414975753e+01,2.895744097822553087e+01
1.294084024006859224e+01,2.921801135091627444e+01
1.296084595598742517e+01,2.873570127842845778e+01
1.298085167190625810e+01,2.853955406929988214e+01
1.300085738782509281e+01,2.817946381813345980e+01
1.302086310374392752e+01,2.727566912638041075e+01
1.304086881966276046e+01,2.703894447880103513e+01
1.306087453558159517e+01,2.584701025735551383e+01
1.308088025150042810e+01,2.575264781580478513e+01
1.310088596741926281e+01,2.493552436056476651e+01
1.312089168333809752e+01,2.376810403498747348e+01
1.314089739925693046e+01,2.300952492926437287e+01
1.316090311517576517e+01,2.206649190489260093e+01
1.318090883109459810e+01,2.038932439462815438e+01
1.320091454701343281e+01,1.974497746557486266e+01
1.322092026293226752e+01,1.850052940565091930e+01
1.324092597885110045e+01,1.751906434054581041e+01
1.326093169476993339e+01,1.644818305141989967e+01
1.328093741068876810e+01,1.575412036862749687e+01
1.330094312660760281e+01,1.478947010973363696e+01
1.332094884252643574e+01,1.444143894688710894e+01
1.334095455844527045e+01,1.280266114779341535e+01
1.336096027436410338e+01,1.320621395856492697e+01
1.338096599028293809e+01,1.156427220504161646e+01
1.340097170620177280e+01,1.140768883825912106e+01
1.342097742212060574e+01,1.048882233337430492e+01
1.344098313803944045e+01,1.041601283086601271e+01
1.346098885395827338e+01,1.023373447184967588e+01
1.348099456987710809e+01,1.032549649284181470e+01
1.350100028579594280e+01,9.531669957381328828e+00
1.352100600171477573e+01,9.447416054770750193e+00
1.354101171763361044e+01,8.706753587820381668e+00
1.356101743355244338e+01,8.861971746001433559e+00
1.358102314947127809e+01,8.127327421132227059e+00
1.360102886539011102e+01,8.676134509462400501e+00
1.362103458130894573e+01,8.704539071420272833e+00
1.364104029722777867e+01,8.807625801403977661e+00
1.366104601314661338e+01,8.581889558329175216e+00
1.368105172906544809e+01,8.763368810248785223e+00
1.370105744498428102e+01,8.699769979936288422e+00
1.372106316090311573e+01,8.720443235046502650e+00
1.374106887682194866e+01,9.022002630879299545e+00
1.376107459274078337e+01,8.618819413544610342e+00
1.378108030865961808e+01,9.001473816815352080e+00
1.380108602457845102e+01,9.152812058629482550e+00
1.382109174049728573e+01,9.652204479756147038e+00
1.384109745641611866e+01,9.492825053427514703e+00
1.386110317233495337e+01,9.911314666084336977e+00
1.388110888825378808e+01,1.039605299326326815e+01
1.390111460417262101e+01,1.003922877760266985e+01
1.392112032009145395e+01,1.006788519183930397e+01
1.394112603601028866e+01,1.012859160560561733e+01
1.396113175192912337e+01,1.031574912951359835e+01
1.398113746784795630e+01,1.031509425902449451e+01
1.400114318376679101e+01,1.108107202105055578e+01
1.402114889968562395e+01,1.133230217223523795e+01
1.404115461560445866e+01,1.143856823017847191e+01
1.406116033152329337e+01,1.122133614446216576e+01
1.408116604744212630e+01,1.122968559065991201e+01
1.410117176336095923e+01,1.090171022321393401e+01
1.412117747927979394e+01,1.199945177089450787e+01
1.414118319519862865e+01,1.085492569491411530e+01
1.416118891111746336e+01,1.064332563350936312e+01
1.418119462703629630e+01,1.175270096373101225e+01
1.420120034295512923e+01,1.165401852188809251e+01
1.422120605887396394e+01,1.122792584046828068e+01
1.424121177479279865e+01,1.132962141348924945e+01
1.426121749071163336e+01,1.135510657475223084e+01
1.428122320663046629e+01,1.106519243258315655e+01
1.430122892254929923e+01,1.041661188358879286e+01
1.432123463846813394e+01,1.054511714089934671e+01
1.434124035438696865e+01,9.641674270494029031e+00
1.436124607030580158e+01,9.797293373839380592e+00
1.438125178622463629e+01,9.526450761937713452e+00
1.440125750214346922e+01,8.576654474049540511e+00
1.442126321806230393e+01,9.381648496329205500e+00
1.444126893398113864e+01,7.805159622691794752e+00
1.446127464989997158e+01,7.554303693931778696e+00
1.448128036581880451e+01,6.645780215126727342e+00
1.450128608173763922e+01,6.166115848862473214e+00
1.452129179765647393e+01,6.514955134900821676e+00
1.454129751357530864e+01,5.708679349600592090e+00
1.456130322949414158e+01,5.327501253761992572e+00
1.458130894541297451e+01,4.829230071814553327e+00
1.460131466133180922e+01,4.953258924558895160e+00
1.462132037725064393e+01,4.477672137427056498e+00
1.464132609316947686e+01,4.166188903559775447e+00
1.466133180908831157e+01,4.362729485219741576e+00
1.468133752500714451e+01,3.418774921517855780e+00
1.470134324092597922e+01,3.838623557527404806e+00
1.472134895684481393e+01,3.853928464817856003e+00
1.474135467276364686e+01,2.985489525054726201e+00
1.476136038868247979e+01,3.489647266598605135e+00
1.478136610460131450e+01,3.201126076781931840e+00
1.480137182052014921e+01,2.514006359935292423e+00
1.482137753643898392e+01,2.985462649221889642e+00
1.484138325235781686e+01,2.686979634594420574e+00
1.486138896827664979e+01,2.783733455782848587e+00
1.488139468419548450e+01,3.071301200624383831e+00
1.490140040011431921e+01,3.055877055302457457e+00
1.492140611603315392e+01,2.266355903246502379e+00
1.494141183195198685e+01,3.608092555054141393e+00
1.496141754787081979e+01,2.771244258519346637e+00
1.498142326378965450e+01,2.799447581210410263e+00
1.500142897970848921e+01,2.589705173669618610e+00
1.502143469562732214e+01,3.535896933443787304e+00
1.504144041154615508e+01,2.444770257880500175e+00
1.506144612746498979e+01,2.768241053979662691e+00
1.508145184338382450e+01,3.144275453669687970e+00
1.510145755930265921e+01,2.581033317500692537e+00
1.512146327522149214e+01,2.475158120972001274e+00
1.514146899114032507e+01,3.012221942905725314e+00
1.516147470705915978e+01,2.810981096183462924e+00
1.518148042297799449e+01,2.864001182854712280e+00
1.520148613889682920e+01,2.624122661609567420e+00
1.522149185481566214e+01,3.089492842138498396e+00
1.524149757073449507e+01,2.882381850594798678e+00
1.526150328665332978e+01,3.025870515631214008e+00
1.528150900257216449e+01,2.556843079764426374e+00
1.530151471849099742e+01,2.996133852479803128e+00
1.532152043440983036e+01,3.334458210394305233e+00
1.534152615032866507e+01,2.262120361622410591e+00
1.536153186624749978e+01,3.464612785077692436e+00
1.538153758216633449e+01,2.888848961426588424e+00
1.540154329808516742e+01,2.927880385328754720e+00
1.542154901400400036e+01,3.249545019081815589e+00
1.544155472992283507e+01,2.633954294100415261e+00
1.546156044584166978e+01,3.870267679359543855e+00
1.548156616176050449e+01,3.024280536181117363e+00
1.550157187767933742e+01,3.846505051346129189e+00
1.552157759359817035e+01,3.244829305664644892e+00
1.554158330951700506e+01,2.635615171746389596e+00
1.556158902543583977e+01,2.656670266341307318e+00
1.558159474135467271e+01,3.055964372884070634e+00
1.560160045727350742e+01,3.324588171217218502e+00
1.562160617319234035e+01,2.647649524220753392e+00
1.564161188911117506e+01,3.269039807659765096e+00
1.566161760503000977e+01,3.846723081163013092e+00
1.568162332094884270e+01,3.524293919194912306e+00
1.570162903686767564e+01,3.235189723695043540e+00
1.572163475278651035e+01,2.934470898483985124e+00
1.574164046870534506e+01,3.961281765144601508e+00
1.576164618462417977e+01,3.859725849551174370e+00
1.578165190054301270e+01,3.532083927244400900e+00
1.580165761646184563e+01,4.208399921301044344e+00
1.582166333238068034e+01,3.143510177550386864e+00
1.584166904829951505e+01,2.886634955996481011e+00
1.586167476421834799e+01,3.873186814927849664e+00
1.588168048013718270e+01,3.282570986897135334e+00
1.590168619605601563e+01,3.072822656323896062e+00
1.592169191197485034e+01,3.434433330447960397e+00
1.594169762789368505e+01,3.167265215077379459e+00
1.596170334381251799e+01,4.125807403902935100e+00
1.598170905973135092e+01,3.918230775683324119e+00
1.600171477565018563e+01,4.284948358030772120e+00
1.602172049156902034e+01,3.587922414331353504e+00
1.604172620748785505e+01,4.790871168600138397e+00
1.606173192340668976e+01,3.808572760636846688e+00
1.608173763932552092e+01,5.051621820528851003e+00
1.610174335524435563e+01,4.987195297568589147e+00
1.612174907116319034e+01,5.400487708845522761e+00
1.614175478708202505e+01,5.108352426782871269e+00
1.616176050300085620e+01,5.267480380486730951e+00
1.618176621891969091e+01,5.446269177740273193e+00
1.620177193483852562e+01,5.611604856204916558e+00
1.622177765075736033e+01,5.007839427485264672e+00
1.624178336667619504e+01,4.349582647433811289e+00
1.626178908259502620e+01,5.471741391997476001e+00
1.628179479851386091e+01,4.956692228698550196e+00
1.630180051443269562e+01,4.992523458301499240e+00
1.632180623035153033e+01,5.971039752288630709e+00
1.634181194627036149e+01,5.668477283395681354e+00
1.636181766218919620e+01,5.665087628686035437e+00
1.638182337810803091e+01,6.534428433581474849e+00
1.640182909402686562e+01,5.185294408493901663e+00
1.642183480994570033e+01,6.369724802017099563e+00
1.644184052586453504e+01,6.098187244450869571e+00
1.646184624178336620e+01,6.693551988467303815e+00
1.648185195770220091e+01,5.566754096365206905e+00
1.650185767362103562e+01,6.432931192233646733e+00
1.652186338953986677e+01,6.577894815342826718e+00
1.654186910545870148e+01,6.469168699815131873e+00
1.656187482137753619e+01,7.653778780206515364e+00
1.658188053729637090e+01,7.248225443844074078e+00
1.660188625321520561e+01,7.476516070097900979e+00
1.662189196913404032e+01,7.475686840708771541e+00
1.664189768505287148e+01,6.883644715076192355e+00
1.666190340097170619e+01,7.521264306824294366e+00
1.668190911689054090e+01,7.900303215943942803e+00
1.670191483280937561e+01,8.322234146716800396e+00
1.672192054872820677e+01,8.625343168988429454e+00
1.674192626464704148e+01,8.460261272371559116e+00
1.676193198056587619e+01,8.390079816299701676e+00
1.678193769648471090e+01,9.373709490213169460e+00
1.680194341240354561e+01,8.957915570701818098e+00
1.682194912832238032e+01,9.888478514064786395e+00
1.684195484424121148e+01,9.220633738136676527e+00
1.686196056016004619e+01,1.022892485230977755e+01
1.688196627607888090e+01,1.011927521746947889e+01
1.690197199199771205e+01,1.048684148547169848e+01
1.692197770791654676e+01,1.102150268241344122e+01
1.694198342383538147e+01,1.082207866052513978e+01
1.696198913975421618e+01,1.061673754737060982e+01
1.698199485567305089e+01,1.164578479874419870e+01
1.700200057159188560e+01,1.178437744523074393e+01
1.702200628751071676e+01,1.229465887160176152e+01
1.704201200342955147e+01,1.211424376196011821e+01
1.706201771934838618e+01,1.326016273536398415e+01
1.708202343526722089e+01,1.223923013412360561e+01
1.710202915118605205e+01,1.344571757801472778e+01
1.712203486710488676e+01,1.365735378598505356e+01
1.714204058302372147e+01,1.358564574339975550e+01
1.716204629894255618e+01,1.463391958505459201e+01
1.718205201486139089e+01,1.440347090385538564e+01
1.720205773078022204e+01,1.431100041787114385e+01
1.722206344669905675e+01,1.506513150787949762e+01
1.724206916261789146e+01,1.608046471225851803e+01
1.726207487853672617e+01,1.541729351514472590e+01
1.728208059445555733e+01,1.532226491252786360e+01
1.730208631037439204e+01,1.583963276822654542e+01
1.732209202629322675e+01,1.571788299240719056e+01
1.734209774221206146e+01,1.619452649074100492e+01
1.736210345813089617e+01,1.655413874002111285e+01
1.738210917404973088e+01,1.628899201642499150e+01
1.740211488996856204e+01,1.547252779080858431e+01
1.742212060588739675e+01,1.599159370087402898e+01
1.744212632180623146e+01,1.552037178052957422e+01
1.746213203772506262e+01,1.603570498733363081e+01
1.748213775364389733e+01,1.617036698206477041e+01
1.750214346956273204e+01,1.590089323342665750e+01
1.752214918548156675e+01,1.450032190158751533e+01
1.754215490140040146e+01,1.373926403868687274e+01
1.756216061731923617e+01,1.417022720289171112e+01
1.758216633323806732e+01,1.307582350211542810e+01
1.760217204915690203e+01,1.300199627212975173e+01
1.762217776507573674e+01,1.265964990227730524e+01
1.764218348099457145e+01,1.269688222256971244e+01
1.766218919691340261e+01,1.178480340000688287e+01
1.768219491283223732e+01,1.116580183621422506e+01
1.770220062875107203e+01,1.075035823696843096e+01
1.772220634466990674e+01,1.015679949720226816e+01
1.774221206058874145e+01,9.765631871674287368e+00
1.776221777650757616e+01,1.018723452299203203e+01
1.778222349242640732e+01,9.784348590690228775e+00
1.780222920834524203e+01,9.550193610536805267e+00
1.782223492426407674e+01,8.405753036940826206e+00
1.784224064018290790e+01,8.064758343417775421e+00
1.786224635610174261e+01,8.006241231182514184e+00
1.788225207202057732e+01,7.177590751753527343e+00
1.790225778793941203e+01,6.916129301701436916e+00
1.792226350385824674e+01,6.413465747868757560e+00
1.794226921977708145e+01,6.729005381225762861e+00
1.796227493569591260e+01,6.163710868949999977e+00
1.798228065161474731e+01,5.530677629869892087e+00
1.800228636753358202e+01,5.825135412527712830e+00
1.802229208345241318e+01,4.748378720867941105e+00
1.804229779937124789e+01,5.412951132286357492e+00
1.806230351529008260e+01,5.268210253239729468e+00
1.808230923120891731e+01,3.860204164277407646e+00
1.810231494712775202e+01,3.738120774275351721e+00
1.812232066304658673e+01,4.511163312974230344e+00
1.814232637896542144e+01,4.306303436257419293e+00
1.816233209488425260e+01,4.135327039255741965e+00
1.818233781080308731e+01,4.007251318228836290e+00
1.820234352672191847e+01,4.133568610369280805e+00
1.822234924264075318e+01,3.516906580776612667e+00
1.824235495855958789e+01,3.823301477444817742e+00
1.826236067447842260e+01,4.092135355159306265e+00
1.828236639039725731e+01,3.437127224572432027e+00
1.830237210631609202e+01,3.612924158282650122e+00
1.832237782223492673e+01,3.530988744796823120e+00
1.834238353815375788e+01,4.624715164476229212e+00
1.836238925407259259e+01,3.388810872229968574e+00
1.838239496999142730e+01,3.814639908330523355e+00
1.840240068591025846e+01,3.067425923473670046e+00
1.842240640182909317e+01,3.471981393036582375e+00
1.844241211774792788e+01,3.172921587311633651e+00
1.846241783366676259e+01,3.616267932518270278e+00
1.848242354958559730e+01,4.122687929516536620e+00
1.850242926550443201e+01,4.300518478246396548e+00
1.852243498142326672e+01,4.138490776887866929e+00
1.854244069734209788e+01,2.961445414852998947e+00
1.856244641326093259e+01,4.513542004642085104e+00
1.858245212917976374e+01,3.235659794470509887e+00
1.860245784509859845e+01,3.649104798477264211e+00
1.862246356101743316e+01,3.599677670394272333e+00
1.864246927693626787e+01,3.081014172151943509e+00
1.866247499285510258e+01,3.722169926278145358e+00
1.868248070877393729e+01,4.306140224884439149e+00
1.870248642469277200e+01,3.812345192477823108e+00
1.872249214061160316e+01,4.085488426608031354e+00
1.874249785653043787e+01,3.903915231014131848e+00
1.876250357244927258e+01,4.002185204451499168e+00
1.878250928836810374e+01,3.697975696240951571e+00
1.880251500428693845e+01,3.374633459475467667e+00
1.882252072020577316e+01,4.105631223361433157e+00
1.884252643612460787e+01,4.749276714865168003e+00
1.886253215204344258e+01,3.944934297712327620e+00
1.888253786796227729e+01,3.523386832619867626e+00
1.890254358388111200e+01,3.583544028380981405e+00
1.892254929979994316e+01,3.957496021930933416e+00
1.894255501571877787e+01,4.299344970103632591e+00
1.896256073163760902e+01,4.082509950345778904e+00
1.898256644755644373e+01,4.637867186712589351e+00
1.900257216347527844e+01,4.325670227767231424e+00
1.902257787939411315e+01,4.432993270958775156e+00
1.904258359531294786e+01,4.669046640559548322e+00
1.906258931123178257e+01,3.621902365069187724e+00
1.908259502715061728e+01,4.233526657200628485e+00
1.910260074306944844e+01,4.458804906294719927e+00
1.912260645898828315e+01,3.791494132675242490e+00
1.914261217490711431e+01,3.801444844863298034e+00
1.916261789082594902e+01,4.292457371729336835e+00
1.918262360674478373e+01,4.497564130417526229e+00
1.920262932266361844e+01,4.032669998746395201e+00
1.922263503858245315e+01,4.122111707618639542e+00
1.924264075450128786e+01,3.948791869785763353e+00
1.926264647042012257e+01,4.409047576301241556e+00
1.928265218633895373e+01,4.472037732865628001e+00
1.930265790225778844e+01,3.848815101739525346e+00
1.932266361817662315e+01,4.940558747143381169e+00
1.934266933409545430e+01,4.693809554453297395e+00
1.936267505001428901e+01,4.350409119502845812e+00
1.938268076593312372e+01,5.554281113230738143e+00
1.940268648185195843e+01,4.363698477385525187e+00
1.942269219777079314e+01,5.107164340063814478e+00
1.944269791368962785e+01,5.309532895319637014e+00
1.946270362960846256e+01,4.792553292480127070e+00
1.948270934552729372e+01,4.909351339321307961e+00
1.950271506144612843e+01,4.640179644490446620e+00
1.952272077736495959e+01,5.051571841655048800e+00
1.954272649328379430e+01,5.039638900390009724e+00
1.956273220920262901e+01,4.495851211980369300e+00
1.958273792512146372e+01,5.442457396083560717e+00
1.960274364104029843e+01,5.679595880550087017e+00
1.962274935695913314e+01,5.965701681922906729e+00
1.964275507287796785e+01,6.471809162915304725e+00
1.966276078879679901e+01,4.890206629957042139e+00
1.968276650471563372e+01,5.407182628840336847e+00
1.970277222063446487e+01,6.159442892321715490e+00
1.972277793655329958e+01,5.941992177058171620e+00
1.974278365247213429e+01,6.139383735196330960e+00
1.976278936839096900e+01,5.819705611175720605e+00
1.978279508430980371e+01,6.251136615547675746e+00
1.980280080022863842e+01,6.275272868951743632e+00
1.982280651614747313e+01,6.868257263290521664e+00
1.984281223206630784e+01,7.223350991004199528e+00
1.986281794798513900e+01,6.916125695734731238e+00
1.988282366390397371e+01,7.755027696333517184e+00
1.990282937982280487e+01,7.008576938851236449e+00
1.992283509574163958e+01,7.052022956610380255e+00
1.994284081166047429e+01,7.572539965881770918e+00
1.996284652757930900e+01,7.959286983719954023e+00
1.998285224349814371e+01,8.207841374027225356e+00
2.000285795941697842e+01,7.906013820521805791e+00
2.002286367533581313e+01,8.828636317569131364e+00
2.004286939125464428e+01,8.320485630689461232e+00
2.006287510717347899e+01,8.893570446469476920e+00
2.008288082309231015e+01,9.168189490704993005e+00
2.010288653901114486e+01,9.198997079095509122e+00
2.012289225492997957e+01,1.015352172708639600e+01
2.014289797084881428e+01,9.831241149449281735e+00
2.016290368676764899e+01,1.018220330523042350e+01
2.018290940268648370e+01,1.019046744012063499e+01
2.020291511860531841e+01,1.103693170406630131e+01
2.022292083452414957e+01,1.094290820551820964e+01
2.024292655044298428e+01,1.142014320255606918e+01
2.026293226636181899e+01,1.138189732718451275e+01
2.028293798228065015e+01,1.153137063300533782e+01
2.030294369819948486e+01,1.182925448317564587e+01
2.032294941411831957e+01,1.161518527118083455e+01
2.034295513003715428e+01,1.118303450469590388e+01
2.036296084595598899e+01,1.132193130329404340e+01
2.038296656187482370e+01,1.159346066348232185e+01
2.040297227779365841e+01,1.218189173775001066e+01
2.042297799371248956e+01,1.162056999973458815e+01
2.044298370963132427e+01,1.252357649296037323e+01
2.046298942555015543e+01,1.179783062842812669e+01
2.048299514146899014e+01,1.256179791831289982e+01
2.050300085738782485e+01,1.184651911385536849e+01
2.052300657330665956e+01,1.297536367241520949e+01
2.054301228922549427e+01,1.231344588250451011e+01
2.056301800514432898e+01,1.237404508190955355e+01
2.058302372106316369e+01,1.315949213271500540e+01
2.060302943698199485e+01,1.339101336088209493e+01
2.062303515290082956e+01,1.386496764589821495e+01
2.064304086881966072e+01,1.408840453049844399e+01
2.066304658473849543e+01,1.380481675053978918e+01
2.068305230065733014e+01,1.329101069466706164e+01
2.070305801657616485e+01,1.410407182737071707e+01
2.072306373249499956e+01,1.381367133095892719e+01
2.074306944841383427e+01,1.397487117403415269e+01
2.076307516433266898e+01,1.386272340711308537e+01
2.078308088025150369e+01,1.493368499885251310e+01
2.080308659617033484e+01,1.455421016549223268e+01
2.082309231208916955e+01,1.403935865920000658e+01
2.084309802800800071e+01,1.419967396513316338e+01
2.086310374392683542e+01,1.450238867562027067e+01
2.088310945984567013e+01,1.446996227588628159e+01
2.090311517576450484e+01,1.363150749024738140e+01
2.092312089168333955e+01,1.430068582963544443e+01
2.094312660760217426e+01,1.258871759467289486e+01
2.096313232352100897e+01,1.309586601905040659e+01
2.098313803943984013e+01,1.304635455684079126e+01
2.100314375535867484e+01,1.136281480195005500e+01
2.102314947127750600e+01,1.212018893338346537e+01
2.104315518719634071e+01,1.148084146935736882e+01
2.106316090311517542e+01,1.047194737171238721e+01
2.108316661903401013e+01,1.100930722955943253e+01
2.110317233495284484e+01,1.075476317541828664e+01
2.112317805087167955e+01,9.870337687046102815e+00
2.114318376679051426e+01,9.486478958268911299e+00
2.116318948270934541e+01,9.530519280053546538e+00
2.118319519862818012e+01,9.016378901289030523e+00
2.120320091454701483e+01,9.024227493861985749e+00
2.122320663046584599e+01,8.814702630288740792e+00
2.124321234638468070e+01,9.112258733712877756e+00
2.126321806230351541e+01,8.456500645176976860e+00
2.128322377822235012e+01,8.952649514204564341e+00
2.130322949414118483e+01,8.795139794897394836e+00
2.132323521006001954e+01,8.654678334661262795e+00
2.134324092597885425e+01,1.014552820825474200e+01
2.136324664189768541e+01,1.020337083639183362e+01
2.138325235781652012e+01,1.020893655093567176e+01
2.140325807373535127e+01,9.671906530090154774e+00
2.142326378965418598e+01,1.071490732574742033e+01
2.144326950557302069e+01,1.062741837718004412e+01
2.146327522149185540e+01,1.116253973614802675e+01
2.148328093741069011e+01,1.238071030493947688e+01
2.150328665332952482e+01,1.175553037139227541e+01
2.152329236924835953e+01,1.284973888452195823e+01
2.154329808516719069e+01,1.367146782801339810e+01
2.156330380108602540e+01,1.373254720993833722e+01
2.158330951700485656e+01,1.401198167567293495e+01
2.160331523292369127e+01,1.473186200724441441e+01
2.162332094884252598e+01,1.511299470689311697e+01
2.164332666476136069e+01,1.620843314045798778e+01
2.166333238068019540e+01,1.693333696564598512e+01
2.168333809659903011e+01,1.764950671468515964e+01
2.170334381251786482e+01,1.813471172124059905e+01
2.172334952843669598e+01,1.897206140602017044e+01
2.174335524435553069e+01,1.998294010479633087e+01
2.176336096027436540e+01,2.011976542078711816e+01
2.178336667619319655e+01,2.084971606758179874e+01
2.180337239211203126e+01,2.237455207347317554e+01
2.182337810803086597e+01,2.295178021074801222e+01
2.184338382394970068e+01,2.386170703731069054e+01
2.186338953986853539e+01,2.469588159119610538e+01
2.188339525578737010e+01,2.625524059971511548e+01
2.190340097170620481e+01,2.736238230941336624e+01
2.192340668762503597e+01,2.769666341555054601e+01
2.194341240354387068e+01,2.842387634674700081e+01
2.196341811946270184e+01,2.946721647009034584e+01
2.198342383538153655e+01,3.059545122514383308e+01
2.200342955130037126e+01,3.199532408345661949e+01
2.202343526721920597e+01,3.292054571662712448e+01
2.204344098313804068e+01,3.467139256700303918e+01
2.206344669905687539e+01,3.565821746950427951e+01
2.208345241497571010e+01,3.608537938219292585e+01
2.210345813089454126e+01,3.794137571978494350e+01
2.212346384681337597e+01,3.876327221835123993e+01
2.214346956273221068e+01,4.077942422523616983e+01
2.216347527865104183e+01,4.104271220644505291e+01
2.218348099456987654e+01,4.309431621562679027e+01
2.220348671048871125e+01,4.363151029525187852e+01
2.222349242640754596e+01,4.459196596639393562e+01
2.224349814232638067e+01,4.606822309964039164e+01
2.226350385824521538e+01,4.763317731266288746e+01
2.228350957416405009e+01,4.807464118167821709e+01
2.230351529008288125e+01,4.951524158084168903e+01
2.232352100600171596e+01,5.025747519519338624e+01
2.234352672192054712e+01,5.135326203781080068e+01
2.236353243783938183e+01,5.065819945084743381e+01
2.238353815375821654e+01,5.142873120648738450e+01
2.240354386967705125e+01,5.089360142959091604e+01
2.242354958559588596e+01,5.142423188710362325e+01
2.244355530151472067e+01,5.048662559118639592e+01
2.246356101743355538e+01,4.986525300627315005e+01
2.248356673335238654e+01,4.899506918062043326e+01
2.250357244927122125e+01,4.773596192371939395e+01
2.252357816519005240e+01,4.604307833204011047e+01
2.254358388110888711e+01,4.409791502080344117e+01
2.256358959702772182e+01,4.248737584734838180e+01
2.258359531294655653e+01,3.999701845289435198e+01
2.260360102886539124e+01,3.837148345911561620e+01
2.262360674478422595e+01,3.588715180553716522e+01
2.264361246070306066e+01,3.387531703673001715e+01
2.266361817662189182e+01,3.109236238079549253e+01
2.268362389254072653e+01,3.038352401882286102e+01
2.270362960845956124e+01,2.810299344742671224e+01
2.272363532437839240e+01,2.640227047199527277e+01
2.274364104029722711e+01,2.391581616408348054e+01
2.276364675621606182e+01,2.347931441769594585e+01
2.278365247213489653e+01,2.331214557091320927e+01
2.280365818805373124e+01,2.215004848764101553e+01
2.282366390397256595e+01,2.102698003623266843e+01
2.284366961989140066e+01,2.091452789306548254e+01
2.286367533581023181e+01,2.176055137421685259e+01
2.288368105172906652e+01,2.139857178082227307e+01
2.290368676764789768e+01,2.148239673908480540e+01
2.292369248356673239e+01,2.190471925929867325e+01
2.294369819948556710e+01,2.337871538544705174e+01
2.296370391540440181e+01,2.357651725356540950e+01
2.298370963132323652e+01,2.438372533872526304e+01
2.300371534724207123e+01,2.461582509635740479e+01
2.302372106316090594e+01,2.539809228896461946e+01
2.304372677907973710e+01,2.646835004900448496e+01
2.306373249499857181e+01,2.741329477284433125e+01
2.308373821091740652e+01,2.764383163889689143e+01
2.310374392683623768e+01,2.839009008832675462e+01
2.312374964275507239e+01,2.947476890859610421e+01
2.314375535867390710e+01,3.085092925675045095e+01
2.316376107459274181e+01,3.181150771494677798e+01
2.318376679051157652e+01,3.229960136968906426e+01
2.320377250643041123e+01,3.432447965029015791e+01
2.322377822234924594e+01,3.484088370007685143e+01
2.324378393826807709e+01,3.605726844242843754e+01
2.326378965418691180e+01,3.682608197211365564e+01
2.328379537010574296e+01,3.867839332642289207e+01
2.330380108602457767e+01,3.954884067127744629e+01
2.332380680194341238e+01,4.003733420871187576e+01
2.334381251786224709e+01,4.228750435008952735e+01
2.336381823378108180e+01,4.319554966072936963e+01
2.338382394969991651e+01,4.474676294744857330e+01
2.340382966561875122e+01,4.555807311093496281e+01
2.342383538153758238e+01,4.700066150920443420e+01
2.344384109745641709e+01,4.807911925260548003e+01
2.346384681337524825e+01,5.044148487192089192e+01
2.348385252929408296e+01,5.124071246623521603e+01
2.350385824521291767e+01,5.298949383621958020e+01
2.352386396113175238e+01,5.378689822904495088e+01
2.354386967705058709e+01,5.456062203657118914e+01
2.356387539296942180e+01,5.543124715242532830e+01
2.358388110888825651e+01,5.629993683593023945e+01
2.360388682480708766e+01,5.748314330334972766e+01
2.362389254072592237e+01,5.747597787243964973e+01
2.364389825664475708e+01,5.823055587646341280e+01
2.366390397256358824e+01,5.716376579492096965e+01
2.368390968848242295e+01,5.714727404619402762e+01
2.370391540440125766e+01,5.614132221162713421e+01
2.372392112032009237e+01,5.636755649802888968e+01
2.374392683623892708e+01,5.474854606844355942e+01
2.376393255215776179e+01,5.366589220628535628e+01
2.378393826807659650e+01,5.145698052713257908e+01
2.380394398399542766e+01,5.001010521601351400e+01
2.382394969991426237e+01,4.893851671886083921e+01
2.384395541583309353e+01,4.591962266484654265e+01
2.386396113175192824e+01,4.464743984337719951e+01
2.388396684767076295e+01,4.238587386037324478e+01
2.390397256358959766e+01,4.024089968448896570e+01
2.392397827950843237e+01,3.935965520109925819e+01
2.394398399542726708e+01,3.676858091496331582e+01
2.396398971134610179e+01,3.516244613167665278e+01
2.398399542726493294e+01,3.251999854873740503e+01
2.400400114318376765e+01,3.135502671045003353e+01
2.402400685910260236e+01,3.040297460454328871e+01
2.404401257502143352e+01,2.828245538584364027e+01
2.406401829094026823e+01,2.670357400707938567e+01
2.408402400685910294e+01,2.660480267436277657e+01
2.410402972277793765e+01,2.554899564729651473e+01
2.412403543869677236e+01,2.452151761876800862e+01
2.414404115461560707e+01,2.275751922635319602e+01
2.416404687053444178e+01,2.232769242138305543e+01
2.418405258645327294e+01,2.114279023695257465e+01
2.420405830237210765e+01,2.013689184278691613e+01
2.422406401829093880e+01,1.919995497986259281e+01
2.424406973420977351e+01,1.940888329868692352e+01
2.426407545012860822e+01,1.867792333797423510e+01
2.428408116604744293e+01,1.810039597530545308e+01
2.430408688196627764e+01,1.796346256786235074e+01
2.432409259788511235e+01,1.792343757716730579e+01
2.434409831380394706e+01,1.665700417349678375e+01
2.436410402972277822e+01,1.763739387056975971e+01
2.438410974564161293e+01,1.595790612510450579e+01
2.440411546156044409e+01,1.713306849294003342e+01
2.442412117747927880e+01,1.667695697090243456e+01
2.444412689339811351e+01,1.630042445740726009e+01
2.446413260931694822e+01,1.554477617316719318e+01
2.448413832523578293e+01,1.594221911287920967e+01
2.450414404115461764e+01,1.573731731525949940e+01
2.452414975707345235e+01,1.563104240208776119e+01
2.454415547299228351e+01,1.429970251518240865e+01
2.456416118891111822e+01,1.444155447482405918e+01
2.458416690482995293e+01,1.478940116921780401e+01
2.460417262074878408e+01,1.424061239839099713e+01
2.462417833666761879e+01,1.332714663340746952e+01
2.464418405258645350e+01,1.304910735954506151e+01
2.466418976850528821e+01,1.315658890741437759e+01
2.468419548442412292e+01,1.256470576461916089e+01
2.470420120034295763e+01,1.116041992972828645e+01
2.472420691626179234e+01,1.115723884167409530e+01
2.474421263218062350e+01,1.012067136762216890e+01
2.476421834809945821e+01,9.932952824719595952e+00
2.478422406401828937e+01,9.760100228002070111e+00
2.480422977993712408e+01,9.292224074388069965e+00
2.482423549585595879e+01,8.411354938273428061e+00
2.484424121177479350e+01,8.859270237880750187e+00
2.486424692769362821e+01,7.785990626091733979e+00
2.488425264361246292e+01,7.608368758198299275e+00
2.490425835953129763e+01,6.932300883608109032e+00
2.492426407545012879e+01,7.025789686381159527e+00
2.494426979136896350e+01,6.905114321633810448e+00
2.496427550728779821e+01,7.012670291749921958e+00
2.498428122320662936e+01,6.421148341600993348e+00
2.500428693912546407e+01,5.542745143351151427e+00
2.502429265504429878e+01,5.846699852121528096e+00
2.504429837096313349e+01,5.982476203502161027e+00
2.506430408688196820e+01,5.709828490667618439e+00
2.508430980280080291e+01,5.298892067666114869e+00
2.510431551871963762e+01,5.748677640686157275e+00
2.512432123463846878e+01,6.887505628459551943e+00
2.514432695055730349e+01,6.064297929139000232e+00
2.516433266647613465e+01,6.584029104348092076e+00
2.518433838239496936e+01,5.732341929746770148e+00
2.520434409831380407e+01,5.485808859767487888e+00
2.522434981423263878e+01,6.329846379058871264e+00
2.524435553015147349e+01,5.267814789806284814e+00
2.526436124607030820e+01,6.371969946751253389e+00
2.528436696198914291e+01,6.026660851363033089e+00
2.530437267790797407e+01,5.672666816243472354e+00
2.532437839382680878e+01,5.604217086502956136e+00
2.534438410974563993e+01,5.477104139883415712e+00
2.536438982566447464e+01,6.450643035286352855e+00
2.538439554158330935e+01,6.581057258717732950e+00
2.540440125750214406e+01,5.999028879131920178e+00
2.542440697342097877e+01,5.592082368928290137e+00
2.544441268933981348e+01,5.621230097846337870e+00
2.546441840525864819e+01,6.336257835864547161e+00
2.548442412117747935e+01,5.452927679936593108e+00
2.550442983709631406e+01,5.881399140943290860e+00
2.552443555301514877e+01,6.317268178676530788e+00
2.554444126893397993e+01,6.370037080880743829e+00
2.556444698485281464e+01,5.843339281052247536e+00
2.558445270077164935e+01,5.692640204304725060e+00
2.560445841669048406e+01,6.161596356508526995e+00
2.562446413260931877e+01,6.270501596652360732e+00
2.564446984852815348e+01,5.857835283111301194e+00
2.566447556444698819e+01,6.388954895723088612e+00
2.568448128036581934e+01,6.071014662919605342e+00
2.570448699628465405e+01,5.935456872124759364e+00
2.572449271220348521e+01,6.122867942047909295e+00
2.574449842812231992e+01,5.844217678803607541e+00
2.576450414404115463e+01,5.739979015935250395e+00
2.578450985995998934e+01,6.169620807995297440e+00
2.580451557587882405e+01,4.919465703067564810e+00
2.582452129179765876e+01,6.367175357546686953e+00
2.584452700771649347e+01,5.934246321360356902e+00
2.586453272363532463e+01,5.988972761171355685e+00
2.588453843955415934e+01,6.115956836851747624e+00
2.590454415547299405e+01,5.833005923344195764e+00
2.592454987139182521e+01,6.027142641713316706e+00
2.594455558731065992e+01,4.699142745591491810e+00
2.596456130322949463e+01,5.255772165925156614e+00
2.598456701914832934e+01,5.747661128961439658e+00
2.600457273506716405e+01,5.842850141803500819e+00
2.602457845098599520e+01,5.719641440409947819e+00
2.604458416690482991e+01,5.390040853920449848e+00
2.606458988282366462e+01,5.466438807424752966e+00
2.608459559874249933e+01,5.173472437064134510e+00
2.610460131466133404e+01,5.889142066230759198e+00
2.612460703058016520e+01,5.079515752557437480e+00
2.614461274649899991e+01,5.415442586440386563e+00
2.616461846241783462e+01,6.139194270323474534e+00
2.618462417833666933e+01,5.288447281486191365e+00
2.620462989425550404e+01,5.953677249593132714e+00
2.622463561017433520e+01,5.037961781735193156e+00
2.624464132609316991e+01,5.292591347754504127e+00
2.626464704201200462e+01,5.728470379245175437e+00
2.628465275793083933e+01,5.115582173642751584e+00
2.630465847384967049e+01,5.965654215298696883e+00
2.632466418976850520e+01,6.224523758442568777e+00
2.634466990568733991e+01,6.354968883934184021e+00
2.636467562160617462e+01,6.186678135567650116e+00
2.638468133752500933e+01,6.709427519398195372e+00
2.640468705344384048e+01,6.292693839079470663e+00
2.642469276936267519e+01,5.873095581352899330e+00
2.644469848528150990e+01,5.771785079154279074e+00
2.646470420120034461e+01,6.955110767566516472e+00
2.648470991711917932e+01,6.040013405597321139e+00
2.650471563303801048e+01,6.628564625100773711e+00
2.652472134895684519e+01,5.690025966204276031e+00
2.654472706487567990e+01,5.972322830635190982e+00
2.656473278079451461e+01,5.888112087894109337e+00
2.658473849671334932e+01,6.568551580782636456e+00
2.660474421263218048e+01,6.223873572106638719e+00
2.662474992855101519e+01,6.972469990887219637e+00
2.664475564446984990e+01,7.044661016767132189e+00
2.666476136038868461e+01,7.101199121992214813e+00
2.668476707630751577e+01,6.524585136381602979e+00
2.670477279222635048e+01,7.180192440899809014e+00
2.672477850814518519e+01,6.872413709532948722e+00
2.674478422406401990e+01,7.147795689103976002e+00
2.676478993998285461e+01,7.335004143366214535e+00
2.678479565590168576e+01,7.948175113102753819e+00
2.680480137182052047e+01,8.165980990307655674e+00
2.682480708773935518e+01,8.333045079619532558e+00
2.684481280365818989e+01,8.420066715357672038e+00
2.686481851957702460e+01,8.268719422760280935e+00
2.688482423549585576e+01,9.508159410187229099e+00
2.690482995141469047e+01,8.900122711646980989e+00
2.692483566733352518e+01,1.046563166812070023e+01
2.694484138325235989e+01,9.703642788846657652e+00
2.696484709917119105e+01,1.041102567596708361e+01
2.698485281509002576e+01,1.070211939218115660e+01
2.700485853100886047e+01,1.191749918377423612e+01
2.702486424692769518e+01,1.299282719929481189e+01
2.704486996284652989e+01,1.278443551454901339e+01
2.706487567876536104e+01,1.322945896936040100e+01
2.708488139468419575e+01,1.424465125639908969e+01
2.710488711060303046e+01,1.414432830092835403e+01
2.712489282652186517e+01,1.582766281405576692e+01
2.714489854244069988e+01,1.671716570237210320e+01
2.716490425835953104e+01,1.736782237526691830e+01
2.718490997427836575e+01,1.934261915593597791e+01
2.720491569019720046e+01,1.953036499591875241e+01
2.722492140611603517e+01,2.081174632755967480e+01
2.724492712203486633e+01,2.201421160934839349e+01
2.726493283795370104e+01,2.353272163949503692e+01
2.728493855387253575e+01,2.478882336019219323e+01
2.730494426979137046e+01,2.642592889323095307e+01
2.732494998571020517e+01,2.755966847336165770e+01
2.734495570162903633e+01,2.916108627103157147e+01
2.736496141754787104e+01,3.189704443530432343e+01
2.738496713346670575e+01,3.377177204361697704e+01
2.740497284938554046e+01,3.520884333653705767e+01
2.742497856530437517e+01,3.734583056992501326e+01
2.744498428122320632e+01,3.931091119477371620e+01
2.746498999714204103e+01,4.197146944815069958e+01
2.748499571306087574e+01,4.331766875551445395e+01
2.750500142897971045e+01,4.612897087017283582e+01
2.752500714489854516e+01,4.933681739784727682e+01
2.754501286081737632e+01,5.163808468062193668e+01
2.756501857673621103e+01,5.494594948932765277e+01
2.758502429265504574e+01,5.685665213418700148e+01
2.760503000857388045e+01,6.051558451405368544e+01
2.762503572449271161e+01,6.247055128146351421e+01
2.764504144041154632e+01,6.548910547351462696e+01
2.766504715633038103e+01,6.752304786013286275e+01
2.768505287224921574e+01,7.095113229979179437e+01
2.770505858816805045e+01,7.290059582544722616e+01
2.772506430408688161e+01,7.634099541723134053e+01
2.774507002000571632e+01,7.788776964130063618e+01
2.776507573592455103e+01,8.134179282699341229e+01
2.778508145184338574e+01,8.259904382503054876e+01
2.780508716776222045e+01,8.429959256822783686e+01
2.782509288368105160e+01,8.539459198150885300e+01
2.784509859959988631e+01,8.663587588709145848e+01
2.786510431551872102e+01,8.753799434982718708e+01
2.788511003143755573e+01,8.787078971937913252e+01
2.790511574735638689e+01,8.705649005373351201e+01
2.792512146327522160e+01,8.687580668957983221e+01
2.794512717919405631e+01,8.621829766334917622e+01
2.796513289511289102e+01,8.554626614695128239e+01
2.798513861103172573e+01,8.311071954382897786e+01
2.800514432695055689e+01,8.151730865792796976e+01
2.802515004286939160e+01,7.951171553724995533e+01
2.804515575878822631e+01,7.725617231999251544e+01
2.806516147470706102e+01,7.512611174831971539e+01
2.808516719062589573e+01,7.216141271324421780e+01
2.810517290654472689e+01,6.899553238854679194e+01
2.812517862246356160e+01,6.676629458870989708e+01
2.814518433838239631e+01,6.366182281984099234e+01
2.816519005430123102e+01,6.060293148911102890e+01
2.818519577022006217e+01,5.858030809591923571e+01
2.820520148613889688e+01,5.600018747329673374e+01
2.822520720205773159e+01,5.355953867546523384e+01
2.824521291797656630e+01,5.137671332861263807e+01
2.826521863389540101e+01,4.926252402145661335e+01
2.828522434981423217e+01,4.734351279681351343e+01
2.830523006573306688e+01,4.609403450527578627e+01
2.832523578165190159e+01,4.387347912124907623e+01
2.834524149757073630e+01,4.251401741091946462e+01
2.836524721348957101e+01,4.099642661211456840e+01
2.838525292940840217e+01,4.070320276568092766e+01
2.840525864532723688e+01,3.954220496891127823e+01
2.842526436124607159e+01,3.909772265070078845e+01
2.844527007716490630e+01,3.966577628303136294e+01
2.846527579308374101e+01,3.881487799806102856e+01
2.848528150900257216e+01,3.933950380069803998e+01
2.850528722492140687e+01,3.997431678302278613e+01
2.852529294084024158e+01,4.090816176187802000e+01
2.854529865675907629e+01,4.204371291824574541e+01
2.856530437267790745e+01,4.361318579334071188e+01
2.858531008859674216e+01,4.455315149493078763e+01
2.860531580451557687e+01,4.629495040473851475e+01
2.862532152043441158e+01,4.910219837867444426e+01
2.864532723635324629e+01,5.008958971893047618e+01
2.866533295227207745e+01,5.230771258899446252e+01
2.868533866819091216e+01,5.528928628415318514e+01
2.870534438410974687e+01,5.720894438945227023e+01
2.872535010002858158e+01,5.937642358685992861e+01
2.874535581594741629e+01,6.264424331943835966e+01
2.876536153186624745e+01,6.483052075791080426e+01
2.878536724778508216e+01,6.711366032673841175e+01
2.880537296370391687e+01,6.954413099020067079e+01
2.882537867962275158e+01,7.178545061522467563e+01
2.884538439554158273e+01,7.344766926841953136e+01
2.886539011146041744e+01,7.520235281280230311e+01
2.888539582737925215e+01,7.671363126817770706e+01
2.890540154329808686e+01,7.823568046995657710e+01
2.892540725921692157e+01,7.858353852147406826e+01
2.894541297513575273e+01,7.935487898636324644e+01
2.896541869105458744e+01,8.004799895605003712e+01
2.898542440697342215e+01,7.949829088456998250e+01
2.900543012289225686e+01,7.877993524051694862e+01
2.902543583881109157e+01,7.855503804651374367e+01
2.904544155472992273e+01,7.750245159626548741e+01
2.906544727064875744e+01,7.607954872651575329e+01
2.908545298656759215e+01,7.407838467555116324e+01
2.910545870248642686e+01,7.334056520276929803e+01
2.912546441840525802e+01,7.093294256444971779e+01
2.914547013432409273e+01,6.931433656294154844e+01
2.916547585024292744e+01,6.770029353304200015e+01
2.918548156616176215e+01,6.570733464206495000e+01
2.920548728208059686e+01,6.464686186692489400e+01
2.922549299799942801e+01,6.218383068015084802e+01
2.924549871391826272e+01,6.142650663209255413e+01
2.926550442983709743e+01,5.995518589610880156e+01
2.928551014575593214e+01,5.987572893102984040e+01
2.930551586167476685e+01,6.009347342116869584e+01
2.932552157759359801e+01,5.911383832824883200e+01
2.934552729351243272e+01,6.024364213827605852e+01
2.936553300943126743e+01,6.111798305317822866e+01
2.938553872535010214e+01,6.129385798390488560e+01
2.940554444126893330e+01,6.176617817903340324e+01
2.942555015718776801e+01,6.304564329255295263e+01
2.944555587310660272e+01,6.412071618308839049e+01
2.946556158902543743e+01,6.553042804465557936e+01
2.948556730494427214e+01,6.711182493440472285e+01
2.950557302086310330e+01,6.786859997691044555e+01
2.952557873678193801e+01,6.857789026825756196e+01
2.954558445270077272e+01,6.981274955983272434e+01
2.956559016861960743e+01,6.996560858282421691e+01
2.958559588453844214e+01,7.035704523977217661e+01
2.960560160045727329e+01,6.971165992341022388e+01
2.962560731637610800e+01,7.092813221946965996e+01
2.964561303229494271e+01,6.923826388540076948e+01
2.966561874821377742e+01,6.954200336654217551e+01
2.968562446413261213e+01,6.813944042556340719e+01
2.970563018005144329e+01,6.632619383983474393e+01
2.972563589597027800e+01,6.535964626648134868e+01
2.974564161188911271e+01,6.405834237073621296e+01
2.976564732780794742e+01,6.193742077215601682e+01
2.978565304372677858e+01,5.953172039279495209e+01
2.980565875964561329e+01,5.758604956800135000e+01
2.982566447556444800e+01,5.540413160724526165e+01
2.984567019148328271e+01,5.374071109621874598e+01
2.986567590740211742e+01,5.150311897977008613e+01
2.988568162332094857e+01,5.044264233658617513e+01
2.990568733923978328e+01,4.806891112186942649e+01
2.992569305515861799e+01,4.697141991633302638e+01
2.994569877107745270e+01,4.598796455720418663e+01
2.996570448699628741e+01,4.512962515881157799e+01
2.998571020291511857e+01,4.353951803513454877e+01
3.000571591883395328e+01,4.402080320765315946e+01
3.002572163475278799e+01,4.432547360736941755e+01
3.004572735067162270e+01,4.447600626472977581e+01
3.006573306659045386e+01,4.619753274434961554e+01
3.008573878250928857e+01,4.648375314611304532e+01
3.010574449842812328e+01,4.804424135722979372e+01
3.012575021434695799e+01,4.979437986438935582e+01
3.014575593026579270e+01,5.207528614605709549e+01
3.016576164618462386e+01,5.439484929504288147e+01
3.018576736210345857e+01,5.669792506542253108e+01
3.020577307802229328e+01,5.926618914734226706e+01
3.022577879394112799e+01,6.172443242763790749e+01
3.024578450985996270e+01,6.426737528045995873e+01
3.026579022577879385e+01,6.754128278543001329e+01
3.028579594169762856e+01,7.086502359930643991e+01
3.030580165761646327e+01,7.363737811641030362e+01
3.032580737353529798e+01,7.641254968155621441e+01
3.034581308945412914e+01,7.853367426337831603e+01
3.036581880537296385e+01,8.130051062882336055e+01
3.038582452129179856e+01,8.431210507269216237e+01
3.040583023721063327e+01,8.613812497497619347e+01
3.042583595312946798e+01,8.777622055677657897e+01
3.044584166904829914e+01,8.883257318226866062e+01
3.046584738496713385e+01,8.893978649791695545e+01
3.048585310088596856e+01,9.085938168457582265e+01
3.050585881680480327e+01,9.041896571626311641e+01
3.052586453272363798e+01,8.932661681216760030e+01
3.054587024864246914e+01,8.815635436069258901e+01
3.056587596456130385e+01,8.595784605079792584e+01
3.058588168048013856e+01,8.377426077851099251e+01
3.060588739639897327e+01,8.068373276297496943e+01
3.062589311231780798e+01,7.747080109947327742e+01
3.064589882823663913e+01,7.461532866280396092e+01
3.066590454415547384e+01,7.146201795420836334e+01
3.068591026007430855e+01,6.670753879987145751e+01
3.070591597599314326e+01,6.246984678869715424e+01
3.072592169191197442e+01,5.743629714498548111e+01
3.074592740783080913e+01,5.374074127965516823e+01
3.076593312374964384e+01,4.912141503431165290e+01
3.078593883966847855e+01,4.468388912640285326e+01
3.080594455558731326e+01,4.038778435962811386e+01
3.082595027150614442e+01,3.672713212681082240e+01
3.084595598742497913e+01,3.255392592303811483e+01
3.086596170334381384e+01,3.030995698305548558e+01
3.088596741926264855e+01,2.653033183999930600e+01
3.090597313518148326e+01,2.434410092164263517e+01
3.092597885110031442e+01,2.272107531858527096e+01
3.094598456701914913e+01,1.994252070531722154e+01
3.096599028293798384e+01,1.902965772365020669e+01
3.098599599885681855e+01,1.867844365166283893e+01
3.100600171477564970e+01,1.696468481285220520e+01
3.102600743069448441e+01,1.645633309277399547e+01
3.104601314661331912e+01,1.620580504324430038e+01
3.106601886253215383e+01,1.542040954284919607e+01
3.108602457845098854e+01,1.475042469308938209e+01
3.110603029436981970e+01,1.435697108344598050e+01
3.112603601028865441e+01,1.477798430975031252e+01
3.114604172620748912e+01,1.467880963557896301e+01
3.116604744212632383e+01,1.574540465527138089e+01
3.118605315804515854e+01,1.530851621232911519e+01
3.120605887396398970e+01,1.541288910331060436e+01
3.122606458988282441e+01,1.548937124974833068e+01
3.124607030580165912e+01,1.555816372318222562e+01
3.126607602172049383e+01,1.590210094106931749e+01
3.128608173763932498e+01,1.629789509942609982e+01
3.130608745355815969e+01,1.655493488723217865e+01
3.132609316947699440e+01,1.570342725851466170e+01
3.134609888539582911e+01,1.719271504954722474e+01
3.136610460131466382e+01,1.678532713181873604e+01
3.138611031723349498e+01,1.727341672909419756e+01
3.140611603315232969e+01,1.701163947619616579e+01
3.142612174907116440e+01,1.647228917457042741e+01
3.144612746498999911e+01,1.702435884610584083e+01
3.146613318090883382e+01,1.696515587285031401e+01
3.148613889682766498e+01,1.719645058175508012e+01
3.150614461274649969e+01,1.763880680758648367e+01
3.152615032866533440e+01,1.697612963603254954e+01
3.154615604458416911e+01,1.727443537244592520e+01
3.156616176050300382e+01,1.822561167379440406e+01
3.158616747642183498e+01,1.758665805872327681e+01
3.160617319234066969e+01,1.793116786630295323e+01
3.162617890825950440e+01,1.852068472717636638e+01
3.164618462417833911e+01,1.814372983702703834e+01
3.166619034009717026e+01,1.904378836329805225e+01
3.168619605601600497e+01,1.863934687004186230e+01
3.170620177193483968e+01,1.949781488402325991e+01
3.172620748785367439e+01,2.048792768682631760e+01
3.174621320377250910e+01,2.038683760983691329e+01
3.176621891969134026e+01,2.117408138741684098e+01
3.178622463561017497e+01,2.151550750511368193e+01
3.180623035152900968e+01,2.180780556061357345e+01
3.182623606744784439e+01,2.261283260128738704e+01
3.184624178336667910e+01,2.305993244324926650e+01
3.186624749928551026e+01,2.278414428976860151e+01
3.188625321520434497e+01,2.357342478604238067e+01
3.190625893112317968e+01,2.399079041215786390e+01
3.192626464704201439e+01,2.458222072648798218e+01
3.194627036296084555e+01,2.461679125739824769e+01
3.196627607887968026e+01,2.525378874424050224e+01
3.198628179479851497e+01,2.553560232582772471e+01
3.200628751071734968e+01,2.409118794384034601e+01
3.202629322663618439e+01,2.465766341367169190e+01
3.204629894255501199e+01,2.449277458277214947e+01
3.206630465847385381e+01,2.356677399437872111e+01
3.208631037439268141e+01,2.346381643979905363e+01
3.210631609031152323e+01,2.203567566844794001e+01
3.212632180623035083e+01,2.175055701212777848e+01
3.214632752214918554e+01,2.108647323232121096e+01
3.216633323806802025e+01,2.036082586103071179e+01
3.218633895398685496e+01,2.045245179835614735e+01
3.220634466990568967e+01,2.019532719804037768e+01
3.222635038582451728e+01,1.891060730596869277e+01
3.224635610174335909e+01,1.824440399677783375e+01
3.226636181766218670e+01,1.753724290778795591e+01
3.228636753358102851e+01,1.675087021247083996e+01
3.230637324949985612e+01,1.585251637194785346e+01
3.232637896541869083e+01,1.518268590565626042e+01
3.234638468133752554e+01,1.432191913188484378e+01
3.236639039725636025e+01,1.329579631800930173e+01
3.238639611317519496e+01,1.363440955322704617e+01
3.240640182909402967e+01,1.298102244608924316e+01
3.242640754501286438e+01,1.290175778729600253e+01
3.244641326093169198e+01,1.283690717905488299e+01
3.246641897685053380e+01,1.228442107571626352e+01
3.248642469276936140e+01,1.336370908434586369e+01
3.250643040868819611e+01,1.280093235576713795e+01
3.252643612460703082e+01,1.258843177270757785e+01
3.254644184052586553e+01,1.299298295131272418e+01
3.256644755644470024e+01,1.342649353091751507e+01
3.258645327236353495e+01,1.424558444347133701e+01
3.260645898828236966e+01,1.408016761218710577e+01
3.262646470420119726e+01,1.474182138910404483e+01
3.264647042012003908e+01,1.627996388119110804e+01
3.266647613603886668e+01,1.540889729998619728e+01
3.268648185195770850e+01,1.681856435489296331e+01
3.270648756787653610e+01,1.762730176561505147e+01
3.272649328379537081e+01,1.888486267676934460e+01
3.274649899971420552e+01,1.864419012668736286e+01
3.276650471563304023e+01,1.949227038447943272e+01
3.278651043155187494e+01,2.024287965887247864e+01
3.280651614747070255e+01,2.117077525946611516e+01
3.282652186338954436e+01,2.244787087635092249e+01
3.284652757930837197e+01,2.342077619645158038e+01
3.286653329522721378e+01,2.353458267498085377e+01
3.288653901114604139e+01,2.568988508246123104e+01
3.290654472706487610e+01,2.685186604932756183e+01
3.292655044298371081e+01,2.798589565884946850e+01
3.294655615890254552e+01,2.818105676552266914e+01
3.296656187482138023e+01,2.971009681108548506e+01
3.298656759074020783e+01,3.094474688345329128e+01
3.300657330665904965e+01,3.123702883490856408e+01
3.302657902257787725e+01,3.372186469262968700e+01
3.304658473849671907e+01,3.442607672320762902e+01
3.306659045441554667e+01,3.551350795065540211e+01
3.308659617033438138e+01,3.736179704855794625e+01
3.310660188625321609e+01,3.920685983975795352e+01
3.312660760217205080e+01,3.967983384682018766e+01
3.314661331809088551e+01,4.177876777542139308e+01
3.316661903400971312e+01,4.311290554306533807e+01
3.318662474992855493e+01,4.429687319783775479e+01
3.320663046584738254e+01,4.532682598547475550e+01
3.322663618176622435e+01,4.670117013907450598e+01
3.324664189768505196e+01,4.814758794884387783e+01
3.326664761360388667e+01,4.924508062630422955e+01
3.328665332952272138e+01,5.051786139231895589e+01
3.330665904544155609e+01,5.157086930309852590e+01
3.332666476136039080e+01,5.371726667827900314e+01
3.334667047727922551e+01,5.444123993935323824e+01
3.336667619319806022e+01,5.382801431522136681e+01
3.338668190911688782e+01,5.535136044438208813e+01
3.340668762503572964e+01,5.508811793086313457e+01
3.342669334095455724e+01,5.617844227298064652e+01
3.344669905687339195e+01,5.508770388958524222e+01
3.346670477279222666e+01,5.553556397580950943e+01
3.348671048871106137e+01,5.478563318957672834e+01
3.350671620462989608e+01,5.465812655301337486e+01
3.352672192054873079e+01,5.368833328134542171e+01
3.354672763646756550e+01,5.220280917968631940e+01
3.356673335238639311e+01,5.073249991838737571e+01
3.358673906830523492e+01,4.863340716695901733e+01
3.360674478422406253e+01,4.666638282037253305e+01
3.362675050014290434e+01,4.584078028094558022e+01
3.364675621606173195e+01,4.314017768977299028e+01
3.366676193198056666e+01,4.121796270881331736e+01
3.368676764789940137e+01,3.905053415440532660e+01
3.370677336381823608e+01,3.654947552289827684e+01
3.372677907973707079e+01,3.318629946371773087e+01
3.374678479565589839e+01,3.244740768237473105e+01
3.376679051157474021e+01,2.944352448590817062e+01
3.378679622749356781e+01,2.763631507035614376e+01
3.380680194341240963e+01,2.567085544073702863e+01
3.382680765933123723e+01,2.371275735516952210e+01
3.384681337525007194e+01,2.113696304368884427e+01
3.386681909116890665e+01,1.998594719348125537e+01
3.388682480708774136e+01,1.847832452358232302e+01
3.390683052300657607e+01,1.768964800382251568e+01
3.392683623892540368e+01,1.641258594660906311e+01
3.394684195484424549e+01,1.583197884029519109e+01
3.396684767076307310e+01,1.572266130286649499e+01
3.398685338668191491e+01,1.466593723308493935e+01
3.400685910260074252e+01,1.407007625075256918e+01
3.402686481851957723e+01,1.295102093216274497e+01
3.404687053443841194e+01,1.252463485425293399e+01
3.406687625035724665e+01,1.322676309387937543e+01
3.408688196627608136e+01,1.337247153354115881e+01
3.410688768219490896e+01,1.316165778485209792e+01
3.412689339811375078e+01,1.398096758591834465e+01
3.414689911403257838e+01,1.392465350810750024e+01
3.416690482995142020e+01,1.425449938742098865e+01
3.418691054587024780e+01,1.463275336302729812e+01
3.420691626178908251e+01,1.457544199559676912e+01
3.422692197770791722e+01,1.518772721532559800e+01
3.424692769362675193e+01,1.571760862931402691e+01
3.426693340954558664e+01,1.569549997331113289e+01
3.428693912546442135e+01,1.563409716591150200e+01
3.430694484138325606e+01,1.770154698432448370e+01
3.432695055730208367e+01,1.755823353495254580e+01
3.434695627322092548e+01,1.856417668150720957e+01
3.436696198913975309e+01,1.914681732086374311e+01
3.438696770505858780e+01,1.997377234560044101e+01
3.440697342097742251e+01,2.089063419206290462e+01
3.442697913689625722e+01,2.072103226348220062e+01
3.444698485281509193e+01,2.221881559889918378e+01
3.446699056873392664e+01,2.298902892142104193e+01
3.448699628465276135e+01,2.419455724853914091e+01
3.450700200057158895e+01,2.483462090366444386e+01
3.452700771649043077e+01,2.679351086534351367e+01
3.454701343240925837e+01,2.810975424018095481e+01
3.456701914832810019e+01,2.914361426624810747e+01
3.458702486424692779e+01,3.025419723177186881e+01
3.460703058016576250e+01,3.246669926445523657e+01
3.462703629608459721e+01,3.456467876207396728e+01
3.464704201200343192e+01,3.648475972935065670e+01
3.466704772792226663e+01,3.877464603530413711e+01
3.468705344384109424e+01,4.085344810113110725e+01
3.470705915975993605e+01,4.370461813912496751e+01
3.472706487567876366e+01,4.599775949783437312e+01
3.474707059159760547e+01,4.846005346453851814e+01
3.476707630751643308e+01,5.116210444820787018e+01
3.478708202343526779e+01,5.422397250416425862e+01
3.480708773935410250e+01,5.739505798791743985e+01
3.482709345527293721e+01,6.035944449714008186e+01
3.484709917119177192e+01,6.345701003985936950e+01
3.486710488711059952e+01,6.704875708039008941e+01
3.488711060302944134e+01,7.048127993817658421e+01
3.490711631894826894e+01,7.339268926789742409e+01
3.492712203486711076e+01,7.565706236270781915e+01
3.494712775078593836e+01,7.859657577176898258e+01
3.496713346670477307e+01,8.023565212723150353e+01
3.498713918262360778e+01,8.328917778268359484e+01
3.500714489854244249e+01,8.442052153764873879e+01
3.502715061446127720e+01,8.433863720414930754e+01
3.504715633038010481e+01,8.513116265507480307e+01
3.506716204629894662e+01,8.467275925884707988e+01
3.508716776221777423e+01,8.307945200039603151e+01
3.510717347813661604e+01,8.161240664541678314e+01
3.512717919405544365e+01,7.946040569652799945e+01
3.514718490997427836e+01,7.575910108279794031e+01
3.516719062589311307e+01,7.196299440778462042e+01
3.518719634181194778e+01,6.825324469802745853e+01
3.520720205773078249e+01,6.395814810025875374e+01
3.522720777364961720e+01,5.919008185031566427e+01
3.524721348956845191e+01,5.388532220980751930e+01
3.526721920548727951e+01,4.907339880261820042e+01
3.528722492140612133e+01,4.387105887489323663e+01
3.530723063732494893e+01,3.986818466283391160e+01
3.532723635324378364e+01,3.578170202144014667e+01
3.534724206916261835e+01,3.099827630725225447e+01
3.536724778508145306e+01,2.848947860702093493e+01
3.538725350100028777e+01,2.421788568538403297e+01
3.540725921691912248e+01,2.255000319394429908e+01
3.542726493283795719e+01,2.027829343487515956e+01
3.544727064875678479e+01,1.855047705002840530e+01
3.546727636467562661e+01,1.604004028159586781e+01
3.548728208059445421e+01,1.512837187235995273e+01
3.550728779651329603e+01,1.539757567593823495e+01
3.552729351243212363e+01,1.373698632479127824e+01
3.554729922835095834e+01,1.325678789830386961e+01
3.556730494426979305e+01,1.262916862505143456e+01
3.558731066018862776e+01,1.310563070724882451e+01
3.560731637610746247e+01,1.258175778732863037e+01
3.562732209202629008e+01,1.234301128332728936e+01
3.564732780794513189e+01,1.296662747147680150e+01
3.566733352386395950e+01,1.202198269141770659e+01
3.568733923978280131e+01,1.253754480413707206e+01
3.570734495570162892e+01,1.243311028561814169e+01
3.572735067162046363e+01,1.314158365817097085e+01
3.574735638753929834e+01,1.317846413551524165e+01
3.576736210345813305e+01,1.301706565859498177e+01
3.578736781937696776e+01,1.395379941107093202e+01
3.580737353529579536e+01,1.412592733918621946e+01
3.582737925121463718e+01,1.416575611711137128e+01
3.584738496713346478e+01,1.478462038635771947e+01
3.586739068305230660e+01,1.525796190181219103e+01
3.588739639897113420e+01,1.607026027476658570e+01
3.590740211488996891e+01,1.617057931864768605e+01
3.592740783080880362e+01,1.675861254498485664e+01
3.594741354672763833e+01,1.806166216978995820e+01
3.596741926264647304e+01,1.724710260967488296e+01
3.598742497856530065e+01,1.881124794224724539e+01
3.600743069448414246e+01,1.982009678030730981e+01
3.602743641040297007e+01,1.910856789943330725e+01
3.604744212632181188e+01,2.057498614611174048e+01
3.606744784224063949e+01,2.008559244070861638e+01
3.608745355815947420e+01,2.153509933912674512e+01
3.610745927407830891e+01,2.176561038953541427e+01
3.612746498999714362e+01,2.282751888520784789e+01
3.614747070591597833e+01,2.396626475913271648e+01
3.616747642183481304e+01,2.380732862589222876e+01
3.618748213775364775e+01,2.447831859073335181e+01
3.620748785367247535e+01,2.482970702791401152e+01
3.622749356959131717e+01,2.557529509804469825e+01
3.624749928551014477e+01,2.592749197742426048e+01
3.626750500142897948e+01,2.599143825347796621e+01
3.628751071734781419e+01,2.516526095050950929e+01
3.630751643326664890e+01,2.504932871008761097e+01
3.632752214918548361e+01,2.529864441305326039e+01
3.634752786510431832e+01,2.579318989894628800e+01
3.636753358102315303e+01,2.474109081440604285e+01
3.638753929694198064e+01,2.510695569604672883e+01
3.640754501286082245e+01,2.428967041980740404e+01
3.642755072877965006e+01,2.383321040980179006e+01
3.644755644469849187e+01,2.400631963019032611e+01
3.646756216061731948e+01,2.271594162780055726e+01
3.648756787653615419e+01,2.229258546077839753e+01
3.650757359245498890e+01,2.127845801555362826e+01
3.652757930837382361e+01,2.122021133691012906e+01
3.654758502429265832e+01,2.045269648189371026e+01
3.656759074021148592e+01,1.961896380262049888e+01
3.658759645613032774e+01,1.948780690211513544e+01
3.660760217204915534e+01,1.866338544256448273e+01
3.662760788796799716e+01,1.720589755632902040e+01
3.664761360388682476e+01,1.671453377290787046e+01
3.666761931980565947e+01,1.622041757254880778e+01
3.668762503572449418e+01,1.575731986495520154e+01
3.670763075164332889e+01,1.520523728555678744e+01
3.672763646756216360e+01,1.379712919009946503e+01
3.674764218348099121e+01,1.379243845875269514e+01
3.676764789939983302e+01,1.423437194131535222e+01
3.678765361531866063e+01,1.296254593355127938e+01
3.680765933123750244e+01,1.314176429478442643e+01
3.682766504715633005e+01,1.310558777384397189e+01
3.684767076307516476e+01,1.297141373638481099e+01
3.686767647899399947e+01,1.238107124770525758e+01
3.688768219491283418e+01,1.305640068923906227e+01
3.690768791083166889e+01,1.221825426580116059e+01
3.692769362675049649e+01,1.198664048488897826e+01
3.694769934266933831e+01,1.268202713462740405e+01
3.696770505858816591e+01,1.308724139931950958e+01
3.698771077450700773e+01,1.170862008312568392e+01
3.700771649042583533e+01,1.294470538283849237e+01
3.702772220634467004e+01,1.344612720492385805e+01
3.704772792226350475e+01,1.321900086663677953e+01
3.706773363818233946e+01,1.356290680755588696e+01
3.708773935410117417e+01,1.324407853680742519e+01
3.710774507002000888e+01,1.274958338633094712e+01
3.712775078593884359e+01,1.211672488680476079e+01
3.714775650185767120e+01,1.247087739050061117e+01
3.716776221777651301e+01,1.183940382447998374e+01
3.718776793369534062e+01,1.229813288649324576e+01
3.720777364961417533e+01,1.166548806437353036e+01
3.722777936553301004e+01,1.128777510929891648e+01
3.724778508145184475e+01,1.249021594944488633e+01
3.726779079737067946e+01,1.167430457667465937e+01
3.728779651328951417e+01,1.195288129290172918e+01
3.730780222920834888e+01,1.115262126867420100e+01
3.732780794512717648e+01,1.125906321116192288e+01
3.734781366104601830e+01,1.136272091965917674e+01
3.736781937696484590e+01,1.039966310647540659e+01
3.738782509288368772e+01,1.055073662061587214e+01
3.740783080880251532e+01,1.014127514051293844e+01
3.742783652472135003e+01,9.953698300496590434e+00
3.744784224064018474e+01,9.033913333736766305e+00
3.746784795655901945e+01,1.011148052930232311e+01
3.748785367247785416e+01,9.095185948354895800e+00
3.750785938839668177e+01,8.823044567597932542e+00
3.752786510431552358e+01,9.296875635009314465e+00
3.754787082023435119e+01,8.621720680024729688e+00
3.756787653615319300e+01,8.846319816375624256e+00
3.758788225207202061e+01,9.415327915120911939e+00
3.760788796799085532e+01,8.936651533627880895e+00
3.762789368390969003e+01,8.577522440428657191e+00
3.764789939982852474e+01,9.309933783999735368e+00
3.766790511574735945e+01,9.221283608972669299e+00
3.768791083166618705e+01,9.392791957938841918e+00
3.770791654758502887e+01,9.063403148336508508e+00
3.772792226350385647e+01,1.008813873766583669e+01
3.774792797942269829e+01,9.173446375033659450e+00
3.776793369534152589e+01,9.865492102983866474e+00
3.778793941126036060e+01,9.965407917706299301e+00
3.780794512717919531e+01,1.014667565931026161e+01
3.782795084309803002e+01,1.018012163287860261e+01
3.784795655901686473e+01,9.969592648463242668e+00
3.786796227493569234e+01,1.135702958324619338e+01
3.788796799085453415e+01,1.048984900653685060e+01
3.790797370677336176e+01,1.130406920628516687e+01
3.792797942269220357e+01,1.074742370741142494e+01
3.794798513861103118e+01,1.070272143945317467e+01
3.796799085452986589e+01,1.117980137244472338e+01
3.798799657044870060e+01,1.151513766153580320e+01
3.800800228636753531e+01,1.041594412440570494e+01
3.802800800228637002e+01,1.128233315725798747e+01
3.804801371820520473e+01,1.150881924677674917e+01
3.806801943412403944e+01,1.019647827163636222e+01
3.808802515004286704e+01,1.050229921226881658e+01
3.810803086596170886e+01,1.048098973499805453e+01
3.812803658188053646e+01,9.842950614214444727e+00
3.814804229779937117e+01,1.024260431403623706e+01
3.816804801371820588e+01,1.007929962864047368e+01
3.818805372963704059e+01,9.963000083329685452e+00
3.820805944555587530e+01,1.026704527036455161e+01
3.822806516147471001e+01,9.936539284922723425e+00
3.824807087739354472e+01,8.837448977416972440e+00
3.826807659331237232e+01,8.727796043220319433e+00
3.828808230923121414e+01,8.851944601197253348e+00
3.830808802515004174e+01,8.365474010873764854e+00
3.832809374106888356e+01,8.681509898417637316e+00
3.834809945698771116e+01,8.595118038332685728e+00
3.836810517290654587e+01,8.200266537559652846e+00
3.838811088882538058e+01,8.783762568250633507e+00
3.840811660474421529e+01,8.420428058565688545e+00
3.842812232066305000e+01,8.413077207193881080e+00
3.844812803658187761e+01,8.088508423709319217e+00
3.846813375250071942e+01,8.079096885716319676e+00
3.848813946841954703e+01,7.285792537206011943e+00
3.850814518433838884e+01,8.036845496372809095e+00
3.852815090025721645e+01,7.879540683641238275e+00
3.854815661617605116e+01,8.420005281835006627e+00
3.856816233209488587e+01,8.235836169928894890e+00
3.858816804801372058e+01,7.633730333362898079e+00
3.860817376393255529e+01,7.789626283462879996e+00
3.862817947985138289e+01,8.442400064149339300e+00
3.864818519577022471e+01,7.972947289699241935e+00
3.866819091168905231e+01,7.380982890516211370e+00
3.868819662760789413e+01,8.261306537377313575e+00
3.870820234352672173e+01,8.436787810547905053e+00
3.872820805944555644e+01,7.977495538100972894e+00
3.874821377536439115e+01,7.765405035189536065e+00
3.876821949128322586e+01,7.748534149236873780e+00
3.878822520720206057e+01,7.559268119676178621e+00
3.880823092312088818e+01,7.548870128223952314e+00
3.882823663903972999e+01,7.841954127626073578e+00
3.884824235495855760e+01,8.394842520804576935e+00
3.886824807087739941e+01,8.829089449491000607e+00
3.888825378679622702e+01,8.911337645359349580e+00
3.890825950271506173e+01,8.510418586087244108e+00
3.892826521863389644e+01,9.192986758878722853e+00
3.894827093455273115e+01,9.936508664478900243e+00
3.896827665047156586e+01,9.694601642975639422e+00
3.898828236639040057e+01,1.133009701416368387e+01
3.900828808230923528e+01,1.093868187700969585e+01
3.902829379822806288e+01,1.173163721484239730e+01
3.904829951414690470e+01,1.217298723082446621e+01
3.906830523006573230e+01,1.306495240599143592e+01
3.908831094598456701e+01,1.297257720251279345e+01
3.910831666190340172e+01,1.455849431425400553e+01
3.912832237782223643e+01,1.521821603139940571e+01
3.914832809374107114e+01,1.508406014772698533e+01
3.916833380965990585e+01,1.594297998747564549e+01
3.918833952557874056e+01,1.633156136031414363e+01
3.920834524149756817e+01,1.775264339212144193e+01
3.922835095741640998e+01,1.754736535949789555e+01
3.924835667333523759e+01,1.856482188611266793e+01
3.926836238925407940e+01,1.923836677825757846e+01
3.928836810517290701e+01,2.023940005258215535e+01
3.930837382109174172e+01,2.040664714891029519e+01
3.932837953701057643e+01,2.100233424441825036e+01
3.934838525292941114e+01,2.117867399507601078e+01
3.936839096884824585e+01,2.086497232009861946e+01
3.938839668476707345e+01,2.172348830754330962e+01
3.940840240068591527e+01,2.189261444806490431e+01
3.942840811660474287e+01,2.136438363967528886e+01
3.944841383252358469e+01,2.121157642773404461e+01
3.946841954844241229e+01,2.165208845900385271e+01
3.948842526436124700e+01,2.068239238095149091e+01
3.950843098028008171e+01,2.030306220725029931e+01
3.952843669619891642e+01,2.027644128333381346e+01
3.954844241211775113e+01,2.115716959463592062e+01
3.956844812803657874e+01,1.966004552512533721e+01
3.958845384395542055e+01,1.846672449985095454e+01
3.960845955987424816e+01,1.797229128699581935e+01
3.962846527579308997e+01,1.793979664436326971e+01
3.964847099171191758e+01,1.724458388790876739e+01
3.966847670763075229e+01,1.638972675543472590e+01
3.968848242354958700e+01,1.490776165332054859e+01
3.970848813946842171e+01,1.442464227880627803e+01
3.972849385538725642e+01,1.345972464582612105e+01
3.974849957130608402e+01,1.352132076896187662e+01
3.976850528722492584e+01,1.267319753102605162e+01
3.978851100314375344e+01,1.239833428658832304e+01
3.980851671906259526e+01,1.230561138641897045e+01
3.982852243498142286e+01,1.145022599894744531e+01
3.984852815090025757e+01,1.056576323813975549e+01
3.986853386681909228e+01,1.161903759492608224e+01
3.988853958273792699e+01,1.067401657184563568e+01
3.990854529865676170e+01,1.034381884743667968e+01
3.992855101457559641e+01,1.137388001934054316e+01
3.994855673049443112e+01,1.093301717375075377e+01
3.996856244641325873e+01,1.078899241891368987e+01
3.998856816233210054e+01,1.122990007536602874e+01
4.000857387825092815e+01,1.225379645261782713e+01
4.002857959416976286e+01,1.255410632407713223e+01
4.004858531008859757e+01,1.252335685323534520e+01
4.006859102600743228e+01,1.283936657000012715e+01
4.008859674192626699e+01,1.305147397821051491e+01
4.010860245784510170e+01,1.396365038680444925e+01
4.012860817376393641e+01,1.446187015707229762e+01
4.014861388968276401e+01,1.378897075856866117e+01
4.016861960560160583e+01,1.432265165078933578e+01
4.018862532152043343e+01,1.428697985272119197e+01
4.020863103743927525e+01,1.475032692885173269e+01
4.022863675335810285e+01,1.530604812512870794e+01
4.024864246927693756e+01,1.606491648088351454e+01
4.026864818519577227e+01,1.507199127843172448e+01
4.028865390111460698e+01,1.662114543786925225e+01
4.030865961703344169e+01,1.628278809494763379e+01
4.032866533295226930e+01,1.639704244129199040e+01
4.034867104887111111e+01,1.600753149002681397e+01
4.036867676478993872e+01,1.626301456446984872e+01
4.038868248070878053e+01,1.687047886783589234e+01
4.040868819662760814e+01,1.737358969222739447e+01
4.042869391254644285e+01,1.649940222026867076e+01
4.044869962846527756e+01,1.563301151581040571e+01
4.046870534438411227e+01,1.537691960091403942e+01
4.048871106030294698e+01,1.567431262777010659e+01
4.050871677622177458e+01,1.606427144373578386e+01
4.052872249214061640e+01,1.544856405814670808e+01
4.054872820805944400e+01,1.497699340419462466e+01
4.056873392397828582e+01,1.470524624894174615e+01
4.058873963989711342e+01,1.527071671634760008e+01
4.060874535581594813e+01,1.501007390506864070e+01
4.062875107173478284e+01,1.446006571793381035e+01
4.064875678765361755e+01,1.371714118399408378e+01
4.066876250357245226e+01,1.412602265803972124e+01
4.068876821949127986e+01,1.495085566417696477e+01
4.070877393541012168e+01,1.455171276636153976e+01
4.072877965132894929e+01,1.458114721599741870e+01
4.074878536724779110e+01,1.544397090545204065e+01
4.076879108316661871e+01,1.501999203068258382e+01
4.078879679908545342e+01,1.599691727974132860e+01
4.080880251500428813e+01,1.616371093825516780e+01
4.082880823092312284e+01,1.681679243540519764e+01
4.084881394684195755e+01,1.761611223056130981e+01
4.086881966276079226e+01,1.818689742262748510e+01
4.088882537867962697e+01,1.897633166869474053e+01
4.090883109459845457e+01,2.037998776166303116e+01
4.092883681051729639e+01,2.098865447401841777e+01
4.094884252643612399e+01,2.288261529055989740e+01
4.096884824235495870e+01,2.409321037251093500e+01
4.098885395827379341e+01,2.467845965988459511e+01
4.100885967419262812e+01,2.501857463535464632e+01
4.102886539011146283e+01,2.786177272673223371e+01
4.104887110603029754e+01,2.838693643308241832e+01
4.106887682194913225e+01,3.014367802384174055e+01
4.108888253786795985e+01,3.078406057278944985e+01
4.110888825378680167e+01,3.306327144440038523e+01
4.112889396970562927e+01,3.382261647782269876e+01
4.114889968562447109e+01,3.598249345698508250e+01
4.116890540154329869e+01,3.710359710447480097e+01
4.118891111746213340e+01,3.895191111646124682e+01
4.120891683338096811e+01,3.897194473046349117e+01
4.122892254929980282e+01,4.141390283765993274e+01
4.124892826521863753e+01,4.254244542825648523e+01
4.126893398113746514e+01,4.342378704538089806e+01
4.128893969705630695e+01,4.481341024229176639e+01
4.130894541297513456e+01,4.517980200737559926e+01
4.132895112889397637e+01,4.594240639597651921e+01
4.134895684481280398e+01,4.556041080578705760e+01
4.136896256073163869e+01,4.647375889753584488e+01
4.138896827665047340e+01,4.587652713381196179e+01
4.140897399256930811e+01,4.549648706009396193e+01
4.142897970848814282e+01,4.463494584473998827e+01
4.144898542440697042e+01,4.468850894222508430e+01
4.146899114032581224e+01,4.378242941607553718e+01
4.148899685624463984e+01,4.141697095815990082e+01
4.150900257216348166e+01,4.147870279264012083e+01
4.152900828808230926e+01,3.961678078066221076e+01
4.154901400400114397e+01,3.789121184282428345e+01
4.156901971991997868e+01,3.712924345260308456e+01
4.158902543583881339e+01,3.588650195788267183e+01
4.160903115175764810e+01,3.388793066319519198e+01
4.162903686767647571e+01,3.286495660620281711e+01
4.164904258359531752e+01,3.017952025249771708e+01
4.166904829951414513e+01,2.953399833838030730e+01
4.168905401543298694e+01,2.786108621855544953e+01
4.170905973135181455e+01,2.623127864847560176e+01
4.172906544727064926e+01,2.523823453231212000e+01
4.174907116318948397e+01,2.321638373113163922e+01
4.176907687910831868e+01,2.237618521870878041e+01
4.178908259502715339e+01,2.238951084951308701e+01
4.180908831094598810e+01,2.089963265050799279e+01
4.182909402686482281e+01,2.041690995015650500e+01
4.184909974278365041e+01,1.914014930925013047e+01
4.186910545870249223e+01,1.967702680362520340e+01
4.188911117462131983e+01,1.916723193142363613e+01
4.190911689054015454e+01,1.900638530906636703e+01
4.192912260645898925e+01,1.798261016355144548e+01
4.194912832237782396e+01,1.880442094639565909e+01
4.196913403829665867e+01,1.900680063542721143e+01
4.198913975421549338e+01,1.945900206774897612e+01
4.200914547013432809e+01,1.925870564619266645e+01
4.202915118605316280e+01,1.991253125471474306e+01
4.204915690197199041e+01,1.938331897119293146e+01
4.206916261789082512e+01,1.949048825298835652e+01
4.208916833380965983e+01,2.054374023298947805e+01
4.210917404972849454e+01,1.997960973417486485e+01
4.212917976564732925e+01,2.124360296118812030e+01
4.214918548156616396e+01,2.217730097492835739e+01
4.216919119748499867e+01,2.137277402844179619e+01
4.218919691340383338e+01,2.268541428786009817e+01
4.220920262932266809e+01,2.307647111741782453e+01
4.222920834524150280e+01,2.379093404917979626e+01
4.224921406116033040e+01,2.389225104303725189e+01
4.226921977707916511e+01,2.489387232927433047e+01
4.228922549299799982e+01,2.628888328523234819e+01
4.230923120891683453e+01,2.736148429924583425e+01
4.232923692483566924e+01,2.797796450545234848e+01
4.234924264075450395e+01,2.971030317072233373e+01
4.236924835667333866e+01,2.888360552018833616e+01
4.238925407259217337e+01,3.077848836036554658e+01
4.240925978851100808e+01,3.046914551511151714e+01
4.242926550442983569e+01,3.233801065231313032e+01
4.244927122034867040e+01,3.182313981868917807e+01
4.246927693626750511e+01,3.324341732737450883e+01
4.248928265218633982e+01,3.350824036133067807e+01
4.250928836810517453e+01,3.341888941672986846e+01
4.252929408402400924e+01,3.382709166243882493e+01
4.254929979994284395e+01,3.370881708190350423e+01
4.256930551586167866e+01,3.390748071209119985e+01
4.258931123178051337e+01,3.411672601002779004e+01
4.260931694769934097e+01,3.414164749986915126e+01
4.262932266361817568e+01,3.276383547386026862e+01
4.264932837953701039e+01,3.340279495305200186e+01
4.266933409545584510e+01,3.305921870404849727e+01
4.268933981137467981e+01,3.294358600027463524e+01
4.270934552729351452e+01,3.254100581409575454e+01
4.272935124321234923e+01,3.134215579294766485e+01
4.274935695913118394e+01,3.046449606243284336e+01
4.276936267505001865e+01,3.039506004850992227e+01
4.278936839096885336e+01,2.912744525121583195e+01
4.280937410688768097e+01,2.864578799141180099e+01
4.282937982280651568e+01,2.730423266398248572e+01
4.284938553872535039e+01,2.611405545008924989e+01
4.286939125464418510e+01,2.426388964950373861e+01
4.288939697056301981e+01,2.202272133536055421e+01
4.290940268648185452e+01,2.088268955014343220e+01
4.292940840240068923e+01,1.969678579278047437e+01
4.294941411831952394e+01,1.890338792779594002e+01
4.296941983423835865e+01,1.716266279132659989e+01
4.298942555015718625e+01,1.599852781583259542e+01
4.300943126607602096e+01,1.439102589401811017e+01
4.302943698199485567e+01,1.416333128371857697e+01
4.304944269791369038e+01,1.211008796452689396e+01
4.306944841383252509e+01,1.212958286814252418e+01
4.308945412975135980e+01,1.163068515487280052e+01
4.310945984567019451e+01,9.945543541414334499e+00
4.312946556158902922e+01,9.508552452333351113e+00
4.314947127750786393e+01,9.603999551241930277e+00
4.316947699342669864e+01,9.694142725867997967e+00
4.318948270934552625e+01,9.377431728262763500e+00
4.320948842526436096e+01,8.706271398591766797e+00
4.322949414118319567e+01,9.652621870143441640e+00
4.324949985710203038e+01,9.614526921856308306e+00
4.326950557302086509e+01,8.678759707848406890e+00
4.328951128893969980e+01,9.460785349926272403e+00
4.330951700485853451e+01,8.677625966980889061e+00
4.332952272077736922e+01,9.204491033389203380e+00
4.334952843669620393e+01,9.021400702281621165e+00
4.336953415261503153e+01,9.368347513305828045e+00
4.338953986853386624e+01,8.996986432601630668e+00
4.340954558445270095e+01,8.700224185049931336e+00
4.342955130037153566e+01,9.476307286860368606e+00
4.344955701629037037e+01,9.537524169415874553e+00
4.346956273220920508e+01,9.454607240333556817e+00
4.348956844812803979e+01,9.232134673341068520e+00
4.350957416404687450e+01,1.022755243627067401e+01
4.352957987996570921e+01,1.016289114204689525e+01
4.354958559588453681e+01,9.830264579492069998e+00
4.356959131180337153e+01,9.924244493795251643e+00
4.358959702772220624e+01,1.031762046419007461e+01
4.360960274364104095e+01,1.075412162005996919e+01
4.362960845955987566e+01,1.074157552762232015e+01
4.364961417547871037e+01,1.069062272562450389e+01
4.366961989139754508e+01,1.133483012036068871e+01
4.368962560731637979e+01,1.091440282595279854e+01
4.370963132323521450e+01,1.233737878676724264e+01
4.372963703915404921e+01,1.140096446514927742e+01
4.374964275507287681e+01,1.134926365342243670e+01
4.376964847099171152e+01,1.276744301891099909e+01
4.378965418691054623e+01,1.175946176295091128e+01
4.380965990282938094e+01,1.244175922734846473e+01
4.382966561874821565e+01,1.244813493919531844e+01
4.384967133466705036e+01,1.326288144804709646e+01
4.386967705058588507e+01,1.401290918874379088e+01
4.388968276650471978e+01,1.423012758279940826e+01
4.390968848242355449e+01,1.346757101578697657e+01
4.392969419834238209e+01,1.409064851818109609e+01
4.394969991426121680e+01,1.510328228372773296e+01
4.396970563018005151e+01,1.448604916232465456e+01
4.398971134609888622e+01,1.516775231836645332e+01
4.400971706201772093e+01,1.418557023985054677e+01
4.402972277793655564e+01,1.439469853195756954e+01
4.404972849385539035e+01,1.439932772384493731e+01
4.406973420977422506e+01,1.485937749582990186e+01
4.408973992569305977e+01,1.467392595973468694e+01
4.410974564161189448e+01,1.454677540373718791e+01
4.412975135753072209e+01,1.463468017693978140e+01
4.414975707344955680e+01,1.477686789860787187e+01
4.416976278936839151e+01,1.399164619325395620e+01
4.418976850528722622e+01,1.470580404555667187e+01
4.420977422120606093e+01,1.442770115713078383e+01
4.422977993712489564e+01,1.464463570128242509e+01
4.424978565304373035e+01,1.383857940310760348e+01
4.426979136896256506e+01,1.381406059254432961e+01
4.428979708488139977e+01,1.377493906643538679e+01
4.430980280080022737e+01,1.381410310251405704e+01
4.432980851671906208e+01,1.436024000501580389e+01
4.434981423263789679e+01,1.288628417983747809e+01
4.436981994855673150e+01,1.377240956881944456e+01
4.438982566447556621e+01,1.316299386081366052e+01
4.440983138039440092e+01,1.300627809367480303e+01
4.442983709631323563e+01,1.308047057976154903e+01
4.444984281223207034e+01,1.339072316795596862e+01
4.446984852815090505e+01,1.248521740452470397e+01
4.448985424406973266e+01,1.185771648099139597e+01
4.450985995998856737e+01,1.123707733796928032e+01
4.452986567590740208e+01,1.192123330035705209e+01
4.454987139182623679e+01,1.162015825966785165e+01
4.456987710774507150e+01,1.104797011173238630e+01
4.458988282366390621e+01,1.046606545540434574e+01
4.460988853958274092e+01,1.123547460849309410e+01
4.462989425550157563e+01,1.084498578771007615e+01
4.464989997142041034e+01,1.045103379010810407e+01
4.466990568733924505e+01,1.038337823083076827e+01
4.468991140325807265e+01,1.128309378231803173e+01
4.470991711917690736e+01,9.964736191691333289e+00
4.472992283509574207e+01,1.087275905765697459e+01
4.474992855101457678e+01,1.065621762957389507e+01
4.476993426693341149e+01,1.044216684212877411e+01
4.478993998285224620e+01,1.064665782538581951e+01
4.480994569877108091e+01,1.033253978004614382e+01
4.482995141468991562e+01,1.003164430627789017e+01
4.484995713060875033e+01,1.066031612120431049e+01
4.486996284652757794e+01,1.084351881516493421e+01
4.488996856244641265e+01,1.066910114583807356e+01
4.490997427836524736e+01,1.108246906785827335e+01
4.492997999428408207e+01,1.064078869376246672e+01
4.494998571020291678e+01,1.186408782060780354e+01
4.496999142612175149e+01,1.192648156155601491e+01
4.498999714204058620e+01,1.173520799050319496e+01
4.501000285795942091e+01,1.163675604164211919e+01
4.503000857387825562e+01,1.209140271030749147e+01
4.505001428979709033e+01,1.190903295139701612e+01
4.507002000571591793e+01,1.243310182375229545e+01
4.509002572163475264e+01,1.294323714325579999e+01
4.511003143755358735e+01,1.259174330941024778e+01
4.513003715347242206e+01,1.228165067535346822e+01
4.515004286939125677e+01,1.314710093550882597e+01
4.517004858531009148e+01,1.412712185975687440e+01
4.519005430122892619e+01,1.313698436590312824e+01
4.521006001714776090e+01,1.338078117324847405e+01
4.523006573306659561e+01,1.358492372535448922e+01
4.525007144898542322e+01,1.494666615382892871e+01
4.527007716490425793e+01,1.418034357619326613e+01
4.529008288082309264e+01,1.535025248302432743e+01
4.531008859674192735e+01,1.448189099102303246e+01
4.533009431266076206e+01,1.590934445291840049e+01
4.535010002857959677e+01,1.556169296670025837e+01
4.537010574449843148e+01,1.560317193720876539e+01
4.539011146041726619e+01,1.623624951351233392e+01
4.541011717633610090e+01,1.602565218439908179e+01
4.543012289225492850e+01,1.632719954078826774e+01
4.545012860817376321e+01,1.609161788919212910e+01
4.547013432409259792e+01,1.667103329915156351e+01
4.549014004001143263e+01,1.694538314612943353e+01
4.551014575593026734e+01,1.764274478314477790e+01
4.553015147184910205e+01,1.763810654654121635e+01
4.555015718776793676e+01,1.763354988954863245e+01
4.557016290368677147e+01,1.788455689747010169e+01
4.559016861960560618e+01,1.766947828453522362e+01
4.561017433552444089e+01,1.751634479179669768e+01
4.563018005144326850e+01,1.733131436931762082e+01
4.565018576736210321e+01,1.745858679171091410e+01
4.567019148328093792e+01,1.673937650070180894e+01
4.569019719919977263e+01,1.755244345677481732e+01
4.571020291511860734e+01,1.701202429699221952e+01
4.573020863103744205e+01,1.644794585943788690e+01
4.575021434695627676e+01,1.758696423309500290e+01
4.577022006287511147e+01,1.696134603994037704e+01
4.579022577879394618e+01,1.758369366949039403e+01
4.581023149471277378e+01,1.679999106027412026e+01
4.583023721063160849e+01,1.747255681348854139e+01
4.585024292655044320e+01,1.749920427135093703e+01
4.587024864246927791e+01,1.709256455358824311e+01
4.589025435838811262e+01,1.745231318333114245e+01
4.591026007430694733e+01,1.689009911220514937e+01
4.593026579022578204e+01,1.776433724125146085e+01
4.595027150614461675e+01,1.699703707498128580e+01
4.597027722206345146e+01,1.631655430259699813e+01
4.599028293798228617e+01,1.668098845282947806e+01
4.601028865390111378e+01,1.580568184628674722e+01
4.603029436981994849e+01,1.562234522522430780e+01
4.605030008573878320e+01,1.589892973710346524e+01
4.607030580165761791e+01,1.459507904451687210e+01
4.609031151757645262e+01,1.443020737958605793e+01
4.611031723349528733e+01,1.420445838362298119e+01
4.613032294941412204e+01,1.416847195963383399e+01
4.615032866533295675e+01,1.303054752196481658e+01
4.617033438125179146e+01,1.256164843298747513e+01
4.619034009717061906e+01,1.236657597213490334e+01
4.621034581308945377e+01,1.180714600563724659e+01
4.623035152900828848e+01,1.141760057918808613e+01
4.625035724492712319e+01,1.092698109141504403e+01
4.627036296084595790e+01,1.125315349807806165e+01
4.629036867676479261e+01,1.109308433059635668e+01
4.631037439268362732e+01,9.910646407304133376e+00
4.633038010860246203e+01,1.092702893771463657e+01
4.635038582452129674e+01,1.117378669022054538e+01
4.637039154044012434e+01,1.015676016064198706e+01
4.639039725635895905e+01,1.029910186163768415e+01
4.641040297227779376e+01,1.024124339520574978e+01
4.643040868819662847e+01,1.064233490466138399e+01
4.645041440411546319e+01,1.018488331652230983e+01
4.647042012003429790e+01,9.967719774378302589e+00
4.649042583595313261e+01,1.053057965647177241e+01
4.651043155187196732e+01,9.330028781479070332e+00
4.653043726779080203e+01,1.029602700939631532e+01
4.655044298370963674e+01,1.034171654450878108e+01
4.657044869962846434e+01,1.024568077614465977e+01
4.659045441554729905e+01,1.019225333100865249e+01
4.661046013146613376e+01,1.008929236853545675e+01
4.663046584738496847e+01,9.559765394422315765e+00
4.665047156330380318e+01,9.189906771319879653e+00
4.667047727922263789e+01,9.760486658565556084e+00
4.669048299514147260e+01,1.046847960295503910e+01
4.671048871106030731e+01,1.007332711960546234e+01
4.673049442697914202e+01,9.523047950904992121e+00
4.675050014289796962e+01,9.921081014173608992e+00
4.677050585881680433e+01,1.027909157012602215e+01
4.679051157473563904e+01,1.014176931705437568e+01
4.681051729065447375e+01,1.047411300795177169e+01
4.683052300657330846e+01,1.069165212912546004e+01
4.685052872249214317e+01,9.971739530701578147e+00
4.687053443841097788e+01,1.019336233036800010e+01
4.689054015432981259e+01,1.067438165403788730e+01
4.691054587024864730e+01,1.108368734267787481e+01
4.693055158616748201e+01,1.002417223259858048e+01
4.695055730208630962e+01,1.121898113740703806e+01
4.697056301800514433e+01,1.107522697989149663e+01
4.699056873392397904e+01,1.003523127092912759e+01
4.701057444984281375e+01,1.115424267806398717e+01
4.703058016576164846e+01,1.074093580163419759e+01
4.705058588168048317e+01,1.115405737111202988e+01
4.707059159759931788e+01,1.070572455752991914e+01
4.709059731351815259e+01,1.152988004329841232e+01
4.711060302943698730e+01,1.137397813079360631e+01
4.713060874535581490e+01,1.177538502801256826e+01
4.715061446127464961e+01,1.193603375797668775e+01
4.717062017719348432e+01,1.242269880807862137e+01
4.719062589311231903e+01,1.317109225616931489e+01
4.721063160903115374e+01,1.236201176175838512e+01
4.723063732494998845e+01,1.339130239606883777e+01
4.725064304086882316e+01,1.347477532998781768e+01
4.727064875678765787e+01,1.388318862514920937e+01
4.729065447270649258e+01,1.468748241087918771e+01
4.731066018862532019e+01,1.447147851748186653e+01
4.733066590454415490e+01,1.389035710199259022e+01
4.735067162046298961e+01,1.423623718123675275e+01
4.737067733638182432e+01,1.476849222137156659e+01
4.739068305230065903e+01,1.439435387668386568e+01
4.741068876821949374e+01,1.439507992278247883e+01
4.743069448413832845e+01,1.527175809706895393e+01
4.745070020005716316e+01,1.495410307240318559e+01
4.747070591597599787e+01,1.535853933260960780e+01
4.749071163189483258e+01,1.544779510833361691e+01
4.751071734781366018e+01,1.512222701023924998e+01
4.753072306373249489e+01,1.530661567239971177e+01
4.755072877965132960e+01,1.496368545263243455e+01
4.757073449557016431e+01,1.536596028457043062e+01
4.759074021148899902e+01,1.494777038624931009e+01
4.761074592740783373e+01,1.494529609914301105e+01
4.763075164332666844e+01,1.523111654293273887e+01
4.765075735924550315e+01,1.487318477360486568e+01
4.767076307516433786e+01,1.482384302431752765e+01
4.769076879108316547e+01,1.479374076799085636e+01
4.771077450700200018e+01,1.491438244474784014e+01
4.773078022292083489e+01,1.395239057503144409e+01
4.775078593883966960e+01,1.384059568260174800e+01
4.777079165475850431e+01,1.428029810761340634e+01
4.779079737067733902e+01,1.415622588984293984e+01
4.781080308659617373e+01,1.321686286392953846e+01
4.783080880251500844e+01,1.331127077431457373e+01
4.785081451843384315e+01,1.299412797115559215e+01
4.787082023435267075e+01,1.351445675915988076e+01
4.789082595027150546e+01,1.332408078245133787e+01
4.791083166619034017e+01,1.366114103835971960e+01
4.793083738210917488e+01,1.332756971655639333e+01
4.795084309802800959e+01,1.366305967459301485e+01
4.797084881394684430e+01,1.355925771271308378e+01
4.799085452986567901e+01,1.278642947194906299e+01
4.801086024578451372e+01,1.238546166924529679e+01
4.803086596170334843e+01,1.304475571889549101e+01
4.805087167762218314e+01,1.318004401124437841e+01
4.807087739354101075e+01,1.291294107657956758e+01
4.809088310945984546e+01,1.337199873056814248e+01
4.811088882537868017e+01,1.340513198013968044e+01
4.813089454129751488e+01,1.328890592102221291e+01
4.815090025721634959e+01,1.257123885790502626e+01
4.817090597313518430e+01,1.307376241990180432e+01
4.819091168905401901e+01,1.360046217699213500e+01
4.821091740497285372e+01,1.299796453442555588e+01
4.823092312089168843e+01,1.384157360149895943e+01
4.825092883681051603e+01,1.323192408205602533e+01
4.827093455272935074e+01,1.375794561968990593e+01
4.829094026864818545e+01,1.398148603301689441e+01
4.831094598456702016e+01,1.405169025134187066e+01
4.833095170048585487e+01,1.431405762243755930e+01
4.835095741640468958e+01,1.488777084345442425e+01
4.837096313232352429e+01,1.513987399944238987e+01
4.839096884824235900e+01,1.518763511523452081e+01
4.841097456416119371e+01,1.570593217105311368e+01
4.843098028008002842e+01,1.640402616946833803e+01
4.845098599599885603e+01,1.655041655372568243e+01
4.847099171191769074e+01,1.711737656709552624e+01
4.849099742783652545e+01,1.741724494168934712e+01
4.851100314375536016e+01,1.679679955216733589e+01
4.853100885967419487e+01,1.719250706941367213e+01
4.855101457559302958e+01,1.873539074250584946e+01
4.857102029151186429e+01,1.970983980698110116e+01
4.859102600743069900e+01,1.956445513082109855e+01
4.861103172334953371e+01,1.972879853920009197e+01
4.863103743926836131e+01,2.030018766153384391e+01
4.865104315518719602e+01,2.156731136750490663e+01
4.867104887110603073e+01,2.173969990986503120e+01
4.869105458702486544e+01,2.277738223000109485e+01
4.871106030294370015e+01,2.205078222962670154e+01
4.873106601886253486e+01,2.307933516181529399e+01
4.875107173478136957e+01,2.279760456828420701e+01
4.877107745070020428e+01,2.327552295843615227e+01
4.879108316661903899e+01,2.312104411092968803e+01
4.881108888253786660e+01,2.326812160473768287e+01
4.883109459845670131e+01,2.237479984393334220e+01
4.885110031437553602e+01,2.219222766737222940e+01
4.887110603029437073e+01,2.255102755435209971e+01
4.889111174621320544e+01,2.180362085005101846e+01
4.891111746213204015e+01,2.200272688703498147e+01
4.893112317805087486e+01,2.211646646624384616e+01
4.895112889396970957e+01,2.035837781669475532e+01
4.897113460988854428e+01,2.044857886190352758e+01
4.899114032580737899e+01,2.007493151844056101e+01
4.901114604172620659e+01,2.004307891922977802e+01
4.903115175764504130e+01,1.990544876949838127e+01
4.905115747356387601e+01,1.971982971403864582e+01
4.907116318948271072e+01,1.906404124453144888e+01
4.909116890540154543e+01,1.972969639494743888e+01
4.911117462132038014e+01,1.899370313069412219e+01
4.913118033723921485e+01,1.921574385466182733e+01
4.915118605315804956e+01,1.813817563756093421e+01
4.917119176907688427e+01,1.851317380911847010e+01
4.919119748499571187e+01,1.773046695467737521e+01
4.921120320091454658e+01,1.721978818655819055e+01
4.923120891683338129e+01,1.745823482640270186e+01
4.925121463275221600e+01,1.651142344681232288e+01
4.927122034867105071e+01,1.596478862144959265e+01
4.929122606458988542e+01,1.614601681022038804e+01
4.931123178050872014e+01,1.626059027315669425e+01
4.933123749642755485e+01,1.618204791023686795e+01
4.935124321234638956e+01,1.554379068728460211e+01
4.937124892826522427e+01,1.516073106281529803e+01
4.939125464418405187e+01,1.521878219962446721e+01
4.941126036010288658e+01,1.455453746344887733e+01
4.943126607602172129e+01,1.384580965289586985e+01
4.945127179194055600e+01,1.331362512240121987e+01
4.947127750785939071e+01,1.411756484520478949e+01
4.949128322377822542e+01,1.345710650303466593e+01
4.951128893969706013e+01,1.429064625999304283e+01
4.953129465561589484e+01,1.335954940528963064e+01
4.955130037153472955e+01,1.282384940926909422e+01
4.957130608745355715e+01,1.261761280999498780e+01
4.959131180337239186e+01,1.247222596947674589e+01
4.961131751929122657e+01,1.236098013686414987e+01
4.963132323521006128e+01,1.244043708187877328e+01
4.965132895112889599e+01,1.239974604189415786e+01
4.967133466704773070e+01,1.175361507139388451e+01
4.969134038296656541e+01,1.125501930715919841e+01
4.971134609888540012e+01,1.163341000763301558e+01
4.973135181480423483e+01,1.207453917885142403e+01
4.975135753072306244e+01,1.163428728519753541e+01
4.977136324664189715e+01,1.118571350034723366e+01
4.979136896256073186e+01,1.113551608095294654e+01
4.981137467847956657e+01,1.087863305872168951e+01
4.983138039439840128e+01,1.024229573914239388e+01
4.985138611031723599e+01,9.926506490733054022e+00
4.987139182623607070e+01,1.053674666191625064e+01
4.989139754215490541e+01,9.720337336100573822e+00
4.991140325807374012e+01,1.042881700057064620e+01
4.993140897399257483e+01,9.675115610861489301e+00
4.995141468991140243e+01,9.880411583247751039e+00
4.997142040583023714e+01,1.019281763336555535e+01
4.999142612174907185e+01,9.745665281173593542e+00
5.001143183766790656e+01,9.283108093373588332e+00
5.003143755358674127e+01,1.003326622853434102e+01
5.005144326950557598e+01,9.854769958934584295e+00
5.007144898542441069e+01,1.001024986519005111e+01
5.009145470134324540e+01,1.048379821422915015e+01
5.011146041726208011e+01,1.099935558477634601e+01
5.013146613318090772e+01,1.078711953239479016e+01
5.015147184909974243e+01,1.095000486570807041e+01
5.017147756501857714e+01,1.103368528691979478e+01
5.019148328093741185e+01,1.091782161292781694e+01
5.021148899685624656e+01,1.100840289983447562e+01
5.023149471277508127e+01,1.130915610842222563e+01
5.025150042869391598e+01,1.138713935117350928e+01
5.027150614461275069e+01,1.198589856113980190e+01
5.029151186053158540e+01,1.084177669599083771e+01
5.031151757645042011e+01,1.230086043868820056e+01
5.033152329236924771e+01,1.213004281091213166e+01
5.035152900828808242e+01,1.283178443593932982e+01
5.037153472420691713e+01,1.251622817564566326e+01
5.039154044012575184e+01,1.191877877962936694e+01
5.041154615604458655e+01,1.292869261631640043e+01
5.043155187196342126e+01,1.357863456241081934e+01
5.045155758788225597e+01,1.427513196578893329e+01
5.047156330380109068e+01,1.336018418817845621e+01
5.049156901971992539e+01,1.358387364968335831e+01
5.051157473563875300e+01,1.438258624399789198e+01
5.053158045155758771e+01,1.432417555987573365e+01
5.055158616747642242e+01,1.481653757467469390e+01
5.057159188339525713e+01,1.459509343817551041e+01
5.059159759931409184e+01,1.522246397855555955e+01
5.061160331523292655e+01,1.429804776836374103e+01
5.063160903115176126e+01,1.476875433168358498e+01
5.065161474707059597e+01,1.417441800144411701e+01
5.067162046298943068e+01,1.464439099399292488e+01
5.069162617890825828e+01,1.446152405302140487e+01
5.071163189482709299e+01,1.367246029102894411e+01
5.073163761074592770e+01,1.394357877155057857e+01
5.075164332666476241e+01,1.352446515165695473e+01
5.077164904258359712e+01,1.404014473363177729e+01
5.079165475850243183e+01,1.444038079519549811e+01
5.081166047442126654e+01,1.426855944526898412e+01
5.083166619034010125e+01,1.302893911719182185e+01
5.085167190625893596e+01,1.348872445900978434e+01
5.087167762217777067e+01,1.343606579407915902e+01
5.089168333809659828e+01,1.213178102150792270e+01
5.091168905401543299e+01,1.229790870873500275e+01
5.093169476993426770e+01,1.236591842215625547e+01
5.095170048585310241e+01,1.169644618978247053e+01
5.097170620177193712e+01,1.113247797528324767e+01
5.099171191769077183e+01,1.166716359107089573e+01
5.101171763360960654e+01,1.051971208657212919e+01
5.103172334952844125e+01,1.042753357507413625e+01
5.105172906544727596e+01,9.524025875799196683e+00
5.107173478136610356e+01,9.696181610024897424e+00
5.109174049728493827e+01,9.092941185822198236e+00
5.111174621320377298e+01,8.690599697624463715e+00
5.113175192912260769e+01,8.365317168662977920e+00
5.115175764504144240e+01,7.748214561037420900e+00
5.117176336096027711e+01,7.928302014580376422e+00
5.119176907687911182e+01,8.126285679625343761e+00
5.121177479279794653e+01,7.924933035167690321e+00
5.123178050871678124e+01,7.663059151369592037e+00
5.125178622463561595e+01,7.519424305130501196e+00
5.127179194055444356e+01,6.712578388162682153e+00
5.129179765647327827e+01,6.782910813391101357e+00
5.131180337239211298e+01,6.910948765126313731e+00
5.133180908831094769e+01,7.233205777394058344e+00
5.135181480422978240e+01,6.272860601800239522e+00
5.137182052014861711e+01,7.160556461978353937e+00
5.139182623606745182e+01,6.905968642670163860e+00
5.141183195198628653e+01,6.942777378787697629e+00
5.143183766790512124e+01,5.987611621636954595e+00
5.145184338382394884e+01,6.379775479346079692e+00
5.147184909974278355e+01,6.580513375629069017e+00
5.149185481566161826e+01,6.694678015905870971e+00
5.151186053158045297e+01,6.595815949169391956e+00
5.153186624749928768e+01,7.188873934955207545e+00
5.155187196341812239e+01,7.166322187111330067e+00
5.157187767933695710e+01,6.505793619443766218e+00
5.159188339525579181e+01,7.041073703682227958e+00
5.161188911117462652e+01,7.172888292788517361e+00
5.163189482709345413e+01,6.325998336138059841e+00
5.165190054301228884e+01,7.112744956856300149e+00
5.167190625893112355e+01,6.795880998208959411e+00
5.169191197484995826e+01,7.203454799334629399e+00
5.171191769076879297e+01,7.371456880137937873e+00
5.173192340668762768e+01,7.171775362827467859e+00
5.175192912260646239e+01,7.165224776318977362e+00
5.177193483852529710e+01,8.282086391336257236e+00
5.179194055444413181e+01,8.373895761678564753e+00
5.181194627036296652e+01,8.382067282272691600e+00
5.183195198628179412e+01,8.781444326594096239e+00
5.185195770220062883e+01,9.612615070765640368e+00
5.187196341811946354e+01,9.213497976717174964e+00
5.189196913403829825e+01,9.454037144683123728e+00
5.191197484995713296e+01,1.013714530673048841e+01
5.193198056587596767e+01,1.038942175846868565e+01
5.195198628179480238e+01,1.015273448511059051e+01
5.197199199771363709e+01,1.054609212226525372e+01
5.199199771363247180e+01,1.089432348966722053e+01
5.201200342955129940e+01,1.183140788833310530e+01
5.203200914547013411e+01,1.230392646351291930e+01
5.205201486138896882e+01,1.218960330910101320e+01
5.207202057730780353e+01,1.163509610126556382e+01
5.209202629322663824e+01,1.305801032193494748e+01
5.211203200914547295e+01,1.277853759613772766e+01
5.213203772506430766e+01,1.195893645096472468e+01
5.215204344098314237e+01,1.285224243795521559e+01
5.217204915690197708e+01,1.264049188945675084e+01
5.219205487282081180e+01,1.307298823433018953e+01
5.221206058873963940e+01,1.374503910567923981e+01
5.223206630465847411e+01,1.383724107620778909e+01
5.225207202057730882e+01,1.369591613668395524e+01
5.227207773649614353e+01,1.275068444876296603e+01
5.229208345241497824e+01,1.252806074502994882e+01
5.231208916833381295e+01,1.284192198200337387e+01
5.233209488425264766e+01,1.235747124588851875e+01
5.235210060017148237e+01,1.224131304948580556e+01
5.237210631609031708e+01,1.196001138348831461e+01
5.239211203200914468e+01,1.182064314656781079e+01
5.241211774792797939e+01,1.280105210116906456e+01
5.243212346384681410e+01,1.208110840410708420e+01
5.245212917976564881e+01,1.187380765347078437e+01
5.247213489568448352e+01,1.153082980218363218e+01
5.249214061160331823e+01,1.055291297655313976e+01
5.251214632752215294e+01,1.084681771525227667e+01
5.253215204344098765e+01,1.048177424925635037e+01
5.255215775935982236e+01,9.599843675206285454e+00
5.257216347527864997e+01,9.394411783060018450e+00
5.259216919119748468e+01,9.869451133504592022e+00
5.261217490711631939e+01,1.010677831739648624e+01
5.263218062303515410e+01,9.006880190824745114e+00
5.265218633895398881e+01,9.294873489903629604e+00
5.267219205487282352e+01,9.019952666128343566e+00
5.269219777079165823e+01,8.773535475209460088e+00
5.271220348671049294e+01,8.798754020799091080e+00
5.273220920262932765e+01,9.446001116614528570e+00
5.275221491854816236e+01,8.350575547642836938e+00
5.277222063446698996e+01,8.754458054503970743e+00
5.279222635038582467e+01,8.510414978803654051e+00
5.281223206630465938e+01,8.458760993952775920e+00
5.283223778222349409e+01,8.504059540140099571e+00
5.285224349814232880e+01,8.942571475322303343e+00
5.287224921406116351e+01,9.372689222496610739e+00
5.289225492997999822e+01,8.655921572087025950e+00
5.291226064589883293e+01,9.662632996919523265e+00
5.293226636181766764e+01,9.798296243190446120e+00
5.295227207773649525e+01,9.515773641155227835e+00
5.297227779365532996e+01,9.084433313051235359e+00
5.299228350957416467e+01,8.874249861428127772e+00
5.301228922549299938e+01,9.278466511702742281e+00
5.303229494141183409e+01,8.236153588427796990e+00
5.305230065733066880e+01,8.501725237279824654e+00
5.307230637324950351e+01,9.145003189862418225e+00
5.309231208916833822e+01,8.997364255304232117e+00
5.311231780508717293e+01,8.449485522619177402e+00
5.313232352100600764e+01,8.261387626347943325e+00
5.315232923692483524e+01,8.553757058927057955e+00
5.317233495284366995e+01,9.505739480982217771e+00
5.319234066876250466e+01,8.736749547548670947e+00
5.321234638468133937e+01,8.620647648709123700e+00
5.323235210060017408e+01,8.379869828056877523e+00
5.325235781651900879e+01,8.703596155660392242e+00
5.327236353243784350e+01,8.648019563785624086e+00
5.329236924835667821e+01,8.439092001998188763e+00
5.331237496427551292e+01,9.135057941483189836e+00
5.333238068019434053e+01,8.894455379375624915e+00
5.335238639611317524e+01,9.285024919167518931e+00
5.337239211203200995e+01,9.559225572751428146e+00
5.339239782795084466e+01,8.812968861780262841e+00
5.341240354386967937e+01,8.675424223815340952e+00
5.343240925978851408e+01,9.853181452536267315e+00
5.345241497570734879e+01,9.790230565950171382e+00
5.347242069162618350e+01,1.010488374243158205e+01
5.349242640754501821e+01,8.770230984955741604e+00
5.351243212346384581e+01,9.496985348222001022e+00
5.353243783938268052e+01,8.838075898902811645e+00
5.355244355530151523e+01,1.029879292393052737e+01
5.357244927122034994e+01,9.861510043963876981e+00
5.359245498713918465e+01,1.066439362317233552e+01
5.361246070305801936e+01,9.762280565966710455e+00
5.363246641897685407e+01,1.026383067204564092e+01
5.365247213489568878e+01,1.065976778590282237e+01
5.367247785081452349e+01,1.042786553013256068e+01
5.369248356673335820e+01,1.086632358835495893e+01
5.371248928265218581e+01,1.120045722993256554e+01
5.373249499857102052e+01,1.164296284783464941e+01
5.375250071448985523e+01,1.104479247953948118e+01
5.377250643040868994e+01,1.284536195913691792e+01
5.379251214632752465e+01,1.222804582327655254e+01
5.381251786224635936e+01,1.326631217520373340e+01
5.383252357816519407e+01,1.360648019227051009e+01
5.385252929408402878e+01,1.455698426051228545e+01
5.387253501000286349e+01,1.474894119025008976e+01
5.389254072592169109e+01,1.520039353580777686e+01
5.391254644184052580e+01,1.521808113491671399e+01
5.393255215775936051e+01,1.476488985676706633e+01
5.395255787367819522e+01,1.560037623042273758e+01
5.397256358959702993e+01,1.544562883432382350e+01
5.399256930551586464e+01,1.615479374241316179e+01
5.401257502143469935e+01,1.556108028946550803e+01
5.403258073735353406e+01,1.523258638814376908e+01
5.405258645327236877e+01,1.542910400291176387e+01
5.407259216919120348e+01,1.543044481139155266e+01
5.409259788511003109e+01,1.531051246152063072e+01
5.411260360102886580e+01,1.472024378842172965e+01
5.413260931694770051e+01,1.498021872430064150e+01
5.415261503286653522e+01,1.370467203799578471e+01
5.417262074878536993e+01,1.472870281641061041e+01
5.419262646470420464e+01,1.468825985535462841e+01
5.421263218062303935e+01,1.467306225495414118e+01
5.423263789654187406e+01,1.477463023188713187e+01
5.425264361246070877e+01,1.485166483269277293e+01
5.427264932837953637e+01,1.513271801085597446e+01
5.429265504429837108e+01,1.563039715400402585e+01
5.431266076021720579e+01,1.575879414309348903e+01
5.433266647613604050e+01,1.554621679119309974e+01
5.435267219205487521e+01,1.619825466625393062e+01
5.437267790797370992e+01,1.596394863688784227e+01
5.439268362389254463e+01,1.682464747117257531e+01
5.441268933981137934e+01,1.629479154214085668e+01
5.443269505573021405e+01,1.676456148476450991e+01
5.445270077164904166e+01,1.602231862603708734e+01
5.447270648756787637e+01,1.615486954016322940e+01
5.449271220348671108e+01,1.599373141222593198e+01
5.451271791940554579e+01,1.600855615327042614e+01
5.453272363532438050e+01,1.608128214800434463e+01
5.455272935124321521e+01,1.654202335491325115e+01
5.457273506716204992e+01,1.634253951556469531e+01
5.459274078308088463e+01,1.568690927290581882e+01
5.461274649899971934e+01,1.569206797376255835e+01
5.463275221491855405e+01,1.573941257439261321e+01
5.465275793083738165e+01,1.575969164680969214e+01
5.467276364675621636e+01,1.492272695666685500e+01
5.469276936267505107e+01,1.476148327553116957e+01
5.471277507859388578e+01,1.511036771813850699e+01
5.473278079451272049e+01,1.572453737662729267e+01
5.475278651043155520e+01,1.514930306182671060e+01
5.477279222635038991e+01,1.435652872722695861e+01
5.479279794226922462e+01,1.438220700861545964e+01
5.481280365818805933e+01,1.488213963454313316e+01
5.483280937410688693e+01,1.540834652396307192e+01
5.485281509002572164e+01,1.572705394590869510e+01
5.487282080594455635e+01,1.557851849321636450e+01
5.489282652186339106e+01,1.571470278168313683e+01
5.491283223778222577e+01,1.609041090546167752e+01
5.493283795370106048e+01,1.592235694013606206e+01
5.495284366961989519e+01,1.612443330461991664e+01
5.497284938553872990e+01,1.652755224520153376e+01
5.499285510145756461e+01,1.644985505768280376e+01
5.501286081737639222e+01,1.713961894101351291e+01
5.503286653329522693e+01,1.683680009562750257e+01
5.505287224921406164e+01,1.578347106679911427e+01
5.507287796513289635e+01,1.667358675527234624e+01
5.509288368105173106e+01,1.647396646623569438e+01
5.511288939697056577e+01,1.637257599103883265e+01
5.513289511288940048e+01,1.640921497566807119e+01
5.515290082880823519e+01,1.545730225190159324e+01
5.517290654472706990e+01,1.547913105374375498e+01
5.519291226064590461e+01,1.508895507032484673e+01
5.521291797656473221e+01,1.543273332326680958e+01
5.523292369248356692e+01,1.484103525875499585e+01
5.525292940840240163e+01,1.523610790891050470e+01
5.527293512432123634e+01,1.532629051788368635e+01
5.529294084024007105e+01,1.563285547857663005e+01
5.531294655615890576e+01,1.557265751526284703e+01
5.533295227207774047e+01,1.560313024993393149e+01
5.535295798799657518e+01,1.599363746490767468e+01
5.537296370391540989e+01,1.583510713519745750e+01
5.539296941983423750e+01,1.624381419228249257e+01
5.541297513575307221e+01,1.699546341011183870e+01
5.543298085167190692e+01,1.778026982665956979e+01
5.545298656759074163e+01,1.825510201072674832e+01
5.547299228350957634e+01,1.714054234679504418e+01
5.549299799942841105e+01,1.864174333417111029e+01
5.551300371534724576e+01,1.755258813112163097e+01
5.553300943126608047e+01,1.767734707883243317e+01
5.555301514718491518e+01,1.771847884674925311e+01
5.557302086310374989e+01,1.800068956885904470e+01
5.559302657902257749e+01,1.742695204679435506e+01
5.561303229494141220e+01,1.770657680500302789e+01
5.563303801086024691e+01,1.780293738219943833e+01
5.565304372677908162e+01,1.682022180549225254e+01
5.567304944269791633e+01,1.781790694425362886e+01
5.569305515861675104e+01,1.736329800226771525e+01
5.571306087453558575e+01,1.757216360942986810e+01
5.573306659045442046e+01,1.690377187713727380e+01
5.575307230637325517e+01,1.741229809134838291e+01
5.577307802229208278e+01,1.672867049393003214e+01
5.579308373821091749e+01,1.699737784547912511e+01
5.581308945412975220e+01,1.823901698852964515e+01
5.583309517004858691e+01,1.741947561990598103e+01
5.585310088596742162e+01,1.834279387053825516e+01
5.587310660188625633e+01,1.824160381174527146e+01
5.589311231780509104e+01,1.766038825517459188e+01
5.591311803372392575e+01,1.803558960661283450e+01
5.593312374964276046e+01,1.815100553226029589e+01
5.595312946556158806e+01,1.740782278780157100e+01
5.597313518148042277e+01,1.677705476493503411e+01
5.599314089739925748e+01,1.633354837202538334e+01
5.601314661331809219e+01,1.528911630968003088e+01
5.603315232923692690e+01,1.516835588230066989e+01
5.605315804515576161e+01,1.456383615843252244e+01
5.607316376107459632e+01,1.431160327447661373e+01
5.609316947699343103e+01,1.340578293786971109e+01
5.611317519291226574e+01,1.372983694749420991e+01
5.613318090883110045e+01,1.302514785598096481e+01
5.615318662474992806e+01,1.292958979161489985e+01
5.617319234066876277e+01,1.238953879021164539e+01
5.619319805658759748e+01,1.194803826773908639e+01
5.621320377250643219e+01,1.122911046544891533e+01
5.623320948842526690e+01,1.189672842599264158e+01
5.625321520434410161e+01,1.138654037922700368e+01
5.627322092026293632e+01,1.216772235561768767e+01
5.629322663618177103e+01,1.200488019579898236e+01
5.631323235210060574e+01,1.182342792492943317e+01
5.633323806801943334e+01,1.214582151533014986e+01
5.635324378393826805e+01,1.244928193936965855e+01
5.637324949985710276e+01,1.174958768067398296e+01
5.639325521577593747e+01,1.169744276715377040e+01
5.641326093169477218e+01,1.343855764375271278e+01
5.643326664761360689e+01,1.318700595894935823e+01
5.645327236353244160e+01,1.344930683850376241e+01
5.647327807945127631e+01,1.350692526082977452e+01
5.649328379537011102e+01,1.464724369692967798e+01
5.651328951128894573e+01,1.436272287528785441e+01
5.653329522720777334e+01,1.512977152620549148e+01
5.655330094312660805e+01,1.603026490232398515e+01
5.657330665904544276e+01,1.615541358471129740e+01
5.659331237496427747e+01,1.638138533533809493e+01
5.661331809088311218e+01,1.572104443122518092e+01
5.663332380680194689e+01,1.689008360995803315e+01
5.665332952272078160e+01,1.610253093324501705e+01
5.667333523863961631e+01,1.727491453290114976e+01
5.669334095455845102e+01,1.719790930517114091e+01
5.671334667047727862e+01,1.787409386742072570e+01
5.673335238639611333e+01,1.739920017885637549e+01
5.675335810231494804e+01,1.832537880012735343e+01
5.677336381823378275e+01,1.872623470935847578e+01
5.679336953415261746e+01,1.796260142935217985e+01
5.681337525007145217e+01,1.859833629336873528e+01
5.683338096599028688e+01,1.968373629428269567e+01
5.685338668190912159e+01,1.996271373538431959e+01
5.687339239782795630e+01,1.951543764393677449e+01
5.689339811374678391e+01,2.064483548198454699e+01
5.691340382966561862e+01,2.060035898541961075e+01
5.693340954558445333e+01,2.096084548530323843e+01
5.695341526150328804e+01,2.133940833463828568e+01
5.697342097742212275e+01,2.083449098363667318e+01
5.699342669334095746e+01,2.104902773019237117e+01
5.701343240925979217e+01,2.066699165713612985e+01
5.703343812517862688e+01,2.049466639010427116e+01
5.705344384109746159e+01,2.006057154206587612e+01
5.707344955701629630e+01,2.004714152988906051e+01
5.709345527293512390e+01,1.975730269377157100e+01
5.711346098885395861e+01,1.846344093285192400e+01
5.713346670477279332e+01,1.863236930191569485e+01
5.715347242069162803e+01,1.771595306900957212e+01
5.717347813661046274e+01,1.754522171377445261e+01
5.719348385252929745e+01,1.791240642307428743e+01
5.721348956844813216e+01,1.592150674320694037e+01
5.723349528436696687e+01,1.606955143524806573e+01
5.725350100028580158e+01,1.577323650568932933e+01
5.727350671620462919e+01,1.615245767358000606e+01
5.729351243212346390e+01,1.637971998314470312e+01
5.731351814804229861e+01,1.504668940678170408e+01
5.733352386396113332e+01,1.501454835800149468e+01
5.735352957987996803e+01,1.497643028377272856e+01
5.737353529579880274e+01,1.451852463780003788e+01
5.739354101171763745e+01,1.415892575750458349e+01
5.741354672763647216e+01,1.435753520097122404e+01
5.743355244355530687e+01,1.345102079292755448e+01
5.745355815947414158e+01,1.358163549190061659e+01
5.747356387539296918e+01,1.381681357009194144e+01
5.749356959131180389e+01,1.257999478025217144e+01
5.751357530723063860e+01,1.293780718997605028e+01
5.753358102314947331e+01,1.285161392646837797e+01
5.755358673906830802e+01,1.358435086430403160e+01
5.757359245498714273e+01,1.374920553114101374e+01
5.759359817090597744e+01,1.374201352366388562e+01
5.761360388682481215e+01,1.372388931655823185e+01
5.763360960274364686e+01,1.439452407706119530e+01
5.765361531866247446e+01,1.491490906506832737e+01
5.767362103458130917e+01,1.529422945941681533e+01
5.769362675050014388e+01,1.563041603807995372e+01
5.771363246641897859e+01,1.568177828296535026e+01
5.773363818233781330e+01,1.644266194368480072e+01
5.775364389825664801e+01,1.686891601584166267e+01
5.777364961417548272e+01,1.721835016495889548e+01
5.779365533009431743e+01,1.740227745583186802e+01
5.781366104601315214e+01,1.821322269603152932e+01
5.783366676193197975e+01,1.819864317613101790e+01
5.785367247785081446e+01,1.850157945633951329e+01
5.787367819376964917e+01,1.926969416831187942e+01
5.789368390968848388e+01,1.909567510715807259e+01
5.791368962560731859e+01,1.958119406871877644e+01
5.793369534152615330e+01,1.916410565780961051e+01
5.795370105744498801e+01,1.840924971893051065e+01
5.797370677336382272e+01,1.866577549047520179e+01
5.799371248928265743e+01,1.977528174172926612e+01
5.801371820520149214e+01,1.914573878340555169e+01
5.803372392112031974e+01,1.820946203985455725e+01
5.805372963703915445e+01,1.906561171665320487e+01
5.807373535295798916e+01,1.800800092359937565e+01
5.809374106887682387e+01,1.877035999371127417e+01
5.811374678479565858e+01,1.794806564047341624e+01
5.813375250071449329e+01,1.818270471057235227e+01
5.815375821663332800e+01,1.919641742214648872e+01
5.817376393255216271e+01,1.871296461455609261e+01
5.819376964847099742e+01,1.945038468117458663e+01
5.821377536438982503e+01,2.016318970794415577e+01
5.823378108030865974e+01,2.004175035451675413e+01
5.825378679622749445e+01,2.003320149453577415e+01
5.827379251214632916e+01,2.043175975874416395e+01
5.829379822806516387e+01,2.037049451282328150e+01
5.831380394398399858e+01,2.055106456817956584e+01
5.833380965990283329e+01,2.106515342596793161e+01
5.835381537582166800e+01,2.011983060599052209e+01
5.837382109174050271e+01,2.127785558842438007e+01
5.839382680765933742e+01,1.959137281197710934e+01
5.841383252357816502e+01,2.042098536694531674e+01
5.843383823949699973e+01,1.996529850035039289e+01
5.845384395541583444e+01,1.899623944119685603e+01
5.847384967133466915e+01,1.795532243481943624e+01
5.849385538725350386e+01,1.855243852868284193e+01
5.851386110317233857e+01,1.733750391881211073e+01
5.853386681909117328e+01,1.724749143469897561e+01
5.855387253501000799e+01,1.690972658550991525e+01
5.857387825092884270e+01,1.631531693280670225e+01
5.859388396684767031e+01,1.562641842626435107e+01
5.861388968276650502e+01,1.583797150582863189e+01
5.863389539868533973e+01,1.568622354647300199e+01
5.865390111460417444e+01,1.522059667897548252e+01
5.867390683052300915e+01,1.504867206235030608e+01
5.869391254644184386e+01,1.407694870713103974e+01
5.871391826236067857e+01,1.438438416479038118e+01
5.873392397827951328e+01,1.418168651476655739e+01
5.875392969419834799e+01,1.344382597076479513e+01
5.877393541011717559e+01,1.387963529777452365e+01
5.879394112603601030e+01,1.311334744845798284e+01
5.881394684195484501e+01,1.242061390091513218e+01
5.883395255787367972e+01,1.314722550054892380e+01
5.885395827379251443e+01,1.152736952150166694e+01
5.887396398971134914e+01,1.076246453038739226e+01
5.889396970563018385e+01,1.125480084041853601e+01
5.891397542154901856e+01,1.119934457045064136e+01
5.893398113746785327e+01,1.046656012502893773e+01
5.895398685338668798e+01,9.608017401640230659e+00
5.897399256930551559e+01,1.045603311806769753e+01
5.899399828522435030e+01,1.023877451689468110e+01
5.901400400114318501e+01,9.389034321889345946e+00
5.903400971706201972e+01,8.829552391466862105e+00
5.905401543298085443e+01,9.315303457027150458e+00
5.907402114889968914e+01,9.140809215990680414e+00
5.909402686481852385e+01,9.355720151224637959e+00
5.911403258073735856e+01,8.380813904443773055e+00
5.913403829665619327e+01,8.223202612973929959e+00
5.915404401257502087e+01,8.710159586511139196e+00
5.917404972849385558e+01,7.739163647106295230e+00
5.919405544441269029e+01,8.738451374156838369e+00
5.921406116033152500e+01,9.236424173867357368e+00
5.923406687625035971e+01,8.145643527965628294e+00
5.925407259216919442e+01,8.747207830688962460e+00
5.927407830808802913e+01,8.820486664752520412e+00
5.929408402400686384e+01,9.677496682943459660e+00
5.931408973992569855e+01,9.074167769320471422e+00
5.933409545584453326e+01,1.041799218157423645e+01
5.935410117176336087e+01,9.525414660108443954e+00
5.937410688768219558e+01,1.057242209403375632e+01
5.939411260360103029e+01,1.027356017080097850e+01
5.941411831951986500e+01,1.121905544522246068e+01
5.943412403543869971e+01,1.089427019006734909e+01
5.945412975135753442e+01,1.170816140311606546e+01
5.947413546727636913e+01,1.307863298161288945e+01
5.949414118319520384e+01,1.373205014725530404e+01
5.951414689911403855e+01,1.399118648570768286e+01
5.953415261503286615e+01,1.390766314874854004e+01
5.955415833095170086e+01,1.448119828015533983e+01
5.957416404687053557e+01,1.428804237416616374e+01
5.959416976278937028e+01,1.523831846543451896e+01
5.961417547870820499e+01,1.612320590240567242e+01
5.963418119462703970e+01,1.644465175470016760e+01
5.965418691054587441e+01,1.615926210869283963e+01
5.967419262646470912e+01,1.547575259569016737e+01
5.969419834238354383e+01,1.567125460503007162e+01
5.971420405830237144e+01,1.610428113425963659e+01
5.973420977422120615e+01,1.582619378194129389e+01
5.975421549014004086e+01,1.574725476911254063e+01
5.977422120605887557e+01,1.551744693010380161e+01
5.979422692197771028e+01,1.617916149405043313e+01
5.981423263789654499e+01,1.594786350956186993e+01
5.983423835381537970e+01,1.687873909233087488e+01
5.985424406973421441e+01,1.719541230477172533e+01
5.987424978565304912e+01,1.711627056908907463e+01
5.989425550157188383e+01,1.768386083008697796e+01
5.991426121749071143e+01,1.739173904906396118e+01
5.993426693340954614e+01,1.837128445671050514e+01
5.995427264932838085e+01,1.872968717283195161e+01
5.997427836524721556e+01,1.925070497603309150e+01
5.999428408116605027e+01,1.925994381326533755e+01
6.001428979708488498e+01,1.949294559545207761e+01
6.003429551300371969e+01,1.931457072828883526e+01
6.005430122892255440e+01,1.921925245967254625e+01
6.007430694484138911e+01,1.905960550088960304e+01
6.009431266076021672e+01,1.891170075940366146e+01
6.011431837667905143e+01,1.793396837786346154e+01
6.013432409259788614e+01,1.749822733339922110e+01
6.015432980851672085e+01,1.730834764136537274e+01
6.017433552443555556e+01,1.755231380135827379e+01
6.019434124035439027e+01,1.639478289323097826e+01
6.021434695627322498e+01,1.570310343128013386e+01
6.023435267219205969e+01,1.489329470968040070e+01
6.025435838811089440e+01,1.394979832214347581e+01
6.027436410402972911e+01,1.417568863173554483e+01
6.029436981994855671e+01,1.295410002488819856e+01
6.031437553586739142e+01,1.263870967763193676e+01
6.033438125178622613e+01,1.269720661039567133e+01
6.035438696770506084e+01,1.203824463337289430e+01
6.037439268362389555e+01,1.152802015468492058e+01
6.039439839954273026e+01,1.119140623593388639e+01
6.041440411546156497e+01,1.154857644460866162e+01
6.043440983138039968e+01,1.114566275338698453e+01
6.045441554729923439e+01,1.114724975481695601e+01
6.047442126321806199e+01,1.108247462683384299e+01
6.049442697913689670e+01,1.090313830662195826e+01
6.051443269505573141e+01,1.106702898056082773e+01
6.053443841097456612e+01,1.137715916322422416e+01
6.055444412689340083e+01,1.089460400268572293e+01
6.057444984281223554e+01,1.184703714359853599e+01
6.059445555873107025e+01,1.137288100290800585e+01
6.061446127464990496e+01,1.131832837655717228e+01
6.063446699056873967e+01,1.151585174128592293e+01
6.065447270648756728e+01,1.109542544360326843e+01
6.067447842240640199e+01,1.148548406932571453e+01
6.069448413832523670e+01,1.142173157198743993e+01
6.071448985424407141e+01,1.080603351123800948e+01
6.073449557016290612e+01,1.134516482121320990e+01
6.075450128608174083e+01,1.089430195808841262e+01
6.077450700200057554e+01,1.078355944206640871e+01
6.079451271791941025e+01,1.127904282748593090e+01
6.081451843383824496e+01,1.145410899801363769e+01
6.083452414975707967e+01,1.106902107874124397e+01
6.085452986567590727e+01,1.075087685230456813e+01
6.087453558159474198e+01,1.150269533071995376e+01
6.089454129751357669e+01,1.141732191987702372e+01
6.091454701343241140e+01,1.242104704763103840e+01
6.093455272935124611e+01,1.162282952980737605e+01
6.095455844527008082e+01,1.249311703344432090e+01
6.097456416118891553e+01,1.137915584615905829e+01
6.099456987710775024e+01,1.242511451180638105e+01
6.101457559302658495e+01,1.100758375410278589e+01
6.103458130894541256e+01,1.163135542926331745e+01
6.105458702486424727e+01,1.129272642596383136e+01
6.107459274078308198e+01,1.061224538092987402e+01
6.109459845670191669e+01,1.128853833488768288e+01
6.111460417262075140e+01,1.065628538661798075e+01
6.113460988853958611e+01,1.036093604610296026e+01
6.115461560445842082e+01,1.133938133826040584e+01
6.117462132037725553e+01,1.169560569710218267e+01
6.119462703629609024e+01,1.062103148187953394e+01
6.121463275221492495e+01,1.134437703861141600e+01
6.123463846813375255e+01,1.121540727048624575e+01
6.125464418405258726e+01,1.081615947364125319e+01
6.127464989997142197e+01,1.191233667375779781e+01
6.129465561589025668e+01,1.211760160399358988e+01
6.131466133180909139e+01,1.224135456738614103e+01
6.133466704772792610e+01,1.217401310881609078e+01
6.135467276364676081e+01,1.296626314659648216e+01
6.137467847956559552e+01,1.331121607670373663e+01
6.139468419548443023e+01,1.203743968432039857e+01
6.141468991140325784e+01,1.220190129249568400e+01
6.143469562732209255e+01,1.292200405374631345e+01
6.145470134324092726e+01,1.299262729653332293e+01
6.147470705915976197e+01,1.296458419671416706e+01
6.149471277507859668e+01,1.258499809236030131e+01
6.151471849099743139e+01,1.201421377437308813e+01
6.153472420691626610e+01,1.175077158614898920e+01
6.155472992283510081e+01,1.142520951912007732e+01
6.157473563875393552e+01,1.096682919562411307e+01
6.159474135467276312e+01,1.022606050392062826e+01
6.161474707059159783e+01,1.085022921081584180e+01
6.163475278651043254e+01,9.864194298092037627e+00
6.165475850242926725e+01,1.072692537170811988e+01
6.167476421834810196e+01,1.033039576895357214e+01
6.169476993426693667e+01,1.018531469581410676e+01
6.171477565018577138e+01,1.019571479283556137e+01
6.173478136610460609e+01,9.528341518980170122e+00
6.175478708202344080e+01,1.006347563335154760e+01
6.177479279794227551e+01,1.000769557932046538e+01
6.179479851386110312e+01,1.022860746820263955e+01
6.181480422977993783e+01,1.015419424503422974e+01
6.183480994569877254e+01,9.685223888438674322e+00
6.185481566161760725e+01,1.004414048849672092e+01
6.187482137753644196e+01,1.065901730272159753e+01
6.189482709345527667e+01,9.825358897884035159e+00
6.191483280937411138e+01,1.045123839320848447e+01
6.193483852529294609e+01,9.925574811990335533e+00
6.195484424121178080e+01,1.063623851000783205e+01
6.197484995713060840e+01,1.122754928477571390e+01
6.199485567304944311e+01,1.023450190813062832e+01
6.201486138896827782e+01,1.030395282891315567e+01
6.203486710488711253e+01,1.107870995851127205e+01
6.205487282080594724e+01,1.096990146723970128e+01
6.207487853672478195e+01,1.072937858287118118e+01
6.209488425264361666e+01,1.084196825761484462e+01
6.211488996856245137e+01,1.132508658059729001e+01
6.213489568448128608e+01,1.129094358795762787e+01
6.215490140040011369e+01,1.156325307436369343e+01
6.217490711631894840e+01,1.231491274626766597e+01
6.219491283223778311e+01,1.257735848165319759e+01
6.221491854815661782e+01,1.218664029515689862e+01
6.223492426407545253e+01,1.334533406216758777e+01
6.225492997999428724e+01,1.242098381675686269e+01
6.227493569591312195e+01,1.346870893081899823e+01
6.229494141183195666e+01,1.397249594048840748e+01
6.231494712775079137e+01,1.401263450923049092e+01
6.233495284366962608e+01,1.448589605069030384e+01
6.235495855958845368e+01,1.417572010760856216e+01
6.237496427550728839e+01,1.385622975687837233e+01
6.239496999142612310e+01,1.483496229308774872e+01
6.241497570734495781e+01,1.547872845530256924e+01
6.243498142326379252e+01,1.520205651918013601e+01
6.245498713918262723e+01,1.514185613191765256e+01
6.247499285510146194e+01,1.539820827070674980e+01
6.249499857102029665e+01,1.549641312627067968e+01
6.251500428693913136e+01,1.525480894080504690e+01
6.253501000285795897e+01,1.516145373252898665e+01
6.255501571877679368e+01,1.515165659121599262e+01
6.257502143469562839e+01,1.594131449592623184e+01
6.259502715061446310e+01,1.554665592843545241e+01
6.261503286653329781e+01,1.574190838793478697e+01
6.263503858245213252e+01,1.578978941222380428e+01
6.265504429837096723e+01,1.588201317499616749e+01
6.267505001428980194e+01,1.643975981549701970e+01
6.269505573020863665e+01,1.643780021736107599e+01
6.271506144612747136e+01,1.647656222108646773e+01
6.273506716204629896e+01,1.655992610920467811e+01
6.275507287796513367e+01,1.610177237534348649e+01
6.277507859388396838e+01,1.624776868556946852e+01
6.279508430980280309e+01,1.529019281680001541e+01
6.281509002572163780e+01,1.522843060611182509e+01
6.283509574164047251e+01,1.625078268267085591e+01
6.285510145755930722e+01,1.525121922162298205e+01
6.287510717347814193e+01,1.561805714715761262e+01
6.289511288939697664e+01,1.546386042099889480e+01
6.291511860531580425e+01,1.578747642663211259e+01
6.293512432123463896e+01,1.406895769032078292e+01
6.295513003715347367e+01,1.396537171359203100e+01
6.297513575307230838e+01,1.356080938789608581e+01
6.299514146899114309e+01,1.321063885530638160e+01
6.301514718490997780e+01,1.349416947901574204e+01
6.303515290082881251e+01,1.325577987971530902e+01
6.305515861674764722e+01,1.269723516506968686e+01
6.307516433266648193e+01,1.227259215784880553e+01
6.309517004858530953e+01,1.245066046872759635e+01
6.311517576450414424e+01,1.291045863164693763e+01
6.313518148042297895e+01,1.293371488226650534e+01
6.315518719634181366e+01,1.227316659623214967e+01
6.317519291226064837e+01,1.234935119927597569e+01
6.319519862817948308e+01,1.215023825191505580e+01
6.321520434409831779e+01,1.332910257488750005e+01
6.323521006001715250e+01,1.292894259732139162e+01
6.325521577593598721e+01,1.211330074645370658e+01
6.327522149185482192e+01,1.367903757493845163e+01
6.329522720777364952e+01,1.319879057949990653e+01
6.331523292369248423e+01,1.336052711559736572e+01
6.333523863961131894e+01,1.431733927210174961e+01
6.335524435553015365e+01,1.371674301510894090e+01
6.337525007144898836e+01,1.448855190093673428e+01
6.339525578736782307e+01,1.451190887418555242e+01
6.341526150328665778e+01,1.381681124501736946e+01
6.343526721920549249e+01,1.490106844626392224e+01
6.345527293512432720e+01,1.383571041539737756e+01
6.347527865104315481e+01,1.503159214697988943e+01
6.349528436696198952e+01,1.359285316357673956e+01
6.351529008288082423e+01,1.358602208424555258e+01
6.353529579879965894e+01,1.390725065340115840e+01
6.355530151471849365e+01,1.326080583188018380e+01
6.357530723063732836e+01,1.291804936734392406e+01
6.359531294655616307e+01,1.292227000434816730e+01
6.361531866247499778e+01,1.200888485675903183e+01
6.363532437839383249e+01,1.228899301861260795e+01
6.365533009431266720e+01,1.262350045725866110e+01
6.367533581023149480e+01,1.232256022279898211e+01
6.369534152615032951e+01,1.115384761404440006e+01
6.371534724206916422e+01,1.231636639585737214e+01
6.373535295798799893e+01,1.143271616398284607e+01
6.375535867390683364e+01,1.174350842710757803e+01
6.377536438982566835e+01,1.192528710860360519e+01
6.379537010574450306e+01,1.220992619869506868e+01
6.381537582166333777e+01,1.165085186811379714e+01
6.383538153758217248e+01,1.254794786747739721e+01
6.385538725350100009e+01,1.278568057159506210e+01
6.387539296941983480e+01,1.207200410320958284e+01
6.389539868533866951e+01,1.284445325087603074e+01
6.391540440125750422e+01,1.228222583516952326e+01
6.393541011717633893e+01,1.216949176727148263e+01
6.395541583309517364e+01,1.229977170606147574e+01
6.397542154901400835e+01,1.233787703804937763e+01
6.399542726493284306e+01,1.260030598685825609e+01
6.401543298085167066e+01,1.282208447235794679e+01
6.403543869677051248e+01,1.289315192101147112e+01
6.405544441268934008e+01,1.226858649910375121e+01
6.407545012860816769e+01,1.320533564839358043e+01
6.409545584452700950e+01,1.235647420380538897e+01
6.411546156044585132e+01,1.206475688516970024e+01
6.413546727636467892e+01,1.209808271913907340e+01
6.415547299228350653e+01,1.273286495032708387e+01
6.417547870820234834e+01,1.141848405967295577e+01
6.419548442412119016e+01,1.205900455549049255e+01
6.421549014004001776e+01,1.207077909319182929e+01
6.423549585595884537e+01,1.201163966965020258e+01
6.425550157187768718e+01,1.171992426413315869e+01
6.427550728779651479e+01,1.125285850179091085e+01
6.429551300371534239e+01,1.178835801583177911e+01
6.431551871963418421e+01,1.150712525585368873e+01
6.433552443555302602e+01,1.114104625529313886e+01
6.435553015147185363e+01,1.141838670229195074e+01
6.437553586739068123e+01,1.179254913036118246e+01
6.439554158330952305e+01,1.101527434694481933e+01
6.441554729922835065e+01,1.074558071064427622e+01
6.443555301514717826e+01,1.075959649095141657e+01
6.445555873106602007e+01,1.142633982860083464e+01
6.447556444698486189e+01,1.014447803963701844e+01
6.449557016290368949e+01,1.019281642308434144e+01
6.451557587882251710e+01,9.982833335323089585e+00
6.453558159474135891e+01,1.031225436777574345e+01
6.455558731066020073e+01,1.053470689147215467e+01
6.457559302657902833e+01,1.108540769137047732e+01
6.459559874249785594e+01,1.066641071129078000e+01
6.461560445841669775e+01,1.031280424476858748e+01
6.463561017433552536e+01,1.090560655845062143e+01
6.465561589025435296e+01,9.736839467303614271e+00
6.467562160617319478e+01,1.030038327330718317e+01
6.469562732209203659e+01,9.948674423873274719e+00
6.471563303801086420e+01,1.071702288422251570e+01
6.473563875392969180e+01,9.514320567154676667e+00
6.475564446984853362e+01,9.431586474778386631e+00
6.477565018576737543e+01,1.044022662034242899e+01
6.479565590168618883e+01,8.824753704432737322e+00
6.481566161760503064e+01,9.499268781781294635e+00
6.483566733352387246e+01,1.037152961671323226e+01
6.485567304944270006e+01,9.714120158894294477e+00
6.487567876536152767e+01,9.537335207716335361e+00
6.489568448128036948e+01,8.894440926233542655e+00
6.491569019719921130e+01,9.307943704660821993e+00
6.493569591311803890e+01,9.954079732958387439e+00
6.495570162903686651e+01,8.974129635968239427e+00
6.497570734495570832e+01,8.603330276336228266e+00
6.499571306087453593e+01,8.476043363564002675e+00
6.501571877679336353e+01,9.439829222881586546e+00
6.503572449271220535e+01,9.294102684259154756e+00
6.505573020863104716e+01,8.929190937022431385e+00
6.507573592454987477e+01,9.772746015839619105e+00
6.509574164046870237e+01,9.080418187800763263e+00
6.511574735638754419e+01,9.149573589820196418e+00
6.513575307230638600e+01,9.001015661585547889e+00
6.515575878822521361e+01,9.475045849482160776e+00
6.517576450414404121e+01,9.327721202653833643e+00
6.519577022006288303e+01,8.783216533548568350e+00
6.521577593598171063e+01,9.815187733252322744e+00
6.523578165190053824e+01,9.848224190171308123e+00
6.525578736781938005e+01,1.005460119853646717e+01
6.527579308373822187e+01,1.048020509934413624e+01
6.529579879965704947e+01,1.025898067408378900e+01
6.531580451557587708e+01,9.174201848265267856e+00
6.533581023149471889e+01,9.921794252857344176e+00
6.535581594741354650e+01,9.735225744335313180e+00
6.537582166333237410e+01,9.830707812991880346e+00
6.539582737925121592e+01,9.872763915846350713e+00
6.541583309517005773e+01,9.073177939578251028e+00
6.543583881108888534e+01,9.353390073297354945e+00
6.545584452700771294e+01,9.708140548607836706e+00
6.547585024292655476e+01,9.255004273571856288e+00
6.549585595884539657e+01,1.020684560270295549e+01
6.551586167476422418e+01,9.501874217122974642e+00
6.553586739068305178e+01,1.007024939448542966e+01
6.555587310660189360e+01,1.047718939698457241e+01
6.557587882252072120e+01,1.018871676560849870e+01
6.559588453843954881e+01,1.063186547437853058e+01
6.561589025435839062e+01,1.152762054488395194e+01
6.563589597027723244e+01,1.102878479964907754e+01
6.565590168619606004e+01,1.129833753987537648e+01
6.567590740211488765e+01,1.071632224630926444e+01
6.569591311803372946e+01,1.046792712216857169e+01
6.571591883395257128e+01,1.067635926767995969e+01
6.573592454987138467e+01,1.142835314885537024e+01
6.575593026579022649e+01,1.065036064538292493e+01
6.577593598170906830e+01,1.103186753164596823e+01
6.579594169762789591e+01,1.192882468107345240e+01
6.581594741354672351e+01,1.108486444199739296e+01
6.583595312946556533e+01,1.091904472703475193e+01
6.585595884538440714e+01,1.070005870324229491e+01
6.587596456130323475e+01,1.010961601908695151e+01
6.589597027722206235e+01,1.033908193232079142e+01
6.591597599314090417e+01,1.108100128048188182e+01
6.593598170905973177e+01,1.016572485587251151e+01
6.595598742497855937e+01,9.784321155231983980e+00
6.597599314089740119e+01,1.148135982436520308e+01
6.599599885681624301e+01,1.060435133712004330e+01
6.601600457273507061e+01,1.066827776586284671e+01
6.603601028865389821e+01,1.111985194601240146e+01
6.605601600457274003e+01,1.096738782995841888e+01
6.607602172049158185e+01,1.125307100954952411e+01
6.609602743641040945e+01,1.146923704766952667e+01
6.611603315232923705e+01,1.066418802199621041e+01
6.613603886824807887e+01,1.151468761614639646e+01
6.615604458416690647e+01,1.110930292614548698e+01
6.617605030008573408e+01,1.202805893434889661e+01
6.619605601600457589e+01,1.083476211805389866e+01
6.621606173192341771e+01,1.021737797107247303e+01
6.623606744784224531e+01,1.068871686068650106e+01
6.625607316376107292e+01,1.027980044164972995e+01
6.627607887967991473e+01,1.055762578162539000e+01
6.629608459559874234e+01,1.103166640540862176e+01
6.631609031151756994e+01,1.048934089298874817e+01
6.633609602743641176e+01,9.363520778131247724e+00
6.635610174335525357e+01,1.020123103319119551e+01
6.637610745927408118e+01,9.529408368080718006e+00
6.639611317519290878e+01,1.003684305667418819e+01
6.641611889111175060e+01,9.679810327491164657e+00
6.643612460703059241e+01,1.018632396425971010e+01
6.645613032294942002e+01,9.942328431551693768e+00
6.647613603886824762e+01,1.032341455437916622e+01
6.649614175478708944e+01,9.819294235398123405e+00
6.651614747070591704e+01,1.054928995242424072e+01
6.653615318662474465e+01,1.018933043908308278e+01
6.655615890254358646e+01,1.038610824197743199e+01
6.657616461846242828e+01,1.059800336790689812e+01
6.659617033438125588e+01,1.078038197474539039e+01
6.661617605030008349e+01,1.071171792010257207e+01
6.663618176621892530e+01,9.746935268273782427e+00
6.665618748213776712e+01,1.100192517252504132e+01
6.667619319805658051e+01,1.046221015161401446e+01
6.669619891397542233e+01,1.062625896452894381e+01
6.671620462989426414e+01,1.030294592087925309e+01
6.673621034581309175e+01,9.868687839024413933e+00
6.675621606173191935e+01,1.001249260021270437e+01
6.677622177765076117e+01,9.843605875303431674e+00
6.679622749356960298e+01,8.849001248287610366e+00
6.681623320948843059e+01,9.991421707506166427e+00
6.683623892540725819e+01,8.995438957450542006e+00
6.685624464132610001e+01,9.425659881899175474e+00
6.687625035724492761e+01,9.726077951732534643e+00
6.689625607316375522e+01,8.968349183719331208e+00
6.691626178908259703e+01,9.160387809645690993e+00
6.693626750500143885e+01,8.835865219294870343e+00
6.695627322092026645e+01,8.957110934291883098e+00
6.697627893683909406e+01,8.741394364218232127e+00
6.699628465275793587e+01,8.330802129861879735e+00
6.701629036867677769e+01,8.014334746621624816e+00
6.703629608459560529e+01,8.516060340586111721e+00
6.705630180051443290e+01,8.622844102768418395e+00
6.707630751643327471e+01,8.314723159047115786e+00
6.709631323235210232e+01,8.372867061787040655e+00
6.711631894827092992e+01,8.395633990399971935e+00
6.713632466418977174e+01,8.431438766825149145e+00
6.715633038010861355e+01,9.423068053927032395e+00
6.717633609602744116e+01,9.513021065773628493e+00
6.719634181194626876e+01,8.541912637886099446e+00
6.721634752786511058e+01,8.989001886262199648e+00
6.723635324378393818e+01,9.505612148989433408e+00
6.725635895970276579e+01,9.498749995068354934e+00
6.727636467562160760e+01,8.808422268152416024e+00
6.729637039154044942e+01,9.905068901455432950e+00
6.731637610745927702e+01,9.129681608209690324e+00
6.733638182337810463e+01,9.538186354319368121e+00
6.735638753929694644e+01,9.143891431214413501e+00
6.737639325521578826e+01,1.001048154859617156e+01
6.739639897113461586e+01,9.674948774911660720e+00
6.741640468705344347e+01,9.412797194175206883e+00
6.743641040297228528e+01,9.486493591032456152e+00
6.745641611889111289e+01,8.600018779254071433e+00
6.747642183480994049e+01,8.750042796470378192e+00
6.749642755072878231e+01,8.842546550427414331e+00
6.751643326664762412e+01,9.123381924777433483e+00
6.753643898256645173e+01,7.880332194922024414e+00
6.755644469848527933e+01,7.890502333760415432e+00
6.757645041440412115e+01,8.207596174840215753e+00
6.759645613032296296e+01,8.868228251736073986e+00
6.761646184624177636e+01,7.769295596756347067e+00
6.763646756216061817e+01,7.403053038818001141e+00
6.765647327807945999e+01,8.267998900437586229e+00
6.767647899399828759e+01,7.978893061924376973e+00
6.769648470991711520e+01,8.492888707027375972e+00
6.771649042583595701e+01,7.577146375208148932e+00
6.773649614175479883e+01,7.782543044016061451e+00
6.775650185767362643e+01,8.262979897418180286e+00
6.777650757359245404e+01,8.307576811594568511e+00
6.779651328951129585e+01,8.489464420145361956e+00
6.781651900543012346e+01,8.050099066815747051e+00
6.783652472134895106e+01,8.388710398734676943e+00
6.785653043726779288e+01,8.507529695775517098e+00
6.787653615318663469e+01,8.831834366149060145e+00
6.789654186910546230e+01,8.939052090354438818e+00
6.791654758502428990e+01,9.695836523860524636e+00
6.793655330094313172e+01,9.673841878943594708e+00
6.795655901686197353e+01,9.469750762469189453e+00
6.797656473278080114e+01,8.453430301756405640e+00
6.799657044869962874e+01,8.871436119493662176e+00
6.801657616461847056e+01,8.532472203073627526e+00
6.803658188053729816e+01,8.415891316008799805e+00
6.805658759645612577e+01,9.073797166524332880e+00
6.807659331237496758e+01,8.450500573828303885e+00
6.809659902829380940e+01,8.343485116926386169e+00
6.811660474421263700e+01,9.395725428403988388e+00
6.813661046013146461e+01,8.442593872842881098e+00
6.815661617605030642e+01,8.089630341251487167e+00
6.817662189196913403e+01,8.495516940359578939e+00
6.819662760788796163e+01,8.197772984370887528e+00
6.821663332380680345e+01,9.126891896301724927e+00
6.823663903972564526e+01,8.915031277619956285e+00
6.825664475564447287e+01,8.778204065655696553e+00
6.827665047156330047e+01,9.851008893956844759e+00
6.829665618748214229e+01,9.173177907531924191e+00
6.831666190340098410e+01,8.985422832930456849e+00
6.833666761931981171e+01,9.440066323967927886e+00
6.835667333523863931e+01,1.001943000539542439e+01
6.837667905115748113e+01,1.033147208043861909e+01
6.839668476707630873e+01,1.049110408028307795e+01
6.841669048299513634e+01,9.754738668701556037e+00
6.843669619891397815e+01,1.005171107117715934e+01
6.845670191483281997e+01,1.067689385189934015e+01
6.847670763075164757e+01,1.028434623628404587e+01
6.849671334667047518e+01,1.028670269764387513e+01
6.851671906258931699e+01,1.106272094800478634e+01
6.853672477850815881e+01,1.124098961060700219e+01
6.855673049442697220e+01,1.062816533571179356e+01
6.857673621034581402e+01,1.075114159183188889e+01
6.859674192626465583e+01,1.173839478421097304e+01
6.861674764218348344e+01,1.089325911866134611e+01
6.863675335810231104e+01,1.189690213706421673e+01
6.865675907402115286e+01,1.125961679591288345e+01
6.867676478993999467e+01,1.069575301870775874e+01
6.869677050585882228e+01,1.131601012447690735e+01
6.871677622177764988e+01,1.248385339046447662e+01
6.873678193769649170e+01,1.212208253589819051e+01
6.875678765361531930e+01,1.179065268825645063e+01
6.877679336953414690e+01,1.297295899072810599e+01
6.879679908545298872e+01,1.313848353619173892e+01
6.881680480137183054e+01,1.239686565774698934e+01
6.883681051729065814e+01,1.302194663753063963e+01
6.885681623320948574e+01,1.311338784646860489e+01
6.887682194912832756e+01,1.285427230406949128e+01
6.889682766504716938e+01,1.324004141739797547e+01
6.891683338096599698e+01,1.420417771118792238e+01
6.893683909688482458e+01,1.376442142791455225e+01
6.895684481280366640e+01,1.392434039179865479e+01
6.897685052872249400e+01,1.390658795335698983e+01
6.899685624464132161e+01,1.436523696374817760e+01
6.901686196056016342e+01,1.415889533496997466e+01
6.903686767647900524e+01,1.381686222025107114e+01
6.905687339239783284e+01,1.387696754079239980e+01
6.907687910831666045e+01,1.382812509371214738e+01
6.909688482423550226e+01,1.340437636678827005e+01
6.911689054015432987e+01,1.403085860002411778e+01
6.913689625607315747e+01,1.356927737456520688e+01
6.915690197199199929e+01,1.376863220339458671e+01
6.917690768791084110e+01,1.328706954949568697e+01
6.919691340382966871e+01,1.392328739463616749e+01
6.921691911974849631e+01,1.375933710838355672e+01
6.923692483566733813e+01,1.403521329039596210e+01
6.925693055158617994e+01,1.448616791117496838e+01
6.927693626750500755e+01,1.411734674972954018e+01
6.929694198342383515e+01,1.518674210880779185e+01
6.931694769934267697e+01,1.514033232751724611e+01
6.933695341526150457e+01,1.539581782401055676e+01
6.935695913118033218e+01,1.634926991529042439e+01
6.937696484709917399e+01,1.515609229652091727e+01
6.939697056301801581e+01,1.627131844931600568e+01
6.941697627893684341e+01,1.699591449205270166e+01
6.943698199485567102e+01,1.692230953458063425e+01
6.945698771077451283e+01,1.675256230455641671e+01
6.947699342669335465e+01,1.644743739908923175e+01
6.949699914261216804e+01,1.697148442784282452e+01
6.951700485853100986e+01,1.656757543300198776e+01
6.953701057444985167e+01,1.571813613632976114e+01
6.955701629036867928e+01,1.543502657889739638e+01
6.957702200628750688e+01,1.594105560305839120e+01
6.959702772220634870e+01,1.538357029864295455e+01
6.961703343812519051e+01,1.510669207529091196e+01
6.963703915404401812e+01,1.449037224723295125e+01
6.965704486996284572e+01,1.440964092057794588e+01
6.967705058588168754e+01,1.349616420171083497e+01
6.969705630180051514e+01,1.294186846379744082e+01
6.971706201771934275e+01,1.238176838048739548e+01
6.973706773363818456e+01,1.351989470898503676e+01
6.975707344955702638e+01,1.298029125917012472e+01
6.977707916547585398e+01,1.240691429951789004e+01
6.979708488139468159e+01,1.291185219624154001e+01
6.981709059731352340e+01,1.386600792764058454e+01
6.983709631323236522e+01,1.334139451073226112e+01
6.985710202915119282e+01,1.314894186058410952e+01
6.987710774507002043e+01,1.378057141612601910e+01
6.989711346098886224e+01,1.359136698351569450e+01
6.991711917690768985e+01,1.343996942709677000e+01
6.993712489282651745e+01,1.317366639127025429e+01
6.995713060874535927e+01,1.370229398218122085e+01
6.997713632466420108e+01,1.407349393167113405e+01
6.999714204058302869e+01,1.302775482706316090e+01
7.001714775650185629e+01,1.371625549058210858e+01
7.003715347242069811e+01,1.306697405962232494e+01
7.005715918833952571e+01,1.233617342450005339e+01
7.007716490425835332e+01,1.318063746410227566e+01
7.009717062017719513e+01,1.177289957258761177e+01
7.011717633609603695e+01,1.144461905824919334e+01
7.013718205201486455e+01,1.180102834182476812e+01
7.015718776793369216e+01,1.096860013697942193e+01
7.017719348385253397e+01,1.085294990920642633e+01
7.019719919977137579e+01,1.111883416268512015e+01
7.021720491569020339e+01,1.096564854969991742e+01
7.023721063160903100e+01,1.037680779061025760e+01
7.025721634752787281e+01,1.038014409212032518e+01
7.027722206344670042e+01,1.069206698814451428e+01
7.029722777936552802e+01,9.405618774675236438e+00
7.031723349528436984e+01,1.028383402699888727e+01
7.033723921120321165e+01,9.888617280980131596e+00
7.035724492712203926e+01,1.067550762961738009e+01
7.037725064304086686e+01,1.009115290849646307e+01
7.039725635895970868e+01,1.048400452237838820e+01
7.041726207487855049e+01,1.059187267482903039e+01
7.043726779079736389e+01,1.089973319657365991e+01
7.045727350671620570e+01,1.184766998442601249e+01
7.047727922263504752e+01,1.158398546830241571e+01
7.049728493855387512e+01,1.149528972739305566e+01
7.051729065447270273e+01,1.198008111664696784e+01
7.053729637039154454e+01,1.156705025197431702e+01
7.055730208631038636e+01,1.180324294300123356e+01
7.057730780222921396e+01,1.188920702617322078e+01
7.059731351814804157e+01,1.190532843169122401e+01
7.061731923406688338e+01,1.236948511842810561e+01
7.063732494998571099e+01,1.214349744584615465e+01
7.065733066590453859e+01,1.220036597465912287e+01
7.067733638182338041e+01,1.201769127991954811e+01
7.069734209774222222e+01,1.219635944285341722e+01
7.071734781366104983e+01,1.159632169120120615e+01
7.073735352957987743e+01,1.148157631658926192e+01
7.075735924549871925e+01,1.232122269430795924e+01
7.077736496141756106e+01,1.128732342397787036e+01
7.079737067733638867e+01,1.134929397606361690e+01
7.081737639325521627e+01,1.156847987642641229e+01
7.083738210917405809e+01,1.178283670762684565e+01
7.085738782509288569e+01,1.079085312846494560e+01
7.087739354101171330e+01,1.117177925745387768e+01
7.089739925693055511e+01,1.074800709355530870e+01
7.091740497284939693e+01,1.093470735326521925e+01
7.093741068876822453e+01,1.071394169687145137e+01
7.095741640468705214e+01,1.184583854663848967e+01
7.097742212060589395e+01,1.150573607412911414e+01
7.099742783652472156e+01,1.241902117954007778e+01
7.101743355244354916e+01,1.157004292753375907e+01
7.103743926836239098e+01,1.204952465723847688e+01
7.105744498428123279e+01,1.324744308039681151e+01
7.107745070020006040e+01,1.333097239361416797e+01
7.109745641611888800e+01,1.289071324307807132e+01
7.111746213203772982e+01,1.280681749211892928e+01
7.113746784795657163e+01,1.308782188459784734e+01
7.115747356387539924e+01,1.272841296269551492e+01
7.117747927979422684e+01,1.221653761640400759e+01
7.119748499571306866e+01,1.249209477503038457e+01
7.121749071163189626e+01,1.163507679365296354e+01
7.123749642755072387e+01,1.217872545328638978e+01
7.125750214346956568e+01,1.153506933985181604e+01
7.127750785938840750e+01,1.133143777098316640e+01
7.129751357530723510e+01,1.088515004676845876e+01
7.131751929122606271e+01,1.115573981661439262e+01
7.133752500714490452e+01,1.067818929299308905e+01
7.135753072306374634e+01,1.050091922356399721e+01
7.137753643898255973e+01,1.040357093901324603e+01
7.139754215490140155e+01,1.066449637884499957e+01
7.141754787082024336e+01,1.099916147222049290e+01
7.143755358673907097e+01,9.864876355662039131e+00
7.145755930265789857e+01,1.068330106438047977e+01
7.147756501857674039e+01,1.049146147806738405e+01
7.149757073449558220e+01,1.072969903858002283e+01
7.151757645041440981e+01,1.079362541578217360e+01
7.153758216633323741e+01,1.132120716701614427e+01
7.155758788225207923e+01,1.152327805799449933e+01
7.157759359817090683e+01,1.118210655431614597e+01
7.159759931408973443e+01,1.104934169933968313e+01
7.161760503000857625e+01,1.159328922223436820e+01
7.163761074592741807e+01,1.211723875086063984e+01
7.165761646184624567e+01,1.216720367355240207e+01
7.167762217776507327e+01,1.219472812557457786e+01
7.169762789368391509e+01,1.192809356861134162e+01
7.171763360960275691e+01,1.135651572506093387e+01
7.173763932552158451e+01,1.158815347505483473e+01
7.175764504144041211e+01,1.123168630616003938e+01
7.177765075735925393e+01,1.223275259911437196e+01
7.179765647327808153e+01,1.227543833110722105e+01
7.181766218919690914e+01,1.167691956180662416e+01
7.183766790511575095e+01,1.195384845148213948e+01
7.185767362103459277e+01,1.215777490264530059e+01
7.187767933695342037e+01,1.131682243382055475e+01
7.189768505287224798e+01,1.175230596755780965e+01
7.191769076879108979e+01,1.123865756538426552e+01
7.193769648470991740e+01,1.097019972562906887e+01
7.195770220062874500e+01,1.140007140685462517e+01
7.197770791654758682e+01,1.102630809654550248e+01
7.199771363246642863e+01,1.142403387170825724e+01
7.201771934838525624e+01,1.183827419530477698e+01
7.203772506430408384e+01,1.140150325049192048e+01
7.205773078022292566e+01,1.175760769851295962e+01
7.207773649614176747e+01,1.098241632006298119e+01
7.209774221206059508e+01,1.158440107572350009e+01
7.211774792797942268e+01,1.169953895835937629e+01
7.213775364389826450e+01,1.134869911749978932e+01
7.215775935981709210e+01,1.044573555921843422e+01
7.217776507573591971e+01,1.106452760009161906e+01
7.219777079165476152e+01,1.134305287397833695e+01
7.221777650757360334e+01,1.014754697685518181e+01
7.223778222349243094e+01,1.069504051320135929e+01
7.225778793941125855e+01,1.097601676356136480e+01
7.227779365533010036e+01,1.090226394535352128e+01
7.229779937124894218e+01,1.135710585680209839e+01
7.231780508716775557e+01,1.117905294295495366e+01
7.233781080308659739e+01,9.771405763251209464e+00
7.235781651900543920e+01,1.126254664160112462e+01
7.237782223492426681e+01,1.124565062831780793e+01
7.239782795084309441e+01,1.016362087230585587e+01
7.241783366676193623e+01,1.044887353298839017e+01
7.243783938268077804e+01,1.041927888559404103e+01
7.245784509859960565e+01,1.022927972547161879e+01
7.247785081451843325e+01,1.014337352187791552e+01
7.249785653043727507e+01,1.046060345953656601e+01
7.251786224635610267e+01,1.010412356469441519e+01
7.253786796227493028e+01,9.986916311555944503e+00
7.255787367819377209e+01,1.103488282809369991e+01
7.257787939411261391e+01,1.005365661422509760e+01
7.259788511003144151e+01,1.012649249705357946e+01
7.261789082595026912e+01,9.808242066906121437e+00
7.263789654186911093e+01,9.294253949657466762e+00
7.265790225778795275e+01,9.528977544398792077e+00
7.267790797370678035e+01,1.036937970003245724e+01
7.269791368962560796e+01,9.979553761711242643e+00
7.271791940554444977e+01,9.205991928088561593e+00
7.273792512146327738e+01,1.048161960220340561e+01
7.275793083738210498e+01,9.576150457584166276e+00
7.277793655330094680e+01,9.587388041081894130e+00
7.279794226921978861e+01,9.869465680747207870e+00
7.281794798513861622e+01,9.280476966147752194e+00
7.283795370105744382e+01,1.006628942595041920e+01
7.285795941697628564e+01,9.844078145583026185e+00
7.287796513289511324e+01,9.776187239747377689e+00
7.289797084881394085e+01,1.014409170719863695e+01
7.291797656473278266e+01,9.623852909270848244e+00
7.293798228065162448e+01,9.948812914899773929e+00
7.295798799657045208e+01,9.289649405777762325e+00
7.297799371248927969e+01,9.522275814459494114e+00
7.299799942840812150e+01,1.013217189654777073e+01
7.301800514432696332e+01,8.893540133564819428e+00
7.303801086024579092e+01,9.556346512779104074e+00
7.305801657616461853e+01,1.008368780092034989e+01
7.307802229208346034e+01,9.663086069294406499e+00
7.309802800800228795e+01,9.699671859769972926e+00
7.311803372392111555e+01,1.001963137572062834e+01
7.313803943983995737e+01,1.036503370230352061e+01
7.315804515575879918e+01,9.796810236750854273e+00
7.317805087167762679e+01,1.041254821148998388e+01
7.319805658759645439e+01,1.081039660866951735e+01
7.321806230351529621e+01,1.084619123898266935e+01
7.323806801943413802e+01,1.060022267673948093e+01
7.325807373535295142e+01,9.738298674762706497e+00
7.327807945127179323e+01,1.007983747854173373e+01
7.329808516719063505e+01,1.002408070049807343e+01
7.331809088310946265e+01,1.030671177670549632e+01
7.333809659902829026e+01,1.007168568850343426e+01
7.335810231494713207e+01,9.349727174964598930e+00
7.337810803086597389e+01,9.871298186685756093e+00
7.339811374678480149e+01,1.019692712972573467e+01
7.341811946270362910e+01,9.089835975598134610e+00
7.343812517862247091e+01,9.469250397279896703e+00
7.345813089454129852e+01,9.326430143922038951e+00
7.347813661046012612e+01,9.750021703625236569e+00
7.349814232637896794e+01,9.157986998547734458e+00
7.351814804229780975e+01,9.655235223794072397e+00
7.353815375821663736e+01,9.797361209236225221e+00
7.355815947413546496e+01,9.039453746870631079e+00
7.357816519005430678e+01,9.134007864656165765e+00
7.359817090597314859e+01,9.144887045837904793e+00
7.361817662189197620e+01,8.096510585490612755e+00
7.363818233781080380e+01,8.528119904112777760e+00
7.365818805372964562e+01,9.455253236904869851e+00
7.367819376964847322e+01,8.290858027190624924e+00
7.369819948556730083e+01,7.825842256819576903e+00
7.371820520148614264e+01,8.935753414090669366e+00
7.373821091740498446e+01,8.599401636386289738e+00
7.375821663332381206e+01,8.662380527986275780e+00
7.377822234924263967e+01,8.988697671921720200e+00
7.379822806516148148e+01,7.881764935203532829e+00
7.381823378108030909e+01,8.388606532237517399e+00
7.383823949699913669e+01,8.630037577832666784e+00
7.385824521291797851e+01,8.382108587548632528e+00
7.387825092883682032e+01,8.200238978513512578e+00
7.389825664475564793e+01,9.215508346527839123e+00
7.391826236067447553e+01,8.737876382461386982e+00
7.393826807659331735e+01,8.589753488316127061e+00
7.395827379251215916e+01,8.648293370077327680e+00
7.397827950843098677e+01,8.832783875107640625e+00
7.399828522434981437e+01,8.670566006564943251e+00
7.401829094026865619e+01,9.198535736209965563e+00
7.403829665618748379e+01,8.299117791977792535e+00
7.405830237210632561e+01,8.586323070892410314e+00
7.407830808802515321e+01,8.731434355544362091e+00
7.409831380394398082e+01,9.035006957646750436e+00
7.411831951986282263e+01,8.332330937405243887e+00
7.413832523578165024e+01,9.342753460396343357e+00
7.415833095170049205e+01,9.123198255619975328e+00
7.417833666761931966e+01,8.690685736699281350e+00
7.419834238353816147e+01,8.340206448088247626e+00
7.421834809945698908e+01,8.015247785435725802e+00
7.423835381537583089e+01,8.493017024480366217e+00
7.425835953129465850e+01,8.403749741710116794e+00
7.427836524721348610e+01,8.768138721039301586e+00
7.429837096313232792e+01,8.526507978185442482e+00
7.431837667905115552e+01,9.612710234534343812e+00
7.433838239496999734e+01,8.900312927551610187e+00
7.435838811088882494e+01,8.743056053022161933e+00
7.437839382680766676e+01,8.902210466548151402e+00
7.439839954272649436e+01,9.059563781037311969e+00
7.441840525864533618e+01,9.222933551240227956e+00
7.443841097456416378e+01,8.946783433526407592e+00
7.445841669048300560e+01,9.451759958816955631e+00
7.447842240640183320e+01,9.088377530180896002e+00
7.449842812232066080e+01,8.773598795422174135e+00
7.451843383823950262e+01,9.553246760506571178e+00
7.453843955415833022e+01,8.960069829958023035e+00
7.455844527007717204e+01,9.625112955274428117e+00
7.457845098599599964e+01,9.802537599666358403e+00
7.459845670191484146e+01,9.149328138651654285e+00
7.461846241783366906e+01,9.640602593727180647e+00
7.463846813375251088e+01,9.315421070812783810e+00
7.465847384967133848e+01,8.204444391897325772e+00
7.467847956559016609e+01,9.763582698139909866e+00
7.469848528150900790e+01,9.143444538116087372e+00
7.471849099742783551e+01,9.125913118926909817e+00
7.473849671334667732e+01,8.489837574874396608e+00
7.475850242926550493e+01,9.393209064795785324e+00
7.477850814518434674e+01,8.981227235917605967e+00
7.479851386110317435e+01,9.113615452303090336e+00
7.481851957702201616e+01,9.667194348243567603e+00
7.483852529294084377e+01,9.000674451634523621e+00
7.485853100885967137e+01,9.337860945883745600e+00
7.487853672477851319e+01,1.007072827166594209e+01
7.489854244069734079e+01,9.604256759891292461e+00
7.491854815661618261e+01,9.517645365429720172e+00
7.493855387253501021e+01,9.112713416063737526e+00
7.495855958845385203e+01,1.000899700285268246e+01
7.497856530437267963e+01,1.001838497984169329e+01
7.499857102029152145e+01,1.015675145386582479e+01
7.501857673621034905e+01,9.789103146828534108e+00
7.503858245212917666e+01,9.386313829259766095e+00
7.505858816804801847e+01,9.512855651407434721e+00
7.507859388396684608e+01,9.083438943289312562e+00
7.509859959988568789e+01,8.697319024150036881e+00
7.511860531580451550e+01,8.777927076924752825e+00
7.513861103172335731e+01,8.832631032109720337e+00
7.515861674764218492e+01,8.933737016183679103e+00
7.517862246356102673e+01,8.536898868438594690e+00
7.519862817947985434e+01,8.606204662271501604e+00
7.521863389539868194e+01,8.666520371649349741e+00
7.523863961131752376e+01,8.024171754110673405e+00
7.525864532723635136e+01,8.787333782932499560e+00
7.527865104315519318e+01,8.262211059228427246e+00
7.529865675907402078e+01,7.914148278760817057e+00
7.531866247499286260e+01,8.151607934398995781e+00
7.533866819091169020e+01,8.043701084709500293e+00
7.535867390683053202e+01,8.281517403215351791e+00
7.537867962274935962e+01,8.593475441121405822e+00
7.539868533866820144e+01,7.728707044227153489e+00
7.541869105458702904e+01,8.218934256013659123e+00
7.543869677050585665e+01,9.146598617820488997e+00
7.545870248642469846e+01,8.896517256176398547e+00
7.547870820234352607e+01,9.589587457262307879e+00
7.549871391826236788e+01,9.966360853396370345e+00
7.551871963418119549e+01,1.024178708951662387e+01
7.553872535010003730e+01,1.010443297447868716e+01
7.555873106601886491e+01,1.050447611020398853e+01
7.557873678193770672e+01,9.666785545859569950e+00
7.559874249785653433e+01,1.050563231180020018e+01
7.561874821377536193e+01,1.015608387069371332e+01
7.563875392969420375e+01,1.072071409575199752e+01
7.565875964561303135e+01,1.099627047198790919e+01
7.567876536153187317e+01,1.056871938642128406e+01
7.569877107745070077e+01,1.156536613136038127e+01
7.571877679336954259e+01,1.047296311924966616e+01
7.573878250928837019e+01,1.006708545078646466e+01
7.575878822520721201e+01,1.096419935534000345e+01
7.577879394112603961e+01,1.029393895777202772e+01
7.579879965704486722e+01,1.018901265178822158e+01
7.581880537296370903e+01,1.060435270589309376e+01
7.583881108888253664e+01,9.748504733529436805e+00
7.585881680480137845e+01,1.019746154920916048e+01
7.587882252072020606e+01,9.090574997277016678e+00
7.589882823663904787e+01,9.621014295070722255e+00
7.591883395255787548e+01,9.511151308691669470e+00
7.593883966847671729e+01,9.414732596951544963e+00
7.595884538439554490e+01,9.634771780254290263e+00
7.597885110031437250e+01,1.010159106663551576e+01
7.599885681623321432e+01,1.044564367683159745e+01
7.601886253215204192e+01,1.009661367685699318e+01
7.603886824807088374e+01,9.734126904723879647e+00
7.605887396398971134e+01,9.937688633577732134e+00
7.607887967990855316e+01,1.074266871626563358e+01
7.609888539582738076e+01,1.088623395756932410e+01
7.611889111174622258e+01,1.138609302661512857e+01
7.613889682766505018e+01,1.116519961080953749e+01
7.615890254358387779e+01,1.231508119586085215e+01
7.617890825950271960e+01,1.265199096639999787e+01
7.619891397542154721e+01,1.330775901068516198e+01
7.621891969134038902e+01,1.291129919426993666e+01
7.623892540725921663e+01,1.415027725713661155e+01
7.625893112317805844e+01,1.301532324805984331e+01
7.627893683909688605e+01,1.368511988353725783e+01
7.629894255501572786e+01,1.426417747510988576e+01
7.631894827093455547e+01,1.362070558331820003e+01
7.633895398685339728e+01,1.338803345789757060e+01
7.635895970277222489e+01,1.387690647489217000e+01
7.637896541869105249e+01,1.237084840234235550e+01
7.639897113460989431e+01,1.258187768686982366e+01
7.641897685052872191e+01,1.177225393934186570e+01
7.643898256644756373e+01,1.240186448735170188e+01
7.645898828236639133e+01,1.042505624754796756e+01
7.647899399828523315e+01,1.080988406030159865e+01
7.649899971420406075e+01,1.042904839251179538e+01
7.651900543012290257e+01,1.103355364139633465e+01
7.653901114604173017e+01,1.043051818178944146e+01
7.655901686196055778e+01,1.035773865589737497e+01
7.657902257787939959e+01,1.017199154732695376e+01
7.659902829379822720e+01,1.028528332639730891e+01
7.661903400971706901e+01,1.029865749790340423e+01
7.663903972563589662e+01,1.014769405250062739e+01
7.665904544155473843e+01,9.507141516246782942e+00
7.667905115747356604e+01,9.774911975265759168e+00
7.669905687339240785e+01,1.026480105624298034e+01
7.671906258931123546e+01,1.090478829128074878e+01
7.673906830523006306e+01,1.153655033726637313e+01
7.675907402114890488e+01,1.176758240040601677e+01
7.677907973706773248e+01,1.219493844080846046e+01
7.679908545298657430e+01,1.170995713460860266e+01
7.681909116890540190e+01,1.253567672532964217e+01
7.683909688482424372e+01,1.266237527380519978e+01
7.685910260074307132e+01,1.314358234164211581e+01
7.687910831666191314e+01,1.254786344251014718e+01
7.689911403258074074e+01,1.295834695154638005e+01
7.691911974849956835e+01,1.289952656492794958e+01
7.693912546441841016e+01,1.302990437466939255e+01
7.695913118033723777e+01,1.275028085397214461e+01
7.697913689625607958e+01,1.304622772710898815e+01
7.699914261217490719e+01,1.232707034842263027e+01
7.701914832809374900e+01,1.290437013707092717e+01
7.703915404401257661e+01,1.254832054137288821e+01
7.705915975993141842e+01,1.282190802566924503e+01
7.707916547585024603e+01,1.204720355389490649e+01
7.709917119176907363e+01,1.254677710629593612e+01
7.711917690768791545e+01,1.211654094401412607e+01
7.713918262360674305e+01,1.187415976932537731e+01
7.715918833952558487e+01,1.207029091472063342e+01
7.717919405544441247e+01,1.182103894500817987e+01
7.719919977136325429e+01,1.206488191475720839e+01
7.721920548728208189e+01,1.149587851723101117e+01
7.723921120320092371e+01,1.206646393383670279e+01
7.725921691911975131e+01,1.213371788391356887e+01
7.727922263503859313e+01,1.213403066249315643e+01
7.729922835095742073e+01,1.143232805172838695e+01
7.731923406687624833e+01,1.101374086860865020e+01
7.733923978279509015e+01,1.063285122542628969e+01
7.735924549871391775e+01,1.123011478898406068e+01
7.737925121463275957e+01,1.079101955596589058e+01
7.739925693055158717e+01,1.088782250783725658e+01
7.741926264647042899e+01,1.023361943668305685e+01
7.743926836238925659e+01,1.103338635479675744e+01
7.745927407830809841e+01,1.090426916891187048e+01
7.747927979422692601e+01,1.038500437155984812e+01
7.749928551014575362e+01,1.082073316367785409e+01
7.751929122606459543e+01,1.111923802356600532e+01
7.753929694198342304e+01,1.167903358746082176e+01
7.755930265790226485e+01,1.127492454435055791e+01
7.757930837382109246e+01,1.145385643812766396e+01
7.759931408973993427e+01,1.279577018732527449e+01
7.761931980565876188e+01,1.187467715761636455e+01
7.763932552157760369e+01,1.194749907273206624e+01
7.765933123749643130e+01,1.216449757404090803e+01
7.767933695341525890e+01,1.310118363639048589e+01
7.769934266933410072e+01,1.321439327361703242e+01
7.771934838525292832e+01,1.301151075595805295e+01
7.773935410117177014e+01,1.220127535972168431e+01
7.775935981709059774e+01,1.307746320512368854e+01
7.777936553300943956e+01,1.200642158983171726e+01
7.779937124892826716e+01,1.312065827685215424e+01
7.781937696484710898e+01,1.325141394658602678e+01
7.783938268076593658e+01,1.266340004318260171e+01
7.785938839668476419e+01,1.231860548889380702e+01
7.787939411260360600e+01,1.153419024675014803e+01
7.789939982852243361e+01,1.161858180386897565e+01
7.791940554444127542e+01,1.156610520746950321e+01
7.793941126036010303e+01,1.189295619437572427e+01
7.795941697627894484e+01,1.064649233246089999e+01
7.797942269219777245e+01,1.124281738244448903e+01
7.799942840811661426e+01,1.022448868611142103e+01
7.801943412403544187e+01,1.085383585994434519e+01
7.803943983995426947e+01,1.003673940331198722e+01
7.805944555587311129e+01,1.025099007506174331e+01
7.807945127179193889e+01,1.058330793332473085e+01
7.809945698771078071e+01,1.068473105311188576e+01
7.811946270362960831e+01,1.078802658251084523e+01
7.813946841954845013e+01,1.098816216487359299e+01
7.815947413546727773e+01,1.070346861805047567e+01
7.817947985138611955e+01,1.168603842357986267e+01
7.819948556730494715e+01,1.142833165402435114e+01
7.821949128322378897e+01,1.181324528505498606e+01
7.823949699914261657e+01,1.231972469174344909e+01
7.825950271506144418e+01,1.214359634086815731e+01
7.827950843098028599e+01,1.240502814541948950e+01
7.829951414689911360e+01,1.262951201473145879e+01
7.831951986281795541e+01,1.265638899978561227e+01
7.833952557873678302e+01,1.364107118017656006e+01
7.835953129465562483e+01,1.267501011913004305e+01
7.837953701057445244e+01,1.271087279069231180e+01
7.839954272649329425e+01,1.360694311450622074e+01
7.841954844241212186e+01,1.299896059768118661e+01
7.843955415833094946e+01,1.416982001595232177e+01
7.845955987424979128e+01,1.326039862820418058e+01
7.847956559016861888e+01,1.453806467350362652e+01
7.849957130608746070e+01,1.355002427589641378e+01
7.851957702200628830e+01,1.440641518040867197e+01
7.853958273792513012e+01,1.455003899993544358e+01
7.855958845384395772e+01,1.412918112617747290e+01
7.857959416976279954e+01,1.376235832739373954e+01
7.859959988568162714e+01,1.396528143171157943e+01
7.861960560160045475e+01,1.434005163937091964e+01
7.863961131751929656e+01,1.456333510431539580e+01
7.865961703343812417e+01,1.398041593310791697e+01
7.867962274935696598e+01,1.395909462939823698e+01
7.869962846527579359e+01,1.333255701947622640e+01
7.871963418119463540e+01,1.379300618285964219e+01
7.873963989711346301e+01,1.390815734078842070e+01
7.875964561303230482e+01,1.472626986894506018e+01
7.877965132895113243e+01,1.459546508233770723e+01
7.879965704486996003e+01,1.438182250868493384e+01
7.881966276078880185e+01,1.524235079647966451e+01
7.883966847670762945e+01,1.438734883015059296e+01
7.885967419262647127e+01,1.494427392532415411e+01
7.887967990854529887e+01,1.514547036107809319e+01
7.889968562446414069e+01,1.507125226156808395e+01
7.891969134038296829e+01,1.444641235566214377e+01
7.893969705630181011e+01,1.499142469767353347e+01
7.895970277222063771e+01,1.489324710432238419e+01
7.897970848813946532e+01,1.477841427226340620e+01
7.899971420405830713e+01,1.545716742367924468e+01
7.901971991997713474e+01,1.547060242048691592e+01
7.903972563589597655e+01,1.539333782611560153e+01
7.905973135181480416e+01,1.531527777254414957e+01
7.907973706773364597e+01,1.526660973540229804e+01
7.909974278365247358e+01,1.555284731798917974e+01
7.911974849957131539e+01,1.556348891024268433e+01
7.913975421549014300e+01,1.494460805370671963e+01
7.915975993140898481e+01,1.497968594285777932e+01
7.917976564732781242e+01,1.558566932698518670e+01
7.919977136324664002e+01,1.525332440943918755e+01
7.921977707916548184e+01,1.468035349243189458e+01
7.923978279508430944e+01,1.431042208863439846e+01
7.925978851100315126e+01,1.452782090633784229e+01
7.927979422692197886e+01,1.483144724541665482e+01
7.929979994284082068e+01,1.482995122088152229e+01
7.931980565875964828e+01,1.439195006994012616e+01
7.933981137467849010e+01,1.477361362593089034e+01
7.935981709059731770e+01,1.369003034881157177e+01
7.937982280651614531e+01,1.403226012992349503e+01
7.939982852243498712e+01,1.421975998437108579e+01
7.941983423835381473e+01,1.309544676597051804e+01
7.943983995427265654e+01,1.433172987652716834e+01
7.945984567019148415e+01,1.458026430558154907e+01
7.947985138611032596e+01,1.380958624779773913e+01
7.949985710202915357e+01,1.367138879084159164e+01
7.951986281794799538e+01,1.317946028048040574e+01
7.953986853386682299e+01,1.368884359181408783e+01
7.955987424978565059e+01,1.449022320403535602e+01
7.957987996570449241e+01,1.345053054667626036e+01
7.959988568162332001e+01,1.411487640131505117e+01
7.961989139754216183e+01,1.385566272441893787e+01
7.963989711346098943e+01,1.414165352738322845e+01
7.965990282937983125e+01,1.396270485844942399e+01
7.967990854529865885e+01,1.368522965966755223e+01
7.969991426121750067e+01,1.445866606479692962e+01
7.971991997713632827e+01,1.326766950905351194e+01
7.973992569305515588e+01,1.364134636653816912e+01
7.975993140897399769e+01,1.281125525719734171e+01
7.977993712489282530e+01,1.250738880537788766e+01
7.979994284081166711e+01,1.102918779416645556e+01
7.981994855673049472e+01,1.120981635086537587e+01
7.983995427264933653e+01,1.080552213824518404e+01
7.985995998856816414e+01,1.093806315100667170e+01
7.987996570448700595e+01,1.013402907793788188e+01
7.989997142040583356e+01,9.360843301836432317e+00
7.991997713632466116e+01,9.670152563399550871e+00
7.993998285224350298e+01,8.093073908854371723e+00
7.995998856816233058e+01,9.105010711636966292e+00
7.997999428408117240e+01,8.265373182004438490e+00
8.000000000000000000e+01,6.225281586267250589e+00
