angle,intensity
1.000000000000000000e+01,1.456644222758689367e+01
1.002000571591883471e+01,1.792332208910186964e+01
1.004001143183766764e+01,1.795408472072509909e+01
1.006001714775650235e+01,1.980260648682469338e+01
1.008002286367533529e+01,1.900317720869614391e+01
1.010002857959417000e+01,1.817730412025768416e+01
1.012003429551300293e+01,1.847137072719768014e+01
1.014004001143183764e+01,1.874233010053713855e+01
1.016004572735067235e+01,1.881448841496834490e+01
1.018005144326950528e+01,2.025329356814416926e+01
1.020005715918833999e+01,1.838223190767334003e+01
1.022006287510717293e+01,1.849029784954870337e+01
1.024006859102600764e+01,1.905473999802891072e+01
1.026007430694484057e+01,2.037447961455363910e+01
1.028008002286367528e+01,1.955157549846981624e+01
1.030008573878250999e+01,2.027420351830165401e+01
1.032009145470134293e+01,2.046929120956097847e+01
1.034009717062017764e+01,1.958645190715695250e+01
1.036010288653901057e+01,1.977698027226765021e+01
1.038010860245784528e+01,1.966445600843089991e+01
1.040011431837667999e+01,1.988993485031375741e+01
1.042012003429551292e+01,1.995125650390036398e+01
1.044012575021434763e+01,2.147503739871764949e+01
1.046013146613318057e+01,2.014885752669695762e+01
1.048013718205201528e+01,2.027428926083989680e+01
1.050014289797084821e+01,2.170323655441347199e+01
1.052014861388968292e+01,2.227092427121884555e+01
1.054015432980851585e+01,2.148080079956323019e+01
1.056016004572735056e+01,2.295666501603996679e+01
1.058016576164618527e+01,2.334772128387365342e+01
1.060017147756501821e+01,2.203177832895978128e+01
1.062017719348385292e+01,2.245276941976933571e+01
1.064018290940268585e+01,2.291289091038784420e+01
1.066018862532152056e+01,2.400776934488771985e+01
1.068019434124035527e+01,2.458248856163167773e+01
1.070020005715918820e+01,2.405497326796444568e+01
1.072020577307802292e+01,2.415105717961167997e+01
1.074021148899685585e+01,2.471948224786990522e+01
1.076021720491569056e+01,2.465404679598446691e+01
1.078022292083452349e+01,2.560101582001403742e+01
1.080022863675335820e+01,2.619938577166488614e+01
1.082023435267219291e+01,2.670649961589523969e+01
1.084024006859102585e+01,2.630268561124261240e+01
1.086024578450986056e+01,2.629503475082901787e+01
1.088025150042869349e+01,2.740892618355218602e+01
1.090025721634752820e+01,2.665040801209508459e+01
1.092026293226636113e+01,2.754647368317947098e+01
1.094026864818519584e+01,2.755063500284283151e+01
1.096027436410403055e+01,2.815713308633826628e+01
1.098028008002286349e+01,2.717733440212046503e+01
1.100028579594169820e+01,2.783594067561179486e+01
1.102029151186053113e+01,2.801352980964337647e+01
1.104029722777936584e+01,2.883250270543265259e+01
1.106030294369819877e+01,2.694794738423983205e+01
1.108030865961703348e+01,2.805662357995298350e+01
1.110031437553586819e+01,2.811408240331306985e+01
1.112032009145470113e+01,2.639861817970806257e+01
1.114032580737353584e+01,2.583075056184420148e+01
1.116033152329236877e+01,2.527996030681602591e+01
1.118033723921120348e+01,2.436272245397860559e+01
1.120034295513003642e+01,2.382057783836568987e+01
1.122034867104887113e+01,2.420556449092745765e+01
1.124035438696770584e+01,2.176869633634520440e+01
1.126036010288653877e+01,2.062922272702811455e+01
1.128036581880537348e+01,2.044922687546078421e+01
1.130037153472420641e+01,1.888410811464378369e+01
1.132037725064304112e+01,1.718451412511749510e+01
1.134038296656187583e+01,1.682709020920911769e+01
1.136038868248070877e+01,1.481486260493394980e+01
1.138039439839954348e+01,1.335261852450993736e+01
1.140040011431837641e+01,1.261498101930301452e+01
1.142040583023721112e+01,1.144236320001031082e+01
1.144041154615604405e+01,1.107622697385487953e+01
1.146041726207487876e+01,9.705388199667895677e+00
1.148042297799371170e+01,9.380469131719650022e+00
1.150042869391254641e+01,8.523284625313291230e+00
1.152043440983138112e+01,8.020024664883635523e+00
1.154044012575021405e+01,7.988967742791714954e+00
1.156044584166904876e+01,7.930270160328055873e+00
1.158045155758788169e+01,7.508899323507366219e+00
1.160045727350671640e+01,7.129950969640574066e+00
1.162046298942555111e+01,8.106490304914807155e+00
1.164046870534438405e+01,7.269447403140881114e+00
1.166047442126321876e+01,8.192090888180562303e+00
1.168048013718205169e+01,6.982188851334635515e+00
1.170048585310088640e+01,8.538240754611519989e+00
1.172049156901971934e+01,7.013344342839660683e+00
1.174049728493855405e+01,7.054974627467929693e+00
1.176050300085738698e+01,7.659347754659793672e+00
1.178050871677622169e+01,8.549937367970720459e+00
1.180051443269505640e+01,8.233337881701768168e+00
1.182052014861388933e+01,7.593496181725414296e+00
1.184052586453272404e+01,7.987575167035603663e+00
1.186053158045155698e+01,8.152015486148565415e+00
1.188053729637039169e+01,9.362631203387854484e+00
1.190054301228922640e+01,9.509987584926689053e+00
1.192054872820805933e+01,9.532904901574950074e+00
1.194055444412689404e+01,8.203490135002489581e+00
1.196056016004572697e+01,9.382685852084463818e+00
1.198056587596456168e+01,1.001483953452879838e+01
1.200057159188339639e+01,9.321717058446072457e+00
1.202057730780222933e+01,1.001284642597126862e+01
1.204058302372106226e+01,1.005783377124557809e+01
1.206058873963989697e+01,9.658676719302246028e+00
1.208059445555873168e+01,1.057405950386536198e+01
1.210060017147756461e+01,1.083077307883444540e+01
1.212060588739639932e+01,1.053543874142007475e+01
1.214061160331523226e+01,1.047355323363155222e+01
1.216061731923406697e+01,1.155667493648043198e+01
1.218062303515290168e+01,1.175811202963117807e+01
1.220062875107173461e+01,1.090101708501934219e+01
1.222063446699056932e+01,1.237310036711840944e+01
1.224064018290940226e+01,1.160217255895038235e+01
1.226064589882823697e+01,1.160807819941204677e+01
1.228065161474707168e+01,1.283038155294609872e+01
1.230065733066590461e+01,1.281651111412196542e+01
1.232066304658473754e+01,1.234406589723008274e+01
1.234066876250357225e+01,1.360061053979723056e+01
1.236067447842240696e+01,1.436920155845878888e+01
1.238068019434123990e+01,1.413928607122427117e+01
1.240068591026007461e+01,1.353846764259862745e+01
1.242069162617890754e+01,1.472547056825554712e+01
1.244069734209774225e+01,1.384857481927545386e+01
1.246070305801657696e+01,1.500618353559826268e+01
1.248070877393540989e+01,1.554805139956772742e+01
1.250071448985424460e+01,1.607615848423926153e+01
1.252072020577307754e+01,1.601700274562834281e+01
1.254072592169191225e+01,1.635123800003909622e+01
1.256073163761074696e+01,1.699057121521894587e+01
1.258073735352957989e+01,1.813303268293545756e+01
1.260074306944841460e+01,1.760270556522899810e+01
1.262074878536724754e+01,1.866433228552368817e+01
1.264075450128608225e+01,1.839068912799616839e+01
1.266076021720491518e+01,1.862928212504708370e+01
1.268076593312374989e+01,1.871006914594800818e+01
1.270077164904258282e+01,2.002776456758475376e+01
1.272077736496141753e+01,1.970876269316161711e+01
1.274078308088025224e+01,2.185941378110345568e+01
1.276078879679908518e+01,2.218270650081451123e+01
1.278079451271791989e+01,2.120719133087523645e+01
1.280080022863675282e+01,2.332365895062826766e+01
1.282080594455558753e+01,2.348762193529057640e+01
1.284081166047442224e+01,2.330688436729666790e+01
1.286081737639325517e+01,2.506401944122589853e+01
1.288082309231208988e+01,2.509050161482490182e+01
1.290082880823092282e+01,2.466849955391277049e+01
1.292083452414975753e+01,2.642580457287796136e+01
1.294084024006859224e+01,2.569061514499872345e+01
1.296084595598742517e+01,2.786017605524964225e+01
1.298085167190625810e+01,2.725901465340744778e+01
1.300085738782509281e+01,2.810544789321433612e+01
1.302086310374392752e+01,2.884561155344964689e+01
1.304086881966276046e+01,2.964162609135321702e+01
1.306087453558159517e+01,3.052098010399021177e+01
1.308088025150042810e+01,3.233045828075765371e+01
1.310088596741926281e+01,3.175668994687299218e+01
1.312089168333809752e+01,3.332909278849560764e+01
1.314089739925693046e+01,3.444005985637158318e+01
1.316090311517576517e+01,3.365157963154694443e+01
1.318090883109459810e+01,3.614972002574586440e+01
1.320091454701343281e+01,3.562394666477043614e+01
1.322092026293226752e+01,3.682775750040069340e+01
1.324092597885110045e+01,3.734106006175635883e+01
1.326093169476993339e+01,3.869245398618375731e+01
1.328093741068876810e+01,4.039209372326880043e+01
1.330094312660760281e+01,4.141803061188063850e+01
1.332094884252643574e+01,4.154463242517800126e+01
1.334095455844527045e+01,4.257085135100670215e+01
1.336096027436410338e+01,4.382403385729136858e+01
1.338096599028293809e+01,4.460059072309638850e+01
1.340097170620177280e+01,4.688565206332081914e+01
1.342097742212060574e+01,4.606914478281528602e+01
1.344098313803944045e+01,4.829244257852233346e+01
1.346098885395827338e+01,4.952291852617904766e+01
1.348099456987710809e+01,5.052554744756999838e+01
1.350100028579594280e+01,5.078114071520521833e+01
1.352100600171477573e+01,5.369311029621791675e+01
1.354101171763361044e+01,5.420304089250175394e+01
1.356101743355244338e+01,5.532946554944825124e+01
1.358102314947127809e+01,5.674231732205521439e+01
1.360102886539011102e+01,5.754006329499721772e+01
1.362103458130894573e+01,5.853596142057770635e+01
1.364104029722777867e+01,6.102948844850429566e+01
1.366104601314661338e+01,6.173623727415748164e+01
1.368105172906544809e+01,6.344178705915194882e+01
1.370105744498428102e+01,6.480448987550644802e+01
1.372106316090311573e+01,6.559507653750448242e+01
1.374106887682194866e+01,6.666777752775236365e+01
1.376107459274078337e+01,6.773943196416117019e+01
1.378108030865961808e+01,6.774159811739974657e+01
1.380108602457845102e+01,7.028829974540961700e+01
1.382109174049728573e+01,6.912064928892742444e+01
1.384109745641611866e+01,7.087624608403450566e+01
1.386110317233495337e+01,7.083044380481746316e+01
1.388110888825378808e+01,7.097602044678572497e+01
1.390111460417262101e+01,7.017233914797229488e+01
1.392112032009145395e+01,6.906431230702440871e+01
1.394112603601028866e+01,6.829358020548515640e+01
1.396113175192912337e+01,6.846821309894376384e+01
1.398113746784795630e+01,6.664274045563975335e+01
1.400114318376679101e+01,6.349418502586632229e+01
1.402114889968562395e+01,6.271183606166007252e+01
1.404115461560445866e+01,5.953631934270503479e+01
1.406116033152329337e+01,5.563830246413962755e+01
1.408116604744212630e+01,5.224548819416285284e+01
1.410117176336095923e+01,4.936810889407173164e+01
1.412117747927979394e+01,4.487657478675191669e+01
1.414118319519862865e+01,4.179617397078175856e+01
1.416118891111746336e+01,3.661395890530802433e+01
1.418119462703629630e+01,3.399757997964228906e+01
1.420120034295512923e+01,2.870479853294487427e+01
1.422120605887396394e+01,2.666072142523645994e+01
1.424121177479279865e+01,2.219239837561650930e+01
1.426121749071163336e+01,1.982234811405101027e+01
1.428122320663046629e+01,1.726028312086702599e+01
1.430122892254929923e+01,1.540732188971101735e+01
1.432123463846813394e+01,1.368338633575384478e+01
1.434124035438696865e+01,1.233070187445091292e+01
1.436124607030580158e+01,1.164664674357760710e+01
1.438125178622463629e+01,9.796072650196750331e+00
1.440125750214346922e+01,9.856633615246328972e+00
1.442126321806230393e+01,9.226808302423812336e+00
1.444126893398113864e+01,8.746989337964297562e+00
1.446127464989997158e+01,7.941916447583966310e+00
1.448128036581880451e+01,7.662677513791196660e+00
1.450128608173763922e+01,8.280828700320729041e+00
1.452129179765647393e+01,6.503908153757259392e+00
1.454129751357530864e+01,6.892441276244102077e+00
1.456130322949414158e+01,6.027249033265968947e+00
1.458130894541297451e+01,7.591942590815121683e+00
1.460131466133180922e+01,6.133366223747945156e+00
1.462132037725064393e+01,6.487706436442394420e+00
1.464132609316947686e+01,7.068461738208371870e+00
1.466133180908831157e+01,6.203317868676518465e+00
1.468133752500714451e+01,5.938109543292506842e+00
1.470134324092597922e+01,6.567414991582447570e+00
1.472134895684481393e+01,5.081005292868035816e+00
1.474135467276364686e+01,5.732253512927900196e+00
1.476136038868247979e+01,5.290542818299971195e+00
1.478136610460131450e+01,5.631520759440652668e+00
1.480137182052014921e+01,4.690458756149749497e+00
1.482137753643898392e+01,6.092507726281211511e+00
1.484138325235781686e+01,6.072088111573354041e+00
1.486138896827664979e+01,5.865452506595443261e+00
1.488139468419548450e+01,4.761906125756757646e+00
1.490140040011431921e+01,4.674481629581743292e+00
1.492140611603315392e+01,4.696408407395061602e+00
1.494141183195198685e+01,5.886566853387207310e+00
1.496141754787081979e+01,4.467210419352420026e+00
1.498142326378965450e+01,4.831244868305337725e+00
1.500142897970848921e+01,5.442319901831555562e+00
1.502143469562732214e+01,4.970064518675412657e+00
1.504144041154615508e+01,5.964548344772848232e+00
1.506144612746498979e+01,5.905076137598284980e+00
1.508145184338382450e+01,5.724174193718330805e+00
1.510145755930265921e+01,5.788257137595487656e+00
1.512146327522149214e+01,6.166906945858026567e+00
1.514146899114032507e+01,4.291074374145077641e+00
1.516147470705915978e+01,4.306142827285325048e+00
1.518148042297799449e+01,6.151689910838336495e+00
1.520148613889682920e+01,4.821389962379261540e+00
1.522149185481566214e+01,4.391041848249002122e+00
1.524149757073449507e+01,5.203508543335147785e+00
1.526150328665332978e+01,6.158703008805395562e+00
1.528150900257216449e+01,4.998302613612119139e+00
1.530151471849099742e+01,6.089421797598559394e+00
1.532152043440983036e+01,5.451198911479186116e+00
1.534152615032866507e+01,5.971098860101846206e+00
1.536153186624749978e+01,6.206584373422454171e+00
1.538153758216633449e+01,6.206100872854065642e+00
1.540154329808516742e+01,5.891257661590427297e+00
1.542154901400400036e+01,4.574250436928032570e+00
1.544155472992283507e+01,4.334476687317711630e+00
1.546156044584166978e+01,6.237851013547750512e+00
1.548156616176050449e+01,5.739997168543852446e+00
1.550157187767933742e+01,4.851265768950342228e+00
1.552157759359817035e+01,4.881031464867787939e+00
1.554158330951700506e+01,6.007242487134005771e+00
1.556158902543583977e+01,4.692911589080599022e+00
1.558159474135467271e+01,5.067141995389897957e+00
1.560160045727350742e+01,4.781207960061500728e+00
1.562160617319234035e+01,5.410079750923205921e+00
1.564161188911117506e+01,5.532275111072170404e+00
1.566161760503000977e+01,5.482218694790995883e+00
1.568162332094884270e+01,6.298054157963132837e+00
1.570162903686767564e+01,4.915348589422500858e+00
1.572163475278651035e+01,6.000033245712875107e+00
1.574164046870534506e+01,5.235473283530033051e+00
1.576164618462417977e+01,5.988449104814485224e+00
1.578165190054301270e+01,5.520042163530154866e+00
1.580165761646184563e+01,6.448106437131722046e+00
1.582166333238068034e+01,6.872278985458947886e+00
1.584166904829951505e+01,6.979820575578500552e+00
1.586167476421834799e+01,6.970159465534823795e+00
1.588168048013718270e+01,6.868564160139760233e+00
1.590168619605601563e+01,5.765286311594866042e+00
1.592169191197485034e+01,5.775486192220532722e+00
1.594169762789368505e+01,7.111154661138642474e+00
1.596170334381251799e+01,5.643443857535666019e+00
1.598170905973135092e+01,6.541982578796285530e+00
1.600171477565018563e+01,6.403676487512206528e+00
1.602172049156902034e+01,6.440653552768129231e+00
1.604172620748785505e+01,7.061354968869574478e+00
1.606173192340668976e+01,6.761976896605627729e+00
1.608173763932552092e+01,7.248702064009001411e+00
1.610174335524435563e+01,8.236632513033672609e+00
1.612174907116319034e+01,6.650681899639511840e+00
1.614175478708202505e+01,6.977348668029036638e+00
1.616176050300085620e+01,8.409740625879836173e+00
1.618176621891969091e+01,8.680783337225708607e+00
1.620177193483852562e+01,8.290662670986305827e+00
1.622177765075736033e+01,7.579219252716082877e+00
1.624178336667619504e+01,8.351055016129778963e+00
1.626178908259502620e+01,8.845963530270099184e+00
1.628179479851386091e+01,9.292870130510008764e+00
1.630180051443269562e+01,8.987677792022751078e+00
1.632180623035153033e+01,9.369658037955140628e+00
1.634181194627036149e+01,1.006594353517864882e+01
1.636181766218919620e+01,9.917082913188393078e+00
1.638182337810803091e+01,9.190776888542021794e+00
1.640182909402686562e+01,9.249579898385608345e+00
1.642183480994570033e+01,9.413727805219139100e+00
1.644184052586453504e+01,9.694178987410172255e+00
1.646184624178336620e+01,9.948355040895881629e+00
1.648185195770220091e+01,1.140425142976064876e+01
1.650185767362103562e+01,1.060773555311565630e+01
1.652186338953986677e+01,1.230834196406394376e+01
1.654186910545870148e+01,1.135084818156495956e+01
1.656187482137753619e+01,1.183626524776856570e+01
1.658188053729637090e+01,1.296561254904188232e+01
1.660188625321520561e+01,1.267848140143730618e+01
1.662189196913404032e+01,1.317674789714455486e+01
1.664189768505287148e+01,1.333719063040842556e+01
1.666190340097170619e+01,1.440768779874148464e+01
1.668190911689054090e+01,1.499354958188835418e+01
1.670191483280937561e+01,1.346383047868099503e+01
1.672192054872820677e+01,1.477221471177928969e+01
1.674192626464704148e+01,1.494073344268019810e+01
1.676193198056587619e+01,1.423586269663634241e+01
1.678193769648471090e+01,1.455298806112497978e+01
1.680194341240354561e+01,1.603387638231299661e+01
1.682194912832238032e+01,1.587649098399026215e+01
1.684195484424121148e+01,1.644418456747337487e+01
1.686196056016004619e+01,1.674307897417834923e+01
1.688196627607888090e+01,1.533681360252957582e+01
1.690197199199771205e+01,1.568551928409675433e+01
1.692197770791654676e+01,1.645437016549312759e+01
1.694198342383538147e+01,1.637045876356149776e+01
1.696198913975421618e+01,1.535129381287567440e+01
1.698199485567305089e+01,1.524678552262085951e+01
1.700200057159188560e+01,1.514405579452315287e+01
1.702200628751071676e+01,1.631189759456052357e+01
1.704201200342955147e+01,1.661529150669583643e+01
1.706201771934838618e+01,1.535973150016011424e+01
1.708202343526722089e+01,1.654448309717810872e+01
1.710202915118605205e+01,1.648812080060304552e+01
1.712203486710488676e+01,1.693614434774406163e+01
1.714204058302372147e+01,1.614036476712285406e+01
1.716204629894255618e+01,1.727846975743532809e+01
1.718205201486139089e+01,1.693907867305237147e+01
1.720205773078022204e+01,1.723446044657679010e+01
1.722206344669905675e+01,1.704091723722729412e+01
1.724206916261789146e+01,1.809324211955366124e+01
1.726207487853672617e+01,1.814030100677226187e+01
1.728208059445555733e+01,1.960523139088879674e+01
1.730208631037439204e+01,1.938755093254416195e+01
1.732209202629322675e+01,2.075360722477443431e+01
1.734209774221206146e+01,2.065549536396477848e+01
1.736210345813089617e+01,2.013522385777985235e+01
1.738210917404973088e+01,2.178167822591912994e+01
1.740211488996856204e+01,2.165136393408382887e+01
1.742212060588739675e+01,2.274261850747332758e+01
1.744212632180623146e+01,2.304506832171868780e+01
1.746213203772506262e+01,2.412562506176850974e+01
1.748213775364389733e+01,2.512891094843242001e+01
1.750214346956273204e+01,2.394721074671499750e+01
1.752214918548156675e+01,2.450289929310837778e+01
1.754215490140040146e+01,2.633615952456321807e+01
1.756216061731923617e+01,2.531955403081341061e+01
1.758216633323806732e+01,2.624089923291943904e+01
1.760217204915690203e+01,2.565907392455928004e+01
1.762217776507573674e+01,2.644908391180058516e+01
1.764218348099457145e+01,2.731709193811455094e+01
1.766218919691340261e+01,2.698753954602125305e+01
1.768219491283223732e+01,2.686122064369963169e+01
1.770220062875107203e+01,2.519307517394111073e+01
1.772220634466990674e+01,2.422549901733497180e+01
1.774221206058874145e+01,2.517530205651092601e+01
1.776221777650757616e+01,2.299351371576155145e+01
1.778222349242640732e+01,2.165968527481515338e+01
1.780222920834524203e+01,2.025175644887969284e+01
1.782223492426407674e+01,1.893919375706452257e+01
1.784224064018290790e+01,1.813042754220039754e+01
1.786224635610174261e+01,1.729163405888103355e+01
1.788225207202057732e+01,1.457535070421858947e+01
1.790225778793941203e+01,1.430398437466887884e+01
1.792226350385824674e+01,1.312344396060195173e+01
1.794226921977708145e+01,1.248776407033470726e+01
1.796227493569591260e+01,1.009776603383621918e+01
1.798228065161474731e+01,8.837848239011991680e+00
1.800228636753358202e+01,9.509413259247923023e+00
1.802229208345241318e+01,7.214815040874412055e+00
1.804229779937124789e+01,6.426282135342963997e+00
1.806230351529008260e+01,6.502037686376904269e+00
1.808230923120891731e+01,5.723940142922656626e+00
1.810231494712775202e+01,5.798792504318463159e+00
1.812232066304658673e+01,5.492574022691679048e+00
1.814232637896542144e+01,5.416465143391941517e+00
1.816233209488425260e+01,6.059952726682074520e+00
1.818233781080308731e+01,5.531747178768846140e+00
1.820234352672191847e+01,5.334792577438909333e+00
1.822234924264075318e+01,6.119250820418393744e+00
1.824235495855958789e+01,5.461111190941060123e+00
1.826236067447842260e+01,5.439783551331069944e+00
1.828236639039725731e+01,4.816494377722620790e+00
1.830237210631609202e+01,5.351338676793610638e+00
1.832237782223492673e+01,5.691081848666133425e+00
1.834238353815375788e+01,5.445823973682560215e+00
1.836238925407259259e+01,3.975607148164770344e+00
1.838239496999142730e+01,4.214123649961796225e+00
1.840240068591025846e+01,5.910966929280055737e+00
1.842240640182909317e+01,4.795125644350372696e+00
1.844241211774792788e+01,4.285191741908429996e+00
1.846241783366676259e+01,5.601947573113689849e+00
1.848242354958559730e+01,4.166005131234477687e+00
1.850242926550443201e+01,5.270753222991402254e+00
1.852243498142326672e+01,5.839821172967323726e+00
1.854244069734209788e+01,5.952474495290029033e+00
1.856244641326093259e+01,4.540012741872748947e+00
1.858245212917976374e+01,5.983375064964936207e+00
1.860245784509859845e+01,4.743353678952786368e+00
1.862246356101743316e+01,5.824195661119916601e+00
1.864246927693626787e+01,4.841343275141559488e+00
1.866247499285510258e+01,4.597885462518506827e+00
1.868248070877393729e+01,5.363456951648209348e+00
1.870248642469277200e+01,5.747380909077690170e+00
1.872249214061160316e+01,5.771594877825078740e+00
1.874249785653043787e+01,5.973458966386462343e+00
1.876250357244927258e+01,4.425714201764423983e+00
1.878250928836810374e+01,5.394519490318040233e+00
1.880251500428693845e+01,4.996242698997970244e+00
1.882252072020577316e+01,4.745956002435368859e+00
1.884252643612460787e+01,6.161559228814105893e+00
1.886253215204344258e+01,4.950852952034358267e+00
1.888253786796227729e+01,5.488574144156453727e+00
1.890254358388111200e+01,5.809563485224805035e+00
1.892254929979994316e+01,6.003811349569485145e+00
1.894255501571877787e+01,5.441757522013647375e+00
1.896256073163760902e+01,4.647708799801633539e+00
1.898256644755644373e+01,4.629579547367836945e+00
1.900257216347527844e+01,4.453751430414648382e+00
1.902257787939411315e+01,5.598174534014338732e+00
1.904258359531294786e+01,4.474062394558682598e+00
1.906258931123178257e+01,5.449901422993931099e+00
1.908259502715061728e+01,5.329593892110239928e+00
1.910260074306944844e+01,4.294706073029483484e+00
1.912260645898828315e+01,4.735204717469599700e+00
1.914261217490711431e+01,4.630114234194884659e+00
1.916261789082594902e+01,4.089517342578678161e+00
1.918262360674478373e+01,4.239900972336675622e+00
1.920262932266361844e+01,4.307724929436410832e+00
1.922263503858245315e+01,4.618761128773427593e+00
1.924264075450128786e+01,5.728934363909175431e+00
1.926264647042012257e+01,4.717799393585241141e+00
1.928265218633895373e+01,4.811653533200446198e+00
1.930265790225778844e+01,5.175758992517532242e+00
1.932266361817662315e+01,5.626204735094066045e+00
1.934266933409545430e+01,5.110459801211575837e+00
1.936267505001428901e+01,4.674939604893997291e+00
1.938268076593312372e+01,5.699485114757182558e+00
1.940268648185195843e+01,5.316503764901908902e+00
1.942269219777079314e+01,6.485264355997949259e+00
1.944269791368962785e+01,5.067891977983614460e+00
1.946270362960846256e+01,6.535637347438739475e+00
1.948270934552729372e+01,6.941913740222983797e+00
1.950271506144612843e+01,5.669374051074699494e+00
1.952272077736495959e+01,5.820307394464393269e+00
1.954272649328379430e+01,5.623421089315892019e+00
1.956273220920262901e+01,6.021757155021639107e+00
1.958273792512146372e+01,7.710322410900619872e+00
1.960274364104029843e+01,6.477519320722112894e+00
1.962274935695913314e+01,7.908762116820013510e+00
1.964275507287796785e+01,6.859455390102691119e+00
1.966276078879679901e+01,6.941483011278251070e+00
1.968276650471563372e+01,8.539576547971138964e+00
1.970277222063446487e+01,8.586913011735495260e+00
1.972277793655329958e+01,8.921671365105007467e+00
1.974278365247213429e+01,7.897547553385259711e+00
1.976278936839096900e+01,9.169943357033494280e+00
1.978279508430980371e+01,9.083325756043661769e+00
1.980280080022863842e+01,8.771192341594154840e+00
1.982280651614747313e+01,9.835426246694529695e+00
1.984281223206630784e+01,9.359026507445726395e+00
1.986281794798513900e+01,8.854342470263913967e+00
1.988282366390397371e+01,9.397632604626275921e+00
1.990282937982280487e+01,9.959137490234384771e+00
1.992283509574163958e+01,1.020235657196813150e+01
1.994284081166047429e+01,9.966714643005536445e+00
1.996284652757930900e+01,1.169274967205072180e+01
1.998285224349814371e+01,1.117400402636913803e+01
2.000285795941697842e+01,1.058654304324117490e+01
2.002286367533581313e+01,1.177342934202938096e+01
2.004286939125464428e+01,1.152283209493096194e+01
2.006287510717347899e+01,1.251993932808916909e+01
2.008288082309231015e+01,1.227805265611434749e+01
2.010288653901114486e+01,1.361939103799845263e+01
2.012289225492997957e+01,1.392766507119529784e+01
2.014289797084881428e+01,1.306460618270475749e+01
2.016290368676764899e+01,1.376472781354604713e+01
2.018290940268648370e+01,1.420612522148559620e+01
2.020291511860531841e+01,1.423572568290606100e+01
2.022292083452414957e+01,1.439997161308258455e+01
2.024292655044298428e+01,1.326247240715587594e+01
2.026293226636181899e+01,1.411416035213691167e+01
2.028293798228065015e+01,1.334150277505630022e+01
2.030294369819948486e+01,1.341604034724765526e+01
2.032294941411831957e+01,1.384033581387121536e+01
2.034295513003715428e+01,1.168619496018521708e+01
2.036296084595598899e+01,1.156015481609847129e+01
2.038296656187482370e+01,1.147662271720408711e+01
2.040297227779365841e+01,1.148588866367303574e+01
2.042297799371248956e+01,9.378923863793527715e+00
2.044298370963132427e+01,1.023891935998943836e+01
2.046298942555015543e+01,8.736938519104947787e+00
2.048299514146899014e+01,9.153436858512263186e+00
2.050300085738782485e+01,7.905908347714409423e+00
2.052300657330665956e+01,6.745807386709232745e+00
2.054301228922549427e+01,7.159969695513130006e+00
2.056301800514432898e+01,6.399954686118636715e+00
2.058302372106316369e+01,5.396746121652495454e+00
2.060302943698199485e+01,5.739509318410089378e+00
2.062303515290082956e+01,4.955083665003116700e+00
2.064304086881966072e+01,5.365891506062561156e+00
2.066304658473849543e+01,3.991375110318893249e+00
2.068305230065733014e+01,3.585530433677436957e+00
2.070305801657616485e+01,4.349426096730675262e+00
2.072306373249499956e+01,4.461393092609163169e+00
2.074306944841383427e+01,4.553332271610535997e+00
2.076307516433266898e+01,2.848564455985445498e+00
2.078308088025150369e+01,4.232146459150809115e+00
2.080308659617033484e+01,2.649144374366291022e+00
2.082309231208916955e+01,3.751616877675443273e+00
2.084309802800800071e+01,3.448006150300496397e+00
2.086310374392683542e+01,3.661014877165427617e+00
2.088310945984567013e+01,4.138134601351397990e+00
2.090311517576450484e+01,3.914011392702049452e+00
2.092312089168333955e+01,2.504099619719658332e+00
2.094312660760217426e+01,2.573064603758922431e+00
2.096313232352100897e+01,2.963874290970039294e+00
2.098313803943984013e+01,4.192873183835764905e+00
2.100314375535867484e+01,2.572678412671920878e+00
2.102314947127750600e+01,4.091111085502375566e+00
2.104315518719634071e+01,3.432740178052584135e+00
2.106316090311517542e+01,4.044092837165959686e+00
2.108316661903401013e+01,3.952612049696332175e+00
2.110317233495284484e+01,3.534183361550379043e+00
2.112317805087167955e+01,3.869813058296300845e+00
2.114318376679051426e+01,3.670559980671551870e+00
2.116318948270934541e+01,3.540129081681163914e+00
2.118319519862818012e+01,3.090383551366452597e+00
2.120320091454701483e+01,3.617819231405195790e+00
2.122320663046584599e+01,3.250236079221153318e+00
2.124321234638468070e+01,3.877827851922811320e+00
2.126321806230351541e+01,2.358468884697728196e+00
2.128322377822235012e+01,2.377252851968676861e+00
2.130322949414118483e+01,3.176090396008600436e+00
2.132323521006001954e+01,3.185625041391508816e+00
2.134324092597885425e+01,3.839187155519033112e+00
2.136324664189768541e+01,3.207526387821674874e+00
2.138325235781652012e+01,3.590350634358569604e+00
2.140325807373535127e+01,3.250846106330919305e+00
2.142326378965418598e+01,2.511482429906989555e+00
2.144326950557302069e+01,3.005733567479604851e+00
2.146327522149185540e+01,3.678940595787956624e+00
2.148328093741069011e+01,2.781277398181482230e+00
2.150328665332952482e+01,3.858002847806497382e+00
2.152329236924835953e+01,2.824922846843899382e+00
2.154329808516719069e+01,2.724857677554909596e+00
2.156330380108602540e+01,3.049431821982637736e+00
2.158330951700485656e+01,2.919880229276925476e+00
2.160331523292369127e+01,2.706034105027331105e+00
2.162332094884252598e+01,2.388248878047348089e+00
2.164332666476136069e+01,2.255359736277985583e+00
2.166333238068019540e+01,3.412131550865424412e+00
2.168333809659903011e+01,3.016322493925867043e+00
2.170334381251786482e+01,2.161613428746211429e+00
2.172334952843669598e+01,2.223581605494178159e+00
2.174335524435553069e+01,3.847702769683738477e+00
2.176336096027436540e+01,2.836368050827539289e+00
2.178336667619319655e+01,2.601229850859374970e+00
2.180337239211203126e+01,3.549285441637398897e+00
2.182337810803086597e+01,2.931787962464845965e+00
2.184338382394970068e+01,4.009059448355959177e+00
2.186338953986853539e+01,2.350610145774056914e+00
2.188339525578737010e+01,2.843338844780824992e+00
2.190340097170620481e+01,2.448085295421579044e+00
2.192340668762503597e+01,3.310861125146804085e+00
2.194341240354387068e+01,2.934907170056697101e+00
2.196341811946270184e+01,3.485577760948626480e+00
2.198342383538153655e+01,2.494046309978679599e+00
2.200342955130037126e+01,3.269690052321185370e+00
2.202343526721920597e+01,3.906996362246152543e+00
2.204344098313804068e+01,3.481408318351921771e+00
2.206344669905687539e+01,3.129263748335866957e+00
2.208345241497571010e+01,2.524274481648585144e+00
2.210345813089454126e+01,2.243028583757456396e+00
2.212346384681337597e+01,2.873356622344370948e+00
2.214346956273221068e+01,2.770863856073043863e+00
2.216347527865104183e+01,3.490596853883797479e+00
2.218348099456987654e+01,3.317112270054105139e+00
2.220348671048871125e+01,2.441593138087015724e+00
2.222349242640754596e+01,2.646751737864357246e+00
2.224349814232638067e+01,2.636738204686110087e+00
2.226350385824521538e+01,3.947256161999753932e+00
2.228350957416405009e+01,3.725326080796536932e+00
2.230351529008288125e+01,3.244738432761514080e+00
2.232352100600171596e+01,2.938288436524774561e+00
2.234352672192054712e+01,3.064800504469878728e+00
2.236353243783938183e+01,3.393486678241537380e+00
2.238353815375821654e+01,2.658615730236589592e+00
2.240354386967705125e+01,2.644895551473802620e+00
2.242354958559588596e+01,2.464805598566664813e+00
2.244355530151472067e+01,4.074958282167033374e+00
2.246356101743355538e+01,2.836851000978294124e+00
2.248356673335238654e+01,3.721223181160482341e+00
2.250357244927122125e+01,3.421328617589609156e+00
2.252357816519005240e+01,4.014153941081946009e+00
2.254358388110888711e+01,2.892938160058553976e+00
2.256358959702772182e+01,4.239012955365376811e+00
2.258359531294655653e+01,2.963858806847074145e+00
2.260360102886539124e+01,2.684160599064247421e+00
2.262360674478422595e+01,3.343160284817678463e+00
2.264361246070306066e+01,2.782027054781552877e+00
2.266361817662189182e+01,3.271472431835522610e+00
2.268362389254072653e+01,4.185789596482745623e+00
2.270362960845956124e+01,3.593495445297937962e+00
2.272363532437839240e+01,3.013050786016671090e+00
2.274364104029722711e+01,3.250262658509158964e+00
2.276364675621606182e+01,3.583964548041892240e+00
2.278365247213489653e+01,2.443352900082849111e+00
2.280365818805373124e+01,3.465582840183795810e+00
2.282366390397256595e+01,3.953455944745613238e+00
2.284366961989140066e+01,3.979995387403185259e+00
2.286367533581023181e+01,2.274555835607092735e+00
2.288368105172906652e+01,3.544179166606622466e+00
2.290368676764789768e+01,2.635433916168210100e+00
2.292369248356673239e+01,2.893727824345261102e+00
2.294369819948556710e+01,3.979827246043376565e+00
2.296370391540440181e+01,3.187929043534490692e+00
2.298370963132323652e+01,4.182287722095900051e+00
2.300371534724207123e+01,3.186428745007888086e+00
2.302372106316090594e+01,4.109256643946828547e+00
2.304372677907973710e+01,3.413768278537756551e+00
2.306373249499857181e+01,2.765772116494352062e+00
2.308373821091740652e+01,2.750973385295341078e+00
2.310374392683623768e+01,4.112302495207643460e+00
2.312374964275507239e+01,2.961493204165092763e+00
2.314375535867390710e+01,3.356445333729823233e+00
2.316376107459274181e+01,3.862978801907575477e+00
2.318376679051157652e+01,3.839213517897072325e+00
2.320377250643041123e+01,3.760529044249698138e+00
2.322377822234924594e+01,4.811294987120698252e+00
2.324378393826807709e+01,3.759095464650846541e+00
2.326378965418691180e+01,4.445739491975455593e+00
2.328379537010574296e+01,4.782747572644439060e+00
2.330380108602457767e+01,4.957235745723530762e+00
2.332380680194341238e+01,4.960158283689045433e+00
2.334381251786224709e+01,5.220744451924501206e+00
2.336381823378108180e+01,5.037672397399394875e+00
2.338382394969991651e+01,3.988077242981772574e+00
2.340382966561875122e+01,4.980254772019088172e+00
2.342383538153758238e+01,5.005192947647477020e+00
2.344384109745641709e+01,5.627075152242480449e+00
2.346384681337524825e+01,4.347451890343581482e+00
2.348385252929408296e+01,5.510140569761126095e+00
2.350385824521291767e+01,4.592940760964894231e+00
2.352386396113175238e+01,4.749998177802908117e+00
2.354386967705058709e+01,6.463251029105913759e+00
2.356387539296942180e+01,5.199874219433544553e+00
2.358388110888825651e+01,6.232797987284656394e+00
2.360388682480708766e+01,5.573054495564417898e+00
2.362389254072592237e+01,7.093026514687891471e+00
2.364389825664475708e+01,5.400198825091504951e+00
2.366390397256358824e+01,6.273121420310116214e+00
2.368390968848242295e+01,5.850583420277311042e+00
2.370391540440125766e+01,6.703984200157144357e+00
2.372392112032009237e+01,6.650910166729514295e+00
2.374392683623892708e+01,7.813468447865060895e+00
2.376393255215776179e+01,7.525420551958577065e+00
2.378393826807659650e+01,7.404184842156400492e+00
2.380394398399542766e+01,8.049213924199195347e+00
2.382394969991426237e+01,8.207590931274511448e+00
2.384395541583309353e+01,7.923120248422386602e+00
2.386396113175192824e+01,8.439894835402059314e+00
2.388396684767076295e+01,8.738515587790441685e+00
2.390397256358959766e+01,7.743886972884371112e+00
2.392397827950843237e+01,8.775051240381118944e+00
2.394398399542726708e+01,8.349280533865714560e+00
2.396398971134610179e+01,9.358473246726569883e+00
2.398399542726493294e+01,8.903450122578831838e+00
2.400400114318376765e+01,7.523362237822658116e+00
2.402400685910260236e+01,7.268304454121818914e+00
2.404401257502143352e+01,8.749830458551208778e+00
2.406401829094026823e+01,7.906022539905071866e+00
2.408402400685910294e+01,7.969777641118415801e+00
2.410402972277793765e+01,6.784124402066908921e+00
2.412403543869677236e+01,6.349133403235500239e+00
2.414404115461560707e+01,5.714356783054971523e+00
2.416404687053444178e+01,6.344328044335923344e+00
2.418405258645327294e+01,5.327301516233374556e+00
2.420405830237210765e+01,4.920939492851882591e+00
2.422406401829093880e+01,4.623929577449217732e+00
2.424406973420977351e+01,5.682111808549191956e+00
2.426407545012860822e+01,4.289247590482223593e+00
2.428408116604744293e+01,4.235890618701050769e+00
2.430408688196627764e+01,3.761231533085032108e+00
2.432409259788511235e+01,3.657367329243934151e+00
2.434409831380394706e+01,3.312842698954264531e+00
2.436410402972277822e+01,3.751152041188174024e+00
2.438410974564161293e+01,2.425788086918406972e+00
2.440411546156044409e+01,3.926325722015144848e+00
2.442412117747927880e+01,2.657096345235130386e+00
2.444412689339811351e+01,3.252203253994108145e+00
2.446413260931694822e+01,3.957887327775509334e+00
2.448413832523578293e+01,3.969824635125270174e+00
2.450414404115461764e+01,3.698249230232145912e+00
2.452414975707345235e+01,2.806959070582301763e+00
2.454415547299228351e+01,2.268116299232448618e+00
2.456416118891111822e+01,3.625435341104842113e+00
2.458416690482995293e+01,2.403212957260069338e+00
2.460417262074878408e+01,1.917327001170405554e+00
2.462417833666761879e+01,2.913706483947568149e+00
2.464418405258645350e+01,1.940333467902256581e+00
2.466418976850528821e+01,3.133213515590043130e+00
2.468419548442412292e+01,2.557799364200125769e+00
2.470420120034295763e+01,3.006594721244368440e+00
2.472420691626179234e+01,2.286570409000800552e+00
2.474421263218062350e+01,3.541381113824323190e+00
2.476421834809945821e+01,2.936124426274392185e+00
2.478422406401828937e+01,2.351888446126482624e+00
2.480422977993712408e+01,3.100662963042652542e+00
2.482423549585595879e+01,3.505547230803637504e+00
2.484424121177479350e+01,3.671568599820647538e+00
2.486424692769362821e+01,2.476506002252955696e+00
2.488425264361246292e+01,3.012709268505505467e+00
2.490425835953129763e+01,3.106066719827627942e+00
2.492426407545012879e+01,3.132712097217422276e+00
2.494426979136896350e+01,3.817487218012016292e+00
2.496427550728779821e+01,3.151096489233250253e+00
2.498428122320662936e+01,3.945815679995191338e+00
2.500428693912546407e+01,3.370049381883978956e+00
2.502429265504429878e+01,2.812429814245974047e+00
2.504429837096313349e+01,4.127814018479008418e+00
2.506430408688196820e+01,2.550906907958053083e+00
2.508430980280080291e+01,3.488204937081487600e+00
2.510431551871963762e+01,4.465504405669730836e+00
2.512432123463846878e+01,3.143466226049933532e+00
2.514432695055730349e+01,3.510863273384996042e+00
2.516433266647613465e+01,4.340190398471820643e+00
2.518433838239496936e+01,3.151438504769673354e+00
2.520434409831380407e+01,3.919032538169384239e+00
2.522434981423263878e+01,4.907157955152495532e+00
2.524435553015147349e+01,4.581908007278868489e+00
2.526436124607030820e+01,5.216013365611248176e+00
2.528436696198914291e+01,5.506671505211112816e+00
2.530437267790797407e+01,4.678362516419472428e+00
2.532437839382680878e+01,4.366637651175951262e+00
2.534438410974563993e+01,6.020905486278451235e+00
2.536438982566447464e+01,5.073556062942963685e+00
2.538439554158330935e+01,6.301954035544355293e+00
2.540440125750214406e+01,6.505070861342442612e+00
2.542440697342097877e+01,6.744888452837979997e+00
2.544441268933981348e+01,7.614398317491050783e+00
2.546441840525864819e+01,6.156173941096860780e+00
2.548442412117747935e+01,7.884319379743794265e+00
2.550442983709631406e+01,7.057787711305457456e+00
2.552443555301514877e+01,8.018081687231180865e+00
2.554444126893397993e+01,7.850512009847500750e+00
2.556444698485281464e+01,8.832742373504871125e+00
2.558445270077164935e+01,8.719236710382222810e+00
2.560445841669048406e+01,8.949608290762697038e+00
2.562446413260931877e+01,8.977009681320321732e+00
2.564446984852815348e+01,1.045011440690008087e+01
2.566447556444698819e+01,1.018257957988942941e+01
2.568448128036581934e+01,1.122241848519340834e+01
2.570448699628465405e+01,1.212505004600386727e+01
2.572449271220348521e+01,1.112102836461839495e+01
2.574449842812231992e+01,1.340340823238561185e+01
2.576450414404115463e+01,1.376575386767395592e+01
2.578450985995998934e+01,1.319742224354893523e+01
2.580451557587882405e+01,1.464297894113892617e+01
2.582452129179765876e+01,1.475529973931767636e+01
2.584452700771649347e+01,1.529786295302371357e+01
2.586453272363532463e+01,1.600077916977966552e+01
2.588453843955415934e+01,1.648207158953058737e+01
2.590454415547299405e+01,1.749409777551782952e+01
2.592454987139182521e+01,1.817309121642389158e+01
2.594455558731065992e+01,1.823734280739248703e+01
2.596456130322949463e+01,1.755747979632571543e+01
2.598456701914832934e+01,1.837785945161791901e+01
2.600457273506716405e+01,1.885344629745369716e+01
2.602457845098599520e+01,1.876710343264403846e+01
2.604458416690482991e+01,1.958129976060509136e+01
2.606458988282366462e+01,1.877462934323213162e+01
2.608459559874249933e+01,1.743237426180505878e+01
2.610460131466133404e+01,1.702944813312452155e+01
2.612460703058016520e+01,1.697171848920894277e+01
2.614461274649899991e+01,1.689604861815193360e+01
2.616461846241783462e+01,1.553882016387299458e+01
2.618462417833666933e+01,1.530956463046671168e+01
2.620462989425550404e+01,1.230065144202340299e+01
2.622463561017433520e+01,1.228210269172487834e+01
2.624464132609316991e+01,1.123928941098248302e+01
2.626464704201200462e+01,1.043259050528044973e+01
2.628465275793083933e+01,9.164276737247865512e+00
2.630465847384967049e+01,9.194787188220235663e+00
2.632466418976850520e+01,7.403227946104699697e+00
2.634466990568733991e+01,7.300761438555143812e+00
2.636467562160617462e+01,7.134093434220515562e+00
2.638468133752500933e+01,5.696413440443905962e+00
2.640468705344384048e+01,4.932453959529952137e+00
2.642469276936267519e+01,5.163993012059132859e+00
2.644469848528150990e+01,4.888186022021195676e+00
2.646470420120034461e+01,5.196464234811728033e+00
2.648470991711917932e+01,5.476178431349023157e+00
2.650471563303801048e+01,5.493595144908323569e+00
2.652472134895684519e+01,5.449809615091501414e+00
2.654472706487567990e+01,5.198809980007569997e+00
2.656473278079451461e+01,3.933748864696422931e+00
2.658473849671334932e+01,5.739140375270239680e+00
2.660474421263218048e+01,3.938390840443208862e+00
2.662474992855101519e+01,5.408377783876077594e+00
2.664475564446984990e+01,5.352239584561849561e+00
2.666476136038868461e+01,5.966440591487105927e+00
2.668476707630751577e+01,5.459195536608048016e+00
2.670477279222635048e+01,4.574358509599793621e+00
2.672477850814518519e+01,6.119253194496977244e+00
2.674478422406401990e+01,5.591181315638960925e+00
2.676478993998285461e+01,5.410554543329852528e+00
2.678479565590168576e+01,5.558933127838253441e+00
2.680480137182052047e+01,6.557307821091862721e+00
2.682480708773935518e+01,6.047066113039599955e+00
2.684481280365818989e+01,5.059976270807707621e+00
2.686481851957702460e+01,5.346346206500359521e+00
2.688482423549585576e+01,5.303979612402933697e+00
2.690482995141469047e+01,6.032883539145282192e+00
2.692483566733352518e+01,6.342140039300928400e+00
2.694484138325235989e+01,5.865785836804805697e+00
2.696484709917119105e+01,7.182846488249487571e+00
2.698485281509002576e+01,5.476605613107986770e+00
2.700485853100886047e+01,5.355662539834117553e+00
2.702486424692769518e+01,6.865481114162954590e+00
2.704486996284652989e+01,5.026980639023057584e+00
2.706487567876536104e+01,5.745179905958028854e+00
2.708488139468419575e+01,6.341073514714088866e+00
2.710488711060303046e+01,5.186529551616987810e+00
2.712489282652186517e+01,5.481175104477926219e+00
2.714489854244069988e+01,5.333296997431863140e+00
2.716490425835953104e+01,5.816934665485137046e+00
2.718490997427836575e+01,5.510854397525235981e+00
2.720491569019720046e+01,5.368610565463132644e+00
2.722492140611603517e+01,4.299892159387534107e+00
2.724492712203486633e+01,4.677309382105792501e+00
2.726493283795370104e+01,4.555834261255622408e+00
2.728493855387253575e+01,5.718582900357191079e+00
2.730494426979137046e+01,4.578915141083237828e+00
2.732494998571020517e+01,6.415749240554713850e+00
2.734495570162903633e+01,5.565060583765725433e+00
2.736496141754787104e+01,6.582822372657268772e+00
2.738496713346670575e+01,7.102202526643131897e+00
2.740497284938554046e+01,5.848158269357682570e+00
2.742497856530437517e+01,6.631449843919686060e+00
2.744498428122320632e+01,7.359636129777109126e+00
2.746498999714204103e+01,8.371033514210589388e+00
2.748499571306087574e+01,8.916922655194694514e+00
2.750500142897971045e+01,7.738969450914889414e+00
2.752500714489854516e+01,9.011053283612660891e+00
2.754501286081737632e+01,9.449725140455962347e+00
2.756501857673621103e+01,9.107195386137981075e+00
2.758502429265504574e+01,9.645394110314171598e+00
2.760503000857388045e+01,1.030518163461592174e+01
2.762503572449271161e+01,1.144011484604871320e+01
2.764504144041154632e+01,1.306301964584955044e+01
2.766504715633038103e+01,1.357772494550448883e+01
2.768505287224921574e+01,1.340697604714761404e+01
2.770505858816805045e+01,1.352302772335290726e+01
2.772506430408688161e+01,1.417068481754574805e+01
2.774507002000571632e+01,1.545358948424528833e+01
2.776507573592455103e+01,1.686621558179595937e+01
2.778508145184338574e+01,1.631158615265230338e+01
2.780508716776222045e+01,1.776651916333363346e+01
2.782509288368105160e+01,1.829537384351132445e+01
2.784509859959988631e+01,1.784169094127418020e+01
2.786510431551872102e+01,2.034954919049314270e+01
2.788511003143755573e+01,1.898211987852178595e+01
2.790511574735638689e+01,1.966914238712335106e+01
2.792512146327522160e+01,2.187654442746639916e+01
2.794512717919405631e+01,2.128581182533082128e+01
2.796513289511289102e+01,2.187313936321186603e+01
2.798513861103172573e+01,2.206926119568905520e+01
2.800514432695055689e+01,2.278121143234143275e+01
2.802515004286939160e+01,2.413964874936082694e+01
2.804515575878822631e+01,2.403600822236895596e+01
2.806516147470706102e+01,2.473865357607488846e+01
2.808516719062589573e+01,2.467567123424749909e+01
2.810517290654472689e+01,2.596791472780916976e+01
2.812517862246356160e+01,2.584864503197908903e+01
2.814518433838239631e+01,2.606242982307658806e+01
2.816519005430123102e+01,2.736442506420241116e+01
2.818519577022006217e+01,2.779946205006723048e+01
2.820520148613889688e+01,2.753903360212063234e+01
2.822520720205773159e+01,2.827664646020111405e+01
2.824521291797656630e+01,2.808924892421229913e+01
2.826521863389540101e+01,2.860783670476057239e+01
2.828522434981423217e+01,2.846555155613294730e+01
2.830523006573306688e+01,2.675346055151704405e+01
2.832523578165190159e+01,2.538170920015924636e+01
2.834524149757073630e+01,2.533643417346870663e+01
2.836524721348957101e+01,2.378709952963338736e+01
2.838525292940840217e+01,2.282665219966581560e+01
2.840525864532723688e+01,2.006440927862730561e+01
2.842526436124607159e+01,1.801647835275118226e+01
2.844527007716490630e+01,1.700354645317144175e+01
2.846527579308374101e+01,1.617628252584722048e+01
2.848528150900257216e+01,1.332040264537748797e+01
2.850528722492140687e+01,1.280472855583965064e+01
2.852529294084024158e+01,1.092002209188729012e+01
2.854529865675907629e+01,1.048927504510562159e+01
2.856530437267790745e+01,8.025150793852022346e+00
2.858531008859674216e+01,6.785844632013236399e+00
2.860531580451557687e+01,6.864856031649305912e+00
2.862532152043441158e+01,5.577113295554909200e+00
2.864532723635324629e+01,4.711697914079513438e+00
2.866533295227207745e+01,4.907437179548336026e+00
2.868533866819091216e+01,4.166097332626870653e+00
2.870534438410974687e+01,4.202605000587055883e+00
2.872535010002858158e+01,4.977891363980134543e+00
2.874535581594741629e+01,3.718172003299415440e+00
2.876536153186624745e+01,3.288459352495679777e+00
2.878536724778508216e+01,3.328336147622747987e+00
2.880537296370391687e+01,3.104923733660676088e+00
2.882537867962275158e+01,3.835063601652983767e+00
2.884538439554158273e+01,4.008166975538541621e+00
2.886539011146041744e+01,2.791113269948194198e+00
2.888539582737925215e+01,2.840915092579843204e+00
2.890540154329808686e+01,3.500923804870855971e+00
2.892540725921692157e+01,3.268561075665418869e+00
2.894541297513575273e+01,4.323289907632773321e+00
2.896541869105458744e+01,4.136575857679004820e+00
2.898542440697342215e+01,3.318158260077422650e+00
2.900543012289225686e+01,3.941995961348096156e+00
2.902543583881109157e+01,4.202286688971799578e+00
2.904544155472992273e+01,3.445233849640107149e+00
2.906544727064875744e+01,2.929141624396179200e+00
2.908545298656759215e+01,3.227707334292646557e+00
2.910545870248642686e+01,4.421193597789991436e+00
2.912546441840525802e+01,4.699618822480140068e+00
2.914547013432409273e+01,3.947508031973248066e+00
2.916547585024292744e+01,5.298490615600232267e+00
2.918548156616176215e+01,4.520190166524533204e+00
2.920548728208059686e+01,5.477765619089355553e+00
2.922549299799942801e+01,5.103311784924253303e+00
2.924549871391826272e+01,4.289171022577963122e+00
2.926550442983709743e+01,6.238337209462278210e+00
2.928551014575593214e+01,5.351247314687741508e+00
2.930551586167476685e+01,5.870230246289836806e+00
2.932552157759359801e+01,6.469269675927498575e+00
2.934552729351243272e+01,5.815482488426595431e+00
2.936553300943126743e+01,7.692606280340712921e+00
2.938553872535010214e+01,7.471041807292968961e+00
2.940554444126893330e+01,7.639352145782091874e+00
2.942555015718776801e+01,7.523860633982957680e+00
2.944555587310660272e+01,8.054006802886416239e+00
2.946556158902543743e+01,8.762428850394075042e+00
2.948556730494427214e+01,1.031451461487778332e+01
2.950557302086310330e+01,1.055397702400882487e+01
2.952557873678193801e+01,1.100401566883974880e+01
2.954558445270077272e+01,1.091021363192337468e+01
2.956559016861960743e+01,1.191355050285922701e+01
2.958559588453844214e+01,1.270937592178223241e+01
2.960560160045727329e+01,1.408092840132466783e+01
2.962560731637610800e+01,1.367347916304740885e+01
2.964561303229494271e+01,1.416093587519036490e+01
2.966561874821377742e+01,1.540420587649290063e+01
2.968562446413261213e+01,1.591740016786009804e+01
2.970563018005144329e+01,1.817979395183468228e+01
2.972563589597027800e+01,1.800645337203977192e+01
2.974564161188911271e+01,1.933399383407520489e+01
2.976564732780794742e+01,2.020730682220658991e+01
2.978565304372677858e+01,2.048272465234581574e+01
2.980565875964561329e+01,2.180902146279878906e+01
2.982566447556444800e+01,2.200435260632168877e+01
2.984567019148328271e+01,2.424073108741785987e+01
2.986567590740211742e+01,2.457449894201867835e+01
2.988568162332094857e+01,2.574590279126147152e+01
2.990568733923978328e+01,2.501580816900397863e+01
2.992569305515861799e+01,2.657978221197797097e+01
2.994569877107745270e+01,2.532410228787113837e+01
2.996570448699628741e+01,2.482892647350212911e+01
2.998571020291511857e+01,2.557283476112793608e+01
3.000571591883395328e+01,2.428187414424034785e+01
3.002572163475278799e+01,2.362894723316615142e+01
3.004572735067162270e+01,2.315691804317025060e+01
3.006573306659045386e+01,2.113890174292502167e+01
3.008573878250928857e+01,1.970577020069627494e+01
3.010574449842812328e+01,1.771842943701197726e+01
3.012575021434695799e+01,1.709936550838174441e+01
3.014575593026579270e+01,1.608921512884279892e+01
3.016576164618462386e+01,1.448499774463301293e+01
3.018576736210345857e+01,1.322466485827853333e+01
3.020577307802229328e+01,1.263876720653848196e+01
3.022577879394112799e+01,1.006633221513519594e+01
3.024578450985996270e+01,9.334840097307546714e+00
3.026579022577879385e+01,8.850949492612802061e+00
3.028579594169762856e+01,9.793478813498692759e+00
3.030580165761646327e+01,8.800086282291706752e+00
3.032580737353529798e+01,8.392861039924182975e+00
3.034581308945412914e+01,8.792585831087450288e+00
3.036581880537296385e+01,7.999939211572494990e+00
3.038582452129179856e+01,7.666478432760134076e+00
3.040583023721063327e+01,7.833639434937162527e+00
3.042583595312946798e+01,7.389967965735204203e+00
3.044584166904829914e+01,7.785139216673248264e+00
3.046584738496713385e+01,8.414116067090697371e+00
3.048585310088596856e+01,9.219764275251092656e+00
3.050585881680480327e+01,1.022880610865277262e+01
3.052586453272363798e+01,9.788814337508236818e+00
3.054587024864246914e+01,1.031766874279799850e+01
3.056587596456130385e+01,1.097256726536430094e+01
3.058588168048013856e+01,1.092298763650310889e+01
3.060588739639897327e+01,1.291016698698282816e+01
3.062589311231780798e+01,1.239302118412118148e+01
3.064589882823663913e+01,1.238956314346886955e+01
3.066590454415547384e+01,1.453313349713440417e+01
3.068591026007430855e+01,1.488401037520518422e+01
3.070591597599314326e+01,1.469196143364680118e+01
3.072592169191197442e+01,1.622861996972041254e+01
3.074592740783080913e+01,1.747953585243778107e+01
3.076593312374964384e+01,1.836071681197680405e+01
3.078593883966847855e+01,1.785844926837926039e+01
3.080594455558731326e+01,1.958334799998480591e+01
3.082595027150614442e+01,1.951951066656324940e+01
3.084595598742497913e+01,2.076584476306076255e+01
3.086596170334381384e+01,2.295688708487245222e+01
3.088596741926264855e+01,2.483961423859780382e+01
3.090597313518148326e+01,2.481613968483389954e+01
3.092597885110031442e+01,2.689691783356950339e+01
3.094598456701914913e+01,2.925853917517215663e+01
3.096599028293798384e+01,3.079394069898469155e+01
3.098599599885681855e+01,3.271665851663971836e+01
3.100600171477564970e+01,3.501925756102911436e+01
3.102600743069448441e+01,3.774949293527144789e+01
3.104601314661331912e+01,3.951895370873693736e+01
3.106601886253215383e+01,4.316765405498060204e+01
3.108602457845098854e+01,4.573412973046694674e+01
3.110603029436981970e+01,4.917092630976423351e+01
3.112603601028865441e+01,5.082569830550779244e+01
3.114604172620748912e+01,5.513856480453858211e+01
3.116604744212632383e+01,5.858265680025452582e+01
3.118605315804515854e+01,6.199939886094125541e+01
3.120605887396398970e+01,6.555376573604709733e+01
3.122606458988282441e+01,6.999367337396658684e+01
3.124607030580165912e+01,7.469831454114651592e+01
3.126607602172049383e+01,7.900405525645089710e+01
3.128608173763932498e+01,8.144581892255982325e+01
3.130608745355815969e+01,8.574494425114659180e+01
3.132609316947699440e+01,8.931163286665351109e+01
3.134609888539582911e+01,9.372016387272375937e+01
3.136610460131466382e+01,9.658421682715395207e+01
3.138611031723349498e+01,9.825525905357585543e+01
3.140611603315232969e+01,9.940596217892340292e+01
3.142612174907116440e+01,1.000000000000000000e+02
3.144612746498999911e+01,9.998100368514292313e+01
3.146613318090883382e+01,9.708133973376925496e+01
3.148613889682766498e+01,9.588421219428471431e+01
3.150614461274649969e+01,9.041257263964334356e+01
3.152615032866533440e+01,8.561507441412557284e+01
3.154615604458416911e+01,8.107966093454767531e+01
3.156616176050300382e+01,7.508547716733777122e+01
3.158616747642183498e+01,6.744962824356569797e+01
3.160617319234066969e+01,6.107226340273231102e+01
3.162617890825950440e+01,5.523373956537079010e+01
3.164618462417833911e+01,4.763629040229733391e+01
3.166619034009717026e+01,4.225135219419160393e+01
3.168619605601600497e+01,3.629492674569453925e+01
3.170620177193483968e+01,3.170979459909383991e+01
3.172620748785367439e+01,2.618881417497466657e+01
3.174621320377250910e+01,2.438858897686506921e+01
3.176621891969134026e+01,1.957852357026347789e+01
3.178622463561017497e+01,1.776624306876875181e+01
3.180623035152900968e+01,1.544473317279305924e+01
3.182623606744784439e+01,1.378082722588832887e+01
3.184624178336667910e+01,1.222216287844949534e+01
3.186624749928551026e+01,1.293497375581178233e+01
3.188625321520434497e+01,1.233370299300695905e+01
3.190625893112317968e+01,1.024950216550651838e+01
3.192626464704201439e+01,1.145616264891986802e+01
3.194627036296084555e+01,1.094465995353955812e+01
3.196627607887968026e+01,1.065710810720678303e+01
3.198628179479851497e+01,9.369918088378268450e+00
3.200628751071734968e+01,1.050045810642297184e+01
3.202629322663618439e+01,1.030781757812945898e+01
3.204629894255501199e+01,8.936185130224906459e+00
3.206630465847385381e+01,9.166805491822467289e+00
3.208631037439268141e+01,1.050885373866685235e+01
3.210631609031152323e+01,9.960626590203943920e+00
3.212632180623035083e+01,9.961376413516859429e+00
3.214632752214918554e+01,1.038232247067547398e+01
3.216633323806802025e+01,1.003333756655733211e+01
3.218633895398685496e+01,9.618474082113960932e+00
3.220634466990568967e+01,1.042273620685556246e+01
3.222635038582451728e+01,9.671480159412590538e+00
3.224635610174335909e+01,1.152199882000887676e+01
3.226636181766218670e+01,1.156497034104785904e+01
3.228636753358102851e+01,1.094488770574981729e+01
3.230637324949985612e+01,1.186322802799171683e+01
3.232637896541869083e+01,1.255789173747953313e+01
3.234638468133752554e+01,1.330842913573620656e+01
3.236639039725636025e+01,1.510967182909813111e+01
3.238639611317519496e+01,1.464751394516188654e+01
3.240640182909402967e+01,1.503084599415947409e+01
3.242640754501286438e+01,1.622502263522903476e+01
3.244641326093169198e+01,1.666398950426336611e+01
3.246641897685053380e+01,1.759054590654257311e+01
3.248642469276936140e+01,1.878173675560523037e+01
3.250643040868819611e+01,1.900867812069258633e+01
3.252643612460703082e+01,2.133964933173282574e+01
3.254644184052586553e+01,2.231013714283162841e+01
3.256644755644470024e+01,2.140580519096304357e+01
3.258645327236353495e+01,2.181606851887419296e+01
3.260645898828236966e+01,2.345639064600657164e+01
3.262646470420119726e+01,2.309757659811555897e+01
3.264647042012003908e+01,2.405937118058596980e+01
3.266647613603886668e+01,2.247797085855875920e+01
3.268648185195770850e+01,2.332343782314480407e+01
3.270648756787653610e+01,2.332910159694592878e+01
3.272649328379537081e+01,2.286266585235949833e+01
3.274649899971420552e+01,2.198544566693981750e+01
3.276650471563304023e+01,2.233878100790291299e+01
3.278651043155187494e+01,1.999106902695080024e+01
3.280651614747070255e+01,2.044927689532601889e+01
3.282652186338954436e+01,2.028796623534142896e+01
3.284652757930837197e+01,2.000445918726730454e+01
3.286653329522721378e+01,1.917058942091033202e+01
3.288653901114604139e+01,1.969155369692041546e+01
3.290654472706487610e+01,1.982807376818567136e+01
3.292655044298371081e+01,2.000857740512875083e+01
3.294655615890254552e+01,2.088905646739449651e+01
3.296656187482138023e+01,1.990007892926952238e+01
3.298656759074020783e+01,2.172867096347758675e+01
3.300657330665904965e+01,2.250697048294829372e+01
3.302657902257787725e+01,2.115775531414254473e+01
3.304658473849671907e+01,2.313609339110621832e+01
3.306659045441554667e+01,2.228129953278135744e+01
3.308659617033438138e+01,2.385756403324144159e+01
3.310660188625321609e+01,2.265678920655485840e+01
3.312660760217205080e+01,2.384279779694869106e+01
3.314661331809088551e+01,2.270819585747304714e+01
3.316661903400971312e+01,2.254509368263504498e+01
3.318662474992855493e+01,2.115276944526987180e+01
3.320663046584738254e+01,2.081756884240096994e+01
3.322663618176622435e+01,2.061053392865157363e+01
3.324664189768505196e+01,1.887790835461304795e+01
3.326664761360388667e+01,1.882018383802995132e+01
3.328665332952272138e+01,1.592802618448274998e+01
3.330665904544155609e+01,1.562418636464776256e+01
3.332666476136039080e+01,1.516151253716497571e+01
3.334667047727922551e+01,1.310082858464651068e+01
3.336667619319806022e+01,1.237521114034579206e+01
3.338668190911688782e+01,1.216165317082255903e+01
3.340668762503572964e+01,1.117439764025045257e+01
3.342669334095455724e+01,1.132230077522903144e+01
3.344669905687339195e+01,1.219643499646093865e+01
3.346670477279222666e+01,1.114175494741787453e+01
3.348671048871106137e+01,1.166848165833449080e+01
3.350671620462989608e+01,1.268772615368164480e+01
3.352672192054873079e+01,1.184562183191932405e+01
3.354672763646756550e+01,1.310500495912324226e+01
3.356673335238639311e+01,1.333997907526247317e+01
3.358673906830523492e+01,1.410373463525414905e+01
3.360674478422406253e+01,1.492589351015421784e+01
3.362675050014290434e+01,1.449934936054008894e+01
3.364675621606173195e+01,1.564010043834026753e+01
3.366676193198056666e+01,1.677176790154353725e+01
3.368676764789940137e+01,1.698410572279671626e+01
3.370677336381823608e+01,1.988418380266376673e+01
3.372677907973707079e+01,2.111947933491572726e+01
3.374678479565589839e+01,2.062273805586662689e+01
3.376679051157474021e+01,2.329448010275822867e+01
3.378679622749356781e+01,2.547479271528023403e+01
3.380680194341240963e+01,2.518259389818187088e+01
3.382680765933123723e+01,2.711481798639891139e+01
3.384681337525007194e+01,2.940775546687051545e+01
3.386681909116890665e+01,3.093485693513614976e+01
3.388682480708774136e+01,3.479516087716339001e+01
3.390683052300657607e+01,3.666777308534602042e+01
3.392683623892540368e+01,3.719911124218383236e+01
3.394684195484424549e+01,3.974992894912657704e+01
3.396684767076307310e+01,4.261736917026339455e+01
3.398685338668191491e+01,4.482816436479640032e+01
3.400685910260074252e+01,4.571627058951969502e+01
3.402686481851957723e+01,4.741077608458446235e+01
3.404687053443841194e+01,4.920712882070598937e+01
3.406687625035724665e+01,5.141078590568169204e+01
3.408688196627608136e+01,5.196077813646342491e+01
3.410688768219490896e+01,5.306683967831070703e+01
3.412689339811375078e+01,5.227325686679824912e+01
3.414689911403257838e+01,5.400733547455163830e+01
3.416690482995142020e+01,5.305651667416935879e+01
3.418691054587024780e+01,5.272916504859843201e+01
3.420691626178908251e+01,5.248964141173479447e+01
3.422692197770791722e+01,5.109431029758007270e+01
3.424692769362675193e+01,4.992818924924745971e+01
3.426693340954558664e+01,4.940683000748387599e+01
3.428693912546442135e+01,4.773414990024454596e+01
3.430694484138325606e+01,4.587951119959939206e+01
3.432695055730208367e+01,4.428052660775369276e+01
3.434695627322092548e+01,4.252575824007640648e+01
3.436696198913975309e+01,3.972809182866434696e+01
3.438696770505858780e+01,3.779030044334067640e+01
3.440697342097742251e+01,3.553467787407441136e+01
3.442697913689625722e+01,3.558580347141903388e+01
3.444698485281509193e+01,3.256667596607369575e+01
3.446699056873392664e+01,3.138086792280174109e+01
3.448699628465276135e+01,3.095326385650983170e+01
3.450700200057158895e+01,3.097688307235697636e+01
3.452700771649043077e+01,2.908178270341543126e+01
3.454701343240925837e+01,3.020457754855197763e+01
3.456701914832810019e+01,2.871126679831258244e+01
3.458702486424692779e+01,2.909314480575631023e+01
3.460703058016576250e+01,2.857804924743833652e+01
3.462703629608459721e+01,2.813664046635901173e+01
3.464704201200343192e+01,2.785663854675524576e+01
3.466704772792226663e+01,2.836107242619738855e+01
3.468705344384109424e+01,2.808107186118281717e+01
3.470705915975993605e+01,2.625837807727689110e+01
3.472706487567876366e+01,2.591840570643825714e+01
3.474707059159760547e+01,2.391256832901951412e+01
3.476707630751643308e+01,2.391591823863745958e+01
3.478708202343526779e+01,2.131439349910229808e+01
3.480708773935410250e+01,2.056346609624915089e+01
3.482709345527293721e+01,1.829797148550333930e+01
3.484709917119177192e+01,1.692600523916250310e+01
3.486710488711059952e+01,1.677972830164448226e+01
3.488711060302944134e+01,1.587010603663172326e+01
3.490711631894826894e+01,1.439751793721073803e+01
3.492712203486711076e+01,1.352080589421172618e+01
3.494712775078593836e+01,1.245509681655898859e+01
3.496713346670477307e+01,1.107579745281220873e+01
3.498713918262360778e+01,1.153135578508807590e+01
3.500714489854244249e+01,1.177809474894394270e+01
3.502715061446127720e+01,1.136590699831092621e+01
3.504715633038010481e+01,1.186475512888761052e+01
3.506716204629894662e+01,1.099728859813916593e+01
3.508716776221777423e+01,1.036041076035416530e+01
3.510717347813661604e+01,1.088250289513354474e+01
3.512717919405544365e+01,1.094892971840259044e+01
3.514718490997427836e+01,1.210169790563257308e+01
3.516719062589311307e+01,1.164574273623159506e+01
3.518719634181194778e+01,1.234235632618450929e+01
3.520720205773078249e+01,1.205362017154075360e+01
3.522720777364961720e+01,1.126456938336929525e+01
3.524721348956845191e+01,1.140181834018790497e+01
3.526721920548727951e+01,1.266245196762482195e+01
3.528722492140612133e+01,1.144376459803032198e+01
3.530723063732494893e+01,1.134370852627161064e+01
3.532723635324378364e+01,1.213947561683010079e+01
3.534724206916261835e+01,1.164912879238753796e+01
3.536724778508145306e+01,1.318566175031912557e+01
3.538725350100028777e+01,1.413960795528475245e+01
3.540725921691912248e+01,1.344867634214961427e+01
3.542726493283795719e+01,1.565239930115275868e+01
3.544727064875678479e+01,1.546369752822188026e+01
3.546727636467562661e+01,1.812278824828287327e+01
3.548728208059445421e+01,1.883600136430105110e+01
3.550728779651329603e+01,2.073714528686460312e+01
3.552729351243212363e+01,2.150803103605532840e+01
3.554729922835095834e+01,2.407087617030736837e+01
3.556730494426979305e+01,2.560639138980425500e+01
3.558731066018862776e+01,2.810094748896223038e+01
3.560731637610746247e+01,3.159417676681565013e+01
3.562732209202629008e+01,3.307834964932102650e+01
3.564732780794513189e+01,3.710760457963235126e+01
3.566733352386395950e+01,3.996829771495147554e+01
3.568733923978280131e+01,4.280122961801085069e+01
3.570734495570162892e+01,4.560617064751630068e+01
3.572735067162046363e+01,4.963269139100050609e+01
3.574735638753929834e+01,5.442833958127694416e+01
3.576736210345813305e+01,5.788187144616880175e+01
3.578736781937696776e+01,6.088347180619595633e+01
3.580737353529579536e+01,6.564085059652133225e+01
3.582737925121463718e+01,6.860717482245078713e+01
3.584738496713346478e+01,7.293443605170364208e+01
3.586739068305230660e+01,7.761677648386189787e+01
3.588739639897113420e+01,7.985166486667580443e+01
3.590740211488996891e+01,8.435466416066718409e+01
3.592740783080880362e+01,8.543312781754043783e+01
3.594741354672763833e+01,8.759946806454996704e+01
3.596741926264647304e+01,8.904340822507202802e+01
3.598742497856530065e+01,8.935822384912808047e+01
3.600743069448414246e+01,8.808762811267546056e+01
3.602743641040297007e+01,8.703235371516427676e+01
3.604744212632181188e+01,8.461305520448080131e+01
3.606744784224063949e+01,7.959418565560692116e+01
3.608745355815947420e+01,7.618881693709009539e+01
3.610745927407830891e+01,6.971728321419507779e+01
3.612746498999714362e+01,6.432839223502254811e+01
3.614747070591597833e+01,5.854530762520714404e+01
3.616747642183481304e+01,5.264683412912251015e+01
3.618748213775364775e+01,4.736479238250208823e+01
3.620748785367247535e+01,4.013457350132051005e+01
3.622749356959131717e+01,3.539712260435396729e+01
3.624749928551014477e+01,3.109179919027472039e+01
3.626750500142897948e+01,2.686738386271031942e+01
3.628751071734781419e+01,2.233649563407836780e+01
3.630751643326664890e+01,1.993457064462730344e+01
3.632752214918548361e+01,1.704685464881004364e+01
3.634752786510431832e+01,1.409302068018044451e+01
3.636753358102315303e+01,1.183555373598552585e+01
3.638753929694198064e+01,9.824179591893368979e+00
3.640754501286082245e+01,9.700307339020048047e+00
3.642755072877965006e+01,8.872835690360171057e+00
3.644755644469849187e+01,7.165332108368153818e+00
3.646756216061731948e+01,6.594041271764517376e+00
3.648756787653615419e+01,5.897467778204429578e+00
3.650757359245498890e+01,5.853496920542735182e+00
3.652757930837382361e+01,4.361600690396120861e+00
3.654758502429265832e+01,4.420653478139842996e+00
3.656759074021148592e+01,5.234020431008982399e+00
3.658759645613032774e+01,5.354235338075698181e+00
3.660760217204915534e+01,5.140657216102298754e+00
3.662760788796799716e+01,4.683430198174073134e+00
3.664761360388682476e+01,4.304329832521433197e+00
3.666761931980565947e+01,4.428715354158888395e+00
3.668762503572449418e+01,3.077174938925882230e+00
3.670763075164332889e+01,4.392051996302363648e+00
3.672763646756216360e+01,2.471685442243009234e+00
3.674764218348099121e+01,2.950157817450691944e+00
3.676764789939983302e+01,3.560649112138747796e+00
3.678765361531866063e+01,3.627063621148572725e+00
3.680765933123750244e+01,2.676534404598452710e+00
3.682766504715633005e+01,2.968116048749861680e+00
3.684767076307516476e+01,2.914370816992745805e+00
3.686767647899399947e+01,2.939679776725609095e+00
3.688768219491283418e+01,3.102910926075198805e+00
3.690768791083166889e+01,2.930292410924087765e+00
3.692769362675049649e+01,2.915229055388382395e+00
3.694769934266933831e+01,2.028443988855509694e+00
3.696770505858816591e+01,3.712943006743171903e+00
3.698771077450700773e+01,3.264778336600779873e+00
3.700771649042583533e+01,3.465471356355359855e+00
3.702772220634467004e+01,2.430565093114651187e+00
3.704772792226350475e+01,3.123148015942214695e+00
3.706773363818233946e+01,1.858383695177443728e+00
3.708773935410117417e+01,1.659782799545241438e+00
3.710774507002000888e+01,2.953240611961074347e+00
3.712775078593884359e+01,1.863206706204516783e+00
3.714775650185767120e+01,1.726805271191122149e+00
3.716776221777651301e+01,3.554538882939617839e+00
3.718776793369534062e+01,1.762985825790666539e+00
3.720777364961417533e+01,1.862371084511691643e+00
3.722777936553301004e+01,2.452421932741064570e+00
3.724778508145184475e+01,2.495628726682203258e+00
3.726779079737067946e+01,1.940157326036371588e+00
3.728779651328951417e+01,2.321190442738743087e+00
3.730780222920834888e+01,3.205067612494156393e+00
3.732780794512717648e+01,2.724096644809087753e+00
3.734781366104601830e+01,1.851653636152810645e+00
3.736781937696484590e+01,2.874350425500755701e+00
3.738782509288368772e+01,1.762779973048424376e+00
3.740783080880251532e+01,2.374216883264481659e+00
3.742783652472135003e+01,2.606593245156196836e+00
3.744784224064018474e+01,2.109999992830586368e+00
3.746784795655901945e+01,3.432427297344976758e+00
3.748785367247785416e+01,2.000319585922411214e+00
3.750785938839668177e+01,2.246356683128892584e+00
3.752786510431552358e+01,2.910775109359938551e+00
3.754787082023435119e+01,3.679943204424759529e+00
3.756787653615319300e+01,1.955810536008462330e+00
3.758788225207202061e+01,2.057298877174558616e+00
3.760788796799085532e+01,2.909376334812274756e+00
3.762789368390969003e+01,4.032057237888428958e+00
3.764789939982852474e+01,3.945307616796471351e+00
3.766790511574735945e+01,3.433220120956614885e+00
3.768791083166618705e+01,3.090481169428134223e+00
3.770791654758502887e+01,2.711612396109503553e+00
3.772792226350385647e+01,3.261584285548555062e+00
3.774792797942269829e+01,4.943371498650861007e+00
3.776793369534152589e+01,3.812588712077139785e+00
3.778793941126036060e+01,4.950882015304898687e+00
3.780794512717919531e+01,5.693994190861026539e+00
3.782795084309803002e+01,5.592237615997497358e+00
3.784795655901686473e+01,5.182762437138504374e+00
3.786796227493569234e+01,5.352692389400370843e+00
3.788796799085453415e+01,6.556553766746046286e+00
3.790797370677336176e+01,7.190234964011472663e+00
3.792797942269220357e+01,7.977204396862243030e+00
3.794798513861103118e+01,8.853982546666204101e+00
3.796799085452986589e+01,8.615692608077701209e+00
3.798799657044870060e+01,1.023810463250735303e+01
3.800800228636753531e+01,1.023899344712424053e+01
3.802800800228637002e+01,1.157258366461153187e+01
3.804801371820520473e+01,1.170738526654715983e+01
3.806801943412403944e+01,1.246449454818804092e+01
3.808802515004286704e+01,1.299540737736224649e+01
3.810803086596170886e+01,1.381330071046291863e+01
3.812803658188053646e+01,1.475820832041169872e+01
3.814804229779937117e+01,1.571129142821509106e+01
3.816804801371820588e+01,1.738904714999172896e+01
3.818805372963704059e+01,1.692619299907802599e+01
3.820805944555587530e+01,1.760677486069572950e+01
3.822806516147471001e+01,1.881496233790062789e+01
3.824807087739354472e+01,1.910755759779039664e+01
3.826807659331237232e+01,2.066251107325206959e+01
3.828808230923121414e+01,2.070268436268668211e+01
3.830808802515004174e+01,2.101785411538751802e+01
3.832809374106888356e+01,2.122254775113274761e+01
3.834809945698771116e+01,2.033170418446434979e+01
3.836810517290654587e+01,2.037276029230961072e+01
3.838811088882538058e+01,2.072235987180436112e+01
3.840811660474421529e+01,1.971363726078030609e+01
3.842812232066305000e+01,1.906074654302201310e+01
3.844812803658187761e+01,1.902607845647776230e+01
3.846813375250071942e+01,1.757865794386916747e+01
3.848813946841954703e+01,1.639016728525924549e+01
3.850814518433838884e+01,1.777304123366333855e+01
3.852815090025721645e+01,1.668249325501010105e+01
3.854815661617605116e+01,1.723455482735615618e+01
3.856816233209488587e+01,1.577922558806107567e+01
3.858816804801372058e+01,1.624537976756374746e+01
3.860817376393255529e+01,1.590837057040614511e+01
3.862817947985138289e+01,1.618133710078456033e+01
3.864818519577022471e+01,1.640162163299332576e+01
3.866819091168905231e+01,1.664725552468581782e+01
3.868819662760789413e+01,1.844828329119930288e+01
3.870820234352672173e+01,1.713850090187738573e+01
3.872820805944555644e+01,1.732255483305651111e+01
3.874821377536439115e+01,1.917264518789024308e+01
3.876821949128322586e+01,1.915819642404704837e+01
3.878822520720206057e+01,1.780800625940052484e+01
3.880823092312088818e+01,1.821886977993594314e+01
3.882823663903972999e+01,1.806684219870901131e+01
3.884824235495855760e+01,1.679185969591198457e+01
3.886824807087739941e+01,1.538649135444347138e+01
3.888825378679622702e+01,1.472563831602134776e+01
3.890825950271506173e+01,1.408262094883920668e+01
3.892826521863389644e+01,1.439565445226972074e+01
3.894827093455273115e+01,1.282563403040884253e+01
3.896827665047156586e+01,1.182881729529439596e+01
3.898828236639040057e+01,1.230249128266880732e+01
3.900828808230923528e+01,1.047318085672995025e+01
3.902829379822806288e+01,1.041623000311395764e+01
3.904829951414690470e+01,8.625511384063178966e+00
3.906830523006573230e+01,9.051481743636573540e+00
3.908831094598456701e+01,7.118287968459338089e+00
3.910831666190340172e+01,7.015392610818937058e+00
3.912832237782223643e+01,5.687571193243886825e+00
3.914832809374107114e+01,5.590648250482674442e+00
3.916833380965990585e+01,4.871747723178032174e+00
3.918833952557874056e+01,5.437795705481095254e+00
3.920834524149756817e+01,4.827506460431480129e+00
3.922835095741640998e+01,4.312815754508660504e+00
3.924835667333523759e+01,3.329426421330896613e+00
3.926836238925407940e+01,3.503004752583736003e+00
3.928836810517290701e+01,4.003108579694784730e+00
3.930837382109174172e+01,3.789051734094388557e+00
3.932837953701057643e+01,2.622735405010855558e+00
3.934838525292941114e+01,2.521848159978081760e+00
3.936839096884824585e+01,2.119838889575743401e+00
3.938839668476707345e+01,2.131320920518374962e+00
3.940840240068591527e+01,2.613672719763656893e+00
3.942840811660474287e+01,1.633641342981738687e+00
3.944841383252358469e+01,2.853914725691519383e+00
3.946841954844241229e+01,2.835666822731066627e+00
3.948842526436124700e+01,1.298978517516444775e+00
3.950843098028008171e+01,3.020183415198235632e+00
3.952843669619891642e+01,2.712121657284234821e+00
3.954844241211775113e+01,1.500741751024496251e+00
3.956844812803657874e+01,2.250525550681807374e+00
3.958845384395542055e+01,1.283045197147885563e+00
3.960845955987424816e+01,2.206811001558540042e+00
3.962846527579308997e+01,2.109030930604236520e+00
3.964847099171191758e+01,2.471986443889771401e+00
3.966847670763075229e+01,1.459707824583053037e+00
3.968848242354958700e+01,1.945576726789851607e+00
3.970848813946842171e+01,2.709692471475558140e+00
3.972849385538725642e+01,1.788878488136351308e+00
3.974849957130608402e+01,2.589211008658268032e+00
3.976850528722492584e+01,2.184604435297337943e+00
3.978851100314375344e+01,1.752940566412185985e+00
3.980851671906259526e+01,3.579980797326452802e+00
3.982852243498142286e+01,1.843551175252972296e+00
3.984852815090025757e+01,2.327877003339012152e+00
3.986853386681909228e+01,2.043858148986225753e+00
3.988853958273792699e+01,2.367947787589686381e+00
3.990854529865676170e+01,2.117792631121927727e+00
3.992855101457559641e+01,2.079219474440483495e+00
3.994855673049443112e+01,2.917123674143184076e+00
3.996856244641325873e+01,4.125763439746740424e+00
3.998856816233210054e+01,3.479026121466327837e+00
4.000857387825092815e+01,1.285186621175096189e+00
4.002857959416976286e+01,2.585651375578774669e+00
4.004858531008859757e+01,2.423246012589880038e+00
4.006859102600743228e+01,4.082216421580460164e+00
4.008859674192626699e+01,1.759860187026784040e+00
4.010860245784510170e+01,2.779403215694168150e+00
4.012860817376393641e+01,3.809408555512114880e+00
4.014861388968276401e+01,2.288679649716346187e+00
4.016861960560160583e+01,1.914122620742915171e+00
4.018862532152043343e+01,3.170058666520633395e+00
4.020863103743927525e+01,3.257855109276016847e+00
4.022863675335810285e+01,2.484110474751662689e+00
4.024864246927693756e+01,1.805163082855734125e+00
4.026864818519577227e+01,2.107146337851989237e+00
4.028865390111460698e+01,2.002298135069569440e+00
4.030865961703344169e+01,1.601091397235428149e+00
4.032866533295226930e+01,2.665628546375120589e+00
4.034867104887111111e+01,1.771694551542076779e+00
4.036867676478993872e+01,1.698666755107833826e+00
4.038868248070878053e+01,1.291879846095100426e+00
4.040868819662760814e+01,1.812824232371697208e+00
4.042869391254644285e+01,2.065664954927217245e+00
4.044869962846527756e+01,1.609228304254565201e+00
4.046870534438411227e+01,1.954600474899441442e+00
4.048871106030294698e+01,1.626496138830057836e+00
4.050871677622177458e+01,1.340070197344410907e+00
4.052872249214061640e+01,1.394093628273983754e+00
4.054872820805944400e+01,1.056178278877674126e+00
4.056873392397828582e+01,2.156546861724764952e+00
4.058873963989711342e+01,1.824797573891680846e+00
4.060874535581594813e+01,2.865119151814385923e+00
4.062875107173478284e+01,1.852044477470349504e+00
4.064875678765361755e+01,2.758403861964762616e+00
4.066876250357245226e+01,2.906437246568709831e+00
4.068876821949127986e+01,1.770357498233860349e+00
4.070877393541012168e+01,2.290227999296091888e+00
4.072877965132894929e+01,1.871932937346670878e+00
4.074878536724779110e+01,1.586070489773516279e+00
4.076879108316661871e+01,2.475326031567047114e+00
4.078879679908545342e+01,2.018563787734686699e+00
4.080880251500428813e+01,2.906865661346655028e+00
4.082880823092312284e+01,2.696423367451501019e+00
4.084881394684195755e+01,2.932607157176703172e+00
4.086881966276079226e+01,3.496922430339491683e+00
4.088882537867962697e+01,3.813875874963105872e+00
4.090883109459845457e+01,2.882052732617919499e+00
4.092883681051729639e+01,3.277363647595940677e+00
4.094884252643612399e+01,3.599433186568626208e+00
4.096884824235495870e+01,4.259128474057948921e+00
4.098885395827379341e+01,4.823087639927357451e+00
4.100885967419262812e+01,4.549640143709084761e+00
4.102886539011146283e+01,3.576796995865131557e+00
4.104887110603029754e+01,4.813565726709650328e+00
4.106887682194913225e+01,5.564090955016672169e+00
4.108888253786795985e+01,4.032272096125670835e+00
4.110888825378680167e+01,5.104864676347926178e+00
4.112889396970562927e+01,5.565116664769132804e+00
4.114889968562447109e+01,6.585099796057599875e+00
4.116890540154329869e+01,6.269750895554509817e+00
4.118891111746213340e+01,5.658434046561218622e+00
4.120891683338096811e+01,6.754700941431975636e+00
4.122892254929980282e+01,6.254168142077814352e+00
4.124892826521863753e+01,7.025602807549341300e+00
4.126893398113746514e+01,6.524247399490745281e+00
4.128893969705630695e+01,8.228738003549826985e+00
4.130894541297513456e+01,7.766063828923119416e+00
4.132895112889397637e+01,6.984864943501943202e+00
4.134895684481280398e+01,7.965753138309842996e+00
4.136896256073163869e+01,7.071365455833457325e+00
4.138896827665047340e+01,6.764920243708297143e+00
4.140897399256930811e+01,6.337292727298975414e+00
4.142897970848814282e+01,7.567739295082315465e+00
4.144898542440697042e+01,5.868988630394720296e+00
4.146899114032581224e+01,5.871026995055952824e+00
4.148899685624463984e+01,6.143302328211476926e+00
4.150900257216348166e+01,5.810360348739710190e+00
4.152900828808230926e+01,4.320149270461861590e+00
4.154901400400114397e+01,3.793058384750650269e+00
4.156901971991997868e+01,3.159527067481060048e+00
4.158902543583881339e+01,4.005423687072757311e+00
4.160903115175764810e+01,2.578025273208678136e+00
4.162903686767647571e+01,2.776428261399855213e+00
4.164904258359531752e+01,3.007935828484585183e+00
4.166904829951414513e+01,2.650485565148008593e+00
4.168905401543298694e+01,3.096613289147732040e+00
4.170905973135181455e+01,3.016583057268511059e+00
4.172906544727064926e+01,1.623993566290678370e+00
4.174907116318948397e+01,1.557055940886784118e+00
4.176907687910831868e+01,2.625252647898585590e+00
4.178908259502715339e+01,1.336548596025378455e+00
4.180908831094598810e+01,1.760983315446454922e+00
4.182909402686482281e+01,1.503712768958890278e+00
4.184909974278365041e+01,1.979233917719868563e+00
4.186910545870249223e+01,1.792782228908725850e+00
4.188911117462131983e+01,2.079268462916768812e+00
4.190911689054015454e+01,2.919836180311529805e+00
4.192912260645898925e+01,2.037485131475271771e+00
4.194912832237782396e+01,2.917670119469879086e+00
4.196913403829665867e+01,1.997684852527034982e+00
4.198913975421549338e+01,3.074540576142720916e+00
4.200914547013432809e+01,1.933979101405860712e+00
4.202915118605316280e+01,2.814721299109767649e+00
4.204915690197199041e+01,3.008069647909205280e+00
4.206916261789082512e+01,1.623299240658685694e+00
4.208916833380965983e+01,2.087153760915887890e+00
4.210917404972849454e+01,2.175050605068973297e+00
4.212917976564732925e+01,3.800179982957270663e+00
4.214918548156616396e+01,2.270667242970070276e+00
4.216919119748499867e+01,3.336725667027247155e+00
4.218919691340383338e+01,3.162855210254438720e+00
4.220920262932266809e+01,3.982133705193170670e+00
4.222920834524150280e+01,4.504269463781710670e+00
4.224921406116033040e+01,3.322951473441937420e+00
4.226921977707916511e+01,4.441354282965450651e+00
4.228922549299799982e+01,5.705146309238170232e+00
4.230923120891683453e+01,5.614810053967381975e+00
4.232923692483566924e+01,6.038761918222436798e+00
4.234924264075450395e+01,5.849922279767280742e+00
4.236924835667333866e+01,8.176234143781499597e+00
4.238925407259217337e+01,8.557735875604887354e+00
4.240925978851100808e+01,8.428140246034288907e+00
4.242926550442983569e+01,1.040471528941646895e+01
4.244927122034867040e+01,1.106952416827628838e+01
4.246927693626750511e+01,1.280373569359645280e+01
4.248928265218633982e+01,1.373998254744642367e+01
4.250928836810517453e+01,1.485894332643957583e+01
4.252929408402400924e+01,1.714402414056179325e+01
4.254929979994284395e+01,1.871606704484360861e+01
4.256930551586167866e+01,2.004531006887710731e+01
4.258931123178051337e+01,2.121470266136942229e+01
4.260931694769934097e+01,2.445972947658906094e+01
4.262932266361817568e+01,2.602602006179824912e+01
4.264932837953701039e+01,2.746252166692682906e+01
4.266933409545584510e+01,2.888595566958706229e+01
4.268933981137467981e+01,3.012879646434595315e+01
4.270934552729351452e+01,3.206148121665934525e+01
4.272935124321234923e+01,3.393670768242983371e+01
4.274935695913118394e+01,3.500219576952530076e+01
4.276936267505001865e+01,3.455611545741800938e+01
4.278936839096885336e+01,3.544345689276730127e+01
4.280937410688768097e+01,3.559347520376823582e+01
4.282937982280651568e+01,3.463929552868906825e+01
4.284938553872535039e+01,3.260048576762327599e+01
4.286939125464418510e+01,3.199014886621964493e+01
4.288939697056301981e+01,3.073493885090876532e+01
4.290940268648185452e+01,2.791397674781479665e+01
4.292940840240068923e+01,2.570411068236778362e+01
4.294941411831952394e+01,2.318821702564515874e+01
4.296941983423835865e+01,2.216791365928600399e+01
4.298942555015718625e+01,1.815707926079386070e+01
4.300943126607602096e+01,1.765066391323381012e+01
4.302943698199485567e+01,1.452539912663748822e+01
4.304944269791369038e+01,1.342596717642567050e+01
4.306944841383252509e+01,1.171382161034131109e+01
4.308945412975135980e+01,1.122569233182752946e+01
4.310945984567019451e+01,9.571128206888603884e+00
4.312946556158902922e+01,8.770526970033190040e+00
4.314947127750786393e+01,8.262298518535521552e+00
4.316947699342669864e+01,6.786377004335845342e+00
4.318948270934552625e+01,6.102386198975185749e+00
4.320948842526436096e+01,5.377754151528421289e+00
4.322949414118319567e+01,6.533043625014996358e+00
4.324949985710203038e+01,5.291911313231707936e+00
4.326950557302086509e+01,4.968260156170333453e+00
4.328951128893969980e+01,5.449153616876703410e+00
4.330951700485853451e+01,4.510130929479580608e+00
4.332952272077736922e+01,4.349439692261358736e+00
4.334952843669620393e+01,5.782528427536092863e+00
4.336953415261503153e+01,5.193378076434997936e+00
4.338953986853386624e+01,5.260092531273428129e+00
4.340954558445270095e+01,6.771348143545366405e+00
4.342955130037153566e+01,6.028873682373886211e+00
4.344955701629037037e+01,7.213642015343896929e+00
4.346956273220920508e+01,6.234553493701596949e+00
4.348956844812803979e+01,6.606294996904166439e+00
4.350957416404687450e+01,6.752004829682458187e+00
4.352957987996570921e+01,7.940588029359425981e+00
4.354958559588453681e+01,8.738242215995439821e+00
4.356959131180337153e+01,8.372808567715994243e+00
4.358959702772220624e+01,8.886798440198093729e+00
4.360960274364104095e+01,9.759986966317228507e+00
4.362960845955987566e+01,1.071234130197961854e+01
4.364961417547871037e+01,1.129934950830513429e+01
4.366961989139754508e+01,1.048795922765603272e+01
4.368962560731637979e+01,1.182309874102094760e+01
4.370963132323521450e+01,1.081365412808905013e+01
4.372963703915404921e+01,1.210743955663219928e+01
4.374964275507287681e+01,1.187093015470169455e+01
4.376964847099171152e+01,1.274781892727546406e+01
4.378965418691054623e+01,1.342793659856946675e+01
4.380965990282938094e+01,1.352674036439227834e+01
4.382966561874821565e+01,1.204872226511131927e+01
4.384967133466705036e+01,1.297455710853844835e+01
4.386967705058588507e+01,1.378625724888588167e+01
4.388968276650471978e+01,1.281352428597694448e+01
4.390968848242355449e+01,1.353481344340688963e+01
4.392969419834238209e+01,1.298443602792750440e+01
4.394969991426121680e+01,1.468932640950602675e+01
4.396970563018005151e+01,1.390555255637938536e+01
4.398971134609888622e+01,1.497247394558046629e+01
4.400971706201772093e+01,1.577194089498390639e+01
4.402972277793655564e+01,1.600937501106248817e+01
4.404972849385539035e+01,1.456888174112975420e+01
4.406973420977422506e+01,1.513038513987385159e+01
4.408973992569305977e+01,1.540616111228386664e+01
4.410974564161189448e+01,1.514609703216064673e+01
4.412975135753072209e+01,1.534564092098770516e+01
4.414975707344955680e+01,1.469620464628539480e+01
4.416976278936839151e+01,1.523568791782231280e+01
4.418976850528722622e+01,1.421429077460846102e+01
4.420977422120606093e+01,1.403223763984832928e+01
4.422977993712489564e+01,1.225052261031792078e+01
4.424978565304373035e+01,1.267662305352909513e+01
4.426979136896256506e+01,1.189421216343741605e+01
4.428979708488139977e+01,1.284375715102462934e+01
4.430980280080022737e+01,1.104645264189712961e+01
4.432980851671906208e+01,1.142016134366158298e+01
4.434981423263789679e+01,1.132136431825646383e+01
4.436981994855673150e+01,1.202756002650259859e+01
4.438982566447556621e+01,1.170079909378743643e+01
4.440983138039440092e+01,1.172392242658747463e+01
4.442983709631323563e+01,1.299816986605384628e+01
4.444984281223207034e+01,1.302850633377637912e+01
4.446984852815090505e+01,1.351160168597296440e+01
4.448985424406973266e+01,1.385046503378328708e+01
4.450985995998856737e+01,1.295312908362573623e+01
4.452986567590740208e+01,1.424706900917814956e+01
4.454987139182623679e+01,1.390529256896226507e+01
4.456987710774507150e+01,1.414651787117995241e+01
4.458988282366390621e+01,1.493567256224589279e+01
4.460988853958274092e+01,1.554118792597121335e+01
4.462989425550157563e+01,1.422575951434686026e+01
4.464989997142041034e+01,1.523509812166108723e+01
4.466990568733924505e+01,1.433769726127711941e+01
4.468991140325807265e+01,1.634331173741389165e+01
4.470991711917690736e+01,1.604370191857010397e+01
4.472992283509574207e+01,1.638860185480919185e+01
4.474992855101457678e+01,1.763337599925105437e+01
4.476993426693341149e+01,1.671860723289859152e+01
4.478993998285224620e+01,1.859692836710798147e+01
4.480994569877108091e+01,1.880131649636734892e+01
4.482995141468991562e+01,2.108205393632836788e+01
4.484995713060875033e+01,2.206113718885210773e+01
4.486996284652757794e+01,2.187973464708042215e+01
4.488996856244641265e+01,2.372065628242393842e+01
4.490997427836524736e+01,2.550417484423091707e+01
4.492997999428408207e+01,2.624084430105516574e+01
4.494998571020291678e+01,2.756396293857951818e+01
4.496999142612175149e+01,2.781322541592026099e+01
4.498999714204058620e+01,2.796069654654000658e+01
4.501000285795942091e+01,2.930573658701190709e+01
4.503000857387825562e+01,2.869394103528738071e+01
4.505001428979709033e+01,2.933709438434975070e+01
4.507002000571591793e+01,2.863048878840537270e+01
4.509002572163475264e+01,2.873672547083860351e+01
4.511003143755358735e+01,2.809285913618771602e+01
4.513003715347242206e+01,2.846793996766031754e+01
4.515004286939125677e+01,2.746446372601859309e+01
4.517004858531009148e+01,2.777547927085873525e+01
4.519005430122892619e+01,2.760609225672546074e+01
4.521006001714776090e+01,2.702810869163070251e+01
4.523006573306659561e+01,2.713181389829118473e+01
4.525007144898542322e+01,2.529525391555200997e+01
4.527007716490425793e+01,2.543999234156822453e+01
4.529008288082309264e+01,2.363960500245284635e+01
4.531008859674192735e+01,2.338061043279274998e+01
4.533009431266076206e+01,2.147630433898295976e+01
4.535010002857959677e+01,2.166564417486520355e+01
4.537010574449843148e+01,1.925256759392977912e+01
4.539011146041726619e+01,1.868685925290986560e+01
4.541011717633610090e+01,1.666438559667653152e+01
4.543012289225492850e+01,1.438866292446417638e+01
4.545012860817376321e+01,1.237548029096747726e+01
4.547013432409259792e+01,1.210890228147677483e+01
4.549014004001143263e+01,9.564928015947616657e+00
4.551014575593026734e+01,8.262157704671810876e+00
4.553015147184910205e+01,7.779620051983894058e+00
4.555015718776793676e+01,7.135565645984861760e+00
4.557016290368677147e+01,6.408542778587397848e+00
4.559016861960560618e+01,6.712735367226803085e+00
4.561017433552444089e+01,4.514846780177571794e+00
4.563018005144326850e+01,4.498052170089058777e+00
4.565018576736210321e+01,5.285322932178369015e+00
4.567019148328093792e+01,5.050403944657178457e+00
4.569019719919977263e+01,4.752131381282219458e+00
4.571020291511860734e+01,4.333474608201130174e+00
4.573020863103744205e+01,4.980343050510334990e+00
4.575021434695627676e+01,4.980851129646272746e+00
4.577022006287511147e+01,5.672701005263518503e+00
4.579022577879394618e+01,5.093457494761128856e+00
4.581023149471277378e+01,5.662495956239506967e+00
4.583023721063160849e+01,6.241732789951732308e+00
4.585024292655044320e+01,4.976681209906359982e+00
4.587024864246927791e+01,6.535686361505836039e+00
4.589025435838811262e+01,5.803564953819606131e+00
4.591026007430694733e+01,7.504683599389269766e+00
4.593026579022578204e+01,7.893170323676384825e+00
4.595027150614461675e+01,7.802248099689509608e+00
4.597027722206345146e+01,8.053339713727265092e+00
4.599028293798228617e+01,8.829849264109116191e+00
4.601028865390111378e+01,9.687922001785116422e+00
4.603029436981994849e+01,9.946032854011535917e+00
4.605030008573878320e+01,8.600755354643590422e+00
4.607030580165761791e+01,1.032673292263892861e+01
4.609031151757645262e+01,9.762140754741279736e+00
4.611031723349528733e+01,9.712469210538900555e+00
4.613032294941412204e+01,1.000758700190792005e+01
4.615032866533295675e+01,9.744645271598654901e+00
4.617033438125179146e+01,8.834964947208256092e+00
4.619034009717061906e+01,8.639793621844900073e+00
4.621034581308945377e+01,9.680049303644256753e+00
4.623035152900828848e+01,8.362794657073703064e+00
4.625035724492712319e+01,7.070030868899801924e+00
4.627036296084595790e+01,6.258588506848361099e+00
4.629036867676479261e+01,5.781528886665687317e+00
4.631037439268362732e+01,6.431945300490419015e+00
4.633038010860246203e+01,6.095104793564606993e+00
4.635038582452129674e+01,5.194502018736786297e+00
4.637039154044012434e+01,4.516187820498703154e+00
4.639039725635895905e+01,4.998787275710236955e+00
4.641040297227779376e+01,5.193893170718195229e+00
4.643040868819662847e+01,3.903184621878229343e+00
4.645041440411546319e+01,4.482127214057620712e+00
4.647042012003429790e+01,5.182186215718244782e+00
4.649042583595313261e+01,5.142779375114816531e+00
4.651043155187196732e+01,5.097691609903125531e+00
4.653043726779080203e+01,4.852355283543801079e+00
4.655044298370963674e+01,6.154162313793198891e+00
4.657044869962846434e+01,5.040583468290390279e+00
4.659045441554729905e+01,6.440789193308851246e+00
4.661046013146613376e+01,6.575102955789470016e+00
4.663046584738496847e+01,7.685172251117511344e+00
4.665047156330380318e+01,7.565452631928230254e+00
4.667047727922263789e+01,8.011549216504668891e+00
4.669048299514147260e+01,9.973417165437915344e+00
4.671048871106030731e+01,9.906535196067002502e+00
4.673049442697914202e+01,1.214310024211592243e+01
4.675050014289796962e+01,1.323407062480279706e+01
4.677050585881680433e+01,1.437707034444468412e+01
4.679051157473563904e+01,1.675475399310444402e+01
4.681051729065447375e+01,1.940846361265655418e+01
4.683052300657330846e+01,2.190072750085511544e+01
4.685052872249214317e+01,2.401813010301948381e+01
4.687053443841097788e+01,2.736514744155260814e+01
4.689054015432981259e+01,3.068315697780001727e+01
4.691054587024864730e+01,3.260881421361445831e+01
4.693055158616748201e+01,3.719550818848195917e+01
4.695055730208630962e+01,4.023277467241597805e+01
4.697056301800514433e+01,4.434095943007498164e+01
4.699056873392397904e+01,4.883446699811102576e+01
4.701057444984281375e+01,5.252342561664958254e+01
4.703058016576164846e+01,5.662095079211903936e+01
4.705058588168048317e+01,5.931991243812694137e+01
4.707059159759931788e+01,6.324620587837495123e+01
4.709059731351815259e+01,6.654055731035367671e+01
4.711060302943698730e+01,6.759689296624701171e+01
4.713060874535581490e+01,6.907847864684102035e+01
4.715061446127464961e+01,7.020943175234302203e+01
4.717062017719348432e+01,7.047857222798876364e+01
4.719062589311231903e+01,6.974479937205107660e+01
4.721063160903115374e+01,6.745123093853769092e+01
4.723063732494998845e+01,6.444460420581062010e+01
4.725064304086882316e+01,5.996036120752548726e+01
4.727064875678765787e+01,5.601818561850935652e+01
4.729065447270649258e+01,5.091863426501986822e+01
4.731066018862532019e+01,4.694749452188273864e+01
4.733066590454415490e+01,4.118981330657761930e+01
4.735067162046298961e+01,3.613084895898282412e+01
4.737067733638182432e+01,3.185004865257064566e+01
4.739068305230065903e+01,2.723026679752202739e+01
4.741068876821949374e+01,2.335267750930482578e+01
4.743069448413832845e+01,1.898732573265093748e+01
4.745070020005716316e+01,1.662627602407949468e+01
4.747070591597599787e+01,1.454338942875750007e+01
4.749071163189483258e+01,1.258903437550821103e+01
4.751071734781366018e+01,1.044650338404609258e+01
4.753072306373249489e+01,9.178667934984625632e+00
4.755072877965132960e+01,9.223774310366625429e+00
4.757073449557016431e+01,8.285308086986789888e+00
4.759074021148899902e+01,7.261122009060176907e+00
4.761074592740783373e+01,7.610148919978668935e+00
4.763075164332666844e+01,6.357129442520609075e+00
4.765075735924550315e+01,6.077325010961214247e+00
4.767076307516433786e+01,5.896333960587883283e+00
4.769076879108316547e+01,6.777236543258705836e+00
4.771077450700200018e+01,7.599621448495800458e+00
4.773078022292083489e+01,6.870400385144151301e+00
4.775078593883966960e+01,6.748659434665258416e+00
4.777079165475850431e+01,7.612903603498828886e+00
4.779079737067733902e+01,8.620678011406861074e+00
4.781080308659617373e+01,8.913532446840129353e+00
4.783080880251500844e+01,9.478905801847608004e+00
4.785081451843384315e+01,9.509825390503587883e+00
4.787082023435267075e+01,1.033590952728373402e+01
4.789082595027150546e+01,1.215422046798491529e+01
4.791083166619034017e+01,1.214515166329886497e+01
4.793083738210917488e+01,1.377311257553419921e+01
4.795084309802800959e+01,1.383360586996690245e+01
4.797084881394684430e+01,1.510498647636692127e+01
4.799085452986567901e+01,1.737210436058253649e+01
4.801086024578451372e+01,1.731926302139904905e+01
4.803086596170334843e+01,1.871729068765101545e+01
4.805087167762218314e+01,1.942180848622745515e+01
4.807087739354101075e+01,1.985205939887292104e+01
4.809088310945984546e+01,1.947594554854622118e+01
4.811088882537868017e+01,1.837357122629516937e+01
4.813089454129751488e+01,1.913694683981223932e+01
4.815090025721634959e+01,1.801981887552958383e+01
4.817090597313518430e+01,1.749366521404571273e+01
4.819091168905401901e+01,1.691016437551708052e+01
4.821091740497285372e+01,1.611356779136495021e+01
4.823092312089168843e+01,1.474207932175791491e+01
4.825092883681051603e+01,1.323481437146040385e+01
4.827093455272935074e+01,1.075744419962788001e+01
4.829094026864818545e+01,9.603898374733217835e+00
4.831094598456702016e+01,9.168895040765786320e+00
4.833095170048585487e+01,8.716661818924290372e+00
4.835095741640468958e+01,7.344417905876130526e+00
4.837096313232352429e+01,5.967127434248842732e+00
4.839096884824235900e+01,6.333011912974056301e+00
4.841097456416119371e+01,4.720711644187513656e+00
4.843098028008002842e+01,3.625575494774799346e+00
4.845098599599885603e+01,3.543545737559177677e+00
4.847099171191769074e+01,3.610514117286383051e+00
4.849099742783652545e+01,3.497314155360355503e+00
4.851100314375536016e+01,3.436936682873048987e+00
4.853100885967419487e+01,3.685267168265339510e+00
4.855101457559302958e+01,3.323212794820995519e+00
4.857102029151186429e+01,3.212924642280108323e+00
4.859102600743069900e+01,3.992484680826110743e+00
4.861103172334953371e+01,3.852160362011464390e+00
4.863103743926836131e+01,2.489028253413565483e+00
4.865104315518719602e+01,4.055579407973188388e+00
4.867104887110603073e+01,3.035017676994451907e+00
4.869105458702486544e+01,4.365521266893508390e+00
4.871106030294370015e+01,3.592321209526458947e+00
4.873106601886253486e+01,4.586460292501273628e+00
4.875107173478136957e+01,4.661234885835103370e+00
4.877107745070020428e+01,4.398954683350394745e+00
4.879108316661903899e+01,3.466637908284399217e+00
4.881108888253786660e+01,4.923900110825631948e+00
4.883109459845670131e+01,3.994665153993381512e+00
4.885110031437553602e+01,4.851898109269471071e+00
4.887110603029437073e+01,6.547704358904488764e+00
4.889111174621320544e+01,6.739256742672552924e+00
4.891111746213204015e+01,7.166012545587479465e+00
4.893112317805087486e+01,7.643946932192116073e+00
4.895112889396970957e+01,6.277760381811878787e+00
4.897113460988854428e+01,8.213817919545867596e+00
4.899114032580737899e+01,8.195512968520761277e+00
4.901114604172620659e+01,8.814314979847672760e+00
4.903115175764504130e+01,9.030537093776484170e+00
4.905115747356387601e+01,9.546341952596918645e+00
4.907116318948271072e+01,8.244710560606334226e+00
4.909116890540154543e+01,9.250755187506708666e+00
4.911117462132038014e+01,8.931654512441451033e+00
4.913118033723921485e+01,8.956532544173430921e+00
4.915118605315804956e+01,9.143472829248201705e+00
4.917119176907688427e+01,9.830279858234483470e+00
4.919119748499571187e+01,1.085419498402656302e+01
4.921120320091454658e+01,1.132479544356144174e+01
4.923120891683338129e+01,1.036127989422295848e+01
4.925121463275221600e+01,1.194075065506559774e+01
4.927122034867105071e+01,1.245706967824987998e+01
4.929122606458988542e+01,1.183379904957176620e+01
4.931123178050872014e+01,1.232073001746964458e+01
4.933123749642755485e+01,1.410608514279012837e+01
4.935124321234638956e+01,1.456462444621862140e+01
4.937124892826522427e+01,1.471498694695124243e+01
4.939125464418405187e+01,1.488105121636873207e+01
4.941126036010288658e+01,1.626398435544967569e+01
4.943126607602172129e+01,1.631022969301633907e+01
4.945127179194055600e+01,1.633783981540237917e+01
4.947127750785939071e+01,1.693352318068431828e+01
4.949128322377822542e+01,1.676179508228072734e+01
4.951128893969706013e+01,1.794737683656121519e+01
4.953129465561589484e+01,1.770583497661491990e+01
4.955130037153472955e+01,1.675675512106825948e+01
4.957130608745355715e+01,1.616047153777998346e+01
4.959131180337239186e+01,1.576032946834224902e+01
4.961131751929122657e+01,1.606807068775471947e+01
4.963132323521006128e+01,1.419637576351385988e+01
4.965132895112889599e+01,1.473640078719736124e+01
4.967133466704773070e+01,1.352812567038843738e+01
4.969134038296656541e+01,1.379165886218648929e+01
4.971134609888540012e+01,1.299015203725412881e+01
4.973135181480423483e+01,1.394230491619413570e+01
4.975135753072306244e+01,1.327155555310768165e+01
4.977136324664189715e+01,1.219202968175153146e+01
4.979136896256073186e+01,1.282866654633389025e+01
4.981137467847956657e+01,1.157746062215860938e+01
4.983138039439840128e+01,1.156350763453706776e+01
4.985138611031723599e+01,1.133440482042345998e+01
4.987139182623607070e+01,9.238371857313852686e+00
4.989139754215490541e+01,8.262680716541582981e+00
4.991140325807374012e+01,8.588886547450837128e+00
4.993140897399257483e+01,6.459910777032686902e+00
4.995141468991140243e+01,7.016890844404240823e+00
4.997142040583023714e+01,6.372747892552347970e+00
4.999142612174907185e+01,4.827931370696144420e+00
5.001143183766790656e+01,5.726698360040115787e+00
5.003143755358674127e+01,4.300453355000922961e+00
5.005144326950557598e+01,3.515178220183653224e+00
5.007144898542441069e+01,3.208005784588459530e+00
5.009145470134324540e+01,2.350680298250823697e+00
5.011146041726208011e+01,2.290644181188876249e+00
5.013146613318090772e+01,3.824663867242755089e+00
5.015147184909974243e+01,2.244977221913889931e+00
5.017147756501857714e+01,1.729514042547341202e+00
5.019148328093741185e+01,2.065493161121721766e+00
5.021148899685624656e+01,2.307025141710137284e+00
5.023149471277508127e+01,3.280799496465834686e+00
5.025150042869391598e+01,2.096385611894463707e+00
5.027150614461275069e+01,3.072829160077512611e+00
5.029151186053158540e+01,2.404715085796830021e+00
5.031151757645042011e+01,2.379588098014433939e+00
5.033152329236924771e+01,2.418876566498243896e+00
5.035152900828808242e+01,2.987541890653826915e+00
5.037153472420691713e+01,3.026876198399855777e+00
5.039154044012575184e+01,1.930553439800697602e+00
5.041154615604458655e+01,2.314507594510978095e+00
5.043155187196342126e+01,2.973211388002133138e+00
5.045155758788225597e+01,3.089572496430552206e+00
5.047156330380109068e+01,2.510636922979466501e+00
5.049156901971992539e+01,2.262603552079694769e+00
5.051157473563875300e+01,1.834568688993384544e+00
5.053158045155758771e+01,1.608825300547564341e+00
5.055158616747642242e+01,1.851975263483779832e+00
5.057159188339525713e+01,2.487017031802267297e+00
5.059159759931409184e+01,2.473432898564995597e+00
5.061160331523292655e+01,1.852811096671719282e+00
5.063160903115176126e+01,2.102672827016880408e+00
5.065161474707059597e+01,2.374813458643440178e+00
5.067162046298943068e+01,2.516896141214842508e+00
5.069162617890825828e+01,2.851171296085005302e+00
5.071163189482709299e+01,1.870900063678739622e+00
5.073163761074592770e+01,2.161959353361360137e+00
5.075164332666476241e+01,3.626880726126849197e+00
5.077164904258359712e+01,3.166207550386304526e+00
5.079165475850243183e+01,3.887165277488979331e+00
5.081166047442126654e+01,4.171271711580704533e+00
5.083166619034010125e+01,4.148662301687024545e+00
5.085167190625893596e+01,3.917508381700600673e+00
5.087167762217777067e+01,4.388613970106186812e+00
5.089168333809659828e+01,4.513448883243512455e+00
5.091168905401543299e+01,6.535195215176746508e+00
5.093169476993426770e+01,6.559097782998634329e+00
5.095170048585310241e+01,7.095224880003597079e+00
5.097170620177193712e+01,8.730336148686907549e+00
5.099171191769077183e+01,9.393754049133608675e+00
5.101171763360960654e+01,9.259682780216037301e+00
5.103172334952844125e+01,1.044346511888684681e+01
5.105172906544727596e+01,1.236870019708142721e+01
5.107173478136610356e+01,1.311371891707237758e+01
5.109174049728493827e+01,1.568661664967414637e+01
5.111174621320377298e+01,1.574094314641264880e+01
5.113175192912260769e+01,1.721871630221451355e+01
5.115175764504144240e+01,1.984509111249680302e+01
5.117176336096027711e+01,1.962983817315599566e+01
5.119176907687911182e+01,2.121961784348297897e+01
5.121177479279794653e+01,2.204313865966238239e+01
5.123178050871678124e+01,2.264451870498508868e+01
5.125178622463561595e+01,2.406358351634257176e+01
5.127179194055444356e+01,2.588009244828336719e+01
5.129179765647327827e+01,2.633854168373884974e+01
5.131180337239211298e+01,2.518924199060263547e+01
5.133180908831094769e+01,2.714254127984832721e+01
5.135181480422978240e+01,2.750238066278630100e+01
5.137182052014861711e+01,2.722257865740851202e+01
5.139182623606745182e+01,2.705341001207272811e+01
5.141183195198628653e+01,2.925456623817796142e+01
5.143183766790512124e+01,2.974158963645651710e+01
5.145184338382394884e+01,3.124404546821094897e+01
5.147184909974278355e+01,3.163575979148433248e+01
5.149185481566161826e+01,3.342531897942201624e+01
5.151186053158045297e+01,3.531538310653218105e+01
5.153186624749928768e+01,3.591774288791147285e+01
5.155187196341812239e+01,3.884061341550339819e+01
5.157187767933695710e+01,4.076575263032766117e+01
5.159188339525579181e+01,4.127712026167688464e+01
5.161188911117462652e+01,4.238160400495789304e+01
5.163189482709345413e+01,4.391462687316301583e+01
5.165190054301228884e+01,4.320857429098732183e+01
5.167190625893112355e+01,4.280455078760049759e+01
5.169191197484995826e+01,4.188155814960228440e+01
5.171191769076879297e+01,4.132772353736054072e+01
5.173192340668762768e+01,4.148554007920220954e+01
5.175192912260646239e+01,3.852263949281294231e+01
5.177193483852529710e+01,3.724765569748413441e+01
5.179194055444413181e+01,3.644457644563581766e+01
5.181194627036296652e+01,3.515632441967361643e+01
5.183195198628179412e+01,3.315070955936887032e+01
5.185195770220062883e+01,3.008568717019050354e+01
5.187196341811946354e+01,2.865274914814005314e+01
5.189196913403829825e+01,2.717825924578918162e+01
5.191197484995713296e+01,2.585272243180315854e+01
5.193198056587596767e+01,2.436322643776602348e+01
5.195198628179480238e+01,2.090765506379378280e+01
5.197199199771363709e+01,1.991915652798660474e+01
5.199199771363247180e+01,1.879163431306686860e+01
5.201200342955129940e+01,1.687482589699985880e+01
5.203200914547013411e+01,1.450213031344223147e+01
5.205201486138896882e+01,1.393937404251666834e+01
5.207202057730780353e+01,1.148008436132686505e+01
5.209202629322663824e+01,1.088650809783772822e+01
5.211203200914547295e+01,8.821694819467683857e+00
5.213203772506430766e+01,9.273952246267503696e+00
5.215204344098314237e+01,7.190214711337436171e+00
5.217204915690197708e+01,6.896660759089971116e+00
5.219205487282081180e+01,7.664325037332431201e+00
5.221206058873963940e+01,6.640285345347507473e+00
5.223206630465847411e+01,7.500949073313585735e+00
5.225207202057730882e+01,5.698260946778844094e+00
5.227207773649614353e+01,6.799217253577603870e+00
5.229208345241497824e+01,5.881242976155594882e+00
5.231208916833381295e+01,5.859523702414714208e+00
5.233209488425264766e+01,7.895184753111057496e+00
5.235210060017148237e+01,8.149946876349247304e+00
5.237210631609031708e+01,7.403091958183286359e+00
5.239211203200914468e+01,7.844348735443436027e+00
5.241211774792797939e+01,8.037771367495910368e+00
5.243212346384681410e+01,8.694772557117508072e+00
5.245212917976564881e+01,9.130871055117724566e+00
5.247213489568448352e+01,9.820474902099014969e+00
5.249214061160331823e+01,9.027824257911975181e+00
5.251214632752215294e+01,1.009742326514566280e+01
5.253215204344098765e+01,1.046673163967242104e+01
5.255215775935982236e+01,1.237131389932076431e+01
5.257216347527864997e+01,1.325472628497278293e+01
5.259216919119748468e+01,1.412700957755041387e+01
5.261217490711631939e+01,1.403720395789387609e+01
5.263218062303515410e+01,1.512157820804880437e+01
5.265218633895398881e+01,1.505817479792569458e+01
5.267219205487282352e+01,1.758951306917285962e+01
5.269219777079165823e+01,1.813513445991838324e+01
5.271220348671049294e+01,1.865816568970104328e+01
5.273220920262932765e+01,1.885340418293632325e+01
5.275221491854816236e+01,1.857669236376867161e+01
5.277222063446698996e+01,1.855069297439202458e+01
5.279222635038582467e+01,1.933843605017656486e+01
5.281223206630465938e+01,2.074868298948547718e+01
5.283223778222349409e+01,2.051456668973239772e+01
5.285224349814232880e+01,1.973718803400664967e+01
5.287224921406116351e+01,2.021433775750084294e+01
5.289225492997999822e+01,1.886769157169016253e+01
5.291226064589883293e+01,1.846194165607694160e+01
5.293226636181766764e+01,1.717055150700418054e+01
5.295227207773649525e+01,1.718038155841776771e+01
5.297227779365532996e+01,1.533059732283659748e+01
5.299228350957416467e+01,1.533804022431153946e+01
5.301228922549299938e+01,1.288736088540976255e+01
5.303229494141183409e+01,1.280763039003311654e+01
5.305230065733066880e+01,1.045644159186960387e+01
5.307230637324950351e+01,1.095152849348385615e+01
5.309231208916833822e+01,9.234429525163555752e+00
5.311231780508717293e+01,8.331245308886130019e+00
5.313232352100600764e+01,7.831429130913401870e+00
5.315232923692483524e+01,5.975300907187821586e+00
5.317233495284366995e+01,5.527224877469020470e+00
5.319234066876250466e+01,5.564966200662168738e+00
5.321234638468133937e+01,5.058682808379664664e+00
5.323235210060017408e+01,5.509021712895824763e+00
5.325235781651900879e+01,5.713379627811222328e+00
5.327236353243784350e+01,5.558895211677484127e+00
5.329236924835667821e+01,4.423196152134551085e+00
5.331237496427551292e+01,4.747597233610077794e+00
5.333238068019434053e+01,3.769993059555273973e+00
5.335238639611317524e+01,4.631146230342938708e+00
5.337239211203200995e+01,5.082187327090593953e+00
5.339239782795084466e+01,4.957771627793642999e+00
5.341240354386967937e+01,5.337360210710583530e+00
5.343240925978851408e+01,4.613776920702545858e+00
5.345241497570734879e+01,5.719691759953887455e+00
5.347242069162618350e+01,5.079075718168675202e+00
5.349242640754501821e+01,5.141849850394206278e+00
5.351243212346384581e+01,4.479659390169689281e+00
5.353243783938268052e+01,5.525773731694675561e+00
5.355244355530151523e+01,4.714238330720906589e+00
5.357244927122034994e+01,5.082672529902079184e+00
5.359245498713918465e+01,4.775101163724090547e+00
5.361246070305801936e+01,4.858529923039470511e+00
5.363246641897685407e+01,4.598660808457102789e+00
5.365247213489568878e+01,5.000935001255866652e+00
5.367247785081452349e+01,4.984150586376154379e+00
5.369248356673335820e+01,4.037858170794844881e+00
5.371248928265218581e+01,4.554897996530783644e+00
5.373249499857102052e+01,5.449114702591998594e+00
5.375250071448985523e+01,4.005146358080938107e+00
5.377250643040868994e+01,5.811649217290479008e+00
5.379251214632752465e+01,5.459514912208569548e+00
5.381251786224635936e+01,4.394602700494729675e+00
5.383252357816519407e+01,5.584949629361931400e+00
5.385252929408402878e+01,5.993400558284609936e+00
5.387253501000286349e+01,4.636800064093709040e+00
5.389254072592169109e+01,6.498677147676886534e+00
5.391254644184052580e+01,6.205533027678133529e+00
5.393255215775936051e+01,5.800626594097846755e+00
5.395255787367819522e+01,7.828048794765486207e+00
5.397256358959702993e+01,7.352328208496532014e+00
5.399256930551586464e+01,8.758194500614610689e+00
5.401257502143469935e+01,1.024166917469853821e+01
5.403258073735353406e+01,9.706081707837933337e+00
5.405258645327236877e+01,1.181981446694281424e+01
5.407259216919120348e+01,1.272488888405463925e+01
5.409259788511003109e+01,1.592365036252573418e+01
5.411260360102886580e+01,1.756230309754360519e+01
5.413260931694770051e+01,1.969861048167673090e+01
5.415261503286653522e+01,2.178966739219085724e+01
5.417262074878536993e+01,2.389389779779524758e+01
5.419262646470420464e+01,2.519671608913229477e+01
5.421263218062303935e+01,2.726268111769089941e+01
5.423263789654187406e+01,3.008491512848697624e+01
5.425264361246070877e+01,3.135402450766282456e+01
5.427264932837953637e+01,3.203623512088402236e+01
5.429265504429837108e+01,3.423758919661009514e+01
5.431266076021720579e+01,3.412739145492849246e+01
5.433266647613604050e+01,3.426274764721472366e+01
5.435267219205487521e+01,3.406457121510037211e+01
5.437267790797370992e+01,3.496992380566157266e+01
5.439268362389254463e+01,3.283161174171478791e+01
5.441268933981137934e+01,3.138291255583595074e+01
5.443269505573021405e+01,2.981037761596811109e+01
5.445270077164904166e+01,2.681094395761431315e+01
5.447270648756787637e+01,2.360202243483593065e+01
5.449271220348671108e+01,2.282063859233616299e+01
5.451271791940554579e+01,1.966121419726274056e+01
5.453272363532438050e+01,1.810499976732648264e+01
5.455272935124321521e+01,1.513879321556975377e+01
5.457273506716204992e+01,1.383170182579792673e+01
5.459274078308088463e+01,1.115862408455943644e+01
5.461274649899971934e+01,1.002172349659958606e+01
5.463275221491855405e+01,1.011530053108288385e+01
5.465275793083738165e+01,8.363795271254344854e+00
5.467276364675621636e+01,7.514597302709720594e+00
5.469276936267505107e+01,7.731544425351676075e+00
5.471277507859388578e+01,6.887147598003372728e+00
5.473278079451272049e+01,7.237869869505467513e+00
5.475278651043155520e+01,6.335581821613391895e+00
5.477279222635038991e+01,5.716038707576451827e+00
5.479279794226922462e+01,6.059802314901762799e+00
5.481280365818805933e+01,4.325093201702511436e+00
5.483280937410688693e+01,4.620514551194089492e+00
5.485281509002572164e+01,5.379366799436898106e+00
5.487282080594455635e+01,4.933172902180512409e+00
5.489282652186339106e+01,4.647418070301505111e+00
5.491283223778222577e+01,4.255156142700796451e+00
5.493283795370106048e+01,3.623411476367218054e+00
5.495284366961989519e+01,5.075500036489577482e+00
5.497284938553872990e+01,5.230075814094039544e+00
5.499285510145756461e+01,4.079358238854620566e+00
5.501286081737639222e+01,4.540112715720550973e+00
5.503286653329522693e+01,4.434754171072109230e+00
5.505287224921406164e+01,5.734108287130981196e+00
5.507287796513289635e+01,5.532706196905385454e+00
5.509288368105173106e+01,7.208595096776955202e+00
5.511288939697056577e+01,6.917986920679537022e+00
5.513289511288940048e+01,7.057773174760472834e+00
5.515290082880823519e+01,8.706183001740845029e+00
5.517290654472706990e+01,9.252021022666570005e+00
5.519291226064590461e+01,1.100870114455538129e+01
5.521291797656473221e+01,1.179534115574419673e+01
5.523292369248356692e+01,1.377949570678415014e+01
5.525292940840240163e+01,1.394987268143757575e+01
5.527293512432123634e+01,1.674030095967483689e+01
5.529294084024007105e+01,1.679323104795513188e+01
5.531294655615890576e+01,1.860816860427905439e+01
5.533295227207774047e+01,1.941403965884534344e+01
5.535295798799657518e+01,2.161057757623668962e+01
5.537296370391540989e+01,2.185022148085136706e+01
5.539296941983423750e+01,2.195532948395774753e+01
5.541297513575307221e+01,2.262741659094600166e+01
5.543298085167190692e+01,2.337942648406263402e+01
5.545298656759074163e+01,2.378097080560084819e+01
5.547299228350957634e+01,2.333461095223227488e+01
5.549299799942841105e+01,2.254199376462468152e+01
5.551300371534724576e+01,2.084144473558578525e+01
5.553300943126608047e+01,1.950533274414090101e+01
5.555301514718491518e+01,1.790127651632891315e+01
5.557302086310374989e+01,1.633439616940981054e+01
5.559302657902257749e+01,1.669983300091044498e+01
5.561303229494141220e+01,1.399978994981644220e+01
5.563303801086024691e+01,1.257081069939750151e+01
5.565304372677908162e+01,1.175191752832256142e+01
5.567304944269791633e+01,1.081853766628914215e+01
5.569305515861675104e+01,1.044069023500005500e+01
5.571306087453558575e+01,9.025795968943013392e+00
5.573306659045442046e+01,8.486502916370332272e+00
5.575307230637325517e+01,7.898818157516589444e+00
5.577307802229208278e+01,7.145570162194236019e+00
5.579308373821091749e+01,7.189637152668824527e+00
5.581308945412975220e+01,6.232668643122686980e+00
5.583309517004858691e+01,4.447405875929252517e+00
5.585310088596742162e+01,4.361423681308289169e+00
5.587310660188625633e+01,4.522775558091500336e+00
5.589311231780509104e+01,4.774416429901369163e+00
5.591311803372392575e+01,3.521836101767771066e+00
5.593312374964276046e+01,4.167137301934772609e+00
5.595312946556158806e+01,3.298293150780804428e+00
5.597313518148042277e+01,4.167823324224096737e+00
5.599314089739925748e+01,3.966896386775221384e+00
5.601314661331809219e+01,4.409372755085215978e+00
5.603315232923692690e+01,4.468060566796037136e+00
5.605315804515576161e+01,5.082049982846013947e+00
5.607316376107459632e+01,5.414277859933695147e+00
5.609316947699343103e+01,4.707566300208088528e+00
5.611317519291226574e+01,4.742922995951549758e+00
5.613318090883110045e+01,5.825500784908923535e+00
5.615318662474992806e+01,6.075864315597913290e+00
5.617319234066876277e+01,6.379240981948440137e+00
5.619319805658759748e+01,6.058931114208468749e+00
5.621320377250643219e+01,6.736667446853767061e+00
5.623320948842526690e+01,7.236547320212747714e+00
5.625321520434410161e+01,7.540971667945910895e+00
5.627322092026293632e+01,7.820099941896029527e+00
5.629322663618177103e+01,8.426112355282256772e+00
5.631323235210060574e+01,1.013172672362147786e+01
5.633323806801943334e+01,8.976210733499412342e+00
5.635324378393826805e+01,1.014075416192839540e+01
5.637324949985710276e+01,1.051401606489070240e+01
5.639325521577593747e+01,1.129195350215112370e+01
5.641326093169477218e+01,1.141545606983240546e+01
5.643326664761360689e+01,1.134354084954595443e+01
5.645327236353244160e+01,1.073480068234876583e+01
5.647327807945127631e+01,9.653915688212498125e+00
5.649328379537011102e+01,1.074311510160118033e+01
5.651328951128894573e+01,9.109064038194555124e+00
5.653329522720777334e+01,8.753444674194858166e+00
5.655330094312660805e+01,8.394039615204150095e+00
5.657330665904544276e+01,9.698133846899422039e+00
5.659331237496427747e+01,9.537098021203547660e+00
5.661331809088311218e+01,8.834630633172125158e+00
5.663332380680194689e+01,7.969216383025436556e+00
5.665332952272078160e+01,8.375298061258689586e+00
5.667333523863961631e+01,8.619309698151129240e+00
5.669334095455845102e+01,9.306339116694083202e+00
5.671334667047727862e+01,9.643437972574897543e+00
5.673335238639611333e+01,9.176512714788090719e+00
5.675335810231494804e+01,1.061473109830296657e+01
5.677336381823378275e+01,1.048812955725904139e+01
5.679336953415261746e+01,1.232100559782185734e+01
5.681337525007145217e+01,1.210560896069541670e+01
5.683338096599028688e+01,1.303399102668152310e+01
5.685338668190912159e+01,1.326493753793348596e+01
5.687339239782795630e+01,1.439125269843766652e+01
5.689339811374678391e+01,1.445553795505994543e+01
5.691340382966561862e+01,1.395984034699858256e+01
5.693340954558445333e+01,1.443433021259721194e+01
5.695341526150328804e+01,1.446912031759236505e+01
5.697342097742212275e+01,1.303672125802919979e+01
5.699342669334095746e+01,1.407095114878871733e+01
5.701343240925979217e+01,1.312083459857112899e+01
5.703343812517862688e+01,1.150446410762248384e+01
5.705344384109746159e+01,1.066615656184362138e+01
5.707344955701629630e+01,9.721603874315436045e+00
5.709345527293512390e+01,1.015883141757303321e+01
5.711346098885395861e+01,8.273659627293387331e+00
5.713346670477279332e+01,7.716727034175013600e+00
5.715347242069162803e+01,6.161899776745777935e+00
5.717347813661046274e+01,5.927651649240416099e+00
5.719348385252929745e+01,5.282927468687558026e+00
5.721348956844813216e+01,5.356088093802793715e+00
5.723349528436696687e+01,5.900977853739959755e+00
5.725350100028580158e+01,5.611455127566058465e+00
5.727350671620462919e+01,4.161655417802982093e+00
5.729351243212346390e+01,3.850272780232010472e+00
5.731351814804229861e+01,4.884078720075812008e+00
5.733352386396113332e+01,4.435497448413660670e+00
5.735352957987996803e+01,4.179084293301858821e+00
5.737353529579880274e+01,4.325201378677967945e+00
5.739354101171763745e+01,5.456696737123060359e+00
5.741354672763647216e+01,5.262917835139417910e+00
5.743355244355530687e+01,4.779183672756438739e+00
5.745355815947414158e+01,5.426828114659734581e+00
5.747356387539296918e+01,6.015667120399517565e+00
5.749356959131180389e+01,6.280677801390657677e+00
5.751357530723063860e+01,6.079961778360386759e+00
5.753358102314947331e+01,5.897019512232346550e+00
5.755358673906830802e+01,7.394205884185872435e+00
5.757359245498714273e+01,7.551783111487655908e+00
5.759359817090597744e+01,8.925592122499585557e+00
5.761360388682481215e+01,9.155476137553293370e+00
5.763360960274364686e+01,8.706710195618466486e+00
5.765361531866247446e+01,8.847374118214723637e+00
5.767362103458130917e+01,1.005902044559702446e+01
5.769362675050014388e+01,1.018106246583948504e+01
5.771363246641897859e+01,8.962034879445202051e+00
5.773363818233781330e+01,9.689754935846940143e+00
5.775364389825664801e+01,9.081648186635725040e+00
5.777364961417548272e+01,9.855752311130402177e+00
5.779365533009431743e+01,9.888953054538676568e+00
5.781366104601315214e+01,8.553349043169756527e+00
5.783366676193197975e+01,7.487603070315946852e+00
5.785367247785081446e+01,6.858995558706867612e+00
5.787367819376964917e+01,6.534152768502450748e+00
5.789368390968848388e+01,5.492094782062614478e+00
5.791368962560731859e+01,5.645955088127529109e+00
5.793369534152615330e+01,5.718716054804677817e+00
5.795370105744498801e+01,4.847631907821062569e+00
5.797370677336382272e+01,4.218990322504494905e+00
5.799371248928265743e+01,3.087301354506404305e+00
5.801371820520149214e+01,3.698163947699677045e+00
5.803372392112031974e+01,3.624523643601537337e+00
5.805372963703915445e+01,2.992123804180443436e+00
5.807373535295798916e+01,3.757785863791570424e+00
5.809374106887682387e+01,2.909413163093855559e+00
5.811374678479565858e+01,2.948005043318420615e+00
5.813375250071449329e+01,2.080591318592571959e+00
5.815375821663332800e+01,1.416786754444910201e+00
5.817376393255216271e+01,2.802666141230482300e+00
5.819376964847099742e+01,1.683902783023530692e+00
5.821377536438982503e+01,1.494108764678095946e+00
5.823378108030865974e+01,2.904049729407141456e+00
5.825378679622749445e+01,3.015552596867578927e+00
5.827379251214632916e+01,1.960454667819833352e+00
5.829379822806516387e+01,3.131376841399346578e+00
5.831380394398399858e+01,2.760038242055114388e+00
5.833380965990283329e+01,1.896862446127922874e+00
5.835381537582166800e+01,3.304817110145651604e+00
5.837382109174050271e+01,2.312630406941016847e+00
5.839382680765933742e+01,3.239862248755805307e+00
5.841383252357816502e+01,2.600788643553671786e+00
5.843383823949699973e+01,3.036515940716791651e+00
5.845384395541583444e+01,3.906124542079062678e+00
5.847384967133466915e+01,3.108485723634363040e+00
5.849385538725350386e+01,3.938528613703510928e+00
5.851386110317233857e+01,4.767846723580963619e+00
5.853386681909117328e+01,4.588498037643327088e+00
5.855387253501000799e+01,4.133659312174936318e+00
5.857387825092884270e+01,3.786303306554143155e+00
5.859388396684767031e+01,4.960883500808774826e+00
5.861388968276650502e+01,4.003655235069630614e+00
5.863389539868533973e+01,4.885783217311778337e+00
5.865390111460417444e+01,5.491874925420293430e+00
5.867390683052300915e+01,4.253262662488864088e+00
5.869391254644184386e+01,4.347908455746777534e+00
5.871391826236067857e+01,3.871567884747489252e+00
5.873392397827951328e+01,4.466496256224957051e+00
5.875392969419834799e+01,3.709227990742825387e+00
5.877393541011717559e+01,3.166267816936708890e+00
5.879394112603601030e+01,4.737065138673535181e+00
5.881394684195484501e+01,4.018787931699010052e+00
5.883395255787367972e+01,3.428890224205565662e+00
5.885395827379251443e+01,3.533319930677904175e+00
5.887396398971134914e+01,2.898563533586615559e+00
5.889396970563018385e+01,4.260184757255557564e+00
5.891397542154901856e+01,3.369088325340505286e+00
5.893398113746785327e+01,4.422656557473610306e+00
5.895398685338668798e+01,4.900676982898645839e+00
5.897399256930551559e+01,5.102608581406780530e+00
5.899399828522435030e+01,3.830390608591106361e+00
5.901400400114318501e+01,4.451780548852188879e+00
5.903400971706201972e+01,4.104401400426172408e+00
5.905401543298085443e+01,5.098821744139744538e+00
5.907402114889968914e+01,3.912119079474578154e+00
5.909402686481852385e+01,5.467999470950093865e+00
5.911403258073735856e+01,4.956645951187560684e+00
5.913403829665619327e+01,5.515733430925716441e+00
5.915404401257502087e+01,4.825656317663406192e+00
5.917404972849385558e+01,4.558878144812640087e+00
5.919405544441269029e+01,5.717828061972539011e+00
5.921406116033152500e+01,5.040625799560059406e+00
5.923406687625035971e+01,3.914483447988426512e+00
5.925407259216919442e+01,4.740763157546010298e+00
5.927407830808802913e+01,4.810169191158234270e+00
5.929408402400686384e+01,4.769947806903511278e+00
5.931408973992569855e+01,5.083799411220451425e+00
5.933409545584453326e+01,4.843080657287038626e+00
5.935410117176336087e+01,6.336407345161824800e+00
5.937410688768219558e+01,4.762801217690721067e+00
5.939411260360103029e+01,5.735466624873324371e+00
5.941411831951986500e+01,5.687915997993283845e+00
5.943412403543869971e+01,5.786435848212309274e+00
5.945412975135753442e+01,6.703807028437263504e+00
5.947413546727636913e+01,6.657220364133388912e+00
5.949414118319520384e+01,6.645115091945189789e+00
5.951414689911403855e+01,6.167193966201563349e+00
5.953415261503286615e+01,6.492680618623994704e+00
5.955415833095170086e+01,5.545762020353007138e+00
5.957416404687053557e+01,6.998212694114910093e+00
5.959416976278937028e+01,6.490693380602274409e+00
5.961417547870820499e+01,6.019585194629892833e+00
5.963418119462703970e+01,6.942126853887488735e+00
5.965418691054587441e+01,7.276061735567972200e+00
5.967419262646470912e+01,8.985638135229756074e+00
5.969419834238354383e+01,8.104867961519151009e+00
5.971420405830237144e+01,1.010442156970464289e+01
5.973420977422120615e+01,9.431739563375128199e+00
5.975421549014004086e+01,1.139345737743764531e+01
5.977422120605887557e+01,1.144182674119564247e+01
5.979422692197771028e+01,1.291099431687631061e+01
5.981423263789654499e+01,1.268925727005792936e+01
5.983423835381537970e+01,1.424515304881154698e+01
5.985424406973421441e+01,1.508843106840177306e+01
5.987424978565304912e+01,1.474323419555819292e+01
5.989425550157188383e+01,1.523618553985620849e+01
5.991426121749071143e+01,1.562051120822838435e+01
5.993426693340954614e+01,1.524619673703863043e+01
5.995427264932838085e+01,1.387166154027028142e+01
5.997427836524721556e+01,1.478646688764818862e+01
5.999428408116605027e+01,1.223895968536935008e+01
6.001428979708488498e+01,1.237129058621956013e+01
6.003429551300371969e+01,1.168987195524857547e+01
6.005430122892255440e+01,1.127662898842218731e+01
6.007430694484138911e+01,1.054831637803511235e+01
6.009431266076021672e+01,8.099515944940078427e+00
6.011431837667905143e+01,8.091965472995354958e+00
6.013432409259788614e+01,7.926626089771041883e+00
6.015432980851672085e+01,6.130698344723946036e+00
6.017433552443555556e+01,6.947493799283800620e+00
6.019434124035439027e+01,6.083845140706586108e+00
6.021434695627322498e+01,6.937993196084085490e+00
6.023435267219205969e+01,5.748977626747126202e+00
6.025435838811089440e+01,5.745210829749582970e+00
6.027436410402972911e+01,6.115437612990189287e+00
6.029436981994855671e+01,5.356651785373708563e+00
6.031437553586739142e+01,5.099583809289632619e+00
6.033438125178622613e+01,5.483641789621004570e+00
6.035438696770506084e+01,5.640258510002527537e+00
6.037439268362389555e+01,6.218748455659325103e+00
6.039439839954273026e+01,5.411750731744726650e+00
6.041440411546156497e+01,6.050981459229338277e+00
6.043440983138039968e+01,5.350275527550268251e+00
6.045441554729923439e+01,7.294471206013551701e+00
6.047442126321806199e+01,7.638581887042660057e+00
6.049442697913689670e+01,6.453327160476080238e+00
6.051443269505573141e+01,8.489906100486397378e+00
6.053443841097456612e+01,7.913378866742696971e+00
6.055444412689340083e+01,9.044514690040761806e+00
6.057444984281223554e+01,9.137555061784592425e+00
6.059445555873107025e+01,1.046776442329987233e+01
6.061446127464990496e+01,1.027583776104958169e+01
6.063446699056873967e+01,1.032825482103950421e+01
6.065447270648756728e+01,1.010752066228305779e+01
6.067447842240640199e+01,1.003887164700551793e+01
6.069448413832523670e+01,1.098280048349482740e+01
6.071448985424407141e+01,1.022934562597053088e+01
6.073449557016290612e+01,9.855477634027600686e+00
6.075450128608174083e+01,9.795154583857280883e+00
6.077450700200057554e+01,8.421960590935604785e+00
6.079451271791941025e+01,7.198001390839086078e+00
6.081451843383824496e+01,7.218372662479193735e+00
6.083452414975707967e+01,7.200245553091977335e+00
6.085452986567590727e+01,7.049539957069708151e+00
6.087453558159474198e+01,5.877879336572943814e+00
6.089454129751357669e+01,4.407049315508555054e+00
6.091454701343241140e+01,4.901541492433488578e+00
6.093455272935124611e+01,5.341517812586429770e+00
6.095455844527008082e+01,4.949626921109666178e+00
6.097456416118891553e+01,3.629439668728569934e+00
6.099456987710775024e+01,5.247335665844945041e+00
6.101457559302658495e+01,4.046147338318293762e+00
6.103458130894541256e+01,5.435234327769699725e+00
6.105458702486424727e+01,4.969113454609239255e+00
6.107459274078308198e+01,4.476488999342085329e+00
6.109459845670191669e+01,5.421597677610570543e+00
6.111460417262075140e+01,6.748633005101305926e+00
6.113460988853958611e+01,6.010606935205229817e+00
6.115461560445842082e+01,6.712935673381291046e+00
6.117462132037725553e+01,6.882010277592782721e+00
6.119462703629609024e+01,6.516947397885615167e+00
6.121463275221492495e+01,8.145093690345934334e+00
6.123463846813375255e+01,7.347614390394285877e+00
6.125464418405258726e+01,7.065002281899775305e+00
6.127464989997142197e+01,7.202305269240679486e+00
6.129465561589025668e+01,7.135524048297873456e+00
6.131466133180909139e+01,7.227050655853643590e+00
6.133466704772792610e+01,7.454128713116960014e+00
6.135467276364676081e+01,8.127978179053480190e+00
6.137467847956559552e+01,7.719059738413752925e+00
6.139468419548443023e+01,7.302570896282436941e+00
6.141468991140325784e+01,7.156563544350604822e+00
6.143469562732209255e+01,5.684958520598792475e+00
6.145470134324092726e+01,7.250101050430515670e+00
6.147470705915976197e+01,5.240470762524074289e+00
6.149471277507859668e+01,5.426119842383146263e+00
6.151471849099743139e+01,5.985460043823351839e+00
6.153472420691626610e+01,6.192282645560884369e+00
6.155472992283510081e+01,5.846325959012909301e+00
6.157473563875393552e+01,5.769621499772866535e+00
6.159474135467276312e+01,3.661525764858444720e+00
6.161474707059159783e+01,4.542255500939019086e+00
6.163475278651043254e+01,3.770217070409428661e+00
6.165475850242926725e+01,4.361523000446345222e+00
6.167476421834810196e+01,4.301402173033041620e+00
6.169476993426693667e+01,3.983426785824561556e+00
6.171477565018577138e+01,3.556204997917802313e+00
6.173478136610460609e+01,3.012130769749240766e+00
6.175478708202344080e+01,1.847056243844418688e+00
6.177479279794227551e+01,1.740204006370930534e+00
6.179479851386110312e+01,2.237898790630594714e+00
6.181480422977993783e+01,2.753793703324200148e+00
6.183480994569877254e+01,1.658199661828520632e+00
6.185481566161760725e+01,3.060321285631006472e+00
6.187482137753644196e+01,1.671931678441331615e+00
6.189482709345527667e+01,2.315468868868141517e+00
6.191483280937411138e+01,2.380538907009051464e+00
6.193483852529294609e+01,2.878891645874269489e+00
6.195484424121178080e+01,2.217336344664645686e+00
6.197484995713060840e+01,3.741242395266862530e+00
6.199485567304944311e+01,3.150539595365362544e+00
6.201486138896827782e+01,4.441048354574515855e+00
6.203486710488711253e+01,4.111061966520032307e+00
6.205487282080594724e+01,5.801675035626587373e+00
6.207487853672478195e+01,5.775807474825569443e+00
6.209488425264361666e+01,6.584436489455236519e+00
6.211488996856245137e+01,7.582389800947042957e+00
6.213489568448128608e+01,8.695394369426983516e+00
6.215490140040011369e+01,9.260370132173630253e+00
6.217490711631894840e+01,9.460707804497513251e+00
6.219491283223778311e+01,1.096171484393507534e+01
6.221491854815661782e+01,1.188760823059874561e+01
6.223492426407545253e+01,1.147917665589040759e+01
6.225492997999428724e+01,1.242796269627618067e+01
6.227493569591312195e+01,1.214249355023182453e+01
6.229494141183195666e+01,1.282291007298164764e+01
6.231494712775079137e+01,1.301324400365912481e+01
6.233495284366962608e+01,1.443978248297970524e+01
6.235495855958845368e+01,1.350099112770055676e+01
6.237496427550728839e+01,1.388253242212972083e+01
6.239496999142612310e+01,1.336835797432785000e+01
6.241497570734495781e+01,1.232210365286407061e+01
6.243498142326379252e+01,1.170352175145580453e+01
6.245498713918262723e+01,1.119965139226249029e+01
6.247499285510146194e+01,1.069511311935890419e+01
6.249499857102029665e+01,7.978481869823454531e+00
6.251500428693913136e+01,7.984046800438418856e+00
6.253501000285795897e+01,7.106549121952014048e+00
6.255501571877679368e+01,5.525037792582978113e+00
6.257502143469562839e+01,5.269829044384038319e+00
6.259502715061446310e+01,5.465106144921317188e+00
6.261503286653329781e+01,4.763404967561758241e+00
6.263503858245213252e+01,4.393504932551242526e+00
6.265504429837096723e+01,4.117610639594641242e+00
6.267505001428980194e+01,3.363379189837097272e+00
6.269505573020863665e+01,2.195513047053192501e+00
6.271506144612747136e+01,2.573335351050467956e+00
6.273506716204629896e+01,2.914344587791935393e+00
6.275507287796513367e+01,2.324988383002129844e+00
6.277507859388396838e+01,2.304697394899136498e+00
6.279508430980280309e+01,1.604547398002840630e+00
6.281509002572163780e+01,2.496832910790064641e+00
6.283509574164047251e+01,2.552120004780056295e+00
6.285510145755930722e+01,1.157162205736511185e+00
6.287510717347814193e+01,2.397741240066419088e+00
6.289511288939697664e+01,1.028562246047528994e+00
6.291511860531580425e+01,1.043257323281076010e+00
6.293512432123463896e+01,9.835387413224199182e-01
6.295513003715347367e+01,1.886070642677573961e+00
6.297513575307230838e+01,1.224136789319275831e+00
6.299514146899114309e+01,1.918026101614333845e+00
6.301514718490997780e+01,2.745761490665514337e+00
6.303515290082881251e+01,2.430519714361784711e+00
6.305515861674764722e+01,1.025390344754563365e+00
6.307516433266648193e+01,1.127701926899530527e+00
6.309517004858530953e+01,1.196800009367845918e+00
6.311517576450414424e+01,2.270834844269517205e+00
6.313518148042297895e+01,1.375827645852929715e+00
6.315518719634181366e+01,2.857973664689885229e+00
6.317519291226064837e+01,1.734397434350900102e+00
6.319519862817948308e+01,1.962041000413697445e+00
6.321520434409831779e+01,1.784283387752607641e+00
6.323521006001715250e+01,1.510384776388888683e+00
6.325521577593598721e+01,2.577406030708318418e+00
6.327522149185482192e+01,2.114598819148513886e+00
6.329522720777364952e+01,2.456324078214708884e+00
6.331523292369248423e+01,1.635126667328078875e+00
6.333523863961131894e+01,2.120062877082094399e+00
6.335524435553015365e+01,2.399417295666837369e+00
6.337525007144898836e+01,8.935503413520730076e-01
6.339525578736782307e+01,7.585083814049169426e-01
6.341526150328665778e+01,2.011584468244352220e+00
6.343526721920549249e+01,6.553496311506756822e-01
6.345527293512432720e+01,1.733394260626309302e+00
6.347527865104315481e+01,2.501289412139235946e+00
6.349528436696198952e+01,1.986185806092662043e+00
6.351529008288082423e+01,1.266930485961370145e+00
6.353529579879965894e+01,1.258410409157090681e+00
6.355530151471849365e+01,2.931791442510816914e+00
6.357530723063732836e+01,2.583753699730162889e+00
6.359531294655616307e+01,1.272478943621598857e+00
6.361531866247499778e+01,1.408333519669793032e+00
6.363532437839383249e+01,2.999713344280098948e+00
6.365533009431266720e+01,2.234435154328848760e+00
6.367533581023149480e+01,3.337254746833390850e+00
6.369534152615032951e+01,2.887453948462626485e+00
6.371534724206916422e+01,2.473378335697740571e+00
6.373535295798799893e+01,2.090269845627403367e+00
6.375535867390683364e+01,2.462266933530031565e+00
6.377536438982566835e+01,2.729190006291034809e+00
6.379537010574450306e+01,2.028621875658078277e+00
6.381537582166333777e+01,3.276325957622650442e+00
6.383538153758217248e+01,2.426226854788647191e+00
6.385538725350100009e+01,3.572896425284753263e+00
6.387539296941983480e+01,2.290418958794347315e+00
6.389539868533866951e+01,3.642759444620623288e+00
6.391540440125750422e+01,3.640842420380641542e+00
6.393541011717633893e+01,2.383502847457334095e+00
6.395541583309517364e+01,3.369985729619406900e+00
6.397542154901400835e+01,2.504778204874777536e+00
6.399542726493284306e+01,2.540520460621487064e+00
6.401543298085167066e+01,1.764280934510290777e+00
6.403543869677051248e+01,1.639924848845958572e+00
6.405544441268934008e+01,1.593432532848051641e+00
6.407545012860816769e+01,3.088459790128602833e+00
6.409545584452700950e+01,1.922925440522470053e+00
6.411546156044585132e+01,2.477815496668021478e+00
6.413546727636467892e+01,2.273599018062163246e+00
6.415547299228350653e+01,1.746112346028414253e+00
6.417547870820234834e+01,2.779708718095102782e+00
6.419548442412119016e+01,2.285829315465556455e+00
6.421549014004001776e+01,2.246784553447731536e+00
6.423549585595884537e+01,1.128274579497651642e+00
6.425550157187768718e+01,2.640493726059992774e+00
6.427550728779651479e+01,9.813528815293662833e-01
6.429551300371534239e+01,2.577407176018722712e+00
6.431551871963418421e+01,1.592492424318364908e+00
6.433552443555302602e+01,1.471082793598375238e+00
6.435553015147185363e+01,2.535004295756907666e+00
6.437553586739068123e+01,1.934586906822219232e+00
6.439554158330952305e+01,2.268936737387644786e+00
6.441554729922835065e+01,1.591694306194141539e+00
6.443555301514717826e+01,3.151331954534154711e+00
6.445555873106602007e+01,2.720647691889542141e+00
6.447556444698486189e+01,1.919299466963461764e+00
6.449557016290368949e+01,2.130917561442210673e+00
6.451557587882251710e+01,2.589797322557119141e+00
6.453558159474135891e+01,2.146509700245694319e+00
6.455558731066020073e+01,3.016525032102481241e+00
6.457559302657902833e+01,4.275176461325584043e+00
6.459559874249785594e+01,3.756152055295655767e+00
6.461560445841669775e+01,3.951876510020208677e+00
6.463561017433552536e+01,3.099356623468637828e+00
6.465561589025435296e+01,3.449190956318691548e+00
6.467562160617319478e+01,3.598634642489268121e+00
6.469562732209203659e+01,4.251193899651934949e+00
6.471563303801086420e+01,3.786666293766558056e+00
6.473563875392969180e+01,3.839796062682070410e+00
6.475564446984853362e+01,5.181716451433546311e+00
6.477565018576737543e+01,4.159901185015935532e+00
6.479565590168618883e+01,4.305158487670904144e+00
6.481566161760503064e+01,5.480502441520059165e+00
6.483566733352387246e+01,4.000147426101763770e+00
6.485567304944270006e+01,4.712867217863849767e+00
6.487567876536152767e+01,4.808169018317220100e+00
6.489568448128036948e+01,5.586908659033200664e+00
6.491569019719921130e+01,5.695853919580195601e+00
6.493569591311803890e+01,5.775322463751607849e+00
6.495570162903686651e+01,6.735573394278632442e+00
6.497570734495570832e+01,6.872644656872243907e+00
6.499571306087453593e+01,6.520592843688467255e+00
6.501571877679336353e+01,7.250103777482883594e+00
6.503572449271220535e+01,6.509295223033495503e+00
6.505573020863104716e+01,7.304937931045271782e+00
6.507573592454987477e+01,8.852772897856821643e+00
6.509574164046870237e+01,9.410365994037785953e+00
6.511574735638754419e+01,9.037646612145563196e+00
6.513575307230638600e+01,8.290935455762213024e+00
6.515575878822521361e+01,8.627302270238223159e+00
6.517576450414404121e+01,1.013595294154506377e+01
6.519577022006288303e+01,9.404168796500925964e+00
6.521577593598171063e+01,1.061827391628785122e+01
6.523578165190053824e+01,1.063790939089767029e+01
6.525578736781938005e+01,1.014795276262747059e+01
6.527579308373822187e+01,9.452372504432187128e+00
6.529579879965704947e+01,9.408648287774244778e+00
6.531580451557587708e+01,8.788998290596465424e+00
6.533581023149471889e+01,8.334534431761912998e+00
6.535581594741354650e+01,8.935133290100933934e+00
6.537582166333237410e+01,8.335920617768669771e+00
6.539582737925121592e+01,9.860723294027781805e+00
6.541583309517005773e+01,8.844221678092695882e+00
6.543583881108888534e+01,9.527006359551744907e+00
6.545584452700771294e+01,8.588543269363167809e+00
6.547585024292655476e+01,9.613220598544106821e+00
6.549585595884539657e+01,1.018395154095808408e+01
6.551586167476422418e+01,1.014656852362356787e+01
6.553586739068305178e+01,9.752559061360788206e+00
6.555587310660189360e+01,1.006704312382103872e+01
6.557587882252072120e+01,1.085479112260024337e+01
6.559588453843954881e+01,1.192960880687042646e+01
6.561589025435839062e+01,1.268737983219297938e+01
6.563589597027723244e+01,1.490103313519123418e+01
6.565590168619606004e+01,1.586407989065576274e+01
6.567590740211488765e+01,1.649785336259875024e+01
6.569591311803372946e+01,1.930996341965525076e+01
6.571591883395257128e+01,2.086698800566995260e+01
6.573592454987138467e+01,2.046411608648153191e+01
6.575593026579022649e+01,2.339061118440481124e+01
6.577593598170906830e+01,2.358687945538135367e+01
6.579594169762789591e+01,2.401250831248535178e+01
6.581594741354672351e+01,2.474532577088648111e+01
6.583595312946556533e+01,2.573490918300964481e+01
6.585595884538440714e+01,2.668287929329126484e+01
6.587596456130323475e+01,2.552999652459592284e+01
6.589597027722206235e+01,2.594957168045510443e+01
6.591597599314090417e+01,2.568462371561161461e+01
6.593598170905973177e+01,2.309497494845651744e+01
6.595598742497855937e+01,2.403160518097742937e+01
6.597599314089740119e+01,2.282881272468479139e+01
6.599599885681624301e+01,2.158521379383843097e+01
6.601600457273507061e+01,1.946018239114518522e+01
6.603601028865389821e+01,1.942037149462588630e+01
6.605601600457274003e+01,1.898609915727923081e+01
6.607602172049158185e+01,1.695148974585041302e+01
6.609602743641040945e+01,1.674479945621556354e+01
6.611603315232923705e+01,1.580796023411519080e+01
6.613603886824807887e+01,1.444793483076675145e+01
6.615604458416690647e+01,1.421058516822910534e+01
6.617605030008573408e+01,1.240313564557190062e+01
6.619605601600457589e+01,1.212247198129365700e+01
6.621606173192341771e+01,1.129648040377653473e+01
6.623606744784224531e+01,9.918352904991031949e+00
6.625607316376107292e+01,1.024791193288219660e+01
6.627607887967991473e+01,9.177358490523094048e+00
6.629608459559874234e+01,9.232579805769509207e+00
6.631609031151756994e+01,8.061772045958454314e+00
6.633609602743641176e+01,7.771924701659429502e+00
6.635610174335525357e+01,6.588387416190283119e+00
6.637610745927408118e+01,6.474401298046907449e+00
6.639611317519290878e+01,6.828585977992664091e+00
6.641611889111175060e+01,6.948475193331882238e+00
6.643612460703059241e+01,5.258031199516584486e+00
6.645613032294942002e+01,5.868944599672400564e+00
6.647613603886824762e+01,6.124887662998255600e+00
6.649614175478708944e+01,5.693921216860975854e+00
6.651614747070591704e+01,5.969987345551518665e+00
6.653615318662474465e+01,4.704439005046413769e+00
6.655615890254358646e+01,4.389065657763976169e+00
6.657616461846242828e+01,5.071968459115053562e+00
6.659617033438125588e+01,3.912939573140077343e+00
6.661617605030008349e+01,3.924741224986733723e+00
6.663618176621892530e+01,5.138445747711712031e+00
6.665618748213776712e+01,3.869620618637614751e+00
6.667619319805658051e+01,5.379938902245315013e+00
6.669619891397542233e+01,5.673228467264856967e+00
6.671620462989426414e+01,5.436492480954779438e+00
6.673621034581309175e+01,4.940512810099808583e+00
6.675621606173191935e+01,6.769635535083980749e+00
6.677622177765076117e+01,7.510331371683102830e+00
6.679622749356960298e+01,8.519742853138493999e+00
6.681623320948843059e+01,8.129771686245220508e+00
6.683623892540725819e+01,1.014182039574093075e+01
6.685624464132610001e+01,9.842801612545253320e+00
6.687625035724492761e+01,1.206857974407329692e+01
6.689625607316375522e+01,1.323364002425989128e+01
6.691626178908259703e+01,1.371993215104298258e+01
6.693626750500143885e+01,1.332567087019476126e+01
6.695627322092026645e+01,1.390413784143130016e+01
6.697627893683909406e+01,1.570752531680503949e+01
6.699628465275793587e+01,1.584088041803042834e+01
6.701629036867677769e+01,1.456263716150956711e+01
6.703629608459560529e+01,1.373017628808757706e+01
6.705630180051443290e+01,1.392479694066482665e+01
6.707630751643327471e+01,1.389883580850671052e+01
6.709631323235210232e+01,1.253149345602891707e+01
6.711631894827092992e+01,1.066188119551029523e+01
6.713632466418977174e+01,9.660777781057305447e+00
6.715633038010861355e+01,8.926180770187265523e+00
6.717633609602744116e+01,8.675284057376345004e+00
6.719634181194626876e+01,7.891659423886836500e+00
6.721634752786511058e+01,6.372805595837005121e+00
6.723635324378393818e+01,6.897624538601354161e+00
6.725635895970276579e+01,5.605510592726035135e+00
6.727636467562160760e+01,5.051883715472300196e+00
6.729637039154044942e+01,4.612253288070204960e+00
6.731637610745927702e+01,5.732171075748644817e+00
6.733638182337810463e+01,4.891757705266661205e+00
6.735638753929694644e+01,3.674005806661154505e+00
6.737639325521578826e+01,4.048793234879521030e+00
6.739639897113461586e+01,2.990873490373062271e+00
6.741640468705344347e+01,3.062039308266065074e+00
6.743641040297228528e+01,3.647536668758283973e+00
6.745641611889111289e+01,2.354990737302832926e+00
6.747642183480994049e+01,3.322471901532899174e+00
6.749642755072878231e+01,3.492173396950058351e+00
6.751643326664762412e+01,2.365344944063028976e+00
6.753643898256645173e+01,2.185655892942520495e+00
6.755644469848527933e+01,3.198859295283964510e+00
6.757645041440412115e+01,1.439008886156608602e+00
6.759645613032296296e+01,1.410715066676479390e+00
6.761646184624177636e+01,2.038425423387111746e+00
6.763646756216061817e+01,2.692907228811655784e+00
6.765647327807945999e+01,1.908420356563488074e+00
6.767647899399828759e+01,1.847207187625147240e+00
6.769648470991711520e+01,2.294066948455983468e+00
6.771649042583595701e+01,2.829686175891447775e+00
6.773649614175479883e+01,2.165625905902371695e+00
6.775650185767362643e+01,2.868362460975948380e+00
6.777650757359245404e+01,1.535322149770571798e+00
6.779651328951129585e+01,2.213292423878890247e+00
6.781651900543012346e+01,2.731092761866179330e+00
6.783652472134895106e+01,2.901197793618658149e+00
6.785653043726779288e+01,2.282675854947514349e+00
6.787653615318663469e+01,1.967156860677133912e+00
6.789654186910546230e+01,2.542051055643819613e+00
6.791654758502428990e+01,3.331369876142568742e+00
6.793655330094313172e+01,3.062648672212219925e+00
6.795655901686197353e+01,3.771802605238799622e+00
6.797656473278080114e+01,3.282583720742634714e+00
6.799657044869962874e+01,3.748260768631138884e+00
6.801657616461847056e+01,3.484344312478193650e+00
6.803658188053729816e+01,4.963090631999869551e+00
6.805658759645612577e+01,5.658854310261215659e+00
6.807659331237496758e+01,4.471440660458615213e+00
6.809659902829380940e+01,6.203097851596343304e+00
6.811660474421263700e+01,5.235822999443955794e+00
6.813661046013146461e+01,5.931270989569136454e+00
6.815661617605030642e+01,6.400974799046950992e+00
6.817662189196913403e+01,6.828799120683339829e+00
6.819662760788796163e+01,5.468424019395241586e+00
6.821663332380680345e+01,5.912552201838589205e+00
6.823663903972564526e+01,6.003081988873073094e+00
6.825664475564447287e+01,5.430480028936099046e+00
6.827665047156330047e+01,7.266902722142120297e+00
6.829665618748214229e+01,6.664907602010399224e+00
6.831666190340098410e+01,7.602462698167255617e+00
6.833666761931981171e+01,6.476501526473962045e+00
6.835667333523863931e+01,7.776491464921008401e+00
6.837667905115748113e+01,8.192938128012968946e+00
6.839668476707630873e+01,8.826928502146454747e+00
6.841669048299513634e+01,8.771066850949875260e+00
6.843669619891397815e+01,9.499884259349853366e+00
6.845670191483281997e+01,9.328551932350565679e+00
6.847670763075164757e+01,8.905567154691963694e+00
6.849671334667047518e+01,1.016914111741089499e+01
6.851671906258931699e+01,8.880106863535653261e+00
6.853672477850815881e+01,8.080810062299233820e+00
6.855673049442697220e+01,8.221500668588761940e+00
6.857673621034581402e+01,7.478694888541634000e+00
6.859674192626465583e+01,7.373654611936809822e+00
6.861674764218348344e+01,6.459425423914295195e+00
6.863675335810231104e+01,5.774025224666498701e+00
6.865675907402115286e+01,6.126044722141178234e+00
6.867676478993999467e+01,4.447546548251945175e+00
6.869677050585882228e+01,4.889111881779260038e+00
6.871677622177764988e+01,3.658956198860059406e+00
6.873678193769649170e+01,3.912123369061270672e+00
6.875678765361531930e+01,3.523867749830878360e+00
6.877679336953414690e+01,3.597582993108857430e+00
6.879679908545298872e+01,2.486209048456724524e+00
6.881680480137183054e+01,2.991422137460352904e+00
6.883681051729065814e+01,2.347547580115279420e+00
6.885681623320948574e+01,2.481231047067296913e+00
6.887682194912832756e+01,2.710303801340690377e+00
6.889682766504716938e+01,1.630653091675170696e+00
6.891683338096599698e+01,1.112111817555393678e+00
6.893683909688482458e+01,1.196719675278090422e+00
6.895684481280366640e+01,2.002891410716121534e+00
6.897685052872249400e+01,2.318804966329730100e+00
6.899685624464132161e+01,1.214579224603349106e+00
6.901686196056016342e+01,9.882170839824756525e-01
6.903686767647900524e+01,1.809731470322165414e+00
6.905687339239783284e+01,7.964920486666670074e-01
6.907687910831666045e+01,2.364930844485989780e+00
6.909688482423550226e+01,2.318071578363235741e+00
6.911689054015432987e+01,1.554131339629511555e+00
6.913689625607315747e+01,2.128897687606658096e+00
6.915690197199199929e+01,1.067436095354399983e+00
6.917690768791084110e+01,1.788516024905661084e+00
6.919691340382966871e+01,1.601033813430210451e+00
6.921691911974849631e+01,2.718734304279900371e+00
6.923692483566733813e+01,1.153578487665561036e+00
6.925693055158617994e+01,2.070682650710100159e+00
6.927693626750500755e+01,2.843289891882645026e+00
6.929694198342383515e+01,2.207722836538566380e+00
6.931694769934267697e+01,1.791653359806119505e+00
6.933695341526150457e+01,3.468936783196841844e+00
6.935695913118033218e+01,2.787818644204183904e+00
6.937696484709917399e+01,2.342304548371744399e+00
6.939697056301801581e+01,2.385846204600976517e+00
6.941697627893684341e+01,2.979220572791804855e+00
6.943698199485567102e+01,4.635279436975298317e+00
6.945698771077451283e+01,5.104871478471594948e+00
6.947699342669335465e+01,4.517111551932538660e+00
6.949699914261216804e+01,4.940294072402282133e+00
6.951700485853100986e+01,6.117703202769583015e+00
6.953701057444985167e+01,6.234667172079864095e+00
6.955701629036867928e+01,6.656103954719319482e+00
6.957702200628750688e+01,5.895319670002940882e+00
6.959702772220634870e+01,5.853245951553003756e+00
6.961703343812519051e+01,6.824966911136395531e+00
6.963703915404401812e+01,6.701452757065206711e+00
6.965704486996284572e+01,6.962168930818520174e+00
6.967705058588168754e+01,6.639867344633409552e+00
6.969705630180051514e+01,6.018724884776435857e+00
6.971706201771934275e+01,5.591935150553307032e+00
6.973706773363818456e+01,5.099094534890665997e+00
6.975707344955702638e+01,5.593477603584412705e+00
6.977707916547585398e+01,5.510051032103176816e+00
6.979708488139468159e+01,4.862849335745822010e+00
6.981709059731352340e+01,4.553977233988139695e+00
6.983709631323236522e+01,4.511981606671623624e+00
6.985710202915119282e+01,3.724173727238488496e+00
6.987710774507002043e+01,2.854970745099473017e+00
6.989711346098886224e+01,2.998832786433780928e+00
6.991711917690768985e+01,3.031504616076439618e+00
6.993712489282651745e+01,2.593450024384497343e+00
6.995713060874535927e+01,2.840500777022937129e+00
6.997713632466420108e+01,2.605752715813715259e+00
6.999714204058302869e+01,3.048700742270016306e+00
7.001714775650185629e+01,3.511612072777105187e+00
7.003715347242069811e+01,3.569216867759048117e+00
7.005715918833952571e+01,1.890108178524212867e+00
7.007716490425835332e+01,2.666789443643180046e+00
7.009717062017719513e+01,2.542388986284484176e+00
7.011717633609603695e+01,2.957633121123681708e+00
7.013718205201486455e+01,3.363676209277167040e+00
7.015718776793369216e+01,2.331580461739168442e+00
7.017719348385253397e+01,3.563994523940179793e+00
7.019719919977137579e+01,2.288407027068531274e+00
7.021720491569020339e+01,2.668841038142877320e+00
7.023721063160903100e+01,2.394286019933884013e+00
7.025721634752787281e+01,2.769060691805317997e+00
7.027722206344670042e+01,2.684956622358681155e+00
7.029722777936552802e+01,3.681241899115466509e+00
7.031723349528436984e+01,4.227973550077116727e+00
7.033723921120321165e+01,4.047853798350868892e+00
7.035724492712203926e+01,5.068165798142302059e+00
7.037725064304086686e+01,4.912143110093253995e+00
7.039725635895970868e+01,5.071896342169917027e+00
7.041726207487855049e+01,4.949830630195631187e+00
7.043726779079736389e+01,4.746094455311085980e+00
7.045727350671620570e+01,5.771529501986057298e+00
7.047727922263504752e+01,6.553298549681303875e+00
7.049728493855387512e+01,6.468986978578233682e+00
7.051729065447270273e+01,6.632658198587470189e+00
7.053729637039154454e+01,6.185167933385859129e+00
7.055730208631038636e+01,4.946975761724602627e+00
7.057730780222921396e+01,5.644602580163339489e+00
7.059731351814804157e+01,5.155331470139900674e+00
7.061731923406688338e+01,3.966371435261986100e+00
7.063732494998571099e+01,4.478994115007981058e+00
7.065733066590453859e+01,4.866999102388377629e+00
7.067733638182338041e+01,4.473812130274716026e+00
7.069734209774222222e+01,3.896733456068101287e+00
7.071734781366104983e+01,2.962272435878868126e+00
7.073735352957987743e+01,2.266902247811923843e+00
7.075735924549871925e+01,2.092228713023370545e+00
7.077736496141756106e+01,2.157628054788201855e+00
7.079737067733638867e+01,1.386441025346541567e+00
7.081737639325521627e+01,1.906481590120817193e+00
7.083738210917405809e+01,1.227313237317114503e+00
7.085738782509288569e+01,1.930957144129444636e+00
7.087739354101171330e+01,1.041713541527289566e+00
7.089739925693055511e+01,2.136042231870962205e+00
7.091740497284939693e+01,2.107444933742775639e+00
7.093741068876822453e+01,1.183642774100417405e+00
7.095741640468705214e+01,2.408682979211274056e+00
7.097742212060589395e+01,1.022823998771790421e+00
7.099742783652472156e+01,1.803401871715583304e+00
7.101743355244354916e+01,2.669263551463074258e+00
7.103743926836239098e+01,1.835920712751985651e+00
7.105744498428123279e+01,1.931155361378085411e+00
7.107745070020006040e+01,2.425564967043007059e+00
7.109745641611888800e+01,3.000292902919553750e+00
7.111746213203772982e+01,2.318750324460064682e+00
7.113746784795657163e+01,2.444929885350745735e+00
7.115747356387539924e+01,1.793889932020137579e+00
7.117747927979422684e+01,3.308093539893569801e+00
7.119748499571306866e+01,2.319641726565346396e+00
7.121749071163189626e+01,1.998452256661036541e+00
7.123749642755072387e+01,3.846273839134962014e+00
7.125750214346956568e+01,3.433917940374388689e+00
7.127750785938840750e+01,2.803377558699708061e+00
7.129751357530723510e+01,2.155942819934451915e+00
7.131751929122606271e+01,2.749260430973056835e+00
7.133752500714490452e+01,2.694028750169725317e+00
7.135753072306374634e+01,2.953626011945124752e+00
7.137753643898255973e+01,2.942245936096296699e+00
7.139754215490140155e+01,2.587673754135985327e+00
7.141754787082024336e+01,2.279150068647275873e+00
7.143755358673907097e+01,3.351069537057233649e+00
7.145755930265789857e+01,3.807434109386040433e+00
7.147756501857674039e+01,3.694054601347918965e+00
7.149757073449558220e+01,3.131057392409364759e+00
7.151757645041440981e+01,2.398874242441147331e+00
7.153758216633323741e+01,3.394416543406937325e+00
7.155758788225207923e+01,3.422588738877806236e+00
7.157759359817090683e+01,2.276665313399226953e+00
7.159759931408973443e+01,2.889813203814149745e+00
7.161760503000857625e+01,2.642012200284301837e+00
7.163761074592741807e+01,3.762767021668715017e+00
7.165761646184624567e+01,3.763406857001540207e+00
7.167762217776507327e+01,2.927719785153012566e+00
7.169762789368391509e+01,4.690349273362941496e+00
7.171763360960275691e+01,3.299280129721712918e+00
7.173763932552158451e+01,5.183187291435272570e+00
7.175764504144041211e+01,5.188941094942982168e+00
7.177765075735925393e+01,5.434899528456523576e+00
7.179765647327808153e+01,4.108549172254453374e+00
7.181766218919690914e+01,5.893971377350044172e+00
7.183766790511575095e+01,5.174425033199788970e+00
7.185767362103459277e+01,5.621946827929408030e+00
7.187767933695342037e+01,6.009899263409696601e+00
7.189768505287224798e+01,5.264281439553952779e+00
7.191769076879108979e+01,6.011318683906227811e+00
7.193769648470991740e+01,5.490548016249186425e+00
7.195770220062874500e+01,5.273342621669113051e+00
7.197770791654758682e+01,6.452437654615237328e+00
7.199771363246642863e+01,5.860830088531079340e+00
7.201771934838525624e+01,6.089639132719035786e+00
7.203772506430408384e+01,6.658114372273651327e+00
7.205773078022292566e+01,5.835054919871243584e+00
7.207773649614176747e+01,5.992125266143873752e+00
7.209774221206059508e+01,5.530811603200904258e+00
7.211774792797942268e+01,5.507728772193152267e+00
7.213775364389826450e+01,6.344665152402292563e+00
7.215775935981709210e+01,6.698628709825239724e+00
7.217776507573591971e+01,7.486695108244242114e+00
7.219777079165476152e+01,5.811977796888183612e+00
7.221777650757360334e+01,6.761666552258458474e+00
7.223778222349243094e+01,6.051617999137582693e+00
7.225778793941125855e+01,7.209814904129290269e+00
7.227779365533010036e+01,6.264472634052872912e+00
7.229779937124894218e+01,6.045529727478029081e+00
7.231780508716775557e+01,6.712797439686446488e+00
7.233781080308659739e+01,7.160899114365386176e+00
7.235781651900543920e+01,7.195621605031591095e+00
7.237782223492426681e+01,6.536803661116458386e+00
7.239782795084309441e+01,7.502771220416563303e+00
7.241783366676193623e+01,6.650336932449757654e+00
7.243783938268077804e+01,6.131815090557494408e+00
7.245784509859960565e+01,7.580460460807177725e+00
7.247785081451843325e+01,7.716142401385062577e+00
7.249785653043727507e+01,7.793528962159619766e+00
7.251786224635610267e+01,6.996306930448315420e+00
7.253786796227493028e+01,7.168112384133883630e+00
7.255787367819377209e+01,8.380397200701617422e+00
7.257787939411261391e+01,7.333298311674008474e+00
7.259788511003144151e+01,9.085573653226573398e+00
7.261789082595026912e+01,7.512152907592524187e+00
7.263789654186911093e+01,8.294598586225001569e+00
7.265790225778795275e+01,8.336168584441610463e+00
7.267790797370678035e+01,8.670326500883822618e+00
7.269791368962560796e+01,8.398485096920786930e+00
7.271791940554444977e+01,8.776952253782944524e+00
7.273792512146327738e+01,7.492607372485272421e+00
7.275793083738210498e+01,6.301696777366190716e+00
7.277793655330094680e+01,6.718788591475253646e+00
7.279794226921978861e+01,5.936160334972529817e+00
7.281794798513861622e+01,5.911575235101491188e+00
7.283795370105744382e+01,4.526366924625742527e+00
7.285795941697628564e+01,4.646049888692848739e+00
7.287796513289511324e+01,5.792945072286795671e+00
7.289797084881394085e+01,5.977862334719256765e+00
7.291797656473278266e+01,5.088981245481509319e+00
7.293798228065162448e+01,5.490427254244929500e+00
7.295798799657045208e+01,5.290154886606854845e+00
7.297799371248927969e+01,5.585624229850828293e+00
7.299799942840812150e+01,5.593955301250274736e+00
7.301800514432696332e+01,6.234418215113540995e+00
7.303801086024579092e+01,7.778117037871218109e+00
7.305801657616461853e+01,8.756230617596736820e+00
7.307802229208346034e+01,8.768554484875556554e+00
7.309802800800228795e+01,9.804896589669684914e+00
7.311803372392111555e+01,1.094759138992664305e+01
7.313803943983995737e+01,1.084126954169509460e+01
7.315804515575879918e+01,1.147495547317387832e+01
7.317805087167762679e+01,1.156634542657085341e+01
7.319805658759645439e+01,1.211619842907796141e+01
7.321806230351529621e+01,1.164462089827790336e+01
7.323806801943413802e+01,1.109169353749401132e+01
7.325807373535295142e+01,1.081727092120855893e+01
7.327807945127179323e+01,9.184190060839540592e+00
7.329808516719063505e+01,9.085839546673430078e+00
7.331809088310946265e+01,8.859401071974675190e+00
7.333809659902829026e+01,7.783903436921459473e+00
7.335810231494713207e+01,6.217378526942357375e+00
7.337810803086597389e+01,5.610084399307862846e+00
7.339811374678480149e+01,4.876255650546547749e+00
7.341811946270362910e+01,4.017977376588340199e+00
7.343812517862247091e+01,3.432763830705175323e+00
7.345813089454129852e+01,3.839240507201320263e+00
7.347813661046012612e+01,2.283486307757690348e+00
7.349814232637896794e+01,3.847618526618083568e+00
7.351814804229780975e+01,1.840173302146876466e+00
7.353815375821663736e+01,2.492381703950520500e+00
7.355815947413546496e+01,2.047792700047289305e+00
7.357816519005430678e+01,1.977337223947651212e+00
7.359817090597314859e+01,2.151862132268309136e+00
7.361817662189197620e+01,1.470075717821976768e+00
7.363818233781080380e+01,1.596134564144209511e+00
7.365818805372964562e+01,2.439491176645041115e+00
7.367819376964847322e+01,3.058307673111272607e+00
7.369819948556730083e+01,1.882522302239244771e+00
7.371820520148614264e+01,2.393956148210367729e+00
7.373821091740498446e+01,1.743931918815717852e+00
7.375821663332381206e+01,1.775091726849475471e+00
7.377822234924263967e+01,1.988200817075229221e+00
7.379822806516148148e+01,2.994813807459410171e+00
7.381823378108030909e+01,3.446159378824959152e+00
7.383823949699913669e+01,2.543958091747242189e+00
7.385824521291797851e+01,3.132281891995142065e+00
7.387825092883682032e+01,3.551516639685246890e+00
7.389825664475564793e+01,4.610327405564547121e+00
7.391826236067447553e+01,4.462267073376743554e+00
7.393826807659331735e+01,5.221461088625402702e+00
7.395827379251215916e+01,5.547427996442857001e+00
7.397827950843098677e+01,5.074147116380641975e+00
7.399828522434981437e+01,5.835063967547230668e+00
7.401829094026865619e+01,6.947213862897405612e+00
7.403829665618748379e+01,7.037664637912990351e+00
7.405830237210632561e+01,6.310631275962498954e+00
7.407830808802515321e+01,7.005113166050592532e+00
7.409831380394398082e+01,5.409910675154054438e+00
7.411831951986282263e+01,6.352326611381922561e+00
7.413832523578165024e+01,6.929761469638568094e+00
7.415833095170049205e+01,5.158387493389454015e+00
7.417833666761931966e+01,6.294112103728934926e+00
7.419834238353816147e+01,6.494552245442251071e+00
7.421834809945698908e+01,6.598231303999094521e+00
7.423835381537583089e+01,5.462177767488579860e+00
7.425835953129465850e+01,5.346798395685360639e+00
7.427836524721348610e+01,4.331449471829484921e+00
7.429837096313232792e+01,4.851967721948716949e+00
7.431837667905115552e+01,4.239166356206991892e+00
7.433838239496999734e+01,4.498772351452570817e+00
7.435838811088882494e+01,4.170202062882749416e+00
7.437839382680766676e+01,4.276564426170672562e+00
7.439839954272649436e+01,3.428172788019903106e+00
7.441840525864533618e+01,4.823005145951803740e+00
7.443841097456416378e+01,3.309520822114847327e+00
7.445841669048300560e+01,3.101739737998561619e+00
7.447842240640183320e+01,4.010520474893668030e+00
7.449842812232066080e+01,3.575787921601209618e+00
7.451843383823950262e+01,4.055172772897332578e+00
7.453843955415833022e+01,3.752835892430061104e+00
7.455844527007717204e+01,3.059860874141449028e+00
7.457845098599599964e+01,3.011768956474777603e+00
7.459845670191484146e+01,3.242522524795703465e+00
7.461846241783366906e+01,3.175068199289673654e+00
7.463846813375251088e+01,3.742256700693460836e+00
7.465847384967133848e+01,2.463124472378452889e+00
7.467847956559016609e+01,3.081876470677385793e+00
7.469848528150900790e+01,3.433264466176230822e+00
7.471849099742783551e+01,2.436685637673256632e+00
7.473849671334667732e+01,3.564663632629381684e+00
7.475850242926550493e+01,3.572273161149880139e+00
7.477850814518434674e+01,3.024650233189377868e+00
7.479851386110317435e+01,3.095131943802769570e+00
7.481851957702201616e+01,2.179143033968479415e+00
7.483852529294084377e+01,3.040051535437845232e+00
7.485853100885967137e+01,2.557020325288154705e+00
7.487853672477851319e+01,2.277315775445315715e+00
7.489854244069734079e+01,2.625584198965642546e+00
7.491854815661618261e+01,2.935617986812882663e+00
7.493855387253501021e+01,2.865781052897551806e+00
7.495855958845385203e+01,1.786477332672735230e+00
7.497856530437267963e+01,1.897225601144456597e+00
7.499857102029152145e+01,2.361635968515856998e+00
7.501857673621034905e+01,2.406685414783364063e+00
7.503858245212917666e+01,2.279915259578965347e+00
7.505858816804801847e+01,1.670295491273612765e+00
7.507859388396684608e+01,2.404917981532078031e+00
7.509859959988568789e+01,1.959907453546854361e+00
7.511860531580451550e+01,3.436539337426310681e+00
7.513861103172335731e+01,2.182725534917408172e+00
7.515861674764218492e+01,3.387313334587262137e+00
7.517862246356102673e+01,2.258902936420468688e+00
7.519862817947985434e+01,3.864925166530493339e+00
7.521863389539868194e+01,2.874809892423777935e+00
7.523863961131752376e+01,5.147272131937795869e+00
7.525864532723635136e+01,4.435182787840908247e+00
7.527865104315519318e+01,5.017824738246808636e+00
7.529865675907402078e+01,5.735067048743834661e+00
7.531866247499286260e+01,6.222094551180346933e+00
7.533866819091169020e+01,7.035505244119698354e+00
7.535867390683053202e+01,8.790008042880526062e+00
7.537867962274935962e+01,8.301842242229673374e+00
7.539868533866820144e+01,9.061881069202900818e+00
7.541869105458702904e+01,1.023700372577187601e+01
7.543869677050585665e+01,1.010746819002875618e+01
7.545870248642469846e+01,1.105796263546953107e+01
7.547870820234352607e+01,1.235792206251134928e+01
7.549871391826236788e+01,1.130803103847429725e+01
7.551871963418119549e+01,1.217249886026060857e+01
7.553872535010003730e+01,1.093178334840065702e+01
7.555873106601886491e+01,1.186598564899064812e+01
7.557873678193770672e+01,1.067926258227171132e+01
7.559874249785653433e+01,1.142159719110686567e+01
7.561874821377536193e+01,1.018826607017910746e+01
7.563875392969420375e+01,1.062336409562661999e+01
7.565875964561303135e+01,1.001350769623625148e+01
7.567876536153187317e+01,1.027437842970818593e+01
7.569877107745070077e+01,1.025741392679704767e+01
7.571877679336954259e+01,1.026927709281105372e+01
7.573878250928837019e+01,9.486501039765254717e+00
7.575878822520721201e+01,9.299237278418670982e+00
7.577879394112603961e+01,8.677749748883787362e+00
7.579879965704486722e+01,8.912690950661382061e+00
7.581880537296370903e+01,9.734202611308649722e+00
7.583881108888253664e+01,8.086078863563308516e+00
7.585881680480137845e+01,7.514728637833616887e+00
7.587882252072020606e+01,8.597254135091979776e+00
7.589882823663904787e+01,7.018131123914609582e+00
7.591883395255787548e+01,7.656594878031648399e+00
7.593883966847671729e+01,6.948707200710164678e+00
7.595884538439554490e+01,6.928426465171465765e+00
7.597885110031437250e+01,6.404754066448576921e+00
7.599885681623321432e+01,6.234185396117072564e+00
7.601886253215204192e+01,6.733476780298382813e+00
7.603886824807088374e+01,6.911167581337225307e+00
7.605887396398971134e+01,6.107117705946069286e+00
7.607887967990855316e+01,5.996296850349282614e+00
7.609888539582738076e+01,6.754343250915738395e+00
7.611889111174622258e+01,7.383880432901339219e+00
7.613889682766505018e+01,7.529780453012475228e+00
7.615890254358387779e+01,6.931073700819580630e+00
7.617890825950271960e+01,7.328476102682433435e+00
7.619891397542154721e+01,7.998954178354558131e+00
7.621891969134038902e+01,8.019756960650138211e+00
7.623892540725921663e+01,9.371870025106259661e+00
7.625893112317805844e+01,9.577602283216748447e+00
7.627893683909688605e+01,1.169238886202625771e+01
7.629894255501572786e+01,1.262891357107964296e+01
7.631894827093455547e+01,1.164343750146929146e+01
7.633895398685339728e+01,1.339975351134800263e+01
7.635895970277222489e+01,1.399616330623777039e+01
7.637896541869105249e+01,1.360931742518277510e+01
7.639897113460989431e+01,1.528310882660649916e+01
7.641897685052872191e+01,1.486428670561597265e+01
7.643898256644756373e+01,1.578979179405781075e+01
7.645898828236639133e+01,1.505003269026306079e+01
7.647899399828523315e+01,1.493879393645995535e+01
7.649899971420406075e+01,1.394978439504298073e+01
7.651900543012290257e+01,1.308639204369157483e+01
7.653901114604173017e+01,1.154197840320805923e+01
7.655901686196055778e+01,1.203325330552812211e+01
7.657902257787939959e+01,1.094891388474152016e+01
7.659902829379822720e+01,1.049425487236093346e+01
7.661903400971706901e+01,8.602208892471661983e+00
7.663903972563589662e+01,8.623827222221981614e+00
7.665904544155473843e+01,6.314316098982151182e+00
7.667905115747356604e+01,6.143032128763115551e+00
7.669905687339240785e+01,5.575635461659421921e+00
7.671906258931123546e+01,5.563620094246959802e+00
7.673906830523006306e+01,4.085340837684758419e+00
7.675907402114890488e+01,3.612695621184073946e+00
7.677907973706773248e+01,3.026117404185520776e+00
7.679908545298657430e+01,3.269177607162911059e+00
7.681909116890540190e+01,3.400630456640908239e+00
7.683909688482424372e+01,3.550357806094169622e+00
7.685910260074307132e+01,2.281700126594738087e+00
7.687910831666191314e+01,3.186357853319579547e+00
7.689911403258074074e+01,1.834577594235415665e+00
7.691911974849956835e+01,1.771059034911935504e+00
7.693912546441841016e+01,2.845901066635336374e+00
7.695913118033723777e+01,2.550668233873476964e+00
7.697913689625607958e+01,3.272022741808783053e+00
7.699914261217490719e+01,2.574750565743769481e+00
7.701914832809374900e+01,2.939526204095011863e+00
7.703915404401257661e+01,3.939852157440800084e+00
7.705915975993141842e+01,4.243426308542431968e+00
7.707916547585024603e+01,4.053101626153805093e+00
7.709917119176907363e+01,3.071131000166493763e+00
7.711917690768791545e+01,4.192171975893834279e+00
7.713918262360674305e+01,4.573107324103579785e+00
7.715918833952558487e+01,3.968588352316043899e+00
7.717919405544441247e+01,5.171248260400069796e+00
7.719919977136325429e+01,5.498892290823865991e+00
7.721920548728208189e+01,4.848026465579296840e+00
7.723921120320092371e+01,4.696070174867973179e+00
7.725921691911975131e+01,5.993358063088556342e+00
7.727922263503859313e+01,5.366198967080520355e+00
7.729922835095742073e+01,4.753197424082358680e+00
7.731923406687624833e+01,5.148823032224082219e+00
7.733923978279509015e+01,5.457734163936296845e+00
7.735924549871391775e+01,4.129169125421983111e+00
7.737925121463275957e+01,5.069401271635857853e+00
7.739925693055158717e+01,3.325482668614478499e+00
7.741926264647042899e+01,4.347094660000975885e+00
7.743926836238925659e+01,3.097370124188306040e+00
7.745927407830809841e+01,2.779390775235216271e+00
7.747927979422692601e+01,2.371542535470529511e+00
7.749928551014575362e+01,4.078375088491216438e+00
7.751929122606459543e+01,3.417195380911449920e+00
7.753929694198342304e+01,3.015732548714498584e+00
7.755930265790226485e+01,2.867879418456158014e+00
7.757930837382109246e+01,3.007876333273484803e+00
7.759931408973993427e+01,1.985931343365950896e+00
7.761931980565876188e+01,3.244786164586600297e+00
7.763932552157760369e+01,2.613762896756056886e+00
7.765933123749643130e+01,2.805525465797983564e+00
7.767933695341525890e+01,2.214664513518924682e+00
7.769934266933410072e+01,2.339388658793594811e+00
7.771934838525292832e+01,2.162924183938513600e+00
7.773935410117177014e+01,1.868025718706524119e+00
7.775935981709059774e+01,3.044255520760642764e+00
7.777936553300943956e+01,2.574785539299405901e+00
7.779937124892826716e+01,2.411511183757208077e+00
7.781937696484710898e+01,3.894650789527682289e+00
7.783938268076593658e+01,3.497642072112456368e+00
7.785938839668476419e+01,3.827575103961761815e+00
7.787939411260360600e+01,2.025078625467311433e+00
7.789939982852243361e+01,2.403860641765304784e+00
7.791940554444127542e+01,3.484071896349599573e+00
7.793941126036010303e+01,3.488632754353247822e+00
7.795941697627894484e+01,2.177153599018594399e+00
7.797942269219777245e+01,2.545931902878577180e+00
7.799942840811661426e+01,3.004492676114542071e+00
7.801943412403544187e+01,2.760712460822015935e+00
7.803943983995426947e+01,2.881083928993596555e+00
7.805944555587311129e+01,3.574779613195650629e+00
7.807945127179193889e+01,2.879846455843504849e+00
7.809945698771078071e+01,3.613044028922212991e+00
7.811946270362960831e+01,4.550537037895118431e+00
7.813946841954845013e+01,3.250072094789285604e+00
7.815947413546727773e+01,5.260840544924160866e+00
7.817947985138611955e+01,4.181238755531322404e+00
7.819948556730494715e+01,5.887181670167619174e+00
7.821949128322378897e+01,4.213435188670237252e+00
7.823949699914261657e+01,6.024233036554701215e+00
7.825950271506144418e+01,6.274642421236676704e+00
7.827950843098028599e+01,5.500171077894017380e+00
7.829951414689911360e+01,6.131386981580669193e+00
7.831951986281795541e+01,4.596322094486080090e+00
7.833952557873678302e+01,5.942297266108603537e+00
7.835953129465562483e+01,6.015231358222043134e+00
7.837953701057445244e+01,6.057546215941635559e+00
7.839954272649329425e+01,4.544035135521674817e+00
7.841954844241212186e+01,5.437768281661876202e+00
7.843955415833094946e+01,4.148180812638491588e+00
7.845955987424979128e+01,5.003640039526325189e+00
7.847956559016861888e+01,4.920538819759174842e+00
7.849957130608746070e+01,5.065127610297181171e+00
7.851957702200628830e+01,5.234439474622559985e+00
7.853958273792513012e+01,5.385511442876157240e+00
7.855958845384395772e+01,4.118297083360428879e+00
7.857959416976279954e+01,5.114375146004979555e+00
7.859959988568162714e+01,5.481896031714510897e+00
7.861960560160045475e+01,5.737563640349112148e+00
7.863961131751929656e+01,6.912849973004338011e+00
7.865961703343812417e+01,5.832888314701166976e+00
7.867962274935696598e+01,7.778360865833982452e+00
7.869962846527579359e+01,7.439475481715898120e+00
7.871963418119463540e+01,8.153147892180875544e+00
7.873963989711346301e+01,8.787533996245677770e+00
7.875964561303230482e+01,1.028681382209061468e+01
7.877965132895113243e+01,8.948297557345165743e+00
7.879965704486996003e+01,1.095111756020102867e+01
7.881966276078880185e+01,1.043420344626709628e+01
7.883966847670762945e+01,1.179287038999243542e+01
7.885967419262647127e+01,1.134565179913632882e+01
7.887967990854529887e+01,1.155186323301939488e+01
7.889968562446414069e+01,1.191239691782181964e+01
7.891969134038296829e+01,1.131630472684966193e+01
7.893969705630181011e+01,1.025440082708333733e+01
7.895970277222063771e+01,9.557716587595916025e+00
7.897970848813946532e+01,9.483119573708593819e+00
7.899971420405830713e+01,8.435226963368105402e+00
7.901971991997713474e+01,7.990382560319202021e+00
7.903972563589597655e+01,8.775916023231610907e+00
7.905973135181480416e+01,7.170101401049095102e+00
7.907973706773364597e+01,6.429998870897844832e+00
7.909974278365247358e+01,5.792062156468849921e+00
7.911974849957131539e+01,7.047683475210036796e+00
7.913975421549014300e+01,6.161947812674403835e+00
7.915975993140898481e+01,5.719333491123586022e+00
7.917976564732781242e+01,6.476666792874958389e+00
7.919977136324664002e+01,5.008921333817896837e+00
7.921977707916548184e+01,4.245128816690723284e+00
7.923978279508430944e+01,5.859367418472450240e+00
7.925978851100315126e+01,4.419187973366870636e+00
7.927979422692197886e+01,4.166202338412275274e+00
7.929979994284082068e+01,3.339924071803883177e+00
7.931980565875964828e+01,3.708472803390783668e+00
7.933981137467849010e+01,4.206289409646004174e+00
7.935981709059731770e+01,2.983486413258859216e+00
7.937982280651614531e+01,2.923179205297785632e+00
7.939982852243498712e+01,2.241740824667537879e+00
7.941983423835381473e+01,2.292446838711315493e+00
7.943983995427265654e+01,3.530857930227552899e+00
7.945984567019148415e+01,2.640619052257714650e+00
7.947985138611032596e+01,2.849809571327865942e+00
7.949985710202915357e+01,3.336476039182387776e+00
7.951986281794799538e+01,2.164624214240433275e+00
7.953986853386682299e+01,2.389439676736747398e+00
7.955987424978565059e+01,1.995466832794243306e+00
7.957987996570449241e+01,3.254858317346026375e+00
7.959988568162332001e+01,3.447122510299832410e+00
7.961989139754216183e+01,3.303129548231869439e+00
7.963989711346098943e+01,2.905844392514825181e+00
7.965990282937983125e+01,3.683940420286326400e+00
7.967990854529865885e+01,3.049777870699654780e+00
7.969991426121750067e+01,2.400163460239768565e+00
7.971991997713632827e+01,3.577850160284023140e+00
7.973992569305515588e+01,3.154963809436440947e+00
7.975993140897399769e+01,3.318675725100282303e+00
7.977993712489282530e+01,3.967281253965411203e+00
7.979994284081166711e+01,3.195780098727138530e+00
7.981994855673049472e+01,3.109250222349616344e+00
7.983995427264933653e+01,2.659197115328300942e+00
7.985995998856816414e+01,3.783049265402024464e+00
7.987996570448700595e+01,3.105704328407574710e+00
7.989997142040583356e+01,2.589204467946289334e+00
7.991997713632466116e+01,2.691079363877910247e+00
7.993998285224350298e+01,2.712263697410123076e+00
7.995998856816233058e+01,1.905568384602115195e+00
7.997999428408117240e+01,2.525539533976141282e+00
8.000000000000000000e+01,2.014816733709128727e+00
