angle,intensity
1.000000000000000000e+01,3.075003938134849957e+00
1.002000571591883471e+01,2.784389400108144841e+00
1.004001143183766764e+01,3.452071614798527310e+00
1.006001714775650235e+01,3.654654085256033635e+00
1.008002286367533529e+01,3.939358532793626466e+00
1.010002857959417000e+01,3.660054421741649744e+00
1.012003429551300293e+01,3.490036950896069357e+00
1.014004001143183764e+01,3.078803941418056578e+00
1.016004572735067235e+01,3.540043202224259389e+00
1.018005144326950528e+01,3.265887364934660031e+00
1.020005715918833999e+01,4.229131806670967997e+00
1.022006287510717293e+01,2.860079443995113824e+00
1.024006859102600764e+01,3.016640980082332835e+00
1.026007430694484057e+01,2.891003184352740174e+00
1.028008002286367528e+01,2.661692238591287119e+00
1.030008573878250999e+01,3.278536842505696658e+00
1.032009145470134293e+01,2.778526978222099153e+00
1.034009717062017764e+01,3.894061562594028025e+00
1.036010288653901057e+01,3.558496555697385766e+00
1.038010860245784528e+01,2.886976173179773397e+00
1.040011431837667999e+01,3.117909007801960453e+00
1.042012003429551292e+01,3.926517499461648075e+00
1.044012575021434763e+01,4.101628895782592821e+00
1.046013146613318057e+01,3.505247832616658954e+00
1.048013718205201528e+01,2.986191391062329892e+00
1.050014289797084821e+01,3.710121145968745537e+00
1.052014861388968292e+01,2.892681864649747858e+00
1.054015432980851585e+01,3.217108744872776871e+00
1.056016004572735056e+01,3.143953045747753805e+00
1.058016576164618527e+01,3.444835102310756625e+00
1.060017147756501821e+01,3.858580030109358017e+00
1.062017719348385292e+01,3.948408665647201499e+00
1.064018290940268585e+01,3.375811806599176457e+00
1.066018862532152056e+01,4.252924517991417908e+00
1.068019434124035527e+01,3.301717588963128502e+00
1.070020005715918820e+01,3.412783120180783669e+00
1.072020577307802292e+01,3.601526550292360795e+00
1.074021148899685585e+01,3.434011700241662801e+00
1.076021720491569056e+01,3.729074021682687423e+00
1.078022292083452349e+01,2.788726501527532875e+00
1.080022863675335820e+01,4.019693404369371947e+00
1.082023435267219291e+01,3.687048142222620228e+00
1.084024006859102585e+01,3.007881848226519050e+00
1.086024578450986056e+01,4.039547408915389326e+00
1.088025150042869349e+01,4.009941436091175149e+00
1.090025721634752820e+01,3.689055839026709194e+00
1.092026293226636113e+01,3.799704081488465057e+00
1.094026864818519584e+01,3.250030263872151437e+00
1.096027436410403055e+01,3.185333665823790739e+00
1.098028008002286349e+01,3.499030284495172616e+00
1.100028579594169820e+01,2.764133016167983126e+00
1.102029151186053113e+01,3.594597211132966486e+00
1.104029722777936584e+01,3.825712888296861180e+00
1.106030294369819877e+01,3.173161509427467220e+00
1.108030865961703348e+01,3.417502934679425675e+00
1.110031437553586819e+01,2.784617545619089807e+00
1.112032009145470113e+01,2.960726996316623172e+00
1.114032580737353584e+01,3.583819172986194346e+00
1.116033152329236877e+01,3.511064107103410770e+00
1.118033723921120348e+01,3.711332685432805256e+00
1.120034295513003642e+01,3.390947732494530520e+00
1.122034867104887113e+01,3.088281230433383318e+00
1.124035438696770584e+01,3.480764907213266923e+00
1.126036010288653877e+01,3.132125700473180174e+00
1.128036581880537348e+01,4.119163294372735429e+00
1.130037153472420641e+01,3.589555001951328705e+00
1.132037725064304112e+01,3.477819081911357024e+00
1.134038296656187583e+01,3.075974985690376862e+00
1.136038868248070877e+01,3.851731666735958903e+00
1.138039439839954348e+01,3.696965647588898563e+00
1.140040011431837641e+01,3.370925465466466431e+00
1.142040583023721112e+01,2.968496262987898149e+00
1.144041154615604405e+01,3.198393347417407551e+00
1.146041726207487876e+01,3.262528900581984637e+00
1.148042297799371170e+01,3.142632917200005593e+00
1.150042869391254641e+01,2.771374121243429745e+00
1.152043440983138112e+01,2.800825055195639290e+00
1.154044012575021405e+01,3.714041804654781842e+00
1.156044584166904876e+01,3.384353871400981095e+00
1.158045155758788169e+01,2.999246230583405115e+00
1.160045727350671640e+01,2.810376098649067345e+00
1.162046298942555111e+01,3.844226516414025241e+00
1.164046870534438405e+01,2.933266710753166251e+00
1.166047442126321876e+01,3.270281349760985279e+00
1.168048013718205169e+01,4.043217670889671211e+00
1.170048585310088640e+01,3.385554597195544524e+00
1.172049156901971934e+01,2.750105140190651110e+00
1.174049728493855405e+01,3.864134070493875583e+00
1.176050300085738698e+01,4.142218787026340721e+00
1.178050871677622169e+01,3.900257118494836028e+00
1.180051443269505640e+01,2.913087175844274235e+00
1.182052014861388933e+01,3.890467713854374843e+00
1.184052586453272404e+01,4.057489085448629851e+00
1.186053158045155698e+01,3.150228311580781870e+00
1.188053729637039169e+01,3.581128950180024084e+00
1.190054301228922640e+01,3.336417247223288030e+00
1.192054872820805933e+01,3.677853913457224344e+00
1.194055444412689404e+01,3.406236030877051846e+00
1.196056016004572697e+01,3.136170557595485242e+00
1.198056587596456168e+01,4.170451554928957805e+00
1.200057159188339639e+01,4.310974752542065858e+00
1.202057730780222933e+01,3.121466368148545278e+00
1.204058302372106226e+01,2.592493114281137601e+00
1.206058873963989697e+01,3.209117854459642594e+00
1.208059445555873168e+01,3.656847969754649430e+00
1.210060017147756461e+01,3.440783722780794918e+00
1.212060588739639932e+01,3.597981040597647340e+00
1.214061160331523226e+01,3.210885805238811397e+00
1.216061731923406697e+01,3.376158216654312483e+00
1.218062303515290168e+01,2.952954059630732875e+00
1.220062875107173461e+01,3.780634855029760821e+00
1.222063446699056932e+01,3.292916313285055629e+00
1.224064018290940226e+01,4.021762938203159443e+00
1.226064589882823697e+01,3.468824460610004934e+00
1.228065161474707168e+01,2.871230944617688241e+00
1.230065733066590461e+01,3.259355593534884132e+00
1.232066304658473754e+01,3.066647096911059744e+00
1.234066876250357225e+01,3.457141882396404409e+00
1.236067447842240696e+01,2.859960089217952639e+00
1.238068019434123990e+01,2.910483718668210429e+00
1.240068591026007461e+01,2.803475465174924963e+00
1.242069162617890754e+01,3.596777789500158917e+00
1.244069734209774225e+01,3.634373723906548559e+00
1.246070305801657696e+01,3.663079506646806038e+00
1.248070877393540989e+01,2.812147733582261111e+00
1.250071448985424460e+01,3.173706539005944460e+00
1.252072020577307754e+01,3.788091531787753929e+00
1.254072592169191225e+01,4.317407848363813194e+00
1.256073163761074696e+01,3.632054155271659646e+00
1.258073735352957989e+01,3.129183712847283250e+00
1.260074306944841460e+01,3.274264059639177660e+00
1.262074878536724754e+01,3.569652915581547958e+00
1.264075450128608225e+01,3.233083714506945316e+00
1.266076021720491518e+01,3.895500647802273786e+00
1.268076593312374989e+01,3.144921553395911396e+00
1.270077164904258282e+01,3.412784261992452439e+00
1.272077736496141753e+01,3.581185363053475346e+00
1.274078308088025224e+01,3.536570342496441643e+00
1.276078879679908518e+01,3.275551042012250669e+00
1.278079451271791989e+01,3.339723309783748206e+00
1.280080022863675282e+01,3.792171862162799112e+00
1.282080594455558753e+01,3.696686862942888396e+00
1.284081166047442224e+01,2.646684376409789152e+00
1.286081737639325517e+01,2.769665103160886321e+00
1.288082309231208988e+01,3.636132017862696575e+00
1.290082880823092282e+01,3.112370230367848656e+00
1.292083452414975753e+01,2.989069666192357921e+00
1.294084024006859224e+01,3.527440952495026316e+00
1.296084595598742517e+01,3.109102287110837803e+00
1.298085167190625810e+01,3.447530759684506396e+00
1.300085738782509281e+01,3.048667124338567014e+00
1.302086310374392752e+01,3.768980990369080519e+00
1.304086881966276046e+01,2.898803383376206355e+00
1.306087453558159517e+01,2.846626002591650550e+00
1.308088025150042810e+01,2.601452439084991575e+00
1.310088596741926281e+01,2.968302206285200917e+00
1.312089168333809752e+01,3.194668173310108994e+00
1.314089739925693046e+01,4.126410577478748287e+00
1.316090311517576517e+01,3.842835021577065024e+00
1.318090883109459810e+01,3.233673722491570146e+00
1.320091454701343281e+01,3.912622889166452289e+00
1.322092026293226752e+01,3.120803996387723434e+00
1.324092597885110045e+01,3.594133255263091797e+00
1.326093169476993339e+01,3.189294055277341222e+00
1.328093741068876810e+01,3.742995110515549673e+00
1.330094312660760281e+01,3.623228281362135039e+00
1.332094884252643574e+01,3.239950112687863815e+00
1.334095455844527045e+01,2.939258491931482808e+00
1.336096027436410338e+01,2.741025257154153127e+00
1.338096599028293809e+01,3.127616400690132803e+00
1.340097170620177280e+01,3.306774450407354848e+00
1.342097742212060574e+01,2.691213099059462266e+00
1.344098313803944045e+01,3.210440395300221628e+00
1.346098885395827338e+01,3.055563544301172829e+00
1.348099456987710809e+01,3.734696333756662767e+00
1.350100028579594280e+01,2.917711097391830322e+00
1.352100600171477573e+01,3.201427176373508487e+00
1.354101171763361044e+01,3.265660636449699616e+00
1.356101743355244338e+01,3.855575479231675651e+00
1.358102314947127809e+01,3.264443388359279830e+00
1.360102886539011102e+01,3.629266748022849320e+00
1.362103458130894573e+01,3.634087306407145057e+00
1.364104029722777867e+01,2.666341120005633947e+00
1.366104601314661338e+01,3.176781322550389142e+00
1.368105172906544809e+01,3.156051964656199083e+00
1.370105744498428102e+01,3.785596345914386873e+00
1.372106316090311573e+01,2.976910454186119104e+00
1.374106887682194866e+01,3.681031301222387420e+00
1.376107459274078337e+01,3.229454921177286053e+00
1.378108030865961808e+01,2.620749745922537066e+00
1.380108602457845102e+01,2.785979641897115666e+00
1.382109174049728573e+01,3.090835394792540214e+00
1.384109745641611866e+01,4.226335664642739687e+00
1.386110317233495337e+01,2.754967418760803533e+00
1.388110888825378808e+01,3.401226102234753412e+00
1.390111460417262101e+01,3.235565292073369292e+00
1.392112032009145395e+01,3.019451139220457936e+00
1.394112603601028866e+01,3.617158101305299578e+00
1.396113175192912337e+01,3.302911128806126584e+00
1.398113746784795630e+01,3.458857298209406572e+00
1.400114318376679101e+01,3.453376054840013420e+00
1.402114889968562395e+01,2.965696508218950811e+00
1.404115461560445866e+01,2.735063501922289753e+00
1.406116033152329337e+01,3.647460306601646440e+00
1.408116604744212630e+01,4.052594100893385232e+00
1.410117176336095923e+01,3.416158118333961546e+00
1.412117747927979394e+01,2.856699749226356833e+00
1.414118319519862865e+01,3.858241701926293565e+00
1.416118891111746336e+01,3.643988096970234292e+00
1.418119462703629630e+01,3.516228705467547400e+00
1.420120034295512923e+01,2.784685188798824207e+00
1.422120605887396394e+01,2.849269490085312828e+00
1.424121177479279865e+01,2.906439038576428047e+00
1.426121749071163336e+01,3.366108337568185505e+00
1.428122320663046629e+01,3.402102530927018087e+00
1.430122892254929923e+01,3.086060334162401553e+00
1.432123463846813394e+01,3.656136118057644602e+00
1.434124035438696865e+01,3.411333769576978980e+00
1.436124607030580158e+01,4.012126391990548768e+00
1.438125178622463629e+01,2.981904402867930681e+00
1.440125750214346922e+01,3.399241949250885853e+00
1.442126321806230393e+01,3.881580133745745620e+00
1.444126893398113864e+01,2.914744325166775063e+00
1.446127464989997158e+01,3.673278495675138977e+00
1.448128036581880451e+01,3.827128945120240378e+00
1.450128608173763922e+01,3.390846656659757929e+00
1.452129179765647393e+01,3.550250011499452185e+00
1.454129751357530864e+01,3.292666672367420944e+00
1.456130322949414158e+01,3.311659557343492821e+00
1.458130894541297451e+01,3.466634826951114690e+00
1.460131466133180922e+01,3.396225621162417774e+00
1.462132037725064393e+01,3.186760582629483807e+00
1.464132609316947686e+01,3.787863508285317593e+00
1.466133180908831157e+01,3.707004040418752311e+00
1.468133752500714451e+01,2.793163841876445286e+00
1.470134324092597922e+01,3.536198942413204094e+00
1.472134895684481393e+01,3.348157790298503578e+00
1.474135467276364686e+01,3.227934414999655388e+00
1.476136038868247979e+01,3.411758085444048572e+00
1.478136610460131450e+01,3.621923415435032823e+00
1.480137182052014921e+01,3.068421987099998471e+00
1.482137753643898392e+01,2.968049147428593049e+00
1.484138325235781686e+01,3.404598555007934291e+00
1.486138896827664979e+01,3.286972270151110376e+00
1.488139468419548450e+01,3.217019129394422361e+00
1.490140040011431921e+01,3.166753712986551950e+00
1.492140611603315392e+01,2.873341891089962630e+00
1.494141183195198685e+01,3.113677025182778113e+00
1.496141754787081979e+01,2.959583191089295795e+00
1.498142326378965450e+01,3.482301473720330609e+00
1.500142897970848921e+01,2.959509192475183958e+00
1.502143469562732214e+01,3.983247632253280823e+00
1.504144041154615508e+01,3.223019802104607479e+00
1.506144612746498979e+01,3.619270659708317517e+00
1.508145184338382450e+01,3.326111085450969451e+00
1.510145755930265921e+01,3.378156279594555222e+00
1.512146327522149214e+01,3.515926658498306878e+00
1.514146899114032507e+01,3.623991509038120284e+00
1.516147470705915978e+01,3.644012361512075415e+00
1.518148042297799449e+01,3.141069673842161514e+00
1.520148613889682920e+01,3.159102475746204064e+00
1.522149185481566214e+01,2.764838916290375259e+00
1.524149757073449507e+01,3.287423876589038674e+00
1.526150328665332978e+01,2.760388007590870441e+00
1.528150900257216449e+01,3.737905994433445400e+00
1.530151471849099742e+01,4.161229008328032108e+00
1.532152043440983036e+01,3.263021986205795422e+00
1.534152615032866507e+01,4.160640405159274913e+00
1.536153186624749978e+01,3.590733953053084182e+00
1.538153758216633449e+01,3.122519664127877181e+00
1.540154329808516742e+01,2.889182125157084613e+00
1.542154901400400036e+01,3.126322167489611115e+00
1.544155472992283507e+01,3.716323744671730545e+00
1.546156044584166978e+01,3.300524098822855024e+00
1.548156616176050449e+01,3.356604436929283342e+00
1.550157187767933742e+01,3.171190793127789398e+00
1.552157759359817035e+01,3.389087325571076281e+00
1.554158330951700506e+01,2.855322932147162263e+00
1.556158902543583977e+01,4.081494596870935965e+00
1.558159474135467271e+01,3.209797272940087431e+00
1.560160045727350742e+01,3.392369871043809937e+00
1.562160617319234035e+01,3.068531711802417572e+00
1.564161188911117506e+01,3.629120505892638793e+00
1.566161760503000977e+01,3.166513832031448317e+00
1.568162332094884270e+01,3.419445423076295842e+00
1.570162903686767564e+01,3.150545970880759494e+00
1.572163475278651035e+01,3.583340360076571862e+00
1.574164046870534506e+01,2.998690044131938848e+00
1.576164618462417977e+01,3.426043934184689554e+00
1.578165190054301270e+01,3.385691811592627332e+00
1.580165761646184563e+01,3.655057566280920600e+00
1.582166333238068034e+01,3.145888281757874605e+00
1.584166904829951505e+01,3.260898321319785964e+00
1.586167476421834799e+01,2.860872858819738518e+00
1.588168048013718270e+01,3.979736336195340840e+00
1.590168619605601563e+01,4.017945606684334869e+00
1.592169191197485034e+01,3.071258321304307870e+00
1.594169762789368505e+01,3.791771640253896791e+00
1.596170334381251799e+01,3.019871306139072509e+00
1.598170905973135092e+01,3.585986210051524736e+00
1.600171477565018563e+01,3.371011010677103847e+00
1.602172049156902034e+01,3.967257511429652439e+00
1.604172620748785505e+01,3.856237844325201891e+00
1.606173192340668976e+01,3.494478695619461561e+00
1.608173763932552092e+01,3.210577312814583806e+00
1.610174335524435563e+01,3.734327483771392675e+00
1.612174907116319034e+01,2.892148266615760299e+00
1.614175478708202505e+01,3.120148985941482600e+00
1.616176050300085620e+01,3.284667499618433517e+00
1.618176621891969091e+01,3.795053546468767358e+00
1.620177193483852562e+01,2.708049411217473779e+00
1.622177765075736033e+01,3.843080624311706828e+00
1.624178336667619504e+01,3.760369979915939354e+00
1.626178908259502620e+01,3.232887719504255131e+00
1.628179479851386091e+01,3.474080775539584387e+00
1.630180051443269562e+01,3.470619222811479609e+00
1.632180623035153033e+01,3.078693490620224793e+00
1.634181194627036149e+01,3.280062193850775465e+00
1.636181766218919620e+01,3.592642800353709642e+00
1.638182337810803091e+01,4.128075875537346562e+00
1.640182909402686562e+01,3.240291337271122174e+00
1.642183480994570033e+01,3.225029266587621457e+00
1.644184052586453504e+01,2.857333609027103982e+00
1.646184624178336620e+01,2.880246387805017960e+00
1.648185195770220091e+01,3.680550572198696191e+00
1.650185767362103562e+01,3.436960903105237719e+00
1.652186338953986677e+01,2.930421388370175961e+00
1.654186910545870148e+01,3.282678045881973095e+00
1.656187482137753619e+01,3.127770631845134819e+00
1.658188053729637090e+01,4.301163264326169688e+00
1.660188625321520561e+01,3.551205118867459376e+00
1.662189196913404032e+01,3.132629439607523381e+00
1.664189768505287148e+01,3.367756506916760095e+00
1.666190340097170619e+01,3.318460917059140591e+00
1.668190911689054090e+01,2.972155865521707518e+00
1.670191483280937561e+01,3.325287009908096891e+00
1.672192054872820677e+01,3.877786418329507434e+00
1.674192626464704148e+01,3.199818236756976297e+00
1.676193198056587619e+01,3.795101922636440861e+00
1.678193769648471090e+01,4.218821139381031315e+00
1.680194341240354561e+01,3.293054506429489603e+00
1.682194912832238032e+01,3.600105178554665386e+00
1.684195484424121148e+01,2.669557793408356083e+00
1.686196056016004619e+01,3.588029064443152283e+00
1.688196627607888090e+01,2.671536580589608967e+00
1.690197199199771205e+01,3.957447757848989056e+00
1.692197770791654676e+01,3.846458855075963967e+00
1.694198342383538147e+01,3.480859801921047492e+00
1.696198913975421618e+01,2.891798678098211006e+00
1.698199485567305089e+01,3.474793603180265755e+00
1.700200057159188560e+01,3.537353396438284392e+00
1.702200628751071676e+01,2.516765393866198686e+00
1.704201200342955147e+01,3.134979283722732823e+00
1.706201771934838618e+01,3.776507076989374490e+00
1.708202343526722089e+01,3.367575831145349863e+00
1.710202915118605205e+01,2.561489053301406749e+00
1.712203486710488676e+01,3.165602932057193897e+00
1.714204058302372147e+01,3.551291293435459906e+00
1.716204629894255618e+01,3.323408114465878249e+00
1.718205201486139089e+01,3.159482818837236806e+00
1.720205773078022204e+01,3.387870492703553893e+00
1.722206344669905675e+01,3.669969760336543541e+00
1.724206916261789146e+01,2.645055143553787680e+00
1.726207487853672617e+01,3.221271451167310396e+00
1.728208059445555733e+01,3.460785729896929119e+00
1.730208631037439204e+01,3.487447133689772105e+00
1.732209202629322675e+01,3.635886850527205283e+00
1.734209774221206146e+01,3.670117444448601773e+00
1.736210345813089617e+01,3.226143027880331360e+00
1.738210917404973088e+01,2.906808555595291832e+00
1.740211488996856204e+01,3.652557131621515740e+00
1.742212060588739675e+01,3.622685176225236781e+00
1.744212632180623146e+01,2.741604361127706113e+00
1.746213203772506262e+01,3.268170686589404461e+00
1.748213775364389733e+01,2.981793505767650565e+00
1.750214346956273204e+01,3.280742045839438514e+00
1.752214918548156675e+01,3.611371966765768882e+00
1.754215490140040146e+01,4.033591737872086469e+00
1.756216061731923617e+01,2.989068516371447437e+00
1.758216633323806732e+01,3.744060909575642526e+00
1.760217204915690203e+01,3.502132753453440550e+00
1.762217776507573674e+01,3.377448421211672880e+00
1.764218348099457145e+01,3.077492175174146638e+00
1.766218919691340261e+01,4.020425605163628902e+00
1.768219491283223732e+01,3.563146790699073918e+00
1.770220062875107203e+01,3.958900542340812123e+00
1.772220634466990674e+01,4.111331779130329878e+00
1.774221206058874145e+01,2.666375071260206564e+00
1.776221777650757616e+01,3.398647037366944623e+00
1.778222349242640732e+01,2.841202371574063079e+00
1.780222920834524203e+01,3.145896190775073542e+00
1.782223492426407674e+01,3.893567668949364347e+00
1.784224064018290790e+01,3.467612968948082575e+00
1.786224635610174261e+01,3.514214239224743963e+00
1.788225207202057732e+01,3.866444306292081912e+00
1.790225778793941203e+01,3.218673081700587080e+00
1.792226350385824674e+01,3.105361392231168693e+00
1.794226921977708145e+01,3.646857497015214555e+00
1.796227493569591260e+01,3.148596260551626891e+00
1.798228065161474731e+01,3.653991056656932912e+00
1.800228636753358202e+01,3.235671688900245258e+00
1.802229208345241318e+01,3.248371399182169661e+00
1.804229779937124789e+01,3.617455349907941375e+00
1.806230351529008260e+01,2.906176321066975099e+00
1.808230923120891731e+01,3.405186346352812254e+00
1.810231494712775202e+01,3.349913506210738134e+00
1.812232066304658673e+01,2.832044622737725170e+00
1.814232637896542144e+01,2.674043017714696546e+00
1.816233209488425260e+01,3.901416278128691850e+00
1.818233781080308731e+01,2.643252671382678720e+00
1.820234352672191847e+01,3.497266367555699862e+00
1.822234924264075318e+01,3.279370319658899913e+00
1.824235495855958789e+01,3.870195552262357452e+00
1.826236067447842260e+01,3.290737020552452652e+00
1.828236639039725731e+01,3.130769163277074441e+00
1.830237210631609202e+01,2.802348159915695192e+00
1.832237782223492673e+01,2.966319981442435250e+00
1.834238353815375788e+01,3.110029800766038299e+00
1.836238925407259259e+01,3.521908063406375078e+00
1.838239496999142730e+01,2.578308587073617986e+00
1.840240068591025846e+01,3.197883301681206714e+00
1.842240640182909317e+01,3.797813419482238384e+00
1.844241211774792788e+01,3.627760730075939577e+00
1.846241783366676259e+01,3.651514099147814107e+00
1.848242354958559730e+01,3.195904672680102365e+00
1.850242926550443201e+01,2.821395911460703232e+00
1.852243498142326672e+01,3.026916270561957667e+00
1.854244069734209788e+01,3.137102074899968951e+00
1.856244641326093259e+01,2.801234432434919874e+00
1.858245212917976374e+01,2.633606983931203072e+00
1.860245784509859845e+01,4.214219295724911163e+00
1.862246356101743316e+01,2.706298331623361531e+00
1.864246927693626787e+01,3.167887240549637440e+00
1.866247499285510258e+01,3.162042631587814956e+00
1.868248070877393729e+01,3.333826618068858494e+00
1.870248642469277200e+01,3.230085200332394102e+00
1.872249214061160316e+01,3.454363267486748157e+00
1.874249785653043787e+01,4.246238874203928759e+00
1.876250357244927258e+01,3.425465178341546846e+00
1.878250928836810374e+01,3.534317172564659160e+00
1.880251500428693845e+01,3.253291911743001918e+00
1.882252072020577316e+01,3.156145487229812030e+00
1.884252643612460787e+01,3.891174843154904472e+00
1.886253215204344258e+01,3.760008731633479151e+00
1.888253786796227729e+01,2.778029372351439985e+00
1.890254358388111200e+01,2.717903937809879267e+00
1.892254929979994316e+01,3.313703319307887529e+00
1.894255501571877787e+01,3.992849515734232746e+00
1.896256073163760902e+01,2.706396683836218564e+00
1.898256644755644373e+01,3.093973068064427068e+00
1.900257216347527844e+01,2.852286931935942071e+00
1.902257787939411315e+01,3.964507225590389261e+00
1.904258359531294786e+01,3.500688455053323267e+00
1.906258931123178257e+01,2.908116070470619263e+00
1.908259502715061728e+01,3.563454911792835134e+00
1.910260074306944844e+01,3.936103668801363309e+00
1.912260645898828315e+01,2.981762066463199190e+00
1.914261217490711431e+01,3.542156407479447378e+00
1.916261789082594902e+01,3.711961095626954421e+00
1.918262360674478373e+01,2.759986969747960206e+00
1.920262932266361844e+01,2.819654772698648504e+00
1.922263503858245315e+01,3.015772357400723358e+00
1.924264075450128786e+01,4.028509197097976724e+00
1.926264647042012257e+01,3.609092078562003980e+00
1.928265218633895373e+01,3.498283778871965843e+00
1.930265790225778844e+01,3.278228554160234509e+00
1.932266361817662315e+01,3.364677203298946040e+00
1.934266933409545430e+01,4.185143837681613910e+00
1.936267505001428901e+01,3.746957874252172527e+00
1.938268076593312372e+01,3.504448531205551554e+00
1.940268648185195843e+01,2.921244767581298252e+00
1.942269219777079314e+01,3.718878545502811050e+00
1.944269791368962785e+01,4.078461087563776566e+00
1.946270362960846256e+01,2.913430428436141195e+00
1.948270934552729372e+01,3.326095636952701273e+00
1.950271506144612843e+01,2.617536823171363380e+00
1.952272077736495959e+01,3.312012651982855438e+00
1.954272649328379430e+01,2.812009293485047134e+00
1.956273220920262901e+01,3.209292821025008458e+00
1.958273792512146372e+01,3.389428239961856271e+00
1.960274364104029843e+01,3.112556724010332232e+00
1.962274935695913314e+01,2.898733261519489623e+00
1.964275507287796785e+01,3.776989768552994065e+00
1.966276078879679901e+01,3.479530208336362840e+00
1.968276650471563372e+01,3.265797397205882469e+00
1.970277222063446487e+01,3.550933821469965501e+00
1.972277793655329958e+01,3.565863228186494815e+00
1.974278365247213429e+01,3.574094026682981262e+00
1.976278936839096900e+01,3.456411198132331997e+00
1.978279508430980371e+01,2.959226476738305855e+00
1.980280080022863842e+01,3.516025944581023133e+00
1.982280651614747313e+01,3.254809446753604618e+00
1.984281223206630784e+01,2.837068818560037897e+00
1.986281794798513900e+01,3.524443849883980739e+00
1.988282366390397371e+01,3.354209429355619054e+00
1.990282937982280487e+01,3.115829860256308592e+00
1.992283509574163958e+01,2.564780597594983114e+00
1.994284081166047429e+01,3.223594241169529084e+00
1.996284652757930900e+01,3.290153253856507476e+00
1.998285224349814371e+01,3.474830194522291471e+00
2.000285795941697842e+01,3.931735569110654360e+00
2.002286367533581313e+01,3.820937615268620746e+00
2.004286939125464428e+01,3.775881057201693647e+00
2.006287510717347899e+01,2.791532902128103011e+00
2.008288082309231015e+01,3.374098656797501761e+00
2.010288653901114486e+01,3.091463738917143100e+00
2.012289225492997957e+01,3.216425226640148072e+00
2.014289797084881428e+01,4.089286877865051295e+00
2.016290368676764899e+01,3.089328270421610068e+00
2.018290940268648370e+01,3.921715375382166080e+00
2.020291511860531841e+01,3.094961162600813775e+00
2.022292083452414957e+01,3.877709042092266856e+00
2.024292655044298428e+01,3.822948327712553329e+00
2.026293226636181899e+01,3.502175549583425695e+00
2.028293798228065015e+01,3.191018938659659021e+00
2.030294369819948486e+01,2.883718680386039512e+00
2.032294941411831957e+01,3.894901155745640331e+00
2.034295513003715428e+01,3.806795210730435031e+00
2.036296084595598899e+01,4.045691190879697530e+00
2.038296656187482370e+01,3.869417040295451748e+00
2.040297227779365841e+01,3.405345295006887874e+00
2.042297799371248956e+01,3.488534262148468734e+00
2.044298370963132427e+01,3.209612285591160408e+00
2.046298942555015543e+01,2.944931059457995381e+00
2.048299514146899014e+01,3.960387153384267833e+00
2.050300085738782485e+01,3.431556302967175842e+00
2.052300657330665956e+01,3.812427645776685914e+00
2.054301228922549427e+01,3.196401849184201893e+00
2.056301800514432898e+01,2.951167559423753417e+00
2.058302372106316369e+01,3.674941507223001835e+00
2.060302943698199485e+01,3.394122007038697930e+00
2.062303515290082956e+01,3.337138821897066787e+00
2.064304086881966072e+01,3.472166843436594874e+00
2.066304658473849543e+01,3.879345238343899549e+00
2.068305230065733014e+01,3.550166468478674453e+00
2.070305801657616485e+01,4.012380029305413487e+00
2.072306373249499956e+01,3.804349484321581709e+00
2.074306944841383427e+01,3.399033783297032318e+00
2.076307516433266898e+01,3.470419734372121923e+00
2.078308088025150369e+01,3.596533296002322189e+00
2.080308659617033484e+01,2.633611905242755569e+00
2.082309231208916955e+01,3.896497745481343422e+00
2.084309802800800071e+01,3.740007211873071391e+00
2.086310374392683542e+01,3.572805881652208360e+00
2.088310945984567013e+01,2.589223899403005902e+00
2.090311517576450484e+01,3.498624251181599920e+00
2.092312089168333955e+01,3.439674078918352862e+00
2.094312660760217426e+01,3.407656511863524251e+00
2.096313232352100897e+01,3.777285806351449171e+00
2.098313803943984013e+01,3.344728984146255080e+00
2.100314375535867484e+01,3.928739241751483036e+00
2.102314947127750600e+01,3.616393721294150598e+00
2.104315518719634071e+01,3.108625630360399406e+00
2.106316090311517542e+01,3.569311593604406418e+00
2.108316661903401013e+01,3.078842974546403433e+00
2.110317233495284484e+01,3.305877893210222407e+00
2.112317805087167955e+01,3.262542896491865463e+00
2.114318376679051426e+01,2.919074137143493619e+00
2.116318948270934541e+01,3.713194526814825647e+00
2.118319519862818012e+01,3.098353554168161939e+00
2.120320091454701483e+01,3.402825453464556560e+00
2.122320663046584599e+01,3.458998868806387961e+00
2.124321234638468070e+01,3.375848422374054358e+00
2.126321806230351541e+01,3.193894433981385284e+00
2.128322377822235012e+01,3.422347084777118020e+00
2.130322949414118483e+01,4.101955755917838786e+00
2.132323521006001954e+01,3.235289084228612388e+00
2.134324092597885425e+01,4.085373524509753551e+00
2.136324664189768541e+01,2.861468528474480522e+00
2.138325235781652012e+01,3.320230732100267090e+00
2.140325807373535127e+01,3.454432471481556632e+00
2.142326378965418598e+01,4.050188774979988082e+00
2.144326950557302069e+01,3.776454693558216391e+00
2.146327522149185540e+01,2.795407983974240285e+00
2.148328093741069011e+01,2.591116188334040782e+00
2.150328665332952482e+01,3.439298219733322171e+00
2.152329236924835953e+01,3.154410477351876629e+00
2.154329808516719069e+01,3.726868373770806819e+00
2.156330380108602540e+01,3.147853425501670799e+00
2.158330951700485656e+01,2.971271500985245950e+00
2.160331523292369127e+01,3.548782543144139989e+00
2.162332094884252598e+01,3.102308422071385685e+00
2.164332666476136069e+01,4.099093554815211427e+00
2.166333238068019540e+01,3.531268625401904337e+00
2.168333809659903011e+01,3.319899855339831340e+00
2.170334381251786482e+01,3.981545692777268552e+00
2.172334952843669598e+01,3.466368908836306328e+00
2.174335524435553069e+01,3.448604108545231917e+00
2.176336096027436540e+01,3.640117773062692574e+00
2.178336667619319655e+01,3.773384252918237980e+00
2.180337239211203126e+01,3.451742808277443508e+00
2.182337810803086597e+01,3.792769767361683364e+00
2.184338382394970068e+01,3.520963519903521632e+00
2.186338953986853539e+01,4.113372883191287244e+00
2.188339525578737010e+01,3.632464939114711022e+00
2.190340097170620481e+01,3.715685371305552653e+00
2.192340668762503597e+01,3.114070226721350032e+00
2.194341240354387068e+01,3.403490029041118081e+00
2.196341811946270184e+01,3.272254313279976401e+00
2.198342383538153655e+01,2.867510376542406814e+00
2.200342955130037126e+01,2.534497784235978379e+00
2.202343526721920597e+01,2.947886500849155045e+00
2.204344098313804068e+01,3.507972301209036914e+00
2.206344669905687539e+01,4.018039560261968290e+00
2.208345241497571010e+01,3.678710205256601196e+00
2.210345813089454126e+01,3.770018687946872227e+00
2.212346384681337597e+01,3.546708521367052391e+00
2.214346956273221068e+01,3.338565343651771045e+00
2.216347527865104183e+01,3.617662045751877109e+00
2.218348099456987654e+01,3.371014788088455560e+00
2.220348671048871125e+01,3.594507157499116090e+00
2.222349242640754596e+01,3.025657180776402555e+00
2.224349814232638067e+01,3.841036483110916500e+00
2.226350385824521538e+01,3.574006914732613893e+00
2.228350957416405009e+01,3.437904850219895891e+00
2.230351529008288125e+01,3.670323405987196086e+00
2.232352100600171596e+01,3.042735468027864876e+00
2.234352672192054712e+01,3.205157500587991759e+00
2.236353243783938183e+01,3.299728950407922135e+00
2.238353815375821654e+01,3.435959925243371238e+00
2.240354386967705125e+01,3.410646395163186906e+00
2.242354958559588596e+01,3.418289003748412824e+00
2.244355530151472067e+01,3.557542170265479697e+00
2.246356101743355538e+01,3.623017066566748490e+00
2.248356673335238654e+01,2.833954205738247190e+00
2.250357244927122125e+01,3.139427659893147649e+00
2.252357816519005240e+01,3.069828439236663264e+00
2.254358388110888711e+01,3.515509011301415132e+00
2.256358959702772182e+01,3.812205456531443826e+00
2.258359531294655653e+01,2.929722063888028138e+00
2.260360102886539124e+01,3.799902901713791525e+00
2.262360674478422595e+01,3.945276910638033652e+00
2.264361246070306066e+01,3.420312757052940800e+00
2.266361817662189182e+01,3.381890302902470502e+00
2.268362389254072653e+01,2.709816573648296867e+00
2.270362960845956124e+01,2.852753847451386715e+00
2.272363532437839240e+01,3.617609000786553786e+00
2.274364104029722711e+01,3.510507189289183039e+00
2.276364675621606182e+01,3.275364878786159561e+00
2.278365247213489653e+01,2.676854559199375760e+00
2.280365818805373124e+01,3.842669867496133485e+00
2.282366390397256595e+01,3.286009381764209536e+00
2.284366961989140066e+01,2.690310717659486706e+00
2.286367533581023181e+01,3.982896160795729834e+00
2.288368105172906652e+01,3.707876935534385687e+00
2.290368676764789768e+01,3.199409158914515050e+00
2.292369248356673239e+01,3.290795024307076488e+00
2.294369819948556710e+01,3.384546931940941139e+00
2.296370391540440181e+01,2.711345364565477922e+00
2.298370963132323652e+01,2.981493726094595509e+00
2.300371534724207123e+01,2.733541653943447614e+00
2.302372106316090594e+01,3.592052636864541348e+00
2.304372677907973710e+01,4.118814604648635580e+00
2.306373249499857181e+01,3.604144719930951979e+00
2.308373821091740652e+01,4.107733835838299541e+00
2.310374392683623768e+01,3.343703617849534737e+00
2.312374964275507239e+01,3.307165303361869757e+00
2.314375535867390710e+01,3.184144789542628473e+00
2.316376107459274181e+01,3.771443667033683056e+00
2.318376679051157652e+01,2.734454442820136055e+00
2.320377250643041123e+01,3.655735129423427487e+00
2.322377822234924594e+01,2.943394671454889089e+00
2.324378393826807709e+01,3.005956877657663284e+00
2.326378965418691180e+01,2.930831008478860245e+00
2.328379537010574296e+01,3.552088878062291677e+00
2.330380108602457767e+01,2.942316087057714302e+00
2.332380680194341238e+01,3.948268795566482581e+00
2.334381251786224709e+01,2.602691876055138742e+00
2.336381823378108180e+01,2.938428459811044835e+00
2.338382394969991651e+01,3.797409534753030336e+00
2.340382966561875122e+01,3.502589381900792276e+00
2.342383538153758238e+01,3.134110341480592865e+00
2.344384109745641709e+01,3.165711022067999814e+00
2.346384681337524825e+01,3.241498028106230223e+00
2.348385252929408296e+01,3.648683025896644061e+00
2.350385824521291767e+01,2.609081825431987411e+00
2.352386396113175238e+01,3.426843246561039891e+00
2.354386967705058709e+01,2.838322618571136324e+00
2.356387539296942180e+01,3.000899035060848430e+00
2.358388110888825651e+01,3.933416895579973094e+00
2.360388682480708766e+01,2.923229521470779080e+00
2.362389254072592237e+01,3.816286154690602839e+00
2.364389825664475708e+01,3.460395703945085888e+00
2.366390397256358824e+01,3.296205541837007758e+00
2.368390968848242295e+01,2.881572488446094482e+00
2.370391540440125766e+01,3.521362541981664762e+00
2.372392112032009237e+01,3.078865393850155563e+00
2.374392683623892708e+01,2.553316445437560311e+00
2.376393255215776179e+01,2.803103075604680416e+00
2.378393826807659650e+01,3.913450350248784293e+00
2.380394398399542766e+01,3.447991019426303261e+00
2.382394969991426237e+01,4.074900004789547836e+00
2.384395541583309353e+01,2.930033002781647244e+00
2.386396113175192824e+01,3.356025819598593252e+00
2.388396684767076295e+01,2.743272290796400004e+00
2.390397256358959766e+01,3.716224766817566749e+00
2.392397827950843237e+01,2.683475011987865866e+00
2.394398399542726708e+01,4.143572920662754733e+00
2.396398971134610179e+01,3.761477494520642395e+00
2.398399542726493294e+01,3.377064752625325017e+00
2.400400114318376765e+01,3.566636700342396438e+00
2.402400685910260236e+01,3.716758922107169738e+00
2.404401257502143352e+01,2.956933024296800383e+00
2.406401829094026823e+01,3.585617878782380252e+00
2.408402400685910294e+01,3.787336627849476223e+00
2.410402972277793765e+01,4.022726554953361955e+00
2.412403543869677236e+01,2.801127157639470511e+00
2.414404115461560707e+01,4.220225551466013414e+00
2.416404687053444178e+01,4.004482975153391244e+00
2.418405258645327294e+01,3.820438342043522617e+00
2.420405830237210765e+01,3.116360758633776040e+00
2.422406401829093880e+01,3.062079144596222768e+00
2.424406973420977351e+01,4.113287628534529006e+00
2.426407545012860822e+01,2.944426379280804085e+00
2.428408116604744293e+01,3.154757099372456963e+00
2.430408688196627764e+01,3.610854380650984741e+00
2.432409259788511235e+01,3.705414773960942654e+00
2.434409831380394706e+01,3.005561104935472017e+00
2.436410402972277822e+01,3.051678372353037627e+00
2.438410974564161293e+01,4.240577953496877939e+00
2.440411546156044409e+01,4.122270891157779893e+00
2.442412117747927880e+01,3.460316984742814572e+00
2.444412689339811351e+01,3.078857787527645051e+00
2.446413260931694822e+01,3.604828645309472002e+00
2.448413832523578293e+01,2.883242971946129884e+00
2.450414404115461764e+01,3.535654508949757968e+00
2.452414975707345235e+01,2.495597863225058166e+00
2.454415547299228351e+01,3.140017017405797972e+00
2.456416118891111822e+01,3.137817590198277884e+00
2.458416690482995293e+01,3.213554579137379630e+00
2.460417262074878408e+01,4.317827170539107584e+00
2.462417833666761879e+01,3.674440807223116057e+00
2.464418405258645350e+01,3.726533765818846433e+00
2.466418976850528821e+01,3.713704227615207465e+00
2.468419548442412292e+01,3.034443808723271019e+00
2.470420120034295763e+01,3.568642090663311173e+00
2.472420691626179234e+01,3.521582877216017593e+00
2.474421263218062350e+01,3.303807958461995931e+00
2.476421834809945821e+01,3.669933604102925351e+00
2.478422406401828937e+01,3.375711393204364086e+00
2.480422977993712408e+01,2.948348952810909473e+00
2.482423549585595879e+01,2.991537592557099501e+00
2.484424121177479350e+01,3.693946933057910442e+00
2.486424692769362821e+01,3.238788998714829503e+00
2.488425264361246292e+01,3.598320519970349629e+00
2.490425835953129763e+01,3.160640005806996555e+00
2.492426407545012879e+01,2.601745296565109555e+00
2.494426979136896350e+01,3.854489984341184172e+00
2.496427550728779821e+01,3.526907731490656506e+00
2.498428122320662936e+01,3.673971649172048437e+00
2.500428693912546407e+01,3.474564837179401788e+00
2.502429265504429878e+01,3.346366738351651549e+00
2.504429837096313349e+01,3.344951958866045683e+00
2.506430408688196820e+01,3.181587922415910263e+00
2.508430980280080291e+01,2.874611676922235404e+00
2.510431551871963762e+01,3.239854823146135931e+00
2.512432123463846878e+01,4.115988243914271649e+00
2.514432695055730349e+01,3.774626113930747096e+00
2.516433266647613465e+01,2.848681037113569126e+00
2.518433838239496936e+01,3.556232409873080424e+00
2.520434409831380407e+01,3.701693265178538805e+00
2.522434981423263878e+01,3.251605564316293329e+00
2.524435553015147349e+01,3.937266559088083095e+00
2.526436124607030820e+01,3.376978214625607766e+00
2.528436696198914291e+01,3.844622944134291842e+00
2.530437267790797407e+01,3.101855639919695484e+00
2.532437839382680878e+01,3.796529421454927888e+00
2.534438410974563993e+01,2.926383060535895364e+00
2.536438982566447464e+01,4.185536827746246580e+00
2.538439554158330935e+01,3.732376752713695289e+00
2.540440125750214406e+01,4.132999631652959138e+00
2.542440697342097877e+01,3.231267404537208510e+00
2.544441268933981348e+01,2.682843100235359657e+00
2.546441840525864819e+01,3.566666614177964156e+00
2.548442412117747935e+01,4.296078640355995404e+00
2.550442983709631406e+01,3.398386229144458870e+00
2.552443555301514877e+01,3.102322118214441815e+00
2.554444126893397993e+01,3.122656443320674491e+00
2.556444698485281464e+01,3.160812022204735783e+00
2.558445270077164935e+01,3.835854525199002829e+00
2.560445841669048406e+01,4.111126329095673881e+00
2.562446413260931877e+01,3.009171280157151962e+00
2.564446984852815348e+01,3.072818947902864473e+00
2.566447556444698819e+01,2.654947239004390891e+00
2.568448128036581934e+01,3.629218126767561614e+00
2.570448699628465405e+01,4.028543938844910244e+00
2.572449271220348521e+01,3.338995863456839963e+00
2.574449842812231992e+01,3.060857774506884788e+00
2.576450414404115463e+01,4.063249795315087454e+00
2.578450985995998934e+01,3.481239650501112948e+00
2.580451557587882405e+01,2.912029992337566320e+00
2.582452129179765876e+01,3.452936237471321057e+00
2.584452700771649347e+01,3.256312716679808705e+00
2.586453272363532463e+01,3.527888331086362683e+00
2.588453843955415934e+01,3.948737200829812721e+00
2.590454415547299405e+01,3.459398939362256620e+00
2.592454987139182521e+01,3.830369877467036055e+00
2.594455558731065992e+01,3.316111137111429130e+00
2.596456130322949463e+01,2.998766254297904776e+00
2.598456701914832934e+01,3.042128012237578893e+00
2.600457273506716405e+01,3.522801329678663329e+00
2.602457845098599520e+01,3.168877201163036617e+00
2.604458416690482991e+01,3.157833516109795013e+00
2.606458988282366462e+01,4.288546934505204078e+00
2.608459559874249933e+01,3.470157491331717026e+00
2.610460131466133404e+01,3.143672409335589446e+00
2.612460703058016520e+01,3.678390417445591254e+00
2.614461274649899991e+01,2.799250126566804830e+00
2.616461846241783462e+01,3.090582159231849424e+00
2.618462417833666933e+01,3.537858458406923923e+00
2.620462989425550404e+01,3.662928225441310026e+00
2.622463561017433520e+01,3.370752001665157316e+00
2.624464132609316991e+01,3.543550172885970184e+00
2.626464704201200462e+01,3.403028340973840216e+00
2.628465275793083933e+01,3.832915237461243851e+00
2.630465847384967049e+01,2.892859521587864968e+00
2.632466418976850520e+01,2.990124905338004790e+00
2.634466990568733991e+01,3.647042892875594688e+00
2.636467562160617462e+01,3.513267620642648748e+00
2.638468133752500933e+01,2.941692745526716557e+00
2.640468705344384048e+01,2.764178123264975362e+00
2.642469276936267519e+01,3.077639544636070923e+00
2.644469848528150990e+01,3.979550767554361101e+00
2.646470420120034461e+01,3.660707454504977143e+00
2.648470991711917932e+01,3.665264144249151812e+00
2.650471563303801048e+01,3.282246074302943128e+00
2.652472134895684519e+01,3.581048791317245517e+00
2.654472706487567990e+01,3.000925830580284170e+00
2.656473278079451461e+01,3.430339808356480447e+00
2.658473849671334932e+01,3.501517484136888125e+00
2.660474421263218048e+01,3.024041215557043749e+00
2.662474992855101519e+01,3.735139879985319489e+00
2.664475564446984990e+01,3.524502239002741177e+00
2.666476136038868461e+01,3.389704368791403688e+00
2.668476707630751577e+01,3.227365053673456607e+00
2.670477279222635048e+01,3.757958697082842470e+00
2.672477850814518519e+01,2.758052153501912240e+00
2.674478422406401990e+01,2.691481737877656322e+00
2.676478993998285461e+01,3.980751939185017907e+00
2.678479565590168576e+01,3.796677010713191081e+00
2.680480137182052047e+01,3.503685508546487970e+00
2.682480708773935518e+01,3.736673557494690989e+00
2.684481280365818989e+01,3.808919487285575833e+00
2.686481851957702460e+01,3.252979146630250895e+00
2.688482423549585576e+01,3.339542896464338106e+00
2.690482995141469047e+01,2.887118607073388077e+00
2.692483566733352518e+01,2.810287774850468878e+00
2.694484138325235989e+01,3.087886056305014115e+00
2.696484709917119105e+01,3.051455380572459575e+00
2.698485281509002576e+01,3.996634837300673482e+00
2.700485853100886047e+01,3.514199671554475657e+00
2.702486424692769518e+01,3.849543036788507067e+00
2.704486996284652989e+01,2.936916492435362791e+00
2.706487567876536104e+01,3.926237988272479384e+00
2.708488139468419575e+01,3.816849597279012407e+00
2.710488711060303046e+01,3.022442061542848890e+00
2.712489282652186517e+01,2.887663074632758065e+00
2.714489854244069988e+01,3.658829565185415689e+00
2.716490425835953104e+01,3.284142190856748300e+00
2.718490997427836575e+01,3.139490914891894580e+00
2.720491569019720046e+01,3.354787290990755899e+00
2.722492140611603517e+01,3.310991590910785209e+00
2.724492712203486633e+01,3.312182023584052892e+00
2.726493283795370104e+01,3.294096741504061399e+00
2.728493855387253575e+01,2.677861160093131243e+00
2.730494426979137046e+01,3.586434850100248095e+00
2.732494998571020517e+01,4.064886915666099831e+00
2.734495570162903633e+01,3.346660653614729419e+00
2.736496141754787104e+01,3.129191933796291902e+00
2.738496713346670575e+01,4.115619756496894155e+00
2.740497284938554046e+01,3.453934302733572270e+00
2.742497856530437517e+01,2.711243875229939704e+00
2.744498428122320632e+01,3.053574688851563135e+00
2.746498999714204103e+01,3.189408872787572680e+00
2.748499571306087574e+01,3.295270065500281564e+00
2.750500142897971045e+01,2.989090722503217279e+00
2.752500714489854516e+01,4.224424868757000517e+00
2.754501286081737632e+01,3.194569141706662396e+00
2.756501857673621103e+01,3.873146411718703774e+00
2.758502429265504574e+01,3.477244540681183604e+00
2.760503000857388045e+01,3.639193550543522893e+00
2.762503572449271161e+01,3.399686695834055694e+00
2.764504144041154632e+01,3.527732048319174307e+00
2.766504715633038103e+01,3.568167499552124422e+00
2.768505287224921574e+01,3.563995998462440973e+00
2.770505858816805045e+01,3.728734922797388940e+00
2.772506430408688161e+01,3.914404160579796343e+00
2.774507002000571632e+01,3.033263891581866378e+00
2.776507573592455103e+01,3.718264533434696872e+00
2.778508145184338574e+01,4.251608825848885331e+00
2.780508716776222045e+01,3.810607471729708706e+00
2.782509288368105160e+01,2.555113628872107245e+00
2.784509859959988631e+01,3.794478848440465679e+00
2.786510431551872102e+01,3.159596084936535654e+00
2.788511003143755573e+01,2.798610018111071795e+00
2.790511574735638689e+01,3.388297766408590483e+00
2.792512146327522160e+01,4.037369541424276065e+00
2.794512717919405631e+01,4.013355761705015290e+00
2.796513289511289102e+01,3.804950429743618301e+00
2.798513861103172573e+01,3.005212920256984610e+00
2.800514432695055689e+01,3.396967892994974036e+00
2.802515004286939160e+01,3.859634331047554046e+00
2.804515575878822631e+01,3.126264309983182610e+00
2.806516147470706102e+01,3.144799275736870126e+00
2.808516719062589573e+01,3.699221761711619649e+00
2.810517290654472689e+01,3.873789217788108807e+00
2.812517862246356160e+01,3.848398539424087161e+00
2.814518433838239631e+01,2.976922109544092088e+00
2.816519005430123102e+01,2.653307681407898855e+00
2.818519577022006217e+01,2.681698057335599739e+00
2.820520148613889688e+01,3.582671633652350529e+00
2.822520720205773159e+01,2.929656824181600783e+00
2.824521291797656630e+01,2.898164789192061441e+00
2.826521863389540101e+01,2.511491534610502896e+00
2.828522434981423217e+01,3.387578148276178869e+00
2.830523006573306688e+01,3.149382397079788731e+00
2.832523578165190159e+01,4.165243295607101714e+00
2.834524149757073630e+01,3.780001585393117480e+00
2.836524721348957101e+01,3.511975692511036584e+00
2.838525292940840217e+01,3.713426282634602948e+00
2.840525864532723688e+01,3.887804576414019664e+00
2.842526436124607159e+01,3.464034463318497625e+00
2.844527007716490630e+01,3.025697404837035531e+00
2.846527579308374101e+01,3.024949204523842639e+00
2.848528150900257216e+01,3.055090873734933155e+00
2.850528722492140687e+01,3.194590318978306698e+00
2.852529294084024158e+01,3.847445384389017065e+00
2.854529865675907629e+01,2.963685039854323744e+00
2.856530437267790745e+01,3.781755276651616260e+00
2.858531008859674216e+01,4.152279908713695455e+00
2.860531580451557687e+01,2.996347117974146101e+00
2.862532152043441158e+01,3.330485867157810809e+00
2.864532723635324629e+01,3.393380411310330746e+00
2.866533295227207745e+01,3.316121652330450864e+00
2.868533866819091216e+01,3.223949491908379539e+00
2.870534438410974687e+01,3.899718505029239335e+00
2.872535010002858158e+01,3.424751312678987691e+00
2.874535581594741629e+01,3.785657147725789429e+00
2.876536153186624745e+01,3.671507662097540869e+00
2.878536724778508216e+01,3.949685646398550354e+00
2.880537296370391687e+01,3.566861361322700485e+00
2.882537867962275158e+01,3.478060314549379139e+00
2.884538439554158273e+01,3.042467209537523143e+00
2.886539011146041744e+01,3.015468878675619191e+00
2.888539582737925215e+01,3.309977666248301809e+00
2.890540154329808686e+01,4.120580842347310480e+00
2.892540725921692157e+01,3.500459079278661179e+00
2.894541297513575273e+01,3.430899319097191924e+00
2.896541869105458744e+01,2.737687001087467653e+00
2.898542440697342215e+01,3.565344565197392512e+00
2.900543012289225686e+01,3.237593502275191604e+00
2.902543583881109157e+01,3.585491650972986832e+00
2.904544155472992273e+01,3.999720977956478407e+00
2.906544727064875744e+01,4.157502911854538574e+00
2.908545298656759215e+01,3.786491989660603075e+00
2.910545870248642686e+01,3.775678003744046496e+00
2.912546441840525802e+01,3.437079467103310915e+00
2.914547013432409273e+01,3.002604601444985200e+00
2.916547585024292744e+01,3.642896571364327762e+00
2.918548156616176215e+01,3.454004575453346604e+00
2.920548728208059686e+01,3.870167378270827463e+00
2.922549299799942801e+01,3.445905716345714964e+00
2.924549871391826272e+01,3.738159699848677242e+00
2.926550442983709743e+01,3.822154743342716543e+00
2.928551014575593214e+01,4.160628153939273766e+00
2.930551586167476685e+01,3.401266194886884975e+00
2.932552157759359801e+01,2.868416062168971159e+00
2.934552729351243272e+01,3.972427125993603703e+00
2.936553300943126743e+01,3.352728301094896501e+00
2.938553872535010214e+01,2.754768973945856736e+00
2.940554444126893330e+01,3.584177965326540871e+00
2.942555015718776801e+01,3.969670207988530208e+00
2.944555587310660272e+01,3.543223343288835370e+00
2.946556158902543743e+01,3.866125345112855438e+00
2.948556730494427214e+01,3.669427351331485010e+00
2.950557302086310330e+01,3.809944968331252735e+00
2.952557873678193801e+01,3.696964298880143218e+00
2.954558445270077272e+01,3.145174820227844670e+00
2.956559016861960743e+01,3.427507313961147162e+00
2.958559588453844214e+01,3.401932022388173493e+00
2.960560160045727329e+01,3.606291132343554917e+00
2.962560731637610800e+01,2.844807468990434796e+00
2.964561303229494271e+01,3.263252633542550907e+00
2.966561874821377742e+01,3.574758117028997262e+00
2.968562446413261213e+01,3.256783737782951604e+00
2.970563018005144329e+01,4.170850202650707494e+00
2.972563589597027800e+01,4.075607799470864379e+00
2.974564161188911271e+01,2.945842219001874263e+00
2.976564732780794742e+01,3.651805264847356902e+00
2.978565304372677858e+01,2.986357342271256154e+00
2.980565875964561329e+01,3.360924711066781256e+00
2.982566447556444800e+01,3.172382612373259914e+00
2.984567019148328271e+01,3.963415389377117570e+00
2.986567590740211742e+01,4.450823907386881828e+00
2.988568162332094857e+01,3.587575778020981598e+00
2.990568733923978328e+01,3.579798432082654358e+00
2.992569305515861799e+01,3.402398273324124922e+00
2.994569877107745270e+01,3.864896212335086290e+00
2.996570448699628741e+01,4.222802433576395842e+00
2.998571020291511857e+01,4.239993663608402130e+00
3.000571591883395328e+01,3.062686973804670032e+00
3.002572163475278799e+01,4.346378166709886415e+00
3.004572735067162270e+01,3.552382574761974166e+00
3.006573306659045386e+01,3.913004928597958010e+00
3.008573878250928857e+01,3.615652219617253138e+00
3.010574449842812328e+01,3.505324103306210581e+00
3.012575021434695799e+01,2.625211542404581877e+00
3.014575593026579270e+01,3.794982695583892340e+00
3.016576164618462386e+01,4.080662509616590050e+00
3.018576736210345857e+01,3.165973601099207446e+00
3.020577307802229328e+01,3.333646668371565092e+00
3.022577879394112799e+01,3.565507104734465749e+00
3.024578450985996270e+01,3.716929941828642114e+00
3.026579022577879385e+01,3.627244592434974102e+00
3.028579594169762856e+01,3.843311572045712055e+00
3.030580165761646327e+01,3.264671321953883432e+00
3.032580737353529798e+01,3.323856095707857783e+00
3.034581308945412914e+01,3.216587219937203646e+00
3.036581880537296385e+01,3.495429927383251645e+00
3.038582452129179856e+01,3.381961434932239996e+00
3.040583023721063327e+01,3.704890937883828173e+00
3.042583595312946798e+01,3.606306131565892414e+00
3.044584166904829914e+01,3.610480017178435030e+00
3.046584738496713385e+01,3.570828603693458003e+00
3.048585310088596856e+01,3.434808715101028476e+00
3.050585881680480327e+01,2.906015159278494409e+00
3.052586453272363798e+01,4.059731774049586406e+00
3.054587024864246914e+01,3.300451185619145633e+00
3.056587596456130385e+01,3.888536397201012740e+00
3.058588168048013856e+01,3.237077919789834723e+00
3.060588739639897327e+01,3.648002585737318171e+00
3.062589311231780798e+01,4.438892874797489618e+00
3.064589882823663913e+01,3.439506380398805518e+00
3.066590454415547384e+01,3.209431960662659122e+00
3.068591026007430855e+01,3.418886416124392813e+00
3.070591597599314326e+01,4.050297874013333299e+00
3.072592169191197442e+01,3.004926335031612439e+00
3.074592740783080913e+01,4.113793348320314180e+00
3.076593312374964384e+01,4.008043347084107921e+00
3.078593883966847855e+01,3.587512244993815713e+00
3.080594455558731326e+01,3.545744376813422249e+00
3.082595027150614442e+01,3.594101151529389693e+00
3.084595598742497913e+01,4.404811302186463884e+00
3.086596170334381384e+01,3.544991762787788048e+00
3.088596741926264855e+01,3.535249701705962533e+00
3.090597313518148326e+01,4.149505436814342474e+00
3.092597885110031442e+01,3.226593924026051496e+00
3.094598456701914913e+01,3.780990286360497610e+00
3.096599028293798384e+01,3.750883356177510564e+00
3.098599599885681855e+01,3.346957732706352218e+00
3.100600171477564970e+01,3.502168036091666714e+00
3.102600743069448441e+01,3.472051394969306148e+00
3.104601314661331912e+01,3.609905749485890603e+00
3.106601886253215383e+01,4.129506868632590866e+00
3.108602457845098854e+01,3.891989158904236579e+00
3.110603029436981970e+01,3.623493124737498405e+00
3.112603601028865441e+01,2.918384899800477328e+00
3.114604172620748912e+01,3.484575783680050165e+00
3.116604744212632383e+01,4.015735400801608179e+00
3.118605315804515854e+01,3.206582772099516365e+00
3.120605887396398970e+01,3.436983013489028682e+00
3.122606458988282441e+01,2.901059077455213853e+00
3.124607030580165912e+01,4.070029330546850233e+00
3.126607602172049383e+01,3.126186306533189185e+00
3.128608173763932498e+01,3.026312378034972994e+00
3.130608745355815969e+01,3.470559072553929703e+00
3.132609316947699440e+01,2.934499522050165954e+00
3.134609888539582911e+01,3.789991063617278222e+00
3.136610460131466382e+01,3.363643552240110246e+00
3.138611031723349498e+01,3.717738840495499630e+00
3.140611603315232969e+01,3.367885078990551229e+00
3.142612174907116440e+01,3.921544369222409010e+00
3.144612746498999911e+01,3.484333614101326582e+00
3.146613318090883382e+01,3.886222381090343347e+00
3.148613889682766498e+01,3.198030855457584032e+00
3.150614461274649969e+01,3.623227789050703862e+00
3.152615032866533440e+01,3.674821480629660631e+00
3.154615604458416911e+01,4.218341733754753520e+00
3.156616176050300382e+01,3.343965965711139354e+00
3.158616747642183498e+01,3.255323626519287306e+00
3.160617319234066969e+01,4.021268673739553989e+00
3.162617890825950440e+01,3.414643953636353757e+00
3.164618462417833911e+01,3.837787036206949942e+00
3.166619034009717026e+01,3.865388471762394751e+00
3.168619605601600497e+01,3.297297496854823429e+00
3.170620177193483968e+01,3.255685486272374529e+00
3.172620748785367439e+01,4.266810995098404113e+00
3.174621320377250910e+01,3.149939415584168678e+00
3.176621891969134026e+01,3.612070241795760861e+00
3.178622463561017497e+01,4.427192637083733118e+00
3.180623035152900968e+01,3.319055365793493806e+00
3.182623606744784439e+01,3.606344078760387095e+00
3.184624178336667910e+01,3.690344223572319393e+00
3.186624749928551026e+01,4.060661203434693611e+00
3.188625321520434497e+01,3.985038354011919637e+00
3.190625893112317968e+01,4.305349083210860961e+00
3.192626464704201439e+01,4.546070027858539753e+00
3.194627036296084555e+01,3.649942004510843940e+00
3.196627607887968026e+01,4.245282186871591534e+00
3.198628179479851497e+01,4.291229668397220642e+00
3.200628751071734968e+01,2.996457703605659439e+00
3.202629322663618439e+01,3.592301851787815803e+00
3.204629894255501199e+01,3.051977593003566191e+00
3.206630465847385381e+01,4.064821310195156912e+00
3.208631037439268141e+01,4.173475831953860293e+00
3.210631609031152323e+01,3.881332888644957624e+00
3.212632180623035083e+01,3.545170072124213423e+00
3.214632752214918554e+01,3.815711068669380257e+00
3.216633323806802025e+01,4.012452730445697391e+00
3.218633895398685496e+01,4.208589473785769641e+00
3.220634466990568967e+01,4.139539548781957734e+00
3.222635038582451728e+01,4.058903005872672942e+00
3.224635610174335909e+01,3.273095376827648728e+00
3.226636181766218670e+01,4.275544449727322061e+00
3.228636753358102851e+01,3.711316314592370880e+00
3.230637324949985612e+01,4.099381662584529629e+00
3.232637896541869083e+01,3.991939531591887746e+00
3.234638468133752554e+01,4.538008430774079116e+00
3.236639039725636025e+01,3.322426297922994820e+00
3.238639611317519496e+01,4.317711648171941086e+00
3.240640182909402967e+01,4.377115303693440040e+00
3.242640754501286438e+01,3.963928746228031930e+00
3.244641326093169198e+01,4.006888570994409982e+00
3.246641897685053380e+01,4.113341452970296963e+00
3.248642469276936140e+01,3.506975613705873407e+00
3.250643040868819611e+01,4.350762291098505763e+00
3.252643612460703082e+01,3.980526979625085282e+00
3.254644184052586553e+01,3.868346313103355083e+00
3.256644755644470024e+01,3.865013938396898219e+00
3.258645327236353495e+01,4.402408614391144503e+00
3.260645898828236966e+01,4.903572491017893498e+00
3.262646470420119726e+01,4.087814588660979354e+00
3.264647042012003908e+01,4.096008716149301065e+00
3.266647613603886668e+01,3.851349099291657474e+00
3.268648185195770850e+01,4.126967664079877807e+00
3.270648756787653610e+01,4.960672531997332158e+00
3.272649328379537081e+01,4.839883476465638878e+00
3.274649899971420552e+01,4.377941649352946385e+00
3.276650471563304023e+01,4.721926748199317458e+00
3.278651043155187494e+01,4.178901586781534228e+00
3.280651614747070255e+01,4.315091097487777638e+00
3.282652186338954436e+01,3.971419818214192876e+00
3.284652757930837197e+01,3.804235686048496490e+00
3.286653329522721378e+01,4.376768193383091088e+00
3.288653901114604139e+01,4.894515242054217730e+00
3.290654472706487610e+01,4.396176463645714350e+00
3.292655044298371081e+01,3.907023930363597408e+00
3.294655615890254552e+01,3.991054362061587923e+00
3.296656187482138023e+01,4.729654943511200749e+00
3.298656759074020783e+01,4.838927381132920758e+00
3.300657330665904965e+01,4.503856789389466542e+00
3.302657902257787725e+01,4.257280560669125080e+00
3.304658473849671907e+01,5.048398995699503011e+00
3.306659045441554667e+01,4.763433029075795133e+00
3.308659617033438138e+01,4.205659833732834585e+00
3.310660188625321609e+01,5.488902830342111905e+00
3.312660760217205080e+01,4.183219127907026547e+00
3.314661331809088551e+01,4.882669421697048762e+00
3.316661903400971312e+01,4.808391727470868737e+00
3.318662474992855493e+01,4.929369557791823730e+00
3.320663046584738254e+01,4.864687402287085405e+00
3.322663618176622435e+01,4.773232785749859985e+00
3.324664189768505196e+01,4.626355239556155574e+00
3.326664761360388667e+01,4.696511258479159068e+00
3.328665332952272138e+01,5.498935984807980404e+00
3.330665904544155609e+01,5.087386790904842471e+00
3.332666476136039080e+01,4.903652771673083777e+00
3.334667047727922551e+01,4.899610511365583676e+00
3.336667619319806022e+01,5.715665837372313263e+00
3.338668190911688782e+01,5.638868971593030466e+00
3.340668762503572964e+01,5.238241707385976831e+00
3.342669334095455724e+01,5.946623129110536254e+00
3.344669905687339195e+01,5.134955516068956172e+00
3.346670477279222666e+01,5.671888695191022123e+00
3.348671048871106137e+01,6.061916263821994555e+00
3.350671620462989608e+01,5.500597260230895458e+00
3.352672192054873079e+01,6.364086297639932610e+00
3.354672763646756550e+01,5.593076926473514732e+00
3.356673335238639311e+01,6.511373412044167530e+00
3.358673906830523492e+01,6.616782396612530981e+00
3.360674478422406253e+01,5.997385791923174558e+00
3.362675050014290434e+01,6.104104106770993354e+00
3.364675621606173195e+01,7.147508537546402252e+00
3.366676193198056666e+01,6.348265380204049180e+00
3.368676764789940137e+01,6.348729928407765399e+00
3.370677336381823608e+01,7.463440749568002630e+00
3.372677907973707079e+01,7.733955932267525313e+00
3.374678479565589839e+01,7.324782131631403459e+00
3.376679051157474021e+01,6.911212551181398211e+00
3.378679622749356781e+01,7.651391398094794738e+00
3.380680194341240963e+01,7.484896584526140373e+00
3.382680765933123723e+01,8.135579464469040900e+00
3.384681337525007194e+01,8.007852823930740271e+00
3.386681909116890665e+01,9.332864473151822438e+00
3.388682480708774136e+01,8.532123222710612964e+00
3.390683052300657607e+01,8.936430872672612935e+00
3.392683623892540368e+01,1.011579160766826391e+01
3.394684195484424549e+01,1.023052019853565575e+01
3.396684767076307310e+01,1.050055232285655116e+01
3.398685338668191491e+01,1.074347192018928610e+01
3.400685910260074252e+01,1.083457358271690296e+01
3.402686481851957723e+01,1.162220034866262175e+01
3.404687053443841194e+01,1.235373987943986052e+01
3.406687625035724665e+01,1.307489633130346363e+01
3.408688196627608136e+01,1.444704958577150578e+01
3.410688768219490896e+01,1.442289159946558463e+01
3.412689339811375078e+01,1.546785136832479068e+01
3.414689911403257838e+01,1.623783100639558796e+01
3.416690482995142020e+01,1.634472866004552571e+01
3.418691054587024780e+01,1.785047502914782314e+01
3.420691626178908251e+01,1.854796961645805453e+01
3.422692197770791722e+01,1.994078400375508764e+01
3.424692769362675193e+01,2.136674781656972755e+01
3.426693340954558664e+01,2.314990345880903888e+01
3.428693912546442135e+01,2.376613695803741066e+01
3.430694484138325606e+01,2.585306149216648208e+01
3.432695055730208367e+01,2.797885560226954382e+01
3.434695627322092548e+01,2.899556556277929076e+01
3.436696198913975309e+01,3.022226922129615190e+01
3.438696770505858780e+01,3.298249488037421884e+01
3.440697342097742251e+01,3.434038664472370783e+01
3.442697913689625722e+01,3.792444786805182844e+01
3.444698485281509193e+01,4.036572142416898856e+01
3.446699056873392664e+01,4.160018883097076525e+01
3.448699628465276135e+01,4.383786313714408323e+01
3.450700200057158895e+01,4.689819975673869124e+01
3.452700771649043077e+01,5.028328392466193719e+01
3.454701343240925837e+01,5.337374788142534499e+01
3.456701914832810019e+01,5.547237318032417619e+01
3.458702486424692779e+01,5.825799110988246809e+01
3.460703058016576250e+01,6.162391829642655949e+01
3.462703629608459721e+01,6.523937879511012738e+01
3.464704201200343192e+01,6.772913837510056112e+01
3.466704772792226663e+01,7.099899934431030601e+01
3.468705344384109424e+01,7.390283454425285470e+01
3.470705915975993605e+01,7.766271595363268432e+01
3.472706487567876366e+01,8.018115590435701279e+01
3.474707059159760547e+01,8.258442677213690786e+01
3.476707630751643308e+01,8.440613925525474315e+01
3.478708202343526779e+01,8.853072586386996079e+01
3.480708773935410250e+01,9.012030561935421247e+01
3.482709345527293721e+01,9.166704397439249874e+01
3.484709917119177192e+01,9.377939686940334241e+01
3.486710488711059952e+01,9.433600295287499193e+01
3.488711060302944134e+01,9.542495717095596319e+01
3.490711631894826894e+01,9.594336071972070101e+01
3.492712203486711076e+01,9.584994403109361372e+01
3.494712775078593836e+01,9.441829190453215404e+01
3.496713346670477307e+01,9.352626113095462301e+01
3.498713918262360778e+01,9.088711579124525031e+01
3.500714489854244249e+01,8.892655641625461271e+01
3.502715061446127720e+01,8.534090702115497606e+01
3.504715633038010481e+01,8.165224117467298015e+01
3.506716204629894662e+01,7.768422754645898465e+01
3.508716776221777423e+01,7.301950332500082652e+01
3.510717347813661604e+01,6.826794937177004385e+01
3.512717919405544365e+01,6.319690102120011943e+01
3.514718490997427836e+01,5.847889997083716196e+01
3.516719062589311307e+01,5.342591901846881797e+01
3.518719634181194778e+01,4.913534638499154994e+01
3.520720205773078249e+01,4.388184453445047950e+01
3.522720777364961720e+01,4.024514212328202234e+01
3.524721348956845191e+01,3.647385205820766885e+01
3.526721920548727951e+01,3.278092282870406393e+01
3.528722492140612133e+01,3.004520829764049239e+01
3.530723063732494893e+01,2.653248977590511615e+01
3.532723635324378364e+01,2.495828702221702855e+01
3.534724206916261835e+01,2.277990677050044610e+01
3.536724778508145306e+01,2.105576633421273769e+01
3.538725350100028777e+01,1.905622320409648296e+01
3.540725921691912248e+01,1.730307807356347993e+01
3.542726493283795719e+01,1.683236057605422076e+01
3.544727064875678479e+01,1.557150950560950520e+01
3.546727636467562661e+01,1.445785161528317886e+01
3.548728208059445421e+01,1.429927310052935852e+01
3.550728779651329603e+01,1.345430519970795658e+01
3.552729351243212363e+01,1.179099590314734947e+01
3.554729922835095834e+01,1.158230292344925871e+01
3.556730494426979305e+01,1.157047646837387767e+01
3.558731066018862776e+01,1.051439115172101246e+01
3.560731637610746247e+01,1.003808559199595507e+01
3.562732209202629008e+01,1.003971759565759037e+01
3.564732780794513189e+01,9.371123611514114771e+00
3.566733352386395950e+01,9.739020002023599076e+00
3.568733923978280131e+01,8.816943036012240498e+00
3.570734495570162892e+01,8.115796892998751844e+00
3.572735067162046363e+01,7.911168486474125849e+00
3.574735638753929834e+01,8.749881061511256775e+00
3.576736210345813305e+01,7.535776224084616004e+00
3.578736781937696776e+01,7.950991453473306159e+00
3.580737353529579536e+01,7.546595419417511330e+00
3.582737925121463718e+01,7.843845653497049319e+00
3.584738496713346478e+01,7.108178065770152543e+00
3.586739068305230660e+01,6.844832631158698888e+00
3.588739639897113420e+01,6.889236897393862691e+00
3.590740211488996891e+01,6.879734527806522060e+00
3.592740783080880362e+01,6.826692630133194939e+00
3.594741354672763833e+01,7.261946431927659873e+00
3.596741926264647304e+01,6.965391263308237768e+00
3.598742497856530065e+01,6.480722926945925444e+00
3.600743069448414246e+01,5.930260908064899361e+00
3.602743641040297007e+01,6.624260960172846602e+00
3.604744212632181188e+01,5.725445754846795410e+00
3.606744784224063949e+01,6.047706111961729469e+00
3.608745355815947420e+01,6.177095503869686866e+00
3.610745927407830891e+01,5.925153761896183369e+00
3.612746498999714362e+01,5.184351991309310570e+00
3.614747070591597833e+01,6.197344598534470173e+00
3.616747642183481304e+01,5.888605237583281138e+00
3.618748213775364775e+01,6.083002436535037916e+00
3.620748785367247535e+01,5.869374649380779019e+00
3.622749356959131717e+01,5.565628161735762802e+00
3.624749928551014477e+01,5.104018505768094904e+00
3.626750500142897948e+01,4.902515481415471221e+00
3.628751071734781419e+01,5.199056078944241932e+00
3.630751643326664890e+01,5.259145299652745464e+00
3.632752214918548361e+01,4.711178411715013503e+00
3.634752786510431832e+01,5.565209468799636738e+00
3.636753358102315303e+01,5.211865923503664177e+00
3.638753929694198064e+01,4.977035237199175732e+00
3.640754501286082245e+01,4.775300611828170005e+00
3.642755072877965006e+01,4.584017373726177347e+00
3.644755644469849187e+01,4.475958329415123949e+00
3.646756216061731948e+01,4.744308090274176770e+00
3.648756787653615419e+01,4.834094342767422781e+00
3.650757359245498890e+01,5.014396925220184542e+00
3.652757930837382361e+01,4.632814422288383582e+00
3.654758502429265832e+01,4.828331036218530770e+00
3.656759074021148592e+01,4.591679060187733086e+00
3.658759645613032774e+01,4.825388283763034636e+00
3.660760217204915534e+01,4.390422036437936271e+00
3.662760788796799716e+01,4.559598002969230457e+00
3.664761360388682476e+01,4.033953352674983783e+00
3.666761931980565947e+01,4.821078115798577812e+00
3.668762503572449418e+01,4.359620991290244163e+00
3.670763075164332889e+01,4.469418155695008110e+00
3.672763646756216360e+01,4.842672527361582269e+00
3.674764218348099121e+01,3.687653747992543529e+00
3.676764789939983302e+01,4.395298347361607405e+00
3.678765361531866063e+01,4.268441775584067344e+00
3.680765933123750244e+01,4.139988728228486181e+00
3.682766504715633005e+01,4.267529105588364402e+00
3.684767076307516476e+01,5.110736822550843605e+00
3.686767647899399947e+01,4.536050971260086051e+00
3.688768219491283418e+01,3.797437081602567766e+00
3.690768791083166889e+01,4.925497989924654263e+00
3.692769362675049649e+01,4.661964576599022081e+00
3.694769934266933831e+01,4.112314432448341606e+00
3.696770505858816591e+01,3.675810042551150403e+00
3.698771077450700773e+01,3.847391759992619065e+00
3.700771649042583533e+01,5.101460014260020159e+00
3.702772220634467004e+01,3.645807749958359434e+00
3.704772792226350475e+01,3.607903910718680329e+00
3.706773363818233946e+01,3.993656625881675915e+00
3.708773935410117417e+01,4.767198019452365543e+00
3.710774507002000888e+01,4.004502945275508097e+00
3.712775078593884359e+01,4.677573434045441125e+00
3.714775650185767120e+01,4.487647350408264124e+00
3.716776221777651301e+01,4.473384234528518633e+00
3.718776793369534062e+01,4.131543076639337286e+00
3.720777364961417533e+01,3.890643005454449188e+00
3.722777936553301004e+01,5.102839216786593468e+00
3.724778508145184475e+01,3.779358534895523647e+00
3.726779079737067946e+01,4.434966467635628184e+00
3.728779651328951417e+01,4.351318321194705518e+00
3.730780222920834888e+01,4.282191990263170212e+00
3.732780794512717648e+01,3.240062557871316251e+00
3.734781366104601830e+01,4.331020185398260836e+00
3.736781937696484590e+01,3.908502282100950964e+00
3.738782509288368772e+01,4.329650514024798724e+00
3.740783080880251532e+01,4.505851450515986123e+00
3.742783652472135003e+01,3.813003744818519003e+00
3.744784224064018474e+01,3.807397881143151253e+00
3.746784795655901945e+01,3.484922008885683375e+00
3.748785367247785416e+01,3.927790110383023947e+00
3.750785938839668177e+01,4.261698655880088005e+00
3.752786510431552358e+01,4.463468630014446603e+00
3.754787082023435119e+01,3.757678050910722156e+00
3.756787653615319300e+01,3.909794552358266451e+00
3.758788225207202061e+01,4.136145247278129489e+00
3.760788796799085532e+01,3.308938120204220290e+00
3.762789368390969003e+01,3.681590763776218633e+00
3.764789939982852474e+01,4.462782720403705383e+00
3.766790511574735945e+01,3.955504375943611706e+00
3.768791083166618705e+01,4.757066470543104053e+00
3.770791654758502887e+01,3.913965411340775802e+00
3.772792226350385647e+01,4.406728439804653341e+00
3.774792797942269829e+01,3.740415815573209013e+00
3.776793369534152589e+01,4.038548221896135715e+00
3.778793941126036060e+01,4.570753855042877234e+00
3.780794512717919531e+01,4.427605842694562810e+00
3.782795084309803002e+01,3.262256380929762667e+00
3.784795655901686473e+01,3.640742583910589136e+00
3.786796227493569234e+01,4.254665750233216137e+00
3.788796799085453415e+01,4.445433613894982372e+00
3.790797370677336176e+01,3.871604638995026715e+00
3.792797942269220357e+01,3.935837812195972951e+00
3.794798513861103118e+01,4.210325370460936689e+00
3.796799085452986589e+01,4.891349933966422370e+00
3.798799657044870060e+01,3.592834296471594246e+00
3.800800228636753531e+01,4.189471674667366585e+00
3.802800800228637002e+01,4.005937476319601842e+00
3.804801371820520473e+01,3.423738606162030962e+00
3.806801943412403944e+01,4.449283507240163971e+00
3.808802515004286704e+01,3.678882930572983767e+00
3.810803086596170886e+01,4.470086987189912264e+00
3.812803658188053646e+01,4.544838385669793368e+00
3.814804229779937117e+01,3.622000388190854014e+00
3.816804801371820588e+01,4.165876651953201559e+00
3.818805372963704059e+01,3.818696283369107825e+00
3.820805944555587530e+01,4.555864227783925635e+00
3.822806516147471001e+01,4.761609484033950679e+00
3.824807087739354472e+01,3.749990228130921643e+00
3.826807659331237232e+01,4.120434231919415602e+00
3.828808230923121414e+01,4.116055216045104714e+00
3.830808802515004174e+01,4.857538075553338608e+00
3.832809374106888356e+01,4.148290625332098358e+00
3.834809945698771116e+01,4.705136785435609426e+00
3.836810517290654587e+01,3.401978769789480772e+00
3.838811088882538058e+01,4.290526955474148529e+00
3.840811660474421529e+01,4.159858260322916834e+00
3.842812232066305000e+01,4.003654842903809907e+00
3.844812803658187761e+01,4.516004252322058932e+00
3.846813375250071942e+01,4.311282779755774897e+00
3.848813946841954703e+01,4.524351124271591473e+00
3.850814518433838884e+01,3.865350447115473820e+00
3.852815090025721645e+01,4.655668815642753700e+00
3.854815661617605116e+01,4.534755150802130430e+00
3.856816233209488587e+01,5.099708040767467310e+00
3.858816804801372058e+01,4.472667940810262088e+00
3.860817376393255529e+01,4.210981731020956076e+00
3.862817947985138289e+01,4.749331833553520177e+00
3.864818519577022471e+01,4.234749937138312603e+00
3.866819091168905231e+01,4.976821846875079558e+00
3.868819662760789413e+01,4.107955123183627322e+00
3.870820234352672173e+01,3.774666552024656507e+00
3.872820805944555644e+01,3.691888558965578326e+00
3.874821377536439115e+01,3.455278432270111555e+00
3.876821949128322586e+01,5.215747911189807517e+00
3.878822520720206057e+01,4.482380698115900231e+00
3.880823092312088818e+01,4.397399662970704171e+00
3.882823663903972999e+01,4.713531964310872624e+00
3.884824235495855760e+01,4.638007366866377268e+00
3.886824807087739941e+01,3.674003916179661822e+00
3.888825378679622702e+01,4.204936626583584136e+00
3.890825950271506173e+01,4.692815192718672535e+00
3.892826521863389644e+01,4.733654607672276526e+00
3.894827093455273115e+01,4.129291647159952561e+00
3.896827665047156586e+01,4.921963683637901710e+00
3.898828236639040057e+01,4.827832384677853916e+00
3.900828808230923528e+01,4.026116436213301952e+00
3.902829379822806288e+01,4.445487758513204213e+00
3.904829951414690470e+01,4.862284233552008672e+00
3.906830523006573230e+01,5.165440965379056948e+00
3.908831094598456701e+01,5.678868038094734061e+00
3.910831666190340172e+01,4.809578405439403070e+00
3.912832237782223643e+01,4.561174211751541918e+00
3.914832809374107114e+01,4.912872660251734303e+00
3.916833380965990585e+01,5.363293023133615556e+00
3.918833952557874056e+01,4.409962365439598742e+00
3.920834524149756817e+01,5.445939112119633663e+00
3.922835095741640998e+01,4.527149077194706273e+00
3.924835667333523759e+01,4.756359114368333252e+00
3.926836238925407940e+01,5.400771197132581136e+00
3.928836810517290701e+01,5.163912296984126016e+00
3.930837382109174172e+01,5.521668633466200404e+00
3.932837953701057643e+01,5.529678540776565399e+00
3.934838525292941114e+01,5.587562661576860989e+00
3.936839096884824585e+01,5.520873136904204337e+00
3.938839668476707345e+01,5.361184391506864877e+00
3.940840240068591527e+01,5.648755495190204812e+00
3.942840811660474287e+01,5.348942080033594060e+00
3.944841383252358469e+01,5.751691820363044272e+00
3.946841954844241229e+01,5.936789038752195324e+00
3.948842526436124700e+01,6.133118264794320318e+00
3.950843098028008171e+01,5.624826266886811865e+00
3.952843669619891642e+01,6.220227511997409309e+00
3.954844241211775113e+01,6.641975140902840913e+00
3.956844812803657874e+01,6.240893861534022591e+00
3.958845384395542055e+01,6.340212665800128988e+00
3.960845955987424816e+01,7.223848011649010914e+00
3.962846527579308997e+01,7.271409798341970543e+00
3.964847099171191758e+01,7.487274873825796817e+00
3.966847670763075229e+01,7.361261872768947612e+00
3.968848242354958700e+01,7.457938838368178835e+00
3.970848813946842171e+01,8.569846240219998634e+00
3.972849385538725642e+01,8.858045756551897298e+00
3.974849957130608402e+01,9.101404269808327285e+00
3.976850528722492584e+01,8.591977607853255705e+00
3.978851100314375344e+01,9.324965672187767396e+00
3.980851671906259526e+01,1.022054804417328455e+01
3.982852243498142286e+01,9.985204430906536643e+00
3.984852815090025757e+01,1.131730630421325579e+01
3.986853386681909228e+01,1.108998615313985070e+01
3.988853958273792699e+01,1.181003939474029352e+01
3.990854529865676170e+01,1.236959450121439019e+01
3.992855101457559641e+01,1.407643386609068692e+01
3.994855673049443112e+01,1.489900701423268004e+01
3.996856244641325873e+01,1.566809372570301484e+01
3.998856816233210054e+01,1.619364433508408752e+01
4.000857387825092815e+01,1.731816428616988190e+01
4.002857959416976286e+01,1.895413438993114852e+01
4.004858531008859757e+01,2.066369176707259214e+01
4.006859102600743228e+01,2.123287679342651657e+01
4.008859674192626699e+01,2.249021280338130424e+01
4.010860245784510170e+01,2.417307932636843759e+01
4.012860817376393641e+01,2.668396413479208817e+01
4.014861388968276401e+01,2.864625415309579637e+01
4.016861960560160583e+01,3.005656203905504853e+01
4.018862532152043343e+01,3.151374564663339939e+01
4.020863103743927525e+01,3.344185055699679765e+01
4.022863675335810285e+01,3.569117718065101030e+01
4.024864246927693756e+01,3.773023962836981582e+01
4.026864818519577227e+01,3.924024551526458993e+01
4.028865390111460698e+01,4.167596726858813838e+01
4.030865961703344169e+01,4.399367119378346302e+01
4.032866533295226930e+01,4.562184702088879362e+01
4.034867104887111111e+01,4.800801775167416707e+01
4.036867676478993872e+01,4.942692983775778259e+01
4.038868248070878053e+01,5.202148873319613642e+01
4.040868819662760814e+01,5.334942806469008048e+01
4.042869391254644285e+01,5.513320410326788590e+01
4.044869962846527756e+01,5.658927602382384237e+01
4.046870534438411227e+01,5.643059482977101027e+01
4.048871106030294698e+01,5.734310257017910573e+01
4.050871677622177458e+01,5.689331915933556161e+01
4.052872249214061640e+01,5.727319797652143762e+01
4.054872820805944400e+01,5.639871111352249500e+01
4.056873392397828582e+01,5.566399253289769433e+01
4.058873963989711342e+01,5.481195949565868375e+01
4.060874535581594813e+01,5.320781762114080493e+01
4.062875107173478284e+01,5.183717091540177790e+01
4.064875678765361755e+01,5.021846524212091367e+01
4.066876250357245226e+01,4.910201550696384487e+01
4.068876821949127986e+01,4.712759969924452008e+01
4.070877393541012168e+01,4.531855027041122241e+01
4.072877965132894929e+01,4.369598460448581534e+01
4.074878536724779110e+01,4.245200915162413935e+01
4.076879108316661871e+01,4.121901712529928119e+01
4.078879679908545342e+01,4.037453438315184684e+01
4.080880251500428813e+01,3.840261114805619513e+01
4.082880823092312284e+01,3.783625886838218833e+01
4.084881394684195755e+01,3.767365291050759168e+01
4.086881966276079226e+01,3.612566930796868547e+01
4.088882537867962697e+01,3.537446922785541403e+01
4.090883109459845457e+01,3.386090183376953888e+01
4.092883681051729639e+01,3.295366302675346759e+01
4.094884252643612399e+01,3.144811552167214330e+01
4.096884824235495870e+01,3.008032663735792056e+01
4.098885395827379341e+01,2.816282273961927984e+01
4.100885967419262812e+01,2.741233476651257206e+01
4.102886539011146283e+01,2.570263999265711519e+01
4.104887110603029754e+01,2.422001073385118985e+01
4.106887682194913225e+01,2.239330679294054249e+01
4.108888253786795985e+01,2.056051629428170102e+01
4.110888825378680167e+01,1.916745228852604299e+01
4.112889396970562927e+01,1.785856864465306160e+01
4.114889968562447109e+01,1.635122914257684812e+01
4.116890540154329869e+01,1.538741979313005714e+01
4.118891111746213340e+01,1.438795129164637032e+01
4.120891683338096811e+01,1.303319385125949026e+01
4.122892254929980282e+01,1.266476630585987095e+01
4.124892826521863753e+01,1.171640946792148696e+01
4.126893398113746514e+01,1.097829644240869840e+01
4.128893969705630695e+01,9.738156996929518527e+00
4.130894541297513456e+01,1.008077003853481557e+01
4.132895112889397637e+01,9.034775031390108069e+00
4.134895684481280398e+01,8.774894998875415908e+00
4.136896256073163869e+01,8.353433091841468539e+00
4.138896827665047340e+01,7.434193321829908996e+00
4.140897399256930811e+01,7.867818538246533322e+00
4.142897970848814282e+01,7.563409958200223215e+00
4.144898542440697042e+01,6.968916868800083542e+00
4.146899114032581224e+01,6.864420983993634096e+00
4.148899685624463984e+01,6.789036204361298843e+00
4.150900257216348166e+01,6.627265130377546498e+00
4.152900828808230926e+01,6.522167158234951856e+00
4.154901400400114397e+01,6.228753528976679554e+00
4.156901971991997868e+01,6.031811296880649209e+00
4.158902543583881339e+01,6.123923804150384953e+00
4.160903115175764810e+01,6.083754511349066973e+00
4.162903686767647571e+01,5.156562902488355249e+00
4.164904258359531752e+01,5.196365474143937568e+00
4.166904829951414513e+01,5.898810218955897078e+00
4.168905401543298694e+01,5.792981832671149078e+00
4.170905973135181455e+01,5.224833510900690037e+00
4.172906544727064926e+01,5.216855629412031625e+00
4.174907116318948397e+01,5.273741536587535528e+00
4.176907687910831868e+01,4.799595708970713304e+00
4.178908259502715339e+01,5.562115333513869331e+00
4.180908831094598810e+01,4.243965626106763089e+00
4.182909402686482281e+01,4.529724049348041071e+00
4.184909974278365041e+01,5.109575169987997434e+00
4.186910545870249223e+01,4.616315765228726775e+00
4.188911117462131983e+01,5.243067928321213600e+00
4.190911689054015454e+01,4.103357850760727565e+00
4.192912260645898925e+01,4.962419119116459498e+00
4.194912832237782396e+01,5.196919273733693778e+00
4.196913403829665867e+01,4.255520177032162898e+00
4.198913975421549338e+01,4.823614905026380129e+00
4.200914547013432809e+01,3.997672305194130082e+00
4.202915118605316280e+01,4.129963140296303514e+00
4.204915690197199041e+01,5.011526703204829403e+00
4.206916261789082512e+01,5.138028139280962137e+00
4.208916833380965983e+01,4.433733858974237663e+00
4.210917404972849454e+01,5.023590426420780020e+00
4.212917976564732925e+01,4.477979393744805137e+00
4.214918548156616396e+01,5.004900296666296988e+00
4.216919119748499867e+01,4.382925908477426802e+00
4.218919691340383338e+01,4.498089422184111896e+00
4.220920262932266809e+01,4.980217171860838121e+00
4.222920834524150280e+01,4.095461012870316608e+00
4.224921406116033040e+01,4.702948913110227558e+00
4.226921977707916511e+01,4.052925885259600847e+00
4.228922549299799982e+01,4.447774928202199440e+00
4.230923120891683453e+01,3.716476339320034405e+00
4.232923692483566924e+01,3.971267144287465634e+00
4.234924264075450395e+01,3.964914178467910943e+00
4.236924835667333866e+01,4.186381473968650901e+00
4.238925407259217337e+01,4.027747555921207478e+00
4.240925978851100808e+01,3.975124913731487908e+00
4.242926550442983569e+01,4.036970477218175368e+00
4.244927122034867040e+01,3.637368596795610642e+00
4.246927693626750511e+01,4.262817088304061919e+00
4.248928265218633982e+01,4.281333918581501585e+00
4.250928836810517453e+01,4.354017540140503684e+00
4.252929408402400924e+01,4.010401158108960473e+00
4.254929979994284395e+01,4.037397893727341369e+00
4.256930551586167866e+01,4.805413743079493649e+00
4.258931123178051337e+01,4.044334972664037409e+00
4.260931694769934097e+01,3.216087472463510011e+00
4.262932266361817568e+01,3.652011426715749742e+00
4.264932837953701039e+01,4.065513266847194274e+00
4.266933409545584510e+01,3.750034030780059702e+00
4.268933981137467981e+01,4.149876421118839254e+00
4.270934552729351452e+01,3.714323236089478009e+00
4.272935124321234923e+01,3.945510755925067059e+00
4.274935695913118394e+01,3.236056831553280944e+00
4.276936267505001865e+01,3.879342273002925889e+00
4.278936839096885336e+01,3.245927080477680526e+00
4.280937410688768097e+01,3.351464804368885719e+00
4.282937982280651568e+01,3.583614772816131833e+00
4.284938553872535039e+01,3.688519051183299702e+00
4.286939125464418510e+01,3.833476857150030170e+00
4.288939697056301981e+01,3.266071178121876084e+00
4.290940268648185452e+01,4.102711147980471651e+00
4.292940840240068923e+01,3.178839891640827808e+00
4.294941411831952394e+01,4.322715897850757827e+00
4.296941983423835865e+01,2.866402344590849083e+00
4.298942555015718625e+01,3.811953258964948965e+00
4.300943126607602096e+01,3.560422219070792593e+00
4.302943698199485567e+01,3.693782256420233612e+00
4.304944269791369038e+01,3.840214049463057222e+00
4.306944841383252509e+01,3.885284327283917705e+00
4.308945412975135980e+01,3.552620510246665031e+00
4.310945984567019451e+01,4.095904512360107219e+00
4.312946556158902922e+01,3.343596530180569903e+00
4.314947127750786393e+01,3.690124591776160923e+00
4.316947699342669864e+01,3.871007024478614333e+00
4.318948270934552625e+01,4.492757889897585954e+00
4.320948842526436096e+01,4.312665152037675753e+00
4.322949414118319567e+01,3.345218872974303093e+00
4.324949985710203038e+01,3.407684623448349548e+00
4.326950557302086509e+01,4.210515155950089294e+00
4.328951128893969980e+01,3.944036350027229521e+00
4.330951700485853451e+01,3.260021553187231191e+00
4.332952272077736922e+01,3.057597743464270934e+00
4.334952843669620393e+01,4.124408629653147251e+00
4.336953415261503153e+01,3.200657511302472447e+00
4.338953986853386624e+01,2.883593683856424672e+00
4.340954558445270095e+01,2.993885207035301033e+00
4.342955130037153566e+01,3.247304662468773362e+00
4.344955701629037037e+01,3.294308075328801433e+00
4.346956273220920508e+01,3.446309743813408044e+00
4.348956844812803979e+01,3.043824264314968442e+00
4.350957416404687450e+01,3.530286826202366335e+00
4.352957987996570921e+01,3.727205108194506789e+00
4.354958559588453681e+01,3.803767865174776830e+00
4.356959131180337153e+01,3.531985747425328448e+00
4.358959702772220624e+01,4.184141937111287568e+00
4.360960274364104095e+01,4.008790505441312213e+00
4.362960845955987566e+01,3.929181733828048806e+00
4.364961417547871037e+01,3.135354810240750911e+00
4.366961989139754508e+01,3.813711900268723198e+00
4.368962560731637979e+01,3.320784438313320486e+00
4.370963132323521450e+01,4.332083133504244010e+00
4.372963703915404921e+01,3.597408913147966736e+00
4.374964275507287681e+01,2.798916536816297818e+00
4.376964847099171152e+01,3.118307349137975137e+00
4.378965418691054623e+01,3.052466635864954814e+00
4.380965990282938094e+01,3.489249080149683380e+00
4.382966561874821565e+01,3.464711079596972887e+00
4.384967133466705036e+01,3.333513898318755775e+00
4.386967705058588507e+01,3.267845164572572347e+00
4.388968276650471978e+01,4.111296963564477380e+00
4.390968848242355449e+01,4.060004156857402791e+00
4.392969419834238209e+01,3.328216914467997167e+00
4.394969991426121680e+01,3.330972031901668018e+00
4.396970563018005151e+01,3.452463859699623772e+00
4.398971134609888622e+01,3.347886290031719891e+00
4.400971706201772093e+01,3.473084730219489824e+00
4.402972277793655564e+01,3.782165065460596054e+00
4.404972849385539035e+01,3.727695426373235144e+00
4.406973420977422506e+01,3.825584476217778196e+00
4.408973992569305977e+01,3.424298006206650591e+00
4.410974564161189448e+01,2.685347487896688090e+00
4.412975135753072209e+01,4.225030640068001553e+00
4.414975707344955680e+01,4.227815470629262329e+00
4.416976278936839151e+01,3.471693151978765712e+00
4.418976850528722622e+01,3.871343858470061683e+00
4.420977422120606093e+01,3.176869143400268491e+00
4.422977993712489564e+01,3.111083685521448761e+00
4.424978565304373035e+01,3.864826847314717373e+00
4.426979136896256506e+01,3.526880671814077495e+00
4.428979708488139977e+01,3.519845890222458973e+00
4.430980280080022737e+01,3.669191750958491038e+00
4.432980851671906208e+01,4.088903826529202590e+00
4.434981423263789679e+01,3.665037259072708498e+00
4.436981994855673150e+01,4.156238328613466315e+00
4.438982566447556621e+01,3.919896499983619442e+00
4.440983138039440092e+01,2.696223415924166034e+00
4.442983709631323563e+01,4.216786989060105739e+00
4.444984281223207034e+01,3.506531038523707622e+00
4.446984852815090505e+01,3.216227742071936291e+00
4.448985424406973266e+01,4.373376934681175499e+00
4.450985995998856737e+01,3.319107443904100396e+00
4.452986567590740208e+01,3.481495938294278503e+00
4.454987139182623679e+01,3.655169539498337894e+00
4.456987710774507150e+01,3.076722995643884406e+00
4.458988282366390621e+01,3.130096476994394195e+00
4.460988853958274092e+01,3.467817957425790798e+00
4.462989425550157563e+01,3.837437667761136595e+00
4.464989997142041034e+01,3.352783158704691235e+00
4.466990568733924505e+01,2.857598792166439861e+00
4.468991140325807265e+01,3.094225493060785315e+00
4.470991711917690736e+01,3.976312040311746010e+00
4.472992283509574207e+01,2.936299552445790884e+00
4.474992855101457678e+01,3.556637629585664762e+00
4.476993426693341149e+01,3.695365435909221841e+00
4.478993998285224620e+01,3.759332511134992671e+00
4.480994569877108091e+01,3.180513734739987441e+00
4.482995141468991562e+01,3.164620896727148303e+00
4.484995713060875033e+01,3.748732534354470847e+00
4.486996284652757794e+01,3.488257404312502974e+00
4.488996856244641265e+01,2.904794356398456401e+00
4.490997427836524736e+01,3.226962441370442303e+00
4.492997999428408207e+01,3.668981217588358046e+00
4.494998571020291678e+01,3.286369317955518898e+00
4.496999142612175149e+01,3.462010562945018410e+00
4.498999714204058620e+01,3.569088091934996765e+00
4.501000285795942091e+01,3.448055887890995486e+00
4.503000857387825562e+01,3.254916395271700402e+00
4.505001428979709033e+01,4.112500212770335395e+00
4.507002000571591793e+01,3.549186016239290087e+00
4.509002572163475264e+01,3.387261976758136672e+00
4.511003143755358735e+01,3.089543233027640667e+00
4.513003715347242206e+01,3.391029564210493952e+00
4.515004286939125677e+01,3.693514078408540513e+00
4.517004858531009148e+01,3.700311579933718953e+00
4.519005430122892619e+01,3.795426432192914312e+00
4.521006001714776090e+01,3.574566177417967339e+00
4.523006573306659561e+01,3.703141248004720332e+00
4.525007144898542322e+01,3.242236437243215974e+00
4.527007716490425793e+01,3.186437254145773501e+00
4.529008288082309264e+01,3.961630995944285250e+00
4.531008859674192735e+01,2.839328758127894314e+00
4.533009431266076206e+01,3.059638003772239934e+00
4.535010002857959677e+01,3.796671096107592902e+00
4.537010574449843148e+01,3.368540926166571303e+00
4.539011146041726619e+01,3.420370176116879435e+00
4.541011717633610090e+01,2.963689064376364701e+00
4.543012289225492850e+01,3.805676873579721065e+00
4.545012860817376321e+01,2.756261027116821083e+00
4.547013432409259792e+01,3.427237851890960307e+00
4.549014004001143263e+01,3.925945632611715475e+00
4.551014575593026734e+01,3.218855005376473954e+00
4.553015147184910205e+01,3.121559042082862057e+00
4.555015718776793676e+01,3.008392310000346903e+00
4.557016290368677147e+01,3.761870892224481455e+00
4.559016861960560618e+01,3.760947891119195585e+00
4.561017433552444089e+01,3.699871446900351302e+00
4.563018005144326850e+01,3.324176690433640946e+00
4.565018576736210321e+01,2.859867900471208202e+00
4.567019148328093792e+01,3.971598371986556408e+00
4.569019719919977263e+01,3.059692720215255068e+00
4.571020291511860734e+01,4.048823848788231317e+00
4.573020863103744205e+01,3.571808401298504965e+00
4.575021434695627676e+01,4.144237049700433495e+00
4.577022006287511147e+01,3.625917476212114021e+00
4.579022577879394618e+01,3.608243802710618731e+00
4.581023149471277378e+01,4.131072188819779001e+00
4.583023721063160849e+01,3.382904673140748386e+00
4.585024292655044320e+01,3.605929216955072736e+00
4.587024864246927791e+01,3.212454822579305702e+00
4.589025435838811262e+01,3.482767109229622626e+00
4.591026007430694733e+01,3.287338059124368161e+00
4.593026579022578204e+01,2.866836861049856022e+00
4.595027150614461675e+01,3.367636830741279397e+00
4.597027722206345146e+01,3.503603213518005965e+00
4.599028293798228617e+01,2.940855006459348608e+00
4.601028865390111378e+01,4.250233480425544386e+00
4.603029436981994849e+01,3.623869796001672583e+00
4.605030008573878320e+01,3.094861193242680386e+00
4.607030580165761791e+01,3.228043895422189724e+00
4.609031151757645262e+01,3.866236304559868664e+00
4.611031723349528733e+01,3.671357848041240324e+00
4.613032294941412204e+01,3.562658131237761872e+00
4.615032866533295675e+01,3.324591750429724879e+00
4.617033438125179146e+01,3.882695490579858077e+00
4.619034009717061906e+01,3.455642206402707473e+00
4.621034581308945377e+01,3.234160617575897234e+00
4.623035152900828848e+01,3.970199688153946305e+00
4.625035724492712319e+01,3.753192206553628729e+00
4.627036296084595790e+01,3.545614032966424745e+00
4.629036867676479261e+01,2.804256155679897500e+00
4.631037439268362732e+01,3.403578168050900743e+00
4.633038010860246203e+01,4.160444293104712976e+00
4.635038582452129674e+01,3.524647228275591626e+00
4.637039154044012434e+01,2.827728655793429802e+00
4.639039725635895905e+01,3.162447866796338491e+00
4.641040297227779376e+01,4.135850167355149765e+00
4.643040868819662847e+01,3.109084253325768543e+00
4.645041440411546319e+01,3.487372003538911969e+00
4.647042012003429790e+01,2.595164568026083973e+00
4.649042583595313261e+01,2.987038658717789286e+00
4.651043155187196732e+01,3.400537249726450995e+00
4.653043726779080203e+01,3.086964331255129590e+00
4.655044298370963674e+01,3.472673027400448476e+00
4.657044869962846434e+01,3.436782544356662861e+00
4.659045441554729905e+01,3.869393012725217851e+00
4.661046013146613376e+01,3.278536470914255929e+00
4.663046584738496847e+01,3.087202365239549717e+00
4.665047156330380318e+01,3.366369159549840173e+00
4.667047727922263789e+01,4.105533045903221989e+00
4.669048299514147260e+01,3.497162606983232447e+00
4.671048871106030731e+01,3.387151126000294887e+00
4.673049442697914202e+01,3.961331821818024679e+00
4.675050014289796962e+01,3.342137153911922898e+00
4.677050585881680433e+01,3.710899793757449050e+00
4.679051157473563904e+01,3.945337119153861760e+00
4.681051729065447375e+01,4.030728372338893806e+00
4.683052300657330846e+01,2.756939502854683255e+00
4.685052872249214317e+01,3.424610251285564289e+00
4.687053443841097788e+01,4.084088806293272533e+00
4.689054015432981259e+01,3.259291582163945655e+00
4.691054587024864730e+01,3.335804298712029770e+00
4.693055158616748201e+01,3.934727638530503224e+00
4.695055730208630962e+01,3.704852035923850817e+00
4.697056301800514433e+01,4.013836577854067222e+00
4.699056873392397904e+01,3.878150347785491725e+00
4.701057444984281375e+01,3.860852867598398852e+00
4.703058016576164846e+01,3.157840974050390770e+00
4.705058588168048317e+01,3.404327779152723554e+00
4.707059159759931788e+01,3.512267919117589177e+00
4.709059731351815259e+01,3.452580594765865207e+00
4.711060302943698730e+01,4.029430145094151428e+00
4.713060874535581490e+01,2.684450948152093730e+00
4.715061446127464961e+01,2.812204388053926252e+00
4.717062017719348432e+01,2.836466320455445000e+00
4.719062589311231903e+01,3.390320015477739535e+00
4.721063160903115374e+01,3.598933076274043685e+00
4.723063732494998845e+01,3.603052743970101446e+00
4.725064304086882316e+01,3.597412957190270433e+00
4.727064875678765787e+01,3.887302680580678960e+00
4.729065447270649258e+01,3.840877750663826529e+00
4.731066018862532019e+01,3.562465413485702559e+00
4.733066590454415490e+01,3.909357065120398822e+00
4.735067162046298961e+01,3.648078903528349404e+00
4.737067733638182432e+01,3.295315557429635334e+00
4.739068305230065903e+01,3.058008546585384124e+00
4.741068876821949374e+01,2.697290487020221228e+00
4.743069448413832845e+01,3.617480985544557992e+00
4.745070020005716316e+01,3.625582012714783531e+00
4.747070591597599787e+01,3.924663176155653410e+00
4.749071163189483258e+01,3.708365242360845304e+00
4.751071734781366018e+01,3.390445235887534103e+00
4.753072306373249489e+01,3.390643670152168276e+00
4.755072877965132960e+01,3.581496749537588453e+00
4.757073449557016431e+01,3.497884131079198600e+00
4.759074021148899902e+01,3.655932046572021754e+00
4.761074592740783373e+01,3.789967745257858400e+00
4.763075164332666844e+01,2.789573642240736895e+00
4.765075735924550315e+01,3.319948443100250834e+00
4.767076307516433786e+01,3.009498501552310135e+00
4.769076879108316547e+01,3.937284031130304562e+00
4.771077450700200018e+01,3.103281072980127231e+00
4.773078022292083489e+01,3.055589655202001875e+00
4.775078593883966960e+01,3.188123209660981061e+00
4.777079165475850431e+01,3.099762842896534920e+00
4.779079737067733902e+01,2.691092813217232482e+00
4.781080308659617373e+01,3.375874573810553336e+00
4.783080880251500844e+01,3.941207160105310248e+00
4.785081451843384315e+01,2.830679946916349277e+00
4.787082023435267075e+01,3.519978140881319106e+00
4.789082595027150546e+01,3.650961857701191970e+00
4.791083166619034017e+01,3.130093308971482635e+00
4.793083738210917488e+01,3.357589197457936159e+00
4.795084309802800959e+01,3.249873719638187719e+00
4.797084881394684430e+01,3.701586187873326050e+00
4.799085452986567901e+01,4.050464686027996919e+00
4.801086024578451372e+01,4.028382975430251811e+00
4.803086596170334843e+01,2.620902429124753574e+00
4.805087167762218314e+01,3.717923203390600229e+00
4.807087739354101075e+01,2.657344562178736158e+00
4.809088310945984546e+01,3.122446448052506263e+00
4.811088882537868017e+01,2.629509587685704197e+00
4.813089454129751488e+01,3.468326717558020356e+00
4.815090025721634959e+01,3.065429888829432237e+00
4.817090597313518430e+01,2.742675430588850549e+00
4.819091168905401901e+01,2.842259222501072102e+00
4.821091740497285372e+01,3.060943384382886379e+00
4.823092312089168843e+01,3.312553922088134151e+00
4.825092883681051603e+01,3.556368764675780447e+00
4.827093455272935074e+01,3.382304268618484766e+00
4.829094026864818545e+01,3.519414409415764666e+00
4.831094598456702016e+01,3.576021549805874500e+00
4.833095170048585487e+01,4.213153360955493199e+00
4.835095741640468958e+01,3.715947626667098547e+00
4.837096313232352429e+01,3.621972387230589341e+00
4.839096884824235900e+01,3.608117986533649013e+00
4.841097456416119371e+01,2.950924634523716339e+00
4.843098028008002842e+01,4.067912226439067247e+00
4.845098599599885603e+01,4.321990989894379354e+00
4.847099171191769074e+01,3.497629453263657151e+00
4.849099742783652545e+01,3.552788725717407559e+00
4.851100314375536016e+01,3.092617079120278056e+00
4.853100885967419487e+01,3.001053549243011709e+00
4.855101457559302958e+01,3.989533309149916995e+00
4.857102029151186429e+01,2.881033297987160680e+00
4.859102600743069900e+01,2.813949104041474580e+00
4.861103172334953371e+01,2.979078466845506146e+00
4.863103743926836131e+01,4.149932756962090963e+00
4.865104315518719602e+01,3.894276676689313099e+00
4.867104887110603073e+01,3.731559559816693294e+00
4.869105458702486544e+01,3.335401709875167597e+00
4.871106030294370015e+01,3.536272660764716136e+00
4.873106601886253486e+01,3.485152983328545062e+00
4.875107173478136957e+01,3.042842779532617392e+00
4.877107745070020428e+01,2.912553768682833777e+00
4.879108316661903899e+01,2.956942159526364300e+00
4.881108888253786660e+01,2.807418201594980012e+00
4.883109459845670131e+01,3.376408356587012438e+00
4.885110031437553602e+01,3.832201930341471829e+00
4.887110603029437073e+01,3.655371062966589868e+00
4.889111174621320544e+01,4.205655612878596017e+00
4.891111746213204015e+01,3.029367590376582875e+00
4.893112317805087486e+01,3.555963597057535175e+00
4.895112889396970957e+01,3.481614323799838040e+00
4.897113460988854428e+01,3.528836395572962470e+00
4.899114032580737899e+01,3.257026383461266050e+00
4.901114604172620659e+01,3.469080035024477926e+00
4.903115175764504130e+01,4.015980201393119842e+00
4.905115747356387601e+01,3.494157474545937170e+00
4.907116318948271072e+01,2.616697289834819529e+00
4.909116890540154543e+01,3.397067611969493584e+00
4.911117462132038014e+01,3.317550303501143105e+00
4.913118033723921485e+01,3.085107876993135712e+00
4.915118605315804956e+01,2.754789495076484851e+00
4.917119176907688427e+01,3.590256071503129309e+00
4.919119748499571187e+01,3.733475477230873807e+00
4.921120320091454658e+01,2.989634325848705476e+00
4.923120891683338129e+01,3.302082724950948567e+00
4.925121463275221600e+01,2.897354709626188018e+00
4.927122034867105071e+01,3.187755206620316528e+00
4.929122606458988542e+01,3.885171474801688785e+00
4.931123178050872014e+01,2.697996558460240113e+00
4.933123749642755485e+01,3.619658569861436082e+00
4.935124321234638956e+01,3.695824491421300984e+00
4.937124892826522427e+01,3.463726349011005290e+00
4.939125464418405187e+01,3.454005195934767070e+00
4.941126036010288658e+01,3.097500275411352977e+00
4.943126607602172129e+01,3.344323890602383997e+00
4.945127179194055600e+01,3.981288790620590934e+00
4.947127750785939071e+01,3.562714722082801710e+00
4.949128322377822542e+01,2.992611315610813172e+00
4.951128893969706013e+01,3.920235437271964329e+00
4.953129465561589484e+01,3.368499267633614735e+00
4.955130037153472955e+01,3.522094051154783578e+00
4.957130608745355715e+01,3.320687609404591178e+00
4.959131180337239186e+01,3.007330956776506081e+00
4.961131751929122657e+01,3.099049346213925471e+00
4.963132323521006128e+01,4.108717785073915607e+00
4.965132895112889599e+01,2.872800419083044066e+00
4.967133466704773070e+01,2.880300427242139083e+00
4.969134038296656541e+01,3.759744433856323287e+00
4.971134609888540012e+01,3.501632125875835388e+00
4.973135181480423483e+01,3.395242917945596517e+00
4.975135753072306244e+01,3.397928515682014261e+00
4.977136324664189715e+01,3.562244562710090268e+00
4.979136896256073186e+01,3.473603813827345288e+00
4.981137467847956657e+01,3.251798687797490039e+00
4.983138039439840128e+01,3.029123484984627801e+00
4.985138611031723599e+01,3.501247941599703317e+00
4.987139182623607070e+01,4.120875615768383682e+00
4.989139754215490541e+01,4.016437839572374990e+00
4.991140325807374012e+01,3.814964068450485968e+00
4.993140897399257483e+01,3.143819435691963537e+00
4.995141468991140243e+01,3.800446442489551657e+00
4.997142040583023714e+01,3.931443093354103357e+00
4.999142612174907185e+01,2.648345307655516567e+00
5.001143183766790656e+01,3.978086166459260831e+00
5.003143755358674127e+01,3.560994058567857223e+00
5.005144326950557598e+01,3.323169623550141338e+00
5.007144898542441069e+01,4.252420692491413412e+00
5.009145470134324540e+01,3.534406284011641475e+00
5.011146041726208011e+01,3.678626846026586517e+00
5.013146613318090772e+01,3.975464622439650597e+00
5.015147184909974243e+01,3.331839607343600296e+00
5.017147756501857714e+01,2.821070848000442943e+00
5.019148328093741185e+01,3.316140375605481694e+00
5.021148899685624656e+01,3.333359538985166015e+00
5.023149471277508127e+01,3.998461477213613335e+00
5.025150042869391598e+01,3.226219401933249742e+00
5.027150614461275069e+01,3.326534695623985183e+00
5.029151186053158540e+01,2.967379297769594082e+00
5.031151757645042011e+01,3.169975908294680345e+00
5.033152329236924771e+01,3.313452637207544793e+00
5.035152900828808242e+01,3.767560729262587671e+00
5.037153472420691713e+01,3.489525992702946056e+00
5.039154044012575184e+01,2.601252334561996893e+00
5.041154615604458655e+01,2.695153158420910522e+00
5.043155187196342126e+01,3.578637501889369243e+00
5.045155758788225597e+01,3.365284946394170085e+00
5.047156330380109068e+01,3.055865383324376072e+00
5.049156901971992539e+01,3.409940217566501452e+00
5.051157473563875300e+01,3.384172044044535532e+00
5.053158045155758771e+01,3.373308974945991690e+00
5.055158616747642242e+01,2.546947692620340487e+00
5.057159188339525713e+01,3.209775009474171714e+00
5.059159759931409184e+01,3.574608362356869407e+00
5.061160331523292655e+01,3.190031364949903026e+00
5.063160903115176126e+01,3.464933205302794583e+00
5.065161474707059597e+01,2.866540025282640070e+00
5.067162046298943068e+01,2.810507411991011395e+00
5.069162617890825828e+01,3.337948703370757109e+00
5.071163189482709299e+01,3.096686778049105193e+00
5.073163761074592770e+01,2.755124266566051361e+00
5.075164332666476241e+01,3.542515127249794116e+00
5.077164904258359712e+01,3.334861124252873843e+00
5.079165475850243183e+01,3.045642214240462220e+00
5.081166047442126654e+01,3.103745733920302730e+00
5.083166619034010125e+01,3.011087402251479528e+00
5.085167190625893596e+01,3.827504567898225574e+00
5.087167762217777067e+01,3.191694646841697125e+00
5.089168333809659828e+01,4.265780615997711855e+00
5.091168905401543299e+01,3.732556344995977771e+00
5.093169476993426770e+01,3.388899055445931729e+00
5.095170048585310241e+01,2.786470141429524539e+00
5.097170620177193712e+01,2.834951280236955196e+00
5.099171191769077183e+01,3.629835900293640893e+00
5.101171763360960654e+01,4.086735487875110096e+00
5.103172334952844125e+01,3.636660960979470225e+00
5.105172906544727596e+01,3.386765640807980038e+00
5.107173478136610356e+01,3.227731783555572775e+00
5.109174049728493827e+01,3.443460280572725907e+00
5.111174621320377298e+01,4.338523504924705954e+00
5.113175192912260769e+01,3.601934811496050326e+00
5.115175764504144240e+01,3.588287655175077528e+00
5.117176336096027711e+01,3.438633064271780171e+00
5.119176907687911182e+01,3.365975228904083849e+00
5.121177479279794653e+01,3.976977001006709145e+00
5.123178050871678124e+01,3.652147945847073807e+00
5.125178622463561595e+01,3.012704925826006352e+00
5.127179194055444356e+01,3.434779796166461452e+00
5.129179765647327827e+01,3.007693799582510596e+00
5.131180337239211298e+01,3.107169946020202467e+00
5.133180908831094769e+01,3.089074661397861021e+00
5.135181480422978240e+01,3.266570509721867577e+00
5.137182052014861711e+01,3.333645026919764831e+00
5.139182623606745182e+01,4.035321808174619385e+00
5.141183195198628653e+01,3.674106434076288785e+00
5.143183766790512124e+01,3.153547688565054408e+00
5.145184338382394884e+01,3.978370015852312314e+00
5.147184909974278355e+01,2.855769585688456402e+00
5.149185481566161826e+01,2.819605669148489646e+00
5.151186053158045297e+01,3.586182431594977071e+00
5.153186624749928768e+01,3.255667687019014878e+00
5.155187196341812239e+01,3.311674184574407764e+00
5.157187767933695710e+01,3.211610644184907493e+00
5.159188339525579181e+01,3.541960182029181503e+00
5.161188911117462652e+01,3.549590426726247916e+00
5.163189482709345413e+01,4.250252999562702527e+00
5.165190054301228884e+01,4.010146804454763902e+00
5.167190625893112355e+01,3.922754128766673176e+00
5.169191197484995826e+01,3.599751724167579159e+00
5.171191769076879297e+01,4.070679526647277058e+00
5.173192340668762768e+01,3.433502887254765490e+00
5.175192912260646239e+01,2.686355233772106832e+00
5.177193483852529710e+01,3.095306136822909782e+00
5.179194055444413181e+01,2.983472593954709762e+00
5.181194627036296652e+01,3.600648360352594946e+00
5.183195198628179412e+01,3.024612107406460026e+00
5.185195770220062883e+01,3.123280047129700421e+00
5.187196341811946354e+01,3.133488475630619607e+00
5.189196913403829825e+01,3.314238981424687314e+00
5.191197484995713296e+01,3.254471760659070512e+00
5.193198056587596767e+01,3.862342811415328647e+00
5.195198628179480238e+01,2.914578239601167908e+00
5.197199199771363709e+01,3.577209209530717970e+00
5.199199771363247180e+01,3.303660862305128898e+00
5.201200342955129940e+01,3.107289832966029230e+00
5.203200914547013411e+01,3.100088929157257756e+00
5.205201486138896882e+01,3.468790319636418484e+00
5.207202057730780353e+01,3.564040492889993139e+00
5.209202629322663824e+01,3.397133138999573809e+00
5.211203200914547295e+01,3.174057888446862652e+00
5.213203772506430766e+01,3.282789651354999449e+00
5.215204344098314237e+01,3.969388504724466138e+00
5.217204915690197708e+01,3.644809602874562682e+00
5.219205487282081180e+01,3.016532886148036052e+00
5.221206058873963940e+01,3.965325873502503207e+00
5.223206630465847411e+01,3.085316693431658930e+00
5.225207202057730882e+01,3.514337268158064465e+00
5.227207773649614353e+01,3.419632483215778507e+00
5.229208345241497824e+01,3.390651034211968895e+00
5.231208916833381295e+01,3.620846469175238447e+00
5.233209488425264766e+01,2.559239223333477753e+00
5.235210060017148237e+01,2.941768254833728058e+00
5.237210631609031708e+01,3.697638939293016236e+00
5.239211203200914468e+01,3.234088357324586660e+00
5.241211774792797939e+01,3.330072489870147923e+00
5.243212346384681410e+01,3.387075760904485477e+00
5.245212917976564881e+01,3.434271600594172913e+00
5.247213489568448352e+01,4.097118029774466486e+00
5.249214061160331823e+01,2.996721327117910505e+00
5.251214632752215294e+01,3.390518758762593343e+00
5.253215204344098765e+01,3.244202659838391511e+00
5.255215775935982236e+01,2.979239106195596065e+00
5.257216347527864997e+01,3.284763320013056820e+00
5.259216919119748468e+01,3.192652731397122245e+00
5.261217490711631939e+01,3.303825916641964344e+00
5.263218062303515410e+01,3.002210517177259952e+00
5.265218633895398881e+01,3.279793570077278453e+00
5.267219205487282352e+01,2.885821099501961307e+00
5.269219777079165823e+01,3.419138037986436451e+00
5.271220348671049294e+01,3.918291832343442138e+00
5.273220920262932765e+01,2.818202751300268982e+00
5.275221491854816236e+01,3.307612573558118108e+00
5.277222063446698996e+01,3.365027789575306016e+00
5.279222635038582467e+01,3.408879899593872054e+00
5.281223206630465938e+01,3.485957228369810590e+00
5.283223778222349409e+01,3.390286970117668552e+00
5.285224349814232880e+01,3.601256739767433768e+00
5.287224921406116351e+01,3.950384109747408168e+00
5.289225492997999822e+01,3.205889213521475600e+00
5.291226064589883293e+01,3.522082239931959347e+00
5.293226636181766764e+01,3.728586198890071479e+00
5.295227207773649525e+01,3.600407369576037908e+00
5.297227779365532996e+01,3.625627898926276238e+00
5.299228350957416467e+01,3.358774364762839859e+00
5.301228922549299938e+01,4.266641866349871748e+00
5.303229494141183409e+01,3.135784526482956025e+00
5.305230065733066880e+01,3.280010909628712668e+00
5.307230637324950351e+01,3.571417635080830433e+00
5.309231208916833822e+01,3.266486750565538610e+00
5.311231780508717293e+01,3.866015549241834215e+00
5.313232352100600764e+01,3.172676610455367641e+00
5.315232923692483524e+01,3.887047479807134831e+00
5.317233495284366995e+01,3.178494300219006252e+00
5.319234066876250466e+01,3.321649297089946273e+00
5.321234638468133937e+01,4.174907264826097197e+00
5.323235210060017408e+01,3.373564111392035159e+00
5.325235781651900879e+01,3.944564236328798934e+00
5.327236353243784350e+01,2.956066300474565978e+00
5.329236924835667821e+01,3.282690434017283110e+00
5.331237496427551292e+01,3.394974513589251508e+00
5.333238068019434053e+01,3.853827731964543535e+00
5.335238639611317524e+01,3.341099276781130278e+00
5.337239211203200995e+01,3.101353078222265580e+00
5.339239782795084466e+01,3.475618419427152439e+00
5.341240354386967937e+01,3.959231604653668857e+00
5.343240925978851408e+01,3.988440557006881271e+00
5.345241497570734879e+01,3.746536302269573238e+00
5.347242069162618350e+01,3.187749808240418758e+00
5.349242640754501821e+01,3.472680906015443547e+00
5.351243212346384581e+01,3.956608218469080285e+00
5.353243783938268052e+01,3.487415202517034629e+00
5.355244355530151523e+01,3.940357587317419252e+00
5.357244927122034994e+01,3.775508146272390064e+00
5.359245498713918465e+01,3.030566429807758588e+00
5.361246070305801936e+01,2.660363799775647742e+00
5.363246641897685407e+01,2.994297531398748546e+00
5.365247213489568878e+01,3.159187632567948878e+00
5.367247785081452349e+01,3.431822111052708735e+00
5.369248356673335820e+01,3.913603785946737190e+00
5.371248928265218581e+01,3.844790062135942321e+00
5.373249499857102052e+01,2.958232821306410631e+00
5.375250071448985523e+01,2.701176456998581887e+00
5.377250643040868994e+01,3.365533141825892027e+00
5.379251214632752465e+01,3.391627865089548610e+00
5.381251786224635936e+01,3.150395686565821585e+00
5.383252357816519407e+01,3.877511710681263324e+00
5.385252929408402878e+01,2.883073435031542786e+00
5.387253501000286349e+01,3.598340439429547288e+00
5.389254072592169109e+01,2.926593057196132275e+00
5.391254644184052580e+01,3.580466554238506571e+00
5.393255215775936051e+01,3.483081669940632175e+00
5.395255787367819522e+01,2.871690838245467337e+00
5.397256358959702993e+01,3.242520096113502781e+00
5.399256930551586464e+01,3.445529521171162290e+00
5.401257502143469935e+01,3.093771690158914289e+00
5.403258073735353406e+01,4.096550089483727675e+00
5.405258645327236877e+01,2.886065914796064558e+00
5.407259216919120348e+01,3.093282982767297185e+00
5.409259788511003109e+01,3.648377080092226166e+00
5.411260360102886580e+01,3.165252841104579939e+00
5.413260931694770051e+01,4.168498925359785723e+00
5.415261503286653522e+01,4.297046633700746909e+00
5.417262074878536993e+01,3.338003727582290026e+00
5.419262646470420464e+01,3.213365561033284301e+00
5.421263218062303935e+01,3.419879245676256563e+00
5.423263789654187406e+01,2.987573184469593190e+00
5.425264361246070877e+01,3.653526699310120307e+00
5.427264932837953637e+01,3.516884578507170289e+00
5.429265504429837108e+01,3.290084075216310744e+00
5.431266076021720579e+01,3.411775101710942781e+00
5.433266647613604050e+01,3.639384762271770324e+00
5.435267219205487521e+01,3.301284316591946322e+00
5.437267790797370992e+01,3.027845244213140052e+00
5.439268362389254463e+01,2.897818194474709230e+00
5.441268933981137934e+01,3.989003225299276867e+00
5.443269505573021405e+01,3.477238223154158092e+00
5.445270077164904166e+01,2.847133533074156730e+00
5.447270648756787637e+01,3.446655833949512804e+00
5.449271220348671108e+01,3.273242881037775831e+00
5.451271791940554579e+01,2.898097189988381395e+00
5.453272363532438050e+01,2.668229961629971392e+00
5.455272935124321521e+01,3.445260270302748395e+00
5.457273506716204992e+01,3.570473254489578530e+00
5.459274078308088463e+01,2.762625636732469303e+00
5.461274649899971934e+01,3.276070082038144982e+00
5.463275221491855405e+01,2.739819138931550491e+00
5.465275793083738165e+01,3.647098700193313725e+00
5.467276364675621636e+01,4.014245774486993490e+00
5.469276936267505107e+01,3.005031884717288992e+00
5.471277507859388578e+01,3.708529305164373291e+00
5.473278079451272049e+01,3.256310685269492744e+00
5.475278651043155520e+01,4.178350646395029955e+00
5.477279222635038991e+01,3.302990615033194022e+00
5.479279794226922462e+01,3.804468368322210026e+00
5.481280365818805933e+01,3.512237052704561879e+00
5.483280937410688693e+01,4.259826170152293479e+00
5.485281509002572164e+01,4.176560140480292560e+00
5.487282080594455635e+01,3.803529145964628988e+00
5.489282652186339106e+01,3.827730521355742876e+00
5.491283223778222577e+01,2.947910065253077860e+00
5.493283795370106048e+01,3.974512566902913324e+00
5.495284366961989519e+01,3.334163736816968093e+00
5.497284938553872990e+01,4.165768845816869792e+00
5.499285510145756461e+01,3.433970491566353811e+00
5.501286081737639222e+01,3.483135929605800207e+00
5.503286653329522693e+01,3.888069817180902721e+00
5.505287224921406164e+01,2.677021525922187450e+00
5.507287796513289635e+01,3.377767702017650642e+00
5.509288368105173106e+01,2.975338102586769118e+00
5.511288939697056577e+01,3.291274765531563951e+00
5.513289511288940048e+01,4.179851524865703993e+00
5.515290082880823519e+01,3.148569475200505785e+00
5.517290654472706990e+01,2.846522929152144332e+00
5.519291226064590461e+01,2.942776128011538983e+00
5.521291797656473221e+01,3.816144585260267341e+00
5.523292369248356692e+01,4.148878972687518818e+00
5.525292940840240163e+01,3.669541460111563680e+00
5.527293512432123634e+01,3.047763670174233219e+00
5.529294084024007105e+01,3.025198731910233807e+00
5.531294655615890576e+01,3.682723952603012663e+00
5.533295227207774047e+01,3.627133111733805038e+00
5.535295798799657518e+01,3.124506184787160024e+00
5.537296370391540989e+01,4.096298409402336027e+00
5.539296941983423750e+01,3.271163811949244327e+00
5.541297513575307221e+01,3.174332101851105925e+00
5.543298085167190692e+01,3.311361516329626831e+00
5.545298656759074163e+01,2.649348433273143844e+00
5.547299228350957634e+01,3.112732539630449935e+00
5.549299799942841105e+01,2.749410709921686014e+00
5.551300371534724576e+01,4.202051331352758545e+00
5.553300943126608047e+01,3.177006458430503777e+00
5.555301514718491518e+01,3.958643659455946651e+00
5.557302086310374989e+01,3.786704729181777918e+00
5.559302657902257749e+01,4.007728886416579428e+00
5.561303229494141220e+01,3.329531866065880141e+00
5.563303801086024691e+01,3.523649932892677583e+00
5.565304372677908162e+01,3.331312301909054696e+00
5.567304944269791633e+01,3.760885397225081306e+00
5.569305515861675104e+01,2.996055324973482925e+00
5.571306087453558575e+01,3.968258332085834894e+00
5.573306659045442046e+01,3.174674946451986113e+00
5.575307230637325517e+01,3.104300477026696647e+00
5.577307802229208278e+01,4.198028879422484039e+00
5.579308373821091749e+01,3.256293743739333557e+00
5.581308945412975220e+01,3.261637264459124719e+00
5.583309517004858691e+01,3.171720137883062840e+00
5.585310088596742162e+01,3.799286888419003194e+00
5.587310660188625633e+01,3.706272359635364388e+00
5.589311231780509104e+01,3.889785633623802585e+00
5.591311803372392575e+01,3.986124996436374968e+00
5.593312374964276046e+01,4.190773739562734690e+00
5.595312946556158806e+01,4.136116002167215200e+00
5.597313518148042277e+01,3.074530652756295446e+00
5.599314089739925748e+01,3.321804111684191430e+00
5.601314661331809219e+01,4.193691783393130201e+00
5.603315232923692690e+01,3.075954452423336427e+00
5.605315804515576161e+01,3.152407713118607901e+00
5.607316376107459632e+01,3.277519616704578365e+00
5.609316947699343103e+01,4.140415235603320809e+00
5.611317519291226574e+01,4.158177175607830733e+00
5.613318090883110045e+01,3.928231231940514157e+00
5.615318662474992806e+01,3.010047657323047687e+00
5.617319234066876277e+01,4.253871766958895684e+00
5.619319805658759748e+01,4.358009226829665295e+00
5.621320377250643219e+01,4.078290642762651963e+00
5.623320948842526690e+01,3.306714252444738822e+00
5.625321520434410161e+01,3.655343951182962403e+00
5.627322092026293632e+01,3.416689834135531179e+00
5.629322663618177103e+01,2.884668167720715104e+00
5.631323235210060574e+01,3.439718944761419372e+00
5.633323806801943334e+01,4.305786347880244946e+00
5.635324378393826805e+01,3.031337510089401999e+00
5.637324949985710276e+01,3.039341522098752524e+00
5.639325521577593747e+01,3.433678079917283910e+00
5.641326093169477218e+01,3.517239161626356303e+00
5.643326664761360689e+01,3.563666543895863015e+00
5.645327236353244160e+01,3.913556395449089287e+00
5.647327807945127631e+01,3.330483399335930628e+00
5.649328379537011102e+01,3.684733157757989375e+00
5.651328951128894573e+01,3.777369827568426430e+00
5.653329522720777334e+01,4.066419610796664585e+00
5.655330094312660805e+01,3.343769443633218152e+00
5.657330665904544276e+01,3.045781097889648237e+00
5.659331237496427747e+01,3.772894727056596231e+00
5.661331809088311218e+01,3.712077812183515846e+00
5.663332380680194689e+01,3.802216212028537434e+00
5.665332952272078160e+01,3.502529534864792460e+00
5.667333523863961631e+01,3.382166356262318541e+00
5.669334095455845102e+01,3.546602415976515932e+00
5.671334667047727862e+01,3.267128970548898614e+00
5.673335238639611333e+01,4.231514113730472815e+00
5.675335810231494804e+01,4.499685855233266807e+00
5.677336381823378275e+01,3.924941937719605534e+00
5.679336953415261746e+01,3.706541885929784730e+00
5.681337525007145217e+01,4.317894476431004769e+00
5.683338096599028688e+01,3.716534912275629488e+00
5.685338668190912159e+01,3.631196573030835317e+00
5.687339239782795630e+01,3.643288774606334712e+00
5.689339811374678391e+01,3.852070673678820611e+00
5.691340382966561862e+01,3.608976626819442757e+00
5.693340954558445333e+01,3.694598950760870526e+00
5.695341526150328804e+01,3.545851285284535859e+00
5.697342097742212275e+01,3.373307006748904158e+00
5.699342669334095746e+01,3.654415802032471738e+00
5.701343240925979217e+01,3.666464522750492616e+00
5.703343812517862688e+01,3.426161218112503626e+00
5.705344384109746159e+01,3.544094435930260634e+00
5.707344955701629630e+01,4.242823013347159389e+00
5.709345527293512390e+01,4.619416354344912712e+00
5.711346098885395861e+01,4.350928602389576128e+00
5.713346670477279332e+01,3.388442274099801921e+00
5.715347242069162803e+01,4.092991223826507152e+00
5.717347813661046274e+01,3.005225173730122989e+00
5.719348385252929745e+01,4.418365309526268270e+00
5.721348956844813216e+01,3.906874988453866937e+00
5.723349528436696687e+01,4.247867647486005538e+00
5.725350100028580158e+01,3.990368943234565258e+00
5.727350671620462919e+01,3.661676234052878343e+00
5.729351243212346390e+01,3.917320148190892137e+00
5.731351814804229861e+01,3.920434179943109498e+00
5.733352386396113332e+01,3.685497254560401004e+00
5.735352957987996803e+01,4.136961389429100855e+00
5.737353529579880274e+01,3.616317728271829957e+00
5.739354101171763745e+01,4.129016374263645872e+00
5.741354672763647216e+01,4.450539221207346685e+00
5.743355244355530687e+01,4.457590858065982431e+00
5.745355815947414158e+01,4.339285627157758896e+00
5.747356387539296918e+01,4.493742956153974788e+00
5.749356959131180389e+01,4.884274154339875551e+00
5.751357530723063860e+01,3.608242208763196235e+00
5.753358102314947331e+01,4.007628613113320526e+00
5.755358673906830802e+01,3.953972515572253599e+00
5.757359245498714273e+01,4.387363635865225930e+00
5.759359817090597744e+01,3.924907238572147072e+00
5.761360388682481215e+01,4.761707609392834328e+00
5.763360960274364686e+01,4.513331642084238204e+00
5.765361531866247446e+01,5.179950782651255636e+00
5.767362103458130917e+01,5.223815917918965823e+00
5.769362675050014388e+01,4.570738841606914349e+00
5.771363246641897859e+01,4.672938694935080406e+00
5.773363818233781330e+01,5.646654853476098523e+00
5.775364389825664801e+01,4.662499037114481659e+00
5.777364961417548272e+01,4.383921553757559764e+00
5.779365533009431743e+01,5.543540364349530236e+00
5.781366104601315214e+01,5.017826914248804115e+00
5.783366676193197975e+01,5.102342526569051628e+00
5.785367247785081446e+01,5.432435603896777820e+00
5.787367819376964917e+01,5.274222121655303575e+00
5.789368390968848388e+01,5.249999040873346345e+00
5.791368962560731859e+01,5.461071902516287935e+00
5.793369534152615330e+01,4.757034635242465725e+00
5.795370105744498801e+01,5.554034821855150739e+00
5.797370677336382272e+01,5.745799849409818805e+00
5.799371248928265743e+01,5.835954116691226545e+00
5.801371820520149214e+01,5.889889345442318458e+00
5.803372392112031974e+01,6.358308501270874658e+00
5.805372963703915445e+01,7.022186478653237529e+00
5.807373535295798916e+01,6.781019464231128779e+00
5.809374106887682387e+01,7.573169611193797834e+00
5.811374678479565858e+01,7.603827157370128376e+00
5.813375250071449329e+01,7.480829911370962648e+00
5.815375821663332800e+01,8.088597780780371949e+00
5.817376393255216271e+01,8.411366930777607109e+00
5.819376964847099742e+01,8.612445051096923265e+00
5.821377536438982503e+01,8.691306087480533904e+00
5.823378108030865974e+01,9.081200244519635589e+00
5.825378679622749445e+01,9.250761519652170861e+00
5.827379251214632916e+01,9.220472991656432526e+00
5.829379822806516387e+01,1.028720246349146450e+01
5.831380394398399858e+01,1.130337664873885828e+01
5.833380965990283329e+01,1.183832121034613039e+01
5.835381537582166800e+01,1.338014898213834059e+01
5.837382109174050271e+01,1.372439261614220030e+01
5.839382680765933742e+01,1.498151662267460082e+01
5.841383252357816502e+01,1.526640105143700765e+01
5.843383823949699973e+01,1.606531298147969622e+01
5.845384395541583444e+01,1.771701748941349308e+01
5.847384967133466915e+01,1.880076611905741402e+01
5.849385538725350386e+01,2.035965889956080943e+01
5.851386110317233857e+01,2.074688691894485970e+01
5.853386681909117328e+01,2.188249483542628226e+01
5.855387253501000799e+01,2.343904965601359436e+01
5.857387825092884270e+01,2.489137082852656135e+01
5.859388396684767031e+01,2.532229016904129182e+01
5.861388968276650502e+01,2.674211440055140798e+01
5.863389539868533973e+01,2.832227620975821836e+01
5.865390111460417444e+01,2.956100053116786697e+01
5.867390683052300915e+01,3.056141908555238729e+01
5.869391254644184386e+01,3.207089796546343763e+01
5.871391826236067857e+01,3.188898757223297764e+01
5.873392397827951328e+01,3.319964843018580325e+01
5.875392969419834799e+01,3.495390646043473026e+01
5.877393541011717559e+01,3.525555206884268955e+01
5.879394112603601030e+01,3.549506529663291587e+01
5.881394684195484501e+01,3.650187079513901978e+01
5.883395255787367972e+01,3.705919406019933149e+01
5.885395827379251443e+01,3.703279970062745008e+01
5.887396398971134914e+01,3.627017195070152411e+01
5.889396970563018385e+01,3.674182611577205648e+01
5.891397542154901856e+01,3.735218989094907727e+01
5.893398113746785327e+01,3.763206389691821130e+01
5.895398685338668798e+01,3.644402300980820542e+01
5.897399256930551559e+01,3.564441304547949585e+01
5.899399828522435030e+01,3.529174155375594069e+01
5.901400400114318501e+01,3.450832210757327800e+01
5.903400971706201972e+01,3.300299133776398008e+01
5.905401543298085443e+01,3.199558537518633017e+01
5.907402114889968914e+01,2.971397948502100306e+01
5.909402686481852385e+01,2.799543741010541353e+01
5.911403258073735856e+01,2.644975031259060572e+01
5.913403829665619327e+01,2.508163874512033686e+01
5.915404401257502087e+01,2.315015881880264459e+01
5.917404972849385558e+01,2.208932691902099776e+01
5.919405544441269029e+01,2.083274334436277542e+01
5.921406116033152500e+01,1.855611311765447624e+01
5.923406687625035971e+01,1.728757157843232761e+01
5.925407259216919442e+01,1.652645332854250171e+01
5.927407830808802913e+01,1.424379749454779187e+01
5.929408402400686384e+01,1.330559822248954305e+01
5.931408973992569855e+01,1.295559481063600593e+01
5.933409545584453326e+01,1.250128053175088283e+01
5.935410117176336087e+01,1.111664995489755192e+01
5.937410688768219558e+01,1.053989090998923928e+01
5.939411260360103029e+01,1.061174316259048211e+01
5.941411831951986500e+01,8.888408073786781216e+00
5.943412403543869971e+01,8.354262132720407408e+00
5.945412975135753442e+01,7.742371232305337969e+00
5.947413546727636913e+01,8.222275028937767516e+00
5.949414118319520384e+01,7.624941930302640003e+00
5.951414689911403855e+01,6.746952554185581263e+00
5.953415261503286615e+01,7.256841458849759618e+00
5.955415833095170086e+01,7.407344291825835647e+00
5.957416404687053557e+01,6.953376163240770680e+00
5.959416976278937028e+01,5.755867976845697953e+00
5.961417547870820499e+01,5.334277558094250082e+00
5.963418119462703970e+01,6.426521924873513925e+00
5.965418691054587441e+01,6.549521405068260194e+00
5.967419262646470912e+01,5.708107330186743766e+00
5.969419834238354383e+01,5.954607657143959010e+00
5.971420405830237144e+01,5.853644744551512957e+00
5.973420977422120615e+01,5.266348916176178285e+00
5.975421549014004086e+01,4.623464182988359816e+00
5.977422120605887557e+01,5.188269362994012646e+00
5.979422692197771028e+01,5.065858285862304911e+00
5.981423263789654499e+01,5.119981494283595502e+00
5.983423835381537970e+01,4.997852388216021069e+00
5.985424406973421441e+01,4.721633314174017215e+00
5.987424978565304912e+01,4.339632343320418251e+00
5.989425550157188383e+01,5.407885589480151189e+00
5.991426121749071143e+01,5.016853048269915405e+00
5.993426693340954614e+01,4.520138223966926994e+00
5.995427264932838085e+01,5.348293267382235427e+00
5.997427836524721556e+01,4.900675837735914975e+00
5.999428408116605027e+01,4.187157434246831400e+00
6.001428979708488498e+01,4.670966683090032490e+00
6.003429551300371969e+01,4.152738676522194972e+00
6.005430122892255440e+01,3.871292788488773340e+00
6.007430694484138911e+01,4.513450592711056863e+00
6.009431266076021672e+01,4.249795029928224110e+00
6.011431837667905143e+01,4.911810986238949184e+00
6.013432409259788614e+01,3.522916954409440304e+00
6.015432980851672085e+01,4.286902633910226967e+00
6.017433552443555556e+01,4.866520242960623577e+00
6.019434124035439027e+01,4.911259246245640142e+00
6.021434695627322498e+01,4.374985262659590646e+00
6.023435267219205969e+01,3.754335910047520652e+00
6.025435838811089440e+01,3.948101642538742961e+00
6.027436410402972911e+01,4.285272444403011249e+00
6.029436981994855671e+01,4.550055169366469698e+00
6.031437553586739142e+01,3.732707984246419475e+00
6.033438125178622613e+01,4.361079328841527492e+00
6.035438696770506084e+01,4.346167263384581148e+00
6.037439268362389555e+01,4.077854984370114622e+00
6.039439839954273026e+01,3.733761178847676110e+00
6.041440411546156497e+01,3.406261517258962090e+00
6.043440983138039968e+01,3.042661935406643536e+00
6.045441554729923439e+01,4.522339901960418906e+00
6.047442126321806199e+01,4.094484932319844006e+00
6.049442697913689670e+01,3.251711496371832322e+00
6.051443269505573141e+01,4.045572542651801662e+00
6.053443841097456612e+01,3.608484559660238844e+00
6.055444412689340083e+01,3.540044661019086547e+00
6.057444984281223554e+01,4.017491801321020795e+00
6.059445555873107025e+01,3.766669056420182127e+00
6.061446127464990496e+01,3.632308412853773039e+00
6.063446699056873967e+01,4.679150999419669610e+00
6.065447270648756728e+01,3.648939315030404362e+00
6.067447842240640199e+01,4.015307333571787041e+00
6.069448413832523670e+01,4.275661623058858218e+00
6.071448985424407141e+01,3.928606638932430339e+00
6.073449557016290612e+01,3.929398731883153584e+00
6.075450128608174083e+01,3.718845602344298840e+00
6.077450700200057554e+01,3.376632675497262870e+00
6.079451271791941025e+01,4.590122601375822953e+00
6.081451843383824496e+01,3.715876080973158579e+00
6.083452414975707967e+01,3.767411118734762088e+00
6.085452986567590727e+01,3.438595310894325685e+00
6.087453558159474198e+01,3.854008874433912268e+00
6.089454129751357669e+01,4.459043314315881190e+00
6.091454701343241140e+01,3.998068124095499609e+00
6.093455272935124611e+01,4.197913540483018124e+00
6.095455844527008082e+01,4.532430414233322935e+00
6.097456416118891553e+01,3.925962628797642573e+00
6.099456987710775024e+01,4.351069402416888110e+00
6.101457559302658495e+01,3.702951681317517618e+00
6.103458130894541256e+01,3.757441810280152339e+00
6.105458702486424727e+01,4.109287709045545967e+00
6.107459274078308198e+01,3.698331345401495884e+00
6.109459845670191669e+01,3.603371381040718191e+00
6.111460417262075140e+01,3.821406682850651215e+00
6.113460988853958611e+01,4.004297823929703348e+00
6.115461560445842082e+01,3.853417485442728552e+00
6.117462132037725553e+01,3.155970842499810303e+00
6.119462703629609024e+01,4.223270421985757750e+00
6.121463275221492495e+01,3.459839139953512444e+00
6.123463846813375255e+01,4.103753621748200686e+00
6.125464418405258726e+01,3.413427743768669753e+00
6.127464989997142197e+01,3.633125523817309688e+00
6.129465561589025668e+01,3.548534039315083710e+00
6.131466133180909139e+01,3.261640432346958995e+00
6.133466704772792610e+01,3.871505933541448563e+00
6.135467276364676081e+01,2.815673106995484787e+00
6.137467847956559552e+01,3.809768988826213398e+00
6.139468419548443023e+01,3.982090268046600823e+00
6.141468991140325784e+01,3.963494761111997278e+00
6.143469562732209255e+01,3.252643786362219291e+00
6.145470134324092726e+01,3.609385718356864281e+00
6.147470705915976197e+01,3.594924066881362901e+00
6.149471277507859668e+01,4.113377341898257988e+00
6.151471849099743139e+01,3.983176967817887437e+00
6.153472420691626610e+01,3.944325241781264424e+00
6.155472992283510081e+01,3.222945963398930580e+00
6.157473563875393552e+01,3.906356902456435520e+00
6.159474135467276312e+01,3.322413085070408556e+00
6.161474707059159783e+01,2.866989974123832496e+00
6.163475278651043254e+01,3.501094177823249165e+00
6.165475850242926725e+01,3.746049813852001087e+00
6.167476421834810196e+01,3.660584540262204367e+00
6.169476993426693667e+01,3.188872340736534916e+00
6.171477565018577138e+01,2.776018311102011360e+00
6.173478136610460609e+01,3.714091954022843645e+00
6.175478708202344080e+01,3.664781197121686152e+00
6.177479279794227551e+01,3.544923543485484885e+00
6.179479851386110312e+01,3.616948611126703295e+00
6.181480422977993783e+01,3.141034313391509958e+00
6.183480994569877254e+01,3.243717051394449324e+00
6.185481566161760725e+01,3.103478500278911589e+00
6.187482137753644196e+01,2.732976019941872448e+00
6.189482709345527667e+01,4.264620723686551429e+00
6.191483280937411138e+01,3.377162648820789315e+00
6.193483852529294609e+01,3.532008336114878855e+00
6.195484424121178080e+01,3.424800028302826149e+00
6.197484995713060840e+01,3.791639137541846338e+00
6.199485567304944311e+01,4.120848123825765263e+00
6.201486138896827782e+01,3.356487793724459490e+00
6.203486710488711253e+01,3.538867485321479656e+00
6.205487282080594724e+01,3.815696861832288178e+00
6.207487853672478195e+01,3.048037809305340851e+00
6.209488425264361666e+01,3.203563183772886180e+00
6.211488996856245137e+01,3.673019054903728708e+00
6.213489568448128608e+01,3.533834992144302412e+00
6.215490140040011369e+01,3.631975074902483946e+00
6.217490711631894840e+01,3.935620583576559195e+00
6.219491283223778311e+01,3.591644184948204810e+00
6.221491854815661782e+01,3.915128964490055541e+00
6.223492426407545253e+01,2.986147971811204282e+00
6.225492997999428724e+01,3.351125059781717486e+00
6.227493569591312195e+01,3.123184819324000383e+00
6.229494141183195666e+01,3.531556778645241756e+00
6.231494712775079137e+01,2.790407417604501283e+00
6.233495284366962608e+01,4.018414106286125609e+00
6.235495855958845368e+01,3.044579261271032511e+00
6.237496427550728839e+01,4.053632518030243936e+00
6.239496999142612310e+01,3.399331970734395192e+00
6.241497570734495781e+01,3.680395114209280560e+00
6.243498142326379252e+01,3.086354995435535820e+00
6.245498713918262723e+01,2.785008237254252172e+00
6.247499285510146194e+01,2.886020802630676840e+00
6.249499857102029665e+01,3.056735880805877770e+00
6.251500428693913136e+01,3.014770307109913450e+00
6.253501000285795897e+01,3.341125377219182013e+00
6.255501571877679368e+01,3.201732026386173935e+00
6.257502143469562839e+01,3.851902357979169356e+00
6.259502715061446310e+01,3.729052230126296497e+00
6.261503286653329781e+01,2.946294653486307702e+00
6.263503858245213252e+01,3.801421203943595728e+00
6.265504429837096723e+01,3.251719156461720939e+00
6.267505001428980194e+01,3.444428507072232470e+00
6.269505573020863665e+01,4.107965990714334659e+00
6.271506144612747136e+01,3.057079487303851373e+00
6.273506716204629896e+01,3.019151448282389349e+00
6.275507287796513367e+01,3.904866033763731981e+00
6.277507859388396838e+01,3.191374605941066811e+00
6.279508430980280309e+01,4.323286277808381151e+00
6.281509002572163780e+01,3.160610593208841745e+00
6.283509574164047251e+01,2.982244175460127433e+00
6.285510145755930722e+01,3.857515700449947182e+00
6.287510717347814193e+01,3.595470587461401024e+00
6.289511288939697664e+01,2.980833375967943955e+00
6.291511860531580425e+01,2.698440499562928085e+00
6.293512432123463896e+01,3.785029906225465535e+00
6.295513003715347367e+01,3.476249883340540414e+00
6.297513575307230838e+01,3.584837346368165978e+00
6.299514146899114309e+01,3.862501221282591324e+00
6.301514718490997780e+01,3.323101071187516631e+00
6.303515290082881251e+01,3.704776344812677369e+00
6.305515861674764722e+01,3.669223623753425478e+00
6.307516433266648193e+01,3.228940642455938370e+00
6.309517004858530953e+01,4.189363734841272446e+00
6.311517576450414424e+01,3.571374504634623914e+00
6.313518148042297895e+01,3.809886475091437852e+00
6.315518719634181366e+01,3.046874465501092644e+00
6.317519291226064837e+01,2.962549780017361911e+00
6.319519862817948308e+01,3.434728441490385364e+00
6.321520434409831779e+01,3.619004570889498673e+00
6.323521006001715250e+01,3.309389750471409375e+00
6.325521577593598721e+01,3.557518198135616316e+00
6.327522149185482192e+01,2.825137719962674598e+00
6.329522720777364952e+01,3.172888697963868854e+00
6.331523292369248423e+01,3.234743119428279190e+00
6.333523863961131894e+01,3.694986935755138813e+00
6.335524435553015365e+01,3.405341274687093023e+00
6.337525007144898836e+01,3.447920763390496468e+00
6.339525578736782307e+01,2.972069319015523181e+00
6.341526150328665778e+01,3.614587491388242757e+00
6.343526721920549249e+01,3.376371694116667932e+00
6.345527293512432720e+01,3.262020423524018220e+00
6.347527865104315481e+01,3.853469381478461742e+00
6.349528436696198952e+01,3.148823426606071063e+00
6.351529008288082423e+01,3.502002092024945057e+00
6.353529579879965894e+01,3.725062741628195173e+00
6.355530151471849365e+01,2.945616009023091841e+00
6.357530723063732836e+01,3.657476114792221455e+00
6.359531294655616307e+01,3.743720937838462604e+00
6.361531866247499778e+01,3.487371251763980773e+00
6.363532437839383249e+01,3.386182027021833907e+00
6.365533009431266720e+01,3.198768839566256794e+00
6.367533581023149480e+01,4.111348327295692329e+00
6.369534152615032951e+01,3.437352972387680783e+00
6.371534724206916422e+01,3.502522202718288291e+00
6.373535295798799893e+01,3.046175636872611392e+00
6.375535867390683364e+01,3.191645263015501222e+00
6.377536438982566835e+01,3.098518249484158993e+00
6.379537010574450306e+01,3.552719505688758161e+00
6.381537582166333777e+01,2.983541225875551817e+00
6.383538153758217248e+01,3.324615119151164144e+00
6.385538725350100009e+01,4.066990255358033934e+00
6.387539296941983480e+01,3.783930776958808639e+00
6.389539868533866951e+01,2.736261694649693155e+00
6.391540440125750422e+01,2.732893249926479307e+00
6.393541011717633893e+01,3.541762407358560960e+00
6.395541583309517364e+01,3.183481908340859867e+00
6.397542154901400835e+01,3.154281062844987993e+00
6.399542726493284306e+01,4.176347478585825002e+00
6.401543298085167066e+01,3.680235602087768676e+00
6.403543869677051248e+01,3.726654380734811589e+00
6.405544441268934008e+01,3.425239415536160514e+00
6.407545012860816769e+01,3.422331618132375297e+00
6.409545584452700950e+01,2.915657974023539989e+00
6.411546156044585132e+01,2.883094299282119799e+00
6.413546727636467892e+01,3.301771910592972148e+00
6.415547299228350653e+01,3.719828855728088968e+00
6.417547870820234834e+01,3.417221656130844387e+00
6.419548442412119016e+01,3.470245902006560357e+00
6.421549014004001776e+01,2.999014298660708455e+00
6.423549585595884537e+01,3.098587483849065904e+00
6.425550157187768718e+01,3.308554354826331423e+00
6.427550728779651479e+01,3.451748525386050925e+00
6.429551300371534239e+01,3.585224519770094709e+00
6.431551871963418421e+01,4.157236270867956662e+00
6.433552443555302602e+01,3.896456563072660195e+00
6.435553015147185363e+01,3.551555026436920226e+00
6.437553586739068123e+01,3.522642538516347344e+00
6.439554158330952305e+01,3.676314554652952982e+00
6.441554729922835065e+01,3.756443988249507981e+00
6.443555301514717826e+01,3.484231970388729671e+00
6.445555873106602007e+01,2.519896160678900543e+00
6.447556444698486189e+01,3.299735994243726100e+00
6.449557016290368949e+01,3.791085223024611928e+00
6.451557587882251710e+01,2.956172012308022179e+00
6.453558159474135891e+01,2.737411841169683058e+00
6.455558731066020073e+01,4.164482520705261592e+00
6.457559302657902833e+01,3.626800219689430449e+00
6.459559874249785594e+01,2.818028534702822885e+00
6.461560445841669775e+01,3.399757761312827142e+00
6.463561017433552536e+01,3.448080223303469083e+00
6.465561589025435296e+01,3.820380700033648935e+00
6.467562160617319478e+01,3.702800653033040845e+00
6.469562732209203659e+01,3.119500783497969110e+00
6.471563303801086420e+01,2.521475176035789190e+00
6.473563875392969180e+01,3.623757150588349241e+00
6.475564446984853362e+01,3.541250463736981047e+00
6.477565018576737543e+01,3.453869957851181560e+00
6.479565590168618883e+01,3.014269127468156562e+00
6.481566161760503064e+01,3.043398280585846827e+00
6.483566733352387246e+01,2.765776354024248818e+00
6.485567304944270006e+01,3.011077220887500516e+00
6.487567876536152767e+01,2.961366252725469828e+00
6.489568448128036948e+01,4.005302411874919422e+00
6.491569019719921130e+01,2.477881173087461253e+00
6.493569591311803890e+01,3.156708631200349835e+00
6.495570162903686651e+01,2.863287350527442321e+00
6.497570734495570832e+01,3.371088245668673711e+00
6.499571306087453593e+01,3.874383857862673697e+00
6.501571877679336353e+01,3.809575114512632421e+00
6.503572449271220535e+01,3.957329284345046272e+00
6.505573020863104716e+01,3.279895454727026038e+00
6.507573592454987477e+01,3.602780441210390094e+00
6.509574164046870237e+01,3.498562668981743951e+00
6.511574735638754419e+01,3.758238298193827376e+00
6.513575307230638600e+01,3.173268273882772661e+00
6.515575878822521361e+01,3.202246175197109412e+00
6.517576450414404121e+01,3.699342901794548943e+00
6.519577022006288303e+01,3.399133064167447316e+00
6.521577593598171063e+01,3.346081321391245922e+00
6.523578165190053824e+01,3.398985459901518347e+00
6.525578736781938005e+01,3.432418127104589711e+00
6.527579308373822187e+01,2.928262054374685341e+00
6.529579879965704947e+01,3.693051033941689543e+00
6.531580451557587708e+01,3.116796858760221056e+00
6.533581023149471889e+01,3.061331750726504985e+00
6.535581594741354650e+01,2.761951497499117281e+00
6.537582166333237410e+01,2.813753334189294630e+00
6.539582737925121592e+01,3.130699736680143452e+00
6.541583309517005773e+01,3.182868563972612641e+00
6.543583881108888534e+01,2.557725180489284877e+00
6.545584452700771294e+01,4.019545847609662381e+00
6.547585024292655476e+01,4.258476436518209951e+00
6.549585595884539657e+01,3.334168838579254057e+00
6.551586167476422418e+01,2.863293923846582434e+00
6.553586739068305178e+01,3.536388163267783824e+00
6.555587310660189360e+01,3.112951581952427382e+00
6.557587882252072120e+01,3.107353665989875502e+00
6.559588453843954881e+01,3.127038373186437514e+00
6.561589025435839062e+01,3.749081148792526186e+00
6.563589597027723244e+01,3.473958479309167124e+00
6.565590168619606004e+01,3.320379468708848592e+00
6.567590740211488765e+01,3.664086341307810635e+00
6.569591311803372946e+01,2.918468311727339781e+00
6.571591883395257128e+01,3.729589147539126515e+00
6.573592454987138467e+01,3.571643588491550503e+00
6.575593026579022649e+01,3.699100391020892609e+00
6.577593598170906830e+01,3.708442173693697441e+00
6.579594169762789591e+01,3.043118886077953000e+00
6.581594741354672351e+01,3.545620028282703728e+00
6.583595312946556533e+01,3.618610313657082855e+00
6.585595884538440714e+01,3.169343274229664775e+00
6.587596456130323475e+01,3.693890815948589701e+00
6.589597027722206235e+01,3.589843980037692894e+00
6.591597599314090417e+01,3.734345123462656790e+00
6.593598170905973177e+01,3.640763853682543960e+00
6.595598742497855937e+01,3.186838355810968970e+00
6.597599314089740119e+01,3.430338337245054880e+00
6.599599885681624301e+01,3.687617418585629636e+00
6.601600457273507061e+01,3.368194472445554144e+00
6.603601028865389821e+01,3.727668412764388872e+00
6.605601600457274003e+01,3.004590804271928484e+00
6.607602172049158185e+01,3.097343865339383662e+00
6.609602743641040945e+01,3.451204379884940554e+00
6.611603315232923705e+01,3.017617343003322183e+00
6.613603886824807887e+01,3.509663004683150511e+00
6.615604458416690647e+01,3.019397296631026961e+00
6.617605030008573408e+01,3.121704559065925366e+00
6.619605601600457589e+01,3.393224978494992605e+00
6.621606173192341771e+01,4.128870017685150273e+00
6.623606744784224531e+01,3.548070127169573151e+00
6.625607316376107292e+01,3.632170376556197233e+00
6.627607887967991473e+01,3.344176376091038350e+00
6.629608459559874234e+01,4.142778337815303580e+00
6.631609031151756994e+01,4.003705615839639798e+00
6.633609602743641176e+01,3.517480613621300378e+00
6.635610174335525357e+01,3.615732651431186273e+00
6.637610745927408118e+01,3.983049891577437052e+00
6.639611317519290878e+01,3.319717829743189075e+00
6.641611889111175060e+01,3.748178655353264332e+00
6.643612460703059241e+01,3.172981983412100693e+00
6.645613032294942002e+01,3.856354020297243501e+00
6.647613603886824762e+01,3.385301925901039954e+00
6.649614175478708944e+01,3.571935952236624523e+00
6.651614747070591704e+01,3.602707713960611180e+00
6.653615318662474465e+01,3.496673342397458750e+00
6.655615890254358646e+01,3.504188551428893739e+00
6.657616461846242828e+01,3.364876231902598214e+00
6.659617033438125588e+01,3.582752189168779022e+00
6.661617605030008349e+01,2.842424409314270761e+00
6.663618176621892530e+01,4.053431060737779035e+00
6.665618748213776712e+01,3.836446655145428597e+00
6.667619319805658051e+01,3.111547417387630965e+00
6.669619891397542233e+01,3.215453279329312686e+00
6.671620462989426414e+01,2.670881338860717324e+00
6.673621034581309175e+01,3.060471030897396805e+00
6.675621606173191935e+01,3.932776867853617464e+00
6.677622177765076117e+01,4.187079570939629569e+00
6.679622749356960298e+01,3.125126695700104484e+00
6.681623320948843059e+01,3.651090679709954490e+00
6.683623892540725819e+01,3.824934029716295480e+00
6.685624464132610001e+01,3.708836826289043209e+00
6.687625035724492761e+01,3.765221114535731939e+00
6.689625607316375522e+01,2.798655588249176152e+00
6.691626178908259703e+01,3.924825780776196371e+00
6.693626750500143885e+01,3.227257464270809617e+00
6.695627322092026645e+01,4.311558359785104599e+00
6.697627893683909406e+01,3.183016034298839170e+00
6.699628465275793587e+01,2.765340704002404060e+00
6.701629036867677769e+01,2.865455263307715050e+00
6.703629608459560529e+01,3.887778066145780365e+00
6.705630180051443290e+01,4.133280985115662887e+00
6.707630751643327471e+01,3.711652280144191796e+00
6.709631323235210232e+01,3.845215595713606049e+00
6.711631894827092992e+01,3.707581279804950558e+00
6.713632466418977174e+01,3.270852058817298680e+00
6.715633038010861355e+01,3.586472133330707024e+00
6.717633609602744116e+01,4.070434975648301368e+00
6.719634181194626876e+01,3.920501330576481536e+00
6.721634752786511058e+01,3.856540307677806645e+00
6.723635324378393818e+01,3.546165476998919708e+00
6.725635895970276579e+01,3.398196600171004889e+00
6.727636467562160760e+01,3.766506002645074513e+00
6.729637039154044942e+01,3.693345743824563598e+00
6.731637610745927702e+01,2.823937554694921914e+00
6.733638182337810463e+01,3.539974487267351755e+00
6.735638753929694644e+01,3.070436398275808276e+00
6.737639325521578826e+01,3.122432047331361815e+00
6.739639897113461586e+01,4.465489014504163912e+00
6.741640468705344347e+01,3.339047303930658295e+00
6.743641040297228528e+01,4.276800005075180877e+00
6.745641611889111289e+01,3.568816826643427476e+00
6.747642183480994049e+01,3.094542447186830803e+00
6.749642755072878231e+01,3.446018353750757601e+00
6.751643326664762412e+01,2.718131177259129672e+00
6.753643898256645173e+01,3.399704640685875301e+00
6.755644469848527933e+01,3.685834051771708531e+00
6.757645041440412115e+01,3.814434119684223301e+00
6.759645613032296296e+01,3.021216645693681979e+00
6.761646184624177636e+01,3.482504246793747704e+00
6.763646756216061817e+01,3.539335572945526032e+00
6.765647327807945999e+01,3.537478913237809497e+00
6.767647899399828759e+01,2.784069979806720774e+00
6.769648470991711520e+01,3.657373170554755415e+00
6.771649042583595701e+01,3.460504276977002913e+00
6.773649614175479883e+01,3.716493122047310749e+00
6.775650185767362643e+01,3.594786323686987917e+00
6.777650757359245404e+01,3.553248799966423732e+00
6.779651328951129585e+01,3.164792414583723623e+00
6.781651900543012346e+01,4.374527971327284881e+00
6.783652472134895106e+01,4.155844845768496221e+00
6.785653043726779288e+01,3.422420896902301113e+00
6.787653615318663469e+01,4.297523903852956906e+00
6.789654186910546230e+01,4.469575645812234654e+00
6.791654758502428990e+01,3.630167276934810339e+00
6.793655330094313172e+01,3.596214718032021196e+00
6.795655901686197353e+01,3.610320472898415289e+00
6.797656473278080114e+01,3.150213580929451584e+00
6.799657044869962874e+01,3.366539907331365988e+00
6.801657616461847056e+01,3.949476539130969854e+00
6.803658188053729816e+01,3.757018574469606520e+00
6.805658759645612577e+01,3.618389507707108876e+00
6.807659331237496758e+01,3.574495443893864977e+00
6.809659902829380940e+01,3.748340911110807472e+00
6.811660474421263700e+01,3.780580087934376721e+00
6.813661046013146461e+01,4.302782873762350135e+00
6.815661617605030642e+01,4.481723465129973327e+00
6.817662189196913403e+01,4.125263469573853925e+00
6.819662760788796163e+01,3.255765285983756918e+00
6.821663332380680345e+01,4.071399504533069091e+00
6.823663903972564526e+01,3.533546014633186516e+00
6.825664475564447287e+01,3.129305571095140071e+00
6.827665047156330047e+01,3.267694073007666233e+00
6.829665618748214229e+01,3.278753794782561570e+00
6.831666190340098410e+01,4.088886374630980924e+00
6.833666761931981171e+01,3.152828637667098199e+00
6.835667333523863931e+01,3.713918266942318969e+00
6.837667905115748113e+01,2.990646297757521221e+00
6.839668476707630873e+01,3.697994074097025852e+00
6.841669048299513634e+01,3.314402693642634734e+00
6.843669619891397815e+01,3.680886005674401940e+00
6.845670191483281997e+01,4.434649513454735015e+00
6.847670763075164757e+01,2.970909286730555543e+00
6.849671334667047518e+01,4.264432863941954643e+00
6.851671906258931699e+01,3.541703230979671879e+00
6.853672477850815881e+01,3.174518093289765641e+00
6.855673049442697220e+01,3.817060308435573646e+00
6.857673621034581402e+01,3.661361996823489839e+00
6.859674192626465583e+01,4.133904382822840340e+00
6.861674764218348344e+01,3.439766919694538849e+00
6.863675335810231104e+01,4.107391729817800652e+00
6.865675907402115286e+01,3.813429151332393019e+00
6.867676478993999467e+01,4.198161143712198395e+00
6.869677050585882228e+01,4.300941798617995637e+00
6.871677622177764988e+01,3.000888343017517279e+00
6.873678193769649170e+01,4.397082383664659311e+00
6.875678765361531930e+01,3.317382264264762792e+00
6.877679336953414690e+01,4.035744470459043498e+00
6.879679908545298872e+01,3.903406067477098063e+00
6.881680480137183054e+01,3.786434821537071560e+00
6.883681051729065814e+01,3.648084603564349049e+00
6.885681623320948574e+01,3.608685957720012105e+00
6.887682194912832756e+01,4.189823672188400572e+00
6.889682766504716938e+01,3.774583955886113174e+00
6.891683338096599698e+01,3.718726970434500956e+00
6.893683909688482458e+01,3.960337922428116997e+00
6.895684481280366640e+01,4.110420147765654342e+00
6.897685052872249400e+01,4.195552326651421637e+00
6.899685624464132161e+01,3.461134887671196481e+00
6.901686196056016342e+01,3.782249160683208711e+00
6.903686767647900524e+01,4.034936276847741254e+00
6.905687339239783284e+01,4.596011803449210120e+00
6.907687910831666045e+01,4.635009090602709492e+00
6.909688482423550226e+01,3.736261996034897059e+00
6.911689054015432987e+01,4.546483795585465337e+00
6.913689625607315747e+01,4.695533451597165175e+00
6.915690197199199929e+01,4.489275324226895236e+00
6.917690768791084110e+01,4.307036033393519148e+00
6.919691340382966871e+01,5.144126203088720928e+00
6.921691911974849631e+01,4.765780442672995498e+00
6.923692483566733813e+01,4.725741631578092239e+00
6.925693055158617994e+01,4.563421625016196082e+00
6.927693626750500755e+01,4.260138169437956535e+00
6.929694198342383515e+01,4.975583822151611990e+00
6.931694769934267697e+01,4.702822649235307573e+00
6.933695341526150457e+01,4.966017200538091814e+00
6.935695913118033218e+01,5.004062489914353762e+00
6.937696484709917399e+01,5.417489863775586834e+00
6.939697056301801581e+01,5.126663113865667754e+00
6.941697627893684341e+01,5.090759999396176738e+00
6.943698199485567102e+01,5.856138058159182869e+00
6.945698771077451283e+01,4.936221834591455249e+00
6.947699342669335465e+01,5.859231511533256054e+00
6.949699914261216804e+01,6.030882053697335543e+00
6.951700485853100986e+01,5.609531096555659069e+00
6.953701057444985167e+01,5.473620626218878016e+00
6.955701629036867928e+01,5.963049617489797782e+00
6.957702200628750688e+01,6.928593154787421327e+00
6.959702772220634870e+01,7.358134809151618327e+00
6.961703343812519051e+01,6.487741435776677612e+00
6.963703915404401812e+01,7.812508910995134670e+00
6.965704486996284572e+01,7.573938635066173930e+00
6.967705058588168754e+01,7.740565078251741227e+00
6.969705630180051514e+01,7.942542739481062597e+00
6.971706201771934275e+01,8.767611550799339071e+00
6.973706773363818456e+01,8.480492574746154588e+00
6.975707344955702638e+01,8.855333628596252282e+00
6.977707916547585398e+01,1.006201765978369700e+01
6.979708488139468159e+01,1.084472646812286811e+01
6.981709059731352340e+01,1.085620842164435196e+01
6.983709631323236522e+01,1.168933670367476552e+01
6.985710202915119282e+01,1.172395488851674017e+01
6.987710774507002043e+01,1.226514381812027921e+01
6.989711346098886224e+01,1.364808044319661917e+01
6.991711917690768985e+01,1.479915098294766551e+01
6.993712489282651745e+01,1.513267523490257815e+01
6.995713060874535927e+01,1.673435447304203194e+01
6.997713632466420108e+01,1.764403997444513905e+01
6.999714204058302869e+01,1.782168103572160334e+01
7.001714775650185629e+01,1.917641522802804843e+01
7.003715347242069811e+01,2.033777528385142119e+01
7.005715918833952571e+01,2.075543537323942545e+01
7.007716490425835332e+01,2.208392269621886328e+01
7.009717062017719513e+01,2.351107658299662972e+01
7.011717633609603695e+01,2.381932234383516800e+01
7.013718205201486455e+01,2.400995401895313464e+01
7.015718776793369216e+01,2.405246299292454637e+01
7.017719348385253397e+01,2.548653791800858670e+01
7.019719919977137579e+01,2.498592391463537155e+01
7.021720491569020339e+01,2.563394768261751366e+01
7.023721063160903100e+01,2.541832255776701288e+01
7.025721634752787281e+01,2.481126112431657305e+01
7.027722206344670042e+01,2.406257614613537754e+01
7.029722777936552802e+01,2.338593103866051237e+01
7.031723349528436984e+01,2.377818902521381617e+01
7.033723921120321165e+01,2.341280208503234661e+01
7.035724492712203926e+01,2.194115492666281142e+01
7.037725064304086686e+01,2.094645900050053910e+01
7.039725635895970868e+01,2.104672676286038779e+01
7.041726207487855049e+01,2.087438154161343462e+01
7.043726779079736389e+01,1.995018787794446524e+01
7.045727350671620570e+01,1.950342803820769433e+01
7.047727922263504752e+01,1.862259885505958579e+01
7.049728493855387512e+01,1.878074730122686731e+01
7.051729065447270273e+01,1.818977332708801953e+01
7.053729637039154454e+01,1.830561544685207309e+01
7.055730208631038636e+01,1.778021267156168506e+01
7.057730780222921396e+01,1.796266949194653861e+01
7.059731351814804157e+01,1.718224812089569653e+01
7.061731923406688338e+01,1.746115288097227491e+01
7.063732494998571099e+01,1.686687650365538360e+01
7.065733066590453859e+01,1.655626863464060605e+01
7.067733638182338041e+01,1.697648501074538530e+01
7.069734209774222222e+01,1.590550373772293113e+01
7.071734781366104983e+01,1.617851539406984074e+01
7.073735352957987743e+01,1.560834744946949115e+01
7.075735924549871925e+01,1.475481273668457760e+01
7.077736496141756106e+01,1.498733021174589553e+01
7.079737067733638867e+01,1.390360316850735245e+01
7.081737639325521627e+01,1.264949783334446565e+01
7.083738210917405809e+01,1.324612459053277291e+01
7.085738782509288569e+01,1.240385628302074394e+01
7.087739354101171330e+01,1.147365440099379086e+01
7.089739925693055511e+01,1.109011768444609203e+01
7.091740497284939693e+01,9.424097059567007051e+00
7.093741068876822453e+01,1.009483220629123679e+01
7.095741640468705214e+01,8.568014447684625168e+00
7.097742212060589395e+01,8.259641436898176536e+00
7.099742783652472156e+01,9.024097132968153190e+00
7.101743355244354916e+01,7.588082002749478860e+00
7.103743926836239098e+01,7.028610807229769719e+00
7.105744498428123279e+01,6.836989956818723790e+00
7.107745070020006040e+01,7.646452334907410275e+00
7.109745641611888800e+01,6.833509977168072069e+00
7.111746213203772982e+01,6.723715153106468279e+00
7.113746784795657163e+01,6.401819172152124260e+00
7.115747356387539924e+01,5.578335614044727109e+00
7.117747927979422684e+01,6.522856155445090565e+00
7.119748499571306866e+01,5.527233902626955242e+00
7.121749071163189626e+01,5.661153926596423247e+00
7.123749642755072387e+01,5.327299351746823675e+00
7.125750214346956568e+01,4.721260427294508233e+00
7.127750785938840750e+01,5.725033145725845429e+00
7.129751357530723510e+01,5.151237261214578922e+00
7.131751929122606271e+01,5.148365242445253287e+00
7.133752500714490452e+01,4.620461824375516002e+00
7.135753072306374634e+01,4.429480821843828409e+00
7.137753643898255973e+01,4.845719234250221774e+00
7.139754215490140155e+01,4.393751227841523388e+00
7.141754787082024336e+01,5.215965432878405750e+00
7.143755358673907097e+01,4.373099519947531100e+00
7.145755930265789857e+01,5.142295351022463379e+00
7.147756501857674039e+01,5.131237448159824410e+00
7.149757073449558220e+01,4.190010844310609883e+00
7.151757645041440981e+01,4.874267350208587146e+00
7.153758216633323741e+01,4.564508389208761230e+00
7.155758788225207923e+01,4.775058299727138689e+00
7.157759359817090683e+01,3.863360613662401466e+00
7.159759931408973443e+01,3.600376955909326604e+00
7.161760503000857625e+01,3.537717641411055602e+00
7.163761074592741807e+01,4.695964681736937152e+00
7.165761646184624567e+01,4.572031638233092998e+00
7.167762217776507327e+01,3.861241123123233532e+00
7.169762789368391509e+01,4.322502551829037643e+00
7.171763360960275691e+01,4.538054675169783891e+00
7.173763932552158451e+01,4.001880489226499193e+00
7.175764504144041211e+01,4.302720515709345328e+00
7.177765075735925393e+01,4.812929265021145042e+00
7.179765647327808153e+01,3.527324214715763961e+00
7.181766218919690914e+01,3.815242349828708690e+00
7.183766790511575095e+01,4.527982356162370436e+00
7.185767362103459277e+01,4.305246336517740247e+00
7.187767933695342037e+01,4.351848130439523565e+00
7.189768505287224798e+01,3.316472857687179587e+00
7.191769076879108979e+01,4.518165638572555487e+00
7.193769648470991740e+01,4.420664594715152163e+00
7.195770220062874500e+01,3.716186113355366416e+00
7.197770791654758682e+01,3.681664436415991837e+00
7.199771363246642863e+01,4.577863327046279629e+00
7.201771934838525624e+01,3.715902746703542370e+00
7.203772506430408384e+01,4.186519480031885898e+00
7.205773078022292566e+01,3.723090589484894686e+00
7.207773649614176747e+01,3.549590192076069961e+00
7.209774221206059508e+01,4.273402337686041719e+00
7.211774792797942268e+01,3.446304548008727320e+00
7.213775364389826450e+01,3.581754081973464565e+00
7.215775935981709210e+01,3.947127817742062561e+00
7.217776507573591971e+01,3.182494641409813863e+00
7.219777079165476152e+01,4.314984512941013151e+00
7.221777650757360334e+01,4.509977586443603137e+00
7.223778222349243094e+01,3.799051456883869804e+00
7.225778793941125855e+01,4.529505215362503279e+00
7.227779365533010036e+01,3.392520820184544483e+00
7.229779937124894218e+01,3.658750038826275031e+00
7.231780508716775557e+01,3.506739721853424641e+00
7.233781080308659739e+01,3.591853482026456490e+00
7.235781651900543920e+01,3.517429347175336840e+00
7.237782223492426681e+01,3.672838924323395204e+00
7.239782795084309441e+01,3.506716250486211273e+00
7.241783366676193623e+01,3.953666247409120871e+00
7.243783938268077804e+01,3.516043072146294968e+00
7.245784509859960565e+01,3.924812733267765807e+00
7.247785081451843325e+01,4.223779940232874175e+00
7.249785653043727507e+01,4.394873183968424968e+00
7.251786224635610267e+01,3.449327257819473580e+00
7.253786796227493028e+01,4.416110347806752934e+00
7.255787367819377209e+01,3.630581400707066919e+00
7.257787939411261391e+01,3.725942749314919311e+00
7.259788511003144151e+01,4.025702636571075743e+00
7.261789082595026912e+01,3.755915163627365772e+00
7.263789654186911093e+01,4.107874496789704288e+00
7.265790225778795275e+01,3.752397942101322936e+00
7.267790797370678035e+01,3.197470622888602509e+00
7.269791368962560796e+01,3.011550405338250691e+00
7.271791940554444977e+01,4.614282200811168799e+00
7.273792512146327738e+01,3.946999291918900532e+00
7.275793083738210498e+01,3.312168230821167736e+00
7.277793655330094680e+01,3.231951448400259608e+00
7.279794226921978861e+01,4.173067012996320102e+00
7.281794798513861622e+01,4.042257356168594384e+00
7.283795370105744382e+01,4.272956623100277795e+00
7.285795941697628564e+01,4.220702560481789156e+00
7.287796513289511324e+01,4.388732574818146048e+00
7.289797084881394085e+01,3.239692614636214607e+00
7.291797656473278266e+01,3.828897934221838995e+00
7.293798228065162448e+01,4.124991476498244047e+00
7.295798799657045208e+01,4.418888083095303898e+00
7.297799371248927969e+01,3.603029999953855089e+00
7.299799942840812150e+01,3.883126788956649644e+00
7.301800514432696332e+01,4.073673618880303771e+00
7.303801086024579092e+01,4.683571377823876780e+00
7.305801657616461853e+01,4.013452982821794635e+00
7.307802229208346034e+01,4.431487229430349117e+00
7.309802800800228795e+01,4.685882571820608078e+00
7.311803372392111555e+01,3.553675295816022928e+00
7.313803943983995737e+01,3.706029233536983547e+00
7.315804515575879918e+01,4.387462100158632694e+00
7.317805087167762679e+01,3.840229374623073344e+00
7.319805658759645439e+01,4.437995021382667993e+00
7.321806230351529621e+01,4.702004230546533492e+00
7.323806801943413802e+01,4.785515118954718261e+00
7.325807373535295142e+01,4.943896287215509666e+00
7.327807945127179323e+01,4.690896223592991632e+00
7.329808516719063505e+01,4.448734375004737451e+00
7.331809088310946265e+01,4.215505956531141685e+00
7.333809659902829026e+01,4.675285150096649467e+00
7.335810231494713207e+01,4.863285665311591899e+00
7.337810803086597389e+01,4.951290461003928556e+00
7.339811374678480149e+01,5.242146064344082035e+00
7.341811946270362910e+01,5.438638586990588664e+00
7.343812517862247091e+01,5.257025121481923691e+00
7.345813089454129852e+01,5.169703385608229951e+00
7.347813661046012612e+01,5.039092916448116632e+00
7.349814232637896794e+01,6.021207069690548863e+00
7.351814804229780975e+01,5.314553877367817591e+00
7.353815375821663736e+01,6.428865146272979558e+00
7.355815947413546496e+01,5.832278854030032988e+00
7.357816519005430678e+01,5.733247625516819213e+00
7.359817090597314859e+01,6.667588721099521720e+00
7.361817662189197620e+01,6.104387390991156792e+00
7.363818233781080380e+01,6.808804895685579339e+00
7.365818805372964562e+01,7.722919161681949696e+00
7.367819376964847322e+01,7.420605875795999395e+00
7.369819948556730083e+01,8.180938262777640801e+00
7.371820520148614264e+01,8.311952068794656867e+00
7.373821091740498446e+01,8.777280813111531188e+00
7.375821663332381206e+01,9.319459776982512267e+00
7.377822234924263967e+01,9.920888607633360223e+00
7.379822806516148148e+01,9.891626315086705645e+00
7.381823378108030909e+01,1.030577438795269174e+01
7.383823949699913669e+01,1.089020552158718402e+01
7.385824521291797851e+01,1.270839092964243378e+01
7.387825092883682032e+01,1.204156398852507337e+01
7.389825664475564793e+01,1.370657616201086171e+01
7.391826236067447553e+01,1.333648323266968205e+01
7.393826807659331735e+01,1.485486798467146130e+01
7.395827379251215916e+01,1.569871991799212907e+01
7.397827950843098677e+01,1.573118447502281825e+01
7.399828522434981437e+01,1.609639121941139805e+01
7.401829094026865619e+01,1.632524747397424392e+01
7.403829665618748379e+01,1.638855395344450372e+01
7.405830237210632561e+01,1.651564545497480196e+01
7.407830808802515321e+01,1.683201332528655669e+01
7.409831380394398082e+01,1.585066230112088803e+01
7.411831951986282263e+01,1.597833202276038556e+01
7.413832523578165024e+01,1.500642427200508244e+01
7.415833095170049205e+01,1.575381192481413706e+01
7.417833666761931966e+01,1.400297929733203262e+01
7.419834238353816147e+01,1.387617899131643817e+01
7.421834809945698908e+01,1.279633793878913295e+01
7.423835381537583089e+01,1.184353966988424212e+01
7.425835953129465850e+01,1.228634062645621938e+01
7.427836524721348610e+01,1.116079385094054643e+01
7.429837096313232792e+01,1.013247142976408099e+01
7.431837667905115552e+01,1.023924645101044284e+01
7.433838239496999734e+01,9.587800309030594548e+00
7.435838811088882494e+01,8.667311487009982329e+00
7.437839382680766676e+01,7.209098830354912835e+00
7.439839954272649436e+01,7.273504434890274872e+00
7.441840525864533618e+01,7.837526411319257313e+00
7.443841097456416378e+01,6.869113261975083873e+00
7.445841669048300560e+01,6.495605770322160133e+00
7.447842240640183320e+01,5.999691045241359433e+00
7.449842812232066080e+01,5.679343239285301159e+00
7.451843383823950262e+01,5.275387397509335052e+00
7.453843955415833022e+01,6.097551857720673318e+00
7.455844527007717204e+01,5.043541153836101465e+00
7.457845098599599964e+01,5.136401791268681905e+00
7.459845670191484146e+01,5.542671867995638380e+00
7.461846241783366906e+01,5.546600931981664040e+00
7.463846813375251088e+01,5.586102877628194463e+00
7.465847384967133848e+01,5.583657718650625768e+00
7.467847956559016609e+01,4.807016543930409114e+00
7.469848528150900790e+01,4.774652681091107631e+00
7.471849099742783551e+01,4.779045846857682633e+00
7.473849671334667732e+01,4.903325729596895499e+00
7.475850242926550493e+01,4.526795363947337059e+00
7.477850814518434674e+01,4.700464281155880997e+00
7.479851386110317435e+01,5.120060935833345539e+00
7.481851957702201616e+01,4.483723187698528179e+00
7.483852529294084377e+01,4.164584629702622998e+00
7.485853100885967137e+01,4.039009548963150564e+00
7.487853672477851319e+01,3.991437116808138619e+00
7.489854244069734079e+01,3.747726039983743984e+00
7.491854815661618261e+01,4.596280456145228399e+00
7.493855387253501021e+01,3.628980655547754619e+00
7.495855958845385203e+01,4.433392927133915862e+00
7.497856530437267963e+01,4.756034771184064702e+00
7.499857102029152145e+01,4.624936979807880988e+00
7.501857673621034905e+01,3.947849828693483332e+00
7.503858245212917666e+01,4.635363166428238202e+00
7.505858816804801847e+01,4.530320429187804088e+00
7.507859388396684608e+01,4.067747255471244827e+00
7.509859959988568789e+01,3.797178553692392100e+00
7.511860531580451550e+01,4.140362143019142849e+00
7.513861103172335731e+01,3.711247683347369541e+00
7.515861674764218492e+01,3.775800710201350441e+00
7.517862246356102673e+01,4.029309157185151591e+00
7.519862817947985434e+01,4.364376957162903636e+00
7.521863389539868194e+01,3.558801222533202857e+00
7.523863961131752376e+01,3.750187278258826140e+00
7.525864532723635136e+01,3.756123041352671166e+00
7.527865104315519318e+01,4.568280311625544599e+00
7.529865675907402078e+01,3.852172583094141345e+00
7.531866247499286260e+01,3.229679150319673564e+00
7.533866819091169020e+01,3.785624787630914145e+00
7.535867390683053202e+01,3.624461607062800184e+00
7.537867962274935962e+01,3.900043850910715371e+00
7.539868533866820144e+01,3.037564977565868851e+00
7.541869105458702904e+01,3.385732493348403871e+00
7.543869677050585665e+01,3.742304450331124688e+00
7.545870248642469846e+01,2.915488467154986552e+00
7.547870820234352607e+01,3.441108589111178340e+00
7.549871391826236788e+01,3.545418138465817215e+00
7.551871963418119549e+01,2.794361281487949267e+00
7.553872535010003730e+01,4.379909402411856334e+00
7.555873106601886491e+01,3.293527487538615794e+00
7.557873678193770672e+01,3.682902257143311431e+00
7.559874249785653433e+01,2.718598889685063913e+00
7.561874821377536193e+01,3.244789052770669091e+00
7.563875392969420375e+01,3.516248988005043596e+00
7.565875964561303135e+01,4.333773718552047072e+00
7.567876536153187317e+01,2.889656137806187353e+00
7.569877107745070077e+01,3.330755063165198759e+00
7.571877679336954259e+01,3.353301226194266960e+00
7.573878250928837019e+01,2.923544981170003609e+00
7.575878822520721201e+01,4.217714732865675664e+00
7.577879394112603961e+01,3.649830008299844941e+00
7.579879965704486722e+01,4.079399949301243389e+00
7.581880537296370903e+01,3.529684631423716024e+00
7.583881108888253664e+01,3.687975795442265614e+00
7.585881680480137845e+01,2.841643276135400686e+00
7.587882252072020606e+01,3.598773322014654497e+00
7.589882823663904787e+01,3.758148165609327851e+00
7.591883395255787548e+01,4.269269981443765793e+00
7.593883966847671729e+01,3.163076607803866569e+00
7.595884538439554490e+01,3.465552565948817332e+00
7.597885110031437250e+01,3.601567338025590814e+00
7.599885681623321432e+01,3.909266897290792908e+00
7.601886253215204192e+01,3.260294310719186406e+00
7.603886824807088374e+01,3.720116949535626993e+00
7.605887396398971134e+01,3.260578191667059311e+00
7.607887967990855316e+01,3.506225718110588918e+00
7.609888539582738076e+01,2.856249820599062073e+00
7.611889111174622258e+01,4.308877811074577124e+00
7.613889682766505018e+01,3.492785874582690742e+00
7.615890254358387779e+01,3.909625195282905086e+00
7.617890825950271960e+01,4.307838531815050942e+00
7.619891397542154721e+01,3.234419245149188438e+00
7.621891969134038902e+01,3.916287795370188896e+00
7.623892540725921663e+01,3.356558306919030343e+00
7.625893112317805844e+01,3.353178477265166713e+00
7.627893683909688605e+01,3.383260448242859653e+00
7.629894255501572786e+01,3.981111850771987370e+00
7.631894827093455547e+01,3.392536979100905015e+00
7.633895398685339728e+01,2.808498594260520953e+00
7.635895970277222489e+01,4.033047957916617854e+00
7.637896541869105249e+01,3.367765847983688499e+00
7.639897113460989431e+01,3.015231939660767857e+00
7.641897685052872191e+01,3.797094384270959910e+00
7.643898256644756373e+01,3.491923378705012126e+00
7.645898828236639133e+01,2.889823800996169645e+00
7.647899399828523315e+01,4.195630155947156936e+00
7.649899971420406075e+01,3.418875292830101387e+00
7.651900543012290257e+01,3.375852105705594131e+00
7.653901114604173017e+01,2.803139628875379596e+00
7.655901686196055778e+01,3.884231573833400564e+00
7.657902257787939959e+01,4.051097806374325927e+00
7.659902829379822720e+01,4.036626137589066410e+00
7.661903400971706901e+01,2.961397575985256214e+00
7.663903972563589662e+01,3.577567234259711348e+00
7.665904544155473843e+01,3.777585894165647495e+00
7.667905115747356604e+01,3.737367613374405817e+00
7.669905687339240785e+01,3.923165067756625213e+00
7.671906258931123546e+01,2.917277856278641224e+00
7.673906830523006306e+01,2.995555386576719936e+00
7.675907402114890488e+01,3.849206527819973633e+00
7.677907973706773248e+01,3.055023987697891297e+00
7.679908545298657430e+01,3.736652069448117786e+00
7.681909116890540190e+01,3.787652783843079796e+00
7.683909688482424372e+01,3.366216486272141317e+00
7.685910260074307132e+01,3.896844452568291484e+00
7.687910831666191314e+01,3.615066502784706426e+00
7.689911403258074074e+01,3.421090750180166395e+00
7.691911974849956835e+01,3.741089928069373904e+00
7.693912546441841016e+01,3.773658903597737257e+00
7.695913118033723777e+01,3.906325462277438376e+00
7.697913689625607958e+01,3.945072490070693938e+00
7.699914261217490719e+01,3.433389178728184721e+00
7.701914832809374900e+01,3.007359269463887763e+00
7.703915404401257661e+01,3.812426833797777359e+00
7.705915975993141842e+01,3.249556236723787350e+00
7.707916547585024603e+01,3.157372990805187740e+00
7.709917119176907363e+01,3.584880226038190898e+00
7.711917690768791545e+01,3.758278999017133692e+00
7.713918262360674305e+01,4.219187245130960662e+00
7.715918833952558487e+01,4.008754616114230451e+00
7.717919405544441247e+01,2.860215686638519550e+00
7.719919977136325429e+01,3.556550714555995807e+00
7.721920548728208189e+01,3.178068400393514903e+00
7.723921120320092371e+01,3.043618778098796440e+00
7.725921691911975131e+01,3.900659344055877220e+00
7.727922263503859313e+01,3.180028002642827811e+00
7.729922835095742073e+01,2.971890238913932336e+00
7.731923406687624833e+01,2.470328609337916870e+00
7.733923978279509015e+01,3.287422889671750781e+00
7.735924549871391775e+01,3.607032733174700301e+00
7.737925121463275957e+01,3.478345043101799039e+00
7.739925693055158717e+01,3.090433552919306770e+00
7.741926264647042899e+01,2.985976711722269972e+00
7.743926836238925659e+01,3.016633309109461702e+00
7.745927407830809841e+01,3.068358996230980740e+00
7.747927979422692601e+01,3.015175163872272357e+00
7.749928551014575362e+01,3.910613631437845683e+00
7.751929122606459543e+01,4.135040577870070955e+00
7.753929694198342304e+01,2.928887650886315086e+00
7.755930265790226485e+01,3.936768137939122170e+00
7.757930837382109246e+01,2.820020954030918681e+00
7.759931408973993427e+01,3.833037050066639306e+00
7.761931980565876188e+01,4.185018212438132323e+00
7.763932552157760369e+01,3.175516018649765293e+00
7.765933123749643130e+01,3.008816698923225452e+00
7.767933695341525890e+01,3.418392552129602358e+00
7.769934266933410072e+01,3.835661231764191825e+00
7.771934838525292832e+01,3.876409490795759805e+00
7.773935410117177014e+01,2.534042494145911650e+00
7.775935981709059774e+01,2.855181985812678569e+00
7.777936553300943956e+01,3.304473635409139742e+00
7.779937124892826716e+01,3.269698672482451940e+00
7.781937696484710898e+01,3.396849791202783742e+00
7.783938268076593658e+01,3.109945483243260256e+00
7.785938839668476419e+01,3.534473654760087236e+00
7.787939411260360600e+01,3.462830501861353660e+00
7.789939982852243361e+01,2.683614775451807599e+00
7.791940554444127542e+01,3.644957537030873773e+00
7.793941126036010303e+01,3.482698674644248094e+00
7.795941697627894484e+01,3.194980724696753871e+00
7.797942269219777245e+01,3.377851689777296773e+00
7.799942840811661426e+01,3.563354860412998537e+00
7.801943412403544187e+01,3.089123949352567955e+00
7.803943983995426947e+01,4.009543796549857930e+00
7.805944555587311129e+01,2.599063210847124328e+00
7.807945127179193889e+01,3.685477025238835136e+00
7.809945698771078071e+01,2.538778975633400492e+00
7.811946270362960831e+01,3.364592216199978836e+00
7.813946841954845013e+01,2.989490387996299514e+00
7.815947413546727773e+01,3.653225870943580755e+00
7.817947985138611955e+01,3.205382571369509215e+00
7.819948556730494715e+01,3.476901770719866391e+00
7.821949128322378897e+01,3.481295658026989592e+00
7.823949699914261657e+01,3.541011740395966445e+00
7.825950271506144418e+01,3.425833736802962992e+00
7.827950843098028599e+01,3.388361373160355239e+00
7.829951414689911360e+01,2.882875859487841641e+00
7.831951986281795541e+01,3.052410876634157333e+00
7.833952557873678302e+01,3.768260880332463980e+00
7.835953129465562483e+01,3.464148972224760925e+00
7.837953701057445244e+01,2.970014389029578261e+00
7.839954272649329425e+01,3.510841695831187881e+00
7.841954844241212186e+01,2.883838379460055279e+00
7.843955415833094946e+01,3.984389039183434011e+00
7.845955987424979128e+01,3.033489757629982186e+00
7.847956559016861888e+01,2.442578690566353572e+00
7.849957130608746070e+01,2.901753891805048724e+00
7.851957702200628830e+01,2.840687838004057220e+00
7.853958273792513012e+01,3.104407044764645907e+00
7.855958845384395772e+01,3.763170654839609330e+00
7.857959416976279954e+01,2.471976311042236585e+00
7.859959988568162714e+01,3.635995030207449741e+00
7.861960560160045475e+01,2.574057083252777822e+00
7.863961131751929656e+01,3.369109462629295226e+00
7.865961703343812417e+01,3.362029327929857647e+00
7.867962274935696598e+01,3.186188463406001592e+00
7.869962846527579359e+01,3.974266034760299604e+00
7.871963418119463540e+01,4.206125519590940165e+00
7.873963989711346301e+01,4.214726188393024486e+00
7.875964561303230482e+01,3.021748623762592345e+00
7.877965132895113243e+01,2.684280683069123707e+00
7.879965704486996003e+01,3.425747370323892760e+00
7.881966276078880185e+01,3.941570733201424037e+00
7.883966847670762945e+01,3.390467946201113136e+00
7.885967419262647127e+01,2.746518907825199030e+00
7.887967990854529887e+01,2.803880624868491989e+00
7.889968562446414069e+01,2.763355615492794293e+00
7.891969134038296829e+01,4.002591504293861568e+00
7.893969705630181011e+01,3.069916388699103216e+00
7.895970277222063771e+01,3.618735477173262272e+00
7.897970848813946532e+01,3.897155621063419062e+00
7.899971420405830713e+01,3.020182987988798473e+00
7.901971991997713474e+01,2.574398991552130145e+00
7.903972563589597655e+01,3.453847588268094793e+00
7.905973135181480416e+01,3.800964393703358812e+00
7.907973706773364597e+01,3.093159316013816440e+00
7.909974278365247358e+01,3.369917195629712037e+00
7.911974849957131539e+01,3.733790420921507813e+00
7.913975421549014300e+01,3.429208740221013407e+00
7.915975993140898481e+01,4.052461634103358357e+00
7.917976564732781242e+01,3.897251175320593397e+00
7.919977136324664002e+01,3.529718389033396519e+00
7.921977707916548184e+01,2.898815270815107148e+00
7.923978279508430944e+01,3.319920271585787397e+00
7.925978851100315126e+01,3.304604282877129595e+00
7.927979422692197886e+01,3.292363383646588204e+00
7.929979994284082068e+01,3.179851669935981562e+00
7.931980565875964828e+01,3.691447858458611009e+00
7.933981137467849010e+01,3.723844848125919427e+00
7.935981709059731770e+01,3.498752098449461112e+00
7.937982280651614531e+01,3.830917815860658049e+00
7.939982852243498712e+01,3.642342769519440360e+00
7.941983423835381473e+01,3.195930924532834894e+00
7.943983995427265654e+01,3.627105891417754080e+00
7.945984567019148415e+01,3.793110330323144375e+00
7.947985138611032596e+01,3.780795784698196105e+00
7.949985710202915357e+01,3.672343839911452967e+00
7.951986281794799538e+01,2.826650352597269933e+00
7.953986853386682299e+01,3.030646929398192135e+00
7.955987424978565059e+01,2.963925258561117992e+00
7.957987996570449241e+01,3.482782280618297754e+00
7.959988568162332001e+01,3.884437860887172800e+00
7.961989139754216183e+01,2.784954355185959685e+00
7.963989711346098943e+01,3.407083047498507433e+00
7.965990282937983125e+01,3.501146110717773929e+00
7.967990854529865885e+01,3.686023535950091912e+00
7.969991426121750067e+01,3.893548840649231568e+00
7.971991997713632827e+01,3.213470284758528361e+00
7.973992569305515588e+01,3.104127757901368856e+00
7.975993140897399769e+01,4.197994489042966570e+00
7.977993712489282530e+01,2.857203997067909285e+00
7.979994284081166711e+01,2.795294980152300379e+00
7.981994855673049472e+01,3.384473777820811158e+00
7.983995427264933653e+01,3.673514952730826622e+00
7.985995998856816414e+01,3.248656702388952322e+00
7.987996570448700595e+01,3.149049124886619921e+00
7.989997142040583356e+01,3.796380900856911822e+00
7.991997713632466116e+01,3.050581601712788693e+00
7.993998285224350298e+01,2.727332288528694804e+00
7.995998856816233058e+01,3.514243742859240349e+00
7.997999428408117240e+01,3.721833116974340161e+00
8.000000000000000000e+01,3.117227046204918750e+00
