angle,intensity
1.000000000000000000e+01,9.624231788636212759e-01
1.002000571591883471e+01,1.122934365019785163e+00
1.004001143183766764e+01,1.325238227111187106e+00
1.006001714775650235e+01,6.342867326932956074e-01
1.008002286367533529e+01,6.357598333377392219e-01
1.010002857959417000e+01,1.783328117942135860e+00
1.012003429551300293e+01,7.824474349939432027e-01
1.014004001143183764e+01,1.159130685981080822e+00
1.016004572735067235e+01,1.001900645317151950e+00
1.018005144326950528e+01,1.332915163894204280e+00
1.020005715918833999e+01,1.537853246151490882e+00
1.022006287510717293e+01,1.225709501486184960e+00
1.024006859102600764e+01,1.440455820469942694e+00
1.026007430694484057e+01,1.531222170968827623e+00
1.028008002286367528e+01,1.153134661047252596e+00
1.030008573878250999e+01,1.023083629244603276e+00
1.032009145470134293e+01,7.878888370334116154e-01
1.034009717062017764e+01,1.256186876270705799e+00
1.036010288653901057e+01,1.006493968833291008e+00
1.038010860245784528e+01,1.163983158720772515e+00
1.040011431837667999e+01,1.443286520510029591e+00
1.042012003429551292e+01,1.563422101961124966e+00
1.044012575021434763e+01,9.654268294981354082e-01
1.046013146613318057e+01,8.596179560132495290e-01
1.048013718205201528e+01,1.953622421153370814e+00
1.050014289797084821e+01,1.929771765947213780e+00
1.052014861388968292e+01,1.702849793895259367e+00
1.054015432980851585e+01,1.371899083792909924e+00
1.056016004572735056e+01,2.318468211678756496e+00
1.058016576164618527e+01,1.154143667785405558e+00
1.060017147756501821e+01,1.656195864951224728e+00
1.062017719348385292e+01,2.131363689270081352e+00
1.064018290940268585e+01,2.192577794604752217e+00
1.066018862532152056e+01,1.511814744873498428e+00
1.068019434124035527e+01,1.644538096317828213e+00
1.070020005715918820e+01,2.327687688817582146e+00
1.072020577307802292e+01,1.478956459911476173e+00
1.074021148899685585e+01,1.722749507060977736e+00
1.076021720491569056e+01,1.756770448842911447e+00
1.078022292083452349e+01,9.093893416843072952e-01
1.080022863675335820e+01,1.280523006481941728e+00
1.082023435267219291e+01,1.588394009046159461e+00
1.084024006859102585e+01,1.243074276161459490e+00
1.086024578450986056e+01,1.069151970206386970e+00
1.088025150042869349e+01,1.761233916241577102e+00
1.090025721634752820e+01,2.578015716262764379e+00
1.092026293226636113e+01,1.987214549383438555e+00
1.094026864818519584e+01,1.195969452782836173e+00
1.096027436410403055e+01,1.568528249785568374e+00
1.098028008002286349e+01,2.161257377698750926e+00
1.100028579594169820e+01,1.988308337806639070e+00
1.102029151186053113e+01,2.532822691976987173e+00
1.104029722777936584e+01,1.842282395035935272e+00
1.106030294369819877e+01,2.563703400039010649e+00
1.108030865961703348e+01,2.523566120690485803e+00
1.110031437553586819e+01,2.809050450886457995e+00
1.112032009145470113e+01,2.015953360648527593e+00
1.114032580737353584e+01,2.432201961384482747e+00
1.116033152329236877e+01,2.506819532083635060e+00
1.118033723921120348e+01,2.647040130654942036e+00
1.120034295513003642e+01,1.633645882336484334e+00
1.122034867104887113e+01,2.138598099129375818e+00
1.124035438696770584e+01,2.423779484339521950e+00
1.126036010288653877e+01,2.079631181220284564e+00
1.128036581880537348e+01,2.259630055278850413e+00
1.130037153472420641e+01,1.999061518380193192e+00
1.132037725064304112e+01,2.091987324284185767e+00
1.134038296656187583e+01,2.560514507973290055e+00
1.136038868248070877e+01,2.473133958529120768e+00
1.138039439839954348e+01,2.070896245445983830e+00
1.140040011431837641e+01,3.442658974820199447e+00
1.142040583023721112e+01,2.353777860501156560e+00
1.144041154615604405e+01,2.650642291662036243e+00
1.146041726207487876e+01,2.357831586594764328e+00
1.148042297799371170e+01,2.460180019505835425e+00
1.150042869391254641e+01,2.239859507383965997e+00
1.152043440983138112e+01,3.358939214031493314e+00
1.154044012575021405e+01,2.081712549426073977e+00
1.156044584166904876e+01,3.618496606926360215e+00
1.158045155758788169e+01,3.390665597524336050e+00
1.160045727350671640e+01,3.697743814408821272e+00
1.162046298942555111e+01,2.120889340705813808e+00
1.164046870534438405e+01,2.872783526302887580e+00
1.166047442126321876e+01,3.569255452082114477e+00
1.168048013718205169e+01,2.991843029394054998e+00
1.170048585310088640e+01,2.595240126342259757e+00
1.172049156901971934e+01,3.452149190581423888e+00
1.174049728493855405e+01,3.802520682773074867e+00
1.176050300085738698e+01,3.655872652142234003e+00
1.178050871677622169e+01,3.506656592272511475e+00
1.180051443269505640e+01,3.738237520196364017e+00
1.182052014861388933e+01,2.955083485893911899e+00
1.184052586453272404e+01,4.342803171954630947e+00
1.186053158045155698e+01,3.086606860094979865e+00
1.188053729637039169e+01,3.814496034586946749e+00
1.190054301228922640e+01,3.593327541394550462e+00
1.192054872820805933e+01,3.719259899922299439e+00
1.194055444412689404e+01,4.110977730643289974e+00
1.196056016004572697e+01,4.448927767835270330e+00
1.198056587596456168e+01,3.561946725730579022e+00
1.200057159188339639e+01,3.384901245569142958e+00
1.202057730780222933e+01,3.969902760877690007e+00
1.204058302372106226e+01,4.613687991914160236e+00
1.206058873963989697e+01,4.305640168557557601e+00
1.208059445555873168e+01,3.812880195447378107e+00
1.210060017147756461e+01,4.240510625990035365e+00
1.212060588739639932e+01,4.342132306504304040e+00
1.214061160331523226e+01,5.012666165379650707e+00
1.216061731923406697e+01,4.378028338686695164e+00
1.218062303515290168e+01,4.299367612458024901e+00
1.220062875107173461e+01,4.181783139907864211e+00
1.222063446699056932e+01,4.552114155568979470e+00
1.224064018290940226e+01,5.501989774260296784e+00
1.226064589882823697e+01,4.945648829317038420e+00
1.228065161474707168e+01,5.141747373881731420e+00
1.230065733066590461e+01,4.687614802489386001e+00
1.232066304658473754e+01,5.219949718263670491e+00
1.234066876250357225e+01,5.206663095862179347e+00
1.236067447842240696e+01,4.705345144785026079e+00
1.238068019434123990e+01,5.805938297381025848e+00
1.240068591026007461e+01,5.945868099103355675e+00
1.242069162617890754e+01,5.635169308481591699e+00
1.244069734209774225e+01,5.679391240533911756e+00
1.246070305801657696e+01,6.275629431050488094e+00
1.248070877393540989e+01,6.025317636246206199e+00
1.250071448985424460e+01,5.781891273128143993e+00
1.252072020577307754e+01,6.354927324518730103e+00
1.254072592169191225e+01,5.754363249473120945e+00
1.256073163761074696e+01,6.108778778106925600e+00
1.258073735352957989e+01,6.151067803828762948e+00
1.260074306944841460e+01,5.509536280542310038e+00
1.262074878536724754e+01,6.033845044621893194e+00
1.264075450128608225e+01,6.166026190710921284e+00
1.266076021720491518e+01,6.238933800213835923e+00
1.268076593312374989e+01,5.460298323153455868e+00
1.270077164904258282e+01,6.822448538852516009e+00
1.272077736496141753e+01,6.157999793209137707e+00
1.274078308088025224e+01,5.646891019284670854e+00
1.276078879679908518e+01,6.010121857866432826e+00
1.278079451271791989e+01,6.594223172726905169e+00
1.280080022863675282e+01,5.431541533409419031e+00
1.282080594455558753e+01,6.209603346437745586e+00
1.284081166047442224e+01,5.836142983470392842e+00
1.286081737639325517e+01,5.457837180310264991e+00
1.288082309231208988e+01,5.505424055131523886e+00
1.290082880823092282e+01,5.601299772970023128e+00
1.292083452414975753e+01,5.093597855178491507e+00
1.294084024006859224e+01,4.259134248940511291e+00
1.296084595598742517e+01,4.470456092179776242e+00
1.298085167190625810e+01,3.962115353527880135e+00
1.300085738782509281e+01,3.902318206412289214e+00
1.302086310374392752e+01,4.391584807714386862e+00
1.304086881966276046e+01,3.847034711968289056e+00
1.306087453558159517e+01,3.197451181893577576e+00
1.308088025150042810e+01,3.510545776278556573e+00
1.310088596741926281e+01,3.119182933745475950e+00
1.312089168333809752e+01,2.557447020648516034e+00
1.314089739925693046e+01,3.583627938096519472e+00
1.316090311517576517e+01,2.843259593306843858e+00
1.318090883109459810e+01,2.858716412303447640e+00
1.320091454701343281e+01,3.250494801838287096e+00
1.322092026293226752e+01,2.839635336990718351e+00
1.324092597885110045e+01,2.735671808894680090e+00
1.326093169476993339e+01,2.748112982117239866e+00
1.328093741068876810e+01,2.439581414315121766e+00
1.330094312660760281e+01,3.018919088349374835e+00
1.332094884252643574e+01,3.596609097372654773e+00
1.334095455844527045e+01,2.668167460195165042e+00
1.336096027436410338e+01,2.587540290056666414e+00
1.338096599028293809e+01,2.924280098574714160e+00
1.340097170620177280e+01,2.908017590823768650e+00
1.342097742212060574e+01,2.019610195944669506e+00
1.344098313803944045e+01,2.279691929035057019e+00
1.346098885395827338e+01,3.084307650437194681e+00
1.348099456987710809e+01,2.484063057684560150e+00
1.350100028579594280e+01,2.942485540168130687e+00
1.352100600171477573e+01,3.084698209744878294e+00
1.354101171763361044e+01,2.377010748670939311e+00
1.356101743355244338e+01,2.276740479530699801e+00
1.358102314947127809e+01,2.654970743132808231e+00
1.360102886539011102e+01,3.269625023366439898e+00
1.362103458130894573e+01,3.046027867695078051e+00
1.364104029722777867e+01,3.257212229217478772e+00
1.366104601314661338e+01,2.643416655663524573e+00
1.368105172906544809e+01,3.194035181396853496e+00
1.370105744498428102e+01,2.735682496909985773e+00
1.372106316090311573e+01,3.108241448957962394e+00
1.374106887682194866e+01,3.101178719072104961e+00
1.376107459274078337e+01,2.872216612446624850e+00
1.378108030865961808e+01,2.365860964499913344e+00
1.380108602457845102e+01,2.497321029885261723e+00
1.382109174049728573e+01,3.308087178173934717e+00
1.384109745641611866e+01,2.572109737437761723e+00
1.386110317233495337e+01,2.361682274168990681e+00
1.388110888825378808e+01,2.489220351096935069e+00
1.390111460417262101e+01,3.344239861096844457e+00
1.392112032009145395e+01,2.991410029713971852e+00
1.394112603601028866e+01,2.781666525572042303e+00
1.396113175192912337e+01,2.967689785751436382e+00
1.398113746784795630e+01,2.644994215263317017e+00
1.400114318376679101e+01,3.090244725803060089e+00
1.402114889968562395e+01,2.949085367341274910e+00
1.404115461560445866e+01,2.295528954024929735e+00
1.406116033152329337e+01,2.016217648460171485e+00
1.408116604744212630e+01,2.623552085115265609e+00
1.410117176336095923e+01,2.583040413278814285e+00
1.412117747927979394e+01,2.482291411994333785e+00
1.414118319519862865e+01,2.917485976909126144e+00
1.416118891111746336e+01,2.813414478063070767e+00
1.418119462703629630e+01,1.778165346688894033e+00
1.420120034295512923e+01,2.458208301560557807e+00
1.422120605887396394e+01,2.548587774137050399e+00
1.424121177479279865e+01,1.909322805894347663e+00
1.426121749071163336e+01,2.355670396447355319e+00
1.428122320663046629e+01,2.282228913964328143e+00
1.430122892254929923e+01,3.478331035581180508e+00
1.432123463846813394e+01,2.402305582461881084e+00
1.434124035438696865e+01,2.420980329555904476e+00
1.436124607030580158e+01,2.325293379489705270e+00
1.438125178622463629e+01,3.101181126181282277e+00
1.440125750214346922e+01,2.423060123507430497e+00
1.442126321806230393e+01,2.829967737831812435e+00
1.444126893398113864e+01,3.420518866781451450e+00
1.446127464989997158e+01,3.141988091909806435e+00
1.448128036581880451e+01,2.351787179938641614e+00
1.450128608173763922e+01,2.095227516025847780e+00
1.452129179765647393e+01,2.222853837852494685e+00
1.454129751357530864e+01,2.165308020300002134e+00
1.456130322949414158e+01,2.424036664624086512e+00
1.458130894541297451e+01,2.567348355387108150e+00
1.460131466133180922e+01,2.789173923924333387e+00
1.462132037725064393e+01,2.421409126161321979e+00
1.464132609316947686e+01,1.938748849947629083e+00
1.466133180908831157e+01,3.371137477090121681e+00
1.468133752500714451e+01,3.098982127768290962e+00
1.470134324092597922e+01,2.552090410907955409e+00
1.472134895684481393e+01,3.125175821258864062e+00
1.474135467276364686e+01,2.251789291766855605e+00
1.476136038868247979e+01,2.333749455660391270e+00
1.478136610460131450e+01,2.282057582684058783e+00
1.480137182052014921e+01,3.228065232740577883e+00
1.482137753643898392e+01,2.560457403268196153e+00
1.484138325235781686e+01,2.588669861513284598e+00
1.486138896827664979e+01,3.193099971983356156e+00
1.488139468419548450e+01,2.988405996517351948e+00
1.490140040011431921e+01,2.859500931643151667e+00
1.492140611603315392e+01,3.011699590691077510e+00
1.494141183195198685e+01,3.065699721510108056e+00
1.496141754787081979e+01,2.840432262496643823e+00
1.498142326378965450e+01,2.938087360760440969e+00
1.500142897970848921e+01,2.449285856624567437e+00
1.502143469562732214e+01,4.077509141611261434e+00
1.504144041154615508e+01,3.426657099182172317e+00
1.506144612746498979e+01,3.104756590527014026e+00
1.508145184338382450e+01,2.974238637970828325e+00
1.510145755930265921e+01,3.034977209117537100e+00
1.512146327522149214e+01,2.565022605134389622e+00
1.514146899114032507e+01,2.925130107831602988e+00
1.516147470705915978e+01,3.609362693749494699e+00
1.518148042297799449e+01,3.620885918109006507e+00
1.520148613889682920e+01,3.838692158365193841e+00
1.522149185481566214e+01,3.922414065266387695e+00
1.524149757073449507e+01,3.186175806402544719e+00
1.526150328665332978e+01,3.508354233019163271e+00
1.528150900257216449e+01,2.750494017890060761e+00
1.530151471849099742e+01,3.173523216872162767e+00
1.532152043440983036e+01,3.710405982360209798e+00
1.534152615032866507e+01,3.401802898006109466e+00
1.536153186624749978e+01,3.865580634729387288e+00
1.538153758216633449e+01,3.992530405592529696e+00
1.540154329808516742e+01,2.988149071112035315e+00
1.542154901400400036e+01,4.122549268829018843e+00
1.544155472992283507e+01,4.330594610717998449e+00
1.546156044584166978e+01,4.369540031778782918e+00
1.548156616176050449e+01,3.817279191287057394e+00
1.550157187767933742e+01,4.127322826264170352e+00
1.552157759359817035e+01,3.395839683965083289e+00
1.554158330951700506e+01,3.113555344859694429e+00
1.556158902543583977e+01,3.900635216114238357e+00
1.558159474135467271e+01,3.137879485032715188e+00
1.560160045727350742e+01,3.679641650448536083e+00
1.562160617319234035e+01,4.366527096983633172e+00
1.564161188911117506e+01,3.915439039578744396e+00
1.566161760503000977e+01,4.399865913396606487e+00
1.568162332094884270e+01,4.423458635460143284e+00
1.570162903686767564e+01,3.807307253023913596e+00
1.572163475278651035e+01,4.304147416089828759e+00
1.574164046870534506e+01,5.033579351410939928e+00
1.576164618462417977e+01,4.549926956991729554e+00
1.578165190054301270e+01,4.607019544753490514e+00
1.580165761646184563e+01,4.623757035767408929e+00
1.582166333238068034e+01,4.201158636472628771e+00
1.584166904829951505e+01,4.549748999195593946e+00
1.586167476421834799e+01,4.495503175314009781e+00
1.588168048013718270e+01,5.680664152741028872e+00
1.590168619605601563e+01,4.257398818262544182e+00
1.592169191197485034e+01,5.301486731837858457e+00
1.594169762789368505e+01,5.185145756830729979e+00
1.596170334381251799e+01,5.447038122029519869e+00
1.598170905973135092e+01,5.416082237934162436e+00
1.600171477565018563e+01,5.021664225924789449e+00
1.602172049156902034e+01,6.213883750235402736e+00
1.604172620748785505e+01,6.164121757616571884e+00
1.606173192340668976e+01,4.960956720955271848e+00
1.608173763932552092e+01,5.792658759802725044e+00
1.610174335524435563e+01,5.350130417076425893e+00
1.612174907116319034e+01,5.376658623179041641e+00
1.614175478708202505e+01,5.211709027464714872e+00
1.616176050300085620e+01,6.712940239185051006e+00
1.618176621891969091e+01,5.887740692121182562e+00
1.620177193483852562e+01,6.093975633823878191e+00
1.622177765075736033e+01,6.536196977296775401e+00
1.624178336667619504e+01,6.599643659243197291e+00
1.626178908259502620e+01,6.434421910907767383e+00
1.628179479851386091e+01,6.485100413765341187e+00
1.630180051443269562e+01,7.245394829535328540e+00
1.632180623035153033e+01,7.002741221662711624e+00
1.634181194627036149e+01,7.310038737075834625e+00
1.636181766218919620e+01,6.631474975972890817e+00
1.638182337810803091e+01,7.369773431189932111e+00
1.640182909402686562e+01,6.481201161871345207e+00
1.642183480994570033e+01,7.267439789942836015e+00
1.644184052586453504e+01,7.742301734334795071e+00
1.646184624178336620e+01,7.612822219019594883e+00
1.648185195770220091e+01,7.717942695897335170e+00
1.650185767362103562e+01,7.423722244694329397e+00
1.652186338953986677e+01,6.689791699117961343e+00
1.654186910545870148e+01,7.390586039803604734e+00
1.656187482137753619e+01,6.747771308359848064e+00
1.658188053729637090e+01,6.581279926160393146e+00
1.660188625321520561e+01,6.691763850870321662e+00
1.662189196913404032e+01,6.415305262985169676e+00
1.664189768505287148e+01,6.272052443714418501e+00
1.666190340097170619e+01,6.406067442806392620e+00
1.668190911689054090e+01,6.795227612639893167e+00
1.670191483280937561e+01,6.868546480532636167e+00
1.672192054872820677e+01,6.116811935962353175e+00
1.674192626464704148e+01,5.498843185276301782e+00
1.676193198056587619e+01,5.256301052025106557e+00
1.678193769648471090e+01,4.946441009676060929e+00
1.680194341240354561e+01,5.773386156509805467e+00
1.682194912832238032e+01,4.804138620758446443e+00
1.684195484424121148e+01,5.345973768774799240e+00
1.686196056016004619e+01,5.016546503164271087e+00
1.688196627607888090e+01,4.746396683552353224e+00
1.690197199199771205e+01,4.133422071719119906e+00
1.692197770791654676e+01,4.153758427389607988e+00
1.694198342383538147e+01,4.870595576610673660e+00
1.696198913975421618e+01,3.779152353213325544e+00
1.698199485567305089e+01,4.232314395056340217e+00
1.700200057159188560e+01,4.255198827169706988e+00
1.702200628751071676e+01,3.464034406056074378e+00
1.704201200342955147e+01,3.924108579390237939e+00
1.706201771934838618e+01,3.058255220878465686e+00
1.708202343526722089e+01,3.882148270125020950e+00
1.710202915118605205e+01,3.236242267858001398e+00
1.712203486710488676e+01,3.515321751069350853e+00
1.714204058302372147e+01,3.390078437990450944e+00
1.716204629894255618e+01,3.587575417458005678e+00
1.718205201486139089e+01,3.280667102259682721e+00
1.720205773078022204e+01,3.738646767750511302e+00
1.722206344669905675e+01,4.237565626285190845e+00
1.724206916261789146e+01,4.048397280229362849e+00
1.726207487853672617e+01,3.627220615139281179e+00
1.728208059445555733e+01,4.074444314392772881e+00
1.730208631037439204e+01,4.031342139757425613e+00
1.732209202629322675e+01,4.139974223723585034e+00
1.734209774221206146e+01,3.605238405391230749e+00
1.736210345813089617e+01,3.586589030956712776e+00
1.738210917404973088e+01,3.474006227596571073e+00
1.740211488996856204e+01,4.328275991031559577e+00
1.742212060588739675e+01,4.005826064363138705e+00
1.744212632180623146e+01,3.787152147316218631e+00
1.746213203772506262e+01,3.574524249573235224e+00
1.748213775364389733e+01,3.594524451178477076e+00
1.750214346956273204e+01,4.214490448935046985e+00
1.752214918548156675e+01,4.576111560142061663e+00
1.754215490140040146e+01,3.993406307837497948e+00
1.756216061731923617e+01,4.140022709357735309e+00
1.758216633323806732e+01,3.875442384860320999e+00
1.760217204915690203e+01,3.449790925834450572e+00
1.762217776507573674e+01,3.980873860675465892e+00
1.764218348099457145e+01,3.728144294104887457e+00
1.766218919691340261e+01,3.080632671315501447e+00
1.768219491283223732e+01,4.370770913351853970e+00
1.770220062875107203e+01,4.125431794258093809e+00
1.772220634466990674e+01,4.352747067027650019e+00
1.774221206058874145e+01,4.050941116833230993e+00
1.776221777650757616e+01,4.311953313666111676e+00
1.778222349242640732e+01,4.255434703146295128e+00
1.780222920834524203e+01,4.268720631021652778e+00
1.782223492426407674e+01,3.905089518635114221e+00
1.784224064018290790e+01,4.045760488426712875e+00
1.786224635610174261e+01,4.079814206882405259e+00
1.788225207202057732e+01,3.414124684232038742e+00
1.790225778793941203e+01,3.258727503386705582e+00
1.792226350385824674e+01,4.230890436693341528e+00
1.794226921977708145e+01,3.731213875027490801e+00
1.796227493569591260e+01,3.971686490283738546e+00
1.798228065161474731e+01,3.391451579964331664e+00
1.800228636753358202e+01,3.831909370656040537e+00
1.802229208345241318e+01,3.862707015653533471e+00
1.804229779937124789e+01,4.466595958965247526e+00
1.806230351529008260e+01,3.537838809849750632e+00
1.808230923120891731e+01,3.329698278304827674e+00
1.810231494712775202e+01,4.020839139471316770e+00
1.812232066304658673e+01,4.650479609955647575e+00
1.814232637896542144e+01,3.663381054694675676e+00
1.816233209488425260e+01,4.880601262286810460e+00
1.818233781080308731e+01,4.020654167703146875e+00
1.820234352672191847e+01,3.802816305385629647e+00
1.822234924264075318e+01,4.073851361604920562e+00
1.824235495855958789e+01,4.570416927536170348e+00
1.826236067447842260e+01,4.960329136873466993e+00
1.828236639039725731e+01,4.694050765485475729e+00
1.830237210631609202e+01,4.755007414520375342e+00
1.832237782223492673e+01,3.933311081527723019e+00
1.834238353815375788e+01,4.394758416461476358e+00
1.836238925407259259e+01,4.314572358041478317e+00
1.838239496999142730e+01,4.485354875358829041e+00
1.840240068591025846e+01,5.148047357236679389e+00
1.842240640182909317e+01,4.803346157303918673e+00
1.844241211774792788e+01,4.703345065126359970e+00
1.846241783366676259e+01,4.574054815595941292e+00
1.848242354958559730e+01,4.439705067431327201e+00
1.850242926550443201e+01,5.042681846188902917e+00
1.852243498142326672e+01,4.489987569787651012e+00
1.854244069734209788e+01,4.925559395564028442e+00
1.856244641326093259e+01,4.957833372175107556e+00
1.858245212917976374e+01,4.848200388158870666e+00
1.860245784509859845e+01,4.467723722633357042e+00
1.862246356101743316e+01,5.046942125697587045e+00
1.864246927693626787e+01,4.469025093441380214e+00
1.866247499285510258e+01,5.219921579757579977e+00
1.868248070877393729e+01,4.237695129844505360e+00
1.870248642469277200e+01,5.237163603049799221e+00
1.872249214061160316e+01,4.497937737379178458e+00
1.874249785653043787e+01,5.049165117726054142e+00
1.876250357244927258e+01,4.196907401134905236e+00
1.878250928836810374e+01,4.308037202719477321e+00
1.880251500428693845e+01,4.096868669683184194e+00
1.882252072020577316e+01,4.553820546563009941e+00
1.884252643612460787e+01,4.364004756716131972e+00
1.886253215204344258e+01,4.388934171259800898e+00
1.888253786796227729e+01,4.637944916822592134e+00
1.890254358388111200e+01,4.328340227006039598e+00
1.892254929979994316e+01,3.815648993920061738e+00
1.894255501571877787e+01,4.296564138301437907e+00
1.896256073163760902e+01,4.592426912030648900e+00
1.898256644755644373e+01,4.242515622673775688e+00
1.900257216347527844e+01,4.293203103169637380e+00
1.902257787939411315e+01,5.025488440565636594e+00
1.904258359531294786e+01,4.893283182724825764e+00
1.906258931123178257e+01,4.853718149719217223e+00
1.908259502715061728e+01,4.632461651973830641e+00
1.910260074306944844e+01,4.527797045989666813e+00
1.912260645898828315e+01,3.878954207198619830e+00
1.914261217490711431e+01,5.196864574434000517e+00
1.916261789082594902e+01,4.844454405715397094e+00
1.918262360674478373e+01,5.179707947688516612e+00
1.920262932266361844e+01,5.475322959327892036e+00
1.922263503858245315e+01,5.014695137828378613e+00
1.924264075450128786e+01,4.706173610856289713e+00
1.926264647042012257e+01,5.702273771096161070e+00
1.928265218633895373e+01,5.013771369393047905e+00
1.930265790225778844e+01,5.245882010665296136e+00
1.932266361817662315e+01,5.992791779641121863e+00
1.934266933409545430e+01,5.462303143158733221e+00
1.936267505001428901e+01,5.645317407520682451e+00
1.938268076593312372e+01,4.974125248158220103e+00
1.940268648185195843e+01,5.854532542948529539e+00
1.942269219777079314e+01,6.069078803116850551e+00
1.944269791368962785e+01,6.815370457082568834e+00
1.946270362960846256e+01,6.909540739070736848e+00
1.948270934552729372e+01,6.993983715472295692e+00
1.950271506144612843e+01,6.461978856160564888e+00
1.952272077736495959e+01,6.902137106156309265e+00
1.954272649328379430e+01,6.978172042899876359e+00
1.956273220920262901e+01,6.019104221301128987e+00
1.958273792512146372e+01,6.948283057261739337e+00
1.960274364104029843e+01,7.549273194441218138e+00
1.962274935695913314e+01,7.246563449885847774e+00
1.964275507287796785e+01,7.215491942097189693e+00
1.966276078879679901e+01,8.087772502756012116e+00
1.968276650471563372e+01,7.800125498132967294e+00
1.970277222063446487e+01,7.719237325303664576e+00
1.972277793655329958e+01,7.686457460245945228e+00
1.974278365247213429e+01,8.032234943834239971e+00
1.976278936839096900e+01,8.560753311823782852e+00
1.978279508430980371e+01,8.308344993179966664e+00
1.980280080022863842e+01,8.898701753390604097e+00
1.982280651614747313e+01,9.562707260229707629e+00
1.984281223206630784e+01,9.212655484462171529e+00
1.986281794798513900e+01,9.264258970858556097e+00
1.988282366390397371e+01,9.354428390487264267e+00
1.990282937982280487e+01,8.793264912704351843e+00
1.992283509574163958e+01,8.912345811044570354e+00
1.994284081166047429e+01,9.927064121494879601e+00
1.996284652757930900e+01,9.854368669257134172e+00
1.998285224349814371e+01,1.005135793147530165e+01
2.000285795941697842e+01,9.748679036746022319e+00
2.002286367533581313e+01,9.412671242593223297e+00
2.004286939125464428e+01,1.042835309493460016e+01
2.006287510717347899e+01,9.241546864628993774e+00
2.008288082309231015e+01,9.375637420874721073e+00
2.010288653901114486e+01,9.487331437576745685e+00
2.012289225492997957e+01,9.864167936686008886e+00
2.014289797084881428e+01,1.037484868149446804e+01
2.016290368676764899e+01,1.008144836031975267e+01
2.018290940268648370e+01,9.727796341034590455e+00
2.020291511860531841e+01,1.005603607855258375e+01
2.022292083452414957e+01,9.518142218716260317e+00
2.024292655044298428e+01,9.743122629170422044e+00
2.026293226636181899e+01,1.033696891608935253e+01
2.028293798228065015e+01,1.027465022746639534e+01
2.030294369819948486e+01,9.852465180455840965e+00
2.032294941411831957e+01,9.372111949409385190e+00
2.034295513003715428e+01,1.063446555261191406e+01
2.036296084595598899e+01,1.068392425467684248e+01
2.038296656187482370e+01,9.402910211789141215e+00
2.040297227779365841e+01,1.065954562977918485e+01
2.042297799371248956e+01,1.041238726435403805e+01
2.044298370963132427e+01,1.063189176739960828e+01
2.046298942555015543e+01,1.007136250372528430e+01
2.048299514146899014e+01,9.354218519698662249e+00
2.050300085738782485e+01,1.026383216233598006e+01
2.052300657330665956e+01,9.751642441471309652e+00
2.054301228922549427e+01,1.022879314006191009e+01
2.056301800514432898e+01,9.322117894221939594e+00
2.058302372106316369e+01,8.877141819065645478e+00
2.060302943698199485e+01,9.213882829474197678e+00
2.062303515290082956e+01,8.297718375409358416e+00
2.064304086881966072e+01,8.543975498475294472e+00
2.066304658473849543e+01,8.516313571326080023e+00
2.068305230065733014e+01,7.855894352324549246e+00
2.070305801657616485e+01,7.496257786933298917e+00
2.072306373249499956e+01,7.762229730861735177e+00
2.074306944841383427e+01,6.569291372057601386e+00
2.076307516433266898e+01,6.187576449463112027e+00
2.078308088025150369e+01,6.310436750301853692e+00
2.080308659617033484e+01,6.675067092993412388e+00
2.082309231208916955e+01,6.614978598019551015e+00
2.084309802800800071e+01,5.620598232504375957e+00
2.086310374392683542e+01,6.497195861039271492e+00
2.088310945984567013e+01,5.605038454312477825e+00
2.090311517576450484e+01,6.532664676481461541e+00
2.092312089168333955e+01,6.691749305132939085e+00
2.094312660760217426e+01,6.419998822367436908e+00
2.096313232352100897e+01,6.110579810369245024e+00
2.098313803943984013e+01,5.394618368967620370e+00
2.100314375535867484e+01,5.850726450930388900e+00
2.102314947127750600e+01,6.506624682425939277e+00
2.104315518719634071e+01,5.787556729492458807e+00
2.106316090311517542e+01,5.566566754538774475e+00
2.108316661903401013e+01,6.602335649743510615e+00
2.110317233495284484e+01,6.372120657203529603e+00
2.112317805087167955e+01,5.170838284152264208e+00
2.114318376679051426e+01,6.215531325556064246e+00
2.116318948270934541e+01,6.387038204265740760e+00
2.118319519862818012e+01,5.408976432425182779e+00
2.120320091454701483e+01,5.484126834690421504e+00
2.122320663046584599e+01,6.166399823509280509e+00
2.124321234638468070e+01,5.384825462723325629e+00
2.126321806230351541e+01,5.666600045438471511e+00
2.128322377822235012e+01,5.922278367100130225e+00
2.130322949414118483e+01,5.600014239414107031e+00
2.132323521006001954e+01,5.039481617281842851e+00
2.134324092597885425e+01,6.286881461205238608e+00
2.136324664189768541e+01,6.265449978164859601e+00
2.138325235781652012e+01,6.070393781599046079e+00
2.140325807373535127e+01,5.205778345840233357e+00
2.142326378965418598e+01,6.099665105412222843e+00
2.144326950557302069e+01,6.281201997346872012e+00
2.146327522149185540e+01,6.550235133650920361e+00
2.148328093741069011e+01,6.527043378137953766e+00
2.150328665332952482e+01,6.592196527921023730e+00
2.152329236924835953e+01,6.367891219711601991e+00
2.154329808516719069e+01,6.376721950731349509e+00
2.156330380108602540e+01,6.425877782894432677e+00
2.158330951700485656e+01,6.188782495685458684e+00
2.160331523292369127e+01,6.624812569599672685e+00
2.162332094884252598e+01,6.918509570838814682e+00
2.164332666476136069e+01,6.749820085681466963e+00
2.166333238068019540e+01,6.255655168755344775e+00
2.168333809659903011e+01,7.191069370997594135e+00
2.170334381251786482e+01,7.842369365622772648e+00
2.172334952843669598e+01,6.781852411556561933e+00
2.174335524435553069e+01,6.854173221091418355e+00
2.176336096027436540e+01,7.644673244707398396e+00
2.178336667619319655e+01,7.066185497293299811e+00
2.180337239211203126e+01,6.777573340084696696e+00
2.182337810803086597e+01,6.942198796187827092e+00
2.184338382394970068e+01,6.905926040217110540e+00
2.186338953986853539e+01,7.219155287107277275e+00
2.188339525578737010e+01,7.959322198125255987e+00
2.190340097170620481e+01,6.986214123955531541e+00
2.192340668762503597e+01,8.026560449596871649e+00
2.194341240354387068e+01,7.667044643068576804e+00
2.196341811946270184e+01,7.372532259784641440e+00
2.198342383538153655e+01,8.002915478389752479e+00
2.200342955130037126e+01,6.716416014405409918e+00
2.202343526721920597e+01,6.915498190298124292e+00
2.204344098313804068e+01,6.792318246351888078e+00
2.206344669905687539e+01,6.362602540702654963e+00
2.208345241497571010e+01,7.334767087903617977e+00
2.210345813089454126e+01,6.454766369413451166e+00
2.212346384681337597e+01,6.114111430397197289e+00
2.214346956273221068e+01,5.750798143499929793e+00
2.216347527865104183e+01,5.416953498062107464e+00
2.218348099456987654e+01,5.479582472447237507e+00
2.220348671048871125e+01,5.861600066608133375e+00
2.222349242640754596e+01,5.293546131902562735e+00
2.224349814232638067e+01,5.353466454102340677e+00
2.226350385824521538e+01,4.863468313120512754e+00
2.228350957416405009e+01,5.007680518284674420e+00
2.230351529008288125e+01,4.604008980659227035e+00
2.232352100600171596e+01,4.876544155261964164e+00
2.234352672192054712e+01,4.757725437414392466e+00
2.236353243783938183e+01,4.933810323484248528e+00
2.238353815375821654e+01,3.827178403249748229e+00
2.240354386967705125e+01,4.756492508554279297e+00
2.242354958559588596e+01,4.755833617129972879e+00
2.244355530151472067e+01,5.082260880404936287e+00
2.246356101743355538e+01,4.178510579127131308e+00
2.248356673335238654e+01,3.828170616691201289e+00
2.250357244927122125e+01,4.427084688659424394e+00
2.252357816519005240e+01,4.859398602612154505e+00
2.254358388110888711e+01,4.692690531554283950e+00
2.256358959702772182e+01,4.707451111777260166e+00
2.258359531294655653e+01,4.880019802261859496e+00
2.260360102886539124e+01,4.127337375597070590e+00
2.262360674478422595e+01,4.788669498232234645e+00
2.264361246070306066e+01,4.959661747968745260e+00
2.266361817662189182e+01,5.237498596152008190e+00
2.268362389254072653e+01,4.600436236791978217e+00
2.270362960845956124e+01,4.678365357779359357e+00
2.272363532437839240e+01,4.401165991899532948e+00
2.274364104029722711e+01,5.239823166105081143e+00
2.276364675621606182e+01,4.155277242007958449e+00
2.278365247213489653e+01,4.480234982024862589e+00
2.280365818805373124e+01,4.152805475376926125e+00
2.282366390397256595e+01,4.936410644046094198e+00
2.284366961989140066e+01,3.631612511334606719e+00
2.286367533581023181e+01,4.516854103416358512e+00
2.288368105172906652e+01,4.864065593160339596e+00
2.290368676764789768e+01,4.692089670120895839e+00
2.292369248356673239e+01,4.449728773033557516e+00
2.294369819948556710e+01,4.521404908224922359e+00
2.296370391540440181e+01,3.912938060016353248e+00
2.298370963132323652e+01,5.398583111830162373e+00
2.300371534724207123e+01,4.552041828583123895e+00
2.302372106316090594e+01,4.849787325206541766e+00
2.304372677907973710e+01,4.863938084361799419e+00
2.306373249499857181e+01,5.108443846637634067e+00
2.308373821091740652e+01,4.371750969994899982e+00
2.310374392683623768e+01,4.798778910595816072e+00
2.312374964275507239e+01,5.339793412034664399e+00
2.314375535867390710e+01,5.087154187992415366e+00
2.316376107459274181e+01,4.926170371338454146e+00
2.318376679051157652e+01,5.688016915785193639e+00
2.320377250643041123e+01,5.272513113799668361e+00
2.322377822234924594e+01,5.598863131380110048e+00
2.324378393826807709e+01,5.440248591117433641e+00
2.326378965418691180e+01,4.570638571360064795e+00
2.328379537010574296e+01,5.586862560642015474e+00
2.330380108602457767e+01,5.225316281805008956e+00
2.332380680194341238e+01,5.373871503514711989e+00
2.334381251786224709e+01,5.338741495760157996e+00
2.336381823378108180e+01,5.718405182689783040e+00
2.338382394969991651e+01,5.969945216331633553e+00
2.340382966561875122e+01,6.144236531025827119e+00
2.342383538153758238e+01,6.228659337404408802e+00
2.344384109745641709e+01,7.063035269656799287e+00
2.346384681337524825e+01,7.129870261819476696e+00
2.348385252929408296e+01,6.916122762643500010e+00
2.350385824521291767e+01,6.273392959037044747e+00
2.352386396113175238e+01,6.770465716212674678e+00
2.354386967705058709e+01,7.459840185045805150e+00
2.356387539296942180e+01,7.548089898342077220e+00
2.358388110888825651e+01,8.003052782818272703e+00
2.360388682480708766e+01,7.762158789164076644e+00
2.362389254072592237e+01,8.429918278927946318e+00
2.364389825664475708e+01,8.622097646991541353e+00
2.366390397256358824e+01,8.905109379166233907e+00
2.368390968848242295e+01,8.601132875055547800e+00
2.370391540440125766e+01,8.667144154753660956e+00
2.372392112032009237e+01,9.185555956411818102e+00
2.374392683623892708e+01,9.277487835859458798e+00
2.376393255215776179e+01,1.035414474165447984e+01
2.378393826807659650e+01,1.024748064660599667e+01
2.380394398399542766e+01,1.004090825587487501e+01
2.382394969991426237e+01,1.133438586761072209e+01
2.384395541583309353e+01,1.143714136864643294e+01
2.386396113175192824e+01,1.191855622712263241e+01
2.388396684767076295e+01,1.166556925246639054e+01
2.390397256358959766e+01,1.291228823834829598e+01
2.392397827950843237e+01,1.369617841804708647e+01
2.394398399542726708e+01,1.389659343363968702e+01
2.396398971134610179e+01,1.408413843457525694e+01
2.398399542726493294e+01,1.430296523488841842e+01
2.400400114318376765e+01,1.530455706761478041e+01
2.402400685910260236e+01,1.628589595625919628e+01
2.404401257502143352e+01,1.578339095676552262e+01
2.406401829094026823e+01,1.660091993535571930e+01
2.408402400685910294e+01,1.713087744906265897e+01
2.410402972277793765e+01,1.808150001966828313e+01
2.412403543869677236e+01,1.771852690266626951e+01
2.414404115461560707e+01,1.860259088714702003e+01
2.416404687053444178e+01,1.967641267587545428e+01
2.418405258645327294e+01,2.010712759726835230e+01
2.420405830237210765e+01,2.041538541261419581e+01
2.422406401829093880e+01,2.027119103011085599e+01
2.424406973420977351e+01,2.067752704398088426e+01
2.426407545012860822e+01,2.013275809456564858e+01
2.428408116604744293e+01,2.032927044840739939e+01
2.430408688196627764e+01,2.145858542772423050e+01
2.432409259788511235e+01,2.138222676850849524e+01
2.434409831380394706e+01,2.102723940734216157e+01
2.436410402972277822e+01,2.120548611848843024e+01
2.438410974564161293e+01,2.108104552793368214e+01
2.440411546156044409e+01,2.120460467661346371e+01
2.442412117747927880e+01,2.057265509869912279e+01
2.444412689339811351e+01,2.128796292322044792e+01
2.446413260931694822e+01,2.030684900443657526e+01
2.448413832523578293e+01,2.113916572310433750e+01
2.450414404115461764e+01,2.125971111452169637e+01
2.452414975707345235e+01,2.053356510477266283e+01
2.454415547299228351e+01,2.124089497363099355e+01
2.456416118891111822e+01,2.081223124171506100e+01
2.458416690482995293e+01,2.065540413641044282e+01
2.460417262074878408e+01,2.056655845867330967e+01
2.462417833666761879e+01,2.014019564407927021e+01
2.464418405258645350e+01,1.947477256115058708e+01
2.466418976850528821e+01,2.033826325879142871e+01
2.468419548442412292e+01,1.949336345651882496e+01
2.470420120034295763e+01,1.951255684917563826e+01
2.472420691626179234e+01,1.953968492885815067e+01
2.474421263218062350e+01,1.761251126958782720e+01
2.476421834809945821e+01,1.787797386706054681e+01
2.478422406401828937e+01,1.692425986602183485e+01
2.480422977993712408e+01,1.655407288790654263e+01
2.482423549585595879e+01,1.567130030327187740e+01
2.484424121177479350e+01,1.411309676489551457e+01
2.486424692769362821e+01,1.431430945359578288e+01
2.488425264361246292e+01,1.263126535031803854e+01
2.490425835953129763e+01,1.288466839033173628e+01
2.492426407545012879e+01,1.137806025986342462e+01
2.494426979136896350e+01,9.911819266556443964e+00
2.496427550728779821e+01,1.041269509248935421e+01
2.498428122320662936e+01,9.451429517544646330e+00
2.500428693912546407e+01,9.673033241964374085e+00
2.502429265504429878e+01,8.361335086231033387e+00
2.504429837096313349e+01,7.797169570633868396e+00
2.506430408688196820e+01,8.224038860591974753e+00
2.508430980280080291e+01,6.709385691008862729e+00
2.510431551871963762e+01,7.456054530472032482e+00
2.512432123463846878e+01,7.507197260938578864e+00
2.514432695055730349e+01,6.851085476859013035e+00
2.516433266647613465e+01,7.461847260718101893e+00
2.518433838239496936e+01,6.998970852791311259e+00
2.520434409831380407e+01,7.365330121222126714e+00
2.522434981423263878e+01,6.020417686838538174e+00
2.524435553015147349e+01,6.419236026007665075e+00
2.526436124607030820e+01,6.711809345180205000e+00
2.528436696198914291e+01,6.932256751141921747e+00
2.530437267790797407e+01,6.088891320095087600e+00
2.532437839382680878e+01,6.251981088565803368e+00
2.534438410974563993e+01,6.540273444144540704e+00
2.536438982566447464e+01,6.588709578246346510e+00
2.538439554158330935e+01,6.866320246894953350e+00
2.540440125750214406e+01,7.066860759441633277e+00
2.542440697342097877e+01,7.245599237270901938e+00
2.544441268933981348e+01,7.113730884927361942e+00
2.546441840525864819e+01,7.689855238208377131e+00
2.548442412117747935e+01,7.774987047907268689e+00
2.550442983709631406e+01,8.414917799170758883e+00
2.552443555301514877e+01,8.157409641754837182e+00
2.554444126893397993e+01,7.783432744795122815e+00
2.556444698485281464e+01,8.947297838747442000e+00
2.558445270077164935e+01,8.020858221650605913e+00
2.560445841669048406e+01,8.584234895785192165e+00
2.562446413260931877e+01,8.486915248284571334e+00
2.564446984852815348e+01,8.915701458152899050e+00
2.566447556444698819e+01,8.511400450992313793e+00
2.568448128036581934e+01,1.004061522372135684e+01
2.570448699628465405e+01,9.848563606841715057e+00
2.572449271220348521e+01,9.703822265335990238e+00
2.574449842812231992e+01,9.646952502436544563e+00
2.576450414404115463e+01,1.013423229840882911e+01
2.578450985995998934e+01,1.067328849604943386e+01
2.580451557587882405e+01,1.068466715421433122e+01
2.582452129179765876e+01,1.082583879010645944e+01
2.584452700771649347e+01,1.086041111716301799e+01
2.586453272363532463e+01,1.062810142020033233e+01
2.588453843955415934e+01,1.062691913100010055e+01
2.590454415547299405e+01,1.094351759201556185e+01
2.592454987139182521e+01,1.114299308728245919e+01
2.594455558731065992e+01,1.117781865276230135e+01
2.596456130322949463e+01,1.101022263449642580e+01
2.598456701914832934e+01,1.093977620292256248e+01
2.600457273506716405e+01,1.108900257085624474e+01
2.602457845098599520e+01,1.143495280505422684e+01
2.604458416690482991e+01,1.150081862613217965e+01
2.606458988282366462e+01,1.102286241624021201e+01
2.608459559874249933e+01,1.055590871510860040e+01
2.610460131466133404e+01,1.145262939745716935e+01
2.612460703058016520e+01,1.038583217060746478e+01
2.614461274649899991e+01,1.115398965595258574e+01
2.616461846241783462e+01,1.019399776597131435e+01
2.618462417833666933e+01,1.058163285903563988e+01
2.620462989425550404e+01,1.067197655708520898e+01
2.622463561017433520e+01,1.151376204190159669e+01
2.624464132609316991e+01,1.025979898519648970e+01
2.626464704201200462e+01,1.068255962997553610e+01
2.628465275793083933e+01,1.063158639293188124e+01
2.630465847384967049e+01,1.029051052955443879e+01
2.632466418976850520e+01,1.046669097382508440e+01
2.634466990568733991e+01,1.003599697113785183e+01
2.636467562160617462e+01,9.754466392370440886e+00
2.638468133752500933e+01,1.000573736763155708e+01
2.640468705344384048e+01,9.813527983902483598e+00
2.642469276936267519e+01,9.353733368181551100e+00
2.644469848528150990e+01,9.122092430539511909e+00
2.646470420120034461e+01,9.111724072729206370e+00
2.648470991711917932e+01,8.311940125705465476e+00
2.650471563303801048e+01,9.093481710713955835e+00
2.652472134895684519e+01,7.847949591577730644e+00
2.654472706487567990e+01,7.054236530943244432e+00
2.656473278079451461e+01,7.856494171485317146e+00
2.658473849671334932e+01,7.732897297206424270e+00
2.660474421263218048e+01,7.177984443665060610e+00
2.662474992855101519e+01,7.600761284563010811e+00
2.664475564446984990e+01,7.216044622815479315e+00
2.666476136038868461e+01,6.633948243778087672e+00
2.668476707630751577e+01,6.634309923598214809e+00
2.670477279222635048e+01,5.882086663617391409e+00
2.672477850814518519e+01,6.570591040039616360e+00
2.674478422406401990e+01,6.710501349673315019e+00
2.676478993998285461e+01,5.745399815685717115e+00
2.678479565590168576e+01,5.650082205791305157e+00
2.680480137182052047e+01,5.607970684114843785e+00
2.682480708773935518e+01,5.561649878133250624e+00
2.684481280365818989e+01,5.011076210235962947e+00
2.686481851957702460e+01,5.175962947301474770e+00
2.688482423549585576e+01,5.227094757998217212e+00
2.690482995141469047e+01,5.049131866722895268e+00
2.692483566733352518e+01,4.877415057366681239e+00
2.694484138325235989e+01,5.459593469128257937e+00
2.696484709917119105e+01,5.309887766316819580e+00
2.698485281509002576e+01,5.641280684006353852e+00
2.700485853100886047e+01,5.491582982158601745e+00
2.702486424692769518e+01,5.635992075529868472e+00
2.704486996284652989e+01,5.065639970842427786e+00
2.706487567876536104e+01,5.504094480133929324e+00
2.708488139468419575e+01,4.963874311453494670e+00
2.710488711060303046e+01,5.346560553352146528e+00
2.712489282652186517e+01,6.124194896619608919e+00
2.714489854244069988e+01,5.833365528765929398e+00
2.716490425835953104e+01,5.060819033640726161e+00
2.718490997427836575e+01,5.521325250858082789e+00
2.720491569019720046e+01,5.160066867251931200e+00
2.722492140611603517e+01,6.035798281025400058e+00
2.724492712203486633e+01,5.330147063652455053e+00
2.726493283795370104e+01,5.356457627895876428e+00
2.728493855387253575e+01,5.507156547062675322e+00
2.730494426979137046e+01,5.975874165053470577e+00
2.732494998571020517e+01,5.266711187834857810e+00
2.734495570162903633e+01,5.276678920843611564e+00
2.736496141754787104e+01,6.607047186276946427e+00
2.738496713346670575e+01,5.703466956230867524e+00
2.740497284938554046e+01,6.001822383301498753e+00
2.742497856530437517e+01,5.548202604531590865e+00
2.744498428122320632e+01,5.854571184824960639e+00
2.746498999714204103e+01,6.209796783431794864e+00
2.748499571306087574e+01,6.342292632751050263e+00
2.750500142897971045e+01,6.532957749182441987e+00
2.752500714489854516e+01,6.406065061298091834e+00
2.754501286081737632e+01,6.472955342707499504e+00
2.756501857673621103e+01,6.636825428938108118e+00
2.758502429265504574e+01,6.479382090073471545e+00
2.760503000857388045e+01,6.653218491979158600e+00
2.762503572449271161e+01,5.928821207705198049e+00
2.764504144041154632e+01,7.577903409370919441e+00
2.766504715633038103e+01,7.071871751283261176e+00
2.768505287224921574e+01,6.440708858394494918e+00
2.770505858816805045e+01,7.326723948133706088e+00
2.772506430408688161e+01,7.248919955346286415e+00
2.774507002000571632e+01,7.171343332365522905e+00
2.776507573592455103e+01,7.188452692291474655e+00
2.778508145184338574e+01,8.340691544234655197e+00
2.780508716776222045e+01,7.800575638239269693e+00
2.782509288368105160e+01,7.769284040538104286e+00
2.784509859959988631e+01,9.416448804466803324e+00
2.786510431551872102e+01,9.280675239475591809e+00
2.788511003143755573e+01,9.719183446273373050e+00
2.790511574735638689e+01,8.905738977663300915e+00
2.792512146327522160e+01,1.002670143357036103e+01
2.794512717919405631e+01,9.555277205398898133e+00
2.796513289511289102e+01,1.047661361047233797e+01
2.798513861103172573e+01,1.053540953368453259e+01
2.800514432695055689e+01,1.088480393317927586e+01
2.802515004286939160e+01,1.223510651034199981e+01
2.804515575878822631e+01,1.189140178947800308e+01
2.806516147470706102e+01,1.250107303215323640e+01
2.808516719062589573e+01,1.318796038262824055e+01
2.810517290654472689e+01,1.395372477757019070e+01
2.812517862246356160e+01,1.355044976413907953e+01
2.814518433838239631e+01,1.449894896109713649e+01
2.816519005430123102e+01,1.524785771037850779e+01
2.818519577022006217e+01,1.531614634507670658e+01
2.820520148613889688e+01,1.573591430139993363e+01
2.822520720205773159e+01,1.652005948261823320e+01
2.824521291797656630e+01,1.688787649961600579e+01
2.826521863389540101e+01,1.655853372144254365e+01
2.828522434981423217e+01,1.688663835033499083e+01
2.830523006573306688e+01,1.766059374195416964e+01
2.832523578165190159e+01,1.895556912377488246e+01
2.834524149757073630e+01,1.903584017138662077e+01
2.836524721348957101e+01,1.920601488912738120e+01
2.838525292940840217e+01,1.945249777228733024e+01
2.840525864532723688e+01,2.036631175830133600e+01
2.842526436124607159e+01,2.074988325858477012e+01
2.844527007716490630e+01,2.056834565157929262e+01
2.846527579308374101e+01,2.123735528257498828e+01
2.848528150900257216e+01,2.264930938139627159e+01
2.850528722492140687e+01,2.318082311067384893e+01
2.852529294084024158e+01,2.305946411754700875e+01
2.854529865675907629e+01,2.358754402331108224e+01
2.856530437267790745e+01,2.445947711020012605e+01
2.858531008859674216e+01,2.459349527872978314e+01
2.860531580451557687e+01,2.494336464242228857e+01
2.862532152043441158e+01,2.546692870574076295e+01
2.864532723635324629e+01,2.623048998360917494e+01
2.866533295227207745e+01,2.634382321037973895e+01
2.868533866819091216e+01,2.712833571126627774e+01
2.870534438410974687e+01,2.652823010973577311e+01
2.872535010002858158e+01,2.719525011763870737e+01
2.874535581594741629e+01,2.711301039980128991e+01
2.876536153186624745e+01,2.636753201082149545e+01
2.878536724778508216e+01,2.636860040282065043e+01
2.880537296370391687e+01,2.568926339224340438e+01
2.882537867962275158e+01,2.461191373023687134e+01
2.884538439554158273e+01,2.456862684207257885e+01
2.886539011146041744e+01,2.322716654111778922e+01
2.888539582737925215e+01,2.362166906454121573e+01
2.890540154329808686e+01,2.315728137839745671e+01
2.892540725921692157e+01,2.230600486427010765e+01
2.894541297513575273e+01,2.244613236502313214e+01
2.896541869105458744e+01,2.112342311834515129e+01
2.898542440697342215e+01,2.136989035261920122e+01
2.900543012289225686e+01,2.066711376723863935e+01
2.902543583881109157e+01,2.088425834799769376e+01
2.904544155472992273e+01,2.075198102766985286e+01
2.906544727064875744e+01,2.049604673868852700e+01
2.908545298656759215e+01,2.043964089386659566e+01
2.910545870248642686e+01,2.141989500237012933e+01
2.912546441840525802e+01,2.223903899176011123e+01
2.914547013432409273e+01,2.256202349786924444e+01
2.916547585024292744e+01,2.232955482891885168e+01
2.918548156616176215e+01,2.257855546623493126e+01
2.920548728208059686e+01,2.216725586749272736e+01
2.922549299799942801e+01,2.270121350295540807e+01
2.924549871391826272e+01,2.369376404543594816e+01
2.926550442983709743e+01,2.436476885065319209e+01
2.928551014575593214e+01,2.475521427740379465e+01
2.930551586167476685e+01,2.490777718489317039e+01
2.932552157759359801e+01,2.557953588942305601e+01
2.934552729351243272e+01,2.538187699178248380e+01
2.936553300943126743e+01,2.651835252218278072e+01
2.938553872535010214e+01,2.662165499889663778e+01
2.940554444126893330e+01,2.754341923881409926e+01
2.942555015718776801e+01,2.763737541846272450e+01
2.944555587310660272e+01,2.779584792726860343e+01
2.946556158902543743e+01,2.875822332293528660e+01
2.948556730494427214e+01,2.953975710874720306e+01
2.950557302086310330e+01,2.909629284594545240e+01
2.952557873678193801e+01,2.996162672376184588e+01
2.954558445270077272e+01,3.072372595299436426e+01
2.956559016861960743e+01,3.090294085784100275e+01
2.958559588453844214e+01,3.162073766689434962e+01
2.960560160045727329e+01,3.168367296101062536e+01
2.962560731637610800e+01,3.225175956338551941e+01
2.964561303229494271e+01,3.341830569303832732e+01
2.966561874821377742e+01,3.320634009081255300e+01
2.968562446413261213e+01,3.369705204010068655e+01
2.970563018005144329e+01,3.382204597789252887e+01
2.972563589597027800e+01,3.463068934395214171e+01
2.974564161188911271e+01,3.425146115841473460e+01
2.976564732780794742e+01,3.442240203049014013e+01
2.978565304372677858e+01,3.540798958856911582e+01
2.980565875964561329e+01,3.549958518690560538e+01
2.982566447556444800e+01,3.506731325258368770e+01
2.984567019148328271e+01,3.527396600956095085e+01
2.986567590740211742e+01,3.632618920026384046e+01
2.988568162332094857e+01,3.612161411751932860e+01
2.990568733923978328e+01,3.706820001865667535e+01
2.992569305515861799e+01,3.709356137519490204e+01
2.994569877107745270e+01,3.783671921937221327e+01
2.996570448699628741e+01,3.801726368563499392e+01
2.998571020291511857e+01,3.843234362953002403e+01
3.000571591883395328e+01,3.799369952484995849e+01
3.002572163475278799e+01,3.886963986912449087e+01
3.004572735067162270e+01,3.946315892222565935e+01
3.006573306659045386e+01,3.938992239145697738e+01
3.008573878250928857e+01,3.969259836741542813e+01
3.010574449842812328e+01,3.935720549140089020e+01
3.012575021434695799e+01,3.872764566032854816e+01
3.014575593026579270e+01,3.842921226440919469e+01
3.016576164618462386e+01,3.746759565961340854e+01
3.018576736210345857e+01,3.671487128879169859e+01
3.020577307802229328e+01,3.584361720717467392e+01
3.022577879394112799e+01,3.430728602655740644e+01
3.024578450985996270e+01,3.251863699036702116e+01
3.026579022577879385e+01,3.140117624439568544e+01
3.028579594169762856e+01,3.031733774366370682e+01
3.030580165761646327e+01,2.731779201383638167e+01
3.032580737353529798e+01,2.595985498120460733e+01
3.034581308945412914e+01,2.492826630863130788e+01
3.036581880537296385e+01,2.290058484578209175e+01
3.038582452129179856e+01,2.269479377244466178e+01
3.040583023721063327e+01,2.000772353143719329e+01
3.042583595312946798e+01,1.886801063871377337e+01
3.044584166904829914e+01,1.758085986877177476e+01
3.046584738496713385e+01,1.658271927410926594e+01
3.048585310088596856e+01,1.521856278559418563e+01
3.050585881680480327e+01,1.495039733536399496e+01
3.052586453272363798e+01,1.399461464778152653e+01
3.054587024864246914e+01,1.344545880742925803e+01
3.056587596456130385e+01,1.306282369645558461e+01
3.058588168048013856e+01,1.229413986801387004e+01
3.060588739639897327e+01,1.116590922399255881e+01
3.062589311231780798e+01,1.130966209339271700e+01
3.064589882823663913e+01,1.141336165287927784e+01
3.066590454415547384e+01,1.057682486248606324e+01
3.068591026007430855e+01,1.177871296583605876e+01
3.070591597599314326e+01,1.050486858264843448e+01
3.072592169191197442e+01,1.147199277582365085e+01
3.074592740783080913e+01,1.129461594866446106e+01
3.076593312374964384e+01,1.111435308464565885e+01
3.078593883966847855e+01,1.225495315484948122e+01
3.080594455558731326e+01,1.186875964412080009e+01
3.082595027150614442e+01,1.167181139630175934e+01
3.084595598742497913e+01,1.283350259764780077e+01
3.086596170334381384e+01,1.197635056050966185e+01
3.088596741926264855e+01,1.271507093940954292e+01
3.090597313518148326e+01,1.340437100585232777e+01
3.092597885110031442e+01,1.408071805736328308e+01
3.094598456701914913e+01,1.418632730912939621e+01
3.096599028293798384e+01,1.523089352886171355e+01
3.098599599885681855e+01,1.497139340730659107e+01
3.100600171477564970e+01,1.725136050020838496e+01
3.102600743069448441e+01,1.773444945199098655e+01
3.104601314661331912e+01,1.860748146325725827e+01
3.106601886253215383e+01,1.967104031327970404e+01
3.108602457845098854e+01,2.045481816074798331e+01
3.110603029436981970e+01,2.182423633329887735e+01
3.112603601028865441e+01,2.341208994060740878e+01
3.114604172620748912e+01,2.369681519133123970e+01
3.116604744212632383e+01,2.553796569380878978e+01
3.118605315804515854e+01,2.629874670014584126e+01
3.120605887396398970e+01,2.860119884603319207e+01
3.122606458988282441e+01,3.060736337993645151e+01
3.124607030580165912e+01,3.228852666201314037e+01
3.126607602172049383e+01,3.398336112624393479e+01
3.128608173763932498e+01,3.648700583074848680e+01
3.130608745355815969e+01,3.917104068317469512e+01
3.132609316947699440e+01,4.148907404639608387e+01
3.134609888539582911e+01,4.303766969494202499e+01
3.136610460131466382e+01,4.610398578982687923e+01
3.138611031723349498e+01,4.857143285526269949e+01
3.140611603315232969e+01,5.112586557963754785e+01
3.142612174907116440e+01,5.383414177650331567e+01
3.144612746498999911e+01,5.735703873569845257e+01
3.146613318090883382e+01,5.982879138723243528e+01
3.148613889682766498e+01,6.310369388498097010e+01
3.150614461274649969e+01,6.709337745085386473e+01
3.152615032866533440e+01,6.954849852931161536e+01
3.154615604458416911e+01,7.299801100140018661e+01
3.156616176050300382e+01,7.591341713196885621e+01
3.158616747642183498e+01,7.975658010958957789e+01
3.160617319234066969e+01,8.157493511875314596e+01
3.162617890825950440e+01,8.524196090990105290e+01
3.164618462417833911e+01,8.719800035307099506e+01
3.166619034009717026e+01,8.995171402853219433e+01
3.168619605601600497e+01,9.212849137215604856e+01
3.170620177193483968e+01,9.395505654046272070e+01
3.172620748785367439e+01,9.601082384078864607e+01
3.174621320377250910e+01,9.689857822654343522e+01
3.176621891969134026e+01,9.731302544981616620e+01
3.178622463561017497e+01,9.653961224339028036e+01
3.180623035152900968e+01,9.564703713270445462e+01
3.182623606744784439e+01,9.489789449071479055e+01
3.184624178336667910e+01,9.226372043111180687e+01
3.186624749928551026e+01,9.044132604830119249e+01
3.188625321520434497e+01,8.774010642978298335e+01
3.190625893112317968e+01,8.323639360905733042e+01
3.192626464704201439e+01,7.974478581955872869e+01
3.194627036296084555e+01,7.547269564773787920e+01
3.196627607887968026e+01,7.128809868503486769e+01
3.198628179479851497e+01,6.729016624176964001e+01
3.200628751071734968e+01,6.271511094188117852e+01
3.202629322663618439e+01,5.759237415597935694e+01
3.204629894255501199e+01,5.244048241616162898e+01
3.206630465847385381e+01,4.954338260354700907e+01
3.208631037439268141e+01,4.477117965019245815e+01
3.210631609031152323e+01,4.157663806906029436e+01
3.212632180623035083e+01,3.820102673377435565e+01
3.214632752214918554e+01,3.540248457325282772e+01
3.216633323806802025e+01,3.250966050114814720e+01
3.218633895398685496e+01,3.086187458909444814e+01
3.220634466990568967e+01,2.943736846870319113e+01
3.222635038582451728e+01,2.818732984391061080e+01
3.224635610174335909e+01,2.655143994576806676e+01
3.226636181766218670e+01,2.659134112511577541e+01
3.228636753358102851e+01,2.538059758572193303e+01
3.230637324949985612e+01,2.570577872109790718e+01
3.232637896541869083e+01,2.463950077663692539e+01
3.234638468133752554e+01,2.522471883155298400e+01
3.236639039725636025e+01,2.417192208756810601e+01
3.238639611317519496e+01,2.494583316359906888e+01
3.240640182909402967e+01,2.490935881093949433e+01
3.242640754501286438e+01,2.586970355608447392e+01
3.244641326093169198e+01,2.477978255069703195e+01
3.246641897685053380e+01,2.626153578460755256e+01
3.248642469276936140e+01,2.653981421776523320e+01
3.250643040868819611e+01,2.717938238942810258e+01
3.252643612460703082e+01,2.770729666746819930e+01
3.254644184052586553e+01,2.827174971402115489e+01
3.256644755644470024e+01,2.982744806918820757e+01
3.258645327236353495e+01,3.021681346266991142e+01
3.260645898828236966e+01,3.176126625276914694e+01
3.262646470420119726e+01,3.240868183804048641e+01
3.264647042012003908e+01,3.393700197545143027e+01
3.266647613603886668e+01,3.504095313302387638e+01
3.268648185195770850e+01,3.625141455507558419e+01
3.270648756787653610e+01,3.772967697004546750e+01
3.272649328379537081e+01,3.927771434074506374e+01
3.274649899971420552e+01,4.128831532303811969e+01
3.276650471563304023e+01,4.177982987476364940e+01
3.278651043155187494e+01,4.286480279794813697e+01
3.280651614747070255e+01,4.495390957914416674e+01
3.282652186338954436e+01,4.724432576665924444e+01
3.284652757930837197e+01,4.850968567918158669e+01
3.286653329522721378e+01,5.074935471806711718e+01
3.288653901114604139e+01,5.112409403774415750e+01
3.290654472706487610e+01,5.345167591123234274e+01
3.292655044298371081e+01,5.550326372080355242e+01
3.294655615890254552e+01,5.642428780080296491e+01
3.296656187482138023e+01,5.850253197922910431e+01
3.298656759074020783e+01,6.007176238312046479e+01
3.300657330665904965e+01,6.185902531939581195e+01
3.302657902257787725e+01,6.381927092673784330e+01
3.304658473849671907e+01,6.625710344948248576e+01
3.306659045441554667e+01,6.851471738175868609e+01
3.308659617033438138e+01,7.124125398763194994e+01
3.310660188625321609e+01,7.336991211091088871e+01
3.312660760217205080e+01,7.569851408626550437e+01
3.314661331809088551e+01,7.868924023467562279e+01
3.316661903400971312e+01,8.101436201359206279e+01
3.318662474992855493e+01,8.368325842674212822e+01
3.320663046584738254e+01,8.629327841816532896e+01
3.322663618176622435e+01,8.905960870914969973e+01
3.324664189768505196e+01,9.104156635225272964e+01
3.326664761360388667e+01,9.343033291693279807e+01
3.328665332952272138e+01,9.418718033770950626e+01
3.330665904544155609e+01,9.499743774149176545e+01
3.332666476136039080e+01,9.598423558653246346e+01
3.334667047727922551e+01,9.602469913757295217e+01
3.336667619319806022e+01,9.609782420832146954e+01
3.338668190911688782e+01,9.440431128788269177e+01
3.340668762503572964e+01,9.364894260939365722e+01
3.342669334095455724e+01,9.174553770584228118e+01
3.344669905687339195e+01,8.966241923572002293e+01
3.346670477279222666e+01,8.699200985312182866e+01
3.348671048871106137e+01,8.348054548821866661e+01
3.350671620462989608e+01,7.973411796997434919e+01
3.352672192054873079e+01,7.521310823347869245e+01
3.354672763646756550e+01,7.155745372695712092e+01
3.356673335238639311e+01,6.767897500745175421e+01
3.358673906830523492e+01,6.478980172368926560e+01
3.360674478422406253e+01,6.007416641717945538e+01
3.362675050014290434e+01,5.678796573550970095e+01
3.364675621606173195e+01,5.311446593881330358e+01
3.366676193198056666e+01,5.012387336567402940e+01
3.368676764789940137e+01,4.743866758295636998e+01
3.370677336381823608e+01,4.485380784960690903e+01
3.372677907973707079e+01,4.185002389911890930e+01
3.374678479565589839e+01,4.002786388866512368e+01
3.376679051157474021e+01,3.831848048413594654e+01
3.378679622749356781e+01,3.726788490984870350e+01
3.380680194341240963e+01,3.687386960686455950e+01
3.382680765933123723e+01,3.628536227447185070e+01
3.384681337525007194e+01,3.590204059046395457e+01
3.386681909116890665e+01,3.520564774229396221e+01
3.388682480708774136e+01,3.553634699582386247e+01
3.390683052300657607e+01,3.533219325911999675e+01
3.392683623892540368e+01,3.586305429606059647e+01
3.394684195484424549e+01,3.622685522950811787e+01
3.396684767076307310e+01,3.678840520937633585e+01
3.398685338668191491e+01,3.825554944530874479e+01
3.400685910260074252e+01,3.900724215771961667e+01
3.402686481851957723e+01,3.897560865157235099e+01
3.404687053443841194e+01,4.000467648734195336e+01
3.406687625035724665e+01,4.069144707025708385e+01
3.408688196627608136e+01,4.093320957472868571e+01
3.410688768219490896e+01,4.184784042665856418e+01
3.412689339811375078e+01,4.182802097173930633e+01
3.414689911403257838e+01,4.174749352450642448e+01
3.416690482995142020e+01,4.186711002736818443e+01
3.418691054587024780e+01,4.127350589935312541e+01
3.420691626178908251e+01,4.191722516544379573e+01
3.422692197770791722e+01,4.130254806320961336e+01
3.424692769362675193e+01,4.024832350164946604e+01
3.426693340954558664e+01,3.989868341966730725e+01
3.428693912546442135e+01,3.910297919002493927e+01
3.430694484138325606e+01,3.724315720110827499e+01
3.432695055730208367e+01,3.673172727243697011e+01
3.434695627322092548e+01,3.542882848931641604e+01
3.436696198913975309e+01,3.426909296199426080e+01
3.438696770505858780e+01,3.355444071995222544e+01
3.440697342097742251e+01,3.248080218433054966e+01
3.442697913689625722e+01,3.125781870058192169e+01
3.444698485281509193e+01,2.979115784359559171e+01
3.446699056873392664e+01,2.795987976099651462e+01
3.448699628465276135e+01,2.794462288930880689e+01
3.450700200057158895e+01,2.696936312510403866e+01
3.452700771649043077e+01,2.679490885770812625e+01
3.454701343240925837e+01,2.712499922810235020e+01
3.456701914832810019e+01,2.711433758481773637e+01
3.458702486424692779e+01,2.734848892445622681e+01
3.460703058016576250e+01,2.750046362399212541e+01
3.462703629608459721e+01,2.765574961696788492e+01
3.464704201200343192e+01,2.925053559953441251e+01
3.466704772792226663e+01,2.942122823238621265e+01
3.468705344384109424e+01,3.094201272089711452e+01
3.470705915975993605e+01,3.134998306142276192e+01
3.472706487567876366e+01,3.343995410611624663e+01
3.474707059159760547e+01,3.465170341261256226e+01
3.476707630751643308e+01,3.576433368128542156e+01
3.478708202343526779e+01,3.643239327066265787e+01
3.480708773935410250e+01,3.749177851386764360e+01
3.482709345527293721e+01,3.864517439014863243e+01
3.484709917119177192e+01,4.041841440616933312e+01
3.486710488711059952e+01,4.092205992490964661e+01
3.488711060302944134e+01,4.232407294983964618e+01
3.490711631894826894e+01,4.162546371245107935e+01
3.492712203486711076e+01,4.237617551697435658e+01
3.494712775078593836e+01,4.224817018808123947e+01
3.496713346670477307e+01,4.277974916371866243e+01
3.498713918262360778e+01,4.103817779918793462e+01
3.500714489854244249e+01,4.045788353911953550e+01
3.502715061446127720e+01,3.986578778692350511e+01
3.504715633038010481e+01,3.882778994654802318e+01
3.506716204629894662e+01,3.782949765676063691e+01
3.508716776221777423e+01,3.621877456533823647e+01
3.510717347813661604e+01,3.450657800529529595e+01
3.512717919405544365e+01,3.295711722571823543e+01
3.514718490997427836e+01,3.220334978192440190e+01
3.516719062589311307e+01,3.049904190965925466e+01
3.518719634181194778e+01,2.940750355813552019e+01
3.520720205773078249e+01,2.820452207733262640e+01
3.522720777364961720e+01,2.772224034993334385e+01
3.524721348956845191e+01,2.703275829949350850e+01
3.526721920548727951e+01,2.660472227982831583e+01
3.528722492140612133e+01,2.631575695939012860e+01
3.530723063732494893e+01,2.628271115733152996e+01
3.532723635324378364e+01,2.532889054146136942e+01
3.534724206916261835e+01,2.604063725993198375e+01
3.536724778508145306e+01,2.595285827931243006e+01
3.538725350100028777e+01,2.700663706755188542e+01
3.540725921691912248e+01,2.575411703131950603e+01
3.542726493283795719e+01,2.642642922315958742e+01
3.544727064875678479e+01,2.627320798191460938e+01
3.546727636467562661e+01,2.627157355732079935e+01
3.548728208059445421e+01,2.811708746930937508e+01
3.550728779651329603e+01,2.738096588527408670e+01
3.552729351243212363e+01,2.753825954936673526e+01
3.554729922835095834e+01,2.796343601753641650e+01
3.556730494426979305e+01,2.786564177880978832e+01
3.558731066018862776e+01,2.776805182555656160e+01
3.560731637610746247e+01,2.696349374417529532e+01
3.562732209202629008e+01,2.771864717115624899e+01
3.564732780794513189e+01,2.691931908871089618e+01
3.566733352386395950e+01,2.649822043360661183e+01
3.568733923978280131e+01,2.574317765339581854e+01
3.570734495570162892e+01,2.593793341509675443e+01
3.572735067162046363e+01,2.509192280812783338e+01
3.574735638753929834e+01,2.483607943283804786e+01
3.576736210345813305e+01,2.388799992675482287e+01
3.578736781937696776e+01,2.396932398285730059e+01
3.580737353529579536e+01,2.372380579063215933e+01
3.582737925121463718e+01,2.335428725576495168e+01
3.584738496713346478e+01,2.300665314984457410e+01
3.586739068305230660e+01,2.323264445535574652e+01
3.588739639897113420e+01,2.267278737730988070e+01
3.590740211488996891e+01,2.386966029243476228e+01
3.592740783080880362e+01,2.366449581660128842e+01
3.594741354672763833e+01,2.446822668463022765e+01
3.596741926264647304e+01,2.451396849846868520e+01
3.598742497856530065e+01,2.488264135372782704e+01
3.600743069448414246e+01,2.518354968322644893e+01
3.602743641040297007e+01,2.547856487403875647e+01
3.604744212632181188e+01,2.537958086492517751e+01
3.606744784224063949e+01,2.666558738926681116e+01
3.608745355815947420e+01,2.598958948206967179e+01
3.610745927407830891e+01,2.675696933871283179e+01
3.612746498999714362e+01,2.754938863089109802e+01
3.614747070591597833e+01,2.687127667428893218e+01
3.616747642183481304e+01,2.719088256001687398e+01
3.618748213775364775e+01,2.724172237065548785e+01
3.620748785367247535e+01,2.698145282269011602e+01
3.622749356959131717e+01,2.644305258238615863e+01
3.624749928551014477e+01,2.583804138968036312e+01
3.626750500142897948e+01,2.595016448131265463e+01
3.628751071734781419e+01,2.466501575324825524e+01
3.630751643326664890e+01,2.509948783261998884e+01
3.632752214918548361e+01,2.408140864188730035e+01
3.634752786510431832e+01,2.393750672795799517e+01
3.636753358102315303e+01,2.311255071707526554e+01
3.638753929694198064e+01,2.210623678332897413e+01
3.640754501286082245e+01,2.121363712807283619e+01
3.642755072877965006e+01,2.076450960593510331e+01
3.644755644469849187e+01,2.058810152989421027e+01
3.646756216061731948e+01,1.910512887515400848e+01
3.648756787653615419e+01,1.936301184529780173e+01
3.650757359245498890e+01,1.902257534967515085e+01
3.652757930837382361e+01,1.808249303397414209e+01
3.654758502429265832e+01,1.809367005429903230e+01
3.656759074021148592e+01,1.788102585757184215e+01
3.658759645613032774e+01,1.740356164451716481e+01
3.660760217204915534e+01,1.710027194495250669e+01
3.662760788796799716e+01,1.686264931043957205e+01
3.664761360388682476e+01,1.668729621481444170e+01
3.666761931980565947e+01,1.663022636821478883e+01
3.668762503572449418e+01,1.644313862910794555e+01
3.670763075164332889e+01,1.662359419335871280e+01
3.672763646756216360e+01,1.631132246178946232e+01
3.674764218348099121e+01,1.604488367394223758e+01
3.676764789939983302e+01,1.624786650620563222e+01
3.678765361531866063e+01,1.529309034739466355e+01
3.680765933123750244e+01,1.463928856729110528e+01
3.682766504715633005e+01,1.448830322142013216e+01
3.684767076307516476e+01,1.425045804424111040e+01
3.686767647899399947e+01,1.376559087133438197e+01
3.688768219491283418e+01,1.426658180553877742e+01
3.690768791083166889e+01,1.290699641100042783e+01
3.692769362675049649e+01,1.334344361981058036e+01
3.694769934266933831e+01,1.260488806429355790e+01
3.696770505858816591e+01,1.237321830391658750e+01
3.698771077450700773e+01,1.092421856279325354e+01
3.700771649042583533e+01,1.005284350186101960e+01
3.702772220634467004e+01,9.561407808918140461e+00
3.704772792226350475e+01,9.344400118942814970e+00
3.706773363818233946e+01,9.552004448365238432e+00
3.708773935410117417e+01,8.323329383572996676e+00
3.710774507002000888e+01,9.196470601636900000e+00
3.712775078593884359e+01,7.832600977038255863e+00
3.714775650185767120e+01,7.481337262629306650e+00
3.716776221777651301e+01,7.748622024439667300e+00
3.718776793369534062e+01,7.624680862295683426e+00
3.720777364961417533e+01,8.065767392411856918e+00
3.722777936553301004e+01,6.942413227285949340e+00
3.724778508145184475e+01,7.260287701139694683e+00
3.726779079737067946e+01,6.849085417770268691e+00
3.728779651328951417e+01,7.505024995122655085e+00
3.730780222920834888e+01,6.791325160422810647e+00
3.732780794512717648e+01,7.473687986369967007e+00
3.734781366104601830e+01,6.833353887957555273e+00
3.736781937696484590e+01,6.350503505006856564e+00
3.738782509288368772e+01,6.320198104239889147e+00
3.740783080880251532e+01,6.403848085214168151e+00
3.742783652472135003e+01,6.259540355086794960e+00
3.744784224064018474e+01,6.785647208409256059e+00
3.746784795655901945e+01,6.752061692921516922e+00
3.748785367247785416e+01,6.570410799664810675e+00
3.750785938839668177e+01,6.979554677788403438e+00
3.752786510431552358e+01,7.170292470377146898e+00
3.754787082023435119e+01,7.001888835429767255e+00
3.756787653615319300e+01,6.996395878497615684e+00
3.758788225207202061e+01,7.070472093554111659e+00
3.760788796799085532e+01,6.663935762242733318e+00
3.762789368390969003e+01,7.487555573100900475e+00
3.764789939982852474e+01,7.180255892482114710e+00
3.766790511574735945e+01,6.800884124537120101e+00
3.768791083166618705e+01,7.249398119959830744e+00
3.770791654758502887e+01,7.006446055280353136e+00
3.772792226350385647e+01,7.295273770264339319e+00
3.774792797942269829e+01,7.952404355691523818e+00
3.776793369534152589e+01,8.032361384342834754e+00
3.778793941126036060e+01,8.206963789860061809e+00
3.780794512717919531e+01,7.710160256860866923e+00
3.782795084309803002e+01,7.981419439134757710e+00
3.784795655901686473e+01,7.592378797173882532e+00
3.786796227493569234e+01,7.703376144066917064e+00
3.788796799085453415e+01,7.957384721471539635e+00
3.790797370677336176e+01,8.122677525528894549e+00
3.792797942269220357e+01,8.018359268598061362e+00
3.794798513861103118e+01,8.509389283504201984e+00
3.796799085452986589e+01,8.416593892601555993e+00
3.798799657044870060e+01,8.140564576629609306e+00
3.800800228636753531e+01,8.286642746485712863e+00
3.802800800228637002e+01,8.369169286648730832e+00
3.804801371820520473e+01,8.128897121200534315e+00
3.806801943412403944e+01,8.458645089419063012e+00
3.808802515004286704e+01,8.387960994436692630e+00
3.810803086596170886e+01,7.974649385026586046e+00
3.812803658188053646e+01,8.151817953656742333e+00
3.814804229779937117e+01,8.084399688588213451e+00
3.816804801371820588e+01,7.953172836637122600e+00
3.818805372963704059e+01,8.187316361559778599e+00
3.820805944555587530e+01,7.540576212236096865e+00
3.822806516147471001e+01,7.449458753161477098e+00
3.824807087739354472e+01,7.600041864347979015e+00
3.826807659331237232e+01,7.547477890478034190e+00
3.828808230923121414e+01,7.243431061180414687e+00
3.830808802515004174e+01,8.158523893609109123e+00
3.832809374106888356e+01,7.219013267775750364e+00
3.834809945698771116e+01,7.367529773539986948e+00
3.836810517290654587e+01,7.508710622373305554e+00
3.838811088882538058e+01,7.218940859234016294e+00
3.840811660474421529e+01,7.768472537518233523e+00
3.842812232066305000e+01,7.149369873296953060e+00
3.844812803658187761e+01,8.198170529782695226e+00
3.846813375250071942e+01,8.025820805745993880e+00
3.848813946841954703e+01,8.550874228523710485e+00
3.850814518433838884e+01,7.877487215046116376e+00
3.852815090025721645e+01,8.207518730126210471e+00
3.854815661617605116e+01,8.354976189768594352e+00
3.856816233209488587e+01,8.064425388602160183e+00
3.858816804801372058e+01,9.354143944161137370e+00
3.860817376393255529e+01,9.367766349127407466e+00
3.862817947985138289e+01,9.867617108023086558e+00
3.864818519577022471e+01,9.623925845931829315e+00
3.866819091168905231e+01,9.462829682826662037e+00
3.868819662760789413e+01,9.628957149149973915e+00
3.870820234352672173e+01,1.014327968557790527e+01
3.872820805944555644e+01,9.798495830347118130e+00
3.874821377536439115e+01,1.064581335606493084e+01
3.876821949128322586e+01,1.075166179375106701e+01
3.878822520720206057e+01,1.145698172539392701e+01
3.880823092312088818e+01,1.112006267773657697e+01
3.882823663903972999e+01,1.150652909772837518e+01
3.884824235495855760e+01,1.257842833506170166e+01
3.886824807087739941e+01,1.206467907635413539e+01
3.888825378679622702e+01,1.231608107584880685e+01
3.890825950271506173e+01,1.293835716047962947e+01
3.892826521863389644e+01,1.342034522504409999e+01
3.894827093455273115e+01,1.404586177761147248e+01
3.896827665047156586e+01,1.406891701855413856e+01
3.898828236639040057e+01,1.414156766393675824e+01
3.900828808230923528e+01,1.479732139275077252e+01
3.902829379822806288e+01,1.567182832882922305e+01
3.904829951414690470e+01,1.576231513015760299e+01
3.906830523006573230e+01,1.700836234901240829e+01
3.908831094598456701e+01,1.701394696783317428e+01
3.910831666190340172e+01,1.787634819800348396e+01
3.912832237782223643e+01,1.781833537466635420e+01
3.914832809374107114e+01,1.795627843751957187e+01
3.916833380965990585e+01,1.837066157676261113e+01
3.918833952557874056e+01,1.845713636827928283e+01
3.920834524149756817e+01,1.889333543427584061e+01
3.922835095741640998e+01,1.939346916639138030e+01
3.924835667333523759e+01,1.976806699984312843e+01
3.926836238925407940e+01,2.070069463165484791e+01
3.928836810517290701e+01,2.036402238712254587e+01
3.930837382109174172e+01,2.112795024591975590e+01
3.932837953701057643e+01,2.065779525467817734e+01
3.934838525292941114e+01,2.152828333379574133e+01
3.936839096884824585e+01,2.191867279193320783e+01
3.938839668476707345e+01,2.164788660582100732e+01
3.940840240068591527e+01,2.262226423548091248e+01
3.942840811660474287e+01,2.263661894735043489e+01
3.944841383252358469e+01,2.291113535625864017e+01
3.946841954844241229e+01,2.414842468030454370e+01
3.948842526436124700e+01,2.442460716613589966e+01
3.950843098028008171e+01,2.471616633600051927e+01
3.952843669619891642e+01,2.542422658275179259e+01
3.954844241211775113e+01,2.554357020023596547e+01
3.956844812803657874e+01,2.544703562872941660e+01
3.958845384395542055e+01,2.625534834736969003e+01
3.960845955987424816e+01,2.606215650233737335e+01
3.962846527579308997e+01,2.596672929605137625e+01
3.964847099171191758e+01,2.590971149881039182e+01
3.966847670763075229e+01,2.524920114694030104e+01
3.968848242354958700e+01,2.587868762495763519e+01
3.970848813946842171e+01,2.506183844111870229e+01
3.972849385538725642e+01,2.420239951147741664e+01
3.974849957130608402e+01,2.390402976239020205e+01
3.976850528722492584e+01,2.276788701841347518e+01
3.978851100314375344e+01,2.157850169578353672e+01
3.980851671906259526e+01,2.107664094258849019e+01
3.982852243498142286e+01,1.986274980656914124e+01
3.984852815090025757e+01,1.892981441388317521e+01
3.986853386681909228e+01,1.793471523196876660e+01
3.988853958273792699e+01,1.673164802093250003e+01
3.990854529865676170e+01,1.582566670098790595e+01
3.992855101457559641e+01,1.493773430615497055e+01
3.994855673049443112e+01,1.486427913386262034e+01
3.996856244641325873e+01,1.341695254794849390e+01
3.998856816233210054e+01,1.364003924116009969e+01
4.000857387825092815e+01,1.205001691153810128e+01
4.002857959416976286e+01,1.257434151227696617e+01
4.004858531008859757e+01,1.167666487451013069e+01
4.006859102600743228e+01,1.201579681928405918e+01
4.008859674192626699e+01,1.149741668480486290e+01
4.010860245784510170e+01,1.117452867387017790e+01
4.012860817376393641e+01,1.067231254712716471e+01
4.014861388968276401e+01,1.143602523025122863e+01
4.016861960560160583e+01,1.090812141009823044e+01
4.018862532152043343e+01,1.178639045316014133e+01
4.020863103743927525e+01,1.263010423702938212e+01
4.022863675335810285e+01,1.315468801810756361e+01
4.024864246927693756e+01,1.274461880836432570e+01
4.026864818519577227e+01,1.324734056915566782e+01
4.028865390111460698e+01,1.462780029680273230e+01
4.030865961703344169e+01,1.478950842985792491e+01
4.032866533295226930e+01,1.466039526966490669e+01
4.034867104887111111e+01,1.578634583288402737e+01
4.036867676478993872e+01,1.661375658624515950e+01
4.038868248070878053e+01,1.748919739094174020e+01
4.040868819662760814e+01,1.867660125037718899e+01
4.042869391254644285e+01,1.888866562863970699e+01
4.044869962846527756e+01,2.019708064376926870e+01
4.046870534438411227e+01,2.044699661119503276e+01
4.048871106030294698e+01,2.183969286384884612e+01
4.050871677622177458e+01,2.221022314282813426e+01
4.052872249214061640e+01,2.273094404416976388e+01
4.054872820805944400e+01,2.353638969360471833e+01
4.056873392397828582e+01,2.276183669471799220e+01
4.058873963989711342e+01,2.375804133939253404e+01
4.060874535581594813e+01,2.388244085294478580e+01
4.062875107173478284e+01,2.438432066045648838e+01
4.064875678765361755e+01,2.401804296898343338e+01
4.066876250357245226e+01,2.373118987333479524e+01
4.068876821949127986e+01,2.394353346839269392e+01
4.070877393541012168e+01,2.313904715216027697e+01
4.072877965132894929e+01,2.408298773737060827e+01
4.074878536724779110e+01,2.308357489345794278e+01
4.076879108316661871e+01,2.315971904871873832e+01
4.078879679908545342e+01,2.226125691247864324e+01
4.080880251500428813e+01,2.230089033205617710e+01
4.082880823092312284e+01,2.157945141639703479e+01
4.084881394684195755e+01,2.130543920211923847e+01
4.086881966276079226e+01,2.118685208995368896e+01
4.088882537867962697e+01,2.086669578448088558e+01
4.090883109459845457e+01,2.012948001143082166e+01
4.092883681051729639e+01,1.951474784019921316e+01
4.094884252643612399e+01,1.974850170585819598e+01
4.096884824235495870e+01,1.923543341605305557e+01
4.098885395827379341e+01,1.865083992215547681e+01
4.100885967419262812e+01,1.817554866328028140e+01
4.102886539011146283e+01,1.643400414029766665e+01
4.104887110603029754e+01,1.593875187797464221e+01
4.106887682194913225e+01,1.569131968812032163e+01
4.108888253786795985e+01,1.630949834519616104e+01
4.110888825378680167e+01,1.515707412066461401e+01
4.112889396970562927e+01,1.554796964495690048e+01
4.114889968562447109e+01,1.415707285644188573e+01
4.116890540154329869e+01,1.455567287025927925e+01
4.118891111746213340e+01,1.474954985327520873e+01
4.120891683338096811e+01,1.413986086539818210e+01
4.122892254929980282e+01,1.453654395356146978e+01
4.124892826521863753e+01,1.481795954456111808e+01
4.126893398113746514e+01,1.369192561268788566e+01
4.128893969705630695e+01,1.503485881594095019e+01
4.130894541297513456e+01,1.515772809027077628e+01
4.132895112889397637e+01,1.507359183476335218e+01
4.134895684481280398e+01,1.518163484569080524e+01
4.136896256073163869e+01,1.606216324487957436e+01
4.138896827665047340e+01,1.629478366775778753e+01
4.140897399256930811e+01,1.636984920246935715e+01
4.142897970848814282e+01,1.774902979428442507e+01
4.144898542440697042e+01,1.747915083065184660e+01
4.146899114032581224e+01,1.801692242152859080e+01
4.148899685624463984e+01,1.863450340249981707e+01
4.150900257216348166e+01,1.805065965053133326e+01
4.152900828808230926e+01,1.866280224232742313e+01
4.154901400400114397e+01,1.957407052886103216e+01
4.156901971991997868e+01,1.909241446233014017e+01
4.158902543583881339e+01,1.888388791126976685e+01
4.160903115175764810e+01,1.948090223573535695e+01
4.162903686767647571e+01,1.888581954178991751e+01
4.164904258359531752e+01,1.901468724989641146e+01
4.166904829951414513e+01,1.935294134379295627e+01
4.168905401543298694e+01,1.874259938680002335e+01
4.170905973135181455e+01,1.924049527923574487e+01
4.172906544727064926e+01,1.841859689571401759e+01
4.174907116318948397e+01,1.887263502379769875e+01
4.176907687910831868e+01,1.829406693563935704e+01
4.178908259502715339e+01,1.863219144594514631e+01
4.180908831094598810e+01,1.904112916510765174e+01
4.182909402686482281e+01,1.775341093985541008e+01
4.184909974278365041e+01,1.815349108679873069e+01
4.186910545870249223e+01,1.728124203359980982e+01
4.188911117462131983e+01,1.780995285127973915e+01
4.190911689054015454e+01,1.710334176300019848e+01
4.192912260645898925e+01,1.623391519324799148e+01
4.194912832237782396e+01,1.612647402888141102e+01
4.196913403829665867e+01,1.538767291879113408e+01
4.198913975421549338e+01,1.506485629781901281e+01
4.200914547013432809e+01,1.454177220847664920e+01
4.202915118605316280e+01,1.358565145496533688e+01
4.204915690197199041e+01,1.401669297437024753e+01
4.206916261789082512e+01,1.266366791079928866e+01
4.208916833380965983e+01,1.232989693172535972e+01
4.210917404972849454e+01,1.216401899270234210e+01
4.212917976564732925e+01,1.186529272132417034e+01
4.214918548156616396e+01,1.131153540089641929e+01
4.216919119748499867e+01,1.019670229641934611e+01
4.218919691340383338e+01,1.005106380849940528e+01
4.220920262932266809e+01,1.068225203400834467e+01
4.222920834524150280e+01,1.040406182829753945e+01
4.224921406116033040e+01,9.790299319211372975e+00
4.226921977707916511e+01,9.124181566245361807e+00
4.228922549299799982e+01,9.092291660243606799e+00
4.230923120891683453e+01,9.372751672091565567e+00
4.232923692483566924e+01,9.513759248438830696e+00
4.234924264075450395e+01,8.815582386585614216e+00
4.236924835667333866e+01,7.864781251360316361e+00
4.238925407259217337e+01,8.304414355779034196e+00
4.240925978851100808e+01,9.004057957512877408e+00
4.242926550442983569e+01,8.038208473874952631e+00
4.244927122034867040e+01,8.052041165560163805e+00
4.246927693626750511e+01,7.576450165598258124e+00
4.248928265218633982e+01,7.526530158575347684e+00
4.250928836810517453e+01,8.028940828516009987e+00
4.252929408402400924e+01,7.569256020062932855e+00
4.254929979994284395e+01,7.730670131589439720e+00
4.256930551586167866e+01,6.826840492467717070e+00
4.258931123178051337e+01,6.632065171292698125e+00
4.260931694769934097e+01,6.894111590966403469e+00
4.262932266361817568e+01,6.407851314184025426e+00
4.264932837953701039e+01,7.335384190945555716e+00
4.266933409545584510e+01,6.487229743463659659e+00
4.268933981137467981e+01,6.573025718881348567e+00
4.270934552729351452e+01,6.750213594410035434e+00
4.272935124321234923e+01,7.000961038548025428e+00
4.274935695913118394e+01,6.456477049158518611e+00
4.276936267505001865e+01,5.889671038020702909e+00
4.278936839096885336e+01,6.419096548420323955e+00
4.280937410688768097e+01,6.050411816353271632e+00
4.282937982280651568e+01,6.303337105071562974e+00
4.284938553872535039e+01,6.168287746034054386e+00
4.286939125464418510e+01,6.363468867563518927e+00
4.288939697056301981e+01,5.617559856700273357e+00
4.290940268648185452e+01,5.756240187402670294e+00
4.292940840240068923e+01,6.233961716426201782e+00
4.294941411831952394e+01,6.660611149894956284e+00
4.296941983423835865e+01,5.901974809657070331e+00
4.298942555015718625e+01,6.820784839569733471e+00
4.300943126607602096e+01,6.023393675752991783e+00
4.302943698199485567e+01,7.204446841886738895e+00
4.304944269791369038e+01,6.087895177507981259e+00
4.306944841383252509e+01,6.743067057509554374e+00
4.308945412975135980e+01,6.709918546449797461e+00
4.310945984567019451e+01,7.359522389999014536e+00
4.312946556158902922e+01,6.422955687777673894e+00
4.314947127750786393e+01,7.337216730012810828e+00
4.316947699342669864e+01,7.251273121484631545e+00
4.318948270934552625e+01,6.411493462252813913e+00
4.320948842526436096e+01,6.954173993075245974e+00
4.322949414118319567e+01,7.348665718901753685e+00
4.324949985710203038e+01,7.218413181285936453e+00
4.326950557302086509e+01,6.423443750661798290e+00
4.328951128893969980e+01,8.040891651447209298e+00
4.330951700485853451e+01,7.672666416791428468e+00
4.332952272077736922e+01,6.705628263433445646e+00
4.334952843669620393e+01,7.006088798224300973e+00
4.336953415261503153e+01,7.519338474726113830e+00
4.338953986853386624e+01,7.858041419048225507e+00
4.340954558445270095e+01,7.872607341158282424e+00
4.342955130037153566e+01,7.385752935686643816e+00
4.344955701629037037e+01,8.234755049910544855e+00
4.346956273220920508e+01,7.997269872530935686e+00
4.348956844812803979e+01,7.854859735105565122e+00
4.350957416404687450e+01,8.544982735905403359e+00
4.352957987996570921e+01,7.975797944495826464e+00
4.354958559588453681e+01,7.528072249506466918e+00
4.356959131180337153e+01,7.357856335078944099e+00
4.358959702772220624e+01,7.769500349583546850e+00
4.360960274364104095e+01,8.239084571570298721e+00
4.362960845955987566e+01,8.101127145209654046e+00
4.364961417547871037e+01,8.071400226332398731e+00
4.366961989139754508e+01,8.288648143025369563e+00
4.368962560731637979e+01,8.614040757873091536e+00
4.370963132323521450e+01,8.255321947041958097e+00
4.372963703915404921e+01,9.553016876945005009e+00
4.374964275507287681e+01,9.676853252445944520e+00
4.376964847099171152e+01,9.146180019740720368e+00
4.378965418691054623e+01,8.878141081230351617e+00
4.380965990282938094e+01,9.577033247426655294e+00
4.382966561874821565e+01,9.797858110983792557e+00
4.384967133466705036e+01,1.042333137152260925e+01
4.386967705058588507e+01,1.056107472391411406e+01
4.388968276650471978e+01,1.128472789581058855e+01
4.390968848242355449e+01,1.108842893783265282e+01
4.392969419834238209e+01,1.208195461661894399e+01
4.394969991426121680e+01,1.161597949649689454e+01
4.396970563018005151e+01,1.175438095627580459e+01
4.398971134609888622e+01,1.134773381349418386e+01
4.400971706201772093e+01,1.205999547274264394e+01
4.402972277793655564e+01,1.331385144359888173e+01
4.404972849385539035e+01,1.332019285919215790e+01
4.406973420977422506e+01,1.307135668534810335e+01
4.408973992569305977e+01,1.299962104851023170e+01
4.410974564161189448e+01,1.338364989382006165e+01
4.412975135753072209e+01,1.292097684287250559e+01
4.414975707344955680e+01,1.357951641317533742e+01
4.416976278936839151e+01,1.395910008964065696e+01
4.418976850528722622e+01,1.355592819036635532e+01
4.420977422120606093e+01,1.479394634284788879e+01
4.422977993712489564e+01,1.486297477492912122e+01
4.424978565304373035e+01,1.492402720038227670e+01
4.426979136896256506e+01,1.458141547003133098e+01
4.428979708488139977e+01,1.542202788239480071e+01
4.430980280080022737e+01,1.480110496474912907e+01
4.432980851671906208e+01,1.639130831552986223e+01
4.434981423263789679e+01,1.617276836943512919e+01
4.436981994855673150e+01,1.620838586757530209e+01
4.438982566447556621e+01,1.698661972904427842e+01
4.440983138039440092e+01,1.674256142147565285e+01
4.442983709631323563e+01,1.717617167927573973e+01
4.444984281223207034e+01,1.830872385774954836e+01
4.446984852815090505e+01,1.868995197181430967e+01
4.448985424406973266e+01,1.867164568797457491e+01
4.450985995998856737e+01,1.835056980446537978e+01
4.452986567590740208e+01,2.006015959814594396e+01
4.454987139182623679e+01,2.011982711565736892e+01
4.456987710774507150e+01,2.060162166195586053e+01
4.458988282366390621e+01,2.068186941865821282e+01
4.460988853958274092e+01,2.178630691870269231e+01
4.462989425550157563e+01,2.169867336219465770e+01
4.464989997142041034e+01,2.273652436428321266e+01
4.466990568733924505e+01,2.271504766257132246e+01
4.468991140325807265e+01,2.452404824995971211e+01
4.470991711917690736e+01,2.494103699848140465e+01
4.472992283509574207e+01,2.620034151855691107e+01
4.474992855101457678e+01,2.609525663774736515e+01
4.476993426693341149e+01,2.726957526810855370e+01
4.478993998285224620e+01,2.794594236027383261e+01
4.480994569877108091e+01,2.820790458565748793e+01
4.482995141468991562e+01,2.890896207876399870e+01
4.484995713060875033e+01,2.844917742308264152e+01
4.486996284652757794e+01,2.977160122917637253e+01
4.488996856244641265e+01,3.028087386897239242e+01
4.490997427836524736e+01,2.990254809321389828e+01
4.492997999428408207e+01,2.894105307996544241e+01
4.494998571020291678e+01,2.926396105506623968e+01
4.496999142612175149e+01,2.808727815550285811e+01
4.498999714204058620e+01,2.826744005493339884e+01
4.501000285795942091e+01,2.739042050066872491e+01
4.503000857387825562e+01,2.681961420292040543e+01
4.505001428979709033e+01,2.588179818391393994e+01
4.507002000571591793e+01,2.512796581344149871e+01
4.509002572163475264e+01,2.308031119624831007e+01
4.511003143755358735e+01,2.254770676224962500e+01
4.513003715347242206e+01,2.137928932406506988e+01
4.515004286939125677e+01,1.929038872284518646e+01
4.517004858531009148e+01,1.809737052321506923e+01
4.519005430122892619e+01,1.790285266501044958e+01
4.521006001714776090e+01,1.756692107389538293e+01
4.523006573306659561e+01,1.605210648197010670e+01
4.525007144898542322e+01,1.499020755187246046e+01
4.527007716490425793e+01,1.464042113689498592e+01
4.529008288082309264e+01,1.334762645549880844e+01
4.531008859674192735e+01,1.388434810877964942e+01
4.533009431266076206e+01,1.290357622143056915e+01
4.535010002857959677e+01,1.294734794852156767e+01
4.537010574449843148e+01,1.221605809579888913e+01
4.539011146041726619e+01,1.176726667564578932e+01
4.541011717633610090e+01,1.099412972684259771e+01
4.543012289225492850e+01,1.083125102696699571e+01
4.545012860817376321e+01,1.182061936737682473e+01
4.547013432409259792e+01,1.060370439402928966e+01
4.549014004001143263e+01,1.111203187700076533e+01
4.551014575593026734e+01,1.088072206918828400e+01
4.553015147184910205e+01,1.028296488387214502e+01
4.555015718776793676e+01,9.712580953741724699e+00
4.557016290368677147e+01,1.012260111731045953e+01
4.559016861960560618e+01,1.008313244068794035e+01
4.561017433552444089e+01,1.041036625903847401e+01
4.563018005144326850e+01,1.031485156619442023e+01
4.565018576736210321e+01,9.137384405577456903e+00
4.567019148328093792e+01,9.299910499925850615e+00
4.569019719919977263e+01,8.982163548108765383e+00
4.571020291511860734e+01,9.784631171974670139e+00
4.573020863103744205e+01,9.509168527576036922e+00
4.575021434695627676e+01,8.804446045614088945e+00
4.577022006287511147e+01,8.724585269260511922e+00
4.579022577879394618e+01,8.039482555179406020e+00
4.581023149471277378e+01,7.972650835142749415e+00
4.583023721063160849e+01,7.977694403981617555e+00
4.585024292655044320e+01,7.984391487059257386e+00
4.587024864246927791e+01,7.347919634009747014e+00
4.589025435838811262e+01,7.337199904735523859e+00
4.591026007430694733e+01,8.516979020938642009e+00
4.593026579022578204e+01,8.186611994424135119e+00
4.595027150614461675e+01,7.526065932692963756e+00
4.597027722206345146e+01,7.565119461174178106e+00
4.599028293798228617e+01,8.069564686142365773e+00
4.601028865390111378e+01,8.036919831839115957e+00
4.603029436981994849e+01,7.572603165061229546e+00
4.605030008573878320e+01,7.299182216686008751e+00
4.607030580165761791e+01,6.748355105514204588e+00
4.609031151757645262e+01,7.645564531825133514e+00
4.611031723349528733e+01,6.338550840675647891e+00
4.613032294941412204e+01,6.124168452988995703e+00
4.615032866533295675e+01,6.223868584354261380e+00
4.617033438125179146e+01,6.523713781802474188e+00
4.619034009717061906e+01,6.523493603587928291e+00
4.621034581308945377e+01,6.920436077611587855e+00
4.623035152900828848e+01,6.238403770249568936e+00
4.625035724492712319e+01,7.555166968208934186e+00
4.627036296084595790e+01,6.546853900710389418e+00
4.629036867676479261e+01,6.846816504449187768e+00
4.631037439268362732e+01,6.443824216653523784e+00
4.633038010860246203e+01,7.304429900668809594e+00
4.635038582452129674e+01,6.533331014299845307e+00
4.637039154044012434e+01,7.363138496127598742e+00
4.639039725635895905e+01,7.260343601117832613e+00
4.641040297227779376e+01,7.642976100853134724e+00
4.643040868819662847e+01,7.583447575647697114e+00
4.645041440411546319e+01,7.289659245047934277e+00
4.647042012003429790e+01,7.260517163989624656e+00
4.649042583595313261e+01,7.421541904949558344e+00
4.651043155187196732e+01,7.705715058763754399e+00
4.653043726779080203e+01,7.980103522895340973e+00
4.655044298370963674e+01,8.027042035993254387e+00
4.657044869962846434e+01,8.506055141530696417e+00
4.659045441554729905e+01,8.934621316112625777e+00
4.661046013146613376e+01,9.342587755373857661e+00
4.663046584738496847e+01,8.796435073226227530e+00
4.665047156330380318e+01,9.005713445645247006e+00
4.667047727922263789e+01,1.001162270755701300e+01
4.669048299514147260e+01,1.053114961766702251e+01
4.671048871106030731e+01,1.059263222807665628e+01
4.673049442697914202e+01,1.169823776106386148e+01
4.675050014289796962e+01,1.121411196678377920e+01
4.677050585881680433e+01,1.145670981980830305e+01
4.679051157473563904e+01,1.239280927952253819e+01
4.681051729065447375e+01,1.169609584133508484e+01
4.683052300657330846e+01,1.267911966125873846e+01
4.685052872249214317e+01,1.245735636036037874e+01
4.687053443841097788e+01,1.372048327373492427e+01
4.689054015432981259e+01,1.305947623757631071e+01
4.691054587024864730e+01,1.363318155290222222e+01
4.693055158616748201e+01,1.385037990063250746e+01
4.695055730208630962e+01,1.406260804588737834e+01
4.697056301800514433e+01,1.436894026122290668e+01
4.699056873392397904e+01,1.376808660300565101e+01
4.701057444984281375e+01,1.497083617439611558e+01
4.703058016576164846e+01,1.546663078676229297e+01
4.705058588168048317e+01,1.470061839498375811e+01
4.707059159759931788e+01,1.508310449117764485e+01
4.709059731351815259e+01,1.433141423708416617e+01
4.711060302943698730e+01,1.488776050821903141e+01
4.713060874535581490e+01,1.461166692154701607e+01
4.715061446127464961e+01,1.519891384878776464e+01
4.717062017719348432e+01,1.531892942802337387e+01
4.719062589311231903e+01,1.560797237046205943e+01
4.721063160903115374e+01,1.547182672776066781e+01
4.723063732494998845e+01,1.599189231712090375e+01
4.725064304086882316e+01,1.609024647826684173e+01
4.727064875678765787e+01,1.637458682005238586e+01
4.729065447270649258e+01,1.635461143172766896e+01
4.731066018862532019e+01,1.643144412226229889e+01
4.733066590454415490e+01,1.660094856854755818e+01
4.735067162046298961e+01,1.754327973614979186e+01
4.737067733638182432e+01,1.731513390460522217e+01
4.739068305230065903e+01,1.797159546311038270e+01
4.741068876821949374e+01,1.728693872999404491e+01
4.743069448413832845e+01,1.734639237807513723e+01
4.745070020005716316e+01,1.714652762930433738e+01
4.747070591597599787e+01,1.867724151642965325e+01
4.749071163189483258e+01,1.764249418413701420e+01
4.751071734781366018e+01,1.858371732679914601e+01
4.753072306373249489e+01,1.803858693255692458e+01
4.755072877965132960e+01,1.717124149616187623e+01
4.757073449557016431e+01,1.780408034211970403e+01
4.759074021148899902e+01,1.748269706221267583e+01
4.761074592740783373e+01,1.682511795300538537e+01
4.763075164332666844e+01,1.731147712863668175e+01
4.765075735924550315e+01,1.675546696831303706e+01
4.767076307516433786e+01,1.604767864893000962e+01
4.769076879108316547e+01,1.633304035462271031e+01
4.771077450700200018e+01,1.632640164451534304e+01
4.773078022292083489e+01,1.547596099774144918e+01
4.775078593883966960e+01,1.602754782103365017e+01
4.777079165475850431e+01,1.574926874347556272e+01
4.779079737067733902e+01,1.594793905729486383e+01
4.781080308659617373e+01,1.555782345380531062e+01
4.783080880251500844e+01,1.597258005607542941e+01
4.785081451843384315e+01,1.585123693190620564e+01
4.787082023435267075e+01,1.524154004712272403e+01
4.789082595027150546e+01,1.641636070068240372e+01
4.791083166619034017e+01,1.547003929618291096e+01
4.793083738210917488e+01,1.648270438834418172e+01
4.795084309802800959e+01,1.529545559444660618e+01
4.797084881394684430e+01,1.596429253685814231e+01
4.799085452986567901e+01,1.574625376675777844e+01
4.801086024578451372e+01,1.598789471526446349e+01
4.803086596170334843e+01,1.614164596423953668e+01
4.805087167762218314e+01,1.531727638727427454e+01
4.807087739354101075e+01,1.460821608187730902e+01
4.809088310945984546e+01,1.472242092560948912e+01
4.811088882537868017e+01,1.473546162692470674e+01
4.813089454129751488e+01,1.476615216870711933e+01
4.815090025721634959e+01,1.418782239674919055e+01
4.817090597313518430e+01,1.364786824483767802e+01
4.819091168905401901e+01,1.454218405087563504e+01
4.821091740497285372e+01,1.403776714480084564e+01
4.823092312089168843e+01,1.345091681053477828e+01
4.825092883681051603e+01,1.331946844112647277e+01
4.827093455272935074e+01,1.342080910980881470e+01
4.829094026864818545e+01,1.322383509014440151e+01
4.831094598456702016e+01,1.278725247771981444e+01
4.833095170048585487e+01,1.310381013741497824e+01
4.835095741640468958e+01,1.402171144554865378e+01
4.837096313232352429e+01,1.398464289682811668e+01
4.839096884824235900e+01,1.430531329473429025e+01
4.841097456416119371e+01,1.429950946436426129e+01
4.843098028008002842e+01,1.410647883349603759e+01
4.845098599599885603e+01,1.386359892880905775e+01
4.847099171191769074e+01,1.490274372360358868e+01
4.849099742783652545e+01,1.566180025924204067e+01
4.851100314375536016e+01,1.560345430541593714e+01
4.853100885967419487e+01,1.628346019799225530e+01
4.855101457559302958e+01,1.608708959625057133e+01
4.857102029151186429e+01,1.596514329187544234e+01
4.859102600743069900e+01,1.611392878521604644e+01
4.861103172334953371e+01,1.672234685723115888e+01
4.863103743926836131e+01,1.712858959702132111e+01
4.865104315518719602e+01,1.744887245629011829e+01
4.867104887110603073e+01,1.777679895605175986e+01
4.869105458702486544e+01,1.751599610096970849e+01
4.871106030294370015e+01,1.823318890693554550e+01
4.873106601886253486e+01,1.812262774375877328e+01
4.875107173478136957e+01,1.829568927913307164e+01
4.877107745070020428e+01,1.829779354832319527e+01
4.879108316661903899e+01,1.760971608777736463e+01
4.881108888253786660e+01,1.750067380157555164e+01
4.883109459845670131e+01,1.790247289741670755e+01
4.885110031437553602e+01,1.768084849712549556e+01
4.887110603029437073e+01,1.673007344192670942e+01
4.889111174621320544e+01,1.789628684837024153e+01
4.891111746213204015e+01,1.729679596881955206e+01
4.893112317805087486e+01,1.667831045743811558e+01
4.895112889396970957e+01,1.625571327751498529e+01
4.897113460988854428e+01,1.575599171536431875e+01
4.899114032580737899e+01,1.527018888629385529e+01
4.901114604172620659e+01,1.507640842537830395e+01
4.903115175764504130e+01,1.550264161016603381e+01
4.905115747356387601e+01,1.485903325790253859e+01
4.907116318948271072e+01,1.394413834264274854e+01
4.909116890540154543e+01,1.268888854036533687e+01
4.911117462132038014e+01,1.263984332273265920e+01
4.913118033723921485e+01,1.321083859398096827e+01
4.915118605315804956e+01,1.252105919956116864e+01
4.917119176907688427e+01,1.145299060225957177e+01
4.919119748499571187e+01,1.175148353365272413e+01
4.921120320091454658e+01,1.192502320074428646e+01
4.923120891683338129e+01,1.096924665311734515e+01
4.925121463275221600e+01,1.076748413234124691e+01
4.927122034867105071e+01,1.058116242358192238e+01
4.929122606458988542e+01,1.018692253160738304e+01
4.931123178050872014e+01,1.015681594764363282e+01
4.933123749642755485e+01,9.838188433258931553e+00
4.935124321234638956e+01,1.040573423866569769e+01
4.937124892826522427e+01,9.645901284621031024e+00
4.939125464418405187e+01,9.697913542541670040e+00
4.941126036010288658e+01,9.729550165593071398e+00
4.943126607602172129e+01,9.170576883066965834e+00
4.945127179194055600e+01,9.658085262105128521e+00
4.947127750785939071e+01,9.661201796081748228e+00
4.949128322377822542e+01,8.866496906476410089e+00
4.951128893969706013e+01,1.038967016229738505e+01
4.953129465561589484e+01,9.197572414497127369e+00
4.955130037153472955e+01,1.011229257999506359e+01
4.957130608745355715e+01,9.561542811401775310e+00
4.959131180337239186e+01,9.723753670137954330e+00
4.961131751929122657e+01,1.051871368636417259e+01
4.963132323521006128e+01,1.072264471488673898e+01
4.965132895112889599e+01,1.011993010113691405e+01
4.967133466704773070e+01,1.018928081526484952e+01
4.969134038296656541e+01,1.071670310939978421e+01
4.971134609888540012e+01,1.077430415919786455e+01
4.973135181480423483e+01,1.058263860734172823e+01
4.975135753072306244e+01,1.074541681869446919e+01
4.977136324664189715e+01,1.084583965593564869e+01
4.979136896256073186e+01,1.069899534126990659e+01
4.981137467847956657e+01,1.100707002657822642e+01
4.983138039439840128e+01,1.075603536610459443e+01
4.985138611031723599e+01,1.094750417612119620e+01
4.987139182623607070e+01,9.979468306293121316e+00
4.989139754215490541e+01,1.032596584609413526e+01
4.991140325807374012e+01,1.033238693563275845e+01
4.993140897399257483e+01,1.047280305023585711e+01
4.995141468991140243e+01,9.948468395366546702e+00
4.997142040583023714e+01,9.180076993084135495e+00
4.999142612174907185e+01,9.859569194599185238e+00
5.001143183766790656e+01,9.861668340717624659e+00
5.003143755358674127e+01,9.406311004363116623e+00
5.005144326950557598e+01,9.039920589030176146e+00
5.007144898542441069e+01,9.826213930110268890e+00
5.009145470134324540e+01,9.322203312836593980e+00
5.011146041726208011e+01,9.265037280215192794e+00
5.013146613318090772e+01,8.731517067339634508e+00
5.015147184909974243e+01,9.005034948919183435e+00
5.017147756501857714e+01,9.007806521468655347e+00
5.019148328093741185e+01,8.659862640826428759e+00
5.021148899685624656e+01,8.784961771656911722e+00
5.023149471277508127e+01,8.826687392432820189e+00
5.025150042869391598e+01,8.686964494779207513e+00
5.027150614461275069e+01,9.134254636895924762e+00
5.029151186053158540e+01,8.721996906082473799e+00
5.031151757645042011e+01,8.689626080395246532e+00
5.033152329236924771e+01,8.785449980944237680e+00
5.035152900828808242e+01,9.154669233305309461e+00
5.037153472420691713e+01,9.004378972893333000e+00
5.039154044012575184e+01,9.142381646972463471e+00
5.041154615604458655e+01,9.555724754058868342e+00
5.043155187196342126e+01,9.412082637447060307e+00
5.045155758788225597e+01,1.064391774169251015e+01
5.047156330380109068e+01,9.833516400711431515e+00
5.049156901971992539e+01,1.077961853001314196e+01
5.051157473563875300e+01,1.106262614119473930e+01
5.053158045155758771e+01,1.155793152749992458e+01
5.055158616747642242e+01,1.160105459450168652e+01
5.057159188339525713e+01,1.242607629149309290e+01
5.059159759931409184e+01,1.343797595844232973e+01
5.061160331523292655e+01,1.443353269803049166e+01
5.063160903115176126e+01,1.424374695433972349e+01
5.065161474707059597e+01,1.515800308279291109e+01
5.067162046298943068e+01,1.553868257613539328e+01
5.069162617890825828e+01,1.629164407175006346e+01
5.071163189482709299e+01,1.700692352780677297e+01
5.073163761074592770e+01,1.694502422695376964e+01
5.075164332666476241e+01,1.709538794725114030e+01
5.077164904258359712e+01,1.781150265062968430e+01
5.079165475850243183e+01,1.805821400184620273e+01
5.081166047442126654e+01,1.829359083188167290e+01
5.083166619034010125e+01,1.877669198988705546e+01
5.085167190625893596e+01,1.889176463297735609e+01
5.087167762217777067e+01,1.868435882524309832e+01
5.089168333809659828e+01,1.777658944491646054e+01
5.091168905401543299e+01,1.792910380858646491e+01
5.093169476993426770e+01,1.759856849693309400e+01
5.095170048585310241e+01,1.678327483011388921e+01
5.097170620177193712e+01,1.655999320826140320e+01
5.099171191769077183e+01,1.584258852558007646e+01
5.101171763360960654e+01,1.658476689021458839e+01
5.103172334952844125e+01,1.547044126440565925e+01
5.105172906544727596e+01,1.594853039199358236e+01
5.107173478136610356e+01,1.484155266734999579e+01
5.109174049728493827e+01,1.510873588739287143e+01
5.111174621320377298e+01,1.434458991920136484e+01
5.113175192912260769e+01,1.457806346352439597e+01
5.115175764504144240e+01,1.424551324177359213e+01
5.117176336096027711e+01,1.336705059539228557e+01
5.119176907687911182e+01,1.356533246617879485e+01
5.121177479279794653e+01,1.368567427530619085e+01
5.123178050871678124e+01,1.313697582954680243e+01
5.125178622463561595e+01,1.291782036361431096e+01
5.127179194055444356e+01,1.260589826700038785e+01
5.129179765647327827e+01,1.288431484704432251e+01
5.131180337239211298e+01,1.264643150349894540e+01
5.133180908831094769e+01,1.304319490417929828e+01
5.135181480422978240e+01,1.324476787895156171e+01
5.137182052014861711e+01,1.319073520094770124e+01
5.139182623606745182e+01,1.325052410201832487e+01
5.141183195198628653e+01,1.366796182245589719e+01
5.143183766790512124e+01,1.254793662702768131e+01
5.145184338382394884e+01,1.393647407747480926e+01
5.147184909974278355e+01,1.366834390029238122e+01
5.149185481566161826e+01,1.354794295317334019e+01
5.151186053158045297e+01,1.416542782841528592e+01
5.153186624749928768e+01,1.420962080378211212e+01
5.155187196341812239e+01,1.406711492207109160e+01
5.157187767933695710e+01,1.398784307750423928e+01
5.159188339525579181e+01,1.399228746473267826e+01
5.161188911117462652e+01,1.435047895327132217e+01
5.163189482709345413e+01,1.510614189552149966e+01
5.165190054301228884e+01,1.479673361372795881e+01
5.167190625893112355e+01,1.559171459463180121e+01
5.169191197484995826e+01,1.533796015438028704e+01
5.171191769076879297e+01,1.545896073766432011e+01
5.173192340668762768e+01,1.535287235991558674e+01
5.175192912260646239e+01,1.605329813532435423e+01
5.177193483852529710e+01,1.505868038104046569e+01
5.179194055444413181e+01,1.580800262884542207e+01
5.181194627036296652e+01,1.570684322575991487e+01
5.183195198628179412e+01,1.577101568929802866e+01
5.185195770220062883e+01,1.673466141604504998e+01
5.187196341811946354e+01,1.551569597539823064e+01
5.189196913403829825e+01,1.577268136942664434e+01
5.191197484995713296e+01,1.618854556903136910e+01
5.193198056587596767e+01,1.636821619470227063e+01
5.195198628179480238e+01,1.643942769114768510e+01
5.197199199771363709e+01,1.688941059934983002e+01
5.199199771363247180e+01,1.743108694401939474e+01
5.201200342955129940e+01,1.646682948607061547e+01
5.203200914547013411e+01,1.667825389508809053e+01
5.205201486138896882e+01,1.633379082739136123e+01
5.207202057730780353e+01,1.664878252009069470e+01
5.209202629322663824e+01,1.628975564353061856e+01
5.211203200914547295e+01,1.532211536275894304e+01
5.213203772506430766e+01,1.491537840984676677e+01
5.215204344098314237e+01,1.423149250072067140e+01
5.217204915690197708e+01,1.415319313888475250e+01
5.219205487282081180e+01,1.292425576194199621e+01
5.221206058873963940e+01,1.319451644529953072e+01
5.223206630465847411e+01,1.185806719742146242e+01
5.225207202057730882e+01,1.158218063956546473e+01
5.227207773649614353e+01,1.152820106842194292e+01
5.229208345241497824e+01,1.042870135143859045e+01
5.231208916833381295e+01,9.632102158908502076e+00
5.233209488425264766e+01,8.940088821315143264e+00
5.235210060017148237e+01,9.377447658052487256e+00
5.237210631609031708e+01,8.668209691486104873e+00
5.239211203200914468e+01,7.649554336097478924e+00
5.241211774792797939e+01,7.373748989355952688e+00
5.243212346384681410e+01,7.617123447149866777e+00
5.245212917976564881e+01,7.430095445044591962e+00
5.247213489568448352e+01,6.987810977475643170e+00
5.249214061160331823e+01,7.646311391799546442e+00
5.251214632752215294e+01,6.983379240394004484e+00
5.253215204344098765e+01,6.499140855688239071e+00
5.255215775935982236e+01,7.191692461801796554e+00
5.257216347527864997e+01,7.273130215308892588e+00
5.259216919119748468e+01,6.047813909283887845e+00
5.261217490711631939e+01,6.697580040662124645e+00
5.263218062303515410e+01,6.989589556466727416e+00
5.265218633895398881e+01,7.172321654606715668e+00
5.267219205487282352e+01,6.556949602095890839e+00
5.269219777079165823e+01,6.601500441300995448e+00
5.271220348671049294e+01,7.074208013102777137e+00
5.273220920262932765e+01,7.073407666841470487e+00
5.275221491854816236e+01,7.387927336010635671e+00
5.277222063446698996e+01,6.701219346718154668e+00
5.279222635038582467e+01,6.896229603962593657e+00
5.281223206630465938e+01,6.736883807034677929e+00
5.283223778222349409e+01,6.883485811913540253e+00
5.285224349814232880e+01,6.704009591826372016e+00
5.287224921406116351e+01,7.616389135707732905e+00
5.289225492997999822e+01,6.846744519116631622e+00
5.291226064589883293e+01,7.136204126172238205e+00
5.293226636181766764e+01,6.959510781870368312e+00
5.295227207773649525e+01,7.480233211670501703e+00
5.297227779365532996e+01,7.577545841835428675e+00
5.299228350957416467e+01,7.917346829914745143e+00
5.301228922549299938e+01,7.591582400296106314e+00
5.303229494141183409e+01,8.710236147968487330e+00
5.305230065733066880e+01,7.794618402777861554e+00
5.307230637324950351e+01,8.300375746147476974e+00
5.309231208916833822e+01,7.827348869410759136e+00
5.311231780508717293e+01,8.228978247015188430e+00
5.313232352100600764e+01,7.719441050705579954e+00
5.315232923692483524e+01,8.595751945809073646e+00
5.317233495284366995e+01,8.546268851784450504e+00
5.319234066876250466e+01,8.821731393145631372e+00
5.321234638468133937e+01,8.121260406877555127e+00
5.323235210060017408e+01,8.923263213164510432e+00
5.325235781651900879e+01,8.657136188794197551e+00
5.327236353243784350e+01,9.487558690216719270e+00
5.329236924835667821e+01,9.055291559943832169e+00
5.331237496427551292e+01,9.902840733685222219e+00
5.333238068019434053e+01,9.233152608824479302e+00
5.335238639611317524e+01,8.966033893646152109e+00
5.337239211203200995e+01,8.300597417576042858e+00
5.339239782795084466e+01,9.698511319439525380e+00
5.341240354386967937e+01,8.554375371075588319e+00
5.343240925978851408e+01,9.947210699140928369e+00
5.345241497570734879e+01,9.067306653061006472e+00
5.347242069162618350e+01,9.054551589795636346e+00
5.349242640754501821e+01,9.145026797733549984e+00
5.351243212346384581e+01,9.199563603317592708e+00
5.353243783938268052e+01,8.145459481475228358e+00
5.355244355530151523e+01,8.827404563353617561e+00
5.357244927122034994e+01,8.450544184410006210e+00
5.359245498713918465e+01,9.387008722827328455e+00
5.361246070305801936e+01,8.705487977251493703e+00
5.363246641897685407e+01,8.641670843494317467e+00
5.365247213489568878e+01,9.213053295593017111e+00
5.367247785081452349e+01,8.867190184120511631e+00
5.369248356673335820e+01,8.838015691038803467e+00
5.371248928265218581e+01,8.981696248880755462e+00
5.373249499857102052e+01,8.268351084150641128e+00
5.375250071448985523e+01,9.090803539132751965e+00
5.377250643040868994e+01,8.737239367361784304e+00
5.379251214632752465e+01,8.946802460676721580e+00
5.381251786224635936e+01,8.511423856200117655e+00
5.383252357816519407e+01,9.127341475752494659e+00
5.385252929408402878e+01,8.367700488214509846e+00
5.387253501000286349e+01,8.002639553314113030e+00
5.389254072592169109e+01,9.367215817957500690e+00
5.391254644184052580e+01,7.757254119361109090e+00
5.393255215775936051e+01,8.349357478028618829e+00
5.395255787367819522e+01,7.723417834357340972e+00
5.397256358959702993e+01,8.054367610847320336e+00
5.399256930551586464e+01,8.319869496850779811e+00
5.401257502143469935e+01,8.129748400549980047e+00
5.403258073735353406e+01,8.565769404666294662e+00
5.405258645327236877e+01,7.547787026587901238e+00
5.407259216919120348e+01,8.179132182979596877e+00
5.409259788511003109e+01,8.187818750568403914e+00
5.411260360102886580e+01,9.075091083227690092e+00
5.413260931694770051e+01,9.058426042744049056e+00
5.415261503286653522e+01,8.432372098771391933e+00
5.417262074878536993e+01,8.658239584959991575e+00
5.419262646470420464e+01,8.218598060950817796e+00
5.421263218062303935e+01,9.010960716395967296e+00
5.423263789654187406e+01,8.793870826877853375e+00
5.425264361246070877e+01,9.067581318044140914e+00
5.427264932837953637e+01,9.355744989122175781e+00
5.429265504429837108e+01,8.912564061357141298e+00
5.431266076021720579e+01,9.456197495825495736e+00
5.433266647613604050e+01,8.686398567968392825e+00
5.435267219205487521e+01,8.430451223553538043e+00
5.437267790797370992e+01,9.347305301696618329e+00
5.439268362389254463e+01,8.109265582900000879e+00
5.441268933981137934e+01,8.497965998327769555e+00
5.443269505573021405e+01,9.308064855149639882e+00
5.445270077164904166e+01,9.324416920117442942e+00
5.447270648756787637e+01,9.304911403501524347e+00
5.449271220348671108e+01,9.115413722136192831e+00
5.451271791940554579e+01,8.884871781648264744e+00
5.453272363532438050e+01,8.788646868782645782e+00
5.455272935124321521e+01,8.978994922629439657e+00
5.457273506716204992e+01,8.668342187655913023e+00
5.459274078308088463e+01,8.726847619399158873e+00
5.461274649899971934e+01,8.196536202772453095e+00
5.463275221491855405e+01,8.816366166986718156e+00
5.465275793083738165e+01,8.636796319902998675e+00
5.467276364675621636e+01,8.255750196408879304e+00
5.469276936267505107e+01,8.922607691559450771e+00
5.471277507859388578e+01,8.777196427787394839e+00
5.473278079451272049e+01,8.881068962204262007e+00
5.475278651043155520e+01,9.707695748338458941e+00
5.477279222635038991e+01,9.739563139089799648e+00
5.479279794226922462e+01,9.988049444418338751e+00
5.481280365818805933e+01,9.901388061089861026e+00
5.483280937410688693e+01,1.006463275724824769e+01
5.485281509002572164e+01,1.036045343273227992e+01
5.487282080594455635e+01,1.123617919223240591e+01
5.489282652186339106e+01,1.067742445868291945e+01
5.491283223778222577e+01,1.185741470510455997e+01
5.493283795370106048e+01,1.147706608225844604e+01
5.495284366961989519e+01,1.261618920669261712e+01
5.497284938553872990e+01,1.280421949886528132e+01
5.499285510145756461e+01,1.342028072609200251e+01
5.501286081737639222e+01,1.316652577147916148e+01
5.503286653329522693e+01,1.407473462734006375e+01
5.505287224921406164e+01,1.549069515077266246e+01
5.507287796513289635e+01,1.613482463600013617e+01
5.509288368105173106e+01,1.663719912813565216e+01
5.511288939697056577e+01,1.598956757282557106e+01
5.513289511288940048e+01,1.651045060190843827e+01
5.515290082880823519e+01,1.747642011562145825e+01
5.517290654472706990e+01,1.723731946931991388e+01
5.519291226064590461e+01,1.836596806901332357e+01
5.521291797656473221e+01,1.713077537405730055e+01
5.523292369248356692e+01,1.764575991297411761e+01
5.525292940840240163e+01,1.798725108871546396e+01
5.527293512432123634e+01,1.842344721582164624e+01
5.529294084024007105e+01,1.781083958435945647e+01
5.531294655615890576e+01,1.715923548789682940e+01
5.533295227207774047e+01,1.761367342220090748e+01
5.535295798799657518e+01,1.650673365284659155e+01
5.537296370391540989e+01,1.696505375071983224e+01
5.539296941983423750e+01,1.595349212501271907e+01
5.541297513575307221e+01,1.633352825429673771e+01
5.543298085167190692e+01,1.555723248833971617e+01
5.545298656759074163e+01,1.530331507343077391e+01
5.547299228350957634e+01,1.540800845349610526e+01
5.549299799942841105e+01,1.550690775001621091e+01
5.551300371534724576e+01,1.481999474237813175e+01
5.553300943126608047e+01,1.540200282590497238e+01
5.555301514718491518e+01,1.471109096307566588e+01
5.557302086310374989e+01,1.452451047596755807e+01
5.559302657902257749e+01,1.390003320025602207e+01
5.561303229494141220e+01,1.385414877284578949e+01
5.563303801086024691e+01,1.388411805312076908e+01
5.565304372677908162e+01,1.333902113079308904e+01
5.567304944269791633e+01,1.436278598464816447e+01
5.569305515861675104e+01,1.313222209577564392e+01
5.571306087453558575e+01,1.337498091283252322e+01
5.573306659045442046e+01,1.345307216246294502e+01
5.575307230637325517e+01,1.332158682977464537e+01
5.577307802229208278e+01,1.296531360708664238e+01
5.579308373821091749e+01,1.240320179689738467e+01
5.581308945412975220e+01,1.354583849535774576e+01
5.583309517004858691e+01,1.254671770925454410e+01
5.585310088596742162e+01,1.306846109089693542e+01
5.587310660188625633e+01,1.289252084022681544e+01
5.589311231780509104e+01,1.314409040033221743e+01
5.591311803372392575e+01,1.278312969860074588e+01
5.593312374964276046e+01,1.309435939780541247e+01
5.595312946556158806e+01,1.356203398165318674e+01
5.597313518148042277e+01,1.345359877183429198e+01
5.599314089739925748e+01,1.411918664469218498e+01
5.601314661331809219e+01,1.446067075842909766e+01
5.603315232923692690e+01,1.406240502383146662e+01
5.605315804515576161e+01,1.500019149082167402e+01
5.607316376107459632e+01,1.382705398473038194e+01
5.609316947699343103e+01,1.496517532980825038e+01
5.611317519291226574e+01,1.392810730490085014e+01
5.613318090883110045e+01,1.422619426970736356e+01
5.615318662474992806e+01,1.401059190450789771e+01
5.617319234066876277e+01,1.394566433396842875e+01
5.619319805658759748e+01,1.376594475985668709e+01
5.621320377250643219e+01,1.304790098081735650e+01
5.623320948842526690e+01,1.274832821554086948e+01
5.625321520434410161e+01,1.287725685001463560e+01
5.627322092026293632e+01,1.179055200539134773e+01
5.629322663618177103e+01,1.228123597867287842e+01
5.631323235210060574e+01,1.178726686628841946e+01
5.633323806801943334e+01,1.200240095221345449e+01
5.635324378393826805e+01,1.120617768056986918e+01
5.637324949985710276e+01,1.014453678210509935e+01
5.639325521577593747e+01,1.074499647311828099e+01
5.641326093169477218e+01,1.040650680548144003e+01
5.643326664761360689e+01,9.987013327154514286e+00
5.645327236353244160e+01,9.884778944555840496e+00
5.647327807945127631e+01,1.009067769228245126e+01
5.649328379537011102e+01,9.626832109149813022e+00
5.651328951128894573e+01,9.917651985051254115e+00
5.653329522720777334e+01,1.006521239968848747e+01
5.655330094312660805e+01,9.855200409374424098e+00
5.657330665904544276e+01,1.021503961896429402e+01
5.659331237496427747e+01,1.013618620063541442e+01
5.661331809088311218e+01,1.073220322386212544e+01
5.663332380680194689e+01,1.003239079780937359e+01
5.665332952272078160e+01,1.051070572576189122e+01
5.667333523863961631e+01,1.084528197502946867e+01
5.669334095455845102e+01,1.028039778857587905e+01
5.671334667047727862e+01,1.038271425737581666e+01
5.673335238639611333e+01,1.041562062171554359e+01
5.675335810231494804e+01,1.115189799710652352e+01
5.677336381823378275e+01,1.146678934608611300e+01
5.679336953415261746e+01,1.159919149762983892e+01
5.681337525007145217e+01,1.159692868333446469e+01
5.683338096599028688e+01,1.238958988730258426e+01
5.685338668190912159e+01,1.249045509266672127e+01
5.687339239782795630e+01,1.207962619610606048e+01
5.689339811374678391e+01,1.187337901567477516e+01
5.691340382966561862e+01,1.190500818253174131e+01
5.693340954558445333e+01,1.149429338005195689e+01
5.695341526150328804e+01,1.091772986821126779e+01
5.697342097742212275e+01,1.081868664233765998e+01
5.699342669334095746e+01,1.027877046164681119e+01
5.701343240925979217e+01,1.054581139217874508e+01
5.703343812517862688e+01,9.733590275860089847e+00
5.705344384109746159e+01,1.004221653172829676e+01
5.707344955701629630e+01,9.409090749422009736e+00
5.709345527293512390e+01,9.154349715609157556e+00
5.711346098885395861e+01,8.448030306578766968e+00
5.713346670477279332e+01,8.233953328821586481e+00
5.715347242069162803e+01,8.161524009842839433e+00
5.717347813661046274e+01,7.636759686037755124e+00
5.719348385252929745e+01,8.291688404416850844e+00
5.721348956844813216e+01,8.363799774043023660e+00
5.723349528436696687e+01,7.964229576511351993e+00
5.725350100028580158e+01,7.319707719119382006e+00
5.727350671620462919e+01,8.058612628738490713e+00
5.729351243212346390e+01,7.258630979298528629e+00
5.731351814804229861e+01,6.597701746216261043e+00
5.733352386396113332e+01,6.740123249601225552e+00
5.735352957987996803e+01,7.336302923383555274e+00
5.737353529579880274e+01,6.800170882395805805e+00
5.739354101171763745e+01,6.830215209437281665e+00
5.741354672763647216e+01,7.567694156940351746e+00
5.743355244355530687e+01,6.670597318796931852e+00
5.745355815947414158e+01,6.444683685125420780e+00
5.747356387539296918e+01,6.854597722537028481e+00
5.749356959131180389e+01,7.337037995905001608e+00
5.751357530723063860e+01,7.158862543579960658e+00
5.753358102314947331e+01,7.357760834489160295e+00
5.755358673906830802e+01,7.085226850105698304e+00
5.757359245498714273e+01,7.967249560999383640e+00
5.759359817090597744e+01,8.099499223041409124e+00
5.761360388682481215e+01,7.356290434707437598e+00
5.763360960274364686e+01,7.857093243385715020e+00
5.765361531866247446e+01,8.688566370945316919e+00
5.767362103458130917e+01,9.088337988348641261e+00
5.769362675050014388e+01,9.260723183604300246e+00
5.771363246641897859e+01,8.672422928917004725e+00
5.773363818233781330e+01,9.101145284467660801e+00
5.775364389825664801e+01,9.344104353217833392e+00
5.777364961417548272e+01,9.794921370810360628e+00
5.779365533009431743e+01,9.604237434763309267e+00
5.781366104601315214e+01,8.944562911395454563e+00
5.783366676193197975e+01,9.359439667475456304e+00
5.785367247785081446e+01,9.520269994118265799e+00
5.787367819376964917e+01,1.022700187544344885e+01
5.789368390968848388e+01,9.190845963084012027e+00
5.791368962560731859e+01,9.482258485403978199e+00
5.793369534152615330e+01,9.238011027542105680e+00
5.795370105744498801e+01,9.048806993171840674e+00
5.797370677336382272e+01,1.023770376327125931e+01
5.799371248928265743e+01,9.247558002127881593e+00
5.801371820520149214e+01,9.697762511979586719e+00
5.803372392112031974e+01,9.491773479238421629e+00
5.805372963703915445e+01,1.027993820819879467e+01
5.807373535295798916e+01,9.857618629021983381e+00
5.809374106887682387e+01,1.018523825543672778e+01
5.811374678479565858e+01,1.003275660627756594e+01
5.813375250071449329e+01,1.016353354200449743e+01
5.815375821663332800e+01,1.016223118919037205e+01
5.817376393255216271e+01,1.075664820349000728e+01
5.819376964847099742e+01,9.741493783851227661e+00
5.821377536438982503e+01,1.107553651557196694e+01
5.823378108030865974e+01,1.051353797749716534e+01
5.825378679622749445e+01,1.048033810319128278e+01
5.827379251214632916e+01,1.184550353316545390e+01
5.829379822806516387e+01,1.179151152544374703e+01
5.831380394398399858e+01,1.142959562186179845e+01
5.833380965990283329e+01,1.172738909026178789e+01
5.835381537582166800e+01,1.203066955427349427e+01
5.837382109174050271e+01,1.339779978251107195e+01
5.839382680765933742e+01,1.272964388594798635e+01
5.841383252357816502e+01,1.412885904321979247e+01
5.843383823949699973e+01,1.333629586196685679e+01
5.845384395541583444e+01,1.359139143872484645e+01
5.847384967133466915e+01,1.406439271295254301e+01
5.849385538725350386e+01,1.463980644596676584e+01
5.851386110317233857e+01,1.530633546268943590e+01
5.853386681909117328e+01,1.512769543876207123e+01
5.855387253501000799e+01,1.504375807251665442e+01
5.857387825092884270e+01,1.581707439761281542e+01
5.859388396684767031e+01,1.552325252043512194e+01
5.861388968276650502e+01,1.573954601172308720e+01
5.863389539868533973e+01,1.538084031004090235e+01
5.865390111460417444e+01,1.587632754080094699e+01
5.867390683052300915e+01,1.509789903231659025e+01
5.869391254644184386e+01,1.606520422542139670e+01
5.871391826236067857e+01,1.600785453459372221e+01
5.873392397827951328e+01,1.577283335250800533e+01
5.875392969419834799e+01,1.542805733156352233e+01
5.877393541011717559e+01,1.495303661259270100e+01
5.879394112603601030e+01,1.478023842479407257e+01
5.881394684195484501e+01,1.453106569772891987e+01
5.883395255787367972e+01,1.366104360779602800e+01
5.885395827379251443e+01,1.276703993082976574e+01
5.887396398971134914e+01,1.323813209461894758e+01
5.889396970563018385e+01,1.266341180605519234e+01
5.891397542154901856e+01,1.207317402151682373e+01
5.893398113746785327e+01,1.129012405796173013e+01
5.895398685338668798e+01,1.043865581510319274e+01
5.897399256930551559e+01,1.092669299442829889e+01
5.899399828522435030e+01,1.005875610482572569e+01
5.901400400114318501e+01,1.035082481504038121e+01
5.903400971706201972e+01,1.006258716594006053e+01
5.905401543298085443e+01,1.013093152399514807e+01
5.907402114889968914e+01,9.808153835951145538e+00
5.909402686481852385e+01,8.554961637996022716e+00
5.911403258073735856e+01,8.735723330436448109e+00
5.913403829665619327e+01,9.662758200229712102e+00
5.915404401257502087e+01,8.421786405317202906e+00
5.917404972849385558e+01,9.462029388247776396e+00
5.919405544441269029e+01,8.465830707256593257e+00
5.921406116033152500e+01,8.847480983698263302e+00
5.923406687625035971e+01,8.401732628266884717e+00
5.925407259216919442e+01,7.790983458986821653e+00
5.927407830808802913e+01,8.478713333049064715e+00
5.929408402400686384e+01,9.018232115337045940e+00
5.931408973992569855e+01,8.734135933531335994e+00
5.933409545584453326e+01,9.009067501171042380e+00
5.935410117176336087e+01,8.428037695788109573e+00
5.937410688768219558e+01,9.514237908442257918e+00
5.939411260360103029e+01,8.557699191567275321e+00
5.941411831951986500e+01,8.921728421325020975e+00
5.943412403543869971e+01,1.024651331850038716e+01
5.945412975135753442e+01,1.034182725970245897e+01
5.947413546727636913e+01,1.057477515997383932e+01
5.949414118319520384e+01,1.036200441896797209e+01
5.951414689911403855e+01,1.120671458077575089e+01
5.953415261503286615e+01,1.101922050691400656e+01
5.955415833095170086e+01,1.249916073881366074e+01
5.957416404687053557e+01,1.262114424831664472e+01
5.959416976278937028e+01,1.252942169816015650e+01
5.961417547870820499e+01,1.382321719667293536e+01
5.963418119462703970e+01,1.428991087103500846e+01
5.965418691054587441e+01,1.476418949645915468e+01
5.967419262646470912e+01,1.411487596167496505e+01
5.969419834238354383e+01,1.509446125981568443e+01
5.971420405830237144e+01,1.593189977135847357e+01
5.973420977422120615e+01,1.545469183296221161e+01
5.975421549014004086e+01,1.589257022269606345e+01
5.977422120605887557e+01,1.685693588825603939e+01
5.979422692197771028e+01,1.693578848570602702e+01
5.981423263789654499e+01,1.665939222232349337e+01
5.983423835381537970e+01,1.672730695454459138e+01
5.985424406973421441e+01,1.722594639333458844e+01
5.987424978565304912e+01,1.688158806260369005e+01
5.989425550157188383e+01,1.768620128183165718e+01
5.991426121749071143e+01,1.722800832577277674e+01
5.993426693340954614e+01,1.763983099627704831e+01
5.995427264932838085e+01,1.748900272146764934e+01
5.997427836524721556e+01,1.726552506950982036e+01
5.999428408116605027e+01,1.768645017602604241e+01
6.001428979708488498e+01,1.634382643225244536e+01
6.003429551300371969e+01,1.600592771360901168e+01
6.005430122892255440e+01,1.554874395831272338e+01
6.007430694484138911e+01,1.524163305577007499e+01
6.009431266076021672e+01,1.471869558884685603e+01
6.011431837667905143e+01,1.517961958254160137e+01
6.013432409259788614e+01,1.451152811906457885e+01
6.015432980851672085e+01,1.450464132721839050e+01
6.017433552443555556e+01,1.402882416792244058e+01
6.019434124035439027e+01,1.359203054113747910e+01
6.021434695627322498e+01,1.348395230046057947e+01
6.023435267219205969e+01,1.301386106444151380e+01
6.025435838811089440e+01,1.342276975085909285e+01
6.027436410402972911e+01,1.273913389328015988e+01
6.029436981994855671e+01,1.203982670632018781e+01
6.031437553586739142e+01,1.197129987364422021e+01
6.033438125178622613e+01,1.152064132346596637e+01
6.035438696770506084e+01,1.205180940166012959e+01
6.037439268362389555e+01,1.250064895432121403e+01
6.039439839954273026e+01,1.099245799274948965e+01
6.041440411546156497e+01,1.175924621604936071e+01
6.043440983138039968e+01,1.107775512517387995e+01
6.045441554729923439e+01,1.131085510231695679e+01
6.047442126321806199e+01,1.202121614476100575e+01
6.049442697913689670e+01,1.111177432718838176e+01
6.051443269505573141e+01,1.147297488731856063e+01
6.053443841097456612e+01,1.132657447939656237e+01
6.055444412689340083e+01,1.077320127688175333e+01
6.057444984281223554e+01,1.082835031596181352e+01
6.059445555873107025e+01,1.044959574641895372e+01
6.061446127464990496e+01,1.040738621231489702e+01
6.063446699056873967e+01,1.026344664398516393e+01
6.065447270648756728e+01,1.084409121195779946e+01
6.067447842240640199e+01,1.054947572868368155e+01
6.069448413832523670e+01,9.940187469431112532e+00
6.071448985424407141e+01,1.018710787064655676e+01
6.073449557016290612e+01,1.020058174991508793e+01
6.075450128608174083e+01,1.004527307311947126e+01
6.077450700200057554e+01,9.750273166142937598e+00
6.079451271791941025e+01,1.004298846917961541e+01
6.081451843383824496e+01,1.004598180257974249e+01
6.083452414975707967e+01,9.613989281304986534e+00
6.085452986567590727e+01,9.129880402874970713e+00
6.087453558159474198e+01,8.913763537515720259e+00
6.089454129751357669e+01,8.654336679643998664e+00
6.091454701343241140e+01,8.891119655662881982e+00
6.093455272935124611e+01,8.338446013001895807e+00
6.095455844527008082e+01,9.110614388159369526e+00
6.097456416118891553e+01,8.286721809529279170e+00
6.099456987710775024e+01,7.657603218211688656e+00
6.101457559302658495e+01,8.663578548413955360e+00
6.103458130894541256e+01,8.106437036004052743e+00
6.105458702486424727e+01,8.299345668279588750e+00
6.107459274078308198e+01,8.661039893248426935e+00
6.109459845670191669e+01,7.834892714348342224e+00
6.111460417262075140e+01,8.035933661776951453e+00
6.113460988853958611e+01,8.537318419609395193e+00
6.115461560445842082e+01,8.846214521243020101e+00
6.117462132037725553e+01,8.315975408550480452e+00
6.119462703629609024e+01,8.059554629240015089e+00
6.121463275221492495e+01,8.285711263191203102e+00
6.123463846813375255e+01,8.794599177990882310e+00
6.125464418405258726e+01,9.350395593218674861e+00
6.127464989997142197e+01,9.799583924882625752e+00
6.129465561589025668e+01,9.221111007034716422e+00
6.131466133180909139e+01,9.686957378407093699e+00
6.133466704772792610e+01,9.337363845395245221e+00
6.135467276364676081e+01,9.941607610367977799e+00
6.137467847956559552e+01,1.006923712026783946e+01
6.139468419548443023e+01,1.001844994119131904e+01
6.141468991140325784e+01,1.005656290661486452e+01
6.143469562732209255e+01,1.047529217661108447e+01
6.145470134324092726e+01,1.090301819315626375e+01
6.147470705915976197e+01,9.889850552688454144e+00
6.149471277507859668e+01,1.084641213027127549e+01
6.151471849099743139e+01,1.066982896752134202e+01
6.153472420691626610e+01,1.126734490155694246e+01
6.155472992283510081e+01,1.057147291427198610e+01
6.157473563875393552e+01,1.138374107873084284e+01
6.159474135467276312e+01,1.101713959798697218e+01
6.161474707059159783e+01,1.180010320100393884e+01
6.163475278651043254e+01,1.152683260952771604e+01
6.165475850242926725e+01,1.154229563140453863e+01
6.167476421834810196e+01,1.269994005155713879e+01
6.169476993426693667e+01,1.227886568340517215e+01
6.171477565018577138e+01,1.247894305909655621e+01
6.173478136610460609e+01,1.353871256710900894e+01
6.175478708202344080e+01,1.312291366938373294e+01
6.177479279794227551e+01,1.361517981298592872e+01
6.179479851386110312e+01,1.380566963061473018e+01
6.181480422977993783e+01,1.391006081155643415e+01
6.183480994569877254e+01,1.430616822513965047e+01
6.185481566161760725e+01,1.479008720783450315e+01
6.187482137753644196e+01,1.479578982619582206e+01
6.189482709345527667e+01,1.524054659918680343e+01
6.191483280937411138e+01,1.538602321024390562e+01
6.193483852529294609e+01,1.511871703275993895e+01
6.195484424121178080e+01,1.599698911974570059e+01
6.197484995713060840e+01,1.658306062621712584e+01
6.199485567304944311e+01,1.674107675727811895e+01
6.201486138896827782e+01,1.697842818742393334e+01
6.203486710488711253e+01,1.675698687489633798e+01
6.205487282080594724e+01,1.720021759000304584e+01
6.207487853672478195e+01,1.729356966945955065e+01
6.209488425264361666e+01,1.772278236309591293e+01
6.211488996856245137e+01,1.844027749178891895e+01
6.213489568448128608e+01,1.818081732161587283e+01
6.215490140040011369e+01,1.732603009929454174e+01
6.217490711631894840e+01,1.787308420146386112e+01
6.219491283223778311e+01,1.851815425847159702e+01
6.221491854815661782e+01,1.815301949793749969e+01
6.223492426407545253e+01,1.823247138771511544e+01
6.225492997999428724e+01,1.862272206855868362e+01
6.227493569591312195e+01,1.814630171128934677e+01
6.229494141183195666e+01,1.817745767050212180e+01
6.231494712775079137e+01,1.894472529276612960e+01
6.233495284366962608e+01,1.856237965365886922e+01
6.235495855958845368e+01,1.883293033575127851e+01
6.237496427550728839e+01,1.780421631043702746e+01
6.239496999142612310e+01,1.779005708147332854e+01
6.241497570734495781e+01,1.711119285978985971e+01
6.243498142326379252e+01,1.727184078619174556e+01
6.245498713918262723e+01,1.722267764613621210e+01
6.247499285510146194e+01,1.771362943369238252e+01
6.249499857102029665e+01,1.588981499229297789e+01
6.251500428693913136e+01,1.630636212761584858e+01
6.253501000285795897e+01,1.620991189078285188e+01
6.255501571877679368e+01,1.525098601915405183e+01
6.257502143469562839e+01,1.561723633910669662e+01
6.259502715061446310e+01,1.553279572935114494e+01
6.261503286653329781e+01,1.574212337404829753e+01
6.263503858245213252e+01,1.576415358020510382e+01
6.265504429837096723e+01,1.589539259882755928e+01
6.267505001428980194e+01,1.617273825840831236e+01
6.269505573020863665e+01,1.591142774003058591e+01
6.271506144612747136e+01,1.656889106333161976e+01
6.273506716204629896e+01,1.579255361701666871e+01
6.275507287796513367e+01,1.628274531574407646e+01
6.277507859388396838e+01,1.748341919404567690e+01
6.279508430980280309e+01,1.785718845347803097e+01
6.281509002572163780e+01,1.820837953509311546e+01
6.283509574164047251e+01,1.866774611803269579e+01
6.285510145755930722e+01,1.919262622551076447e+01
6.287510717347814193e+01,1.979514244917458754e+01
6.289511288939697664e+01,2.165024319317796753e+01
6.291511860531580425e+01,2.089422153194364995e+01
6.293512432123463896e+01,2.255864300916342557e+01
6.295513003715347367e+01,2.179902224179785009e+01
6.297513575307230838e+01,2.358215766527928992e+01
6.299514146899114309e+01,2.309918685445153841e+01
6.301514718490997780e+01,2.425480836737125756e+01
6.303515290082881251e+01,2.318175290953465861e+01
6.305515861674764722e+01,2.428247673340456458e+01
6.307516433266648193e+01,2.482000613954074453e+01
6.309517004858530953e+01,2.330374614537894473e+01
6.311517576450414424e+01,2.354284639251912381e+01
6.313518148042297895e+01,2.405234993554077505e+01
6.315518719634181366e+01,2.312082943114389977e+01
6.317519291226064837e+01,2.302132307051507354e+01
6.319519862817948308e+01,2.216516391488966065e+01
6.321520434409831779e+01,2.123283411768580464e+01
6.323521006001715250e+01,2.090424240978120451e+01
6.325521577593598721e+01,1.965593102692957928e+01
6.327522149185482192e+01,1.909726968664264746e+01
6.329522720777364952e+01,1.808155217717753516e+01
6.331523292369248423e+01,1.795349414058963333e+01
6.333523863961131894e+01,1.746838753574387582e+01
6.335524435553015365e+01,1.713426132732565321e+01
6.337525007144898836e+01,1.710259362078182832e+01
6.339525578736782307e+01,1.586571724974067088e+01
6.341526150328665778e+01,1.661991686282019387e+01
6.343526721920549249e+01,1.669683706341040619e+01
6.345527293512432720e+01,1.566092126479869506e+01
6.347527865104315481e+01,1.658595410279413684e+01
6.349528436696198952e+01,1.601986432580726927e+01
6.351529008288082423e+01,1.766911318405428943e+01
6.353529579879965894e+01,1.748952631057114360e+01
6.355530151471849365e+01,1.808628706994248603e+01
6.357530723063732836e+01,1.767180026193486242e+01
6.359531294655616307e+01,1.786675139718230909e+01
6.361531866247499778e+01,1.732791231986806579e+01
6.363532437839383249e+01,1.773633708524880248e+01
6.365533009431266720e+01,1.811355701821327102e+01
6.367533581023149480e+01,1.732242089025645981e+01
6.369534152615032951e+01,1.694870541022385169e+01
6.371534724206916422e+01,1.699696474607484475e+01
6.373535295798799893e+01,1.549658190043708572e+01
6.375535867390683364e+01,1.513681008062306788e+01
6.377536438982566835e+01,1.446230162772174666e+01
6.379537010574450306e+01,1.367500998351912322e+01
6.381537582166333777e+01,1.242996521937214638e+01
6.383538153758217248e+01,1.180680795339650757e+01
6.385538725350100009e+01,1.113217298479066919e+01
6.387539296941983480e+01,1.099958431935641556e+01
6.389539868533866951e+01,1.071597517332488003e+01
6.391540440125750422e+01,1.062716053895443835e+01
6.393541011717633893e+01,9.722095149824756533e+00
6.395541583309517364e+01,9.815731450545019499e+00
6.397542154901400835e+01,9.196251516590930208e+00
6.399542726493284306e+01,9.370296680672566936e+00
6.401543298085167066e+01,8.443615903561399350e+00
6.403543869677051248e+01,8.583756187568090112e+00
6.405544441268934008e+01,9.042525066771061049e+00
6.407545012860816769e+01,8.514595623176548500e+00
6.409545584452700950e+01,8.904068563217379051e+00
6.411546156044585132e+01,9.126939397056792913e+00
6.413546727636467892e+01,8.694688398573978461e+00
6.415547299228350653e+01,1.000476958192201948e+01
6.417547870820234834e+01,8.649844849303372385e+00
6.419548442412119016e+01,9.513401550773243898e+00
6.421549014004001776e+01,1.003908210491650266e+01
6.423549585595884537e+01,9.964750292625884853e+00
6.425550157187768718e+01,1.068823890001127452e+01
6.427550728779651479e+01,9.656379630033079309e+00
6.429551300371534239e+01,1.112105978558360064e+01
6.431551871963418421e+01,1.133940180188351832e+01
6.433552443555302602e+01,1.195754643551236995e+01
6.435553015147185363e+01,1.233417366637836210e+01
6.437553586739068123e+01,1.285197072569711629e+01
6.439554158330952305e+01,1.247294553976601250e+01
6.441554729922835065e+01,1.281585796431880908e+01
6.443555301514717826e+01,1.401059495990929449e+01
6.445555873106602007e+01,1.471631800542618329e+01
6.447556444698486189e+01,1.468145424797359766e+01
6.449557016290368949e+01,1.522048082137704306e+01
6.451557587882251710e+01,1.588280785854508359e+01
6.453558159474135891e+01,1.616753036726677095e+01
6.455558731066020073e+01,1.581030352639366043e+01
6.457559302657902833e+01,1.711606533725064594e+01
6.459559874249785594e+01,1.737962361138381695e+01
6.461560445841669775e+01,1.803851862444746601e+01
6.463561017433552536e+01,1.852600586299921304e+01
6.465561589025435296e+01,1.892974280216227712e+01
6.467562160617319478e+01,1.982646321096095576e+01
6.469562732209203659e+01,2.074412552916381713e+01
6.471563303801086420e+01,2.119231510954570652e+01
6.473563875392969180e+01,2.108751641442174929e+01
6.475564446984853362e+01,2.197284971954074706e+01
6.477565018576737543e+01,2.259901830966095559e+01
6.479565590168618883e+01,2.327602901335820107e+01
6.481566161760503064e+01,2.421167186917104530e+01
6.483566733352387246e+01,2.447368544299325066e+01
6.485567304944270006e+01,2.588926296753333389e+01
6.487567876536152767e+01,2.525437938504471447e+01
6.489568448128036948e+01,2.571068339012258264e+01
6.491569019719921130e+01,2.582301754688763751e+01
6.493569591311803890e+01,2.695274600587142544e+01
6.495570162903686651e+01,2.741476488752055474e+01
6.497570734495570832e+01,2.689287051321709754e+01
6.499571306087453593e+01,2.727889881878369849e+01
6.501571877679336353e+01,2.746215746152082460e+01
6.503572449271220535e+01,2.688358638409271606e+01
6.505573020863104716e+01,2.601671772982498254e+01
6.507573592454987477e+01,2.627672238370333702e+01
6.509574164046870237e+01,2.574349043313898733e+01
6.511574735638754419e+01,2.506803895361266044e+01
6.513575307230638600e+01,2.503858871073629189e+01
6.515575878822521361e+01,2.434415491831644474e+01
6.517576450414404121e+01,2.373663745245502810e+01
6.519577022006288303e+01,2.280353724790001735e+01
6.521577593598171063e+01,2.183606545209773486e+01
6.523578165190053824e+01,2.052458185499205001e+01
6.525578736781938005e+01,2.047991082750445457e+01
6.527579308373822187e+01,1.889412290641165626e+01
6.529579879965704947e+01,1.774141030584782897e+01
6.531580451557587708e+01,1.736267740462390208e+01
6.533581023149471889e+01,1.615092887233287655e+01
6.535581594741354650e+01,1.501460682806144220e+01
6.537582166333237410e+01,1.430187202780768274e+01
6.539582737925121592e+01,1.412345601582935828e+01
6.541583309517005773e+01,1.270196278314160665e+01
6.543583881108888534e+01,1.330071177758095047e+01
6.545584452700771294e+01,1.187922068702923895e+01
6.547585024292655476e+01,1.210920423599021234e+01
6.549585595884539657e+01,1.239145834906465460e+01
6.551586167476422418e+01,1.206358921898496206e+01
6.553586739068305178e+01,1.175591635017425318e+01
6.555587310660189360e+01,1.129913980817826769e+01
6.557587882252072120e+01,1.146295804293499110e+01
6.559588453843954881e+01,1.192114431714042055e+01
6.561589025435839062e+01,1.202798449326856201e+01
6.563589597027723244e+01,1.222864072907574240e+01
6.565590168619606004e+01,1.182848490428460053e+01
6.567590740211488765e+01,1.232245488526049471e+01
6.569591311803372946e+01,1.161350831553803431e+01
6.571591883395257128e+01,1.233243639837034955e+01
6.573592454987138467e+01,1.278880464897313374e+01
6.575593026579022649e+01,1.232425076028377475e+01
6.577593598170906830e+01,1.262683904073048780e+01
6.579594169762789591e+01,1.275997677041897482e+01
6.581594741354672351e+01,1.255483375455123962e+01
6.583595312946556533e+01,1.302528042694043009e+01
6.585595884538440714e+01,1.261456032896762380e+01
6.587596456130323475e+01,1.202905079294486868e+01
6.589597027722206235e+01,1.205448657142400037e+01
6.591597599314090417e+01,1.216136458577090629e+01
6.593598170905973177e+01,1.165209376108705186e+01
6.595598742497855937e+01,1.147356674997199377e+01
6.597599314089740119e+01,1.105456540319136494e+01
6.599599885681624301e+01,1.129541154241240442e+01
6.601600457273507061e+01,1.098886758583822143e+01
6.603601028865389821e+01,1.128815096253345018e+01
6.605601600457274003e+01,1.063374160967023485e+01
6.607602172049158185e+01,1.082975450557674968e+01
6.609602743641040945e+01,1.079203113874913811e+01
6.611603315232923705e+01,1.017171815203568030e+01
6.613603886824807887e+01,9.892088779651846409e+00
6.615604458416690647e+01,1.025181917867603865e+01
6.617605030008573408e+01,9.761864301528117238e+00
6.619605601600457589e+01,1.038578448151241673e+01
6.621606173192341771e+01,1.054028534557539132e+01
6.623606744784224531e+01,9.755644732286757659e+00
6.625607316376107292e+01,1.077898744632116390e+01
6.627607887967991473e+01,1.051203192799747654e+01
6.629608459559874234e+01,1.082415653743758455e+01
6.631609031151756994e+01,1.100191360395648132e+01
6.633609602743641176e+01,1.031164804476180663e+01
6.635610174335525357e+01,1.135270879800174093e+01
6.637610745927408118e+01,1.098396526294492048e+01
6.639611317519290878e+01,1.063259503493082647e+01
6.641611889111175060e+01,1.047533274432218775e+01
6.643612460703059241e+01,1.155076024431543047e+01
6.645613032294942002e+01,1.079643449913010400e+01
6.647613603886824762e+01,1.210277241542037530e+01
6.649614175478708944e+01,1.226909951254778974e+01
6.651614747070591704e+01,1.246877138219453762e+01
6.653615318662474465e+01,1.186410413728844304e+01
6.655615890254358646e+01,1.197344266623851716e+01
6.657616461846242828e+01,1.152009119875933862e+01
6.659617033438125588e+01,1.167780580698237181e+01
6.661617605030008349e+01,1.287504668766374571e+01
6.663618176621892530e+01,1.225259982004050130e+01
6.665618748213776712e+01,1.288789448751410305e+01
6.667619319805658051e+01,1.238627518547860795e+01
6.669619891397542233e+01,1.231534654360776671e+01
6.671620462989426414e+01,1.168030965169426949e+01
6.673621034581309175e+01,1.226428051353769888e+01
6.675621606173191935e+01,1.148767610519549720e+01
6.677622177765076117e+01,1.167437179362834065e+01
6.679622749356960298e+01,1.172817425778696254e+01
6.681623320948843059e+01,1.168014166253588293e+01
6.683623892540725819e+01,1.128034218387183785e+01
6.685624464132610001e+01,1.015019513800603868e+01
6.687625035724492761e+01,1.109646977002738311e+01
6.689625607316375522e+01,1.082590836822097913e+01
6.691626178908259703e+01,1.084476503706767403e+01
6.693626750500143885e+01,1.092315364055228954e+01
6.695627322092026645e+01,1.056147408156836143e+01
6.697627893683909406e+01,1.074840033294854358e+01
6.699628465275793587e+01,1.054395825300123590e+01
6.701629036867677769e+01,1.018237265740154029e+01
6.703629608459560529e+01,1.016204772281825797e+01
6.705630180051443290e+01,1.021104167146398822e+01
6.707630751643327471e+01,9.834374489817287568e+00
6.709631323235210232e+01,1.026106072397544011e+01
6.711631894827092992e+01,1.039792962221932093e+01
6.713632466418977174e+01,1.045217072591071528e+01
6.715633038010861355e+01,1.080295587874149632e+01
6.717633609602744116e+01,1.050939487233728187e+01
6.719634181194626876e+01,1.092815602711346656e+01
6.721634752786511058e+01,1.083712443868764019e+01
6.723635324378393818e+01,1.046836631872525558e+01
6.725635895970276579e+01,1.000730772916712574e+01
6.727636467562160760e+01,1.084971085130248802e+01
6.729637039154044942e+01,1.070379724616849515e+01
6.731637610745927702e+01,1.075864367383579179e+01
6.733638182337810463e+01,1.037995046140067856e+01
6.735638753929694644e+01,1.059398725110837880e+01
6.737639325521578826e+01,9.857454856628306672e+00
6.739639897113461586e+01,9.828067257215915120e+00
6.741640468705344347e+01,1.023298989496288769e+01
6.743641040297228528e+01,9.654208159022790170e+00
6.745641611889111289e+01,9.937258455297431681e+00
6.747642183480994049e+01,8.438019693725482995e+00
6.749642755072878231e+01,8.635751035226306271e+00
6.751643326664762412e+01,7.869892411854198855e+00
6.753643898256645173e+01,7.786886272117014229e+00
6.755644469848527933e+01,8.417472241572159675e+00
6.757645041440412115e+01,8.792941911255390153e+00
6.759645613032296296e+01,9.059618053779491476e+00
6.761646184624177636e+01,7.962246433736179796e+00
6.763646756216061817e+01,8.596171032868040740e+00
6.765647327807945999e+01,7.842757087408766203e+00
6.767647899399828759e+01,8.845889800839360717e+00
6.769648470991711520e+01,9.477628522056807725e+00
6.771649042583595701e+01,9.533086557632113767e+00
6.773649614175479883e+01,9.420778243565589349e+00
6.775650185767362643e+01,1.006836511484015872e+01
6.777650757359245404e+01,1.073227873817505795e+01
6.779651328951129585e+01,9.930597131771177644e+00
6.781651900543012346e+01,1.079544029635415470e+01
6.783652472134895106e+01,1.203952996778863493e+01
6.785653043726779288e+01,1.153021476804352119e+01
6.787653615318663469e+01,1.183405426775093616e+01
6.789654186910546230e+01,1.331089018172769478e+01
6.791654758502428990e+01,1.236248055702249715e+01
6.793655330094313172e+01,1.300566868474461124e+01
6.795655901686197353e+01,1.399370131127770733e+01
6.797656473278080114e+01,1.404237041764930538e+01
6.799657044869962874e+01,1.388435107522199274e+01
6.801657616461847056e+01,1.441856303446218490e+01
6.803658188053729816e+01,1.442132203555068060e+01
6.805658759645612577e+01,1.489067341435518266e+01
6.807659331237496758e+01,1.487286711539975315e+01
6.809659902829380940e+01,1.475157740332219447e+01
6.811660474421263700e+01,1.532918315700114675e+01
6.813661046013146461e+01,1.565376232014932967e+01
6.815661617605030642e+01,1.467034803285564770e+01
6.817662189196913403e+01,1.454431355241374391e+01
6.819662760788796163e+01,1.443256993224573392e+01
6.821663332380680345e+01,1.454537108060003447e+01
6.823663903972564526e+01,1.459647216639072020e+01
6.825664475564447287e+01,1.449807268235250213e+01
6.827665047156330047e+01,1.390197128094302137e+01
6.829665618748214229e+01,1.512791818526475573e+01
6.831666190340098410e+01,1.531723179633204879e+01
6.833666761931981171e+01,1.512818809105376872e+01
6.835667333523863931e+01,1.542156299245578666e+01
6.837667905115748113e+01,1.496725682134066560e+01
6.839668476707630873e+01,1.524489067802682207e+01
6.841669048299513634e+01,1.495722427813090150e+01
6.843669619891397815e+01,1.503962982629103173e+01
6.845670191483281997e+01,1.471150140770938108e+01
6.847670763075164757e+01,1.528056910222517217e+01
6.849671334667047518e+01,1.399068908139809864e+01
6.851671906258931699e+01,1.390461738268157532e+01
6.853672477850815881e+01,1.368137576890918794e+01
6.855673049442697220e+01,1.499922019230626091e+01
6.857673621034581402e+01,1.415602534079219410e+01
6.859674192626465583e+01,1.352481766017699982e+01
6.861674764218348344e+01,1.282811468482391781e+01
6.863675335810231104e+01,1.395541185145836494e+01
6.865675907402115286e+01,1.383441103125642968e+01
6.867676478993999467e+01,1.332130170147455672e+01
6.869677050585882228e+01,1.284537518114740884e+01
6.871677622177764988e+01,1.212444275122756920e+01
6.873678193769649170e+01,1.239695419664398557e+01
6.875678765361531930e+01,1.211322270041393878e+01
6.877679336953414690e+01,1.194019815586786137e+01
6.879679908545298872e+01,1.167427585738268192e+01
6.881680480137183054e+01,1.116730783133329297e+01
6.883681051729065814e+01,1.032591187836231228e+01
6.885681623320948574e+01,1.173980895838293037e+01
6.887682194912832756e+01,1.138688074835944875e+01
6.889682766504716938e+01,1.115074307732987080e+01
6.891683338096599698e+01,1.082027196930706836e+01
6.893683909688482458e+01,1.041494556613368871e+01
6.895684481280366640e+01,1.038501960923151479e+01
6.897685052872249400e+01,1.004217912193844420e+01
6.899685624464132161e+01,1.006352796301672470e+01
6.901686196056016342e+01,1.077439730853121702e+01
6.903686767647900524e+01,1.084011396585088960e+01
6.905687339239783284e+01,1.169592555953738966e+01
6.907687910831666045e+01,1.109794078848069532e+01
6.909688482423550226e+01,1.192564397084317207e+01
6.911689054015432987e+01,1.203917282075629025e+01
6.913689625607315747e+01,1.134494399706482426e+01
6.915690197199199929e+01,1.267006458230729748e+01
6.917690768791084110e+01,1.200074797479161148e+01
6.919691340382966871e+01,1.336931697483468540e+01
6.921691911974849631e+01,1.216617171701333255e+01
6.923692483566733813e+01,1.283807994635374428e+01
6.925693055158617994e+01,1.374209504714095686e+01
6.927693626750500755e+01,1.354310426379912613e+01
6.929694198342383515e+01,1.279640479534730169e+01
6.931694769934267697e+01,1.418982970927417497e+01
6.933695341526150457e+01,1.417014933405716093e+01
6.935695913118033218e+01,1.441798658560643531e+01
6.937696484709917399e+01,1.476914536351132945e+01
6.939697056301801581e+01,1.347336181247527342e+01
6.941697627893684341e+01,1.322142727685743324e+01
6.943698199485567102e+01,1.384124867138618420e+01
6.945698771077451283e+01,1.332316991317232180e+01
6.947699342669335465e+01,1.380742283521759717e+01
6.949699914261216804e+01,1.375664991719655106e+01
6.951700485853100986e+01,1.340914848991420527e+01
6.953701057444985167e+01,1.329586321904733737e+01
6.955701629036867928e+01,1.320291716358261880e+01
6.957702200628750688e+01,1.353769419146331288e+01
6.959702772220634870e+01,1.282409636198948100e+01
6.961703343812519051e+01,1.238014570407512061e+01
6.963703915404401812e+01,1.239984483772790824e+01
6.965704486996284572e+01,1.196160398355927335e+01
6.967705058588168754e+01,1.211306037804403246e+01
6.969705630180051514e+01,1.166001813810229137e+01
6.971706201771934275e+01,1.255168739124878918e+01
6.973706773363818456e+01,1.181372834892946955e+01
6.975707344955702638e+01,1.196935778785341498e+01
6.977707916547585398e+01,1.264355248245414387e+01
6.979708488139468159e+01,1.241796369437711078e+01
6.981709059731352340e+01,1.227120267198196402e+01
6.983709631323236522e+01,1.252896254415966482e+01
6.985710202915119282e+01,1.204498095960407511e+01
6.987710774507002043e+01,1.277130761258630187e+01
6.989711346098886224e+01,1.316249808423125778e+01
6.991711917690768985e+01,1.302542657518409719e+01
6.993712489282651745e+01,1.402342271722895717e+01
6.995713060874535927e+01,1.437073367519571576e+01
6.997713632466420108e+01,1.404287831356684180e+01
6.999714204058302869e+01,1.431486049739493538e+01
7.001714775650185629e+01,1.455981527093604555e+01
7.003715347242069811e+01,1.487086534600754462e+01
7.005715918833952571e+01,1.527851541297578208e+01
7.007716490425835332e+01,1.484119035168878042e+01
7.009717062017719513e+01,1.489224832169698587e+01
7.011717633609603695e+01,1.520275073222262563e+01
7.013718205201486455e+01,1.418675905017940053e+01
7.015718776793369216e+01,1.401741571126645880e+01
7.017719348385253397e+01,1.474527688176187645e+01
7.019719919977137579e+01,1.328772664434805861e+01
7.021720491569020339e+01,1.437958561676886404e+01
7.023721063160903100e+01,1.372381829170458900e+01
7.025721634752787281e+01,1.332422369366247850e+01
7.027722206344670042e+01,1.314564335940867679e+01
7.029722777936552802e+01,1.252837479150178268e+01
7.031723349528436984e+01,1.208571581686371310e+01
7.033723921120321165e+01,1.221679723145371810e+01
7.035724492712203926e+01,1.213184458713233127e+01
7.037725064304086686e+01,1.191079408079609081e+01
7.039725635895970868e+01,1.198445202011243538e+01
7.041726207487855049e+01,1.106481892364294950e+01
7.043726779079736389e+01,1.124606391046134846e+01
7.045727350671620570e+01,1.096337065263825217e+01
7.047727922263504752e+01,1.040677125617988708e+01
7.049728493855387512e+01,1.016845918500282409e+01
7.051729065447270273e+01,1.001629621680639559e+01
7.053729637039154454e+01,1.009221404628099350e+01
7.055730208631038636e+01,9.926232304539047036e+00
7.057730780222921396e+01,1.071795704408880212e+01
7.059731351814804157e+01,1.112253309022504943e+01
7.061731923406688338e+01,1.064230906107405517e+01
7.063732494998571099e+01,1.083216574015920841e+01
7.065733066590453859e+01,1.077074738452090585e+01
7.067733638182338041e+01,1.110136778183738215e+01
7.069734209774222222e+01,1.198342807001907317e+01
7.071734781366104983e+01,1.236267274267326499e+01
7.073735352957987743e+01,1.127331562906768525e+01
7.075735924549871925e+01,1.192928024358884365e+01
7.077736496141756106e+01,1.179510441419252231e+01
7.079737067733638867e+01,1.262415339137012538e+01
7.081737639325521627e+01,1.209987206996132869e+01
7.083738210917405809e+01,1.193388954973396032e+01
7.085738782509288569e+01,1.311711577527431061e+01
7.087739354101171330e+01,1.240604408565851813e+01
7.089739925693055511e+01,1.247202796751739484e+01
7.091740497284939693e+01,1.242483900687794218e+01
7.093741068876822453e+01,1.276297102949638074e+01
7.095741640468705214e+01,1.175445904652099216e+01
7.097742212060589395e+01,1.227534825452139344e+01
7.099742783652472156e+01,1.184562186200359335e+01
7.101743355244354916e+01,1.238262102880957549e+01
7.103743926836239098e+01,1.206531792217428745e+01
7.105744498428123279e+01,1.225650823318825111e+01
7.107745070020006040e+01,1.275055462893769587e+01
7.109745641611888800e+01,1.164946442429378592e+01
7.111746213203772982e+01,1.150677253886437867e+01
7.113746784795657163e+01,1.165609267322679088e+01
7.115747356387539924e+01,1.133365672766427679e+01
7.117747927979422684e+01,1.167693760888939991e+01
7.119748499571306866e+01,1.080173585992210761e+01
7.121749071163189626e+01,1.097633826608181451e+01
7.123749642755072387e+01,1.067727051374318492e+01
7.125750214346956568e+01,1.089215840367494081e+01
7.127750785938840750e+01,1.037491484667827990e+01
7.129751357530723510e+01,1.011561986052432260e+01
7.131751929122606271e+01,1.056407239919874996e+01
7.133752500714490452e+01,9.559918780167720342e+00
7.135753072306374634e+01,9.997335749246747838e+00
7.137753643898255973e+01,1.021490268007709545e+01
7.139754215490140155e+01,9.984589289815165358e+00
7.141754787082024336e+01,9.810914420234958300e+00
7.143755358673907097e+01,9.449240048742538534e+00
7.145755930265789857e+01,9.747631015161175583e+00
7.147756501857674039e+01,9.580156409962206965e+00
7.149757073449558220e+01,9.744295448125559034e+00
7.151757645041440981e+01,1.038590884254832680e+01
7.153758216633323741e+01,9.403719695954155355e+00
7.155758788225207923e+01,9.832992583747907744e+00
7.157759359817090683e+01,1.091750950617037219e+01
7.159759931408973443e+01,1.127238821894906806e+01
7.161760503000857625e+01,1.021570086264803834e+01
7.163761074592741807e+01,1.075853192876662767e+01
7.165761646184624567e+01,1.109780615479829535e+01
7.167762217776507327e+01,1.073594147621434125e+01
7.169762789368391509e+01,1.189730290955648684e+01
7.171763360960275691e+01,1.201743674313237165e+01
7.173763932552158451e+01,1.206365037244442995e+01
7.175764504144041211e+01,1.235953063316456202e+01
7.177765075735925393e+01,1.225644029713239291e+01
7.179765647327808153e+01,1.149363574890347550e+01
7.181766218919690914e+01,1.193248578025111151e+01
7.183766790511575095e+01,1.185912113091740849e+01
7.185767362103459277e+01,1.284819979099587428e+01
7.187767933695342037e+01,1.187362000750714053e+01
7.189768505287224798e+01,1.188774162888352137e+01
7.191769076879108979e+01,1.144940563819315749e+01
7.193769648470991740e+01,1.124497622029299748e+01
7.195770220062874500e+01,1.109245981581337759e+01
7.197770791654758682e+01,1.116062922687264702e+01
7.199771363246642863e+01,1.121521324748980319e+01
7.201771934838525624e+01,1.197778515759656948e+01
7.203772506430408384e+01,1.159413963485999588e+01
7.205773078022292566e+01,1.141013684291676711e+01
7.207773649614176747e+01,1.085238846737176566e+01
7.209774221206059508e+01,1.106178045782859343e+01
7.211774792797942268e+01,1.077597166687854724e+01
7.213775364389826450e+01,1.054202781270711142e+01
7.215775935981709210e+01,1.022743608680520921e+01
7.217776507573591971e+01,1.075745681171028068e+01
7.219777079165476152e+01,1.064704805258357823e+01
7.221777650757360334e+01,1.148937176355275369e+01
7.223778222349243094e+01,1.120572362860686155e+01
7.225778793941125855e+01,1.097468004629336136e+01
7.227779365533010036e+01,1.168296984520240400e+01
7.229779937124894218e+01,1.169656157261921336e+01
7.231780508716775557e+01,1.082355242899298631e+01
7.233781080308659739e+01,1.109755783784941130e+01
7.235781651900543920e+01,1.146976411941120766e+01
7.237782223492426681e+01,1.058621061382344308e+01
7.239782795084309441e+01,1.162674969166041983e+01
7.241783366676193623e+01,1.149357116009360169e+01
7.243783938268077804e+01,1.127238540335773109e+01
7.245784509859960565e+01,1.104387394127425992e+01
7.247785081451843325e+01,1.158786966367941318e+01
7.249785653043727507e+01,1.051190714802210380e+01
7.251786224635610267e+01,1.066522837050812100e+01
7.253786796227493028e+01,1.126135065457723172e+01
7.255787367819377209e+01,1.070022504030160526e+01
7.257787939411261391e+01,1.123096189116484922e+01
7.259788511003144151e+01,1.073646553139401050e+01
7.261789082595026912e+01,1.045450030731444002e+01
7.263789654186911093e+01,1.027021806187822150e+01
7.265790225778795275e+01,1.119633611272969276e+01
7.267790797370678035e+01,1.091863833602280209e+01
7.269791368962560796e+01,9.786546374583842578e+00
7.271791940554444977e+01,1.032291590607219511e+01
7.273792512146327738e+01,1.025738032403430822e+01
7.275793083738210498e+01,1.082312174857727527e+01
7.277793655330094680e+01,9.928860167549377280e+00
7.279794226921978861e+01,1.014468691769458175e+01
7.281794798513861622e+01,1.005020217462111631e+01
7.283795370105744382e+01,1.005434527322859317e+01
7.285795941697628564e+01,9.135620203697436992e+00
7.287796513289511324e+01,9.238631789128385563e+00
7.289797084881394085e+01,9.326684045071939266e+00
7.291797656473278266e+01,9.306732470876593055e+00
7.293798228065162448e+01,8.970777892353414273e+00
7.295798799657045208e+01,8.690236943067585429e+00
7.297799371248927969e+01,9.377943158152346470e+00
7.299799942840812150e+01,9.196295181708192601e+00
7.301800514432696332e+01,8.230108670259440373e+00
7.303801086024579092e+01,8.143986625920828004e+00
7.305801657616461853e+01,8.924112258943946330e+00
7.307802229208346034e+01,9.018240125274001429e+00
7.309802800800228795e+01,7.809569798992894718e+00
7.311803372392111555e+01,7.876406973781988619e+00
7.313803943983995737e+01,7.674879927570902538e+00
7.315804515575879918e+01,7.209405984752072172e+00
7.317805087167762679e+01,7.844867221819939118e+00
7.319805658759645439e+01,7.066374595679910442e+00
7.321806230351529621e+01,7.402046193769150406e+00
7.323806801943413802e+01,7.810284171469268344e+00
7.325807373535295142e+01,7.617295632191043886e+00
7.327807945127179323e+01,8.170023194148839707e+00
7.329808516719063505e+01,7.615922602560143417e+00
7.331809088310946265e+01,7.515314005507127249e+00
7.333809659902829026e+01,7.505605871614866587e+00
7.335810231494713207e+01,7.097517594446616229e+00
7.337810803086597389e+01,7.677347664301330532e+00
7.339811374678480149e+01,7.915576954652316921e+00
7.341811946270362910e+01,8.002506368020656069e+00
7.343812517862247091e+01,8.006446873864927483e+00
7.345813089454129852e+01,8.446040571837730937e+00
7.347813661046012612e+01,8.154791660886093752e+00
7.349814232637896794e+01,8.702781942753126998e+00
7.351814804229780975e+01,9.337043959565747286e+00
7.353815375821663736e+01,8.671935671511906918e+00
7.355815947413546496e+01,9.216692061788302581e+00
7.357816519005430678e+01,9.485402859841581602e+00
7.359817090597314859e+01,9.463512132259470633e+00
7.361817662189197620e+01,8.994047258200286166e+00
7.363818233781080380e+01,1.007158319159250226e+01
7.365818805372964562e+01,9.204642764439743274e+00
7.367819376964847322e+01,9.636175758469205377e+00
7.369819948556730083e+01,9.409381338335235156e+00
7.371820520148614264e+01,9.556443816040221861e+00
7.373821091740498446e+01,8.519826895965355362e+00
7.375821663332381206e+01,8.354307979998583988e+00
7.377822234924263967e+01,8.830737884612805288e+00
7.379822806516148148e+01,9.063041808604062055e+00
7.381823378108030909e+01,8.016238417741618605e+00
7.383823949699913669e+01,7.988171734220667730e+00
7.385824521291797851e+01,9.238902008021064205e+00
7.387825092883682032e+01,8.020796705383085978e+00
7.389825664475564793e+01,8.573847863450083651e+00
7.391826236067447553e+01,7.915798177071408759e+00
7.393826807659331735e+01,8.563334206374545232e+00
7.395827379251215916e+01,8.425516475659550863e+00
7.397827950843098677e+01,8.699623997347098125e+00
7.399828522434981437e+01,8.945012455342606472e+00
7.401829094026865619e+01,9.388905542190045139e+00
7.403829665618748379e+01,8.943657067022803275e+00
7.405830237210632561e+01,9.210563233200558031e+00
7.407830808802515321e+01,9.225090908497271869e+00
7.409831380394398082e+01,8.942252745388699964e+00
7.411831951986282263e+01,9.231155142572859518e+00
7.413832523578165024e+01,9.229694653558702555e+00
7.415833095170049205e+01,8.832338200879345180e+00
7.417833666761931966e+01,9.597813050144365477e+00
7.419834238353816147e+01,9.764252682979956077e+00
7.421834809945698908e+01,1.018107562673587374e+01
7.423835381537583089e+01,9.833709338316635851e+00
7.425835953129465850e+01,9.405010737534158949e+00
7.427836524721348610e+01,9.426084011487665393e+00
7.429837096313232792e+01,1.078953787842513989e+01
7.431837667905115552e+01,1.080562121113443652e+01
7.433838239496999734e+01,1.032670377805329487e+01
7.435838811088882494e+01,1.102993045627273005e+01
7.437839382680766676e+01,1.054104382217582625e+01
7.439839954272649436e+01,1.128164937130791756e+01
7.441840525864533618e+01,1.084595153751860863e+01
7.443841097456416378e+01,1.151109019766395569e+01
7.445841669048300560e+01,1.067442465665558871e+01
7.447842240640183320e+01,1.025224854627485982e+01
7.449842812232066080e+01,1.088421750965165202e+01
7.451843383823950262e+01,1.050404827984176315e+01
7.453843955415833022e+01,1.023641637728661991e+01
7.455844527007717204e+01,1.059188621450242351e+01
7.457845098599599964e+01,1.050644831473215390e+01
7.459845670191484146e+01,1.023407876715316966e+01
7.461846241783366906e+01,9.871995652467090210e+00
7.463846813375251088e+01,1.029469778040187400e+01
7.465847384967133848e+01,9.471643907728665823e+00
7.467847956559016609e+01,9.955215021520187335e+00
7.469848528150900790e+01,9.739953628515074513e+00
7.471849099742783551e+01,9.782545169066512614e+00
7.473849671334667732e+01,9.583375748449979525e+00
7.475850242926550493e+01,9.716294706939919479e+00
7.477850814518434674e+01,8.658866013689131336e+00
7.479851386110317435e+01,8.564771401295034892e+00
7.481851957702201616e+01,8.680316620007058503e+00
7.483852529294084377e+01,8.723941361796597960e+00
7.485853100885967137e+01,8.913160048470640362e+00
7.487853672477851319e+01,8.167185999145413433e+00
7.489854244069734079e+01,7.995370554200242452e+00
7.491854815661618261e+01,7.564954390004427154e+00
7.493855387253501021e+01,8.574697362856637639e+00
7.495855958845385203e+01,8.548520920181235994e+00
7.497856530437267963e+01,8.151173311119155329e+00
7.499857102029152145e+01,8.151545853087084126e+00
7.501857673621034905e+01,7.003393375624176187e+00
7.503858245212917666e+01,7.478923271158596009e+00
7.505858816804801847e+01,7.705803283643875901e+00
7.507859388396684608e+01,7.724584907799401989e+00
7.509859959988568789e+01,7.326391581367659001e+00
7.511860531580451550e+01,7.141053552210594901e+00
7.513861103172335731e+01,7.425900248834730988e+00
7.515861674764218492e+01,6.555386997920483516e+00
7.517862246356102673e+01,6.486645745878348635e+00
7.519862817947985434e+01,6.956152711082327578e+00
7.521863389539868194e+01,6.667219444837877873e+00
7.523863961131752376e+01,6.849714668403258599e+00
7.525864532723635136e+01,6.733885567978830977e+00
7.527865104315519318e+01,7.171477002352085961e+00
7.529865675907402078e+01,6.273021879749345331e+00
7.531866247499286260e+01,7.348427870314362842e+00
7.533866819091169020e+01,7.025021412984306934e+00
7.535867390683053202e+01,7.070801165547949907e+00
7.537867962274935962e+01,6.686195606330292307e+00
7.539868533866820144e+01,7.501802198352050866e+00
7.541869105458702904e+01,7.664849043327191858e+00
7.543869677050585665e+01,7.287281329279416298e+00
7.545870248642469846e+01,7.562121926865144950e+00
7.547870820234352607e+01,7.587663484348079024e+00
7.549871391826236788e+01,8.244335596470687477e+00
7.551871963418119549e+01,7.822457914365111620e+00
7.553872535010003730e+01,7.909290709718123757e+00
7.555873106601886491e+01,8.047439653357283618e+00
7.557873678193770672e+01,8.822168055235252382e+00
7.559874249785653433e+01,9.132263325352081296e+00
7.561874821377536193e+01,8.854098003921340165e+00
7.563875392969420375e+01,9.048868479764827555e+00
7.565875964561303135e+01,9.261059486398885099e+00
7.567876536153187317e+01,9.228384686585208385e+00
7.569877107745070077e+01,9.571149766236269230e+00
7.571877679336954259e+01,8.991837366238232931e+00
7.573878250928837019e+01,1.048790428192349289e+01
7.575878822520721201e+01,1.001827539565899450e+01
7.577879394112603961e+01,9.596673429249859666e+00
7.579879965704486722e+01,1.003878017448066728e+01
7.581880537296370903e+01,1.071820848398036041e+01
7.583881108888253664e+01,1.105574737824493425e+01
7.585881680480137845e+01,1.030553117376799221e+01
7.587882252072020606e+01,1.069073581280529694e+01
7.589882823663904787e+01,1.080133916581426234e+01
7.591883395255787548e+01,1.020914682363858894e+01
7.593883966847671729e+01,1.079266002538438229e+01
7.595884538439554490e+01,1.023948566883157518e+01
7.597885110031437250e+01,1.069963505678348525e+01
7.599885681623321432e+01,1.081749131287135768e+01
7.601886253215204192e+01,1.017963076298275382e+01
7.603886824807088374e+01,1.072633741164745658e+01
7.605887396398971134e+01,1.105650982507986413e+01
7.607887967990855316e+01,1.001918445774395749e+01
7.609888539582738076e+01,1.121524581965714162e+01
7.611889111174622258e+01,1.077619155223360892e+01
7.613889682766505018e+01,1.011364824516120464e+01
7.615890254358387779e+01,1.066363493231225590e+01
7.617890825950271960e+01,1.106878864445440769e+01
7.619891397542154721e+01,1.058742712180046652e+01
7.621891969134038902e+01,1.075646422255368861e+01
7.623892540725921663e+01,1.026686494009478956e+01
7.625893112317805844e+01,1.071727628003904087e+01
7.627893683909688605e+01,1.006146794820982393e+01
7.629894255501572786e+01,1.005928810577264088e+01
7.631894827093455547e+01,1.020101466804947599e+01
7.633895398685339728e+01,9.786975023864513901e+00
7.635895970277222489e+01,9.950451647305811775e+00
7.637896541869105249e+01,9.481578881918579782e+00
7.639897113460989431e+01,9.367677092998885513e+00
7.641897685052872191e+01,9.053575905798336265e+00
7.643898256644756373e+01,9.377405993476347845e+00
7.645898828236639133e+01,8.808138426650288011e+00
7.647899399828523315e+01,9.207949747619762704e+00
7.649899971420406075e+01,8.958288086000546713e+00
7.651900543012290257e+01,9.342135584832451656e+00
7.653901114604173017e+01,8.620934674409843623e+00
7.655901686196055778e+01,9.194245150500872654e+00
7.657902257787939959e+01,8.027777130178893827e+00
7.659902829379822720e+01,8.364071076966576257e+00
7.661903400971706901e+01,8.244075413225090188e+00
7.663903972563589662e+01,7.355958595000017475e+00
7.665904544155473843e+01,8.775174984567303937e+00
7.667905115747356604e+01,7.481144514806167045e+00
7.669905687339240785e+01,7.851503565210361302e+00
7.671906258931123546e+01,8.133184023468260193e+00
7.673906830523006306e+01,7.635244891376089527e+00
7.675907402114890488e+01,7.700597240983048763e+00
7.677907973706773248e+01,7.982899197754861120e+00
7.679908545298657430e+01,7.714075193703738620e+00
7.681909116890540190e+01,7.276903275959810458e+00
7.683909688482424372e+01,7.416144190573726647e+00
7.685910260074307132e+01,7.954049280130831789e+00
7.687910831666191314e+01,7.244551160985660765e+00
7.689911403258074074e+01,7.614522764902908136e+00
7.691911974849956835e+01,6.856353149777806522e+00
7.693912546441841016e+01,6.839083221060485052e+00
7.695913118033723777e+01,7.059820495365814352e+00
7.697913689625607958e+01,7.106292207520784387e+00
7.699914261217490719e+01,7.893238104443957681e+00
7.701914832809374900e+01,7.191913925555516229e+00
7.703915404401257661e+01,6.982440269011217282e+00
7.705915975993141842e+01,7.118878290378164664e+00
7.707916547585024603e+01,8.046811707471835717e+00
7.709917119176907363e+01,8.296761369810692344e+00
7.711917690768791545e+01,8.483006895064285402e+00
7.713918262360674305e+01,7.896177904332450481e+00
7.715918833952558487e+01,8.038630501114960580e+00
7.717919405544441247e+01,7.480296071663093294e+00
7.719919977136325429e+01,8.085098470347780619e+00
7.721920548728208189e+01,8.894661227085514099e+00
7.723921120320092371e+01,8.102295389344662979e+00
7.725921691911975131e+01,7.583120888110931546e+00
7.727922263503859313e+01,8.772156983596909541e+00
7.729922835095742073e+01,8.530640059112858609e+00
7.731923406687624833e+01,8.547199775891193951e+00
7.733923978279509015e+01,8.682310852832497261e+00
7.735924549871391775e+01,8.487318047160686163e+00
7.737925121463275957e+01,9.324471429458847993e+00
7.739925693055158717e+01,9.739780506710816965e+00
7.741926264647042899e+01,9.950999274093511815e+00
7.743926836238925659e+01,1.007220850263577461e+01
7.745927407830809841e+01,9.120488591339402262e+00
7.747927979422692601e+01,9.478173036519036643e+00
7.749928551014575362e+01,1.035915457878108370e+01
7.751929122606459543e+01,1.017864636828949543e+01
7.753929694198342304e+01,1.099310904914019105e+01
7.755930265790226485e+01,1.010559829020108324e+01
7.757930837382109246e+01,1.065173165493291307e+01
7.759931408973993427e+01,1.058457370369056605e+01
7.761931980565876188e+01,1.014707079361417996e+01
7.763932552157760369e+01,1.094908213974754574e+01
7.765933123749643130e+01,1.092309270645173314e+01
7.767933695341525890e+01,1.100047630611185845e+01
7.769934266933410072e+01,1.059666908506490657e+01
7.771934838525292832e+01,1.137692005093770220e+01
7.773935410117177014e+01,1.020200609019666160e+01
7.775935981709059774e+01,1.077292579827337704e+01
7.777936553300943956e+01,1.087857550687874308e+01
7.779937124892826716e+01,1.068384816545873761e+01
7.781937696484710898e+01,1.082522866769112113e+01
7.783938268076593658e+01,1.060481389151316023e+01
7.785938839668476419e+01,1.047523844885156308e+01
7.787939411260360600e+01,1.044158069711065195e+01
7.789939982852243361e+01,9.436675312955756567e+00
7.791940554444127542e+01,9.296976808752749122e+00
7.793941126036010303e+01,9.884571299332197469e+00
7.795941697627894484e+01,9.255168596548415394e+00
7.797942269219777245e+01,8.990914602345366546e+00
7.799942840811661426e+01,8.977310751146422518e+00
7.801943412403544187e+01,9.004542002425655056e+00
7.803943983995426947e+01,8.218717082514084282e+00
7.805944555587311129e+01,8.379512807879894609e+00
7.807945127179193889e+01,8.775019098259042138e+00
7.809945698771078071e+01,8.456088606985519007e+00
7.811946270362960831e+01,8.570544465588564975e+00
7.813946841954845013e+01,8.616113563024850208e+00
7.815947413546727773e+01,8.617915965508945675e+00
7.817947985138611955e+01,7.798648197901028922e+00
7.819948556730494715e+01,8.332860211421811769e+00
7.821949128322378897e+01,8.282450830985272461e+00
7.823949699914261657e+01,7.481055600361566249e+00
7.825950271506144418e+01,8.150987485497912743e+00
7.827950843098028599e+01,7.661562513587822920e+00
7.829951414689911360e+01,7.580408551445966481e+00
7.831951986281795541e+01,7.020516176247252105e+00
7.833952557873678302e+01,7.351375485647390740e+00
7.835953129465562483e+01,7.527067319861492578e+00
7.837953701057445244e+01,7.130224957284742260e+00
7.839954272649329425e+01,7.407436171430274996e+00
7.841954844241212186e+01,8.349746052626379367e+00
7.843955415833094946e+01,7.479654306521259954e+00
7.845955987424979128e+01,7.996317671062037391e+00
7.847956559016861888e+01,7.614897873785926308e+00
7.849957130608746070e+01,7.783720985900402844e+00
7.851957702200628830e+01,8.183440511683464536e+00
7.853958273792513012e+01,7.374310389346415917e+00
7.855958845384395772e+01,8.040662316933831377e+00
7.857959416976279954e+01,7.726304430964574976e+00
7.859959988568162714e+01,7.098835756194054269e+00
7.861960560160045475e+01,6.679198012845178667e+00
7.863961131751929656e+01,6.609415520527082144e+00
7.865961703343812417e+01,6.541756317846552982e+00
7.867962274935696598e+01,6.506278027602792946e+00
7.869962846527579359e+01,7.044169015022506031e+00
7.871963418119463540e+01,7.352954648525859227e+00
7.873963989711346301e+01,6.902500477945064716e+00
7.875964561303230482e+01,7.469876583633412892e+00
7.877965132895113243e+01,7.141710688255991535e+00
7.879965704486996003e+01,7.494424038104154029e+00
7.881966276078880185e+01,6.367416515448091729e+00
7.883966847670762945e+01,7.457490704238804113e+00
7.885967419262647127e+01,6.558296977820468499e+00
7.887967990854529887e+01,6.413259607030092013e+00
7.889968562446414069e+01,6.305963713051315089e+00
7.891969134038296829e+01,6.652777808401122428e+00
7.893969705630181011e+01,6.390837721563454643e+00
7.895970277222063771e+01,6.163916244313691450e+00
7.897970848813946532e+01,6.995725406413146885e+00
7.899971420405830713e+01,6.070664522508451455e+00
7.901971991997713474e+01,6.948219918099585612e+00
7.903972563589597655e+01,6.429545817297192656e+00
7.905973135181480416e+01,6.299954715511185910e+00
7.907973706773364597e+01,6.670994435858126792e+00
7.909974278365247358e+01,6.784111786882831119e+00
7.911974849957131539e+01,6.306876054274174415e+00
7.913975421549014300e+01,7.064975192636671508e+00
7.915975993140898481e+01,6.860493824220357695e+00
7.917976564732781242e+01,6.526991780705327706e+00
7.919977136324664002e+01,6.456549993806728338e+00
7.921977707916548184e+01,6.650423458996424841e+00
7.923978279508430944e+01,6.534828493773525260e+00
7.925978851100315126e+01,6.950317024243582331e+00
7.927979422692197886e+01,6.230766619473078194e+00
7.929979994284082068e+01,6.701088407794390633e+00
7.931980565875964828e+01,6.909197453806448230e+00
7.933981137467849010e+01,6.769836355411842810e+00
7.935981709059731770e+01,6.934012246225449871e+00
7.937982280651614531e+01,7.011407093520128697e+00
7.939982852243498712e+01,7.763919118555977938e+00
7.941983423835381473e+01,7.602227453424172054e+00
7.943983995427265654e+01,7.394736004228021464e+00
7.945984567019148415e+01,7.181851457016156459e+00
7.947985138611032596e+01,6.823048002956532798e+00
7.949985710202915357e+01,7.661839569582094001e+00
7.951986281794799538e+01,7.201383426399955212e+00
7.953986853386682299e+01,7.215288850009301314e+00
7.955987424978565059e+01,7.354105649889326024e+00
7.957987996570449241e+01,7.434560927608057312e+00
7.959988568162332001e+01,8.277892850245837764e+00
7.961989139754216183e+01,7.932212150230615322e+00
7.963989711346098943e+01,8.600889150602299082e+00
7.965990282937983125e+01,8.128565822260535256e+00
7.967990854529865885e+01,8.706247564536539585e+00
7.969991426121750067e+01,8.707465802277399192e+00
7.971991997713632827e+01,8.054883773671360103e+00
7.973992569305515588e+01,8.607289284649192851e+00
7.975993140897399769e+01,8.679236361822226797e+00
7.977993712489282530e+01,9.337232724067918710e+00
7.979994284081166711e+01,9.992848592032848032e+00
7.981994855673049472e+01,9.092375860397812204e+00
7.983995427264933653e+01,9.776083671463620561e+00
7.985995998856816414e+01,9.566796110749738347e+00
7.987996570448700595e+01,9.767096541385473785e+00
7.989997142040583356e+01,9.555921493890648932e+00
7.991997713632466116e+01,8.655511078828689975e+00
7.993998285224350298e+01,8.917278746831019731e+00
7.995998856816233058e+01,8.600038890870887798e+00
7.997999428408117240e+01,9.443125135829367522e+00
8.000000000000000000e+01,8.098675500002046945e+00
