angle,intensity
1.000000000000000000e+01,5.544915904772144799e+00
1.002000571591883471e+01,6.508496676474502252e+00
1.004001143183766764e+01,5.953581956135007403e+00
1.006001714775650235e+01,5.808836558876379286e+00
1.008002286367533529e+01,6.397166823929791413e+00
1.010002857959417000e+01,5.446571348388529188e+00
1.012003429551300293e+01,6.098144511720877681e+00
1.014004001143183764e+01,5.839366600386629358e+00
1.016004572735067235e+01,6.004522919899054401e+00
1.018005144326950528e+01,6.217228376758621167e+00
1.020005715918833999e+01,5.928289255805779590e+00
1.022006287510717293e+01,5.611968701617667143e+00
1.024006859102600764e+01,5.398949422424755618e+00
1.026007430694484057e+01,5.825840828145667061e+00
1.028008002286367528e+01,5.005932992191308273e+00
1.030008573878250999e+01,6.119642484346504929e+00
1.032009145470134293e+01,6.648587321145371654e+00
1.034009717062017764e+01,5.528202845867042470e+00
1.036010288653901057e+01,6.621700387848283853e+00
1.038010860245784528e+01,6.637442745391410881e+00
1.040011431837667999e+01,5.597060915466222752e+00
1.042012003429551292e+01,6.112710617455844542e+00
1.044012575021434763e+01,5.528733668743743834e+00
1.046013146613318057e+01,6.049544696793404341e+00
1.048013718205201528e+01,5.442992408883351452e+00
1.050014289797084821e+01,5.854460618142290684e+00
1.052014861388968292e+01,6.441123037895506442e+00
1.054015432980851585e+01,5.760905093523176035e+00
1.056016004572735056e+01,5.564371513930073121e+00
1.058016576164618527e+01,5.623357994350297595e+00
1.060017147756501821e+01,6.251080332377711102e+00
1.062017719348385292e+01,5.822956166083709917e+00
1.064018290940268585e+01,5.673344610753210837e+00
1.066018862532152056e+01,5.781821799356546165e+00
1.068019434124035527e+01,6.016410971814696751e+00
1.070020005715918820e+01,5.347172770430704603e+00
1.072020577307802292e+01,5.831310200409083322e+00
1.074021148899685585e+01,6.269118236152861456e+00
1.076021720491569056e+01,6.449662864067244428e+00
1.078022292083452349e+01,5.915213851049186289e+00
1.080022863675335820e+01,5.935801759765682917e+00
1.082023435267219291e+01,6.212255874926808197e+00
1.084024006859102585e+01,5.495347590881597633e+00
1.086024578450986056e+01,6.289047431885911976e+00
1.088025150042869349e+01,5.608018191989078360e+00
1.090025721634752820e+01,5.583916540828556485e+00
1.092026293226636113e+01,5.978335119060901093e+00
1.094026864818519584e+01,6.092428399671712569e+00
1.096027436410403055e+01,5.387944951005776417e+00
1.098028008002286349e+01,5.878290565887667185e+00
1.100028579594169820e+01,5.927876783571640829e+00
1.102029151186053113e+01,5.967720986424430052e+00
1.104029722777936584e+01,6.380510700802047630e+00
1.106030294369819877e+01,5.905303686320651835e+00
1.108030865961703348e+01,5.871258032458351650e+00
1.110031437553586819e+01,5.079725696594802109e+00
1.112032009145470113e+01,5.575978364943991572e+00
1.114032580737353584e+01,6.111257050146489789e+00
1.116033152329236877e+01,4.998114456380919890e+00
1.118033723921120348e+01,5.763677018016148956e+00
1.120034295513003642e+01,5.360240849005093011e+00
1.122034867104887113e+01,5.981518381014565122e+00
1.124035438696770584e+01,5.833377310819681583e+00
1.126036010288653877e+01,5.341026288100053421e+00
1.128036581880537348e+01,5.819375263430421441e+00
1.130037153472420641e+01,6.117747849967846818e+00
1.132037725064304112e+01,5.377610510575982161e+00
1.134038296656187583e+01,5.088428129974958303e+00
1.136038868248070877e+01,6.608214510234689421e+00
1.138039439839954348e+01,5.154961331155989868e+00
1.140040011431837641e+01,5.754300061063435834e+00
1.142040583023721112e+01,5.588025687379958306e+00
1.144041154615604405e+01,5.146475191640989877e+00
1.146041726207487876e+01,6.176951543597763106e+00
1.148042297799371170e+01,6.650893434881361088e+00
1.150042869391254641e+01,5.028062131052360328e+00
1.152043440983138112e+01,6.379609403682565905e+00
1.154044012575021405e+01,6.270275571503638012e+00
1.156044584166904876e+01,6.225955580644416010e+00
1.158045155758788169e+01,6.574567349187062426e+00
1.160045727350671640e+01,6.333104509143142380e+00
1.162046298942555111e+01,6.056302852912152979e+00
1.164046870534438405e+01,6.069124358273185749e+00
1.166047442126321876e+01,5.762616604154599642e+00
1.168048013718205169e+01,5.624975211306956879e+00
1.170048585310088640e+01,6.384116734087324829e+00
1.172049156901971934e+01,5.682656874251550860e+00
1.174049728493855405e+01,6.263193669062688151e+00
1.176050300085738698e+01,5.769315986170747479e+00
1.178050871677622169e+01,5.737027452268947947e+00
1.180051443269505640e+01,5.602114284300558467e+00
1.182052014861388933e+01,5.725830493652896536e+00
1.184052586453272404e+01,5.589219360697689432e+00
1.186053158045155698e+01,5.657975175831978731e+00
1.188053729637039169e+01,5.641900463878496197e+00
1.190054301228922640e+01,5.290654184403104310e+00
1.192054872820805933e+01,6.050968227678680478e+00
1.194055444412689404e+01,5.993554990666455140e+00
1.196056016004572697e+01,5.822249039635711831e+00
1.198056587596456168e+01,6.417226500238610853e+00
1.200057159188339639e+01,6.816941724693206694e+00
1.202057730780222933e+01,6.275371751349628546e+00
1.204058302372106226e+01,6.345093512536786662e+00
1.206058873963989697e+01,5.321183439871331800e+00
1.208059445555873168e+01,5.817744458113415007e+00
1.210060017147756461e+01,5.596613381578502633e+00
1.212060588739639932e+01,6.080900221111484427e+00
1.214061160331523226e+01,6.573069099292327522e+00
1.216061731923406697e+01,6.003116805619227669e+00
1.218062303515290168e+01,5.916381038509116230e+00
1.220062875107173461e+01,5.788804013654873515e+00
1.222063446699056932e+01,6.290714938882564056e+00
1.224064018290940226e+01,6.156962308895365332e+00
1.226064589882823697e+01,5.847058973532217152e+00
1.228065161474707168e+01,5.882412944700112334e+00
1.230065733066590461e+01,6.441370870965383411e+00
1.232066304658473754e+01,6.010063813143426970e+00
1.234066876250357225e+01,6.656007395080797195e+00
1.236067447842240696e+01,6.591524988026252529e+00
1.238068019434123990e+01,6.030714462536359122e+00
1.240068591026007461e+01,6.105835677336184375e+00
1.242069162617890754e+01,6.119866867410452826e+00
1.244069734209774225e+01,6.527191297393642344e+00
1.246070305801657696e+01,5.999743867712382439e+00
1.248070877393540989e+01,5.992304943031140141e+00
1.250071448985424460e+01,5.182835281969977004e+00
1.252072020577307754e+01,5.693677161009556897e+00
1.254072592169191225e+01,6.089898116217726809e+00
1.256073163761074696e+01,5.601574974489519576e+00
1.258073735352957989e+01,5.816599093293374878e+00
1.260074306944841460e+01,5.982477490331721270e+00
1.262074878536724754e+01,6.544579164276962402e+00
1.264075450128608225e+01,6.511336620754589077e+00
1.266076021720491518e+01,5.727151884362228884e+00
1.268076593312374989e+01,5.943707542119477161e+00
1.270077164904258282e+01,6.379105131962155895e+00
1.272077736496141753e+01,5.123858809675986947e+00
1.274078308088025224e+01,5.281853160866809560e+00
1.276078879679908518e+01,6.211230947916595468e+00
1.278079451271791989e+01,5.722714213357969371e+00
1.280080022863675282e+01,5.700528554472032994e+00
1.282080594455558753e+01,5.201877675040920579e+00
1.284081166047442224e+01,6.525362964411701938e+00
1.286081737639325517e+01,4.834526354033966911e+00
1.288082309231208988e+01,5.725636578049827285e+00
1.290082880823092282e+01,5.051838721721416903e+00
1.292083452414975753e+01,5.735604741110130966e+00
1.294084024006859224e+01,5.552146238000443823e+00
1.296084595598742517e+01,4.815336950277608885e+00
1.298085167190625810e+01,5.416832011578975425e+00
1.300085738782509281e+01,5.540318781693466477e+00
1.302086310374392752e+01,5.170643683947528046e+00
1.304086881966276046e+01,5.271378446548639296e+00
1.306087453558159517e+01,5.107374506088710575e+00
1.308088025150042810e+01,5.915701834105123069e+00
1.310088596741926281e+01,5.637278707332034955e+00
1.312089168333809752e+01,4.983543335675329367e+00
1.314089739925693046e+01,5.338774335015830985e+00
1.316090311517576517e+01,5.228634595374240135e+00
1.318090883109459810e+01,5.609389911141654750e+00
1.320091454701343281e+01,5.930715134959313239e+00
1.322092026293226752e+01,5.193430928705475402e+00
1.324092597885110045e+01,4.984807272267868683e+00
1.326093169476993339e+01,4.797307019411888973e+00
1.328093741068876810e+01,4.869903073877552835e+00
1.330094312660760281e+01,4.866355820155679801e+00
1.332094884252643574e+01,5.018462147210798641e+00
1.334095455844527045e+01,5.062757058017295364e+00
1.336096027436410338e+01,4.568583556754908237e+00
1.338096599028293809e+01,4.976339905121310636e+00
1.340097170620177280e+01,4.575645022030935039e+00
1.342097742212060574e+01,4.684735804069763532e+00
1.344098313803944045e+01,5.023669253730463247e+00
1.346098885395827338e+01,4.079973056658835695e+00
1.348099456987710809e+01,4.539107314013908656e+00
1.350100028579594280e+01,4.077247074462779786e+00
1.352100600171477573e+01,4.638186236916199690e+00
1.354101171763361044e+01,4.383321123282788889e+00
1.356101743355244338e+01,4.723254237536983702e+00
1.358102314947127809e+01,4.683484565275827904e+00
1.360102886539011102e+01,5.017244523489162056e+00
1.362103458130894573e+01,5.162602521773678177e+00
1.364104029722777867e+01,5.726286883859245336e+00
1.366104601314661338e+01,4.757214722756381242e+00
1.368105172906544809e+01,4.347629507035168928e+00
1.370105744498428102e+01,4.808920070923948131e+00
1.372106316090311573e+01,4.941147265272677558e+00
1.374106887682194866e+01,4.321959213853718396e+00
1.376107459274078337e+01,5.294613678845125904e+00
1.378108030865961808e+01,5.489388176974481226e+00
1.380108602457845102e+01,5.610157435457686859e+00
1.382109174049728573e+01,4.478609279699192314e+00
1.384109745641611866e+01,4.941606187425095165e+00
1.386110317233495337e+01,4.459645821416605926e+00
1.388110888825378808e+01,4.280892939156375476e+00
1.390111460417262101e+01,4.477489276478790359e+00
1.392112032009145395e+01,5.567459193025158903e+00
1.394112603601028866e+01,4.754550655755462429e+00
1.396113175192912337e+01,5.149123683675972174e+00
1.398113746784795630e+01,4.777147379621084156e+00
1.400114318376679101e+01,4.472262345252134175e+00
1.402114889968562395e+01,5.402427321854968767e+00
1.404115461560445866e+01,5.112971494232407821e+00
1.406116033152329337e+01,5.073066496131701797e+00
1.408116604744212630e+01,5.712197425164401210e+00
1.410117176336095923e+01,5.208685582997729213e+00
1.412117747927979394e+01,4.021845452446361158e+00
1.414118319519862865e+01,4.610782021496390826e+00
1.416118891111746336e+01,4.314874144312883075e+00
1.418119462703629630e+01,4.135976793400544693e+00
1.420120034295512923e+01,4.744085184936143840e+00
1.422120605887396394e+01,5.254717918971200774e+00
1.424121177479279865e+01,5.234422314060702242e+00
1.426121749071163336e+01,5.061161079205414026e+00
1.428122320663046629e+01,3.964329139263635504e+00
1.430122892254929923e+01,4.641436246417232070e+00
1.432123463846813394e+01,5.290790263681218519e+00
1.434124035438696865e+01,4.817869286735719569e+00
1.436124607030580158e+01,4.889549900384185577e+00
1.438125178622463629e+01,5.167398807340065403e+00
1.440125750214346922e+01,5.002246689354601372e+00
1.442126321806230393e+01,4.141749493750787714e+00
1.444126893398113864e+01,4.253075885616071972e+00
1.446127464989997158e+01,5.199660699716731393e+00
1.448128036581880451e+01,4.694462405123760007e+00
1.450128608173763922e+01,4.754534889989317392e+00
1.452129179765647393e+01,4.526689586675223254e+00
1.454129751357530864e+01,4.455507007420842491e+00
1.456130322949414158e+01,5.427278190916854150e+00
1.458130894541297451e+01,4.283182679185576269e+00
1.460131466133180922e+01,4.640367640834513807e+00
1.462132037725064393e+01,4.935935791843641951e+00
1.464132609316947686e+01,4.354149854780446915e+00
1.466133180908831157e+01,4.344214074829866767e+00
1.468133752500714451e+01,5.084065748312103672e+00
1.470134324092597922e+01,5.207134309094971769e+00
1.472134895684481393e+01,4.612483085169969854e+00
1.474135467276364686e+01,5.176676411922889187e+00
1.476136038868247979e+01,4.373772502152266206e+00
1.478136610460131450e+01,5.073488615846375005e+00
1.480137182052014921e+01,4.443740582782770510e+00
1.482137753643898392e+01,4.742090550025295670e+00
1.484138325235781686e+01,4.572062069752023561e+00
1.486138896827664979e+01,4.289361220440049749e+00
1.488139468419548450e+01,4.372532810476659648e+00
1.490140040011431921e+01,4.744311400468703255e+00
1.492140611603315392e+01,4.419879107004403451e+00
1.494141183195198685e+01,4.425544244267085148e+00
1.496141754787081979e+01,4.911612381162484553e+00
1.498142326378965450e+01,4.985792834675541130e+00
1.500142897970848921e+01,5.539502222841784729e+00
1.502143469562732214e+01,4.999573439988286516e+00
1.504144041154615508e+01,4.431826010585350417e+00
1.506144612746498979e+01,4.450151626736795762e+00
1.508145184338382450e+01,4.135255810453882575e+00
1.510145755930265921e+01,4.679033841526003101e+00
1.512146327522149214e+01,4.801295539989425265e+00
1.514146899114032507e+01,4.483655879664444122e+00
1.516147470705915978e+01,4.799810887109334345e+00
1.518148042297799449e+01,5.387321350124953057e+00
1.520148613889682920e+01,5.067655220495583812e+00
1.522149185481566214e+01,5.382775003196469399e+00
1.524149757073449507e+01,5.379961569912609320e+00
1.526150328665332978e+01,5.278566006518778053e+00
1.528150900257216449e+01,4.923548588560944239e+00
1.530151471849099742e+01,5.168252111124455261e+00
1.532152043440983036e+01,5.965982938832867788e+00
1.534152615032866507e+01,5.268239301080621217e+00
1.536153186624749978e+01,5.143243084387821185e+00
1.538153758216633449e+01,5.181164583384363809e+00
1.540154329808516742e+01,5.256318091701338346e+00
1.542154901400400036e+01,5.755623115384335797e+00
1.544155472992283507e+01,5.248875678683310397e+00
1.546156044584166978e+01,5.272044405618945717e+00
1.548156616176050449e+01,4.227697306935000121e+00
1.550157187767933742e+01,4.522955111964089170e+00
1.552157759359817035e+01,5.126276046893988081e+00
1.554158330951700506e+01,5.230819337918223511e+00
1.556158902543583977e+01,4.815806678579621192e+00
1.558159474135467271e+01,5.482304014539073123e+00
1.560160045727350742e+01,5.294948383328501151e+00
1.562160617319234035e+01,5.477420168414130153e+00
1.564161188911117506e+01,5.266779328414033401e+00
1.566161760503000977e+01,4.717641656548337892e+00
1.568162332094884270e+01,5.212457679815257983e+00
1.570162903686767564e+01,5.922154269063556242e+00
1.572163475278651035e+01,5.625012260213202886e+00
1.574164046870534506e+01,4.990078153175383058e+00
1.576164618462417977e+01,4.923059478658444732e+00
1.578165190054301270e+01,5.141233261635007601e+00
1.580165761646184563e+01,4.818474264757893977e+00
1.582166333238068034e+01,4.665202049621328229e+00
1.584166904829951505e+01,5.099334444925440302e+00
1.586167476421834799e+01,5.151997425684500698e+00
1.588168048013718270e+01,5.524627614279419063e+00
1.590168619605601563e+01,4.927933853139791154e+00
1.592169191197485034e+01,4.934739886821876809e+00
1.594169762789368505e+01,5.259448242957287079e+00
1.596170334381251799e+01,5.677514235731823788e+00
1.598170905973135092e+01,5.903975136500765331e+00
1.600171477565018563e+01,5.241578074408060672e+00
1.602172049156902034e+01,4.690727606478912293e+00
1.604172620748785505e+01,5.118251125914489386e+00
1.606173192340668976e+01,4.575456125448535971e+00
1.608173763932552092e+01,5.331882500173675155e+00
1.610174335524435563e+01,5.822468806961426324e+00
1.612174907116319034e+01,5.496997155276681646e+00
1.614175478708202505e+01,5.663499674606107703e+00
1.616176050300085620e+01,5.607764409670887851e+00
1.618176621891969091e+01,5.283472065600641088e+00
1.620177193483852562e+01,5.526234869854800280e+00
1.622177765075736033e+01,5.942262877545809729e+00
1.624178336667619504e+01,5.801297909303390732e+00
1.626178908259502620e+01,5.293201968830992143e+00
1.628179479851386091e+01,5.705443236853304789e+00
1.630180051443269562e+01,5.620059995506798245e+00
1.632180623035153033e+01,5.445052419094789542e+00
1.634181194627036149e+01,5.587627920091319034e+00
1.636181766218919620e+01,6.492624797281983717e+00
1.638182337810803091e+01,6.245231875343802308e+00
1.640182909402686562e+01,6.088480458051153121e+00
1.642183480994570033e+01,5.114947936119515148e+00
1.644184052586453504e+01,5.715238729529130701e+00
1.646184624178336620e+01,5.826421387135917840e+00
1.648185195770220091e+01,5.733962515794690518e+00
1.650185767362103562e+01,6.042416664670382076e+00
1.652186338953986677e+01,6.034600055117557815e+00
1.654186910545870148e+01,6.104414523771930945e+00
1.656187482137753619e+01,6.143000309115742574e+00
1.658188053729637090e+01,6.002305002770974340e+00
1.660188625321520561e+01,7.062327009536938149e+00
1.662189196913404032e+01,6.403339934638586861e+00
1.664189768505287148e+01,6.721030805127911734e+00
1.666190340097170619e+01,6.291403356508975975e+00
1.668190911689054090e+01,6.225157337558246518e+00
1.670191483280937561e+01,6.126905583545135592e+00
1.672192054872820677e+01,6.191672625894415027e+00
1.674192626464704148e+01,5.931016938343465661e+00
1.676193198056587619e+01,5.367036898702354897e+00
1.678193769648471090e+01,6.267956326247529297e+00
1.680194341240354561e+01,6.268826313930878413e+00
1.682194912832238032e+01,6.403639560547411236e+00
1.684195484424121148e+01,6.095892013982316726e+00
1.686196056016004619e+01,6.828598115022797899e+00
1.688196627607888090e+01,6.144695862208622295e+00
1.690197199199771205e+01,6.186740296439616316e+00
1.692197770791654676e+01,5.976731211465816429e+00
1.694198342383538147e+01,6.423855187729943239e+00
1.696198913975421618e+01,6.299827841125654082e+00
1.698199485567305089e+01,6.889886203814715948e+00
1.700200057159188560e+01,5.836187308136681295e+00
1.702200628751071676e+01,5.818938470410492059e+00
1.704201200342955147e+01,6.416928763451668516e+00
1.706201771934838618e+01,6.617614362457457489e+00
1.708202343526722089e+01,6.398895885237822156e+00
1.710202915118605205e+01,5.876286898663272140e+00
1.712203486710488676e+01,6.027540476152565496e+00
1.714204058302372147e+01,7.177335093282676048e+00
1.716204629894255618e+01,6.497878235715871753e+00
1.718205201486139089e+01,6.874546898394282124e+00
1.720205773078022204e+01,7.706232339795887398e+00
1.722206344669905675e+01,7.213621116427754387e+00
1.724206916261789146e+01,7.493837808612896723e+00
1.726207487853672617e+01,6.915720402320581606e+00
1.728208059445555733e+01,7.239783552642098385e+00
1.730208631037439204e+01,7.295976307251232029e+00
1.732209202629322675e+01,8.121622095561139787e+00
1.734209774221206146e+01,7.825501579852925715e+00
1.736210345813089617e+01,8.234162259755212432e+00
1.738210917404973088e+01,7.267374200134639750e+00
1.740211488996856204e+01,7.964386575710965310e+00
1.742212060588739675e+01,8.075292652955166517e+00
1.744212632180623146e+01,8.463383914168515432e+00
1.746213203772506262e+01,8.341038163029073971e+00
1.748213775364389733e+01,8.789624516383961250e+00
1.750214346956273204e+01,9.117851896020388480e+00
1.752214918548156675e+01,9.005493737749604932e+00
1.754215490140040146e+01,8.743816480288318260e+00
1.756216061731923617e+01,8.978583137151826321e+00
1.758216633323806732e+01,9.351957995347460084e+00
1.760217204915690203e+01,1.046059570068146627e+01
1.762217776507573674e+01,9.489539911955464646e+00
1.764218348099457145e+01,1.029731297953731506e+01
1.766218919691340261e+01,1.118612818327227032e+01
1.768219491283223732e+01,1.034269495724688248e+01
1.770220062875107203e+01,1.102402904809556006e+01
1.772220634466990674e+01,1.121661858805462408e+01
1.774221206058874145e+01,1.198593961869156033e+01
1.776221777650757616e+01,1.179778635819561927e+01
1.778222349242640732e+01,1.249110529954393201e+01
1.780222920834524203e+01,1.230747469420900408e+01
1.782223492426407674e+01,1.299073623486910378e+01
1.784224064018290790e+01,1.278118593840938821e+01
1.786224635610174261e+01,1.305112721337267701e+01
1.788225207202057732e+01,1.364816697297782788e+01
1.790225778793941203e+01,1.387203224445580041e+01
1.792226350385824674e+01,1.404722070510048759e+01
1.794226921977708145e+01,1.387783131923302449e+01
1.796227493569591260e+01,1.453404912225765777e+01
1.798228065161474731e+01,1.517470579737298131e+01
1.800228636753358202e+01,1.545314295355467671e+01
1.802229208345241318e+01,1.497176553116066344e+01
1.804229779937124789e+01,1.512763806038594616e+01
1.806230351529008260e+01,1.648272954267791590e+01
1.808230923120891731e+01,1.589283437904125407e+01
1.810231494712775202e+01,1.607660597624633425e+01
1.812232066304658673e+01,1.704721189391894498e+01
1.814232637896542144e+01,1.666594779419595795e+01
1.816233209488425260e+01,1.718773870439332896e+01
1.818233781080308731e+01,1.693726918366091994e+01
1.820234352672191847e+01,1.737153553469419265e+01
1.822234924264075318e+01,1.777716885272557334e+01
1.824235495855958789e+01,1.727489984393733380e+01
1.826236067447842260e+01,1.843132834345231785e+01
1.828236639039725731e+01,1.789704494921376465e+01
1.830237210631609202e+01,1.829078401859812431e+01
1.832237782223492673e+01,1.726648973305559664e+01
1.834238353815375788e+01,1.713019032969745581e+01
1.836238925407259259e+01,1.629834382965105988e+01
1.838239496999142730e+01,1.601718172138816243e+01
1.840240068591025846e+01,1.590406712398948130e+01
1.842240640182909317e+01,1.565841023734956750e+01
1.844241211774792788e+01,1.544649010324747174e+01
1.846241783366676259e+01,1.470669995550264986e+01
1.848242354958559730e+01,1.466835332427084460e+01
1.850242926550443201e+01,1.418447566048538988e+01
1.852243498142326672e+01,1.269296191095384074e+01
1.854244069734209788e+01,1.161091199933042262e+01
1.856244641326093259e+01,1.182578960396618939e+01
1.858245212917976374e+01,1.141519898426258806e+01
1.860245784509859845e+01,1.071030237616917091e+01
1.862246356101743316e+01,1.024842172618618896e+01
1.864246927693626787e+01,9.802529256639358479e+00
1.866247499285510258e+01,8.817840252928784039e+00
1.868248070877393729e+01,8.466785163646312284e+00
1.870248642469277200e+01,8.103765815543953366e+00
1.872249214061160316e+01,7.583927091657344910e+00
1.874249785653043787e+01,7.116238525235107026e+00
1.876250357244927258e+01,7.468383825047298252e+00
1.878250928836810374e+01,6.829587655379647515e+00
1.880251500428693845e+01,6.942218265780113917e+00
1.882252072020577316e+01,6.559559856993347537e+00
1.884252643612460787e+01,5.754071673285746868e+00
1.886253215204344258e+01,5.501007840598251875e+00
1.888253786796227729e+01,5.597100218632936830e+00
1.890254358388111200e+01,6.338670460327421097e+00
1.892254929979994316e+01,5.245993936428354765e+00
1.894255501571877787e+01,5.266243956414609073e+00
1.896256073163760902e+01,5.524017181173507929e+00
1.898256644755644373e+01,5.184189704078072225e+00
1.900257216347527844e+01,4.420916293465825930e+00
1.902257787939411315e+01,4.528863840132132168e+00
1.904258359531294786e+01,3.824939888602894911e+00
1.906258931123178257e+01,5.238830064803890352e+00
1.908259502715061728e+01,4.830511244216855182e+00
1.910260074306944844e+01,4.840045754025648073e+00
1.912260645898828315e+01,4.180676614476475095e+00
1.914261217490711431e+01,4.250624497025905058e+00
1.916261789082594902e+01,4.391150056631038190e+00
1.918262360674478373e+01,4.510854341679594981e+00
1.920262932266361844e+01,3.372416008311116986e+00
1.922263503858245315e+01,4.771779376769321956e+00
1.924264075450128786e+01,4.074241734558954775e+00
1.926264647042012257e+01,4.357019227920183368e+00
1.928265218633895373e+01,4.886598776115077314e+00
1.930265790225778844e+01,4.227694493185861546e+00
1.932266361817662315e+01,3.735661734623215047e+00
1.934266933409545430e+01,3.541604401744228525e+00
1.936267505001428901e+01,3.840052096099280110e+00
1.938268076593312372e+01,4.221332760984669363e+00
1.940268648185195843e+01,4.414173380771849509e+00
1.942269219777079314e+01,4.096262406548593304e+00
1.944269791368962785e+01,4.010870908753870090e+00
1.946270362960846256e+01,3.348914003754996038e+00
1.948270934552729372e+01,3.451619358623816858e+00
1.950271506144612843e+01,3.874944750795004555e+00
1.952272077736495959e+01,3.522398012112173404e+00
1.954272649328379430e+01,4.613864425716888817e+00
1.956273220920262901e+01,3.568152532875099148e+00
1.958273792512146372e+01,4.249622536593163247e+00
1.960274364104029843e+01,3.327510768895437288e+00
1.962274935695913314e+01,4.035099015268044376e+00
1.964275507287796785e+01,3.120538041378105198e+00
1.966276078879679901e+01,3.687560291990555683e+00
1.968276650471563372e+01,3.853075023619410899e+00
1.970277222063446487e+01,3.661375010125055507e+00
1.972277793655329958e+01,3.358225078912832728e+00
1.974278365247213429e+01,3.860147297028820645e+00
1.976278936839096900e+01,3.645682717830728059e+00
1.978279508430980371e+01,3.531075951728104734e+00
1.980280080022863842e+01,2.983154281962638876e+00
1.982280651614747313e+01,3.523524400411843338e+00
1.984281223206630784e+01,3.129986975430215868e+00
1.986281794798513900e+01,3.293495701168837719e+00
1.988282366390397371e+01,4.282510027762153726e+00
1.990282937982280487e+01,3.840056966041449193e+00
1.992283509574163958e+01,4.383614129062100240e+00
1.994284081166047429e+01,3.508492461108689842e+00
1.996284652757930900e+01,3.752263864529436610e+00
1.998285224349814371e+01,3.272639348527242475e+00
2.000285795941697842e+01,3.911302713983140666e+00
2.002286367533581313e+01,3.516511807986773874e+00
2.004286939125464428e+01,3.448577241175979857e+00
2.006287510717347899e+01,3.250335415288385654e+00
2.008288082309231015e+01,4.230557787446723061e+00
2.010288653901114486e+01,3.557666808804468062e+00
2.012289225492997957e+01,4.448254526169198364e+00
2.014289797084881428e+01,3.617235296884155016e+00
2.016290368676764899e+01,3.642721064048185298e+00
2.018290940268648370e+01,3.917829265560360597e+00
2.020291511860531841e+01,3.911342525928256375e+00
2.022292083452414957e+01,3.746869560312532155e+00
2.024292655044298428e+01,3.655629664031323056e+00
2.026293226636181899e+01,4.410513773255063441e+00
2.028293798228065015e+01,3.843873828883039856e+00
2.030294369819948486e+01,3.481961319279994527e+00
2.032294941411831957e+01,3.223784532571935202e+00
2.034295513003715428e+01,3.208987088526488396e+00
2.036296084595598899e+01,3.849741179766757337e+00
2.038296656187482370e+01,3.498029068857847257e+00
2.040297227779365841e+01,3.457457437543696166e+00
2.042297799371248956e+01,4.184716019073446702e+00
2.044298370963132427e+01,3.191907277572429535e+00
2.046298942555015543e+01,4.098242362981475040e+00
2.048299514146899014e+01,3.286492154024766243e+00
2.050300085738782485e+01,3.916869050418152920e+00
2.052300657330665956e+01,4.660084177371377478e+00
2.054301228922549427e+01,3.777354660407715947e+00
2.056301800514432898e+01,4.003469706020608143e+00
2.058302372106316369e+01,4.142431939190327483e+00
2.060302943698199485e+01,3.587164457359164338e+00
2.062303515290082956e+01,3.734569653937018785e+00
2.064304086881966072e+01,4.641411102815919953e+00
2.066304658473849543e+01,3.911400586908612809e+00
2.068305230065733014e+01,4.358242041369319253e+00
2.070305801657616485e+01,4.626279850408621996e+00
2.072306373249499956e+01,4.551483209212413783e+00
2.074306944841383427e+01,4.033551383745336949e+00
2.076307516433266898e+01,4.866888392709193489e+00
2.078308088025150369e+01,4.274013899587592924e+00
2.080308659617033484e+01,4.523886989409835024e+00
2.082309231208916955e+01,3.572944136188912267e+00
2.084309802800800071e+01,4.639516649038404772e+00
2.086310374392683542e+01,4.291898187041651269e+00
2.088310945984567013e+01,4.505393585798437073e+00
2.090311517576450484e+01,5.056050792309431330e+00
2.092312089168333955e+01,4.659488534068071175e+00
2.094312660760217426e+01,4.081887610123022370e+00
2.096313232352100897e+01,4.790396157386198617e+00
2.098313803943984013e+01,4.803458373202738940e+00
2.100314375535867484e+01,5.604300337262978715e+00
2.102314947127750600e+01,4.694577758358003727e+00
2.104315518719634071e+01,5.162896304422014637e+00
2.106316090311517542e+01,4.767142200313799094e+00
2.108316661903401013e+01,5.243585781689857228e+00
2.110317233495284484e+01,5.208615063341800244e+00
2.112317805087167955e+01,4.767272114180308051e+00
2.114318376679051426e+01,5.465841158780269105e+00
2.116318948270934541e+01,5.865307444407655169e+00
2.118319519862818012e+01,5.830615467234020244e+00
2.120320091454701483e+01,6.348833024643730560e+00
2.122320663046584599e+01,5.783195435239306015e+00
2.124321234638468070e+01,6.725623645931174011e+00
2.126321806230351541e+01,6.114228698861637668e+00
2.128322377822235012e+01,6.745668654418400578e+00
2.130322949414118483e+01,6.413364122772881259e+00
2.132323521006001954e+01,6.303621794164706138e+00
2.134324092597885425e+01,6.007056144434194778e+00
2.136324664189768541e+01,6.514545122936002741e+00
2.138325235781652012e+01,6.932677148075278240e+00
2.140325807373535127e+01,6.706873991987269967e+00
2.142326378965418598e+01,7.039578728309447087e+00
2.144326950557302069e+01,6.931020316516154800e+00
2.146327522149185540e+01,6.358058173746067965e+00
2.148328093741069011e+01,6.828431078914104724e+00
2.150328665332952482e+01,7.757422233965028724e+00
2.152329236924835953e+01,7.990393402398420442e+00
2.154329808516719069e+01,7.652764974556424349e+00
2.156330380108602540e+01,7.993003018139850369e+00
2.158330951700485656e+01,7.843158085232833088e+00
2.160331523292369127e+01,7.041847327909247944e+00
2.162332094884252598e+01,7.701716678029372432e+00
2.164332666476136069e+01,8.057261941974745767e+00
2.166333238068019540e+01,7.806548757724957710e+00
2.168333809659903011e+01,7.007311581878633788e+00
2.170334381251786482e+01,7.721784688400999741e+00
2.172334952843669598e+01,7.271921081386166996e+00
2.174335524435553069e+01,7.944825800293008555e+00
2.176336096027436540e+01,8.427431547129391021e+00
2.178336667619319655e+01,8.476300635457208799e+00
2.180337239211203126e+01,7.562487523051149907e+00
2.182337810803086597e+01,8.271032967762442567e+00
2.184338382394970068e+01,8.111910964319035244e+00
2.186338953986853539e+01,7.153825839886309268e+00
2.188339525578737010e+01,8.285044924383178966e+00
2.190340097170620481e+01,8.602317631588098479e+00
2.192340668762503597e+01,8.094422399967660553e+00
2.194341240354387068e+01,7.674077170429043804e+00
2.196341811946270184e+01,7.703637135755375454e+00
2.198342383538153655e+01,8.155055039055300270e+00
2.200342955130037126e+01,7.535186126756471481e+00
2.202343526721920597e+01,7.367818306845087761e+00
2.204344098313804068e+01,7.772482907117787221e+00
2.206344669905687539e+01,7.390057721297620397e+00
2.208345241497571010e+01,8.315774713384197270e+00
2.210345813089454126e+01,7.775949495423700952e+00
2.212346384681337597e+01,8.589882106100365178e+00
2.214346956273221068e+01,8.468922282172746563e+00
2.216347527865104183e+01,7.609617876065879472e+00
2.218348099456987654e+01,8.935342644067322482e+00
2.220348671048871125e+01,8.824196343301148104e+00
2.222349242640754596e+01,8.091014822411660035e+00
2.224349814232638067e+01,8.852556063522277086e+00
2.226350385824521538e+01,9.668012661671728125e+00
2.228350957416405009e+01,9.867853973786921529e+00
2.230351529008288125e+01,9.387882728600224880e+00
2.232352100600171596e+01,9.902929786841225379e+00
2.234352672192054712e+01,9.820881143850387573e+00
2.236353243783938183e+01,1.006926958394174676e+01
2.238353815375821654e+01,1.113787762528490433e+01
2.240354386967705125e+01,9.869860822860834659e+00
2.242354958559588596e+01,1.063204057988410334e+01
2.244355530151472067e+01,1.020470338766744334e+01
2.246356101743355538e+01,1.081523202607738909e+01
2.248356673335238654e+01,1.061215245409552388e+01
2.250357244927122125e+01,1.201583685707329252e+01
2.252357816519005240e+01,1.253621666517349809e+01
2.254358388110888711e+01,1.229539034775880602e+01
2.256358959702772182e+01,1.240413127461116360e+01
2.258359531294655653e+01,1.253520056077301881e+01
2.260360102886539124e+01,1.344201300466572135e+01
2.262360674478422595e+01,1.312923463321598661e+01
2.264361246070306066e+01,1.291854173647824844e+01
2.266361817662189182e+01,1.336193721057160388e+01
2.268362389254072653e+01,1.308148150124487152e+01
2.270362960845956124e+01,1.359365501948603239e+01
2.272363532437839240e+01,1.311638007379172421e+01
2.274364104029722711e+01,1.246210138709149717e+01
2.276364675621606182e+01,1.355275522241563202e+01
2.278365247213489653e+01,1.282204109239082257e+01
2.280365818805373124e+01,1.331675237532621736e+01
2.282366390397256595e+01,1.226906709429971976e+01
2.284366961989140066e+01,1.229208073674714718e+01
2.286367533581023181e+01,1.179656460270256169e+01
2.288368105172906652e+01,1.213771823752034962e+01
2.290368676764789768e+01,1.183449405819706257e+01
2.292369248356673239e+01,1.091356563408244540e+01
2.294369819948556710e+01,9.871000079243939851e+00
2.296370391540440181e+01,9.287998603196884417e+00
2.298370963132323652e+01,9.582834321917871989e+00
2.300371534724207123e+01,9.825233268285110455e+00
2.302372106316090594e+01,8.063645243239943028e+00
2.304372677907973710e+01,8.291006717672001258e+00
2.306373249499857181e+01,8.318795442685170016e+00
2.308373821091740652e+01,7.530843547323075704e+00
2.310374392683623768e+01,6.816768938081963825e+00
2.312374964275507239e+01,7.478177014765004849e+00
2.314375535867390710e+01,6.783264045321385716e+00
2.316376107459274181e+01,6.120326029453950767e+00
2.318376679051157652e+01,6.773784374888871973e+00
2.320377250643041123e+01,6.180181776663535409e+00
2.322377822234924594e+01,6.035167094027571011e+00
2.324378393826807709e+01,5.683819074651387027e+00
2.326378965418691180e+01,5.948295176745363122e+00
2.328379537010574296e+01,6.012772752284297972e+00
2.330380108602457767e+01,4.972064706308135129e+00
2.332380680194341238e+01,5.166581079604647186e+00
2.334381251786224709e+01,5.917953202757525233e+00
2.336381823378108180e+01,5.477730509195110287e+00
2.338382394969991651e+01,5.626838558892385045e+00
2.340382966561875122e+01,5.913469097538472496e+00
2.342383538153758238e+01,5.621068792170676787e+00
2.344384109745641709e+01,5.477702200370076824e+00
2.346384681337524825e+01,5.928330577746060648e+00
2.348385252929408296e+01,5.269657912680093759e+00
2.350385824521291767e+01,6.162042826574246845e+00
2.352386396113175238e+01,6.034387541339579109e+00
2.354386967705058709e+01,6.677142566833268233e+00
2.356387539296942180e+01,6.425430616970594144e+00
2.358388110888825651e+01,6.494783820450067857e+00
2.360388682480708766e+01,6.532138936082859004e+00
2.362389254072592237e+01,6.902253496108038178e+00
2.364389825664475708e+01,6.926543160623360507e+00
2.366390397256358824e+01,6.470102309909331773e+00
2.368390968848242295e+01,7.459108102781245364e+00
2.370391540440125766e+01,7.184847736867377321e+00
2.372392112032009237e+01,7.586246347206638596e+00
2.374392683623892708e+01,8.143986196530498489e+00
2.376393255215776179e+01,8.006556902000028231e+00
2.378393826807659650e+01,7.174211226712207790e+00
2.380394398399542766e+01,8.641349592418373859e+00
2.382394969991426237e+01,9.240959732368617452e+00
2.384395541583309353e+01,8.737110501946554919e+00
2.386396113175192824e+01,8.484025526735262446e+00
2.388396684767076295e+01,8.703241971354636064e+00
2.390397256358959766e+01,9.297272199606036125e+00
2.392397827950843237e+01,9.441015942545947226e+00
2.394398399542726708e+01,9.295060094910954973e+00
2.396398971134610179e+01,8.854996946606107144e+00
2.398399542726493294e+01,9.069509480920560307e+00
2.400400114318376765e+01,8.766432480034277219e+00
2.402400685910260236e+01,8.802836992295883789e+00
2.404401257502143352e+01,8.709252716185595489e+00
2.406401829094026823e+01,7.786602460949511695e+00
2.408402400685910294e+01,7.707910749099916359e+00
2.410402972277793765e+01,7.671838227743139171e+00
2.412403543869677236e+01,7.385639096126420000e+00
2.414404115461560707e+01,8.047473361458450825e+00
2.416404687053444178e+01,7.394819384400360462e+00
2.418405258645327294e+01,7.065805472923861075e+00
2.420405830237210765e+01,7.196022509282355983e+00
2.422406401829093880e+01,7.634807234545281318e+00
2.424406973420977351e+01,6.839371853555030967e+00
2.426407545012860822e+01,7.749201053222163793e+00
2.428408116604744293e+01,7.231938608329683049e+00
2.430408688196627764e+01,7.446302199489274187e+00
2.432409259788511235e+01,7.546730749101275393e+00
2.434409831380394706e+01,7.736915590376587382e+00
2.436410402972277822e+01,7.020691228457711652e+00
2.438410974564161293e+01,7.672009521534433496e+00
2.440411546156044409e+01,7.495299564198809605e+00
2.442412117747927880e+01,7.912516975800060415e+00
2.444412689339811351e+01,7.240518696827057177e+00
2.446413260931694822e+01,7.628155896705218986e+00
2.448413832523578293e+01,7.617652677094145730e+00
2.450414404115461764e+01,8.266032142328363364e+00
2.452414975707345235e+01,7.941732254447666506e+00
2.454415547299228351e+01,8.179440766363454074e+00
2.456416118891111822e+01,7.805544319137155185e+00
2.458416690482995293e+01,7.477739687856454154e+00
2.460417262074878408e+01,8.728141059938813839e+00
2.462417833666761879e+01,7.967879980599734679e+00
2.464418405258645350e+01,7.033173034482610220e+00
2.466418976850528821e+01,7.416142950384607246e+00
2.468419548442412292e+01,8.030576820476918343e+00
2.470420120034295763e+01,7.448665659557860863e+00
2.472420691626179234e+01,7.357464670345920332e+00
2.474421263218062350e+01,7.141672237916157684e+00
2.476421834809945821e+01,6.942013108679496725e+00
2.478422406401828937e+01,6.716201344771805637e+00
2.480422977993712408e+01,6.910132143176890729e+00
2.482423549585595879e+01,6.993905417738342400e+00
2.484424121177479350e+01,7.364759083801118322e+00
2.486424692769362821e+01,7.023532660758270652e+00
2.488425264361246292e+01,6.766749575508644199e+00
2.490425835953129763e+01,7.044274198405823917e+00
2.492426407545012879e+01,6.976822819618445415e+00
2.494426979136896350e+01,7.565926534103321721e+00
2.496427550728779821e+01,8.114732389067597751e+00
2.498428122320662936e+01,7.660189518631680627e+00
2.500428693912546407e+01,7.357929538063993746e+00
2.502429265504429878e+01,8.121974536489821261e+00
2.504429837096313349e+01,9.123222321363330778e+00
2.506430408688196820e+01,8.698852572999504318e+00
2.508430980280080291e+01,9.531323201786543464e+00
2.510431551871963762e+01,8.612404528866337117e+00
2.512432123463846878e+01,9.907583718080513080e+00
2.514432695055730349e+01,9.048679202976599001e+00
2.516433266647613465e+01,1.002998641008744585e+01
2.518433838239496936e+01,1.041443129403715595e+01
2.520434409831380407e+01,1.017006256902918793e+01
2.522434981423263878e+01,1.091927118300893618e+01
2.524435553015147349e+01,1.090448205496236156e+01
2.526436124607030820e+01,1.116001601399135268e+01
2.528436696198914291e+01,1.064759252427388780e+01
2.530437267790797407e+01,1.173300612872214366e+01
2.532437839382680878e+01,1.109395457078221092e+01
2.534438410974563993e+01,1.182538880405661530e+01
2.536438982566447464e+01,1.147238313078221061e+01
2.538439554158330935e+01,1.176242638066710811e+01
2.540440125750214406e+01,1.156497917495925165e+01
2.542440697342097877e+01,1.164256942993534594e+01
2.544441268933981348e+01,1.271124168820998435e+01
2.546441840525864819e+01,1.249437522222661023e+01
2.548442412117747935e+01,1.107693181055799414e+01
2.550442983709631406e+01,1.124290139502970476e+01
2.552443555301514877e+01,1.153016234004654805e+01
2.554444126893397993e+01,1.185849283623891459e+01
2.556444698485281464e+01,1.162632590547142719e+01
2.558445270077164935e+01,1.028073254634223233e+01
2.560445841669048406e+01,1.079093832203162151e+01
2.562446413260931877e+01,9.405774343220073774e+00
2.564446984852815348e+01,1.015696761181600749e+01
2.566447556444698819e+01,9.944887937252808285e+00
2.568448128036581934e+01,8.866383325852565278e+00
2.570448699628465405e+01,8.674852553772938180e+00
2.572449271220348521e+01,8.264499381157852653e+00
2.574449842812231992e+01,7.369202207762407753e+00
2.576450414404115463e+01,8.033002078495471210e+00
2.578450985995998934e+01,6.825761342503289697e+00
2.580451557587882405e+01,7.205928412585389076e+00
2.582452129179765876e+01,7.476107271117887976e+00
2.584452700771649347e+01,7.264778624319594869e+00
2.586453272363532463e+01,6.786279933685264609e+00
2.588453843955415934e+01,6.840398096221965929e+00
2.590454415547299405e+01,6.587047796302821112e+00
2.592454987139182521e+01,6.177810028124568476e+00
2.594455558731065992e+01,7.130222616442812189e+00
2.596456130322949463e+01,6.403688146617958488e+00
2.598456701914832934e+01,6.100416146506864479e+00
2.600457273506716405e+01,6.209332354693917644e+00
2.602457845098599520e+01,6.338748278578895778e+00
2.604458416690482991e+01,6.273827307457434443e+00
2.606458988282366462e+01,5.643295941333242638e+00
2.608459559874249933e+01,6.005008886741769913e+00
2.610460131466133404e+01,6.207680526171531099e+00
2.612460703058016520e+01,6.048127260100644165e+00
2.614461274649899991e+01,5.772858635037803055e+00
2.616461846241783462e+01,7.009609544734754394e+00
2.618462417833666933e+01,6.213382850511939282e+00
2.620462989425550404e+01,6.296176523787415213e+00
2.622463561017433520e+01,6.807191063191341485e+00
2.624464132609316991e+01,6.335453547789676954e+00
2.626464704201200462e+01,6.996505754477563954e+00
2.628465275793083933e+01,7.840225691908506711e+00
2.630465847384967049e+01,7.797251943927062001e+00
2.632466418976850520e+01,6.789596540994308427e+00
2.634466990568733991e+01,8.395579488187559392e+00
2.636467562160617462e+01,7.801395896210171266e+00
2.638468133752500933e+01,8.116642832898140369e+00
2.640468705344384048e+01,8.821565100146802507e+00
2.642469276936267519e+01,8.851458102140158601e+00
2.644469848528150990e+01,9.176502976644325571e+00
2.646470420120034461e+01,9.453820115255785694e+00
2.648470991711917932e+01,9.691395149188114289e+00
2.650471563303801048e+01,9.679792546896912597e+00
2.652472134895684519e+01,1.090741357526487221e+01
2.654472706487567990e+01,1.102305667429221536e+01
2.656473278079451461e+01,1.195447168370717073e+01
2.658473849671334932e+01,1.171571572547480145e+01
2.660474421263218048e+01,1.232342146072167033e+01
2.662474992855101519e+01,1.272510410477739562e+01
2.664475564446984990e+01,1.321353974633699124e+01
2.666476136038868461e+01,1.436112077029047640e+01
2.668476707630751577e+01,1.548783181275422827e+01
2.670477279222635048e+01,1.556223582028433405e+01
2.672477850814518519e+01,1.535040294701910213e+01
2.674478422406401990e+01,1.650577033020919870e+01
2.676478993998285461e+01,1.689679622298378092e+01
2.678479565590168576e+01,1.706062386693402289e+01
2.680480137182052047e+01,1.804851646862548975e+01
2.682480708773935518e+01,1.874115836071007024e+01
2.684481280365818989e+01,1.923964883996363540e+01
2.686481851957702460e+01,1.970951004464453504e+01
2.688482423549585576e+01,2.021916320038648962e+01
2.690482995141469047e+01,2.025774862809791443e+01
2.692483566733352518e+01,2.108913255392488040e+01
2.694484138325235989e+01,2.039363519981817063e+01
2.696484709917119105e+01,2.085377726068144710e+01
2.698485281509002576e+01,2.113954754076701548e+01
2.700485853100886047e+01,2.107540126337089603e+01
2.702486424692769518e+01,2.177597132819405346e+01
2.704486996284652989e+01,2.135619650395048552e+01
2.706487567876536104e+01,2.176109970689727291e+01
2.708488139468419575e+01,2.126735425517744460e+01
2.710488711060303046e+01,1.997749088496104264e+01
2.712489282652186517e+01,2.072815980120597956e+01
2.714489854244069988e+01,2.057711110546284061e+01
2.716490425835953104e+01,1.977043027945632403e+01
2.718490997427836575e+01,2.026009650282240671e+01
2.720491569019720046e+01,1.854114881159007666e+01
2.722492140611603517e+01,1.872884772372097473e+01
2.724492712203486633e+01,1.824239344725815926e+01
2.726493283795370104e+01,1.713625475131268061e+01
2.728493855387253575e+01,1.728056417185425531e+01
2.730494426979137046e+01,1.642396978580161715e+01
2.732494998571020517e+01,1.655670508702868204e+01
2.734495570162903633e+01,1.526487042467754840e+01
2.736496141754787104e+01,1.487185627042823022e+01
2.738496713346670575e+01,1.497822599952674416e+01
2.740497284938554046e+01,1.387157137614461355e+01
2.742497856530437517e+01,1.349540707776762716e+01
2.744498428122320632e+01,1.234575265939724886e+01
2.746498999714204103e+01,1.194092134841671360e+01
2.748499571306087574e+01,1.143989737995075551e+01
2.750500142897971045e+01,1.091770506946572716e+01
2.752500714489854516e+01,1.046974313058552397e+01
2.754501286081737632e+01,9.466329257324936464e+00
2.756501857673621103e+01,1.002678030563516387e+01
2.758502429265504574e+01,8.496573176430828767e+00
2.760503000857388045e+01,9.040536771079217715e+00
2.762503572449271161e+01,8.621029087166387939e+00
2.764504144041154632e+01,8.747093418270305065e+00
2.766504715633038103e+01,8.032814253545572214e+00
2.768505287224921574e+01,6.665406414768885845e+00
2.770505858816805045e+01,7.081494098061529741e+00
2.772506430408688161e+01,6.821252141444070105e+00
2.774507002000571632e+01,5.983529118450905848e+00
2.776507573592455103e+01,6.572794080871857680e+00
2.778508145184338574e+01,6.403161148423601290e+00
2.780508716776222045e+01,5.970222943847014463e+00
2.782509288368105160e+01,6.339041862103013791e+00
2.784509859959988631e+01,6.025120280012395746e+00
2.786510431551872102e+01,5.815362016577999782e+00
2.788511003143755573e+01,6.068684946502388655e+00
2.790511574735638689e+01,6.636309125612063653e+00
2.792512146327522160e+01,6.179288774897805148e+00
2.794512717919405631e+01,5.339879303428102020e+00
2.796513289511289102e+01,6.072702059339551539e+00
2.798513861103172573e+01,5.760804890144600066e+00
2.800514432695055689e+01,5.499402418520531910e+00
2.802515004286939160e+01,6.600818572815887464e+00
2.804515575878822631e+01,6.546308795307247408e+00
2.806516147470706102e+01,5.964270239163042220e+00
2.808516719062589573e+01,6.013442682108397719e+00
2.810517290654472689e+01,6.346780277532532821e+00
2.812517862246356160e+01,6.015482623320131950e+00
2.814518433838239631e+01,6.990417932720753846e+00
2.816519005430123102e+01,6.643791750249972594e+00
2.818519577022006217e+01,7.683372140208660106e+00
2.820520148613889688e+01,6.619213473846741635e+00
2.822520720205773159e+01,7.617233203846460299e+00
2.824521291797656630e+01,7.587695601497237874e+00
2.826521863389540101e+01,8.209679166976787457e+00
2.828522434981423217e+01,8.656723909380270143e+00
2.830523006573306688e+01,9.560170914948397325e+00
2.832523578165190159e+01,8.476828424065271150e+00
2.834524149757073630e+01,9.123161842720001857e+00
2.836524721348957101e+01,9.398313451590922796e+00
2.838525292940840217e+01,1.014870141627077338e+01
2.840525864532723688e+01,1.015100281363727497e+01
2.842526436124607159e+01,1.075837816355668508e+01
2.844527007716490630e+01,1.136082766740156558e+01
2.846527579308374101e+01,1.140263662240457165e+01
2.848528150900257216e+01,1.267478714411314833e+01
2.850528722492140687e+01,1.359921727252229040e+01
2.852529294084024158e+01,1.398113336771400483e+01
2.854529865675907629e+01,1.428223219120252807e+01
2.856530437267790745e+01,1.425062302151557958e+01
2.858531008859674216e+01,1.418232180942137788e+01
2.860531580451557687e+01,1.566785297324448401e+01
2.862532152043441158e+01,1.551322829275295945e+01
2.864532723635324629e+01,1.638033422867418309e+01
2.866533295227207745e+01,1.674829510473739447e+01
2.868533866819091216e+01,1.633725703942211993e+01
2.870534438410974687e+01,1.667476223962702520e+01
2.872535010002858158e+01,1.647114182520262204e+01
2.874535581594741629e+01,1.766574454797381222e+01
2.876536153186624745e+01,1.822940045569225376e+01
2.878536724778508216e+01,1.796502744276403263e+01
2.880537296370391687e+01,1.881071527248435160e+01
2.882537867962275158e+01,1.856780799911501845e+01
2.884538439554158273e+01,1.932170607561128506e+01
2.886539011146041744e+01,2.037053539299721194e+01
2.888539582737925215e+01,1.956997459368114889e+01
2.890540154329808686e+01,2.104258836134714983e+01
2.892540725921692157e+01,2.128832166108054480e+01
2.894541297513575273e+01,2.255113963219708850e+01
2.896541869105458744e+01,2.380943670437035919e+01
2.898542440697342215e+01,2.453603714292622229e+01
2.900543012289225686e+01,2.605166511498822501e+01
2.902543583881109157e+01,2.717071721904079240e+01
2.904544155472992273e+01,2.747161884311854507e+01
2.906544727064875744e+01,2.852391542558718740e+01
2.908545298656759215e+01,3.057371257319752189e+01
2.910545870248642686e+01,3.213094800332463308e+01
2.912546441840525802e+01,3.289740580855344376e+01
2.914547013432409273e+01,3.537854571551438454e+01
2.916547585024292744e+01,3.634667155755227697e+01
2.918548156616176215e+01,3.794918259399339178e+01
2.920548728208059686e+01,3.922983378820529765e+01
2.922549299799942801e+01,4.107244170239211201e+01
2.924549871391826272e+01,4.292807042896224345e+01
2.926550442983709743e+01,4.447917587187826172e+01
2.928551014575593214e+01,4.510711180948407417e+01
2.930551586167476685e+01,4.625528902578104606e+01
2.932552157759359801e+01,4.794374018744412780e+01
2.934552729351243272e+01,4.905382273414937089e+01
2.936553300943126743e+01,4.949134988706323668e+01
2.938553872535010214e+01,5.046159973801989196e+01
2.940554444126893330e+01,5.024160355523699906e+01
2.942555015718776801e+01,5.137716412306370728e+01
2.944555587310660272e+01,5.132766904865754753e+01
2.946556158902543743e+01,5.061326529589136669e+01
2.948556730494427214e+01,5.040850243370024941e+01
2.950557302086310330e+01,4.898336784611933581e+01
2.952557873678193801e+01,4.875742662857747689e+01
2.954558445270077272e+01,4.752424216339976226e+01
2.956559016861960743e+01,4.567037495755030108e+01
2.958559588453844214e+01,4.415159834515074522e+01
2.960560160045727329e+01,4.285975736774474854e+01
2.962560731637610800e+01,4.037637166259539612e+01
2.964561303229494271e+01,3.925406099509847024e+01
2.966561874821377742e+01,3.672141299518946056e+01
2.968562446413261213e+01,3.532695273023845317e+01
2.970563018005144329e+01,3.255393306279493970e+01
2.972563589597027800e+01,3.134718325015916562e+01
2.974564161188911271e+01,2.915685972598105735e+01
2.976564732780794742e+01,2.733705768372268352e+01
2.978565304372677858e+01,2.465577427934783117e+01
2.980565875964561329e+01,2.398570889336569678e+01
2.982566447556444800e+01,2.117242098987336263e+01
2.984567019148328271e+01,2.081886092216502604e+01
2.986567590740211742e+01,1.912763898332395129e+01
2.988568162332094857e+01,1.769851741714440152e+01
2.990568733923978328e+01,1.731499157955171597e+01
2.992569305515861799e+01,1.592239394232492167e+01
2.994569877107745270e+01,1.397486357899578735e+01
2.996570448699628741e+01,1.382838283629203957e+01
2.998571020291511857e+01,1.308871015535858895e+01
3.000571591883395328e+01,1.206406574938242393e+01
3.002572163475278799e+01,1.079705246932166851e+01
3.004572735067162270e+01,1.099815333184102784e+01
3.006573306659045386e+01,1.010194833947761417e+01
3.008573878250928857e+01,9.069867914373006101e+00
3.010574449842812328e+01,9.265629469084871062e+00
3.012575021434695799e+01,8.882087709518163621e+00
3.014575593026579270e+01,8.780227084929336456e+00
3.016576164618462386e+01,8.852514248083190651e+00
3.018576736210345857e+01,8.266448696954736164e+00
3.020577307802229328e+01,8.081274376628506673e+00
3.022577879394112799e+01,8.649699358131046623e+00
3.024578450985996270e+01,7.994397459028565578e+00
3.026579022577879385e+01,7.747097000738386363e+00
3.028579594169762856e+01,7.317939314112548388e+00
3.030580165761646327e+01,7.203112184164795373e+00
3.032580737353529798e+01,7.778540169500512746e+00
3.034581308945412914e+01,7.366940321318798723e+00
3.036581880537296385e+01,7.410488314170808444e+00
3.038582452129179856e+01,8.170876732577246671e+00
3.040583023721063327e+01,8.064409366792629541e+00
3.042583595312946798e+01,7.683246850686686003e+00
3.044584166904829914e+01,7.971990241090404439e+00
3.046584738496713385e+01,7.890065999676765252e+00
3.048585310088596856e+01,8.427568618935390887e+00
3.050585881680480327e+01,8.267870603190493384e+00
3.052586453272363798e+01,8.808956682163595175e+00
3.054587024864246914e+01,8.457153741091044452e+00
3.056587596456130385e+01,8.844969461752132389e+00
3.058588168048013856e+01,9.335940687962805740e+00
3.060588739639897327e+01,1.024699042629939072e+01
3.062589311231780798e+01,1.052407201433928918e+01
3.064589882823663913e+01,1.052533551768964415e+01
3.066590454415547384e+01,1.125399591412563360e+01
3.068591026007430855e+01,1.130284545081197223e+01
3.070591597599314326e+01,1.244511366559140697e+01
3.072592169191197442e+01,1.304153410570227933e+01
3.074592740783080913e+01,1.251836799824677193e+01
3.076593312374964384e+01,1.419540568384719492e+01
3.078593883966847855e+01,1.436213080257686414e+01
3.080594455558731326e+01,1.515565701576757718e+01
3.082595027150614442e+01,1.639709829148983644e+01
3.084595598742497913e+01,1.677032432806392137e+01
3.086596170334381384e+01,1.777330262097092373e+01
3.088596741926264855e+01,1.861803676349130399e+01
3.090597313518148326e+01,1.903428210435642853e+01
3.092597885110031442e+01,2.021245545996749371e+01
3.094598456701914913e+01,2.171429641824811085e+01
3.096599028293798384e+01,2.300241183819741764e+01
3.098599599885681855e+01,2.368295163491576005e+01
3.100600171477564970e+01,2.484370688457656229e+01
3.102600743069448441e+01,2.579611913111056509e+01
3.104601314661331912e+01,2.767829403865317772e+01
3.106601886253215383e+01,2.863463207030804369e+01
3.108602457845098854e+01,2.924414331625522223e+01
3.110603029436981970e+01,3.087186680350527013e+01
3.112603601028865441e+01,3.139645155881257210e+01
3.114604172620748912e+01,3.284155677303549936e+01
3.116604744212632383e+01,3.348724751671534250e+01
3.118605315804515854e+01,3.390467156617775402e+01
3.120605887396398970e+01,3.528304896871688356e+01
3.122606458988282441e+01,3.622977025963114528e+01
3.124607030580165912e+01,3.662272752567881184e+01
3.126607602172049383e+01,3.694860441530276773e+01
3.128608173763932498e+01,3.769323574032114976e+01
3.130608745355815969e+01,3.847143106457104267e+01
3.132609316947699440e+01,3.729500407454952438e+01
3.134609888539582911e+01,3.786574998931978797e+01
3.136610460131466382e+01,3.695512373627884273e+01
3.138611031723349498e+01,3.688269618552683937e+01
3.140611603315232969e+01,3.501175656593699870e+01
3.142612174907116440e+01,3.459811740747723974e+01
3.144612746498999911e+01,3.286991966236953999e+01
3.146613318090883382e+01,3.209993463514140899e+01
3.148613889682766498e+01,3.032890435369119331e+01
3.150614461274649969e+01,2.860563728905126624e+01
3.152615032866533440e+01,2.801644875550380931e+01
3.154615604458416911e+01,2.676801239551910783e+01
3.156616176050300382e+01,2.445483320180329301e+01
3.158616747642183498e+01,2.368057914310093182e+01
3.160617319234066969e+01,2.254798807711474851e+01
3.162617890825950440e+01,2.168720886370275736e+01
3.164618462417833911e+01,1.977770629017270920e+01
3.166619034009717026e+01,1.928319986183393198e+01
3.168619605601600497e+01,1.863629507220876746e+01
3.170620177193483968e+01,1.756881550372103362e+01
3.172620748785367439e+01,1.772660400019097082e+01
3.174621320377250910e+01,1.659732333186868658e+01
3.176621891969134026e+01,1.658093418457417201e+01
3.178622463561017497e+01,1.704721686312591444e+01
3.180623035152900968e+01,1.596727345235433404e+01
3.182623606744784439e+01,1.712677759506242481e+01
3.184624178336667910e+01,1.697528805551684528e+01
3.186624749928551026e+01,1.666610917753116183e+01
3.188625321520434497e+01,1.754330178094042125e+01
3.190625893112317968e+01,1.734413831977901310e+01
3.192626464704201439e+01,1.840691654905482011e+01
3.194627036296084555e+01,1.928246681899526038e+01
3.196627607887968026e+01,1.981477686105737490e+01
3.198628179479851497e+01,2.075497131524217664e+01
3.200628751071734968e+01,2.233446699693036663e+01
3.202629322663618439e+01,2.275728214707089592e+01
3.204629894255501199e+01,2.376349823392778760e+01
3.206630465847385381e+01,2.548546732408512128e+01
3.208631037439268141e+01,2.537592272280110350e+01
3.210631609031152323e+01,2.765958670520713270e+01
3.212632180623035083e+01,2.873548155639906199e+01
3.214632752214918554e+01,3.082298270311137145e+01
3.216633323806802025e+01,3.188829599944536142e+01
3.218633895398685496e+01,3.448607720455517267e+01
3.220634466990568967e+01,3.524459656034930077e+01
3.222635038582451728e+01,3.800748771535477033e+01
3.224635610174335909e+01,3.979172159012416188e+01
3.226636181766218670e+01,4.115041469026367338e+01
3.228636753358102851e+01,4.356552043796109075e+01
3.230637324949985612e+01,4.504636047301433877e+01
3.232637896541869083e+01,4.704518281452482142e+01
3.234638468133752554e+01,4.880283406852007033e+01
3.236639039725636025e+01,5.095126653120042448e+01
3.238639611317519496e+01,5.319909502013698699e+01
3.240640182909402967e+01,5.470099086529513954e+01
3.242640754501286438e+01,5.650842542104443567e+01
3.244641326093169198e+01,5.838893137705353809e+01
3.246641897685053380e+01,6.038181856298436401e+01
3.248642469276936140e+01,6.165971855659407197e+01
3.250643040868819611e+01,6.305425755309155988e+01
3.252643612460703082e+01,6.481483763622871663e+01
3.254644184052586553e+01,6.536450030440056480e+01
3.256644755644470024e+01,6.742949908130239578e+01
3.258645327236353495e+01,6.815701865021905803e+01
3.260645898828236966e+01,6.898256685255242360e+01
3.262646470420119726e+01,7.047358158152889018e+01
3.264647042012003908e+01,7.144675444420177257e+01
3.266647613603886668e+01,7.208505634564981790e+01
3.268648185195770850e+01,7.236486993473036478e+01
3.270648756787653610e+01,7.184962885397675336e+01
3.272649328379537081e+01,7.172679289466603336e+01
3.274649899971420552e+01,7.068424862263189823e+01
3.276650471563304023e+01,6.982796065874595115e+01
3.278651043155187494e+01,6.805425084345563391e+01
3.280651614747070255e+01,6.657077274190510252e+01
3.282652186338954436e+01,6.577124982480805215e+01
3.284652757930837197e+01,6.360741721414434124e+01
3.286653329522721378e+01,6.201014137651834091e+01
3.288653901114604139e+01,5.945372000989937078e+01
3.290654472706487610e+01,5.807712087793776590e+01
3.292655044298371081e+01,5.606364451737852761e+01
3.294655615890254552e+01,5.385225052383925970e+01
3.296656187482138023e+01,5.249831388693554857e+01
3.298656759074020783e+01,5.095700916399324143e+01
3.300657330665904965e+01,5.039334477580742089e+01
3.302657902257787725e+01,4.987445738981104171e+01
3.304658473849671907e+01,4.990241364330523055e+01
3.306659045441554667e+01,4.882491825978978284e+01
3.308659617033438138e+01,4.916705255027073207e+01
3.310660188625321609e+01,4.836537573444921634e+01
3.312660760217205080e+01,4.974523482496146443e+01
3.314661331809088551e+01,4.929336027581953772e+01
3.316661903400971312e+01,4.978124452879851702e+01
3.318662474992855493e+01,4.950012105171621357e+01
3.320663046584738254e+01,4.973412333916487427e+01
3.322663618176622435e+01,4.936278658486408233e+01
3.324664189768505196e+01,4.851879833958447819e+01
3.326664761360388667e+01,4.748655787917273585e+01
3.328665332952272138e+01,4.534269662336971152e+01
3.330665904544155609e+01,4.393745653420372577e+01
3.332666476136039080e+01,4.269057875683193970e+01
3.334667047727922551e+01,4.025587033227846234e+01
3.336667619319806022e+01,3.791632817149869084e+01
3.338668190911688782e+01,3.551397392221591076e+01
3.340668762503572964e+01,3.325994678503930402e+01
3.342669334095455724e+01,2.933711946974644036e+01
3.344669905687339195e+01,2.807063762515132765e+01
3.346670477279222666e+01,2.515214348177604364e+01
3.348671048871106137e+01,2.239739755822415646e+01
3.350671620462989608e+01,2.107130352054436884e+01
3.352672192054873079e+01,1.929591775146327848e+01
3.354672763646756550e+01,1.800983778582698136e+01
3.356673335238639311e+01,1.595287279722738560e+01
3.358673906830523492e+01,1.525977137467622669e+01
3.360674478422406253e+01,1.482741955387068344e+01
3.362675050014290434e+01,1.346410269891628353e+01
3.364675621606173195e+01,1.295652413744172549e+01
3.366676193198056666e+01,1.272938140726881073e+01
3.368676764789940137e+01,1.163514473890559842e+01
3.370677336381823608e+01,1.116266411555913507e+01
3.372677907973707079e+01,1.110871848071097467e+01
3.374678479565589839e+01,1.037801900493641938e+01
3.376679051157474021e+01,1.041985226111270002e+01
3.378679622749356781e+01,9.394217772135124989e+00
3.380680194341240963e+01,1.027161799041363111e+01
3.382680765933123723e+01,9.867260110812091867e+00
3.384681337525007194e+01,9.745124323743462824e+00
3.386681909116890665e+01,9.487819175474470512e+00
3.388682480708774136e+01,8.966103152206637006e+00
3.390683052300657607e+01,8.914000146025360394e+00
3.392683623892540368e+01,7.901108887110684265e+00
3.394684195484424549e+01,7.624811842169032516e+00
3.396684767076307310e+01,7.384047641645802962e+00
3.398685338668191491e+01,8.062476754603874696e+00
3.400685910260074252e+01,7.753607485630033658e+00
3.402686481851957723e+01,7.504039443453752511e+00
3.404687053443841194e+01,6.964581160067657706e+00
3.406687625035724665e+01,5.867427056141164776e+00
3.408688196627608136e+01,6.260936094234055282e+00
3.410688768219490896e+01,6.117381112936295828e+00
3.412689339811375078e+01,5.639557238890291480e+00
3.414689911403257838e+01,5.561105992172075574e+00
3.416690482995142020e+01,4.684275783657225745e+00
3.418691054587024780e+01,5.422626768679736919e+00
3.420691626178908251e+01,4.481762320138126476e+00
3.422692197770791722e+01,4.362603520800491630e+00
3.424692769362675193e+01,4.581367989811819363e+00
3.426693340954558664e+01,4.678726980721434003e+00
3.428693912546442135e+01,4.867213661260134216e+00
3.430694484138325606e+01,4.274968890426864121e+00
3.432695055730208367e+01,4.539033223306318199e+00
3.434695627322092548e+01,4.346043334848729955e+00
3.436696198913975309e+01,4.251196244284646042e+00
3.438696770505858780e+01,3.315894712286034718e+00
3.440697342097742251e+01,3.549183278236967887e+00
3.442697913689625722e+01,4.211738854801335030e+00
3.444698485281509193e+01,4.254728414239221657e+00
3.446699056873392664e+01,4.303559728926705574e+00
3.448699628465276135e+01,4.264169056893027943e+00
3.450700200057158895e+01,3.965337921388200293e+00
3.452700771649043077e+01,4.473653426915014997e+00
3.454701343240925837e+01,3.842936194992390142e+00
3.456701914832810019e+01,4.085134371533039932e+00
3.458702486424692779e+01,4.098524368171999832e+00
3.460703058016576250e+01,4.327187518072193484e+00
3.462703629608459721e+01,3.979333718926953978e+00
3.464704201200343192e+01,5.169322464361883362e+00
3.466704772792226663e+01,4.905208577440284934e+00
3.468705344384109424e+01,4.333956929710902628e+00
3.470705915975993605e+01,5.628744601491448840e+00
3.472706487567876366e+01,4.729493940309044575e+00
3.474707059159760547e+01,6.376646805046164879e+00
3.476707630751643308e+01,6.118943874101471891e+00
3.478708202343526779e+01,5.998477987083782104e+00
3.480708773935410250e+01,6.212150391161022966e+00
3.482709345527293721e+01,7.122190200571367313e+00
3.484709917119177192e+01,7.974511803896979778e+00
3.486710488711059952e+01,7.135561432370260526e+00
3.488711060302944134e+01,8.433509063657568916e+00
3.490711631894826894e+01,7.910707911533384262e+00
3.492712203486711076e+01,8.486530782062724043e+00
3.494712775078593836e+01,8.830911040923417943e+00
3.496713346670477307e+01,8.907741735284153251e+00
3.498713918262360778e+01,9.696421848240662555e+00
3.500714489854244249e+01,1.003016487189069572e+01
3.502715061446127720e+01,9.920749618021712735e+00
3.504715633038010481e+01,1.001877413209242995e+01
3.506716204629894662e+01,1.034970320751233608e+01
3.508716776221777423e+01,1.008085631814567584e+01
3.510717347813661604e+01,9.255553797130922078e+00
3.512717919405544365e+01,8.952328012080451813e+00
3.514718490997427836e+01,8.939619085345801963e+00
3.516719062589311307e+01,8.750614801786280594e+00
3.518719634181194778e+01,8.144757332898180380e+00
3.520720205773078249e+01,8.387561534817061570e+00
3.522720777364961720e+01,7.834474821568861103e+00
3.524721348956845191e+01,6.933184804553936154e+00
3.526721920548727951e+01,7.243585227376749813e+00
3.528722492140612133e+01,6.568295292099612936e+00
3.530723063732494893e+01,5.634830269517671297e+00
3.532723635324378364e+01,5.191605297646789907e+00
3.534724206916261835e+01,4.588057957392475572e+00
3.536724778508145306e+01,4.713533405094761264e+00
3.538725350100028777e+01,3.864590188586604746e+00
3.540725921691912248e+01,3.444522660806974113e+00
3.542726493283795719e+01,4.055786951866648060e+00
3.544727064875678479e+01,3.943412238124682112e+00
3.546727636467562661e+01,3.814534562258008243e+00
3.548728208059445421e+01,3.330547838799158278e+00
3.550728779651329603e+01,3.933443197336431219e+00
3.552729351243212363e+01,3.359198214777121105e+00
3.554729922835095834e+01,3.228898023802408979e+00
3.556730494426979305e+01,3.448672173536559082e+00
3.558731066018862776e+01,3.722431027268031656e+00
3.560731637610746247e+01,3.865091127970773144e+00
3.562732209202629008e+01,3.316901230325921546e+00
3.564732780794513189e+01,4.383345015530961675e+00
3.566733352386395950e+01,4.015975831217032166e+00
3.568733923978280131e+01,3.709476997114146357e+00
3.570734495570162892e+01,4.393123310414452476e+00
3.572735067162046363e+01,3.685394420605556220e+00
3.574735638753929834e+01,4.411095714204845031e+00
3.576736210345813305e+01,3.980799103114027737e+00
3.578736781937696776e+01,4.281606451730724849e+00
3.580737353529579536e+01,4.675000317252051119e+00
3.582737925121463718e+01,3.972502342099489603e+00
3.584738496713346478e+01,4.409025434336126814e+00
3.586739068305230660e+01,4.666818125998810629e+00
3.588739639897113420e+01,4.524023076194746196e+00
3.590740211488996891e+01,5.348220608907342744e+00
3.592740783080880362e+01,4.657490684977521056e+00
3.594741354672763833e+01,6.318028894150810260e+00
3.596741926264647304e+01,5.718455236950488185e+00
3.598742497856530065e+01,6.157472462989606043e+00
3.600743069448414246e+01,5.867505115261860027e+00
3.602743641040297007e+01,6.412194252848344433e+00
3.604744212632181188e+01,6.826514205592063789e+00
3.606744784224063949e+01,6.771580496150530593e+00
3.608745355815947420e+01,7.428059553973932694e+00
3.610745927407830891e+01,7.209321810030985489e+00
3.612746498999714362e+01,7.491698779726856827e+00
3.614747070591597833e+01,8.926741131610786084e+00
3.616747642183481304e+01,8.177333282024699557e+00
3.618748213775364775e+01,8.576980237698542453e+00
3.620748785367247535e+01,8.738499557505663873e+00
3.622749356959131717e+01,9.626426572806279225e+00
3.624749928551014477e+01,1.000934192532343481e+01
3.626750500142897948e+01,1.115308161401609865e+01
3.628751071734781419e+01,1.108664330184184621e+01
3.630751643326664890e+01,1.078547578178532618e+01
3.632752214918548361e+01,1.155815857909403732e+01
3.634752786510431832e+01,1.203512142621288561e+01
3.636753358102315303e+01,1.272103253413389723e+01
3.638753929694198064e+01,1.330373214333079623e+01
3.640754501286082245e+01,1.267490479224416866e+01
3.642755072877965006e+01,1.189930583082534454e+01
3.644755644469849187e+01,1.276259133315222272e+01
3.646756216061731948e+01,1.291012578293653057e+01
3.648756787653615419e+01,1.234685050883024005e+01
3.650757359245498890e+01,1.250676434533282944e+01
3.652757930837382361e+01,1.212145354464937341e+01
3.654758502429265832e+01,1.174855683871228074e+01
3.656759074021148592e+01,1.036836668084513846e+01
3.658759645613032774e+01,1.080702953758571638e+01
3.660760217204915534e+01,9.733715659400555609e+00
3.662760788796799716e+01,9.510861188351224627e+00
3.664761360388682476e+01,8.415947572604329352e+00
3.666761931980565947e+01,9.196413688279125864e+00
3.668762503572449418e+01,8.459084022578682749e+00
3.670763075164332889e+01,8.011304095427696836e+00
3.672763646756216360e+01,7.384243869063134014e+00
3.674764218348099121e+01,7.964125053613911653e+00
3.676764789939983302e+01,7.433482228318023743e+00
3.678765361531866063e+01,7.326862294138104303e+00
3.680765933123750244e+01,8.035651673156692709e+00
3.682766504715633005e+01,8.432521123507596528e+00
3.684767076307516476e+01,7.893557728848462851e+00
3.686767647899399947e+01,8.365658564033248368e+00
3.688768219491283418e+01,8.184547509372109175e+00
3.690768791083166889e+01,7.581436100612824802e+00
3.692769362675049649e+01,7.516551360188457487e+00
3.694769934266933831e+01,6.930774165302546308e+00
3.696770505858816591e+01,7.444970405385326728e+00
3.698771077450700773e+01,7.428094988125040210e+00
3.700771649042583533e+01,7.267069620469309044e+00
3.702772220634467004e+01,7.676118116871404773e+00
3.704772792226350475e+01,7.807015508881882226e+00
3.706773363818233946e+01,6.763759917567099933e+00
3.708773935410117417e+01,6.720583327015356545e+00
3.710774507002000888e+01,6.730296113808055480e+00
3.712775078593884359e+01,7.080907396272273502e+00
3.714775650185767120e+01,6.906157564877988264e+00
3.716776221777651301e+01,6.945947729862293585e+00
3.718776793369534062e+01,8.042145495321488369e+00
3.720777364961417533e+01,7.586508693018608085e+00
3.722777936553301004e+01,7.498098541881908830e+00
3.724778508145184475e+01,6.611393969562833206e+00
3.726779079737067946e+01,7.029499093850841263e+00
3.728779651328951417e+01,6.990545589542824345e+00
3.730780222920834888e+01,6.934366009124103059e+00
3.732780794512717648e+01,7.523328464126612936e+00
3.734781366104601830e+01,6.506872046466453341e+00
3.736781937696484590e+01,6.917611730295172734e+00
3.738782509288368772e+01,7.175050807837223488e+00
3.740783080880251532e+01,6.664128715845551554e+00
3.742783652472135003e+01,6.747584730473247028e+00
3.744784224064018474e+01,5.453263723202338653e+00
3.746784795655901945e+01,5.868635420642164924e+00
3.748785367247785416e+01,6.106742329853835471e+00
3.750785938839668177e+01,5.305739732319815438e+00
3.752786510431552358e+01,5.873348402279352065e+00
3.754787082023435119e+01,5.632253182108382994e+00
3.756787653615319300e+01,5.784486862979028921e+00
3.758788225207202061e+01,4.845147753370010690e+00
3.760788796799085532e+01,5.236560213756657589e+00
3.762789368390969003e+01,5.643450878960077688e+00
3.764789939982852474e+01,4.826236519909782530e+00
3.766790511574735945e+01,4.541383687759960708e+00
3.768791083166618705e+01,5.014976786000205244e+00
3.770791654758502887e+01,5.071697019736849832e+00
3.772792226350385647e+01,4.775199941094896872e+00
3.774792797942269829e+01,4.842970531271848955e+00
3.776793369534152589e+01,5.488422638708494006e+00
3.778793941126036060e+01,4.897048693887124493e+00
3.780794512717919531e+01,4.197092991189761868e+00
3.782795084309803002e+01,4.284150948732494690e+00
3.784795655901686473e+01,4.678196126917686826e+00
3.786796227493569234e+01,4.951536828967465276e+00
3.788796799085453415e+01,4.350252530009791840e+00
3.790797370677336176e+01,4.473470903230261086e+00
3.792797942269220357e+01,4.092684520155721373e+00
3.794798513861103118e+01,4.363799170683702933e+00
3.796799085452986589e+01,4.535982915056741227e+00
3.798799657044870060e+01,4.592091480458922348e+00
3.800800228636753531e+01,4.260580638386986863e+00
3.802800800228637002e+01,4.320857022529096092e+00
3.804801371820520473e+01,3.578837280898019557e+00
3.806801943412403944e+01,4.306617149029801972e+00
3.808802515004286704e+01,4.098394617623879910e+00
3.810803086596170886e+01,4.796902002517581920e+00
3.812803658188053646e+01,4.077319821100237718e+00
3.814804229779937117e+01,5.183586338776264846e+00
3.816804801371820588e+01,4.409286357714377935e+00
3.818805372963704059e+01,4.632193544444570321e+00
3.820805944555587530e+01,5.073584511719248624e+00
3.822806516147471001e+01,4.485958300668716703e+00
3.824807087739354472e+01,4.379442285418686964e+00
3.826807659331237232e+01,5.363054898592074515e+00
3.828808230923121414e+01,5.144865386955236986e+00
3.830808802515004174e+01,5.892691332655266123e+00
3.832809374106888356e+01,5.669701918656447681e+00
3.834809945698771116e+01,6.216286960008522655e+00
3.836810517290654587e+01,7.127725910463344583e+00
3.838811088882538058e+01,7.180996902039369800e+00
3.840811660474421529e+01,6.922084982235595874e+00
3.842812232066305000e+01,8.147525698573362618e+00
3.844812803658187761e+01,8.546710737468176333e+00
3.846813375250071942e+01,8.552816613730616524e+00
3.848813946841954703e+01,9.454013431625220676e+00
3.850814518433838884e+01,8.696268191837251749e+00
3.852815090025721645e+01,8.821252349341861532e+00
3.854815661617605116e+01,9.694276022568482531e+00
3.856816233209488587e+01,1.040938222572058791e+01
3.858816804801372058e+01,1.124555020392449833e+01
3.860817376393255529e+01,1.111932378182922676e+01
3.862817947985138289e+01,1.177605034360510317e+01
3.864818519577022471e+01,1.207003506119115954e+01
3.866819091168905231e+01,1.256638707474533412e+01
3.868819662760789413e+01,1.268756379996430006e+01
3.870820234352672173e+01,1.247078992785217721e+01
3.872820805944555644e+01,1.369290656282512941e+01
3.874821377536439115e+01,1.396200783460769301e+01
3.876821949128322586e+01,1.471613221728245691e+01
3.878822520720206057e+01,1.505219889559813140e+01
3.880823092312088818e+01,1.631642487652004547e+01
3.882823663903972999e+01,1.675556696114698951e+01
3.884824235495855760e+01,1.755637914276881872e+01
3.886824807087739941e+01,1.835369165028379967e+01
3.888825378679622702e+01,1.860655843540710563e+01
3.890825950271506173e+01,2.017399352944357815e+01
3.892826521863389644e+01,2.054850052186044351e+01
3.894827093455273115e+01,2.156363196560951323e+01
3.896827665047156586e+01,2.281965990685896628e+01
3.898828236639040057e+01,2.358376622927115562e+01
3.900828808230923528e+01,2.493517419243195121e+01
3.902829379822806288e+01,2.500624249281950640e+01
3.904829951414690470e+01,2.597601194424999704e+01
3.906830523006573230e+01,2.677761769572552097e+01
3.908831094598456701e+01,2.664519393976416239e+01
3.910831666190340172e+01,2.783055724115882157e+01
3.912832237782223643e+01,2.822494331268222112e+01
3.914832809374107114e+01,2.897890375556758258e+01
3.916833380965990585e+01,2.869210814553056110e+01
3.918833952557874056e+01,2.853842400010370994e+01
3.920834524149756817e+01,2.811632777022477114e+01
3.922835095741640998e+01,2.801902222696753597e+01
3.924835667333523759e+01,2.754516368053954167e+01
3.926836238925407940e+01,2.639489109624672025e+01
3.928836810517290701e+01,2.529976892006304823e+01
3.930837382109174172e+01,2.496410475898994363e+01
3.932837953701057643e+01,2.360603152894822188e+01
3.934838525292941114e+01,2.272446833478390715e+01
3.936839096884824585e+01,2.116900446460593699e+01
3.938839668476707345e+01,1.995684946447193298e+01
3.940840240068591527e+01,1.886370459542450106e+01
3.942840811660474287e+01,1.751398597603546392e+01
3.944841383252358469e+01,1.663164477987799827e+01
3.946841954844241229e+01,1.535412303963027725e+01
3.948842526436124700e+01,1.465629935756983571e+01
3.950843098028008171e+01,1.295406158104141880e+01
3.952843669619891642e+01,1.216992328183567551e+01
3.954844241211775113e+01,1.106154739880999571e+01
3.956844812803657874e+01,1.049973046552448785e+01
3.958845384395542055e+01,9.733820294099079007e+00
3.960845955987424816e+01,9.028514148629025016e+00
3.962846527579308997e+01,8.063528134929486058e+00
3.964847099171191758e+01,8.178037604447538911e+00
3.966847670763075229e+01,7.513255174424211980e+00
3.968848242354958700e+01,6.716635442006841039e+00
3.970848813946842171e+01,6.803393032261146445e+00
3.972849385538725642e+01,6.432827486279229845e+00
3.974849957130608402e+01,6.310032534029990536e+00
3.976850528722492584e+01,6.787714273290330169e+00
3.978851100314375344e+01,4.996884459156887281e+00
3.980851671906259526e+01,5.706842979208497368e+00
3.982852243498142286e+01,4.750677569042295545e+00
3.984852815090025757e+01,4.965486199466834449e+00
3.986853386681909228e+01,4.588121542208207337e+00
3.988853958273792699e+01,5.619448245737393322e+00
3.990854529865676170e+01,4.426923264573558114e+00
3.992855101457559641e+01,5.305232921714807759e+00
3.994855673049443112e+01,4.146977765077253686e+00
3.996856244641325873e+01,4.846652829797634787e+00
3.998856816233210054e+01,4.479915191469846292e+00
4.000857387825092815e+01,4.716366489322374456e+00
4.002857959416976286e+01,3.266729046349713173e+00
4.004858531008859757e+01,4.383048208810622626e+00
4.006859102600743228e+01,4.436081129981006121e+00
4.008859674192626699e+01,3.969970063382469050e+00
4.010860245784510170e+01,3.581314124161865564e+00
4.012860817376393641e+01,3.535648491936328686e+00
4.014861388968276401e+01,3.071290964680061464e+00
4.016861960560160583e+01,3.571870806052098501e+00
4.018862532152043343e+01,3.913893419781548921e+00
4.020863103743927525e+01,3.723832336609528504e+00
4.022863675335810285e+01,3.257284026302263769e+00
4.024864246927693756e+01,3.187932951202156140e+00
4.026864818519577227e+01,2.788903110234907778e+00
4.028865390111460698e+01,2.867392832443618644e+00
4.030865961703344169e+01,3.761234302089675907e+00
4.032866533295226930e+01,2.120890921249519501e+00
4.034867104887111111e+01,2.480135465101800385e+00
4.036867676478993872e+01,2.621962007823402274e+00
4.038868248070878053e+01,2.728429489198608504e+00
4.040868819662760814e+01,2.763605531664193204e+00
4.042869391254644285e+01,2.388444838021853478e+00
4.044869962846527756e+01,2.929399243470717451e+00
4.046870534438411227e+01,2.108976402558454755e+00
4.048871106030294698e+01,2.539210748766010717e+00
4.050871677622177458e+01,2.377703045461175613e+00
4.052872249214061640e+01,3.219130927243122997e+00
4.054872820805944400e+01,2.774843424422410276e+00
4.056873392397828582e+01,2.378153455985898557e+00
4.058873963989711342e+01,1.986744981727961878e+00
4.060874535581594813e+01,2.934909805497285973e+00
4.062875107173478284e+01,1.962854816945231562e+00
4.064875678765361755e+01,2.250736616643083110e+00
4.066876250357245226e+01,2.280346599704230481e+00
4.068876821949127986e+01,2.991824125894172681e+00
4.070877393541012168e+01,1.863293252725883864e+00
4.072877965132894929e+01,1.975392792710105372e+00
4.074878536724779110e+01,2.552286033746529625e+00
4.076879108316661871e+01,2.308956596900086033e+00
4.078879679908545342e+01,1.891826026830390584e+00
4.080880251500428813e+01,2.785692886722356487e+00
4.082880823092312284e+01,2.660159666546310753e+00
4.084881394684195755e+01,2.081856936170978223e+00
4.086881966276079226e+01,2.585948301646954217e+00
4.088882537867962697e+01,2.500618554467880728e+00
4.090883109459845457e+01,2.264779523142784967e+00
4.092883681051729639e+01,2.696851815775669348e+00
4.094884252643612399e+01,2.432167246400414928e+00
4.096884824235495870e+01,2.325079112345400212e+00
4.098885395827379341e+01,2.105907639582079494e+00
4.100885967419262812e+01,1.474518783288615964e+00
4.102886539011146283e+01,2.651300198944323672e+00
4.104887110603029754e+01,2.911589406117950585e+00
4.106887682194913225e+01,2.966543218259539039e+00
4.108888253786795985e+01,2.334684065254700513e+00
4.110888825378680167e+01,2.915802840562803588e+00
4.112889396970562927e+01,2.792229170729969567e+00
4.114889968562447109e+01,2.462495213706356711e+00
4.116890540154329869e+01,2.272315239861216085e+00
4.118891111746213340e+01,2.651742415025085009e+00
4.120891683338096811e+01,2.657402912481160229e+00
4.122892254929980282e+01,2.591237348294995524e+00
4.124892826521863753e+01,2.643439180082227224e+00
4.126893398113746514e+01,2.335140298219888333e+00
4.128893969705630695e+01,3.229004650651421393e+00
4.130894541297513456e+01,2.381565732337955765e+00
4.132895112889397637e+01,3.286522932296466415e+00
4.134895684481280398e+01,3.025600540933280236e+00
4.136896256073163869e+01,3.620346238859853738e+00
4.138896827665047340e+01,3.451113205737594392e+00
4.140897399256930811e+01,3.768887695743748267e+00
4.142897970848814282e+01,3.743095701222385330e+00
4.144898542440697042e+01,3.504149522899639546e+00
4.146899114032581224e+01,4.484799081859569547e+00
4.148899685624463984e+01,4.379189905458654941e+00
4.150900257216348166e+01,5.193576758430083373e+00
4.152900828808230926e+01,5.072755476138011588e+00
4.154901400400114397e+01,5.000660660542588509e+00
4.156901971991997868e+01,5.081593296432998841e+00
4.158902543583881339e+01,6.146993043273838886e+00
4.160903115175764810e+01,5.364574511777824739e+00
4.162903686767647571e+01,6.125720551901219224e+00
4.164904258359531752e+01,5.679714494967518235e+00
4.166904829951414513e+01,7.395115952074409194e+00
4.168905401543298694e+01,7.263858274709424911e+00
4.170905973135181455e+01,7.351166789256126322e+00
4.172906544727064926e+01,7.536178375093216530e+00
4.174907116318948397e+01,8.057184787689436689e+00
4.176907687910831868e+01,7.442003581822508984e+00
4.178908259502715339e+01,7.839650956145462146e+00
4.180908831094598810e+01,8.436561244830063089e+00
4.182909402686482281e+01,7.800454172978069423e+00
4.184909974278365041e+01,8.006108335506013418e+00
4.186910545870249223e+01,6.791162471186198424e+00
4.188911117462131983e+01,7.848275453733513984e+00
4.190911689054015454e+01,6.862111114019478819e+00
4.192912260645898925e+01,6.933593981090798053e+00
4.194912832237782396e+01,6.129747783948920059e+00
4.196913403829665867e+01,6.055288812619275873e+00
4.198913975421549338e+01,5.561750282632527131e+00
4.200914547013432809e+01,5.944673310902013341e+00
4.202915118605316280e+01,5.654689943629333193e+00
4.204915690197199041e+01,5.538498893197292716e+00
4.206916261789082512e+01,4.833188118418300760e+00
4.208916833380965983e+01,4.865443023981964821e+00
4.210917404972849454e+01,4.142297335426678551e+00
4.212917976564732925e+01,4.515088060455528129e+00
4.214918548156616396e+01,4.298001475468312904e+00
4.216919119748499867e+01,4.313001438806450594e+00
4.218919691340383338e+01,4.382439096746409746e+00
4.220920262932266809e+01,3.392578009516177939e+00
4.222920834524150280e+01,4.405008106152040526e+00
4.224921406116033040e+01,3.323398714062611781e+00
4.226921977707916511e+01,3.699144957666237854e+00
4.228922549299799982e+01,4.077266585533580567e+00
4.230923120891683453e+01,3.512753219238749836e+00
4.232923692483566924e+01,3.374760659436376820e+00
4.234924264075450395e+01,3.564230430447643094e+00
4.236924835667333866e+01,3.868637032033443113e+00
4.238925407259217337e+01,3.229765817804955308e+00
4.240925978851100808e+01,4.089944934870039184e+00
4.242926550442983569e+01,4.393381658414809543e+00
4.244927122034867040e+01,4.072817717779686042e+00
4.246927693626750511e+01,3.568904453936927901e+00
4.248928265218633982e+01,5.024721146458865917e+00
4.250928836810517453e+01,4.315939000201274744e+00
4.252929408402400924e+01,4.770928836791993533e+00
4.254929979994284395e+01,5.282385901649466753e+00
4.256930551586167866e+01,6.023571483227125434e+00
4.258931123178051337e+01,6.040592530179059949e+00
4.260931694769934097e+01,5.882505864071507773e+00
4.262932266361817568e+01,6.383506103192774894e+00
4.264932837953701039e+01,6.830806531777339430e+00
4.266933409545584510e+01,7.839047409816372713e+00
4.268933981137467981e+01,7.685855958906511631e+00
4.270934552729351452e+01,8.403759019978567224e+00
4.272935124321234923e+01,9.182403903264090061e+00
4.274935695913118394e+01,9.198013278836668860e+00
4.276936267505001865e+01,9.003766966142759287e+00
4.278936839096885336e+01,9.497157956745343910e+00
4.280937410688768097e+01,1.061391470217671440e+01
4.282937982280651568e+01,1.055867025287107630e+01
4.284938553872535039e+01,1.066927262854598446e+01
4.286939125464418510e+01,1.079886867305202891e+01
4.288939697056301981e+01,1.095118329402805557e+01
4.290940268648185452e+01,1.209829063268027838e+01
4.292940840240068923e+01,1.153258250270646101e+01
4.294941411831952394e+01,1.124776029125313137e+01
4.296941983423835865e+01,1.221635739213217420e+01
4.298942555015718625e+01,1.155313376593837660e+01
4.300943126607602096e+01,1.096915087816907430e+01
4.302943698199485567e+01,1.132929852682498861e+01
4.304944269791369038e+01,1.076793968836062554e+01
4.306944841383252509e+01,1.035672492626506269e+01
4.308945412975135980e+01,9.957191187860107817e+00
4.310945984567019451e+01,9.125869854304930584e+00
4.312946556158902922e+01,9.110265655072574020e+00
4.314947127750786393e+01,9.087427010791325088e+00
4.316947699342669864e+01,7.287938867631602591e+00
4.318948270934552625e+01,7.564369270456367644e+00
4.320948842526436096e+01,7.112291790901846156e+00
4.322949414118319567e+01,6.495434192208234592e+00
4.324949985710203038e+01,6.346931500931122905e+00
4.326950557302086509e+01,5.554491641177922823e+00
4.328951128893969980e+01,6.729284207389293115e+00
4.330951700485853451e+01,5.767803205892615637e+00
4.332952272077736922e+01,6.030725717208618164e+00
4.334952843669620393e+01,5.960523347840748443e+00
4.336953415261503153e+01,5.626755910323340437e+00
4.338953986853386624e+01,4.989873520596994183e+00
4.340954558445270095e+01,5.997979164384808826e+00
4.342955130037153566e+01,5.856061321375118922e+00
4.344955701629037037e+01,5.799867495551941587e+00
4.346956273220920508e+01,6.241571667288537739e+00
4.348956844812803979e+01,5.561011949131572152e+00
4.350957416404687450e+01,7.003763984031355250e+00
4.352957987996570921e+01,7.068121166299754066e+00
4.354958559588453681e+01,6.676131590730080667e+00
4.356959131180337153e+01,6.815731414704019997e+00
4.358959702772220624e+01,8.324896165550281779e+00
4.360960274364104095e+01,7.777321700240265478e+00
4.362960845955987566e+01,7.959637083353567455e+00
4.364961417547871037e+01,8.682229551482265606e+00
4.366961989139754508e+01,1.004416299126731005e+01
4.368962560731637979e+01,9.051916323687672516e+00
4.370963132323521450e+01,1.028143101889239830e+01
4.372963703915404921e+01,1.024160108629526356e+01
4.374964275507287681e+01,1.106679158349184888e+01
4.376964847099171152e+01,1.117781062883242704e+01
4.378965418691054623e+01,1.228823474719374964e+01
4.380965990282938094e+01,1.263838186680256115e+01
4.382966561874821565e+01,1.296397971979759767e+01
4.384967133466705036e+01,1.312211985609645915e+01
4.386967705058588507e+01,1.305663413953517171e+01
4.388968276650471978e+01,1.311569930742980006e+01
4.390968848242355449e+01,1.313273608255921232e+01
4.392969419834238209e+01,1.293049732804258767e+01
4.394969991426121680e+01,1.273684428350325781e+01
4.396970563018005151e+01,1.300184062987092659e+01
4.398971134609888622e+01,1.323885298441485503e+01
4.400971706201772093e+01,1.265656446376598154e+01
4.402972277793655564e+01,1.329322986638423387e+01
4.404972849385539035e+01,1.225325935791319942e+01
4.406973420977422506e+01,1.166264271386065765e+01
4.408973992569305977e+01,1.125615162448018047e+01
4.410974564161189448e+01,1.172152091337441782e+01
4.412975135753072209e+01,1.081343598997723277e+01
4.414975707344955680e+01,1.082925769745320466e+01
4.416976278936839151e+01,1.004350932727591506e+01
4.418976850528722622e+01,1.060106783372927808e+01
4.420977422120606093e+01,9.838215194113390183e+00
4.422977993712489564e+01,8.992135100993305485e+00
4.424978565304373035e+01,9.272263629785168604e+00
4.426979136896256506e+01,8.773988629185373256e+00
4.428979708488139977e+01,8.610215006821789530e+00
4.430980280080022737e+01,7.578928163671309726e+00
4.432980851671906208e+01,8.281701110429477097e+00
4.434981423263789679e+01,8.227607710389195361e+00
4.436981994855673150e+01,7.313864666935313785e+00
4.438982566447556621e+01,7.854413189254591643e+00
4.440983138039440092e+01,6.936424015758110073e+00
4.442983709631323563e+01,7.341748070873038934e+00
4.444984281223207034e+01,7.020420938194363636e+00
4.446984852815090505e+01,5.688222483779883376e+00
4.448985424406973266e+01,5.698245172474543985e+00
4.450985995998856737e+01,6.619910294010074026e+00
4.452986567590740208e+01,6.371966038408539035e+00
4.454987139182623679e+01,6.274649003988102436e+00
4.456987710774507150e+01,6.049200970064998906e+00
4.458988282366390621e+01,5.839622168727881757e+00
4.460988853958274092e+01,6.365233073325462065e+00
4.462989425550157563e+01,6.277335937369986851e+00
4.464989997142041034e+01,6.152113344539147377e+00
4.466990568733924505e+01,6.327624679076789604e+00
4.468991140325807265e+01,6.180855233707401197e+00
4.470991711917690736e+01,4.981116703554770098e+00
4.472992283509574207e+01,5.701957262974398866e+00
4.474992855101457678e+01,5.267753225157351338e+00
4.476993426693341149e+01,6.094855967642165417e+00
4.478993998285224620e+01,5.321943729938866774e+00
4.480994569877108091e+01,5.305071830517803733e+00
4.482995141468991562e+01,4.974041073105527566e+00
4.484995713060875033e+01,5.536786861233004231e+00
4.486996284652757794e+01,5.725492487405725583e+00
4.488996856244641265e+01,4.730081127716438516e+00
4.490997427836524736e+01,5.623950478822576926e+00
4.492997999428408207e+01,5.053610276736803186e+00
4.494998571020291678e+01,5.751223187686338889e+00
4.496999142612175149e+01,5.331514045393915602e+00
4.498999714204058620e+01,4.557883652619297621e+00
4.501000285795942091e+01,4.106260162488558407e+00
4.503000857387825562e+01,5.021468227195464706e+00
4.505001428979709033e+01,4.178213881927631768e+00
4.507002000571591793e+01,4.234189682386739761e+00
4.509002572163475264e+01,3.772809654013410618e+00
4.511003143755358735e+01,4.181453280845209619e+00
4.513003715347242206e+01,4.276925821237629322e+00
4.515004286939125677e+01,4.379874035428681367e+00
4.517004858531009148e+01,4.452871649808498589e+00
4.519005430122892619e+01,3.178885350087259809e+00
4.521006001714776090e+01,4.246933477020787606e+00
4.523006573306659561e+01,3.881775875629721373e+00
4.525007144898542322e+01,3.844575755327401811e+00
4.527007716490425793e+01,3.972993343873098659e+00
4.529008288082309264e+01,4.809203260608726715e+00
4.531008859674192735e+01,4.258339814805837342e+00
4.533009431266076206e+01,3.662299536657424248e+00
4.535010002857959677e+01,4.115845453025900547e+00
4.537010574449843148e+01,3.549447871613818251e+00
4.539011146041726619e+01,4.658448368439163545e+00
4.541011717633610090e+01,4.658582685721484040e+00
4.543012289225492850e+01,5.329932240087371653e+00
4.545012860817376321e+01,5.061045600529537225e+00
4.547013432409259792e+01,5.334046365597028938e+00
4.549014004001143263e+01,5.017336170576352394e+00
4.551014575593026734e+01,5.368708282213861871e+00
4.553015147184910205e+01,5.641137615113591686e+00
4.555015718776793676e+01,6.250819642896396466e+00
4.557016290368677147e+01,5.774455334562064834e+00
4.559016861960560618e+01,6.023292940283034191e+00
4.561017433552444089e+01,7.367665144300381996e+00
4.563018005144326850e+01,7.420839061083268184e+00
4.565018576736210321e+01,8.256810146460399125e+00
4.567019148328093792e+01,7.889706693650713198e+00
4.569019719919977263e+01,8.188987573300368084e+00
4.571020291511860734e+01,8.812911395214003463e+00
4.573020863103744205e+01,8.853315844107878974e+00
4.575021434695627676e+01,1.009598122761554606e+01
4.577022006287511147e+01,1.075460368852895243e+01
4.579022577879394618e+01,1.041561601320502106e+01
4.581023149471277378e+01,1.134761568006843113e+01
4.583023721063160849e+01,1.167522590631729074e+01
4.585024292655044320e+01,1.213727473685122504e+01
4.587024864246927791e+01,1.284080617345271236e+01
4.589025435838811262e+01,1.367595395887133591e+01
4.591026007430694733e+01,1.404040465157144801e+01
4.593026579022578204e+01,1.421639499618950353e+01
4.595027150614461675e+01,1.574234682792499740e+01
4.597027722206345146e+01,1.628473302903589470e+01
4.599028293798228617e+01,1.618543446640244809e+01
4.601028865390111378e+01,1.713449589548193686e+01
4.603029436981994849e+01,1.746494808597228854e+01
4.605030008573878320e+01,1.805092427057716975e+01
4.607030580165761791e+01,1.804702224424366364e+01
4.609031151757645262e+01,1.742232560452743684e+01
4.611031723349528733e+01,1.778789386327385813e+01
4.613032294941412204e+01,1.876297349879395071e+01
4.615032866533295675e+01,1.794450059628967864e+01
4.617033438125179146e+01,1.811016354538415740e+01
4.619034009717061906e+01,1.755897208623733974e+01
4.621034581308945377e+01,1.677600572974087356e+01
4.623035152900828848e+01,1.688124341178919252e+01
4.625035724492712319e+01,1.736540404592210152e+01
4.627036296084595790e+01,1.714547202024871098e+01
4.629036867676479261e+01,1.629116583677214436e+01
4.631037439268362732e+01,1.570988941405718187e+01
4.633038010860246203e+01,1.541811690402942148e+01
4.635038582452129674e+01,1.503130672398399348e+01
4.637039154044012434e+01,1.516755412537698611e+01
4.639039725635895905e+01,1.557536902791894029e+01
4.641040297227779376e+01,1.552461278956153201e+01
4.643040868819662847e+01,1.536471526741262927e+01
4.645041440411546319e+01,1.501346797559376078e+01
4.647042012003429790e+01,1.531369038624953660e+01
4.649042583595313261e+01,1.644837961865103537e+01
4.651043155187196732e+01,1.640550613368909794e+01
4.653043726779080203e+01,1.722136828096103756e+01
4.655044298370963674e+01,1.702114092179660787e+01
4.657044869962846434e+01,1.799032699055541329e+01
4.659045441554729905e+01,1.893542824885416209e+01
4.661046013146613376e+01,1.870137257880776716e+01
4.663046584738496847e+01,1.860913113698765642e+01
4.665047156330380318e+01,1.935084510829343785e+01
4.667047727922263789e+01,1.927500318237055765e+01
4.669048299514147260e+01,1.982546732233728193e+01
4.671048871106030731e+01,1.951214599955381246e+01
4.673049442697914202e+01,2.008441878126952673e+01
4.675050014289796962e+01,2.013897857667107161e+01
4.677050585881680433e+01,2.032256376201028658e+01
4.679051157473563904e+01,2.067770542298478631e+01
4.681051729065447375e+01,1.953128764050616795e+01
4.683052300657330846e+01,1.976347909412728399e+01
4.685052872249214317e+01,1.947118921272623027e+01
4.687053443841097788e+01,1.946427265483373503e+01
4.689054015432981259e+01,1.924979923917407376e+01
4.691054587024864730e+01,1.860506589817028811e+01
4.693055158616748201e+01,1.782847187039792658e+01
4.695055730208630962e+01,1.676560895915681826e+01
4.697056301800514433e+01,1.677052006330790235e+01
4.699056873392397904e+01,1.523191870836953576e+01
4.701057444984281375e+01,1.519304973085455224e+01
4.703058016576164846e+01,1.359007186844377379e+01
4.705058588168048317e+01,1.379657082096839105e+01
4.707059159759931788e+01,1.312975754126348171e+01
4.709059731351815259e+01,1.251265063554770762e+01
4.711060302943698730e+01,1.134747460180118495e+01
4.713060874535581490e+01,1.115611896579439666e+01
4.715061446127464961e+01,1.061614746849106439e+01
4.717062017719348432e+01,1.011522859213351211e+01
4.719062589311231903e+01,9.389197548123494386e+00
4.721063160903115374e+01,8.338527964954952409e+00
4.723063732494998845e+01,8.571508706500990726e+00
4.725064304086882316e+01,8.285765035968655212e+00
4.727064875678765787e+01,7.781180282491208189e+00
4.729065447270649258e+01,7.766973520927226815e+00
4.731066018862532019e+01,7.006617509510722819e+00
4.733066590454415490e+01,6.761384094672182599e+00
4.735067162046298961e+01,6.005511372876544129e+00
4.737067733638182432e+01,6.789380392166174616e+00
4.739068305230065903e+01,6.275656684957045428e+00
4.741068876821949374e+01,5.430567983197984283e+00
4.743069448413832845e+01,5.857597538235326695e+00
4.745070020005716316e+01,5.938646455177824635e+00
4.747070591597599787e+01,5.274465724635620134e+00
4.749071163189483258e+01,5.852256625035530568e+00
4.751071734781366018e+01,4.958253452738871303e+00
4.753072306373249489e+01,6.039356400507880807e+00
4.755072877965132960e+01,5.119818295444918732e+00
4.757073449557016431e+01,6.107657078215795288e+00
4.759074021148899902e+01,6.802996917217893014e+00
4.761074592740783373e+01,6.058862617034927567e+00
4.763075164332666844e+01,5.852672516376887124e+00
4.765075735924550315e+01,6.355420302212967165e+00
4.767076307516433786e+01,6.917083094988320191e+00
4.769076879108316547e+01,7.154797971285542069e+00
4.771077450700200018e+01,6.713558597680436613e+00
4.773078022292083489e+01,7.821930544936364527e+00
4.775078593883966960e+01,7.955254133607640554e+00
4.777079165475850431e+01,7.931036547334044506e+00
4.779079737067733902e+01,7.992395566330094070e+00
4.781080308659617373e+01,7.246366356536819708e+00
4.783080880251500844e+01,7.178185692092954540e+00
4.785081451843384315e+01,6.419939509900921770e+00
4.787082023435267075e+01,6.477775651318776973e+00
4.789082595027150546e+01,7.079726217752558171e+00
4.791083166619034017e+01,5.915353183313393437e+00
4.793083738210917488e+01,5.170307760067976766e+00
4.795084309802800959e+01,5.247469915909442228e+00
4.797084881394684430e+01,4.512243616391566903e+00
4.799085452986567901e+01,4.701953869634877492e+00
4.801086024578451372e+01,4.422210585453879794e+00
4.803086596170334843e+01,4.080296604521711501e+00
4.805087167762218314e+01,4.285415543446202236e+00
4.807087739354101075e+01,3.000054042344719285e+00
4.809088310945984546e+01,2.557747373370573563e+00
4.811088882537868017e+01,3.242377466847289114e+00
4.813089454129751488e+01,2.831546626597483574e+00
4.815090025721634959e+01,3.287651170578931747e+00
4.817090597313518430e+01,2.920887889118729763e+00
4.819091168905401901e+01,2.439114978715862136e+00
4.821091740497285372e+01,2.594633839863527136e+00
4.823092312089168843e+01,3.065273782774474043e+00
4.825092883681051603e+01,2.491843689214788160e+00
4.827093455272935074e+01,1.603545374345864083e+00
4.829094026864818545e+01,1.546484658963801717e+00
4.831094598456702016e+01,2.359565703032781681e+00
4.833095170048585487e+01,1.820375201146104072e+00
4.835095741640468958e+01,1.535353018361714783e+00
4.837096313232352429e+01,1.594219033959415111e+00
4.839096884824235900e+01,2.721261239429484835e+00
4.841097456416119371e+01,2.705111687210084881e+00
4.843098028008002842e+01,1.679247548434318560e+00
4.845098599599885603e+01,2.219644650592774937e+00
4.847099171191769074e+01,2.313765804451946462e+00
4.849099742783652545e+01,2.211815435017765452e+00
4.851100314375536016e+01,3.086425491830328660e+00
4.853100885967419487e+01,2.247502965498221705e+00
4.855101457559302958e+01,2.449459174413581852e+00
4.857102029151186429e+01,3.228657226786649126e+00
4.859102600743069900e+01,2.970100461620432064e+00
4.861103172334953371e+01,3.338052711554147400e+00
4.863103743926836131e+01,2.954869852498402061e+00
4.865104315518719602e+01,2.599649849921713773e+00
4.867104887110603073e+01,2.817625395406203381e+00
4.869105458702486544e+01,3.867910571379908014e+00
4.871106030294370015e+01,4.095095635640426224e+00
4.873106601886253486e+01,3.970894182887772406e+00
4.875107173478136957e+01,4.263224856952810171e+00
4.877107745070020428e+01,3.890155572468790623e+00
4.879108316661903899e+01,3.880130168296770599e+00
4.881108888253786660e+01,4.135632002791652440e+00
4.883109459845670131e+01,3.822865350891987646e+00
4.885110031437553602e+01,4.169536894074328259e+00
4.887110603029437073e+01,4.492732432380133645e+00
4.889111174621320544e+01,3.604488463798047881e+00
4.891111746213204015e+01,4.688850244339795026e+00
4.893112317805087486e+01,4.444759162394486651e+00
4.895112889396970957e+01,4.182284198147030452e+00
4.897113460988854428e+01,4.148779098725848158e+00
4.899114032580737899e+01,4.251467753847408382e+00
4.901114604172620659e+01,4.096221911666194870e+00
4.903115175764504130e+01,3.156070501555501728e+00
4.905115747356387601e+01,3.573770551191092881e+00
4.907116318948271072e+01,4.017410075706484562e+00
4.909116890540154543e+01,3.696581997391654717e+00
4.911117462132038014e+01,3.795515205623405386e+00
4.913118033723921485e+01,3.615370385326090563e+00
4.915118605315804956e+01,3.875014411640588907e+00
4.917119176907688427e+01,3.603178309853935168e+00
4.919119748499571187e+01,2.983406652364989142e+00
4.921120320091454658e+01,4.014684926864862113e+00
4.923120891683338129e+01,3.069103589291943379e+00
4.925121463275221600e+01,2.627134969091795558e+00
4.927122034867105071e+01,2.287302604769223979e+00
4.929122606458988542e+01,2.556872682215723280e+00
4.931123178050872014e+01,3.381232025028364063e+00
4.933123749642755485e+01,2.509663515123729649e+00
4.935124321234638956e+01,3.610430633710258519e+00
4.937124892826522427e+01,2.510309330558682106e+00
4.939125464418405187e+01,2.486650848755385113e+00
4.941126036010288658e+01,2.729557944517344126e+00
4.943126607602172129e+01,2.561744082715381676e+00
4.945127179194055600e+01,2.415179080445322590e+00
4.947127750785939071e+01,2.461013823727767669e+00
4.949128322377822542e+01,2.075755103803374357e+00
4.951128893969706013e+01,2.578025740649788844e+00
4.953129465561589484e+01,2.088126792755538919e+00
4.955130037153472955e+01,3.006251757229575716e+00
4.957130608745355715e+01,2.019755305476762963e+00
4.959131180337239186e+01,2.190857899706526002e+00
4.961131751929122657e+01,2.982479179795722413e+00
4.963132323521006128e+01,2.972487905246405937e+00
4.965132895112889599e+01,2.331476908642922119e+00
4.967133466704773070e+01,2.601849349992760629e+00
4.969134038296656541e+01,2.377304812665295142e+00
4.971134609888540012e+01,2.815613848944539477e+00
4.973135181480423483e+01,2.903948620650130596e+00
4.975135753072306244e+01,3.133452562460092850e+00
4.977136324664189715e+01,3.054544144469821365e+00
4.979136896256073186e+01,3.767064829686068261e+00
4.981137467847956657e+01,2.883538977229187061e+00
4.983138039439840128e+01,3.754072838086230934e+00
4.985138611031723599e+01,4.182350497510776144e+00
4.987139182623607070e+01,4.156410910454730434e+00
4.989139754215490541e+01,3.530745672383924560e+00
4.991140325807374012e+01,3.282410181238139657e+00
4.993140897399257483e+01,4.085337035777901527e+00
4.995141468991140243e+01,3.881188101179905647e+00
4.997142040583023714e+01,4.038463906939445458e+00
4.999142612174907185e+01,4.366636366299580629e+00
5.001143183766790656e+01,5.460073320893245707e+00
5.003143755358674127e+01,5.100309898139729015e+00
5.005144326950557598e+01,4.654256564550912856e+00
5.007144898542441069e+01,5.051677160300487301e+00
5.009145470134324540e+01,4.781679569569191379e+00
5.011146041726208011e+01,4.330510872291926106e+00
5.013146613318090772e+01,5.003090667619718879e+00
5.015147184909974243e+01,4.784343347641349276e+00
5.017147756501857714e+01,4.937064500129725531e+00
5.019148328093741185e+01,5.405436758482304427e+00
5.021148899685624656e+01,4.945757279901854986e+00
5.023149471277508127e+01,5.765120402598674865e+00
5.025150042869391598e+01,5.244180498519693145e+00
5.027150614461275069e+01,5.262121979056606946e+00
5.029151186053158540e+01,4.841707083946598544e+00
5.031151757645042011e+01,5.194387059516319738e+00
5.033152329236924771e+01,5.577522179619373688e+00
5.035152900828808242e+01,5.623775052586506007e+00
5.037153472420691713e+01,5.908374284842837554e+00
5.039154044012575184e+01,5.857819149972690376e+00
5.041154615604458655e+01,6.302274448286767417e+00
5.043155187196342126e+01,5.999333408938069212e+00
5.045155758788225597e+01,6.108634668427002978e+00
5.047156330380109068e+01,6.500549237516208834e+00
5.049156901971992539e+01,6.889017828800470866e+00
5.051157473563875300e+01,6.476337342067676417e+00
5.053158045155758771e+01,6.926101784485271473e+00
5.055158616747642242e+01,7.401568234287013937e+00
5.057159188339525713e+01,6.967002430894642551e+00
5.059159759931409184e+01,6.810861917319163794e+00
5.061160331523292655e+01,6.912440309309742403e+00
5.063160903115176126e+01,7.180969389162180860e+00
5.065161474707059597e+01,6.442695197334257884e+00
5.067162046298943068e+01,6.179736630257735897e+00
5.069162617890825828e+01,6.849046990708885119e+00
5.071163189482709299e+01,6.040169515215515261e+00
5.073163761074592770e+01,6.065283031548773351e+00
5.075164332666476241e+01,6.111040504650758542e+00
5.077164904258359712e+01,5.104602201317486987e+00
5.079165475850243183e+01,5.878528322189217725e+00
5.081166047442126654e+01,4.647499537290585181e+00
5.083166619034010125e+01,5.724226031453048869e+00
5.085167190625893596e+01,4.460947483205817576e+00
5.087167762217777067e+01,4.451051089321012455e+00
5.089168333809659828e+01,3.653823594963444332e+00
5.091168905401543299e+01,3.622376169898793741e+00
5.093169476993426770e+01,4.077247966547642655e+00
5.095170048585310241e+01,4.112116845344266025e+00
5.097170620177193712e+01,4.242839494785799026e+00
5.099171191769077183e+01,3.365435065721765540e+00
5.101171763360960654e+01,3.052436895523687355e+00
5.103172334952844125e+01,3.385327664496796896e+00
5.105172906544727596e+01,2.808295642490912680e+00
5.107173478136610356e+01,2.831046814958090074e+00
5.109174049728493827e+01,3.685029417981955824e+00
5.111174621320377298e+01,3.238196799626828160e+00
5.113175192912260769e+01,3.446247695871516470e+00
5.115175764504144240e+01,3.436770718310989459e+00
5.117176336096027711e+01,4.187142461437746377e+00
5.119176907687911182e+01,3.496453059699597965e+00
5.121177479279794653e+01,3.681746717353695963e+00
5.123178050871678124e+01,4.262323352697984902e+00
5.125178622463561595e+01,4.666098901807499644e+00
5.127179194055444356e+01,4.204381543949144096e+00
5.129179765647327827e+01,4.081204702830986797e+00
5.131180337239211298e+01,4.891210606325953059e+00
5.133180908831094769e+01,4.870068568792036423e+00
5.135181480422978240e+01,5.625616021101157216e+00
5.137182052014861711e+01,5.996944641077126548e+00
5.139182623606745182e+01,6.034631269967430711e+00
5.141183195198628653e+01,6.362051850703865696e+00
5.143183766790512124e+01,6.499241993321038358e+00
5.145184338382394884e+01,7.708508978775705955e+00
5.147184909974278355e+01,8.215358753960822824e+00
5.149185481566161826e+01,8.212166293173449816e+00
5.151186053158045297e+01,7.984851292187263638e+00
5.153186624749928768e+01,7.959672257484864843e+00
5.155187196341812239e+01,8.180530873158506466e+00
5.157187767933695710e+01,8.016384865889481404e+00
5.159188339525579181e+01,9.039156619144154803e+00
5.161188911117462652e+01,8.479648202639408439e+00
5.163189482709345413e+01,8.782663448720661847e+00
5.165190054301228884e+01,8.357126919800426990e+00
5.167190625893112355e+01,8.465814521718474595e+00
5.169191197484995826e+01,9.154690585805365544e+00
5.171191769076879297e+01,7.798331034754452773e+00
5.173192340668762768e+01,7.974122043541135518e+00
5.175192912260646239e+01,7.905381761595206669e+00
5.177193483852529710e+01,7.518253147450271179e+00
5.179194055444413181e+01,7.966149355377330821e+00
5.181194627036296652e+01,7.772923164882393543e+00
5.183195198628179412e+01,7.915478051351820810e+00
5.185195770220062883e+01,7.350848969338606764e+00
5.187196341811946354e+01,7.515612499235421851e+00
5.189196913403829825e+01,7.104541078238369778e+00
5.191197484995713296e+01,7.408164457251067425e+00
5.193198056587596767e+01,6.712183418328743656e+00
5.195198628179480238e+01,6.180946123802036674e+00
5.197199199771363709e+01,6.988149786099984162e+00
5.199199771363247180e+01,7.292658545823160310e+00
5.201200342955129940e+01,6.382228708383424376e+00
5.203200914547013411e+01,6.846411683124657088e+00
5.205201486138896882e+01,6.557272711790632869e+00
5.207202057730780353e+01,6.428719223549041573e+00
5.209202629322663824e+01,6.402306579043012036e+00
5.211203200914547295e+01,6.301622162488441425e+00
5.213203772506430766e+01,6.581549272853147059e+00
5.215204344098314237e+01,6.501068873857057895e+00
5.217204915690197708e+01,6.912731427472719403e+00
5.219205487282081180e+01,6.167334052570618397e+00
5.221206058873963940e+01,6.517374014896056167e+00
5.223206630465847411e+01,5.922376945318140073e+00
5.225207202057730882e+01,6.186079481511447931e+00
5.227207773649614353e+01,7.049413597055899317e+00
5.229208345241497824e+01,6.163899983521156756e+00
5.231208916833381295e+01,6.654830270929953606e+00
5.233209488425264766e+01,6.668237700464652917e+00
5.235210060017148237e+01,6.863348889481803106e+00
5.237210631609031708e+01,7.110275645133684819e+00
5.239211203200914468e+01,6.825621494438033565e+00
5.241211774792797939e+01,8.184947083358556696e+00
5.243212346384681410e+01,8.163551839482762418e+00
5.245212917976564881e+01,9.150986875395586750e+00
5.247213489568448352e+01,8.745215527784340637e+00
5.249214061160331823e+01,9.674639150032362522e+00
5.251214632752215294e+01,1.002951498285946208e+01
5.253215204344098765e+01,1.010355029567206842e+01
5.255215775935982236e+01,1.072904279566371777e+01
5.257216347527864997e+01,1.228470705978536515e+01
5.259216919119748468e+01,1.261993897825762723e+01
5.261217490711631939e+01,1.359184171857595835e+01
5.263218062303515410e+01,1.378790236326902452e+01
5.265218633895398881e+01,1.496395095979432455e+01
5.267219205487282352e+01,1.549534919733958027e+01
5.269219777079165823e+01,1.658211549367150184e+01
5.271220348671049294e+01,1.806704036884591247e+01
5.273220920262932765e+01,1.825497481078516770e+01
5.275221491854816236e+01,1.894072825039746633e+01
5.277222063446698996e+01,1.990614450565610483e+01
5.279222635038582467e+01,2.026083056847236463e+01
5.281223206630465938e+01,2.105570244696978577e+01
5.283223778222349409e+01,2.142338155949883216e+01
5.285224349814232880e+01,2.108798923804401326e+01
5.287224921406116351e+01,2.112326639848997090e+01
5.289225492997999822e+01,2.175433987586660578e+01
5.291226064589883293e+01,2.103358738322258148e+01
5.293226636181766764e+01,2.149244402936156462e+01
5.295227207773649525e+01,1.985785433290347157e+01
5.297227779365532996e+01,2.015306711054144628e+01
5.299228350957416467e+01,1.964077801073880991e+01
5.301228922549299938e+01,1.894831987337134294e+01
5.303229494141183409e+01,1.814290841466371873e+01
5.305230065733066880e+01,1.742656113534799900e+01
5.307230637324950351e+01,1.637057236396354654e+01
5.309231208916833822e+01,1.589160970527471051e+01
5.311231780508717293e+01,1.495182717251363158e+01
5.313232352100600764e+01,1.406719462310339352e+01
5.315232923692483524e+01,1.267535553726446018e+01
5.317233495284366995e+01,1.195590415076602220e+01
5.319234066876250466e+01,1.124069820256919705e+01
5.321234638468133937e+01,1.137428795593947939e+01
5.323235210060017408e+01,1.000067376587644929e+01
5.325235781651900879e+01,9.076071263134414480e+00
5.327236353243784350e+01,8.660347408957889570e+00
5.329236924835667821e+01,8.213388129273416993e+00
5.331237496427551292e+01,7.476244059647511264e+00
5.333238068019434053e+01,6.936447264833568660e+00
5.335238639611317524e+01,7.230782003719025575e+00
5.337239211203200995e+01,6.237832329030585932e+00
5.339239782795084466e+01,5.494372139241207265e+00
5.341240354386967937e+01,5.360892257505188496e+00
5.343240925978851408e+01,5.291338579906609496e+00
5.345241497570734879e+01,5.699992040966791684e+00
5.347242069162618350e+01,4.191227551820285946e+00
5.349242640754501821e+01,4.697112503324225585e+00
5.351243212346384581e+01,3.601095412354437197e+00
5.353243783938268052e+01,4.582921182873670674e+00
5.355244355530151523e+01,3.644508313386821907e+00
5.357244927122034994e+01,3.544288307790333103e+00
5.359245498713918465e+01,3.771644972488108039e+00
5.361246070305801936e+01,3.651072813350044299e+00
5.363246641897685407e+01,3.051658785402854956e+00
5.365247213489568878e+01,3.563632878959155814e+00
5.367247785081452349e+01,3.201506574085388745e+00
5.369248356673335820e+01,3.260991924164983402e+00
5.371248928265218581e+01,3.244419833682986365e+00
5.373249499857102052e+01,2.907765971898903068e+00
5.375250071448985523e+01,3.931833661007123837e+00
5.377250643040868994e+01,4.044305576337824171e+00
5.379251214632752465e+01,3.804767058825628823e+00
5.381251786224635936e+01,4.092504364455243682e+00
5.383252357816519407e+01,3.989566098564614194e+00
5.385252929408402878e+01,3.687634749491641273e+00
5.387253501000286349e+01,4.261313168161022347e+00
5.389254072592169109e+01,5.389180733457141770e+00
5.391254644184052580e+01,4.863622424288355894e+00
5.393255215775936051e+01,5.037840624974898596e+00
5.395255787367819522e+01,6.403793472210971061e+00
5.397256358959702993e+01,5.517550407075860974e+00
5.399256930551586464e+01,6.574545739534643829e+00
5.401257502143469935e+01,6.164176351988498226e+00
5.403258073735353406e+01,7.799602819355660799e+00
5.405258645327236877e+01,7.725485323625218115e+00
5.407259216919120348e+01,7.926038099946125293e+00
5.409259788511003109e+01,7.880869572625813113e+00
5.411260360102886580e+01,8.153623105639987045e+00
5.413260931694770051e+01,8.913987090868321417e+00
5.415261503286653522e+01,7.936464901123301274e+00
5.417262074878536993e+01,7.888721220391795796e+00
5.419262646470420464e+01,8.949076642004349935e+00
5.421263218062303935e+01,8.219179456413819196e+00
5.423263789654187406e+01,8.571822012420406978e+00
5.425264361246070877e+01,7.597799502168065544e+00
5.427264932837953637e+01,7.500544829511609279e+00
5.429265504429837108e+01,7.394636042669420206e+00
5.431266076021720579e+01,8.064833737883985165e+00
5.433266647613604050e+01,7.873838839085280483e+00
5.435267219205487521e+01,7.195588138150920798e+00
5.437267790797370992e+01,6.189286197870838002e+00
5.439268362389254463e+01,6.504030943106821283e+00
5.441268933981137934e+01,6.077629446228391075e+00
5.443269505573021405e+01,5.512961574341000315e+00
5.445270077164904166e+01,5.310730922577387325e+00
5.447270648756787637e+01,4.613840787782761410e+00
5.449271220348671108e+01,3.880644787864014233e+00
5.451271791940554579e+01,4.444667705428891225e+00
5.453272363532438050e+01,3.903632620449942081e+00
5.455272935124321521e+01,3.909412177783000431e+00
5.457273506716204992e+01,3.525005294515043630e+00
5.459274078308088463e+01,3.638712044094440490e+00
5.461274649899971934e+01,3.928831333130295533e+00
5.463275221491855405e+01,2.827266004615318629e+00
5.465275793083738165e+01,2.996082427418220284e+00
5.467276364675621636e+01,2.781391485825779775e+00
5.469276936267505107e+01,2.888891567349699763e+00
5.471277507859388578e+01,3.124223706770139053e+00
5.473278079451272049e+01,3.610989912846886529e+00
5.475278651043155520e+01,3.247091744565906879e+00
5.477279222635038991e+01,2.655547299531770822e+00
5.479279794226922462e+01,3.333886994758654243e+00
5.481280365818805933e+01,3.847478373466755475e+00
5.483280937410688693e+01,3.615713202787175451e+00
5.485281509002572164e+01,4.191789290365115050e+00
5.487282080594455635e+01,4.265470525070640839e+00
5.489282652186339106e+01,4.262399308519302821e+00
5.491283223778222577e+01,4.693187186111467568e+00
5.493283795370106048e+01,3.345051495980867706e+00
5.495284366961989519e+01,4.335164271102878608e+00
5.497284938553872990e+01,4.822234798991433813e+00
5.499285510145756461e+01,4.134610040948811793e+00
5.501286081737639222e+01,4.483809109032341311e+00
5.503286653329522693e+01,4.502959950965655267e+00
5.505287224921406164e+01,4.808906611982688872e+00
5.507287796513289635e+01,5.765279081534378847e+00
5.509288368105173106e+01,4.437488974003971798e+00
5.511288939697056577e+01,5.061837192629689675e+00
5.513289511288940048e+01,5.327737426379643537e+00
5.515290082880823519e+01,5.856247517480875686e+00
5.517290654472706990e+01,4.736975350386056327e+00
5.519291226064590461e+01,5.813954755935593965e+00
5.521291797656473221e+01,5.101510712830993555e+00
5.523292369248356692e+01,5.304083111507036818e+00
5.525292940840240163e+01,5.907093157881436518e+00
5.527293512432123634e+01,6.263577015434959705e+00
5.529294084024007105e+01,6.076648451360032510e+00
5.531294655615890576e+01,6.880185683854043610e+00
5.533295227207774047e+01,7.286015621910458151e+00
5.535295798799657518e+01,7.063569421940681714e+00
5.537296370391540989e+01,8.341570080333617909e+00
5.539296941983423750e+01,9.384433761638424798e+00
5.541297513575307221e+01,8.833250403842516363e+00
5.543298085167190692e+01,1.045967330503168213e+01
5.545298656759074163e+01,1.019976818609450753e+01
5.547299228350957634e+01,1.105349012160450783e+01
5.549299799942841105e+01,1.279452838745353560e+01
5.551300371534724576e+01,1.295958396180645877e+01
5.553300943126608047e+01,1.401019226152539687e+01
5.555301514718491518e+01,1.483783583150087182e+01
5.557302086310374989e+01,1.559690423949473370e+01
5.559302657902257749e+01,1.567970956119633641e+01
5.561303229494141220e+01,1.671691784828346883e+01
5.563303801086024691e+01,1.670564284019461709e+01
5.565304372677908162e+01,1.785212814577944584e+01
5.567304944269791633e+01,1.824272462273626516e+01
5.569305515861675104e+01,1.872658965534353115e+01
5.571306087453558575e+01,1.861596804304158681e+01
5.573306659045442046e+01,1.835092247322586800e+01
5.575307230637325517e+01,1.886443921374678467e+01
5.577307802229208278e+01,1.852780960031390833e+01
5.579308373821091749e+01,1.743014155664653231e+01
5.581308945412975220e+01,1.849004894487345751e+01
5.583309517004858691e+01,1.760150131690283359e+01
5.585310088596742162e+01,1.656590475820717145e+01
5.587310660188625633e+01,1.555942356042398522e+01
5.589311231780509104e+01,1.491722079971254722e+01
5.591311803372392575e+01,1.410743080408366090e+01
5.593312374964276046e+01,1.428684464607165516e+01
5.595312946556158806e+01,1.377165081293810545e+01
5.597313518148042277e+01,1.210407925053363520e+01
5.599314089739925748e+01,1.177290723554251883e+01
5.601314661331809219e+01,1.107630678080665021e+01
5.603315232923692690e+01,9.687083127794608117e+00
5.605315804515576161e+01,8.524940355859556007e+00
5.607316376107459632e+01,8.907376328024403378e+00
5.609316947699343103e+01,7.471402399717100629e+00
5.611317519291226574e+01,6.829862136807785866e+00
5.613318090883110045e+01,6.662758035136814527e+00
5.615318662474992806e+01,6.827252076320608154e+00
5.617319234066876277e+01,6.278175317379568021e+00
5.619319805658759748e+01,5.797858329426080815e+00
5.621320377250643219e+01,5.788617129583633947e+00
5.623320948842526690e+01,5.002400036747491008e+00
5.625321520434410161e+01,4.892788369589695208e+00
5.627322092026293632e+01,4.103580728279653478e+00
5.629322663618177103e+01,4.604680052983384897e+00
5.631323235210060574e+01,4.705761609421304392e+00
5.633323806801943334e+01,4.903764466930946142e+00
5.635324378393826805e+01,4.618605386918116729e+00
5.637324949985710276e+01,3.654172700123734963e+00
5.639325521577593747e+01,4.700120862270395605e+00
5.641326093169477218e+01,4.609177210780996958e+00
5.643326664761360689e+01,5.314320799559876463e+00
5.645327236353244160e+01,4.301973294055821739e+00
5.647327807945127631e+01,5.138182057699616223e+00
5.649328379537011102e+01,5.768524459905153279e+00
5.651328951128894573e+01,5.590519592451266284e+00
5.653329522720777334e+01,5.720120661056970590e+00
5.655330094312660805e+01,5.461797590860165030e+00
5.657330665904544276e+01,6.273725126195111912e+00
5.659331237496427747e+01,6.519966456221351514e+00
5.661331809088311218e+01,6.175520228596898420e+00
5.663332380680194689e+01,6.576473039178525326e+00
5.665332952272078160e+01,8.055332848510943222e+00
5.667333523863961631e+01,7.424158224291902641e+00
5.669334095455845102e+01,8.856249167285072943e+00
5.671334667047727862e+01,7.856582233925140990e+00
5.673335238639611333e+01,8.181017161642799351e+00
5.675335810231494804e+01,9.377703977631057342e+00
5.677336381823378275e+01,9.936671561915147777e+00
5.679336953415261746e+01,9.328822155999214161e+00
5.681337525007145217e+01,1.060746149785615344e+01
5.683338096599028688e+01,1.061476756067690275e+01
5.685338668190912159e+01,1.072119934832234200e+01
5.687339239782795630e+01,1.175392999078705891e+01
5.689339811374678391e+01,1.164684878883030450e+01
5.691340382966561862e+01,1.195785348999456943e+01
5.693340954558445333e+01,1.245190634651918771e+01
5.695341526150328804e+01,1.338947113608670136e+01
5.697342097742212275e+01,1.246007372769303601e+01
5.699342669334095746e+01,1.277716099167256303e+01
5.701343240925979217e+01,1.384652264741511729e+01
5.703343812517862688e+01,1.225797276916475198e+01
5.705344384109746159e+01,1.260496261577850419e+01
5.707344955701629630e+01,1.297877496611662451e+01
5.709345527293512390e+01,1.179869707948007118e+01
5.711346098885395861e+01,1.252753574244732171e+01
5.713346670477279332e+01,1.183335837457646278e+01
5.715347242069162803e+01,1.248116466189669005e+01
5.717347813661046274e+01,1.254797956262973280e+01
5.719348385252929745e+01,1.212285142757023593e+01
5.721348956844813216e+01,1.238914447131991281e+01
5.723349528436696687e+01,1.228173447347939273e+01
5.725350100028580158e+01,1.270379495738795228e+01
5.727350671620462919e+01,1.235256376146845270e+01
5.729351243212346390e+01,1.277557364335854828e+01
5.731351814804229861e+01,1.383612135523263120e+01
5.733352386396113332e+01,1.321540323448884990e+01
5.735352957987996803e+01,1.279770682902231016e+01
5.737353529579880274e+01,1.321597081207004898e+01
5.739354101171763745e+01,1.381001078257306958e+01
5.741354672763647216e+01,1.325785536199666481e+01
5.743355244355530687e+01,1.294992207824216379e+01
5.745355815947414158e+01,1.278949026965989866e+01
5.747356387539296918e+01,1.191601833668896226e+01
5.749356959131180389e+01,1.123867220136779643e+01
5.751357530723063860e+01,1.129659315775361961e+01
5.753358102314947331e+01,1.121798115566284082e+01
5.755358673906830802e+01,1.083738415878059236e+01
5.757359245498714273e+01,1.033672618357505790e+01
5.759359817090597744e+01,9.512192160129551155e+00
5.761360388682481215e+01,9.700503509578535244e+00
5.763360960274364686e+01,8.942954207504344666e+00
5.765361531866247446e+01,7.576299127853792115e+00
5.767362103458130917e+01,8.128531469842535273e+00
5.769362675050014388e+01,7.988576441162421382e+00
5.771363246641897859e+01,6.574860134614055163e+00
5.773363818233781330e+01,6.605691568005013892e+00
5.775364389825664801e+01,6.138858122295465236e+00
5.777364961417548272e+01,6.624851798848736095e+00
5.779365533009431743e+01,5.929211942821477344e+00
5.781366104601315214e+01,5.239756177846075502e+00
5.783366676193197975e+01,5.694745785516186487e+00
5.785367247785081446e+01,5.172271944688802137e+00
5.787367819376964917e+01,5.325401503637216649e+00
5.789368390968848388e+01,4.547470048232975515e+00
5.791368962560731859e+01,5.085839329014604004e+00
5.793369534152615330e+01,5.200196713292701389e+00
5.795370105744498801e+01,5.228784799904773628e+00
5.797370677336382272e+01,3.823273059035667387e+00
5.799371248928265743e+01,3.805557120347079270e+00
5.801371820520149214e+01,4.583524854268248738e+00
5.803372392112031974e+01,4.123251890110886109e+00
5.805372963703915445e+01,5.176374505516927016e+00
5.807373535295798916e+01,3.987636022900955535e+00
5.809374106887682387e+01,4.220829130472422364e+00
5.811374678479565858e+01,4.635956537499471786e+00
5.813375250071449329e+01,4.854921001933137248e+00
5.815375821663332800e+01,4.735637679408406520e+00
5.817376393255216271e+01,4.670805774984411407e+00
5.819376964847099742e+01,4.781915615054693092e+00
5.821377536438982503e+01,5.020713664276877708e+00
5.823378108030865974e+01,4.691471449074606781e+00
5.825378679622749445e+01,4.509521006843895563e+00
5.827379251214632916e+01,5.171582933035878682e+00
5.829379822806516387e+01,3.950360452330076377e+00
5.831380394398399858e+01,4.891110305620066434e+00
5.833380965990283329e+01,4.578905061690364597e+00
5.835381537582166800e+01,4.625712694670669478e+00
5.837382109174050271e+01,4.663181955648963317e+00
5.839382680765933742e+01,5.274893665917541163e+00
5.841383252357816502e+01,5.100826378034095221e+00
5.843383823949699973e+01,4.867886803129191975e+00
5.845384395541583444e+01,4.771429891503734311e+00
5.847384967133466915e+01,4.232135184978422338e+00
5.849385538725350386e+01,5.220327342806088566e+00
5.851386110317233857e+01,5.098636527488253023e+00
5.853386681909117328e+01,4.527462942428777559e+00
5.855387253501000799e+01,4.082361422441986853e+00
5.857387825092884270e+01,4.819898609164081194e+00
5.859388396684767031e+01,3.869062080050995167e+00
5.861388968276650502e+01,4.611853125849256330e+00
5.863389539868533973e+01,4.607770570037618363e+00
5.865390111460417444e+01,3.876492523933048773e+00
5.867390683052300915e+01,3.970341985673890406e+00
5.869391254644184386e+01,4.345588247972031581e+00
5.871391826236067857e+01,3.897811791368503531e+00
5.873392397827951328e+01,3.771208789132149519e+00
5.875392969419834799e+01,3.788752723731430017e+00
5.877393541011717559e+01,4.488502856410189423e+00
5.879394112603601030e+01,4.366987619508561735e+00
5.881394684195484501e+01,3.509745288980205657e+00
5.883395255787367972e+01,4.209885570653081110e+00
5.885395827379251443e+01,3.693452272288868965e+00
5.887396398971134914e+01,4.452926992226934111e+00
5.889396970563018385e+01,3.275463944517821524e+00
5.891397542154901856e+01,3.965403242937021844e+00
5.893398113746785327e+01,5.033049697408259249e+00
5.895398685338668798e+01,3.940519446799281233e+00
5.897399256930551559e+01,4.147679291015164083e+00
5.899399828522435030e+01,4.549067468293733540e+00
5.901400400114318501e+01,5.205677470110384952e+00
5.903400971706201972e+01,5.906725543096134068e+00
5.905401543298085443e+01,5.208681571485154649e+00
5.907402114889968914e+01,4.912593092738977596e+00
5.909402686481852385e+01,5.079152965059211766e+00
5.911403258073735856e+01,4.937368648762327616e+00
5.913403829665619327e+01,5.296514006294156474e+00
5.915404401257502087e+01,5.462150866230759405e+00
5.917404972849385558e+01,5.089239909881661639e+00
5.919405544441269029e+01,4.549631614393769397e+00
5.921406116033152500e+01,4.553530262647582205e+00
5.923406687625035971e+01,5.031346006045242625e+00
5.925407259216919442e+01,4.822603269869222054e+00
5.927407830808802913e+01,4.281752491344012590e+00
5.929408402400686384e+01,4.960560284308814794e+00
5.931408973992569855e+01,3.664161773063283611e+00
5.933409545584453326e+01,3.836899990797109972e+00
5.935410117176336087e+01,4.266484488486073978e+00
5.937410688768219558e+01,3.779886329136229683e+00
5.939411260360103029e+01,3.374289606747972847e+00
5.941411831951986500e+01,3.013606141148022388e+00
5.943412403543869971e+01,2.815839364325269933e+00
5.945412975135753442e+01,3.512387841488201268e+00
5.947413546727636913e+01,3.632533251332684010e+00
5.949414118319520384e+01,2.816733195350676233e+00
5.951414689911403855e+01,2.417474165871607905e+00
5.953415261503286615e+01,2.138941231664554188e+00
5.955415833095170086e+01,2.721364890208830545e+00
5.957416404687053557e+01,3.036426367406954263e+00
5.959416976278937028e+01,1.560874550682651130e+00
5.961417547870820499e+01,2.506689938586831978e+00
5.963418119462703970e+01,1.970318453775417922e+00
5.965418691054587441e+01,2.201683259363936163e+00
5.967419262646470912e+01,2.162331800494967204e+00
5.969419834238354383e+01,1.675096709341113765e+00
5.971420405830237144e+01,1.823312321822781357e+00
5.973420977422120615e+01,1.570391535463578236e+00
5.975421549014004086e+01,2.039730563265107044e+00
5.977422120605887557e+01,1.856619106909594752e+00
5.979422692197771028e+01,1.976798929699556506e+00
5.981423263789654499e+01,1.591796963450923030e+00
5.983423835381537970e+01,2.541188928642315936e+00
5.985424406973421441e+01,2.438312460578106133e+00
5.987424978565304912e+01,2.039588369194221151e+00
5.989425550157188383e+01,1.348769738174269150e+00
5.991426121749071143e+01,1.079716421946938398e+00
5.993426693340954614e+01,1.016704012722340789e+00
5.995427264932838085e+01,9.149433225795273739e-01
5.997427836524721556e+01,2.061011182325472646e+00
5.999428408116605027e+01,1.473543753370135212e+00
6.001428979708488498e+01,2.274935585569829666e+00
6.003429551300371969e+01,1.635516301637295555e+00
6.005430122892255440e+01,1.582137420031660469e+00
6.007430694484138911e+01,1.694604743131516766e+00
6.009431266076021672e+01,1.503582042776413719e+00
6.011431837667905143e+01,2.039668436826046705e+00
6.013432409259788614e+01,1.523180863193467349e+00
6.015432980851672085e+01,1.445631196588297751e+00
6.017433552443555556e+01,1.627502793408121873e+00
6.019434124035439027e+01,1.733708999380098703e+00
6.021434695627322498e+01,1.517579698405028488e+00
6.023435267219205969e+01,1.601867016250710041e+00
6.025435838811089440e+01,1.165267185383269677e+00
6.027436410402972911e+01,1.705896487211440160e+00
6.029436981994855671e+01,1.548875903366645934e+00
6.031437553586739142e+01,1.999601772448196257e+00
6.033438125178622613e+01,1.691717895791589932e+00
6.035438696770506084e+01,2.191449392621157344e+00
6.037439268362389555e+01,1.784620406808425264e+00
6.039439839954273026e+01,2.305350176048941435e+00
6.041440411546156497e+01,2.057508359784592677e+00
6.043440983138039968e+01,1.625728147120384603e+00
6.045441554729923439e+01,1.813094020362290060e+00
6.047442126321806199e+01,1.949783525186115529e+00
6.049442697913689670e+01,2.032326489929421776e+00
6.051443269505573141e+01,1.571480104010731793e+00
6.053443841097456612e+01,2.637049768175694808e+00
6.055444412689340083e+01,2.471444835759904368e+00
6.057444984281223554e+01,1.982295374119732667e+00
6.059445555873107025e+01,2.174523949499620912e+00
6.061446127464990496e+01,2.370947240756430929e+00
6.063446699056873967e+01,2.597492527313869370e+00
6.065447270648756728e+01,2.607660556065293456e+00
6.067447842240640199e+01,2.745860787646044798e+00
6.069448413832523670e+01,2.147480126687417279e+00
6.071448985424407141e+01,2.047657716606498646e+00
6.073449557016290612e+01,3.116097032904428410e+00
6.075450128608174083e+01,2.551402528009290904e+00
6.077450700200057554e+01,3.120163705484373828e+00
6.079451271791941025e+01,3.108768323540885170e+00
6.081451843383824496e+01,2.812947459689219887e+00
6.083452414975707967e+01,3.080887610527742293e+00
6.085452986567590727e+01,3.184663363428129834e+00
6.087453558159474198e+01,3.756644795651921331e+00
6.089454129751357669e+01,3.578882047635575603e+00
6.091454701343241140e+01,3.013397158803042597e+00
6.093455272935124611e+01,2.612064251586213359e+00
6.095455844527008082e+01,3.987846692408165250e+00
6.097456416118891553e+01,3.295163388405791594e+00
6.099456987710775024e+01,3.212008768568329398e+00
6.101457559302658495e+01,2.671707556373354109e+00
6.103458130894541256e+01,3.490006067339245455e+00
6.105458702486424727e+01,3.462992568657688341e+00
6.107459274078308198e+01,3.429941917265202367e+00
6.109459845670191669e+01,3.305361836393361230e+00
6.111460417262075140e+01,3.006440402776667575e+00
6.113460988853958611e+01,3.264412878311653277e+00
6.115461560445842082e+01,3.393452541974563363e+00
6.117462132037725553e+01,3.729535721786190194e+00
6.119462703629609024e+01,3.270533360477103635e+00
6.121463275221492495e+01,3.253206446553560838e+00
6.123463846813375255e+01,4.140025257690473026e+00
6.125464418405258726e+01,3.955606042190205507e+00
6.127464989997142197e+01,3.950929783466034628e+00
6.129465561589025668e+01,3.548813942409506872e+00
6.131466133180909139e+01,4.053218737911341130e+00
6.133466704772792610e+01,3.900663081370926211e+00
6.135467276364676081e+01,3.891433733071999246e+00
6.137467847956559552e+01,3.801565037680635584e+00
6.139468419548443023e+01,3.795189312048532493e+00
6.141468991140325784e+01,4.294970497072560178e+00
6.143469562732209255e+01,4.862116153191921697e+00
6.145470134324092726e+01,5.333864894374270804e+00
6.147470705915976197e+01,5.845337284389566790e+00
6.149471277507859668e+01,5.514623336242005180e+00
6.151471849099743139e+01,4.999284395238870360e+00
6.153472420691626610e+01,4.695001641880311993e+00
6.155472992283510081e+01,5.627218297543965519e+00
6.157473563875393552e+01,5.397180788911587257e+00
6.159474135467276312e+01,5.969999701920631452e+00
6.161474707059159783e+01,5.915313808471319490e+00
6.163475278651043254e+01,5.790906886839184864e+00
6.165475850242926725e+01,5.880083169504846552e+00
6.167476421834810196e+01,5.656308374861259480e+00
6.169476993426693667e+01,5.826064519242745376e+00
6.171477565018577138e+01,6.533836808570887555e+00
6.173478136610460609e+01,6.714744462061084107e+00
6.175478708202344080e+01,5.766360375601434995e+00
6.177479279794227551e+01,6.303910811517447144e+00
6.179479851386110312e+01,6.475683521817806820e+00
6.181480422977993783e+01,6.139743191381164422e+00
6.183480994569877254e+01,6.222345774775043914e+00
6.185481566161760725e+01,6.300312579822962888e+00
6.187482137753644196e+01,5.676080049775504399e+00
6.189482709345527667e+01,6.423142150960816643e+00
6.191483280937411138e+01,6.096292240093572623e+00
6.193483852529294609e+01,6.527045866811752362e+00
6.195484424121178080e+01,5.234369901002510872e+00
6.197484995713060840e+01,6.446558025767199496e+00
6.199485567304944311e+01,5.518029601999892897e+00
6.201486138896827782e+01,5.602650754028054791e+00
6.203486710488711253e+01,4.721104420617498576e+00
6.205487282080594724e+01,5.351066935663512325e+00
6.207487853672478195e+01,4.747240709195359898e+00
6.209488425264361666e+01,4.839890608263351268e+00
6.211488996856245137e+01,3.628189511314299232e+00
6.213489568448128608e+01,4.264557810995831311e+00
6.215490140040011369e+01,4.537952116103487477e+00
6.217490711631894840e+01,3.808147109402796993e+00
6.219491283223778311e+01,3.900887441066179129e+00
6.221491854815661782e+01,3.359091508960927008e+00
6.223492426407545253e+01,3.473299232911214673e+00
6.225492997999428724e+01,2.819782533127867641e+00
6.227493569591312195e+01,2.206990892333334120e+00
6.229494141183195666e+01,2.073132385409136802e+00
6.231494712775079137e+01,2.363645268509821040e+00
6.233495284366962608e+01,2.122439670052774119e+00
6.235495855958845368e+01,3.298178690421975201e+00
6.237496427550728839e+01,2.308986784577243156e+00
6.239496999142612310e+01,2.432049703253992057e+00
6.241497570734495781e+01,2.232163356112284447e+00
6.243498142326379252e+01,2.439543971417911461e+00
6.245498713918262723e+01,2.383496597045209775e+00
6.247499285510146194e+01,2.436158581236788745e+00
6.249499857102029665e+01,2.861851969322787959e+00
6.251500428693913136e+01,2.111875627281897927e+00
6.253501000285795897e+01,2.290512015772337318e+00
6.255501571877679368e+01,2.301441048040003601e+00
6.257502143469562839e+01,3.206576614853748453e+00
6.259502715061446310e+01,2.005650981811690325e+00
6.261503286653329781e+01,1.706301887922347049e+00
6.263503858245213252e+01,2.211867244472628613e+00
6.265504429837096723e+01,2.381277836513568058e+00
6.267505001428980194e+01,2.596721709889528107e+00
6.269505573020863665e+01,2.260134264141987703e+00
6.271506144612747136e+01,2.042659288039367027e+00
6.273506716204629896e+01,2.089171629801514385e+00
6.275507287796513367e+01,2.104435049800659652e+00
6.277507859388396838e+01,2.868499944413274605e+00
6.279508430980280309e+01,2.713729101872363270e+00
6.281509002572163780e+01,2.506942483335124372e+00
6.283509574164047251e+01,2.827925425137128190e+00
6.285510145755930722e+01,2.338878072196492575e+00
6.287510717347814193e+01,2.960378520147560977e+00
6.289511288939697664e+01,2.370119926879751038e+00
6.291511860531580425e+01,3.027132766153943777e+00
6.293512432123463896e+01,2.962726936734210170e+00
6.295513003715347367e+01,2.845358376665642730e+00
6.297513575307230838e+01,2.801086381890796506e+00
6.299514146899114309e+01,2.950856877748928575e+00
6.301514718490997780e+01,2.414937885672241435e+00
6.303515290082881251e+01,2.678992107256706667e+00
6.305515861674764722e+01,3.155349186130646189e+00
6.307516433266648193e+01,2.989319696691455697e+00
6.309517004858530953e+01,2.736618666886114326e+00
6.311517576450414424e+01,2.330283847394904573e+00
6.313518148042297895e+01,2.297580210755733710e+00
6.315518719634181366e+01,1.556396640763443973e+00
6.317519291226064837e+01,3.314889559151694698e+00
6.319519862817948308e+01,3.009907562748437293e+00
6.321520434409831779e+01,2.573805358945143062e+00
6.323521006001715250e+01,2.913137886715809977e+00
6.325521577593598721e+01,1.850448367549308859e+00
6.327522149185482192e+01,2.616806817100993499e+00
6.329522720777364952e+01,1.935134178904905689e+00
6.331523292369248423e+01,1.999417174672901032e+00
6.333523863961131894e+01,1.918576152542416091e+00
6.335524435553015365e+01,2.694015645188758246e+00
6.337525007144898836e+01,2.221414521101110040e+00
6.339525578736782307e+01,2.009043333388818908e+00
6.341526150328665778e+01,1.626711724089473732e+00
6.343526721920549249e+01,1.082851614111321137e+00
6.345527293512432720e+01,1.010284358476393196e+00
6.347527865104315481e+01,1.702751168297512052e+00
6.349528436696198952e+01,1.296999784189771798e+00
6.351529008288082423e+01,1.960628035092580657e+00
6.353529579879965894e+01,1.893083159143888361e+00
6.355530151471849365e+01,1.444539040915018280e+00
6.357530723063732836e+01,1.050048280618249841e+00
6.359531294655616307e+01,2.267410213930811658e+00
6.361531866247499778e+01,1.856184229245887440e+00
6.363532437839383249e+01,1.184117437534207617e+00
6.365533009431266720e+01,8.954496468685699817e-01
6.367533581023149480e+01,1.481619658820962249e+00
6.369534152615032951e+01,2.121537224007719047e+00
6.371534724206916422e+01,1.938139852326981938e+00
6.373535295798799893e+01,1.464136375038072924e+00
6.375535867390683364e+01,2.306092458230500686e+00
6.377536438982566835e+01,1.736873491361412780e+00
6.379537010574450306e+01,1.673413067604787141e+00
6.381537582166333777e+01,2.551486303888036655e+00
6.383538153758217248e+01,1.624677644822522193e+00
6.385538725350100009e+01,2.247357060400274609e+00
6.387539296941983480e+01,2.042624312460193270e+00
6.389539868533866951e+01,1.579941924425673605e+00
6.391540440125750422e+01,1.852453048311511363e+00
6.393541011717633893e+01,2.012938825734165160e+00
6.395541583309517364e+01,2.082253457814637443e+00
6.397542154901400835e+01,2.067467021290783968e+00
6.399542726493284306e+01,1.791781350825759844e+00
6.401543298085167066e+01,1.599000002235124285e+00
6.403543869677051248e+01,1.744837987231748766e+00
6.405544441268934008e+01,1.676143619374862448e+00
6.407545012860816769e+01,2.109192825555846085e+00
6.409545584452700950e+01,1.946376144500832961e+00
6.411546156044585132e+01,2.454269534017623045e+00
6.413546727636467892e+01,1.345629314898176609e+00
6.415547299228350653e+01,2.845356018263407449e+00
6.417547870820234834e+01,2.137666655138068084e+00
6.419548442412119016e+01,2.845831524359228926e+00
6.421549014004001776e+01,2.181984170702759407e+00
6.423549585595884537e+01,1.470276464316133902e+00
6.425550157187768718e+01,2.128591904651587985e+00
6.427550728779651479e+01,1.927056890407576883e+00
6.429551300371534239e+01,1.860993063092918121e+00
6.431551871963418421e+01,1.413097023970276034e+00
6.433552443555302602e+01,2.321582864654277767e+00
6.435553015147185363e+01,2.107105201921144921e+00
6.437553586739068123e+01,1.341445605793478490e+00
6.439554158330952305e+01,2.139307805488790848e+00
6.441554729922835065e+01,2.174209796495467195e+00
6.443555301514717826e+01,2.974811772829631717e+00
6.445555873106602007e+01,2.449193161709187105e+00
6.447556444698486189e+01,2.302744685568978156e+00
6.449557016290368949e+01,2.696935331199697750e+00
6.451557587882251710e+01,2.456113233197408263e+00
6.453558159474135891e+01,3.028811071102932573e+00
6.455558731066020073e+01,2.106906239824759552e+00
6.457559302657902833e+01,2.731847472508378338e+00
6.459559874249785594e+01,2.736495293324031852e+00
6.461560445841669775e+01,3.268272404201435499e+00
6.463561017433552536e+01,2.576724082386216530e+00
6.465561589025435296e+01,2.373790602992110088e+00
6.467562160617319478e+01,2.489460788301347538e+00
6.469562732209203659e+01,2.950416823974947089e+00
6.471563303801086420e+01,2.688865672894749537e+00
6.473563875392969180e+01,2.199753714511589742e+00
6.475564446984853362e+01,2.678286852751622593e+00
6.477565018576737543e+01,2.288963733182661109e+00
6.479565590168618883e+01,2.622662387136801776e+00
6.481566161760503064e+01,3.420898738071160849e+00
6.483566733352387246e+01,3.381853539072689596e+00
6.485567304944270006e+01,2.676526986595799684e+00
6.487567876536152767e+01,2.125863728194288260e+00
6.489568448128036948e+01,3.142397986009992650e+00
6.491569019719921130e+01,3.342291109835229257e+00
6.493569591311803890e+01,2.801560583917045655e+00
6.495570162903686651e+01,2.730411492407665452e+00
6.497570734495570832e+01,2.913742406615407621e+00
6.499571306087453593e+01,3.286991813457980527e+00
6.501571877679336353e+01,2.765576541809695144e+00
6.503572449271220535e+01,2.676905494929119111e+00
6.505573020863104716e+01,2.335982900182484556e+00
6.507573592454987477e+01,2.793161690672542719e+00
6.509574164046870237e+01,3.600924650546435402e+00
6.511574735638754419e+01,3.378082290398313425e+00
6.513575307230638600e+01,4.093646545511278489e+00
6.515575878822521361e+01,3.603532733463125304e+00
6.517576450414404121e+01,4.451694077267175587e+00
6.519577022006288303e+01,4.582251336700574385e+00
6.521577593598171063e+01,4.758189373562172975e+00
6.523578165190053824e+01,5.223549186084540885e+00
6.525578736781938005e+01,4.527096804464323831e+00
6.527579308373822187e+01,5.512716252308077713e+00
6.529579879965704947e+01,5.075041350300963039e+00
6.531580451557587708e+01,6.689342552032461420e+00
6.533581023149471889e+01,6.443230062292449212e+00
6.535581594741354650e+01,6.772716097379975153e+00
6.537582166333237410e+01,6.993328986604765873e+00
6.539582737925121592e+01,6.915639694337336607e+00
6.541583309517005773e+01,7.358277679614818823e+00
6.543583881108888534e+01,7.448954150223480397e+00
6.545584452700771294e+01,6.978666899652753663e+00
6.547585024292655476e+01,8.069866645812853179e+00
6.549585595884539657e+01,8.805696400218700148e+00
6.551586167476422418e+01,8.272519579317949123e+00
6.553586739068305178e+01,8.493185782992211941e+00
6.555587310660189360e+01,8.219053635560930715e+00
6.557587882252072120e+01,9.115832676638289556e+00
6.559588453843954881e+01,8.591550406364842019e+00
6.561589025435839062e+01,8.947743917655914814e+00
6.563589597027723244e+01,9.408451705117483854e+00
6.565590168619606004e+01,9.344500924029999211e+00
6.567590740211488765e+01,9.360907871261179736e+00
6.569591311803372946e+01,9.809522741663743162e+00
6.571591883395257128e+01,9.590173560017323240e+00
6.573592454987138467e+01,9.991206877336523462e+00
6.575593026579022649e+01,1.027054248939213110e+01
6.577593598170906830e+01,1.068939753407234150e+01
6.579594169762789591e+01,1.058472420038309103e+01
6.581594741354672351e+01,1.163553207123871935e+01
6.583595312946556533e+01,1.147379840196381551e+01
6.585595884538440714e+01,1.065601754320772265e+01
6.587596456130323475e+01,1.182277123293214238e+01
6.589597027722206235e+01,1.252215822998949868e+01
6.591597599314090417e+01,1.193024905889498655e+01
6.593598170905973177e+01,1.165721985742291444e+01
6.595598742497855937e+01,1.256856785742629512e+01
6.597599314089740119e+01,1.304289394145101078e+01
6.599599885681624301e+01,1.272570546799626534e+01
6.601600457273507061e+01,1.361694620235796904e+01
6.603601028865389821e+01,1.403326446934333660e+01
6.605601600457274003e+01,1.444599417905166661e+01
6.607602172049158185e+01,1.393846522123626031e+01
6.609602743641040945e+01,1.441215547974233502e+01
6.611603315232923705e+01,1.491526714171002155e+01
6.613603886824807887e+01,1.465959199343533470e+01
6.615604458416690647e+01,1.502503104487222529e+01
6.617605030008573408e+01,1.383896819519594246e+01
6.619605601600457589e+01,1.362514844994287344e+01
6.621606173192341771e+01,1.432355034660322701e+01
6.623606744784224531e+01,1.349506573192190828e+01
6.625607316376107292e+01,1.338287286603007686e+01
6.627607887967991473e+01,1.315101412660297342e+01
6.629608459559874234e+01,1.275714334792832361e+01
6.631609031151756994e+01,1.220103896252968489e+01
6.633609602743641176e+01,1.206430657581865873e+01
6.635610174335525357e+01,1.173408581467843348e+01
6.637610745927408118e+01,1.165193427893106737e+01
6.639611317519290878e+01,1.140037220990491562e+01
6.641611889111175060e+01,1.026577877538207062e+01
6.643612460703059241e+01,1.028486065826704632e+01
6.645613032294942002e+01,1.038391040424130018e+01
6.647613603886824762e+01,8.650243005220726644e+00
6.649614175478708944e+01,8.361138485877551929e+00
6.651614747070591704e+01,8.369922923805507509e+00
6.653615318662474465e+01,7.900086089573014725e+00
6.655615890254358646e+01,6.796484944636745240e+00
6.657616461846242828e+01,7.085907944301630401e+00
6.659617033438125588e+01,6.177973376399465977e+00
6.661617605030008349e+01,6.084056175985018911e+00
6.663618176621892530e+01,5.468890241199887647e+00
6.665618748213776712e+01,5.259816943061128569e+00
6.667619319805658051e+01,4.388329675405783448e+00
6.669619891397542233e+01,5.018123348188683330e+00
6.671620462989426414e+01,4.615030857362664385e+00
6.673621034581309175e+01,4.237292670490237612e+00
6.675621606173191935e+01,4.038876905666862527e+00
6.677622177765076117e+01,3.876136250063067390e+00
6.679622749356960298e+01,3.789992037042751782e+00
6.681623320948843059e+01,4.433817026099786673e+00
6.683623892540725819e+01,3.296086264814736655e+00
6.685624464132610001e+01,3.408499332247433067e+00
6.687625035724492761e+01,2.642064723291466688e+00
6.689625607316375522e+01,3.844440559378220712e+00
6.691626178908259703e+01,2.397529714883179341e+00
6.693626750500143885e+01,3.813323220812161019e+00
6.695627322092026645e+01,2.999203615315553240e+00
6.697627893683909406e+01,3.188862662611407828e+00
6.699628465275793587e+01,2.947396709733478559e+00
6.701629036867677769e+01,3.390513324670151540e+00
6.703629608459560529e+01,3.150803378078182782e+00
6.705630180051443290e+01,2.331430672623551636e+00
6.707630751643327471e+01,2.885817039816196861e+00
6.709631323235210232e+01,3.375498273154864393e+00
6.711631894827092992e+01,3.228892299428475887e+00
6.713632466418977174e+01,2.783158526951296174e+00
6.715633038010861355e+01,2.308653621069792550e+00
6.717633609602744116e+01,2.919692111812307811e+00
6.719634181194626876e+01,3.428973261305257925e+00
6.721634752786511058e+01,3.359486025910440432e+00
6.723635324378393818e+01,3.638429796240997938e+00
6.725635895970276579e+01,3.202606678906432247e+00
6.727636467562160760e+01,3.044571888210443333e+00
6.729637039154044942e+01,3.827787156930047452e+00
6.731637610745927702e+01,3.133582109685216999e+00
6.733638182337810463e+01,3.278051396959869468e+00
6.735638753929694644e+01,3.864390674874134124e+00
6.737639325521578826e+01,4.452285825094264737e+00
6.739639897113461586e+01,4.097706216893484132e+00
6.741640468705344347e+01,4.448501620323316530e+00
6.743641040297228528e+01,5.810769339420856383e+00
6.745641611889111289e+01,5.364206484888898174e+00
6.747642183480994049e+01,5.123004066508350718e+00
6.749642755072878231e+01,7.131500864257779071e+00
6.751643326664762412e+01,6.830234566390339879e+00
6.753643898256645173e+01,7.174929258881737049e+00
6.755644469848527933e+01,7.581693969524955889e+00
6.757645041440412115e+01,7.991060186716462788e+00
6.759645613032296296e+01,8.602780762622009192e+00
6.761646184624177636e+01,8.697536273650396055e+00
6.763646756216061817e+01,9.126024643039851725e+00
6.765647327807945999e+01,8.993303127382691997e+00
6.767647899399828759e+01,9.651219485049471913e+00
6.769648470991711520e+01,8.909072260414760080e+00
6.771649042583595701e+01,9.790209062003842888e+00
6.773649614175479883e+01,1.001274268703939541e+01
6.775650185767362643e+01,9.296836324826651676e+00
6.777650757359245404e+01,1.045906817785961529e+01
6.779651328951129585e+01,9.396712205638817039e+00
6.781651900543012346e+01,9.289519506267085447e+00
6.783652472134895106e+01,9.521478721669254242e+00
6.785653043726779288e+01,8.543550961128252297e+00
6.787653615318663469e+01,9.210709807493335788e+00
6.789654186910546230e+01,9.441920508842953197e+00
6.791654758502428990e+01,8.707500713605924147e+00
6.793655330094313172e+01,8.645953914094775428e+00
6.795655901686197353e+01,8.133379626222790648e+00
6.797656473278080114e+01,8.385200716877783123e+00
6.799657044869962874e+01,7.780960927777913483e+00
6.801657616461847056e+01,8.446685355471306167e+00
6.803658188053729816e+01,7.226675407527419104e+00
6.805658759645612577e+01,6.299330943036009600e+00
6.807659331237496758e+01,7.252673263953220761e+00
6.809659902829380940e+01,6.646386580712374759e+00
6.811660474421263700e+01,5.975214303806779093e+00
6.813661046013146461e+01,5.529904918701785022e+00
6.815661617605030642e+01,4.939214058491277370e+00
6.817662189196913403e+01,4.887446146696611038e+00
6.819662760788796163e+01,5.044078257646151364e+00
6.821663332380680345e+01,5.497607880992242180e+00
6.823663903972564526e+01,5.093078696248272585e+00
6.825664475564447287e+01,5.073761758445563430e+00
6.827665047156330047e+01,5.764874445537586212e+00
6.829665618748214229e+01,4.679502236628561462e+00
6.831666190340098410e+01,5.896806191449068812e+00
6.833666761931981171e+01,4.941557475076985284e+00
6.835667333523863931e+01,6.203687093428771782e+00
6.837667905115748113e+01,5.623731198678691534e+00
6.839668476707630873e+01,5.871113016113508998e+00
6.841669048299513634e+01,5.115392609986301409e+00
6.843669619891397815e+01,6.346723345022091678e+00
6.845670191483281997e+01,5.814251438771442793e+00
6.847670763075164757e+01,5.641686112465507108e+00
6.849671334667047518e+01,5.403362120991513251e+00
6.851671906258931699e+01,6.434443152839844693e+00
6.853672477850815881e+01,5.249938869548055109e+00
6.855673049442697220e+01,6.331836555053161675e+00
6.857673621034581402e+01,5.769112929929690381e+00
6.859674192626465583e+01,6.261077695508445728e+00
6.861674764218348344e+01,5.841807892164709415e+00
6.863675335810231104e+01,5.912242695561046091e+00
6.865675907402115286e+01,5.326761174070221649e+00
6.867676478993999467e+01,5.681030331766244501e+00
6.869677050585882228e+01,5.730429839999317210e+00
6.871677622177764988e+01,5.160960932515844313e+00
6.873678193769649170e+01,5.086930511047835779e+00
6.875678765361531930e+01,4.429603105180251355e+00
6.877679336953414690e+01,4.609036299813649151e+00
6.879679908545298872e+01,4.787163368286715404e+00
6.881680480137183054e+01,4.364716457538874828e+00
6.883681051729065814e+01,5.054881014047338361e+00
6.885681623320948574e+01,4.461606631215917496e+00
6.887682194912832756e+01,3.559443539350616525e+00
6.889682766504716938e+01,3.848582311236614650e+00
6.891683338096599698e+01,4.673315425550743640e+00
6.893683909688482458e+01,3.973786130200914091e+00
6.895684481280366640e+01,3.418005535311169574e+00
6.897685052872249400e+01,4.383098023585660918e+00
6.899685624464132161e+01,3.719379985457438753e+00
6.901686196056016342e+01,2.938070035261014290e+00
6.903686767647900524e+01,3.598419614118699261e+00
6.905687339239783284e+01,4.148771283869432835e+00
6.907687910831666045e+01,3.247782810429922229e+00
6.909688482423550226e+01,2.987941094065545755e+00
6.911689054015432987e+01,4.108192904466080542e+00
6.913689625607315747e+01,2.686511746099712994e+00
6.915690197199199929e+01,3.234697202648515013e+00
6.917690768791084110e+01,3.978042162227206635e+00
6.919691340382966871e+01,3.812743137460583576e+00
6.921691911974849631e+01,3.895874625763720456e+00
6.923692483566733813e+01,3.493088648261060136e+00
6.925693055158617994e+01,3.975237582187370222e+00
6.927693626750500755e+01,3.317774930361236940e+00
6.929694198342383515e+01,4.154721854625960553e+00
6.931694769934267697e+01,3.580029523974191275e+00
6.933695341526150457e+01,4.645478039148542848e+00
6.935695913118033218e+01,4.338897691965139636e+00
6.937696484709917399e+01,3.632371695954042412e+00
6.939697056301801581e+01,4.765185324130806421e+00
6.941697627893684341e+01,4.588611656570027897e+00
6.943698199485567102e+01,4.297857398256700989e+00
6.945698771077451283e+01,4.468519818524803178e+00
6.947699342669335465e+01,3.564159611637483405e+00
6.949699914261216804e+01,4.275726633340679150e+00
6.951700485853100986e+01,4.035492785549318562e+00
6.953701057444985167e+01,3.873499581012715964e+00
6.955701629036867928e+01,4.036706654587761456e+00
6.957702200628750688e+01,3.788331277798782537e+00
6.959702772220634870e+01,3.739569994621241733e+00
6.961703343812519051e+01,3.614426485416902590e+00
6.963703915404401812e+01,4.406413798586658714e+00
6.965704486996284572e+01,3.234460856225629843e+00
6.967705058588168754e+01,2.896732852932973223e+00
6.969705630180051514e+01,3.659963450170039323e+00
6.971706201771934275e+01,4.385973316728783544e+00
6.973706773363818456e+01,3.755369968097011402e+00
6.975707344955702638e+01,3.976393416377278722e+00
6.977707916547585398e+01,3.477881722973234169e+00
6.979708488139468159e+01,3.582446296155877619e+00
6.981709059731352340e+01,3.408330867854174606e+00
6.983709631323236522e+01,3.621784811403776949e+00
6.985710202915119282e+01,3.655310168956708239e+00
6.987710774507002043e+01,3.091161690186543520e+00
6.989711346098886224e+01,3.673926921726970107e+00
6.991711917690768985e+01,3.089523136964447581e+00
6.993712489282651745e+01,3.473440674702594322e+00
6.995713060874535927e+01,3.050738196317427153e+00
6.997713632466420108e+01,3.842016588225103835e+00
6.999714204058302869e+01,3.876806488259412653e+00
7.001714775650185629e+01,3.006477127428947238e+00
7.003715347242069811e+01,3.083108759173533553e+00
7.005715918833952571e+01,2.797213789298417019e+00
7.007716490425835332e+01,2.944150442853413985e+00
7.009717062017719513e+01,2.772403028306914763e+00
7.011717633609603695e+01,2.407014988898022345e+00
7.013718205201486455e+01,2.838447434707251027e+00
7.015718776793369216e+01,2.182782711222306382e+00
7.017719348385253397e+01,2.156091182083406110e+00
7.019719919977137579e+01,2.375629254311744099e+00
7.021720491569020339e+01,2.807633551758016210e+00
7.023721063160903100e+01,1.596650990611290677e+00
7.025721634752787281e+01,2.560081895626233450e+00
7.027722206344670042e+01,1.785418923965776727e+00
7.029722777936552802e+01,3.189483521380339859e+00
7.031723349528436984e+01,2.170422625077425671e+00
7.033723921120321165e+01,1.956438893559641734e+00
7.035724492712203926e+01,2.564014193611964032e+00
7.037725064304086686e+01,2.053689582856421225e+00
7.039725635895970868e+01,2.938265176970198400e+00
7.041726207487855049e+01,2.812465248524776307e+00
7.043726779079736389e+01,2.134800719176194850e+00
7.045727350671620570e+01,3.552559437354220861e+00
7.047727922263504752e+01,2.916170787078909754e+00
7.049728493855387512e+01,2.883587285430746050e+00
7.051729065447270273e+01,2.767692047474571648e+00
7.053729637039154454e+01,4.329122643194178721e+00
7.055730208631038636e+01,3.938082181745785615e+00
7.057730780222921396e+01,3.429506273494184132e+00
7.059731351814804157e+01,4.790911503179399844e+00
7.061731923406688338e+01,3.968519540002859003e+00
7.063732494998571099e+01,4.297851146728275396e+00
7.065733066590453859e+01,4.505064501163931645e+00
7.067733638182338041e+01,4.875387897605117260e+00
7.069734209774222222e+01,4.957110999395080597e+00
7.071734781366104983e+01,5.448175799003948327e+00
7.073735352957987743e+01,5.203288676970103666e+00
7.075735924549871925e+01,4.994802129758717513e+00
7.077736496141756106e+01,5.256322024741731269e+00
7.079737067733638867e+01,6.077038676892787095e+00
7.081737639325521627e+01,5.624971659782286082e+00
7.083738210917405809e+01,5.485118465692936596e+00
7.085738782509288569e+01,5.695368879557934250e+00
7.087739354101171330e+01,5.893780960212311015e+00
7.089739925693055511e+01,5.119439599584405975e+00
7.091740497284939693e+01,5.121903766924303270e+00
7.093741068876822453e+01,5.743990976563612350e+00
7.095741640468705214e+01,5.227082109380289943e+00
7.097742212060589395e+01,5.516042040740923191e+00
7.099742783652472156e+01,4.542331768655579083e+00
7.101743355244354916e+01,5.031709002312571677e+00
7.103743926836239098e+01,5.267910620965960078e+00
7.105744498428123279e+01,4.488466764149913857e+00
7.107745070020006040e+01,5.095998217661112051e+00
7.109745641611888800e+01,4.246096274902387613e+00
7.111746213203772982e+01,3.788148640994752903e+00
7.113746784795657163e+01,4.066010773773315989e+00
7.115747356387539924e+01,4.106894772723720166e+00
7.117747927979422684e+01,3.449897382298237947e+00
7.119748499571306866e+01,3.368965023718105023e+00
7.121749071163189626e+01,3.190902552736083919e+00
7.123749642755072387e+01,3.391938087828232806e+00
7.125750214346956568e+01,3.389424814128474850e+00
7.127750785938840750e+01,2.527078585861172844e+00
7.129751357530723510e+01,2.498315210139170350e+00
7.131751929122606271e+01,2.246027091765768979e+00
7.133752500714490452e+01,3.547003372039815972e+00
7.135753072306374634e+01,3.354459256401501221e+00
7.137753643898255973e+01,2.781780353306823272e+00
7.139754215490140155e+01,2.646264871258477314e+00
7.141754787082024336e+01,3.216168275625697959e+00
7.143755358673907097e+01,2.708593808929651292e+00
7.145755930265789857e+01,2.529715060821140948e+00
7.147756501857674039e+01,2.637338017811579505e+00
7.149757073449558220e+01,1.500540100090100193e+00
7.151757645041440981e+01,2.395811431316533735e+00
7.153758216633323741e+01,1.869960038974767702e+00
7.155758788225207923e+01,1.726854575123633273e+00
7.157759359817090683e+01,2.108417193259068068e+00
7.159759931408973443e+01,1.882393930529992154e+00
7.161760503000857625e+01,2.371850432220042659e+00
7.163761074592741807e+01,2.285985770047771926e+00
7.165761646184624567e+01,2.293674283378720702e+00
7.167762217776507327e+01,2.397553427040681306e+00
7.169762789368391509e+01,2.410627492422539930e+00
7.171763360960275691e+01,2.384424381542576299e+00
7.173763932552158451e+01,2.533947872246599342e+00
7.175764504144041211e+01,2.584138331970688096e+00
7.177765075735925393e+01,1.899788317906481838e+00
7.179765647327808153e+01,2.397890339070192667e+00
7.181766218919690914e+01,2.923920667146188812e+00
7.183766790511575095e+01,2.813170760130208503e+00
7.185767362103459277e+01,2.331738346815639407e+00
7.187767933695342037e+01,2.597683202563862537e+00
7.189768505287224798e+01,2.502816944503277075e+00
7.191769076879108979e+01,3.189616866236938186e+00
7.193769648470991740e+01,2.002794951789224953e+00
7.195770220062874500e+01,2.730570025369145615e+00
7.197770791654758682e+01,2.839994871304457824e+00
7.199771363246642863e+01,2.311526138717876488e+00
7.201771934838525624e+01,2.634880797843246025e+00
7.203772506430408384e+01,3.115842467961876583e+00
7.205773078022292566e+01,2.389880751509314116e+00
7.207773649614176747e+01,3.224796333718366714e+00
7.209774221206059508e+01,2.912314588645048996e+00
7.211774792797942268e+01,3.109807513966135417e+00
7.213775364389826450e+01,2.179217286882019433e+00
7.215775935981709210e+01,2.903771507626365711e+00
7.217776507573591971e+01,2.570707734221906016e+00
7.219777079165476152e+01,1.678831800794816420e+00
7.221777650757360334e+01,3.367714276674798057e+00
7.223778222349243094e+01,2.164213742064661439e+00
7.225778793941125855e+01,2.376309651779725307e+00
7.227779365533010036e+01,2.136041860288856231e+00
7.229779937124894218e+01,1.637737203145266829e+00
7.231780508716775557e+01,1.590911580321634267e+00
7.233781080308659739e+01,2.914805834666152062e+00
7.235781651900543920e+01,2.315275303789136707e+00
7.237782223492426681e+01,2.424085105129333950e+00
7.239782795084309441e+01,2.160440815833584161e+00
7.241783366676193623e+01,2.527952094573876263e+00
7.243783938268077804e+01,2.659181052249998345e+00
7.245784509859960565e+01,1.845015195703218591e+00
7.247785081451843325e+01,2.525181574106952542e+00
7.249785653043727507e+01,2.362634059696034239e+00
7.251786224635610267e+01,1.430588201103010215e+00
7.253786796227493028e+01,2.147865383232927972e+00
7.255787367819377209e+01,2.867189250673011003e+00
7.257787939411261391e+01,2.428169292519656963e+00
7.259788511003144151e+01,2.157012925872673570e+00
7.261789082595026912e+01,2.376870508820808414e+00
7.263789654186911093e+01,2.899009653503135109e+00
7.265790225778795275e+01,3.240080609746533113e+00
7.267790797370678035e+01,2.390066573394848515e+00
7.269791368962560796e+01,2.931416905456601718e+00
7.271791940554444977e+01,2.910981608797763798e+00
7.273792512146327738e+01,2.666442713649721519e+00
7.275793083738210498e+01,3.384583902749876305e+00
7.277793655330094680e+01,3.111671116913738544e+00
7.279794226921978861e+01,3.595073022109825267e+00
7.281794798513861622e+01,3.101366068821024058e+00
7.283795370105744382e+01,3.486118270592413637e+00
7.285795941697628564e+01,3.311704305220612987e+00
7.287796513289511324e+01,3.683657967461026139e+00
7.289797084881394085e+01,3.117960181833132172e+00
7.291797656473278266e+01,3.024178058702426064e+00
7.293798228065162448e+01,3.022565030135635489e+00
7.295798799657045208e+01,3.679438415673109475e+00
7.297799371248927969e+01,3.581528614636588337e+00
7.299799942840812150e+01,3.300375238165629277e+00
7.301800514432696332e+01,3.726876171531078974e+00
7.303801086024579092e+01,3.686515951802020297e+00
7.305801657616461853e+01,3.521317094275549842e+00
7.307802229208346034e+01,3.522314076012161177e+00
7.309802800800228795e+01,3.858150778130710279e+00
7.311803372392111555e+01,3.089127822320684391e+00
7.313803943983995737e+01,3.813384949761528198e+00
7.315804515575879918e+01,3.303382265752833113e+00
7.317805087167762679e+01,2.928603044603781846e+00
7.319805658759645439e+01,2.975402953039723464e+00
7.321806230351529621e+01,2.298789870780821865e+00
7.323806801943413802e+01,2.646154478718531600e+00
7.325807373535295142e+01,2.976544849028735840e+00
7.327807945127179323e+01,2.459810754184647230e+00
7.329808516719063505e+01,2.804905687146400872e+00
7.331809088310946265e+01,2.843224279485918604e+00
7.333809659902829026e+01,2.139827134674208153e+00
7.335810231494713207e+01,2.715160144736568526e+00
7.337810803086597389e+01,2.846317760362780724e+00
7.339811374678480149e+01,2.364000729829816905e+00
7.341811946270362910e+01,2.569779913292996376e+00
7.343812517862247091e+01,2.773558024027512836e+00
7.345813089454129852e+01,2.106528293578914024e+00
7.347813661046012612e+01,2.357058878043388983e+00
7.349814232637896794e+01,1.494441294150592903e+00
7.351814804229780975e+01,1.896524122142601243e+00
7.353815375821663736e+01,1.600378892431443045e+00
7.355815947413546496e+01,1.378862644722761210e+00
7.357816519005430678e+01,2.091110775486032303e+00
7.359817090597314859e+01,1.830909908649764883e+00
7.361817662189197620e+01,1.106019700656112548e+00
7.363818233781080380e+01,1.782234800791874019e+00
7.365818805372964562e+01,2.224331632234012091e+00
7.367819376964847322e+01,1.558178996064222499e+00
7.369819948556730083e+01,2.062571250782303522e+00
7.371820520148614264e+01,2.081806417106871976e+00
7.373821091740498446e+01,1.595944276492956782e+00
7.375821663332381206e+01,1.378448986890550287e+00
7.377822234924263967e+01,1.346383974836163233e+00
7.379822806516148148e+01,1.302803132576596745e+00
7.381823378108030909e+01,1.205990259507398354e+00
7.383823949699913669e+01,2.097323012219927563e+00
7.385824521291797851e+01,2.177149665723683292e+00
7.387825092883682032e+01,9.023086331308823871e-01
7.389825664475564793e+01,1.719230140325530343e+00
7.391826236067447553e+01,1.297963504078028629e+00
7.393826807659331735e+01,1.622592507907155035e+00
7.395827379251215916e+01,2.225681630789267285e+00
7.397827950843098677e+01,2.019812713337788335e+00
7.399828522434981437e+01,2.125415605599033420e+00
7.401829094026865619e+01,1.654224706834052316e+00
7.403829665618748379e+01,1.996139786903585289e+00
7.405830237210632561e+01,2.332744795919566627e+00
7.407830808802515321e+01,1.806192152881922475e+00
7.409831380394398082e+01,1.867079642315478072e+00
7.411831951986282263e+01,1.714739334509732593e+00
7.413832523578165024e+01,1.682223291772971363e+00
7.415833095170049205e+01,2.340205625251762900e+00
7.417833666761931966e+01,1.671855436445562892e+00
7.419834238353816147e+01,2.053901725108718601e+00
7.421834809945698908e+01,1.812271952765724059e+00
7.423835381537583089e+01,1.936355879727909901e+00
7.425835953129465850e+01,1.701688066314364534e+00
7.427836524721348610e+01,2.504964312105622426e+00
7.429837096313232792e+01,1.779564337124145634e+00
7.431837667905115552e+01,1.292465541348049474e+00
7.433838239496999734e+01,1.396007143634454772e+00
7.435838811088882494e+01,1.285758196664205766e+00
7.437839382680766676e+01,1.931396107220705094e+00
7.439839954272649436e+01,1.536879843765768694e+00
7.441840525864533618e+01,1.740076466981136605e+00
7.443841097456416378e+01,9.792745191115477255e-01
7.445841669048300560e+01,1.212839027599020847e+00
7.447842240640183320e+01,1.005554282112273823e+00
7.449842812232066080e+01,1.477637244875799061e+00
7.451843383823950262e+01,1.033943308687781837e+00
7.453843955415833022e+01,8.419306334370295630e-01
7.455844527007717204e+01,1.289511671762503475e+00
7.457845098599599964e+01,8.909582424838033976e-01
7.459845670191484146e+01,1.062950338013471052e+00
7.461846241783366906e+01,1.734076268075393834e+00
7.463846813375251088e+01,1.809696238734544327e+00
7.465847384967133848e+01,8.886787855140241277e-01
7.467847956559016609e+01,1.397028177644858760e+00
7.469848528150900790e+01,1.670806679749150980e+00
7.471849099742783551e+01,2.019274723973291330e+00
7.473849671334667732e+01,1.932964813994847209e+00
7.475850242926550493e+01,1.498201595155914223e+00
7.477850814518434674e+01,2.181983145573545002e+00
7.479851386110317435e+01,1.718193878132454611e+00
7.481851957702201616e+01,1.155775115682373677e+00
7.483852529294084377e+01,1.519015718337261456e+00
7.485853100885967137e+01,1.350719887711873568e+00
7.487853672477851319e+01,1.825018832211511732e+00
7.489854244069734079e+01,2.086091119015627271e+00
7.491854815661618261e+01,1.796916990622847266e+00
7.493855387253501021e+01,2.304660627201248424e+00
7.495855958845385203e+01,2.055609466755820680e+00
7.497856530437267963e+01,1.741421425194751738e+00
7.499857102029152145e+01,2.827916146555058852e+00
7.501857673621034905e+01,3.073677944049792998e+00
7.503858245212917666e+01,2.092405632152585682e+00
7.505858816804801847e+01,2.676894079230703660e+00
7.507859388396684608e+01,2.896060543760222483e+00
7.509859959988568789e+01,2.421129928814656829e+00
7.511860531580451550e+01,2.483697431352308360e+00
7.513861103172335731e+01,2.332654342078022136e+00
7.515861674764218492e+01,2.342040253048236487e+00
7.517862246356102673e+01,3.706346249764723488e+00
7.519862817947985434e+01,3.233561663141411469e+00
7.521863389539868194e+01,3.175559897075176163e+00
7.523863961131752376e+01,3.276037705035039771e+00
7.525864532723635136e+01,4.146352008014170920e+00
7.527865104315519318e+01,3.420252050421096257e+00
7.529865675907402078e+01,3.885962023538551691e+00
7.531866247499286260e+01,3.931875714142627043e+00
7.533866819091169020e+01,3.606115039214175422e+00
7.535867390683053202e+01,3.024653476467004332e+00
7.537867962274935962e+01,3.059110630462690494e+00
7.539868533866820144e+01,3.133147168077875300e+00
7.541869105458702904e+01,2.354497651699039462e+00
7.543869677050585665e+01,2.632155596737124181e+00
7.545870248642469846e+01,2.503733543678004825e+00
7.547870820234352607e+01,3.493470310644487320e+00
7.549871391826236788e+01,1.992476609984726643e+00
7.551871963418119549e+01,2.199498686786010460e+00
7.553872535010003730e+01,2.651513865267236980e+00
7.555873106601886491e+01,3.284759355418623628e+00
7.557873678193770672e+01,3.034158103476684243e+00
7.559874249785653433e+01,2.374837541569497112e+00
7.561874821377536193e+01,2.634984008743139761e+00
7.563875392969420375e+01,3.138662083944057102e+00
7.565875964561303135e+01,2.383448993778723768e+00
7.567876536153187317e+01,2.519743169692525875e+00
7.569877107745070077e+01,3.180428239819542480e+00
7.571877679336954259e+01,2.897439510511513383e+00
7.573878250928837019e+01,2.769779768841348577e+00
7.575878822520721201e+01,2.954450391752430072e+00
7.577879394112603961e+01,2.797401462228148006e+00
7.579879965704486722e+01,3.154599795039471744e+00
7.581880537296370903e+01,3.300199143548089076e+00
7.583881108888253664e+01,3.215768580761452888e+00
7.585881680480137845e+01,3.749606119334662147e+00
7.587882252072020606e+01,2.786050535525760985e+00
7.589882823663904787e+01,4.040979730219781629e+00
7.591883395255787548e+01,4.519483712621113369e+00
7.593883966847671729e+01,4.067521734286114743e+00
7.595884538439554490e+01,4.497782717938338948e+00
7.597885110031437250e+01,4.153968866292652606e+00
7.599885681623321432e+01,4.777891457149342713e+00
7.601886253215204192e+01,4.984976690270534583e+00
7.603886824807088374e+01,4.777062264256836777e+00
7.605887396398971134e+01,4.620167005790916548e+00
7.607887967990855316e+01,4.754233260307349163e+00
7.609888539582738076e+01,5.002550410155424565e+00
7.611889111174622258e+01,5.228947774172396201e+00
7.613889682766505018e+01,5.310077096480740444e+00
7.615890254358387779e+01,4.790114095518287485e+00
7.617890825950271960e+01,5.135302517905260267e+00
7.619891397542154721e+01,5.131825819631600893e+00
7.621891969134038902e+01,5.573256319440707429e+00
7.623892540725921663e+01,5.611436225666993849e+00
7.625893112317805844e+01,5.735046135748717688e+00
7.627893683909688605e+01,4.947785185350195292e+00
7.629894255501572786e+01,5.225430290320982607e+00
7.631894827093455547e+01,5.915654661575008078e+00
7.633895398685339728e+01,5.197183790423583361e+00
7.635895970277222489e+01,5.324147169454862549e+00
7.637896541869105249e+01,5.298085275864146126e+00
7.639897113460989431e+01,5.576391533213793217e+00
7.641897685052872191e+01,4.599044482843528847e+00
7.643898256644756373e+01,4.820216679526711623e+00
7.645898828236639133e+01,5.053589508337239522e+00
7.647899399828523315e+01,4.583874950037900575e+00
7.649899971420406075e+01,4.666422683029798790e+00
7.651900543012290257e+01,4.968227248300637555e+00
7.653901114604173017e+01,4.293969125657588037e+00
7.655901686196055778e+01,4.094942154842809323e+00
7.657902257787939959e+01,4.792860469252952171e+00
7.659902829379822720e+01,3.894144220414307522e+00
7.661903400971706901e+01,4.885424840080368369e+00
7.663903972563589662e+01,4.969793621378207682e+00
7.665904544155473843e+01,3.596126673111962102e+00
7.667905115747356604e+01,3.908293831733551382e+00
7.669905687339240785e+01,4.450217634698687696e+00
7.671906258931123546e+01,3.570954093529565387e+00
7.673906830523006306e+01,3.617926227146773144e+00
7.675907402114890488e+01,3.200172767030788457e+00
7.677907973706773248e+01,3.359351211997692488e+00
7.679908545298657430e+01,4.685839427722198636e+00
7.681909116890540190e+01,3.803147128171711078e+00
7.683909688482424372e+01,3.621595452939429194e+00
7.685910260074307132e+01,3.907485951864735352e+00
7.687910831666191314e+01,4.594063922416378176e+00
7.689911403258074074e+01,3.132962065984513877e+00
7.691911974849956835e+01,4.039690203230239085e+00
7.693912546441841016e+01,4.113876595820691762e+00
7.695913118033723777e+01,3.900144304735506662e+00
7.697913689625607958e+01,3.749334998245465123e+00
7.699914261217490719e+01,3.908813706798511589e+00
7.701914832809374900e+01,3.702162141125479700e+00
7.703915404401257661e+01,3.348652619963425892e+00
7.705915975993141842e+01,3.009227690651864684e+00
7.707916547585024603e+01,2.953051411128715387e+00
7.709917119176907363e+01,3.545822473037925526e+00
7.711917690768791545e+01,2.935200107564995164e+00
7.713918262360674305e+01,3.904564480609585608e+00
7.715918833952558487e+01,3.787376460848348891e+00
7.717919405544441247e+01,3.803990557049251375e+00
7.719919977136325429e+01,4.459295227925802685e+00
7.721920548728208189e+01,3.623919330684541862e+00
7.723921120320092371e+01,3.608158813060774683e+00
7.725921691911975131e+01,4.908576004015261063e+00
7.727922263503859313e+01,4.335297286663545080e+00
7.729922835095742073e+01,4.230625441543559795e+00
7.731923406687624833e+01,4.929190990314439524e+00
7.733923978279509015e+01,4.812803857226747084e+00
7.735924549871391775e+01,4.382507577754100048e+00
7.737925121463275957e+01,4.145072014331178778e+00
7.739925693055158717e+01,4.237813161445046717e+00
7.741926264647042899e+01,5.078700139467281716e+00
7.743926836238925659e+01,4.141101384847918787e+00
7.745927407830809841e+01,3.428188657774028592e+00
7.747927979422692601e+01,4.558939531666275080e+00
7.749928551014575362e+01,3.648932326971333850e+00
7.751929122606459543e+01,3.733356109706956083e+00
7.753929694198342304e+01,4.743295452959397807e+00
7.755930265790226485e+01,4.310729564602372221e+00
7.757930837382109246e+01,4.299635351645003212e+00
7.759931408973993427e+01,4.567373296599315680e+00
7.761931980565876188e+01,4.409604806947087674e+00
7.763932552157760369e+01,4.254952889019740780e+00
7.765933123749643130e+01,4.854010653046117341e+00
7.767933695341525890e+01,4.434480352430830052e+00
7.769934266933410072e+01,4.476034851797145109e+00
7.771934838525292832e+01,4.623540877400690086e+00
7.773935410117177014e+01,4.593831273660388348e+00
7.775935981709059774e+01,4.437699002157507344e+00
7.777936553300943956e+01,3.682680391853876856e+00
7.779937124892826716e+01,3.480705206456895962e+00
7.781937696484710898e+01,4.287128709040604946e+00
7.783938268076593658e+01,3.731706205662714382e+00
7.785938839668476419e+01,3.733467060297424922e+00
7.787939411260360600e+01,4.274168645600201266e+00
7.789939982852243361e+01,3.500353235334566548e+00
7.791940554444127542e+01,3.363689168711995858e+00
7.793941126036010303e+01,2.870548427283686088e+00
7.795941697627894484e+01,2.695343482104384236e+00
7.797942269219777245e+01,2.481178649670891190e+00
7.799942840811661426e+01,3.402946950466366971e+00
7.801943412403544187e+01,2.706705517279262452e+00
7.803943983995426947e+01,2.063099273262679834e+00
7.805944555587311129e+01,2.972393324019168226e+00
7.807945127179193889e+01,2.320606237796952520e+00
7.809945698771078071e+01,1.989974037310172417e+00
7.811946270362960831e+01,1.867545291927153350e+00
7.813946841954845013e+01,2.331724537287821253e+00
7.815947413546727773e+01,1.407725182893950322e+00
7.817947985138611955e+01,1.894586062066653476e+00
7.819948556730494715e+01,2.780459822854550733e+00
7.821949128322378897e+01,2.246430999638269199e+00
7.823949699914261657e+01,1.974362736074182223e+00
7.825950271506144418e+01,2.350919368202468718e+00
7.827950843098028599e+01,1.946820609833221027e+00
7.829951414689911360e+01,1.763842407869044671e+00
7.831951986281795541e+01,1.546510547206350505e+00
7.833952557873678302e+01,1.553356287820163217e+00
7.835953129465562483e+01,1.033725645828869277e+00
7.837953701057445244e+01,1.041629115538706962e+00
7.839954272649329425e+01,1.756142609019414991e+00
7.841954844241212186e+01,1.601557213328324902e+00
7.843955415833094946e+01,1.862081151548145019e+00
7.845955987424979128e+01,1.888627734047959361e+00
7.847956559016861888e+01,1.658595409539275867e+00
7.849957130608746070e+01,2.107066405008840793e+00
7.851957702200628830e+01,1.915765273141693870e+00
7.853958273792513012e+01,1.316959045983576049e+00
7.855958845384395772e+01,1.580406923189786372e+00
7.857959416976279954e+01,2.393435540215309576e+00
7.859959988568162714e+01,2.067927938871112037e+00
7.861960560160045475e+01,1.647240992556998407e+00
7.863961131751929656e+01,1.977947142849909357e+00
7.865961703343812417e+01,1.794382578499571501e+00
7.867962274935696598e+01,1.807003306898248507e+00
7.869962846527579359e+01,1.718061287448888752e+00
7.871963418119463540e+01,1.147083928873046110e+00
7.873963989711346301e+01,9.174702760658947076e-01
7.875964561303230482e+01,2.476364872536134687e+00
7.877965132895113243e+01,1.562027236530013408e+00
7.879965704486996003e+01,1.410866265235021899e+00
7.881966276078880185e+01,1.660132365399535903e+00
7.883966847670762945e+01,1.590305653300167599e+00
7.885967419262647127e+01,1.283419312947121416e+00
7.887967990854529887e+01,1.481872109708946006e+00
7.889968562446414069e+01,2.389474197473592465e+00
7.891969134038296829e+01,2.057324559024192201e+00
7.893969705630181011e+01,2.364459586854331885e+00
7.895970277222063771e+01,2.459709825434708286e+00
7.897970848813946532e+01,1.450682615958244881e+00
7.899971420405830713e+01,2.146694241016513516e+00
7.901971991997713474e+01,1.677380127175176927e+00
7.903972563589597655e+01,1.981545865901853887e+00
7.905973135181480416e+01,1.062016532944538794e+00
7.907973706773364597e+01,1.853208495437778325e+00
7.909974278365247358e+01,1.595948602482342826e+00
7.911974849957131539e+01,1.586018740229265589e+00
7.913975421549014300e+01,1.452936972749683475e+00
7.915975993140898481e+01,2.141876038395142512e+00
7.917976564732781242e+01,1.573265370131048835e+00
7.919977136324664002e+01,1.868016189191831433e+00
7.921977707916548184e+01,2.328338163046281384e+00
7.923978279508430944e+01,2.034075520810097792e+00
7.925978851100315126e+01,1.586816353296242044e+00
7.927979422692197886e+01,2.245118492127754273e+00
7.929979994284082068e+01,2.862457075622723224e+00
7.931980565875964828e+01,2.770191558390517894e+00
7.933981137467849010e+01,3.202513284748037314e+00
7.935981709059731770e+01,2.889531169685594758e+00
7.937982280651614531e+01,2.816886957433360372e+00
7.939982852243498712e+01,3.124351289235928864e+00
7.941983423835381473e+01,2.478153589527617218e+00
7.943983995427265654e+01,2.859142156539853374e+00
7.945984567019148415e+01,2.461953347474857168e+00
7.947985138611032596e+01,3.028946492926736678e+00
7.949985710202915357e+01,4.009441072746326107e+00
7.951986281794799538e+01,3.752204790564027448e+00
7.953986853386682299e+01,3.675373984240870584e+00
7.955987424978565059e+01,3.164092400152321183e+00
7.957987996570449241e+01,3.167152395893581218e+00
7.959988568162332001e+01,2.998313642527281164e+00
7.961989139754216183e+01,3.932590070218098255e+00
7.963989711346098943e+01,3.564149014697020057e+00
7.965990282937983125e+01,3.718221625380659034e+00
7.967990854529865885e+01,4.520098605895150001e+00
7.969991426121750067e+01,3.274183635748737942e+00
7.971991997713632827e+01,2.812492717238176176e+00
7.973992569305515588e+01,2.794306886604703166e+00
7.975993140897399769e+01,3.842565766532315408e+00
7.977993712489282530e+01,3.085528860758127934e+00
7.979994284081166711e+01,3.629136797846775231e+00
7.981994855673049472e+01,4.030922241525948024e+00
7.983995427264933653e+01,3.606356636806870242e+00
7.985995998856816414e+01,2.485205671844111119e+00
7.987996570448700595e+01,3.150158104350401889e+00
7.989997142040583356e+01,2.508834742623556657e+00
7.991997713632466116e+01,2.258266716334824231e+00
7.993998285224350298e+01,2.121167559857632945e+00
7.995998856816233058e+01,2.172163097738482040e+00
7.997999428408117240e+01,2.005071998179086545e+00
8.000000000000000000e+01,1.265008582241209378e+00
