angle,intensity
1.000000000000000000e+01,6.388846311750486784e+00
1.002000571591883471e+01,6.341998653958326848e+00
1.004001143183766764e+01,7.199087943185028315e+00
1.006001714775650235e+01,6.747917087636013278e+00
1.008002286367533529e+01,6.925255270827832987e+00
1.010002857959417000e+01,6.323616464398888581e+00
1.012003429551300293e+01,6.363759405706017169e+00
1.014004001143183764e+01,7.589228177388679164e+00
1.016004572735067235e+01,6.687970625197804608e+00
1.018005144326950528e+01,6.695853081294804277e+00
1.020005715918833999e+01,7.255297614535084705e+00
1.022006287510717293e+01,6.860223548166221264e+00
1.024006859102600764e+01,6.435531461075866488e+00
1.026007430694484057e+01,6.073714912088478357e+00
1.028008002286367528e+01,6.367390618107091171e+00
1.030008573878250999e+01,7.078347677766522850e+00
1.032009145470134293e+01,6.182240040994046559e+00
1.034009717062017764e+01,6.162485732728714360e+00
1.036010288653901057e+01,5.838929879008754043e+00
1.038010860245784528e+01,5.928722794145233621e+00
1.040011431837667999e+01,5.978351955540453844e+00
1.042012003429551292e+01,4.993650403721225040e+00
1.044012575021434763e+01,4.827382626035353397e+00
1.046013146613318057e+01,4.746249083944851677e+00
1.048013718205201528e+01,5.190467594884668578e+00
1.050014289797084821e+01,4.661200092090808766e+00
1.052014861388968292e+01,4.524368953565337748e+00
1.054015432980851585e+01,5.226031870171665261e+00
1.056016004572735056e+01,4.287677661746735147e+00
1.058016576164618527e+01,4.215684315463825271e+00
1.060017147756501821e+01,4.564379334225944440e+00
1.062017719348385292e+01,3.167538853606841176e+00
1.064018290940268585e+01,3.203966976197148320e+00
1.066018862532152056e+01,3.426298183369961059e+00
1.068019434124035527e+01,3.305629391203775302e+00
1.070020005715918820e+01,3.834304660655552865e+00
1.072020577307802292e+01,3.419782800129637756e+00
1.074021148899685585e+01,2.535988584255228773e+00
1.076021720491569056e+01,2.842772836313384399e+00
1.078022292083452349e+01,2.929951066551435890e+00
1.080022863675335820e+01,2.548456190410082201e+00
1.082023435267219291e+01,3.260529547054474619e+00
1.084024006859102585e+01,2.643362886515442600e+00
1.086024578450986056e+01,2.238991987731043576e+00
1.088025150042869349e+01,2.231272314413699220e+00
1.090025721634752820e+01,2.312560269342273322e+00
1.092026293226636113e+01,1.452383404551117474e+00
1.094026864818519584e+01,2.179171339342591107e+00
1.096027436410403055e+01,3.049463390209515623e+00
1.098028008002286349e+01,2.006986555336174760e+00
1.100028579594169820e+01,2.077024292355225121e+00
1.102029151186053113e+01,2.761812096511571113e+00
1.104029722777936584e+01,2.004074211314256004e+00
1.106030294369819877e+01,2.788280682011012424e+00
1.108030865961703348e+01,2.177066693388277407e+00
1.110031437553586819e+01,2.060549211154090621e+00
1.112032009145470113e+01,1.162262409699922339e+00
1.114032580737353584e+01,1.774975763483158664e+00
1.116033152329236877e+01,2.374173187833500176e+00
1.118033723921120348e+01,1.564185468379162280e+00
1.120034295513003642e+01,2.021272073104621203e+00
1.122034867104887113e+01,1.880002978044443385e+00
1.124035438696770584e+01,1.797294583579446936e+00
1.126036010288653877e+01,1.964594257244967057e+00
1.128036581880537348e+01,1.765278310891345681e+00
1.130037153472420641e+01,1.710046663633526975e+00
1.132037725064304112e+01,1.483387196935251673e+00
1.134038296656187583e+01,1.633354583577674379e+00
1.136038868248070877e+01,1.797538116314454371e+00
1.138039439839954348e+01,1.924345568944998419e+00
1.140040011431837641e+01,2.064767965639609404e+00
1.142040583023721112e+01,1.557748823072284905e+00
1.144041154615604405e+01,1.566915668821852847e+00
1.146041726207487876e+01,1.797035400415309514e+00
1.148042297799371170e+01,2.029117540622057625e+00
1.150042869391254641e+01,1.567341941895550761e+00
1.152043440983138112e+01,2.344705125147454883e+00
1.154044012575021405e+01,2.274330398189213120e+00
1.156044584166904876e+01,2.366756303722492127e+00
1.158045155758788169e+01,1.293059673013126964e+00
1.160045727350671640e+01,1.850057925069851894e+00
1.162046298942555111e+01,1.189881098096601475e+00
1.164046870534438405e+01,1.699774637875917094e+00
1.166047442126321876e+01,2.195932570037130382e+00
1.168048013718205169e+01,2.179355234904490679e+00
1.170048585310088640e+01,2.212676148979802804e+00
1.172049156901971934e+01,2.073298333689611805e+00
1.174049728493855405e+01,2.210788098713915240e+00
1.176050300085738698e+01,1.928424769555832086e+00
1.178050871677622169e+01,1.815204382645816406e+00
1.180051443269505640e+01,2.071356493233862839e+00
1.182052014861388933e+01,2.263162721696541535e+00
1.184052586453272404e+01,2.175294990613074742e+00
1.186053158045155698e+01,2.075873554584118708e+00
1.188053729637039169e+01,2.186772093137886674e+00
1.190054301228922640e+01,1.773680749791806122e+00
1.192054872820805933e+01,2.616770566477761406e+00
1.194055444412689404e+01,1.455256513824916498e+00
1.196056016004572697e+01,2.067124060587143042e+00
1.198056587596456168e+01,1.573592757073207116e+00
1.200057159188339639e+01,2.605367085227800139e+00
1.202057730780222933e+01,1.682088696351529133e+00
1.204058302372106226e+01,2.491525565015657584e+00
1.206058873963989697e+01,1.383093529097485952e+00
1.208059445555873168e+01,1.459196028184724270e+00
1.210060017147756461e+01,1.507591444743135556e+00
1.212060588739639932e+01,2.746759520881342453e+00
1.214061160331523226e+01,1.878267891655613031e+00
1.216061731923406697e+01,2.169318383243535209e+00
1.218062303515290168e+01,1.480429490192897823e+00
1.220062875107173461e+01,2.563868803482929781e+00
1.222063446699056932e+01,2.061574334034759648e+00
1.224064018290940226e+01,2.136289136948851919e+00
1.226064589882823697e+01,1.995165358052951809e+00
1.228065161474707168e+01,1.885215832607302744e+00
1.230065733066590461e+01,2.307640167864032588e+00
1.232066304658473754e+01,1.377078444650759792e+00
1.234066876250357225e+01,2.419220214851187656e+00
1.236067447842240696e+01,1.584161668269726597e+00
1.238068019434123990e+01,2.306917952815538353e+00
1.240068591026007461e+01,2.557427709898257184e+00
1.242069162617890754e+01,1.689349805266538773e+00
1.244069734209774225e+01,1.932203857654884782e+00
1.246070305801657696e+01,2.789300836890766355e+00
1.248070877393540989e+01,1.156325447386666649e+00
1.250071448985424460e+01,2.281982153683304482e+00
1.252072020577307754e+01,1.566294883902161539e+00
1.254072592169191225e+01,2.240368637040768274e+00
1.256073163761074696e+01,2.005532683319457554e+00
1.258073735352957989e+01,2.291067771931844632e+00
1.260074306944841460e+01,2.294961928537688323e+00
1.262074878536724754e+01,1.387191250700471112e+00
1.264075450128608225e+01,2.153594618153222839e+00
1.266076021720491518e+01,1.989308231327395760e+00
1.268076593312374989e+01,2.833400080850728919e+00
1.270077164904258282e+01,2.699049662975574915e+00
1.272077736496141753e+01,1.932365901383797269e+00
1.274078308088025224e+01,3.040085125286325685e+00
1.276078879679908518e+01,2.976009837973920824e+00
1.278079451271791989e+01,2.400309730831439836e+00
1.280080022863675282e+01,2.552225155175036342e+00
1.282080594455558753e+01,2.639726397172363459e+00
1.284081166047442224e+01,1.981378906519736249e+00
1.286081737639325517e+01,2.570486441603592631e+00
1.288082309231208988e+01,2.212610205739638847e+00
1.290082880823092282e+01,2.243927219369279413e+00
1.292083452414975753e+01,2.023721477116503298e+00
1.294084024006859224e+01,1.557723686393345908e+00
1.296084595598742517e+01,1.859217814498392407e+00
1.298085167190625810e+01,2.757774243802538550e+00
1.300085738782509281e+01,2.899498954628151548e+00
1.302086310374392752e+01,2.347953353735577231e+00
1.304086881966276046e+01,2.305455686979214214e+00
1.306087453558159517e+01,2.936333866722867114e+00
1.308088025150042810e+01,2.710053919267394917e+00
1.310088596741926281e+01,2.253538108977232390e+00
1.312089168333809752e+01,2.059417317998024188e+00
1.314089739925693046e+01,2.524093437814725061e+00
1.316090311517576517e+01,2.405099876992820906e+00
1.318090883109459810e+01,1.795763327429062972e+00
1.320091454701343281e+01,2.496502089359403875e+00
1.322092026293226752e+01,2.410430468189796116e+00
1.324092597885110045e+01,2.911037775617257850e+00
1.326093169476993339e+01,2.476395366166252554e+00
1.328093741068876810e+01,2.179994129936536851e+00
1.330094312660760281e+01,2.944479004606832095e+00
1.332094884252643574e+01,2.593158205162255925e+00
1.334095455844527045e+01,2.852632023583068666e+00
1.336096027436410338e+01,2.587235143207012200e+00
1.338096599028293809e+01,2.782916211736773171e+00
1.340097170620177280e+01,2.639396153697594283e+00
1.342097742212060574e+01,2.380735569393727324e+00
1.344098313803944045e+01,2.517282210437369994e+00
1.346098885395827338e+01,2.378956807164194664e+00
1.348099456987710809e+01,3.252786728543601846e+00
1.350100028579594280e+01,3.018653776756322848e+00
1.352100600171477573e+01,2.768614807147974144e+00
1.354101171763361044e+01,2.971547191974196256e+00
1.356101743355244338e+01,2.982189055821758750e+00
1.358102314947127809e+01,2.873782482627690982e+00
1.360102886539011102e+01,2.483147458676041808e+00
1.362103458130894573e+01,3.179587181585813660e+00
1.364104029722777867e+01,2.857144760927682992e+00
1.366104601314661338e+01,2.866803566173978357e+00
1.368105172906544809e+01,2.816466952162035575e+00
1.370105744498428102e+01,2.846541137790929099e+00
1.372106316090311573e+01,3.023895411375177034e+00
1.374106887682194866e+01,3.525190697806430684e+00
1.376107459274078337e+01,3.480800832390607447e+00
1.378108030865961808e+01,3.118682002759214367e+00
1.380108602457845102e+01,2.978435987059740775e+00
1.382109174049728573e+01,3.312321550690535688e+00
1.384109745641611866e+01,3.860355901245852817e+00
1.386110317233495337e+01,3.444177631302175691e+00
1.388110888825378808e+01,3.239947316392158605e+00
1.390111460417262101e+01,3.296948790657183714e+00
1.392112032009145395e+01,3.648014408469112180e+00
1.394112603601028866e+01,3.099387404442021321e+00
1.396113175192912337e+01,3.377756794481415525e+00
1.398113746784795630e+01,2.541483926459324305e+00
1.400114318376679101e+01,3.491320077108340136e+00
1.402114889968562395e+01,3.064148199200488421e+00
1.404115461560445866e+01,3.693680637025591906e+00
1.406116033152329337e+01,3.874839541768816176e+00
1.408116604744212630e+01,3.308307484654437580e+00
1.410117176336095923e+01,3.148765820586726605e+00
1.412117747927979394e+01,3.826267700684187201e+00
1.414118319519862865e+01,4.090177338623858461e+00
1.416118891111746336e+01,3.672407318214455429e+00
1.418119462703629630e+01,3.363266805384402147e+00
1.420120034295512923e+01,3.749073777806283481e+00
1.422120605887396394e+01,4.401372208672643893e+00
1.424121177479279865e+01,3.915448060990191159e+00
1.426121749071163336e+01,3.675971827957568827e+00
1.428122320663046629e+01,4.100337422075726934e+00
1.430122892254929923e+01,3.661142217277506994e+00
1.432123463846813394e+01,3.120876864168476317e+00
1.434124035438696865e+01,4.035538449792781535e+00
1.436124607030580158e+01,3.574210099782930250e+00
1.438125178622463629e+01,3.441765924372644392e+00
1.440125750214346922e+01,4.088865685711606801e+00
1.442126321806230393e+01,3.904577965406732964e+00
1.444126893398113864e+01,4.101242379222450829e+00
1.446127464989997158e+01,4.491623691820558761e+00
1.448128036581880451e+01,4.047539133232700870e+00
1.450128608173763922e+01,3.385141800975505433e+00
1.452129179765647393e+01,3.628907183019965288e+00
1.454129751357530864e+01,3.295007575085556972e+00
1.456130322949414158e+01,4.155505558293800306e+00
1.458130894541297451e+01,4.013052495499508154e+00
1.460131466133180922e+01,4.401741037797748390e+00
1.462132037725064393e+01,4.111338518096542494e+00
1.464132609316947686e+01,3.918589389742431983e+00
1.466133180908831157e+01,3.536224240425760890e+00
1.468133752500714451e+01,4.204558199475931346e+00
1.470134324092597922e+01,3.860812567535286899e+00
1.472134895684481393e+01,3.393505622408414801e+00
1.474135467276364686e+01,4.685656001898991896e+00
1.476136038868247979e+01,4.117972527869575572e+00
1.478136610460131450e+01,4.204415275899551219e+00
1.480137182052014921e+01,3.921356577651518016e+00
1.482137753643898392e+01,4.027968170814782312e+00
1.484138325235781686e+01,4.061962173179885838e+00
1.486138896827664979e+01,4.261185158002508189e+00
1.488139468419548450e+01,4.330301063175614473e+00
1.490140040011431921e+01,4.496258073662478871e+00
1.492140611603315392e+01,4.316897562220585627e+00
1.494141183195198685e+01,3.438102852575190660e+00
1.496141754787081979e+01,3.996337560661991972e+00
1.498142326378965450e+01,4.827634680591078364e+00
1.500142897970848921e+01,4.143913144736454335e+00
1.502143469562732214e+01,4.264175464547665939e+00
1.504144041154615508e+01,4.724003639154106260e+00
1.506144612746498979e+01,3.817603087343555579e+00
1.508145184338382450e+01,4.784039160347427710e+00
1.510145755930265921e+01,4.002432214362364071e+00
1.512146327522149214e+01,4.892210854329345437e+00
1.514146899114032507e+01,4.325468140774919590e+00
1.516147470705915978e+01,4.100421380002456040e+00
1.518148042297799449e+01,4.198668827241096579e+00
1.520148613889682920e+01,4.185475168835184334e+00
1.522149185481566214e+01,5.001892883224225095e+00
1.524149757073449507e+01,3.905219787875680026e+00
1.526150328665332978e+01,3.559905942608287965e+00
1.528150900257216449e+01,4.067031941232961856e+00
1.530151471849099742e+01,4.130059776520607073e+00
1.532152043440983036e+01,3.989703465756941902e+00
1.534152615032866507e+01,3.854948652016137345e+00
1.536153186624749978e+01,3.998120728174286320e+00
1.538153758216633449e+01,3.833783291685523231e+00
1.540154329808516742e+01,3.832347393860992213e+00
1.542154901400400036e+01,3.619714377717812681e+00
1.544155472992283507e+01,4.186798334933536481e+00
1.546156044584166978e+01,4.599899119449630369e+00
1.548156616176050449e+01,3.565017426689061075e+00
1.550157187767933742e+01,3.551067547932417412e+00
1.552157759359817035e+01,3.045990922995436723e+00
1.554158330951700506e+01,3.368616739294273632e+00
1.556158902543583977e+01,4.000689135391087170e+00
1.558159474135467271e+01,2.966924540717518433e+00
1.560160045727350742e+01,3.660803774026305746e+00
1.562160617319234035e+01,3.486583188180200743e+00
1.564161188911117506e+01,4.118870074879337650e+00
1.566161760503000977e+01,3.763010703531524115e+00
1.568162332094884270e+01,3.728399399967378791e+00
1.570162903686767564e+01,3.754918289572193313e+00
1.572163475278651035e+01,3.532894049958194671e+00
1.574164046870534506e+01,3.273457416395797015e+00
1.576164618462417977e+01,3.080145828582775192e+00
1.578165190054301270e+01,3.821865072455947754e+00
1.580165761646184563e+01,3.729990554848483963e+00
1.582166333238068034e+01,3.462725335798154891e+00
1.584166904829951505e+01,3.989883039479352966e+00
1.586167476421834799e+01,3.764738822405484520e+00
1.588168048013718270e+01,3.568978797541196180e+00
1.590168619605601563e+01,4.011017180788509329e+00
1.592169191197485034e+01,3.949237264068658604e+00
1.594169762789368505e+01,3.339012444455744522e+00
1.596170334381251799e+01,3.732816755772572215e+00
1.598170905973135092e+01,3.861674168960414377e+00
1.600171477565018563e+01,3.365954126348495112e+00
1.602172049156902034e+01,3.240898714498393840e+00
1.604172620748785505e+01,3.728910245608602736e+00
1.606173192340668976e+01,3.136620495207578685e+00
1.608173763932552092e+01,4.328178121430546810e+00
1.610174335524435563e+01,3.403568390931384968e+00
1.612174907116319034e+01,4.436290660113196616e+00
1.614175478708202505e+01,3.703538526477448301e+00
1.616176050300085620e+01,4.309863175777502775e+00
1.618176621891969091e+01,3.928512244520781405e+00
1.620177193483852562e+01,3.563948698164200568e+00
1.622177765075736033e+01,3.841979444842024805e+00
1.624178336667619504e+01,4.155601362748967631e+00
1.626178908259502620e+01,3.588113224849938554e+00
1.628179479851386091e+01,4.404925303548666626e+00
1.630180051443269562e+01,3.962160971977620072e+00
1.632180623035153033e+01,3.981693536807155098e+00
1.634181194627036149e+01,3.570151420401118436e+00
1.636181766218919620e+01,4.672792002729780236e+00
1.638182337810803091e+01,3.975091612037138233e+00
1.640182909402686562e+01,3.929307181955616013e+00
1.642183480994570033e+01,4.293251605684608840e+00
1.644184052586453504e+01,4.280235494792368200e+00
1.646184624178336620e+01,4.922481509419052159e+00
1.648185195770220091e+01,3.993318617036881513e+00
1.650185767362103562e+01,4.316753035675414019e+00
1.652186338953986677e+01,3.851754374828561645e+00
1.654186910545870148e+01,3.440053108956278916e+00
1.656187482137753619e+01,4.211518326524173794e+00
1.658188053729637090e+01,4.412551337969078169e+00
1.660188625321520561e+01,4.789029075525981227e+00
1.662189196913404032e+01,4.012965305313312747e+00
1.664189768505287148e+01,4.512864404158213105e+00
1.666190340097170619e+01,4.740836007579650513e+00
1.668190911689054090e+01,4.513203988901629771e+00
1.670191483280937561e+01,4.194083492593362550e+00
1.672192054872820677e+01,5.111244962576299677e+00
1.674192626464704148e+01,5.083357438931372485e+00
1.676193198056587619e+01,4.824271061710130759e+00
1.678193769648471090e+01,4.161036824687421642e+00
1.680194341240354561e+01,4.364429051692792605e+00
1.682194912832238032e+01,4.634084174717044036e+00
1.684195484424121148e+01,4.734531786408815890e+00
1.686196056016004619e+01,4.594948666541855964e+00
1.688196627607888090e+01,5.127110273071428637e+00
1.690197199199771205e+01,4.646527130671181283e+00
1.692197770791654676e+01,5.189342303857428007e+00
1.694198342383538147e+01,5.691742018413384230e+00
1.696198913975421618e+01,4.279401931890850719e+00
1.698199485567305089e+01,5.160511966329742961e+00
1.700200057159188560e+01,5.307466171029739499e+00
1.702200628751071676e+01,5.112142020399781828e+00
1.704201200342955147e+01,4.892633562507194611e+00
1.706201771934838618e+01,5.435103490502536161e+00
1.708202343526722089e+01,5.943728406093974570e+00
1.710202915118605205e+01,4.708768746162533603e+00
1.712203486710488676e+01,5.159101403807425434e+00
1.714204058302372147e+01,5.534567287397676338e+00
1.716204629894255618e+01,5.919405933773656869e+00
1.718205201486139089e+01,5.275766926219248809e+00
1.720205773078022204e+01,6.221624590595676629e+00
1.722206344669905675e+01,6.420360746644937500e+00
1.724206916261789146e+01,5.196793639670628906e+00
1.726207487853672617e+01,5.569965857870371906e+00
1.728208059445555733e+01,6.067379902505077638e+00
1.730208631037439204e+01,6.267381580801461460e+00
1.732209202629322675e+01,5.777514111055470636e+00
1.734209774221206146e+01,6.448750588955268981e+00
1.736210345813089617e+01,6.463751232484094444e+00
1.738210917404973088e+01,6.564134205221153096e+00
1.740211488996856204e+01,5.867034204343493542e+00
1.742212060588739675e+01,6.687805779969600906e+00
1.744212632180623146e+01,7.018234161187205444e+00
1.746213203772506262e+01,6.987936320352766018e+00
1.748213775364389733e+01,6.814940140308584304e+00
1.750214346956273204e+01,7.267897946597268621e+00
1.752214918548156675e+01,7.508561994834119346e+00
1.754215490140040146e+01,7.156734496818650371e+00
1.756216061731923617e+01,7.076802794979036193e+00
1.758216633323806732e+01,6.369665466050758340e+00
1.760217204915690203e+01,6.513063375039424230e+00
1.762217776507573674e+01,7.314125084292645518e+00
1.764218348099457145e+01,6.994477412132140692e+00
1.766218919691340261e+01,6.884183777377415936e+00
1.768219491283223732e+01,6.539643300625833433e+00
1.770220062875107203e+01,7.366523075197231485e+00
1.772220634466990674e+01,6.235666086201003822e+00
1.774221206058874145e+01,6.568372985907615202e+00
1.776221777650757616e+01,7.232660524505354793e+00
1.778222349242640732e+01,6.957547221439781993e+00
1.780222920834524203e+01,7.320909134572897159e+00
1.782223492426407674e+01,6.056713065788933648e+00
1.784224064018290790e+01,6.651511133217871574e+00
1.786224635610174261e+01,7.152696134160722252e+00
1.788225207202057732e+01,6.088434565303357360e+00
1.790225778793941203e+01,6.014917198697725453e+00
1.792226350385824674e+01,6.113712037229837470e+00
1.794226921977708145e+01,6.466020908166450809e+00
1.796227493569591260e+01,6.189538312792286057e+00
1.798228065161474731e+01,6.805388388291087942e+00
1.800228636753358202e+01,6.060002487883363820e+00
1.802229208345241318e+01,5.784310014348365669e+00
1.804229779937124789e+01,5.856272581335269400e+00
1.806230351529008260e+01,5.995455021151264496e+00
1.808230923120891731e+01,5.939641920213764692e+00
1.810231494712775202e+01,6.117697113244123130e+00
1.812232066304658673e+01,6.027751649072627060e+00
1.814232637896542144e+01,5.627424668971377386e+00
1.816233209488425260e+01,5.561717961064487348e+00
1.818233781080308731e+01,5.267797945695762429e+00
1.820234352672191847e+01,5.225631359597072034e+00
1.822234924264075318e+01,5.411053713480273863e+00
1.824235495855958789e+01,4.843771677984021196e+00
1.826236067447842260e+01,5.479840965512099871e+00
1.828236639039725731e+01,5.461211411925781078e+00
1.830237210631609202e+01,4.865341507717359626e+00
1.832237782223492673e+01,5.587081711977328169e+00
1.834238353815375788e+01,4.688966876187969035e+00
1.836238925407259259e+01,5.211448679834315811e+00
1.838239496999142730e+01,5.155523798963508320e+00
1.840240068591025846e+01,4.747187334749238374e+00
1.842240640182909317e+01,5.870156508538249440e+00
1.844241211774792788e+01,4.932409089704758998e+00
1.846241783366676259e+01,5.574923345488103088e+00
1.848242354958559730e+01,5.251510525720553879e+00
1.850242926550443201e+01,5.060252496113861298e+00
1.852243498142326672e+01,4.574914794492646486e+00
1.854244069734209788e+01,4.625811766083030463e+00
1.856244641326093259e+01,4.683536724615890101e+00
1.858245212917976374e+01,5.694142173502065418e+00
1.860245784509859845e+01,4.701087408631475562e+00
1.862246356101743316e+01,5.108946662958324225e+00
1.864246927693626787e+01,4.870445962374541082e+00
1.866247499285510258e+01,5.016145291693513641e+00
1.868248070877393729e+01,4.653372149334474628e+00
1.870248642469277200e+01,3.953851250925203953e+00
1.872249214061160316e+01,4.926378719033452036e+00
1.874249785653043787e+01,4.172045147286866040e+00
1.876250357244927258e+01,4.448694183758488130e+00
1.878250928836810374e+01,5.214003297083571908e+00
1.880251500428693845e+01,4.698557850885586973e+00
1.882252072020577316e+01,5.108286537455590803e+00
1.884252643612460787e+01,4.566751659563366594e+00
1.886253215204344258e+01,4.296135463469613391e+00
1.888253786796227729e+01,4.495045600437212130e+00
1.890254358388111200e+01,5.164454812493906921e+00
1.892254929979994316e+01,4.058737839911312761e+00
1.894255501571877787e+01,4.533187440847100902e+00
1.896256073163760902e+01,4.415134831783170455e+00
1.898256644755644373e+01,4.968816379579443776e+00
1.900257216347527844e+01,5.064169814368209899e+00
1.902257787939411315e+01,4.248684413313501551e+00
1.904258359531294786e+01,4.393586753161009995e+00
1.906258931123178257e+01,5.155293494836909574e+00
1.908259502715061728e+01,5.211969864839955946e+00
1.910260074306944844e+01,4.839852331748043746e+00
1.912260645898828315e+01,4.547293274175954636e+00
1.914261217490711431e+01,4.455220041318188606e+00
1.916261789082594902e+01,4.913806663612580117e+00
1.918262360674478373e+01,4.379714072437707273e+00
1.920262932266361844e+01,4.300196642831005001e+00
1.922263503858245315e+01,5.218886677572624144e+00
1.924264075450128786e+01,4.009199449153726391e+00
1.926264647042012257e+01,4.518633559833997282e+00
1.928265218633895373e+01,5.306923179803042956e+00
1.930265790225778844e+01,5.136663059947142784e+00
1.932266361817662315e+01,4.797080768260857830e+00
1.934266933409545430e+01,4.450343929741515936e+00
1.936267505001428901e+01,5.339861116442099487e+00
1.938268076593312372e+01,4.607724136776890411e+00
1.940268648185195843e+01,4.822662033790040326e+00
1.942269219777079314e+01,4.955059961240427135e+00
1.944269791368962785e+01,5.169511218891511106e+00
1.946270362960846256e+01,5.437094675247798214e+00
1.948270934552729372e+01,5.564505027639702561e+00
1.950271506144612843e+01,6.279807470743078213e+00
1.952272077736495959e+01,5.972967675487648620e+00
1.954272649328379430e+01,5.302369372556260174e+00
1.956273220920262901e+01,5.493252029213333110e+00
1.958273792512146372e+01,5.299969308223860587e+00
1.960274364104029843e+01,5.600181527890788047e+00
1.962274935695913314e+01,5.554169240002733154e+00
1.964275507287796785e+01,5.614662585716466481e+00
1.966276078879679901e+01,5.876475628938274909e+00
1.968276650471563372e+01,6.142812219823420961e+00
1.970277222063446487e+01,6.655056665150404172e+00
1.972277793655329958e+01,6.292160902436465086e+00
1.974278365247213429e+01,6.402625736123543021e+00
1.976278936839096900e+01,6.474257571386416998e+00
1.978279508430980371e+01,6.620341945469432332e+00
1.980280080022863842e+01,6.549406321856049651e+00
1.982280651614747313e+01,6.743645142728115438e+00
1.984281223206630784e+01,6.688294788651045764e+00
1.986281794798513900e+01,6.525177123063983231e+00
1.988282366390397371e+01,7.249353772559981479e+00
1.990282937982280487e+01,7.527141728077026528e+00
1.992283509574163958e+01,6.732870270815674019e+00
1.994284081166047429e+01,7.024612067789046677e+00
1.996284652757930900e+01,7.190083710548377027e+00
1.998285224349814371e+01,8.208326170876523165e+00
2.000285795941697842e+01,7.547391102580021105e+00
2.002286367533581313e+01,7.685535492443198891e+00
2.004286939125464428e+01,8.162829973720336696e+00
2.006287510717347899e+01,7.595005730879774930e+00
2.008288082309231015e+01,7.304835313491098603e+00
2.010288653901114486e+01,8.157879973710819854e+00
2.012289225492997957e+01,8.352715170875347539e+00
2.014289797084881428e+01,8.092732573164955312e+00
2.016290368676764899e+01,8.004014147431718129e+00
2.018290940268648370e+01,7.733397561769709938e+00
2.020291511860531841e+01,9.218543914980259046e+00
2.022292083452414957e+01,8.158427193277091760e+00
2.024292655044298428e+01,9.382844484705437083e+00
2.026293226636181899e+01,8.653542641213268993e+00
2.028293798228065015e+01,8.893443210288555889e+00
2.030294369819948486e+01,9.508295249846403507e+00
2.032294941411831957e+01,8.463356859407525690e+00
2.034295513003715428e+01,9.389993883823683163e+00
2.036296084595598899e+01,8.486065367192514586e+00
2.038296656187482370e+01,8.635002456816756933e+00
2.040297227779365841e+01,8.710465256467674777e+00
2.042297799371248956e+01,8.482200600008036773e+00
2.044298370963132427e+01,9.399741375256699172e+00
2.046298942555015543e+01,8.871487828992385971e+00
2.048299514146899014e+01,8.852338007919588136e+00
2.050300085738782485e+01,8.487459296900205175e+00
2.052300657330665956e+01,8.556220888752431364e+00
2.054301228922549427e+01,9.740586750791203841e+00
2.056301800514432898e+01,8.987998963911836725e+00
2.058302372106316369e+01,8.748871704634982649e+00
2.060302943698199485e+01,9.941920219166540562e+00
2.062303515290082956e+01,9.366071702331309368e+00
2.064304086881966072e+01,9.073380503532810337e+00
2.066304658473849543e+01,9.486529459104620088e+00
2.068305230065733014e+01,9.754683966391183958e+00
2.070305801657616485e+01,1.045813061179799064e+01
2.072306373249499956e+01,9.919991157123945413e+00
2.074306944841383427e+01,9.576073737057230417e+00
2.076307516433266898e+01,9.471513238262097900e+00
2.078308088025150369e+01,9.271504542824743567e+00
2.080308659617033484e+01,1.020831435892870509e+01
2.082309231208916955e+01,1.069875846402261033e+01
2.084309802800800071e+01,9.998306147186021064e+00
2.086310374392683542e+01,9.820669242573135449e+00
2.088310945984567013e+01,1.042063924560960508e+01
2.090311517576450484e+01,1.049042675320443152e+01
2.092312089168333955e+01,1.059811748033182255e+01
2.094312660760217426e+01,1.089210813052169335e+01
2.096313232352100897e+01,1.065893540387897787e+01
2.098313803943984013e+01,1.035198794537957312e+01
2.100314375535867484e+01,1.097351934044391442e+01
2.102314947127750600e+01,1.090092428780472389e+01
2.104315518719634071e+01,1.107365427114215883e+01
2.106316090311517542e+01,1.035434238854220901e+01
2.108316661903401013e+01,1.076820728564754681e+01
2.110317233495284484e+01,1.066444437909022191e+01
2.112317805087167955e+01,1.085006530984658291e+01
2.114318376679051426e+01,1.029687903900413914e+01
2.116318948270934541e+01,1.071638748079751302e+01
2.118319519862818012e+01,1.054951595824528887e+01
2.120320091454701483e+01,1.130522473439796904e+01
2.122320663046584599e+01,1.075347115413981314e+01
2.124321234638468070e+01,1.020711414775886183e+01
2.126321806230351541e+01,9.955012622889425344e+00
2.128322377822235012e+01,1.154261454782038498e+01
2.130322949414118483e+01,1.151965778419556585e+01
2.132323521006001954e+01,1.099443753905036658e+01
2.134324092597885425e+01,1.077611755902204749e+01
2.136324664189768541e+01,1.120581964946660136e+01
2.138325235781652012e+01,1.096293775936279147e+01
2.140325807373535127e+01,1.065162943763947823e+01
2.142326378965418598e+01,1.092725589314789048e+01
2.144326950557302069e+01,1.090567518621905485e+01
2.146327522149185540e+01,1.103535489837059558e+01
2.148328093741069011e+01,1.027590796532851769e+01
2.150328665332952482e+01,1.099607392847998177e+01
2.152329236924835953e+01,1.135889301180437272e+01
2.154329808516719069e+01,1.095073633628095422e+01
2.156330380108602540e+01,1.203770752058436244e+01
2.158330951700485656e+01,1.108675223131020715e+01
2.160331523292369127e+01,1.141026821561157867e+01
2.162332094884252598e+01,1.245008623138171089e+01
2.164332666476136069e+01,1.216100395341740104e+01
2.166333238068019540e+01,1.205876405810962737e+01
2.168333809659903011e+01,1.153327877458083606e+01
2.170334381251786482e+01,1.199766927887252521e+01
2.172334952843669598e+01,1.248113434173932745e+01
2.174335524435553069e+01,1.277932537557077808e+01
2.176336096027436540e+01,1.280118490577756774e+01
2.178336667619319655e+01,1.234057934128942513e+01
2.180337239211203126e+01,1.302701930460454705e+01
2.182337810803086597e+01,1.318751147250128675e+01
2.184338382394970068e+01,1.262517122470628550e+01
2.186338953986853539e+01,1.307395426508671932e+01
2.188339525578737010e+01,1.327792737333809647e+01
2.190340097170620481e+01,1.294119363216957019e+01
2.192340668762503597e+01,1.384661876942528913e+01
2.194341240354387068e+01,1.247911913903927683e+01
2.196341811946270184e+01,1.262882804391952618e+01
2.198342383538153655e+01,1.311511442184345810e+01
2.200342955130037126e+01,1.310031809751452769e+01
2.202343526721920597e+01,1.279073059334187690e+01
2.204344098313804068e+01,1.292624483657168888e+01
2.206344669905687539e+01,1.301133790374488441e+01
2.208345241497571010e+01,1.314674553711217975e+01
2.210345813089454126e+01,1.267107136284872837e+01
2.212346384681337597e+01,1.318996377921715535e+01
2.214346956273221068e+01,1.213980140395752372e+01
2.216347527865104183e+01,1.188836029454383691e+01
2.218348099456987654e+01,1.192100822050906217e+01
2.220348671048871125e+01,1.199455799612606377e+01
2.222349242640754596e+01,1.174232782219559112e+01
2.224349814232638067e+01,1.204034921306000072e+01
2.226350385824521538e+01,1.139991525292909813e+01
2.228350957416405009e+01,1.239822237543432770e+01
2.230351529008288125e+01,1.217670735176916175e+01
2.232352100600171596e+01,1.128171713057754388e+01
2.234352672192054712e+01,1.117295923295878524e+01
2.236353243783938183e+01,1.122943079208078387e+01
2.238353815375821654e+01,1.070423736062850217e+01
2.240354386967705125e+01,1.151986789584462301e+01
2.242354958559588596e+01,1.139880424178152296e+01
2.244355530151472067e+01,1.160626431344040199e+01
2.246356101743355538e+01,1.179585431486425584e+01
2.248356673335238654e+01,1.160928311514416933e+01
2.250357244927122125e+01,1.152060036618140337e+01
2.252357816519005240e+01,1.170338031500445553e+01
2.254358388110888711e+01,1.153631342732552412e+01
2.256358959702772182e+01,1.126731998389758260e+01
2.258359531294655653e+01,1.181985799683903160e+01
2.260360102886539124e+01,1.231880541675779028e+01
2.262360674478422595e+01,1.260197171739067556e+01
2.264361246070306066e+01,1.233717639900544327e+01
2.266361817662189182e+01,1.276229181292842441e+01
2.268362389254072653e+01,1.287528613756087026e+01
2.270362960845956124e+01,1.340854906839243732e+01
2.272363532437839240e+01,1.338609715239498854e+01
2.274364104029722711e+01,1.411624076553103535e+01
2.276364675621606182e+01,1.380926859203237278e+01
2.278365247213489653e+01,1.442158888032392738e+01
2.280365818805373124e+01,1.445890756591627024e+01
2.282366390397256595e+01,1.534890279581388661e+01
2.284366961989140066e+01,1.437542546447483183e+01
2.286367533581023181e+01,1.552149358989854733e+01
2.288368105172906652e+01,1.580946330972386527e+01
2.290368676764789768e+01,1.514095379721040402e+01
2.292369248356673239e+01,1.669999781480809631e+01
2.294369819948556710e+01,1.604725541412816270e+01
2.296370391540440181e+01,1.633828366864433335e+01
2.298370963132323652e+01,1.777131575041049771e+01
2.300371534724207123e+01,1.744862216113072506e+01
2.302372106316090594e+01,1.736037222541540359e+01
2.304372677907973710e+01,1.753392820625153092e+01
2.306373249499857181e+01,1.767345621508631837e+01
2.308373821091740652e+01,1.785246851208942331e+01
2.310374392683623768e+01,1.777310713441792345e+01
2.312374964275507239e+01,1.794747334594399391e+01
2.314375535867390710e+01,1.825530211331368236e+01
2.316376107459274181e+01,1.780125901676019140e+01
2.318376679051157652e+01,1.773715973325557727e+01
2.320377250643041123e+01,1.843939684584476524e+01
2.322377822234924594e+01,1.787993851148608826e+01
2.324378393826807709e+01,1.816561814722296475e+01
2.326378965418691180e+01,1.765597483548601332e+01
2.328379537010574296e+01,1.779489915339380346e+01
2.330380108602457767e+01,1.807760512614188642e+01
2.332380680194341238e+01,1.718629712408247912e+01
2.334381251786224709e+01,1.726995752019842811e+01
2.336381823378108180e+01,1.652513364590287637e+01
2.338382394969991651e+01,1.653952915325139017e+01
2.340382966561875122e+01,1.640960527589822959e+01
2.342383538153758238e+01,1.592673949411200418e+01
2.344384109745641709e+01,1.613548029557858854e+01
2.346384681337524825e+01,1.548270092235561357e+01
2.348385252929408296e+01,1.581126057812651986e+01
2.350385824521291767e+01,1.502199825552597723e+01
2.352386396113175238e+01,1.443622847892000394e+01
2.354386967705058709e+01,1.398760136476554905e+01
2.356387539296942180e+01,1.374319729466951934e+01
2.358388110888825651e+01,1.341556653999952786e+01
2.360388682480708766e+01,1.302173120713253951e+01
2.362389254072592237e+01,1.366704485592308416e+01
2.364389825664475708e+01,1.304035218842190602e+01
2.366390397256358824e+01,1.271535832886044481e+01
2.368390968848242295e+01,1.243040274312585147e+01
2.370391540440125766e+01,1.279097749560398078e+01
2.372392112032009237e+01,1.209367658660268674e+01
2.374392683623892708e+01,1.156019501806361660e+01
2.376393255215776179e+01,1.115110621462998175e+01
2.378393826807659650e+01,1.028742338667614753e+01
2.380394398399542766e+01,1.012198759701387196e+01
2.382394969991426237e+01,1.051572807157009137e+01
2.384395541583309353e+01,9.224560521936030710e+00
2.386396113175192824e+01,1.057486481472681916e+01
2.388396684767076295e+01,9.389833748307450989e+00
2.390397256358959766e+01,1.005861518340764960e+01
2.392397827950843237e+01,9.741046965966312143e+00
2.394398399542726708e+01,9.221972770180677514e+00
2.396398971134610179e+01,9.554891583066115857e+00
2.398399542726493294e+01,7.787438867482934235e+00
2.400400114318376765e+01,8.658131867674274673e+00
2.402400685910260236e+01,7.626905641977738348e+00
2.404401257502143352e+01,8.190512538809045395e+00
2.406401829094026823e+01,8.500667048778435486e+00
2.408402400685910294e+01,8.194885319918711275e+00
2.410402972277793765e+01,8.025624208021323369e+00
2.412403543869677236e+01,8.236429495750776653e+00
2.414404115461560707e+01,8.365009135977022225e+00
2.416404687053444178e+01,8.133426100483699628e+00
2.418405258645327294e+01,7.374558715777659756e+00
2.420405830237210765e+01,7.651233277166165081e+00
2.422406401829093880e+01,6.782257657520380789e+00
2.424406973420977351e+01,7.116694519676771691e+00
2.426407545012860822e+01,7.672573367256349641e+00
2.428408116604744293e+01,7.469797702524619609e+00
2.430408688196627764e+01,7.051083605400593868e+00
2.432409259788511235e+01,7.132905917700605336e+00
2.434409831380394706e+01,7.165845203129793006e+00
2.436410402972277822e+01,7.261276156519674174e+00
2.438410974564161293e+01,7.178056980112005547e+00
2.440411546156044409e+01,6.518283638781515066e+00
2.442412117747927880e+01,7.058735714792245375e+00
2.444412689339811351e+01,6.980986309561879821e+00
2.446413260931694822e+01,6.213224270664758464e+00
2.448413832523578293e+01,7.105413855515770649e+00
2.450414404115461764e+01,7.274722834861435672e+00
2.452414975707345235e+01,7.298087380232395560e+00
2.454415547299228351e+01,7.247560343884929424e+00
2.456416118891111822e+01,6.723569962297720082e+00
2.458416690482995293e+01,6.478730986198070418e+00
2.460417262074878408e+01,7.328119699814587662e+00
2.462417833666761879e+01,7.651539270376389368e+00
2.464418405258645350e+01,7.473077605570622950e+00
2.466418976850528821e+01,7.358332537247095573e+00
2.468419548442412292e+01,7.182661446782320880e+00
2.470420120034295763e+01,7.799674795243308978e+00
2.472420691626179234e+01,7.275906315973152516e+00
2.474421263218062350e+01,6.844227166853031896e+00
2.476421834809945821e+01,7.227369530835987099e+00
2.478422406401828937e+01,7.542970376653240550e+00
2.480422977993712408e+01,7.221376898626510332e+00
2.482423549585595879e+01,7.871945062370705237e+00
2.484424121177479350e+01,8.039033624262216904e+00
2.486424692769362821e+01,8.032028163743643034e+00
2.488425264361246292e+01,8.490303470701782373e+00
2.490425835953129763e+01,7.804898647228661446e+00
2.492426407545012879e+01,8.778320125998385848e+00
2.494426979136896350e+01,9.283497951865825826e+00
2.496427550728779821e+01,9.561034488415790733e+00
2.498428122320662936e+01,9.104146746131196011e+00
2.500428693912546407e+01,8.752112293870510484e+00
2.502429265504429878e+01,1.041600419243559905e+01
2.504429837096313349e+01,9.451499830804925395e+00
2.506430408688196820e+01,1.037246737587115675e+01
2.508430980280080291e+01,1.109436949252561000e+01
2.510431551871963762e+01,9.999930617393701482e+00
2.512432123463846878e+01,1.064480356083911339e+01
2.514432695055730349e+01,1.106570234090612281e+01
2.516433266647613465e+01,1.142690003020854306e+01
2.518433838239496936e+01,1.200101905945696146e+01
2.520434409831380407e+01,1.206495252915293470e+01
2.522434981423263878e+01,1.269831410345267386e+01
2.524435553015147349e+01,1.278431451907703220e+01
2.526436124607030820e+01,1.309237869650977615e+01
2.528436696198914291e+01,1.416357203662320074e+01
2.530437267790797407e+01,1.427703961149704170e+01
2.532437839382680878e+01,1.519539297337484385e+01
2.534438410974563993e+01,1.498762420664764861e+01
2.536438982566447464e+01,1.633554813605830702e+01
2.538439554158330935e+01,1.610044404944691010e+01
2.540440125750214406e+01,1.687977718194947485e+01
2.542440697342097877e+01,1.776911533900783269e+01
2.544441268933981348e+01,1.860795120499581401e+01
2.546441840525864819e+01,1.862686726884187749e+01
2.548442412117747935e+01,1.936306282347441865e+01
2.550442983709631406e+01,2.034409063828161379e+01
2.552443555301514877e+01,2.159817187620559054e+01
2.554444126893397993e+01,2.195759628794900920e+01
2.556444698485281464e+01,2.218984644012597229e+01
2.558445270077164935e+01,2.388569254206126047e+01
2.560445841669048406e+01,2.480766009973944008e+01
2.562446413260931877e+01,2.547869939965455544e+01
2.564446984852815348e+01,2.633358450509313542e+01
2.566447556444698819e+01,2.759710450258502590e+01
2.568448128036581934e+01,2.778982791228159144e+01
2.570448699628465405e+01,2.890834301239959103e+01
2.572449271220348521e+01,3.126590479297303560e+01
2.574449842812231992e+01,3.146399407829678907e+01
2.576450414404115463e+01,3.221903530951603045e+01
2.578450985995998934e+01,3.409099798514245094e+01
2.580451557587882405e+01,3.426640814194559681e+01
2.582452129179765876e+01,3.625610249517593786e+01
2.584452700771649347e+01,3.778136222309454695e+01
2.586453272363532463e+01,3.887594294336023637e+01
2.588453843955415934e+01,4.009209504607630237e+01
2.590454415547299405e+01,4.067803831607754717e+01
2.592454987139182521e+01,4.172084815236664213e+01
2.594455558731065992e+01,4.284549462518795337e+01
2.596456130322949463e+01,4.351653784432643590e+01
2.598456701914832934e+01,4.510260128771309240e+01
2.600457273506716405e+01,4.538544414787166659e+01
2.602457845098599520e+01,4.706287401133887016e+01
2.604458416690482991e+01,4.752393171826216900e+01
2.606458988282366462e+01,4.872506658510041433e+01
2.608459559874249933e+01,4.978327828343658012e+01
2.610460131466133404e+01,4.946639959042404655e+01
2.612460703058016520e+01,5.034183678556318142e+01
2.614461274649899991e+01,5.039047444309579760e+01
2.616461846241783462e+01,5.085455552062089879e+01
2.618462417833666933e+01,5.162474451732065006e+01
2.620462989425550404e+01,5.254547154285733512e+01
2.622463561017433520e+01,5.201076621950051759e+01
2.624464132609316991e+01,5.197919882319908425e+01
2.626464704201200462e+01,5.248423930076604194e+01
2.628465275793083933e+01,5.229956988902522852e+01
2.630465847384967049e+01,5.214531174567284921e+01
2.632466418976850520e+01,5.191820399246972784e+01
2.634466990568733991e+01,5.173320830253470604e+01
2.636467562160617462e+01,5.227990225737529784e+01
2.638468133752500933e+01,5.127114124324401701e+01
2.640468705344384048e+01,5.152881848864412717e+01
2.642469276936267519e+01,5.114158025533224361e+01
2.644469848528150990e+01,5.043356457293074158e+01
2.646470420120034461e+01,5.012783600019808716e+01
2.648470991711917932e+01,4.933584266522537121e+01
2.650471563303801048e+01,4.858258546822158763e+01
2.652472134895684519e+01,4.871894224864313827e+01
2.654472706487567990e+01,4.819067737252258610e+01
2.656473278079451461e+01,4.774626821193694326e+01
2.658473849671334932e+01,4.660017687129771247e+01
2.660474421263218048e+01,4.515282112748067789e+01
2.662474992855101519e+01,4.434835837421145044e+01
2.664475564446984990e+01,4.342787802373518247e+01
2.666476136038868461e+01,4.296449783838837533e+01
2.668476707630751577e+01,4.108005395004514071e+01
2.670477279222635048e+01,4.085811654444854923e+01
2.672477850814518519e+01,3.941495937870594446e+01
2.674478422406401990e+01,3.900029804114603849e+01
2.676478993998285461e+01,3.739380245802259140e+01
2.678479565590168576e+01,3.720803196490978593e+01
2.680480137182052047e+01,3.566684816905045352e+01
2.682480708773935518e+01,3.506013031329661800e+01
2.684481280365818989e+01,3.380298724225491469e+01
2.686481851957702460e+01,3.286989241581230914e+01
2.688482423549585576e+01,3.205069391286374980e+01
2.690482995141469047e+01,3.079329654889136947e+01
2.692483566733352518e+01,3.059000442739373682e+01
2.694484138325235989e+01,2.862754969065489519e+01
2.696484709917119105e+01,2.851491661796718091e+01
2.698485281509002576e+01,2.798598857586679500e+01
2.700485853100886047e+01,2.802195143457820592e+01
2.702486424692769518e+01,2.755367125298981890e+01
2.704486996284652989e+01,2.593856060889632431e+01
2.706487567876536104e+01,2.539430504703055291e+01
2.708488139468419575e+01,2.526972357660196522e+01
2.710488711060303046e+01,2.456428842642180754e+01
2.712489282652186517e+01,2.398682378771707491e+01
2.714489854244069988e+01,2.370201799669440135e+01
2.716490425835953104e+01,2.279550095669995713e+01
2.718490997427836575e+01,2.229741500533299359e+01
2.720491569019720046e+01,2.134553411423130953e+01
2.722492140611603517e+01,2.175234159667114042e+01
2.724492712203486633e+01,2.074244755162297338e+01
2.726493283795370104e+01,2.079501571591231013e+01
2.728493855387253575e+01,1.966951341791432739e+01
2.730494426979137046e+01,1.979828599807612832e+01
2.732494998571020517e+01,1.923276534401722415e+01
2.734495570162903633e+01,1.801815555453379858e+01
2.736496141754787104e+01,1.784396834656841691e+01
2.738496713346670575e+01,1.732015740303724627e+01
2.740497284938554046e+01,1.677003674689439805e+01
2.742497856530437517e+01,1.635716150340491382e+01
2.744498428122320632e+01,1.558114770561716966e+01
2.746498999714204103e+01,1.585282029797326864e+01
2.748499571306087574e+01,1.485509026348421102e+01
2.750500142897971045e+01,1.436012361154947570e+01
2.752500714489854516e+01,1.420903863412086032e+01
2.754501286081737632e+01,1.438018536812262127e+01
2.756501857673621103e+01,1.365010836094928592e+01
2.758502429265504574e+01,1.336817033471739968e+01
2.760503000857388045e+01,1.333904096949421003e+01
2.762503572449271161e+01,1.354688188664560755e+01
2.764504144041154632e+01,1.235013683402392459e+01
2.766504715633038103e+01,1.311752872530134084e+01
2.768505287224921574e+01,1.227777659641601815e+01
2.770505858816805045e+01,1.163629671501620422e+01
2.772506430408688161e+01,1.256029107335014494e+01
2.774507002000571632e+01,1.300682255692056266e+01
2.776507573592455103e+01,1.307101708408332641e+01
2.778508145184338574e+01,1.236169846521880977e+01
2.780508716776222045e+01,1.157961571587558502e+01
2.782509288368105160e+01,1.210714240879254078e+01
2.784509859959988631e+01,1.190892695864624784e+01
2.786510431551872102e+01,1.320458869621693054e+01
2.788511003143755573e+01,1.261345372542776921e+01
2.790511574735638689e+01,1.211420656696439480e+01
2.792512146327522160e+01,1.182526175349521580e+01
2.794512717919405631e+01,1.303472936290377504e+01
2.796513289511289102e+01,1.334557302041253735e+01
2.798513861103172573e+01,1.246305067302895608e+01
2.800514432695055689e+01,1.334592611181190236e+01
2.802515004286939160e+01,1.302238653283951386e+01
2.804515575878822631e+01,1.261976253133310877e+01
2.806516147470706102e+01,1.289952070255813155e+01
2.808516719062589573e+01,1.327065292997241031e+01
2.810517290654472689e+01,1.305609244050579143e+01
2.812517862246356160e+01,1.377529357871302906e+01
2.814518433838239631e+01,1.282850313167422840e+01
2.816519005430123102e+01,1.364707934045440751e+01
2.818519577022006217e+01,1.342016378134598220e+01
2.820520148613889688e+01,1.312727030485627289e+01
2.822520720205773159e+01,1.436336074608297864e+01
2.824521291797656630e+01,1.390431320006031513e+01
2.826521863389540101e+01,1.386357504336476865e+01
2.828522434981423217e+01,1.397984941383618640e+01
2.830523006573306688e+01,1.410207804389851205e+01
2.832523578165190159e+01,1.514319990329308219e+01
2.834524149757073630e+01,1.458969016201966085e+01
2.836524721348957101e+01,1.463609860679255625e+01
2.838525292940840217e+01,1.458314136005607331e+01
2.840525864532723688e+01,1.469203196535389466e+01
2.842526436124607159e+01,1.447442025529258736e+01
2.844527007716490630e+01,1.551470158119890641e+01
2.846527579308374101e+01,1.411275466435064629e+01
2.848528150900257216e+01,1.459671044188316635e+01
2.850528722492140687e+01,1.475102981601486007e+01
2.852529294084024158e+01,1.521859498874001204e+01
2.854529865675907629e+01,1.419119407924285170e+01
2.856530437267790745e+01,1.537687358287904615e+01
2.858531008859674216e+01,1.431429914808126647e+01
2.860531580451557687e+01,1.499736060078405941e+01
2.862532152043441158e+01,1.476630011568591883e+01
2.864532723635324629e+01,1.436429881274291631e+01
2.866533295227207745e+01,1.368806603307135283e+01
2.868533866819091216e+01,1.426846767730598842e+01
2.870534438410974687e+01,1.405635614026105529e+01
2.872535010002858158e+01,1.314308093636688568e+01
2.874535581594741629e+01,1.370062116154008258e+01
2.876536153186624745e+01,1.361886394815221912e+01
2.878536724778508216e+01,1.335204743278783468e+01
2.880537296370391687e+01,1.333011057513373032e+01
2.882537867962275158e+01,1.279075291797365566e+01
2.884538439554158273e+01,1.234197358634754416e+01
2.886539011146041744e+01,1.212742003334179053e+01
2.888539582737925215e+01,1.178281979916349798e+01
2.890540154329808686e+01,1.116696999989990680e+01
2.892540725921692157e+01,1.154308413854551674e+01
2.894541297513575273e+01,1.076128746468151043e+01
2.896541869105458744e+01,1.088184099650092129e+01
2.898542440697342215e+01,1.079845244450473629e+01
2.900543012289225686e+01,1.098790581587813264e+01
2.902543583881109157e+01,1.107087715722490096e+01
2.904544155472992273e+01,1.081317603795859839e+01
2.906544727064875744e+01,1.121543836532697824e+01
2.908545298656759215e+01,1.090259341603169574e+01
2.910545870248642686e+01,1.053351041879082395e+01
2.912546441840525802e+01,1.107782748233893955e+01
2.914547013432409273e+01,9.425907952176631355e+00
2.916547585024292744e+01,1.096447143437946714e+01
2.918548156616176215e+01,1.048351091924840794e+01
2.920548728208059686e+01,1.039739456432133125e+01
2.922549299799942801e+01,1.063707454006618391e+01
2.924549871391826272e+01,1.081836323975624836e+01
2.926550442983709743e+01,1.055460115692947376e+01
2.928551014575593214e+01,1.166165618510215474e+01
2.930551586167476685e+01,1.046757722106509902e+01
2.932552157759359801e+01,1.198248327404105140e+01
2.934552729351243272e+01,1.086339124672421974e+01
2.936553300943126743e+01,1.201051235291832242e+01
2.938553872535010214e+01,1.180049300490553321e+01
2.940554444126893330e+01,1.278472288067213469e+01
2.942555015718776801e+01,1.220523686937826113e+01
2.944555587310660272e+01,1.355072623109712282e+01
2.946556158902543743e+01,1.265251660760162267e+01
2.948556730494427214e+01,1.390513505347982282e+01
2.950557302086310330e+01,1.333497377206863455e+01
2.952557873678193801e+01,1.441750616688867126e+01
2.954558445270077272e+01,1.431383324187705952e+01
2.956559016861960743e+01,1.675530065861032014e+01
2.958559588453844214e+01,1.511552549666934731e+01
2.960560160045727329e+01,1.675731444521240832e+01
2.962560731637610800e+01,1.689650440864916803e+01
2.964561303229494271e+01,1.796198344643985934e+01
2.966561874821377742e+01,1.680197301935033138e+01
2.968562446413261213e+01,1.978718852699371311e+01
2.970563018005144329e+01,1.795581166129619888e+01
2.972563589597027800e+01,2.030400306417750755e+01
2.974564161188911271e+01,1.930093199259968628e+01
2.976564732780794742e+01,2.149398293561567286e+01
2.978565304372677858e+01,1.965802751452901731e+01
2.980565875964561329e+01,2.199896838364971074e+01
2.982566447556444800e+01,2.088197321481431956e+01
2.984567019148328271e+01,2.356725931132750773e+01
2.986567590740211742e+01,2.247757399593841399e+01
2.988568162332094857e+01,2.452071264258848871e+01
2.990568733923978328e+01,2.349084993064622040e+01
2.992569305515861799e+01,2.572084239190357380e+01
2.994569877107745270e+01,2.365611983661597861e+01
2.996570448699628741e+01,2.539623734000021216e+01
2.998571020291511857e+01,2.536978711763690697e+01
3.000571591883395328e+01,2.659379291733818818e+01
3.002572163475278799e+01,2.511630231383041689e+01
3.004572735067162270e+01,2.667083071058392818e+01
3.006573306659045386e+01,2.566150892367808112e+01
3.008573878250928857e+01,2.721278680650140203e+01
3.010574449842812328e+01,2.513201145218032195e+01
3.012575021434695799e+01,2.685202971641716729e+01
3.014575593026579270e+01,2.554679189724834032e+01
3.016576164618462386e+01,2.617663407240154427e+01
3.018576736210345857e+01,2.588842704930863903e+01
3.020577307802229328e+01,2.595422801646020261e+01
3.022577879394112799e+01,2.421429753115825889e+01
3.024578450985996270e+01,2.531623672264500158e+01
3.026579022577879385e+01,2.392330285487770070e+01
3.028579594169762856e+01,2.441390146938854500e+01
3.030580165761646327e+01,2.268902310906267061e+01
3.032580737353529798e+01,2.314390493055416442e+01
3.034581308945412914e+01,2.150128401739668149e+01
3.036581880537296385e+01,2.220740635953241693e+01
3.038582452129179856e+01,2.097871274752153425e+01
3.040583023721063327e+01,2.071449507600287987e+01
3.042583595312946798e+01,1.947821241108992041e+01
3.044584166904829914e+01,1.972514823760462477e+01
3.046584738496713385e+01,1.831063159147949904e+01
3.048585310088596856e+01,1.921554159016271157e+01
3.050585881680480327e+01,1.827206101396599536e+01
3.052586453272363798e+01,1.848970364313000658e+01
3.054587024864246914e+01,1.642359488032294834e+01
3.056587596456130385e+01,1.664865009598865342e+01
3.058588168048013856e+01,1.605188090363999009e+01
3.060588739639897327e+01,1.660832777697861573e+01
3.062589311231780798e+01,1.643086412655249262e+01
3.064589882823663913e+01,1.541390545849573357e+01
3.066590454415547384e+01,1.596920826621848022e+01
3.068591026007430855e+01,1.561544182056577057e+01
3.070591597599314326e+01,1.500544759765898739e+01
3.072592169191197442e+01,1.486109549707452615e+01
3.074592740783080913e+01,1.553558979910597415e+01
3.076593312374964384e+01,1.514426178843031501e+01
3.078593883966847855e+01,1.485837034868128725e+01
3.080594455558731326e+01,1.508047941804412240e+01
3.082595027150614442e+01,1.468882438167386084e+01
3.084595598742497913e+01,1.492287947387421809e+01
3.086596170334381384e+01,1.408412791289906529e+01
3.088596741926264855e+01,1.545018666051165823e+01
3.090597313518148326e+01,1.464009258948005865e+01
3.092597885110031442e+01,1.492164799538440612e+01
3.094598456701914913e+01,1.530746895401722085e+01
3.096599028293798384e+01,1.466648560083461561e+01
3.098599599885681855e+01,1.593992552560631459e+01
3.100600171477564970e+01,1.563564163823917497e+01
3.102600743069448441e+01,1.625800163137818899e+01
3.104601314661331912e+01,1.562742094336469023e+01
3.106601886253215383e+01,1.654425866336302775e+01
3.108602457845098854e+01,1.580769172177748061e+01
3.110603029436981970e+01,1.609318922158503895e+01
3.112603601028865441e+01,1.584702437370547479e+01
3.114604172620748912e+01,1.616750176602609912e+01
3.116604744212632383e+01,1.625606144410765808e+01
3.118605315804515854e+01,1.631692020519364661e+01
3.120605887396398970e+01,1.692338385360908148e+01
3.122606458988282441e+01,1.655655745175591775e+01
3.124607030580165912e+01,1.623577434324311852e+01
3.126607602172049383e+01,1.680196900655562686e+01
3.128608173763932498e+01,1.648556861621179692e+01
3.130608745355815969e+01,1.663740769514321372e+01
3.132609316947699440e+01,1.645227125006952207e+01
3.134609888539582911e+01,1.664497634794211223e+01
3.136610460131466382e+01,1.651199431533888529e+01
3.138611031723349498e+01,1.690785502923618822e+01
3.140611603315232969e+01,1.688120969807145144e+01
3.142612174907116440e+01,1.616073695438975122e+01
3.144612746498999911e+01,1.633851574525639450e+01
3.146613318090883382e+01,1.605138908889616900e+01
3.148613889682766498e+01,1.560937462877046578e+01
3.150614461274649969e+01,1.615842847668734805e+01
3.152615032866533440e+01,1.514448925006502833e+01
3.154615604458416911e+01,1.583319803947942717e+01
3.156616176050300382e+01,1.521415482174226952e+01
3.158616747642183498e+01,1.567641452181717909e+01
3.160617319234066969e+01,1.515159823557798546e+01
3.162617890825950440e+01,1.474296202206022777e+01
3.164618462417833911e+01,1.474904357675622890e+01
3.166619034009717026e+01,1.457499922449448171e+01
3.168619605601600497e+01,1.374866223977963564e+01
3.170620177193483968e+01,1.335694253509919527e+01
3.172620748785367439e+01,1.333426199616185315e+01
3.174621320377250910e+01,1.305810838777321337e+01
3.176621891969134026e+01,1.258982583605591721e+01
3.178622463561017497e+01,1.273742909641934951e+01
3.180623035152900968e+01,1.281838162052827990e+01
3.182623606744784439e+01,1.203214271574335115e+01
3.184624178336667910e+01,1.199551377198780422e+01
3.186624749928551026e+01,1.192742540385447292e+01
3.188625321520434497e+01,1.101335473401133314e+01
3.190625893112317968e+01,1.068846684056170204e+01
3.192626464704201439e+01,1.078994450648769110e+01
3.194627036296084555e+01,1.077117564952084194e+01
3.196627607887968026e+01,1.121871760713655952e+01
3.198628179479851497e+01,1.099441078972988883e+01
3.200628751071734968e+01,1.079013593240303948e+01
3.202629322663618439e+01,1.095329016168190783e+01
3.204629894255501199e+01,1.035186421758564279e+01
3.206630465847385381e+01,1.022594067728450895e+01
3.208631037439268141e+01,1.035778031217192741e+01
3.210631609031152323e+01,1.055803705831781869e+01
3.212632180623035083e+01,1.150869380994039304e+01
3.214632752214918554e+01,1.077125870378139894e+01
3.216633323806802025e+01,1.021937109670080446e+01
3.218633895398685496e+01,1.050661764980239887e+01
3.220634466990568967e+01,1.092638576758854896e+01
3.222635038582451728e+01,1.072440415780643974e+01
3.224635610174335909e+01,1.107701670928477711e+01
3.226636181766218670e+01,1.058248808894830617e+01
3.228636753358102851e+01,1.123426521353313490e+01
3.230637324949985612e+01,1.119605540981473979e+01
3.232637896541869083e+01,1.179274930949137001e+01
3.234638468133752554e+01,1.265169047106828160e+01
3.236639039725636025e+01,1.169859186613691904e+01
3.238639611317519496e+01,1.287703253569881667e+01
3.240640182909402967e+01,1.346245718392001933e+01
3.242640754501286438e+01,1.330646900615789008e+01
3.244641326093169198e+01,1.355502902693474354e+01
3.246641897685053380e+01,1.312551864861920592e+01
3.248642469276936140e+01,1.371994244165605181e+01
3.250643040868819611e+01,1.389986834147203432e+01
3.252643612460703082e+01,1.333992429220589671e+01
3.254644184052586553e+01,1.442718406685719579e+01
3.256644755644470024e+01,1.424098263124928110e+01
3.258645327236353495e+01,1.433983406766002311e+01
3.260645898828236966e+01,1.522853437677476762e+01
3.262646470420119726e+01,1.491998323203880261e+01
3.264647042012003908e+01,1.583304356533891344e+01
3.266647613603886668e+01,1.608406713919255893e+01
3.268648185195770850e+01,1.564612761577735611e+01
3.270648756787653610e+01,1.652309752844194790e+01
3.272649328379537081e+01,1.681834346462029117e+01
3.274649899971420552e+01,1.648191953827463863e+01
3.276650471563304023e+01,1.701913085982993934e+01
3.278651043155187494e+01,1.725693803204261911e+01
3.280651614747070255e+01,1.766953139209270773e+01
3.282652186338954436e+01,1.744067314379919864e+01
3.284652757930837197e+01,1.799996815349651769e+01
3.286653329522721378e+01,1.776558680188061601e+01
3.288653901114604139e+01,1.705126574865391831e+01
3.290654472706487610e+01,1.687079230285543829e+01
3.292655044298371081e+01,1.810306097871568909e+01
3.294655615890254552e+01,1.784036686589391252e+01
3.296656187482138023e+01,1.762448146131614379e+01
3.298656759074020783e+01,1.770735110346042873e+01
3.300657330665904965e+01,1.641935573028799666e+01
3.302657902257787725e+01,1.679809550239914273e+01
3.304658473849671907e+01,1.696406850904080699e+01
3.306659045441554667e+01,1.720972568334623176e+01
3.308659617033438138e+01,1.632750356435671790e+01
3.310660188625321609e+01,1.673821732595702372e+01
3.312660760217205080e+01,1.585909361036253884e+01
3.314661331809088551e+01,1.577150948679122955e+01
3.316661903400971312e+01,1.551782954189050301e+01
3.318662474992855493e+01,1.466143169515619959e+01
3.320663046584738254e+01,1.445311173649249170e+01
3.322663618176622435e+01,1.464763959463362752e+01
3.324664189768505196e+01,1.442139050449339166e+01
3.326664761360388667e+01,1.387408499786078053e+01
3.328665332952272138e+01,1.396354877186730548e+01
3.330665904544155609e+01,1.331030773615841412e+01
3.332666476136039080e+01,1.255770552002828921e+01
3.334667047727922551e+01,1.313147142850992921e+01
3.336667619319806022e+01,1.295795115808861198e+01
3.338668190911688782e+01,1.250342896043921925e+01
3.340668762503572964e+01,1.208270970767642716e+01
3.342669334095455724e+01,1.282763015185077649e+01
3.344669905687339195e+01,1.213861152915638186e+01
3.346670477279222666e+01,1.171039777837020601e+01
3.348671048871106137e+01,1.264977091131934195e+01
3.350671620462989608e+01,1.221318535066174071e+01
3.352672192054873079e+01,1.172494814993935464e+01
3.354672763646756550e+01,1.222891259216844162e+01
3.356673335238639311e+01,1.259113119692862881e+01
3.358673906830523492e+01,1.164663209054521786e+01
3.360674478422406253e+01,1.225632787223898035e+01
3.362675050014290434e+01,1.243383467722897429e+01
3.364675621606173195e+01,1.184906105958193834e+01
3.366676193198056666e+01,1.175427550340793381e+01
3.368676764789940137e+01,1.187079071048123424e+01
3.370677336381823608e+01,1.116631746618360133e+01
3.372677907973707079e+01,1.132259414524815888e+01
3.374678479565589839e+01,1.231654441983589443e+01
3.376679051157474021e+01,1.157114905218755396e+01
3.378679622749356781e+01,1.110436837954918232e+01
3.380680194341240963e+01,1.152465487665413058e+01
3.382680765933123723e+01,1.099551364071071369e+01
3.384681337525007194e+01,1.184864653399541723e+01
3.386681909116890665e+01,1.141025360585439685e+01
3.388682480708774136e+01,1.182996559414201343e+01
3.390683052300657607e+01,1.115509995965928525e+01
3.392683623892540368e+01,1.126332566294030713e+01
3.394684195484424549e+01,1.119155596574128353e+01
3.396684767076307310e+01,1.111816692165780651e+01
3.398685338668191491e+01,1.002729108897754173e+01
3.400685910260074252e+01,1.053703820519964651e+01
3.402686481851957723e+01,1.031346793655756677e+01
3.404687053443841194e+01,1.048667390270314215e+01
3.406687625035724665e+01,1.030987321516482602e+01
3.408688196627608136e+01,9.739409664397383537e+00
3.410688768219490896e+01,1.031811202577031850e+01
3.412689339811375078e+01,9.462298183921028283e+00
3.414689911403257838e+01,9.373786776407374788e+00
3.416690482995142020e+01,9.273477712197490064e+00
3.418691054587024780e+01,9.359525283621668024e+00
3.420691626178908251e+01,9.430413130945821010e+00
3.422692197770791722e+01,9.980337891024808172e+00
3.424692769362675193e+01,8.824954635618775356e+00
3.426693340954558664e+01,9.206483093250225735e+00
3.428693912546442135e+01,9.064627455326931482e+00
3.430694484138325606e+01,8.823343716371564227e+00
3.432695055730208367e+01,9.352455356669736375e+00
3.434695627322092548e+01,9.040215947329247825e+00
3.436696198913975309e+01,8.918727504552430574e+00
3.438696770505858780e+01,9.614893492715893331e+00
3.440697342097742251e+01,9.401262382303462672e+00
3.442697913689625722e+01,9.502880062690238105e+00
3.444698485281509193e+01,1.008010480482968418e+01
3.446699056873392664e+01,9.841902474796306421e+00
3.448699628465276135e+01,9.622222770772593137e+00
3.450700200057158895e+01,9.963257994730142286e+00
3.452700771649043077e+01,9.561436600222991800e+00
3.454701343240925837e+01,1.017305374960936959e+01
3.456701914832810019e+01,9.611261114493213853e+00
3.458702486424692779e+01,9.710836824226781516e+00
3.460703058016576250e+01,1.023105207257585469e+01
3.462703629608459721e+01,9.801316042349284885e+00
3.464704201200343192e+01,1.009502554382413564e+01
3.466704772792226663e+01,1.079286344782897800e+01
3.468705344384109424e+01,9.741977480901352848e+00
3.470705915975993605e+01,9.848774530183716180e+00
3.472706487567876366e+01,1.107289369561059011e+01
3.474707059159760547e+01,9.969032190310556985e+00
3.476707630751643308e+01,1.078455285086902293e+01
3.478708202343526779e+01,1.012280841139418008e+01
3.480708773935410250e+01,1.050399284325586180e+01
3.482709345527293721e+01,1.126154687873387061e+01
3.484709917119177192e+01,1.149870819821027723e+01
3.486710488711059952e+01,1.019983168095073012e+01
3.488711060302944134e+01,1.100309671491038266e+01
3.490711631894826894e+01,1.129120160216506363e+01
3.492712203486711076e+01,1.149430097621232427e+01
3.494712775078593836e+01,1.103537149430463593e+01
3.496713346670477307e+01,1.114044992088626174e+01
3.498713918262360778e+01,1.165748491729651803e+01
3.500714489854244249e+01,1.123649533566235448e+01
3.502715061446127720e+01,1.099779804798899541e+01
3.504715633038010481e+01,1.081465141046747291e+01
3.506716204629894662e+01,1.066273213780728923e+01
3.508716776221777423e+01,1.149004603511844635e+01
3.510717347813661604e+01,1.123570481163610602e+01
3.512717919405544365e+01,1.057382223323503290e+01
3.514718490997427836e+01,1.043589117146648881e+01
3.516719062589311307e+01,1.142318363430787009e+01
3.518719634181194778e+01,1.118653719793124424e+01
3.520720205773078249e+01,1.062921481401131985e+01
3.522720777364961720e+01,1.191441622956685187e+01
3.524721348956845191e+01,1.106854456372758477e+01
3.526721920548727951e+01,1.148675909835224118e+01
3.528722492140612133e+01,1.173789898768207429e+01
3.530723063732494893e+01,1.082427705918183847e+01
3.532723635324378364e+01,1.140467839718809984e+01
3.534724206916261835e+01,1.084332414880133300e+01
3.536724778508145306e+01,1.156674950554244496e+01
3.538725350100028777e+01,1.203065702526849456e+01
3.540725921691912248e+01,1.162422059847805045e+01
3.542726493283795719e+01,1.144601978483203908e+01
3.544727064875678479e+01,1.104924195479669713e+01
3.546727636467562661e+01,1.104603343818785355e+01
3.548728208059445421e+01,1.086242327698244203e+01
3.550728779651329603e+01,1.046309732353519273e+01
3.552729351243212363e+01,1.049792545033679758e+01
3.554729922835095834e+01,1.042313664068062451e+01
3.556730494426979305e+01,1.153943104217482940e+01
3.558731066018862776e+01,1.068529612376260651e+01
3.560731637610746247e+01,1.084066678563009134e+01
3.562732209202629008e+01,1.143254313586199622e+01
3.564732780794513189e+01,1.138516338901547087e+01
3.566733352386395950e+01,1.062810843578775355e+01
3.568733923978280131e+01,1.011547805304413750e+01
3.570734495570162892e+01,1.075012338630873110e+01
3.572735067162046363e+01,1.007605348427428815e+01
3.574735638753929834e+01,1.084612398404958000e+01
3.576736210345813305e+01,1.090919975433909883e+01
3.578736781937696776e+01,1.003804398397524622e+01
3.580737353529579536e+01,1.070756898958927650e+01
3.582737925121463718e+01,9.729235988369955734e+00
3.584738496713346478e+01,1.047326453196959051e+01
3.586739068305230660e+01,9.906249416909680860e+00
3.588739639897113420e+01,1.014457165975420061e+01
3.590740211488996891e+01,1.056991268196196287e+01
3.592740783080880362e+01,9.921817254440661316e+00
3.594741354672763833e+01,9.216700799165977287e+00
3.596741926264647304e+01,9.327197710505437556e+00
3.598742497856530065e+01,9.949761490644117856e+00
3.600743069448414246e+01,9.213224112771261076e+00
3.602743641040297007e+01,9.075935424591719425e+00
3.604744212632181188e+01,9.214290505816197907e+00
3.606744784224063949e+01,9.192080266141786637e+00
3.608745355815947420e+01,9.636171797350971957e+00
3.610745927407830891e+01,8.932499774589320651e+00
3.612746498999714362e+01,9.524834925156934418e+00
3.614747070591597833e+01,9.511615558054494102e+00
3.616747642183481304e+01,9.191537921850780890e+00
3.618748213775364775e+01,8.610672924863248312e+00
3.620748785367247535e+01,9.036512890565623124e+00
3.622749356959131717e+01,8.732682717705442244e+00
3.624749928551014477e+01,8.590577401924541334e+00
3.626750500142897948e+01,9.326807967234518770e+00
3.628751071734781419e+01,9.054778183142552450e+00
3.630751643326664890e+01,9.635413984222791939e+00
3.632752214918548361e+01,9.766209188770615057e+00
3.634752786510431832e+01,8.747042860042625989e+00
3.636753358102315303e+01,9.305248573731869755e+00
3.638753929694198064e+01,9.157515369517533088e+00
3.640754501286082245e+01,9.884993155586219160e+00
3.642755072877965006e+01,9.706402282734373443e+00
3.644755644469849187e+01,9.621252015845348282e+00
3.646756216061731948e+01,9.889162600877000386e+00
3.648756787653615419e+01,9.896078673109126811e+00
3.650757359245498890e+01,9.961728652849064503e+00
3.652757930837382361e+01,1.064318942879062391e+01
3.654758502429265832e+01,1.069510867091736372e+01
3.656759074021148592e+01,1.032417798936500120e+01
3.658759645613032774e+01,1.130353474361847788e+01
3.660760217204915534e+01,1.223215585365855418e+01
3.662760788796799716e+01,1.202460714328957181e+01
3.664761360388682476e+01,1.247242021150510460e+01
3.666761931980565947e+01,1.314863194557524650e+01
3.668762503572449418e+01,1.302561775622316276e+01
3.670763075164332889e+01,1.380367574490852434e+01
3.672763646756216360e+01,1.344800828051518238e+01
3.674764218348099121e+01,1.489640268921744415e+01
3.676764789939983302e+01,1.596977106520374079e+01
3.678765361531866063e+01,1.574517382520997799e+01
3.680765933123750244e+01,1.677882393055539723e+01
3.682766504715633005e+01,1.707109994139386799e+01
3.684767076307516476e+01,1.819027883048135052e+01
3.686767647899399947e+01,1.942242207892208228e+01
3.688768219491283418e+01,2.008971741339417605e+01
3.690768791083166889e+01,2.095320932048949913e+01
3.692769362675049649e+01,2.233613028642834664e+01
3.694769934266933831e+01,2.305713738018370762e+01
3.696770505858816591e+01,2.512090513813613768e+01
3.698771077450700773e+01,2.503981293090014049e+01
3.700771649042583533e+01,2.725150350238416408e+01
3.702772220634467004e+01,2.937559705529281118e+01
3.704772792226350475e+01,3.044777102516826162e+01
3.706773363818233946e+01,3.174779649223630074e+01
3.708773935410117417e+01,3.296019214896070082e+01
3.710774507002000888e+01,3.387968560507606952e+01
3.712775078593884359e+01,3.576294102107807760e+01
3.714775650185767120e+01,3.714576316387676513e+01
3.716776221777651301e+01,3.781181756397786842e+01
3.718776793369534062e+01,3.842707330320467207e+01
3.720777364961417533e+01,3.942440969111845561e+01
3.722777936553301004e+01,4.052624425760394189e+01
3.724778508145184475e+01,4.028853226452372382e+01
3.726779079737067946e+01,3.997928420277364836e+01
3.728779651328951417e+01,4.054235944296581806e+01
3.730780222920834888e+01,3.918723859822953415e+01
3.732780794512717648e+01,3.852047748537783178e+01
3.734781366104601830e+01,3.690720499702978685e+01
3.736781937696484590e+01,3.482625560851764135e+01
3.738782509288368772e+01,3.293364533405751615e+01
3.740783080880251532e+01,3.205520678109986221e+01
3.742783652472135003e+01,3.033359607248868528e+01
3.744784224064018474e+01,2.836222140301924455e+01
3.746784795655901945e+01,2.688388801331616307e+01
3.748785367247785416e+01,2.427358338851536246e+01
3.750785938839668177e+01,2.340059755739120106e+01
3.752786510431552358e+01,2.062874858658502930e+01
3.754787082023435119e+01,1.981741139052018141e+01
3.756787653615319300e+01,1.798274626161194334e+01
3.758788225207202061e+01,1.683936297672046578e+01
3.760788796799085532e+01,1.606005996473537323e+01
3.762789368390969003e+01,1.507679001054698631e+01
3.764789939982852474e+01,1.410174016297368027e+01
3.766790511574735945e+01,1.443915861761196950e+01
3.768791083166618705e+01,1.307610481917721756e+01
3.770791654758502887e+01,1.294888462511107008e+01
3.772792226350385647e+01,1.286371171505005861e+01
3.774792797942269829e+01,1.245361254821275665e+01
3.776793369534152589e+01,1.246208470363583487e+01
3.778793941126036060e+01,1.257023700485495077e+01
3.780794512717919531e+01,1.279242393910313069e+01
3.782795084309803002e+01,1.138673505923706131e+01
3.784795655901686473e+01,1.182271985368072720e+01
3.786796227493569234e+01,1.184012481485386736e+01
3.788796799085453415e+01,1.105502599504742811e+01
3.790797370677336176e+01,1.106507773138909378e+01
3.792797942269220357e+01,1.190900559943320047e+01
3.794798513861103118e+01,1.174012308048827791e+01
3.796799085452986589e+01,1.109350948221679189e+01
3.798799657044870060e+01,1.149455635988389268e+01
3.800800228636753531e+01,1.054832206887838453e+01
3.802800800228637002e+01,1.126498989004423024e+01
3.804801371820520473e+01,1.098388482791862231e+01
3.806801943412403944e+01,1.077117109014248797e+01
3.808802515004286704e+01,1.098022700020793252e+01
3.810803086596170886e+01,1.083145122623840706e+01
3.812803658188053646e+01,1.015202563282859671e+01
3.814804229779937117e+01,1.090724087581867607e+01
3.816804801371820588e+01,1.089881640290126796e+01
3.818805372963704059e+01,9.793580193798902656e+00
3.820805944555587530e+01,9.846069980814254663e+00
3.822806516147471001e+01,1.008700422739928015e+01
3.824807087739354472e+01,9.973375275969956988e+00
3.826807659331237232e+01,1.050720323915972187e+01
3.828808230923121414e+01,9.349206511655943075e+00
3.830808802515004174e+01,1.002928840942721678e+01
3.832809374106888356e+01,9.207763835357003046e+00
3.834809945698771116e+01,1.028998458333158261e+01
3.836810517290654587e+01,9.524045005445621825e+00
3.838811088882538058e+01,9.153473193950427245e+00
3.840811660474421529e+01,9.882905837210142153e+00
3.842812232066305000e+01,9.549661078014707982e+00
3.844812803658187761e+01,9.346406423605811753e+00
3.846813375250071942e+01,9.795778407523588527e+00
3.848813946841954703e+01,9.296502224598107489e+00
3.850814518433838884e+01,9.150712839138034127e+00
3.852815090025721645e+01,1.001019127173907819e+01
3.854815661617605116e+01,8.624714335980868896e+00
3.856816233209488587e+01,9.591791928940555323e+00
3.858816804801372058e+01,9.658701439449490778e+00
3.860817376393255529e+01,8.682068634044078692e+00
3.862817947985138289e+01,8.764526327618428425e+00
3.864818519577022471e+01,8.415242559968252323e+00
3.866819091168905231e+01,8.744326825705760697e+00
3.868819662760789413e+01,9.075791696942047793e+00
3.870820234352672173e+01,8.769817134136246750e+00
3.872820805944555644e+01,8.477636375177427297e+00
3.874821377536439115e+01,8.420736758815207779e+00
3.876821949128322586e+01,8.139306233556711234e+00
3.878822520720206057e+01,8.183258651208101142e+00
3.880823092312088818e+01,7.679227837287671221e+00
3.882823663903972999e+01,7.396626709911302555e+00
3.884824235495855760e+01,7.736175661570722895e+00
3.886824807087739941e+01,7.675398416149202596e+00
3.888825378679622702e+01,8.724881539948235343e+00
3.890825950271506173e+01,8.152690230061871546e+00
3.892826521863389644e+01,8.038601906797699925e+00
3.894827093455273115e+01,8.130102035442494213e+00
3.896827665047156586e+01,7.884631754027115136e+00
3.898828236639040057e+01,8.389214119160289584e+00
3.900828808230923528e+01,7.940979203044636670e+00
3.902829379822806288e+01,7.911621616895887499e+00
3.904829951414690470e+01,7.269681396641759719e+00
3.906830523006573230e+01,8.333360410067857771e+00
3.908831094598456701e+01,8.130139909117049868e+00
3.910831666190340172e+01,8.560963701236046219e+00
3.912832237782223643e+01,7.941738371634560423e+00
3.914832809374107114e+01,8.156447751941435342e+00
3.916833380965990585e+01,8.080739606979705059e+00
3.918833952557874056e+01,8.576276350473122534e+00
3.920834524149756817e+01,8.518637228780551851e+00
3.922835095741640998e+01,8.600244129180451225e+00
3.924835667333523759e+01,9.024090965762244565e+00
3.926836238925407940e+01,8.526131215570014632e+00
3.928836810517290701e+01,9.242513563275226218e+00
3.930837382109174172e+01,9.604774329253295662e+00
3.932837953701057643e+01,9.648744274187588843e+00
3.934838525292941114e+01,9.238736386345827611e+00
3.936839096884824585e+01,8.558140665414121884e+00
3.938839668476707345e+01,9.715241895519870496e+00
3.940840240068591527e+01,9.578361172880899943e+00
3.942840811660474287e+01,9.602038866247180948e+00
3.944841383252358469e+01,9.997280308993641285e+00
3.946841954844241229e+01,1.009434691192129030e+01
3.948842526436124700e+01,9.276602509219312509e+00
3.950843098028008171e+01,1.023068327883282436e+01
3.952843669619891642e+01,1.021517924606973082e+01
3.954844241211775113e+01,1.102228510684791374e+01
3.956844812803657874e+01,9.907793542382478336e+00
3.958845384395542055e+01,1.055135575938622949e+01
3.960845955987424816e+01,9.889908146178242987e+00
3.962846527579308997e+01,1.112447117863251123e+01
3.964847099171191758e+01,1.083028420989617402e+01
3.966847670763075229e+01,1.011432777496556490e+01
3.968848242354958700e+01,9.805468879853487252e+00
3.970848813946842171e+01,1.082368531597406758e+01
3.972849385538725642e+01,1.062837332739635343e+01
3.974849957130608402e+01,1.044129466680552554e+01
3.976850528722492584e+01,9.866148119177598375e+00
3.978851100314375344e+01,1.175597767641665925e+01
3.980851671906259526e+01,1.110143242669057351e+01
3.982852243498142286e+01,1.195660496296798847e+01
3.984852815090025757e+01,1.006785746469010334e+01
3.986853386681909228e+01,1.119288491128855867e+01
3.988853958273792699e+01,1.130542994557408676e+01
3.990854529865676170e+01,1.126712290420629614e+01
3.992855101457559641e+01,9.884383114409544646e+00
3.994855673049443112e+01,1.155800773005407933e+01
3.996856244641325873e+01,1.149820265231089067e+01
3.998856816233210054e+01,1.167216539139107390e+01
4.000857387825092815e+01,1.130989817699527755e+01
4.002857959416976286e+01,1.241897671858011876e+01
4.004858531008859757e+01,1.236444861566539899e+01
4.006859102600743228e+01,1.314641597533874240e+01
4.008859674192626699e+01,1.224035589362332210e+01
4.010860245784510170e+01,1.335336642159273168e+01
4.012860817376393641e+01,1.317823674728870031e+01
4.014861388968276401e+01,1.355911414724459974e+01
4.016861960560160583e+01,1.355203144143132121e+01
4.018862532152043343e+01,1.405927478073196824e+01
4.020863103743927525e+01,1.500246297732287104e+01
4.022863675335810285e+01,1.623377514000653576e+01
4.024864246927693756e+01,1.533269956808063483e+01
4.026864818519577227e+01,1.728586473575056814e+01
4.028865390111460698e+01,1.827772275833107329e+01
4.030865961703344169e+01,1.912632961266436027e+01
4.032866533295226930e+01,1.986257336384430872e+01
4.034867104887111111e+01,2.079247175222177191e+01
4.036867676478993872e+01,2.206557423436667520e+01
4.038868248070878053e+01,2.391135197892075226e+01
4.040868819662760814e+01,2.518568695202654339e+01
4.042869391254644285e+01,2.701852890883068525e+01
4.044869962846527756e+01,2.828361538269776077e+01
4.046870534438411227e+01,3.047270948386672984e+01
4.048871106030294698e+01,3.155019532616354638e+01
4.050871677622177458e+01,3.456616815755317873e+01
4.052872249214061640e+01,3.628404799831875494e+01
4.054872820805944400e+01,3.810571222142987580e+01
4.056873392397828582e+01,3.988252479732024369e+01
4.058873963989711342e+01,4.242995970472605904e+01
4.060874535581594813e+01,4.494438215578046680e+01
4.062875107173478284e+01,4.602041352662696028e+01
4.064875678765361755e+01,4.799451064260595246e+01
4.066876250357245226e+01,4.988423476361833764e+01
4.068876821949127986e+01,5.177867034242530053e+01
4.070877393541012168e+01,5.313405501385899043e+01
4.072877965132894929e+01,5.474526332622725988e+01
4.074878536724779110e+01,5.615801761087250554e+01
4.076879108316661871e+01,5.638920877671978360e+01
4.078879679908545342e+01,5.663223998866396158e+01
4.080880251500428813e+01,5.633268441698840689e+01
4.082880823092312284e+01,5.672325353520174218e+01
4.084881394684195755e+01,5.611521907180583213e+01
4.086881966276079226e+01,5.495339393758858648e+01
4.088882537867962697e+01,5.430616451736671024e+01
4.090883109459845457e+01,5.279031819829874905e+01
4.092883681051729639e+01,5.116249680678591005e+01
4.094884252643612399e+01,4.956315717117986708e+01
4.096884824235495870e+01,4.703140666067930198e+01
4.098885395827379341e+01,4.569046122686890499e+01
4.100885967419262812e+01,4.352544363720047471e+01
4.102886539011146283e+01,4.023489304517622145e+01
4.104887110603029754e+01,3.816488015729041194e+01
4.106887682194913225e+01,3.641495853441523423e+01
4.108888253786795985e+01,3.400224134832736667e+01
4.110888825378680167e+01,3.191276719798701222e+01
4.112889396970562927e+01,2.923646977204975173e+01
4.114889968562447109e+01,2.701168735628897366e+01
4.116890540154329869e+01,2.485003224073727068e+01
4.118891111746213340e+01,2.421298731209973099e+01
4.120891683338096811e+01,2.190105806405170696e+01
4.122892254929980282e+01,2.090998515975293515e+01
4.124892826521863753e+01,1.881804252715325987e+01
4.126893398113746514e+01,1.847360815848155369e+01
4.128893969705630695e+01,1.736097222221949821e+01
4.130894541297513456e+01,1.685962563092999744e+01
4.132895112889397637e+01,1.556154511881687874e+01
4.134895684481280398e+01,1.467463949403155610e+01
4.136896256073163869e+01,1.478746380587703158e+01
4.138896827665047340e+01,1.364191616466798251e+01
4.140897399256930811e+01,1.316015476706652620e+01
4.142897970848814282e+01,1.373644160808848014e+01
4.144898542440697042e+01,1.281044911093828631e+01
4.146899114032581224e+01,1.306039698935298787e+01
4.148899685624463984e+01,1.295913253892584294e+01
4.150900257216348166e+01,1.195123192521837296e+01
4.152900828808230926e+01,1.233709227720873436e+01
4.154901400400114397e+01,1.119897402468429348e+01
4.156901971991997868e+01,1.249300078131188840e+01
4.158902543583881339e+01,1.175053049824778562e+01
4.160903115175764810e+01,1.135772283280650541e+01
4.162903686767647571e+01,1.155528203364288409e+01
4.164904258359531752e+01,1.110898182980575299e+01
4.166904829951414513e+01,1.029825032915123373e+01
4.168905401543298694e+01,1.079587243603896951e+01
4.170905973135181455e+01,1.067009865953497538e+01
4.172906544727064926e+01,1.032061928598221812e+01
4.174907116318948397e+01,1.016486272789932954e+01
4.176907687910831868e+01,9.627640360976839062e+00
4.178908259502715339e+01,1.074914181578894379e+01
4.180908831094598810e+01,9.925958497212864273e+00
4.182909402686482281e+01,1.034156659897516661e+01
4.184909974278365041e+01,9.596070555045375983e+00
4.186910545870249223e+01,9.729756418995492595e+00
4.188911117462131983e+01,9.874120312276675193e+00
4.190911689054015454e+01,9.636571152676019381e+00
4.192912260645898925e+01,9.330426917687409727e+00
4.194912832237782396e+01,9.423100815468478331e+00
4.196913403829665867e+01,8.711571033789025975e+00
4.198913975421549338e+01,8.917620692221191803e+00
4.200914547013432809e+01,8.989847675856495357e+00
4.202915118605316280e+01,9.023209716298676852e+00
4.204915690197199041e+01,9.290840851297280878e+00
4.206916261789082512e+01,8.480608915541470338e+00
4.208916833380965983e+01,9.653980877649889436e+00
4.210917404972849454e+01,9.092361772014346144e+00
4.212917976564732925e+01,9.589814638320449447e+00
4.214918548156616396e+01,8.455800898880839966e+00
4.216919119748499867e+01,8.601907160741820491e+00
4.218919691340383338e+01,9.459769702921718704e+00
4.220920262932266809e+01,9.559290918282048466e+00
4.222920834524150280e+01,9.114189387207211723e+00
4.224921406116033040e+01,1.004525981480193941e+01
4.226921977707916511e+01,9.649249929148002280e+00
4.228922549299799982e+01,9.790577586065152715e+00
4.230923120891683453e+01,1.001508015668326834e+01
4.232923692483566924e+01,1.052009578528546641e+01
4.234924264075450395e+01,1.074084414922048936e+01
4.236924835667333866e+01,1.004290298857107722e+01
4.238925407259217337e+01,1.049320135916018870e+01
4.240925978851100808e+01,1.042748952917271410e+01
4.242926550442983569e+01,1.025501323701816148e+01
4.244927122034867040e+01,1.083746646747655618e+01
4.246927693626750511e+01,1.072844978701506236e+01
4.248928265218633982e+01,1.118947912340817830e+01
4.250928836810517453e+01,1.096311859933068611e+01
4.252929408402400924e+01,1.040778302647633780e+01
4.254929979994284395e+01,1.177018973150701875e+01
4.256930551586167866e+01,1.089351382618022335e+01
4.258931123178051337e+01,1.117468093602282408e+01
4.260931694769934097e+01,1.182533532015512456e+01
4.262932266361817568e+01,1.182834662140386506e+01
4.264932837953701039e+01,1.160357965374684142e+01
4.266933409545584510e+01,1.209011567739035620e+01
4.268933981137467981e+01,1.229356605974387762e+01
4.270934552729351452e+01,1.288815847903329193e+01
4.272935124321234923e+01,1.261141221633016229e+01
4.274935695913118394e+01,1.333608582935198683e+01
4.276936267505001865e+01,1.262259932549244112e+01
4.278936839096885336e+01,1.271214634800290000e+01
4.280937410688768097e+01,1.324467020495756842e+01
4.282937982280651568e+01,1.311263008404492147e+01
4.284938553872535039e+01,1.286091616680585403e+01
4.286939125464418510e+01,1.266815725241727364e+01
4.288939697056301981e+01,1.264079549333777130e+01
4.290940268648185452e+01,1.302908824639099450e+01
4.292940840240068923e+01,1.222233926487716005e+01
4.294941411831952394e+01,1.235072442629295431e+01
4.296941983423835865e+01,1.180176235121163231e+01
4.298942555015718625e+01,1.217414000424832921e+01
4.300943126607602096e+01,1.192745993778809144e+01
4.302943698199485567e+01,1.200773553478203226e+01
4.304944269791369038e+01,1.219298385651766203e+01
4.306944841383252509e+01,1.133210144772737138e+01
4.308945412975135980e+01,1.097059992597587730e+01
4.310945984567019451e+01,1.149879725189156687e+01
4.312946556158902922e+01,1.084109210395621403e+01
4.314947127750786393e+01,1.158055445731862498e+01
4.316947699342669864e+01,1.112115208434512859e+01
4.318948270934552625e+01,1.134962026396577706e+01
4.320948842526436096e+01,1.145745429498569834e+01
4.322949414118319567e+01,1.196142722541680570e+01
4.324949985710203038e+01,1.180008871659178027e+01
4.326950557302086509e+01,1.157672518744438150e+01
4.328951128893969980e+01,1.168658712205622408e+01
4.330951700485853451e+01,1.174410825018521010e+01
4.332952272077736922e+01,1.265805576277715261e+01
4.334952843669620393e+01,1.187791072872583520e+01
4.336953415261503153e+01,1.257069978411830746e+01
4.338953986853386624e+01,1.324041873023546323e+01
4.340954558445270095e+01,1.285917342201243052e+01
4.342955130037153566e+01,1.394106741653181913e+01
4.344955701629037037e+01,1.252977200673426239e+01
4.346956273220920508e+01,1.378050700027138831e+01
4.348956844812803979e+01,1.352222051571430583e+01
4.350957416404687450e+01,1.404446159196909960e+01
4.352957987996570921e+01,1.442531460459658810e+01
4.354958559588453681e+01,1.497169690674438058e+01
4.356959131180337153e+01,1.461596673467049712e+01
4.358959702772220624e+01,1.529649859980851900e+01
4.360960274364104095e+01,1.606118636134421962e+01
4.362960845955987566e+01,1.585593476415822778e+01
4.364961417547871037e+01,1.654646364228246469e+01
4.366961989139754508e+01,1.677740095570188927e+01
4.368962560731637979e+01,1.707592112881181379e+01
4.370963132323521450e+01,1.741428520910270095e+01
4.372963703915404921e+01,1.726004314638194970e+01
4.374964275507287681e+01,1.795197726046156106e+01
4.376964847099171152e+01,1.766887337155986515e+01
4.378965418691054623e+01,1.835431029747476472e+01
4.380965990282938094e+01,1.852142964827416094e+01
4.382966561874821565e+01,1.915623905784540781e+01
4.384967133466705036e+01,1.946889982594920454e+01
4.386967705058588507e+01,1.992035369661653021e+01
4.388968276650471978e+01,1.923327020173595159e+01
4.390968848242355449e+01,1.992207411150690177e+01
4.392969419834238209e+01,1.854778240430041691e+01
4.394969991426121680e+01,1.866484937195426852e+01
4.396970563018005151e+01,1.850700149189258781e+01
4.398971134609888622e+01,1.888593126342751916e+01
4.400971706201772093e+01,1.831991515178523144e+01
4.402972277793655564e+01,1.803947147888899138e+01
4.404972849385539035e+01,1.731604336265503719e+01
4.406973420977422506e+01,1.656421827822671489e+01
4.408973992569305977e+01,1.664901507195094510e+01
4.410974564161189448e+01,1.588306188191590351e+01
4.412975135753072209e+01,1.589306455307195343e+01
4.414975707344955680e+01,1.549554671120257332e+01
4.416976278936839151e+01,1.528582884516494111e+01
4.418976850528722622e+01,1.465142235602616871e+01
4.420977422120606093e+01,1.488773161171627635e+01
4.422977993712489564e+01,1.369573001996643136e+01
4.424978565304373035e+01,1.317375160705976533e+01
4.426979136896256506e+01,1.318404675433956541e+01
4.428979708488139977e+01,1.343059553266147077e+01
4.430980280080022737e+01,1.270537551189452330e+01
4.432980851671906208e+01,1.138884169288891712e+01
4.434981423263789679e+01,1.103694381262205226e+01
4.436981994855673150e+01,1.134806739188391234e+01
4.438982566447556621e+01,1.122004532574343116e+01
4.440983138039440092e+01,1.054883317428901535e+01
4.442983709631323563e+01,1.043069991700994947e+01
4.444984281223207034e+01,1.026440900777481957e+01
4.446984852815090505e+01,9.909666174436939201e+00
4.448985424406973266e+01,1.019345677566879971e+01
4.450985995998856737e+01,9.612165902026287512e+00
4.452986567590740208e+01,1.031673655784016574e+01
4.454987139182623679e+01,9.805480142373625085e+00
4.456987710774507150e+01,9.177970460978469802e+00
4.458988282366390621e+01,1.016586818335913200e+01
4.460988853958274092e+01,1.011397794382660820e+01
4.462989425550157563e+01,9.809435497024111328e+00
4.464989997142041034e+01,9.641426497157496556e+00
4.466990568733924505e+01,9.182013327807258207e+00
4.468991140325807265e+01,9.188998637700340311e+00
4.470991711917690736e+01,8.821717101138222716e+00
4.472992283509574207e+01,9.140262526809515009e+00
4.474992855101457678e+01,1.015341495924844040e+01
4.476993426693341149e+01,9.460945538427161239e+00
4.478993998285224620e+01,1.001097635691023058e+01
4.480994569877108091e+01,9.079176545999766645e+00
4.482995141468991562e+01,9.622528115965382156e+00
4.484995713060875033e+01,1.010311215624351000e+01
4.486996284652757794e+01,9.821474373069817076e+00
4.488996856244641265e+01,1.083188263121850703e+01
4.490997427836524736e+01,1.011368191988992038e+01
4.492997999428408207e+01,1.025824768312911317e+01
4.494998571020291678e+01,1.098695168209829376e+01
4.496999142612175149e+01,1.102324735477764683e+01
4.498999714204058620e+01,1.083975815221076822e+01
4.501000285795942091e+01,1.055626949987814100e+01
4.503000857387825562e+01,1.107085586461310633e+01
4.505001428979709033e+01,1.114468266111899197e+01
4.507002000571591793e+01,1.166920103965851574e+01
4.509002572163475264e+01,1.182997721527237900e+01
4.511003143755358735e+01,1.156542174484793151e+01
4.513003715347242206e+01,1.210705014986407413e+01
4.515004286939125677e+01,1.148593248509654074e+01
4.517004858531009148e+01,1.226606048315700193e+01
4.519005430122892619e+01,1.237898572182430001e+01
4.521006001714776090e+01,1.267253894650487389e+01
4.523006573306659561e+01,1.271975393172108326e+01
4.525007144898542322e+01,1.221514664939350681e+01
4.527007716490425793e+01,1.196393518376756226e+01
4.529008288082309264e+01,1.300673293142110865e+01
4.531008859674192735e+01,1.334394935764313495e+01
4.533009431266076206e+01,1.246216998076672411e+01
4.535010002857959677e+01,1.310681621782207174e+01
4.537010574449843148e+01,1.339154882515664902e+01
4.539011146041726619e+01,1.300020432631723466e+01
4.541011717633610090e+01,1.283447481053994466e+01
4.543012289225492850e+01,1.317583227177351191e+01
4.545012860817376321e+01,1.334735738264467564e+01
4.547013432409259792e+01,1.260437740484339919e+01
4.549014004001143263e+01,1.203357405688311488e+01
4.551014575593026734e+01,1.209330181301642781e+01
4.553015147184910205e+01,1.212775026602213835e+01
4.555015718776793676e+01,1.245596776276887852e+01
4.557016290368677147e+01,1.250127765033358607e+01
4.559016861960560618e+01,1.209501681575520138e+01
4.561017433552444089e+01,1.279247615499740398e+01
4.563018005144326850e+01,1.225883138243354331e+01
4.565018576736210321e+01,1.183081415575445128e+01
4.567019148328093792e+01,1.229583204873224211e+01
4.569019719919977263e+01,1.219617570024645659e+01
4.571020291511860734e+01,1.176409546185517030e+01
4.573020863103744205e+01,1.165254864521355671e+01
4.575021434695627676e+01,1.191554632323919805e+01
4.577022006287511147e+01,1.160078182902690891e+01
4.579022577879394618e+01,1.176693064661129817e+01
4.581023149471277378e+01,1.173296826479081290e+01
4.583023721063160849e+01,1.228354080473499366e+01
4.585024292655044320e+01,1.105693059896859509e+01
4.587024864246927791e+01,1.138680817086531150e+01
4.589025435838811262e+01,1.172678901528731821e+01
4.591026007430694733e+01,1.187313984772838005e+01
4.593026579022578204e+01,1.197588022238749872e+01
4.595027150614461675e+01,1.112511016470765668e+01
4.597027722206345146e+01,1.159490969107732283e+01
4.599028293798228617e+01,1.155450926192673400e+01
4.601028865390111378e+01,1.219374825827432751e+01
4.603029436981994849e+01,1.238570080666235107e+01
4.605030008573878320e+01,1.179563175853625800e+01
4.607030580165761791e+01,1.162008882311620539e+01
4.609031151757645262e+01,1.151944194793985865e+01
4.611031723349528733e+01,1.103962443156101259e+01
4.613032294941412204e+01,1.129250066895124505e+01
4.615032866533295675e+01,1.130525712507616731e+01
4.617033438125179146e+01,1.199169260775563117e+01
4.619034009717061906e+01,1.207325209926245257e+01
4.621034581308945377e+01,1.140946351122329361e+01
4.623035152900828848e+01,1.102327561807103429e+01
4.625035724492712319e+01,1.116962596259797813e+01
4.627036296084595790e+01,1.114723692101027019e+01
4.629036867676479261e+01,1.121581300735461895e+01
4.631037439268362732e+01,1.167777677240992418e+01
4.633038010860246203e+01,1.085081165697395811e+01
4.635038582452129674e+01,1.066983857067433306e+01
4.637039154044012434e+01,1.020423501560812518e+01
4.639039725635895905e+01,1.036574925971544303e+01
4.641040297227779376e+01,1.059831441782551842e+01
4.643040868819662847e+01,1.039230878085409060e+01
4.645041440411546319e+01,1.017548779226092570e+01
4.647042012003429790e+01,9.734909826439935188e+00
4.649042583595313261e+01,9.560409818472447085e+00
4.651043155187196732e+01,9.284105690988447179e+00
4.653043726779080203e+01,9.636949733645838734e+00
4.655044298370963674e+01,1.010264929912690235e+01
4.657044869962846434e+01,9.091770191375122323e+00
4.659045441554729905e+01,8.941037789871252528e+00
4.661046013146613376e+01,8.932043120217201704e+00
4.663046584738496847e+01,9.302325600434866004e+00
4.665047156330380318e+01,8.657126655758649036e+00
4.667047727922263789e+01,9.029108835833278945e+00
4.669048299514147260e+01,7.972089074517384688e+00
4.671048871106030731e+01,9.099727505054039156e+00
4.673049442697914202e+01,8.936296962749036510e+00
4.675050014289796962e+01,8.517427473415690287e+00
4.677050585881680433e+01,8.731177736643262577e+00
4.679051157473563904e+01,8.446949038054576420e+00
4.681051729065447375e+01,8.089376213735345544e+00
4.683052300657330846e+01,8.972281491095246864e+00
4.685052872249214317e+01,8.670982914819340692e+00
4.687053443841097788e+01,8.665248034134098276e+00
4.689054015432981259e+01,8.492031131119695431e+00
4.691054587024864730e+01,9.019485574641501913e+00
4.693055158616748201e+01,8.299200630401767143e+00
4.695055730208630962e+01,8.053806749160466794e+00
4.697056301800514433e+01,8.507016892878278114e+00
4.699056873392397904e+01,7.925872827411303945e+00
4.701057444984281375e+01,8.607342408321180471e+00
4.703058016576164846e+01,8.330000793089050504e+00
4.705058588168048317e+01,8.664345563259757910e+00
4.707059159759931788e+01,7.851220222783724445e+00
4.709059731351815259e+01,8.292068638704959582e+00
4.711060302943698730e+01,8.858490643005218601e+00
4.713060874535581490e+01,8.246375915286131786e+00
4.715061446127464961e+01,8.132538991382599391e+00
4.717062017719348432e+01,8.305767156398765394e+00
4.719062589311231903e+01,8.286202315849036992e+00
4.721063160903115374e+01,8.410746224328626397e+00
4.723063732494998845e+01,8.956334803473794182e+00
4.725064304086882316e+01,8.350417702324540059e+00
4.727064875678765787e+01,8.588930591340531606e+00
4.729065447270649258e+01,8.999523884108201699e+00
4.731066018862532019e+01,9.045324181238235894e+00
4.733066590454415490e+01,8.570265465171711838e+00
4.735067162046298961e+01,8.749554889919417988e+00
4.737067733638182432e+01,7.893437300825976166e+00
4.739068305230065903e+01,8.938065578804350153e+00
4.741068876821949374e+01,8.965875540586266013e+00
4.743069448413832845e+01,8.899283655319777608e+00
4.745070020005716316e+01,8.827821547824665771e+00
4.747070591597599787e+01,8.826867020962581023e+00
4.749071163189483258e+01,9.381394883127985196e+00
4.751071734781366018e+01,8.371814883543134300e+00
4.753072306373249489e+01,8.933388517308014087e+00
4.755072877965132960e+01,9.628414895280032582e+00
4.757073449557016431e+01,9.468019856250462496e+00
4.759074021148899902e+01,9.710786289516329717e+00
4.761074592740783373e+01,9.110126813085853925e+00
4.763075164332666844e+01,9.485256667234123640e+00
4.765075735924550315e+01,9.807325635603218572e+00
4.767076307516433786e+01,9.237984416416461286e+00
4.769076879108316547e+01,1.062138310670106200e+01
4.771077450700200018e+01,9.962076579685271938e+00
4.773078022292083489e+01,1.005982929246701829e+01
4.775078593883966960e+01,1.029696099343034987e+01
4.777079165475850431e+01,1.060919247629501960e+01
4.779079737067733902e+01,1.099645249172664485e+01
4.781080308659617373e+01,1.049019781808500440e+01
4.783080880251500844e+01,1.098799778081884781e+01
4.785081451843384315e+01,1.077911033828318033e+01
4.787082023435267075e+01,1.182432071670837104e+01
4.789082595027150546e+01,1.124530607872935306e+01
4.791083166619034017e+01,1.169510296950333839e+01
4.793083738210917488e+01,1.094106366064658253e+01
4.795084309802800959e+01,1.176497416487299219e+01
4.797084881394684430e+01,1.298182191019713017e+01
4.799085452986567901e+01,1.256085897605801094e+01
4.801086024578451372e+01,1.252405957743192388e+01
4.803086596170334843e+01,1.238089488785783487e+01
4.805087167762218314e+01,1.265369774069204745e+01
4.807087739354101075e+01,1.242354566373532876e+01
4.809088310945984546e+01,1.304324635139919231e+01
4.811088882537868017e+01,1.259489360471765806e+01
4.813089454129751488e+01,1.314416952763903623e+01
4.815090025721634959e+01,1.318171628778213034e+01
4.817090597313518430e+01,1.340486659435932282e+01
4.819091168905401901e+01,1.347282128143015889e+01
4.821091740497285372e+01,1.291368085589936854e+01
4.823092312089168843e+01,1.339283707316785232e+01
4.825092883681051603e+01,1.351523061148322036e+01
4.827093455272935074e+01,1.358375716736363259e+01
4.829094026864818545e+01,1.389232074822188068e+01
4.831094598456702016e+01,1.371787922253001568e+01
4.833095170048585487e+01,1.354870410227959354e+01
4.835095741640468958e+01,1.283001963822080960e+01
4.837096313232352429e+01,1.327529739383958685e+01
4.839096884824235900e+01,1.365372940619110764e+01
4.841097456416119371e+01,1.269105853917068671e+01
4.843098028008002842e+01,1.303765857712671838e+01
4.845098599599885603e+01,1.238072551663118759e+01
4.847099171191769074e+01,1.231886419148307255e+01
4.849099742783652545e+01,1.259333558333035619e+01
4.851100314375536016e+01,1.275498978497460456e+01
4.853100885967419487e+01,1.274084235318091451e+01
4.855101457559302958e+01,1.221659094773292509e+01
4.857102029151186429e+01,1.152555642830656524e+01
4.859102600743069900e+01,1.178175258599621600e+01
4.861103172334953371e+01,1.127812026989136207e+01
4.863103743926836131e+01,1.133712502190075355e+01
4.865104315518719602e+01,1.175236992909589517e+01
4.867104887110603073e+01,1.114886925153186681e+01
4.869105458702486544e+01,1.236040289656366653e+01
4.871106030294370015e+01,1.130733284651601700e+01
4.873106601886253486e+01,1.185964355798705760e+01
4.875107173478136957e+01,1.115815634846241622e+01
4.877107745070020428e+01,1.179187327966579879e+01
4.879108316661903899e+01,1.161645357423342162e+01
4.881108888253786660e+01,1.173889816877290748e+01
4.883109459845670131e+01,1.182924888995155399e+01
4.885110031437553602e+01,1.141506647403382502e+01
4.887110603029437073e+01,1.127180079220261710e+01
4.889111174621320544e+01,1.085697754739840803e+01
4.891111746213204015e+01,1.106145178069908219e+01
4.893112317805087486e+01,1.058001526080965782e+01
4.895112889396970957e+01,1.068340899266852162e+01
4.897113460988854428e+01,1.127681206495884148e+01
4.899114032580737899e+01,1.130646187848281237e+01
4.901114604172620659e+01,1.109751470158663977e+01
4.903115175764504130e+01,1.050936991994459113e+01
4.905115747356387601e+01,1.090902594368932199e+01
4.907116318948271072e+01,1.112890790695526988e+01
4.909116890540154543e+01,1.073157618164665905e+01
4.911117462132038014e+01,1.056724333994001341e+01
4.913118033723921485e+01,1.053474711406591169e+01
4.915118605315804956e+01,1.053635090137528252e+01
4.917119176907688427e+01,1.008223175129772109e+01
4.919119748499571187e+01,1.091726918011092984e+01
4.921120320091454658e+01,1.050408012195523710e+01
4.923120891683338129e+01,1.048015133655777653e+01
4.925121463275221600e+01,1.021545948752513766e+01
4.927122034867105071e+01,1.013212896253207518e+01
4.929122606458988542e+01,1.006105418957107034e+01
4.931123178050872014e+01,9.434595750679770632e+00
4.933123749642755485e+01,1.028709016433536405e+01
4.935124321234638956e+01,1.015703491535212777e+01
4.937124892826522427e+01,1.020406983462836514e+01
4.939125464418405187e+01,1.068647446266169965e+01
4.941126036010288658e+01,9.722232790723412066e+00
4.943126607602172129e+01,1.020727286353940677e+01
4.945127179194055600e+01,9.867592823046944517e+00
4.947127750785939071e+01,1.029192696019524966e+01
4.949128322377822542e+01,9.622222933429100067e+00
4.951128893969706013e+01,1.019595085631148201e+01
4.953129465561589484e+01,1.046479211756456706e+01
4.955130037153472955e+01,1.016909679409081058e+01
4.957130608745355715e+01,1.102287545367246402e+01
4.959131180337239186e+01,1.095561025384552778e+01
4.961131751929122657e+01,1.005112474966430369e+01
4.963132323521006128e+01,1.054551510445337215e+01
4.965132895112889599e+01,1.111193964428288439e+01
4.967133466704773070e+01,1.049600583222085959e+01
4.969134038296656541e+01,1.042885457517995285e+01
4.971134609888540012e+01,1.144995293168355488e+01
4.973135181480423483e+01,1.100355070677174396e+01
4.975135753072306244e+01,1.013957625354434100e+01
4.977136324664189715e+01,1.110969764168307528e+01
4.979136896256073186e+01,1.117096685362253616e+01
4.981137467847956657e+01,1.139200350568196463e+01
4.983138039439840128e+01,1.115288553601097732e+01
4.985138611031723599e+01,1.166716081958315598e+01
4.987139182623607070e+01,1.091772059808344331e+01
4.989139754215490541e+01,1.146395294425901135e+01
4.991140325807374012e+01,1.188110717808160111e+01
4.993140897399257483e+01,1.195489392836068632e+01
4.995141468991140243e+01,1.168095091627740700e+01
4.997142040583023714e+01,1.210101520588151303e+01
4.999142612174907185e+01,1.253811198712823227e+01
5.001143183766790656e+01,1.210467131396084994e+01
5.003143755358674127e+01,1.257202209632188072e+01
5.005144326950557598e+01,1.345711254580172778e+01
5.007144898542441069e+01,1.298879907379945564e+01
5.009145470134324540e+01,1.325670008396473065e+01
5.011146041726208011e+01,1.425930971647333756e+01
5.013146613318090772e+01,1.369352025703596709e+01
5.015147184909974243e+01,1.412061166084363606e+01
5.017147756501857714e+01,1.475348386769370812e+01
5.019148328093741185e+01,1.447823551909247541e+01
5.021148899685624656e+01,1.476240796329562954e+01
5.023149471277508127e+01,1.557031222211974786e+01
5.025150042869391598e+01,1.517809773552938069e+01
5.027150614461275069e+01,1.661030540012695411e+01
5.029151186053158540e+01,1.649432889111925959e+01
5.031151757645042011e+01,1.614930151664744784e+01
5.033152329236924771e+01,1.725711368913665922e+01
5.035152900828808242e+01,1.687814059352682605e+01
5.037153472420691713e+01,1.656494502613013253e+01
5.039154044012575184e+01,1.743489814914896030e+01
5.041154615604458655e+01,1.729747929039592691e+01
5.043155187196342126e+01,1.834187909257958538e+01
5.045155758788225597e+01,1.813934611510667949e+01
5.047156330380109068e+01,1.772601643218313683e+01
5.049156901971992539e+01,1.798522165007492646e+01
5.051157473563875300e+01,1.859469500071043768e+01
5.053158045155758771e+01,1.766242707468472872e+01
5.055158616747642242e+01,1.814266792996739497e+01
5.057159188339525713e+01,1.752225282783611249e+01
5.059159759931409184e+01,1.747965966169113727e+01
5.061160331523292655e+01,1.737494017689110848e+01
5.063160903115176126e+01,1.705117332243008832e+01
5.065161474707059597e+01,1.742885018219370608e+01
5.067162046298943068e+01,1.736185688017718221e+01
5.069162617890825828e+01,1.684291164663698126e+01
5.071163189482709299e+01,1.693884938703827459e+01
5.073163761074592770e+01,1.696067493023650385e+01
5.075164332666476241e+01,1.663680434229502580e+01
5.077164904258359712e+01,1.690877413495692849e+01
5.079165475850243183e+01,1.634681285184319322e+01
5.081166047442126654e+01,1.584877395488158491e+01
5.083166619034010125e+01,1.663601110692160390e+01
5.085167190625893596e+01,1.653112255426664490e+01
5.087167762217777067e+01,1.689290498984698630e+01
5.089168333809659828e+01,1.651015399611737777e+01
5.091168905401543299e+01,1.659689733828268743e+01
5.093169476993426770e+01,1.644119373682893936e+01
5.095170048585310241e+01,1.596096426630480636e+01
5.097170620177193712e+01,1.569389862868582952e+01
5.099171191769077183e+01,1.573144132480577895e+01
5.101171763360960654e+01,1.572936964983102825e+01
5.103172334952844125e+01,1.582470489755886334e+01
5.105172906544727596e+01,1.639298844509171005e+01
5.107173478136610356e+01,1.608449924903818484e+01
5.109174049728493827e+01,1.621464020474846635e+01
5.111174621320377298e+01,1.557517281487513294e+01
5.113175192912260769e+01,1.617026267603111478e+01
5.115175764504144240e+01,1.572790529331313536e+01
5.117176336096027711e+01,1.622546367115421262e+01
5.119176907687911182e+01,1.592760399849851183e+01
5.121177479279794653e+01,1.574633253685943401e+01
5.123178050871678124e+01,1.661012658986421897e+01
5.125178622463561595e+01,1.596134772447317296e+01
5.127179194055444356e+01,1.688026345591615041e+01
5.129179765647327827e+01,1.613754476100973534e+01
5.131180337239211298e+01,1.668908022962740390e+01
5.133180908831094769e+01,1.642727176868933014e+01
5.135181480422978240e+01,1.748499755729660166e+01
5.137182052014861711e+01,1.700722692744979270e+01
5.139182623606745182e+01,1.744389968676191316e+01
5.141183195198628653e+01,1.747520895027673404e+01
5.143183766790512124e+01,1.760930002468459321e+01
5.145184338382394884e+01,1.717184598285679442e+01
5.147184909974278355e+01,1.783825986396833940e+01
5.149185481566161826e+01,1.807406533823286310e+01
5.151186053158045297e+01,1.812854520462584063e+01
5.153186624749928768e+01,1.769116646680764759e+01
5.155187196341812239e+01,1.809508455761109502e+01
5.157187767933695710e+01,1.846759473954386621e+01
5.159188339525579181e+01,1.821640149067132342e+01
5.161188911117462652e+01,1.810762110541097059e+01
5.163189482709345413e+01,1.788165068992383766e+01
5.165190054301228884e+01,1.848722821233750935e+01
5.167190625893112355e+01,1.878512126222511114e+01
5.169191197484995826e+01,1.869820046946514225e+01
5.171191769076879297e+01,1.834644204608169815e+01
5.173192340668762768e+01,1.771526723560604921e+01
5.175192912260646239e+01,1.865577551955108504e+01
5.177193483852529710e+01,1.844044551270217980e+01
5.179194055444413181e+01,1.793843323410113655e+01
5.181194627036296652e+01,1.756455788409091312e+01
5.183195198628179412e+01,1.769859507244780872e+01
5.185195770220062883e+01,1.724987762203664943e+01
5.187196341811946354e+01,1.754305584298139564e+01
5.189196913403829825e+01,1.674997289426583080e+01
5.191197484995713296e+01,1.664625220243935999e+01
5.193198056587596767e+01,1.670577543598454895e+01
5.195198628179480238e+01,1.625245902411384691e+01
5.197199199771363709e+01,1.582459295989974635e+01
5.199199771363247180e+01,1.514304352251897612e+01
5.201200342955129940e+01,1.484077751197652972e+01
5.203200914547013411e+01,1.438199263284635698e+01
5.205201486138896882e+01,1.381481099891204067e+01
5.207202057730780353e+01,1.428116952300263875e+01
5.209202629322663824e+01,1.361181772212149887e+01
5.211203200914547295e+01,1.309033313107002172e+01
5.213203772506430766e+01,1.330097314618880056e+01
5.215204344098314237e+01,1.245137095818581230e+01
5.217204915690197708e+01,1.266603642186806944e+01
5.219205487282081180e+01,1.323272069221510527e+01
5.221206058873963940e+01,1.209097520108865709e+01
5.223206630465847411e+01,1.155941848823061058e+01
5.225207202057730882e+01,1.189472496418654934e+01
5.227207773649614353e+01,1.220718753299447634e+01
5.229208345241497824e+01,1.199786442857834601e+01
5.231208916833381295e+01,1.205038922026399817e+01
5.233209488425264766e+01,1.179218075943839317e+01
5.235210060017148237e+01,1.206343470300753928e+01
5.237210631609031708e+01,1.190307746109500897e+01
5.239211203200914468e+01,1.222223534525233646e+01
5.241211774792797939e+01,1.155959525171710744e+01
5.243212346384681410e+01,1.181596623699395465e+01
5.245212917976564881e+01,1.178323590084404060e+01
5.247213489568448352e+01,1.195496995128932305e+01
5.249214061160331823e+01,1.121604319087811419e+01
5.251214632752215294e+01,1.226336153102720061e+01
5.253215204344098765e+01,1.134186452244600929e+01
5.255215775935982236e+01,1.178695998014226198e+01
5.257216347527864997e+01,1.167226470141977934e+01
5.259216919119748468e+01,1.206515936119160770e+01
5.261217490711631939e+01,1.184086684341638929e+01
5.263218062303515410e+01,1.262544493556948133e+01
5.265218633895398881e+01,1.221171586374195606e+01
5.267219205487282352e+01,1.226575790124866749e+01
5.269219777079165823e+01,1.275810997485314680e+01
5.271220348671049294e+01,1.219732358982027343e+01
5.273220920262932765e+01,1.274354760838190437e+01
5.275221491854816236e+01,1.229775737726679452e+01
5.277222063446698996e+01,1.283227815941289229e+01
5.279222635038582467e+01,1.269908891558128516e+01
5.281223206630465938e+01,1.239573160308469468e+01
5.283223778222349409e+01,1.258769206677576591e+01
5.285224349814232880e+01,1.231489089119669167e+01
5.287224921406116351e+01,1.229955807462640216e+01
5.289225492997999822e+01,1.176476601166686997e+01
5.291226064589883293e+01,1.179613677189212950e+01
5.293226636181766764e+01,1.188805803848530473e+01
5.295227207773649525e+01,1.235704615169586518e+01
5.297227779365532996e+01,1.198438120481066171e+01
5.299228350957416467e+01,1.188375867136989861e+01
5.301228922549299938e+01,1.162400745535865454e+01
5.303229494141183409e+01,1.253215131306094854e+01
5.305230065733066880e+01,1.220336614228523331e+01
5.307230637324950351e+01,1.203680315627894615e+01
5.309231208916833822e+01,1.155920562397723117e+01
5.311231780508717293e+01,1.211653437932210231e+01
5.313232352100600764e+01,1.150037768249539383e+01
5.315232923692483524e+01,1.222785936156090791e+01
5.317233495284366995e+01,1.200645861704225581e+01
5.319234066876250466e+01,1.281241015392073912e+01
5.321234638468133937e+01,1.255635869027801910e+01
5.323235210060017408e+01,1.227922023408907037e+01
5.325235781651900879e+01,1.331186560627118176e+01
5.327236353243784350e+01,1.226863385523543215e+01
5.329236924835667821e+01,1.310008594060610321e+01
5.331237496427551292e+01,1.369759513172436094e+01
5.333238068019434053e+01,1.387667188146162545e+01
5.335238639611317524e+01,1.453207921123002677e+01
5.337239211203200995e+01,1.455989110723947455e+01
5.339239782795084466e+01,1.475228338608589951e+01
5.341240354386967937e+01,1.431535793667037026e+01
5.343240925978851408e+01,1.521824467340043618e+01
5.345241497570734879e+01,1.509142180183858883e+01
5.347242069162618350e+01,1.475135171642437371e+01
5.349242640754501821e+01,1.548907079851181834e+01
5.351243212346384581e+01,1.543769688571565446e+01
5.353243783938268052e+01,1.541444391742237485e+01
5.355244355530151523e+01,1.544851143466688725e+01
5.357244927122034994e+01,1.489448996155650562e+01
5.359245498713918465e+01,1.588166643572712289e+01
5.361246070305801936e+01,1.479456887322485947e+01
5.363246641897685407e+01,1.581863091307067215e+01
5.365247213489568878e+01,1.433833159277325464e+01
5.367247785081452349e+01,1.446467511839622055e+01
5.369248356673335820e+01,1.470045891689966844e+01
5.371248928265218581e+01,1.490387550686207163e+01
5.373249499857102052e+01,1.506273294218447667e+01
5.375250071448985523e+01,1.462600950983358139e+01
5.377250643040868994e+01,1.498843283643434177e+01
5.379251214632752465e+01,1.444235011406614788e+01
5.381251786224635936e+01,1.474312442761434738e+01
5.383252357816519407e+01,1.585772370135419962e+01
5.385252929408402878e+01,1.521420456824780487e+01
5.387253501000286349e+01,1.610957745583464629e+01
5.389254072592169109e+01,1.653916039641938340e+01
5.391254644184052580e+01,1.619616144229871679e+01
5.393255215775936051e+01,1.703988072035179258e+01
5.395255787367819522e+01,1.712548696698614492e+01
5.397256358959702993e+01,1.677737988449211315e+01
5.399256930551586464e+01,1.809460378636961408e+01
5.401257502143469935e+01,1.795126182780613178e+01
5.403258073735353406e+01,1.808288994813642603e+01
5.405258645327236877e+01,1.769717325642195505e+01
5.407259216919120348e+01,1.813635162973538328e+01
5.409259788511003109e+01,1.833259886627364210e+01
5.411260360102886580e+01,1.810151483555563345e+01
5.413260931694770051e+01,1.864398958580065013e+01
5.415261503286653522e+01,1.716554276851146454e+01
5.417262074878536993e+01,1.748949556824553042e+01
5.419262646470420464e+01,1.705628857084094818e+01
5.421263218062303935e+01,1.616587747584825507e+01
5.423263789654187406e+01,1.623636929152410247e+01
5.425264361246070877e+01,1.601002549719117596e+01
5.427264932837953637e+01,1.544721456902419376e+01
5.429265504429837108e+01,1.591626382140260354e+01
5.431266076021720579e+01,1.505654849734256828e+01
5.433266647613604050e+01,1.404122471131366368e+01
5.435267219205487521e+01,1.352153994716484675e+01
5.437267790797370992e+01,1.427270943872497888e+01
5.439268362389254463e+01,1.388078418994467889e+01
5.441268933981137934e+01,1.378503556910805017e+01
5.443269505573021405e+01,1.292187681481991035e+01
5.445270077164904166e+01,1.318470603391218532e+01
5.447270648756787637e+01,1.281186752085943326e+01
5.449271220348671108e+01,1.303925491515812851e+01
5.451271791940554579e+01,1.241337370041787125e+01
5.453272363532438050e+01,1.287351681892279132e+01
5.455272935124321521e+01,1.252494802559552767e+01
5.457273506716204992e+01,1.257131007661971367e+01
5.459274078308088463e+01,1.263436042844843499e+01
5.461274649899971934e+01,1.188962452180205709e+01
5.463275221491855405e+01,1.294120635430484612e+01
5.465275793083738165e+01,1.245335499831653436e+01
5.467276364675621636e+01,1.295728570516899403e+01
5.469276936267505107e+01,1.309489135249047465e+01
5.471277507859388578e+01,1.282704975053664143e+01
5.473278079451272049e+01,1.218496284991423195e+01
5.475278651043155520e+01,1.224632744910928039e+01
5.477279222635038991e+01,1.263931880748978998e+01
5.479279794226922462e+01,1.193790801841823424e+01
5.481280365818805933e+01,1.180017005799961183e+01
5.483280937410688693e+01,1.209712821884878764e+01
5.485281509002572164e+01,1.185946109306213714e+01
5.487282080594455635e+01,1.161300389179299586e+01
5.489282652186339106e+01,1.208912878857044504e+01
5.491283223778222577e+01,1.104189021000082782e+01
5.493283795370106048e+01,1.205753860180054460e+01
5.495284366961989519e+01,1.171768714037564507e+01
5.497284938553872990e+01,1.123519216298018897e+01
5.499285510145756461e+01,1.177700659135634353e+01
5.501286081737639222e+01,1.147280515646455257e+01
5.503286653329522693e+01,1.144615034328602654e+01
5.505287224921406164e+01,1.083415386593131302e+01
5.507287796513289635e+01,1.126841091241359827e+01
5.509288368105173106e+01,1.066464584197718679e+01
5.511288939697056577e+01,1.100055146444272225e+01
5.513289511288940048e+01,1.045607759431879558e+01
5.515290082880823519e+01,1.072222845231219779e+01
5.517290654472706990e+01,1.094351025437290481e+01
5.519291226064590461e+01,9.856558445357716636e+00
5.521291797656473221e+01,1.063778845987852684e+01
5.523292369248356692e+01,1.029175177584783007e+01
5.525292940840240163e+01,9.471149487688910185e+00
5.527293512432123634e+01,1.071102687140059295e+01
5.529294084024007105e+01,1.066871912097245101e+01
5.531294655615890576e+01,1.041332956539284105e+01
5.533295227207774047e+01,1.036061297894288202e+01
5.535295798799657518e+01,1.096731487363768665e+01
5.537296370391540989e+01,9.629185789839747045e+00
5.539296941983423750e+01,1.017116510124682094e+01
5.541297513575307221e+01,1.014800303076667909e+01
5.543298085167190692e+01,9.823480015864248571e+00
5.545298656759074163e+01,1.007130659199766498e+01
5.547299228350957634e+01,1.014143604746605831e+01
5.549299799942841105e+01,1.092913010581437128e+01
5.551300371534724576e+01,1.018840563970213253e+01
5.553300943126608047e+01,1.051645219727276981e+01
5.555301514718491518e+01,9.501906295483344422e+00
5.557302086310374989e+01,1.003190560676153531e+01
5.559302657902257749e+01,9.696469232698291307e+00
5.561303229494141220e+01,1.034714575227249611e+01
5.563303801086024691e+01,9.848125143006631887e+00
5.565304372677908162e+01,1.050817831173448269e+01
5.567304944269791633e+01,9.968269362140263823e+00
5.569305515861675104e+01,9.901257693133779014e+00
5.571306087453558575e+01,1.054657319794710801e+01
5.573306659045442046e+01,1.018251330617709804e+01
5.575307230637325517e+01,1.063224038880842492e+01
5.577307802229208278e+01,1.045902309149685649e+01
5.579308373821091749e+01,1.048349679513059485e+01
5.581308945412975220e+01,1.041683557629562884e+01
5.583309517004858691e+01,1.080356418541692776e+01
5.585310088596742162e+01,1.113822518846138721e+01
5.587310660188625633e+01,1.034738096051141554e+01
5.589311231780509104e+01,1.103720108652603216e+01
5.591311803372392575e+01,1.080022048053824690e+01
5.593312374964276046e+01,1.091222356243960157e+01
5.595312946556158806e+01,1.044969668342118219e+01
5.597313518148042277e+01,1.160181031811887209e+01
5.599314089739925748e+01,1.174003095185800127e+01
5.601314661331809219e+01,1.161399298305797956e+01
5.603315232923692690e+01,1.095504409933031909e+01
5.605315804515576161e+01,1.109636355963140630e+01
5.607316376107459632e+01,1.111342846153263508e+01
5.609316947699343103e+01,1.062982637218770776e+01
5.611317519291226574e+01,1.099921341580031253e+01
5.613318090883110045e+01,1.072260888798949274e+01
5.615318662474992806e+01,1.140969089461133734e+01
5.617319234066876277e+01,1.064924912865287432e+01
5.619319805658759748e+01,1.019182687677578159e+01
5.621320377250643219e+01,1.054607465102628083e+01
5.623320948842526690e+01,1.035817443758481105e+01
5.625321520434410161e+01,9.846250187742299431e+00
5.627322092026293632e+01,9.482199991105000336e+00
5.629322663618177103e+01,1.010253862304651484e+01
5.631323235210060574e+01,9.918559007763899871e+00
5.633323806801943334e+01,1.068792728246508261e+01
5.635324378393826805e+01,1.049757339696882497e+01
5.637324949985710276e+01,9.710876403939069590e+00
5.639325521577593747e+01,9.398873667639177754e+00
5.641326093169477218e+01,1.031326808973143727e+01
5.643326664761360689e+01,9.674201639110705742e+00
5.645327236353244160e+01,9.488124093068597276e+00
5.647327807945127631e+01,1.006979765067680255e+01
5.649328379537011102e+01,9.823669664696121018e+00
5.651328951128894573e+01,8.845654216169716477e+00
5.653329522720777334e+01,9.784738652186225849e+00
5.655330094312660805e+01,1.015469107551879091e+01
5.657330665904544276e+01,1.011953834762078941e+01
5.659331237496427747e+01,9.596287778737062624e+00
5.661331809088311218e+01,9.438108493186499359e+00
5.663332380680194689e+01,9.904500103406990164e+00
5.665332952272078160e+01,1.036731828437361003e+01
5.667333523863961631e+01,1.060327119578940192e+01
5.669334095455845102e+01,9.251886151011145643e+00
5.671334667047727862e+01,9.957060234973075907e+00
5.673335238639611333e+01,9.276004884421897856e+00
5.675335810231494804e+01,1.024733397309683980e+01
5.677336381823378275e+01,9.493759352958800690e+00
5.679336953415261746e+01,1.066854163535593436e+01
5.681337525007145217e+01,1.065393480099486112e+01
5.683338096599028688e+01,1.042855257442203865e+01
5.685338668190912159e+01,1.114998142828638450e+01
5.687339239782795630e+01,1.012230396278413203e+01
5.689339811374678391e+01,1.043313905697506172e+01
5.691340382966561862e+01,1.054752131326896425e+01
5.693340954558445333e+01,1.068646706426974013e+01
5.695341526150328804e+01,1.106203820094088641e+01
5.697342097742212275e+01,1.092551069827145582e+01
5.699342669334095746e+01,1.118313727933606039e+01
5.701343240925979217e+01,1.078090881885101382e+01
5.703343812517862688e+01,1.167542288046734456e+01
5.705344384109746159e+01,1.112066012437230356e+01
5.707344955701629630e+01,1.110595432383123793e+01
5.709345527293512390e+01,1.115592397177159256e+01
5.711346098885395861e+01,1.095059738449739228e+01
5.713346670477279332e+01,1.176741048556677960e+01
5.715347242069162803e+01,1.184006853653382230e+01
5.717347813661046274e+01,1.128326111585496072e+01
5.719348385252929745e+01,1.232248070860796574e+01
5.721348956844813216e+01,1.232979964557712371e+01
5.723349528436696687e+01,1.145660229796875562e+01
5.725350100028580158e+01,1.181340820343974940e+01
5.727350671620462919e+01,1.143071297457588642e+01
5.729351243212346390e+01,1.101177665492613933e+01
5.731351814804229861e+01,1.232381734497788806e+01
5.733352386396113332e+01,1.160252630925228878e+01
5.735352957987996803e+01,1.162663153947163153e+01
5.737353529579880274e+01,1.116453234054305099e+01
5.739354101171763745e+01,1.129510468406254553e+01
5.741354672763647216e+01,1.080299597892241437e+01
5.743355244355530687e+01,1.143885502208762794e+01
5.745355815947414158e+01,1.073160008440203228e+01
5.747356387539296918e+01,1.175767887252297328e+01
5.749356959131180389e+01,1.041691082855346195e+01
5.751357530723063860e+01,1.105569543416342349e+01
5.753358102314947331e+01,1.089507879053674166e+01
5.755358673906830802e+01,1.023487938445359191e+01
5.757359245498714273e+01,1.077843378234094729e+01
5.759359817090597744e+01,9.748270431885954324e+00
5.761360388682481215e+01,1.062687205668741441e+01
5.763360960274364686e+01,9.851975471578727550e+00
5.765361531866247446e+01,1.007979552019874347e+01
5.767362103458130917e+01,9.875985836956125752e+00
5.769362675050014388e+01,1.054113133679649295e+01
5.771363246641897859e+01,9.503029709875500330e+00
5.773363818233781330e+01,1.033402446810656983e+01
5.775364389825664801e+01,9.782144707139920570e+00
5.777364961417548272e+01,9.407410642451804250e+00
5.779365533009431743e+01,9.251925802170662294e+00
5.781366104601315214e+01,9.096590260187563004e+00
5.783366676193197975e+01,9.845171347693240094e+00
5.785367247785081446e+01,9.398820532442975662e+00
5.787367819376964917e+01,9.374623578832821380e+00
5.789368390968848388e+01,9.426325115859725656e+00
5.791368962560731859e+01,8.972211314843290708e+00
5.793369534152615330e+01,9.941540549417979378e+00
5.795370105744498801e+01,8.981087132719096644e+00
5.797370677336382272e+01,9.182302301779367681e+00
5.799371248928265743e+01,9.103547405688562577e+00
5.801371820520149214e+01,9.292115261162436468e+00
5.803372392112031974e+01,9.395928977489880651e+00
5.805372963703915445e+01,9.083401761533302476e+00
5.807373535295798916e+01,8.200714115816998273e+00
5.809374106887682387e+01,9.146771573146954992e+00
5.811374678479565858e+01,8.832667669213373429e+00
5.813375250071449329e+01,8.145308636284395831e+00
5.815375821663332800e+01,8.030934090757721577e+00
5.817376393255216271e+01,8.653669842858237260e+00
5.819376964847099742e+01,8.549358612556037684e+00
5.821377536438982503e+01,8.557428976553417499e+00
5.823378108030865974e+01,8.091424152161833305e+00
5.825378679622749445e+01,9.514187015308664286e+00
5.827379251214632916e+01,9.628059549601314160e+00
5.829379822806516387e+01,9.649667419339003516e+00
5.831380394398399858e+01,8.711552199702607524e+00
5.833380965990283329e+01,9.439740139222047688e+00
5.835381537582166800e+01,9.387945286017416180e+00
5.837382109174050271e+01,8.246444506638415106e+00
5.839382680765933742e+01,8.470197891387215350e+00
5.841383252357816502e+01,9.309885942138595993e+00
5.843383823949699973e+01,9.042110385379094950e+00
5.845384395541583444e+01,8.831900488248228598e+00
5.847384967133466915e+01,9.370780146779173592e+00
5.849385538725350386e+01,9.087096061152861282e+00
5.851386110317233857e+01,8.482785088014905384e+00
5.853386681909117328e+01,8.940381956066485003e+00
5.855387253501000799e+01,8.579877826961324061e+00
5.857387825092884270e+01,9.076666300104173857e+00
5.859388396684767031e+01,8.936439600220410284e+00
5.861388968276650502e+01,8.704871605896329356e+00
5.863389539868533973e+01,9.048085245005228927e+00
5.865390111460417444e+01,8.958491537782030889e+00
5.867390683052300915e+01,9.096850337217041726e+00
5.869391254644184386e+01,9.028517619889395718e+00
5.871391826236067857e+01,8.501265497134596671e+00
5.873392397827951328e+01,8.775192357875653215e+00
5.875392969419834799e+01,7.748135459892282029e+00
5.877393541011717559e+01,8.606284308278990380e+00
5.879394112603601030e+01,8.209852508603860954e+00
5.881394684195484501e+01,8.957209545236027637e+00
5.883395255787367972e+01,7.754676385247524451e+00
5.885395827379251443e+01,8.362281038986191462e+00
5.887396398971134914e+01,8.865881712701757067e+00
5.889396970563018385e+01,8.386402051301123706e+00
5.891397542154901856e+01,8.306838773595021763e+00
5.893398113746785327e+01,9.436397666527758687e+00
5.895398685338668798e+01,8.233630982339565918e+00
5.897399256930551559e+01,8.970447072209335460e+00
5.899399828522435030e+01,8.287025835426673481e+00
5.901400400114318501e+01,8.090826682851121276e+00
5.903400971706201972e+01,9.070759814840508639e+00
5.905401543298085443e+01,8.858510072280385117e+00
5.907402114889968914e+01,8.403937038092411882e+00
5.909402686481852385e+01,8.543330091875407817e+00
5.911403258073735856e+01,8.625380014894695080e+00
5.913403829665619327e+01,9.230203379530008689e+00
5.915404401257502087e+01,9.488505175471242836e+00
5.917404972849385558e+01,8.713050346793302481e+00
5.919405544441269029e+01,9.762321384305428396e+00
5.921406116033152500e+01,8.349251418711380879e+00
5.923406687625035971e+01,8.880149248629713554e+00
5.925407259216919442e+01,8.622444775774907200e+00
5.927407830808802913e+01,8.385937616747312973e+00
5.929408402400686384e+01,8.941188558295456446e+00
5.931408973992569855e+01,8.773130815699255791e+00
5.933409545584453326e+01,8.889383425219083534e+00
5.935410117176336087e+01,9.492098723876083000e+00
5.937410688768219558e+01,8.573064278896193713e+00
5.939411260360103029e+01,8.636527079428921283e+00
5.941411831951986500e+01,9.170527223066336830e+00
5.943412403543869971e+01,8.810647555584584012e+00
5.945412975135753442e+01,9.071680838125059765e+00
5.947413546727636913e+01,9.022761096600968145e+00
5.949414118319520384e+01,9.252829640657861177e+00
5.951414689911403855e+01,9.268165599251233289e+00
5.953415261503286615e+01,8.851885411212487398e+00
5.955415833095170086e+01,9.014722866050510319e+00
5.957416404687053557e+01,8.602888104939344416e+00
5.959416976278937028e+01,9.246672773903661380e+00
5.961417547870820499e+01,9.913282198646838239e+00
5.963418119462703970e+01,8.997938021247204432e+00
5.965418691054587441e+01,9.107588944211110871e+00
5.967419262646470912e+01,9.781664416633701009e+00
5.969419834238354383e+01,9.145782177695741311e+00
5.971420405830237144e+01,9.853706052370702295e+00
5.973420977422120615e+01,9.251352748564830364e+00
5.975421549014004086e+01,9.363578818508923263e+00
5.977422120605887557e+01,9.567550432434337893e+00
5.979422692197771028e+01,9.537903916559340445e+00
5.981423263789654499e+01,8.780778372333660542e+00
5.983423835381537970e+01,9.356195296318432497e+00
5.985424406973421441e+01,8.369385066613416413e+00
5.987424978565304912e+01,9.302020057093693950e+00
5.989425550157188383e+01,8.299199268680357733e+00
5.991426121749071143e+01,9.588912049760265788e+00
5.993426693340954614e+01,8.563859503640729898e+00
5.995427264932838085e+01,9.191172909517241862e+00
5.997427836524721556e+01,8.344901744579649616e+00
5.999428408116605027e+01,8.483267935737609733e+00
6.001428979708488498e+01,7.879236287194640198e+00
6.003429551300371969e+01,8.578324077309289919e+00
6.005430122892255440e+01,7.654789267429771726e+00
6.007430694484138911e+01,8.368288685778834335e+00
6.009431266076021672e+01,7.758818646929937834e+00
6.011431837667905143e+01,7.777341769613748568e+00
6.013432409259788614e+01,8.075091963175472287e+00
6.015432980851672085e+01,7.981216304403601747e+00
6.017433552443555556e+01,7.895519811866932969e+00
6.019434124035439027e+01,7.864960722275388783e+00
6.021434695627322498e+01,7.885168068241837247e+00
6.023435267219205969e+01,8.135430638210440435e+00
6.025435838811089440e+01,7.545435771619233734e+00
6.027436410402972911e+01,8.399731703241416270e+00
6.029436981994855671e+01,8.508368723120042887e+00
6.031437553586739142e+01,8.592085541785653646e+00
6.033438125178622613e+01,7.170703555984609068e+00
6.035438696770506084e+01,8.252936535100037219e+00
6.037439268362389555e+01,7.348010943984835563e+00
6.039439839954273026e+01,7.398323910050707219e+00
6.041440411546156497e+01,7.707102055029011467e+00
6.043440983138039968e+01,7.195833124388282265e+00
6.045441554729923439e+01,7.285693503664213644e+00
6.047442126321806199e+01,7.862010293391373139e+00
6.049442697913689670e+01,7.376014376459755439e+00
6.051443269505573141e+01,7.359368125174849951e+00
6.053443841097456612e+01,7.326848668064243952e+00
6.055444412689340083e+01,7.791705896239431439e+00
6.057444984281223554e+01,7.431227832358044516e+00
6.059445555873107025e+01,8.156369663075192733e+00
6.061446127464990496e+01,7.415945342926315575e+00
6.063446699056873967e+01,7.407681327619155986e+00
6.065447270648756728e+01,8.100028174738207909e+00
6.067447842240640199e+01,7.766801380462008630e+00
6.069448413832523670e+01,7.923597461354049187e+00
6.071448985424407141e+01,7.658442237187294666e+00
6.073449557016290612e+01,7.507195557403992581e+00
6.075450128608174083e+01,6.905295362059793440e+00
6.077450700200057554e+01,7.557298113785584803e+00
6.079451271791941025e+01,7.253906405772094779e+00
6.081451843383824496e+01,7.491931610226465921e+00
6.083452414975707967e+01,7.609459201964016373e+00
6.085452986567590727e+01,7.832488319510977348e+00
6.087453558159474198e+01,8.071664861756469023e+00
6.089454129751357669e+01,7.581941978715242669e+00
6.091454701343241140e+01,7.396715103968908522e+00
6.093455272935124611e+01,8.031080823277324754e+00
6.095455844527008082e+01,8.600919286326259794e+00
6.097456416118891553e+01,8.290704410036555672e+00
6.099456987710775024e+01,7.622965993931464013e+00
6.101457559302658495e+01,8.140363820303662123e+00
6.103458130894541256e+01,7.770139110489084899e+00
6.105458702486424727e+01,8.363549109939299342e+00
6.107459274078308198e+01,8.558291909744722759e+00
6.109459845670191669e+01,8.014006157111648321e+00
6.111460417262075140e+01,7.908278456796091760e+00
6.113460988853958611e+01,7.962377840253813233e+00
6.115461560445842082e+01,9.227889031503256234e+00
6.117462132037725553e+01,8.413241344209053452e+00
6.119462703629609024e+01,7.871912536288933282e+00
6.121463275221492495e+01,9.199522585846079181e+00
6.123463846813375255e+01,9.243141462550024556e+00
6.125464418405258726e+01,8.434659652064450341e+00
6.127464989997142197e+01,9.188637084671089639e+00
6.129465561589025668e+01,9.001691184272001323e+00
6.131466133180909139e+01,8.962470905452404324e+00
6.133466704772792610e+01,9.402589344466843357e+00
6.135467276364676081e+01,8.730207285742656254e+00
6.137467847956559552e+01,9.077596290447953464e+00
6.139468419548443023e+01,9.518060413438075074e+00
6.141468991140325784e+01,8.763719748578552071e+00
6.143469562732209255e+01,9.164521542250858133e+00
6.145470134324092726e+01,9.524300906425210655e+00
6.147470705915976197e+01,9.722132904479201088e+00
6.149471277507859668e+01,9.116178031418462169e+00
6.151471849099743139e+01,9.953925382657706322e+00
6.153472420691626610e+01,1.017188416286950670e+01
6.155472992283510081e+01,9.905101334440729488e+00
6.157473563875393552e+01,9.802391045405467906e+00
6.159474135467276312e+01,1.046623576489682428e+01
6.161474707059159783e+01,9.240593900825770035e+00
6.163475278651043254e+01,9.765072876619353082e+00
6.165475850242926725e+01,9.774055147667853660e+00
6.167476421834810196e+01,9.836841836389956129e+00
6.169476993426693667e+01,1.032299845750318035e+01
6.171477565018577138e+01,1.035001957852489340e+01
6.173478136610460609e+01,1.042532107781613249e+01
6.175478708202344080e+01,1.008521050225765592e+01
6.177479279794227551e+01,1.011373680298455469e+01
6.179479851386110312e+01,1.007377775095920569e+01
6.181480422977993783e+01,9.021314476448047515e+00
6.183480994569877254e+01,1.019935646811774177e+01
6.185481566161760725e+01,9.672072237175607157e+00
6.187482137753644196e+01,9.750169552485642654e+00
6.189482709345527667e+01,8.964465261862873291e+00
6.191483280937411138e+01,9.012775796079456114e+00
6.193483852529294609e+01,9.343240160877702039e+00
6.195484424121178080e+01,8.808633279139549188e+00
6.197484995713060840e+01,9.686685669488548811e+00
6.199485567304944311e+01,9.128162985617523262e+00
6.201486138896827782e+01,9.342498094555166332e+00
6.203486710488711253e+01,8.867142720776524101e+00
6.205487282080594724e+01,9.992931096325985862e+00
6.207487853672478195e+01,8.806294107252144343e+00
6.209488425264361666e+01,9.150448538973662949e+00
6.211488996856245137e+01,9.173894997161548659e+00
6.213489568448128608e+01,8.465821512762520484e+00
6.215490140040011369e+01,9.692159029286662175e+00
6.217490711631894840e+01,9.777571675175817489e+00
6.219491283223778311e+01,8.830946062385583772e+00
6.221491854815661782e+01,8.657853067390977486e+00
6.223492426407545253e+01,9.426139650065657349e+00
6.225492997999428724e+01,8.729334934519810574e+00
6.227493569591312195e+01,8.725651600453907974e+00
6.229494141183195666e+01,9.293937574684113301e+00
6.231494712775079137e+01,8.843516905982065524e+00
6.233495284366962608e+01,8.646088040494635862e+00
6.235495855958845368e+01,8.320904606585596497e+00
6.237496427550728839e+01,8.815906952071296487e+00
6.239496999142612310e+01,8.376014783568404454e+00
6.241497570734495781e+01,8.603971708204559476e+00
6.243498142326379252e+01,8.441539495679288407e+00
6.245498713918262723e+01,7.624612109051538411e+00
6.247499285510146194e+01,8.390289129681685054e+00
6.249499857102029665e+01,7.864961476033985655e+00
6.251500428693913136e+01,7.872719631553673381e+00
6.253501000285795897e+01,8.502260234766271907e+00
6.255501571877679368e+01,8.592850957429645220e+00
6.257502143469562839e+01,8.571247938082862561e+00
6.259502715061446310e+01,7.937438323977769272e+00
6.261503286653329781e+01,7.572928041014595379e+00
6.263503858245213252e+01,8.203505364786314757e+00
6.265504429837096723e+01,7.459591157614612555e+00
6.267505001428980194e+01,7.689072905423354420e+00
6.269505573020863665e+01,7.846772436845567356e+00
6.271506144612747136e+01,7.619441370762613630e+00
6.273506716204629896e+01,8.073589961705653906e+00
6.275507287796513367e+01,8.040523431530719023e+00
6.277507859388396838e+01,7.671708681263098129e+00
6.279508430980280309e+01,7.890817882691704810e+00
6.281509002572163780e+01,7.531210239967241371e+00
6.283509574164047251e+01,8.152882393412637541e+00
6.285510145755930722e+01,7.991297012774788655e+00
6.287510717347814193e+01,7.766091747920132349e+00
6.289511288939697664e+01,7.780610332223677261e+00
6.291511860531580425e+01,7.840236111328321655e+00
6.293512432123463896e+01,7.636900066568211187e+00
6.295513003715347367e+01,7.268399370840675999e+00
6.297513575307230838e+01,8.000601215333670524e+00
6.299514146899114309e+01,7.474143243967278138e+00
6.301514718490997780e+01,7.686536583282071788e+00
6.303515290082881251e+01,8.312061606927755975e+00
6.305515861674764722e+01,7.421523127820948140e+00
6.307516433266648193e+01,7.918180831668072628e+00
6.309517004858530953e+01,7.392557347371102594e+00
6.311517576450414424e+01,7.831470872960160534e+00
6.313518148042297895e+01,8.261722639268066715e+00
6.315518719634181366e+01,7.635307120014643623e+00
6.317519291226064837e+01,7.704914148031936527e+00
6.319519862817948308e+01,8.316957008509159976e+00
6.321520434409831779e+01,8.185796859489236965e+00
6.323521006001715250e+01,7.567246578450953720e+00
6.325521577593598721e+01,7.564706008474914256e+00
6.327522149185482192e+01,7.641361099672204560e+00
6.329522720777364952e+01,7.593892505781239421e+00
6.331523292369248423e+01,8.231290341110453213e+00
6.333523863961131894e+01,8.303020713216117343e+00
6.335524435553015365e+01,8.499462122339757286e+00
6.337525007144898836e+01,8.360449050645472724e+00
6.339525578736782307e+01,7.871949569900870358e+00
6.341526150328665778e+01,8.328214642085692176e+00
6.343526721920549249e+01,7.569003740951435688e+00
6.345527293512432720e+01,8.691363991838642278e+00
6.347527865104315481e+01,8.323657578440977645e+00
6.349528436696198952e+01,8.925278494701117893e+00
6.351529008288082423e+01,7.510074209404914214e+00
6.353529579879965894e+01,8.003525454571036590e+00
6.355530151471849365e+01,8.020352475627428035e+00
6.357530723063732836e+01,7.843198239288206253e+00
6.359531294655616307e+01,7.858519376433029890e+00
6.361531866247499778e+01,8.196223755323103433e+00
6.363532437839383249e+01,7.706424283944446785e+00
6.365533009431266720e+01,8.281006630573642724e+00
6.367533581023149480e+01,8.915881091734160435e+00
6.369534152615032951e+01,8.168030301620037292e+00
6.371534724206916422e+01,8.783994082439781081e+00
6.373535295798799893e+01,8.064742318390742071e+00
6.375535867390683364e+01,7.699345467358005735e+00
6.377536438982566835e+01,7.712881031391564335e+00
6.379537010574450306e+01,9.179156243436574769e+00
6.381537582166333777e+01,8.745468347922383145e+00
6.383538153758217248e+01,8.334462443122539810e+00
6.385538725350100009e+01,8.394152254461424434e+00
6.387539296941983480e+01,8.888249014294270722e+00
6.389539868533866951e+01,8.297136647468439818e+00
6.391540440125750422e+01,8.821987773680341149e+00
6.393541011717633893e+01,9.472378582249671553e+00
6.395541583309517364e+01,9.611182480873409872e+00
6.397542154901400835e+01,9.295730810811832612e+00
6.399542726493284306e+01,1.031420311163795844e+01
6.401543298085167066e+01,9.609254845889294572e+00
6.403543869677051248e+01,1.036369067439756364e+01
6.405544441268934008e+01,9.988083144891817255e+00
6.407545012860816769e+01,1.067745362015576660e+01
6.409545584452700950e+01,1.007837107265065413e+01
6.411546156044585132e+01,1.130230998779654783e+01
6.413546727636467892e+01,1.145863651506737391e+01
6.415547299228350653e+01,1.144276552068520836e+01
6.417547870820234834e+01,1.121453733910047390e+01
6.419548442412119016e+01,1.176980028768239528e+01
6.421549014004001776e+01,1.183450854525889362e+01
6.423549585595884537e+01,1.194249783536312393e+01
6.425550157187768718e+01,1.276234211239632188e+01
6.427550728779651479e+01,1.210720759487262299e+01
6.429551300371534239e+01,1.236677591641651119e+01
6.431551871963418421e+01,1.217881431419197291e+01
6.433552443555302602e+01,1.139885666742718229e+01
6.435553015147185363e+01,1.144809747158926427e+01
6.437553586739068123e+01,1.144472591649543780e+01
6.439554158330952305e+01,1.169932348055530014e+01
6.441554729922835065e+01,1.042991634103826826e+01
6.443555301514717826e+01,1.059631727351894348e+01
6.445555873106602007e+01,1.070171016836071587e+01
6.447556444698486189e+01,1.039958286528731080e+01
6.449557016290368949e+01,1.002946895371686153e+01
6.451557587882251710e+01,1.067267282598042755e+01
6.453558159474135891e+01,9.336834561701909507e+00
6.455558731066020073e+01,9.550974170374392003e+00
6.457559302657902833e+01,9.411399304421632195e+00
6.459559874249785594e+01,8.812749816367892564e+00
6.461560445841669775e+01,8.426766578421872822e+00
6.463561017433552536e+01,8.427229987067143213e+00
6.465561589025435296e+01,8.909417197674589062e+00
6.467562160617319478e+01,8.670205825064336125e+00
6.469562732209203659e+01,8.552515340544145417e+00
6.471563303801086420e+01,8.058585029031144487e+00
6.473563875392969180e+01,8.728749035944108670e+00
6.475564446984853362e+01,8.152765736989772805e+00
6.477565018576737543e+01,9.091433147269750492e+00
6.479565590168618883e+01,7.840941344326363804e+00
6.481566161760503064e+01,8.305869590223608157e+00
6.483566733352387246e+01,8.378032565066531490e+00
6.485567304944270006e+01,7.832892451597716743e+00
6.487567876536152767e+01,8.103667258067220658e+00
6.489568448128036948e+01,7.863838553554130861e+00
6.491569019719921130e+01,8.285927248711498549e+00
6.493569591311803890e+01,7.705614797744419597e+00
6.495570162903686651e+01,7.341394504698037338e+00
6.497570734495570832e+01,7.077429129260272234e+00
6.499571306087453593e+01,7.328489521451717614e+00
6.501571877679336353e+01,7.429699329012511733e+00
6.503572449271220535e+01,7.434943248848003172e+00
6.505573020863104716e+01,8.345726006083459936e+00
6.507573592454987477e+01,7.297383248516401189e+00
6.509574164046870237e+01,7.219240301297928042e+00
6.511574735638754419e+01,7.205551234991994569e+00
6.513575307230638600e+01,7.501967577251072328e+00
6.515575878822521361e+01,7.826504940218001138e+00
6.517576450414404121e+01,6.959939318512879503e+00
6.519577022006288303e+01,8.088330037331443734e+00
6.521577593598171063e+01,7.659665263434453308e+00
6.523578165190053824e+01,7.759649774857219739e+00
6.525578736781938005e+01,7.776886201749416472e+00
6.527579308373822187e+01,7.125625381173878559e+00
6.529579879965704947e+01,7.371297192389600461e+00
6.531580451557587708e+01,7.593558151592178618e+00
6.533581023149471889e+01,7.923649431699382184e+00
6.535581594741354650e+01,8.059195705703398716e+00
6.537582166333237410e+01,8.346182653120372663e+00
6.539582737925121592e+01,7.920048495759100859e+00
6.541583309517005773e+01,7.658774187760335472e+00
6.543583881108888534e+01,8.208222636530177141e+00
6.545584452700771294e+01,8.716387272542586828e+00
6.547585024292655476e+01,8.096249709839877795e+00
6.549585595884539657e+01,8.653975747462082424e+00
6.551586167476422418e+01,8.324948355216497120e+00
6.553586739068305178e+01,7.780438816272335245e+00
6.555587310660189360e+01,7.971540398342301437e+00
6.557587882252072120e+01,8.843241255062375572e+00
6.559588453843954881e+01,8.872956278535228947e+00
6.561589025435839062e+01,8.146183586174149838e+00
6.563589597027723244e+01,8.253158253942743272e+00
6.565590168619606004e+01,8.740431438472525016e+00
6.567590740211488765e+01,7.925629902286592809e+00
6.569591311803372946e+01,8.516162283880225559e+00
6.571591883395257128e+01,8.074564562276400181e+00
6.573592454987138467e+01,8.143256466328322674e+00
6.575593026579022649e+01,8.294995687677538143e+00
6.577593598170906830e+01,8.215831297193863847e+00
6.579594169762789591e+01,8.050525160325378238e+00
6.581594741354672351e+01,8.544701016830302365e+00
6.583595312946556533e+01,8.609509696058683659e+00
6.585595884538440714e+01,8.224218203678136163e+00
6.587596456130323475e+01,8.646817224584655293e+00
6.589597027722206235e+01,8.373374730328610127e+00
6.591597599314090417e+01,7.888138721164344780e+00
6.593598170905973177e+01,8.728265042840391175e+00
6.595598742497855937e+01,9.135924247114866503e+00
6.597599314089740119e+01,8.098619732405197169e+00
6.599599885681624301e+01,8.757104259867212193e+00
6.601600457273507061e+01,8.848792284690919274e+00
6.603601028865389821e+01,8.977337568471627449e+00
6.605601600457274003e+01,8.393098311986564752e+00
6.607602172049158185e+01,8.987186195942804545e+00
6.609602743641040945e+01,8.869422891550682309e+00
6.611603315232923705e+01,9.430293194953609515e+00
6.613603886824807887e+01,8.802151311077510698e+00
6.615604458416690647e+01,9.691006483918529923e+00
6.617605030008573408e+01,8.946248444019753165e+00
6.619605601600457589e+01,9.863340162936541589e+00
6.621606173192341771e+01,8.983115251891977238e+00
6.623606744784224531e+01,9.234095485060676012e+00
6.625607316376107292e+01,8.874934004061735493e+00
6.627607887967991473e+01,9.974386774785507725e+00
6.629608459559874234e+01,1.034447597773845118e+01
6.631609031151756994e+01,9.445496806894677633e+00
6.633609602743641176e+01,8.999326175919680537e+00
6.635610174335525357e+01,9.778284477379759920e+00
6.637610745927408118e+01,9.797692729567625491e+00
6.639611317519290878e+01,1.028214512042041839e+01
6.641611889111175060e+01,1.028206364401204276e+01
6.643612460703059241e+01,1.025556726619604042e+01
6.645613032294942002e+01,9.717095935100934057e+00
6.647613603886824762e+01,9.845327011824664964e+00
6.649614175478708944e+01,1.016820009376290734e+01
6.651614747070591704e+01,9.434042380020384755e+00
6.653615318662474465e+01,9.980515124099181179e+00
6.655615890254358646e+01,1.036749836388980484e+01
6.657616461846242828e+01,1.058152933294988962e+01
6.659617033438125588e+01,9.389429286966167965e+00
6.661617605030008349e+01,1.039499903926236613e+01
6.663618176621892530e+01,1.074645635267767041e+01
6.665618748213776712e+01,1.069345252915302780e+01
6.667619319805658051e+01,1.017067209830033114e+01
6.669619891397542233e+01,1.001321088822544780e+01
6.671620462989426414e+01,9.489108527992369702e+00
6.673621034581309175e+01,1.001145186034708701e+01
6.675621606173191935e+01,9.859778530306421374e+00
6.677622177765076117e+01,1.003469790199384448e+01
6.679622749356960298e+01,1.039535641625865736e+01
6.681623320948843059e+01,1.066821127640424827e+01
6.683623892540725819e+01,1.016422831806169036e+01
6.685624464132610001e+01,1.001557646095630716e+01
6.687625035724492761e+01,1.020257755668211175e+01
6.689625607316375522e+01,9.465307874004739830e+00
6.691626178908259703e+01,9.598128813122697167e+00
6.693626750500143885e+01,1.017927438035505894e+01
6.695627322092026645e+01,9.659673084572983015e+00
6.697627893683909406e+01,9.918099031474373106e+00
6.699628465275793587e+01,9.975929088854490701e+00
6.701629036867677769e+01,9.509377263947900616e+00
6.703629608459560529e+01,8.854294291148836038e+00
6.705630180051443290e+01,9.042976927398171938e+00
6.707630751643327471e+01,9.556428827326605813e+00
6.709631323235210232e+01,9.902975837643790413e+00
6.711631894827092992e+01,9.049497898469763157e+00
6.713632466418977174e+01,8.938731720708171125e+00
6.715633038010861355e+01,8.783798458620658778e+00
6.717633609602744116e+01,9.142884134141468166e+00
6.719634181194626876e+01,8.975042245520315376e+00
6.721634752786511058e+01,9.113700597522207403e+00
6.723635324378393818e+01,9.130558376294311884e+00
6.725635895970276579e+01,9.238805218737445202e+00
6.727636467562160760e+01,8.993292923256314353e+00
6.729637039154044942e+01,9.184596835948292792e+00
6.731637610745927702e+01,9.511283582940270875e+00
6.733638182337810463e+01,9.067129513119290607e+00
6.735638753929694644e+01,8.921111699820151841e+00
6.737639325521578826e+01,9.267607464433096354e+00
6.739639897113461586e+01,8.967459229420443378e+00
6.741640468705344347e+01,8.904692958578634077e+00
6.743641040297228528e+01,8.497865470363855422e+00
6.745641611889111289e+01,8.703645962042052986e+00
6.747642183480994049e+01,9.279467757021450325e+00
6.749642755072878231e+01,8.983771565638855705e+00
6.751643326664762412e+01,9.209495711196453271e+00
6.753643898256645173e+01,9.150823104741084180e+00
6.755644469848527933e+01,8.681437861827152602e+00
6.757645041440412115e+01,8.647418010232943431e+00
6.759645613032296296e+01,8.343325679181322840e+00
6.761646184624177636e+01,8.832539646922965559e+00
6.763646756216061817e+01,9.808352142609766844e+00
6.765647327807945999e+01,8.655194033939904941e+00
6.767647899399828759e+01,8.883278266717631766e+00
6.769648470991711520e+01,9.242110686913715512e+00
6.771649042583595701e+01,9.194075612177179835e+00
6.773649614175479883e+01,9.601313961894604176e+00
6.775650185767362643e+01,9.508891182674570786e+00
6.777650757359245404e+01,9.315017473200136067e+00
6.779651328951129585e+01,9.503213004318968871e+00
6.781651900543012346e+01,9.880537422285113891e+00
6.783652472134895106e+01,9.275069996202606859e+00
6.785653043726779288e+01,8.989648843967287917e+00
6.787653615318663469e+01,9.532799181849989978e+00
6.789654186910546230e+01,8.760853105037824662e+00
6.791654758502428990e+01,9.618197739753245656e+00
6.793655330094313172e+01,9.329222847896240012e+00
6.795655901686197353e+01,9.384743206866042797e+00
6.797656473278080114e+01,9.597159392698864977e+00
6.799657044869962874e+01,9.263688211286849494e+00
6.801657616461847056e+01,9.823948166278613670e+00
6.803658188053729816e+01,9.856545718007868828e+00
6.805658759645612577e+01,9.424822331665058783e+00
6.807659331237496758e+01,9.558968169405508419e+00
6.809659902829380940e+01,9.383547610528482963e+00
6.811660474421263700e+01,8.892360225865962420e+00
6.813661046013146461e+01,9.019354391259728487e+00
6.815661617605030642e+01,9.130974665821113945e+00
6.817662189196913403e+01,9.423051990620633589e+00
6.819662760788796163e+01,8.542697806148963124e+00
6.821663332380680345e+01,9.063764413612537041e+00
6.823663903972564526e+01,9.099129359181317156e+00
6.825664475564447287e+01,9.427137729848853454e+00
6.827665047156330047e+01,8.425620207980770715e+00
6.829665618748214229e+01,8.445349501581727480e+00
6.831666190340098410e+01,9.492032699112845862e+00
6.833666761931981171e+01,8.898250159301120732e+00
6.835667333523863931e+01,8.687146268331670029e+00
6.837667905115748113e+01,8.636959704303613705e+00
6.839668476707630873e+01,8.185254065078241936e+00
6.841669048299513634e+01,8.767618670044702966e+00
6.843669619891397815e+01,9.278629387826580199e+00
6.845670191483281997e+01,8.790056611790072694e+00
6.847670763075164757e+01,8.231469508203286267e+00
6.849671334667047518e+01,9.251529536295725720e+00
6.851671906258931699e+01,8.833987216601716597e+00
6.853672477850815881e+01,8.368349099849023531e+00
6.855673049442697220e+01,9.267496670308663198e+00
6.857673621034581402e+01,8.917463542596879122e+00
6.859674192626465583e+01,8.699316440958586583e+00
6.861674764218348344e+01,8.900773106485306840e+00
6.863675335810231104e+01,9.370456712627463602e+00
6.865675907402115286e+01,1.003579025533270652e+01
6.867676478993999467e+01,8.955569855957172365e+00
6.869677050585882228e+01,9.281850810224874238e+00
6.871677622177764988e+01,9.482556558123555135e+00
6.873678193769649170e+01,9.144334153923590947e+00
6.875678765361531930e+01,9.555268102858914148e+00
6.877679336953414690e+01,9.857178071348593917e+00
6.879679908545298872e+01,1.009636292780328226e+01
6.881680480137183054e+01,1.032271979061284561e+01
6.883681051729065814e+01,1.002127450062967284e+01
6.885681623320948574e+01,1.030941568173762235e+01
6.887682194912832756e+01,9.757628903321574398e+00
6.889682766504716938e+01,1.051643155364446258e+01
6.891683338096599698e+01,9.496149362994396270e+00
6.893683909688482458e+01,9.700694441181564542e+00
6.895684481280366640e+01,1.012071780947488442e+01
6.897685052872249400e+01,1.003883782352841614e+01
6.899685624464132161e+01,1.108318972236632582e+01
6.901686196056016342e+01,1.014502601479602539e+01
6.903686767647900524e+01,1.076625547530461802e+01
6.905687339239783284e+01,1.064069820065123650e+01
6.907687910831666045e+01,1.124526120431269582e+01
6.909688482423550226e+01,1.057458108060031421e+01
6.911689054015432987e+01,1.127440529678733405e+01
6.913689625607315747e+01,1.111184155597472412e+01
6.915690197199199929e+01,1.110432405613029871e+01
6.917690768791084110e+01,1.246724933754408937e+01
6.919691340382966871e+01,1.179099523716792319e+01
6.921691911974849631e+01,1.240617801828862810e+01
6.923692483566733813e+01,1.310847118947099865e+01
6.925693055158617994e+01,1.216342300897448325e+01
6.927693626750500755e+01,1.295752722218211161e+01
6.929694198342383515e+01,1.325374750007947355e+01
6.931694769934267697e+01,1.382810311969735473e+01
6.933695341526150457e+01,1.389566400967649962e+01
6.935695913118033218e+01,1.459912430924855897e+01
6.937696484709917399e+01,1.569917312509630847e+01
6.939697056301801581e+01,1.581892413269411080e+01
6.941697627893684341e+01,1.660118908536183469e+01
6.943698199485567102e+01,1.700982191175625147e+01
6.945698771077451283e+01,1.873303114710731876e+01
6.947699342669335465e+01,1.843426403985777995e+01
6.949699914261216804e+01,1.845405086010870122e+01
6.951700485853100986e+01,1.915941517243566850e+01
6.953701057444985167e+01,2.036802287811833523e+01
6.955701629036867928e+01,2.053047008859788747e+01
6.957702200628750688e+01,2.035450955554293273e+01
6.959702772220634870e+01,2.079758360594168209e+01
6.961703343812519051e+01,2.156531039469523492e+01
6.963703915404401812e+01,2.154838582431365523e+01
6.965704486996284572e+01,2.095723487971120491e+01
6.967705058588168754e+01,2.072494468873642859e+01
6.969705630180051514e+01,2.139957622700822881e+01
6.971706201771934275e+01,2.065572548073945924e+01
6.973706773363818456e+01,1.975788369457922045e+01
6.975707344955702638e+01,2.036571365463766270e+01
6.977707916547585398e+01,2.011675838118601334e+01
6.979708488139468159e+01,2.012187891739146295e+01
6.981709059731352340e+01,2.040281446586352132e+01
6.983709631323236522e+01,2.028722294628097700e+01
6.985710202915119282e+01,2.053482105476402708e+01
6.987710774507002043e+01,2.001655990741883784e+01
6.989711346098886224e+01,2.019879688075346280e+01
6.991711917690768985e+01,2.069181498435979449e+01
6.993712489282651745e+01,1.975383482326108719e+01
6.995713060874535927e+01,1.999565295815004973e+01
6.997713632466420108e+01,1.991557169788241666e+01
6.999714204058302869e+01,1.950620912500342641e+01
7.001714775650185629e+01,1.984744079245681903e+01
7.003715347242069811e+01,1.914631409364973536e+01
7.005715918833952571e+01,1.822121023511864024e+01
7.007716490425835332e+01,1.700886375975306919e+01
7.009717062017719513e+01,1.653239982267477259e+01
7.011717633609603695e+01,1.597692913573329854e+01
7.013718205201486455e+01,1.592557970927448174e+01
7.015718776793369216e+01,1.575700542085736799e+01
7.017719348385253397e+01,1.414744307416070868e+01
7.019719919977137579e+01,1.388672022635494407e+01
7.021720491569020339e+01,1.301868236694769898e+01
7.023721063160903100e+01,1.331175502152580492e+01
7.025721634752787281e+01,1.269145684905484828e+01
7.027722206344670042e+01,1.208313202354450056e+01
7.029722777936552802e+01,1.215310185542268684e+01
7.031723349528436984e+01,1.081050293205593071e+01
7.033723921120321165e+01,1.189655487359931385e+01
7.035724492712203926e+01,1.094364182732858204e+01
7.037725064304086686e+01,1.114066617161554973e+01
7.039725635895970868e+01,1.089581512784322115e+01
7.041726207487855049e+01,1.138848293373696663e+01
7.043726779079736389e+01,1.074447909645435040e+01
7.045727350671620570e+01,1.064611517846694255e+01
7.047727922263504752e+01,1.035027262445803764e+01
7.049728493855387512e+01,1.058391655251953267e+01
7.051729065447270273e+01,1.069861497211947565e+01
7.053729637039154454e+01,9.689256927213424575e+00
7.055730208631038636e+01,1.023145566377267102e+01
7.057730780222921396e+01,1.065436739769888064e+01
7.059731351814804157e+01,1.084896325362042724e+01
7.061731923406688338e+01,9.606870031638370833e+00
7.063732494998571099e+01,9.973028707822340522e+00
7.065733066590453859e+01,1.036535285296510267e+01
7.067733638182338041e+01,9.827472298864476485e+00
7.069734209774222222e+01,1.027885929974598334e+01
7.071734781366104983e+01,1.027126291449177486e+01
7.073735352957987743e+01,1.061773640476787683e+01
7.075735924549871925e+01,9.817370760549081865e+00
7.077736496141756106e+01,1.021316761526159667e+01
7.079737067733638867e+01,9.163046396410887695e+00
7.081737639325521627e+01,9.023826526111996316e+00
7.083738210917405809e+01,9.690784170241684592e+00
7.085738782509288569e+01,9.128673296622144662e+00
7.087739354101171330e+01,1.047663468586407021e+01
7.089739925693055511e+01,9.753799665520597628e+00
7.091740497284939693e+01,1.018232118206624470e+01
7.093741068876822453e+01,1.009344665463107660e+01
7.095741640468705214e+01,9.947611649227464881e+00
7.097742212060589395e+01,9.605361816310184153e+00
7.099742783652472156e+01,1.018725042583865026e+01
7.101743355244354916e+01,9.317855691677479513e+00
7.103743926836239098e+01,9.671096967956998469e+00
7.105744498428123279e+01,9.472194691912639186e+00
7.107745070020006040e+01,9.330976242558660871e+00
7.109745641611888800e+01,8.814846167299696944e+00
7.111746213203772982e+01,8.846577457716906068e+00
7.113746784795657163e+01,9.507477983267683896e+00
7.115747356387539924e+01,9.688737446019507260e+00
7.117747927979422684e+01,9.185154825066051743e+00
7.119748499571306866e+01,9.579890279109275042e+00
7.121749071163189626e+01,9.188808720828367527e+00
7.123749642755072387e+01,9.005472022616185512e+00
7.125750214346956568e+01,8.909013947479744289e+00
7.127750785938840750e+01,9.713897606143987673e+00
7.129751357530723510e+01,9.300786175348221718e+00
7.131751929122606271e+01,9.110796442861325062e+00
7.133752500714490452e+01,9.438304462028103359e+00
7.135753072306374634e+01,9.618223001110020931e+00
7.137753643898255973e+01,9.782256142191801729e+00
7.139754215490140155e+01,8.576737975943398595e+00
7.141754787082024336e+01,9.649927052582263798e+00
7.143755358673907097e+01,8.801926826862651154e+00
7.145755930265789857e+01,9.540566151984897658e+00
7.147756501857674039e+01,9.093654884885168599e+00
7.149757073449558220e+01,9.518832881870256557e+00
7.151757645041440981e+01,8.987415213558042737e+00
7.153758216633323741e+01,8.995598931339355175e+00
7.155758788225207923e+01,9.240068587115473520e+00
7.157759359817090683e+01,9.385980311010408528e+00
7.159759931408973443e+01,9.097585844400349231e+00
7.161760503000857625e+01,8.471039568166890632e+00
7.163761074592741807e+01,9.181129530998530797e+00
7.165761646184624567e+01,8.452571391167349901e+00
7.167762217776507327e+01,8.958135716536242299e+00
7.169762789368391509e+01,9.396217537386080565e+00
7.171763360960275691e+01,8.975419913782875625e+00
7.173763932552158451e+01,8.883386571111950403e+00
7.175764504144041211e+01,8.250909315894585205e+00
7.177765075735925393e+01,8.684698514885326404e+00
7.179765647327808153e+01,8.352317626530151529e+00
7.181766218919690914e+01,8.449863802142369096e+00
7.183766790511575095e+01,8.188631340467930286e+00
7.185767362103459277e+01,8.556829426098735425e+00
7.187767933695342037e+01,8.622554031692992282e+00
7.189768505287224798e+01,8.664482672313820188e+00
7.191769076879108979e+01,8.082614213171789075e+00
7.193769648470991740e+01,8.214344423660708827e+00
7.195770220062874500e+01,8.484013366777947596e+00
7.197770791654758682e+01,7.661216054381448259e+00
7.199771363246642863e+01,7.675198912736926005e+00
7.201771934838525624e+01,7.797970021446524846e+00
7.203772506430408384e+01,8.259676189611038666e+00
7.205773078022292566e+01,8.341082627652609105e+00
7.207773649614176747e+01,7.222330071403158414e+00
7.209774221206059508e+01,7.818908677217242698e+00
7.211774792797942268e+01,8.109068226304543714e+00
7.213775364389826450e+01,7.179280034767399954e+00
7.215775935981709210e+01,8.400013948152929899e+00
7.217776507573591971e+01,8.162108217161991419e+00
7.219777079165476152e+01,8.110875202030957354e+00
7.221777650757360334e+01,8.113926019554336122e+00
7.223778222349243094e+01,7.866055305536781006e+00
7.225778793941125855e+01,8.621813043147454891e+00
7.227779365533010036e+01,7.002124407019415742e+00
7.229779937124894218e+01,7.783983603239930105e+00
7.231780508716775557e+01,7.283257669411634438e+00
7.233781080308659739e+01,7.510281383240343445e+00
7.235781651900543920e+01,8.085786535309861023e+00
7.237782223492426681e+01,7.295927730686877055e+00
7.239782795084309441e+01,7.862393900993057017e+00
7.241783366676193623e+01,7.468267922738660580e+00
7.243783938268077804e+01,7.498051601293193258e+00
7.245784509859960565e+01,7.220116140101914937e+00
7.247785081451843325e+01,7.896925806975254147e+00
7.249785653043727507e+01,7.822054333740044996e+00
7.251786224635610267e+01,8.315130556017090058e+00
7.253786796227493028e+01,7.669617298555412077e+00
7.255787367819377209e+01,7.166239375483170804e+00
7.257787939411261391e+01,7.313687014175428658e+00
7.259788511003144151e+01,7.741900415814771286e+00
7.261789082595026912e+01,7.540750211102637657e+00
7.263789654186911093e+01,7.419042854470413673e+00
7.265790225778795275e+01,7.910428125260787979e+00
7.267790797370678035e+01,7.640189739267242430e+00
7.269791368962560796e+01,6.732559640119076150e+00
7.271791940554444977e+01,8.374300398998254735e+00
7.273792512146327738e+01,6.856904936414730756e+00
7.275793083738210498e+01,7.589202965332637163e+00
7.277793655330094680e+01,7.775520038433232806e+00
7.279794226921978861e+01,7.144719190064146019e+00
7.281794798513861622e+01,7.383944032216327003e+00
7.283795370105744382e+01,7.643389283255954680e+00
7.285795941697628564e+01,7.403549954237254482e+00
7.287796513289511324e+01,7.682780677024293681e+00
7.289797084881394085e+01,8.108495206369878971e+00
7.291797656473278266e+01,8.301786118164839579e+00
7.293798228065162448e+01,8.083557716223483069e+00
7.295798799657045208e+01,8.293159592888708076e+00
7.297799371248927969e+01,7.442675867519363386e+00
7.299799942840812150e+01,7.837827388351950475e+00
7.301800514432696332e+01,7.888448042393292781e+00
7.303801086024579092e+01,8.235926948263022851e+00
7.305801657616461853e+01,7.650632200136767480e+00
7.307802229208346034e+01,7.524173707066303507e+00
7.309802800800228795e+01,8.143949017571605609e+00
7.311803372392111555e+01,8.223120420796727004e+00
7.313803943983995737e+01,8.147604389140241210e+00
7.315804515575879918e+01,7.853372105293248140e+00
7.317805087167762679e+01,8.018619504440799517e+00
7.319805658759645439e+01,7.849606535306463684e+00
7.321806230351529621e+01,8.272233545795458554e+00
7.323806801943413802e+01,8.519270815726263990e+00
7.325807373535295142e+01,8.220836486320958869e+00
7.327807945127179323e+01,8.587805008138875706e+00
7.329808516719063505e+01,8.006590448923565972e+00
7.331809088310946265e+01,8.024540352486068784e+00
7.333809659902829026e+01,8.289043069575328104e+00
7.335810231494713207e+01,8.366913440297482296e+00
7.337810803086597389e+01,8.034592458377396440e+00
7.339811374678480149e+01,8.814576563639676010e+00
7.341811946270362910e+01,8.850465184687550391e+00
7.343812517862247091e+01,8.784753948031379878e+00
7.345813089454129852e+01,8.952910621266088498e+00
7.347813661046012612e+01,8.371252106468418219e+00
7.349814232637896794e+01,8.876197834125584052e+00
7.351814804229780975e+01,8.212342236641868354e+00
7.353815375821663736e+01,8.528859311074469929e+00
7.355815947413546496e+01,9.147407841040516630e+00
7.357816519005430678e+01,8.062053814970941090e+00
7.359817090597314859e+01,8.449042615437841519e+00
7.361817662189197620e+01,8.759900618520248372e+00
7.363818233781080380e+01,9.255128326918757864e+00
7.365818805372964562e+01,9.470477200138502027e+00
7.367819376964847322e+01,8.663460744468569175e+00
7.369819948556730083e+01,8.380245172585407687e+00
7.371820520148614264e+01,8.824336335152967337e+00
7.373821091740498446e+01,8.842369672053330021e+00
7.375821663332381206e+01,9.187228811129724448e+00
7.377822234924263967e+01,8.105201520545360694e+00
7.379822806516148148e+01,8.185379568509592474e+00
7.381823378108030909e+01,8.541357635809280424e+00
7.383823949699913669e+01,8.025531619856579368e+00
7.385824521291797851e+01,8.878369169260253102e+00
7.387825092883682032e+01,9.071554997901408512e+00
7.389825664475564793e+01,7.490490902834849862e+00
7.391826236067447553e+01,9.154130196327644242e+00
7.393826807659331735e+01,8.229532302152879453e+00
7.395827379251215916e+01,8.250587104135945538e+00
7.397827950843098677e+01,7.572575536781860350e+00
7.399828522434981437e+01,8.538666682945915909e+00
7.401829094026865619e+01,7.856583537832339204e+00
7.403829665618748379e+01,8.705394037513718430e+00
7.405830237210632561e+01,7.571481784621095557e+00
7.407830808802515321e+01,8.552151160771687799e+00
7.409831380394398082e+01,8.284694522668083039e+00
7.411831951986282263e+01,8.153783749066246145e+00
7.413832523578165024e+01,8.164603858914196266e+00
7.415833095170049205e+01,8.223759939842565814e+00
7.417833666761931966e+01,7.383871520543499045e+00
7.419834238353816147e+01,7.435832793697358056e+00
7.421834809945698908e+01,7.779558325425579568e+00
7.423835381537583089e+01,7.614172200798838830e+00
7.425835953129465850e+01,7.700997946290849328e+00
7.427836524721348610e+01,7.845062950151657333e+00
7.429837096313232792e+01,8.009380913361432874e+00
7.431837667905115552e+01,7.065280935309226074e+00
7.433838239496999734e+01,7.746098437583345486e+00
7.435838811088882494e+01,8.140141734391775685e+00
7.437839382680766676e+01,7.854055602792221258e+00
7.439839954272649436e+01,8.527110943276188237e+00
7.441840525864533618e+01,7.844785927142261528e+00
7.443841097456416378e+01,7.946757906334628530e+00
7.445841669048300560e+01,8.169752222137235620e+00
7.447842240640183320e+01,7.643283234417890704e+00
7.449842812232066080e+01,8.432690977809143007e+00
7.451843383823950262e+01,7.803049146537301084e+00
7.453843955415833022e+01,8.151364733203628532e+00
7.455844527007717204e+01,7.135830827913722807e+00
7.457845098599599964e+01,8.133835035773998356e+00
7.459845670191484146e+01,8.064788220763626114e+00
7.461846241783366906e+01,7.367837875187777996e+00
7.463846813375251088e+01,7.872490911919996392e+00
7.465847384967133848e+01,8.213399335754482777e+00
7.467847956559016609e+01,7.869858021895113964e+00
7.469848528150900790e+01,7.501137064296911738e+00
7.471849099742783551e+01,8.061594092592699212e+00
7.473849671334667732e+01,8.248119764636276940e+00
7.475850242926550493e+01,7.940869523342821701e+00
7.477850814518434674e+01,7.437629609951059706e+00
7.479851386110317435e+01,7.516821866869451974e+00
7.481851957702201616e+01,7.216860590454157176e+00
7.483852529294084377e+01,7.323445917763382162e+00
7.485853100885967137e+01,7.780132419708716718e+00
7.487853672477851319e+01,7.082893194797740932e+00
7.489854244069734079e+01,6.959362277999428414e+00
7.491854815661618261e+01,7.091550966959895952e+00
7.493855387253501021e+01,7.311165897564091409e+00
7.495855958845385203e+01,7.422340300502178856e+00
7.497856530437267963e+01,7.062668653744181846e+00
7.499857102029152145e+01,7.696145642468673387e+00
7.501857673621034905e+01,7.579448060528340747e+00
7.503858245212917666e+01,7.940308399979127074e+00
7.505858816804801847e+01,7.398270865752399672e+00
7.507859388396684608e+01,8.317327189796760223e+00
7.509859959988568789e+01,7.662265817275905277e+00
7.511860531580451550e+01,7.567789926144003587e+00
7.513861103172335731e+01,7.302983380368530675e+00
7.515861674764218492e+01,7.641036514541651670e+00
7.517862246356102673e+01,7.843576469958676078e+00
7.519862817947985434e+01,8.016620980263535756e+00
7.521863389539868194e+01,6.986856015599196112e+00
7.523863961131752376e+01,7.805265813101425643e+00
7.525864532723635136e+01,7.396312611663149461e+00
7.527865104315519318e+01,7.939821899008778772e+00
7.529865675907402078e+01,7.068084012843097952e+00
7.531866247499286260e+01,7.564854399005528585e+00
7.533866819091169020e+01,7.717582288902729459e+00
7.535867390683053202e+01,7.174874323108330287e+00
7.537867962274935962e+01,7.841076927087640591e+00
7.539868533866820144e+01,7.639247513255497779e+00
7.541869105458702904e+01,7.376126767117889393e+00
7.543869677050585665e+01,7.833763805408419323e+00
7.545870248642469846e+01,7.500199711448520823e+00
7.547870820234352607e+01,7.555775143688469697e+00
7.549871391826236788e+01,8.113145033970750930e+00
7.551871963418119549e+01,7.571549827857738002e+00
7.553872535010003730e+01,8.083820714616612335e+00
7.555873106601886491e+01,8.073733575174818711e+00
7.557873678193770672e+01,7.691792195969972212e+00
7.559874249785653433e+01,7.431030780373415467e+00
7.561874821377536193e+01,7.964353387965412701e+00
7.563875392969420375e+01,7.677237602471494782e+00
7.565875964561303135e+01,7.424723146554228492e+00
7.567876536153187317e+01,7.863206590621187431e+00
7.569877107745070077e+01,8.044562328480708402e+00
7.571877679336954259e+01,8.322497809315555273e+00
7.573878250928837019e+01,8.256863600500212286e+00
7.575878822520721201e+01,8.016524819220082421e+00
7.577879394112603961e+01,7.642804298730938584e+00
7.579879965704486722e+01,7.960930007765867344e+00
7.581880537296370903e+01,7.708177989072252601e+00
7.583881108888253664e+01,8.585210036035475056e+00
7.585881680480137845e+01,7.691449021787533979e+00
7.587882252072020606e+01,8.100875866969619921e+00
7.589882823663904787e+01,8.070116933934524894e+00
7.591883395255787548e+01,8.106623477008469081e+00
7.593883966847671729e+01,8.690455688515688948e+00
7.595884538439554490e+01,7.483072632936789148e+00
7.597885110031437250e+01,7.952232740672137368e+00
7.599885681623321432e+01,8.609755410372816442e+00
7.601886253215204192e+01,8.484726071972756856e+00
7.603886824807088374e+01,7.510132133325528869e+00
7.605887396398971134e+01,8.515825587123607932e+00
7.607887967990855316e+01,7.808612521679050289e+00
7.609888539582738076e+01,7.572106526526619419e+00
7.611889111174622258e+01,7.984176985341004951e+00
7.613889682766505018e+01,7.246379184057874845e+00
7.615890254358387779e+01,8.829013497818088752e+00
7.617890825950271960e+01,7.656499816275045944e+00
7.619891397542154721e+01,8.112594044532578152e+00
7.621891969134038902e+01,7.919599729508699504e+00
7.623892540725921663e+01,8.033420614604208865e+00
7.625893112317805844e+01,8.833000724761781441e+00
7.627893683909688605e+01,9.017271593708528599e+00
7.629894255501572786e+01,8.462541836110307969e+00
7.631894827093455547e+01,8.846315614512572978e+00
7.633895398685339728e+01,8.842323305373536613e+00
7.635895970277222489e+01,8.006058793378219463e+00
7.637896541869105249e+01,8.481130374770470937e+00
7.639897113460989431e+01,9.019388077957831484e+00
7.641897685052872191e+01,9.579339860479819890e+00
7.643898256644756373e+01,1.053866275339456138e+01
7.645898828236639133e+01,1.010032599359040084e+01
7.647899399828523315e+01,1.009732706435139704e+01
7.649899971420406075e+01,1.107631057907622818e+01
7.651900543012290257e+01,1.119187118559788452e+01
7.653901114604173017e+01,1.127692631050038585e+01
7.655901686196055778e+01,1.213343219656327321e+01
7.657902257787939959e+01,1.294194972616972095e+01
7.659902829379822720e+01,1.394489963058822468e+01
7.661903400971706901e+01,1.470967035146995094e+01
7.663903972563589662e+01,1.518257271903038585e+01
7.665904544155473843e+01,1.383936799660585670e+01
7.667905115747356604e+01,1.465996403808959947e+01
7.669905687339240785e+01,1.531645006233871342e+01
7.671906258931123546e+01,1.574092603251186162e+01
7.673906830523006306e+01,1.612212783903580160e+01
7.675907402114890488e+01,1.618529119965392127e+01
7.677907973706773248e+01,1.579605783673882158e+01
7.679908545298657430e+01,1.530310626580303790e+01
7.681909116890540190e+01,1.439522462319763463e+01
7.683909688482424372e+01,1.473920308026570503e+01
7.685910260074307132e+01,1.395771396082713345e+01
7.687910831666191314e+01,1.373331076294378761e+01
7.689911403258074074e+01,1.330605306280456723e+01
7.691911974849956835e+01,1.301770020194070554e+01
7.693912546441841016e+01,1.267743346911009183e+01
7.695913118033723777e+01,1.204055039765585455e+01
7.697913689625607958e+01,1.184714374192361674e+01
7.699914261217490719e+01,1.184130446173887563e+01
7.701914832809374900e+01,1.093845694286891046e+01
7.703915404401257661e+01,1.081061949141834866e+01
7.705915975993141842e+01,1.098537898719072459e+01
7.707916547585024603e+01,1.071439991220244536e+01
7.709917119176907363e+01,9.681903752222005721e+00
7.711917690768791545e+01,9.545684939656576162e+00
7.713918262360674305e+01,9.754006330591980856e+00
7.715918833952558487e+01,9.883341981465653348e+00
7.717919405544441247e+01,8.953819220829005943e+00
7.719919977136325429e+01,9.372092917356471986e+00
7.721920548728208189e+01,9.142825908995847684e+00
7.723921120320092371e+01,9.069450749994866001e+00
7.725921691911975131e+01,9.487528190759309865e+00
7.727922263503859313e+01,8.954077576141788342e+00
7.729922835095742073e+01,9.084780076782479341e+00
7.731923406687624833e+01,9.369931985824221599e+00
7.733923978279509015e+01,8.598334458739167019e+00
7.735924549871391775e+01,8.446666518153804759e+00
7.737925121463275957e+01,8.535691546104585470e+00
7.739925693055158717e+01,8.882330853547141913e+00
7.741926264647042899e+01,9.144912323331471526e+00
7.743926836238925659e+01,8.950509998040121928e+00
7.745927407830809841e+01,8.942986258801994381e+00
7.747927979422692601e+01,8.449132531600447749e+00
7.749928551014575362e+01,8.513027497499916052e+00
7.751929122606459543e+01,9.451708709145272280e+00
7.753929694198342304e+01,8.875116851160495202e+00
7.755930265790226485e+01,8.333131666943224047e+00
7.757930837382109246e+01,8.607239324692699256e+00
7.759931408973993427e+01,8.441214350697165969e+00
7.761931980565876188e+01,8.551443872470930074e+00
7.763932552157760369e+01,8.791752859260881792e+00
7.765933123749643130e+01,8.146856363773112619e+00
7.767933695341525890e+01,8.016701670861385409e+00
7.769934266933410072e+01,8.710822866102004625e+00
7.771934838525292832e+01,8.722391357714164073e+00
7.773935410117177014e+01,9.756635793642576715e+00
7.775935981709059774e+01,9.192060570823080923e+00
7.777936553300943956e+01,8.623836047457942300e+00
7.779937124892826716e+01,9.159813146044927024e+00
7.781937696484710898e+01,8.325121242339886152e+00
7.783938268076593658e+01,8.323521897966561056e+00
7.785938839668476419e+01,9.396120323535415153e+00
7.787939411260360600e+01,8.529130611340086432e+00
7.789939982852243361e+01,8.830927707544425687e+00
7.791940554444127542e+01,8.999030305381003458e+00
7.793941126036010303e+01,8.759278724924671522e+00
7.795941697627894484e+01,9.002643180700555803e+00
7.797942269219777245e+01,8.798706971199816707e+00
7.799942840811661426e+01,8.879534848903173128e+00
7.801943412403544187e+01,8.863517059859507441e+00
7.803943983995426947e+01,8.157168326496462285e+00
7.805944555587311129e+01,8.277680066297879335e+00
7.807945127179193889e+01,7.921321184264692228e+00
7.809945698771078071e+01,9.051306474258524304e+00
7.811946270362960831e+01,8.548925220165992656e+00
7.813946841954845013e+01,8.541854138792164264e+00
7.815947413546727773e+01,9.076446793671394175e+00
7.817947985138611955e+01,8.721452283099214497e+00
7.819948556730494715e+01,8.164603884113311949e+00
7.821949128322378897e+01,8.099722965027005728e+00
7.823949699914261657e+01,8.261886608680155675e+00
7.825950271506144418e+01,8.504658311121172432e+00
7.827950843098028599e+01,8.512589364833676342e+00
7.829951414689911360e+01,7.838053985604400253e+00
7.831951986281795541e+01,8.119391703286570561e+00
7.833952557873678302e+01,8.656524898648390476e+00
7.835953129465562483e+01,7.659815325053246582e+00
7.837953701057445244e+01,8.193962702133241294e+00
7.839954272649329425e+01,7.960557236388162927e+00
7.841954844241212186e+01,7.643784317817605256e+00
7.843955415833094946e+01,8.521076489448031310e+00
7.845955987424979128e+01,7.810400543745414481e+00
7.847956559016861888e+01,7.696663723504194365e+00
7.849957130608746070e+01,7.416295391555802752e+00
7.851957702200628830e+01,8.013085128802012846e+00
7.853958273792513012e+01,7.302273964503354975e+00
7.855958845384395772e+01,7.241168549534904741e+00
7.857959416976279954e+01,7.949893575996041406e+00
7.859959988568162714e+01,7.945566048970794881e+00
7.861960560160045475e+01,8.104116205832625042e+00
7.863961131751929656e+01,8.053115733907576512e+00
7.865961703343812417e+01,7.275859294615012018e+00
7.867962274935696598e+01,8.229479950127711163e+00
7.869962846527579359e+01,8.499121457369239963e+00
7.871963418119463540e+01,7.577928675906463241e+00
7.873963989711346301e+01,7.294906263674059588e+00
7.875964561303230482e+01,7.168005831121330829e+00
7.877965132895113243e+01,7.381876884384448445e+00
7.879965704486996003e+01,6.907470854432412821e+00
7.881966276078880185e+01,7.639191588150874068e+00
7.883966847670762945e+01,7.546464315777180687e+00
7.885967419262647127e+01,7.814903032119689286e+00
7.887967990854529887e+01,7.311336877877516294e+00
7.889968562446414069e+01,7.566162645610917892e+00
7.891969134038296829e+01,7.698477518634945227e+00
7.893969705630181011e+01,7.961006959211651690e+00
7.895970277222063771e+01,7.115526795952057171e+00
7.897970848813946532e+01,7.642329316903702541e+00
7.899971420405830713e+01,7.580883541392816838e+00
7.901971991997713474e+01,7.807493836378408325e+00
7.903972563589597655e+01,7.188285512493376217e+00
7.905973135181480416e+01,7.831973259755240058e+00
7.907973706773364597e+01,7.755326659018219715e+00
7.909974278365247358e+01,8.248882860034076003e+00
7.911974849957131539e+01,8.624606450175289041e+00
7.913975421549014300e+01,8.139187640926229150e+00
7.915975993140898481e+01,7.840296509388360313e+00
7.917976564732781242e+01,7.529804108481016556e+00
7.919977136324664002e+01,7.447655355042988035e+00
7.921977707916548184e+01,7.150359608172839110e+00
7.923978279508430944e+01,7.426333589487428277e+00
7.925978851100315126e+01,8.331394901692480204e+00
7.927979422692197886e+01,8.231830141534851819e+00
7.929979994284082068e+01,8.606558215088528030e+00
7.931980565875964828e+01,8.246499284199213520e+00
7.933981137467849010e+01,7.737037791049298008e+00
7.935981709059731770e+01,8.106341009581965906e+00
7.937982280651614531e+01,8.936928833088517266e+00
7.939982852243498712e+01,8.220646422482554172e+00
7.941983423835381473e+01,8.811519242610630798e+00
7.943983995427265654e+01,9.228648406560930439e+00
7.945984567019148415e+01,8.275716370270021827e+00
7.947985138611032596e+01,9.094230776061660748e+00
7.949985710202915357e+01,8.312244606008885484e+00
7.951986281794799538e+01,9.494548569784765135e+00
7.953986853386682299e+01,9.546801026423782588e+00
7.955987424978565059e+01,9.468323226575421359e+00
7.957987996570449241e+01,9.430483066953676996e+00
7.959988568162332001e+01,9.470573104685097832e+00
7.961989139754216183e+01,1.032957403767204596e+01
7.963989711346098943e+01,1.024080282122114482e+01
7.965990282937983125e+01,1.022071795628825619e+01
7.967990854529865885e+01,1.020823071256997494e+01
7.969991426121750067e+01,1.037433320484025501e+01
7.971991997713632827e+01,9.928036037358449306e+00
7.973992569305515588e+01,9.670814097726928793e+00
7.975993140897399769e+01,9.410513577603500934e+00
7.977993712489282530e+01,9.635306374827109721e+00
7.979994284081166711e+01,9.031456516261325618e+00
7.981994855673049472e+01,8.750707127525918949e+00
7.983995427264933653e+01,9.035746635919020164e+00
7.985995998856816414e+01,8.001880669628334886e+00
7.987996570448700595e+01,9.314181639936574442e+00
7.989997142040583356e+01,8.689337026337419445e+00
7.991997713632466116e+01,7.358144329100355208e+00
7.993998285224350298e+01,8.136565566178230569e+00
7.995998856816233058e+01,7.032309067937278613e+00
7.997999428408117240e+01,6.988137264384978842e+00
8.000000000000000000e+01,6.672208024811705940e+00
