angle,intensity
1.000000000000000000e+01,1.329343056534657741e+01
1.002000571591883471e+01,1.998272332270118312e+01
1.004001143183766764e+01,2.025449963776173234e+01
1.006001714775650235e+01,2.139321865886075358e+01
1.008002286367533529e+01,2.029977894113963899e+01
1.010002857959417000e+01,2.067839963102916556e+01
1.012003429551300293e+01,2.237842090988345589e+01
1.014004001143183764e+01,2.201642182012014715e+01
1.016004572735067235e+01,2.257084378200865160e+01
1.018005144326950528e+01,2.337627550183172076e+01
1.020005715918833999e+01,2.290095689384946454e+01
1.022006287510717293e+01,2.413562042857200751e+01
1.024006859102600764e+01,2.384118529880896631e+01
1.026007430694484057e+01,2.473603784503930925e+01
1.028008002286367528e+01,2.475467463081507802e+01
1.030008573878250999e+01,2.532540154810917343e+01
1.032009145470134293e+01,2.590915610727513396e+01
1.034009717062017764e+01,2.593373864855680466e+01
1.036010288653901057e+01,2.686184707748293121e+01
1.038010860245784528e+01,2.688371125093590663e+01
1.040011431837667999e+01,2.818766222528387644e+01
1.042012003429551292e+01,2.831061214673912829e+01
1.044012575021434763e+01,2.837157628349405059e+01
1.046013146613318057e+01,2.854120384164431456e+01
1.048013718205201528e+01,2.951396058373197562e+01
1.050014289797084821e+01,2.989768323556468133e+01
1.052014861388968292e+01,3.055442448775874809e+01
1.054015432980851585e+01,3.074851129588486742e+01
1.056016004572735056e+01,3.177763574191877893e+01
1.058016576164618527e+01,3.247668207000536000e+01
1.060017147756501821e+01,3.188755430979951910e+01
1.062017719348385292e+01,3.391396403344074173e+01
1.064018290940268585e+01,3.318795423499306452e+01
1.066018862532152056e+01,3.430954803500435446e+01
1.068019434124035527e+01,3.517952341643385239e+01
1.070020005715918820e+01,3.505296480073409526e+01
1.072020577307802292e+01,3.667918041661348383e+01
1.074021148899685585e+01,3.709592963509474828e+01
1.076021720491569056e+01,3.766195475075934240e+01
1.078022292083452349e+01,3.764576839558341703e+01
1.080022863675335820e+01,3.909090357921390080e+01
1.082023435267219291e+01,3.897092298548989930e+01
1.084024006859102585e+01,4.039232832226691983e+01
1.086024578450986056e+01,4.099506675751865004e+01
1.088025150042869349e+01,4.172666309118840644e+01
1.090025721634752820e+01,4.219763914169269725e+01
1.092026293226636113e+01,4.270339181438427545e+01
1.094026864818519584e+01,4.314025890498825078e+01
1.096027436410403055e+01,4.512072824914229585e+01
1.098028008002286349e+01,4.544221731649354012e+01
1.100028579594169820e+01,4.650328731315737940e+01
1.102029151186053113e+01,4.625664877223510985e+01
1.104029722777936584e+01,4.741517721396673579e+01
1.106030294369819877e+01,4.813693060727790396e+01
1.108030865961703348e+01,4.934230455023316608e+01
1.110031437553586819e+01,4.931220548617805122e+01
1.112032009145470113e+01,5.021509421152892827e+01
1.114032580737353584e+01,5.082563774763874420e+01
1.116033152329236877e+01,5.162028270521235385e+01
1.118033723921120348e+01,5.157757297962908893e+01
1.120034295513003642e+01,5.219678328176333082e+01
1.122034867104887113e+01,5.214266175975616591e+01
1.124035438696770584e+01,5.274817132459399716e+01
1.126036010288653877e+01,5.204171054684766773e+01
1.128036581880537348e+01,5.269722348778265086e+01
1.130037153472420641e+01,5.206724505511949985e+01
1.132037725064304112e+01,5.210018368792540144e+01
1.134038296656187583e+01,5.198490906989739102e+01
1.136038868248070877e+01,5.123473255749108546e+01
1.138039439839954348e+01,5.052516636351792556e+01
1.140040011431837641e+01,4.948253716479194964e+01
1.142040583023721112e+01,4.783308231339009353e+01
1.144041154615604405e+01,4.597875228910299938e+01
1.146041726207487876e+01,4.543534560559069035e+01
1.148042297799371170e+01,4.198380013892041518e+01
1.150042869391254641e+01,4.045456293531810132e+01
1.152043440983138112e+01,3.839516213376064968e+01
1.154044012575021405e+01,3.538172227578996853e+01
1.156044584166904876e+01,3.303273321428442699e+01
1.158045155758788169e+01,3.077001602478091513e+01
1.160045727350671640e+01,2.820274660852096815e+01
1.162046298942555111e+01,2.435135876493334450e+01
1.164046870534438405e+01,2.182361509928178478e+01
1.166047442126321876e+01,2.013661679879365707e+01
1.168048013718205169e+01,1.821074557847243724e+01
1.170048585310088640e+01,1.689994044063847412e+01
1.172049156901971934e+01,1.555817207659878676e+01
1.174049728493855405e+01,1.442656055679135818e+01
1.176050300085738698e+01,1.341469967022212195e+01
1.178050871677622169e+01,1.137695397528286811e+01
1.180051443269505640e+01,1.112016474240984287e+01
1.182052014861388933e+01,1.018600099689058247e+01
1.184052586453272404e+01,1.031784229637667849e+01
1.186053158045155698e+01,9.707192197032966874e+00
1.188053729637039169e+01,9.553998784713961356e+00
1.190054301228922640e+01,9.010639425506656863e+00
1.192054872820805933e+01,8.989839696541981340e+00
1.194055444412689404e+01,9.454373617712649391e+00
1.196056016004572697e+01,8.092874680212528204e+00
1.198056587596456168e+01,8.571870498127491800e+00
1.200057159188339639e+01,8.642492649353583190e+00
1.202057730780222933e+01,8.228077071688236543e+00
1.204058302372106226e+01,8.453104402258688310e+00
1.206058873963989697e+01,8.883222583746126944e+00
1.208059445555873168e+01,8.050997096426611321e+00
1.210060017147756461e+01,8.672420102888764859e+00
1.212060588739639932e+01,8.328332391341032093e+00
1.214061160331523226e+01,8.074047528981495248e+00
1.216061731923406697e+01,7.898127165532015326e+00
1.218062303515290168e+01,7.688678174232810747e+00
1.220062875107173461e+01,8.487541137966019278e+00
1.222063446699056932e+01,8.267694038822403613e+00
1.224064018290940226e+01,8.510374350195910154e+00
1.226064589882823697e+01,8.513250914369361766e+00
1.228065161474707168e+01,8.124916453512216918e+00
1.230065733066590461e+01,8.309712860379539379e+00
1.232066304658473754e+01,7.402896078939216196e+00
1.234066876250357225e+01,7.931138123874421630e+00
1.236067447842240696e+01,8.592453619942105547e+00
1.238068019434123990e+01,8.244855709265790367e+00
1.240068591026007461e+01,8.240169960571270380e+00
1.242069162617890754e+01,8.445625806136417779e+00
1.244069734209774225e+01,8.235082167716576862e+00
1.246070305801657696e+01,8.084815094356629928e+00
1.248070877393540989e+01,9.020872198368468986e+00
1.250071448985424460e+01,7.852370203003538052e+00
1.252072020577307754e+01,8.705506396863848195e+00
1.254072592169191225e+01,8.222271208854859736e+00
1.256073163761074696e+01,8.353771035558064995e+00
1.258073735352957989e+01,7.741812607455045736e+00
1.260074306944841460e+01,8.561655827651946993e+00
1.262074878536724754e+01,8.071687286279344065e+00
1.264075450128608225e+01,8.044359787662674677e+00
1.266076021720491518e+01,8.500004228265208184e+00
1.268076593312374989e+01,8.805459284603804448e+00
1.270077164904258282e+01,8.743246391205943269e+00
1.272077736496141753e+01,8.704761787826681640e+00
1.274078308088025224e+01,7.682382188213030538e+00
1.276078879679908518e+01,8.476299754182196722e+00
1.278079451271791989e+01,8.093009211776145406e+00
1.280080022863675282e+01,7.916927719550809428e+00
1.282080594455558753e+01,8.047690375630788040e+00
1.284081166047442224e+01,7.651211729867627653e+00
1.286081737639325517e+01,8.392080682085573784e+00
1.288082309231208988e+01,7.966158535252503725e+00
1.290082880823092282e+01,8.110873364689847875e+00
1.292083452414975753e+01,8.299411600041525006e+00
1.294084024006859224e+01,8.504495089091124171e+00
1.296084595598742517e+01,7.902608422309175928e+00
1.298085167190625810e+01,8.476759979013120727e+00
1.300085738782509281e+01,7.384710677182214411e+00
1.302086310374392752e+01,7.133270345107046495e+00
1.304086881966276046e+01,7.186235533572815193e+00
1.306087453558159517e+01,7.346375542517112223e+00
1.308088025150042810e+01,7.900975240227461782e+00
1.310088596741926281e+01,7.203963910280125837e+00
1.312089168333809752e+01,7.005647579246226719e+00
1.314089739925693046e+01,6.966266300977494552e+00
1.316090311517576517e+01,6.842230343209076970e+00
1.318090883109459810e+01,6.363473984254072846e+00
1.320091454701343281e+01,6.215165521816975236e+00
1.322092026293226752e+01,5.898418588681689556e+00
1.324092597885110045e+01,6.038026889467406733e+00
1.326093169476993339e+01,5.543565079206104862e+00
1.328093741068876810e+01,5.033316536872418645e+00
1.330094312660760281e+01,5.343074418721334595e+00
1.332094884252643574e+01,5.582295244222992281e+00
1.334095455844527045e+01,5.393775227628823998e+00
1.336096027436410338e+01,4.853579737212552203e+00
1.338096599028293809e+01,4.940902056182091329e+00
1.340097170620177280e+01,4.879009582202737505e+00
1.342097742212060574e+01,5.725157455699108944e+00
1.344098313803944045e+01,5.584831933845373797e+00
1.346098885395827338e+01,4.513460852828515613e+00
1.348099456987710809e+01,4.428115105064339474e+00
1.350100028579594280e+01,5.435739108439872069e+00
1.352100600171477573e+01,4.939744977180366980e+00
1.354101171763361044e+01,4.917663683417384135e+00
1.356101743355244338e+01,4.682647350630183780e+00
1.358102314947127809e+01,5.632560596912007611e+00
1.360102886539011102e+01,4.916243804499691450e+00
1.362103458130894573e+01,4.780939145108950683e+00
1.364104029722777867e+01,5.239509603990999409e+00
1.366104601314661338e+01,5.012307558551905018e+00
1.368105172906544809e+01,4.690252926699674418e+00
1.370105744498428102e+01,5.271300230207508264e+00
1.372106316090311573e+01,5.003037238889326943e+00
1.374106887682194866e+01,5.235622355529825356e+00
1.376107459274078337e+01,4.564185455459035090e+00
1.378108030865961808e+01,4.911226440949148397e+00
1.380108602457845102e+01,5.429402174973317230e+00
1.382109174049728573e+01,4.736242421771003741e+00
1.384109745641611866e+01,5.074186563627594460e+00
1.386110317233495337e+01,4.977125473244953469e+00
1.388110888825378808e+01,5.328560787527626630e+00
1.390111460417262101e+01,5.233290899221630710e+00
1.392112032009145395e+01,4.737750798985078227e+00
1.394112603601028866e+01,4.770260471627150167e+00
1.396113175192912337e+01,4.957446886800256358e+00
1.398113746784795630e+01,5.584748665587927263e+00
1.400114318376679101e+01,4.842020494919893281e+00
1.402114889968562395e+01,5.183762342550333635e+00
1.404115461560445866e+01,5.083964907199911565e+00
1.406116033152329337e+01,5.511536644731432233e+00
1.408116604744212630e+01,4.921731307885272244e+00
1.410117176336095923e+01,5.218861165460434215e+00
1.412117747927979394e+01,5.689542965512078609e+00
1.414118319519862865e+01,5.201596533771045472e+00
1.416118891111746336e+01,5.296877449573280217e+00
1.418119462703629630e+01,5.418787307326979885e+00
1.420120034295512923e+01,5.170758678771580463e+00
1.422120605887396394e+01,4.899424006345266314e+00
1.424121177479279865e+01,4.708278822413421771e+00
1.426121749071163336e+01,5.677245414151145475e+00
1.428122320663046629e+01,5.379240571320350384e+00
1.430122892254929923e+01,5.826692453474199951e+00
1.432123463846813394e+01,5.183305072652748535e+00
1.434124035438696865e+01,6.069898622926841014e+00
1.436124607030580158e+01,5.832063723172810299e+00
1.438125178622463629e+01,6.258343933450775332e+00
1.440125750214346922e+01,5.784576950361639547e+00
1.442126321806230393e+01,6.195107532297111419e+00
1.444126893398113864e+01,6.004674841912068572e+00
1.446127464989997158e+01,6.250671214921435848e+00
1.448128036581880451e+01,5.818067130323557379e+00
1.450128608173763922e+01,6.787999501092698118e+00
1.452129179765647393e+01,6.467286630523384261e+00
1.454129751357530864e+01,6.053519828152162496e+00
1.456130322949414158e+01,7.006160072742741107e+00
1.458130894541297451e+01,6.518205548872131772e+00
1.460131466133180922e+01,6.042333610560417512e+00
1.462132037725064393e+01,6.567004944074943396e+00
1.464132609316947686e+01,7.189585715197106097e+00
1.466133180908831157e+01,6.725659968349830820e+00
1.468133752500714451e+01,6.969354666244724328e+00
1.470134324092597922e+01,7.807496646339723512e+00
1.472134895684481393e+01,8.133183462568979394e+00
1.474135467276364686e+01,7.518153261319536540e+00
1.476136038868247979e+01,8.778802395130259839e+00
1.478136610460131450e+01,8.884684045558234544e+00
1.480137182052014921e+01,9.027948585096103429e+00
1.482137753643898392e+01,8.186929252850870142e+00
1.484138325235781686e+01,9.013861635455651111e+00
1.486138896827664979e+01,9.341652758743975937e+00
1.488139468419548450e+01,9.257412019390788060e+00
1.490140040011431921e+01,9.724814365513495318e+00
1.492140611603315392e+01,1.026518825850135208e+01
1.494141183195198685e+01,1.021387639593881502e+01
1.496141754787081979e+01,1.027589747131849407e+01
1.498142326378965450e+01,1.045291792249249418e+01
1.500142897970848921e+01,1.124519506000668834e+01
1.502143469562732214e+01,1.075276500710075922e+01
1.504144041154615508e+01,1.128744972773536048e+01
1.506144612746498979e+01,1.240827290641347425e+01
1.508145184338382450e+01,1.182361136449183014e+01
1.510145755930265921e+01,1.306755539710489167e+01
1.512146327522149214e+01,1.239745727534616293e+01
1.514146899114032507e+01,1.376722002270332013e+01
1.516147470705915978e+01,1.380886880211576084e+01
1.518148042297799449e+01,1.314430522792798861e+01
1.520148613889682920e+01,1.494965990156163826e+01
1.522149185481566214e+01,1.459266989610572196e+01
1.524149757073449507e+01,1.505419823669143398e+01
1.526150328665332978e+01,1.538082436085378646e+01
1.528150900257216449e+01,1.641718408861753531e+01
1.530151471849099742e+01,1.631562928570748738e+01
1.532152043440983036e+01,1.651868373873301721e+01
1.534152615032866507e+01,1.703094456688053171e+01
1.536153186624749978e+01,1.691664919518084176e+01
1.538153758216633449e+01,1.770761510524018689e+01
1.540154329808516742e+01,1.806249584612921666e+01
1.542154901400400036e+01,1.873755113041451992e+01
1.544155472992283507e+01,1.939463747239509672e+01
1.546156044584166978e+01,1.943026257716669747e+01
1.548156616176050449e+01,2.036020656699853149e+01
1.550157187767933742e+01,2.060409211543691299e+01
1.552157759359817035e+01,2.235028135084422374e+01
1.554158330951700506e+01,2.154683624107597950e+01
1.556158902543583977e+01,2.219500956101517630e+01
1.558159474135467271e+01,2.338251047180750319e+01
1.560160045727350742e+01,2.385833557113625858e+01
1.562160617319234035e+01,2.475483316855940430e+01
1.564161188911117506e+01,2.538238470901940858e+01
1.566161760503000977e+01,2.568378173548490295e+01
1.568162332094884270e+01,2.713687024645708235e+01
1.570162903686767564e+01,2.774123530590230047e+01
1.572163475278651035e+01,2.742476365350219325e+01
1.574164046870534506e+01,2.882868924135098965e+01
1.576164618462417977e+01,2.986442167502198686e+01
1.578165190054301270e+01,3.109601404205270825e+01
1.580165761646184563e+01,3.183608980026313162e+01
1.582166333238068034e+01,3.171163501953942898e+01
1.584166904829951505e+01,3.242898245976059712e+01
1.586167476421834799e+01,3.353271837301742408e+01
1.588168048013718270e+01,3.417107839613694864e+01
1.590168619605601563e+01,3.503016169984101680e+01
1.592169191197485034e+01,3.574266839374094928e+01
1.594169762789368505e+01,3.616544061185398107e+01
1.596170334381251799e+01,3.743922187852648875e+01
1.598170905973135092e+01,3.759526144583110607e+01
1.600171477565018563e+01,3.954137080046549357e+01
1.602172049156902034e+01,3.952417231240772821e+01
1.604172620748785505e+01,3.983227678338992206e+01
1.606173192340668976e+01,4.096288428702288797e+01
1.608173763932552092e+01,4.158848020559454994e+01
1.610174335524435563e+01,4.208917365668411747e+01
1.612174907116319034e+01,4.210079140232044637e+01
1.614175478708202505e+01,4.248004581124946100e+01
1.616176050300085620e+01,4.138895337740490987e+01
1.618176621891969091e+01,4.156531364596746414e+01
1.620177193483852562e+01,4.077738717424549719e+01
1.622177765075736033e+01,4.044601212432090165e+01
1.624178336667619504e+01,3.898797250639271539e+01
1.626178908259502620e+01,3.735780557453736606e+01
1.628179479851386091e+01,3.616424776926758256e+01
1.630180051443269562e+01,3.398551058350479082e+01
1.632180623035153033e+01,3.234507473593108529e+01
1.634181194627036149e+01,3.014784586341757944e+01
1.636181766218919620e+01,2.880454940622046678e+01
1.638182337810803091e+01,2.629294106624466565e+01
1.640182909402686562e+01,2.464163135631419266e+01
1.642183480994570033e+01,2.316353378410260788e+01
1.644184052586453504e+01,2.071855958116682928e+01
1.646184624178336620e+01,1.950208152799220329e+01
1.648185195770220091e+01,1.867046096265231725e+01
1.650185767362103562e+01,1.772483411530145503e+01
1.652186338953986677e+01,1.569958658998713474e+01
1.654186910545870148e+01,1.541830740456624582e+01
1.656187482137753619e+01,1.422936636945264866e+01
1.658188053729637090e+01,1.407533718514197929e+01
1.660188625321520561e+01,1.440288473262455682e+01
1.662189196913404032e+01,1.338213386366500757e+01
1.664189768505287148e+01,1.313651576686054767e+01
1.666190340097170619e+01,1.244921591217893564e+01
1.668190911689054090e+01,1.233016276918301912e+01
1.670191483280937561e+01,1.266814968890578541e+01
1.672192054872820677e+01,1.275589645367023373e+01
1.674192626464704148e+01,1.312940877613708679e+01
1.676193198056587619e+01,1.309307606724217266e+01
1.678193769648471090e+01,1.231259724161168734e+01
1.680194341240354561e+01,1.143426257275618596e+01
1.682194912832238032e+01,1.218720990806722249e+01
1.684195484424121148e+01,1.254138834069094344e+01
1.686196056016004619e+01,1.175814216477164109e+01
1.688196627607888090e+01,1.157745430052515978e+01
1.690197199199771205e+01,1.127862327030399570e+01
1.692197770791654676e+01,1.061171423803993008e+01
1.694198342383538147e+01,1.042853275133053614e+01
1.696198913975421618e+01,1.031838063311616516e+01
1.698199485567305089e+01,9.104957231633619585e+00
1.700200057159188560e+01,9.453590651075741036e+00
1.702200628751071676e+01,9.180145142921396939e+00
1.704201200342955147e+01,9.194601425213665635e+00
1.706201771934838618e+01,8.711277943211305441e+00
1.708202343526722089e+01,8.839947316036841585e+00
1.710202915118605205e+01,8.464654195731101893e+00
1.712203486710488676e+01,7.991224174581065043e+00
1.714204058302372147e+01,8.559318012190963998e+00
1.716204629894255618e+01,8.476879672184134407e+00
1.718205201486139089e+01,8.753183912836602687e+00
1.720205773078022204e+01,8.300889432761103137e+00
1.722206344669905675e+01,7.860205322844246112e+00
1.724206916261789146e+01,7.800805364349216120e+00
1.726207487853672617e+01,8.540069678848434265e+00
1.728208059445555733e+01,7.745772059271748056e+00
1.730208631037439204e+01,8.529165950171801569e+00
1.732209202629322675e+01,7.950989725751373527e+00
1.734209774221206146e+01,8.051386953653949519e+00
1.736210345813089617e+01,8.026063847171378995e+00
1.738210917404973088e+01,7.832228261196067187e+00
1.740211488996856204e+01,8.603591018587700034e+00
1.742212060588739675e+01,7.874951971283040031e+00
1.744212632180623146e+01,7.626660975419536470e+00
1.746213203772506262e+01,7.165908638295063859e+00
1.748213775364389733e+01,7.088225069491517871e+00
1.750214346956273204e+01,7.302340840367658181e+00
1.752214918548156675e+01,8.237137574770770243e+00
1.754215490140040146e+01,7.042984422204241923e+00
1.756216061731923617e+01,7.214087639125517981e+00
1.758216633323806732e+01,6.770588963820365791e+00
1.760217204915690203e+01,7.479621006542050310e+00
1.762217776507573674e+01,6.986101904419827591e+00
1.764218348099457145e+01,7.346597262782201376e+00
1.766218919691340261e+01,6.125585691842906577e+00
1.768219491283223732e+01,6.448318061781362687e+00
1.770220062875107203e+01,7.305660439246253191e+00
1.772220634466990674e+01,6.504056336581760078e+00
1.774221206058874145e+01,6.859450983883053077e+00
1.776221777650757616e+01,7.679128003642462730e+00
1.778222349242640732e+01,6.828798446562245772e+00
1.780222920834524203e+01,7.300561599477671137e+00
1.782223492426407674e+01,8.246392613488792378e+00
1.784224064018290790e+01,7.273161529520688617e+00
1.786224635610174261e+01,7.702275381221419082e+00
1.788225207202057732e+01,7.620377922201917897e+00
1.790225778793941203e+01,7.544983143471392317e+00
1.792226350385824674e+01,8.710661685630473272e+00
1.794226921977708145e+01,8.051501961192720103e+00
1.796227493569591260e+01,7.869000608310274814e+00
1.798228065161474731e+01,8.322285089017182003e+00
1.800228636753358202e+01,8.205409172525193640e+00
1.802229208345241318e+01,8.304166075031780281e+00
1.804229779937124789e+01,8.710298318399374295e+00
1.806230351529008260e+01,8.139425960706416774e+00
1.808230923120891731e+01,8.403005463636485928e+00
1.810231494712775202e+01,8.560471008741421528e+00
1.812232066304658673e+01,9.212062088466826282e+00
1.814232637896542144e+01,9.459975082530071688e+00
1.816233209488425260e+01,8.507324851868215632e+00
1.818233781080308731e+01,9.152170896029597102e+00
1.820234352672191847e+01,9.110874896359870689e+00
1.822234924264075318e+01,8.179501104726815797e+00
1.824235495855958789e+01,8.868994008295935316e+00
1.826236067447842260e+01,8.671957817518705980e+00
1.828236639039725731e+01,9.231657536852276635e+00
1.830237210631609202e+01,9.215047580037413866e+00
1.832237782223492673e+01,9.582281091074193569e+00
1.834238353815375788e+01,8.609460467477688894e+00
1.836238925407259259e+01,9.245598950567272212e+00
1.838239496999142730e+01,9.363779191231595078e+00
1.840240068591025846e+01,9.712921943808158431e+00
1.842240640182909317e+01,9.898700923200426161e+00
1.844241211774792788e+01,9.043843510764537186e+00
1.846241783366676259e+01,9.745038157980626892e+00
1.848242354958559730e+01,9.454624399021366088e+00
1.850242926550443201e+01,9.564026477297238316e+00
1.852243498142326672e+01,1.008326763857809993e+01
1.854244069734209788e+01,9.470549974133797733e+00
1.856244641326093259e+01,9.764618141832627884e+00
1.858245212917976374e+01,1.048872020167014973e+01
1.860245784509859845e+01,1.007885292362235674e+01
1.862246356101743316e+01,9.585107849786410839e+00
1.864246927693626787e+01,9.150859737085944801e+00
1.866247499285510258e+01,9.621201700008651159e+00
1.868248070877393729e+01,9.080973740453387677e+00
1.870248642469277200e+01,8.815428780504060313e+00
1.872249214061160316e+01,8.556493507751680383e+00
1.874249785653043787e+01,8.106137936598411642e+00
1.876250357244927258e+01,8.390452207175894017e+00
1.878250928836810374e+01,7.987641764900899943e+00
1.880251500428693845e+01,7.202920354571870298e+00
1.882252072020577316e+01,7.933253716158569446e+00
1.884252643612460787e+01,8.321453147795299543e+00
1.886253215204344258e+01,6.967519833781571137e+00
1.888253786796227729e+01,7.153630958600264655e+00
1.890254358388111200e+01,7.488830206454197835e+00
1.892254929979994316e+01,7.520280780543424193e+00
1.894255501571877787e+01,7.458759785679561105e+00
1.896256073163760902e+01,7.182212763814295187e+00
1.898256644755644373e+01,6.731231590364215478e+00
1.900257216347527844e+01,7.479600991242881136e+00
1.902257787939411315e+01,6.655988516072417482e+00
1.904258359531294786e+01,7.082819047021015280e+00
1.906258931123178257e+01,7.512708632141045229e+00
1.908259502715061728e+01,7.607485652195848935e+00
1.910260074306944844e+01,7.167138418406583611e+00
1.912260645898828315e+01,7.562550394329734971e+00
1.914261217490711431e+01,6.618427835506032864e+00
1.916261789082594902e+01,7.008868875156595735e+00
1.918262360674478373e+01,6.744852925601174221e+00
1.920262932266361844e+01,6.963516750589390014e+00
1.922263503858245315e+01,6.979787263041812295e+00
1.924264075450128786e+01,6.650649249307678090e+00
1.926264647042012257e+01,7.576899670254461761e+00
1.928265218633895373e+01,6.177016088040924835e+00
1.930265790225778844e+01,6.821672946266036597e+00
1.932266361817662315e+01,6.733549555579686263e+00
1.934266933409545430e+01,6.674620790967911610e+00
1.936267505001428901e+01,6.684836794336781907e+00
1.938268076593312372e+01,6.787244664617627876e+00
1.940268648185195843e+01,6.655564731652791721e+00
1.942269219777079314e+01,8.217420835925912215e+00
1.944269791368962785e+01,7.640065656409102068e+00
1.946270362960846256e+01,7.436243035098144105e+00
1.948270934552729372e+01,7.997277824667385460e+00
1.950271506144612843e+01,8.362772465918553166e+00
1.952272077736495959e+01,7.781847851652443637e+00
1.954272649328379430e+01,8.597123373808516433e+00
1.956273220920262901e+01,8.079191803093275226e+00
1.958273792512146372e+01,8.194863680725532618e+00
1.960274364104029843e+01,9.793117736832961384e+00
1.962274935695913314e+01,8.555270147645538614e+00
1.964275507287796785e+01,9.925060137850699959e+00
1.966276078879679901e+01,1.035949059986358378e+01
1.968276650471563372e+01,9.903209548997619294e+00
1.970277222063446487e+01,1.011121963325618367e+01
1.972277793655329958e+01,1.019182879107493633e+01
1.974278365247213429e+01,1.074110667481225967e+01
1.976278936839096900e+01,1.046400785895613694e+01
1.978279508430980371e+01,1.160303085307318938e+01
1.980280080022863842e+01,1.189960904471626790e+01
1.982280651614747313e+01,1.290580317511124875e+01
1.984281223206630784e+01,1.291828630288038937e+01
1.986281794798513900e+01,1.352131665616011347e+01
1.988282366390397371e+01,1.370503018525530692e+01
1.990282937982280487e+01,1.330085031932032535e+01
1.992283509574163958e+01,1.454476180755909276e+01
1.994284081166047429e+01,1.397947885689358571e+01
1.996284652757930900e+01,1.472750196008729873e+01
1.998285224349814371e+01,1.571475121126662167e+01
2.000285795941697842e+01,1.613590381208301494e+01
2.002286367533581313e+01,1.584870579654809220e+01
2.004286939125464428e+01,1.657187019772562309e+01
2.006287510717347899e+01,1.689588997925489977e+01
2.008288082309231015e+01,1.689850486938966512e+01
2.010288653901114486e+01,1.683433962251916682e+01
2.012289225492997957e+01,1.665709759531771539e+01
2.014289797084881428e+01,1.761849611919237191e+01
2.016290368676764899e+01,1.781162684417967768e+01
2.018290940268648370e+01,1.766258705129757089e+01
2.020291511860531841e+01,1.785970944633713842e+01
2.022292083452414957e+01,1.725391109419761193e+01
2.024292655044298428e+01,1.711368352965951800e+01
2.026293226636181899e+01,1.666796213431969420e+01
2.028293798228065015e+01,1.675312392491150248e+01
2.030294369819948486e+01,1.632606675184836220e+01
2.032294941411831957e+01,1.505256497306222307e+01
2.034295513003715428e+01,1.454656637557593157e+01
2.036296084595598899e+01,1.350301207851453356e+01
2.038296656187482370e+01,1.262288059395314832e+01
2.040297227779365841e+01,1.167439404594891883e+01
2.042297799371248956e+01,1.130564399271694498e+01
2.044298370963132427e+01,1.113278337422326736e+01
2.046298942555015543e+01,1.047385780392201760e+01
2.048299514146899014e+01,9.446789721627126823e+00
2.050300085738782485e+01,9.567542572488910935e+00
2.052300657330665956e+01,8.129510553275073548e+00
2.054301228922549427e+01,8.645558614418595411e+00
2.056301800514432898e+01,8.192702919219453150e+00
2.058302372106316369e+01,8.536459325335513881e+00
2.060302943698199485e+01,7.864839363317607024e+00
2.062303515290082956e+01,7.075064528683910225e+00
2.064304086881966072e+01,7.143413857839470360e+00
2.066304658473849543e+01,7.335383304221874567e+00
2.068305230065733014e+01,6.952475004361687638e+00
2.070305801657616485e+01,7.813409913006298169e+00
2.072306373249499956e+01,8.156809455798740061e+00
2.074306944841383427e+01,7.440640298946673781e+00
2.076307516433266898e+01,7.459281622021214808e+00
2.078308088025150369e+01,6.770468377507276259e+00
2.080308659617033484e+01,6.962858168725084340e+00
2.082309231208916955e+01,8.457788026691728689e+00
2.084309802800800071e+01,7.743458989172279594e+00
2.086310374392683542e+01,8.296741522415656434e+00
2.088310945984567013e+01,8.150813568620044691e+00
2.090311517576450484e+01,8.993966521502496647e+00
2.092312089168333955e+01,9.335460549236866967e+00
2.094312660760217426e+01,8.822780053192486704e+00
2.096313232352100897e+01,9.104604033838796795e+00
2.098313803943984013e+01,9.292043967273786009e+00
2.100314375535867484e+01,9.935379619165786380e+00
2.102314947127750600e+01,1.024936570778044320e+01
2.104315518719634071e+01,1.057227153464316416e+01
2.106316090311517542e+01,9.902136683425773356e+00
2.108316661903401013e+01,1.052984881697138420e+01
2.110317233495284484e+01,1.137564561107639527e+01
2.112317805087167955e+01,1.100614838253063787e+01
2.114318376679051426e+01,1.136831234042618632e+01
2.116318948270934541e+01,1.228468427959726128e+01
2.118319519862818012e+01,1.137115773290767251e+01
2.120320091454701483e+01,1.266580206269590292e+01
2.122320663046584599e+01,1.282845545833767531e+01
2.124321234638468070e+01,1.274269900700037184e+01
2.126321806230351541e+01,1.266447469096343781e+01
2.128322377822235012e+01,1.247955825267244379e+01
2.130322949414118483e+01,1.285820880398861199e+01
2.132323521006001954e+01,1.318069239780930957e+01
2.134324092597885425e+01,1.222940829255819928e+01
2.136324664189768541e+01,1.338436721824577091e+01
2.138325235781652012e+01,1.271649570040597865e+01
2.140325807373535127e+01,1.353443064173177390e+01
2.142326378965418598e+01,1.299108483477963460e+01
2.144326950557302069e+01,1.336484960225201668e+01
2.146327522149185540e+01,1.315260275471844587e+01
2.148328093741069011e+01,1.379283024029011884e+01
2.150328665332952482e+01,1.355288790400787846e+01
2.152329236924835953e+01,1.463176970078405859e+01
2.154329808516719069e+01,1.509678722165451070e+01
2.156330380108602540e+01,1.539719261828579988e+01
2.158330951700485656e+01,1.566841187012308545e+01
2.160331523292369127e+01,1.622835377115249145e+01
2.162332094884252598e+01,1.694472157913219235e+01
2.164332666476136069e+01,1.626204637920886142e+01
2.166333238068019540e+01,1.779078388593818971e+01
2.168333809659903011e+01,1.897002869943850101e+01
2.170334381251786482e+01,1.797661417323132937e+01
2.172334952843669598e+01,1.885583404623797676e+01
2.174335524435553069e+01,2.002681802075335682e+01
2.176336096027436540e+01,2.042504146009382993e+01
2.178336667619319655e+01,2.043515546059953891e+01
2.180337239211203126e+01,2.097676230152977439e+01
2.182337810803086597e+01,2.109658154728620616e+01
2.184338382394970068e+01,2.178192257574870183e+01
2.186338953986853539e+01,2.164462981737841929e+01
2.188339525578737010e+01,2.181529919065427592e+01
2.190340097170620481e+01,2.246709831384223222e+01
2.192340668762503597e+01,2.115351325435619145e+01
2.194341240354387068e+01,2.045874054853225843e+01
2.196341811946270184e+01,2.071850703883749745e+01
2.198342383538153655e+01,2.040579968145863887e+01
2.200342955130037126e+01,1.880554527960237721e+01
2.202343526721920597e+01,1.851602896976502777e+01
2.204344098313804068e+01,1.760395979148218615e+01
2.206344669905687539e+01,1.742883844441334418e+01
2.208345241497571010e+01,1.566433007332133798e+01
2.210345813089454126e+01,1.582429722020412122e+01
2.212346384681337597e+01,1.454021607095811142e+01
2.214346956273221068e+01,1.434459805160890156e+01
2.216347527865104183e+01,1.395307798085633344e+01
2.218348099456987654e+01,1.310716811101639578e+01
2.220348671048871125e+01,1.266566698726173001e+01
2.222349242640754596e+01,1.244483704121363132e+01
2.224349814232638067e+01,1.266637127856778733e+01
2.226350385824521538e+01,1.177068786903117470e+01
2.228350957416405009e+01,1.226011876874195750e+01
2.230351529008288125e+01,1.251931476140590505e+01
2.232352100600171596e+01,1.157136297831621263e+01
2.234352672192054712e+01,1.167947998852680414e+01
2.236353243783938183e+01,1.224984790324411321e+01
2.238353815375821654e+01,1.267243542940369316e+01
2.240354386967705125e+01,1.251557481001742467e+01
2.242354958559588596e+01,1.212074104345754755e+01
2.244355530151472067e+01,1.384651862659803712e+01
2.246356101743355538e+01,1.411367149583812974e+01
2.248356673335238654e+01,1.435553762987563609e+01
2.250357244927122125e+01,1.494222553163558942e+01
2.252357816519005240e+01,1.450374667768045178e+01
2.254358388110888711e+01,1.487417492331155700e+01
2.256358959702772182e+01,1.655032706355311944e+01
2.258359531294655653e+01,1.702578694267859305e+01
2.260360102886539124e+01,1.698561127435020168e+01
2.262360674478422595e+01,1.745245375434382851e+01
2.264361246070306066e+01,1.872906756879406842e+01
2.266361817662189182e+01,1.899614001363922711e+01
2.268362389254072653e+01,1.999153084130460911e+01
2.270362960845956124e+01,2.022464986934475206e+01
2.272363532437839240e+01,2.212194473446359666e+01
2.274364104029722711e+01,2.154167135869852956e+01
2.276364675621606182e+01,2.361321510296134818e+01
2.278365247213489653e+01,2.365205554405669730e+01
2.280365818805373124e+01,2.438378553132730175e+01
2.282366390397256595e+01,2.572297252071145479e+01
2.284366961989140066e+01,2.549397032951695508e+01
2.286367533581023181e+01,2.637038534865727257e+01
2.288368105172906652e+01,2.752419790443294900e+01
2.290368676764789768e+01,2.831588968649698046e+01
2.292369248356673239e+01,2.835312280470974855e+01
2.294369819948556710e+01,2.910211445206440573e+01
2.296370391540440181e+01,2.959181188501538529e+01
2.298370963132323652e+01,2.893549632004669903e+01
2.300371534724207123e+01,2.803430641002349688e+01
2.302372106316090594e+01,2.840197856919910890e+01
2.304372677907973710e+01,2.724846815862067828e+01
2.306373249499857181e+01,2.640945459992523681e+01
2.308373821091740652e+01,2.560241966565620331e+01
2.310374392683623768e+01,2.399099940372916961e+01
2.312374964275507239e+01,2.320858272720005644e+01
2.314375535867390710e+01,2.162813058525912879e+01
2.316376107459274181e+01,2.052413639020845793e+01
2.318376679051157652e+01,1.843624322011786631e+01
2.320377250643041123e+01,1.679372849947274204e+01
2.322377822234924594e+01,1.501612490972306979e+01
2.324378393826807709e+01,1.389735383896362819e+01
2.326378965418691180e+01,1.186617882041380234e+01
2.328379537010574296e+01,1.098734732433772088e+01
2.330380108602457767e+01,1.004091897730521765e+01
2.332380680194341238e+01,8.224355631164184999e+00
2.334381251786224709e+01,8.459101558868642456e+00
2.336381823378108180e+01,8.131335536801559627e+00
2.338382394969991651e+01,7.824928614767017621e+00
2.340382966561875122e+01,7.946185766262241934e+00
2.342383538153758238e+01,6.196884260898116281e+00
2.344384109745641709e+01,5.973047212870028488e+00
2.346384681337524825e+01,6.644102354606862271e+00
2.348385252929408296e+01,5.980856561654038117e+00
2.350385824521291767e+01,6.482416901534913123e+00
2.352386396113175238e+01,6.781923171706885078e+00
2.354386967705058709e+01,5.917447968937390002e+00
2.356387539296942180e+01,6.049454679020696446e+00
2.358388110888825651e+01,6.576457283895706496e+00
2.360388682480708766e+01,6.592345186638908672e+00
2.362389254072592237e+01,6.503823009731005911e+00
2.364389825664475708e+01,7.057664231790502285e+00
2.366390397256358824e+01,7.145583419984737894e+00
2.368390968848242295e+01,7.738515036573257788e+00
2.370391540440125766e+01,7.709726092516975271e+00
2.372392112032009237e+01,7.862361704917262273e+00
2.374392683623892708e+01,7.769861734988228186e+00
2.376393255215776179e+01,8.656565979673375821e+00
2.378393826807659650e+01,8.279358425396559085e+00
2.380394398399542766e+01,8.398464438019374256e+00
2.382394969991426237e+01,8.395265472719552591e+00
2.384395541583309353e+01,8.779969851470010411e+00
2.386396113175192824e+01,9.714632077976387947e+00
2.388396684767076295e+01,9.714362526506599593e+00
2.390397256358959766e+01,9.425084181737791056e+00
2.392397827950843237e+01,9.667389452988743415e+00
2.394398399542726708e+01,9.618916397910458826e+00
2.396398971134610179e+01,1.084994256696058024e+01
2.398399542726493294e+01,1.050090681830187833e+01
2.400400114318376765e+01,1.059066765764177731e+01
2.402400685910260236e+01,1.125443166422499708e+01
2.404401257502143352e+01,1.082814864718946524e+01
2.406401829094026823e+01,1.194098185604471141e+01
2.408402400685910294e+01,1.160786364863052178e+01
2.410402972277793765e+01,1.220015047328148938e+01
2.412403543869677236e+01,1.269708103678788191e+01
2.414404115461560707e+01,1.254953167215733423e+01
2.416404687053444178e+01,1.278658162161427114e+01
2.418405258645327294e+01,1.369359078040822908e+01
2.420405830237210765e+01,1.404639158528267373e+01
2.422406401829093880e+01,1.473906057353760346e+01
2.424406973420977351e+01,1.533651369850755586e+01
2.426407545012860822e+01,1.521427316756075321e+01
2.428408116604744293e+01,1.654542238833888135e+01
2.430408688196627764e+01,1.704506095124525089e+01
2.432409259788511235e+01,1.789745316577560175e+01
2.434409831380394706e+01,1.856000886779015957e+01
2.436410402972277822e+01,1.937656456861757803e+01
2.438410974564161293e+01,2.063010157399390465e+01
2.440411546156044409e+01,2.145953249129134122e+01
2.442412117747927880e+01,2.204642160985834920e+01
2.444412689339811351e+01,2.280228151233968248e+01
2.446413260931694822e+01,2.417360379897235845e+01
2.448413832523578293e+01,2.525194593718506653e+01
2.450414404115461764e+01,2.696717153613352735e+01
2.452414975707345235e+01,2.777394257824681034e+01
2.454415547299228351e+01,2.811947953506891196e+01
2.456416118891111822e+01,3.018595325161773246e+01
2.458416690482995293e+01,3.141787955426797296e+01
2.460417262074878408e+01,3.281899459437293842e+01
2.462417833666761879e+01,3.378661625454441975e+01
2.464418405258645350e+01,3.463632559888106499e+01
2.466418976850528821e+01,3.626754387314097272e+01
2.468419548442412292e+01,3.713322733265196973e+01
2.470420120034295763e+01,3.849408118787093258e+01
2.472420691626179234e+01,3.848778851098485632e+01
2.474421263218062350e+01,3.844129196008820060e+01
2.476421834809945821e+01,3.944877382478969707e+01
2.478422406401828937e+01,3.962526989714315562e+01
2.480422977993712408e+01,3.959030431647843074e+01
2.482423549585595879e+01,3.841793720523010336e+01
2.484424121177479350e+01,3.804252734732570929e+01
2.486424692769362821e+01,3.648100672919709098e+01
2.488425264361246292e+01,3.529506889740125075e+01
2.490425835953129763e+01,3.419259471029818798e+01
2.492426407545012879e+01,3.294344748966172887e+01
2.494426979136896350e+01,3.029927340428519500e+01
2.496427550728779821e+01,2.967685157535704832e+01
2.498428122320662936e+01,2.748434925119134675e+01
2.500428693912546407e+01,2.627204801411512847e+01
2.502429265504429878e+01,2.528501556631404412e+01
2.504429837096313349e+01,2.424503129365292864e+01
2.506430408688196820e+01,2.315357658233997284e+01
2.508430980280080291e+01,2.241877812615960153e+01
2.510431551871963762e+01,2.215469728124419291e+01
2.512432123463846878e+01,2.155149580858341807e+01
2.514432695055730349e+01,2.237142832039540608e+01
2.516433266647613465e+01,2.245499629910515438e+01
2.518433838239496936e+01,2.301048650164418419e+01
2.520434409831380407e+01,2.272294420727219233e+01
2.522434981423263878e+01,2.360816452987860004e+01
2.524435553015147349e+01,2.427053922404149588e+01
2.526436124607030820e+01,2.588783951074827527e+01
2.528436696198914291e+01,2.684674747023046848e+01
2.530437267790797407e+01,2.702275669175218198e+01
2.532437839382680878e+01,2.898805610999403370e+01
2.534438410974563993e+01,2.966577273494758771e+01
2.536438982566447464e+01,3.117058097158374608e+01
2.538439554158330935e+01,3.268010728420819078e+01
2.540440125750214406e+01,3.397471000222646609e+01
2.542440697342097877e+01,3.557380887459397911e+01
2.544441268933981348e+01,3.678267592438988487e+01
2.546441840525864819e+01,3.785407415659982888e+01
2.548442412117747935e+01,3.993078334183584133e+01
2.550442983709631406e+01,4.128363283924451110e+01
2.552443555301514877e+01,4.307659485702079394e+01
2.554444126893397993e+01,4.426083937329505602e+01
2.556444698485281464e+01,4.635836930418963675e+01
2.558445270077164935e+01,4.667310051400799864e+01
2.560445841669048406e+01,4.874560720836420558e+01
2.562446413260931877e+01,4.850293404368046168e+01
2.564446984852815348e+01,5.009420701462253334e+01
2.566447556444698819e+01,4.985658022856698324e+01
2.568448128036581934e+01,5.033964372459296044e+01
2.570448699628465405e+01,5.074057897689641550e+01
2.572449271220348521e+01,5.038335184180797910e+01
2.574449842812231992e+01,4.951364274083794470e+01
2.576450414404115463e+01,4.836448599072792831e+01
2.578450985995998934e+01,4.811803932973973730e+01
2.580451557587882405e+01,4.580964340631027909e+01
2.582452129179765876e+01,4.429151163209975550e+01
2.584452700771649347e+01,4.197768100215410669e+01
2.586453272363532463e+01,3.911193511002343115e+01
2.588453843955415934e+01,3.704879327959697832e+01
2.590454415547299405e+01,3.383432746265940239e+01
2.592454987139182521e+01,3.132908733614559793e+01
2.594455558731065992e+01,2.731951596973380347e+01
2.596456130322949463e+01,2.480371579008411587e+01
2.598456701914832934e+01,2.293382697058398634e+01
2.600457273506716405e+01,1.968490600016289704e+01
2.602457845098599520e+01,1.807090275795909662e+01
2.604458416690482991e+01,1.542473587229192944e+01
2.606458988282366462e+01,1.448580987882308335e+01
2.608459559874249933e+01,1.226393248603548614e+01
2.610460131466133404e+01,1.150846924713951047e+01
2.612460703058016520e+01,1.070780156854845977e+01
2.614461274649899991e+01,1.060609320804951317e+01
2.616461846241783462e+01,9.845265555445163130e+00
2.618462417833666933e+01,8.476637744948947173e+00
2.620462989425550404e+01,7.958914933775306899e+00
2.622463561017433520e+01,8.010484691480776576e+00
2.624464132609316991e+01,8.298364383179027470e+00
2.626464704201200462e+01,8.184951938655036230e+00
2.628465275793083933e+01,8.343598199829846962e+00
2.630465847384967049e+01,8.287428423972823310e+00
2.632466418976850520e+01,7.873402965423050404e+00
2.634466990568733991e+01,7.547267287521962409e+00
2.636467562160617462e+01,7.882525428200654716e+00
2.638468133752500933e+01,8.347586605764128365e+00
2.640468705344384048e+01,8.070173701479317785e+00
2.642469276936267519e+01,7.738212604367280534e+00
2.644469848528150990e+01,7.578254001329836953e+00
2.646470420120034461e+01,8.516557776521961998e+00
2.648470991711917932e+01,8.645410064008231643e+00
2.650471563303801048e+01,9.223472123643727372e+00
2.652472134895684519e+01,9.167006135428344749e+00
2.654472706487567990e+01,1.002189618484986511e+01
2.656473278079451461e+01,9.121055626943952888e+00
2.658473849671334932e+01,9.992977045433049099e+00
2.660474421263218048e+01,9.019101065247610904e+00
2.662474992855101519e+01,9.641375284174973359e+00
2.664475564446984990e+01,1.005952422487880860e+01
2.666476136038868461e+01,1.027934611455443203e+01
2.668476707630751577e+01,9.681984239215776000e+00
2.670477279222635048e+01,1.096873939352796690e+01
2.672477850814518519e+01,1.048751691517746032e+01
2.674478422406401990e+01,1.067984744824220833e+01
2.676478993998285461e+01,1.136572661360847647e+01
2.678479565590168576e+01,1.159215964913090779e+01
2.680480137182052047e+01,1.176140006366396662e+01
2.682480708773935518e+01,1.244669960091509608e+01
2.684481280365818989e+01,1.240132393983460091e+01
2.686481851957702460e+01,1.345789132992143600e+01
2.688482423549585576e+01,1.336189676352431732e+01
2.690482995141469047e+01,1.412815791904406026e+01
2.692483566733352518e+01,1.404579611808984119e+01
2.694484138325235989e+01,1.571168014289955650e+01
2.696484709917119105e+01,1.571962865483700256e+01
2.698485281509002576e+01,1.687486597641678543e+01
2.700485853100886047e+01,1.635617899820863386e+01
2.702486424692769518e+01,1.787321246846570233e+01
2.704486996284652989e+01,1.850817799070291869e+01
2.706487567876536104e+01,1.811336859670800337e+01
2.708488139468419575e+01,1.946753469887322296e+01
2.710488711060303046e+01,1.986293145052198383e+01
2.712489282652186517e+01,2.028062490600126822e+01
2.714489854244069988e+01,2.026383802115572053e+01
2.716490425835953104e+01,2.098934080116966072e+01
2.718490997427836575e+01,2.174445120210057070e+01
2.720491569019720046e+01,2.066232730432783882e+01
2.722492140611603517e+01,2.062549855905998086e+01
2.724492712203486633e+01,2.066977229683686801e+01
2.726493283795370104e+01,1.942366822877754373e+01
2.728493855387253575e+01,1.986220710494954744e+01
2.730494426979137046e+01,1.861291305647741368e+01
2.732494998571020517e+01,1.891739294130521998e+01
2.734495570162903633e+01,1.724578644551460371e+01
2.736496141754787104e+01,1.700005114907438042e+01
2.738496713346670575e+01,1.528112403475872938e+01
2.740497284938554046e+01,1.550083354398643465e+01
2.742497856530437517e+01,1.469169880473423540e+01
2.744498428122320632e+01,1.377156371710172778e+01
2.746498999714204103e+01,1.324789656886328260e+01
2.748499571306087574e+01,1.240478667403492352e+01
2.750500142897971045e+01,1.151778715518261187e+01
2.752500714489854516e+01,1.144663747046189783e+01
2.754501286081737632e+01,1.078020846063217597e+01
2.756501857673621103e+01,1.034050185998675175e+01
2.758502429265504574e+01,1.082254314720021782e+01
2.760503000857388045e+01,1.067262150668883081e+01
2.762503572449271161e+01,9.977187403959177914e+00
2.764504144041154632e+01,9.973748629470765792e+00
2.766504715633038103e+01,1.032037509363800076e+01
2.768505287224921574e+01,9.150720648257985701e+00
2.770505858816805045e+01,1.000089762895599854e+01
2.772506430408688161e+01,8.956810366072808449e+00
2.774507002000571632e+01,9.237426435135576597e+00
2.776507573592455103e+01,9.329874325426686710e+00
2.778508145184338574e+01,8.431894133770921229e+00
2.780508716776222045e+01,1.005387205225816949e+01
2.782509288368105160e+01,8.606146816978316849e+00
2.784509859959988631e+01,9.154841140313543235e+00
2.786510431551872102e+01,9.786375535756402400e+00
2.788511003143755573e+01,9.992033043745362164e+00
2.790511574735638689e+01,1.007805918084977392e+01
2.792512146327522160e+01,9.367044585425311709e+00
2.794512717919405631e+01,1.060921806558786074e+01
2.796513289511289102e+01,1.071055965243041186e+01
2.798513861103172573e+01,9.888154556122314531e+00
2.800514432695055689e+01,9.543849124745683810e+00
2.802515004286939160e+01,1.064254718692377821e+01
2.804515575878822631e+01,1.154607022035616737e+01
2.806516147470706102e+01,1.172240848705481397e+01
2.808516719062589573e+01,1.139121943711665352e+01
2.810517290654472689e+01,1.220956655050589035e+01
2.812517862246356160e+01,1.279940053122659371e+01
2.814518433838239631e+01,1.197559106613219271e+01
2.816519005430123102e+01,1.340488895924688961e+01
2.818519577022006217e+01,1.420579320296332781e+01
2.820520148613889688e+01,1.429287665406848795e+01
2.822520720205773159e+01,1.490578012578437850e+01
2.824521291797656630e+01,1.579317884516324177e+01
2.826521863389540101e+01,1.653990330148207022e+01
2.828522434981423217e+01,1.794143995224941079e+01
2.830523006573306688e+01,1.753213604976566842e+01
2.832523578165190159e+01,1.914362487671407465e+01
2.834524149757073630e+01,2.019551199953547282e+01
2.836524721348957101e+01,2.053585713330088680e+01
2.838525292940840217e+01,2.243690895894594561e+01
2.840525864532723688e+01,2.350559685265514176e+01
2.842526436124607159e+01,2.537375012887433101e+01
2.844527007716490630e+01,2.610866361139013136e+01
2.846527579308374101e+01,2.787445048676620019e+01
2.848528150900257216e+01,2.873203181055624711e+01
2.850528722492140687e+01,2.935199914040453706e+01
2.852529294084024158e+01,3.060399685779744061e+01
2.854529865675907629e+01,3.331025998935792387e+01
2.856530437267790745e+01,3.330053519970817888e+01
2.858531008859674216e+01,3.462303234443701427e+01
2.860531580451557687e+01,3.546701940748312154e+01
2.862532152043441158e+01,3.627999890992015253e+01
2.864532723635324629e+01,3.748578949297425567e+01
2.866533295227207745e+01,3.758898675480713791e+01
2.868533866819091216e+01,3.808183255577307591e+01
2.870534438410974687e+01,3.780046128918924353e+01
2.872535010002858158e+01,3.788257312215861816e+01
2.874535581594741629e+01,3.657005898367796703e+01
2.876536153186624745e+01,3.606747668532680251e+01
2.878536724778508216e+01,3.391458088610659871e+01
2.880537296370391687e+01,3.263760951969845792e+01
2.882537867962275158e+01,3.186632923630432401e+01
2.884538439554158273e+01,2.981710500857133894e+01
2.886539011146041744e+01,2.768250772836564622e+01
2.888539582737925215e+01,2.700083065032807284e+01
2.890540154329808686e+01,2.543927526056105748e+01
2.892540725921692157e+01,2.333754809581058254e+01
2.894541297513575273e+01,2.195434337200287800e+01
2.896541869105458744e+01,2.161296004102541701e+01
2.898542440697342215e+01,2.075688923540799991e+01
2.900543012289225686e+01,1.919840301260419579e+01
2.902543583881109157e+01,2.005627075864840592e+01
2.904544155472992273e+01,1.894496645486260178e+01
2.906544727064875744e+01,1.944910105275287293e+01
2.908545298656759215e+01,1.852462437386407856e+01
2.910545870248642686e+01,1.870959749218662083e+01
2.912546441840525802e+01,1.944923005825330975e+01
2.914547013432409273e+01,1.979716124085833684e+01
2.916547585024292744e+01,2.133717670656361776e+01
2.918548156616176215e+01,2.045376360193339238e+01
2.920548728208059686e+01,2.219039363082298166e+01
2.922549299799942801e+01,2.286850039886143549e+01
2.924549871391826272e+01,2.235025808854077667e+01
2.926550442983709743e+01,2.369197834096371480e+01
2.928551014575593214e+01,2.434661054501273725e+01
2.930551586167476685e+01,2.495068077749872870e+01
2.932552157759359801e+01,2.563069483041634200e+01
2.934552729351243272e+01,2.573155307567738959e+01
2.936553300943126743e+01,2.556543899827645561e+01
2.938553872535010214e+01,2.697422635969949667e+01
2.940554444126893330e+01,2.660827931563728654e+01
2.942555015718776801e+01,2.739222357700199950e+01
2.944555587310660272e+01,2.685828372494631111e+01
2.946556158902543743e+01,2.663378019335203817e+01
2.948556730494427214e+01,2.756818614457131389e+01
2.950557302086310330e+01,2.706885681652254760e+01
2.952557873678193801e+01,2.751660747434597099e+01
2.954558445270077272e+01,2.809003702662940682e+01
2.956559016861960743e+01,2.829549675853377266e+01
2.958559588453844214e+01,2.885702908153210799e+01
2.960560160045727329e+01,2.958295749294499544e+01
2.962560731637610800e+01,3.084941910571050272e+01
2.964561303229494271e+01,3.086843645011340698e+01
2.966561874821377742e+01,3.140643190682089525e+01
2.968562446413261213e+01,3.333265146584808036e+01
2.970563018005144329e+01,3.439379561178535027e+01
2.972563589597027800e+01,3.550480342378244103e+01
2.974564161188911271e+01,3.706872900437397789e+01
2.976564732780794742e+01,3.767503914459957315e+01
2.978565304372677858e+01,3.915054148923437083e+01
2.980565875964561329e+01,4.083054325409819540e+01
2.982566447556444800e+01,4.139115614073335792e+01
2.984567019148328271e+01,4.316412502791366279e+01
2.986567590740211742e+01,4.439598037905229688e+01
2.988568162332094857e+01,4.588454335742743950e+01
2.990568733923978328e+01,4.640567871650438292e+01
2.992569305515861799e+01,4.741159508837464642e+01
2.994569877107745270e+01,4.824831028786528009e+01
2.996570448699628741e+01,4.964050354523014619e+01
2.998571020291511857e+01,5.086716040170274766e+01
3.000571591883395328e+01,5.166831967415570404e+01
3.002572163475278799e+01,5.268312838121857311e+01
3.004572735067162270e+01,5.285277983450005479e+01
3.006573306659045386e+01,5.298222553502719023e+01
3.008573878250928857e+01,5.399776835449300449e+01
3.010574449842812328e+01,5.351523910935482320e+01
3.012575021434695799e+01,5.294282623910512342e+01
3.014575593026579270e+01,5.214536819235210885e+01
3.016576164618462386e+01,5.161701269929480418e+01
3.018576736210345857e+01,4.992635261369597544e+01
3.020577307802229328e+01,4.859182791479177865e+01
3.022577879394112799e+01,4.637649773025177069e+01
3.024578450985996270e+01,4.448989403775794216e+01
3.026579022577879385e+01,4.213884312780233188e+01
3.028579594169762856e+01,4.031843347526300647e+01
3.030580165761646327e+01,3.727025685500682783e+01
3.032580737353529798e+01,3.445101247640113939e+01
3.034581308945412914e+01,3.232462256201726802e+01
3.036581880537296385e+01,3.068752328777995686e+01
3.038582452129179856e+01,2.808118374417471586e+01
3.040583023721063327e+01,2.652948038034722344e+01
3.042583595312946798e+01,2.551198825801506942e+01
3.044584166904829914e+01,2.407923702241067332e+01
3.046584738496713385e+01,2.366949999351234624e+01
3.048585310088596856e+01,2.185578074540750038e+01
3.050585881680480327e+01,2.279046238105465960e+01
3.052586453272363798e+01,2.171408865335324379e+01
3.054587024864246914e+01,2.273026915709094453e+01
3.056587596456130385e+01,2.196592112434786515e+01
3.058588168048013856e+01,2.285410867924075262e+01
3.060588739639897327e+01,2.386104660994850946e+01
3.062589311231780798e+01,2.481040995199685639e+01
3.064589882823663913e+01,2.611383357301966868e+01
3.066590454415547384e+01,2.577087072822439140e+01
3.068591026007430855e+01,2.679468104566818454e+01
3.070591597599314326e+01,2.731167287249834530e+01
3.072592169191197442e+01,2.845467645273863511e+01
3.074592740783080913e+01,2.975570261157004381e+01
3.076593312374964384e+01,3.081861010473778251e+01
3.078593883966847855e+01,3.157323310172160902e+01
3.080594455558731326e+01,3.212514013329710849e+01
3.082595027150614442e+01,3.192563818369509221e+01
3.084595598742497913e+01,3.308904785797144399e+01
3.086596170334381384e+01,3.265786329124805576e+01
3.088596741926264855e+01,3.266632643293517191e+01
3.090597313518148326e+01,3.258058073796307497e+01
3.092597885110031442e+01,3.263486525631486757e+01
3.094598456701914913e+01,3.139128415857375387e+01
3.096599028293798384e+01,3.186969461268160941e+01
3.098599599885681855e+01,2.975805410414573515e+01
3.100600171477564970e+01,2.866431612521406080e+01
3.102600743069448441e+01,2.833280429892398899e+01
3.104601314661331912e+01,2.733081767453336042e+01
3.106601886253215383e+01,2.640884390056956832e+01
3.108602457845098854e+01,2.511318226304365453e+01
3.110603029436981970e+01,2.422891435313788122e+01
3.112603601028865441e+01,2.302046065567961008e+01
3.114604172620748912e+01,2.162627734365425525e+01
3.116604744212632383e+01,2.050186375362332569e+01
3.118605315804515854e+01,1.887355264698840074e+01
3.120605887396398970e+01,1.827647104280540802e+01
3.122606458988282441e+01,1.713635991596346742e+01
3.124607030580165912e+01,1.557193127786650777e+01
3.126607602172049383e+01,1.527202624223733096e+01
3.128608173763932498e+01,1.357979780124203728e+01
3.130608745355815969e+01,1.338545298806150186e+01
3.132609316947699440e+01,1.269955900592213105e+01
3.134609888539582911e+01,1.282718954087773788e+01
3.136610460131466382e+01,1.267051488925437575e+01
3.138611031723349498e+01,1.212419311514905829e+01
3.140611603315232969e+01,1.200026316132118964e+01
3.142612174907116440e+01,1.243006079254668705e+01
3.144612746498999911e+01,1.313468280821024337e+01
3.146613318090883382e+01,1.275424313346817407e+01
3.148613889682766498e+01,1.423237476710753668e+01
3.150614461274649969e+01,1.368024615261469279e+01
3.152615032866533440e+01,1.448112691620932324e+01
3.154615604458416911e+01,1.496828000974644368e+01
3.156616176050300382e+01,1.605552752356582502e+01
3.158616747642183498e+01,1.606928099756281370e+01
3.160617319234066969e+01,1.783194427353950573e+01
3.162617890825950440e+01,1.772256360163361322e+01
3.164618462417833911e+01,1.920870500535059477e+01
3.166619034009717026e+01,1.962289001605790517e+01
3.168619605601600497e+01,2.055037371206752184e+01
3.170620177193483968e+01,2.170677806556444267e+01
3.172620748785367439e+01,2.173541695039135746e+01
3.174621320377250910e+01,2.350858789913796443e+01
3.176621891969134026e+01,2.378166012025458187e+01
3.178622463561017497e+01,2.428852391595785676e+01
3.180623035152900968e+01,2.506929125453537566e+01
3.182623606744784439e+01,2.490959380035729254e+01
3.184624178336667910e+01,2.581891594118583200e+01
3.186624749928551026e+01,2.589590791036318507e+01
3.188625321520434497e+01,2.617519269601258358e+01
3.190625893112317968e+01,2.673092226122023263e+01
3.192626464704201439e+01,2.781028725444228300e+01
3.194627036296084555e+01,2.703068193284582321e+01
3.196627607887968026e+01,2.769826852958431829e+01
3.198628179479851497e+01,2.843276740994737395e+01
3.200628751071734968e+01,2.888951500359851465e+01
3.202629322663618439e+01,2.845685806502229553e+01
3.204629894255501199e+01,2.849166517990038017e+01
3.206630465847385381e+01,2.833264641873843459e+01
3.208631037439268141e+01,2.780600592299865070e+01
3.210631609031152323e+01,2.686430258511921920e+01
3.212632180623035083e+01,2.611008592327601008e+01
3.214632752214918554e+01,2.591271383549093343e+01
3.216633323806802025e+01,2.459188294830208577e+01
3.218633895398685496e+01,2.394527392397507271e+01
3.220634466990568967e+01,2.282563769693130951e+01
3.222635038582451728e+01,2.278862436871082764e+01
3.224635610174335909e+01,2.189821439122474800e+01
3.226636181766218670e+01,2.086414818176938368e+01
3.228636753358102851e+01,1.958799069866250164e+01
3.230637324949985612e+01,1.944913414585531442e+01
3.232637896541869083e+01,1.960275953681649952e+01
3.234638468133752554e+01,1.898922545298733411e+01
3.236639039725636025e+01,1.893294641484696683e+01
3.238639611317519496e+01,1.934647392538576582e+01
3.240640182909402967e+01,1.929006085794182468e+01
3.242640754501286438e+01,1.980541188742342840e+01
3.244641326093169198e+01,2.064134147357181348e+01
3.246641897685053380e+01,2.023870167084727711e+01
3.248642469276936140e+01,2.029979524253100820e+01
3.250643040868819611e+01,2.220640306352256133e+01
3.252643612460703082e+01,2.275660650828486808e+01
3.254644184052586553e+01,2.302882619210643611e+01
3.256644755644470024e+01,2.381306144938167080e+01
3.258645327236353495e+01,2.508602087250259771e+01
3.260645898828236966e+01,2.531979229066454451e+01
3.262646470420119726e+01,2.656489158207574164e+01
3.264647042012003908e+01,2.708377762823497648e+01
3.266647613603886668e+01,2.892529078667476483e+01
3.268648185195770850e+01,2.989717168011999604e+01
3.270648756787653610e+01,3.153375541890444467e+01
3.272649328379537081e+01,3.180867369380857923e+01
3.274649899971420552e+01,3.210238484821622507e+01
3.276650471563304023e+01,3.323740633588221982e+01
3.278651043155187494e+01,3.416931587071139376e+01
3.280651614747070255e+01,3.401758062057979259e+01
3.282652186338954436e+01,3.349078534108281247e+01
3.284652757930837197e+01,3.395438411714113158e+01
3.286653329522721378e+01,3.323762114537593959e+01
3.288653901114604139e+01,3.199806069668970565e+01
3.290654472706487610e+01,3.123719655547871099e+01
3.292655044298371081e+01,3.006771458878729675e+01
3.294655615890254552e+01,2.821497376458137296e+01
3.296656187482138023e+01,2.650443720253686664e+01
3.298656759074020783e+01,2.546996454320782988e+01
3.300657330665904965e+01,2.404519169831331382e+01
3.302657902257787725e+01,2.264664962795181680e+01
3.304658473849671907e+01,2.126349133450186457e+01
3.306659045441554667e+01,2.006074866048574279e+01
3.308659617033438138e+01,1.819441942525512701e+01
3.310660188625321609e+01,1.696436945944958552e+01
3.312660760217205080e+01,1.667441365686072174e+01
3.314661331809088551e+01,1.646458148938218713e+01
3.316661903400971312e+01,1.580305028903061171e+01
3.318662474992855493e+01,1.557533582687389107e+01
3.320663046584738254e+01,1.654916265448068202e+01
3.322663618176622435e+01,1.508177348817117469e+01
3.324664189768505196e+01,1.678172474917005630e+01
3.326664761360388667e+01,1.638781342857472367e+01
3.328665332952272138e+01,1.660030149825437462e+01
3.330665904544155609e+01,1.725512103044108159e+01
3.332666476136039080e+01,1.817056389673144423e+01
3.334667047727922551e+01,1.716184613361045663e+01
3.336667619319806022e+01,1.754469396802514680e+01
3.338668190911688782e+01,1.776483177730147034e+01
3.340668762503572964e+01,1.840865869886389916e+01
3.342669334095455724e+01,1.870109697991329156e+01
3.344669905687339195e+01,1.817856759199829497e+01
3.346670477279222666e+01,1.893704284954785066e+01
3.348671048871106137e+01,1.815537651998429780e+01
3.350671620462989608e+01,1.953364610420454639e+01
3.352672192054873079e+01,1.855070368015627125e+01
3.354672763646756550e+01,1.898013155540804675e+01
3.356673335238639311e+01,1.829541353398563075e+01
3.358673906830523492e+01,1.806713387313288877e+01
3.360674478422406253e+01,1.806025644493790594e+01
3.362675050014290434e+01,1.716933165252095961e+01
3.364675621606173195e+01,1.683669531462429703e+01
3.366676193198056666e+01,1.677632308610029099e+01
3.368676764789940137e+01,1.598711964621049830e+01
3.370677336381823608e+01,1.545496874373677620e+01
3.372677907973707079e+01,1.613870299000657837e+01
3.374678479565589839e+01,1.496753432410141649e+01
3.376679051157474021e+01,1.483879988710505593e+01
3.378679622749356781e+01,1.458701150271764746e+01
3.380680194341240963e+01,1.344836022986810065e+01
3.382680765933123723e+01,1.336836769767135635e+01
3.384681337525007194e+01,1.243943405651075906e+01
3.386681909116890665e+01,1.291672415304506316e+01
3.388682480708774136e+01,1.255296237172731644e+01
3.390683052300657607e+01,1.191959328648913718e+01
3.392683623892540368e+01,1.066880382680513684e+01
3.394684195484424549e+01,1.196054316235545656e+01
3.396684767076307310e+01,1.148733598306927206e+01
3.398685338668191491e+01,1.101042402934112197e+01
3.400685910260074252e+01,1.060004633183390865e+01
3.402686481851957723e+01,1.042527768417638434e+01
3.404687053443841194e+01,9.959685127073520050e+00
3.406687625035724665e+01,1.065640410401529437e+01
3.408688196627608136e+01,1.023321173550631258e+01
3.410688768219490896e+01,1.103546907525788257e+01
3.412689339811375078e+01,9.834251786887451274e+00
3.414689911403257838e+01,9.564916437434863639e+00
3.416690482995142020e+01,9.715565894625875387e+00
3.418691054587024780e+01,9.150934370855271283e+00
3.420691626178908251e+01,8.971949880104773456e+00
3.422692197770791722e+01,8.636624823232011749e+00
3.424692769362675193e+01,9.054634314472842505e+00
3.426693340954558664e+01,8.322586952668496352e+00
3.428693912546442135e+01,7.674851248220869948e+00
3.430694484138325606e+01,7.561897985257283850e+00
3.432695055730208367e+01,7.765088879037524094e+00
3.434695627322092548e+01,6.854313333462515700e+00
3.436696198913975309e+01,6.014580099576926742e+00
3.438696770505858780e+01,7.097137378630295146e+00
3.440697342097742251e+01,6.408701359742010162e+00
3.442697913689625722e+01,6.689409321091813077e+00
3.444698485281509193e+01,6.532580079607005707e+00
3.446699056873392664e+01,6.040753134196960694e+00
3.448699628465276135e+01,6.469740798339468135e+00
3.450700200057158895e+01,5.825940397260941594e+00
3.452700771649043077e+01,7.227941567726412053e+00
3.454701343240925837e+01,7.549241152759868179e+00
3.456701914832810019e+01,7.013272869802062104e+00
3.458702486424692779e+01,7.711136675098167359e+00
3.460703058016576250e+01,7.804296536639898640e+00
3.462703629608459721e+01,7.646664272184155564e+00
3.464704201200343192e+01,8.879910227073844808e+00
3.466704772792226663e+01,8.633628480781400327e+00
3.468705344384109424e+01,8.274437464734999637e+00
3.470705915975993605e+01,9.098833607481491725e+00
3.472706487567876366e+01,8.900843630910408422e+00
3.474707059159760547e+01,9.544523648658470805e+00
3.476707630751643308e+01,1.023254510186283106e+01
3.478708202343526779e+01,1.041075679340516835e+01
3.480708773935410250e+01,1.125264640708754094e+01
3.482709345527293721e+01,1.009786238327133390e+01
3.484709917119177192e+01,1.152105434725599054e+01
3.486710488711059952e+01,1.061812826478807104e+01
3.488711060302944134e+01,1.021793414617347473e+01
3.490711631894826894e+01,1.102676287202199390e+01
3.492712203486711076e+01,1.037999773758893518e+01
3.494712775078593836e+01,1.020539328826135161e+01
3.496713346670477307e+01,9.851576903666160234e+00
3.498713918262360778e+01,9.163622807704117079e+00
3.500714489854244249e+01,9.610921068128789102e+00
3.502715061446127720e+01,8.890356238361050600e+00
3.504715633038010481e+01,9.276353796154380049e+00
3.506716204629894662e+01,7.527063549535334630e+00
3.508716776221777423e+01,7.982607760174186495e+00
3.510717347813661604e+01,6.617931105255170365e+00
3.512717919405544365e+01,6.851504041310242599e+00
3.514718490997427836e+01,6.662980830151216338e+00
3.516719062589311307e+01,6.470206933154837969e+00
3.518719634181194778e+01,5.878597466477415878e+00
3.520720205773078249e+01,5.934732159091909764e+00
3.522720777364961720e+01,5.720424516891266187e+00
3.524721348956845191e+01,5.971445779630990103e+00
3.526721920548727951e+01,5.715663607289723558e+00
3.528722492140612133e+01,5.703729583097309153e+00
3.530723063732494893e+01,5.533396387484270207e+00
3.532723635324378364e+01,5.116462789473914086e+00
3.534724206916261835e+01,4.880973022401125405e+00
3.536724778508145306e+01,5.467014140022694590e+00
3.538725350100028777e+01,5.234931004768982987e+00
3.540725921691912248e+01,5.743917712694123878e+00
3.542726493283795719e+01,5.283349898697098368e+00
3.544727064875678479e+01,5.760303593005405176e+00
3.546727636467562661e+01,5.727880234231554013e+00
3.548728208059445421e+01,5.755152681591096275e+00
3.550728779651329603e+01,6.475034010492112024e+00
3.552729351243212363e+01,5.379194403503597677e+00
3.554729922835095834e+01,5.869414066883882342e+00
3.556730494426979305e+01,6.463673398910044554e+00
3.558731066018862776e+01,6.437207654379761834e+00
3.560731637610746247e+01,6.691452544495664512e+00
3.562732209202629008e+01,7.379670623436612509e+00
3.564732780794513189e+01,7.584992208334162100e+00
3.566733352386395950e+01,7.391066750424769793e+00
3.568733923978280131e+01,8.049086623253014494e+00
3.570734495570162892e+01,8.036819941674089307e+00
3.572735067162046363e+01,8.572400926621037698e+00
3.574735638753929834e+01,8.828515176166320089e+00
3.576736210345813305e+01,8.806958893771156482e+00
3.578736781937696776e+01,9.526536698982900120e+00
3.580737353529579536e+01,9.641436424719104892e+00
3.582737925121463718e+01,1.001616300749364896e+01
3.584738496713346478e+01,1.057859264034912528e+01
3.586739068305230660e+01,1.090958149139931166e+01
3.588739639897113420e+01,1.067399711940839779e+01
3.590740211488996891e+01,1.004003786331676373e+01
3.592740783080880362e+01,1.126413152533599948e+01
3.594741354672763833e+01,1.029870154318004083e+01
3.596741926264647304e+01,1.077636450666022583e+01
3.598742497856530065e+01,1.113738739830949598e+01
3.600743069448414246e+01,1.076265344950710023e+01
3.602743641040297007e+01,1.108651142074481655e+01
3.604744212632181188e+01,1.070723564846024800e+01
3.606744784224063949e+01,1.055156116633874142e+01
3.608745355815947420e+01,9.376976943238432227e+00
3.610745927407830891e+01,1.028660745036098589e+01
3.612746498999714362e+01,9.726180024158587401e+00
3.614747070591597833e+01,9.739456046490715835e+00
3.616747642183481304e+01,9.660023722561867032e+00
3.618748213775364775e+01,1.020679727925759117e+01
3.620748785367247535e+01,9.716537458462129351e+00
3.622749356959131717e+01,9.936545663308024245e+00
3.624749928551014477e+01,1.006621389408554279e+01
3.626750500142897948e+01,9.129235772101786495e+00
3.628751071734781419e+01,9.773051294600001881e+00
3.630751643326664890e+01,9.894570766753405522e+00
3.632752214918548361e+01,9.611076125207768328e+00
3.634752786510431832e+01,9.568836073358685468e+00
3.636753358102315303e+01,9.253650431427240974e+00
3.638753929694198064e+01,9.204599771081982240e+00
3.640754501286082245e+01,9.651554213542679506e+00
3.642755072877965006e+01,1.011504757684418543e+01
3.644755644469849187e+01,1.049036148184829642e+01
3.646756216061731948e+01,1.013664962781247425e+01
3.648756787653615419e+01,1.182352668217350455e+01
3.650757359245498890e+01,1.189435087930920965e+01
3.652757930837382361e+01,1.209198819528853619e+01
3.654758502429265832e+01,1.345105548698533582e+01
3.656759074021148592e+01,1.328805412252102158e+01
3.658759645613032774e+01,1.382236174109171856e+01
3.660760217204915534e+01,1.478663155534662010e+01
3.662760788796799716e+01,1.506127913271379271e+01
3.664761360388682476e+01,1.629160339313458650e+01
3.666761931980565947e+01,1.705171485422311051e+01
3.668762503572449418e+01,1.730726209770281798e+01
3.670763075164332889e+01,1.942784073700918412e+01
3.672763646756216360e+01,1.962156767276704272e+01
3.674764218348099121e+01,2.053634915943452910e+01
3.676764789939983302e+01,2.057437529166183410e+01
3.678765361531866063e+01,2.057267592099290709e+01
3.680765933123750244e+01,2.089043709810039218e+01
3.682766504715633005e+01,2.158527890180998554e+01
3.684767076307516476e+01,2.065068647061844231e+01
3.686767647899399947e+01,2.136724715312603706e+01
3.688768219491283418e+01,2.037760185079997655e+01
3.690768791083166889e+01,2.003642903522885632e+01
3.692769362675049649e+01,1.877647443529189886e+01
3.694769934266933831e+01,1.790719043518014786e+01
3.696770505858816591e+01,1.743353105598755448e+01
3.698771077450700773e+01,1.529466385299292952e+01
3.700771649042583533e+01,1.473097129141827644e+01
3.702772220634467004e+01,1.353817019833057422e+01
3.704772792226350475e+01,1.201573278966472635e+01
3.706773363818233946e+01,1.085435627059165853e+01
3.708773935410117417e+01,9.688164935291752045e+00
3.710774507002000888e+01,8.599446506829741210e+00
3.712775078593884359e+01,8.147271378604576952e+00
3.714775650185767120e+01,7.229078213023231392e+00
3.716776221777651301e+01,6.694824203084333014e+00
3.718776793369534062e+01,6.269036066744932079e+00
3.720777364961417533e+01,6.352274344741065448e+00
3.722777936553301004e+01,6.364227685772570808e+00
3.724778508145184475e+01,5.608326847925519942e+00
3.726779079737067946e+01,5.211423943287513794e+00
3.728779651328951417e+01,4.794376607201555451e+00
3.730780222920834888e+01,4.902586291773316063e+00
3.732780794512717648e+01,5.279887499263951511e+00
3.734781366104601830e+01,4.831107909019759283e+00
3.736781937696484590e+01,5.797713672650331773e+00
3.738782509288368772e+01,5.452253039557350078e+00
3.740783080880251532e+01,5.190225012260281545e+00
3.742783652472135003e+01,5.246367629112953956e+00
3.744784224064018474e+01,4.921888289488737911e+00
3.746784795655901945e+01,5.218258010668932911e+00
3.748785367247785416e+01,5.488309685983606911e+00
3.750785938839668177e+01,5.045655028507438189e+00
3.752786510431552358e+01,6.310956667462438219e+00
3.754787082023435119e+01,5.851515198541484608e+00
3.756787653615319300e+01,5.470808802264087056e+00
3.758788225207202061e+01,6.332124767366138940e+00
3.760788796799085532e+01,5.566143426815610695e+00
3.762789368390969003e+01,6.872126185953070454e+00
3.764789939982852474e+01,6.421660223830219394e+00
3.766790511574735945e+01,7.234366733992446008e+00
3.768791083166618705e+01,7.488192174995354833e+00
3.770791654758502887e+01,7.759916399563231870e+00
3.772792226350385647e+01,8.563751130154967584e+00
3.774792797942269829e+01,8.186192065932013762e+00
3.776793369534152589e+01,8.622898620061183905e+00
3.778793941126036060e+01,9.476322568376239985e+00
3.780794512717919531e+01,8.889378978415098942e+00
3.782795084309803002e+01,9.205420607367345909e+00
3.784795655901686473e+01,9.115764132223102223e+00
3.786796227493569234e+01,9.547694966946734141e+00
3.788796799085453415e+01,1.018101891483280674e+01
3.790797370677336176e+01,9.589138026065976206e+00
3.792797942269220357e+01,9.533776709309265129e+00
3.794798513861103118e+01,9.657959916690625590e+00
3.796799085452986589e+01,8.838338787203344538e+00
3.798799657044870060e+01,8.674596805491194829e+00
3.800800228636753531e+01,8.033833994589731020e+00
3.802800800228637002e+01,8.795623409256871028e+00
3.804801371820520473e+01,8.340986173385623204e+00
3.806801943412403944e+01,7.612935642230226563e+00
3.808802515004286704e+01,7.312177770740683869e+00
3.810803086596170886e+01,6.649908003062328987e+00
3.812803658188053646e+01,5.981176555335093070e+00
3.814804229779937117e+01,5.778760090962900442e+00
3.816804801371820588e+01,5.176269223699350164e+00
3.818805372963704059e+01,5.554865972889329484e+00
3.820805944555587530e+01,4.283775960092713220e+00
3.822806516147471001e+01,4.789135112840069652e+00
3.824807087739354472e+01,4.249262176685919101e+00
3.826807659331237232e+01,3.740120783817410199e+00
3.828808230923121414e+01,3.861773890143285204e+00
3.830808802515004174e+01,3.552814237598031166e+00
3.832809374106888356e+01,4.497626988350578614e+00
3.834809945698771116e+01,4.241989559350387573e+00
3.836810517290654587e+01,3.358285634913436013e+00
3.838811088882538058e+01,3.290783488994739159e+00
3.840811660474421529e+01,3.429460263612278403e+00
3.842812232066305000e+01,4.237911317879296647e+00
3.844812803658187761e+01,3.693405370350546058e+00
3.846813375250071942e+01,4.372857235039838031e+00
3.848813946841954703e+01,4.319953772685016347e+00
3.850814518433838884e+01,5.181733013221009543e+00
3.852815090025721645e+01,4.456670139049008661e+00
3.854815661617605116e+01,5.204514316966450949e+00
3.856816233209488587e+01,5.361235480099854733e+00
3.858816804801372058e+01,5.233238440189416529e+00
3.860817376393255529e+01,5.447045679702943843e+00
3.862817947985138289e+01,5.785917974485307980e+00
3.864818519577022471e+01,5.384659948539053609e+00
3.866819091168905231e+01,5.757358115709847901e+00
3.868819662760789413e+01,5.675986391742139148e+00
3.870820234352672173e+01,6.626712534378090602e+00
3.872820805944555644e+01,6.300942050017328988e+00
3.874821377536439115e+01,7.223390714210230712e+00
3.876821949128322586e+01,6.797262607990242067e+00
3.878822520720206057e+01,6.494665698376906882e+00
3.880823092312088818e+01,6.532978026933918159e+00
3.882823663903972999e+01,6.651661309104083486e+00
3.884824235495855760e+01,6.618357630559787985e+00
3.886824807087739941e+01,6.906663783412344770e+00
3.888825378679622702e+01,6.500673933894266732e+00
3.890825950271506173e+01,6.256798665376547497e+00
3.892826521863389644e+01,6.703752965920182660e+00
3.894827093455273115e+01,6.818777255579913543e+00
3.896827665047156586e+01,7.546655764592371973e+00
3.898828236639040057e+01,6.873901472616223529e+00
3.900828808230923528e+01,6.803649806090295016e+00
3.902829379822806288e+01,7.070989248465325616e+00
3.904829951414690470e+01,6.597256577499486241e+00
3.906830523006573230e+01,7.186466169630259415e+00
3.908831094598456701e+01,7.736457672529343910e+00
3.910831666190340172e+01,6.874141626288205131e+00
3.912832237782223643e+01,7.589298282385527727e+00
3.914832809374107114e+01,8.107166643723564547e+00
3.916833380965990585e+01,7.949459292688850098e+00
3.918833952557874056e+01,8.107041247209494372e+00
3.920834524149756817e+01,9.720414514174652965e+00
3.922835095741640998e+01,9.625582358583573139e+00
3.924835667333523759e+01,9.964639668152855734e+00
3.926836238925407940e+01,1.013546160037089550e+01
3.928836810517290701e+01,1.085533147904163087e+01
3.930837382109174172e+01,1.031453618414673912e+01
3.932837953701057643e+01,1.195506700673827183e+01
3.934838525292941114e+01,1.233902875733971527e+01
3.936839096884824585e+01,1.343705146305960518e+01
3.938839668476707345e+01,1.288953739879502258e+01
3.940840240068591527e+01,1.407835851409640071e+01
3.942840811660474287e+01,1.462712098625303980e+01
3.944841383252358469e+01,1.486005019304417019e+01
3.946841954844241229e+01,1.538626867692064337e+01
3.948842526436124700e+01,1.645478994094575143e+01
3.950843098028008171e+01,1.716546076442667967e+01
3.952843669619891642e+01,1.699879452238859656e+01
3.954844241211775113e+01,1.696218086919186163e+01
3.956844812803657874e+01,1.820184045639292947e+01
3.958845384395542055e+01,1.948983166756701735e+01
3.960845955987424816e+01,1.883086430936605637e+01
3.962846527579308997e+01,1.790442174329517044e+01
3.964847099171191758e+01,1.890738886597117130e+01
3.966847670763075229e+01,1.767401478856626085e+01
3.968848242354958700e+01,1.765113061535808825e+01
3.970848813946842171e+01,1.502074224975849681e+01
3.972849385538725642e+01,1.685738802086503085e+01
3.974849957130608402e+01,1.547386849703612732e+01
3.976850528722492584e+01,1.456157770442293575e+01
3.978851100314375344e+01,1.131968814053388606e+01
3.980851671906259526e+01,1.340822890511115340e+01
3.982852243498142286e+01,1.160396015693087080e+01
3.984852815090025757e+01,1.132326712414254111e+01
3.986853386681909228e+01,8.238692244638324169e+00
3.988853958273792699e+01,9.506687185786180549e+00
3.990854529865676170e+01,9.020393577984453515e+00
3.992855101457559641e+01,8.387024447504524360e+00
3.994855673049443112e+01,5.865172150622054659e+00
3.996856244641325873e+01,7.497491977841995947e+00
3.998856816233210054e+01,7.159818963454725349e+00
4.000857387825092815e+01,7.345929223400605501e+00
4.002857959416976286e+01,5.155414408768491441e+00
4.004858531008859757e+01,6.945911457185960813e+00
4.006859102600743228e+01,6.138105349639966235e+00
4.008859674192626699e+01,5.734488982211276564e+00
4.010860245784510170e+01,5.020437238467314600e+00
4.012860817376393641e+01,5.777774094145554429e+00
4.014861388968276401e+01,6.078214209777266674e+00
4.016861960560160583e+01,6.231611033756005114e+00
4.018862532152043343e+01,6.225121716222058232e+00
4.020863103743927525e+01,6.879011335299235697e+00
4.022863675335810285e+01,6.958496588245299819e+00
4.024864246927693756e+01,7.123225437086462719e+00
4.026864818519577227e+01,7.162507380756647279e+00
4.028865390111460698e+01,7.952995020496552492e+00
4.030865961703344169e+01,8.255655509989157537e+00
4.032866533295226930e+01,8.056045710299972740e+00
4.034867104887111111e+01,8.097356113181342963e+00
4.036867676478993872e+01,7.964681736613453467e+00
4.038868248070878053e+01,9.327016964734227145e+00
4.040868819662760814e+01,8.233835275426992339e+00
4.042869391254644285e+01,8.691502719834996782e+00
4.044869962846527756e+01,9.001788672403796099e+00
4.046870534438411227e+01,8.511784851071213964e+00
4.048871106030294698e+01,8.211829323628847987e+00
4.050871677622177458e+01,9.436165687304665539e+00
4.052872249214061640e+01,7.919712521012281847e+00
4.054872820805944400e+01,8.587086839047323394e+00
4.056873392397828582e+01,7.739788459051184510e+00
4.058873963989711342e+01,7.777601852450295006e+00
4.060874535581594813e+01,7.497270330204662159e+00
4.062875107173478284e+01,8.554409116265130564e+00
4.064875678765361755e+01,7.214853180102200447e+00
4.066876250357245226e+01,6.591789434030470574e+00
4.068876821949127986e+01,7.174579653900065246e+00
4.070877393541012168e+01,7.419942227551310054e+00
4.072877965132894929e+01,7.224411401855100223e+00
4.074878536724779110e+01,7.357778388996924157e+00
4.076879108316661871e+01,7.247277564759066593e+00
4.078879679908545342e+01,7.724939323485283893e+00
4.080880251500428813e+01,7.413672683220901227e+00
4.082880823092312284e+01,7.873409645057236617e+00
4.084881394684195755e+01,7.923480210948450342e+00
4.086881966276079226e+01,7.934899276825261083e+00
4.088882537867962697e+01,8.964922900798697469e+00
4.090883109459845457e+01,8.697077743171400144e+00
4.092883681051729639e+01,9.391267243209274085e+00
4.094884252643612399e+01,1.004686612446431049e+01
4.096884824235495870e+01,9.723170168890050036e+00
4.098885395827379341e+01,1.004257114960183017e+01
4.100885967419262812e+01,1.086331785333607769e+01
4.102886539011146283e+01,1.152182336255410355e+01
4.104887110603029754e+01,1.265385828505337429e+01
4.106887682194913225e+01,1.353034286125270924e+01
4.108888253786795985e+01,1.331793615201485181e+01
4.110888825378680167e+01,1.388967222186700567e+01
4.112889396970562927e+01,1.456163236882189693e+01
4.114889968562447109e+01,1.549732297897616107e+01
4.116890540154329869e+01,1.603523000669261833e+01
4.118891111746213340e+01,1.564072185208925347e+01
4.120891683338096811e+01,1.702167866104051797e+01
4.122892254929980282e+01,1.777551290578016818e+01
4.124892826521863753e+01,1.796967274068896359e+01
4.126893398113746514e+01,1.901796633276017445e+01
4.128893969705630695e+01,1.849714062813061588e+01
4.130894541297513456e+01,1.965792744785351331e+01
4.132895112889397637e+01,1.971525668627800343e+01
4.134895684481280398e+01,1.953618333961378539e+01
4.136896256073163869e+01,1.921113541657573265e+01
4.138896827665047340e+01,2.074210951811265602e+01
4.140897399256930811e+01,2.028883847795764694e+01
4.142897970848814282e+01,2.054704225900034587e+01
4.144898542440697042e+01,1.955154019480539418e+01
4.146899114032581224e+01,1.884133106589704809e+01
4.148899685624463984e+01,1.940994313730987386e+01
4.150900257216348166e+01,1.886795356863915885e+01
4.152900828808230926e+01,1.893674483476063486e+01
4.154901400400114397e+01,1.828434881230915110e+01
4.156901971991997868e+01,1.807413354442847009e+01
4.158902543583881339e+01,1.759894257797934713e+01
4.160903115175764810e+01,1.679759631847202428e+01
4.162903686767647571e+01,1.685234128290089828e+01
4.164904258359531752e+01,1.601686867714312612e+01
4.166904829951414513e+01,1.604059996250440889e+01
4.168905401543298694e+01,1.514787108686103778e+01
4.170905973135181455e+01,1.446393539434923170e+01
4.172906544727064926e+01,1.435192451155155346e+01
4.174907116318948397e+01,1.382821878176433650e+01
4.176907687910831868e+01,1.352698015005489651e+01
4.178908259502715339e+01,1.243142640000790422e+01
4.180908831094598810e+01,1.258000545989166596e+01
4.182909402686482281e+01,1.246772067275352924e+01
4.184909974278365041e+01,1.138560392993047365e+01
4.186910545870249223e+01,1.083339122557964807e+01
4.188911117462131983e+01,1.164051545926776754e+01
4.190911689054015454e+01,1.185941290478548638e+01
4.192912260645898925e+01,1.148688272374011987e+01
4.194912832237782396e+01,1.212255393816029070e+01
4.196913403829665867e+01,1.193848257719914585e+01
4.198913975421549338e+01,1.144249113851038757e+01
4.200914547013432809e+01,1.191576769052371709e+01
4.202915118605316280e+01,1.349036998328615766e+01
4.204915690197199041e+01,1.331664763137980856e+01
4.206916261789082512e+01,1.426495567747353022e+01
4.208916833380965983e+01,1.434603640344549369e+01
4.210917404972849454e+01,1.425038672315062271e+01
4.212917976564732925e+01,1.451766480199756870e+01
4.214918548156616396e+01,1.510805594328568091e+01
4.216919119748499867e+01,1.480364206630738622e+01
4.218919691340383338e+01,1.469153885102952017e+01
4.220920262932266809e+01,1.457766937892908032e+01
4.222920834524150280e+01,1.532442324390690480e+01
4.224921406116033040e+01,1.527724278950680592e+01
4.226921977707916511e+01,1.491809085827330605e+01
4.228922549299799982e+01,1.379826991611807330e+01
4.230923120891683453e+01,1.367543755214192558e+01
4.232923692483566924e+01,1.283088867985652648e+01
4.234924264075450395e+01,1.276166366524796381e+01
4.236924835667333866e+01,1.123138000844070561e+01
4.238925407259217337e+01,1.073199228599155930e+01
4.240925978851100808e+01,1.106268456130323230e+01
4.242926550442983569e+01,9.662024023400036299e+00
4.244927122034867040e+01,9.977152846163431121e+00
4.246927693626750511e+01,9.312140034201931371e+00
4.248928265218633982e+01,9.185724296235369124e+00
4.250928836810517453e+01,8.027632309454467929e+00
4.252929408402400924e+01,7.923968456924279202e+00
4.254929979994284395e+01,7.993417531560263356e+00
4.256930551586167866e+01,7.754160405864479522e+00
4.258931123178051337e+01,7.396857681299826126e+00
4.260931694769934097e+01,7.697510908226052884e+00
4.262932266361817568e+01,7.334116059277713262e+00
4.264932837953701039e+01,7.586036204068264510e+00
4.266933409545584510e+01,7.225290904548120174e+00
4.268933981137467981e+01,6.743375831552198107e+00
4.270934552729351452e+01,6.805208489999735377e+00
4.272935124321234923e+01,5.925771823444281772e+00
4.274935695913118394e+01,5.959386256398135018e+00
4.276936267505001865e+01,6.560266439673830163e+00
4.278936839096885336e+01,5.611941164011149397e+00
4.280937410688768097e+01,5.696408089760053528e+00
4.282937982280651568e+01,5.548187025875149558e+00
4.284938553872535039e+01,5.566428080633357922e+00
4.286939125464418510e+01,5.354040744187866352e+00
4.288939697056301981e+01,4.370596687657842594e+00
4.290940268648185452e+01,4.464830731771961325e+00
4.292940840240068923e+01,4.803093397883406723e+00
4.294941411831952394e+01,5.349809033770753786e+00
4.296941983423835865e+01,4.994971497435154006e+00
4.298942555015718625e+01,4.216548415821349316e+00
4.300943126607602096e+01,4.472921008950207167e+00
4.302943698199485567e+01,4.864108879346995096e+00
4.304944269791369038e+01,4.839596475082066362e+00
4.306944841383252509e+01,4.851675179852646735e+00
4.308945412975135980e+01,5.012268341466964650e+00
4.310945984567019451e+01,5.109554779936010149e+00
4.312946556158902922e+01,5.512776505390823090e+00
4.314947127750786393e+01,5.697606902204759294e+00
4.316947699342669864e+01,6.069008450073252625e+00
4.318948270934552625e+01,5.786976897076008264e+00
4.320948842526436096e+01,6.273496134272074087e+00
4.322949414118319567e+01,7.134635086541105231e+00
4.324949985710203038e+01,7.652547735341574509e+00
4.326950557302086509e+01,6.726220288370557299e+00
4.328951128893969980e+01,7.149470550569701821e+00
4.330951700485853451e+01,7.020730885386675446e+00
4.332952272077736922e+01,7.077725736678917023e+00
4.334952843669620393e+01,7.994411805844563901e+00
4.336953415261503153e+01,7.927943540993488192e+00
4.338953986853386624e+01,8.537193203936032759e+00
4.340954558445270095e+01,7.926779250346421613e+00
4.342955130037153566e+01,7.524838736602299960e+00
4.344955701629037037e+01,8.917583533105371885e+00
4.346956273220920508e+01,8.401305618337845615e+00
4.348956844812803979e+01,8.163911291043236318e+00
4.350957416404687450e+01,9.130471060212096646e+00
4.352957987996570921e+01,9.389059404872446279e+00
4.354958559588453681e+01,9.722586422493728620e+00
4.356959131180337153e+01,9.738653069360651671e+00
4.358959702772220624e+01,1.041301822421318235e+01
4.360960274364104095e+01,1.069504482149990032e+01
4.362960845955987566e+01,1.106602105412938464e+01
4.364961417547871037e+01,1.187063238285903566e+01
4.366961989139754508e+01,1.262386941813779906e+01
4.368962560731637979e+01,1.389698719406078631e+01
4.370963132323521450e+01,1.348392013812089196e+01
4.372963703915404921e+01,1.475771537218796148e+01
4.374964275507287681e+01,1.505084038039382932e+01
4.376964847099171152e+01,1.613727291164413913e+01
4.378965418691054623e+01,1.647708369559346053e+01
4.380965990282938094e+01,1.751629296152000137e+01
4.382966561874821565e+01,1.710421113610384936e+01
4.384967133466705036e+01,1.757674202055472179e+01
4.386967705058588507e+01,1.705061640416243662e+01
4.388968276650471978e+01,1.621014524337314811e+01
4.390968848242355449e+01,1.625449945056402612e+01
4.392969419834238209e+01,1.579773725533862105e+01
4.394969991426121680e+01,1.446925652972814014e+01
4.396970563018005151e+01,1.306172069769294808e+01
4.398971134609888622e+01,1.296296080887590030e+01
4.400971706201772093e+01,1.201883208848510876e+01
4.402972277793655564e+01,1.104384205166168265e+01
4.404972849385539035e+01,9.455754017896380148e+00
4.406973420977422506e+01,8.897927115751059546e+00
4.408973992569305977e+01,7.954707238108689182e+00
4.410974564161189448e+01,7.471708497133439764e+00
4.412975135753072209e+01,6.410122449042410686e+00
4.414975707344955680e+01,6.336968401728071854e+00
4.416976278936839151e+01,6.705096874862062961e+00
4.418976850528722622e+01,6.203424094938373656e+00
4.420977422120606093e+01,4.945992507362588775e+00
4.422977993712489564e+01,5.552094863561150007e+00
4.424978565304373035e+01,6.085706966519621730e+00
4.426979136896256506e+01,5.286703391129307761e+00
4.428979708488139977e+01,5.478489265377512574e+00
4.430980280080022737e+01,6.336271072617029709e+00
4.432980851671906208e+01,5.667301057908565198e+00
4.434981423263789679e+01,6.718720862279894845e+00
4.436981994855673150e+01,7.021351545431487651e+00
4.438982566447556621e+01,6.469002621387116569e+00
4.440983138039440092e+01,6.747342022363154612e+00
4.442983709631323563e+01,7.206603405369332194e+00
4.444984281223207034e+01,7.879164890196326709e+00
4.446984852815090505e+01,8.472504404178121007e+00
4.448985424406973266e+01,8.833277437624040829e+00
4.450985995998856737e+01,9.836990045252155923e+00
4.452986567590740208e+01,1.042819338802314455e+01
4.454987139182623679e+01,1.031505943004042436e+01
4.456987710774507150e+01,1.054800448501442389e+01
4.458988282366390621e+01,1.173278840904660036e+01
4.460988853958274092e+01,1.276932092894953996e+01
4.462989425550157563e+01,1.369764570018072369e+01
4.464989997142041034e+01,1.393384947413810693e+01
4.466990568733924505e+01,1.480169851062912301e+01
4.468991140325807265e+01,1.557496103736114890e+01
4.470991711917690736e+01,1.704073862856151322e+01
4.472992283509574207e+01,1.699131330725625944e+01
4.474992855101457678e+01,1.786444072947142558e+01
4.476993426693341149e+01,1.889444130064126171e+01
4.478993998285224620e+01,1.838024306095493543e+01
4.480994569877108091e+01,1.869244748560159763e+01
4.482995141468991562e+01,1.957257301270490046e+01
4.484995713060875033e+01,2.019874486771210798e+01
4.486996284652757794e+01,1.947407120269835445e+01
4.488996856244641265e+01,1.920111526735301055e+01
4.490997427836524736e+01,1.978765503033823947e+01
4.492997999428408207e+01,1.901291021069465970e+01
4.494998571020291678e+01,1.896291262888751916e+01
4.496999142612175149e+01,1.889864717428110197e+01
4.498999714204058620e+01,1.888077998360218501e+01
4.501000285795942091e+01,1.870251797173461128e+01
4.503000857387825562e+01,1.775819353180180471e+01
4.505001428979709033e+01,1.777656811657286795e+01
4.507002000571591793e+01,1.768110319190229873e+01
4.509002572163475264e+01,1.773781626008164380e+01
4.511003143755358735e+01,1.679645172279525411e+01
4.513003715347242206e+01,1.780881145739081717e+01
4.515004286939125677e+01,1.758205878072351780e+01
4.517004858531009148e+01,1.695165593990820341e+01
4.519005430122892619e+01,1.692349838113940308e+01
4.521006001714776090e+01,1.608845316258223335e+01
4.523006573306659561e+01,1.623257832302867598e+01
4.525007144898542322e+01,1.720223145938468789e+01
4.527007716490425793e+01,1.616654718448323536e+01
4.529008288082309264e+01,1.638424694560095674e+01
4.531008859674192735e+01,1.585089036324163203e+01
4.533009431266076206e+01,1.598688196758508262e+01
4.535010002857959677e+01,1.560973338744046579e+01
4.537010574449843148e+01,1.502267055372791837e+01
4.539011146041726619e+01,1.428543983404200368e+01
4.541011717633610090e+01,1.486587994719403838e+01
4.543012289225492850e+01,1.381144574500059363e+01
4.545012860817376321e+01,1.465608776308918593e+01
4.547013432409259792e+01,1.391508080200186548e+01
4.549014004001143263e+01,1.381266773473960008e+01
4.551014575593026734e+01,1.380615015162908676e+01
4.553015147184910205e+01,1.268034439042230233e+01
4.555015718776793676e+01,1.296161258148570816e+01
4.557016290368677147e+01,1.293974639695860063e+01
4.559016861960560618e+01,1.241921986294271285e+01
4.561017433552444089e+01,1.267026831690679778e+01
4.563018005144326850e+01,1.153536709216183631e+01
4.565018576736210321e+01,1.117210724056943150e+01
4.567019148328093792e+01,1.113288256517359009e+01
4.569019719919977263e+01,1.121177289022395307e+01
4.571020291511860734e+01,1.028876828494190221e+01
4.573020863103744205e+01,1.052378168897998734e+01
4.575021434695627676e+01,8.977276203805072186e+00
4.577022006287511147e+01,9.546923554955535351e+00
4.579022577879394618e+01,8.842059595896358815e+00
4.581023149471277378e+01,8.171994496429986654e+00
4.583023721063160849e+01,8.861610807846144411e+00
4.585024292655044320e+01,8.735770008508247031e+00
4.587024864246927791e+01,8.706033703860594386e+00
4.589025435838811262e+01,7.966176023411332352e+00
4.591026007430694733e+01,8.038919243289715411e+00
4.593026579022578204e+01,8.889099366563698368e+00
4.595027150614461675e+01,8.248918465809310874e+00
4.597027722206345146e+01,7.938498436905870648e+00
4.599028293798228617e+01,8.156210961742146992e+00
4.601028865390111378e+01,8.476562795878843204e+00
4.603029436981994849e+01,9.210251117109065078e+00
4.605030008573878320e+01,1.001109443882342909e+01
4.607030580165761791e+01,1.010151205597073876e+01
4.609031151757645262e+01,1.039813106718624169e+01
4.611031723349528733e+01,1.040691439389848760e+01
4.613032294941412204e+01,1.211897018674233628e+01
4.615032866533295675e+01,1.197217039415302331e+01
4.617033438125179146e+01,1.237358566285893069e+01
4.619034009717061906e+01,1.340784452400715132e+01
4.621034581308945377e+01,1.477787593504317165e+01
4.623035152900828848e+01,1.512712062436876614e+01
4.625035724492712319e+01,1.598606260858727524e+01
4.627036296084595790e+01,1.747508612461757593e+01
4.629036867676479261e+01,1.760411644021195343e+01
4.631037439268362732e+01,1.852062873913089192e+01
4.633038010860246203e+01,1.927022629639202123e+01
4.635038582452129674e+01,1.942524271476347764e+01
4.637039154044012434e+01,2.013791072959116590e+01
4.639039725635895905e+01,2.011444533213149910e+01
4.641040297227779376e+01,1.986904979672731386e+01
4.643040868819662847e+01,1.988558672638230718e+01
4.645041440411546319e+01,1.972364180132612432e+01
4.647042012003429790e+01,1.934418186656803940e+01
4.649042583595313261e+01,1.859296020587851572e+01
4.651043155187196732e+01,1.852067850784560576e+01
4.653043726779080203e+01,1.712003307586753564e+01
4.655044298370963674e+01,1.692500415028711203e+01
4.657044869962846434e+01,1.581638289376547490e+01
4.659045441554729905e+01,1.448271009993203329e+01
4.661046013146613376e+01,1.337600733610088177e+01
4.663046584738496847e+01,1.347687604400548977e+01
4.665047156330380318e+01,1.208256201445914257e+01
4.667047727922263789e+01,1.203382580446080219e+01
4.669048299514147260e+01,1.124069479447978992e+01
4.671048871106030731e+01,9.748221508672967772e+00
4.673049442697914202e+01,9.253656966545639406e+00
4.675050014289796962e+01,9.101812304371780016e+00
4.677050585881680433e+01,8.875317314026911930e+00
4.679051157473563904e+01,7.952696228885724139e+00
4.681051729065447375e+01,7.494280262901442669e+00
4.683052300657330846e+01,7.535179006195177998e+00
4.685052872249214317e+01,6.776890287640142674e+00
4.687053443841097788e+01,7.113701384178271248e+00
4.689054015432981259e+01,6.248780813288592917e+00
4.691054587024864730e+01,6.911483448997128853e+00
4.693055158616748201e+01,6.043081610383007174e+00
4.695055730208630962e+01,6.747747149971316638e+00
4.697056301800514433e+01,7.219071274837028263e+00
4.699056873392397904e+01,7.443453866699222488e+00
4.701057444984281375e+01,7.474951938591879674e+00
4.703058016576164846e+01,7.057316128238241504e+00
4.705058588168048317e+01,8.074491113080597415e+00
4.707059159759931788e+01,7.763104812138254651e+00
4.709059731351815259e+01,7.781847164979508236e+00
4.711060302943698730e+01,7.771598855140913642e+00
4.713060874535581490e+01,8.208664179258876814e+00
4.715061446127464961e+01,7.303354442590921813e+00
4.717062017719348432e+01,8.312776588545435885e+00
4.719062589311231903e+01,7.125355782017143369e+00
4.721063160903115374e+01,7.119007091154074374e+00
4.723063732494998845e+01,7.549597747044463958e+00
4.725064304086882316e+01,7.117424913587665714e+00
4.727064875678765787e+01,7.598247046908083391e+00
4.729065447270649258e+01,7.690243362062792798e+00
4.731066018862532019e+01,7.000564290949734314e+00
4.733066590454415490e+01,8.190601809409919554e+00
4.735067162046298961e+01,7.342852278072882655e+00
4.737067733638182432e+01,8.081053359108720358e+00
4.739068305230065903e+01,8.629922264583466784e+00
4.741068876821949374e+01,8.422206528316252161e+00
4.743069448413832845e+01,8.962390554912843754e+00
4.745070020005716316e+01,9.421950097791818024e+00
4.747070591597599787e+01,9.815732578253792084e+00
4.749071163189483258e+01,9.788989595097365992e+00
4.751071734781366018e+01,1.070337176368979115e+01
4.753072306373249489e+01,1.125914703352718504e+01
4.755072877965132960e+01,1.186631165985330050e+01
4.757073449557016431e+01,1.208972201317664030e+01
4.759074021148899902e+01,1.337555916085850427e+01
4.761074592740783373e+01,1.427410109292140561e+01
4.763075164332666844e+01,1.429445604381881907e+01
4.765075735924550315e+01,1.547430049671850938e+01
4.767076307516433786e+01,1.506770468363066939e+01
4.769076879108316547e+01,1.491935122449108775e+01
4.771077450700200018e+01,1.578715217086544165e+01
4.773078022292083489e+01,1.598348446312514248e+01
4.775078593883966960e+01,1.532455239960207471e+01
4.777079165475850431e+01,1.528925370623085200e+01
4.779079737067733902e+01,1.469200086387887438e+01
4.781080308659617373e+01,1.456642022589857532e+01
4.783080880251500844e+01,1.371614562401050996e+01
4.785081451843384315e+01,1.281813615526456296e+01
4.787082023435267075e+01,1.215654826829044133e+01
4.789082595027150546e+01,1.163762067244367060e+01
4.791083166619034017e+01,1.064431196585186612e+01
4.793083738210917488e+01,9.202019709370858891e+00
4.795084309802800959e+01,8.606384070706880607e+00
4.797084881394684430e+01,8.017316071704744473e+00
4.799085452986567901e+01,7.332818801152103383e+00
4.801086024578451372e+01,6.315761604111067129e+00
4.803086596170334843e+01,6.128359626701609386e+00
4.805087167762218314e+01,6.449562370565901759e+00
4.807087739354101075e+01,5.163333615021596934e+00
4.809088310945984546e+01,5.778173694618734757e+00
4.811088882537868017e+01,4.507653299097440502e+00
4.813089454129751488e+01,5.012071104983121472e+00
4.815090025721634959e+01,5.300269475721822943e+00
4.817090597313518430e+01,5.533932732089941631e+00
4.819091168905401901e+01,5.834603752896060591e+00
4.821091740497285372e+01,6.234910374900762164e+00
4.823092312089168843e+01,6.810336168114833555e+00
4.825092883681051603e+01,6.300066722159989752e+00
4.827093455272935074e+01,7.056111622171637343e+00
4.829094026864818545e+01,7.865822119698631099e+00
4.831094598456702016e+01,7.896601904834355423e+00
4.833095170048585487e+01,8.969089658986380442e+00
4.835095741640468958e+01,9.537355870062379282e+00
4.837096313232352429e+01,1.027045929160775906e+01
4.839096884824235900e+01,1.089208503096688574e+01
4.841097456416119371e+01,1.281178184693061439e+01
4.843098028008002842e+01,1.262263058329268084e+01
4.845098599599885603e+01,1.311647736072051984e+01
4.847099171191769074e+01,1.468582224662957358e+01
4.849099742783652545e+01,1.529390083573666814e+01
4.851100314375536016e+01,1.595645220422821708e+01
4.853100885967419487e+01,1.692741026573524366e+01
4.855101457559302958e+01,1.753286011388638599e+01
4.857102029151186429e+01,1.816818755562954024e+01
4.859102600743069900e+01,1.962550346629593889e+01
4.861103172334953371e+01,1.929272283048097236e+01
4.863103743926836131e+01,1.960973354855716622e+01
4.865104315518719602e+01,1.869246320575150477e+01
4.867104887110603073e+01,1.981399468125970742e+01
4.869105458702486544e+01,1.940214694960232578e+01
4.871106030294370015e+01,1.950541963959110348e+01
4.873106601886253486e+01,1.828177540420440295e+01
4.875107173478136957e+01,1.834303083701647807e+01
4.877107745070020428e+01,1.794057679765197122e+01
4.879108316661903899e+01,1.755307591658466038e+01
4.881108888253786660e+01,1.672288550685806285e+01
4.883109459845670131e+01,1.514926572409413374e+01
4.885110031437553602e+01,1.572187698555637070e+01
4.887110603029437073e+01,1.462254509623748078e+01
4.889111174621320544e+01,1.438308122270096412e+01
4.891111746213204015e+01,1.284406514147879186e+01
4.893112317805087486e+01,1.297247038061034452e+01
4.895112889396970957e+01,1.245602895952195510e+01
4.897113460988854428e+01,1.197328005067561563e+01
4.899114032580737899e+01,1.217246223371197722e+01
4.901114604172620659e+01,1.143145418588731133e+01
4.903115175764504130e+01,1.134507185339983515e+01
4.905115747356387601e+01,1.099266286525511305e+01
4.907116318948271072e+01,1.124928115423504060e+01
4.909116890540154543e+01,1.097601504298090447e+01
4.911117462132038014e+01,9.870224526247818986e+00
4.913118033723921485e+01,1.103778099486187969e+01
4.915118605315804956e+01,1.090067747652862984e+01
4.917119176907688427e+01,1.020094587861075119e+01
4.919119748499571187e+01,1.055597653060468488e+01
4.921120320091454658e+01,1.056850761433252117e+01
4.923120891683338129e+01,1.053424381019530820e+01
4.925121463275221600e+01,1.062615069683850599e+01
4.927122034867105071e+01,1.143508209216372151e+01
4.929122606458988542e+01,1.098750937652710746e+01
4.931123178050872014e+01,1.095362813513129474e+01
4.933123749642755485e+01,1.114941378091469382e+01
4.935124321234638956e+01,1.146309570639484221e+01
4.937124892826522427e+01,1.218130631838479161e+01
4.939125464418405187e+01,1.207712617986512527e+01
4.941126036010288658e+01,1.170334590220638304e+01
4.943126607602172129e+01,1.286535865308518822e+01
4.945127179194055600e+01,1.212913876245668021e+01
4.947127750785939071e+01,1.281975843117434977e+01
4.949128322377822542e+01,1.326509551108314611e+01
4.951128893969706013e+01,1.341412556937495815e+01
4.953129465561589484e+01,1.291886557692699533e+01
4.955130037153472955e+01,1.320372468537645716e+01
4.957130608745355715e+01,1.242057447268757464e+01
4.959131180337239186e+01,1.276373666424003339e+01
4.961131751929122657e+01,1.257631425806103032e+01
4.963132323521006128e+01,1.330005743132186780e+01
4.965132895112889599e+01,1.213978315264913732e+01
4.967133466704773070e+01,1.244053636329747548e+01
4.969134038296656541e+01,1.233272094277977260e+01
4.971134609888540012e+01,1.230201141352747207e+01
4.973135181480423483e+01,1.138862504848584933e+01
4.975135753072306244e+01,1.048882540028968968e+01
4.977136324664189715e+01,1.005525715135315679e+01
4.979136896256073186e+01,9.646485339782429946e+00
4.981137467847956657e+01,1.037504869728377876e+01
4.983138039439840128e+01,8.544004235579755857e+00
4.985138611031723599e+01,7.900476769530123455e+00
4.987139182623607070e+01,8.459444253471790631e+00
4.989139754215490541e+01,8.014036821393203169e+00
4.991140325807374012e+01,8.197333840495346635e+00
4.993140897399257483e+01,7.279695658447099760e+00
4.995141468991140243e+01,7.535834707416576350e+00
4.997142040583023714e+01,7.425635322820976825e+00
4.999142612174907185e+01,7.079159930168504644e+00
5.001143183766790656e+01,7.183324255155371318e+00
5.003143755358674127e+01,7.187200340765793172e+00
5.005144326950557598e+01,7.817975500415053958e+00
5.007144898542441069e+01,7.966927306404945952e+00
5.009145470134324540e+01,8.292989363123275837e+00
5.011146041726208011e+01,8.705566634490075728e+00
5.013146613318090772e+01,9.024734874058879086e+00
5.015147184909974243e+01,8.250766550391951171e+00
5.017147756501857714e+01,9.860953929769866733e+00
5.019148328093741185e+01,9.949154401850876184e+00
5.021148899685624656e+01,9.914879431352513706e+00
5.023149471277508127e+01,1.024666103214987345e+01
5.025150042869391598e+01,1.052825218807089236e+01
5.027150614461275069e+01,1.012626628305940457e+01
5.029151186053158540e+01,9.490941914131589385e+00
5.031151757645042011e+01,9.963096130065039802e+00
5.033152329236924771e+01,1.043941735464667886e+01
5.035152900828808242e+01,1.056036452624168476e+01
5.037153472420691713e+01,9.833561005792162746e+00
5.039154044012575184e+01,9.631927786599689512e+00
5.041154615604458655e+01,8.399041637781685665e+00
5.043155187196342126e+01,8.713423938819691017e+00
5.045155758788225597e+01,8.725683854863934386e+00
5.047156330380109068e+01,8.354830215183882913e+00
5.049156901971992539e+01,7.976988296029958292e+00
5.051157473563875300e+01,8.658336311909758720e+00
5.053158045155758771e+01,8.122570300797910647e+00
5.055158616747642242e+01,7.769789161025801860e+00
5.057159188339525713e+01,7.823915178093530542e+00
5.059159759931409184e+01,9.029066848389273758e+00
5.061160331523292655e+01,9.098209711504921415e+00
5.063160903115176126e+01,8.343165685251065611e+00
5.065161474707059597e+01,9.317011598483954771e+00
5.067162046298943068e+01,9.469245314889295884e+00
5.069162617890825828e+01,9.765183674530048208e+00
5.071163189482709299e+01,1.096738764220635431e+01
5.073163761074592770e+01,1.133514497696384637e+01
5.075164332666476241e+01,1.091939898701444633e+01
5.077164904258359712e+01,1.225428525224744547e+01
5.079165475850243183e+01,1.279773085509110508e+01
5.081166047442126654e+01,1.361663433448453731e+01
5.083166619034010125e+01,1.344615849767372495e+01
5.085167190625893596e+01,1.413851606057417065e+01
5.087167762217777067e+01,1.484433083643945750e+01
5.089168333809659828e+01,1.584189813653530265e+01
5.091168905401543299e+01,1.655729788609603759e+01
5.093169476993426770e+01,1.615998147462835632e+01
5.095170048585310241e+01,1.731941963595579992e+01
5.097170620177193712e+01,1.680497940210493368e+01
5.099171191769077183e+01,1.709611524613303857e+01
5.101171763360960654e+01,1.736268355329574931e+01
5.103172334952844125e+01,1.656165806198974622e+01
5.105172906544727596e+01,1.581239704460625184e+01
5.107173478136610356e+01,1.646738317836330623e+01
5.109174049728493827e+01,1.589644268847709441e+01
5.111174621320377298e+01,1.550493300593658930e+01
5.113175192912260769e+01,1.420751923707999254e+01
5.115175764504144240e+01,1.337800349613348772e+01
5.117176336096027711e+01,1.400081667778703576e+01
5.119176907687911182e+01,1.238399468915330637e+01
5.121177479279794653e+01,1.123102167486693403e+01
5.123178050871678124e+01,1.134450471219766676e+01
5.125178622463561595e+01,1.079640087599053189e+01
5.127179194055444356e+01,9.853997592088200363e+00
5.129179765647327827e+01,9.423214785234872437e+00
5.131180337239211298e+01,9.341479399182562204e+00
5.133180908831094769e+01,8.889423243302445599e+00
5.135181480422978240e+01,8.244130969663100217e+00
5.137182052014861711e+01,7.754445793667757769e+00
5.139182623606745182e+01,7.392921360075385806e+00
5.141183195198628653e+01,7.748167278713109951e+00
5.143183766790512124e+01,7.379651060512069094e+00
5.145184338382394884e+01,7.756869123845398839e+00
5.147184909974278355e+01,6.399169651370604228e+00
5.149185481566161826e+01,6.893621515111916231e+00
5.151186053158045297e+01,7.546650788364635432e+00
5.153186624749928768e+01,6.463553304973661540e+00
5.155187196341812239e+01,6.930685872128610647e+00
5.157187767933695710e+01,7.191166921840197901e+00
5.159188339525579181e+01,6.916535574287395960e+00
5.161188911117462652e+01,7.405481342243177778e+00
5.163189482709345413e+01,7.981918108974076276e+00
5.165190054301228884e+01,8.133100558810852476e+00
5.167190625893112355e+01,8.426041169839148637e+00
5.169191197484995826e+01,8.171967040360849310e+00
5.171191769076879297e+01,8.729921406704006515e+00
5.173192340668762768e+01,9.039224877227200139e+00
5.175192912260646239e+01,9.596409964487714106e+00
5.177193483852529710e+01,9.120834668071264417e+00
5.179194055444413181e+01,8.764865472596149232e+00
5.181194627036296652e+01,9.310500367389410670e+00
5.183195198628179412e+01,8.486197315814166586e+00
5.185195770220062883e+01,8.703762349635574935e+00
5.187196341811946354e+01,8.934309008718821943e+00
5.189196913403829825e+01,8.385508313788793799e+00
5.191197484995713296e+01,8.963563866173988259e+00
5.193198056587596767e+01,8.827335111196386919e+00
5.195198628179480238e+01,9.077900254847389050e+00
5.197199199771363709e+01,8.685583841994354515e+00
5.199199771363247180e+01,8.207011445301761299e+00
5.201200342955129940e+01,8.267468941929877246e+00
5.203200914547013411e+01,8.385877235391685502e+00
5.205201486138896882e+01,9.519954114215515517e+00
5.207202057730780353e+01,9.162144156677740625e+00
5.209202629322663824e+01,9.115364871329024510e+00
5.211203200914547295e+01,9.793208822183725459e+00
5.213203772506430766e+01,1.057838993743989064e+01
5.215204344098314237e+01,1.002235218922617577e+01
5.217204915690197708e+01,1.075816983310832597e+01
5.219205487282081180e+01,1.065624712519893436e+01
5.221206058873963940e+01,1.102866413008870694e+01
5.223206630465847411e+01,1.286156957413911428e+01
5.225207202057730882e+01,1.261077591392844610e+01
5.227207773649614353e+01,1.245276547320725768e+01
5.229208345241497824e+01,1.372455876652265516e+01
5.231208916833381295e+01,1.503445512020340402e+01
5.233209488425264766e+01,1.440689314550565925e+01
5.235210060017148237e+01,1.543651038079781301e+01
5.237210631609031708e+01,1.557352169411175424e+01
5.239211203200914468e+01,1.552008640203968248e+01
5.241211774792797939e+01,1.660475043560103359e+01
5.243212346384681410e+01,1.759990846464978631e+01
5.245212917976564881e+01,1.650287816911156469e+01
5.247213489568448352e+01,1.683171464882381585e+01
5.249214061160331823e+01,1.712452102593971404e+01
5.251214632752215294e+01,1.683128775014727907e+01
5.253215204344098765e+01,1.746370867211601308e+01
5.255215775935982236e+01,1.705592622489132282e+01
5.257216347527864997e+01,1.643348291459845001e+01
5.259216919119748468e+01,1.608611980167885847e+01
5.261217490711631939e+01,1.518276655127545993e+01
5.263218062303515410e+01,1.582141798321839232e+01
5.265218633895398881e+01,1.462918715845565565e+01
5.267219205487282352e+01,1.513034812076194946e+01
5.269219777079165823e+01,1.404664415977744696e+01
5.271220348671049294e+01,1.276432361449779229e+01
5.273220920262932765e+01,1.242197860824336431e+01
5.275221491854816236e+01,1.193848118462206642e+01
5.277222063446698996e+01,1.118261603760800327e+01
5.279222635038582467e+01,1.122079410849873149e+01
5.281223206630465938e+01,1.055634674425281716e+01
5.283223778222349409e+01,1.003686584170298524e+01
5.285224349814232880e+01,1.032022411812229734e+01
5.287224921406116351e+01,1.021500013571231591e+01
5.289225492997999822e+01,9.965569041447372101e+00
5.291226064589883293e+01,1.121536672705758164e+01
5.293226636181766764e+01,9.971074882047380683e+00
5.295227207773649525e+01,1.166915308130489493e+01
5.297227779365532996e+01,1.063342800616662132e+01
5.299228350957416467e+01,1.180874330622238944e+01
5.301228922549299938e+01,1.194040863515526141e+01
5.303229494141183409e+01,1.337902434189298795e+01
5.305230065733066880e+01,1.335776452776197587e+01
5.307230637324950351e+01,1.389143321501261852e+01
5.309231208916833822e+01,1.396224633351674882e+01
5.311231780508717293e+01,1.438417823595391454e+01
5.313232352100600764e+01,1.430659909834118793e+01
5.315232923692483524e+01,1.437080193907557657e+01
5.317233495284366995e+01,1.444819348604509557e+01
5.319234066876250466e+01,1.430616855340666937e+01
5.321234638468133937e+01,1.306664969907482821e+01
5.323235210060017408e+01,1.332217983744101630e+01
5.325235781651900879e+01,1.237908095600195146e+01
5.327236353243784350e+01,1.187051383748989153e+01
5.329236924835667821e+01,1.133814409048140703e+01
5.331237496427551292e+01,1.124555533929950535e+01
5.333238068019434053e+01,1.051763477785862833e+01
5.335238639611317524e+01,9.947057306752288497e+00
5.337239211203200995e+01,9.788193132111686623e+00
5.339239782795084466e+01,8.835294189523855479e+00
5.341240354386967937e+01,9.113276215664793511e+00
5.343240925978851408e+01,8.870690020678358323e+00
5.345241497570734879e+01,8.310385420244536192e+00
5.347242069162618350e+01,8.825618329452378674e+00
5.349242640754501821e+01,8.186685587206362413e+00
5.351243212346384581e+01,9.181331501020624231e+00
5.353243783938268052e+01,9.191268121959089044e+00
5.355244355530151523e+01,9.000593149977309082e+00
5.357244927122034994e+01,1.021843724408880050e+01
5.359245498713918465e+01,1.087602885887811155e+01
5.361246070305801936e+01,1.182415646218519711e+01
5.363246641897685407e+01,1.223418661135235297e+01
5.365247213489568878e+01,1.280307935162371002e+01
5.367247785081452349e+01,1.311959107078955356e+01
5.369248356673335820e+01,1.420640756997686260e+01
5.371248928265218581e+01,1.563127613556092754e+01
5.373249499857102052e+01,1.582557126951035897e+01
5.375250071448985523e+01,1.751698416673534098e+01
5.377250643040868994e+01,1.868821543650425099e+01
5.379251214632752465e+01,1.987182661604920852e+01
5.381251786224635936e+01,2.102211273934678104e+01
5.383252357816519407e+01,2.180835380980789040e+01
5.385252929408402878e+01,2.156548591008926508e+01
5.387253501000286349e+01,2.273631022151352354e+01
5.389254072592169109e+01,2.198701912626137656e+01
5.391254644184052580e+01,2.219723087729090238e+01
5.393255215775936051e+01,2.220255237943260695e+01
5.395255787367819522e+01,2.184549686907698174e+01
5.397256358959702993e+01,2.138296243355846116e+01
5.399256930551586464e+01,1.996489502709001229e+01
5.401257502143469935e+01,1.963788366110584604e+01
5.403258073735353406e+01,1.859981818956886457e+01
5.405258645327236877e+01,1.778327733511884645e+01
5.407259216919120348e+01,1.633834440615225247e+01
5.409259788511003109e+01,1.607420592881975097e+01
5.411260360102886580e+01,1.493515368766491846e+01
5.413260931694770051e+01,1.406599249945528385e+01
5.415261503286653522e+01,1.246555211252576534e+01
5.417262074878536993e+01,1.175684650358372529e+01
5.419262646470420464e+01,1.083446097580205247e+01
5.421263218062303935e+01,1.061971603756063409e+01
5.423263789654187406e+01,9.665354554119577557e+00
5.425264361246070877e+01,8.536947471752325711e+00
5.427264932837953637e+01,7.884670743675682658e+00
5.429265504429837108e+01,7.957900669224732937e+00
5.431266076021720579e+01,6.657672834101967752e+00
5.433266647613604050e+01,5.937811008834525950e+00
5.435267219205487521e+01,5.493828381243559100e+00
5.437267790797370992e+01,5.549958059049755477e+00
5.439268362389254463e+01,4.327920229531803997e+00
5.441268933981137934e+01,4.579209815716891896e+00
5.443269505573021405e+01,4.505164539074319130e+00
5.445270077164904166e+01,3.881307872547309135e+00
5.447270648756787637e+01,4.671151727087665684e+00
5.449271220348671108e+01,4.364616117125239114e+00
5.451271791940554579e+01,3.270866066305915698e+00
5.453272363532438050e+01,3.546319847911434842e+00
5.455272935124321521e+01,3.420513283303549201e+00
5.457273506716204992e+01,3.288766595974395024e+00
5.459274078308088463e+01,2.836722622358003321e+00
5.461274649899971934e+01,2.627921585064635135e+00
5.463275221491855405e+01,2.744688778382155636e+00
5.465275793083738165e+01,2.805771890794174439e+00
5.467276364675621636e+01,3.180536427124937227e+00
5.469276936267505107e+01,2.851561079161588630e+00
5.471277507859388578e+01,3.190611583310334343e+00
5.473278079451272049e+01,3.534471706167096272e+00
5.475278651043155520e+01,3.380599986496538811e+00
5.477279222635038991e+01,2.598942604562261227e+00
5.479279794226922462e+01,3.121301919556462856e+00
5.481280365818805933e+01,3.139079048514788362e+00
5.483280937410688693e+01,3.238322183711755287e+00
5.485281509002572164e+01,3.400890552517269683e+00
5.487282080594455635e+01,3.266294476532594082e+00
5.489282652186339106e+01,3.692451516759964747e+00
5.491283223778222577e+01,3.529699266462483997e+00
5.493283795370106048e+01,3.528775479726485198e+00
5.495284366961989519e+01,3.700194088509843660e+00
5.497284938553872990e+01,3.297493224267724177e+00
5.499285510145756461e+01,3.404489535709815939e+00
5.501286081737639222e+01,2.877849710446820808e+00
5.503286653329522693e+01,4.103446187514588672e+00
5.505287224921406164e+01,3.477254997623948185e+00
5.507287796513289635e+01,3.787277994279026672e+00
5.509288368105173106e+01,4.103944539792185431e+00
5.511288939697056577e+01,3.422766848773704851e+00
5.513289511288940048e+01,4.154516779380713842e+00
5.515290082880823519e+01,3.839538646996225157e+00
5.517290654472706990e+01,3.301407620189183767e+00
5.519291226064590461e+01,4.185140339636279627e+00
5.521291797656473221e+01,3.800813969935099124e+00
5.523292369248356692e+01,3.729722131211071989e+00
5.525292940840240163e+01,4.063275245622422815e+00
5.527293512432123634e+01,3.784242336031072185e+00
5.529294084024007105e+01,4.329085988562842324e+00
5.531294655615890576e+01,5.116048545097509503e+00
5.533295227207774047e+01,4.384386640156794357e+00
5.535295798799657518e+01,4.623786169699798165e+00
5.537296370391540989e+01,6.172274549019063805e+00
5.539296941983423750e+01,5.644822146400796825e+00
5.541297513575307221e+01,6.127792373935898596e+00
5.543298085167190692e+01,6.392622207223896069e+00
5.545298656759074163e+01,8.089706632903423511e+00
5.547299228350957634e+01,7.835699136682356958e+00
5.549299799942841105e+01,8.011410645430858679e+00
5.551300371534724576e+01,9.057526167032552422e+00
5.553300943126608047e+01,9.484962753961978521e+00
5.555301514718491518e+01,9.859535624545166854e+00
5.557302086310374989e+01,9.667760036326631834e+00
5.559302657902257749e+01,1.083934387110497433e+01
5.561303229494141220e+01,1.106997473098066642e+01
5.563303801086024691e+01,1.140992508817060269e+01
5.565304372677908162e+01,1.169446651573760576e+01
5.567304944269791633e+01,1.219093764568057736e+01
5.569305515861675104e+01,1.061546830942994646e+01
5.571306087453558575e+01,1.103246525036186654e+01
5.573306659045442046e+01,9.855676163552814728e+00
5.575307230637325517e+01,1.007023582528187866e+01
5.577307802229208278e+01,9.602632650939689540e+00
5.579308373821091749e+01,8.760903509776600373e+00
5.581308945412975220e+01,8.900461111056065633e+00
5.583309517004858691e+01,7.250387321196280155e+00
5.585310088596742162e+01,7.251585044124945867e+00
5.587310660188625633e+01,7.031731490578725818e+00
5.589311231780509104e+01,5.669736412219187116e+00
5.591311803372392575e+01,6.349336164953320427e+00
5.593312374964276046e+01,4.762109780398456671e+00
5.595312946556158806e+01,4.832922617204091331e+00
5.597313518148042277e+01,4.981320098902626725e+00
5.599314089739925748e+01,4.535117319535290292e+00
5.601314661331809219e+01,4.327464921272929033e+00
5.603315232923692690e+01,3.869293224836198419e+00
5.605315804515576161e+01,3.976403542693340842e+00
5.607316376107459632e+01,3.958174828734100092e+00
5.609316947699343103e+01,3.802333605379220494e+00
5.611317519291226574e+01,3.843295245477379662e+00
5.613318090883110045e+01,4.530429427419429445e+00
5.615318662474992806e+01,4.894287985095105320e+00
5.617319234066876277e+01,4.594095711333950227e+00
5.619319805658759748e+01,5.300732021826441098e+00
5.621320377250643219e+01,5.464444367082568199e+00
5.623320948842526690e+01,5.963619458183724298e+00
5.625321520434410161e+01,5.859974509197910741e+00
5.627322092026293632e+01,6.564092234969558071e+00
5.629322663618177103e+01,6.420582356109835409e+00
5.631323235210060574e+01,7.548536267013242984e+00
5.633323806801943334e+01,8.427044837630921492e+00
5.635324378393826805e+01,8.102648786284200710e+00
5.637324949985710276e+01,8.467923933489222676e+00
5.639325521577593747e+01,9.886302981904483644e+00
5.641326093169477218e+01,9.689361961038276405e+00
5.643326664761360689e+01,1.053896552894003413e+01
5.645327236353244160e+01,1.070583586411053822e+01
5.647327807945127631e+01,1.094238548981880044e+01
5.649328379537011102e+01,1.208810688828897284e+01
5.651328951128894573e+01,1.207563451666251986e+01
5.653329522720777334e+01,1.148808537404659980e+01
5.655330094312660805e+01,1.196338613350280511e+01
5.657330665904544276e+01,1.234921500519761040e+01
5.659331237496427747e+01,1.191189070508154657e+01
5.661331809088311218e+01,1.223979018576182121e+01
5.663332380680194689e+01,1.161629460552182280e+01
5.665332952272078160e+01,1.149246471475250964e+01
5.667333523863961631e+01,1.175284129043937931e+01
5.669334095455845102e+01,1.123765534791371046e+01
5.671334667047727862e+01,1.088788477744523320e+01
5.673335238639611333e+01,1.018853083487854860e+01
5.675335810231494804e+01,9.963567423231303621e+00
5.677336381823378275e+01,9.917490069297343780e+00
5.679336953415261746e+01,1.039857436385372047e+01
5.681337525007145217e+01,9.506135167180874035e+00
5.683338096599028688e+01,9.240353194207763465e+00
5.685338668190912159e+01,9.983537388645727262e+00
5.687339239782795630e+01,8.968897504195117776e+00
5.689339811374678391e+01,8.944726135304692960e+00
5.691340382966561862e+01,8.580696955621005984e+00
5.693340954558445333e+01,7.442834799185185979e+00
5.695341526150328804e+01,6.461955290464368673e+00
5.697342097742212275e+01,6.002907443143824295e+00
5.699342669334095746e+01,6.293978481707500627e+00
5.701343240925979217e+01,5.777284828245528026e+00
5.703343812517862688e+01,6.007648886495810636e+00
5.705344384109746159e+01,5.415020276765893925e+00
5.707344955701629630e+01,5.474537393900262394e+00
5.709345527293512390e+01,5.263258054945032072e+00
5.711346098885395861e+01,4.842335655530886740e+00
5.713346670477279332e+01,5.034307543373955696e+00
5.715347242069162803e+01,5.263088279959717397e+00
5.717347813661046274e+01,5.133009086815622624e+00
5.719348385252929745e+01,5.626614386921491295e+00
5.721348956844813216e+01,5.120728177053131880e+00
5.723349528436696687e+01,6.223745186976056942e+00
5.725350100028580158e+01,6.167177740571299971e+00
5.727350671620462919e+01,6.337420595411068724e+00
5.729351243212346390e+01,6.735616843374349294e+00
5.731351814804229861e+01,6.332230510998715367e+00
5.733352386396113332e+01,7.112102582209387514e+00
5.735352957987996803e+01,7.004609926181575297e+00
5.737353529579880274e+01,6.866753069901522011e+00
5.739354101171763745e+01,7.464215825144966843e+00
5.741354672763647216e+01,7.739970519050069164e+00
5.743355244355530687e+01,7.659912238122718264e+00
5.745355815947414158e+01,7.990377255661036848e+00
5.747356387539296918e+01,7.355097633679092972e+00
5.749356959131180389e+01,7.567838752887462661e+00
5.751357530723063860e+01,7.913256889878205413e+00
5.753358102314947331e+01,7.080044308303764744e+00
5.755358673906830802e+01,8.127526874957316849e+00
5.757359245498714273e+01,7.659594588624798916e+00
5.759359817090597744e+01,7.404659816619245660e+00
5.761360388682481215e+01,7.398069878087454754e+00
5.763360960274364686e+01,7.133608724656919975e+00
5.765361531866247446e+01,7.275214553414245167e+00
5.767362103458130917e+01,7.823363917411483293e+00
5.769362675050014388e+01,8.361190042480496132e+00
5.771363246641897859e+01,8.391087642015799375e+00
5.773363818233781330e+01,8.696081138969562474e+00
5.775364389825664801e+01,8.054122512338501849e+00
5.777364961417548272e+01,8.793314968255288022e+00
5.779365533009431743e+01,8.736272424397492742e+00
5.781366104601315214e+01,9.431373631453737971e+00
5.783366676193197975e+01,1.017849185324110550e+01
5.785367247785081446e+01,1.024372263255818893e+01
5.787367819376964917e+01,1.164318863189497044e+01
5.789368390968848388e+01,1.154712064660109938e+01
5.791368962560731859e+01,1.164109803596062775e+01
5.793369534152615330e+01,1.133264940121484443e+01
5.795370105744498801e+01,1.195956596175572173e+01
5.797370677336382272e+01,1.319011713669686792e+01
5.799371248928265743e+01,1.273371381864542329e+01
5.801371820520149214e+01,1.200652420390959563e+01
5.803372392112031974e+01,1.266108076772308877e+01
5.805372963703915445e+01,1.262432668566642491e+01
5.807373535295798916e+01,1.175921155456772205e+01
5.809374106887682387e+01,1.167695554219426413e+01
5.811374678479565858e+01,1.098787868521642963e+01
5.813375250071449329e+01,1.111132259840245062e+01
5.815375821663332800e+01,1.022967228135651574e+01
5.817376393255216271e+01,1.028632150400751755e+01
5.819376964847099742e+01,9.803328784381392325e+00
5.821377536438982503e+01,8.085422107237160816e+00
5.823378108030865974e+01,7.987645644684151058e+00
5.825378679622749445e+01,7.757275597051671134e+00
5.827379251214632916e+01,7.472574030305350945e+00
5.829379822806516387e+01,7.474416977951017671e+00
5.831380394398399858e+01,7.161127205616801383e+00
5.833380965990283329e+01,7.933823642312670010e+00
5.835381537582166800e+01,7.088274890244700366e+00
5.837382109174050271e+01,7.390601023038684936e+00
5.839382680765933742e+01,7.528190808459675587e+00
5.841383252357816502e+01,7.401957339107611666e+00
5.843383823949699973e+01,7.955884336012762681e+00
5.845384395541583444e+01,7.782310058589770208e+00
5.847384967133466915e+01,8.187206344479216469e+00
5.849385538725350386e+01,8.546105548627410897e+00
5.851386110317233857e+01,8.496095973673437385e+00
5.853386681909117328e+01,8.719803445135982045e+00
5.855387253501000799e+01,7.950598685814568078e+00
5.857387825092884270e+01,8.602740373241358540e+00
5.859388396684767031e+01,8.851280242705783508e+00
5.861388968276650502e+01,9.283802829457373562e+00
5.863389539868533973e+01,8.390609885753141484e+00
5.865390111460417444e+01,9.410962482844345445e+00
5.867390683052300915e+01,8.280511417891613490e+00
5.869391254644184386e+01,8.012663509183452604e+00
5.871391826236067857e+01,8.175547984701333704e+00
5.873392397827951328e+01,7.820370937990829496e+00
5.875392969419834799e+01,7.831027674557609508e+00
5.877393541011717559e+01,8.334505479952230900e+00
5.879394112603601030e+01,7.703209767760922588e+00
5.881394684195484501e+01,7.881639590504245341e+00
5.883395255787367972e+01,7.579176821739411096e+00
5.885395827379251443e+01,7.152604249424286742e+00
5.887396398971134914e+01,7.755462632807754275e+00
5.889396970563018385e+01,7.860908242807397528e+00
5.891397542154901856e+01,7.515616713482713429e+00
5.893398113746785327e+01,7.636289589944532885e+00
5.895398685338668798e+01,8.029723375898292659e+00
5.897399256930551559e+01,7.683300376285492561e+00
5.899399828522435030e+01,8.058680114805133243e+00
5.901400400114318501e+01,7.953715626099303826e+00
5.903400971706201972e+01,8.201538552040535279e+00
5.905401543298085443e+01,8.535380542575840224e+00
5.907402114889968914e+01,8.267482628601038996e+00
5.909402686481852385e+01,8.573473605844915468e+00
5.911403258073735856e+01,7.871002107812364201e+00
5.913403829665619327e+01,8.614608913522545208e+00
5.915404401257502087e+01,8.533378530404881701e+00
5.917404972849385558e+01,7.562041405874753153e+00
5.919405544441269029e+01,8.699027408357615343e+00
5.921406116033152500e+01,8.509911763137232299e+00
5.923406687625035971e+01,8.013605754836714112e+00
5.925407259216919442e+01,7.315764819303385735e+00
5.927407830808802913e+01,7.732329004737606759e+00
5.929408402400686384e+01,7.102246636509151223e+00
5.931408973992569855e+01,7.322522746044293207e+00
5.933409545584453326e+01,7.655878151562697909e+00
5.935410117176336087e+01,7.247012420825652335e+00
5.937410688768219558e+01,7.884098369730639710e+00
5.939411260360103029e+01,7.832849400140875495e+00
5.941411831951986500e+01,8.383236061132951278e+00
5.943412403543869971e+01,7.632678881209360000e+00
5.945412975135753442e+01,8.340534919858017204e+00
5.947413546727636913e+01,8.121268518696345140e+00
5.949414118319520384e+01,8.794587300004394592e+00
5.951414689911403855e+01,8.647740158710664815e+00
5.953415261503286615e+01,9.017656465942325283e+00
5.955415833095170086e+01,8.517935625378974862e+00
5.957416404687053557e+01,7.866857459867887314e+00
5.959416976278937028e+01,9.180634095344389678e+00
5.961417547870820499e+01,8.493030781644222316e+00
5.963418119462703970e+01,8.226453981822642092e+00
5.965418691054587441e+01,8.265157075386248664e+00
5.967419262646470912e+01,7.621864516940844325e+00
5.969419834238354383e+01,7.910654120027182046e+00
5.971420405830237144e+01,7.758312834965483518e+00
5.973420977422120615e+01,8.275939253895677084e+00
5.975421549014004086e+01,7.202447927705279085e+00
5.977422120605887557e+01,7.212179811525601281e+00
5.979422692197771028e+01,7.644639964394643883e+00
5.981423263789654499e+01,7.106529067064956351e+00
5.983423835381537970e+01,7.226948420134132078e+00
5.985424406973421441e+01,8.423422871325064065e+00
5.987424978565304912e+01,8.138795403377191207e+00
5.989425550157188383e+01,8.036297951528716510e+00
5.991426121749071143e+01,8.592886563310459636e+00
5.993426693340954614e+01,8.957857341972848886e+00
5.995427264932838085e+01,9.673346192080854777e+00
5.997427836524721556e+01,1.020212498494470132e+01
5.999428408116605027e+01,1.023662248001328834e+01
6.001428979708488498e+01,1.107762259627617141e+01
6.003429551300371969e+01,1.107781748248303799e+01
6.005430122892255440e+01,1.131213207058042158e+01
6.007430694484138911e+01,1.285946322120776486e+01
6.009431266076021672e+01,1.268180941927531968e+01
6.011431837667905143e+01,1.254308150260633070e+01
6.013432409259788614e+01,1.233884415477432839e+01
6.015432980851672085e+01,1.264436183045642004e+01
6.017433552443555556e+01,1.211288330248612866e+01
6.019434124035439027e+01,1.170595610122750152e+01
6.021434695627322498e+01,1.203131568692779041e+01
6.023435267219205969e+01,1.113000334381387546e+01
6.025435838811089440e+01,1.022798025939206212e+01
6.027436410402972911e+01,1.072252503964134007e+01
6.029436981994855671e+01,1.011458415108177888e+01
6.031437553586739142e+01,8.965459859028129586e+00
6.033438125178622613e+01,9.578913450090503545e+00
6.035438696770506084e+01,8.842798747811933424e+00
6.037439268362389555e+01,8.860851285807026301e+00
6.039439839954273026e+01,8.713045194932959703e+00
6.041440411546156497e+01,8.974413151547203427e+00
6.043440983138039968e+01,9.636938372193938562e+00
6.045441554729923439e+01,9.825815871270918933e+00
6.047442126321806199e+01,9.814659821872457002e+00
6.049442697913689670e+01,9.890559672442527983e+00
6.051443269505573141e+01,1.040360272891644122e+01
6.053443841097456612e+01,1.084858530736321569e+01
6.055444412689340083e+01,1.018111804917763052e+01
6.057444984281223554e+01,1.113219676204966291e+01
6.059445555873107025e+01,1.079223392525957159e+01
6.061446127464990496e+01,1.221147313543579749e+01
6.063446699056873967e+01,1.178420984280075778e+01
6.065447270648756728e+01,1.233882249918161023e+01
6.067447842240640199e+01,1.219862031586141171e+01
6.069448413832523670e+01,1.155862458724375941e+01
6.071448985424407141e+01,1.232024116978941208e+01
6.073449557016290612e+01,1.236241672493655841e+01
6.075450128608174083e+01,1.214258196283028646e+01
6.077450700200057554e+01,1.221260137347443653e+01
6.079451271791941025e+01,1.095203642648930042e+01
6.081451843383824496e+01,1.175183552643890827e+01
6.083452414975707967e+01,1.104104985130732430e+01
6.085452986567590727e+01,1.076185801861239533e+01
6.087453558159474198e+01,1.067892115216098148e+01
6.089454129751357669e+01,1.087296218733177966e+01
6.091454701343241140e+01,9.790672000537869124e+00
6.093455272935124611e+01,9.316263420244144555e+00
6.095455844527008082e+01,8.822839805885053011e+00
6.097456416118891553e+01,8.690041758303973296e+00
6.099456987710775024e+01,8.334010236935807114e+00
6.101457559302658495e+01,8.813367906940438701e+00
6.103458130894541256e+01,6.810813566956429810e+00
6.105458702486424727e+01,7.110417514448089449e+00
6.107459274078308198e+01,7.432088364173313089e+00
6.109459845670191669e+01,6.844325212549466464e+00
6.111460417262075140e+01,6.464836993752027361e+00
6.113460988853958611e+01,5.857082282827532183e+00
6.115461560445842082e+01,6.986475333373375562e+00
6.117462132037725553e+01,6.230409646876143626e+00
6.119462703629609024e+01,6.353028973934261359e+00
6.121463275221492495e+01,6.092662181700614354e+00
6.123463846813375255e+01,5.490269443685763306e+00
6.125464418405258726e+01,5.698193801131107961e+00
6.127464989997142197e+01,5.543278165420229442e+00
6.129465561589025668e+01,5.772128175258195881e+00
6.131466133180909139e+01,6.101079355073437682e+00
6.133466704772792610e+01,5.559467603522016077e+00
6.135467276364676081e+01,5.412600451264450108e+00
6.137467847956559552e+01,5.621258609783454929e+00
6.139468419548443023e+01,6.249383769273091360e+00
6.141468991140325784e+01,5.693269789235359646e+00
6.143469562732209255e+01,5.403830455990368264e+00
6.145470134324092726e+01,5.196675283522310451e+00
6.147470705915976197e+01,5.598331816446911802e+00
6.149471277507859668e+01,4.967738585786507954e+00
6.151471849099743139e+01,4.923509099947722234e+00
6.153472420691626610e+01,4.356094586199763974e+00
6.155472992283510081e+01,4.702324650081163071e+00
6.157473563875393552e+01,5.237692340406185920e+00
6.159474135467276312e+01,5.676602369325410180e+00
6.161474707059159783e+01,5.169602521827586727e+00
6.163475278651043254e+01,4.501274199454504910e+00
6.165475850242926725e+01,5.275198991941645765e+00
6.167476421834810196e+01,5.113493069588724182e+00
6.169476993426693667e+01,4.558456106938945318e+00
6.171477565018577138e+01,5.318143376936740552e+00
6.173478136610460609e+01,5.099567185062575447e+00
6.175478708202344080e+01,6.184756874554491191e+00
6.177479279794227551e+01,5.821524955860761352e+00
6.179479851386110312e+01,5.453671212713879335e+00
6.181480422977993783e+01,5.365962791427792311e+00
6.183480994569877254e+01,6.323801121649266221e+00
6.185481566161760725e+01,7.236922771342127803e+00
6.187482137753644196e+01,6.426517294540471603e+00
6.189482709345527667e+01,6.979011218481439016e+00
6.191483280937411138e+01,6.921162827469163226e+00
6.193483852529294609e+01,6.737228987104701083e+00
6.195484424121178080e+01,7.264956542685277796e+00
6.197484995713060840e+01,7.597980170131972244e+00
6.199485567304944311e+01,7.765190893642856196e+00
6.201486138896827782e+01,7.085897635017799345e+00
6.203486710488711253e+01,7.635278676717607738e+00
6.205487282080594724e+01,7.810755082756104528e+00
6.207487853672478195e+01,7.512433713834086646e+00
6.209488425264361666e+01,7.189831589188610650e+00
6.211488996856245137e+01,6.851900685812003289e+00
6.213489568448128608e+01,7.550703198699746821e+00
6.215490140040011369e+01,6.641910909912718708e+00
6.217490711631894840e+01,6.680605631126022459e+00
6.219491283223778311e+01,6.792752394177112407e+00
6.221491854815661782e+01,6.275392582826043508e+00
6.223492426407545253e+01,6.975307869180948472e+00
6.225492997999428724e+01,5.447253052290244923e+00
6.227493569591312195e+01,6.212818686024259129e+00
6.229494141183195666e+01,6.266886165780473306e+00
6.231494712775079137e+01,5.771298863515022859e+00
6.233495284366962608e+01,5.414412235200457779e+00
6.235495855958845368e+01,5.931732116765243035e+00
6.237496427550728839e+01,6.106942230200379740e+00
6.239496999142612310e+01,5.721928263774419321e+00
6.241497570734495781e+01,5.868532658324218332e+00
6.243498142326379252e+01,6.319759088804794089e+00
6.245498713918262723e+01,6.767396718878150530e+00
6.247499285510146194e+01,6.588368979792791791e+00
6.249499857102029665e+01,6.865299756809312370e+00
6.251500428693913136e+01,7.358158008125927019e+00
6.253501000285795897e+01,7.611192614311285354e+00
6.255501571877679368e+01,6.991053314629449567e+00
6.257502143469562839e+01,7.496409179552232516e+00
6.259502715061446310e+01,8.035608851012826293e+00
6.261503286653329781e+01,7.610031332863848696e+00
6.263503858245213252e+01,8.099693964129384582e+00
6.265504429837096723e+01,7.411048248469399802e+00
6.267505001428980194e+01,8.345995247709614873e+00
6.269505573020863665e+01,8.216048437070133659e+00
6.271506144612747136e+01,7.682960794739932986e+00
6.273506716204629896e+01,7.380220432941750452e+00
6.275507287796513367e+01,6.732559502451676892e+00
6.277507859388396838e+01,7.116056156646262565e+00
6.279508430980280309e+01,6.957966190131914530e+00
6.281509002572163780e+01,7.171451659930267120e+00
6.283509574164047251e+01,6.606075942494633146e+00
6.285510145755930722e+01,6.650985132291719282e+00
6.287510717347814193e+01,6.145445067850200616e+00
6.289511288939697664e+01,6.457205124330730683e+00
6.291511860531580425e+01,6.745839412985255912e+00
6.293512432123463896e+01,6.477301917187199720e+00
6.295513003715347367e+01,7.101630947204826683e+00
6.297513575307230838e+01,7.333606964457109356e+00
6.299514146899114309e+01,6.609414416861868702e+00
6.301514718490997780e+01,6.522982311588143567e+00
6.303515290082881251e+01,7.567366030944975286e+00
6.305515861674764722e+01,7.562067487103060870e+00
6.307516433266648193e+01,7.474877392628593853e+00
6.309517004858530953e+01,7.832394334167975813e+00
6.311517576450414424e+01,8.296629902988803096e+00
6.313518148042297895e+01,8.493762286266584027e+00
6.315518719634181366e+01,9.052817227254145394e+00
6.317519291226064837e+01,9.469186632783396007e+00
6.319519862817948308e+01,1.043535987794412456e+01
6.321520434409831779e+01,1.099375722238908537e+01
6.323521006001715250e+01,1.134257043400344678e+01
6.325521577593598721e+01,1.151122486270359779e+01
6.327522149185482192e+01,1.198374278197338683e+01
6.329522720777364952e+01,1.296372905402769149e+01
6.331523292369248423e+01,1.237350073613652057e+01
6.333523863961131894e+01,1.356928407651034263e+01
6.335524435553015365e+01,1.315150659200135408e+01
6.337525007144898836e+01,1.381217015927989777e+01
6.339525578736782307e+01,1.258587495170915460e+01
6.341526150328665778e+01,1.206773685003133600e+01
6.343526721920549249e+01,1.225026581815629889e+01
6.345527293512432720e+01,1.174004822227987432e+01
6.347527865104315481e+01,1.098603723471963001e+01
6.349528436696198952e+01,1.101496004670790896e+01
6.351529008288082423e+01,1.027059863418775087e+01
6.353529579879965894e+01,9.744669250055000731e+00
6.355530151471849365e+01,9.225572514941326574e+00
6.357530723063732836e+01,8.787624604652913618e+00
6.359531294655616307e+01,8.117075125919724243e+00
6.361531866247499778e+01,7.873743310383771288e+00
6.363532437839383249e+01,8.077093076530179161e+00
6.365533009431266720e+01,7.065972712436337844e+00
6.367533581023149480e+01,7.288715907592936638e+00
6.369534152615032951e+01,6.047161072935588244e+00
6.371534724206916422e+01,5.918107387532747232e+00
6.373535295798799893e+01,6.388541248822368956e+00
6.375535867390683364e+01,6.096473017307994624e+00
6.377536438982566835e+01,6.238921151878900950e+00
6.379537010574450306e+01,5.504938362590783285e+00
6.381537582166333777e+01,5.191087733526144277e+00
6.383538153758217248e+01,5.467592676429422482e+00
6.385538725350100009e+01,5.017185820679150865e+00
6.387539296941983480e+01,4.845101687126481593e+00
6.389539868533866951e+01,4.650300537205907858e+00
6.391540440125750422e+01,5.074515049890336194e+00
6.393541011717633893e+01,5.208224432370741397e+00
6.395541583309517364e+01,4.903224654199121346e+00
6.397542154901400835e+01,5.436324914684693255e+00
6.399542726493284306e+01,4.111569055098178715e+00
6.401543298085167066e+01,3.836488786273951845e+00
6.403543869677051248e+01,3.544112548696686460e+00
6.405544441268934008e+01,3.573007963473611159e+00
6.407545012860816769e+01,4.292568275613354523e+00
6.409545584452700950e+01,4.166624100337205761e+00
6.411546156044585132e+01,4.275372292743219838e+00
6.413546727636467892e+01,4.566249778168623763e+00
6.415547299228350653e+01,4.802210087857386789e+00
6.417547870820234834e+01,5.133648935848563966e+00
6.419548442412119016e+01,4.392604314321934211e+00
6.421549014004001776e+01,5.191318772449860397e+00
6.423549585595884537e+01,5.127221463592179340e+00
6.425550157187768718e+01,5.405182317478343101e+00
6.427550728779651479e+01,5.684567015628351427e+00
6.429551300371534239e+01,5.911032374187975336e+00
6.431551871963418421e+01,6.601994515856670631e+00
6.433552443555302602e+01,6.467986937641069467e+00
6.435553015147185363e+01,6.062262635995967486e+00
6.437553586739068123e+01,6.610074802653956638e+00
6.439554158330952305e+01,8.149020598238340796e+00
6.441554729922835065e+01,7.136857837886651623e+00
6.443555301514717826e+01,8.235024895177467386e+00
6.445555873106602007e+01,8.405179829143992976e+00
6.447556444698486189e+01,9.694358325405110222e+00
6.449557016290368949e+01,1.027478443684290177e+01
6.451557587882251710e+01,9.261661297746567101e+00
6.453558159474135891e+01,1.026810902793592106e+01
6.455558731066020073e+01,1.026890533489219237e+01
6.457559302657902833e+01,1.125057396652434427e+01
6.459559874249785594e+01,1.039694327446570377e+01
6.461560445841669775e+01,1.175111641988445221e+01
6.463561017433552536e+01,1.154403237574218721e+01
6.465561589025435296e+01,1.067453162384079413e+01
6.467562160617319478e+01,1.135920027078636885e+01
6.469562732209203659e+01,1.000250575844670742e+01
6.471563303801086420e+01,1.018035813509230891e+01
6.473563875392969180e+01,1.041215614634462483e+01
6.475564446984853362e+01,9.246048340832825119e+00
6.477565018576737543e+01,9.280975471274704347e+00
6.479565590168618883e+01,8.960714767328960662e+00
6.481566161760503064e+01,8.181443666210952870e+00
6.483566733352387246e+01,8.330566946650929339e+00
6.485567304944270006e+01,8.008771191017284963e+00
6.487567876536152767e+01,7.025802045503640514e+00
6.489568448128036948e+01,6.772820952254543059e+00
6.491569019719921130e+01,6.522066646655975575e+00
6.493569591311803890e+01,6.234717555100916186e+00
6.495570162903686651e+01,5.596430503648229582e+00
6.497570734495570832e+01,5.891799648499002728e+00
6.499571306087453593e+01,6.376698849604818697e+00
6.501571877679336353e+01,6.080290417941974113e+00
6.503572449271220535e+01,5.089738773342523004e+00
6.505573020863104716e+01,5.919659890963135496e+00
6.507573592454987477e+01,5.976146960182394885e+00
6.509574164046870237e+01,5.970796682138054479e+00
6.511574735638754419e+01,6.200867666996738414e+00
6.513575307230638600e+01,6.940601313945791162e+00
6.515575878822521361e+01,7.610293651664195025e+00
6.517576450414404121e+01,8.653971412767106131e+00
6.519577022006288303e+01,8.653963353432668981e+00
6.521577593598171063e+01,1.039025934603414214e+01
6.523578165190053824e+01,1.025916097403523253e+01
6.525578736781938005e+01,1.155974433422899850e+01
6.527579308373822187e+01,1.136579967618182074e+01
6.529579879965704947e+01,1.253902051973277665e+01
6.531580451557587708e+01,1.223863690683731065e+01
6.533581023149471889e+01,1.239924071133995120e+01
6.535581594741354650e+01,1.286783519086242933e+01
6.537582166333237410e+01,1.268577582093438316e+01
6.539582737925121592e+01,1.258154317139946521e+01
6.541583309517005773e+01,1.239314050569878312e+01
6.543583881108888534e+01,1.187682877631909761e+01
6.545584452700771294e+01,1.123890994813411659e+01
6.547585024292655476e+01,1.141528443681145966e+01
6.549585595884539657e+01,1.102402505723384074e+01
6.551586167476422418e+01,9.959938448109053155e+00
6.553586739068305178e+01,1.080709417322570687e+01
6.555587310660189360e+01,9.684263131774370592e+00
6.557587882252072120e+01,9.524096102175501954e+00
6.559588453843954881e+01,9.106086515455670494e+00
6.561589025435839062e+01,7.920412841651008229e+00
6.563589597027723244e+01,7.176081093593773552e+00
6.565590168619606004e+01,7.142402435795652593e+00
6.567590740211488765e+01,7.283931968818186498e+00
6.569591311803372946e+01,7.339000604471436873e+00
6.571591883395257128e+01,6.651975272389966776e+00
6.573592454987138467e+01,5.554223583396799668e+00
6.575593026579022649e+01,5.244056605396226978e+00
6.577593598170906830e+01,5.688850491142825483e+00
6.579594169762789591e+01,5.498123454050935166e+00
6.581594741354672351e+01,5.813917793353239993e+00
6.583595312946556533e+01,5.717121965211786616e+00
6.585595884538440714e+01,5.293769885972378297e+00
6.587596456130323475e+01,5.268954648232391236e+00
6.589597027722206235e+01,5.672849945132679927e+00
6.591597599314090417e+01,4.907853492856105504e+00
6.593598170905973177e+01,4.900566193018796923e+00
6.595598742497855937e+01,5.552564860442476657e+00
6.597599314089740119e+01,4.481643871485457176e+00
6.599599885681624301e+01,5.345000965521489178e+00
6.601600457273507061e+01,5.312485339974880816e+00
6.603601028865389821e+01,5.473424110682101329e+00
6.605601600457274003e+01,5.909186365449856204e+00
6.607602172049158185e+01,5.398268965420190746e+00
6.609602743641040945e+01,4.970189175917322899e+00
6.611603315232923705e+01,4.893538605618980242e+00
6.613603886824807887e+01,5.874937268554287328e+00
6.615604458416690647e+01,4.754600207611664686e+00
6.617605030008573408e+01,4.674160728744877424e+00
6.619605601600457589e+01,4.767375123917917179e+00
6.621606173192341771e+01,5.055928755305800770e+00
6.623606744784224531e+01,4.286485250838978800e+00
6.625607316376107292e+01,3.678272515951751309e+00
6.627607887967991473e+01,3.945879255549170850e+00
6.629608459559874234e+01,3.932578378481056625e+00
6.631609031151756994e+01,3.299641235733152378e+00
6.633609602743641176e+01,3.749065897853243179e+00
6.635610174335525357e+01,2.914953165357321296e+00
6.637610745927408118e+01,4.189398034071451171e+00
6.639611317519290878e+01,2.848708662099216582e+00
6.641611889111175060e+01,4.511840145449336426e+00
6.643612460703059241e+01,3.104292760078867452e+00
6.645613032294942002e+01,3.882589543490833073e+00
6.647613603886824762e+01,3.937494982573861435e+00
6.649614175478708944e+01,4.402816591486898190e+00
6.651614747070591704e+01,3.885013438251558426e+00
6.653615318662474465e+01,4.257891592200056863e+00
6.655615890254358646e+01,3.420771928839507758e+00
6.657616461846242828e+01,3.809955197925706472e+00
6.659617033438125588e+01,4.117882219591494142e+00
6.661617605030008349e+01,3.785107679844086803e+00
6.663618176621892530e+01,4.466012292897193703e+00
6.665618748213776712e+01,4.568903599665297577e+00
6.667619319805658051e+01,4.961448538354114923e+00
6.669619891397542233e+01,4.314377960122153688e+00
6.671620462989426414e+01,4.686950965399518942e+00
6.673621034581309175e+01,4.409845809285601881e+00
6.675621606173191935e+01,4.883949191474631135e+00
6.677622177765076117e+01,5.088282512128970758e+00
6.679622749356960298e+01,5.271138603139437606e+00
6.681623320948843059e+01,4.759913403108781083e+00
6.683623892540725819e+01,5.825931832100362584e+00
6.685624464132610001e+01,5.616798025006033868e+00
6.687625035724492761e+01,5.591286586035743689e+00
6.689625607316375522e+01,5.697487264894845360e+00
6.691626178908259703e+01,5.112433905108034082e+00
6.693626750500143885e+01,5.586283445123326530e+00
6.695627322092026645e+01,5.830876063374599738e+00
6.697627893683909406e+01,5.227224268505460181e+00
6.699628465275793587e+01,6.498282884741406917e+00
6.701629036867677769e+01,6.378573275953066002e+00
6.703629608459560529e+01,6.717823695312461929e+00
6.705630180051443290e+01,6.268905550165381868e+00
6.707630751643327471e+01,7.480897444827518505e+00
6.709631323235210232e+01,7.272706816915203376e+00
6.711631894827092992e+01,6.490168602066425763e+00
6.713632466418977174e+01,7.509184216081791874e+00
6.715633038010861355e+01,6.430620131682777796e+00
6.717633609602744116e+01,7.476502562747292302e+00
6.719634181194626876e+01,7.078471427276806338e+00
6.721634752786511058e+01,6.903264714167638871e+00
6.723635324378393818e+01,6.561602793890036978e+00
6.725635895970276579e+01,6.222799576505510188e+00
6.727636467562160760e+01,6.108012773707197418e+00
6.729637039154044942e+01,5.745455747811512026e+00
6.731637610745927702e+01,5.320942651593382422e+00
6.733638182337810463e+01,5.028167286566809224e+00
6.735638753929694644e+01,4.882268808151865258e+00
6.737639325521578826e+01,4.523212335815609109e+00
6.739639897113461586e+01,4.411068593395409465e+00
6.741640468705344347e+01,4.334724765077046627e+00
6.743641040297228528e+01,4.155898985972105386e+00
6.745641611889111289e+01,3.498532637377589793e+00
6.747642183480994049e+01,3.988535951484424746e+00
6.749642755072878231e+01,4.397400448761021430e+00
6.751643326664762412e+01,4.416117026958465530e+00
6.753643898256645173e+01,3.846147407861818301e+00
6.755644469848527933e+01,3.753437606893992751e+00
6.757645041440412115e+01,3.962577891214218440e+00
6.759645613032296296e+01,3.753005824121438128e+00
6.761646184624177636e+01,4.137134928916783139e+00
6.763646756216061817e+01,4.163681179205668492e+00
6.765647327807945999e+01,4.491358523019004956e+00
6.767647899399828759e+01,4.321407413851289014e+00
6.769648470991711520e+01,4.274574353407188276e+00
6.771649042583595701e+01,4.583373339631704013e+00
6.773649614175479883e+01,4.446223626443813970e+00
6.775650185767362643e+01,4.844935455133486002e+00
6.777650757359245404e+01,4.392591193960670104e+00
6.779651328951129585e+01,5.185495911541292635e+00
6.781651900543012346e+01,5.412116655325989178e+00
6.783652472134895106e+01,4.534086304169322901e+00
6.785653043726779288e+01,5.566208774692567474e+00
6.787653615318663469e+01,5.120368695512976132e+00
6.789654186910546230e+01,5.464029009478418075e+00
6.791654758502428990e+01,5.037664492933774163e+00
6.793655330094313172e+01,5.319012942241796438e+00
6.795655901686197353e+01,5.464028916941749081e+00
6.797656473278080114e+01,5.266296593200645582e+00
6.799657044869962874e+01,5.547347339509961728e+00
6.801657616461847056e+01,6.381517575998477021e+00
6.803658188053729816e+01,6.095608366344024809e+00
6.805658759645612577e+01,5.553142873195411333e+00
6.807659331237496758e+01,5.357445887413920360e+00
6.809659902829380940e+01,6.302414998463003570e+00
6.811660474421263700e+01,5.630687636017121633e+00
6.813661046013146461e+01,5.377271517470414430e+00
6.815661617605030642e+01,5.375853112217948926e+00
6.817662189196913403e+01,5.188488146135204815e+00
6.819662760788796163e+01,5.536147277655720345e+00
6.821663332380680345e+01,5.385029530867890379e+00
6.823663903972564526e+01,5.438065496148523081e+00
6.825664475564447287e+01,5.063503596893039749e+00
6.827665047156330047e+01,4.754713375296088174e+00
6.829665618748214229e+01,4.715204896362987341e+00
6.831666190340098410e+01,5.531556048067021614e+00
6.833666761931981171e+01,4.946732779271963309e+00
6.835667333523863931e+01,5.353369964713106555e+00
6.837667905115748113e+01,5.602081015702126798e+00
6.839668476707630873e+01,5.878151446905423683e+00
6.841669048299513634e+01,6.413825073100704266e+00
6.843669619891397815e+01,6.046003272545792839e+00
6.845670191483281997e+01,5.654707165176027672e+00
6.847670763075164757e+01,6.245107480811295630e+00
6.849671334667047518e+01,6.287692110010961954e+00
6.851671906258931699e+01,6.122764636117617343e+00
6.853672477850815881e+01,6.655235647613158889e+00
6.855673049442697220e+01,6.761267259028454824e+00
6.857673621034581402e+01,6.449106033014079031e+00
6.859674192626465583e+01,6.922756439581799981e+00
6.861674764218348344e+01,7.154677946848325476e+00
6.863675335810231104e+01,6.420487257098682399e+00
6.865675907402115286e+01,5.351987540370578778e+00
6.867676478993999467e+01,5.987705644198975108e+00
6.869677050585882228e+01,5.439124497106992528e+00
6.871677622177764988e+01,5.189028507415869740e+00
6.873678193769649170e+01,5.862085942577088815e+00
6.875678765361531930e+01,5.846427746372840240e+00
6.877679336953414690e+01,6.094302053758850590e+00
6.879679908545298872e+01,4.929674457275471156e+00
6.881680480137183054e+01,5.423922995148906523e+00
6.883681051729065814e+01,5.239431566738176116e+00
6.885681623320948574e+01,6.041543365335912519e+00
6.887682194912832756e+01,5.604346670715760759e+00
6.889682766504716938e+01,6.077792907236268860e+00
6.891683338096599698e+01,5.736443509995580392e+00
6.893683909688482458e+01,5.854080806933645853e+00
6.895684481280366640e+01,4.960541150803850385e+00
6.897685052872249400e+01,5.708019978473771516e+00
6.899685624464132161e+01,4.913303641963074675e+00
6.901686196056016342e+01,4.704612648090590099e+00
6.903686767647900524e+01,5.410843533210229594e+00
6.905687339239783284e+01,5.098489990108095782e+00
6.907687910831666045e+01,5.265303820589957162e+00
6.909688482423550226e+01,4.456420353510605281e+00
6.911689054015432987e+01,4.488404680633662380e+00
6.913689625607315747e+01,4.296647981946624562e+00
6.915690197199199929e+01,3.978311068449606580e+00
6.917690768791084110e+01,4.127153874557864199e+00
6.919691340382966871e+01,4.854600824801363679e+00
6.921691911974849631e+01,4.666774774783281288e+00
6.923692483566733813e+01,4.014941033332995346e+00
6.925693055158617994e+01,3.887065749694683880e+00
6.927693626750500755e+01,4.045966697501602205e+00
6.929694198342383515e+01,3.360629135608498963e+00
6.931694769934267697e+01,4.050111614920419711e+00
6.933695341526150457e+01,3.698364234256986016e+00
6.935695913118033218e+01,3.570934472889582878e+00
6.937696484709917399e+01,3.521768320895984683e+00
6.939697056301801581e+01,3.664396535870855232e+00
6.941697627893684341e+01,3.389370822001909644e+00
6.943698199485567102e+01,3.228344310617700330e+00
6.945698771077451283e+01,3.338961252863127172e+00
6.947699342669335465e+01,2.567819408418143823e+00
6.949699914261216804e+01,3.322397067756961420e+00
6.951700485853100986e+01,3.079578998664539213e+00
6.953701057444985167e+01,3.092483672766577651e+00
6.955701629036867928e+01,2.870243338173976255e+00
6.957702200628750688e+01,2.687909734077881474e+00
6.959702772220634870e+01,2.053445629307846243e+00
6.961703343812519051e+01,3.111880351635400999e+00
6.963703915404401812e+01,2.599728009245501958e+00
6.965704486996284572e+01,3.598531218125166298e+00
6.967705058588168754e+01,2.592413580946804075e+00
6.969705630180051514e+01,3.143006532250726792e+00
6.971706201771934275e+01,2.273720716762196226e+00
6.973706773363818456e+01,3.360554516093723798e+00
6.975707344955702638e+01,3.731951865799639556e+00
6.977707916547585398e+01,3.165530852356505775e+00
6.979708488139468159e+01,3.410807547575715581e+00
6.981709059731352340e+01,3.127304300898576805e+00
6.983709631323236522e+01,3.679024075769929070e+00
6.985710202915119282e+01,3.332394512261693365e+00
6.987710774507002043e+01,2.910823294525719973e+00
6.989711346098886224e+01,2.816429956681734126e+00
6.991711917690768985e+01,3.311953536617935789e+00
6.993712489282651745e+01,2.491690770018878176e+00
6.995713060874535927e+01,2.672669192151218009e+00
6.997713632466420108e+01,3.274541240129162478e+00
6.999714204058302869e+01,1.938154107989104702e+00
7.001714775650185629e+01,2.463325439170515274e+00
7.003715347242069811e+01,2.833814104224992469e+00
7.005715918833952571e+01,2.380750098465547637e+00
7.007716490425835332e+01,2.201222116049996735e+00
7.009717062017719513e+01,2.424223082071252477e+00
7.011717633609603695e+01,2.646644404613850199e+00
7.013718205201486455e+01,2.910220964410557443e+00
7.015718776793369216e+01,2.855553147251645107e+00
7.017719348385253397e+01,2.977146286386527230e+00
7.019719919977137579e+01,2.892383119080629950e+00
7.021720491569020339e+01,2.545132707645817671e+00
7.023721063160903100e+01,2.605287084227355443e+00
7.025721634752787281e+01,3.522819432327635170e+00
7.027722206344670042e+01,3.557175469401737899e+00
7.029722777936552802e+01,3.880613667580758985e+00
7.031723349528436984e+01,3.634922687317773793e+00
7.033723921120321165e+01,3.836477825181665580e+00
7.035724492712203926e+01,3.705478971943389155e+00
7.037725064304086686e+01,4.905746849277896615e+00
7.039725635895970868e+01,4.281959647602386454e+00
7.041726207487855049e+01,4.909342974593790210e+00
7.043726779079736389e+01,4.864215856310212693e+00
7.045727350671620570e+01,5.725748314776078374e+00
7.047727922263504752e+01,5.350904942412102905e+00
7.049728493855387512e+01,5.618736173487526742e+00
7.051729065447270273e+01,6.438863270674895389e+00
7.053729637039154454e+01,6.399212529168022634e+00
7.055730208631038636e+01,7.034643694094999233e+00
7.057730780222921396e+01,7.618185657286442591e+00
7.059731351814804157e+01,7.482976460040648092e+00
7.061731923406688338e+01,8.232288009708764065e+00
7.063732494998571099e+01,8.629886452187689017e+00
7.065733066590453859e+01,8.880720957766611079e+00
7.067733638182338041e+01,8.707600471048465351e+00
7.069734209774222222e+01,9.587446707442577321e+00
7.071734781366104983e+01,9.243747418175923158e+00
7.073735352957987743e+01,8.620038150692204582e+00
7.075735924549871925e+01,9.666656046367604560e+00
7.077736496141756106e+01,9.019505618630796917e+00
7.079737067733638867e+01,9.332174456980661503e+00
7.081737639325521627e+01,8.906953746289715923e+00
7.083738210917405809e+01,8.630964296999227514e+00
7.085738782509288569e+01,8.265642907770159198e+00
7.087739354101171330e+01,8.494378652223641524e+00
7.089739925693055511e+01,8.489582411437574194e+00
7.091740497284939693e+01,8.833883764687753271e+00
7.093741068876822453e+01,8.453379959562647983e+00
7.095741640468705214e+01,8.887472049339503855e+00
7.097742212060589395e+01,9.072953348196580947e+00
7.099742783652472156e+01,8.052056920372226756e+00
7.101743355244354916e+01,8.130109377875600174e+00
7.103743926836239098e+01,8.277696026650350092e+00
7.105744498428123279e+01,7.179205008297420143e+00
7.107745070020006040e+01,7.195952679364195248e+00
7.109745641611888800e+01,6.556266541619113930e+00
7.111746213203772982e+01,6.881780418841570324e+00
7.113746784795657163e+01,6.511590548602542938e+00
7.115747356387539924e+01,5.889867249426524509e+00
7.117747927979422684e+01,6.188634788046025292e+00
7.119748499571306866e+01,5.868937784826137261e+00
7.121749071163189626e+01,5.962292375977633618e+00
7.123749642755072387e+01,5.964774037029539677e+00
7.125750214346956568e+01,5.328465290971537982e+00
7.127750785938840750e+01,5.073116410678528254e+00
7.129751357530723510e+01,5.471852045263537079e+00
7.131751929122606271e+01,6.447698581234289961e+00
7.133752500714490452e+01,6.107224003954454972e+00
7.135753072306374634e+01,6.659260434657911176e+00
7.137753643898255973e+01,6.264037488631592154e+00
7.139754215490140155e+01,6.863325176391176008e+00
7.141754787082024336e+01,6.283021832234729764e+00
7.143755358673907097e+01,6.395400299652494347e+00
7.145755930265789857e+01,5.817577215360286047e+00
7.147756501857674039e+01,6.807799652833466553e+00
7.149757073449558220e+01,6.116726855875198154e+00
7.151757645041440981e+01,6.334157093334179756e+00
7.153758216633323741e+01,6.027203550820541267e+00
7.155758788225207923e+01,5.847245975265204621e+00
7.157759359817090683e+01,5.717818431201953544e+00
7.159759931408973443e+01,6.729307504928254247e+00
7.161760503000857625e+01,6.377188467981195430e+00
7.163761074592741807e+01,5.545808887244250585e+00
7.165761646184624567e+01,5.677774729206492843e+00
7.167762217776507327e+01,5.719396688410736118e+00
7.169762789368391509e+01,5.564504967928987966e+00
7.171763360960275691e+01,5.656834943106536784e+00
7.173763932552158451e+01,6.003530166759690090e+00
7.175764504144041211e+01,4.837985615955320284e+00
7.177765075735925393e+01,6.021960351915291554e+00
7.179765647327808153e+01,5.258765992439036197e+00
7.181766218919690914e+01,5.629941787357936711e+00
7.183766790511575095e+01,4.681504899106855078e+00
7.185767362103459277e+01,5.553081377384454953e+00
7.187767933695342037e+01,5.833635638584681260e+00
7.189768505287224798e+01,5.548663774955626238e+00
7.191769076879108979e+01,6.041922365626117397e+00
7.193769648470991740e+01,4.877230620231611802e+00
7.195770220062874500e+01,5.715419117064766574e+00
7.197770791654758682e+01,5.500258979219768918e+00
7.199771363246642863e+01,5.741953998155385541e+00
7.201771934838525624e+01,6.030182318518820139e+00
7.203772506430408384e+01,5.737315231102360968e+00
7.205773078022292566e+01,6.321926624433243269e+00
7.207773649614176747e+01,6.176174246116966415e+00
7.209774221206059508e+01,6.691516024244727134e+00
7.211774792797942268e+01,6.765295042351517907e+00
7.213775364389826450e+01,7.190579158493402900e+00
7.215775935981709210e+01,6.610810502505314545e+00
7.217776507573591971e+01,6.818890560235136178e+00
7.219777079165476152e+01,6.197412012196643616e+00
7.221777650757360334e+01,6.336339006260601536e+00
7.223778222349243094e+01,6.731544980363113773e+00
7.225778793941125855e+01,6.267417293341438267e+00
7.227779365533010036e+01,6.364837787276766967e+00
7.229779937124894218e+01,5.299381870032654263e+00
7.231780508716775557e+01,5.326286275780111268e+00
7.233781080308659739e+01,5.267927433030996198e+00
7.235781651900543920e+01,5.052007793419985404e+00
7.237782223492426681e+01,5.287900520029099383e+00
7.239782795084309441e+01,3.933425334957352248e+00
7.241783366676193623e+01,4.219717244682982482e+00
7.243783938268077804e+01,4.529653602325323547e+00
7.245784509859960565e+01,4.259320599656232886e+00
7.247785081451843325e+01,4.044347935506319658e+00
7.249785653043727507e+01,3.480425151965849118e+00
7.251786224635610267e+01,2.706542724546592726e+00
7.253786796227493028e+01,3.603492567443042915e+00
7.255787367819377209e+01,3.395909386042513134e+00
7.257787939411261391e+01,2.998277927537496002e+00
7.259788511003144151e+01,3.856714692678655076e+00
7.261789082595026912e+01,3.221503820159877129e+00
7.263789654186911093e+01,3.098627935957961821e+00
7.265790225778795275e+01,3.924821357709586955e+00
7.267790797370678035e+01,2.946986094025468184e+00
7.269791368962560796e+01,2.722970137505928090e+00
7.271791940554444977e+01,3.176685809345761946e+00
7.273792512146327738e+01,3.549254208482214068e+00
7.275793083738210498e+01,4.307830934867075356e+00
7.277793655330094680e+01,4.225035935759620997e+00
7.279794226921978861e+01,3.747090352621159859e+00
7.281794798513861622e+01,4.075756657542571659e+00
7.283795370105744382e+01,4.268270936501992630e+00
7.285795941697628564e+01,5.487211180418026579e+00
7.287796513289511324e+01,5.694138905129485728e+00
7.289797084881394085e+01,5.372931140354310742e+00
7.291797656473278266e+01,5.658192148632877227e+00
7.293798228065162448e+01,6.064849386665286168e+00
7.295798799657045208e+01,6.466608513330184493e+00
7.297799371248927969e+01,6.926189413124744121e+00
7.299799942840812150e+01,7.470571510075098232e+00
7.301800514432696332e+01,7.343821794383835311e+00
7.303801086024579092e+01,7.528005910613122964e+00
7.305801657616461853e+01,8.327675662615153129e+00
7.307802229208346034e+01,8.054758088815269446e+00
7.309802800800228795e+01,9.015460792736920581e+00
7.311803372392111555e+01,8.955848393761527859e+00
7.313803943983995737e+01,8.657479624148715303e+00
7.315804515575879918e+01,1.013707607053190074e+01
7.317805087167762679e+01,9.844196608055941766e+00
7.319805658759645439e+01,9.215730201958184153e+00
7.321806230351529621e+01,1.045202810568796004e+01
7.323806801943413802e+01,9.940697256732690335e+00
7.325807373535295142e+01,1.087056020399532485e+01
7.327807945127179323e+01,9.644545817454183378e+00
7.329808516719063505e+01,9.589262523479607836e+00
7.331809088310946265e+01,9.561299592811419501e+00
7.333809659902829026e+01,9.268833028851886979e+00
7.335810231494713207e+01,8.741048046091037804e+00
7.337810803086597389e+01,8.033093532653129643e+00
7.339811374678480149e+01,7.723075361645724612e+00
7.341811946270362910e+01,7.280466102675243967e+00
7.343812517862247091e+01,6.427027154829082711e+00
7.345813089454129852e+01,6.499533376251859451e+00
7.347813661046012612e+01,6.393015203251326994e+00
7.349814232637896794e+01,5.838624241878894949e+00
7.351814804229780975e+01,5.370366000953569419e+00
7.353815375821663736e+01,4.718963249134517035e+00
7.355815947413546496e+01,5.304829803627053586e+00
7.357816519005430678e+01,4.431340277027791430e+00
7.359817090597314859e+01,4.628640480839416149e+00
7.361817662189197620e+01,4.675199064117410153e+00
7.363818233781080380e+01,4.687354021595920628e+00
7.365818805372964562e+01,4.483951231393904280e+00
7.367819376964847322e+01,4.671755028877876192e+00
7.369819948556730083e+01,5.067241036547068589e+00
7.371820520148614264e+01,4.938978708083624269e+00
7.373821091740498446e+01,4.222251651266742734e+00
7.375821663332381206e+01,4.385310524206683880e+00
7.377822234924263967e+01,4.508075794905981759e+00
7.379822806516148148e+01,3.544534754879435035e+00
7.381823378108030909e+01,4.110172150477374053e+00
7.383823949699913669e+01,5.034749027611755245e+00
7.385824521291797851e+01,4.841985071968152532e+00
7.387825092883682032e+01,4.511061411242997643e+00
7.389825664475564793e+01,3.702990890290147608e+00
7.391826236067447553e+01,4.366814412019411229e+00
7.393826807659331735e+01,4.536243493849509534e+00
7.395827379251215916e+01,3.972294892029276880e+00
7.397827950843098677e+01,4.109315985218716882e+00
7.399828522434981437e+01,4.506250528340646433e+00
7.401829094026865619e+01,3.811341697524071481e+00
7.403829665618748379e+01,4.390645502681483237e+00
7.405830237210632561e+01,4.302587390571242842e+00
7.407830808802515321e+01,4.536173038141308567e+00
7.409831380394398082e+01,4.669974370398465524e+00
7.411831951986282263e+01,5.239232220302966425e+00
7.413832523578165024e+01,5.751012361099696157e+00
7.415833095170049205e+01,5.238251010168859523e+00
7.417833666761931966e+01,6.080689460738017083e+00
7.419834238353816147e+01,6.090621046740650968e+00
7.421834809945698908e+01,6.127668022717850604e+00
7.423835381537583089e+01,6.854902724694545313e+00
7.425835953129465850e+01,7.950144999913600685e+00
7.427836524721348610e+01,8.034197204355656652e+00
7.429837096313232792e+01,9.543331634759613991e+00
7.431837667905115552e+01,8.901721677566087010e+00
7.433838239496999734e+01,1.054213806197816083e+01
7.435838811088882494e+01,1.017387988037506474e+01
7.437839382680766676e+01,1.075405481187807055e+01
7.439839954272649436e+01,1.090725660417346710e+01
7.441840525864533618e+01,1.104589670406155122e+01
7.443841097456416378e+01,1.219675822382837893e+01
7.445841669048300560e+01,1.198063179599424011e+01
7.447842240640183320e+01,1.168550699017003680e+01
7.449842812232066080e+01,1.183453481406676744e+01
7.451843383823950262e+01,1.168494066887745220e+01
7.453843955415833022e+01,1.188269364661669059e+01
7.455844527007717204e+01,1.207507890010893448e+01
7.457845098599599964e+01,1.038697897770353507e+01
7.459845670191484146e+01,1.040875250804421981e+01
7.461846241783366906e+01,1.007535889973570420e+01
7.463846813375251088e+01,9.713852529243757417e+00
7.465847384967133848e+01,9.483632990339238233e+00
7.467847956559016609e+01,8.922813279568320155e+00
7.469848528150900790e+01,8.583052561242354273e+00
7.471849099742783551e+01,8.171145649085678642e+00
7.473849671334667732e+01,8.067875548688592247e+00
7.475850242926550493e+01,6.717987969337059440e+00
7.477850814518434674e+01,7.621472588805730197e+00
7.479851386110317435e+01,6.203942895694140702e+00
7.481851957702201616e+01,7.085054440256255859e+00
7.483852529294084377e+01,6.800465590661259441e+00
7.485853100885967137e+01,6.448497055531837496e+00
7.487853672477851319e+01,6.091412129504975681e+00
7.489854244069734079e+01,5.312142472201413668e+00
7.491854815661618261e+01,4.974038205646344579e+00
7.493855387253501021e+01,4.678648292086949212e+00
7.495855958845385203e+01,5.433623663114543589e+00
7.497856530437267963e+01,4.326893105510153603e+00
7.499857102029152145e+01,5.431448847294159776e+00
7.501857673621034905e+01,5.800096258916756398e+00
7.503858245212917666e+01,5.380928317386700854e+00
7.505858816804801847e+01,4.114101421745202103e+00
7.507859388396684608e+01,3.791205311925687660e+00
7.509859959988568789e+01,4.142157565919436735e+00
7.511860531580451550e+01,4.175289037593919339e+00
7.513861103172335731e+01,4.556937763293097632e+00
7.515861674764218492e+01,4.382593373664591674e+00
7.517862246356102673e+01,5.261565165540442734e+00
7.519862817947985434e+01,4.939107906035957285e+00
7.521863389539868194e+01,4.126860440364372273e+00
7.523863961131752376e+01,3.564754618381311690e+00
7.525864532723635136e+01,4.781315291215268104e+00
7.527865104315519318e+01,3.972589159228745004e+00
7.529865675907402078e+01,4.103351384194633411e+00
7.531866247499286260e+01,4.589222613699027065e+00
7.533866819091169020e+01,3.821486802709818775e+00
7.535867390683053202e+01,4.106509535556309487e+00
7.537867962274935962e+01,3.679225215570081087e+00
7.539868533866820144e+01,3.122141098241882240e+00
7.541869105458702904e+01,4.170818016373682546e+00
7.543869677050585665e+01,3.953850542954077785e+00
7.545870248642469846e+01,4.198440768460959482e+00
7.547870820234352607e+01,4.179168155964386955e+00
7.549871391826236788e+01,3.806174254992429340e+00
7.551871963418119549e+01,3.849842162010292501e+00
7.553872535010003730e+01,3.903749150957502856e+00
7.555873106601886491e+01,4.100235787854476399e+00
7.557873678193770672e+01,3.838653761028336220e+00
7.559874249785653433e+01,4.430300522400555607e+00
7.561874821377536193e+01,4.544780617221229946e+00
7.563875392969420375e+01,4.317276896461746283e+00
7.565875964561303135e+01,5.102569594043056433e+00
7.567876536153187317e+01,4.516088387799907622e+00
7.569877107745070077e+01,3.820179971027986454e+00
7.571877679336954259e+01,4.908661003212342777e+00
7.573878250928837019e+01,5.036219151403279248e+00
7.575878822520721201e+01,4.485173426381508399e+00
7.577879394112603961e+01,4.442663127079317320e+00
7.579879965704486722e+01,3.898434984510226631e+00
7.581880537296370903e+01,4.064027555002039271e+00
7.583881108888253664e+01,3.521588668546259626e+00
7.585881680480137845e+01,3.673012626713371365e+00
7.587882252072020606e+01,4.174486331675580253e+00
7.589882823663904787e+01,4.394269579587488650e+00
7.591883395255787548e+01,4.015582110916188441e+00
7.593883966847671729e+01,3.444687278628243643e+00
7.595884538439554490e+01,4.504215519225183151e+00
7.597885110031437250e+01,3.240635332558116755e+00
7.599885681623321432e+01,3.210018799637704756e+00
7.601886253215204192e+01,3.293701234257448540e+00
7.603886824807088374e+01,3.917135935830602378e+00
7.605887396398971134e+01,3.619562738780831790e+00
7.607887967990855316e+01,4.534911573747709923e+00
7.609888539582738076e+01,3.498656526178988813e+00
7.611889111174622258e+01,3.846112864322370317e+00
7.613889682766505018e+01,3.949671880733558904e+00
7.615890254358387779e+01,4.278644247283043711e+00
7.617890825950271960e+01,3.843333934906428606e+00
7.619891397542154721e+01,4.018580301286120537e+00
7.621891969134038902e+01,4.227078836112633020e+00
7.623892540725921663e+01,5.353577927593967445e+00
7.625893112317805844e+01,5.365170666693481749e+00
7.627893683909688605e+01,4.912128809623703241e+00
7.629894255501572786e+01,5.206420020279162841e+00
7.631894827093455547e+01,4.814305625191256155e+00
7.633895398685339728e+01,5.616468623761429413e+00
7.635895970277222489e+01,5.763632181225505136e+00
7.637896541869105249e+01,6.235414937637846933e+00
7.639897113460989431e+01,6.620132814955093536e+00
7.641897685052872191e+01,6.756265617529067846e+00
7.643898256644756373e+01,6.535523023656597985e+00
7.645898828236639133e+01,7.890022439820405964e+00
7.647899399828523315e+01,6.346075336577079007e+00
7.649899971420406075e+01,6.749229654373007037e+00
7.651900543012290257e+01,7.100999518783400966e+00
7.653901114604173017e+01,7.417983677716729396e+00
7.655901686196055778e+01,7.867416414269961855e+00
7.657902257787939959e+01,6.516589827094326992e+00
7.659902829379822720e+01,7.412250883574460047e+00
7.661903400971706901e+01,6.613537271457364142e+00
7.663903972563589662e+01,6.952977714198371295e+00
7.665904544155473843e+01,6.914983252827486382e+00
7.667905115747356604e+01,5.658224562541971814e+00
7.669905687339240785e+01,6.497149700998909871e+00
7.671906258931123546e+01,6.042450381277799210e+00
7.673906830523006306e+01,5.969771274604456224e+00
7.675907402114890488e+01,5.175162510824645068e+00
7.677907973706773248e+01,5.913590954838966240e+00
7.679908545298657430e+01,5.839959174777438200e+00
7.681909116890540190e+01,5.337668094410441100e+00
7.683909688482424372e+01,5.170312093433247824e+00
7.685910260074307132e+01,5.113658196389753385e+00
7.687910831666191314e+01,5.839406629363688594e+00
7.689911403258074074e+01,4.736869915871276149e+00
7.691911974849956835e+01,5.250158353361138452e+00
7.693912546441841016e+01,5.363573205106675346e+00
7.695913118033723777e+01,5.143206671153183862e+00
7.697913689625607958e+01,5.288712841362590567e+00
7.699914261217490719e+01,4.417355534294157060e+00
7.701914832809374900e+01,4.737572669577740925e+00
7.703915404401257661e+01,4.637557242542632352e+00
7.705915975993141842e+01,5.060159109676187761e+00
7.707916547585024603e+01,4.527056971083872838e+00
7.709917119176907363e+01,5.867927635494474714e+00
7.711917690768791545e+01,6.042634138714120695e+00
7.713918262360674305e+01,5.179873305865157818e+00
7.715918833952558487e+01,6.376733348718733652e+00
7.717919405544441247e+01,5.916283302203941830e+00
7.719919977136325429e+01,6.411248500726860478e+00
7.721920548728208189e+01,5.627492163581537810e+00
7.723921120320092371e+01,6.050993917519191356e+00
7.725921691911975131e+01,6.084639667666296603e+00
7.727922263503859313e+01,6.014572187895531385e+00
7.729922835095742073e+01,5.796388371849607424e+00
7.731923406687624833e+01,5.749895123145845943e+00
7.733923978279509015e+01,5.340869148566564917e+00
7.735924549871391775e+01,5.882040230504629541e+00
7.737925121463275957e+01,6.051396404184043121e+00
7.739925693055158717e+01,5.962471564749080244e+00
7.741926264647042899e+01,6.012639113869553853e+00
7.743926836238925659e+01,6.030762112196167202e+00
7.745927407830809841e+01,6.304379676266528065e+00
7.747927979422692601e+01,6.830153389950774923e+00
7.749928551014575362e+01,7.160098007093464112e+00
7.751929122606459543e+01,6.729699990250454178e+00
7.753929694198342304e+01,6.252121465603782013e+00
7.755930265790226485e+01,6.587916545923460099e+00
7.757930837382109246e+01,7.441465359034964422e+00
7.759931408973993427e+01,6.359061390897357668e+00
7.761931980565876188e+01,7.341406620228058344e+00
7.763932552157760369e+01,6.707173925897822464e+00
7.765933123749643130e+01,8.035742298904230196e+00
7.767933695341525890e+01,7.233859330011213729e+00
7.769934266933410072e+01,7.675854427534250846e+00
7.771934838525292832e+01,7.892040062390035970e+00
7.773935410117177014e+01,7.383674212158068073e+00
7.775935981709059774e+01,7.048144328898484190e+00
7.777936553300943956e+01,6.605258787734568315e+00
7.779937124892826716e+01,6.493529883462895391e+00
7.781937696484710898e+01,6.183727811550294717e+00
7.783938268076593658e+01,6.682705163795558789e+00
7.785938839668476419e+01,6.818677580791558057e+00
7.787939411260360600e+01,7.059761663349016558e+00
7.789939982852243361e+01,6.638855951692653079e+00
7.791940554444127542e+01,6.389188785195709208e+00
7.793941126036010303e+01,6.665851011568160622e+00
7.795941697627894484e+01,6.660570792570921661e+00
7.797942269219777245e+01,6.404247885825356867e+00
7.799942840811661426e+01,6.874829859373651431e+00
7.801943412403544187e+01,6.443454582767175864e+00
7.803943983995426947e+01,7.146690241372368746e+00
7.805944555587311129e+01,5.896965770484382752e+00
7.807945127179193889e+01,7.621812360539643727e+00
7.809945698771078071e+01,6.835651355239422244e+00
7.811946270362960831e+01,7.033912532643942228e+00
7.813946841954845013e+01,6.393916553042924278e+00
7.815947413546727773e+01,6.943306784190374614e+00
7.817947985138611955e+01,6.334029848845674771e+00
7.819948556730494715e+01,6.247348409744619246e+00
7.821949128322378897e+01,5.838587636490190746e+00
7.823949699914261657e+01,5.914965056702516932e+00
7.825950271506144418e+01,5.729123702118886996e+00
7.827950843098028599e+01,5.952769038307396343e+00
7.829951414689911360e+01,5.664062985208261125e+00
7.831951986281795541e+01,5.004532053514774148e+00
7.833952557873678302e+01,6.040944865335134750e+00
7.835953129465562483e+01,4.952987359097699382e+00
7.837953701057445244e+01,5.845539016995811465e+00
7.839954272649329425e+01,6.154386432212804792e+00
7.841954844241212186e+01,6.092438030465661569e+00
7.843955415833094946e+01,5.906337959883728672e+00
7.845955987424979128e+01,4.886457324801209090e+00
7.847956559016861888e+01,6.548994982528974163e+00
7.849957130608746070e+01,5.908530576008967472e+00
7.851957702200628830e+01,5.729950598365942227e+00
7.853958273792513012e+01,5.661043307269894242e+00
7.855958845384395772e+01,5.839209857982487151e+00
7.857959416976279954e+01,6.285104309597101313e+00
7.859959988568162714e+01,6.261758233753763392e+00
7.861960560160045475e+01,6.801819813339585963e+00
7.863961131751929656e+01,5.579166289138695944e+00
7.865961703343812417e+01,6.087402612391300316e+00
7.867962274935696598e+01,6.587492634273406367e+00
7.869962846527579359e+01,6.068147393360018960e+00
7.871963418119463540e+01,5.991148883280050796e+00
7.873963989711346301e+01,5.627802190780670344e+00
7.875964561303230482e+01,6.420068959625689686e+00
7.877965132895113243e+01,5.272844946180532233e+00
7.879965704486996003e+01,5.746171711114151925e+00
7.881966276078880185e+01,4.969719406794432359e+00
7.883966847670762945e+01,5.523656870317656953e+00
7.885967419262647127e+01,5.134709535140691727e+00
7.887967990854529887e+01,5.155138036885258401e+00
7.889968562446414069e+01,5.451428902280690103e+00
7.891969134038296829e+01,5.524529038085967514e+00
7.893969705630181011e+01,5.503613989522604832e+00
7.895970277222063771e+01,4.793044054269691046e+00
7.897970848813946532e+01,4.493548884199688231e+00
7.899971420405830713e+01,4.015663610712788767e+00
7.901971991997713474e+01,4.512826293360387098e+00
7.903972563589597655e+01,4.011981193166567650e+00
7.905973135181480416e+01,3.688411488717799891e+00
7.907973706773364597e+01,4.664382775417045934e+00
7.909974278365247358e+01,3.579653467681027657e+00
7.911974849957131539e+01,4.615420921837819712e+00
7.913975421549014300e+01,3.483586178118572629e+00
7.915975993140898481e+01,3.135393173903667563e+00
7.917976564732781242e+01,4.026268509834089571e+00
7.919977136324664002e+01,3.899693942198330099e+00
7.921977707916548184e+01,4.061193545996671261e+00
7.923978279508430944e+01,3.507212519794535854e+00
7.925978851100315126e+01,4.181637468219289389e+00
7.927979422692197886e+01,4.243240525723672718e+00
7.929979994284082068e+01,5.056273897647487914e+00
7.931980565875964828e+01,4.211602331328327509e+00
7.933981137467849010e+01,4.338672540070200867e+00
7.935981709059731770e+01,4.841395041821241030e+00
7.937982280651614531e+01,3.666222293291943046e+00
7.939982852243498712e+01,4.443789269356049232e+00
7.941983423835381473e+01,3.611912534673194841e+00
7.943983995427265654e+01,3.387932870469921642e+00
7.945984567019148415e+01,2.923811853579462827e+00
7.947985138611032596e+01,3.184227651414730076e+00
7.949985710202915357e+01,2.907494327643110665e+00
7.951986281794799538e+01,3.787806027925578967e+00
7.953986853386682299e+01,3.513310195814167258e+00
7.955987424978565059e+01,3.820584733679214473e+00
7.957987996570449241e+01,4.095704938750232671e+00
7.959988568162332001e+01,3.227086045892148647e+00
7.961989139754216183e+01,3.347813307844484498e+00
7.963989711346098943e+01,3.522720294299353405e+00
7.965990282937983125e+01,3.664556979073771537e+00
7.967990854529865885e+01,3.915402659564453103e+00
7.969991426121750067e+01,3.480991944247243453e+00
7.971991997713632827e+01,3.527059449235636635e+00
7.973992569305515588e+01,3.483309732779781953e+00
7.975993140897399769e+01,4.080640671312372625e+00
7.977993712489282530e+01,3.182908637059462809e+00
7.979994284081166711e+01,3.699506295561029390e+00
7.981994855673049472e+01,3.383436381493649669e+00
7.983995427264933653e+01,2.974582144262549299e+00
7.985995998856816414e+01,2.647508195594289848e+00
7.987996570448700595e+01,3.584001039211581308e+00
7.989997142040583356e+01,2.604113845752316081e+00
7.991997713632466116e+01,3.184119267991534663e+00
7.993998285224350298e+01,1.813115581368436313e+00
7.995998856816233058e+01,2.169270111518850186e+00
7.997999428408117240e+01,2.720641461521741356e+00
8.000000000000000000e+01,1.301669524988179782e+00
