angle,intensity
1.000000000000000000e+01,4.022981228973256052e+00
1.002000571591883471e+01,2.827965038102389528e+00
1.004001143183766764e+01,3.370967036663320648e+00
1.006001714775650235e+01,3.731866229035672333e+00
1.008002286367533529e+01,4.327023282033061413e+00
1.010002857959417000e+01,3.441796151764002776e+00
1.012003429551300293e+01,2.910883786945363649e+00
1.014004001143183764e+01,3.184364727121659300e+00
1.016004572735067235e+01,3.513390194924197907e+00
1.018005144326950528e+01,3.501715138556265039e+00
1.020005715918833999e+01,3.735810055706608956e+00
1.022006287510717293e+01,3.615377682173373408e+00
1.024006859102600764e+01,3.345045620491287064e+00
1.026007430694484057e+01,3.706892536857037790e+00
1.028008002286367528e+01,4.037230026716719600e+00
1.030008573878250999e+01,4.227003919345811767e+00
1.032009145470134293e+01,3.011857392667871114e+00
1.034009717062017764e+01,3.458925850485812248e+00
1.036010288653901057e+01,3.759293164941922338e+00
1.038010860245784528e+01,4.386358066360243946e+00
1.040011431837667999e+01,4.180389640657931949e+00
1.042012003429551292e+01,3.316975400273949770e+00
1.044012575021434763e+01,3.539645127821701376e+00
1.046013146613318057e+01,3.622995209590142096e+00
1.048013718205201528e+01,3.087751407451675423e+00
1.050014289797084821e+01,3.398966923005152907e+00
1.052014861388968292e+01,3.702154022167157610e+00
1.054015432980851585e+01,3.950974246081806029e+00
1.056016004572735056e+01,4.116446301131156282e+00
1.058016576164618527e+01,3.505499243096359852e+00
1.060017147756501821e+01,3.515917093506412794e+00
1.062017719348385292e+01,3.336730081642942380e+00
1.064018290940268585e+01,3.852460004770152047e+00
1.066018862532152056e+01,3.028887390163957694e+00
1.068019434124035527e+01,3.271599795621152218e+00
1.070020005715918820e+01,3.108155268794829063e+00
1.072020577307802292e+01,3.580417573097113060e+00
1.074021148899685585e+01,3.243558194945272533e+00
1.076021720491569056e+01,3.392423164830902227e+00
1.078022292083452349e+01,3.833038854505478099e+00
1.080022863675335820e+01,3.766280846382374925e+00
1.082023435267219291e+01,3.780857970553478609e+00
1.084024006859102585e+01,4.324105816069073960e+00
1.086024578450986056e+01,4.007832276699616614e+00
1.088025150042869349e+01,4.297089015557114422e+00
1.090025721634752820e+01,3.068758084412426701e+00
1.092026293226636113e+01,3.475947378519893771e+00
1.094026864818519584e+01,3.852263400539516436e+00
1.096027436410403055e+01,3.484408854279012147e+00
1.098028008002286349e+01,2.800595725480098164e+00
1.100028579594169820e+01,3.184891853618480262e+00
1.102029151186053113e+01,3.686352603393701077e+00
1.104029722777936584e+01,3.260718601417419205e+00
1.106030294369819877e+01,3.758022665548246266e+00
1.108030865961703348e+01,4.170911035212228946e+00
1.110031437553586819e+01,4.552823938095031941e+00
1.112032009145470113e+01,3.728991220944227081e+00
1.114032580737353584e+01,3.794097447835563131e+00
1.116033152329236877e+01,4.480502911959991508e+00
1.118033723921120348e+01,3.314784314996132242e+00
1.120034295513003642e+01,4.127019752332666158e+00
1.122034867104887113e+01,3.634831453323484673e+00
1.124035438696770584e+01,3.746302791425176970e+00
1.126036010288653877e+01,4.244950458580429853e+00
1.128036581880537348e+01,4.312988767793673794e+00
1.130037153472420641e+01,3.646543916557113185e+00
1.132037725064304112e+01,3.527556673623490013e+00
1.134038296656187583e+01,3.462062053862849709e+00
1.136038868248070877e+01,2.790032817011608657e+00
1.138039439839954348e+01,3.628744337125058728e+00
1.140040011431837641e+01,3.506319161360564429e+00
1.142040583023721112e+01,3.551764343086978304e+00
1.144041154615604405e+01,3.790325736288201686e+00
1.146041726207487876e+01,3.546032273406832580e+00
1.148042297799371170e+01,3.145802870709119681e+00
1.150042869391254641e+01,3.412961361407608862e+00
1.152043440983138112e+01,3.291708267080739159e+00
1.154044012575021405e+01,3.795471289594474662e+00
1.156044584166904876e+01,3.774226889758888870e+00
1.158045155758788169e+01,4.031792795121718953e+00
1.160045727350671640e+01,3.738823454055621553e+00
1.162046298942555111e+01,3.854044048833828562e+00
1.164046870534438405e+01,3.440000081059360504e+00
1.166047442126321876e+01,3.844096409712681073e+00
1.168048013718205169e+01,3.916566422242050205e+00
1.170048585310088640e+01,3.796194534689327771e+00
1.172049156901971934e+01,3.455783854420836576e+00
1.174049728493855405e+01,3.273006365941197870e+00
1.176050300085738698e+01,3.429106496834977147e+00
1.178050871677622169e+01,3.720621591701994912e+00
1.180051443269505640e+01,4.155820455369687139e+00
1.182052014861388933e+01,3.889542807355424792e+00
1.184052586453272404e+01,3.597826530874773887e+00
1.186053158045155698e+01,3.236409286346715763e+00
1.188053729637039169e+01,3.956760936216436875e+00
1.190054301228922640e+01,3.461335991706544046e+00
1.192054872820805933e+01,3.488528549799905676e+00
1.194055444412689404e+01,3.920107347876884862e+00
1.196056016004572697e+01,4.662556427042698459e+00
1.198056587596456168e+01,4.479000623591836039e+00
1.200057159188339639e+01,4.213879368334357167e+00
1.202057730780222933e+01,4.413038381315339542e+00
1.204058302372106226e+01,4.096500034825611536e+00
1.206058873963989697e+01,3.848312716908034670e+00
1.208059445555873168e+01,4.025237905856641873e+00
1.210060017147756461e+01,3.933565163445110535e+00
1.212060588739639932e+01,4.677591088332671454e+00
1.214061160331523226e+01,4.753939735563827540e+00
1.216061731923406697e+01,4.465187857480708900e+00
1.218062303515290168e+01,4.939870310611574666e+00
1.220062875107173461e+01,4.789223177829874167e+00
1.222063446699056932e+01,4.438159985316473488e+00
1.224064018290940226e+01,4.306356734678796983e+00
1.226064589882823697e+01,4.623668132143140319e+00
1.228065161474707168e+01,5.114605246266637373e+00
1.230065733066590461e+01,4.821342682748960939e+00
1.232066304658473754e+01,5.492694883188570465e+00
1.234066876250357225e+01,4.921622067720195837e+00
1.236067447842240696e+01,5.244341125238920931e+00
1.238068019434123990e+01,5.325554111832634163e+00
1.240068591026007461e+01,5.922935060165443133e+00
1.242069162617890754e+01,5.118663185457570819e+00
1.244069734209774225e+01,5.497014320736456128e+00
1.246070305801657696e+01,5.238075447135038587e+00
1.248070877393540989e+01,5.640220059873823466e+00
1.250071448985424460e+01,5.841565689803930539e+00
1.252072020577307754e+01,6.143958361542802393e+00
1.254072592169191225e+01,6.157237012372634766e+00
1.256073163761074696e+01,5.117013104467980078e+00
1.258073735352957989e+01,5.642076531483660951e+00
1.260074306944841460e+01,5.658500841907115664e+00
1.262074878536724754e+01,5.583367914978585311e+00
1.264075450128608225e+01,6.233385894474594124e+00
1.266076021720491518e+01,5.412180164085423684e+00
1.268076593312374989e+01,6.791128338420616473e+00
1.270077164904258282e+01,6.997358984349125066e+00
1.272077736496141753e+01,6.690979171121153257e+00
1.274078308088025224e+01,6.933526787822477999e+00
1.276078879679908518e+01,7.049410710273401826e+00
1.278079451271791989e+01,6.775923115112243877e+00
1.280080022863675282e+01,7.381528512799231834e+00
1.282080594455558753e+01,6.438931281803466078e+00
1.284081166047442224e+01,7.106918804815162360e+00
1.286081737639325517e+01,7.797684307891817213e+00
1.288082309231208988e+01,6.771426450023467325e+00
1.290082880823092282e+01,7.150277579022757735e+00
1.292083452414975753e+01,8.009901343997686496e+00
1.294084024006859224e+01,7.416178639302100528e+00
1.296084595598742517e+01,7.339120092865945466e+00
1.298085167190625810e+01,8.234598430746384423e+00
1.300085738782509281e+01,7.712971668383803880e+00
1.302086310374392752e+01,8.220129015239344028e+00
1.304086881966276046e+01,7.593760292873881212e+00
1.306087453558159517e+01,8.216780279066483672e+00
1.308088025150042810e+01,8.194869190880853083e+00
1.310088596741926281e+01,8.019356280453230568e+00
1.312089168333809752e+01,8.545088363886865324e+00
1.314089739925693046e+01,8.807119908705551836e+00
1.316090311517576517e+01,8.692257717354287649e+00
1.318090883109459810e+01,9.392376327549412096e+00
1.320091454701343281e+01,8.818454982720915325e+00
1.322092026293226752e+01,9.612484953778800190e+00
1.324092597885110045e+01,9.444714992972121692e+00
1.326093169476993339e+01,1.004609519749006097e+01
1.328093741068876810e+01,1.075329303917086321e+01
1.330094312660760281e+01,9.898381728068381236e+00
1.332094884252643574e+01,1.034891791700067998e+01
1.334095455844527045e+01,1.106815620121740196e+01
1.336096027436410338e+01,1.108800277212946916e+01
1.338096599028293809e+01,1.066552553992278973e+01
1.340097170620177280e+01,1.100425820249115993e+01
1.342097742212060574e+01,1.046343703730056518e+01
1.344098313803944045e+01,1.126715531545139903e+01
1.346098885395827338e+01,1.196071576566404104e+01
1.348099456987710809e+01,1.229850163029634302e+01
1.350100028579594280e+01,1.233404786934020336e+01
1.352100600171477573e+01,1.283311758587537099e+01
1.354101171763361044e+01,1.191454501216953865e+01
1.356101743355244338e+01,1.327136093951788709e+01
1.358102314947127809e+01,1.343123671069589520e+01
1.360102886539011102e+01,1.406626715161561947e+01
1.362103458130894573e+01,1.425398405916028466e+01
1.364104029722777867e+01,1.293189564235569122e+01
1.366104601314661338e+01,1.389600163449252079e+01
1.368105172906544809e+01,1.427599139256178873e+01
1.370105744498428102e+01,1.502074820464862448e+01
1.372106316090311573e+01,1.500532172593655389e+01
1.374106887682194866e+01,1.540863316043130560e+01
1.376107459274078337e+01,1.512546964890960588e+01
1.378108030865961808e+01,1.501082992414372086e+01
1.380108602457845102e+01,1.584844741690347902e+01
1.382109174049728573e+01,1.541359539986610372e+01
1.384109745641611866e+01,1.610781733904301660e+01
1.386110317233495337e+01,1.708794626005246187e+01
1.388110888825378808e+01,1.647688526249590169e+01
1.390111460417262101e+01,1.708496747260705462e+01
1.392112032009145395e+01,1.634535357007100487e+01
1.394112603601028866e+01,1.748032633997171459e+01
1.396113175192912337e+01,1.744018808935654263e+01
1.398113746784795630e+01,1.680798092639009411e+01
1.400114318376679101e+01,1.743384265914517073e+01
1.402114889968562395e+01,1.655531963685822561e+01
1.404115461560445866e+01,1.753409497392849659e+01
1.406116033152329337e+01,1.695390832192337172e+01
1.408116604744212630e+01,1.722643644491449422e+01
1.410117176336095923e+01,1.634903928614008706e+01
1.412117747927979394e+01,1.704350164008767621e+01
1.414118319519862865e+01,1.639920577040606275e+01
1.416118891111746336e+01,1.622378495224455364e+01
1.418119462703629630e+01,1.520087414458357777e+01
1.420120034295512923e+01,1.527692108090565526e+01
1.422120605887396394e+01,1.457984847197441525e+01
1.424121177479279865e+01,1.470788954319718300e+01
1.426121749071163336e+01,1.395249520011514122e+01
1.428122320663046629e+01,1.288120236109647365e+01
1.430122892254929923e+01,1.309883273896445033e+01
1.432123463846813394e+01,1.223747543096522605e+01
1.434124035438696865e+01,1.174335288548071077e+01
1.436124607030580158e+01,1.051229735425362222e+01
1.438125178622463629e+01,1.103583001545720421e+01
1.440125750214346922e+01,1.098276157364433203e+01
1.442126321806230393e+01,1.009445682184298043e+01
1.444126893398113864e+01,9.944358548308027679e+00
1.446127464989997158e+01,1.029607345948827835e+01
1.448128036581880451e+01,9.388594169569234538e+00
1.450128608173763922e+01,9.668861888537861660e+00
1.452129179765647393e+01,9.132006898684178253e+00
1.454129751357530864e+01,9.308385178479888111e+00
1.456130322949414158e+01,9.686034449246189837e+00
1.458130894541297451e+01,9.266261383519271533e+00
1.460131466133180922e+01,9.324110789079380623e+00
1.462132037725064393e+01,9.664500321696429808e+00
1.464132609316947686e+01,9.763588822044061644e+00
1.466133180908831157e+01,9.933626569723145394e+00
1.468133752500714451e+01,1.048870257158185559e+01
1.470134324092597922e+01,1.024154728941155668e+01
1.472134895684481393e+01,9.646302059154127306e+00
1.474135467276364686e+01,9.789285035947333569e+00
1.476136038868247979e+01,1.011419457190909732e+01
1.478136610460131450e+01,1.075462379982132788e+01
1.480137182052014921e+01,1.054688793439414596e+01
1.482137753643898392e+01,1.144145126855617534e+01
1.484138325235781686e+01,1.115855408130600424e+01
1.486138896827664979e+01,1.192062647327517766e+01
1.488139468419548450e+01,1.192926524279747724e+01
1.490140040011431921e+01,1.175959206054012363e+01
1.492140611603315392e+01,1.294961578379673384e+01
1.494141183195198685e+01,1.325783500646914348e+01
1.496141754787081979e+01,1.269309471024419622e+01
1.498142326378965450e+01,1.310050609595243287e+01
1.500142897970848921e+01,1.318138394853965067e+01
1.502143469562732214e+01,1.404553959529110685e+01
1.504144041154615508e+01,1.420683821548976056e+01
1.506144612746498979e+01,1.495481013929304659e+01
1.508145184338382450e+01,1.457386708370783168e+01
1.510145755930265921e+01,1.555293229254878540e+01
1.512146327522149214e+01,1.564944880292147822e+01
1.514146899114032507e+01,1.623057664807652145e+01
1.516147470705915978e+01,1.680487802370472394e+01
1.518148042297799449e+01,1.754723346499590875e+01
1.520148613889682920e+01,1.741166541063946482e+01
1.522149185481566214e+01,1.782843383101596046e+01
1.524149757073449507e+01,1.851616184908461804e+01
1.526150328665332978e+01,1.892667761789522984e+01
1.528150900257216449e+01,1.916131602400410117e+01
1.530151471849099742e+01,1.880631532535395678e+01
1.532152043440983036e+01,1.931352073029352567e+01
1.534152615032866507e+01,2.069292404521861783e+01
1.536153186624749978e+01,2.189896269136672302e+01
1.538153758216633449e+01,2.199223219156785802e+01
1.540154329808516742e+01,2.295808000894745504e+01
1.542154901400400036e+01,2.344078477679463290e+01
1.544155472992283507e+01,2.281366371717953712e+01
1.546156044584166978e+01,2.397874289088327515e+01
1.548156616176050449e+01,2.456000422958135943e+01
1.550157187767933742e+01,2.500131041782145047e+01
1.552157759359817035e+01,2.600261457391424358e+01
1.554158330951700506e+01,2.647565624789582728e+01
1.556158902543583977e+01,2.750132609058380240e+01
1.558159474135467271e+01,2.826004751705846729e+01
1.560160045727350742e+01,2.863936531429458654e+01
1.562160617319234035e+01,3.007286389371678581e+01
1.564161188911117506e+01,3.015091871468013096e+01
1.566161760503000977e+01,3.036906518730033611e+01
1.568162332094884270e+01,3.086647694761679261e+01
1.570162903686767564e+01,3.235185552889167582e+01
1.572163475278651035e+01,3.335433512616394580e+01
1.574164046870534506e+01,3.383835282043352066e+01
1.576164618462417977e+01,3.406320538380774110e+01
1.578165190054301270e+01,3.502521442546349562e+01
1.580165761646184563e+01,3.556765220780147985e+01
1.582166333238068034e+01,3.582175516037872853e+01
1.584166904829951505e+01,3.696423534560211976e+01
1.586167476421834799e+01,3.791760878940925039e+01
1.588168048013718270e+01,3.736549196665670536e+01
1.590168619605601563e+01,3.883556149649588463e+01
1.592169191197485034e+01,3.832121430168736254e+01
1.594169762789368505e+01,3.898476876455761442e+01
1.596170334381251799e+01,3.956968370095648169e+01
1.598170905973135092e+01,3.904570557106761441e+01
1.600171477565018563e+01,3.933427175045774504e+01
1.602172049156902034e+01,4.024399165406363466e+01
1.604172620748785505e+01,3.947483928217914695e+01
1.606173192340668976e+01,3.814766959327027962e+01
1.608173763932552092e+01,3.763353517402764226e+01
1.610174335524435563e+01,3.781277174867722124e+01
1.612174907116319034e+01,3.696556027012753276e+01
1.614175478708202505e+01,3.559635811895940805e+01
1.616176050300085620e+01,3.436102142739374443e+01
1.618176621891969091e+01,3.308070920622792954e+01
1.620177193483852562e+01,3.114474641013557843e+01
1.622177765075736033e+01,3.023406696933366788e+01
1.624178336667619504e+01,2.899557569675886270e+01
1.626178908259502620e+01,2.661976435912410466e+01
1.628179479851386091e+01,2.517022200531840781e+01
1.630180051443269562e+01,2.450749209650604143e+01
1.632180623035153033e+01,2.321604059956206356e+01
1.634181194627036149e+01,2.070126543348618497e+01
1.636181766218919620e+01,1.963971875714327453e+01
1.638182337810803091e+01,1.916007178434012914e+01
1.640182909402686562e+01,1.806124419989587437e+01
1.642183480994570033e+01,1.769963423002446845e+01
1.644184052586453504e+01,1.555062788315037636e+01
1.646184624178336620e+01,1.501874692080049378e+01
1.648185195770220091e+01,1.447834494604493827e+01
1.650185767362103562e+01,1.391837881414762634e+01
1.652186338953986677e+01,1.329716923647232996e+01
1.654186910545870148e+01,1.264969670239596944e+01
1.656187482137753619e+01,1.185860006526054278e+01
1.658188053729637090e+01,1.161717268966905792e+01
1.660188625321520561e+01,1.093274044914791787e+01
1.662189196913404032e+01,1.143993468893326870e+01
1.664189768505287148e+01,1.098243395139306777e+01
1.666190340097170619e+01,1.040520418267220570e+01
1.668190911689054090e+01,1.008141194969936727e+01
1.670191483280937561e+01,9.899981408977865271e+00
1.672192054872820677e+01,9.958812778756367834e+00
1.674192626464704148e+01,9.088771028681124520e+00
1.676193198056587619e+01,9.562735792403636026e+00
1.678193769648471090e+01,9.894747500533611628e+00
1.680194341240354561e+01,9.401817347395212465e+00
1.682194912832238032e+01,9.243230010850966849e+00
1.684195484424121148e+01,9.833802622241368141e+00
1.686196056016004619e+01,8.963835306225572452e+00
1.688196627607888090e+01,9.661591519856106203e+00
1.690197199199771205e+01,9.210175405272547522e+00
1.692197770791654676e+01,9.728219335556390845e+00
1.694198342383538147e+01,9.311985009614941688e+00
1.696198913975421618e+01,1.040488851566399298e+01
1.698199485567305089e+01,1.047293188181404489e+01
1.700200057159188560e+01,9.998762796144367471e+00
1.702200628751071676e+01,1.021101522042784104e+01
1.704201200342955147e+01,1.084349110084578172e+01
1.706201771934838618e+01,1.059571194944847505e+01
1.708202343526722089e+01,1.043254510738756125e+01
1.710202915118605205e+01,1.111446112389067409e+01
1.712203486710488676e+01,1.179799418739470518e+01
1.714204058302372147e+01,1.171923831999266419e+01
1.716204629894255618e+01,1.124421183233093302e+01
1.718205201486139089e+01,1.210841389962772396e+01
1.720205773078022204e+01,1.183848523638792649e+01
1.722206344669905675e+01,1.301128732547411815e+01
1.724206916261789146e+01,1.373613672839423572e+01
1.726207487853672617e+01,1.398797652727256313e+01
1.728208059445555733e+01,1.346961869756650643e+01
1.730208631037439204e+01,1.388618377260688064e+01
1.732209202629322675e+01,1.505190358195665290e+01
1.734209774221206146e+01,1.568879411958854853e+01
1.736210345813089617e+01,1.565440371258546293e+01
1.738210917404973088e+01,1.585091968836310983e+01
1.740211488996856204e+01,1.676926510340768317e+01
1.742212060588739675e+01,1.739978889919717986e+01
1.744212632180623146e+01,1.740321439271814086e+01
1.746213203772506262e+01,1.858124360825189214e+01
1.748213775364389733e+01,1.818776134846444847e+01
1.750214346956273204e+01,1.991134951762433047e+01
1.752214918548156675e+01,2.027666187331592340e+01
1.754215490140040146e+01,2.151485144587075382e+01
1.756216061731923617e+01,2.159312135026266688e+01
1.758216633323806732e+01,2.204750800272750411e+01
1.760217204915690203e+01,2.250495869292430129e+01
1.762217776507573674e+01,2.404991751887715168e+01
1.764218348099457145e+01,2.486212521514202223e+01
1.766218919691340261e+01,2.473745533887680637e+01
1.768219491283223732e+01,2.610489757624876717e+01
1.770220062875107203e+01,2.691425099721106307e+01
1.772220634466990674e+01,2.700304144835259734e+01
1.774221206058874145e+01,2.859717052840116125e+01
1.776221777650757616e+01,2.895828842692777627e+01
1.778222349242640732e+01,3.067591854452977884e+01
1.780222920834524203e+01,3.052716028944447402e+01
1.782223492426407674e+01,3.225222105280858642e+01
1.784224064018290790e+01,3.273115255306984039e+01
1.786224635610174261e+01,3.390225636569656587e+01
1.788225207202057732e+01,3.470419629371075132e+01
1.790225778793941203e+01,3.609415985615040512e+01
1.792226350385824674e+01,3.699669100756326401e+01
1.794226921977708145e+01,3.854984311756557247e+01
1.796227493569591260e+01,3.941993860690929807e+01
1.798228065161474731e+01,4.075565741079361715e+01
1.800228636753358202e+01,4.150544671948911457e+01
1.802229208345241318e+01,4.320909061170178234e+01
1.804229779937124789e+01,4.446312815202030322e+01
1.806230351529008260e+01,4.484699015204841999e+01
1.808230923120891731e+01,4.535299563047545490e+01
1.810231494712775202e+01,4.756641227038132058e+01
1.812232066304658673e+01,4.881001299497117429e+01
1.814232637896542144e+01,4.909049961713880350e+01
1.816233209488425260e+01,5.030656650228431204e+01
1.818233781080308731e+01,5.070181771399599313e+01
1.820234352672191847e+01,5.119292630277304568e+01
1.822234924264075318e+01,5.224657934037944074e+01
1.824235495855958789e+01,5.255690051833350651e+01
1.826236067447842260e+01,5.371601349967011174e+01
1.828236639039725731e+01,5.317338927406812843e+01
1.830237210631609202e+01,5.252245758919549701e+01
1.832237782223492673e+01,5.283043373456070668e+01
1.834238353815375788e+01,5.224990426222385054e+01
1.836238925407259259e+01,5.157361567834394123e+01
1.838239496999142730e+01,5.055586853911486855e+01
1.840240068591025846e+01,4.960102887092274671e+01
1.842240640182909317e+01,4.757652712933614936e+01
1.844241211774792788e+01,4.605977344517441452e+01
1.846241783366676259e+01,4.370391564875886559e+01
1.848242354958559730e+01,4.101466461921185669e+01
1.850242926550443201e+01,3.885158825779416247e+01
1.852243498142326672e+01,3.630762549086058755e+01
1.854244069734209788e+01,3.484467096707422940e+01
1.856244641326093259e+01,3.295635468171555971e+01
1.858245212917976374e+01,2.963489747796624130e+01
1.860245784509859845e+01,2.764177193290135293e+01
1.862246356101743316e+01,2.532077348158848551e+01
1.864246927693626787e+01,2.356649987852266648e+01
1.866247499285510258e+01,2.146599660241061969e+01
1.868248070877393729e+01,2.014436108565604755e+01
1.870248642469277200e+01,1.853045397566175012e+01
1.872249214061160316e+01,1.712965819243240873e+01
1.874249785653043787e+01,1.637888834596936505e+01
1.876250357244927258e+01,1.488064386071244982e+01
1.878250928836810374e+01,1.451815865498146430e+01
1.880251500428693845e+01,1.278183549351951065e+01
1.882252072020577316e+01,1.244726772011937399e+01
1.884252643612460787e+01,1.211813327298534482e+01
1.886253215204344258e+01,1.101580045378854855e+01
1.888253786796227729e+01,1.052935513865850048e+01
1.890254358388111200e+01,9.443542844456549901e+00
1.892254929979994316e+01,9.360480716682774371e+00
1.894255501571877787e+01,9.668132141439230054e+00
1.896256073163760902e+01,9.272382316113313649e+00
1.898256644755644373e+01,9.063213791105960482e+00
1.900257216347527844e+01,9.086738026592099615e+00
1.902257787939411315e+01,8.024808499889124036e+00
1.904258359531294786e+01,8.607453093294854085e+00
1.906258931123178257e+01,7.973184708352658134e+00
1.908259502715061728e+01,7.912781542076179342e+00
1.910260074306944844e+01,7.666269571876671129e+00
1.912260645898828315e+01,8.163323357937084523e+00
1.914261217490711431e+01,7.057889894191587743e+00
1.916261789082594902e+01,7.755382756147235490e+00
1.918262360674478373e+01,7.980065325106538765e+00
1.920262932266361844e+01,8.030497296345204816e+00
1.922263503858245315e+01,7.258048713635234073e+00
1.924264075450128786e+01,7.399537904575527847e+00
1.926264647042012257e+01,7.865237512508574724e+00
1.928265218633895373e+01,7.504710198253865983e+00
1.930265790225778844e+01,6.836937119535244634e+00
1.932266361817662315e+01,7.336585020849248018e+00
1.934266933409545430e+01,7.149887088419854209e+00
1.936267505001428901e+01,7.853020219910114008e+00
1.938268076593312372e+01,7.747441106363242902e+00
1.940268648185195843e+01,7.629066744617798435e+00
1.942269219777079314e+01,7.716358899312039554e+00
1.944269791368962785e+01,7.469173766621297617e+00
1.946270362960846256e+01,8.102431672791327699e+00
1.948270934552729372e+01,8.120278900277195788e+00
1.950271506144612843e+01,8.746998616282532168e+00
1.952272077736495959e+01,8.064688024635575658e+00
1.954272649328379430e+01,8.562556616493164796e+00
1.956273220920262901e+01,8.337671348479197775e+00
1.958273792512146372e+01,8.462805844741980721e+00
1.960274364104029843e+01,8.461415181219420489e+00
1.962274935695913314e+01,8.521340707385185453e+00
1.964275507287796785e+01,9.036883354435358839e+00
1.966276078879679901e+01,8.752947298102849771e+00
1.968276650471563372e+01,8.677861799194060310e+00
1.970277222063446487e+01,9.020441729081865034e+00
1.972277793655329958e+01,8.388837871813633384e+00
1.974278365247213429e+01,8.706446704928683999e+00
1.976278936839096900e+01,9.272488464802503216e+00
1.978279508430980371e+01,8.952848242777657006e+00
1.980280080022863842e+01,8.783343756227473875e+00
1.982280651614747313e+01,9.673317221684843759e+00
1.984281223206630784e+01,8.885326218636134143e+00
1.986281794798513900e+01,7.958319873861588789e+00
1.988282366390397371e+01,9.304697157269499641e+00
1.990282937982280487e+01,9.087677538659900023e+00
1.992283509574163958e+01,8.418050226732191277e+00
1.994284081166047429e+01,8.441403603494791241e+00
1.996284652757930900e+01,8.009874243517041137e+00
1.998285224349814371e+01,7.850883836573828489e+00
2.000285795941697842e+01,8.362581802535935083e+00
2.002286367533581313e+01,7.806166897478298061e+00
2.004286939125464428e+01,8.159632246079365103e+00
2.006287510717347899e+01,7.851999475109876059e+00
2.008288082309231015e+01,7.070181273553355794e+00
2.010288653901114486e+01,7.082699689090178552e+00
2.012289225492997957e+01,6.668816225627962169e+00
2.014289797084881428e+01,6.738086155671136446e+00
2.016290368676764899e+01,5.932082304590883481e+00
2.018290940268648370e+01,6.736515575213697815e+00
2.020291511860531841e+01,5.423654910964623710e+00
2.022292083452414957e+01,5.712352278223252533e+00
2.024292655044298428e+01,5.433951414015999681e+00
2.026293226636181899e+01,5.914516257026737556e+00
2.028293798228065015e+01,5.554494453556621636e+00
2.030294369819948486e+01,5.323649724004763328e+00
2.032294941411831957e+01,5.751456140555307073e+00
2.034295513003715428e+01,5.105685557472172675e+00
2.036296084595598899e+01,5.561361430839548703e+00
2.038296656187482370e+01,4.784055871458019027e+00
2.040297227779365841e+01,5.270347992700711970e+00
2.042297799371248956e+01,5.412225054350313869e+00
2.044298370963132427e+01,4.113602156417822897e+00
2.046298942555015543e+01,4.781691543518686416e+00
2.048299514146899014e+01,5.152655948846654788e+00
2.050300085738782485e+01,5.548656716902313768e+00
2.052300657330665956e+01,4.305809993891176468e+00
2.054301228922549427e+01,4.923478269446852629e+00
2.056301800514432898e+01,5.045645743371068193e+00
2.058302372106316369e+01,4.393928683775115474e+00
2.060302943698199485e+01,4.656989674051591699e+00
2.062303515290082956e+01,4.103851011758979261e+00
2.064304086881966072e+01,4.929805327988013630e+00
2.066304658473849543e+01,5.612974364062414345e+00
2.068305230065733014e+01,5.040770613807768363e+00
2.070305801657616485e+01,4.967484239130827817e+00
2.072306373249499956e+01,4.477566470247663410e+00
2.074306944841383427e+01,4.293314229591035591e+00
2.076307516433266898e+01,4.904183252887134969e+00
2.078308088025150369e+01,4.792579662869947299e+00
2.080308659617033484e+01,4.672840830932083023e+00
2.082309231208916955e+01,5.334932980426588145e+00
2.084309802800800071e+01,4.666360093835658418e+00
2.086310374392683542e+01,5.369080832793169833e+00
2.088310945984567013e+01,5.148455602785133145e+00
2.090311517576450484e+01,5.132121996624317006e+00
2.092312089168333955e+01,5.079882338129320551e+00
2.094312660760217426e+01,5.390719971404724475e+00
2.096313232352100897e+01,5.539546054619542303e+00
2.098313803943984013e+01,5.132704155193182238e+00
2.100314375535867484e+01,4.502411127080961251e+00
2.102314947127750600e+01,4.750608660394417981e+00
2.104315518719634071e+01,5.317254724483317041e+00
2.106316090311517542e+01,4.464409185509627953e+00
2.108316661903401013e+01,4.675085851833795658e+00
2.110317233495284484e+01,5.668045148259620802e+00
2.112317805087167955e+01,4.724338145728734339e+00
2.114318376679051426e+01,5.254285789604714374e+00
2.116318948270934541e+01,4.605839471135450225e+00
2.118319519862818012e+01,5.317333149629729583e+00
2.120320091454701483e+01,5.116208040683329017e+00
2.122320663046584599e+01,5.540673059176906889e+00
2.124321234638468070e+01,5.671831292303013861e+00
2.126321806230351541e+01,5.712481520885973829e+00
2.128322377822235012e+01,5.036054557634911610e+00
2.130322949414118483e+01,5.260119146783964084e+00
2.132323521006001954e+01,5.162681602359348254e+00
2.134324092597885425e+01,5.199789010380462706e+00
2.136324664189768541e+01,5.554595933883362591e+00
2.138325235781652012e+01,5.543851637377853692e+00
2.140325807373535127e+01,5.738337479245605444e+00
2.142326378965418598e+01,6.071158925915211668e+00
2.144326950557302069e+01,5.559384424222333365e+00
2.146327522149185540e+01,5.878725834062175082e+00
2.148328093741069011e+01,5.297908509137180033e+00
2.150328665332952482e+01,5.338493554817689279e+00
2.152329236924835953e+01,6.026779018007072608e+00
2.154329808516719069e+01,5.785577341228743009e+00
2.156330380108602540e+01,5.622369120039777179e+00
2.158330951700485656e+01,6.654171608980482766e+00
2.160331523292369127e+01,5.805289980565612851e+00
2.162332094884252598e+01,6.437925587964715923e+00
2.164332666476136069e+01,5.890279227956843222e+00
2.166333238068019540e+01,6.021522922405993405e+00
2.168333809659903011e+01,7.005767128697815593e+00
2.170334381251786482e+01,6.353786071483409792e+00
2.172334952843669598e+01,7.155562783629907386e+00
2.174335524435553069e+01,6.048387309941122503e+00
2.176336096027436540e+01,6.224965246726398505e+00
2.178336667619319655e+01,6.633614905372602344e+00
2.180337239211203126e+01,7.115883230822630523e+00
2.182337810803086597e+01,6.651832634091400465e+00
2.184338382394970068e+01,7.423575449207175936e+00
2.186338953986853539e+01,8.304161308974778777e+00
2.188339525578737010e+01,7.963709610537403449e+00
2.190340097170620481e+01,7.695842879664178682e+00
2.192340668762503597e+01,8.868656417769946287e+00
2.194341240354387068e+01,8.435613703702323107e+00
2.196341811946270184e+01,8.497353497894353680e+00
2.198342383538153655e+01,9.242548338350783155e+00
2.200342955130037126e+01,1.016172766752404399e+01
2.202343526721920597e+01,1.067129615092390438e+01
2.204344098313804068e+01,1.092781699883795810e+01
2.206344669905687539e+01,1.099154677402210112e+01
2.208345241497571010e+01,1.112966150178158031e+01
2.210345813089454126e+01,1.206209796711450366e+01
2.212346384681337597e+01,1.308661685108213746e+01
2.214346956273221068e+01,1.346404274436001991e+01
2.216347527865104183e+01,1.359335473990812204e+01
2.218348099456987654e+01,1.461709604167911714e+01
2.220348671048871125e+01,1.534310145910986023e+01
2.222349242640754596e+01,1.598707566614264408e+01
2.224349814232638067e+01,1.653554601536966828e+01
2.226350385824521538e+01,1.731124073422686749e+01
2.228350957416405009e+01,1.841008979076109142e+01
2.230351529008288125e+01,1.933883826836424191e+01
2.232352100600171596e+01,2.031743317885739231e+01
2.234352672192054712e+01,2.146813886806453553e+01
2.236353243783938183e+01,2.192666228688218411e+01
2.238353815375821654e+01,2.350016897168607244e+01
2.240354386967705125e+01,2.393948780844217339e+01
2.242354958559588596e+01,2.595194190675418611e+01
2.244355530151472067e+01,2.668969091849017872e+01
2.246356101743355538e+01,2.825710429011808955e+01
2.248356673335238654e+01,2.952961593988275624e+01
2.250357244927122125e+01,3.114753375807007529e+01
2.252357816519005240e+01,3.228419510335190523e+01
2.254358388110888711e+01,3.412780602434149557e+01
2.256358959702772182e+01,3.577887678452741227e+01
2.258359531294655653e+01,3.790912932428508952e+01
2.260360102886539124e+01,3.905023217489286935e+01
2.262360674478422595e+01,4.040337463548267039e+01
2.264361246070306066e+01,4.339206364606101829e+01
2.266361817662189182e+01,4.494723142038073149e+01
2.268362389254072653e+01,4.712874250732421899e+01
2.270362960845956124e+01,4.931996413135836121e+01
2.272363532437839240e+01,5.130810037736495133e+01
2.274364104029722711e+01,5.318011202504816026e+01
2.276364675621606182e+01,5.596700652241977991e+01
2.278365247213489653e+01,5.836425959544366293e+01
2.280365818805373124e+01,6.092802208363855243e+01
2.282366390397256595e+01,6.336766927366696933e+01
2.284366961989140066e+01,6.604697448056181486e+01
2.286367533581023181e+01,6.851820644736227450e+01
2.288368105172906652e+01,7.128513188500485853e+01
2.290368676764789768e+01,7.333481535798385664e+01
2.292369248356673239e+01,7.718739926774692606e+01
2.294369819948556710e+01,7.933868452409856786e+01
2.296370391540440181e+01,8.189833736426128041e+01
2.298370963132323652e+01,8.432455852362315341e+01
2.300371534724207123e+01,8.676769204042196293e+01
2.302372106316090594e+01,9.023951308441908736e+01
2.304372677907973710e+01,9.123959822738275705e+01
2.306373249499857181e+01,9.333734042698878852e+01
2.308373821091740652e+01,9.546960066297781111e+01
2.310374392683623768e+01,9.698720699952349378e+01
2.312374964275507239e+01,9.806411461688945508e+01
2.314375535867390710e+01,9.848959860713881653e+01
2.316376107459274181e+01,9.988571652355940955e+01
2.318376679051157652e+01,9.866674912797577690e+01
2.320377250643041123e+01,9.802436658803509317e+01
2.322377822234924594e+01,9.829510801193440273e+01
2.324378393826807709e+01,9.723429605700191303e+01
2.326378965418691180e+01,9.566234315720483039e+01
2.328379537010574296e+01,9.337895376979210482e+01
2.330380108602457767e+01,9.270884276092708376e+01
2.332380680194341238e+01,9.008380718642246165e+01
2.334381251786224709e+01,8.826039307269277856e+01
2.336381823378108180e+01,8.541059944353821720e+01
2.338382394969991651e+01,8.276577568649420868e+01
2.340382966561875122e+01,8.075904363275233777e+01
2.342383538153758238e+01,7.810076481884395605e+01
2.344384109745641709e+01,7.529903412262228812e+01
2.346384681337524825e+01,7.200382482498159220e+01
2.348385252929408296e+01,6.877397769106050873e+01
2.350385824521291767e+01,6.608795741855053052e+01
2.352386396113175238e+01,6.333764602366889562e+01
2.354386967705058709e+01,6.052718194650256578e+01
2.356387539296942180e+01,5.823806146255887484e+01
2.358388110888825651e+01,5.533206217661645354e+01
2.360388682480708766e+01,5.290521886435739418e+01
2.362389254072592237e+01,5.165829008221508190e+01
2.364389825664475708e+01,4.918058691507521729e+01
2.366390397256358824e+01,4.763131152069620811e+01
2.368390968848242295e+01,4.600793064332859217e+01
2.370391540440125766e+01,4.494488704565635118e+01
2.372392112032009237e+01,4.479229549582724701e+01
2.374392683623892708e+01,4.331026193152827375e+01
2.376393255215776179e+01,4.283974739401124765e+01
2.378393826807659650e+01,4.288929555565053420e+01
2.380394398399542766e+01,4.308769534863795059e+01
2.382394969991426237e+01,4.303706947300223362e+01
2.384395541583309353e+01,4.394488146105776138e+01
2.386396113175192824e+01,4.472630693327825213e+01
2.388396684767076295e+01,4.505791641470840148e+01
2.390397256358959766e+01,4.596719067825901561e+01
2.392397827950843237e+01,4.731572437715327339e+01
2.394398399542726708e+01,4.783923891008182494e+01
2.396398971134610179e+01,4.963701106658682249e+01
2.398399542726493294e+01,5.101755826611552891e+01
2.400400114318376765e+01,5.267043532585367416e+01
2.402400685910260236e+01,5.362119891707313002e+01
2.404401257502143352e+01,5.546466145663735858e+01
2.406401829094026823e+01,5.819477709698367107e+01
2.408402400685910294e+01,5.912666779684658280e+01
2.410402972277793765e+01,6.110053213219686086e+01
2.412403543869677236e+01,6.288231891878783131e+01
2.414404115461560707e+01,6.403827842126182190e+01
2.416404687053444178e+01,6.576041243646069745e+01
2.418405258645327294e+01,6.653524590291047502e+01
2.420405830237210765e+01,6.876118422826147025e+01
2.422406401829093880e+01,6.922500449581677628e+01
2.424406973420977351e+01,7.044417783326053950e+01
2.426407545012860822e+01,7.200003683163703272e+01
2.428408116604744293e+01,7.306136895046208224e+01
2.430408688196627764e+01,7.356028622851238197e+01
2.432409259788511235e+01,7.385136527942516693e+01
2.434409831380394706e+01,7.377379991715091023e+01
2.436410402972277822e+01,7.432696698914787703e+01
2.438410974564161293e+01,7.425686769190750169e+01
2.440411546156044409e+01,7.416295860907528947e+01
2.442412117747927880e+01,7.426607690083820046e+01
2.444412689339811351e+01,7.476663452833558665e+01
2.446413260931694822e+01,7.409721137248669720e+01
2.448413832523578293e+01,7.364133169504832210e+01
2.450414404115461764e+01,7.385826865669615415e+01
2.452414975707345235e+01,7.452701732359923881e+01
2.454415547299228351e+01,7.461186901302812657e+01
2.456416118891111822e+01,7.515535067420123028e+01
2.458416690482995293e+01,7.548431148053387574e+01
2.460417262074878408e+01,7.640148657515297259e+01
2.462417833666761879e+01,7.739425074434970497e+01
2.464418405258645350e+01,7.814078756031867101e+01
2.466418976850528821e+01,7.874568421818858610e+01
2.468419548442412292e+01,7.838318755875576471e+01
2.470420120034295763e+01,7.850029561755461316e+01
2.472420691626179234e+01,7.837685830540698362e+01
2.474421263218062350e+01,7.815931610259664808e+01
2.476421834809945821e+01,7.654583315872828564e+01
2.478422406401828937e+01,7.586925518954996051e+01
2.480422977993712408e+01,7.414687529505100372e+01
2.482423549585595879e+01,7.186463060894530486e+01
2.484424121177479350e+01,7.071321858492488843e+01
2.486424692769362821e+01,6.783058559437436941e+01
2.488425264361246292e+01,6.449978171676443139e+01
2.490425835953129763e+01,6.162148692921770987e+01
2.492426407545012879e+01,5.835994950087470556e+01
2.494426979136896350e+01,5.556138825268777737e+01
2.496427550728779821e+01,5.183404018777189037e+01
2.498428122320662936e+01,4.833546912794826511e+01
2.500428693912546407e+01,4.447843674384238710e+01
2.502429265504429878e+01,4.153060489364411012e+01
2.504429837096313349e+01,3.927461805026508301e+01
2.506430408688196820e+01,3.518465932347479708e+01
2.508430980280080291e+01,3.411928191387958265e+01
2.510431551871963762e+01,3.127047673931034666e+01
2.512432123463846878e+01,2.881286335106027252e+01
2.514432695055730349e+01,2.798219593730201638e+01
2.516433266647613465e+01,2.572496201079805900e+01
2.518433838239496936e+01,2.436687576263979693e+01
2.520434409831380407e+01,2.373667503652410105e+01
2.522434981423263878e+01,2.276189617919015973e+01
2.524435553015147349e+01,2.125032108828639821e+01
2.526436124607030820e+01,2.105393502782097315e+01
2.528436696198914291e+01,2.084700311142631080e+01
2.530437267790797407e+01,2.021525912700527172e+01
2.532437839382680878e+01,2.009149971311202165e+01
2.534438410974563993e+01,2.014377625063268340e+01
2.536438982566447464e+01,1.998525842899971749e+01
2.538439554158330935e+01,2.000884388807236292e+01
2.540440125750214406e+01,2.094617006832557848e+01
2.542440697342097877e+01,2.041454474048986256e+01
2.544441268933981348e+01,2.134134830743289157e+01
2.546441840525864819e+01,2.252509590260409311e+01
2.548442412117747935e+01,2.177859912365723716e+01
2.550442983709631406e+01,2.318163756098891071e+01
2.552443555301514877e+01,2.373642303552780675e+01
2.554444126893397993e+01,2.466254224735635603e+01
2.556444698485281464e+01,2.536172284405528643e+01
2.558445270077164935e+01,2.634689043097642269e+01
2.560445841669048406e+01,2.783703791957002593e+01
2.562446413260931877e+01,2.889716676409249274e+01
2.564446984852815348e+01,2.937472942287536171e+01
2.566447556444698819e+01,3.061662982670085142e+01
2.568448128036581934e+01,3.241594619877916728e+01
2.570448699628465405e+01,3.346022608683072974e+01
2.572449271220348521e+01,3.526884190236645367e+01
2.574449842812231992e+01,3.583569672229873504e+01
2.576450414404115463e+01,3.797145354669012107e+01
2.578450985995998934e+01,3.930772723532443536e+01
2.580451557587882405e+01,4.083791895333546762e+01
2.582452129179765876e+01,4.257820973826482458e+01
2.584452700771649347e+01,4.513725306586847807e+01
2.586453272363532463e+01,4.662382865038428292e+01
2.588453843955415934e+01,4.836351800142584523e+01
2.590454415547299405e+01,5.035949444399313535e+01
2.592454987139182521e+01,5.263363761185122769e+01
2.594455558731065992e+01,5.568801424673987555e+01
2.596456130322949463e+01,5.693890770374169819e+01
2.598456701914832934e+01,5.971597805298473816e+01
2.600457273506716405e+01,6.220867144062269460e+01
2.602457845098599520e+01,6.351656357274100628e+01
2.604458416690482991e+01,6.507208095869481213e+01
2.606458988282366462e+01,6.692935860741144438e+01
2.608459559874249933e+01,6.929868627332882625e+01
2.610460131466133404e+01,6.974411881506512145e+01
2.612460703058016520e+01,7.109795478707439997e+01
2.614461274649899991e+01,7.255381246949204410e+01
2.616461846241783462e+01,7.269776866772522794e+01
2.618462417833666933e+01,7.217258099211747435e+01
2.620462989425550404e+01,7.176051117234879939e+01
2.622463561017433520e+01,7.147264324036224536e+01
2.624464132609316991e+01,7.009147928249207382e+01
2.626464704201200462e+01,6.780507188117344697e+01
2.628465275793083933e+01,6.592037181892543174e+01
2.630465847384967049e+01,6.275622488131634924e+01
2.632466418976850520e+01,6.153566653051322533e+01
2.634466990568733991e+01,5.761659453027563416e+01
2.636467562160617462e+01,5.417173077573647788e+01
2.638468133752500933e+01,5.158181476473630767e+01
2.640468705344384048e+01,4.810154860558567691e+01
2.642469276936267519e+01,4.489409736328744316e+01
2.644469848528150990e+01,4.179052277943883098e+01
2.646470420120034461e+01,3.830236547894041621e+01
2.648470991711917932e+01,3.668661055912593127e+01
2.650471563303801048e+01,3.412765499202282626e+01
2.652472134895684519e+01,3.191366393287029979e+01
2.654472706487567990e+01,2.924585240096381966e+01
2.656473278079451461e+01,2.748533272178644538e+01
2.658473849671334932e+01,2.630118162116986724e+01
2.660474421263218048e+01,2.463895745108037261e+01
2.662474992855101519e+01,2.457276640663031486e+01
2.664475564446984990e+01,2.294990313954447814e+01
2.666476136038868461e+01,2.179051484725059851e+01
2.668476707630751577e+01,2.195070678746969151e+01
2.670477279222635048e+01,2.063053969128961640e+01
2.672477850814518519e+01,2.061288051735935056e+01
2.674478422406401990e+01,1.937120528080190951e+01
2.676478993998285461e+01,2.001299684990162575e+01
2.678479565590168576e+01,1.939093860832351979e+01
2.680480137182052047e+01,1.971717565856173238e+01
2.682480708773935518e+01,1.977355993652930266e+01
2.684481280365818989e+01,1.963858111149696128e+01
2.686481851957702460e+01,1.921279675917158158e+01
2.688482423549585576e+01,1.912375719773508820e+01
2.690482995141469047e+01,1.977267643685972942e+01
2.692483566733352518e+01,1.921986646826767497e+01
2.694484138325235989e+01,2.020824230451474790e+01
2.696484709917119105e+01,2.062261672539248281e+01
2.698485281509002576e+01,1.982502005520258592e+01
2.700485853100886047e+01,1.998113813596528132e+01
2.702486424692769518e+01,1.930403979516614044e+01
2.704486996284652989e+01,1.989265742204164411e+01
2.706487567876536104e+01,2.019092379647694813e+01
2.708488139468419575e+01,2.003243779402568947e+01
2.710488711060303046e+01,2.015647674384978316e+01
2.712489282652186517e+01,1.989346978648811870e+01
2.714489854244069988e+01,1.995417277381804766e+01
2.716490425835953104e+01,1.928956814955301269e+01
2.718490997427836575e+01,2.011282001111715090e+01
2.720491569019720046e+01,1.926842571629806145e+01
2.722492140611603517e+01,1.850178747314591376e+01
2.724492712203486633e+01,1.913176992780779528e+01
2.726493283795370104e+01,1.937726800948449224e+01
2.728493855387253575e+01,1.884239806474024448e+01
2.730494426979137046e+01,1.936095850737078194e+01
2.732494998571020517e+01,1.940298460066734165e+01
2.734495570162903633e+01,1.908633229481573323e+01
2.736496141754787104e+01,1.843251800374398641e+01
2.738496713346670575e+01,1.900606479834135953e+01
2.740497284938554046e+01,1.848763935790078961e+01
2.742497856530437517e+01,1.856116221553248380e+01
2.744498428122320632e+01,1.855490103126529888e+01
2.746498999714204103e+01,1.832224814918718891e+01
2.748499571306087574e+01,1.857189513078355958e+01
2.750500142897971045e+01,1.823855475678010407e+01
2.752500714489854516e+01,1.866628906267426657e+01
2.754501286081737632e+01,1.820005445938915045e+01
2.756501857673621103e+01,1.764383025553293294e+01
2.758502429265504574e+01,1.785928201915227120e+01
2.760503000857388045e+01,1.701684777060892273e+01
2.762503572449271161e+01,1.783788961489156932e+01
2.764504144041154632e+01,1.732103160906028450e+01
2.766504715633038103e+01,1.777379173309436311e+01
2.768505287224921574e+01,1.725467633545488866e+01
2.770505858816805045e+01,1.718429373307224495e+01
2.772506430408688161e+01,1.813885593522170225e+01
2.774507002000571632e+01,1.838311922995898939e+01
2.776507573592455103e+01,1.829287326419127169e+01
2.778508145184338574e+01,1.794900957829936061e+01
2.780508716776222045e+01,1.831983744370917933e+01
2.782509288368105160e+01,1.901213474272397619e+01
2.784509859959988631e+01,1.980537158678067300e+01
2.786510431551872102e+01,1.976835992269080577e+01
2.788511003143755573e+01,2.151662101412940586e+01
2.790511574735638689e+01,2.238566266445833364e+01
2.792512146327522160e+01,2.306091341348309953e+01
2.794512717919405631e+01,2.426783857081476725e+01
2.796513289511289102e+01,2.506547725159492757e+01
2.798513861103172573e+01,2.532347117317188889e+01
2.800514432695055689e+01,2.689101942428690251e+01
2.802515004286939160e+01,2.794058892437475450e+01
2.804515575878822631e+01,2.976650183247266312e+01
2.806516147470706102e+01,3.117512544752032966e+01
2.808516719062589573e+01,3.286742700258510297e+01
2.810517290654472689e+01,3.396998523266451286e+01
2.812517862246356160e+01,3.558744512463925957e+01
2.814518433838239631e+01,3.764015700399120590e+01
2.816519005430123102e+01,3.950492360298483163e+01
2.818519577022006217e+01,4.133835215190471502e+01
2.820520148613889688e+01,4.342752736423966553e+01
2.822520720205773159e+01,4.612609984911566841e+01
2.824521291797656630e+01,4.835417710676151160e+01
2.826521863389540101e+01,5.068411179616983020e+01
2.828522434981423217e+01,5.257234766202940079e+01
2.830523006573306688e+01,5.542963671628309896e+01
2.832523578165190159e+01,5.737688570028153379e+01
2.834524149757073630e+01,5.992605180865018610e+01
2.836524721348957101e+01,6.203065413900917946e+01
2.838525292940840217e+01,6.434926939696067905e+01
2.840525864532723688e+01,6.665885642070847439e+01
2.842526436124607159e+01,6.833738017550805921e+01
2.844527007716490630e+01,7.001368541676131940e+01
2.846527579308374101e+01,7.276949112289392474e+01
2.848528150900257216e+01,7.390439950795855850e+01
2.850528722492140687e+01,7.509349431428118748e+01
2.852529294084024158e+01,7.561840478581478919e+01
2.854529865675907629e+01,7.567611389848740089e+01
2.856530437267790745e+01,7.564260831469786694e+01
2.858531008859674216e+01,7.484162694981378650e+01
2.860531580451557687e+01,7.459875009360065690e+01
2.862532152043441158e+01,7.266570920389544597e+01
2.864532723635324629e+01,7.033969038390628725e+01
2.866533295227207745e+01,6.879567588798167321e+01
2.868533866819091216e+01,6.666778648968144694e+01
2.870534438410974687e+01,6.306364966333677557e+01
2.872535010002858158e+01,6.094349278956791949e+01
2.874535581594741629e+01,5.731088812806561350e+01
2.876536153186624745e+01,5.460787859525993326e+01
2.878536724778508216e+01,5.273701751076973920e+01
2.880537296370391687e+01,4.876624047422967578e+01
2.882537867962275158e+01,4.711136020921180290e+01
2.884538439554158273e+01,4.483747242563035940e+01
2.886539011146041744e+01,4.320154141344578136e+01
2.888539582737925215e+01,4.171918106788186975e+01
2.890540154329808686e+01,3.913103704422198348e+01
2.892540725921692157e+01,3.863082865144954070e+01
2.894541297513575273e+01,3.704888625011761860e+01
2.896541869105458744e+01,3.745330008097471364e+01
2.898542440697342215e+01,3.564655401561988413e+01
2.900543012289225686e+01,3.626903792503704693e+01
2.902543583881109157e+01,3.547882171732393886e+01
2.904544155472992273e+01,3.561288200585165242e+01
2.906544727064875744e+01,3.631564182016637687e+01
2.908545298656759215e+01,3.720007161385802164e+01
2.910545870248642686e+01,3.748691942871183613e+01
2.912546441840525802e+01,3.860888551814316827e+01
2.914547013432409273e+01,3.999749569209140532e+01
2.916547585024292744e+01,4.086844181315514390e+01
2.918548156616176215e+01,4.280124306356639607e+01
2.920548728208059686e+01,4.317059186544944538e+01
2.922549299799942801e+01,4.437957421535632818e+01
2.924549871391826272e+01,4.651742685101908137e+01
2.926550442983709743e+01,4.761383985288007636e+01
2.928551014575593214e+01,4.915117380944157333e+01
2.930551586167476685e+01,5.089228561309123222e+01
2.932552157759359801e+01,5.243532099713961259e+01
2.934552729351243272e+01,5.381648348644589674e+01
2.936553300943126743e+01,5.496704308923197146e+01
2.938553872535010214e+01,5.688346665843467065e+01
2.940554444126893330e+01,5.739715686323081911e+01
2.942555015718776801e+01,5.809371775160295215e+01
2.944555587310660272e+01,5.870490288157479597e+01
2.946556158902543743e+01,5.974749121978148736e+01
2.948556730494427214e+01,5.881582763666112612e+01
2.950557302086310330e+01,5.807961779844453787e+01
2.952557873678193801e+01,5.779529062675324980e+01
2.954558445270077272e+01,5.654053652886788939e+01
2.956559016861960743e+01,5.458212501391745519e+01
2.958559588453844214e+01,5.287470234272933567e+01
2.960560160045727329e+01,5.068238264525045622e+01
2.962560731637610800e+01,4.742297915811231945e+01
2.964561303229494271e+01,4.530508074680851394e+01
2.966561874821377742e+01,4.222917493025252611e+01
2.968562446413261213e+01,3.931165474992598519e+01
2.970563018005144329e+01,3.712132215611002550e+01
2.972563589597027800e+01,3.387512586679262228e+01
2.974564161188911271e+01,3.124326065870731384e+01
2.976564732780794742e+01,2.884358408431270604e+01
2.978565304372677858e+01,2.644274201814186043e+01
2.980565875964561329e+01,2.416531191122574640e+01
2.982566447556444800e+01,2.242308360352514995e+01
2.984567019148328271e+01,2.099740851760709148e+01
2.986567590740211742e+01,1.977293499461647031e+01
2.988568162332094857e+01,1.758799853631401788e+01
2.990568733923978328e+01,1.754903533902211166e+01
2.992569305515861799e+01,1.543096820088653587e+01
2.994569877107745270e+01,1.501791314665173971e+01
2.996570448699628741e+01,1.447984136412493150e+01
2.998571020291511857e+01,1.396931474103007709e+01
3.000571591883395328e+01,1.405269709498663744e+01
3.002572163475278799e+01,1.284274616959709192e+01
3.004572735067162270e+01,1.255759331126104605e+01
3.006573306659045386e+01,1.315737950936156331e+01
3.008573878250928857e+01,1.246131169138729078e+01
3.010574449842812328e+01,1.216608478457402143e+01
3.012575021434695799e+01,1.191780449651247054e+01
3.014575593026579270e+01,1.213991516372196955e+01
3.016576164618462386e+01,1.166156692590852728e+01
3.018576736210345857e+01,1.186888360128809694e+01
3.020577307802229328e+01,1.301687073702724540e+01
3.022577879394112799e+01,1.261082837419743896e+01
3.024578450985996270e+01,1.303859607720721847e+01
3.026579022577879385e+01,1.322187342109803865e+01
3.028579594169762856e+01,1.356229975413087985e+01
3.030580165761646327e+01,1.366302167791399924e+01
3.032580737353529798e+01,1.492556791033371155e+01
3.034581308945412914e+01,1.493693269582416860e+01
3.036581880537296385e+01,1.572152667610604482e+01
3.038582452129179856e+01,1.649161275140803440e+01
3.040583023721063327e+01,1.682393922628543237e+01
3.042583595312946798e+01,1.844647341622462378e+01
3.044584166904829914e+01,1.817874978034917888e+01
3.046584738496713385e+01,2.008081267522818081e+01
3.048585310088596856e+01,2.079840323774475408e+01
3.050585881680480327e+01,2.130817208969164511e+01
3.052586453272363798e+01,2.307369071169459573e+01
3.054587024864246914e+01,2.402005757472381475e+01
3.056587596456130385e+01,2.453757735230930592e+01
3.058588168048013856e+01,2.650754574478018810e+01
3.060588739639897327e+01,2.684039827569196035e+01
3.062589311231780798e+01,2.794981302085221486e+01
3.064589882823663913e+01,3.020037594155386884e+01
3.066590454415547384e+01,3.073421904343713251e+01
3.068591026007430855e+01,3.323639014258176871e+01
3.070591597599314326e+01,3.451319988404493699e+01
3.072592169191197442e+01,3.595001635973554244e+01
3.074592740783080913e+01,3.851086062430830737e+01
3.076593312374964384e+01,3.914267438236059604e+01
3.078593883966847855e+01,4.062520380919257690e+01
3.080594455558731326e+01,4.241411974208399727e+01
3.082595027150614442e+01,4.338815879866507430e+01
3.084595598742497913e+01,4.443053152222410063e+01
3.086596170334381384e+01,4.571070462600449957e+01
3.088596741926264855e+01,4.571488093011575415e+01
3.090597313518148326e+01,4.696742109357537487e+01
3.092597885110031442e+01,4.774252057944462280e+01
3.094598456701914913e+01,4.692731669916626913e+01
3.096599028293798384e+01,4.716953579075108394e+01
3.098599599885681855e+01,4.597646323211811392e+01
3.100600171477564970e+01,4.544324621329637637e+01
3.102600743069448441e+01,4.420480423939257264e+01
3.104601314661331912e+01,4.334124268062625163e+01
3.106601886253215383e+01,4.058805200373810607e+01
3.108602457845098854e+01,3.874890161926256837e+01
3.110603029436981970e+01,3.759584486085535104e+01
3.112603601028865441e+01,3.434283560587496709e+01
3.114604172620748912e+01,3.236252404059580101e+01
3.116604744212632383e+01,3.068374845141823926e+01
3.118605315804515854e+01,2.847407697285049721e+01
3.120605887396398970e+01,2.667063312716707202e+01
3.122606458988282441e+01,2.528598921262627641e+01
3.124607030580165912e+01,2.194683317302278525e+01
3.126607602172049383e+01,2.036276405919941368e+01
3.128608173763932498e+01,1.880804302252249371e+01
3.130608745355815969e+01,1.883021962125019755e+01
3.132609316947699440e+01,1.614507964018881481e+01
3.134609888539582911e+01,1.542173382480809174e+01
3.136610460131466382e+01,1.421927333438614838e+01
3.138611031723349498e+01,1.369187873926408194e+01
3.140611603315232969e+01,1.317231472349202370e+01
3.142612174907116440e+01,1.208913788162082348e+01
3.144612746498999911e+01,1.184157573592099766e+01
3.146613318090883382e+01,1.054267420876986527e+01
3.148613889682766498e+01,9.754781833725342466e+00
3.150614461274649969e+01,9.380712504716740341e+00
3.152615032866533440e+01,9.404896721386087677e+00
3.154615604458416911e+01,8.815842047594667719e+00
3.156616176050300382e+01,8.075453958236604279e+00
3.158616747642183498e+01,8.656462813427353353e+00
3.160617319234066969e+01,7.738521248248147799e+00
3.162617890825950440e+01,8.489227754797882497e+00
3.164618462417833911e+01,8.264884393271628937e+00
3.166619034009717026e+01,7.372573271782257187e+00
3.168619605601600497e+01,7.444651330759262997e+00
3.170620177193483968e+01,6.935959340649161753e+00
3.172620748785367439e+01,6.401811716905099203e+00
3.174621320377250910e+01,6.861040043450142178e+00
3.176621891969134026e+01,6.518583760939482552e+00
3.178622463561017497e+01,7.231961882234554828e+00
3.180623035152900968e+01,6.446110982850997928e+00
3.182623606744784439e+01,6.340494721599904793e+00
3.184624178336667910e+01,6.605300475977943897e+00
3.186624749928551026e+01,7.377944302345882832e+00
3.188625321520434497e+01,6.648542850794275871e+00
3.190625893112317968e+01,6.773494375686840208e+00
3.192626464704201439e+01,6.890756057886767927e+00
3.194627036296084555e+01,7.153971393604081186e+00
3.196627607887968026e+01,6.568760011444798153e+00
3.198628179479851497e+01,6.348441944974069884e+00
3.200628751071734968e+01,6.832840869537616157e+00
3.202629322663618439e+01,6.656694523788793560e+00
3.204629894255501199e+01,6.408873289777384130e+00
3.206630465847385381e+01,7.677350436614833740e+00
3.208631037439268141e+01,7.445644877768467396e+00
3.210631609031152323e+01,7.356165281904756270e+00
3.212632180623035083e+01,7.658788797734761289e+00
3.214632752214918554e+01,7.058870387643376709e+00
3.216633323806802025e+01,8.224054387322418336e+00
3.218633895398685496e+01,7.319566180038475700e+00
3.220634466990568967e+01,8.300855426082300426e+00
3.222635038582451728e+01,8.594462330128504135e+00
3.224635610174335909e+01,7.601867319227912922e+00
3.226636181766218670e+01,8.741568292813434837e+00
3.228636753358102851e+01,8.677693253521461259e+00
3.230637324949985612e+01,9.245992261141504187e+00
3.232637896541869083e+01,8.639649170454079652e+00
3.234638468133752554e+01,9.513727737086675518e+00
3.236639039725636025e+01,9.318355547724587851e+00
3.238639611317519496e+01,9.597018965967645698e+00
3.240640182909402967e+01,9.307891645321937801e+00
3.242640754501286438e+01,1.032244028046533302e+01
3.244641326093169198e+01,1.070655976478749949e+01
3.246641897685053380e+01,1.020246707015996002e+01
3.248642469276936140e+01,1.174466508215729910e+01
3.250643040868819611e+01,1.118355411351929263e+01
3.252643612460703082e+01,1.216568877473975263e+01
3.254644184052586553e+01,1.180968068158779438e+01
3.256644755644470024e+01,1.150523207223175781e+01
3.258645327236353495e+01,1.208227319793467558e+01
3.260645898828236966e+01,1.199305794099755929e+01
3.262646470420119726e+01,1.153319715544925472e+01
3.264647042012003908e+01,1.190260988667007780e+01
3.266647613603886668e+01,1.284262522892859693e+01
3.268648185195770850e+01,1.256104027847816162e+01
3.270648756787653610e+01,1.230598261431451235e+01
3.272649328379537081e+01,1.280342084604080455e+01
3.274649899971420552e+01,1.248853119505888287e+01
3.276650471563304023e+01,1.205951907129504619e+01
3.278651043155187494e+01,1.227004876529171540e+01
3.280651614747070255e+01,1.187844006880978398e+01
3.282652186338954436e+01,1.290288914447662982e+01
3.284652757930837197e+01,1.292393221174066298e+01
3.286653329522721378e+01,1.319306472951961595e+01
3.288653901114604139e+01,1.368906618146180776e+01
3.290654472706487610e+01,1.337646820518457780e+01
3.292655044298371081e+01,1.328398638358618555e+01
3.294655615890254552e+01,1.414792446447596674e+01
3.296656187482138023e+01,1.485011605800848145e+01
3.298656759074020783e+01,1.578443623587852684e+01
3.300657330665904965e+01,1.636987570631995936e+01
3.302657902257787725e+01,1.671191679005681152e+01
3.304658473849671907e+01,1.753920877760646135e+01
3.306659045441554667e+01,1.781017011563737640e+01
3.308659617033438138e+01,1.849779158644800958e+01
3.310660188625321609e+01,1.979919383281180245e+01
3.312660760217205080e+01,2.139150171041217163e+01
3.314661331809088551e+01,2.147965608788091529e+01
3.316661903400971312e+01,2.250786547017246875e+01
3.318662474992855493e+01,2.331533375487190440e+01
3.320663046584738254e+01,2.402884431161717060e+01
3.322663618176622435e+01,2.519333173106509705e+01
3.324664189768505196e+01,2.530752093540522196e+01
3.326664761360388667e+01,2.647824987428288068e+01
3.328665332952272138e+01,2.725256660236754414e+01
3.330665904544155609e+01,2.784478088007222141e+01
3.332666476136039080e+01,2.828129618276521029e+01
3.334667047727922551e+01,2.885014039444442346e+01
3.336667619319806022e+01,2.832362341078290768e+01
3.338668190911688782e+01,2.787399518270215992e+01
3.340668762503572964e+01,2.795246099317926536e+01
3.342669334095455724e+01,2.681387429033188141e+01
3.344669905687339195e+01,2.691848832735582420e+01
3.346670477279222666e+01,2.573463577239762401e+01
3.348671048871106137e+01,2.407311539872453920e+01
3.350671620462989608e+01,2.460108860714258228e+01
3.352672192054873079e+01,2.347816351340907914e+01
3.354672763646756550e+01,2.126550935915091856e+01
3.356673335238639311e+01,2.061518038530849140e+01
3.358673906830523492e+01,1.975770209092989305e+01
3.360674478422406253e+01,1.849087727657458302e+01
3.362675050014290434e+01,1.767515244813055375e+01
3.364675621606173195e+01,1.755514607254838211e+01
3.366676193198056666e+01,1.583636199072086015e+01
3.368676764789940137e+01,1.525991271828233486e+01
3.370677336381823608e+01,1.424959048727001942e+01
3.372677907973707079e+01,1.369635113777531288e+01
3.374678479565589839e+01,1.400459920124019675e+01
3.376679051157474021e+01,1.239122705079961584e+01
3.378679622749356781e+01,1.221748941966748703e+01
3.380680194341240963e+01,1.195196728644674167e+01
3.382680765933123723e+01,1.228411182661632139e+01
3.384681337525007194e+01,1.129021839249364945e+01
3.386681909116890665e+01,1.181139883016157199e+01
3.388682480708774136e+01,1.076469452662729509e+01
3.390683052300657607e+01,1.117044883898938146e+01
3.392683623892540368e+01,1.098875055832679237e+01
3.394684195484424549e+01,1.118315802770131917e+01
3.396684767076307310e+01,1.082024042891576876e+01
3.398685338668191491e+01,1.013083149744356604e+01
3.400685910260074252e+01,9.749606123312752004e+00
3.402686481851957723e+01,9.673410427325929817e+00
3.404687053443841194e+01,1.021201306804339382e+01
3.406687625035724665e+01,9.818746382865715105e+00
3.408688196627608136e+01,9.522157006458972006e+00
3.410688768219490896e+01,9.697013317424421075e+00
3.412689339811375078e+01,9.730818803869215827e+00
3.414689911403257838e+01,9.166209031806372920e+00
3.416690482995142020e+01,9.316569398233335519e+00
3.418691054587024780e+01,8.406339834009365575e+00
3.420691626178908251e+01,8.415057722714530897e+00
3.422692197770791722e+01,9.054191617323320784e+00
3.424692769362675193e+01,8.349192480603912614e+00
3.426693340954558664e+01,8.123990325198215956e+00
3.428693912546442135e+01,8.464596632748278893e+00
3.430694484138325606e+01,7.737188775230261939e+00
3.432695055730208367e+01,8.265913562488696797e+00
3.434695627322092548e+01,8.661590510840317947e+00
3.436696198913975309e+01,7.493853962955178361e+00
3.438696770505858780e+01,7.459030625798208192e+00
3.440697342097742251e+01,7.623119243198278383e+00
3.442697913689625722e+01,7.632432680681397130e+00
3.444698485281509193e+01,7.730148167957159089e+00
3.446699056873392664e+01,7.526612324490294270e+00
3.448699628465276135e+01,6.919468587934559878e+00
3.450700200057158895e+01,6.843314071046053826e+00
3.452700771649043077e+01,6.661759578121641212e+00
3.454701343240925837e+01,7.068235355785005503e+00
3.456701914832810019e+01,6.241509853034795441e+00
3.458702486424692779e+01,5.984273744651873450e+00
3.460703058016576250e+01,5.952097718880182242e+00
3.462703629608459721e+01,6.529985645103216996e+00
3.464704201200343192e+01,5.860580947855967615e+00
3.466704772792226663e+01,5.950265076161220357e+00
3.468705344384109424e+01,6.083942536650196686e+00
3.470705915975993605e+01,4.735720733121407733e+00
3.472706487567876366e+01,4.718815673829289459e+00
3.474707059159760547e+01,5.168350123300784915e+00
3.476707630751643308e+01,5.233481305193585342e+00
3.478708202343526779e+01,5.023141008543763775e+00
3.480708773935410250e+01,5.492742848086939134e+00
3.482709345527293721e+01,4.506951366446121376e+00
3.484709917119177192e+01,4.560470706283845210e+00
3.486710488711059952e+01,4.240226339946651102e+00
3.488711060302944134e+01,4.085568520440235218e+00
3.490711631894826894e+01,4.538941744611406648e+00
3.492712203486711076e+01,4.702369292925497213e+00
3.494712775078593836e+01,4.984385733295072285e+00
3.496713346670477307e+01,5.044046581320054123e+00
3.498713918262360778e+01,4.581539688507533903e+00
3.500714489854244249e+01,4.277502112894782549e+00
3.502715061446127720e+01,4.337091508647213267e+00
3.504715633038010481e+01,4.409437377240465139e+00
3.506716204629894662e+01,4.958753316056264460e+00
3.508716776221777423e+01,4.899527335240629000e+00
3.510717347813661604e+01,5.328490631127200672e+00
3.512717919405544365e+01,4.693272334384109179e+00
3.514718490997427836e+01,4.052721209132449154e+00
3.516719062589311307e+01,4.915741046171632433e+00
3.518719634181194778e+01,4.492465688989334183e+00
3.520720205773078249e+01,4.422102323512580035e+00
3.522720777364961720e+01,4.370095760124526052e+00
3.524721348956845191e+01,4.193710501362772014e+00
3.526721920548727951e+01,4.314515722145144672e+00
3.528722492140612133e+01,4.361952274027076193e+00
3.530723063732494893e+01,5.556380243221099136e+00
3.532723635324378364e+01,5.982807128430450483e+00
3.534724206916261835e+01,4.377971693982274815e+00
3.536724778508145306e+01,5.666428117386676178e+00
3.538725350100028777e+01,4.499740577875696701e+00
3.540725921691912248e+01,5.475609474638098106e+00
3.542726493283795719e+01,4.895742061457433181e+00
3.544727064875678479e+01,6.331540319147425322e+00
3.546727636467562661e+01,5.641678853213300648e+00
3.548728208059445421e+01,5.717962326614901336e+00
3.550728779651329603e+01,5.747538344160448176e+00
3.552729351243212363e+01,6.141650020242769514e+00
3.554729922835095834e+01,6.170275308610189136e+00
3.556730494426979305e+01,6.417123583907754281e+00
3.558731066018862776e+01,6.796988725240565188e+00
3.560731637610746247e+01,6.653242452649341665e+00
3.562732209202629008e+01,7.296520371980518505e+00
3.564732780794513189e+01,7.608257054873433844e+00
3.566733352386395950e+01,7.671397679831924776e+00
3.568733923978280131e+01,8.394195464794691475e+00
3.570734495570162892e+01,8.674678308758588585e+00
3.572735067162046363e+01,8.757962549260284391e+00
3.574735638753929834e+01,9.250367082438991417e+00
3.576736210345813305e+01,9.571808569079296447e+00
3.578736781937696776e+01,1.066630894813770070e+01
3.580737353529579536e+01,1.063951673548904431e+01
3.582737925121463718e+01,1.068261147694658675e+01
3.584738496713346478e+01,1.135494240576188574e+01
3.586739068305230660e+01,1.190439019453033076e+01
3.588739639897113420e+01,1.317367926441066928e+01
3.590740211488996891e+01,1.324503332289567403e+01
3.592740783080880362e+01,1.299870492303914205e+01
3.594741354672763833e+01,1.450023618967621175e+01
3.596741926264647304e+01,1.480877002283318511e+01
3.598742497856530065e+01,1.524571385366753518e+01
3.600743069448414246e+01,1.538523120230590990e+01
3.602743641040297007e+01,1.604772502400960121e+01
3.604744212632181188e+01,1.667919545853831309e+01
3.606744784224063949e+01,1.742618682828190302e+01
3.608745355815947420e+01,1.758065965958136445e+01
3.610745927407830891e+01,1.801545458338262051e+01
3.612746498999714362e+01,1.913754149502400992e+01
3.614747070591597833e+01,1.884748887626075842e+01
3.616747642183481304e+01,2.037140544321959013e+01
3.618748213775364775e+01,2.056517285911274939e+01
3.620748785367247535e+01,2.110018982039016322e+01
3.622749356959131717e+01,2.064594741208715689e+01
3.624749928551014477e+01,2.107480729799561203e+01
3.626750500142897948e+01,2.166986315517532091e+01
3.628751071734781419e+01,2.251730023233415068e+01
3.630751643326664890e+01,2.265541439357861719e+01
3.632752214918548361e+01,2.187213348804309021e+01
3.634752786510431832e+01,2.258238822154270764e+01
3.636753358102315303e+01,2.273789464082498313e+01
3.638753929694198064e+01,2.217310599163297979e+01
3.640754501286082245e+01,2.243038343617438812e+01
3.642755072877965006e+01,2.164742389466966799e+01
3.644755644469849187e+01,2.130231635492572551e+01
3.646756216061731948e+01,2.109184280296137359e+01
3.648756787653615419e+01,2.103944205022322933e+01
3.650757359245498890e+01,1.992667417479571412e+01
3.652757930837382361e+01,1.935439614223452054e+01
3.654758502429265832e+01,1.932515535308740340e+01
3.656759074021148592e+01,1.915346191044034896e+01
3.658759645613032774e+01,1.823737766388586579e+01
3.660760217204915534e+01,1.678935964756747623e+01
3.662760788796799716e+01,1.641022730679796737e+01
3.664761360388682476e+01,1.629398507049960543e+01
3.666761931980565947e+01,1.507709625730006309e+01
3.668762503572449418e+01,1.394614583697473797e+01
3.670763075164332889e+01,1.387137555573151992e+01
3.672763646756216360e+01,1.373975752708370202e+01
3.674764218348099121e+01,1.267032496788519325e+01
3.676764789939983302e+01,1.245764677104519613e+01
3.678765361531866063e+01,1.274876776773888132e+01
3.680765933123750244e+01,1.275531331574063287e+01
3.682766504715633005e+01,1.217448266333053297e+01
3.684767076307516476e+01,1.189751930170703709e+01
3.686767647899399947e+01,1.156175002836183907e+01
3.688768219491283418e+01,1.154618840802674562e+01
3.690768791083166889e+01,1.066439587934414313e+01
3.692769362675049649e+01,1.134487041514236338e+01
3.694769934266933831e+01,1.126078053494184594e+01
3.696770505858816591e+01,1.209374139463239572e+01
3.698771077450700773e+01,1.219585015575132303e+01
3.700771649042583533e+01,1.289377919890237756e+01
3.702772220634467004e+01,1.215250315011968496e+01
3.704772792226350475e+01,1.308111557130656166e+01
3.706773363818233946e+01,1.272079154769506459e+01
3.708773935410117417e+01,1.339713387475847384e+01
3.710774507002000888e+01,1.423113805554896949e+01
3.712775078593884359e+01,1.505164614909546472e+01
3.714775650185767120e+01,1.553303059151364529e+01
3.716776221777651301e+01,1.571815267359553658e+01
3.718776793369534062e+01,1.596732154211166765e+01
3.720777364961417533e+01,1.699171564541792279e+01
3.722777936553301004e+01,1.815589767961940026e+01
3.724778508145184475e+01,1.804963453103842141e+01
3.726779079737067946e+01,1.892953063319016493e+01
3.728779651328951417e+01,1.946157573615908376e+01
3.730780222920834888e+01,2.052918805566661575e+01
3.732780794512717648e+01,2.052948226094785156e+01
3.734781366104601830e+01,2.207329407040362312e+01
3.736781937696484590e+01,2.163686805987559580e+01
3.738782509288368772e+01,2.191852103070376856e+01
3.740783080880251532e+01,2.166776892574084101e+01
3.742783652472135003e+01,2.183558555350507646e+01
3.744784224064018474e+01,2.195785090738261403e+01
3.746784795655901945e+01,2.092968470953418603e+01
3.748785367247785416e+01,2.168396213200507816e+01
3.750785938839668177e+01,2.052283736665687641e+01
3.752786510431552358e+01,1.952433236784055026e+01
3.754787082023435119e+01,1.990203648466525621e+01
3.756787653615319300e+01,1.893760880215036835e+01
3.758788225207202061e+01,1.814117631343619053e+01
3.760788796799085532e+01,1.748484472296734538e+01
3.762789368390969003e+01,1.550028567813366820e+01
3.764789939982852474e+01,1.456930955439426612e+01
3.766790511574735945e+01,1.428357453722566106e+01
3.768791083166618705e+01,1.424129442465519269e+01
3.770791654758502887e+01,1.371357669256571654e+01
3.772792226350385647e+01,1.287511365158077936e+01
3.774792797942269829e+01,1.193680738418086484e+01
3.776793369534152589e+01,1.029915349839664707e+01
3.778793941126036060e+01,1.116101733369935545e+01
3.780794512717919531e+01,1.039964634566187840e+01
3.782795084309803002e+01,9.336711563334677777e+00
3.784795655901686473e+01,9.230257704507639716e+00
3.786796227493569234e+01,8.647107140402471970e+00
3.788796799085453415e+01,8.322480007687614645e+00
3.790797370677336176e+01,8.279267984066679631e+00
3.792797942269220357e+01,7.438414082127920324e+00
3.794798513861103118e+01,6.969043801388748349e+00
3.796799085452986589e+01,6.722051240146091899e+00
3.798799657044870060e+01,6.768997890177221421e+00
3.800800228636753531e+01,6.932337864158728991e+00
3.802800800228637002e+01,6.607933565500851536e+00
3.804801371820520473e+01,6.065085651567857283e+00
3.806801943412403944e+01,6.090983941290019743e+00
3.808802515004286704e+01,5.869374932189330707e+00
3.810803086596170886e+01,6.672942189222552223e+00
3.812803658188053646e+01,5.576361505440316613e+00
3.814804229779937117e+01,5.976888174127179987e+00
3.816804801371820588e+01,6.220585658452030486e+00
3.818805372963704059e+01,6.241355269631728930e+00
3.820805944555587530e+01,6.028264473325547712e+00
3.822806516147471001e+01,5.418140727377840804e+00
3.824807087739354472e+01,5.228885298459893249e+00
3.826807659331237232e+01,5.040196135461181726e+00
3.828808230923121414e+01,5.218455807424428272e+00
3.830808802515004174e+01,4.837989742778111335e+00
3.832809374106888356e+01,5.291723263079850526e+00
3.834809945698771116e+01,5.818191130650436804e+00
3.836810517290654587e+01,5.430099648189997907e+00
3.838811088882538058e+01,5.864856097210747521e+00
3.840811660474421529e+01,5.287372619965890586e+00
3.842812232066305000e+01,5.591815712511699843e+00
3.844812803658187761e+01,5.394651802811191388e+00
3.846813375250071942e+01,5.891007934145361169e+00
3.848813946841954703e+01,4.915805427626821711e+00
3.850814518433838884e+01,4.912072457741603948e+00
3.852815090025721645e+01,5.183665646084792300e+00
3.854815661617605116e+01,5.904093124688050587e+00
3.856816233209488587e+01,4.873154995559014324e+00
3.858816804801372058e+01,4.805270986216265250e+00
3.860817376393255529e+01,4.380867442844885495e+00
3.862817947985138289e+01,5.369385112957638206e+00
3.864818519577022471e+01,4.727432637318226050e+00
3.866819091168905231e+01,4.892831524296317625e+00
3.868819662760789413e+01,4.437273306844272014e+00
3.870820234352672173e+01,4.999154433774020134e+00
3.872820805944555644e+01,3.970368640560076656e+00
3.874821377536439115e+01,4.731165860448921734e+00
3.876821949128322586e+01,4.683145798382566838e+00
3.878822520720206057e+01,4.502805827672359484e+00
3.880823092312088818e+01,4.848108036772241114e+00
3.882823663903972999e+01,4.658532037776852874e+00
3.884824235495855760e+01,4.789649587158939958e+00
3.886824807087739941e+01,4.419802903699092234e+00
3.888825378679622702e+01,4.194230643541573045e+00
3.890825950271506173e+01,4.926875194449306328e+00
3.892826521863389644e+01,3.735879280264716051e+00
3.894827093455273115e+01,3.585594200833424061e+00
3.896827665047156586e+01,3.679813822165233894e+00
3.898828236639040057e+01,4.000502036719161048e+00
3.900828808230923528e+01,3.821103046589080510e+00
3.902829379822806288e+01,4.592632224752988712e+00
3.904829951414690470e+01,4.113617809359248589e+00
3.906830523006573230e+01,4.490356513884920631e+00
3.908831094598456701e+01,3.849737741461946250e+00
3.910831666190340172e+01,4.558405870593553288e+00
3.912832237782223643e+01,4.529948407738614513e+00
3.914832809374107114e+01,4.274368587085113802e+00
3.916833380965990585e+01,3.650988783088756851e+00
3.918833952557874056e+01,4.684391530808277970e+00
3.920834524149756817e+01,3.912642357057013243e+00
3.922835095741640998e+01,4.062151338892357799e+00
3.924835667333523759e+01,4.718609256385374096e+00
3.926836238925407940e+01,3.731472769151038982e+00
3.928836810517290701e+01,3.697092573655182512e+00
3.930837382109174172e+01,4.072126545530721842e+00
3.932837953701057643e+01,4.840459469714790686e+00
3.934838525292941114e+01,3.899308126127716712e+00
3.936839096884824585e+01,4.560063155013119207e+00
3.938839668476707345e+01,3.885271735363928336e+00
3.940840240068591527e+01,4.447156148392914510e+00
3.942840811660474287e+01,3.246865138955856711e+00
3.944841383252358469e+01,4.289959225175680402e+00
3.946841954844241229e+01,4.502400348283626563e+00
3.948842526436124700e+01,3.941829121797419511e+00
3.950843098028008171e+01,4.428350962465319007e+00
3.952843669619891642e+01,4.151854421123030825e+00
3.954844241211775113e+01,3.847931412927100059e+00
3.956844812803657874e+01,4.302925611662381300e+00
3.958845384395542055e+01,3.595298033627683854e+00
3.960845955987424816e+01,3.656969521254008981e+00
3.962846527579308997e+01,3.746617340111150884e+00
3.964847099171191758e+01,3.973469470070798870e+00
3.966847670763075229e+01,4.035543992260153701e+00
3.968848242354958700e+01,3.842402004824135187e+00
3.970848813946842171e+01,3.995245095791245760e+00
3.972849385538725642e+01,4.172528108020308046e+00
3.974849957130608402e+01,4.408074711390918665e+00
3.976850528722492584e+01,3.528777398268021948e+00
3.978851100314375344e+01,4.321763042855814696e+00
3.980851671906259526e+01,4.211204024969823934e+00
3.982852243498142286e+01,4.215921385788466758e+00
3.984852815090025757e+01,3.692998544768802738e+00
3.986853386681909228e+01,3.731681477260968993e+00
3.988853958273792699e+01,4.286936984312143650e+00
3.990854529865676170e+01,3.553723759040539054e+00
3.992855101457559641e+01,4.318089973226839184e+00
3.994855673049443112e+01,4.048873734192936169e+00
3.996856244641325873e+01,3.672951625530792352e+00
3.998856816233210054e+01,4.149121230889965872e+00
4.000857387825092815e+01,3.813642121965163501e+00
4.002857959416976286e+01,4.422137307127904648e+00
4.004858531008859757e+01,5.090022059908521967e+00
4.006859102600743228e+01,4.655513744361591044e+00
4.008859674192626699e+01,4.452666114813042419e+00
4.010860245784510170e+01,4.452290718771094724e+00
4.012860817376393641e+01,4.306643406194513801e+00
4.014861388968276401e+01,4.722079497066076215e+00
4.016861960560160583e+01,4.700341593193440026e+00
4.018862532152043343e+01,4.489892416023285371e+00
4.020863103743927525e+01,4.330712869887666017e+00
4.022863675335810285e+01,4.828791600883780788e+00
4.024864246927693756e+01,4.858114898514759972e+00
4.026864818519577227e+01,4.006824713653653447e+00
4.028865390111460698e+01,4.529875923638924107e+00
4.030865961703344169e+01,4.706801935587943575e+00
4.032866533295226930e+01,4.986038999366416036e+00
4.034867104887111111e+01,5.130487114794290981e+00
4.036867676478993872e+01,5.049273971475630063e+00
4.038868248070878053e+01,4.935554807578886205e+00
4.040868819662760814e+01,4.537888802114124154e+00
4.042869391254644285e+01,4.670391702558340796e+00
4.044869962846527756e+01,5.973124562779574376e+00
4.046870534438411227e+01,5.380808287472595985e+00
4.048871106030294698e+01,5.307087352042032080e+00
4.050871677622177458e+01,5.234862446975899530e+00
4.052872249214061640e+01,5.329505499415613023e+00
4.054872820805944400e+01,6.133478968270892118e+00
4.056873392397828582e+01,5.984670677920858495e+00
4.058873963989711342e+01,6.028297895285935404e+00
4.060874535581594813e+01,5.857269299739861879e+00
4.062875107173478284e+01,6.405604638492242486e+00
4.064875678765361755e+01,6.660129804982465096e+00
4.066876250357245226e+01,6.845476051308594378e+00
4.068876821949127986e+01,7.704588777558677215e+00
4.070877393541012168e+01,7.285753516239469540e+00
4.072877965132894929e+01,8.254709329966226861e+00
4.074878536724779110e+01,8.096754495331440538e+00
4.076879108316661871e+01,7.921628590896684585e+00
4.078879679908545342e+01,8.901717679103491321e+00
4.080880251500428813e+01,9.110061153440145887e+00
4.082880823092312284e+01,9.279433109531455059e+00
4.084881394684195755e+01,9.310878005628357101e+00
4.086881966276079226e+01,1.008198372385544062e+01
4.088882537867962697e+01,1.056736692746773798e+01
4.090883109459845457e+01,1.083294553805868077e+01
4.092883681051729639e+01,1.070054677420747602e+01
4.094884252643612399e+01,1.076410061905603399e+01
4.096884824235495870e+01,1.205412200360010111e+01
4.098885395827379341e+01,1.133798891398460285e+01
4.100885967419262812e+01,1.228318783482428955e+01
4.102886539011146283e+01,1.111602182623245838e+01
4.104887110603029754e+01,1.182506619426069250e+01
4.106887682194913225e+01,1.291472173856691441e+01
4.108888253786795985e+01,1.189496431506910668e+01
4.110888825378680167e+01,1.159845588301542030e+01
4.112889396970562927e+01,1.242556722919411172e+01
4.114889968562447109e+01,1.186402038168545836e+01
4.116890540154329869e+01,1.237092034269497098e+01
4.118891111746213340e+01,1.148381344614416477e+01
4.120891683338096811e+01,1.232552923245120269e+01
4.122892254929980282e+01,1.167629861267036162e+01
4.124892826521863753e+01,1.246567350798263973e+01
4.126893398113746514e+01,1.164140484997790992e+01
4.128893969705630695e+01,1.259929738609775640e+01
4.130894541297513456e+01,1.300276767021212976e+01
4.132895112889397637e+01,1.277289991555019455e+01
4.134895684481280398e+01,1.323029966408902425e+01
4.136896256073163869e+01,1.385133175495731273e+01
4.138896827665047340e+01,1.490628760491721394e+01
4.140897399256930811e+01,1.444305022562223328e+01
4.142897970848814282e+01,1.512030653498681509e+01
4.144898542440697042e+01,1.657284651440438950e+01
4.146899114032581224e+01,1.712296530173075482e+01
4.148899685624463984e+01,1.821678337103933387e+01
4.150900257216348166e+01,1.952425446735458081e+01
4.152900828808230926e+01,2.030921864738404992e+01
4.154901400400114397e+01,2.075112670264821446e+01
4.156901971991997868e+01,2.166002642361997488e+01
4.158902543583881339e+01,2.300180189290981758e+01
4.160903115175764810e+01,2.410433441555770884e+01
4.162903686767647571e+01,2.503908525121775952e+01
4.164904258359531752e+01,2.591643394134147371e+01
4.166904829951414513e+01,2.666634206396432916e+01
4.168905401543298694e+01,2.728156584920440508e+01
4.170905973135181455e+01,2.819526624064478426e+01
4.172906544727064926e+01,2.835454550206479496e+01
4.174907116318948397e+01,2.837223521212780497e+01
4.176907687910831868e+01,2.772820594092799595e+01
4.178908259502715339e+01,2.727746830735112837e+01
4.180908831094598810e+01,2.687699107614767513e+01
4.182909402686482281e+01,2.697092380638470033e+01
4.184909974278365041e+01,2.552733862480512883e+01
4.186910545870249223e+01,2.492500774789259310e+01
4.188911117462131983e+01,2.386213909863107219e+01
4.190911689054015454e+01,2.242298340477861629e+01
4.192912260645898925e+01,2.151751772720157874e+01
4.194912832237782396e+01,1.985914038462091824e+01
4.196913403829665867e+01,2.002200267749095275e+01
4.198913975421549338e+01,1.876633655540841517e+01
4.200914547013432809e+01,1.838720554108234850e+01
4.202915118605316280e+01,1.701805299190914766e+01
4.204915690197199041e+01,1.604315320038740111e+01
4.206916261789082512e+01,1.571722083888088406e+01
4.208916833380965983e+01,1.460890597446511130e+01
4.210917404972849454e+01,1.497441421813208962e+01
4.212917976564732925e+01,1.409351851475803485e+01
4.214918548156616396e+01,1.396579203920483003e+01
4.216919119748499867e+01,1.386320199285388099e+01
4.218919691340383338e+01,1.356170057784929561e+01
4.220920262932266809e+01,1.369456980338216390e+01
4.222920834524150280e+01,1.452513164987162853e+01
4.224921406116033040e+01,1.398558754957738159e+01
4.226921977707916511e+01,1.381630832863819336e+01
4.228922549299799982e+01,1.420575293715054244e+01
4.230923120891683453e+01,1.481325186052418275e+01
4.232923692483566924e+01,1.457827508507933345e+01
4.234924264075450395e+01,1.475288141057807678e+01
4.236924835667333866e+01,1.389013417222787794e+01
4.238925407259217337e+01,1.439802105227472850e+01
4.240925978851100808e+01,1.451262978351781818e+01
4.242926550442983569e+01,1.527503237258710023e+01
4.244927122034867040e+01,1.376192079986097028e+01
4.246927693626750511e+01,1.497489544419165952e+01
4.248928265218633982e+01,1.483179712148812257e+01
4.250928836810517453e+01,1.398561560746672505e+01
4.252929408402400924e+01,1.535834534938249618e+01
4.254929979994284395e+01,1.449256465622418943e+01
4.256930551586167866e+01,1.463541345618945755e+01
4.258931123178051337e+01,1.483560934730424918e+01
4.260931694769934097e+01,1.593254425554644627e+01
4.262932266361817568e+01,1.592838285733246195e+01
4.264932837953701039e+01,1.574949738005491007e+01
4.266933409545584510e+01,1.636593943421245356e+01
4.268933981137467981e+01,1.698482991431613698e+01
4.270934552729351452e+01,1.735285265867294768e+01
4.272935124321234923e+01,1.817392090536064586e+01
4.274935695913118394e+01,1.849232517781685914e+01
4.276936267505001865e+01,1.970003609755828222e+01
4.278936839096885336e+01,2.108443441772257287e+01
4.280937410688768097e+01,2.038978643576738392e+01
4.282937982280651568e+01,2.203042525467699875e+01
4.284938553872535039e+01,2.314952213310602147e+01
4.286939125464418510e+01,2.342992179311152157e+01
4.288939697056301981e+01,2.396141317011905159e+01
4.290940268648185452e+01,2.334155945561899870e+01
4.292940840240068923e+01,2.462249139264442022e+01
4.294941411831952394e+01,2.519339515432005072e+01
4.296941983423835865e+01,2.475315269157873388e+01
4.298942555015718625e+01,2.591060549123322687e+01
4.300943126607602096e+01,2.474387813366999822e+01
4.302943698199485567e+01,2.600354505072824907e+01
4.304944269791369038e+01,2.590539054655567242e+01
4.306944841383252509e+01,2.585693476514022393e+01
4.308945412975135980e+01,2.530255492221819935e+01
4.310945984567019451e+01,2.668430637159531216e+01
4.312946556158902922e+01,2.708935973809048647e+01
4.314947127750786393e+01,2.677098958206043378e+01
4.316947699342669864e+01,2.700832209647598248e+01
4.318948270934552625e+01,2.738809649879071273e+01
4.320948842526436096e+01,2.874677787603108214e+01
4.322949414118319567e+01,3.021468361736531705e+01
4.324949985710203038e+01,3.146310908989520527e+01
4.326950557302086509e+01,3.227252674535298382e+01
4.328951128893969980e+01,3.378815613740363233e+01
4.330951700485853451e+01,3.501835490701875386e+01
4.332952272077736922e+01,3.546381421263109246e+01
4.334952843669620393e+01,3.712912913588637309e+01
4.336953415261503153e+01,3.839073619850947239e+01
4.338953986853386624e+01,3.944488949604565420e+01
4.340954558445270095e+01,4.091591368758673752e+01
4.342955130037153566e+01,4.305224988995571778e+01
4.344955701629037037e+01,4.400530502836714675e+01
4.346956273220920508e+01,4.365223500727533690e+01
4.348956844812803979e+01,4.457651991007973891e+01
4.350957416404687450e+01,4.466556951435393330e+01
4.352957987996570921e+01,4.517814632678318532e+01
4.354958559588453681e+01,4.499514102211296063e+01
4.356959131180337153e+01,4.495645904808545623e+01
4.358959702772220624e+01,4.349953808691303436e+01
4.360960274364104095e+01,4.272835679684150989e+01
4.362960845955987566e+01,4.251261274094375864e+01
4.364961417547871037e+01,4.015676762870548089e+01
4.366961989139754508e+01,3.987628277041163471e+01
4.368962560731637979e+01,3.820406244178834498e+01
4.370963132323521450e+01,3.717684462854036553e+01
4.372963703915404921e+01,3.568927436979474521e+01
4.374964275507287681e+01,3.293748408386905169e+01
4.376964847099171152e+01,3.202864026581819701e+01
4.378965418691054623e+01,3.102548284646362475e+01
4.380965990282938094e+01,2.930230408862957603e+01
4.382966561874821565e+01,2.754669611415633312e+01
4.384967133466705036e+01,2.696819753797459995e+01
4.386967705058588507e+01,2.548362036426958355e+01
4.388968276650471978e+01,2.491000702273801082e+01
4.390968848242355449e+01,2.311965857750722719e+01
4.392969419834238209e+01,2.229550390442116026e+01
4.394969991426121680e+01,2.177797322174472683e+01
4.396970563018005151e+01,2.075928550765597436e+01
4.398971134609888622e+01,2.022771755036162489e+01
4.400971706201772093e+01,1.972809095017792913e+01
4.402972277793655564e+01,1.963799800094267667e+01
4.404972849385539035e+01,1.898523734241130612e+01
4.406973420977422506e+01,1.898438480434749920e+01
4.408973992569305977e+01,1.917837621299124606e+01
4.410974564161189448e+01,1.933877467289874019e+01
4.412975135753072209e+01,1.922596277110524454e+01
4.414975707344955680e+01,1.986823397533895985e+01
4.416976278936839151e+01,2.092682673121275272e+01
4.418976850528722622e+01,2.118684788468244662e+01
4.420977422120606093e+01,2.191486391235775244e+01
4.422977993712489564e+01,2.320823621952598970e+01
4.424978565304373035e+01,2.372827407785380061e+01
4.426979136896256506e+01,2.641570607050875807e+01
4.428979708488139977e+01,2.716776568815748050e+01
4.430980280080022737e+01,2.797216297378542293e+01
4.432980851671906208e+01,3.116899918587223084e+01
4.434981423263789679e+01,3.197718958552889035e+01
4.436981994855673150e+01,3.394888962271737398e+01
4.438982566447556621e+01,3.633477638410084154e+01
4.440983138039440092e+01,3.860716373682610225e+01
4.442983709631323563e+01,4.069689607590444780e+01
4.444984281223207034e+01,4.338417182322396570e+01
4.446984852815090505e+01,4.537068876429036379e+01
4.448985424406973266e+01,4.721502581067034754e+01
4.450985995998856737e+01,4.899769772810572022e+01
4.452986567590740208e+01,5.156723179082757724e+01
4.454987139182623679e+01,5.277041680924051548e+01
4.456987710774507150e+01,5.398245386960469716e+01
4.458988282366390621e+01,5.481019021354352105e+01
4.460988853958274092e+01,5.573756788226501868e+01
4.462989425550157563e+01,5.575318866570806620e+01
4.464989997142041034e+01,5.494037939041415797e+01
4.466990568733924505e+01,5.500447715502869528e+01
4.468991140325807265e+01,5.307009427939998147e+01
4.470991711917690736e+01,5.208336826799092023e+01
4.472992283509574207e+01,4.958261099973715602e+01
4.474992855101457678e+01,4.720786506634273394e+01
4.476993426693341149e+01,4.601068262674538545e+01
4.478993998285224620e+01,4.306106368653809824e+01
4.480994569877108091e+01,4.111408252898607429e+01
4.482995141468991562e+01,3.942329108624811340e+01
4.484995713060875033e+01,3.715053912166187189e+01
4.486996284652757794e+01,3.500196569272314662e+01
4.488996856244641265e+01,3.380757314026914173e+01
4.490997427836524736e+01,3.303788511772398806e+01
4.492997999428408207e+01,3.269975078060196694e+01
4.494998571020291678e+01,3.267331660591069920e+01
4.496999142612175149e+01,3.180433939850384206e+01
4.498999714204058620e+01,3.107050318523322829e+01
4.501000285795942091e+01,3.154561167194344051e+01
4.503000857387825562e+01,3.194833743487647837e+01
4.505001428979709033e+01,3.176382655099630981e+01
4.507002000571591793e+01,3.134335350240669982e+01
4.509002572163475264e+01,3.235201584927348506e+01
4.511003143755358735e+01,3.134327064572173782e+01
4.513003715347242206e+01,3.181852351267967549e+01
4.515004286939125677e+01,3.193560945490218472e+01
4.517004858531009148e+01,3.100729205850698378e+01
4.519005430122892619e+01,2.990824261876196033e+01
4.521006001714776090e+01,2.939898324970133459e+01
4.523006573306659561e+01,2.809388471117090802e+01
4.525007144898542322e+01,2.654110071124992487e+01
4.527007716490425793e+01,2.669894466561267521e+01
4.529008288082309264e+01,2.449332663668977261e+01
4.531008859674192735e+01,2.373816485366507933e+01
4.533009431266076206e+01,2.343821192049249547e+01
4.535010002857959677e+01,2.171373689157436360e+01
4.537010574449843148e+01,2.037010476401523817e+01
4.539011146041726619e+01,1.936233017640996934e+01
4.541011717633610090e+01,1.934671703709585699e+01
4.543012289225492850e+01,1.768129454853868410e+01
4.545012860817376321e+01,1.705444834709510360e+01
4.547013432409259792e+01,1.638738444085031887e+01
4.549014004001143263e+01,1.494162020768803956e+01
4.551014575593026734e+01,1.492085804565008189e+01
4.553015147184910205e+01,1.364597399002926714e+01
4.555015718776793676e+01,1.325293538302369889e+01
4.557016290368677147e+01,1.164581363552800397e+01
4.559016861960560618e+01,1.096155798446015517e+01
4.561017433552444089e+01,1.177589190936999408e+01
4.563018005144326850e+01,1.019797466890081417e+01
4.565018576736210321e+01,9.512311215576588097e+00
4.567019148328093792e+01,1.021759808624534926e+01
4.569019719919977263e+01,1.002459416724889607e+01
4.571020291511860734e+01,9.542901666961544294e+00
4.573020863103744205e+01,8.391653061381973089e+00
4.575021434695627676e+01,8.873851007736728747e+00
4.577022006287511147e+01,8.779661893756152580e+00
4.579022577879394618e+01,8.701969164986872229e+00
4.581023149471277378e+01,8.813904375100261035e+00
4.583023721063160849e+01,8.428171217805559223e+00
4.585024292655044320e+01,8.100865189572365566e+00
4.587024864246927791e+01,8.540354867831467800e+00
4.589025435838811262e+01,8.768234873452755096e+00
4.591026007430694733e+01,8.704444416724982148e+00
4.593026579022578204e+01,9.000866528548019829e+00
4.595027150614461675e+01,9.802379638271439433e+00
4.597027722206345146e+01,9.216274549564193563e+00
4.599028293798228617e+01,1.034185598541013995e+01
4.601028865390111378e+01,9.807996639654822602e+00
4.603029436981994849e+01,9.819161315174376625e+00
4.605030008573878320e+01,1.048642042206393654e+01
4.607030580165761791e+01,1.083483802212979263e+01
4.609031151757645262e+01,1.098313707389091221e+01
4.611031723349528733e+01,1.158556820463710757e+01
4.613032294941412204e+01,1.130311500695002458e+01
4.615032866533295675e+01,1.211020134985546548e+01
4.617033438125179146e+01,1.167969405778056924e+01
4.619034009717061906e+01,1.162522728007665940e+01
4.621034581308945377e+01,1.165204777214550091e+01
4.623035152900828848e+01,1.148221200751138227e+01
4.625035724492712319e+01,1.091331945749113785e+01
4.627036296084595790e+01,1.084928636102038624e+01
4.629036867676479261e+01,1.072478809755523876e+01
4.631037439268362732e+01,1.023082360825418391e+01
4.633038010860246203e+01,1.056513324552756217e+01
4.635038582452129674e+01,1.025739775113862429e+01
4.637039154044012434e+01,9.128710995473959144e+00
4.639039725635895905e+01,9.133873136084670108e+00
4.641040297227779376e+01,9.463040637382480469e+00
4.643040868819662847e+01,9.054489440704116987e+00
4.645041440411546319e+01,8.632788842900906090e+00
4.647042012003429790e+01,8.336033292321880950e+00
4.649042583595313261e+01,7.997990272509602150e+00
4.651043155187196732e+01,6.808015708432476387e+00
4.653043726779080203e+01,7.221789244344000380e+00
4.655044298370963674e+01,7.362147201794603468e+00
4.657044869962846434e+01,7.117963703437166778e+00
4.659045441554729905e+01,7.499898038621257257e+00
4.661046013146613376e+01,5.825147589641047396e+00
4.663046584738496847e+01,6.420846544153692825e+00
4.665047156330380318e+01,6.171189120800820049e+00
4.667047727922263789e+01,6.126981654204207928e+00
4.669048299514147260e+01,6.451856126435156824e+00
4.671048871106030731e+01,5.856579690736478661e+00
4.673049442697914202e+01,6.018155944862477291e+00
4.675050014289796962e+01,5.422162456662339203e+00
4.677050585881680433e+01,5.571463633859776721e+00
4.679051157473563904e+01,5.988071770717724007e+00
4.681051729065447375e+01,5.148714869232623670e+00
4.683052300657330846e+01,4.960791291888269505e+00
4.685052872249214317e+01,4.904249334145037054e+00
4.687053443841097788e+01,5.071387140691282269e+00
4.689054015432981259e+01,5.408342610769461878e+00
4.691054587024864730e+01,5.444406144450940843e+00
4.693055158616748201e+01,5.188772025887111283e+00
4.695055730208630962e+01,6.431750153481662124e+00
4.697056301800514433e+01,5.325360079158276250e+00
4.699056873392397904e+01,6.121209815039096114e+00
4.701057444984281375e+01,5.689155559334903245e+00
4.703058016576164846e+01,6.295844132560094231e+00
4.705058588168048317e+01,6.096726563406415167e+00
4.707059159759931788e+01,6.433192377771224102e+00
4.709059731351815259e+01,6.416281908082712704e+00
4.711060302943698730e+01,7.150789593090936869e+00
4.713060874535581490e+01,5.940389312171022951e+00
4.715061446127464961e+01,6.895042072378618769e+00
4.717062017719348432e+01,6.882214757536948113e+00
4.719062589311231903e+01,6.856455625912780683e+00
4.721063160903115374e+01,7.804675448356622525e+00
4.723063732494998845e+01,7.369016388978779197e+00
4.725064304086882316e+01,8.286682326700443468e+00
4.727064875678765787e+01,8.605327954630022091e+00
4.729065447270649258e+01,7.984432351017341389e+00
4.731066018862532019e+01,9.114290300444761073e+00
4.733066590454415490e+01,8.498848065967468557e+00
4.735067162046298961e+01,9.246859625634517243e+00
4.737067733638182432e+01,8.908276599128370776e+00
4.739068305230065903e+01,9.640277629141751348e+00
4.741068876821949374e+01,9.164434244896824566e+00
4.743069448413832845e+01,9.683127051794055973e+00
4.745070020005716316e+01,9.573245002862975639e+00
4.747070591597599787e+01,9.357769856763766825e+00
4.749071163189483258e+01,9.202212487423434339e+00
4.751071734781366018e+01,9.856846148150642861e+00
4.753072306373249489e+01,9.535483639018753621e+00
4.755072877965132960e+01,9.804094920683370518e+00
4.757073449557016431e+01,9.909750842789911474e+00
4.759074021148899902e+01,9.929605102653159321e+00
4.761074592740783373e+01,1.115147683895824215e+01
4.763075164332666844e+01,1.079703725968887618e+01
4.765075735924550315e+01,1.085137198121331359e+01
4.767076307516433786e+01,1.114165222096949392e+01
4.769076879108316547e+01,1.198302625480223149e+01
4.771077450700200018e+01,1.222568120057374053e+01
4.773078022292083489e+01,1.222922828495789460e+01
4.775078593883966960e+01,1.224284102700513088e+01
4.777079165475850431e+01,1.315195357554485156e+01
4.779079737067733902e+01,1.412905292881195685e+01
4.781080308659617373e+01,1.409794026687361779e+01
4.783080880251500844e+01,1.448928399107819942e+01
4.785081451843384315e+01,1.431922517170200848e+01
4.787082023435267075e+01,1.425424108073074336e+01
4.789082595027150546e+01,1.492819288768266972e+01
4.791083166619034017e+01,1.583956694777684859e+01
4.793083738210917488e+01,1.545677685686767155e+01
4.795084309802800959e+01,1.490379168435264035e+01
4.797084881394684430e+01,1.465245240237961077e+01
4.799085452986567901e+01,1.440185650167857290e+01
4.801086024578451372e+01,1.434352574384040224e+01
4.803086596170334843e+01,1.422685415751919713e+01
4.805087167762218314e+01,1.330767010299460651e+01
4.807087739354101075e+01,1.229839797960631032e+01
4.809088310945984546e+01,1.244243221053281978e+01
4.811088882537868017e+01,1.198007932054342639e+01
4.813089454129751488e+01,1.098386919393212224e+01
4.815090025721634959e+01,1.068117239315757416e+01
4.817090597313518430e+01,1.061483123145933405e+01
4.819091168905401901e+01,1.082006608628916311e+01
4.821091740497285372e+01,9.044718263021126248e+00
4.823092312089168843e+01,1.031557521627894225e+01
4.825092883681051603e+01,9.344215149397353315e+00
4.827093455272935074e+01,8.254750668026787253e+00
4.829094026864818545e+01,7.847766611722467367e+00
4.831094598456702016e+01,8.162181727232150408e+00
4.833095170048585487e+01,7.984488313157905637e+00
4.835095741640468958e+01,7.685036050138807084e+00
4.837096313232352429e+01,7.853460781035618510e+00
4.839096884824235900e+01,7.917546448387419389e+00
4.841097456416119371e+01,6.825770220607367378e+00
4.843098028008002842e+01,7.095259115519590765e+00
4.845098599599885603e+01,6.940336601936544447e+00
4.847099171191769074e+01,7.047291803875568306e+00
4.849099742783652545e+01,6.429781632387618018e+00
4.851100314375536016e+01,6.031160864504733432e+00
4.853100885967419487e+01,6.230722025462810620e+00
4.855101457559302958e+01,6.700711556749128661e+00
4.857102029151186429e+01,6.352052374460907203e+00
4.859102600743069900e+01,6.182975125994156329e+00
4.861103172334953371e+01,5.876274357787245606e+00
4.863103743926836131e+01,6.287652604854384819e+00
4.865104315518719602e+01,5.816401815184308433e+00
4.867104887110603073e+01,6.434122307557267995e+00
4.869105458702486544e+01,6.398059362948995243e+00
4.871106030294370015e+01,6.597037363355727102e+00
4.873106601886253486e+01,6.208117622333988450e+00
4.875107173478136957e+01,6.162215158719307695e+00
4.877107745070020428e+01,6.757186792877378778e+00
4.879108316661903899e+01,6.280119202395948008e+00
4.881108888253786660e+01,6.460074116369887598e+00
4.883109459845670131e+01,6.802735620912384817e+00
4.885110031437553602e+01,7.334768549754441480e+00
4.887110603029437073e+01,6.919655658462663617e+00
4.889111174621320544e+01,6.713986035505026706e+00
4.891111746213204015e+01,7.210443885643035955e+00
4.893112317805087486e+01,7.709433308980392141e+00
4.895112889396970957e+01,7.449588037869220969e+00
4.897113460988854428e+01,7.903165878616046136e+00
4.899114032580737899e+01,8.743681377254542753e+00
4.901114604172620659e+01,8.985490095595952909e+00
4.903115175764504130e+01,8.545564545774666954e+00
4.905115747356387601e+01,9.353724304491583652e+00
4.907116318948271072e+01,1.047172053432662153e+01
4.909116890540154543e+01,1.043729198163539706e+01
4.911117462132038014e+01,1.202393138883386747e+01
4.913118033723921485e+01,1.294908317284795629e+01
4.915118605315804956e+01,1.274159421468390008e+01
4.917119176907688427e+01,1.445607515908245233e+01
4.919119748499571187e+01,1.508077739362292391e+01
4.921120320091454658e+01,1.674146523047199508e+01
4.923120891683338129e+01,1.761043114549419997e+01
4.925121463275221600e+01,1.926245643162250332e+01
4.927122034867105071e+01,1.989443410323777073e+01
4.929122606458988542e+01,2.239897603516538283e+01
4.931123178050872014e+01,2.415269668388771152e+01
4.933123749642755485e+01,2.480063961921248961e+01
4.935124321234638956e+01,2.794760069096383859e+01
4.937124892826522427e+01,2.885693077182076394e+01
4.939125464418405187e+01,3.002087027058272284e+01
4.941126036010288658e+01,3.175572505149908409e+01
4.943126607602172129e+01,3.328316265631426063e+01
4.945127179194055600e+01,3.394826132269527363e+01
4.947127750785939071e+01,3.648058509863617616e+01
4.949128322377822542e+01,3.685244540135752089e+01
4.951128893969706013e+01,3.729834609305881088e+01
4.953129465561589484e+01,3.821494282040966795e+01
4.955130037153472955e+01,3.805191196325939984e+01
4.957130608745355715e+01,3.814254159895053675e+01
4.959131180337239186e+01,3.844007326166464367e+01
4.961131751929122657e+01,3.870612383802427559e+01
4.963132323521006128e+01,3.758514191431274298e+01
4.965132895112889599e+01,3.619883141010870276e+01
4.967133466704773070e+01,3.659035423782002283e+01
4.969134038296656541e+01,3.608491251678735523e+01
4.971134609888540012e+01,3.556762251849598044e+01
4.973135181480423483e+01,3.519159553246367977e+01
4.975135753072306244e+01,3.449132746424491103e+01
4.977136324664189715e+01,3.487401126837364274e+01
4.979136896256073186e+01,3.397718114281067159e+01
4.981137467847956657e+01,3.419636742664506102e+01
4.983138039439840128e+01,3.392037495914617296e+01
4.985138611031723599e+01,3.338341958478754634e+01
4.987139182623607070e+01,3.406458843656126589e+01
4.989139754215490541e+01,3.468077164579730720e+01
4.991140325807374012e+01,3.462384905322351614e+01
4.993140897399257483e+01,3.499909725416122797e+01
4.995141468991140243e+01,3.438383003053769471e+01
4.997142040583023714e+01,3.486567243914589653e+01
4.999142612174907185e+01,3.404302623694477603e+01
5.001143183766790656e+01,3.516633998944040940e+01
5.003143755358674127e+01,3.435737956946228167e+01
5.005144326950557598e+01,3.459215337604801022e+01
5.007144898542441069e+01,3.451372033391560024e+01
5.009145470134324540e+01,3.435642029021961719e+01
5.011146041726208011e+01,3.425850035440132046e+01
5.013146613318090772e+01,3.256957807483999545e+01
5.015147184909974243e+01,3.255292709551224561e+01
5.017147756501857714e+01,3.158658232975582436e+01
5.019148328093741185e+01,3.169681681704268073e+01
5.021148899685624656e+01,3.177962898003051251e+01
5.023149471277508127e+01,3.053339418704396735e+01
5.025150042869391598e+01,3.037749486998344750e+01
5.027150614461275069e+01,2.957069613596794966e+01
5.029151186053158540e+01,3.014044280459411951e+01
5.031151757645042011e+01,2.989534731562902437e+01
5.033152329236924771e+01,2.974128354929273854e+01
5.035152900828808242e+01,2.902728090065370736e+01
5.037153472420691713e+01,2.824262790388910460e+01
5.039154044012575184e+01,2.860575589654204265e+01
5.041154615604458655e+01,2.780895484101990789e+01
5.043155187196342126e+01,2.796849369677696373e+01
5.045155758788225597e+01,2.747209630810159098e+01
5.047156330380109068e+01,2.683344153300489410e+01
5.049156901971992539e+01,2.631045583028392798e+01
5.051157473563875300e+01,2.613249895336490525e+01
5.053158045155758771e+01,2.601999864077309610e+01
5.055158616747642242e+01,2.618581036283270436e+01
5.057159188339525713e+01,2.496023331446046711e+01
5.059159759931409184e+01,2.536572120990918222e+01
5.061160331523292655e+01,2.308611451825466077e+01
5.063160903115176126e+01,2.344546088075335888e+01
5.065161474707059597e+01,2.254908888118615096e+01
5.067162046298943068e+01,2.130920695949486543e+01
5.069162617890825828e+01,2.065877801312178264e+01
5.071163189482709299e+01,2.014056858831627395e+01
5.073163761074592770e+01,1.912574595512575826e+01
5.075164332666476241e+01,1.878574239124875689e+01
5.077164904258359712e+01,1.857419459886801150e+01
5.079165475850243183e+01,1.806993377735217976e+01
5.081166047442126654e+01,1.742546594510616487e+01
5.083166619034010125e+01,1.698158622053821531e+01
5.085167190625893596e+01,1.691420332033023399e+01
5.087167762217777067e+01,1.648201679926679475e+01
5.089168333809659828e+01,1.726385814606585356e+01
5.091168905401543299e+01,1.706518304292011834e+01
5.093169476993426770e+01,1.710076775973795549e+01
5.095170048585310241e+01,1.673171650977470648e+01
5.097170620177193712e+01,1.621935657321045809e+01
5.099171191769077183e+01,1.663288939830098556e+01
5.101171763360960654e+01,1.701315235248776503e+01
5.103172334952844125e+01,1.673202156408083141e+01
5.105172906544727596e+01,1.659487097841588721e+01
5.107173478136610356e+01,1.745800291357078748e+01
5.109174049728493827e+01,1.652712066550339642e+01
5.111174621320377298e+01,1.597143614819229818e+01
5.113175192912260769e+01,1.593975051971467494e+01
5.115175764504144240e+01,1.546070841620101000e+01
5.117176336096027711e+01,1.522321352303506181e+01
5.119176907687911182e+01,1.453002115669612238e+01
5.121177479279794653e+01,1.462089275264164101e+01
5.123178050871678124e+01,1.431834448554767647e+01
5.125178622463561595e+01,1.388720244828020967e+01
5.127179194055444356e+01,1.330320063651166862e+01
5.129179765647327827e+01,1.352762340872180502e+01
5.131180337239211298e+01,1.287761383751617039e+01
5.133180908831094769e+01,1.241554122943788308e+01
5.135181480422978240e+01,1.287304884926740023e+01
5.137182052014861711e+01,1.214011252752759340e+01
5.139182623606745182e+01,1.167929802847782383e+01
5.141183195198628653e+01,1.158674703941698958e+01
5.143183766790512124e+01,1.115549777480634575e+01
5.145184338382394884e+01,1.080345690370863032e+01
5.147184909974278355e+01,1.031370029773391117e+01
5.149185481566161826e+01,9.709539496556836013e+00
5.151186053158045297e+01,1.066980641927679585e+01
5.153186624749928768e+01,9.486337820736686410e+00
5.155187196341812239e+01,1.016132623296683235e+01
5.157187767933695710e+01,9.845415247750523235e+00
5.159188339525579181e+01,1.015519693093558828e+01
5.161188911117462652e+01,1.062158328100879778e+01
5.163189482709345413e+01,1.025415912048131339e+01
5.165190054301228884e+01,1.028171585741579719e+01
5.167190625893112355e+01,1.003668262505563469e+01
5.169191197484995826e+01,1.042651071954822761e+01
5.171191769076879297e+01,1.084037732496652851e+01
5.173192340668762768e+01,1.135899980706620838e+01
5.175192912260646239e+01,1.050999090003088376e+01
5.177193483852529710e+01,1.125317093623254650e+01
5.179194055444413181e+01,1.040034279455810484e+01
5.181194627036296652e+01,1.124871726565638497e+01
5.183195198628179412e+01,1.089257128685224885e+01
5.185195770220062883e+01,1.151800877352711439e+01
5.187196341811946354e+01,1.154954398030544738e+01
5.189196913403829825e+01,1.039488068861518677e+01
5.191197484995713296e+01,1.132305153989100255e+01
5.193198056587596767e+01,1.122584632366727675e+01
5.195198628179480238e+01,1.121157340880868603e+01
5.197199199771363709e+01,1.148698245083295788e+01
5.199199771363247180e+01,1.100218543759789291e+01
5.201200342955129940e+01,1.147449979740753889e+01
5.203200914547013411e+01,1.186622400526333010e+01
5.205201486138896882e+01,1.179296456384152236e+01
5.207202057730780353e+01,1.229892671003986493e+01
5.209202629322663824e+01,1.262924257262825023e+01
5.211203200914547295e+01,1.334420494610747099e+01
5.213203772506430766e+01,1.318635033857749939e+01
5.215204344098314237e+01,1.430450266165127715e+01
5.217204915690197708e+01,1.580414874614763221e+01
5.219205487282081180e+01,1.606473466919429427e+01
5.221206058873963940e+01,1.740608451884388330e+01
5.223206630465847411e+01,1.834730654332814836e+01
5.225207202057730882e+01,1.878351388946368417e+01
5.227207773649614353e+01,2.014803026378202944e+01
5.229208345241497824e+01,2.085101416980586819e+01
5.231208916833381295e+01,2.262578362897395934e+01
5.233209488425264766e+01,2.397424039375797378e+01
5.235210060017148237e+01,2.471777378990388385e+01
5.237210631609031708e+01,2.587813517764156046e+01
5.239211203200914468e+01,2.621242988721414235e+01
5.241211774792797939e+01,2.658827388439181050e+01
5.243212346384681410e+01,2.793387336423480605e+01
5.245212917976564881e+01,2.814490698958017845e+01
5.247213489568448352e+01,2.986042622837997129e+01
5.249214061160331823e+01,2.864674910687948284e+01
5.251214632752215294e+01,2.923683535074738415e+01
5.253215204344098765e+01,2.932325823762083772e+01
5.255215775935982236e+01,3.004702993341516759e+01
5.257216347527864997e+01,2.957784308741889134e+01
5.259216919119748468e+01,2.873501012768765150e+01
5.261217490711631939e+01,2.928162408225284707e+01
5.263218062303515410e+01,2.789171046252291220e+01
5.265218633895398881e+01,2.802870181247764947e+01
5.267219205487282352e+01,2.772038939484057352e+01
5.269219777079165823e+01,2.682047600361693895e+01
5.271220348671049294e+01,2.556781752171552213e+01
5.273220920262932765e+01,2.642880032166371151e+01
5.275221491854816236e+01,2.576092614397888880e+01
5.277222063446698996e+01,2.503610347692509208e+01
5.279222635038582467e+01,2.555895658777047075e+01
5.281223206630465938e+01,2.536606191637032381e+01
5.283223778222349409e+01,2.547382915016712701e+01
5.285224349814232880e+01,2.492465630720509040e+01
5.287224921406116351e+01,2.483431262006397233e+01
5.289225492997999822e+01,2.345912385620549401e+01
5.291226064589883293e+01,2.301975358471834454e+01
5.293226636181766764e+01,2.289433030193068674e+01
5.295227207773649525e+01,2.234412753758808279e+01
5.297227779365532996e+01,2.127043706268242573e+01
5.299228350957416467e+01,2.041899724902343749e+01
5.301228922549299938e+01,1.975807273470376657e+01
5.303229494141183409e+01,1.833190735393311144e+01
5.305230065733066880e+01,1.764366561573776693e+01
5.307230637324950351e+01,1.677933657765223074e+01
5.309231208916833822e+01,1.660955507695780398e+01
5.311231780508717293e+01,1.580495240879567831e+01
5.313232352100600764e+01,1.438099934914468747e+01
5.315232923692483524e+01,1.352928263394834829e+01
5.317233495284366995e+01,1.330270377230930912e+01
5.319234066876250466e+01,1.177580733457986462e+01
5.321234638468133937e+01,1.210964637938092281e+01
5.323235210060017408e+01,1.107401841392447039e+01
5.325235781651900879e+01,1.087031604563944143e+01
5.327236353243784350e+01,9.713098254742405402e+00
5.329236924835667821e+01,1.012121300189521556e+01
5.331237496427551292e+01,9.508489615931917882e+00
5.333238068019434053e+01,8.302741093623501101e+00
5.335238639611317524e+01,9.177720013845563685e+00
5.337239211203200995e+01,8.946697193687995764e+00
5.339239782795084466e+01,9.344283238835322081e+00
5.341240354386967937e+01,7.964353852979902726e+00
5.343240925978851408e+01,8.916842653609732494e+00
5.345241497570734879e+01,9.035854045055815575e+00
5.347242069162618350e+01,9.308275147718166664e+00
5.349242640754501821e+01,8.817223698034723611e+00
5.351243212346384581e+01,8.990497409979173682e+00
5.353243783938268052e+01,1.026915185593121649e+01
5.355244355530151523e+01,1.072086725934679308e+01
5.357244927122034994e+01,1.059103975350524962e+01
5.359245498713918465e+01,1.150410331018041354e+01
5.361246070305801936e+01,1.116057047956635984e+01
5.363246641897685407e+01,1.278956822326270526e+01
5.365247213489568878e+01,1.285155986777253290e+01
5.367247785081452349e+01,1.519228450270039943e+01
5.369248356673335820e+01,1.542293115078670951e+01
5.371248928265218581e+01,1.637513714856280700e+01
5.373249499857102052e+01,1.821678577620675910e+01
5.375250071448985523e+01,1.993148256311014421e+01
5.377250643040868994e+01,2.030965389937188803e+01
5.379251214632752465e+01,2.150937240439539977e+01
5.381251786224635936e+01,2.251182180803561295e+01
5.383252357816519407e+01,2.508234277023676739e+01
5.385252929408402878e+01,2.620123245775903342e+01
5.387253501000286349e+01,2.697283892384280435e+01
5.389254072592169109e+01,2.827343314331255897e+01
5.391254644184052580e+01,2.860276181452752908e+01
5.393255215775936051e+01,2.949525305017853327e+01
5.395255787367819522e+01,2.974196278109338465e+01
5.397256358959702993e+01,2.967180105197283169e+01
5.399256930551586464e+01,2.930231936336894094e+01
5.401257502143469935e+01,2.916497625760333179e+01
5.403258073735353406e+01,2.941776714342454468e+01
5.405258645327236877e+01,2.858149724184925589e+01
5.407259216919120348e+01,2.865000855265839874e+01
5.409259788511003109e+01,2.750190774552157791e+01
5.411260360102886580e+01,2.548825283235041184e+01
5.413260931694770051e+01,2.546563040175892212e+01
5.415261503286653522e+01,2.446385894426800078e+01
5.417262074878536993e+01,2.372412683756289198e+01
5.419262646470420464e+01,2.234822357562646289e+01
5.421263218062303935e+01,2.187517518099935288e+01
5.423263789654187406e+01,2.141255453611412918e+01
5.425264361246070877e+01,2.073892251428771871e+01
5.427264932837953637e+01,1.942372075067666159e+01
5.429265504429837108e+01,1.875660882256366691e+01
5.431266076021720579e+01,1.760570528222497444e+01
5.433266647613604050e+01,1.724203100080971041e+01
5.435267219205487521e+01,1.716487835157797903e+01
5.437267790797370992e+01,1.777890909036917932e+01
5.439268362389254463e+01,1.678840215511966605e+01
5.441268933981137934e+01,1.593210234971048145e+01
5.443269505573021405e+01,1.633223757167324663e+01
5.445270077164904166e+01,1.680228823088373957e+01
5.447270648756787637e+01,1.658286264876827332e+01
5.449271220348671108e+01,1.714468533428704689e+01
5.451271791940554579e+01,1.723745839741314612e+01
5.453272363532438050e+01,1.738247166019454326e+01
5.455272935124321521e+01,1.718292895857548785e+01
5.457273506716204992e+01,1.810447731845621178e+01
5.459274078308088463e+01,1.693732765744549340e+01
5.461274649899971934e+01,1.780446588877084224e+01
5.463275221491855405e+01,1.854116910427942599e+01
5.465275793083738165e+01,1.808931318642168762e+01
5.467276364675621636e+01,1.884511683257812820e+01
5.469276936267505107e+01,1.834766498183924099e+01
5.471277507859388578e+01,1.867475894798250380e+01
5.473278079451272049e+01,1.837955903768182253e+01
5.475278651043155520e+01,1.808952662098742792e+01
5.477279222635038991e+01,1.784882066883792362e+01
5.479279794226922462e+01,1.824796778445423229e+01
5.481280365818805933e+01,1.761107856724913745e+01
5.483280937410688693e+01,1.768241052177424777e+01
5.485281509002572164e+01,1.657639493861038105e+01
5.487282080594455635e+01,1.628570501664939840e+01
5.489282652186339106e+01,1.587514644126531671e+01
5.491283223778222577e+01,1.555348154713206910e+01
5.493283795370106048e+01,1.590247154874900026e+01
5.495284366961989519e+01,1.521836124701229309e+01
5.497284938553872990e+01,1.461735474474109608e+01
5.499285510145756461e+01,1.454925603810851698e+01
5.501286081737639222e+01,1.407933028139846598e+01
5.503286653329522693e+01,1.464449118860008880e+01
5.505287224921406164e+01,1.361497690606462996e+01
5.507287796513289635e+01,1.421935132736676799e+01
5.509288368105173106e+01,1.388312983877016471e+01
5.511288939697056577e+01,1.426083749353332308e+01
5.513289511288940048e+01,1.520038152352326222e+01
5.515290082880823519e+01,1.479181494312045686e+01
5.517290654472706990e+01,1.516749266460701051e+01
5.519291226064590461e+01,1.612597259481474410e+01
5.521291797656473221e+01,1.627605722778413266e+01
5.523292369248356692e+01,1.708416130311470482e+01
5.525292940840240163e+01,1.820485416641994547e+01
5.527293512432123634e+01,1.808687848405462972e+01
5.529294084024007105e+01,1.908991782912263346e+01
5.531294655615890576e+01,1.993531435541923358e+01
5.533295227207774047e+01,2.095789271899661799e+01
5.535295798799657518e+01,2.116883476175579659e+01
5.537296370391540989e+01,2.231278515697619014e+01
5.539296941983423750e+01,2.288723136194264640e+01
5.541297513575307221e+01,2.306959359527041897e+01
5.543298085167190692e+01,2.375207614963984781e+01
5.545298656759074163e+01,2.363678765531911807e+01
5.547299228350957634e+01,2.361898308055349816e+01
5.549299799942841105e+01,2.415531575096625261e+01
5.551300371534724576e+01,2.339755359155044800e+01
5.553300943126608047e+01,2.285491165517069945e+01
5.555301514718491518e+01,2.295875607758046044e+01
5.557302086310374989e+01,2.219672315818321451e+01
5.559302657902257749e+01,2.179236617493061701e+01
5.561303229494141220e+01,2.163926426952476945e+01
5.563303801086024691e+01,2.013351613984042743e+01
5.565304372677908162e+01,1.995820813366547952e+01
5.567304944269791633e+01,1.975084299044471692e+01
5.569305515861675104e+01,1.994503781364542050e+01
5.571306087453558575e+01,1.960909545791808029e+01
5.573306659045442046e+01,1.888030071384327613e+01
5.575307230637325517e+01,1.842356842516999293e+01
5.577307802229208278e+01,1.805021124133245536e+01
5.579308373821091749e+01,1.842828823364693136e+01
5.581308945412975220e+01,1.838165929656688036e+01
5.583309517004858691e+01,1.842818627452295033e+01
5.585310088596742162e+01,1.829209854577336358e+01
5.587310660188625633e+01,1.805308574708384839e+01
5.589311231780509104e+01,1.816061104751580757e+01
5.591311803372392575e+01,1.686373486215823192e+01
5.593312374964276046e+01,1.751611790679856284e+01
5.595312946556158806e+01,1.692793324382585496e+01
5.597313518148042277e+01,1.689646441926986853e+01
5.599314089739925748e+01,1.691165845810333579e+01
5.601314661331809219e+01,1.632635288094967052e+01
5.603315232923692690e+01,1.537524124181037521e+01
5.605315804515576161e+01,1.523669771333811696e+01
5.607316376107459632e+01,1.434793911409839318e+01
5.609316947699343103e+01,1.369924899657127071e+01
5.611317519291226574e+01,1.376226451507088555e+01
5.613318090883110045e+01,1.370093565510413569e+01
5.615318662474992806e+01,1.305809117985430490e+01
5.617319234066876277e+01,1.302992829705247146e+01
5.619319805658759748e+01,1.209833738189339947e+01
5.621320377250643219e+01,1.173290531859235131e+01
5.623320948842526690e+01,1.139605673925887430e+01
5.625321520434410161e+01,1.080308001942720253e+01
5.627322092026293632e+01,1.041807280340498210e+01
5.629322663618177103e+01,1.098552387228321869e+01
5.631323235210060574e+01,1.024269986103047358e+01
5.633323806801943334e+01,9.320713178535084964e+00
5.635324378393826805e+01,9.146661404978450705e+00
5.637324949985710276e+01,9.518243485237826818e+00
5.639325521577593747e+01,8.979802635754666085e+00
5.641326093169477218e+01,9.300963394284952557e+00
5.643326664761360689e+01,9.284068596267479379e+00
5.645327236353244160e+01,9.208976256385540182e+00
5.647327807945127631e+01,9.022978892962544961e+00
5.649328379537011102e+01,9.434634335700204488e+00
5.651328951128894573e+01,1.028714942490952922e+01
5.653329522720777334e+01,1.035512543195376445e+01
5.655330094312660805e+01,1.018249549661788755e+01
5.657330665904544276e+01,1.132075146828082168e+01
5.659331237496427747e+01,1.205641401508489707e+01
5.661331809088311218e+01,1.281250587549437547e+01
5.663332380680194689e+01,1.305901660905483119e+01
5.665332952272078160e+01,1.363714278566766680e+01
5.667333523863961631e+01,1.482513473883292932e+01
5.669334095455845102e+01,1.599461848383807627e+01
5.671334667047727862e+01,1.693980688460318973e+01
5.673335238639611333e+01,1.777081230288115421e+01
5.675335810231494804e+01,1.862698184733167039e+01
5.677336381823378275e+01,1.999534818371792966e+01
5.679336953415261746e+01,1.986473622328637845e+01
5.681337525007145217e+01,2.118195757082520458e+01
5.683338096599028688e+01,2.150736208205847078e+01
5.685338668190912159e+01,2.306924604696482106e+01
5.687339239782795630e+01,2.297741736472223906e+01
5.689339811374678391e+01,2.244384183474005567e+01
5.691340382966561862e+01,2.259639641967294210e+01
5.693340954558445333e+01,2.264344201298631276e+01
5.695341526150328804e+01,2.228721721934832445e+01
5.697342097742212275e+01,2.220688541972113583e+01
5.699342669334095746e+01,2.100895569722761280e+01
5.701343240925979217e+01,2.026073823954434872e+01
5.703343812517862688e+01,1.943217001996986681e+01
5.705344384109746159e+01,1.866108376988386652e+01
5.707344955701629630e+01,1.896815241000302521e+01
5.709345527293512390e+01,1.795157338367433297e+01
5.711346098885395861e+01,1.668990150324215804e+01
5.713346670477279332e+01,1.580920543801129341e+01
5.715347242069162803e+01,1.606827881229357402e+01
5.717347813661046274e+01,1.549549541858372770e+01
5.719348385252929745e+01,1.405871207864266381e+01
5.721348956844813216e+01,1.474750422665940519e+01
5.723349528436696687e+01,1.401513540294999238e+01
5.725350100028580158e+01,1.414578013390583067e+01
5.727350671620462919e+01,1.340804261958454546e+01
5.729351243212346390e+01,1.353484543352592340e+01
5.731351814804229861e+01,1.281594105733594091e+01
5.733352386396113332e+01,1.319938206239958411e+01
5.735352957987996803e+01,1.164901140558352743e+01
5.737353529579880274e+01,1.116040112427034714e+01
5.739354101171763745e+01,1.113106892019046334e+01
5.741354672763647216e+01,1.055080497532857287e+01
5.743355244355530687e+01,9.795221297785843717e+00
5.745355815947414158e+01,9.642824770446694060e+00
5.747356387539296918e+01,9.477284634743650571e+00
5.749356959131180389e+01,8.820983719469714046e+00
5.751357530723063860e+01,8.348837786857991716e+00
5.753358102314947331e+01,7.620274361541317987e+00
5.755358673906830802e+01,8.476195496083274605e+00
5.757359245498714273e+01,7.202911567818262029e+00
5.759359817090597744e+01,7.887028329444158103e+00
5.761360388682481215e+01,6.547652281540623065e+00
5.763360960274364686e+01,6.943701383815099604e+00
5.765361531866247446e+01,5.849616203915368295e+00
5.767362103458130917e+01,5.968246954976081042e+00
5.769362675050014388e+01,6.199510552443578959e+00
5.771363246641897859e+01,5.380958634469894974e+00
5.773363818233781330e+01,5.654607990918999683e+00
5.775364389825664801e+01,5.473279678090948508e+00
5.777364961417548272e+01,5.203304224510469034e+00
5.779365533009431743e+01,5.273564580228403464e+00
5.781366104601315214e+01,4.957266945292519544e+00
5.783366676193197975e+01,5.112660835167065265e+00
5.785367247785081446e+01,5.691602922066377523e+00
5.787367819376964917e+01,4.952563897154050210e+00
5.789368390968848388e+01,4.784604818627116174e+00
5.791368962560731859e+01,4.778976867429790332e+00
5.793369534152615330e+01,4.771975216351197702e+00
5.795370105744498801e+01,5.139032027440918249e+00
5.797370677336382272e+01,4.394013587164147694e+00
5.799371248928265743e+01,4.228687287111014825e+00
5.801371820520149214e+01,4.502832385995572118e+00
5.803372392112031974e+01,4.222381167163699267e+00
5.805372963703915445e+01,4.486005777277043194e+00
5.807373535295798916e+01,4.684766582775147015e+00
5.809374106887682387e+01,4.926699272083393311e+00
5.811374678479565858e+01,3.773517307676757859e+00
5.813375250071449329e+01,4.700391364314496556e+00
5.815375821663332800e+01,4.121743375858875957e+00
5.817376393255216271e+01,4.058688785023118584e+00
5.819376964847099742e+01,3.887610572903820838e+00
5.821377536438982503e+01,4.307046264599397212e+00
5.823378108030865974e+01,4.677051333342157946e+00
5.825378679622749445e+01,4.027478701192226396e+00
5.827379251214632916e+01,4.312533986498646499e+00
5.829379822806516387e+01,3.437620501357047331e+00
5.831380394398399858e+01,4.131276408988369120e+00
5.833380965990283329e+01,4.632077567851608180e+00
5.835381537582166800e+01,4.089813304212311706e+00
5.837382109174050271e+01,4.032736197843092896e+00
5.839382680765933742e+01,4.621977445394342965e+00
5.841383252357816502e+01,4.507792083697058416e+00
5.843383823949699973e+01,4.212367776909466066e+00
5.845384395541583444e+01,4.974877334152768782e+00
5.847384967133466915e+01,3.938752938679794369e+00
5.849385538725350386e+01,3.941573999391136507e+00
5.851386110317233857e+01,4.305781947647719043e+00
5.853386681909117328e+01,4.100004144968040443e+00
5.855387253501000799e+01,3.927940073401761545e+00
5.857387825092884270e+01,3.778053159105021930e+00
5.859388396684767031e+01,3.363789209555474002e+00
5.861388968276650502e+01,4.372151001688663996e+00
5.863389539868533973e+01,4.516205449001852834e+00
5.865390111460417444e+01,3.761699874773017704e+00
5.867390683052300915e+01,4.109117415634963244e+00
5.869391254644184386e+01,3.627377437013038275e+00
5.871391826236067857e+01,4.480680931868953110e+00
5.873392397827951328e+01,4.676171545407886043e+00
5.875392969419834799e+01,4.193190457015936623e+00
5.877393541011717559e+01,3.660840689129487124e+00
5.879394112603601030e+01,3.632034580255737222e+00
5.881394684195484501e+01,3.813910337814572671e+00
5.883395255787367972e+01,3.810064557767811166e+00
5.885395827379251443e+01,4.216340109918997214e+00
5.887396398971134914e+01,3.943576887789832064e+00
5.889396970563018385e+01,4.354487675387627377e+00
5.891397542154901856e+01,4.896225005277044851e+00
5.893398113746785327e+01,3.993181937540855486e+00
5.895398685338668798e+01,4.223868799652875872e+00
5.897399256930551559e+01,4.438137761883601762e+00
5.899399828522435030e+01,4.414924568156128437e+00
5.901400400114318501e+01,4.366116156413048621e+00
5.903400971706201972e+01,4.399414592568292370e+00
5.905401543298085443e+01,4.338547527396849013e+00
5.907402114889968914e+01,4.341939381976467338e+00
5.909402686481852385e+01,4.613362976587968234e+00
5.911403258073735856e+01,4.353146753387467704e+00
5.913403829665619327e+01,4.042882909849320860e+00
5.915404401257502087e+01,3.986438746587928073e+00
5.917404972849385558e+01,5.018267564129294200e+00
5.919405544441269029e+01,3.726303237538351798e+00
5.921406116033152500e+01,4.789964521884938264e+00
5.923406687625035971e+01,4.737706966572832634e+00
5.925407259216919442e+01,4.128078923683904833e+00
5.927407830808802913e+01,4.244382915255719979e+00
5.929408402400686384e+01,4.842534400782214199e+00
5.931408973992569855e+01,4.630670126537351550e+00
5.933409545584453326e+01,4.474239459485326975e+00
5.935410117176336087e+01,4.841440638604925795e+00
5.937410688768219558e+01,4.399689437366422595e+00
5.939411260360103029e+01,5.014421703014452447e+00
5.941411831951986500e+01,3.986424360562274227e+00
5.943412403543869971e+01,4.079129859117915480e+00
5.945412975135753442e+01,4.432731638383689443e+00
5.947413546727636913e+01,4.994074192276782398e+00
5.949414118319520384e+01,4.159292160799482829e+00
5.951414689911403855e+01,4.618817616010352012e+00
5.953415261503286615e+01,4.125746861689781220e+00
5.955415833095170086e+01,4.794092799655569337e+00
5.957416404687053557e+01,4.474988919619991456e+00
5.959416976278937028e+01,4.932009463149314321e+00
5.961417547870820499e+01,4.561121009213547239e+00
5.963418119462703970e+01,4.787479804790121918e+00
5.965418691054587441e+01,4.132731219200707073e+00
5.967419262646470912e+01,5.386451438487352306e+00
5.969419834238354383e+01,5.674721581244758006e+00
5.971420405830237144e+01,4.791513203133093590e+00
5.973420977422120615e+01,5.421256246547978108e+00
5.975421549014004086e+01,5.975377747795354466e+00
5.977422120605887557e+01,5.952403774951335436e+00
5.979422692197771028e+01,6.579547434949159168e+00
5.981423263789654499e+01,5.990091601460313164e+00
5.983423835381537970e+01,6.325594621645917570e+00
5.985424406973421441e+01,7.392914888647784011e+00
5.987424978565304912e+01,7.491869965602235837e+00
5.989425550157188383e+01,6.872926317743260682e+00
5.991426121749071143e+01,8.266459477472363204e+00
5.993426693340954614e+01,8.396224328162912087e+00
5.995427264932838085e+01,9.556731821479885980e+00
5.997427836524721556e+01,9.669095499583479025e+00
5.999428408116605027e+01,1.040016642435797856e+01
6.001428979708488498e+01,1.131381730963385301e+01
6.003429551300371969e+01,1.130619588380002227e+01
6.005430122892255440e+01,1.198102304375560934e+01
6.007430694484138911e+01,1.190355888201186119e+01
6.009431266076021672e+01,1.278094889727492500e+01
6.011431837667905143e+01,1.285219704677000330e+01
6.013432409259788614e+01,1.297316898184536704e+01
6.015432980851672085e+01,1.360853419994077740e+01
6.017433552443555556e+01,1.324953730174266653e+01
6.019434124035439027e+01,1.405500204903641404e+01
6.021434695627322498e+01,1.445955720836383840e+01
6.023435267219205969e+01,1.423749824798988683e+01
6.025435838811089440e+01,1.369416535734641371e+01
6.027436410402972911e+01,1.367740090902082528e+01
6.029436981994855671e+01,1.377004129060664894e+01
6.031437553586739142e+01,1.321369932766027944e+01
6.033438125178622613e+01,1.285646679771374679e+01
6.035438696770506084e+01,1.290904995008125056e+01
6.037439268362389555e+01,1.336391949230057818e+01
6.039439839954273026e+01,1.268034479205121201e+01
6.041440411546156497e+01,1.320944410633958555e+01
6.043440983138039968e+01,1.286341116294409659e+01
6.045441554729923439e+01,1.264415922296630512e+01
6.047442126321806199e+01,1.253091297011073024e+01
6.049442697913689670e+01,1.282834990475661208e+01
6.051443269505573141e+01,1.310050147079421379e+01
6.053443841097456612e+01,1.270051943592256904e+01
6.055444412689340083e+01,1.413230081537261817e+01
6.057444984281223554e+01,1.331099881922721018e+01
6.059445555873107025e+01,1.282304315459691502e+01
6.061446127464990496e+01,1.347809307581777460e+01
6.063446699056873967e+01,1.299677010156904799e+01
6.065447270648756728e+01,1.349697618275731514e+01
6.067447842240640199e+01,1.346530768796900901e+01
6.069448413832523670e+01,1.432675555592048688e+01
6.071448985424407141e+01,1.462432789404958733e+01
6.073449557016290612e+01,1.471369134034834758e+01
6.075450128608174083e+01,1.584173273898664114e+01
6.077450700200057554e+01,1.656552175755961542e+01
6.079451271791941025e+01,1.675887377136521650e+01
6.081451843383824496e+01,1.753684494016495421e+01
6.083452414975707967e+01,1.842807925480762421e+01
6.085452986567590727e+01,1.905791455758043895e+01
6.087453558159474198e+01,2.068489962829170636e+01
6.089454129751357669e+01,2.238259924643362808e+01
6.091454701343241140e+01,2.299740791362874148e+01
6.093455272935124611e+01,2.466768751350968358e+01
6.095455844527008082e+01,2.463192881373090870e+01
6.097456416118891553e+01,2.630511121370769700e+01
6.099456987710775024e+01,2.647566079003684791e+01
6.101457559302658495e+01,2.761394703055201916e+01
6.103458130894541256e+01,2.797988943741405521e+01
6.105458702486424727e+01,2.814993727541604329e+01
6.107459274078308198e+01,2.851324712869332600e+01
6.109459845670191669e+01,2.768766207225115394e+01
6.111460417262075140e+01,2.790933769924636110e+01
6.113460988853958611e+01,2.736607356851779116e+01
6.115461560445842082e+01,2.716561736423004447e+01
6.117462132037725553e+01,2.582294854400679895e+01
6.119462703629609024e+01,2.533510451570384703e+01
6.121463275221492495e+01,2.394136543821171159e+01
6.123463846813375255e+01,2.280552393113456944e+01
6.125464418405258726e+01,2.223844818156017311e+01
6.127464989997142197e+01,2.092753054616267150e+01
6.129465561589025668e+01,2.005021564267372725e+01
6.131466133180909139e+01,1.960912996976306744e+01
6.133466704772792610e+01,1.828710950071105401e+01
6.135467276364676081e+01,1.792955092582278454e+01
6.137467847956559552e+01,1.778445562152927550e+01
6.139468419548443023e+01,1.682926052501578340e+01
6.141468991140325784e+01,1.659971588727724168e+01
6.143469562732209255e+01,1.604905508824462146e+01
6.145470134324092726e+01,1.663616611496392395e+01
6.147470705915976197e+01,1.555410402305115980e+01
6.149471277507859668e+01,1.544855215128517401e+01
6.151471849099743139e+01,1.554863335052980489e+01
6.153472420691626610e+01,1.533058237416873126e+01
6.155472992283510081e+01,1.529703042188976703e+01
6.157473563875393552e+01,1.510256190128620091e+01
6.159474135467276312e+01,1.548422308516757084e+01
6.161474707059159783e+01,1.528247314260863376e+01
6.163475278651043254e+01,1.505192201737707336e+01
6.165475850242926725e+01,1.534108674794820004e+01
6.167476421834810196e+01,1.568111317813811212e+01
6.169476993426693667e+01,1.509216106260193158e+01
6.171477565018577138e+01,1.541879608553166214e+01
6.173478136610460609e+01,1.540172719766330900e+01
6.175478708202344080e+01,1.504992087598020412e+01
6.177479279794227551e+01,1.452911423897986865e+01
6.179479851386110312e+01,1.361876008592542142e+01
6.181480422977993783e+01,1.439868710077712954e+01
6.183480994569877254e+01,1.284969220979938953e+01
6.185481566161760725e+01,1.222306765677849327e+01
6.187482137753644196e+01,1.200831392953555365e+01
6.189482709345527667e+01,1.178715124920604751e+01
6.191483280937411138e+01,1.083961344518335501e+01
6.193483852529294609e+01,1.028575238933972003e+01
6.195484424121178080e+01,1.025153131580199606e+01
6.197484995713060840e+01,9.812172682630563969e+00
6.199485567304944311e+01,9.194307617004080058e+00
6.201486138896827782e+01,9.214383365998800812e+00
6.203486710488711253e+01,9.356105880196681213e+00
6.205487282080594724e+01,8.219038775579960543e+00
6.207487853672478195e+01,8.672378780646544882e+00
6.209488425264361666e+01,8.148529280965480126e+00
6.211488996856245137e+01,7.590408868974472867e+00
6.213489568448128608e+01,6.951656123285046895e+00
6.215490140040011369e+01,7.075637772301980100e+00
6.217490711631894840e+01,7.363741118393715368e+00
6.219491283223778311e+01,6.162479041264968593e+00
6.221491854815661782e+01,6.563498737863729282e+00
6.223492426407545253e+01,6.343354323819452745e+00
6.225492997999428724e+01,6.950466007116801848e+00
6.227493569591312195e+01,5.780406386738195401e+00
6.229494141183195666e+01,6.947080439127864437e+00
6.231494712775079137e+01,6.295517701290512136e+00
6.233495284366962608e+01,6.032128678404800937e+00
6.235495855958845368e+01,7.058828022458198959e+00
6.237496427550728839e+01,6.784445985429707449e+00
6.239496999142612310e+01,6.851877896401570744e+00
6.241497570734495781e+01,6.947877006486061546e+00
6.243498142326379252e+01,7.047940222274659661e+00
6.245498713918262723e+01,6.748577692719608834e+00
6.247499285510146194e+01,6.942653971836844740e+00
6.249499857102029665e+01,7.000720525562840635e+00
6.251500428693913136e+01,6.872327026023021368e+00
6.253501000285795897e+01,8.191852164515060153e+00
6.255501571877679368e+01,8.133345226127875804e+00
6.257502143469562839e+01,8.273155736815407835e+00
6.259502715061446310e+01,8.614538969875994212e+00
6.261503286653329781e+01,9.438176698471625770e+00
6.263503858245213252e+01,1.006387771535996123e+01
6.265504429837096723e+01,1.056422876023360757e+01
6.267505001428980194e+01,9.726080105419825372e+00
6.269505573020863665e+01,1.052174396723944838e+01
6.271506144612747136e+01,1.139839195900340840e+01
6.273506716204629896e+01,1.114449952083742623e+01
6.275507287796513367e+01,1.156827794304388490e+01
6.277507859388396838e+01,1.217651873802024909e+01
6.279508430980280309e+01,1.106718027469717569e+01
6.281509002572163780e+01,1.157553970120010689e+01
6.283509574164047251e+01,1.155615618026613589e+01
6.285510145755930722e+01,1.234327019784905666e+01
6.287510717347814193e+01,1.088119438240805792e+01
6.289511288939697664e+01,1.205514577938661347e+01
6.291511860531580425e+01,1.110087735264484365e+01
6.293512432123463896e+01,1.096247779234809272e+01
6.295513003715347367e+01,1.195616532234273421e+01
6.297513575307230838e+01,1.073958896677978814e+01
6.299514146899114309e+01,1.118944110556336646e+01
6.301514718490997780e+01,1.128700264370885975e+01
6.303515290082881251e+01,1.123679557224958536e+01
6.305515861674764722e+01,1.107201591556641063e+01
6.307516433266648193e+01,1.082967983315749017e+01
6.309517004858530953e+01,1.085451025413637538e+01
6.311517576450414424e+01,1.024431895534685211e+01
6.313518148042297895e+01,1.029757031339352480e+01
6.315518719634181366e+01,1.003263098113350793e+01
6.317519291226064837e+01,1.006746910176856424e+01
6.319519862817948308e+01,1.002139349133305757e+01
6.321520434409831779e+01,9.577351411102322132e+00
6.323521006001715250e+01,9.814209786274606273e+00
6.325521577593598721e+01,9.593655496571924957e+00
6.327522149185482192e+01,9.198560314241808200e+00
6.329522720777364952e+01,9.819166052079358664e+00
6.331523292369248423e+01,9.588367172735615895e+00
6.333523863961131894e+01,9.301759580559528118e+00
6.335524435553015365e+01,8.901586075902990558e+00
6.337525007144898836e+01,8.852365249714090112e+00
6.339525578736782307e+01,8.726689578024920735e+00
6.341526150328665778e+01,9.206182856085151300e+00
6.343526721920549249e+01,8.885927413286442089e+00
6.345527293512432720e+01,9.184056102325239834e+00
6.347527865104315481e+01,9.414236032117788255e+00
6.349528436696198952e+01,9.318287128592327662e+00
6.351529008288082423e+01,9.426242100968842408e+00
6.353529579879965894e+01,8.915915795166466040e+00
6.355530151471849365e+01,1.029916020762985340e+01
6.357530723063732836e+01,9.978632768504498429e+00
6.359531294655616307e+01,9.149477643298707719e+00
6.361531866247499778e+01,9.891652864711939941e+00
6.363532437839383249e+01,1.031223161130533228e+01
6.365533009431266720e+01,9.345367341559924768e+00
6.367533581023149480e+01,9.441833925428403163e+00
6.369534152615032951e+01,1.014857405953071279e+01
6.371534724206916422e+01,9.703026484389543072e+00
6.373535295798799893e+01,1.054636538700293613e+01
6.375535867390683364e+01,1.003346729394656656e+01
6.377536438982566835e+01,1.003165996847089048e+01
6.379537010574450306e+01,9.752546392200079239e+00
6.381537582166333777e+01,1.018669899770692133e+01
6.383538153758217248e+01,1.005206398476624408e+01
6.385538725350100009e+01,9.512863341851344856e+00
6.387539296941983480e+01,1.079338521594347000e+01
6.389539868533866951e+01,1.047386124480207670e+01
6.391540440125750422e+01,1.050686590272148990e+01
6.393541011717633893e+01,9.581576759773241747e+00
6.395541583309517364e+01,1.105848498401349644e+01
6.397542154901400835e+01,1.063375653133807219e+01
6.399542726493284306e+01,1.022660475434320482e+01
6.401543298085167066e+01,1.044069916137263832e+01
6.403543869677051248e+01,1.042527687099831013e+01
6.405544441268934008e+01,1.059227744554409512e+01
6.407545012860816769e+01,1.088661640000000830e+01
6.409545584452700950e+01,1.116323676604388027e+01
6.411546156044585132e+01,1.139640808144755724e+01
6.413546727636467892e+01,1.065414489439903889e+01
6.415547299228350653e+01,1.046941137011820189e+01
6.417547870820234834e+01,1.057615172648095125e+01
6.419548442412119016e+01,1.078440339894694233e+01
6.421549014004001776e+01,1.117158249220337929e+01
6.423549585595884537e+01,1.080224529939026112e+01
6.425550157187768718e+01,1.014603064054644577e+01
6.427550728779651479e+01,1.054898296326246410e+01
6.429551300371534239e+01,1.053089375841970288e+01
6.431551871963418421e+01,9.435139541798132967e+00
6.433552443555302602e+01,9.965774865635673052e+00
6.435553015147185363e+01,9.686310702078047896e+00
6.437553586739068123e+01,9.846176818404485331e+00
6.439554158330952305e+01,1.050741371823162673e+01
6.441554729922835065e+01,1.037890355501033923e+01
6.443555301514717826e+01,1.049748694364537194e+01
6.445555873106602007e+01,9.448766437131794760e+00
6.447556444698486189e+01,1.000439250176775197e+01
6.449557016290368949e+01,9.910644088857477385e+00
6.451557587882251710e+01,1.016663086342803268e+01
6.453558159474135891e+01,9.992078171398453890e+00
6.455558731066020073e+01,9.652612274943706439e+00
6.457559302657902833e+01,1.005853940205197716e+01
6.459559874249785594e+01,9.925353925117192944e+00
6.461560445841669775e+01,1.009583444903328875e+01
6.463561017433552536e+01,1.023569556237503519e+01
6.465561589025435296e+01,1.043619248638171193e+01
6.467562160617319478e+01,1.112560929795552234e+01
6.469562732209203659e+01,9.814956962677715779e+00
6.471563303801086420e+01,1.021387272103082111e+01
6.473563875392969180e+01,1.003263302105744259e+01
6.475564446984853362e+01,9.978038101229760315e+00
6.477565018576737543e+01,1.029656532319317463e+01
6.479565590168618883e+01,1.109761316439301382e+01
6.481566161760503064e+01,1.091125562208672051e+01
6.483566733352387246e+01,1.032518837358258779e+01
6.485567304944270006e+01,1.055715930237019151e+01
6.487567876536152767e+01,9.904456104594549615e+00
6.489568448128036948e+01,1.084447329504027380e+01
6.491569019719921130e+01,1.047416474539903497e+01
6.493569591311803890e+01,1.048797451786852264e+01
6.495570162903686651e+01,1.087909841718204973e+01
6.497570734495570832e+01,1.049005830439257636e+01
6.499571306087453593e+01,9.842220129298208775e+00
6.501571877679336353e+01,1.032571402566166086e+01
6.503572449271220535e+01,9.326382579978112375e+00
6.505573020863104716e+01,9.716163132747501763e+00
6.507573592454987477e+01,9.753779819353219693e+00
6.509574164046870237e+01,8.873285613631527013e+00
6.511574735638754419e+01,9.208399135857460394e+00
6.513575307230638600e+01,9.093352753017514445e+00
6.515575878822521361e+01,7.813412118251458871e+00
6.517576450414404121e+01,8.527626612335701850e+00
6.519577022006288303e+01,7.487406181746379730e+00
6.521577593598171063e+01,8.171244931193093919e+00
6.523578165190053824e+01,8.301875800739368927e+00
6.525578736781938005e+01,7.630660305794042308e+00
6.527579308373822187e+01,7.257280677812881109e+00
6.529579879965704947e+01,6.824203481094757606e+00
6.531580451557587708e+01,6.609854657295199054e+00
6.533581023149471889e+01,6.451249451936091894e+00
6.535581594741354650e+01,7.238825972556531596e+00
6.537582166333237410e+01,7.498583028531490058e+00
6.539582737925121592e+01,6.908711179299937832e+00
6.541583309517005773e+01,5.899514471945201066e+00
6.543583881108888534e+01,6.136227732317583339e+00
6.545584452700771294e+01,6.787517170154599988e+00
6.547585024292655476e+01,6.524674248828114642e+00
6.549585595884539657e+01,6.471410293757161369e+00
6.551586167476422418e+01,6.283681505885996721e+00
6.553586739068305178e+01,6.294959046492238031e+00
6.555587310660189360e+01,5.977414661669593343e+00
6.557587882252072120e+01,5.709599224604010814e+00
6.559588453843954881e+01,6.365610564093223012e+00
6.561589025435839062e+01,7.010647144620206106e+00
6.563589597027723244e+01,6.145979417336679518e+00
6.565590168619606004e+01,7.143033896352486423e+00
6.567590740211488765e+01,6.307777423619155499e+00
6.569591311803372946e+01,6.695221173562835304e+00
6.571591883395257128e+01,6.612254077270288022e+00
6.573592454987138467e+01,6.510018860405565988e+00
6.575593026579022649e+01,6.581657978274499499e+00
6.577593598170906830e+01,6.085750016237799542e+00
6.579594169762789591e+01,6.027071222382029525e+00
6.581594741354672351e+01,5.684290516615286393e+00
6.583595312946556533e+01,5.813224698254429335e+00
6.585595884538440714e+01,5.641449774289883479e+00
6.587596456130323475e+01,6.086756624627581047e+00
6.589597027722206235e+01,5.052572588070887605e+00
6.591597599314090417e+01,6.165803595098703127e+00
6.593598170905973177e+01,5.006440661849727469e+00
6.595598742497855937e+01,4.443986809442565189e+00
6.597599314089740119e+01,5.426259536409956397e+00
6.599599885681624301e+01,4.726700649671550458e+00
6.601600457273507061e+01,5.575058231620345417e+00
6.603601028865389821e+01,4.948142896443989969e+00
6.605601600457274003e+01,5.412431363923647432e+00
6.607602172049158185e+01,4.879140553452660178e+00
6.609602743641040945e+01,5.552908741958024308e+00
6.611603315232923705e+01,4.700359910181477474e+00
6.613603886824807887e+01,4.970347299699868771e+00
6.615604458416690647e+01,4.575655213096848861e+00
6.617605030008573408e+01,4.745983892834959583e+00
6.619605601600457589e+01,5.165683075154563042e+00
6.621606173192341771e+01,5.005163646107411601e+00
6.623606744784224531e+01,4.597256873410193734e+00
6.625607316376107292e+01,5.551460774961228140e+00
6.627607887967991473e+01,5.008105515819690545e+00
6.629608459559874234e+01,6.090215728637215165e+00
6.631609031151756994e+01,5.965036298501035006e+00
6.633609602743641176e+01,5.506857518769385784e+00
6.635610174335525357e+01,6.112866817920052043e+00
6.637610745927408118e+01,7.161090138912516778e+00
6.639611317519290878e+01,7.127539776992913190e+00
6.641611889111175060e+01,6.376205612279596480e+00
6.643612460703059241e+01,6.698222725330492011e+00
6.645613032294942002e+01,6.796997126158420777e+00
6.647613603886824762e+01,7.706216229176302335e+00
6.649614175478708944e+01,8.622040347182025499e+00
6.651614747070591704e+01,8.473079593977706381e+00
6.653615318662474465e+01,8.834122967241874846e+00
6.655615890254358646e+01,8.654965530029265608e+00
6.657616461846242828e+01,9.827190475522943558e+00
6.659617033438125588e+01,1.046978096125160285e+01
6.661617605030008349e+01,1.009218653050654524e+01
6.663618176621892530e+01,1.069670909423602012e+01
6.665618748213776712e+01,1.094322427701502853e+01
6.667619319805658051e+01,1.117561111430573462e+01
6.669619891397542233e+01,1.128447967299778298e+01
6.671620462989426414e+01,1.159682032609518565e+01
6.673621034581309175e+01,1.159519158512064507e+01
6.675621606173191935e+01,1.253852578421207653e+01
6.677622177765076117e+01,1.206663668199663775e+01
6.679622749356960298e+01,1.197889983930108571e+01
6.681623320948843059e+01,1.216475737137792379e+01
6.683623892540725819e+01,1.242458396494012263e+01
6.685624464132610001e+01,1.212147800537385933e+01
6.687625035724492761e+01,1.235657301971608746e+01
6.689625607316375522e+01,1.256003011477898212e+01
6.691626178908259703e+01,1.148563719060994615e+01
6.693626750500143885e+01,1.119922054849712367e+01
6.695627322092026645e+01,1.171884113207227429e+01
6.697627893683909406e+01,1.187380177801306758e+01
6.699628465275793587e+01,1.029412035052711261e+01
6.701629036867677769e+01,1.110639690651357014e+01
6.703629608459560529e+01,1.053786255458097365e+01
6.705630180051443290e+01,1.017602984640986108e+01
6.707630751643327471e+01,9.868406840150926840e+00
6.709631323235210232e+01,9.141701567771566062e+00
6.711631894827092992e+01,9.791119766924733625e+00
6.713632466418977174e+01,9.645121813405076239e+00
6.715633038010861355e+01,9.055487719582744788e+00
6.717633609602744116e+01,8.446046432425600159e+00
6.719634181194626876e+01,8.591687836046160598e+00
6.721634752786511058e+01,8.321727713970094698e+00
6.723635324378393818e+01,8.066762444053248160e+00
6.725635895970276579e+01,7.954507075537097904e+00
6.727636467562160760e+01,7.626280347858951814e+00
6.729637039154044942e+01,8.438225442997220327e+00
6.731637610745927702e+01,8.142939653462640592e+00
6.733638182337810463e+01,7.542180251248909784e+00
6.735638753929694644e+01,8.009779726635118280e+00
6.737639325521578826e+01,6.981962318224926634e+00
6.739639897113461586e+01,6.799051710012255612e+00
6.741640468705344347e+01,7.370749504028736077e+00
6.743641040297228528e+01,7.621117299247670118e+00
6.745641611889111289e+01,7.711321706291462519e+00
6.747642183480994049e+01,8.317766308511032491e+00
6.749642755072878231e+01,8.442941457369396829e+00
6.751643326664762412e+01,8.189782161266613514e+00
6.753643898256645173e+01,8.745125239975191533e+00
6.755644469848527933e+01,9.860223759142227706e+00
6.757645041440412115e+01,9.645090300896436375e+00
6.759645613032296296e+01,9.702087720749451805e+00
6.761646184624177636e+01,1.049898806298974563e+01
6.763646756216061817e+01,9.852214096547776023e+00
6.765647327807945999e+01,9.624887602053590285e+00
6.767647899399828759e+01,1.109046147327668663e+01
6.769648470991711520e+01,1.077623710149704195e+01
6.771649042583595701e+01,1.105512774821254141e+01
6.773649614175479883e+01,1.051711724985156238e+01
6.775650185767362643e+01,1.143550527236457803e+01
6.777650757359245404e+01,1.119063592865012069e+01
6.779651328951129585e+01,1.143298955503221492e+01
6.781651900543012346e+01,1.031830700661500089e+01
6.783652472134895106e+01,1.195572207618183569e+01
6.785653043726779288e+01,1.135237310686989431e+01
6.787653615318663469e+01,1.144734070913819224e+01
6.789654186910546230e+01,1.122868888326310000e+01
6.791654758502428990e+01,1.112249590041573200e+01
6.793655330094313172e+01,1.144165125530617289e+01
6.795655901686197353e+01,1.164754981924208899e+01
6.797656473278080114e+01,1.128449221743028019e+01
6.799657044869962874e+01,1.164150065295120129e+01
6.801657616461847056e+01,1.167531048048797615e+01
6.803658188053729816e+01,1.096628701430985942e+01
6.805658759645612577e+01,1.134050901818149981e+01
6.807659331237496758e+01,1.057969632588507203e+01
6.809659902829380940e+01,1.035333235894798065e+01
6.811660474421263700e+01,1.101644143227249373e+01
6.813661046013146461e+01,9.954584363712843498e+00
6.815661617605030642e+01,1.030259876365104788e+01
6.817662189196913403e+01,9.334604581135009127e+00
6.819662760788796163e+01,9.303099692675404597e+00
6.821663332380680345e+01,9.171231577673671254e+00
6.823663903972564526e+01,9.354802140770512864e+00
6.825664475564447287e+01,7.999605854845875719e+00
6.827665047156330047e+01,8.331902755244916747e+00
6.829665618748214229e+01,8.174040333226143318e+00
6.831666190340098410e+01,9.178310108274789769e+00
6.833666761931981171e+01,8.728057466075235027e+00
6.835667333523863931e+01,8.135003481619769161e+00
6.837667905115748113e+01,7.926415675992370069e+00
6.839668476707630873e+01,8.704636272930301288e+00
6.841669048299513634e+01,8.847017222217864685e+00
6.843669619891397815e+01,8.244714411892841710e+00
6.845670191483281997e+01,8.175391382287752862e+00
6.847670763075164757e+01,8.977693699180219866e+00
6.849671334667047518e+01,8.062227732658826085e+00
6.851671906258931699e+01,7.874523983789691428e+00
6.853672477850815881e+01,8.427662186265420630e+00
6.855673049442697220e+01,7.885889717341727945e+00
6.857673621034581402e+01,8.229535497183743331e+00
6.859674192626465583e+01,7.775318505591163998e+00
6.861674764218348344e+01,7.653410531117234683e+00
6.863675335810231104e+01,8.160042937936546892e+00
6.865675907402115286e+01,7.985388554939728323e+00
6.867676478993999467e+01,8.237853214890442644e+00
6.869677050585882228e+01,7.527397733679553227e+00
6.871677622177764988e+01,7.759686948953468999e+00
6.873678193769649170e+01,6.884781150331043875e+00
6.875678765361531930e+01,6.640592476540321698e+00
6.877679336953414690e+01,6.998286966805181919e+00
6.879679908545298872e+01,7.159928687760263699e+00
6.881680480137183054e+01,7.225651900832792407e+00
6.883681051729065814e+01,8.166191222334932220e+00
6.885681623320948574e+01,7.217280944403723808e+00
6.887682194912832756e+01,7.229229414750159677e+00
6.889682766504716938e+01,6.840493061266701424e+00
6.891683338096599698e+01,7.730571325608583955e+00
6.893683909688482458e+01,6.852969189812015749e+00
6.895684481280366640e+01,7.664579037195748512e+00
6.897685052872249400e+01,7.396023965740573303e+00
6.899685624464132161e+01,7.188231335200512717e+00
6.901686196056016342e+01,6.427421702021807626e+00
6.903686767647900524e+01,6.521779738913290103e+00
6.905687339239783284e+01,6.404453841496698274e+00
6.907687910831666045e+01,6.602234847418166019e+00
6.909688482423550226e+01,6.343012668810660060e+00
6.911689054015432987e+01,6.620091433641103862e+00
6.913689625607315747e+01,5.899144863084615942e+00
6.915690197199199929e+01,6.134300173116631782e+00
6.917690768791084110e+01,5.958897729546783317e+00
6.919691340382966871e+01,6.104327575204174572e+00
6.921691911974849631e+01,6.156920487424640598e+00
6.923692483566733813e+01,5.656318181339419660e+00
6.925693055158617994e+01,6.497513814754798389e+00
6.927693626750500755e+01,5.841109250526300478e+00
6.929694198342383515e+01,6.221535732216781689e+00
6.931694769934267697e+01,5.625039661007606995e+00
6.933695341526150457e+01,5.754560917155295385e+00
6.935695913118033218e+01,5.597734541746222092e+00
6.937696484709917399e+01,5.040969044201041527e+00
6.939697056301801581e+01,5.264483142001000537e+00
6.941697627893684341e+01,5.752468025038598221e+00
6.943698199485567102e+01,6.247200264820034654e+00
6.945698771077451283e+01,4.835937869559245428e+00
6.947699342669335465e+01,5.583730675366099128e+00
6.949699914261216804e+01,5.941144995934688922e+00
6.951700485853100986e+01,6.423474594977247598e+00
6.953701057444985167e+01,5.655698926577414909e+00
6.955701629036867928e+01,6.181496672450138341e+00
6.957702200628750688e+01,6.087055957384442273e+00
6.959702772220634870e+01,5.781074157903150379e+00
6.961703343812519051e+01,5.030395048200872132e+00
6.963703915404401812e+01,5.926243349657947412e+00
6.965704486996284572e+01,5.360653299039669584e+00
6.967705058588168754e+01,6.511794246138718378e+00
6.969705630180051514e+01,5.919450801570686593e+00
6.971706201771934275e+01,6.050950161152208295e+00
6.973706773363818456e+01,5.767742571419141484e+00
6.975707344955702638e+01,6.558619417222088188e+00
6.977707916547585398e+01,6.282002827364722819e+00
6.979708488139468159e+01,5.700373205451381153e+00
6.981709059731352340e+01,5.700075582241371563e+00
6.983709631323236522e+01,5.997005564758120855e+00
6.985710202915119282e+01,5.909723957668186145e+00
6.987710774507002043e+01,6.914139513306572837e+00
6.989711346098886224e+01,6.301116721720762648e+00
6.991711917690768985e+01,6.896654443791456757e+00
6.993712489282651745e+01,7.898710540576495021e+00
6.995713060874535927e+01,8.413505508125645349e+00
6.997713632466420108e+01,8.928943071436226120e+00
6.999714204058302869e+01,9.227022172027979252e+00
7.001714775650185629e+01,9.415862393425783239e+00
7.003715347242069811e+01,1.092349955928922256e+01
7.005715918833952571e+01,1.102765596234182155e+01
7.007716490425835332e+01,1.207108567125193055e+01
7.009717062017719513e+01,1.240490583618892728e+01
7.011717633609603695e+01,1.189321618657548818e+01
7.013718205201486455e+01,1.302603571240502589e+01
7.015718776793369216e+01,1.331758048722790733e+01
7.017719348385253397e+01,1.327145246629822317e+01
7.019719919977137579e+01,1.370232359557077828e+01
7.021720491569020339e+01,1.328154227014436728e+01
7.023721063160903100e+01,1.388996030867588338e+01
7.025721634752787281e+01,1.384199773562892233e+01
7.027722206344670042e+01,1.272685159987726955e+01
7.029722777936552802e+01,1.296965971802067230e+01
7.031723349528436984e+01,1.238958073924631265e+01
7.033723921120321165e+01,1.157137438738421764e+01
7.035724492712203926e+01,1.170250893047116136e+01
7.037725064304086686e+01,1.148929719680775818e+01
7.039725635895970868e+01,1.037506384066845833e+01
7.041726207487855049e+01,1.027194612969098664e+01
7.043726779079736389e+01,1.018144305630546853e+01
7.045727350671620570e+01,9.915615516889461745e+00
7.047727922263504752e+01,9.812242302705616481e+00
7.049728493855387512e+01,8.497071125856747287e+00
7.051729065447270273e+01,9.189530611156730089e+00
7.053729637039154454e+01,9.346645195123322480e+00
7.055730208631038636e+01,9.140390464774529988e+00
7.057730780222921396e+01,8.632871280819763626e+00
7.059731351814804157e+01,9.398229503899559134e+00
7.061731923406688338e+01,7.861446010940466245e+00
7.063732494998571099e+01,8.258371625240959801e+00
7.065733066590453859e+01,9.182942894033285341e+00
7.067733638182338041e+01,9.433731034502230273e+00
7.069734209774222222e+01,8.676065572016657512e+00
7.071734781366104983e+01,9.095363295446736274e+00
7.073735352957987743e+01,9.345333728146036023e+00
7.075735924549871925e+01,9.277173732766454961e+00
7.077736496141756106e+01,9.340849450681183441e+00
7.079737067733638867e+01,9.976347319681023507e+00
7.081737639325521627e+01,9.683721222834247300e+00
7.083738210917405809e+01,9.741085159205919553e+00
7.085738782509288569e+01,1.042872153366558230e+01
7.087739354101171330e+01,1.040070041110223009e+01
7.089739925693055511e+01,9.886256790167507802e+00
7.091740497284939693e+01,1.107673083843618755e+01
7.093741068876822453e+01,1.131153941996394963e+01
7.095741640468705214e+01,1.086323823219902351e+01
7.097742212060589395e+01,1.034761186570083780e+01
7.099742783652472156e+01,1.061160493834911911e+01
7.101743355244354916e+01,1.073510281609427253e+01
7.103743926836239098e+01,1.119961953716541103e+01
7.105744498428123279e+01,1.086747165024547002e+01
7.107745070020006040e+01,1.045855400021138593e+01
7.109745641611888800e+01,1.021885959079793516e+01
7.111746213203772982e+01,9.693353657137636858e+00
7.113746784795657163e+01,8.972874879484169952e+00
7.115747356387539924e+01,9.780466830467430484e+00
7.117747927979422684e+01,9.382056382135338879e+00
7.119748499571306866e+01,9.049396258962882911e+00
7.121749071163189626e+01,7.916282438035031177e+00
7.123749642755072387e+01,8.812127596345517233e+00
7.125750214346956568e+01,8.136252923870173959e+00
7.127750785938840750e+01,6.814068837787497834e+00
7.129751357530723510e+01,7.527101830423425177e+00
7.131751929122606271e+01,6.964327630233736244e+00
7.133752500714490452e+01,7.048272789357432622e+00
7.135753072306374634e+01,6.827101121559049801e+00
7.137753643898255973e+01,6.551057752864015704e+00
7.139754215490140155e+01,6.557505139839984842e+00
7.141754787082024336e+01,5.977496237783386235e+00
7.143755358673907097e+01,6.392038936008282768e+00
7.145755930265789857e+01,6.132634065810401047e+00
7.147756501857674039e+01,5.928845884465253846e+00
7.149757073449558220e+01,6.360969865960314884e+00
7.151757645041440981e+01,5.941847183068045268e+00
7.153758216633323741e+01,6.994883755648126034e+00
7.155758788225207923e+01,7.714955836251020216e+00
7.157759359817090683e+01,6.669521995065665898e+00
7.159759931408973443e+01,7.256132307675111193e+00
7.161760503000857625e+01,7.467576659684961982e+00
7.163761074592741807e+01,7.844031413062021230e+00
7.165761646184624567e+01,8.018940714625651722e+00
7.167762217776507327e+01,8.453334880110155325e+00
7.169762789368391509e+01,8.414631192961408601e+00
7.171763360960275691e+01,9.301268725780445834e+00
7.173763932552158451e+01,9.646421948372402966e+00
7.175764504144041211e+01,9.061579417992351893e+00
7.177765075735925393e+01,9.220157432685709864e+00
7.179765647327808153e+01,9.664141006221477426e+00
7.181766218919690914e+01,9.022258073570018411e+00
7.183766790511575095e+01,9.536937442376654417e+00
7.185767362103459277e+01,9.717401237245621104e+00
7.187767933695342037e+01,9.352378870425321011e+00
7.189768505287224798e+01,1.017932093639824309e+01
7.191769076879108979e+01,8.768808692759755274e+00
7.193769648470991740e+01,9.707527827685185073e+00
7.195770220062874500e+01,9.625280472528070064e+00
7.197770791654758682e+01,9.323723762198961040e+00
7.199771363246642863e+01,9.138074700804274642e+00
7.201771934838525624e+01,8.967871097177596340e+00
7.203772506430408384e+01,8.455465821267571513e+00
7.205773078022292566e+01,9.474941225001852985e+00
7.207773649614176747e+01,8.522342150554283791e+00
7.209774221206059508e+01,8.892718815398566790e+00
7.211774792797942268e+01,8.191518402464254223e+00
7.213775364389826450e+01,8.668501122731935737e+00
7.215775935981709210e+01,8.685306838678354069e+00
7.217776507573591971e+01,8.032187095823907441e+00
7.219777079165476152e+01,7.864104039640150923e+00
7.221777650757360334e+01,8.633417741872978723e+00
7.223778222349243094e+01,7.899686939020344134e+00
7.225778793941125855e+01,7.339796303367724484e+00
7.227779365533010036e+01,8.504838884842392588e+00
7.229779937124894218e+01,7.416112102219161173e+00
7.231780508716775557e+01,8.273458433128801914e+00
7.233781080308659739e+01,7.663049704117826266e+00
7.235781651900543920e+01,8.083597664192247123e+00
7.237782223492426681e+01,8.216816867765375676e+00
7.239782795084309441e+01,8.079149736393997472e+00
7.241783366676193623e+01,8.881081137899034417e+00
7.243783938268077804e+01,9.582740709746030205e+00
7.245784509859960565e+01,1.002870528421165908e+01
7.247785081451843325e+01,1.023425908930563466e+01
7.249785653043727507e+01,1.082530154118045829e+01
7.251786224635610267e+01,1.138693158133379235e+01
7.253786796227493028e+01,1.226139875124447087e+01
7.255787367819377209e+01,1.214854257251623082e+01
7.257787939411261391e+01,1.365909986047916114e+01
7.259788511003144151e+01,1.403891356903313081e+01
7.261789082595026912e+01,1.416344084210313170e+01
7.263789654186911093e+01,1.434626280666483034e+01
7.265790225778795275e+01,1.545731705505969344e+01
7.267790797370678035e+01,1.483563066210965076e+01
7.269791368962560796e+01,1.486407584947905036e+01
7.271791940554444977e+01,1.482782001163278274e+01
7.273792512146327738e+01,1.456968202356127406e+01
7.275793083738210498e+01,1.486716919379044910e+01
7.277793655330094680e+01,1.491688688297359278e+01
7.279794226921978861e+01,1.426788206703661643e+01
7.281794798513861622e+01,1.385615613239102650e+01
7.283795370105744382e+01,1.335321417382689191e+01
7.285795941697628564e+01,1.314020720171676260e+01
7.287796513289511324e+01,1.322891820363046911e+01
7.289797084881394085e+01,1.236635273710446192e+01
7.291797656473278266e+01,1.239921172678391059e+01
7.293798228065162448e+01,1.182323762463310857e+01
7.295798799657045208e+01,1.220371312958614496e+01
7.297799371248927969e+01,1.207521515265547052e+01
7.299799942840812150e+01,1.104027211744003445e+01
7.301800514432696332e+01,1.139380853381235248e+01
7.303801086024579092e+01,1.138723606189014248e+01
7.305801657616461853e+01,1.134749569788052170e+01
7.307802229208346034e+01,1.012237734389915289e+01
7.309802800800228795e+01,1.070508721778926997e+01
7.311803372392111555e+01,9.812114979633467016e+00
7.313803943983995737e+01,9.679048248055529768e+00
7.315804515575879918e+01,9.928314014385051678e+00
7.317805087167762679e+01,9.043299645433144462e+00
7.319805658759645439e+01,9.741655846101881622e+00
7.321806230351529621e+01,9.770224722660696415e+00
7.323806801943413802e+01,8.931191953481274481e+00
7.325807373535295142e+01,9.082442191710043744e+00
7.327807945127179323e+01,9.345338534293295751e+00
7.329808516719063505e+01,8.140934986191698641e+00
7.331809088310946265e+01,8.120615160097193197e+00
7.333809659902829026e+01,8.262076323675106693e+00
7.335810231494713207e+01,8.845284607164842328e+00
7.337810803086597389e+01,8.256752974993720073e+00
7.339811374678480149e+01,8.133123741979440879e+00
7.341811946270362910e+01,8.345935679297747711e+00
7.343812517862247091e+01,7.981869732213168867e+00
7.345813089454129852e+01,8.544640832810912912e+00
7.347813661046012612e+01,7.574496836818247480e+00
7.349814232637896794e+01,8.192766144007597617e+00
7.351814804229780975e+01,7.618779400408075553e+00
7.353815375821663736e+01,7.608600652251971574e+00
7.355815947413546496e+01,7.874031609030700096e+00
7.357816519005430678e+01,6.881396801931094487e+00
7.359817090597314859e+01,7.679862870914400119e+00
7.361817662189197620e+01,6.883676359901541808e+00
7.363818233781080380e+01,6.591390384259540269e+00
7.365818805372964562e+01,6.927916654594030277e+00
7.367819376964847322e+01,6.316907878716352620e+00
7.369819948556730083e+01,5.799448236969794834e+00
7.371820520148614264e+01,5.128290163605887741e+00
7.373821091740498446e+01,6.032813999214346801e+00
7.375821663332381206e+01,6.132123317766611237e+00
7.377822234924263967e+01,6.117571199707660057e+00
7.379822806516148148e+01,5.465850371025700483e+00
7.381823378108030909e+01,5.627323376594723037e+00
7.383823949699913669e+01,5.391191333382866269e+00
7.385824521291797851e+01,5.363306266414976875e+00
7.387825092883682032e+01,5.301283053925121891e+00
7.389825664475564793e+01,4.660271223316357236e+00
7.391826236067447553e+01,6.059339203291433940e+00
7.393826807659331735e+01,5.862777630576412768e+00
7.395827379251215916e+01,5.606346258605333865e+00
7.397827950843098677e+01,5.964919429068510581e+00
7.399828522434981437e+01,6.346746968550329271e+00
7.401829094026865619e+01,6.571258888538017651e+00
7.403829665618748379e+01,5.614042393210490367e+00
7.405830237210632561e+01,6.372452247700937100e+00
7.407830808802515321e+01,6.396428880515717452e+00
7.409831380394398082e+01,7.044507824596382584e+00
7.411831951986282263e+01,7.096484638184382909e+00
7.413832523578165024e+01,6.747048169769851000e+00
7.415833095170049205e+01,7.755719117608270707e+00
7.417833666761931966e+01,7.697814388899055338e+00
7.419834238353816147e+01,8.111603770196879282e+00
7.421834809945698908e+01,8.533389942496796721e+00
7.423835381537583089e+01,8.407192936247092518e+00
7.425835953129465850e+01,8.437813505014588600e+00
7.427836524721348610e+01,8.066590840675836205e+00
7.429837096313232792e+01,7.907916141150529654e+00
7.431837667905115552e+01,8.041063645792828396e+00
7.433838239496999734e+01,7.682805351779718350e+00
7.435838811088882494e+01,7.891320970861951167e+00
7.437839382680766676e+01,8.073612634562353563e+00
7.439839954272649436e+01,7.688840398131970844e+00
7.441840525864533618e+01,8.108532446091452073e+00
7.443841097456416378e+01,8.313425869737304907e+00
7.445841669048300560e+01,8.209632447288576884e+00
7.447842240640183320e+01,8.274128797427632520e+00
7.449842812232066080e+01,8.075933028900578847e+00
7.451843383823950262e+01,7.475220954323187783e+00
7.453843955415833022e+01,8.928553702104583323e+00
7.455844527007717204e+01,8.401850574615245648e+00
7.457845098599599964e+01,8.788909010540674416e+00
7.459845670191484146e+01,8.813975131363635640e+00
7.461846241783366906e+01,8.563960010273570234e+00
7.463846813375251088e+01,9.484087207134191289e+00
7.465847384967133848e+01,9.876838640827514837e+00
7.467847956559016609e+01,9.439111914969004147e+00
7.469848528150900790e+01,1.033712225475129109e+01
7.471849099742783551e+01,1.095789996253582288e+01
7.473849671334667732e+01,9.646636657381339575e+00
7.475850242926550493e+01,1.056578806155707184e+01
7.477850814518434674e+01,1.087353641938059745e+01
7.479851386110317435e+01,1.024482390433696821e+01
7.481851957702201616e+01,1.039170543330109453e+01
7.483852529294084377e+01,1.079117902628270187e+01
7.485853100885967137e+01,1.035191189256878985e+01
7.487853672477851319e+01,9.590623370118441571e+00
7.489854244069734079e+01,1.066499111006826084e+01
7.491854815661618261e+01,9.892467915651954158e+00
7.493855387253501021e+01,9.759246897758981021e+00
7.495855958845385203e+01,1.000171641687110480e+01
7.497856530437267963e+01,9.921723983879800812e+00
7.499857102029152145e+01,9.022750289296034509e+00
7.501857673621034905e+01,9.169788972087811629e+00
7.503858245212917666e+01,9.792887062328642145e+00
7.505858816804801847e+01,1.029240077149217569e+01
7.507859388396684608e+01,9.279398602684189257e+00
7.509859959988568789e+01,1.005802142350516881e+01
7.511860531580451550e+01,8.833219767004333534e+00
7.513861103172335731e+01,8.709262551836935984e+00
7.515861674764218492e+01,9.092877113888025775e+00
7.517862246356102673e+01,9.174037014174016846e+00
7.519862817947985434e+01,9.382326687478474980e+00
7.521863389539868194e+01,8.809437109576201408e+00
7.523863961131752376e+01,9.570189581747850838e+00
7.525864532723635136e+01,8.539704000929935646e+00
7.527865104315519318e+01,9.000041496791665097e+00
7.529865675907402078e+01,8.982057812271332153e+00
7.531866247499286260e+01,9.622020286116612198e+00
7.533866819091169020e+01,9.112215004202234070e+00
7.535867390683053202e+01,1.010303641497716320e+01
7.537867962274935962e+01,1.087325502038987857e+01
7.539868533866820144e+01,1.005659630051492215e+01
7.541869105458702904e+01,1.003099789832031696e+01
7.543869677050585665e+01,1.128744783781593952e+01
7.545870248642469846e+01,1.099138010097032492e+01
7.547870820234352607e+01,1.164823649738368161e+01
7.549871391826236788e+01,1.258915452000969637e+01
7.551871963418119549e+01,1.177589466036602062e+01
7.553872535010003730e+01,1.255720440052630238e+01
7.555873106601886491e+01,1.262656640484127024e+01
7.557873678193770672e+01,1.319051619328245550e+01
7.559874249785653433e+01,1.299254928649270902e+01
7.561874821377536193e+01,1.309640136869010618e+01
7.563875392969420375e+01,1.291124118873817395e+01
7.565875964561303135e+01,1.266486370289777064e+01
7.567876536153187317e+01,1.220100518718753335e+01
7.569877107745070077e+01,1.288182421248627207e+01
7.571877679336954259e+01,1.148604920060873269e+01
7.573878250928837019e+01,1.281940719798867079e+01
7.575878822520721201e+01,1.223813826377055669e+01
7.577879394112603961e+01,1.187263408278737131e+01
7.579879965704486722e+01,1.261569383215464768e+01
7.581880537296370903e+01,1.146668845215105392e+01
7.583881108888253664e+01,1.215260505135632485e+01
7.585881680480137845e+01,1.202905665136855973e+01
7.587882252072020606e+01,1.100744620125374595e+01
7.589882823663904787e+01,1.049139415807812981e+01
7.591883395255787548e+01,1.067856105316336546e+01
7.593883966847671729e+01,1.094839220893325482e+01
7.595884538439554490e+01,1.181332953259533802e+01
7.597885110031437250e+01,1.086634287635543750e+01
7.599885681623321432e+01,1.124365236577742522e+01
7.601886253215204192e+01,1.084559009953417075e+01
7.603886824807088374e+01,1.076662743014168733e+01
7.605887396398971134e+01,1.221374307403644011e+01
7.607887967990855316e+01,1.233273349685802245e+01
7.609888539582738076e+01,1.282181529687843735e+01
7.611889111174622258e+01,1.301478900995060428e+01
7.613889682766505018e+01,1.323467380142771077e+01
7.615890254358387779e+01,1.412749557043431992e+01
7.617890825950271960e+01,1.384233148000885194e+01
7.619891397542154721e+01,1.508146515410028599e+01
7.621891969134038902e+01,1.448447321479872052e+01
7.623892540725921663e+01,1.604378781313250357e+01
7.625893112317805844e+01,1.579420968462804176e+01
7.627893683909688605e+01,1.636474951077255824e+01
7.629894255501572786e+01,1.682973134747157218e+01
7.631894827093455547e+01,1.642231178905178268e+01
7.633895398685339728e+01,1.763569715905791924e+01
7.635895970277222489e+01,1.798673413013590761e+01
7.637896541869105249e+01,1.822858057568338808e+01
7.639897113460989431e+01,1.771385171447547435e+01
7.641897685052872191e+01,1.861399493524041659e+01
7.643898256644756373e+01,1.779357331720061453e+01
7.645898828236639133e+01,1.803052958543996098e+01
7.647899399828523315e+01,1.774005693298264319e+01
7.649899971420406075e+01,1.787853577119133064e+01
7.651900543012290257e+01,1.758438890496499596e+01
7.653901114604173017e+01,1.675112337901344262e+01
7.655901686196055778e+01,1.705010050487538820e+01
7.657902257787939959e+01,1.708136080172272031e+01
7.659902829379822720e+01,1.634964956553266902e+01
7.661903400971706901e+01,1.631366359254241871e+01
7.663903972563589662e+01,1.619943014152336502e+01
7.665904544155473843e+01,1.602430523975892740e+01
7.667905115747356604e+01,1.538768694723200703e+01
7.669905687339240785e+01,1.467205656946591574e+01
7.671906258931123546e+01,1.443776672921582716e+01
7.673906830523006306e+01,1.395312626637763387e+01
7.675907402114890488e+01,1.391055463628588740e+01
7.677907973706773248e+01,1.394700530671351046e+01
7.679908545298657430e+01,1.329799100617740137e+01
7.681909116890540190e+01,1.329404417283494944e+01
7.683909688482424372e+01,1.303556721185040956e+01
7.685910260074307132e+01,1.310134924441690352e+01
7.687910831666191314e+01,1.306101549678399820e+01
7.689911403258074074e+01,1.201578997067445442e+01
7.691911974849956835e+01,1.169172707305743941e+01
7.693912546441841016e+01,1.113246118855690980e+01
7.695913118033723777e+01,1.056212467378531450e+01
7.697913689625607958e+01,9.824551895330017715e+00
7.699914261217490719e+01,1.058181668834524913e+01
7.701914832809374900e+01,1.023182436341876844e+01
7.703915404401257661e+01,9.364623671119968407e+00
7.705915975993141842e+01,9.244535360202469576e+00
7.707916547585024603e+01,9.558556869085201413e+00
7.709917119176907363e+01,8.940921098496902530e+00
7.711917690768791545e+01,9.038222390094960090e+00
7.713918262360674305e+01,8.324733780660977800e+00
7.715918833952558487e+01,8.407259041313892567e+00
7.717919405544441247e+01,8.172431851018565396e+00
7.719919977136325429e+01,7.766722782051115104e+00
7.721920548728208189e+01,8.192780334443337864e+00
7.723921120320092371e+01,7.801320546435325909e+00
7.725921691911975131e+01,8.425866166574778049e+00
7.727922263503859313e+01,7.455936376619120232e+00
7.729922835095742073e+01,7.055225793497001519e+00
7.731923406687624833e+01,6.886518505470707652e+00
7.733923978279509015e+01,7.630298698564281779e+00
7.735924549871391775e+01,6.793722586751115067e+00
7.737925121463275957e+01,6.678413461807872764e+00
7.739925693055158717e+01,6.687022099483757920e+00
7.741926264647042899e+01,6.456865592166472823e+00
7.743926836238925659e+01,6.201297115251057868e+00
7.745927407830809841e+01,5.961475607356586437e+00
7.747927979422692601e+01,7.085521285193872032e+00
7.749928551014575362e+01,6.782886677063103775e+00
7.751929122606459543e+01,5.920346878518410350e+00
7.753929694198342304e+01,6.341214929564700675e+00
7.755930265790226485e+01,7.068686611086856253e+00
7.757930837382109246e+01,6.086543568872066601e+00
7.759931408973993427e+01,6.136833732498018890e+00
7.761931980565876188e+01,5.606423586490292266e+00
7.763932552157760369e+01,6.313370920161114341e+00
7.765933123749643130e+01,5.890491295970663899e+00
7.767933695341525890e+01,6.657573977663680864e+00
7.769934266933410072e+01,7.211569134311607954e+00
7.771934838525292832e+01,6.733576050390839285e+00
7.773935410117177014e+01,6.174614761276586705e+00
7.775935981709059774e+01,6.853367368763105816e+00
7.777936553300943956e+01,7.088718754817742607e+00
7.779937124892826716e+01,7.110345107658186059e+00
7.781937696484710898e+01,8.023312319053303554e+00
7.783938268076593658e+01,7.873236852718454415e+00
7.785938839668476419e+01,8.142020915542342863e+00
7.787939411260360600e+01,8.443185641450384082e+00
7.789939982852243361e+01,8.909462573720738021e+00
7.791940554444127542e+01,9.733060894799521634e+00
7.793941126036010303e+01,9.236738017888850294e+00
7.795941697627894484e+01,9.042655255106833323e+00
7.797942269219777245e+01,9.573399007484564294e+00
7.799942840811661426e+01,9.772449693248544733e+00
7.801943412403544187e+01,9.625547583097844750e+00
7.803943983995426947e+01,9.702891192481805760e+00
7.805944555587311129e+01,9.613403382225335747e+00
7.807945127179193889e+01,1.012140368276989832e+01
7.809945698771078071e+01,9.276938563711562225e+00
7.811946270362960831e+01,9.640912282788185905e+00
7.813946841954845013e+01,9.449478767965810988e+00
7.815947413546727773e+01,9.387254429524466204e+00
7.817947985138611955e+01,9.204782610373589691e+00
7.819948556730494715e+01,9.809621478844553266e+00
7.821949128322378897e+01,9.303917549864625158e+00
7.823949699914261657e+01,1.003780012107767661e+01
7.825950271506144418e+01,9.991918181797032616e+00
7.827950843098028599e+01,1.011994015976185679e+01
7.829951414689911360e+01,1.089483781934977813e+01
7.831951986281795541e+01,1.118777455739967763e+01
7.833952557873678302e+01,1.121850184936158001e+01
7.835953129465562483e+01,1.179585131123522146e+01
7.837953701057445244e+01,1.258698759359236163e+01
7.839954272649329425e+01,1.300860076804642063e+01
7.841954844241212186e+01,1.281456716296140819e+01
7.843955415833094946e+01,1.253656141849312178e+01
7.845955987424979128e+01,1.379115021962953946e+01
7.847956559016861888e+01,1.272201916771474828e+01
7.849957130608746070e+01,1.314976113208491348e+01
7.851957702200628830e+01,1.254875447221401963e+01
7.853958273792513012e+01,1.196301245438984751e+01
7.855958845384395772e+01,1.164814282724190875e+01
7.857959416976279954e+01,1.192118970376544951e+01
7.859959988568162714e+01,1.172334688525848989e+01
7.861960560160045475e+01,1.038896984969424153e+01
7.863961131751929656e+01,1.076144025317429609e+01
7.865961703343812417e+01,9.740350287619220282e+00
7.867962274935696598e+01,9.200032625472969627e+00
7.869962846527579359e+01,8.863260147576720982e+00
7.871963418119463540e+01,9.448177366992421611e+00
7.873963989711346301e+01,8.634509245470072258e+00
7.875964561303230482e+01,9.212374485819017522e+00
7.877965132895113243e+01,9.000353275959758648e+00
7.879965704486996003e+01,8.960224516937678629e+00
7.881966276078880185e+01,8.939517734732069343e+00
7.883966847670762945e+01,7.951583877113804988e+00
7.885967419262647127e+01,8.484976067903492236e+00
7.887967990854529887e+01,8.464342779900992042e+00
7.889968562446414069e+01,8.149965477342483666e+00
7.891969134038296829e+01,7.992982368669686366e+00
7.893969705630181011e+01,8.288592407456327749e+00
7.895970277222063771e+01,7.363140656060926048e+00
7.897970848813946532e+01,7.041468787670940088e+00
7.899971420405830713e+01,7.510136592386182919e+00
7.901971991997713474e+01,7.406161530576573782e+00
7.903972563589597655e+01,6.816589209569403174e+00
7.905973135181480416e+01,7.278862869160116489e+00
7.907973706773364597e+01,7.177192322902104848e+00
7.909974278365247358e+01,6.910407035984011515e+00
7.911974849957131539e+01,5.954465378136059250e+00
7.913975421549014300e+01,6.088476449091647424e+00
7.915975993140898481e+01,6.588351959063883712e+00
7.917976564732781242e+01,5.964346755113142606e+00
7.919977136324664002e+01,5.900389938161845649e+00
7.921977707916548184e+01,6.008310204156235734e+00
7.923978279508430944e+01,5.701416404170778662e+00
7.925978851100315126e+01,6.541370477882259671e+00
7.927979422692197886e+01,5.687093374482921071e+00
7.929979994284082068e+01,6.364961381632303627e+00
7.931980565875964828e+01,6.241343381982948912e+00
7.933981137467849010e+01,5.630274491717270458e+00
7.935981709059731770e+01,5.470553267602996428e+00
7.937982280651614531e+01,6.208440808477497797e+00
7.939982852243498712e+01,5.705735064440893289e+00
7.941983423835381473e+01,6.605079992919977272e+00
7.943983995427265654e+01,6.283232527786672961e+00
7.945984567019148415e+01,6.769298329871157982e+00
7.947985138611032596e+01,6.264723301982506598e+00
7.949985710202915357e+01,6.956381564866435774e+00
7.951986281794799538e+01,7.148311721959853315e+00
7.953986853386682299e+01,7.447960508386840317e+00
7.955987424978565059e+01,7.169222473317351074e+00
7.957987996570449241e+01,8.297820895959107546e+00
7.959988568162332001e+01,7.570012294809993492e+00
7.961989139754216183e+01,8.070775440704824888e+00
7.963989711346098943e+01,8.201337105599247224e+00
7.965990282937983125e+01,7.260238732480459589e+00
7.967990854529865885e+01,7.367544925446130044e+00
7.969991426121750067e+01,7.503364859380507568e+00
7.971991997713632827e+01,7.618618592772318010e+00
7.973992569305515588e+01,6.953855544569888636e+00
7.975993140897399769e+01,7.286591838530293685e+00
7.977993712489282530e+01,7.128067623435935474e+00
7.979994284081166711e+01,6.856203404943286728e+00
7.981994855673049472e+01,6.670553090649212535e+00
7.983995427264933653e+01,5.106029690767611484e+00
7.985995998856816414e+01,5.564442147862207477e+00
7.987996570448700595e+01,5.056793734310561561e+00
7.989997142040583356e+01,4.989974900012567716e+00
7.991997713632466116e+01,5.107486357829703394e+00
7.993998285224350298e+01,5.581801635136441675e+00
7.995998856816233058e+01,4.920854484350666525e+00
7.997999428408117240e+01,4.754842885156490340e+00
8.000000000000000000e+01,4.281686732577906440e+00
