angle,intensity
1.000000000000000000e+01,6.565562108695914390e+00
1.002000571591883471e+01,5.138308486608148762e+00
1.004001143183766764e+01,5.948716276762390898e+00
1.006001714775650235e+01,4.931753294979728253e+00
1.008002286367533529e+01,6.340631134445806616e+00
1.010002857959417000e+01,5.823206990612735723e+00
1.012003429551300293e+01,5.838388012087326828e+00
1.014004001143183764e+01,6.265898627166282431e+00
1.016004572735067235e+01,6.003258720448636510e+00
1.018005144326950528e+01,5.040021057257503934e+00
1.020005715918833999e+01,5.089283257558533613e+00
1.022006287510717293e+01,6.503136409611664170e+00
1.024006859102600764e+01,5.093706901115388597e+00
1.026007430694484057e+01,6.340190643854644925e+00
1.028008002286367528e+01,4.851629932619920815e+00
1.030008573878250999e+01,5.772825382588490761e+00
1.032009145470134293e+01,6.147905266677279101e+00
1.034009717062017764e+01,6.234704867158768593e+00
1.036010288653901057e+01,6.668227463208650008e+00
1.038010860245784528e+01,6.270036851968312064e+00
1.040011431837667999e+01,5.345065961146818978e+00
1.042012003429551292e+01,5.505188172728018081e+00
1.044012575021434763e+01,4.997284651538364209e+00
1.046013146613318057e+01,6.299016026480210861e+00
1.048013718205201528e+01,6.118005607775156562e+00
1.050014289797084821e+01,5.964039068068419880e+00
1.052014861388968292e+01,6.221337273437457682e+00
1.054015432980851585e+01,5.726658415275531766e+00
1.056016004572735056e+01,6.289298889604994613e+00
1.058016576164618527e+01,6.060221591023729815e+00
1.060017147756501821e+01,4.773854400477998361e+00
1.062017719348385292e+01,6.532637378974950337e+00
1.064018290940268585e+01,4.934558023833916174e+00
1.066018862532152056e+01,5.625815905984600462e+00
1.068019434124035527e+01,6.579335671990039991e+00
1.070020005715918820e+01,5.111198193283208902e+00
1.072020577307802292e+01,4.679435067908176649e+00
1.074021148899685585e+01,5.931432906788599801e+00
1.076021720491569056e+01,6.167177461207340450e+00
1.078022292083452349e+01,6.193388258747988040e+00
1.080022863675335820e+01,5.602755653515195888e+00
1.082023435267219291e+01,5.862436739295259436e+00
1.084024006859102585e+01,5.014307279410512130e+00
1.086024578450986056e+01,6.049688480463524698e+00
1.088025150042869349e+01,6.340819306558148405e+00
1.090025721634752820e+01,6.437486035693259723e+00
1.092026293226636113e+01,4.793841197277747490e+00
1.094026864818519584e+01,5.650564164695468072e+00
1.096027436410403055e+01,5.757176794687656418e+00
1.098028008002286349e+01,4.902179749936048658e+00
1.100028579594169820e+01,5.008778184323281479e+00
1.102029151186053113e+01,6.098105719725494644e+00
1.104029722777936584e+01,6.046140926393740678e+00
1.106030294369819877e+01,4.922210130981011567e+00
1.108030865961703348e+01,5.365079818415879664e+00
1.110031437553586819e+01,4.557828140022220254e+00
1.112032009145470113e+01,5.253958899802785076e+00
1.114032580737353584e+01,4.886243715029084278e+00
1.116033152329236877e+01,6.384069386476332930e+00
1.118033723921120348e+01,5.504786515926410218e+00
1.120034295513003642e+01,4.599078272183518834e+00
1.122034867104887113e+01,6.331737265778770940e+00
1.124035438696770584e+01,5.951052543228089853e+00
1.126036010288653877e+01,5.201552736935471266e+00
1.128036581880537348e+01,4.538910960399662464e+00
1.130037153472420641e+01,4.698184915686964835e+00
1.132037725064304112e+01,5.536559757920652913e+00
1.134038296656187583e+01,5.657392857538336095e+00
1.136038868248070877e+01,6.270614893160783687e+00
1.138039439839954348e+01,5.435621488635791643e+00
1.140040011431837641e+01,4.840656350325454937e+00
1.142040583023721112e+01,4.688422922708009644e+00
1.144041154615604405e+01,4.693609038906658704e+00
1.146041726207487876e+01,5.356109739966293581e+00
1.148042297799371170e+01,4.721550392004739471e+00
1.150042869391254641e+01,5.887104917069724053e+00
1.152043440983138112e+01,5.879819117905075387e+00
1.154044012575021405e+01,4.608445204205078305e+00
1.156044584166904876e+01,4.503514892213147824e+00
1.158045155758788169e+01,4.885119865745794598e+00
1.160045727350671640e+01,6.171228424482866792e+00
1.162046298942555111e+01,5.466577506040689372e+00
1.164046870534438405e+01,4.722130592609571131e+00
1.166047442126321876e+01,5.580233862005036016e+00
1.168048013718205169e+01,5.248387775950352108e+00
1.170048585310088640e+01,4.529368569926678134e+00
1.172049156901971934e+01,5.201430145350427914e+00
1.174049728493855405e+01,5.231661973096475293e+00
1.176050300085738698e+01,5.878530320040610491e+00
1.178050871677622169e+01,5.208246428222706115e+00
1.180051443269505640e+01,4.560587654262119095e+00
1.182052014861388933e+01,6.230451571777855690e+00
1.184052586453272404e+01,4.922045727939163839e+00
1.186053158045155698e+01,4.393515520828195520e+00
1.188053729637039169e+01,6.114349211961943809e+00
1.190054301228922640e+01,5.311024383281508499e+00
1.192054872820805933e+01,4.844964229481684370e+00
1.194055444412689404e+01,4.460312868058569968e+00
1.196056016004572697e+01,4.981712817363793455e+00
1.198056587596456168e+01,5.158343396362846889e+00
1.200057159188339639e+01,4.871846751723629687e+00
1.202057730780222933e+01,5.510934044120011421e+00
1.204058302372106226e+01,4.679689571194348474e+00
1.206058873963989697e+01,6.125002257309206222e+00
1.208059445555873168e+01,4.814436099448658801e+00
1.210060017147756461e+01,5.113004470288297298e+00
1.212060588739639932e+01,6.005709418163747593e+00
1.214061160331523226e+01,5.718048826398334228e+00
1.216061731923406697e+01,4.427156775492159468e+00
1.218062303515290168e+01,4.676376057419728838e+00
1.220062875107173461e+01,4.824003232568458088e+00
1.222063446699056932e+01,4.701244580470045342e+00
1.224064018290940226e+01,4.274637943866381740e+00
1.226064589882823697e+01,4.667505480223852032e+00
1.228065161474707168e+01,5.760414192828032576e+00
1.230065733066590461e+01,5.999949255934081904e+00
1.232066304658473754e+01,5.133385769494005935e+00
1.234066876250357225e+01,4.741570667972682784e+00
1.236067447842240696e+01,4.888130495240960549e+00
1.238068019434123990e+01,4.442907885545062108e+00
1.240068591026007461e+01,4.622282996554750945e+00
1.242069162617890754e+01,4.251466426790157627e+00
1.244069734209774225e+01,4.338994716995041578e+00
1.246070305801657696e+01,5.170684773515820787e+00
1.248070877393540989e+01,4.891728232052895642e+00
1.250071448985424460e+01,5.666955379158677530e+00
1.252072020577307754e+01,4.456098135204242361e+00
1.254072592169191225e+01,4.114410946300318450e+00
1.256073163761074696e+01,4.079475438483454397e+00
1.258073735352957989e+01,5.971516358500881694e+00
1.260074306944841460e+01,5.908063922376846300e+00
1.262074878536724754e+01,5.900889890940956839e+00
1.264075450128608225e+01,5.638424576344621464e+00
1.266076021720491518e+01,5.985288209293033290e+00
1.268076593312374989e+01,4.167469035712279002e+00
1.270077164904258282e+01,4.204849622027546197e+00
1.272077736496141753e+01,4.124338387220030988e+00
1.274078308088025224e+01,5.676477019652398148e+00
1.276078879679908518e+01,4.211619935591385477e+00
1.278079451271791989e+01,4.356188899891400901e+00
1.280080022863675282e+01,5.298924524598493058e+00
1.282080594455558753e+01,4.768518012899431113e+00
1.284081166047442224e+01,4.246846892681888086e+00
1.286081737639325517e+01,4.776382386114906176e+00
1.288082309231208988e+01,4.926672103354908572e+00
1.290082880823092282e+01,5.210433222847098200e+00
1.292083452414975753e+01,5.350253842427703077e+00
1.294084024006859224e+01,4.923741536704936195e+00
1.296084595598742517e+01,4.881680072201071141e+00
1.298085167190625810e+01,5.160388810441492780e+00
1.300085738782509281e+01,4.247601759058164284e+00
1.302086310374392752e+01,4.892423513835514548e+00
1.304086881966276046e+01,4.550998264351461486e+00
1.306087453558159517e+01,5.636792853089701794e+00
1.308088025150042810e+01,5.670630427327639111e+00
1.310088596741926281e+01,4.560511961219567034e+00
1.312089168333809752e+01,5.329443040905393225e+00
1.314089739925693046e+01,5.172921105332375369e+00
1.316090311517576517e+01,5.807832911161802336e+00
1.318090883109459810e+01,5.663607247016698487e+00
1.320091454701343281e+01,5.463262845974792725e+00
1.322092026293226752e+01,5.672732356009359656e+00
1.324092597885110045e+01,5.501769799278720896e+00
1.326093169476993339e+01,4.410030708453743564e+00
1.328093741068876810e+01,5.235917000646265862e+00
1.330094312660760281e+01,3.878214119115463543e+00
1.332094884252643574e+01,4.800825326509430724e+00
1.334095455844527045e+01,5.034478420875389659e+00
1.336096027436410338e+01,3.995723630173050100e+00
1.338096599028293809e+01,4.300770565745462015e+00
1.340097170620177280e+01,5.161759205919235427e+00
1.342097742212060574e+01,4.253151386425578551e+00
1.344098313803944045e+01,5.492717230574720055e+00
1.346098885395827338e+01,5.486317647372590756e+00
1.348099456987710809e+01,4.092162377854217326e+00
1.350100028579594280e+01,5.672246075175865876e+00
1.352100600171477573e+01,4.501703008138180806e+00
1.354101171763361044e+01,5.219126826459624446e+00
1.356101743355244338e+01,5.521652462860766164e+00
1.358102314947127809e+01,5.071443858419181439e+00
1.360102886539011102e+01,5.459615014520618814e+00
1.362103458130894573e+01,5.325842708948104409e+00
1.364104029722777867e+01,4.825160523328541728e+00
1.366104601314661338e+01,5.564905945483308969e+00
1.368105172906544809e+01,4.736189266573762602e+00
1.370105744498428102e+01,3.819359041985520342e+00
1.372106316090311573e+01,4.636240130984568886e+00
1.374106887682194866e+01,4.086363310964639339e+00
1.376107459274078337e+01,4.651550330304100811e+00
1.378108030865961808e+01,4.203927033999358187e+00
1.380108602457845102e+01,4.742015425003333284e+00
1.382109174049728573e+01,5.631607662242157808e+00
1.384109745641611866e+01,5.667099764477522506e+00
1.386110317233495337e+01,3.799930686244836320e+00
1.388110888825378808e+01,4.128244752543665186e+00
1.390111460417262101e+01,4.233473795666236938e+00
1.392112032009145395e+01,3.868053335099185919e+00
1.394112603601028866e+01,5.290337130080037475e+00
1.396113175192912337e+01,3.804669358734768192e+00
1.398113746784795630e+01,5.526021652534095274e+00
1.400114318376679101e+01,4.600335707167652721e+00
1.402114889968562395e+01,5.309509215023620499e+00
1.404115461560445866e+01,4.236560489398911500e+00
1.406116033152329337e+01,4.114848804723507669e+00
1.408116604744212630e+01,3.812679543408604488e+00
1.410117176336095923e+01,5.183044522893984762e+00
1.412117747927979394e+01,4.266050949066827691e+00
1.414118319519862865e+01,5.587261217361975341e+00
1.416118891111746336e+01,3.976258586032707321e+00
1.418119462703629630e+01,5.309547546303576837e+00
1.420120034295512923e+01,3.731618868894853502e+00
1.422120605887396394e+01,5.403286878528216874e+00
1.424121177479279865e+01,5.279958410731586227e+00
1.426121749071163336e+01,5.362269726539238057e+00
1.428122320663046629e+01,4.790747338983481818e+00
1.430122892254929923e+01,4.551886795893043569e+00
1.432123463846813394e+01,4.145486053825842454e+00
1.434124035438696865e+01,5.529299855920753792e+00
1.436124607030580158e+01,3.790956438645037174e+00
1.438125178622463629e+01,3.838685413723141870e+00
1.440125750214346922e+01,4.613810110734172909e+00
1.442126321806230393e+01,5.494578283468393387e+00
1.444126893398113864e+01,4.243769444682127912e+00
1.446127464989997158e+01,5.292131970562392596e+00
1.448128036581880451e+01,3.758035234740543462e+00
1.450128608173763922e+01,3.858358496436334661e+00
1.452129179765647393e+01,4.746307124038844805e+00
1.454129751357530864e+01,4.860895191967567364e+00
1.456130322949414158e+01,4.294414110473006474e+00
1.458130894541297451e+01,5.036428321350845394e+00
1.460131466133180922e+01,4.557268538950594916e+00
1.462132037725064393e+01,3.806768990760267979e+00
1.464132609316947686e+01,5.086696215063494009e+00
1.466133180908831157e+01,3.977844302931529796e+00
1.468133752500714451e+01,3.902394895563889410e+00
1.470134324092597922e+01,5.227321794779477671e+00
1.472134895684481393e+01,4.392407911268006337e+00
1.474135467276364686e+01,5.263864766096786774e+00
1.476136038868247979e+01,4.509914651353844839e+00
1.478136610460131450e+01,4.017455624737783282e+00
1.480137182052014921e+01,4.190003877269048438e+00
1.482137753643898392e+01,4.468870881180537324e+00
1.484138325235781686e+01,5.331434978501015109e+00
1.486138896827664979e+01,3.921526042040608395e+00
1.488139468419548450e+01,5.177362762025229159e+00
1.490140040011431921e+01,5.133829412519369306e+00
1.492140611603315392e+01,3.992111727559386480e+00
1.494141183195198685e+01,4.260239446308001554e+00
1.496141754787081979e+01,3.904955722732514012e+00
1.498142326378965450e+01,4.453920642136172781e+00
1.500142897970848921e+01,4.945616253694438136e+00
1.502143469562732214e+01,4.138875278481441100e+00
1.504144041154615508e+01,4.260220242671243440e+00
1.506144612746498979e+01,5.058151921210005675e+00
1.508145184338382450e+01,5.692813504895196886e+00
1.510145755930265921e+01,5.497504649573527580e+00
1.512146327522149214e+01,5.016534900187479273e+00
1.514146899114032507e+01,3.991161439292491231e+00
1.516147470705915978e+01,5.799713842706920808e+00
1.518148042297799449e+01,5.208128823894111470e+00
1.520148613889682920e+01,4.944711241647484101e+00
1.522149185481566214e+01,4.728893294237220601e+00
1.524149757073449507e+01,4.574375252727925556e+00
1.526150328665332978e+01,5.041968660821350312e+00
1.528150900257216449e+01,4.997250587116953469e+00
1.530151471849099742e+01,4.763212799708179901e+00
1.532152043440983036e+01,5.795789814843420373e+00
1.534152615032866507e+01,6.028290370145181321e+00
1.536153186624749978e+01,6.556669130447981608e+00
1.538153758216633449e+01,6.458825061808281198e+00
1.540154329808516742e+01,6.924584562940016674e+00
1.542154901400400036e+01,6.222623335121496346e+00
1.544155472992283507e+01,5.568505196815449310e+00
1.546156044584166978e+01,6.406649086398137349e+00
1.548156616176050449e+01,6.867584696307724279e+00
1.550157187767933742e+01,6.819074730257210781e+00
1.552157759359817035e+01,7.546680520571952933e+00
1.554158330951700506e+01,8.336311127181167180e+00
1.556158902543583977e+01,7.235537499682202167e+00
1.558159474135467271e+01,8.192417180814237199e+00
1.560160045727350742e+01,8.451270625367000022e+00
1.562160617319234035e+01,8.457523736426935557e+00
1.564161188911117506e+01,9.729594951474094700e+00
1.566161760503000977e+01,9.500542724311969778e+00
1.568162332094884270e+01,9.960227952425178444e+00
1.570162903686767564e+01,9.284419820805450030e+00
1.572163475278651035e+01,1.068948228565101388e+01
1.574164046870534506e+01,1.123299723463007460e+01
1.576164618462417977e+01,1.082511895648931066e+01
1.578165190054301270e+01,1.253645139996903701e+01
1.580165761646184563e+01,1.254314395903351986e+01
1.582166333238068034e+01,1.192968454606049100e+01
1.584166904829951505e+01,1.247588579686759758e+01
1.586167476421834799e+01,1.313920688061788766e+01
1.588168048013718270e+01,1.498505477182903967e+01
1.590168619605601563e+01,1.405934280933025526e+01
1.592169191197485034e+01,1.567055789762926921e+01
1.594169762789368505e+01,1.547916828300076197e+01
1.596170334381251799e+01,1.649992152902472853e+01
1.598170905973135092e+01,1.678347221947699452e+01
1.600171477565018563e+01,1.822531780502940535e+01
1.602172049156902034e+01,1.811612287431897883e+01
1.604172620748785505e+01,2.017281220010763931e+01
1.606173192340668976e+01,1.949983153672005187e+01
1.608173763932552092e+01,2.069563976435773611e+01
1.610174335524435563e+01,2.125843667927101066e+01
1.612174907116319034e+01,2.151765993978314384e+01
1.614175478708202505e+01,2.308175809553676316e+01
1.616176050300085620e+01,2.387988027779876177e+01
1.618176621891969091e+01,2.404397218389911117e+01
1.620177193483852562e+01,2.529075494814947689e+01
1.622177765075736033e+01,2.636442725913500595e+01
1.624178336667619504e+01,2.831554703267525142e+01
1.626178908259502620e+01,2.915557844382080077e+01
1.628179479851386091e+01,2.959805433093410798e+01
1.630180051443269562e+01,3.097529299549558957e+01
1.632180623035153033e+01,3.179114033331520162e+01
1.634181194627036149e+01,3.325826630173651921e+01
1.636181766218919620e+01,3.415582306186018258e+01
1.638182337810803091e+01,3.609403859522873859e+01
1.640182909402686562e+01,3.680551217143207055e+01
1.642183480994570033e+01,3.838765017443365934e+01
1.644184052586453504e+01,3.981991988359504830e+01
1.646184624178336620e+01,4.110726969930795605e+01
1.648185195770220091e+01,4.240082079194599629e+01
1.650185767362103562e+01,4.430627829045299393e+01
1.652186338953986677e+01,4.433125781966884915e+01
1.654186910545870148e+01,4.685605311586454746e+01
1.656187482137753619e+01,4.834210416208549788e+01
1.658188053729637090e+01,4.901987438816528453e+01
1.660188625321520561e+01,5.040564243217455243e+01
1.662189196913404032e+01,5.238499528791005133e+01
1.664189768505287148e+01,5.497235996047373874e+01
1.666190340097170619e+01,5.702122250598985431e+01
1.668190911689054090e+01,5.930330822489229092e+01
1.670191483280937561e+01,6.091040517355074257e+01
1.672192054872820677e+01,6.198088676389334495e+01
1.674192626464704148e+01,6.479684282760750591e+01
1.676193198056587619e+01,6.695723538622614512e+01
1.678193769648471090e+01,6.784644257513213006e+01
1.680194341240354561e+01,7.123383656187036195e+01
1.682194912832238032e+01,7.321870433777422704e+01
1.684195484424121148e+01,7.533865535653359302e+01
1.686196056016004619e+01,7.893176174772793274e+01
1.688196627607888090e+01,7.981782637835743799e+01
1.690197199199771205e+01,8.174816615613245574e+01
1.692197770791654676e+01,8.517368860617500559e+01
1.694198342383538147e+01,8.813554551495167289e+01
1.696198913975421618e+01,8.972452141963705685e+01
1.698199485567305089e+01,9.184459548771681625e+01
1.700200057159188560e+01,9.352056730799888840e+01
1.702200628751071676e+01,9.458121690065225096e+01
1.704201200342955147e+01,9.688072167794607026e+01
1.706201771934838618e+01,9.752274992405016008e+01
1.708202343526722089e+01,1.000000000000000000e+02
1.710202915118605205e+01,9.884554131983040293e+01
1.712203486710488676e+01,9.884200680053585586e+01
1.714204058302372147e+01,9.878508353135808306e+01
1.716204629894255618e+01,9.878454825578923248e+01
1.718205201486139089e+01,9.555367081051352329e+01
1.720205773078022204e+01,9.458722392554471980e+01
1.722206344669905675e+01,9.071036654611386041e+01
1.724206916261789146e+01,8.766040787302706860e+01
1.726207487853672617e+01,8.430022725671948081e+01
1.728208059445555733e+01,7.853874451885830865e+01
1.730208631037439204e+01,7.352626508842986652e+01
1.732209202629322675e+01,6.906333713178825917e+01
1.734209774221206146e+01,6.170029264094398513e+01
1.736210345813089617e+01,5.645577108814570977e+01
1.738210917404973088e+01,5.035924361347882439e+01
1.740211488996856204e+01,4.528276422685241442e+01
1.742212060588739675e+01,4.049577922134964325e+01
1.744212632180623146e+01,3.530468933374356055e+01
1.746213203772506262e+01,2.903490621192728227e+01
1.748213775364389733e+01,2.528209486131545347e+01
1.750214346956273204e+01,2.087118814569429404e+01
1.752214918548156675e+01,1.855378747336628109e+01
1.754215490140040146e+01,1.500415519833839895e+01
1.756216061731923617e+01,1.298126391526087176e+01
1.758216633323806732e+01,1.178326682571245954e+01
1.760217204915690203e+01,1.125025899183556533e+01
1.762217776507573674e+01,1.019959039054056760e+01
1.764218348099457145e+01,8.579153034997261784e+00
1.766218919691340261e+01,8.727466731366002151e+00
1.768219491283223732e+01,7.313517161753543050e+00
1.770220062875107203e+01,6.319368359482732345e+00
1.772220634466990674e+01,6.398497978411255005e+00
1.774221206058874145e+01,6.375303003053723216e+00
1.776221777650757616e+01,5.579047643823383140e+00
1.778222349242640732e+01,5.545359137591426624e+00
1.780222920834524203e+01,4.870131004921574025e+00
1.782223492426407674e+01,6.317134411076994027e+00
1.784224064018290790e+01,6.198207535265446211e+00
1.786224635610174261e+01,4.957183253203837126e+00
1.788225207202057732e+01,4.992119545896781752e+00
1.790225778793941203e+01,5.957148016274521396e+00
1.792226350385824674e+01,4.082820200498569641e+00
1.794226921977708145e+01,5.486902866765953846e+00
1.796227493569591260e+01,4.138339901119850950e+00
1.798228065161474731e+01,4.626959429913596544e+00
1.800228636753358202e+01,4.161053577799971315e+00
1.802229208345241318e+01,4.897921841812881816e+00
1.804229779937124789e+01,4.105362212490779150e+00
1.806230351529008260e+01,4.349722150252237185e+00
1.808230923120891731e+01,4.512025459112670056e+00
1.810231494712775202e+01,5.310646649605549108e+00
1.812232066304658673e+01,5.206414990363743556e+00
1.814232637896542144e+01,4.851943950532930039e+00
1.816233209488425260e+01,4.505759667489165565e+00
1.818233781080308731e+01,4.798662809068615864e+00
1.820234352672191847e+01,4.581366317187598014e+00
1.822234924264075318e+01,3.733066570982830346e+00
1.824235495855958789e+01,4.112510329133606035e+00
1.826236067447842260e+01,3.812121956509972431e+00
1.828236639039725731e+01,3.913593339653788750e+00
1.830237210631609202e+01,5.044880575190695104e+00
1.832237782223492673e+01,4.897389067175625499e+00
1.834238353815375788e+01,3.242136476041509230e+00
1.836238925407259259e+01,4.981395628606714254e+00
1.838239496999142730e+01,4.482570234288611566e+00
1.840240068591025846e+01,4.900014242854648927e+00
1.842240640182909317e+01,4.963311872112734946e+00
1.844241211774792788e+01,3.552938396418730882e+00
1.846241783366676259e+01,4.210983708748162968e+00
1.848242354958559730e+01,4.591918253391797045e+00
1.850242926550443201e+01,3.666741487213917239e+00
1.852243498142326672e+01,3.066421955333677563e+00
1.854244069734209788e+01,3.744916627359946570e+00
1.856244641326093259e+01,4.446749238025015316e+00
1.858245212917976374e+01,3.969990851596664871e+00
1.860245784509859845e+01,4.689899643993737932e+00
1.862246356101743316e+01,4.303792609428461091e+00
1.864246927693626787e+01,3.917825581575515415e+00
1.866247499285510258e+01,3.181221912921510686e+00
1.868248070877393729e+01,3.436228360955600802e+00
1.870248642469277200e+01,4.756566615458965863e+00
1.872249214061160316e+01,4.709400199074281979e+00
1.874249785653043787e+01,2.994110722318670703e+00
1.876250357244927258e+01,3.118648505463957221e+00
1.878250928836810374e+01,3.623754117512568040e+00
1.880251500428693845e+01,3.394081061143950251e+00
1.882252072020577316e+01,4.307470160344903931e+00
1.884252643612460787e+01,3.414680746636963526e+00
1.886253215204344258e+01,2.756640301003440374e+00
1.888253786796227729e+01,2.782983729377170423e+00
1.890254358388111200e+01,4.142124412486555052e+00
1.892254929979994316e+01,3.755019377707658368e+00
1.894255501571877787e+01,3.806344951807967725e+00
1.896256073163760902e+01,4.317531103983596630e+00
1.898256644755644373e+01,2.853019282313728144e+00
1.900257216347527844e+01,4.299969966630799334e+00
1.902257787939411315e+01,2.981757664483909220e+00
1.904258359531294786e+01,2.658312846589625078e+00
1.906258931123178257e+01,2.696291859196738194e+00
1.908259502715061728e+01,2.883882684836390098e+00
1.910260074306944844e+01,2.953764053608432860e+00
1.912260645898828315e+01,2.935559278417621432e+00
1.914261217490711431e+01,2.668983383851984748e+00
1.916261789082594902e+01,3.952726869614214600e+00
1.918262360674478373e+01,3.972887465877399382e+00
1.920262932266361844e+01,3.599342848740322065e+00
1.922263503858245315e+01,4.347688966939281308e+00
1.924264075450128786e+01,3.623082171174040411e+00
1.926264647042012257e+01,3.711897153406428895e+00
1.928265218633895373e+01,3.520120142422929810e+00
1.930265790225778844e+01,3.750436269976171744e+00
1.932266361817662315e+01,3.050243701614511860e+00
1.934266933409545430e+01,3.186810658447721600e+00
1.936267505001428901e+01,2.647908315198469253e+00
1.938268076593312372e+01,2.864324272653056003e+00
1.940268648185195843e+01,3.735719574590530723e+00
1.942269219777079314e+01,3.466094072860624653e+00
1.944269791368962785e+01,3.469533449730723529e+00
1.946270362960846256e+01,2.820665718748665007e+00
1.948270934552729372e+01,3.439688469111191083e+00
1.950271506144612843e+01,2.851050525044092954e+00
1.952272077736495959e+01,2.739573742731859163e+00
1.954272649328379430e+01,2.465038984319467108e+00
1.956273220920262901e+01,4.146863564254193335e+00
1.958273792512146372e+01,3.896398002661964899e+00
1.960274364104029843e+01,2.694130352884400725e+00
1.962274935695913314e+01,4.135345333025919778e+00
1.964275507287796785e+01,2.907962326907879813e+00
1.966276078879679901e+01,2.792560219322608894e+00
1.968276650471563372e+01,2.844895682705214757e+00
1.970277222063446487e+01,3.227280428484525565e+00
1.972277793655329958e+01,3.663259703795049838e+00
1.974278365247213429e+01,2.744592248009195767e+00
1.976278936839096900e+01,2.838797278301536942e+00
1.978279508430980371e+01,3.963938606423353939e+00
1.980280080022863842e+01,2.534838839046506642e+00
1.982280651614747313e+01,4.111901023151293799e+00
1.984281223206630784e+01,3.991447341776862778e+00
1.986281794798513900e+01,3.685766085187673902e+00
1.988282366390397371e+01,2.558048625184058622e+00
1.990282937982280487e+01,2.644098271128800803e+00
1.992283509574163958e+01,4.090856893559903007e+00
1.994284081166047429e+01,2.647931068322899151e+00
1.996284652757930900e+01,3.295868963248059114e+00
1.998285224349814371e+01,2.847207547749203815e+00
2.000285795941697842e+01,3.114799163869653942e+00
2.002286367533581313e+01,3.290267233472740749e+00
2.004286939125464428e+01,2.699570375967872415e+00
2.006287510717347899e+01,2.556362363262778103e+00
2.008288082309231015e+01,2.732737669046791051e+00
2.010288653901114486e+01,4.114105900819113870e+00
2.012289225492997957e+01,2.414695054504544913e+00
2.014289797084881428e+01,3.280399718516137764e+00
2.016290368676764899e+01,3.129638634844758904e+00
2.018290940268648370e+01,2.699746661135979053e+00
2.020291511860531841e+01,2.845396250099580193e+00
2.022292083452414957e+01,3.370671680489921496e+00
2.024292655044298428e+01,3.597106857600955720e+00
2.026293226636181899e+01,3.154797675278416147e+00
2.028293798228065015e+01,3.662104161035476757e+00
2.030294369819948486e+01,2.705227661676875339e+00
2.032294941411831957e+01,3.531092758439616119e+00
2.034295513003715428e+01,2.626490831914129576e+00
2.036296084595598899e+01,3.446663131128257174e+00
2.038296656187482370e+01,2.602247076097468081e+00
2.040297227779365841e+01,3.171752580272788169e+00
2.042297799371248956e+01,2.317529261675704166e+00
2.044298370963132427e+01,3.604413094860891675e+00
2.046298942555015543e+01,2.635571878500144738e+00
2.048299514146899014e+01,3.323158524399732805e+00
2.050300085738782485e+01,2.308026647123837982e+00
2.052300657330665956e+01,3.165675865068533934e+00
2.054301228922549427e+01,2.942871433344295795e+00
2.056301800514432898e+01,2.656093883687223212e+00
2.058302372106316369e+01,2.796738278193601435e+00
2.060302943698199485e+01,2.416508093958672276e+00
2.062303515290082956e+01,3.055150594665513974e+00
2.064304086881966072e+01,3.890499117490016534e+00
2.066304658473849543e+01,3.077399073650187944e+00
2.068305230065733014e+01,2.324857376272132736e+00
2.070305801657616485e+01,3.937757312626181783e+00
2.072306373249499956e+01,3.149523155334069013e+00
2.074306944841383427e+01,2.886608770840639160e+00
2.076307516433266898e+01,2.450146473733398444e+00
2.078308088025150369e+01,3.609755475547242742e+00
2.080308659617033484e+01,2.449552472685917692e+00
2.082309231208916955e+01,3.062092417396598432e+00
2.084309802800800071e+01,2.899394793352434885e+00
2.086310374392683542e+01,2.788995226032568553e+00
2.088310945984567013e+01,2.713192512430611547e+00
2.090311517576450484e+01,3.065157828853596111e+00
2.092312089168333955e+01,2.784705163974071418e+00
2.094312660760217426e+01,2.949319754141074057e+00
2.096313232352100897e+01,2.635184051194027433e+00
2.098313803943984013e+01,3.157191556319870696e+00
2.100314375535867484e+01,2.572070533384601898e+00
2.102314947127750600e+01,2.311976570485290594e+00
2.104315518719634071e+01,3.420379326848382195e+00
2.106316090311517542e+01,2.163342282215316548e+00
2.108316661903401013e+01,2.205336461911300283e+00
2.110317233495284484e+01,2.990194169734311291e+00
2.112317805087167955e+01,2.490177380068461233e+00
2.114318376679051426e+01,3.094851248738137883e+00
2.116318948270934541e+01,3.027997656912162494e+00
2.118319519862818012e+01,2.574875791130958991e+00
2.120320091454701483e+01,2.681358388048695751e+00
2.122320663046584599e+01,3.298645898678492561e+00
2.124321234638468070e+01,2.159714011631200137e+00
2.126321806230351541e+01,2.833596785611357749e+00
2.128322377822235012e+01,3.479304150991922029e+00
2.130322949414118483e+01,3.081857439345522476e+00
2.132323521006001954e+01,3.903256435947817682e+00
2.134324092597885425e+01,2.829953842504596029e+00
2.136324664189768541e+01,2.163640439829122464e+00
2.138325235781652012e+01,4.024782421423541479e+00
2.140325807373535127e+01,3.603204469867234749e+00
2.142326378965418598e+01,3.222413387428881837e+00
2.144326950557302069e+01,3.879471027729442412e+00
2.146327522149185540e+01,2.573799966333838452e+00
2.148328093741069011e+01,2.799284811331927525e+00
2.150328665332952482e+01,3.215497296580254183e+00
2.152329236924835953e+01,4.025111146590082178e+00
2.154329808516719069e+01,2.671233399434980171e+00
2.156330380108602540e+01,2.530649583912077727e+00
2.158330951700485656e+01,3.910187648275801564e+00
2.160331523292369127e+01,3.232382735444734312e+00
2.162332094884252598e+01,2.800678325194225327e+00
2.164332666476136069e+01,2.479166388758469619e+00
2.166333238068019540e+01,3.173246614303494972e+00
2.168333809659903011e+01,2.343509914812462291e+00
2.170334381251786482e+01,2.555157764062641057e+00
2.172334952843669598e+01,3.662064989089952594e+00
2.174335524435553069e+01,2.809769634972504537e+00
2.176336096027436540e+01,2.994049179947544825e+00
2.178336667619319655e+01,3.576577040693655452e+00
2.180337239211203126e+01,3.895138061090384962e+00
2.182337810803086597e+01,3.963077996671291459e+00
2.184338382394970068e+01,3.169066557495792136e+00
2.186338953986853539e+01,3.397288513370321450e+00
2.188339525578737010e+01,2.534154596448925822e+00
2.190340097170620481e+01,2.984204310223816492e+00
2.192340668762503597e+01,3.101670983617028199e+00
2.194341240354387068e+01,3.797675860594059483e+00
2.196341811946270184e+01,3.830708619966495920e+00
2.198342383538153655e+01,3.204793718257604951e+00
2.200342955130037126e+01,3.426338613996430027e+00
2.202343526721920597e+01,3.174094445361024697e+00
2.204344098313804068e+01,2.887337561751551540e+00
2.206344669905687539e+01,2.664646555319175825e+00
2.208345241497571010e+01,3.058677420402246216e+00
2.210345813089454126e+01,2.984959339839433401e+00
2.212346384681337597e+01,2.604691217798768665e+00
2.214346956273221068e+01,3.271982779559697629e+00
2.216347527865104183e+01,2.742260010655251712e+00
2.218348099456987654e+01,3.203896458322695207e+00
2.220348671048871125e+01,2.480223784892730432e+00
2.222349242640754596e+01,2.569184437330381598e+00
2.224349814232638067e+01,3.457881180355217410e+00
2.226350385824521538e+01,2.594801673228117611e+00
2.228350957416405009e+01,2.508078524486779148e+00
2.230351529008288125e+01,3.800021180503820872e+00
2.232352100600171596e+01,3.969577928029744740e+00
2.234352672192054712e+01,2.352716211449985106e+00
2.236353243783938183e+01,2.900695651065849479e+00
2.238353815375821654e+01,2.637010598243343829e+00
2.240354386967705125e+01,3.521459951871041660e+00
2.242354958559588596e+01,4.173384775597937413e+00
2.244355530151472067e+01,3.336604357853941938e+00
2.246356101743355538e+01,3.552621105435415316e+00
2.248356673335238654e+01,3.025314208723075549e+00
2.250357244927122125e+01,2.699008693888063526e+00
2.252357816519005240e+01,2.692581719327810319e+00
2.254358388110888711e+01,3.182726609946616048e+00
2.256358959702772182e+01,3.807317901890856504e+00
2.258359531294655653e+01,3.833348377750126712e+00
2.260360102886539124e+01,2.823820842369354267e+00
2.262360674478422595e+01,4.473237498573478632e+00
2.264361246070306066e+01,3.705974269315454261e+00
2.266361817662189182e+01,4.626232777545052244e+00
2.268362389254072653e+01,3.690592580402716205e+00
2.270362960845956124e+01,3.626986395615173997e+00
2.272363532437839240e+01,4.969761942003769306e+00
2.274364104029722711e+01,5.371780711947979015e+00
2.276364675621606182e+01,5.153354033998364336e+00
2.278365247213489653e+01,4.965633412165850302e+00
2.280365818805373124e+01,4.866027727973937012e+00
2.282366390397256595e+01,6.040671286707598675e+00
2.284366961989140066e+01,5.751573795472751272e+00
2.286367533581023181e+01,6.952687368054566441e+00
2.288368105172906652e+01,6.366461072089239615e+00
2.290368676764789768e+01,6.721449772838792747e+00
2.292369248356673239e+01,7.231429855564848630e+00
2.294369819948556710e+01,7.148292108274217682e+00
2.296370391540440181e+01,8.391715947254567709e+00
2.298370963132323652e+01,8.615828098764195531e+00
2.300371534724207123e+01,9.374595468725733127e+00
2.302372106316090594e+01,8.917501465049962661e+00
2.304372677907973710e+01,1.100977315747625340e+01
2.306373249499857181e+01,1.062705693792628381e+01
2.308373821091740652e+01,1.229439758944061190e+01
2.310374392683623768e+01,1.133531741507233193e+01
2.312374964275507239e+01,1.221879578328140070e+01
2.314375535867390710e+01,1.411468846874278427e+01
2.316376107459274181e+01,1.473540670507952299e+01
2.318376679051157652e+01,1.559990229664390782e+01
2.320377250643041123e+01,1.707640596747819473e+01
2.322377822234924594e+01,1.722964096604514594e+01
2.324378393826807709e+01,1.853001104528997089e+01
2.326378965418691180e+01,1.864128531185606263e+01
2.328379537010574296e+01,2.048043701093576630e+01
2.330380108602457767e+01,2.080798449909717718e+01
2.332380680194341238e+01,2.272098132108321522e+01
2.334381251786224709e+01,2.396442685171131970e+01
2.336381823378108180e+01,2.497612916410090023e+01
2.338382394969991651e+01,2.641353122180381874e+01
2.340382966561875122e+01,2.904561469783472205e+01
2.342383538153758238e+01,3.048110291483498813e+01
2.344384109745641709e+01,3.190408521411371723e+01
2.346384681337524825e+01,3.351494764039987473e+01
2.348385252929408296e+01,3.393484528435512004e+01
2.350385824521291767e+01,3.617320322077617334e+01
2.352386396113175238e+01,3.789064918234757329e+01
2.354386967705058709e+01,4.090051473450478881e+01
2.356387539296942180e+01,4.141561131320941769e+01
2.358388110888825651e+01,4.517595611853813864e+01
2.360388682480708766e+01,4.691898585423680146e+01
2.362389254072592237e+01,4.953326440033024625e+01
2.364389825664475708e+01,5.112272591215789674e+01
2.366390397256358824e+01,5.382956240146888405e+01
2.368390968848242295e+01,5.643842869470036305e+01
2.370391540440125766e+01,5.899504240617908835e+01
2.372392112032009237e+01,6.136812529803981420e+01
2.374392683623892708e+01,6.370925476083966288e+01
2.376393255215776179e+01,6.738486124139569711e+01
2.378393826807659650e+01,6.876435388725002440e+01
2.380394398399542766e+01,7.203796050338291934e+01
2.382394969991426237e+01,7.373453092187205016e+01
2.384395541583309353e+01,7.689468330524164230e+01
2.386396113175192824e+01,7.703503689402134569e+01
2.388396684767076295e+01,7.948910533053046379e+01
2.390397256358959766e+01,7.875575060396602112e+01
2.392397827950843237e+01,7.947914491242786994e+01
2.394398399542726708e+01,7.924340379648812416e+01
2.396398971134610179e+01,7.732521489859782093e+01
2.398399542726493294e+01,7.540395087197126145e+01
2.400400114318376765e+01,7.149753921724999373e+01
2.402400685910260236e+01,6.665419896955535251e+01
2.404401257502143352e+01,6.371631708824921958e+01
2.406401829094026823e+01,5.695792717146120054e+01
2.408402400685910294e+01,5.165739694997964904e+01
2.410402972277793765e+01,4.653710757704028111e+01
2.412403543869677236e+01,4.175925982092131505e+01
2.414404115461560707e+01,3.579292365112591057e+01
2.416404687053444178e+01,3.120408909757937721e+01
2.418405258645327294e+01,2.587298590967927581e+01
2.420405830237210765e+01,2.255558233584586247e+01
2.422406401829093880e+01,1.871079333570262193e+01
2.424406973420977351e+01,1.460908817986909547e+01
2.426407545012860822e+01,1.243445595956863059e+01
2.428408116604744293e+01,1.036678058346095455e+01
2.430408688196627764e+01,8.665566078153835505e+00
2.432409259788511235e+01,7.845214623020544842e+00
2.434409831380394706e+01,7.141362260581378685e+00
2.436410402972277822e+01,7.239256379412698728e+00
2.438410974564161293e+01,6.095375252804339006e+00
2.440411546156044409e+01,6.074512087830972185e+00
2.442412117747927880e+01,5.226360363601047609e+00
2.444412689339811351e+01,4.970572894774952566e+00
2.446413260931694822e+01,4.363063973734679912e+00
2.448413832523578293e+01,5.127188200083661940e+00
2.450414404115461764e+01,4.468332474167521440e+00
2.452414975707345235e+01,3.669266820219323932e+00
2.454415547299228351e+01,4.525220190990196123e+00
2.456416118891111822e+01,3.996146750144620619e+00
2.458416690482995293e+01,3.296013355161158564e+00
2.460417262074878408e+01,3.530850130932055020e+00
2.462417833666761879e+01,2.876661436128379101e+00
2.464418405258645350e+01,4.272070409699319171e+00
2.466418976850528821e+01,3.335926658721230620e+00
2.468419548442412292e+01,2.432991825416003007e+00
2.470420120034295763e+01,2.800884301743358673e+00
2.472420691626179234e+01,3.048125033086314772e+00
2.474421263218062350e+01,3.013758125130004739e+00
2.476421834809945821e+01,3.273053227644510788e+00
2.478422406401828937e+01,3.677803430885565383e+00
2.480422977993712408e+01,3.586823325469033374e+00
2.482423549585595879e+01,3.074920151029246984e+00
2.484424121177479350e+01,2.466442250139678993e+00
2.486424692769362821e+01,3.988320330734846042e+00
2.488425264361246292e+01,2.269322816243051655e+00
2.490425835953129763e+01,3.370508161480125775e+00
2.492426407545012879e+01,3.014908304416239915e+00
2.494426979136896350e+01,3.770155731574504898e+00
2.496427550728779821e+01,2.075246348236574612e+00
2.498428122320662936e+01,2.625610288067858455e+00
2.500428693912546407e+01,2.431171921397560887e+00
2.502429265504429878e+01,3.278688489245504378e+00
2.504429837096313349e+01,2.136960349449781305e+00
2.506430408688196820e+01,2.680929480520733321e+00
2.508430980280080291e+01,3.107726430007955010e+00
2.510431551871963762e+01,1.958577936024264998e+00
2.512432123463846878e+01,2.742895105969908709e+00
2.514432695055730349e+01,3.007719269388493988e+00
2.516433266647613465e+01,2.373954624368899147e+00
2.518433838239496936e+01,3.389431930952028438e+00
2.520434409831380407e+01,2.525764520687432846e+00
2.522434981423263878e+01,3.165750256434137100e+00
2.524435553015147349e+01,2.834259201519304661e+00
2.526436124607030820e+01,3.343930927498271366e+00
2.528436696198914291e+01,2.620686323377217075e+00
2.530437267790797407e+01,2.005532016750438906e+00
2.532437839382680878e+01,3.631104818680315205e+00
2.534438410974563993e+01,2.936960829399028139e+00
2.536438982566447464e+01,2.096771450603390097e+00
2.538439554158330935e+01,2.215870593663485266e+00
2.540440125750214406e+01,3.596884592496741639e+00
2.542440697342097877e+01,2.945373489192026906e+00
2.544441268933981348e+01,2.870440751174657912e+00
2.546441840525864819e+01,2.196981568559987608e+00
2.548442412117747935e+01,2.413591871657741361e+00
2.550442983709631406e+01,2.626056128970667647e+00
2.552443555301514877e+01,3.019144607518450041e+00
2.554444126893397993e+01,2.924448547984341840e+00
2.556444698485281464e+01,1.608527114201032449e+00
2.558445270077164935e+01,2.301149904191011064e+00
2.560445841669048406e+01,2.978899429306443913e+00
2.562446413260931877e+01,3.324783385153901261e+00
2.564446984852815348e+01,3.324850378844354193e+00
2.566447556444698819e+01,2.105633318282682076e+00
2.568448128036581934e+01,2.139181802279381817e+00
2.570448699628465405e+01,1.613756800110610845e+00
2.572449271220348521e+01,2.842913825774484149e+00
2.574449842812231992e+01,2.623435460311476231e+00
2.576450414404115463e+01,1.688822090010667853e+00
2.578450985995998934e+01,2.990226940344359097e+00
2.580451557587882405e+01,3.454146053050497933e+00
2.582452129179765876e+01,1.940141572439656903e+00
2.584452700771649347e+01,3.308294890856377179e+00
2.586453272363532463e+01,3.043629325657282170e+00
2.588453843955415934e+01,2.662416774983206391e+00
2.590454415547299405e+01,2.234064626697976230e+00
2.592454987139182521e+01,3.029894866847612445e+00
2.594455558731065992e+01,3.362957463999054486e+00
2.596456130322949463e+01,2.352588494282324749e+00
2.598456701914832934e+01,1.668971299509947714e+00
2.600457273506716405e+01,3.224605479821909260e+00
2.602457845098599520e+01,2.923550825446850077e+00
2.604458416690482991e+01,1.864823518756756116e+00
2.606458988282366462e+01,2.760773883101154347e+00
2.608459559874249933e+01,2.852090256919940003e+00
2.610460131466133404e+01,2.168492372450463002e+00
2.612460703058016520e+01,2.063936576078826413e+00
2.614461274649899991e+01,1.853558092413614800e+00
2.616461846241783462e+01,2.035099016220637491e+00
2.618462417833666933e+01,1.648887778941277915e+00
2.620462989425550404e+01,1.961570245433371884e+00
2.622463561017433520e+01,2.731183186441628052e+00
2.624464132609316991e+01,2.940797394140675092e+00
2.626464704201200462e+01,1.528477495146504328e+00
2.628465275793083933e+01,2.591798452089875582e+00
2.630465847384967049e+01,2.117921834068457798e+00
2.632466418976850520e+01,1.586254638838669351e+00
2.634466990568733991e+01,3.294889653874712110e+00
2.636467562160617462e+01,1.641019946077438618e+00
2.638468133752500933e+01,2.017594221527711174e+00
2.640468705344384048e+01,3.115705855007775416e+00
2.642469276936267519e+01,3.231962832227469828e+00
2.644469848528150990e+01,2.894791301298187403e+00
2.646470420120034461e+01,3.300339915052190598e+00
2.648470991711917932e+01,2.448848655400285956e+00
2.650471563303801048e+01,2.152435027640532628e+00
2.652472134895684519e+01,3.072465558839316380e+00
2.654472706487567990e+01,1.970848829167890282e+00
2.656473278079451461e+01,1.765174695068914890e+00
2.658473849671334932e+01,1.593377370605945087e+00
2.660474421263218048e+01,1.976855056604393868e+00
2.662474992855101519e+01,1.854136396105248830e+00
2.664475564446984990e+01,2.132202537713196566e+00
2.666476136038868461e+01,1.767131671639777135e+00
2.668476707630751577e+01,1.418287697158795213e+00
2.670477279222635048e+01,2.339438015847160379e+00
2.672477850814518519e+01,1.834597600303960574e+00
2.674478422406401990e+01,3.100683294663660661e+00
2.676478993998285461e+01,1.716017176757996587e+00
2.678479565590168576e+01,1.614600404653181442e+00
2.680480137182052047e+01,1.909693564663931920e+00
2.682480708773935518e+01,1.786840330545124145e+00
2.684481280365818989e+01,1.666331197710599676e+00
2.686481851957702460e+01,1.936852293566690753e+00
2.688482423549585576e+01,1.914237533083272158e+00
2.690482995141469047e+01,2.561790267898922391e+00
2.692483566733352518e+01,1.737872313914097244e+00
2.694484138325235989e+01,1.480828831587049699e+00
2.696484709917119105e+01,2.730448247931614780e+00
2.698485281509002576e+01,1.380474223056012972e+00
2.700485853100886047e+01,2.173341719012785944e+00
2.702486424692769518e+01,2.157184207134428267e+00
2.704486996284652989e+01,2.288682035273852833e+00
2.706487567876536104e+01,1.441511245461215340e+00
2.708488139468419575e+01,1.368740078788764247e+00
2.710488711060303046e+01,2.352797746143991731e+00
2.712489282652186517e+01,1.947833014797469398e+00
2.714489854244069988e+01,1.790122652003126591e+00
2.716490425835953104e+01,3.133091794570367128e+00
2.718490997427836575e+01,1.847563226717097606e+00
2.720491569019720046e+01,1.943382667273962250e+00
2.722492140611603517e+01,1.434439353861708843e+00
2.724492712203486633e+01,1.591181625774401143e+00
2.726493283795370104e+01,2.740291089411606595e+00
2.728493855387253575e+01,2.953698850857322533e+00
2.730494426979137046e+01,1.730254981274657045e+00
2.732494998571020517e+01,2.444252645849456673e+00
2.734495570162903633e+01,1.511675528994604889e+00
2.736496141754787104e+01,1.604036154261088365e+00
2.738496713346670575e+01,2.068142921173199422e+00
2.740497284938554046e+01,1.680751244766626407e+00
2.742497856530437517e+01,1.625807955385251136e+00
2.744498428122320632e+01,1.470651225024392383e+00
2.746498999714204103e+01,3.228846290346619963e+00
2.748499571306087574e+01,3.193402171525228539e+00
2.750500142897971045e+01,2.502382592717995013e+00
2.752500714489854516e+01,3.111392975851704268e+00
2.754501286081737632e+01,3.067092388624239607e+00
2.756501857673621103e+01,1.871234274302522760e+00
2.758502429265504574e+01,2.694360377991631417e+00
2.760503000857388045e+01,3.118596094267232388e+00
2.762503572449271161e+01,2.143033118444230833e+00
2.764504144041154632e+01,3.092582796115804999e+00
2.766504715633038103e+01,2.432778951715971250e+00
2.768505287224921574e+01,2.792729170253622772e+00
2.770505858816805045e+01,3.145704070451393441e+00
2.772506430408688161e+01,2.198802358865218576e+00
2.774507002000571632e+01,1.866085902124896334e+00
2.776507573592455103e+01,1.530253817163752084e+00
2.778508145184338574e+01,1.390880690341476100e+00
2.780508716776222045e+01,2.948658519436820225e+00
2.782509288368105160e+01,2.814669106384941166e+00
2.784509859959988631e+01,2.240466631738565084e+00
2.786510431551872102e+01,2.711842531530211264e+00
2.788511003143755573e+01,2.038500235686948603e+00
2.790511574735638689e+01,2.349664463974903583e+00
2.792512146327522160e+01,2.084785919039740865e+00
2.794512717919405631e+01,2.401385879436582549e+00
2.796513289511289102e+01,1.556099735477341595e+00
2.798513861103172573e+01,3.091208572261555432e+00
2.800514432695055689e+01,1.931483245108041480e+00
2.802515004286939160e+01,2.912981097720381829e+00
2.804515575878822631e+01,2.732785013401694663e+00
2.806516147470706102e+01,3.171090939611930448e+00
2.808516719062589573e+01,2.971706254773882172e+00
2.810517290654472689e+01,1.495897169530620463e+00
2.812517862246356160e+01,1.879081190434582993e+00
2.814518433838239631e+01,2.608799353050848424e+00
2.816519005430123102e+01,1.638159727445227976e+00
2.818519577022006217e+01,2.033825229711132110e+00
2.820520148613889688e+01,3.145730757280849499e+00
2.822520720205773159e+01,1.447818479082087828e+00
2.824521291797656630e+01,3.107343935003639590e+00
2.826521863389540101e+01,1.712573721055012488e+00
2.828522434981423217e+01,2.410512018682237745e+00
2.830523006573306688e+01,2.298780476913494741e+00
2.832523578165190159e+01,1.626970091209960723e+00
2.834524149757073630e+01,2.692745979956765900e+00
2.836524721348957101e+01,2.054561200380682795e+00
2.838525292940840217e+01,1.844974112528907639e+00
2.840525864532723688e+01,2.274003485728586682e+00
2.842526436124607159e+01,2.898533137527353087e+00
2.844527007716490630e+01,2.229682334025838042e+00
2.846527579308374101e+01,2.044471439168483951e+00
2.848528150900257216e+01,2.575439982267180739e+00
2.850528722492140687e+01,1.931912441571218997e+00
2.852529294084024158e+01,3.074100575717532369e+00
2.854529865675907629e+01,2.213674587554232076e+00
2.856530437267790745e+01,3.503518717726743947e+00
2.858531008859674216e+01,3.173050275325025371e+00
2.860531580451557687e+01,3.067324706106458798e+00
2.862532152043441158e+01,2.637494116516950537e+00
2.864532723635324629e+01,2.095721567961921217e+00
2.866533295227207745e+01,2.329266090557458035e+00
2.868533866819091216e+01,2.305336758285651211e+00
2.870534438410974687e+01,2.592947587783680508e+00
2.872535010002858158e+01,2.391500314853130416e+00
2.874535581594741629e+01,3.534895198432295604e+00
2.876536153186624745e+01,2.842360561716211542e+00
2.878536724778508216e+01,2.669353947649982572e+00
2.880537296370391687e+01,2.936737433039971368e+00
2.882537867962275158e+01,3.522470915673725944e+00
2.884538439554158273e+01,3.931552440111298008e+00
2.886539011146041744e+01,2.897455492679162248e+00
2.888539582737925215e+01,4.230271408878114592e+00
2.890540154329808686e+01,4.508028432446187672e+00
2.892540725921692157e+01,4.549745358078207680e+00
2.894541297513575273e+01,5.542274939033562831e+00
2.896541869105458744e+01,4.377374029295628688e+00
2.898542440697342215e+01,5.214919273586310133e+00
2.900543012289225686e+01,5.142386821953392584e+00
2.902543583881109157e+01,6.561511696092988011e+00
2.904544155472992273e+01,6.938154240800086470e+00
2.906544727064875744e+01,6.878359013857671123e+00
2.908545298656759215e+01,6.931884352256814097e+00
2.910545870248642686e+01,7.888734561167639825e+00
2.912546441840525802e+01,8.430246091760054128e+00
2.914547013432409273e+01,9.697952453940319018e+00
2.916547585024292744e+01,1.091534268672548436e+01
2.918548156616176215e+01,1.125282942670167863e+01
2.920548728208059686e+01,1.241861986714701871e+01
2.922549299799942801e+01,1.200932388893978597e+01
2.924549871391826272e+01,1.441849353407758549e+01
2.926550442983709743e+01,1.463820322053466327e+01
2.928551014575593214e+01,1.626276837683433740e+01
2.930551586167476685e+01,1.746172157279505655e+01
2.932552157759359801e+01,1.813726822636732905e+01
2.934552729351243272e+01,1.908585184875234830e+01
2.936553300943126743e+01,2.243554848775374921e+01
2.938553872535010214e+01,2.270065330940874659e+01
2.940554444126893330e+01,2.542396279798724734e+01
2.942555015718776801e+01,2.777782166705424061e+01
2.944555587310660272e+01,2.907863612281028765e+01
2.946556158902543743e+01,3.031946111240701214e+01
2.948556730494427214e+01,3.358195814098549192e+01
2.950557302086310330e+01,3.559642911208628391e+01
2.952557873678193801e+01,3.771796965815312319e+01
2.954558445270077272e+01,3.980088039867234073e+01
2.956559016861960743e+01,4.391905264785772545e+01
2.958559588453844214e+01,4.655015847532825291e+01
2.960560160045727329e+01,4.975154934924866978e+01
2.962560731637610800e+01,5.204141862882917025e+01
2.964561303229494271e+01,5.361162303685779307e+01
2.966561874821377742e+01,5.665687117190442024e+01
2.968562446413261213e+01,5.957216537666231915e+01
2.970563018005144329e+01,6.139040486776146111e+01
2.972563589597027800e+01,6.361357142106183460e+01
2.974564161188911271e+01,6.612972890956180549e+01
2.976564732780794742e+01,6.645797512257223616e+01
2.978565304372677858e+01,6.827905381212417524e+01
2.980565875964561329e+01,6.845702835636740247e+01
2.982566447556444800e+01,6.839436680234253174e+01
2.984567019148328271e+01,6.846987848528823406e+01
2.986567590740211742e+01,6.970921602422058072e+01
2.988568162332094857e+01,6.783840129928985618e+01
2.990568733923978328e+01,6.921879837659567158e+01
2.992569305515861799e+01,6.887857845467026152e+01
2.994569877107745270e+01,6.889206982106679789e+01
2.996570448699628741e+01,6.872420948711489075e+01
2.998571020291511857e+01,6.957350810947220054e+01
3.000571591883395328e+01,6.855230706971006782e+01
3.002572163475278799e+01,7.004440949356062163e+01
3.004572735067162270e+01,7.022381665289390185e+01
3.006573306659045386e+01,7.057887210145622703e+01
3.008573878250928857e+01,7.180814405133855871e+01
3.010574449842812328e+01,7.268293463518892850e+01
3.012575021434695799e+01,7.051891686403315873e+01
3.014575593026579270e+01,6.938917273926954010e+01
3.016576164618462386e+01,6.826075245217924703e+01
3.018576736210345857e+01,6.521657251281887113e+01
3.020577307802229328e+01,6.249192652103891987e+01
3.022577879394112799e+01,5.801232551709466634e+01
3.024578450985996270e+01,5.354793000864570018e+01
3.026579022577879385e+01,4.832018611551721676e+01
3.028579594169762856e+01,4.466531740646975379e+01
3.030580165761646327e+01,3.902066795649246700e+01
3.032580737353529798e+01,3.444066784013917726e+01
3.034581308945412914e+01,2.921802064420649359e+01
3.036581880537296385e+01,2.537605130752936944e+01
3.038582452129179856e+01,2.016648368708990802e+01
3.040583023721063327e+01,1.704119473705901555e+01
3.042583595312946798e+01,1.456505530062533005e+01
3.044584166904829914e+01,1.289883433669830737e+01
3.046584738496713385e+01,1.071569160595496584e+01
3.048585310088596856e+01,8.117405890221139231e+00
3.050585881680480327e+01,8.059526170476363660e+00
3.052586453272363798e+01,6.466978506070312882e+00
3.054587024864246914e+01,6.133497508007218713e+00
3.056587596456130385e+01,5.745996869772262983e+00
3.058588168048013856e+01,5.613912576722221992e+00
3.060588739639897327e+01,4.150467109755188844e+00
3.062589311231780798e+01,4.012762878420328860e+00
3.064589882823663913e+01,3.994986758255646198e+00
3.066590454415547384e+01,4.528956749679016625e+00
3.068591026007430855e+01,2.813301386652003799e+00
3.070591597599314326e+01,2.668222639819095576e+00
3.072592169191197442e+01,4.345486075470352816e+00
3.074592740783080913e+01,3.079546347287228869e+00
3.076593312374964384e+01,3.791464111763701350e+00
3.078593883966847855e+01,3.684490800991348625e+00
3.080594455558731326e+01,2.255273641333222834e+00
3.082595027150614442e+01,3.723891992736380718e+00
3.084595598742497913e+01,3.658291806232067067e+00
3.086596170334381384e+01,3.127416877587867461e+00
3.088596741926264855e+01,2.481818774614917178e+00
3.090597313518148326e+01,2.431853723429867831e+00
3.092597885110031442e+01,2.662002568511671274e+00
3.094598456701914913e+01,3.619013350848872435e+00
3.096599028293798384e+01,2.817684929807113825e+00
3.098599599885681855e+01,3.123743232944452775e+00
3.100600171477564970e+01,2.880238290560779735e+00
3.102600743069448441e+01,3.458721399223223081e+00
3.104601314661331912e+01,2.812548090697930103e+00
3.106601886253215383e+01,2.633864598809897206e+00
3.108602457845098854e+01,2.033893877537726436e+00
3.110603029436981970e+01,2.101639282547860255e+00
3.112603601028865441e+01,3.107373023611634366e+00
3.114604172620748912e+01,2.122069122769936200e+00
3.116604744212632383e+01,2.755766563987899431e+00
3.118605315804515854e+01,2.300231489568130172e+00
3.120605887396398970e+01,2.459520937666371587e+00
3.122606458988282441e+01,1.748614035099515629e+00
3.124607030580165912e+01,3.174100048705644550e+00
3.126607602172049383e+01,2.136885739307226917e+00
3.128608173763932498e+01,2.536692987823064183e+00
3.130608745355815969e+01,2.879569515416449565e+00
3.132609316947699440e+01,2.886011345446682697e+00
3.134609888539582911e+01,2.325599766846605743e+00
3.136610460131466382e+01,2.112048994112762035e+00
3.138611031723349498e+01,1.704679087810090587e+00
3.140611603315232969e+01,1.625483614601834548e+00
3.142612174907116440e+01,1.843051402894404278e+00
3.144612746498999911e+01,2.437014186542043603e+00
3.146613318090883382e+01,1.895577431436122229e+00
3.148613889682766498e+01,1.821743965253615816e+00
3.150614461274649969e+01,3.046562377931494758e+00
3.152615032866533440e+01,2.559300835298306875e+00
3.154615604458416911e+01,1.734609770358933378e+00
3.156616176050300382e+01,2.416953726958600335e+00
3.158616747642183498e+01,2.033522427567097335e+00
3.160617319234066969e+01,1.875209350240886197e+00
3.162617890825950440e+01,1.963000136071204826e+00
3.164618462417833911e+01,2.313858596064546358e+00
3.166619034009717026e+01,2.656856312496521433e+00
3.168619605601600497e+01,1.257671287082810174e+00
3.170620177193483968e+01,2.736533234795627045e+00
3.172620748785367439e+01,1.529146080701698107e+00
3.174621320377250910e+01,2.300720851982442028e+00
3.176621891969134026e+01,2.471249393710828635e+00
3.178622463561017497e+01,2.639050510709814557e+00
3.180623035152900968e+01,2.635521742024522496e+00
3.182623606744784439e+01,1.270531323395219570e+00
3.184624178336667910e+01,2.211796246819421441e+00
3.186624749928551026e+01,1.365783354486191481e+00
3.188625321520434497e+01,1.972624919391998244e+00
3.190625893112317968e+01,2.765504050960827964e+00
3.192626464704201439e+01,1.470340506228344113e+00
3.194627036296084555e+01,1.697551991258283488e+00
3.196627607887968026e+01,2.612732842600412386e+00
3.198628179479851497e+01,2.153517905853474801e+00
3.200628751071734968e+01,2.114408944128132628e+00
3.202629322663618439e+01,1.452576158146182905e+00
3.204629894255501199e+01,1.531823454122295258e+00
3.206630465847385381e+01,1.438272159352043333e+00
3.208631037439268141e+01,1.406856085284449387e+00
3.210631609031152323e+01,3.199715326558409956e+00
3.212632180623035083e+01,1.922072282782699038e+00
3.214632752214918554e+01,1.304735226772102852e+00
3.216633323806802025e+01,2.041263556195047180e+00
3.218633895398685496e+01,2.108164650058499401e+00
3.220634466990568967e+01,2.028933433357853922e+00
3.222635038582451728e+01,1.466991173836622586e+00
3.224635610174335909e+01,3.037279606014743560e+00
3.226636181766218670e+01,1.658306548340960695e+00
3.228636753358102851e+01,1.766016429653798125e+00
3.230637324949985612e+01,3.214942797940971708e+00
3.232637896541869083e+01,2.892457883200176383e+00
3.234638468133752554e+01,2.442827008043260140e+00
3.236639039725636025e+01,2.255350867784668090e+00
3.238639611317519496e+01,3.312520564855069072e+00
3.240640182909402967e+01,1.437181690454480965e+00
3.242640754501286438e+01,2.020684590372869849e+00
3.244641326093169198e+01,2.109408237770501682e+00
3.246641897685053380e+01,2.541100597090314661e+00
3.248642469276936140e+01,2.633655546265738501e+00
3.250643040868819611e+01,1.992648682407387239e+00
3.252643612460703082e+01,2.566254391721799699e+00
3.254644184052586553e+01,1.520617092952592175e+00
3.256644755644470024e+01,1.652663358798661219e+00
3.258645327236353495e+01,2.617172386972703269e+00
3.260645898828236966e+01,2.634153534700385269e+00
3.262646470420119726e+01,3.336839320322827263e+00
3.264647042012003908e+01,1.890170650897610383e+00
3.266647613603886668e+01,3.609193018175931300e+00
3.268648185195770850e+01,2.713857902309418257e+00
3.270648756787653610e+01,1.857648706758596502e+00
3.272649328379537081e+01,3.768988896997888194e+00
3.274649899971420552e+01,3.756590292356678962e+00
3.276650471563304023e+01,3.292897845521012723e+00
3.278651043155187494e+01,3.079421287919363870e+00
3.280651614747070255e+01,3.925902201369918298e+00
3.282652186338954436e+01,4.181203648859676214e+00
3.284652757930837197e+01,3.020850057416368806e+00
3.286653329522721378e+01,4.659653382283950762e+00
3.288653901114604139e+01,3.134149865825583081e+00
3.290654472706487610e+01,3.540013618620847513e+00
3.292655044298371081e+01,3.960017688829209348e+00
3.294655615890254552e+01,4.440509563582689445e+00
3.296656187482138023e+01,6.350877876062087424e+00
3.298656759074020783e+01,6.447851858765492494e+00
3.300657330665904965e+01,5.652246141795190582e+00
3.302657902257787725e+01,6.173768424093594831e+00
3.304658473849671907e+01,7.765730431071537154e+00
3.306659045441554667e+01,8.301165808660419643e+00
3.308659617033438138e+01,9.324423906301051446e+00
3.310660188625321609e+01,9.329497146547305775e+00
3.312660760217205080e+01,1.085944021931552328e+01
3.314661331809088551e+01,1.250812427485383793e+01
3.316661903400971312e+01,1.380057120922099401e+01
3.318662474992855493e+01,1.486959298499301418e+01
3.320663046584738254e+01,1.463513739065500197e+01
3.322663618176622435e+01,1.754036891643958285e+01
3.324664189768505196e+01,1.782589337153187259e+01
3.326664761360388667e+01,1.927677752332103367e+01
3.328665332952272138e+01,2.132968683455234071e+01
3.330665904544155609e+01,2.363124806861470617e+01
3.332666476136039080e+01,2.571998768227329535e+01
3.334667047727922551e+01,2.787917359824491470e+01
3.336667619319806022e+01,2.976923172113099625e+01
3.338668190911688782e+01,3.138947504291335378e+01
3.340668762503572964e+01,3.546508318186149467e+01
3.342669334095455724e+01,3.775692247552616720e+01
3.344669905687339195e+01,3.922966660288072660e+01
3.346670477279222666e+01,4.328882905987879326e+01
3.348671048871106137e+01,4.571417883102387947e+01
3.350671620462989608e+01,4.906638480652745926e+01
3.352672192054873079e+01,5.256171003562293720e+01
3.354672763646756550e+01,5.513476832785436699e+01
3.356673335238639311e+01,5.954304861253643821e+01
3.358673906830523492e+01,6.246230856933147635e+01
3.360674478422406253e+01,6.410766239105356590e+01
3.362675050014290434e+01,6.593683637290921240e+01
3.364675621606173195e+01,6.882200630309704081e+01
3.366676193198056666e+01,7.082891420635689883e+01
3.368676764789940137e+01,7.075081891809794854e+01
3.370677336381823608e+01,6.985657769052039612e+01
3.372677907973707079e+01,7.004017983546359005e+01
3.374678479565589839e+01,6.906855987185318213e+01
3.376679051157474021e+01,6.646289725281714311e+01
3.378679622749356781e+01,6.373867894293271519e+01
3.380680194341240963e+01,5.947378371851848300e+01
3.382680765933123723e+01,5.599156782971937218e+01
3.384681337525007194e+01,5.255036703434087286e+01
3.386681909116890665e+01,4.969481543736303308e+01
3.388682480708774136e+01,4.688703896370511615e+01
3.390683052300657607e+01,4.571290663852946778e+01
3.392683623892540368e+01,4.244843127966768037e+01
3.394684195484424549e+01,4.178649685326224983e+01
3.396684767076307310e+01,4.198105219987163395e+01
3.398685338668191491e+01,4.117212594946596482e+01
3.400685910260074252e+01,4.382378896902081067e+01
3.402686481851957723e+01,4.452457063882806665e+01
3.404687053443841194e+01,4.766515931659510130e+01
3.406687625035724665e+01,4.951672974830560747e+01
3.408688196627608136e+01,5.227030868496423466e+01
3.410688768219490896e+01,5.632216925224672366e+01
3.412689339811375078e+01,5.928316948312065193e+01
3.414689911403257838e+01,6.401595122366916257e+01
3.416690482995142020e+01,6.754104111280257428e+01
3.418691054587024780e+01,7.166538616427642694e+01
3.420691626178908251e+01,7.665087916105626675e+01
3.422692197770791722e+01,8.146651139890053628e+01
3.424692769362675193e+01,8.548068489130774594e+01
3.426693340954558664e+01,8.768757885897908011e+01
3.428693912546442135e+01,9.251100992740222750e+01
3.430694484138325606e+01,9.494320683783318771e+01
3.432695055730208367e+01,9.679937187695932721e+01
3.434695627322092548e+01,9.856136357546486693e+01
3.436696198913975309e+01,9.857450529775171333e+01
3.438696770505858780e+01,9.966022610017184036e+01
3.440697342097742251e+01,9.839519027851748945e+01
3.442697913689625722e+01,9.848313072487117381e+01
3.444698485281509193e+01,9.718732129569467304e+01
3.446699056873392664e+01,9.661548507217358406e+01
3.448699628465276135e+01,9.626054651558882824e+01
3.450700200057158895e+01,9.562681497015556431e+01
3.452700771649043077e+01,9.654538395171228160e+01
3.454701343240925837e+01,9.629686775964789547e+01
3.456701914832810019e+01,9.593729592685562579e+01
3.458702486424692779e+01,9.650631804536668312e+01
3.460703058016576250e+01,9.598421284824833322e+01
3.462703629608459721e+01,9.700352656636324866e+01
3.464704201200343192e+01,9.521965316350578235e+01
3.466704772792226663e+01,9.437021651984714765e+01
3.468705344384109424e+01,9.059983252337981696e+01
3.470705915975993605e+01,8.797090184102279409e+01
3.472706487567876366e+01,8.242354205370358500e+01
3.474707059159760547e+01,7.777721221746142533e+01
3.476707630751643308e+01,7.237312640541496478e+01
3.478708202343526779e+01,6.539655990309320543e+01
3.480708773935410250e+01,5.916281025260725812e+01
3.482709345527293721e+01,5.467685151752056072e+01
3.484709917119177192e+01,4.871929669855580158e+01
3.486710488711059952e+01,4.381165715246997650e+01
3.488711060302944134e+01,3.765637351047488579e+01
3.490711631894826894e+01,3.457629951380177857e+01
3.492712203486711076e+01,3.128480817164095740e+01
3.494712775078593836e+01,2.835172662978220970e+01
3.496713346670477307e+01,2.458025295957815004e+01
3.498713918262360778e+01,2.307910470579322393e+01
3.500714489854244249e+01,2.178848362662204607e+01
3.502715061446127720e+01,2.004401115376159481e+01
3.504715633038010481e+01,2.058435205885341190e+01
3.506716204629894662e+01,1.780750661502140275e+01
3.508716776221777423e+01,1.686738666425463151e+01
3.510717347813661604e+01,1.652478251707563928e+01
3.512717919405544365e+01,1.587434907271967610e+01
3.514718490997427836e+01,1.476518489868115402e+01
3.516719062589311307e+01,1.356435285416934633e+01
3.518719634181194778e+01,1.248973941613691352e+01
3.520720205773078249e+01,1.115681888467384830e+01
3.522720777364961720e+01,1.068641047039562686e+01
3.524721348956845191e+01,7.921514996274969356e+00
3.526721920548727951e+01,7.344732822222439950e+00
3.528722492140612133e+01,7.216536328953552903e+00
3.530723063732494893e+01,5.715479945720869814e+00
3.532723635324378364e+01,5.687688872597767897e+00
3.534724206916261835e+01,5.315582784118894288e+00
3.536724778508145306e+01,4.091530070994460644e+00
3.538725350100028777e+01,5.119370847976057348e+00
3.540725921691912248e+01,3.015208584883802612e+00
3.542726493283795719e+01,3.192545018868812701e+00
3.544727064875678479e+01,2.717284179586883841e+00
3.546727636467562661e+01,2.570618299317365629e+00
3.548728208059445421e+01,2.175707625108162624e+00
3.550728779651329603e+01,2.815595971718367618e+00
3.552729351243212363e+01,3.875171360080577276e+00
3.554729922835095834e+01,2.393316611781446834e+00
3.556730494426979305e+01,2.716043411942428598e+00
3.558731066018862776e+01,2.161532196797508742e+00
3.560731637610746247e+01,1.827579736046478054e+00
3.562732209202629008e+01,1.709220373101596024e+00
3.564732780794513189e+01,3.024629955015277094e+00
3.566733352386395950e+01,2.890172278180581866e+00
3.568733923978280131e+01,2.910783192838831468e+00
3.570734495570162892e+01,2.825517126514998090e+00
3.572735067162046363e+01,2.945440650802891636e+00
3.574735638753929834e+01,2.032867859243129072e+00
3.576736210345813305e+01,2.919486783001805197e+00
3.578736781937696776e+01,1.754088901148528556e+00
3.580737353529579536e+01,2.811352916352628739e+00
3.582737925121463718e+01,1.297448033618693097e+00
3.584738496713346478e+01,3.026816850101560874e+00
3.586739068305230660e+01,1.658163421491021916e+00
3.588739639897113420e+01,1.541878831711065434e+00
3.590740211488996891e+01,2.019015083927133691e+00
3.592740783080880362e+01,2.300383296022954660e+00
3.594741354672763833e+01,2.106511892552748400e+00
3.596741926264647304e+01,1.479455168760414496e+00
3.598742497856530065e+01,1.786222329669867825e+00
3.600743069448414246e+01,1.809721052748774817e+00
3.602743641040297007e+01,2.319395203140613759e+00
3.604744212632181188e+01,2.374641170600533258e+00
3.606744784224063949e+01,1.597217466908779082e+00
3.608745355815947420e+01,2.059583449799060606e+00
3.610745927407830891e+01,2.234082264693259212e+00
3.612746498999714362e+01,1.465894442569370959e+00
3.614747070591597833e+01,1.531923842192047358e+00
3.616747642183481304e+01,1.248092595520213344e+00
3.618748213775364775e+01,1.886300437221579474e+00
3.620748785367247535e+01,1.708211104957263471e+00
3.622749356959131717e+01,1.710178300784318095e+00
3.624749928551014477e+01,1.768043455621736815e+00
3.626750500142897948e+01,1.792861109699182665e+00
3.628751071734781419e+01,9.567597077194631705e-01
3.630751643326664890e+01,1.648329246923532221e+00
3.632752214918548361e+01,1.266639027677285423e+00
3.634752786510431832e+01,2.383215638429637462e+00
3.636753358102315303e+01,2.632256880085823258e+00
3.638753929694198064e+01,1.897245002153923776e+00
3.640754501286082245e+01,2.818791281319754205e+00
3.642755072877965006e+01,1.683785505236124580e+00
3.644755644469849187e+01,1.117446220690835101e+00
3.646756216061731948e+01,1.089669228252048594e+00
3.648756787653615419e+01,1.536575661426617057e+00
3.650757359245498890e+01,1.224666458283962145e+00
3.652757930837382361e+01,1.651990299603090184e+00
3.654758502429265832e+01,2.426709875449466480e+00
3.656759074021148592e+01,1.825436367695896012e+00
3.658759645613032774e+01,1.419382207761942238e+00
3.660760217204915534e+01,2.660311581232235767e+00
3.662760788796799716e+01,1.232220252430571650e+00
3.664761360388682476e+01,2.680165161487400471e+00
3.666761931980565947e+01,9.031226781487786681e-01
3.668762503572449418e+01,8.745169151521321460e-01
3.670763075164332889e+01,1.404711770502793611e+00
3.672763646756216360e+01,2.524018711417747252e+00
3.674764218348099121e+01,1.851214544821707442e+00
3.676764789939983302e+01,2.579991318908916753e+00
3.678765361531866063e+01,1.075284788832295391e+00
3.680765933123750244e+01,2.445218098797474759e+00
3.682766504715633005e+01,1.421636296416842304e+00
3.684767076307516476e+01,1.602850300594608646e+00
3.686767647899399947e+01,9.079797073342600333e-01
3.688768219491283418e+01,2.755818364128826303e+00
3.690768791083166889e+01,1.656508882392937476e+00
3.692769362675049649e+01,1.465881982188310895e+00
3.694769934266933831e+01,1.411002701848121044e+00
3.696770505858816591e+01,1.500289871179014245e+00
3.698771077450700773e+01,1.225441417222674634e+00
3.700771649042583533e+01,1.641986564347045929e+00
3.702772220634467004e+01,9.894384840434269357e-01
3.704772792226350475e+01,1.469888767166209309e+00
3.706773363818233946e+01,2.544228702787136420e+00
3.708773935410117417e+01,1.293885901792938053e+00
3.710774507002000888e+01,1.502725831600599804e+00
3.712775078593884359e+01,2.193547039196385828e+00
3.714775650185767120e+01,2.116844008475355032e+00
3.716776221777651301e+01,1.803463074281547174e+00
3.718776793369534062e+01,2.084142659429886635e+00
3.720777364961417533e+01,1.551115644142114558e+00
3.722777936553301004e+01,2.018223994365862417e+00
3.724778508145184475e+01,1.136625392730384432e+00
3.726779079737067946e+01,1.864781704613636348e+00
3.728779651328951417e+01,2.748013871424811239e+00
3.730780222920834888e+01,2.251587736086908986e+00
3.732780794512717648e+01,2.810785735487527415e+00
3.734781366104601830e+01,2.976657037799204986e+00
3.736781937696484590e+01,2.396554516990421657e+00
3.738782509288368772e+01,2.599790278772212471e+00
3.740783080880251532e+01,3.113403170293752353e+00
3.742783652472135003e+01,3.398365437807230105e+00
3.744784224064018474e+01,3.145534657394149836e+00
3.746784795655901945e+01,3.859638623995968132e+00
3.748785367247785416e+01,3.060841065039298758e+00
3.750785938839668177e+01,3.972964032817413838e+00
3.752786510431552358e+01,3.857400276194732136e+00
3.754787082023435119e+01,5.044733963146048161e+00
3.756787653615319300e+01,3.981110343338268631e+00
3.758788225207202061e+01,6.202544473008869907e+00
3.760788796799085532e+01,5.110451846983749213e+00
3.762789368390969003e+01,7.206935667910702392e+00
3.764789939982852474e+01,6.643675726635007273e+00
3.766790511574735945e+01,7.350202636111633048e+00
3.768791083166618705e+01,9.259755501155805035e+00
3.770791654758502887e+01,9.931328322316408830e+00
3.772792226350385647e+01,1.123147611044740124e+01
3.774792797942269829e+01,1.216138032103788902e+01
3.776793369534152589e+01,1.194826812237446667e+01
3.778793941126036060e+01,1.339812165497099095e+01
3.780794512717919531e+01,1.409864568091868975e+01
3.782795084309803002e+01,1.600101185166490225e+01
3.784795655901686473e+01,1.694876593636835338e+01
3.786796227493569234e+01,1.848912950702395008e+01
3.788796799085453415e+01,1.997148218802891506e+01
3.790797370677336176e+01,2.208188227113853230e+01
3.792797942269220357e+01,2.304590063471289341e+01
3.794798513861103118e+01,2.478969622185953270e+01
3.796799085452986589e+01,2.757316959074270812e+01
3.798799657044870060e+01,2.963505195301217299e+01
3.800800228636753531e+01,3.038246367134848924e+01
3.802800800228637002e+01,3.211054388405141680e+01
3.804801371820520473e+01,3.311095159449307346e+01
3.806801943412403944e+01,3.447999100544384277e+01
3.808802515004286704e+01,3.624474725970911493e+01
3.810803086596170886e+01,3.533334435141585317e+01
3.812803658188053646e+01,3.550415693346095480e+01
3.814804229779937117e+01,3.674754769351616090e+01
3.816804801371820588e+01,3.556331930945686537e+01
3.818805372963704059e+01,3.489690459856336702e+01
3.820805944555587530e+01,3.297516648044951637e+01
3.822806516147471001e+01,3.152910963456980653e+01
3.824807087739354472e+01,2.947045470453275584e+01
3.826807659331237232e+01,2.872228223095915567e+01
3.828808230923121414e+01,2.548985025674967275e+01
3.830808802515004174e+01,2.354058392440687086e+01
3.832809374106888356e+01,2.224231256718920946e+01
3.834809945698771116e+01,1.997815600918174539e+01
3.836810517290654587e+01,2.033260981130260348e+01
3.838811088882538058e+01,1.931495855272934747e+01
3.840811660474421529e+01,1.835429582512720970e+01
3.842812232066305000e+01,1.666329872010890867e+01
3.844812803658187761e+01,1.840021884412359654e+01
3.846813375250071942e+01,1.803856401276335930e+01
3.848813946841954703e+01,1.732488179547634388e+01
3.850814518433838884e+01,1.805143767084252104e+01
3.852815090025721645e+01,1.896981088857337028e+01
3.854815661617605116e+01,1.985631446650563703e+01
3.856816233209488587e+01,2.078239276100435617e+01
3.858816804801372058e+01,2.286476121762880709e+01
3.860817376393255529e+01,2.389050757828091420e+01
3.862817947985138289e+01,2.456593148164484219e+01
3.864818519577022471e+01,2.683956119861245071e+01
3.866819091168905231e+01,2.608703018098253779e+01
3.868819662760789413e+01,2.786918663926831385e+01
3.870820234352672173e+01,2.727550114917083590e+01
3.872820805944555644e+01,2.728396660696402165e+01
3.874821377536439115e+01,2.666802742040767171e+01
3.876821949128322586e+01,2.558870200089835478e+01
3.878822520720206057e+01,2.518050136646979453e+01
3.880823092312088818e+01,2.337153963256171707e+01
3.882823663903972999e+01,2.052983501719237580e+01
3.884824235495855760e+01,1.950202817983813119e+01
3.886824807087739941e+01,1.707680212969510691e+01
3.888825378679622702e+01,1.510768091532077229e+01
3.890825950271506173e+01,1.231946734314162839e+01
3.892826521863389644e+01,1.055675170284280995e+01
3.894827093455273115e+01,1.053011160587719175e+01
3.896827665047156586e+01,8.149812879083359718e+00
3.898828236639040057e+01,7.472732277805553380e+00
3.900828808230923528e+01,5.250870681025122444e+00
3.902829379822806288e+01,4.778937456627893710e+00
3.904829951414690470e+01,4.797421906483948284e+00
3.906830523006573230e+01,3.083332133227600469e+00
3.908831094598456701e+01,4.186770841430281109e+00
3.910831666190340172e+01,3.567566601213778110e+00
3.912832237782223643e+01,3.535838293454504733e+00
3.914832809374107114e+01,2.714201377265164528e+00
3.916833380965990585e+01,3.339860161569407015e+00
3.918833952557874056e+01,1.929495246861122393e+00
3.920834524149756817e+01,2.220539075559651021e+00
3.922835095741640998e+01,2.561544760135533227e+00
3.924835667333523759e+01,2.059080873361402997e+00
3.926836238925407940e+01,2.544070642402123994e+00
3.928836810517290701e+01,2.492531198051120001e+00
3.930837382109174172e+01,1.550508097766176485e+00
3.932837953701057643e+01,2.298398231867557318e+00
3.934838525292941114e+01,2.446925562093636763e+00
3.936839096884824585e+01,2.480058197365247352e+00
3.938839668476707345e+01,1.801027401059615674e+00
3.940840240068591527e+01,1.821801804989795270e+00
3.942840811660474287e+01,2.046877152380551124e+00
3.944841383252358469e+01,8.375579569136700764e-01
3.946841954844241229e+01,9.335712051366540365e-01
3.948842526436124700e+01,2.654168312592396717e+00
3.950843098028008171e+01,1.030936027959711065e+00
3.952843669619891642e+01,9.507402636211892411e-01
3.954844241211775113e+01,9.933198007093213544e-01
3.956844812803657874e+01,2.539213406657907957e+00
3.958845384395542055e+01,1.095478223713477250e+00
3.960845955987424816e+01,2.133374108184880491e+00
3.962846527579308997e+01,7.056099284864590926e-01
3.964847099171191758e+01,2.271470074933726657e+00
3.966847670763075229e+01,2.343490498081651108e+00
3.968848242354958700e+01,1.563009866375521417e+00
3.970848813946842171e+01,1.590801370081806443e+00
3.972849385538725642e+01,1.650933830534690783e+00
3.974849957130608402e+01,1.171837268470405924e+00
3.976850528722492584e+01,1.731627749413569228e+00
3.978851100314375344e+01,1.405974830969457967e+00
3.980851671906259526e+01,2.353570344964705185e+00
3.982852243498142286e+01,1.907524168756112637e+00
3.984852815090025757e+01,6.519158112481543421e-01
3.986853386681909228e+01,1.840950099004755591e+00
3.988853958273792699e+01,1.497046144844464077e+00
3.990854529865676170e+01,1.472886079653627389e+00
3.992855101457559641e+01,2.281696604387455363e+00
3.994855673049443112e+01,1.455023677205319110e+00
3.996856244641325873e+01,1.024456181120808829e+00
3.998856816233210054e+01,1.388037262172881814e+00
4.000857387825092815e+01,1.082006848515543851e+00
4.002857959416976286e+01,1.609950252260664572e+00
4.004858531008859757e+01,1.777752364713073074e+00
4.006859102600743228e+01,1.526199484093848202e+00
4.008859674192626699e+01,7.615690462019504281e-01
4.010860245784510170e+01,9.124755133171258414e-01
4.012860817376393641e+01,4.953769912007725540e-01
4.014861388968276401e+01,1.184611707484972021e+00
4.016861960560160583e+01,9.581563784553593921e-01
4.018862532152043343e+01,4.774809096877639658e-01
4.020863103743927525e+01,1.155020253562880406e+00
4.022863675335810285e+01,5.090196861065464651e-01
4.024864246927693756e+01,1.649093532168365073e+00
4.026864818519577227e+01,5.327479371172911815e-01
4.028865390111460698e+01,1.244242850252816890e+00
4.030865961703344169e+01,5.725079604399092581e-01
4.032866533295226930e+01,7.040713996957237431e-01
4.034867104887111111e+01,2.003410220070203085e+00
4.036867676478993872e+01,1.059548579296419879e+00
4.038868248070878053e+01,2.049221031350537015e+00
4.040868819662760814e+01,1.790074763681920311e+00
4.042869391254644285e+01,1.353076209245079431e+00
4.044869962846527756e+01,6.377699716191633783e-01
4.046870534438411227e+01,1.293777686023566575e+00
4.048871106030294698e+01,1.019373943484908729e+00
4.050871677622177458e+01,1.713517517908063503e+00
4.052872249214061640e+01,1.363226981167747542e+00
4.054872820805944400e+01,1.079200035755690124e+00
4.056873392397828582e+01,1.552607475810759086e+00
4.058873963989711342e+01,8.066073558903629204e-01
4.060874535581594813e+01,1.006018089522804138e+00
4.062875107173478284e+01,1.889933371434272313e+00
4.064875678765361755e+01,1.970573006039827879e+00
4.066876250357245226e+01,9.269816903674062969e-01
4.068876821949127986e+01,2.047887457908328823e+00
4.070877393541012168e+01,1.136430086331136735e+00
4.072877965132894929e+01,1.104448190237995675e+00
4.074878536724779110e+01,1.195070662880617363e+00
4.076879108316661871e+01,4.231128627993583358e-01
4.078879679908545342e+01,9.008885154826425934e-01
4.080880251500428813e+01,1.022461444409636711e+00
4.082880823092312284e+01,7.579026590058404178e-01
4.084881394684195755e+01,2.135985733931226260e+00
4.086881966276079226e+01,1.175271563189621782e+00
4.088882537867962697e+01,2.184900874306995533e+00
4.090883109459845457e+01,1.142895200937643185e+00
4.092883681051729639e+01,3.848757990709663623e-01
4.094884252643612399e+01,6.629202374506530937e-01
4.096884824235495870e+01,8.605048727680441045e-01
4.098885395827379341e+01,6.548870344725703507e-01
4.100885967419262812e+01,4.499841338507630240e-01
4.102886539011146283e+01,2.144960591759733415e+00
4.104887110603029754e+01,1.759696677006810761e+00
4.106887682194913225e+01,1.031198475244316404e+00
4.108888253786795985e+01,1.163597718592339625e+00
4.110888825378680167e+01,1.772897981643657417e+00
4.112889396970562927e+01,1.214038939644128900e+00
4.114889968562447109e+01,1.162871699265889625e+00
4.116890540154329869e+01,2.289054127184636300e+00
4.118891111746213340e+01,1.995114574501118732e+00
4.120891683338096811e+01,1.258866230011666421e+00
4.122892254929980282e+01,1.225151599621388643e+00
4.124892826521863753e+01,1.812279374870181758e+00
4.126893398113746514e+01,2.094391062371089962e+00
4.128893969705630695e+01,9.167329691431845839e-01
4.130894541297513456e+01,1.110130905715760008e+00
4.132895112889397637e+01,1.161159610415139154e+00
4.134895684481280398e+01,1.000623833825933007e+00
4.136896256073163869e+01,8.293536098574738613e-01
4.138896827665047340e+01,2.049467449737067515e+00
4.140897399256930811e+01,3.481415146083422507e-01
4.142897970848814282e+01,1.599475159217056186e+00
4.144898542440697042e+01,2.050767171953862711e+00
4.146899114032581224e+01,1.261699622603652315e+00
4.148899685624463984e+01,1.192170680039287278e+00
4.150900257216348166e+01,1.762741923415921175e+00
4.152900828808230926e+01,1.841396797045244504e+00
4.154901400400114397e+01,6.048874137374671278e-01
4.156901971991997868e+01,9.810126398217118293e-01
4.158902543583881339e+01,4.351106984817733059e-01
4.160903115175764810e+01,9.950505208121726008e-01
4.162903686767647571e+01,1.662642814460883578e+00
4.164904258359531752e+01,5.996329680284832042e-01
4.166904829951414513e+01,1.171535367380595716e+00
4.168905401543298694e+01,9.466525317877368950e-01
4.170905973135181455e+01,1.171494017667700005e+00
4.172906544727064926e+01,1.316620543787620390e+00
4.174907116318948397e+01,1.864968048723197880e+00
4.176907687910831868e+01,1.542348650063626092e+00
4.178908259502715339e+01,1.820359639832374032e+00
4.180908831094598810e+01,1.070738728032119891e+00
4.182909402686482281e+01,1.985130479716412433e+00
4.184909974278365041e+01,2.106353864671206999e+00
4.186910545870249223e+01,2.143825324331358750e+00
4.188911117462131983e+01,1.581835019313205581e+00
4.190911689054015454e+01,1.886664559132114505e+00
4.192912260645898925e+01,1.097085337111467718e+00
4.194912832237782396e+01,5.999465855369674472e-01
4.196913403829665867e+01,1.370368747455942060e+00
4.198913975421549338e+01,2.241995906329585786e+00
4.200914547013432809e+01,2.150893919291122280e+00
4.202915118605316280e+01,1.164572470318551600e+00
4.204915690197199041e+01,1.995224243751862359e+00
4.206916261789082512e+01,1.871656717823225069e+00
4.208916833380965983e+01,1.120370905764540570e+00
4.210917404972849454e+01,6.440578506523887414e-01
4.212917976564732925e+01,7.577115518115208337e-01
4.214918548156616396e+01,7.097143587461587355e-01
4.216919119748499867e+01,9.740022417038685099e-01
4.218919691340383338e+01,1.258317135757595739e+00
4.220920262932266809e+01,8.614275091168659415e-01
4.222920834524150280e+01,1.904981896189726465e+00
4.224921406116033040e+01,6.265334739326717806e-01
4.226921977707916511e+01,1.701135070861376386e+00
4.228922549299799982e+01,1.534923616763337995e+00
4.230923120891683453e+01,1.128619538351824936e+00
4.232923692483566924e+01,1.449253375361575280e+00
4.234924264075450395e+01,1.677195115155625249e+00
4.236924835667333866e+01,1.117297067637863073e+00
4.238925407259217337e+01,1.291824966716762058e+00
4.240925978851100808e+01,2.016462762957309085e+00
4.242926550442983569e+01,8.834653547321048572e-01
4.244927122034867040e+01,1.675528843267115597e+00
4.246927693626750511e+01,3.857215644734377502e-01
4.248928265218633982e+01,6.208156920946985569e-01
4.250928836810517453e+01,1.967548265190571577e+00
4.252929408402400924e+01,1.994697558104400414e+00
4.254929979994284395e+01,3.606094587044754163e-01
4.256930551586167866e+01,1.310499342195583949e+00
4.258931123178051337e+01,2.086687530497256304e+00
4.260931694769934097e+01,1.710465512691815348e+00
4.262932266361817568e+01,1.787376773800675389e+00
4.264932837953701039e+01,9.109107238673637141e-01
4.266933409545584510e+01,8.347522406130123418e-01
4.268933981137467981e+01,2.047520846349960788e+00
4.270934552729351452e+01,9.854735058275017057e-01
4.272935124321234923e+01,1.237842886236318884e+00
4.274935695913118394e+01,2.051622612904614229e+00
4.276936267505001865e+01,7.555220155078976596e-01
4.278936839096885336e+01,1.751703350177193919e+00
4.280937410688768097e+01,7.387457320376239478e-01
4.282937982280651568e+01,1.564758975732669644e+00
4.284938553872535039e+01,1.231165324517587090e+00
4.286939125464418510e+01,8.170067531191451682e-01
4.288939697056301981e+01,1.664112678582005733e+00
4.290940268648185452e+01,1.627447096053873832e+00
4.292940840240068923e+01,1.678482106014972164e+00
4.294941411831952394e+01,1.244576459833754978e+00
4.296941983423835865e+01,1.917506274740284899e+00
4.298942555015718625e+01,8.328166417523841236e-01
4.300943126607602096e+01,2.164786825840385731e+00
4.302943698199485567e+01,1.395533480075599853e+00
4.304944269791369038e+01,2.234395711974273002e+00
4.306944841383252509e+01,1.689300040464104757e+00
4.308945412975135980e+01,2.103673348665642262e+00
4.310945984567019451e+01,1.619466707534890970e+00
4.312946556158902922e+01,1.967291900474885225e+00
4.314947127750786393e+01,7.757843815638572060e-01
4.316947699342669864e+01,1.072831249553234390e+00
4.318948270934552625e+01,1.894350055485725104e+00
4.320948842526436096e+01,5.009604694110886269e-01
4.322949414118319567e+01,1.512569577395181275e+00
4.324949985710203038e+01,2.178786312758728805e+00
4.326950557302086509e+01,2.126064378241809383e+00
4.328951128893969980e+01,2.090123475795996999e+00
4.330951700485853451e+01,2.110355794395974094e+00
4.332952272077736922e+01,1.627272747566907318e+00
4.334952843669620393e+01,1.951715475458954074e+00
4.336953415261503153e+01,2.201842496182001341e+00
4.338953986853386624e+01,1.997655968288412964e+00
4.340954558445270095e+01,1.913645110718284803e+00
4.342955130037153566e+01,1.313493911187694652e+00
4.344955701629037037e+01,1.370332511543498777e+00
4.346956273220920508e+01,6.728471878040943599e-01
4.348956844812803979e+01,1.639885948083853684e+00
4.350957416404687450e+01,9.915083839844650582e-01
4.352957987996570921e+01,1.529598794886683377e+00
4.354958559588453681e+01,1.110407297103353175e+00
4.356959131180337153e+01,1.993379457737391558e+00
4.358959702772220624e+01,2.143918583755427765e+00
4.360960274364104095e+01,2.015807145895953223e+00
4.362960845955987566e+01,1.610526817106285202e+00
4.364961417547871037e+01,5.295220633996612358e-01
4.366961989139754508e+01,9.957127152638053369e-01
4.368962560731637979e+01,1.114407881539091427e+00
4.370963132323521450e+01,1.334514550283496526e+00
4.372963703915404921e+01,4.250787911817632270e-01
4.374964275507287681e+01,1.137318507118191269e+00
4.376964847099171152e+01,1.901040008545979987e+00
4.378965418691054623e+01,4.943550391448001124e-01
4.380965990282938094e+01,9.818930934300424962e-01
4.382966561874821565e+01,1.955066412442630464e+00
4.384967133466705036e+01,1.077464239132914336e+00
4.386967705058588507e+01,1.681835932785538112e+00
4.388968276650471978e+01,7.990057208802758826e-01
4.390968848242355449e+01,1.443790402978849086e+00
4.392969419834238209e+01,2.043834323920463270e+00
4.394969991426121680e+01,1.336959303406965782e+00
4.396970563018005151e+01,1.006592484988742875e+00
4.398971134609888622e+01,7.052013484446392200e-01
4.400971706201772093e+01,2.022724112827779752e+00
4.402972277793655564e+01,1.304904096001513025e+00
4.404972849385539035e+01,4.297273094200877441e-01
4.406973420977422506e+01,7.367986844024045912e-01
4.408973992569305977e+01,1.142524605423600459e+00
4.410974564161189448e+01,1.397793820215666782e+00
4.412975135753072209e+01,4.843191170448848393e-01
4.414975707344955680e+01,1.974956377656324813e+00
4.416976278936839151e+01,7.672671062846940782e-01
4.418976850528722622e+01,4.740782386126564663e-01
4.420977422120606093e+01,1.487738357985818105e+00
4.422977993712489564e+01,2.161063979766140619e+00
4.424978565304373035e+01,1.278366678297143455e+00
4.426979136896256506e+01,2.236121260620362428e+00
4.428979708488139977e+01,4.572014710828713469e-01
4.430980280080022737e+01,7.770633045927913818e-01
4.432980851671906208e+01,1.828500068250785704e+00
4.434981423263789679e+01,4.382530829851425391e-01
4.436981994855673150e+01,9.383178620840553208e-01
4.438982566447556621e+01,1.039565796549940968e+00
4.440983138039440092e+01,1.633701368024556677e+00
4.442983709631323563e+01,2.340675265749689427e+00
4.444984281223207034e+01,7.037809526339443567e-01
4.446984852815090505e+01,1.240806974561298182e+00
4.448985424406973266e+01,1.921621328453560817e+00
4.450985995998856737e+01,5.644846697111312039e-01
4.452986567590740208e+01,1.678743391425403741e+00
4.454987139182623679e+01,1.008570069817013248e+00
4.456987710774507150e+01,1.056809414467030805e+00
4.458988282366390621e+01,2.346780594948191467e+00
4.460988853958274092e+01,1.296345907838801548e+00
4.462989425550157563e+01,6.895896813548887394e-01
4.464989997142041034e+01,1.473688439521485982e+00
4.466990568733924505e+01,5.682604233626888934e-01
4.468991140325807265e+01,1.019145172307871272e+00
4.470991711917690736e+01,1.859301845669981024e+00
4.472992283509574207e+01,5.718749653897113872e-01
4.474992855101457678e+01,2.091665010676660774e+00
4.476993426693341149e+01,1.608967736065853416e+00
4.478993998285224620e+01,9.173746116161939357e-01
4.480994569877108091e+01,1.805853639567843949e+00
4.482995141468991562e+01,2.487261169613752099e+00
4.484995713060875033e+01,1.447264416144975918e+00
4.486996284652757794e+01,2.356833728888994450e+00
4.488996856244641265e+01,1.154463046355346689e+00
4.490997427836524736e+01,2.119423814515680071e+00
4.492997999428408207e+01,1.517074875460165950e+00
4.494998571020291678e+01,2.375530584530153089e+00
4.496999142612175149e+01,2.006228039332037305e+00
4.498999714204058620e+01,9.633388248258849540e-01
4.501000285795942091e+01,1.608297446313244006e+00
4.503000857387825562e+01,2.680156905557896430e+00
4.505001428979709033e+01,2.241649939935822289e+00
4.507002000571591793e+01,2.305078957497835201e+00
4.509002572163475264e+01,3.081943635592394592e+00
4.511003143755358735e+01,1.920464107731530978e+00
4.513003715347242206e+01,2.034900248429666991e+00
4.515004286939125677e+01,2.439204168881044410e+00
4.517004858531009148e+01,2.086544938414873762e+00
4.519005430122892619e+01,2.658167569242080752e+00
4.521006001714776090e+01,2.908619146911851416e+00
4.523006573306659561e+01,3.239477119233382219e+00
4.525007144898542322e+01,3.542254276128354196e+00
4.527007716490425793e+01,5.732132253487847606e+00
4.529008288082309264e+01,6.386519891896862866e+00
4.531008859674192735e+01,5.807743205260785579e+00
4.533009431266076206e+01,7.482097054947630888e+00
4.535010002857959677e+01,7.611007076012874961e+00
4.537010574449843148e+01,9.184780934128818686e+00
4.539011146041726619e+01,1.033521497950418677e+01
4.541011717633610090e+01,1.089405077593171889e+01
4.543012289225492850e+01,1.236315260483685918e+01
4.545012860817376321e+01,1.470569675567003642e+01
4.547013432409259792e+01,1.665385719703852985e+01
4.549014004001143263e+01,1.750230828848758691e+01
4.551014575593026734e+01,2.048953963885965734e+01
4.553015147184910205e+01,2.138584388335869235e+01
4.555015718776793676e+01,2.359969130081278266e+01
4.557016290368677147e+01,2.610576057211729051e+01
4.559016861960560618e+01,2.765262322511991044e+01
4.561017433552444089e+01,3.137921290160754140e+01
4.563018005144326850e+01,3.258872448894582874e+01
4.565018576736210321e+01,3.530810919894260280e+01
4.567019148328093792e+01,3.673451821229382119e+01
4.569019719919977263e+01,3.782494919949786549e+01
4.571020291511860734e+01,3.934070957491962162e+01
4.573020863103744205e+01,4.056557958100339079e+01
4.575021434695627676e+01,4.216808671620728433e+01
4.577022006287511147e+01,4.342897081801146442e+01
4.579022577879394618e+01,4.374259196069001376e+01
4.581023149471277378e+01,4.394529785671647204e+01
4.583023721063160849e+01,4.331722530444863395e+01
4.585024292655044320e+01,4.272271117613164648e+01
4.587024864246927791e+01,4.161074241721435385e+01
4.589025435838811262e+01,3.958107632238829154e+01
4.591026007430694733e+01,3.773080152692699585e+01
4.593026579022578204e+01,3.507306911327869869e+01
4.595027150614461675e+01,3.296618206320493982e+01
4.597027722206345146e+01,3.084345956670384936e+01
4.599028293798228617e+01,2.776022658988975422e+01
4.601028865390111378e+01,2.496716457498684605e+01
4.603029436981994849e+01,2.276290273595672531e+01
4.605030008573878320e+01,2.146482262484182613e+01
4.607030580165761791e+01,1.855881120503147486e+01
4.609031151757645262e+01,1.659665200091401616e+01
4.611031723349528733e+01,1.610483078795162726e+01
4.613032294941412204e+01,1.514875265730954368e+01
4.615032866533295675e+01,1.396385153862536832e+01
4.617033438125179146e+01,1.418740740076374074e+01
4.619034009717061906e+01,1.431989918865486722e+01
4.621034581308945377e+01,1.541230846826448442e+01
4.623035152900828848e+01,1.481022701410589804e+01
4.625035724492712319e+01,1.405430671775421736e+01
4.627036296084595790e+01,1.539055057209393240e+01
4.629036867676479261e+01,1.516828701902997167e+01
4.631037439268362732e+01,1.417473550245111902e+01
4.633038010860246203e+01,1.445484627571901726e+01
4.635038582452129674e+01,1.431593351232530686e+01
4.637039154044012434e+01,1.398203510454908738e+01
4.639039725635895905e+01,1.359672977330464683e+01
4.641040297227779376e+01,1.182699674075356278e+01
4.643040868819662847e+01,1.157547035296482463e+01
4.645041440411546319e+01,9.959596263380701586e+00
4.647042012003429790e+01,9.654613600794183625e+00
4.649042583595313261e+01,9.238988796415659621e+00
4.651043155187196732e+01,8.150595819120148633e+00
4.653043726779080203e+01,6.575089331817692617e+00
4.655044298370963674e+01,7.805669509579626464e+00
4.657044869962846434e+01,6.051310893263983637e+00
4.659045441554729905e+01,7.333399414294823337e+00
4.661046013146613376e+01,6.097870002774945952e+00
4.663046584738496847e+01,5.817867684835722031e+00
4.665047156330380318e+01,6.243270276880410918e+00
4.667047727922263789e+01,7.228630708932609394e+00
4.669048299514147260e+01,5.783770439301926025e+00
4.671048871106030731e+01,6.165851405884236414e+00
4.673049442697914202e+01,6.727490994145465031e+00
4.675050014289796962e+01,7.794493457967230476e+00
4.677050585881680433e+01,7.807114085913039681e+00
4.679051157473563904e+01,7.047895159940027909e+00
4.681051729065447375e+01,6.247245428726229122e+00
4.683052300657330846e+01,6.837484557116804140e+00
4.685052872249214317e+01,7.100390147548979236e+00
4.687053443841097788e+01,6.737337245984955203e+00
4.689054015432981259e+01,5.958930730986665480e+00
4.691054587024864730e+01,7.049171004394432671e+00
4.693055158616748201e+01,5.508202015819041897e+00
4.695055730208630962e+01,6.219158245621994041e+00
4.697056301800514433e+01,6.509188614786715732e+00
4.699056873392397904e+01,6.167024643758238334e+00
4.701057444984281375e+01,5.461326245514903199e+00
4.703058016576164846e+01,4.065463417694377135e+00
4.705058588168048317e+01,3.481154802277877103e+00
4.707059159759931788e+01,4.363286150372610805e+00
4.709059731351815259e+01,3.682879773609934126e+00
4.711060302943698730e+01,3.312964402926167118e+00
4.713060874535581490e+01,3.350167916337227325e+00
4.715061446127464961e+01,2.413399926127710593e+00
4.717062017719348432e+01,3.342439875542604355e+00
4.719062589311231903e+01,2.248356071555773550e+00
4.721063160903115374e+01,1.709890928524496312e+00
4.723063732494998845e+01,1.126121975803662467e+00
4.725064304086882316e+01,1.611998538311321116e+00
4.727064875678765787e+01,2.393427718580834807e+00
4.729065447270649258e+01,1.000823637872053418e+00
4.731066018862532019e+01,7.899122974683995269e-01
4.733066590454415490e+01,1.536903962661092304e+00
4.735067162046298961e+01,1.596360051604620134e+00
4.737067733638182432e+01,2.018944702173270045e+00
4.739068305230065903e+01,2.310529282489526270e+00
4.741068876821949374e+01,7.042011558687580886e-01
4.743069448413832845e+01,1.593851848585055908e+00
4.745070020005716316e+01,1.701319545005912426e+00
4.747070591597599787e+01,1.969348034069041242e+00
4.749071163189483258e+01,7.318936295815424709e-01
4.751071734781366018e+01,1.563394943190040909e+00
4.753072306373249489e+01,1.588581480448468142e+00
4.755072877965132960e+01,2.076301103070993470e+00
4.757073449557016431e+01,1.218104137104856655e+00
4.759074021148899902e+01,2.246769881591169415e+00
4.761074592740783373e+01,1.888824193318657141e+00
4.763075164332666844e+01,1.728682852646876267e+00
4.765075735924550315e+01,2.179912606116885421e+00
4.767076307516433786e+01,1.081599236175992296e+00
4.769076879108316547e+01,9.242613017913844375e-01
4.771077450700200018e+01,8.418717128361516977e-01
4.773078022292083489e+01,6.456716502479274977e-01
4.775078593883966960e+01,1.666828258611829705e+00
4.777079165475850431e+01,2.225423367994717072e+00
4.779079737067733902e+01,2.192329175815587394e+00
4.781080308659617373e+01,8.444967922972114183e-01
4.783080880251500844e+01,1.016575132345905130e+00
4.785081451843384315e+01,6.110674803323006277e-01
4.787082023435267075e+01,1.310503277532397259e+00
4.789082595027150546e+01,2.131028553138384130e+00
4.791083166619034017e+01,1.851969757586295007e+00
4.793083738210917488e+01,1.671746370641841395e+00
4.795084309802800959e+01,1.547053132135524312e+00
4.797084881394684430e+01,2.175267262744816410e+00
4.799085452986567901e+01,1.023977957044241327e+00
4.801086024578451372e+01,1.488693844700528457e+00
4.803086596170334843e+01,3.767033022684294630e-01
4.805087167762218314e+01,2.261358740434795678e+00
4.807087739354101075e+01,1.006097705883065796e+00
4.809088310945984546e+01,4.639500367975585848e-01
4.811088882537868017e+01,1.468861724127065838e+00
4.813089454129751488e+01,2.114535046320875189e+00
4.815090025721634959e+01,6.884177455318378769e-01
4.817090597313518430e+01,1.107346162732683714e+00
4.819091168905401901e+01,1.737333892079531816e+00
4.821091740497285372e+01,1.827888284995098589e+00
4.823092312089168843e+01,2.222114196803306019e+00
4.825092883681051603e+01,1.769222434827445456e+00
4.827093455272935074e+01,1.793202819523082914e+00
4.829094026864818545e+01,2.299332529297388739e+00
4.831094598456702016e+01,2.031341590668632957e+00
4.833095170048585487e+01,5.733800990991306801e-01
4.835095741640468958e+01,9.470060603990575476e-01
4.837096313232352429e+01,9.060844107203688269e-01
4.839096884824235900e+01,4.245470822584296866e-01
4.841097456416119371e+01,1.549053268486829227e+00
4.843098028008002842e+01,4.345536988763612496e-01
4.845098599599885603e+01,7.053570108434955577e-01
4.847099171191769074e+01,2.168849202542513677e+00
4.849099742783652545e+01,1.527482413043725007e+00
4.851100314375536016e+01,1.110051281884900876e+00
4.853100885967419487e+01,1.097299723768969892e+00
4.855101457559302958e+01,2.193426255538821312e+00
4.857102029151186429e+01,1.333865456691858853e+00
4.859102600743069900e+01,1.625275442107913859e+00
4.861103172334953371e+01,1.745096436708603260e+00
4.863103743926836131e+01,1.931532029610097734e+00
4.865104315518719602e+01,2.346867032116240814e+00
4.867104887110603073e+01,2.277309449558939658e+00
4.869105458702486544e+01,1.801725836338455844e+00
4.871106030294370015e+01,1.608614342684071330e+00
4.873106601886253486e+01,2.373870985724165106e+00
4.875107173478136957e+01,1.607363874897653311e+00
4.877107745070020428e+01,1.490047399341885903e+00
4.879108316661903899e+01,3.086703653386015489e+00
4.881108888253786660e+01,2.044057072303128386e+00
4.883109459845670131e+01,2.331459540014272580e+00
4.885110031437553602e+01,2.854324970104237025e+00
4.887110603029437073e+01,2.682297185277075169e+00
4.889111174621320544e+01,3.361636228537950188e+00
4.891111746213204015e+01,2.819049421064845351e+00
4.893112317805087486e+01,3.859631371594718807e+00
4.895112889396970957e+01,3.745202356310888270e+00
4.897113460988854428e+01,4.545643870026023770e+00
4.899114032580737899e+01,5.799893004220288084e+00
4.901114604172620659e+01,6.607383874859987571e+00
4.903115175764504130e+01,7.038554104297793934e+00
4.905115747356387601e+01,7.684989199421181638e+00
4.907116318948271072e+01,7.734326552910347985e+00
4.909116890540154543e+01,8.537994365752387793e+00
4.911117462132038014e+01,9.047966835180101697e+00
4.913118033723921485e+01,9.114115695930930627e+00
4.915118605315804956e+01,1.010842383961825419e+01
4.917119176907688427e+01,1.069446855396613572e+01
4.919119748499571187e+01,1.016656353599160667e+01
4.921120320091454658e+01,1.222807662706602549e+01
4.923120891683338129e+01,1.252059878021150752e+01
4.925121463275221600e+01,1.121043338819698221e+01
4.927122034867105071e+01,1.247098894915034606e+01
4.929122606458988542e+01,1.193963437244574166e+01
4.931123178050872014e+01,1.223107245069291515e+01
4.933123749642755485e+01,1.264175120157193710e+01
4.935124321234638956e+01,1.187212010563007425e+01
4.937124892826522427e+01,1.296585637182505835e+01
4.939125464418405187e+01,1.307838591509687554e+01
4.941126036010288658e+01,1.384644688090720877e+01
4.943126607602172129e+01,1.294927774297566359e+01
4.945127179194055600e+01,1.422371606999957727e+01
4.947127750785939071e+01,1.480636209287074756e+01
4.949128322377822542e+01,1.428569147154881058e+01
4.951128893969706013e+01,1.515049372743155942e+01
4.953129465561589484e+01,1.472025189299728432e+01
4.955130037153472955e+01,1.493018699747623046e+01
4.957130608745355715e+01,1.485598016434913582e+01
4.959131180337239186e+01,1.495456975713071301e+01
4.961131751929122657e+01,1.553318680714856725e+01
4.963132323521006128e+01,1.465666038572268270e+01
4.965132895112889599e+01,1.426182264526484822e+01
4.967133466704773070e+01,1.433466182161524038e+01
4.969134038296656541e+01,1.394074367205637621e+01
4.971134609888540012e+01,1.208260325407586855e+01
4.973135181480423483e+01,1.192026941242720461e+01
4.975135753072306244e+01,1.176556009006784898e+01
4.977136324664189715e+01,1.273863559743467633e+01
4.979136896256073186e+01,1.340846936021080005e+01
4.981137467847956657e+01,1.310001053106971192e+01
4.983138039439840128e+01,1.539819491418911923e+01
4.985138611031723599e+01,1.602976808851935431e+01
4.987139182623607070e+01,1.674582632280060679e+01
4.989139754215490541e+01,1.851715649047106638e+01
4.991140325807374012e+01,2.017667488868403325e+01
4.993140897399257483e+01,2.113378939077107788e+01
4.995141468991140243e+01,2.293071338361949074e+01
4.997142040583023714e+01,2.483797934691551390e+01
4.999142612174907185e+01,2.512785746139421761e+01
5.001143183766790656e+01,2.574200566735590456e+01
5.003143755358674127e+01,2.665480368478840134e+01
5.005144326950557598e+01,2.667255606574296678e+01
5.007144898542441069e+01,2.757696095334279107e+01
5.009145470134324540e+01,2.803249272937552661e+01
5.011146041726208011e+01,2.783183012085414632e+01
5.013146613318090772e+01,2.685908420348403425e+01
5.015147184909974243e+01,2.707971638153742688e+01
5.017147756501857714e+01,2.568374556712702272e+01
5.019148328093741185e+01,2.541318587504183313e+01
5.021148899685624656e+01,2.393441111432345636e+01
5.023149471277508127e+01,2.218896060742223852e+01
5.025150042869391598e+01,2.204604987388407267e+01
5.027150614461275069e+01,2.028841270654548268e+01
5.029151186053158540e+01,1.904205995956771247e+01
5.031151757645042011e+01,1.770054337767381014e+01
5.033152329236924771e+01,1.553614347492442072e+01
5.035152900828808242e+01,1.373302484097236764e+01
5.037153472420691713e+01,1.221828558788719299e+01
5.039154044012575184e+01,1.054159937112532042e+01
5.041154615604458655e+01,8.754350669893744552e+00
5.043155187196342126e+01,8.060781960630619025e+00
5.045155758788225597e+01,7.400622605660723607e+00
5.047156330380109068e+01,4.858115009101815929e+00
5.049156901971992539e+01,4.105225559849564831e+00
5.051157473563875300e+01,4.207995238607002086e+00
5.053158045155758771e+01,3.554148285764157755e+00
5.055158616747642242e+01,3.291518878790818725e+00
5.057159188339525713e+01,2.810501318304814866e+00
5.059159759931409184e+01,2.473402070489489901e+00
5.061160331523292655e+01,3.140045350507025823e+00
5.063160903115176126e+01,2.537306296570276842e+00
5.065161474707059597e+01,1.160466598489724888e+00
5.067162046298943068e+01,1.172423063973290436e+00
5.069162617890825828e+01,2.245958377240963699e+00
5.071163189482709299e+01,2.093747233860574930e+00
5.073163761074592770e+01,9.169117528147117113e-01
5.075164332666476241e+01,2.238305950906554376e+00
5.077164904258359712e+01,1.994208123002055855e+00
5.079165475850243183e+01,1.640240397140320994e+00
5.081166047442126654e+01,1.639026744469192831e+00
5.083166619034010125e+01,1.434826132891706241e+00
5.085167190625893596e+01,1.067022479384513112e+00
5.087167762217777067e+01,2.218516865035592200e+00
5.089168333809659828e+01,6.879675432290209836e-01
5.091168905401543299e+01,8.725204852678841716e-01
5.093169476993426770e+01,7.741178370676418119e-01
5.095170048585310241e+01,2.034627709897478987e+00
5.097170620177193712e+01,1.726404811862768840e+00
5.099171191769077183e+01,2.358405821423504189e+00
5.101171763360960654e+01,1.570749165044215578e+00
5.103172334952844125e+01,1.292016761422263738e+00
5.105172906544727596e+01,2.171052572890320942e+00
5.107173478136610356e+01,1.525928294136505325e+00
5.109174049728493827e+01,5.416379151272763259e-01
5.111174621320377298e+01,8.052703655234711988e-01
5.113175192912260769e+01,8.098436629592257185e-01
5.115175764504144240e+01,1.977229275807214082e+00
5.117176336096027711e+01,6.516331666889080276e-01
5.119176907687911182e+01,1.036550708078502581e+00
5.121177479279794653e+01,9.851435669273588269e-01
5.123178050871678124e+01,2.230322020024547935e+00
5.125178622463561595e+01,1.425506773107108938e+00
5.127179194055444356e+01,1.169844355653397061e+00
5.129179765647327827e+01,2.224608341657921429e+00
5.131180337239211298e+01,7.127316464746538127e-01
5.133180908831094769e+01,1.996405392645499655e+00
5.135181480422978240e+01,2.279276705140977910e+00
5.137182052014861711e+01,9.241878278055818408e-01
5.139182623606745182e+01,5.327495019484012051e-01
5.141183195198628653e+01,6.549691830735552278e-01
5.143183766790512124e+01,1.104964246005205153e+00
5.145184338382394884e+01,4.760190386389733241e-01
5.147184909974278355e+01,1.304059261621958621e+00
5.149185481566161826e+01,1.136378456062718589e+00
5.151186053158045297e+01,6.431348227691843222e-01
5.153186624749928768e+01,1.893871436405429209e+00
5.155187196341812239e+01,9.860546522541110415e-01
5.157187767933695710e+01,5.263076004794120522e-01
5.159188339525579181e+01,1.719940864158177707e+00
5.161188911117462652e+01,2.205965423648427848e+00
5.163189482709345413e+01,1.312923325791806040e+00
5.165190054301228884e+01,2.190182374582220426e+00
5.167190625893112355e+01,1.273089518244078677e+00
5.169191197484995826e+01,5.732546356905855456e-01
5.171191769076879297e+01,1.972873103835935504e+00
5.173192340668762768e+01,1.220217369239990690e+00
5.175192912260646239e+01,1.357886662823506896e+00
5.177193483852529710e+01,6.311298306779489220e-01
5.179194055444413181e+01,2.308060104955273140e+00
5.181194627036296652e+01,2.165314870641152467e+00
5.183195198628179412e+01,9.203488137643509592e-01
5.185195770220062883e+01,6.316324283430657660e-01
5.187196341811946354e+01,2.175271837015775311e+00
5.189196913403829825e+01,8.168814277716356376e-01
5.191197484995713296e+01,1.482388477591660036e+00
5.193198056587596767e+01,7.138010334694239178e-01
5.195198628179480238e+01,1.799839120307394014e+00
5.197199199771363709e+01,2.354503698864070405e+00
5.199199771363247180e+01,1.772651582412589022e+00
5.201200342955129940e+01,6.063661057436385837e-01
5.203200914547013411e+01,7.122848409327279251e-01
5.205201486138896882e+01,1.570703158497520180e+00
5.207202057730780353e+01,1.287414611693887601e+00
5.209202629322663824e+01,2.274642465238227995e+00
5.211203200914547295e+01,1.618453065178290684e+00
5.213203772506430766e+01,1.539593276016392398e+00
5.215204344098314237e+01,2.238685049577135100e+00
5.217204915690197708e+01,1.140098467830903184e+00
5.219205487282081180e+01,2.271692393100231300e+00
5.221206058873963940e+01,2.221555763407495387e+00
5.223206630465847411e+01,2.456577303944276203e+00
5.225207202057730882e+01,9.186125719434917736e-01
5.227207773649614353e+01,6.329460921571663512e-01
5.229208345241497824e+01,2.059179396267310835e+00
5.231208916833381295e+01,1.695871669879839727e+00
5.233209488425264766e+01,1.426877397444394902e+00
5.235210060017148237e+01,1.782695092024994654e+00
5.237210631609031708e+01,2.314851335297679835e+00
5.239211203200914468e+01,1.348466590436435686e+00
5.241211774792797939e+01,1.923889299529915498e+00
5.243212346384681410e+01,1.817833757686500462e+00
5.245212917976564881e+01,1.664317162349725487e+00
5.247213489568448352e+01,2.474259442158894373e+00
5.249214061160331823e+01,2.026641351543854164e+00
5.251214632752215294e+01,1.285056778856087156e+00
5.253215204344098765e+01,1.367844207649719035e+00
5.255215775935982236e+01,2.008686367479557866e+00
5.257216347527864997e+01,2.508408143629327736e+00
5.259216919119748468e+01,1.570701792394487040e+00
5.261217490711631939e+01,2.214375131297766419e+00
5.263218062303515410e+01,2.210422263208152049e+00
5.265218633895398881e+01,2.987598013710457412e+00
5.267219205487282352e+01,3.338727044193281923e+00
5.269219777079165823e+01,3.445889649578027569e+00
5.271220348671049294e+01,3.097510882654811670e+00
5.273220920262932765e+01,3.055294955136106605e+00
5.275221491854816236e+01,4.390011155990787728e+00
5.277222063446698996e+01,4.100881138325763509e+00
5.279222635038582467e+01,5.556349205583509310e+00
5.281223206630465938e+01,5.914789175460686721e+00
5.283223778222349409e+01,7.185706735198855277e+00
5.285224349814232880e+01,9.316031347167829324e+00
5.287224921406116351e+01,1.023968252053437133e+01
5.289225492997999822e+01,1.164553077009830950e+01
5.291226064589883293e+01,1.405957532952250766e+01
5.293226636181766764e+01,1.581714653418851846e+01
5.295227207773649525e+01,1.954151642268895728e+01
5.297227779365532996e+01,2.197755835575538441e+01
5.299228350957416467e+01,2.625584197972231593e+01
5.301228922549299938e+01,2.901667712760025353e+01
5.303229494141183409e+01,3.383620829035374555e+01
5.305230065733066880e+01,3.620428890912944553e+01
5.307230637324950351e+01,4.181223338385430566e+01
5.309231208916833822e+01,4.545190984029463266e+01
5.311231780508717293e+01,4.955511187047132182e+01
5.313232352100600764e+01,5.340033853969190858e+01
5.315232923692483524e+01,5.636205327792837494e+01
5.317233495284366995e+01,5.750591558854075203e+01
5.319234066876250466e+01,5.942279229154284792e+01
5.321234638468133937e+01,5.967290182849281877e+01
5.323235210060017408e+01,6.032109322215345770e+01
5.325235781651900879e+01,5.764976631364778825e+01
5.327236353243784350e+01,5.585020382275061479e+01
5.329236924835667821e+01,5.285201118454116198e+01
5.331237496427551292e+01,4.782581404726388286e+01
5.333238068019434053e+01,4.350053224867732382e+01
5.335238639611317524e+01,3.957982275841597897e+01
5.337239211203200995e+01,3.308654892057541730e+01
5.339239782795084466e+01,2.969179374901367297e+01
5.341240354386967937e+01,2.543590914688345705e+01
5.343240925978851408e+01,2.124720444674980158e+01
5.345241497570734879e+01,1.731313822263146918e+01
5.347242069162618350e+01,1.580198117869472085e+01
5.349242640754501821e+01,1.393307953302810454e+01
5.351243212346384581e+01,1.275573420007131453e+01
5.353243783938268052e+01,1.178747977489654453e+01
5.355244355530151523e+01,9.724324588574271289e+00
5.357244927122034994e+01,1.043675775841127162e+01
5.359245498713918465e+01,1.136328332869644520e+01
5.361246070305801936e+01,1.030853088967341158e+01
5.363246641897685407e+01,1.159429640542039053e+01
5.365247213489568878e+01,1.297419254919032383e+01
5.367247785081452349e+01,1.385790155174922234e+01
5.369248356673335820e+01,1.483992916750086799e+01
5.371248928265218581e+01,1.658549670949501476e+01
5.373249499857102052e+01,1.965519333579356598e+01
5.375250071448985523e+01,2.034546028723909217e+01
5.377250643040868994e+01,2.310838566246018644e+01
5.379251214632752465e+01,2.566636062896381532e+01
5.381251786224635936e+01,2.621749667668882466e+01
5.383252357816519407e+01,2.811897235006616569e+01
5.385252929408402878e+01,2.956513543081248940e+01
5.387253501000286349e+01,2.974570789900139900e+01
5.389254072592169109e+01,2.998983267189775503e+01
5.391254644184052580e+01,2.966037549685725239e+01
5.393255215775936051e+01,2.881585650419129863e+01
5.395255787367819522e+01,2.685282461049358460e+01
5.397256358959702993e+01,2.647487852376944417e+01
5.399256930551586464e+01,2.380751828294499006e+01
5.401257502143469935e+01,2.114154255055306209e+01
5.403258073735353406e+01,1.972560148256709667e+01
5.405258645327236877e+01,1.565630048797850726e+01
5.407259216919120348e+01,1.449312087182613773e+01
5.409259788511003109e+01,1.317732624499820737e+01
5.411260360102886580e+01,9.817260483465839016e+00
5.413260931694770051e+01,9.422929657612721499e+00
5.415261503286653522e+01,6.568873185374626722e+00
5.417262074878536993e+01,5.437330734942315225e+00
5.419262646470420464e+01,4.879418673847082388e+00
5.421263218062303935e+01,4.502638634862817568e+00
5.423263789654187406e+01,3.498107229754628289e+00
5.425264361246070877e+01,3.117337785723481414e+00
5.427264932837953637e+01,2.655397271523646019e+00
5.429265504429837108e+01,3.628388954097103714e+00
5.431266076021720579e+01,3.047497816389577618e+00
5.433266647613604050e+01,4.001480450676968559e+00
5.435267219205487521e+01,3.038002513938311555e+00
5.437267790797370992e+01,3.579594947716434383e+00
5.439268362389254463e+01,2.675584289763933477e+00
5.441268933981137934e+01,2.450655691763298893e+00
5.443269505573021405e+01,3.474628368894650432e+00
5.445270077164904166e+01,3.202182893219124971e+00
5.447270648756787637e+01,4.905589093625976282e+00
5.449271220348671108e+01,5.670395232962474275e+00
5.451271791940554579e+01,5.906206216376872931e+00
5.453272363532438050e+01,6.614165430573738291e+00
5.455272935124321521e+01,7.385672482851838083e+00
5.457273506716204992e+01,8.014080911655373285e+00
5.459274078308088463e+01,8.563029635772284820e+00
5.461274649899971934e+01,1.030358505272254988e+01
5.463275221491855405e+01,1.007126693780557503e+01
5.465275793083738165e+01,1.204939765306387756e+01
5.467276364675621636e+01,1.382669162508040017e+01
5.469276936267505107e+01,1.413575662039811753e+01
5.471277507859388578e+01,1.624584647634322465e+01
5.473278079451272049e+01,1.778175315961559733e+01
5.475278651043155520e+01,1.900407499778596332e+01
5.477279222635038991e+01,1.805126306026103222e+01
5.479279794226922462e+01,1.950438483834933834e+01
5.481280365818805933e+01,1.959268804156980792e+01
5.483280937410688693e+01,1.909994328512258832e+01
5.485281509002572164e+01,1.868635237912130975e+01
5.487282080594455635e+01,1.741810591022072430e+01
5.489282652186339106e+01,1.736524079347370986e+01
5.491283223778222577e+01,1.642489531640512723e+01
5.493283795370106048e+01,1.418714765617545837e+01
5.495284366961989519e+01,1.204652993856024423e+01
5.497284938553872990e+01,1.039084748932263658e+01
5.499285510145756461e+01,8.826165983415862115e+00
5.501286081737639222e+01,8.775951680058570403e+00
5.503286653329522693e+01,6.824985231582812339e+00
5.505287224921406164e+01,6.901057686099575150e+00
5.507287796513289635e+01,5.697770855233485143e+00
5.509288368105173106e+01,4.937650836479381411e+00
5.511288939697056577e+01,4.356685982513662125e+00
5.513289511288940048e+01,2.493026265483063941e+00
5.515290082880823519e+01,1.953327978423960998e+00
5.517290654472706990e+01,2.475796458817385304e+00
5.519291226064590461e+01,1.549264558260009972e+00
5.521291797656473221e+01,2.104921724496147561e+00
5.523292369248356692e+01,1.159856770549479998e+00
5.525292940840240163e+01,2.727176930567801971e+00
5.527293512432123634e+01,1.283172690222231571e+00
5.529294084024007105e+01,1.149890819042520329e+00
5.531294655615890576e+01,2.531726383959302940e+00
5.533295227207774047e+01,9.371608344774027266e-01
5.535295798799657518e+01,1.886613408626077293e+00
5.537296370391540989e+01,1.292393908477773579e+00
5.539296941983423750e+01,2.166487617058406645e+00
5.541297513575307221e+01,9.947667380573590457e-01
5.543298085167190692e+01,7.105533455681894983e-01
5.545298656759074163e+01,1.379497380489670633e+00
5.547299228350957634e+01,1.638606435946657447e+00
5.549299799942841105e+01,5.137489428977433104e-01
5.551300371534724576e+01,1.804183458010748753e+00
5.553300943126608047e+01,5.812030535758634375e-01
5.555301514718491518e+01,1.511309333670886712e+00
5.557302086310374989e+01,2.163427367980749416e+00
5.559302657902257749e+01,2.003367027773539810e+00
5.561303229494141220e+01,2.202127123500849049e+00
5.563303801086024691e+01,2.155442610401387071e+00
5.565304372677908162e+01,2.042355330397496171e+00
5.567304944269791633e+01,1.709063684007063433e+00
5.569305515861675104e+01,1.864375740633261058e+00
5.571306087453558575e+01,3.488955470010052240e-01
5.573306659045442046e+01,9.129730810420805254e-01
5.575307230637325517e+01,3.878124687452759733e-01
5.577307802229208278e+01,1.434787370579795107e+00
5.579308373821091749e+01,5.274027725060659311e-01
5.581308945412975220e+01,1.847208585893847621e+00
5.583309517004858691e+01,1.893590263460734668e+00
5.585310088596742162e+01,1.977925800160810876e+00
5.587310660188625633e+01,1.058836088565189293e+00
5.589311231780509104e+01,1.561036605022426471e+00
5.591311803372392575e+01,1.763971409327989237e+00
5.593312374964276046e+01,2.061710601063547976e+00
5.595312946556158806e+01,3.851077828675550374e-01
5.597313518148042277e+01,1.105161449911899796e+00
5.599314089739925748e+01,1.928059555399999070e+00
5.601314661331809219e+01,1.805455743130169433e+00
5.603315232923692690e+01,5.409963002546260835e-01
5.605315804515576161e+01,2.162540968008911157e+00
5.607316376107459632e+01,4.664593828090963790e-01
5.609316947699343103e+01,1.433863371110586815e+00
5.611317519291226574e+01,1.732663418622476748e+00
5.613318090883110045e+01,1.563333343427560473e+00
5.615318662474992806e+01,1.909008613692164680e+00
5.617319234066876277e+01,1.511886505613391218e+00
5.619319805658759748e+01,1.287808172912727978e+00
5.621320377250643219e+01,7.997832789409587972e-01
5.623320948842526690e+01,6.809551744274592311e-01
5.625321520434410161e+01,4.279525565084187355e-01
5.627322092026293632e+01,1.298185597409633685e+00
5.629322663618177103e+01,1.539223544664269472e+00
5.631323235210060574e+01,2.084984094452111414e+00
5.633323806801943334e+01,4.840669691312825540e-01
5.635324378393826805e+01,1.038212377798158892e+00
5.637324949985710276e+01,7.865798522269951132e-01
5.639325521577593747e+01,1.128118647916236394e+00
5.641326093169477218e+01,2.060848322863582105e+00
5.643326664761360689e+01,1.168370273227354428e+00
5.645327236353244160e+01,5.607460060894928766e-01
5.647327807945127631e+01,6.883098017192706974e-01
5.649328379537011102e+01,1.993748230584458936e+00
5.651328951128894573e+01,3.412279371332844202e-01
5.653329522720777334e+01,1.535828084080012701e+00
5.655330094312660805e+01,8.229701885573615927e-01
5.657330665904544276e+01,2.060141774678230675e+00
5.659331237496427747e+01,3.380380043634768628e-01
5.661331809088311218e+01,7.549796121728306053e-01
5.663332380680194689e+01,1.825908557290190970e+00
5.665332952272078160e+01,1.016238644251011181e+00
5.667333523863961631e+01,2.795723929494758897e-01
5.669334095455845102e+01,9.693320168169533568e-01
5.671334667047727862e+01,1.516369959216029795e+00
5.673335238639611333e+01,5.083510880330491810e-01
5.675335810231494804e+01,1.021354306645664289e+00
5.677336381823378275e+01,1.200341732056121602e+00
5.679336953415261746e+01,2.009355843636313477e+00
5.681337525007145217e+01,1.763040172578932863e+00
5.683338096599028688e+01,2.117797698664093176e+00
5.685338668190912159e+01,5.033815468620069788e-01
5.687339239782795630e+01,1.358383961520771566e+00
5.689339811374678391e+01,1.886829901292204514e+00
5.691340382966561862e+01,1.936862480490176175e+00
5.693340954558445333e+01,4.809263021940838323e-01
5.695341526150328804e+01,8.760800306695784023e-01
5.697342097742212275e+01,1.125446251397944630e+00
5.699342669334095746e+01,1.132521033843916225e+00
5.701343240925979217e+01,1.325672584334443238e+00
5.703343812517862688e+01,1.056557892707769453e+00
5.705344384109746159e+01,5.154830672536813152e-01
5.707344955701629630e+01,1.359203472886380659e+00
5.709345527293512390e+01,6.286182201399308500e-01
5.711346098885395861e+01,1.044844063926947841e+00
5.713346670477279332e+01,2.090725262725508848e+00
5.715347242069162803e+01,1.845115591618573969e+00
5.717347813661046274e+01,5.580292841320476649e-01
5.719348385252929745e+01,1.941424203123130354e+00
5.721348956844813216e+01,8.092336822485817205e-01
5.723349528436696687e+01,2.137338845038431856e+00
5.725350100028580158e+01,5.334811226229775327e-01
5.727350671620462919e+01,9.428705166003406024e-01
5.729351243212346390e+01,1.420339764871218380e+00
5.731351814804229861e+01,1.338612763979228237e+00
5.733352386396113332e+01,1.810716090722529925e+00
5.735352957987996803e+01,1.607780930047334245e+00
5.737353529579880274e+01,1.806992540514064993e+00
5.739354101171763745e+01,1.218519725975302892e+00
5.741354672763647216e+01,8.824924258421058543e-01
5.743355244355530687e+01,1.507238320509093343e+00
5.745355815947414158e+01,4.427023327310856127e-01
5.747356387539296918e+01,3.731862401527586415e-01
5.749356959131180389e+01,1.900616118858902359e+00
5.751357530723063860e+01,1.750597956228648444e+00
5.753358102314947331e+01,4.942954355734194838e-01
5.755358673906830802e+01,9.595964449173916000e-01
5.757359245498714273e+01,1.226267140776827302e+00
5.759359817090597744e+01,9.863070878415496345e-01
5.761360388682481215e+01,3.550780397283432865e-01
5.763360960274364686e+01,9.177476880171455687e-01
5.765361531866247446e+01,1.371080043743359678e+00
5.767362103458130917e+01,9.281302109760296570e-01
5.769362675050014388e+01,1.470171363233209849e+00
5.771363246641897859e+01,1.818170917583290969e+00
5.773363818233781330e+01,1.778171746862749592e+00
5.775364389825664801e+01,8.536330581209491397e-01
5.777364961417548272e+01,2.000054433979742807e+00
5.779365533009431743e+01,2.229330631734373735e+00
5.781366104601315214e+01,2.227734776711512321e+00
5.783366676193197975e+01,1.982532446851474228e+00
5.785367247785081446e+01,1.677084022940697139e+00
5.787367819376964917e+01,2.133747216274535230e+00
5.789368390968848388e+01,2.084920862936153085e+00
5.791368962560731859e+01,3.899549987898374703e-01
5.793369534152615330e+01,1.082461185416276894e+00
5.795370105744498801e+01,1.875657112651993641e+00
5.797370677336382272e+01,1.492558811587615386e+00
5.799371248928265743e+01,2.361418652929250239e+00
5.801371820520149214e+01,2.252462551855271222e+00
5.803372392112031974e+01,1.110170502708788032e+00
5.805372963703915445e+01,2.502959397737089198e+00
5.807373535295798916e+01,1.533355282980914502e+00
5.809374106887682387e+01,2.019047036345527957e+00
5.811374678479565858e+01,1.679119483372196520e+00
5.813375250071449329e+01,1.923517209639965087e+00
5.815375821663332800e+01,2.904704375752695800e+00
5.817376393255216271e+01,1.745513417608011597e+00
5.819376964847099742e+01,3.243826650999815264e+00
5.821377536438982503e+01,2.728277713338215449e+00
5.823378108030865974e+01,2.175950693453275964e+00
5.825378679622749445e+01,3.263214346165712598e+00
5.827379251214632916e+01,4.550641642999291747e+00
5.829379822806516387e+01,4.693757563289985946e+00
5.831380394398399858e+01,5.389988065931702543e+00
5.833380965990283329e+01,6.504468380229682545e+00
5.835381537582166800e+01,7.645164919806116899e+00
5.837382109174050271e+01,8.436417439485518699e+00
5.839382680765933742e+01,9.726044820857147499e+00
5.841383252357816502e+01,1.089868620584075742e+01
5.843383823949699973e+01,1.190343293733687169e+01
5.845384395541583444e+01,1.279536486855880462e+01
5.847384967133466915e+01,1.355110065133737685e+01
5.849385538725350386e+01,1.381760406744698777e+01
5.851386110317233857e+01,1.570302997921874066e+01
5.853386681909117328e+01,1.590541407771994464e+01
5.855387253501000799e+01,1.603169665577311420e+01
5.857387825092884270e+01,1.584916974329502537e+01
5.859388396684767031e+01,1.658618735053328663e+01
5.861388968276650502e+01,1.594999501481872173e+01
5.863389539868533973e+01,1.568513222458012280e+01
5.865390111460417444e+01,1.420391665222390642e+01
5.867390683052300915e+01,1.339294032492931485e+01
5.869391254644184386e+01,1.307809179021834112e+01
5.871391826236067857e+01,1.291618709471626048e+01
5.873392397827951328e+01,1.129827120110607730e+01
5.875392969419834799e+01,1.168190710935679100e+01
5.877393541011717559e+01,9.852042299686509352e+00
5.879394112603601030e+01,9.628423611946223204e+00
5.881394684195484501e+01,9.677394607747995536e+00
5.883395255787367972e+01,8.861053502716206509e+00
5.885395827379251443e+01,8.394802622492665733e+00
5.887396398971134914e+01,7.601843983721662035e+00
5.889396970563018385e+01,9.196682187975687484e+00
5.891397542154901856e+01,8.396757064771549040e+00
5.893398113746785327e+01,7.581245242219708302e+00
5.895398685338668798e+01,7.633794109673051054e+00
5.897399256930551559e+01,6.721714096657112059e+00
5.899399828522435030e+01,7.126416439128241187e+00
5.901400400114318501e+01,7.669034156830182525e+00
5.903400971706201972e+01,5.845098169738147220e+00
5.905401543298085443e+01,6.347810914211928335e+00
5.907402114889968914e+01,5.712356657265617699e+00
5.909402686481852385e+01,6.710439758592971593e+00
5.911403258073735856e+01,6.220126032558413343e+00
5.913403829665619327e+01,4.869704859872663327e+00
5.915404401257502087e+01,5.665775442121195660e+00
5.917404972849385558e+01,3.880545849207286846e+00
5.919405544441269029e+01,3.609230064541698813e+00
5.921406116033152500e+01,3.709941442740123829e+00
5.923406687625035971e+01,3.445561462756252080e+00
5.925407259216919442e+01,2.313374942771323273e+00
5.927407830808802913e+01,1.864767628466371230e+00
5.929408402400686384e+01,2.756596212010963054e+00
5.931408973992569855e+01,2.493646703171350065e+00
5.933409545584453326e+01,2.197422713793613536e+00
5.935410117176336087e+01,1.774110895914955854e+00
5.937410688768219558e+01,1.636268172689503864e+00
5.939411260360103029e+01,1.921085411983677771e+00
5.941411831951986500e+01,2.249975951560454490e+00
5.943412403543869971e+01,9.432151189562568705e-01
5.945412975135753442e+01,2.125894130194769360e+00
5.947413546727636913e+01,1.952252156486392609e+00
5.949414118319520384e+01,1.568375839273590922e+00
5.951414689911403855e+01,1.227057464541322584e+00
5.953415261503286615e+01,2.241839823092528938e+00
5.955415833095170086e+01,1.480347024298428904e+00
5.957416404687053557e+01,1.253713487011032024e+00
5.959416976278937028e+01,1.633026662725866940e+00
5.961417547870820499e+01,6.803173626562603049e-01
5.963418119462703970e+01,2.079686443737091661e+00
5.965418691054587441e+01,9.699958128892408604e-01
5.967419262646470912e+01,1.624983463001201001e+00
5.969419834238354383e+01,2.396008820212646828e+00
5.971420405830237144e+01,1.835430138848219483e+00
5.973420977422120615e+01,1.235328871128733352e+00
5.975421549014004086e+01,1.335205191171478845e+00
5.977422120605887557e+01,1.549822068372245232e+00
5.979422692197771028e+01,2.297358758069445450e+00
5.981423263789654499e+01,1.035492042497826892e+00
5.983423835381537970e+01,1.749229548095924347e+00
5.985424406973421441e+01,2.408334776336310323e+00
5.987424978565304912e+01,1.747259694043112654e+00
5.989425550157188383e+01,2.417741005256059061e+00
5.991426121749071143e+01,1.587421153350622838e+00
5.993426693340954614e+01,1.918506181726752580e+00
5.995427264932838085e+01,2.221252996498141119e+00
5.997427836524721556e+01,1.351628996875228195e+00
5.999428408116605027e+01,2.443130646320054833e+00
6.001428979708488498e+01,1.741336248642676887e+00
6.003429551300371969e+01,1.475268294881602049e+00
6.005430122892255440e+01,1.441539461504246500e+00
6.007430694484138911e+01,2.202794369104710270e+00
6.009431266076021672e+01,1.543103989734698089e+00
6.011431837667905143e+01,2.409682938270407693e+00
6.013432409259788614e+01,2.091589862239220832e+00
6.015432980851672085e+01,1.479471482736132382e+00
6.017433552443555556e+01,1.754131565623008093e+00
6.019434124035439027e+01,2.249039867177646812e+00
6.021434695627322498e+01,2.204098743630601653e+00
6.023435267219205969e+01,3.187008597193231374e+00
6.025435838811089440e+01,2.396560699121646376e+00
6.027436410402972911e+01,1.896113292063160927e+00
6.029436981994855671e+01,2.983706900595343381e+00
6.031437553586739142e+01,2.506162643249274069e+00
6.033438125178622613e+01,2.747218779057144733e+00
6.035438696770506084e+01,3.666738247679466767e+00
6.037439268362389555e+01,4.459456495174143775e+00
6.039439839954273026e+01,4.571364830773964272e+00
6.041440411546156497e+01,5.011967831731586998e+00
6.043440983138039968e+01,5.462020081377762182e+00
6.045441554729923439e+01,6.008064213978421719e+00
6.047442126321806199e+01,7.500091063846504369e+00
6.049442697913689670e+01,8.488019856346394221e+00
6.051443269505573141e+01,1.008434715182725583e+01
6.053443841097456612e+01,1.089557733489970914e+01
6.055444412689340083e+01,1.283730722408436975e+01
6.057444984281223554e+01,1.544840926951215287e+01
6.059445555873107025e+01,1.689249527943525209e+01
6.061446127464990496e+01,1.915687947139348779e+01
6.063446699056873967e+01,2.220072062477686714e+01
6.065447270648756728e+01,2.383924488936047581e+01
6.067447842240640199e+01,2.702060687732133815e+01
6.069448413832523670e+01,2.906371503331318706e+01
6.071448985424407141e+01,3.179971890175668037e+01
6.073449557016290612e+01,3.501320334869599549e+01
6.075450128608174083e+01,3.733441402189349390e+01
6.077450700200057554e+01,4.051351576367079588e+01
6.079451271791941025e+01,4.419584683973967287e+01
6.081451843383824496e+01,4.560326907874927116e+01
6.083452414975707967e+01,4.773550399605147021e+01
6.085452986567590727e+01,5.022621594640913401e+01
6.087453558159474198e+01,5.281281167963959433e+01
6.089454129751357669e+01,5.595471420734347845e+01
6.091454701343241140e+01,5.737042442121784092e+01
6.093455272935124611e+01,5.904464736411765102e+01
6.095455844527008082e+01,6.037973318075348317e+01
6.097456416118891553e+01,6.116137334697043570e+01
6.099456987710775024e+01,6.104546621551074992e+01
6.101457559302658495e+01,6.061439893563400005e+01
6.103458130894541256e+01,5.845947717853392334e+01
6.105458702486424727e+01,5.590710013279942103e+01
6.107459274078308198e+01,5.090270675558301861e+01
6.109459845670191669e+01,4.618648341484183106e+01
6.111460417262075140e+01,4.159031755189438684e+01
6.113460988853958611e+01,3.747185473936782074e+01
6.115461560445842082e+01,3.183918493247766435e+01
6.117462132037725553e+01,2.821501681044919607e+01
6.119462703629609024e+01,2.328973994343380127e+01
6.121463275221492495e+01,1.891987134451116859e+01
6.123463846813375255e+01,1.597314847901611046e+01
6.125464418405258726e+01,1.246195360185544843e+01
6.127464989997142197e+01,1.121544830814707794e+01
6.129465561589025668e+01,8.813737805347294341e+00
6.131466133180909139e+01,7.968631323437237235e+00
6.133466704772792610e+01,6.357929320703254561e+00
6.135467276364676081e+01,6.179706518349624034e+00
6.137467847956559552e+01,4.383266833296110221e+00
6.139468419548443023e+01,5.144940339813116381e+00
6.141468991140325784e+01,2.986645305113357907e+00
6.143469562732209255e+01,4.212049629224441816e+00
6.145470134324092726e+01,2.513085258441844161e+00
6.147470705915976197e+01,2.895409999239572763e+00
6.149471277507859668e+01,3.263780195148093366e+00
6.151471849099743139e+01,2.728538336537516429e+00
6.153472420691626610e+01,1.965257729109647356e+00
6.155472992283510081e+01,2.254809041095469979e+00
6.157473563875393552e+01,2.387560569117093578e+00
6.159474135467276312e+01,2.460970255454819178e+00
6.161474707059159783e+01,2.297358361951316930e+00
6.163475278651043254e+01,2.289524625641584876e+00
6.165475850242926725e+01,2.243625869345692525e+00
6.167476421834810196e+01,2.065324270768287285e+00
6.169476993426693667e+01,2.345125762911605349e+00
6.171477565018577138e+01,1.597261752407485025e+00
6.173478136610460609e+01,2.318277595979610251e+00
6.175478708202344080e+01,3.089999147155024772e+00
6.177479279794227551e+01,2.282304274081168316e+00
6.179479851386110312e+01,3.814980016339622804e+00
6.181480422977993783e+01,3.321506791234682066e+00
6.183480994569877254e+01,3.147825588094925298e+00
6.185481566161760725e+01,3.714977579118914353e+00
6.187482137753644196e+01,4.988198171574574680e+00
6.189482709345527667e+01,3.916799762265503748e+00
6.191483280937411138e+01,4.719272279973097284e+00
6.193483852529294609e+01,4.332798725452336797e+00
6.195484424121178080e+01,4.826607439689126089e+00
6.197484995713060840e+01,5.135943731019021463e+00
6.199485567304944311e+01,4.837563201467964369e+00
6.201486138896827782e+01,4.884796788862249883e+00
6.203486710488711253e+01,4.196766599383163765e+00
6.205487282080594724e+01,4.577153635786147312e+00
6.207487853672478195e+01,4.854507237407993614e+00
6.209488425264361666e+01,4.605929057211283428e+00
6.211488996856245137e+01,4.498004895729872388e+00
6.213489568448128608e+01,3.240567230475063898e+00
6.215490140040011369e+01,2.824770317841420741e+00
6.217490711631894840e+01,3.184930677664577381e+00
6.219491283223778311e+01,2.528268362897729382e+00
6.221491854815661782e+01,2.369035492128030107e+00
6.223492426407545253e+01,1.941241689069830523e+00
6.225492997999428724e+01,2.577906160443428796e+00
6.227493569591312195e+01,1.235054187204448484e+00
6.229494141183195666e+01,2.589145744708939656e+00
6.231494712775079137e+01,2.648381800876725922e+00
6.233495284366962608e+01,2.162711986195109848e+00
6.235495855958845368e+01,1.117421884750733341e+00
6.237496427550728839e+01,1.034845490608419460e+00
6.239496999142612310e+01,1.480956146272220053e+00
6.241497570734495781e+01,1.532124492756605560e+00
6.243498142326379252e+01,2.793327590974405972e+00
6.245498713918262723e+01,2.263019705338239262e+00
6.247499285510146194e+01,1.712427765105017041e+00
6.249499857102029665e+01,2.066881376195692788e+00
6.251500428693913136e+01,2.627372812032418015e+00
6.253501000285795897e+01,1.758607780204922699e+00
6.255501571877679368e+01,2.357232511111269968e+00
6.257502143469562839e+01,3.597759939887352321e+00
6.259502715061446310e+01,2.483546432656472014e+00
6.261503286653329781e+01,4.652790008900971053e+00
6.263503858245213252e+01,4.732162245221170238e+00
6.265504429837096723e+01,5.827900453117926816e+00
6.267505001428980194e+01,5.520841765653581312e+00
6.269505573020863665e+01,6.514985400526974502e+00
6.271506144612747136e+01,6.563839000594166251e+00
6.273506716204629896e+01,7.136199144431191854e+00
6.275507287796513367e+01,8.445173504438550083e+00
6.277507859388396838e+01,8.798720302349730460e+00
6.279508430980280309e+01,1.002929112335199413e+01
6.281509002572163780e+01,1.005117380163363450e+01
6.283509574164047251e+01,1.108649388249082257e+01
6.285510145755930722e+01,1.113499455253151815e+01
6.287510717347814193e+01,9.557653469379726374e+00
6.289511288939697664e+01,1.074229635422947737e+01
6.291511860531580425e+01,8.671947837973421613e+00
6.293512432123463896e+01,9.683786448165895067e+00
6.295513003715347367e+01,8.276152066347407299e+00
6.297513575307230838e+01,7.101076619531503376e+00
6.299514146899114309e+01,7.054842466162465797e+00
6.301514718490997780e+01,5.334229391843947177e+00
6.303515290082881251e+01,5.257755951705263442e+00
6.305515861674764722e+01,4.657638402483609497e+00
6.307516433266648193e+01,4.432230646557704823e+00
6.309517004858530953e+01,4.150528100899932404e+00
6.311517576450414424e+01,2.336210591403166337e+00
6.313518148042297895e+01,2.159248264010222851e+00
6.315518719634181366e+01,3.376341536089051409e+00
6.317519291226064837e+01,1.988336489849001021e+00
6.319519862817948308e+01,3.112790289650463116e+00
6.321520434409831779e+01,2.577674806241878169e+00
6.323521006001715250e+01,1.820383093230022231e+00
6.325521577593598721e+01,1.801404026131767644e+00
6.327522149185482192e+01,1.403952298524308917e+00
6.329522720777364952e+01,1.883563532344024960e+00
6.331523292369248423e+01,1.728122064002651559e+00
6.333523863961131894e+01,2.148070477798625255e+00
6.335524435553015365e+01,1.643773754753268479e+00
6.337525007144898836e+01,3.045378146301144895e+00
6.339525578736782307e+01,1.546112492492273116e+00
6.341526150328665778e+01,2.444070872403035999e+00
6.343526721920549249e+01,2.008757555853853294e+00
6.345527293512432720e+01,3.578497895102346948e+00
6.347527865104315481e+01,2.728390728469392013e+00
6.349528436696198952e+01,3.303187866341438461e+00
6.351529008288082423e+01,4.925581600540161809e+00
6.353529579879965894e+01,3.709441352272401016e+00
6.355530151471849365e+01,5.903112570123617786e+00
6.357530723063732836e+01,5.765220790450477750e+00
6.359531294655616307e+01,6.127041307537275827e+00
6.361531866247499778e+01,8.044241681146971246e+00
6.363532437839383249e+01,7.937578459639061279e+00
6.365533009431266720e+01,8.827240062425667944e+00
6.367533581023149480e+01,8.826143406868613539e+00
6.369534152615032951e+01,1.116912827543598041e+01
6.371534724206916422e+01,1.106914242027970374e+01
6.373535295798799893e+01,1.032806360920164757e+01
6.375535867390683364e+01,1.110443325355394428e+01
6.377536438982566835e+01,1.102672508210856606e+01
6.379537010574450306e+01,1.035109678997262783e+01
6.381537582166333777e+01,9.999207153000300607e+00
6.383538153758217248e+01,9.590605082454366936e+00
6.385538725350100009e+01,9.232699931143589112e+00
6.387539296941983480e+01,8.781148789118692122e+00
6.389539868533866951e+01,7.248471656581817690e+00
6.391540440125750422e+01,6.870734990011476029e+00
6.393541011717633893e+01,5.636244623493117167e+00
6.395541583309517364e+01,5.945682265187167914e+00
6.397542154901400835e+01,4.549532470344649582e+00
6.399542726493284306e+01,5.116235414415022831e+00
6.401543298085167066e+01,3.693727274841707597e+00
6.403543869677051248e+01,5.213826588435069631e+00
6.405544441268934008e+01,3.571963541856639779e+00
6.407545012860816769e+01,3.876719831857106335e+00
6.409545584452700950e+01,4.803571397792852693e+00
6.411546156044585132e+01,5.208071632077182933e+00
6.413546727636467892e+01,6.186539787817567415e+00
6.415547299228350653e+01,6.548215868411253027e+00
6.417547870820234834e+01,6.760778295810643712e+00
6.419548442412119016e+01,8.027845854423642180e+00
6.421549014004001776e+01,8.223873663335083961e+00
6.423549585595884537e+01,1.009818003412127041e+01
6.425550157187768718e+01,1.289002673598614379e+01
6.427550728779651479e+01,1.418270959613556315e+01
6.429551300371534239e+01,1.685793540415255265e+01
6.431551871963418421e+01,2.000051801395004247e+01
6.433552443555302602e+01,2.408970973109162728e+01
6.435553015147185363e+01,2.763638056925960029e+01
6.437553586739068123e+01,3.314967376807068433e+01
6.439554158330952305e+01,3.626667541163418207e+01
6.441554729922835065e+01,3.999613758032430866e+01
6.443555301514717826e+01,4.427992886129121075e+01
6.445555873106602007e+01,4.820375831135874733e+01
6.447556444698486189e+01,5.231904129743655574e+01
6.449557016290368949e+01,5.365288006529046072e+01
6.451557587882251710e+01,5.545436590770700036e+01
6.453558159474135891e+01,5.519558248619713936e+01
6.455558731066020073e+01,5.607003007984030063e+01
6.457559302657902833e+01,5.503903513371963641e+01
6.459559874249785594e+01,5.229086922997695552e+01
6.461560445841669775e+01,4.986256706131517547e+01
6.463561017433552536e+01,4.611846543961819123e+01
6.465561589025435296e+01,4.193572621848011295e+01
6.467562160617319478e+01,3.888500468053079828e+01
6.469562732209203659e+01,3.565285575560319131e+01
6.471563303801086420e+01,3.317281759016556464e+01
6.473563875392969180e+01,2.969364232765761002e+01
6.475564446984853362e+01,2.703544755872043837e+01
6.477565018576737543e+01,2.426974901338745028e+01
6.479565590168618883e+01,2.339081724294761244e+01
6.481566161760503064e+01,2.152539045713164612e+01
6.483566733352387246e+01,2.038277844624990465e+01
6.485567304944270006e+01,1.898202562580324582e+01
6.487567876536152767e+01,1.842220649597069482e+01
6.489568448128036948e+01,1.917693695973393631e+01
6.491569019719921130e+01,1.916663932498072498e+01
6.493569591311803890e+01,1.971816893373589963e+01
6.495570162903686651e+01,2.128002232902755253e+01
6.497570734495570832e+01,2.310376373590405663e+01
6.499571306087453593e+01,2.466715357166347644e+01
6.501571877679336353e+01,2.711675636565375669e+01
6.503572449271220535e+01,2.992172466845611467e+01
6.505573020863104716e+01,3.073483127877330645e+01
6.507573592454987477e+01,3.307102224405667812e+01
6.509574164046870237e+01,3.486813415974761909e+01
6.511574735638754419e+01,3.548845266125831444e+01
6.513575307230638600e+01,3.662162883431466298e+01
6.515575878822521361e+01,3.646861432465336605e+01
6.517576450414404121e+01,3.606912687490487457e+01
6.519577022006288303e+01,3.400837174431949705e+01
6.521577593598171063e+01,3.371463618721967492e+01
6.523578165190053824e+01,3.111542605676341111e+01
6.525578736781938005e+01,3.035957222535482813e+01
6.527579308373822187e+01,2.843784288628944878e+01
6.529579879965704947e+01,2.626680971960911393e+01
6.531580451557587708e+01,2.579230304172767774e+01
6.533581023149471889e+01,2.380649840599564016e+01
6.535581594741354650e+01,2.244592918284674710e+01
6.537582166333237410e+01,2.359449276676768648e+01
6.539582737925121592e+01,2.385507229484505132e+01
6.541583309517005773e+01,2.374884386333202357e+01
6.543583881108888534e+01,2.416966664928862230e+01
6.545584452700771294e+01,2.384365755362868811e+01
6.547585024292655476e+01,2.512794449484720616e+01
6.549585595884539657e+01,2.445782686651322280e+01
6.551586167476422418e+01,2.565431210304797105e+01
6.553586739068305178e+01,2.498195916755355839e+01
6.555587310660189360e+01,2.485094129709171540e+01
6.557587882252072120e+01,2.315649662462640279e+01
6.559588453843954881e+01,2.134477086675663315e+01
6.561589025435839062e+01,1.999871557302206071e+01
6.563589597027723244e+01,1.956709182958594795e+01
6.565590168619606004e+01,1.642936718755314374e+01
6.567590740211488765e+01,1.473020832240293743e+01
6.569591311803372946e+01,1.334129170610247783e+01
6.571591883395257128e+01,1.213276315250181803e+01
6.573592454987138467e+01,9.989623111688716861e+00
6.575593026579022649e+01,9.398203978265144087e+00
6.577593598170906830e+01,8.187055679012894771e+00
6.579594169762789591e+01,7.379143614087253944e+00
6.581594741354672351e+01,6.140489142374032205e+00
6.583595312946556533e+01,5.850631965388184419e+00
6.585595884538440714e+01,5.293712058863491166e+00
6.587596456130323475e+01,4.102736579432928465e+00
6.589597027722206235e+01,4.011961440754723718e+00
6.591597599314090417e+01,4.259753780992828531e+00
6.593598170905973177e+01,3.057233632415107039e+00
6.595598742497855937e+01,4.108595939195986091e+00
6.597599314089740119e+01,2.704482344455891862e+00
6.599599885681624301e+01,2.105192235705631187e+00
6.601600457273507061e+01,3.731341215263396904e+00
6.603601028865389821e+01,1.993589326886563429e+00
6.605601600457274003e+01,3.342923987399121000e+00
6.607602172049158185e+01,2.703215643106450461e+00
6.609602743641040945e+01,2.771998285878357837e+00
6.611603315232923705e+01,3.080029163713185802e+00
6.613603886824807887e+01,1.230461652199783540e+00
6.615604458416690647e+01,2.905377766351983748e+00
6.617605030008573408e+01,1.800239449211417764e+00
6.619605601600457589e+01,2.184490191458193564e+00
6.621606173192341771e+01,2.455740529343483303e+00
6.623606744784224531e+01,1.853756282258674393e+00
6.625607316376107292e+01,1.448958766442018042e+00
6.627607887967991473e+01,1.279989139439910106e+00
6.629608459559874234e+01,1.445788871021667088e+00
6.631609031151756994e+01,1.401974684880221034e+00
6.633609602743641176e+01,2.320845697298346000e+00
6.635610174335525357e+01,2.155353703146083433e+00
6.637610745927408118e+01,1.616367916953301842e+00
6.639611317519290878e+01,1.099704659071973678e+00
6.641611889111175060e+01,2.371896348840281554e+00
6.643612460703059241e+01,7.890095890793276112e-01
6.645613032294942002e+01,1.353304727697832721e+00
6.647613603886824762e+01,2.127012494046053082e+00
6.649614175478708944e+01,9.727996779280726480e-01
6.651614747070591704e+01,1.165544319027051356e+00
6.653615318662474465e+01,8.803388834568883770e-01
6.655615890254358646e+01,1.598670346347409676e+00
6.657616461846242828e+01,7.053469167115605787e-01
6.659617033438125588e+01,1.494545554752449990e+00
6.661617605030008349e+01,6.363264056876786201e-01
6.663618176621892530e+01,1.007976978099528464e+00
6.665618748213776712e+01,1.153189776836709868e+00
6.667619319805658051e+01,1.027093299127113779e+00
6.669619891397542233e+01,1.915612799966891266e+00
6.671620462989426414e+01,8.991599853801292008e-01
6.673621034581309175e+01,7.432529634711858568e-01
6.675621606173191935e+01,1.014941472141796863e+00
6.677622177765076117e+01,1.436348143281571677e+00
6.679622749356960298e+01,1.450815382471045023e+00
6.681623320948843059e+01,9.728244781956576492e-01
6.683623892540725819e+01,2.071538031089291021e+00
6.685624464132610001e+01,7.457705488123745896e-01
6.687625035724492761e+01,1.008254571652337450e+00
6.689625607316375522e+01,1.653428223668639063e+00
6.691626178908259703e+01,1.694947316079960631e+00
6.693626750500143885e+01,1.407952219246124459e+00
6.695627322092026645e+01,5.486036895621109188e-01
6.697627893683909406e+01,1.095438315698286091e+00
6.699628465275793587e+01,1.706848125465290522e+00
6.701629036867677769e+01,2.089209106013114603e+00
6.703629608459560529e+01,2.286298025741366313e+00
6.705630180051443290e+01,1.081405967698650938e+00
6.707630751643327471e+01,5.353353619170754252e-01
6.709631323235210232e+01,1.736102442855943950e+00
6.711631894827092992e+01,1.013357844240921679e+00
6.713632466418977174e+01,1.807389186107803969e+00
6.715633038010861355e+01,8.853128366970242080e-01
6.717633609602744116e+01,1.726930799807225192e+00
6.719634181194626876e+01,1.423197243636446618e+00
6.721634752786511058e+01,1.368871029585621457e+00
6.723635324378393818e+01,2.594833590533759615e+00
6.725635895970276579e+01,1.502185142784418614e+00
6.727636467562160760e+01,1.964033056446478742e+00
6.729637039154044942e+01,2.063339856646970727e+00
6.731637610745927702e+01,3.143004787398387290e+00
6.733638182337810463e+01,2.409080618840317545e+00
6.735638753929694644e+01,3.396694572669144208e+00
6.737639325521578826e+01,2.983318763138296248e+00
6.739639897113461586e+01,4.647656949024464801e+00
6.741640468705344347e+01,5.477989627328522459e+00
6.743641040297228528e+01,4.775183125564974596e+00
6.745641611889111289e+01,5.748692015583333870e+00
6.747642183480994049e+01,6.749535463355132769e+00
6.749642755072878231e+01,8.279506488703717082e+00
6.751643326664762412e+01,7.463142027459568340e+00
6.753643898256645173e+01,7.764081572575306289e+00
6.755644469848527933e+01,9.360875361948972184e+00
6.757645041440412115e+01,9.566786917787005962e+00
6.759645613032296296e+01,8.395608133430506825e+00
6.761646184624177636e+01,8.700627280010833076e+00
6.763646756216061817e+01,8.581112309454171694e+00
6.765647327807945999e+01,8.130455475674166266e+00
6.767647899399828759e+01,6.968875699594598849e+00
6.769648470991711520e+01,6.565571961065334250e+00
6.771649042583595701e+01,6.874442218766868784e+00
6.773649614175479883e+01,6.452142903084594927e+00
6.775650185767362643e+01,4.599606326182840377e+00
6.777650757359245404e+01,4.215362428455716071e+00
6.779651328951129585e+01,2.983163499893226600e+00
6.781651900543012346e+01,2.437209389126612002e+00
6.783652472134895106e+01,3.705877019718339493e+00
6.785653043726779288e+01,2.152013457517442774e+00
6.787653615318663469e+01,1.896785299335175479e+00
6.789654186910546230e+01,2.173644772977359807e+00
6.791654758502428990e+01,1.871231337988320309e+00
6.793655330094313172e+01,1.694081023849552503e+00
6.795655901686197353e+01,2.598512408382448235e+00
6.797656473278080114e+01,8.706708553307243026e-01
6.799657044869962874e+01,2.362640235181474591e+00
6.801657616461847056e+01,1.279744256836909733e+00
6.803658188053729816e+01,1.378209455911620696e+00
6.805658759645612577e+01,1.493488608926571537e+00
6.807659331237496758e+01,1.329973370477921746e+00
6.809659902829380940e+01,1.609722542507442400e+00
6.811660474421263700e+01,1.427304758520523409e+00
6.813661046013146461e+01,1.306821036719755025e+00
6.815661617605030642e+01,8.677116247927447734e-01
6.817662189196913403e+01,2.588353036556285236e+00
6.819662760788796163e+01,2.371020841218158814e+00
6.821663332380680345e+01,1.494787657726445840e+00
6.823663903972564526e+01,2.896074063757508643e+00
6.825664475564447287e+01,2.501624499956354164e+00
6.827665047156330047e+01,2.923949793032239342e+00
6.829665618748214229e+01,1.939894245627606484e+00
6.831666190340098410e+01,3.974122759804321170e+00
6.833666761931981171e+01,4.014777262297001492e+00
6.835667333523863931e+01,3.423835252397332329e+00
6.837667905115748113e+01,4.180073811850379961e+00
6.839668476707630873e+01,5.905286771929971756e+00
6.841669048299513634e+01,5.995105625479991929e+00
6.843669619891397815e+01,7.358846894289880147e+00
6.845670191483281997e+01,7.790435824182811331e+00
6.847670763075164757e+01,8.321554822575622623e+00
6.849671334667047518e+01,8.736733784314600015e+00
6.851671906258931699e+01,1.020620578917323051e+01
6.853672477850815881e+01,1.169105685972985498e+01
6.855673049442697220e+01,1.237959196393363115e+01
6.857673621034581402e+01,1.110934703207981933e+01
6.859674192626465583e+01,1.128643159059643786e+01
6.861674764218348344e+01,1.182901922182168875e+01
6.863675335810231104e+01,1.142380123123377089e+01
6.865675907402115286e+01,1.021935086447711249e+01
6.867676478993999467e+01,1.000472314596721368e+01
6.869677050585882228e+01,8.700748011824982697e+00
6.871677622177764988e+01,7.302571741138232930e+00
6.873678193769649170e+01,6.432947606609237035e+00
6.875678765361531930e+01,5.312829251582237511e+00
6.877679336953414690e+01,4.811315775972178521e+00
6.879679908545298872e+01,4.365081228147691839e+00
6.881680480137183054e+01,3.117418081140437724e+00
6.883681051729065814e+01,3.959489645852380502e+00
6.885681623320948574e+01,3.692792711684527607e+00
6.887682194912832756e+01,3.413405008246513272e+00
6.889682766504716938e+01,2.870715243574290643e+00
6.891683338096599698e+01,2.256882053666515731e+00
6.893683909688482458e+01,1.970374462981412389e+00
6.895684481280366640e+01,1.433774181308147044e+00
6.897685052872249400e+01,1.233017447765208496e+00
6.899685624464132161e+01,9.416764114353884940e-01
6.901686196056016342e+01,1.872652312100234973e+00
6.903686767647900524e+01,1.318050118095233536e+00
6.905687339239783284e+01,1.984834690639102339e+00
6.907687910831666045e+01,1.858987584909118196e+00
6.909688482423550226e+01,1.095691541076341702e+00
6.911689054015432987e+01,1.560206734383144722e+00
6.913689625607315747e+01,5.459310955003359167e-01
6.915690197199199929e+01,1.885656134428519426e+00
6.917690768791084110e+01,1.693983180723535931e+00
6.919691340382966871e+01,1.732050261312968908e+00
6.921691911974849631e+01,1.272169096684345746e+00
6.923692483566733813e+01,1.271826682158557986e+00
6.925693055158617994e+01,2.058693615895134776e+00
6.927693626750500755e+01,1.074195503834205034e+00
6.929694198342383515e+01,5.906293604403403119e-01
6.931694769934267697e+01,6.826918905444386843e-01
6.933695341526150457e+01,7.805047926958325055e-01
6.935695913118033218e+01,1.633562029468023757e+00
6.937696484709917399e+01,9.597540318518859026e-01
6.939697056301801581e+01,5.059647891274751119e-01
6.941697627893684341e+01,1.180985705967163124e+00
6.943698199485567102e+01,4.850130011164179855e-01
6.945698771077451283e+01,1.055573671224626420e+00
6.947699342669335465e+01,3.961445568828169672e-01
6.949699914261216804e+01,1.569150340860367532e+00
6.951700485853100986e+01,1.391133618107593284e+00
6.953701057444985167e+01,1.761970336028829687e+00
6.955701629036867928e+01,1.707409470531782159e+00
6.957702200628750688e+01,2.061446635110102399e+00
6.959702772220634870e+01,1.144899377525921969e+00
6.961703343812519051e+01,1.665703431498212650e+00
6.963703915404401812e+01,2.016861298774886180e+00
6.965704486996284572e+01,5.997355396474867151e-01
6.967705058588168754e+01,1.661948950739428055e+00
6.969705630180051514e+01,4.897301967464528505e-01
6.971706201771934275e+01,1.893746782377683679e+00
6.973706773363818456e+01,3.579654950600010821e-01
6.975707344955702638e+01,1.054952526184670614e+00
6.977707916547585398e+01,1.711697637375598324e+00
6.979708488139468159e+01,4.084197157800783518e-01
6.981709059731352340e+01,8.564631700559243166e-01
6.983709631323236522e+01,8.523695289944273057e-01
6.985710202915119282e+01,4.896712581935429576e-01
6.987710774507002043e+01,7.723066026502736214e-01
6.989711346098886224e+01,3.254913503100700933e-01
6.991711917690768985e+01,1.102918641709878411e+00
6.993712489282651745e+01,1.331785089793278143e+00
6.995713060874535927e+01,2.517132966151054974e-01
6.997713632466420108e+01,7.351399182768495466e-01
6.999714204058302869e+01,9.075961369300282744e-01
7.001714775650185629e+01,8.413947615358452481e-01
7.003715347242069811e+01,1.849159756021591550e+00
7.005715918833952571e+01,1.138948843510948272e+00
7.007716490425835332e+01,5.439821406123662717e-01
7.009717062017719513e+01,1.026181999489087282e+00
7.011717633609603695e+01,1.472367407504436398e+00
7.013718205201486455e+01,3.150290050269491382e-01
7.015718776793369216e+01,1.596538786081774575e+00
7.017719348385253397e+01,2.208784228479123701e-01
7.019719919977137579e+01,5.164306927656334700e-01
7.021720491569020339e+01,1.468734781874627915e+00
7.023721063160903100e+01,8.314026548425385021e-01
7.025721634752787281e+01,2.009114023318655740e+00
7.027722206344670042e+01,5.119359556995815019e-01
7.029722777936552802e+01,1.795540962185301570e+00
7.031723349528436984e+01,8.401129519710922589e-01
7.033723921120321165e+01,1.898734747343773677e+00
7.035724492712203926e+01,1.890900062789564018e+00
7.037725064304086686e+01,2.372557649591806039e-01
7.039725635895970868e+01,1.337508083538337500e+00
7.041726207487855049e+01,1.176156779201641855e+00
7.043726779079736389e+01,1.736780693532272490e+00
7.045727350671620570e+01,2.450667870951059035e-01
7.047727922263504752e+01,1.508012748386430291e+00
7.049728493855387512e+01,2.108066165223455302e-01
7.051729065447270273e+01,2.031157584579594277e-01
7.053729637039154454e+01,1.234456547510133895e+00
7.055730208631038636e+01,1.635927524508635322e+00
7.057730780222921396e+01,1.926608577503836628e+00
7.059731351814804157e+01,7.066881094893192605e-01
7.061731923406688338e+01,4.484473686577901685e-01
7.063732494998571099e+01,1.849088424982928025e+00
7.065733066590453859e+01,3.814848245754203226e-01
7.067733638182338041e+01,1.542178786649598843e+00
7.069734209774222222e+01,1.088769834885870980e+00
7.071734781366104983e+01,1.853594174972615694e+00
7.073735352957987743e+01,1.833971706157132120e+00
7.075735924549871925e+01,1.116163823839219305e+00
7.077736496141756106e+01,2.777387723876583170e+00
7.079737067733638867e+01,2.348115654367574745e+00
7.081737639325521627e+01,2.866461676373436074e+00
7.083738210917405809e+01,3.483208780392835546e+00
7.085738782509288569e+01,3.020267760878026841e+00
7.087739354101171330e+01,3.732842963973422190e+00
7.089739925693055511e+01,3.927406820897052508e+00
7.091740497284939693e+01,4.663763351542607793e+00
7.093741068876822453e+01,3.366988204106985627e+00
7.095741640468705214e+01,5.200716050038329819e+00
7.097742212060589395e+01,4.298759979265093456e+00
7.099742783652472156e+01,4.986919505560414301e+00
7.101743355244354916e+01,5.731519467764055520e+00
7.103743926836239098e+01,5.623693604630609855e+00
7.105744498428123279e+01,4.491862548514920839e+00
7.107745070020006040e+01,4.582212299171238179e+00
7.109745641611888800e+01,4.629077344950786710e+00
7.111746213203772982e+01,4.763848827208846615e+00
7.113746784795657163e+01,4.309024368507118119e+00
7.115747356387539924e+01,3.369081105828914513e+00
7.117747927979422684e+01,4.066063302590912976e+00
7.119748499571306866e+01,3.192025370062971490e+00
7.121749071163189626e+01,2.118427095293338613e+00
7.123749642755072387e+01,2.974714656895335096e+00
7.125750214346956568e+01,1.874829421760698667e+00
7.127750785938840750e+01,1.660139457549202335e+00
7.129751357530723510e+01,1.773563996334316162e+00
7.131751929122606271e+01,1.709032881908974844e+00
7.133752500714490452e+01,7.345842351511805424e-01
7.135753072306374634e+01,1.840009377659811651e+00
7.137753643898255973e+01,8.263550064322370270e-01
7.139754215490140155e+01,8.013691427144941093e-01
7.141754787082024336e+01,1.659598061362084431e+00
7.143755358673907097e+01,1.188447671380070014e+00
7.145755930265789857e+01,1.258996314515726134e+00
7.147756501857674039e+01,1.543187580462219710e+00
7.149757073449558220e+01,1.840744601185865026e+00
7.151757645041440981e+01,2.193274136899843629e+00
7.153758216633323741e+01,1.282031220634845869e+00
7.155758788225207923e+01,1.015785314245326143e+00
7.157759359817090683e+01,2.271555246531171246e+00
7.159759931408973443e+01,1.343383662630839970e+00
7.161760503000857625e+01,1.955186142062900867e+00
7.163761074592741807e+01,1.084337269339234355e+00
7.165761646184624567e+01,9.699345364413280990e-01
7.167762217776507327e+01,1.218036597006941557e+00
7.169762789368391509e+01,2.111517422367652053e+00
7.171763360960275691e+01,8.007916722905777940e-01
7.173763932552158451e+01,6.427381802487894813e-01
7.175764504144041211e+01,1.737105451239703058e+00
7.177765075735925393e+01,1.777595289849966287e+00
7.179765647327808153e+01,5.335790722449771373e-01
7.181766218919690914e+01,1.656186873185885755e+00
7.183766790511575095e+01,2.253486634657808629e+00
7.185767362103459277e+01,7.545638982126005034e-01
7.187767933695342037e+01,1.532016999197066687e+00
7.189768505287224798e+01,1.998431712847182018e+00
7.191769076879108979e+01,2.562249870040148814e+00
7.193769648470991740e+01,1.962736900107406424e+00
7.195770220062874500e+01,2.164782738398220996e+00
7.197770791654758682e+01,1.655095521934387692e+00
7.199771363246642863e+01,1.892548159073046632e+00
7.201771934838525624e+01,3.811568897262465061e+00
7.203772506430408384e+01,2.797720927487533871e+00
7.205773078022292566e+01,3.495796716785217306e+00
7.207773649614176747e+01,5.465417413845944594e+00
7.209774221206059508e+01,5.670771606558253630e+00
7.211774792797942268e+01,6.277281190764469443e+00
7.213775364389826450e+01,7.318438109341603770e+00
7.215775935981709210e+01,7.031980731134396478e+00
7.217776507573591971e+01,8.894705702299090078e+00
7.219777079165476152e+01,9.882823459727308801e+00
7.221777650757360334e+01,1.106413098918817539e+01
7.223778222349243094e+01,1.017570772033186266e+01
7.225778793941125855e+01,1.188435922381098386e+01
7.227779365533010036e+01,1.198478558708538699e+01
7.229779937124894218e+01,1.243717423280740597e+01
7.231780508716775557e+01,1.374851662257174922e+01
7.233781080308659739e+01,1.335319145829956256e+01
7.235781651900543920e+01,1.426589086635898518e+01
7.237782223492426681e+01,1.463356263933448176e+01
7.239782795084309441e+01,1.494458088862719869e+01
7.241783366676193623e+01,1.484213638624984455e+01
7.243783938268077804e+01,1.552421672952584331e+01
7.245784509859960565e+01,1.422013423604087912e+01
7.247785081451843325e+01,1.450859688492341171e+01
7.249785653043727507e+01,1.458332507253241950e+01
7.251786224635610267e+01,1.310112685861202486e+01
7.253786796227493028e+01,1.168978515792649375e+01
7.255787367819377209e+01,1.132817700182080856e+01
7.257787939411261391e+01,1.018369567515704155e+01
7.259788511003144151e+01,8.894601383960448970e+00
7.261789082595026912e+01,9.293823324697532584e+00
7.263789654186911093e+01,7.359674110270061576e+00
7.265790225778795275e+01,6.428531382433769537e+00
7.267790797370678035e+01,5.659225030531125356e+00
7.269791368962560796e+01,4.622696524647171401e+00
7.271791940554444977e+01,5.072803635012371970e+00
7.273792512146327738e+01,3.621799407505605028e+00
7.275793083738210498e+01,2.524506456313732272e+00
7.277793655330094680e+01,3.275458153697591968e+00
7.279794226921978861e+01,2.991359019120022111e+00
7.281794798513861622e+01,2.811398963100066872e+00
7.283795370105744382e+01,3.214732298214975525e+00
7.285795941697628564e+01,2.735796061764338205e+00
7.287796513289511324e+01,1.755235802353376506e+00
7.289797084881394085e+01,1.926836904221121971e+00
7.291797656473278266e+01,2.157622077988661236e+00
7.293798228065162448e+01,2.227363970089721423e+00
7.295798799657045208e+01,2.850787313469137718e+00
7.297799371248927969e+01,1.195559993770198837e+00
7.299799942840812150e+01,2.832785334785350884e+00
7.301800514432696332e+01,3.281604120772935840e+00
7.303801086024579092e+01,2.323533530549988679e+00
7.305801657616461853e+01,3.666589327812164623e+00
7.307802229208346034e+01,3.695985975643779398e+00
7.309802800800228795e+01,4.303338666241451449e+00
7.311803372392111555e+01,4.949596772255342891e+00
7.313803943983995737e+01,4.322308967844322503e+00
7.315804515575879918e+01,4.729206637887371834e+00
7.317805087167762679e+01,6.905230297386434124e+00
7.319805658759645439e+01,6.688184054950693458e+00
7.321806230351529621e+01,7.887677912445625772e+00
7.323806801943413802e+01,8.355823134808771258e+00
7.325807373535295142e+01,8.825984372968171954e+00
7.327807945127179323e+01,9.408131792066876997e+00
7.329808516719063505e+01,1.007131571891344635e+01
7.331809088310946265e+01,1.122423807982692345e+01
7.333809659902829026e+01,1.121918717515986508e+01
7.335810231494713207e+01,9.783540938900404882e+00
7.337810803086597389e+01,1.109660024317659754e+01
7.339811374678480149e+01,8.812729445008399054e+00
7.341811946270362910e+01,8.330135244335211908e+00
7.343812517862247091e+01,7.995723664785838736e+00
7.345813089454129852e+01,7.959127078242246967e+00
7.347813661046012612e+01,8.097768430445814403e+00
7.349814232637896794e+01,6.143368495693955822e+00
7.351814804229780975e+01,6.816718188224719199e+00
7.353815375821663736e+01,6.002664518280417916e+00
7.355815947413546496e+01,4.853790841248693866e+00
7.357816519005430678e+01,5.416331920451626480e+00
7.359817090597314859e+01,4.743604624539446313e+00
7.361817662189197620e+01,5.271228693699553602e+00
7.363818233781080380e+01,6.499289434217367045e+00
7.365818805372964562e+01,4.784311754051480570e+00
7.367819376964847322e+01,5.820963949834403905e+00
7.369819948556730083e+01,5.702414219615683955e+00
7.371820520148614264e+01,5.194291807646527204e+00
7.373821091740498446e+01,6.025068210949692471e+00
7.375821663332381206e+01,5.318380392808339074e+00
7.377822234924263967e+01,6.696914054005770112e+00
7.379822806516148148e+01,4.955594751994198077e+00
7.381823378108030909e+01,5.038221173419993093e+00
7.383823949699913669e+01,4.172831065644197146e+00
7.385824521291797851e+01,5.150769179458142943e+00
7.387825092883682032e+01,4.111641749612361174e+00
7.389825664475564793e+01,4.015402729532417503e+00
7.391826236067447553e+01,2.756091740730920669e+00
7.393826807659331735e+01,2.383704440954157011e+00
7.395827379251215916e+01,3.498975369117498069e+00
7.397827950843098677e+01,2.380398005212759571e+00
7.399828522434981437e+01,2.810301798372705662e+00
7.401829094026865619e+01,2.434590488325927282e+00
7.403829665618748379e+01,2.949911859270218262e+00
7.405830237210632561e+01,1.068777514433120190e+00
7.407830808802515321e+01,1.818224886450667155e+00
7.409831380394398082e+01,2.247194392525861062e+00
7.411831951986282263e+01,1.598396983460107057e+00
7.413832523578165024e+01,2.173851566157322335e+00
7.415833095170049205e+01,2.892667538694662088e+00
7.417833666761931966e+01,2.719685170986756884e+00
7.419834238353816147e+01,2.960480359179011423e+00
7.421834809945698908e+01,1.893363969323153428e+00
7.423835381537583089e+01,2.200398980635397184e+00
7.425835953129465850e+01,2.777257478485222197e+00
7.427836524721348610e+01,2.887461863105028392e+00
7.429837096313232792e+01,3.251618114317089248e+00
7.431837667905115552e+01,4.133368369604925263e+00
7.433838239496999734e+01,2.986085159329699312e+00
7.435838811088882494e+01,3.990956649999862549e+00
7.437839382680766676e+01,3.295090928797250740e+00
7.439839954272649436e+01,2.615981141941000399e+00
7.441840525864533618e+01,3.958329790512970625e+00
7.443841097456416378e+01,2.519546787964807688e+00
7.445841669048300560e+01,2.515910679254395266e+00
7.447842240640183320e+01,3.218690869959130563e+00
7.449842812232066080e+01,3.159494800948503102e+00
7.451843383823950262e+01,1.229709435218254265e+00
7.453843955415833022e+01,2.853658311759586397e+00
7.455844527007717204e+01,1.480962039893167548e+00
7.457845098599599964e+01,2.054331202586635374e+00
7.459845670191484146e+01,6.464184448903411706e-01
7.461846241783366906e+01,1.684379585066886564e+00
7.463846813375251088e+01,5.751245268276236056e-01
7.465847384967133848e+01,1.119161325598261758e+00
7.467847956559016609e+01,1.631484755058615121e+00
7.469848528150900790e+01,1.553059787602318220e+00
7.471849099742783551e+01,2.143897123705376551e+00
7.473849671334667732e+01,5.919100797689785809e-01
7.475850242926550493e+01,1.825078176356798698e+00
7.477850814518434674e+01,1.160789633263868526e+00
7.479851386110317435e+01,4.552667345847500324e-01
7.481851957702201616e+01,1.407573671247845049e+00
7.483852529294084377e+01,5.145182282018606612e-01
7.485853100885967137e+01,8.403725503214951598e-01
7.487853672477851319e+01,2.070602879273342634e+00
7.489854244069734079e+01,1.838065719797266073e+00
7.491854815661618261e+01,7.455557241263613966e-01
7.493855387253501021e+01,7.749697832687305610e-01
7.495855958845385203e+01,1.631973393980726383e+00
7.497856530437267963e+01,1.715553073342557688e+00
7.499857102029152145e+01,2.227489263585991974e+00
7.501857673621034905e+01,1.238669953665163082e+00
7.503858245212917666e+01,9.685464146235649441e-01
7.505858816804801847e+01,1.324139920469899145e+00
7.507859388396684608e+01,2.078946367317809685e+00
7.509859959988568789e+01,2.182589378706593308e+00
7.511860531580451550e+01,8.844055011803918509e-01
7.513861103172335731e+01,1.417601226985466090e+00
7.515861674764218492e+01,2.688727713951357234e+00
7.517862246356102673e+01,2.796647381650170683e+00
7.519862817947985434e+01,1.469465324652191374e+00
7.521863389539868194e+01,3.272128431924591130e+00
7.523863961131752376e+01,2.862135436167795532e+00
7.525864532723635136e+01,2.414953274796863614e+00
7.527865104315519318e+01,3.206305011699114527e+00
7.529865675907402078e+01,2.840161187016224886e+00
7.531866247499286260e+01,2.925103464586920055e+00
7.533866819091169020e+01,1.997527795194064426e+00
7.535867390683053202e+01,2.061088765463518158e+00
7.537867962274935962e+01,1.800116429180516064e+00
7.539868533866820144e+01,3.313090706675712038e+00
7.541869105458702904e+01,1.540998667498698627e+00
7.543869677050585665e+01,3.389983982016842035e+00
7.545870248642469846e+01,1.992373743694610511e+00
7.547870820234352607e+01,3.589355921792514170e+00
7.549871391826236788e+01,2.990861026141764079e+00
7.551871963418119549e+01,3.298414149580991328e+00
7.553872535010003730e+01,4.020696052444568735e+00
7.555873106601886491e+01,4.294500802673632656e+00
7.557873678193770672e+01,5.367637307504890209e+00
7.559874249785653433e+01,5.687943707798808646e+00
7.561874821377536193e+01,5.072917695784964209e+00
7.563875392969420375e+01,7.507215368898812358e+00
7.565875964561303135e+01,7.941453088609125466e+00
7.567876536153187317e+01,6.957763772306785555e+00
7.569877107745070077e+01,8.569237432411568989e+00
7.571877679336954259e+01,9.595835436031705967e+00
7.573878250928837019e+01,8.742771011568995831e+00
7.575878822520721201e+01,9.710967429180726640e+00
7.577879394112603961e+01,1.049445883702565752e+01
7.579879965704486722e+01,9.655008056076939127e+00
7.581880537296370903e+01,9.511572445196188497e+00
7.583881108888253664e+01,9.888810419033525534e+00
7.585881680480137845e+01,1.033788410913359179e+01
7.587882252072020606e+01,1.001669153187466677e+01
7.589882823663904787e+01,8.485369642149894531e+00
7.591883395255787548e+01,8.462767848364004308e+00
7.593883966847671729e+01,8.125487318667207859e+00
7.595884538439554490e+01,6.743383489108220274e+00
7.597885110031437250e+01,6.727302043080341853e+00
7.599885681623321432e+01,6.737992121734921014e+00
7.601886253215204192e+01,6.203229693253565102e+00
7.603886824807088374e+01,3.882741716233078844e+00
7.605887396398971134e+01,4.550184356250283280e+00
7.607887967990855316e+01,3.293985730291414171e+00
7.609888539582738076e+01,4.132888006488311561e+00
7.611889111174622258e+01,2.665888144847123886e+00
7.613889682766505018e+01,2.593252347851237705e+00
7.615890254358387779e+01,2.815387724789339519e+00
7.617890825950271960e+01,3.283854042968783471e+00
7.619891397542154721e+01,3.503137098953420292e+00
7.621891969134038902e+01,2.837876850346973345e+00
7.623892540725921663e+01,2.934702435477441362e+00
7.625893112317805844e+01,2.923750429182467414e+00
7.627893683909688605e+01,1.537477835663246584e+00
7.629894255501572786e+01,2.122533719901840144e+00
7.631894827093455547e+01,2.373298470911272329e+00
7.633895398685339728e+01,2.245668923290211616e+00
7.635895970277222489e+01,1.869927417655201207e+00
7.637896541869105249e+01,1.582982326757769176e+00
7.639897113460989431e+01,1.765947724839560085e+00
7.641897685052872191e+01,1.859635158139060662e+00
7.643898256644756373e+01,9.403069480553067905e-01
7.645898828236639133e+01,1.927470349007982309e+00
7.647899399828523315e+01,4.003626136575671457e-01
7.649899971420406075e+01,1.531442309047628347e+00
7.651900543012290257e+01,3.743669797393638921e-01
7.653901114604173017e+01,8.355788664154333301e-01
7.655901686196055778e+01,1.423923348487756257e+00
7.657902257787939959e+01,1.706657555910326973e+00
7.659902829379822720e+01,7.049322045851686980e-01
7.661903400971706901e+01,9.048447882842530765e-01
7.663903972563589662e+01,1.104124507068265038e+00
7.665904544155473843e+01,1.825849147257099458e+00
7.667905115747356604e+01,1.394667618044886703e+00
7.669905687339240785e+01,1.388133336450559085e-01
7.671906258931123546e+01,1.665167620377556446e-01
7.673906830523006306e+01,4.110965019893005890e-01
7.675907402114890488e+01,7.973045400526176385e-01
7.677907973706773248e+01,1.643438949443545072e+00
7.679908545298657430e+01,1.396934435867053903e+00
7.681909116890540190e+01,1.024805739788785086e+00
7.683909688482424372e+01,2.038267476413571533e+00
7.685910260074307132e+01,1.903383472417760069e+00
7.687910831666191314e+01,2.006611111015590865e+00
7.689911403258074074e+01,1.550269959073752757e+00
7.691911974849956835e+01,3.968417429912748373e-01
7.693912546441841016e+01,1.242785174682879523e+00
7.695913118033723777e+01,4.623339213440335049e-01
7.697913689625607958e+01,1.199345936733636542e+00
7.699914261217490719e+01,1.851179498703012349e+00
7.701914832809374900e+01,1.535095392547834336e+00
7.703915404401257661e+01,5.195993421741279539e-01
7.705915975993141842e+01,1.406207533764665785e+00
7.707916547585024603e+01,1.009873323024886860e+00
7.709917119176907363e+01,4.378278688391996076e-01
7.711917690768791545e+01,1.753662858993876528e+00
7.713918262360674305e+01,1.551967140780065479e+00
7.715918833952558487e+01,1.287567243269191586e+00
7.717919405544441247e+01,7.218428540524126635e-01
7.719919977136325429e+01,1.438585577684243555e+00
7.721920548728208189e+01,1.743369848834736002e+00
7.723921120320092371e+01,1.034853208574412653e+00
7.725921691911975131e+01,1.890896022185056147e+00
7.727922263503859313e+01,1.481787735203758727e+00
7.729922835095742073e+01,9.455474949110536098e-01
7.731923406687624833e+01,1.023456069707925353e+00
7.733923978279509015e+01,1.671829834985015806e+00
7.735924549871391775e+01,1.561098014904671816e+00
7.737925121463275957e+01,1.073889025846406442e+00
7.739925693055158717e+01,1.419466440471969515e-01
7.741926264647042899e+01,1.219005127179818793e+00
7.743926836238925659e+01,3.018035364765083162e-01
7.745927407830809841e+01,1.716656188726637833e+00
7.747927979422692601e+01,1.596843259807888327e+00
7.749928551014575362e+01,1.061092460067671217e+00
7.751929122606459543e+01,1.761133163913374267e+00
7.753929694198342304e+01,3.487385402668853884e-01
7.755930265790226485e+01,1.302357918876209331e+00
7.757930837382109246e+01,5.011605537504224550e-01
7.759931408973993427e+01,6.609618470827096637e-01
7.761931980565876188e+01,3.332336218838021225e-01
7.763932552157760369e+01,1.359312612603260195e+00
7.765933123749643130e+01,1.648105688397415447e+00
7.767933695341525890e+01,5.022715486109191607e-01
7.769934266933410072e+01,1.748591419767569821e+00
7.771934838525292832e+01,8.911435421486816333e-01
7.773935410117177014e+01,1.840475992677186312e+00
7.775935981709059774e+01,2.331582590500372032e-01
7.777936553300943956e+01,1.208060819152640519e+00
7.779937124892826716e+01,5.055244456146661403e-01
7.781937696484710898e+01,1.524951006633866069e+00
7.783938268076593658e+01,5.611149374352424335e-01
7.785938839668476419e+01,2.492686235402113704e-01
7.787939411260360600e+01,8.236679136146777269e-01
7.789939982852243361e+01,1.142359263402296321e+00
7.791940554444127542e+01,1.154563420054439904e+00
7.793941126036010303e+01,9.404232908924023970e-01
7.795941697627894484e+01,1.787287234585130280e+00
7.797942269219777245e+01,1.642861336620722534e+00
7.799942840811661426e+01,1.904543793738154189e+00
7.801943412403544187e+01,8.067786253417436049e-01
7.803943983995426947e+01,1.385879069981445777e-01
7.805944555587311129e+01,1.091720298974165226e+00
7.807945127179193889e+01,2.901333048523239144e-01
7.809945698771078071e+01,1.641027747616101928e+00
7.811946270362960831e+01,1.950119405969001685e+00
7.813946841954845013e+01,1.890141627528546087e+00
7.815947413546727773e+01,1.471103502986792488e+00
7.817947985138611955e+01,1.253773756544015905e+00
7.819948556730494715e+01,5.616911889851262663e-01
7.821949128322378897e+01,1.535955406638833454e+00
7.823949699914261657e+01,1.720043424112189578e+00
7.825950271506144418e+01,4.374085536266389407e-01
7.827950843098028599e+01,1.225375916105975627e+00
7.829951414689911360e+01,1.899425867533469869e+00
7.831951986281795541e+01,5.530052471724287155e-01
7.833952557873678302e+01,5.604003633170937526e-01
7.835953129465562483e+01,1.571036766695386444e-01
7.837953701057445244e+01,2.702881236941089838e-01
7.839954272649329425e+01,6.703916966095270213e-01
7.841954844241212186e+01,1.069616343578451367e+00
7.843955415833094946e+01,5.850164784996375600e-01
7.845955987424979128e+01,1.388246389441232020e+00
7.847956559016861888e+01,1.679994759925578673e+00
7.849957130608746070e+01,2.525174265252244088e-01
7.851957702200628830e+01,9.495169746391001198e-01
7.853958273792513012e+01,1.182144975504272999e+00
7.855958845384395772e+01,2.634590276073762172e-01
7.857959416976279954e+01,1.494393696677664751e+00
7.859959988568162714e+01,1.644762101627693207e+00
7.861960560160045475e+01,4.959453823479954004e-01
7.863961131751929656e+01,1.983535698205127096e+00
7.865961703343812417e+01,6.811874981682725094e-01
7.867962274935696598e+01,1.245568963568979282e+00
7.869962846527579359e+01,1.497319309265454645e+00
7.871963418119463540e+01,2.327766009319928830e+00
7.873963989711346301e+01,2.435760424470436725e+00
7.875964561303230482e+01,1.575792204785859241e+00
7.877965132895113243e+01,1.432016174809783049e+00
7.879965704486996003e+01,1.523467886897834189e+00
7.881966276078880185e+01,3.359137909851639403e+00
7.883966847670762945e+01,3.670299329824494361e+00
7.885967419262647127e+01,2.425027984624323452e+00
7.887967990854529887e+01,4.181056615175211988e+00
7.889968562446414069e+01,4.253557928672546673e+00
7.891969134038296829e+01,3.557304308402618798e+00
7.893969705630181011e+01,3.096552823773689678e+00
7.895970277222063771e+01,3.765482461691419314e+00
7.897970848813946532e+01,4.902808416035979278e+00
7.899971420405830713e+01,3.526747996479919767e+00
7.901971991997713474e+01,4.543625589992240421e+00
7.903972563589597655e+01,3.971829295225862477e+00
7.905973135181480416e+01,5.164745287578025312e+00
7.907973706773364597e+01,4.061955650663273687e+00
7.909974278365247358e+01,4.267703403567842280e+00
7.911974849957131539e+01,5.345652815670230318e+00
7.913975421549014300e+01,4.730626886900451744e+00
7.915975993140898481e+01,3.168543301813453450e+00
7.917976564732781242e+01,4.802726713250304869e+00
7.919977136324664002e+01,4.168999522819912151e+00
7.921977707916548184e+01,4.176632485040769893e+00
7.923978279508430944e+01,2.162130948543909081e+00
7.925978851100315126e+01,3.419645531823044760e+00
7.927979422692197886e+01,3.039213483339474831e+00
7.929979994284082068e+01,1.655536182271930778e+00
7.931980565875964828e+01,2.615502368906596153e+00
7.933981137467849010e+01,1.706604311844596600e+00
7.935981709059731770e+01,9.181214773614668756e-01
7.937982280651614531e+01,1.596728659450193932e+00
7.939982852243498712e+01,1.768387220295882356e+00
7.941983423835381473e+01,1.188941391561579630e+00
7.943983995427265654e+01,1.084645946669033245e+00
7.945984567019148415e+01,1.741829849690033072e+00
7.947985138611032596e+01,2.159633192422564463e+00
7.949985710202915357e+01,1.639477245722817722e+00
7.951986281794799538e+01,8.675924309818640046e-01
7.953986853386682299e+01,1.511864736365023720e+00
7.955987424978565059e+01,6.099295542682614535e-01
7.957987996570449241e+01,8.488550577745951342e-01
7.959988568162332001e+01,1.781690865545695557e+00
7.961989139754216183e+01,1.167666708524415675e+00
7.963989711346098943e+01,7.610473068435769095e-01
7.965990282937983125e+01,5.026163644684417120e-01
7.967990854529865885e+01,7.887696489029226710e-01
7.969991426121750067e+01,1.309109443032649756e+00
7.971991997713632827e+01,2.043301258158669031e-01
7.973992569305515588e+01,1.422807624111283253e+00
7.975993140897399769e+01,1.352537386516552420e+00
7.977993712489282530e+01,4.079428409654734522e-01
7.979994284081166711e+01,8.978642380870143214e-01
7.981994855673049472e+01,1.208725635464153125e+00
7.983995427264933653e+01,1.450523503860020824e+00
7.985995998856816414e+01,1.410736150678056466e+00
7.987996570448700595e+01,1.474340295259698008e+00
7.989997142040583356e+01,1.706563642861641528e-01
7.991997713632466116e+01,8.631516226551526616e-01
7.993998285224350298e+01,1.556461181439573682e+00
7.995998856816233058e+01,4.117241191912031639e-01
7.997999428408117240e+01,2.296182222795121741e-01
8.000000000000000000e+01,1.188788557061473794e+00
