angle,intensity
1.000000000000000000e+01,3.450665088073054498e+00
1.002000571591883471e+01,1.255535365602019660e+01
1.004001143183766764e+01,1.239243501433616856e+01
1.006001714775650235e+01,1.305936033749595460e+01
1.008002286367533529e+01,1.312955819118201362e+01
1.010002857959417000e+01,1.321136641441820281e+01
1.012003429551300293e+01,1.329692205546554185e+01
1.014004001143183764e+01,1.382586882223510294e+01
1.016004572735067235e+01,1.345504738342575735e+01
1.018005144326950528e+01,1.416643269839223862e+01
1.020005715918833999e+01,1.450641228132201732e+01
1.022006287510717293e+01,1.522638369624191768e+01
1.024006859102600764e+01,1.492410224329309187e+01
1.026007430694484057e+01,1.477202256322979501e+01
1.028008002286367528e+01,1.478212837572030836e+01
1.030008573878250999e+01,1.564634899732004847e+01
1.032009145470134293e+01,1.554662635014162753e+01
1.034009717062017764e+01,1.543761181602616261e+01
1.036010288653901057e+01,1.592004164929653065e+01
1.038010860245784528e+01,1.693132884053922993e+01
1.040011431837667999e+01,1.726033606163737488e+01
1.042012003429551292e+01,1.623031111253964198e+01
1.044012575021434763e+01,1.660064382342908829e+01
1.046013146613318057e+01,1.826104740171550489e+01
1.048013718205201528e+01,1.821070223478035288e+01
1.050014289797084821e+01,1.845036225936978269e+01
1.052014861388968292e+01,1.801417667786205712e+01
1.054015432980851585e+01,1.932971725218784087e+01
1.056016004572735056e+01,1.951668979300342954e+01
1.058016576164618527e+01,1.867559577830335016e+01
1.060017147756501821e+01,1.955699028269391349e+01
1.062017719348385292e+01,2.064129710123357953e+01
1.064018290940268585e+01,1.992804209086887823e+01
1.066018862532152056e+01,2.101167344011974691e+01
1.068019434124035527e+01,2.080527366740958684e+01
1.070020005715918820e+01,2.077337586007807957e+01
1.072020577307802292e+01,2.096388369416578712e+01
1.074021148899685585e+01,2.118432171073955317e+01
1.076021720491569056e+01,2.158045298667841294e+01
1.078022292083452349e+01,2.235615801356899723e+01
1.080022863675335820e+01,2.173116144945182171e+01
1.082023435267219291e+01,2.128311303530148990e+01
1.084024006859102585e+01,2.142107052769295095e+01
1.086024578450986056e+01,2.253654843763163740e+01
1.088025150042869349e+01,2.195188313290410420e+01
1.090025721634752820e+01,2.217867949533158978e+01
1.092026293226636113e+01,2.212371272476470807e+01
1.094026864818519584e+01,2.149423377379890709e+01
1.096027436410403055e+01,2.058113486060326025e+01
1.098028008002286349e+01,2.050108425958580227e+01
1.100028579594169820e+01,2.067894171059797870e+01
1.102029151186053113e+01,1.962521847001199760e+01
1.104029722777936584e+01,1.868735733700231094e+01
1.106030294369819877e+01,1.766800779034785052e+01
1.108030865961703348e+01,1.736201380140845529e+01
1.110031437553586819e+01,1.580231672654939423e+01
1.112032009145470113e+01,1.466439496730836645e+01
1.114032580737353584e+01,1.273192215905114644e+01
1.116033152329236877e+01,1.191919877546433426e+01
1.118033723921120348e+01,1.123352346213357222e+01
1.120034295513003642e+01,9.806925152292652825e+00
1.122034867104887113e+01,9.137408518794750023e+00
1.124035438696770584e+01,7.464109429165816323e+00
1.126036010288653877e+01,6.591791111952077564e+00
1.128036581880537348e+01,5.736608165968526407e+00
1.130037153472420641e+01,5.980660750498567602e+00
1.132037725064304112e+01,4.842198850580409442e+00
1.134038296656187583e+01,5.292960523709114184e+00
1.136038868248070877e+01,5.531047378378904256e+00
1.138039439839954348e+01,3.880974708526856887e+00
1.140040011431837641e+01,4.387077608577083510e+00
1.142040583023721112e+01,4.613934620654755570e+00
1.144041154615604405e+01,4.705624692350754756e+00
1.146041726207487876e+01,4.006451196595796738e+00
1.148042297799371170e+01,4.115199713095384126e+00
1.150042869391254641e+01,4.237326137762239320e+00
1.152043440983138112e+01,3.890015918254999150e+00
1.154044012575021405e+01,4.174261345798415235e+00
1.156044584166904876e+01,4.652702276011901894e+00
1.158045155758788169e+01,3.841572433819516963e+00
1.160045727350671640e+01,3.731941201415199139e+00
1.162046298942555111e+01,4.061138942791048478e+00
1.164046870534438405e+01,3.265575570254766191e+00
1.166047442126321876e+01,3.980241704413561621e+00
1.168048013718205169e+01,3.629401272416628021e+00
1.170048585310088640e+01,3.951559919910565100e+00
1.172049156901971934e+01,4.248497757780040907e+00
1.174049728493855405e+01,3.726514533994879752e+00
1.176050300085738698e+01,3.630489999999225503e+00
1.178050871677622169e+01,3.375465658360146559e+00
1.180051443269505640e+01,3.814988303432807371e+00
1.182052014861388933e+01,3.706340830024788868e+00
1.184052586453272404e+01,3.493410098904839334e+00
1.186053158045155698e+01,3.699235980762146880e+00
1.188053729637039169e+01,3.337868601305501670e+00
1.190054301228922640e+01,4.268245818059861918e+00
1.192054872820805933e+01,4.078797085988735915e+00
1.194055444412689404e+01,3.882352569314478696e+00
1.196056016004572697e+01,3.956975100748159502e+00
1.198056587596456168e+01,3.217501493450215744e+00
1.200057159188339639e+01,3.281312906894814141e+00
1.202057730780222933e+01,3.814078898171575194e+00
1.204058302372106226e+01,3.581065674275622612e+00
1.206058873963989697e+01,4.211420474843153627e+00
1.208059445555873168e+01,3.193978884665716222e+00
1.210060017147756461e+01,4.012199403421581323e+00
1.212060588739639932e+01,3.156480931562746228e+00
1.214061160331523226e+01,4.625825618963568253e+00
1.216061731923406697e+01,3.415797658842158580e+00
1.218062303515290168e+01,3.248469938414691782e+00
1.220062875107173461e+01,3.029218908756625694e+00
1.222063446699056932e+01,3.761048481261703991e+00
1.224064018290940226e+01,4.641492633016451208e+00
1.226064589882823697e+01,3.335492954515765440e+00
1.228065161474707168e+01,4.087894576621149412e+00
1.230065733066590461e+01,4.116447075298705016e+00
1.232066304658473754e+01,3.398750440955605079e+00
1.234066876250357225e+01,4.073868221458327277e+00
1.236067447842240696e+01,3.694275854222512478e+00
1.238068019434123990e+01,3.220341410826019324e+00
1.240068591026007461e+01,3.153397265399723537e+00
1.242069162617890754e+01,4.119478984989578763e+00
1.244069734209774225e+01,3.900371355696034215e+00
1.246070305801657696e+01,4.020286733128446421e+00
1.248070877393540989e+01,3.752607114810992517e+00
1.250071448985424460e+01,3.832999249596612756e+00
1.252072020577307754e+01,3.357784355426259637e+00
1.254072592169191225e+01,3.933899597361437017e+00
1.256073163761074696e+01,3.804574322307016310e+00
1.258073735352957989e+01,4.076149843659296224e+00
1.260074306944841460e+01,4.016689766528839911e+00
1.262074878536724754e+01,3.852992263598476796e+00
1.264075450128608225e+01,4.103509207975129414e+00
1.266076021720491518e+01,4.486351024754052119e+00
1.268076593312374989e+01,3.771677259617217448e+00
1.270077164904258282e+01,3.785213836205736371e+00
1.272077736496141753e+01,3.753845256990513413e+00
1.274078308088025224e+01,4.000061036441636020e+00
1.276078879679908518e+01,3.225873205072809391e+00
1.278079451271791989e+01,4.189031417139121416e+00
1.280080022863675282e+01,4.104409566852262436e+00
1.282080594455558753e+01,3.516277604165811699e+00
1.284081166047442224e+01,3.760931416050882881e+00
1.286081737639325517e+01,3.926147939374297735e+00
1.288082309231208988e+01,4.256230720883147356e+00
1.290082880823092282e+01,4.123211831251041737e+00
1.292083452414975753e+01,4.546586409087256087e+00
1.294084024006859224e+01,3.903680845307107461e+00
1.296084595598742517e+01,4.360821656426423054e+00
1.298085167190625810e+01,4.897161701673566014e+00
1.300085738782509281e+01,4.448556232522910214e+00
1.302086310374392752e+01,4.498451351283279109e+00
1.304086881966276046e+01,4.095288060587945367e+00
1.306087453558159517e+01,3.831360698755677419e+00
1.308088025150042810e+01,4.250086382054051981e+00
1.310088596741926281e+01,4.132213415012419233e+00
1.312089168333809752e+01,4.495915322127890690e+00
1.314089739925693046e+01,4.462456649365227790e+00
1.316090311517576517e+01,4.503953193723177151e+00
1.318090883109459810e+01,4.604778699159785660e+00
1.320091454701343281e+01,4.573933082446699494e+00
1.322092026293226752e+01,5.190797427472103820e+00
1.324092597885110045e+01,4.753464731411046529e+00
1.326093169476993339e+01,4.029627225306954941e+00
1.328093741068876810e+01,4.903403157020629344e+00
1.330094312660760281e+01,4.129083990967621354e+00
1.332094884252643574e+01,4.206023136639600146e+00
1.334095455844527045e+01,4.624044435560090704e+00
1.336096027436410338e+01,5.573605941983627687e+00
1.338096599028293809e+01,4.484005889289781166e+00
1.340097170620177280e+01,4.555357891767627621e+00
1.342097742212060574e+01,5.310456577567318703e+00
1.344098313803944045e+01,4.835804395374092124e+00
1.346098885395827338e+01,5.391271879769977460e+00
1.348099456987710809e+01,4.913585852075447846e+00
1.350100028579594280e+01,5.852935593295012673e+00
1.352100600171477573e+01,5.105505934328487427e+00
1.354101171763361044e+01,5.192253430301674300e+00
1.356101743355244338e+01,5.629135876729590038e+00
1.358102314947127809e+01,5.021085670358987230e+00
1.360102886539011102e+01,5.639527006877296245e+00
1.362103458130894573e+01,5.858027562031745461e+00
1.364104029722777867e+01,5.581732425715358659e+00
1.366104601314661338e+01,5.706695701956485678e+00
1.368105172906544809e+01,5.373940638109031553e+00
1.370105744498428102e+01,5.130621683845408398e+00
1.372106316090311573e+01,5.347536096660724603e+00
1.374106887682194866e+01,4.953166635405141349e+00
1.376107459274078337e+01,5.152420610252544719e+00
1.378108030865961808e+01,4.538395281396747194e+00
1.380108602457845102e+01,4.908425207482652652e+00
1.382109174049728573e+01,4.965562567359800283e+00
1.384109745641611866e+01,5.096971467706996606e+00
1.386110317233495337e+01,4.577345721146677704e+00
1.388110888825378808e+01,4.409483700672772954e+00
1.390111460417262101e+01,4.740892743399785836e+00
1.392112032009145395e+01,4.187657070134937598e+00
1.394112603601028866e+01,4.190070565433072325e+00
1.396113175192912337e+01,4.438933405912569796e+00
1.398113746784795630e+01,4.406526548588333370e+00
1.400114318376679101e+01,4.122920229679041704e+00
1.402114889968562395e+01,3.560542620490515731e+00
1.404115461560445866e+01,3.851741160861295032e+00
1.406116033152329337e+01,3.212344213766239243e+00
1.408116604744212630e+01,3.847248312323507058e+00
1.410117176336095923e+01,3.262356292712120354e+00
1.412117747927979394e+01,3.291171296019643755e+00
1.414118319519862865e+01,3.811088266197169450e+00
1.416118891111746336e+01,3.856068116502026744e+00
1.418119462703629630e+01,3.555874374726686327e+00
1.420120034295512923e+01,3.096393360028868891e+00
1.422120605887396394e+01,3.390581635174259034e+00
1.424121177479279865e+01,3.427029527908419304e+00
1.426121749071163336e+01,3.194629394973329095e+00
1.428122320663046629e+01,4.108585959617617078e+00
1.430122892254929923e+01,2.946993132882256283e+00
1.432123463846813394e+01,3.859925857570448038e+00
1.434124035438696865e+01,3.690384960377876666e+00
1.436124607030580158e+01,3.701938753476578192e+00
1.438125178622463629e+01,3.800250309740318855e+00
1.440125750214346922e+01,3.299152249501207557e+00
1.442126321806230393e+01,3.745835527239771423e+00
1.444126893398113864e+01,4.162284889030869905e+00
1.446127464989997158e+01,4.100841815688308856e+00
1.448128036581880451e+01,3.123587115033521489e+00
1.450128608173763922e+01,2.854981451811128501e+00
1.452129179765647393e+01,3.735453883997920776e+00
1.454129751357530864e+01,3.701315210704563263e+00
1.456130322949414158e+01,3.060193427563109303e+00
1.458130894541297451e+01,3.459733057505593568e+00
1.460131466133180922e+01,3.555361713794451539e+00
1.462132037725064393e+01,3.366375034085304474e+00
1.464132609316947686e+01,3.817589948961513269e+00
1.466133180908831157e+01,4.298032445557431913e+00
1.468133752500714451e+01,3.932745336735278485e+00
1.470134324092597922e+01,3.625234155321642948e+00
1.472134895684481393e+01,3.302083787948513205e+00
1.474135467276364686e+01,3.914023763136136758e+00
1.476136038868247979e+01,3.841293808060397108e+00
1.478136610460131450e+01,3.751896680811977358e+00
1.480137182052014921e+01,3.943656903164808103e+00
1.482137753643898392e+01,3.139517352611775447e+00
1.484138325235781686e+01,3.845544829765069395e+00
1.486138896827664979e+01,3.860693150664055828e+00
1.488139468419548450e+01,3.165526285911398841e+00
1.490140040011431921e+01,3.599243123135263733e+00
1.492140611603315392e+01,2.956644364455992324e+00
1.494141183195198685e+01,3.709672029794509385e+00
1.496141754787081979e+01,3.647050199693869565e+00
1.498142326378965450e+01,3.134812371581464419e+00
1.500142897970848921e+01,3.643373792282009305e+00
1.502143469562732214e+01,4.366762777829708675e+00
1.504144041154615508e+01,4.126086264478785459e+00
1.506144612746498979e+01,3.932581817166163951e+00
1.508145184338382450e+01,4.410297384366980822e+00
1.510145755930265921e+01,3.772656054466306585e+00
1.512146327522149214e+01,4.431597327167159150e+00
1.514146899114032507e+01,4.050887765129933094e+00
1.516147470705915978e+01,3.863485929795714924e+00
1.518148042297799449e+01,3.804937922949531703e+00
1.520148613889682920e+01,3.480007290578562618e+00
1.522149185481566214e+01,4.126042834649761737e+00
1.524149757073449507e+01,3.687172690771354677e+00
1.526150328665332978e+01,3.967745778612745244e+00
1.528150900257216449e+01,3.069759520639012695e+00
1.530151471849099742e+01,4.548413344452781004e+00
1.532152043440983036e+01,3.874702725846364881e+00
1.534152615032866507e+01,4.716040491135826684e+00
1.536153186624749978e+01,4.102153155486545799e+00
1.538153758216633449e+01,4.025421367792444194e+00
1.540154329808516742e+01,4.204442992626339581e+00
1.542154901400400036e+01,4.032821002949146028e+00
1.544155472992283507e+01,4.335679173461679525e+00
1.546156044584166978e+01,3.746635318565033401e+00
1.548156616176050449e+01,4.564147692112508814e+00
1.550157187767933742e+01,4.419465865469245358e+00
1.552157759359817035e+01,4.686985878450514953e+00
1.554158330951700506e+01,4.457782500554671401e+00
1.556158902543583977e+01,3.908506892869283433e+00
1.558159474135467271e+01,4.260453093996629192e+00
1.560160045727350742e+01,5.099533404829364791e+00
1.562160617319234035e+01,4.092815707189154217e+00
1.564161188911117506e+01,4.883243938591077971e+00
1.566161760503000977e+01,3.905160984603489815e+00
1.568162332094884270e+01,4.127192837142033888e+00
1.570162903686767564e+01,4.089135264149079241e+00
1.572163475278651035e+01,3.773673971363116220e+00
1.574164046870534506e+01,4.405610752613483783e+00
1.576164618462417977e+01,4.710713984884705496e+00
1.578165190054301270e+01,4.197488372812744117e+00
1.580165761646184563e+01,4.477404933596460523e+00
1.582166333238068034e+01,3.947576605633969837e+00
1.584166904829951505e+01,3.811216887573270817e+00
1.586167476421834799e+01,4.470052286580747491e+00
1.588168048013718270e+01,4.099034456115122182e+00
1.590168619605601563e+01,4.809892077712378367e+00
1.592169191197485034e+01,4.072631589316339173e+00
1.594169762789368505e+01,4.058558897523953490e+00
1.596170334381251799e+01,4.143829688456929006e+00
1.598170905973135092e+01,5.213799532596769204e+00
1.600171477565018563e+01,4.669719924098325592e+00
1.602172049156902034e+01,4.775323392727525373e+00
1.604172620748785505e+01,4.330632752452962642e+00
1.606173192340668976e+01,5.069925734581289589e+00
1.608173763932552092e+01,4.933261708845630977e+00
1.610174335524435563e+01,4.356709380136823739e+00
1.612174907116319034e+01,4.361235698781827708e+00
1.614175478708202505e+01,4.484401067724823164e+00
1.616176050300085620e+01,4.011103203488872282e+00
1.618176621891969091e+01,4.277792140008640942e+00
1.620177193483852562e+01,5.328454390537451069e+00
1.622177765075736033e+01,4.642818938282124108e+00
1.624178336667619504e+01,5.326941118154430832e+00
1.626178908259502620e+01,4.338016187321045436e+00
1.628179479851386091e+01,4.815191416857695472e+00
1.630180051443269562e+01,4.831987025258472457e+00
1.632180623035153033e+01,4.861779401852349025e+00
1.634181194627036149e+01,4.968764789763659095e+00
1.636181766218919620e+01,4.792116050946152228e+00
1.638182337810803091e+01,4.662397209262585385e+00
1.640182909402686562e+01,5.501705792597004319e+00
1.642183480994570033e+01,4.837669433327797641e+00
1.644184052586453504e+01,5.150117154247118911e+00
1.646184624178336620e+01,5.144893626088885341e+00
1.648185195770220091e+01,5.102801493387652876e+00
1.650185767362103562e+01,5.796343759539309914e+00
1.652186338953986677e+01,5.847173876443839013e+00
1.654186910545870148e+01,4.474838326861501514e+00
1.656187482137753619e+01,5.802186172794631780e+00
1.658188053729637090e+01,5.287340349912912352e+00
1.660188625321520561e+01,5.743007578403881652e+00
1.662189196913404032e+01,4.773680389465077667e+00
1.664189768505287148e+01,4.675850190158249653e+00
1.666190340097170619e+01,5.406524465091639975e+00
1.668190911689054090e+01,5.150738570768673696e+00
1.670191483280937561e+01,4.560136404858610604e+00
1.672192054872820677e+01,4.962295973187231368e+00
1.674192626464704148e+01,5.355635017446824797e+00
1.676193198056587619e+01,4.618697647695597652e+00
1.678193769648471090e+01,5.177260521861668963e+00
1.680194341240354561e+01,4.733973645102988570e+00
1.682194912832238032e+01,4.409346330637615274e+00
1.684195484424121148e+01,4.484458572681326416e+00
1.686196056016004619e+01,4.973811852850833937e+00
1.688196627607888090e+01,4.757300569532008971e+00
1.690197199199771205e+01,3.668533932981697276e+00
1.692197770791654676e+01,3.539893266722273335e+00
1.694198342383538147e+01,3.787490563948051836e+00
1.696198913975421618e+01,3.780820715218180084e+00
1.698199485567305089e+01,4.770824231537097226e+00
1.700200057159188560e+01,4.602939008282380229e+00
1.702200628751071676e+01,3.589351883112563701e+00
1.704201200342955147e+01,4.139206546851466051e+00
1.706201771934838618e+01,4.328056113371077984e+00
1.708202343526722089e+01,3.816960856848365058e+00
1.710202915118605205e+01,3.471019137577417979e+00
1.712203486710488676e+01,3.263700711278954891e+00
1.714204058302372147e+01,3.382363937554929478e+00
1.716204629894255618e+01,4.430654217818088547e+00
1.718205201486139089e+01,4.616841774363636297e+00
1.720205773078022204e+01,3.584706335687127154e+00
1.722206344669905675e+01,3.988550429293308941e+00
1.724206916261789146e+01,3.763012469131455262e+00
1.726207487853672617e+01,4.149054929794520952e+00
1.728208059445555733e+01,4.578387585775529622e+00
1.730208631037439204e+01,3.778922107945842157e+00
1.732209202629322675e+01,4.123609585325341165e+00
1.734209774221206146e+01,3.474750816156996436e+00
1.736210345813089617e+01,3.849894297470448201e+00
1.738210917404973088e+01,3.772134122850621107e+00
1.740211488996856204e+01,3.833114297565741069e+00
1.742212060588739675e+01,3.754807186966780286e+00
1.744212632180623146e+01,4.092437589885335569e+00
1.746213203772506262e+01,4.232108852118956044e+00
1.748213775364389733e+01,3.763657427168912939e+00
1.750214346956273204e+01,4.046834509443272054e+00
1.752214918548156675e+01,4.298586840046501045e+00
1.754215490140040146e+01,3.583849594850732956e+00
1.756216061731923617e+01,4.195811631775666406e+00
1.758216633323806732e+01,4.372397108792210219e+00
1.760217204915690203e+01,4.246575569863603405e+00
1.762217776507573674e+01,4.170147149210782445e+00
1.764218348099457145e+01,3.917096538383536330e+00
1.766218919691340261e+01,3.925725374635009146e+00
1.768219491283223732e+01,4.501520242496313884e+00
1.770220062875107203e+01,4.721972530445716743e+00
1.772220634466990674e+01,3.801513960500289890e+00
1.774221206058874145e+01,4.808862335020487322e+00
1.776221777650757616e+01,4.145520708371517316e+00
1.778222349242640732e+01,4.332857474895551064e+00
1.780222920834524203e+01,3.922632348569019989e+00
1.782223492426407674e+01,3.674804051865770305e+00
1.784224064018290790e+01,3.897652634227256385e+00
1.786224635610174261e+01,3.958386549864055581e+00
1.788225207202057732e+01,4.526653844650949665e+00
1.790225778793941203e+01,3.459677240258263620e+00
1.792226350385824674e+01,4.859925706601813999e+00
1.794226921977708145e+01,4.412855565335386920e+00
1.796227493569591260e+01,3.549353418978251185e+00
1.798228065161474731e+01,4.420347216286900860e+00
1.800228636753358202e+01,3.249102707353826780e+00
1.802229208345241318e+01,3.458378178565012284e+00
1.804229779937124789e+01,3.987411120355964123e+00
1.806230351529008260e+01,3.610659094541673220e+00
1.808230923120891731e+01,3.741217724110198262e+00
1.810231494712775202e+01,4.505796750963165564e+00
1.812232066304658673e+01,3.806404052289877882e+00
1.814232637896542144e+01,3.681017078876799964e+00
1.816233209488425260e+01,3.401076460492483911e+00
1.818233781080308731e+01,4.244993390382951759e+00
1.820234352672191847e+01,3.581661919204945921e+00
1.822234924264075318e+01,3.316257118222408096e+00
1.824235495855958789e+01,4.329142278109165076e+00
1.826236067447842260e+01,3.890925644412928541e+00
1.828236639039725731e+01,3.541448443882278863e+00
1.830237210631609202e+01,4.127900494755321503e+00
1.832237782223492673e+01,3.798428729125546965e+00
1.834238353815375788e+01,3.949819420385002999e+00
1.836238925407259259e+01,4.244833043735511069e+00
1.838239496999142730e+01,4.552574150908137440e+00
1.840240068591025846e+01,3.250925072837250518e+00
1.842240640182909317e+01,4.616423716931107535e+00
1.844241211774792788e+01,3.130973206259530350e+00
1.846241783366676259e+01,3.489161200708494892e+00
1.848242354958559730e+01,3.386701679024552547e+00
1.850242926550443201e+01,3.478690731039893791e+00
1.852243498142326672e+01,4.257725245255913116e+00
1.854244069734209788e+01,4.545035725497292844e+00
1.856244641326093259e+01,3.457463250558251655e+00
1.858245212917976374e+01,4.418378464038728914e+00
1.860245784509859845e+01,4.166356075031158568e+00
1.862246356101743316e+01,4.435228157333874321e+00
1.864246927693626787e+01,3.205109376499514884e+00
1.866247499285510258e+01,4.890845288588220541e+00
1.868248070877393729e+01,3.650521776308370825e+00
1.870248642469277200e+01,4.615201280872188505e+00
1.872249214061160316e+01,4.314971903772839568e+00
1.874249785653043787e+01,3.294908932394827517e+00
1.876250357244927258e+01,4.017572510232411354e+00
1.878250928836810374e+01,3.843638000957613876e+00
1.880251500428693845e+01,4.336338400989296460e+00
1.882252072020577316e+01,3.571253610437413961e+00
1.884252643612460787e+01,4.840764596154243371e+00
1.886253215204344258e+01,4.107097617159498171e+00
1.888253786796227729e+01,4.375813038786020570e+00
1.890254358388111200e+01,3.998983073838621838e+00
1.892254929979994316e+01,4.932176227529696533e+00
1.894255501571877787e+01,4.325130544265181953e+00
1.896256073163760902e+01,4.764554619392866286e+00
1.898256644755644373e+01,4.814204172850542918e+00
1.900257216347527844e+01,4.404535652020870273e+00
1.902257787939411315e+01,5.306435998415103938e+00
1.904258359531294786e+01,4.370065283023977898e+00
1.906258931123178257e+01,5.012576910746123104e+00
1.908259502715061728e+01,4.920718702833928759e+00
1.910260074306944844e+01,5.095099613823285800e+00
1.912260645898828315e+01,4.672731046090767393e+00
1.914261217490711431e+01,5.238130000505714534e+00
1.916261789082594902e+01,4.765339894465636661e+00
1.918262360674478373e+01,5.376470193701162081e+00
1.920262932266361844e+01,5.382567775204787353e+00
1.922263503858245315e+01,4.697408858944250198e+00
1.924264075450128786e+01,5.603358941471026533e+00
1.926264647042012257e+01,6.001312977629781997e+00
1.928265218633895373e+01,5.960429048103000227e+00
1.930265790225778844e+01,4.631673498703403169e+00
1.932266361817662315e+01,5.779022378552257422e+00
1.934266933409545430e+01,5.245345426981494086e+00
1.936267505001428901e+01,5.737848775609572627e+00
1.938268076593312372e+01,5.056443303693494151e+00
1.940268648185195843e+01,5.035556883381483217e+00
1.942269219777079314e+01,5.356944467703382173e+00
1.944269791368962785e+01,5.321695963765094461e+00
1.946270362960846256e+01,5.857945719800792261e+00
1.948270934552729372e+01,5.430333049068273965e+00
1.950271506144612843e+01,4.668134367054721068e+00
1.952272077736495959e+01,5.389376564414241066e+00
1.954272649328379430e+01,4.298558808640777329e+00
1.956273220920262901e+01,4.982269765711306420e+00
1.958273792512146372e+01,4.490665479400851368e+00
1.960274364104029843e+01,4.443509633112379120e+00
1.962274935695913314e+01,4.900792834263333120e+00
1.964275507287796785e+01,3.355996033338143114e+00
1.966276078879679901e+01,3.695854162545623822e+00
1.968276650471563372e+01,3.522497798035212568e+00
1.970277222063446487e+01,3.990215220345151526e+00
1.972277793655329958e+01,4.420149434439847980e+00
1.974278365247213429e+01,3.791834933049295309e+00
1.976278936839096900e+01,3.507172912085882999e+00
1.978279508430980371e+01,3.659564130451926189e+00
1.980280080022863842e+01,3.453097252824009367e+00
1.982280651614747313e+01,4.388437003301448591e+00
1.984281223206630784e+01,3.103351431605807509e+00
1.986281794798513900e+01,3.611490707341344475e+00
1.988282366390397371e+01,4.149585482670105741e+00
1.990282937982280487e+01,3.322330014523523722e+00
1.992283509574163958e+01,2.990437650300736827e+00
1.994284081166047429e+01,3.682295946820314025e+00
1.996284652757930900e+01,2.839829776555385710e+00
1.998285224349814371e+01,4.003858202268247624e+00
2.000285795941697842e+01,3.357860052367844794e+00
2.002286367533581313e+01,3.162420767327443372e+00
2.004286939125464428e+01,3.261114490179878089e+00
2.006287510717347899e+01,2.795501610212485666e+00
2.008288082309231015e+01,3.897748561876805073e+00
2.010288653901114486e+01,4.257274495431428107e+00
2.012289225492997957e+01,2.895222584289936396e+00
2.014289797084881428e+01,3.059921792547836361e+00
2.016290368676764899e+01,3.106013233530427353e+00
2.018290940268648370e+01,2.888771368030667919e+00
2.020291511860531841e+01,2.734113278258843316e+00
2.022292083452414957e+01,3.262883179515914556e+00
2.024292655044298428e+01,3.595483991700856308e+00
2.026293226636181899e+01,2.777616057751536083e+00
2.028293798228065015e+01,3.434509647275588495e+00
2.030294369819948486e+01,4.086412423218924062e+00
2.032294941411831957e+01,3.557916243858219474e+00
2.034295513003715428e+01,3.373369715382334100e+00
2.036296084595598899e+01,3.786637325708946289e+00
2.038296656187482370e+01,3.454669102400854008e+00
2.040297227779365841e+01,3.776569474723780129e+00
2.042297799371248956e+01,3.438907603251184941e+00
2.044298370963132427e+01,3.423841522290648864e+00
2.046298942555015543e+01,2.924617729385367682e+00
2.048299514146899014e+01,3.481620321321826861e+00
2.050300085738782485e+01,2.909521440179372753e+00
2.052300657330665956e+01,3.786103977092755812e+00
2.054301228922549427e+01,3.010746854407433393e+00
2.056301800514432898e+01,3.180756510257853442e+00
2.058302372106316369e+01,3.314892275451103654e+00
2.060302943698199485e+01,3.206213117433823978e+00
2.062303515290082956e+01,4.382539907221234543e+00
2.064304086881966072e+01,3.130484239784404821e+00
2.066304658473849543e+01,3.449000111839766181e+00
2.068305230065733014e+01,3.435781583355884461e+00
2.070305801657616485e+01,2.957566729528746663e+00
2.072306373249499956e+01,3.332967362981060333e+00
2.074306944841383427e+01,2.569453583904082627e+00
2.076307516433266898e+01,4.010750293210240791e+00
2.078308088025150369e+01,3.355441101802826509e+00
2.080308659617033484e+01,4.190927614217111241e+00
2.082309231208916955e+01,3.009134973778667010e+00
2.084309802800800071e+01,4.153585633614238937e+00
2.086310374392683542e+01,3.472895990927880483e+00
2.088310945984567013e+01,4.091759172507547504e+00
2.090311517576450484e+01,3.205990349217702651e+00
2.092312089168333955e+01,4.050150135629619008e+00
2.094312660760217426e+01,3.363233389632574788e+00
2.096313232352100897e+01,3.667945113212068620e+00
2.098313803943984013e+01,3.719617191986472449e+00
2.100314375535867484e+01,4.171989820275154415e+00
2.102314947127750600e+01,3.028809920066326100e+00
2.104315518719634071e+01,3.536712351877191018e+00
2.106316090311517542e+01,3.796846172820350418e+00
2.108316661903401013e+01,3.632925088325229979e+00
2.110317233495284484e+01,4.049319825392677430e+00
2.112317805087167955e+01,3.071055018783981350e+00
2.114318376679051426e+01,3.237459452204610511e+00
2.116318948270934541e+01,3.862384883820253911e+00
2.118319519862818012e+01,4.090721019924852264e+00
2.120320091454701483e+01,4.167973863289325287e+00
2.122320663046584599e+01,4.513256859418850908e+00
2.124321234638468070e+01,3.719897721186096629e+00
2.126321806230351541e+01,3.878074124600019879e+00
2.128322377822235012e+01,3.708185299738405938e+00
2.130322949414118483e+01,3.521314384499686145e+00
2.132323521006001954e+01,3.789280390394511144e+00
2.134324092597885425e+01,4.327322129572887199e+00
2.136324664189768541e+01,3.754914818117256026e+00
2.138325235781652012e+01,4.226179876012380987e+00
2.140325807373535127e+01,4.122378319136514868e+00
2.142326378965418598e+01,3.996629058270687818e+00
2.144326950557302069e+01,3.600488114064217093e+00
2.146327522149185540e+01,4.144951289661999105e+00
2.148328093741069011e+01,3.992667526047339877e+00
2.150328665332952482e+01,3.832092418587879745e+00
2.152329236924835953e+01,4.645218827128759997e+00
2.154329808516719069e+01,4.243195075240863368e+00
2.156330380108602540e+01,3.684231674584277805e+00
2.158330951700485656e+01,4.674219844201871865e+00
2.160331523292369127e+01,4.155426073489779881e+00
2.162332094884252598e+01,5.020281944601297397e+00
2.164332666476136069e+01,4.880939122485329129e+00
2.166333238068019540e+01,4.234556666615800324e+00
2.168333809659903011e+01,4.557288433883657675e+00
2.170334381251786482e+01,5.544401329843928750e+00
2.172334952843669598e+01,5.686535683122155405e+00
2.174335524435553069e+01,4.469711682166057187e+00
2.176336096027436540e+01,5.776835607486724200e+00
2.178336667619319655e+01,4.434771288895269947e+00
2.180337239211203126e+01,4.771206218338546634e+00
2.182337810803086597e+01,4.495438124533519542e+00
2.184338382394970068e+01,5.689265969498492836e+00
2.186338953986853539e+01,4.690803368622390224e+00
2.188339525578737010e+01,5.210102656630523299e+00
2.190340097170620481e+01,5.982699039415189546e+00
2.192340668762503597e+01,5.988863555398202365e+00
2.194341240354387068e+01,5.944512182942299994e+00
2.196341811946270184e+01,6.212917507890897362e+00
2.198342383538153655e+01,5.399342883943890392e+00
2.200342955130037126e+01,5.543445183801216203e+00
2.202343526721920597e+01,6.213187307920144953e+00
2.204344098313804068e+01,6.681881136273726263e+00
2.206344669905687539e+01,6.327058730547769905e+00
2.208345241497571010e+01,6.656470122333037587e+00
2.210345813089454126e+01,6.143119158449501072e+00
2.212346384681337597e+01,6.319363690848156523e+00
2.214346956273221068e+01,7.750699477602678300e+00
2.216347527865104183e+01,7.021162898523622076e+00
2.218348099456987654e+01,6.251163241752757393e+00
2.220348671048871125e+01,6.201073700238017850e+00
2.222349242640754596e+01,6.861215097299445453e+00
2.224349814232638067e+01,5.930124660240571721e+00
2.226350385824521538e+01,6.009325381525812304e+00
2.228350957416405009e+01,6.966551377610213258e+00
2.230351529008288125e+01,5.960623367709023235e+00
2.232352100600171596e+01,5.578190811312301989e+00
2.234352672192054712e+01,5.521381691442201145e+00
2.236353243783938183e+01,4.534002331481749692e+00
2.238353815375821654e+01,5.702283395300700164e+00
2.240354386967705125e+01,5.220832896248944088e+00
2.242354958559588596e+01,4.904110264204953218e+00
2.244355530151472067e+01,4.054586762278180601e+00
2.246356101743355538e+01,4.204590947301856119e+00
2.248356673335238654e+01,4.707431173550678416e+00
2.250357244927122125e+01,3.984749494922951829e+00
2.252357816519005240e+01,3.457936611545173733e+00
2.254358388110888711e+01,3.328027868974628323e+00
2.256358959702772182e+01,4.015135040519564491e+00
2.258359531294655653e+01,3.307421225132538112e+00
2.260360102886539124e+01,4.578386304291440112e+00
2.262360674478422595e+01,4.224199838833175846e+00
2.264361246070306066e+01,3.432120302892837760e+00
2.266361817662189182e+01,3.501610096902638247e+00
2.268362389254072653e+01,3.624360708674855047e+00
2.270362960845956124e+01,3.642579453212489327e+00
2.272363532437839240e+01,3.914160609593928086e+00
2.274364104029722711e+01,4.038604624300806023e+00
2.276364675621606182e+01,3.038406851072755543e+00
2.278365247213489653e+01,2.938567458376212471e+00
2.280365818805373124e+01,2.934515869503006691e+00
2.282366390397256595e+01,3.507916188020043791e+00
2.284366961989140066e+01,3.784136530965670708e+00
2.286367533581023181e+01,3.361693125899042123e+00
2.288368105172906652e+01,3.736692964165711395e+00
2.290368676764789768e+01,3.485357707447647169e+00
2.292369248356673239e+01,3.201531660348098551e+00
2.294369819948556710e+01,3.526183592379329212e+00
2.296370391540440181e+01,3.426447377144960171e+00
2.298370963132323652e+01,3.675740741483073393e+00
2.300371534724207123e+01,3.819423461080444060e+00
2.302372106316090594e+01,3.765482821971804395e+00
2.304372677907973710e+01,3.157107579049927448e+00
2.306373249499857181e+01,4.119342756828011431e+00
2.308373821091740652e+01,4.035397338880901685e+00
2.310374392683623768e+01,4.106651625092863966e+00
2.312374964275507239e+01,3.689746025454298639e+00
2.314375535867390710e+01,4.311576665894520488e+00
2.316376107459274181e+01,3.732594808899015959e+00
2.318376679051157652e+01,3.413417427726208597e+00
2.320377250643041123e+01,3.295882993657706539e+00
2.322377822234924594e+01,3.790576616324171422e+00
2.324378393826807709e+01,3.514875215002599695e+00
2.326378965418691180e+01,3.542516615475724606e+00
2.328379537010574296e+01,3.269349782386123060e+00
2.330380108602457767e+01,3.569555269472569847e+00
2.332380680194341238e+01,4.104710777846344527e+00
2.334381251786224709e+01,4.651442826148009857e+00
2.336381823378108180e+01,4.194541954571169740e+00
2.338382394969991651e+01,4.531623323206503962e+00
2.340382966561875122e+01,3.486969166889377636e+00
2.342383538153758238e+01,3.537454071195479166e+00
2.344384109745641709e+01,3.633450101098826934e+00
2.346384681337524825e+01,4.115513718473821747e+00
2.348385252929408296e+01,4.343028428404055674e+00
2.350385824521291767e+01,3.172271522185376114e+00
2.352386396113175238e+01,3.951804333062550079e+00
2.354386967705058709e+01,3.734609655838577069e+00
2.356387539296942180e+01,3.841598568674093883e+00
2.358388110888825651e+01,3.777173038688525608e+00
2.360388682480708766e+01,4.243690149223972696e+00
2.362389254072592237e+01,2.783643342349138905e+00
2.364389825664475708e+01,3.071947055120664238e+00
2.366390397256358824e+01,3.888421476028862678e+00
2.368390968848242295e+01,2.553992812212370289e+00
2.370391540440125766e+01,2.895217623831723763e+00
2.372392112032009237e+01,3.917841884901489102e+00
2.374392683623892708e+01,3.133052105369478646e+00
2.376393255215776179e+01,3.429925020878629383e+00
2.378393826807659650e+01,3.450234211203532908e+00
2.380394398399542766e+01,3.558126215420116534e+00
2.382394969991426237e+01,2.681714896568938133e+00
2.384395541583309353e+01,3.270226200132381855e+00
2.386396113175192824e+01,3.163135705135379450e+00
2.388396684767076295e+01,4.345290256751844993e+00
2.390397256358959766e+01,3.893114244560292647e+00
2.392397827950843237e+01,3.550534348503247450e+00
2.394398399542726708e+01,3.481044411325774135e+00
2.396398971134610179e+01,4.091815883222646555e+00
2.398399542726493294e+01,3.147618186923256012e+00
2.400400114318376765e+01,2.926649083895247028e+00
2.402400685910260236e+01,2.914337765078487408e+00
2.404401257502143352e+01,3.265979899211016946e+00
2.406401829094026823e+01,3.168229119826637685e+00
2.408402400685910294e+01,4.069755801606455670e+00
2.410402972277793765e+01,4.055506799938582319e+00
2.412403543869677236e+01,3.752384554275579820e+00
2.414404115461560707e+01,3.509857523539011481e+00
2.416404687053444178e+01,2.978304321631534357e+00
2.418405258645327294e+01,3.890620216121615460e+00
2.420405830237210765e+01,3.242886367148765103e+00
2.422406401829093880e+01,3.009119559956410228e+00
2.424406973420977351e+01,3.929004190715649436e+00
2.426407545012860822e+01,3.869890393051588440e+00
2.428408116604744293e+01,3.587957773801150552e+00
2.430408688196627764e+01,3.905474054608518930e+00
2.432409259788511235e+01,3.180562883462342949e+00
2.434409831380394706e+01,4.005169952044256299e+00
2.436410402972277822e+01,3.718228664478688827e+00
2.438410974564161293e+01,3.491627914371459696e+00
2.440411546156044409e+01,3.922159683324460744e+00
2.442412117747927880e+01,3.690709493517998041e+00
2.444412689339811351e+01,3.766931429669915232e+00
2.446413260931694822e+01,4.325568731249801679e+00
2.448413832523578293e+01,5.023318073477983425e+00
2.450414404115461764e+01,4.362873529447423238e+00
2.452414975707345235e+01,4.481818290229992563e+00
2.454415547299228351e+01,4.025812418968374828e+00
2.456416118891111822e+01,4.913521844286509399e+00
2.458416690482995293e+01,4.457827356812434694e+00
2.460417262074878408e+01,5.263208300619063529e+00
2.462417833666761879e+01,5.209914576152725019e+00
2.464418405258645350e+01,4.759698765173098423e+00
2.466418976850528821e+01,5.798105782325520430e+00
2.468419548442412292e+01,5.054527879668832213e+00
2.470420120034295763e+01,5.454681035912214426e+00
2.472420691626179234e+01,4.844429115445043621e+00
2.474421263218062350e+01,5.188773254508165955e+00
2.476421834809945821e+01,6.119649026964711247e+00
2.478422406401828937e+01,5.290689180767964572e+00
2.480422977993712408e+01,5.040556045925940865e+00
2.482423549585595879e+01,6.438102567660598297e+00
2.484424121177479350e+01,6.379815953378933813e+00
2.486424692769362821e+01,6.365875177719968470e+00
2.488425264361246292e+01,6.912032693494799318e+00
2.490425835953129763e+01,6.387580266291724485e+00
2.492426407545012879e+01,7.017192123434365492e+00
2.494426979136896350e+01,6.779062147019051743e+00
2.496427550728779821e+01,6.411454813031372879e+00
2.498428122320662936e+01,6.459034349220186932e+00
2.500428693912546407e+01,6.434016869112356929e+00
2.502429265504429878e+01,6.834555948816216642e+00
2.504429837096313349e+01,6.869633437299440537e+00
2.506430408688196820e+01,7.223030254871543931e+00
2.508430980280080291e+01,6.196418817165882942e+00
2.510431551871963762e+01,6.317667987389382844e+00
2.512432123463846878e+01,6.373671641810906507e+00
2.514432695055730349e+01,5.613772794575705660e+00
2.516433266647613465e+01,5.812032385454783956e+00
2.518433838239496936e+01,5.447950935747905454e+00
2.520434409831380407e+01,4.594081235436921595e+00
2.522434981423263878e+01,4.840132176140895304e+00
2.524435553015147349e+01,4.619624070489997791e+00
2.526436124607030820e+01,4.432545318547022717e+00
2.528436696198914291e+01,4.071836464878047401e+00
2.530437267790797407e+01,4.503852970280600942e+00
2.532437839382680878e+01,3.986144732907768606e+00
2.534438410974563993e+01,3.806819218036765484e+00
2.536438982566447464e+01,3.060461494287556761e+00
2.538439554158330935e+01,3.912189152755533694e+00
2.540440125750214406e+01,3.576558957044329468e+00
2.542440697342097877e+01,3.133198285810748107e+00
2.544441268933981348e+01,3.172164974985988373e+00
2.546441840525864819e+01,2.977591354864141060e+00
2.548442412117747935e+01,3.663574214424276221e+00
2.550442983709631406e+01,3.636200463775035807e+00
2.552443555301514877e+01,3.773299663542274196e+00
2.554444126893397993e+01,4.246926568831800530e+00
2.556444698485281464e+01,4.345682464375985710e+00
2.558445270077164935e+01,3.533081066459483388e+00
2.560445841669048406e+01,3.328643103934050274e+00
2.562446413260931877e+01,3.805349315607824856e+00
2.564446984852815348e+01,4.337406565887373944e+00
2.566447556444698819e+01,4.283572546501119405e+00
2.568448128036581934e+01,3.458006377252377472e+00
2.570448699628465405e+01,3.506520117821167126e+00
2.572449271220348521e+01,3.689223976708662533e+00
2.574449842812231992e+01,3.429877747552936285e+00
2.576450414404115463e+01,4.320838093326655027e+00
2.578450985995998934e+01,3.838388745993071449e+00
2.580451557587882405e+01,4.126860702297075356e+00
2.582452129179765876e+01,4.007384024181078530e+00
2.584452700771649347e+01,3.046523057414344482e+00
2.586453272363532463e+01,3.950501439288009120e+00
2.588453843955415934e+01,2.927707628140888030e+00
2.590454415547299405e+01,4.009924259013895487e+00
2.592454987139182521e+01,3.059245383489287651e+00
2.594455558731065992e+01,3.156077986962731785e+00
2.596456130322949463e+01,3.540301835273770514e+00
2.598456701914832934e+01,3.013564109976094585e+00
2.600457273506716405e+01,3.530947103292240374e+00
2.602457845098599520e+01,2.651941218247672261e+00
2.604458416690482991e+01,3.733904296164536341e+00
2.606458988282366462e+01,3.942302337534668411e+00
2.608459559874249933e+01,4.271374526303157282e+00
2.610460131466133404e+01,3.785628887754567629e+00
2.612460703058016520e+01,3.155417205831954064e+00
2.614461274649899991e+01,3.428836238851906693e+00
2.616461846241783462e+01,3.330901674228718079e+00
2.618462417833666933e+01,3.161333893325572575e+00
2.620462989425550404e+01,3.877682173138640387e+00
2.622463561017433520e+01,3.968768672801883390e+00
2.624464132609316991e+01,3.157867209784582574e+00
2.626464704201200462e+01,3.468967661038207861e+00
2.628465275793083933e+01,3.485581648406523403e+00
2.630465847384967049e+01,3.682414393827074583e+00
2.632466418976850520e+01,4.185784094181363990e+00
2.634466990568733991e+01,3.394906651503160955e+00
2.636467562160617462e+01,3.553992382977734898e+00
2.638468133752500933e+01,3.888589256347036560e+00
2.640468705344384048e+01,2.921784961236896905e+00
2.642469276936267519e+01,3.941499467389953715e+00
2.644469848528150990e+01,3.283794949398842089e+00
2.646470420120034461e+01,3.679906995104385015e+00
2.648470991711917932e+01,3.363053188647449510e+00
2.650471563303801048e+01,4.196169811345541234e+00
2.652472134895684519e+01,3.446646607415473795e+00
2.654472706487567990e+01,2.652622626144176987e+00
2.656473278079451461e+01,3.149024927157714870e+00
2.658473849671334932e+01,3.727395746242803121e+00
2.660474421263218048e+01,3.320539895431948718e+00
2.662474992855101519e+01,3.698538329297532457e+00
2.664475564446984990e+01,3.936027189962079120e+00
2.666476136038868461e+01,3.536533065003715226e+00
2.668476707630751577e+01,3.602031461715651695e+00
2.670477279222635048e+01,3.079647925668147046e+00
2.672477850814518519e+01,3.578056004978678484e+00
2.674478422406401990e+01,3.269620272599139454e+00
2.676478993998285461e+01,3.505591890137796263e+00
2.678479565590168576e+01,2.940617597181037102e+00
2.680480137182052047e+01,4.030056778779577797e+00
2.682480708773935518e+01,3.946269657070334169e+00
2.684481280365818989e+01,3.825145515961366982e+00
2.686481851957702460e+01,3.042845897091866370e+00
2.688482423549585576e+01,3.715443525927472734e+00
2.690482995141469047e+01,3.246547976448226347e+00
2.692483566733352518e+01,2.966738798336037597e+00
2.694484138325235989e+01,3.390514946632358750e+00
2.696484709917119105e+01,4.194960601179632320e+00
2.698485281509002576e+01,3.715159782754974049e+00
2.700485853100886047e+01,4.180579421842431920e+00
2.702486424692769518e+01,4.143084336213700425e+00
2.704486996284652989e+01,3.721903400955162589e+00
2.706487567876536104e+01,3.899234768681788310e+00
2.708488139468419575e+01,3.293384190312073301e+00
2.710488711060303046e+01,3.960229633828978191e+00
2.712489282652186517e+01,3.342681816299602815e+00
2.714489854244069988e+01,4.041355381844652150e+00
2.716490425835953104e+01,4.048440759645792753e+00
2.718490997427836575e+01,4.219522005913312057e+00
2.720491569019720046e+01,4.470829802433543776e+00
2.722492140611603517e+01,3.300461079401573627e+00
2.724492712203486633e+01,3.084017286384208578e+00
2.726493283795370104e+01,4.041470949004194679e+00
2.728493855387253575e+01,4.017187278823866947e+00
2.730494426979137046e+01,3.778730908836194224e+00
2.732494998571020517e+01,3.374636434059175016e+00
2.734495570162903633e+01,3.799821871839984766e+00
2.736496141754787104e+01,4.602689704378938984e+00
2.738496713346670575e+01,3.355328247557036736e+00
2.740497284938554046e+01,3.567457634348423667e+00
2.742497856530437517e+01,3.609343335165357658e+00
2.744498428122320632e+01,4.246086602325092940e+00
2.746498999714204103e+01,3.939468999686341455e+00
2.748499571306087574e+01,3.317632889338054003e+00
2.750500142897971045e+01,4.124808597236023111e+00
2.752500714489854516e+01,3.663437818136502599e+00
2.754501286081737632e+01,3.734595777297315067e+00
2.756501857673621103e+01,3.726533133743057391e+00
2.758502429265504574e+01,3.734481106764443226e+00
2.760503000857388045e+01,3.250658527992429381e+00
2.762503572449271161e+01,4.175802796615796453e+00
2.764504144041154632e+01,4.645639222545931091e+00
2.766504715633038103e+01,4.778419956913577238e+00
2.768505287224921574e+01,4.037098078456683226e+00
2.770505858816805045e+01,4.766436047322418545e+00
2.772506430408688161e+01,4.256828150875075600e+00
2.774507002000571632e+01,4.280724200354263154e+00
2.776507573592455103e+01,4.871636163469679204e+00
2.778508145184338574e+01,4.048685633205741041e+00
2.780508716776222045e+01,4.068973333597627473e+00
2.782509288368105160e+01,4.160728306265663257e+00
2.784509859959988631e+01,3.767307073348282742e+00
2.786510431551872102e+01,3.782040989661963781e+00
2.788511003143755573e+01,4.049187303559462769e+00
2.790511574735638689e+01,4.021215064453961929e+00
2.792512146327522160e+01,4.311969577779316332e+00
2.794512717919405631e+01,4.019209923422327080e+00
2.796513289511289102e+01,4.739035182966103932e+00
2.798513861103172573e+01,4.342061614257162638e+00
2.800514432695055689e+01,3.767465796252809085e+00
2.802515004286939160e+01,4.059209545272498332e+00
2.804515575878822631e+01,4.713425845722292173e+00
2.806516147470706102e+01,4.233344348747650976e+00
2.808516719062589573e+01,3.992982358205833027e+00
2.810517290654472689e+01,4.023257347133358586e+00
2.812517862246356160e+01,3.677968048969272541e+00
2.814518433838239631e+01,3.315843235599001737e+00
2.816519005430123102e+01,4.083019968705893454e+00
2.818519577022006217e+01,3.709087730297043084e+00
2.820520148613889688e+01,3.909349662010148219e+00
2.822520720205773159e+01,3.707349835981911923e+00
2.824521291797656630e+01,4.070659086322280018e+00
2.826521863389540101e+01,3.790778912060929429e+00
2.828522434981423217e+01,3.089071561459992843e+00
2.830523006573306688e+01,3.099978761469037281e+00
2.832523578165190159e+01,3.907882076777403846e+00
2.834524149757073630e+01,4.534575712395213287e+00
2.836524721348957101e+01,3.266650143669949991e+00
2.838525292940840217e+01,3.482734083392502900e+00
2.840525864532723688e+01,3.984120368405715151e+00
2.842526436124607159e+01,3.220842698156581640e+00
2.844527007716490630e+01,4.027949467017379881e+00
2.846527579308374101e+01,4.294844997557477839e+00
2.848528150900257216e+01,4.159355618507045271e+00
2.850528722492140687e+01,4.398013163953615745e+00
2.852529294084024158e+01,3.576392801236856656e+00
2.854529865675907629e+01,3.415505488727275996e+00
2.856530437267790745e+01,3.681495352234247509e+00
2.858531008859674216e+01,3.721088847029459856e+00
2.860531580451557687e+01,3.971177213505904025e+00
2.862532152043441158e+01,3.909061204797557032e+00
2.864532723635324629e+01,3.767526399623009947e+00
2.866533295227207745e+01,4.259290758082912021e+00
2.868533866819091216e+01,3.998334118952786120e+00
2.870534438410974687e+01,4.716552841505521343e+00
2.872535010002858158e+01,4.438055237528908847e+00
2.874535581594741629e+01,4.139822684001124742e+00
2.876536153186624745e+01,3.980769076803550632e+00
2.878536724778508216e+01,3.506369894839364232e+00
2.880537296370391687e+01,3.773481914289654959e+00
2.882537867962275158e+01,4.002970596080429821e+00
2.884538439554158273e+01,3.598831148120423595e+00
2.886539011146041744e+01,3.351935357941256299e+00
2.888539582737925215e+01,4.331161310102519479e+00
2.890540154329808686e+01,3.714293679823685856e+00
2.892540725921692157e+01,3.690865965446525454e+00
2.894541297513575273e+01,3.914167492534364357e+00
2.896541869105458744e+01,4.526173900772581860e+00
2.898542440697342215e+01,4.443980173717513971e+00
2.900543012289225686e+01,4.021953489380856617e+00
2.902543583881109157e+01,4.213909200245000264e+00
2.904544155472992273e+01,4.698210042897770222e+00
2.906544727064875744e+01,4.168609913162105940e+00
2.908545298656759215e+01,4.350006541951662697e+00
2.910545870248642686e+01,4.274214795700286729e+00
2.912546441840525802e+01,4.345010375325539798e+00
2.914547013432409273e+01,4.188731564948513508e+00
2.916547585024292744e+01,4.899306866078003253e+00
2.918548156616176215e+01,5.773858375827265021e+00
2.920548728208059686e+01,5.370429624423685766e+00
2.922549299799942801e+01,4.764905892836962309e+00
2.924549871391826272e+01,5.397533626360628389e+00
2.926550442983709743e+01,5.683479755400242972e+00
2.928551014575593214e+01,6.030014079849882691e+00
2.930551586167476685e+01,6.909352308682056965e+00
2.932552157759359801e+01,7.042465708038741390e+00
2.934552729351243272e+01,6.901817879282951651e+00
2.936553300943126743e+01,7.968850365983828787e+00
2.938553872535010214e+01,8.253383091461515164e+00
2.940554444126893330e+01,8.988717658345100503e+00
2.942555015718776801e+01,8.620895593705562021e+00
2.944555587310660272e+01,9.699514273759016092e+00
2.946556158902543743e+01,9.877362880436644232e+00
2.948556730494427214e+01,1.130069917611236363e+01
2.950557302086310330e+01,1.082433490159270839e+01
2.952557873678193801e+01,1.183146221710710222e+01
2.954558445270077272e+01,1.307132457736242159e+01
2.956559016861960743e+01,1.358390208628866880e+01
2.958559588453844214e+01,1.445140694603762022e+01
2.960560160045727329e+01,1.589196880900471243e+01
2.962560731637610800e+01,1.616965218035109331e+01
2.964561303229494271e+01,1.733083566943177800e+01
2.966561874821377742e+01,1.945034619263767084e+01
2.968562446413261213e+01,1.943261605715107621e+01
2.970563018005144329e+01,2.050039560551761042e+01
2.972563589597027800e+01,2.239490081125162746e+01
2.974564161188911271e+01,2.313624203709249727e+01
2.976564732780794742e+01,2.573621192787164347e+01
2.978565304372677858e+01,2.579180671168646199e+01
2.980565875964561329e+01,2.853034635036778610e+01
2.982566447556444800e+01,3.009794650178970343e+01
2.984567019148328271e+01,3.069009325948245248e+01
2.986567590740211742e+01,3.158906412291781152e+01
2.988568162332094857e+01,3.313927747330829021e+01
2.990568733923978328e+01,3.488712512384378783e+01
2.992569305515861799e+01,3.546483410711933715e+01
2.994569877107745270e+01,3.721420561076925537e+01
2.996570448699628741e+01,3.809215157240432603e+01
2.998571020291511857e+01,3.935089100667558881e+01
3.000571591883395328e+01,4.044624599937486664e+01
3.002572163475278799e+01,4.120537263684840923e+01
3.004572735067162270e+01,4.047139547081167166e+01
3.006573306659045386e+01,4.041760681913042674e+01
3.008573878250928857e+01,4.105535742556995871e+01
3.010574449842812328e+01,4.004215181550438274e+01
3.012575021434695799e+01,3.983245959459789276e+01
3.014575593026579270e+01,3.839276825586346575e+01
3.016576164618462386e+01,3.775259506154880995e+01
3.018576736210345857e+01,3.786292373288191015e+01
3.020577307802229328e+01,3.554773296419458717e+01
3.022577879394112799e+01,3.407073433291969167e+01
3.024578450985996270e+01,3.285300670674136825e+01
3.026579022577879385e+01,3.139754615661956905e+01
3.028579594169762856e+01,2.942971775933687084e+01
3.030580165761646327e+01,2.717477676448786639e+01
3.032580737353529798e+01,2.620202858360751108e+01
3.034581308945412914e+01,2.452164296146529665e+01
3.036581880537296385e+01,2.268813817402491750e+01
3.038582452129179856e+01,2.003490993257425856e+01
3.040583023721063327e+01,1.785392110995046266e+01
3.042583595312946798e+01,1.624862232341474311e+01
3.044584166904829914e+01,1.531641569741990949e+01
3.046584738496713385e+01,1.338684941457949229e+01
3.048585310088596856e+01,1.336015506275574616e+01
3.050585881680480327e+01,1.177877880744946282e+01
3.052586453272363798e+01,1.048471765726531224e+01
3.054587024864246914e+01,1.041866598829091473e+01
3.056587596456130385e+01,9.494752913548456519e+00
3.058588168048013856e+01,9.042189133226344211e+00
3.060588739639897327e+01,8.987410791221698503e+00
3.062589311231780798e+01,7.786198696692113508e+00
3.064589882823663913e+01,8.263654227236646221e+00
3.066590454415547384e+01,7.234674359526171550e+00
3.068591026007430855e+01,7.547169175130048480e+00
3.070591597599314326e+01,8.003864351299238677e+00
3.072592169191197442e+01,6.299984746758563681e+00
3.074592740783080913e+01,6.409430092514359245e+00
3.076593312374964384e+01,7.010616522228731995e+00
3.078593883966847855e+01,6.958737172280543781e+00
3.080594455558731326e+01,6.497342772837493285e+00
3.082595027150614442e+01,6.640364289214526927e+00
3.084595598742497913e+01,5.445160593973977115e+00
3.086596170334381384e+01,6.579482718907816441e+00
3.088596741926264855e+01,6.445939918642203281e+00
3.090597313518148326e+01,6.241037110104756813e+00
3.092597885110031442e+01,6.008154364156315097e+00
3.094598456701914913e+01,6.619605388234123922e+00
3.096599028293798384e+01,6.156330261990335728e+00
3.098599599885681855e+01,6.648842266596437511e+00
3.100600171477564970e+01,5.890458281364262305e+00
3.102600743069448441e+01,6.621886530310300500e+00
3.104601314661331912e+01,6.492552860496456191e+00
3.106601886253215383e+01,7.590889940444345285e+00
3.108602457845098854e+01,6.387207973400777838e+00
3.110603029436981970e+01,6.745532555827585597e+00
3.112603601028865441e+01,7.509771947846735074e+00
3.114604172620748912e+01,7.832979315073167470e+00
3.116604744212632383e+01,8.311401223248225278e+00
3.118605315804515854e+01,7.888075860687884244e+00
3.120605887396398970e+01,8.411187060986822672e+00
3.122606458988282441e+01,8.906575131541725199e+00
3.124607030580165912e+01,8.456799509211595733e+00
3.126607602172049383e+01,8.795510888693483409e+00
3.128608173763932498e+01,9.675883740349547679e+00
3.130608745355815969e+01,9.802303634590135317e+00
3.132609316947699440e+01,1.019229391489937342e+01
3.134609888539582911e+01,1.104766407454026123e+01
3.136610460131466382e+01,1.060869880934987641e+01
3.138611031723349498e+01,1.138932311050526280e+01
3.140611603315232969e+01,1.221005666041540749e+01
3.142612174907116440e+01,1.211323787804798258e+01
3.144612746498999911e+01,1.266836593898629815e+01
3.146613318090883382e+01,1.324583661274819057e+01
3.148613889682766498e+01,1.415814381848624848e+01
3.150614461274649969e+01,1.349155184228153281e+01
3.152615032866533440e+01,1.386482413584200835e+01
3.154615604458416911e+01,1.468696918973876464e+01
3.156616176050300382e+01,1.508067277576466481e+01
3.158616747642183498e+01,1.507520619331851464e+01
3.160617319234066969e+01,1.478475816910288998e+01
3.162617890825950440e+01,1.496646748633482993e+01
3.164618462417833911e+01,1.498772292418317420e+01
3.166619034009717026e+01,1.609408439643976152e+01
3.168619605601600497e+01,1.518063861359875055e+01
3.170620177193483968e+01,1.457764460279146945e+01
3.172620748785367439e+01,1.494478233694058034e+01
3.174621320377250910e+01,1.431870179174509694e+01
3.176621891969134026e+01,1.460400246547400549e+01
3.178622463561017497e+01,1.438529655764439852e+01
3.180623035152900968e+01,1.329415912738600980e+01
3.182623606744784439e+01,1.337747007907514885e+01
3.184624178336667910e+01,1.307020042557637041e+01
3.186624749928551026e+01,1.298464879001551253e+01
3.188625321520434497e+01,1.286244877411524712e+01
3.190625893112317968e+01,1.177111417480499966e+01
3.192626464704201439e+01,1.198102646924566095e+01
3.194627036296084555e+01,1.156878726036087102e+01
3.196627607887968026e+01,1.085945227405253277e+01
3.198628179479851497e+01,9.936884960505329545e+00
3.200628751071734968e+01,1.028725614902945473e+01
3.202629322663618439e+01,9.626523164775180774e+00
3.204629894255501199e+01,9.538662696066593227e+00
3.206630465847385381e+01,1.048650622184360870e+01
3.208631037439268141e+01,9.133872737376339757e+00
3.210631609031152323e+01,8.705062055175872615e+00
3.212632180623035083e+01,8.656030744750397687e+00
3.214632752214918554e+01,8.624911107919993825e+00
3.216633323806802025e+01,8.360294668945055463e+00
3.218633895398685496e+01,8.066288946973221741e+00
3.220634466990568967e+01,7.610937979159826838e+00
3.222635038582451728e+01,7.858735811382727476e+00
3.224635610174335909e+01,7.478621671871769294e+00
3.226636181766218670e+01,7.462210603909827711e+00
3.228636753358102851e+01,6.723926135153746486e+00
3.230637324949985612e+01,6.546832199813430009e+00
3.232637896541869083e+01,6.615096326807789140e+00
3.234638468133752554e+01,6.048154674749759430e+00
3.236639039725636025e+01,6.231025535413277971e+00
3.238639611317519496e+01,5.615390176560460134e+00
3.240640182909402967e+01,6.121140869175828669e+00
3.242640754501286438e+01,4.876848630691422493e+00
3.244641326093169198e+01,5.773071021403993974e+00
3.246641897685053380e+01,5.704178797308916415e+00
3.248642469276936140e+01,4.963662793612438229e+00
3.250643040868819611e+01,5.282420431253140869e+00
3.252643612460703082e+01,3.865637527901535364e+00
3.254644184052586553e+01,4.387407122512145818e+00
3.256644755644470024e+01,4.879771554217851026e+00
3.258645327236353495e+01,3.613072136813448854e+00
3.260645898828236966e+01,4.647759270025138889e+00
3.262646470420119726e+01,4.569802233518206691e+00
3.264647042012003908e+01,5.020469157655810477e+00
3.266647613603886668e+01,4.752381922754644883e+00
3.268648185195770850e+01,4.629920410708349365e+00
3.270648756787653610e+01,5.047182305781652722e+00
3.272649328379537081e+01,4.601857987117653259e+00
3.274649899971420552e+01,4.826230256027638887e+00
3.276650471563304023e+01,4.808130323912363835e+00
3.278651043155187494e+01,4.814640879225322578e+00
3.280651614747070255e+01,4.991470514000187819e+00
3.282652186338954436e+01,4.628096883832452768e+00
3.284652757930837197e+01,5.019911431392805490e+00
3.286653329522721378e+01,5.583007624658673507e+00
3.288653901114604139e+01,5.058983313465390097e+00
3.290654472706487610e+01,5.676034591766770276e+00
3.292655044298371081e+01,4.962726766829332448e+00
3.294655615890254552e+01,4.914768611240564411e+00
3.296656187482138023e+01,5.375239994812023525e+00
3.298656759074020783e+01,4.422192031151770841e+00
3.300657330665904965e+01,5.035902474207668789e+00
3.302657902257787725e+01,5.300216007091265169e+00
3.304658473849671907e+01,5.405699109957517123e+00
3.306659045441554667e+01,4.897799812303185618e+00
3.308659617033438138e+01,5.250327351028665213e+00
3.310660188625321609e+01,5.429270034892648589e+00
3.312660760217205080e+01,5.412110213803184244e+00
3.314661331809088551e+01,5.213970072543128609e+00
3.316661903400971312e+01,5.049991923642571656e+00
3.318662474992855493e+01,4.932406507177526933e+00
3.320663046584738254e+01,5.108620010272842293e+00
3.322663618176622435e+01,4.466455203694220444e+00
3.324664189768505196e+01,5.308183836031284741e+00
3.326664761360388667e+01,5.337306191276606882e+00
3.328665332952272138e+01,4.794278839181934870e+00
3.330665904544155609e+01,4.633986639142317898e+00
3.332666476136039080e+01,4.353743851979370305e+00
3.334667047727922551e+01,4.619601986029068463e+00
3.336667619319806022e+01,4.376604623060205590e+00
3.338668190911688782e+01,4.617692959145923481e+00
3.340668762503572964e+01,4.594160550764149420e+00
3.342669334095455724e+01,4.587096807639622575e+00
3.344669905687339195e+01,3.888572576289053284e+00
3.346670477279222666e+01,4.279348943502064628e+00
3.348671048871106137e+01,5.095402308215571274e+00
3.350671620462989608e+01,4.830847725416501426e+00
3.352672192054873079e+01,4.930926189540182136e+00
3.354672763646756550e+01,4.415746304427580426e+00
3.356673335238639311e+01,4.914737987449220746e+00
3.358673906830523492e+01,4.312680204859219657e+00
3.360674478422406253e+01,5.020940256877182151e+00
3.362675050014290434e+01,4.377626090186735652e+00
3.364675621606173195e+01,4.289693165485626736e+00
3.366676193198056666e+01,5.055330683246158863e+00
3.368676764789940137e+01,4.489501724446883557e+00
3.370677336381823608e+01,5.011003720899873670e+00
3.372677907973707079e+01,4.540439908943418423e+00
3.374678479565589839e+01,5.311279066058999021e+00
3.376679051157474021e+01,5.591557339782860403e+00
3.378679622749356781e+01,5.760684127330274684e+00
3.380680194341240963e+01,5.512633058688246379e+00
3.382680765933123723e+01,6.219238362159368982e+00
3.384681337525007194e+01,6.539316587570747963e+00
3.386681909116890665e+01,7.215452465121366288e+00
3.388682480708774136e+01,8.303215919081662122e+00
3.390683052300657607e+01,8.335887426600914196e+00
3.392683623892540368e+01,8.071284946774827773e+00
3.394684195484424549e+01,8.978387607125933201e+00
3.396684767076307310e+01,1.019122029650421624e+01
3.398685338668191491e+01,1.040006270996165583e+01
3.400685910260074252e+01,1.059112396308583648e+01
3.402686481851957723e+01,1.172555482140229088e+01
3.404687053443841194e+01,1.276231726808752498e+01
3.406687625035724665e+01,1.371788328501022391e+01
3.408688196627608136e+01,1.469235072030829414e+01
3.410688768219490896e+01,1.566163695186816440e+01
3.412689339811375078e+01,1.675768602582107647e+01
3.414689911403257838e+01,1.755339192097854095e+01
3.416690482995142020e+01,1.947440153335082869e+01
3.418691054587024780e+01,2.051179941601642298e+01
3.420691626178908251e+01,2.340942986808618897e+01
3.422692197770791722e+01,2.467816893145641899e+01
3.424692769362675193e+01,2.545935099393402368e+01
3.426693340954558664e+01,2.762360836054784841e+01
3.428693912546442135e+01,2.941502344622747955e+01
3.430694484138325606e+01,3.129768126179218513e+01
3.432695055730208367e+01,3.368872713595141022e+01
3.434695627322092548e+01,3.487031988590872089e+01
3.436696198913975309e+01,3.615728018466006688e+01
3.438696770505858780e+01,3.828743143343602640e+01
3.440697342097742251e+01,3.873195694462886252e+01
3.442697913689625722e+01,4.175941387727568355e+01
3.444698485281509193e+01,4.247881918837045845e+01
3.446699056873392664e+01,4.355160075136396358e+01
3.448699628465276135e+01,4.312564391150980470e+01
3.450700200057158895e+01,4.393798826377319955e+01
3.452700771649043077e+01,4.434855505731718495e+01
3.454701343240925837e+01,4.451056845456334798e+01
3.456701914832810019e+01,4.421373523016506368e+01
3.458702486424692779e+01,4.247760833258823254e+01
3.460703058016576250e+01,4.266933109761373544e+01
3.462703629608459721e+01,4.120890351066354640e+01
3.464704201200343192e+01,3.966356421922547781e+01
3.466704772792226663e+01,3.830029843661176869e+01
3.468705344384109424e+01,3.768269712485925993e+01
3.470705915975993605e+01,3.586971675230107337e+01
3.472706487567876366e+01,3.426073080798680337e+01
3.474707059159760547e+01,3.169349973521041619e+01
3.476707630751643308e+01,2.861914343752835421e+01
3.478708202343526779e+01,2.632637913150195885e+01
3.480708773935410250e+01,2.450285150040378923e+01
3.482709345527293721e+01,2.133720201845267184e+01
3.484709917119177192e+01,1.936573203689440348e+01
3.486710488711059952e+01,1.663637309811289100e+01
3.488711060302944134e+01,1.551589563371709879e+01
3.490711631894826894e+01,1.291013289248053653e+01
3.492712203486711076e+01,1.218625827872370238e+01
3.494712775078593836e+01,1.061245462446433052e+01
3.496713346670477307e+01,9.051528660307830876e+00
3.498713918262360778e+01,8.635319046948573884e+00
3.500714489854244249e+01,7.682065492727121914e+00
3.502715061446127720e+01,6.928100344087953388e+00
3.504715633038010481e+01,6.362507120633503099e+00
3.506716204629894662e+01,6.293019441566050531e+00
3.508716776221777423e+01,6.217421766894551283e+00
3.510717347813661604e+01,6.164797838554739506e+00
3.512717919405544365e+01,5.405741309920959914e+00
3.514718490997427836e+01,5.054167016558060332e+00
3.516719062589311307e+01,6.253472416035387837e+00
3.518719634181194778e+01,5.124124947484902215e+00
3.520720205773078249e+01,5.574001443453403759e+00
3.522720777364961720e+01,5.864232850919064433e+00
3.524721348956845191e+01,5.570400492185703101e+00
3.526721920548727951e+01,6.296764699773797602e+00
3.528722492140612133e+01,6.525506902360472594e+00
3.530723063732494893e+01,7.815745707794816255e+00
3.532723635324378364e+01,7.574498522571825987e+00
3.534724206916261835e+01,8.004517581240051527e+00
3.536724778508145306e+01,8.438820752724261354e+00
3.538725350100028777e+01,8.668669652623142596e+00
3.540725921691912248e+01,1.004820959990321683e+01
3.542726493283795719e+01,1.020683809079973159e+01
3.544727064875678479e+01,1.092115118399851603e+01
3.546727636467562661e+01,1.229142170930525957e+01
3.548728208059445421e+01,1.385884073789685011e+01
3.550728779651329603e+01,1.421515359776607212e+01
3.552729351243212363e+01,1.516093909249103788e+01
3.554729922835095834e+01,1.706406892533680519e+01
3.556730494426979305e+01,1.916946616623236821e+01
3.558731066018862776e+01,2.013852188415754085e+01
3.560731637610746247e+01,2.262900328000210592e+01
3.562732209202629008e+01,2.464234100520197757e+01
3.564732780794513189e+01,2.649290348546531249e+01
3.566733352386395950e+01,2.850510072348802737e+01
3.568733923978280131e+01,3.108167849816931039e+01
3.570734495570162892e+01,3.446856285778797968e+01
3.572735067162046363e+01,3.705615159260788971e+01
3.574735638753929834e+01,4.068072547521231286e+01
3.576736210345813305e+01,4.387771940452444142e+01
3.578736781937696776e+01,4.774118282126079293e+01
3.580737353529579536e+01,5.140788574622875018e+01
3.582737925121463718e+01,5.568242265886991049e+01
3.584738496713346478e+01,5.886490404878723837e+01
3.586739068305230660e+01,6.271105514026444894e+01
3.588739639897113420e+01,6.689045657531221423e+01
3.590740211488996891e+01,7.100308950451804435e+01
3.592740783080880362e+01,7.401390693237770790e+01
3.594741354672763833e+01,7.853705429909403790e+01
3.596741926264647304e+01,8.138451794320617694e+01
3.598742497856530065e+01,8.379252147092512359e+01
3.600743069448414246e+01,8.641129841337021844e+01
3.602743641040297007e+01,8.784700278123375483e+01
3.604744212632181188e+01,8.950825110638820092e+01
3.606744784224063949e+01,9.074677265827293127e+01
3.608745355815947420e+01,9.163856941910566434e+01
3.610745927407830891e+01,9.077283468272651135e+01
3.612746498999714362e+01,9.019131863565839069e+01
3.614747070591597833e+01,8.981686796735982625e+01
3.616747642183481304e+01,8.718208116833342558e+01
3.618748213775364775e+01,8.413073291828241906e+01
3.620748785367247535e+01,8.230645268011888049e+01
3.622749356959131717e+01,7.763373903373339147e+01
3.624749928551014477e+01,7.425982634401296423e+01
3.626750500142897948e+01,6.877916173582859471e+01
3.628751071734781419e+01,6.353789768725278009e+01
3.630751643326664890e+01,5.772300571512475642e+01
3.632752214918548361e+01,5.382140651860217417e+01
3.634752786510431832e+01,4.779448533165312796e+01
3.636753358102315303e+01,4.249652455954048946e+01
3.638753929694198064e+01,3.757819953640456845e+01
3.640754501286082245e+01,3.261012648586896034e+01
3.642755072877965006e+01,2.827540149386993917e+01
3.644755644469849187e+01,2.506128354843671602e+01
3.646756216061731948e+01,2.098540463448504667e+01
3.648756787653615419e+01,1.828283794288439168e+01
3.650757359245498890e+01,1.643406662166699306e+01
3.652757930837382361e+01,1.458989963972983794e+01
3.654758502429265832e+01,1.287544999445986704e+01
3.656759074021148592e+01,1.281343969529215521e+01
3.658759645613032774e+01,1.150400435135514954e+01
3.660760217204915534e+01,1.065268989575086778e+01
3.662760788796799716e+01,8.738668598364611739e+00
3.664761360388682476e+01,7.790809220547592062e+00
3.666761931980565947e+01,8.373556847119726143e+00
3.668762503572449418e+01,7.987812100930168135e+00
3.670763075164332889e+01,7.171239862524720010e+00
3.672763646756216360e+01,6.310209962204737622e+00
3.674764218348099121e+01,6.492252985666848275e+00
3.676764789939983302e+01,6.217911299204356368e+00
3.678765361531866063e+01,5.899871902676373736e+00
3.680765933123750244e+01,5.656634285165123011e+00
3.682766504715633005e+01,5.132181358036798535e+00
3.684767076307516476e+01,5.809771021946374070e+00
3.686767647899399947e+01,4.846174645030322026e+00
3.688768219491283418e+01,5.448855499310703010e+00
3.690768791083166889e+01,4.809547047752365856e+00
3.692769362675049649e+01,4.260122222174910434e+00
3.694769934266933831e+01,4.442943277978442573e+00
3.696770505858816591e+01,4.290647079190096136e+00
3.698771077450700773e+01,5.055868969621539755e+00
3.700771649042583533e+01,5.415449014438011410e+00
3.702772220634467004e+01,4.594442004488608511e+00
3.704772792226350475e+01,4.987378022472755745e+00
3.706773363818233946e+01,4.510310548651357720e+00
3.708773935410117417e+01,3.767855630996930660e+00
3.710774507002000888e+01,5.361286516174390115e+00
3.712775078593884359e+01,4.670842424333399023e+00
3.714775650185767120e+01,4.593204985162312681e+00
3.716776221777651301e+01,3.929847122837664131e+00
3.718776793369534062e+01,5.103892645260271976e+00
3.720777364961417533e+01,5.362880473361787637e+00
3.722777936553301004e+01,4.709875276874068817e+00
3.724778508145184475e+01,5.091021504228741890e+00
3.726779079737067946e+01,4.711631427929735771e+00
3.728779651328951417e+01,5.675472912171455775e+00
3.730780222920834888e+01,5.700053389424412309e+00
3.732780794512717648e+01,5.162843196221093223e+00
3.734781366104601830e+01,5.432340110067965355e+00
3.736781937696484590e+01,5.116500990057954112e+00
3.738782509288368772e+01,5.597290861830551911e+00
3.740783080880251532e+01,6.560352584711893087e+00
3.742783652472135003e+01,6.145396393592394091e+00
3.744784224064018474e+01,5.982260743314619766e+00
3.746784795655901945e+01,6.329213802166840708e+00
3.748785367247785416e+01,6.898498268281922030e+00
3.750785938839668177e+01,7.240302481993659001e+00
3.752786510431552358e+01,6.957458605121768613e+00
3.754787082023435119e+01,6.910266440880172389e+00
3.756787653615319300e+01,7.221973371566980049e+00
3.758788225207202061e+01,6.742665569768844236e+00
3.760788796799085532e+01,7.413392290811740892e+00
3.762789368390969003e+01,6.893300896389746413e+00
3.764789939982852474e+01,7.744477292467248475e+00
3.766790511574735945e+01,6.832904356082612374e+00
3.768791083166618705e+01,7.614076138923890014e+00
3.770791654758502887e+01,7.704914913638945428e+00
3.772792226350385647e+01,7.211115155574883140e+00
3.774792797942269829e+01,7.499088947431622465e+00
3.776793369534152589e+01,7.070584075990340445e+00
3.778793941126036060e+01,7.209456916787880587e+00
3.780794512717919531e+01,7.557083109866905346e+00
3.782795084309803002e+01,6.336940037317413399e+00
3.784795655901686473e+01,7.149417298503631280e+00
3.786796227493569234e+01,6.681062399316759048e+00
3.788796799085453415e+01,6.605750328104546654e+00
3.790797370677336176e+01,6.505939526875298640e+00
3.792797942269220357e+01,6.081734392075056839e+00
3.794798513861103118e+01,6.362622105808479311e+00
3.796799085452986589e+01,6.125040153352053984e+00
3.798799657044870060e+01,5.396223796245656956e+00
3.800800228636753531e+01,5.108840379455597436e+00
3.802800800228637002e+01,4.147635432070846839e+00
3.804801371820520473e+01,4.992516815716013134e+00
3.806801943412403944e+01,4.942317849302240163e+00
3.808802515004286704e+01,4.798778694916969734e+00
3.810803086596170886e+01,4.640661156052681591e+00
3.812803658188053646e+01,4.850158381731555224e+00
3.814804229779937117e+01,4.126365129085960426e+00
3.816804801371820588e+01,4.390220089659150560e+00
3.818805372963704059e+01,4.698540071139152730e+00
3.820805944555587530e+01,3.276730387755843577e+00
3.822806516147471001e+01,3.617544357441562219e+00
3.824807087739354472e+01,3.658553940996284393e+00
3.826807659331237232e+01,3.976330161541049790e+00
3.828808230923121414e+01,4.280100946018182029e+00
3.830808802515004174e+01,3.551757399654287717e+00
3.832809374106888356e+01,4.386188583713596323e+00
3.834809945698771116e+01,4.031351925980866113e+00
3.836810517290654587e+01,4.063701202047538708e+00
3.838811088882538058e+01,4.048742022784153072e+00
3.840811660474421529e+01,4.348174559554909280e+00
3.842812232066305000e+01,4.461025260673204151e+00
3.844812803658187761e+01,4.375574921271090822e+00
3.846813375250071942e+01,3.151159298650916707e+00
3.848813946841954703e+01,3.190941009244611770e+00
3.850814518433838884e+01,3.741165733433291507e+00
3.852815090025721645e+01,3.975443255574005796e+00
3.854815661617605116e+01,3.436056605371039296e+00
3.856816233209488587e+01,3.115474621007545686e+00
3.858816804801372058e+01,4.377741369370487412e+00
3.860817376393255529e+01,3.704853328837172999e+00
3.862817947985138289e+01,4.094073906935669527e+00
3.864818519577022471e+01,4.092992973151293512e+00
3.866819091168905231e+01,3.619126656468032444e+00
3.868819662760789413e+01,3.392461713754568731e+00
3.870820234352672173e+01,4.120028939737521156e+00
3.872820805944555644e+01,4.220078942591796611e+00
3.874821377536439115e+01,3.688159689745532432e+00
3.876821949128322586e+01,3.609815533711810076e+00
3.878822520720206057e+01,4.170892376368259491e+00
3.880823092312088818e+01,3.103583270217874279e+00
3.882823663903972999e+01,4.028381945772111727e+00
3.884824235495855760e+01,3.936470056390922068e+00
3.886824807087739941e+01,4.093953962166885674e+00
3.888825378679622702e+01,3.437819167426819256e+00
3.890825950271506173e+01,4.233736606183310158e+00
3.892826521863389644e+01,3.552944353254603005e+00
3.894827093455273115e+01,4.550795855100414400e+00
3.896827665047156586e+01,4.465192483314472938e+00
3.898828236639040057e+01,4.094508420147691119e+00
3.900828808230923528e+01,4.252631639348487980e+00
3.902829379822806288e+01,4.177297910593456010e+00
3.904829951414690470e+01,5.268503270917711312e+00
3.906830523006573230e+01,4.026443151666375897e+00
3.908831094598456701e+01,4.418790815685702533e+00
3.910831666190340172e+01,4.035888488838431876e+00
3.912832237782223643e+01,4.509961382100844851e+00
3.914832809374107114e+01,4.918011688259626979e+00
3.916833380965990585e+01,5.656613281744998112e+00
3.918833952557874056e+01,5.108803111337204328e+00
3.920834524149756817e+01,5.483875418957879333e+00
3.922835095741640998e+01,5.363624712053671750e+00
3.924835667333523759e+01,5.956940956342105409e+00
3.926836238925407940e+01,6.281442559902717271e+00
3.928836810517290701e+01,6.412497423442060196e+00
3.930837382109174172e+01,6.142343508295532217e+00
3.932837953701057643e+01,7.173495508129651199e+00
3.934838525292941114e+01,6.513320035259069662e+00
3.936839096884824585e+01,6.679581313849768165e+00
3.938839668476707345e+01,7.804505871751951318e+00
3.940840240068591527e+01,7.420461718792221717e+00
3.942840811660474287e+01,7.303543021433513083e+00
3.944841383252358469e+01,8.212934145216172155e+00
3.946841954844241229e+01,8.150755081532560453e+00
3.948842526436124700e+01,7.655430031864500329e+00
3.950843098028008171e+01,8.124918072730961782e+00
3.952843669619891642e+01,7.878662046931713903e+00
3.954844241211775113e+01,7.577259994516953867e+00
3.956844812803657874e+01,7.100438718369083801e+00
3.958845384395542055e+01,7.451353701680701214e+00
3.960845955987424816e+01,7.146811414765313231e+00
3.962846527579308997e+01,6.149915180431611006e+00
3.964847099171191758e+01,6.045612750459645746e+00
3.966847670763075229e+01,6.393922165021107773e+00
3.968848242354958700e+01,5.995049486421929252e+00
3.970848813946842171e+01,6.275991406124034278e+00
3.972849385538725642e+01,5.829759348755580994e+00
3.974849957130608402e+01,4.912046404086583884e+00
3.976850528722492584e+01,4.845777754057589704e+00
3.978851100314375344e+01,4.826102248968057395e+00
3.980851671906259526e+01,4.196358115540436806e+00
3.982852243498142286e+01,3.843091896689085907e+00
3.984852815090025757e+01,3.589577824022199604e+00
3.986853386681909228e+01,4.986605508356714012e+00
3.988853958273792699e+01,4.712048540338647840e+00
3.990854529865676170e+01,4.119770569490025736e+00
3.992855101457559641e+01,4.058431035088791994e+00
3.994855673049443112e+01,3.949182582408004016e+00
3.996856244641325873e+01,3.956590237518608610e+00
3.998856816233210054e+01,3.842408373048124659e+00
4.000857387825092815e+01,3.900241581780637290e+00
4.002857959416976286e+01,4.551805636005620492e+00
4.004858531008859757e+01,3.445015054049231917e+00
4.006859102600743228e+01,2.890691069161441362e+00
4.008859674192626699e+01,3.594888696035158482e+00
4.010860245784510170e+01,3.999582164883948465e+00
4.012860817376393641e+01,3.748845788939905610e+00
4.014861388968276401e+01,3.686216686943050380e+00
4.016861960560160583e+01,2.756494037022082733e+00
4.018862532152043343e+01,3.450230086759906278e+00
4.020863103743927525e+01,3.054005177355231915e+00
4.022863675335810285e+01,4.454436932082987077e+00
4.024864246927693756e+01,4.165169218582090771e+00
4.026864818519577227e+01,4.273913813864527178e+00
4.028865390111460698e+01,3.503927318445991812e+00
4.030865961703344169e+01,3.749183768417958973e+00
4.032866533295226930e+01,3.766890165885181663e+00
4.034867104887111111e+01,4.172161279011656454e+00
4.036867676478993872e+01,3.541057463767694369e+00
4.038868248070878053e+01,3.160246710119295699e+00
4.040868819662760814e+01,4.258112138339342323e+00
4.042869391254644285e+01,3.722176187841068185e+00
4.044869962846527756e+01,4.314392488889734700e+00
4.046870534438411227e+01,3.342788101027128089e+00
4.048871106030294698e+01,3.721772068189115323e+00
4.050871677622177458e+01,4.147941489556908223e+00
4.052872249214061640e+01,3.540665872061207864e+00
4.054872820805944400e+01,3.489880877675196391e+00
4.056873392397828582e+01,3.724631874114945340e+00
4.058873963989711342e+01,2.846750433639725131e+00
4.060874535581594813e+01,3.200635026094200253e+00
4.062875107173478284e+01,3.444060256792705665e+00
4.064875678765361755e+01,4.263036073210293431e+00
4.066876250357245226e+01,4.457574185094259178e+00
4.068876821949127986e+01,3.395045170114578070e+00
4.070877393541012168e+01,3.264724544078998925e+00
4.072877965132894929e+01,4.046978600182962182e+00
4.074878536724779110e+01,3.743360368057060406e+00
4.076879108316661871e+01,4.155662163056160985e+00
4.078879679908545342e+01,3.682359777390926681e+00
4.080880251500428813e+01,4.711816665872952115e+00
4.082880823092312284e+01,4.965948562612696904e+00
4.084881394684195755e+01,4.265671662238292861e+00
4.086881966276079226e+01,5.599585425988353293e+00
4.088882537867962697e+01,4.962083471717304128e+00
4.090883109459845457e+01,5.800676677592710107e+00
4.092883681051729639e+01,5.658017955671199140e+00
4.094884252643612399e+01,6.849131194860023086e+00
4.096884824235495870e+01,6.623133080140845230e+00
4.098885395827379341e+01,7.573126451315597585e+00
4.100885967419262812e+01,6.649094117897407230e+00
4.102886539011146283e+01,8.508795399303624052e+00
4.104887110603029754e+01,8.724599703082622781e+00
4.106887682194913225e+01,1.001238785962812372e+01
4.108888253786795985e+01,1.025269431087804151e+01
4.110888825378680167e+01,1.053083671464104221e+01
4.112889396970562927e+01,1.132965418558849002e+01
4.114889968562447109e+01,1.241742327365504472e+01
4.116890540154329869e+01,1.306808450346828820e+01
4.118891111746213340e+01,1.441780244706269265e+01
4.120891683338096811e+01,1.582793504527774253e+01
4.122892254929980282e+01,1.667901749930091881e+01
4.124892826521863753e+01,1.860304470582369163e+01
4.126893398113746514e+01,1.862021531453970624e+01
4.128893969705630695e+01,2.081026765788811161e+01
4.130894541297513456e+01,2.173526495343243425e+01
4.132895112889397637e+01,2.256899179231185215e+01
4.134895684481280398e+01,2.325663492316531844e+01
4.136896256073163869e+01,2.413903303778393550e+01
4.138896827665047340e+01,2.440481540529734161e+01
4.140897399256930811e+01,2.581430967173063706e+01
4.142897970848814282e+01,2.522439545901037050e+01
4.144898542440697042e+01,2.597154057023731966e+01
4.146899114032581224e+01,2.484799692680635985e+01
4.148899685624463984e+01,2.472350404737655793e+01
4.150900257216348166e+01,2.416163859116820944e+01
4.152900828808230926e+01,2.268157726823158526e+01
4.154901400400114397e+01,2.181683669634445621e+01
4.156901971991997868e+01,2.000068001080027003e+01
4.158902543583881339e+01,1.954830659105470048e+01
4.160903115175764810e+01,1.815151988811903294e+01
4.162903686767647571e+01,1.588949117331769045e+01
4.164904258359531752e+01,1.429737623550622416e+01
4.166904829951414513e+01,1.226857116582266372e+01
4.168905401543298694e+01,1.138982305162094555e+01
4.170905973135181455e+01,1.114535241223942030e+01
4.172906544727064926e+01,9.298581161142575269e+00
4.174907116318948397e+01,8.353564088442887225e+00
4.176907687910831868e+01,7.744864736472555578e+00
4.178908259502715339e+01,6.212143874817980027e+00
4.180908831094598810e+01,5.573793363540953116e+00
4.182909402686482281e+01,5.521096271611567907e+00
4.184909974278365041e+01,4.550668989821858190e+00
4.186910545870249223e+01,5.229920111104889635e+00
4.188911117462131983e+01,5.301903487589441966e+00
4.190911689054015454e+01,4.441446573007506338e+00
4.192912260645898925e+01,4.421290889483598718e+00
4.194912832237782396e+01,3.793047323982889019e+00
4.196913403829665867e+01,4.087706461365533173e+00
4.198913975421549338e+01,4.845936200943228300e+00
4.200914547013432809e+01,4.061272163254910694e+00
4.202915118605316280e+01,3.779704713881494538e+00
4.204915690197199041e+01,4.010743370169516098e+00
4.206916261789082512e+01,4.297872615085621462e+00
4.208916833380965983e+01,3.181821200054052223e+00
4.210917404972849454e+01,3.296859283129370155e+00
4.212917976564732925e+01,4.444282243506241237e+00
4.214918548156616396e+01,4.043676471559903618e+00
4.216919119748499867e+01,3.709272416743397471e+00
4.218919691340383338e+01,4.081021413422255328e+00
4.220920262932266809e+01,4.512813754369688013e+00
4.222920834524150280e+01,3.716287616248638681e+00
4.224921406116033040e+01,3.747147521910547230e+00
4.226921977707916511e+01,4.296844316377780082e+00
4.228922549299799982e+01,4.541096719838070506e+00
4.230923120891683453e+01,3.728145836905078170e+00
4.232923692483566924e+01,3.561754604489222764e+00
4.234924264075450395e+01,3.938686633386909275e+00
4.236924835667333866e+01,3.229634680845385297e+00
4.238925407259217337e+01,4.525522809530979629e+00
4.240925978851100808e+01,3.428563454909703268e+00
4.242926550442983569e+01,3.953739013543941638e+00
4.244927122034867040e+01,4.164721971181580606e+00
4.246927693626750511e+01,3.873119602278875639e+00
4.248928265218633982e+01,4.446684411761583355e+00
4.250928836810517453e+01,3.824102392962576147e+00
4.252929408402400924e+01,3.722711977880846845e+00
4.254929979994284395e+01,4.399218108564411978e+00
4.256930551586167866e+01,3.734334380832607270e+00
4.258931123178051337e+01,3.448999234616835441e+00
4.260931694769934097e+01,3.876661456301297548e+00
4.262932266361817568e+01,3.776527156805754348e+00
4.264932837953701039e+01,3.833159028061176254e+00
4.266933409545584510e+01,3.205359388060416315e+00
4.268933981137467981e+01,3.984763664174305386e+00
4.270934552729351452e+01,4.363743005831265620e+00
4.272935124321234923e+01,3.698270285515449896e+00
4.274935695913118394e+01,4.427501798389547716e+00
4.276936267505001865e+01,3.600652974523599337e+00
4.278936839096885336e+01,3.728703358583806970e+00
4.280937410688768097e+01,4.466877831498047513e+00
4.282937982280651568e+01,4.854001928005386546e+00
4.284938553872535039e+01,4.594814479777761029e+00
4.286939125464418510e+01,4.855750302263008855e+00
4.288939697056301981e+01,5.336278616839507549e+00
4.290940268648185452e+01,5.406659245299671568e+00
4.292940840240068923e+01,5.157404747707459158e+00
4.294941411831952394e+01,5.969103904414279071e+00
4.296941983423835865e+01,5.631134278732694121e+00
4.298942555015718625e+01,5.474241697240963767e+00
4.300943126607602096e+01,7.025203668782743271e+00
4.302943698199485567e+01,6.243815071273550288e+00
4.304944269791369038e+01,7.490318786608725077e+00
4.306944841383252509e+01,7.801832697182480736e+00
4.308945412975135980e+01,8.385263859764620520e+00
4.310945984567019451e+01,8.610498870925017201e+00
4.312946556158902922e+01,9.668739739271398292e+00
4.314947127750786393e+01,1.065749043080889180e+01
4.316947699342669864e+01,1.241038534368477464e+01
4.318948270934552625e+01,1.302359663902228704e+01
4.320948842526436096e+01,1.480023483151492947e+01
4.322949414118319567e+01,1.518997688098712473e+01
4.324949985710203038e+01,1.687956964556915906e+01
4.326950557302086509e+01,1.810537001293050352e+01
4.328951128893969980e+01,2.016747328899516845e+01
4.330951700485853451e+01,2.073439864281021983e+01
4.332952272077736922e+01,2.291522811182818842e+01
4.334952843669620393e+01,2.440943312783568686e+01
4.336953415261503153e+01,2.643227307097282619e+01
4.338953986853386624e+01,2.713703577255606092e+01
4.340954558445270095e+01,2.817333357078359413e+01
4.342955130037153566e+01,2.848360146259321013e+01
4.344955701629037037e+01,2.999678909648551084e+01
4.346956273220920508e+01,3.114411395824646789e+01
4.348956844812803979e+01,3.025474382910902804e+01
4.350957416404687450e+01,3.030648678594220158e+01
4.352957987996570921e+01,2.985034147434459584e+01
4.354958559588453681e+01,2.957291698107413680e+01
4.356959131180337153e+01,2.847392989547091346e+01
4.358959702772220624e+01,2.796746398844131676e+01
4.360960274364104095e+01,2.569040137529866996e+01
4.362960845955987566e+01,2.464753978538589863e+01
4.364961417547871037e+01,2.269252214725454309e+01
4.366961989139754508e+01,2.041762204261944191e+01
4.368962560731637979e+01,1.974508034245342714e+01
4.370963132323521450e+01,1.783026728827691798e+01
4.372963703915404921e+01,1.540456049277955053e+01
4.374964275507287681e+01,1.433914035201560289e+01
4.376964847099171152e+01,1.412770177211235811e+01
4.378965418691054623e+01,1.250528465995735949e+01
4.380965990282938094e+01,1.098696187800141999e+01
4.382966561874821565e+01,9.343887256640572403e+00
4.384967133466705036e+01,8.515643960807924628e+00
4.386967705058588507e+01,7.049434891653361568e+00
4.388968276650471978e+01,6.794437335101322084e+00
4.390968848242355449e+01,6.637291924592380710e+00
4.392969419834238209e+01,5.429296058466359653e+00
4.394969991426121680e+01,5.828862784936802655e+00
4.396970563018005151e+01,4.668072746088000713e+00
4.398971134609888622e+01,4.333685114000785710e+00
4.400971706201772093e+01,4.128009370977590464e+00
4.402972277793655564e+01,3.880522367615111268e+00
4.404972849385539035e+01,3.571937512670179338e+00
4.406973420977422506e+01,3.975768734804175697e+00
4.408973992569305977e+01,3.925854771596687165e+00
4.410974564161189448e+01,4.176137323916520039e+00
4.412975135753072209e+01,4.467151418465685531e+00
4.414975707344955680e+01,4.076067609884606924e+00
4.416976278936839151e+01,4.066133450047790809e+00
4.418976850528722622e+01,4.382326817179303724e+00
4.420977422120606093e+01,3.309499588370695466e+00
4.422977993712489564e+01,2.941481797673265675e+00
4.424978565304373035e+01,3.122613052275332812e+00
4.426979136896256506e+01,4.392439998720646166e+00
4.428979708488139977e+01,3.960052423556981616e+00
4.430980280080022737e+01,3.293141382451434840e+00
4.432980851671906208e+01,3.698521559861540631e+00
4.434981423263789679e+01,3.319678789986824974e+00
4.436981994855673150e+01,3.925920989030096564e+00
4.438982566447556621e+01,3.641880760238354497e+00
4.440983138039440092e+01,3.795304732525162983e+00
4.442983709631323563e+01,3.940464007956145043e+00
4.444984281223207034e+01,3.638252692375486763e+00
4.446984852815090505e+01,4.274715297275760939e+00
4.448985424406973266e+01,4.309451200752995703e+00
4.450985995998856737e+01,3.607420015196430185e+00
4.452986567590740208e+01,3.759570126702175497e+00
4.454987139182623679e+01,3.738709896284731826e+00
4.456987710774507150e+01,3.502631842797394146e+00
4.458988282366390621e+01,3.119952578784069175e+00
4.460988853958274092e+01,3.664248569871174421e+00
4.462989425550157563e+01,3.261400952914470963e+00
4.464989997142041034e+01,3.906384759198039625e+00
4.466990568733924505e+01,3.517249998913252629e+00
4.468991140325807265e+01,3.500186568911576757e+00
4.470991711917690736e+01,4.136240168207543810e+00
4.472992283509574207e+01,3.663820976420772091e+00
4.474992855101457678e+01,4.033938405525012705e+00
4.476993426693341149e+01,3.788268592387247669e+00
4.478993998285224620e+01,3.596621142110794533e+00
4.480994569877108091e+01,3.738487379999785087e+00
4.482995141468991562e+01,4.239718933851291283e+00
4.484995713060875033e+01,3.348819053164374893e+00
4.486996284652757794e+01,3.170928821487422944e+00
4.488996856244641265e+01,3.332609415078741755e+00
4.490997427836524736e+01,3.582943120134072235e+00
4.492997999428408207e+01,3.479854622803664643e+00
4.494998571020291678e+01,4.038838932421037420e+00
4.496999142612175149e+01,3.832819146498032570e+00
4.498999714204058620e+01,3.068401057493444828e+00
4.501000285795942091e+01,3.680183823270669841e+00
4.503000857387825562e+01,3.626097095300636397e+00
4.505001428979709033e+01,3.656317144671204833e+00
4.507002000571591793e+01,3.816199131884411955e+00
4.509002572163475264e+01,3.708184545574102486e+00
4.511003143755358735e+01,4.252684702747501433e+00
4.513003715347242206e+01,4.274107905735855972e+00
4.515004286939125677e+01,4.594015898148247956e+00
4.517004858531009148e+01,4.000771095677198019e+00
4.519005430122892619e+01,3.954185899453387609e+00
4.521006001714776090e+01,4.088478758870589758e+00
4.523006573306659561e+01,5.143091229934144692e+00
4.525007144898542322e+01,4.927882825898702635e+00
4.527007716490425793e+01,4.347844828567660969e+00
4.529008288082309264e+01,4.326643479719734842e+00
4.531008859674192735e+01,4.237218643149754271e+00
4.533009431266076206e+01,5.117565696682400578e+00
4.535010002857959677e+01,4.454315089980093845e+00
4.537010574449843148e+01,5.304681180744009517e+00
4.539011146041726619e+01,5.254671761749537318e+00
4.541011717633610090e+01,4.834746235694455052e+00
4.543012289225492850e+01,5.461023011933052729e+00
4.545012860817376321e+01,4.969968364648390313e+00
4.547013432409259792e+01,4.992121406494699265e+00
4.549014004001143263e+01,4.789897139970768158e+00
4.551014575593026734e+01,4.422488674425474997e+00
4.553015147184910205e+01,4.821982722766545493e+00
4.555015718776793676e+01,4.832433112291290023e+00
4.557016290368677147e+01,4.700296366502557888e+00
4.559016861960560618e+01,5.085432333278101957e+00
4.561017433552444089e+01,4.648972689199798225e+00
4.563018005144326850e+01,4.560520600685888049e+00
4.565018576736210321e+01,4.677474654021688494e+00
4.567019148328093792e+01,4.584703020278412033e+00
4.569019719919977263e+01,4.126158186577058906e+00
4.571020291511860734e+01,4.461379987326779428e+00
4.573020863103744205e+01,4.050658814065739577e+00
4.575021434695627676e+01,3.757144819668060798e+00
4.577022006287511147e+01,3.965326318591587906e+00
4.579022577879394618e+01,4.601440962625277464e+00
4.581023149471277378e+01,4.529948807678805700e+00
4.583023721063160849e+01,4.588551242528488672e+00
4.585024292655044320e+01,3.824408530972564169e+00
4.587024864246927791e+01,3.921210296924013239e+00
4.589025435838811262e+01,4.024326804026833848e+00
4.591026007430694733e+01,4.464855063065833463e+00
4.593026579022578204e+01,4.305858792694411186e+00
4.595027150614461675e+01,3.741111838698007563e+00
4.597027722206345146e+01,4.156375165387810711e+00
4.599028293798228617e+01,3.589432517124485855e+00
4.601028865390111378e+01,4.079782613632905175e+00
4.603029436981994849e+01,3.674418574345529986e+00
4.605030008573878320e+01,4.138706647545681072e+00
4.607030580165761791e+01,3.047478721989494765e+00
4.609031151757645262e+01,3.590227685447823447e+00
4.611031723349528733e+01,3.344473857373976511e+00
4.613032294941412204e+01,3.777647482412081814e+00
4.615032866533295675e+01,4.198703503453607766e+00
4.617033438125179146e+01,3.850192902713748921e+00
4.619034009717061906e+01,4.351007221079242981e+00
4.621034581308945377e+01,3.491890937350467183e+00
4.623035152900828848e+01,3.367209538266136892e+00
4.625035724492712319e+01,3.145775202183728858e+00
4.627036296084595790e+01,4.319947543198623841e+00
4.629036867676479261e+01,3.812759422228039874e+00
4.631037439268362732e+01,3.804173914573571569e+00
4.633038010860246203e+01,3.189010012433402430e+00
4.635038582452129674e+01,3.888303767451702253e+00
4.637039154044012434e+01,2.877829627278148727e+00
4.639039725635895905e+01,3.901313741305193261e+00
4.641040297227779376e+01,3.824587992989005869e+00
4.643040868819662847e+01,3.698833074533124154e+00
4.645041440411546319e+01,3.511981123438850716e+00
4.647042012003429790e+01,3.304957133293541460e+00
4.649042583595313261e+01,3.733382670968006245e+00
4.651043155187196732e+01,3.361872305567906949e+00
4.653043726779080203e+01,3.753637916637570626e+00
4.655044298370963674e+01,3.737898125322054899e+00
4.657044869962846434e+01,3.021788097221312253e+00
4.659045441554729905e+01,3.794402073917074514e+00
4.661046013146613376e+01,3.556017286283126744e+00
4.663046584738496847e+01,3.267500363891874038e+00
4.665047156330380318e+01,4.356596574189099513e+00
4.667047727922263789e+01,3.372531766045990143e+00
4.669048299514147260e+01,3.938818175123147913e+00
4.671048871106030731e+01,3.550122296134111899e+00
4.673049442697914202e+01,3.672965556633248863e+00
4.675050014289796962e+01,3.048017574468378843e+00
4.677050585881680433e+01,3.272894971541276732e+00
4.679051157473563904e+01,3.577089593398135925e+00
4.681051729065447375e+01,3.016298942361541613e+00
4.683052300657330846e+01,3.421232368419091507e+00
4.685052872249214317e+01,3.960745649828127490e+00
4.687053443841097788e+01,3.640718134295471753e+00
4.689054015432981259e+01,3.269267959499233545e+00
4.691054587024864730e+01,3.615433725653401709e+00
4.693055158616748201e+01,3.633465572610197647e+00
4.695055730208630962e+01,4.179355412727084662e+00
4.697056301800514433e+01,3.631142283871227505e+00
4.699056873392397904e+01,3.095630121138282398e+00
4.701057444984281375e+01,3.500459269665723738e+00
4.703058016576164846e+01,3.328747441692495368e+00
4.705058588168048317e+01,3.555885608749744797e+00
4.707059159759931788e+01,3.229998836384302852e+00
4.709059731351815259e+01,3.798247677512766707e+00
4.711060302943698730e+01,3.205948921731460732e+00
4.713060874535581490e+01,3.517216082973642965e+00
4.715061446127464961e+01,3.803372067106599808e+00
4.717062017719348432e+01,3.712507937248064938e+00
4.719062589311231903e+01,4.530272672528422362e+00
4.721063160903115374e+01,4.148871754510079057e+00
4.723063732494998845e+01,4.154940438413550652e+00
4.725064304086882316e+01,4.317899431142435240e+00
4.727064875678765787e+01,4.572553304884590553e+00
4.729065447270649258e+01,4.680905306515459330e+00
4.731066018862532019e+01,5.342764813238696675e+00
4.733066590454415490e+01,5.600751587570032441e+00
4.735067162046298961e+01,6.265838908749508107e+00
4.737067733638182432e+01,5.723191697910555042e+00
4.739068305230065903e+01,6.239025180395266545e+00
4.741068876821949374e+01,6.836350882130344253e+00
4.743069448413832845e+01,7.143891040112190005e+00
4.745070020005716316e+01,7.811316529832766697e+00
4.747070591597599787e+01,8.017720129431411991e+00
4.749071163189483258e+01,7.813614530558487203e+00
4.751071734781366018e+01,8.502925896407631967e+00
4.753072306373249489e+01,9.085703773270704886e+00
4.755072877965132960e+01,9.390085348121537834e+00
4.757073449557016431e+01,1.046385062990041348e+01
4.759074021148899902e+01,1.084930610551515429e+01
4.761074592740783373e+01,1.117004345449523406e+01
4.763075164332666844e+01,1.153499636300040798e+01
4.765075735924550315e+01,1.180193854523505870e+01
4.767076307516433786e+01,1.250062803307688242e+01
4.769076879108316547e+01,1.184737719532925126e+01
4.771077450700200018e+01,1.256252406272579414e+01
4.773078022292083489e+01,1.297243945618677330e+01
4.775078593883966960e+01,1.240753235107376540e+01
4.777079165475850431e+01,1.157455022492913521e+01
4.779079737067733902e+01,1.190740396194833117e+01
4.781080308659617373e+01,1.161678482212015240e+01
4.783080880251500844e+01,1.133020784966045369e+01
4.785081451843384315e+01,1.064509038085692616e+01
4.787082023435267075e+01,1.024575681631329971e+01
4.789082595027150546e+01,9.541038444692631515e+00
4.791083166619034017e+01,9.564687562256864339e+00
4.793083738210917488e+01,9.293340770077447743e+00
4.795084309802800959e+01,8.897335131799676944e+00
4.797084881394684430e+01,8.688441654184916985e+00
4.799085452986567901e+01,8.636861439920677341e+00
4.801086024578451372e+01,8.383959573501162055e+00
4.803086596170334843e+01,7.725671181368731766e+00
4.805087167762218314e+01,8.081544292077829539e+00
4.807087739354101075e+01,8.335789752009326037e+00
4.809088310945984546e+01,7.765477254788429207e+00
4.811088882537868017e+01,6.952638253318393247e+00
4.813089454129751488e+01,7.596820147026414283e+00
4.815090025721634959e+01,7.448012566948264634e+00
4.817090597313518430e+01,7.426131123923221722e+00
4.819091168905401901e+01,6.633934074614958654e+00
4.821091740497285372e+01,7.640510666185631017e+00
4.823092312089168843e+01,7.351413952343563984e+00
4.825092883681051603e+01,7.612083174440895661e+00
4.827093455272935074e+01,8.600176175074016882e+00
4.829094026864818545e+01,7.884001860590784894e+00
4.831094598456702016e+01,8.424312643846388227e+00
4.833095170048585487e+01,8.602103502874673069e+00
4.835095741640468958e+01,9.391445962569049399e+00
4.837096313232352429e+01,9.526611776368902440e+00
4.839096884824235900e+01,9.365524681099058668e+00
4.841097456416119371e+01,9.360250527622406835e+00
4.843098028008002842e+01,9.841484499871588909e+00
4.845098599599885603e+01,9.524295939928435928e+00
4.847099171191769074e+01,1.096931438781980361e+01
4.849099742783652545e+01,1.003669195114672519e+01
4.851100314375536016e+01,9.839013781336426234e+00
4.853100885967419487e+01,9.527697787039286936e+00
4.855101457559302958e+01,9.096783862343636784e+00
4.857102029151186429e+01,8.917733740641198281e+00
4.859102600743069900e+01,8.793308609588219582e+00
4.861103172334953371e+01,6.774116384398407575e+00
4.863103743926836131e+01,6.866389720183438961e+00
4.865104315518719602e+01,6.278490204479564518e+00
4.867104887110603073e+01,6.668844360915623604e+00
4.869105458702486544e+01,5.545895766486231615e+00
4.871106030294370015e+01,5.033109708819137218e+00
4.873106601886253486e+01,5.097399725260763681e+00
4.875107173478136957e+01,4.215932482583855112e+00
4.877107745070020428e+01,3.766536191286428803e+00
4.879108316661903899e+01,4.477166833348134922e+00
4.881108888253786660e+01,3.620633327431585613e+00
4.883109459845670131e+01,3.466875053021690078e+00
4.885110031437553602e+01,3.749239358998289973e+00
4.887110603029437073e+01,3.723443737299269252e+00
4.889111174621320544e+01,4.066001798688489544e+00
4.891111746213204015e+01,3.823841527682341201e+00
4.893112317805087486e+01,3.502681008823836706e+00
4.895112889396970957e+01,3.456548023938553094e+00
4.897113460988854428e+01,3.435162565517612343e+00
4.899114032580737899e+01,3.786455985996245222e+00
4.901114604172620659e+01,4.038064962693609594e+00
4.903115175764504130e+01,3.937157610758957205e+00
4.905115747356387601e+01,4.027765106920961458e+00
4.907116318948271072e+01,3.460332150714374055e+00
4.909116890540154543e+01,3.117452602921945370e+00
4.911117462132038014e+01,3.754948604364407139e+00
4.913118033723921485e+01,3.602440851975399649e+00
4.915118605315804956e+01,3.775805895625843789e+00
4.917119176907688427e+01,3.640192543435153638e+00
4.919119748499571187e+01,3.503150492989789644e+00
4.921120320091454658e+01,3.608210690116714137e+00
4.923120891683338129e+01,2.889438088281436112e+00
4.925121463275221600e+01,3.487400409689796810e+00
4.927122034867105071e+01,3.200346129139081786e+00
4.929122606458988542e+01,2.824547307221080050e+00
4.931123178050872014e+01,3.235096993481846095e+00
4.933123749642755485e+01,4.105014039424839112e+00
4.935124321234638956e+01,3.920069221534051351e+00
4.937124892826522427e+01,4.063839881036193091e+00
4.939125464418405187e+01,3.489703444383218667e+00
4.941126036010288658e+01,3.757067460033846729e+00
4.943126607602172129e+01,4.239831750317591741e+00
4.945127179194055600e+01,4.101107985257219646e+00
4.947127750785939071e+01,3.684602586345053776e+00
4.949128322377822542e+01,3.465649943897901597e+00
4.951128893969706013e+01,3.033992439071733216e+00
4.953129465561589484e+01,3.844241261656779596e+00
4.955130037153472955e+01,3.179262516320729759e+00
4.957130608745355715e+01,3.366806246260312552e+00
4.959131180337239186e+01,3.461323472991810757e+00
4.961131751929122657e+01,3.777993892800587172e+00
4.963132323521006128e+01,2.909279736824389229e+00
4.965132895112889599e+01,3.764120045041227769e+00
4.967133466704773070e+01,3.847553699066422084e+00
4.969134038296656541e+01,3.685043717965252430e+00
4.971134609888540012e+01,3.110657235895614381e+00
4.973135181480423483e+01,3.294813456149275233e+00
4.975135753072306244e+01,3.271760191052801581e+00
4.977136324664189715e+01,3.006345226914848290e+00
4.979136896256073186e+01,3.057527217821358168e+00
4.981137467847956657e+01,3.892528362168404144e+00
4.983138039439840128e+01,2.939615115440884274e+00
4.985138611031723599e+01,3.825261220398660456e+00
4.987139182623607070e+01,3.969221294684088797e+00
4.989139754215490541e+01,2.719020239029600106e+00
4.991140325807374012e+01,3.518219643510918537e+00
4.993140897399257483e+01,3.890407472114003617e+00
4.995141468991140243e+01,3.532682122210493603e+00
4.997142040583023714e+01,3.641697275874686390e+00
4.999142612174907185e+01,3.804024464411826845e+00
5.001143183766790656e+01,3.810637361065353446e+00
5.003143755358674127e+01,4.062282377804358191e+00
5.005144326950557598e+01,3.291202781651143994e+00
5.007144898542441069e+01,4.237875655143985121e+00
5.009145470134324540e+01,4.187162762885611400e+00
5.011146041726208011e+01,3.847587744017752609e+00
5.013146613318090772e+01,3.935729588623701147e+00
5.015147184909974243e+01,4.731518282261182762e+00
5.017147756501857714e+01,3.813594580665260469e+00
5.019148328093741185e+01,4.013815040655502209e+00
5.021148899685624656e+01,4.978905147649824947e+00
5.023149471277508127e+01,5.241430899613661154e+00
5.025150042869391598e+01,4.897879399845881387e+00
5.027150614461275069e+01,5.109439208929985377e+00
5.029151186053158540e+01,5.289150058835840440e+00
5.031151757645042011e+01,5.840635547395526039e+00
5.033152329236924771e+01,4.813463756135472060e+00
5.035152900828808242e+01,5.407589618019599698e+00
5.037153472420691713e+01,5.687283824767710882e+00
5.039154044012575184e+01,4.817416778865630356e+00
5.041154615604458655e+01,5.265498154782012108e+00
5.043155187196342126e+01,4.895591128401519221e+00
5.045155758788225597e+01,5.325828084770278359e+00
5.047156330380109068e+01,4.792568325826470854e+00
5.049156901971992539e+01,6.003528000042216206e+00
5.051157473563875300e+01,5.351851748750190652e+00
5.053158045155758771e+01,5.701853316584260867e+00
5.055158616747642242e+01,5.300988398119225842e+00
5.057159188339525713e+01,5.149948972950944892e+00
5.059159759931409184e+01,4.406488751760064382e+00
5.061160331523292655e+01,4.833248398911696775e+00
5.063160903115176126e+01,5.146104859333160420e+00
5.065161474707059597e+01,4.352515936145487707e+00
5.067162046298943068e+01,4.337402325244590351e+00
5.069162617890825828e+01,3.887755421267783618e+00
5.071163189482709299e+01,3.918404576870408995e+00
5.073163761074592770e+01,3.497112649541200380e+00
5.075164332666476241e+01,3.548858500119510762e+00
5.077164904258359712e+01,3.752871452133380359e+00
5.079165475850243183e+01,2.876501998156045126e+00
5.081166047442126654e+01,3.404915129877309266e+00
5.083166619034010125e+01,4.248625737389834178e+00
5.085167190625893596e+01,3.780972913620325393e+00
5.087167762217777067e+01,3.095155496004399431e+00
5.089168333809659828e+01,3.091540379559650553e+00
5.091168905401543299e+01,3.340678718854614093e+00
5.093169476993426770e+01,4.062494123157686765e+00
5.095170048585310241e+01,3.286983666491769540e+00
5.097170620177193712e+01,3.492118614583065828e+00
5.099171191769077183e+01,3.112312896832359677e+00
5.101171763360960654e+01,3.108515026107191659e+00
5.103172334952844125e+01,2.941635847592062536e+00
5.105172906544727596e+01,3.844877239437910266e+00
5.107173478136610356e+01,3.309927161880080071e+00
5.109174049728493827e+01,3.100030607193806187e+00
5.111174621320377298e+01,3.471776957664224561e+00
5.113175192912260769e+01,4.652366583450090687e+00
5.115175764504144240e+01,4.559584717484024274e+00
5.117176336096027711e+01,4.623888849672564305e+00
5.119176907687911182e+01,4.369001365021201622e+00
5.121177479279794653e+01,4.441592736033371125e+00
5.123178050871678124e+01,3.802634029565763019e+00
5.125178622463561595e+01,5.206015329478247189e+00
5.127179194055444356e+01,5.533814567320574085e+00
5.129179765647327827e+01,5.459786611475659690e+00
5.131180337239211298e+01,6.253201087569776995e+00
5.133180908831094769e+01,5.693462082575099892e+00
5.135181480422978240e+01,5.816161789678747418e+00
5.137182052014861711e+01,6.440855438223257678e+00
5.139182623606745182e+01,6.779536747535028773e+00
5.141183195198628653e+01,7.089063448847268134e+00
5.143183766790512124e+01,7.063361516733084322e+00
5.145184338382394884e+01,7.428711443469624420e+00
5.147184909974278355e+01,7.482137888369637224e+00
5.149185481566161826e+01,7.682423730273358231e+00
5.151186053158045297e+01,7.757814689901096905e+00
5.153186624749928768e+01,8.289707492203795880e+00
5.155187196341812239e+01,6.924162172281437932e+00
5.157187767933695710e+01,6.660705980476806509e+00
5.159188339525579181e+01,7.656067288853220631e+00
5.161188911117462652e+01,6.221778437694865715e+00
5.163189482709345413e+01,6.127880189408728029e+00
5.165190054301228884e+01,6.004282753497066416e+00
5.167190625893112355e+01,5.790785788369936959e+00
5.169191197484995826e+01,5.096507720829542620e+00
5.171191769076879297e+01,4.523056349619492877e+00
5.173192340668762768e+01,4.421201692886833179e+00
5.175192912260646239e+01,4.375454036653249723e+00
5.177193483852529710e+01,3.883397999104686971e+00
5.179194055444413181e+01,4.533291535250879356e+00
5.181194627036296652e+01,4.614167882766675888e+00
5.183195198628179412e+01,3.787403158867876485e+00
5.185195770220062883e+01,4.566932195810266215e+00
5.187196341811946354e+01,3.262896802894978965e+00
5.189196913403829825e+01,4.329269834384943394e+00
5.191197484995713296e+01,2.988580738896077449e+00
5.193198056587596767e+01,3.904821996675474249e+00
5.195198628179480238e+01,3.420108606599346235e+00
5.197199199771363709e+01,3.846735306152447631e+00
5.199199771363247180e+01,3.924194829906102022e+00
5.201200342955129940e+01,3.866453094899616083e+00
5.203200914547013411e+01,3.341362784282482234e+00
5.205201486138896882e+01,3.793752526725723051e+00
5.207202057730780353e+01,4.189858062568400321e+00
5.209202629322663824e+01,3.283121101672641817e+00
5.211203200914547295e+01,2.632219629398124816e+00
5.213203772506430766e+01,3.216462032225425371e+00
5.215204344098314237e+01,3.288741102586227871e+00
5.217204915690197708e+01,3.443281337676152187e+00
5.219205487282081180e+01,3.243411867648778646e+00
5.221206058873963940e+01,4.044529480208875150e+00
5.223206630465847411e+01,4.353697511765833639e+00
5.225207202057730882e+01,3.482495947211591947e+00
5.227207773649614353e+01,3.745195518890506836e+00
5.229208345241497824e+01,4.361944575106550204e+00
5.231208916833381295e+01,3.398310191605346198e+00
5.233209488425264766e+01,3.745082193761565925e+00
5.235210060017148237e+01,3.034705517301738542e+00
5.237210631609031708e+01,3.087647115236936912e+00
5.239211203200914468e+01,3.507395500809968425e+00
5.241211774792797939e+01,4.027710040839007632e+00
5.243212346384681410e+01,4.278987212366215154e+00
5.245212917976564881e+01,3.664371317798563510e+00
5.247213489568448352e+01,3.058363951860736840e+00
5.249214061160331823e+01,4.026170213495306349e+00
5.251214632752215294e+01,3.497577001346130476e+00
5.253215204344098765e+01,3.628839022920571811e+00
5.255215775935982236e+01,4.292578608000990670e+00
5.257216347527864997e+01,4.407919097448340651e+00
5.259216919119748468e+01,3.770956642703908290e+00
5.261217490711631939e+01,3.249228324150423841e+00
5.263218062303515410e+01,4.083099053108070642e+00
5.265218633895398881e+01,3.808730408512079446e+00
5.267219205487282352e+01,4.017550536041383680e+00
5.269219777079165823e+01,4.141632977846030350e+00
5.271220348671049294e+01,3.978598503126003827e+00
5.273220920262932765e+01,4.706681957470553179e+00
5.275221491854816236e+01,3.773947620232378952e+00
5.277222063446698996e+01,3.623207428289728860e+00
5.279222635038582467e+01,4.060513917687011087e+00
5.281223206630465938e+01,5.096517476640206823e+00
5.283223778222349409e+01,4.711437993703197158e+00
5.285224349814232880e+01,4.896097847421865268e+00
5.287224921406116351e+01,5.411729498830601059e+00
5.289225492997999822e+01,5.605070990759107197e+00
5.291226064589883293e+01,6.837931740105771539e+00
5.293226636181766764e+01,6.636379591585956916e+00
5.295227207773649525e+01,7.015910714368515322e+00
5.297227779365532996e+01,7.557226315771170100e+00
5.299228350957416467e+01,8.153805371617723452e+00
5.301228922549299938e+01,8.708397556680520069e+00
5.303229494141183409e+01,9.515589594416276498e+00
5.305230065733066880e+01,9.690699030086248555e+00
5.307230637324950351e+01,1.099122563549741827e+01
5.309231208916833822e+01,1.238396128807825392e+01
5.311231780508717293e+01,1.256144607764446697e+01
5.313232352100600764e+01,1.318604568165937785e+01
5.315232923692483524e+01,1.404574967786315298e+01
5.317233495284366995e+01,1.443459346210214456e+01
5.319234066876250466e+01,1.477495687968191795e+01
5.321234638468133937e+01,1.639407430305725555e+01
5.323235210060017408e+01,1.641155307939617103e+01
5.325235781651900879e+01,1.669143133985049943e+01
5.327236353243784350e+01,1.662347786054727550e+01
5.329236924835667821e+01,1.706084230743642038e+01
5.331237496427551292e+01,1.665436402005788352e+01
5.333238068019434053e+01,1.673253757955562548e+01
5.335238639611317524e+01,1.630181565576138425e+01
5.337239211203200995e+01,1.660844787857387317e+01
5.339239782795084466e+01,1.711491285728177658e+01
5.341240354386967937e+01,1.686971986729200168e+01
5.343240925978851408e+01,1.708069642181830261e+01
5.345241497570734879e+01,1.643321787500104136e+01
5.347242069162618350e+01,1.595304477969970591e+01
5.349242640754501821e+01,1.592953229913788071e+01
5.351243212346384581e+01,1.619476703535076112e+01
5.353243783938268052e+01,1.480915607916685595e+01
5.355244355530151523e+01,1.592326996180098675e+01
5.357244927122034994e+01,1.492942426580626503e+01
5.359245498713918465e+01,1.480998873766890966e+01
5.361246070305801936e+01,1.475537040623069274e+01
5.363246641897685407e+01,1.541793831676887372e+01
5.365247213489568878e+01,1.396585210621236506e+01
5.367247785081452349e+01,1.479710408407289535e+01
5.369248356673335820e+01,1.452297342316137474e+01
5.371248928265218581e+01,1.380284358054819549e+01
5.373249499857102052e+01,1.434364523096309263e+01
5.375250071448985523e+01,1.451499729554460494e+01
5.377250643040868994e+01,1.397562842883243484e+01
5.379251214632752465e+01,1.350889903276200243e+01
5.381251786224635936e+01,1.355611671873234947e+01
5.383252357816519407e+01,1.226240416905019259e+01
5.385252929408402878e+01,1.156855547316717470e+01
5.387253501000286349e+01,1.129338636414773767e+01
5.389254072592169109e+01,1.028576450846612644e+01
5.391254644184052580e+01,1.005831729372419048e+01
5.393255215775936051e+01,9.863684713782127744e+00
5.395255787367819522e+01,8.421604723666266779e+00
5.397256358959702993e+01,7.185630128708358377e+00
5.399256930551586464e+01,7.541136449525030372e+00
5.401257502143469935e+01,6.957389935588695451e+00
5.403258073735353406e+01,6.186415615228943565e+00
5.405258645327236877e+01,5.573141962146484829e+00
5.407259216919120348e+01,5.021125303064223111e+00
5.409259788511003109e+01,5.762458615849580745e+00
5.411260360102886580e+01,5.917512648415901744e+00
5.413260931694770051e+01,4.631414246966379267e+00
5.415261503286653522e+01,4.466282330780103393e+00
5.417262074878536993e+01,4.969754468745328779e+00
5.419262646470420464e+01,4.683517212551117304e+00
5.421263218062303935e+01,4.927632644393835193e+00
5.423263789654187406e+01,5.037257996238656332e+00
5.425264361246070877e+01,5.176307404142118429e+00
5.427264932837953637e+01,5.435474042125449046e+00
5.429265504429837108e+01,5.171960242305812194e+00
5.431266076021720579e+01,5.413328259040597779e+00
5.433266647613604050e+01,5.020428469275060479e+00
5.435267219205487521e+01,4.876668533490672530e+00
5.437267790797370992e+01,5.428648937835328425e+00
5.439268362389254463e+01,4.939049203673856248e+00
5.441268933981137934e+01,5.359861342029711651e+00
5.443269505573021405e+01,5.927698772697526763e+00
5.445270077164904166e+01,5.618731277603012053e+00
5.447270648756787637e+01,6.456440477911097098e+00
5.449271220348671108e+01,6.356722116348516138e+00
5.451271791940554579e+01,6.405268206209759008e+00
5.453272363532438050e+01,6.925076827374664568e+00
5.455272935124321521e+01,6.714283576195790637e+00
5.457273506716204992e+01,6.966485801676619793e+00
5.459274078308088463e+01,7.139730666235631240e+00
5.461274649899971934e+01,6.925842885624402534e+00
5.463275221491855405e+01,6.977286637032428018e+00
5.465275793083738165e+01,6.642258122502721740e+00
5.467276364675621636e+01,7.023288277950457292e+00
5.469276936267505107e+01,6.936675655898225656e+00
5.471277507859388578e+01,6.867760404176229905e+00
5.473278079451272049e+01,6.317895278720546237e+00
5.475278651043155520e+01,6.345144699973451985e+00
5.477279222635038991e+01,6.696849225252890392e+00
5.479279794226922462e+01,7.006725974554501413e+00
5.481280365818805933e+01,6.427900685540802073e+00
5.483280937410688693e+01,6.377083349764205877e+00
5.485281509002572164e+01,6.090560934910560498e+00
5.487282080594455635e+01,6.127131568766519543e+00
5.489282652186339106e+01,6.564998567178455424e+00
5.491283223778222577e+01,6.349159793382357364e+00
5.493283795370106048e+01,5.665642545678241326e+00
5.495284366961989519e+01,6.002807988768898539e+00
5.497284938553872990e+01,6.545533461392336605e+00
5.499285510145756461e+01,6.271239187630963663e+00
5.501286081737639222e+01,5.475674212212630287e+00
5.503286653329522693e+01,6.014332175140134851e+00
5.505287224921406164e+01,5.100437934502608961e+00
5.507287796513289635e+01,5.755117286986650704e+00
5.509288368105173106e+01,5.760049126298436128e+00
5.511288939697056577e+01,5.523557815875411059e+00
5.513289511288940048e+01,6.413756282684627053e+00
5.515290082880823519e+01,5.732890504720198344e+00
5.517290654472706990e+01,5.688943744748871545e+00
5.519291226064590461e+01,5.560745457543696091e+00
5.521291797656473221e+01,6.656232183935549607e+00
5.523292369248356692e+01,6.254944632846026309e+00
5.525292940840240163e+01,5.601654997069824837e+00
5.527293512432123634e+01,6.225490031338603458e+00
5.529294084024007105e+01,5.710716617467548772e+00
5.531294655615890576e+01,6.036710277390590740e+00
5.533295227207774047e+01,6.594038328707695129e+00
5.535295798799657518e+01,6.119442872703377390e+00
5.537296370391540989e+01,7.704136120536764665e+00
5.539296941983423750e+01,7.145411349895072206e+00
5.541297513575307221e+01,6.460230853046284416e+00
5.543298085167190692e+01,7.234883690613903795e+00
5.545298656759074163e+01,6.733743680162779910e+00
5.547299228350957634e+01,6.771828299227421688e+00
5.549299799942841105e+01,7.252656290813582984e+00
5.551300371534724576e+01,6.458413357641203945e+00
5.553300943126608047e+01,6.515992637534739451e+00
5.555301514718491518e+01,6.795921851663266899e+00
5.557302086310374989e+01,6.559824493860189065e+00
5.559302657902257749e+01,6.962938161990013697e+00
5.561303229494141220e+01,6.201326737927447930e+00
5.563303801086024691e+01,5.323655390935173592e+00
5.565304372677908162e+01,6.012336216488233021e+00
5.567304944269791633e+01,5.543546824065098022e+00
5.569305515861675104e+01,5.888317873992711782e+00
5.571306087453558575e+01,4.496942741406534161e+00
5.573306659045442046e+01,5.296376788888235154e+00
5.575307230637325517e+01,5.299497724262133502e+00
5.577307802229208278e+01,4.408704330621615597e+00
5.579308373821091749e+01,5.265005509428696051e+00
5.581308945412975220e+01,4.396467871269705618e+00
5.583309517004858691e+01,4.475699593785799735e+00
5.585310088596742162e+01,4.861107206974724093e+00
5.587310660188625633e+01,4.796975494900094006e+00
5.589311231780509104e+01,4.545783964796473064e+00
5.591311803372392575e+01,4.926335205702437214e+00
5.593312374964276046e+01,4.597374823051307402e+00
5.595312946556158806e+01,5.163000666583339893e+00
5.597313518148042277e+01,5.486633422164680418e+00
5.599314089739925748e+01,5.380592237084652396e+00
5.601314661331809219e+01,5.259795653959909778e+00
5.603315232923692690e+01,5.160535837246797541e+00
5.605315804515576161e+01,5.493435214665412403e+00
5.607316376107459632e+01,6.516374539739322458e+00
5.609316947699343103e+01,6.091322858240367566e+00
5.611317519291226574e+01,7.032051837377430559e+00
5.613318090883110045e+01,6.793525913712468167e+00
5.615318662474992806e+01,7.780495475093823110e+00
5.617319234066876277e+01,8.355107106898913116e+00
5.619319805658759748e+01,9.176413722587424715e+00
5.621320377250643219e+01,9.108299133477741449e+00
5.623320948842526690e+01,1.023492888766318387e+01
5.625321520434410161e+01,9.710972490398468437e+00
5.627322092026293632e+01,1.118836860564308822e+01
5.629322663618177103e+01,1.096064948187241228e+01
5.631323235210060574e+01,1.135009889996953092e+01
5.633323806801943334e+01,1.159143434977529452e+01
5.635324378393826805e+01,1.146730762526826375e+01
5.637324949985710276e+01,1.094853773005647923e+01
5.639325521577593747e+01,1.136161605358398496e+01
5.641326093169477218e+01,1.123939155857936534e+01
5.643326664761360689e+01,1.064945792791398205e+01
5.645327236353244160e+01,1.085396209178026794e+01
5.647327807945127631e+01,1.016914280483486976e+01
5.649328379537011102e+01,9.976401185094339041e+00
5.651328951128894573e+01,8.857690531412593771e+00
5.653329522720777334e+01,9.364985093998182464e+00
5.655330094312660805e+01,8.198455540263161367e+00
5.657330665904544276e+01,8.299498966179019277e+00
5.659331237496427747e+01,8.052215525712362876e+00
5.661331809088311218e+01,7.811827203530759434e+00
5.663332380680194689e+01,8.561879329251755877e+00
5.665332952272078160e+01,7.486065933979038078e+00
5.667333523863961631e+01,7.189824211531036013e+00
5.669334095455845102e+01,8.225290093255797075e+00
5.671334667047727862e+01,7.665437071421331794e+00
5.673335238639611333e+01,7.452586408097718440e+00
5.675335810231494804e+01,7.332376670489413328e+00
5.677336381823378275e+01,6.656541743107071696e+00
5.679336953415261746e+01,7.578788163463689997e+00
5.681337525007145217e+01,6.500021269496939702e+00
5.683338096599028688e+01,7.095066081482649167e+00
5.685338668190912159e+01,6.625434976809189358e+00
5.687339239782795630e+01,6.568581259555026364e+00
5.689339811374678391e+01,5.570892407593215800e+00
5.691340382966561862e+01,6.018795089273638155e+00
5.693340954558445333e+01,5.223091120112161256e+00
5.695341526150328804e+01,4.895221611097683834e+00
5.697342097742212275e+01,4.340338682485901600e+00
5.699342669334095746e+01,4.592083439149612367e+00
5.701343240925979217e+01,4.394961587684743876e+00
5.703343812517862688e+01,3.801725127311820884e+00
5.705344384109746159e+01,4.662980599014726835e+00
5.707344955701629630e+01,4.571822955862587357e+00
5.709345527293512390e+01,3.448408737261251300e+00
5.711346098885395861e+01,3.520786051348668622e+00
5.713346670477279332e+01,3.435772579119188652e+00
5.715347242069162803e+01,4.010640503984104654e+00
5.717347813661046274e+01,4.576700433377171251e+00
5.719348385252929745e+01,4.207293603573168284e+00
5.721348956844813216e+01,4.135914461089134520e+00
5.723349528436696687e+01,4.907361371374908465e+00
5.725350100028580158e+01,3.888120836532454661e+00
5.727350671620462919e+01,4.415711707545769471e+00
5.729351243212346390e+01,4.958860118208876955e+00
5.731351814804229861e+01,4.360437539467513446e+00
5.733352386396113332e+01,4.353550765564730973e+00
5.735352957987996803e+01,4.652139127149991893e+00
5.737353529579880274e+01,4.515007382536207814e+00
5.739354101171763745e+01,4.382276089115872963e+00
5.741354672763647216e+01,3.694547506346683718e+00
5.743355244355530687e+01,3.277302134178328163e+00
5.745355815947414158e+01,3.861799367407320549e+00
5.747356387539296918e+01,4.104904965597876654e+00
5.749356959131180389e+01,3.910151029662358724e+00
5.751357530723063860e+01,3.995255358670332324e+00
5.753358102314947331e+01,3.785213730750034422e+00
5.755358673906830802e+01,3.629654772523509099e+00
5.757359245498714273e+01,4.280073671807446800e+00
5.759359817090597744e+01,4.078203763739681520e+00
5.761360388682481215e+01,4.031400434817935086e+00
5.763360960274364686e+01,4.023494780555234129e+00
5.765361531866247446e+01,4.531369851582800479e+00
5.767362103458130917e+01,5.178342140992676867e+00
5.769362675050014388e+01,4.362496536610184883e+00
5.771363246641897859e+01,4.518947326261036679e+00
5.773363818233781330e+01,4.641204479554031259e+00
5.775364389825664801e+01,4.963939449764620981e+00
5.777364961417548272e+01,4.902953361490034467e+00
5.779365533009431743e+01,4.907394414590770637e+00
5.781366104601315214e+01,5.196696273946852962e+00
5.783366676193197975e+01,6.130553656526769757e+00
5.785367247785081446e+01,6.078236818815147657e+00
5.787367819376964917e+01,6.251631186583253452e+00
5.789368390968848388e+01,6.876518508264942042e+00
5.791368962560731859e+01,7.056763028618949107e+00
5.793369534152615330e+01,6.981945345729314134e+00
5.795370105744498801e+01,7.553132145255355923e+00
5.797370677336382272e+01,8.966783631877799365e+00
5.799371248928265743e+01,8.806884648441437591e+00
5.801371820520149214e+01,8.500229164219364364e+00
5.803372392112031974e+01,9.079701669893875504e+00
5.805372963703915445e+01,9.678046010004200284e+00
5.807373535295798916e+01,9.514418262639873447e+00
5.809374106887682387e+01,1.043827438941352881e+01
5.811374678479565858e+01,9.960365864922110291e+00
5.813375250071449329e+01,1.049620603523775486e+01
5.815375821663332800e+01,1.037305321630250710e+01
5.817376393255216271e+01,1.007363530142499641e+01
5.819376964847099742e+01,9.614212405756736857e+00
5.821377536438982503e+01,8.802755657197463890e+00
5.823378108030865974e+01,9.288126361943605858e+00
5.825378679622749445e+01,8.471364193813002430e+00
5.827379251214632916e+01,8.698269794723723081e+00
5.829379822806516387e+01,8.514578424872343732e+00
5.831380394398399858e+01,7.094357445650564031e+00
5.833380965990283329e+01,7.292927166356556690e+00
5.835381537582166800e+01,7.828345930331957803e+00
5.837382109174050271e+01,6.388725678081609516e+00
5.839382680765933742e+01,5.614233348070329477e+00
5.841383252357816502e+01,5.959328847537398666e+00
5.843383823949699973e+01,5.363679001036393501e+00
5.845384395541583444e+01,5.965271987446227442e+00
5.847384967133466915e+01,6.079188810522692776e+00
5.849385538725350386e+01,5.495911500193130905e+00
5.851386110317233857e+01,4.797216616779063081e+00
5.853386681909117328e+01,5.891499420602282378e+00
5.855387253501000799e+01,5.211029356364687004e+00
5.857387825092884270e+01,5.964296140681956793e+00
5.859388396684767031e+01,5.744473058458337000e+00
5.861388968276650502e+01,5.546458937110723575e+00
5.863389539868533973e+01,5.082175666479066933e+00
5.865390111460417444e+01,5.011770202610761338e+00
5.867390683052300915e+01,5.327942219367797883e+00
5.869391254644184386e+01,4.673336121046572700e+00
5.871391826236067857e+01,4.202844224324008948e+00
5.873392397827951328e+01,5.249030442175046218e+00
5.875392969419834799e+01,4.687196766639551981e+00
5.877393541011717559e+01,4.492140000703663816e+00
5.879394112603601030e+01,4.312725850528580374e+00
5.881394684195484501e+01,4.190622843990198909e+00
5.883395255787367972e+01,4.418077316972336632e+00
5.885395827379251443e+01,4.403575019300186355e+00
5.887396398971134914e+01,4.235245266615573101e+00
5.889396970563018385e+01,4.353523455506620898e+00
5.891397542154901856e+01,3.907172280983737700e+00
5.893398113746785327e+01,4.084876511021495737e+00
5.895398685338668798e+01,3.981000398283870645e+00
5.897399256930551559e+01,3.545289316055009632e+00
5.899399828522435030e+01,3.469964146801693072e+00
5.901400400114318501e+01,4.203654168885364584e+00
5.903400971706201972e+01,3.973520364237870250e+00
5.905401543298085443e+01,4.071949153656587050e+00
5.907402114889968914e+01,3.899982384156718496e+00
5.909402686481852385e+01,3.686146371020178059e+00
5.911403258073735856e+01,4.028856217489965807e+00
5.913403829665619327e+01,3.277725944241972389e+00
5.915404401257502087e+01,3.746065333044279022e+00
5.917404972849385558e+01,3.353179006247211547e+00
5.919405544441269029e+01,3.509134031682622279e+00
5.921406116033152500e+01,3.174376252768408957e+00
5.923406687625035971e+01,3.751930625843063805e+00
5.925407259216919442e+01,3.979623608614142327e+00
5.927407830808802913e+01,2.979091708748687228e+00
5.929408402400686384e+01,3.972501334846842536e+00
5.931408973992569855e+01,4.096418623655839752e+00
5.933409545584453326e+01,4.060144109766635090e+00
5.935410117176336087e+01,3.909759281303653466e+00
5.937410688768219558e+01,3.786257927429308001e+00
5.939411260360103029e+01,3.611867386355230636e+00
5.941411831951986500e+01,3.557578484414751330e+00
5.943412403543869971e+01,3.721390507749060550e+00
5.945412975135753442e+01,4.334338147741492620e+00
5.947413546727636913e+01,3.959847256027812623e+00
5.949414118319520384e+01,4.119803055946145598e+00
5.951414689911403855e+01,4.465773144456811394e+00
5.953415261503286615e+01,4.845198614081244415e+00
5.955415833095170086e+01,3.320518560462269786e+00
5.957416404687053557e+01,3.710284767918340165e+00
5.959416976278937028e+01,4.480561978328499784e+00
5.961417547870820499e+01,4.466802907807816858e+00
5.963418119462703970e+01,5.036124900328458942e+00
5.965418691054587441e+01,4.450710340723179392e+00
5.967419262646470912e+01,4.855401765280277004e+00
5.969419834238354383e+01,4.383999915713186368e+00
5.971420405830237144e+01,5.143422541108939150e+00
5.973420977422120615e+01,4.988635879512298033e+00
5.975421549014004086e+01,5.404643861141872563e+00
5.977422120605887557e+01,5.135671225497420167e+00
5.979422692197771028e+01,5.521710747103188766e+00
5.981423263789654499e+01,5.281068291333348874e+00
5.983423835381537970e+01,5.508246180853409335e+00
5.985424406973421441e+01,5.655929785660105402e+00
5.987424978565304912e+01,4.817984753568686607e+00
5.989425550157188383e+01,5.235376177970140432e+00
5.991426121749071143e+01,5.434460026865735038e+00
5.993426693340954614e+01,4.458763972041174917e+00
5.995427264932838085e+01,5.253329336773475688e+00
5.997427836524721556e+01,4.892096877536946664e+00
5.999428408116605027e+01,5.334355525241354812e+00
6.001428979708488498e+01,4.668558408455334430e+00
6.003429551300371969e+01,4.889848061414300062e+00
6.005430122892255440e+01,5.204185980678639467e+00
6.007430694484138911e+01,4.247985356812362667e+00
6.009431266076021672e+01,4.125832811626384711e+00
6.011431837667905143e+01,4.634531708420985829e+00
6.013432409259788614e+01,3.876933835484245083e+00
6.015432980851672085e+01,4.756730359614700809e+00
6.017433552443555556e+01,3.928938085765819821e+00
6.019434124035439027e+01,4.163833237511012086e+00
6.021434695627322498e+01,4.110870112749059224e+00
6.023435267219205969e+01,4.611807140040194319e+00
6.025435838811089440e+01,4.559448531884631173e+00
6.027436410402972911e+01,5.037593617039574312e+00
6.029436981994855671e+01,4.357625939465385123e+00
6.031437553586739142e+01,4.107722245080852375e+00
6.033438125178622613e+01,3.750132059888847458e+00
6.035438696770506084e+01,4.441623974737168190e+00
6.037439268362389555e+01,4.737419338735489482e+00
6.039439839954273026e+01,4.117337877767546672e+00
6.041440411546156497e+01,3.736761317113577174e+00
6.043440983138039968e+01,4.630540226770924583e+00
6.045441554729923439e+01,3.391678117714591600e+00
6.047442126321806199e+01,3.368574905533259667e+00
6.049442697913689670e+01,4.705964771192014062e+00
6.051443269505573141e+01,4.017904343055363370e+00
6.053443841097456612e+01,4.523771019892998346e+00
6.055444412689340083e+01,4.534314298182648528e+00
6.057444984281223554e+01,5.078870492079962773e+00
6.059445555873107025e+01,4.715171245540486389e+00
6.061446127464990496e+01,5.423679805752538385e+00
6.063446699056873967e+01,5.806774669118371257e+00
6.065447270648756728e+01,5.349878630684078651e+00
6.067447842240640199e+01,6.356293693948259715e+00
6.069448413832523670e+01,6.223065611161396227e+00
6.071448985424407141e+01,7.204422706360347206e+00
6.073449557016290612e+01,6.956508155724601572e+00
6.075450128608174083e+01,7.213046078110321169e+00
6.077450700200057554e+01,7.266974109305686547e+00
6.079451271791941025e+01,8.670011209156307075e+00
6.081451843383824496e+01,7.721782423547253416e+00
6.083452414975707967e+01,8.019354319508870788e+00
6.085452986567590727e+01,8.805421432139127091e+00
6.087453558159474198e+01,8.527200987249482722e+00
6.089454129751357669e+01,8.414458594168335637e+00
6.091454701343241140e+01,7.957757074506307760e+00
6.093455272935124611e+01,7.473488627559964570e+00
6.095455844527008082e+01,7.533979657890981230e+00
6.097456416118891553e+01,7.476528137449324873e+00
6.099456987710775024e+01,6.906641962958125269e+00
6.101457559302658495e+01,6.686931986838868802e+00
6.103458130894541256e+01,6.101702239818731499e+00
6.105458702486424727e+01,5.784655267089213737e+00
6.107459274078308198e+01,5.746582469876529764e+00
6.109459845670191669e+01,5.270934522295148028e+00
6.111460417262075140e+01,5.364424682105172870e+00
6.113460988853958611e+01,5.063926342198952213e+00
6.115461560445842082e+01,5.487230674415857656e+00
6.117462132037725553e+01,4.769937141281728188e+00
6.119462703629609024e+01,4.321836669893464489e+00
6.121463275221492495e+01,4.138492482614939405e+00
6.123463846813375255e+01,4.061854987694881736e+00
6.125464418405258726e+01,4.676776321391263203e+00
6.127464989997142197e+01,4.332798408945091495e+00
6.129465561589025668e+01,4.896222004516864956e+00
6.131466133180909139e+01,4.072142861716942619e+00
6.133466704772792610e+01,4.884890617754352959e+00
6.135467276364676081e+01,4.531574525581531176e+00
6.137467847956559552e+01,3.584089010019285926e+00
6.139468419548443023e+01,4.935997866225895869e+00
6.141468991140325784e+01,4.304367650597924033e+00
6.143469562732209255e+01,4.170540235443318977e+00
6.145470134324092726e+01,3.832785364215675283e+00
6.147470705915976197e+01,4.020842106520687409e+00
6.149471277507859668e+01,3.621929929677771831e+00
6.151471849099743139e+01,3.912721964725556667e+00
6.153472420691626610e+01,4.464695921332320516e+00
6.155472992283510081e+01,3.679389263771825291e+00
6.157473563875393552e+01,4.292824364607403353e+00
6.159474135467276312e+01,3.452819512767471455e+00
6.161474707059159783e+01,4.086776855642653139e+00
6.163475278651043254e+01,3.863879652203980886e+00
6.165475850242926725e+01,3.374292448816984091e+00
6.167476421834810196e+01,4.258220599115222882e+00
6.169476993426693667e+01,4.155009459084322287e+00
6.171477565018577138e+01,4.288683095725041028e+00
6.173478136610460609e+01,4.193766432576959247e+00
6.175478708202344080e+01,3.856622883027501558e+00
6.177479279794227551e+01,3.789627783313163967e+00
6.179479851386110312e+01,3.816842796875005384e+00
6.181480422977993783e+01,4.374551575835241124e+00
6.183480994569877254e+01,4.031021454055554010e+00
6.185481566161760725e+01,3.443048546691059641e+00
6.187482137753644196e+01,4.457146528765331794e+00
6.189482709345527667e+01,4.073908739736011420e+00
6.191483280937411138e+01,4.580938174066158552e+00
6.193483852529294609e+01,4.041740687472683113e+00
6.195484424121178080e+01,3.689041381934048403e+00
6.197484995713060840e+01,4.833852458676933139e+00
6.199485567304944311e+01,3.739275948183043319e+00
6.201486138896827782e+01,4.655256798354022507e+00
6.203486710488711253e+01,3.525234768811417396e+00
6.205487282080594724e+01,3.786860984760587190e+00
6.207487853672478195e+01,4.516037028754131377e+00
6.209488425264361666e+01,4.248112701321512752e+00
6.211488996856245137e+01,4.726195283324942764e+00
6.213489568448128608e+01,5.096747225351168531e+00
6.215490140040011369e+01,4.395868164789781041e+00
6.217490711631894840e+01,5.135058384466237413e+00
6.219491283223778311e+01,5.908634841598454202e+00
6.221491854815661782e+01,5.566836603056948718e+00
6.223492426407545253e+01,5.817596059130960562e+00
6.225492997999428724e+01,5.713915977751496733e+00
6.227493569591312195e+01,5.535805904440145753e+00
6.229494141183195666e+01,6.207744178436813698e+00
6.231494712775079137e+01,5.569844047461299574e+00
6.233495284366962608e+01,6.347002274828455803e+00
6.235495855958845368e+01,6.639925077195300673e+00
6.237496427550728839e+01,6.152238282229645527e+00
6.239496999142612310e+01,6.078447822197846406e+00
6.241497570734495781e+01,5.957323581372636845e+00
6.243498142326379252e+01,6.251313370097049571e+00
6.245498713918262723e+01,5.952616270441690283e+00
6.247499285510146194e+01,5.705992506483250182e+00
6.249499857102029665e+01,6.245141119572886979e+00
6.251500428693913136e+01,5.915244691214239126e+00
6.253501000285795897e+01,5.662921081405166923e+00
6.255501571877679368e+01,5.937028806294241789e+00
6.257502143469562839e+01,6.539741138136776932e+00
6.259502715061446310e+01,6.545497674974566138e+00
6.261503286653329781e+01,6.188963589845863922e+00
6.263503858245213252e+01,5.977082596067899267e+00
6.265504429837096723e+01,7.117220158631081262e+00
6.267505001428980194e+01,6.467534218010678515e+00
6.269505573020863665e+01,7.383040522657175586e+00
6.271506144612747136e+01,6.495807031070532922e+00
6.273506716204629896e+01,7.233495769364559180e+00
6.275507287796513367e+01,6.611246817157784506e+00
6.277507859388396838e+01,7.687348878298520205e+00
6.279508430980280309e+01,7.747513591311527392e+00
6.281509002572163780e+01,6.187263343095370516e+00
6.283509574164047251e+01,7.230391161120223842e+00
6.285510145755930722e+01,7.718043449277797841e+00
6.287510717347814193e+01,7.403553596490004551e+00
6.289511288939697664e+01,7.687933183589256814e+00
6.291511860531580425e+01,7.928646380261721305e+00
6.293512432123463896e+01,8.227250814723138461e+00
6.295513003715347367e+01,8.987676166080733609e+00
6.297513575307230838e+01,8.833499597779040258e+00
6.299514146899114309e+01,8.603246987258996725e+00
6.301514718490997780e+01,9.431619599235041562e+00
6.303515290082881251e+01,9.203206292556238566e+00
6.305515861674764722e+01,1.015325325724572636e+01
6.307516433266648193e+01,1.034516003445866517e+01
6.309517004858530953e+01,1.177042384730938096e+01
6.311517576450414424e+01,1.211091320462953291e+01
6.313518148042297895e+01,1.239100919427067282e+01
6.315518719634181366e+01,1.252029055487547460e+01
6.317519291226064837e+01,1.306613345279827598e+01
6.319519862817948308e+01,1.366668798390003126e+01
6.321520434409831779e+01,1.372805684801890536e+01
6.323521006001715250e+01,1.410231318413755730e+01
6.325521577593598721e+01,1.305167055990690628e+01
6.327522149185482192e+01,1.301070201768393453e+01
6.329522720777364952e+01,1.364004844454495569e+01
6.331523292369248423e+01,1.281091091139502147e+01
6.333523863961131894e+01,1.216908648549671845e+01
6.335524435553015365e+01,1.164238028800264857e+01
6.337525007144898836e+01,1.114538439512561929e+01
6.339525578736782307e+01,1.006942431756619349e+01
6.341526150328665778e+01,9.200182385217424041e+00
6.343526721920549249e+01,9.128073529995194946e+00
6.345527293512432720e+01,7.871838511038506070e+00
6.347527865104315481e+01,7.849149252769255014e+00
6.349528436696198952e+01,7.239882413375312353e+00
6.351529008288082423e+01,7.158460155687121684e+00
6.353529579879965894e+01,6.727478678901356091e+00
6.355530151471849365e+01,5.539081481713102662e+00
6.357530723063732836e+01,6.371044064388355466e+00
6.359531294655616307e+01,4.676835037718364951e+00
6.361531866247499778e+01,4.779499969013432548e+00
6.363532437839383249e+01,5.133324471224101515e+00
6.365533009431266720e+01,4.468271397364291353e+00
6.367533581023149480e+01,5.134770978242604755e+00
6.369534152615032951e+01,4.738287130389976731e+00
6.371534724206916422e+01,4.818821440345633533e+00
6.373535295798799893e+01,4.946836771266307942e+00
6.375535867390683364e+01,4.800534951752610802e+00
6.377536438982566835e+01,4.536941921702705827e+00
6.379537010574450306e+01,4.873921066846405026e+00
6.381537582166333777e+01,3.751715604872996490e+00
6.383538153758217248e+01,4.437727679713884044e+00
6.385538725350100009e+01,4.270981725739624757e+00
6.387539296941983480e+01,4.739677580633583354e+00
6.389539868533866951e+01,3.817207866306850939e+00
6.391540440125750422e+01,3.759298107978885639e+00
6.393541011717633893e+01,3.775396469039874692e+00
6.395541583309517364e+01,3.529882842907420493e+00
6.397542154901400835e+01,4.161232660717301357e+00
6.399542726493284306e+01,3.974395673800451334e+00
6.401543298085167066e+01,4.481152057317911108e+00
6.403543869677051248e+01,3.475980023025313503e+00
6.405544441268934008e+01,4.073443985877906570e+00
6.407545012860816769e+01,3.743219176591112696e+00
6.409545584452700950e+01,3.855409729971746469e+00
6.411546156044585132e+01,4.485655673166625945e+00
6.413546727636467892e+01,4.170905422839116916e+00
6.415547299228350653e+01,3.960016335072348070e+00
6.417547870820234834e+01,4.326519647133034496e+00
6.419548442412119016e+01,4.482213627435980285e+00
6.421549014004001776e+01,4.058782293842328137e+00
6.423549585595884537e+01,4.448346749082516816e+00
6.425550157187768718e+01,4.105107599082442604e+00
6.427550728779651479e+01,4.368239498532895837e+00
6.429551300371534239e+01,4.013049671538190921e+00
6.431551871963418421e+01,3.822125617312978285e+00
6.433552443555302602e+01,3.986744358409786138e+00
6.435553015147185363e+01,3.696662293133022636e+00
6.437553586739068123e+01,4.197604780529506030e+00
6.439554158330952305e+01,3.275010419065366829e+00
6.441554729922835065e+01,4.477909305923065020e+00
6.443555301514717826e+01,4.081348070149698692e+00
6.445555873106602007e+01,3.160205061330675136e+00
6.447556444698486189e+01,3.253248091347369808e+00
6.449557016290368949e+01,3.104878514168136316e+00
6.451557587882251710e+01,3.517903142227248203e+00
6.453558159474135891e+01,3.189678785698754737e+00
6.455558731066020073e+01,3.807067979932674540e+00
6.457559302657902833e+01,4.557984182004562790e+00
6.459559874249785594e+01,3.328004607887639743e+00
6.461560445841669775e+01,3.734957589188743654e+00
6.463561017433552536e+01,4.096376969121573453e+00
6.465561589025435296e+01,4.449775797666526422e+00
6.467562160617319478e+01,4.480487377060014431e+00
6.469562732209203659e+01,3.766530915420012615e+00
6.471563303801086420e+01,3.505657638682287303e+00
6.473563875392969180e+01,3.701323969384876733e+00
6.475564446984853362e+01,4.745749975743220439e+00
6.477565018576737543e+01,4.481816070615253444e+00
6.479565590168618883e+01,5.219563199933029196e+00
6.481566161760503064e+01,4.544918122061074151e+00
6.483566733352387246e+01,5.330289154424392883e+00
6.485567304944270006e+01,5.841016373127100536e+00
6.487567876536152767e+01,5.354588291265319100e+00
6.489568448128036948e+01,6.445034645811060336e+00
6.491569019719921130e+01,6.104454614968352288e+00
6.493569591311803890e+01,5.868528116350153923e+00
6.495570162903686651e+01,6.627811062817509757e+00
6.497570734495570832e+01,6.235795777240787707e+00
6.499571306087453593e+01,6.324599355549355373e+00
6.501571877679336353e+01,6.266020012323523680e+00
6.503572449271220535e+01,6.470949171673392009e+00
6.505573020863104716e+01,5.502632911155014739e+00
6.507573592454987477e+01,6.256392981313802615e+00
6.509574164046870237e+01,6.779138636496067072e+00
6.511574735638754419e+01,6.437631861899503427e+00
6.513575307230638600e+01,5.999544689303148992e+00
6.515575878822521361e+01,6.064700180300029331e+00
6.517576450414404121e+01,5.960488790914657109e+00
6.519577022006288303e+01,6.347937724413918126e+00
6.521577593598171063e+01,5.699597804459726191e+00
6.523578165190053824e+01,5.857375703899693420e+00
6.525578736781938005e+01,6.133892346001242224e+00
6.527579308373822187e+01,6.472187887101418902e+00
6.529579879965704947e+01,6.897289993870356462e+00
6.531580451557587708e+01,7.599938417808940194e+00
6.533581023149471889e+01,6.628218936535786199e+00
6.535581594741354650e+01,6.479335543653217400e+00
6.537582166333237410e+01,6.386496449581205326e+00
6.539582737925121592e+01,7.077356018931899584e+00
6.541583309517005773e+01,6.438774425267706825e+00
6.543583881108888534e+01,6.660018015349167264e+00
6.545584452700771294e+01,6.755246224194690896e+00
6.547585024292655476e+01,6.257038013273986010e+00
6.549585595884539657e+01,7.098076896774239586e+00
6.551586167476422418e+01,6.497418283373137982e+00
6.553586739068305178e+01,6.415110062242359135e+00
6.555587310660189360e+01,6.838121823538398480e+00
6.557587882252072120e+01,6.966027636912471621e+00
6.559588453843954881e+01,6.624364543583280529e+00
6.561589025435839062e+01,6.811820474653583979e+00
6.563589597027723244e+01,6.360955177574962427e+00
6.565590168619606004e+01,6.825081262176995622e+00
6.567590740211488765e+01,5.964128066428007635e+00
6.569591311803372946e+01,6.559579606255680595e+00
6.571591883395257128e+01,6.103193899205971107e+00
6.573592454987138467e+01,6.836760595182720834e+00
6.575593026579022649e+01,6.357861776475191462e+00
6.577593598170906830e+01,6.857998873583018629e+00
6.579594169762789591e+01,6.828229520472283376e+00
6.581594741354672351e+01,7.325114936661375253e+00
6.583595312946556533e+01,7.432477891919883284e+00
6.585595884538440714e+01,7.700855362498753465e+00
6.587596456130323475e+01,7.330589652682372837e+00
6.589597027722206235e+01,6.876665975857200408e+00
6.591597599314090417e+01,7.535401185824832204e+00
6.593598170905973177e+01,7.185056144939534484e+00
6.595598742497855937e+01,6.296485810883995171e+00
6.597599314089740119e+01,6.840275236996834707e+00
6.599599885681624301e+01,7.549482276759879262e+00
6.601600457273507061e+01,6.863782412098005992e+00
6.603601028865389821e+01,6.518449081863965766e+00
6.605601600457274003e+01,7.022588247341117196e+00
6.607602172049158185e+01,6.405715140664906215e+00
6.609602743641040945e+01,7.709038675340494251e+00
6.611603315232923705e+01,7.021819259861148410e+00
6.613603886824807887e+01,6.936882175434949005e+00
6.615604458416690647e+01,7.247644800419682731e+00
6.617605030008573408e+01,7.479051239315820609e+00
6.619605601600457589e+01,7.858980523299138987e+00
6.621606173192341771e+01,7.749562933655098185e+00
6.623606744784224531e+01,7.300477695035615611e+00
6.625607316376107292e+01,7.672127885175799022e+00
6.627607887967991473e+01,7.999420315011142257e+00
6.629608459559874234e+01,7.671747169663959198e+00
6.631609031151756994e+01,8.650017644637555847e+00
6.633609602743641176e+01,7.701496400670040821e+00
6.635610174335525357e+01,8.265572379685803384e+00
6.637610745927408118e+01,8.195943926373333355e+00
6.639611317519290878e+01,8.729664945188002179e+00
6.641611889111175060e+01,8.195689955140256444e+00
6.643612460703059241e+01,7.973070211345959279e+00
6.645613032294942002e+01,8.765227621217002607e+00
6.647613603886824762e+01,8.147138806777753928e+00
6.649614175478708944e+01,8.575576724379857296e+00
6.651614747070591704e+01,8.551388134661626950e+00
6.653615318662474465e+01,9.116147152438509593e+00
6.655615890254358646e+01,8.211249729087542804e+00
6.657616461846242828e+01,7.777909668034563850e+00
6.659617033438125588e+01,7.127198020528469513e+00
6.661617605030008349e+01,7.141787839603118471e+00
6.663618176621892530e+01,7.353771593941640816e+00
6.665618748213776712e+01,6.736329771938072142e+00
6.667619319805658051e+01,6.386733145751262164e+00
6.669619891397542233e+01,6.651604846564405094e+00
6.671620462989426414e+01,5.668052546887712317e+00
6.673621034581309175e+01,5.234146816469776198e+00
6.675621606173191935e+01,5.428924325967204645e+00
6.677622177765076117e+01,4.875627963056736291e+00
6.679622749356960298e+01,5.377821524410554943e+00
6.681623320948843059e+01,5.913438444247198333e+00
6.683623892540725819e+01,5.014152115799188181e+00
6.685624464132610001e+01,5.780652112068626280e+00
6.687625035724492761e+01,5.013915020366489728e+00
6.689625607316375522e+01,5.211869308214961194e+00
6.691626178908259703e+01,5.082053273864862497e+00
6.693626750500143885e+01,4.330465933241700149e+00
6.695627322092026645e+01,4.634755473592782948e+00
6.697627893683909406e+01,4.737359808846241194e+00
6.699628465275793587e+01,4.441032901192207838e+00
6.701629036867677769e+01,4.447367569299700563e+00
6.703629608459560529e+01,4.233918331080158026e+00
6.705630180051443290e+01,4.445481490194119090e+00
6.707630751643327471e+01,3.861235190991522792e+00
6.709631323235210232e+01,4.702127296619034169e+00
6.711631894827092992e+01,4.163789629879023124e+00
6.713632466418977174e+01,4.410090646005472514e+00
6.715633038010861355e+01,3.715039951448922739e+00
6.717633609602744116e+01,4.261712604031793639e+00
6.719634181194626876e+01,4.691475254919811988e+00
6.721634752786511058e+01,3.743344664229262264e+00
6.723635324378393818e+01,4.310958921178423608e+00
6.725635895970276579e+01,3.944703075076470444e+00
6.727636467562160760e+01,4.083638547477278280e+00
6.729637039154044942e+01,3.723987246066824852e+00
6.731637610745927702e+01,4.112695453913707944e+00
6.733638182337810463e+01,4.417271713335954253e+00
6.735638753929694644e+01,3.807240011282957415e+00
6.737639325521578826e+01,4.063061297567235108e+00
6.739639897113461586e+01,3.860816937991031761e+00
6.741640468705344347e+01,4.233150349344325214e+00
6.743641040297228528e+01,4.499123162262732123e+00
6.745641611889111289e+01,4.205184932482618265e+00
6.747642183480994049e+01,4.250149719102134682e+00
6.749642755072878231e+01,4.370757334530727789e+00
6.751643326664762412e+01,4.243983844039589393e+00
6.753643898256645173e+01,5.057503976879100804e+00
6.755644469848527933e+01,4.573869876775034982e+00
6.757645041440412115e+01,4.895655532198983195e+00
6.759645613032296296e+01,4.798503621447426148e+00
6.761646184624177636e+01,4.607043880968983984e+00
6.763646756216061817e+01,5.659856922957850145e+00
6.765647327807945999e+01,4.528564756279221726e+00
6.767647899399828759e+01,5.808280192242299300e+00
6.769648470991711520e+01,6.474186590658336904e+00
6.771649042583595701e+01,6.570631986082526410e+00
6.773649614175479883e+01,6.159231545135549268e+00
6.775650185767362643e+01,7.203797005298975265e+00
6.777650757359245404e+01,7.399251782603373684e+00
6.779651328951129585e+01,8.084117451377569097e+00
6.781651900543012346e+01,8.983943109118474268e+00
6.783652472134895106e+01,8.594007722749658740e+00
6.785653043726779288e+01,9.842017542648138217e+00
6.787653615318663469e+01,9.742229051205503865e+00
6.789654186910546230e+01,9.969684780763913068e+00
6.791654758502428990e+01,1.048498432584839080e+01
6.793655330094313172e+01,1.093262150456551574e+01
6.795655901686197353e+01,1.130216867029049865e+01
6.797656473278080114e+01,1.107859286552245948e+01
6.799657044869962874e+01,1.062893307005809440e+01
6.801657616461847056e+01,1.035706607594302398e+01
6.803658188053729816e+01,1.039638770704167925e+01
6.805658759645612577e+01,1.081351041631986831e+01
6.807659331237496758e+01,1.041381718943526202e+01
6.809659902829380940e+01,1.089650661463812398e+01
6.811660474421263700e+01,1.124879788087796939e+01
6.813661046013146461e+01,1.026876477293646239e+01
6.815661617605030642e+01,1.029514551637192987e+01
6.817662189196913403e+01,1.004027978899551599e+01
6.819662760788796163e+01,9.921239818182858272e+00
6.821663332380680345e+01,9.937173256500173579e+00
6.823663903972564526e+01,9.493371567982270776e+00
6.825664475564447287e+01,9.091685008247619493e+00
6.827665047156330047e+01,9.124632769483664418e+00
6.829665618748214229e+01,9.185252175621537063e+00
6.831666190340098410e+01,8.653574608044554139e+00
6.833666761931981171e+01,8.143108042958672854e+00
6.835667333523863931e+01,7.288443381777955921e+00
6.837667905115748113e+01,6.831577741800231252e+00
6.839668476707630873e+01,7.175542903202870804e+00
6.841669048299513634e+01,7.119711202216278068e+00
6.843669619891397815e+01,5.858840835232546951e+00
6.845670191483281997e+01,5.868447778375697865e+00
6.847670763075164757e+01,5.962728363472681536e+00
6.849671334667047518e+01,5.843645319706965324e+00
6.851671906258931699e+01,5.527169143903822857e+00
6.853672477850815881e+01,5.743845297877533618e+00
6.855673049442697220e+01,5.386224103949802000e+00
6.857673621034581402e+01,5.871147029419935492e+00
6.859674192626465583e+01,6.027979174596811873e+00
6.861674764218348344e+01,6.521347547140381451e+00
6.863675335810231104e+01,6.904966357402190447e+00
6.865675907402115286e+01,6.896587300967776279e+00
6.867676478993999467e+01,7.172978768795411852e+00
6.869677050585882228e+01,6.884492551376098390e+00
6.871677622177764988e+01,7.264689080440509983e+00
6.873678193769649170e+01,7.101257922893470464e+00
6.875678765361531930e+01,6.672111674949730897e+00
6.877679336953414690e+01,7.080197150500859848e+00
6.879679908545298872e+01,6.976500976156786216e+00
6.881680480137183054e+01,6.609751381134142179e+00
6.883681051729065814e+01,7.504765559842187628e+00
6.885681623320948574e+01,6.549670620448496905e+00
6.887682194912832756e+01,7.167566832093735130e+00
6.889682766504716938e+01,6.284540002200261988e+00
6.891683338096599698e+01,6.261708969601555097e+00
6.893683909688482458e+01,6.599358458203774092e+00
6.895684481280366640e+01,6.308492842705654802e+00
6.897685052872249400e+01,6.557685574444137799e+00
6.899685624464132161e+01,6.572666127198230512e+00
6.901686196056016342e+01,7.749305762664102204e+00
6.903686767647900524e+01,6.902499521737025745e+00
6.905687339239783284e+01,7.661037843805692304e+00
6.907687910831666045e+01,8.067347234810613443e+00
6.909688482423550226e+01,8.379618611879870116e+00
6.911689054015432987e+01,8.484033169124991502e+00
6.913689625607315747e+01,8.227751922997986966e+00
6.915690197199199929e+01,8.990258914501024989e+00
6.917690768791084110e+01,8.520637142781863460e+00
6.919691340382966871e+01,8.781004098952713832e+00
6.921691911974849631e+01,8.675157240791348201e+00
6.923692483566733813e+01,8.577782188078767689e+00
6.925693055158617994e+01,7.560806559674691840e+00
6.927693626750500755e+01,7.494538219989374639e+00
6.929694198342383515e+01,6.845591924978130294e+00
6.931694769934267697e+01,6.988582888110418168e+00
6.933695341526150457e+01,6.610490262334623779e+00
6.935695913118033218e+01,6.524614528130678437e+00
6.937696484709917399e+01,6.222359551956466284e+00
6.939697056301801581e+01,6.457305819491007348e+00
6.941697627893684341e+01,5.538775742830418736e+00
6.943698199485567102e+01,6.084092428071694592e+00
6.945698771077451283e+01,5.637282977319386212e+00
6.947699342669335465e+01,5.681124213806580059e+00
6.949699914261216804e+01,6.068009460679194333e+00
6.951700485853100986e+01,6.013179867228481967e+00
6.953701057444985167e+01,5.315762682410843709e+00
6.955701629036867928e+01,6.429112509053647173e+00
6.957702200628750688e+01,6.901657364663956074e+00
6.959702772220634870e+01,6.108048829279532299e+00
6.961703343812519051e+01,6.232017166821759879e+00
6.963703915404401812e+01,5.567657403512363601e+00
6.965704486996284572e+01,6.757072141275914490e+00
6.967705058588168754e+01,6.179916725259549715e+00
6.969705630180051514e+01,5.563532566232972876e+00
6.971706201771934275e+01,6.305492530997005574e+00
6.973706773363818456e+01,6.287326619226315749e+00
6.975707344955702638e+01,5.666988456271614183e+00
6.977707916547585398e+01,6.338909007627786529e+00
6.979708488139468159e+01,6.171907207919929306e+00
6.981709059731352340e+01,5.527744881401291721e+00
6.983709631323236522e+01,5.846951927433409857e+00
6.985710202915119282e+01,5.876820709172377200e+00
6.987710774507002043e+01,5.353489200145958193e+00
6.989711346098886224e+01,5.451268030693209532e+00
6.991711917690768985e+01,5.751890465993332313e+00
6.993712489282651745e+01,5.139783347883716047e+00
6.995713060874535927e+01,5.630503504404267723e+00
6.997713632466420108e+01,5.572199727697877414e+00
6.999714204058302869e+01,5.966345636417222487e+00
7.001714775650185629e+01,5.180500593980929658e+00
7.003715347242069811e+01,5.461435510926339276e+00
7.005715918833952571e+01,5.239402834240316942e+00
7.007716490425835332e+01,6.011060289568259662e+00
7.009717062017719513e+01,5.979912711682417559e+00
7.011717633609603695e+01,5.498278910208322934e+00
7.013718205201486455e+01,5.979827863115859898e+00
7.015718776793369216e+01,4.983535899476351894e+00
7.017719348385253397e+01,5.830625048405707389e+00
7.019719919977137579e+01,5.039100952005543199e+00
7.021720491569020339e+01,6.089829508283625792e+00
7.023721063160903100e+01,6.021196854157133238e+00
7.025721634752787281e+01,5.781698633237433604e+00
7.027722206344670042e+01,4.755961434454760273e+00
7.029722777936552802e+01,4.940794384765588632e+00
7.031723349528436984e+01,5.215213747011198109e+00
7.033723921120321165e+01,5.275555206029711286e+00
7.035724492712203926e+01,5.025934610050547313e+00
7.037725064304086686e+01,4.383259440330490087e+00
7.039725635895970868e+01,3.926942494696044061e+00
7.041726207487855049e+01,4.364548251188838712e+00
7.043726779079736389e+01,4.386534082944720581e+00
7.045727350671620570e+01,4.289324638591773819e+00
7.047727922263504752e+01,4.335273003591849417e+00
7.049728493855387512e+01,4.308808711376318712e+00
7.051729065447270273e+01,3.293546704632423605e+00
7.053729637039154454e+01,3.277909673283052605e+00
7.055730208631038636e+01,3.737142700811894702e+00
7.057730780222921396e+01,3.633698728882196693e+00
7.059731351814804157e+01,3.675580040841118112e+00
7.061731923406688338e+01,3.894534456492723784e+00
7.063732494998571099e+01,3.165187915785832917e+00
7.065733066590453859e+01,3.076360114609985708e+00
7.067733638182338041e+01,3.426303354775409815e+00
7.069734209774222222e+01,3.891787548144060249e+00
7.071734781366104983e+01,4.167595059961514359e+00
7.073735352957987743e+01,3.733748662826853248e+00
7.075735924549871925e+01,4.271862589365310825e+00
7.077736496141756106e+01,3.993606560860945009e+00
7.079737067733638867e+01,3.994344936018175751e+00
7.081737639325521627e+01,3.713334122908927615e+00
7.083738210917405809e+01,4.686231190517879952e+00
7.085738782509288569e+01,4.161924474355156001e+00
7.087739354101171330e+01,3.882765609731752665e+00
7.089739925693055511e+01,4.428875224073568262e+00
7.091740497284939693e+01,4.588948320596280439e+00
7.093741068876822453e+01,5.349630103215250010e+00
7.095741640468705214e+01,5.589636985279801351e+00
7.097742212060589395e+01,4.925792917797170212e+00
7.099742783652472156e+01,5.658956086793531348e+00
7.101743355244354916e+01,4.793931826457793477e+00
7.103743926836239098e+01,5.230493064469884601e+00
7.105744498428123279e+01,6.360691516790145883e+00
7.107745070020006040e+01,5.928004944181132885e+00
7.109745641611888800e+01,6.436463675535781803e+00
7.111746213203772982e+01,5.626292416454779399e+00
7.113746784795657163e+01,5.659837323784436158e+00
7.115747356387539924e+01,5.272441622153865914e+00
7.117747927979422684e+01,5.785605333368934566e+00
7.119748499571306866e+01,5.359960683976528806e+00
7.121749071163189626e+01,5.920881273065556449e+00
7.123749642755072387e+01,4.970779282341577954e+00
7.125750214346956568e+01,5.820975074770672109e+00
7.127750785938840750e+01,5.568436946681197597e+00
7.129751357530723510e+01,5.887124698379377463e+00
7.131751929122606271e+01,4.698357869082315119e+00
7.133752500714490452e+01,4.972806360926396607e+00
7.135753072306374634e+01,5.297468733544610231e+00
7.137753643898255973e+01,5.429857661331115359e+00
7.139754215490140155e+01,5.632503719375606011e+00
7.141754787082024336e+01,5.584313306064503379e+00
7.143755358673907097e+01,5.711167119430191619e+00
7.145755930265789857e+01,6.336705356447589033e+00
7.147756501857674039e+01,5.024326040073948008e+00
7.149757073449558220e+01,5.209624717728197574e+00
7.151757645041440981e+01,5.336137952868155843e+00
7.153758216633323741e+01,6.009735373684612192e+00
7.155758788225207923e+01,5.495365403740720467e+00
7.157759359817090683e+01,5.532913648192681499e+00
7.159759931408973443e+01,5.637682394437147693e+00
7.161760503000857625e+01,5.310066872882790889e+00
7.163761074592741807e+01,5.926690548950824144e+00
7.165761646184624567e+01,5.229651473533654560e+00
7.167762217776507327e+01,5.595025396402796503e+00
7.169762789368391509e+01,4.977668695879089000e+00
7.171763360960275691e+01,5.619533191790950788e+00
7.173763932552158451e+01,4.864966229865388847e+00
7.175764504144041211e+01,4.589231472508042309e+00
7.177765075735925393e+01,5.204398483857148427e+00
7.179765647327808153e+01,5.202604838016480215e+00
7.181766218919690914e+01,4.851528098689856350e+00
7.183766790511575095e+01,5.393537552811530134e+00
7.185767362103459277e+01,4.488496055618419689e+00
7.187767933695342037e+01,5.212353602537997510e+00
7.189768505287224798e+01,4.177305561645431098e+00
7.191769076879108979e+01,4.314121088628521505e+00
7.193769648470991740e+01,4.698277758606393739e+00
7.195770220062874500e+01,4.224875862590700137e+00
7.197770791654758682e+01,3.197471090886298217e+00
7.199771363246642863e+01,3.197518801921284126e+00
7.201771934838525624e+01,3.927414840592749812e+00
7.203772506430408384e+01,3.738325707607898174e+00
7.205773078022292566e+01,3.997288582504650023e+00
7.207773649614176747e+01,3.648655491832892839e+00
7.209774221206059508e+01,3.055938112158507636e+00
7.211774792797942268e+01,3.530745796332873887e+00
7.213775364389826450e+01,3.136202458417006955e+00
7.215775935981709210e+01,3.328985599101580206e+00
7.217776507573591971e+01,3.116175028339894570e+00
7.219777079165476152e+01,3.239701681450573023e+00
7.221777650757360334e+01,3.522132327578086475e+00
7.223778222349243094e+01,3.565005373888535889e+00
7.225778793941125855e+01,4.057085426494032809e+00
7.227779365533010036e+01,4.236412965359235727e+00
7.229779937124894218e+01,4.210269393354765910e+00
7.231780508716775557e+01,4.047701396317005873e+00
7.233781080308659739e+01,4.410785492433658028e+00
7.235781651900543920e+01,3.884197028730209666e+00
7.237782223492426681e+01,3.895913543365371545e+00
7.239782795084309441e+01,4.042177983258103957e+00
7.241783366676193623e+01,4.207124509392190959e+00
7.243783938268077804e+01,3.889473315577371526e+00
7.245784509859960565e+01,5.000537050979900755e+00
7.247785081451843325e+01,3.779836143614134336e+00
7.249785653043727507e+01,4.177489410479872767e+00
7.251786224635610267e+01,3.643799767963201486e+00
7.253786796227493028e+01,4.370177358401615031e+00
7.255787367819377209e+01,4.213699510117423941e+00
7.257787939411261391e+01,4.634103356775367999e+00
7.259788511003144151e+01,4.168900447568296919e+00
7.261789082595026912e+01,4.589066788726023916e+00
7.263789654186911093e+01,4.620021511113313828e+00
7.265790225778795275e+01,4.509884262622632534e+00
7.267790797370678035e+01,4.944256067949905464e+00
7.269791368962560796e+01,5.125511148372657644e+00
7.271791940554444977e+01,4.705229027212236126e+00
7.273792512146327738e+01,4.660889349881549570e+00
7.275793083738210498e+01,4.872682495037121697e+00
7.277793655330094680e+01,5.169251467790166643e+00
7.279794226921978861e+01,4.873214569835409904e+00
7.281794798513861622e+01,4.539918804930105800e+00
7.283795370105744382e+01,4.410566214005523733e+00
7.285795941697628564e+01,4.362500506915488963e+00
7.287796513289511324e+01,5.024843897917333102e+00
7.289797084881394085e+01,3.908756053817948661e+00
7.291797656473278266e+01,5.084933681055227694e+00
7.293798228065162448e+01,4.874007130837873625e+00
7.295798799657045208e+01,5.101655224907986508e+00
7.297799371248927969e+01,4.393752381525374062e+00
7.299799942840812150e+01,5.001063301495839220e+00
7.301800514432696332e+01,4.229169691607348902e+00
7.303801086024579092e+01,4.335268443434300067e+00
7.305801657616461853e+01,4.797701878997876257e+00
7.307802229208346034e+01,4.654586352652299475e+00
7.309802800800228795e+01,5.020457553504607873e+00
7.311803372392111555e+01,4.572694270134283201e+00
7.313803943983995737e+01,5.756504600246146630e+00
7.315804515575879918e+01,5.555931563469831858e+00
7.317805087167762679e+01,5.832910703238329830e+00
7.319805658759645439e+01,4.937046221916179256e+00
7.321806230351529621e+01,5.444185671934517856e+00
7.323806801943413802e+01,5.717141204161709567e+00
7.325807373535295142e+01,4.697331976515790153e+00
7.327807945127179323e+01,4.652194025149714918e+00
7.329808516719063505e+01,5.169302659396334043e+00
7.331809088310946265e+01,4.808733759475929403e+00
7.333809659902829026e+01,4.576609592512276947e+00
7.335810231494713207e+01,5.699544553072319886e+00
7.337810803086597389e+01,5.037460483926953891e+00
7.339811374678480149e+01,4.400493975523635193e+00
7.341811946270362910e+01,4.253107355524335276e+00
7.343812517862247091e+01,4.361697775933656374e+00
7.345813089454129852e+01,3.578189684735918696e+00
7.347813661046012612e+01,4.374627027193763951e+00
7.349814232637896794e+01,3.681689913777378198e+00
7.351814804229780975e+01,3.377720308656205095e+00
7.353815375821663736e+01,3.893219225672478689e+00
7.355815947413546496e+01,4.016821874441432350e+00
7.357816519005430678e+01,3.997099082263218861e+00
7.359817090597314859e+01,3.153753898234805675e+00
7.361817662189197620e+01,3.751838496319670035e+00
7.363818233781080380e+01,4.140996175389791922e+00
7.365818805372964562e+01,3.990802656181778652e+00
7.367819376964847322e+01,3.115890287483323640e+00
7.369819948556730083e+01,3.755641494253329604e+00
7.371820520148614264e+01,4.110072852630064943e+00
7.373821091740498446e+01,3.567384175476853159e+00
7.375821663332381206e+01,4.309639144674036970e+00
7.377822234924263967e+01,3.477844841767210315e+00
7.379822806516148148e+01,3.448359817908872138e+00
7.381823378108030909e+01,3.373190826210943349e+00
7.383823949699913669e+01,2.901925656873989290e+00
7.385824521291797851e+01,3.345224876786474510e+00
7.387825092883682032e+01,3.643606010034431186e+00
7.389825664475564793e+01,3.349876155885963769e+00
7.391826236067447553e+01,3.559375073700342007e+00
7.393826807659331735e+01,2.719405900086339756e+00
7.395827379251215916e+01,2.885134836774744915e+00
7.397827950843098677e+01,3.579639689973606487e+00
7.399828522434981437e+01,3.055837692744379996e+00
7.401829094026865619e+01,3.754457857207678995e+00
7.403829665618748379e+01,3.389609472857280537e+00
7.405830237210632561e+01,4.071720884235385363e+00
7.407830808802515321e+01,3.458634075312264411e+00
7.409831380394398082e+01,4.016846616042755613e+00
7.411831951986282263e+01,3.109609619683431525e+00
7.413832523578165024e+01,2.872274997628024185e+00
7.415833095170049205e+01,3.360983983912133599e+00
7.417833666761931966e+01,3.506170456912987898e+00
7.419834238353816147e+01,4.373103047400022980e+00
7.421834809945698908e+01,3.803875078384267638e+00
7.423835381537583089e+01,3.684002029561817437e+00
7.425835953129465850e+01,3.701804844985782772e+00
7.427836524721348610e+01,4.195309329787720642e+00
7.429837096313232792e+01,3.805742969063789172e+00
7.431837667905115552e+01,4.246404384800758436e+00
7.433838239496999734e+01,4.019884155295371464e+00
7.435838811088882494e+01,3.920447676946974713e+00
7.437839382680766676e+01,4.206558506423877297e+00
7.439839954272649436e+01,4.113979985751313073e+00
7.441840525864533618e+01,4.499435259759549055e+00
7.443841097456416378e+01,3.803982565559805629e+00
7.445841669048300560e+01,4.050321231371650121e+00
7.447842240640183320e+01,3.735999641022725637e+00
7.449842812232066080e+01,3.913132716744847972e+00
7.451843383823950262e+01,4.059487694883920028e+00
7.453843955415833022e+01,4.109314913513491874e+00
7.455844527007717204e+01,4.283838011249104127e+00
7.457845098599599964e+01,4.772290816788631318e+00
7.459845670191484146e+01,3.857024405928734634e+00
7.461846241783366906e+01,4.232496758039565599e+00
7.463846813375251088e+01,4.777874375683707875e+00
7.465847384967133848e+01,5.214441149182207802e+00
7.467847956559016609e+01,4.810888389937726828e+00
7.469848528150900790e+01,5.400652063446051088e+00
7.471849099742783551e+01,5.623564706180706807e+00
7.473849671334667732e+01,5.886683787095965847e+00
7.475850242926550493e+01,6.752482161677017203e+00
7.477850814518434674e+01,7.266178044891463905e+00
7.479851386110317435e+01,7.586452277451549264e+00
7.481851957702201616e+01,7.601345336605094261e+00
7.483852529294084377e+01,7.520118485303714628e+00
7.485853100885967137e+01,8.011391690585988101e+00
7.487853672477851319e+01,8.153756656271333725e+00
7.489854244069734079e+01,8.154570818772546303e+00
7.491854815661618261e+01,8.564456101177004399e+00
7.493855387253501021e+01,8.905970640046316333e+00
7.495855958845385203e+01,9.349731890024179037e+00
7.497856530437267963e+01,9.463002863853837709e+00
7.499857102029152145e+01,9.129267749431210888e+00
7.501857673621034905e+01,9.766966832696208911e+00
7.503858245212917666e+01,9.802485711238510646e+00
7.505858816804801847e+01,9.163174688828574332e+00
7.507859388396684608e+01,1.043220225129848266e+01
7.509859959988568789e+01,9.245531383817301219e+00
7.511860531580451550e+01,9.810147811020636155e+00
7.513861103172335731e+01,1.007206948820637216e+01
7.515861674764218492e+01,9.382451493566424716e+00
7.517862246356102673e+01,9.122949698644925220e+00
7.519862817947985434e+01,9.191698505938511232e+00
7.521863389539868194e+01,8.838536558434553214e+00
7.523863961131752376e+01,9.219533568650156496e+00
7.525864532723635136e+01,9.080000320349737919e+00
7.527865104315519318e+01,9.342774705217035347e+00
7.529865675907402078e+01,8.713643855027445539e+00
7.531866247499286260e+01,9.220913955227539205e+00
7.533866819091169020e+01,7.870147789884801348e+00
7.535867390683053202e+01,8.760424988236923838e+00
7.537867962274935962e+01,7.334274230718704324e+00
7.539868533866820144e+01,7.941947080719240049e+00
7.541869105458702904e+01,7.179439552907217248e+00
7.543869677050585665e+01,7.067984048953293907e+00
7.545870248642469846e+01,6.724781489468272255e+00
7.547870820234352607e+01,6.173596540642424912e+00
7.549871391826236788e+01,6.472517214124268392e+00
7.551871963418119549e+01,6.060339135453451931e+00
7.553872535010003730e+01,6.916326163584242792e+00
7.555873106601886491e+01,5.544263515710129653e+00
7.557873678193770672e+01,5.263768003906913684e+00
7.559874249785653433e+01,6.792159254733062923e+00
7.561874821377536193e+01,6.366551820313498311e+00
7.563875392969420375e+01,5.896452353103808441e+00
7.565875964561303135e+01,5.839477870712372898e+00
7.567876536153187317e+01,5.772352238876016450e+00
7.569877107745070077e+01,6.034353305025139669e+00
7.571877679336954259e+01,5.629628275773428392e+00
7.573878250928837019e+01,5.788078431265047286e+00
7.575878822520721201e+01,5.675995982554058017e+00
7.577879394112603961e+01,5.579263639270497066e+00
7.579879965704486722e+01,5.045032459521195278e+00
7.581880537296370903e+01,4.930894110678893938e+00
7.583881108888253664e+01,4.778336665286826879e+00
7.585881680480137845e+01,4.132175477207242764e+00
7.587882252072020606e+01,4.470873646301149584e+00
7.589882823663904787e+01,4.366384933143539371e+00
7.591883395255787548e+01,4.103198977602604991e+00
7.593883966847671729e+01,3.660894430276796729e+00
7.595884538439554490e+01,4.387422694194462736e+00
7.597885110031437250e+01,3.264684567756653166e+00
7.599885681623321432e+01,3.249836648531907901e+00
7.601886253215204192e+01,4.280502423092536368e+00
7.603886824807088374e+01,3.757030116858894431e+00
7.605887396398971134e+01,4.180329622275055002e+00
7.607887967990855316e+01,3.180934475413903506e+00
7.609888539582738076e+01,4.193758718284146703e+00
7.611889111174622258e+01,3.460658927312706634e+00
7.613889682766505018e+01,4.260569460667118058e+00
7.615890254358387779e+01,4.104419508630456015e+00
7.617890825950271960e+01,3.838579207336655585e+00
7.619891397542154721e+01,3.823543037079591755e+00
7.621891969134038902e+01,3.621078621817761523e+00
7.623892540725921663e+01,4.305411208684406965e+00
7.625893112317805844e+01,3.296379379950849842e+00
7.627893683909688605e+01,3.329421806890042745e+00
7.629894255501572786e+01,3.286169313171042994e+00
7.631894827093455547e+01,3.912413662280036952e+00
7.633895398685339728e+01,4.581852457030677783e+00
7.635895970277222489e+01,3.752370151648756202e+00
7.637896541869105249e+01,3.715778047799589423e+00
7.639897113460989431e+01,4.133255458094545531e+00
7.641897685052872191e+01,4.410966129695472304e+00
7.643898256644756373e+01,3.728357303217171737e+00
7.645898828236639133e+01,4.563872370447739968e+00
7.647899399828523315e+01,4.070423918669972885e+00
7.649899971420406075e+01,4.021781546992228229e+00
7.651900543012290257e+01,3.699073413014576150e+00
7.653901114604173017e+01,4.134918592691629868e+00
7.655901686196055778e+01,3.981939196100888090e+00
7.657902257787939959e+01,4.119935430265492471e+00
7.659902829379822720e+01,3.585706764135318636e+00
7.661903400971706901e+01,4.804797322055941677e+00
7.663903972563589662e+01,4.456759629762339081e+00
7.665904544155473843e+01,4.415052459962439002e+00
7.667905115747356604e+01,5.125769507256452862e+00
7.669905687339240785e+01,4.735725952174796305e+00
7.671906258931123546e+01,5.121933823946513087e+00
7.673906830523006306e+01,4.039209040345107304e+00
7.675907402114890488e+01,4.554547652103148714e+00
7.677907973706773248e+01,4.827809435404629035e+00
7.679908545298657430e+01,4.349745592519561832e+00
7.681909116890540190e+01,5.065814321642874596e+00
7.683909688482424372e+01,4.213080106884588005e+00
7.685910260074307132e+01,5.327196446602414426e+00
7.687910831666191314e+01,5.180298607999217708e+00
7.689911403258074074e+01,5.067788355616809959e+00
7.691911974849956835e+01,4.677169891522880540e+00
7.693912546441841016e+01,4.706007396962312406e+00
7.695913118033723777e+01,4.880696813254259858e+00
7.697913689625607958e+01,5.617368974839673790e+00
7.699914261217490719e+01,5.211190855500657193e+00
7.701914832809374900e+01,5.202064679476517739e+00
7.703915404401257661e+01,5.512312591600122325e+00
7.705915975993141842e+01,5.723717510461982627e+00
7.707916547585024603e+01,5.339993744634198514e+00
7.709917119176907363e+01,7.111838003164495881e+00
7.711917690768791545e+01,7.104049237384669979e+00
7.713918262360674305e+01,7.053046771795580483e+00
7.715918833952558487e+01,7.344702632308615975e+00
7.717919405544441247e+01,7.223575674163491556e+00
7.719919977136325429e+01,7.833671709103729341e+00
7.721920548728208189e+01,8.172106656151324700e+00
7.723921120320092371e+01,7.845439220125301816e+00
7.725921691911975131e+01,7.936328166646037907e+00
7.727922263503859313e+01,7.432760731123443598e+00
7.729922835095742073e+01,7.764317209034942380e+00
7.731923406687624833e+01,7.473438444003361880e+00
7.733923978279509015e+01,7.741933906544022470e+00
7.735924549871391775e+01,6.904258662576550520e+00
7.737925121463275957e+01,7.598502903545863774e+00
7.739925693055158717e+01,6.763130114045464936e+00
7.741926264647042899e+01,6.344268645547344043e+00
7.743926836238925659e+01,6.480911882102557087e+00
7.745927407830809841e+01,6.224764765544092526e+00
7.747927979422692601e+01,5.859868998463834799e+00
7.749928551014575362e+01,6.174537218567028418e+00
7.751929122606459543e+01,5.967454285609336218e+00
7.753929694198342304e+01,6.313159010628996981e+00
7.755930265790226485e+01,6.498091949141167056e+00
7.757930837382109246e+01,6.146261894645721924e+00
7.759931408973993427e+01,6.241893406864661209e+00
7.761931980565876188e+01,5.581564706998373815e+00
7.763932552157760369e+01,6.064853221521392612e+00
7.765933123749643130e+01,5.668587663814343536e+00
7.767933695341525890e+01,7.099882634667713077e+00
7.769934266933410072e+01,5.862694819484471687e+00
7.771934838525292832e+01,6.955615375983019710e+00
7.773935410117177014e+01,6.262451379850785926e+00
7.775935981709059774e+01,6.257082046281577270e+00
7.777936553300943956e+01,6.064223810413952975e+00
7.779937124892826716e+01,5.044530646433889487e+00
7.781937696484710898e+01,5.418676507937593811e+00
7.783938268076593658e+01,5.825896635221196718e+00
7.785938839668476419e+01,4.247439363314574834e+00
7.787939411260360600e+01,4.644679723000775695e+00
7.789939982852243361e+01,4.805198468465098571e+00
7.791940554444127542e+01,4.700175501372241271e+00
7.793941126036010303e+01,3.980008723608353893e+00
7.795941697627894484e+01,4.030827842293184915e+00
7.797942269219777245e+01,3.082192651995601551e+00
7.799942840811661426e+01,3.341061479251778543e+00
7.801943412403544187e+01,3.517482655630753019e+00
7.803943983995426947e+01,3.180573630122722317e+00
7.805944555587311129e+01,4.197883457057342227e+00
7.807945127179193889e+01,4.245873931381779265e+00
7.809945698771078071e+01,3.537322817602440050e+00
7.811946270362960831e+01,3.356427622020792256e+00
7.813946841954845013e+01,3.320714179547480605e+00
7.815947413546727773e+01,2.840714514507947985e+00
7.817947985138611955e+01,3.371499350451709454e+00
7.819948556730494715e+01,3.919624040239733098e+00
7.821949128322378897e+01,3.661613187132499725e+00
7.823949699914261657e+01,3.231241585224695179e+00
7.825950271506144418e+01,3.371861918354784660e+00
7.827950843098028599e+01,3.867705598373695874e+00
7.829951414689911360e+01,4.193251236944073312e+00
7.831951986281795541e+01,3.954368128228758827e+00
7.833952557873678302e+01,3.332598677454778446e+00
7.835953129465562483e+01,3.610467809957842000e+00
7.837953701057445244e+01,3.724520568720124825e+00
7.839954272649329425e+01,3.389211430734120789e+00
7.841954844241212186e+01,3.611219364059640391e+00
7.843955415833094946e+01,2.850420989834760999e+00
7.845955987424979128e+01,3.007121323462748741e+00
7.847956559016861888e+01,3.280165865327536068e+00
7.849957130608746070e+01,3.854050241476310479e+00
7.851957702200628830e+01,3.507549602013830370e+00
7.853958273792513012e+01,4.044465886728663584e+00
7.855958845384395772e+01,3.912998575018614478e+00
7.857959416976279954e+01,3.885121006008566358e+00
7.859959988568162714e+01,4.838221308560004097e+00
7.861960560160045475e+01,4.699286783159881686e+00
7.863961131751929656e+01,5.204395657481226678e+00
7.865961703343812417e+01,5.041063622612278472e+00
7.867962274935696598e+01,5.695138159989769022e+00
7.869962846527579359e+01,5.299970333174632842e+00
7.871963418119463540e+01,5.440148384663985759e+00
7.873963989711346301e+01,6.554447749348493168e+00
7.875964561303230482e+01,6.966521261424502676e+00
7.877965132895113243e+01,7.164619921944290759e+00
7.879965704486996003e+01,7.379111066907295680e+00
7.881966276078880185e+01,7.775719435485029862e+00
7.883966847670762945e+01,8.173232998725220355e+00
7.885967419262647127e+01,8.861160102444340936e+00
7.887967990854529887e+01,8.517558124808344289e+00
7.889968562446414069e+01,9.336850928424309970e+00
7.891969134038296829e+01,9.074223850206184494e+00
7.893969705630181011e+01,8.180202465852127958e+00
7.895970277222063771e+01,8.730896370805657725e+00
7.897970848813946532e+01,8.293800606735960201e+00
7.899971420405830713e+01,8.147937679879756701e+00
7.901971991997713474e+01,8.201558844813309435e+00
7.903972563589597655e+01,7.093054568233680968e+00
7.905973135181480416e+01,6.529596383900800660e+00
7.907973706773364597e+01,6.179108961805012790e+00
7.909974278365247358e+01,6.173121276137351288e+00
7.911974849957131539e+01,6.141255925887728395e+00
7.913975421549014300e+01,4.650505731310326851e+00
7.915975993140898481e+01,4.790073855310169826e+00
7.917976564732781242e+01,4.588364181338103087e+00
7.919977136324664002e+01,3.909602408045142585e+00
7.921977707916548184e+01,4.980844739477600314e+00
7.923978279508430944e+01,3.597684445155481914e+00
7.925978851100315126e+01,3.485399795464529049e+00
7.927979422692197886e+01,3.394319972552236386e+00
7.929979994284082068e+01,3.955577393296071609e+00
7.931980565875964828e+01,3.668080090286807593e+00
7.933981137467849010e+01,3.959943949602322544e+00
7.935981709059731770e+01,4.159160694430880767e+00
7.937982280651614531e+01,3.956351839128307013e+00
7.939982852243498712e+01,3.747992389403873581e+00
7.941983423835381473e+01,3.463983528198185446e+00
7.943983995427265654e+01,3.349344088293424893e+00
7.945984567019148415e+01,3.375290116415551989e+00
7.947985138611032596e+01,3.482296471334463739e+00
7.949985710202915357e+01,3.096365786272071929e+00
7.951986281794799538e+01,3.236567067702370792e+00
7.953986853386682299e+01,3.523317850340752955e+00
7.955987424978565059e+01,3.458673837318758437e+00
7.957987996570449241e+01,3.544621546091513586e+00
7.959988568162332001e+01,3.863031603551661863e+00
7.961989139754216183e+01,3.106983011003042527e+00
7.963989711346098943e+01,3.500119084351906107e+00
7.965990282937983125e+01,4.036917654025126367e+00
7.967990854529865885e+01,2.627546280178821192e+00
7.969991426121750067e+01,3.476475544618252034e+00
7.971991997713632827e+01,2.846333667596370631e+00
7.973992569305515588e+01,3.205438174908585403e+00
7.975993140897399769e+01,3.280788106502939172e+00
7.977993712489282530e+01,3.649655433115476910e+00
7.979994284081166711e+01,2.639063430292582169e+00
7.981994855673049472e+01,4.010042982721000904e+00
7.983995427264933653e+01,3.561943743415330932e+00
7.985995998856816414e+01,3.775428705464212165e+00
7.987996570448700595e+01,3.862857956827171702e+00
7.989997142040583356e+01,3.831034758032567211e+00
7.991997713632466116e+01,3.541899268508982956e+00
7.993998285224350298e+01,3.171898020177154276e+00
7.995998856816233058e+01,3.478053143483813336e+00
7.997999428408117240e+01,3.261234237444910367e+00
8.000000000000000000e+01,3.410746668242700785e+00
