angle,intensity
1.000000000000000000e+01,4.210436189663641748e+00
1.002000571591883471e+01,3.595723249722371229e+00
1.004001143183766764e+01,3.829979439954177778e+00
1.006001714775650235e+01,3.339824784567563043e+00
1.008002286367533529e+01,3.471713057410502401e+00
1.010002857959417000e+01,3.273624962611811018e+00
1.012003429551300293e+01,3.899881187240047176e+00
1.014004001143183764e+01,3.682406394192214272e+00
1.016004572735067235e+01,4.153499198563557648e+00
1.018005144326950528e+01,4.164086654460264825e+00
1.020005715918833999e+01,4.226429481394590404e+00
1.022006287510717293e+01,3.941751693455457062e+00
1.024006859102600764e+01,3.298183104151363843e+00
1.026007430694484057e+01,3.348221501879559803e+00
1.028008002286367528e+01,3.460855534568633374e+00
1.030008573878250999e+01,3.836657012531826894e+00
1.032009145470134293e+01,3.652006464113269679e+00
1.034009717062017764e+01,2.807933513684082172e+00
1.036010288653901057e+01,4.254909924134597787e+00
1.038010860245784528e+01,3.001373670761412260e+00
1.040011431837667999e+01,2.909555132904769970e+00
1.042012003429551292e+01,4.341390697346653837e+00
1.044012575021434763e+01,2.949906664947937518e+00
1.046013146613318057e+01,3.845570435196202119e+00
1.048013718205201528e+01,3.963885776274485906e+00
1.050014289797084821e+01,3.618304000708860269e+00
1.052014861388968292e+01,3.397412771371429052e+00
1.054015432980851585e+01,3.946591945732010220e+00
1.056016004572735056e+01,2.975295848448981317e+00
1.058016576164618527e+01,3.670780642758291634e+00
1.060017147756501821e+01,3.547514971560183916e+00
1.062017719348385292e+01,4.328825600914311345e+00
1.064018290940268585e+01,3.054170211821022107e+00
1.066018862532152056e+01,3.691804278744823087e+00
1.068019434124035527e+01,3.775452176709601204e+00
1.070020005715918820e+01,3.344207773753960833e+00
1.072020577307802292e+01,3.745051633278325021e+00
1.074021148899685585e+01,3.692000814832967492e+00
1.076021720491569056e+01,4.081581584080347547e+00
1.078022292083452349e+01,4.547623053882961841e+00
1.080022863675335820e+01,3.784056003926143497e+00
1.082023435267219291e+01,4.728015734156926442e+00
1.084024006859102585e+01,4.162622180867945332e+00
1.086024578450986056e+01,3.591982679725980176e+00
1.088025150042869349e+01,4.359781649442341589e+00
1.090025721634752820e+01,3.237637147945179983e+00
1.092026293226636113e+01,3.786974865503944798e+00
1.094026864818519584e+01,3.612132711103361871e+00
1.096027436410403055e+01,4.321780137814220879e+00
1.098028008002286349e+01,3.409034657786213618e+00
1.100028579594169820e+01,3.976352930700981503e+00
1.102029151186053113e+01,4.068716374739151931e+00
1.104029722777936584e+01,3.910873836680746063e+00
1.106030294369819877e+01,4.115838512934032245e+00
1.108030865961703348e+01,4.018463591524333189e+00
1.110031437553586819e+01,4.274979656786866755e+00
1.112032009145470113e+01,4.524723226951036459e+00
1.114032580737353584e+01,4.862857798531944553e+00
1.116033152329236877e+01,4.371134435811820040e+00
1.118033723921120348e+01,4.299957321336130178e+00
1.120034295513003642e+01,4.901921182333428106e+00
1.122034867104887113e+01,4.710341656384210651e+00
1.124035438696770584e+01,3.630926902245414034e+00
1.126036010288653877e+01,4.693706943471830151e+00
1.128036581880537348e+01,3.423019734445076345e+00
1.130037153472420641e+01,4.381623518665242578e+00
1.132037725064304112e+01,4.659010074301918714e+00
1.134038296656187583e+01,4.281696024461073335e+00
1.136038868248070877e+01,4.386924079347541472e+00
1.138039439839954348e+01,4.301751616171505255e+00
1.140040011431837641e+01,4.686132628608765671e+00
1.142040583023721112e+01,4.633776523281627036e+00
1.144041154615604405e+01,4.945061996057161124e+00
1.146041726207487876e+01,4.440381594183912206e+00
1.148042297799371170e+01,5.048998065206386165e+00
1.150042869391254641e+01,4.698712150967064183e+00
1.152043440983138112e+01,5.095169613471581371e+00
1.154044012575021405e+01,4.513020152910556249e+00
1.156044584166904876e+01,5.513710598773760907e+00
1.158045155758788169e+01,5.254133028988592358e+00
1.160045727350671640e+01,5.025887013730828912e+00
1.162046298942555111e+01,4.867803996548617285e+00
1.164046870534438405e+01,5.064497024959420557e+00
1.166047442126321876e+01,4.796360103657800522e+00
1.168048013718205169e+01,5.005239321486946835e+00
1.170048585310088640e+01,5.613695031121565648e+00
1.172049156901971934e+01,5.481433542023067318e+00
1.174049728493855405e+01,5.981926400129094823e+00
1.176050300085738698e+01,4.698048451106320300e+00
1.178050871677622169e+01,5.463729503656471920e+00
1.180051443269505640e+01,5.377285529190629632e+00
1.182052014861388933e+01,5.727314320998786457e+00
1.184052586453272404e+01,5.003115184831526285e+00
1.186053158045155698e+01,6.391203674416161107e+00
1.188053729637039169e+01,5.780983137716077636e+00
1.190054301228922640e+01,5.898872247281283343e+00
1.192054872820805933e+01,6.194286144764072688e+00
1.194055444412689404e+01,5.419731300831159615e+00
1.196056016004572697e+01,5.663467433079287794e+00
1.198056587596456168e+01,5.594304567985780352e+00
1.200057159188339639e+01,5.957586137887020072e+00
1.202057730780222933e+01,5.989231431555245067e+00
1.204058302372106226e+01,6.880707776093074379e+00
1.206058873963989697e+01,6.253960332713781156e+00
1.208059445555873168e+01,6.544857182958793373e+00
1.210060017147756461e+01,6.509579523428898895e+00
1.212060588739639932e+01,7.045944481929058867e+00
1.214061160331523226e+01,6.570432780182214216e+00
1.216061731923406697e+01,7.839612285677179493e+00
1.218062303515290168e+01,7.467681718059297147e+00
1.220062875107173461e+01,7.659412596297878295e+00
1.222063446699056932e+01,7.286747428759762890e+00
1.224064018290940226e+01,8.053525104897875764e+00
1.226064589882823697e+01,7.903867401402195014e+00
1.228065161474707168e+01,7.696747279666184660e+00
1.230065733066590461e+01,7.862426097040526862e+00
1.232066304658473754e+01,8.508706379830739408e+00
1.234066876250357225e+01,8.841759275125120610e+00
1.236067447842240696e+01,7.842749960468681891e+00
1.238068019434123990e+01,8.469627217959875054e+00
1.240068591026007461e+01,8.391274152873705816e+00
1.242069162617890754e+01,8.847395577704828540e+00
1.244069734209774225e+01,8.863663284341340542e+00
1.246070305801657696e+01,8.289031561687634664e+00
1.248070877393540989e+01,9.153748120588526049e+00
1.250071448985424460e+01,9.568828001953505691e+00
1.252072020577307754e+01,8.770370947669274386e+00
1.254072592169191225e+01,8.821143614509150410e+00
1.256073163761074696e+01,9.091421867674743140e+00
1.258073735352957989e+01,9.866210573762757008e+00
1.260074306944841460e+01,9.520949264954982283e+00
1.262074878536724754e+01,1.001318069222433493e+01
1.264075450128608225e+01,9.997281344157878280e+00
1.266076021720491518e+01,1.083251467870362106e+01
1.268076593312374989e+01,1.010829380350673645e+01
1.270077164904258282e+01,1.060536341751809886e+01
1.272077736496141753e+01,1.058401846442163574e+01
1.274078308088025224e+01,1.084004848952003464e+01
1.276078879679908518e+01,1.146489099185821203e+01
1.278079451271791989e+01,1.080870723432511937e+01
1.280080022863675282e+01,1.168478253580176229e+01
1.282080594455558753e+01,1.179533779851546704e+01
1.284081166047442224e+01,1.228315337390185746e+01
1.286081737639325517e+01,1.223527472680417461e+01
1.288082309231208988e+01,1.262159703991644122e+01
1.290082880823092282e+01,1.243056876600726923e+01
1.292083452414975753e+01,1.349817748831579500e+01
1.294084024006859224e+01,1.249233928812746797e+01
1.296084595598742517e+01,1.342101742298120826e+01
1.298085167190625810e+01,1.292086774467399302e+01
1.300085738782509281e+01,1.348194646963657917e+01
1.302086310374392752e+01,1.336767433322510712e+01
1.304086881966276046e+01,1.407302652861434566e+01
1.306087453558159517e+01,1.467728483626758873e+01
1.308088025150042810e+01,1.450628883947448600e+01
1.310088596741926281e+01,1.421249455158008246e+01
1.312089168333809752e+01,1.513637227241754601e+01
1.314089739925693046e+01,1.516194860628790408e+01
1.316090311517576517e+01,1.465738328255024037e+01
1.318090883109459810e+01,1.558228209314867740e+01
1.320091454701343281e+01,1.546597121317257972e+01
1.322092026293226752e+01,1.569766100120314789e+01
1.324092597885110045e+01,1.618946501195829413e+01
1.326093169476993339e+01,1.592613432038663390e+01
1.328093741068876810e+01,1.599976325289898860e+01
1.330094312660760281e+01,1.697084412531757636e+01
1.332094884252643574e+01,1.714567202887207387e+01
1.334095455844527045e+01,1.703253777288111337e+01
1.336096027436410338e+01,1.706806898769341529e+01
1.338096599028293809e+01,1.715460910690297069e+01
1.340097170620177280e+01,1.803163683672686091e+01
1.342097742212060574e+01,1.757784342977841519e+01
1.344098313803944045e+01,1.696779460583624299e+01
1.346098885395827338e+01,1.750776444714444224e+01
1.348099456987710809e+01,1.800722397514125106e+01
1.350100028579594280e+01,1.733624913698039194e+01
1.352100600171477573e+01,1.749620326594489228e+01
1.354101171763361044e+01,1.714162274136746689e+01
1.356101743355244338e+01,1.766019200411046342e+01
1.358102314947127809e+01,1.672239825783825395e+01
1.360102886539011102e+01,1.635350376739023304e+01
1.362103458130894573e+01,1.597162534073764206e+01
1.364104029722777867e+01,1.607058304883071642e+01
1.366104601314661338e+01,1.507561601049703270e+01
1.368105172906544809e+01,1.456608522680075168e+01
1.370105744498428102e+01,1.403759561985187432e+01
1.372106316090311573e+01,1.347330025167933520e+01
1.374106887682194866e+01,1.273792040655843394e+01
1.376107459274078337e+01,1.237451145342739167e+01
1.378108030865961808e+01,1.116792405227019991e+01
1.380108602457845102e+01,1.071385893603385497e+01
1.382109174049728573e+01,1.071191289147000347e+01
1.384109745641611866e+01,9.595133863964605325e+00
1.386110317233495337e+01,9.088588831092566878e+00
1.388110888825378808e+01,8.788775794714272394e+00
1.390111460417262101e+01,8.826416492204423037e+00
1.392112032009145395e+01,8.365265184351518002e+00
1.394112603601028866e+01,7.296608680574459882e+00
1.396113175192912337e+01,7.217003531908863678e+00
1.398113746784795630e+01,7.157139882209454740e+00
1.400114318376679101e+01,6.576353141395878232e+00
1.402114889968562395e+01,6.415340723056591976e+00
1.404115461560445866e+01,6.576511114250176426e+00
1.406116033152329337e+01,6.313429447832140440e+00
1.408116604744212630e+01,6.480761196776286148e+00
1.410117176336095923e+01,5.840639896792399810e+00
1.412117747927979394e+01,6.250736312942409612e+00
1.414118319519862865e+01,5.699586321869901440e+00
1.416118891111746336e+01,6.032697618474555767e+00
1.418119462703629630e+01,5.530295458473020176e+00
1.420120034295512923e+01,6.053257592555820743e+00
1.422120605887396394e+01,6.014753749608388489e+00
1.424121177479279865e+01,5.777867247376265780e+00
1.426121749071163336e+01,5.056879192551285485e+00
1.428122320663046629e+01,5.968337875835586281e+00
1.430122892254929923e+01,5.763277390129159627e+00
1.432123463846813394e+01,5.805653167454996932e+00
1.434124035438696865e+01,5.985046754436448069e+00
1.436124607030580158e+01,5.119579710725611577e+00
1.438125178622463629e+01,4.951091930066637836e+00
1.440125750214346922e+01,4.877291698796986097e+00
1.442126321806230393e+01,4.304226681125438603e+00
1.444126893398113864e+01,4.540100889741003343e+00
1.446127464989997158e+01,5.115788538216926362e+00
1.448128036581880451e+01,4.651817914348209015e+00
1.450128608173763922e+01,4.925771760967007751e+00
1.452129179765647393e+01,5.060406298365379030e+00
1.454129751357530864e+01,5.007261017875213938e+00
1.456130322949414158e+01,4.532569251311000968e+00
1.458130894541297451e+01,4.145246995910188303e+00
1.460131466133180922e+01,4.663488508991248338e+00
1.462132037725064393e+01,3.997497781059442978e+00
1.464132609316947686e+01,4.703944940182314127e+00
1.466133180908831157e+01,4.574875267036651039e+00
1.468133752500714451e+01,4.141654618071464178e+00
1.470134324092597922e+01,4.833853280778226846e+00
1.472134895684481393e+01,3.908157797438400749e+00
1.474135467276364686e+01,4.545191561690083759e+00
1.476136038868247979e+01,3.542041234094153168e+00
1.478136610460131450e+01,4.165471506016331205e+00
1.480137182052014921e+01,3.751576890892055260e+00
1.482137753643898392e+01,4.428089065879554198e+00
1.484138325235781686e+01,4.421043422361609743e+00
1.486138896827664979e+01,4.510057879490533495e+00
1.488139468419548450e+01,4.421782833698649107e+00
1.490140040011431921e+01,4.734668087482523546e+00
1.492140611603315392e+01,4.211254625570020949e+00
1.494141183195198685e+01,3.985182283875227771e+00
1.496141754787081979e+01,4.982907259007212097e+00
1.498142326378965450e+01,4.319618352191081811e+00
1.500142897970848921e+01,4.408433012201668610e+00
1.502143469562732214e+01,4.340897950538567862e+00
1.504144041154615508e+01,4.074350115017240093e+00
1.506144612746498979e+01,4.437331584811283314e+00
1.508145184338382450e+01,4.532458761740979725e+00
1.510145755930265921e+01,4.653029752077165071e+00
1.512146327522149214e+01,4.379833159601362880e+00
1.514146899114032507e+01,4.281932880072508496e+00
1.516147470705915978e+01,3.506510757075311346e+00
1.518148042297799449e+01,4.353513795004541720e+00
1.520148613889682920e+01,3.694003458048224608e+00
1.522149185481566214e+01,3.222866888603726387e+00
1.524149757073449507e+01,3.970274265744582198e+00
1.526150328665332978e+01,4.119563095666323171e+00
1.528150900257216449e+01,3.845307673890059341e+00
1.530151471849099742e+01,3.254542054793081007e+00
1.532152043440983036e+01,3.907915699318293079e+00
1.534152615032866507e+01,3.859526981415462465e+00
1.536153186624749978e+01,4.419819869917787969e+00
1.538153758216633449e+01,3.425970578550735723e+00
1.540154329808516742e+01,3.614998671841430422e+00
1.542154901400400036e+01,3.972385709158983147e+00
1.544155472992283507e+01,4.255848499004438068e+00
1.546156044584166978e+01,3.851051185350248041e+00
1.548156616176050449e+01,3.829927450331076955e+00
1.550157187767933742e+01,3.845150151642651171e+00
1.552157759359817035e+01,3.814524944580396593e+00
1.554158330951700506e+01,4.543253431797353414e+00
1.556158902543583977e+01,3.254288311078885165e+00
1.558159474135467271e+01,4.525815444112451402e+00
1.560160045727350742e+01,4.266000489973904131e+00
1.562160617319234035e+01,4.595860315684378250e+00
1.564161188911117506e+01,3.705969827390356741e+00
1.566161760503000977e+01,3.433156528068483482e+00
1.568162332094884270e+01,4.696541882592102368e+00
1.570162903686767564e+01,3.554842720077500129e+00
1.572163475278651035e+01,3.532734866663665763e+00
1.574164046870534506e+01,3.931349137394496207e+00
1.576164618462417977e+01,4.217709380533546160e+00
1.578165190054301270e+01,3.475413224766872755e+00
1.580165761646184563e+01,3.638808086145793208e+00
1.582166333238068034e+01,3.360407649264437246e+00
1.584166904829951505e+01,4.361552553495089413e+00
1.586167476421834799e+01,4.138404626623779947e+00
1.588168048013718270e+01,3.476521026166807360e+00
1.590168619605601563e+01,4.034604177711786477e+00
1.592169191197485034e+01,3.505170224966477122e+00
1.594169762789368505e+01,4.390830370461688226e+00
1.596170334381251799e+01,4.215750872954107109e+00
1.598170905973135092e+01,3.939716867632052200e+00
1.600171477565018563e+01,4.169059783243284301e+00
1.602172049156902034e+01,4.164646161919211664e+00
1.604172620748785505e+01,4.167666234913191659e+00
1.606173192340668976e+01,3.985500111507889187e+00
1.608173763932552092e+01,4.555745425496922962e+00
1.610174335524435563e+01,3.863374029908172691e+00
1.612174907116319034e+01,4.064292541704611850e+00
1.614175478708202505e+01,3.839732816459857201e+00
1.616176050300085620e+01,4.159961484682010990e+00
1.618176621891969091e+01,4.379574487153176321e+00
1.620177193483852562e+01,3.680083537694680551e+00
1.622177765075736033e+01,3.600329771713046689e+00
1.624178336667619504e+01,3.164631977583261424e+00
1.626178908259502620e+01,4.043100858368937622e+00
1.628179479851386091e+01,4.106123746727429413e+00
1.630180051443269562e+01,4.119478708237044096e+00
1.632180623035153033e+01,3.996647560305532032e+00
1.634181194627036149e+01,4.488587230635932457e+00
1.636181766218919620e+01,3.412669548139541043e+00
1.638182337810803091e+01,4.582743938125961591e+00
1.640182909402686562e+01,4.502491256161755828e+00
1.642183480994570033e+01,4.427800491389549009e+00
1.644184052586453504e+01,3.073732495371364060e+00
1.646184624178336620e+01,3.774864239612792716e+00
1.648185195770220091e+01,3.988468591060330581e+00
1.650185767362103562e+01,3.711344426235774208e+00
1.652186338953986677e+01,4.211257568079802560e+00
1.654186910545870148e+01,3.896249686597575757e+00
1.656187482137753619e+01,4.024933704259315626e+00
1.658188053729637090e+01,3.604134116055845105e+00
1.660188625321520561e+01,3.448783012035550932e+00
1.662189196913404032e+01,4.609261958976798468e+00
1.664189768505287148e+01,4.013397815040220529e+00
1.666190340097170619e+01,4.312234556168408339e+00
1.668190911689054090e+01,4.273433623492199018e+00
1.670191483280937561e+01,3.990739458145126761e+00
1.672192054872820677e+01,4.853978240547704104e+00
1.674192626464704148e+01,4.466357565513666472e+00
1.676193198056587619e+01,4.123721716122620506e+00
1.678193769648471090e+01,4.304646080268136998e+00
1.680194341240354561e+01,3.460785922247977098e+00
1.682194912832238032e+01,3.509352162492059612e+00
1.684195484424121148e+01,4.308768357469242360e+00
1.686196056016004619e+01,4.388477486301187724e+00
1.688196627607888090e+01,4.195512534769046731e+00
1.690197199199771205e+01,4.644567423628304326e+00
1.692197770791654676e+01,3.967767971639656110e+00
1.694198342383538147e+01,3.741067666444127138e+00
1.696198913975421618e+01,4.251918813017040222e+00
1.698199485567305089e+01,3.816777412697149874e+00
1.700200057159188560e+01,4.516798923989865600e+00
1.702200628751071676e+01,4.490785616577372963e+00
1.704201200342955147e+01,4.447774732455305191e+00
1.706201771934838618e+01,4.271944121876373401e+00
1.708202343526722089e+01,4.741512482117309801e+00
1.710202915118605205e+01,4.706459877314855156e+00
1.712203486710488676e+01,4.607517984548722190e+00
1.714204058302372147e+01,4.869976810338942030e+00
1.716204629894255618e+01,4.577056029595726550e+00
1.718205201486139089e+01,4.991344263269032133e+00
1.720205773078022204e+01,4.355541341500316577e+00
1.722206344669905675e+01,4.318930780478702935e+00
1.724206916261789146e+01,4.976278706491438442e+00
1.726207487853672617e+01,4.593082376832137825e+00
1.728208059445555733e+01,5.199366565861313738e+00
1.730208631037439204e+01,5.200564167024757545e+00
1.732209202629322675e+01,5.584342074094060138e+00
1.734209774221206146e+01,4.987280059848530733e+00
1.736210345813089617e+01,4.330147964015511164e+00
1.738210917404973088e+01,4.979413030322975331e+00
1.740211488996856204e+01,5.422909524541151605e+00
1.742212060588739675e+01,5.583946936178162623e+00
1.744212632180623146e+01,5.938205393144645683e+00
1.746213203772506262e+01,5.128719229586723216e+00
1.748213775364389733e+01,5.643966980738476025e+00
1.750214346956273204e+01,5.057082567487715785e+00
1.752214918548156675e+01,6.189172269209181287e+00
1.754215490140040146e+01,5.497934550074202065e+00
1.756216061731923617e+01,5.282480811267453724e+00
1.758216633323806732e+01,5.901679520506381671e+00
1.760217204915690203e+01,6.030344822872747201e+00
1.762217776507573674e+01,5.668946399416457282e+00
1.764218348099457145e+01,5.525403120618157971e+00
1.766218919691340261e+01,5.774536409983378249e+00
1.768219491283223732e+01,6.118002550706321152e+00
1.770220062875107203e+01,5.400209162792377171e+00
1.772220634466990674e+01,6.119263134669401083e+00
1.774221206058874145e+01,6.406478398038280453e+00
1.776221777650757616e+01,6.072372473942921012e+00
1.778222349242640732e+01,6.017899846538565356e+00
1.780222920834524203e+01,6.157982722570841005e+00
1.782223492426407674e+01,6.859188209157963456e+00
1.784224064018290790e+01,6.752080903034201498e+00
1.786224635610174261e+01,7.005393726974952884e+00
1.788225207202057732e+01,6.757096754557668561e+00
1.790225778793941203e+01,7.391127252404425363e+00
1.792226350385824674e+01,7.638051631227716243e+00
1.794226921977708145e+01,7.396899013284043534e+00
1.796227493569591260e+01,7.314574159720809376e+00
1.798228065161474731e+01,8.321954414177643145e+00
1.800228636753358202e+01,8.728298170410425882e+00
1.802229208345241318e+01,8.101399763910928087e+00
1.804229779937124789e+01,9.173738352694279286e+00
1.806230351529008260e+01,8.140499294560171961e+00
1.808230923120891731e+01,8.698198837299489838e+00
1.810231494712775202e+01,9.280482220568856633e+00
1.812232066304658673e+01,8.992744457729209273e+00
1.814232637896542144e+01,9.229869568977832728e+00
1.816233209488425260e+01,9.226847506916588060e+00
1.818233781080308731e+01,1.000716331313991603e+01
1.820234352672191847e+01,9.903062687342064407e+00
1.822234924264075318e+01,1.020406100206982458e+01
1.824235495855958789e+01,9.518082511700065140e+00
1.826236067447842260e+01,1.058196277977186739e+01
1.828236639039725731e+01,1.065243338566872211e+01
1.830237210631609202e+01,1.066012447743315761e+01
1.832237782223492673e+01,1.119874696228611910e+01
1.834238353815375788e+01,1.188336745319752730e+01
1.836238925407259259e+01,1.196058929404544813e+01
1.838239496999142730e+01,1.248740387957779951e+01
1.840240068591025846e+01,1.168300561480128508e+01
1.842240640182909317e+01,1.196345550721654760e+01
1.844241211774792788e+01,1.297394553484242330e+01
1.846241783366676259e+01,1.324014693497264616e+01
1.848242354958559730e+01,1.304526844240551142e+01
1.850242926550443201e+01,1.334531938212538726e+01
1.852243498142326672e+01,1.316897422834932208e+01
1.854244069734209788e+01,1.350232197658822741e+01
1.856244641326093259e+01,1.280855378420557855e+01
1.858245212917976374e+01,1.373322672812013323e+01
1.860245784509859845e+01,1.336871555189743610e+01
1.862246356101743316e+01,1.363388323400741342e+01
1.864246927693626787e+01,1.434950389648738067e+01
1.866247499285510258e+01,1.432148404980312328e+01
1.868248070877393729e+01,1.343945998749768123e+01
1.870248642469277200e+01,1.377904077709249009e+01
1.872249214061160316e+01,1.350868943670533362e+01
1.874249785653043787e+01,1.355269532265220533e+01
1.876250357244927258e+01,1.359827178539362968e+01
1.878250928836810374e+01,1.335976293032067019e+01
1.880251500428693845e+01,1.301726156422266811e+01
1.882252072020577316e+01,1.297057923782806910e+01
1.884252643612460787e+01,1.291057793393890307e+01
1.886253215204344258e+01,1.335432911952628743e+01
1.888253786796227729e+01,1.265971626270182071e+01
1.890254358388111200e+01,1.217249196515665943e+01
1.892254929979994316e+01,1.233491878634417205e+01
1.894255501571877787e+01,1.334334267370092064e+01
1.896256073163760902e+01,1.271545952354052389e+01
1.898256644755644373e+01,1.196406256659598100e+01
1.900257216347527844e+01,1.259932450696981121e+01
1.902257787939411315e+01,1.252949029084924781e+01
1.904258359531294786e+01,1.222253505261081408e+01
1.906258931123178257e+01,1.261533137201332799e+01
1.908259502715061728e+01,1.249127617570428939e+01
1.910260074306944844e+01,1.290230319745332999e+01
1.912260645898828315e+01,1.320584985820620894e+01
1.914261217490711431e+01,1.295893909152053425e+01
1.916261789082594902e+01,1.377018419375436764e+01
1.918262360674478373e+01,1.374125853864000035e+01
1.920262932266361844e+01,1.435759554407576033e+01
1.922263503858245315e+01,1.443450224158264383e+01
1.924264075450128786e+01,1.429742867384737437e+01
1.926264647042012257e+01,1.456909797983935562e+01
1.928265218633895373e+01,1.523969820791997165e+01
1.930265790225778844e+01,1.542251798943323138e+01
1.932266361817662315e+01,1.597473513084362295e+01
1.934266933409545430e+01,1.587791023400236057e+01
1.936267505001428901e+01,1.631188678216600607e+01
1.938268076593312372e+01,1.617247459791807174e+01
1.940268648185195843e+01,1.599330924690802647e+01
1.942269219777079314e+01,1.592840704059529244e+01
1.944269791368962785e+01,1.596575543085246451e+01
1.946270362960846256e+01,1.591195303093540048e+01
1.948270934552729372e+01,1.612688042246010411e+01
1.950271506144612843e+01,1.592432259325162747e+01
1.952272077736495959e+01,1.522979127246384223e+01
1.954272649328379430e+01,1.632057082135886716e+01
1.956273220920262901e+01,1.569155697455563114e+01
1.958273792512146372e+01,1.592838088542752750e+01
1.960274364104029843e+01,1.532550102716166052e+01
1.962274935695913314e+01,1.467205296550509530e+01
1.964275507287796785e+01,1.456276888881396303e+01
1.966276078879679901e+01,1.415092514849758842e+01
1.968276650471563372e+01,1.524055580222604078e+01
1.970277222063446487e+01,1.379347649299108269e+01
1.972277793655329958e+01,1.418110812967689682e+01
1.974278365247213429e+01,1.421386399918205257e+01
1.976278936839096900e+01,1.473983708401921788e+01
1.978279508430980371e+01,1.475381516727118481e+01
1.980280080022863842e+01,1.454063039078733865e+01
1.982280651614747313e+01,1.408536047396790636e+01
1.984281223206630784e+01,1.444739006842874929e+01
1.986281794798513900e+01,1.465568007825179819e+01
1.988282366390397371e+01,1.453122977595221244e+01
1.990282937982280487e+01,1.476258401880803284e+01
1.992283509574163958e+01,1.602372926201550385e+01
1.994284081166047429e+01,1.659822762286040998e+01
1.996284652757930900e+01,1.696677730226323888e+01
1.998285224349814371e+01,1.665659061560666743e+01
2.000285795941697842e+01,1.681438242209685541e+01
2.002286367533581313e+01,1.779080696668778216e+01
2.004286939125464428e+01,1.720532772827305124e+01
2.006287510717347899e+01,1.783345988309132935e+01
2.008288082309231015e+01,1.897435282967305881e+01
2.010288653901114486e+01,1.826584858541414746e+01
2.012289225492997957e+01,1.959704794301987363e+01
2.014289797084881428e+01,1.946284615844773569e+01
2.016290368676764899e+01,2.083515171396170018e+01
2.018290940268648370e+01,2.014188600272613883e+01
2.020291511860531841e+01,2.146491097159054462e+01
2.022292083452414957e+01,2.184441538416049866e+01
2.024292655044298428e+01,2.286664220427866923e+01
2.026293226636181899e+01,2.294943448261615870e+01
2.028293798228065015e+01,2.435828924078849766e+01
2.030294369819948486e+01,2.441651823004170296e+01
2.032294941411831957e+01,2.535834027616861164e+01
2.034295513003715428e+01,2.505729803821265378e+01
2.036296084595598899e+01,2.704637464880046238e+01
2.038296656187482370e+01,2.668596173458885801e+01
2.040297227779365841e+01,2.697135352640101047e+01
2.042297799371248956e+01,2.829366835658806423e+01
2.044298370963132427e+01,2.870322164482154648e+01
2.046298942555015543e+01,2.984829011986220237e+01
2.048299514146899014e+01,2.978097963386102975e+01
2.050300085738782485e+01,2.997607843548171758e+01
2.052300657330665956e+01,3.020171062875261114e+01
2.054301228922549427e+01,3.140707493592373822e+01
2.056301800514432898e+01,3.212410085636484069e+01
2.058302372106316369e+01,3.255912452091513387e+01
2.060302943698199485e+01,3.255318249809094766e+01
2.062303515290082956e+01,3.312113782880459922e+01
2.064304086881966072e+01,3.327376211334506451e+01
2.066304658473849543e+01,3.169403851372974401e+01
2.068305230065733014e+01,3.284927397397861881e+01
2.070305801657616485e+01,3.204193177273199922e+01
2.072306373249499956e+01,3.133001670674026684e+01
2.074306944841383427e+01,3.132620404340902098e+01
2.076307516433266898e+01,3.108138844197589634e+01
2.078308088025150369e+01,2.933891614615832921e+01
2.080308659617033484e+01,2.917279268808627535e+01
2.082309231208916955e+01,2.736916949631002893e+01
2.084309802800800071e+01,2.547999441550403787e+01
2.086310374392683542e+01,2.478143276066931122e+01
2.088310945984567013e+01,2.361723530976281538e+01
2.090311517576450484e+01,2.155920971757738869e+01
2.092312089168333955e+01,2.077254449185230456e+01
2.094312660760217426e+01,1.958446582542108416e+01
2.096313232352100897e+01,1.866989889710770711e+01
2.098313803943984013e+01,1.768739727131872286e+01
2.100314375535867484e+01,1.613098726362942159e+01
2.102314947127750600e+01,1.440052771137916565e+01
2.104315518719634071e+01,1.413956372546834572e+01
2.106316090311517542e+01,1.344277806890216631e+01
2.108316661903401013e+01,1.275237858112113720e+01
2.110317233495284484e+01,1.219264045252561601e+01
2.112317805087167955e+01,1.115512530938955571e+01
2.114318376679051426e+01,1.116910102923070269e+01
2.116318948270934541e+01,1.082719645372760375e+01
2.118319519862818012e+01,1.126058272589889420e+01
2.120320091454701483e+01,1.094359850396208067e+01
2.122320663046584599e+01,1.008824454036782470e+01
2.124321234638468070e+01,9.731890757670122127e+00
2.126321806230351541e+01,9.946846299279707537e+00
2.128322377822235012e+01,9.718629351146686801e+00
2.130322949414118483e+01,8.934867259053028477e+00
2.132323521006001954e+01,1.018487938571021090e+01
2.134324092597885425e+01,9.541057883636391068e+00
2.136324664189768541e+01,9.370129937191702396e+00
2.138325235781652012e+01,9.870899168793460632e+00
2.140325807373535127e+01,1.017077788078323763e+01
2.142326378965418598e+01,9.649559004286675901e+00
2.144326950557302069e+01,9.298090496832514873e+00
2.146327522149185540e+01,9.253964899501081476e+00
2.148328093741069011e+01,9.218468933859320202e+00
2.150328665332952482e+01,9.369710201386837412e+00
2.152329236924835953e+01,9.511709870279725365e+00
2.154329808516719069e+01,9.198096624203198957e+00
2.156330380108602540e+01,9.463414862032612618e+00
2.158330951700485656e+01,1.025826722294244675e+01
2.160331523292369127e+01,9.841900039474236195e+00
2.162332094884252598e+01,9.208774370321460623e+00
2.164332666476136069e+01,9.518897673193158937e+00
2.166333238068019540e+01,9.566315756348952704e+00
2.168333809659903011e+01,9.889208302822094510e+00
2.170334381251786482e+01,1.018326706666699089e+01
2.172334952843669598e+01,1.043312424216317780e+01
2.174335524435553069e+01,1.033056663911590434e+01
2.176336096027436540e+01,1.074694881474408348e+01
2.178336667619319655e+01,1.104619478705172142e+01
2.180337239211203126e+01,1.112255723251155715e+01
2.182337810803086597e+01,1.109117015133885786e+01
2.184338382394970068e+01,1.146997930026407175e+01
2.186338953986853539e+01,1.121660046173003167e+01
2.188339525578737010e+01,1.215295195447330379e+01
2.190340097170620481e+01,1.243997328926695012e+01
2.192340668762503597e+01,1.179940460296774773e+01
2.194341240354387068e+01,1.240756820910487335e+01
2.196341811946270184e+01,1.202382757539882974e+01
2.198342383538153655e+01,1.255134631979777993e+01
2.200342955130037126e+01,1.302112558887449723e+01
2.202343526721920597e+01,1.264205121274581600e+01
2.204344098313804068e+01,1.369794028729814528e+01
2.206344669905687539e+01,1.225788067195043851e+01
2.208345241497571010e+01,1.397063436641007073e+01
2.210345813089454126e+01,1.328269454007849859e+01
2.212346384681337597e+01,1.240842550881101403e+01
2.214346956273221068e+01,1.332549932400650938e+01
2.216347527865104183e+01,1.288909367161972419e+01
2.218348099456987654e+01,1.238065421419650569e+01
2.220348671048871125e+01,1.322411118180150424e+01
2.222349242640754596e+01,1.344154057489740239e+01
2.224349814232638067e+01,1.299114211932977803e+01
2.226350385824521538e+01,1.186366625168334821e+01
2.228350957416405009e+01,1.234769324620129716e+01
2.230351529008288125e+01,1.165880779107967058e+01
2.232352100600171596e+01,1.092799125727231768e+01
2.234352672192054712e+01,1.061256218028559140e+01
2.236353243783938183e+01,1.105839753706928263e+01
2.238353815375821654e+01,9.672460329024270109e+00
2.240354386967705125e+01,1.071396212646182455e+01
2.242354958559588596e+01,9.567767836919589541e+00
2.244355530151472067e+01,9.828717384377780419e+00
2.246356101743355538e+01,8.747889452911893571e+00
2.248356673335238654e+01,9.613845510428795649e+00
2.250357244927122125e+01,9.035647632562429976e+00
2.252357816519005240e+01,8.658521953406038918e+00
2.254358388110888711e+01,8.356498901503048415e+00
2.256358959702772182e+01,8.593563412795553802e+00
2.258359531294655653e+01,8.904547338260725198e+00
2.260360102886539124e+01,8.687907656688302893e+00
2.262360674478422595e+01,8.691876799754215455e+00
2.264361246070306066e+01,9.292508228804047477e+00
2.266361817662189182e+01,8.115415023848242981e+00
2.268362389254072653e+01,8.327709700208551169e+00
2.270362960845956124e+01,8.893752359148605180e+00
2.272363532437839240e+01,9.377990168945018468e+00
2.274364104029722711e+01,9.651736694471086508e+00
2.276364675621606182e+01,9.130801656157519375e+00
2.278365247213489653e+01,8.791765621812370313e+00
2.280365818805373124e+01,9.666043676806230778e+00
2.282366390397256595e+01,1.019176046511263145e+01
2.284366961989140066e+01,1.028160809134148757e+01
2.286367533581023181e+01,1.030593675723212499e+01
2.288368105172906652e+01,9.716913033544310352e+00
2.290368676764789768e+01,1.061423843872888462e+01
2.292369248356673239e+01,1.005724607873201393e+01
2.294369819948556710e+01,1.165974558262837490e+01
2.296370391540440181e+01,1.113103805219756204e+01
2.298370963132323652e+01,1.162218150358755864e+01
2.300371534724207123e+01,1.186135313982021344e+01
2.302372106316090594e+01,1.187835195294676716e+01
2.304372677907973710e+01,1.264702887145348598e+01
2.306373249499857181e+01,1.285976953754660812e+01
2.308373821091740652e+01,1.259405249617681122e+01
2.310374392683623768e+01,1.354855213897505450e+01
2.312374964275507239e+01,1.436097160238096748e+01
2.314375535867390710e+01,1.394852490406813672e+01
2.316376107459274181e+01,1.477826274057384737e+01
2.318376679051157652e+01,1.602373171645196237e+01
2.320377250643041123e+01,1.521816945446195213e+01
2.322377822234924594e+01,1.682437247156148175e+01
2.324378393826807709e+01,1.769482225142479592e+01
2.326378965418691180e+01,1.775835421826177551e+01
2.328379537010574296e+01,1.819584574493610774e+01
2.330380108602457767e+01,1.910327649179688692e+01
2.332380680194341238e+01,2.023346941369776530e+01
2.334381251786224709e+01,1.982454792861036807e+01
2.336381823378108180e+01,2.083979856644850059e+01
2.338382394969991651e+01,2.186242800147423893e+01
2.340382966561875122e+01,2.353835632395034594e+01
2.342383538153758238e+01,2.350797456440484723e+01
2.344384109745641709e+01,2.417878596423411253e+01
2.346384681337524825e+01,2.531043607159631748e+01
2.348385252929408296e+01,2.633603411560966734e+01
2.350385824521291767e+01,2.778309707279631624e+01
2.352386396113175238e+01,2.747185379573912556e+01
2.354386967705058709e+01,2.904952217242989576e+01
2.356387539296942180e+01,2.925800632055800321e+01
2.358388110888825651e+01,3.084434979457624593e+01
2.360388682480708766e+01,3.150376624508117729e+01
2.362389254072592237e+01,3.241472137639313189e+01
2.364389825664475708e+01,3.387340193932082144e+01
2.366390397256358824e+01,3.530250642940673345e+01
2.368390968848242295e+01,3.582819627360454717e+01
2.370391540440125766e+01,3.728481730513598791e+01
2.372392112032009237e+01,3.768970481084942037e+01
2.374392683623892708e+01,3.958674357136078470e+01
2.376393255215776179e+01,3.972452721673380438e+01
2.378393826807659650e+01,4.106553333021396668e+01
2.380394398399542766e+01,4.118945765584731333e+01
2.382394969991426237e+01,4.259958428093076321e+01
2.384395541583309353e+01,4.316406006124813644e+01
2.386396113175192824e+01,4.372226488544964695e+01
2.388396684767076295e+01,4.510129538690764406e+01
2.390397256358959766e+01,4.451323441840170858e+01
2.392397827950843237e+01,4.532371716532155403e+01
2.394398399542726708e+01,4.557222622893762320e+01
2.396398971134610179e+01,4.556835353336552430e+01
2.398399542726493294e+01,4.531063179093242610e+01
2.400400114318376765e+01,4.545955462559576432e+01
2.402400685910260236e+01,4.538851486989540263e+01
2.404401257502143352e+01,4.405390071274884178e+01
2.406401829094026823e+01,4.452871490966676760e+01
2.408402400685910294e+01,4.332403497739697684e+01
2.410402972277793765e+01,4.354675691631405243e+01
2.412403543869677236e+01,4.334204671183722724e+01
2.414404115461560707e+01,4.260491553751145943e+01
2.416404687053444178e+01,4.314387398995788203e+01
2.418405258645327294e+01,4.284561357430489892e+01
2.420405830237210765e+01,4.299654959066826621e+01
2.422406401829093880e+01,4.253370642000120228e+01
2.424406973420977351e+01,4.272478152312444166e+01
2.426407545012860822e+01,4.169837238069054308e+01
2.428408116604744293e+01,4.231502091077442174e+01
2.430408688196627764e+01,4.257178859163863649e+01
2.432409259788511235e+01,4.337139200093257330e+01
2.434409831380394706e+01,4.250447603104492345e+01
2.436410402972277822e+01,4.324527750889596689e+01
2.438410974564161293e+01,4.286104503898445728e+01
2.440411546156044409e+01,4.326295565458442383e+01
2.442412117747927880e+01,4.333278787559988388e+01
2.444412689339811351e+01,4.278855274888376670e+01
2.446413260931694822e+01,4.267680773491876778e+01
2.448413832523578293e+01,4.227141331071456420e+01
2.450414404115461764e+01,4.214245732444089754e+01
2.452414975707345235e+01,4.180865016378444921e+01
2.454415547299228351e+01,4.129130213003936944e+01
2.456416118891111822e+01,4.004952100157186123e+01
2.458416690482995293e+01,3.959266301221808959e+01
2.460417262074878408e+01,3.771036095322723014e+01
2.462417833666761879e+01,3.711175413712112459e+01
2.464418405258645350e+01,3.616318402657076092e+01
2.466418976850528821e+01,3.430247861482622085e+01
2.468419548442412292e+01,3.314765557365855386e+01
2.470420120034295763e+01,3.156568329904798276e+01
2.472420691626179234e+01,2.982756464446663003e+01
2.474421263218062350e+01,2.930341708616355589e+01
2.476421834809945821e+01,2.817088659447266608e+01
2.478422406401828937e+01,2.721644168814103182e+01
2.480422977993712408e+01,2.600148861010840307e+01
2.482423549585595879e+01,2.559488053971644916e+01
2.484424121177479350e+01,2.486181124997212777e+01
2.486424692769362821e+01,2.288108205152742158e+01
2.488425264361246292e+01,2.320987240493114001e+01
2.490425835953129763e+01,2.303132293488240379e+01
2.492426407545012879e+01,2.210962903910683153e+01
2.494426979136896350e+01,2.241328240667749228e+01
2.496427550728779821e+01,2.262404158357263384e+01
2.498428122320662936e+01,2.145959185395187419e+01
2.500428693912546407e+01,2.203101876897720501e+01
2.502429265504429878e+01,2.184244007968681345e+01
2.504429837096313349e+01,2.179834287169845553e+01
2.506430408688196820e+01,2.161861411308778713e+01
2.508430980280080291e+01,2.249222183360134153e+01
2.510431551871963762e+01,2.245334002938493256e+01
2.512432123463846878e+01,2.265913130728942448e+01
2.514432695055730349e+01,2.331240564072744803e+01
2.516433266647613465e+01,2.279277005199516992e+01
2.518433838239496936e+01,2.360194460999124288e+01
2.520434409831380407e+01,2.380636634333492196e+01
2.522434981423263878e+01,2.463996050847212516e+01
2.524435553015147349e+01,2.460209977623332378e+01
2.526436124607030820e+01,2.603460270483127204e+01
2.528436696198914291e+01,2.617658719505062237e+01
2.530437267790797407e+01,2.729870689747436430e+01
2.532437839382680878e+01,2.734295358519659658e+01
2.534438410974563993e+01,2.705815240869547011e+01
2.536438982566447464e+01,2.782178793346033530e+01
2.538439554158330935e+01,2.823417852179223075e+01
2.540440125750214406e+01,2.935097428900355254e+01
2.542440697342097877e+01,3.061428545911772403e+01
2.544441268933981348e+01,3.064440565226697544e+01
2.546441840525864819e+01,3.030632897166091411e+01
2.548442412117747935e+01,3.128737745715511664e+01
2.550442983709631406e+01,3.280461923070310348e+01
2.552443555301514877e+01,3.244399921451535107e+01
2.554444126893397993e+01,3.231212981594307365e+01
2.556444698485281464e+01,3.327453395228632615e+01
2.558445270077164935e+01,3.307140246429085551e+01
2.560445841669048406e+01,3.415301625617991732e+01
2.562446413260931877e+01,3.325885783500734760e+01
2.564446984852815348e+01,3.314245376893900641e+01
2.566447556444698819e+01,3.358216075151551649e+01
2.568448128036581934e+01,3.271620619486033377e+01
2.570448699628465405e+01,3.295669166916358961e+01
2.572449271220348521e+01,3.323053661897282751e+01
2.574449842812231992e+01,3.291243380756499448e+01
2.576450414404115463e+01,3.322049235117520993e+01
2.578450985995998934e+01,3.252137019734817613e+01
2.580451557587882405e+01,3.271022403875488749e+01
2.582452129179765876e+01,3.326404630881167890e+01
2.584452700771649347e+01,3.263548348720903647e+01
2.586453272363532463e+01,3.221488794512819709e+01
2.588453843955415934e+01,3.322142275497925112e+01
2.590454415547299405e+01,3.367919258759531687e+01
2.592454987139182521e+01,3.466117614170732253e+01
2.594455558731065992e+01,3.442228413177814161e+01
2.596456130322949463e+01,3.585147155175278755e+01
2.598456701914832934e+01,3.716675445085682838e+01
2.600457273506716405e+01,3.841346110545920567e+01
2.602457845098599520e+01,3.900200798310117278e+01
2.604458416690482991e+01,3.993454436762571902e+01
2.606458988282366462e+01,4.145293611306050252e+01
2.608459559874249933e+01,4.306801221013134295e+01
2.610460131466133404e+01,4.406999915008919544e+01
2.612460703058016520e+01,4.584044143253696291e+01
2.614461274649899991e+01,4.811026730653848915e+01
2.616461846241783462e+01,4.960654010260147118e+01
2.618462417833666933e+01,5.106046648652997533e+01
2.620462989425550404e+01,5.311489433062803300e+01
2.622463561017433520e+01,5.461108279478473548e+01
2.624464132609316991e+01,5.732800020463361079e+01
2.626464704201200462e+01,5.929089951386603730e+01
2.628465275793083933e+01,6.099509126231257738e+01
2.630465847384967049e+01,6.344856305879734748e+01
2.632466418976850520e+01,6.619299041058505395e+01
2.634466990568733991e+01,6.799517294675851531e+01
2.636467562160617462e+01,6.943453219708291613e+01
2.638468133752500933e+01,7.277800914280028621e+01
2.640468705344384048e+01,7.452034048852016213e+01
2.642469276936267519e+01,7.619193655998356007e+01
2.644469848528150990e+01,7.834789249765174191e+01
2.646470420120034461e+01,7.986030846723247123e+01
2.648470991711917932e+01,8.114141190015712368e+01
2.650471563303801048e+01,8.406564773876644381e+01
2.652472134895684519e+01,8.415294400482336812e+01
2.654472706487567990e+01,8.463530110005804374e+01
2.656473278079451461e+01,8.635203205502696733e+01
2.658473849671334932e+01,8.699976718074668725e+01
2.660474421263218048e+01,8.642108739046088317e+01
2.662474992855101519e+01,8.771293921578114805e+01
2.664475564446984990e+01,8.699800927634495906e+01
2.666476136038868461e+01,8.771792292926409118e+01
2.668476707630751577e+01,8.775606249916248203e+01
2.670477279222635048e+01,8.842781143937631327e+01
2.672477850814518519e+01,8.860516799914323371e+01
2.674478422406401990e+01,8.952149619926778712e+01
2.676478993998285461e+01,8.903268236516839806e+01
2.678479565590168576e+01,9.035684106743588018e+01
2.680480137182052047e+01,9.037258575577311603e+01
2.682480708773935518e+01,9.123895078893144728e+01
2.684481280365818989e+01,9.213139501258943653e+01
2.686481851957702460e+01,9.420667041124987406e+01
2.688482423549585576e+01,9.558704297686577434e+01
2.690482995141469047e+01,9.550102088812523959e+01
2.692483566733352518e+01,9.703165898879026940e+01
2.694484138325235989e+01,9.782263776150158208e+01
2.696484709917119105e+01,9.849870914301726543e+01
2.698485281509002576e+01,9.869313361402343787e+01
2.700485853100886047e+01,9.856804842445787074e+01
2.702486424692769518e+01,9.853075757643135546e+01
2.704486996284652989e+01,9.805433896467715726e+01
2.706487567876536104e+01,9.629231285233058202e+01
2.708488139468419575e+01,9.482063375573993369e+01
2.710488711060303046e+01,9.212037351128824980e+01
2.712489282652186517e+01,9.035855626870329615e+01
2.714489854244069988e+01,8.697562374909074379e+01
2.716490425835953104e+01,8.382413604870282597e+01
2.718490997427836575e+01,7.946585307974302737e+01
2.720491569019720046e+01,7.583098747770480941e+01
2.722492140611603517e+01,7.156885023336025142e+01
2.724492712203486633e+01,6.812085056936126648e+01
2.726493283795370104e+01,6.373247406322795428e+01
2.728493855387253575e+01,5.970137728432590762e+01
2.730494426979137046e+01,5.683201305311849438e+01
2.732494998571020517e+01,5.333306254573606964e+01
2.734495570162903633e+01,4.989269436233641386e+01
2.736496141754787104e+01,4.738615201543247935e+01
2.738496713346670575e+01,4.356731798706813663e+01
2.740497284938554046e+01,4.139762942584779637e+01
2.742497856530437517e+01,3.976266939579738136e+01
2.744498428122320632e+01,3.734639989377145497e+01
2.746498999714204103e+01,3.579888184742855373e+01
2.748499571306087574e+01,3.402554056796311244e+01
2.750500142897971045e+01,3.245918469313320998e+01
2.752500714489854516e+01,3.132142647920307610e+01
2.754501286081737632e+01,3.059603557837542098e+01
2.756501857673621103e+01,2.903488811377673073e+01
2.758502429265504574e+01,2.800350672662134599e+01
2.760503000857388045e+01,2.762421769603724542e+01
2.762503572449271161e+01,2.604254362362376440e+01
2.764504144041154632e+01,2.706215896785866093e+01
2.766504715633038103e+01,2.581544822763918390e+01
2.768505287224921574e+01,2.586061951402979275e+01
2.770505858816805045e+01,2.456297023390056822e+01
2.772506430408688161e+01,2.472820071516337137e+01
2.774507002000571632e+01,2.394140863411713838e+01
2.776507573592455103e+01,2.385645696365830304e+01
2.778508145184338574e+01,2.392338344385891347e+01
2.780508716776222045e+01,2.415447091856333373e+01
2.782509288368105160e+01,2.398009670609156174e+01
2.784509859959988631e+01,2.375132504622291663e+01
2.786510431551872102e+01,2.419068683859704194e+01
2.788511003143755573e+01,2.447970885954180176e+01
2.790511574735638689e+01,2.476799528915633886e+01
2.792512146327522160e+01,2.552789026753344714e+01
2.794512717919405631e+01,2.552515564305651452e+01
2.796513289511289102e+01,2.610751068173859579e+01
2.798513861103172573e+01,2.641322474279585464e+01
2.800514432695055689e+01,2.654742231393285223e+01
2.802515004286939160e+01,2.759811631203238846e+01
2.804515575878822631e+01,2.832648894157628661e+01
2.806516147470706102e+01,2.946742975387880392e+01
2.808516719062589573e+01,2.928735406696201693e+01
2.810517290654472689e+01,3.107004116966290752e+01
2.812517862246356160e+01,3.211946715263515273e+01
2.814518433838239631e+01,3.224387906582256846e+01
2.816519005430123102e+01,3.311526145802062615e+01
2.818519577022006217e+01,3.466702219942166607e+01
2.820520148613889688e+01,3.548683246499994937e+01
2.822520720205773159e+01,3.711902753802910127e+01
2.824521291797656630e+01,3.799910943204175595e+01
2.826521863389540101e+01,3.890073553488092273e+01
2.828522434981423217e+01,4.074877697757051465e+01
2.830523006573306688e+01,4.155776137616862798e+01
2.832523578165190159e+01,4.309001554112401067e+01
2.834524149757073630e+01,4.351698714465072726e+01
2.836524721348957101e+01,4.502617392964795329e+01
2.838525292940840217e+01,4.708827244501817688e+01
2.840525864532723688e+01,4.812898986897547360e+01
2.842526436124607159e+01,4.893785127652138556e+01
2.844527007716490630e+01,4.969735864563258332e+01
2.846527579308374101e+01,5.056599268435439143e+01
2.848528150900257216e+01,5.156856252538883467e+01
2.850528722492140687e+01,5.316471673275813004e+01
2.852529294084024158e+01,5.279775735610866150e+01
2.854529865675907629e+01,5.302594329102402071e+01
2.856530437267790745e+01,5.422407959593650162e+01
2.858531008859674216e+01,5.425330476783001643e+01
2.860531580451557687e+01,5.494793929053179937e+01
2.862532152043441158e+01,5.420887586972182959e+01
2.864532723635324629e+01,5.469912360266629037e+01
2.866533295227207745e+01,5.406378556253058321e+01
2.868533866819091216e+01,5.509778493661355014e+01
2.870534438410974687e+01,5.429873248166012445e+01
2.872535010002858158e+01,5.526123345124015174e+01
2.874535581594741629e+01,5.526346009321496666e+01
2.876536153186624745e+01,5.513278663261831980e+01
2.878536724778508216e+01,5.614691259757606190e+01
2.880537296370391687e+01,5.643948033692348076e+01
2.882537867962275158e+01,5.723787698966888371e+01
2.884538439554158273e+01,5.813594252177080079e+01
2.886539011146041744e+01,5.818985302690629169e+01
2.888539582737925215e+01,5.999598123927706439e+01
2.890540154329808686e+01,6.040155823643299726e+01
2.892540725921692157e+01,6.203750708973782224e+01
2.894541297513575273e+01,6.251878634205516505e+01
2.896541869105458744e+01,6.363725998679642260e+01
2.898542440697342215e+01,6.413526967780683208e+01
2.900543012289225686e+01,6.526842523930665152e+01
2.902543583881109157e+01,6.484496869132948405e+01
2.904544155472992273e+01,6.470456545920612257e+01
2.906544727064875744e+01,6.522405810854915842e+01
2.908545298656759215e+01,6.345424514056662701e+01
2.910545870248642686e+01,6.299945768854489359e+01
2.912546441840525802e+01,6.235565418514495661e+01
2.914547013432409273e+01,6.085632477198342372e+01
2.916547585024292744e+01,5.901222034913451608e+01
2.918548156616176215e+01,5.640801569262720250e+01
2.920548728208059686e+01,5.459689225997185247e+01
2.922549299799942801e+01,5.245080171735781960e+01
2.924549871391826272e+01,5.070238594437435609e+01
2.926550442983709743e+01,4.742221221548379617e+01
2.928551014575593214e+01,4.531310816875725322e+01
2.930551586167476685e+01,4.265529122651942373e+01
2.932552157759359801e+01,4.025364401355427901e+01
2.934552729351243272e+01,3.761645724716223782e+01
2.936553300943126743e+01,3.578430515171534410e+01
2.938553872535010214e+01,3.392756559286715401e+01
2.940554444126893330e+01,3.209274921916637879e+01
2.942555015718776801e+01,3.047328202224153415e+01
2.944555587310660272e+01,2.899608357727665719e+01
2.946556158902543743e+01,2.803177295868628960e+01
2.948556730494427214e+01,2.685265076350594171e+01
2.950557302086310330e+01,2.601487553817357679e+01
2.952557873678193801e+01,2.490925573785406755e+01
2.954558445270077272e+01,2.438889493109516593e+01
2.956559016861960743e+01,2.431745965818645061e+01
2.958559588453844214e+01,2.423856424013251143e+01
2.960560160045727329e+01,2.365714331372869239e+01
2.962560731637610800e+01,2.261563394142244476e+01
2.964561303229494271e+01,2.308220570682399497e+01
2.966561874821377742e+01,2.342628114130140915e+01
2.968562446413261213e+01,2.356088683073375023e+01
2.970563018005144329e+01,2.438212619384767521e+01
2.972563589597027800e+01,2.383642624468500060e+01
2.974564161188911271e+01,2.340335559967995138e+01
2.976564732780794742e+01,2.388651839312138492e+01
2.978565304372677858e+01,2.481272445879922373e+01
2.980565875964561329e+01,2.549021092268811373e+01
2.982566447556444800e+01,2.613323957536732678e+01
2.984567019148328271e+01,2.643613609861565905e+01
2.986567590740211742e+01,2.753284516461808096e+01
2.988568162332094857e+01,2.735762656396077119e+01
2.990568733923978328e+01,2.892548328660868862e+01
2.992569305515861799e+01,2.996971573366944241e+01
2.994569877107745270e+01,3.125187892245869037e+01
2.996570448699628741e+01,3.171601062705944685e+01
2.998571020291511857e+01,3.235850339299325640e+01
3.000571591883395328e+01,3.375852237860591742e+01
3.002572163475278799e+01,3.447811899666598379e+01
3.004572735067162270e+01,3.535925313239043533e+01
3.006573306659045386e+01,3.742128719041848939e+01
3.008573878250928857e+01,3.881096156744801817e+01
3.010574449842812328e+01,3.950162805196182347e+01
3.012575021434695799e+01,4.078699845670476520e+01
3.014575593026579270e+01,4.225036895419867733e+01
3.016576164618462386e+01,4.319091429344805988e+01
3.018576736210345857e+01,4.471372555496205337e+01
3.020577307802229328e+01,4.567482388845662911e+01
3.022577879394112799e+01,4.736833982041837743e+01
3.024578450985996270e+01,4.761298189005383819e+01
3.026579022577879385e+01,4.995493564706447387e+01
3.028579594169762856e+01,4.981557303655056046e+01
3.030580165761646327e+01,5.125111226799728570e+01
3.032580737353529798e+01,5.073365984545374374e+01
3.034581308945412914e+01,5.189748628596095159e+01
3.036581880537296385e+01,5.217278259759980585e+01
3.038582452129179856e+01,5.135460884501765833e+01
3.040583023721063327e+01,5.177361830707270229e+01
3.042583595312946798e+01,4.989915796375339596e+01
3.044584166904829914e+01,4.974239660499803506e+01
3.046584738496713385e+01,4.851961177673817360e+01
3.048585310088596856e+01,4.780954206301890963e+01
3.050585881680480327e+01,4.632717331429301311e+01
3.052586453272363798e+01,4.328699945813723104e+01
3.054587024864246914e+01,4.206168122447263613e+01
3.056587596456130385e+01,4.081033846129480480e+01
3.058588168048013856e+01,3.984310445137747791e+01
3.060588739639897327e+01,3.773548863259374286e+01
3.062589311231780798e+01,3.647436669501951911e+01
3.064589882823663913e+01,3.600599779768050723e+01
3.066590454415547384e+01,3.459550630382072711e+01
3.068591026007430855e+01,3.343222812296125568e+01
3.070591597599314326e+01,3.389571725893121368e+01
3.072592169191197442e+01,3.356502516060107411e+01
3.074592740783080913e+01,3.310174019918345323e+01
3.076593312374964384e+01,3.347060774858662313e+01
3.078593883966847855e+01,3.367311556283920737e+01
3.080594455558731326e+01,3.327534675623854810e+01
3.082595027150614442e+01,3.459662665011905602e+01
3.084595598742497913e+01,3.457039215237273311e+01
3.086596170334381384e+01,3.505804686361611289e+01
3.088596741926264855e+01,3.618832239256947503e+01
3.090597313518148326e+01,3.770147594838157090e+01
3.092597885110031442e+01,3.797940653298847025e+01
3.094598456701914913e+01,3.928511204581239014e+01
3.096599028293798384e+01,4.093928488401757448e+01
3.098599599885681855e+01,4.255081120605598244e+01
3.100600171477564970e+01,4.367787623196532820e+01
3.102600743069448441e+01,4.544238862212013430e+01
3.104601314661331912e+01,4.709806731474347430e+01
3.106601886253215383e+01,4.830942121227896280e+01
3.108602457845098854e+01,4.990756359407695442e+01
3.110603029436981970e+01,5.300222654717205018e+01
3.112603601028865441e+01,5.546804177510099976e+01
3.114604172620748912e+01,5.699083663611870065e+01
3.116604744212632383e+01,5.967739086626066580e+01
3.118605315804515854e+01,6.148191328512889697e+01
3.120605887396398970e+01,6.347025931704605739e+01
3.122606458988282441e+01,6.624861745745445774e+01
3.124607030580165912e+01,6.814698942034250706e+01
3.126607602172049383e+01,7.106890119519154325e+01
3.128608173763932498e+01,7.336402576696377764e+01
3.130608745355815969e+01,7.502009197093411785e+01
3.132609316947699440e+01,7.722251535004717482e+01
3.134609888539582911e+01,7.859486662785256783e+01
3.136610460131466382e+01,8.023368983933210075e+01
3.138611031723349498e+01,8.141319472256309098e+01
3.140611603315232969e+01,8.171344795660968430e+01
3.142612174907116440e+01,8.180801300052186775e+01
3.144612746498999911e+01,8.212165962850167489e+01
3.146613318090883382e+01,8.091202084340703493e+01
3.148613889682766498e+01,8.020865945545097020e+01
3.150614461274649969e+01,7.876591992795084707e+01
3.152615032866533440e+01,7.604051189374050068e+01
3.154615604458416911e+01,7.306610805594516478e+01
3.156616176050300382e+01,7.065995080730996847e+01
3.158616747642183498e+01,6.778618085793381454e+01
3.160617319234066969e+01,6.429944593530532870e+01
3.162617890825950440e+01,5.912172585596854191e+01
3.164618462417833911e+01,5.658795888297676413e+01
3.166619034009717026e+01,5.202855108565854181e+01
3.168619605601600497e+01,4.790596924305682336e+01
3.170620177193483968e+01,4.534827719317814854e+01
3.172620748785367439e+01,4.193174645529207112e+01
3.174621320377250910e+01,3.923822030309408149e+01
3.176621891969134026e+01,3.697805859854865673e+01
3.178622463561017497e+01,3.435990445374945068e+01
3.180623035152900968e+01,3.174660679789241868e+01
3.182623606744784439e+01,3.003376743435779517e+01
3.184624178336667910e+01,2.771165331777516627e+01
3.186624749928551026e+01,2.642852288115325976e+01
3.188625321520434497e+01,2.437753821619959638e+01
3.190625893112317968e+01,2.367639130629920885e+01
3.192626464704201439e+01,2.180808954668770738e+01
3.194627036296084555e+01,2.122930429458489243e+01
3.196627607887968026e+01,1.959308249524995915e+01
3.198628179479851497e+01,1.853323817456999123e+01
3.200628751071734968e+01,1.889682801593137995e+01
3.202629322663618439e+01,1.719104615704867101e+01
3.204629894255501199e+01,1.650526258878013763e+01
3.206630465847385381e+01,1.543731886127829256e+01
3.208631037439268141e+01,1.525512041713846401e+01
3.210631609031152323e+01,1.547063652400458444e+01
3.212632180623035083e+01,1.525887044016913663e+01
3.214632752214918554e+01,1.453169982071652910e+01
3.216633323806802025e+01,1.323150838553874031e+01
3.218633895398685496e+01,1.348794939674642812e+01
3.220634466990568967e+01,1.303138734287938583e+01
3.222635038582451728e+01,1.289078942033608755e+01
3.224635610174335909e+01,1.217430036647807867e+01
3.226636181766218670e+01,1.247234683318483306e+01
3.228636753358102851e+01,1.217728748771989089e+01
3.230637324949985612e+01,1.239795254224903154e+01
3.232637896541869083e+01,1.162081238007333006e+01
3.234638468133752554e+01,1.111305381118129709e+01
3.236639039725636025e+01,1.214005700861673631e+01
3.238639611317519496e+01,1.118903248592676292e+01
3.240640182909402967e+01,1.144097617399645728e+01
3.242640754501286438e+01,1.116070939361729231e+01
3.244641326093169198e+01,1.044198761924370089e+01
3.246641897685053380e+01,1.086122160065145614e+01
3.248642469276936140e+01,1.103055612661764506e+01
3.250643040868819611e+01,1.180972413292401946e+01
3.252643612460703082e+01,1.155635399856738132e+01
3.254644184052586553e+01,1.098588491033510728e+01
3.256644755644470024e+01,1.159056433468372660e+01
3.258645327236353495e+01,1.089049346254194894e+01
3.260645898828236966e+01,1.173707983827733869e+01
3.262646470420119726e+01,1.050628039069030528e+01
3.264647042012003908e+01,1.126937425218467403e+01
3.266647613603886668e+01,1.167856581488608469e+01
3.268648185195770850e+01,1.047933064343396303e+01
3.270648756787653610e+01,1.143395878125685883e+01
3.272649328379537081e+01,1.163437708311829155e+01
3.274649899971420552e+01,1.125381691951540120e+01
3.276650471563304023e+01,1.083818762294639271e+01
3.278651043155187494e+01,1.126104059200464391e+01
3.280651614747070255e+01,1.140752400869894601e+01
3.282652186338954436e+01,1.062836276773702338e+01
3.284652757930837197e+01,1.125196912055184129e+01
3.286653329522721378e+01,1.069527809299434651e+01
3.288653901114604139e+01,1.042527690712362798e+01
3.290654472706487610e+01,1.081872101934941988e+01
3.292655044298371081e+01,9.884881301734273151e+00
3.294655615890254552e+01,9.790955896932953095e+00
3.296656187482138023e+01,9.856289935910186983e+00
3.298656759074020783e+01,1.027397014280578702e+01
3.300657330665904965e+01,1.037173283139686042e+01
3.302657902257787725e+01,1.018807614398369310e+01
3.304658473849671907e+01,9.873764758468905001e+00
3.306659045441554667e+01,9.998391127251178290e+00
3.308659617033438138e+01,9.467417749141313621e+00
3.310660188625321609e+01,1.055297448585730891e+01
3.312660760217205080e+01,1.053107221528183324e+01
3.314661331809088551e+01,9.383242142479819137e+00
3.316661903400971312e+01,9.389117295886769909e+00
3.318662474992855493e+01,9.470247998669442779e+00
3.320663046584738254e+01,9.549614971014310782e+00
3.322663618176622435e+01,9.463762332291370427e+00
3.324664189768505196e+01,9.581193711327284035e+00
3.326664761360388667e+01,9.468420046715529281e+00
3.328665332952272138e+01,9.628525043664724947e+00
3.330665904544155609e+01,9.403348229216279108e+00
3.332666476136039080e+01,8.799154497462730262e+00
3.334667047727922551e+01,9.571470661191039397e+00
3.336667619319806022e+01,9.720096695092511396e+00
3.338668190911688782e+01,9.203952517018397117e+00
3.340668762503572964e+01,1.023429907770797342e+01
3.342669334095455724e+01,1.001370562560951960e+01
3.344669905687339195e+01,1.001818486422029864e+01
3.346670477279222666e+01,9.818694975556789828e+00
3.348671048871106137e+01,1.072911276446299311e+01
3.350671620462989608e+01,9.878563495074995870e+00
3.352672192054873079e+01,1.107112348097422583e+01
3.354672763646756550e+01,1.082588141707289608e+01
3.356673335238639311e+01,1.153002746133337908e+01
3.358673906830523492e+01,1.063680224905143668e+01
3.360674478422406253e+01,1.205577934419967079e+01
3.362675050014290434e+01,1.219062579368967292e+01
3.364675621606173195e+01,1.208334669385322613e+01
3.366676193198056666e+01,1.325073530706480618e+01
3.368676764789940137e+01,1.356888369431453256e+01
3.370677336381823608e+01,1.361024641814751845e+01
3.372677907973707079e+01,1.381460745345521879e+01
3.374678479565589839e+01,1.404264954472776061e+01
3.376679051157474021e+01,1.376383085517102600e+01
3.378679622749356781e+01,1.456071075616534927e+01
3.380680194341240963e+01,1.486266015354508596e+01
3.382680765933123723e+01,1.514071795299353340e+01
3.384681337525007194e+01,1.518677564621479803e+01
3.386681909116890665e+01,1.640031903675125236e+01
3.388682480708774136e+01,1.639407630720194931e+01
3.390683052300657607e+01,1.678366290784704873e+01
3.392683623892540368e+01,1.761675491999724130e+01
3.394684195484424549e+01,1.682154316436739805e+01
3.396684767076307310e+01,1.702758826063994135e+01
3.398685338668191491e+01,1.751958840959055408e+01
3.400685910260074252e+01,1.763499495881055523e+01
3.402686481851957723e+01,1.674618985914364089e+01
3.404687053443841194e+01,1.700023902828336020e+01
3.406687625035724665e+01,1.713959650310572869e+01
3.408688196627608136e+01,1.682270508407643916e+01
3.410688768219490896e+01,1.726104633075767225e+01
3.412689339811375078e+01,1.708063302187857246e+01
3.414689911403257838e+01,1.675895734072265242e+01
3.416690482995142020e+01,1.707670268475184017e+01
3.418691054587024780e+01,1.634017034596596574e+01
3.420691626178908251e+01,1.684872831274234528e+01
3.422692197770791722e+01,1.670162804819807079e+01
3.424692769362675193e+01,1.693896920365499525e+01
3.426693340954558664e+01,1.768136545951758976e+01
3.428693912546442135e+01,1.709261549136701674e+01
3.430694484138325606e+01,1.666499027558579726e+01
3.432695055730208367e+01,1.821217338511050698e+01
3.434695627322092548e+01,1.839288551265282834e+01
3.436696198913975309e+01,1.924392736864949072e+01
3.438696770505858780e+01,1.888898965913466910e+01
3.440697342097742251e+01,1.890895221969454099e+01
3.442697913689625722e+01,1.897556020970471025e+01
3.444698485281509193e+01,2.003899932415477281e+01
3.446699056873392664e+01,2.123802487927110150e+01
3.448699628465276135e+01,2.058991514591981087e+01
3.450700200057158895e+01,2.221873126472955562e+01
3.452700771649043077e+01,2.179980621831821352e+01
3.454701343240925837e+01,2.305642197358314860e+01
3.456701914832810019e+01,2.396136466647071472e+01
3.458702486424692779e+01,2.398091347705597087e+01
3.460703058016576250e+01,2.369993055805401383e+01
3.462703629608459721e+01,2.538035947755841448e+01
3.464704201200343192e+01,2.494523328669144391e+01
3.466704772792226663e+01,2.562316656898696721e+01
3.468705344384109424e+01,2.536903373651150773e+01
3.470705915975993605e+01,2.531752061713905988e+01
3.472706487567876366e+01,2.481678425950092048e+01
3.474707059159760547e+01,2.559790955924149358e+01
3.476707630751643308e+01,2.528035098910560663e+01
3.478708202343526779e+01,2.490715908372637699e+01
3.480708773935410250e+01,2.513323611622431031e+01
3.482709345527293721e+01,2.495141215838295778e+01
3.484709917119177192e+01,2.512175687244182143e+01
3.486710488711059952e+01,2.464212038654025250e+01
3.488711060302944134e+01,2.455730712834046869e+01
3.490711631894826894e+01,2.447659385530082332e+01
3.492712203486711076e+01,2.490195509058005996e+01
3.494712775078593836e+01,2.587076124989562231e+01
3.496713346670477307e+01,2.535623247551849602e+01
3.498713918262360778e+01,2.626132379582056231e+01
3.500714489854244249e+01,2.624323422588523869e+01
3.502715061446127720e+01,2.721123953855826727e+01
3.504715633038010481e+01,2.782332272725874134e+01
3.506716204629894662e+01,2.756744409753813585e+01
3.508716776221777423e+01,2.949746393472032224e+01
3.510717347813661604e+01,3.004874405316424557e+01
3.512717919405544365e+01,3.044578302015754900e+01
3.514718490997427836e+01,3.066440114237287418e+01
3.516719062589311307e+01,3.153018560481829979e+01
3.518719634181194778e+01,3.317833989127110783e+01
3.520720205773078249e+01,3.305411949520750170e+01
3.522720777364961720e+01,3.390018437044695787e+01
3.524721348956845191e+01,3.512399887802142473e+01
3.526721920548727951e+01,3.523836907075071423e+01
3.528722492140612133e+01,3.500266525528564898e+01
3.530723063732494893e+01,3.536187086666915036e+01
3.532723635324378364e+01,3.524772543290526983e+01
3.534724206916261835e+01,3.527385897323835451e+01
3.536724778508145306e+01,3.567658760435633525e+01
3.538725350100028777e+01,3.495816167731582169e+01
3.540725921691912248e+01,3.453180400125507532e+01
3.542726493283795719e+01,3.428837129045025023e+01
3.544727064875678479e+01,3.387127125731382193e+01
3.546727636467562661e+01,3.227680281081546809e+01
3.548728208059445421e+01,3.104795130189325292e+01
3.550728779651329603e+01,3.057860618328780333e+01
3.552729351243212363e+01,2.964449612815402801e+01
3.554729922835095834e+01,2.869756001082967956e+01
3.556730494426979305e+01,2.682680353533162076e+01
3.558731066018862776e+01,2.620841396445890226e+01
3.560731637610746247e+01,2.577436698874759458e+01
3.562732209202629008e+01,2.494798221811452521e+01
3.564732780794513189e+01,2.471402488871038372e+01
3.566733352386395950e+01,2.451521022537900762e+01
3.568733923978280131e+01,2.369491149634875171e+01
3.570734495570162892e+01,2.353323535384144805e+01
3.572735067162046363e+01,2.354008101791683316e+01
3.574735638753929834e+01,2.387326488052110918e+01
3.576736210345813305e+01,2.467009151875739192e+01
3.578736781937696776e+01,2.460022257862478412e+01
3.580737353529579536e+01,2.557793496589394522e+01
3.582737925121463718e+01,2.580967424681115574e+01
3.584738496713346478e+01,2.617911530295003786e+01
3.586739068305230660e+01,2.678133939578418676e+01
3.588739639897113420e+01,2.772917402717854785e+01
3.590740211488996891e+01,2.804880601738936008e+01
3.592740783080880362e+01,2.819792088718536860e+01
3.594741354672763833e+01,2.844663571613195785e+01
3.596741926264647304e+01,2.911196014517667408e+01
3.598742497856530065e+01,2.989489560733830587e+01
3.600743069448414246e+01,2.985949634799110441e+01
3.602743641040297007e+01,3.036745968029969589e+01
3.604744212632181188e+01,2.964463694763302470e+01
3.606744784224063949e+01,2.993834272290985865e+01
3.608745355815947420e+01,2.920993533055701619e+01
3.610745927407830891e+01,2.893597933473767014e+01
3.612746498999714362e+01,2.779166956861853066e+01
3.614747070591597833e+01,2.712845101209658338e+01
3.616747642183481304e+01,2.596054341630687645e+01
3.618748213775364775e+01,2.544441130804974449e+01
3.620748785367247535e+01,2.494558511666537726e+01
3.622749356959131717e+01,2.471115631903519017e+01
3.624749928551014477e+01,2.253142804624653905e+01
3.626750500142897948e+01,2.246982192954436641e+01
3.628751071734781419e+01,2.236164124947219634e+01
3.630751643326664890e+01,2.132735535351712031e+01
3.632752214918548361e+01,2.083817119451067867e+01
3.634752786510431832e+01,1.973368841962438935e+01
3.636753358102315303e+01,1.951895196157706636e+01
3.638753929694198064e+01,1.935463215233339085e+01
3.640754501286082245e+01,1.865225133680307934e+01
3.642755072877965006e+01,1.880911300311527512e+01
3.644755644469849187e+01,1.913760485131667366e+01
3.646756216061731948e+01,1.933511939498658805e+01
3.648756787653615419e+01,1.870906528253892631e+01
3.650757359245498890e+01,1.904621898025389015e+01
3.652757930837382361e+01,1.889983801698799937e+01
3.654758502429265832e+01,1.995874609893040486e+01
3.656759074021148592e+01,1.991373520863949054e+01
3.658759645613032774e+01,2.114820091983700934e+01
3.660760217204915534e+01,1.987369860821725354e+01
3.662760788796799716e+01,2.143395276258349469e+01
3.664761360388682476e+01,2.092662844192606286e+01
3.666761931980565947e+01,2.158274095065047860e+01
3.668762503572449418e+01,2.203995410092410623e+01
3.670763075164332889e+01,2.253587761923434130e+01
3.672763646756216360e+01,2.223620142915469700e+01
3.674764218348099121e+01,2.245048449250583289e+01
3.676764789939983302e+01,2.293803205892659847e+01
3.678765361531866063e+01,2.323951015215636318e+01
3.680765933123750244e+01,2.331745901208266503e+01
3.682766504715633005e+01,2.283587034580033759e+01
3.684767076307516476e+01,2.330976651112995768e+01
3.686767647899399947e+01,2.432499695745387314e+01
3.688768219491283418e+01,2.360689380832627648e+01
3.690768791083166889e+01,2.344442583147592885e+01
3.692769362675049649e+01,2.330927666210075699e+01
3.694769934266933831e+01,2.264124427926464733e+01
3.696770505858816591e+01,2.203844918545715359e+01
3.698771077450700773e+01,2.131529830765382627e+01
3.700771649042583533e+01,2.146783785560687363e+01
3.702772220634467004e+01,2.117912793619036904e+01
3.704772792226350475e+01,1.966504951488290232e+01
3.706773363818233946e+01,1.923168280600300051e+01
3.708773935410117417e+01,1.836526692410147632e+01
3.710774507002000888e+01,1.793347317835815602e+01
3.712775078593884359e+01,1.719909227244772865e+01
3.714775650185767120e+01,1.582003679843187527e+01
3.716776221777651301e+01,1.642483622080285244e+01
3.718776793369534062e+01,1.528015810295440957e+01
3.720777364961417533e+01,1.422018994930339097e+01
3.722777936553301004e+01,1.359445280003436096e+01
3.724778508145184475e+01,1.448111719197801861e+01
3.726779079737067946e+01,1.376956331904372455e+01
3.728779651328951417e+01,1.298136180670305251e+01
3.730780222920834888e+01,1.368201230932046286e+01
3.732780794512717648e+01,1.373516132451210936e+01
3.734781366104601830e+01,1.252867453924418228e+01
3.736781937696484590e+01,1.241939769727579090e+01
3.738782509288368772e+01,1.237422894692795694e+01
3.740783080880251532e+01,1.251517005835775365e+01
3.742783652472135003e+01,1.326922559050815309e+01
3.744784224064018474e+01,1.279953800077616854e+01
3.746784795655901945e+01,1.226234802596960627e+01
3.748785367247785416e+01,1.375997070517587417e+01
3.750785938839668177e+01,1.303719977016723242e+01
3.752786510431552358e+01,1.349258867982349130e+01
3.754787082023435119e+01,1.290619623772905733e+01
3.756787653615319300e+01,1.405631729070205083e+01
3.758788225207202061e+01,1.437248542779431482e+01
3.760788796799085532e+01,1.398657191757220986e+01
3.762789368390969003e+01,1.408419872408864748e+01
3.764789939982852474e+01,1.460721002443350258e+01
3.766790511574735945e+01,1.540898494718317480e+01
3.768791083166618705e+01,1.586317131641647293e+01
3.770791654758502887e+01,1.604179349580986269e+01
3.772792226350385647e+01,1.718675932115911920e+01
3.774792797942269829e+01,1.842044154177636273e+01
3.776793369534152589e+01,1.816149595268540651e+01
3.778793941126036060e+01,1.789340219830222267e+01
3.780794512717919531e+01,1.951135165013081973e+01
3.782795084309803002e+01,2.006964554126713551e+01
3.784795655901686473e+01,1.994329651005761406e+01
3.786796227493569234e+01,2.053800801901715545e+01
3.788796799085453415e+01,2.094338978017189135e+01
3.790797370677336176e+01,2.062530159172624167e+01
3.792797942269220357e+01,2.169321713406412044e+01
3.794798513861103118e+01,2.065556105584715141e+01
3.796799085452986589e+01,2.143474126052728224e+01
3.798799657044870060e+01,2.188727561959278489e+01
3.800800228636753531e+01,2.088260627850536011e+01
3.802800800228637002e+01,2.115713739466848864e+01
3.804801371820520473e+01,2.024905677267972237e+01
3.806801943412403944e+01,2.001631911491089255e+01
3.808802515004286704e+01,1.929438141021196529e+01
3.810803086596170886e+01,1.974458674576142414e+01
3.812803658188053646e+01,1.942643777064613531e+01
3.814804229779937117e+01,1.867331925093003875e+01
3.816804801371820588e+01,1.809703721968818968e+01
3.818805372963704059e+01,1.722670271526958174e+01
3.820805944555587530e+01,1.730009243441642397e+01
3.822806516147471001e+01,1.639789077649631110e+01
3.824807087739354472e+01,1.516718581719911185e+01
3.826807659331237232e+01,1.514318918812478465e+01
3.828808230923121414e+01,1.453366880728229127e+01
3.830808802515004174e+01,1.437204292521932736e+01
3.832809374106888356e+01,1.415468959149394479e+01
3.834809945698771116e+01,1.350948852937391820e+01
3.836810517290654587e+01,1.392002004512447577e+01
3.838811088882538058e+01,1.402934514465210825e+01
3.840811660474421529e+01,1.372117799790829373e+01
3.842812232066305000e+01,1.374349980359611223e+01
3.844812803658187761e+01,1.480246274429781828e+01
3.846813375250071942e+01,1.412701118027007041e+01
3.848813946841954703e+01,1.367135917407485479e+01
3.850814518433838884e+01,1.447215395939828042e+01
3.852815090025721645e+01,1.509842443683510460e+01
3.854815661617605116e+01,1.578156330593656342e+01
3.856816233209488587e+01,1.585850836068216907e+01
3.858816804801372058e+01,1.641118249616152980e+01
3.860817376393255529e+01,1.711453904027131756e+01
3.862817947985138289e+01,1.757012631786555090e+01
3.864818519577022471e+01,1.705823899167301150e+01
3.866819091168905231e+01,1.777881686015389562e+01
3.868819662760789413e+01,1.963599625866981313e+01
3.870820234352672173e+01,2.020347531574751798e+01
3.872820805944555644e+01,1.979527579964056727e+01
3.874821377536439115e+01,1.985291723971573674e+01
3.876821949128322586e+01,2.169398837133608637e+01
3.878822520720206057e+01,2.258737127146924450e+01
3.880823092312088818e+01,2.326269154896432667e+01
3.882823663903972999e+01,2.263255910009734606e+01
3.884824235495855760e+01,2.567816130590635737e+01
3.886824807087739941e+01,2.589918354136191425e+01
3.888825378679622702e+01,2.470662677217687886e+01
3.890825950271506173e+01,2.649030338739775559e+01
3.892826521863389644e+01,2.830045809172393945e+01
3.894827093455273115e+01,2.866429188924292148e+01
3.896827665047156586e+01,2.691681764320872006e+01
3.898828236639040057e+01,2.749982176592462224e+01
3.900828808230923528e+01,2.918666103142846424e+01
3.902829379822806288e+01,2.954455867377379263e+01
3.904829951414690470e+01,2.755734934414040538e+01
3.906830523006573230e+01,2.781418524351179400e+01
3.908831094598456701e+01,2.946344733731523036e+01
3.910831666190340172e+01,2.971741209422604868e+01
3.912832237782223643e+01,2.697965389456793872e+01
3.914832809374107114e+01,2.683713000807517091e+01
3.916833380965990585e+01,2.918647786850604220e+01
3.918833952557874056e+01,3.000301473904882954e+01
3.920834524149756817e+01,2.751559096437039642e+01
3.922835095741640998e+01,2.804515283387593882e+01
3.924835667333523759e+01,3.109032742538417793e+01
3.926836238925407940e+01,3.155756609605369789e+01
3.928836810517290701e+01,2.889492039911120713e+01
3.930837382109174172e+01,3.040858129230924334e+01
3.932837953701057643e+01,3.353671178532067643e+01
3.934838525292941114e+01,3.506740061471053593e+01
3.936839096884824585e+01,3.181221419014326912e+01
3.938839668476707345e+01,3.364286948123391596e+01
3.940840240068591527e+01,3.844698575638216909e+01
3.942840811660474287e+01,4.095076560648125508e+01
3.944841383252358469e+01,3.572337209789798607e+01
3.946841954844241229e+01,3.810806575199598001e+01
3.948842526436124700e+01,4.400595480409431559e+01
3.950843098028008171e+01,4.620702418082262852e+01
3.952843669619891642e+01,3.941140656944980947e+01
3.954844241211775113e+01,4.400960520743768711e+01
3.956844812803657874e+01,5.015490500748445868e+01
3.958845384395542055e+01,5.219539718659724059e+01
3.960845955987424816e+01,4.203795942783595763e+01
3.962846527579308997e+01,4.787778274894514396e+01
3.964847099171191758e+01,5.586784462120775174e+01
3.966847670763075229e+01,5.713466974134662024e+01
3.968848242354958700e+01,4.357483478260144238e+01
3.970848813946842171e+01,5.233040686780753958e+01
3.972849385538725642e+01,6.054772842078568118e+01
3.974849957130608402e+01,6.098977479118908462e+01
3.976850528722492584e+01,4.265351046754980047e+01
3.978851100314375344e+01,5.573476160119175660e+01
3.980851671906259526e+01,6.476794914037203910e+01
3.982852243498142286e+01,6.480240935386432000e+01
3.984852815090025757e+01,4.134675068413680776e+01
3.986853386681909228e+01,5.842087125615228160e+01
3.988853958273792699e+01,6.727482411021576070e+01
3.990854529865676170e+01,6.691670107632080544e+01
3.992855101457559641e+01,3.965782969195173280e+01
3.994855673049443112e+01,6.015488031815546321e+01
3.996856244641325873e+01,6.697683896856626973e+01
3.998856816233210054e+01,6.596928599235796753e+01
4.000857387825092815e+01,3.655669472312554547e+01
4.002857959416976286e+01,5.994766327642812342e+01
4.004858531008859757e+01,6.389753961464403886e+01
4.006859102600743228e+01,6.278967826573334321e+01
4.008859674192626699e+01,3.604748015958585228e+01
4.010860245784510170e+01,5.713877858574269908e+01
4.012860817376393641e+01,5.950289069197981462e+01
4.014861388968276401e+01,5.802756394792351102e+01
4.016861960560160583e+01,3.546213106628421485e+01
4.018862532152043343e+01,5.333072982139697160e+01
4.020863103743927525e+01,5.505096554346079074e+01
4.022863675335810285e+01,5.421465382708105096e+01
4.024864246927693756e+01,3.778584265512706253e+01
4.026864818519577227e+01,5.102457166851459647e+01
4.028865390111460698e+01,5.182619979708530877e+01
4.030865961703344169e+01,5.097946170953112244e+01
4.032866533295226930e+01,4.009337200365151688e+01
4.034867104887111111e+01,4.956108740884903341e+01
4.036867676478993872e+01,5.111560168619525513e+01
4.038868248070878053e+01,5.031937231797417809e+01
4.040868819662760814e+01,4.234162117073447007e+01
4.042869391254644285e+01,4.895548503955595265e+01
4.044869962846527756e+01,4.933832488077598555e+01
4.046870534438411227e+01,4.815659760649846532e+01
4.048871106030294698e+01,4.132849756945168451e+01
4.050871677622177458e+01,4.531776344018062730e+01
4.052872249214061640e+01,4.514625621746063189e+01
4.054872820805944400e+01,4.449590639916027612e+01
4.056873392397828582e+01,3.965912337923118258e+01
4.058873963989711342e+01,4.052882294884534531e+01
4.060874535581594813e+01,4.009773877050882618e+01
4.062875107173478284e+01,4.007153324751983803e+01
4.064875678765361755e+01,3.416525569859845746e+01
4.066876250357245226e+01,3.619923475637251187e+01
4.068876821949127986e+01,3.511978020998202510e+01
4.070877393541012168e+01,3.370282147232902048e+01
4.072877965132894929e+01,3.112815368762105805e+01
4.074878536724779110e+01,3.176101978952620897e+01
4.076879108316661871e+01,3.184355494187144942e+01
4.078879679908545342e+01,3.031767847611250133e+01
4.080880251500428813e+01,2.838801191385972444e+01
4.082880823092312284e+01,3.025185067568190789e+01
4.084881394684195755e+01,2.958374268656142192e+01
4.086881966276079226e+01,2.967738229229326663e+01
4.088882537867962697e+01,2.736308960175854565e+01
4.090883109459845457e+01,2.915153660981201966e+01
4.092883681051729639e+01,2.897178303885968376e+01
4.094884252643612399e+01,2.982744994600463428e+01
4.096884824235495870e+01,2.775648235635265593e+01
4.098885395827379341e+01,2.956781791843863871e+01
4.100885967419262812e+01,3.036483517448619551e+01
4.102886539011146283e+01,3.134583891321659266e+01
4.104887110603029754e+01,3.027689119767084946e+01
4.106887682194913225e+01,3.071689502628071011e+01
4.108888253786795985e+01,3.167643436927274792e+01
4.110888825378680167e+01,3.165595479375157595e+01
4.112889396970562927e+01,3.107373683108743023e+01
4.114889968562447109e+01,3.237836798700590890e+01
4.116890540154329869e+01,3.207542111579427768e+01
4.118891111746213340e+01,3.305813630584245288e+01
4.120891683338096811e+01,3.107093646489207828e+01
4.122892254929980282e+01,3.136034304736926970e+01
4.124892826521863753e+01,3.155277659287612124e+01
4.126893398113746514e+01,3.133184083266459652e+01
4.128893969705630695e+01,2.899813705727546775e+01
4.130894541297513456e+01,3.020725795552711901e+01
4.132895112889397637e+01,2.923789437942402714e+01
4.134895684481280398e+01,2.895322784429740537e+01
4.136896256073163869e+01,2.704013845638856139e+01
4.138896827665047340e+01,2.672084840542343898e+01
4.140897399256930811e+01,2.627952752592520369e+01
4.142897970848814282e+01,2.557711349989196137e+01
4.144898542440697042e+01,2.371303770695667623e+01
4.146899114032581224e+01,2.367073341740688264e+01
4.148899685624463984e+01,2.372370668617947587e+01
4.150900257216348166e+01,2.274955174946296665e+01
4.152900828808230926e+01,2.126311780406423679e+01
4.154901400400114397e+01,2.126755617743086901e+01
4.156901971991997868e+01,2.149602081250052521e+01
4.158902543583881339e+01,2.036944191295287254e+01
4.160903115175764810e+01,2.000883635013593320e+01
4.162903686767647571e+01,1.980493442283090388e+01
4.164904258359531752e+01,2.027038688913303233e+01
4.166904829951414513e+01,2.030654601182164853e+01
4.168905401543298694e+01,1.930883474687085055e+01
4.170905973135181455e+01,1.977465092082622178e+01
4.172906544727064926e+01,2.036153558669365182e+01
4.174907116318948397e+01,2.035779425299245560e+01
4.176907687910831868e+01,2.077496140899578947e+01
4.178908259502715339e+01,2.169269435947117586e+01
4.180908831094598810e+01,2.191732375746391526e+01
4.182909402686482281e+01,2.224739365556062509e+01
4.184909974278365041e+01,2.258839557827129951e+01
4.186910545870249223e+01,2.373883224627312671e+01
4.188911117462131983e+01,2.424528738421233243e+01
4.190911689054015454e+01,2.445870345707044180e+01
4.192912260645898925e+01,2.411715618653385107e+01
4.194912832237782396e+01,2.528269228970131266e+01
4.196913403829665867e+01,2.579230644463156352e+01
4.198913975421549338e+01,2.654620996291935597e+01
4.200914547013432809e+01,2.658655855084037967e+01
4.202915118605316280e+01,2.629606860636789278e+01
4.204915690197199041e+01,2.718844712204170833e+01
4.206916261789082512e+01,2.711585485682354246e+01
4.208916833380965983e+01,2.740534776648402016e+01
4.210917404972849454e+01,2.659536526392919598e+01
4.212917976564732925e+01,2.717288472608662886e+01
4.214918548156616396e+01,2.720421281520847856e+01
4.216919119748499867e+01,2.610721841617750272e+01
4.218919691340383338e+01,2.570193542647766805e+01
4.220920262932266809e+01,2.530084214794919006e+01
4.222920834524150280e+01,2.483284801211450343e+01
4.224921406116033040e+01,2.452009235834208312e+01
4.226921977707916511e+01,2.340697352747753968e+01
4.228922549299799982e+01,2.321607097003820641e+01
4.230923120891683453e+01,2.312064223711153232e+01
4.232923692483566924e+01,2.253793044367778720e+01
4.234924264075450395e+01,2.245679202884794989e+01
4.236924835667333866e+01,2.241629429318194866e+01
4.238925407259217337e+01,2.252075253574795255e+01
4.240925978851100808e+01,2.181481443277231591e+01
4.242926550442983569e+01,2.254972697909363433e+01
4.244927122034867040e+01,2.219453343177800519e+01
4.246927693626750511e+01,2.213796720383034966e+01
4.248928265218633982e+01,2.167639778854374555e+01
4.250928836810517453e+01,2.169823179007305924e+01
4.252929408402400924e+01,2.215300929148791198e+01
4.254929979994284395e+01,2.186174367417942221e+01
4.256930551586167866e+01,2.108010696162727271e+01
4.258931123178051337e+01,2.190583952572426085e+01
4.260931694769934097e+01,2.066212795695518167e+01
4.262932266361817568e+01,2.067802973929219590e+01
4.264932837953701039e+01,1.954955929324700392e+01
4.266933409545584510e+01,1.956587200027910711e+01
4.268933981137467981e+01,1.879705061570979296e+01
4.270934552729351452e+01,1.900238791952908457e+01
4.272935124321234923e+01,1.762620984243277888e+01
4.274935695913118394e+01,1.691761368985611114e+01
4.276936267505001865e+01,1.648610370619876875e+01
4.278936839096885336e+01,1.612433946347477232e+01
4.280937410688768097e+01,1.476836124472334433e+01
4.282937982280651568e+01,1.402549044164538472e+01
4.284938553872535039e+01,1.448848042186170915e+01
4.286939125464418510e+01,1.393171519665544800e+01
4.288939697056301981e+01,1.281502965817959705e+01
4.290940268648185452e+01,1.265061210925226476e+01
4.292940840240068923e+01,1.246211083077721682e+01
4.294941411831952394e+01,1.196296644643337359e+01
4.296941983423835865e+01,1.157514655393013747e+01
4.298942555015718625e+01,1.123868245372010222e+01
4.300943126607602096e+01,1.097426083997679669e+01
4.302943698199485567e+01,1.088430469024516611e+01
4.304944269791369038e+01,1.096867940578878020e+01
4.306944841383252509e+01,1.037656642763541903e+01
4.308945412975135980e+01,1.040875892492731403e+01
4.310945984567019451e+01,1.104105012962402732e+01
4.312946556158902922e+01,1.043255149943567339e+01
4.314947127750786393e+01,1.057168655230237597e+01
4.316947699342669864e+01,1.044155961035432334e+01
4.318948270934552625e+01,1.084748539395999067e+01
4.320948842526436096e+01,1.131434228796080532e+01
4.322949414118319567e+01,1.219664131915762084e+01
4.324949985710203038e+01,1.133715654991116217e+01
4.326950557302086509e+01,1.175397075643165046e+01
4.328951128893969980e+01,1.174070395403813905e+01
4.330951700485853451e+01,1.208172148811757118e+01
4.332952272077736922e+01,1.306145417255200059e+01
4.334952843669620393e+01,1.305311387101623666e+01
4.336953415261503153e+01,1.407105192974032626e+01
4.338953986853386624e+01,1.480132170159709659e+01
4.340954558445270095e+01,1.473892672702685935e+01
4.342955130037153566e+01,1.548143464172960293e+01
4.344955701629037037e+01,1.610241956834330779e+01
4.346956273220920508e+01,1.732039559579570920e+01
4.348956844812803979e+01,1.817499331916796734e+01
4.350957416404687450e+01,1.812832096880787702e+01
4.352957987996570921e+01,2.002470657119263819e+01
4.354958559588453681e+01,2.096083362096321423e+01
4.356959131180337153e+01,2.183685487330494368e+01
4.358959702772220624e+01,2.299189775322128071e+01
4.360960274364104095e+01,2.402114383982982559e+01
4.362960845955987566e+01,2.603431005407798438e+01
4.364961417547871037e+01,2.696779842584663811e+01
4.366961989139754508e+01,2.868730540695344899e+01
4.368962560731637979e+01,3.026230897930375363e+01
4.370963132323521450e+01,3.143417958002637391e+01
4.372963703915404921e+01,3.354512537099487446e+01
4.374964275507287681e+01,3.450418721379767817e+01
4.376964847099171152e+01,3.599480928431393068e+01
4.378965418691054623e+01,3.658561081277345295e+01
4.380965990282938094e+01,3.767600779938716471e+01
4.382966561874821565e+01,3.924243204900255222e+01
4.384967133466705036e+01,3.881492133769266673e+01
4.386967705058588507e+01,3.980012216527349267e+01
4.388968276650471978e+01,4.068887040219905771e+01
4.390968848242355449e+01,3.975544995609224941e+01
4.392969419834238209e+01,3.948578217016175529e+01
4.394969991426121680e+01,3.856584726005267072e+01
4.396970563018005151e+01,3.832918495738236686e+01
4.398971134609888622e+01,3.764185443381601459e+01
4.400971706201772093e+01,3.678452846182210578e+01
4.402972277793655564e+01,3.547998640055801900e+01
4.404972849385539035e+01,3.422803266382888410e+01
4.406973420977422506e+01,3.376658331996984685e+01
4.408973992569305977e+01,3.332070399712120690e+01
4.410974564161189448e+01,3.254177459613477907e+01
4.412975135753072209e+01,3.061222331709743472e+01
4.414975707344955680e+01,3.022459581527364492e+01
4.416976278936839151e+01,2.918587075439803868e+01
4.418976850528722622e+01,2.783752874570159008e+01
4.420977422120606093e+01,2.757046345291326972e+01
4.422977993712489564e+01,2.712766297968835261e+01
4.424978565304373035e+01,2.599517694032872939e+01
4.426979136896256506e+01,2.687318248099074935e+01
4.428979708488139977e+01,2.489892337884312212e+01
4.430980280080022737e+01,2.460829530042165914e+01
4.432980851671906208e+01,2.438409271439360282e+01
4.434981423263789679e+01,2.390963766019570969e+01
4.436981994855673150e+01,2.352358189690169965e+01
4.438982566447556621e+01,2.219227223287267492e+01
4.440983138039440092e+01,2.215329193992677048e+01
4.442983709631323563e+01,2.203669750900638746e+01
4.444984281223207034e+01,2.084044721498964492e+01
4.446984852815090505e+01,2.031567455447748216e+01
4.448985424406973266e+01,1.932086249164999714e+01
4.450985995998856737e+01,1.828379660060055656e+01
4.452986567590740208e+01,1.856048631272363281e+01
4.454987139182623679e+01,1.820574475711541496e+01
4.456987710774507150e+01,1.763261542499685675e+01
4.458988282366390621e+01,1.802580259681046471e+01
4.460988853958274092e+01,1.722396171147141075e+01
4.462989425550157563e+01,1.657871060041405897e+01
4.464989997142041034e+01,1.712028649614909170e+01
4.466990568733924505e+01,1.645578265016844099e+01
4.468991140325807265e+01,1.651378019194367397e+01
4.470991711917690736e+01,1.595163859643882276e+01
4.472992283509574207e+01,1.599002290005756421e+01
4.474992855101457678e+01,1.745701792358374860e+01
4.476993426693341149e+01,1.707193318538415383e+01
4.478993998285224620e+01,1.747749909607503938e+01
4.480994569877108091e+01,1.847051114730501453e+01
4.482995141468991562e+01,1.747599319993978995e+01
4.484995713060875033e+01,1.905106301348996922e+01
4.486996284652757794e+01,1.989669199482277406e+01
4.488996856244641265e+01,1.970338079557566502e+01
4.490997427836524736e+01,2.090583840225296797e+01
4.492997999428408207e+01,2.175875507549168830e+01
4.494998571020291678e+01,2.230344627194050133e+01
4.496999142612175149e+01,2.330095352560176636e+01
4.498999714204058620e+01,2.421362674347574284e+01
4.501000285795942091e+01,2.511948240136384669e+01
4.503000857387825562e+01,2.532474590781121293e+01
4.505001428979709033e+01,2.675402957877000887e+01
4.507002000571591793e+01,2.766416755538826067e+01
4.509002572163475264e+01,2.896418595014774411e+01
4.511003143755358735e+01,2.974241739459734646e+01
4.513003715347242206e+01,3.119996203083363895e+01
4.515004286939125677e+01,3.127317870696338531e+01
4.517004858531009148e+01,3.243441483740767950e+01
4.519005430122892619e+01,3.270161612794758810e+01
4.521006001714776090e+01,3.300275722413783797e+01
4.523006573306659561e+01,3.321183262519628698e+01
4.525007144898542322e+01,3.258635179281008476e+01
4.527007716490425793e+01,3.279101080200857155e+01
4.529008288082309264e+01,3.257108162400503204e+01
4.531008859674192735e+01,3.198830630460633628e+01
4.533009431266076206e+01,3.181698219069225786e+01
4.535010002857959677e+01,3.075296898347879448e+01
4.537010574449843148e+01,3.051560416084191019e+01
4.539011146041726619e+01,2.969832982303303126e+01
4.541011717633610090e+01,2.851898751644953478e+01
4.543012289225492850e+01,2.715745013613942049e+01
4.545012860817376321e+01,2.648547506170604038e+01
4.547013432409259792e+01,2.514786263194254801e+01
4.549014004001143263e+01,2.431386862252509218e+01
4.551014575593026734e+01,2.331237134788899823e+01
4.553015147184910205e+01,2.298703035722891741e+01
4.555015718776793676e+01,2.153611209957629313e+01
4.557016290368677147e+01,2.114220168619725371e+01
4.559016861960560618e+01,1.977087484977769094e+01
4.561017433552444089e+01,1.935435379928011201e+01
4.563018005144326850e+01,1.934453443572916953e+01
4.565018576736210321e+01,1.835169469591087221e+01
4.567019148328093792e+01,1.743920014663245155e+01
4.569019719919977263e+01,1.671944959266718911e+01
4.571020291511860734e+01,1.623539828350696723e+01
4.573020863103744205e+01,1.604380590284835151e+01
4.575021434695627676e+01,1.624149660758596880e+01
4.577022006287511147e+01,1.528407147478559125e+01
4.579022577879394618e+01,1.601808351046332746e+01
4.581023149471277378e+01,1.488535335673526205e+01
4.583023721063160849e+01,1.579359432689244969e+01
4.585024292655044320e+01,1.537955994276422800e+01
4.587024864246927791e+01,1.406863731755291269e+01
4.589025435838811262e+01,1.469932728127462696e+01
4.591026007430694733e+01,1.458103410188794058e+01
4.593026579022578204e+01,1.514893868784697162e+01
4.595027150614461675e+01,1.475823001691303382e+01
4.597027722206345146e+01,1.569343475693408152e+01
4.599028293798228617e+01,1.571471323659168107e+01
4.601028865390111378e+01,1.522548066942946043e+01
4.603029436981994849e+01,1.578256857343170338e+01
4.605030008573878320e+01,1.521722070536119986e+01
4.607030580165761791e+01,1.612869842023476252e+01
4.609031151757645262e+01,1.629128346262623594e+01
4.611031723349528733e+01,1.630455835656389141e+01
4.613032294941412204e+01,1.561375805124310290e+01
4.615032866533295675e+01,1.614242010496110424e+01
4.617033438125179146e+01,1.620175141722160106e+01
4.619034009717061906e+01,1.499734911702266160e+01
4.621034581308945377e+01,1.530941012525294020e+01
4.623035152900828848e+01,1.432988865211761187e+01
4.625035724492712319e+01,1.358815236575399155e+01
4.627036296084595790e+01,1.347633013636788490e+01
4.629036867676479261e+01,1.275726480539417551e+01
4.631037439268362732e+01,1.333180769214839678e+01
4.633038010860246203e+01,1.290074433200296511e+01
4.635038582452129674e+01,1.238914266429509148e+01
4.637039154044012434e+01,1.265267149246057343e+01
4.639039725635895905e+01,1.238640799901860667e+01
4.641040297227779376e+01,1.269701660317402414e+01
4.643040868819662847e+01,1.173968685452387817e+01
4.645041440411546319e+01,1.241427570026451477e+01
4.647042012003429790e+01,1.226792462289649421e+01
4.649042583595313261e+01,1.167967736731511685e+01
4.651043155187196732e+01,1.207919178263611215e+01
4.653043726779080203e+01,1.099129913193187491e+01
4.655044298370963674e+01,1.158822176435640472e+01
4.657044869962846434e+01,1.106554599541297179e+01
4.659045441554729905e+01,1.102650905400820136e+01
4.661046013146613376e+01,1.179936963638797209e+01
4.663046584738496847e+01,1.180371074961579225e+01
4.665047156330380318e+01,1.127665201770646419e+01
4.667047727922263789e+01,1.180426940535033964e+01
4.669048299514147260e+01,1.179858074976874960e+01
4.671048871106030731e+01,1.155252466355172558e+01
4.673049442697914202e+01,1.126202323426534591e+01
4.675050014289796962e+01,1.020319469327417039e+01
4.677050585881680433e+01,1.023948615185649302e+01
4.679051157473563904e+01,1.094699620508134430e+01
4.681051729065447375e+01,9.794570250795660016e+00
4.683052300657330846e+01,1.024784192705493879e+01
4.685052872249214317e+01,1.019212843217621867e+01
4.687053443841097788e+01,8.577867791077618875e+00
4.689054015432981259e+01,8.577889591269116210e+00
4.691054587024864730e+01,8.286284128922696723e+00
4.693055158616748201e+01,8.028379498760747524e+00
4.695055730208630962e+01,8.346653802802757482e+00
4.697056301800514433e+01,8.345651799450852337e+00
4.699056873392397904e+01,8.356814390402018233e+00
4.701057444984281375e+01,7.367682940173576611e+00
4.703058016576164846e+01,7.391862198521985228e+00
4.705058588168048317e+01,8.165129281703116249e+00
4.707059159759931788e+01,6.802463782856443153e+00
4.709059731351815259e+01,7.460240231883313200e+00
4.711060302943698730e+01,7.005389860155904813e+00
4.713060874535581490e+01,6.479460226956583746e+00
4.715061446127464961e+01,6.117658995760693053e+00
4.717062017719348432e+01,6.554699748104670931e+00
4.719062589311231903e+01,6.027831597810139996e+00
4.721063160903115374e+01,7.058235316362138079e+00
4.723063732494998845e+01,7.143397771088589643e+00
4.725064304086882316e+01,6.954227263570170514e+00
4.727064875678765787e+01,6.946359655777768261e+00
4.729065447270649258e+01,6.213314095481577759e+00
4.731066018862532019e+01,6.994904402471926019e+00
4.733066590454415490e+01,6.219112770542280622e+00
4.735067162046298961e+01,6.230694139707533274e+00
4.737067733638182432e+01,6.533476272878455227e+00
4.739068305230065903e+01,7.307114345820941992e+00
4.741068876821949374e+01,7.001525579698058444e+00
4.743069448413832845e+01,6.719617377850857665e+00
4.745070020005716316e+01,6.064672822985838430e+00
4.747070591597599787e+01,6.409047810116383026e+00
4.749071163189483258e+01,6.918743407466303452e+00
4.751071734781366018e+01,7.766047854505711889e+00
4.753072306373249489e+01,6.994615187789576360e+00
4.755072877965132960e+01,7.497241482714766647e+00
4.757073449557016431e+01,7.915750406932107630e+00
4.759074021148899902e+01,7.313013735270065041e+00
4.761074592740783373e+01,7.990693304326368818e+00
4.763075164332666844e+01,7.871636206211493736e+00
4.765075735924550315e+01,7.195704594064655346e+00
4.767076307516433786e+01,7.485482868987980432e+00
4.769076879108316547e+01,8.057202362801605844e+00
4.771077450700200018e+01,7.896416529044921973e+00
4.773078022292083489e+01,8.794747817404068968e+00
4.775078593883966960e+01,8.774376930393483320e+00
4.777079165475850431e+01,9.348248008595859915e+00
4.779079737067733902e+01,9.573782145528262788e+00
4.781080308659617373e+01,9.994699095459161242e+00
4.783080880251500844e+01,9.886147556789669721e+00
4.785081451843384315e+01,1.062307925045524826e+01
4.787082023435267075e+01,1.067472515730620231e+01
4.789082595027150546e+01,1.116175072749429020e+01
4.791083166619034017e+01,1.193495537085690117e+01
4.793083738210917488e+01,1.274029124964639337e+01
4.795084309802800959e+01,1.278229144428896191e+01
4.797084881394684430e+01,1.379738142639153686e+01
4.799085452986567901e+01,1.400486000660539787e+01
4.801086024578451372e+01,1.512168393725634985e+01
4.803086596170334843e+01,1.600122237333257047e+01
4.805087167762218314e+01,1.610192308445309806e+01
4.807087739354101075e+01,1.753144840300163310e+01
4.809088310945984546e+01,1.855542691763778507e+01
4.811088882537868017e+01,1.952532191190223898e+01
4.813089454129751488e+01,2.025443059938174883e+01
4.815090025721634959e+01,2.191197757533079127e+01
4.817090597313518430e+01,2.236832591715100449e+01
4.819091168905401901e+01,2.354934647759057498e+01
4.821091740497285372e+01,2.371670743750133425e+01
4.823092312089168843e+01,2.460844942674533087e+01
4.825092883681051603e+01,2.602179896067768183e+01
4.827093455272935074e+01,2.651870885873600514e+01
4.829094026864818545e+01,2.659351292459313143e+01
4.831094598456702016e+01,2.722332458521070109e+01
4.833095170048585487e+01,2.745247672977604481e+01
4.835095741640468958e+01,2.750016339735621784e+01
4.837096313232352429e+01,2.724683114584838250e+01
4.839096884824235900e+01,2.755962354243075296e+01
4.841097456416119371e+01,2.606743891162404836e+01
4.843098028008002842e+01,2.544295445408317846e+01
4.845098599599885603e+01,2.512229765566707584e+01
4.847099171191769074e+01,2.371023411369858991e+01
4.849099742783652545e+01,2.365259151309304642e+01
4.851100314375536016e+01,2.318461350792124165e+01
4.853100885967419487e+01,2.264123404751698132e+01
4.855101457559302958e+01,2.165339404901585851e+01
4.857102029151186429e+01,2.065599376066796822e+01
4.859102600743069900e+01,2.024830360442734900e+01
4.861103172334953371e+01,2.022700700539945728e+01
4.863103743926836131e+01,1.947173472117968629e+01
4.865104315518719602e+01,1.907086302581711479e+01
4.867104887110603073e+01,1.954569932555808975e+01
4.869105458702486544e+01,1.971922393296710041e+01
4.871106030294370015e+01,1.890287383047967751e+01
4.873106601886253486e+01,1.940275065717345981e+01
4.875107173478136957e+01,1.933784032524929586e+01
4.877107745070020428e+01,1.959357963231922639e+01
4.879108316661903899e+01,2.053083659041559628e+01
4.881108888253786660e+01,2.012705788879402036e+01
4.883109459845670131e+01,2.022027237329337268e+01
4.885110031437553602e+01,2.148200571518226099e+01
4.887110603029437073e+01,2.108499675238136106e+01
4.889111174621320544e+01,2.082121664651108262e+01
4.891111746213204015e+01,2.233181447809196385e+01
4.893112317805087486e+01,2.290193445913962478e+01
4.895112889396970957e+01,2.283662191975643196e+01
4.897113460988854428e+01,2.335242374212750249e+01
4.899114032580737899e+01,2.312340855396954353e+01
4.901114604172620659e+01,2.373116042569355244e+01
4.903115175764504130e+01,2.377290276909119271e+01
4.905115747356387601e+01,2.463564327622853511e+01
4.907116318948271072e+01,2.557104796995417217e+01
4.909116890540154543e+01,2.536007640179251155e+01
4.911117462132038014e+01,2.568234039595903795e+01
4.913118033723921485e+01,2.628633452179671792e+01
4.915118605315804956e+01,2.741763229628701737e+01
4.917119176907688427e+01,2.748700226176404726e+01
4.919119748499571187e+01,2.781718614171052195e+01
4.921120320091454658e+01,2.939434888628003151e+01
4.923120891683338129e+01,2.945797275805325199e+01
4.925121463275221600e+01,2.939394633260983625e+01
4.927122034867105071e+01,2.998697197584227681e+01
4.929122606458988542e+01,2.937460490519497824e+01
4.931123178050872014e+01,2.918959471496219038e+01
4.933123749642755485e+01,2.919316881585808687e+01
4.935124321234638956e+01,2.866820440990631624e+01
4.937124892826522427e+01,2.857866949012681346e+01
4.939125464418405187e+01,2.759000170285791498e+01
4.941126036010288658e+01,2.635105258772250636e+01
4.943126607602172129e+01,2.571436439725204082e+01
4.945127179194055600e+01,2.538271487515267211e+01
4.947127750785939071e+01,2.417122786814574198e+01
4.949128322377822542e+01,2.208391379742299421e+01
4.951128893969706013e+01,2.081091421262198438e+01
4.953129465561589484e+01,2.089011685716518230e+01
4.955130037153472955e+01,1.947534185305208609e+01
4.957130608745355715e+01,1.864982290030622636e+01
4.959131180337239186e+01,1.778002063647951303e+01
4.961131751929122657e+01,1.681517831267897733e+01
4.963132323521006128e+01,1.679674275172388320e+01
4.965132895112889599e+01,1.620724728628071176e+01
4.967133466704773070e+01,1.507547685652296110e+01
4.969134038296656541e+01,1.544102036760603625e+01
4.971134609888540012e+01,1.445953886328553040e+01
4.973135181480423483e+01,1.397845151723976898e+01
4.975135753072306244e+01,1.349263917661229328e+01
4.977136324664189715e+01,1.364924122860929145e+01
4.979136896256073186e+01,1.284176665731200906e+01
4.981137467847956657e+01,1.340980520666656162e+01
4.983138039439840128e+01,1.357138883007600683e+01
4.985138611031723599e+01,1.358771975053099368e+01
4.987139182623607070e+01,1.395565030458843125e+01
4.989139754215490541e+01,1.278112040435090258e+01
4.991140325807374012e+01,1.384137538824569980e+01
4.993140897399257483e+01,1.411120836994340166e+01
4.995141468991140243e+01,1.356384852635307325e+01
4.997142040583023714e+01,1.470188034961298484e+01
4.999142612174907185e+01,1.488059351087819238e+01
5.001143183766790656e+01,1.556898359993725123e+01
5.003143755358674127e+01,1.666614329136032779e+01
5.005144326950557598e+01,1.610478541627573534e+01
5.007144898542441069e+01,1.647748871149357441e+01
5.009145470134324540e+01,1.745152480614482116e+01
5.011146041726208011e+01,1.876401644308625549e+01
5.013146613318090772e+01,1.937588198099112446e+01
5.015147184909974243e+01,1.872520335322804286e+01
5.017147756501857714e+01,1.994812525963456196e+01
5.019148328093741185e+01,2.183969044205466759e+01
5.021148899685624656e+01,2.231617782596755717e+01
5.023149471277508127e+01,2.196411563882752205e+01
5.025150042869391598e+01,2.388208527715202933e+01
5.027150614461275069e+01,2.344944268352652017e+01
5.029151186053158540e+01,2.529622031929301329e+01
5.031151757645042011e+01,2.482944201743477919e+01
5.033152329236924771e+01,2.593007500167220059e+01
5.035152900828808242e+01,2.675532681131058155e+01
5.037153472420691713e+01,2.703924904088968617e+01
5.039154044012575184e+01,2.646899612148481395e+01
5.041154615604458655e+01,2.684314229379381800e+01
5.043155187196342126e+01,2.684501740111790724e+01
5.045155758788225597e+01,2.681901697534615892e+01
5.047156330380109068e+01,2.716739435227134436e+01
5.049156901971992539e+01,2.570469275451172919e+01
5.051157473563875300e+01,2.615835047977305550e+01
5.053158045155758771e+01,2.618496786921657105e+01
5.055158616747642242e+01,2.472636213696570806e+01
5.057159188339525713e+01,2.425259933681146407e+01
5.059159759931409184e+01,2.302554806391111697e+01
5.061160331523292655e+01,2.273249139062374269e+01
5.063160903115176126e+01,2.102476609229371007e+01
5.065161474707059597e+01,2.089819390395497578e+01
5.067162046298943068e+01,1.970360395917452934e+01
5.069162617890825828e+01,1.825815761942784121e+01
5.071163189482709299e+01,1.808635828677598312e+01
5.073163761074592770e+01,1.793748996787096672e+01
5.075164332666476241e+01,1.685590997459516771e+01
5.077164904258359712e+01,1.716307835740489551e+01
5.079165475850243183e+01,1.608739240645181923e+01
5.081166047442126654e+01,1.560442715655818091e+01
5.083166619034010125e+01,1.595059448126630919e+01
5.085167190625893596e+01,1.580508681471139809e+01
5.087167762217777067e+01,1.497426460646259727e+01
5.089168333809659828e+01,1.484387836107875103e+01
5.091168905401543299e+01,1.586446636759170836e+01
5.093169476993426770e+01,1.550632292925460121e+01
5.095170048585310241e+01,1.525223182893572904e+01
5.097170620177193712e+01,1.518747640288905920e+01
5.099171191769077183e+01,1.512224744794304243e+01
5.101171763360960654e+01,1.573898697675091363e+01
5.103172334952844125e+01,1.664765014216219186e+01
5.105172906544727596e+01,1.619721492921343042e+01
5.107173478136610356e+01,1.525335857715366217e+01
5.109174049728493827e+01,1.545240044947134450e+01
5.111174621320377298e+01,1.579817185941171864e+01
5.113175192912260769e+01,1.609281332354117922e+01
5.115175764504144240e+01,1.577294791080614189e+01
5.117176336096027711e+01,1.614945586921799148e+01
5.119176907687911182e+01,1.574776823554508987e+01
5.121177479279794653e+01,1.480905037203837438e+01
5.123178050871678124e+01,1.510604054256604911e+01
5.125178622463561595e+01,1.426501287783294458e+01
5.127179194055444356e+01,1.489614065994731362e+01
5.129179765647327827e+01,1.413403910622585258e+01
5.131180337239211298e+01,1.401293974080461524e+01
5.133180908831094769e+01,1.354500777032946601e+01
5.135181480422978240e+01,1.290623748244824043e+01
5.137182052014861711e+01,1.248555021583611691e+01
5.139182623606745182e+01,1.275143290032202614e+01
5.141183195198628653e+01,1.210426863324942559e+01
5.143183766790512124e+01,1.250620799717829357e+01
5.145184338382394884e+01,1.085647068030650608e+01
5.147184909974278355e+01,1.054796247664180342e+01
5.149185481566161826e+01,1.101682339277787648e+01
5.151186053158045297e+01,1.041986515991478690e+01
5.153186624749928768e+01,9.818100026504827937e+00
5.155187196341812239e+01,1.038358662668255405e+01
5.157187767933695710e+01,9.764496029700913127e+00
5.159188339525579181e+01,9.435811127154959621e+00
5.161188911117462652e+01,9.251054447669066150e+00
5.163189482709345413e+01,9.058418959819395155e+00
5.165190054301228884e+01,8.909358832128390304e+00
5.167190625893112355e+01,9.760280524528409885e+00
5.169191197484995826e+01,9.249675217704130148e+00
5.171191769076879297e+01,9.182040510936408495e+00
5.173192340668762768e+01,8.668741704562282990e+00
5.175192912260646239e+01,8.519815863949233403e+00
5.177193483852529710e+01,8.722574597057061396e+00
5.179194055444413181e+01,8.967540420762997400e+00
5.181194627036296652e+01,9.613869309151628073e+00
5.183195198628179412e+01,9.372704522011996886e+00
5.185195770220062883e+01,9.824496323623584715e+00
5.187196341811946354e+01,8.767950188413182744e+00
5.189196913403829825e+01,9.478855575878210260e+00
5.191197484995713296e+01,9.721987810168915445e+00
5.193198056587596767e+01,9.873158017076928417e+00
5.195198628179480238e+01,9.286179190419966645e+00
5.197199199771363709e+01,1.048618202715916681e+01
5.199199771363247180e+01,1.050568944275396177e+01
5.201200342955129940e+01,1.087381186988434578e+01
5.203200914547013411e+01,1.056834739839758441e+01
5.205201486138896882e+01,1.085953640069782011e+01
5.207202057730780353e+01,1.122610472633780354e+01
5.209202629322663824e+01,1.166913093521717038e+01
5.211203200914547295e+01,1.138439731037298408e+01
5.213203772506430766e+01,1.334024907428556794e+01
5.215204344098314237e+01,1.346413015902114729e+01
5.217204915690197708e+01,1.306443562439288897e+01
5.219205487282081180e+01,1.394123975396435178e+01
5.221206058873963940e+01,1.564849827078192313e+01
5.223206630465847411e+01,1.493662538643733662e+01
5.225207202057730882e+01,1.755192646658058564e+01
5.227207773649614353e+01,1.738797527596432602e+01
5.229208345241497824e+01,1.903768642243259279e+01
5.231208916833381295e+01,2.009803079245899227e+01
5.233209488425264766e+01,2.201575578558229296e+01
5.235210060017148237e+01,2.205784874323935441e+01
5.237210631609031708e+01,2.510272186780643011e+01
5.239211203200914468e+01,2.569344281186057799e+01
5.241211774792797939e+01,2.705529738019099995e+01
5.243212346384681410e+01,2.878496693380422045e+01
5.245212917976564881e+01,3.148419704614470049e+01
5.247213489568448352e+01,3.205541730228571851e+01
5.249214061160331823e+01,3.346065581369533248e+01
5.251214632752215294e+01,3.619087024622121618e+01
5.253215204344098765e+01,3.667560837015787456e+01
5.255215775935982236e+01,3.789554965651215923e+01
5.257216347527864997e+01,3.945468788519396952e+01
5.259216919119748468e+01,4.072132241938832209e+01
5.261217490711631939e+01,4.128158990327510480e+01
5.263218062303515410e+01,4.107478834763236364e+01
5.265218633895398881e+01,4.197026992506302179e+01
5.267219205487282352e+01,4.147573709928940389e+01
5.269219777079165823e+01,4.068797867791720790e+01
5.271220348671049294e+01,4.070779659617764423e+01
5.273220920262932765e+01,4.115880970485180512e+01
5.275221491854816236e+01,4.016186872748694014e+01
5.277222063446698996e+01,3.972489494953519795e+01
5.279222635038582467e+01,3.956165865457511188e+01
5.281223206630465938e+01,3.922932051342252180e+01
5.283223778222349409e+01,3.976169756609103700e+01
5.285224349814232880e+01,3.918391217290491113e+01
5.287224921406116351e+01,3.963834496487200454e+01
5.289225492997999822e+01,3.889741954836179616e+01
5.291226064589883293e+01,3.973643675987769086e+01
5.293226636181766764e+01,4.087731666727373891e+01
5.295227207773649525e+01,4.098339866151648891e+01
5.297227779365532996e+01,4.215275566139649044e+01
5.299228350957416467e+01,4.193283391614701827e+01
5.301228922549299938e+01,4.304810251736584803e+01
5.303229494141183409e+01,4.267608508356172337e+01
5.305230065733066880e+01,4.371325744268359870e+01
5.307230637324950351e+01,4.505795216619383581e+01
5.309231208916833822e+01,4.475690944390875359e+01
5.311231780508717293e+01,4.457155080732361796e+01
5.313232352100600764e+01,4.521462237047298061e+01
5.315232923692483524e+01,4.458794632023658266e+01
5.317233495284366995e+01,4.427560820104126549e+01
5.319234066876250466e+01,4.359616672823588601e+01
5.321234638468133937e+01,4.242724809680655795e+01
5.323235210060017408e+01,4.276900417872097648e+01
5.325235781651900879e+01,4.049868959179977423e+01
5.327236353243784350e+01,4.034758367350430319e+01
5.329236924835667821e+01,3.873782755749494555e+01
5.331237496427551292e+01,3.736630889135216194e+01
5.333238068019434053e+01,3.555148030577463203e+01
5.335238639611317524e+01,3.406159555249590909e+01
5.337239211203200995e+01,3.192666552812017144e+01
5.339239782795084466e+01,3.045073152321769783e+01
5.341240354386967937e+01,2.886608144339605531e+01
5.343240925978851408e+01,2.807410189037570802e+01
5.345241497570734879e+01,2.596456880777433440e+01
5.347242069162618350e+01,2.527801396675184620e+01
5.349242640754501821e+01,2.360915105939559311e+01
5.351243212346384581e+01,2.274935003553770585e+01
5.353243783938268052e+01,2.108737481223239740e+01
5.355244355530151523e+01,2.005970025652671396e+01
5.357244927122034994e+01,1.929647751275103928e+01
5.359245498713918465e+01,1.803664508900446961e+01
5.361246070305801936e+01,1.712806488120936876e+01
5.363246641897685407e+01,1.712944313851604861e+01
5.365247213489568878e+01,1.677242817981541734e+01
5.367247785081452349e+01,1.565014798221176662e+01
5.369248356673335820e+01,1.590310356241892542e+01
5.371248928265218581e+01,1.465250202770014809e+01
5.373249499857102052e+01,1.473753864305592742e+01
5.375250071448985523e+01,1.414423953385310639e+01
5.377250643040868994e+01,1.435317845765051281e+01
5.379251214632752465e+01,1.391137044045320437e+01
5.381251786224635936e+01,1.333233200507660854e+01
5.383252357816519407e+01,1.230515792174719536e+01
5.385252929408402878e+01,1.280786286875034463e+01
5.387253501000286349e+01,1.213449473449987792e+01
5.389254072592169109e+01,1.235342557293559906e+01
5.391254644184052580e+01,1.178121210624978588e+01
5.393255215775936051e+01,1.229856419868179529e+01
5.395255787367819522e+01,1.193499282447990240e+01
5.397256358959702993e+01,1.165885411854704401e+01
5.399256930551586464e+01,1.187164685996722824e+01
5.401257502143469935e+01,1.209668625104751527e+01
5.403258073735353406e+01,1.063871854728678024e+01
5.405258645327236877e+01,1.180134200120215304e+01
5.407259216919120348e+01,1.107011809190288254e+01
5.409259788511003109e+01,1.082794641032131544e+01
5.411260360102886580e+01,1.141737709614420382e+01
5.413260931694770051e+01,1.159709986044939356e+01
5.415261503286653522e+01,1.154946555413918219e+01
5.417262074878536993e+01,1.126836637437231836e+01
5.419262646470420464e+01,1.049214921453596538e+01
5.421263218062303935e+01,1.153832676040229366e+01
5.423263789654187406e+01,1.060211604545635566e+01
5.425264361246070877e+01,1.160749290541812684e+01
5.427264932837953637e+01,1.203839967993064519e+01
5.429265504429837108e+01,1.188327879077581173e+01
5.431266076021720579e+01,1.206034160016918477e+01
5.433266647613604050e+01,1.217873255454434300e+01
5.435267219205487521e+01,1.195022293928092694e+01
5.437267790797370992e+01,1.194218834101838667e+01
5.439268362389254463e+01,1.191597523725482333e+01
5.441268933981137934e+01,1.207946999341308114e+01
5.443269505573021405e+01,1.205993001726097447e+01
5.445270077164904166e+01,1.238518233006324287e+01
5.447270648756787637e+01,1.213108063592993524e+01
5.449271220348671108e+01,1.234172989248211749e+01
5.451271791940554579e+01,1.158875072779737003e+01
5.453272363532438050e+01,1.196297472302208931e+01
5.455272935124321521e+01,1.207308938475537019e+01
5.457273506716204992e+01,1.203618058108528999e+01
5.459274078308088463e+01,1.158501102863208132e+01
5.461274649899971934e+01,1.167950149577674424e+01
5.463275221491855405e+01,1.083560072591185630e+01
5.465275793083738165e+01,1.053556675673351783e+01
5.467276364675621636e+01,1.066638035173360954e+01
5.469276936267505107e+01,1.035776882252138442e+01
5.471277507859388578e+01,1.046508823512111519e+01
5.473278079451272049e+01,1.038864451576109182e+01
5.475278651043155520e+01,1.033862625381373412e+01
5.477279222635038991e+01,1.005948730342986153e+01
5.479279794226922462e+01,1.091371507443897926e+01
5.481280365818805933e+01,1.014713324532029581e+01
5.483280937410688693e+01,1.026703331812000108e+01
5.485281509002572164e+01,1.061597381447751687e+01
5.487282080594455635e+01,1.061167901815129611e+01
5.489282652186339106e+01,1.017740986282493409e+01
5.491283223778222577e+01,1.012260360190895980e+01
5.493283795370106048e+01,1.065328023459535167e+01
5.495284366961989519e+01,1.131416272376015364e+01
5.497284938553872990e+01,1.110251352646246303e+01
5.499285510145756461e+01,1.165730178412049511e+01
5.501286081737639222e+01,1.255512933236244777e+01
5.503286653329522693e+01,1.255493041101167329e+01
5.505287224921406164e+01,1.284825105172418347e+01
5.507287796513289635e+01,1.384717871507585762e+01
5.509288368105173106e+01,1.418094604674589121e+01
5.511288939697056577e+01,1.440721696373494964e+01
5.513289511288940048e+01,1.492303388571822964e+01
5.515290082880823519e+01,1.609315855534371309e+01
5.517290654472706990e+01,1.676407644877224357e+01
5.519291226064590461e+01,1.692718860238715450e+01
5.521291797656473221e+01,1.760153675694759556e+01
5.523292369248356692e+01,1.866260208128078801e+01
5.525292940840240163e+01,1.849781792965769256e+01
5.527293512432123634e+01,1.848036436934901872e+01
5.529294084024007105e+01,1.929180196468200492e+01
5.531294655615890576e+01,1.843568289457240539e+01
5.533295227207774047e+01,1.874025697005559010e+01
5.535295798799657518e+01,1.888132621922484589e+01
5.537296370391540989e+01,1.894421294357869456e+01
5.539296941983423750e+01,1.716428603900128280e+01
5.541297513575307221e+01,1.656646498665615752e+01
5.543298085167190692e+01,1.658380457758032378e+01
5.545298656759074163e+01,1.637842656811377395e+01
5.547299228350957634e+01,1.480445789005659307e+01
5.549299799942841105e+01,1.541253189930288947e+01
5.551300371534724576e+01,1.438259411915558417e+01
5.553300943126608047e+01,1.425675845404920850e+01
5.555301514718491518e+01,1.395951979218120087e+01
5.557302086310374989e+01,1.380962615707068508e+01
5.559302657902257749e+01,1.345608021436234836e+01
5.561303229494141220e+01,1.361163633132555262e+01
5.563303801086024691e+01,1.277543617996599679e+01
5.565304372677908162e+01,1.265943407449050184e+01
5.567304944269791633e+01,1.378021652319858248e+01
5.569305515861675104e+01,1.306665643799301435e+01
5.571306087453558575e+01,1.248540810323403605e+01
5.573306659045442046e+01,1.391972778215639650e+01
5.575307230637325517e+01,1.461840718612644707e+01
5.577307802229208278e+01,1.343506707213530760e+01
5.579308373821091749e+01,1.350129756834522077e+01
5.581308945412975220e+01,1.497396432139633760e+01
5.583309517004858691e+01,1.444629581756453796e+01
5.585310088596742162e+01,1.528145920746006681e+01
5.587310660188625633e+01,1.549420308703679794e+01
5.589311231780509104e+01,1.535163671533646834e+01
5.591311803372392575e+01,1.524605661693982839e+01
5.593312374964276046e+01,1.500250258792353364e+01
5.595312946556158806e+01,1.501329918141930264e+01
5.597313518148042277e+01,1.409213472714751347e+01
5.599314089739925748e+01,1.467026064727955514e+01
5.601314661331809219e+01,1.389441370712300028e+01
5.603315232923692690e+01,1.399756264012496487e+01
5.605315804515576161e+01,1.437224860247278535e+01
5.607316376107459632e+01,1.387682445649047480e+01
5.609316947699343103e+01,1.363550814418712775e+01
5.611317519291226574e+01,1.357507955612360284e+01
5.613318090883110045e+01,1.263803087318432006e+01
5.615318662474992806e+01,1.364702439673460788e+01
5.617319234066876277e+01,1.315154852880506908e+01
5.619319805658759748e+01,1.301061513525589142e+01
5.621320377250643219e+01,1.332905555926263474e+01
5.623320948842526690e+01,1.306505922282592280e+01
5.625321520434410161e+01,1.236933495576023745e+01
5.627322092026293632e+01,1.207099893719828287e+01
5.629322663618177103e+01,1.151178090636834739e+01
5.631323235210060574e+01,1.211490987867544078e+01
5.633323806801943334e+01,1.192444324366075925e+01
5.635324378393826805e+01,1.196218055019760840e+01
5.637324949985710276e+01,1.137117349193859184e+01
5.639325521577593747e+01,1.077273822454719365e+01
5.641326093169477218e+01,1.044809095587805636e+01
5.643326664761360689e+01,9.995880392344526300e+00
5.645327236353244160e+01,9.898593741743235697e+00
5.647327807945127631e+01,8.962680323949602013e+00
5.649328379537011102e+01,8.888761416106721214e+00
5.651328951128894573e+01,8.972533842705843199e+00
5.653329522720777334e+01,8.321193122506128859e+00
5.655330094312660805e+01,8.670351789879539695e+00
5.657330665904544276e+01,8.230581659878374978e+00
5.659331237496427747e+01,8.222862921002338510e+00
5.661331809088311218e+01,7.570463997637631337e+00
5.663332380680194689e+01,7.588764097250023433e+00
5.665332952272078160e+01,7.581461014976574653e+00
5.667333523863961631e+01,7.362241667841782800e+00
5.669334095455845102e+01,7.104393140322149414e+00
5.671334667047727862e+01,7.434854697084721131e+00
5.673335238639611333e+01,7.581057824587810856e+00
5.675335810231494804e+01,7.812022176446117960e+00
5.677336381823378275e+01,8.018210544737462087e+00
5.679336953415261746e+01,7.791284801650997238e+00
5.681337525007145217e+01,6.967282278655815730e+00
5.683338096599028688e+01,7.612652175305980151e+00
5.685338668190912159e+01,7.052355710542661527e+00
5.687339239782795630e+01,7.910911122051621724e+00
5.689339811374678391e+01,7.130676297539862318e+00
5.691340382966561862e+01,7.789919197391626859e+00
5.693340954558445333e+01,7.974779691510615720e+00
5.695341526150328804e+01,6.806936433883738147e+00
5.697342097742212275e+01,7.121621536698282462e+00
5.699342669334095746e+01,8.254977031864715542e+00
5.701343240925979217e+01,8.202237401526190297e+00
5.703343812517862688e+01,8.731214327170047085e+00
5.705344384109746159e+01,8.028939530432804617e+00
5.707344955701629630e+01,7.920965373261871889e+00
5.709345527293512390e+01,8.356962682333779924e+00
5.711346098885395861e+01,8.608078915066254666e+00
5.713346670477279332e+01,8.937270577138281880e+00
5.715347242069162803e+01,9.100027279691941473e+00
5.717347813661046274e+01,8.870174188134425819e+00
5.719348385252929745e+01,8.817702975597907056e+00
5.721348956844813216e+01,8.641558671585009677e+00
5.723349528436696687e+01,9.653413447867229991e+00
5.725350100028580158e+01,9.431031594274585927e+00
5.727350671620462919e+01,9.547327505722229546e+00
5.729351243212346390e+01,9.887889208868639201e+00
5.731351814804229861e+01,9.928737228882141608e+00
5.733352386396113332e+01,9.392409357120714120e+00
5.735352957987996803e+01,9.827295046105835041e+00
5.737353529579880274e+01,9.437337358869191561e+00
5.739354101171763745e+01,9.284879310710326905e+00
5.741354672763647216e+01,9.694587329352559735e+00
5.743355244355530687e+01,9.695751616171349951e+00
5.745355815947414158e+01,1.054343839291969331e+01
5.747356387539296918e+01,1.102317404958574087e+01
5.749356959131180389e+01,1.119226768560341867e+01
5.751357530723063860e+01,1.157210904769871185e+01
5.753358102314947331e+01,1.149810067421199733e+01
5.755358673906830802e+01,1.180681257945484219e+01
5.757359245498714273e+01,1.200784918264615442e+01
5.759359817090597744e+01,1.324077992619697142e+01
5.761360388682481215e+01,1.389111295443374772e+01
5.763360960274364686e+01,1.431291293727331748e+01
5.765361531866247446e+01,1.487955250570277599e+01
5.767362103458130917e+01,1.517935774471776256e+01
5.769362675050014388e+01,1.501160588514164118e+01
5.771363246641897859e+01,1.498129920237985502e+01
5.773363818233781330e+01,1.486443513764761271e+01
5.775364389825664801e+01,1.531852344390304665e+01
5.777364961417548272e+01,1.456756293290377258e+01
5.779365533009431743e+01,1.432643827852687934e+01
5.781366104601315214e+01,1.452301230987921343e+01
5.783366676193197975e+01,1.496216266572725395e+01
5.785367247785081446e+01,1.390929587322409944e+01
5.787367819376964917e+01,1.413935913957957169e+01
5.789368390968848388e+01,1.326716306366041565e+01
5.791368962560731859e+01,1.253819529513351227e+01
5.793369534152615330e+01,1.235625470275334337e+01
5.795370105744498801e+01,1.128522718979009198e+01
5.797370677336382272e+01,1.064842077544401633e+01
5.799371248928265743e+01,1.087310524798649070e+01
5.801371820520149214e+01,1.097898744413480365e+01
5.803372392112031974e+01,1.070032982811521549e+01
5.805372963703915445e+01,1.054636224036411463e+01
5.807373535295798916e+01,1.017073330921293639e+01
5.809374106887682387e+01,1.090205434925799644e+01
5.811374678479565858e+01,1.084035004307276928e+01
5.813375250071449329e+01,1.092536625840394393e+01
5.815375821663332800e+01,1.072588534693645457e+01
5.817376393255216271e+01,1.084889634358649069e+01
5.819376964847099742e+01,1.002225736436714776e+01
5.821377536438982503e+01,1.061404627168696990e+01
5.823378108030865974e+01,1.189993979303424965e+01
5.825378679622749445e+01,1.153001635135477798e+01
5.827379251214632916e+01,1.228034038710672249e+01
5.829379822806516387e+01,1.256922639295152067e+01
5.831380394398399858e+01,1.247027478330363337e+01
5.833380965990283329e+01,1.321498518512880516e+01
5.835381537582166800e+01,1.361133847381164230e+01
5.837382109174050271e+01,1.383240890561128822e+01
5.839382680765933742e+01,1.386708226664535992e+01
5.841383252357816502e+01,1.507281691657981604e+01
5.843383823949699973e+01,1.468355437533841368e+01
5.845384395541583444e+01,1.625021776044744826e+01
5.847384967133466915e+01,1.611272167077411410e+01
5.849385538725350386e+01,1.737043552014382186e+01
5.851386110317233857e+01,1.825471327136379074e+01
5.853386681909117328e+01,1.882648780850169956e+01
5.855387253501000799e+01,2.014282658252058411e+01
5.857387825092884270e+01,1.950180047189638444e+01
5.859388396684767031e+01,2.011450487890216721e+01
5.861388968276650502e+01,2.133763715120498006e+01
5.863389539868533973e+01,2.237651370004569173e+01
5.865390111460417444e+01,2.242302947159374682e+01
5.867390683052300915e+01,2.329485436803194887e+01
5.869391254644184386e+01,2.404820355711694191e+01
5.871391826236067857e+01,2.477685867736524727e+01
5.873392397827951328e+01,2.399881578767712398e+01
5.875392969419834799e+01,2.476319037021227842e+01
5.877393541011717559e+01,2.495617199981727197e+01
5.879394112603601030e+01,2.580804722808727192e+01
5.881394684195484501e+01,2.661177987343327800e+01
5.883395255787367972e+01,2.598557260981115746e+01
5.885395827379251443e+01,2.709926287904628595e+01
5.887396398971134914e+01,2.692902668513258391e+01
5.889396970563018385e+01,2.782314535203592953e+01
5.891397542154901856e+01,2.747420326755382902e+01
5.893398113746785327e+01,2.843080388165549266e+01
5.895398685338668798e+01,2.802817849182235577e+01
5.897399256930551559e+01,2.752164891996616802e+01
5.899399828522435030e+01,2.765619320998463948e+01
5.901400400114318501e+01,2.846170032221107249e+01
5.903400971706201972e+01,2.723263176851688172e+01
5.905401543298085443e+01,2.697495456481307841e+01
5.907402114889968914e+01,2.706551438687376532e+01
5.909402686481852385e+01,2.663751717644217365e+01
5.911403258073735856e+01,2.651622569067716029e+01
5.913403829665619327e+01,2.622261439352576673e+01
5.915404401257502087e+01,2.556466702770371313e+01
5.917404972849385558e+01,2.519758227997824207e+01
5.919405544441269029e+01,2.471458374334491737e+01
5.921406116033152500e+01,2.510154808821863526e+01
5.923406687625035971e+01,2.378352202349205768e+01
5.925407259216919442e+01,2.420868964987763761e+01
5.927407830808802913e+01,2.271884627793961187e+01
5.929408402400686384e+01,2.324949813929916687e+01
5.931408973992569855e+01,2.229558476747635609e+01
5.933409545584453326e+01,2.320859001925480669e+01
5.935410117176336087e+01,2.184172836828609121e+01
5.937410688768219558e+01,2.267105523555326840e+01
5.939411260360103029e+01,2.214234090311848391e+01
5.941411831951986500e+01,2.184051708238729006e+01
5.943412403543869971e+01,2.046080421135464178e+01
5.945412975135753442e+01,2.086040234297944096e+01
5.947413546727636913e+01,1.986685483133093300e+01
5.949414118319520384e+01,1.906301761660541416e+01
5.951414689911403855e+01,1.844586499445820493e+01
5.953415261503286615e+01,1.748046011776526498e+01
5.955415833095170086e+01,1.748829283505383003e+01
5.957416404687053557e+01,1.610349344745118216e+01
5.959416976278937028e+01,1.666840102704125925e+01
5.961417547870820499e+01,1.602089734111017094e+01
5.963418119462703970e+01,1.516556672479813983e+01
5.965418691054587441e+01,1.468241808247341851e+01
5.967419262646470912e+01,1.426044314236155941e+01
5.969419834238354383e+01,1.394983608629311433e+01
5.971420405830237144e+01,1.370163684694447781e+01
5.973420977422120615e+01,1.292928896541156902e+01
5.975421549014004086e+01,1.294564078185978850e+01
5.977422120605887557e+01,1.427293992622445984e+01
5.979422692197771028e+01,1.333355602280848018e+01
5.981423263789654499e+01,1.350495482759957966e+01
5.983423835381537970e+01,1.393642316048182472e+01
5.985424406973421441e+01,1.458127152930744685e+01
5.987424978565304912e+01,1.468848014103608968e+01
5.989425550157188383e+01,1.472808130123348214e+01
5.991426121749071143e+01,1.528288931195460165e+01
5.993426693340954614e+01,1.544047131739077017e+01
5.995427264932838085e+01,1.674591862162980505e+01
5.997427836524721556e+01,1.603194969775017498e+01
5.999428408116605027e+01,1.654546266418837064e+01
6.001428979708488498e+01,1.773779256621551781e+01
6.003429551300371969e+01,1.827360873788372686e+01
6.005430122892255440e+01,1.902849550253094790e+01
6.007430694484138911e+01,1.964075243942555105e+01
6.009431266076021672e+01,2.023090455215614014e+01
6.011431837667905143e+01,2.107828712431916784e+01
6.013432409259788614e+01,2.171683708218685283e+01
6.015432980851672085e+01,2.242147460718675234e+01
6.017433552443555556e+01,2.345634702114315218e+01
6.019434124035439027e+01,2.454114437848937058e+01
6.021434695627322498e+01,2.510998954117852833e+01
6.023435267219205969e+01,2.563887464685735296e+01
6.025435838811089440e+01,2.654470503044455398e+01
6.027436410402972911e+01,2.651952271601230393e+01
6.029436981994855671e+01,2.700296937678719900e+01
6.031437553586739142e+01,2.851372050696992844e+01
6.033438125178622613e+01,2.904664140819212292e+01
6.035438696770506084e+01,2.849828085930954202e+01
6.037439268362389555e+01,2.920020318218061561e+01
6.039439839954273026e+01,2.963896468758147762e+01
6.041440411546156497e+01,2.967402631897970622e+01
6.043440983138039968e+01,3.047028685755975275e+01
6.045441554729923439e+01,2.994427830152966408e+01
6.047442126321806199e+01,2.998076919979398269e+01
6.049442697913689670e+01,2.948944702781655636e+01
6.051443269505573141e+01,2.879053406075282240e+01
6.053443841097456612e+01,2.881160459941357743e+01
6.055444412689340083e+01,2.776413841404352567e+01
6.057444984281223554e+01,2.757888483449487182e+01
6.059445555873107025e+01,2.543697454891869825e+01
6.061446127464990496e+01,2.542866299450216516e+01
6.063446699056873967e+01,2.470357217682657947e+01
6.065447270648756728e+01,2.372075526642382570e+01
6.067447842240640199e+01,2.328510450989450931e+01
6.069448413832523670e+01,2.237213349547642594e+01
6.071448985424407141e+01,2.154130535292957660e+01
6.073449557016290612e+01,2.007600653498851528e+01
6.075450128608174083e+01,2.008635445129911190e+01
6.077450700200057554e+01,1.992953723342844796e+01
6.079451271791941025e+01,1.893329395685854166e+01
6.081451843383824496e+01,1.861347792900374287e+01
6.083452414975707967e+01,1.710751357670862660e+01
6.085452986567590727e+01,1.736188073223117456e+01
6.087453558159474198e+01,1.623198572168065112e+01
6.089454129751357669e+01,1.643829992130855189e+01
6.091454701343241140e+01,1.679656689850776274e+01
6.093455272935124611e+01,1.550268280000957510e+01
6.095455844527008082e+01,1.485756903659484252e+01
6.097456416118891553e+01,1.512581245790332574e+01
6.099456987710775024e+01,1.545356056971851544e+01
6.101457559302658495e+01,1.391777428610504330e+01
6.103458130894541256e+01,1.471679145294980451e+01
6.105458702486424727e+01,1.361095582221762967e+01
6.107459274078308198e+01,1.295642307966225104e+01
6.109459845670191669e+01,1.357929800653558416e+01
6.111460417262075140e+01,1.278038880557808810e+01
6.113460988853958611e+01,1.399979181443266896e+01
6.115461560445842082e+01,1.346661051953314825e+01
6.117462132037725553e+01,1.362158022123618117e+01
6.119462703629609024e+01,1.324512431862958195e+01
6.121463275221492495e+01,1.396343121763920792e+01
6.123463846813375255e+01,1.259365890660625098e+01
6.125464418405258726e+01,1.310041105358401836e+01
6.127464989997142197e+01,1.284481195850981905e+01
6.129465561589025668e+01,1.258020992298667196e+01
6.131466133180909139e+01,1.297254588950535847e+01
6.133466704772792610e+01,1.267886719001752382e+01
6.135467276364676081e+01,1.342529366483401887e+01
6.137467847956559552e+01,1.306527358273123696e+01
6.139468419548443023e+01,1.379654134716746583e+01
6.141468991140325784e+01,1.349251325499841947e+01
6.143469562732209255e+01,1.298462187924459421e+01
6.145470134324092726e+01,1.345196976642561992e+01
6.147470705915976197e+01,1.305895714220706871e+01
6.149471277507859668e+01,1.306344805307499968e+01
6.151471849099743139e+01,1.261977421837579350e+01
6.153472420691626610e+01,1.229898920456551359e+01
6.155472992283510081e+01,1.284198668439469060e+01
6.157473563875393552e+01,1.293925426194606310e+01
6.159474135467276312e+01,1.172831851252995250e+01
6.161474707059159783e+01,1.148010469034741021e+01
6.163475278651043254e+01,1.192784481797232310e+01
6.165475850242926725e+01,1.200667614466706645e+01
6.167476421834810196e+01,1.169109175094560626e+01
6.169476993426693667e+01,1.215812505094467610e+01
6.171477565018577138e+01,1.255230193939279104e+01
6.173478136610460609e+01,1.269006698765183216e+01
6.175478708202344080e+01,1.286832979990717263e+01
6.177479279794227551e+01,1.264052933420171598e+01
6.179479851386110312e+01,1.397311877587228501e+01
6.181480422977993783e+01,1.498660416905006088e+01
6.183480994569877254e+01,1.497168058503229027e+01
6.185481566161760725e+01,1.543011928710714287e+01
6.187482137753644196e+01,1.570247167911353792e+01
6.189482709345527667e+01,1.583290862064240656e+01
6.191483280937411138e+01,1.663944710865061438e+01
6.193483852529294609e+01,1.676730560294195982e+01
6.195484424121178080e+01,1.695873745426469981e+01
6.197484995713060840e+01,1.719501825835090258e+01
6.199485567304944311e+01,1.685469757736338892e+01
6.201486138896827782e+01,1.592864276345795282e+01
6.203486710488711253e+01,1.671527182574915216e+01
6.205487282080594724e+01,1.628396539579606639e+01
6.207487853672478195e+01,1.555859955198043920e+01
6.209488425264361666e+01,1.554385924801104579e+01
6.211488996856245137e+01,1.410631596228957108e+01
6.213489568448128608e+01,1.390297318933243353e+01
6.215490140040011369e+01,1.330974297207125900e+01
6.217490711631894840e+01,1.276504202504256469e+01
6.219491283223778311e+01,1.287238792595738701e+01
6.221491854815661782e+01,1.132077210674389001e+01
6.223492426407545253e+01,1.082781992878213195e+01
6.225492997999428724e+01,1.137953288365534377e+01
6.227493569591312195e+01,1.119379162534523786e+01
6.229494141183195666e+01,1.051394597675073683e+01
6.231494712775079137e+01,1.012553226747226631e+01
6.233495284366962608e+01,1.011461285224592999e+01
6.235495855958845368e+01,9.575618216616545553e+00
6.237496427550728839e+01,9.741469716383084787e+00
6.239496999142612310e+01,9.058690941999586244e+00
6.241497570734495781e+01,8.540205141266486777e+00
6.243498142326379252e+01,8.795115792332277138e+00
6.245498713918262723e+01,8.204779355004291119e+00
6.247499285510146194e+01,8.919782126030590064e+00
6.249499857102029665e+01,9.138355521243342494e+00
6.251500428693913136e+01,8.915120235910492852e+00
6.253501000285795897e+01,8.703719549577897396e+00
6.255501571877679368e+01,9.741205158455072066e+00
6.257502143469562839e+01,9.678150007768170582e+00
6.259502715061446310e+01,9.575309116549593824e+00
6.261503286653329781e+01,9.629065533387134224e+00
6.263503858245213252e+01,9.632801547636331563e+00
6.265504429837096723e+01,9.477644975260318461e+00
6.267505001428980194e+01,1.040938744849123765e+01
6.269505573020863665e+01,9.632797060383104792e+00
6.271506144612747136e+01,1.001746698038797234e+01
6.273506716204629896e+01,1.105067787026970016e+01
6.275507287796513367e+01,1.086163686940915873e+01
6.277507859388396838e+01,1.131170227157565478e+01
6.279508430980280309e+01,1.167833807225816223e+01
6.281509002572163780e+01,1.116918631030484299e+01
6.283509574164047251e+01,1.167666412694567946e+01
6.285510145755930722e+01,1.135743040050800268e+01
6.287510717347814193e+01,1.165199244641841858e+01
6.289511288939697664e+01,1.200659602347982435e+01
6.291511860531580425e+01,1.268609210627819550e+01
6.293512432123463896e+01,1.243349377381413845e+01
6.295513003715347367e+01,1.242734519994661824e+01
6.297513575307230838e+01,1.260965354324991594e+01
6.299514146899114309e+01,1.335369319667313803e+01
6.301514718490997780e+01,1.341840390788688353e+01
6.303515290082881251e+01,1.305630381555776509e+01
6.305515861674764722e+01,1.380887352393113332e+01
6.307516433266648193e+01,1.447639066501117000e+01
6.309517004858530953e+01,1.466238320745426904e+01
6.311517576450414424e+01,1.493168002157774943e+01
6.313518148042297895e+01,1.638996799728029430e+01
6.315518719634181366e+01,1.629835448207128223e+01
6.317519291226064837e+01,1.638741255167400013e+01
6.319519862817948308e+01,1.802978678553850855e+01
6.321520434409831779e+01,1.749762713604824782e+01
6.323521006001715250e+01,1.864928775810745165e+01
6.325521577593598721e+01,1.941459368775013772e+01
6.327522149185482192e+01,2.016697235839929192e+01
6.329522720777364952e+01,2.119505136646662180e+01
6.331523292369248423e+01,2.042307914224321763e+01
6.333523863961131894e+01,2.135105032311425788e+01
6.335524435553015365e+01,2.138198736526515376e+01
6.337525007144898836e+01,2.084484276929484992e+01
6.339525578736782307e+01,2.080543049520894172e+01
6.341526150328665778e+01,2.145136879030555477e+01
6.343526721920549249e+01,2.069750515385239709e+01
6.345527293512432720e+01,2.011432238269851425e+01
6.347527865104315481e+01,2.012155422398295457e+01
6.349528436696198952e+01,1.862598094274557070e+01
6.351529008288082423e+01,1.816963238238816558e+01
6.353529579879965894e+01,1.741868825317347103e+01
6.355530151471849365e+01,1.749637727624617511e+01
6.357530723063732836e+01,1.626485146677116944e+01
6.359531294655616307e+01,1.613099136314526305e+01
6.361531866247499778e+01,1.542830670698805662e+01
6.363532437839383249e+01,1.397678801834479501e+01
6.365533009431266720e+01,1.421455797578985347e+01
6.367533581023149480e+01,1.289664445990943165e+01
6.369534152615032951e+01,1.292452766216569948e+01
6.371534724206916422e+01,1.220001216025247359e+01
6.373535295798799893e+01,1.204837427300770614e+01
6.375535867390683364e+01,1.228173966097219605e+01
6.377536438982566835e+01,1.164629796310398113e+01
6.379537010574450306e+01,1.121222938137195513e+01
6.381537582166333777e+01,1.077425021559493246e+01
6.383538153758217248e+01,1.126802471035602693e+01
6.385538725350100009e+01,1.029705986285600261e+01
6.387539296941983480e+01,1.042009269875206456e+01
6.389539868533866951e+01,9.646512110311729060e+00
6.391540440125750422e+01,9.924581279245828114e+00
6.393541011717633893e+01,9.532180491199257588e+00
6.395541583309517364e+01,9.449432298878956971e+00
6.397542154901400835e+01,9.100813042604110947e+00
6.399542726493284306e+01,8.679236055996565113e+00
6.401543298085167066e+01,9.058589886825291870e+00
6.403543869677051248e+01,9.320190672428600109e+00
6.405544441268934008e+01,9.565383121823957779e+00
6.407545012860816769e+01,1.016446553154900734e+01
6.409545584452700950e+01,9.350638700717393448e+00
6.411546156044585132e+01,9.950849179741384276e+00
6.413546727636467892e+01,1.013311055285381812e+01
6.415547299228350653e+01,9.861435542255097886e+00
6.417547870820234834e+01,1.016082357617766263e+01
6.419548442412119016e+01,1.073094648476225288e+01
6.421549014004001776e+01,1.123749410523309500e+01
6.423549585595884537e+01,1.096917621915188867e+01
6.425550157187768718e+01,1.122711645512184475e+01
6.427550728779651479e+01,1.174703274277905507e+01
6.429551300371534239e+01,1.267215693644368457e+01
6.431551871963418421e+01,1.220005542223977990e+01
6.433552443555302602e+01,1.239054970267240385e+01
6.435553015147185363e+01,1.342115506790568169e+01
6.437553586739068123e+01,1.335880915469413566e+01
6.439554158330952305e+01,1.356824062105803819e+01
6.441554729922835065e+01,1.388439255936385663e+01
6.443555301514717826e+01,1.393376387887881052e+01
6.445555873106602007e+01,1.429513408569813748e+01
6.447556444698486189e+01,1.455364228735919241e+01
6.449557016290368949e+01,1.504417554850921945e+01
6.451557587882251710e+01,1.476171236425756561e+01
6.453558159474135891e+01,1.516016400187487889e+01
6.455558731066020073e+01,1.485340530907688894e+01
6.457559302657902833e+01,1.378309725300207944e+01
6.459559874249785594e+01,1.424858472907826012e+01
6.461560445841669775e+01,1.340882445917858767e+01
6.463561017433552536e+01,1.287471602958777339e+01
6.465561589025435296e+01,1.331755995195837983e+01
6.467562160617319478e+01,1.295758766861176881e+01
6.469562732209203659e+01,1.258062618816597045e+01
6.471563303801086420e+01,1.316398195642868174e+01
6.473563875392969180e+01,1.253772839428197727e+01
6.475564446984853362e+01,1.113449274623323859e+01
6.477565018576737543e+01,1.196636971867834554e+01
6.479565590168618883e+01,1.135035202723242520e+01
6.481566161760503064e+01,1.091154187104283046e+01
6.483566733352387246e+01,1.115720511126136927e+01
6.485567304944270006e+01,1.043934602460040928e+01
6.487567876536152767e+01,1.074298340892368309e+01
6.489568448128036948e+01,9.758084812952791509e+00
6.491569019719921130e+01,1.021705136982260953e+01
6.493569591311803890e+01,9.153589447222984177e+00
6.495570162903686651e+01,9.113463628894390212e+00
6.497570734495570832e+01,9.760202654677467393e+00
6.499571306087453593e+01,9.303831256458597210e+00
6.501571877679336353e+01,9.526450858644968989e+00
6.503572449271220535e+01,9.320013114245535135e+00
6.505573020863104716e+01,9.383064554803462798e+00
6.507573592454987477e+01,8.830192451822725275e+00
6.509574164046870237e+01,8.980682151889494591e+00
6.511574735638754419e+01,9.067189746571159503e+00
6.513575307230638600e+01,8.813760207857878726e+00
6.515575878822521361e+01,9.133818999505930236e+00
6.517576450414404121e+01,8.580394213759870325e+00
6.519577022006288303e+01,9.625076169441557639e+00
6.521577593598171063e+01,8.695267207292877387e+00
6.523578165190053824e+01,9.136771173726714323e+00
6.525578736781938005e+01,8.286688067214818432e+00
6.527579308373822187e+01,8.796331053387232757e+00
6.529579879965704947e+01,9.063732857194942483e+00
6.531580451557587708e+01,8.456051475433737252e+00
6.533581023149471889e+01,8.688285678800397704e+00
6.535581594741354650e+01,8.689769233123350034e+00
6.537582166333237410e+01,8.330333219937477551e+00
6.539582737925121592e+01,9.281487825465937647e+00
6.541583309517005773e+01,9.319532210849347464e+00
6.543583881108888534e+01,8.529955432596322495e+00
6.545584452700771294e+01,8.632859693248047250e+00
6.547585024292655476e+01,8.708848941844294700e+00
6.549585595884539657e+01,8.862809559636627199e+00
6.551586167476422418e+01,9.112697416055487665e+00
6.553586739068305178e+01,9.027611894607430187e+00
6.555587310660189360e+01,8.991960600484034671e+00
6.557587882252072120e+01,8.667916906646224717e+00
6.559588453843954881e+01,8.882367317257781281e+00
6.561589025435839062e+01,8.810499699971606091e+00
6.563589597027723244e+01,9.315575592625965129e+00
6.565590168619606004e+01,9.536878836926334202e+00
6.567590740211488765e+01,9.416398437788741305e+00
6.569591311803372946e+01,9.148123946516601990e+00
6.571591883395257128e+01,9.843730049440051033e+00
6.573592454987138467e+01,1.025367782343679046e+01
6.575593026579022649e+01,9.405859083002823695e+00
6.577593598170906830e+01,1.027275341181310608e+01
6.579594169762789591e+01,1.011600663813882939e+01
6.581594741354672351e+01,9.671778802821187071e+00
6.583595312946556533e+01,9.368812568855751977e+00
6.585595884538440714e+01,9.934899100277139183e+00
6.587596456130323475e+01,9.582101338934611690e+00
6.589597027722206235e+01,1.024181256568124709e+01
6.591597599314090417e+01,1.078679425613035292e+01
6.593598170905973177e+01,1.072332982877211371e+01
6.595598742497855937e+01,1.094323221213021924e+01
6.597599314089740119e+01,1.128835391543034028e+01
6.599599885681624301e+01,1.111053854213321124e+01
6.601600457273507061e+01,1.083939563817700069e+01
6.603601028865389821e+01,1.194936719911664724e+01
6.605601600457274003e+01,1.109862781882080363e+01
6.607602172049158185e+01,1.132009311949069996e+01
6.609602743641040945e+01,1.214507678780475430e+01
6.611603315232923705e+01,1.243419604378199850e+01
6.613603886824807887e+01,1.225817383083481182e+01
6.615604458416690647e+01,1.377823999561126556e+01
6.617605030008573408e+01,1.285740540413295818e+01
6.619605601600457589e+01,1.399407944421804117e+01
6.621606173192341771e+01,1.479188159376685086e+01
6.623606744784224531e+01,1.475595443595107348e+01
6.625607316376107292e+01,1.468624677001711021e+01
6.627607887967991473e+01,1.522827965673585737e+01
6.629608459559874234e+01,1.597721781184871581e+01
6.631609031151756994e+01,1.603740613863428877e+01
6.633609602743641176e+01,1.577183227186388415e+01
6.635610174335525357e+01,1.539988993219219537e+01
6.637610745927408118e+01,1.608757913824448593e+01
6.639611317519290878e+01,1.586548052972474565e+01
6.641611889111175060e+01,1.601279908214565140e+01
6.643612460703059241e+01,1.543649082038650633e+01
6.645613032294942002e+01,1.537916759627174912e+01
6.647613603886824762e+01,1.483886774367709371e+01
6.649614175478708944e+01,1.464726093978667265e+01
6.651614747070591704e+01,1.447925501840745888e+01
6.653615318662474465e+01,1.284178995312209359e+01
6.655615890254358646e+01,1.374542859356971647e+01
6.657616461846242828e+01,1.341729770687648937e+01
6.659617033438125588e+01,1.240474988735780215e+01
6.661617605030008349e+01,1.308077863513189598e+01
6.663618176621892530e+01,1.242719796349728512e+01
6.665618748213776712e+01,1.198168477835304202e+01
6.667619319805658051e+01,1.240092426515461277e+01
6.669619891397542233e+01,1.366284984406005165e+01
6.671620462989426414e+01,1.291263172724620567e+01
6.673621034581309175e+01,1.256225612854311713e+01
6.675621606173191935e+01,1.332671524779630445e+01
6.677622177765076117e+01,1.349383678587173563e+01
6.679622749356960298e+01,1.322927895279608634e+01
6.681623320948843059e+01,1.284613284213599371e+01
6.683623892540725819e+01,1.318006155240495048e+01
6.685624464132610001e+01,1.303022513945014893e+01
6.687625035724492761e+01,1.267253209069545150e+01
6.689625607316375522e+01,1.185440255954346256e+01
6.691626178908259703e+01,1.153027238485036676e+01
6.693626750500143885e+01,1.160389806406298163e+01
6.695627322092026645e+01,1.052895821963950951e+01
6.697627893683909406e+01,1.113154287052957869e+01
6.699628465275793587e+01,1.007519380714316526e+01
6.701629036867677769e+01,9.184214528386775100e+00
6.703629608459560529e+01,9.294714434897791477e+00
6.705630180051443290e+01,9.342302681363783279e+00
6.707630751643327471e+01,9.411211603443025098e+00
6.709631323235210232e+01,9.265125743500060906e+00
6.711631894827092992e+01,8.898400311195743484e+00
6.713632466418977174e+01,8.219627917856129784e+00
6.715633038010861355e+01,8.195837347814997287e+00
6.717633609602744116e+01,8.336294449804860562e+00
6.719634181194626876e+01,8.036454825213994013e+00
6.721634752786511058e+01,8.035109059897516559e+00
6.723635324378393818e+01,7.545904995116181624e+00
6.725635895970276579e+01,7.928079393047076096e+00
6.727636467562160760e+01,6.734502495927692678e+00
6.729637039154044942e+01,6.742673457742271559e+00
6.731637610745927702e+01,6.922166692579068581e+00
6.733638182337810463e+01,7.779981148998436957e+00
6.735638753929694644e+01,7.274305159685995115e+00
6.737639325521578826e+01,7.619615527290839019e+00
6.739639897113461586e+01,7.854653811363234261e+00
6.741640468705344347e+01,8.188225802531784225e+00
6.743641040297228528e+01,6.622509096042525023e+00
6.745641611889111289e+01,7.609656270962498859e+00
6.747642183480994049e+01,7.781662381294697894e+00
6.749642755072878231e+01,7.992490535595498713e+00
6.751643326664762412e+01,7.934418177297517083e+00
6.753643898256645173e+01,7.986979183313409614e+00
6.755644469848527933e+01,7.768736628871693917e+00
6.757645041440412115e+01,8.792042936782802798e+00
6.759645613032296296e+01,8.839078515732381902e+00
6.761646184624177636e+01,8.558013337767578221e+00
6.763646756216061817e+01,8.853221733949800054e+00
6.765647327807945999e+01,8.295406296264268065e+00
6.767647899399828759e+01,8.526751614409256774e+00
6.769648470991711520e+01,8.861392292989044961e+00
6.771649042583595701e+01,9.197978448282395192e+00
6.773649614175479883e+01,8.428433487875517827e+00
6.775650185767362643e+01,9.247332166141926990e+00
6.777650757359245404e+01,9.049646067052197651e+00
6.779651328951129585e+01,9.446671192712145171e+00
6.781651900543012346e+01,1.008811449418606898e+01
6.783652472134895106e+01,1.027574843304699570e+01
6.785653043726779288e+01,9.977289498987346406e+00
6.787653615318663469e+01,9.569030346943964815e+00
6.789654186910546230e+01,9.443345174803337017e+00
6.791654758502428990e+01,1.005696005565462947e+01
6.793655330094313172e+01,9.237854997556748771e+00
6.795655901686197353e+01,9.306027387685539054e+00
6.797656473278080114e+01,9.717224779455550632e+00
6.799657044869962874e+01,9.796226188884331165e+00
6.801657616461847056e+01,1.027676382300155211e+01
6.803658188053729816e+01,1.015476889035397967e+01
6.805658759645612577e+01,1.052814456525581477e+01
6.807659331237496758e+01,9.475331944965416753e+00
6.809659902829380940e+01,1.032729936770205015e+01
6.811660474421263700e+01,1.008736733278315256e+01
6.813661046013146461e+01,1.019875237480517427e+01
6.815661617605030642e+01,1.050515961449765179e+01
6.817662189196913403e+01,8.923278125127731997e+00
6.819662760788796163e+01,9.665472516037416639e+00
6.821663332380680345e+01,9.459545403815823761e+00
6.823663903972564526e+01,9.986228250405741136e+00
6.825664475564447287e+01,9.964763511399523210e+00
6.827665047156330047e+01,9.642202950211766321e+00
6.829665618748214229e+01,9.171844740197453660e+00
6.831666190340098410e+01,9.983719762085920379e+00
6.833666761931981171e+01,9.868854859652367750e+00
6.835667333523863931e+01,9.556051795390398951e+00
6.837667905115748113e+01,9.555939507427503088e+00
6.839668476707630873e+01,9.766229989391979061e+00
6.841669048299513634e+01,8.492334078102945938e+00
6.843669619891397815e+01,9.965835408121932915e+00
6.845670191483281997e+01,8.414813114843710196e+00
6.847670763075164757e+01,9.413479555591163006e+00
6.849671334667047518e+01,8.381308874678119025e+00
6.851671906258931699e+01,8.983924781544608607e+00
6.853672477850815881e+01,9.392090874415284674e+00
6.855673049442697220e+01,8.457933692368719392e+00
6.857673621034581402e+01,9.289483803715295807e+00
6.859674192626465583e+01,8.932638287353245943e+00
6.861674764218348344e+01,8.935262120267701391e+00
6.863675335810231104e+01,8.680865782019210997e+00
6.865675907402115286e+01,9.477584997813863765e+00
6.867676478993999467e+01,8.852488257951467432e+00
6.869677050585882228e+01,8.995248044989624603e+00
6.871677622177764988e+01,9.115680584380857709e+00
6.873678193769649170e+01,8.371140906896389566e+00
6.875678765361531930e+01,9.696089809602801424e+00
6.877679336953414690e+01,9.552453211393101995e+00
6.879679908545298872e+01,8.933314657683641968e+00
6.881680480137183054e+01,9.012691187037184193e+00
6.883681051729065814e+01,8.628342811510808730e+00
6.885681623320948574e+01,9.403858433307892284e+00
6.887682194912832756e+01,8.789213254980115408e+00
6.889682766504716938e+01,8.062435928221374226e+00
6.891683338096599698e+01,8.405568011716026078e+00
6.893683909688482458e+01,7.907551046497150793e+00
6.895684481280366640e+01,8.618818540583033538e+00
6.897685052872249400e+01,8.297039035603953394e+00
6.899685624464132161e+01,9.635373341323667518e+00
6.901686196056016342e+01,8.577724532064786800e+00
6.903686767647900524e+01,8.868803480852305299e+00
6.905687339239783284e+01,9.562564376661566001e+00
6.907687910831666045e+01,9.360105702410525197e+00
6.909688482423550226e+01,9.535348945615577776e+00
6.911689054015432987e+01,9.294902732562539072e+00
6.913689625607315747e+01,9.151201863708623208e+00
6.915690197199199929e+01,1.011592322271978617e+01
6.917690768791084110e+01,1.029489028292896968e+01
6.919691340382966871e+01,1.080770733905209546e+01
6.921691911974849631e+01,1.024167712519153106e+01
6.923692483566733813e+01,1.062917133420820726e+01
6.925693055158617994e+01,1.013313927054502095e+01
6.927693626750500755e+01,9.941693292044227803e+00
6.929694198342383515e+01,9.931014440345430572e+00
6.931694769934267697e+01,9.363709115931722948e+00
6.933695341526150457e+01,9.596859612159201802e+00
6.935695913118033218e+01,9.139949127731203049e+00
6.937696484709917399e+01,9.513658988149794382e+00
6.939697056301801581e+01,8.744222903646853950e+00
6.941697627893684341e+01,8.836832400281377176e+00
6.943698199485567102e+01,9.500789181171281683e+00
6.945698771077451283e+01,9.411860529221470983e+00
6.947699342669335465e+01,8.969908039336141670e+00
6.949699914261216804e+01,9.323486338865240697e+00
6.951700485853100986e+01,9.091818942916159330e+00
6.953701057444985167e+01,9.278820841906693317e+00
6.955701629036867928e+01,1.007957313545238165e+01
6.957702200628750688e+01,9.673546921336029669e+00
6.959702772220634870e+01,1.034721036324754273e+01
6.961703343812519051e+01,1.096791360414246874e+01
6.963703915404401812e+01,1.042144015372328880e+01
6.965704486996284572e+01,1.116833790772922086e+01
6.967705058588168754e+01,1.184972427501372927e+01
6.969705630180051514e+01,1.216903731193481875e+01
6.971706201771934275e+01,1.260402035503344642e+01
6.973706773363818456e+01,1.352940261233638353e+01
6.975707344955702638e+01,1.456025765595256871e+01
6.977707916547585398e+01,1.478035138358508149e+01
6.979708488139468159e+01,1.500091337526053969e+01
6.981709059731352340e+01,1.526160098195031267e+01
6.983709631323236522e+01,1.633596695480219907e+01
6.985710202915119282e+01,1.651590944394121152e+01
6.987710774507002043e+01,1.703939710788836592e+01
6.989711346098886224e+01,1.768960912898776172e+01
6.991711917690768985e+01,1.747017426096525838e+01
6.993712489282651745e+01,1.747353720331669535e+01
6.995713060874535927e+01,1.832675384084001635e+01
6.997713632466420108e+01,1.840271450887244242e+01
6.999714204058302869e+01,1.844592297429277394e+01
7.001714775650185629e+01,1.789732744619752935e+01
7.003715347242069811e+01,1.839259244720213715e+01
7.005715918833952571e+01,1.865202061435058667e+01
7.007716490425835332e+01,1.838031242553744349e+01
7.009717062017719513e+01,1.780755186228148546e+01
7.011717633609603695e+01,1.700224414997100553e+01
7.013718205201486455e+01,1.678788574767573749e+01
7.015718776793369216e+01,1.727136530397014624e+01
7.017719348385253397e+01,1.712221469403154472e+01
7.019719919977137579e+01,1.716531227050160169e+01
7.021720491569020339e+01,1.585859560202918672e+01
7.023721063160903100e+01,1.582345593880492984e+01
7.025721634752787281e+01,1.625223646080366535e+01
7.027722206344670042e+01,1.613439192597364169e+01
7.029722777936552802e+01,1.619923984182429422e+01
7.031723349528436984e+01,1.584060556572807954e+01
7.033723921120321165e+01,1.433641821955596640e+01
7.035724492712203926e+01,1.452627351954311052e+01
7.037725064304086686e+01,1.420220041321069004e+01
7.039725635895970868e+01,1.419829131739578010e+01
7.041726207487855049e+01,1.329763185073014853e+01
7.043726779079736389e+01,1.414925422813803024e+01
7.045727350671620570e+01,1.319493133640698090e+01
7.047727922263504752e+01,1.354884491248762757e+01
7.049728493855387512e+01,1.353619532762173705e+01
7.051729065447270273e+01,1.338136853389937642e+01
7.053729637039154454e+01,1.252522105311195233e+01
7.055730208631038636e+01,1.355527792039518431e+01
7.057730780222921396e+01,1.297323103771005925e+01
7.059731351814804157e+01,1.353800047156500952e+01
7.061731923406688338e+01,1.285612937252497190e+01
7.063732494998571099e+01,1.327773107118383145e+01
7.065733066590453859e+01,1.359502546034478598e+01
7.067733638182338041e+01,1.439776807999123776e+01
7.069734209774222222e+01,1.473301377732945205e+01
7.071734781366104983e+01,1.533875882508274735e+01
7.073735352957987743e+01,1.556200396100572902e+01
7.075735924549871925e+01,1.590915033084356089e+01
7.077736496141756106e+01,1.623847987711056007e+01
7.079737067733638867e+01,1.780560939115975927e+01
7.081737639325521627e+01,1.785017541811353681e+01
7.083738210917405809e+01,1.735557525785211297e+01
7.085738782509288569e+01,1.785977856832086275e+01
7.087739354101171330e+01,1.855744508737796394e+01
7.089739925693055511e+01,1.754435363755190735e+01
7.091740497284939693e+01,1.778530797805994013e+01
7.093741068876822453e+01,1.823176649091251988e+01
7.095741640468705214e+01,1.735135522360186400e+01
7.097742212060589395e+01,1.735095726810040162e+01
7.099742783652472156e+01,1.720293179805388206e+01
7.101743355244354916e+01,1.756056018062105650e+01
7.103743926836239098e+01,1.666754671264130749e+01
7.105744498428123279e+01,1.677665737044760874e+01
7.107745070020006040e+01,1.544167090298498657e+01
7.109745641611888800e+01,1.515258254342148447e+01
7.111746213203772982e+01,1.512396633488347319e+01
7.113746784795657163e+01,1.552445029736747983e+01
7.115747356387539924e+01,1.506267544602857278e+01
7.117747927979422684e+01,1.603661109402515095e+01
7.119748499571306866e+01,1.509163820236718223e+01
7.121749071163189626e+01,1.485297554776429152e+01
7.123749642755072387e+01,1.565241080777509985e+01
7.125750214346956568e+01,1.666388625811728019e+01
7.127750785938840750e+01,1.572522442797831843e+01
7.129751357530723510e+01,1.684678623738769687e+01
7.131751929122606271e+01,1.679788601924223457e+01
7.133752500714490452e+01,1.748487097785529443e+01
7.135753072306374634e+01,1.677847417953742593e+01
7.137753643898255973e+01,1.741328877143356024e+01
7.139754215490140155e+01,1.798448179769325606e+01
7.141754787082024336e+01,1.822050690857544453e+01
7.143755358673907097e+01,1.774791986588475012e+01
7.145755930265789857e+01,1.875847304230487822e+01
7.147756501857674039e+01,1.899684945296241878e+01
7.149757073449558220e+01,1.855590345557696352e+01
7.151757645041440981e+01,1.907952984615767278e+01
7.153758216633323741e+01,1.842164487033647902e+01
7.155758788225207923e+01,1.801787440214458513e+01
7.157759359817090683e+01,1.742363863997757534e+01
7.159759931408973443e+01,1.687453248501035930e+01
7.161760503000857625e+01,1.651793127436052089e+01
7.163761074592741807e+01,1.706987599090984631e+01
7.165761646184624567e+01,1.655926214464397361e+01
7.167762217776507327e+01,1.639668895849542807e+01
7.169762789368391509e+01,1.636287438898469304e+01
7.171763360960275691e+01,1.630250087188811037e+01
7.173763932552158451e+01,1.573729249190484225e+01
7.175764504144041211e+01,1.542936783393173350e+01
7.177765075735925393e+01,1.524606819657717161e+01
7.179765647327808153e+01,1.453109068929564707e+01
7.181766218919690914e+01,1.453801073175196379e+01
7.183766790511575095e+01,1.561101307028864937e+01
7.185767362103459277e+01,1.572334286405856574e+01
7.187767933695342037e+01,1.577319891602355284e+01
7.189768505287224798e+01,1.621128869163803188e+01
7.191769076879108979e+01,1.588982911049640023e+01
7.193769648470991740e+01,1.529099705637705497e+01
7.195770220062874500e+01,1.639549202986684406e+01
7.197770791654758682e+01,1.642046049555409581e+01
7.199771363246642863e+01,1.615752037626344162e+01
7.201771934838525624e+01,1.615091085988046871e+01
7.203772506430408384e+01,1.693085536474669794e+01
7.205773078022292566e+01,1.660603436280204193e+01
7.207773649614176747e+01,1.651032783945879601e+01
7.209774221206059508e+01,1.591021780342014225e+01
7.211774792797942268e+01,1.581653855459699898e+01
7.213775364389826450e+01,1.545617632829868526e+01
7.215775935981709210e+01,1.447083669801896555e+01
7.217776507573591971e+01,1.484979617201400970e+01
7.219777079165476152e+01,1.406285535010206544e+01
7.221777650757360334e+01,1.405478279350536752e+01
7.223778222349243094e+01,1.371791248489568105e+01
7.225778793941125855e+01,1.258461417518528691e+01
7.227779365533010036e+01,1.280268404892769496e+01
7.229779937124894218e+01,1.236853850662373588e+01
7.231780508716775557e+01,1.097412894651535709e+01
7.233781080308659739e+01,1.084642443945912405e+01
7.235781651900543920e+01,1.055013928719045957e+01
7.237782223492426681e+01,1.043607380207831881e+01
7.239782795084309441e+01,9.860522156784391257e+00
7.241783366676193623e+01,9.054302879322998265e+00
7.243783938268077804e+01,8.752618805493533216e+00
7.245784509859960565e+01,8.914906671662928161e+00
7.247785081451843325e+01,8.474917608302861893e+00
7.249785653043727507e+01,9.052676000445075033e+00
7.251786224635610267e+01,8.257347531922377470e+00
7.253786796227493028e+01,8.475537109229083654e+00
7.255787367819377209e+01,7.642072978943375006e+00
7.257787939411261391e+01,7.804612826693625216e+00
7.259788511003144151e+01,8.645920704845112326e+00
7.261789082595026912e+01,8.724917768996380829e+00
7.263789654186911093e+01,8.703272312180539316e+00
7.265790225778795275e+01,8.108920930257557558e+00
7.267790797370678035e+01,8.240706401656893831e+00
7.269791368962560796e+01,8.332524865457628493e+00
7.271791940554444977e+01,9.023563271298630895e+00
7.273792512146327738e+01,8.718928214724137149e+00
7.275793083738210498e+01,8.794888830669123081e+00
7.277793655330094680e+01,8.273720121319183107e+00
7.279794226921978861e+01,8.319690011777716165e+00
7.281794798513861622e+01,9.056817612577953369e+00
7.283795370105744382e+01,9.161603707568563237e+00
7.285795941697628564e+01,9.283611065277170837e+00
7.287796513289511324e+01,9.836591969902498178e+00
7.289797084881394085e+01,9.789225692724944139e+00
7.291797656473278266e+01,9.979648748891870369e+00
7.293798228065162448e+01,1.055542965765291541e+01
7.295798799657045208e+01,1.110352777687482906e+01
7.297799371248927969e+01,1.098197234339187744e+01
7.299799942840812150e+01,1.054389514306996922e+01
7.301800514432696332e+01,1.095861229862623354e+01
7.303801086024579092e+01,1.077287235469098192e+01
7.305801657616461853e+01,1.100554866904378670e+01
7.307802229208346034e+01,1.104059898178611832e+01
7.309802800800228795e+01,1.097582718084893827e+01
7.311803372392111555e+01,1.060346059041897604e+01
7.313803943983995737e+01,1.061110351548576070e+01
7.315804515575879918e+01,1.015192523238268407e+01
7.317805087167762679e+01,1.070978449054257631e+01
7.319805658759645439e+01,9.959913188323882949e+00
7.321806230351529621e+01,9.126019401379087626e+00
7.323806801943413802e+01,9.381441545041004915e+00
7.325807373535295142e+01,8.848342864315419831e+00
7.327807945127179323e+01,9.478063723775253635e+00
7.329808516719063505e+01,8.929025151256468007e+00
7.331809088310946265e+01,8.636684311539946535e+00
7.333809659902829026e+01,8.831155270717603756e+00
7.335810231494713207e+01,8.836483182489615729e+00
7.337810803086597389e+01,8.243401214576023150e+00
7.339811374678480149e+01,8.337222459091737647e+00
7.341811946270362910e+01,8.393274455233996179e+00
7.343812517862247091e+01,7.895069351780882094e+00
7.345813089454129852e+01,7.758848347514362587e+00
7.347813661046012612e+01,7.896221832425326603e+00
7.349814232637896794e+01,7.780864169010751397e+00
7.351814804229780975e+01,8.035980662141277264e+00
7.353815375821663736e+01,7.410458690533927140e+00
7.355815947413546496e+01,7.605301431174987137e+00
7.357816519005430678e+01,7.211539276947149801e+00
7.359817090597314859e+01,8.065759890275312927e+00
7.361817662189197620e+01,7.527139681961426021e+00
7.363818233781080380e+01,7.732015889761700400e+00
7.365818805372964562e+01,7.541812283895946933e+00
7.367819376964847322e+01,7.491586226726038689e+00
7.369819948556730083e+01,7.388236583333280372e+00
7.371820520148614264e+01,7.478745237893210884e+00
7.373821091740498446e+01,8.043698740596264329e+00
7.375821663332381206e+01,7.444135483781897378e+00
7.377822234924263967e+01,7.805603903709192437e+00
7.379822806516148148e+01,7.452428599328714931e+00
7.381823378108030909e+01,7.110695778291416858e+00
7.383823949699913669e+01,7.579400231908096863e+00
7.385824521291797851e+01,8.016214730865183213e+00
7.387825092883682032e+01,7.348730579686209907e+00
7.389825664475564793e+01,6.729523007829210535e+00
7.391826236067447553e+01,6.969932594424546934e+00
7.393826807659331735e+01,7.024791627455092780e+00
7.395827379251215916e+01,7.196819097406833343e+00
7.397827950843098677e+01,7.309682435131072076e+00
7.399828522434981437e+01,6.884748244533851924e+00
7.401829094026865619e+01,8.030377092131894656e+00
7.403829665618748379e+01,7.476932548668493439e+00
7.405830237210632561e+01,7.142097239271844700e+00
7.407830808802515321e+01,8.068924864230840654e+00
7.409831380394398082e+01,8.537706170185138888e+00
7.411831951986282263e+01,7.587128037972836303e+00
7.413832523578165024e+01,8.275255218598914553e+00
7.415833095170049205e+01,8.305867360783798503e+00
7.417833666761931966e+01,9.041150008339137401e+00
7.419834238353816147e+01,8.695622699199466510e+00
7.421834809945698908e+01,8.797385151705345407e+00
7.423835381537583089e+01,8.064408428860080136e+00
7.425835953129465850e+01,9.337452994885795832e+00
7.427836524721348610e+01,9.480414927085407228e+00
7.429837096313232792e+01,8.647955707886904264e+00
7.431837667905115552e+01,9.076649697412301876e+00
7.433838239496999734e+01,8.885118748203673533e+00
7.435838811088882494e+01,9.383574777320896843e+00
7.437839382680766676e+01,1.022462079836232363e+01
7.439839954272649436e+01,9.805642103355157957e+00
7.441840525864533618e+01,9.508049155438596856e+00
7.443841097456416378e+01,1.018357761682448626e+01
7.445841669048300560e+01,1.012038680373615307e+01
7.447842240640183320e+01,1.011955799109211185e+01
7.449842812232066080e+01,1.082671932653047087e+01
7.451843383823950262e+01,1.079650405417477543e+01
7.453843955415833022e+01,1.030063234946355166e+01
7.455844527007717204e+01,1.161172374605740742e+01
7.457845098599599964e+01,1.163527801900784553e+01
7.459845670191484146e+01,1.226440140491682840e+01
7.461846241783366906e+01,1.280415562578031263e+01
7.463846813375251088e+01,1.308500370816313563e+01
7.465847384967133848e+01,1.275908784041083166e+01
7.467847956559016609e+01,1.338346685341901221e+01
7.469848528150900790e+01,1.307280283385570741e+01
7.471849099742783551e+01,1.385730791512124149e+01
7.473849671334667732e+01,1.446571980846650796e+01
7.475850242926550493e+01,1.572106215398937756e+01
7.477850814518434674e+01,1.529977768830651996e+01
7.479851386110317435e+01,1.686092439062652204e+01
7.481851957702201616e+01,1.657843926798765466e+01
7.483852529294084377e+01,1.726060254516112025e+01
7.485853100885967137e+01,1.874255173524122853e+01
7.487853672477851319e+01,1.914937280334763159e+01
7.489854244069734079e+01,1.926765931264382914e+01
7.491854815661618261e+01,2.046142999747890201e+01
7.493855387253501021e+01,2.086980569487831616e+01
7.495855958845385203e+01,2.111178456975901341e+01
7.497856530437267963e+01,2.180659087195474299e+01
7.499857102029152145e+01,2.155332755791716437e+01
7.501857673621034905e+01,2.303908124472491181e+01
7.503858245212917666e+01,2.365908529858542408e+01
7.505858816804801847e+01,2.384086490051471685e+01
7.507859388396684608e+01,2.338087562248539086e+01
7.509859959988568789e+01,2.337506888500871938e+01
7.511860531580451550e+01,2.407843212912555941e+01
7.513861103172335731e+01,2.375459904103399111e+01
7.515861674764218492e+01,2.388375081508002040e+01
7.517862246356102673e+01,2.360135795243107637e+01
7.519862817947985434e+01,2.435557306624975027e+01
7.521863389539868194e+01,2.430236119781577031e+01
7.523863961131752376e+01,2.354671713076914230e+01
7.525864532723635136e+01,2.428360797962650963e+01
7.527865104315519318e+01,2.330292943655818760e+01
7.529865675907402078e+01,2.337654346034721442e+01
7.531866247499286260e+01,2.410442502073887994e+01
7.533866819091169020e+01,2.397371674114334539e+01
7.535867390683053202e+01,2.286651587141017217e+01
7.537867962274935962e+01,2.267114219509115713e+01
7.539868533866820144e+01,2.209452032468984584e+01
7.541869105458702904e+01,2.169766121684489946e+01
7.543869677050585665e+01,2.137009290684042639e+01
7.545870248642469846e+01,2.116640227017277454e+01
7.547870820234352607e+01,2.010010087377317234e+01
7.549871391826236788e+01,1.925815712097218224e+01
7.551871963418119549e+01,1.818284408423041043e+01
7.553872535010003730e+01,1.829202388024115322e+01
7.555873106601886491e+01,1.670604463266193207e+01
7.557873678193770672e+01,1.681772572134180521e+01
7.559874249785653433e+01,1.649772944637102157e+01
7.561874821377536193e+01,1.563507515464278086e+01
7.563875392969420375e+01,1.567909749245409401e+01
7.565875964561303135e+01,1.514235555802074629e+01
7.567876536153187317e+01,1.516887332073049954e+01
7.569877107745070077e+01,1.415437030457755441e+01
7.571877679336954259e+01,1.529085593198321291e+01
7.573878250928837019e+01,1.420977894946345543e+01
7.575878822520721201e+01,1.376313225676741858e+01
7.577879394112603961e+01,1.400032526448875458e+01
7.579879965704486722e+01,1.374253542725853272e+01
7.581880537296370903e+01,1.415182454746116747e+01
7.583881108888253664e+01,1.498063107000024630e+01
7.585881680480137845e+01,1.496445282471593785e+01
7.587882252072020606e+01,1.473101438205691593e+01
7.589882823663904787e+01,1.435640993034454027e+01
7.591883395255787548e+01,1.481306143222585270e+01
7.593883966847671729e+01,1.610347164110639895e+01
7.595884538439554490e+01,1.621100617416747269e+01
7.597885110031437250e+01,1.506717004872823296e+01
7.599885681623321432e+01,1.486782407319858024e+01
7.601886253215204192e+01,1.499665079353072983e+01
7.603886824807088374e+01,1.553949008620137562e+01
7.605887396398971134e+01,1.576001888027033360e+01
7.607887967990855316e+01,1.564289840318438607e+01
7.609888539582738076e+01,1.553319386177615158e+01
7.611889111174622258e+01,1.567231964718669701e+01
7.613889682766505018e+01,1.566673264621528361e+01
7.615890254358387779e+01,1.621492134201486124e+01
7.617890825950271960e+01,1.570080547677909522e+01
7.619891397542154721e+01,1.558776676088990243e+01
7.621891969134038902e+01,1.545155688747227885e+01
7.623892540725921663e+01,1.524312753685169852e+01
7.625893112317805844e+01,1.619999397864986435e+01
7.627893683909688605e+01,1.522944338928064667e+01
7.629894255501572786e+01,1.529347448662157660e+01
7.631894827093455547e+01,1.451175426084845022e+01
7.633895398685339728e+01,1.518937531900360227e+01
7.635895970277222489e+01,1.398093263525848862e+01
7.637896541869105249e+01,1.493183487166029266e+01
7.639897113460989431e+01,1.388330763236620058e+01
7.641897685052872191e+01,1.381703812058298375e+01
7.643898256644756373e+01,1.395031168715055969e+01
7.645898828236639133e+01,1.351271217964094262e+01
7.647899399828523315e+01,1.382829838638272690e+01
7.649899971420406075e+01,1.347354682907775114e+01
7.651900543012290257e+01,1.327144839530795295e+01
7.653901114604173017e+01,1.402393784071202276e+01
7.655901686196055778e+01,1.261389836970795209e+01
7.657902257787939959e+01,1.283223872661539744e+01
7.659902829379822720e+01,1.343128255847673280e+01
7.661903400971706901e+01,1.294573739854943284e+01
7.663903972563589662e+01,1.360167592304870965e+01
7.665904544155473843e+01,1.350977928157525731e+01
7.667905115747356604e+01,1.305985603277169638e+01
7.669905687339240785e+01,1.239211935994958225e+01
7.671906258931123546e+01,1.263468357195378111e+01
7.673906830523006306e+01,1.348120812913677824e+01
7.675907402114890488e+01,1.215079313197703037e+01
7.677907973706773248e+01,1.247316489230747294e+01
7.679908545298657430e+01,1.232726278114176566e+01
7.681909116890540190e+01,1.168623202380896409e+01
7.683909688482424372e+01,1.163475356434754460e+01
7.685910260074307132e+01,1.139243467436963542e+01
7.687910831666191314e+01,1.139492164823187181e+01
7.689911403258074074e+01,1.090642263475854890e+01
7.691911974849956835e+01,1.048309185971670132e+01
7.693912546441841016e+01,1.069219413922064454e+01
7.695913118033723777e+01,1.012882967541609958e+01
7.697913689625607958e+01,9.802219811438655839e+00
7.699914261217490719e+01,9.953733729473384528e+00
7.701914832809374900e+01,1.005722841273991364e+01
7.703915404401257661e+01,1.012465080410211726e+01
7.705915975993141842e+01,9.398777535853554355e+00
7.707916547585024603e+01,8.833519446014239662e+00
7.709917119176907363e+01,9.847825409192122237e+00
7.711917690768791545e+01,9.657668461664597359e+00
7.713918262360674305e+01,9.865834962450140466e+00
7.715918833952558487e+01,1.044102703921215358e+01
7.717919405544441247e+01,8.897212351609413261e+00
7.719919977136325429e+01,9.353441877093926493e+00
7.721920548728208189e+01,9.262608285060986546e+00
7.723921120320092371e+01,9.191242827015283723e+00
7.725921691911975131e+01,9.280900701351763260e+00
7.727922263503859313e+01,9.697730759637352094e+00
7.729922835095742073e+01,9.778380641935463302e+00
7.731923406687624833e+01,9.946477494407567121e+00
7.733923978279509015e+01,9.826048989387738075e+00
7.735924549871391775e+01,9.755807549136717327e+00
7.737925121463275957e+01,9.021167734211948286e+00
7.739925693055158717e+01,9.564043036507246853e+00
7.741926264647042899e+01,1.025613848303931519e+01
7.743926836238925659e+01,1.081369527018451038e+01
7.745927407830809841e+01,1.009419740801979692e+01
7.747927979422692601e+01,1.120504641374953536e+01
7.749928551014575362e+01,1.119833538242443538e+01
7.751929122606459543e+01,1.093758973381054744e+01
7.753929694198342304e+01,1.159877463685294785e+01
7.755930265790226485e+01,1.056351393658506410e+01
7.757930837382109246e+01,1.208137821864286110e+01
7.759931408973993427e+01,1.201937541968067080e+01
7.761931980565876188e+01,1.248159310220967555e+01
7.763932552157760369e+01,1.242911041706758546e+01
7.765933123749643130e+01,1.317324868801957827e+01
7.767933695341525890e+01,1.354067538809446702e+01
7.769934266933410072e+01,1.303746614169698148e+01
7.771934838525292832e+01,1.368955215200989528e+01
7.773935410117177014e+01,1.429936164376459651e+01
7.775935981709059774e+01,1.429229808798325685e+01
7.777936553300943956e+01,1.366734195378092132e+01
7.779937124892826716e+01,1.394582673737035350e+01
7.781937696484710898e+01,1.463089411860198652e+01
7.783938268076593658e+01,1.391412954091796195e+01
7.785938839668476419e+01,1.478849436825419872e+01
7.787939411260360600e+01,1.440752261900081344e+01
7.789939982852243361e+01,1.373261158114365266e+01
7.791940554444127542e+01,1.379388114139593213e+01
7.793941126036010303e+01,1.424636780180993867e+01
7.795941697627894484e+01,1.347564559269874884e+01
7.797942269219777245e+01,1.388221567691764413e+01
7.799942840811661426e+01,1.400402965202653149e+01
7.801943412403544187e+01,1.398547081937560321e+01
7.803943983995426947e+01,1.399357866781453907e+01
7.805944555587311129e+01,1.349987934116195731e+01
7.807945127179193889e+01,1.405789593412742988e+01
7.809945698771078071e+01,1.399486383902959119e+01
7.811946270362960831e+01,1.425037692749256024e+01
7.813946841954845013e+01,1.349723056063174198e+01
7.815947413546727773e+01,1.313299870833544780e+01
7.817947985138611955e+01,1.323635558128384559e+01
7.819948556730494715e+01,1.185296661314409405e+01
7.821949128322378897e+01,1.248310726136990212e+01
7.823949699914261657e+01,1.209591711353978383e+01
7.825950271506144418e+01,1.250558280190322691e+01
7.827950843098028599e+01,1.105445144881838715e+01
7.829951414689911360e+01,1.052795711005623858e+01
7.831951986281795541e+01,1.124117148712300818e+01
7.833952557873678302e+01,1.048873062610657492e+01
7.835953129465562483e+01,1.015783662981694135e+01
7.837953701057445244e+01,9.770911608646336788e+00
7.839954272649329425e+01,1.084063438058998230e+01
7.841954844241212186e+01,9.402677487521115651e+00
7.843955415833094946e+01,9.523073715612756729e+00
7.845955987424979128e+01,1.022698817916810654e+01
7.847956559016861888e+01,1.002382958297101645e+01
7.849957130608746070e+01,1.014325335811607331e+01
7.851957702200628830e+01,1.037453899672138746e+01
7.853958273792513012e+01,9.600741608902222168e+00
7.855958845384395772e+01,9.879684426752753268e+00
7.857959416976279954e+01,8.959903777815473092e+00
7.859959988568162714e+01,9.996847380148343731e+00
7.861960560160045475e+01,9.423436706560455178e+00
7.863961131751929656e+01,1.024419138167903398e+01
7.865961703343812417e+01,1.004098382345227414e+01
7.867962274935696598e+01,1.048175806044216429e+01
7.869962846527579359e+01,9.973306177743353373e+00
7.871963418119463540e+01,1.138349871447964290e+01
7.873963989711346301e+01,1.113448942984904555e+01
7.875964561303230482e+01,1.090362764985093058e+01
7.877965132895113243e+01,1.181767750449073873e+01
7.879965704486996003e+01,1.189954671735465475e+01
7.881966276078880185e+01,1.169186154319083393e+01
7.883966847670762945e+01,1.071563651473658574e+01
7.885967419262647127e+01,1.078894808980022901e+01
7.887967990854529887e+01,1.165158531333877079e+01
7.889968562446414069e+01,1.087362363272405474e+01
7.891969134038296829e+01,1.033373791522219776e+01
7.893969705630181011e+01,1.066778128493519517e+01
7.895970277222063771e+01,9.880355034586880691e+00
7.897970848813946532e+01,1.019045567793740759e+01
7.899971420405830713e+01,1.027945028882100509e+01
7.901971991997713474e+01,8.550341794101560922e+00
7.903972563589597655e+01,9.179842755562383161e+00
7.905973135181480416e+01,8.737108462520815522e+00
7.907973706773364597e+01,8.800674482115841357e+00
7.909974278365247358e+01,8.528193661372155177e+00
7.911974849957131539e+01,7.500759323921858623e+00
7.913975421549014300e+01,7.721647452512807597e+00
7.915975993140898481e+01,7.221479240138345190e+00
7.917976564732781242e+01,7.940268807579678345e+00
7.919977136324664002e+01,6.809694191844302580e+00
7.921977707916548184e+01,6.823108855532338701e+00
7.923978279508430944e+01,7.189889812860907448e+00
7.925978851100315126e+01,6.548923774249458596e+00
7.927979422692197886e+01,6.393749335429589564e+00
7.929979994284082068e+01,5.994292077475519953e+00
7.931980565875964828e+01,7.024580527028883026e+00
7.933981137467849010e+01,6.856317910677867999e+00
7.935981709059731770e+01,6.003585283847272080e+00
7.937982280651614531e+01,6.727130183452865175e+00
7.939982852243498712e+01,6.562680341452137966e+00
7.941983423835381473e+01,6.569400354166912592e+00
7.943983995427265654e+01,6.403116614110574645e+00
7.945984567019148415e+01,6.927446816041259225e+00
7.947985138611032596e+01,7.042673375731599350e+00
7.949985710202915357e+01,6.963921524736342406e+00
7.951986281794799538e+01,6.381604317888015743e+00
7.953986853386682299e+01,7.126573426005256451e+00
7.955987424978565059e+01,6.852803369109857101e+00
7.957987996570449241e+01,7.173674987010896231e+00
7.959988568162332001e+01,6.241303579433633786e+00
7.961989139754216183e+01,7.331460032616581302e+00
7.963989711346098943e+01,6.746432270837808609e+00
7.965990282937983125e+01,7.250313703475283589e+00
7.967990854529865885e+01,7.238198783961626859e+00
7.969991426121750067e+01,6.231084596225263894e+00
7.971991997713632827e+01,6.396137297840685854e+00
7.973992569305515588e+01,6.631516195309410833e+00
7.975993140897399769e+01,6.586536967808074294e+00
7.977993712489282530e+01,6.800410310565524696e+00
7.979994284081166711e+01,5.865312812799584385e+00
7.981994855673049472e+01,5.874936225401770074e+00
7.983995427264933653e+01,4.895847506689764650e+00
7.985995998856816414e+01,5.082810791139990236e+00
7.987996570448700595e+01,5.609743201166523363e+00
7.989997142040583356e+01,4.419614112060019195e+00
7.991997713632466116e+01,4.564683048146603639e+00
7.993998285224350298e+01,4.712357974769826541e+00
7.995998856816233058e+01,5.100931307819656979e+00
7.997999428408117240e+01,5.127718335549035444e+00
8.000000000000000000e+01,4.634868032074594524e+00
