angle,intensity
1.000000000000000000e+01,4.050017734371007982e+00
1.002000571591883471e+01,4.972534722463568535e+00
1.004001143183766764e+01,5.540946721327902225e+00
1.006001714775650235e+01,5.581013790359875770e+00
1.008002286367533529e+01,5.957335698334039975e+00
1.010002857959417000e+01,5.909848573772451097e+00
1.012003429551300293e+01,5.312439861440011235e+00
1.014004001143183764e+01,6.740637681446461471e+00
1.016004572735067235e+01,5.765200400714391549e+00
1.018005144326950528e+01,6.928366132796302423e+00
1.020005715918833999e+01,6.161751541852888536e+00
1.022006287510717293e+01,7.351374045642921295e+00
1.024006859102600764e+01,6.802620993778734970e+00
1.026007430694484057e+01,7.593709460557548141e+00
1.028008002286367528e+01,6.783267287147965341e+00
1.030008573878250999e+01,6.980686394937786865e+00
1.032009145470134293e+01,6.834669833163953712e+00
1.034009717062017764e+01,7.252060473279121844e+00
1.036010288653901057e+01,7.111351007077111319e+00
1.038010860245784528e+01,7.646548009687172964e+00
1.040011431837667999e+01,8.117108885651243000e+00
1.042012003429551292e+01,8.109309990195729512e+00
1.044012575021434763e+01,7.457869281644449622e+00
1.046013146613318057e+01,8.612776274126220599e+00
1.048013718205201528e+01,8.489173685799809022e+00
1.050014289797084821e+01,8.625175924349798962e+00
1.052014861388968292e+01,9.068299860414688496e+00
1.054015432980851585e+01,8.227495721578881316e+00
1.056016004572735056e+01,8.957140534536909726e+00
1.058016576164618527e+01,9.787844345134171675e+00
1.060017147756501821e+01,9.402466448576797475e+00
1.062017719348385292e+01,1.032395049819073840e+01
1.064018290940268585e+01,9.795845757755149208e+00
1.066018862532152056e+01,1.012967833707877396e+01
1.068019434124035527e+01,1.058782217531649117e+01
1.070020005715918820e+01,1.025163483476518600e+01
1.072020577307802292e+01,1.085861132018623820e+01
1.074021148899685585e+01,1.063133692090233318e+01
1.076021720491569056e+01,1.166523138701166395e+01
1.078022292083452349e+01,1.124352964751780171e+01
1.080022863675335820e+01,1.087825103203840627e+01
1.082023435267219291e+01,1.198885279225990708e+01
1.084024006859102585e+01,1.127192850576702199e+01
1.086024578450986056e+01,1.199494626779577544e+01
1.088025150042869349e+01,1.315226756569883371e+01
1.090025721634752820e+01,1.282039664034327764e+01
1.092026293226636113e+01,1.325460300936813418e+01
1.094026864818519584e+01,1.362361054474121858e+01
1.096027436410403055e+01,1.395075618321357958e+01
1.098028008002286349e+01,1.328229307522860303e+01
1.100028579594169820e+01,1.461481148039841926e+01
1.102029151186053113e+01,1.400234601051043626e+01
1.104029722777936584e+01,1.388338153580731316e+01
1.106030294369819877e+01,1.453095863011213851e+01
1.108030865961703348e+01,1.402296708737792841e+01
1.110031437553586819e+01,1.475284610545893393e+01
1.112032009145470113e+01,1.508907386194903566e+01
1.114032580737353584e+01,1.523157719460515835e+01
1.116033152329236877e+01,1.545454778295241560e+01
1.118033723921120348e+01,1.571516178089046001e+01
1.120034295513003642e+01,1.473206124645650306e+01
1.122034867104887113e+01,1.473927597880163454e+01
1.124035438696770584e+01,1.487052543742779420e+01
1.126036010288653877e+01,1.408065812857936550e+01
1.128036581880537348e+01,1.408895478417749558e+01
1.130037153472420641e+01,1.411546797154896460e+01
1.132037725064304112e+01,1.396521039446166768e+01
1.134038296656187583e+01,1.470771918881194651e+01
1.136038868248070877e+01,1.289570862494283254e+01
1.138039439839954348e+01,1.353990405868246150e+01
1.140040011431837641e+01,1.243277516824189455e+01
1.142040583023721112e+01,1.203660650034982282e+01
1.144041154615604405e+01,1.213097245382965994e+01
1.146041726207487876e+01,1.139416054496023989e+01
1.148042297799371170e+01,1.122507519766275763e+01
1.150042869391254641e+01,1.104536707138583118e+01
1.152043440983138112e+01,1.019684256698816149e+01
1.154044012575021405e+01,1.031389591230313840e+01
1.156044584166904876e+01,9.919850592548026924e+00
1.158045155758788169e+01,9.982544229684872761e+00
1.160045727350671640e+01,8.818554279800158824e+00
1.162046298942555111e+01,7.704531051918962703e+00
1.164046870534438405e+01,7.565481578134151341e+00
1.166047442126321876e+01,7.048152195925654340e+00
1.168048013718205169e+01,6.622524149382306824e+00
1.170048585310088640e+01,7.369143528491219897e+00
1.172049156901971934e+01,6.738383795753096983e+00
1.174049728493855405e+01,6.292234543394767066e+00
1.176050300085738698e+01,6.082808599111698911e+00
1.178050871677622169e+01,6.443541312677099953e+00
1.180051443269505640e+01,5.573427727042375324e+00
1.182052014861388933e+01,5.849980840663127069e+00
1.184052586453272404e+01,5.611479199849100041e+00
1.186053158045155698e+01,6.326198786578240529e+00
1.188053729637039169e+01,6.177966228851738961e+00
1.190054301228922640e+01,6.065447211837030395e+00
1.192054872820805933e+01,6.716786263431812287e+00
1.194055444412689404e+01,5.679513995410956362e+00
1.196056016004572697e+01,6.284288016504085306e+00
1.198056587596456168e+01,6.685726246132667860e+00
1.200057159188339639e+01,6.349393923553477315e+00
1.202057730780222933e+01,7.337758085017311416e+00
1.204058302372106226e+01,6.711825453086066595e+00
1.206058873963989697e+01,6.927585525350265172e+00
1.208059445555873168e+01,7.133554289149694583e+00
1.210060017147756461e+01,7.241010537805829372e+00
1.212060588739639932e+01,6.672520661829413946e+00
1.214061160331523226e+01,7.890326908990856758e+00
1.216061731923406697e+01,7.459022441210997556e+00
1.218062303515290168e+01,8.340450214935190232e+00
1.220062875107173461e+01,8.036709294742633958e+00
1.222063446699056932e+01,8.003465675758423714e+00
1.224064018290940226e+01,8.553735536425634223e+00
1.226064589882823697e+01,9.356579679794361226e+00
1.228065161474707168e+01,8.084601517503646306e+00
1.230065733066590461e+01,8.293517236492855105e+00
1.232066304658473754e+01,9.243763952370787962e+00
1.234066876250357225e+01,9.134587027822968608e+00
1.236067447842240696e+01,9.574289583116577518e+00
1.238068019434123990e+01,1.000228260935288915e+01
1.240068591026007461e+01,9.803431777577975126e+00
1.242069162617890754e+01,1.003741341239497054e+01
1.244069734209774225e+01,9.849732828608441793e+00
1.246070305801657696e+01,9.584127254918222150e+00
1.248070877393540989e+01,1.062601439695154859e+01
1.250071448985424460e+01,1.067813153432106077e+01
1.252072020577307754e+01,1.090170143330638197e+01
1.254072592169191225e+01,1.142998965770024711e+01
1.256073163761074696e+01,1.184958131451721819e+01
1.258073735352957989e+01,1.081616534463969082e+01
1.260074306944841460e+01,1.202361870764476492e+01
1.262074878536724754e+01,1.122351846301528866e+01
1.264075450128608225e+01,1.210625118997226046e+01
1.266076021720491518e+01,1.169187505151661099e+01
1.268076593312374989e+01,1.133971537615598280e+01
1.270077164904258282e+01,1.190245200957188132e+01
1.272077736496141753e+01,1.201339092222379357e+01
1.274078308088025224e+01,1.311990042402715240e+01
1.276078879679908518e+01,1.252502680595881124e+01
1.278079451271791989e+01,1.212540209734168428e+01
1.280080022863675282e+01,1.333779326744552485e+01
1.282080594455558753e+01,1.305885447668404709e+01
1.284081166047442224e+01,1.361982240888333706e+01
1.286081737639325517e+01,1.377080234135489079e+01
1.288082309231208988e+01,1.423134460139560886e+01
1.290082880823092282e+01,1.543510893903474646e+01
1.292083452414975753e+01,1.442585647444906805e+01
1.294084024006859224e+01,1.449245230745623836e+01
1.296084595598742517e+01,1.524286456665320522e+01
1.298085167190625810e+01,1.587060762944359738e+01
1.300085738782509281e+01,1.623043779156850874e+01
1.302086310374392752e+01,1.720350926942747449e+01
1.304086881966276046e+01,1.709446100044627670e+01
1.306087453558159517e+01,1.781815854676167987e+01
1.308088025150042810e+01,1.780919423038744753e+01
1.310088596741926281e+01,1.841913944850911378e+01
1.312089168333809752e+01,1.947013934058869111e+01
1.314089739925693046e+01,1.925034414700170871e+01
1.316090311517576517e+01,1.982702009973253965e+01
1.318090883109459810e+01,2.014881475563396407e+01
1.320091454701343281e+01,2.112236423634035276e+01
1.322092026293226752e+01,2.064673674390111202e+01
1.324092597885110045e+01,2.188526308941009901e+01
1.326093169476993339e+01,2.106601277782779036e+01
1.328093741068876810e+01,2.160171458207999962e+01
1.330094312660760281e+01,2.188669572074004321e+01
1.332094884252643574e+01,2.213904264008383294e+01
1.334095455844527045e+01,2.353186900723313357e+01
1.336096027436410338e+01,2.292176299817100116e+01
1.338096599028293809e+01,2.299986093867485337e+01
1.340097170620177280e+01,2.240987910649284487e+01
1.342097742212060574e+01,2.201910340206638494e+01
1.344098313803944045e+01,2.293172337140989470e+01
1.346098885395827338e+01,2.214038000036444132e+01
1.348099456987710809e+01,2.246289340033403192e+01
1.350100028579594280e+01,2.191798076533034489e+01
1.352100600171477573e+01,2.155887341632111642e+01
1.354101171763361044e+01,2.165533514040543750e+01
1.356101743355244338e+01,2.147294003172378041e+01
1.358102314947127809e+01,2.113156157677696712e+01
1.360102886539011102e+01,2.131866153082803095e+01
1.362103458130894573e+01,2.173931993657185657e+01
1.364104029722777867e+01,2.182565134938878160e+01
1.366104601314661338e+01,2.273198542316288950e+01
1.368105172906544809e+01,2.222289336605804877e+01
1.370105744498428102e+01,2.332408818944914231e+01
1.372106316090311573e+01,2.304484582251468439e+01
1.374106887682194866e+01,2.351853603569478679e+01
1.376107459274078337e+01,2.411937740055256540e+01
1.378108030865961808e+01,2.438093932177618228e+01
1.380108602457845102e+01,2.564925326160228636e+01
1.382109174049728573e+01,2.629552193708152785e+01
1.384109745641611866e+01,2.644643274475423311e+01
1.386110317233495337e+01,2.762057154940597314e+01
1.388110888825378808e+01,2.855463954274168614e+01
1.390111460417262101e+01,2.935189372241067574e+01
1.392112032009145395e+01,2.947970725138942782e+01
1.394112603601028866e+01,3.028082266334818229e+01
1.396113175192912337e+01,3.202788934287659828e+01
1.398113746784795630e+01,3.258075749809369626e+01
1.400114318376679101e+01,3.348360926892954126e+01
1.402114889968562395e+01,3.495477476827663565e+01
1.404115461560445866e+01,3.477714654335449040e+01
1.406116033152329337e+01,3.686475977977760721e+01
1.408116604744212630e+01,3.751225710625453758e+01
1.410117176336095923e+01,3.792102630719526957e+01
1.412117747927979394e+01,3.958415782740235045e+01
1.414118319519862865e+01,3.997240255423658795e+01
1.416118891111746336e+01,4.201663659239072501e+01
1.418119462703629630e+01,4.193231415329542244e+01
1.420120034295512923e+01,4.326349768132516971e+01
1.422120605887396394e+01,4.399889615866026560e+01
1.424121177479279865e+01,4.551191154607282385e+01
1.426121749071163336e+01,4.579220378000659508e+01
1.428122320663046629e+01,4.650473833733761353e+01
1.430122892254929923e+01,4.832524061265377213e+01
1.432123463846813394e+01,4.801893274261025368e+01
1.434124035438696865e+01,4.924656118868528409e+01
1.436124607030580158e+01,5.006237148743365850e+01
1.438125178622463629e+01,5.116943489158918368e+01
1.440125750214346922e+01,5.084083517513390404e+01
1.442126321806230393e+01,5.136776878862556117e+01
1.444126893398113864e+01,5.014702342532635981e+01
1.446127464989997158e+01,5.086716518989237557e+01
1.448128036581880451e+01,4.928580597761575177e+01
1.450128608173763922e+01,4.785129114224081803e+01
1.452129179765647393e+01,4.748483679702937366e+01
1.454129751357530864e+01,4.614525713184736588e+01
1.456130322949414158e+01,4.402450055646322369e+01
1.458130894541297451e+01,4.234525127136961231e+01
1.460131466133180922e+01,4.008013647319560846e+01
1.462132037725064393e+01,3.831020148492977739e+01
1.464132609316947686e+01,3.544580020737964077e+01
1.466133180908831157e+01,3.313398352199137520e+01
1.468133752500714451e+01,3.131179007003779802e+01
1.470134324092597922e+01,2.861574916796616463e+01
1.472134895684481393e+01,2.579993585028396907e+01
1.474135467276364686e+01,2.514339761716387756e+01
1.476136038868247979e+01,2.284717461980780229e+01
1.478136610460131450e+01,2.217949552944717340e+01
1.480137182052014921e+01,2.022367884534540039e+01
1.482137753643898392e+01,1.928650707514463747e+01
1.484138325235781686e+01,1.918097969925252855e+01
1.486138896827664979e+01,1.845367367277926007e+01
1.488139468419548450e+01,1.920778288033384840e+01
1.490140040011431921e+01,1.914778098620517710e+01
1.492140611603315392e+01,1.756112623338560397e+01
1.494141183195198685e+01,1.866576835501914999e+01
1.496141754787081979e+01,1.853308920780269631e+01
1.498142326378965450e+01,1.854849414368249327e+01
1.500142897970848921e+01,1.885486114094232590e+01
1.502143469562732214e+01,1.896576442125839890e+01
1.504144041154615508e+01,1.895806288932022454e+01
1.506144612746498979e+01,1.745538121688410982e+01
1.508145184338382450e+01,1.855882356325426841e+01
1.510145755930265921e+01,1.762137081520468129e+01
1.512146327522149214e+01,1.743732064971414886e+01
1.514146899114032507e+01,1.754491913234001288e+01
1.516147470705915978e+01,1.660083202355700038e+01
1.518148042297799449e+01,1.577558379883515904e+01
1.520148613889682920e+01,1.626926000359237534e+01
1.522149185481566214e+01,1.526234667966645553e+01
1.524149757073449507e+01,1.479402157165676890e+01
1.526150328665332978e+01,1.471652427423109621e+01
1.528150900257216449e+01,1.414311919382581983e+01
1.530151471849099742e+01,1.325490072999392765e+01
1.532152043440983036e+01,1.239646908750677845e+01
1.534152615032866507e+01,1.163567508287107444e+01
1.536153186624749978e+01,1.181142339291501031e+01
1.538153758216633449e+01,1.145898965081402920e+01
1.540154329808516742e+01,1.231146166879838333e+01
1.542154901400400036e+01,1.177556882388929971e+01
1.544155472992283507e+01,1.073139035033240773e+01
1.546156044584166978e+01,1.139969384636617278e+01
1.548156616176050449e+01,1.165505257944685802e+01
1.550157187767933742e+01,1.177715391536042233e+01
1.552157759359817035e+01,1.195649030025801629e+01
1.554158330951700506e+01,1.161023114423652203e+01
1.556158902543583977e+01,1.199739021930241378e+01
1.558159474135467271e+01,1.276769745536718048e+01
1.560160045727350742e+01,1.211761901657446927e+01
1.562160617319234035e+01,1.239944763311751608e+01
1.564161188911117506e+01,1.366774160024117002e+01
1.566161760503000977e+01,1.329494963889598225e+01
1.568162332094884270e+01,1.395800789132515973e+01
1.570162903686767564e+01,1.370932766010577986e+01
1.572163475278651035e+01,1.443520883312873160e+01
1.574164046870534506e+01,1.467755645360521655e+01
1.576164618462417977e+01,1.526732554203346837e+01
1.578165190054301270e+01,1.534274911255552176e+01
1.580165761646184563e+01,1.547659643570148447e+01
1.582166333238068034e+01,1.529947213978446463e+01
1.584166904829951505e+01,1.687215433161710720e+01
1.586167476421834799e+01,1.607726211602200550e+01
1.588168048013718270e+01,1.651915697715942954e+01
1.590168619605601563e+01,1.638560431245487337e+01
1.592169191197485034e+01,1.674714934100621377e+01
1.594169762789368505e+01,1.773492228009406091e+01
1.596170334381251799e+01,1.743785948218686599e+01
1.598170905973135092e+01,1.713178184366130452e+01
1.600171477565018563e+01,1.719154572308108442e+01
1.602172049156902034e+01,1.799047382984588239e+01
1.604172620748785505e+01,1.682604701805012581e+01
1.606173192340668976e+01,1.665217583365248188e+01
1.608173763932552092e+01,1.634112513966101332e+01
1.610174335524435563e+01,1.601243615077521198e+01
1.612174907116319034e+01,1.561627039513437865e+01
1.614175478708202505e+01,1.517105997168481935e+01
1.616176050300085620e+01,1.370673534345501743e+01
1.618176621891969091e+01,1.456247431824440675e+01
1.620177193483852562e+01,1.282251696910158856e+01
1.622177765075736033e+01,1.253109979278109165e+01
1.624178336667619504e+01,1.206413522191450660e+01
1.626178908259502620e+01,1.168479395641750784e+01
1.628179479851386091e+01,1.090888398890254507e+01
1.630180051443269562e+01,1.081389942709700236e+01
1.632180623035153033e+01,1.014732842765758392e+01
1.634181194627036149e+01,8.786380929738653478e+00
1.636181766218919620e+01,9.023424268567071138e+00
1.638182337810803091e+01,8.716985169925111521e+00
1.640182909402686562e+01,8.289382878790783948e+00
1.642183480994570033e+01,8.311588724068387890e+00
1.644184052586453504e+01,9.242111743056760531e+00
1.646184624178336620e+01,9.111112336235501985e+00
1.648185195770220091e+01,8.991945879461466617e+00
1.650185767362103562e+01,8.437644035114105989e+00
1.652186338953986677e+01,8.651076557269643530e+00
1.654186910545870148e+01,9.333714403446393248e+00
1.656187482137753619e+01,9.225988512977762568e+00
1.658188053729637090e+01,8.630076255466709867e+00
1.660188625321520561e+01,9.780025416607955435e+00
1.662189196913404032e+01,9.791919216601995046e+00
1.664189768505287148e+01,9.751938300815593763e+00
1.666190340097170619e+01,9.005078853201808897e+00
1.668190911689054090e+01,9.612887455206559295e+00
1.670191483280937561e+01,9.342332654689744942e+00
1.672192054872820677e+01,8.432706513784147262e+00
1.674192626464704148e+01,8.564820910509913787e+00
1.676193198056587619e+01,8.907311419929161644e+00
1.678193769648471090e+01,8.034438433531992274e+00
1.680194341240354561e+01,8.767032265818757608e+00
1.682194912832238032e+01,8.776759049183329608e+00
1.684195484424121148e+01,7.603566761721618938e+00
1.686196056016004619e+01,7.806511407706935302e+00
1.688196627607888090e+01,7.750572170404925743e+00
1.690197199199771205e+01,8.016588423762804894e+00
1.692197770791654676e+01,7.354960364406788464e+00
1.694198342383538147e+01,6.997280269517280438e+00
1.696198913975421618e+01,7.599016832077493788e+00
1.698199485567305089e+01,7.567604468317732369e+00
1.700200057159188560e+01,7.592794713401382900e+00
1.702200628751071676e+01,7.430098138126140839e+00
1.704201200342955147e+01,7.734256316753260307e+00
1.706201771934838618e+01,8.059499675741143676e+00
1.708202343526722089e+01,8.248440996840093575e+00
1.710202915118605205e+01,8.207516064093903552e+00
1.712203486710488676e+01,8.731571263112618553e+00
1.714204058302372147e+01,8.448904762900257381e+00
1.716204629894255618e+01,8.229641772814405343e+00
1.718205201486139089e+01,8.350624674621329291e+00
1.720205773078022204e+01,8.304507647072689736e+00
1.722206344669905675e+01,9.059737308302517889e+00
1.724206916261789146e+01,9.077538713794377045e+00
1.726207487853672617e+01,8.835230580978924664e+00
1.728208059445555733e+01,9.346718460014113106e+00
1.730208631037439204e+01,9.747978269382482353e+00
1.732209202629322675e+01,8.978126371163938302e+00
1.734209774221206146e+01,9.499567141577687224e+00
1.736210345813089617e+01,9.575569067084435559e+00
1.738210917404973088e+01,1.002946333161660775e+01
1.740211488996856204e+01,1.117704477786513451e+01
1.742212060588739675e+01,9.946957658980204897e+00
1.744212632180623146e+01,1.016764175466848741e+01
1.746213203772506262e+01,1.061562490633566469e+01
1.748213775364389733e+01,1.138132751752965532e+01
1.750214346956273204e+01,1.132804959215375007e+01
1.752214918548156675e+01,1.189000034363709801e+01
1.754215490140040146e+01,1.231158632337089820e+01
1.756216061731923617e+01,1.283214059046521172e+01
1.758216633323806732e+01,1.305243343097299658e+01
1.760217204915690203e+01,1.363195289228996110e+01
1.762217776507573674e+01,1.324560556285787882e+01
1.764218348099457145e+01,1.259176019935713597e+01
1.766218919691340261e+01,1.393630588549534188e+01
1.768219491283223732e+01,1.426708415303571797e+01
1.770220062875107203e+01,1.445243971447577813e+01
1.772220634466990674e+01,1.393647422124330504e+01
1.774221206058874145e+01,1.358820783528750020e+01
1.776221777650757616e+01,1.352461941923706412e+01
1.778222349242640732e+01,1.314271242947070384e+01
1.780222920834524203e+01,1.356234616067733079e+01
1.782223492426407674e+01,1.307306485831380805e+01
1.784224064018290790e+01,1.247990607327766455e+01
1.786224635610174261e+01,1.158921146105127420e+01
1.788225207202057732e+01,1.197876798608020188e+01
1.790225778793941203e+01,1.178008472591893963e+01
1.792226350385824674e+01,1.177945861878272993e+01
1.794226921977708145e+01,1.056073500661554654e+01
1.796227493569591260e+01,1.058603626309113110e+01
1.798228065161474731e+01,9.841233466769416793e+00
1.800228636753358202e+01,9.070426529320977593e+00
1.802229208345241318e+01,9.718385465816123059e+00
1.804229779937124789e+01,1.001394061617089193e+01
1.806230351529008260e+01,9.694686529555681886e+00
1.808230923120891731e+01,8.893091891682168182e+00
1.810231494712775202e+01,8.524690229696762600e+00
1.812232066304658673e+01,9.237912175532621006e+00
1.814232637896542144e+01,8.825807122561997176e+00
1.816233209488425260e+01,8.660310159509538863e+00
1.818233781080308731e+01,8.503590881984164795e+00
1.820234352672191847e+01,8.899671077735980873e+00
1.822234924264075318e+01,9.094344743661343600e+00
1.824235495855958789e+01,1.028881462872568520e+01
1.826236067447842260e+01,9.564480443167299839e+00
1.828236639039725731e+01,8.948480330540800054e+00
1.830237210631609202e+01,9.732079594216251905e+00
1.832237782223492673e+01,9.657176673410511114e+00
1.834238353815375788e+01,1.033185798992120574e+01
1.836238925407259259e+01,1.021768583891073412e+01
1.838239496999142730e+01,1.042383242230519969e+01
1.840240068591025846e+01,9.869622182993959214e+00
1.842240640182909317e+01,1.027897034260612585e+01
1.844241211774792788e+01,9.789460888172245134e+00
1.846241783366676259e+01,1.061971038817533142e+01
1.848242354958559730e+01,9.412397870657390087e+00
1.850242926550443201e+01,1.024913575987923053e+01
1.852243498142326672e+01,9.905412132099559841e+00
1.854244069734209788e+01,9.025525403177656614e+00
1.856244641326093259e+01,9.873705322331289835e+00
1.858245212917976374e+01,8.895801435206436736e+00
1.860245784509859845e+01,8.512766202337129329e+00
1.862246356101743316e+01,9.111958921197413019e+00
1.864246927693626787e+01,9.233845465821165277e+00
1.866247499285510258e+01,9.345164152453302009e+00
1.868248070877393729e+01,8.504989295863046195e+00
1.870248642469277200e+01,8.923725124576890266e+00
1.872249214061160316e+01,8.684087702424736932e+00
1.874249785653043787e+01,9.312275164587489940e+00
1.876250357244927258e+01,8.881170162255942913e+00
1.878250928836810374e+01,8.909273515862556891e+00
1.880251500428693845e+01,9.050137353376525695e+00
1.882252072020577316e+01,9.218039532914044543e+00
1.884252643612460787e+01,9.250901091793288344e+00
1.886253215204344258e+01,8.415804317193289918e+00
1.888253786796227729e+01,9.185445460918272076e+00
1.890254358388111200e+01,8.529038507585955387e+00
1.892254929979994316e+01,8.613596020680255094e+00
1.894255501571877787e+01,9.502968845199662340e+00
1.896256073163760902e+01,8.209041666507978618e+00
1.898256644755644373e+01,8.407936551601627784e+00
1.900257216347527844e+01,8.424884540873314620e+00
1.902257787939411315e+01,8.927436720688877614e+00
1.904258359531294786e+01,8.766200876535497954e+00
1.906258931123178257e+01,7.955660003899444277e+00
1.908259502715061728e+01,8.518748769118177577e+00
1.910260074306944844e+01,7.678424066126464886e+00
1.912260645898828315e+01,8.126036422303272388e+00
1.914261217490711431e+01,7.911614211342810954e+00
1.916261789082594902e+01,8.178971162591475164e+00
1.918262360674478373e+01,8.136820357398274695e+00
1.920262932266361844e+01,8.220946747219308293e+00
1.922263503858245315e+01,7.859066431545467246e+00
1.924264075450128786e+01,8.039319995184126100e+00
1.926264647042012257e+01,7.870593210678933360e+00
1.928265218633895373e+01,8.501667860838628243e+00
1.930265790225778844e+01,7.789131828444471495e+00
1.932266361817662315e+01,7.634671029481349791e+00
1.934266933409545430e+01,7.936995121758616989e+00
1.936267505001428901e+01,7.060525923295596584e+00
1.938268076593312372e+01,6.399666067333026120e+00
1.940268648185195843e+01,7.184318843821577261e+00
1.942269219777079314e+01,6.351653228912217841e+00
1.944269791368962785e+01,5.906927324419114278e+00
1.946270362960846256e+01,6.262571390883348244e+00
1.948270934552729372e+01,6.003166082876510323e+00
1.950271506144612843e+01,6.659484476191000368e+00
1.952272077736495959e+01,5.783055202922623650e+00
1.954272649328379430e+01,5.903785535000558582e+00
1.956273220920262901e+01,6.727827261955474647e+00
1.958273792512146372e+01,6.003516886619579829e+00
1.960274364104029843e+01,6.219169822792549596e+00
1.962274935695913314e+01,6.447224640269691776e+00
1.964275507287796785e+01,6.254780266782978160e+00
1.966276078879679901e+01,5.862612454328070655e+00
1.968276650471563372e+01,5.620159236049621754e+00
1.970277222063446487e+01,6.390912216494415432e+00
1.972277793655329958e+01,6.686907391946895984e+00
1.974278365247213429e+01,6.326941881714645888e+00
1.976278936839096900e+01,6.831953188916342512e+00
1.978279508430980371e+01,7.018215992660477021e+00
1.980280080022863842e+01,6.052119373990280771e+00
1.982280651614747313e+01,6.293025068514555898e+00
1.984281223206630784e+01,7.588978427350403955e+00
1.986281794798513900e+01,7.071326925584401124e+00
1.988282366390397371e+01,7.199675382400206658e+00
1.990282937982280487e+01,7.022756704931236271e+00
1.992283509574163958e+01,7.109076820345968883e+00
1.994284081166047429e+01,7.173861238211408420e+00
1.996284652757930900e+01,7.653086605525965425e+00
1.998285224349814371e+01,7.294405001056848192e+00
2.000285795941697842e+01,7.780821193156765680e+00
2.002286367533581313e+01,7.986390147659094829e+00
2.004286939125464428e+01,7.984149047997145310e+00
2.006287510717347899e+01,7.967581953524767613e+00
2.008288082309231015e+01,8.459470542307659713e+00
2.010288653901114486e+01,8.682384199964117144e+00
2.012289225492997957e+01,8.592897597973806256e+00
2.014289797084881428e+01,9.448120802250091543e+00
2.016290368676764899e+01,1.006087595369984200e+01
2.018290940268648370e+01,9.403792635995994686e+00
2.020291511860531841e+01,1.014476481354117610e+01
2.022292083452414957e+01,9.458860640576865819e+00
2.024292655044298428e+01,9.711969925096047618e+00
2.026293226636181899e+01,9.950857585214002654e+00
2.028293798228065015e+01,1.090863155130911899e+01
2.030294369819948486e+01,1.054511051638279184e+01
2.032294941411831957e+01,1.025441007130454452e+01
2.034295513003715428e+01,9.975677891165206645e+00
2.036296084595598899e+01,9.761296366402728353e+00
2.038296656187482370e+01,9.785461241033519997e+00
2.040297227779365841e+01,8.446040130210331398e+00
2.042297799371248956e+01,8.917373598567603921e+00
2.044298370963132427e+01,8.480499419928115401e+00
2.046298942555015543e+01,7.935945188075850254e+00
2.048299514146899014e+01,8.255885648684653688e+00
2.050300085738782485e+01,8.161951839005483933e+00
2.052300657330665956e+01,7.600446722909460107e+00
2.054301228922549427e+01,7.189428309758760349e+00
2.056301800514432898e+01,7.203187678700416541e+00
2.058302372106316369e+01,6.375875845405561293e+00
2.060302943698199485e+01,7.285983048475838331e+00
2.062303515290082956e+01,6.845512853210730775e+00
2.064304086881966072e+01,7.015065479073674837e+00
2.066304658473849543e+01,6.696831047267348680e+00
2.068305230065733014e+01,7.359265791687826130e+00
2.070305801657616485e+01,7.832341531716365601e+00
2.072306373249499956e+01,7.528193387253081070e+00
2.074306944841383427e+01,7.651501678173434406e+00
2.076307516433266898e+01,7.351337647868989578e+00
2.078308088025150369e+01,7.506967003285427431e+00
2.080308659617033484e+01,8.134847822556924513e+00
2.082309231208916955e+01,7.694348892184704525e+00
2.084309802800800071e+01,7.873295848209479253e+00
2.086310374392683542e+01,9.037032365021397950e+00
2.088310945984567013e+01,9.119189089566082984e+00
2.090311517576450484e+01,8.767480996228911749e+00
2.092312089168333955e+01,9.973101009978332598e+00
2.094312660760217426e+01,9.304174054590763632e+00
2.096313232352100897e+01,9.908439391205444480e+00
2.098313803943984013e+01,1.062528508203990008e+01
2.100314375535867484e+01,1.025255498668696319e+01
2.102314947127750600e+01,9.920194871601704989e+00
2.104315518719634071e+01,1.054501396509579081e+01
2.106316090311517542e+01,1.094011865662650251e+01
2.108316661903401013e+01,1.231894100049260921e+01
2.110317233495284484e+01,1.154290447887779969e+01
2.112317805087167955e+01,1.246948790016278252e+01
2.114318376679051426e+01,1.285079070643573473e+01
2.116318948270934541e+01,1.283754583045372399e+01
2.118319519862818012e+01,1.350806712242544272e+01
2.120320091454701483e+01,1.413323533855050762e+01
2.122320663046584599e+01,1.453677994705786247e+01
2.124321234638468070e+01,1.457588540947951117e+01
2.126321806230351541e+01,1.492023711151447785e+01
2.128322377822235012e+01,1.626244596183790492e+01
2.130322949414118483e+01,1.669262242076966984e+01
2.132323521006001954e+01,1.745441719760016142e+01
2.134324092597885425e+01,1.673506419985236349e+01
2.136324664189768541e+01,1.794343824597673276e+01
2.138325235781652012e+01,1.899979809004978293e+01
2.140325807373535127e+01,1.889134883227222517e+01
2.142326378965418598e+01,1.896606476074823888e+01
2.144326950557302069e+01,2.049222911276042325e+01
2.146327522149185540e+01,2.129680490235281454e+01
2.148328093741069011e+01,2.173895955894668930e+01
2.150328665332952482e+01,2.096022025697488544e+01
2.152329236924835953e+01,2.208488935420301402e+01
2.154329808516719069e+01,2.319005745133886620e+01
2.156330380108602540e+01,2.314251615558081099e+01
2.158330951700485656e+01,2.291980171790175902e+01
2.160331523292369127e+01,2.362357451702976263e+01
2.162332094884252598e+01,2.374464218157918083e+01
2.164332666476136069e+01,2.306847317020428179e+01
2.166333238068019540e+01,2.234141376870557139e+01
2.168333809659903011e+01,2.268145969194574008e+01
2.170334381251786482e+01,2.190930550829961376e+01
2.172334952843669598e+01,2.163660084841047393e+01
2.174335524435553069e+01,2.148445077402513803e+01
2.176336096027436540e+01,2.049811251242628884e+01
2.178336667619319655e+01,2.025646474383779605e+01
2.180337239211203126e+01,2.060116532655318267e+01
2.182337810803086597e+01,2.006491789208416066e+01
2.184338382394970068e+01,1.980282727944555532e+01
2.186338953986853539e+01,1.941355467080421704e+01
2.188339525578737010e+01,1.988989501211002775e+01
2.190340097170620481e+01,1.921307671062886868e+01
2.192340668762503597e+01,2.009445455041134565e+01
2.194341240354387068e+01,2.057832063584517712e+01
2.196341811946270184e+01,1.951186598117203275e+01
2.198342383538153655e+01,2.007527952280408456e+01
2.200342955130037126e+01,2.064719206897375514e+01
2.202343526721920597e+01,2.085897479588538772e+01
2.204344098313804068e+01,2.125033922260543662e+01
2.206344669905687539e+01,2.076018118975996529e+01
2.208345241497571010e+01,2.033945677092214410e+01
2.210345813089454126e+01,2.066593658683924062e+01
2.212346384681337597e+01,2.035862975458581303e+01
2.214346956273221068e+01,2.009640444251959934e+01
2.216347527865104183e+01,1.963308951239892508e+01
2.218348099456987654e+01,1.967534117846386366e+01
2.220348671048871125e+01,2.011758935678542315e+01
2.222349242640754596e+01,2.005647008375542839e+01
2.224349814232638067e+01,2.092461580566524049e+01
2.226350385824521538e+01,2.091455494993421738e+01
2.228350957416405009e+01,2.056765495588128090e+01
2.230351529008288125e+01,2.151947575446945748e+01
2.232352100600171596e+01,2.077942268206771459e+01
2.234352672192054712e+01,2.120794042064688156e+01
2.236353243783938183e+01,2.236685203642916520e+01
2.238353815375821654e+01,2.351297598284618573e+01
2.240354386967705125e+01,2.368893029788032933e+01
2.242354958559588596e+01,2.431062011841574844e+01
2.244355530151472067e+01,2.513814651510142184e+01
2.246356101743355538e+01,2.536233972908769729e+01
2.248356673335238654e+01,2.686069462149726306e+01
2.250357244927122125e+01,2.717736531963473823e+01
2.252357816519005240e+01,2.756258403169087501e+01
2.254358388110888711e+01,2.747725736009147468e+01
2.256358959702772182e+01,2.722539627227090264e+01
2.258359531294655653e+01,2.812721645181419916e+01
2.260360102886539124e+01,2.707013754065541988e+01
2.262360674478422595e+01,2.735087857343522444e+01
2.264361246070306066e+01,2.683982588142163905e+01
2.266361817662189182e+01,2.671775520429765649e+01
2.268362389254072653e+01,2.606380117077118896e+01
2.270362960845956124e+01,2.561457215924388464e+01
2.272363532437839240e+01,2.474464483639329870e+01
2.274364104029722711e+01,2.340966114781240037e+01
2.276364675621606182e+01,2.375489419690034865e+01
2.278365247213489653e+01,2.193374309115408849e+01
2.280365818805373124e+01,2.197749646328106365e+01
2.282366390397256595e+01,2.002204597224264759e+01
2.284366961989140066e+01,1.961123068929668989e+01
2.286367533581023181e+01,1.941662989701979569e+01
2.288368105172906652e+01,1.791931116251850042e+01
2.290368676764789768e+01,1.803800878182316580e+01
2.292369248356673239e+01,1.735121487082168912e+01
2.294369819948556710e+01,1.689277809568927324e+01
2.296370391540440181e+01,1.692219923472479692e+01
2.298370963132323652e+01,1.692909679882091822e+01
2.300371534724207123e+01,1.579095128302603790e+01
2.302372106316090594e+01,1.642448946770316098e+01
2.304372677907973710e+01,1.634586267174073626e+01
2.306373249499857181e+01,1.576631095278566264e+01
2.308373821091740652e+01,1.578834069060958711e+01
2.310374392683623768e+01,1.526797947224461005e+01
2.312374964275507239e+01,1.639800227479561201e+01
2.314375535867390710e+01,1.627554155358174981e+01
2.316376107459274181e+01,1.466083225804357681e+01
2.318376679051157652e+01,1.486205821577681974e+01
2.320377250643041123e+01,1.429591409379683320e+01
2.322377822234924594e+01,1.458186069619225833e+01
2.324378393826807709e+01,1.431144414486824346e+01
2.326378965418691180e+01,1.448865292825770013e+01
2.328379537010574296e+01,1.363991822665584053e+01
2.330380108602457767e+01,1.369317026941300597e+01
2.332380680194341238e+01,1.333308302756997321e+01
2.334381251786224709e+01,1.305955522042835781e+01
2.336381823378108180e+01,1.296118472473178507e+01
2.338382394969991651e+01,1.310906860823085296e+01
2.340382966561875122e+01,1.249725999434607893e+01
2.342383538153758238e+01,1.350376097691951038e+01
2.344384109745641709e+01,1.289485657776552863e+01
2.346384681337524825e+01,1.303628471734217698e+01
2.348385252929408296e+01,1.268273195830538391e+01
2.350385824521291767e+01,1.371926978088233540e+01
2.352386396113175238e+01,1.444660725382325595e+01
2.354386967705058709e+01,1.443401523530898167e+01
2.356387539296942180e+01,1.443193746641398079e+01
2.358388110888825651e+01,1.478829428223401798e+01
2.360388682480708766e+01,1.501374094014138016e+01
2.362389254072592237e+01,1.497720196579007279e+01
2.364389825664475708e+01,1.524988391398222376e+01
2.366390397256358824e+01,1.502950762878286994e+01
2.368390968848242295e+01,1.638371242763946611e+01
2.370391540440125766e+01,1.592092338320921741e+01
2.372392112032009237e+01,1.708447303356971503e+01
2.374392683623892708e+01,1.664421135186989886e+01
2.376393255215776179e+01,1.662809995228558790e+01
2.378393826807659650e+01,1.677470579532150197e+01
2.380394398399542766e+01,1.743885960749834041e+01
2.382394969991426237e+01,1.667459256785899768e+01
2.384395541583309353e+01,1.706358608563076373e+01
2.386396113175192824e+01,1.625956069042848284e+01
2.388396684767076295e+01,1.563642566124550548e+01
2.390397256358959766e+01,1.646289007812649885e+01
2.392397827950843237e+01,1.495440378918844893e+01
2.394398399542726708e+01,1.395653524834940029e+01
2.396398971134610179e+01,1.388075917242853308e+01
2.398399542726493294e+01,1.400990331794692345e+01
2.400400114318376765e+01,1.337594451306766530e+01
2.402400685910260236e+01,1.295272315718814937e+01
2.404401257502143352e+01,1.250674284570893491e+01
2.406401829094026823e+01,1.216413952464390746e+01
2.408402400685910294e+01,1.244894027680633464e+01
2.410402972277793765e+01,1.096955792351968206e+01
2.412403543869677236e+01,1.176319610246311065e+01
2.414404115461560707e+01,1.085506776125400386e+01
2.416404687053444178e+01,1.137512716321096917e+01
2.418405258645327294e+01,1.096618348763868589e+01
2.420405830237210765e+01,1.143296622806300711e+01
2.422406401829093880e+01,1.085581023836660464e+01
2.424406973420977351e+01,1.090464066513759178e+01
2.426407545012860822e+01,1.142122739243948892e+01
2.428408116604744293e+01,1.141787641667357356e+01
2.430408688196627764e+01,1.172550447142099195e+01
2.432409259788511235e+01,1.165870011600859968e+01
2.434409831380394706e+01,1.178523742763762172e+01
2.436410402972277822e+01,1.266599257501598785e+01
2.438410974564161293e+01,1.276989867006655466e+01
2.440411546156044409e+01,1.294644915410154340e+01
2.442412117747927880e+01,1.316177165238446101e+01
2.444412689339811351e+01,1.329294313634242286e+01
2.446413260931694822e+01,1.423549441069179444e+01
2.448413832523578293e+01,1.403305941746430641e+01
2.450414404115461764e+01,1.426448499098239608e+01
2.452414975707345235e+01,1.430329792254276455e+01
2.454415547299228351e+01,1.441527524839692020e+01
2.456416118891111822e+01,1.457010648294654942e+01
2.458416690482995293e+01,1.531925175594924937e+01
2.460417262074878408e+01,1.620540342330519223e+01
2.462417833666761879e+01,1.545234920400460510e+01
2.464418405258645350e+01,1.624896953306256009e+01
2.466418976850528821e+01,1.650698961578196844e+01
2.468419548442412292e+01,1.657638877240641406e+01
2.470420120034295763e+01,1.616520290396248072e+01
2.472420691626179234e+01,1.731038034160908268e+01
2.474421263218062350e+01,1.714041580216577643e+01
2.476421834809945821e+01,1.696979817631648046e+01
2.478422406401828937e+01,1.699215526137306043e+01
2.480422977993712408e+01,1.644222798268190644e+01
2.482423549585595879e+01,1.624175809903952228e+01
2.484424121177479350e+01,1.545489197709527396e+01
2.486424692769362821e+01,1.458904785740053534e+01
2.488425264361246292e+01,1.522524249462570189e+01
2.490425835953129763e+01,1.459127855785197525e+01
2.492426407545012879e+01,1.391855012455091511e+01
2.494426979136896350e+01,1.287809595833905263e+01
2.496427550728779821e+01,1.253221634431456977e+01
2.498428122320662936e+01,1.207330098326545986e+01
2.500428693912546407e+01,1.120029387289277167e+01
2.502429265504429878e+01,1.167119366093458588e+01
2.504429837096313349e+01,1.060728524938205908e+01
2.506430408688196820e+01,1.049566134790072347e+01
2.508430980280080291e+01,1.072807452429971597e+01
2.510431551871963762e+01,1.032541770023730088e+01
2.512432123463846878e+01,9.881226428920156124e+00
2.514432695055730349e+01,9.844583069221828353e+00
2.516433266647613465e+01,1.036249638970950748e+01
2.518433838239496936e+01,1.075604759018061785e+01
2.520434409831380407e+01,1.008012981139060749e+01
2.522434981423263878e+01,1.087556888492985507e+01
2.524435553015147349e+01,1.045913849092069015e+01
2.526436124607030820e+01,1.145452785612116031e+01
2.528436696198914291e+01,1.090436503394181322e+01
2.530437267790797407e+01,1.097989789251082016e+01
2.532437839382680878e+01,1.046695412752917420e+01
2.534438410974563993e+01,1.105417866237051072e+01
2.536438982566447464e+01,1.111588788738296252e+01
2.538439554158330935e+01,1.095057460558990314e+01
2.540440125750214406e+01,1.091343246523367227e+01
2.542440697342097877e+01,1.102935803650825441e+01
2.544441268933981348e+01,1.152758699741158921e+01
2.546441840525864819e+01,1.026614045412780030e+01
2.548442412117747935e+01,1.074943462665180860e+01
2.550442983709631406e+01,1.089015393572359258e+01
2.552443555301514877e+01,1.080962726887500658e+01
2.554444126893397993e+01,1.055692605020555064e+01
2.556444698485281464e+01,1.075020638990326916e+01
2.558445270077164935e+01,1.056992896286985939e+01
2.560445841669048406e+01,1.035289259090246716e+01
2.562446413260931877e+01,1.017990005952681365e+01
2.564446984852815348e+01,1.046548450102349648e+01
2.566447556444698819e+01,1.110445640686093682e+01
2.568448128036581934e+01,1.094955577922412004e+01
2.570448699628465405e+01,1.060312193672594816e+01
2.572449271220348521e+01,1.147543136478050130e+01
2.574449842812231992e+01,1.125491128510912908e+01
2.576450414404115463e+01,1.214677137594469514e+01
2.578450985995998934e+01,1.302380073551799811e+01
2.580451557587882405e+01,1.288665280595984441e+01
2.582452129179765876e+01,1.344092366396221649e+01
2.584452700771649347e+01,1.408847538640521435e+01
2.586453272363532463e+01,1.452655773870560552e+01
2.588453843955415934e+01,1.608462892017577417e+01
2.590454415547299405e+01,1.623225315322831719e+01
2.592454987139182521e+01,1.627306391559459797e+01
2.594455558731065992e+01,1.796031432014227391e+01
2.596456130322949463e+01,1.854617021621116990e+01
2.598456701914832934e+01,1.885891981193560341e+01
2.600457273506716405e+01,2.031060347974524305e+01
2.602457845098599520e+01,2.055163976295358452e+01
2.604458416690482991e+01,2.172322837419809716e+01
2.606458988282366462e+01,2.201807203395958368e+01
2.608459559874249933e+01,2.253357757653820670e+01
2.610460131466133404e+01,2.378303156016252018e+01
2.612460703058016520e+01,2.458623000235288458e+01
2.614461274649899991e+01,2.589590520329416989e+01
2.616461846241783462e+01,2.742425828939818899e+01
2.618462417833666933e+01,2.736360912551114666e+01
2.620462989425550404e+01,2.818182197143655543e+01
2.622463561017433520e+01,2.914216715235801303e+01
2.624464132609316991e+01,2.936734411777293019e+01
2.626464704201200462e+01,3.061511100569266475e+01
2.628465275793083933e+01,3.098316137832912887e+01
2.630465847384967049e+01,3.169242242104828833e+01
2.632466418976850520e+01,3.153691036176974194e+01
2.634466990568733991e+01,3.132129553306334202e+01
2.636467562160617462e+01,3.098336204382172099e+01
2.638468133752500933e+01,2.995746144817900358e+01
2.640468705344384048e+01,3.025812082673234471e+01
2.642469276936267519e+01,2.836842345915414398e+01
2.644469848528150990e+01,2.761524765442004181e+01
2.646470420120034461e+01,2.579570938535783853e+01
2.648470991711917932e+01,2.457812808997500298e+01
2.650471563303801048e+01,2.294335758332785247e+01
2.652472134895684519e+01,2.191366220381683405e+01
2.654472706487567990e+01,1.928524518933322085e+01
2.656473278079451461e+01,1.905664361860273104e+01
2.658473849671334932e+01,1.682050592980062120e+01
2.660474421263218048e+01,1.580992953079026009e+01
2.662474992855101519e+01,1.512610264505993740e+01
2.664475564446984990e+01,1.424700344883213532e+01
2.666476136038868461e+01,1.329783773308864703e+01
2.668476707630751577e+01,1.303227111433957752e+01
2.670477279222635048e+01,1.298100176369028702e+01
2.672477850814518519e+01,1.151400176665609720e+01
2.674478422406401990e+01,1.250257321590938275e+01
2.676478993998285461e+01,1.264002935676885642e+01
2.678479565590168576e+01,1.153494865602264241e+01
2.680480137182052047e+01,1.149173133662398172e+01
2.682480708773935518e+01,1.153570388089233489e+01
2.684481280365818989e+01,1.185191475219793489e+01
2.686481851957702460e+01,1.272932268531065958e+01
2.688482423549585576e+01,1.228040783866712360e+01
2.690482995141469047e+01,1.299428290455670876e+01
2.692483566733352518e+01,1.400339938698355979e+01
2.694484138325235989e+01,1.341658090221801203e+01
2.696484709917119105e+01,1.363492568381402137e+01
2.698485281509002576e+01,1.493546634002258067e+01
2.700485853100886047e+01,1.402614159817720463e+01
2.702486424692769518e+01,1.466150183288987918e+01
2.704486996284652989e+01,1.384026029597951180e+01
2.706487567876536104e+01,1.441253747964000098e+01
2.708488139468419575e+01,1.434076694400914675e+01
2.710488711060303046e+01,1.458543345552416248e+01
2.712489282652186517e+01,1.446951465797108582e+01
2.714489854244069988e+01,1.495549158474529428e+01
2.716490425835953104e+01,1.555899227705584664e+01
2.718490997427836575e+01,1.503266268064833966e+01
2.720491569019720046e+01,1.470238244408778527e+01
2.722492140611603517e+01,1.491610559684485615e+01
2.724492712203486633e+01,1.597606520239176930e+01
2.726493283795370104e+01,1.577238226772785623e+01
2.728493855387253575e+01,1.569145766334044012e+01
2.730494426979137046e+01,1.547872848183130046e+01
2.732494998571020517e+01,1.667346645404069960e+01
2.734495570162903633e+01,1.685896797693915161e+01
2.736496141754787104e+01,1.665866081114787889e+01
2.738496713346670575e+01,1.647642196259577219e+01
2.740497284938554046e+01,1.740931420039935773e+01
2.742497856530437517e+01,1.739441193039612088e+01
2.744498428122320632e+01,1.732427984392663944e+01
2.746498999714204103e+01,1.723740067802676990e+01
2.748499571306087574e+01,1.721966251991422325e+01
2.750500142897971045e+01,1.670393649812353587e+01
2.752500714489854516e+01,1.681672034027753071e+01
2.754501286081737632e+01,1.686136538888968062e+01
2.756501857673621103e+01,1.588676039346236557e+01
2.758502429265504574e+01,1.655006744391630846e+01
2.760503000857388045e+01,1.681093799468516536e+01
2.762503572449271161e+01,1.631804607433537413e+01
2.764504144041154632e+01,1.557827347154494646e+01
2.766504715633038103e+01,1.571975701121322722e+01
2.768505287224921574e+01,1.639204607071384601e+01
2.770505858816805045e+01,1.705546664182810446e+01
2.772506430408688161e+01,1.634320299036069812e+01
2.774507002000571632e+01,1.640203047617222865e+01
2.776507573592455103e+01,1.675962145619634214e+01
2.778508145184338574e+01,1.738234759126978801e+01
2.780508716776222045e+01,1.683782624790310223e+01
2.782509288368105160e+01,1.723273583350896132e+01
2.784509859959988631e+01,1.645663544016154134e+01
2.786510431551872102e+01,1.700008631138309312e+01
2.788511003143755573e+01,1.663275278795483203e+01
2.790511574735638689e+01,1.686432451163328139e+01
2.792512146327522160e+01,1.601814137527424720e+01
2.794512717919405631e+01,1.540648296809399653e+01
2.796513289511289102e+01,1.536355096272451881e+01
2.798513861103172573e+01,1.500682991180580927e+01
2.800514432695055689e+01,1.466702712499274242e+01
2.802515004286939160e+01,1.377587292214362158e+01
2.804515575878822631e+01,1.350435828606682165e+01
2.806516147470706102e+01,1.368112578044992134e+01
2.808516719062589573e+01,1.374447571509878330e+01
2.810517290654472689e+01,1.300666361359348144e+01
2.812517862246356160e+01,1.328626130695902852e+01
2.814518433838239631e+01,1.215810855402800428e+01
2.816519005430123102e+01,1.298602031612462149e+01
2.818519577022006217e+01,1.253439620113177533e+01
2.820520148613889688e+01,1.240906573934702983e+01
2.822520720205773159e+01,1.145136654958496969e+01
2.824521291797656630e+01,1.265859542913928948e+01
2.826521863389540101e+01,1.238088519091048134e+01
2.828522434981423217e+01,1.260166632087292271e+01
2.830523006573306688e+01,1.187260751692410032e+01
2.832523578165190159e+01,1.161092663042805917e+01
2.834524149757073630e+01,1.175114154481101814e+01
2.836524721348957101e+01,1.155513016182299069e+01
2.838525292940840217e+01,1.063682696603334854e+01
2.840525864532723688e+01,1.091200926677675653e+01
2.842526436124607159e+01,1.063852807474597739e+01
2.844527007716490630e+01,1.085397143539677778e+01
2.846527579308374101e+01,9.940032678492315199e+00
2.848528150900257216e+01,1.005025722154349310e+01
2.850528722492140687e+01,1.051499547858890615e+01
2.852529294084024158e+01,9.959792098130355598e+00
2.854529865675907629e+01,1.019511384690545697e+01
2.856530437267790745e+01,9.583321034987413611e+00
2.858531008859674216e+01,9.453795512756267172e+00
2.860531580451557687e+01,9.652947831112397736e+00
2.862532152043441158e+01,9.734625928257775840e+00
2.864532723635324629e+01,9.304068127705903635e+00
2.866533295227207745e+01,9.688159224991375496e+00
2.868533866819091216e+01,9.797588156838930473e+00
2.870534438410974687e+01,9.602810102438278150e+00
2.872535010002858158e+01,9.905283439786000343e+00
2.874535581594741629e+01,9.546150022566362026e+00
2.876536153186624745e+01,9.889978790796511987e+00
2.878536724778508216e+01,1.029082658669173966e+01
2.880537296370391687e+01,1.109680499206671556e+01
2.882537867962275158e+01,1.198843632293475636e+01
2.884538439554158273e+01,1.232950533982000252e+01
2.886539011146041744e+01,1.289920802324061100e+01
2.888539582737925215e+01,1.340198285903123754e+01
2.890540154329808686e+01,1.419306762341049222e+01
2.892540725921692157e+01,1.448516787484530610e+01
2.894541297513575273e+01,1.572224624615248878e+01
2.896541869105458744e+01,1.683700832628149158e+01
2.898542440697342215e+01,1.709638178533075248e+01
2.900543012289225686e+01,1.836009859902818064e+01
2.902543583881109157e+01,1.909157773431657645e+01
2.904544155472992273e+01,2.039896392899809996e+01
2.906544727064875744e+01,2.095250548015932424e+01
2.908545298656759215e+01,2.252668784356144016e+01
2.910545870248642686e+01,2.463198213594449015e+01
2.912546441840525802e+01,2.564456195374869907e+01
2.914547013432409273e+01,2.730549568913964364e+01
2.916547585024292744e+01,2.859955240791552455e+01
2.918548156616176215e+01,2.947971520870970963e+01
2.920548728208059686e+01,3.140293194322963899e+01
2.922549299799942801e+01,3.317480441912515943e+01
2.924549871391826272e+01,3.443623646588554266e+01
2.926550442983709743e+01,3.602644845923661165e+01
2.928551014575593214e+01,3.785507995440434570e+01
2.930551586167476685e+01,3.959692856943617301e+01
2.932552157759359801e+01,4.218092026886996138e+01
2.934552729351243272e+01,4.320153978112352888e+01
2.936553300943126743e+01,4.589252463232408275e+01
2.938553872535010214e+01,4.819014875244941010e+01
2.940554444126893330e+01,4.966974956724960322e+01
2.942555015718776801e+01,5.186885032669098905e+01
2.944555587310660272e+01,5.355833522885527032e+01
2.946556158902543743e+01,5.459582556940731735e+01
2.948556730494427214e+01,5.715462761916612067e+01
2.950557302086310330e+01,5.906122703560403409e+01
2.952557873678193801e+01,6.045422145496562649e+01
2.954558445270077272e+01,6.121960155548801907e+01
2.956559016861960743e+01,6.342883578691887436e+01
2.958559588453844214e+01,6.462155266922468400e+01
2.960560160045727329e+01,6.450539770150628271e+01
2.962560731637610800e+01,6.616480455934598126e+01
2.964561303229494271e+01,6.531102364820463890e+01
2.966561874821377742e+01,6.477232321525191594e+01
2.968562446413261213e+01,6.403415308149028817e+01
2.970563018005144329e+01,6.308599375632342543e+01
2.972563589597027800e+01,6.042139024078436194e+01
2.974564161188911271e+01,5.841442797766845274e+01
2.976564732780794742e+01,5.626687019318752903e+01
2.978565304372677858e+01,5.389957128047657875e+01
2.980565875964561329e+01,5.147495928309334801e+01
2.982566447556444800e+01,4.941258407960913246e+01
2.984567019148328271e+01,4.643229517838137355e+01
2.986567590740211742e+01,4.399072718826762696e+01
2.988568162332094857e+01,4.283750108820520097e+01
2.990568733923978328e+01,4.090622870023060642e+01
2.992569305515861799e+01,3.987900697829434193e+01
2.994569877107745270e+01,3.907901694768546719e+01
2.996570448699628741e+01,3.808816294626289078e+01
2.998571020291511857e+01,3.764084922321465854e+01
3.000571591883395328e+01,3.683253181971635115e+01
3.002572163475278799e+01,3.800901245395235861e+01
3.004572735067162270e+01,3.884629015285418774e+01
3.006573306659045386e+01,3.846103482631924209e+01
3.008573878250928857e+01,3.981742892260804467e+01
3.010574449842812328e+01,4.047022406963738206e+01
3.012575021434695799e+01,4.177907672279179963e+01
3.014575593026579270e+01,4.181185507149319136e+01
3.016576164618462386e+01,4.232512720483704527e+01
3.018576736210345857e+01,4.388645005798690590e+01
3.020577307802229328e+01,4.448071204428075021e+01
3.022577879394112799e+01,4.523820883511684343e+01
3.024578450985996270e+01,4.687123813076602374e+01
3.026579022577879385e+01,4.702836090408413128e+01
3.028579594169762856e+01,4.807387223034000812e+01
3.030580165761646327e+01,4.732571754680476772e+01
3.032580737353529798e+01,4.862754749832211587e+01
3.034581308945412914e+01,4.786788172858184964e+01
3.036581880537296385e+01,4.826274751695338239e+01
3.038582452129179856e+01,4.813863768601673598e+01
3.040583023721063327e+01,4.776846304159244028e+01
3.042583595312946798e+01,4.694869105251639496e+01
3.044584166904829914e+01,4.692130569057299283e+01
3.046584738496713385e+01,4.570836577301404446e+01
3.048585310088596856e+01,4.542133351849631850e+01
3.050585881680480327e+01,4.449850635717125158e+01
3.052586453272363798e+01,4.305858364164397045e+01
3.054587024864246914e+01,4.303522991376060247e+01
3.056587596456130385e+01,4.178474889172044726e+01
3.058588168048013856e+01,4.061857580894314879e+01
3.060588739639897327e+01,4.083145511796529803e+01
3.062589311231780798e+01,4.035688444055207924e+01
3.064589882823663913e+01,4.052942012266589700e+01
3.066590454415547384e+01,4.057457887399329621e+01
3.068591026007430855e+01,4.128790865679562927e+01
3.070591597599314326e+01,4.064578546286683292e+01
3.072592169191197442e+01,4.132355254595255190e+01
3.074592740783080913e+01,4.241184623506009643e+01
3.076593312374964384e+01,4.261917432826524532e+01
3.078593883966847855e+01,4.273851972491833351e+01
3.080594455558731326e+01,4.237547104745447513e+01
3.082595027150614442e+01,4.263162962265460010e+01
3.084595598742497913e+01,4.325479637489658558e+01
3.086596170334381384e+01,4.223628874298937319e+01
3.088596741926264855e+01,4.249052523689020688e+01
3.090597313518148326e+01,4.130889561955710576e+01
3.092597885110031442e+01,4.052095619168482443e+01
3.094598456701914913e+01,3.998472039556580171e+01
3.096599028293798384e+01,3.871750133647142178e+01
3.098599599885681855e+01,3.597708964677494237e+01
3.100600171477564970e+01,3.517302566494498706e+01
3.102600743069448441e+01,3.313489713583174279e+01
3.104601314661331912e+01,3.205268105255858302e+01
3.106601886253215383e+01,3.022506732777909733e+01
3.108602457845098854e+01,3.044106905177617506e+01
3.110603029436981970e+01,2.874040221281099861e+01
3.112603601028865441e+01,2.778043722577658059e+01
3.114604172620748912e+01,2.761933665900597745e+01
3.116604744212632383e+01,2.699469636206583800e+01
3.118605315804515854e+01,2.720594331992598569e+01
3.120605887396398970e+01,2.677032503837053312e+01
3.122606458988282441e+01,2.720787316123782063e+01
3.124607030580165912e+01,2.694814020456707127e+01
3.126607602172049383e+01,2.769580121355574676e+01
3.128608173763932498e+01,2.838662571311028415e+01
3.130608745355815969e+01,2.932455747698670834e+01
3.132609316947699440e+01,3.027837301435891249e+01
3.134609888539582911e+01,3.081203976978930470e+01
3.136610460131466382e+01,3.154486960170350329e+01
3.138611031723349498e+01,3.343399382597460345e+01
3.140611603315232969e+01,3.380713632553668901e+01
3.142612174907116440e+01,3.505633108432196821e+01
3.144612746498999911e+01,3.594836513262075783e+01
3.146613318090883382e+01,3.653889613130798608e+01
3.148613889682766498e+01,3.624861455810962241e+01
3.150614461274649969e+01,3.709737716706889898e+01
3.152615032866533440e+01,3.672485617871609520e+01
3.154615604458416911e+01,3.705222619062176648e+01
3.156616176050300382e+01,3.677099635503341801e+01
3.158616747642183498e+01,3.599367649519026457e+01
3.160617319234066969e+01,3.529319667024508078e+01
3.162617890825950440e+01,3.403431949852512162e+01
3.164618462417833911e+01,3.266493527342579029e+01
3.166619034009717026e+01,3.126396517970268718e+01
3.168619605601600497e+01,3.063434857146911838e+01
3.170620177193483968e+01,2.936776988820382428e+01
3.172620748785367439e+01,2.765710353759921958e+01
3.174621320377250910e+01,2.668125505348451298e+01
3.176621891969134026e+01,2.545701350885018854e+01
3.178622463561017497e+01,2.365847461721793010e+01
3.180623035152900968e+01,2.269858518407558989e+01
3.182623606744784439e+01,2.182333318494249497e+01
3.184624178336667910e+01,2.011870260465079241e+01
3.186624749928551026e+01,1.866945190468219451e+01
3.188625321520434497e+01,1.783608212654101877e+01
3.190625893112317968e+01,1.760880036467505505e+01
3.192626464704201439e+01,1.659725122164982380e+01
3.194627036296084555e+01,1.648804302458563598e+01
3.196627607887968026e+01,1.708526913929740232e+01
3.198628179479851497e+01,1.677776955647266988e+01
3.200628751071734968e+01,1.720438054329612498e+01
3.202629322663618439e+01,1.657317171581436810e+01
3.204629894255501199e+01,1.655368160774940733e+01
3.206630465847385381e+01,1.743017301801074836e+01
3.208631037439268141e+01,1.726248868655302715e+01
3.210631609031152323e+01,1.730668381244693421e+01
3.212632180623035083e+01,1.790190550677485248e+01
3.214632752214918554e+01,1.844682951502404578e+01
3.216633323806802025e+01,1.764929134874610739e+01
3.218633895398685496e+01,1.863996022103480854e+01
3.220634466990568967e+01,1.785496820091975678e+01
3.222635038582451728e+01,1.786931317217697313e+01
3.224635610174335909e+01,1.771357139545213855e+01
3.226636181766218670e+01,1.800784705808895936e+01
3.228636753358102851e+01,1.813862115167935585e+01
3.230637324949985612e+01,1.769027329771269308e+01
3.232637896541869083e+01,1.753064356652085110e+01
3.234638468133752554e+01,1.731804696337624705e+01
3.236639039725636025e+01,1.679670860372890928e+01
3.238639611317519496e+01,1.625900953695132500e+01
3.240640182909402967e+01,1.686027602190348063e+01
3.242640754501286438e+01,1.592194208452830573e+01
3.244641326093169198e+01,1.591085569962300816e+01
3.246641897685053380e+01,1.543533171595663589e+01
3.248642469276936140e+01,1.575492212564485328e+01
3.250643040868819611e+01,1.634548392519960203e+01
3.252643612460703082e+01,1.578446587183634264e+01
3.254644184052586553e+01,1.598015196621257772e+01
3.256644755644470024e+01,1.673867729593910525e+01
3.258645327236353495e+01,1.610573710972478167e+01
3.260645898828236966e+01,1.713225589482173916e+01
3.262646470420119726e+01,1.759707021537219518e+01
3.264647042012003908e+01,1.781595369639431681e+01
3.266647613603886668e+01,1.814462819735387455e+01
3.268648185195770850e+01,1.847428584503817461e+01
3.270648756787653610e+01,1.877218558321540343e+01
3.272649328379537081e+01,2.023992281998349085e+01
3.274649899971420552e+01,2.043612365181176571e+01
3.276650471563304023e+01,2.073071218488631828e+01
3.278651043155187494e+01,2.151459544338642615e+01
3.280651614747070255e+01,2.238499820157007036e+01
3.282652186338954436e+01,2.301236907899800954e+01
3.284652757930837197e+01,2.290698977351427956e+01
3.286653329522721378e+01,2.397132684566045668e+01
3.288653901114604139e+01,2.437651266735419142e+01
3.290654472706487610e+01,2.542560011566033751e+01
3.292655044298371081e+01,2.550721559627261570e+01
3.294655615890254552e+01,2.597793585406053296e+01
3.296656187482138023e+01,2.625359302142036455e+01
3.298656759074020783e+01,2.713367351122944626e+01
3.300657330665904965e+01,2.656212386398313896e+01
3.302657902257787725e+01,2.726185213909307592e+01
3.304658473849671907e+01,2.672310091000981203e+01
3.306659045441554667e+01,2.623016131990621602e+01
3.308659617033438138e+01,2.682540201448252404e+01
3.310660188625321609e+01,2.607723096066625246e+01
3.312660760217205080e+01,2.506978059241519219e+01
3.314661331809088551e+01,2.513237226287329307e+01
3.316661903400971312e+01,2.458237009722012090e+01
3.318662474992855493e+01,2.387730239916000841e+01
3.320663046584738254e+01,2.325015299000032343e+01
3.322663618176622435e+01,2.343534064031640440e+01
3.324664189768505196e+01,2.305318169090579516e+01
3.326664761360388667e+01,2.151618783891306563e+01
3.328665332952272138e+01,2.128490340454219876e+01
3.330665904544155609e+01,2.164633653342249886e+01
3.332666476136039080e+01,2.094916281683973835e+01
3.334667047727922551e+01,2.051212737851654211e+01
3.336667619319806022e+01,1.933633780003096803e+01
3.338668190911688782e+01,1.951875201408930849e+01
3.340668762503572964e+01,1.879867358611296169e+01
3.342669334095455724e+01,1.895913597675884077e+01
3.344669905687339195e+01,1.898471030649850633e+01
3.346670477279222666e+01,1.923865818883793466e+01
3.348671048871106137e+01,1.927438533693088374e+01
3.350671620462989608e+01,1.942907638101385714e+01
3.352672192054873079e+01,1.834862182095213967e+01
3.354672763646756550e+01,1.873922749606097682e+01
3.356673335238639311e+01,1.892352563128648413e+01
3.358673906830523492e+01,1.896286876722122017e+01
3.360674478422406253e+01,1.801358448306224957e+01
3.362675050014290434e+01,1.933494905572219480e+01
3.364675621606173195e+01,1.903049089593665144e+01
3.366676193198056666e+01,1.798248538931252227e+01
3.368676764789940137e+01,1.823326042079665399e+01
3.370677336381823608e+01,1.884269753811578241e+01
3.372677907973707079e+01,1.783137006252738033e+01
3.374678479565589839e+01,1.828970268902074992e+01
3.376679051157474021e+01,1.689197755482808105e+01
3.378679622749356781e+01,1.754936310782446895e+01
3.380680194341240963e+01,1.605011966703234094e+01
3.382680765933123723e+01,1.621469936133659928e+01
3.384681337525007194e+01,1.539309142285427967e+01
3.386681909116890665e+01,1.466294841645610170e+01
3.388682480708774136e+01,1.389902361425881594e+01
3.390683052300657607e+01,1.411832753707344068e+01
3.392683623892540368e+01,1.298545692922456851e+01
3.394684195484424549e+01,1.187173995595637521e+01
3.396684767076307310e+01,1.222889964152475706e+01
3.398685338668191491e+01,1.217348758805524689e+01
3.400685910260074252e+01,1.187002802916977728e+01
3.402686481851957723e+01,1.089624775194428175e+01
3.404687053443841194e+01,1.116548762010170215e+01
3.406687625035724665e+01,1.000158146181998298e+01
3.408688196627608136e+01,1.061890819237272865e+01
3.410688768219490896e+01,1.036599755041188331e+01
3.412689339811375078e+01,9.566389152715924382e+00
3.414689911403257838e+01,1.034351560970911699e+01
3.416690482995142020e+01,9.870076414363508022e+00
3.418691054587024780e+01,9.231998759655116515e+00
3.420691626178908251e+01,9.652778774153032870e+00
3.422692197770791722e+01,8.893656749429212027e+00
3.424692769362675193e+01,9.213159401840115947e+00
3.426693340954558664e+01,8.189943464364954906e+00
3.428693912546442135e+01,8.347931826518101062e+00
3.430694484138325606e+01,8.175442079048611532e+00
3.432695055730208367e+01,8.913001022825376651e+00
3.434695627322092548e+01,8.841050966787930676e+00
3.436696198913975309e+01,8.859158291455214496e+00
3.438696770505858780e+01,8.499552425996627747e+00
3.440697342097742251e+01,8.835700780315175251e+00
3.442697913689625722e+01,8.396507402585417168e+00
3.444698485281509193e+01,8.512854435349012761e+00
3.446699056873392664e+01,8.721629922634061671e+00
3.448699628465276135e+01,9.102462886064788705e+00
3.450700200057158895e+01,9.320176958177649240e+00
3.452700771649043077e+01,8.803450558491952904e+00
3.454701343240925837e+01,1.003443757998453911e+01
3.456701914832810019e+01,9.846271521454506015e+00
3.458702486424692779e+01,9.910845819635856202e+00
3.460703058016576250e+01,1.016185668445258372e+01
3.462703629608459721e+01,1.106941421498567735e+01
3.464704201200343192e+01,1.081581271049538273e+01
3.466704772792226663e+01,1.167524143494019739e+01
3.468705344384109424e+01,1.116130730038024765e+01
3.470705915975993605e+01,1.177167717472676500e+01
3.472706487567876366e+01,1.155677479048130962e+01
3.474707059159760547e+01,1.248155155715009812e+01
3.476707630751643308e+01,1.250452901441563824e+01
3.478708202343526779e+01,1.150256368408284047e+01
3.480708773935410250e+01,1.258973986259999300e+01
3.482709345527293721e+01,1.284887709784027265e+01
3.484709917119177192e+01,1.264733633723211703e+01
3.486710488711059952e+01,1.257208072854094816e+01
3.488711060302944134e+01,1.375883570064353023e+01
3.490711631894826894e+01,1.351202108512130984e+01
3.492712203486711076e+01,1.325110335001890860e+01
3.494712775078593836e+01,1.336324809004046088e+01
3.496713346670477307e+01,1.408717355928733461e+01
3.498713918262360778e+01,1.455054210608268761e+01
3.500714489854244249e+01,1.413385828311945502e+01
3.502715061446127720e+01,1.420608541817427728e+01
3.504715633038010481e+01,1.385301054241858587e+01
3.506716204629894662e+01,1.436905881914475458e+01
3.508716776221777423e+01,1.513483338367538522e+01
3.510717347813661604e+01,1.548109880191497112e+01
3.512717919405544365e+01,1.505609551297601456e+01
3.514718490997427836e+01,1.575709396632139025e+01
3.516719062589311307e+01,1.587450116636017938e+01
3.518719634181194778e+01,1.586624385285588801e+01
3.520720205773078249e+01,1.575564431985745628e+01
3.522720777364961720e+01,1.622553547045530919e+01
3.524721348956845191e+01,1.707296599507251855e+01
3.526721920548727951e+01,1.806272821475914014e+01
3.528722492140612133e+01,1.888265841635536546e+01
3.530723063732494893e+01,1.955965965817097185e+01
3.532723635324378364e+01,2.073548262021474642e+01
3.534724206916261835e+01,2.141819535658497031e+01
3.536724778508145306e+01,2.174077774449441236e+01
3.538725350100028777e+01,2.229287694718731672e+01
3.540725921691912248e+01,2.366686779459266887e+01
3.542726493283795719e+01,2.429022118619761272e+01
3.544727064875678479e+01,2.526593657840537333e+01
3.546727636467562661e+01,2.634072086889200648e+01
3.548728208059445421e+01,2.644098005677130914e+01
3.550728779651329603e+01,2.786531028207035021e+01
3.552729351243212363e+01,2.857815644041876979e+01
3.554729922835095834e+01,2.855599208014551493e+01
3.556730494426979305e+01,2.879801101663196050e+01
3.558731066018862776e+01,2.870535717641802265e+01
3.560731637610746247e+01,2.984679237208963087e+01
3.562732209202629008e+01,2.932770986056649321e+01
3.564732780794513189e+01,2.937733144373975946e+01
3.566733352386395950e+01,2.978449247952764978e+01
3.568733923978280131e+01,3.065472601239860140e+01
3.570734495570162892e+01,3.095919144378196108e+01
3.572735067162046363e+01,3.127408253242867886e+01
3.574735638753929834e+01,3.128241292885336833e+01
3.576736210345813305e+01,3.103529271361845687e+01
3.578736781937696776e+01,3.134611336632666934e+01
3.580737353529579536e+01,3.114798882871133401e+01
3.582737925121463718e+01,3.165416351686590701e+01
3.584738496713346478e+01,3.166214587551246495e+01
3.586739068305230660e+01,3.126339420165433225e+01
3.588739639897113420e+01,3.093516992501218255e+01
3.590740211488996891e+01,3.140931744691284422e+01
3.592740783080880362e+01,3.053783487109296857e+01
3.594741354672763833e+01,2.997154009212024306e+01
3.596741926264647304e+01,2.957303366835477476e+01
3.598742497856530065e+01,2.959311125924104147e+01
3.600743069448414246e+01,2.961042193801931433e+01
3.602743641040297007e+01,2.865463860546900321e+01
3.604744212632181188e+01,2.808516228007890447e+01
3.606744784224063949e+01,2.707085343747161943e+01
3.608745355815947420e+01,2.598425249858191677e+01
3.610745927407830891e+01,2.613857371291510390e+01
3.612746498999714362e+01,2.533621370689196795e+01
3.614747070591597833e+01,2.489744791293189863e+01
3.616747642183481304e+01,2.329251343490179238e+01
3.618748213775364775e+01,2.320373382808784157e+01
3.620748785367247535e+01,2.298656804910807949e+01
3.622749356959131717e+01,2.191775898482464413e+01
3.624749928551014477e+01,2.064712860983036791e+01
3.626750500142897948e+01,2.009702391457104298e+01
3.628751071734781419e+01,1.918976177949853223e+01
3.630751643326664890e+01,1.809874735687415637e+01
3.632752214918548361e+01,1.771842719844560321e+01
3.634752786510431832e+01,1.703936308525410936e+01
3.636753358102315303e+01,1.689845811223234762e+01
3.638753929694198064e+01,1.556977848106685691e+01
3.640754501286082245e+01,1.495621927939465223e+01
3.642755072877965006e+01,1.452403403232981560e+01
3.644755644469849187e+01,1.441727164679683604e+01
3.646756216061731948e+01,1.377068627529077460e+01
3.648756787653615419e+01,1.440766315945727172e+01
3.650757359245498890e+01,1.370665274689104152e+01
3.652757930837382361e+01,1.371652707735787757e+01
3.654758502429265832e+01,1.387678947978325539e+01
3.656759074021148592e+01,1.332142913409822604e+01
3.658759645613032774e+01,1.272235427647531836e+01
3.660760217204915534e+01,1.359608329420453998e+01
3.662760788796799716e+01,1.299609366431483082e+01
3.664761360388682476e+01,1.211563310508391922e+01
3.666761931980565947e+01,1.315736040872899615e+01
3.668762503572449418e+01,1.271015132516735591e+01
3.670763075164332889e+01,1.240679300585865263e+01
3.672763646756216360e+01,1.216520001453372757e+01
3.674764218348099121e+01,1.313294214202389121e+01
3.676764789939983302e+01,1.341639585592882788e+01
3.678765361531866063e+01,1.279148686833802806e+01
3.680765933123750244e+01,1.285489899277482273e+01
3.682766504715633005e+01,1.250384653158461390e+01
3.684767076307516476e+01,1.230600224961339961e+01
3.686767647899399947e+01,1.279179798387905898e+01
3.688768219491283418e+01,1.225317968602362662e+01
3.690768791083166889e+01,1.274986177288320022e+01
3.692769362675049649e+01,1.309001370119135288e+01
3.694769934266933831e+01,1.319644688086791007e+01
3.696770505858816591e+01,1.263563651897762696e+01
3.698771077450700773e+01,1.229951237053413315e+01
3.700771649042583533e+01,1.246376941581551101e+01
3.702772220634467004e+01,1.204086656445647030e+01
3.704772792226350475e+01,1.218914153247757071e+01
3.706773363818233946e+01,1.081267293310304645e+01
3.708773935410117417e+01,1.086054756362526419e+01
3.710774507002000888e+01,1.087983566042731631e+01
3.712775078593884359e+01,1.098628032536306165e+01
3.714775650185767120e+01,1.133276647412782445e+01
3.716776221777651301e+01,1.057285682012361328e+01
3.718776793369534062e+01,1.220817602614671316e+01
3.720777364961417533e+01,1.152755085220764286e+01
3.722777936553301004e+01,1.139800019119013719e+01
3.724778508145184475e+01,1.202363085185684000e+01
3.726779079737067946e+01,1.154268602940146948e+01
3.728779651328951417e+01,1.239054609720228939e+01
3.730780222920834888e+01,1.175194077220692890e+01
3.732780794512717648e+01,1.206821508621098538e+01
3.734781366104601830e+01,1.253282080585486824e+01
3.736781937696484590e+01,1.225747490301413123e+01
3.738782509288368772e+01,1.251737082022820502e+01
3.740783080880251532e+01,1.204076716206683884e+01
3.742783652472135003e+01,1.229620871050553532e+01
3.744784224064018474e+01,1.219952613817188691e+01
3.746784795655901945e+01,1.265282523872333265e+01
3.748785367247785416e+01,1.185629872672726570e+01
3.750785938839668177e+01,1.251891881839625675e+01
3.752786510431552358e+01,1.198846166278526404e+01
3.754787082023435119e+01,1.250365020547763351e+01
3.756787653615319300e+01,1.136791803012688717e+01
3.758788225207202061e+01,1.109495111388897115e+01
3.760788796799085532e+01,1.123882750872230218e+01
3.762789368390969003e+01,1.131254618198243733e+01
3.764789939982852474e+01,1.122685603651102504e+01
3.766790511574735945e+01,1.072136981912439779e+01
3.768791083166618705e+01,1.120580701439594762e+01
3.770791654758502887e+01,1.058621036227018131e+01
3.772792226350385647e+01,9.689024186106966141e+00
3.774792797942269829e+01,1.018140500670423343e+01
3.776793369534152589e+01,1.030114126312694367e+01
3.778793941126036060e+01,9.957074631512551122e+00
3.780794512717919531e+01,1.024384460944974684e+01
3.782795084309803002e+01,1.051430867329041519e+01
3.784795655901686473e+01,1.035183169875546305e+01
3.786796227493569234e+01,9.923437390220065879e+00
3.788796799085453415e+01,1.048644236540705421e+01
3.790797370677336176e+01,9.594076731380891232e+00
3.792797942269220357e+01,9.525961222016931629e+00
3.794798513861103118e+01,1.017829314609411995e+01
3.796799085452986589e+01,1.032512544356776374e+01
3.798799657044870060e+01,1.030044269337760809e+01
3.800800228636753531e+01,9.884132778312295642e+00
3.802800800228637002e+01,9.694952697250167617e+00
3.804801371820520473e+01,9.626262061737513420e+00
3.806801943412403944e+01,1.042919443623329556e+01
3.808802515004286704e+01,1.066514529507071174e+01
3.810803086596170886e+01,8.888714964456704948e+00
3.812803658188053646e+01,1.048762343314843370e+01
3.814804229779937117e+01,9.992215184359219293e+00
3.816804801371820588e+01,9.954396046960541256e+00
3.818805372963704059e+01,9.555503215204884881e+00
3.820805944555587530e+01,8.465226434510723763e+00
3.822806516147471001e+01,8.796372027483860379e+00
3.824807087739354472e+01,9.023342138709558924e+00
3.826807659331237232e+01,9.212312410563400888e+00
3.828808230923121414e+01,9.132617604118884458e+00
3.830808802515004174e+01,9.041748423841056592e+00
3.832809374106888356e+01,8.607879567676146593e+00
3.834809945698771116e+01,9.269464491162537456e+00
3.836810517290654587e+01,9.048132006089907975e+00
3.838811088882538058e+01,9.764300976706387303e+00
3.840811660474421529e+01,9.574134148617464035e+00
3.842812232066305000e+01,9.399099620376484054e+00
3.844812803658187761e+01,1.038227753518684793e+01
3.846813375250071942e+01,1.048264689244821923e+01
3.848813946841954703e+01,1.032525816730872670e+01
3.850814518433838884e+01,1.026685682667175925e+01
3.852815090025721645e+01,1.054257414268794513e+01
3.854815661617605116e+01,1.049112167876947055e+01
3.856816233209488587e+01,1.101223966612184668e+01
3.858816804801372058e+01,1.163356210306952221e+01
3.860817376393255529e+01,1.183470115024896074e+01
3.862817947985138289e+01,1.317334989525918587e+01
3.864818519577022471e+01,1.298011963718230533e+01
3.866819091168905231e+01,1.347231391897034847e+01
3.868819662760789413e+01,1.382527048487172650e+01
3.870820234352672173e+01,1.390577835417954944e+01
3.872820805944555644e+01,1.549047846732865530e+01
3.874821377536439115e+01,1.633618259441261955e+01
3.876821949128322586e+01,1.779473344614460473e+01
3.878822520720206057e+01,1.780818477433545155e+01
3.880823092312088818e+01,1.910016616848592008e+01
3.882823663903972999e+01,1.934741380948150891e+01
3.884824235495855760e+01,2.006544887236140795e+01
3.886824807087739941e+01,2.135393214046813171e+01
3.888825378679622702e+01,2.277365574336013054e+01
3.890825950271506173e+01,2.423001727506134273e+01
3.892826521863389644e+01,2.505760499774937955e+01
3.894827093455273115e+01,2.672815401013559011e+01
3.896827665047156586e+01,2.775252004015251117e+01
3.898828236639040057e+01,2.971728524709671859e+01
3.900828808230923528e+01,3.072877114428982992e+01
3.902829379822806288e+01,3.229240025955356685e+01
3.904829951414690470e+01,3.440304014147520206e+01
3.906830523006573230e+01,3.677172878962876723e+01
3.908831094598456701e+01,3.780243934598223632e+01
3.910831666190340172e+01,3.899457973271361766e+01
3.912832237782223643e+01,4.077235649742492285e+01
3.914832809374107114e+01,4.227544487610768442e+01
3.916833380965990585e+01,4.308648759240240622e+01
3.918833952557874056e+01,4.423495185787003692e+01
3.920834524149756817e+01,4.538286494262658977e+01
3.922835095741640998e+01,4.581528865986941668e+01
3.924835667333523759e+01,4.519197397744937916e+01
3.926836238925407940e+01,4.512828597812463727e+01
3.928836810517290701e+01,4.538850687186367594e+01
3.930837382109174172e+01,4.414606260872157151e+01
3.932837953701057643e+01,4.303404563788982529e+01
3.934838525292941114e+01,4.083847575809312502e+01
3.936839096884824585e+01,4.015119320337479536e+01
3.938839668476707345e+01,3.768964590168148732e+01
3.940840240068591527e+01,3.588331990112294534e+01
3.942840811660474287e+01,3.280647789216619969e+01
3.944841383252358469e+01,3.110649780808252984e+01
3.946841954844241229e+01,2.806313591101488214e+01
3.948842526436124700e+01,2.590250590111510931e+01
3.950843098028008171e+01,2.450672900268730814e+01
3.952843669619891642e+01,2.193477538375639924e+01
3.954844241211775113e+01,2.068559563165924331e+01
3.956844812803657874e+01,1.923699915533833504e+01
3.958845384395542055e+01,1.751696372057374873e+01
3.960845955987424816e+01,1.691029642952670287e+01
3.962846527579308997e+01,1.570348330406092963e+01
3.964847099171191758e+01,1.483257671723976756e+01
3.966847670763075229e+01,1.406276148048349484e+01
3.968848242354958700e+01,1.348764248449681702e+01
3.970848813946842171e+01,1.254523256383693308e+01
3.972849385538725642e+01,1.136245086041027363e+01
3.974849957130608402e+01,1.112826836784403284e+01
3.976850528722492584e+01,1.091961789058167653e+01
3.978851100314375344e+01,1.083181512890954146e+01
3.980851671906259526e+01,1.068084803842483765e+01
3.982852243498142286e+01,1.000798753850672185e+01
3.984852815090025757e+01,9.606625427433510112e+00
3.986853386681909228e+01,9.532414602259784431e+00
3.988853958273792699e+01,9.805143092479930544e+00
3.990854529865676170e+01,1.007425846121005009e+01
3.992855101457559641e+01,8.868297668988228466e+00
3.994855673049443112e+01,9.639715344297824728e+00
3.996856244641325873e+01,1.024651169375494320e+01
3.998856816233210054e+01,8.779334003720059343e+00
4.000857387825092815e+01,8.121176625303663243e+00
4.002857959416976286e+01,9.109510864920292050e+00
4.004858531008859757e+01,9.087511033431500351e+00
4.006859102600743228e+01,9.474291884685825949e+00
4.008859674192626699e+01,8.638911401692844549e+00
4.010860245784510170e+01,8.578362177431074542e+00
4.012860817376393641e+01,9.083231793821871847e+00
4.014861388968276401e+01,9.161444330917371204e+00
4.016861960560160583e+01,8.326207719768049742e+00
4.018862532152043343e+01,9.124764457485818880e+00
4.020863103743927525e+01,8.936175747303757078e+00
4.022863675335810285e+01,9.746548109678407457e+00
4.024864246927693756e+01,9.347476761321221517e+00
4.026864818519577227e+01,9.409858961519821818e+00
4.028865390111460698e+01,8.827931553422475375e+00
4.030865961703344169e+01,8.980658708566410908e+00
4.032866533295226930e+01,9.770969771218933175e+00
4.034867104887111111e+01,1.028772952641854133e+01
4.036867676478993872e+01,1.021330739201368054e+01
4.038868248070878053e+01,9.016327905142148325e+00
4.040868819662760814e+01,9.553350412441826478e+00
4.042869391254644285e+01,9.962554530687706134e+00
4.044869962846527756e+01,1.065909816113725128e+01
4.046870534438411227e+01,9.730449889730000024e+00
4.048871106030294698e+01,1.078234843150772626e+01
4.050871677622177458e+01,1.041447739463505684e+01
4.052872249214061640e+01,1.049592817791770649e+01
4.054872820805944400e+01,1.082673495319066248e+01
4.056873392397828582e+01,1.169754963636976264e+01
4.058873963989711342e+01,1.121546981472971716e+01
4.060874535581594813e+01,1.173530686827119141e+01
4.062875107173478284e+01,1.090401011396780184e+01
4.064875678765361755e+01,1.147893432802948155e+01
4.066876250357245226e+01,1.169669091873315736e+01
4.068876821949127986e+01,1.259718568007808770e+01
4.070877393541012168e+01,1.263922290786205238e+01
4.072877965132894929e+01,1.224722310283543969e+01
4.074878536724779110e+01,1.275715762627784855e+01
4.076879108316661871e+01,1.350845667971103659e+01
4.078879679908545342e+01,1.361492491733118015e+01
4.080880251500428813e+01,1.459286275379023223e+01
4.082880823092312284e+01,1.586720937054953318e+01
4.084881394684195755e+01,1.700859235491173393e+01
4.086881966276079226e+01,1.671903058217490212e+01
4.088882537867962697e+01,1.863513864210252180e+01
4.090883109459845457e+01,1.978175194808682491e+01
4.092883681051729639e+01,2.117147895322757734e+01
4.094884252643612399e+01,2.265681739761873104e+01
4.096884824235495870e+01,2.391793040148386496e+01
4.098885395827379341e+01,2.472158197339533103e+01
4.100885967419262812e+01,2.703805343013778995e+01
4.102886539011146283e+01,2.753233607868017074e+01
4.104887110603029754e+01,2.880289344730697465e+01
4.106887682194913225e+01,3.063462586862790715e+01
4.108888253786795985e+01,3.195645085748876824e+01
4.110888825378680167e+01,3.293641694198943526e+01
4.112889396970562927e+01,3.472632856216273467e+01
4.114889968562447109e+01,3.475117475802969125e+01
4.116890540154329869e+01,3.602463255113693208e+01
4.118891111746213340e+01,3.733373372989554184e+01
4.120891683338096811e+01,3.783285013480357861e+01
4.122892254929980282e+01,3.760827811188428882e+01
4.124892826521863753e+01,3.800433196273819902e+01
4.126893398113746514e+01,3.700458889816780328e+01
4.128893969705630695e+01,3.640640735943812700e+01
4.130894541297513456e+01,3.654463018666849905e+01
4.132895112889397637e+01,3.511180928697370973e+01
4.134895684481280398e+01,3.406956964179657632e+01
4.136896256073163869e+01,3.326339781064552881e+01
4.138896827665047340e+01,3.205790982539291178e+01
4.140897399256930811e+01,3.046469745232519699e+01
4.142897970848814282e+01,2.856707948750501558e+01
4.144898542440697042e+01,2.745567497053010442e+01
4.146899114032581224e+01,2.526198824050607783e+01
4.148899685624463984e+01,2.481040180289082997e+01
4.150900257216348166e+01,2.257241910167188337e+01
4.152900828808230926e+01,2.221093238443991780e+01
4.154901400400114397e+01,1.987910387512367194e+01
4.156901971991997868e+01,1.975544176183103673e+01
4.158902543583881339e+01,1.943829142933027043e+01
4.160903115175764810e+01,1.757143560545200245e+01
4.162903686767647571e+01,1.828566945136395816e+01
4.164904258359531752e+01,1.636958172514699328e+01
4.166904829951414513e+01,1.668429143029289463e+01
4.168905401543298694e+01,1.706465634954464505e+01
4.170905973135181455e+01,1.663415961701147694e+01
4.172906544727064926e+01,1.671721015853363212e+01
4.174907116318948397e+01,1.614197421096969265e+01
4.176907687910831868e+01,1.620903540767276496e+01
4.178908259502715339e+01,1.584400135695451439e+01
4.180908831094598810e+01,1.630407793497882096e+01
4.182909402686482281e+01,1.571061247729304888e+01
4.184909974278365041e+01,1.603912685763690504e+01
4.186910545870249223e+01,1.525375209580631619e+01
4.188911117462131983e+01,1.514966935954306670e+01
4.190911689054015454e+01,1.407270282714935306e+01
4.192912260645898925e+01,1.257043303700787718e+01
4.194912832237782396e+01,1.290918222877520449e+01
4.196913403829665867e+01,1.217381443433243149e+01
4.198913975421549338e+01,1.126210897415396772e+01
4.200914547013432809e+01,1.112404517108262070e+01
4.202915118605316280e+01,1.097327813738013980e+01
4.204915690197199041e+01,1.021598970009225305e+01
4.206916261789082512e+01,9.730597766736455156e+00
4.208916833380965983e+01,1.029053649759458722e+01
4.210917404972849454e+01,9.148743921672386037e+00
4.212917976564732925e+01,9.276862727317645607e+00
4.214918548156616396e+01,8.302006646754024999e+00
4.216919119748499867e+01,8.725199380633839041e+00
4.218919691340383338e+01,8.745080713632404468e+00
4.220920262932266809e+01,8.900672195346256643e+00
4.222920834524150280e+01,7.799557041663906176e+00
4.224921406116033040e+01,8.595083790525521295e+00
4.226921977707916511e+01,8.864954098836324903e+00
4.228922549299799982e+01,9.392496992745277495e+00
4.230923120891683453e+01,8.977669448886008041e+00
4.232923692483566924e+01,9.045079963239057719e+00
4.234924264075450395e+01,9.676824137302062923e+00
4.236924835667333866e+01,9.973585598672318753e+00
4.238925407259217337e+01,9.607190799906636158e+00
4.240925978851100808e+01,1.042532536867271453e+01
4.242926550442983569e+01,1.054445299567479566e+01
4.244927122034867040e+01,1.055314093496384231e+01
4.246927693626750511e+01,1.129938246848016092e+01
4.248928265218633982e+01,1.177132434983366238e+01
4.250928836810517453e+01,1.220410747229730930e+01
4.252929408402400924e+01,1.215113545704839737e+01
4.254929979994284395e+01,1.284145144858801757e+01
4.256930551586167866e+01,1.269718452602487169e+01
4.258931123178051337e+01,1.315469489957258453e+01
4.260931694769934097e+01,1.393394125336691403e+01
4.262932266361817568e+01,1.369400115527190209e+01
4.264932837953701039e+01,1.364828525804328763e+01
4.266933409545584510e+01,1.390786725201992446e+01
4.268933981137467981e+01,1.469707116412514125e+01
4.270934552729351452e+01,1.452374791174580970e+01
4.272935124321234923e+01,1.508628107281792552e+01
4.274935695913118394e+01,1.484124189876405708e+01
4.276936267505001865e+01,1.502856851334703947e+01
4.278936839096885336e+01,1.506259525672855659e+01
4.280937410688768097e+01,1.550678622894126768e+01
4.282937982280651568e+01,1.527576411083801133e+01
4.284938553872535039e+01,1.518405043821688594e+01
4.286939125464418510e+01,1.597215832369362332e+01
4.288939697056301981e+01,1.431737330347383086e+01
4.290940268648185452e+01,1.548874657322501136e+01
4.292940840240068923e+01,1.542313732206341825e+01
4.294941411831952394e+01,1.618216864931425647e+01
4.296941983423835865e+01,1.536608349823807451e+01
4.298942555015718625e+01,1.569247972653261058e+01
4.300943126607602096e+01,1.531250250461639695e+01
4.302943698199485567e+01,1.527313821171011732e+01
4.304944269791369038e+01,1.632981414291242928e+01
4.306944841383252509e+01,1.598511713356934116e+01
4.308945412975135980e+01,1.682244995102328744e+01
4.310945984567019451e+01,1.696766181635565118e+01
4.312946556158902922e+01,1.587033330856861824e+01
4.314947127750786393e+01,1.654516613585050067e+01
4.316947699342669864e+01,1.639348453614268664e+01
4.318948270934552625e+01,1.620632097055852938e+01
4.320948842526436096e+01,1.644950292676966797e+01
4.322949414118319567e+01,1.585349490945361417e+01
4.324949985710203038e+01,1.584703980762550124e+01
4.326950557302086509e+01,1.525917898084494340e+01
4.328951128893969980e+01,1.594367778963794180e+01
4.330951700485853451e+01,1.548056115561218071e+01
4.332952272077736922e+01,1.534474092909163545e+01
4.334952843669620393e+01,1.540654735415520449e+01
4.336953415261503153e+01,1.526340629486797695e+01
4.338953986853386624e+01,1.490859390097252124e+01
4.340954558445270095e+01,1.567900516660446897e+01
4.342955130037153566e+01,1.534321424811346191e+01
4.344955701629037037e+01,1.580218366847839562e+01
4.346956273220920508e+01,1.510688411481091364e+01
4.348956844812803979e+01,1.529040860292853665e+01
4.350957416404687450e+01,1.481760313385395023e+01
4.352957987996570921e+01,1.547649987420098228e+01
4.354958559588453681e+01,1.538433630958170006e+01
4.356959131180337153e+01,1.462532700912111494e+01
4.358959702772220624e+01,1.557307416900242103e+01
4.360960274364104095e+01,1.478760033196067880e+01
4.362960845955987566e+01,1.497823842694672081e+01
4.364961417547871037e+01,1.587443223444854468e+01
4.366961989139754508e+01,1.519783142211205629e+01
4.368962560731637979e+01,1.547958991613446855e+01
4.370963132323521450e+01,1.531275835720944123e+01
4.372963703915404921e+01,1.581185276005336782e+01
4.374964275507287681e+01,1.587074655445429627e+01
4.376964847099171152e+01,1.610078031695438128e+01
4.378965418691054623e+01,1.554454550555215420e+01
4.380965990282938094e+01,1.581291648035939090e+01
4.382966561874821565e+01,1.597602837573398382e+01
4.384967133466705036e+01,1.550960960222356633e+01
4.386967705058588507e+01,1.525994848243373525e+01
4.388968276650471978e+01,1.521483548664840413e+01
4.390968848242355449e+01,1.504641137648187943e+01
4.392969419834238209e+01,1.403003601439573345e+01
4.394969991426121680e+01,1.457148549622906764e+01
4.396970563018005151e+01,1.405715577814239303e+01
4.398971134609888622e+01,1.305389468079257931e+01
4.400971706201772093e+01,1.257232797691470516e+01
4.402972277793655564e+01,1.300844480249093138e+01
4.404972849385539035e+01,1.299868821305268263e+01
4.406973420977422506e+01,1.226164086764851646e+01
4.408973992569305977e+01,1.316195163272017155e+01
4.410974564161189448e+01,1.249897810009393773e+01
4.412975135753072209e+01,1.282069682398252297e+01
4.414975707344955680e+01,1.175408310025154890e+01
4.416976278936839151e+01,1.213762028608026711e+01
4.418976850528722622e+01,1.195182569053939758e+01
4.420977422120606093e+01,1.266726949005778380e+01
4.422977993712489564e+01,1.220382273811243223e+01
4.424978565304373035e+01,1.208296985399812939e+01
4.426979136896256506e+01,1.215664239770931587e+01
4.428979708488139977e+01,1.188575535912230485e+01
4.430980280080022737e+01,1.200202193635648840e+01
4.432980851671906208e+01,1.154039091941411854e+01
4.434981423263789679e+01,1.185420895847058098e+01
4.436981994855673150e+01,1.169835191853592526e+01
4.438982566447556621e+01,1.156229229392699409e+01
4.440983138039440092e+01,1.026350611607491814e+01
4.442983709631323563e+01,9.942915791714458607e+00
4.444984281223207034e+01,1.091124233713793679e+01
4.446984852815090505e+01,1.045898435981360208e+01
4.448985424406973266e+01,1.037972252451054622e+01
4.450985995998856737e+01,1.008042676005424809e+01
4.452986567590740208e+01,1.045033460333397812e+01
4.454987139182623679e+01,9.828451662874373440e+00
4.456987710774507150e+01,1.045449714993782564e+01
4.458988282366390621e+01,1.053726260180078000e+01
4.460988853958274092e+01,9.561540445316994763e+00
4.462989425550157563e+01,9.902689909734545992e+00
4.464989997142041034e+01,9.877717857065121621e+00
4.466990568733924505e+01,1.015292966824297416e+01
4.468991140325807265e+01,1.065551866901143008e+01
4.470991711917690736e+01,1.092281348388722328e+01
4.472992283509574207e+01,1.008970023498002355e+01
4.474992855101457678e+01,1.117203387052699171e+01
4.476993426693341149e+01,1.091298607607607352e+01
4.478993998285224620e+01,1.134871288708532688e+01
4.480994569877108091e+01,1.065727077553423285e+01
4.482995141468991562e+01,1.114017787105136215e+01
4.484995713060875033e+01,1.109780517715581816e+01
4.486996284652757794e+01,1.127708540392776726e+01
4.488996856244641265e+01,1.136294575954032737e+01
4.490997427836524736e+01,1.170014711973180255e+01
4.492997999428408207e+01,1.213623225330194089e+01
4.494998571020291678e+01,1.240351673564229174e+01
4.496999142612175149e+01,1.166014284321115468e+01
4.498999714204058620e+01,1.304576818480939338e+01
4.501000285795942091e+01,1.280070630980246804e+01
4.503000857387825562e+01,1.266344681836129382e+01
4.505001428979709033e+01,1.262394216780070799e+01
4.507002000571591793e+01,1.329324050220134978e+01
4.509002572163475264e+01,1.349740433038690668e+01
4.511003143755358735e+01,1.309797164819646298e+01
4.513003715347242206e+01,1.284180907437323960e+01
4.515004286939125677e+01,1.350147908220261606e+01
4.517004858531009148e+01,1.285019136372577719e+01
4.519005430122892619e+01,1.282047523969481162e+01
4.521006001714776090e+01,1.277161905652756602e+01
4.523006573306659561e+01,1.290383603028656267e+01
4.525007144898542322e+01,1.297117795250437666e+01
4.527007716490425793e+01,1.311992533912301440e+01
4.529008288082309264e+01,1.266555786801410122e+01
4.531008859674192735e+01,1.322741289116773977e+01
4.533009431266076206e+01,1.208748385713447959e+01
4.535010002857959677e+01,1.239682830164288418e+01
4.537010574449843148e+01,1.363233389315463739e+01
4.539011146041726619e+01,1.329981965751703754e+01
4.541011717633610090e+01,1.360718551984307112e+01
4.543012289225492850e+01,1.425578629251909746e+01
4.545012860817376321e+01,1.393751766073112108e+01
4.547013432409259792e+01,1.332671408634344701e+01
4.549014004001143263e+01,1.397136911126846925e+01
4.551014575593026734e+01,1.428710555095964985e+01
4.553015147184910205e+01,1.392001363559582927e+01
4.555015718776793676e+01,1.512053284222020011e+01
4.557016290368677147e+01,1.550943015182473061e+01
4.559016861960560618e+01,1.462840851426268785e+01
4.561017433552444089e+01,1.486191320548882899e+01
4.563018005144326850e+01,1.514806013798051332e+01
4.565018576736210321e+01,1.443508305686859572e+01
4.567019148328093792e+01,1.407452439248553944e+01
4.569019719919977263e+01,1.466051609796345723e+01
4.571020291511860734e+01,1.401856667425437308e+01
4.573020863103744205e+01,1.367844476618404315e+01
4.575021434695627676e+01,1.345787196838720234e+01
4.577022006287511147e+01,1.330077981046490265e+01
4.579022577879394618e+01,1.324828487886169803e+01
4.581023149471277378e+01,1.227680626125499863e+01
4.583023721063160849e+01,1.221335847101621397e+01
4.585024292655044320e+01,1.194156671020484062e+01
4.587024864246927791e+01,1.214031606317400325e+01
4.589025435838811262e+01,1.189679017422498930e+01
4.591026007430694733e+01,1.171924245650629359e+01
4.593026579022578204e+01,1.259164531266228693e+01
4.595027150614461675e+01,1.212337466927220575e+01
4.597027722206345146e+01,1.282519393274089481e+01
4.599028293798228617e+01,1.290145982597050534e+01
4.601028865390111378e+01,1.350703864159913437e+01
4.603029436981994849e+01,1.356934447880044203e+01
4.605030008573878320e+01,1.404069461536600905e+01
4.607030580165761791e+01,1.450697800376410740e+01
4.609031151757645262e+01,1.591027471093596901e+01
4.611031723349528733e+01,1.625962291240757196e+01
4.613032294941412204e+01,1.736068605310719448e+01
4.615032866533295675e+01,1.786615648568114167e+01
4.617033438125179146e+01,1.975502877814102121e+01
4.619034009717061906e+01,2.022956083852656661e+01
4.621034581308945377e+01,2.047482381591146705e+01
4.623035152900828848e+01,2.096649564169015889e+01
4.625035724492712319e+01,2.211962872085256038e+01
4.627036296084595790e+01,2.278298602533156725e+01
4.629036867676479261e+01,2.343822651830748072e+01
4.631037439268362732e+01,2.330620724847971559e+01
4.633038010860246203e+01,2.323368798357716258e+01
4.635038582452129674e+01,2.359444278954286744e+01
4.637039154044012434e+01,2.377535106679660615e+01
4.639039725635895905e+01,2.372665287134297074e+01
4.641040297227779376e+01,2.362807500997557852e+01
4.643040868819662847e+01,2.239898360731873339e+01
4.645041440411546319e+01,2.232985721355131403e+01
4.647042012003429790e+01,2.132365021997542698e+01
4.649042583595313261e+01,2.052652761206358178e+01
4.651043155187196732e+01,2.064846624835301014e+01
4.653043726779080203e+01,2.065196760253462571e+01
4.655044298370963674e+01,1.864600066762685771e+01
4.657044869962846434e+01,1.834291333037405280e+01
4.659045441554729905e+01,1.745540541459829598e+01
4.661046013146613376e+01,1.707630532579073801e+01
4.663046584738496847e+01,1.676630182088598886e+01
4.665047156330380318e+01,1.625651384485729523e+01
4.667047727922263789e+01,1.602498372392028614e+01
4.669048299514147260e+01,1.572692695340146862e+01
4.671048871106030731e+01,1.508113549221489080e+01
4.673049442697914202e+01,1.454840587351666770e+01
4.675050014289796962e+01,1.536141985612364813e+01
4.677050585881680433e+01,1.543535485813002595e+01
4.679051157473563904e+01,1.473715555587644488e+01
4.681051729065447375e+01,1.451103609125311600e+01
4.683052300657330846e+01,1.512553892976790770e+01
4.685052872249214317e+01,1.520508044392431835e+01
4.687053443841097788e+01,1.603923393088363980e+01
4.689054015432981259e+01,1.505802511849360492e+01
4.691054587024864730e+01,1.629417612848741115e+01
4.693055158616748201e+01,1.611051790297361919e+01
4.695055730208630962e+01,1.702276015112989427e+01
4.697056301800514433e+01,1.688076613239349300e+01
4.699056873392397904e+01,1.687331876815579790e+01
4.701057444984281375e+01,1.748702101840737910e+01
4.703058016576164846e+01,1.741979498412544203e+01
4.705058588168048317e+01,1.810609118354823721e+01
4.707059159759931788e+01,1.830422394041820411e+01
4.709059731351815259e+01,1.773514891253016401e+01
4.711060302943698730e+01,1.835144096982527984e+01
4.713060874535581490e+01,1.819314976622432312e+01
4.715061446127464961e+01,1.886960807847341925e+01
4.717062017719348432e+01,1.887607273862573010e+01
4.719062589311231903e+01,1.916150313528438431e+01
4.721063160903115374e+01,1.952949003803156813e+01
4.723063732494998845e+01,1.990728527462430009e+01
4.725064304086882316e+01,2.104821886033742118e+01
4.727064875678765787e+01,2.108212589083839461e+01
4.729065447270649258e+01,2.118044061822040192e+01
4.731066018862532019e+01,2.141108471390291257e+01
4.733066590454415490e+01,2.126602518750134863e+01
4.735067162046298961e+01,2.088975818026130682e+01
4.737067733638182432e+01,2.041350612466256820e+01
4.739068305230065903e+01,2.059953646482718170e+01
4.741068876821949374e+01,2.022252405564757183e+01
4.743069448413832845e+01,1.988143497609074828e+01
4.745070020005716316e+01,1.858858628874961738e+01
4.747070591597599787e+01,1.865873460971968001e+01
4.749071163189483258e+01,1.731174550073698981e+01
4.751071734781366018e+01,1.632630668946474373e+01
4.753072306373249489e+01,1.587825172567260879e+01
4.755072877965132960e+01,1.429362083844753784e+01
4.757073449557016431e+01,1.392301120887816523e+01
4.759074021148899902e+01,1.402045252833969968e+01
4.761074592740783373e+01,1.300899907946911327e+01
4.763075164332666844e+01,1.244942268228981064e+01
4.765075735924550315e+01,1.218723116823694852e+01
4.767076307516433786e+01,1.233629807241543652e+01
4.769076879108316547e+01,1.232543727629328068e+01
4.771077450700200018e+01,1.183593340313754183e+01
4.773078022292083489e+01,1.259094021884636305e+01
4.775078593883966960e+01,1.188110811092301233e+01
4.777079165475850431e+01,1.147214512221102467e+01
4.779079737067733902e+01,1.267206283532956235e+01
4.781080308659617373e+01,1.174541962413283969e+01
4.783080880251500844e+01,1.210454860415990375e+01
4.785081451843384315e+01,1.174085225931494847e+01
4.787082023435267075e+01,1.240921068853763209e+01
4.789082595027150546e+01,1.244119935719967529e+01
4.791083166619034017e+01,1.206206527654816618e+01
4.793083738210917488e+01,1.146438073312845241e+01
4.795084309802800959e+01,1.161634267592248726e+01
4.797084881394684430e+01,1.204248533885062855e+01
4.799085452986567901e+01,1.280854478410950392e+01
4.801086024578451372e+01,1.239565056927170161e+01
4.803086596170334843e+01,1.243388423190365799e+01
4.805087167762218314e+01,1.225639625633312235e+01
4.807087739354101075e+01,1.229296974560375411e+01
4.809088310945984546e+01,1.169494311512115559e+01
4.811088882537868017e+01,1.162617408197912283e+01
4.813089454129751488e+01,1.252092803837481938e+01
4.815090025721634959e+01,1.320159356969622877e+01
4.817090597313518430e+01,1.215074604613410614e+01
4.819091168905401901e+01,1.239214948665633820e+01
4.821091740497285372e+01,1.178118333762501990e+01
4.823092312089168843e+01,1.156670940098475242e+01
4.825092883681051603e+01,1.213345636325471233e+01
4.827093455272935074e+01,1.163506864792811690e+01
4.829094026864818545e+01,1.094315532260463186e+01
4.831094598456702016e+01,1.034381717674138379e+01
4.833095170048585487e+01,1.124946997350897604e+01
4.835095741640468958e+01,1.033040700831540271e+01
4.837096313232352429e+01,9.751838246481391081e+00
4.839096884824235900e+01,9.948320476731069562e+00
4.841097456416119371e+01,9.463157920170687021e+00
4.843098028008002842e+01,9.211980545960418709e+00
4.845098599599885603e+01,9.262023510358638134e+00
4.847099171191769074e+01,9.659713339824516964e+00
4.849099742783652545e+01,8.902578292157359741e+00
4.851100314375536016e+01,8.638192127801923803e+00
4.853100885967419487e+01,9.231958204681268043e+00
4.855101457559302958e+01,8.774297848735541194e+00
4.857102029151186429e+01,9.214478034558272412e+00
4.859102600743069900e+01,9.257259041659859022e+00
4.861103172334953371e+01,9.111055056924724838e+00
4.863103743926836131e+01,8.784296151701990851e+00
4.865104315518719602e+01,8.213603367434322067e+00
4.867104887110603073e+01,8.995118209633830020e+00
4.869105458702486544e+01,8.928489804118605377e+00
4.871106030294370015e+01,9.528083306454284696e+00
4.873106601886253486e+01,9.543521812656059922e+00
4.875107173478136957e+01,8.713619641052353870e+00
4.877107745070020428e+01,9.796319194296950528e+00
4.879108316661903899e+01,9.675424680988072623e+00
4.881108888253786660e+01,9.546653721008338422e+00
4.883109459845670131e+01,8.993116216248884243e+00
4.885110031437553602e+01,8.651256379401242924e+00
4.887110603029437073e+01,8.718302182838536751e+00
4.889111174621320544e+01,8.917513962381761417e+00
4.891111746213204015e+01,8.634989000290676842e+00
4.893112317805087486e+01,8.524811424996038056e+00
4.895112889396970957e+01,8.505252561980647386e+00
4.897113460988854428e+01,8.963616914177290340e+00
4.899114032580737899e+01,8.326433905802575808e+00
4.901114604172620659e+01,8.286531389583540630e+00
4.903115175764504130e+01,9.078515097269608702e+00
4.905115747356387601e+01,8.016699553736051698e+00
4.907116318948271072e+01,8.741392070664929292e+00
4.909116890540154543e+01,8.022178726444362695e+00
4.911117462132038014e+01,7.741881079208817518e+00
4.913118033723921485e+01,8.636463234870680239e+00
4.915118605315804956e+01,8.706869424551804570e+00
4.917119176907688427e+01,8.297517777160292596e+00
4.919119748499571187e+01,7.805213680554780709e+00
4.921120320091454658e+01,7.896016051378318856e+00
4.923120891683338129e+01,7.572914139915313037e+00
4.925121463275221600e+01,7.737965506394488102e+00
4.927122034867105071e+01,7.147937760093181048e+00
4.929122606458988542e+01,7.441474867773509416e+00
4.931123178050872014e+01,7.547126540097790048e+00
4.933123749642755485e+01,7.190266842766132704e+00
4.935124321234638956e+01,7.329834173771485162e+00
4.937124892826522427e+01,7.794515896818955625e+00
4.939125464418405187e+01,7.622553269158982125e+00
4.941126036010288658e+01,7.621247367728233968e+00
4.943126607602172129e+01,7.286887886524385571e+00
4.945127179194055600e+01,7.377328593641525600e+00
4.947127750785939071e+01,7.603433009265845754e+00
4.949128322377822542e+01,7.705541967582117735e+00
4.951128893969706013e+01,7.737287461736702454e+00
4.953129465561589484e+01,7.290818201996684067e+00
4.955130037153472955e+01,8.114021459130100311e+00
4.957130608745355715e+01,8.342566680085813147e+00
4.959131180337239186e+01,8.121670373501498119e+00
4.961131751929122657e+01,8.313210435633656914e+00
4.963132323521006128e+01,8.043891167317086754e+00
4.965132895112889599e+01,8.488361539308927561e+00
4.967133466704773070e+01,9.079761482051399213e+00
4.969134038296656541e+01,8.154241505120602085e+00
4.971134609888540012e+01,8.836747619292799172e+00
4.973135181480423483e+01,8.580221464339485848e+00
4.975135753072306244e+01,8.453258069513719164e+00
4.977136324664189715e+01,9.722691122619856685e+00
4.979136896256073186e+01,8.401245461633516598e+00
4.981137467847956657e+01,8.527530339416575345e+00
4.983138039439840128e+01,8.933625031131670724e+00
4.985138611031723599e+01,9.584194204033440911e+00
4.987139182623607070e+01,8.936787519999706220e+00
4.989139754215490541e+01,9.644691748712162394e+00
4.991140325807374012e+01,9.633717879869433176e+00
4.993140897399257483e+01,9.218777890553525367e+00
4.995141468991140243e+01,8.404845665058086723e+00
4.997142040583023714e+01,8.458352496286096311e+00
4.999142612174907185e+01,9.239473646113246730e+00
5.001143183766790656e+01,9.429445412490327527e+00
5.003143755358674127e+01,9.586218808781687528e+00
5.005144326950557598e+01,1.017731314152112887e+01
5.007144898542441069e+01,1.020915589051567451e+01
5.009145470134324540e+01,9.885987265597240281e+00
5.011146041726208011e+01,9.969899085306572317e+00
5.013146613318090772e+01,1.131105039666205592e+01
5.015147184909974243e+01,1.122951478916803936e+01
5.017147756501857714e+01,1.032219063100840017e+01
5.019148328093741185e+01,1.076652752085801978e+01
5.021148899685624656e+01,1.144857285536007652e+01
5.023149471277508127e+01,1.215035343424503012e+01
5.025150042869391598e+01,1.149526629419861834e+01
5.027150614461275069e+01,1.182856568940670527e+01
5.029151186053158540e+01,1.219715233618950379e+01
5.031151757645042011e+01,1.172027300906412073e+01
5.033152329236924771e+01,1.214192331128446156e+01
5.035152900828808242e+01,1.191550523515039828e+01
5.037153472420691713e+01,1.251117579752165021e+01
5.039154044012575184e+01,1.252442414954404981e+01
5.041154615604458655e+01,1.261407991491066838e+01
5.043155187196342126e+01,1.299892149984090395e+01
5.045155758788225597e+01,1.237520580526953218e+01
5.047156330380109068e+01,1.248793461737645316e+01
5.049156901971992539e+01,1.195393017959964510e+01
5.051157473563875300e+01,1.311774242217635766e+01
5.053158045155758771e+01,1.198643937392941972e+01
5.055158616747642242e+01,1.191054850668961507e+01
5.057159188339525713e+01,1.168384992587861859e+01
5.059159759931409184e+01,1.127424448571431626e+01
5.061160331523292655e+01,1.145049461666178914e+01
5.063160903115176126e+01,1.213228245672042860e+01
5.065161474707059597e+01,1.166203925640140326e+01
5.067162046298943068e+01,1.200331715634601082e+01
5.069162617890825828e+01,1.207892760526705622e+01
5.071163189482709299e+01,1.173991781883270136e+01
5.073163761074592770e+01,1.242684249418087461e+01
5.075164332666476241e+01,1.257249699670416376e+01
5.077164904258359712e+01,1.235008525374760424e+01
5.079165475850243183e+01,1.266316468757146296e+01
5.081166047442126654e+01,1.244235353360888396e+01
5.083166619034010125e+01,1.277933657044541960e+01
5.085167190625893596e+01,1.306000280446811956e+01
5.087167762217777067e+01,1.402451274699184935e+01
5.089168333809659828e+01,1.239873851444529862e+01
5.091168905401543299e+01,1.243095457870731479e+01
5.093169476993426770e+01,1.276522780920712208e+01
5.095170048585310241e+01,1.318747476695707554e+01
5.097170620177193712e+01,1.414185620430891355e+01
5.099171191769077183e+01,1.328803289486535633e+01
5.101171763360960654e+01,1.340941504437626186e+01
5.103172334952844125e+01,1.237087732952153019e+01
5.105172906544727596e+01,1.338380824821908632e+01
5.107173478136610356e+01,1.276726038158394871e+01
5.109174049728493827e+01,1.221882903333856696e+01
5.111174621320377298e+01,1.267023231193676835e+01
5.113175192912260769e+01,1.247799442026408556e+01
5.115175764504144240e+01,1.309986197564396804e+01
5.117176336096027711e+01,1.228793761438008403e+01
5.119176907687911182e+01,1.237193043248849911e+01
5.121177479279794653e+01,1.255959484726474429e+01
5.123178050871678124e+01,1.197321424572051640e+01
5.125178622463561595e+01,1.167227514924921472e+01
5.127179194055444356e+01,1.226017783987121845e+01
5.129179765647327827e+01,1.091776077216686147e+01
5.131180337239211298e+01,1.113377720604659693e+01
5.133180908831094769e+01,1.132930074479448734e+01
5.135181480422978240e+01,1.111842000110084250e+01
5.137182052014861711e+01,1.058059862750929980e+01
5.139182623606745182e+01,1.157969289207888153e+01
5.141183195198628653e+01,1.026911414498670538e+01
5.143183766790512124e+01,1.080257519486056417e+01
5.145184338382394884e+01,9.756512416452075342e+00
5.147184909974278355e+01,1.060785511209065035e+01
5.149185481566161826e+01,1.053951490783749634e+01
5.151186053158045297e+01,9.971252110853244588e+00
5.153186624749928768e+01,1.057420479652102685e+01
5.155187196341812239e+01,1.022209737217988135e+01
5.157187767933695710e+01,1.026990694537899351e+01
5.159188339525579181e+01,1.064195824360183984e+01
5.161188911117462652e+01,1.004469785484245214e+01
5.163189482709345413e+01,1.089259853375784992e+01
5.165190054301228884e+01,1.119220678713647033e+01
5.167190625893112355e+01,1.087391076117417654e+01
5.169191197484995826e+01,1.164855781499208298e+01
5.171191769076879297e+01,1.165848014283911738e+01
5.173192340668762768e+01,1.201057639351093442e+01
5.175192912260646239e+01,1.279875895502109451e+01
5.177193483852529710e+01,1.199347316055692048e+01
5.179194055444413181e+01,1.211989344277759351e+01
5.181194627036296652e+01,1.264084508219537284e+01
5.183195198628179412e+01,1.252333813202423762e+01
5.185195770220062883e+01,1.343527245250991697e+01
5.187196341811946354e+01,1.364520166730024364e+01
5.189196913403829825e+01,1.432335848877936257e+01
5.191197484995713296e+01,1.421196909660667629e+01
5.193198056587596767e+01,1.527610172496019558e+01
5.195198628179480238e+01,1.520784329470392038e+01
5.197199199771363709e+01,1.525614995084619352e+01
5.199199771363247180e+01,1.661582028035621406e+01
5.201200342955129940e+01,1.595774912520310274e+01
5.203200914547013411e+01,1.637891617001923805e+01
5.205201486138896882e+01,1.713748035764017175e+01
5.207202057730780353e+01,1.675107571248464211e+01
5.209202629322663824e+01,1.747556227798027351e+01
5.211203200914547295e+01,1.656126427316047156e+01
5.213203772506430766e+01,1.622255968090226119e+01
5.215204344098314237e+01,1.561280888302205128e+01
5.217204915690197708e+01,1.599787734118220683e+01
5.219205487282081180e+01,1.579247941308099001e+01
5.221206058873963940e+01,1.479230846400758459e+01
5.223206630465847411e+01,1.465943608027606615e+01
5.225207202057730882e+01,1.378689683610224392e+01
5.227207773649614353e+01,1.414269138850355034e+01
5.229208345241497824e+01,1.436641134108892714e+01
5.231208916833381295e+01,1.309177527352354886e+01
5.233209488425264766e+01,1.319342245541007763e+01
5.235210060017148237e+01,1.258954238903429967e+01
5.237210631609031708e+01,1.277661313064841409e+01
5.239211203200914468e+01,1.189877397706884565e+01
5.241211774792797939e+01,1.248449164440025427e+01
5.243212346384681410e+01,1.166993982047927858e+01
5.245212917976564881e+01,1.222270380237645249e+01
5.247213489568448352e+01,1.163575800232735347e+01
5.249214061160331823e+01,1.219714783475720132e+01
5.251214632752215294e+01,1.112071356506185182e+01
5.253215204344098765e+01,1.170907355447135068e+01
5.255215775935982236e+01,1.183857001074772342e+01
5.257216347527864997e+01,1.093787744919702298e+01
5.259216919119748468e+01,1.036342447697477454e+01
5.261217490711631939e+01,9.943232563817206326e+00
5.263218062303515410e+01,1.028889886936550013e+01
5.265218633895398881e+01,1.010415866596630963e+01
5.267219205487282352e+01,1.073810362475506963e+01
5.269219777079165823e+01,9.883983300713580888e+00
5.271220348671049294e+01,1.056189175903285182e+01
5.273220920262932765e+01,1.098715554996055488e+01
5.275221491854816236e+01,1.132161173694910872e+01
5.277222063446698996e+01,1.040376367219751863e+01
5.279222635038582467e+01,1.125342150084759041e+01
5.281223206630465938e+01,9.986889109114718721e+00
5.283223778222349409e+01,1.008164948975806396e+01
5.285224349814232880e+01,1.079333991659053282e+01
5.287224921406116351e+01,1.069696869997802935e+01
5.289225492997999822e+01,1.060626710129493588e+01
5.291226064589883293e+01,1.090405591668011986e+01
5.293226636181766764e+01,1.020135899606551533e+01
5.295227207773649525e+01,1.088491238157154051e+01
5.297227779365532996e+01,1.064200387982759644e+01
5.299228350957416467e+01,1.139733511424452495e+01
5.301228922549299938e+01,1.102936730967672574e+01
5.303229494141183409e+01,1.112768252732239382e+01
5.305230065733066880e+01,1.137126179225306544e+01
5.307230637324950351e+01,1.074896456413346613e+01
5.309231208916833822e+01,1.052656480606755096e+01
5.311231780508717293e+01,1.116528410742273536e+01
5.313232352100600764e+01,1.058866795209742406e+01
5.315232923692483524e+01,1.140249975557530959e+01
5.317233495284366995e+01,1.075327137541037636e+01
5.319234066876250466e+01,1.070892370107320524e+01
5.321234638468133937e+01,9.942323930179405522e+00
5.323235210060017408e+01,9.575965306479098160e+00
5.325235781651900879e+01,9.735647132136666215e+00
5.327236353243784350e+01,8.904497927001941093e+00
5.329236924835667821e+01,9.377215174488423344e+00
5.331237496427551292e+01,9.338456220619615777e+00
5.333238068019434053e+01,9.202856930776958322e+00
5.335238639611317524e+01,9.045176701077533465e+00
5.337239211203200995e+01,8.538882532023539085e+00
5.339239782795084466e+01,8.238054328564386353e+00
5.341240354386967937e+01,8.319796198954080069e+00
5.343240925978851408e+01,8.579220814430328801e+00
5.345241497570734879e+01,8.825971293247594218e+00
5.347242069162618350e+01,7.433034745349399230e+00
5.349242640754501821e+01,8.392917070398379309e+00
5.351243212346384581e+01,8.312147181476664315e+00
5.353243783938268052e+01,8.421615120691321010e+00
5.355244355530151523e+01,8.684234512003033757e+00
5.357244927122034994e+01,8.888143342882511178e+00
5.359245498713918465e+01,8.661640494050736550e+00
5.361246070305801936e+01,9.093066525577304660e+00
5.363246641897685407e+01,9.228745614518089724e+00
5.365247213489568878e+01,9.487282610953428730e+00
5.367247785081452349e+01,1.058366977881940585e+01
5.369248356673335820e+01,1.045276537612666701e+01
5.371248928265218581e+01,1.151666170571657233e+01
5.373249499857102052e+01,1.135621037045515180e+01
5.375250071448985523e+01,1.191628505428444207e+01
5.377250643040868994e+01,1.259819992113768095e+01
5.379251214632752465e+01,1.166001445605337139e+01
5.381251786224635936e+01,1.299789951168624391e+01
5.383252357816519407e+01,1.287761223696236179e+01
5.385252929408402878e+01,1.362525057275720641e+01
5.387253501000286349e+01,1.252462816290114134e+01
5.389254072592169109e+01,1.276627977382536194e+01
5.391254644184052580e+01,1.302685176471344874e+01
5.393255215775936051e+01,1.294524215026583036e+01
5.395255787367819522e+01,1.200537528212715621e+01
5.397256358959702993e+01,1.253680818512001238e+01
5.399256930551586464e+01,1.288452047085153040e+01
5.401257502143469935e+01,1.183997996615110537e+01
5.403258073735353406e+01,1.198223697845334357e+01
5.405258645327236877e+01,1.169271288852220536e+01
5.407259216919120348e+01,1.227133030649571133e+01
5.409259788511003109e+01,1.242138754066039397e+01
5.411260360102886580e+01,1.165675470037042771e+01
5.413260931694770051e+01,1.166787787337387172e+01
5.415261503286653522e+01,1.259610051818900089e+01
5.417262074878536993e+01,1.234930253825414681e+01
5.419262646470420464e+01,1.274273107535216631e+01
5.421263218062303935e+01,1.342354255462892709e+01
5.423263789654187406e+01,1.369005981948867046e+01
5.425264361246070877e+01,1.472357386747249031e+01
5.427264932837953637e+01,1.520609383675717652e+01
5.429265504429837108e+01,1.467964560097004600e+01
5.431266076021720579e+01,1.519778545524027180e+01
5.433266647613604050e+01,1.599389485676149292e+01
5.435267219205487521e+01,1.577380174942253888e+01
5.437267790797370992e+01,1.614367255334022389e+01
5.439268362389254463e+01,1.626910571031593378e+01
5.441268933981137934e+01,1.594517188846673506e+01
5.443269505573021405e+01,1.588545447149054368e+01
5.445270077164904166e+01,1.641844151102173299e+01
5.447270648756787637e+01,1.598245096722310166e+01
5.449271220348671108e+01,1.519774556704541801e+01
5.451271791940554579e+01,1.569619382324679080e+01
5.453272363532438050e+01,1.555315121186057326e+01
5.455272935124321521e+01,1.521570732009690374e+01
5.457273506716204992e+01,1.526088108782125730e+01
5.459274078308088463e+01,1.568591619926418801e+01
5.461274649899971934e+01,1.539925122593357720e+01
5.463275221491855405e+01,1.559589585418663304e+01
5.465275793083738165e+01,1.581908225426440850e+01
5.467276364675621636e+01,1.586493964005389046e+01
5.469276936267505107e+01,1.540341770689820322e+01
5.471277507859388578e+01,1.594139085517343801e+01
5.473278079451272049e+01,1.610068513622499609e+01
5.475278651043155520e+01,1.584387608389333835e+01
5.477279222635038991e+01,1.625100767791317224e+01
5.479279794226922462e+01,1.505988572153052552e+01
5.481280365818805933e+01,1.488132102172646398e+01
5.483280937410688693e+01,1.465035665686192168e+01
5.485281509002572164e+01,1.424479590494973991e+01
5.487282080594455635e+01,1.382610767254686124e+01
5.489282652186339106e+01,1.328092368597377870e+01
5.491283223778222577e+01,1.245039403718412530e+01
5.493283795370106048e+01,1.244365596025976828e+01
5.495284366961989519e+01,1.141523532199646418e+01
5.497284938553872990e+01,1.130827641853480259e+01
5.499285510145756461e+01,1.054450339088774413e+01
5.501286081737639222e+01,9.915981505332158719e+00
5.503286653329522693e+01,1.117849636703333260e+01
5.505287224921406164e+01,1.030259040737868581e+01
5.507287796513289635e+01,9.374071870347673752e+00
5.509288368105173106e+01,9.899614143129394250e+00
5.511288939697056577e+01,9.561903004034705944e+00
5.513289511288940048e+01,1.028448021253373845e+01
5.515290082880823519e+01,9.889531103960932157e+00
5.517290654472706990e+01,9.888029618820327826e+00
5.519291226064590461e+01,1.014680035159020477e+01
5.521291797656473221e+01,1.018011645923479946e+01
5.523292369248356692e+01,9.998516353150643354e+00
5.525292940840240163e+01,1.030767815597165971e+01
5.527293512432123634e+01,8.901292661248286109e+00
5.529294084024007105e+01,8.686364940520116207e+00
5.531294655615890576e+01,9.809014063018331342e+00
5.533295227207774047e+01,9.071816599475930332e+00
5.535295798799657518e+01,9.169051053621821268e+00
5.537296370391540989e+01,8.504360022664098295e+00
5.539296941983423750e+01,8.867081266287264896e+00
5.541297513575307221e+01,9.095178765364233087e+00
5.543298085167190692e+01,7.954895475968411844e+00
5.545298656759074163e+01,8.543549688685384780e+00
5.547299228350957634e+01,8.700822804019116674e+00
5.549299799942841105e+01,9.007722794387554188e+00
5.551300371534724576e+01,8.471083933201859040e+00
5.553300943126608047e+01,8.218061328187348025e+00
5.555301514718491518e+01,9.292441699655272558e+00
5.557302086310374989e+01,9.715686214676154009e+00
5.559302657902257749e+01,9.934788767302539014e+00
5.561303229494141220e+01,9.538001976004018445e+00
5.563303801086024691e+01,1.051892847519621021e+01
5.565304372677908162e+01,1.003502360864494136e+01
5.567304944269791633e+01,1.085834637766719624e+01
5.569305515861675104e+01,1.088780114238205243e+01
5.571306087453558575e+01,1.177451980606392112e+01
5.573306659045442046e+01,1.182961528409469665e+01
5.575307230637325517e+01,1.279084896495222345e+01
5.577307802229208278e+01,1.334930028294946069e+01
5.579308373821091749e+01,1.338776907461554622e+01
5.581308945412975220e+01,1.401769041730299925e+01
5.583309517004858691e+01,1.416247680477140847e+01
5.585310088596742162e+01,1.430909851983088998e+01
5.587310660188625633e+01,1.523603495731030932e+01
5.589311231780509104e+01,1.513722391594806638e+01
5.591311803372392575e+01,1.500454476687251670e+01
5.593312374964276046e+01,1.562217526162752534e+01
5.595312946556158806e+01,1.508688244929395772e+01
5.597313518148042277e+01,1.478798022887362862e+01
5.599314089739925748e+01,1.487834429035023120e+01
5.601314661331809219e+01,1.536609808681070533e+01
5.603315232923692690e+01,1.446736736230536025e+01
5.605315804515576161e+01,1.478762628494607512e+01
5.607316376107459632e+01,1.436429786024313415e+01
5.609316947699343103e+01,1.341297310791359365e+01
5.611317519291226574e+01,1.295118083319877123e+01
5.613318090883110045e+01,1.239417434775205606e+01
5.615318662474992806e+01,1.236781064746782377e+01
5.617319234066876277e+01,1.203041448674382963e+01
5.619319805658759748e+01,1.119248383071928643e+01
5.621320377250643219e+01,1.080511681048852068e+01
5.623320948842526690e+01,1.138561914643439721e+01
5.625321520434410161e+01,1.025669714040685676e+01
5.627322092026293632e+01,1.065627641826833560e+01
5.629322663618177103e+01,1.022974900197824510e+01
5.631323235210060574e+01,1.076362956991925302e+01
5.633323806801943334e+01,9.398704828461781347e+00
5.635324378393826805e+01,9.734167536771737517e+00
5.637324949985710276e+01,9.604201305943767863e+00
5.639325521577593747e+01,1.026419762455843632e+01
5.641326093169477218e+01,1.032012258499468160e+01
5.643326664761360689e+01,1.092429506293883890e+01
5.645327236353244160e+01,1.115164290335029484e+01
5.647327807945127631e+01,1.071067204065660228e+01
5.649328379537011102e+01,1.078728726275947380e+01
5.651328951128894573e+01,1.065521112970906614e+01
5.653329522720777334e+01,1.137086528149405318e+01
5.655330094312660805e+01,1.198303660302186557e+01
5.657330665904544276e+01,1.168621959023986534e+01
5.659331237496427747e+01,1.279358224508362696e+01
5.661331809088311218e+01,1.279559465569370857e+01
5.663332380680194689e+01,1.274934251760137194e+01
5.665332952272078160e+01,1.159473893948735324e+01
5.667333523863961631e+01,1.211533562105009132e+01
5.669334095455845102e+01,1.223555134671859257e+01
5.671334667047727862e+01,1.154428001315955399e+01
5.673335238639611333e+01,1.157008718748889109e+01
5.675335810231494804e+01,1.192219614168664776e+01
5.677336381823378275e+01,1.168785687549105390e+01
5.679336953415261746e+01,1.107166836160005374e+01
5.681337525007145217e+01,1.031829095634968496e+01
5.683338096599028688e+01,1.144167471436923833e+01
5.685338668190912159e+01,1.065173477263760482e+01
5.687339239782795630e+01,1.114600273809236697e+01
5.689339811374678391e+01,1.094277377775872040e+01
5.691340382966561862e+01,1.037021487231167782e+01
5.693340954558445333e+01,1.017509231431556316e+01
5.695341526150328804e+01,1.066578789760034596e+01
5.697342097742212275e+01,1.009138266932176187e+01
5.699342669334095746e+01,1.039660290814031640e+01
5.701343240925979217e+01,1.030236440083212202e+01
5.703343812517862688e+01,1.100011904598800783e+01
5.705344384109746159e+01,1.063656589870014102e+01
5.707344955701629630e+01,1.072494472718601166e+01
5.709345527293512390e+01,1.058219497097774209e+01
5.711346098885395861e+01,1.112671941842688383e+01
5.713346670477279332e+01,1.131655688735032506e+01
5.715347242069162803e+01,1.146078479896165447e+01
5.717347813661046274e+01,1.105847709920206512e+01
5.719348385252929745e+01,1.069342057095443721e+01
5.721348956844813216e+01,1.082891103848242054e+01
5.723349528436696687e+01,1.043035188775992417e+01
5.725350100028580158e+01,1.066582302974493501e+01
5.727350671620462919e+01,1.025308169827548710e+01
5.729351243212346390e+01,9.963315069691322634e+00
5.731351814804229861e+01,1.054449386636262886e+01
5.733352386396113332e+01,1.064464721376257828e+01
5.735352957987996803e+01,1.000343933331334512e+01
5.737353529579880274e+01,9.384458995191987896e+00
5.739354101171763745e+01,9.160494631039160396e+00
5.741354672763647216e+01,9.119961648249393704e+00
5.743355244355530687e+01,9.635264205246912184e+00
5.745355815947414158e+01,9.789591250377000620e+00
5.747356387539296918e+01,1.061956797249179729e+01
5.749356959131180389e+01,1.039047078026117177e+01
5.751357530723063860e+01,9.370023991375372674e+00
5.753358102314947331e+01,1.061786486657155493e+01
5.755358673906830802e+01,1.036669857613066270e+01
5.757359245498714273e+01,9.961333798550517926e+00
5.759359817090597744e+01,9.651419188566865870e+00
5.761360388682481215e+01,1.077384385360323549e+01
5.763360960274364686e+01,1.065677635638184917e+01
5.765361531866247446e+01,1.092229155137288998e+01
5.767362103458130917e+01,1.152048365147136266e+01
5.769362675050014388e+01,1.122124726048985011e+01
5.771363246641897859e+01,1.139444008609556036e+01
5.773363818233781330e+01,1.166429993353661843e+01
5.775364389825664801e+01,1.138223730261809585e+01
5.777364961417548272e+01,1.202708453064862226e+01
5.779365533009431743e+01,1.189038497219936907e+01
5.781366104601315214e+01,1.252331099794161773e+01
5.783366676193197975e+01,1.270857152913988131e+01
5.785367247785081446e+01,1.262079816081154249e+01
5.787367819376964917e+01,1.262793435084910953e+01
5.789368390968848388e+01,1.282568082742956861e+01
5.791368962560731859e+01,1.354833770607903531e+01
5.793369534152615330e+01,1.322028245660195722e+01
5.795370105744498801e+01,1.176452013500773930e+01
5.797370677336382272e+01,1.225208558595677744e+01
5.799371248928265743e+01,1.196325381813699806e+01
5.801371820520149214e+01,1.247218683572345732e+01
5.803372392112031974e+01,1.174656960152115914e+01
5.805372963703915445e+01,1.201877697518328603e+01
5.807373535295798916e+01,1.173495721547844006e+01
5.809374106887682387e+01,1.200992014107175443e+01
5.811374678479565858e+01,1.159860523993252457e+01
5.813375250071449329e+01,1.143745921287354328e+01
5.815375821663332800e+01,1.124045232290787411e+01
5.817376393255216271e+01,1.123301737725626026e+01
5.819376964847099742e+01,1.153005809530259107e+01
5.821377536438982503e+01,1.114309914082377873e+01
5.823378108030865974e+01,1.154353929589442274e+01
5.825378679622749445e+01,1.197631117110194410e+01
5.827379251214632916e+01,1.186331806067369854e+01
5.829379822806516387e+01,1.117295088326297581e+01
5.831380394398399858e+01,1.200844966588209672e+01
5.833380965990283329e+01,1.236585576233905925e+01
5.835381537582166800e+01,1.170516486776918796e+01
5.837382109174050271e+01,1.185457334021903364e+01
5.839382680765933742e+01,1.221384724227648100e+01
5.841383252357816502e+01,1.220335891138948625e+01
5.843383823949699973e+01,1.193029233409524181e+01
5.845384395541583444e+01,1.209322550806207630e+01
5.847384967133466915e+01,1.269094652020220337e+01
5.849385538725350386e+01,1.235076636578265763e+01
5.851386110317233857e+01,1.214207184704603293e+01
5.853386681909117328e+01,1.232736513416547197e+01
5.855387253501000799e+01,1.185044444404883279e+01
5.857387825092884270e+01,1.255724920820163604e+01
5.859388396684767031e+01,1.242019647610787203e+01
5.861388968276650502e+01,1.343268346942032565e+01
5.863389539868533973e+01,1.296137034389540688e+01
5.865390111460417444e+01,1.279823916114509075e+01
5.867390683052300915e+01,1.278324698626688516e+01
5.869391254644184386e+01,1.268221667159536281e+01
5.871391826236067857e+01,1.363151539077508900e+01
5.873392397827951328e+01,1.368367367482468033e+01
5.875392969419834799e+01,1.376353653782519260e+01
5.877393541011717559e+01,1.326871997498184186e+01
5.879394112603601030e+01,1.318846916988191076e+01
5.881394684195484501e+01,1.306002005315002279e+01
5.883395255787367972e+01,1.313242373504888150e+01
5.885395827379251443e+01,1.314523622297663330e+01
5.887396398971134914e+01,1.274628528416430129e+01
5.889396970563018385e+01,1.274277744939525903e+01
5.891397542154901856e+01,1.391613727008609125e+01
5.893398113746785327e+01,1.314118216669388772e+01
5.895398685338668798e+01,1.432251604404455847e+01
5.897399256930551559e+01,1.440985359834613888e+01
5.899399828522435030e+01,1.470061877095696801e+01
5.901400400114318501e+01,1.383765687697646918e+01
5.903400971706201972e+01,1.506805753954581206e+01
5.905401543298085443e+01,1.593734141256671322e+01
5.907402114889968914e+01,1.584860961578287686e+01
5.909402686481852385e+01,1.623144456620619991e+01
5.911403258073735856e+01,1.683738282174933687e+01
5.913403829665619327e+01,1.607363483223610956e+01
5.915404401257502087e+01,1.725939514792643337e+01
5.917404972849385558e+01,1.679749845644241901e+01
5.919405544441269029e+01,1.696755186107054314e+01
5.921406116033152500e+01,1.797499573676212137e+01
5.923406687625035971e+01,1.690033430311020268e+01
5.925407259216919442e+01,1.732431185289916797e+01
5.927407830808802913e+01,1.679577852264663562e+01
5.929408402400686384e+01,1.660128273869320736e+01
5.931408973992569855e+01,1.642575813211802327e+01
5.933409545584453326e+01,1.615702719906382967e+01
5.935410117176336087e+01,1.594443253092927648e+01
5.937410688768219558e+01,1.508768253893373412e+01
5.939411260360103029e+01,1.468834922760036932e+01
5.941411831951986500e+01,1.382836252853577363e+01
5.943412403543869971e+01,1.387272786585132422e+01
5.945412975135753442e+01,1.286694962892639893e+01
5.947413546727636913e+01,1.391338919766421256e+01
5.949414118319520384e+01,1.296378617936618483e+01
5.951414689911403855e+01,1.250959367251483734e+01
5.953415261503286615e+01,1.211521681112139248e+01
5.955415833095170086e+01,1.192314656553066854e+01
5.957416404687053557e+01,1.209052772032857348e+01
5.959416976278937028e+01,1.212505398654758437e+01
5.961417547870820499e+01,1.244403893943291095e+01
5.963418119462703970e+01,1.222923752352826909e+01
5.965418691054587441e+01,1.186984623687063767e+01
5.967419262646470912e+01,1.257295752713415204e+01
5.969419834238354383e+01,1.256147810663786935e+01
5.971420405830237144e+01,1.272341829764111587e+01
5.973420977422120615e+01,1.242112371695244377e+01
5.975421549014004086e+01,1.249125331310103348e+01
5.977422120605887557e+01,1.276041363003145790e+01
5.979422692197771028e+01,1.281758562229079246e+01
5.981423263789654499e+01,1.327613355966253472e+01
5.983423835381537970e+01,1.300247853383692309e+01
5.985424406973421441e+01,1.380197812732633622e+01
5.987424978565304912e+01,1.370981116607748262e+01
5.989425550157188383e+01,1.406312551597499194e+01
5.991426121749071143e+01,1.429427741759445070e+01
5.993426693340954614e+01,1.432503109143487308e+01
5.995427264932838085e+01,1.351900740999718664e+01
5.997427836524721556e+01,1.399576957373567332e+01
5.999428408116605027e+01,1.302565232980663446e+01
6.001428979708488498e+01,1.320065988939398238e+01
6.003429551300371969e+01,1.298002976740377790e+01
6.005430122892255440e+01,1.294360780431649616e+01
6.007430694484138911e+01,1.326166602425614194e+01
6.009431266076021672e+01,1.266816378330944204e+01
6.011431837667905143e+01,1.278903638564661449e+01
6.013432409259788614e+01,1.245093770300345604e+01
6.015432980851672085e+01,1.326113187371662150e+01
6.017433552443555556e+01,1.362290635438439423e+01
6.019434124035439027e+01,1.309295214412129127e+01
6.021434695627322498e+01,1.445201102716237251e+01
6.023435267219205969e+01,1.495293496263723121e+01
6.025435838811089440e+01,1.483989333332977267e+01
6.027436410402972911e+01,1.491114367026424148e+01
6.029436981994855671e+01,1.670531796972242233e+01
6.031437553586739142e+01,1.632025513851410281e+01
6.033438125178622613e+01,1.694994216015590993e+01
6.035438696770506084e+01,1.679230127895969815e+01
6.037439268362389555e+01,1.682944318443718501e+01
6.039439839954273026e+01,1.701516153788533003e+01
6.041440411546156497e+01,1.709607232355661921e+01
6.043440983138039968e+01,1.705454741930822493e+01
6.045441554729923439e+01,1.593373248777896833e+01
6.047442126321806199e+01,1.600616940497114626e+01
6.049442697913689670e+01,1.486936326523965946e+01
6.051443269505573141e+01,1.534854431750380144e+01
6.053443841097456612e+01,1.430768329881146173e+01
6.055444412689340083e+01,1.258600985044005149e+01
6.057444984281223554e+01,1.324993870890051539e+01
6.059445555873107025e+01,1.178388406379574249e+01
6.061446127464990496e+01,1.072583172160929976e+01
6.063446699056873967e+01,1.117097937407043062e+01
6.065447270648756728e+01,1.090033377568501649e+01
6.067447842240640199e+01,1.047610286933198864e+01
6.069448413832523670e+01,1.060179507447470293e+01
6.071448985424407141e+01,1.024533275996883575e+01
6.073449557016290612e+01,1.046037243343232426e+01
6.075450128608174083e+01,9.745085496323113716e+00
6.077450700200057554e+01,9.847079147942130462e+00
6.079451271791941025e+01,1.084104355561029465e+01
6.081451843383824496e+01,1.017938998615613500e+01
6.083452414975707967e+01,1.059088800871521130e+01
6.085452986567590727e+01,1.115236872736563711e+01
6.087453558159474198e+01,1.186822861322442435e+01
6.089454129751357669e+01,1.158664009599689315e+01
6.091454701343241140e+01,1.279445866057081105e+01
6.093455272935124611e+01,1.280910848650254863e+01
6.095455844527008082e+01,1.275912328551221009e+01
6.097456416118891553e+01,1.346456236234140924e+01
6.099456987710775024e+01,1.365253782950544093e+01
6.101457559302658495e+01,1.430468901483038380e+01
6.103458130894541256e+01,1.490795315539264720e+01
6.105458702486424727e+01,1.391859556608099169e+01
6.107459274078308198e+01,1.428550289955923347e+01
6.109459845670191669e+01,1.407215675275091016e+01
6.111460417262075140e+01,1.434629183919583895e+01
6.113460988853958611e+01,1.413114465521818630e+01
6.115461560445842082e+01,1.360787070495670648e+01
6.117462132037725553e+01,1.343222746967986758e+01
6.119462703629609024e+01,1.370779294323331854e+01
6.121463275221492495e+01,1.324384927493840536e+01
6.123463846813375255e+01,1.221807597519471145e+01
6.125464418405258726e+01,1.223357814880427519e+01
6.127464989997142197e+01,1.169028009293832682e+01
6.129465561589025668e+01,1.223939683649846089e+01
6.131466133180909139e+01,1.174308917340693625e+01
6.133466704772792610e+01,1.203888033884331321e+01
6.135467276364676081e+01,1.193903279653456373e+01
6.137467847956559552e+01,1.231315440893311219e+01
6.139468419548443023e+01,1.242853363148211088e+01
6.141468991140325784e+01,1.312272140824376265e+01
6.143469562732209255e+01,1.364030932685598074e+01
6.145470134324092726e+01,1.349124360475481410e+01
6.147470705915976197e+01,1.332400830668495573e+01
6.149471277507859668e+01,1.410271754757811635e+01
6.151471849099743139e+01,1.384365859545321698e+01
6.153472420691626610e+01,1.397992295503365412e+01
6.155472992283510081e+01,1.582320391888379696e+01
6.157473563875393552e+01,1.532822605499021051e+01
6.159474135467276312e+01,1.620288682392641277e+01
6.161474707059159783e+01,1.598858154997149761e+01
6.163475278651043254e+01,1.609427414860780914e+01
6.165475850242926725e+01,1.664063772429951626e+01
6.167476421834810196e+01,1.705526119573761079e+01
6.169476993426693667e+01,1.692153219713878798e+01
6.171477565018577138e+01,1.598336845752710289e+01
6.173478136610460609e+01,1.565183440001270299e+01
6.175478708202344080e+01,1.578826969133334401e+01
6.177479279794227551e+01,1.478081388357269255e+01
6.179479851386110312e+01,1.448764814827652003e+01
6.181480422977993783e+01,1.395136630956691803e+01
6.183480994569877254e+01,1.324516247182621242e+01
6.185481566161760725e+01,1.342164564021934225e+01
6.187482137753644196e+01,1.188696420645500496e+01
6.189482709345527667e+01,1.221284097805801672e+01
6.191483280937411138e+01,1.128475728654679955e+01
6.193483852529294609e+01,1.113976677309488217e+01
6.195484424121178080e+01,1.056788413836585505e+01
6.197484995713060840e+01,1.051556299157858199e+01
6.199485567304944311e+01,1.036328834954615274e+01
6.201486138896827782e+01,1.130158916689482140e+01
6.203486710488711253e+01,1.022466411174495882e+01
6.205487282080594724e+01,1.091571172923313426e+01
6.207487853672478195e+01,1.085751260595678147e+01
6.209488425264361666e+01,1.160006207040099468e+01
6.211488996856245137e+01,1.166727801174690171e+01
6.213489568448128608e+01,1.190762374150621739e+01
6.215490140040011369e+01,1.138893264118254933e+01
6.217490711631894840e+01,1.158919416257498725e+01
6.219491283223778311e+01,1.257948677846064456e+01
6.221491854815661782e+01,1.191167008237716729e+01
6.223492426407545253e+01,1.168888627434888861e+01
6.225492997999428724e+01,1.334490236645000572e+01
6.227493569591312195e+01,1.275066255598196463e+01
6.229494141183195666e+01,1.355757057874104632e+01
6.231494712775079137e+01,1.369411701958132888e+01
6.233495284366962608e+01,1.451112031382441714e+01
6.235495855958845368e+01,1.401507959834000161e+01
6.237496427550728839e+01,1.514774189711653918e+01
6.239496999142612310e+01,1.447334431568165769e+01
6.241497570734495781e+01,1.605847627899434826e+01
6.243498142326379252e+01,1.595301563086553109e+01
6.245498713918262723e+01,1.612904330558484034e+01
6.247499285510146194e+01,1.778551551960009292e+01
6.249499857102029665e+01,1.763784111236641650e+01
6.251500428693913136e+01,1.727276137620668806e+01
6.253501000285795897e+01,1.849392989513542673e+01
6.255501571877679368e+01,1.827228372339229878e+01
6.257502143469562839e+01,1.837705403857180286e+01
6.259502715061446310e+01,1.830021578022694229e+01
6.261503286653329781e+01,1.754460536656237934e+01
6.263503858245213252e+01,1.694894952679482714e+01
6.265504429837096723e+01,1.687407675025619724e+01
6.267505001428980194e+01,1.594106322123612429e+01
6.269505573020863665e+01,1.525046898321554778e+01
6.271506144612747136e+01,1.530195048876170816e+01
6.273506716204629896e+01,1.447175797912390038e+01
6.275507287796513367e+01,1.387567444466357358e+01
6.277507859388396838e+01,1.209994337355563232e+01
6.279508430980280309e+01,1.201601830108757696e+01
6.281509002572163780e+01,1.231041910332093181e+01
6.283509574164047251e+01,1.092790276247561820e+01
6.285510145755930722e+01,1.018860192700858036e+01
6.287510717347814193e+01,1.082955173896786150e+01
6.289511288939697664e+01,9.833625940671591792e+00
6.291511860531580425e+01,9.929839995203934677e+00
6.293512432123463896e+01,1.034792573247686498e+01
6.295513003715347367e+01,9.738470915889088531e+00
6.297513575307230838e+01,9.910883622293491513e+00
6.299514146899114309e+01,1.032298584386169793e+01
6.301514718490997780e+01,9.491492372078637274e+00
6.303515290082881251e+01,9.906902670824461410e+00
6.305515861674764722e+01,1.028178182432613497e+01
6.307516433266648193e+01,1.046967102072269284e+01
6.309517004858530953e+01,1.150788372993820730e+01
6.311517576450414424e+01,1.245289297204735846e+01
6.313518148042297895e+01,1.187178419939430718e+01
6.315518719634181366e+01,1.196735516893071072e+01
6.317519291226064837e+01,1.337890138052566869e+01
6.319519862817948308e+01,1.355785893893177274e+01
6.321520434409831779e+01,1.430548196705671593e+01
6.323521006001715250e+01,1.439685150205804831e+01
6.325521577593598721e+01,1.462694273348219198e+01
6.327522149185482192e+01,1.487794176985085670e+01
6.329522720777364952e+01,1.602220359929415139e+01
6.331523292369248423e+01,1.528722328787478091e+01
6.333523863961131894e+01,1.601978692811535510e+01
6.335524435553015365e+01,1.682864348816233502e+01
6.337525007144898836e+01,1.708819342059409507e+01
6.339525578736782307e+01,1.652942160685525153e+01
6.341526150328665778e+01,1.619337870709516736e+01
6.343526721920549249e+01,1.575521784248187984e+01
6.345527293512432720e+01,1.577053222223287143e+01
6.347527865104315481e+01,1.593125097584231753e+01
6.349528436696198952e+01,1.508235383934674978e+01
6.351529008288082423e+01,1.530961035274759041e+01
6.353529579879965894e+01,1.516474559704385072e+01
6.355530151471849365e+01,1.558213867079365755e+01
6.357530723063732836e+01,1.548610893601472860e+01
6.359531294655616307e+01,1.657025780411720461e+01
6.361531866247499778e+01,1.644147226603348599e+01
6.363532437839383249e+01,1.618602346561440442e+01
6.365533009431266720e+01,1.628058332575329459e+01
6.367533581023149480e+01,1.686402621286912051e+01
6.369534152615032951e+01,1.769821310022999938e+01
6.371534724206916422e+01,1.737280199542154691e+01
6.373535295798799893e+01,1.755000228946901686e+01
6.375535867390683364e+01,1.761001894447223748e+01
6.377536438982566835e+01,1.779976538940671560e+01
6.379537010574450306e+01,1.758512630379864206e+01
6.381537582166333777e+01,1.810150688025256827e+01
6.383538153758217248e+01,1.673579403203665805e+01
6.385538725350100009e+01,1.692114698612005697e+01
6.387539296941983480e+01,1.595889415572632153e+01
6.389539868533866951e+01,1.578613455684225997e+01
6.391540440125750422e+01,1.600569191898377852e+01
6.393541011717633893e+01,1.466247047006302040e+01
6.395541583309517364e+01,1.515403556578562672e+01
6.397542154901400835e+01,1.467774966405114867e+01
6.399542726493284306e+01,1.345477963450928627e+01
6.401543298085167066e+01,1.358279536999658887e+01
6.403543869677051248e+01,1.355694696094326979e+01
6.405544441268934008e+01,1.360167995446882827e+01
6.407545012860816769e+01,1.242830928281970060e+01
6.409545584452700950e+01,1.224672449830242726e+01
6.411546156044585132e+01,1.216478124393922045e+01
6.413546727636467892e+01,1.185586927859410089e+01
6.415547299228350653e+01,1.218940230700158978e+01
6.417547870820234834e+01,1.200662169934394541e+01
6.419548442412119016e+01,1.169013655004440544e+01
6.421549014004001776e+01,1.156243451478437834e+01
6.423549585595884537e+01,1.209750365655516902e+01
6.425550157187768718e+01,1.137784363822211375e+01
6.427550728779651479e+01,1.131236167791442071e+01
6.429551300371534239e+01,1.118869069097477542e+01
6.431551871963418421e+01,1.146048315566174658e+01
6.433552443555302602e+01,1.116045655716336071e+01
6.435553015147185363e+01,1.099346493004135361e+01
6.437553586739068123e+01,1.152933611905833544e+01
6.439554158330952305e+01,1.147791442274371043e+01
6.441554729922835065e+01,1.200556217782940749e+01
6.443555301514717826e+01,1.136350190185004827e+01
6.445555873106602007e+01,1.119304230785415299e+01
6.447556444698486189e+01,1.091263286652232267e+01
6.449557016290368949e+01,1.173959608698222645e+01
6.451557587882251710e+01,1.203546378153015439e+01
6.453558159474135891e+01,1.165230529985020702e+01
6.455558731066020073e+01,1.146659762540796734e+01
6.457559302657902833e+01,1.205774654037305105e+01
6.459559874249785594e+01,1.145262694547652060e+01
6.461560445841669775e+01,1.163231199989388287e+01
6.463561017433552536e+01,1.139736363155326515e+01
6.465561589025435296e+01,1.274329410757717795e+01
6.467562160617319478e+01,1.234959823044331451e+01
6.469562732209203659e+01,1.283371084669790108e+01
6.471563303801086420e+01,1.272837224566221792e+01
6.473563875392969180e+01,1.267604232459843772e+01
6.475564446984853362e+01,1.275266012103065272e+01
6.477565018576737543e+01,1.324838963091309552e+01
6.479565590168618883e+01,1.350456507028528108e+01
6.481566161760503064e+01,1.327065540327850002e+01
6.483566733352387246e+01,1.337879502945627408e+01
6.485567304944270006e+01,1.305972954696373911e+01
6.487567876536152767e+01,1.348465484722422403e+01
6.489568448128036948e+01,1.449442394064709916e+01
6.491569019719921130e+01,1.453298459374090257e+01
6.493569591311803890e+01,1.485921797482602713e+01
6.495570162903686651e+01,1.540921671702546192e+01
6.497570734495570832e+01,1.535177781798275198e+01
6.499571306087453593e+01,1.502187333191004015e+01
6.501571877679336353e+01,1.496535992207991050e+01
6.503572449271220535e+01,1.427534050309314040e+01
6.505573020863104716e+01,1.464532095937300049e+01
6.507573592454987477e+01,1.484126266412060779e+01
6.509574164046870237e+01,1.434938121605464367e+01
6.511574735638754419e+01,1.393956129896970708e+01
6.513575307230638600e+01,1.352689909570952409e+01
6.515575878822521361e+01,1.391843091638874341e+01
6.517576450414404121e+01,1.244492360590407287e+01
6.519577022006288303e+01,1.261102401703888987e+01
6.521577593598171063e+01,1.225531554176561500e+01
6.523578165190053824e+01,1.147267447885071689e+01
6.525578736781938005e+01,1.170859377954647229e+01
6.527579308373822187e+01,1.140397993215962558e+01
6.529579879965704947e+01,1.085565823440973432e+01
6.531580451557587708e+01,1.034093296155454667e+01
6.533581023149471889e+01,9.902811178571962358e+00
6.535581594741354650e+01,9.577658391403122806e+00
6.537582166333237410e+01,9.148878899038768608e+00
6.539582737925121592e+01,9.020869625395810942e+00
6.541583309517005773e+01,8.691224808185259221e+00
6.543583881108888534e+01,8.536295060290331804e+00
6.545584452700771294e+01,8.419802239908804609e+00
6.547585024292655476e+01,8.229256764149894821e+00
6.549585595884539657e+01,8.432260323919640754e+00
6.551586167476422418e+01,7.964716496707756832e+00
6.553586739068305178e+01,8.004526903939492399e+00
6.555587310660189360e+01,8.095569988036292131e+00
6.557587882252072120e+01,8.702231839293576243e+00
6.559588453843954881e+01,8.400673461133823849e+00
6.561589025435839062e+01,9.196979695828638057e+00
6.563589597027723244e+01,7.701455456604307415e+00
6.565590168619606004e+01,8.427777443066627683e+00
6.567590740211488765e+01,8.619604520699954975e+00
6.569591311803372946e+01,9.215248919717511811e+00
6.571591883395257128e+01,8.744479686961446063e+00
6.573592454987138467e+01,9.416732906839634154e+00
6.575593026579022649e+01,8.836535122591698155e+00
6.577593598170906830e+01,9.817167015407852304e+00
6.579594169762789591e+01,8.719503256925374757e+00
6.581594741354672351e+01,9.665529749049522223e+00
6.583595312946556533e+01,9.131198105635228046e+00
6.585595884538440714e+01,9.751251712986542586e+00
6.587596456130323475e+01,1.018398761347945403e+01
6.589597027722206235e+01,8.963482503118754607e+00
6.591597599314090417e+01,1.014845874030853423e+01
6.593598170905973177e+01,9.614361771686159130e+00
6.595598742497855937e+01,1.061420726589467733e+01
6.597599314089740119e+01,1.063685882605686217e+01
6.599599885681624301e+01,1.121490429453493398e+01
6.601600457273507061e+01,1.130797403563312820e+01
6.603601028865389821e+01,1.105017742421992821e+01
6.605601600457274003e+01,1.197927448189788535e+01
6.607602172049158185e+01,1.192223378627495123e+01
6.609602743641040945e+01,1.277897554711760719e+01
6.611603315232923705e+01,1.289727442934806234e+01
6.613603886824807887e+01,1.346001267253971179e+01
6.615604458416690647e+01,1.339677426186793952e+01
6.617605030008573408e+01,1.424036395766671959e+01
6.619605601600457589e+01,1.349959935170081593e+01
6.621606173192341771e+01,1.315060524560358246e+01
6.623606744784224531e+01,1.318811561472016436e+01
6.625607316376107292e+01,1.414012586741990773e+01
6.627607887967991473e+01,1.428261390456175306e+01
6.629608459559874234e+01,1.342623102978024718e+01
6.631609031151756994e+01,1.397582315426504351e+01
6.633609602743641176e+01,1.215591162121025093e+01
6.635610174335525357e+01,1.183879590647083369e+01
6.637610745927408118e+01,1.165088818311298446e+01
6.639611317519290878e+01,1.187216734876875535e+01
6.641611889111175060e+01,1.173299245027638449e+01
6.643612460703059241e+01,1.059288881433247553e+01
6.645613032294942002e+01,1.126607209296232526e+01
6.647613603886824762e+01,9.939160119585110920e+00
6.649614175478708944e+01,9.975749658260541608e+00
6.651614747070591704e+01,1.028734145054191629e+01
6.653615318662474465e+01,1.015348726642325516e+01
6.655615890254358646e+01,9.858317849649466780e+00
6.657616461846242828e+01,1.007185982375683508e+01
6.659617033438125588e+01,9.941516637538503787e+00
6.661617605030008349e+01,9.249934653593065548e+00
6.663618176621892530e+01,1.026303715416124973e+01
6.665618748213776712e+01,1.054172372074481245e+01
6.667619319805658051e+01,1.015498456660618132e+01
6.669619891397542233e+01,9.877586106503930097e+00
6.671620462989426414e+01,1.006458118955603709e+01
6.673621034581309175e+01,9.133943537345896146e+00
6.675621606173191935e+01,9.901378741804602868e+00
6.677622177765076117e+01,9.298185108647940567e+00
6.679622749356960298e+01,9.755833877955982558e+00
6.681623320948843059e+01,9.210254033181726641e+00
6.683623892540725819e+01,9.896756366361945112e+00
6.685624464132610001e+01,9.120896611829323319e+00
6.687625035724492761e+01,9.855867227790641394e+00
6.689625607316375522e+01,8.961917867886656452e+00
6.691626178908259703e+01,9.940434035107989175e+00
6.693626750500143885e+01,1.006020158411053522e+01
6.695627322092026645e+01,1.009001048468192074e+01
6.697627893683909406e+01,9.976462656956925912e+00
6.699628465275793587e+01,1.024575111539746608e+01
6.701629036867677769e+01,9.997461746992945208e+00
6.703629608459560529e+01,1.108781987737307873e+01
6.705630180051443290e+01,1.041408188264108681e+01
6.707630751643327471e+01,1.076694068224085576e+01
6.709631323235210232e+01,1.088447140861273965e+01
6.711631894827092992e+01,9.854713579689139635e+00
6.713632466418977174e+01,9.734454092295404593e+00
6.715633038010861355e+01,1.013076004620540793e+01
6.717633609602744116e+01,1.019199927995050281e+01
6.719634181194626876e+01,1.126214189661372345e+01
6.721634752786511058e+01,1.101090022674894442e+01
6.723635324378393818e+01,9.641670650792203645e+00
6.725635895970276579e+01,1.014826874936423629e+01
6.727636467562160760e+01,1.032175226933825130e+01
6.729637039154044942e+01,1.019038328653635439e+01
6.731637610745927702e+01,1.006009538469129616e+01
6.733638182337810463e+01,9.328486885467322409e+00
6.735638753929694644e+01,9.859934278212458381e+00
6.737639325521578826e+01,9.804407650163678767e+00
6.739639897113461586e+01,9.772782803017772579e+00
6.741640468705344347e+01,1.056339340559276252e+01
6.743641040297228528e+01,1.034214222427585739e+01
6.745641611889111289e+01,9.893268938592120421e+00
6.747642183480994049e+01,1.068194406949261221e+01
6.749642755072878231e+01,1.096023316492735233e+01
6.751643326664762412e+01,1.039675701093266902e+01
6.753643898256645173e+01,1.064202847490390980e+01
6.755644469848527933e+01,9.877531901521621194e+00
6.757645041440412115e+01,1.056585684746682752e+01
6.759645613032296296e+01,1.060091309863133624e+01
6.761646184624177636e+01,1.052877599844853052e+01
6.763646756216061817e+01,1.031119444472450475e+01
6.765647327807945999e+01,1.048493141642372883e+01
6.767647899399828759e+01,1.061921354313430044e+01
6.769648470991711520e+01,9.840139106765246169e+00
6.771649042583595701e+01,9.922466669031226871e+00
6.773649614175479883e+01,9.723249983279920627e+00
6.775650185767362643e+01,1.016723943564950616e+01
6.777650757359245404e+01,9.042263826519576497e+00
6.779651328951129585e+01,1.051131264567205470e+01
6.781651900543012346e+01,9.556375620895170897e+00
6.783652472134895106e+01,1.036919964431421448e+01
6.785653043726779288e+01,9.537730994370230420e+00
6.787653615318663469e+01,9.903675486364408087e+00
6.789654186910546230e+01,1.037506943225710998e+01
6.791654758502428990e+01,9.345710789684130049e+00
6.793655330094313172e+01,9.832183938052470040e+00
6.795655901686197353e+01,9.765041996757720000e+00
6.797656473278080114e+01,1.023172464070634824e+01
6.799657044869962874e+01,9.912642802074390858e+00
6.801657616461847056e+01,9.727194462903836936e+00
6.803658188053729816e+01,9.790282916321935147e+00
6.805658759645612577e+01,1.011467861386491052e+01
6.807659331237496758e+01,9.451644615192364540e+00
6.809659902829380940e+01,8.787562669838210994e+00
6.811660474421263700e+01,9.534080955518970057e+00
6.813661046013146461e+01,9.216660217627872242e+00
6.815661617605030642e+01,9.170035044048649553e+00
6.817662189196913403e+01,8.854841502363193229e+00
6.819662760788796163e+01,8.747203519293321961e+00
6.821663332380680345e+01,8.587488551791198077e+00
6.823663903972564526e+01,9.063656345732033159e+00
6.825664475564447287e+01,9.103582358427553700e+00
6.827665047156330047e+01,9.224276901872070056e+00
6.829665618748214229e+01,9.414930356454169313e+00
6.831666190340098410e+01,9.703385423010004729e+00
6.833666761931981171e+01,9.291936101433666551e+00
6.835667333523863931e+01,1.036831250244005531e+01
6.837667905115748113e+01,9.037437556890807855e+00
6.839668476707630873e+01,1.020234764747818801e+01
6.841669048299513634e+01,1.014351502151665585e+01
6.843669619891397815e+01,1.006077364994273182e+01
6.845670191483281997e+01,1.047069903148815229e+01
6.847670763075164757e+01,9.872578027318104077e+00
6.849671334667047518e+01,1.098077196360398489e+01
6.851671906258931699e+01,1.037296518880253515e+01
6.853672477850815881e+01,1.026654384866658631e+01
6.855673049442697220e+01,9.856959484796151472e+00
6.857673621034581402e+01,1.008291404274228142e+01
6.859674192626465583e+01,1.060657189775487907e+01
6.861674764218348344e+01,1.044202240669138426e+01
6.863675335810231104e+01,1.022388467863914130e+01
6.865675907402115286e+01,1.021690032748690946e+01
6.867676478993999467e+01,9.759021556790402840e+00
6.869677050585882228e+01,1.000269519459609491e+01
6.871677622177764988e+01,1.042259017261207532e+01
6.873678193769649170e+01,1.038830250537467137e+01
6.875678765361531930e+01,1.075341076304627208e+01
6.877679336953414690e+01,1.047411787213520640e+01
6.879679908545298872e+01,1.055018627634109230e+01
6.881680480137183054e+01,1.070960651968658084e+01
6.883681051729065814e+01,1.167568955647859497e+01
6.885681623320948574e+01,1.156419823887383025e+01
6.887682194912832756e+01,1.118257604805289418e+01
6.889682766504716938e+01,1.200429326306114319e+01
6.891683338096599698e+01,1.160755736774366298e+01
6.893683909688482458e+01,1.236299166908154490e+01
6.895684481280366640e+01,1.200490863308990086e+01
6.897685052872249400e+01,1.313755944668497655e+01
6.899685624464132161e+01,1.224381528981324863e+01
6.901686196056016342e+01,1.260691333197745934e+01
6.903686767647900524e+01,1.312412266083049417e+01
6.905687339239783284e+01,1.259750479526907441e+01
6.907687910831666045e+01,1.391500045376360362e+01
6.909688482423550226e+01,1.290604305194571388e+01
6.911689054015432987e+01,1.278663990547371654e+01
6.913689625607315747e+01,1.328887062664738927e+01
6.915690197199199929e+01,1.384133366947762767e+01
6.917690768791084110e+01,1.310447011296259490e+01
6.919691340382966871e+01,1.316558724505659228e+01
6.921691911974849631e+01,1.287478843213127355e+01
6.923692483566733813e+01,1.210276298990799049e+01
6.925693055158617994e+01,1.278584233641245760e+01
6.927693626750500755e+01,1.236243182044421474e+01
6.929694198342383515e+01,1.251168269902345287e+01
6.931694769934267697e+01,1.289247029731375527e+01
6.933695341526150457e+01,1.138632597365869259e+01
6.935695913118033218e+01,1.147563297677285021e+01
6.937696484709917399e+01,1.198849574819488772e+01
6.939697056301801581e+01,1.171770662021222975e+01
6.941697627893684341e+01,1.206428396638360923e+01
6.943698199485567102e+01,1.140786745065120300e+01
6.945698771077451283e+01,1.147355208419947203e+01
6.947699342669335465e+01,1.177845731133783147e+01
6.949699914261216804e+01,1.102896470324914269e+01
6.951700485853100986e+01,1.123661606764161114e+01
6.953701057444985167e+01,1.157212767937371112e+01
6.955701629036867928e+01,1.117074372335180854e+01
6.957702200628750688e+01,1.101361596705979906e+01
6.959702772220634870e+01,1.006535347760933163e+01
6.961703343812519051e+01,1.026899402257565441e+01
6.963703915404401812e+01,9.831565184430997917e+00
6.965704486996284572e+01,1.026792202238066132e+01
6.967705058588168754e+01,9.799852511338048799e+00
6.969705630180051514e+01,9.523508458282684330e+00
6.971706201771934275e+01,8.923452903557762994e+00
6.973706773363818456e+01,9.280747466543395774e+00
6.975707344955702638e+01,8.737270634252237045e+00
6.977707916547585398e+01,9.215996570216528738e+00
6.979708488139468159e+01,8.947993412540377278e+00
6.981709059731352340e+01,8.482809091810715074e+00
6.983709631323236522e+01,8.903985034428053780e+00
6.985710202915119282e+01,9.397776115819437948e+00
6.987710774507002043e+01,8.487432884351711948e+00
6.989711346098886224e+01,9.338954895725652960e+00
6.991711917690768985e+01,8.969419633571401818e+00
6.993712489282651745e+01,8.569525905828319523e+00
6.995713060874535927e+01,9.447637485204314345e+00
6.997713632466420108e+01,8.997985903381843897e+00
6.999714204058302869e+01,8.313913894234451263e+00
7.001714775650185629e+01,8.959510881746849620e+00
7.003715347242069811e+01,9.065305914016740019e+00
7.005715918833952571e+01,8.981858413691803378e+00
7.007716490425835332e+01,9.680916728133423632e+00
7.009717062017719513e+01,7.959392035506791530e+00
7.011717633609603695e+01,8.210467944315999134e+00
7.013718205201486455e+01,8.894314076032621585e+00
7.015718776793369216e+01,8.224662290915418339e+00
7.017719348385253397e+01,7.770110063021313351e+00
7.019719919977137579e+01,7.883397085196680365e+00
7.021720491569020339e+01,8.103741132805263092e+00
7.023721063160903100e+01,7.447247862266285878e+00
7.025721634752787281e+01,7.303519739587239101e+00
7.027722206344670042e+01,7.460742897601008394e+00
7.029722777936552802e+01,7.618435758742728936e+00
7.031723349528436984e+01,7.286017984300086070e+00
7.033723921120321165e+01,7.782187124171516146e+00
7.035724492712203926e+01,8.015529037175218363e+00
7.037725064304086686e+01,6.478999751155733122e+00
7.039725635895970868e+01,6.532674796940323603e+00
7.041726207487855049e+01,7.216362547188637677e+00
7.043726779079736389e+01,6.736727058897361786e+00
7.045727350671620570e+01,6.644886080070094181e+00
7.047727922263504752e+01,7.919400111493332339e+00
7.049728493855387512e+01,6.763870744872913399e+00
7.051729065447270273e+01,6.766598411728897311e+00
7.053729637039154454e+01,7.487544108305641544e+00
7.055730208631038636e+01,7.513526694026981367e+00
7.057730780222921396e+01,6.843985166418974586e+00
7.059731351814804157e+01,6.610373770241254832e+00
7.061731923406688338e+01,6.714563879712079242e+00
7.063732494998571099e+01,8.122073251359157808e+00
7.065733066590453859e+01,7.351369320058947388e+00
7.067733638182338041e+01,7.011602583736767258e+00
7.069734209774222222e+01,7.584462679236612104e+00
7.071734781366104983e+01,7.483923433377537293e+00
7.073735352957987743e+01,7.839253648138726049e+00
7.075735924549871925e+01,8.095485456097186727e+00
7.077736496141756106e+01,8.390037674501806819e+00
7.079737067733638867e+01,8.593792224232167598e+00
7.081737639325521627e+01,8.734063806115187845e+00
7.083738210917405809e+01,7.607256787533048126e+00
7.085738782509288569e+01,7.809383688610699537e+00
7.087739354101171330e+01,9.125145602062501027e+00
7.089739925693055511e+01,8.618167257601808018e+00
7.091740497284939693e+01,9.220557461704917301e+00
7.093741068876822453e+01,8.894865041108271697e+00
7.095741640468705214e+01,9.377131913203902158e+00
7.097742212060589395e+01,9.467209669811232686e+00
7.099742783652472156e+01,8.914365385804776665e+00
7.101743355244354916e+01,8.747454084886960857e+00
7.103743926836239098e+01,9.752189846815175756e+00
7.105744498428123279e+01,8.904157201322158599e+00
7.107745070020006040e+01,9.801849995705975260e+00
7.109745641611888800e+01,9.245629083534328885e+00
7.111746213203772982e+01,8.843143077864954904e+00
7.113746784795657163e+01,8.228050843838270012e+00
7.115747356387539924e+01,9.567408068548138189e+00
7.117747927979422684e+01,9.161198882425050982e+00
7.119748499571306866e+01,8.306325731207760299e+00
7.121749071163189626e+01,8.561421726550516809e+00
7.123749642755072387e+01,8.764455647448134101e+00
7.125750214346956568e+01,9.735837623849446842e+00
7.127750785938840750e+01,9.442740927812488749e+00
7.129751357530723510e+01,9.100461824863291582e+00
7.131751929122606271e+01,9.180002521059819287e+00
7.133752500714490452e+01,8.985855979181366138e+00
7.135753072306374634e+01,9.408150544465131659e+00
7.137753643898255973e+01,9.360546776040214567e+00
7.139754215490140155e+01,9.119155721064508668e+00
7.141754787082024336e+01,8.982038238967257726e+00
7.143755358673907097e+01,8.529448578152964089e+00
7.145755930265789857e+01,9.343659689960885473e+00
7.147756501857674039e+01,9.416103631473017543e+00
7.149757073449558220e+01,9.047250405859124101e+00
7.151757645041440981e+01,9.577513793833471567e+00
7.153758216633323741e+01,8.489851796778030035e+00
7.155758788225207923e+01,8.802322808129273923e+00
7.157759359817090683e+01,9.149069292412601584e+00
7.159759931408973443e+01,9.483802221501317575e+00
7.161760503000857625e+01,8.316238607441519548e+00
7.163761074592741807e+01,8.956091942354229118e+00
7.165761646184624567e+01,8.700908240668862703e+00
7.167762217776507327e+01,7.869225164363731650e+00
7.169762789368391509e+01,8.441991636294595480e+00
7.171763360960275691e+01,9.078091659403387581e+00
7.173763932552158451e+01,8.613806513889860739e+00
7.175764504144041211e+01,9.200332290083157005e+00
7.177765075735925393e+01,8.535602173858906738e+00
7.179765647327808153e+01,8.649026418310555187e+00
7.181766218919690914e+01,8.649116055104638434e+00
7.183766790511575095e+01,8.344927111585247914e+00
7.185767362103459277e+01,9.159763825304979790e+00
7.187767933695342037e+01,8.407578843012082359e+00
7.189768505287224798e+01,8.892894247652854745e+00
7.191769076879108979e+01,8.999119758687715631e+00
7.193769648470991740e+01,8.877963405411559705e+00
7.195770220062874500e+01,8.875806837390342707e+00
7.197770791654758682e+01,9.425594014209742966e+00
7.199771363246642863e+01,9.439607251574809510e+00
7.201771934838525624e+01,8.461777762921760981e+00
7.203772506430408384e+01,8.879300336750016953e+00
7.205773078022292566e+01,8.714504847708630209e+00
7.207773649614176747e+01,8.427755113878252047e+00
7.209774221206059508e+01,8.873894022766517509e+00
7.211774792797942268e+01,8.513636849993826416e+00
7.213775364389826450e+01,8.042542277431216746e+00
7.215775935981709210e+01,8.442952262839270361e+00
7.217776507573591971e+01,7.328882038659152443e+00
7.219777079165476152e+01,8.229652849963493111e+00
7.221777650757360334e+01,8.475254771120884101e+00
7.223778222349243094e+01,8.489841348309074220e+00
7.225778793941125855e+01,7.357049225677764426e+00
7.227779365533010036e+01,8.149200187107215498e+00
7.229779937124894218e+01,8.107333524648460354e+00
7.231780508716775557e+01,7.537616539870050758e+00
7.233781080308659739e+01,9.265789935225782870e+00
7.235781651900543920e+01,8.777185923800143286e+00
7.237782223492426681e+01,9.278437462546405001e+00
7.239782795084309441e+01,8.573777237128954454e+00
7.241783366676193623e+01,9.452245505222649058e+00
7.243783938268077804e+01,9.727076125412734697e+00
7.245784509859960565e+01,1.020377267061752491e+01
7.247785081451843325e+01,9.781326857371205108e+00
7.249785653043727507e+01,9.754697016948524535e+00
7.251786224635610267e+01,1.005900672319424949e+01
7.253786796227493028e+01,1.008062697038583444e+01
7.255787367819377209e+01,1.021345445633344262e+01
7.257787939411261391e+01,9.436158872035754541e+00
7.259788511003144151e+01,1.017076125018066080e+01
7.261789082595026912e+01,9.551728871887508632e+00
7.263789654186911093e+01,1.047517103793167870e+01
7.265790225778795275e+01,1.028283662616083838e+01
7.267790797370678035e+01,9.497497936421051890e+00
7.269791368962560796e+01,9.675813682358398893e+00
7.271791940554444977e+01,1.030487725560651313e+01
7.273792512146327738e+01,9.702768852466167715e+00
7.275793083738210498e+01,1.025323547892299558e+01
7.277793655330094680e+01,1.011099646794325224e+01
7.279794226921978861e+01,9.920740539566445193e+00
7.281794798513861622e+01,1.018148207573521269e+01
7.283795370105744382e+01,1.017986483978268097e+01
7.285795941697628564e+01,9.605824568309802913e+00
7.287796513289511324e+01,1.015923253103711055e+01
7.289797084881394085e+01,9.661030800024159149e+00
7.291797656473278266e+01,1.035155205017175106e+01
7.293798228065162448e+01,1.025860517576655440e+01
7.295798799657045208e+01,9.671267376383893222e+00
7.297799371248927969e+01,1.014853029763145642e+01
7.299799942840812150e+01,1.032899608290927063e+01
7.301800514432696332e+01,9.534814348740162870e+00
7.303801086024579092e+01,1.057783368032159999e+01
7.305801657616461853e+01,1.018186427537573024e+01
7.307802229208346034e+01,1.075671283004575862e+01
7.309802800800228795e+01,9.982917903916112223e+00
7.311803372392111555e+01,9.542516399084796319e+00
7.313803943983995737e+01,9.641518582217445399e+00
7.315804515575879918e+01,1.009951878677699888e+01
7.317805087167762679e+01,9.478590109324414925e+00
7.319805658759645439e+01,9.795792657799252012e+00
7.321806230351529621e+01,1.031152638500633145e+01
7.323806801943413802e+01,8.868903076985333200e+00
7.325807373535295142e+01,9.130462968392304646e+00
7.327807945127179323e+01,9.765687999923008178e+00
7.329808516719063505e+01,9.496505138831686565e+00
7.331809088310946265e+01,8.358084811873954578e+00
7.333809659902829026e+01,8.591667140378937972e+00
7.335810231494713207e+01,9.304830400904080534e+00
7.337810803086597389e+01,8.281860459504013505e+00
7.339811374678480149e+01,9.005950962523861847e+00
7.341811946270362910e+01,9.234616710524608862e+00
7.343812517862247091e+01,8.017462606423993776e+00
7.345813089454129852e+01,8.678091441211051915e+00
7.347813661046012612e+01,8.765904381405295709e+00
7.349814232637896794e+01,9.193247263201833164e+00
7.351814804229780975e+01,9.308240219588832076e+00
7.353815375821663736e+01,9.735726387250918989e+00
7.355815947413546496e+01,8.457021551904990275e+00
7.357816519005430678e+01,8.434108225851387530e+00
7.359817090597314859e+01,9.382968628857437210e+00
7.361817662189197620e+01,9.068652121519853893e+00
7.363818233781080380e+01,9.544090913812206978e+00
7.365818805372964562e+01,1.042977633052229791e+01
7.367819376964847322e+01,9.404475729675123574e+00
7.369819948556730083e+01,9.441221134002695692e+00
7.371820520148614264e+01,9.676589037611226018e+00
7.373821091740498446e+01,9.400089377953475989e+00
7.375821663332381206e+01,9.054095022656277081e+00
7.377822234924263967e+01,8.748118184214906279e+00
7.379822806516148148e+01,9.210837342106916736e+00
7.381823378108030909e+01,8.496189648266003758e+00
7.383823949699913669e+01,9.499715966062733941e+00
7.385824521291797851e+01,8.621080903117274374e+00
7.387825092883682032e+01,8.832249903831034032e+00
7.389825664475564793e+01,8.185865923804721334e+00
7.391826236067447553e+01,8.561841360870015905e+00
7.393826807659331735e+01,8.389320792584985753e+00
7.395827379251215916e+01,8.798627600890355893e+00
7.397827950843098677e+01,8.041440057657700535e+00
7.399828522434981437e+01,7.906548539698214029e+00
7.401829094026865619e+01,8.805560617315880023e+00
7.403829665618748379e+01,9.395061176343627807e+00
7.405830237210632561e+01,8.708849653115567691e+00
7.407830808802515321e+01,8.232626956917908245e+00
7.409831380394398082e+01,9.034861292117367881e+00
7.411831951986282263e+01,9.299475112288888567e+00
7.413832523578165024e+01,9.788479590537647823e+00
7.415833095170049205e+01,8.940794430781874524e+00
7.417833666761931966e+01,9.024793296097083584e+00
7.419834238353816147e+01,9.640634496850571722e+00
7.421834809945698908e+01,9.219409253117280656e+00
7.423835381537583089e+01,9.904228383646813683e+00
7.425835953129465850e+01,9.228021736357131743e+00
7.427836524721348610e+01,9.094068110867743471e+00
7.429837096313232792e+01,8.425263179782829681e+00
7.431837667905115552e+01,9.387105368722126642e+00
7.433838239496999734e+01,8.585115801462039897e+00
7.435838811088882494e+01,9.616491758068006490e+00
7.437839382680766676e+01,9.608745418891476930e+00
7.439839954272649436e+01,8.726379746473677201e+00
7.441840525864533618e+01,8.692152611574389454e+00
7.443841097456416378e+01,8.679588138738093761e+00
7.445841669048300560e+01,9.511371577085354190e+00
7.447842240640183320e+01,9.237291113626771022e+00
7.449842812232066080e+01,9.148730652966081678e+00
7.451843383823950262e+01,8.933099934146378374e+00
7.453843955415833022e+01,9.094221395925778495e+00
7.455844527007717204e+01,8.994276618948639168e+00
7.457845098599599964e+01,8.809734096035013451e+00
7.459845670191484146e+01,8.859762228651241855e+00
7.461846241783366906e+01,9.075054713633305070e+00
7.463846813375251088e+01,8.389504521177453711e+00
7.465847384967133848e+01,9.216023211405586224e+00
7.467847956559016609e+01,8.128826081260713821e+00
7.469848528150900790e+01,8.281704925849828314e+00
7.471849099742783551e+01,9.063574315063613440e+00
7.473849671334667732e+01,8.636447655850709282e+00
7.475850242926550493e+01,8.655219561780150173e+00
7.477850814518434674e+01,8.259120831737561730e+00
7.479851386110317435e+01,8.765118857754217174e+00
7.481851957702201616e+01,8.394921035109780050e+00
7.483852529294084377e+01,8.375623870247171254e+00
7.485853100885967137e+01,8.076530655482034859e+00
7.487853672477851319e+01,8.251864715880493861e+00
7.489854244069734079e+01,8.758690935947230471e+00
7.491854815661618261e+01,8.219028513632121502e+00
7.493855387253501021e+01,8.550013501357597079e+00
7.495855958845385203e+01,8.495057879018458991e+00
7.497856530437267963e+01,7.886809564462287980e+00
7.499857102029152145e+01,7.650150507119576559e+00
7.501857673621034905e+01,8.133120569636734132e+00
7.503858245212917666e+01,8.193582975883652253e+00
7.505858816804801847e+01,8.588497909608854286e+00
7.507859388396684608e+01,8.108987477672513933e+00
7.509859959988568789e+01,8.033210385109777363e+00
7.511860531580451550e+01,7.828476082383585499e+00
7.513861103172335731e+01,7.786522837168199374e+00
7.515861674764218492e+01,8.143495478999646764e+00
7.517862246356102673e+01,8.294841198950440031e+00
7.519862817947985434e+01,7.758892187513357186e+00
7.521863389539868194e+01,8.328396479996341029e+00
7.523863961131752376e+01,8.912662467057797855e+00
7.525864532723635136e+01,8.443796858436478203e+00
7.527865104315519318e+01,8.595135637330214351e+00
7.529865675907402078e+01,8.976334396218158318e+00
7.531866247499286260e+01,8.707952060715918208e+00
7.533866819091169020e+01,8.925678446843857472e+00
7.535867390683053202e+01,9.345886689086231769e+00
7.537867962274935962e+01,9.868876510307231342e+00
7.539868533866820144e+01,9.645590861611161415e+00
7.541869105458702904e+01,9.509693277961542179e+00
7.543869677050585665e+01,9.348961879280416554e+00
7.545870248642469846e+01,8.704808491857750852e+00
7.547870820234352607e+01,9.306381612985262564e+00
7.549871391826236788e+01,9.374650546592299349e+00
7.551871963418119549e+01,9.385645155609243062e+00
7.553872535010003730e+01,8.875452161839776366e+00
7.555873106601886491e+01,9.571472573822646268e+00
7.557873678193770672e+01,9.069758752672996138e+00
7.559874249785653433e+01,8.884290095904368911e+00
7.561874821377536193e+01,9.206275026407666928e+00
7.563875392969420375e+01,9.239256625747168883e+00
7.565875964561303135e+01,9.823123994688781835e+00
7.567876536153187317e+01,9.235721847594554390e+00
7.569877107745070077e+01,9.413253423583126889e+00
7.571877679336954259e+01,9.344933326522944839e+00
7.573878250928837019e+01,8.831496288735378286e+00
7.575878822520721201e+01,9.571825122097241234e+00
7.577879394112603961e+01,9.064199365591887769e+00
7.579879965704486722e+01,9.019483329477901989e+00
7.581880537296370903e+01,9.025717436039828456e+00
7.583881108888253664e+01,9.499748033745381903e+00
7.585881680480137845e+01,9.676414843670162469e+00
7.587882252072020606e+01,8.898035506330872479e+00
7.589882823663904787e+01,8.232092630599275651e+00
7.591883395255787548e+01,8.710875126986366013e+00
7.593883966847671729e+01,8.519598413415762295e+00
7.595884538439554490e+01,8.905705842464117339e+00
7.597885110031437250e+01,8.631674165995551817e+00
7.599885681623321432e+01,8.514444007660742386e+00
7.601886253215204192e+01,8.289207126900585365e+00
7.603886824807088374e+01,8.429160312236041008e+00
7.605887396398971134e+01,9.132522063807787305e+00
7.607887967990855316e+01,8.481738653114598847e+00
7.609888539582738076e+01,8.283631637977265427e+00
7.611889111174622258e+01,8.395336285113613073e+00
7.613889682766505018e+01,8.303875870553095950e+00
7.615890254358387779e+01,7.945431592116666053e+00
7.617890825950271960e+01,8.866762460965325943e+00
7.619891397542154721e+01,8.723370859836325764e+00
7.621891969134038902e+01,9.141986307154938984e+00
7.623892540725921663e+01,9.030685442716496425e+00
7.625893112317805844e+01,8.138600289316643810e+00
7.627893683909688605e+01,8.780217365521163941e+00
7.629894255501572786e+01,8.451105868236137297e+00
7.631894827093455547e+01,9.304376883378406404e+00
7.633895398685339728e+01,9.647402132882691106e+00
7.635895970277222489e+01,9.629907755644524059e+00
7.637896541869105249e+01,9.413712491686865746e+00
7.639897113460989431e+01,9.102204635394063104e+00
7.641897685052872191e+01,9.180108419735651282e+00
7.643898256644756373e+01,1.018895854226029130e+01
7.645898828236639133e+01,1.023760889975850930e+01
7.647899399828523315e+01,1.049779386309094598e+01
7.649899971420406075e+01,1.027282369657493533e+01
7.651900543012290257e+01,1.052748825887998052e+01
7.653901114604173017e+01,1.140144569068333169e+01
7.655901686196055778e+01,1.058687667910011143e+01
7.657902257787939959e+01,1.043493808293496805e+01
7.659902829379822720e+01,1.082308722972102544e+01
7.661903400971706901e+01,9.771150080533740123e+00
7.663903972563589662e+01,1.015343324992328533e+01
7.665904544155473843e+01,1.008636785730338659e+01
7.667905115747356604e+01,1.048463248102421375e+01
7.669905687339240785e+01,1.012159147489035149e+01
7.671906258931123546e+01,9.263338006846836947e+00
7.673906830523006306e+01,9.501779826974122045e+00
7.675907402114890488e+01,1.027579635687555637e+01
7.677907973706773248e+01,9.481390371437040443e+00
7.679908545298657430e+01,9.193630772019659503e+00
7.681909116890540190e+01,8.961465732513540061e+00
7.683909688482424372e+01,1.009562950896867761e+01
7.685910260074307132e+01,8.991401292392080080e+00
7.687910831666191314e+01,9.451593159198070637e+00
7.689911403258074074e+01,8.708312269399197447e+00
7.691911974849956835e+01,8.778216618981126373e+00
7.693912546441841016e+01,8.596386089849056944e+00
7.695913118033723777e+01,9.412771647594556867e+00
7.697913689625607958e+01,9.150928777117952606e+00
7.699914261217490719e+01,9.239019051083918299e+00
7.701914832809374900e+01,9.418081861437686442e+00
7.703915404401257661e+01,8.689246955126680660e+00
7.705915975993141842e+01,8.824208001997341455e+00
7.707916547585024603e+01,8.747677580017331422e+00
7.709917119176907363e+01,9.736140371935407600e+00
7.711917690768791545e+01,8.905649629752504737e+00
7.713918262360674305e+01,8.847962556717796190e+00
7.715918833952558487e+01,9.190723965243213556e+00
7.717919405544441247e+01,8.861543829863395061e+00
7.719919977136325429e+01,8.371373720394789331e+00
7.721920548728208189e+01,8.529530654304256387e+00
7.723921120320092371e+01,8.256717313620153931e+00
7.725921691911975131e+01,8.135390118947162463e+00
7.727922263503859313e+01,8.475876234687177657e+00
7.729922835095742073e+01,8.307761426817734218e+00
7.731923406687624833e+01,8.355562139734914240e+00
7.733923978279509015e+01,8.169698983005634574e+00
7.735924549871391775e+01,7.916873970529497484e+00
7.737925121463275957e+01,8.305381376322332088e+00
7.739925693055158717e+01,8.211221813105483491e+00
7.741926264647042899e+01,7.983899096231086290e+00
7.743926836238925659e+01,8.774722541264267761e+00
7.745927407830809841e+01,8.072344952571686605e+00
7.747927979422692601e+01,8.248108642008704194e+00
7.749928551014575362e+01,8.991145340237554962e+00
7.751929122606459543e+01,8.233929127278468485e+00
7.753929694198342304e+01,9.256283252245772530e+00
7.755930265790226485e+01,9.114060768874360008e+00
7.757930837382109246e+01,9.474348263341392240e+00
7.759931408973993427e+01,9.002288784977627856e+00
7.761931980565876188e+01,9.130420153827191854e+00
7.763932552157760369e+01,1.005690301455113556e+01
7.765933123749643130e+01,9.356218394644489678e+00
7.767933695341525890e+01,9.283836065995032527e+00
7.769934266933410072e+01,9.771940665529847081e+00
7.771934838525292832e+01,1.044350626462255960e+01
7.773935410117177014e+01,9.742670717445903961e+00
7.775935981709059774e+01,1.013963061303863533e+01
7.777936553300943956e+01,9.941090713663555789e+00
7.779937124892826716e+01,9.592370728338895702e+00
7.781937696484710898e+01,9.575513852133198611e+00
7.783938268076593658e+01,9.306237198145861811e+00
7.785938839668476419e+01,1.056010906549229844e+01
7.787939411260360600e+01,1.015499623185460898e+01
7.789939982852243361e+01,9.908149645753674406e+00
7.791940554444127542e+01,9.356861992488081370e+00
7.793941126036010303e+01,9.320203969709300651e+00
7.795941697627894484e+01,8.694411051489861819e+00
7.797942269219777245e+01,9.031344024629440526e+00
7.799942840811661426e+01,8.812797388326911729e+00
7.801943412403544187e+01,9.236820011889628645e+00
7.803943983995426947e+01,8.540022259689752815e+00
7.805944555587311129e+01,8.414740912982834331e+00
7.807945127179193889e+01,8.659698012165772951e+00
7.809945698771078071e+01,8.389229139867826035e+00
7.811946270362960831e+01,8.625458188995025921e+00
7.813946841954845013e+01,8.525166193103499879e+00
7.815947413546727773e+01,8.565179663038890112e+00
7.817947985138611955e+01,9.097153093168047988e+00
7.819948556730494715e+01,8.403804739385975608e+00
7.821949128322378897e+01,8.335739314640104425e+00
7.823949699914261657e+01,8.474644134041934507e+00
7.825950271506144418e+01,8.499442903766109225e+00
7.827950843098028599e+01,9.220033962091179092e+00
7.829951414689911360e+01,9.201629648750973445e+00
7.831951986281795541e+01,1.003615137780140287e+01
7.833952557873678302e+01,9.820329627035269127e+00
7.835953129465562483e+01,1.106650145379802019e+01
7.837953701057445244e+01,1.047744867386117207e+01
7.839954272649329425e+01,1.072182035628150842e+01
7.841954844241212186e+01,1.082747213676088194e+01
7.843955415833094946e+01,1.088532580287892593e+01
7.845955987424979128e+01,1.172379239713569632e+01
7.847956559016861888e+01,1.106009603849965472e+01
7.849957130608746070e+01,1.133702132362645187e+01
7.851957702200628830e+01,1.071246082477349049e+01
7.853958273792513012e+01,1.012705902616082376e+01
7.855958845384395772e+01,1.038771867632457635e+01
7.857959416976279954e+01,1.078085621387473836e+01
7.859959988568162714e+01,1.057827810403699864e+01
7.861960560160045475e+01,1.049086661738666848e+01
7.863961131751929656e+01,9.500392363716420263e+00
7.865961703343812417e+01,9.400393036542766367e+00
7.867962274935696598e+01,9.807760179779201337e+00
7.869962846527579359e+01,9.785603806488637701e+00
7.871963418119463540e+01,9.904906205226801319e+00
7.873963989711346301e+01,9.798361994224757510e+00
7.875964561303230482e+01,8.693331906170215007e+00
7.877965132895113243e+01,9.125304597994462696e+00
7.879965704486996003e+01,9.573008286943395007e+00
7.881966276078880185e+01,9.450525920684281544e+00
7.883966847670762945e+01,8.732369413070781405e+00
7.885967419262647127e+01,9.595110865205219497e+00
7.887967990854529887e+01,8.828885600320374394e+00
7.889968562446414069e+01,9.724624892108604257e+00
7.891969134038296829e+01,9.126293830226698489e+00
7.893969705630181011e+01,9.034186983938617743e+00
7.895970277222063771e+01,8.947118483431925284e+00
7.897970848813946532e+01,9.008081424425848027e+00
7.899971420405830713e+01,8.884077449919173475e+00
7.901971991997713474e+01,8.138443842471863476e+00
7.903972563589597655e+01,9.035846923911783790e+00
7.905973135181480416e+01,8.122785503387833117e+00
7.907973706773364597e+01,8.485356389095128904e+00
7.909974278365247358e+01,8.877072430515781321e+00
7.911974849957131539e+01,7.710136427824629379e+00
7.913975421549014300e+01,7.869969942613657565e+00
7.915975993140898481e+01,8.366292085246193722e+00
7.917976564732781242e+01,8.398404110604683837e+00
7.919977136324664002e+01,9.023902683866474206e+00
7.921977707916548184e+01,8.934336577108854982e+00
7.923978279508430944e+01,9.182490990418010313e+00
7.925978851100315126e+01,9.095566014099095042e+00
7.927979422692197886e+01,8.619339123588527940e+00
7.929979994284082068e+01,9.316639163375947774e+00
7.931980565875964828e+01,8.973204207752919714e+00
7.933981137467849010e+01,8.236897104382805423e+00
7.935981709059731770e+01,8.448068595608669185e+00
7.937982280651614531e+01,8.817703665251533707e+00
7.939982852243498712e+01,9.088089382713066655e+00
7.941983423835381473e+01,8.400076917842273616e+00
7.943983995427265654e+01,9.031271909261548103e+00
7.945984567019148415e+01,8.155521646941082281e+00
7.947985138611032596e+01,8.646259600186834149e+00
7.949985710202915357e+01,8.692242198922436103e+00
7.951986281794799538e+01,8.891276692623479860e+00
7.953986853386682299e+01,9.408632843086454756e+00
7.955987424978565059e+01,8.837713064138371877e+00
7.957987996570449241e+01,8.770561348064378038e+00
7.959988568162332001e+01,8.977724955126678452e+00
7.961989139754216183e+01,8.920452757158177093e+00
7.963989711346098943e+01,9.123191754004974285e+00
7.965990282937983125e+01,9.318755598141450491e+00
7.967990854529865885e+01,9.451491716159864609e+00
7.969991426121750067e+01,9.277814035108363555e+00
7.971991997713632827e+01,8.931855378209744956e+00
7.973992569305515588e+01,9.557701730236532356e+00
7.975993140897399769e+01,9.024109862040067043e+00
7.977993712489282530e+01,9.297471671339541999e+00
7.979994284081166711e+01,9.216293976371563446e+00
7.981994855673049472e+01,9.074413456535657119e+00
7.983995427264933653e+01,8.376909878845728130e+00
7.985995998856816414e+01,8.469409433469246906e+00
7.987996570448700595e+01,8.701993898435098629e+00
7.989997142040583356e+01,9.016456794727508495e+00
7.991997713632466116e+01,8.582685041925465441e+00
7.993998285224350298e+01,7.921653182643530577e+00
7.995998856816233058e+01,7.874527287347852678e+00
7.997999428408117240e+01,7.202053764155737170e+00
8.000000000000000000e+01,6.459777890526906319e+00
