angle,intensity
1.000000000000000000e+01,6.653315243682227376e+00
1.002000571591883471e+01,7.963928326121340717e+00
1.004001143183766764e+01,8.204639561634699874e+00
1.006001714775650235e+01,7.232798281329473333e+00
1.008002286367533529e+01,7.766726553491558604e+00
1.010002857959417000e+01,8.151684364946568451e+00
1.012003429551300293e+01,8.381857698716672189e+00
1.014004001143183764e+01,7.073248154413247057e+00
1.016004572735067235e+01,8.411586619236603113e+00
1.018005144326950528e+01,7.714864618195589330e+00
1.020005715918833999e+01,7.936288229854993936e+00
1.022006287510717293e+01,7.553203627440280954e+00
1.024006859102600764e+01,7.345070017604042434e+00
1.026007430694484057e+01,7.526980140894126592e+00
1.028008002286367528e+01,7.636576944545618417e+00
1.030008573878250999e+01,8.360040118517561680e+00
1.032009145470134293e+01,7.116137209237930250e+00
1.034009717062017764e+01,7.164485522083163360e+00
1.036010288653901057e+01,7.802534304821451272e+00
1.038010860245784528e+01,8.321789275116776352e+00
1.040011431837667999e+01,8.152938692203557380e+00
1.042012003429551292e+01,7.957617589150366655e+00
1.044012575021434763e+01,7.659750534767276520e+00
1.046013146613318057e+01,8.187672531270317577e+00
1.048013718205201528e+01,8.424462737270800972e+00
1.050014289797084821e+01,7.562583680677462894e+00
1.052014861388968292e+01,7.849192276346696140e+00
1.054015432980851585e+01,7.459356575493661268e+00
1.056016004572735056e+01,7.961235944406164222e+00
1.058016576164618527e+01,7.971833580160713417e+00
1.060017147756501821e+01,7.684688446432263120e+00
1.062017719348385292e+01,8.458986625763010636e+00
1.064018290940268585e+01,7.708017925096013911e+00
1.066018862532152056e+01,8.193546315049403006e+00
1.068019434124035527e+01,7.369902056573181426e+00
1.070020005715918820e+01,7.367831854338705355e+00
1.072020577307802292e+01,7.143347784979045656e+00
1.074021148899685585e+01,8.370509310685079640e+00
1.076021720491569056e+01,8.006503293052592340e+00
1.078022292083452349e+01,6.728720816579967234e+00
1.080022863675335820e+01,6.944084877828628599e+00
1.082023435267219291e+01,7.333607418120748456e+00
1.084024006859102585e+01,6.748496060298641908e+00
1.086024578450986056e+01,7.223320386327319653e+00
1.088025150042869349e+01,6.896152933970547849e+00
1.090025721634752820e+01,7.320064991483292260e+00
1.092026293226636113e+01,7.110261825675245007e+00
1.094026864818519584e+01,6.054149956319484716e+00
1.096027436410403055e+01,7.097802215542969861e+00
1.098028008002286349e+01,7.093111300062190594e+00
1.100028579594169820e+01,6.616685769938150941e+00
1.102029151186053113e+01,6.424341365732576747e+00
1.104029722777936584e+01,7.414583493102512080e+00
1.106030294369819877e+01,6.534188175036723223e+00
1.108030865961703348e+01,6.223173458016637127e+00
1.110031437553586819e+01,7.284413671867596918e+00
1.112032009145470113e+01,7.165720753984535563e+00
1.114032580737353584e+01,6.747583916388832037e+00
1.116033152329236877e+01,7.128192901186385377e+00
1.118033723921120348e+01,6.174367141566878381e+00
1.120034295513003642e+01,5.914435358856220404e+00
1.122034867104887113e+01,7.023436025289742091e+00
1.124035438696770584e+01,6.677635661148384472e+00
1.126036010288653877e+01,6.940914370362396113e+00
1.128036581880537348e+01,6.942920414687382191e+00
1.130037153472420641e+01,6.395459795015421278e+00
1.132037725064304112e+01,6.001785045625489090e+00
1.134038296656187583e+01,6.430944965664208368e+00
1.136038868248070877e+01,6.757300218025392269e+00
1.138039439839954348e+01,5.910370554921188457e+00
1.140040011431837641e+01,6.857527443157799496e+00
1.142040583023721112e+01,6.765896978894978986e+00
1.144041154615604405e+01,6.939223519503510573e+00
1.146041726207487876e+01,6.638572485043377824e+00
1.148042297799371170e+01,6.467170612917488626e+00
1.150042869391254641e+01,6.079107751573475937e+00
1.152043440983138112e+01,7.140205913409191751e+00
1.154044012575021405e+01,7.051006967670641501e+00
1.156044584166904876e+01,6.357331798571006942e+00
1.158045155758788169e+01,6.328297138462815496e+00
1.160045727350671640e+01,6.985933922732032286e+00
1.162046298942555111e+01,5.791624104189482480e+00
1.164046870534438405e+01,6.263304248442688404e+00
1.166047442126321876e+01,6.262949541840728607e+00
1.168048013718205169e+01,7.066778377758561547e+00
1.170048585310088640e+01,6.387612271697443944e+00
1.172049156901971934e+01,6.621648499755401929e+00
1.174049728493855405e+01,6.270913277319016821e+00
1.176050300085738698e+01,6.185441837765742079e+00
1.178050871677622169e+01,5.857294912138836018e+00
1.180051443269505640e+01,7.006609887151329374e+00
1.182052014861388933e+01,6.640400454745515546e+00
1.184052586453272404e+01,5.926767273829552707e+00
1.186053158045155698e+01,5.671831023068016897e+00
1.188053729637039169e+01,5.733332879174534824e+00
1.190054301228922640e+01,6.154199664907686440e+00
1.192054872820805933e+01,6.217282261677191002e+00
1.194055444412689404e+01,5.880031239084367201e+00
1.196056016004572697e+01,5.277414246371550988e+00
1.198056587596456168e+01,5.649808621956137422e+00
1.200057159188339639e+01,5.582003422842462648e+00
1.202057730780222933e+01,5.591109149183083105e+00
1.204058302372106226e+01,5.638426906463082311e+00
1.206058873963989697e+01,6.089512451488776179e+00
1.208059445555873168e+01,5.797446971739915966e+00
1.210060017147756461e+01,5.627508123905309745e+00
1.212060588739639932e+01,5.468544078974650446e+00
1.214061160331523226e+01,5.268918392709472265e+00
1.216061731923406697e+01,5.073721920908538685e+00
1.218062303515290168e+01,6.015368772582853296e+00
1.220062875107173461e+01,5.686765318281580051e+00
1.222063446699056932e+01,5.833175613363142276e+00
1.224064018290940226e+01,5.162578055131758603e+00
1.226064589882823697e+01,5.640684799293172347e+00
1.228065161474707168e+01,5.291806114562271013e+00
1.230065733066590461e+01,5.116296827224735111e+00
1.232066304658473754e+01,5.412532124165890579e+00
1.234066876250357225e+01,5.717156354164687038e+00
1.236067447842240696e+01,5.689695672862596254e+00
1.238068019434123990e+01,4.889846504564843599e+00
1.240068591026007461e+01,5.315332907736257440e+00
1.242069162617890754e+01,4.698943598610192396e+00
1.244069734209774225e+01,5.361081015794227689e+00
1.246070305801657696e+01,5.398368935974000138e+00
1.248070877393540989e+01,5.098472580567372958e+00
1.250071448985424460e+01,5.270056337342107433e+00
1.252072020577307754e+01,4.923480600566223053e+00
1.254072592169191225e+01,5.396041950370436879e+00
1.256073163761074696e+01,4.838683916587532607e+00
1.258073735352957989e+01,4.347515163094602286e+00
1.260074306944841460e+01,5.208239243769580362e+00
1.262074878536724754e+01,5.011696906713753563e+00
1.264075450128608225e+01,5.381765843647308145e+00
1.266076021720491518e+01,5.785874096605652994e+00
1.268076593312374989e+01,5.636603716898357597e+00
1.270077164904258282e+01,5.246372866038200300e+00
1.272077736496141753e+01,4.501095839949384114e+00
1.274078308088025224e+01,5.297908399443092442e+00
1.276078879679908518e+01,5.172644988630152874e+00
1.278079451271791989e+01,4.621478306215309750e+00
1.280080022863675282e+01,5.545872983110254673e+00
1.282080594455558753e+01,5.221404691327292014e+00
1.284081166047442224e+01,5.430913465619520153e+00
1.286081737639325517e+01,4.319250867539013328e+00
1.288082309231208988e+01,4.752407162402525032e+00
1.290082880823092282e+01,5.270634346230115952e+00
1.292083452414975753e+01,6.037943416610316305e+00
1.294084024006859224e+01,4.582198322156234127e+00
1.296084595598742517e+01,4.901303954130979079e+00
1.298085167190625810e+01,5.413095265120150046e+00
1.300085738782509281e+01,5.677777246755933760e+00
1.302086310374392752e+01,4.588598483790655713e+00
1.304086881966276046e+01,5.320690727355313676e+00
1.306087453558159517e+01,4.893960594186459900e+00
1.308088025150042810e+01,5.058996800675962469e+00
1.310088596741926281e+01,5.264483841886981708e+00
1.312089168333809752e+01,5.998829799203157620e+00
1.314089739925693046e+01,5.294531183669168861e+00
1.316090311517576517e+01,4.886461696234542629e+00
1.318090883109459810e+01,5.221570625762129048e+00
1.320091454701343281e+01,4.490677418288983702e+00
1.322092026293226752e+01,5.428497565512304668e+00
1.324092597885110045e+01,5.520438926339119590e+00
1.326093169476993339e+01,5.324508080975762780e+00
1.328093741068876810e+01,5.943253178684885896e+00
1.330094312660760281e+01,4.563973232987929229e+00
1.332094884252643574e+01,4.899780919205898755e+00
1.334095455844527045e+01,5.272910426894712899e+00
1.336096027436410338e+01,5.513854880731274832e+00
1.338096599028293809e+01,5.373150148461817821e+00
1.340097170620177280e+01,5.431983945304756034e+00
1.342097742212060574e+01,5.854943075441473965e+00
1.344098313803944045e+01,5.072636720780574038e+00
1.346098885395827338e+01,5.064887076843378466e+00
1.348099456987710809e+01,4.960263439294362087e+00
1.350100028579594280e+01,4.954847939746186647e+00
1.352100600171477573e+01,5.461850062435915198e+00
1.354101171763361044e+01,5.239556188148513094e+00
1.356101743355244338e+01,4.924104988975971153e+00
1.358102314947127809e+01,5.420924324772840031e+00
1.360102886539011102e+01,4.796530220814622325e+00
1.362103458130894573e+01,4.513618721358281682e+00
1.364104029722777867e+01,4.870068213363481391e+00
1.366104601314661338e+01,5.743015927645697793e+00
1.368105172906544809e+01,5.210291138395759525e+00
1.370105744498428102e+01,5.653684442712917146e+00
1.372106316090311573e+01,4.836637857184567402e+00
1.374106887682194866e+01,4.841814258082481004e+00
1.376107459274078337e+01,4.819621493708925009e+00
1.378108030865961808e+01,4.748632401532152159e+00
1.380108602457845102e+01,4.953716693212368405e+00
1.382109174049728573e+01,6.190699287461713496e+00
1.384109745641611866e+01,5.105801259285376759e+00
1.386110317233495337e+01,5.600063085459733081e+00
1.388110888825378808e+01,5.570370570030503288e+00
1.390111460417262101e+01,5.305172786386511241e+00
1.392112032009145395e+01,5.082164443116978347e+00
1.394112603601028866e+01,4.879963521033131357e+00
1.396113175192912337e+01,5.194787707122960008e+00
1.398113746784795630e+01,4.856117935814301845e+00
1.400114318376679101e+01,4.809834304344844824e+00
1.402114889968562395e+01,5.636112014261929204e+00
1.404115461560445866e+01,5.637614031977213003e+00
1.406116033152329337e+01,4.712894277967406786e+00
1.408116604744212630e+01,4.988345328159425662e+00
1.410117176336095923e+01,5.751739689122580934e+00
1.412117747927979394e+01,5.222162186544018425e+00
1.414118319519862865e+01,5.892413179131262169e+00
1.416118891111746336e+01,5.371637394285042610e+00
1.418119462703629630e+01,5.629917831363972169e+00
1.420120034295512923e+01,5.163892502118764050e+00
1.422120605887396394e+01,5.668774764528466292e+00
1.424121177479279865e+01,5.625689272972561383e+00
1.426121749071163336e+01,5.215844117667662871e+00
1.428122320663046629e+01,5.150567788891226684e+00
1.430122892254929923e+01,5.111273132553643350e+00
1.432123463846813394e+01,5.654745151607282416e+00
1.434124035438696865e+01,4.414401836338424090e+00
1.436124607030580158e+01,4.378655419408576499e+00
1.438125178622463629e+01,4.088248561992129382e+00
1.440125750214346922e+01,5.516052816938403325e+00
1.442126321806230393e+01,5.166961045456833546e+00
1.444126893398113864e+01,4.030065362813091134e+00
1.446127464989997158e+01,4.467611784230452798e+00
1.448128036581880451e+01,4.895886717912950381e+00
1.450128608173763922e+01,4.638846100912221715e+00
1.452129179765647393e+01,5.130848827716651961e+00
1.454129751357530864e+01,4.985589704373074582e+00
1.456130322949414158e+01,4.696518525776043340e+00
1.458130894541297451e+01,5.176045573527816579e+00
1.460131466133180922e+01,4.827113172219245740e+00
1.462132037725064393e+01,4.051161190521546551e+00
1.464132609316947686e+01,4.882045952416448564e+00
1.466133180908831157e+01,4.458127645728702682e+00
1.468133752500714451e+01,5.032746110821491925e+00
1.470134324092597922e+01,3.981134612849588805e+00
1.472134895684481393e+01,4.515386294998796402e+00
1.474135467276364686e+01,4.136764260079860200e+00
1.476136038868247979e+01,4.356334448531718806e+00
1.478136610460131450e+01,4.714481515902837927e+00
1.480137182052014921e+01,4.423799433312280982e+00
1.482137753643898392e+01,4.462032165478128753e+00
1.484138325235781686e+01,4.337481345602832938e+00
1.486138896827664979e+01,4.611349993883504084e+00
1.488139468419548450e+01,3.960435023701617041e+00
1.490140040011431921e+01,5.222369411568835496e+00
1.492140611603315392e+01,5.178250093737606363e+00
1.494141183195198685e+01,4.952311367758507998e+00
1.496141754787081979e+01,4.217768614973216756e+00
1.498142326378965450e+01,3.814758452723376436e+00
1.500142897970848921e+01,4.576526398814538155e+00
1.502143469562732214e+01,5.054273320066144493e+00
1.504144041154615508e+01,4.282746909201420316e+00
1.506144612746498979e+01,4.781977248898913402e+00
1.508145184338382450e+01,4.606378462581234956e+00
1.510145755930265921e+01,4.755330482338251841e+00
1.512146327522149214e+01,4.369509295556756712e+00
1.514146899114032507e+01,4.739924377615862383e+00
1.516147470705915978e+01,4.894003323388664839e+00
1.518148042297799449e+01,4.660028920033386868e+00
1.520148613889682920e+01,4.777363244231052519e+00
1.522149185481566214e+01,4.440642427966251304e+00
1.524149757073449507e+01,4.934364354101468564e+00
1.526150328665332978e+01,4.357225608384069915e+00
1.528150900257216449e+01,4.698794925512538967e+00
1.530151471849099742e+01,4.423682206072496292e+00
1.532152043440983036e+01,4.770706335906020001e+00
1.534152615032866507e+01,5.319814486197880221e+00
1.536153186624749978e+01,4.865168858797318308e+00
1.538153758216633449e+01,5.026508534774487558e+00
1.540154329808516742e+01,4.516966082202440447e+00
1.542154901400400036e+01,5.068640443169551979e+00
1.544155472992283507e+01,5.535146840829755277e+00
1.546156044584166978e+01,4.788510940166030849e+00
1.548156616176050449e+01,5.134166725518783281e+00
1.550157187767933742e+01,4.630107324739927144e+00
1.552157759359817035e+01,5.771870602418996299e+00
1.554158330951700506e+01,5.395482947238997795e+00
1.556158902543583977e+01,5.915831493751445791e+00
1.558159474135467271e+01,5.341782439509584535e+00
1.560160045727350742e+01,5.589887961619501411e+00
1.562160617319234035e+01,5.087725774910321519e+00
1.564161188911117506e+01,5.260615130678184315e+00
1.566161760503000977e+01,5.620378499172765885e+00
1.568162332094884270e+01,5.464915857722945525e+00
1.570162903686767564e+01,5.200984080281841671e+00
1.572163475278651035e+01,5.193030586193568610e+00
1.574164046870534506e+01,6.536004766258534104e+00
1.576164618462417977e+01,5.966842285960877845e+00
1.578165190054301270e+01,6.196576302413991044e+00
1.580165761646184563e+01,5.533664367090363356e+00
1.582166333238068034e+01,6.161310525473888688e+00
1.584166904829951505e+01,6.870145660126284248e+00
1.586167476421834799e+01,6.241225039277985331e+00
1.588168048013718270e+01,6.340393091057149988e+00
1.590168619605601563e+01,7.175762381007046109e+00
1.592169191197485034e+01,6.370063804349134884e+00
1.594169762789368505e+01,6.477427117117779076e+00
1.596170334381251799e+01,7.757112598564472883e+00
1.598170905973135092e+01,7.950235186101941132e+00
1.600171477565018563e+01,7.365377252725590296e+00
1.602172049156902034e+01,6.526622137891195941e+00
1.604172620748785505e+01,6.984018765483766877e+00
1.606173192340668976e+01,6.799177449396426098e+00
1.608173763932552092e+01,7.181985836563143266e+00
1.610174335524435563e+01,7.792926034519160439e+00
1.612174907116319034e+01,8.169401394208572142e+00
1.614175478708202505e+01,8.338015129744698939e+00
1.616176050300085620e+01,7.529302233197244121e+00
1.618176621891969091e+01,7.873744196696254249e+00
1.620177193483852562e+01,8.805967987597162150e+00
1.622177765075736033e+01,8.957141990869814663e+00
1.624178336667619504e+01,9.120573184036606662e+00
1.626178908259502620e+01,9.187791120177104531e+00
1.628179479851386091e+01,9.387418184761365580e+00
1.630180051443269562e+01,9.586748696355403609e+00
1.632180623035153033e+01,9.409547659282932131e+00
1.634181194627036149e+01,1.013613290027389269e+01
1.636181766218919620e+01,9.834553046058168491e+00
1.638182337810803091e+01,1.041221845699821635e+01
1.640182909402686562e+01,1.065634037547985713e+01
1.642183480994570033e+01,9.977834648438356879e+00
1.644184052586453504e+01,1.100476218172930309e+01
1.646184624178336620e+01,1.196955627213116458e+01
1.648185195770220091e+01,1.204058333564230843e+01
1.650185767362103562e+01,1.234473024725009260e+01
1.652186338953986677e+01,1.209910649569048502e+01
1.654186910545870148e+01,1.255503210338944875e+01
1.656187482137753619e+01,1.276118245569352716e+01
1.658188053729637090e+01,1.327915138972089615e+01
1.660188625321520561e+01,1.248627740224673488e+01
1.662189196913404032e+01,1.375263792145796948e+01
1.664189768505287148e+01,1.343711714129562296e+01
1.666190340097170619e+01,1.453329438968061460e+01
1.668190911689054090e+01,1.406782050965683162e+01
1.670191483280937561e+01,1.530242010038292655e+01
1.672192054872820677e+01,1.554936559467509660e+01
1.674192626464704148e+01,1.560853574054938164e+01
1.676193198056587619e+01,1.642913700645983255e+01
1.678193769648471090e+01,1.668249854776252050e+01
1.680194341240354561e+01,1.773052788338199548e+01
1.682194912832238032e+01,1.760455440125423721e+01
1.684195484424121148e+01,1.728274866034258039e+01
1.686196056016004619e+01,1.799897168351223442e+01
1.688196627607888090e+01,1.857306157861285811e+01
1.690197199199771205e+01,1.818491529014862707e+01
1.692197770791654676e+01,1.891592517453638678e+01
1.694198342383538147e+01,1.874079171632441998e+01
1.696198913975421618e+01,1.840458603231258294e+01
1.698199485567305089e+01,1.907925126982913255e+01
1.700200057159188560e+01,1.879739197640413906e+01
1.702200628751071676e+01,1.891227351393897038e+01
1.704201200342955147e+01,1.862259232166611156e+01
1.706201771934838618e+01,1.834086461456262995e+01
1.708202343526722089e+01,1.773625914396091474e+01
1.710202915118605205e+01,1.686866049260923006e+01
1.712203486710488676e+01,1.537241032559372655e+01
1.714204058302372147e+01,1.496683162224280927e+01
1.716204629894255618e+01,1.325236069804105909e+01
1.718205201486139089e+01,1.216156178513635489e+01
1.720205773078022204e+01,1.210762826331736619e+01
1.722206344669905675e+01,1.100340619258698283e+01
1.724206916261789146e+01,9.683263501244841365e+00
1.726207487853672617e+01,8.499162279173106072e+00
1.728208059445555733e+01,8.925463117679445446e+00
1.730208631037439204e+01,8.045104069043102157e+00
1.732209202629322675e+01,7.240630117626754014e+00
1.734209774221206146e+01,6.789161001757356928e+00
1.736210345813089617e+01,6.850633625171687946e+00
1.738210917404973088e+01,6.260543374672108641e+00
1.740211488996856204e+01,5.449184091158412180e+00
1.742212060588739675e+01,5.485100636352592929e+00
1.744212632180623146e+01,5.213724363062512523e+00
1.746213203772506262e+01,4.749790987238557527e+00
1.748213775364389733e+01,5.653986459789106966e+00
1.750214346956273204e+01,4.549622030762865421e+00
1.752214918548156675e+01,4.916803910388215293e+00
1.754215490140040146e+01,4.210618477878838917e+00
1.756216061731923617e+01,4.854155953002422308e+00
1.758216633323806732e+01,5.431672090941209063e+00
1.760217204915690203e+01,4.463632128081493455e+00
1.762217776507573674e+01,5.453988072472366611e+00
1.764218348099457145e+01,4.440851647220906528e+00
1.766218919691340261e+01,5.061123804589942488e+00
1.768219491283223732e+01,4.901724547293725642e+00
1.770220062875107203e+01,4.097500060338509442e+00
1.772220634466990674e+01,4.427401552757567416e+00
1.774221206058874145e+01,4.664978812297615463e+00
1.776221777650757616e+01,4.924098411490321681e+00
1.778222349242640732e+01,4.330855768397324113e+00
1.780222920834524203e+01,5.206233217999452378e+00
1.782223492426407674e+01,5.343803560097825311e+00
1.784224064018290790e+01,5.362747264909778266e+00
1.786224635610174261e+01,4.760922082300943714e+00
1.788225207202057732e+01,5.048042890330066257e+00
1.790225778793941203e+01,5.515444646440402110e+00
1.792226350385824674e+01,5.171880866609734007e+00
1.794226921977708145e+01,5.218020241144254001e+00
1.796227493569591260e+01,5.265704225333603716e+00
1.798228065161474731e+01,5.446123530453776951e+00
1.800228636753358202e+01,5.478928312104653031e+00
1.802229208345241318e+01,6.535634180285965655e+00
1.804229779937124789e+01,5.510061480111077437e+00
1.806230351529008260e+01,5.239526254599779165e+00
1.808230923120891731e+01,5.861670269873710204e+00
1.810231494712775202e+01,6.186739409989418625e+00
1.812232066304658673e+01,6.548223064705107177e+00
1.814232637896542144e+01,6.437570452386418118e+00
1.816233209488425260e+01,6.460042501646628743e+00
1.818233781080308731e+01,6.425238611286605561e+00
1.820234352672191847e+01,6.825838966944848707e+00
1.822234924264075318e+01,6.890771174061199211e+00
1.824235495855958789e+01,7.024786513752565575e+00
1.826236067447842260e+01,6.924177708801032338e+00
1.828236639039725731e+01,7.334623326320862446e+00
1.830237210631609202e+01,7.428317917764746703e+00
1.832237782223492673e+01,6.959956117141023135e+00
1.834238353815375788e+01,7.530349603355668719e+00
1.836238925407259259e+01,8.073301274110152193e+00
1.838239496999142730e+01,8.347533208743769251e+00
1.840240068591025846e+01,8.266572924369130604e+00
1.842240640182909317e+01,8.243035950560201996e+00
1.844241211774792788e+01,8.841385949379304776e+00
1.846241783366676259e+01,8.497861235996658991e+00
1.848242354958559730e+01,8.931623713671221765e+00
1.850242926550443201e+01,9.234975748449834043e+00
1.852243498142326672e+01,9.593081153957230711e+00
1.854244069734209788e+01,1.059277743602300603e+01
1.856244641326093259e+01,1.013635792140226499e+01
1.858245212917976374e+01,1.055738792485917621e+01
1.860245784509859845e+01,1.042902674510821370e+01
1.862246356101743316e+01,1.046663044261297237e+01
1.864246927693626787e+01,1.179635604096256074e+01
1.866247499285510258e+01,1.072771218381279468e+01
1.868248070877393729e+01,1.126417844995198969e+01
1.870248642469277200e+01,1.188761662829076826e+01
1.872249214061160316e+01,1.243641620700814521e+01
1.874249785653043787e+01,1.132590221850785106e+01
1.876250357244927258e+01,1.273838883652125809e+01
1.878250928836810374e+01,1.237016876041699831e+01
1.880251500428693845e+01,1.251245081310934637e+01
1.882252072020577316e+01,1.278472966192955163e+01
1.884252643612460787e+01,1.241872662309959807e+01
1.886253215204344258e+01,1.373737307467506419e+01
1.888253786796227729e+01,1.287232462904922237e+01
1.890254358388111200e+01,1.241685394114633567e+01
1.892254929979994316e+01,1.276360273713165228e+01
1.894255501571877787e+01,1.267616868234733829e+01
1.896256073163760902e+01,1.199627843999446597e+01
1.898256644755644373e+01,1.214217323480947464e+01
1.900257216347527844e+01,1.179264403646381609e+01
1.902257787939411315e+01,1.003094938119537893e+01
1.904258359531294786e+01,9.365791823124657967e+00
1.906258931123178257e+01,9.110766739775282730e+00
1.908259502715061728e+01,9.281708531353940472e+00
1.910260074306944844e+01,7.815217612537743719e+00
1.912260645898828315e+01,8.084980911208456078e+00
1.914261217490711431e+01,7.077637705343990504e+00
1.916261789082594902e+01,6.602761424526372380e+00
1.918262360674478373e+01,6.486514178885990134e+00
1.920262932266361844e+01,5.322247722992801577e+00
1.922263503858245315e+01,4.854898849423858742e+00
1.924264075450128786e+01,5.160838700752210073e+00
1.926264647042012257e+01,4.068375190619997639e+00
1.928265218633895373e+01,4.645255926191960150e+00
1.930265790225778844e+01,4.164071037217256688e+00
1.932266361817662315e+01,4.133013042562319050e+00
1.934266933409545430e+01,4.587230007099377893e+00
1.936267505001428901e+01,3.453528054861670693e+00
1.938268076593312372e+01,4.175360017925461520e+00
1.940268648185195843e+01,4.230467511060803432e+00
1.942269219777079314e+01,3.866615806977776071e+00
1.944269791368962785e+01,3.973863221424990044e+00
1.946270362960846256e+01,3.915787899801652650e+00
1.948270934552729372e+01,2.762614510555765346e+00
1.950271506144612843e+01,4.295960029523774537e+00
1.952272077736495959e+01,3.390808131950558746e+00
1.954272649328379430e+01,4.067817777945839097e+00
1.956273220920262901e+01,3.368496723255221426e+00
1.958273792512146372e+01,3.072237468765663948e+00
1.960274364104029843e+01,4.103881566352013621e+00
1.962274935695913314e+01,3.701712370658666096e+00
1.964275507287796785e+01,3.497531989142649511e+00
1.966276078879679901e+01,3.158491128127593583e+00
1.968276650471563372e+01,3.041546704994882333e+00
1.970277222063446487e+01,3.232212513531867781e+00
1.972277793655329958e+01,3.215549601936275703e+00
1.974278365247213429e+01,3.221661386352578926e+00
1.976278936839096900e+01,3.392601865364022196e+00
1.978279508430980371e+01,3.314371472954440456e+00
1.980280080022863842e+01,3.066742192933684219e+00
1.982280651614747313e+01,3.690039652916075497e+00
1.984281223206630784e+01,2.840866568552800508e+00
1.986281794798513900e+01,2.981724347130371822e+00
1.988282366390397371e+01,3.281115323105305848e+00
1.990282937982280487e+01,3.400761700567779044e+00
1.992283509574163958e+01,3.848804606236801984e+00
1.994284081166047429e+01,3.429844543280217373e+00
1.996284652757930900e+01,3.309458725419610836e+00
1.998285224349814371e+01,2.747765491776052560e+00
2.000285795941697842e+01,3.994357642312964973e+00
2.002286367533581313e+01,2.532111577745483011e+00
2.004286939125464428e+01,2.765600014097622683e+00
2.006287510717347899e+01,2.387728009450754474e+00
2.008288082309231015e+01,2.471049205515022607e+00
2.010288653901114486e+01,4.064522772124025352e+00
2.012289225492997957e+01,3.410882794370450277e+00
2.014289797084881428e+01,3.105219886520802941e+00
2.016290368676764899e+01,3.845836535221927033e+00
2.018290940268648370e+01,4.012314333467752903e+00
2.020291511860531841e+01,3.446250976248249387e+00
2.022292083452414957e+01,3.529781035572896908e+00
2.024292655044298428e+01,3.408118722952552915e+00
2.026293226636181899e+01,3.218517736306797161e+00
2.028293798228065015e+01,3.818498143343911799e+00
2.030294369819948486e+01,3.203830886371515696e+00
2.032294941411831957e+01,3.580599495767563312e+00
2.034295513003715428e+01,3.462973720421954837e+00
2.036296084595598899e+01,3.696538228551242256e+00
2.038296656187482370e+01,3.507061791156486752e+00
2.040297227779365841e+01,3.275854981010753342e+00
2.042297799371248956e+01,3.775405211100244962e+00
2.044298370963132427e+01,3.303193403910808179e+00
2.046298942555015543e+01,3.011069700154732409e+00
2.048299514146899014e+01,3.524240777658921964e+00
2.050300085738782485e+01,2.866049741550029673e+00
2.052300657330665956e+01,2.637140998267114789e+00
2.054301228922549427e+01,3.741518231618272239e+00
2.056301800514432898e+01,2.662142518773799260e+00
2.058302372106316369e+01,2.596695574351444158e+00
2.060302943698199485e+01,3.944843786135675323e+00
2.062303515290082956e+01,2.651124736300865870e+00
2.064304086881966072e+01,2.624600512844686762e+00
2.066304658473849543e+01,3.172022711494881797e+00
2.068305230065733014e+01,3.092295602522157516e+00
2.070305801657616485e+01,2.454364052274080166e+00
2.072306373249499956e+01,2.428014613318377091e+00
2.074306944841383427e+01,3.053267313105318070e+00
2.076307516433266898e+01,2.856699993113175573e+00
2.078308088025150369e+01,3.206183102134371854e+00
2.080308659617033484e+01,3.096038133718935548e+00
2.082309231208916955e+01,2.670976319602155868e+00
2.084309802800800071e+01,3.324768131494246326e+00
2.086310374392683542e+01,3.065805232205585540e+00
2.088310945984567013e+01,3.073125964632655638e+00
2.090311517576450484e+01,3.326848477659573700e+00
2.092312089168333955e+01,3.197071491254209974e+00
2.094312660760217426e+01,3.025150639523504381e+00
2.096313232352100897e+01,2.883188020887415881e+00
2.098313803943984013e+01,3.707316224013535333e+00
2.100314375535867484e+01,3.715675072606909879e+00
2.102314947127750600e+01,2.453141907686626766e+00
2.104315518719634071e+01,2.785721224431345178e+00
2.106316090311517542e+01,3.573641242694172604e+00
2.108316661903401013e+01,3.103433281787594034e+00
2.110317233495284484e+01,2.976195000214831410e+00
2.112317805087167955e+01,3.768418019232110616e+00
2.114318376679051426e+01,3.058616466524371802e+00
2.116318948270934541e+01,3.264293486226700125e+00
2.118319519862818012e+01,3.378695943992508166e+00
2.120320091454701483e+01,4.068097639602011206e+00
2.122320663046584599e+01,3.654521827402144929e+00
2.124321234638468070e+01,2.677606611321117214e+00
2.126321806230351541e+01,3.282892169414837635e+00
2.128322377822235012e+01,3.169927912393448288e+00
2.130322949414118483e+01,2.632660113242511812e+00
2.132323521006001954e+01,3.338973058267433736e+00
2.134324092597885425e+01,3.176104223764125045e+00
2.136324664189768541e+01,2.992748536859548558e+00
2.138325235781652012e+01,3.767586639575198681e+00
2.140325807373535127e+01,3.008759305339315571e+00
2.142326378965418598e+01,3.497816357861394998e+00
2.144326950557302069e+01,2.877129096081782134e+00
2.146327522149185540e+01,3.450910196780838657e+00
2.148328093741069011e+01,2.827282903910011136e+00
2.150328665332952482e+01,3.270913739429086142e+00
2.152329236924835953e+01,3.508083063277239066e+00
2.154329808516719069e+01,2.416995913091737336e+00
2.156330380108602540e+01,3.401470610491013069e+00
2.158330951700485656e+01,3.171979858215910220e+00
2.160331523292369127e+01,3.238365901554111304e+00
2.162332094884252598e+01,2.532997650891488650e+00
2.164332666476136069e+01,2.933847920171343215e+00
2.166333238068019540e+01,3.217805600959655621e+00
2.168333809659903011e+01,2.881502767199942916e+00
2.170334381251786482e+01,3.158669864389994864e+00
2.172334952843669598e+01,2.925706768509162448e+00
2.174335524435553069e+01,2.526125512613201174e+00
2.176336096027436540e+01,3.167603699921914373e+00
2.178336667619319655e+01,3.808998418977814104e+00
2.180337239211203126e+01,3.312298928360597472e+00
2.182337810803086597e+01,2.693376587993187687e+00
2.184338382394970068e+01,2.952653177319584543e+00
2.186338953986853539e+01,2.808372457743065542e+00
2.188339525578737010e+01,2.560020198185147589e+00
2.190340097170620481e+01,2.897901303864392375e+00
2.192340668762503597e+01,2.868478387174326905e+00
2.194341240354387068e+01,2.783585805885452125e+00
2.196341811946270184e+01,2.444240970210032948e+00
2.198342383538153655e+01,2.730696216741989701e+00
2.200342955130037126e+01,3.773102050209108604e+00
2.202343526721920597e+01,2.438840266448932592e+00
2.204344098313804068e+01,3.281797836732711637e+00
2.206344669905687539e+01,2.961491731015900797e+00
2.208345241497571010e+01,3.219470560175452079e+00
2.210345813089454126e+01,3.353663414558278433e+00
2.212346384681337597e+01,3.462619292529489190e+00
2.214346956273221068e+01,2.482190770880297492e+00
2.216347527865104183e+01,2.214779470431892605e+00
2.218348099456987654e+01,3.729641269607216536e+00
2.220348671048871125e+01,2.584565701456697617e+00
2.222349242640754596e+01,2.859383134285508277e+00
2.224349814232638067e+01,2.519317546966883370e+00
2.226350385824521538e+01,3.313506982052460970e+00
2.228350957416405009e+01,3.443635272014063275e+00
2.230351529008288125e+01,3.064074125247044922e+00
2.232352100600171596e+01,2.973226832675622155e+00
2.234352672192054712e+01,3.633324521779105698e+00
2.236353243783938183e+01,3.609453287482933703e+00
2.238353815375821654e+01,3.117728430919501026e+00
2.240354386967705125e+01,3.082136773292702081e+00
2.242354958559588596e+01,3.327510383903497626e+00
2.244355530151472067e+01,3.178145657802307955e+00
2.246356101743355538e+01,3.385466590946343501e+00
2.248356673335238654e+01,2.534474862897566183e+00
2.250357244927122125e+01,3.240082275591412930e+00
2.252357816519005240e+01,2.967621344121365468e+00
2.254358388110888711e+01,3.319161174545344650e+00
2.256358959702772182e+01,2.581250364957336174e+00
2.258359531294655653e+01,3.182115001665787979e+00
2.260360102886539124e+01,3.267239988442692145e+00
2.262360674478422595e+01,4.103522334482876843e+00
2.264361246070306066e+01,4.262840988644697404e+00
2.266361817662189182e+01,2.788576725907351950e+00
2.268362389254072653e+01,4.036934121215666416e+00
2.270362960845956124e+01,3.065858962001079213e+00
2.272363532437839240e+01,3.700031176029843216e+00
2.274364104029722711e+01,3.653808709084785722e+00
2.276364675621606182e+01,4.022165996069007932e+00
2.278365247213489653e+01,3.279623344159907194e+00
2.280365818805373124e+01,3.473339831543612810e+00
2.282366390397256595e+01,3.548302634856961735e+00
2.284366961989140066e+01,3.860467470230302567e+00
2.286367533581023181e+01,4.258777937437660199e+00
2.288368105172906652e+01,4.252130007789809873e+00
2.290368676764789768e+01,4.785628332233191173e+00
2.292369248356673239e+01,4.390658992108180669e+00
2.294369819948556710e+01,4.864161776093601119e+00
2.296370391540440181e+01,3.945476226205606007e+00
2.298370963132323652e+01,3.953212587086746943e+00
2.300371534724207123e+01,4.882650625145087631e+00
2.302372106316090594e+01,4.932866694577823452e+00
2.304372677907973710e+01,4.826182655722111470e+00
2.306373249499857181e+01,5.122683990083597649e+00
2.308373821091740652e+01,6.170098235518553409e+00
2.310374392683623768e+01,6.032671982774141739e+00
2.312374964275507239e+01,5.593259509028430720e+00
2.314375535867390710e+01,5.215419110586673845e+00
2.316376107459274181e+01,6.038820622170006480e+00
2.318376679051157652e+01,6.770100403091710461e+00
2.320377250643041123e+01,6.278491012366226975e+00
2.322377822234924594e+01,5.826785898287585752e+00
2.324378393826807709e+01,5.553345256010716824e+00
2.326378965418691180e+01,7.187304297653950513e+00
2.328379537010574296e+01,6.839494344099439793e+00
2.330380108602457767e+01,7.273492397568873002e+00
2.332380680194341238e+01,6.899824788131592612e+00
2.334381251786224709e+01,7.228941675573770098e+00
2.336381823378108180e+01,8.178435695878473410e+00
2.338382394969991651e+01,6.827900676346933651e+00
2.340382966561875122e+01,7.081253220415025140e+00
2.342383538153758238e+01,7.458863943294465670e+00
2.344384109745641709e+01,7.858719319584929863e+00
2.346384681337524825e+01,7.861040443447251391e+00
2.348385252929408296e+01,8.478781394526816229e+00
2.350385824521291767e+01,8.812296493279045961e+00
2.352386396113175238e+01,8.541433503112827452e+00
2.354386967705058709e+01,7.805051410927172917e+00
2.356387539296942180e+01,7.865215232951341839e+00
2.358388110888825651e+01,6.928699144603656990e+00
2.360388682480708766e+01,7.521032835329722666e+00
2.362389254072592237e+01,6.632704608826467840e+00
2.364389825664475708e+01,6.253870659712038815e+00
2.366390397256358824e+01,6.687184282570140859e+00
2.368390968848242295e+01,5.388499180921376919e+00
2.370391540440125766e+01,5.489159733998235424e+00
2.372392112032009237e+01,4.872157665363406664e+00
2.374392683623892708e+01,4.539134434434137333e+00
2.376393255215776179e+01,4.663715229268454721e+00
2.378393826807659650e+01,4.101435208346025263e+00
2.380394398399542766e+01,4.360477811783537661e+00
2.382394969991426237e+01,3.821655063886318260e+00
2.384395541583309353e+01,2.733850377073852478e+00
2.386396113175192824e+01,2.507475814511850309e+00
2.388396684767076295e+01,3.614916534882521404e+00
2.390397256358959766e+01,2.937267661320801082e+00
2.392397827950843237e+01,3.140916483323223041e+00
2.394398399542726708e+01,3.022933562841517929e+00
2.396398971134610179e+01,3.432081167250227161e+00
2.398399542726493294e+01,2.685991689319722653e+00
2.400400114318376765e+01,2.601284737631820221e+00
2.402400685910260236e+01,3.212858918599267533e+00
2.404401257502143352e+01,2.659358321811915005e+00
2.406401829094026823e+01,2.061373700844804091e+00
2.408402400685910294e+01,2.406317921958553541e+00
2.410402972277793765e+01,3.527520421168874876e+00
2.412403543869677236e+01,2.556640305714319439e+00
2.414404115461560707e+01,3.229044765613518830e+00
2.416404687053444178e+01,3.455546111997774616e+00
2.418405258645327294e+01,3.397977470136549272e+00
2.420405830237210765e+01,2.922814119284469214e+00
2.422406401829093880e+01,2.254671725323370790e+00
2.424406973420977351e+01,2.809854108246709448e+00
2.426407545012860822e+01,2.555054300205696016e+00
2.428408116604744293e+01,2.731703189496276885e+00
2.430408688196627764e+01,2.375925528097531103e+00
2.432409259788511235e+01,2.293965508803131659e+00
2.434409831380394706e+01,2.912060758224425339e+00
2.436410402972277822e+01,3.230128008717333632e+00
2.438410974564161293e+01,2.700727916407384299e+00
2.440411546156044409e+01,2.602423866014374809e+00
2.442412117747927880e+01,1.903351861868280981e+00
2.444412689339811351e+01,2.937188034799059988e+00
2.446413260931694822e+01,2.478735668441227613e+00
2.448413832523578293e+01,3.013551282271131448e+00
2.450414404115461764e+01,2.232724423235407318e+00
2.452414975707345235e+01,3.186876558985652252e+00
2.454415547299228351e+01,2.382633414092822033e+00
2.456416118891111822e+01,2.892879073275031132e+00
2.458416690482995293e+01,2.898299974836538784e+00
2.460417262074878408e+01,2.144581272003587280e+00
2.462417833666761879e+01,1.995717805597844174e+00
2.464418405258645350e+01,2.069447876291652388e+00
2.466418976850528821e+01,2.673974669336556254e+00
2.468419548442412292e+01,3.263464912314669952e+00
2.470420120034295763e+01,2.377481378043077687e+00
2.472420691626179234e+01,2.898400311101164917e+00
2.474421263218062350e+01,2.836398886194026581e+00
2.476421834809945821e+01,2.451358842543519323e+00
2.478422406401828937e+01,2.313515649212883218e+00
2.480422977993712408e+01,2.631350059895074089e+00
2.482423549585595879e+01,3.401860652060234802e+00
2.484424121177479350e+01,2.402889062043500168e+00
2.486424692769362821e+01,2.804387612892894843e+00
2.488425264361246292e+01,3.139553345772806203e+00
2.490425835953129763e+01,2.753987021352270581e+00
2.492426407545012879e+01,2.433325249915554433e+00
2.494426979136896350e+01,2.319810258446563189e+00
2.496427550728779821e+01,3.006277321137015512e+00
2.498428122320662936e+01,2.335231467512397963e+00
2.500428693912546407e+01,1.962475006541781086e+00
2.502429265504429878e+01,2.149321956005364243e+00
2.504429837096313349e+01,2.459354544496759942e+00
2.506430408688196820e+01,2.235752683015020281e+00
2.508430980280080291e+01,2.120841058483416308e+00
2.510431551871963762e+01,2.418100117015086425e+00
2.512432123463846878e+01,2.920094709674955880e+00
2.514432695055730349e+01,2.762137934879377088e+00
2.516433266647613465e+01,2.534024372508466794e+00
2.518433838239496936e+01,2.338711887713680326e+00
2.520434409831380407e+01,2.452493761709364506e+00
2.522434981423263878e+01,2.118231882128697841e+00
2.524435553015147349e+01,2.859339166431743351e+00
2.526436124607030820e+01,2.333731564323539232e+00
2.528436696198914291e+01,2.452262828615336954e+00
2.530437267790797407e+01,2.556337895446072483e+00
2.532437839382680878e+01,2.698687971712706357e+00
2.534438410974563993e+01,1.882709285987808734e+00
2.536438982566447464e+01,2.592562059969446775e+00
2.538439554158330935e+01,2.255196890730407411e+00
2.540440125750214406e+01,2.443073817285417171e+00
2.542440697342097877e+01,2.651284128915444960e+00
2.544441268933981348e+01,2.739483482265236525e+00
2.546441840525864819e+01,1.889429912624587260e+00
2.548442412117747935e+01,2.221482057910971530e+00
2.550442983709631406e+01,2.720138112620220205e+00
2.552443555301514877e+01,2.118929330063137328e+00
2.554444126893397993e+01,2.798182274474123155e+00
2.556444698485281464e+01,3.296607859582196376e+00
2.558445270077164935e+01,2.357524133493348550e+00
2.560445841669048406e+01,2.009478418908048347e+00
2.562446413260931877e+01,2.008852078588539314e+00
2.564446984852815348e+01,1.938520534958010355e+00
2.566447556444698819e+01,2.582171621568515540e+00
2.568448128036581934e+01,2.540173273432141610e+00
2.570448699628465405e+01,2.075083608400646540e+00
2.572449271220348521e+01,2.825934986886128542e+00
2.574449842812231992e+01,2.427175447046305834e+00
2.576450414404115463e+01,2.501828252449926460e+00
2.578450985995998934e+01,2.709792748453479838e+00
2.580451557587882405e+01,2.156786722433599479e+00
2.582452129179765876e+01,2.635686340020714002e+00
2.584452700771649347e+01,2.346707788642504955e+00
2.586453272363532463e+01,2.394423194448945136e+00
2.588453843955415934e+01,2.036219035032404534e+00
2.590454415547299405e+01,2.505497520609183404e+00
2.592454987139182521e+01,3.163035197432468859e+00
2.594455558731065992e+01,2.282696928513014534e+00
2.596456130322949463e+01,2.397782411337781028e+00
2.598456701914832934e+01,1.528810697265063023e+00
2.600457273506716405e+01,1.777465999411487196e+00
2.602457845098599520e+01,2.947624856603526133e+00
2.604458416690482991e+01,2.504309442592873580e+00
2.606458988282366462e+01,2.297325735139216452e+00
2.608459559874249933e+01,2.303341533241617611e+00
2.610460131466133404e+01,2.152459164528115032e+00
2.612460703058016520e+01,2.996624392868038278e+00
2.614461274649899991e+01,1.804005400702295869e+00
2.616461846241783462e+01,2.112359460628748131e+00
2.618462417833666933e+01,2.513364771464497771e+00
2.620462989425550404e+01,1.743980693237685120e+00
2.622463561017433520e+01,2.108984028469805150e+00
2.624464132609316991e+01,2.166117471983517895e+00
2.626464704201200462e+01,1.691868524671878316e+00
2.628465275793083933e+01,1.939865868129416970e+00
2.630465847384967049e+01,1.893061427717937617e+00
2.632466418976850520e+01,2.402006949237425637e+00
2.634466990568733991e+01,1.915850308734045937e+00
2.636467562160617462e+01,1.844838934461028090e+00
2.638468133752500933e+01,2.634018335056355298e+00
2.640468705344384048e+01,2.089912663572425888e+00
2.642469276936267519e+01,1.860022407783295417e+00
2.644469848528150990e+01,2.427241645693301919e+00
2.646470420120034461e+01,2.955410776481501411e+00
2.648470991711917932e+01,2.619520161346430953e+00
2.650471563303801048e+01,2.474469863963505656e+00
2.652472134895684519e+01,1.650839125920112949e+00
2.654472706487567990e+01,2.771574349748096910e+00
2.656473278079451461e+01,2.791495732292972765e+00
2.658473849671334932e+01,2.660590396963709914e+00
2.660474421263218048e+01,1.768362330904022617e+00
2.662474992855101519e+01,2.593179111973057172e+00
2.664475564446984990e+01,2.341608050746108560e+00
2.666476136038868461e+01,3.062717431749232055e+00
2.668476707630751577e+01,2.265222041119954177e+00
2.670477279222635048e+01,1.749381958385744174e+00
2.672477850814518519e+01,1.656744062408132878e+00
2.674478422406401990e+01,2.501195763067412425e+00
2.676478993998285461e+01,2.150554862965774028e+00
2.678479565590168576e+01,2.719430751396862966e+00
2.680480137182052047e+01,2.652172985888581636e+00
2.682480708773935518e+01,1.712446063705127752e+00
2.684481280365818989e+01,2.486972149985634761e+00
2.686481851957702460e+01,2.314026828995213947e+00
2.688482423549585576e+01,1.777994833491308491e+00
2.690482995141469047e+01,2.018207148234576920e+00
2.692483566733352518e+01,2.094229144615778804e+00
2.694484138325235989e+01,1.609921715093125538e+00
2.696484709917119105e+01,1.425679614905218884e+00
2.698485281509002576e+01,2.304270487992741590e+00
2.700485853100886047e+01,1.498278659354183695e+00
2.702486424692769518e+01,2.571168139117971485e+00
2.704486996284652989e+01,1.989212931017718011e+00
2.706487567876536104e+01,2.441902263661620331e+00
2.708488139468419575e+01,1.927536220530507105e+00
2.710488711060303046e+01,1.719666177660420736e+00
2.712489282652186517e+01,2.584808389057458466e+00
2.714489854244069988e+01,2.274539784068628556e+00
2.716490425835953104e+01,3.064709016465143598e+00
2.718490997427836575e+01,3.024651027180075058e+00
2.720491569019720046e+01,2.234782040426295691e+00
2.722492140611603517e+01,2.022214353080242777e+00
2.724492712203486633e+01,2.016593549750335335e+00
2.726493283795370104e+01,2.212313219011269538e+00
2.728493855387253575e+01,1.694415068638477351e+00
2.730494426979137046e+01,2.023979319590252679e+00
2.732494998571020517e+01,2.349373332026842398e+00
2.734495570162903633e+01,2.358451057058566391e+00
2.736496141754787104e+01,2.089139773913688103e+00
2.738496713346670575e+01,2.492003292682754001e+00
2.740497284938554046e+01,1.960690579618684426e+00
2.742497856530437517e+01,3.064679125054359243e+00
2.744498428122320632e+01,2.636043317912783124e+00
2.746498999714204103e+01,2.435724636395322662e+00
2.748499571306087574e+01,1.821180651402225070e+00
2.750500142897971045e+01,1.411791762445929521e+00
2.752500714489854516e+01,2.236952170052846522e+00
2.754501286081737632e+01,2.002049454727007127e+00
2.756501857673621103e+01,1.528624186564224274e+00
2.758502429265504574e+01,1.639900085143259467e+00
2.760503000857388045e+01,2.316776441283660670e+00
2.762503572449271161e+01,2.685581170467704837e+00
2.764504144041154632e+01,2.465449279653509684e+00
2.766504715633038103e+01,2.637339297214073675e+00
2.768505287224921574e+01,2.034072791152378379e+00
2.770505858816805045e+01,2.611146013871011640e+00
2.772506430408688161e+01,2.262610284426052498e+00
2.774507002000571632e+01,1.846350661262847748e+00
2.776507573592455103e+01,1.804374891145050341e+00
2.778508145184338574e+01,1.573722367834603730e+00
2.780508716776222045e+01,2.169012702459913733e+00
2.782509288368105160e+01,1.827896168680957389e+00
2.784509859959988631e+01,2.512291144436778367e+00
2.786510431551872102e+01,2.831958074522555435e+00
2.788511003143755573e+01,1.855960256536283381e+00
2.790511574735638689e+01,2.395293230771294191e+00
2.792512146327522160e+01,2.615508190788728982e+00
2.794512717919405631e+01,2.287496087323451999e+00
2.796513289511289102e+01,2.039949410586532341e+00
2.798513861103172573e+01,2.410317732116341816e+00
2.800514432695055689e+01,2.746636246423465710e+00
2.802515004286939160e+01,1.926395971232742532e+00
2.804515575878822631e+01,3.003197492172271943e+00
2.806516147470706102e+01,2.267861446207316334e+00
2.808516719062589573e+01,2.481472031628735753e+00
2.810517290654472689e+01,2.750487804293747729e+00
2.812517862246356160e+01,2.439810854680774188e+00
2.814518433838239631e+01,2.303085001553709432e+00
2.816519005430123102e+01,2.415224326624860307e+00
2.818519577022006217e+01,2.165703482101233757e+00
2.820520148613889688e+01,2.338152572193041845e+00
2.822520720205773159e+01,2.234096956052820104e+00
2.824521291797656630e+01,2.860543485188245860e+00
2.826521863389540101e+01,2.600048913120993177e+00
2.828522434981423217e+01,2.081088933587161627e+00
2.830523006573306688e+01,2.930645188580307980e+00
2.832523578165190159e+01,2.486353721620565338e+00
2.834524149757073630e+01,2.623929382345004946e+00
2.836524721348957101e+01,1.891220416070659827e+00
2.838525292940840217e+01,2.576885880090584280e+00
2.840525864532723688e+01,2.905137270246321624e+00
2.842526436124607159e+01,2.799931597451686738e+00
2.844527007716490630e+01,3.127159879995604186e+00
2.846527579308374101e+01,3.012310365479001106e+00
2.848528150900257216e+01,3.305327254568604989e+00
2.850528722492140687e+01,3.554802895474350244e+00
2.852529294084024158e+01,2.683653921544096654e+00
2.854529865675907629e+01,3.287424742337375694e+00
2.856530437267790745e+01,3.332992819560410602e+00
2.858531008859674216e+01,3.580007235783566166e+00
2.860531580451557687e+01,2.668209573123043743e+00
2.862532152043441158e+01,3.406758319766772125e+00
2.864532723635324629e+01,3.902244346427360178e+00
2.866533295227207745e+01,4.073022252014629530e+00
2.868533866819091216e+01,3.630996760230927656e+00
2.870534438410974687e+01,3.828832371968552195e+00
2.872535010002858158e+01,3.662587229290370061e+00
2.874535581594741629e+01,2.935632985842183906e+00
2.876536153186624745e+01,3.848026941690315006e+00
2.878536724778508216e+01,4.041415203968798053e+00
2.880537296370391687e+01,4.416639440193134369e+00
2.882537867962275158e+01,4.066863679992532177e+00
2.884538439554158273e+01,3.503289783707566940e+00
2.886539011146041744e+01,2.655727615336804792e+00
2.888539582737925215e+01,3.337352729994827349e+00
2.890540154329808686e+01,2.914082322561222682e+00
2.892540725921692157e+01,3.528677234936327345e+00
2.894541297513575273e+01,2.958207396822658097e+00
2.896541869105458744e+01,2.968886773787726696e+00
2.898542440697342215e+01,2.788981329037902857e+00
2.900543012289225686e+01,2.855386484739113939e+00
2.902543583881109157e+01,2.019281217480432655e+00
2.904544155472992273e+01,2.840999776444901315e+00
2.906544727064875744e+01,3.233363569487495148e+00
2.908545298656759215e+01,3.369487342429279941e+00
2.910545870248642686e+01,2.008270613227189028e+00
2.912546441840525802e+01,3.048774994789120729e+00
2.914547013432409273e+01,2.714832597478284981e+00
2.916547585024292744e+01,3.176196954656513860e+00
2.918548156616176215e+01,2.353596796831068705e+00
2.920548728208059686e+01,3.226432789847780924e+00
2.922549299799942801e+01,3.312582047945908492e+00
2.924549871391826272e+01,3.452117345757624634e+00
2.926550442983709743e+01,2.743167887199631672e+00
2.928551014575593214e+01,2.956563003125149969e+00
2.930551586167476685e+01,3.375616743362958694e+00
2.932552157759359801e+01,3.789695734887735590e+00
2.934552729351243272e+01,3.763160327853912079e+00
2.936553300943126743e+01,4.202084420538038323e+00
2.938553872535010214e+01,4.500673423381444493e+00
2.940554444126893330e+01,4.049430057647404269e+00
2.942555015718776801e+01,4.254312962039448642e+00
2.944555587310660272e+01,3.642997656013247987e+00
2.946556158902543743e+01,3.302943715655503709e+00
2.948556730494427214e+01,3.916023731292535892e+00
2.950557302086310330e+01,4.119887557736056749e+00
2.952557873678193801e+01,4.111711980506889574e+00
2.954558445270077272e+01,3.867606329863421788e+00
2.956559016861960743e+01,4.485535001695719615e+00
2.958559588453844214e+01,3.735213964776169071e+00
2.960560160045727329e+01,4.159550841613754102e+00
2.962560731637610800e+01,4.373331107727949529e+00
2.964561303229494271e+01,4.571768178450969167e+00
2.966561874821377742e+01,3.508248808997875834e+00
2.968562446413261213e+01,3.476458990684938577e+00
2.970563018005144329e+01,3.052316890723483667e+00
2.972563589597027800e+01,3.593124107725691019e+00
2.974564161188911271e+01,4.117116355585230814e+00
2.976564732780794742e+01,3.054809789221122784e+00
2.978565304372677858e+01,3.286261040200518124e+00
2.980565875964561329e+01,3.122586546919879247e+00
2.982566447556444800e+01,3.046359741074776917e+00
2.984567019148328271e+01,2.269352126654221813e+00
2.986567590740211742e+01,2.630156263371138170e+00
2.988568162332094857e+01,1.949944144193743956e+00
2.990568733923978328e+01,2.091149085504126148e+00
2.992569305515861799e+01,3.014520320083239113e+00
2.994569877107745270e+01,2.135178591598698272e+00
2.996570448699628741e+01,2.057276031559751139e+00
2.998571020291511857e+01,2.285557295453794158e+00
3.000571591883395328e+01,2.990606926004518940e+00
3.002572163475278799e+01,2.704725819444590673e+00
3.004572735067162270e+01,2.776994867232881248e+00
3.006573306659045386e+01,2.734917171020386562e+00
3.008573878250928857e+01,3.107357696262937452e+00
3.010574449842812328e+01,2.920806201919089684e+00
3.012575021434695799e+01,2.368512219477318492e+00
3.014575593026579270e+01,2.924737979804895360e+00
3.016576164618462386e+01,2.423793418093472596e+00
3.018576736210345857e+01,3.464965662609756691e+00
3.020577307802229328e+01,3.731082428824502806e+00
3.022577879394112799e+01,3.176013399227503253e+00
3.024578450985996270e+01,3.299916582410107768e+00
3.026579022577879385e+01,2.500459460567790781e+00
3.028579594169762856e+01,2.893529566187428514e+00
3.030580165761646327e+01,3.423270674542281178e+00
3.032580737353529798e+01,2.707076538636857599e+00
3.034581308945412914e+01,3.066041359674244848e+00
3.036581880537296385e+01,3.437085493252753032e+00
3.038582452129179856e+01,2.633187951553969786e+00
3.040583023721063327e+01,2.798024793095235108e+00
3.042583595312946798e+01,3.009959219041801415e+00
3.044584166904829914e+01,2.986736589649471085e+00
3.046584738496713385e+01,2.284216174500609764e+00
3.048585310088596856e+01,2.448451201715547754e+00
3.050585881680480327e+01,2.319256774298051660e+00
3.052586453272363798e+01,1.945911548168363314e+00
3.054587024864246914e+01,2.734165950218446106e+00
3.056587596456130385e+01,2.508851557355398221e+00
3.058588168048013856e+01,2.707623728192897872e+00
3.060588739639897327e+01,2.355272637848787820e+00
3.062589311231780798e+01,1.866812836844707446e+00
3.064589882823663913e+01,2.604996955483135590e+00
3.066590454415547384e+01,2.692296641367369681e+00
3.068591026007430855e+01,1.934981706423637426e+00
3.070591597599314326e+01,2.082031905509011072e+00
3.072592169191197442e+01,2.332661615781093101e+00
3.074592740783080913e+01,2.238768632389885660e+00
3.076593312374964384e+01,2.469573232856196121e+00
3.078593883966847855e+01,1.547414120681494865e+00
3.080594455558731326e+01,1.758375331511467188e+00
3.082595027150614442e+01,2.158311753590602677e+00
3.084595598742497913e+01,2.251229561818338887e+00
3.086596170334381384e+01,1.548359386598505250e+00
3.088596741926264855e+01,1.530212269395870850e+00
3.090597313518148326e+01,3.008648821142028584e+00
3.092597885110031442e+01,1.614761254296570137e+00
3.094598456701914913e+01,1.969660119886566196e+00
3.096599028293798384e+01,1.583644285092247639e+00
3.098599599885681855e+01,2.436465070119539611e+00
3.100600171477564970e+01,2.647167956548762469e+00
3.102600743069448441e+01,1.904886590591479800e+00
3.104601314661331912e+01,2.995933889852801624e+00
3.106601886253215383e+01,2.427398020838070991e+00
3.108602457845098854e+01,1.895885269605014578e+00
3.110603029436981970e+01,2.392238451248571707e+00
3.112603601028865441e+01,2.450719584249255956e+00
3.114604172620748912e+01,2.878940164184523365e+00
3.116604744212632383e+01,2.764268547743865767e+00
3.118605315804515854e+01,3.347551259301744686e+00
3.120605887396398970e+01,2.881542623774848266e+00
3.122606458988282441e+01,2.597387558094438997e+00
3.124607030580165912e+01,3.349795932225743123e+00
3.126607602172049383e+01,2.841436371417690232e+00
3.128608173763932498e+01,3.490629731518291479e+00
3.130608745355815969e+01,3.827812464759729139e+00
3.132609316947699440e+01,4.178008218278874253e+00
3.134609888539582911e+01,4.603115036580693875e+00
3.136610460131466382e+01,4.398309437228126839e+00
3.138611031723349498e+01,5.014706698904142890e+00
3.140611603315232969e+01,5.412588000041539615e+00
3.142612174907116440e+01,4.973259112090304690e+00
3.144612746498999911e+01,5.495884266828242382e+00
3.146613318090883382e+01,5.370333023930621508e+00
3.148613889682766498e+01,5.517239365952252506e+00
3.150614461274649969e+01,7.019731691298204623e+00
3.152615032866533440e+01,6.536309902338572897e+00
3.154615604458416911e+01,7.379474790331873812e+00
3.156616176050300382e+01,6.950247133768453267e+00
3.158616747642183498e+01,7.519327614117220726e+00
3.160617319234066969e+01,8.180323444287491697e+00
3.162617890825950440e+01,8.458385335879734512e+00
3.164618462417833911e+01,8.720241308156229110e+00
3.166619034009717026e+01,9.633600033422991871e+00
3.168619605601600497e+01,9.702263976765522102e+00
3.170620177193483968e+01,1.091282506203284619e+01
3.172620748785367439e+01,1.122428141904295629e+01
3.174621320377250910e+01,1.105001683851340388e+01
3.176621891969134026e+01,1.131240120129571380e+01
3.178622463561017497e+01,1.175181688662410018e+01
3.180623035152900968e+01,1.190383244506817029e+01
3.182623606744784439e+01,1.143841587385083969e+01
3.184624178336667910e+01,1.223913392915899756e+01
3.186624749928551026e+01,1.160115477898052561e+01
3.188625321520434497e+01,1.095763157835097701e+01
3.190625893112317968e+01,1.043754853738777477e+01
3.192626464704201439e+01,1.068769732735185229e+01
3.194627036296084555e+01,1.021094416903132895e+01
3.196627607887968026e+01,9.394070754496446796e+00
3.198628179479851497e+01,8.827180570358413192e+00
3.200628751071734968e+01,8.652284943147927621e+00
3.202629322663618439e+01,8.251284056545040713e+00
3.204629894255501199e+01,7.653814395960588435e+00
3.206630465847385381e+01,7.401986340357440852e+00
3.208631037439268141e+01,7.021905787565138723e+00
3.210631609031152323e+01,7.391054769859045415e+00
3.212632180623035083e+01,6.960072996225329156e+00
3.214632752214918554e+01,6.599680215659841309e+00
3.216633323806802025e+01,7.307927060711008060e+00
3.218633895398685496e+01,6.727774493890408714e+00
3.220634466990568967e+01,7.126298632895311513e+00
3.222635038582451728e+01,6.440292311769114875e+00
3.224635610174335909e+01,6.531479695198013857e+00
3.226636181766218670e+01,6.334880510773180262e+00
3.228636753358102851e+01,6.368652018117068714e+00
3.230637324949985612e+01,6.382324205496523462e+00
3.232637896541869083e+01,5.964534861611208605e+00
3.234638468133752554e+01,6.101582611671560130e+00
3.236639039725636025e+01,5.286561418592240713e+00
3.238639611317519496e+01,5.328136537201158873e+00
3.240640182909402967e+01,5.874279298528869653e+00
3.242640754501286438e+01,5.443425934185408543e+00
3.244641326093169198e+01,5.944537330005843501e+00
3.246641897685053380e+01,5.599369363928680343e+00
3.248642469276936140e+01,5.363978709142375401e+00
3.250643040868819611e+01,5.397862102912817761e+00
3.252643612460703082e+01,5.627531257321009228e+00
3.254644184052586553e+01,5.754425483457721313e+00
3.256644755644470024e+01,5.660942200723511064e+00
3.258645327236353495e+01,5.649880034095338566e+00
3.260645898828236966e+01,5.945054441922285271e+00
3.262646470420119726e+01,6.475176962466220765e+00
3.264647042012003908e+01,6.789310375580980050e+00
3.266647613603886668e+01,6.545385754530761879e+00
3.268648185195770850e+01,6.688362416387096943e+00
3.270648756787653610e+01,6.449958727533196878e+00
3.272649328379537081e+01,7.344679307625040288e+00
3.274649899971420552e+01,7.325513679606880046e+00
3.276650471563304023e+01,7.569264604689401210e+00
3.278651043155187494e+01,7.329868870225205058e+00
3.280651614747070255e+01,8.007325082346982370e+00
3.282652186338954436e+01,8.190766470520722820e+00
3.284652757930837197e+01,8.221237763166639567e+00
3.286653329522721378e+01,8.179695411368347990e+00
3.288653901114604139e+01,7.648374641914429617e+00
3.290654472706487610e+01,6.794323625425909619e+00
3.292655044298371081e+01,6.969915925901311482e+00
3.294655615890254552e+01,6.401338101632479294e+00
3.296656187482138023e+01,6.374914544907143821e+00
3.298656759074020783e+01,5.421978792349253951e+00
3.300657330665904965e+01,6.025534881593240577e+00
3.302657902257787725e+01,4.994427339458191284e+00
3.304658473849671907e+01,3.972954114068978804e+00
3.306659045441554667e+01,3.585551058135033387e+00
3.308659617033438138e+01,3.853571073319844942e+00
3.310660188625321609e+01,3.070961586591780978e+00
3.312660760217205080e+01,3.450610524538328949e+00
3.314661331809088551e+01,3.055883247146546910e+00
3.316661903400971312e+01,2.883529126181614721e+00
3.318662474992855493e+01,3.122361519377887529e+00
3.320663046584738254e+01,2.448836773230318897e+00
3.322663618176622435e+01,2.616504315189681407e+00
3.324664189768505196e+01,2.774583001053923859e+00
3.326664761360388667e+01,2.899854806544368557e+00
3.328665332952272138e+01,2.683173291856836506e+00
3.330665904544155609e+01,2.197460452439331746e+00
3.332666476136039080e+01,1.745326883906197057e+00
3.334667047727922551e+01,2.629614808497689804e+00
3.336667619319806022e+01,1.888122732474312837e+00
3.338668190911688782e+01,2.171144635047791205e+00
3.340668762503572964e+01,2.172578005026727599e+00
3.342669334095455724e+01,2.515645334342737627e+00
3.344669905687339195e+01,2.226123264534224599e+00
3.346670477279222666e+01,2.194180860698224489e+00
3.348671048871106137e+01,2.810805839468787148e+00
3.350671620462989608e+01,2.105014119748166213e+00
3.352672192054873079e+01,2.056204536160558760e+00
3.354672763646756550e+01,3.258810723787837649e+00
3.356673335238639311e+01,2.739018517305168654e+00
3.358673906830523492e+01,2.506638577926530775e+00
3.360674478422406253e+01,1.523847911460943116e+00
3.362675050014290434e+01,3.268910480468663504e+00
3.364675621606173195e+01,1.986729295193927936e+00
3.366676193198056666e+01,2.496504944067726051e+00
3.368676764789940137e+01,2.258314913612742725e+00
3.370677336381823608e+01,2.211611829149846109e+00
3.372677907973707079e+01,2.358958736243723209e+00
3.374678479565589839e+01,3.049887382618606146e+00
3.376679051157474021e+01,1.916633594515127603e+00
3.378679622749356781e+01,2.802219015125336110e+00
3.380680194341240963e+01,2.596619758297717517e+00
3.382680765933123723e+01,2.113126628085372438e+00
3.384681337525007194e+01,2.787585696519783163e+00
3.386681909116890665e+01,2.694986925195084204e+00
3.388682480708774136e+01,3.200885935615234601e+00
3.390683052300657607e+01,2.937143923394312406e+00
3.392683623892540368e+01,3.475089284552330682e+00
3.394684195484424549e+01,3.642453999050644153e+00
3.396684767076307310e+01,4.269245354741532772e+00
3.398685338668191491e+01,4.359450421450624447e+00
3.400685910260074252e+01,4.415333440179392888e+00
3.402686481851957723e+01,4.523968176063227098e+00
3.404687053443841194e+01,4.654840640355975445e+00
3.406687625035724665e+01,5.320140284388482854e+00
3.408688196627608136e+01,6.121264485905174801e+00
3.410688768219490896e+01,5.675084768940886093e+00
3.412689339811375078e+01,6.754152278056384517e+00
3.414689911403257838e+01,6.711807452161268728e+00
3.416690482995142020e+01,8.097109755834614120e+00
3.418691054587024780e+01,8.749890735335215552e+00
3.420691626178908251e+01,9.571261418311507896e+00
3.422692197770791722e+01,1.017050813663580122e+01
3.424692769362675193e+01,1.080333872741560697e+01
3.426693340954558664e+01,1.274339662748892721e+01
3.428693912546442135e+01,1.334556403604892694e+01
3.430694484138325606e+01,1.439149303961059978e+01
3.432695055730208367e+01,1.654439860944314233e+01
3.434695627322092548e+01,1.758136058516162947e+01
3.436696198913975309e+01,1.780905913370547822e+01
3.438696770505858780e+01,2.063498255340888221e+01
3.440697342097742251e+01,2.109414622629405756e+01
3.442697913689625722e+01,2.363679932315835686e+01
3.444698485281509193e+01,2.599642278068878909e+01
3.446699056873392664e+01,2.729869439403538678e+01
3.448699628465276135e+01,2.980514340914911031e+01
3.450700200057158895e+01,3.197295813940298359e+01
3.452700771649043077e+01,3.297232547846697770e+01
3.454701343240925837e+01,3.669449108709571306e+01
3.456701914832810019e+01,3.855669992046733796e+01
3.458702486424692779e+01,3.964041758467615040e+01
3.460703058016576250e+01,4.243358558696705529e+01
3.462703629608459721e+01,4.419817376887105809e+01
3.464704201200343192e+01,4.734836502804757430e+01
3.466704772792226663e+01,4.907443207523844109e+01
3.468705344384109424e+01,4.974285507369140191e+01
3.470705915975993605e+01,5.110712790243821502e+01
3.472706487567876366e+01,5.079483062227699008e+01
3.474707059159760547e+01,5.045387070202762914e+01
3.476707630751643308e+01,4.966966481150367230e+01
3.478708202343526779e+01,4.904335307947540912e+01
3.480708773935410250e+01,4.701452647621511005e+01
3.482709345527293721e+01,4.485810088760930370e+01
3.484709917119177192e+01,4.112112023905378777e+01
3.486710488711059952e+01,3.958389568786789425e+01
3.488711060302944134e+01,3.572390315082578383e+01
3.490711631894826894e+01,3.373410014566632498e+01
3.492712203486711076e+01,3.165867597534028022e+01
3.494712775078593836e+01,2.866647999669379132e+01
3.496713346670477307e+01,2.679647345207387232e+01
3.498713918262360778e+01,2.502319750270890353e+01
3.500714489854244249e+01,2.457466078310057966e+01
3.502715061446127720e+01,2.443376684642678498e+01
3.504715633038010481e+01,2.294417018078464210e+01
3.506716204629894662e+01,2.344196073987038176e+01
3.508716776221777423e+01,2.452166987874727155e+01
3.510717347813661604e+01,2.490923971128643899e+01
3.512717919405544365e+01,2.523323934906524357e+01
3.514718490997427836e+01,2.607304504985818028e+01
3.516719062589311307e+01,2.627754172073032279e+01
3.518719634181194778e+01,2.824256276877129324e+01
3.520720205773078249e+01,2.881624647136288786e+01
3.522720777364961720e+01,2.937483800050818772e+01
3.524721348956845191e+01,3.026279218706792307e+01
3.526721920548727951e+01,3.035009176994453028e+01
3.528722492140612133e+01,2.975723636002641825e+01
3.530723063732494893e+01,3.041465839715097985e+01
3.532723635324378364e+01,2.975276318554198340e+01
3.534724206916261835e+01,2.888383278286313782e+01
3.536724778508145306e+01,2.687402619847231477e+01
3.538725350100028777e+01,2.503578626966713472e+01
3.540725921691912248e+01,2.356880619414615552e+01
3.542726493283795719e+01,2.109925873167160759e+01
3.544727064875678479e+01,1.958193650027603638e+01
3.546727636467562661e+01,1.704920833410015746e+01
3.548728208059445421e+01,1.539795407215549794e+01
3.550728779651329603e+01,1.391890205776781997e+01
3.552729351243212363e+01,1.199504231553493305e+01
3.554729922835095834e+01,9.030416706209821953e+00
3.556730494426979305e+01,8.688999440322891843e+00
3.558731066018862776e+01,7.299225526756463189e+00
3.560731637610746247e+01,7.184924408480575231e+00
3.562732209202629008e+01,5.219805672719703082e+00
3.564732780794513189e+01,5.781545648263199055e+00
3.566733352386395950e+01,4.096279151660493056e+00
3.568733923978280131e+01,4.969004267832175081e+00
3.570734495570162892e+01,4.523794313913131582e+00
3.572735067162046363e+01,4.007119870767482439e+00
3.574735638753929834e+01,4.860320452655633616e+00
3.576736210345813305e+01,3.675702893531597848e+00
3.578736781937696776e+01,3.935859852219923738e+00
3.580737353529579536e+01,3.847455290056287946e+00
3.582737925121463718e+01,3.991239014598479962e+00
3.584738496713346478e+01,3.871916753973554393e+00
3.586739068305230660e+01,3.958378528844323618e+00
3.588739639897113420e+01,3.603308425609375920e+00
3.590740211488996891e+01,4.086459543528874860e+00
3.592740783080880362e+01,4.095647965217191988e+00
3.594741354672763833e+01,4.641770462578869605e+00
3.596741926264647304e+01,4.049524759221014847e+00
3.598742497856530065e+01,5.372472116851372270e+00
3.600743069448414246e+01,5.130282176689176410e+00
3.602743641040297007e+01,5.119506891279504757e+00
3.604744212632181188e+01,4.960798637592102267e+00
3.606744784224063949e+01,5.158904081311987966e+00
3.608745355815947420e+01,4.876115809430752179e+00
3.610745927407830891e+01,4.572315638798087889e+00
3.612746498999714362e+01,4.294898690714894940e+00
3.614747070591597833e+01,4.977132121585817970e+00
3.616747642183481304e+01,5.014781973899590461e+00
3.618748213775364775e+01,4.929925284932854979e+00
3.620748785367247535e+01,4.307649053862687261e+00
3.622749356959131717e+01,3.753824073811936834e+00
3.624749928551014477e+01,4.377660815516513537e+00
3.626750500142897948e+01,3.557220440225754121e+00
3.628751071734781419e+01,3.261066022429846445e+00
3.630751643326664890e+01,3.848234233692641393e+00
3.632752214918548361e+01,2.716550114020924056e+00
3.634752786510431832e+01,3.172350711406915380e+00
3.636753358102315303e+01,2.674448368116558061e+00
3.638753929694198064e+01,2.540996075759548667e+00
3.640754501286082245e+01,2.640371429305985895e+00
3.642755072877965006e+01,2.660891988074806758e+00
3.644755644469849187e+01,2.789078333987799585e+00
3.646756216061731948e+01,2.416502109368318774e+00
3.648756787653615419e+01,2.186132902966256619e+00
3.650757359245498890e+01,1.716169403543873262e+00
3.652757930837382361e+01,2.314898854505565318e+00
3.654758502429265832e+01,2.633122963029597585e+00
3.656759074021148592e+01,2.792778982750406591e+00
3.658759645613032774e+01,2.511857343819499100e+00
3.660760217204915534e+01,1.387861460896910204e+00
3.662760788796799716e+01,2.632494224888397127e+00
3.664761360388682476e+01,2.141741693905097499e+00
3.666761931980565947e+01,2.762734685017569802e+00
3.668762503572449418e+01,1.766221276825373998e+00
3.670763075164332889e+01,2.575805599876446639e+00
3.672763646756216360e+01,2.170389079622268458e+00
3.674764218348099121e+01,1.589960888763977342e+00
3.676764789939983302e+01,2.187213104304563949e+00
3.678765361531866063e+01,2.358079792768242200e+00
3.680765933123750244e+01,2.273533508701733652e+00
3.682766504715633005e+01,2.407208549080092741e+00
3.684767076307516476e+01,2.604860886078267157e+00
3.686767647899399947e+01,1.805079034066002119e+00
3.688768219491283418e+01,2.430144140490021698e+00
3.690768791083166889e+01,2.208930966594378376e+00
3.692769362675049649e+01,1.667225200008286334e+00
3.694769934266933831e+01,2.306925495432177176e+00
3.696770505858816591e+01,2.350624002614977393e+00
3.698771077450700773e+01,2.248808575515532038e+00
3.700771649042583533e+01,2.141927825621631420e+00
3.702772220634467004e+01,2.234901690224404547e+00
3.704772792226350475e+01,2.667139009271577876e+00
3.706773363818233946e+01,2.543373280556413096e+00
3.708773935410117417e+01,2.429230014206618993e+00
3.710774507002000888e+01,3.181648735758709545e+00
3.712775078593884359e+01,2.684442167193280326e+00
3.714775650185767120e+01,2.981572526702764403e+00
3.716776221777651301e+01,3.298016673953007238e+00
3.718776793369534062e+01,2.570083669175898144e+00
3.720777364961417533e+01,3.353720481647740836e+00
3.722777936553301004e+01,3.245581280511654843e+00
3.724778508145184475e+01,3.101754160484933021e+00
3.726779079737067946e+01,3.246032069103918172e+00
3.728779651328951417e+01,2.899818049517583596e+00
3.730780222920834888e+01,3.688061484846754112e+00
3.732780794512717648e+01,4.063172765714925028e+00
3.734781366104601830e+01,4.077498877850374903e+00
3.736781937696484590e+01,4.066327345061131915e+00
3.738782509288368772e+01,5.359845440785809600e+00
3.740783080880251532e+01,4.892949833407969962e+00
3.742783652472135003e+01,5.156761529066984373e+00
3.744784224064018474e+01,5.471310936464377050e+00
3.746784795655901945e+01,6.123145466279392046e+00
3.748785367247785416e+01,6.371264640820376357e+00
3.750785938839668177e+01,6.396627254663352247e+00
3.752786510431552358e+01,6.017635376076315268e+00
3.754787082023435119e+01,6.565918470916349392e+00
3.756787653615319300e+01,6.749648489097198834e+00
3.758788225207202061e+01,8.248874514658583124e+00
3.760788796799085532e+01,8.110864104250547157e+00
3.762789368390969003e+01,7.443837631034065261e+00
3.764789939982852474e+01,7.858172008400782005e+00
3.766790511574735945e+01,8.650190324863391567e+00
3.768791083166618705e+01,1.018045581039475067e+01
3.770791654758502887e+01,9.112799635257751163e+00
3.772792226350385647e+01,1.138959397710570975e+01
3.774792797942269829e+01,1.160959005892840601e+01
3.776793369534152589e+01,1.170292033885500871e+01
3.778793941126036060e+01,1.356574492807887111e+01
3.780794512717919531e+01,1.372036494144837349e+01
3.782795084309803002e+01,1.501749162922831715e+01
3.784795655901686473e+01,1.562682850681160041e+01
3.786796227493569234e+01,1.654444778152030793e+01
3.788796799085453415e+01,1.866938317996083185e+01
3.790797370677336176e+01,1.935413917328913769e+01
3.792797942269220357e+01,2.070191484621116729e+01
3.794798513861103118e+01,2.230873792698189106e+01
3.796799085452986589e+01,2.364746485045706592e+01
3.798799657044870060e+01,2.383049885664891931e+01
3.800800228636753531e+01,2.533733377187077451e+01
3.802800800228637002e+01,2.501880230897300805e+01
3.804801371820520473e+01,2.582309069741155128e+01
3.806801943412403944e+01,2.672843858099028225e+01
3.808802515004286704e+01,2.640764225788738173e+01
3.810803086596170886e+01,2.602425108262648834e+01
3.812803658188053646e+01,2.553708960829897379e+01
3.814804229779937117e+01,2.563715125309449405e+01
3.816804801371820588e+01,2.386098905633794587e+01
3.818805372963704059e+01,2.393043727869210713e+01
3.820805944555587530e+01,2.262431314811778904e+01
3.822806516147471001e+01,2.150954506548735878e+01
3.824807087739354472e+01,2.025317163585975777e+01
3.826807659331237232e+01,1.984582410506851247e+01
3.828808230923121414e+01,1.867496622566401854e+01
3.830808802515004174e+01,1.793031220157877570e+01
3.832809374106888356e+01,1.657417997432018808e+01
3.834809945698771116e+01,1.602217582419048370e+01
3.836810517290654587e+01,1.607409353339395963e+01
3.838811088882538058e+01,1.455101946375681266e+01
3.840811660474421529e+01,1.417095890462935870e+01
3.842812232066305000e+01,1.401299912003026016e+01
3.844812803658187761e+01,1.313136108488066789e+01
3.846813375250071942e+01,1.251510166228060328e+01
3.848813946841954703e+01,1.191883112336399186e+01
3.850814518433838884e+01,1.229549840238131964e+01
3.852815090025721645e+01,1.171577436632672153e+01
3.854815661617605116e+01,1.116139746995454018e+01
3.856816233209488587e+01,1.070252569639369788e+01
3.858816804801372058e+01,9.968059279029802155e+00
3.860817376393255529e+01,1.109120474721426497e+01
3.862817947985138289e+01,9.461583302353808733e+00
3.864818519577022471e+01,9.385077526626586675e+00
3.866819091168905231e+01,8.846780105995312837e+00
3.868819662760789413e+01,8.550178966719691687e+00
3.870820234352672173e+01,8.172291391256409909e+00
3.872820805944555644e+01,6.989536682219275043e+00
3.874821377536439115e+01,6.143348960852499374e+00
3.876821949128322586e+01,5.676649488925187725e+00
3.878822520720206057e+01,5.190039668197748313e+00
3.880823092312088818e+01,5.259429169985529562e+00
3.882823663903972999e+01,4.340775582147003320e+00
3.884824235495855760e+01,4.916978741076564852e+00
3.886824807087739941e+01,3.191469514657070405e+00
3.888825378679622702e+01,3.819307704305757944e+00
3.890825950271506173e+01,3.872649481089418089e+00
3.892826521863389644e+01,3.345547589608969918e+00
3.894827093455273115e+01,3.015885589774504716e+00
3.896827665047156586e+01,2.827863682260577605e+00
3.898828236639040057e+01,3.028452196157854992e+00
3.900828808230923528e+01,2.991522523926431809e+00
3.902829379822806288e+01,2.766912926611553303e+00
3.904829951414690470e+01,2.806083534105260568e+00
3.906830523006573230e+01,2.513614902392995454e+00
3.908831094598456701e+01,1.881321847129671321e+00
3.910831666190340172e+01,3.195740083359667416e+00
3.912832237782223643e+01,2.807756953790256915e+00
3.914832809374107114e+01,2.286947316320058654e+00
3.916833380965990585e+01,1.881651526677365460e+00
3.918833952557874056e+01,3.169968409199840131e+00
3.920834524149756817e+01,2.633729096412915638e+00
3.922835095741640998e+01,2.735042970349673030e+00
3.924835667333523759e+01,2.925395126584596550e+00
3.926836238925407940e+01,2.510893285864016722e+00
3.928836810517290701e+01,2.146208932162497973e+00
3.930837382109174172e+01,2.774363014072191547e+00
3.932837953701057643e+01,2.160543092618324224e+00
3.934838525292941114e+01,2.661989290400851971e+00
3.936839096884824585e+01,2.782793783277778488e+00
3.938839668476707345e+01,2.422561465546102522e+00
3.940840240068591527e+01,2.787747646344205688e+00
3.942840811660474287e+01,3.303523681628755426e+00
3.944841383252358469e+01,2.722653454424244224e+00
3.946841954844241229e+01,2.964815816066404874e+00
3.948842526436124700e+01,2.824346514550056142e+00
3.950843098028008171e+01,3.444171327845497732e+00
3.952843669619891642e+01,2.997265578095583471e+00
3.954844241211775113e+01,2.946477001288476671e+00
3.956844812803657874e+01,2.957034954033750385e+00
3.958845384395542055e+01,2.060848527142618458e+00
3.960845955987424816e+01,2.986136585861001613e+00
3.962846527579308997e+01,2.873078733677344232e+00
3.964847099171191758e+01,3.411471011952606158e+00
3.966847670763075229e+01,2.327963402764115397e+00
3.968848242354958700e+01,2.682548707039182467e+00
3.970848813946842171e+01,3.111870741384348271e+00
3.972849385538725642e+01,2.809115902909697482e+00
3.974849957130608402e+01,2.554693267071904472e+00
3.976850528722492584e+01,3.023112783277425830e+00
3.978851100314375344e+01,2.673169666963230107e+00
3.980851671906259526e+01,3.104597719791548194e+00
3.982852243498142286e+01,2.915618869381834344e+00
3.984852815090025757e+01,2.786023512192328688e+00
3.986853386681909228e+01,3.359264823312146486e+00
3.988853958273792699e+01,3.073692705186899410e+00
3.990854529865676170e+01,2.498020454861770823e+00
3.992855101457559641e+01,2.685384147349904715e+00
3.994855673049443112e+01,3.609294389935847391e+00
3.996856244641325873e+01,2.976158081061882399e+00
3.998856816233210054e+01,3.512058924425797368e+00
4.000857387825092815e+01,3.756483700425143457e+00
4.002857959416976286e+01,3.684178776129624300e+00
4.004858531008859757e+01,3.507743788749642988e+00
4.006859102600743228e+01,4.418407834392219513e+00
4.008859674192626699e+01,3.664098463586085153e+00
4.010860245784510170e+01,3.916193150335999462e+00
4.012860817376393641e+01,3.403285248624186465e+00
4.014861388968276401e+01,4.031029091611250337e+00
4.016861960560160583e+01,4.668803938913376861e+00
4.018862532152043343e+01,4.194633855826769953e+00
4.020863103743927525e+01,4.245427450441667361e+00
4.022863675335810285e+01,3.926997774497687388e+00
4.024864246927693756e+01,4.440406330347411945e+00
4.026864818519577227e+01,3.621622367799681719e+00
4.028865390111460698e+01,3.751869822407326360e+00
4.030865961703344169e+01,4.632291965403569023e+00
4.032866533295226930e+01,4.974339415078063986e+00
4.034867104887111111e+01,5.037926979914926662e+00
4.036867676478993872e+01,5.179603651624743677e+00
4.038868248070878053e+01,5.251200988808187198e+00
4.040868819662760814e+01,5.658437330124316489e+00
4.042869391254644285e+01,4.884330855290054174e+00
4.044869962846527756e+01,5.933045429632469059e+00
4.046870534438411227e+01,6.544758971439759598e+00
4.048871106030294698e+01,6.481550605306784618e+00
4.050871677622177458e+01,6.841661383585707412e+00
4.052872249214061640e+01,7.580840698734975014e+00
4.054872820805944400e+01,6.836097441504444205e+00
4.056873392397828582e+01,7.341056987677832879e+00
4.058873963989711342e+01,7.647718630240499138e+00
4.060874535581594813e+01,7.840455916917457913e+00
4.062875107173478284e+01,8.336822896082432877e+00
4.064875678765361755e+01,8.971421127514485505e+00
4.066876250357245226e+01,8.696735326094255925e+00
4.068876821949127986e+01,9.477851621807591442e+00
4.070877393541012168e+01,1.025109244516417917e+01
4.072877965132894929e+01,1.031930132117858356e+01
4.074878536724779110e+01,1.061206731088976163e+01
4.076879108316661871e+01,1.116578884342358435e+01
4.078879679908545342e+01,1.185262701919443984e+01
4.080880251500428813e+01,1.252442626710200102e+01
4.082880823092312284e+01,1.301148472379468757e+01
4.084881394684195755e+01,1.374546990035419114e+01
4.086881966276079226e+01,1.396128852517135499e+01
4.088882537867962697e+01,1.440653369708954479e+01
4.090883109459845457e+01,1.487366711929374929e+01
4.092883681051729639e+01,1.559462825153323173e+01
4.094884252643612399e+01,1.659633013888092279e+01
4.096884824235495870e+01,1.757776871992117407e+01
4.098885395827379341e+01,1.730987182874992669e+01
4.100885967419262812e+01,1.708004267219087069e+01
4.102886539011146283e+01,1.893521497454909053e+01
4.104887110603029754e+01,1.893470948269512277e+01
4.106887682194913225e+01,1.969995647870937461e+01
4.108888253786795985e+01,2.004069684249218142e+01
4.110888825378680167e+01,2.021630170219826184e+01
4.112889396970562927e+01,2.104399201645255957e+01
4.114889968562447109e+01,2.031930014035525645e+01
4.116890540154329869e+01,2.067110819600915761e+01
4.118891111746213340e+01,1.998872566359144898e+01
4.120891683338096811e+01,2.143024333784318358e+01
4.122892254929980282e+01,2.114623912598288413e+01
4.124892826521863753e+01,2.029298871243863189e+01
4.126893398113746514e+01,2.069367581457228766e+01
4.128893969705630695e+01,1.900970741669170394e+01
4.130894541297513456e+01,1.903311941842001787e+01
4.132895112889397637e+01,1.920957917942340387e+01
4.134895684481280398e+01,1.850999335475496110e+01
4.136896256073163869e+01,1.818556236622466926e+01
4.138896827665047340e+01,1.853678833503831314e+01
4.140897399256930811e+01,1.855473960012979617e+01
4.142897970848814282e+01,1.863647550627461769e+01
4.144898542440697042e+01,1.807810867479062722e+01
4.146899114032581224e+01,1.792681627699506208e+01
4.148899685624463984e+01,1.888625288021843929e+01
4.150900257216348166e+01,1.867282701649538623e+01
4.152900828808230926e+01,1.870211391767052334e+01
4.154901400400114397e+01,1.924016547143213529e+01
4.156901971991997868e+01,1.913848785486180759e+01
4.158902543583881339e+01,1.985645894021081403e+01
4.160903115175764810e+01,2.007389178458819146e+01
4.162903686767647571e+01,1.917616789810408306e+01
4.164904258359531752e+01,2.044075442674437681e+01
4.166904829951414513e+01,2.014183826290614476e+01
4.168905401543298694e+01,2.044256474362004283e+01
4.170905973135181455e+01,1.987784865125048483e+01
4.172906544727064926e+01,2.007279672791424474e+01
4.174907116318948397e+01,1.929348812429057602e+01
4.176907687910831868e+01,1.900664497825300714e+01
4.178908259502715339e+01,1.809922796806562673e+01
4.180908831094598810e+01,1.795239109292515423e+01
4.182909402686482281e+01,1.762033544184102851e+01
4.184909974278365041e+01,1.693842099392812628e+01
4.186910545870249223e+01,1.716410937153271021e+01
4.188911117462131983e+01,1.740463125544683010e+01
4.190911689054015454e+01,1.779495398722089305e+01
4.192912260645898925e+01,1.823438379488108296e+01
4.194912832237782396e+01,1.772822407123597088e+01
4.196913403829665867e+01,1.856535726107260942e+01
4.198913975421549338e+01,1.880391923170684976e+01
4.200914547013432809e+01,1.921812497640419792e+01
4.202915118605316280e+01,2.029587581890584502e+01
4.204915690197199041e+01,2.141029737739242123e+01
4.206916261789082512e+01,2.318960383754365040e+01
4.208916833380965983e+01,2.336668540722057585e+01
4.210917404972849454e+01,2.449073716171006865e+01
4.212917976564732925e+01,2.575222639788485779e+01
4.214918548156616396e+01,2.694062146825771364e+01
4.216919119748499867e+01,2.927666609816046872e+01
4.218919691340383338e+01,3.081980310989699845e+01
4.220920262932266809e+01,3.220638088051254044e+01
4.222920834524150280e+01,3.281874783672227380e+01
4.224921406116033040e+01,3.511745063836229974e+01
4.226921977707916511e+01,3.634014950004017663e+01
4.228922549299799982e+01,3.699976048341631696e+01
4.230923120891683453e+01,3.819684050583596502e+01
4.232923692483566924e+01,3.963685164903872504e+01
4.234924264075450395e+01,4.018476088846162497e+01
4.236924835667333866e+01,4.125507071133169745e+01
4.238925407259217337e+01,4.228600044584655393e+01
4.240925978851100808e+01,4.297246970335732641e+01
4.242926550442983569e+01,4.393527931212688031e+01
4.244927122034867040e+01,4.434127556088569122e+01
4.246927693626750511e+01,4.483545095757244781e+01
4.248928265218633982e+01,4.570632206872110714e+01
4.250928836810517453e+01,4.614694482166993339e+01
4.252929408402400924e+01,4.692756877218727141e+01
4.254929979994284395e+01,4.733601745974630148e+01
4.256930551586167866e+01,4.874994767987086419e+01
4.258931123178051337e+01,4.917003830693440136e+01
4.260931694769934097e+01,4.950512324924950036e+01
4.262932266361817568e+01,5.016472489797769896e+01
4.264932837953701039e+01,5.042147192992411675e+01
4.266933409545584510e+01,5.065584517260683128e+01
4.268933981137467981e+01,5.099927478845664552e+01
4.270934552729351452e+01,5.100288347411219547e+01
4.272935124321234923e+01,5.087398597179767279e+01
4.274935695913118394e+01,5.020755693863469560e+01
4.276936267505001865e+01,5.060257545951879621e+01
4.278936839096885336e+01,4.959218742510891076e+01
4.280937410688768097e+01,4.937408924353580630e+01
4.282937982280651568e+01,4.794919517268391473e+01
4.284938553872535039e+01,4.706993071643342574e+01
4.286939125464418510e+01,4.661401820481034264e+01
4.288939697056301981e+01,4.520351227892284385e+01
4.290940268648185452e+01,4.397774935650028993e+01
4.292940840240068923e+01,4.218367101764473404e+01
4.294941411831952394e+01,4.117892362058823608e+01
4.296941983423835865e+01,3.977594016362630214e+01
4.298942555015718625e+01,3.770205030879389341e+01
4.300943126607602096e+01,3.574624290903151547e+01
4.302943698199485567e+01,3.535793258410046036e+01
4.304944269791369038e+01,3.341711713950004281e+01
4.306944841383252509e+01,3.201544268878352284e+01
4.308945412975135980e+01,3.009596484565888019e+01
4.310945984567019451e+01,2.987308418478064453e+01
4.312946556158902922e+01,2.740869818542996583e+01
4.314947127750786393e+01,2.711772228452113609e+01
4.316947699342669864e+01,2.594375280273922968e+01
4.318948270934552625e+01,2.446980445455176323e+01
4.320948842526436096e+01,2.366726683697928735e+01
4.322949414118319567e+01,2.201385587566548097e+01
4.324949985710203038e+01,2.186103962204096263e+01
4.326950557302086509e+01,2.135539775240541260e+01
4.328951128893969980e+01,2.018745502808718584e+01
4.330951700485853451e+01,1.892123124056544015e+01
4.332952272077736922e+01,1.963129994447309201e+01
4.334952843669620393e+01,1.914525899444977597e+01
4.336953415261503153e+01,1.844358231291641204e+01
4.338953986853386624e+01,1.788026301012668284e+01
4.340954558445270095e+01,1.663975661836679976e+01
4.342955130037153566e+01,1.737288934075091262e+01
4.344955701629037037e+01,1.752132725219088982e+01
4.346956273220920508e+01,1.638250229846352823e+01
4.348956844812803979e+01,1.610892081201392401e+01
4.350957416404687450e+01,1.614093342559457867e+01
4.352957987996570921e+01,1.758967085857032586e+01
4.354958559588453681e+01,1.629442814161891206e+01
4.356959131180337153e+01,1.697041085761926027e+01
4.358959702772220624e+01,1.692590214305467100e+01
4.360960274364104095e+01,1.740380312425515541e+01
4.362960845955987566e+01,1.758998381573542957e+01
4.364961417547871037e+01,1.743541406121703119e+01
4.366961989139754508e+01,1.790110478690322893e+01
4.368962560731637979e+01,1.799296367870518054e+01
4.370963132323521450e+01,1.832265932010445653e+01
4.372963703915404921e+01,1.797244886021155708e+01
4.374964275507287681e+01,1.870815328117496890e+01
4.376964847099171152e+01,1.849633848175356476e+01
4.378965418691054623e+01,1.869822570744574719e+01
4.380965990282938094e+01,1.900159510412728281e+01
4.382966561874821565e+01,1.873714680715076142e+01
4.384967133466705036e+01,1.880830985275681400e+01
4.386967705058588507e+01,1.959171805644172082e+01
4.388968276650471978e+01,2.056573558281737490e+01
4.390968848242355449e+01,2.005935845655070793e+01
4.392969419834238209e+01,2.023244112515817150e+01
4.394969991426121680e+01,2.007081694237268721e+01
4.396970563018005151e+01,2.149758424415754376e+01
4.398971134609888622e+01,2.149980392079115532e+01
4.400971706201772093e+01,2.116114463585344652e+01
4.402972277793655564e+01,2.195626738153983837e+01
4.404972849385539035e+01,2.230207655799548050e+01
4.406973420977422506e+01,2.260824421779213012e+01
4.408973992569305977e+01,2.273350943643445277e+01
4.410974564161189448e+01,2.255907464478413260e+01
4.412975135753072209e+01,2.265183391351162356e+01
4.414975707344955680e+01,2.251746023229500437e+01
4.416976278936839151e+01,2.363544029531127677e+01
4.418976850528722622e+01,2.315212768356020590e+01
4.420977422120606093e+01,2.249349989755894796e+01
4.422977993712489564e+01,2.238519853914058189e+01
4.424978565304373035e+01,2.210959757101651135e+01
4.426979136896256506e+01,2.129000019162438662e+01
4.428979708488139977e+01,2.064647794633475542e+01
4.430980280080022737e+01,1.975460589975965675e+01
4.432980851671906208e+01,1.789924362173679029e+01
4.434981423263789679e+01,1.718103487906729043e+01
4.436981994855673150e+01,1.600475746260649856e+01
4.438982566447556621e+01,1.474570388253972553e+01
4.440983138039440092e+01,1.383406470712497338e+01
4.442983709631323563e+01,1.296253837052388391e+01
4.444984281223207034e+01,1.122847390009629009e+01
4.446984852815090505e+01,9.724994941138056959e+00
4.448985424406973266e+01,9.433075024476996973e+00
4.450985995998856737e+01,9.892934909906418994e+00
4.452986567590740208e+01,8.811076107360850784e+00
4.454987139182623679e+01,7.455257210496515796e+00
4.456987710774507150e+01,7.895263299706562599e+00
4.458988282366390621e+01,8.137787674789507264e+00
4.460988853958274092e+01,7.342931068944385409e+00
4.462989425550157563e+01,6.667152135376197108e+00
4.464989997142041034e+01,6.074780894614551841e+00
4.466990568733924505e+01,6.863720276118047359e+00
4.468991140325807265e+01,6.375659959711041935e+00
4.470991711917690736e+01,6.452288162351170975e+00
4.472992283509574207e+01,6.132603177656454463e+00
4.474992855101457678e+01,6.643876052945804744e+00
4.476993426693341149e+01,6.662683746372357163e+00
4.478993998285224620e+01,6.398828675431072810e+00
4.480994569877108091e+01,6.377568525946850642e+00
4.482995141468991562e+01,6.547447557231349080e+00
4.484995713060875033e+01,6.925088872327211931e+00
4.486996284652757794e+01,6.393068671621282562e+00
4.488996856244641265e+01,6.663780331604463036e+00
4.490997427836524736e+01,6.963223863649548484e+00
4.492997999428408207e+01,7.001326210457706978e+00
4.494998571020291678e+01,6.042965200978889229e+00
4.496999142612175149e+01,6.120742484894243773e+00
4.498999714204058620e+01,6.857460171617514533e+00
4.501000285795942091e+01,6.081002696683169617e+00
4.503000857387825562e+01,5.496700923611500755e+00
4.505001428979709033e+01,6.027395830488421424e+00
4.507002000571591793e+01,5.848952623291591379e+00
4.509002572163475264e+01,5.116068924174312471e+00
4.511003143755358735e+01,4.943858594083549107e+00
4.513003715347242206e+01,4.698487371077169072e+00
4.515004286939125677e+01,4.062850437399281311e+00
4.517004858531009148e+01,4.055745133598356311e+00
4.519005430122892619e+01,3.467173237647751982e+00
4.521006001714776090e+01,3.518315783073567182e+00
4.523006573306659561e+01,3.075232479810340536e+00
4.525007144898542322e+01,3.685383332835509229e+00
4.527007716490425793e+01,3.242995542744292692e+00
4.529008288082309264e+01,2.705786886926226043e+00
4.531008859674192735e+01,3.454846590152084396e+00
4.533009431266076206e+01,2.428894686621673848e+00
4.535010002857959677e+01,2.351821065932280685e+00
4.537010574449843148e+01,3.565970458929660580e+00
4.539011146041726619e+01,2.823577801365477757e+00
4.541011717633610090e+01,2.896401226579291333e+00
4.543012289225492850e+01,3.147955155232462943e+00
4.545012860817376321e+01,2.213902852641710162e+00
4.547013432409259792e+01,3.213894835041718689e+00
4.549014004001143263e+01,2.139808699964507177e+00
4.551014575593026734e+01,2.562826402376150448e+00
4.553015147184910205e+01,2.779840464228859886e+00
4.555015718776793676e+01,2.516541330433161860e+00
4.557016290368677147e+01,2.471600838973532888e+00
4.559016861960560618e+01,2.290381122306419659e+00
4.561017433552444089e+01,2.636414281657505576e+00
4.563018005144326850e+01,2.221694162674962669e+00
4.565018576736210321e+01,1.608564191890370143e+00
4.567019148328093792e+01,3.018505240844749693e+00
4.569019719919977263e+01,2.730685977183283875e+00
4.571020291511860734e+01,2.393732439698057490e+00
4.573020863103744205e+01,2.148064490816807393e+00
4.575021434695627676e+01,1.629882724019216855e+00
4.577022006287511147e+01,2.562372888043034536e+00
4.579022577879394618e+01,2.302439168337393038e+00
4.581023149471277378e+01,1.981243551901382460e+00
4.583023721063160849e+01,2.248601722538301928e+00
4.585024292655044320e+01,2.210282675142066555e+00
4.587024864246927791e+01,1.560161650936027211e+00
4.589025435838811262e+01,2.231677401178821185e+00
4.591026007430694733e+01,1.921915721525523146e+00
4.593026579022578204e+01,2.058481728466609706e+00
4.595027150614461675e+01,1.943853945286566853e+00
4.597027722206345146e+01,1.840771294621731391e+00
4.599028293798228617e+01,2.074863779998199043e+00
4.601028865390111378e+01,2.043261326717494164e+00
4.603029436981994849e+01,2.538143650978407440e+00
4.605030008573878320e+01,1.696972174470702921e+00
4.607030580165761791e+01,2.647143760097821819e+00
4.609031151757645262e+01,2.170628095878003982e+00
4.611031723349528733e+01,2.167289410156806984e+00
4.613032294941412204e+01,2.701096285350233828e+00
4.615032866533295675e+01,2.366501734219562003e+00
4.617033438125179146e+01,2.378458790258834998e+00
4.619034009717061906e+01,1.907009970536859278e+00
4.621034581308945377e+01,1.681000393223495593e+00
4.623035152900828848e+01,2.380459730770029037e+00
4.625035724492712319e+01,2.371128480754753465e+00
4.627036296084595790e+01,2.705741810521733015e+00
4.629036867676479261e+01,2.896984593131782582e+00
4.631037439268362732e+01,2.482010837498951350e+00
4.633038010860246203e+01,2.295745406020299306e+00
4.635038582452129674e+01,2.134346066630551597e+00
4.637039154044012434e+01,2.383711032699507903e+00
4.639039725635895905e+01,1.807230572195180240e+00
4.641040297227779376e+01,2.799306384009132120e+00
4.643040868819662847e+01,3.017218044871422311e+00
4.645041440411546319e+01,2.447633804806911062e+00
4.647042012003429790e+01,2.796621407640524026e+00
4.649042583595313261e+01,3.155235848230917739e+00
4.651043155187196732e+01,2.526709626057737523e+00
4.653043726779080203e+01,2.970254694182821176e+00
4.655044298370963674e+01,3.141331344816624682e+00
4.657044869962846434e+01,3.697943690410721906e+00
4.659045441554729905e+01,3.403566702515088416e+00
4.661046013146613376e+01,3.979986067447340847e+00
4.663046584738496847e+01,4.011184291811647817e+00
4.665047156330380318e+01,4.137010683498751007e+00
4.667047727922263789e+01,4.409757371465361508e+00
4.669048299514147260e+01,4.244418518704532239e+00
4.671048871106030731e+01,4.323651504347735930e+00
4.673049442697914202e+01,4.686343925896987450e+00
4.675050014289796962e+01,5.386178812863875898e+00
4.677050585881680433e+01,5.441458984638723351e+00
4.679051157473563904e+01,6.195734329215463632e+00
4.681051729065447375e+01,5.499766300522091811e+00
4.683052300657330846e+01,5.653757295456326659e+00
4.685052872249214317e+01,6.303124044742324905e+00
4.687053443841097788e+01,7.000272796057169344e+00
4.689054015432981259e+01,6.476417595682282702e+00
4.691054587024864730e+01,6.668820157569441243e+00
4.693055158616748201e+01,6.562334648598638687e+00
4.695055730208630962e+01,7.374120879895065706e+00
4.697056301800514433e+01,7.260794065136081166e+00
4.699056873392397904e+01,6.884125701054070845e+00
4.701057444984281375e+01,8.291312768558647406e+00
4.703058016576164846e+01,9.124679430412697911e+00
4.705058588168048317e+01,8.424171340181258572e+00
4.707059159759931788e+01,1.015100863986987356e+01
4.709059731351815259e+01,1.065415144458599528e+01
4.711060302943698730e+01,1.156356734829535959e+01
4.713060874535581490e+01,1.183866765308438573e+01
4.715061446127464961e+01,1.265348238045226026e+01
4.717062017719348432e+01,1.345900222110630118e+01
4.719062589311231903e+01,1.443560540790678104e+01
4.721063160903115374e+01,1.518125517211306530e+01
4.723063732494998845e+01,1.666985877849246478e+01
4.725064304086882316e+01,1.711082596507948494e+01
4.727064875678765787e+01,1.879276868267647060e+01
4.729065447270649258e+01,1.894011109148496530e+01
4.731066018862532019e+01,1.927031728384096354e+01
4.733066590454415490e+01,1.899409276885501185e+01
4.735067162046298961e+01,1.976821664619374630e+01
4.737067733638182432e+01,1.907523210707098471e+01
4.739068305230065903e+01,1.786713179192329903e+01
4.741068876821949374e+01,1.649978221799516831e+01
4.743069448413832845e+01,1.562564871654773668e+01
4.745070020005716316e+01,1.377185285851985697e+01
4.747070591597599787e+01,1.309127417635652435e+01
4.749071163189483258e+01,1.205492704052647568e+01
4.751071734781366018e+01,1.070828965295296342e+01
4.753072306373249489e+01,8.865727118836527865e+00
4.755072877965132960e+01,6.997387205704262314e+00
4.757073449557016431e+01,6.514043952853177721e+00
4.759074021148899902e+01,5.166946672572461097e+00
4.761074592740783373e+01,5.036026029077493860e+00
4.763075164332666844e+01,4.314664709447391999e+00
4.765075735924550315e+01,3.548057748775084619e+00
4.767076307516433786e+01,3.494211913160740313e+00
4.769076879108316547e+01,2.884598298855653997e+00
4.771077450700200018e+01,2.803587916658658141e+00
4.773078022292083489e+01,2.889154999264538226e+00
4.775078593883966960e+01,2.476316771326938948e+00
4.777079165475850431e+01,2.568723316560125092e+00
4.779079737067733902e+01,2.477597431510397463e+00
4.781080308659617373e+01,2.998595986204538377e+00
4.783080880251500844e+01,2.377305218546594379e+00
4.785081451843384315e+01,2.180184072230901826e+00
4.787082023435267075e+01,2.539627394043031838e+00
4.789082595027150546e+01,2.215072274537843722e+00
4.791083166619034017e+01,2.820293887089002194e+00
4.793083738210917488e+01,3.007317046050907550e+00
4.795084309802800959e+01,2.524378567965227749e+00
4.797084881394684430e+01,2.688800244156527075e+00
4.799085452986567901e+01,2.931530388577349377e+00
4.801086024578451372e+01,2.631039251585858274e+00
4.803086596170334843e+01,2.580536051233319306e+00
4.805087167762218314e+01,3.471044334242562979e+00
4.807087739354101075e+01,4.097848954743322558e+00
4.809088310945984546e+01,3.536073190509673836e+00
4.811088882537868017e+01,3.188551989639234918e+00
4.813089454129751488e+01,3.829028706699203255e+00
4.815090025721634959e+01,4.167649410904749274e+00
4.817090597313518430e+01,4.825040109843572012e+00
4.819091168905401901e+01,4.174185602081557533e+00
4.821091740497285372e+01,4.573793064643322026e+00
4.823092312089168843e+01,4.587676048257154804e+00
4.825092883681051603e+01,3.724497819857829572e+00
4.827093455272935074e+01,3.672856221839088775e+00
4.829094026864818545e+01,3.189071700293411027e+00
4.831094598456702016e+01,3.585684101872757878e+00
4.833095170048585487e+01,3.910661712630795428e+00
4.835095741640468958e+01,3.542547485348410685e+00
4.837096313232352429e+01,3.774890165637984296e+00
4.839096884824235900e+01,3.434690138437797025e+00
4.841097456416119371e+01,2.434345086972584671e+00
4.843098028008002842e+01,3.117840234757216500e+00
4.845098599599885603e+01,2.567472704534508487e+00
4.847099171191769074e+01,2.658428036580017029e+00
4.849099742783652545e+01,2.562273925345286862e+00
4.851100314375536016e+01,2.942952595146993477e+00
4.853100885967419487e+01,2.492262854485437273e+00
4.855101457559302958e+01,2.732469945798892130e+00
4.857102029151186429e+01,2.112862079746996802e+00
4.859102600743069900e+01,2.675158386249411713e+00
4.861103172334953371e+01,2.950110609227173164e+00
4.863103743926836131e+01,3.120913165367348086e+00
4.865104315518719602e+01,3.073656752080062837e+00
4.867104887110603073e+01,4.001661728887828673e+00
4.869105458702486544e+01,2.899713678922064997e+00
4.871106030294370015e+01,3.942504191978452255e+00
4.873106601886253486e+01,3.826330006577788989e+00
4.875107173478136957e+01,3.821388141098906566e+00
4.877107745070020428e+01,4.374479140744054639e+00
4.879108316661903899e+01,4.857594994102749197e+00
4.881108888253786660e+01,3.983677828924559350e+00
4.883109459845670131e+01,4.651579846621892500e+00
4.885110031437553602e+01,4.582939259592169634e+00
4.887110603029437073e+01,5.134796257885374970e+00
4.889111174621320544e+01,4.765763703221303160e+00
4.891111746213204015e+01,5.088531413571232065e+00
4.893112317805087486e+01,5.996283140582961302e+00
4.895112889396970957e+01,5.677438350350688445e+00
4.897113460988854428e+01,5.735510565540050010e+00
4.899114032580737899e+01,4.119002080850789227e+00
4.901114604172620659e+01,4.717487926525436137e+00
4.903115175764504130e+01,4.168435933776374114e+00
4.905115747356387601e+01,3.625503178511910285e+00
4.907116318948271072e+01,4.086645823431482860e+00
4.909116890540154543e+01,3.814955544987495895e+00
4.911117462132038014e+01,3.006752330643796434e+00
4.913118033723921485e+01,3.175065658846850436e+00
4.915118605315804956e+01,2.782815939528624494e+00
4.917119176907688427e+01,2.785344151365489740e+00
4.919119748499571187e+01,2.859199691545864397e+00
4.921120320091454658e+01,2.665110749915793331e+00
4.923120891683338129e+01,2.667678329049685715e+00
4.925121463275221600e+01,3.001538626160593637e+00
4.927122034867105071e+01,2.958135936827144263e+00
4.929122606458988542e+01,2.845813892093888686e+00
4.931123178050872014e+01,3.059987518962563158e+00
4.933123749642755485e+01,2.421498988176450595e+00
4.935124321234638956e+01,2.823296144861944246e+00
4.937124892826522427e+01,3.519538996833052380e+00
4.939125464418405187e+01,2.587959580873505416e+00
4.941126036010288658e+01,3.239040154899047508e+00
4.943126607602172129e+01,2.300071298624046356e+00
4.945127179194055600e+01,3.263448574201972097e+00
4.947127750785939071e+01,2.951791755023993158e+00
4.949128322377822542e+01,3.043419885120133728e+00
4.951128893969706013e+01,2.748246319707611907e+00
4.953129465561589484e+01,3.133526156321893907e+00
4.955130037153472955e+01,3.125809339201364612e+00
4.957130608745355715e+01,3.418834986082575078e+00
4.959131180337239186e+01,2.795262649820835499e+00
4.961131751929122657e+01,2.486766300002574592e+00
4.963132323521006128e+01,2.240587911256235021e+00
4.965132895112889599e+01,2.895639991580301498e+00
4.967133466704773070e+01,3.522604722314764292e+00
4.969134038296656541e+01,2.914350768835625605e+00
4.971134609888540012e+01,2.468422130050432095e+00
4.973135181480423483e+01,2.666441464327725885e+00
4.975135753072306244e+01,2.403922097330625007e+00
4.977136324664189715e+01,2.822354116376569078e+00
4.979136896256073186e+01,2.568874389003519276e+00
4.981137467847956657e+01,2.698912978856254696e+00
4.983138039439840128e+01,2.513288159777338215e+00
4.985138611031723599e+01,3.175356725499052679e+00
4.987139182623607070e+01,2.944363661065168003e+00
4.989139754215490541e+01,2.263987199304278608e+00
4.991140325807374012e+01,2.682231802496310102e+00
4.993140897399257483e+01,1.985079837734652575e+00
4.995141468991140243e+01,2.600316977353338999e+00
4.997142040583023714e+01,2.727373636794327538e+00
4.999142612174907185e+01,3.099712387280210812e+00
5.001143183766790656e+01,2.549425957891122252e+00
5.003143755358674127e+01,2.251744206865665454e+00
5.005144326950557598e+01,2.277052561835799072e+00
5.007144898542441069e+01,1.910216692630225754e+00
5.009145470134324540e+01,2.749170337747542270e+00
5.011146041726208011e+01,2.031009931660328949e+00
5.013146613318090772e+01,2.172071074972803828e+00
5.015147184909974243e+01,1.998129194435369849e+00
5.017147756501857714e+01,2.037262480169954593e+00
5.019148328093741185e+01,1.824880037149634759e+00
5.021148899685624656e+01,2.347532448764786839e+00
5.023149471277508127e+01,2.086137555898806006e+00
5.025150042869391598e+01,2.144030598324081716e+00
5.027150614461275069e+01,1.210194184367826109e+00
5.029151186053158540e+01,1.434583718771732297e+00
5.031151757645042011e+01,2.362987786691979952e+00
5.033152329236924771e+01,1.660763809878554209e+00
5.035152900828808242e+01,1.252297370979083002e+00
5.037153472420691713e+01,2.184199055395700029e+00
5.039154044012575184e+01,2.501948888317786945e+00
5.041154615604458655e+01,1.568800870765795663e+00
5.043155187196342126e+01,1.376180529134173991e+00
5.045155758788225597e+01,1.469201623779837096e+00
5.047156330380109068e+01,1.563938618387090251e+00
5.049156901971992539e+01,1.743297655358831300e+00
5.051157473563875300e+01,1.342159679912381387e+00
5.053158045155758771e+01,1.333247796013846243e+00
5.055158616747642242e+01,2.207234249208203991e+00
5.057159188339525713e+01,1.549411004373796308e+00
5.059159759931409184e+01,2.230315346020209866e+00
5.061160331523292655e+01,7.002913891150966963e-01
5.063160903115176126e+01,1.600581305900677265e+00
5.065161474707059597e+01,1.678764091621928856e+00
5.067162046298943068e+01,1.983428439996840931e+00
5.069162617890825828e+01,1.878288882116443848e+00
5.071163189482709299e+01,1.245551100558283553e+00
5.073163761074592770e+01,1.415430097131594955e+00
5.075164332666476241e+01,2.174119398645065981e+00
5.077164904258359712e+01,1.582038072355629099e+00
5.079165475850243183e+01,1.970620465781240060e+00
5.081166047442126654e+01,1.343255787880304641e+00
5.083166619034010125e+01,2.009346523686819985e+00
5.085167190625893596e+01,1.634670675499870551e+00
5.087167762217777067e+01,1.945013133652511161e+00
5.089168333809659828e+01,2.528493325880449838e+00
5.091168905401543299e+01,1.833532321850951829e+00
5.093169476993426770e+01,2.584306806481793117e+00
5.095170048585310241e+01,2.498430049658545649e+00
5.097170620177193712e+01,2.985748814711024046e+00
5.099171191769077183e+01,2.168126617596367378e+00
5.101171763360960654e+01,2.241872471704864367e+00
5.103172334952844125e+01,2.024700253982925524e+00
5.105172906544727596e+01,2.728455623798784480e+00
5.107173478136610356e+01,3.445308654642454727e+00
5.109174049728493827e+01,2.474572627269616909e+00
5.111174621320377298e+01,3.126969270201699125e+00
5.113175192912260769e+01,3.928269998266414209e+00
5.115175764504144240e+01,4.137480979064232400e+00
5.117176336096027711e+01,3.695576747459717648e+00
5.119176907687911182e+01,4.743229468306141783e+00
5.121177479279794653e+01,4.529702274701833176e+00
5.123178050871678124e+01,4.670015813047673880e+00
5.125178622463561595e+01,4.836371174869742440e+00
5.127179194055444356e+01,5.539709307722436193e+00
5.129179765647327827e+01,4.731175105802178926e+00
5.131180337239211298e+01,5.696376725920478279e+00
5.133180908831094769e+01,5.658075648873238883e+00
5.135181480422978240e+01,6.712644259424111581e+00
5.137182052014861711e+01,6.156910851614186164e+00
5.139182623606745182e+01,6.198061359995826081e+00
5.141183195198628653e+01,7.575169142280417489e+00
5.143183766790512124e+01,7.753897462332830948e+00
5.145184338382394884e+01,8.505297968974604217e+00
5.147184909974278355e+01,8.486083132550298558e+00
5.149185481566161826e+01,8.324038157085684730e+00
5.151186053158045297e+01,8.659051109980390848e+00
5.153186624749928768e+01,9.673257410232212195e+00
5.155187196341812239e+01,9.775321691400254309e+00
5.157187767933695710e+01,9.558876229703916039e+00
5.159188339525579181e+01,9.363163737993540181e+00
5.161188911117462652e+01,8.957802400814030008e+00
5.163189482709345413e+01,8.439716891721323222e+00
5.165190054301228884e+01,8.325457883209006482e+00
5.167190625893112355e+01,7.839388293920095840e+00
5.169191197484995826e+01,7.055505467071255588e+00
5.171191769076879297e+01,6.219578125611382902e+00
5.173192340668762768e+01,6.543540707532969236e+00
5.175192912260646239e+01,4.944953614632631833e+00
5.177193483852529710e+01,4.410611975351554470e+00
5.179194055444413181e+01,3.501098188723236415e+00
5.181194627036296652e+01,3.948308078306751234e+00
5.183195198628179412e+01,3.428425343461859232e+00
5.185195770220062883e+01,2.774307697938711570e+00
5.187196341811946354e+01,2.119568869646069942e+00
5.189196913403829825e+01,2.295227598085418652e+00
5.191197484995713296e+01,2.100868122121259507e+00
5.193198056587596767e+01,2.259883570831788369e+00
5.195198628179480238e+01,1.362731730572331879e+00
5.197199199771363709e+01,2.115052313670507722e+00
5.199199771363247180e+01,1.542808127802475227e+00
5.201200342955129940e+01,1.700564301755480567e+00
5.203200914547013411e+01,1.338664333301398557e+00
5.205201486138896882e+01,7.800020695633005374e-01
5.207202057730780353e+01,1.065364636435223833e+00
5.209202629322663824e+01,2.443852646658558836e+00
5.211203200914547295e+01,1.294958440077282225e+00
5.213203772506430766e+01,1.254328989619627688e+00
5.215204344098314237e+01,1.730299741065277619e+00
5.217204915690197708e+01,1.803251536976517855e+00
5.219205487282081180e+01,1.781848144921075239e+00
5.221206058873963940e+01,1.935784890955857040e+00
5.223206630465847411e+01,1.028025312108030498e+00
5.225207202057730882e+01,1.796763713421419606e+00
5.227207773649614353e+01,1.910157736936282991e+00
5.229208345241497824e+01,1.202103633150162887e+00
5.231208916833381295e+01,2.229216834651504886e+00
5.233209488425264766e+01,2.404921159794048080e+00
5.235210060017148237e+01,2.692575535384524876e+00
5.237210631609031708e+01,1.313738245067518129e+00
5.239211203200914468e+01,2.799503167667675818e+00
5.241211774792797939e+01,2.406470888766560456e+00
5.243212346384681410e+01,2.352361559876849473e+00
5.245212917976564881e+01,2.883777889611285339e+00
5.247213489568448352e+01,3.129611065104230594e+00
5.249214061160331823e+01,2.334509300556901312e+00
5.251214632752215294e+01,3.013381071814827727e+00
5.253215204344098765e+01,3.146867868222381404e+00
5.255215775935982236e+01,2.822339106415738375e+00
5.257216347527864997e+01,4.415542277618834888e+00
5.259216919119748468e+01,3.511288554154554653e+00
5.261217490711631939e+01,3.674555671606300589e+00
5.263218062303515410e+01,4.325966760761657426e+00
5.265218633895398881e+01,3.342538273860122366e+00
5.267219205487282352e+01,3.724209140325515310e+00
5.269219777079165823e+01,3.831671953681716758e+00
5.271220348671049294e+01,3.247650232897815403e+00
5.273220920262932765e+01,4.085378586476165808e+00
5.275221491854816236e+01,3.414538787578801582e+00
5.277222063446698996e+01,2.714087664026084923e+00
5.279222635038582467e+01,3.119587391359040396e+00
5.281223206630465938e+01,3.316054173318887077e+00
5.283223778222349409e+01,2.467835632639485688e+00
5.285224349814232880e+01,2.358413633661330167e+00
5.287224921406116351e+01,1.588223631735421471e+00
5.289225492997999822e+01,1.162694941048094899e+00
5.291226064589883293e+01,1.831331185257880412e+00
5.293226636181766764e+01,2.288191843560442251e+00
5.295227207773649525e+01,2.224195792533150140e+00
5.297227779365532996e+01,1.876872212635250836e+00
5.299228350957416467e+01,2.242245164281716718e+00
5.301228922549299938e+01,1.862098838019488944e+00
5.303229494141183409e+01,1.877304105543548651e+00
5.305230065733066880e+01,1.203562454896434986e+00
5.307230637324950351e+01,1.337015231624826495e+00
5.309231208916833822e+01,1.466810459196764116e+00
5.311231780508717293e+01,1.793820634478575649e+00
5.313232352100600764e+01,2.156873164199092141e+00
5.315232923692483524e+01,2.137026549117003960e+00
5.317233495284366995e+01,2.204849337597314829e+00
5.319234066876250466e+01,2.115674156998430089e+00
5.321234638468133937e+01,2.126059992502296492e+00
5.323235210060017408e+01,2.250964331812984387e+00
5.325235781651900879e+01,2.386152378265307128e+00
5.327236353243784350e+01,2.437518978877923459e+00
5.329236924835667821e+01,2.428272682700089558e+00
5.331237496427551292e+01,2.071087308481553535e+00
5.333238068019434053e+01,2.211703945606757760e+00
5.335238639611317524e+01,2.409731421953795749e+00
5.337239211203200995e+01,2.268007897409575868e+00
5.339239782795084466e+01,2.007994525335883296e+00
5.341240354386967937e+01,2.205406500085545396e+00
5.343240925978851408e+01,2.336489506827090334e+00
5.345241497570734879e+01,2.654414412435606607e+00
5.347242069162618350e+01,1.510878882690902980e+00
5.349242640754501821e+01,1.606472803432036578e+00
5.351243212346384581e+01,2.008734331441862864e+00
5.353243783938268052e+01,1.261384062669276718e+00
5.355244355530151523e+01,1.793463991524059775e+00
5.357244927122034994e+01,1.637343043346332516e+00
5.359245498713918465e+01,2.024771413001094977e+00
5.361246070305801936e+01,1.679873183058953057e+00
5.363246641897685407e+01,9.779552404150054778e-01
5.365247213489568878e+01,1.284116004622397833e+00
5.367247785081452349e+01,1.490730320995993452e+00
5.369248356673335820e+01,2.295586121077348274e+00
5.371248928265218581e+01,1.971680491840595240e+00
5.373249499857102052e+01,1.455994268413185466e+00
5.375250071448985523e+01,1.929190787996007295e+00
5.377250643040868994e+01,2.025695281978677986e+00
5.379251214632752465e+01,2.215763984811652154e+00
5.381251786224635936e+01,1.493098354441252384e+00
5.383252357816519407e+01,1.725973532502951935e+00
5.385252929408402878e+01,2.396545114711909896e+00
5.387253501000286349e+01,1.759461593324529449e+00
5.389254072592169109e+01,2.119289921038662872e+00
5.391254644184052580e+01,2.718237378610052435e+00
5.393255215775936051e+01,1.686620919739769242e+00
5.395255787367819522e+01,1.562899087772159801e+00
5.397256358959702993e+01,1.567003389799633384e+00
5.399256930551586464e+01,1.386281351627277170e+00
5.401257502143469935e+01,2.213620654093591433e+00
5.403258073735353406e+01,2.372466072386735902e+00
5.405258645327236877e+01,1.840338149008688973e+00
5.407259216919120348e+01,1.251967224328837780e+00
5.409259788511003109e+01,2.391401254657410380e+00
5.411260360102886580e+01,1.876937144596250384e+00
5.413260931694770051e+01,2.580453036332362338e+00
5.415261503286653522e+01,1.765578385326938449e+00
5.417262074878536993e+01,1.727576190978205029e+00
5.419262646470420464e+01,1.479250197406885681e+00
5.421263218062303935e+01,1.286971068733727241e+00
5.423263789654187406e+01,1.683588398857067236e+00
5.425264361246070877e+01,1.022587935382587077e+00
5.427264932837953637e+01,1.059426767678383952e+00
5.429265504429837108e+01,1.530799538499526768e+00
5.431266076021720579e+01,1.421399288900065061e+00
5.433266647613604050e+01,1.203852732106327261e+00
5.435267219205487521e+01,1.747747376854158929e+00
5.437267790797370992e+01,1.813063571781682537e+00
5.439268362389254463e+01,2.064143516731995920e+00
5.441268933981137934e+01,1.934306411360934730e+00
5.443269505573021405e+01,1.720934884505554097e+00
5.445270077164904166e+01,2.415748521923593906e+00
5.447270648756787637e+01,2.364632218187592283e+00
5.449271220348671108e+01,2.401115565832383503e+00
5.451271791940554579e+01,2.967274272763815723e+00
5.453272363532438050e+01,2.683468539676565179e+00
5.455272935124321521e+01,3.284555343941677030e+00
5.457273506716204992e+01,3.425611181195289845e+00
5.459274078308088463e+01,3.612210915121485399e+00
5.461274649899971934e+01,3.313085085711884759e+00
5.463275221491855405e+01,3.659830170933879856e+00
5.465275793083738165e+01,3.020233008676630693e+00
5.467276364675621636e+01,3.388621268081943860e+00
5.469276936267505107e+01,3.813376438683314884e+00
5.471277507859388578e+01,4.512194763446032653e+00
5.473278079451272049e+01,3.044689794574821473e+00
5.475278651043155520e+01,3.959346522531289381e+00
5.477279222635038991e+01,3.424577369589099529e+00
5.479279794226922462e+01,2.852972974439566212e+00
5.481280365818805933e+01,3.143280850567292894e+00
5.483280937410688693e+01,2.674452781003975321e+00
5.485281509002572164e+01,2.501813152600874002e+00
5.487282080594455635e+01,2.827168864557917161e+00
5.489282652186339106e+01,2.035937118758321063e+00
5.491283223778222577e+01,2.031386519909256005e+00
5.493283795370106048e+01,2.410075474870002843e+00
5.495284366961989519e+01,1.226933063528540480e+00
5.497284938553872990e+01,9.836084682581823779e-01
5.499285510145756461e+01,1.648073967085729175e+00
5.501286081737639222e+01,1.348883523426004594e+00
5.503286653329522693e+01,1.375637080437395188e+00
5.505287224921406164e+01,1.531186719919013672e+00
5.507287796513289635e+01,1.893264093851103613e+00
5.509288368105173106e+01,1.558712786402670858e+00
5.511288939697056577e+01,7.069179445802168393e-01
5.513289511288940048e+01,7.491502225245055824e-01
5.515290082880823519e+01,1.471737651852780493e+00
5.517290654472706990e+01,1.605043039965420526e+00
5.519291226064590461e+01,9.733940778540773886e-01
5.521291797656473221e+01,1.888690243689122195e+00
5.523292369248356692e+01,1.729401512772600569e+00
5.525292940840240163e+01,1.238636303283522366e+00
5.527293512432123634e+01,1.489306789259075448e+00
5.529294084024007105e+01,1.540349289732608096e+00
5.531294655615890576e+01,1.696163786343164670e+00
5.533295227207774047e+01,1.099482816948490704e+00
5.535295798799657518e+01,2.018728530293190104e+00
5.537296370391540989e+01,8.870827413167410302e-01
5.539296941983423750e+01,1.425897565215705765e+00
5.541297513575307221e+01,8.492876083675262588e-01
5.543298085167190692e+01,1.662223389778519689e+00
5.545298656759074163e+01,1.890192788118644440e+00
5.547299228350957634e+01,2.076366198048060774e+00
5.549299799942841105e+01,1.340974534427258558e+00
5.551300371534724576e+01,1.026928463105301503e+00
5.553300943126608047e+01,1.508079880077542345e+00
5.555301514718491518e+01,1.403928773870174451e+00
5.557302086310374989e+01,1.830251069591678714e+00
5.559302657902257749e+01,2.139213972948979858e+00
5.561303229494141220e+01,1.533359046679202198e+00
5.563303801086024691e+01,8.369398172557018789e-01
5.565304372677908162e+01,8.620033701594247422e-01
5.567304944269791633e+01,1.896766531610835305e+00
5.569305515861675104e+01,2.127206773583588451e+00
5.571306087453558575e+01,1.607351622222281673e+00
5.573306659045442046e+01,1.603922956341402806e+00
5.575307230637325517e+01,1.764130352234108967e+00
5.577307802229208278e+01,1.263734487781122962e+00
5.579308373821091749e+01,1.106944485989674209e+00
5.581308945412975220e+01,2.323052071461531920e+00
5.583309517004858691e+01,1.541316274035386735e+00
5.585310088596742162e+01,1.803000883805349730e+00
5.587310660188625633e+01,1.880120734143166716e+00
5.589311231780509104e+01,5.586691170200754897e-01
5.591311803372392575e+01,1.226786243938548182e+00
5.593312374964276046e+01,1.141989768837480712e+00
5.595312946556158806e+01,1.087606172124107484e+00
5.597313518148042277e+01,1.792497396376239394e+00
5.599314089739925748e+01,1.731813083142829779e+00
5.601314661331809219e+01,1.678958622203840623e+00
5.603315232923692690e+01,1.617770733962138774e+00
5.605315804515576161e+01,1.487808791319415569e+00
5.607316376107459632e+01,2.109463312779074506e+00
5.609316947699343103e+01,1.332403962521426344e+00
5.611317519291226574e+01,2.355683703783419514e+00
5.613318090883110045e+01,1.639426168871298550e+00
5.615318662474992806e+01,1.221332172958811357e+00
5.617319234066876277e+01,1.802066927693030784e+00
5.619319805658759748e+01,7.342997402647751803e-01
5.621320377250643219e+01,1.745883313547173632e+00
5.623320948842526690e+01,7.712794591125511356e-01
5.625321520434410161e+01,1.647615772054477512e+00
5.627322092026293632e+01,1.495454233119790644e+00
5.629322663618177103e+01,2.042584540138836058e+00
5.631323235210060574e+01,1.182263606058502114e+00
5.633323806801943334e+01,1.069257390140729180e+00
5.635324378393826805e+01,1.784445131615761237e+00
5.637324949985710276e+01,1.587446976359460749e+00
5.639325521577593747e+01,1.438850353224929712e+00
5.641326093169477218e+01,1.683381233850975489e+00
5.643326664761360689e+01,1.131756345016701637e+00
5.645327236353244160e+01,1.461094583108686562e+00
5.647327807945127631e+01,7.167578511271166519e-01
5.649328379537011102e+01,1.549425730055072226e+00
5.651328951128894573e+01,1.172480738914274623e+00
5.653329522720777334e+01,1.204604361188543749e+00
5.655330094312660805e+01,1.335890954168329259e+00
5.657330665904544276e+01,8.643485741175279680e-01
5.659331237496427747e+01,8.599778952805688936e-01
5.661331809088311218e+01,1.317851360392226834e+00
5.663332380680194689e+01,1.267851357604710127e+00
5.665332952272078160e+01,9.746269407888004110e-01
5.667333523863961631e+01,1.060494384831666803e+00
5.669334095455845102e+01,8.236585747852972483e-01
5.671334667047727862e+01,1.281708839293906443e+00
5.673335238639611333e+01,9.693497332809670741e-01
5.675335810231494804e+01,9.026078032838273923e-01
5.677336381823378275e+01,9.090967108349021775e-01
5.679336953415261746e+01,5.756063627250390669e-01
5.681337525007145217e+01,9.714395962519515315e-01
5.683338096599028688e+01,1.132628702210443983e+00
5.685338668190912159e+01,1.588316071508884431e+00
5.687339239782795630e+01,1.147973096837573648e+00
5.689339811374678391e+01,8.892533961774011786e-01
5.691340382966561862e+01,1.164623297275787950e+00
5.693340954558445333e+01,1.294208993584875289e+00
5.695341526150328804e+01,1.487921327890840750e+00
5.697342097742212275e+01,8.858464720368683931e-01
5.699342669334095746e+01,6.298158173330039578e-01
5.701343240925979217e+01,1.296841612888743223e+00
5.703343812517862688e+01,1.410266846772079141e+00
5.705344384109746159e+01,4.967590991045570670e-01
5.707344955701629630e+01,1.280087026472402023e+00
5.709345527293512390e+01,2.132357274803882152e+00
5.711346098885395861e+01,1.647763002148896483e+00
5.713346670477279332e+01,2.262890830638100148e+00
5.715347242069162803e+01,1.208365668518456948e+00
5.717347813661046274e+01,8.588391013035258093e-01
5.719348385252929745e+01,1.408386538838250157e+00
5.721348956844813216e+01,1.472649703331044613e+00
5.723349528436696687e+01,1.988824948567544881e+00
5.725350100028580158e+01,2.059439172108531224e+00
5.727350671620462919e+01,1.394270752252716461e+00
5.729351243212346390e+01,1.163513896485223409e+00
5.731351814804229861e+01,1.695493765584267010e+00
5.733352386396113332e+01,2.065349369255714773e+00
5.735352957987996803e+01,1.881966737312162907e+00
5.737353529579880274e+01,2.303006691524444260e+00
5.739354101171763745e+01,2.598025023941813672e+00
5.741354672763647216e+01,3.116940023463577347e+00
5.743355244355530687e+01,2.141787840530939846e+00
5.745355815947414158e+01,3.376692800840356501e+00
5.747356387539296918e+01,2.550436370987632095e+00
5.749356959131180389e+01,3.723214339815729801e+00
5.751357530723063860e+01,2.697075069588429130e+00
5.753358102314947331e+01,3.337524655605090818e+00
5.755358673906830802e+01,3.714514750908276319e+00
5.757359245498714273e+01,3.239405515297260951e+00
5.759359817090597744e+01,3.322786576504396905e+00
5.761360388682481215e+01,2.816031983396812599e+00
5.763360960274364686e+01,3.152682171116217624e+00
5.765361531866247446e+01,3.397972319689504417e+00
5.767362103458130917e+01,3.396790044467382863e+00
5.769362675050014388e+01,2.716223758523709897e+00
5.771363246641897859e+01,2.515199525189914187e+00
5.773363818233781330e+01,3.168501239291575011e+00
5.775364389825664801e+01,2.481937060145700258e+00
5.777364961417548272e+01,2.777334356322916253e+00
5.779365533009431743e+01,2.599382702719877258e+00
5.781366104601315214e+01,3.093665591698399719e+00
5.783366676193197975e+01,2.867292057485794299e+00
5.785367247785081446e+01,3.629222596979554627e+00
5.787367819376964917e+01,3.052646690554468911e+00
5.789368390968848388e+01,3.960828614593936869e+00
5.791368962560731859e+01,4.178490385880352598e+00
5.793369534152615330e+01,4.908966273006501346e+00
5.795370105744498801e+01,5.561771124811251354e+00
5.797370677336382272e+01,6.362811411904682579e+00
5.799371248928265743e+01,7.720442655350434613e+00
5.801371820520149214e+01,8.748178081136408935e+00
5.803372392112031974e+01,9.343725125551376465e+00
5.805372963703915445e+01,1.006541310366833386e+01
5.807373535295798916e+01,1.144808876186185742e+01
5.809374106887682387e+01,1.249514727704910300e+01
5.811374678479565858e+01,1.301635469556799407e+01
5.813375250071449329e+01,1.348737537568222145e+01
5.815375821663332800e+01,1.405132112185601301e+01
5.817376393255216271e+01,1.531930919524992696e+01
5.819376964847099742e+01,1.477271280163894041e+01
5.821377536438982503e+01,1.482092941278776266e+01
5.823378108030865974e+01,1.473986149818500735e+01
5.825378679622749445e+01,1.511299677653382290e+01
5.827379251214632916e+01,1.325713233201397934e+01
5.829379822806516387e+01,1.214878182903620818e+01
5.831380394398399858e+01,1.187298197214070328e+01
5.833380965990283329e+01,1.052617777626069717e+01
5.835381537582166800e+01,9.704947918661771311e+00
5.837382109174050271e+01,8.518921888765252248e+00
5.839382680765933742e+01,7.425442106811353860e+00
5.841383252357816502e+01,5.747737509381510179e+00
5.843383823949699973e+01,5.664854831270654145e+00
5.845384395541583444e+01,4.866855527467659037e+00
5.847384967133466915e+01,4.522769086222276691e+00
5.849385538725350386e+01,4.146939290858500549e+00
5.851386110317233857e+01,3.284884192237351286e+00
5.853386681909117328e+01,4.149883708149305406e+00
5.855387253501000799e+01,3.317794006549645847e+00
5.857387825092884270e+01,3.351913005919815003e+00
5.859388396684767031e+01,3.457058372496601528e+00
5.861388968276650502e+01,3.428632601997203544e+00
5.863389539868533973e+01,3.224464665570395017e+00
5.865390111460417444e+01,2.725363054649179606e+00
5.867390683052300915e+01,2.822500948973237556e+00
5.869391254644184386e+01,2.087401707345544200e+00
5.871391826236067857e+01,3.121459195011753618e+00
5.873392397827951328e+01,2.617101963276592613e+00
5.875392969419834799e+01,3.161897800323840713e+00
5.877393541011717559e+01,2.670429327579563417e+00
5.879394112603601030e+01,2.124285243354299357e+00
5.881394684195484501e+01,2.343367520067256127e+00
5.883395255787367972e+01,1.973953211407154074e+00
5.885395827379251443e+01,2.484418196706290605e+00
5.887396398971134914e+01,1.556897320506197335e+00
5.889396970563018385e+01,1.876756270600700605e+00
5.891397542154901856e+01,1.948197405671003635e+00
5.893398113746785327e+01,1.865471293329261870e+00
5.895398685338668798e+01,1.052380592422893280e+00
5.897399256930551559e+01,1.856769123142782973e+00
5.899399828522435030e+01,2.012408785822038748e+00
5.901400400114318501e+01,2.270760835798339983e+00
5.903400971706201972e+01,1.318712122569493328e+00
5.905401543298085443e+01,7.803702402844419073e-01
5.907402114889968914e+01,1.718659664630064920e+00
5.909402686481852385e+01,1.235497146628063092e+00
5.911403258073735856e+01,9.572928924175054810e-01
5.913403829665619327e+01,1.469193314323067767e+00
5.915404401257502087e+01,2.061103348114566636e+00
5.917404972849385558e+01,9.207433903743513781e-01
5.919405544441269029e+01,1.276235127067459008e+00
5.921406116033152500e+01,1.136450336953333196e+00
5.923406687625035971e+01,1.384559853254334172e+00
5.925407259216919442e+01,1.939091254682650201e+00
5.927407830808802913e+01,2.474809327915894475e+00
5.929408402400686384e+01,2.135067872981940784e+00
5.931408973992569855e+01,2.463300511822448691e+00
5.933409545584453326e+01,1.822224139758554795e+00
5.935410117176336087e+01,2.131233464624366025e+00
5.937410688768219558e+01,2.159130059957805603e+00
5.939411260360103029e+01,2.467423617898305110e+00
5.941411831951986500e+01,3.055844632665020377e+00
5.943412403543869971e+01,2.284857087349402072e+00
5.945412975135753442e+01,3.437276182345246234e+00
5.947413546727636913e+01,3.760468149537801619e+00
5.949414118319520384e+01,3.292078477638473721e+00
5.951414689911403855e+01,3.744495682045513973e+00
5.953415261503286615e+01,4.012973610383516743e+00
5.955415833095170086e+01,4.597247815110639735e+00
5.957416404687053557e+01,4.387310441156287766e+00
5.959416976278937028e+01,4.443089494957703778e+00
5.961417547870820499e+01,5.974566936634078118e+00
5.963418119462703970e+01,5.987042984080650498e+00
5.965418691054587441e+01,5.838290729518887723e+00
5.967419262646470912e+01,6.280399580762149547e+00
5.969419834238354383e+01,5.924361601115152531e+00
5.971420405830237144e+01,6.104329462461594247e+00
5.973420977422120615e+01,5.805486313763090322e+00
5.975421549014004086e+01,5.483994679924813376e+00
5.977422120605887557e+01,5.875825170001079734e+00
5.979422692197771028e+01,5.471257714580757714e+00
5.981423263789654499e+01,5.562097964581157683e+00
5.983423835381537970e+01,5.333905435938084416e+00
5.985424406973421441e+01,4.485088073852090851e+00
5.987424978565304912e+01,5.089128039946587023e+00
5.989425550157188383e+01,3.789056140985477938e+00
5.991426121749071143e+01,5.051266911883208977e+00
5.993426693340954614e+01,4.720764894951234858e+00
5.995427264932838085e+01,3.939223583925103966e+00
5.997427836524721556e+01,4.833036985311882638e+00
5.999428408116605027e+01,5.283350698800783007e+00
6.001428979708488498e+01,5.484479109881975845e+00
6.003429551300371969e+01,5.957098180638052298e+00
6.005430122892255440e+01,6.317505404558050763e+00
6.007430694484138911e+01,6.756144943532272684e+00
6.009431266076021672e+01,7.680108381884302560e+00
6.011431837667905143e+01,7.407057927875560388e+00
6.013432409259788614e+01,7.733350756778566648e+00
6.015432980851672085e+01,8.377455026906227786e+00
6.017433552443555556e+01,8.908935352399296903e+00
6.019434124035439027e+01,8.535010876892242138e+00
6.021434695627322498e+01,8.280059554543848677e+00
6.023435267219205969e+01,7.698298316473574765e+00
6.025435838811089440e+01,8.353067118417676795e+00
6.027436410402972911e+01,7.719438393888154337e+00
6.029436981994855671e+01,7.635026972030001247e+00
6.031437553586739142e+01,6.939540199118849451e+00
6.033438125178622613e+01,6.027311301213380546e+00
6.035438696770506084e+01,5.812916103127730771e+00
6.037439268362389555e+01,5.342951908508255521e+00
6.039439839954273026e+01,5.222309467305865205e+00
6.041440411546156497e+01,4.118965541697130028e+00
6.043440983138039968e+01,3.945401017009237954e+00
6.045441554729923439e+01,3.766087568265510832e+00
6.047442126321806199e+01,3.182129555062028992e+00
6.049442697913689670e+01,3.094549674536505979e+00
6.051443269505573141e+01,3.192978968990677124e+00
6.053443841097456612e+01,2.772552382678301619e+00
6.055444412689340083e+01,3.681291522687746287e+00
6.057444984281223554e+01,3.248874333611848186e+00
6.059445555873107025e+01,2.399590628652319424e+00
6.061446127464990496e+01,2.898088428296996089e+00
6.063446699056873967e+01,3.461669304349550558e+00
6.065447270648756728e+01,3.487501701116544339e+00
6.067447842240640199e+01,3.388415087923727143e+00
6.069448413832523670e+01,3.404517887395650089e+00
6.071448985424407141e+01,2.494750449720934959e+00
6.073449557016290612e+01,3.533748199130844370e+00
6.075450128608174083e+01,2.496062853428866468e+00
6.077450700200057554e+01,3.074296464790280403e+00
6.079451271791941025e+01,3.429915070732655558e+00
6.081451843383824496e+01,3.515160423126542533e+00
6.083452414975707967e+01,3.940807394468981428e+00
6.085452986567590727e+01,3.871946632064122262e+00
6.087453558159474198e+01,3.868323864127560796e+00
6.089454129751357669e+01,4.225672828437527784e+00
6.091454701343241140e+01,5.507580084039265245e+00
6.093455272935124611e+01,5.440910237518230552e+00
6.095455844527008082e+01,5.988510281580545325e+00
6.097456416118891553e+01,6.901420319567076689e+00
6.099456987710775024e+01,7.518591023071445889e+00
6.101457559302658495e+01,9.285860330685244080e+00
6.103458130894541256e+01,1.000627955903820343e+01
6.105458702486424727e+01,1.111223697756921069e+01
6.107459274078308198e+01,1.130934504062268786e+01
6.109459845670191669e+01,1.332347770273212895e+01
6.111460417262075140e+01,1.354060129780357613e+01
6.113460988853958611e+01,1.439595353488172691e+01
6.115461560445842082e+01,1.494719497564692468e+01
6.117462132037725553e+01,1.504700307395837200e+01
6.119462703629609024e+01,1.575815562822242200e+01
6.121463275221492495e+01,1.669613973299263421e+01
6.123463846813375255e+01,1.601243083008364110e+01
6.125464418405258726e+01,1.663575197663241667e+01
6.127464989997142197e+01,1.646530761892794459e+01
6.129465561589025668e+01,1.625202982636615090e+01
6.131466133180909139e+01,1.758328387196735676e+01
6.133466704772792610e+01,1.784233774134889217e+01
6.135467276364676081e+01,1.706273196566509043e+01
6.137467847956559552e+01,1.828065700426630258e+01
6.139468419548443023e+01,1.865397955197330404e+01
6.141468991140325784e+01,1.918168861548256388e+01
6.143469562732209255e+01,2.169926550670992427e+01
6.145470134324092726e+01,2.126166640908053296e+01
6.147470705915976197e+01,2.252661239643228797e+01
6.149471277507859668e+01,2.325415147458906517e+01
6.151471849099743139e+01,2.376847436728888141e+01
6.153472420691626610e+01,2.393753676173113831e+01
6.155472992283510081e+01,2.410288115896080186e+01
6.157473563875393552e+01,2.340985752920530416e+01
6.159474135467276312e+01,2.253391032264377714e+01
6.161474707059159783e+01,2.134655936371498086e+01
6.163475278651043254e+01,2.146537956653578760e+01
6.165475850242926725e+01,1.902235829966022251e+01
6.167476421834810196e+01,1.798293404164508758e+01
6.169476993426693667e+01,1.688034238533130349e+01
6.171477565018577138e+01,1.518761500261862452e+01
6.173478136610460609e+01,1.440097240086376829e+01
6.175478708202344080e+01,1.377172321362613872e+01
6.177479279794227551e+01,1.278164475517203513e+01
6.179479851386110312e+01,1.157085145518545666e+01
6.181480422977993783e+01,1.175679383851446147e+01
6.183480994569877254e+01,1.142810245219352616e+01
6.185481566161760725e+01,1.093172570396512278e+01
6.187482137753644196e+01,1.078708155977787086e+01
6.189482709345527667e+01,1.087060537532037152e+01
6.191483280937411138e+01,9.833964903662053558e+00
6.193483852529294609e+01,9.705095640043291283e+00
6.195484424121178080e+01,9.667077519185042433e+00
6.197484995713060840e+01,1.009677455656025558e+01
6.199485567304944311e+01,1.047162686992157177e+01
6.201486138896827782e+01,1.048009411404725455e+01
6.203486710488711253e+01,1.050294286720982129e+01
6.205487282080594724e+01,1.071160788263513908e+01
6.207487853672478195e+01,1.036073825428601936e+01
6.209488425264361666e+01,1.064523084227748129e+01
6.211488996856245137e+01,1.046288589906227706e+01
6.213489568448128608e+01,1.025760626596050074e+01
6.215490140040011369e+01,1.059976030373979583e+01
6.217490711631894840e+01,9.414903426155541766e+00
6.219491283223778311e+01,1.022197917224845298e+01
6.221491854815661782e+01,9.410312471973039550e+00
6.223492426407545253e+01,1.006438260167491805e+01
6.225492997999428724e+01,9.192636165844767504e+00
6.227493569591312195e+01,9.090433937610512771e+00
6.229494141183195666e+01,9.059155819585445357e+00
6.231494712775079137e+01,9.548786103872515696e+00
6.233495284366962608e+01,8.683841670993514228e+00
6.235495855958845368e+01,9.300070108013855474e+00
6.237496427550728839e+01,9.315620962472646482e+00
6.239496999142612310e+01,8.251307197280148387e+00
6.241497570734495781e+01,8.206256979144741948e+00
6.243498142326379252e+01,8.427598367946949054e+00
6.245498713918262723e+01,7.638089334895354909e+00
6.247499285510146194e+01,8.461738685231663837e+00
6.249499857102029665e+01,8.484401145998331728e+00
6.251500428693913136e+01,7.852484699532532808e+00
6.253501000285795897e+01,8.807052294695489891e+00
6.255501571877679368e+01,8.699593817101504811e+00
6.257502143469562839e+01,9.380561590262203708e+00
6.259502715061446310e+01,1.023031887437349319e+01
6.261503286653329781e+01,9.958507092054428966e+00
6.263503858245213252e+01,1.206120511048045785e+01
6.265504429837096723e+01,1.128500327902800038e+01
6.267505001428980194e+01,1.188975148586573027e+01
6.269505573020863665e+01,1.271783110301482900e+01
6.271506144612747136e+01,1.316911557219523665e+01
6.273506716204629896e+01,1.351917865409598107e+01
6.275507287796513367e+01,1.354048919294933206e+01
6.277507859388396838e+01,1.405128600947662498e+01
6.279508430980280309e+01,1.360638908361790556e+01
6.281509002572163780e+01,1.279083751024872839e+01
6.283509574164047251e+01,1.190968420353727453e+01
6.285510145755930722e+01,1.036884089731402980e+01
6.287510717347814193e+01,1.027865266520332987e+01
6.289511288939697664e+01,9.227898332865159148e+00
6.291511860531580425e+01,8.486075471113672108e+00
6.293512432123463896e+01,7.536600184299858007e+00
6.295513003715347367e+01,6.383403440656964634e+00
6.297513575307230838e+01,6.373790954364935146e+00
6.299514146899114309e+01,4.957390852582401308e+00
6.301514718490997780e+01,4.608989927475914961e+00
6.303515290082881251e+01,3.607125284378567720e+00
6.305515861674764722e+01,3.495007882068342120e+00
6.307516433266648193e+01,3.249747244428662363e+00
6.309517004858530953e+01,3.637904599264464522e+00
6.311517576450414424e+01,2.696813769517139470e+00
6.313518148042297895e+01,3.141560073436683531e+00
6.315518719634181366e+01,2.619800615458209414e+00
6.317519291226064837e+01,2.266781063014658315e+00
6.319519862817948308e+01,2.172370381165231734e+00
6.321520434409831779e+01,1.789024868890392250e+00
6.323521006001715250e+01,2.352416608054539005e+00
6.325521577593598721e+01,2.308865126032499937e+00
6.327522149185482192e+01,1.308226994941753318e+00
6.329522720777364952e+01,2.381255631693242947e+00
6.331523292369248423e+01,1.761579257594685144e+00
6.333523863961131894e+01,1.682813777554506895e+00
6.335524435553015365e+01,2.262689600211387209e+00
6.337525007144898836e+01,1.885609428231938445e+00
6.339525578736782307e+01,1.893738631621521229e+00
6.341526150328665778e+01,1.465833661515154374e+00
6.343526721920549249e+01,2.508015242957307045e+00
6.345527293512432720e+01,2.056124795747609646e+00
6.347527865104315481e+01,1.445435046235918675e+00
6.349528436696198952e+01,1.349225979839820733e+00
6.351529008288082423e+01,1.647063192886966121e+00
6.353529579879965894e+01,1.472927399584402552e+00
6.355530151471849365e+01,1.745003548171865093e+00
6.357530723063732836e+01,9.314918881476472734e-01
6.359531294655616307e+01,2.111685800044893035e+00
6.361531866247499778e+01,8.455816651306273801e-01
6.363532437839383249e+01,1.741342280116970453e+00
6.365533009431266720e+01,1.972519538136857875e+00
6.367533581023149480e+01,9.433913048775974808e-01
6.369534152615032951e+01,1.136716755635129639e+00
6.371534724206916422e+01,1.999933420107936177e+00
6.373535295798799893e+01,1.581130442374190093e+00
6.375535867390683364e+01,1.326464894066400557e+00
6.377536438982566835e+01,1.607557977625367007e+00
6.379537010574450306e+01,1.671426414752741563e+00
6.381537582166333777e+01,9.233512894868354248e-01
6.383538153758217248e+01,1.956209809420083934e+00
6.385538725350100009e+01,1.657200017337606024e+00
6.387539296941983480e+01,2.036133278065780594e+00
6.389539868533866951e+01,2.079511634322557256e+00
6.391540440125750422e+01,2.411843219074968125e+00
6.393541011717633893e+01,2.635557566658328188e+00
6.395541583309517364e+01,2.574025332976173530e+00
6.397542154901400835e+01,2.074087855186754759e+00
6.399542726493284306e+01,2.729102113869531721e+00
6.401543298085167066e+01,3.220477654219789709e+00
6.403543869677051248e+01,3.575433469134237985e+00
6.405544441268934008e+01,3.116123235938688563e+00
6.407545012860816769e+01,2.860892892948936339e+00
6.409545584452700950e+01,2.792184799383436555e+00
6.411546156044585132e+01,2.796584356026141638e+00
6.413546727636467892e+01,2.954748049645260277e+00
6.415547299228350653e+01,3.447554343094831442e+00
6.417547870820234834e+01,2.593561399670432088e+00
6.419548442412119016e+01,1.685601117508434221e+00
6.421549014004001776e+01,1.439693727046651439e+00
6.423549585595884537e+01,2.554736643384149630e+00
6.425550157187768718e+01,2.228277086936564899e+00
6.427550728779651479e+01,2.080189748025071061e+00
6.429551300371534239e+01,1.910238003338715407e+00
6.431551871963418421e+01,2.372951214221322047e+00
6.433552443555302602e+01,1.746401875057771447e+00
6.435553015147185363e+01,1.277679290791331024e+00
6.437553586739068123e+01,1.688299817079231158e+00
6.439554158330952305e+01,1.493483313892241870e+00
6.441554729922835065e+01,2.113212597403367532e+00
6.443555301514717826e+01,1.274503834916807188e+00
6.445555873106602007e+01,1.326676827802934389e+00
6.447556444698486189e+01,1.724646399620742176e+00
6.449557016290368949e+01,2.481430306833336097e+00
6.451557587882251710e+01,1.487714707619494980e+00
6.453558159474135891e+01,1.421996720265089165e+00
6.455558731066020073e+01,9.498578442927489984e-01
6.457559302657902833e+01,1.560091130135957460e+00
6.459559874249785594e+01,1.892415372059502499e+00
6.461560445841669775e+01,2.094905904049479073e+00
6.463561017433552536e+01,1.224285865406419482e+00
6.465561589025435296e+01,2.007038816356957245e+00
6.467562160617319478e+01,2.370812499648494942e+00
6.469562732209203659e+01,2.162453213754314874e+00
6.471563303801086420e+01,2.758106368357182703e+00
6.473563875392969180e+01,2.136867875649331339e+00
6.475564446984853362e+01,2.118060833962549072e+00
6.477565018576737543e+01,1.707590391991453460e+00
6.479565590168618883e+01,1.934209210039889104e+00
6.481566161760503064e+01,3.010806787200773993e+00
6.483566733352387246e+01,2.632950391266322576e+00
6.485567304944270006e+01,2.736017035454358037e+00
6.487567876536152767e+01,2.290027997945106364e+00
6.489568448128036948e+01,2.307554187842556725e+00
6.491569019719921130e+01,2.146434732088766673e+00
6.493569591311803890e+01,1.333706419110882724e+00
6.495570162903686651e+01,8.719858490062013523e-01
6.497570734495570832e+01,1.987636387930729054e+00
6.499571306087453593e+01,1.280152992476396356e+00
6.501571877679336353e+01,2.145801683925323111e+00
6.503572449271220535e+01,1.478531397834403904e+00
6.505573020863104716e+01,2.072344642467792042e+00
6.507573592454987477e+01,1.571792584257588832e+00
6.509574164046870237e+01,1.663943570705077590e+00
6.511574735638754419e+01,1.381706012283399732e+00
6.513575307230638600e+01,1.427434354385552995e+00
6.515575878822521361e+01,6.610791482080888848e-01
6.517576450414404121e+01,1.174452887346664642e+00
6.519577022006288303e+01,1.702931403383725950e+00
6.521577593598171063e+01,1.060421351767816267e+00
6.523578165190053824e+01,1.605885527042564043e+00
6.525578736781938005e+01,2.089607896720172775e+00
6.527579308373822187e+01,1.716929713562560744e+00
6.529579879965704947e+01,2.060098541291995211e+00
6.531580451557587708e+01,1.276725302755075564e+00
6.533581023149471889e+01,1.285242850480158516e+00
6.535581594741354650e+01,1.672737145073085241e+00
6.537582166333237410e+01,1.400800495355507325e+00
6.539582737925121592e+01,1.195828043257083362e+00
6.541583309517005773e+01,1.253647288304917229e+00
6.543583881108888534e+01,7.874164065022997150e-01
6.545584452700771294e+01,9.714365347457658562e-01
6.547585024292655476e+01,1.601929693765490992e+00
6.549585595884539657e+01,1.646981571354381391e+00
6.551586167476422418e+01,1.427760903199974507e+00
6.553586739068305178e+01,1.331751650790078401e+00
6.555587310660189360e+01,1.579104681917137709e+00
6.557587882252072120e+01,1.209826669378076813e+00
6.559588453843954881e+01,5.980452668801062854e-01
6.561589025435839062e+01,1.177046954519441524e+00
6.563589597027723244e+01,1.057113090610648953e+00
6.565590168619606004e+01,3.521010601686292985e-01
6.567590740211488765e+01,8.449565773805383095e-01
6.569591311803372946e+01,1.608793472375518618e+00
6.571591883395257128e+01,8.796518126526426951e-01
6.573592454987138467e+01,1.987721316026275886e+00
6.575593026579022649e+01,1.375354312127262002e+00
6.577593598170906830e+01,1.447680112340171910e+00
6.579594169762789591e+01,1.107589443189059164e+00
6.581594741354672351e+01,1.532887048411810671e+00
6.583595312946556533e+01,1.054034186318653310e+00
6.585595884538440714e+01,5.050069858674018919e-01
6.587596456130323475e+01,1.160503301639758789e+00
6.589597027722206235e+01,1.203983164432763653e+00
6.591597599314090417e+01,1.214268967610762306e+00
6.593598170905973177e+01,1.379349835373481215e+00
6.595598742497855937e+01,7.185583468611199676e-01
6.597599314089740119e+01,1.512827401603945132e+00
6.599599885681624301e+01,1.350535781411928538e+00
6.601600457273507061e+01,1.284318358891092249e+00
6.603601028865389821e+01,6.414690654082166876e-01
6.605601600457274003e+01,1.788664411317350655e+00
6.607602172049158185e+01,1.670457847160990106e+00
6.609602743641040945e+01,1.448859619293334511e+00
6.611603315232923705e+01,1.674304656546072412e+00
6.613603886824807887e+01,1.996422466932485928e+00
6.615604458416690647e+01,1.350206146476462532e+00
6.617605030008573408e+01,1.820939824004873309e+00
6.619605601600457589e+01,1.156780731217943892e+00
6.621606173192341771e+01,1.074192753818653090e+00
6.623606744784224531e+01,9.464766753682722911e-01
6.625607316376107292e+01,1.450658941076564235e+00
6.627607887967991473e+01,1.260208288278866329e+00
6.629608459559874234e+01,2.072850786497251185e+00
6.631609031151756994e+01,1.662785356775131840e+00
6.633609602743641176e+01,1.014248621774554771e+00
6.635610174335525357e+01,1.143382415032892840e+00
6.637610745927408118e+01,2.291509191947020518e+00
6.639611317519290878e+01,1.262059464671155595e+00
6.641611889111175060e+01,1.047261874024791872e+00
6.643612460703059241e+01,2.138252673206654020e+00
6.645613032294942002e+01,2.025640807767890905e+00
6.647613603886824762e+01,9.873432454554826876e-01
6.649614175478708944e+01,1.394421142199670394e+00
6.651614747070591704e+01,2.461304229255996567e+00
6.653615318662474465e+01,2.170319720576415534e+00
6.655615890254358646e+01,1.931987965218192826e+00
6.657616461846242828e+01,1.846140268574903320e+00
6.659617033438125588e+01,1.070688039631869870e+00
6.661617605030008349e+01,2.349246455760696684e+00
6.663618176621892530e+01,1.732642177903637171e+00
6.665618748213776712e+01,1.620088793507095559e+00
6.667619319805658051e+01,1.696121451280560022e+00
6.669619891397542233e+01,1.859510285349615266e+00
6.671620462989426414e+01,2.312858827116915261e+00
6.673621034581309175e+01,1.187699315801153066e+00
6.675621606173191935e+01,1.782525166404603789e+00
6.677622177765076117e+01,1.693588422633639068e+00
6.679622749356960298e+01,2.037818722844439101e+00
6.681623320948843059e+01,1.977938174599691123e+00
6.683623892540725819e+01,9.320143266761422574e-01
6.685624464132610001e+01,1.848698860288427115e+00
6.687625035724492761e+01,4.693271065329984726e-01
6.689625607316375522e+01,1.123630135174072509e+00
6.691626178908259703e+01,8.328200748027977385e-01
6.693626750500143885e+01,2.065418890888410797e+00
6.695627322092026645e+01,1.252798171573230590e+00
6.697627893683909406e+01,8.685104052992970169e-01
6.699628465275793587e+01,2.083444881692525286e+00
6.701629036867677769e+01,1.716056558455909986e+00
6.703629608459560529e+01,1.613247009556799005e+00
6.705630180051443290e+01,1.512286840629564200e+00
6.707630751643327471e+01,1.591063995728628999e+00
6.709631323235210232e+01,1.687793002742524973e+00
6.711631894827092992e+01,1.533008143689015057e+00
6.713632466418977174e+01,2.216573880973280453e+00
6.715633038010861355e+01,1.736425078116734300e+00
6.717633609602744116e+01,1.675006147057413131e+00
6.719634181194626876e+01,1.217823558030856512e+00
6.721634752786511058e+01,2.131887913632149356e+00
6.723635324378393818e+01,1.933044944297339196e+00
6.725635895970276579e+01,3.569386053201966114e+00
6.727636467562160760e+01,2.980418362102525975e+00
6.729637039154044942e+01,3.895188762500716440e+00
6.731637610745927702e+01,4.509199923142118038e+00
6.733638182337810463e+01,4.277398540108452885e+00
6.735638753929694644e+01,4.538308609872585997e+00
6.737639325521578826e+01,5.520844421316827066e+00
6.739639897113461586e+01,5.917871122676849893e+00
6.741640468705344347e+01,7.245082157253453836e+00
6.743641040297228528e+01,6.912720565911961046e+00
6.745641611889111289e+01,8.156378881579563256e+00
6.747642183480994049e+01,8.223108993436381908e+00
6.749642755072878231e+01,8.660522044998712587e+00
6.751643326664762412e+01,9.621438632376273503e+00
6.753643898256645173e+01,8.860800710904571886e+00
6.755644469848527933e+01,9.526443785235098716e+00
6.757645041440412115e+01,8.540262593630371768e+00
6.759645613032296296e+01,8.236271365686048895e+00
6.761646184624177636e+01,7.835004528776766008e+00
6.763646756216061817e+01,7.745245585043742054e+00
6.765647327807945999e+01,6.380297897298133236e+00
6.767647899399828759e+01,6.730381368601587866e+00
6.769648470991711520e+01,5.941119204034555956e+00
6.771649042583595701e+01,6.316530040002513502e+00
6.773649614175479883e+01,5.515317444097545874e+00
6.775650185767362643e+01,4.393126201975819711e+00
6.777650757359245404e+01,4.567013910588984871e+00
6.779651328951129585e+01,5.305878503170254668e+00
6.781651900543012346e+01,5.134492549959724705e+00
6.783652472134895106e+01,5.320046510404988993e+00
6.785653043726779288e+01,4.685913604849844205e+00
6.787653615318663469e+01,5.014191327472680371e+00
6.789654186910546230e+01,5.203712429386609273e+00
6.791654758502428990e+01,3.758083317465093387e+00
6.793655330094313172e+01,3.811868539701662506e+00
6.795655901686197353e+01,4.702954843265483298e+00
6.797656473278080114e+01,4.727122706962527232e+00
6.799657044869962874e+01,3.539079845246133171e+00
6.801657616461847056e+01,4.276994946053110702e+00
6.803658188053729816e+01,3.486633249286807068e+00
6.805658759645612577e+01,3.180555983016654764e+00
6.807659331237496758e+01,2.544973774449242221e+00
6.809659902829380940e+01,3.039837049025498672e+00
6.811660474421263700e+01,3.097380655354901258e+00
6.813661046013146461e+01,2.266421290145228973e+00
6.815661617605030642e+01,2.980642877938021407e+00
6.817662189196913403e+01,3.292643586688174029e+00
6.819662760788796163e+01,1.887110536920868276e+00
6.821663332380680345e+01,3.195559728581851111e+00
6.823663903972564526e+01,2.176468712039565379e+00
6.825664475564447287e+01,2.921423732934049333e+00
6.827665047156330047e+01,3.257147718741908449e+00
6.829665618748214229e+01,3.684309709930024823e+00
6.831666190340098410e+01,3.994674781226057902e+00
6.833666761931981171e+01,4.777469244149741279e+00
6.835667333523863931e+01,4.626057100651519427e+00
6.837667905115748113e+01,5.123032624127795920e+00
6.839668476707630873e+01,4.952943155116646956e+00
6.841669048299513634e+01,6.069583799787348966e+00
6.843669619891397815e+01,6.049513747714774681e+00
6.845670191483281997e+01,5.804391337890786318e+00
6.847670763075164757e+01,5.613787070453270189e+00
6.849671334667047518e+01,6.368501901863153236e+00
6.851671906258931699e+01,5.447909319454707244e+00
6.853672477850815881e+01,5.493593210091646917e+00
6.855673049442697220e+01,5.137488412834183116e+00
6.857673621034581402e+01,4.674560098646339590e+00
6.859674192626465583e+01,4.397712517508796104e+00
6.861674764218348344e+01,4.504701930169403568e+00
6.863675335810231104e+01,3.893390663493295101e+00
6.865675907402115286e+01,3.827692078652825902e+00
6.867676478993999467e+01,2.777369916739155897e+00
6.869677050585882228e+01,3.374164649495412061e+00
6.871677622177764988e+01,3.319529103706271300e+00
6.873678193769649170e+01,2.649199715435725189e+00
6.875678765361531930e+01,3.179815191868688107e+00
6.877679336953414690e+01,2.432304037812576425e+00
6.879679908545298872e+01,2.389992169971050906e+00
6.881680480137183054e+01,3.055066996456433426e+00
6.883681051729065814e+01,3.674418254029093056e+00
6.885681623320948574e+01,2.679103341641900116e+00
6.887682194912832756e+01,2.581115677865444713e+00
6.889682766504716938e+01,3.324144753304937083e+00
6.891683338096599698e+01,3.670687446012525168e+00
6.893683909688482458e+01,3.700002211407266373e+00
6.895684481280366640e+01,3.222406026720385341e+00
6.897685052872249400e+01,2.790422618017448286e+00
6.899685624464132161e+01,4.103480884084686586e+00
6.901686196056016342e+01,3.112942914051067156e+00
6.903686767647900524e+01,3.077537767235724253e+00
6.905687339239783284e+01,2.921263953323299134e+00
6.907687910831666045e+01,2.866168804661832770e+00
6.909688482423550226e+01,2.483652698044033436e+00
6.911689054015432987e+01,2.692311641063962924e+00
6.913689625607315747e+01,2.656032818753994551e+00
6.915690197199199929e+01,2.080334098735827197e+00
6.917690768791084110e+01,2.527226068958324134e+00
6.919691340382966871e+01,2.098066088395831752e+00
6.921691911974849631e+01,1.921355494382461560e+00
6.923692483566733813e+01,1.574821606763701975e+00
6.925693055158617994e+01,1.524060216676912383e+00
6.927693626750500755e+01,1.378908084827077829e+00
6.929694198342383515e+01,1.633770497380349074e+00
6.931694769934267697e+01,1.209959102334502212e+00
6.933695341526150457e+01,1.207301566820658367e+00
6.935695913118033218e+01,1.489791885809246930e+00
6.937696484709917399e+01,1.709779305983218922e+00
6.939697056301801581e+01,2.110790912020431342e+00
6.941697627893684341e+01,1.379273790395352028e+00
6.943698199485567102e+01,1.424527945244103311e+00
6.945698771077451283e+01,1.248844494663380766e+00
6.947699342669335465e+01,2.544687691331013912e+00
6.949699914261216804e+01,1.836504916373718155e+00
6.951700485853100986e+01,1.598952864776767235e+00
6.953701057444985167e+01,2.178773313576555459e+00
6.955701629036867928e+01,1.753122036370418524e+00
6.957702200628750688e+01,1.407223014478186318e+00
6.959702772220634870e+01,2.225526374498309590e+00
6.961703343812519051e+01,2.189921461920972146e+00
6.963703915404401812e+01,1.882716476747462009e+00
6.965704486996284572e+01,2.783863185697132536e+00
6.967705058588168754e+01,2.620974675906413864e+00
6.969705630180051514e+01,1.968715784086085385e+00
6.971706201771934275e+01,2.198691952972430919e+00
6.973706773363818456e+01,2.403345791017376332e+00
6.975707344955702638e+01,1.922452686242925202e+00
6.977707916547585398e+01,2.207216587269053676e+00
6.979708488139468159e+01,2.214246217047947773e+00
6.981709059731352340e+01,2.091332742708222447e+00
6.983709631323236522e+01,2.045562870380468468e+00
6.985710202915119282e+01,2.046614128033831470e+00
6.987710774507002043e+01,2.458017175489207062e+00
6.989711346098886224e+01,1.611124333224270178e+00
6.991711917690768985e+01,1.727870587407203118e+00
6.993712489282651745e+01,7.946410671035557538e-01
6.995713060874535927e+01,1.662680660389787013e+00
6.997713632466420108e+01,1.560395938038394270e+00
6.999714204058302869e+01,8.820080154449307930e-01
7.001714775650185629e+01,2.276803866401183818e+00
7.003715347242069811e+01,1.051851963343153562e+00
7.005715918833952571e+01,1.136086600457456575e+00
7.007716490425835332e+01,1.326904329103498537e+00
7.009717062017719513e+01,1.354457637774775236e+00
7.011717633609603695e+01,1.375038271634115850e+00
7.013718205201486455e+01,1.419923860594532794e+00
7.015718776793369216e+01,1.223935251403415636e+00
7.017719348385253397e+01,1.736069628327037817e+00
7.019719919977137579e+01,1.235522810798736604e+00
7.021720491569020339e+01,1.154194955020374724e+00
7.023721063160903100e+01,1.033063088226217952e+00
7.025721634752787281e+01,9.766608585492025929e-01
7.027722206344670042e+01,1.164303140838004680e+00
7.029722777936552802e+01,1.191980908687930940e+00
7.031723349528436984e+01,1.537117416158909844e+00
7.033723921120321165e+01,1.183861903351242084e+00
7.035724492712203926e+01,1.105783199550447904e+00
7.037725064304086686e+01,1.512013879492336343e+00
7.039725635895970868e+01,6.701753819980162952e-01
7.041726207487855049e+01,1.318554460273403173e+00
7.043726779079736389e+01,1.462977429066160351e+00
7.045727350671620570e+01,1.556034578178877137e+00
7.047727922263504752e+01,1.442441453381553718e+00
7.049728493855387512e+01,1.547713285473597100e+00
7.051729065447270273e+01,1.620450880780309522e+00
7.053729637039154454e+01,1.112511920451141556e+00
7.055730208631038636e+01,1.571977163309012049e+00
7.057730780222921396e+01,1.592315865300145017e+00
7.059731351814804157e+01,1.934191749247967884e+00
7.061731923406688338e+01,1.658747082287106211e+00
7.063732494998571099e+01,1.729710418847471232e+00
7.065733066590453859e+01,1.330576213578277933e+00
7.067733638182338041e+01,2.015094575797325760e+00
7.069734209774222222e+01,1.126718889154897152e+00
7.071734781366104983e+01,1.195320890178586337e+00
7.073735352957987743e+01,1.453250275209289288e+00
7.075735924549871925e+01,1.743676298516075196e+00
7.077736496141756106e+01,8.766200529404130082e-01
7.079737067733638867e+01,2.457340782564183534e+00
7.081737639325521627e+01,1.216216164015009538e+00
7.083738210917405809e+01,2.593890057859806753e+00
7.085738782509288569e+01,2.047385433334921956e+00
7.087739354101171330e+01,1.542314573858698967e+00
7.089739925693055511e+01,1.256112383214428307e+00
7.091740497284939693e+01,1.185174822759563984e+00
7.093741068876822453e+01,1.657982055843400193e+00
7.095741640468705214e+01,1.450353000070044196e+00
7.097742212060589395e+01,1.992019919033940933e+00
7.099742783652472156e+01,1.999048676088530208e+00
7.101743355244354916e+01,1.940192130803525039e+00
7.103743926836239098e+01,1.426458714940488370e+00
7.105744498428123279e+01,1.473297265737375961e+00
7.107745070020006040e+01,1.716945710063318309e+00
7.109745641611888800e+01,2.036171749485418125e+00
7.111746213203772982e+01,1.396339738444320799e+00
7.113746784795657163e+01,1.849970955931429017e+00
7.115747356387539924e+01,1.224844657735240094e+00
7.117747927979422684e+01,1.394888929307173342e+00
7.119748499571306866e+01,1.553858587034146144e+00
7.121749071163189626e+01,1.541488712399029737e+00
7.123749642755072387e+01,1.488768276478969366e+00
7.125750214346956568e+01,2.208919859061565738e+00
7.127750785938840750e+01,2.562363089324814602e+00
7.129751357530723510e+01,1.820100679632550733e+00
7.131751929122606271e+01,2.454795165343277130e+00
7.133752500714490452e+01,1.714744395448206893e+00
7.135753072306374634e+01,2.073016687575657269e+00
7.137753643898255973e+01,1.962676624616588317e+00
7.139754215490140155e+01,2.823968229759091120e+00
7.141754787082024336e+01,2.793354210922457614e+00
7.143755358673907097e+01,2.310307202346368882e+00
7.145755930265789857e+01,2.958954379785348365e+00
7.147756501857674039e+01,1.587473513344398679e+00
7.149757073449558220e+01,2.492736382249286287e+00
7.151757645041440981e+01,1.522279059909510845e+00
7.153758216633323741e+01,2.007958892927174332e+00
7.155758788225207923e+01,2.719468891884175399e+00
7.157759359817090683e+01,2.786679638985087859e+00
7.159759931408973443e+01,2.017245649078009073e+00
7.161760503000857625e+01,2.663855984380091080e+00
7.163761074592741807e+01,2.268965708580211071e+00
7.165761646184624567e+01,2.426714760713681418e+00
7.167762217776507327e+01,1.879661133220640767e+00
7.169762789368391509e+01,2.252861622986963130e+00
7.171763360960275691e+01,2.041304901632367219e+00
7.173763932552158451e+01,2.425961900330258825e+00
7.175764504144041211e+01,1.740279465401047609e+00
7.177765075735925393e+01,1.501248258795427226e+00
7.179765647327808153e+01,2.633311361864397959e+00
7.181766218919690914e+01,3.143486045008323071e+00
7.183766790511575095e+01,2.573068019172827015e+00
7.185767362103459277e+01,2.100836635722544088e+00
7.187767933695342037e+01,2.376602880280252794e+00
7.189768505287224798e+01,2.123483008874762490e+00
7.191769076879108979e+01,2.401295258486111805e+00
7.193769648470991740e+01,3.010294908363838395e+00
7.195770220062874500e+01,2.926638128318341359e+00
7.197770791654758682e+01,2.813427898652321346e+00
7.199771363246642863e+01,3.148772860954607289e+00
7.201771934838525624e+01,2.715255148312040845e+00
7.203772506430408384e+01,2.637496243256380879e+00
7.205773078022292566e+01,2.652069023973310458e+00
7.207773649614176747e+01,3.367114826458762700e+00
7.209774221206059508e+01,3.603775617443988999e+00
7.211774792797942268e+01,3.735619268610777866e+00
7.213775364389826450e+01,3.960759208578004120e+00
7.215775935981709210e+01,4.325002022560360260e+00
7.217776507573591971e+01,4.510254598738762333e+00
7.219777079165476152e+01,4.443952547070184167e+00
7.221777650757360334e+01,6.219582633118814208e+00
7.223778222349243094e+01,6.211343878641532257e+00
7.225778793941125855e+01,8.362539751322842108e+00
7.227779365533010036e+01,8.443100239879672841e+00
7.229779937124894218e+01,9.390428880272381207e+00
7.231780508716775557e+01,1.076843727288411756e+01
7.233781080308659739e+01,1.058614938924068305e+01
7.235781651900543920e+01,1.155052235098161262e+01
7.237782223492426681e+01,1.210592198076544435e+01
7.239782795084309441e+01,1.224119252927812695e+01
7.241783366676193623e+01,1.210364956616238352e+01
7.243783938268077804e+01,1.167704751653522166e+01
7.245784509859960565e+01,1.147047551535538368e+01
7.247785081451843325e+01,1.116498159826231173e+01
7.249785653043727507e+01,1.014428849967685231e+01
7.251786224635610267e+01,9.469593538195168136e+00
7.253786796227493028e+01,8.137591381883119368e+00
7.255787367819377209e+01,7.389442725406165202e+00
7.257787939411261391e+01,7.447146575045486827e+00
7.259788511003144151e+01,5.915892065011391310e+00
7.261789082595026912e+01,5.160506261569425490e+00
7.263789654186911093e+01,5.247664961296540476e+00
7.265790225778795275e+01,3.618256870824541949e+00
7.267790797370678035e+01,3.830979237360121470e+00
7.269791368962560796e+01,3.134424980504607383e+00
7.271791940554444977e+01,3.684780654101524444e+00
7.273792512146327738e+01,2.930779040898777055e+00
7.275793083738210498e+01,2.818661188946192997e+00
7.277793655330094680e+01,2.578707021432857793e+00
7.279794226921978861e+01,2.993449815443508299e+00
7.281794798513861622e+01,2.041926254367621318e+00
7.283795370105744382e+01,2.338997805663063367e+00
7.285795941697628564e+01,1.831590025189389070e+00
7.287796513289511324e+01,2.751677000840001774e+00
7.289797084881394085e+01,2.514223927559901650e+00
7.291797656473278266e+01,1.684749523662935289e+00
7.293798228065162448e+01,2.026861170831236514e+00
7.295798799657045208e+01,1.708296002239537481e+00
7.297799371248927969e+01,1.471136654373284447e+00
7.299799942840812150e+01,2.435486808900890310e+00
7.301800514432696332e+01,2.040373846622039800e+00
7.303801086024579092e+01,2.182083091810972597e+00
7.305801657616461853e+01,2.052141766599942851e+00
7.307802229208346034e+01,1.351291213662704216e+00
7.309802800800228795e+01,1.562211977018053144e+00
7.311803372392111555e+01,2.535443167590913482e+00
7.313803943983995737e+01,1.471278884653828056e+00
7.315804515575879918e+01,1.808964688742116023e+00
7.317805087167762679e+01,2.841742732677081662e+00
7.319805658759645439e+01,1.643584597076410914e+00
7.321806230351529621e+01,1.414373858832936648e+00
7.323806801943413802e+01,2.206715932686473369e+00
7.325807373535295142e+01,1.864241416248091365e+00
7.327807945127179323e+01,2.414439949013692743e+00
7.329808516719063505e+01,1.717261121214838315e+00
7.331809088310946265e+01,2.123959530093027404e+00
7.333809659902829026e+01,3.022484591534047915e+00
7.335810231494713207e+01,2.780581641610138099e+00
7.337810803086597389e+01,3.256921306692962315e+00
7.339811374678480149e+01,3.067218327162615665e+00
7.341811946270362910e+01,3.429431064171299504e+00
7.343812517862247091e+01,3.344035452935822939e+00
7.345813089454129852e+01,2.949498822561142042e+00
7.347813661046012612e+01,3.706943917298703539e+00
7.349814232637896794e+01,3.340331276025120921e+00
7.351814804229780975e+01,3.499179336200006762e+00
7.353815375821663736e+01,4.120287147445728770e+00
7.355815947413546496e+01,4.140489184015372359e+00
7.357816519005430678e+01,3.912237473881478245e+00
7.359817090597314859e+01,2.795314794114669876e+00
7.361817662189197620e+01,2.636828632428962482e+00
7.363818233781080380e+01,2.349253223039261762e+00
7.365818805372964562e+01,2.662149845457263186e+00
7.367819376964847322e+01,2.050451412317706446e+00
7.369819948556730083e+01,2.269083842647644289e+00
7.371820520148614264e+01,2.500433224493254336e+00
7.373821091740498446e+01,1.481891864994971941e+00
7.375821663332381206e+01,2.798862494473933538e+00
7.377822234924263967e+01,1.900287124973850661e+00
7.379822806516148148e+01,1.588973635428511777e+00
7.381823378108030909e+01,2.294396696543679059e+00
7.383823949699913669e+01,2.343146608870756431e+00
7.385824521291797851e+01,1.833446806491090042e+00
7.387825092883682032e+01,2.319886377685473899e+00
7.389825664475564793e+01,1.811347421664708079e+00
7.391826236067447553e+01,1.664762042283009169e+00
7.393826807659331735e+01,2.386496597465178837e+00
7.395827379251215916e+01,2.664760549405302381e+00
7.397827950843098677e+01,1.651872169183377315e+00
7.399828522434981437e+01,2.666946204067529358e+00
7.401829094026865619e+01,2.350122454249975679e+00
7.403829665618748379e+01,2.721724736686017554e+00
7.405830237210632561e+01,1.644085352121458232e+00
7.407830808802515321e+01,2.079545546760691366e+00
7.409831380394398082e+01,2.263134854868426249e+00
7.411831951986282263e+01,2.707715275188990134e+00
7.413832523578165024e+01,2.252282954420379735e+00
7.415833095170049205e+01,2.954672889103534317e+00
7.417833666761931966e+01,1.765274903850855281e+00
7.419834238353816147e+01,1.920550476435405773e+00
7.421834809945698908e+01,1.462331869942963936e+00
7.423835381537583089e+01,2.080865627320796385e+00
7.425835953129465850e+01,2.427356541871824369e+00
7.427836524721348610e+01,1.954628669786475426e+00
7.429837096313232792e+01,2.383982587933625830e+00
7.431837667905115552e+01,1.726232124824325753e+00
7.433838239496999734e+01,1.241229624125743003e+00
7.435838811088882494e+01,1.681164470791714161e+00
7.437839382680766676e+01,1.104275701418098610e+00
7.439839954272649436e+01,1.773647131226714801e+00
7.441840525864533618e+01,1.609172297459965595e+00
7.443841097456416378e+01,1.495899699312700282e+00
7.445841669048300560e+01,2.199042089015786239e+00
7.447842240640183320e+01,1.299058989551859389e+00
7.449842812232066080e+01,2.379908595702153740e+00
7.451843383823950262e+01,1.859654003579177983e+00
7.453843955415833022e+01,1.227003747171454107e+00
7.455844527007717204e+01,1.374640576529092328e+00
7.457845098599599964e+01,1.556961865581698135e+00
7.459845670191484146e+01,2.474590777033876421e+00
7.461846241783366906e+01,2.334087353211442117e+00
7.463846813375251088e+01,2.403559271094149796e+00
7.465847384967133848e+01,2.712007011660850786e+00
7.467847956559016609e+01,3.152533478068944905e+00
7.469848528150900790e+01,3.467194812118744807e+00
7.471849099742783551e+01,3.856696283867748321e+00
7.473849671334667732e+01,3.439541879174453420e+00
7.475850242926550493e+01,3.906941011752816717e+00
7.477850814518434674e+01,3.283543027187321606e+00
7.479851386110317435e+01,4.647081608879044978e+00
7.481851957702201616e+01,4.870215778259012751e+00
7.483852529294084377e+01,4.606432002677401272e+00
7.485853100885967137e+01,4.732880421574193086e+00
7.487853672477851319e+01,4.235648106317027484e+00
7.489854244069734079e+01,4.807705860574353451e+00
7.491854815661618261e+01,4.193901841247857476e+00
7.493855387253501021e+01,4.207751796677319689e+00
7.495855958845385203e+01,4.140255992935166773e+00
7.497856530437267963e+01,3.077909207695469274e+00
7.499857102029152145e+01,3.390212251104014030e+00
7.501857673621034905e+01,2.781016560733521104e+00
7.503858245212917666e+01,2.859195151286398229e+00
7.505858816804801847e+01,2.918293407495827996e+00
7.507859388396684608e+01,2.201165445156664902e+00
7.509859959988568789e+01,2.450161664924880078e+00
7.511860531580451550e+01,2.537688718241151165e+00
7.513861103172335731e+01,3.021698698056395127e+00
7.515861674764218492e+01,1.935659300901305890e+00
7.517862246356102673e+01,3.032254923631847454e+00
7.519862817947985434e+01,2.381368129679538814e+00
7.521863389539868194e+01,1.967107789238750737e+00
7.523863961131752376e+01,2.200426694488750279e+00
7.525864532723635136e+01,2.065497124202465784e+00
7.527865104315519318e+01,2.401447942182598272e+00
7.529865675907402078e+01,2.967486968919083257e+00
7.531866247499286260e+01,1.850583445773445357e+00
7.533866819091169020e+01,1.857953767400301714e+00
7.535867390683053202e+01,2.310195652303268510e+00
7.537867962274935962e+01,2.906154490291521508e+00
7.539868533866820144e+01,2.349326057130417311e+00
7.541869105458702904e+01,2.870803580470682626e+00
7.543869677050585665e+01,3.141478466318179397e+00
7.545870248642469846e+01,2.877804850609468446e+00
7.547870820234352607e+01,3.248214362811533640e+00
7.549871391826236788e+01,3.651554376023941728e+00
7.551871963418119549e+01,3.568474566305519957e+00
7.553872535010003730e+01,3.388560390149943480e+00
7.555873106601886491e+01,4.158462746311968772e+00
7.557873678193770672e+01,3.845383933914452435e+00
7.559874249785653433e+01,3.409596350795436770e+00
7.561874821377536193e+01,3.601415755181578859e+00
7.563875392969420375e+01,3.199644318024351897e+00
7.565875964561303135e+01,4.360329872157500120e+00
7.567876536153187317e+01,4.293340815620296347e+00
7.569877107745070077e+01,4.351367769002195907e+00
7.571877679336954259e+01,3.993867736092179488e+00
7.573878250928837019e+01,4.739951987086905127e+00
7.575878822520721201e+01,4.226268749028128546e+00
7.577879394112603961e+01,4.100842510980433175e+00
7.579879965704486722e+01,5.013237264390626002e+00
7.581880537296370903e+01,3.540721306084297026e+00
7.583881108888253664e+01,4.549160294559609241e+00
7.585881680480137845e+01,4.377044271370733597e+00
7.587882252072020606e+01,4.220447027708214449e+00
7.589882823663904787e+01,4.059353226657603564e+00
7.591883395255787548e+01,4.526233084411895646e+00
7.593883966847671729e+01,3.760166250053726511e+00
7.595884538439554490e+01,4.130568068791591330e+00
7.597885110031437250e+01,4.675347576253959581e+00
7.599885681623321432e+01,4.021367524687530448e+00
7.601886253215204192e+01,5.165365498411780720e+00
7.603886824807088374e+01,4.504236456174432135e+00
7.605887396398971134e+01,5.063310020280444412e+00
7.607887967990855316e+01,4.740144184434229579e+00
7.609888539582738076e+01,4.467317732097234817e+00
7.611889111174622258e+01,5.522492180621013880e+00
7.613889682766505018e+01,5.074100471797774681e+00
7.615890254358387779e+01,5.121523756743243894e+00
7.617890825950271960e+01,5.372894499042472738e+00
7.619891397542154721e+01,5.591459967299218903e+00
7.621891969134038902e+01,5.107432976119079981e+00
7.623892540725921663e+01,5.400909138719903524e+00
7.625893112317805844e+01,5.732472146760661857e+00
7.627893683909688605e+01,5.254273589891442775e+00
7.629894255501572786e+01,6.302415619926684975e+00
7.631894827093455547e+01,6.047751868148454335e+00
7.633895398685339728e+01,6.395368299707477888e+00
7.635895970277222489e+01,6.257041979303203050e+00
7.637896541869105249e+01,5.681835175605590926e+00
7.639897113460989431e+01,6.150868671543292976e+00
7.641897685052872191e+01,6.005010802265491776e+00
7.643898256644756373e+01,5.669755793054893189e+00
7.645898828236639133e+01,5.998204994194392015e+00
7.647899399828523315e+01,5.340267149418218118e+00
7.649899971420406075e+01,5.312527326914541881e+00
7.651900543012290257e+01,5.810709460284344097e+00
7.653901114604173017e+01,5.307761142720198499e+00
7.655901686196055778e+01,5.606075586876325900e+00
7.657902257787939959e+01,5.202825587799946305e+00
7.659902829379822720e+01,5.098403866732748924e+00
7.661903400971706901e+01,5.449388612868039772e+00
7.663903972563589662e+01,4.447570602981099519e+00
7.665904544155473843e+01,4.643748149043522844e+00
7.667905115747356604e+01,4.467509475008756503e+00
7.669905687339240785e+01,3.945962535707452812e+00
7.671906258931123546e+01,4.086583270902165665e+00
7.673906830523006306e+01,4.814222889721291310e+00
7.675907402114890488e+01,4.038017694479266062e+00
7.677907973706773248e+01,3.405340787660978030e+00
7.679908545298657430e+01,3.923443848094305686e+00
7.681909116890540190e+01,3.731083320000310621e+00
7.683909688482424372e+01,4.197989576383374555e+00
7.685910260074307132e+01,4.715276241165661020e+00
7.687910831666191314e+01,3.517800033277937111e+00
7.689911403258074074e+01,3.511755413745973442e+00
7.691911974849956835e+01,4.048394246394662943e+00
7.693912546441841016e+01,3.972557873067156908e+00
7.695913118033723777e+01,4.220951358701112710e+00
7.697913689625607958e+01,3.573733581654287672e+00
7.699914261217490719e+01,4.208922947793530156e+00
7.701914832809374900e+01,4.211190280657801210e+00
7.703915404401257661e+01,3.859566496288594273e+00
7.705915975993141842e+01,3.927126731538463922e+00
7.707916547585024603e+01,3.937407095496726406e+00
7.709917119176907363e+01,3.917664973938413731e+00
7.711917690768791545e+01,3.618294830118410133e+00
7.713918262360674305e+01,3.308578985225739455e+00
7.715918833952558487e+01,3.991860049460477455e+00
7.717919405544441247e+01,3.582492174139392027e+00
7.719919977136325429e+01,4.503770918537291834e+00
7.721920548728208189e+01,3.670233020403914193e+00
7.723921120320092371e+01,4.185755649462445049e+00
7.725921691911975131e+01,4.297116626524100980e+00
7.727922263503859313e+01,3.229491449885973253e+00
7.729922835095742073e+01,3.696672878626277914e+00
7.731923406687624833e+01,3.608623864834277217e+00
7.733923978279509015e+01,3.375059531351076281e+00
7.735924549871391775e+01,3.355621090207441259e+00
7.737925121463275957e+01,3.033593827905178841e+00
7.739925693055158717e+01,3.894606189157457266e+00
7.741926264647042899e+01,2.897213706999580918e+00
7.743926836238925659e+01,4.608083828610750388e+00
7.745927407830809841e+01,2.846212844342180581e+00
7.747927979422692601e+01,4.181164156972360324e+00
7.749928551014575362e+01,4.177346825860377422e+00
7.751929122606459543e+01,3.432581740375040269e+00
7.753929694198342304e+01,4.054877158390201686e+00
7.755930265790226485e+01,3.558541373135906571e+00
7.757930837382109246e+01,3.877750974750817203e+00
7.759931408973993427e+01,3.281300314268793983e+00
7.761931980565876188e+01,2.974076154187927035e+00
7.763932552157760369e+01,3.754792398114336294e+00
7.765933123749643130e+01,3.396766626429367442e+00
7.767933695341525890e+01,3.829550508856604196e+00
7.769934266933410072e+01,3.825368381973649257e+00
7.771934838525292832e+01,3.281357877550628910e+00
7.773935410117177014e+01,3.436044488477436598e+00
7.775935981709059774e+01,2.713206981715261978e+00
7.777936553300943956e+01,2.716778675695196821e+00
7.779937124892826716e+01,3.324704222308868307e+00
7.781937696484710898e+01,2.711120857250458371e+00
7.783938268076593658e+01,3.286067481847220861e+00
7.785938839668476419e+01,2.820379559373352496e+00
7.787939411260360600e+01,2.056368918809348578e+00
7.789939982852243361e+01,2.055673581351245449e+00
7.791940554444127542e+01,2.317180671285616445e+00
7.793941126036010303e+01,2.348024298513861741e+00
7.795941697627894484e+01,2.470764988467508250e+00
7.797942269219777245e+01,2.015351069928475347e+00
7.799942840811661426e+01,2.885090811492735163e+00
7.801943412403544187e+01,2.454850647966498212e+00
7.803943983995426947e+01,2.716655605290522413e+00
7.805944555587311129e+01,3.148801576989483930e+00
7.807945127179193889e+01,2.865017943745431506e+00
7.809945698771078071e+01,1.742900120721660340e+00
7.811946270362960831e+01,1.428356585711332949e+00
7.813946841954845013e+01,2.263273612698775583e+00
7.815947413546727773e+01,1.633461055992509348e+00
7.817947985138611955e+01,2.732110439642188027e+00
7.819948556730494715e+01,1.926820511963793559e+00
7.821949128322378897e+01,1.870352888349901876e+00
7.823949699914261657e+01,2.233232341668905718e+00
7.825950271506144418e+01,2.172586835225265300e+00
7.827950843098028599e+01,2.264579669136922213e+00
7.829951414689911360e+01,1.990350907038990869e+00
7.831951986281795541e+01,1.908907929678649307e+00
7.833952557873678302e+01,1.472020919876682044e+00
7.835953129465562483e+01,2.394095600994892159e+00
7.837953701057445244e+01,1.481950088707199020e+00
7.839954272649329425e+01,2.304079412755139167e+00
7.841954844241212186e+01,1.713641667239533817e+00
7.843955415833094946e+01,1.587512154623782701e+00
7.845955987424979128e+01,1.734485000248332742e+00
7.847956559016861888e+01,1.645872408556626976e+00
7.849957130608746070e+01,2.065852765210192121e+00
7.851957702200628830e+01,2.004683553783393357e+00
7.853958273792513012e+01,2.106034926196365120e+00
7.855958845384395772e+01,2.504015849234254354e+00
7.857959416976279954e+01,1.952864325037121374e+00
7.859959988568162714e+01,1.572886642600203722e+00
7.861960560160045475e+01,1.879259881330017867e+00
7.863961131751929656e+01,1.555246365028130517e+00
7.865961703343812417e+01,1.859816907078237103e+00
7.867962274935696598e+01,2.485464684600304786e+00
7.869962846527579359e+01,1.486953046076964879e+00
7.871963418119463540e+01,1.616611828026344178e+00
7.873963989711346301e+01,1.697821549570309507e+00
7.875964561303230482e+01,2.682133874056096712e+00
7.877965132895113243e+01,1.802044481081215510e+00
7.879965704486996003e+01,2.057938342791362896e+00
7.881966276078880185e+01,2.924158725092695921e+00
7.883966847670762945e+01,2.123768767703804183e+00
7.885967419262647127e+01,2.224723642144808444e+00
7.887967990854529887e+01,2.753188986364503599e+00
7.889968562446414069e+01,2.980541806848223008e+00
7.891969134038296829e+01,3.436379573061250081e+00
7.893969705630181011e+01,3.141641434990703363e+00
7.895970277222063771e+01,2.909683271265818938e+00
7.897970848813946532e+01,4.241755459084358471e+00
7.899971420405830713e+01,4.237599711532944013e+00
7.901971991997713474e+01,4.141202150333967325e+00
7.903972563589597655e+01,3.939516488138848693e+00
7.905973135181480416e+01,5.225103361247596112e+00
7.907973706773364597e+01,4.482379354587388676e+00
7.909974278365247358e+01,4.629351217490535575e+00
7.911974849957131539e+01,5.214668613979924316e+00
7.913975421549014300e+01,4.799533197674458407e+00
7.915975993140898481e+01,4.932949896221481723e+00
7.917976564732781242e+01,4.686112479707675860e+00
7.919977136324664002e+01,4.474021563048496297e+00
7.921977707916548184e+01,4.788031971369719031e+00
7.923978279508430944e+01,4.331444486206526889e+00
7.925978851100315126e+01,4.782689025519724524e+00
7.927979422692197886e+01,4.492978672083298264e+00
7.929979994284082068e+01,3.811416806509752675e+00
7.931980565875964828e+01,3.999949335751113555e+00
7.933981137467849010e+01,3.877523635208191877e+00
7.935981709059731770e+01,4.455393176667244326e+00
7.937982280651614531e+01,4.425161124442171356e+00
7.939982852243498712e+01,4.323769019104000577e+00
7.941983423835381473e+01,2.979777727563524437e+00
7.943983995427265654e+01,3.271455896261334484e+00
7.945984567019148415e+01,4.024295420268193091e+00
7.947985138611032596e+01,3.008178783396648015e+00
7.949985710202915357e+01,3.120307968255069841e+00
7.951986281794799538e+01,3.590379209120151405e+00
7.953986853386682299e+01,3.441273713955321334e+00
7.955987424978565059e+01,3.657491743885452617e+00
7.957987996570449241e+01,3.690215890521434172e+00
7.959988568162332001e+01,2.391809680193189180e+00
7.961989139754216183e+01,3.397278597718898396e+00
7.963989711346098943e+01,2.764327686321029987e+00
7.965990282937983125e+01,3.389878072106386586e+00
7.967990854529865885e+01,3.156585190178593958e+00
7.969991426121750067e+01,2.801141893889390388e+00
7.971991997713632827e+01,2.099540271009821435e+00
7.973992569305515588e+01,1.903680825694141099e+00
7.975993140897399769e+01,2.936744629821129049e+00
7.977993712489282530e+01,2.243387252128639098e+00
7.979994284081166711e+01,2.185244180055990526e+00
7.981994855673049472e+01,2.532715237764051164e+00
7.983995427264933653e+01,2.003244216347997764e+00
7.985995998856816414e+01,2.768168335741460151e+00
7.987996570448700595e+01,1.548453803755631686e+00
7.989997142040583356e+01,2.204612598244900745e+00
7.991997713632466116e+01,2.027101062695117140e+00
7.993998285224350298e+01,2.525573233789702776e+00
7.995998856816233058e+01,1.519773732307543312e+00
7.997999428408117240e+01,2.125623583003096506e+00
8.000000000000000000e+01,2.684884396105425286e-01
