angle,intensity
1.000000000000000000e+01,3.367552741957108520e+00
1.002000571591883471e+01,3.424569265124967288e+00
1.004001143183766764e+01,3.035747304593527041e+00
1.006001714775650235e+01,3.402096051108764119e+00
1.008002286367533529e+01,2.875479088146878581e+00
1.010002857959417000e+01,3.804383653687842592e+00
1.012003429551300293e+01,3.173879008343899688e+00
1.014004001143183764e+01,3.393173320930449322e+00
1.016004572735067235e+01,2.713701636041052634e+00
1.018005144326950528e+01,3.026541222325089819e+00
1.020005715918833999e+01,3.069846174695486152e+00
1.022006287510717293e+01,3.844782317913185921e+00
1.024006859102600764e+01,2.985266571830340165e+00
1.026007430694484057e+01,2.938416674739044332e+00
1.028008002286367528e+01,4.201392492189623518e+00
1.030008573878250999e+01,3.400226919193809927e+00
1.032009145470134293e+01,3.083544753538104199e+00
1.034009717062017764e+01,3.303547016069173559e+00
1.036010288653901057e+01,3.000836197152704443e+00
1.038010860245784528e+01,3.411096794937584331e+00
1.040011431837667999e+01,2.817120486034667248e+00
1.042012003429551292e+01,3.345658508426751609e+00
1.044012575021434763e+01,3.997655339308444411e+00
1.046013146613318057e+01,3.193799049482554775e+00
1.048013718205201528e+01,3.569307036470246608e+00
1.050014289797084821e+01,3.211596555515481732e+00
1.052014861388968292e+01,3.031465049893921737e+00
1.054015432980851585e+01,3.224955178125050281e+00
1.056016004572735056e+01,4.149309612572759320e+00
1.058016576164618527e+01,3.047781719048625604e+00
1.060017147756501821e+01,3.857215447385640594e+00
1.062017719348385292e+01,3.701310798124905155e+00
1.064018290940268585e+01,4.114071894829875120e+00
1.066018862532152056e+01,3.900890653516049245e+00
1.068019434124035527e+01,2.708479256128510482e+00
1.070020005715918820e+01,4.092427882738583378e+00
1.072020577307802292e+01,3.351271612237120667e+00
1.074021148899685585e+01,3.842758226696323387e+00
1.076021720491569056e+01,3.640801416276414848e+00
1.078022292083452349e+01,4.005715793449516227e+00
1.080022863675335820e+01,3.781398007481160839e+00
1.082023435267219291e+01,2.943134593990424541e+00
1.084024006859102585e+01,3.327453410745764728e+00
1.086024578450986056e+01,4.201459231534164118e+00
1.088025150042869349e+01,3.437057264731794515e+00
1.090025721634752820e+01,3.267728577280430979e+00
1.092026293226636113e+01,4.280191059994701952e+00
1.094026864818519584e+01,3.956841938858913998e+00
1.096027436410403055e+01,2.646759030559045378e+00
1.098028008002286349e+01,3.719266120590015046e+00
1.100028579594169820e+01,3.588915442174733350e+00
1.102029151186053113e+01,3.722055441833421519e+00
1.104029722777936584e+01,3.478651027881613622e+00
1.106030294369819877e+01,3.861076637280286938e+00
1.108030865961703348e+01,2.773566411658054065e+00
1.110031437553586819e+01,3.757510874476915674e+00
1.112032009145470113e+01,3.502973077776317723e+00
1.114032580737353584e+01,3.018413606568252749e+00
1.116033152329236877e+01,3.603518922570323912e+00
1.118033723921120348e+01,3.008735490548676061e+00
1.120034295513003642e+01,2.709283666973278493e+00
1.122034867104887113e+01,3.601842136051180976e+00
1.124035438696770584e+01,3.555206623188209569e+00
1.126036010288653877e+01,3.232140287971082770e+00
1.128036581880537348e+01,2.919434392235591424e+00
1.130037153472420641e+01,3.052765631272151836e+00
1.132037725064304112e+01,3.557977343047802776e+00
1.134038296656187583e+01,4.025137925366419900e+00
1.136038868248070877e+01,3.310453800371500499e+00
1.138039439839954348e+01,3.131872464548784318e+00
1.140040011431837641e+01,2.911652622903361021e+00
1.142040583023721112e+01,3.305545679546980420e+00
1.144041154615604405e+01,3.495878899489677671e+00
1.146041726207487876e+01,4.322273784235092009e+00
1.148042297799371170e+01,3.724929222282332031e+00
1.150042869391254641e+01,3.925172329702083296e+00
1.152043440983138112e+01,3.375184417128657799e+00
1.154044012575021405e+01,3.666706213250968904e+00
1.156044584166904876e+01,3.722759681745753113e+00
1.158045155758788169e+01,3.677039633288580855e+00
1.160045727350671640e+01,3.596338027772247425e+00
1.162046298942555111e+01,3.463113970918328288e+00
1.164046870534438405e+01,4.220590156121267533e+00
1.166047442126321876e+01,3.204600594786930046e+00
1.168048013718205169e+01,3.136847034442753035e+00
1.170048585310088640e+01,3.611813803508121978e+00
1.172049156901971934e+01,3.130911627156963473e+00
1.174049728493855405e+01,3.772580298980209523e+00
1.176050300085738698e+01,3.474940603922275884e+00
1.178050871677622169e+01,3.019031934291708019e+00
1.180051443269505640e+01,3.842433480230007969e+00
1.182052014861388933e+01,3.007696305262861358e+00
1.184052586453272404e+01,3.306326312047231042e+00
1.186053158045155698e+01,3.411494981260997594e+00
1.188053729637039169e+01,3.538857490493835911e+00
1.190054301228922640e+01,4.362916023365352558e+00
1.192054872820805933e+01,4.137005511258544210e+00
1.194055444412689404e+01,3.789232336364686482e+00
1.196056016004572697e+01,3.506151425083023021e+00
1.198056587596456168e+01,3.015952874662442440e+00
1.200057159188339639e+01,3.081005761080958472e+00
1.202057730780222933e+01,3.679744804624188959e+00
1.204058302372106226e+01,3.867807737684037406e+00
1.206058873963989697e+01,3.579807623697033314e+00
1.208059445555873168e+01,2.971007703350398099e+00
1.210060017147756461e+01,3.145139380081781066e+00
1.212060588739639932e+01,3.289111411888243186e+00
1.214061160331523226e+01,2.617597494581985540e+00
1.216061731923406697e+01,3.629069039655117290e+00
1.218062303515290168e+01,3.226841960478942006e+00
1.220062875107173461e+01,3.072471851871138693e+00
1.222063446699056932e+01,4.132748297923054537e+00
1.224064018290940226e+01,2.728759588160219351e+00
1.226064589882823697e+01,4.197895501333327672e+00
1.228065161474707168e+01,3.482333978708717304e+00
1.230065733066590461e+01,2.780699373956719178e+00
1.232066304658473754e+01,3.624006205278645698e+00
1.234066876250357225e+01,3.380519798933391939e+00
1.236067447842240696e+01,4.049857192852130972e+00
1.238068019434123990e+01,4.228123141894400305e+00
1.240068591026007461e+01,4.018506316273308343e+00
1.242069162617890754e+01,3.513805666981363540e+00
1.244069734209774225e+01,4.168700938365899944e+00
1.246070305801657696e+01,2.743387791481491700e+00
1.248070877393540989e+01,3.615838855868787061e+00
1.250071448985424460e+01,3.014735133244921261e+00
1.252072020577307754e+01,3.305648252321187197e+00
1.254072592169191225e+01,3.980578507104303831e+00
1.256073163761074696e+01,3.327496413460764302e+00
1.258073735352957989e+01,3.524160714783294068e+00
1.260074306944841460e+01,2.861135944569836553e+00
1.262074878536724754e+01,3.385001121549169323e+00
1.264075450128608225e+01,3.684320841356480525e+00
1.266076021720491518e+01,3.161781362299191489e+00
1.268076593312374989e+01,3.881253119445727151e+00
1.270077164904258282e+01,3.461909163067780071e+00
1.272077736496141753e+01,3.451799064578578324e+00
1.274078308088025224e+01,3.838656478087125290e+00
1.276078879679908518e+01,3.551334399636997929e+00
1.278079451271791989e+01,3.782030057892330710e+00
1.280080022863675282e+01,3.585254685248860262e+00
1.282080594455558753e+01,3.408215185430721217e+00
1.284081166047442224e+01,3.737825622272259452e+00
1.286081737639325517e+01,3.046130155059886047e+00
1.288082309231208988e+01,3.282801035758792008e+00
1.290082880823092282e+01,3.326264978106757919e+00
1.292083452414975753e+01,3.397660694678639626e+00
1.294084024006859224e+01,3.522559134088700361e+00
1.296084595598742517e+01,4.108577945456794112e+00
1.298085167190625810e+01,3.436226636255125033e+00
1.300085738782509281e+01,3.565775651181469996e+00
1.302086310374392752e+01,3.741719950149070328e+00
1.304086881966276046e+01,3.310097101365968797e+00
1.306087453558159517e+01,3.192978771284562090e+00
1.308088025150042810e+01,3.455940237036259077e+00
1.310088596741926281e+01,3.090047515524857680e+00
1.312089168333809752e+01,2.742393710139729990e+00
1.314089739925693046e+01,3.403937402383568678e+00
1.316090311517576517e+01,3.782097185270248296e+00
1.318090883109459810e+01,4.369043637594913321e+00
1.320091454701343281e+01,3.739561736210454068e+00
1.322092026293226752e+01,2.995475982710884111e+00
1.324092597885110045e+01,3.226462545672852400e+00
1.326093169476993339e+01,3.523084904437951081e+00
1.328093741068876810e+01,3.676099921128509251e+00
1.330094312660760281e+01,2.974987937571360597e+00
1.332094884252643574e+01,2.910197416099011392e+00
1.334095455844527045e+01,2.862156980258805827e+00
1.336096027436410338e+01,3.996157985405242030e+00
1.338096599028293809e+01,3.691199304134377801e+00
1.340097170620177280e+01,3.642204471105689567e+00
1.342097742212060574e+01,3.816882095396386898e+00
1.344098313803944045e+01,3.281068117175488297e+00
1.346098885395827338e+01,3.701385380564527594e+00
1.348099456987710809e+01,4.356068961151461139e+00
1.350100028579594280e+01,3.419341621583519064e+00
1.352100600171477573e+01,3.758452247809893176e+00
1.354101171763361044e+01,3.102826635554879697e+00
1.356101743355244338e+01,4.013162500016797196e+00
1.358102314947127809e+01,4.298457618020844251e+00
1.360102886539011102e+01,3.669885849327231497e+00
1.362103458130894573e+01,3.820338070978424483e+00
1.364104029722777867e+01,3.587496986405821264e+00
1.366104601314661338e+01,4.435791244019201329e+00
1.368105172906544809e+01,3.983465155462293517e+00
1.370105744498428102e+01,3.360498864456733958e+00
1.372106316090311573e+01,4.107326424775999740e+00
1.374106887682194866e+01,4.367880747622748139e+00
1.376107459274078337e+01,3.483485245166173527e+00
1.378108030865961808e+01,4.585708798617851301e+00
1.380108602457845102e+01,3.765760330433938208e+00
1.382109174049728573e+01,3.916662654101236818e+00
1.384109745641611866e+01,4.206290859095378920e+00
1.386110317233495337e+01,4.317121350198851459e+00
1.388110888825378808e+01,4.089686683930169764e+00
1.390111460417262101e+01,4.305074131626736467e+00
1.392112032009145395e+01,3.807523691280466416e+00
1.394112603601028866e+01,4.095313361780960726e+00
1.396113175192912337e+01,4.085980735704712430e+00
1.398113746784795630e+01,4.622292647149602196e+00
1.400114318376679101e+01,4.705016546303824043e+00
1.402114889968562395e+01,5.276584731450013166e+00
1.404115461560445866e+01,4.320312834226518461e+00
1.406116033152329337e+01,5.163284444393910988e+00
1.408116604744212630e+01,5.148282877437003968e+00
1.410117176336095923e+01,5.308129799320026265e+00
1.412117747927979394e+01,4.816229733014327330e+00
1.414118319519862865e+01,4.384268528469665860e+00
1.416118891111746336e+01,4.447833110110054555e+00
1.418119462703629630e+01,5.575958121622278441e+00
1.420120034295512923e+01,5.038154006446442956e+00
1.422120605887396394e+01,5.500236604913053995e+00
1.424121177479279865e+01,5.382408858491581682e+00
1.426121749071163336e+01,6.051115492179161670e+00
1.428122320663046629e+01,4.866510298453994743e+00
1.430122892254929923e+01,6.166585692636518345e+00
1.432123463846813394e+01,5.162700984895692180e+00
1.434124035438696865e+01,5.631820921693734050e+00
1.436124607030580158e+01,5.702728468996006050e+00
1.438125178622463629e+01,6.353524112229377963e+00
1.440125750214346922e+01,5.982272442131904455e+00
1.442126321806230393e+01,5.506629861512888802e+00
1.444126893398113864e+01,6.601523033936986806e+00
1.446127464989997158e+01,5.950912621505469069e+00
1.448128036581880451e+01,5.962223031037006571e+00
1.450128608173763922e+01,7.019246453879837588e+00
1.452129179765647393e+01,6.342793446758602016e+00
1.454129751357530864e+01,6.821996474939775013e+00
1.456130322949414158e+01,6.823762252334859113e+00
1.458130894541297451e+01,6.430182700159481790e+00
1.460131466133180922e+01,7.800306806369787793e+00
1.462132037725064393e+01,7.893643946120178612e+00
1.464132609316947686e+01,7.936633609784294663e+00
1.466133180908831157e+01,7.500188407927476320e+00
1.468133752500714451e+01,7.974707565785376318e+00
1.470134324092597922e+01,8.039232776222142718e+00
1.472134895684481393e+01,8.100221247346732767e+00
1.474135467276364686e+01,8.168946033746149027e+00
1.476136038868247979e+01,8.657691518621453142e+00
1.478136610460131450e+01,8.356875193266768420e+00
1.480137182052014921e+01,8.389255184804111920e+00
1.482137753643898392e+01,8.292681102333482102e+00
1.484138325235781686e+01,9.270165746857406575e+00
1.486138896827664979e+01,9.852239035366451958e+00
1.488139468419548450e+01,9.395096122144156681e+00
1.490140040011431921e+01,9.928303214480207473e+00
1.492140611603315392e+01,9.041053573576684599e+00
1.494141183195198685e+01,1.057468423549405223e+01
1.496141754787081979e+01,9.534622534101696800e+00
1.498142326378965450e+01,9.974114962092713199e+00
1.500142897970848921e+01,1.003289996720451782e+01
1.502143469562732214e+01,1.128880896256697852e+01
1.504144041154615508e+01,1.008674100197423407e+01
1.506144612746498979e+01,1.112872345012739217e+01
1.508145184338382450e+01,1.046510911804990940e+01
1.510145755930265921e+01,1.148250404540286240e+01
1.512146327522149214e+01,1.109173366182886333e+01
1.514146899114032507e+01,1.129081994306751113e+01
1.516147470705915978e+01,1.226623091213839700e+01
1.518148042297799449e+01,1.236597728912657423e+01
1.520148613889682920e+01,1.226058944414189078e+01
1.522149185481566214e+01,1.328089241878701188e+01
1.524149757073449507e+01,1.244232373581898443e+01
1.526150328665332978e+01,1.260475916471993330e+01
1.528150900257216449e+01,1.307671654644487447e+01
1.530151471849099742e+01,1.384862679153495435e+01
1.532152043440983036e+01,1.319564330230305771e+01
1.534152615032866507e+01,1.376205098014607131e+01
1.536153186624749978e+01,1.463650173315335223e+01
1.538153758216633449e+01,1.428996132104339623e+01
1.540154329808516742e+01,1.399360181283472393e+01
1.542154901400400036e+01,1.433395768453737418e+01
1.544155472992283507e+01,1.351264345383870769e+01
1.546156044584166978e+01,1.429922333733747664e+01
1.548156616176050449e+01,1.310023548721913755e+01
1.550157187767933742e+01,1.336234373643107709e+01
1.552157759359817035e+01,1.226324137268742653e+01
1.554158330951700506e+01,1.223371562605680474e+01
1.556158902543583977e+01,1.285106659761365044e+01
1.558159474135467271e+01,1.132191363350535873e+01
1.560160045727350742e+01,1.069451744086545553e+01
1.562160617319234035e+01,1.044972116419193497e+01
1.564161188911117506e+01,1.001605012722592747e+01
1.566161760503000977e+01,8.919435215795509464e+00
1.568162332094884270e+01,9.539167401230674415e+00
1.570162903686767564e+01,8.011249774617906994e+00
1.572163475278651035e+01,7.804684111906221133e+00
1.574164046870534506e+01,6.872370736588585771e+00
1.576164618462417977e+01,6.396559043257724397e+00
1.578165190054301270e+01,6.020750292020732530e+00
1.580165761646184563e+01,5.498167668293636012e+00
1.582166333238068034e+01,4.796032029345865588e+00
1.584166904829951505e+01,4.777076075869436167e+00
1.586167476421834799e+01,5.698541503843133071e+00
1.588168048013718270e+01,4.042313520715363317e+00
1.590168619605601563e+01,4.454608721298263241e+00
1.592169191197485034e+01,3.988804400863759092e+00
1.594169762789368505e+01,3.843015674466508713e+00
1.596170334381251799e+01,4.054891212040393711e+00
1.598170905973135092e+01,4.737647983526686701e+00
1.600171477565018563e+01,4.190112352584821842e+00
1.602172049156902034e+01,4.585099214338596241e+00
1.604172620748785505e+01,3.560472525604398086e+00
1.606173192340668976e+01,3.290496547570387342e+00
1.608173763932552092e+01,3.583342912433379546e+00
1.610174335524435563e+01,3.856964427155657127e+00
1.612174907116319034e+01,4.326944932867444749e+00
1.614175478708202505e+01,4.432246565136521710e+00
1.616176050300085620e+01,3.486830577040916701e+00
1.618176621891969091e+01,3.594238357221152924e+00
1.620177193483852562e+01,3.851315218435299226e+00
1.622177765075736033e+01,4.188277606601999992e+00
1.624178336667619504e+01,3.838759047444904482e+00
1.626178908259502620e+01,3.259720948845495681e+00
1.628179479851386091e+01,3.352220903088611426e+00
1.630180051443269562e+01,4.282965398714826399e+00
1.632180623035153033e+01,3.598596632018793873e+00
1.634181194627036149e+01,3.208665789231610610e+00
1.636181766218919620e+01,4.017201011140487665e+00
1.638182337810803091e+01,3.758062311691768187e+00
1.640182909402686562e+01,4.240825120866855258e+00
1.642183480994570033e+01,3.987962144208006876e+00
1.644184052586453504e+01,4.081733904615446384e+00
1.646184624178336620e+01,3.771306629953655509e+00
1.648185195770220091e+01,3.489853757718557326e+00
1.650185767362103562e+01,3.628862612111961372e+00
1.652186338953986677e+01,3.297837476974430526e+00
1.654186910545870148e+01,3.568470504208204108e+00
1.656187482137753619e+01,3.167121547357957034e+00
1.658188053729637090e+01,4.207893534793150536e+00
1.660188625321520561e+01,3.001168954853882020e+00
1.662189196913404032e+01,3.842707837952895389e+00
1.664189768505287148e+01,3.311421734522475457e+00
1.666190340097170619e+01,4.357890170597120694e+00
1.668190911689054090e+01,3.177078200202916758e+00
1.670191483280937561e+01,3.694613312502440294e+00
1.672192054872820677e+01,3.807453096255242198e+00
1.674192626464704148e+01,3.422361561818724862e+00
1.676193198056587619e+01,2.916602010017885327e+00
1.678193769648471090e+01,4.035831109266096561e+00
1.680194341240354561e+01,2.929604742125088812e+00
1.682194912832238032e+01,3.555081467115891680e+00
1.684195484424121148e+01,3.960740145110990706e+00
1.686196056016004619e+01,3.188897002646128076e+00
1.688196627607888090e+01,3.745688808674426440e+00
1.690197199199771205e+01,4.079804486520627549e+00
1.692197770791654676e+01,3.083582156500808580e+00
1.694198342383538147e+01,3.205930997610901390e+00
1.696198913975421618e+01,2.995978530812307028e+00
1.698199485567305089e+01,3.836932174100657900e+00
1.700200057159188560e+01,4.242874049366506917e+00
1.702200628751071676e+01,3.433151469348691531e+00
1.704201200342955147e+01,3.184611756628581425e+00
1.706201771934838618e+01,2.799007957785603296e+00
1.708202343526722089e+01,3.314213127897639666e+00
1.710202915118605205e+01,3.278258830361728826e+00
1.712203486710488676e+01,3.088165246209453318e+00
1.714204058302372147e+01,2.807154977600138324e+00
1.716204629894255618e+01,4.047281088728869491e+00
1.718205201486139089e+01,3.818938668239898249e+00
1.720205773078022204e+01,3.218898812527053455e+00
1.722206344669905675e+01,4.172409674542093327e+00
1.724206916261789146e+01,3.176814097449810248e+00
1.726207487853672617e+01,3.655786788125107822e+00
1.728208059445555733e+01,4.107760031784305710e+00
1.730208631037439204e+01,3.669904492570474908e+00
1.732209202629322675e+01,4.274072057052965334e+00
1.734209774221206146e+01,3.243429563322600018e+00
1.736210345813089617e+01,2.905715195374480864e+00
1.738210917404973088e+01,3.067597892619924771e+00
1.740211488996856204e+01,3.626063419778707164e+00
1.742212060588739675e+01,4.116355835564113441e+00
1.744212632180623146e+01,4.018334689675684857e+00
1.746213203772506262e+01,3.891206055696040167e+00
1.748213775364389733e+01,3.486079000668151906e+00
1.750214346956273204e+01,3.450189646451031322e+00
1.752214918548156675e+01,3.793490808507255618e+00
1.754215490140040146e+01,2.904685686361485608e+00
1.756216061731923617e+01,2.902364904868786954e+00
1.758216633323806732e+01,3.516326119994014121e+00
1.760217204915690203e+01,3.172131329545671896e+00
1.762217776507573674e+01,3.976712491806842387e+00
1.764218348099457145e+01,3.204449860891857682e+00
1.766218919691340261e+01,3.817273450738618568e+00
1.768219491283223732e+01,3.859464531037303026e+00
1.770220062875107203e+01,3.220886683266100725e+00
1.772220634466990674e+01,3.739934032001579922e+00
1.774221206058874145e+01,3.681738385559473414e+00
1.776221777650757616e+01,3.238671869630650679e+00
1.778222349242640732e+01,3.306790404391767524e+00
1.780222920834524203e+01,3.268430679075053913e+00
1.782223492426407674e+01,4.212829136693841292e+00
1.784224064018290790e+01,3.871462873750351363e+00
1.786224635610174261e+01,3.266757975461885177e+00
1.788225207202057732e+01,3.560305004319956446e+00
1.790225778793941203e+01,3.178850756613232242e+00
1.792226350385824674e+01,3.815643341247879405e+00
1.794226921977708145e+01,3.511981520883405761e+00
1.796227493569591260e+01,2.688484139117540472e+00
1.798228065161474731e+01,3.827433542818860612e+00
1.800228636753358202e+01,4.065045920759660980e+00
1.802229208345241318e+01,3.621726318382411769e+00
1.804229779937124789e+01,4.298055426052166617e+00
1.806230351529008260e+01,4.217726402075964387e+00
1.808230923120891731e+01,3.486677586001377005e+00
1.810231494712775202e+01,3.682847264910570573e+00
1.812232066304658673e+01,3.962118377628063293e+00
1.814232637896542144e+01,3.785837167475391229e+00
1.816233209488425260e+01,4.551892586112116668e+00
1.818233781080308731e+01,3.953457700417239540e+00
1.820234352672191847e+01,3.416729487804962329e+00
1.822234924264075318e+01,3.132809283253672916e+00
1.824235495855958789e+01,3.775554190701692292e+00
1.826236067447842260e+01,3.588202332973357223e+00
1.828236639039725731e+01,4.214873829751738299e+00
1.830237210631609202e+01,3.262202846954219915e+00
1.832237782223492673e+01,3.411744519992858216e+00
1.834238353815375788e+01,3.947469283242546201e+00
1.836238925407259259e+01,3.927866338748122299e+00
1.838239496999142730e+01,3.094738725279439606e+00
1.840240068591025846e+01,3.482754387188123690e+00
1.842240640182909317e+01,4.200411123488294152e+00
1.844241211774792788e+01,3.819125015749593732e+00
1.846241783366676259e+01,3.281754199734358224e+00
1.848242354958559730e+01,3.634584012619010096e+00
1.850242926550443201e+01,3.422179131321206214e+00
1.852243498142326672e+01,4.182928047294376839e+00
1.854244069734209788e+01,3.722675132119868113e+00
1.856244641326093259e+01,3.893500159105363956e+00
1.858245212917976374e+01,3.752236947176485149e+00
1.860245784509859845e+01,4.406813927311206136e+00
1.862246356101743316e+01,3.642066424516321455e+00
1.864246927693626787e+01,3.336197943660591303e+00
1.866247499285510258e+01,3.880698506848637486e+00
1.868248070877393729e+01,3.171356591247887824e+00
1.870248642469277200e+01,3.595608916450995896e+00
1.872249214061160316e+01,3.224097540351452906e+00
1.874249785653043787e+01,3.502420565523581608e+00
1.876250357244927258e+01,3.000863345408482541e+00
1.878250928836810374e+01,3.992900643395636884e+00
1.880251500428693845e+01,3.156026982837165207e+00
1.882252072020577316e+01,3.808175200703674879e+00
1.884252643612460787e+01,3.518118466356888074e+00
1.886253215204344258e+01,4.396703812025878122e+00
1.888253786796227729e+01,3.081748193692422699e+00
1.890254358388111200e+01,4.195920513373046390e+00
1.892254929979994316e+01,2.758502561878818149e+00
1.894255501571877787e+01,3.296810579216741033e+00
1.896256073163760902e+01,4.359440899667950120e+00
1.898256644755644373e+01,3.370365252804511158e+00
1.900257216347527844e+01,3.478451244791558317e+00
1.902257787939411315e+01,3.629356137725054054e+00
1.904258359531294786e+01,3.600452225462113187e+00
1.906258931123178257e+01,2.717390136744425089e+00
1.908259502715061728e+01,2.702570732729758340e+00
1.910260074306944844e+01,3.227751185753702678e+00
1.912260645898828315e+01,2.766152615154135574e+00
1.914261217490711431e+01,3.510378929666794434e+00
1.916261789082594902e+01,3.563027271210089442e+00
1.918262360674478373e+01,2.578040133815605373e+00
1.920262932266361844e+01,3.664256400778687084e+00
1.922263503858245315e+01,3.534538753693476032e+00
1.924264075450128786e+01,3.593476984512930628e+00
1.926264647042012257e+01,2.759783617664500976e+00
1.928265218633895373e+01,3.415049627552831701e+00
1.930265790225778844e+01,3.336601452574832205e+00
1.932266361817662315e+01,2.880798541630262832e+00
1.934266933409545430e+01,3.399179792829416957e+00
1.936267505001428901e+01,3.523023806636665256e+00
1.938268076593312372e+01,3.141378656716425688e+00
1.940268648185195843e+01,3.470305507554961366e+00
1.942269219777079314e+01,3.099322847212133247e+00
1.944269791368962785e+01,2.955524617373026519e+00
1.946270362960846256e+01,3.876342737548069017e+00
1.948270934552729372e+01,3.712823942992986126e+00
1.950271506144612843e+01,2.750330528991146828e+00
1.952272077736495959e+01,3.078408520370562229e+00
1.954272649328379430e+01,3.949979391932375350e+00
1.956273220920262901e+01,3.513553992768989165e+00
1.958273792512146372e+01,2.498226936633289430e+00
1.960274364104029843e+01,3.166631644582441396e+00
1.962274935695913314e+01,3.983456813627616278e+00
1.964275507287796785e+01,3.416459299718022535e+00
1.966276078879679901e+01,3.747580487989219833e+00
1.968276650471563372e+01,3.089842779924169669e+00
1.970277222063446487e+01,4.000037356414375189e+00
1.972277793655329958e+01,4.003788291293493451e+00
1.974278365247213429e+01,3.652046661203051769e+00
1.976278936839096900e+01,3.574442579871890402e+00
1.978279508430980371e+01,3.476413124768064300e+00
1.980280080022863842e+01,3.577471545333364311e+00
1.982280651614747313e+01,3.375538618423840731e+00
1.984281223206630784e+01,3.213213548367392036e+00
1.986281794798513900e+01,3.777238616154019901e+00
1.988282366390397371e+01,4.131040732575508301e+00
1.990282937982280487e+01,3.384711885442793999e+00
1.992283509574163958e+01,4.222037616468493404e+00
1.994284081166047429e+01,3.992366521964731518e+00
1.996284652757930900e+01,2.931767721969567031e+00
1.998285224349814371e+01,2.945189186150499960e+00
2.000285795941697842e+01,3.681344764823518467e+00
2.002286367533581313e+01,3.420985055275893139e+00
2.004286939125464428e+01,2.934214555735185748e+00
2.006287510717347899e+01,3.509867451466124777e+00
2.008288082309231015e+01,3.300852461179615283e+00
2.010288653901114486e+01,3.702037850005555963e+00
2.012289225492997957e+01,3.798274875089178160e+00
2.014289797084881428e+01,4.192524231446070004e+00
2.016290368676764899e+01,3.238345132701411000e+00
2.018290940268648370e+01,3.407400407438721857e+00
2.020291511860531841e+01,3.446957679772199690e+00
2.022292083452414957e+01,3.226834614812871038e+00
2.024292655044298428e+01,2.904658973978464509e+00
2.026293226636181899e+01,3.640051894823085998e+00
2.028293798228065015e+01,3.655804193902931765e+00
2.030294369819948486e+01,2.843374318882400775e+00
2.032294941411831957e+01,3.701391351080338232e+00
2.034295513003715428e+01,3.365178974586528149e+00
2.036296084595598899e+01,2.859103183429058337e+00
2.038296656187482370e+01,3.521832873314441059e+00
2.040297227779365841e+01,4.127265744719691654e+00
2.042297799371248956e+01,3.335410262352644040e+00
2.044298370963132427e+01,3.394476768127690391e+00
2.046298942555015543e+01,2.938323364126022241e+00
2.048299514146899014e+01,3.635662326898064123e+00
2.050300085738782485e+01,3.493339185278813375e+00
2.052300657330665956e+01,3.842187655056025886e+00
2.054301228922549427e+01,3.260730626912580199e+00
2.056301800514432898e+01,3.225383518271581540e+00
2.058302372106316369e+01,3.378679066568564870e+00
2.060302943698199485e+01,3.156898136423664347e+00
2.062303515290082956e+01,3.867410099367514675e+00
2.064304086881966072e+01,2.892573622167052161e+00
2.066304658473849543e+01,3.596372594401827438e+00
2.068305230065733014e+01,3.111319255140934548e+00
2.070305801657616485e+01,4.235325841477002307e+00
2.072306373249499956e+01,3.456585985631519087e+00
2.074306944841383427e+01,4.024580319827843589e+00
2.076307516433266898e+01,3.359139936426823958e+00
2.078308088025150369e+01,3.145593176376214828e+00
2.080308659617033484e+01,3.595075581935858189e+00
2.082309231208916955e+01,3.498808680922201209e+00
2.084309802800800071e+01,3.423656940142347338e+00
2.086310374392683542e+01,3.610533743961839903e+00
2.088310945984567013e+01,3.408331858960832683e+00
2.090311517576450484e+01,3.469584162061421395e+00
2.092312089168333955e+01,2.908373937205544824e+00
2.094312660760217426e+01,3.660275998680236675e+00
2.096313232352100897e+01,3.515938018220323702e+00
2.098313803943984013e+01,3.494777001718952114e+00
2.100314375535867484e+01,3.452399605522765036e+00
2.102314947127750600e+01,3.560716975200990841e+00
2.104315518719634071e+01,3.896081697284228262e+00
2.106316090311517542e+01,3.622267496364652839e+00
2.108316661903401013e+01,3.535763670703546691e+00
2.110317233495284484e+01,2.863067923044678054e+00
2.112317805087167955e+01,3.683437226810527765e+00
2.114318376679051426e+01,3.715503334157358672e+00
2.116318948270934541e+01,3.669231638852896715e+00
2.118319519862818012e+01,3.448520897284920395e+00
2.120320091454701483e+01,3.425172305113628468e+00
2.122320663046584599e+01,3.400725929036672923e+00
2.124321234638468070e+01,3.550441660935913291e+00
2.126321806230351541e+01,3.010245361910777184e+00
2.128322377822235012e+01,3.121141030697245355e+00
2.130322949414118483e+01,4.166997601298484177e+00
2.132323521006001954e+01,2.730754635160525190e+00
2.134324092597885425e+01,3.016277789528968967e+00
2.136324664189768541e+01,3.736361328768410317e+00
2.138325235781652012e+01,2.798140912547357750e+00
2.140325807373535127e+01,3.297862055339819243e+00
2.142326378965418598e+01,3.433549085544617352e+00
2.144326950557302069e+01,3.051317943739130456e+00
2.146327522149185540e+01,3.922143493488771782e+00
2.148328093741069011e+01,3.449527082911544529e+00
2.150328665332952482e+01,3.466223308966408290e+00
2.152329236924835953e+01,3.825524579532927127e+00
2.154329808516719069e+01,2.903783847310666744e+00
2.156330380108602540e+01,3.509444678929568795e+00
2.158330951700485656e+01,3.644959719594828229e+00
2.160331523292369127e+01,3.234971223449622624e+00
2.162332094884252598e+01,3.574575241129304359e+00
2.164332666476136069e+01,3.628910461593227943e+00
2.166333238068019540e+01,3.383240175929242088e+00
2.168333809659903011e+01,3.310883390175399121e+00
2.170334381251786482e+01,3.384289173622519353e+00
2.172334952843669598e+01,3.476460928518438909e+00
2.174335524435553069e+01,3.380872513471346874e+00
2.176336096027436540e+01,2.632732743363771277e+00
2.178336667619319655e+01,4.099010717530340742e+00
2.180337239211203126e+01,3.559773456880764186e+00
2.182337810803086597e+01,3.723430821069134034e+00
2.184338382394970068e+01,3.064350635168631598e+00
2.186338953986853539e+01,3.141187894481467513e+00
2.188339525578737010e+01,3.354840892311578671e+00
2.190340097170620481e+01,4.104510815639669907e+00
2.192340668762503597e+01,3.108117132988819975e+00
2.194341240354387068e+01,3.462889936378081401e+00
2.196341811946270184e+01,3.011856291598239199e+00
2.198342383538153655e+01,3.722884542991794277e+00
2.200342955130037126e+01,3.299400600070683254e+00
2.202343526721920597e+01,3.409404584929734305e+00
2.204344098313804068e+01,3.719994224688819795e+00
2.206344669905687539e+01,3.193026102522996013e+00
2.208345241497571010e+01,4.102552414373004552e+00
2.210345813089454126e+01,3.576686885216602718e+00
2.212346384681337597e+01,3.433747403214705507e+00
2.214346956273221068e+01,3.788776998748631719e+00
2.216347527865104183e+01,3.739367747370115236e+00
2.218348099456987654e+01,3.599754652784714626e+00
2.220348671048871125e+01,2.635986370260674949e+00
2.222349242640754596e+01,3.523374978561614412e+00
2.224349814232638067e+01,4.237226695855885517e+00
2.226350385824521538e+01,4.292009428257861359e+00
2.228350957416405009e+01,3.684899754484219692e+00
2.230351529008288125e+01,3.993652565599264292e+00
2.232352100600171596e+01,3.609931884143994463e+00
2.234352672192054712e+01,3.357880801798548642e+00
2.236353243783938183e+01,4.039905064306807070e+00
2.238353815375821654e+01,3.583263718059825909e+00
2.240354386967705125e+01,3.951565235365087858e+00
2.242354958559588596e+01,3.585274130827087014e+00
2.244355530151472067e+01,3.593566122843314226e+00
2.246356101743355538e+01,3.593876551341763648e+00
2.248356673335238654e+01,3.736918585617394761e+00
2.250357244927122125e+01,3.998601468931648029e+00
2.252357816519005240e+01,3.833040680371142095e+00
2.254358388110888711e+01,4.039593783335252652e+00
2.256358959702772182e+01,3.861089949285742229e+00
2.258359531294655653e+01,4.125414933319680344e+00
2.260360102886539124e+01,4.169476470127870371e+00
2.262360674478422595e+01,3.121231807282031312e+00
2.264361246070306066e+01,4.571873341427082238e+00
2.266361817662189182e+01,4.148079093387128324e+00
2.268362389254072653e+01,3.405637102787733461e+00
2.270362960845956124e+01,3.885654717314696693e+00
2.272363532437839240e+01,3.509999894396112374e+00
2.274364104029722711e+01,3.838034498510182857e+00
2.276364675621606182e+01,3.909491553457572266e+00
2.278365247213489653e+01,4.358231670947966485e+00
2.280365818805373124e+01,4.472083912837325315e+00
2.282366390397256595e+01,3.997227664690119475e+00
2.284366961989140066e+01,4.175955036181971280e+00
2.286367533581023181e+01,4.295420875648149561e+00
2.288368105172906652e+01,3.830168570024677699e+00
2.290368676764789768e+01,4.052537350632134938e+00
2.292369248356673239e+01,4.602497055760491840e+00
2.294369819948556710e+01,3.907550297865133970e+00
2.296370391540440181e+01,5.013861633792862094e+00
2.298370963132323652e+01,5.282137254001454174e+00
2.300371534724207123e+01,4.453317211602872305e+00
2.302372106316090594e+01,5.350924109256613548e+00
2.304372677907973710e+01,4.885443721042229015e+00
2.306373249499857181e+01,4.646676005668308740e+00
2.308373821091740652e+01,5.397097885282025054e+00
2.310374392683623768e+01,4.686913809034376044e+00
2.312374964275507239e+01,5.016357162283993532e+00
2.314375535867390710e+01,4.848351817301119304e+00
2.316376107459274181e+01,4.794887429659521416e+00
2.318376679051157652e+01,5.507072081490682613e+00
2.320377250643041123e+01,5.154578580598018434e+00
2.322377822234924594e+01,5.264384931345859719e+00
2.324378393826807709e+01,5.256349497851776853e+00
2.326378965418691180e+01,5.761285165191136315e+00
2.328379537010574296e+01,4.884188979333301539e+00
2.330380108602457767e+01,5.219563815123805739e+00
2.332380680194341238e+01,5.983833777390600517e+00
2.334381251786224709e+01,5.262538263848901998e+00
2.336381823378108180e+01,5.811544909806278802e+00
2.338382394969991651e+01,4.884318419198769412e+00
2.340382966561875122e+01,6.126926966470668923e+00
2.342383538153758238e+01,5.588622581200333173e+00
2.344384109745641709e+01,4.990841874175169224e+00
2.346384681337524825e+01,5.479907463642305743e+00
2.348385252929408296e+01,4.475506224179979675e+00
2.350385824521291767e+01,4.170693866527097171e+00
2.352386396113175238e+01,4.690638664749041453e+00
2.354386967705058709e+01,4.536798861341175382e+00
2.356387539296942180e+01,4.940603086464646410e+00
2.358388110888825651e+01,5.127835249357195480e+00
2.360388682480708766e+01,4.477078732078774159e+00
2.362389254072592237e+01,4.512081399996061393e+00
2.364389825664475708e+01,4.739739058585266562e+00
2.366390397256358824e+01,4.282256318516934002e+00
2.368390968848242295e+01,4.436630064909776294e+00
2.370391540440125766e+01,4.131277846180044122e+00
2.372392112032009237e+01,3.909436611663680061e+00
2.374392683623892708e+01,3.569717945909152590e+00
2.376393255215776179e+01,4.386803957225893669e+00
2.378393826807659650e+01,3.006255854675051076e+00
2.380394398399542766e+01,3.698938433775167400e+00
2.382394969991426237e+01,3.829664334191340558e+00
2.384395541583309353e+01,4.113272003613547945e+00
2.386396113175192824e+01,4.089004504183888500e+00
2.388396684767076295e+01,2.866977733128631911e+00
2.390397256358959766e+01,4.245993462839608767e+00
2.392397827950843237e+01,3.528343168030565469e+00
2.394398399542726708e+01,3.834011432494418781e+00
2.396398971134610179e+01,3.556855927676537021e+00
2.398399542726493294e+01,4.034781484921834860e+00
2.400400114318376765e+01,3.841815944645366798e+00
2.402400685910260236e+01,4.348267169057117520e+00
2.404401257502143352e+01,4.005690921544914573e+00
2.406401829094026823e+01,3.548524350936002492e+00
2.408402400685910294e+01,4.155239478489838767e+00
2.410402972277793765e+01,3.022359786955375327e+00
2.412403543869677236e+01,4.113996152344749468e+00
2.414404115461560707e+01,3.785950696311818575e+00
2.416404687053444178e+01,3.301339711880803662e+00
2.418405258645327294e+01,3.673346141945942556e+00
2.420405830237210765e+01,3.646892521825343181e+00
2.422406401829093880e+01,3.079684723887157638e+00
2.424406973420977351e+01,3.874586067602837858e+00
2.426407545012860822e+01,3.728734569964647250e+00
2.428408116604744293e+01,2.810703178091200627e+00
2.430408688196627764e+01,3.759712028172766729e+00
2.432409259788511235e+01,3.149165693734985894e+00
2.434409831380394706e+01,3.706989186104049594e+00
2.436410402972277822e+01,4.278470176964248139e+00
2.438410974564161293e+01,3.970832272325853562e+00
2.440411546156044409e+01,3.693607307950793839e+00
2.442412117747927880e+01,3.419989310774164792e+00
2.444412689339811351e+01,2.921864341220476113e+00
2.446413260931694822e+01,3.335919048683362753e+00
2.448413832523578293e+01,3.740716571802929380e+00
2.450414404115461764e+01,2.887731720368302391e+00
2.452414975707345235e+01,3.509198979379669403e+00
2.454415547299228351e+01,3.499075086171901106e+00
2.456416118891111822e+01,3.501150307887456847e+00
2.458416690482995293e+01,3.499213975908712193e+00
2.460417262074878408e+01,3.673031214158219093e+00
2.462417833666761879e+01,3.078195553656597028e+00
2.464418405258645350e+01,4.106002119667193639e+00
2.466418976850528821e+01,3.697382785104331937e+00
2.468419548442412292e+01,3.721408730629977679e+00
2.470420120034295763e+01,3.830005599722390741e+00
2.472420691626179234e+01,3.683470238675246478e+00
2.474421263218062350e+01,4.193340879899142060e+00
2.476421834809945821e+01,3.341912863546133039e+00
2.478422406401828937e+01,3.387701633106937837e+00
2.480422977993712408e+01,3.926225745572954118e+00
2.482423549585595879e+01,3.976030502080510232e+00
2.484424121177479350e+01,2.926994966258907649e+00
2.486424692769362821e+01,2.508503707472236055e+00
2.488425264361246292e+01,3.597936485058451428e+00
2.490425835953129763e+01,2.945907276433007205e+00
2.492426407545012879e+01,3.415027212018396874e+00
2.494426979136896350e+01,3.767417117550830419e+00
2.496427550728779821e+01,3.601966423642450899e+00
2.498428122320662936e+01,3.885323334086342673e+00
2.500428693912546407e+01,3.434544941060005296e+00
2.502429265504429878e+01,2.736667064007681116e+00
2.504429837096313349e+01,2.838846559803520631e+00
2.506430408688196820e+01,3.283761991895220778e+00
2.508430980280080291e+01,3.502908671689489051e+00
2.510431551871963762e+01,3.813349935196580720e+00
2.512432123463846878e+01,3.401938177014347531e+00
2.514432695055730349e+01,3.541515875879249986e+00
2.516433266647613465e+01,3.840137920438568386e+00
2.518433838239496936e+01,2.695810544195366809e+00
2.520434409831380407e+01,3.486761760928719589e+00
2.522434981423263878e+01,4.214880978247970589e+00
2.524435553015147349e+01,3.188545111176874336e+00
2.526436124607030820e+01,3.560293304977774742e+00
2.528436696198914291e+01,3.718360922954686565e+00
2.530437267790797407e+01,4.182410143864179197e+00
2.532437839382680878e+01,3.991268078579567558e+00
2.534438410974563993e+01,3.489415717098949266e+00
2.536438982566447464e+01,2.841152543581738410e+00
2.538439554158330935e+01,3.233593715468868091e+00
2.540440125750214406e+01,3.721868987617108715e+00
2.542440697342097877e+01,3.998434589941610717e+00
2.544441268933981348e+01,3.240165618434181383e+00
2.546441840525864819e+01,3.297523534106627352e+00
2.548442412117747935e+01,3.608217799903316703e+00
2.550442983709631406e+01,3.496868753909510019e+00
2.552443555301514877e+01,3.516659821285652132e+00
2.554444126893397993e+01,3.314817170729611462e+00
2.556444698485281464e+01,4.238366433981047621e+00
2.558445270077164935e+01,3.502226035353774858e+00
2.560445841669048406e+01,3.984485108615700710e+00
2.562446413260931877e+01,3.395428738130448654e+00
2.564446984852815348e+01,3.328526464492044035e+00
2.566447556444698819e+01,3.323360026456640082e+00
2.568448128036581934e+01,3.321783344510505831e+00
2.570448699628465405e+01,3.782552320714224869e+00
2.572449271220348521e+01,3.167270674395770591e+00
2.574449842812231992e+01,2.911931807809818640e+00
2.576450414404115463e+01,2.596232409680444331e+00
2.578450985995998934e+01,2.786454672718872150e+00
2.580451557587882405e+01,3.301388365454999363e+00
2.582452129179765876e+01,2.840499134831243389e+00
2.584452700771649347e+01,3.083655040938269920e+00
2.586453272363532463e+01,3.496680595466897579e+00
2.588453843955415934e+01,2.755209882480941452e+00
2.590454415547299405e+01,3.189549011220603081e+00
2.592454987139182521e+01,3.407097254949042142e+00
2.594455558731065992e+01,3.216331403882473960e+00
2.596456130322949463e+01,2.755205799303653169e+00
2.598456701914832934e+01,3.068368706069690255e+00
2.600457273506716405e+01,3.837606032028630487e+00
2.602457845098599520e+01,2.873789258948925784e+00
2.604458416690482991e+01,3.370532419342736841e+00
2.606458988282366462e+01,3.475704444554208461e+00
2.608459559874249933e+01,3.095628098056845801e+00
2.610460131466133404e+01,3.710173061153440255e+00
2.612460703058016520e+01,3.870037911084236004e+00
2.614461274649899991e+01,3.649856300981848545e+00
2.616461846241783462e+01,3.850986159712181944e+00
2.618462417833666933e+01,3.587995084046454508e+00
2.620462989425550404e+01,4.448690943133196463e+00
2.622463561017433520e+01,3.257655941425273483e+00
2.624464132609316991e+01,3.086742199077794346e+00
2.626464704201200462e+01,3.127481130445467272e+00
2.628465275793083933e+01,4.048522645669355491e+00
2.630465847384967049e+01,3.056878925625595045e+00
2.632466418976850520e+01,4.122696982410857913e+00
2.634466990568733991e+01,3.578330798133822821e+00
2.636467562160617462e+01,4.108099121092009476e+00
2.638468133752500933e+01,4.334428524883021439e+00
2.640468705344384048e+01,3.635217110744519697e+00
2.642469276936267519e+01,3.380276317766883309e+00
2.644469848528150990e+01,3.616313645494782847e+00
2.646470420120034461e+01,3.540336284238924769e+00
2.648470991711917932e+01,3.373371306915482037e+00
2.650471563303801048e+01,3.117592463667080427e+00
2.652472134895684519e+01,3.871649069778044350e+00
2.654472706487567990e+01,3.779417829085293334e+00
2.656473278079451461e+01,4.037857701580096048e+00
2.658473849671334932e+01,3.091625612583388971e+00
2.660474421263218048e+01,3.134085556272351969e+00
2.662474992855101519e+01,3.978815529921098104e+00
2.664475564446984990e+01,3.539609749543869643e+00
2.666476136038868461e+01,3.924124100852681707e+00
2.668476707630751577e+01,3.549453135178413543e+00
2.670477279222635048e+01,3.268167376547737479e+00
2.672477850814518519e+01,3.565189244882747133e+00
2.674478422406401990e+01,3.912694299108150808e+00
2.676478993998285461e+01,2.935623985029612193e+00
2.678479565590168576e+01,4.458559027967445410e+00
2.680480137182052047e+01,3.499423514467783214e+00
2.682480708773935518e+01,3.831041178198300479e+00
2.684481280365818989e+01,3.420308369702970364e+00
2.686481851957702460e+01,4.258423398037077590e+00
2.688482423549585576e+01,4.250588973962033279e+00
2.690482995141469047e+01,3.765550792698546090e+00
2.692483566733352518e+01,4.584007779125270687e+00
2.694484138325235989e+01,4.753741100640834993e+00
2.696484709917119105e+01,3.555237062650796531e+00
2.698485281509002576e+01,4.060846530357284045e+00
2.700485853100886047e+01,4.836248232588258311e+00
2.702486424692769518e+01,4.322831743070485011e+00
2.704486996284652989e+01,5.096612170965815203e+00
2.706487567876536104e+01,4.480218098330686516e+00
2.708488139468419575e+01,5.310430398957816323e+00
2.710488711060303046e+01,4.642499342036267684e+00
2.712489282652186517e+01,4.352972279952133761e+00
2.714489854244069988e+01,5.258567482740630794e+00
2.716490425835953104e+01,5.866002844559068841e+00
2.718490997427836575e+01,5.413751049957327588e+00
2.720491569019720046e+01,5.641774807661390945e+00
2.722492140611603517e+01,5.746311848842761805e+00
2.724492712203486633e+01,6.434143983620975504e+00
2.726493283795370104e+01,6.103877275996946850e+00
2.728493855387253575e+01,6.303452680466514302e+00
2.730494426979137046e+01,7.236745876998827320e+00
2.732494998571020517e+01,6.723197168869091023e+00
2.734495570162903633e+01,6.897614315949480712e+00
2.736496141754787104e+01,7.111424817733151826e+00
2.738496713346670575e+01,7.774187405923362881e+00
2.740497284938554046e+01,8.670470445067332221e+00
2.742497856530437517e+01,7.735418877626269563e+00
2.744498428122320632e+01,9.734780983986013325e+00
2.746498999714204103e+01,1.029586697362810099e+01
2.748499571306087574e+01,1.028051240882878581e+01
2.750500142897971045e+01,9.965191348171803298e+00
2.752500714489854516e+01,1.063800065358086577e+01
2.754501286081737632e+01,1.159164058798473995e+01
2.756501857673621103e+01,1.243158140202918815e+01
2.758502429265504574e+01,1.193419075139501828e+01
2.760503000857388045e+01,1.255552915967632188e+01
2.762503572449271161e+01,1.367464986801771509e+01
2.764504144041154632e+01,1.387611287695416706e+01
2.766504715633038103e+01,1.512539839495694061e+01
2.768505287224921574e+01,1.512285354609048049e+01
2.770505858816805045e+01,1.689355012666395695e+01
2.772506430408688161e+01,1.708780531049879059e+01
2.774507002000571632e+01,1.819188065975685475e+01
2.776507573592455103e+01,1.813159753983656231e+01
2.778508145184338574e+01,1.902935332785646949e+01
2.780508716776222045e+01,2.055049169534202136e+01
2.782509288368105160e+01,2.084046144135246692e+01
2.784509859959988631e+01,2.248820756171925339e+01
2.786510431551872102e+01,2.263395115589891304e+01
2.788511003143755573e+01,2.373890257840307427e+01
2.790511574735638689e+01,2.464007448388515442e+01
2.792512146327522160e+01,2.414606334510937202e+01
2.794512717919405631e+01,2.527849318305791471e+01
2.796513289511289102e+01,2.583114677617740895e+01
2.798513861103172573e+01,2.604772797296353914e+01
2.800514432695055689e+01,2.550224743995801902e+01
2.802515004286939160e+01,2.584973342747917613e+01
2.804515575878822631e+01,2.593102430737292963e+01
2.806516147470706102e+01,2.502439652746491916e+01
2.808516719062589573e+01,2.447817874314089437e+01
2.810517290654472689e+01,2.444837707481536171e+01
2.812517862246356160e+01,2.259355543559343005e+01
2.814518433838239631e+01,2.148214557493648158e+01
2.816519005430123102e+01,1.958730789717673915e+01
2.818519577022006217e+01,1.941056278298037441e+01
2.820520148613889688e+01,1.785116050971513246e+01
2.822520720205773159e+01,1.710440584054425273e+01
2.824521291797656630e+01,1.521369763977715195e+01
2.826521863389540101e+01,1.483545449719890463e+01
2.828522434981423217e+01,1.226638366128924318e+01
2.830523006573306688e+01,1.186980711866695870e+01
2.832523578165190159e+01,1.125713145611751287e+01
2.834524149757073630e+01,1.021625555630943794e+01
2.836524721348957101e+01,9.576393214767014328e+00
2.838525292940840217e+01,8.748624941613625694e+00
2.840525864532723688e+01,8.217704685112254381e+00
2.842526436124607159e+01,7.249189722141931469e+00
2.844527007716490630e+01,7.342248737546044346e+00
2.846527579308374101e+01,6.918853864642810159e+00
2.848528150900257216e+01,7.611703579828809296e+00
2.850528722492140687e+01,7.067233971850061636e+00
2.852529294084024158e+01,7.597373033414075216e+00
2.854529865675907629e+01,7.470093935578949740e+00
2.856530437267790745e+01,7.066265822022746335e+00
2.858531008859674216e+01,7.889158911238389749e+00
2.860531580451557687e+01,8.093733630834625714e+00
2.862532152043441158e+01,7.972484105834954704e+00
2.864532723635324629e+01,7.595960330186566800e+00
2.866533295227207745e+01,8.068375325698401213e+00
2.868533866819091216e+01,8.540741922089075899e+00
2.870534438410974687e+01,8.430065519701702925e+00
2.872535010002858158e+01,9.112326409163426177e+00
2.874535581594741629e+01,8.856277780001917677e+00
2.876536153186624745e+01,9.780739974184402996e+00
2.878536724778508216e+01,9.626378048194913717e+00
2.880537296370391687e+01,1.034210291289183203e+01
2.882537867962275158e+01,9.808599871214925159e+00
2.884538439554158273e+01,1.122084458118732186e+01
2.886539011146041744e+01,1.188183707334370709e+01
2.888539582737925215e+01,1.109176360468713440e+01
2.890540154329808686e+01,1.220762303885801714e+01
2.892540725921692157e+01,1.204632614341646679e+01
2.894541297513575273e+01,1.345114531356185239e+01
2.896541869105458744e+01,1.331642809426544360e+01
2.898542440697342215e+01,1.355602429254126307e+01
2.900543012289225686e+01,1.404319397918775358e+01
2.902543583881109157e+01,1.372124932803512110e+01
2.904544155472992273e+01,1.467917250916231353e+01
2.906544727064875744e+01,1.500771522199929464e+01
2.908545298656759215e+01,1.491188062979592388e+01
2.910545870248642686e+01,1.433301372698734077e+01
2.912546441840525802e+01,1.452608083066897393e+01
2.914547013432409273e+01,1.421706245830467452e+01
2.916547585024292744e+01,1.368577693065615541e+01
2.918548156616176215e+01,1.415320439165642874e+01
2.920548728208059686e+01,1.364733402950902175e+01
2.922549299799942801e+01,1.280446555252073004e+01
2.924549871391826272e+01,1.313456746391019259e+01
2.926550442983709743e+01,1.206621517040512437e+01
2.928551014575593214e+01,1.099389725995331268e+01
2.930551586167476685e+01,1.046775914996186607e+01
2.932552157759359801e+01,9.328756291776027609e+00
2.934552729351243272e+01,8.774682426972823635e+00
2.936553300943126743e+01,8.477105263063361207e+00
2.938553872535010214e+01,7.444668976069250377e+00
2.940554444126893330e+01,7.641243545350739019e+00
2.942555015718776801e+01,7.027681457482109373e+00
2.944555587310660272e+01,6.529976386250564424e+00
2.946556158902543743e+01,6.562585278466592342e+00
2.948556730494427214e+01,5.966143713893762524e+00
2.950557302086310330e+01,5.541229166388649041e+00
2.952557873678193801e+01,5.468841272467389381e+00
2.954558445270077272e+01,5.691536536888370357e+00
2.956559016861960743e+01,5.455255190297856771e+00
2.958559588453844214e+01,4.714665753719936347e+00
2.960560160045727329e+01,4.135620294548107090e+00
2.962560731637610800e+01,4.483035364797642863e+00
2.964561303229494271e+01,4.884539568898695450e+00
2.966561874821377742e+01,3.847999580376422646e+00
2.968562446413261213e+01,3.547248380536775603e+00
2.970563018005144329e+01,3.449948603315350137e+00
2.972563589597027800e+01,4.082136671308697728e+00
2.974564161188911271e+01,4.911284041950697343e+00
2.976564732780794742e+01,3.956521067174401107e+00
2.978565304372677858e+01,3.254250906505612218e+00
2.980565875964561329e+01,3.966573708072250071e+00
2.982566447556444800e+01,3.843832391017066641e+00
2.984567019148328271e+01,3.875244976965550148e+00
2.986567590740211742e+01,4.522462141660856361e+00
2.988568162332094857e+01,3.533862859183549254e+00
2.990568733923978328e+01,3.922085744609608238e+00
2.992569305515861799e+01,4.629123280294666465e+00
2.994569877107745270e+01,3.930563007233603301e+00
2.996570448699628741e+01,3.888968952369044274e+00
2.998571020291511857e+01,4.315442365602823571e+00
3.000571591883395328e+01,3.373022999200565142e+00
3.002572163475278799e+01,3.402566602254585515e+00
3.004572735067162270e+01,3.610169600628839071e+00
3.006573306659045386e+01,4.045056509584884274e+00
3.008573878250928857e+01,3.773375998757137584e+00
3.010574449842812328e+01,3.451479044965705789e+00
3.012575021434695799e+01,3.088833740930414073e+00
3.014575593026579270e+01,3.252459595927996272e+00
3.016576164618462386e+01,4.011547942807808020e+00
3.018576736210345857e+01,3.323450237762766157e+00
3.020577307802229328e+01,4.430252707022003023e+00
3.022577879394112799e+01,4.010741025248939273e+00
3.024578450985996270e+01,3.819717467125856025e+00
3.026579022577879385e+01,4.451781184716548267e+00
3.028579594169762856e+01,4.482420294628205681e+00
3.030580165761646327e+01,3.731262144248339574e+00
3.032580737353529798e+01,4.745139756309587398e+00
3.034581308945412914e+01,3.842672014346733000e+00
3.036581880537296385e+01,4.395015559339271682e+00
3.038582452129179856e+01,3.709151238396810601e+00
3.040583023721063327e+01,4.136945982547654665e+00
3.042583595312946798e+01,4.501857598178220954e+00
3.044584166904829914e+01,4.315291431667742650e+00
3.046584738496713385e+01,4.182173432978915528e+00
3.048585310088596856e+01,4.225400535525444035e+00
3.050585881680480327e+01,4.294583284005858204e+00
3.052586453272363798e+01,3.989859766785554651e+00
3.054587024864246914e+01,4.244195406119227520e+00
3.056587596456130385e+01,4.683458118880775345e+00
3.058588168048013856e+01,4.653453248225372541e+00
3.060588739639897327e+01,4.933388657762039387e+00
3.062589311231780798e+01,5.166152225442620427e+00
3.064589882823663913e+01,4.359937773328556254e+00
3.066590454415547384e+01,5.334965705549608472e+00
3.068591026007430855e+01,4.976351176597109571e+00
3.070591597599314326e+01,4.860411381360647987e+00
3.072592169191197442e+01,4.685871940951230386e+00
3.074592740783080913e+01,5.479743695073884702e+00
3.076593312374964384e+01,5.617516366672758110e+00
3.078593883966847855e+01,5.588124747617371213e+00
3.080594455558731326e+01,5.889736939752546085e+00
3.082595027150614442e+01,6.025395182804688332e+00
3.084595598742497913e+01,6.227749209624762194e+00
3.086596170334381384e+01,7.211027373733755574e+00
3.088596741926264855e+01,6.714119489154075637e+00
3.090597313518148326e+01,6.499858909861606193e+00
3.092597885110031442e+01,6.905565454599146946e+00
3.094598456701914913e+01,8.299103210780405249e+00
3.096599028293798384e+01,7.257876624459184356e+00
3.098599599885681855e+01,8.310176019454386775e+00
3.100600171477564970e+01,8.730935389992568574e+00
3.102600743069448441e+01,8.690520660008987264e+00
3.104601314661331912e+01,9.273428639293326725e+00
3.106601886253215383e+01,9.161706293820381930e+00
3.108602457845098854e+01,1.037543487178360024e+01
3.110603029436981970e+01,1.065776357505331084e+01
3.112603601028865441e+01,1.183202483636751445e+01
3.114604172620748912e+01,1.168374332521334402e+01
3.116604744212632383e+01,1.249498142502478615e+01
3.118605315804515854e+01,1.262241248360016321e+01
3.120605887396398970e+01,1.387597798450971354e+01
3.122606458988282441e+01,1.346247930900974765e+01
3.124607030580165912e+01,1.425362621969739685e+01
3.126607602172049383e+01,1.489366884119561973e+01
3.128608173763932498e+01,1.482218372571236031e+01
3.130608745355815969e+01,1.551609633351946371e+01
3.132609316947699440e+01,1.629103304857492773e+01
3.134609888539582911e+01,1.728985907809648381e+01
3.136610460131466382e+01,1.716167825294647287e+01
3.138611031723349498e+01,1.714269997829254066e+01
3.140611603315232969e+01,1.793171162445244349e+01
3.142612174907116440e+01,1.756145201226636843e+01
3.144612746498999911e+01,1.728652823723706078e+01
3.146613318090883382e+01,1.803432821065028335e+01
3.148613889682766498e+01,1.765714563053649755e+01
3.150614461274649969e+01,1.709605481447459141e+01
3.152615032866533440e+01,1.685522582037836514e+01
3.154615604458416911e+01,1.647835952726579123e+01
3.156616176050300382e+01,1.643592134192779497e+01
3.158616747642183498e+01,1.667293195899894798e+01
3.160617319234066969e+01,1.634123200242827068e+01
3.162617890825950440e+01,1.610565304380185836e+01
3.164618462417833911e+01,1.535314910698585500e+01
3.166619034009717026e+01,1.638977183327622456e+01
3.168619605601600497e+01,1.648482038633167335e+01
3.170620177193483968e+01,1.692124803784287934e+01
3.172620748785367439e+01,1.756542953619689840e+01
3.174621320377250910e+01,1.821940754387604144e+01
3.176621891969134026e+01,1.862880338744420783e+01
3.178622463561017497e+01,1.960601613504715601e+01
3.180623035152900968e+01,1.978533606707410186e+01
3.182623606744784439e+01,2.158707060896477969e+01
3.184624178336667910e+01,2.254919634078661161e+01
3.186624749928551026e+01,2.403649855894531129e+01
3.188625321520434497e+01,2.507356528452396205e+01
3.190625893112317968e+01,2.664457648185355509e+01
3.192626464704201439e+01,2.876902988567452013e+01
3.194627036296084555e+01,3.077128892486030054e+01
3.196627607887968026e+01,3.258620035005953497e+01
3.198628179479851497e+01,3.409258053194660931e+01
3.200628751071734968e+01,3.609144627061166943e+01
3.202629322663618439e+01,3.770621681669031489e+01
3.204629894255501199e+01,3.909149815582620846e+01
3.206630465847385381e+01,4.114198112148675790e+01
3.208631037439268141e+01,4.314417534875425986e+01
3.210631609031152323e+01,4.435871447033673576e+01
3.212632180623035083e+01,4.710975250387178903e+01
3.214632752214918554e+01,4.842533662728148158e+01
3.216633323806802025e+01,4.914506306922984180e+01
3.218633895398685496e+01,5.014097057769611610e+01
3.220634466990568967e+01,5.053201162983307881e+01
3.222635038582451728e+01,4.981463853891789739e+01
3.224635610174335909e+01,5.011331281510891245e+01
3.226636181766218670e+01,4.909731067774524149e+01
3.228636753358102851e+01,4.914384436776738596e+01
3.230637324949985612e+01,4.753682073788636586e+01
3.232637896541869083e+01,4.447497972247874998e+01
3.234638468133752554e+01,4.173622032813417349e+01
3.236639039725636025e+01,3.909693684819679049e+01
3.238639611317519496e+01,3.655153909581660088e+01
3.240640182909402967e+01,3.333039813369579463e+01
3.242640754501286438e+01,3.123428378892009505e+01
3.244641326093169198e+01,2.754542965814539102e+01
3.246641897685053380e+01,2.504110103332710224e+01
3.248642469276936140e+01,2.242894830391198369e+01
3.250643040868819611e+01,1.966373630857015087e+01
3.252643612460703082e+01,1.754521754165491387e+01
3.254644184052586553e+01,1.499984964071641258e+01
3.256644755644470024e+01,1.338372245893268087e+01
3.258645327236353495e+01,1.204594641890827944e+01
3.260645898828236966e+01,1.107036046064906287e+01
3.262646470420119726e+01,9.177483838442348940e+00
3.264647042012003908e+01,8.569430225981848892e+00
3.266647613603886668e+01,8.130462101937572683e+00
3.268648185195770850e+01,8.383545808012209832e+00
3.270648756787653610e+01,6.709115555056051505e+00
3.272649328379537081e+01,7.044777675377285497e+00
3.274649899971420552e+01,5.751334490286929224e+00
3.276650471563304023e+01,6.491400388844263958e+00
3.278651043155187494e+01,5.338916687286216600e+00
3.280651614747070255e+01,5.650425375704078768e+00
3.282652186338954436e+01,5.694349312593538492e+00
3.284652757930837197e+01,4.776964493603948370e+00
3.286653329522721378e+01,4.464963840832660402e+00
3.288653901114604139e+01,5.086431292189878661e+00
3.290654472706487610e+01,4.972822724420174367e+00
3.292655044298371081e+01,4.400142904515389475e+00
3.294655615890254552e+01,4.413330992253950313e+00
3.296656187482138023e+01,4.404079644479571343e+00
3.298656759074020783e+01,4.851431696619161293e+00
3.300657330665904965e+01,4.255812914359530907e+00
3.302657902257787725e+01,4.197564477411158457e+00
3.304658473849671907e+01,4.261533595622602810e+00
3.306659045441554667e+01,4.497501054932394382e+00
3.308659617033438138e+01,3.849487389855081432e+00
3.310660188625321609e+01,4.742355784791153717e+00
3.312660760217205080e+01,3.662728066850576614e+00
3.314661331809088551e+01,4.114651815841435578e+00
3.316661903400971312e+01,3.412253091066097976e+00
3.318662474992855493e+01,4.272382759750891879e+00
3.320663046584738254e+01,4.911323656497748935e+00
3.322663618176622435e+01,4.724169465565710269e+00
3.324664189768505196e+01,3.882926182056560815e+00
3.326664761360388667e+01,4.604566916121076936e+00
3.328665332952272138e+01,4.648155691482870111e+00
3.330665904544155609e+01,4.302468618866917893e+00
3.332666476136039080e+01,3.634636907262727590e+00
3.334667047727922551e+01,3.956814556255421333e+00
3.336667619319806022e+01,3.999867661279324693e+00
3.338668190911688782e+01,3.226113897077619086e+00
3.340668762503572964e+01,3.958062725019091399e+00
3.342669334095455724e+01,4.348731902350551515e+00
3.344669905687339195e+01,3.926820148651008147e+00
3.346670477279222666e+01,3.548770997597200605e+00
3.348671048871106137e+01,4.028063530964277383e+00
3.350671620462989608e+01,3.714131184616316972e+00
3.352672192054873079e+01,3.950582950053200815e+00
3.354672763646756550e+01,2.978064521973524670e+00
3.356673335238639311e+01,3.321926011809028800e+00
3.358673906830523492e+01,3.808005888100250758e+00
3.360674478422406253e+01,3.025978887825233610e+00
3.362675050014290434e+01,3.569159118142136933e+00
3.364675621606173195e+01,3.653356133538075756e+00
3.366676193198056666e+01,3.558836037395945784e+00
3.368676764789940137e+01,3.359810689736923095e+00
3.370677336381823608e+01,3.668818487841643883e+00
3.372677907973707079e+01,3.941258165905486166e+00
3.374678479565589839e+01,3.825265450724216532e+00
3.376679051157474021e+01,3.972654032196081708e+00
3.378679622749356781e+01,3.896229906341853066e+00
3.380680194341240963e+01,3.794345088974761637e+00
3.382680765933123723e+01,3.746611735966854706e+00
3.384681337525007194e+01,3.018409371909884342e+00
3.386681909116890665e+01,4.654514068734588506e+00
3.388682480708774136e+01,3.011359417962652163e+00
3.390683052300657607e+01,3.917454811285416838e+00
3.392683623892540368e+01,4.018361051939365325e+00
3.394684195484424549e+01,4.127747006807177321e+00
3.396684767076307310e+01,3.749377892434606618e+00
3.398685338668191491e+01,3.850881851846926551e+00
3.400685910260074252e+01,3.383492508011261002e+00
3.402686481851957723e+01,3.960092776936449788e+00
3.404687053443841194e+01,3.841570504273595699e+00
3.406687625035724665e+01,4.380021395348763669e+00
3.408688196627608136e+01,3.705189608981921623e+00
3.410688768219490896e+01,3.699811786817647885e+00
3.412689339811375078e+01,3.816785837427820738e+00
3.414689911403257838e+01,3.610861974878859737e+00
3.416690482995142020e+01,3.352727638850335978e+00
3.418691054587024780e+01,3.873798861893751333e+00
3.420691626178908251e+01,3.509953360746213669e+00
3.422692197770791722e+01,3.730065631871225307e+00
3.424692769362675193e+01,4.148448415323239047e+00
3.426693340954558664e+01,4.094547453462231701e+00
3.428693912546442135e+01,3.236668316701096781e+00
3.430694484138325606e+01,4.329185200909305919e+00
3.432695055730208367e+01,3.723880638994212955e+00
3.434695627322092548e+01,3.519110084143564521e+00
3.436696198913975309e+01,4.209952058064645009e+00
3.438696770505858780e+01,4.237008817149544804e+00
3.440697342097742251e+01,3.579726492042181185e+00
3.442697913689625722e+01,4.007801899558630865e+00
3.444698485281509193e+01,4.148890056925472081e+00
3.446699056873392664e+01,3.991682518310868844e+00
3.448699628465276135e+01,3.281903008658753507e+00
3.450700200057158895e+01,3.172347174259860569e+00
3.452700771649043077e+01,3.914773187021806322e+00
3.454701343240925837e+01,3.568302548436117050e+00
3.456701914832810019e+01,4.505453861277803895e+00
3.458702486424692779e+01,4.007001070328007231e+00
3.460703058016576250e+01,3.796440690177158128e+00
3.462703629608459721e+01,3.874262152654890379e+00
3.464704201200343192e+01,3.887373196693409749e+00
3.466704772792226663e+01,4.366936513411470600e+00
3.468705344384109424e+01,3.264231792902449580e+00
3.470705915975993605e+01,4.172931084890756814e+00
3.472706487567876366e+01,3.492376558201163661e+00
3.474707059159760547e+01,3.998783789380461862e+00
3.476707630751643308e+01,4.364066917785882183e+00
3.478708202343526779e+01,3.296939353940361972e+00
3.480708773935410250e+01,3.404463710559126000e+00
3.482709345527293721e+01,3.358661643168478594e+00
3.484709917119177192e+01,3.915369525474559964e+00
3.486710488711059952e+01,3.509113864678049310e+00
3.488711060302944134e+01,3.854202377338785901e+00
3.490711631894826894e+01,4.166435119619789518e+00
3.492712203486711076e+01,4.454093757305949808e+00
3.494712775078593836e+01,4.062084992067727995e+00
3.496713346670477307e+01,3.923369576234010392e+00
3.498713918262360778e+01,3.924098713969438990e+00
3.500714489854244249e+01,3.290603856905024660e+00
3.502715061446127720e+01,4.075683223814539069e+00
3.504715633038010481e+01,4.242363294011660457e+00
3.506716204629894662e+01,4.100243862561001151e+00
3.508716776221777423e+01,3.504751727678258266e+00
3.510717347813661604e+01,3.909263828775815242e+00
3.512717919405544365e+01,3.967212842695206465e+00
3.514718490997427836e+01,3.035942804795385364e+00
3.516719062589311307e+01,3.978129310080325443e+00
3.518719634181194778e+01,4.324286641749808702e+00
3.520720205773078249e+01,3.413164217098534792e+00
3.522720777364961720e+01,3.471920145072076469e+00
3.524721348956845191e+01,3.148211457316834938e+00
3.526721920548727951e+01,3.724506825299129797e+00
3.528722492140612133e+01,3.784325901372740830e+00
3.530723063732494893e+01,3.917712622335914219e+00
3.532723635324378364e+01,3.526027771884888029e+00
3.534724206916261835e+01,4.018957447499099445e+00
3.536724778508145306e+01,4.616366036079890378e+00
3.538725350100028777e+01,4.241503188497765642e+00
3.540725921691912248e+01,3.671787823591783351e+00
3.542726493283795719e+01,3.823515752248415112e+00
3.544727064875678479e+01,3.720621017628120253e+00
3.546727636467562661e+01,4.078873916585600945e+00
3.548728208059445421e+01,4.322909745433864970e+00
3.550728779651329603e+01,4.783353120158022165e+00
3.552729351243212363e+01,4.014490122429225316e+00
3.554729922835095834e+01,3.345413299592070455e+00
3.556730494426979305e+01,4.016097529443008796e+00
3.558731066018862776e+01,4.085007308974585527e+00
3.560731637610746247e+01,3.742693552248470112e+00
3.562732209202629008e+01,4.703515823374790017e+00
3.564732780794513189e+01,3.799565127476704163e+00
3.566733352386395950e+01,4.415399518731665474e+00
3.568733923978280131e+01,4.626096249472530175e+00
3.570734495570162892e+01,4.894850588989624995e+00
3.572735067162046363e+01,5.121218945544806722e+00
3.574735638753929834e+01,5.224835620031285544e+00
3.576736210345813305e+01,4.700352522612410766e+00
3.578736781937696776e+01,4.256656304190057583e+00
3.580737353529579536e+01,5.967442057203323102e+00
3.582737925121463718e+01,6.028175206393006746e+00
3.584738496713346478e+01,6.354319129504627739e+00
3.586739068305230660e+01,5.795311851026959005e+00
3.588739639897113420e+01,6.840500663629935474e+00
3.590740211488996891e+01,6.616023135649485631e+00
3.592740783080880362e+01,6.484924946423244130e+00
3.594741354672763833e+01,6.471901380197524034e+00
3.596741926264647304e+01,7.920878282255587877e+00
3.598742497856530065e+01,7.273468713269188868e+00
3.600743069448414246e+01,7.498582353090586849e+00
3.602743641040297007e+01,8.876941838019863695e+00
3.604744212632181188e+01,8.780896868676613565e+00
3.606744784224063949e+01,1.012153920374824700e+01
3.608745355815947420e+01,1.007705852195609708e+01
3.610745927407830891e+01,1.129096174488182491e+01
3.612746498999714362e+01,1.153222350805116214e+01
3.614747070591597833e+01,1.237364241681307853e+01
3.616747642183481304e+01,1.335909816809882322e+01
3.618748213775364775e+01,1.404130433576508707e+01
3.620748785367247535e+01,1.391664767974115691e+01
3.622749356959131717e+01,1.542766799045138271e+01
3.624749928551014477e+01,1.715651889859003987e+01
3.626750500142897948e+01,1.733315953033126178e+01
3.628751071734781419e+01,1.820387582266823756e+01
3.630751643326664890e+01,1.912720638389468419e+01
3.632752214918548361e+01,2.059328572228572085e+01
3.634752786510431832e+01,2.163555817743108989e+01
3.636753358102315303e+01,2.236443986888335900e+01
3.638753929694198064e+01,2.383186712536089047e+01
3.640754501286082245e+01,2.440853209529716139e+01
3.642755072877965006e+01,2.472042269299706163e+01
3.644755644469849187e+01,2.568253079600939870e+01
3.646756216061731948e+01,2.638737657234903367e+01
3.648756787653615419e+01,2.680895373970032836e+01
3.650757359245498890e+01,2.692718779886607905e+01
3.652757930837382361e+01,2.738823708726190986e+01
3.654758502429265832e+01,2.823436045138105399e+01
3.656759074021148592e+01,2.742418054662570626e+01
3.658759645613032774e+01,2.844308907818971122e+01
3.660760217204915534e+01,2.829066241924878966e+01
3.662760788796799716e+01,2.730056359847507608e+01
3.664761360388682476e+01,2.709553238891023597e+01
3.666761931980565947e+01,2.663101700061295318e+01
3.668762503572449418e+01,2.575660784849076634e+01
3.670763075164332889e+01,2.673825391407275731e+01
3.672763646756216360e+01,2.504082177075787996e+01
3.674764218348099121e+01,2.540840560900337408e+01
3.676764789939983302e+01,2.428390784662598989e+01
3.678765361531866063e+01,2.411125739884529295e+01
3.680765933123750244e+01,2.256375867231581367e+01
3.682766504715633005e+01,2.185058816186785791e+01
3.684767076307516476e+01,2.163688204501053036e+01
3.686767647899399947e+01,2.144357256506871323e+01
3.688768219491283418e+01,2.039124267637836141e+01
3.690768791083166889e+01,1.865527333271574761e+01
3.692769362675049649e+01,1.808061546165866318e+01
3.694769934266933831e+01,1.675239227333855752e+01
3.696770505858816591e+01,1.578237984217204115e+01
3.698771077450700773e+01,1.392150086152700617e+01
3.700771649042583533e+01,1.444921766500168303e+01
3.702772220634467004e+01,1.186715458734576423e+01
3.704772792226350475e+01,1.224958185871198424e+01
3.706773363818233946e+01,1.151758528854875685e+01
3.708773935410117417e+01,1.000733391256863314e+01
3.710774507002000888e+01,8.655110754427575159e+00
3.712775078593884359e+01,9.262763309198707162e+00
3.714775650185767120e+01,8.297442456854808412e+00
3.716776221777651301e+01,6.637953863381873987e+00
3.718776793369534062e+01,6.637436315262716491e+00
3.720777364961417533e+01,6.974955075616909639e+00
3.722777936553301004e+01,6.400468259240721380e+00
3.724778508145184475e+01,6.735107058911042444e+00
3.726779079737067946e+01,5.176551380135143710e+00
3.728779651328951417e+01,6.108447504887534407e+00
3.730780222920834888e+01,5.069348588872355954e+00
3.732780794512717648e+01,5.775805380035450298e+00
3.734781366104601830e+01,5.207998573668382924e+00
3.736781937696484590e+01,5.893987971689755412e+00
3.738782509288368772e+01,5.920302701808588530e+00
3.740783080880251532e+01,5.867740389835680581e+00
3.742783652472135003e+01,6.061521573779073968e+00
3.744784224064018474e+01,6.421922277243206523e+00
3.746784795655901945e+01,5.238865425751380478e+00
3.748785367247785416e+01,5.853640989490656921e+00
3.750785938839668177e+01,5.913027444193875937e+00
3.752786510431552358e+01,6.398039693886446777e+00
3.754787082023435119e+01,6.834195231568044093e+00
3.756787653615319300e+01,6.258064551379961316e+00
3.758788225207202061e+01,6.952509098062265913e+00
3.760788796799085532e+01,7.186394722900717014e+00
3.762789368390969003e+01,7.259351718897645966e+00
3.764789939982852474e+01,7.900702529704642707e+00
3.766790511574735945e+01,8.056397000011935816e+00
3.768791083166618705e+01,8.141387726468956032e+00
3.770791654758502887e+01,8.800126624962381072e+00
3.772792226350385647e+01,8.292575132529105275e+00
3.774792797942269829e+01,9.273591969474921370e+00
3.776793369534152589e+01,9.117288115397730763e+00
3.778793941126036060e+01,9.295487659120697188e+00
3.780794512717919531e+01,9.668688816073364833e+00
3.782795084309803002e+01,9.999971973070355347e+00
3.784795655901686473e+01,1.073562636421125305e+01
3.786796227493569234e+01,1.079463802373034653e+01
3.788796799085453415e+01,1.067921280866712763e+01
3.790797370677336176e+01,1.084349795459196386e+01
3.792797942269220357e+01,1.004568593286634126e+01
3.794798513861103118e+01,1.102003395954947607e+01
3.796799085452986589e+01,1.080922835807961313e+01
3.798799657044870060e+01,1.054818257584061492e+01
3.800800228636753531e+01,9.512714397065089145e+00
3.802800800228637002e+01,9.791548659941176069e+00
3.804801371820520473e+01,1.021221084949936753e+01
3.806801943412403944e+01,9.426247426269917185e+00
3.808802515004286704e+01,8.817847520411959295e+00
3.810803086596170886e+01,8.574689264964428403e+00
3.812803658188053646e+01,7.983362511071430134e+00
3.814804229779937117e+01,7.385890221619353824e+00
3.816804801371820588e+01,7.338550521607301036e+00
3.818805372963704059e+01,6.693051248697499567e+00
3.820805944555587530e+01,6.841096677355214872e+00
3.822806516147471001e+01,5.541630559043371207e+00
3.824807087739354472e+01,6.070144248900788853e+00
3.826807659331237232e+01,5.960756711119358897e+00
3.828808230923121414e+01,4.748096517735412192e+00
3.830808802515004174e+01,5.032194234519911546e+00
3.832809374106888356e+01,4.568384239627109267e+00
3.834809945698771116e+01,4.636670543457277915e+00
3.836810517290654587e+01,4.638463037119112897e+00
3.838811088882538058e+01,4.137057629368265488e+00
3.840811660474421529e+01,4.823442638377920311e+00
3.842812232066305000e+01,4.731223521846405156e+00
3.844812803658187761e+01,3.860926613357243298e+00
3.846813375250071942e+01,3.753605362161505532e+00
3.848813946841954703e+01,4.139694657816333390e+00
3.850814518433838884e+01,4.662808313046704178e+00
3.852815090025721645e+01,3.689715290281031734e+00
3.854815661617605116e+01,3.606640757552836973e+00
3.856816233209488587e+01,4.220571575863985458e+00
3.858816804801372058e+01,3.734230209438692327e+00
3.860817376393255529e+01,4.014692364872721519e+00
3.862817947985138289e+01,4.373933197112648052e+00
3.864818519577022471e+01,3.545083655746374074e+00
3.866819091168905231e+01,3.961021717415096344e+00
3.868819662760789413e+01,3.431211981544394440e+00
3.870820234352672173e+01,3.477156232228086452e+00
3.872820805944555644e+01,3.444813054437282140e+00
3.874821377536439115e+01,3.253729062905101443e+00
3.876821949128322586e+01,3.981197125271453530e+00
3.878822520720206057e+01,3.895942989459600270e+00
3.880823092312088818e+01,4.230597981390958218e+00
3.882823663903972999e+01,4.122828392969277722e+00
3.884824235495855760e+01,3.458956151461631379e+00
3.886824807087739941e+01,4.016865541417117491e+00
3.888825378679622702e+01,3.826044089327583553e+00
3.890825950271506173e+01,4.031348878401049163e+00
3.892826521863389644e+01,3.771928731802447476e+00
3.894827093455273115e+01,3.314519141042783446e+00
3.896827665047156586e+01,4.456019794517493970e+00
3.898828236639040057e+01,3.935245254303933571e+00
3.900828808230923528e+01,4.077362705031737811e+00
3.902829379822806288e+01,4.783665816294258022e+00
3.904829951414690470e+01,3.967251493983134036e+00
3.906830523006573230e+01,4.811619707278222968e+00
3.908831094598456701e+01,4.511248762130451340e+00
3.910831666190340172e+01,3.885053162986398689e+00
3.912832237782223643e+01,4.187537997409842561e+00
3.914832809374107114e+01,4.064282145821490388e+00
3.916833380965990585e+01,4.769823168534152558e+00
3.918833952557874056e+01,4.564771628070499077e+00
3.920834524149756817e+01,5.230606339234326718e+00
3.922835095741640998e+01,5.371419143521277029e+00
3.924835667333523759e+01,5.112722028119238260e+00
3.926836238925407940e+01,5.559674093943296924e+00
3.928836810517290701e+01,5.382158592025128918e+00
3.930837382109174172e+01,4.959092786003680864e+00
3.932837953701057643e+01,6.244922348293350467e+00
3.934838525292941114e+01,5.782511524356653609e+00
3.936839096884824585e+01,6.971085188592686777e+00
3.938839668476707345e+01,6.523915507515029688e+00
3.940840240068591527e+01,6.152349349316067695e+00
3.942840811660474287e+01,6.833584627080195872e+00
3.944841383252358469e+01,6.208198433744634315e+00
3.946841954844241229e+01,7.521092542157419736e+00
3.948842526436124700e+01,7.234615365048777669e+00
3.950843098028008171e+01,7.277385049236625214e+00
3.952843669619891642e+01,6.591324722665784286e+00
3.954844241211775113e+01,7.592478172471419207e+00
3.956844812803657874e+01,6.861405432121187253e+00
3.958845384395542055e+01,6.606548260876103029e+00
3.960845955987424816e+01,6.551107753113377896e+00
3.962846527579308997e+01,5.988238636561321826e+00
3.964847099171191758e+01,5.869722504380277428e+00
3.966847670763075229e+01,6.239165074011479462e+00
3.968848242354958700e+01,5.263942272174970682e+00
3.970848813946842171e+01,4.846039902681906320e+00
3.972849385538725642e+01,5.456553455478611703e+00
3.974849957130608402e+01,4.413048933556626530e+00
3.976850528722492584e+01,4.859635098020746113e+00
3.978851100314375344e+01,4.452039854065326985e+00
3.980851671906259526e+01,4.597198109146359180e+00
3.982852243498142286e+01,4.943114029353157690e+00
3.984852815090025757e+01,3.911279766745029640e+00
3.986853386681909228e+01,4.149790015190566450e+00
3.988853958273792699e+01,4.395813789546701322e+00
3.990854529865676170e+01,3.437860263999501065e+00
3.992855101457559641e+01,3.727150674929573526e+00
3.994855673049443112e+01,3.618398713740236694e+00
3.996856244641325873e+01,4.308813565197926465e+00
3.998856816233210054e+01,3.430589942373513779e+00
4.000857387825092815e+01,4.366374918453230336e+00
4.002857959416976286e+01,3.692002731186964759e+00
4.004858531008859757e+01,3.217944549653891428e+00
4.006859102600743228e+01,3.286658688565972763e+00
4.008859674192626699e+01,3.149651002171228065e+00
4.010860245784510170e+01,3.669667528570624171e+00
4.012860817376393641e+01,3.182513280486911178e+00
4.014861388968276401e+01,3.602322894201484438e+00
4.016861960560160583e+01,3.738798947826404984e+00
4.018862532152043343e+01,3.222529823007716843e+00
4.020863103743927525e+01,3.506405236043915519e+00
4.022863675335810285e+01,3.507272667699290913e+00
4.024864246927693756e+01,3.246052334757201230e+00
4.026864818519577227e+01,2.948598952842558685e+00
4.028865390111460698e+01,3.551751209749142824e+00
4.030865961703344169e+01,3.039021157228112280e+00
4.032866533295226930e+01,3.396344309799582462e+00
4.034867104887111111e+01,3.929126735305616513e+00
4.036867676478993872e+01,2.976262183060913280e+00
4.038868248070878053e+01,3.479759179081362230e+00
4.040868819662760814e+01,3.288156876605360601e+00
4.042869391254644285e+01,4.324136199492382815e+00
4.044869962846527756e+01,3.727559976305880429e+00
4.046870534438411227e+01,3.517762532946842491e+00
4.048871106030294698e+01,2.907892015163469956e+00
4.050871677622177458e+01,3.274824107381216542e+00
4.052872249214061640e+01,3.677695167696587664e+00
4.054872820805944400e+01,4.231507834644226307e+00
4.056873392397828582e+01,3.571705922138516343e+00
4.058873963989711342e+01,3.678083616006783352e+00
4.060874535581594813e+01,3.909093069876750093e+00
4.062875107173478284e+01,3.225975436858579126e+00
4.064875678765361755e+01,3.982549877866333077e+00
4.066876250357245226e+01,2.980814109684072566e+00
4.068876821949127986e+01,4.077321400612730962e+00
4.070877393541012168e+01,3.885557798869069934e+00
4.072877965132894929e+01,3.648101971119184661e+00
4.074878536724779110e+01,3.935835785123242836e+00
4.076879108316661871e+01,3.707982761436000807e+00
4.078879679908545342e+01,3.440713758981653214e+00
4.080880251500428813e+01,4.189765683661477169e+00
4.082880823092312284e+01,4.391126449141512289e+00
4.084881394684195755e+01,3.736890416462514075e+00
4.086881966276079226e+01,3.473589104903314961e+00
4.088882537867962697e+01,4.118327658422276549e+00
4.090883109459845457e+01,3.588740821222146771e+00
4.092883681051729639e+01,3.719429547545270331e+00
4.094884252643612399e+01,4.343754242840781821e+00
4.096884824235495870e+01,4.427125603857418490e+00
4.098885395827379341e+01,4.292162086002005772e+00
4.100885967419262812e+01,3.422018132523726219e+00
4.102886539011146283e+01,3.815421503082998544e+00
4.104887110603029754e+01,4.145800441679925896e+00
4.106887682194913225e+01,3.206730164993891741e+00
4.108888253786795985e+01,3.219803563686753911e+00
4.110888825378680167e+01,2.942020656987883953e+00
4.112889396970562927e+01,3.822465936956836785e+00
4.114889968562447109e+01,3.886683196095567006e+00
4.116890540154329869e+01,3.591736416423647160e+00
4.118891111746213340e+01,4.067614514701868522e+00
4.120891683338096811e+01,3.570071976880484499e+00
4.122892254929980282e+01,3.944260493976652349e+00
4.124892826521863753e+01,3.030275617276208866e+00
4.126893398113746514e+01,3.797950163220681130e+00
4.128893969705630695e+01,4.389260392606981753e+00
4.130894541297513456e+01,3.582167130093200313e+00
4.132895112889397637e+01,4.052799293897837885e+00
4.134895684481280398e+01,3.385869309813846595e+00
4.136896256073163869e+01,4.392235564294408867e+00
4.138896827665047340e+01,4.341670055805762374e+00
4.140897399256930811e+01,4.157877015763597583e+00
4.142897970848814282e+01,3.850540463881305442e+00
4.144898542440697042e+01,4.865612077141166836e+00
4.146899114032581224e+01,3.390700994147911373e+00
4.148899685624463984e+01,4.606103745701559227e+00
4.150900257216348166e+01,4.258286614405456305e+00
4.152900828808230926e+01,4.343583483278304236e+00
4.154901400400114397e+01,4.127288407171128881e+00
4.156901971991997868e+01,4.349207576270995190e+00
4.158902543583881339e+01,3.885449936707775276e+00
4.160903115175764810e+01,4.431951133266222698e+00
4.162903686767647571e+01,4.260293092313865770e+00
4.164904258359531752e+01,4.633130077863258478e+00
4.166904829951414513e+01,4.949207212620895469e+00
4.168905401543298694e+01,3.743367328691558527e+00
4.170905973135181455e+01,4.652460812263166545e+00
4.172906544727064926e+01,5.108623792109144190e+00
4.174907116318948397e+01,4.762675455425211091e+00
4.176907687910831868e+01,4.004196404684424948e+00
4.178908259502715339e+01,5.087112719565691776e+00
4.180908831094598810e+01,4.953646746534876577e+00
4.182909402686482281e+01,3.864471852245913830e+00
4.184909974278365041e+01,4.765930658375934215e+00
4.186910545870249223e+01,4.070777125997520507e+00
4.188911117462131983e+01,5.061754632318770319e+00
4.190911689054015454e+01,5.241274495217558282e+00
4.192912260645898925e+01,5.024579275295038450e+00
4.194912832237782396e+01,5.584153160374107472e+00
4.196913403829665867e+01,4.950439393313518899e+00
4.198913975421549338e+01,5.673383137304458756e+00
4.200914547013432809e+01,6.288557822291890531e+00
4.202915118605316280e+01,5.852946142080508451e+00
4.204915690197199041e+01,6.356077661631876374e+00
4.206916261789082512e+01,7.389645769616116411e+00
4.208916833380965983e+01,7.018558664361313149e+00
4.210917404972849454e+01,7.167235926243041177e+00
4.212917976564732925e+01,7.777720355643986672e+00
4.214918548156616396e+01,8.363987533059521695e+00
4.216919119748499867e+01,9.036300384370470340e+00
4.218919691340383338e+01,9.415746838198343127e+00
4.220920262932266809e+01,1.004536289340104993e+01
4.222920834524150280e+01,1.022846583621938521e+01
4.224921406116033040e+01,1.125715485496774448e+01
4.226921977707916511e+01,1.184683250469000093e+01
4.228922549299799982e+01,1.390817906061025155e+01
4.230923120891683453e+01,1.509603842348003866e+01
4.232923692483566924e+01,1.622458666724207532e+01
4.234924264075450395e+01,1.677450525576481510e+01
4.236924835667333866e+01,1.885365073883620468e+01
4.238925407259217337e+01,2.048583304922411585e+01
4.240925978851100808e+01,2.223340569656559040e+01
4.242926550442983569e+01,2.415046769752483868e+01
4.244927122034867040e+01,2.661236656105815968e+01
4.246927693626750511e+01,2.855427994405622982e+01
4.248928265218633982e+01,3.089004501383853807e+01
4.250928836810517453e+01,3.310921333980331838e+01
4.252929408402400924e+01,3.581579364419023648e+01
4.254929979994284395e+01,3.832549624997764681e+01
4.256930551586167866e+01,4.105391331258542209e+01
4.258931123178051337e+01,4.305924137593061829e+01
4.260931694769934097e+01,4.577022198028461730e+01
4.262932266361817568e+01,4.823931511714660303e+01
4.264932837953701039e+01,5.156329972036014198e+01
4.266933409545584510e+01,5.279778192800214498e+01
4.268933981137467981e+01,5.509032487347140261e+01
4.270934552729351452e+01,5.640047790330281430e+01
4.272935124321234923e+01,5.791785501165901451e+01
4.274935695913118394e+01,5.849407863263967045e+01
4.276936267505001865e+01,5.968811062920943300e+01
4.278936839096885336e+01,6.127659114848023592e+01
4.280937410688768097e+01,6.100990186384237290e+01
4.282937982280651568e+01,5.999591683920961316e+01
4.284938553872535039e+01,6.034233729823174741e+01
4.286939125464418510e+01,6.023977431466943244e+01
4.288939697056301981e+01,5.959319257195306108e+01
4.290940268648185452e+01,5.896760325482340193e+01
4.292940840240068923e+01,5.743523411996434902e+01
4.294941411831952394e+01,5.639439321017441387e+01
4.296941983423835865e+01,5.569870617423021741e+01
4.298942555015718625e+01,5.436135837454384756e+01
4.300943126607602096e+01,5.257965685384777288e+01
4.302943698199485567e+01,5.149484528818796036e+01
4.304944269791369038e+01,4.803049045286843466e+01
4.306944841383252509e+01,4.610945950778835112e+01
4.308945412975135980e+01,4.440664754222699884e+01
4.310945984567019451e+01,4.134481422657029270e+01
4.312946556158902922e+01,3.911848590434095030e+01
4.314947127750786393e+01,3.611002274547880830e+01
4.316947699342669864e+01,3.355276989416867650e+01
4.318948270934552625e+01,3.099013349828935660e+01
4.320948842526436096e+01,2.801117257152638018e+01
4.322949414118319567e+01,2.519708349191681407e+01
4.324949985710203038e+01,2.261319678572965586e+01
4.326950557302086509e+01,2.086005321296342530e+01
4.328951128893969980e+01,1.819621773234644024e+01
4.330951700485853451e+01,1.621818417101205156e+01
4.332952272077736922e+01,1.524367656015411754e+01
4.334952843669620393e+01,1.379271706214288251e+01
4.336953415261503153e+01,1.238634691754633366e+01
4.338953986853386624e+01,1.216437966759831468e+01
4.340954558445270095e+01,9.938052149375192101e+00
4.342955130037153566e+01,9.740478740652166678e+00
4.344955701629037037e+01,8.933042254294402795e+00
4.346956273220920508e+01,8.510223807902931981e+00
4.348956844812803979e+01,7.431232970571798546e+00
4.350957416404687450e+01,7.844682684065897860e+00
4.352957987996570921e+01,6.968742063894426408e+00
4.354958559588453681e+01,6.365064870355251259e+00
4.356959131180337153e+01,6.573454693413706806e+00
4.358959702772220624e+01,6.227871533757365796e+00
4.360960274364104095e+01,6.182644202484165241e+00
4.362960845955987566e+01,6.259843231160982846e+00
4.364961417547871037e+01,5.843350466852918146e+00
4.366961989139754508e+01,5.547124704477544022e+00
4.368962560731637979e+01,5.665669820942426327e+00
4.370963132323521450e+01,4.686415046606070334e+00
4.372963703915404921e+01,4.545395640664636971e+00
4.374964275507287681e+01,5.661590632533412659e+00
4.376964847099171152e+01,4.397568665658131870e+00
4.378965418691054623e+01,4.381260338603593318e+00
4.380965990282938094e+01,4.734041618204726021e+00
4.382966561874821565e+01,4.697126771257060796e+00
4.384967133466705036e+01,5.217029857823662020e+00
4.386967705058588507e+01,4.118055731755110749e+00
4.388968276650471978e+01,5.153184320549794251e+00
4.390968848242355449e+01,4.298088725890592876e+00
4.392969419834238209e+01,4.599629705755427622e+00
4.394969991426121680e+01,4.252705853550525994e+00
4.396970563018005151e+01,4.665282926531022056e+00
4.398971134609888622e+01,4.313624585536924627e+00
4.400971706201772093e+01,4.600066737952015927e+00
4.402972277793655564e+01,3.807308367734050680e+00
4.404972849385539035e+01,5.085360971590088042e+00
4.406973420977422506e+01,4.756218652175038919e+00
4.408973992569305977e+01,4.300227403528737113e+00
4.410974564161189448e+01,4.053101751878896764e+00
4.412975135753072209e+01,4.505002611461997652e+00
4.414975707344955680e+01,4.157782044409449540e+00
4.416976278936839151e+01,3.562167556897534837e+00
4.418976850528722622e+01,4.003283049227547963e+00
4.420977422120606093e+01,3.771141595947315128e+00
4.422977993712489564e+01,4.665571489926032100e+00
4.424978565304373035e+01,3.618600446637180390e+00
4.426979136896256506e+01,4.679469363715235808e+00
4.428979708488139977e+01,3.559936607447549139e+00
4.430980280080022737e+01,3.750521782356755818e+00
4.432980851671906208e+01,3.527465973968703761e+00
4.434981423263789679e+01,4.205733491163094584e+00
4.436981994855673150e+01,3.244845515185049045e+00
4.438982566447556621e+01,3.858733978521345698e+00
4.440983138039440092e+01,4.376387532258066315e+00
4.442983709631323563e+01,3.067433080178676885e+00
4.444984281223207034e+01,4.433412253382802426e+00
4.446984852815090505e+01,3.260235638406764558e+00
4.448985424406973266e+01,4.379682816770871234e+00
4.450985995998856737e+01,4.378501563193255564e+00
4.452986567590740208e+01,3.793089263271672618e+00
4.454987139182623679e+01,3.142818702279441823e+00
4.456987710774507150e+01,4.162838911617545712e+00
4.458988282366390621e+01,3.759210775298588825e+00
4.460988853958274092e+01,4.203610372201431744e+00
4.462989425550157563e+01,3.964120001313445218e+00
4.464989997142041034e+01,3.515352349982034497e+00
4.466990568733924505e+01,3.623890070905766869e+00
4.468991140325807265e+01,3.501328736442953726e+00
4.470991711917690736e+01,3.540794928668333341e+00
4.472992283509574207e+01,3.712931831059499643e+00
4.474992855101457678e+01,4.115622737125681496e+00
4.476993426693341149e+01,3.971944411610037307e+00
4.478993998285224620e+01,3.723932655620976639e+00
4.480994569877108091e+01,3.931033209439705356e+00
4.482995141468991562e+01,3.391551321529187035e+00
4.484995713060875033e+01,3.007676329102304535e+00
4.486996284652757794e+01,3.792039704267003319e+00
4.488996856244641265e+01,3.823797102384099311e+00
4.490997427836524736e+01,3.881874685233828615e+00
4.492997999428408207e+01,3.647005691051748766e+00
4.494998571020291678e+01,2.916470340883290380e+00
4.496999142612175149e+01,4.043658428259261584e+00
4.498999714204058620e+01,4.361913216363282331e+00
4.501000285795942091e+01,3.185247545275755598e+00
4.503000857387825562e+01,3.604361342721877470e+00
4.505001428979709033e+01,3.218682897032909551e+00
4.507002000571591793e+01,4.121773134015723095e+00
4.509002572163475264e+01,3.720529648741949913e+00
4.511003143755358735e+01,3.005412076117304210e+00
4.513003715347242206e+01,3.277848478591533166e+00
4.515004286939125677e+01,3.783394956257606356e+00
4.517004858531009148e+01,3.787170942738920409e+00
4.519005430122892619e+01,3.521734606378976284e+00
4.521006001714776090e+01,3.647612860470097029e+00
4.523006573306659561e+01,2.834438985991857507e+00
4.525007144898542322e+01,3.594284670287332339e+00
4.527007716490425793e+01,3.562769005831076363e+00
4.529008288082309264e+01,3.108949909698879743e+00
4.531008859674192735e+01,3.432436846332100888e+00
4.533009431266076206e+01,3.859678125091108303e+00
4.535010002857959677e+01,3.395606027473790256e+00
4.537010574449843148e+01,3.597252200324723592e+00
4.539011146041726619e+01,3.070874570312521978e+00
4.541011717633610090e+01,3.880296053601287376e+00
4.543012289225492850e+01,3.502691772400146064e+00
4.545012860817376321e+01,3.394016672882171459e+00
4.547013432409259792e+01,3.772781165109781121e+00
4.549014004001143263e+01,3.716252723790108625e+00
4.551014575593026734e+01,2.893770863164062401e+00
4.553015147184910205e+01,3.389607373620943775e+00
4.555015718776793676e+01,3.450111751286716988e+00
4.557016290368677147e+01,3.560088371424838805e+00
4.559016861960560618e+01,3.788346198211769433e+00
4.561017433552444089e+01,2.682920168269253391e+00
4.563018005144326850e+01,4.125563659363163715e+00
4.565018576736210321e+01,4.213464004394138485e+00
4.567019148328093792e+01,3.135117130596035029e+00
4.569019719919977263e+01,2.876725304935767280e+00
4.571020291511860734e+01,3.841096402500527418e+00
4.573020863103744205e+01,3.715571208992235697e+00
4.575021434695627676e+01,3.166330357644140836e+00
4.577022006287511147e+01,3.705739137931174376e+00
4.579022577879394618e+01,3.587730784081152979e+00
4.581023149471277378e+01,3.921826309256740473e+00
4.583023721063160849e+01,3.082214974349630321e+00
4.585024292655044320e+01,3.015320450995314872e+00
4.587024864246927791e+01,4.020744701011004452e+00
4.589025435838811262e+01,3.668090781841889303e+00
4.591026007430694733e+01,3.581852592717427175e+00
4.593026579022578204e+01,3.050000523467413238e+00
4.595027150614461675e+01,3.860801526457313670e+00
4.597027722206345146e+01,3.507794273596172019e+00
4.599028293798228617e+01,3.184011214373466903e+00
4.601028865390111378e+01,3.832207655119002077e+00
4.603029436981994849e+01,3.259385036258331869e+00
4.605030008573878320e+01,2.776049411513913601e+00
4.607030580165761791e+01,3.847453918532197203e+00
4.609031151757645262e+01,3.396449437407221161e+00
4.611031723349528733e+01,3.116524559675790229e+00
4.613032294941412204e+01,3.133454998568991456e+00
4.615032866533295675e+01,3.600748210995226906e+00
4.617033438125179146e+01,4.005938630285823976e+00
4.619034009717061906e+01,3.428494514550485928e+00
4.621034581308945377e+01,2.973695678946681742e+00
4.623035152900828848e+01,3.890401199859470083e+00
4.625035724492712319e+01,3.755003876210555092e+00
4.627036296084595790e+01,4.264959056303831098e+00
4.629036867676479261e+01,3.488818594605432200e+00
4.631037439268362732e+01,2.854758273093651599e+00
4.633038010860246203e+01,3.678522744571924186e+00
4.635038582452129674e+01,3.261481675647744716e+00
4.637039154044012434e+01,3.955551703974109934e+00
4.639039725635895905e+01,2.971778359728304508e+00
4.641040297227779376e+01,3.351829617803120609e+00
4.643040868819662847e+01,3.663408334660624543e+00
4.645041440411546319e+01,2.841918961148060419e+00
4.647042012003429790e+01,3.544579886695572224e+00
4.649042583595313261e+01,3.364580245364184652e+00
4.651043155187196732e+01,3.620709694071547968e+00
4.653043726779080203e+01,3.866981467391566341e+00
4.655044298370963674e+01,3.721963450336815082e+00
4.657044869962846434e+01,4.069196959385485535e+00
4.659045441554729905e+01,3.721994143320014992e+00
4.661046013146613376e+01,3.949892746488348205e+00
4.663046584738496847e+01,3.730164576819277933e+00
4.665047156330380318e+01,3.554770675252056922e+00
4.667047727922263789e+01,3.901594309991986531e+00
4.669048299514147260e+01,2.832275362396819318e+00
4.671048871106030731e+01,3.589511867890438968e+00
4.673049442697914202e+01,3.407837099081559629e+00
4.675050014289796962e+01,3.206655512471806801e+00
4.677050585881680433e+01,3.918487530418109266e+00
4.679051157473563904e+01,3.329575387867311331e+00
4.681051729065447375e+01,3.365220816044848462e+00
4.683052300657330846e+01,4.067619011733290435e+00
4.685052872249214317e+01,2.893799712459006912e+00
4.687053443841097788e+01,3.343630960205812297e+00
4.689054015432981259e+01,3.055942972987627737e+00
4.691054587024864730e+01,2.967459904006251925e+00
4.693055158616748201e+01,4.261348076316673783e+00
4.695055730208630962e+01,3.490595933024267516e+00
4.697056301800514433e+01,3.915946232369222013e+00
4.699056873392397904e+01,3.104502721951849509e+00
4.701057444984281375e+01,4.389943848223868628e+00
4.703058016576164846e+01,3.482471431391191530e+00
4.705058588168048317e+01,3.070073242461836660e+00
4.707059159759931788e+01,3.053891113765803134e+00
4.709059731351815259e+01,3.232407701928482702e+00
4.711060302943698730e+01,4.036011080359211078e+00
4.713060874535581490e+01,4.005873962418525558e+00
4.715061446127464961e+01,4.027460907101772847e+00
4.717062017719348432e+01,3.112861117037115655e+00
4.719062589311231903e+01,3.367561995731087610e+00
4.721063160903115374e+01,3.827734824605693476e+00
4.723063732494998845e+01,4.047490071841903791e+00
4.725064304086882316e+01,4.165220156302541277e+00
4.727064875678765787e+01,2.826036889389065720e+00
4.729065447270649258e+01,4.214230767740277273e+00
4.731066018862532019e+01,3.790066247299574975e+00
4.733066590454415490e+01,3.186783873634870368e+00
4.735067162046298961e+01,4.206092361952939562e+00
4.737067733638182432e+01,3.059858834101302438e+00
4.739068305230065903e+01,3.359690302078021773e+00
4.741068876821949374e+01,3.248832756757319196e+00
4.743069448413832845e+01,3.315319114078946861e+00
4.745070020005716316e+01,3.771959846547763284e+00
4.747070591597599787e+01,3.075259304442258479e+00
4.749071163189483258e+01,3.221355545000101461e+00
4.751071734781366018e+01,4.116272132937986328e+00
4.753072306373249489e+01,3.343960665875604477e+00
4.755072877965132960e+01,4.113712013129244838e+00
4.757073449557016431e+01,3.855656968308099231e+00
4.759074021148899902e+01,3.738615550201538795e+00
4.761074592740783373e+01,3.676080784653106726e+00
4.763075164332666844e+01,3.623465522095851377e+00
4.765075735924550315e+01,3.282911393863756633e+00
4.767076307516433786e+01,3.845365814571882535e+00
4.769076879108316547e+01,3.451235478811194302e+00
4.771077450700200018e+01,3.375147679281531587e+00
4.773078022292083489e+01,3.760650797790774380e+00
4.775078593883966960e+01,3.384706335856183301e+00
4.777079165475850431e+01,3.300351009386255807e+00
4.779079737067733902e+01,4.111961062752082618e+00
4.781080308659617373e+01,3.731572379196754774e+00
4.783080880251500844e+01,3.842763621614849523e+00
4.785081451843384315e+01,3.361326816570027187e+00
4.787082023435267075e+01,4.142356836878590798e+00
4.789082595027150546e+01,3.399661581165771995e+00
4.791083166619034017e+01,2.991255501342302114e+00
4.793083738210917488e+01,2.733764767779075289e+00
4.795084309802800959e+01,2.752458591087518336e+00
4.797084881394684430e+01,4.468824826675035666e+00
4.799085452986567901e+01,3.476959740415107358e+00
4.801086024578451372e+01,3.126552564918785304e+00
4.803086596170334843e+01,4.095317490594840848e+00
4.805087167762218314e+01,4.385451987703170573e+00
4.807087739354101075e+01,3.402471456421534146e+00
4.809088310945984546e+01,3.315551562515596906e+00
4.811088882537868017e+01,3.234960143142337152e+00
4.813089454129751488e+01,3.885277283030645457e+00
4.815090025721634959e+01,4.406402865921203116e+00
4.817090597313518430e+01,4.253609179275946062e+00
4.819091168905401901e+01,3.726318216768193192e+00
4.821091740497285372e+01,3.703294570323560464e+00
4.823092312089168843e+01,3.455140833544267043e+00
4.825092883681051603e+01,3.009364772819545841e+00
4.827093455272935074e+01,3.834913642824895774e+00
4.829094026864818545e+01,2.792270889208655849e+00
4.831094598456702016e+01,3.782249243799887584e+00
4.833095170048585487e+01,3.642564370664947759e+00
4.835095741640468958e+01,4.189762715818103445e+00
4.837096313232352429e+01,4.246691199459854182e+00
4.839096884824235900e+01,3.663634539595582496e+00
4.841097456416119371e+01,4.367465951591104734e+00
4.843098028008002842e+01,3.859669072433364878e+00
4.845098599599885603e+01,3.471792468014351041e+00
4.847099171191769074e+01,4.162786778362903561e+00
4.849099742783652545e+01,4.042296050685680875e+00
4.851100314375536016e+01,3.851334653562704879e+00
4.853100885967419487e+01,4.071970513454635565e+00
4.855101457559302958e+01,4.529864187330028713e+00
4.857102029151186429e+01,4.230964633099805638e+00
4.859102600743069900e+01,4.553543583243709669e+00
4.861103172334953371e+01,4.405373879126123882e+00
4.863103743926836131e+01,4.454427221817195637e+00
4.865104315518719602e+01,3.971263523698878473e+00
4.867104887110603073e+01,3.884292297500820279e+00
4.869105458702486544e+01,4.236177581691839222e+00
4.871106030294370015e+01,4.693305157324632937e+00
4.873106601886253486e+01,4.372715977282402910e+00
4.875107173478136957e+01,5.089713205155060649e+00
4.877107745070020428e+01,4.301080172825749059e+00
4.879108316661903899e+01,4.698878894684430207e+00
4.881108888253786660e+01,5.215501291389493588e+00
4.883109459845670131e+01,5.020636742598262536e+00
4.885110031437553602e+01,5.583950501967155589e+00
4.887110603029437073e+01,5.906311903184974454e+00
4.889111174621320544e+01,6.576983057897891172e+00
4.891111746213204015e+01,5.986932064974038958e+00
4.893112317805087486e+01,7.030563642610140107e+00
4.895112889396970957e+01,7.343965248448423466e+00
4.897113460988854428e+01,8.140847938175602039e+00
4.899114032580737899e+01,8.913539250016011550e+00
4.901114604172620659e+01,9.056654003749994075e+00
4.903115175764504130e+01,9.876703934634033288e+00
4.905115747356387601e+01,1.054793139761016540e+01
4.907116318948271072e+01,1.105995397992393237e+01
4.909116890540154543e+01,1.178438528020439158e+01
4.911117462132038014e+01,1.297090784757408066e+01
4.913118033723921485e+01,1.331087387664013733e+01
4.915118605315804956e+01,1.406020589193997949e+01
4.917119176907688427e+01,1.456847348252662577e+01
4.919119748499571187e+01,1.633525335858704963e+01
4.921120320091454658e+01,1.670110759782809140e+01
4.923120891683338129e+01,1.761649686982132224e+01
4.925121463275221600e+01,1.780877497263040965e+01
4.927122034867105071e+01,1.704116315453241626e+01
4.929122606458988542e+01,1.808012862387200315e+01
4.931123178050872014e+01,1.887051843904094994e+01
4.933123749642755485e+01,1.847773585158326171e+01
4.935124321234638956e+01,1.918694898420570638e+01
4.937124892826522427e+01,1.947881238608751886e+01
4.939125464418405187e+01,1.921278999693941358e+01
4.941126036010288658e+01,1.878748182526693711e+01
4.943126607602172129e+01,2.001185429613663302e+01
4.945127179194055600e+01,2.022622608340557449e+01
4.947127750785939071e+01,2.072098598947514603e+01
4.949128322377822542e+01,2.085543150655752243e+01
4.951128893969706013e+01,2.126400686409458274e+01
4.953129465561589484e+01,2.186303783746070195e+01
4.955130037153472955e+01,2.214418250883097983e+01
4.957130608745355715e+01,2.282251930737075440e+01
4.959131180337239186e+01,2.337665964278469133e+01
4.961131751929122657e+01,2.442596740765577223e+01
4.963132323521006128e+01,2.408823083187956726e+01
4.965132895112889599e+01,2.426226334778382565e+01
4.967133466704773070e+01,2.436753170859043038e+01
4.969134038296656541e+01,2.456292776833316438e+01
4.971134609888540012e+01,2.408474766312335547e+01
4.973135181480423483e+01,2.488740511804835975e+01
4.975135753072306244e+01,2.304934868866865827e+01
4.977136324664189715e+01,2.338969143741670464e+01
4.979136896256073186e+01,2.223041627150744759e+01
4.981137467847956657e+01,2.175430577017278821e+01
4.983138039439840128e+01,2.067230514410556097e+01
4.985138611031723599e+01,1.947655188209758492e+01
4.987139182623607070e+01,1.914228636872766032e+01
4.989139754215490541e+01,1.754567511011579839e+01
4.991140325807374012e+01,1.716801114255926564e+01
4.993140897399257483e+01,1.567510614451361128e+01
4.995141468991140243e+01,1.551724389254591330e+01
4.997142040583023714e+01,1.355258386556441508e+01
4.999142612174907185e+01,1.257042278577885419e+01
5.001143183766790656e+01,1.192362930118485664e+01
5.003143755358674127e+01,1.058305813173574705e+01
5.005144326950557598e+01,1.019320663978793462e+01
5.007144898542441069e+01,9.176798672208768437e+00
5.009145470134324540e+01,8.689666536450900480e+00
5.011146041726208011e+01,8.235167033725900865e+00
5.013146613318090772e+01,7.770942145068344686e+00
5.015147184909974243e+01,7.652304555645540241e+00
5.017147756501857714e+01,7.154372368882745192e+00
5.019148328093741185e+01,6.411039981829179446e+00
5.021148899685624656e+01,6.257987081536245277e+00
5.023149471277508127e+01,5.512294058599596980e+00
5.025150042869391598e+01,5.316912444676045624e+00
5.027150614461275069e+01,5.205323437163958289e+00
5.029151186053158540e+01,4.428684235365675903e+00
5.031151757645042011e+01,5.330816493587939853e+00
5.033152329236924771e+01,5.069615740711828522e+00
5.035152900828808242e+01,5.863923275409485214e+00
5.037153472420691713e+01,4.828579510129191732e+00
5.039154044012575184e+01,4.272083997898078245e+00
5.041154615604458655e+01,4.895717131419314860e+00
5.043155187196342126e+01,5.069591752401509055e+00
5.045155758788225597e+01,4.458101517825720173e+00
5.047156330380109068e+01,4.782029398390283959e+00
5.049156901971992539e+01,3.953612824715116325e+00
5.051157473563875300e+01,4.696981794372113939e+00
5.053158045155758771e+01,4.381257941802491729e+00
5.055158616747642242e+01,3.617378452287901780e+00
5.057159188339525713e+01,5.064224800752410438e+00
5.059159759931409184e+01,4.632008546678375360e+00
5.061160331523292655e+01,4.292534158179983628e+00
5.063160903115176126e+01,3.598415787952085498e+00
5.065161474707059597e+01,3.481531460299583269e+00
5.067162046298943068e+01,4.743543051340128436e+00
5.069162617890825828e+01,3.446822223959574050e+00
5.071163189482709299e+01,3.759363356979170234e+00
5.073163761074592770e+01,4.612499834967246137e+00
5.075164332666476241e+01,3.729203941614527729e+00
5.077164904258359712e+01,3.216657856464755660e+00
5.079165475850243183e+01,3.666351773964429128e+00
5.081166047442126654e+01,3.390620267856768066e+00
5.083166619034010125e+01,3.506415349824323791e+00
5.085167190625893596e+01,4.101429660962293333e+00
5.087167762217777067e+01,3.063297360530708335e+00
5.089168333809659828e+01,3.526326100389497675e+00
5.091168905401543299e+01,3.175420827818306257e+00
5.093169476993426770e+01,4.094400424650339154e+00
5.095170048585310241e+01,3.778902110790932412e+00
5.097170620177193712e+01,3.387053173177246190e+00
5.099171191769077183e+01,3.346023251238927632e+00
5.101171763360960654e+01,3.048153643706695615e+00
5.103172334952844125e+01,4.174586478860781824e+00
5.105172906544727596e+01,3.066270408548223969e+00
5.107173478136610356e+01,3.726913259569592629e+00
5.109174049728493827e+01,4.019139543813166959e+00
5.111174621320377298e+01,3.700821328903288521e+00
5.113175192912260769e+01,3.734143998182890556e+00
5.115175764504144240e+01,3.601910023704766761e+00
5.117176336096027711e+01,3.960526412850715161e+00
5.119176907687911182e+01,3.633458563989366397e+00
5.121177479279794653e+01,3.644913225455248984e+00
5.123178050871678124e+01,3.327028394882534545e+00
5.125178622463561595e+01,3.504234032763045459e+00
5.127179194055444356e+01,2.904394083351200528e+00
5.129179765647327827e+01,3.968564860241096337e+00
5.131180337239211298e+01,3.492638624617494081e+00
5.133180908831094769e+01,4.203281519740133199e+00
5.135181480422978240e+01,3.471594138069994617e+00
5.137182052014861711e+01,2.965138553017721446e+00
5.139182623606745182e+01,3.439309861259965295e+00
5.141183195198628653e+01,3.982294270877916986e+00
5.143183766790512124e+01,3.508636518272344240e+00
5.145184338382394884e+01,3.882697261382731302e+00
5.147184909974278355e+01,3.799519364283796552e+00
5.149185481566161826e+01,3.185677687095165744e+00
5.151186053158045297e+01,3.844469525009942323e+00
5.153186624749928768e+01,3.403500093832366957e+00
5.155187196341812239e+01,3.345917421884632148e+00
5.157187767933695710e+01,3.407833626969655416e+00
5.159188339525579181e+01,3.459665929993239075e+00
5.161188911117462652e+01,3.341667312045526472e+00
5.163189482709345413e+01,3.500113347678535547e+00
5.165190054301228884e+01,3.562325666805793656e+00
5.167190625893112355e+01,3.513370652636046643e+00
5.169191197484995826e+01,3.307779653575407153e+00
5.171191769076879297e+01,3.462441993276772045e+00
5.173192340668762768e+01,4.233223720740124207e+00
5.175192912260646239e+01,4.480101148207565664e+00
5.177193483852529710e+01,3.915868683999719213e+00
5.179194055444413181e+01,4.097589167538556509e+00
5.181194627036296652e+01,4.136070066442195881e+00
5.183195198628179412e+01,3.976389882068068538e+00
5.185195770220062883e+01,3.260174124577036814e+00
5.187196341811946354e+01,2.988977076372530739e+00
5.189196913403829825e+01,3.052189202211556207e+00
5.191197484995713296e+01,3.833015340161638029e+00
5.193198056587596767e+01,3.830782604945132785e+00
5.195198628179480238e+01,4.542222220069753291e+00
5.197199199771363709e+01,4.489084415943096928e+00
5.199199771363247180e+01,4.588616738268465056e+00
5.201200342955129940e+01,4.329553722671687588e+00
5.203200914547013411e+01,3.829074110626129457e+00
5.205201486138896882e+01,4.553392878000107835e+00
5.207202057730780353e+01,4.895476625168229567e+00
5.209202629322663824e+01,4.850467873452857681e+00
5.211203200914547295e+01,5.793400803900032869e+00
5.213203772506430766e+01,5.706262219141736480e+00
5.215204344098314237e+01,5.717994521150155052e+00
5.217204915690197708e+01,6.243809031557105982e+00
5.219205487282081180e+01,5.670055651974974076e+00
5.221206058873963940e+01,6.292048871630169238e+00
5.223206630465847411e+01,6.815162523717289034e+00
5.225207202057730882e+01,6.940653137586908272e+00
5.227207773649614353e+01,6.718494017690445297e+00
5.229208345241497824e+01,7.186093823725563823e+00
5.231208916833381295e+01,7.814137492785397932e+00
5.233209488425264766e+01,8.860145391326755160e+00
5.235210060017148237e+01,8.891863706321158745e+00
5.237210631609031708e+01,8.095283491182756919e+00
5.239211203200914468e+01,8.227167282724296982e+00
5.241211774792797939e+01,8.498586984505960729e+00
5.243212346384681410e+01,7.732708449270546680e+00
5.245212917976564881e+01,7.629918722199928283e+00
5.247213489568448352e+01,7.915756742336185425e+00
5.249214061160331823e+01,8.436727471840800519e+00
5.251214632752215294e+01,7.629284422790434839e+00
5.253215204344098765e+01,7.540858719754983674e+00
5.255215775935982236e+01,7.602691456326814645e+00
5.257216347527864997e+01,6.948897354409715454e+00
5.259216919119748468e+01,6.881968209381891022e+00
5.261217490711631939e+01,5.741941945313597806e+00
5.263218062303515410e+01,5.665867982628533639e+00
5.265218633895398881e+01,5.931604960359264211e+00
5.267219205487282352e+01,6.023407259774225864e+00
5.269219777079165823e+01,5.258330160005115772e+00
5.271220348671049294e+01,5.757946542959959224e+00
5.273220920262932765e+01,5.486405639613224139e+00
5.275221491854816236e+01,5.632677468621661632e+00
5.277222063446698996e+01,5.303821936073539689e+00
5.279222635038582467e+01,4.229123009432702140e+00
5.281223206630465938e+01,4.419832439764704191e+00
5.283223778222349409e+01,4.831305934883701525e+00
5.285224349814232880e+01,3.734360513919205982e+00
5.287224921406116351e+01,3.498103432552534642e+00
5.289225492997999822e+01,3.748949224640762079e+00
5.291226064589883293e+01,3.897832359875368358e+00
5.293226636181766764e+01,4.109954026936390115e+00
5.295227207773649525e+01,4.141666789213124922e+00
5.297227779365532996e+01,3.676554085912458358e+00
5.299228350957416467e+01,3.834757226766014604e+00
5.301228922549299938e+01,3.607157913798602511e+00
5.303229494141183409e+01,3.450544019606711643e+00
5.305230065733066880e+01,2.782420808642952270e+00
5.307230637324950351e+01,3.553590022294943029e+00
5.309231208916833822e+01,3.450815808876228186e+00
5.311231780508717293e+01,3.625839003895706014e+00
5.313232352100600764e+01,3.031582972091470207e+00
5.315232923692483524e+01,3.701880410555913770e+00
5.317233495284366995e+01,3.887156959821338909e+00
5.319234066876250466e+01,3.700644905703376786e+00
5.321234638468133937e+01,3.740912439383194510e+00
5.323235210060017408e+01,3.224744375733245239e+00
5.325235781651900879e+01,3.104372417641132031e+00
5.327236353243784350e+01,3.519890896166290695e+00
5.329236924835667821e+01,3.152003823376100300e+00
5.331237496427551292e+01,2.856261734105665084e+00
5.333238068019434053e+01,3.394777189367601533e+00
5.335238639611317524e+01,3.492567777885385638e+00
5.337239211203200995e+01,3.034495571505181566e+00
5.339239782795084466e+01,3.227757344420534302e+00
5.341240354386967937e+01,3.025398190010887944e+00
5.343240925978851408e+01,2.696584125931948073e+00
5.345241497570734879e+01,3.649823872947747017e+00
5.347242069162618350e+01,2.972809401155369180e+00
5.349242640754501821e+01,3.660844676063796044e+00
5.351243212346384581e+01,3.615927565846210889e+00
5.353243783938268052e+01,3.342820565662323329e+00
5.355244355530151523e+01,3.874035375838570605e+00
5.357244927122034994e+01,3.846505339545391422e+00
5.359245498713918465e+01,4.124403791272362341e+00
5.361246070305801936e+01,3.735950594420346160e+00
5.363246641897685407e+01,3.170034648149368639e+00
5.365247213489568878e+01,3.449313222287650138e+00
5.367247785081452349e+01,3.361046496351395518e+00
5.369248356673335820e+01,3.955117151611433179e+00
5.371248928265218581e+01,2.958005487540354750e+00
5.373249499857102052e+01,3.544382015743761105e+00
5.375250071448985523e+01,3.526092739260341169e+00
5.377250643040868994e+01,3.691495840360385916e+00
5.379251214632752465e+01,3.709935172480601118e+00
5.381251786224635936e+01,2.802192290834100152e+00
5.383252357816519407e+01,3.143244064067339139e+00
5.385252929408402878e+01,3.948990988281106951e+00
5.387253501000286349e+01,3.041148959732568713e+00
5.389254072592169109e+01,2.797628840572428111e+00
5.391254644184052580e+01,3.650142491247290177e+00
5.393255215775936051e+01,3.083723647296906289e+00
5.395255787367819522e+01,3.732720736808301965e+00
5.397256358959702993e+01,3.028580168716717758e+00
5.399256930551586464e+01,3.245386363255530870e+00
5.401257502143469935e+01,3.755532036578593136e+00
5.403258073735353406e+01,3.428692740856952526e+00
5.405258645327236877e+01,3.376900165423527778e+00
5.407259216919120348e+01,4.205420223506253663e+00
5.409259788511003109e+01,3.956459931848719691e+00
5.411260360102886580e+01,3.103276988747541765e+00
5.413260931694770051e+01,3.171816252204973985e+00
5.415261503286653522e+01,3.419147407298604335e+00
5.417262074878536993e+01,3.790056307425441418e+00
5.419262646470420464e+01,3.897907780047970228e+00
5.421263218062303935e+01,3.420167166581092211e+00
5.423263789654187406e+01,4.125324266963164455e+00
5.425264361246070877e+01,3.136108243833756415e+00
5.427264932837953637e+01,3.437352071770288120e+00
5.429265504429837108e+01,3.379527312343189926e+00
5.431266076021720579e+01,3.046466741530835520e+00
5.433266647613604050e+01,3.887046510899666352e+00
5.435267219205487521e+01,2.956026911433281334e+00
5.437267790797370992e+01,3.578527465586403444e+00
5.439268362389254463e+01,2.758286841811249168e+00
5.441268933981137934e+01,3.589704019665549417e+00
5.443269505573021405e+01,3.653172766390735404e+00
5.445270077164904166e+01,3.153694420762938044e+00
5.447270648756787637e+01,3.523432036598074468e+00
5.449271220348671108e+01,3.290848190592927658e+00
5.451271791940554579e+01,3.272949477174239785e+00
5.453272363532438050e+01,3.375768183103648123e+00
5.455272935124321521e+01,2.726473311217612938e+00
5.457273506716204992e+01,3.618038583870355041e+00
5.459274078308088463e+01,3.794999738258109989e+00
5.461274649899971934e+01,3.260385153346329279e+00
5.463275221491855405e+01,3.522801162246744333e+00
5.465275793083738165e+01,3.583816003064044686e+00
5.467276364675621636e+01,3.484343063341305946e+00
5.469276936267505107e+01,3.814716068735190646e+00
5.471277507859388578e+01,3.281804462323879346e+00
5.473278079451272049e+01,3.353254365906779721e+00
5.475278651043155520e+01,4.006775199046943570e+00
5.477279222635038991e+01,2.998197499168038238e+00
5.479279794226922462e+01,3.038387025744585745e+00
5.481280365818805933e+01,3.707518237707068565e+00
5.483280937410688693e+01,3.376942783081274602e+00
5.485281509002572164e+01,3.174865107698911171e+00
5.487282080594455635e+01,3.790921704313211738e+00
5.489282652186339106e+01,3.584131088633519813e+00
5.491283223778222577e+01,3.843621043856279673e+00
5.493283795370106048e+01,3.155738302616729385e+00
5.495284366961989519e+01,4.088164304490743639e+00
5.497284938553872990e+01,3.325524007644959035e+00
5.499285510145756461e+01,3.259319237735567754e+00
5.501286081737639222e+01,3.839164500624962617e+00
5.503286653329522693e+01,2.959749819741162025e+00
5.505287224921406164e+01,3.419468922992242366e+00
5.507287796513289635e+01,3.546156506800614672e+00
5.509288368105173106e+01,3.405456287840628704e+00
5.511288939697056577e+01,3.810702723041170525e+00
5.513289511288940048e+01,3.814388025548137051e+00
5.515290082880823519e+01,3.685665259354863110e+00
5.517290654472706990e+01,3.422491768665432144e+00
5.519291226064590461e+01,3.529690737654141763e+00
5.521291797656473221e+01,3.194832114072798657e+00
5.523292369248356692e+01,3.094381844377129376e+00
5.525292940840240163e+01,3.812533696495012059e+00
5.527293512432123634e+01,3.675702405759775804e+00
5.529294084024007105e+01,3.526992004458484598e+00
5.531294655615890576e+01,3.319923985781338960e+00
5.533295227207774047e+01,3.471409452654686589e+00
5.535295798799657518e+01,3.072420498195134186e+00
5.537296370391540989e+01,3.112232260029714315e+00
5.539296941983423750e+01,4.562972309509825131e+00
5.541297513575307221e+01,3.891709280031514950e+00
5.543298085167190692e+01,3.731200261868985457e+00
5.545298656759074163e+01,4.464007360238823274e+00
5.547299228350957634e+01,4.070379970919138835e+00
5.549299799942841105e+01,4.781863724843811170e+00
5.551300371534724576e+01,4.771813190195413057e+00
5.553300943126608047e+01,4.525366312920795941e+00
5.555301514718491518e+01,5.158323250630247436e+00
5.557302086310374989e+01,4.913332405676110959e+00
5.559302657902257749e+01,5.597144321116067189e+00
5.561303229494141220e+01,4.922483528648673001e+00
5.563303801086024691e+01,5.409204986063286036e+00
5.565304372677908162e+01,4.736163305649526478e+00
5.567304944269791633e+01,5.425515899080137316e+00
5.569305515861675104e+01,4.917255565646728499e+00
5.571306087453558575e+01,5.761533610379360404e+00
5.573306659045442046e+01,4.670608528266517290e+00
5.575307230637325517e+01,4.398276435276300411e+00
5.577307802229208278e+01,4.299445663949543750e+00
5.579308373821091749e+01,4.407764730488168858e+00
5.581308945412975220e+01,4.672529019953494789e+00
5.583309517004858691e+01,4.146448772990829923e+00
5.585310088596742162e+01,4.504360618056716170e+00
5.587310660188625633e+01,4.472255564806658867e+00
5.589311231780509104e+01,5.443422715362896014e+00
5.591311803372392575e+01,3.856883869461050551e+00
5.593312374964276046e+01,3.996755307940729640e+00
5.595312946556158806e+01,4.767603379025892707e+00
5.597313518148042277e+01,4.339420797583252387e+00
5.599314089739925748e+01,3.677959625484759965e+00
5.601314661331809219e+01,4.501319565341002082e+00
5.603315232923692690e+01,5.029555396673219825e+00
5.605315804515576161e+01,4.060298563055638965e+00
5.607316376107459632e+01,4.079218089484741405e+00
5.609316947699343103e+01,4.657119200590441821e+00
5.611317519291226574e+01,4.521930843570721059e+00
5.613318090883110045e+01,4.775015806501189175e+00
5.615318662474992806e+01,5.440296829735743245e+00
5.617319234066876277e+01,5.032447497516330692e+00
5.619319805658759748e+01,5.413635819781950076e+00
5.621320377250643219e+01,5.269228407730672359e+00
5.623320948842526690e+01,6.264139589434487121e+00
5.625321520434410161e+01,6.114065093010395024e+00
5.627322092026293632e+01,5.807992019600304090e+00
5.629322663618177103e+01,6.301851089255499083e+00
5.631323235210060574e+01,7.307697880965357662e+00
5.633323806801943334e+01,7.693810534701488457e+00
5.635324378393826805e+01,8.722225916457071904e+00
5.637324949985710276e+01,8.920102952961546094e+00
5.639325521577593747e+01,9.140620941966517421e+00
5.641326093169477218e+01,9.387143743504246629e+00
5.643326664761360689e+01,1.106251468267694804e+01
5.645327236353244160e+01,1.088670925225348718e+01
5.647327807945127631e+01,1.130041087737758865e+01
5.649328379537011102e+01,1.239891427346860553e+01
5.651328951128894573e+01,1.116564012112047877e+01
5.653329522720777334e+01,1.234034217237810971e+01
5.655330094312660805e+01,1.298853804529075973e+01
5.657330665904544276e+01,1.233583156228266731e+01
5.659331237496427747e+01,1.144986617657630390e+01
5.661331809088311218e+01,1.172220474260775624e+01
5.663332380680194689e+01,1.160501599184424926e+01
5.665332952272078160e+01,1.061994149127919940e+01
5.667333523863961631e+01,1.024432971332034370e+01
5.669334095455845102e+01,9.527402887206758209e+00
5.671334667047727862e+01,8.874194275045192981e+00
5.673335238639611333e+01,8.512382977790990068e+00
5.675335810231494804e+01,7.145398059703757632e+00
5.677336381823378275e+01,6.832944098241573450e+00
5.679336953415261746e+01,5.858518332352669944e+00
5.681337525007145217e+01,6.866485578562834036e+00
5.683338096599028688e+01,6.332701801011040743e+00
5.685338668190912159e+01,4.932772630710245743e+00
5.687339239782795630e+01,5.007244704883141218e+00
5.689339811374678391e+01,4.829750139730425218e+00
5.691340382966561862e+01,4.449791046460881638e+00
5.693340954558445333e+01,5.113992475855970277e+00
5.695341526150328804e+01,4.338580355202870997e+00
5.697342097742212275e+01,4.037948469408888741e+00
5.699342669334095746e+01,4.177020353708918776e+00
5.701343240925979217e+01,4.457935854582800950e+00
5.703343812517862688e+01,3.554926705854779989e+00
5.705344384109746159e+01,4.665578689848424609e+00
5.707344955701629630e+01,3.954996890500658946e+00
5.709345527293512390e+01,3.384270156098690752e+00
5.711346098885395861e+01,3.787058092802352949e+00
5.713346670477279332e+01,3.483853489077580079e+00
5.715347242069162803e+01,3.705022557721710186e+00
5.717347813661046274e+01,3.205985163036823238e+00
5.719348385252929745e+01,3.471275618372850591e+00
5.721348956844813216e+01,3.595312531559091695e+00
5.723349528436696687e+01,3.691886091564342109e+00
5.725350100028580158e+01,3.309057636149101977e+00
5.727350671620462919e+01,3.520869665555016237e+00
5.729351243212346390e+01,3.913528432843424554e+00
5.731351814804229861e+01,3.729555305590853465e+00
5.733352386396113332e+01,3.831429249447145136e+00
5.735352957987996803e+01,3.333721012782650650e+00
5.737353529579880274e+01,3.436189765576080468e+00
5.739354101171763745e+01,4.418220134172177183e+00
5.741354672763647216e+01,3.646529893153992674e+00
5.743355244355530687e+01,3.727043755869215769e+00
5.745355815947414158e+01,3.543942156682174272e+00
5.747356387539296918e+01,3.727704123055317620e+00
5.749356959131180389e+01,3.234459501545461357e+00
5.751357530723063860e+01,3.998579794085978634e+00
5.753358102314947331e+01,4.193058981800264817e+00
5.755358673906830802e+01,4.038796612083035420e+00
5.757359245498714273e+01,3.932175792987394836e+00
5.759359817090597744e+01,4.002268322345600815e+00
5.761360388682481215e+01,4.438721467544682220e+00
5.763360960274364686e+01,4.001482138902378694e+00
5.765361531866247446e+01,4.307917597290657596e+00
5.767362103458130917e+01,4.410314301539938420e+00
5.769362675050014388e+01,3.975507615381440374e+00
5.771363246641897859e+01,3.544408809784476144e+00
5.773363818233781330e+01,4.104524385159262323e+00
5.775364389825664801e+01,4.209138663540414882e+00
5.777364961417548272e+01,4.378577783952381175e+00
5.779365533009431743e+01,4.615531690773331697e+00
5.781366104601315214e+01,5.012729496378688587e+00
5.783366676193197975e+01,5.526964003692887317e+00
5.785367247785081446e+01,5.224599907817561117e+00
5.787367819376964917e+01,4.777683680225051077e+00
5.789368390968848388e+01,6.028492164881926740e+00
5.791368962560731859e+01,5.643132046696361925e+00
5.793369534152615330e+01,5.738812225507161635e+00
5.795370105744498801e+01,5.231422337967372549e+00
5.797370677336382272e+01,6.042691586922655844e+00
5.799371248928265743e+01,6.570419630898671315e+00
5.801371820520149214e+01,6.660738817593256478e+00
5.803372392112031974e+01,6.830608667793637068e+00
5.805372963703915445e+01,7.190749261196701880e+00
5.807373535295798916e+01,7.138839434280255247e+00
5.809374106887682387e+01,6.110636722570594870e+00
5.811374678479565858e+01,6.552659897006903655e+00
5.813375250071449329e+01,6.871495639100099417e+00
5.815375821663332800e+01,6.591131746830437343e+00
5.817376393255216271e+01,6.549600799751298830e+00
5.819376964847099742e+01,7.106079125266971275e+00
5.821377536438982503e+01,5.938252967291486328e+00
5.823378108030865974e+01,5.961814051749169785e+00
5.825378679622749445e+01,6.467375849416748146e+00
5.827379251214632916e+01,6.893726574917513616e+00
5.829379822806516387e+01,5.923710528366058270e+00
5.831380394398399858e+01,6.195360954806488074e+00
5.833380965990283329e+01,6.027007617805143269e+00
5.835381537582166800e+01,5.564884807186960103e+00
5.837382109174050271e+01,4.928054688044812615e+00
5.839382680765933742e+01,5.998477010414580590e+00
5.841383252357816502e+01,5.670304955742482278e+00
5.843383823949699973e+01,5.166425804585621506e+00
5.845384395541583444e+01,5.010926360434475590e+00
5.847384967133466915e+01,4.683742690907828354e+00
5.849385538725350386e+01,4.799396119196373434e+00
5.851386110317233857e+01,5.009005611601829777e+00
5.853386681909117328e+01,4.731314302395056792e+00
5.855387253501000799e+01,4.231760105432786467e+00
5.857387825092884270e+01,5.072897772862389409e+00
5.859388396684767031e+01,5.418041563118018544e+00
5.861388968276650502e+01,4.305767465137533279e+00
5.863389539868533973e+01,5.148210114835384488e+00
5.865390111460417444e+01,5.064798302764030424e+00
5.867390683052300915e+01,5.723040924617626146e+00
5.869391254644184386e+01,5.300223027609531457e+00
5.871391826236067857e+01,4.718026593557270054e+00
5.873392397827951328e+01,4.788656028829951339e+00
5.875392969419834799e+01,5.616355949673980774e+00
5.877393541011717559e+01,4.178721951933732193e+00
5.879394112603601030e+01,4.800990814390670103e+00
5.881394684195484501e+01,5.219399729964274037e+00
5.883395255787367972e+01,5.624323212358478763e+00
5.885395827379251443e+01,4.409447258914262591e+00
5.887396398971134914e+01,4.964982151709019575e+00
5.889396970563018385e+01,5.275981871394773925e+00
5.891397542154901856e+01,4.419069264154329879e+00
5.893398113746785327e+01,4.987037009809606403e+00
5.895398685338668798e+01,4.743470837950332530e+00
5.897399256930551559e+01,3.779360741770950050e+00
5.899399828522435030e+01,4.577455654316294975e+00
5.901400400114318501e+01,4.167140032994523402e+00
5.903400971706201972e+01,4.603749939606879948e+00
5.905401543298085443e+01,4.206896982127613427e+00
5.907402114889968914e+01,4.533755687315447425e+00
5.909402686481852385e+01,3.713852996772490922e+00
5.911403258073735856e+01,4.474148282769267126e+00
5.913403829665619327e+01,4.374265562926090922e+00
5.915404401257502087e+01,4.377113500944742164e+00
5.917404972849385558e+01,3.688631958094035657e+00
5.919405544441269029e+01,4.291198935172861439e+00
5.921406116033152500e+01,3.563793200545819495e+00
5.923406687625035971e+01,3.478946434497393270e+00
5.925407259216919442e+01,3.748937182755445185e+00
5.927407830808802913e+01,4.227811247775416170e+00
5.929408402400686384e+01,4.088397179210707222e+00
5.931408973992569855e+01,4.377417176142803790e+00
5.933409545584453326e+01,4.488461085665608863e+00
5.935410117176336087e+01,3.202115865404031592e+00
5.937410688768219558e+01,3.554532486880386699e+00
5.939411260360103029e+01,4.764497623439335250e+00
5.941411831951986500e+01,4.167994821943110217e+00
5.943412403543869971e+01,4.127244346260236618e+00
5.945412975135753442e+01,3.921460118229534775e+00
5.947413546727636913e+01,3.776391516479311150e+00
5.949414118319520384e+01,4.116871572112168920e+00
5.951414689911403855e+01,4.583595834595104890e+00
5.953415261503286615e+01,4.761712219258945389e+00
5.955415833095170086e+01,5.242996848616689576e+00
5.957416404687053557e+01,4.818353795302163789e+00
5.959416976278937028e+01,4.936714629746398408e+00
5.961417547870820499e+01,5.103138250737630166e+00
5.963418119462703970e+01,5.675021708355609817e+00
5.965418691054587441e+01,5.625253025370038351e+00
5.967419262646470912e+01,6.090464798038945027e+00
5.969419834238354383e+01,6.490826190484190406e+00
5.971420405830237144e+01,7.789905287418951829e+00
5.973420977422120615e+01,7.580827303229969338e+00
5.975421549014004086e+01,8.632145124094140698e+00
5.977422120605887557e+01,8.974751139879019846e+00
5.979422692197771028e+01,1.017317341928909435e+01
5.981423263789654499e+01,1.044631261903643171e+01
5.983423835381537970e+01,1.128367413356355264e+01
5.985424406973421441e+01,1.189500332113670744e+01
5.987424978565304912e+01,1.259813808638594601e+01
5.989425550157188383e+01,1.269198733776024923e+01
5.991426121749071143e+01,1.383801100773307979e+01
5.993426693340954614e+01,1.505301487788482895e+01
5.995427264932838085e+01,1.519619128079902026e+01
5.997427836524721556e+01,1.552347770927390336e+01
5.999428408116605027e+01,1.593087312276707657e+01
6.001428979708488498e+01,1.572989721112218042e+01
6.003429551300371969e+01,1.516346689391473923e+01
6.005430122892255440e+01,1.637437818882454366e+01
6.007430694484138911e+01,1.522519672320064998e+01
6.009431266076021672e+01,1.512113545278020510e+01
6.011431837667905143e+01,1.524014980494629157e+01
6.013432409259788614e+01,1.494006959160322623e+01
6.015432980851672085e+01,1.441514386319948038e+01
6.017433552443555556e+01,1.411156442546679379e+01
6.019434124035439027e+01,1.481481516901042639e+01
6.021434695627322498e+01,1.331237790929535514e+01
6.023435267219205969e+01,1.411021473747689114e+01
6.025435838811089440e+01,1.284843591992991207e+01
6.027436410402972911e+01,1.330244327883101008e+01
6.029436981994855671e+01,1.314528323625129147e+01
6.031437553586739142e+01,1.269233331112054763e+01
6.033438125178622613e+01,1.278573176194706562e+01
6.035438696770506084e+01,1.304033547096670276e+01
6.037439268362389555e+01,1.256007856893000252e+01
6.039439839954273026e+01,1.295692782630348283e+01
6.041440411546156497e+01,1.161114207979825075e+01
6.043440983138039968e+01,1.259664704596536211e+01
6.045441554729923439e+01,1.231970678056585733e+01
6.047442126321806199e+01,1.316284227849241084e+01
6.049442697913689670e+01,1.312213644620065978e+01
6.051443269505573141e+01,1.231998368843408720e+01
6.053443841097456612e+01,1.291967348264598137e+01
6.055444412689340083e+01,1.389787627973853645e+01
6.057444984281223554e+01,1.314678408897087714e+01
6.059445555873107025e+01,1.336949028486640856e+01
6.061446127464990496e+01,1.370761293856717344e+01
6.063446699056873967e+01,1.388194965648945711e+01
6.065447270648756728e+01,1.300670972757109922e+01
6.067447842240640199e+01,1.243453738602376646e+01
6.069448413832523670e+01,1.355405206699103893e+01
6.071448985424407141e+01,1.224264485025010707e+01
6.073449557016290612e+01,1.184581469371552132e+01
6.075450128608174083e+01,1.257593377712553639e+01
6.077450700200057554e+01,1.194327801226125274e+01
6.079451271791941025e+01,1.132729466997550460e+01
6.081451843383824496e+01,1.176090401193793689e+01
6.083452414975707967e+01,1.080953065954870240e+01
6.085452986567590727e+01,1.012998608533521328e+01
6.087453558159474198e+01,9.882419577402224320e+00
6.089454129751357669e+01,1.036251753750617155e+01
6.091454701343241140e+01,1.087404836954586074e+01
6.093455272935124611e+01,9.434055815715881366e+00
6.095455844527008082e+01,1.079890263254972105e+01
6.097456416118891553e+01,1.119729355451204000e+01
6.099456987710775024e+01,1.070580528624200412e+01
6.101457559302658495e+01,1.114380562331944446e+01
6.103458130894541256e+01,1.236164238263595294e+01
6.105458702486424727e+01,1.248999970273430549e+01
6.107459274078308198e+01,1.181554790906353780e+01
6.109459845670191669e+01,1.277050977475979110e+01
6.111460417262075140e+01,1.261007644149364459e+01
6.113460988853958611e+01,1.280836755305586649e+01
6.115461560445842082e+01,1.328381477165949676e+01
6.117462132037725553e+01,1.356582709450965218e+01
6.119462703629609024e+01,1.369634639756014138e+01
6.121463275221492495e+01,1.443045240776844018e+01
6.123463846813375255e+01,1.444897002185462220e+01
6.125464418405258726e+01,1.403224968702903475e+01
6.127464989997142197e+01,1.433343989902042992e+01
6.129465561589025668e+01,1.392751116500422981e+01
6.131466133180909139e+01,1.444057270499131640e+01
6.133466704772792610e+01,1.394690838152048329e+01
6.135467276364676081e+01,1.424652593775232567e+01
6.137467847956559552e+01,1.363150179386963146e+01
6.139468419548443023e+01,1.329485033772243163e+01
6.141468991140325784e+01,1.308363066012486087e+01
6.143469562732209255e+01,1.286395897545378908e+01
6.145470134324092726e+01,1.270054369555530194e+01
6.147470705915976197e+01,1.274884367903251992e+01
6.149471277507859668e+01,1.254880219962629795e+01
6.151471849099743139e+01,1.123612160313973440e+01
6.153472420691626610e+01,1.077518798708241299e+01
6.155472992283510081e+01,1.088726319170059043e+01
6.157473563875393552e+01,1.140135436015828319e+01
6.159474135467276312e+01,1.009168702001448104e+01
6.161474707059159783e+01,9.244652228521720971e+00
6.163475278651043254e+01,1.018326984928615708e+01
6.165475850242926725e+01,9.983134263050070345e+00
6.167476421834810196e+01,9.430359085488749571e+00
6.169476993426693667e+01,1.014248689158871386e+01
6.171477565018577138e+01,9.503781914632053684e+00
6.173478136610460609e+01,9.944001857576001413e+00
6.175478708202344080e+01,9.381555321504311706e+00
6.177479279794227551e+01,9.558566117318683553e+00
6.179479851386110312e+01,9.728029630507112557e+00
6.181480422977993783e+01,9.349645791957183150e+00
6.183480994569877254e+01,9.576622073117359690e+00
6.185481566161760725e+01,9.359061560676645186e+00
6.187482137753644196e+01,8.660145929352982108e+00
6.189482709345527667e+01,7.922817286131048853e+00
6.191483280937411138e+01,8.037055103177449311e+00
6.193483852529294609e+01,6.790971482424744465e+00
6.195484424121178080e+01,6.774972063027293601e+00
6.197484995713060840e+01,7.267472395646340289e+00
6.199485567304944311e+01,7.047432569869125807e+00
6.201486138896827782e+01,6.199228613856991643e+00
6.203486710488711253e+01,5.875326376773148951e+00
6.205487282080594724e+01,5.378683852294770418e+00
6.207487853672478195e+01,5.381340770112971406e+00
6.209488425264361666e+01,5.110294167346912886e+00
6.211488996856245137e+01,5.219866162675041110e+00
6.213489568448128608e+01,4.907622256899317748e+00
6.215490140040011369e+01,4.411114148762953491e+00
6.217490711631894840e+01,4.698560197869596777e+00
6.219491283223778311e+01,4.827814462461388345e+00
6.221491854815661782e+01,4.583258370665761916e+00
6.223492426407545253e+01,4.323029589138368323e+00
6.225492997999428724e+01,4.719053600828647888e+00
6.227493569591312195e+01,4.229733405811455071e+00
6.229494141183195666e+01,4.929211129043341799e+00
6.231494712775079137e+01,4.092099262160753703e+00
6.233495284366962608e+01,4.110709493502992196e+00
6.235495855958845368e+01,3.857957255564342880e+00
6.237496427550728839e+01,4.414816446523804672e+00
6.239496999142612310e+01,3.895586434285305266e+00
6.241497570734495781e+01,4.072786244258336907e+00
6.243498142326379252e+01,4.744013468036710535e+00
6.245498713918262723e+01,4.080551977122484963e+00
6.247499285510146194e+01,4.664095229731496595e+00
6.249499857102029665e+01,3.575536520448122868e+00
6.251500428693913136e+01,3.747497330726906828e+00
6.253501000285795897e+01,5.052419285963052786e+00
6.255501571877679368e+01,3.867109915017636013e+00
6.257502143469562839e+01,4.459953616959733580e+00
6.259502715061446310e+01,4.245943101304857414e+00
6.261503286653329781e+01,4.746032864242064164e+00
6.263503858245213252e+01,4.869120707485132371e+00
6.265504429837096723e+01,4.750167432967959513e+00
6.267505001428980194e+01,4.624289611451677828e+00
6.269505573020863665e+01,4.856350749108873543e+00
6.271506144612747136e+01,4.236185406227481742e+00
6.273506716204629896e+01,4.416272306286899152e+00
6.275507287796513367e+01,5.418763155990013125e+00
6.277507859388396838e+01,4.077530177129608191e+00
6.279508430980280309e+01,5.296781566614047421e+00
6.281509002572163780e+01,4.578922786740482920e+00
6.283509574164047251e+01,4.560982570849859030e+00
6.285510145755930722e+01,4.667451917214618717e+00
6.287510717347814193e+01,5.947582288721203980e+00
6.289511288939697664e+01,5.734823811146282146e+00
6.291511860531580425e+01,6.045373925543548133e+00
6.293512432123463896e+01,5.931896952349360319e+00
6.295513003715347367e+01,5.943973919787794102e+00
6.297513575307230838e+01,7.052573352555784325e+00
6.299514146899114309e+01,7.030738817462538037e+00
6.301514718490997780e+01,7.275818492093849343e+00
6.303515290082881251e+01,7.602030225804947250e+00
6.305515861674764722e+01,8.450666752825306105e+00
6.307516433266648193e+01,8.916661406450492322e+00
6.309517004858530953e+01,1.017876739566037259e+01
6.311517576450414424e+01,1.064225048264361639e+01
6.313518148042297895e+01,1.224172202665483944e+01
6.315518719634181366e+01,1.225252401739436792e+01
6.317519291226064837e+01,1.369011225502759999e+01
6.319519862817948308e+01,1.414727626056559551e+01
6.321520434409831779e+01,1.490780812813865985e+01
6.323521006001715250e+01,1.583340129273200958e+01
6.325521577593598721e+01,1.657337142541242869e+01
6.327522149185482192e+01,1.738137217541663304e+01
6.329522720777364952e+01,1.808826824116955123e+01
6.331523292369248423e+01,1.892975432706663241e+01
6.333523863961131894e+01,1.882724394954004410e+01
6.335524435553015365e+01,1.918740672993470398e+01
6.337525007144898836e+01,1.944184434786319571e+01
6.339525578736782307e+01,1.924801332681408894e+01
6.341526150328665778e+01,1.797805682117026294e+01
6.343526721920549249e+01,1.771670905770001880e+01
6.345527293512432720e+01,1.669842806518890654e+01
6.347527865104315481e+01,1.642350327456287218e+01
6.349528436696198952e+01,1.590053175257040508e+01
6.351529008288082423e+01,1.438399603930892745e+01
6.353529579879965894e+01,1.383166729129484374e+01
6.355530151471849365e+01,1.374934625226012663e+01
6.357530723063732836e+01,1.283211691284303058e+01
6.359531294655616307e+01,1.113890673962319156e+01
6.361531866247499778e+01,1.131478944801043340e+01
6.363532437839383249e+01,1.011332848513063176e+01
6.365533009431266720e+01,9.370285781970082439e+00
6.367533581023149480e+01,9.004771475694164806e+00
6.369534152615032951e+01,7.932644459425739925e+00
6.371534724206916422e+01,8.889995944718990017e+00
6.373535295798799893e+01,7.764052469718604854e+00
6.375535867390683364e+01,6.879889742179393863e+00
6.377536438982566835e+01,6.979384617652546474e+00
6.379537010574450306e+01,7.258563984636350774e+00
6.381537582166333777e+01,6.435113877601311039e+00
6.383538153758217248e+01,6.584243770733925416e+00
6.385538725350100009e+01,6.299654769226075146e+00
6.387539296941983480e+01,6.024507636581123649e+00
6.389539868533866951e+01,5.159315579704264465e+00
6.391540440125750422e+01,5.152679003230938193e+00
6.393541011717633893e+01,4.966867833208470806e+00
6.395541583309517364e+01,5.762241215955810958e+00
6.397542154901400835e+01,5.193342230231094980e+00
6.399542726493284306e+01,5.976106729096292369e+00
6.401543298085167066e+01,4.488333186869847502e+00
6.403543869677051248e+01,4.978495602216414184e+00
6.405544441268934008e+01,4.785352945143321435e+00
6.407545012860816769e+01,5.541783184859969680e+00
6.409545584452700950e+01,5.199652009555308041e+00
6.411546156044585132e+01,6.114129969596772796e+00
6.413546727636467892e+01,5.696041404676632780e+00
6.415547299228350653e+01,6.011083147854620279e+00
6.417547870820234834e+01,6.028112214800899871e+00
6.419548442412119016e+01,7.132623854262146068e+00
6.421549014004001776e+01,7.682313290182089638e+00
6.423549585595884537e+01,8.182447513107184989e+00
6.425550157187768718e+01,8.229726812334117625e+00
6.427550728779651479e+01,9.129222769960806616e+00
6.429551300371534239e+01,9.118247973210621637e+00
6.431551871963418421e+01,1.011673822917939347e+01
6.433552443555302602e+01,1.047115944568894186e+01
6.435553015147185363e+01,1.163540346333158482e+01
6.437553586739068123e+01,1.098675487452420185e+01
6.439554158330952305e+01,1.152316660886551070e+01
6.441554729922835065e+01,1.127180639376998705e+01
6.443555301514717826e+01,1.111234485192372112e+01
6.445555873106602007e+01,1.223617547123897609e+01
6.447556444698486189e+01,1.145725247663258983e+01
6.449557016290368949e+01,1.106051910227671442e+01
6.451557587882251710e+01,9.941284050935998096e+00
6.453558159474135891e+01,9.955155934340281121e+00
6.455558731066020073e+01,9.300257182061379524e+00
6.457559302657902833e+01,9.971938780684006076e+00
6.459559874249785594e+01,8.805655115629015484e+00
6.461560445841669775e+01,7.567468419814164626e+00
6.463561017433552536e+01,7.315981880940185533e+00
6.465561589025435296e+01,6.146123913477857137e+00
6.467562160617319478e+01,5.886760481022218272e+00
6.469562732209203659e+01,6.449429094248332106e+00
6.471563303801086420e+01,5.672681324505367328e+00
6.473563875392969180e+01,5.543627370138436206e+00
6.475564446984853362e+01,5.322758490581876778e+00
6.477565018576737543e+01,4.518798537519749914e+00
6.479565590168618883e+01,4.619335064716394434e+00
6.481566161760503064e+01,5.139142358394653165e+00
6.483566733352387246e+01,5.002672288475496387e+00
6.485567304944270006e+01,4.955704031511174890e+00
6.487567876536152767e+01,4.556801581202812201e+00
6.489568448128036948e+01,4.812978709655711285e+00
6.491569019719921130e+01,3.649495546178570304e+00
6.493569591311803890e+01,5.035945645516858526e+00
6.495570162903686651e+01,4.292489225439650724e+00
6.497570734495570832e+01,4.101686341170458050e+00
6.499571306087453593e+01,4.686914011778128497e+00
6.501571877679336353e+01,3.814807104468616483e+00
6.503572449271220535e+01,4.041178454453833169e+00
6.505573020863104716e+01,4.940671239201939180e+00
6.507573592454987477e+01,4.254908340138054967e+00
6.509574164046870237e+01,5.335150992274057202e+00
6.511574735638754419e+01,5.534950506843104634e+00
6.513575307230638600e+01,5.266180854434260539e+00
6.515575878822521361e+01,5.235452608342640701e+00
6.517576450414404121e+01,5.765321115055695778e+00
6.519577022006288303e+01,6.415616128522047212e+00
6.521577593598171063e+01,6.340399209543457815e+00
6.523578165190053824e+01,6.937752641251130115e+00
6.525578736781938005e+01,7.822691980321023308e+00
6.527579308373822187e+01,6.703849927994212976e+00
6.529579879965704947e+01,7.268838242059315391e+00
6.531580451557587708e+01,8.113525855906214446e+00
6.533581023149471889e+01,7.682902466102075500e+00
6.535581594741354650e+01,8.507972535000345005e+00
6.537582166333237410e+01,8.010229781731965204e+00
6.539582737925121592e+01,7.485864379085788833e+00
6.541583309517005773e+01,8.028544877321371231e+00
6.543583881108888534e+01,8.074428352674884124e+00
6.545584452700771294e+01,7.863654131948527137e+00
6.547585024292655476e+01,7.399660260331093475e+00
6.549585595884539657e+01,7.781917806209461830e+00
6.551586167476422418e+01,7.428554634250361666e+00
6.553586739068305178e+01,7.372416401485279991e+00
6.555587310660189360e+01,6.854865529711137384e+00
6.557587882252072120e+01,7.784544829183131398e+00
6.559588453843954881e+01,6.819095683628230375e+00
6.561589025435839062e+01,5.967195871184804545e+00
6.563589597027723244e+01,6.674291065625939545e+00
6.565590168619606004e+01,6.424801074641005805e+00
6.567590740211488765e+01,5.550702225230152997e+00
6.569591311803372946e+01,5.293874683847824336e+00
6.571591883395257128e+01,5.671890977642203957e+00
6.573592454987138467e+01,5.238111084081107371e+00
6.575593026579022649e+01,5.394722200167933579e+00
6.577593598170906830e+01,4.768503870229906738e+00
6.579594169762789591e+01,4.451771011949270829e+00
6.581594741354672351e+01,4.991043985170039221e+00
6.583595312946556533e+01,4.968434027088636462e+00
6.585595884538440714e+01,3.738765813194998788e+00
6.587596456130323475e+01,4.175470076245971995e+00
6.589597027722206235e+01,4.385923408428110015e+00
6.591597599314090417e+01,4.347282695717105128e+00
6.593598170905973177e+01,4.449871004923469542e+00
6.595598742497855937e+01,4.097666128591374246e+00
6.597599314089740119e+01,3.962943054159318912e+00
6.599599885681624301e+01,3.748108033792656446e+00
6.601600457273507061e+01,3.635273988931317035e+00
6.603601028865389821e+01,3.530051566863446233e+00
6.605601600457274003e+01,3.556148999136451661e+00
6.607602172049158185e+01,4.441898504958663452e+00
6.609602743641040945e+01,4.158033339306782317e+00
6.611603315232923705e+01,3.642356768558674851e+00
6.613603886824807887e+01,3.218650412575457587e+00
6.615604458416690647e+01,3.125324657426949759e+00
6.617605030008573408e+01,4.114112293435846723e+00
6.619605601600457589e+01,3.243519839837113672e+00
6.621606173192341771e+01,3.062539079883090931e+00
6.623606744784224531e+01,3.229668389733075351e+00
6.625607316376107292e+01,3.505110034480884096e+00
6.627607887967991473e+01,3.786142064939262752e+00
6.629608459559874234e+01,4.452278138392074425e+00
6.631609031151756994e+01,3.587491004590630972e+00
6.633609602743641176e+01,3.168842438769743808e+00
6.635610174335525357e+01,2.744269680425633240e+00
6.637610745927408118e+01,3.614688727233359877e+00
6.639611317519290878e+01,3.167293536396311282e+00
6.641611889111175060e+01,3.253989388711007624e+00
6.643612460703059241e+01,3.862776316059064019e+00
6.645613032294942002e+01,3.363420090928433304e+00
6.647613603886824762e+01,4.149759921156043418e+00
6.649614175478708944e+01,3.891064498377678316e+00
6.651614747070591704e+01,3.588188793317428349e+00
6.653615318662474465e+01,3.016502065434455648e+00
6.655615890254358646e+01,3.568271495457336240e+00
6.657616461846242828e+01,3.715879115131192290e+00
6.659617033438125588e+01,3.329355950309746959e+00
6.661617605030008349e+01,2.998547792322016292e+00
6.663618176621892530e+01,3.532094923346633664e+00
6.665618748213776712e+01,3.450070283857242348e+00
6.667619319805658051e+01,3.480247183816068901e+00
6.669619891397542233e+01,2.791413480545203996e+00
6.671620462989426414e+01,3.200998398623116525e+00
6.673621034581309175e+01,3.672527724271439808e+00
6.675621606173191935e+01,4.324008234481469870e+00
6.677622177765076117e+01,3.502596409989713333e+00
6.679622749356960298e+01,3.413635075563131061e+00
6.681623320948843059e+01,4.029271650366551327e+00
6.683623892540725819e+01,3.958935106150901717e+00
6.685624464132610001e+01,3.030366984961542443e+00
6.687625035724492761e+01,4.016138913044105863e+00
6.689625607316375522e+01,3.823256594734139036e+00
6.691626178908259703e+01,3.410769584285740397e+00
6.693626750500143885e+01,3.690228799942121274e+00
6.695627322092026645e+01,3.546287565875712922e+00
6.697627893683909406e+01,3.616334463020348888e+00
6.699628465275793587e+01,2.788440868819516361e+00
6.701629036867677769e+01,3.401403266956226190e+00
6.703629608459560529e+01,3.760486582931804378e+00
6.705630180051443290e+01,3.075008320387303762e+00
6.707630751643327471e+01,4.196158037794356588e+00
6.709631323235210232e+01,3.894306133960758309e+00
6.711631894827092992e+01,4.257870514644772619e+00
6.713632466418977174e+01,2.987103653186763630e+00
6.715633038010861355e+01,3.515053173386502472e+00
6.717633609602744116e+01,4.003444734380130932e+00
6.719634181194626876e+01,4.012559585952176100e+00
6.721634752786511058e+01,4.263324730583205380e+00
6.723635324378393818e+01,4.537870867375884743e+00
6.725635895970276579e+01,4.750647681586544380e+00
6.727636467562160760e+01,4.820185086676093356e+00
6.729637039154044942e+01,4.105897548437433819e+00
6.731637610745927702e+01,4.360399804691185821e+00
6.733638182337810463e+01,4.890326733684945637e+00
6.735638753929694644e+01,5.752771961363592368e+00
6.737639325521578826e+01,5.360577783005007646e+00
6.739639897113461586e+01,4.880395843750129359e+00
6.741640468705344347e+01,6.089367586507187902e+00
6.743641040297228528e+01,5.741351235789062812e+00
6.745641611889111289e+01,5.352976356331188512e+00
6.747642183480994049e+01,5.471643700011171951e+00
6.749642755072878231e+01,6.773520391514356476e+00
6.751643326664762412e+01,6.130462515471154283e+00
6.753643898256645173e+01,6.378469902336525443e+00
6.755644469848527933e+01,6.442428556141850393e+00
6.757645041440412115e+01,6.523116540916650941e+00
6.759645613032296296e+01,6.512019720477788987e+00
6.761646184624177636e+01,6.505567630751064812e+00
6.763646756216061817e+01,6.700041692945235994e+00
6.765647327807945999e+01,7.781791315632676564e+00
6.767647899399828759e+01,7.244744581941677808e+00
6.769648470991711520e+01,7.444486566523266902e+00
6.771649042583595701e+01,6.540308730421608985e+00
6.773649614175479883e+01,6.521301438879085310e+00
6.775650185767362643e+01,6.248838879187816886e+00
6.777650757359245404e+01,6.181212776419670263e+00
6.779651328951129585e+01,5.564573983135790769e+00
6.781651900543012346e+01,5.612623494402488866e+00
6.783652472134895106e+01,5.776847616145571962e+00
6.785653043726779288e+01,5.482551830937238080e+00
6.787653615318663469e+01,5.852447911835886529e+00
6.789654186910546230e+01,4.456997093424583056e+00
6.791654758502428990e+01,4.780375111345801287e+00
6.793655330094313172e+01,4.859954205187457354e+00
6.795655901686197353e+01,5.056113655530024786e+00
6.797656473278080114e+01,4.664673691761707985e+00
6.799657044869962874e+01,3.850292458564351872e+00
6.801657616461847056e+01,4.320410647426369266e+00
6.803658188053729816e+01,3.584511441639311791e+00
6.805658759645612577e+01,4.097787429489754274e+00
6.807659331237496758e+01,4.572684253039244417e+00
6.809659902829380940e+01,3.040041377493567065e+00
6.811660474421263700e+01,3.939503818513887978e+00
6.813661046013146461e+01,4.269844478393990173e+00
6.815661617605030642e+01,3.975916288889365546e+00
6.817662189196913403e+01,3.749094807132564711e+00
6.819662760788796163e+01,3.627401377134108262e+00
6.821663332380680345e+01,3.489704068664615022e+00
6.823663903972564526e+01,3.662131134975161295e+00
6.825664475564447287e+01,4.016267147210641930e+00
6.827665047156330047e+01,2.873966789306639402e+00
6.829665618748214229e+01,3.312120831851834257e+00
6.831666190340098410e+01,3.121617138840202976e+00
6.833666761931981171e+01,3.234111608908601276e+00
6.835667333523863931e+01,4.401042460547483159e+00
6.837667905115748113e+01,3.347508057262389869e+00
6.839668476707630873e+01,3.951002150115402678e+00
6.841669048299513634e+01,4.322624920776318547e+00
6.843669619891397815e+01,3.061096186040400902e+00
6.845670191483281997e+01,3.276542717481893519e+00
6.847670763075164757e+01,3.179408623934945055e+00
6.849671334667047518e+01,3.092991932557392687e+00
6.851671906258931699e+01,3.702017909321328126e+00
6.853672477850815881e+01,3.274569130281280938e+00
6.855673049442697220e+01,3.031766159017141860e+00
6.857673621034581402e+01,3.571951539057467873e+00
6.859674192626465583e+01,3.584525727305962306e+00
6.861674764218348344e+01,3.724916739839279956e+00
6.863675335810231104e+01,3.844060255168464835e+00
6.865675907402115286e+01,2.806294637005306125e+00
6.867676478993999467e+01,3.524078952021925559e+00
6.869677050585882228e+01,2.972372770394511754e+00
6.871677622177764988e+01,3.618432717861358228e+00
6.873678193769649170e+01,3.829401376881490293e+00
6.875678765361531930e+01,3.880231519956478081e+00
6.877679336953414690e+01,4.034745409478068368e+00
6.879679908545298872e+01,3.663001054159646053e+00
6.881680480137183054e+01,2.749388170461437575e+00
6.883681051729065814e+01,3.776657700698215159e+00
6.885681623320948574e+01,3.577649964505943636e+00
6.887682194912832756e+01,3.642671833483357879e+00
6.889682766504716938e+01,3.251639499484150431e+00
6.891683338096599698e+01,3.809851805854410856e+00
6.893683909688482458e+01,3.307982095592182592e+00
6.895684481280366640e+01,2.780216084942224164e+00
6.897685052872249400e+01,3.236108800293874488e+00
6.899685624464132161e+01,2.925614135474702060e+00
6.901686196056016342e+01,3.089107207452426174e+00
6.903686767647900524e+01,3.597643067131528927e+00
6.905687339239783284e+01,3.565364506676020451e+00
6.907687910831666045e+01,3.061483344410901086e+00
6.909688482423550226e+01,3.195022973754915618e+00
6.911689054015432987e+01,3.325352523869669508e+00
6.913689625607315747e+01,3.003591634444841674e+00
6.915690197199199929e+01,3.189780634302017859e+00
6.917690768791084110e+01,3.139998424421298395e+00
6.919691340382966871e+01,4.066995379920899545e+00
6.921691911974849631e+01,3.107572226126371184e+00
6.923692483566733813e+01,2.916456485883288430e+00
6.925693055158617994e+01,3.086182103747273864e+00
6.927693626750500755e+01,3.163004601152663575e+00
6.929694198342383515e+01,3.818312369654873972e+00
6.931694769934267697e+01,3.622939209657961790e+00
6.933695341526150457e+01,3.606399791676734079e+00
6.935695913118033218e+01,4.085951030775102133e+00
6.937696484709917399e+01,3.246776081394332270e+00
6.939697056301801581e+01,3.909477339418291120e+00
6.941697627893684341e+01,2.800104868510298495e+00
6.943698199485567102e+01,4.155300020046857945e+00
6.945698771077451283e+01,2.999680268607529676e+00
6.947699342669335465e+01,3.147358772247558445e+00
6.949699914261216804e+01,4.010267786206565432e+00
6.951700485853100986e+01,3.199428178661568367e+00
6.953701057444985167e+01,2.899611629151551462e+00
6.955701629036867928e+01,3.167590093876494262e+00
6.957702200628750688e+01,3.328165891623248385e+00
6.959702772220634870e+01,3.863681398936446687e+00
6.961703343812519051e+01,3.202533496815599179e+00
6.963703915404401812e+01,3.120511668425731244e+00
6.965704486996284572e+01,3.658559245951900074e+00
6.967705058588168754e+01,3.645426023797945891e+00
6.969705630180051514e+01,3.265786918424540275e+00
6.971706201771934275e+01,3.678010737970700106e+00
6.973706773363818456e+01,3.140416038952931643e+00
6.975707344955702638e+01,3.411718167558583481e+00
6.977707916547585398e+01,3.928484090087251968e+00
6.979708488139468159e+01,3.504657168962106439e+00
6.981709059731352340e+01,3.392315589132237630e+00
6.983709631323236522e+01,4.139359996926936347e+00
6.985710202915119282e+01,3.470843096400999084e+00
6.987710774507002043e+01,2.627216729248625704e+00
6.989711346098886224e+01,3.423056797352929337e+00
6.991711917690768985e+01,3.486667702363351218e+00
6.993712489282651745e+01,3.934481402031303698e+00
6.995713060874535927e+01,2.882060757290566322e+00
6.997713632466420108e+01,3.916956807439778032e+00
6.999714204058302869e+01,3.054333321300335857e+00
7.001714775650185629e+01,3.458139045161067404e+00
7.003715347242069811e+01,3.275503917197083670e+00
7.005715918833952571e+01,3.900893909224520506e+00
7.007716490425835332e+01,3.910823224387314223e+00
7.009717062017719513e+01,3.098239581799670628e+00
7.011717633609603695e+01,3.188219991540119036e+00
7.013718205201486455e+01,3.806233138691264895e+00
7.015718776793369216e+01,3.192935663287917780e+00
7.017719348385253397e+01,3.650999893654692130e+00
7.019719919977137579e+01,3.262517012924532889e+00
7.021720491569020339e+01,3.469319087538965452e+00
7.023721063160903100e+01,3.497054374507118091e+00
7.025721634752787281e+01,2.886305852985566744e+00
7.027722206344670042e+01,3.007746382445183997e+00
7.029722777936552802e+01,3.772957636753293098e+00
7.031723349528436984e+01,3.823171277784521926e+00
7.033723921120321165e+01,3.680388384166354498e+00
7.035724492712203926e+01,2.738569841365871227e+00
7.037725064304086686e+01,3.065847027852427686e+00
7.039725635895970868e+01,3.413544901005356902e+00
7.041726207487855049e+01,3.123940241095978454e+00
7.043726779079736389e+01,2.963970199874740086e+00
7.045727350671620570e+01,3.538651324094364892e+00
7.047727922263504752e+01,3.494173778422078325e+00
7.049728493855387512e+01,3.794501797600711601e+00
7.051729065447270273e+01,3.376598058331096386e+00
7.053729637039154454e+01,3.820603857023252115e+00
7.055730208631038636e+01,3.433135705658552972e+00
7.057730780222921396e+01,3.200484070789823221e+00
7.059731351814804157e+01,3.164255057772713986e+00
7.061731923406688338e+01,3.485582843187261748e+00
7.063732494998571099e+01,3.781244848969804728e+00
7.065733066590453859e+01,3.131879781327024492e+00
7.067733638182338041e+01,3.294572488986994951e+00
7.069734209774222222e+01,3.607014284233670320e+00
7.071734781366104983e+01,2.988350889001554211e+00
7.073735352957987743e+01,3.179466041298618428e+00
7.075735924549871925e+01,3.936245276455333286e+00
7.077736496141756106e+01,3.390496230532062061e+00
7.079737067733638867e+01,2.690710123058569714e+00
7.081737639325521627e+01,3.532178474495696996e+00
7.083738210917405809e+01,3.429245755624379388e+00
7.085738782509288569e+01,3.483277920044707709e+00
7.087739354101171330e+01,3.086559527883377285e+00
7.089739925693055511e+01,3.703123939381551821e+00
7.091740497284939693e+01,3.218679903447628998e+00
7.093741068876822453e+01,3.982586115185629883e+00
7.095741640468705214e+01,3.727859050206774771e+00
7.097742212060589395e+01,3.690439367107114510e+00
7.099742783652472156e+01,2.657259731333787123e+00
7.101743355244354916e+01,3.433822902170705849e+00
7.103743926836239098e+01,2.868003037573037872e+00
7.105744498428123279e+01,2.898129193667484671e+00
7.107745070020006040e+01,3.307161556202728114e+00
7.109745641611888800e+01,3.224531387221571066e+00
7.111746213203772982e+01,4.267814322937452332e+00
7.113746784795657163e+01,3.651508776808045642e+00
7.115747356387539924e+01,4.257048195403212887e+00
7.117747927979422684e+01,3.685186025585857728e+00
7.119748499571306866e+01,3.350335267266563832e+00
7.121749071163189626e+01,3.135040323572333421e+00
7.123749642755072387e+01,3.882901434338766666e+00
7.125750214346956568e+01,3.017465058380224274e+00
7.127750785938840750e+01,4.225327229234815185e+00
7.129751357530723510e+01,3.440234468419924863e+00
7.131751929122606271e+01,4.322577263209794296e+00
7.133752500714490452e+01,2.786727889466722452e+00
7.135753072306374634e+01,2.701430202386068125e+00
7.137753643898255973e+01,3.285048316549906922e+00
7.139754215490140155e+01,3.420397092603932876e+00
7.141754787082024336e+01,3.981316814495409862e+00
7.143755358673907097e+01,3.090692581845921438e+00
7.145755930265789857e+01,3.999450689958579552e+00
7.147756501857674039e+01,2.912733688400788612e+00
7.149757073449558220e+01,4.160015169046864081e+00
7.151757645041440981e+01,2.966513126645643261e+00
7.153758216633323741e+01,2.961949944562421333e+00
7.155758788225207923e+01,3.289695823832493815e+00
7.157759359817090683e+01,3.506231950062726810e+00
7.159759931408973443e+01,4.054514162790985310e+00
7.161760503000857625e+01,3.255681112672208499e+00
7.163761074592741807e+01,3.408209609022371023e+00
7.165761646184624567e+01,3.823182356420967487e+00
7.167762217776507327e+01,4.386187009141012005e+00
7.169762789368391509e+01,3.120189792427360498e+00
7.171763360960275691e+01,3.338320668874513508e+00
7.173763932552158451e+01,3.386933324718558236e+00
7.175764504144041211e+01,3.411287072515811314e+00
7.177765075735925393e+01,2.861929407504691714e+00
7.179765647327808153e+01,3.101270317174169566e+00
7.181766218919690914e+01,3.401376156642287985e+00
7.183766790511575095e+01,3.716085525156782587e+00
7.185767362103459277e+01,3.899402066231418829e+00
7.187767933695342037e+01,3.738474835832164889e+00
7.189768505287224798e+01,3.107665552995404035e+00
7.191769076879108979e+01,3.804473699864188596e+00
7.193769648470991740e+01,3.758982193295261176e+00
7.195770220062874500e+01,3.325457104476208681e+00
7.197770791654758682e+01,3.444440932612812034e+00
7.199771363246642863e+01,3.996398358912743198e+00
7.201771934838525624e+01,3.260164666249321552e+00
7.203772506430408384e+01,3.268020961600550223e+00
7.205773078022292566e+01,3.591228367425367107e+00
7.207773649614176747e+01,2.746266388167250216e+00
7.209774221206059508e+01,3.647515145157169236e+00
7.211774792797942268e+01,4.412643064469003562e+00
7.213775364389826450e+01,3.908458485557174455e+00
7.215775935981709210e+01,3.102401011051690194e+00
7.217776507573591971e+01,3.502218111214000729e+00
7.219777079165476152e+01,3.554236601011269148e+00
7.221777650757360334e+01,4.296991154687660242e+00
7.223778222349243094e+01,3.534306667685403358e+00
7.225778793941125855e+01,3.691903930021010360e+00
7.227779365533010036e+01,4.251438747908473204e+00
7.229779937124894218e+01,3.719866343114320184e+00
7.231780508716775557e+01,4.297623785008848785e+00
7.233781080308659739e+01,4.970811409190018182e+00
7.235781651900543920e+01,4.711664028370948998e+00
7.237782223492426681e+01,4.706148956447431253e+00
7.239782795084309441e+01,4.796444821908787404e+00
7.241783366676193623e+01,4.966222340926868206e+00
7.243783938268077804e+01,5.268762543434771572e+00
7.245784509859960565e+01,4.943034579071553303e+00
7.247785081451843325e+01,5.089726287870603549e+00
7.249785653043727507e+01,4.739066098128052573e+00
7.251786224635610267e+01,4.602086651563425335e+00
7.253786796227493028e+01,5.442853643751316639e+00
7.255787367819377209e+01,6.261780845452332045e+00
7.257787939411261391e+01,4.747395103771735236e+00
7.259788511003144151e+01,6.362828874990373862e+00
7.261789082595026912e+01,5.226662546970063161e+00
7.263789654186911093e+01,6.353819912549846904e+00
7.265790225778795275e+01,5.817183737833946822e+00
7.267790797370678035e+01,6.469208977014347717e+00
7.269791368962560796e+01,6.497821840584214748e+00
7.271791940554444977e+01,6.046231741324089803e+00
7.273792512146327738e+01,6.360486958089942355e+00
7.275793083738210498e+01,5.968554928922218394e+00
7.277793655330094680e+01,6.616944445022120647e+00
7.279794226921978861e+01,6.248798966604068639e+00
7.281794798513861622e+01,6.468436006821260520e+00
7.283795370105744382e+01,6.276135257138938606e+00
7.285795941697628564e+01,5.784472001933005814e+00
7.287796513289511324e+01,5.711776563601839385e+00
7.289797084881394085e+01,5.475759463686735273e+00
7.291797656473278266e+01,6.442159035113554033e+00
7.293798228065162448e+01,5.750696718242891414e+00
7.295798799657045208e+01,5.493330061784590157e+00
7.297799371248927969e+01,5.161449777328871669e+00
7.299799942840812150e+01,5.257840769925119950e+00
7.301800514432696332e+01,5.153427586053152432e+00
7.303801086024579092e+01,5.247683443929865632e+00
7.305801657616461853e+01,4.560659507108935529e+00
7.307802229208346034e+01,5.194514341933786028e+00
7.309802800800228795e+01,4.484157064156594430e+00
7.311803372392111555e+01,5.107729370897338583e+00
7.313803943983995737e+01,4.841876752751421265e+00
7.315804515575879918e+01,5.218718990259958446e+00
7.317805087167762679e+01,4.926869400309970004e+00
7.319805658759645439e+01,4.293616660675493080e+00
7.321806230351529621e+01,5.062655480448492895e+00
7.323806801943413802e+01,4.917979715026705279e+00
7.325807373535295142e+01,5.836365755338878358e+00
7.327807945127179323e+01,4.999826948719468866e+00
7.329808516719063505e+01,6.027620807544086468e+00
7.331809088310946265e+01,4.548577328562197764e+00
7.333809659902829026e+01,6.096216228267989479e+00
7.335810231494713207e+01,4.933195415434496134e+00
7.337810803086597389e+01,5.284329348207666754e+00
7.339811374678480149e+01,5.440483739445398648e+00
7.341811946270362910e+01,5.078948325404977204e+00
7.343812517862247091e+01,5.467046200764312580e+00
7.345813089454129852e+01,4.308645928147903703e+00
7.347813661046012612e+01,4.499620115330849046e+00
7.349814232637896794e+01,4.903345903575761611e+00
7.351814804229780975e+01,4.411135147277263080e+00
7.353815375821663736e+01,4.664466534427439193e+00
7.355815947413546496e+01,4.510999413256662649e+00
7.357816519005430678e+01,4.046531242052803456e+00
7.359817090597314859e+01,4.655358938107283961e+00
7.361817662189197620e+01,4.747292559328722739e+00
7.363818233781080380e+01,4.277712972093461907e+00
7.365818805372964562e+01,5.010540524814402374e+00
7.367819376964847322e+01,4.793654870984108030e+00
7.369819948556730083e+01,4.202689948796794361e+00
7.371820520148614264e+01,5.127371455061688010e+00
7.373821091740498446e+01,5.864706713125869442e+00
7.375821663332381206e+01,5.766068835831457129e+00
7.377822234924263967e+01,5.185356165134489714e+00
7.379822806516148148e+01,5.285735996532071823e+00
7.381823378108030909e+01,4.944497286306168249e+00
7.383823949699913669e+01,6.256965170324704673e+00
7.385824521291797851e+01,5.323972722222655385e+00
7.387825092883682032e+01,5.200544269221680338e+00
7.389825664475564793e+01,5.439623063669152714e+00
7.391826236067447553e+01,6.054230868980864599e+00
7.393826807659331735e+01,6.173544086120266172e+00
7.395827379251215916e+01,5.550365659556245390e+00
7.397827950843098677e+01,6.168782855652226615e+00
7.399828522434981437e+01,6.916746588583951194e+00
7.401829094026865619e+01,6.653096766412325280e+00
7.403829665618748379e+01,7.042200887316402813e+00
7.405830237210632561e+01,6.024289150807183191e+00
7.407830808802515321e+01,6.037271027965488202e+00
7.409831380394398082e+01,6.903675435373996194e+00
7.411831951986282263e+01,6.699908972771950744e+00
7.413832523578165024e+01,6.782779015143004742e+00
7.415833095170049205e+01,6.667951794444683777e+00
7.417833666761931966e+01,6.446207099683348041e+00
7.419834238353816147e+01,6.917680858960399526e+00
7.421834809945698908e+01,6.662473244864818511e+00
7.423835381537583089e+01,7.144504992139182775e+00
7.425835953129465850e+01,7.423334550287630229e+00
7.427836524721348610e+01,7.722391738019915408e+00
7.429837096313232792e+01,6.648878083644300219e+00
7.431837667905115552e+01,7.459590607143598007e+00
7.433838239496999734e+01,7.049916527163915703e+00
7.435838811088882494e+01,6.795862853075279375e+00
7.437839382680766676e+01,7.957433635979644926e+00
7.439839954272649436e+01,7.397779240976813497e+00
7.441840525864533618e+01,7.938465071503904014e+00
7.443841097456416378e+01,7.722089064167254158e+00
7.445841669048300560e+01,7.649310935995069727e+00
7.447842240640183320e+01,7.819281712625599567e+00
7.449842812232066080e+01,8.316962076547305571e+00
7.451843383823950262e+01,8.050659020421882417e+00
7.453843955415833022e+01,7.728628005389574618e+00
7.455844527007717204e+01,6.976149212287981349e+00
7.457845098599599964e+01,7.490230002955740929e+00
7.459845670191484146e+01,7.532836896075881583e+00
7.461846241783366906e+01,7.018260044414207144e+00
7.463846813375251088e+01,8.054521852548180760e+00
7.465847384967133848e+01,6.630038518610254172e+00
7.467847956559016609e+01,6.679846962514194963e+00
7.469848528150900790e+01,7.710820467972220982e+00
7.471849099742783551e+01,7.115823139773876704e+00
7.473849671334667732e+01,6.548585311415820343e+00
7.475850242926550493e+01,7.101382987872024266e+00
7.477850814518434674e+01,7.076213177207979044e+00
7.479851386110317435e+01,6.656455594207857374e+00
7.481851957702201616e+01,6.821246630087294704e+00
7.483852529294084377e+01,6.736059180479476716e+00
7.485853100885967137e+01,6.664016681293309929e+00
7.487853672477851319e+01,7.004733628450205529e+00
7.489854244069734079e+01,6.732781890395387769e+00
7.491854815661618261e+01,6.871509263634108855e+00
7.493855387253501021e+01,6.382218827664047467e+00
7.495855958845385203e+01,6.599065415928396128e+00
7.497856530437267963e+01,6.117894140846122042e+00
7.499857102029152145e+01,6.354797442178774070e+00
7.501857673621034905e+01,6.244396212603938068e+00
7.503858245212917666e+01,6.518674221713917305e+00
7.505858816804801847e+01,6.406802134807746185e+00
7.507859388396684608e+01,5.467720784942544654e+00
7.509859959988568789e+01,6.155910387622039792e+00
7.511860531580451550e+01,5.616321648233601138e+00
7.513861103172335731e+01,5.395574902280385388e+00
7.515861674764218492e+01,5.702129853309314100e+00
7.517862246356102673e+01,5.484946575248402567e+00
7.519862817947985434e+01,5.792946441805056246e+00
7.521863389539868194e+01,5.156108358532246250e+00
7.523863961131752376e+01,5.212880705708737850e+00
7.525864532723635136e+01,5.307597867122986202e+00
7.527865104315519318e+01,4.966686077375489283e+00
7.529865675907402078e+01,4.330407633317366667e+00
7.531866247499286260e+01,4.936578364218340731e+00
7.533866819091169020e+01,4.944549746028640058e+00
7.535867390683053202e+01,5.019323918886103186e+00
7.537867962274935962e+01,4.055269794186839860e+00
7.539868533866820144e+01,4.563326836763763161e+00
7.541869105458702904e+01,4.707899225008975286e+00
7.543869677050585665e+01,4.493860767097602960e+00
7.545870248642469846e+01,3.348919727995125051e+00
7.547870820234352607e+01,4.095534398983294189e+00
7.549871391826236788e+01,3.652576753116173691e+00
7.551871963418119549e+01,3.935294721977358634e+00
7.553872535010003730e+01,3.797789549540387277e+00
7.555873106601886491e+01,4.167613783016568263e+00
7.557873678193770672e+01,3.178725320697818102e+00
7.559874249785653433e+01,3.621835707828049866e+00
7.561874821377536193e+01,4.354105628274254514e+00
7.563875392969420375e+01,3.431171304837920211e+00
7.565875964561303135e+01,3.336980878244433235e+00
7.567876536153187317e+01,4.384546802813694022e+00
7.569877107745070077e+01,3.188868979853969776e+00
7.571877679336954259e+01,3.237599824076359933e+00
7.573878250928837019e+01,3.962584052931946932e+00
7.575878822520721201e+01,2.993939735733463614e+00
7.577879394112603961e+01,3.387139472204000690e+00
7.579879965704486722e+01,3.861815758722811687e+00
7.581880537296370903e+01,3.241115360748824781e+00
7.583881108888253664e+01,3.892645302156857223e+00
7.585881680480137845e+01,3.321517132428431829e+00
7.587882252072020606e+01,4.420863837550649933e+00
7.589882823663904787e+01,4.055451618937152780e+00
7.591883395255787548e+01,4.589662521082630953e+00
7.593883966847671729e+01,4.450847774473765561e+00
7.595884538439554490e+01,4.676788467244548997e+00
7.597885110031437250e+01,4.134208334920717931e+00
7.599885681623321432e+01,4.005684584865367270e+00
7.601886253215204192e+01,4.908545102144272754e+00
7.603886824807088374e+01,4.380853128713791733e+00
7.605887396398971134e+01,4.941227970991162621e+00
7.607887967990855316e+01,5.096683730092451903e+00
7.609888539582738076e+01,4.816347551001693539e+00
7.611889111174622258e+01,4.856670451801782029e+00
7.613889682766505018e+01,4.879287238761111922e+00
7.615890254358387779e+01,5.379413797330387048e+00
7.617890825950271960e+01,5.519185023425218439e+00
7.619891397542154721e+01,6.331182030099537172e+00
7.621891969134038902e+01,5.659226132370539730e+00
7.623892540725921663e+01,5.568385163928996739e+00
7.625893112317805844e+01,5.933268296124934338e+00
7.627893683909688605e+01,5.940916606983883241e+00
7.629894255501572786e+01,6.501084021499526244e+00
7.631894827093455547e+01,5.522281780055822153e+00
7.633895398685339728e+01,6.012068337494583581e+00
7.635895970277222489e+01,6.196145149716394407e+00
7.637896541869105249e+01,7.100760241318965882e+00
7.639897113460989431e+01,5.910776714964297796e+00
7.641897685052872191e+01,6.608265674052621108e+00
7.643898256644756373e+01,6.066865217256456333e+00
7.645898828236639133e+01,6.236812491403975756e+00
7.647899399828523315e+01,6.747664225904960844e+00
7.649899971420406075e+01,5.976889987297831830e+00
7.651900543012290257e+01,5.330013768684974451e+00
7.653901114604173017e+01,5.488625992934728082e+00
7.655901686196055778e+01,4.785157189247894571e+00
7.657902257787939959e+01,4.943128966048226047e+00
7.659902829379822720e+01,5.727280989100261621e+00
7.661903400971706901e+01,4.685870033107957688e+00
7.663903972563589662e+01,4.528391493130584422e+00
7.665904544155473843e+01,3.915741431085796087e+00
7.667905115747356604e+01,4.168750115726785666e+00
7.669905687339240785e+01,4.458378423167715709e+00
7.671906258931123546e+01,3.839766500028469309e+00
7.673906830523006306e+01,4.081297272424773581e+00
7.675907402114890488e+01,3.483331435204344739e+00
7.677907973706773248e+01,4.052423342341949564e+00
7.679908545298657430e+01,4.025610420552749424e+00
7.681909116890540190e+01,3.839146050559621770e+00
7.683909688482424372e+01,4.279447610255910917e+00
7.685910260074307132e+01,4.285520433673181806e+00
7.687910831666191314e+01,4.397998267198070188e+00
7.689911403258074074e+01,4.097229367705128134e+00
7.691911974849956835e+01,4.575778920630871660e+00
7.693912546441841016e+01,4.632453304544403849e+00
7.695913118033723777e+01,3.810930545597066565e+00
7.697913689625607958e+01,3.744237201114199998e+00
7.699914261217490719e+01,4.285325662741190200e+00
7.701914832809374900e+01,3.920635198471286387e+00
7.703915404401257661e+01,3.989844103044213774e+00
7.705915975993141842e+01,4.033713299413744124e+00
7.707916547585024603e+01,3.786750007802391238e+00
7.709917119176907363e+01,4.509761196638789826e+00
7.711917690768791545e+01,4.747363360114117192e+00
7.713918262360674305e+01,4.363660935784649197e+00
7.715918833952558487e+01,3.766558530042565245e+00
7.717919405544441247e+01,3.891305134724952985e+00
7.719919977136325429e+01,5.018704996227346449e+00
7.721920548728208189e+01,3.596350206312675546e+00
7.723921120320092371e+01,4.491420453270457358e+00
7.725921691911975131e+01,4.336451745168837135e+00
7.727922263503859313e+01,4.647570884634582455e+00
7.729922835095742073e+01,5.416948498272638801e+00
7.731923406687624833e+01,5.639106259252780973e+00
7.733923978279509015e+01,6.203772654695727695e+00
7.735924549871391775e+01,5.341204155895992400e+00
7.737925121463275957e+01,5.885107236106791539e+00
7.739925693055158717e+01,6.250587187473957584e+00
7.741926264647042899e+01,6.119525695256375464e+00
7.743926836238925659e+01,6.675932243202846728e+00
7.745927407830809841e+01,6.233512623161480803e+00
7.747927979422692601e+01,6.821829609418687212e+00
7.749928551014575362e+01,7.401301667396833039e+00
7.751929122606459543e+01,6.392090075359914358e+00
7.753929694198342304e+01,6.412722037909044381e+00
7.755930265790226485e+01,6.364642772154897266e+00
7.757930837382109246e+01,7.095389167906602346e+00
7.759931408973993427e+01,6.992190101375675759e+00
7.761931980565876188e+01,6.725367609166752025e+00
7.763932552157760369e+01,6.841074810061343214e+00
7.765933123749643130e+01,6.296970618320823831e+00
7.767933695341525890e+01,5.371884448820702929e+00
7.769934266933410072e+01,5.533379403341394109e+00
7.771934838525292832e+01,5.576210013874579374e+00
7.773935410117177014e+01,5.745087206873940033e+00
7.775935981709059774e+01,6.016264231803925888e+00
7.777936553300943956e+01,5.502609623431913732e+00
7.779937124892826716e+01,5.788844605123012244e+00
7.781937696484710898e+01,5.422427557763212391e+00
7.783938268076593658e+01,4.851483307167701042e+00
7.785938839668476419e+01,6.013618862254209496e+00
7.787939411260360600e+01,5.512628289802905535e+00
7.789939982852243361e+01,5.410928718510779944e+00
7.791940554444127542e+01,5.909199206502892210e+00
7.793941126036010303e+01,6.620144311705062456e+00
7.795941697627894484e+01,6.252421631750660680e+00
7.797942269219777245e+01,6.971862737638771179e+00
7.799942840811661426e+01,7.253007044166225548e+00
7.801943412403544187e+01,7.373106752626171101e+00
7.803943983995426947e+01,6.892009071031157674e+00
7.805944555587311129e+01,7.752366804395182776e+00
7.807945127179193889e+01,8.019138435145723776e+00
7.809945698771078071e+01,8.065847097423279877e+00
7.811946270362960831e+01,7.808714059317884981e+00
7.813946841954845013e+01,7.252351733062980088e+00
7.815947413546727773e+01,7.928026406735430243e+00
7.817947985138611955e+01,7.739966380647476107e+00
7.819948556730494715e+01,8.553750376569102087e+00
7.821949128322378897e+01,8.493182185197717615e+00
7.823949699914261657e+01,7.347997392255583904e+00
7.825950271506144418e+01,7.567599645893766436e+00
7.827950843098028599e+01,7.453760484306952705e+00
7.829951414689911360e+01,7.285891218622651877e+00
7.831951986281795541e+01,7.958042355654643352e+00
7.833952557873678302e+01,6.711853306181012613e+00
7.835953129465562483e+01,7.326213346488728462e+00
7.837953701057445244e+01,6.688578964769011037e+00
7.839954272649329425e+01,6.855065715057957476e+00
7.841954844241212186e+01,6.621750509398603768e+00
7.843955415833094946e+01,6.300016265250934389e+00
7.845955987424979128e+01,6.577952835866206271e+00
7.847956559016861888e+01,6.960307695701573927e+00
7.849957130608746070e+01,6.947037659750515459e+00
7.851957702200628830e+01,7.224667890112616675e+00
7.853958273792513012e+01,6.921406665436755645e+00
7.855958845384395772e+01,7.356761120332580006e+00
7.857959416976279954e+01,6.948363836467668975e+00
7.859959988568162714e+01,7.022288542383392063e+00
7.861960560160045475e+01,7.808508928394592097e+00
7.863961131751929656e+01,7.988334119759016971e+00
7.865961703343812417e+01,8.544646426187467725e+00
7.867962274935696598e+01,7.941090917485452039e+00
7.869962846527579359e+01,8.141559688940400719e+00
7.871963418119463540e+01,8.795625135899754810e+00
7.873963989711346301e+01,8.864588450657402419e+00
7.875964561303230482e+01,8.761301076034396118e+00
7.877965132895113243e+01,8.324042355985177721e+00
7.879965704486996003e+01,9.096288476758644492e+00
7.881966276078880185e+01,8.419754334457408618e+00
7.883966847670762945e+01,7.214354317235557090e+00
7.885967419262647127e+01,7.112183341876082920e+00
7.887967990854529887e+01,7.260174648109258833e+00
7.889968562446414069e+01,7.122157744507752852e+00
7.891969134038296829e+01,7.162221739043297397e+00
7.893969705630181011e+01,6.785985665746524731e+00
7.895970277222063771e+01,5.962456667148501310e+00
7.897970848813946532e+01,6.411358111258822490e+00
7.899971420405830713e+01,5.566136610503797932e+00
7.901971991997713474e+01,5.631050608289119630e+00
7.903972563589597655e+01,5.616406413701569456e+00
7.905973135181480416e+01,5.299400898045992570e+00
7.907973706773364597e+01,4.289863655275002685e+00
7.909974278365247358e+01,5.293559192641572153e+00
7.911974849957131539e+01,4.887911433174373599e+00
7.913975421549014300e+01,4.583382857025489976e+00
7.915975993140898481e+01,3.861823977680830300e+00
7.917976564732781242e+01,3.478592882178261458e+00
7.919977136324664002e+01,3.634806873459222487e+00
7.921977707916548184e+01,3.411582542512618943e+00
7.923978279508430944e+01,4.119054014042572653e+00
7.925978851100315126e+01,4.625661854519036886e+00
7.927979422692197886e+01,3.734226039220057469e+00
7.929979994284082068e+01,4.134909214832582336e+00
7.931980565875964828e+01,4.002913816674899650e+00
7.933981137467849010e+01,3.337527897363962381e+00
7.935981709059731770e+01,3.774006376943336072e+00
7.937982280651614531e+01,4.249772259658767481e+00
7.939982852243498712e+01,4.047562079671624957e+00
7.941983423835381473e+01,3.252686023335658039e+00
7.943983995427265654e+01,4.112309997061203148e+00
7.945984567019148415e+01,3.527952742701271127e+00
7.947985138611032596e+01,2.940675912302115780e+00
7.949985710202915357e+01,4.453640935378951227e+00
7.951986281794799538e+01,3.519452472120367492e+00
7.953986853386682299e+01,3.360554699646232990e+00
7.955987424978565059e+01,4.157666418054853708e+00
7.957987996570449241e+01,4.422550899115599066e+00
7.959988568162332001e+01,4.207070437198972002e+00
7.961989139754216183e+01,3.996677808794294684e+00
7.963989711346098943e+01,3.841681550403747814e+00
7.965990282937983125e+01,3.990344868680109958e+00
7.967990854529865885e+01,4.520539413870883649e+00
7.969991426121750067e+01,4.985309676617742269e+00
7.971991997713632827e+01,4.490561007568025786e+00
7.973992569305515588e+01,4.575283965566193878e+00
7.975993140897399769e+01,5.350359101831135611e+00
7.977993712489282530e+01,4.803359769386105427e+00
7.979994284081166711e+01,5.030452750702560927e+00
7.981994855673049472e+01,4.055409989318094155e+00
7.983995427264933653e+01,4.637674089270560351e+00
7.985995998856816414e+01,5.364791972814482612e+00
7.987996570448700595e+01,5.403373223997025576e+00
7.989997142040583356e+01,4.497066507341338948e+00
7.991997713632466116e+01,4.482914083927050264e+00
7.993998285224350298e+01,4.760040775072114982e+00
7.995998856816233058e+01,4.644263255358707099e+00
7.997999428408117240e+01,4.213191597578935799e+00
8.000000000000000000e+01,4.233021551206919142e+00
