angle,intensity
1.000000000000000000e+01,2.047449985555925167e+01
1.002000571591883471e+01,2.066029026371756316e+01
1.004001143183766764e+01,2.088828196961888040e+01
1.006001714775650235e+01,2.107169078747435265e+01
1.008002286367533529e+01,2.147077952163148140e+01
1.010002857959417000e+01,2.243867128145042500e+01
1.012003429551300293e+01,2.224548281771305014e+01
1.014004001143183764e+01,2.279214482017433951e+01
1.016004572735067235e+01,2.278068321566364318e+01
1.018005144326950528e+01,2.290439698805816704e+01
1.020005715918833999e+01,2.334251828997399514e+01
1.022006287510717293e+01,2.402327505569326149e+01
1.024006859102600764e+01,2.415062565574984177e+01
1.026007430694484057e+01,2.484701614099206068e+01
1.028008002286367528e+01,2.472612920893661581e+01
1.030008573878250999e+01,2.544835545445132396e+01
1.032009145470134293e+01,2.532389674629321163e+01
1.034009717062017764e+01,2.547402892299769306e+01
1.036010288653901057e+01,2.629300680660298184e+01
1.038010860245784528e+01,2.650903108152126464e+01
1.040011431837667999e+01,2.761638566674597683e+01
1.042012003429551292e+01,2.741607635234915463e+01
1.044012575021434763e+01,2.823964426489921209e+01
1.046013146613318057e+01,2.828314612062801459e+01
1.048013718205201528e+01,2.792896445734663047e+01
1.050014289797084821e+01,2.843143156076082079e+01
1.052014861388968292e+01,2.894112141464289323e+01
1.054015432980851585e+01,2.920735833667049164e+01
1.056016004572735056e+01,2.851350242164797777e+01
1.058016576164618527e+01,2.927341944176023247e+01
1.060017147756501821e+01,2.861309920753048885e+01
1.062017719348385292e+01,2.907337016171098298e+01
1.064018290940268585e+01,2.813412018211711541e+01
1.066018862532152056e+01,2.774118124507756633e+01
1.068019434124035527e+01,2.737982435935353465e+01
1.070020005715918820e+01,2.670887684039075438e+01
1.072020577307802292e+01,2.566278764156913539e+01
1.074021148899685585e+01,2.583624818506702070e+01
1.076021720491569056e+01,2.485989224561665623e+01
1.078022292083452349e+01,2.324710596023370357e+01
1.080022863675335820e+01,2.265561692227405644e+01
1.082023435267219291e+01,2.174796161210854706e+01
1.084024006859102585e+01,2.034913358132195782e+01
1.086024578450986056e+01,1.960024903707456900e+01
1.088025150042869349e+01,1.770315394346933147e+01
1.090025721634752820e+01,1.739256016263667348e+01
1.092026293226636113e+01,1.531164536765140838e+01
1.094026864818519584e+01,1.501966212863963435e+01
1.096027436410403055e+01,1.468130412549705710e+01
1.098028008002286349e+01,1.333765947994205625e+01
1.100028579594169820e+01,1.307965631033781051e+01
1.102029151186053113e+01,1.208837671363079025e+01
1.104029722777936584e+01,1.146354154619558230e+01
1.106030294369819877e+01,1.066021048685320771e+01
1.108030865961703348e+01,9.696202673313244702e+00
1.110031437553586819e+01,8.799069591555351622e+00
1.112032009145470113e+01,8.970635834079580206e+00
1.114032580737353584e+01,8.524023198342765895e+00
1.116033152329236877e+01,7.158994650987041020e+00
1.118033723921120348e+01,7.180285433207947321e+00
1.120034295513003642e+01,6.936919106600833551e+00
1.122034867104887113e+01,5.698433297381140683e+00
1.124035438696770584e+01,5.391902412978427428e+00
1.126036010288653877e+01,5.407122258107942336e+00
1.128036581880537348e+01,5.380978153326543278e+00
1.130037153472420641e+01,5.648546606247450086e+00
1.132037725064304112e+01,5.001760470978863005e+00
1.134038296656187583e+01,3.742815099907305765e+00
1.136038868248070877e+01,4.128370407959520705e+00
1.138039439839954348e+01,4.433049746386541479e+00
1.140040011431837641e+01,3.494087422968844336e+00
1.142040583023721112e+01,4.252990311419557301e+00
1.144041154615604405e+01,4.454272409751474981e+00
1.146041726207487876e+01,4.338501122581368996e+00
1.148042297799371170e+01,3.848095323990976535e+00
1.150042869391254641e+01,3.656722699030990231e+00
1.152043440983138112e+01,3.878650555148380974e+00
1.154044012575021405e+01,3.452459271009695740e+00
1.156044584166904876e+01,3.837061260832801857e+00
1.158045155758788169e+01,4.066091475410139822e+00
1.160045727350671640e+01,3.262186000804692121e+00
1.162046298942555111e+01,3.768695048487525234e+00
1.164046870534438405e+01,4.306717957912672645e+00
1.166047442126321876e+01,3.869257975853669151e+00
1.168048013718205169e+01,3.897520683358949967e+00
1.170048585310088640e+01,3.169297390537341830e+00
1.172049156901971934e+01,3.869539657534901700e+00
1.174049728493855405e+01,3.636681103602972698e+00
1.176050300085738698e+01,4.170572590251445888e+00
1.178050871677622169e+01,4.174569697086438325e+00
1.180051443269505640e+01,4.370370145714209009e+00
1.182052014861388933e+01,3.725770014948631026e+00
1.184052586453272404e+01,3.908427661081659288e+00
1.186053158045155698e+01,3.155491085181152400e+00
1.188053729637039169e+01,3.737072075643588676e+00
1.190054301228922640e+01,2.845526577536958701e+00
1.192054872820805933e+01,3.307570638341481573e+00
1.194055444412689404e+01,3.763008765927213339e+00
1.196056016004572697e+01,4.100471808622201841e+00
1.198056587596456168e+01,3.064374090292904196e+00
1.200057159188339639e+01,4.208842360721659404e+00
1.202057730780222933e+01,3.999431186068978406e+00
1.204058302372106226e+01,3.404579711059480207e+00
1.206058873963989697e+01,3.406244532088904986e+00
1.208059445555873168e+01,3.674595924764536115e+00
1.210060017147756461e+01,3.904930089807528759e+00
1.212060588739639932e+01,3.709548252183628492e+00
1.214061160331523226e+01,3.822546275486440770e+00
1.216061731923406697e+01,2.935299437831803360e+00
1.218062303515290168e+01,4.328838745033443125e+00
1.220062875107173461e+01,2.957376856338983728e+00
1.222063446699056932e+01,3.813944472779282613e+00
1.224064018290940226e+01,3.149610133084880470e+00
1.226064589882823697e+01,3.579946056275209010e+00
1.228065161474707168e+01,3.167092922198124771e+00
1.230065733066590461e+01,3.735023888951842785e+00
1.232066304658473754e+01,3.834006120448941513e+00
1.234066876250357225e+01,4.243477686197379306e+00
1.236067447842240696e+01,4.202093517531341860e+00
1.238068019434123990e+01,3.740295893401597738e+00
1.240068591026007461e+01,4.553340542774108712e+00
1.242069162617890754e+01,4.301451673011601251e+00
1.244069734209774225e+01,2.925746614746988605e+00
1.246070305801657696e+01,4.471688208819475818e+00
1.248070877393540989e+01,3.752073423997911217e+00
1.250071448985424460e+01,3.749342103101779955e+00
1.252072020577307754e+01,3.426726740633752044e+00
1.254072592169191225e+01,3.173141030691557951e+00
1.256073163761074696e+01,4.312112765498828715e+00
1.258073735352957989e+01,3.809155792154714781e+00
1.260074306944841460e+01,3.424624798918217472e+00
1.262074878536724754e+01,4.630102234579034359e+00
1.264075450128608225e+01,3.516842703108992385e+00
1.266076021720491518e+01,3.003895374557496112e+00
1.268076593312374989e+01,3.853477823757508247e+00
1.270077164904258282e+01,4.114852696340960847e+00
1.272077736496141753e+01,3.323683549666402115e+00
1.274078308088025224e+01,3.682282744284195886e+00
1.276078879679908518e+01,3.833375939200753368e+00
1.278079451271791989e+01,4.253587963308485875e+00
1.280080022863675282e+01,4.255165345488530093e+00
1.282080594455558753e+01,3.565982123277603222e+00
1.284081166047442224e+01,4.170363734265236211e+00
1.286081737639325517e+01,4.194523926496435351e+00
1.288082309231208988e+01,3.323909653313836365e+00
1.290082880823092282e+01,4.133547212918804448e+00
1.292083452414975753e+01,3.797932245852326361e+00
1.294084024006859224e+01,3.520289341116203730e+00
1.296084595598742517e+01,4.477193503916555350e+00
1.298085167190625810e+01,3.721650447328743283e+00
1.300085738782509281e+01,3.581309492891529001e+00
1.302086310374392752e+01,3.597546711979181744e+00
1.304086881966276046e+01,4.046121199044499406e+00
1.306087453558159517e+01,3.764054164727560270e+00
1.308088025150042810e+01,3.746339497889396242e+00
1.310088596741926281e+01,4.568883212391925852e+00
1.312089168333809752e+01,3.479645568087028629e+00
1.314089739925693046e+01,4.060148349709341353e+00
1.316090311517576517e+01,3.843272107810506100e+00
1.318090883109459810e+01,4.069384996963545831e+00
1.320091454701343281e+01,3.142825504244325607e+00
1.322092026293226752e+01,4.044255092218257630e+00
1.324092597885110045e+01,3.826722122633006151e+00
1.326093169476993339e+01,3.145538269166123779e+00
1.328093741068876810e+01,3.908998831008332342e+00
1.330094312660760281e+01,3.688732117186154458e+00
1.332094884252643574e+01,3.899901866665749672e+00
1.334095455844527045e+01,4.607961393426127650e+00
1.336096027436410338e+01,4.618813474440051081e+00
1.338096599028293809e+01,3.275435748942531866e+00
1.340097170620177280e+01,3.956026981513490526e+00
1.342097742212060574e+01,3.689556919632798859e+00
1.344098313803944045e+01,3.270521627444188173e+00
1.346098885395827338e+01,3.799753845452907619e+00
1.348099456987710809e+01,4.250537905084613044e+00
1.350100028579594280e+01,4.758386315927073618e+00
1.352100600171477573e+01,4.561646706023203102e+00
1.354101171763361044e+01,4.004657065374830793e+00
1.356101743355244338e+01,4.100034106216593699e+00
1.358102314947127809e+01,4.456660792863093690e+00
1.360102886539011102e+01,4.023360173208254231e+00
1.362103458130894573e+01,3.718337399508076402e+00
1.364104029722777867e+01,3.763002205472544492e+00
1.366104601314661338e+01,3.561239729285269107e+00
1.368105172906544809e+01,4.835916316316647645e+00
1.370105744498428102e+01,3.966441011698000452e+00
1.372106316090311573e+01,4.025493521455311807e+00
1.374106887682194866e+01,4.578631171792706844e+00
1.376107459274078337e+01,4.130394239982628335e+00
1.378108030865961808e+01,4.660563179921475729e+00
1.380108602457845102e+01,4.938584552022839524e+00
1.382109174049728573e+01,3.630860671635859571e+00
1.384109745641611866e+01,3.952002528304401352e+00
1.386110317233495337e+01,3.486553444069436125e+00
1.388110888825378808e+01,4.037931630579464581e+00
1.390111460417262101e+01,4.162665061491791718e+00
1.392112032009145395e+01,4.745009368346821077e+00
1.394112603601028866e+01,4.615296665249219998e+00
1.396113175192912337e+01,4.488690578804956033e+00
1.398113746784795630e+01,3.442214323930737230e+00
1.400114318376679101e+01,3.950792136556682266e+00
1.402114889968562395e+01,3.477581257778823431e+00
1.404115461560445866e+01,4.309228900058363010e+00
1.406116033152329337e+01,3.779348285581743294e+00
1.408116604744212630e+01,4.425716969243394416e+00
1.410117176336095923e+01,3.663534161035378212e+00
1.412117747927979394e+01,4.500185302803846099e+00
1.414118319519862865e+01,4.173564839403200111e+00
1.416118891111746336e+01,4.339579838173802884e+00
1.418119462703629630e+01,3.623601929134112609e+00
1.420120034295512923e+01,4.898470691830128843e+00
1.422120605887396394e+01,4.219229574884194811e+00
1.424121177479279865e+01,4.277706287056675549e+00
1.426121749071163336e+01,4.256662019693891352e+00
1.428122320663046629e+01,4.487694183124379954e+00
1.430122892254929923e+01,4.666745971510682267e+00
1.432123463846813394e+01,3.956837286549283128e+00
1.434124035438696865e+01,4.301085320077131513e+00
1.436124607030580158e+01,4.909110132330660292e+00
1.438125178622463629e+01,4.768401732633181567e+00
1.440125750214346922e+01,4.075391013694295239e+00
1.442126321806230393e+01,4.027752299194015784e+00
1.444126893398113864e+01,3.795135309402393631e+00
1.446127464989997158e+01,4.580335458663981285e+00
1.448128036581880451e+01,5.061015064178218559e+00
1.450128608173763922e+01,4.902744444623280629e+00
1.452129179765647393e+01,4.713505283603597995e+00
1.454129751357530864e+01,5.084838748101375039e+00
1.456130322949414158e+01,4.950922803669472572e+00
1.458130894541297451e+01,5.101654649815494658e+00
1.460131466133180922e+01,5.464785186095888037e+00
1.462132037725064393e+01,5.272365743232697355e+00
1.464132609316947686e+01,5.488058314217319378e+00
1.466133180908831157e+01,5.030014315823748916e+00
1.468133752500714451e+01,6.105684918219193236e+00
1.470134324092597922e+01,5.776768404386736222e+00
1.472134895684481393e+01,5.513820604144985538e+00
1.474135467276364686e+01,5.579972507879259247e+00
1.476136038868247979e+01,6.328160127946466318e+00
1.478136610460131450e+01,6.048780743033055352e+00
1.480137182052014921e+01,6.645292821384545690e+00
1.482137753643898392e+01,6.617685151917831021e+00
1.484138325235781686e+01,7.249962822232908444e+00
1.486138896827664979e+01,6.668449570597244858e+00
1.488139468419548450e+01,7.463423452015929271e+00
1.490140040011431921e+01,8.519383686396745148e+00
1.492140611603315392e+01,7.296453159762475771e+00
1.494141183195198685e+01,8.542847705180296458e+00
1.496141754787081979e+01,9.027892351610381283e+00
1.498142326378965450e+01,9.315228139300693044e+00
1.500142897970848921e+01,9.056012972469265065e+00
1.502143469562732214e+01,8.881745564581805752e+00
1.504144041154615508e+01,1.005608263040677208e+01
1.506144612746498979e+01,9.921885565508846483e+00
1.508145184338382450e+01,1.007237005382312311e+01
1.510145755930265921e+01,1.011475253605272684e+01
1.512146327522149214e+01,1.121019366179309174e+01
1.514146899114032507e+01,1.114463470140255019e+01
1.516147470705915978e+01,1.142957241182569028e+01
1.518148042297799449e+01,1.212975869751380742e+01
1.520148613889682920e+01,1.201205091596688668e+01
1.522149185481566214e+01,1.196775756246890587e+01
1.524149757073449507e+01,1.309853878285939111e+01
1.526150328665332978e+01,1.350780951791849205e+01
1.528150900257216449e+01,1.435167110324607442e+01
1.530151471849099742e+01,1.475563284757169491e+01
1.532152043440983036e+01,1.470347130867108021e+01
1.534152615032866507e+01,1.561063856269643324e+01
1.536153186624749978e+01,1.550927111905815181e+01
1.538153758216633449e+01,1.592419641538328889e+01
1.540154329808516742e+01,1.686838783673817943e+01
1.542154901400400036e+01,1.737609621307561270e+01
1.544155472992283507e+01,1.841613266580132091e+01
1.546156044584166978e+01,1.927535379295010998e+01
1.548156616176050449e+01,1.946385924487489305e+01
1.550157187767933742e+01,1.956487610968695279e+01
1.552157759359817035e+01,2.063242710483025633e+01
1.554158330951700506e+01,2.130917087921240949e+01
1.556158902543583977e+01,2.244599902110212497e+01
1.558159474135467271e+01,2.212947093673435717e+01
1.560160045727350742e+01,2.414027814778527059e+01
1.562160617319234035e+01,2.445276270867140056e+01
1.564161188911117506e+01,2.480762896177181176e+01
1.566161760503000977e+01,2.568714943385987581e+01
1.568162332094884270e+01,2.742354601067835063e+01
1.570162903686767564e+01,2.771352217049977895e+01
1.572163475278651035e+01,2.803774143285402332e+01
1.574164046870534506e+01,2.960417752298148741e+01
1.576164618462417977e+01,3.075106342719899644e+01
1.578165190054301270e+01,3.076769670273433022e+01
1.580165761646184563e+01,3.303556458333011392e+01
1.582166333238068034e+01,3.341286204503153101e+01
1.584166904829951505e+01,3.485078375090206038e+01
1.586167476421834799e+01,3.593053623242519024e+01
1.588168048013718270e+01,3.685456683445429604e+01
1.590168619605601563e+01,3.771251904761651019e+01
1.592169191197485034e+01,3.981764857609618247e+01
1.594169762789368505e+01,4.029981357235287476e+01
1.596170334381251799e+01,4.169984803026846265e+01
1.598170905973135092e+01,4.300702999813669436e+01
1.600171477565018563e+01,4.454912462819136465e+01
1.602172049156902034e+01,4.594811418606212783e+01
1.604172620748785505e+01,4.666934084295203888e+01
1.606173192340668976e+01,4.788268026078084461e+01
1.608173763932552092e+01,5.057542869784260375e+01
1.610174335524435563e+01,5.200295153018152661e+01
1.612174907116319034e+01,5.354658030447787809e+01
1.614175478708202505e+01,5.468194070223913172e+01
1.616176050300085620e+01,5.610170276862034200e+01
1.618176621891969091e+01,5.793919755621839585e+01
1.620177193483852562e+01,5.894339937132355800e+01
1.622177765075736033e+01,6.031312728198953010e+01
1.624178336667619504e+01,6.160417492771613013e+01
1.626178908259502620e+01,6.340174055782081552e+01
1.628179479851386091e+01,6.362144835715991320e+01
1.630180051443269562e+01,6.465942489897936696e+01
1.632180623035153033e+01,6.513322924997478935e+01
1.634181194627036149e+01,6.616643219401660758e+01
1.636181766218919620e+01,6.705005092585487603e+01
1.638182337810803091e+01,6.674076820601972315e+01
1.640182909402686562e+01,6.662414254412965420e+01
1.642183480994570033e+01,6.591637086572754356e+01
1.644184052586453504e+01,6.561552772193742555e+01
1.646184624178336620e+01,6.550545786846443264e+01
1.648185195770220091e+01,6.415934839553918323e+01
1.650185767362103562e+01,6.413198290021705361e+01
1.652186338953986677e+01,6.241760217769375174e+01
1.654186910545870148e+01,6.159585354994977280e+01
1.656187482137753619e+01,6.034127880844883407e+01
1.658188053729637090e+01,5.816117374229917658e+01
1.660188625321520561e+01,5.695637303611177060e+01
1.662189196913404032e+01,5.601890416832399211e+01
1.664189768505287148e+01,5.487250327717092802e+01
1.666190340097170619e+01,5.386272470773261034e+01
1.668190911689054090e+01,5.274507358647706923e+01
1.670191483280937561e+01,5.235482067065464662e+01
1.672192054872820677e+01,5.225130046430749076e+01
1.674192626464704148e+01,5.182493347184825438e+01
1.676193198056587619e+01,5.225053567981424862e+01
1.678193769648471090e+01,5.220191036686270536e+01
1.680194341240354561e+01,5.304869626740129718e+01
1.682194912832238032e+01,5.366354253502416327e+01
1.684195484424121148e+01,5.507388833624546010e+01
1.686196056016004619e+01,5.599120706472527331e+01
1.688196627607888090e+01,5.639382917396046224e+01
1.690197199199771205e+01,5.651391014863683893e+01
1.692197770791654676e+01,5.734897054312516929e+01
1.694198342383538147e+01,5.828268186451428079e+01
1.696198913975421618e+01,5.907454706728913152e+01
1.698199485567305089e+01,5.923177388048831915e+01
1.700200057159188560e+01,5.989597475076467958e+01
1.702200628751071676e+01,5.955471163108499866e+01
1.704201200342955147e+01,5.952177209278390535e+01
1.706201771934838618e+01,5.782242491378512739e+01
1.708202343526722089e+01,5.750462425552579759e+01
1.710202915118605205e+01,5.628902657902747819e+01
1.712203486710488676e+01,5.334432433362040626e+01
1.714204058302372147e+01,5.147866409305358104e+01
1.716204629894255618e+01,4.982072530664382271e+01
1.718205201486139089e+01,4.644413764757075569e+01
1.720205773078022204e+01,4.315000012730241963e+01
1.722206344669905675e+01,4.089327326794256123e+01
1.724206916261789146e+01,3.753218339923987656e+01
1.726207487853672617e+01,3.467898957161865070e+01
1.728208059445555733e+01,3.202096284809320537e+01
1.730208631037439204e+01,2.889254948825468716e+01
1.732209202629322675e+01,2.712834847661956417e+01
1.734209774221206146e+01,2.429160699814163138e+01
1.736210345813089617e+01,2.304868265206202693e+01
1.738210917404973088e+01,2.216506438626381836e+01
1.740211488996856204e+01,1.977137565413495679e+01
1.742212060588739675e+01,1.870302003072862718e+01
1.744212632180623146e+01,1.793431477523904505e+01
1.746213203772506262e+01,1.802045568670181908e+01
1.748213775364389733e+01,1.748523800734882627e+01
1.750214346956273204e+01,1.749558400682108328e+01
1.752214918548156675e+01,1.656661938148178592e+01
1.754215490140040146e+01,1.637862052981030914e+01
1.756216061731923617e+01,1.624793297086284483e+01
1.758216633323806732e+01,1.653715280513062069e+01
1.760217204915690203e+01,1.636557133969852629e+01
1.762217776507573674e+01,1.631981957160349239e+01
1.764218348099457145e+01,1.558419160762846900e+01
1.766218919691340261e+01,1.534566069597095606e+01
1.768219491283223732e+01,1.539468860416700124e+01
1.770220062875107203e+01,1.498881312436322055e+01
1.772220634466990674e+01,1.499811619011489228e+01
1.774221206058874145e+01,1.433102312992978256e+01
1.776221777650757616e+01,1.376205814788138149e+01
1.778222349242640732e+01,1.293403405712027165e+01
1.780222920834524203e+01,1.186287560786322182e+01
1.782223492426407674e+01,1.128867811266170129e+01
1.784224064018290790e+01,1.070446436797569945e+01
1.786224635610174261e+01,1.020442885002050382e+01
1.788225207202057732e+01,9.282840889502338655e+00
1.790225778793941203e+01,8.788838404776944557e+00
1.792226350385824674e+01,7.869574317855297707e+00
1.794226921977708145e+01,7.978089691199264699e+00
1.796227493569591260e+01,7.483148986282129655e+00
1.798228065161474731e+01,6.106542353067966111e+00
1.800228636753358202e+01,5.899891360665199258e+00
1.802229208345241318e+01,6.132105305837269427e+00
1.804229779937124789e+01,5.933357295069523474e+00
1.806230351529008260e+01,5.259597834281507289e+00
1.808230923120891731e+01,6.298520391029528653e+00
1.810231494712775202e+01,5.435828194776189726e+00
1.812232066304658673e+01,4.966215309947363821e+00
1.814232637896542144e+01,5.976984539733547486e+00
1.816233209488425260e+01,4.802476871774370437e+00
1.818233781080308731e+01,4.807616800497248377e+00
1.820234352672191847e+01,5.104577291735497013e+00
1.822234924264075318e+01,5.348138655165794120e+00
1.824235495855958789e+01,5.387721582383319330e+00
1.826236067447842260e+01,5.784450103207335658e+00
1.828236639039725731e+01,5.538586848135808260e+00
1.830237210631609202e+01,5.654352730019217788e+00
1.832237782223492673e+01,4.769647655501091599e+00
1.834238353815375788e+01,5.058127072190467644e+00
1.836238925407259259e+01,6.174556463476528201e+00
1.838239496999142730e+01,5.291520073992934670e+00
1.840240068591025846e+01,5.917530960161879960e+00
1.842240640182909317e+01,4.329714940057622030e+00
1.844241211774792788e+01,5.108516575095209511e+00
1.846241783366676259e+01,4.689840686437491968e+00
1.848242354958559730e+01,5.709309153861375385e+00
1.850242926550443201e+01,5.472041822917525167e+00
1.852243498142326672e+01,5.265912459559149994e+00
1.854244069734209788e+01,5.409886181041446918e+00
1.856244641326093259e+01,5.565628481468248623e+00
1.858245212917976374e+01,5.149508534334167997e+00
1.860245784509859845e+01,6.305998266852622436e+00
1.862246356101743316e+01,5.055742999984771835e+00
1.864246927693626787e+01,4.861119005533568682e+00
1.866247499285510258e+01,5.366434042797405546e+00
1.868248070877393729e+01,5.410956643623038076e+00
1.870248642469277200e+01,6.488064407841469539e+00
1.872249214061160316e+01,6.538968350877619073e+00
1.874249785653043787e+01,5.719683817210911236e+00
1.876250357244927258e+01,6.899995272578889782e+00
1.878250928836810374e+01,6.257773156994656638e+00
1.880251500428693845e+01,6.959579564759071246e+00
1.882252072020577316e+01,6.312055084492435242e+00
1.884252643612460787e+01,6.404974904777072986e+00
1.886253215204344258e+01,7.448199938975876400e+00
1.888253786796227729e+01,7.452100837389937560e+00
1.890254358388111200e+01,7.554029867933959252e+00
1.892254929979994316e+01,7.490988685771208466e+00
1.894255501571877787e+01,8.414435567546572514e+00
1.896256073163760902e+01,7.879404359597400820e+00
1.898256644755644373e+01,8.862786558248625823e+00
1.900257216347527844e+01,9.165586651154139730e+00
1.902257787939411315e+01,8.716861304672749000e+00
1.904258359531294786e+01,9.475807098160757391e+00
1.906258931123178257e+01,9.437083410532970618e+00
1.908259502715061728e+01,9.437512147311167610e+00
1.910260074306944844e+01,1.020549537913339222e+01
1.912260645898828315e+01,1.011846826411802880e+01
1.914261217490711431e+01,1.103624710009932564e+01
1.916261789082594902e+01,1.184314886651753262e+01
1.918262360674478373e+01,1.158674437731547791e+01
1.920262932266361844e+01,1.172351235229770694e+01
1.922263503858245315e+01,1.224560107174828794e+01
1.924264075450128786e+01,1.331673378281955067e+01
1.926264647042012257e+01,1.353772194597978107e+01
1.928265218633895373e+01,1.353675078830696776e+01
1.930265790225778844e+01,1.398472787417162344e+01
1.932266361817662315e+01,1.509869328544333733e+01
1.934266933409545430e+01,1.470193648689883936e+01
1.936267505001428901e+01,1.592617073034690378e+01
1.938268076593312372e+01,1.532458675628576117e+01
1.940268648185195843e+01,1.694707861039911378e+01
1.942269219777079314e+01,1.745978357899576494e+01
1.944269791368962785e+01,1.749800416137786740e+01
1.946270362960846256e+01,1.873584145139733437e+01
1.948270934552729372e+01,1.928159716632486109e+01
1.950271506144612843e+01,1.996266791174176802e+01
1.952272077736495959e+01,1.953849200810050846e+01
1.954272649328379430e+01,2.061911872883128538e+01
1.956273220920262901e+01,2.111056429908434495e+01
1.958273792512146372e+01,2.193886013161305470e+01
1.960274364104029843e+01,2.203392772138302291e+01
1.962274935695913314e+01,2.308512348658641855e+01
1.964275507287796785e+01,2.308097050987631604e+01
1.966276078879679901e+01,2.393672766690967535e+01
1.968276650471563372e+01,2.443519754639065056e+01
1.970277222063446487e+01,2.611479058135098086e+01
1.972277793655329958e+01,2.607519872969694674e+01
1.974278365247213429e+01,2.702451083249030006e+01
1.976278936839096900e+01,2.719808196422680169e+01
1.978279508430980371e+01,2.811633873670460204e+01
1.980280080022863842e+01,2.832123897427623760e+01
1.982280651614747313e+01,2.946241315774263114e+01
1.984281223206630784e+01,3.057463210444410961e+01
1.986281794798513900e+01,3.137568430241723760e+01
1.988282366390397371e+01,3.181395644349579399e+01
1.990282937982280487e+01,3.192243868509210358e+01
1.992283509574163958e+01,3.314394955282362076e+01
1.994284081166047429e+01,3.327582742039318475e+01
1.996284652757930900e+01,3.393858510578631638e+01
1.998285224349814371e+01,3.372556309608394542e+01
2.000285795941697842e+01,3.502870623261983241e+01
2.002286367533581313e+01,3.476313580960016481e+01
2.004286939125464428e+01,3.509418369014127137e+01
2.006287510717347899e+01,3.488614609826283441e+01
2.008288082309231015e+01,3.497835355874320840e+01
2.010288653901114486e+01,3.456379785125680115e+01
2.012289225492997957e+01,3.385327819106203862e+01
2.014289797084881428e+01,3.363763074842418632e+01
2.016290368676764899e+01,3.345478843648814404e+01
2.018290940268648370e+01,3.254375694578757816e+01
2.020291511860531841e+01,3.259160874156906118e+01
2.022292083452414957e+01,3.156806554544023413e+01
2.024292655044298428e+01,3.097203250146695552e+01
2.026293226636181899e+01,3.035103207368830880e+01
2.028293798228065015e+01,3.023049657538408752e+01
2.030294369819948486e+01,2.945355213427411201e+01
2.032294941411831957e+01,2.868102445670347578e+01
2.034295513003715428e+01,2.916921951019450177e+01
2.036296084595598899e+01,2.849595768715508015e+01
2.038296656187482370e+01,2.824904245778524725e+01
2.040297227779365841e+01,2.818663255735681616e+01
2.042297799371248956e+01,2.727995282880144146e+01
2.044298370963132427e+01,2.697369362674989191e+01
2.046298942555015543e+01,2.683594883615628390e+01
2.048299514146899014e+01,2.584212854288803385e+01
2.050300085738782485e+01,2.461982838782843430e+01
2.052300657330665956e+01,2.488422840496667376e+01
2.054301228922549427e+01,2.404169232157308755e+01
2.056301800514432898e+01,2.321280311240343508e+01
2.058302372106316369e+01,2.162611299007144439e+01
2.060302943698199485e+01,2.057130042337675491e+01
2.062303515290082956e+01,1.955166028354488006e+01
2.064304086881966072e+01,1.832248985147363030e+01
2.066304658473849543e+01,1.760400300547198071e+01
2.068305230065733014e+01,1.649045304698683978e+01
2.070305801657616485e+01,1.524514624918973027e+01
2.072306373249499956e+01,1.335511509772560323e+01
2.074306944841383427e+01,1.314271186610878495e+01
2.076307516433266898e+01,1.119864850884843577e+01
2.078308088025150369e+01,1.133222144466355275e+01
2.080308659617033484e+01,9.130064748176192069e+00
2.082309231208916955e+01,1.008273287348403535e+01
2.084309802800800071e+01,8.560942829357355066e+00
2.086310374392683542e+01,7.988386771403110487e+00
2.088310945984567013e+01,7.696788530153371610e+00
2.090311517576450484e+01,8.369143771170870494e+00
2.092312089168333955e+01,7.213676349802729426e+00
2.094312660760217426e+01,7.884133202170392707e+00
2.096313232352100897e+01,6.936556097850823832e+00
2.098313803943984013e+01,7.013413498240256949e+00
2.100314375535867484e+01,6.809326205119118569e+00
2.102314947127750600e+01,7.052711563059734345e+00
2.104315518719634071e+01,6.107555668461934317e+00
2.106316090311517542e+01,6.058631282552022768e+00
2.108316661903401013e+01,6.568154383887418568e+00
2.110317233495284484e+01,6.059193842231913152e+00
2.112317805087167955e+01,6.459732864095884430e+00
2.114318376679051426e+01,6.300971008383134730e+00
2.116318948270934541e+01,6.365995030216414996e+00
2.118319519862818012e+01,6.519854950438006114e+00
2.120320091454701483e+01,6.831138717177733355e+00
2.122320663046584599e+01,7.014160126285210239e+00
2.124321234638468070e+01,5.944050000096963160e+00
2.126321806230351541e+01,6.408859057062022302e+00
2.128322377822235012e+01,6.697581899915382664e+00
2.130322949414118483e+01,7.341560559829136245e+00
2.132323521006001954e+01,6.183091159350350807e+00
2.134324092597885425e+01,6.581314992157322408e+00
2.136324664189768541e+01,6.260248008278814780e+00
2.138325235781652012e+01,6.151853454943593036e+00
2.140325807373535127e+01,6.120772119923213239e+00
2.142326378965418598e+01,6.105315090018422097e+00
2.144326950557302069e+01,6.823687034530847129e+00
2.146327522149185540e+01,6.858428553794041704e+00
2.148328093741069011e+01,7.194359904067935574e+00
2.150328665332952482e+01,7.048269239520243978e+00
2.152329236924835953e+01,6.669145112180035362e+00
2.154329808516719069e+01,6.336199606176671217e+00
2.156330380108602540e+01,5.905432237930165584e+00
2.158330951700485656e+01,5.960566203098704108e+00
2.160331523292369127e+01,5.952138496755717156e+00
2.162332094884252598e+01,5.383180023365412126e+00
2.164332666476136069e+01,5.496001864245757318e+00
2.166333238068019540e+01,5.419085863408978021e+00
2.168333809659903011e+01,5.203203670467609676e+00
2.170334381251786482e+01,4.650783409938574309e+00
2.172334952843669598e+01,4.830655618146453278e+00
2.174335524435553069e+01,4.461042714285950339e+00
2.176336096027436540e+01,4.536672257794927887e+00
2.178336667619319655e+01,4.734109527462408096e+00
2.180337239211203126e+01,4.519220124938362559e+00
2.182337810803086597e+01,4.212078303977320637e+00
2.184338382394970068e+01,4.664539534723996184e+00
2.186338953986853539e+01,4.443170043239634381e+00
2.188339525578737010e+01,4.253576504233281597e+00
2.190340097170620481e+01,3.942264886677258495e+00
2.192340668762503597e+01,4.597289343714066057e+00
2.194341240354387068e+01,4.715827527685945597e+00
2.196341811946270184e+01,4.139265642869252027e+00
2.198342383538153655e+01,4.184418412872519255e+00
2.200342955130037126e+01,3.767983602112321417e+00
2.202343526721920597e+01,4.756180878386081723e+00
2.204344098313804068e+01,3.834298179384012961e+00
2.206344669905687539e+01,4.047082231724992596e+00
2.208345241497571010e+01,3.850451350367792180e+00
2.210345813089454126e+01,4.261108776862589487e+00
2.212346384681337597e+01,4.118835212541138269e+00
2.214346956273221068e+01,3.903255830771244383e+00
2.216347527865104183e+01,4.151770404160719963e+00
2.218348099456987654e+01,3.725750212467689337e+00
2.220348671048871125e+01,3.891936432893486675e+00
2.222349242640754596e+01,4.047398696997823286e+00
2.224349814232638067e+01,4.476134812667890372e+00
2.226350385824521538e+01,3.245651077038957055e+00
2.228350957416405009e+01,3.796915981658726569e+00
2.230351529008288125e+01,3.725726823853419578e+00
2.232352100600171596e+01,4.329038114217217625e+00
2.234352672192054712e+01,3.492656203827940509e+00
2.236353243783938183e+01,3.709813057227199007e+00
2.238353815375821654e+01,3.594866342547071270e+00
2.240354386967705125e+01,3.449144771623116945e+00
2.242354958559588596e+01,3.660524184847210094e+00
2.244355530151472067e+01,4.156061433665164451e+00
2.246356101743355538e+01,3.981587946703947445e+00
2.248356673335238654e+01,4.499932542446293482e+00
2.250357244927122125e+01,3.742119716244109551e+00
2.252357816519005240e+01,4.026552077891691894e+00
2.254358388110888711e+01,4.185373213491933697e+00
2.256358959702772182e+01,3.384429630214284224e+00
2.258359531294655653e+01,3.854377178365069767e+00
2.260360102886539124e+01,4.151252010106425416e+00
2.262360674478422595e+01,3.720010669680269721e+00
2.264361246070306066e+01,4.560033124243611624e+00
2.266361817662189182e+01,3.800909570511780800e+00
2.268362389254072653e+01,3.575333147553929170e+00
2.270362960845956124e+01,3.925117071809357316e+00
2.272363532437839240e+01,4.203733944884264773e+00
2.274364104029722711e+01,4.174911224146375943e+00
2.276364675621606182e+01,3.609519869246938129e+00
2.278365247213489653e+01,3.885077661027715124e+00
2.280365818805373124e+01,3.667978618579360806e+00
2.282366390397256595e+01,4.269345560583556853e+00
2.284366961989140066e+01,4.270088105120413147e+00
2.286367533581023181e+01,4.016895781629374440e+00
2.288368105172906652e+01,4.111844339204741239e+00
2.290368676764789768e+01,3.531674747597805197e+00
2.292369248356673239e+01,3.889446854314814406e+00
2.294369819948556710e+01,3.587096666457651573e+00
2.296370391540440181e+01,3.580289353541212805e+00
2.298370963132323652e+01,3.219316224174885388e+00
2.300371534724207123e+01,3.307114925309107889e+00
2.302372106316090594e+01,3.910811161461316132e+00
2.304372677907973710e+01,3.216087973089621244e+00
2.306373249499857181e+01,3.067020054093602788e+00
2.308373821091740652e+01,4.442534917575748921e+00
2.310374392683623768e+01,3.292131516472757369e+00
2.312374964275507239e+01,2.820343420842391424e+00
2.314375535867390710e+01,3.818883244619970974e+00
2.316376107459274181e+01,3.523931528387763024e+00
2.318376679051157652e+01,2.741393305017620907e+00
2.320377250643041123e+01,3.338488157394616351e+00
2.322377822234924594e+01,3.998360054940872654e+00
2.324378393826807709e+01,3.750692514634845764e+00
2.326378965418691180e+01,4.250332078187557983e+00
2.328379537010574296e+01,3.597648018574514772e+00
2.330380108602457767e+01,3.168193201376142021e+00
2.332380680194341238e+01,3.186999918694114697e+00
2.334381251786224709e+01,3.919926677382943758e+00
2.336381823378108180e+01,3.428399346080273968e+00
2.338382394969991651e+01,3.642626287184772771e+00
2.340382966561875122e+01,3.805885280300778994e+00
2.342383538153758238e+01,3.417491071433354399e+00
2.344384109745641709e+01,3.383975632018690227e+00
2.346384681337524825e+01,3.701163002775651023e+00
2.348385252929408296e+01,3.868726654767610462e+00
2.350385824521291767e+01,3.701148704763324915e+00
2.352386396113175238e+01,3.433095692085228023e+00
2.354386967705058709e+01,4.089115435200039173e+00
2.356387539296942180e+01,3.843955598620114600e+00
2.358388110888825651e+01,3.844271747749723467e+00
2.360388682480708766e+01,3.822472735918787556e+00
2.362389254072592237e+01,3.260002885530535188e+00
2.364389825664475708e+01,3.639144645628344499e+00
2.366390397256358824e+01,3.407743047623451371e+00
2.368390968848242295e+01,3.688745688423756608e+00
2.370391540440125766e+01,3.808983520973044712e+00
2.372392112032009237e+01,3.579313477539124655e+00
2.374392683623892708e+01,3.689031020729901300e+00
2.376393255215776179e+01,4.452759048290720223e+00
2.378393826807659650e+01,2.711673674750515239e+00
2.380394398399542766e+01,3.746665073885746544e+00
2.382394969991426237e+01,3.291407719221288275e+00
2.384395541583309353e+01,2.995940845109073436e+00
2.386396113175192824e+01,3.447457437591975093e+00
2.388396684767076295e+01,3.717148500415031087e+00
2.390397256358959766e+01,3.916769864128487377e+00
2.392397827950843237e+01,3.609424291451699851e+00
2.394398399542726708e+01,3.592884142668645975e+00
2.396398971134610179e+01,3.424291281598290659e+00
2.398399542726493294e+01,3.462859101636299286e+00
2.400400114318376765e+01,3.491315337812078035e+00
2.402400685910260236e+01,3.874748189363393713e+00
2.404401257502143352e+01,3.653105020173795126e+00
2.406401829094026823e+01,3.455360474762566803e+00
2.408402400685910294e+01,3.293394502943858271e+00
2.410402972277793765e+01,2.949124312357986888e+00
2.412403543869677236e+01,4.095211983569636338e+00
2.414404115461560707e+01,3.712413689189141941e+00
2.416404687053444178e+01,3.296388982487010288e+00
2.418405258645327294e+01,2.815697321643199302e+00
2.420405830237210765e+01,3.628045779236839685e+00
2.422406401829093880e+01,3.018612502388499763e+00
2.424406973420977351e+01,4.220367023437990639e+00
2.426407545012860822e+01,3.575611438687740229e+00
2.428408116604744293e+01,4.152475706842967185e+00
2.430408688196627764e+01,3.052975262351645291e+00
2.432409259788511235e+01,4.036909672194450849e+00
2.434409831380394706e+01,4.373607905559894427e+00
2.436410402972277822e+01,3.721944515642175322e+00
2.438410974564161293e+01,3.868520963355603914e+00
2.440411546156044409e+01,4.248989416678477404e+00
2.442412117747927880e+01,3.656673103793160795e+00
2.444412689339811351e+01,4.324861676124425180e+00
2.446413260931694822e+01,3.366583079300218273e+00
2.448413832523578293e+01,3.762250609230908260e+00
2.450414404115461764e+01,3.570266059709483741e+00
2.452414975707345235e+01,3.887673080905280187e+00
2.454415547299228351e+01,3.782424700562735165e+00
2.456416118891111822e+01,4.625566033847055891e+00
2.458416690482995293e+01,3.455063455749256107e+00
2.460417262074878408e+01,3.550261991043099918e+00
2.462417833666761879e+01,3.875914561342225895e+00
2.464418405258645350e+01,4.336804713079768447e+00
2.466418976850528821e+01,3.958799903177059321e+00
2.468419548442412292e+01,3.717055767642931219e+00
2.470420120034295763e+01,4.249879341095557095e+00
2.472420691626179234e+01,3.828622711236685738e+00
2.474421263218062350e+01,3.974371288966889626e+00
2.476421834809945821e+01,4.489421526381375926e+00
2.478422406401828937e+01,4.161124237119920188e+00
2.480422977993712408e+01,4.489497303294797348e+00
2.482423549585595879e+01,4.272331602079376012e+00
2.484424121177479350e+01,4.066955208141172839e+00
2.486424692769362821e+01,4.060239645469729375e+00
2.488425264361246292e+01,4.415017111010447692e+00
2.490425835953129763e+01,5.197916373522716071e+00
2.492426407545012879e+01,4.457357882582417830e+00
2.494426979136896350e+01,4.127208409509946385e+00
2.496427550728779821e+01,5.128233234899745696e+00
2.498428122320662936e+01,4.201681241425331059e+00
2.500428693912546407e+01,4.247360314290265393e+00
2.502429265504429878e+01,5.439013408793600846e+00
2.504429837096313349e+01,3.864430456646770651e+00
2.506430408688196820e+01,5.576390019724485114e+00
2.508430980280080291e+01,4.484484501639988352e+00
2.510431551871963762e+01,4.706120615240280358e+00
2.512432123463846878e+01,4.764821622406122614e+00
2.514432695055730349e+01,4.619530691165622649e+00
2.516433266647613465e+01,4.785086515109497007e+00
2.518433838239496936e+01,4.832010305563136932e+00
2.520434409831380407e+01,5.290204922899304663e+00
2.522434981423263878e+01,5.166134325377210956e+00
2.524435553015147349e+01,5.613197588422343287e+00
2.526436124607030820e+01,4.344222678780230495e+00
2.528436696198914291e+01,5.454451732455501300e+00
2.530437267790797407e+01,4.841060341454078042e+00
2.532437839382680878e+01,5.099563549699480447e+00
2.534438410974563993e+01,5.435503264732286510e+00
2.536438982566447464e+01,5.334961769763235218e+00
2.538439554158330935e+01,4.696454025533746801e+00
2.540440125750214406e+01,5.771707540028407912e+00
2.542440697342097877e+01,5.563488746787674799e+00
2.544441268933981348e+01,5.746684618645135245e+00
2.546441840525864819e+01,5.611892918670631225e+00
2.548442412117747935e+01,5.532886028452329796e+00
2.550442983709631406e+01,5.172953873212279063e+00
2.552443555301514877e+01,6.197656206309783755e+00
2.554444126893397993e+01,6.749279081574881545e+00
2.556444698485281464e+01,6.661789711020970728e+00
2.558445270077164935e+01,6.917901210973735004e+00
2.560445841669048406e+01,7.056567458055909903e+00
2.562446413260931877e+01,6.845465537800370370e+00
2.564446984852815348e+01,7.108378686589548856e+00
2.566447556444698819e+01,7.461655390711207758e+00
2.568448128036581934e+01,6.736657479853631614e+00
2.570448699628465405e+01,7.590921294645015749e+00
2.572449271220348521e+01,6.991919767500294647e+00
2.574449842812231992e+01,7.325496497746502911e+00
2.576450414404115463e+01,6.727618746245699555e+00
2.578450985995998934e+01,6.783561147721096418e+00
2.580451557587882405e+01,8.092317201310041952e+00
2.582452129179765876e+01,6.880710314228378977e+00
2.584452700771649347e+01,6.795991810299303104e+00
2.586453272363532463e+01,8.026238243548391438e+00
2.588453843955415934e+01,7.326512816527715799e+00
2.590454415547299405e+01,7.941821304627185718e+00
2.592454987139182521e+01,6.872568615675151094e+00
2.594455558731065992e+01,7.439571679698223861e+00
2.596456130322949463e+01,7.530999118892036215e+00
2.598456701914832934e+01,8.106493919580040952e+00
2.600457273506716405e+01,8.925955167166183202e+00
2.602457845098599520e+01,8.409835012928958520e+00
2.604458416690482991e+01,8.026703978089475555e+00
2.606458988282366462e+01,8.182871589618232022e+00
2.608459559874249933e+01,9.293737174421881519e+00
2.610460131466133404e+01,9.401757528972979117e+00
2.612460703058016520e+01,9.412836976925495591e+00
2.614461274649899991e+01,1.048117356179608173e+01
2.616461846241783462e+01,9.569196753591167948e+00
2.618462417833666933e+01,1.066330656087201767e+01
2.620462989425550404e+01,1.111535448248895008e+01
2.622463561017433520e+01,1.167752866699470005e+01
2.624464132609316991e+01,1.139143536298624326e+01
2.626464704201200462e+01,1.196907691338125979e+01
2.628465275793083933e+01,1.305844976807910207e+01
2.630465847384967049e+01,1.277803167744109381e+01
2.632466418976850520e+01,1.344975111515694977e+01
2.634466990568733991e+01,1.359122182350707320e+01
2.636467562160617462e+01,1.453082726129520097e+01
2.638468133752500933e+01,1.376485568194246767e+01
2.640468705344384048e+01,1.432975757352180679e+01
2.642469276936267519e+01,1.449095110769849803e+01
2.644469848528150990e+01,1.528049701376982128e+01
2.646470420120034461e+01,1.517468188246342820e+01
2.648470991711917932e+01,1.544558111493393326e+01
2.650471563303801048e+01,1.573537264821183967e+01
2.652472134895684519e+01,1.642430923331463077e+01
2.654472706487567990e+01,1.561757459792360336e+01
2.656473278079451461e+01,1.643330736119135693e+01
2.658473849671334932e+01,1.580948563765593029e+01
2.660474421263218048e+01,1.712944429773646959e+01
2.662474992855101519e+01,1.731888705521146576e+01
2.664475564446984990e+01,1.839374637614038832e+01
2.666476136038868461e+01,1.837907074222776416e+01
2.668476707630751577e+01,1.794974362721986694e+01
2.670477279222635048e+01,1.862641764269386968e+01
2.672477850814518519e+01,1.886659848308828558e+01
2.674478422406401990e+01,1.989303224894634070e+01
2.676478993998285461e+01,1.941089395942825035e+01
2.678479565590168576e+01,2.018408193725430877e+01
2.680480137182052047e+01,2.034268321885846831e+01
2.682480708773935518e+01,1.938923173763291175e+01
2.684481280365818989e+01,2.018301334988569451e+01
2.686481851957702460e+01,1.944496833981535033e+01
2.688482423549585576e+01,1.967356021969113300e+01
2.690482995141469047e+01,1.887885857577931503e+01
2.692483566733352518e+01,1.806948364364635040e+01
2.694484138325235989e+01,1.755383381738134929e+01
2.696484709917119105e+01,1.712861233199323152e+01
2.698485281509002576e+01,1.593152151332856192e+01
2.700485853100886047e+01,1.609421227228817486e+01
2.702486424692769518e+01,1.428805879333831186e+01
2.704486996284652989e+01,1.511465817494314123e+01
2.706487567876536104e+01,1.350784040657377716e+01
2.708488139468419575e+01,1.302737427315620167e+01
2.710488711060303046e+01,1.293096280165162426e+01
2.712489282652186517e+01,1.254949347523805159e+01
2.714489854244069988e+01,1.119091930039267702e+01
2.716490425835953104e+01,1.154657380771803687e+01
2.718490997427836575e+01,1.085828848047384021e+01
2.720491569019720046e+01,1.039027377314747547e+01
2.722492140611603517e+01,1.004233504243241271e+01
2.724492712203486633e+01,9.971563376232754905e+00
2.726493283795370104e+01,9.224736008878327453e+00
2.728493855387253575e+01,9.712358751687272473e+00
2.730494426979137046e+01,1.004358009293691367e+01
2.732494998571020517e+01,1.008763839235659177e+01
2.734495570162903633e+01,1.128401472945388662e+01
2.736496141754787104e+01,9.685397174938600529e+00
2.738496713346670575e+01,1.064563538275475629e+01
2.740497284938554046e+01,1.077598618851411416e+01
2.742497856530437517e+01,1.118510480326770207e+01
2.744498428122320632e+01,1.143632957792673288e+01
2.746498999714204103e+01,1.169291656784082534e+01
2.748499571306087574e+01,1.176861347120503964e+01
2.750500142897971045e+01,1.231274943227483476e+01
2.752500714489854516e+01,1.309144007757937800e+01
2.754501286081737632e+01,1.328924352076159288e+01
2.756501857673621103e+01,1.377011411146529696e+01
2.758502429265504574e+01,1.373453767205417897e+01
2.760503000857388045e+01,1.471762403486534154e+01
2.762503572449271161e+01,1.506369425112074367e+01
2.764504144041154632e+01,1.494990098465663664e+01
2.766504715633038103e+01,1.421113484717419695e+01
2.768505287224921574e+01,1.507562139327985129e+01
2.770505858816805045e+01,1.528160359913656308e+01
2.772506430408688161e+01,1.484203930442913055e+01
2.774507002000571632e+01,1.525948088037367256e+01
2.776507573592455103e+01,1.456164439833204938e+01
2.778508145184338574e+01,1.503258269666123326e+01
2.780508716776222045e+01,1.436445067818918453e+01
2.782509288368105160e+01,1.425130390309384154e+01
2.784509859959988631e+01,1.337388898849347996e+01
2.786510431551872102e+01,1.336220978266087300e+01
2.788511003143755573e+01,1.388079010933359214e+01
2.790511574735638689e+01,1.259425877628441803e+01
2.792512146327522160e+01,1.378072101589524934e+01
2.794512717919405631e+01,1.307024450168208318e+01
2.796513289511289102e+01,1.322298542543783739e+01
2.798513861103172573e+01,1.277670842144177499e+01
2.800514432695055689e+01,1.251750347216762549e+01
2.802515004286939160e+01,1.215102401701285828e+01
2.804515575878822631e+01,1.266899331612006385e+01
2.806516147470706102e+01,1.279743392478435027e+01
2.808516719062589573e+01,1.240935426229004968e+01
2.810517290654472689e+01,1.172372451434362617e+01
2.812517862246356160e+01,1.150554372033061412e+01
2.814518433838239631e+01,1.138294255208373862e+01
2.816519005430123102e+01,1.145911626321859167e+01
2.818519577022006217e+01,1.136100086714451507e+01
2.820520148613889688e+01,9.981367904009751157e+00
2.822520720205773159e+01,9.298680244045382182e+00
2.824521291797656630e+01,9.609688615619822016e+00
2.826521863389540101e+01,9.892312274653349391e+00
2.828522434981423217e+01,8.882011964705723628e+00
2.830523006573306688e+01,8.204657108160038348e+00
2.832523578165190159e+01,8.401335198364272117e+00
2.834524149757073630e+01,7.855368606600675818e+00
2.836524721348957101e+01,7.796569717613470729e+00
2.838525292940840217e+01,7.060218870256770529e+00
2.840525864532723688e+01,7.241962287391983111e+00
2.842526436124607159e+01,6.980969395121440435e+00
2.844527007716490630e+01,6.734216701094194235e+00
2.846527579308374101e+01,6.862396083161556248e+00
2.848528150900257216e+01,6.183107474418566341e+00
2.850528722492140687e+01,6.624901742690195050e+00
2.852529294084024158e+01,6.528182913375150775e+00
2.854529865675907629e+01,6.116968125655268373e+00
2.856530437267790745e+01,6.666368697713593860e+00
2.858531008859674216e+01,6.131460014058015773e+00
2.860531580451557687e+01,5.868538559330660043e+00
2.862532152043441158e+01,5.501946778878661348e+00
2.864532723635324629e+01,5.944725367750377742e+00
2.866533295227207745e+01,4.904985400987486699e+00
2.868533866819091216e+01,4.890884783316298723e+00
2.870534438410974687e+01,4.946020955668418040e+00
2.872535010002858158e+01,5.360203395353671851e+00
2.874535581594741629e+01,4.678828393395336960e+00
2.876536153186624745e+01,4.950711691797427427e+00
2.878536724778508216e+01,4.793903562327983536e+00
2.880537296370391687e+01,4.585814950801127665e+00
2.882537867962275158e+01,4.397134847397169644e+00
2.884538439554158273e+01,4.511641685838453597e+00
2.886539011146041744e+01,4.035687043706609245e+00
2.888539582737925215e+01,3.962455149884410499e+00
2.890540154329808686e+01,4.232500751750251311e+00
2.892540725921692157e+01,4.389729308212650949e+00
2.894541297513575273e+01,3.805658628235044194e+00
2.896541869105458744e+01,4.111019517193646777e+00
2.898542440697342215e+01,4.449931327719291119e+00
2.900543012289225686e+01,4.847633364876481110e+00
2.902543583881109157e+01,4.757336791084150640e+00
2.904544155472992273e+01,4.071812830512969050e+00
2.906544727064875744e+01,4.337630026509780024e+00
2.908545298656759215e+01,3.595971172225421064e+00
2.910545870248642686e+01,3.558050184563549934e+00
2.912546441840525802e+01,4.143110435530980240e+00
2.914547013432409273e+01,4.830696865054409095e+00
2.916547585024292744e+01,4.244097468282106433e+00
2.918548156616176215e+01,4.395317240089800848e+00
2.920548728208059686e+01,3.922731500755779699e+00
2.922549299799942801e+01,4.351278904841726636e+00
2.924549871391826272e+01,4.006183414555298583e+00
2.926550442983709743e+01,4.425872496041119319e+00
2.928551014575593214e+01,4.411027627460518907e+00
2.930551586167476685e+01,3.641208868686296007e+00
2.932552157759359801e+01,3.768772838279881299e+00
2.934552729351243272e+01,4.134447246201513160e+00
2.936553300943126743e+01,4.239886120323792085e+00
2.938553872535010214e+01,3.734842534042891238e+00
2.940554444126893330e+01,4.747384767639924341e+00
2.942555015718776801e+01,4.275119865940682828e+00
2.944555587310660272e+01,3.938367422004373175e+00
2.946556158902543743e+01,3.795365146524830813e+00
2.948556730494427214e+01,3.843251091136958397e+00
2.950557302086310330e+01,3.552793909165584019e+00
2.952557873678193801e+01,4.897920152861210852e+00
2.954558445270077272e+01,4.121622090584387443e+00
2.956559016861960743e+01,4.326024697060687707e+00
2.958559588453844214e+01,4.659288030241187428e+00
2.960560160045727329e+01,3.813649025140842141e+00
2.962560731637610800e+01,4.115733344249933978e+00
2.964561303229494271e+01,4.104268547466576322e+00
2.966561874821377742e+01,4.548110527853382656e+00
2.968562446413261213e+01,3.913513656965635690e+00
2.970563018005144329e+01,4.762739199450458649e+00
2.972563589597027800e+01,4.222015654672675922e+00
2.974564161188911271e+01,4.737213643717541167e+00
2.976564732780794742e+01,4.592035227896358762e+00
2.978565304372677858e+01,4.436077060825057927e+00
2.980565875964561329e+01,4.312967279163177459e+00
2.982566447556444800e+01,4.414986053932249632e+00
2.984567019148328271e+01,3.886785277050749166e+00
2.986567590740211742e+01,4.531399063571144303e+00
2.988568162332094857e+01,4.609362649139627344e+00
2.990568733923978328e+01,4.228756067244681560e+00
2.992569305515861799e+01,5.057478608211338766e+00
2.994569877107745270e+01,4.807130297139607045e+00
2.996570448699628741e+01,4.793357371889269025e+00
2.998571020291511857e+01,4.938904024841791696e+00
3.000571591883395328e+01,4.551157366354900979e+00
3.002572163475278799e+01,4.513603436466284258e+00
3.004572735067162270e+01,5.309233390020577481e+00
3.006573306659045386e+01,4.999994655912185948e+00
3.008573878250928857e+01,5.136161833835383383e+00
3.010574449842812328e+01,5.677314240650929378e+00
3.012575021434695799e+01,5.332273871572175139e+00
3.014575593026579270e+01,5.685692814308334952e+00
3.016576164618462386e+01,6.197069144027321563e+00
3.018576736210345857e+01,5.636538215549051323e+00
3.020577307802229328e+01,6.602364115610016349e+00
3.022577879394112799e+01,6.469338369755317508e+00
3.024578450985996270e+01,6.678446963660528368e+00
3.026579022577879385e+01,7.270186419673496658e+00
3.028579594169762856e+01,6.088843560120275278e+00
3.030580165761646327e+01,7.769761197273995279e+00
3.032580737353529798e+01,7.778560631585412999e+00
3.034581308945412914e+01,7.229144193171901378e+00
3.036581880537296385e+01,8.042999046561380538e+00
3.038582452129179856e+01,7.685999551759931769e+00
3.040583023721063327e+01,7.313511249691798888e+00
3.042583595312946798e+01,8.115740839873845758e+00
3.044584166904829914e+01,9.411287368892807592e+00
3.046584738496713385e+01,9.441741457910209689e+00
3.048585310088596856e+01,9.475610715533631989e+00
3.050585881680480327e+01,1.003107496425616318e+01
3.052586453272363798e+01,9.510418042476148415e+00
3.054587024864246914e+01,1.076557509987765293e+01
3.056587596456130385e+01,1.053295951102384898e+01
3.058588168048013856e+01,1.059460179854656658e+01
3.060588739639897327e+01,1.099865744846312232e+01
3.062589311231780798e+01,1.009245128400570835e+01
3.064589882823663913e+01,1.086247601500690685e+01
3.066590454415547384e+01,1.150877795295239281e+01
3.068591026007430855e+01,1.135968217748087739e+01
3.070591597599314326e+01,1.088769370102333234e+01
3.072592169191197442e+01,1.163662544884922312e+01
3.074592740783080913e+01,1.160539006613954882e+01
3.076593312374964384e+01,1.040440498421933668e+01
3.078593883966847855e+01,1.000538856452388536e+01
3.080594455558731326e+01,1.061771700340718105e+01
3.082595027150614442e+01,1.022196335576897397e+01
3.084595598742497913e+01,9.607451778103124340e+00
3.086596170334381384e+01,9.017391272250382173e+00
3.088596741926264855e+01,9.643948361284998327e+00
3.090597313518148326e+01,8.565201584655239841e+00
3.092597885110031442e+01,8.453500464760493216e+00
3.094598456701914913e+01,8.726786969224313850e+00
3.096599028293798384e+01,8.057909795286063215e+00
3.098599599885681855e+01,7.797561147591006048e+00
3.100600171477564970e+01,8.610954576504529001e+00
3.102600743069448441e+01,8.381191971980788580e+00
3.104601314661331912e+01,8.917914208792513620e+00
3.106601886253215383e+01,7.970431527443488484e+00
3.108602457845098854e+01,9.214035699601129892e+00
3.110603029436981970e+01,8.618981200190834357e+00
3.112603601028865441e+01,9.065308466778054353e+00
3.114604172620748912e+01,9.546964304908597043e+00
3.116604744212632383e+01,9.328048934984852991e+00
3.118605315804515854e+01,1.042633970103779717e+01
3.120605887396398970e+01,1.021391841986095272e+01
3.122606458988282441e+01,1.113513011993248369e+01
3.124607030580165912e+01,1.247175518463691546e+01
3.126607602172049383e+01,1.249297163468740557e+01
3.128608173763932498e+01,1.339550924924838426e+01
3.130608745355815969e+01,1.396403048860474883e+01
3.132609316947699440e+01,1.468944300710669282e+01
3.134609888539582911e+01,1.542355535808246003e+01
3.136610460131466382e+01,1.642712019423248648e+01
3.138611031723349498e+01,1.640575572235545465e+01
3.140611603315232969e+01,1.770591648883166158e+01
3.142612174907116440e+01,1.845285455478391512e+01
3.144612746498999911e+01,1.992608517620783815e+01
3.146613318090883382e+01,2.069756042130726925e+01
3.148613889682766498e+01,2.162350077590367547e+01
3.150614461274649969e+01,2.311302049544941895e+01
3.152615032866533440e+01,2.423556141605130065e+01
3.154615604458416911e+01,2.508354315676607271e+01
3.156616176050300382e+01,2.520796416532996886e+01
3.158616747642183498e+01,2.700509568901687274e+01
3.160617319234066969e+01,2.837956995868689702e+01
3.162617890825950440e+01,2.984009560490516932e+01
3.164618462417833911e+01,3.009910855315916933e+01
3.166619034009717026e+01,3.174284431904730752e+01
3.168619605601600497e+01,3.274363003987957654e+01
3.170620177193483968e+01,3.306999697313796815e+01
3.172620748785367439e+01,3.388694131796766129e+01
3.174621320377250910e+01,3.376606072772319322e+01
3.176621891969134026e+01,3.486768218958034993e+01
3.178622463561017497e+01,3.480798419085919448e+01
3.180623035152900968e+01,3.554381435854266158e+01
3.182623606744784439e+01,3.549965430251002374e+01
3.184624178336667910e+01,3.425335232536956909e+01
3.186624749928551026e+01,3.464814466126045289e+01
3.188625321520434497e+01,3.476380181876314879e+01
3.190625893112317968e+01,3.342086679017972983e+01
3.192626464704201439e+01,3.222047866654769166e+01
3.194627036296084555e+01,3.205976426103833887e+01
3.196627607887968026e+01,3.019362244703703979e+01
3.198628179479851497e+01,3.006509502919524124e+01
3.200628751071734968e+01,2.915737739597690847e+01
3.202629322663618439e+01,2.813185218674246713e+01
3.204629894255501199e+01,2.727693354320078001e+01
3.206630465847385381e+01,2.742764711350894302e+01
3.208631037439268141e+01,2.638824767205136723e+01
3.210631609031152323e+01,2.592754158674810583e+01
3.212632180623035083e+01,2.526412738580827977e+01
3.214632752214918554e+01,2.407683560243190612e+01
3.216633323806802025e+01,2.403167453628446637e+01
3.218633895398685496e+01,2.288160034673743581e+01
3.220634466990568967e+01,2.287152873872042846e+01
3.222635038582451728e+01,2.138853046068839348e+01
3.224635610174335909e+01,2.151228529069893369e+01
3.226636181766218670e+01,2.081120463483230409e+01
3.228636753358102851e+01,2.073177309308525906e+01
3.230637324949985612e+01,2.006765796866285001e+01
3.232637896541869083e+01,1.870180081833388641e+01
3.234638468133752554e+01,1.898438596364709596e+01
3.236639039725636025e+01,1.873146463752079427e+01
3.238639611317519496e+01,1.799778325739612228e+01
3.240640182909402967e+01,1.911701849727015201e+01
3.242640754501286438e+01,1.932808738138613336e+01
3.244641326093169198e+01,1.872785426305069478e+01
3.246641897685053380e+01,2.046575458808599279e+01
3.248642469276936140e+01,1.962497283298706918e+01
3.250643040868819611e+01,2.129549509487877401e+01
3.252643612460703082e+01,2.182593912494570532e+01
3.254644184052586553e+01,2.310210846334207702e+01
3.256644755644470024e+01,2.472492816297314988e+01
3.258645327236353495e+01,2.488352969678805238e+01
3.260645898828236966e+01,2.703443010294316196e+01
3.262646470420119726e+01,2.919238990676717549e+01
3.264647042012003908e+01,3.046941380881378691e+01
3.266647613603886668e+01,3.234277933983247522e+01
3.268648185195770850e+01,3.459969175053501544e+01
3.270648756787653610e+01,3.578741053606419342e+01
3.272649328379537081e+01,3.778026737716741223e+01
3.274649899971420552e+01,4.004699625202783864e+01
3.276650471563304023e+01,4.282613588970840368e+01
3.278651043155187494e+01,4.504288940977929911e+01
3.280651614747070255e+01,4.682151896908346345e+01
3.282652186338954436e+01,4.869554347047727560e+01
3.284652757930837197e+01,5.043303636384246857e+01
3.286653329522721378e+01,5.276822825504817871e+01
3.288653901114604139e+01,5.515652831195004069e+01
3.290654472706487610e+01,5.653895502149144647e+01
3.292655044298371081e+01,5.662334288506900037e+01
3.294655615890254552e+01,5.745963615296944482e+01
3.296656187482138023e+01,5.676841421828146395e+01
3.298656759074020783e+01,5.682004070055616296e+01
3.300657330665904965e+01,5.470103852205677697e+01
3.302657902257787725e+01,5.287188168857547765e+01
3.304658473849671907e+01,5.097935644801746236e+01
3.306659045441554667e+01,4.727996685220551143e+01
3.308659617033438138e+01,4.331671376398738005e+01
3.310660188625321609e+01,3.956982249914662475e+01
3.312660760217205080e+01,3.643817175281764520e+01
3.314661331809088551e+01,3.272629196732040668e+01
3.316661903400971312e+01,2.898739650876214213e+01
3.318662474992855493e+01,2.543737624747451775e+01
3.320663046584738254e+01,2.273315391654579187e+01
3.322663618176622435e+01,1.992091307481292617e+01
3.324664189768505196e+01,1.713344306015007135e+01
3.326664761360388667e+01,1.568226742091270509e+01
3.328665332952272138e+01,1.238200214920239439e+01
3.330665904544155609e+01,1.140247938712813891e+01
3.332666476136039080e+01,9.751020934370195903e+00
3.334667047727922551e+01,9.704302975596736047e+00
3.336667619319806022e+01,8.273119586267995373e+00
3.338668190911688782e+01,7.955886542499398750e+00
3.340668762503572964e+01,8.328309717956781100e+00
3.342669334095455724e+01,7.257968913054796189e+00
3.344669905687339195e+01,7.101453496877582872e+00
3.346670477279222666e+01,6.575206071634518423e+00
3.348671048871106137e+01,7.066310861852185710e+00
3.350671620462989608e+01,6.864207295013952326e+00
3.352672192054873079e+01,6.873805509941787406e+00
3.354672763646756550e+01,5.459700536012970673e+00
3.356673335238639311e+01,5.974979132304223839e+00
3.358673906830523492e+01,5.684035936735458705e+00
3.360674478422406253e+01,5.896859518328049887e+00
3.362675050014290434e+01,6.278012626996943624e+00
3.364675621606173195e+01,6.528228297514673706e+00
3.366676193198056666e+01,5.668941277148164204e+00
3.368676764789940137e+01,5.461789191669746302e+00
3.370677336381823608e+01,6.080342968155981964e+00
3.372677907973707079e+01,5.392075374326386950e+00
3.374678479565589839e+01,5.570678963633359793e+00
3.376679051157474021e+01,6.375411027239112016e+00
3.378679622749356781e+01,6.198340393157444339e+00
3.380680194341240963e+01,5.799519903804400300e+00
3.382680765933123723e+01,6.466408419392895013e+00
3.384681337525007194e+01,6.666575447478546579e+00
3.386681909116890665e+01,6.355238284812406491e+00
3.388682480708774136e+01,7.216871337921697993e+00
3.390683052300657607e+01,6.731324200850721695e+00
3.392683623892540368e+01,7.696767480361383029e+00
3.394684195484424549e+01,7.273661509440715989e+00
3.396684767076307310e+01,8.812446571617604363e+00
3.398685338668191491e+01,7.803223759605833365e+00
3.400685910260074252e+01,8.973443863177559265e+00
3.402686481851957723e+01,8.799005548965496359e+00
3.404687053443841194e+01,9.289338532403697002e+00
3.406687625035724665e+01,9.872642362464061350e+00
3.408688196627608136e+01,1.052602261151645813e+01
3.410688768219490896e+01,1.063074360179622779e+01
3.412689339811375078e+01,1.038687846119259639e+01
3.414689911403257838e+01,1.120904342467308368e+01
3.416690482995142020e+01,1.232813299684345587e+01
3.418691054587024780e+01,1.311920838144754597e+01
3.420691626178908251e+01,1.281904010820548301e+01
3.422692197770791722e+01,1.291206548772189322e+01
3.424692769362675193e+01,1.421654877480387746e+01
3.426693340954558664e+01,1.472415753423577911e+01
3.428693912546442135e+01,1.512785795120203680e+01
3.430694484138325606e+01,1.540103552795629582e+01
3.432695055730208367e+01,1.632788831457385825e+01
3.434695627322092548e+01,1.630596817833235335e+01
3.436696198913975309e+01,1.622023047629052783e+01
3.438696770505858780e+01,1.671750663175440366e+01
3.440697342097742251e+01,1.725427715967617459e+01
3.442697913689625722e+01,1.755832462342471700e+01
3.444698485281509193e+01,1.699927811241055053e+01
3.446699056873392664e+01,1.689113898394586144e+01
3.448699628465276135e+01,1.673109739592817391e+01
3.450700200057158895e+01,1.656667533643769019e+01
3.452700771649043077e+01,1.641107518721367242e+01
3.454701343240925837e+01,1.633136781252793668e+01
3.456701914832810019e+01,1.592332519908642396e+01
3.458702486424692779e+01,1.570640419077732197e+01
3.460703058016576250e+01,1.501993946747858821e+01
3.462703629608459721e+01,1.482475315633923074e+01
3.464704201200343192e+01,1.395480200892090394e+01
3.466704772792226663e+01,1.444896794472663970e+01
3.468705344384109424e+01,1.321804393019406731e+01
3.470705915975993605e+01,1.403880227581252704e+01
3.472706487567876366e+01,1.383017397871383736e+01
3.474707059159760547e+01,1.281918001235090010e+01
3.476707630751643308e+01,1.272654632293384580e+01
3.478708202343526779e+01,1.270608025278267306e+01
3.480708773935410250e+01,1.208135100754011582e+01
3.482709345527293721e+01,1.214094679471744875e+01
3.484709917119177192e+01,1.169813907553400867e+01
3.486710488711059952e+01,1.230705986500993099e+01
3.488711060302944134e+01,1.228664959871110085e+01
3.490711631894826894e+01,1.153575181262556093e+01
3.492712203486711076e+01,1.159303011792347959e+01
3.494712775078593836e+01,1.177887962246728293e+01
3.496713346670477307e+01,1.120486047152552089e+01
3.498713918262360778e+01,1.211416477636813305e+01
3.500714489854244249e+01,1.213802519876039554e+01
3.502715061446127720e+01,1.178022037050899229e+01
3.504715633038010481e+01,1.243723807529235437e+01
3.506716204629894662e+01,1.182447523099507158e+01
3.508716776221777423e+01,1.217067585309534472e+01
3.510717347813661604e+01,1.258870833032862357e+01
3.512717919405544365e+01,1.244666786724120477e+01
3.514718490997427836e+01,1.176146128366647758e+01
3.516719062589311307e+01,1.165858100970353206e+01
3.518719634181194778e+01,1.105436506725525447e+01
3.520720205773078249e+01,1.206219760952338405e+01
3.522720777364961720e+01,1.108994276494914466e+01
3.524721348956845191e+01,1.119100311427908245e+01
3.526721920548727951e+01,1.095604661646128619e+01
3.528722492140612133e+01,1.010093986084366335e+01
3.530723063732494893e+01,1.016470379172659122e+01
3.532723635324378364e+01,9.846950081934426890e+00
3.534724206916261835e+01,9.228363877377141478e+00
3.536724778508145306e+01,9.229658984988860837e+00
3.538725350100028777e+01,9.118693955045699795e+00
3.540725921691912248e+01,9.398096395969995243e+00
3.542726493283795719e+01,9.178674867465304033e+00
3.544727064875678479e+01,9.162817621276445834e+00
3.546727636467562661e+01,9.084222052305589656e+00
3.548728208059445421e+01,1.005721526832043899e+01
3.550728779651329603e+01,1.033909762622166539e+01
3.552729351243212363e+01,1.117229235027635248e+01
3.554729922835095834e+01,1.182574460279079887e+01
3.556730494426979305e+01,1.198406580536271271e+01
3.558731066018862776e+01,1.291578291475595641e+01
3.560731637610746247e+01,1.351625975721611184e+01
3.562732209202629008e+01,1.448613834172831005e+01
3.564732780794513189e+01,1.478756213140706066e+01
3.566733352386395950e+01,1.529145922771270172e+01
3.568733923978280131e+01,1.607081399277317502e+01
3.570734495570162892e+01,1.587769104696140587e+01
3.572735067162046363e+01,1.718464944941964490e+01
3.574735638753929834e+01,1.692252042486970609e+01
3.576736210345813305e+01,1.757276182856999469e+01
3.578736781937696776e+01,1.750449983142663157e+01
3.580737353529579536e+01,1.773488389343712157e+01
3.582737925121463718e+01,1.789258775127484569e+01
3.584738496713346478e+01,1.668181513826453966e+01
3.586739068305230660e+01,1.613494485620235963e+01
3.588739639897113420e+01,1.578199058391477294e+01
3.590740211488996891e+01,1.549721876566460210e+01
3.592740783080880362e+01,1.431706809447406847e+01
3.594741354672763833e+01,1.325306290746542004e+01
3.596741926264647304e+01,1.278337101575512591e+01
3.598742497856530065e+01,1.160468471396819368e+01
3.600743069448414246e+01,1.092530949816273633e+01
3.602743641040297007e+01,1.048366985499420778e+01
3.604744212632181188e+01,9.881342212920635859e+00
3.606744784224063949e+01,9.336225087724347560e+00
3.608745355815947420e+01,9.655999371638527506e+00
3.610745927407830891e+01,1.039081647120065099e+01
3.612746498999714362e+01,1.024142962906744359e+01
3.614747070591597833e+01,1.020361214794776217e+01
3.616747642183481304e+01,9.710695635310703011e+00
3.618748213775364775e+01,1.085361683833968982e+01
3.620748785367247535e+01,1.043560121359518433e+01
3.622749356959131717e+01,1.148133875630410650e+01
3.624749928551014477e+01,1.195098314357298896e+01
3.626750500142897948e+01,1.313545461789256663e+01
3.628751071734781419e+01,1.332600365061081149e+01
3.630751643326664890e+01,1.371514977298545190e+01
3.632752214918548361e+01,1.566600022785630308e+01
3.634752786510431832e+01,1.590519965933516744e+01
3.636753358102315303e+01,1.672192382251656539e+01
3.638753929694198064e+01,1.806867635390274529e+01
3.640754501286082245e+01,1.932872016129898185e+01
3.642755072877965006e+01,2.041922951131447661e+01
3.644755644469849187e+01,2.178892680410090321e+01
3.646756216061731948e+01,2.264648402612962741e+01
3.648756787653615419e+01,2.479828289196364821e+01
3.650757359245498890e+01,2.624215447499831555e+01
3.652757930837382361e+01,2.823675941913557352e+01
3.654758502429265832e+01,2.878644650663539650e+01
3.656759074021148592e+01,3.024855636381913371e+01
3.658759645613032774e+01,3.176214973131151353e+01
3.660760217204915534e+01,3.411908351760249047e+01
3.662760788796799716e+01,3.405362945019830789e+01
3.664761360388682476e+01,3.534364213110426078e+01
3.666761931980565947e+01,3.661870822242918422e+01
3.668762503572449418e+01,3.691909525151181271e+01
3.670763075164332889e+01,3.763133025272947663e+01
3.672763646756216360e+01,3.798196986807633380e+01
3.674764218348099121e+01,3.771787447666439874e+01
3.676764789939983302e+01,3.822053091542042580e+01
3.678765361531866063e+01,3.766944853637839685e+01
3.680765933123750244e+01,3.684899498929627981e+01
3.682766504715633005e+01,3.609517247441186782e+01
3.684767076307516476e+01,3.517193392624054127e+01
3.686767647899399947e+01,3.363727658912726071e+01
3.688768219491283418e+01,3.284320463230502440e+01
3.690768791083166889e+01,3.177204488381018166e+01
3.692769362675049649e+01,3.041596277000097359e+01
3.694769934266933831e+01,2.986094070283639113e+01
3.696770505858816591e+01,2.905406472135836182e+01
3.698771077450700773e+01,2.851186850772171866e+01
3.700771649042583533e+01,2.902769493615277696e+01
3.702772220634467004e+01,2.850859767762424113e+01
3.704772792226350475e+01,2.926180891872294865e+01
3.706773363818233946e+01,2.889133400554760200e+01
3.708773935410117417e+01,2.880771220853200276e+01
3.710774507002000888e+01,2.998759263841834510e+01
3.712775078593884359e+01,3.057129366461902009e+01
3.714775650185767120e+01,3.116903197771392797e+01
3.716776221777651301e+01,3.153699859267227978e+01
3.718776793369534062e+01,3.245111737223044202e+01
3.720777364961417533e+01,3.349633144478936941e+01
3.722777936553301004e+01,3.288000346975375265e+01
3.724778508145184475e+01,3.330413892028157363e+01
3.726779079737067946e+01,3.377876169631839787e+01
3.728779651328951417e+01,3.379296432916265047e+01
3.730780222920834888e+01,3.352206298006890250e+01
3.732780794512717648e+01,3.288329824000735613e+01
3.734781366104601830e+01,3.205268762320236675e+01
3.736781937696484590e+01,3.101415897880439587e+01
3.738782509288368772e+01,2.961976645014560816e+01
3.740783080880251532e+01,2.905422181180740537e+01
3.742783652472135003e+01,2.752275670450208267e+01
3.744784224064018474e+01,2.567259440056869479e+01
3.746784795655901945e+01,2.473089965656908262e+01
3.748785367247785416e+01,2.381645194146218714e+01
3.750785938839668177e+01,2.168427415122912549e+01
3.752786510431552358e+01,2.111836777697638112e+01
3.754787082023435119e+01,2.014166678751703543e+01
3.756787653615319300e+01,1.838505039845070499e+01
3.758788225207202061e+01,1.754386330576604536e+01
3.760788796799085532e+01,1.677260531330112414e+01
3.762789368390969003e+01,1.665991641446430904e+01
3.764789939982852474e+01,1.468261693373777632e+01
3.766790511574735945e+01,1.472874463447693394e+01
3.768791083166618705e+01,1.355428699136225568e+01
3.770791654758502887e+01,1.279845422263305821e+01
3.772792226350385647e+01,1.228773181887089194e+01
3.774792797942269829e+01,1.146645140311666822e+01
3.776793369534152589e+01,1.064828769338319603e+01
3.778793941126036060e+01,9.866036507126286992e+00
3.780794512717919531e+01,9.673755208393254534e+00
3.782795084309803002e+01,9.963523582076611262e+00
3.784795655901686473e+01,9.675405678571035395e+00
3.786796227493569234e+01,8.564959598237543048e+00
3.788796799085453415e+01,8.985951141200045456e+00
3.790797370677336176e+01,8.377690402698549477e+00
3.792797942269220357e+01,8.717332079585970561e+00
3.794798513861103118e+01,8.603380730191497960e+00
3.796799085452986589e+01,7.794489648570518625e+00
3.798799657044870060e+01,7.887877114120254163e+00
3.800800228636753531e+01,7.680908892610645466e+00
3.802800800228637002e+01,7.720240087144407681e+00
3.804801371820520473e+01,7.192889285601006044e+00
3.806801943412403944e+01,6.957973244185131634e+00
3.808802515004286704e+01,7.562258610839791118e+00
3.810803086596170886e+01,6.156691506646193801e+00
3.812803658188053646e+01,7.342817388571903692e+00
3.814804229779937117e+01,6.140717161212918995e+00
3.816804801371820588e+01,6.493205190368525948e+00
3.818805372963704059e+01,6.284368333321443068e+00
3.820805944555587530e+01,6.549204471248014414e+00
3.822806516147471001e+01,5.800271680905305871e+00
3.824807087739354472e+01,5.752600630073942511e+00
3.826807659331237232e+01,5.657436363429960480e+00
3.828808230923121414e+01,5.633983811932111507e+00
3.830808802515004174e+01,5.112196532327881293e+00
3.832809374106888356e+01,5.098057200054310734e+00
3.834809945698771116e+01,5.610393568510450457e+00
3.836810517290654587e+01,5.695739024734248979e+00
3.838811088882538058e+01,4.956689967939249541e+00
3.840811660474421529e+01,5.253001135963351054e+00
3.842812232066305000e+01,5.858567359644768935e+00
3.844812803658187761e+01,5.637941967078769601e+00
3.846813375250071942e+01,5.695250922284444073e+00
3.848813946841954703e+01,6.400082960297599044e+00
3.850814518433838884e+01,5.841489063240490331e+00
3.852815090025721645e+01,6.048583289054397127e+00
3.854815661617605116e+01,6.253243464927653150e+00
3.856816233209488587e+01,7.300183813719725023e+00
3.858816804801372058e+01,6.978398283760065546e+00
3.860817376393255529e+01,6.849032020094405482e+00
3.862817947985138289e+01,7.179935149277532958e+00
3.864818519577022471e+01,8.107315899524998315e+00
3.866819091168905231e+01,8.425777883961281134e+00
3.868819662760789413e+01,8.713566928445574788e+00
3.870820234352672173e+01,9.856107783201268902e+00
3.872820805944555644e+01,1.012584453329557377e+01
3.874821377536439115e+01,9.672313487872145288e+00
3.876821949128322586e+01,1.035074003963707234e+01
3.878822520720206057e+01,1.023412043154440809e+01
3.880823092312088818e+01,1.077547038637269239e+01
3.882823663903972999e+01,1.121793655737508999e+01
3.884824235495855760e+01,1.174095361195155718e+01
3.886824807087739941e+01,1.200047223903773741e+01
3.888825378679622702e+01,1.093352596699190471e+01
3.890825950271506173e+01,1.238031170368410372e+01
3.892826521863389644e+01,1.308529044087206650e+01
3.894827093455273115e+01,1.163851611637586458e+01
3.896827665047156586e+01,1.297656877617821891e+01
3.898828236639040057e+01,1.230680327119106643e+01
3.900828808230923528e+01,1.282030314157955786e+01
3.902829379822806288e+01,1.339210991196848788e+01
3.904829951414690470e+01,1.400471470218737835e+01
3.906830523006573230e+01,1.302832839629770056e+01
3.908831094598456701e+01,1.355069550157693214e+01
3.910831666190340172e+01,1.272717250935255429e+01
3.912832237782223643e+01,1.265459814941478633e+01
3.914832809374107114e+01,1.224055910982223772e+01
3.916833380965990585e+01,1.150936101087278907e+01
3.918833952557874056e+01,1.094706729843425563e+01
3.920834524149756817e+01,1.028648533584627600e+01
3.922835095741640998e+01,9.804932713548115686e+00
3.924835667333523759e+01,8.755076544264184690e+00
3.926836238925407940e+01,8.884676300554852801e+00
3.928836810517290701e+01,9.105707754528650000e+00
3.930837382109174172e+01,7.537242266577123040e+00
3.932837953701057643e+01,7.858680283297148961e+00
3.934838525292941114e+01,7.126226992580924069e+00
3.936839096884824585e+01,7.318502772211637364e+00
3.938839668476707345e+01,6.605691152935676769e+00
3.940840240068591527e+01,7.007061731821316641e+00
3.942840811660474287e+01,6.927948086270582451e+00
3.944841383252358469e+01,7.229424114850440120e+00
3.946841954844241229e+01,4.795481175537020135e+00
3.948842526436124700e+01,8.085955098124188112e+00
3.950843098028008171e+01,7.664809689266065540e+00
3.952843669619891642e+01,7.560835656814401062e+00
3.954844241211775113e+01,4.739578128067940099e+00
3.956844812803657874e+01,8.214877152227591850e+00
3.958845384395542055e+01,9.432765255844335783e+00
3.960845955987424816e+01,9.161374123045389339e+00
3.962846527579308997e+01,5.085526263251164636e+00
3.964847099171191758e+01,9.824225542134325195e+00
3.966847670763075229e+01,1.059447242289271607e+01
3.968848242354958700e+01,9.740623429113487219e+00
3.970848813946842171e+01,5.875951864119006274e+00
3.972849385538725642e+01,1.173566727259260745e+01
3.974849957130608402e+01,1.236923223187523213e+01
3.976850528722492584e+01,1.168261447438633382e+01
3.978851100314375344e+01,5.849931814940076968e+00
3.980851671906259526e+01,1.335836320969508328e+01
3.982852243498142286e+01,1.343380265559322240e+01
3.984852815090025757e+01,1.219391115123188030e+01
3.986853386681909228e+01,7.327767040329727699e+00
3.988853958273792699e+01,1.458033261496576216e+01
3.990854529865676170e+01,1.463373442697190008e+01
3.992855101457559641e+01,1.020619495507280128e+01
3.994855673049443112e+01,8.654263789801216689e+00
3.996856244641325873e+01,1.406485163991132836e+01
3.998856816233210054e+01,1.391375023027170954e+01
4.000857387825092815e+01,7.766317383111157824e+00
4.002857959416976286e+01,1.017596391617604823e+01
4.004858531008859757e+01,1.366647881930459540e+01
4.006859102600743228e+01,1.354211212921507723e+01
4.008859674192626699e+01,6.671155694769765887e+00
4.010860245784510170e+01,1.230875499459641809e+01
4.012860817376393641e+01,1.347782334793922310e+01
4.014861388968276401e+01,1.289026007929961892e+01
4.016861960560160583e+01,6.200055192362789569e+00
4.018862532152043343e+01,1.240125196340506086e+01
4.020863103743927525e+01,1.295329774943829548e+01
4.022863675335810285e+01,1.240243419443005735e+01
4.024864246927693756e+01,6.304407970313658183e+00
4.026864818519577227e+01,1.215563429265065487e+01
4.028865390111460698e+01,1.218790470035643025e+01
4.030865961703344169e+01,1.007171744631850352e+01
4.032866533295226930e+01,6.779702538828454195e+00
4.034867104887111111e+01,1.026547910376274331e+01
4.036867676478993872e+01,1.037287829311131659e+01
4.038868248070878053e+01,9.001557745692531753e+00
4.040868819662760814e+01,7.881513769897066979e+00
4.042869391254644285e+01,8.938725297551322058e+00
4.044869962846527756e+01,9.048937443577750983e+00
4.046870534438411227e+01,9.549950101752399334e+00
4.048871106030294698e+01,8.005260525819851480e+00
4.050871677622177458e+01,9.402825571058809118e+00
4.052872249214061640e+01,9.278697462847569355e+00
4.054872820805944400e+01,8.423324242286629016e+00
4.056873392397828582e+01,8.595235695310439183e+00
4.058873963989711342e+01,9.166279718509217744e+00
4.060874535581594813e+01,9.133011902409476690e+00
4.062875107173478284e+01,1.046030828718617656e+01
4.064875678765361755e+01,9.833550311950311595e+00
4.066876250357245226e+01,9.911699829932326011e+00
4.068876821949127986e+01,9.626610865467018385e+00
4.070877393541012168e+01,1.000548172349064302e+01
4.072877965132894929e+01,1.032550537620468312e+01
4.074878536724779110e+01,1.068095997648244833e+01
4.076879108316661871e+01,1.090998002902634845e+01
4.078879679908545342e+01,1.072643310183632259e+01
4.080880251500428813e+01,1.103482518204000051e+01
4.082880823092312284e+01,1.101451028549320910e+01
4.084881394684195755e+01,1.084859793194359234e+01
4.086881966276079226e+01,1.109869192395196436e+01
4.088882537867962697e+01,9.807435719562148435e+00
4.090883109459845457e+01,1.002561095875394770e+01
4.092883681051729639e+01,1.002306542757767360e+01
4.094884252643612399e+01,9.990635388832124875e+00
4.096884824235495870e+01,9.507284542932813665e+00
4.098885395827379341e+01,9.635933526031495333e+00
4.100885967419262812e+01,9.005172695732248656e+00
4.102886539011146283e+01,8.602641059117805966e+00
4.104887110603029754e+01,8.456272791089585183e+00
4.106887682194913225e+01,7.826216128350013790e+00
4.108888253786795985e+01,8.490833950834570487e+00
4.110888825378680167e+01,8.748961243619069350e+00
4.112889396970562927e+01,8.174128775361616306e+00
4.114889968562447109e+01,7.844323659963704287e+00
4.116890540154329869e+01,8.498070508875672502e+00
4.118891111746213340e+01,8.854219187164687810e+00
4.120891683338096811e+01,8.075330230898140726e+00
4.122892254929980282e+01,8.097990308292160933e+00
4.124892826521863753e+01,8.292855970097161133e+00
4.126893398113746514e+01,8.445675446799960184e+00
4.128893969705630695e+01,7.783504524220880683e+00
4.130894541297513456e+01,8.706875953399181967e+00
4.132895112889397637e+01,8.067140618995940926e+00
4.134895684481280398e+01,7.183355439238718887e+00
4.136896256073163869e+01,7.295228970138784241e+00
4.138896827665047340e+01,6.471390873098575192e+00
4.140897399256930811e+01,6.636553373888760987e+00
4.142897970848814282e+01,6.626661157269010616e+00
4.144898542440697042e+01,6.843093848843624372e+00
4.146899114032581224e+01,6.145634421671124947e+00
4.148899685624463984e+01,6.264628486146897046e+00
4.150900257216348166e+01,6.548913080552537735e+00
4.152900828808230926e+01,6.114845097280535491e+00
4.154901400400114397e+01,5.521804789431755012e+00
4.156901971991997868e+01,5.329268345383928462e+00
4.158902543583881339e+01,5.112491023476402496e+00
4.160903115175764810e+01,5.340097532464244345e+00
4.162903686767647571e+01,5.219264070489385787e+00
4.164904258359531752e+01,5.384143407095259626e+00
4.166904829951414513e+01,5.323715059958379570e+00
4.168905401543298694e+01,4.526597925942131617e+00
4.170905973135181455e+01,5.139729855525665414e+00
4.172906544727064926e+01,4.870592325782814314e+00
4.174907116318948397e+01,4.568545997615601095e+00
4.176907687910831868e+01,5.499283316200805238e+00
4.178908259502715339e+01,5.339423051874613080e+00
4.180908831094598810e+01,5.429082849213004991e+00
4.182909402686482281e+01,5.803293562427514374e+00
4.184909974278365041e+01,6.611146909058705390e+00
4.186910545870249223e+01,6.874410328086272948e+00
4.188911117462131983e+01,7.333090636161325726e+00
4.190911689054015454e+01,7.320009143081890102e+00
4.192912260645898925e+01,8.113526203707646545e+00
4.194912832237782396e+01,8.889034369372982525e+00
4.196913403829665867e+01,9.232237400779407466e+00
4.198913975421549338e+01,1.046950069391425231e+01
4.200914547013432809e+01,1.128309332201318327e+01
4.202915118605316280e+01,1.207953212687669620e+01
4.204915690197199041e+01,1.274435546395451979e+01
4.206916261789082512e+01,1.426330130667231089e+01
4.208916833380965983e+01,1.518352841935976727e+01
4.210917404972849454e+01,1.543430313002111376e+01
4.212917976564732925e+01,1.771099168048622374e+01
4.214918548156616396e+01,1.948488593541356551e+01
4.216919119748499867e+01,2.038246959958085114e+01
4.218919691340383338e+01,2.093489553982465878e+01
4.220920262932266809e+01,2.299133386287679315e+01
4.222920834524150280e+01,2.443567297060196708e+01
4.224921406116033040e+01,2.604394285351294869e+01
4.226921977707916511e+01,2.592191715607457780e+01
4.228922549299799982e+01,2.697304285973448401e+01
4.230923120891683453e+01,2.814561294947944603e+01
4.232923692483566924e+01,2.845318488154044445e+01
4.234924264075450395e+01,2.906773338117598371e+01
4.236924835667333866e+01,2.804175835693467178e+01
4.238925407259217337e+01,2.795286197698028019e+01
4.240925978851100808e+01,2.584667932972433135e+01
4.242926550442983569e+01,2.550268511109588587e+01
4.244927122034867040e+01,2.411312847137016746e+01
4.246927693626750511e+01,2.158693514763444909e+01
4.248928265218633982e+01,2.020073006141947047e+01
4.250928836810517453e+01,1.870592701701843197e+01
4.252929408402400924e+01,1.809748229891972926e+01
4.254929979994284395e+01,1.623952758508075789e+01
4.256930551586167866e+01,1.497311896699684475e+01
4.258931123178051337e+01,1.390543200931635504e+01
4.260931694769934097e+01,1.285969916502994081e+01
4.262932266361817568e+01,1.196753967013159681e+01
4.264932837953701039e+01,1.213997220839501523e+01
4.266933409545584510e+01,1.151933016784965957e+01
4.268933981137467981e+01,1.173961980759718493e+01
4.270934552729351452e+01,1.180902743174694258e+01
4.272935124321234923e+01,1.246268756052215920e+01
4.274935695913118394e+01,1.198664740592850464e+01
4.276936267505001865e+01,1.188759368202489775e+01
4.278936839096885336e+01,1.136517004269710540e+01
4.280937410688768097e+01,1.278434544699072717e+01
4.282937982280651568e+01,1.313682359042395298e+01
4.284938553872535039e+01,1.316506410331159671e+01
4.286939125464418510e+01,1.329636459341387678e+01
4.288939697056301981e+01,1.364046804317882433e+01
4.290940268648185452e+01,1.505916776542132496e+01
4.292940840240068923e+01,1.554493622843529366e+01
4.294941411831952394e+01,1.601116776342110271e+01
4.296941983423835865e+01,1.564229291912426767e+01
4.298942555015718625e+01,1.632410197590030521e+01
4.300943126607602096e+01,1.691002024059887887e+01
4.302943698199485567e+01,1.791606625695959565e+01
4.304944269791369038e+01,1.877692096900332075e+01
4.306944841383252509e+01,1.945542255573294455e+01
4.308945412975135980e+01,1.961157164747636372e+01
4.310945984567019451e+01,1.967642584716826804e+01
4.312946556158902922e+01,2.101759323519471678e+01
4.314947127750786393e+01,1.969212623460934708e+01
4.316947699342669864e+01,1.963389021293927783e+01
4.318948270934552625e+01,1.925063295465395896e+01
4.320948842526436096e+01,1.913028655300382752e+01
4.322949414118319567e+01,1.877645843911972889e+01
4.324949985710203038e+01,1.832021562727955555e+01
4.326950557302086509e+01,1.754401254510488428e+01
4.328951128893969980e+01,1.690362036084994557e+01
4.330951700485853451e+01,1.646269321690194687e+01
4.332952272077736922e+01,1.530810453505474023e+01
4.334952843669620393e+01,1.473465382612932473e+01
4.336953415261503153e+01,1.373901527153529400e+01
4.338953986853386624e+01,1.246805251204543907e+01
4.340954558445270095e+01,1.233805444591213174e+01
4.342955130037153566e+01,1.255201687135961208e+01
4.344955701629037037e+01,1.214417722790882870e+01
4.346956273220920508e+01,1.085655891757703095e+01
4.348956844812803979e+01,1.073750844482722044e+01
4.350957416404687450e+01,1.055935196634892215e+01
4.352957987996570921e+01,1.019090656491546198e+01
4.354958559588453681e+01,9.867087093057266500e+00
4.356959131180337153e+01,8.755286185435805280e+00
4.358959702772220624e+01,8.559174353314993766e+00
4.360960274364104095e+01,9.144572544214080168e+00
4.362960845955987566e+01,7.772864816297744284e+00
4.364961417547871037e+01,7.919802835940934926e+00
4.366961989139754508e+01,7.228078248140601403e+00
4.368962560731637979e+01,7.807722320874156630e+00
4.370963132323521450e+01,7.269135996461497662e+00
4.372963703915404921e+01,7.818948569415896444e+00
4.374964275507287681e+01,7.193621509010714732e+00
4.376964847099171152e+01,7.342746604097351693e+00
4.378965418691054623e+01,6.876218539694464837e+00
4.380965990282938094e+01,7.518665245561633625e+00
4.382966561874821565e+01,7.790653687165496777e+00
4.384967133466705036e+01,8.076072815566352148e+00
4.386967705058588507e+01,7.970178377008685366e+00
4.388968276650471978e+01,8.636736530118497512e+00
4.390968848242355449e+01,8.235977856977571676e+00
4.392969419834238209e+01,9.210506649731257767e+00
4.394969991426121680e+01,9.474581322013682083e+00
4.396970563018005151e+01,9.556937256059601538e+00
4.398971134609888622e+01,9.254037760062445273e+00
4.400971706201772093e+01,1.001386916655322956e+01
4.402972277793655564e+01,1.058286075161089812e+01
4.404972849385539035e+01,1.120813036315936628e+01
4.406973420977422506e+01,1.220215079839083572e+01
4.408973992569305977e+01,1.190710785064110944e+01
4.410974564161189448e+01,1.256414779321510622e+01
4.412975135753072209e+01,1.292478589799675248e+01
4.414975707344955680e+01,1.441688484174334306e+01
4.416976278936839151e+01,1.446416439554396050e+01
4.418976850528722622e+01,1.573823650031237165e+01
4.420977422120606093e+01,1.686376273516675539e+01
4.422977993712489564e+01,1.732430214981673444e+01
4.424978565304373035e+01,1.846625727519024451e+01
4.426979136896256506e+01,2.019513005803362304e+01
4.428979708488139977e+01,2.032987616399060826e+01
4.430980280080022737e+01,2.124317584806073000e+01
4.432980851671906208e+01,2.204426373730105482e+01
4.434981423263789679e+01,2.261602003209240408e+01
4.436981994855673150e+01,2.363990634561222137e+01
4.438982566447556621e+01,2.281888428243483702e+01
4.440983138039440092e+01,2.305611498764130829e+01
4.442983709631323563e+01,2.300003714915341035e+01
4.444984281223207034e+01,2.325796896863462138e+01
4.446984852815090505e+01,2.221118525474486916e+01
4.448985424406973266e+01,2.050095104915699906e+01
4.450985995998856737e+01,1.974555790028624713e+01
4.452986567590740208e+01,1.927913776412361813e+01
4.454987139182623679e+01,1.695220682324947603e+01
4.456987710774507150e+01,1.709201160526705365e+01
4.458988282366390621e+01,1.544358772316486750e+01
4.460988853958274092e+01,1.426697814931854680e+01
4.462989425550157563e+01,1.331422534861770757e+01
4.464989997142041034e+01,1.326404421124954958e+01
4.466990568733924505e+01,1.303665363600635096e+01
4.468991140325807265e+01,1.385742322275702421e+01
4.470991711917690736e+01,1.335096040260241068e+01
4.472992283509574207e+01,1.361131341147217100e+01
4.474992855101457678e+01,1.472743423372167548e+01
4.476993426693341149e+01,1.476348512020066650e+01
4.478993998285224620e+01,1.621477085390350936e+01
4.480994569877108091e+01,1.584749352608385564e+01
4.482995141468991562e+01,1.657507882056810189e+01
4.484995713060875033e+01,1.633892499167652446e+01
4.486996284652757794e+01,1.738447622902024747e+01
4.488996856244641265e+01,1.805365901843545373e+01
4.490997427836524736e+01,1.832311234817282752e+01
4.492997999428408207e+01,1.802811558071374165e+01
4.494998571020291678e+01,1.843879683458881402e+01
4.496999142612175149e+01,1.783837706037659032e+01
4.498999714204058620e+01,1.816055771911518590e+01
4.501000285795942091e+01,1.869037940291471855e+01
4.503000857387825562e+01,1.741842491988240482e+01
4.505001428979709033e+01,1.757055304218577163e+01
4.507002000571591793e+01,1.635434542349034714e+01
4.509002572163475264e+01,1.545406863724307911e+01
4.511003143755358735e+01,1.504616074413798721e+01
4.513003715347242206e+01,1.389404196603286223e+01
4.515004286939125677e+01,1.367189311222683656e+01
4.517004858531009148e+01,1.229967424924412889e+01
4.519005430122892619e+01,1.058169807106208893e+01
4.521006001714776090e+01,1.064266473810625513e+01
4.523006573306659561e+01,9.211981632787205498e+00
4.525007144898542322e+01,9.539858335948169454e+00
4.527007716490425793e+01,8.249408172430143793e+00
4.529008288082309264e+01,8.622024156029699071e+00
4.531008859674192735e+01,7.089574422964815881e+00
4.533009431266076206e+01,7.063030201224080429e+00
4.535010002857959677e+01,6.777777501640707136e+00
4.537010574449843148e+01,6.723086282079282050e+00
4.539011146041726619e+01,5.435659311696815266e+00
4.541011717633610090e+01,5.439902868122956647e+00
4.543012289225492850e+01,6.416546002256119152e+00
4.545012860817376321e+01,5.790956456544860131e+00
4.547013432409259792e+01,5.130341008859571339e+00
4.549014004001143263e+01,5.178357281947810975e+00
4.551014575593026734e+01,4.885793624656450618e+00
4.553015147184910205e+01,4.979027329648030076e+00
4.555015718776793676e+01,4.274465245410143943e+00
4.557016290368677147e+01,4.246496862232802982e+00
4.559016861960560618e+01,4.396921688310846399e+00
4.561017433552444089e+01,4.792926618160470831e+00
4.563018005144326850e+01,4.771650404070818752e+00
4.565018576736210321e+01,4.606740876060051448e+00
4.567019148328093792e+01,3.994981935383447258e+00
4.569019719919977263e+01,4.526344204047815900e+00
4.571020291511860734e+01,4.751653319764193029e+00
4.573020863103744205e+01,3.732408997466815315e+00
4.575021434695627676e+01,4.224881512150858498e+00
4.577022006287511147e+01,4.679651855246333980e+00
4.579022577879394618e+01,4.959264995946276677e+00
4.581023149471277378e+01,4.874297045062572664e+00
4.583023721063160849e+01,4.281345840616507026e+00
4.585024292655044320e+01,4.957197859497521009e+00
4.587024864246927791e+01,3.829973923491373888e+00
4.589025435838811262e+01,4.998152203908919233e+00
4.591026007430694733e+01,4.548921458819579655e+00
4.593026579022578204e+01,3.978000233854095846e+00
4.595027150614461675e+01,4.461437048543524853e+00
4.597027722206345146e+01,4.338651829652531156e+00
4.599028293798228617e+01,3.994211821187749756e+00
4.601028865390111378e+01,4.955998629782075504e+00
4.603029436981994849e+01,4.081297797803098426e+00
4.605030008573878320e+01,5.076096540453395534e+00
4.607030580165761791e+01,4.950469093700055723e+00
4.609031151757645262e+01,4.526545515120698582e+00
4.611031723349528733e+01,5.542905279142248176e+00
4.613032294941412204e+01,5.177029826309510696e+00
4.615032866533295675e+01,4.829501101535964125e+00
4.617033438125179146e+01,5.917094118524749646e+00
4.619034009717061906e+01,5.820968933466276418e+00
4.621034581308945377e+01,6.111475713832200007e+00
4.623035152900828848e+01,5.874474968265048780e+00
4.625035724492712319e+01,7.188671000145752998e+00
4.627036296084595790e+01,7.131741849002349198e+00
4.629036867676479261e+01,8.353312968327637478e+00
4.631037439268362732e+01,8.456478387274280806e+00
4.633038010860246203e+01,8.752783719668205009e+00
4.635038582452129674e+01,8.643628182422729012e+00
4.637039154044012434e+01,1.010632395478990198e+01
4.639039725635895905e+01,1.095812565500353664e+01
4.641040297227779376e+01,1.184404291431483713e+01
4.643040868819662847e+01,1.278537853496605159e+01
4.645041440411546319e+01,1.318844542987354629e+01
4.647042012003429790e+01,1.483691137612356492e+01
4.649042583595313261e+01,1.657564142767415305e+01
4.651043155187196732e+01,1.702879076743615272e+01
4.653043726779080203e+01,1.816722997804856732e+01
4.655044298370963674e+01,1.847421265394041967e+01
4.657044869962846434e+01,1.948390811541575829e+01
4.659045441554729905e+01,2.029905814355797844e+01
4.661046013146613376e+01,2.141421439541798932e+01
4.663046584738496847e+01,2.197173470561317288e+01
4.665047156330380318e+01,2.207704233609526767e+01
4.667047727922263789e+01,2.263691673634521706e+01
4.669048299514147260e+01,2.200108911284063140e+01
4.671048871106030731e+01,2.163256835924460830e+01
4.673049442697914202e+01,2.101718946215015649e+01
4.675050014289796962e+01,2.029699096113648693e+01
4.677050585881680433e+01,1.948340398480589641e+01
4.679051157473563904e+01,1.899568982615264190e+01
4.681051729065447375e+01,1.754694684842582575e+01
4.683052300657330846e+01,1.679363565769530453e+01
4.685052872249214317e+01,1.567983733617425912e+01
4.687053443841097788e+01,1.415043623183847998e+01
4.689054015432981259e+01,1.343739275258324639e+01
4.691054587024864730e+01,1.286506614474905952e+01
4.693055158616748201e+01,1.100542271305878650e+01
4.695055730208630962e+01,9.356806836012179218e+00
4.697056301800514433e+01,9.093448391945297971e+00
4.699056873392397904e+01,8.786690080247351986e+00
4.701057444984281375e+01,8.296469620786314891e+00
4.703058016576164846e+01,7.258530917205773925e+00
4.705058588168048317e+01,7.468332750349282456e+00
4.707059159759931788e+01,6.950967180248924571e+00
4.709059731351815259e+01,6.108412026919728177e+00
4.711060302943698730e+01,6.487381740893001236e+00
4.713060874535581490e+01,5.267665849395265276e+00
4.715061446127464961e+01,4.869092952390515983e+00
4.717062017719348432e+01,5.692593259037363573e+00
4.719062589311231903e+01,4.743506928658065114e+00
4.721063160903115374e+01,5.652513375095925774e+00
4.723063732494998845e+01,5.206421070472571522e+00
4.725064304086882316e+01,5.291372536902987811e+00
4.727064875678765787e+01,4.628201822910769536e+00
4.729065447270649258e+01,4.697589902301057663e+00
4.731066018862532019e+01,4.786721378343099076e+00
4.733066590454415490e+01,4.640189709488734771e+00
4.735067162046298961e+01,4.250741503106987729e+00
4.737067733638182432e+01,5.253624033098043711e+00
4.739068305230065903e+01,4.792195959459274235e+00
4.741068876821949374e+01,5.212209467267352458e+00
4.743069448413832845e+01,5.723420763433500369e+00
4.745070020005716316e+01,5.865997037677987969e+00
4.747070591597599787e+01,5.123368292289325332e+00
4.749071163189483258e+01,5.744972310547765915e+00
4.751071734781366018e+01,6.528786051450016892e+00
4.753072306373249489e+01,5.646563676692173850e+00
4.755072877965132960e+01,6.421889166623647505e+00
4.757073449557016431e+01,6.504671116121912178e+00
4.759074021148899902e+01,7.662481808911659087e+00
4.761074592740783373e+01,7.719649334597013635e+00
4.763075164332666844e+01,8.524096258293397455e+00
4.765075735924550315e+01,8.482209618376923999e+00
4.767076307516433786e+01,9.145477391460946848e+00
4.769076879108316547e+01,8.988567689528000670e+00
4.771077450700200018e+01,9.957657808701183555e+00
4.773078022292083489e+01,1.066158244180240899e+01
4.775078593883966960e+01,1.127877581563372544e+01
4.777079165475850431e+01,1.236237215788369070e+01
4.779079737067733902e+01,1.184841125400823003e+01
4.781080308659617373e+01,1.327385605871695162e+01
4.783080880251500844e+01,1.408944957871812065e+01
4.785081451843384315e+01,1.499137999065271032e+01
4.787082023435267075e+01,1.439799362387940640e+01
4.789082595027150546e+01,1.543981655475963777e+01
4.791083166619034017e+01,1.516629463705132252e+01
4.793083738210917488e+01,1.575191318140170438e+01
4.795084309802800959e+01,1.621022478052776705e+01
4.797084881394684430e+01,1.611621445694384036e+01
4.799085452986567901e+01,1.642599314164790414e+01
4.801086024578451372e+01,1.697618001700999457e+01
4.803086596170334843e+01,1.648398931723373551e+01
4.805087167762218314e+01,1.721599697894130898e+01
4.807087739354101075e+01,1.684803645245323978e+01
4.809088310945984546e+01,1.748246304984003174e+01
4.811088882537868017e+01,1.694557073653864876e+01
4.813089454129751488e+01,1.693959424255243107e+01
4.815090025721634959e+01,1.736287027670375593e+01
4.817090597313518430e+01,1.740707960895284856e+01
4.819091168905401901e+01,1.653320390734928225e+01
4.821091740497285372e+01,1.688665508468982068e+01
4.823092312089168843e+01,1.619219400495819272e+01
4.825092883681051603e+01,1.621270460518995193e+01
4.827093455272935074e+01,1.528978976048214378e+01
4.829094026864818545e+01,1.501064984969848126e+01
4.831094598456702016e+01,1.454031940117933530e+01
4.833095170048585487e+01,1.466981900541838790e+01
4.835095741640468958e+01,1.410345526198021204e+01
4.837096313232352429e+01,1.349989825731803883e+01
4.839096884824235900e+01,1.308221313268089503e+01
4.841097456416119371e+01,1.251594943130600512e+01
4.843098028008002842e+01,1.242195953721043367e+01
4.845098599599885603e+01,1.145501904857737863e+01
4.847099171191769074e+01,1.132562029474962806e+01
4.849099742783652545e+01,1.067248303574294965e+01
4.851100314375536016e+01,9.970306776755878175e+00
4.853100885967419487e+01,1.144916285308099368e+01
4.855101457559302958e+01,1.126934284639358630e+01
4.857102029151186429e+01,1.019962985834122726e+01
4.859102600743069900e+01,1.037320286530332503e+01
4.861103172334953371e+01,1.120284385479729217e+01
4.863103743926836131e+01,9.695813757512352637e+00
4.865104315518719602e+01,9.989235288432404047e+00
4.867104887110603073e+01,1.082307155363054108e+01
4.869105458702486544e+01,9.915769269362140648e+00
4.871106030294370015e+01,1.019910549239866526e+01
4.873106601886253486e+01,9.801510663359872311e+00
4.875107173478136957e+01,8.968744419232308474e+00
4.877107745070020428e+01,9.690632749768219867e+00
4.879108316661903899e+01,9.494152621386822588e+00
4.881108888253786660e+01,9.334241381647178315e+00
4.883109459845670131e+01,8.975668342686152101e+00
4.885110031437553602e+01,7.897936744402143994e+00
4.887110603029437073e+01,8.008739753901018332e+00
4.889111174621320544e+01,7.731193462780106884e+00
4.891111746213204015e+01,8.507590337013677839e+00
4.893112317805087486e+01,7.937917955651899504e+00
4.895112889396970957e+01,7.361287605207023077e+00
4.897113460988854428e+01,7.308041094214805078e+00
4.899114032580737899e+01,7.194443165020062203e+00
4.901114604172620659e+01,7.614564128933053233e+00
4.903115175764504130e+01,7.262890739680316621e+00
4.905115747356387601e+01,6.702658502658884743e+00
4.907116318948271072e+01,7.253982363925096877e+00
4.909116890540154543e+01,7.166151756327080236e+00
4.911117462132038014e+01,6.667182063132861103e+00
4.913118033723921485e+01,6.507224711827181096e+00
4.915118605315804956e+01,7.218483512195330576e+00
4.917119176907688427e+01,6.869766857422124673e+00
4.919119748499571187e+01,7.498089735570695247e+00
4.921120320091454658e+01,7.393949807127549789e+00
4.923120891683338129e+01,7.694097733628471936e+00
4.925121463275221600e+01,7.689375342317120499e+00
4.927122034867105071e+01,7.168288159041628305e+00
4.929122606458988542e+01,7.293127447969609989e+00
4.931123178050872014e+01,7.902971635971466569e+00
4.933123749642755485e+01,6.686235287519531667e+00
4.935124321234638956e+01,7.327955081361933409e+00
4.937124892826522427e+01,6.448665934191456728e+00
4.939125464418405187e+01,6.933378757034768469e+00
4.941126036010288658e+01,7.627691050673877982e+00
4.943126607602172129e+01,6.976134212526300615e+00
4.945127179194055600e+01,6.635235770015181167e+00
4.947127750785939071e+01,6.236614922556757534e+00
4.949128322377822542e+01,6.258605335426931759e+00
4.951128893969706013e+01,6.791959872718781099e+00
4.953129465561589484e+01,6.278283501893294094e+00
4.955130037153472955e+01,6.499702569961893772e+00
4.957130608745355715e+01,6.204684472169785359e+00
4.959131180337239186e+01,5.658833649433330670e+00
4.961131751929122657e+01,5.224850221063873867e+00
4.963132323521006128e+01,5.109264405587110147e+00
4.965132895112889599e+01,4.634380614735187365e+00
4.967133466704773070e+01,4.977753529397047849e+00
4.969134038296656541e+01,5.191226610337175806e+00
4.971134609888540012e+01,4.748500039951971452e+00
4.973135181480423483e+01,4.461102123657565421e+00
4.975135753072306244e+01,4.964205534970392186e+00
4.977136324664189715e+01,5.138087629112652266e+00
4.979136896256073186e+01,4.467241257695725665e+00
4.981137467847956657e+01,4.430746839128308245e+00
4.983138039439840128e+01,4.089394426814884298e+00
4.985138611031723599e+01,5.119489260422804833e+00
4.987139182623607070e+01,5.342212681660424067e+00
4.989139754215490541e+01,5.131390966693119893e+00
4.991140325807374012e+01,4.673647730986573379e+00
4.993140897399257483e+01,5.134697744908318207e+00
4.995141468991140243e+01,4.595831077898031580e+00
4.997142040583023714e+01,4.346723411229852729e+00
4.999142612174907185e+01,5.222904785856270493e+00
5.001143183766790656e+01,4.782479285752367026e+00
5.003143755358674127e+01,5.301875380393684445e+00
5.005144326950557598e+01,5.534015051097080473e+00
5.007144898542441069e+01,5.735683673401924310e+00
5.009145470134324540e+01,5.830292697511720412e+00
5.011146041726208011e+01,5.619110609123133315e+00
5.013146613318090772e+01,5.614091364970270170e+00
5.015147184909974243e+01,6.494338319940151649e+00
5.017147756501857714e+01,6.909067705661088965e+00
5.019148328093741185e+01,7.741515651636510675e+00
5.021148899685624656e+01,7.524707727175338867e+00
5.023149471277508127e+01,8.166114378286108533e+00
5.025150042869391598e+01,8.105632763377512262e+00
5.027150614461275069e+01,8.909641063013083340e+00
5.029151186053158540e+01,8.852470884112136673e+00
5.031151757645042011e+01,8.414235510646077998e+00
5.033152329236924771e+01,9.956243575756422715e+00
5.035152900828808242e+01,9.917140427030794569e+00
5.037153472420691713e+01,9.076140998816745409e+00
5.039154044012575184e+01,1.101459627981923717e+01
5.041154615604458655e+01,9.791470578674005054e+00
5.043155187196342126e+01,1.036703943712984533e+01
5.045155758788225597e+01,1.059162392191418434e+01
5.047156330380109068e+01,1.056234368267843138e+01
5.049156901971992539e+01,1.042950777536545992e+01
5.051157473563875300e+01,9.364498106356155205e+00
5.053158045155758771e+01,1.059964042692588571e+01
5.055158616747642242e+01,8.913199115128643157e+00
5.057159188339525713e+01,1.024050525758785213e+01
5.059159759931409184e+01,8.572330872713484595e+00
5.061160331523292655e+01,8.625240137286366959e+00
5.063160903115176126e+01,8.200993341839566853e+00
5.065161474707059597e+01,7.623537737102115130e+00
5.067162046298943068e+01,8.266314910149894502e+00
5.069162617890825828e+01,7.849379655528077038e+00
5.071163189482709299e+01,7.170079478436703013e+00
5.073163761074592770e+01,6.253377216876230271e+00
5.075164332666476241e+01,6.470190023704573079e+00
5.077164904258359712e+01,6.745262281550227890e+00
5.079165475850243183e+01,5.703059382506737052e+00
5.081166047442126654e+01,6.189595611633888161e+00
5.083166619034010125e+01,6.205482188798570498e+00
5.085167190625893596e+01,6.348428011193660403e+00
5.087167762217777067e+01,6.320552028566453373e+00
5.089168333809659828e+01,7.089499284111828281e+00
5.091168905401543299e+01,6.446332747000439234e+00
5.093169476993426770e+01,6.543506507485356671e+00
5.095170048585310241e+01,6.747756499272956177e+00
5.097170620177193712e+01,7.232383752251479336e+00
5.099171191769077183e+01,8.007459094301331959e+00
5.101171763360960654e+01,7.228121250827655331e+00
5.103172334952844125e+01,7.148223726844510573e+00
5.105172906544727596e+01,7.694469133896395974e+00
5.107173478136610356e+01,8.166391174837945854e+00
5.109174049728493827e+01,7.508841858512570688e+00
5.111174621320377298e+01,8.445289315613131009e+00
5.113175192912260769e+01,8.390991256638226758e+00
5.115175764504144240e+01,8.978780798863606805e+00
5.117176336096027711e+01,1.034550396186098453e+01
5.119176907687911182e+01,9.471431280225928617e+00
5.121177479279794653e+01,1.004858164467482062e+01
5.123178050871678124e+01,1.151760714353329718e+01
5.125178622463561595e+01,1.207051502311834668e+01
5.127179194055444356e+01,1.293591901585226367e+01
5.129179765647327827e+01,1.357559838293304466e+01
5.131180337239211298e+01,1.405163794672987621e+01
5.133180908831094769e+01,1.512202144772112966e+01
5.135181480422978240e+01,1.586348324403387444e+01
5.137182052014861711e+01,1.614634288467459911e+01
5.139182623606745182e+01,1.756008905395112762e+01
5.141183195198628653e+01,1.814406152903352876e+01
5.143183766790512124e+01,1.793428432793043825e+01
5.145184338382394884e+01,1.811600443480114109e+01
5.147184909974278355e+01,1.856413344983046443e+01
5.149185481566161826e+01,1.835889512554216196e+01
5.151186053158045297e+01,1.775342229106293246e+01
5.153186624749928768e+01,1.723192692237094548e+01
5.155187196341812239e+01,1.655438189131464455e+01
5.157187767933695710e+01,1.746327380422427922e+01
5.159188339525579181e+01,1.554920583406404511e+01
5.161188911117462652e+01,1.514088558047147259e+01
5.163189482709345413e+01,1.554163015655788627e+01
5.165190054301228884e+01,1.439108710234841482e+01
5.167190625893112355e+01,1.380252908051784289e+01
5.169191197484995826e+01,1.395831153838708971e+01
5.171191769076879297e+01,1.434483176554478412e+01
5.173192340668762768e+01,1.349028421427676960e+01
5.175192912260646239e+01,1.445095598527360181e+01
5.177193483852529710e+01,1.403709470472247034e+01
5.179194055444413181e+01,1.483613400189112141e+01
5.181194627036296652e+01,1.471464228948437736e+01
5.183195198628179412e+01,1.494920566319254362e+01
5.185195770220062883e+01,1.565311090714092224e+01
5.187196341811946354e+01,1.652578687482676401e+01
5.189196913403829825e+01,1.630795522159768041e+01
5.191197484995713296e+01,1.687035562807324141e+01
5.193198056587596767e+01,1.789007626951460139e+01
5.195198628179480238e+01,1.790623265694584987e+01
5.197199199771363709e+01,1.742362594596345815e+01
5.199199771363247180e+01,1.756749860611665071e+01
5.201200342955129940e+01,1.684434895400131182e+01
5.203200914547013411e+01,1.737026768299342550e+01
5.205201486138896882e+01,1.689652921131234109e+01
5.207202057730780353e+01,1.571300856922922762e+01
5.209202629322663824e+01,1.624441979391009028e+01
5.211203200914547295e+01,1.607531635704117434e+01
5.213203772506430766e+01,1.526110541748094818e+01
5.215204344098314237e+01,1.550857792626133502e+01
5.217204915690197708e+01,1.416236967807390990e+01
5.219205487282081180e+01,1.384408992503870373e+01
5.221206058873963940e+01,1.379406434980428386e+01
5.223206630465847411e+01,1.364515617792667790e+01
5.225207202057730882e+01,1.332720426996545271e+01
5.227207773649614353e+01,1.209867651912190922e+01
5.229208345241497824e+01,1.192703965735647209e+01
5.231208916833381295e+01,1.177414875093868929e+01
5.233209488425264766e+01,1.114795563295939473e+01
5.235210060017148237e+01,1.064739949655213280e+01
5.237210631609031708e+01,9.649597162361196467e+00
5.239211203200914468e+01,9.088957718025730159e+00
5.241211774792797939e+01,9.525910781660195781e+00
5.243212346384681410e+01,8.715018668167830995e+00
5.245212917976564881e+01,8.319153254787742924e+00
5.247213489568448352e+01,8.197440472399927458e+00
5.249214061160331823e+01,8.908014241390056043e+00
5.251214632752215294e+01,8.657557390500457473e+00
5.253215204344098765e+01,8.380987830708795272e+00
5.255215775935982236e+01,8.742088191420863907e+00
5.257216347527864997e+01,9.487022873152312741e+00
5.259216919119748468e+01,9.600873814518326554e+00
5.261217490711631939e+01,1.021546264913423485e+01
5.263218062303515410e+01,9.871210535336917502e+00
5.265218633895398881e+01,1.056511466310865188e+01
5.267219205487282352e+01,1.044902527193019992e+01
5.269219777079165823e+01,1.095970543460047253e+01
5.271220348671049294e+01,1.156490666395249889e+01
5.273220920262932765e+01,1.131401338192749328e+01
5.275221491854816236e+01,1.247438011429013827e+01
5.277222063446698996e+01,1.192872918631256240e+01
5.279222635038582467e+01,1.244398329216755883e+01
5.281223206630465938e+01,1.204739367755956181e+01
5.283223778222349409e+01,1.219172107380070713e+01
5.285224349814232880e+01,1.214127962293872365e+01
5.287224921406116351e+01,1.286385406279968180e+01
5.289225492997999822e+01,1.312942728705890971e+01
5.291226064589883293e+01,1.291973722284744852e+01
5.293226636181766764e+01,1.334342075871801470e+01
5.295227207773649525e+01,1.500057751021122598e+01
5.297227779365532996e+01,1.470255327581037008e+01
5.299228350957416467e+01,1.682153237314364347e+01
5.301228922549299938e+01,1.684080876279868733e+01
5.303229494141183409e+01,1.749716690812340403e+01
5.305230065733066880e+01,1.862977297839413637e+01
5.307230637324950351e+01,2.089864330429094608e+01
5.309231208916833822e+01,2.202670078891288696e+01
5.311231780508717293e+01,2.192153294369856198e+01
5.313232352100600764e+01,2.396246681504063503e+01
5.315232923692483524e+01,2.561230413186177657e+01
5.317233495284366995e+01,2.720853317031750862e+01
5.319234066876250466e+01,2.774496829406458787e+01
5.321234638468133937e+01,2.955833152193746116e+01
5.323235210060017408e+01,3.169418725018637772e+01
5.325235781651900879e+01,3.347974164798134211e+01
5.327236353243784350e+01,3.436056944903059218e+01
5.329236924835667821e+01,3.518601940441841691e+01
5.331237496427551292e+01,3.533203964351942261e+01
5.333238068019434053e+01,3.618379611542785312e+01
5.335238639611317524e+01,3.698592088525644073e+01
5.337239211203200995e+01,3.722302700307714929e+01
5.339239782795084466e+01,3.697778437021380427e+01
5.341240354386967937e+01,3.765474253012496320e+01
5.343240925978851408e+01,3.670560622049247002e+01
5.345241497570734879e+01,3.623401816744354420e+01
5.347242069162618350e+01,3.555159835496973386e+01
5.349242640754501821e+01,3.404705743952120400e+01
5.351243212346384581e+01,3.164277123025183869e+01
5.353243783938268052e+01,3.012852166011260735e+01
5.355244355530151523e+01,2.962241254321249073e+01
5.357244927122034994e+01,2.793577081476087187e+01
5.359245498713918465e+01,2.573768597533377900e+01
5.361246070305801936e+01,2.368546868816734019e+01
5.363246641897685407e+01,2.171754443361332321e+01
5.365247213489568878e+01,2.085960617449408261e+01
5.367247785081452349e+01,1.990383915336958154e+01
5.369248356673335820e+01,1.945447392603533743e+01
5.371248928265218581e+01,1.865765358850963196e+01
5.373249499857102052e+01,1.831552441914021401e+01
5.375250071448985523e+01,1.792836952750329971e+01
5.377250643040868994e+01,1.705845016923220925e+01
5.379251214632752465e+01,1.686455751671299907e+01
5.381251786224635936e+01,1.684137703802900532e+01
5.383252357816519407e+01,1.698675399931653729e+01
5.385252929408402878e+01,1.853328313369695479e+01
5.387253501000286349e+01,1.851628545982092788e+01
5.389254072592169109e+01,1.884843306461214496e+01
5.391254644184052580e+01,1.897603352647417552e+01
5.393255215775936051e+01,2.006222085100797514e+01
5.395255787367819522e+01,1.970407972204568026e+01
5.397256358959702993e+01,2.077253631045940807e+01
5.399256930551586464e+01,2.038109358853152031e+01
5.401257502143469935e+01,2.119155367998219930e+01
5.403258073735353406e+01,2.072117608849895731e+01
5.405258645327236877e+01,2.097285883772888582e+01
5.407259216919120348e+01,1.955219850846541263e+01
5.409259788511003109e+01,2.056575564851262072e+01
5.411260360102886580e+01,1.931875053213567384e+01
5.413260931694770051e+01,1.972985278165303669e+01
5.415261503286653522e+01,1.906535733119417841e+01
5.417262074878536993e+01,1.903225565312015277e+01
5.419262646470420464e+01,1.953309601547655916e+01
5.421263218062303935e+01,1.912917984898252399e+01
5.423263789654187406e+01,1.946078833020424526e+01
5.425264361246070877e+01,1.971353384106966189e+01
5.427264932837953637e+01,1.890699248491986140e+01
5.429265504429837108e+01,1.937794199163280950e+01
5.431266076021720579e+01,1.917236392172674897e+01
5.433266647613604050e+01,1.821643280422872380e+01
5.435267219205487521e+01,1.826249607921236162e+01
5.437267790797370992e+01,1.782302728317148777e+01
5.439268362389254463e+01,1.679383269374955745e+01
5.441268933981137934e+01,1.615122154325837300e+01
5.443269505573021405e+01,1.416209107649319954e+01
5.445270077164904166e+01,1.405316932977914313e+01
5.447270648756787637e+01,1.255741780065647362e+01
5.449271220348671108e+01,1.190583951983409960e+01
5.451271791940554579e+01,1.124229664500581372e+01
5.453272363532438050e+01,9.524416811367885316e+00
5.455272935124321521e+01,9.466610658803340073e+00
5.457273506716204992e+01,8.699341984673640837e+00
5.459274078308088463e+01,8.619579557121230806e+00
5.461274649899971934e+01,8.241278283532745164e+00
5.463275221491855405e+01,6.675467144985958612e+00
5.465275793083738165e+01,6.272224615176821061e+00
5.467276364675621636e+01,6.298893538725554464e+00
5.469276936267505107e+01,6.595412776709967062e+00
5.471277507859388578e+01,6.468849362026700689e+00
5.473278079451272049e+01,5.507456711571143693e+00
5.475278651043155520e+01,5.878706242652494751e+00
5.477279222635038991e+01,4.999641490391474541e+00
5.479279794226922462e+01,4.431706567105679007e+00
5.481280365818805933e+01,4.742249452804954579e+00
5.483280937410688693e+01,4.380299965887624936e+00
5.485281509002572164e+01,4.747079368199191407e+00
5.487282080594455635e+01,5.562198779100489432e+00
5.489282652186339106e+01,4.937075433652159617e+00
5.491283223778222577e+01,4.839721828646977642e+00
5.493283795370106048e+01,5.302843617616970207e+00
5.495284366961989519e+01,4.717802375273672411e+00
5.497284938553872990e+01,5.093922493113676175e+00
5.499285510145756461e+01,4.554175330772443964e+00
5.501286081737639222e+01,4.975073458463247000e+00
5.503286653329522693e+01,5.010961990949962086e+00
5.505287224921406164e+01,4.586818653325611450e+00
5.507287796513289635e+01,5.278401921565333055e+00
5.509288368105173106e+01,5.715676899481525908e+00
5.511288939697056577e+01,5.326700028798834197e+00
5.513289511288940048e+01,5.715733858550109403e+00
5.515290082880823519e+01,5.905283033193613917e+00
5.517290654472706990e+01,5.305873894345893405e+00
5.519291226064590461e+01,5.767372196550904384e+00
5.521291797656473221e+01,6.100257772315687887e+00
5.523292369248356692e+01,6.211277842857336751e+00
5.525292940840240163e+01,6.534615893222636807e+00
5.527293512432123634e+01,6.394277847293801997e+00
5.529294084024007105e+01,6.654023770876973387e+00
5.531294655615890576e+01,5.726347078783709854e+00
5.533295227207774047e+01,6.070501827974388753e+00
5.535295798799657518e+01,6.197267892185417182e+00
5.537296370391540989e+01,5.372361416320099892e+00
5.539296941983423750e+01,5.866756788462218708e+00
5.541297513575307221e+01,6.126302325150966510e+00
5.543298085167190692e+01,5.552694226343579231e+00
5.545298656759074163e+01,5.470908311951102831e+00
5.547299228350957634e+01,4.713912257718142484e+00
5.549299799942841105e+01,5.454881547864259161e+00
5.551300371534724576e+01,5.607807502274066991e+00
5.553300943126608047e+01,5.456205164205853109e+00
5.555301514718491518e+01,5.225382038687209629e+00
5.557302086310374989e+01,5.220466252183726397e+00
5.559302657902257749e+01,5.038127326876802314e+00
5.561303229494141220e+01,4.668910374902058180e+00
5.563303801086024691e+01,4.967114525824749549e+00
5.565304372677908162e+01,6.002186192219591376e+00
5.567304944269791633e+01,5.705080136790771306e+00
5.569305515861675104e+01,4.636278854341567168e+00
5.571306087453558575e+01,4.563530564965695646e+00
5.573306659045442046e+01,5.577104225303628482e+00
5.575307230637325517e+01,6.130559996242762821e+00
5.577307802229208278e+01,6.038903262198320299e+00
5.579308373821091749e+01,5.662653676874038311e+00
5.581308945412975220e+01,5.802038090424039396e+00
5.583309517004858691e+01,5.997046212684358224e+00
5.585310088596742162e+01,5.497308326518613342e+00
5.587310660188625633e+01,5.512403897371831007e+00
5.589311231780509104e+01,6.347267674861106102e+00
5.591311803372392575e+01,6.407331196872748436e+00
5.593312374964276046e+01,6.502890005545081564e+00
5.595312946556158806e+01,6.500517480136653425e+00
5.597313518148042277e+01,6.079249098759587966e+00
5.599314089739925748e+01,5.738713010325335873e+00
5.601314661331809219e+01,5.151568073592801333e+00
5.603315232923692690e+01,5.752953302165334293e+00
5.605315804515576161e+01,5.266131539059468736e+00
5.607316376107459632e+01,6.062898203222212068e+00
5.609316947699343103e+01,5.242427968912553027e+00
5.611317519291226574e+01,5.062042708540494651e+00
5.613318090883110045e+01,4.357792321647665723e+00
5.615318662474992806e+01,4.179561225618609654e+00
5.617319234066876277e+01,4.687348766542254630e+00
5.619319805658759748e+01,4.991549231473396020e+00
5.621320377250643219e+01,4.315209510544097071e+00
5.623320948842526690e+01,4.981098387269822680e+00
5.625321520434410161e+01,4.052064787384397349e+00
5.627322092026293632e+01,4.492036799149288662e+00
5.629322663618177103e+01,3.318119815303091524e+00
5.631323235210060574e+01,4.094511562976251184e+00
5.633323806801943334e+01,3.925943614452377606e+00
5.635324378393826805e+01,4.677269462740904160e+00
5.637324949985710276e+01,4.736496715007276315e+00
5.639325521577593747e+01,5.098608734277469523e+00
5.641326093169477218e+01,3.802244172556335400e+00
5.643326664761360689e+01,4.632828095375804978e+00
5.645327236353244160e+01,4.284945638126012923e+00
5.647327807945127631e+01,4.927423851944055855e+00
5.649328379537011102e+01,3.864869258900250237e+00
5.651328951128894573e+01,4.304872776464058859e+00
5.653329522720777334e+01,4.418387867753601483e+00
5.655330094312660805e+01,4.258225538968138046e+00
5.657330665904544276e+01,4.642564800398026215e+00
5.659331237496427747e+01,4.888007176762314110e+00
5.661331809088311218e+01,5.303301567117120641e+00
5.663332380680194689e+01,5.926260207940984515e+00
5.665332952272078160e+01,5.017037451169202633e+00
5.667333523863961631e+01,6.160639961644694296e+00
5.669334095455845102e+01,6.464671421846521326e+00
5.671334667047727862e+01,6.550515850809246032e+00
5.673335238639611333e+01,7.214004421372200326e+00
5.675335810231494804e+01,7.399177642474865202e+00
5.677336381823378275e+01,7.674969788948003746e+00
5.679336953415261746e+01,8.004711445777550338e+00
5.681337525007145217e+01,8.212617208855462536e+00
5.683338096599028688e+01,9.051476600744770451e+00
5.685338668190912159e+01,9.330400451107621507e+00
5.687339239782795630e+01,8.839877913588793490e+00
5.689339811374678391e+01,1.005974182021469687e+01
5.691340382966561862e+01,1.060903464255516404e+01
5.693340954558445333e+01,9.277500808744328253e+00
5.695341526150328804e+01,1.080750691339460090e+01
5.697342097742212275e+01,9.637106584511430540e+00
5.699342669334095746e+01,1.081131366003455518e+01
5.701343240925979217e+01,9.797963310184373498e+00
5.703343812517862688e+01,1.060405306755847832e+01
5.705344384109746159e+01,1.132493887846606739e+01
5.707344955701629630e+01,1.076476427102613620e+01
5.709345527293512390e+01,1.059700493005970756e+01
5.711346098885395861e+01,1.104803025258775051e+01
5.713346670477279332e+01,1.152515824902448927e+01
5.715347242069162803e+01,1.103930573630229439e+01
5.717347813661046274e+01,1.181267139944394984e+01
5.719348385252929745e+01,1.207553646248573465e+01
5.721348956844813216e+01,1.126476395069568248e+01
5.723349528436696687e+01,1.188425736896941132e+01
5.725350100028580158e+01,1.168639892974017158e+01
5.727350671620462919e+01,1.166922593472515857e+01
5.729351243212346390e+01,1.084005443863792451e+01
5.731351814804229861e+01,1.063299268237613049e+01
5.733352386396113332e+01,1.122459201523068373e+01
5.735352957987996803e+01,1.063433020921368310e+01
5.737353529579880274e+01,9.439597031522792392e+00
5.739354101171763745e+01,1.028332318474146412e+01
5.741354672763647216e+01,9.364745695215002996e+00
5.743355244355530687e+01,8.720507865629912203e+00
5.745355815947414158e+01,9.128094237620079099e+00
5.747356387539296918e+01,8.668300247228357236e+00
5.749356959131180389e+01,8.147529407983208571e+00
5.751357530723063860e+01,7.332100253947851698e+00
5.753358102314947331e+01,7.575368738308219108e+00
5.755358673906830802e+01,6.531157016320451980e+00
5.757359245498714273e+01,6.442094105693429995e+00
5.759359817090597744e+01,6.939388253552942309e+00
5.761360388682481215e+01,7.405188357604348681e+00
5.763360960274364686e+01,7.447593522914853104e+00
5.765361531866247446e+01,5.852702741849046042e+00
5.767362103458130917e+01,5.970255504859030893e+00
5.769362675050014388e+01,5.305124175832817812e+00
5.771363246641897859e+01,5.647363334803456425e+00
5.773363818233781330e+01,6.645165588975288529e+00
5.775364389825664801e+01,6.665477129939330503e+00
5.777364961417548272e+01,5.604781616277324297e+00
5.779365533009431743e+01,5.871866148589218959e+00
5.781366104601315214e+01,5.925283386164437616e+00
5.783366676193197975e+01,5.102763519252732749e+00
5.785367247785081446e+01,6.368584745454551665e+00
5.787367819376964917e+01,5.812583367760359998e+00
5.789368390968848388e+01,5.303279293174592013e+00
5.791368962560731859e+01,5.714061345965299132e+00
5.793369534152615330e+01,6.381468479560848728e+00
5.795370105744498801e+01,5.903279864580155412e+00
5.797370677336382272e+01,6.656253385110455056e+00
5.799371248928265743e+01,6.054765399792916725e+00
5.801371820520149214e+01,6.982748201764662710e+00
5.803372392112031974e+01,7.658273806729472000e+00
5.805372963703915445e+01,7.979938888383742324e+00
5.807373535295798916e+01,9.016837405309328091e+00
5.809374106887682387e+01,9.414813922432630378e+00
5.811374678479565858e+01,9.198015541800314665e+00
5.813375250071449329e+01,1.025682583754193011e+01
5.815375821663332800e+01,1.059636377473741753e+01
5.817376393255216271e+01,1.130677698612844040e+01
5.819376964847099742e+01,1.155141061996431873e+01
5.821377536438982503e+01,1.203125491653018386e+01
5.823378108030865974e+01,1.312668237713212882e+01
5.825378679622749445e+01,1.383959378025040365e+01
5.827379251214632916e+01,1.401067249486932553e+01
5.829379822806516387e+01,1.322083443952686288e+01
5.831380394398399858e+01,1.419481744329268835e+01
5.833380965990283329e+01,1.448615304426563100e+01
5.835381537582166800e+01,1.386062164160786025e+01
5.837382109174050271e+01,1.456886191069559899e+01
5.839382680765933742e+01,1.435166822679749288e+01
5.841383252357816502e+01,1.408231534756908232e+01
5.843383823949699973e+01,1.435297690288148331e+01
5.845384395541583444e+01,1.351423741835216674e+01
5.847384967133466915e+01,1.332038819706477639e+01
5.849385538725350386e+01,1.428473896058219417e+01
5.851386110317233857e+01,1.272197689608952587e+01
5.853386681909117328e+01,1.305867116113150495e+01
5.855387253501000799e+01,1.226761075114526278e+01
5.857387825092884270e+01,1.129828004237851857e+01
5.859388396684767031e+01,1.116501976336597401e+01
5.861388968276650502e+01,1.035127696860036473e+01
5.863389539868533973e+01,1.015447589131089146e+01
5.865390111460417444e+01,9.518757275788875205e+00
5.867390683052300915e+01,8.768404198858657850e+00
5.869391254644184386e+01,9.340738266921661648e+00
5.871391826236067857e+01,8.903528685949570587e+00
5.873392397827951328e+01,7.488697820009917905e+00
5.875392969419834799e+01,7.907294021041281873e+00
5.877393541011717559e+01,7.429541492803726221e+00
5.879394112603601030e+01,7.346516140425869423e+00
5.881394684195484501e+01,7.121611821472876969e+00
5.883395255787367972e+01,7.759222636895540148e+00
5.885395827379251443e+01,7.865555323016390155e+00
5.887396398971134914e+01,7.040793011179999006e+00
5.889396970563018385e+01,7.285803134183794327e+00
5.891397542154901856e+01,7.446249982230298770e+00
5.893398113746785327e+01,6.289089261880811854e+00
5.895398685338668798e+01,6.377216242524265333e+00
5.897399256930551559e+01,6.844123124786572809e+00
5.899399828522435030e+01,5.830098370257322138e+00
5.901400400114318501e+01,5.963867575977745084e+00
5.903400971706201972e+01,6.100972400489888869e+00
5.905401543298085443e+01,5.982051956265890702e+00
5.907402114889968914e+01,4.992480962316430571e+00
5.909402686481852385e+01,5.588934597130547743e+00
5.911403258073735856e+01,5.412179600067392293e+00
5.913403829665619327e+01,5.252598156371681704e+00
5.915404401257502087e+01,4.434417612306341461e+00
5.917404972849385558e+01,5.291617614439595663e+00
5.919405544441269029e+01,4.678609805695975510e+00
5.921406116033152500e+01,4.150183486435941482e+00
5.923406687625035971e+01,4.212230481069384247e+00
5.925407259216919442e+01,4.690638538839928984e+00
5.927407830808802913e+01,4.450396185756815726e+00
5.929408402400686384e+01,3.988794123259559843e+00
5.931408973992569855e+01,4.127843369141931618e+00
5.933409545584453326e+01,4.504882069483157281e+00
5.935410117176336087e+01,3.989735500055550776e+00
5.937410688768219558e+01,3.504529038523904738e+00
5.939411260360103029e+01,4.680352324198585379e+00
5.941411831951986500e+01,4.168957382283894120e+00
5.943412403543869971e+01,3.875119298355648834e+00
5.945412975135753442e+01,3.355179995094820455e+00
5.947413546727636913e+01,4.137997467061621748e+00
5.949414118319520384e+01,3.538514276587485075e+00
5.951414689911403855e+01,3.407324640046820008e+00
5.953415261503286615e+01,3.929442992529791123e+00
5.955415833095170086e+01,3.641469441492798165e+00
5.957416404687053557e+01,4.018438991531088078e+00
5.959416976278937028e+01,3.713926982387630193e+00
5.961417547870820499e+01,3.497918921296298223e+00
5.963418119462703970e+01,4.018834030802866941e+00
5.965418691054587441e+01,3.742346769730378053e+00
5.967419262646470912e+01,3.707521921634246986e+00
5.969419834238354383e+01,4.291895734060588552e+00
5.971420405830237144e+01,3.370485493165352509e+00
5.973420977422120615e+01,4.173180220274026020e+00
5.975421549014004086e+01,4.632568277729197881e+00
5.977422120605887557e+01,4.607451518691226156e+00
5.979422692197771028e+01,4.312756103616695036e+00
5.981423263789654499e+01,4.585025997322578206e+00
5.983423835381537970e+01,4.441020466726519622e+00
5.985424406973421441e+01,4.702583437314297399e+00
5.987424978565304912e+01,5.846217236538466366e+00
5.989425550157188383e+01,5.605840024546976608e+00
5.991426121749071143e+01,5.116748613363355958e+00
5.993426693340954614e+01,5.828705256782848565e+00
5.995427264932838085e+01,5.576718289144571017e+00
5.997427836524721556e+01,6.153780961938233318e+00
5.999428408116605027e+01,7.410317938375317937e+00
6.001428979708488498e+01,6.573740756325291201e+00
6.003429551300371969e+01,6.995181604382598728e+00
6.005430122892255440e+01,6.988803481903454795e+00
6.007430694484138911e+01,6.587747357780809665e+00
6.009431266076021672e+01,6.950768300442809355e+00
6.011431837667905143e+01,7.277088699710190234e+00
6.013432409259788614e+01,6.895891742218310583e+00
6.015432980851672085e+01,7.727336514282035829e+00
6.017433552443555556e+01,7.529620695693473031e+00
6.019434124035439027e+01,6.204673662924698796e+00
6.021434695627322498e+01,6.087625295018089133e+00
6.023435267219205969e+01,6.149446817382777652e+00
6.025435838811089440e+01,5.464468890479452057e+00
6.027436410402972911e+01,5.276559823400729599e+00
6.029436981994855671e+01,5.886605966815968927e+00
6.031437553586739142e+01,5.111877710979069178e+00
6.033438125178622613e+01,4.379274447994916386e+00
6.035438696770506084e+01,5.316577398356775674e+00
6.037439268362389555e+01,5.141975174858232300e+00
6.039439839954273026e+01,5.393301547227494552e+00
6.041440411546156497e+01,4.656870845048624474e+00
6.043440983138039968e+01,5.512047818927003462e+00
6.045441554729923439e+01,4.077352996003636321e+00
6.047442126321806199e+01,4.069731370573814289e+00
6.049442697913689670e+01,4.794344850710293926e+00
6.051443269505573141e+01,4.726366106227405162e+00
6.053443841097456612e+01,5.838341402625580656e+00
6.055444412689340083e+01,4.996350320912648968e+00
6.057444984281223554e+01,5.484109729669624400e+00
6.059445555873107025e+01,6.140865863502575017e+00
6.061446127464990496e+01,5.901204189325603089e+00
6.063446699056873967e+01,6.513484422234875559e+00
6.065447270648756728e+01,5.588649904610461405e+00
6.067447842240640199e+01,5.849240455501816704e+00
6.069448413832523670e+01,5.863115168578552527e+00
6.071448985424407141e+01,6.862239531410125437e+00
6.073449557016290612e+01,6.482980346762730939e+00
6.075450128608174083e+01,5.729179646701100026e+00
6.077450700200057554e+01,6.966799132446723775e+00
6.079451271791941025e+01,6.486797795046000736e+00
6.081451843383824496e+01,6.117760381247672186e+00
6.083452414975707967e+01,6.033425820796316508e+00
6.085452986567590727e+01,5.837196145750869647e+00
6.087453558159474198e+01,6.258906907242593576e+00
6.089454129751357669e+01,6.029136988783748485e+00
6.091454701343241140e+01,6.246159190748883816e+00
6.093455272935124611e+01,6.133513797711538373e+00
6.095455844527008082e+01,5.223791450061784580e+00
6.097456416118891553e+01,5.694217930798751048e+00
6.099456987710775024e+01,5.526229570092155541e+00
6.101457559302658495e+01,5.415078877791831502e+00
6.103458130894541256e+01,5.087425247509183457e+00
6.105458702486424727e+01,5.407426342484587423e+00
6.107459274078308198e+01,5.398449755313740717e+00
6.109459845670191669e+01,5.660388232816487175e+00
6.111460417262075140e+01,5.720165033914075714e+00
6.113460988853958611e+01,5.158606887676564945e+00
6.115461560445842082e+01,5.670596194908875454e+00
6.117462132037725553e+01,5.233616106747880359e+00
6.119462703629609024e+01,5.597522747455927927e+00
6.121463275221492495e+01,5.605939206449979118e+00
6.123463846813375255e+01,5.249093316250079688e+00
6.125464418405258726e+01,4.457880039653845827e+00
6.127464989997142197e+01,5.616336731112621550e+00
6.129465561589025668e+01,6.142638380117505292e+00
6.131466133180909139e+01,5.075772293824623915e+00
6.133466704772792610e+01,4.737782556280123458e+00
6.135467276364676081e+01,5.657627029259813867e+00
6.137467847956559552e+01,6.196997792576018682e+00
6.139468419548443023e+01,5.708015030402379786e+00
6.141468991140325784e+01,6.288559211663974580e+00
6.143469562732209255e+01,6.056436905077525523e+00
6.145470134324092726e+01,6.287019118375475557e+00
6.147470705915976197e+01,6.992491008834816668e+00
6.149471277507859668e+01,6.010736611076254121e+00
6.151471849099743139e+01,6.536792264649612605e+00
6.153472420691626610e+01,6.473146166947342905e+00
6.155472992283510081e+01,7.336854320470703072e+00
6.157473563875393552e+01,7.449472163406258396e+00
6.159474135467276312e+01,6.268008197352433086e+00
6.161474707059159783e+01,6.357717251492086774e+00
6.163475278651043254e+01,5.996938822393580892e+00
6.165475850242926725e+01,6.212312369998683081e+00
6.167476421834810196e+01,5.679063497479637235e+00
6.169476993426693667e+01,5.658866471766083706e+00
6.171477565018577138e+01,5.337688957329142170e+00
6.173478136610460609e+01,4.774470744806968980e+00
6.175478708202344080e+01,5.064549725724560858e+00
6.177479279794227551e+01,4.686563010156474363e+00
6.179479851386110312e+01,5.075353380803393044e+00
6.181480422977993783e+01,5.254950528809567700e+00
6.183480994569877254e+01,4.548792317284014786e+00
6.185481566161760725e+01,4.266532962873577972e+00
6.187482137753644196e+01,5.338143543064154173e+00
6.189482709345527667e+01,4.505503539523045831e+00
6.191483280937411138e+01,4.855692598500348289e+00
6.193483852529294609e+01,4.976546353904963915e+00
6.195484424121178080e+01,4.879341734258782814e+00
6.197484995713060840e+01,5.240890768334136141e+00
6.199485567304944311e+01,5.665574516316691955e+00
6.201486138896827782e+01,5.450651917197310681e+00
6.203486710488711253e+01,5.095023495770145239e+00
6.205487282080594724e+01,4.983655305066250207e+00
6.207487853672478195e+01,5.731019504726642566e+00
6.209488425264361666e+01,5.452299304625532805e+00
6.211488996856245137e+01,5.149743335214507667e+00
6.213489568448128608e+01,5.932997329825031585e+00
6.215490140040011369e+01,5.672936021845858434e+00
6.217490711631894840e+01,4.763377175539305064e+00
6.219491283223778311e+01,5.459970374609764754e+00
6.221491854815661782e+01,5.005965723420468194e+00
6.223492426407545253e+01,4.959764973683629563e+00
6.225492997999428724e+01,5.218491475180965011e+00
6.227493569591312195e+01,5.096871929417732261e+00
6.229494141183195666e+01,4.592713407633493006e+00
6.231494712775079137e+01,5.153321598054941610e+00
6.233495284366962608e+01,3.769581362784363954e+00
6.235495855958845368e+01,4.609999316111173862e+00
6.237496427550728839e+01,3.929354100427948193e+00
6.239496999142612310e+01,3.971882036162158514e+00
6.241497570734495781e+01,4.612816473614946844e+00
6.243498142326379252e+01,4.189138317945838352e+00
6.245498713918262723e+01,4.990234954968490122e+00
6.247499285510146194e+01,4.566564444120613686e+00
6.249499857102029665e+01,4.052495552166407222e+00
6.251500428693913136e+01,4.862816260775949750e+00
6.253501000285795897e+01,4.002342174540671316e+00
6.255501571877679368e+01,5.446832302650761903e+00
6.257502143469562839e+01,4.329514247725211540e+00
6.259502715061446310e+01,4.325738590212796275e+00
6.261503286653329781e+01,3.979574969641828996e+00
6.263503858245213252e+01,4.582304563574439271e+00
6.265504429837096723e+01,4.307659617018281040e+00
6.267505001428980194e+01,5.322626062573116101e+00
6.269505573020863665e+01,4.598649807163387671e+00
6.271506144612747136e+01,4.195146140238941612e+00
6.273506716204629896e+01,5.094855088440158219e+00
6.275507287796513367e+01,5.356190997788574215e+00
6.277507859388396838e+01,5.284474180441638858e+00
6.279508430980280309e+01,4.542499766145725815e+00
6.281509002572163780e+01,5.808155929192230005e+00
6.283509574164047251e+01,5.497922387790236343e+00
6.285510145755930722e+01,6.504987519485221803e+00
6.287510717347814193e+01,6.616787025581441384e+00
6.289511288939697664e+01,7.322488854969909866e+00
6.291511860531580425e+01,6.721628053622330512e+00
6.293512432123463896e+01,7.388319478880928770e+00
6.295513003715347367e+01,7.711872943614568321e+00
6.297513575307230838e+01,7.706445999598793506e+00
6.299514146899114309e+01,7.911089171012137378e+00
6.301514718490997780e+01,8.644511849795067704e+00
6.303515290082881251e+01,8.890464792618718803e+00
6.305515861674764722e+01,9.574039067008492054e+00
6.307516433266648193e+01,1.088762375420710882e+01
6.309517004858530953e+01,1.128485312632393445e+01
6.311517576450414424e+01,1.097956226852629946e+01
6.313518148042297895e+01,1.186772360955623107e+01
6.315518719634181366e+01,1.219086889071780888e+01
6.317519291226064837e+01,1.253737128960487723e+01
6.319519862817948308e+01,1.277455387124969732e+01
6.321520434409831779e+01,1.266885176395865642e+01
6.323521006001715250e+01,1.252507042335332521e+01
6.325521577593598721e+01,1.268775948515933116e+01
6.327522149185482192e+01,1.338432620633964376e+01
6.329522720777364952e+01,1.293342518242170058e+01
6.331523292369248423e+01,1.240785806389937562e+01
6.333523863961131894e+01,1.291010645508710653e+01
6.335524435553015365e+01,1.236595073571826831e+01
6.337525007144898836e+01,1.220363231816549465e+01
6.339525578736782307e+01,1.286616126174765640e+01
6.341526150328665778e+01,1.194640341893435398e+01
6.343526721920549249e+01,1.272579221544947359e+01
6.345527293512432720e+01,1.210735444012629358e+01
6.347527865104315481e+01,1.244130444919728795e+01
6.349528436696198952e+01,1.286621492181925674e+01
6.351529008288082423e+01,1.198009977838007956e+01
6.353529579879965894e+01,1.266807488896868072e+01
6.355530151471849365e+01,1.214547427514288991e+01
6.357530723063732836e+01,1.273564326792544321e+01
6.359531294655616307e+01,1.207776613119985853e+01
6.361531866247499778e+01,1.323366968655559717e+01
6.363532437839383249e+01,1.321056760910262540e+01
6.365533009431266720e+01,1.268721826513792905e+01
6.367533581023149480e+01,1.340630364067819080e+01
6.369534152615032951e+01,1.300841009192158104e+01
6.371534724206916422e+01,1.329099414985371475e+01
6.373535295798799893e+01,1.337778896175464460e+01
6.375535867390683364e+01,1.300753308759136750e+01
6.377536438982566835e+01,1.310200081680769379e+01
6.379537010574450306e+01,1.334038844332859419e+01
6.381537582166333777e+01,1.288870917269292171e+01
6.383538153758217248e+01,1.306403334833143326e+01
6.385538725350100009e+01,1.212699884763074110e+01
6.387539296941983480e+01,1.251007107500138105e+01
6.389539868533866951e+01,1.139668094671676002e+01
6.391540440125750422e+01,1.131039535495499848e+01
6.393541011717633893e+01,1.144356274861488920e+01
6.395541583309517364e+01,1.144611202209360101e+01
6.397542154901400835e+01,1.194227576441692662e+01
6.399542726493284306e+01,1.237934170721579363e+01
6.401543298085167066e+01,1.080447026253459164e+01
6.403543869677051248e+01,1.147192789426423865e+01
6.405544441268934008e+01,1.223498399506115142e+01
6.407545012860816769e+01,1.229966321770289639e+01
6.409545584452700950e+01,1.300037079153530861e+01
6.411546156044585132e+01,1.172464453746042778e+01
6.413546727636467892e+01,1.273480425018776074e+01
6.415547299228350653e+01,1.345212419486112232e+01
6.417547870820234834e+01,1.371392696044615889e+01
6.419548442412119016e+01,1.437146086201559747e+01
6.421549014004001776e+01,1.459437725838958855e+01
6.423549585595884537e+01,1.390510943607480066e+01
6.425550157187768718e+01,1.453760469173142411e+01
6.427550728779651479e+01,1.548024067996988862e+01
6.429551300371534239e+01,1.518267370820419160e+01
6.431551871963418421e+01,1.532040222424102183e+01
6.433552443555302602e+01,1.599490227412562504e+01
6.435553015147185363e+01,1.609453154946258380e+01
6.437553586739068123e+01,1.596907970876067573e+01
6.439554158330952305e+01,1.539423943077557411e+01
6.441554729922835065e+01,1.467812468179457497e+01
6.443555301514717826e+01,1.480319446233573011e+01
6.445555873106602007e+01,1.410111024211285446e+01
6.447556444698486189e+01,1.447259177875979930e+01
6.449557016290368949e+01,1.393128454490614132e+01
6.451557587882251710e+01,1.280906874944138707e+01
6.453558159474135891e+01,1.168418941929838972e+01
6.455558731066020073e+01,1.096361052367146982e+01
6.457559302657902833e+01,1.070404033082590800e+01
6.459559874249785594e+01,1.088311276377297254e+01
6.461560445841669775e+01,9.448578913131694179e+00
6.463561017433552536e+01,9.621490865250748925e+00
6.465561589025435296e+01,8.757624892802439831e+00
6.467562160617319478e+01,9.047298639469675052e+00
6.469562732209203659e+01,9.210103678546200712e+00
6.471563303801086420e+01,8.317245525055719568e+00
6.473563875392969180e+01,7.790284295265858638e+00
6.475564446984853362e+01,8.161698515090762385e+00
6.477565018576737543e+01,7.683056124886052274e+00
6.479565590168618883e+01,7.031828658949243582e+00
6.481566161760503064e+01,8.010013936244309463e+00
6.483566733352387246e+01,7.623437471487989114e+00
6.485567304944270006e+01,6.835181476014500213e+00
6.487567876536152767e+01,6.770800064998077517e+00
6.489568448128036948e+01,6.692139227299140458e+00
6.491569019719921130e+01,6.897106871574981923e+00
6.493569591311803890e+01,6.472495588493724306e+00
6.495570162903686651e+01,6.393082229929424543e+00
6.497570734495570832e+01,6.073057827109141549e+00
6.499571306087453593e+01,5.808511849390723292e+00
6.501571877679336353e+01,6.392749672834922237e+00
6.503572449271220535e+01,5.801139748716916067e+00
6.505573020863104716e+01,5.802332611972217613e+00
6.507573592454987477e+01,6.698485151892690226e+00
6.509574164046870237e+01,6.373683765736426032e+00
6.511574735638754419e+01,6.595208472272796385e+00
6.513575307230638600e+01,6.534168370458332653e+00
6.515575878822521361e+01,6.049510697795519754e+00
6.517576450414404121e+01,6.308674543523086875e+00
6.519577022006288303e+01,6.851361825422075391e+00
6.521577593598171063e+01,6.202283580405524965e+00
6.523578165190053824e+01,6.880260361942775127e+00
6.525578736781938005e+01,6.581764141447264294e+00
6.527579308373822187e+01,8.095030595470044332e+00
6.529579879965704947e+01,8.040833614714902211e+00
6.531580451557587708e+01,8.629893103611127714e+00
6.533581023149471889e+01,8.044839673861032381e+00
6.535581594741354650e+01,8.002503634170562208e+00
6.537582166333237410e+01,8.783133974185750148e+00
6.539582737925121592e+01,8.345893528935897976e+00
6.541583309517005773e+01,8.404358548781649674e+00
6.543583881108888534e+01,8.076230081210603373e+00
6.545584452700771294e+01,8.405969110095581343e+00
6.547585024292655476e+01,8.255814182344469288e+00
6.549585595884539657e+01,7.911884787322470913e+00
6.551586167476422418e+01,7.882401611744898950e+00
6.553586739068305178e+01,8.531252758054472807e+00
6.555587310660189360e+01,8.171435867128339581e+00
6.557587882252072120e+01,7.728576341142085582e+00
6.559588453843954881e+01,7.839541798745434775e+00
6.561589025435839062e+01,7.004309502464309389e+00
6.563589597027723244e+01,6.908166347105193950e+00
6.565590168619606004e+01,6.158335029961342855e+00
6.567590740211488765e+01,6.873092998912422757e+00
6.569591311803372946e+01,7.121280386700782117e+00
6.571591883395257128e+01,6.220176230638242210e+00
6.573592454987138467e+01,6.625752899616765390e+00
6.575593026579022649e+01,6.395159356415983432e+00
6.577593598170906830e+01,6.674645133910590111e+00
6.579594169762789591e+01,6.780620432511314633e+00
6.581594741354672351e+01,7.660918877406595939e+00
6.583595312946556533e+01,7.847810214120578998e+00
6.585595884538440714e+01,7.937386953340117124e+00
6.587596456130323475e+01,8.561396729115649862e+00
6.589597027722206235e+01,9.356617986757344241e+00
6.591597599314090417e+01,9.363312586668564919e+00
6.593598170905973177e+01,9.714560495749619662e+00
6.595598742497855937e+01,9.974019303403885317e+00
6.597599314089740119e+01,1.008980429331912276e+01
6.599599885681624301e+01,1.050081935714500148e+01
6.601600457273507061e+01,1.144740291105243202e+01
6.603601028865389821e+01,1.148688244344791443e+01
6.605601600457274003e+01,1.244166458906206429e+01
6.607602172049158185e+01,1.184575617419421789e+01
6.609602743641040945e+01,1.302264255017997741e+01
6.611603315232923705e+01,1.261915119647143158e+01
6.613603886824807887e+01,1.422648261713776741e+01
6.615604458416690647e+01,1.343012194556095196e+01
6.617605030008573408e+01,1.340405146096030009e+01
6.619605601600457589e+01,1.382810516974463511e+01
6.621606173192341771e+01,1.318291373284261070e+01
6.623606744784224531e+01,1.353325702599605762e+01
6.625607316376107292e+01,1.311870631411470356e+01
6.627607887967991473e+01,1.349549679137750324e+01
6.629608459559874234e+01,1.350668971954693376e+01
6.631609031151756994e+01,1.326465606406861397e+01
6.633609602743641176e+01,1.280132725174525277e+01
6.635610174335525357e+01,1.269043454113258385e+01
6.637610745927408118e+01,1.292550328462500886e+01
6.639611317519290878e+01,1.386955100155388543e+01
6.641611889111175060e+01,1.405580127844161353e+01
6.643612460703059241e+01,1.339128303298733691e+01
6.645613032294942002e+01,1.369900461507436695e+01
6.647613603886824762e+01,1.404692839081052647e+01
6.649614175478708944e+01,1.517453853519037210e+01
6.651614747070591704e+01,1.427958503588443051e+01
6.653615318662474465e+01,1.454936335685443893e+01
6.655615890254358646e+01,1.562308731587727451e+01
6.657616461846242828e+01,1.534895991910330082e+01
6.659617033438125588e+01,1.465328267855392852e+01
6.661617605030008349e+01,1.511610412665016590e+01
6.663618176621892530e+01,1.429042724204651549e+01
6.665618748213776712e+01,1.364801480030136815e+01
6.667619319805658051e+01,1.318195045622121775e+01
6.669619891397542233e+01,1.306507713721788200e+01
6.671620462989426414e+01,1.140702657575735479e+01
6.673621034581309175e+01,1.096942012395403410e+01
6.675621606173191935e+01,1.051260373008889282e+01
6.677622177765076117e+01,1.014362512386201587e+01
6.679622749356960298e+01,9.476711297221910968e+00
6.681623320948843059e+01,8.677882520886967654e+00
6.683623892540725819e+01,8.197718843043052317e+00
6.685624464132610001e+01,7.919316848109023255e+00
6.687625035724492761e+01,8.123520434014773528e+00
6.689625607316375522e+01,7.096642729421405171e+00
6.691626178908259703e+01,7.596182805601522148e+00
6.693626750500143885e+01,7.286079217928961071e+00
6.695627322092026645e+01,8.083742760745517231e+00
6.697627893683909406e+01,7.248755195745896884e+00
6.699628465275793587e+01,7.284980239714800909e+00
6.701629036867677769e+01,6.965262144916148479e+00
6.703629608459560529e+01,7.278312299282100106e+00
6.705630180051443290e+01,7.984171268093065876e+00
6.707630751643327471e+01,8.209939268153826575e+00
6.709631323235210232e+01,7.446213111188249023e+00
6.711631894827092992e+01,7.146790140892987253e+00
6.713632466418977174e+01,7.743209554234563363e+00
6.715633038010861355e+01,8.444325709123166490e+00
6.717633609602744116e+01,8.394557964677575868e+00
6.719634181194626876e+01,9.158272816091436397e+00
6.721634752786511058e+01,9.832910859680467297e+00
6.723635324378393818e+01,9.682335002121849499e+00
6.725635895970276579e+01,9.883709681455332685e+00
6.727636467562160760e+01,9.702910893181552865e+00
6.729637039154044942e+01,1.051193004609907256e+01
6.731637610745927702e+01,1.103410662275351051e+01
6.733638182337810463e+01,1.101485810835628598e+01
6.735638753929694644e+01,1.170732325781660776e+01
6.737639325521578826e+01,1.159363207088687275e+01
6.739639897113461586e+01,1.216844538709001355e+01
6.741640468705344347e+01,1.211980242745413960e+01
6.743641040297228528e+01,1.123722605009648490e+01
6.745641611889111289e+01,1.151811295517992484e+01
6.747642183480994049e+01,1.090439407945725314e+01
6.749642755072878231e+01,1.123517127844520225e+01
6.751643326664762412e+01,1.091542848421307710e+01
6.753643898256645173e+01,1.062637741667498759e+01
6.755644469848527933e+01,1.033116309832655233e+01
6.757645041440412115e+01,9.181943169717779796e+00
6.759645613032296296e+01,8.722309599778105493e+00
6.761646184624177636e+01,8.164028805682068679e+00
6.763646756216061817e+01,7.643337997290750252e+00
6.765647327807945999e+01,8.204355015540265583e+00
6.767647899399828759e+01,6.591005415994903416e+00
6.769648470991711520e+01,6.381271032113561503e+00
6.771649042583595701e+01,6.990153323440791766e+00
6.773649614175479883e+01,6.409161955596045956e+00
6.775650185767362643e+01,6.621520309704765239e+00
6.777650757359245404e+01,6.155740770935392625e+00
6.779651328951129585e+01,5.729795256710168871e+00
6.781651900543012346e+01,5.024629410323788292e+00
6.783652472134895106e+01,5.234863100034282013e+00
6.785653043726779288e+01,4.822979257976227174e+00
6.787653615318663469e+01,4.715683098397437156e+00
6.789654186910546230e+01,5.069895977799220077e+00
6.791654758502428990e+01,5.175179517773809579e+00
6.793655330094313172e+01,4.507692691472345636e+00
6.795655901686197353e+01,4.337088010251845205e+00
6.797656473278080114e+01,4.808410408652601831e+00
6.799657044869962874e+01,4.799642100159888791e+00
6.801657616461847056e+01,4.912783488830033463e+00
6.803658188053729816e+01,4.233178764404743610e+00
6.805658759645612577e+01,4.611750208027455500e+00
6.807659331237496758e+01,4.622587457568732461e+00
6.809659902829380940e+01,4.577816538503660659e+00
6.811660474421263700e+01,4.726337667576203216e+00
6.813661046013146461e+01,4.242197154878205367e+00
6.815661617605030642e+01,4.400258851976736274e+00
6.817662189196913403e+01,4.071307143260376016e+00
6.819662760788796163e+01,4.002504750563077529e+00
6.821663332380680345e+01,4.474800660783822437e+00
6.823663903972564526e+01,3.574342379157074312e+00
6.825664475564447287e+01,4.419225127954769405e+00
6.827665047156330047e+01,3.804599373474783608e+00
6.829665618748214229e+01,4.024335283408442265e+00
6.831666190340098410e+01,3.641893206770135283e+00
6.833666761931981171e+01,3.909214684574464194e+00
6.835667333523863931e+01,4.216486394518848435e+00
6.837667905115748113e+01,4.369957397028745305e+00
6.839668476707630873e+01,3.834294927632418304e+00
6.841669048299513634e+01,4.424479046187223652e+00
6.843669619891397815e+01,4.420720990144546114e+00
6.845670191483281997e+01,4.148948965690262725e+00
6.847670763075164757e+01,4.695967753783180321e+00
6.849671334667047518e+01,4.555525142560771457e+00
6.851671906258931699e+01,4.376560994270429994e+00
6.853672477850815881e+01,5.240049308365085423e+00
6.855673049442697220e+01,5.515774696376162467e+00
6.857673621034581402e+01,5.702016390740866747e+00
6.859674192626465583e+01,6.290653309680730665e+00
6.861674764218348344e+01,5.942605016509972415e+00
6.863675335810231104e+01,6.660128006344361751e+00
6.865675907402115286e+01,6.772267129431315702e+00
6.867676478993999467e+01,7.586924086882541829e+00
6.869677050585882228e+01,7.884299533973893936e+00
6.871677622177764988e+01,8.240877584057058058e+00
6.873678193769649170e+01,7.809026109248282665e+00
6.875678765361531930e+01,8.208691807245923400e+00
6.877679336953414690e+01,8.096576587152874538e+00
6.879679908545298872e+01,8.512520804212638126e+00
6.881680480137183054e+01,7.922870970471556973e+00
6.883681051729065814e+01,8.743456031384049254e+00
6.885681623320948574e+01,8.299807620861219704e+00
6.887682194912832756e+01,8.590427140264218053e+00
6.889682766504716938e+01,8.143063056238480257e+00
6.891683338096599698e+01,7.064257795021703146e+00
6.893683909688482458e+01,7.844096431305181305e+00
6.895684481280366640e+01,6.934251331144580810e+00
6.897685052872249400e+01,8.066157053987481618e+00
6.899685624464132161e+01,6.617027417006149825e+00
6.901686196056016342e+01,6.705999914241772331e+00
6.903686767647900524e+01,6.900865338617714784e+00
6.905687339239783284e+01,6.100529707556809456e+00
6.907687910831666045e+01,6.515457220148805462e+00
6.909688482423550226e+01,6.468730327606479591e+00
6.911689054015432987e+01,6.183845981743238518e+00
6.913689625607315747e+01,6.168628296771565545e+00
6.915690197199199929e+01,6.841156003042323519e+00
6.917690768791084110e+01,6.306895912642817237e+00
6.919691340382966871e+01,6.349963784941492051e+00
6.921691911974849631e+01,6.819813749447186879e+00
6.923692483566733813e+01,7.283310500561494649e+00
6.925693055158617994e+01,6.547380291891123250e+00
6.927693626750500755e+01,7.330891534301617440e+00
6.929694198342383515e+01,6.093780120585507554e+00
6.931694769934267697e+01,6.971110297276505996e+00
6.933695341526150457e+01,5.682571866216910905e+00
6.935695913118033218e+01,7.044447385509000625e+00
6.937696484709917399e+01,5.505963579757663595e+00
6.939697056301801581e+01,5.661831607439125058e+00
6.941697627893684341e+01,6.455687189447424146e+00
6.943698199485567102e+01,5.831271377851751758e+00
6.945698771077451283e+01,5.968340568006571090e+00
6.947699342669335465e+01,4.961370720940712076e+00
6.949699914261216804e+01,5.517592202336422780e+00
6.951700485853100986e+01,6.174546697617782520e+00
6.953701057444985167e+01,5.726903576311566546e+00
6.955701629036867928e+01,5.891108355066767110e+00
6.957702200628750688e+01,6.139267817094202329e+00
6.959702772220634870e+01,5.743227947277397050e+00
6.961703343812519051e+01,6.243742690113892380e+00
6.963703915404401812e+01,5.867146300171000917e+00
6.965704486996284572e+01,6.028500453657027691e+00
6.967705058588168754e+01,6.436291773708970432e+00
6.969705630180051514e+01,5.485196290162018151e+00
6.971706201771934275e+01,5.551954731653393260e+00
6.973706773363818456e+01,6.640455011424629461e+00
6.975707344955702638e+01,7.199947473779244156e+00
6.977707916547585398e+01,6.777517432066701986e+00
6.979708488139468159e+01,6.883574477161296556e+00
6.981709059731352340e+01,6.760216318057588936e+00
6.983709631323236522e+01,7.040785696723729004e+00
6.985710202915119282e+01,6.424079815020130368e+00
6.987710774507002043e+01,7.553407034352005667e+00
6.989711346098886224e+01,7.784135372135830622e+00
6.991711917690768985e+01,7.623635110110630109e+00
6.993712489282651745e+01,7.786925503836759077e+00
6.995713060874535927e+01,7.746212448616197399e+00
6.997713632466420108e+01,8.456061517760732116e+00
6.999714204058302869e+01,7.820742542970888778e+00
7.001714775650185629e+01,8.805050961203757964e+00
7.003715347242069811e+01,8.137406754833108380e+00
7.005715918833952571e+01,8.869862011787400746e+00
7.007716490425835332e+01,8.646902778207067541e+00
7.009717062017719513e+01,7.901226724621928987e+00
7.011717633609603695e+01,8.518577254152894795e+00
7.013718205201486455e+01,9.013318219061506653e+00
7.015718776793369216e+01,8.803930934728585456e+00
7.017719348385253397e+01,8.282894796097945544e+00
7.019719919977137579e+01,8.140652319329610975e+00
7.021720491569020339e+01,7.887654392200714959e+00
7.023721063160903100e+01,7.986377602517384489e+00
7.025721634752787281e+01,8.956621841824301100e+00
7.027722206344670042e+01,8.660372511708388288e+00
7.029722777936552802e+01,7.632527144932053531e+00
7.031723349528436984e+01,8.026010830001139240e+00
7.033723921120321165e+01,7.965982972577898558e+00
7.035724492712203926e+01,8.335387816510451131e+00
7.037725064304086686e+01,7.369879588405226833e+00
7.039725635895970868e+01,7.795844953035646618e+00
7.041726207487855049e+01,7.827719527869522409e+00
7.043726779079736389e+01,7.428331268034416013e+00
7.045727350671620570e+01,8.241731239505696749e+00
7.047727922263504752e+01,8.134470161315618952e+00
7.049728493855387512e+01,7.340058526365789149e+00
7.051729065447270273e+01,7.658519000302808521e+00
7.053729637039154454e+01,7.529026534873383802e+00
7.055730208631038636e+01,7.218476102914062054e+00
7.057730780222921396e+01,7.357507019598750198e+00
7.059731351814804157e+01,7.013565625521893665e+00
7.061731923406688338e+01,7.186107623051662507e+00
7.063732494998571099e+01,7.493274870166100499e+00
7.065733066590453859e+01,7.931232337987482950e+00
7.067733638182338041e+01,6.476628079703918850e+00
7.069734209774222222e+01,6.783893825340083339e+00
7.071734781366104983e+01,6.274836490238988596e+00
7.073735352957987743e+01,7.102081232883771023e+00
7.075735924549871925e+01,6.610438564940455564e+00
7.077736496141756106e+01,6.356040071173233663e+00
7.079737067733638867e+01,6.267745844077371231e+00
7.081737639325521627e+01,6.355715110157949432e+00
7.083738210917405809e+01,6.513863497713261452e+00
7.085738782509288569e+01,5.844276781491231532e+00
7.087739354101171330e+01,5.707902277808923230e+00
7.089739925693055511e+01,6.591026435871917499e+00
7.091740497284939693e+01,6.784100806237802317e+00
7.093741068876822453e+01,6.198387955798186688e+00
7.095741640468705214e+01,6.781833738063852479e+00
7.097742212060589395e+01,6.267435006228577521e+00
7.099742783652472156e+01,6.808217851841297907e+00
7.101743355244354916e+01,6.525842659101504850e+00
7.103743926836239098e+01,5.761459362000792339e+00
7.105744498428123279e+01,6.123152259582070656e+00
7.107745070020006040e+01,6.259081568225248304e+00
7.109745641611888800e+01,6.203949811479609444e+00
7.111746213203772982e+01,6.197915405974930181e+00
7.113746784795657163e+01,6.552542484253678801e+00
7.115747356387539924e+01,6.453453411307377152e+00
7.117747927979422684e+01,6.611133588920074189e+00
7.119748499571306866e+01,6.212804255584595481e+00
7.121749071163189626e+01,5.736511071914290660e+00
7.123749642755072387e+01,6.532561179111345595e+00
7.125750214346956568e+01,5.738530829264236743e+00
7.127750785938840750e+01,5.859046695659013260e+00
7.129751357530723510e+01,5.457547489762244908e+00
7.131751929122606271e+01,5.903553256979938269e+00
7.133752500714490452e+01,5.598478741736094833e+00
7.135753072306374634e+01,5.444801769102745936e+00
7.137753643898255973e+01,5.936312522180058338e+00
7.139754215490140155e+01,6.819928779754949488e+00
7.141754787082024336e+01,6.015314233296097157e+00
7.143755358673907097e+01,6.206446926279444831e+00
7.145755930265789857e+01,6.442095440057106437e+00
7.147756501857674039e+01,6.158765495256070643e+00
7.149757073449558220e+01,6.012402062305670647e+00
7.151757645041440981e+01,6.696256245542344665e+00
7.153758216633323741e+01,6.730665875218837968e+00
7.155758788225207923e+01,6.951772499196631649e+00
7.157759359817090683e+01,7.317630461390566055e+00
7.159759931408973443e+01,7.165213858385931722e+00
7.161760503000857625e+01,7.701825899036997214e+00
7.163761074592741807e+01,7.063258688579541200e+00
7.165761646184624567e+01,7.175239100234900746e+00
7.167762217776507327e+01,6.685610084481358406e+00
7.169762789368391509e+01,7.799495597196566266e+00
7.171763360960275691e+01,7.164313118443988770e+00
7.173763932552158451e+01,7.581108989406804888e+00
7.175764504144041211e+01,7.393226143027836983e+00
7.177765075735925393e+01,6.985361354537353407e+00
7.179765647327808153e+01,7.599392462164828999e+00
7.181766218919690914e+01,7.314088245121256548e+00
7.183766790511575095e+01,6.943533213097435208e+00
7.185767362103459277e+01,7.331101488250551412e+00
7.187767933695342037e+01,6.436648277915846705e+00
7.189768505287224798e+01,6.092423587329087731e+00
7.191769076879108979e+01,5.883838474723553702e+00
7.193769648470991740e+01,5.757386846058083485e+00
7.195770220062874500e+01,6.345686772385588981e+00
7.197770791654758682e+01,6.048725651968513972e+00
7.199771363246642863e+01,5.494709165934256845e+00
7.201771934838525624e+01,5.923454355008400007e+00
7.203772506430408384e+01,5.620082631405175277e+00
7.205773078022292566e+01,5.382314074498876444e+00
7.207773649614176747e+01,4.660464849856813530e+00
7.209774221206059508e+01,5.776007516423333321e+00
7.211774792797942268e+01,5.262294515899101910e+00
7.213775364389826450e+01,5.016750996059201384e+00
7.215775935981709210e+01,5.546713513144021945e+00
7.217776507573591971e+01,5.682297661929753829e+00
7.219777079165476152e+01,5.976289750256906785e+00
7.221777650757360334e+01,5.354520165021300571e+00
7.223778222349243094e+01,6.262568759373959182e+00
7.225778793941125855e+01,4.730589789687215330e+00
7.227779365533010036e+01,5.728169617577979267e+00
7.229779937124894218e+01,5.181813528503534272e+00
7.231780508716775557e+01,5.603058890658202174e+00
7.233781080308659739e+01,4.526030104625873740e+00
7.235781651900543920e+01,5.077560452986687345e+00
7.237782223492426681e+01,4.909984349048097663e+00
7.239782795084309441e+01,5.075498184344212405e+00
7.241783366676193623e+01,5.179218684837061382e+00
7.243783938268077804e+01,5.436657155130174779e+00
7.245784509859960565e+01,4.531567124225387211e+00
7.247785081451843325e+01,4.844079482182545249e+00
7.249785653043727507e+01,4.105801158380946170e+00
7.251786224635610267e+01,4.156090269910073687e+00
7.253786796227493028e+01,4.330693821610521965e+00
7.255787367819377209e+01,4.543021953789913248e+00
7.257787939411261391e+01,5.486267334751937952e+00
7.259788511003144151e+01,4.305076581188737705e+00
7.261789082595026912e+01,5.309733717691881516e+00
7.263789654186911093e+01,5.482451886486485293e+00
7.265790225778795275e+01,4.804386867127748317e+00
7.267790797370678035e+01,5.066228513222957197e+00
7.269791368962560796e+01,6.063366983071670546e+00
7.271791940554444977e+01,5.784582383806514017e+00
7.273792512146327738e+01,6.066132770441856614e+00
7.275793083738210498e+01,6.747005237529295485e+00
7.277793655330094680e+01,6.406477173568811523e+00
7.279794226921978861e+01,6.714937730185489784e+00
7.281794798513861622e+01,6.882181361484613014e+00
7.283795370105744382e+01,7.865562939578573776e+00
7.285795941697628564e+01,7.912958073908114898e+00
7.287796513289511324e+01,7.331633643923990640e+00
7.289797084881394085e+01,7.536820126094562866e+00
7.291797656473278266e+01,7.530007049515413442e+00
7.293798228065162448e+01,7.561403731404965356e+00
7.295798799657045208e+01,7.987692248716498966e+00
7.297799371248927969e+01,8.475043899188992924e+00
7.299799942840812150e+01,7.805974785319358844e+00
7.301800514432696332e+01,7.068461045828657419e+00
7.303801086024579092e+01,7.753611003111180899e+00
7.305801657616461853e+01,8.117938739244099366e+00
7.307802229208346034e+01,7.560493050412421923e+00
7.309802800800228795e+01,7.119876750101916230e+00
7.311803372392111555e+01,6.149553980035650014e+00
7.313803943983995737e+01,7.098802593330238331e+00
7.315804515575879918e+01,6.616756542218533710e+00
7.317805087167762679e+01,6.299599196335186946e+00
7.319805658759645439e+01,6.078140535052515503e+00
7.321806230351529621e+01,6.424573641558907866e+00
7.323806801943413802e+01,5.473448800037358453e+00
7.325807373535295142e+01,5.821328597011840245e+00
7.327807945127179323e+01,6.396252120263994811e+00
7.329808516719063505e+01,6.200131872056161342e+00
7.331809088310946265e+01,5.287571732926099166e+00
7.333809659902829026e+01,4.957104945785475891e+00
7.335810231494713207e+01,5.276305887600477362e+00
7.337810803086597389e+01,5.285537652498275563e+00
7.339811374678480149e+01,5.275315710129838465e+00
7.341811946270362910e+01,5.119977329303532443e+00
7.343812517862247091e+01,4.574707558734599111e+00
7.345813089454129852e+01,5.479761995952513232e+00
7.347813661046012612e+01,5.723893372717016703e+00
7.349814232637896794e+01,5.418797012950602010e+00
7.351814804229780975e+01,5.238741853503798396e+00
7.353815375821663736e+01,5.406724856481419650e+00
7.355815947413546496e+01,5.162897819229696594e+00
7.357816519005430678e+01,5.435501680551841019e+00
7.359817090597314859e+01,6.364737930058424809e+00
7.361817662189197620e+01,5.776119343104078929e+00
7.363818233781080380e+01,5.079907848331370879e+00
7.365818805372964562e+01,6.040620716191470230e+00
7.367819376964847322e+01,5.792300547858850734e+00
7.369819948556730083e+01,6.089529126859154928e+00
7.371820520148614264e+01,6.076212657979190190e+00
7.373821091740498446e+01,5.833448742205747273e+00
7.375821663332381206e+01,5.926897449659882966e+00
7.377822234924263967e+01,5.125583435956641232e+00
7.379822806516148148e+01,5.467241757747210329e+00
7.381823378108030909e+01,5.216845545766615189e+00
7.383823949699913669e+01,4.939695036468511269e+00
7.385824521291797851e+01,6.149710763340415554e+00
7.387825092883682032e+01,5.399166590251887499e+00
7.389825664475564793e+01,4.886114182303264997e+00
7.391826236067447553e+01,5.219989449003652027e+00
7.393826807659331735e+01,5.141223791925490616e+00
7.395827379251215916e+01,5.141790611174280379e+00
7.397827950843098677e+01,5.416182651124749725e+00
7.399828522434981437e+01,5.774771075073420690e+00
7.401829094026865619e+01,5.835656031213877881e+00
7.403829665618748379e+01,6.226247558172559593e+00
7.405830237210632561e+01,6.436301826782525382e+00
7.407830808802515321e+01,6.525568788884742233e+00
7.409831380394398082e+01,7.266566187086503703e+00
7.411831951986282263e+01,7.565964422980862025e+00
7.413832523578165024e+01,6.912903181328456270e+00
7.415833095170049205e+01,7.095635865283197674e+00
7.417833666761931966e+01,7.802008371669960418e+00
7.419834238353816147e+01,7.926162924514207120e+00
7.421834809945698908e+01,8.153830143496760385e+00
7.423835381537583089e+01,7.496709514943439956e+00
7.425835953129465850e+01,8.050088092133844242e+00
7.427836524721348610e+01,8.567051456244717755e+00
7.429837096313232792e+01,7.888363139572461158e+00
7.431837667905115552e+01,8.818000392781991437e+00
7.433838239496999734e+01,8.536749025651465317e+00
7.435838811088882494e+01,8.128516099981522913e+00
7.437839382680766676e+01,8.958305536944029868e+00
7.439839954272649436e+01,8.182283342334681464e+00
7.441840525864533618e+01,8.648871616744637336e+00
7.443841097456416378e+01,7.903780323668982533e+00
7.445841669048300560e+01,8.445198775972844629e+00
7.447842240640183320e+01,8.534731886882152452e+00
7.449842812232066080e+01,7.594562006629137940e+00
7.451843383823950262e+01,7.695147222038018597e+00
7.453843955415833022e+01,8.263701532647205639e+00
7.455844527007717204e+01,7.758165910769355911e+00
7.457845098599599964e+01,7.620913070962405556e+00
7.459845670191484146e+01,6.848169052903719134e+00
7.461846241783366906e+01,6.940746219857707899e+00
7.463846813375251088e+01,6.824281344644417047e+00
7.465847384967133848e+01,6.166746056459661673e+00
7.467847956559016609e+01,6.586434626743101539e+00
7.469848528150900790e+01,5.895607796625867536e+00
7.471849099742783551e+01,5.019069651195906978e+00
7.473849671334667732e+01,4.719536750627423949e+00
7.475850242926550493e+01,5.102726043097077557e+00
7.477850814518434674e+01,4.581780536156753847e+00
7.479851386110317435e+01,4.918819005393589627e+00
7.481851957702201616e+01,4.798008967843693462e+00
7.483852529294084377e+01,4.479949398375439706e+00
7.485853100885967137e+01,4.206548164416378022e+00
7.487853672477851319e+01,4.495175703174748350e+00
7.489854244069734079e+01,4.222979468883225174e+00
7.491854815661618261e+01,4.424424020352143216e+00
7.493855387253501021e+01,4.655786181516693212e+00
7.495855958845385203e+01,3.871822728663709245e+00
7.497856530437267963e+01,4.416934185957803294e+00
7.499857102029152145e+01,4.537559983764843707e+00
7.501857673621034905e+01,3.798119864624477149e+00
7.503858245212917666e+01,5.060665197887269429e+00
7.505858816804801847e+01,4.750357165789938385e+00
7.507859388396684608e+01,5.061734248220762566e+00
7.509859959988568789e+01,4.871208219908544024e+00
7.511860531580451550e+01,5.129780482598433444e+00
7.513861103172335731e+01,5.359223380766812816e+00
7.515861674764218492e+01,5.934489886378499612e+00
7.517862246356102673e+01,4.378548638878942079e+00
7.519862817947985434e+01,4.797005232715425116e+00
7.521863389539868194e+01,5.097262613045049129e+00
7.523863961131752376e+01,5.036312233173807940e+00
7.525864532723635136e+01,5.070966863172941430e+00
7.527865104315519318e+01,5.026450127854091399e+00
7.529865675907402078e+01,5.204120551251127935e+00
7.531866247499286260e+01,5.381888458255678742e+00
7.533866819091169020e+01,4.744466442912888660e+00
7.535867390683053202e+01,5.189044524294936345e+00
7.537867962274935962e+01,5.668924883553412286e+00
7.539868533866820144e+01,4.836110760143002452e+00
7.541869105458702904e+01,5.490766651650081265e+00
7.543869677050585665e+01,4.787767014223256012e+00
7.545870248642469846e+01,3.990061184821354079e+00
7.547870820234352607e+01,4.058302607631359749e+00
7.549871391826236788e+01,4.343308604346291624e+00
7.551871963418119549e+01,4.288106116845931126e+00
7.553872535010003730e+01,3.833347807209688263e+00
7.555873106601886491e+01,3.693487056982361239e+00
7.557873678193770672e+01,4.640840859861402379e+00
7.559874249785653433e+01,4.026442848214126791e+00
7.561874821377536193e+01,3.327391260069743506e+00
7.563875392969420375e+01,4.380926532178225585e+00
7.565875964561303135e+01,4.524586891082289952e+00
7.567876536153187317e+01,4.077816820213731930e+00
7.569877107745070077e+01,4.049943276222187194e+00
7.571877679336954259e+01,3.847118141756681098e+00
7.573878250928837019e+01,3.275191040246592689e+00
7.575878822520721201e+01,4.157513690462169009e+00
7.577879394112603961e+01,3.604353541193808130e+00
7.579879965704486722e+01,4.201446810862038639e+00
7.581880537296370903e+01,4.079791861889361826e+00
7.583881108888253664e+01,4.190477261527739472e+00
7.585881680480137845e+01,4.353396914529259476e+00
7.587882252072020606e+01,4.950177314511078563e+00
7.589882823663904787e+01,4.299505661565510728e+00
7.591883395255787548e+01,4.707488240676874547e+00
7.593883966847671729e+01,4.903048972457249910e+00
7.595884538439554490e+01,5.534099190693346770e+00
7.597885110031437250e+01,4.526150993433149416e+00
7.599885681623321432e+01,6.000001558748532915e+00
7.601886253215204192e+01,5.536344897729545522e+00
7.603886824807088374e+01,5.874868387824639271e+00
7.605887396398971134e+01,5.758884934890341256e+00
7.607887967990855316e+01,5.394058793922054562e+00
7.609888539582738076e+01,5.791574998684110298e+00
7.611889111174622258e+01,6.119262158937026186e+00
7.613889682766505018e+01,5.933493659073594273e+00
7.615890254358387779e+01,6.092227071376179914e+00
7.617890825950271960e+01,5.740936976083109045e+00
7.619891397542154721e+01,5.599664082677140442e+00
7.621891969134038902e+01,5.936185065992949816e+00
7.623892540725921663e+01,6.143644053924934845e+00
7.625893112317805844e+01,5.820404839691886600e+00
7.627893683909688605e+01,5.915603050244654604e+00
7.629894255501572786e+01,5.837119475804760427e+00
7.631894827093455547e+01,5.905793087586793888e+00
7.633895398685339728e+01,6.506893160026050005e+00
7.635895970277222489e+01,6.508005836618380613e+00
7.637896541869105249e+01,5.704243681777976249e+00
7.639897113460989431e+01,6.914303904096307463e+00
7.641897685052872191e+01,6.444390631434399275e+00
7.643898256644756373e+01,6.300947081393648119e+00
7.645898828236639133e+01,6.602940052348697186e+00
7.647899399828523315e+01,6.300637407342799534e+00
7.649899971420406075e+01,6.804727316274285620e+00
7.651900543012290257e+01,6.535173144251546162e+00
7.653901114604173017e+01,6.331886794532836760e+00
7.655901686196055778e+01,6.560958254180305538e+00
7.657902257787939959e+01,6.393772048189276802e+00
7.659902829379822720e+01,7.044972052554167696e+00
7.661903400971706901e+01,6.519164010703804024e+00
7.663903972563589662e+01,6.067908460469174869e+00
7.665904544155473843e+01,6.111330082225399529e+00
7.667905115747356604e+01,6.799584525340190311e+00
7.669905687339240785e+01,6.902531917814666684e+00
7.671906258931123546e+01,6.612207716680973846e+00
7.673906830523006306e+01,6.193968399454666596e+00
7.675907402114890488e+01,5.844553722477026980e+00
7.677907973706773248e+01,6.511409343456251442e+00
7.679908545298657430e+01,6.326535247509299964e+00
7.681909116890540190e+01,6.676995316173404582e+00
7.683909688482424372e+01,6.610597102826154980e+00
7.685910260074307132e+01,7.257127621788735716e+00
7.687910831666191314e+01,5.927273647586277505e+00
7.689911403258074074e+01,5.945651816309040605e+00
7.691911974849956835e+01,6.218286539414220826e+00
7.693912546441841016e+01,6.554059381693846831e+00
7.695913118033723777e+01,5.999493398580915127e+00
7.697913689625607958e+01,5.693167497301265811e+00
7.699914261217490719e+01,5.649302057690684720e+00
7.701914832809374900e+01,5.699841814196751955e+00
7.703915404401257661e+01,5.726034119833432356e+00
7.705915975993141842e+01,5.112369042126575280e+00
7.707916547585024603e+01,5.826762241196984604e+00
7.709917119176907363e+01,5.703249022164716742e+00
7.711917690768791545e+01,5.388638112396239244e+00
7.713918262360674305e+01,4.839847272586681015e+00
7.715918833952558487e+01,4.537930273138005788e+00
7.717919405544441247e+01,5.141508081627714333e+00
7.719919977136325429e+01,4.912367560792300303e+00
7.721920548728208189e+01,4.643488758056508736e+00
7.723921120320092371e+01,4.678687150682267593e+00
7.725921691911975131e+01,5.272607441372074710e+00
7.727922263503859313e+01,4.535299964944957019e+00
7.729922835095742073e+01,4.548989584006420728e+00
7.731923406687624833e+01,4.100313126634919314e+00
7.733923978279509015e+01,4.165332643107827693e+00
7.735924549871391775e+01,4.872486487617061712e+00
7.737925121463275957e+01,4.050419317640590933e+00
7.739925693055158717e+01,4.934949762206603197e+00
7.741926264647042899e+01,4.626417755394021114e+00
7.743926836238925659e+01,4.357348634469623505e+00
7.745927407830809841e+01,3.787455839036871108e+00
7.747927979422692601e+01,4.602324610345911005e+00
7.749928551014575362e+01,4.896587165421992793e+00
7.751929122606459543e+01,4.996274098831333887e+00
7.753929694198342304e+01,5.033874788625256613e+00
7.755930265790226485e+01,4.874015323491467377e+00
7.757930837382109246e+01,4.458166869577248725e+00
7.759931408973993427e+01,5.401670611357038965e+00
7.761931980565876188e+01,4.032914798464501516e+00
7.763932552157760369e+01,4.407186287858467111e+00
7.765933123749643130e+01,4.447291148693865992e+00
7.767933695341525890e+01,4.220809746739455193e+00
7.769934266933410072e+01,4.741381957990025597e+00
7.771934838525292832e+01,5.337919981150403892e+00
7.773935410117177014e+01,5.413042115379580466e+00
7.775935981709059774e+01,5.557884475308163985e+00
7.777936553300943956e+01,5.752649093632718369e+00
7.779937124892826716e+01,5.069896769475444209e+00
7.781937696484710898e+01,4.293956277376731023e+00
7.783938268076593658e+01,5.011081054495313936e+00
7.785938839668476419e+01,5.370582119375828967e+00
7.787939411260360600e+01,5.198643978810802757e+00
7.789939982852243361e+01,5.214495398668916870e+00
7.791940554444127542e+01,4.898198641359289951e+00
7.793941126036010303e+01,5.793840999058147645e+00
7.795941697627894484e+01,5.774660601713176078e+00
7.797942269219777245e+01,5.481379215622817824e+00
7.799942840811661426e+01,5.746398104360584291e+00
7.801943412403544187e+01,5.728948748860164919e+00
7.803943983995426947e+01,5.785393220657210733e+00
7.805944555587311129e+01,5.935479437574968209e+00
7.807945127179193889e+01,6.818915296518622604e+00
7.809945698771078071e+01,6.563554003830884831e+00
7.811946270362960831e+01,6.851554349653903309e+00
7.813946841954845013e+01,6.779644566192933652e+00
7.815947413546727773e+01,6.807909326159486518e+00
7.817947985138611955e+01,7.468471494428965407e+00
7.819948556730494715e+01,7.672690586058573459e+00
7.821949128322378897e+01,8.010520659160377477e+00
7.823949699914261657e+01,8.073642500509645714e+00
7.825950271506144418e+01,8.447886193679586597e+00
7.827950843098028599e+01,7.690314068428886429e+00
7.829951414689911360e+01,8.211198623028174381e+00
7.831951986281795541e+01,8.265803446576711622e+00
7.833952557873678302e+01,8.700913931725789752e+00
7.835953129465562483e+01,9.147520811855068601e+00
7.837953701057445244e+01,8.883932086158669250e+00
7.839954272649329425e+01,9.356336162743467355e+00
7.841954844241212186e+01,9.192588155760475388e+00
7.843955415833094946e+01,8.837671578565805319e+00
7.845955987424979128e+01,9.365261533131837624e+00
7.847956559016861888e+01,8.995601345765381396e+00
7.849957130608746070e+01,8.540554183285065548e+00
7.851957702200628830e+01,7.919228306004196583e+00
7.853958273792513012e+01,8.360776953870765027e+00
7.855958845384395772e+01,8.028774611175453657e+00
7.857959416976279954e+01,6.935373068657234796e+00
7.859959988568162714e+01,7.171543190834841042e+00
7.861960560160045475e+01,6.433282953849692731e+00
7.863961131751929656e+01,6.108853152008792975e+00
7.865961703343812417e+01,6.557299636776098062e+00
7.867962274935696598e+01,6.574100268775715961e+00
7.869962846527579359e+01,5.966229047206923042e+00
7.871963418119463540e+01,5.812646026954007894e+00
7.873963989711346301e+01,4.964399662451510764e+00
7.875964561303230482e+01,5.169351604107857767e+00
7.877965132895113243e+01,4.745028366611043324e+00
7.879965704486996003e+01,4.749184764444576601e+00
7.881966276078880185e+01,4.802221882634463590e+00
7.883966847670762945e+01,5.285512816650106416e+00
7.885967419262647127e+01,4.849679981509813942e+00
7.887967990854529887e+01,4.805050350217995536e+00
7.889968562446414069e+01,4.768826990827083279e+00
7.891969134038296829e+01,5.252488243206574481e+00
7.893969705630181011e+01,4.549018674048374677e+00
7.895970277222063771e+01,5.950505216089283067e+00
7.897970848813946532e+01,6.105055101530157735e+00
7.899971420405830713e+01,5.897399976839737157e+00
7.901971991997713474e+01,6.415113798422821034e+00
7.903972563589597655e+01,7.088584107927685452e+00
7.905973135181480416e+01,6.529512610957313612e+00
7.907973706773364597e+01,7.357412183738513356e+00
7.909974278365247358e+01,6.939194400071087898e+00
7.911974849957131539e+01,7.433736873312501992e+00
7.913975421549014300e+01,7.374901038474373394e+00
7.915975993140898481e+01,7.697954067049145976e+00
7.917976564732781242e+01,7.848438798386723647e+00
7.919977136324664002e+01,6.993194898180384200e+00
7.921977707916548184e+01,8.109381597572660638e+00
7.923978279508430944e+01,7.700451517956171443e+00
7.925978851100315126e+01,7.529734763518540319e+00
7.927979422692197886e+01,7.489376052991944199e+00
7.929979994284082068e+01,7.435176087704485681e+00
7.931980565875964828e+01,7.701234413213022378e+00
7.933981137467849010e+01,8.399636012489743564e+00
7.935981709059731770e+01,8.052202066899745603e+00
7.937982280651614531e+01,8.403007581213108423e+00
7.939982852243498712e+01,8.704318499758521455e+00
7.941983423835381473e+01,8.067732243539374792e+00
7.943983995427265654e+01,8.801994217134886611e+00
7.945984567019148415e+01,9.116395219798938854e+00
7.947985138611032596e+01,8.509817292743106165e+00
7.949985710202915357e+01,1.017093261713911367e+01
7.951986281794799538e+01,9.088401000102017235e+00
7.953986853386682299e+01,9.861036533736175613e+00
7.955987424978565059e+01,1.008433386866993331e+01
7.957987996570449241e+01,1.036637832044094054e+01
7.959988568162332001e+01,9.950019379089837912e+00
7.961989139754216183e+01,9.689952620468869071e+00
7.963989711346098943e+01,9.060602110902468809e+00
7.965990282937983125e+01,9.506481753673160284e+00
7.967990854529865885e+01,8.572348283058651930e+00
7.969991426121750067e+01,8.622421248714690734e+00
7.971991997713632827e+01,8.834610705054579682e+00
7.973992569305515588e+01,7.952001915251826425e+00
7.975993140897399769e+01,7.371224780767598794e+00
7.977993712489282530e+01,6.659029322445105592e+00
7.979994284081166711e+01,7.132034877070851486e+00
7.981994855673049472e+01,6.492758589324794549e+00
7.983995427264933653e+01,5.777853978337711638e+00
7.985995998856816414e+01,5.621980950415714773e+00
7.987996570448700595e+01,5.365123555424995416e+00
7.989997142040583356e+01,4.932696812576056189e+00
7.991997713632466116e+01,4.955813039161215627e+00
7.993998285224350298e+01,5.355088135034618446e+00
7.995998856816233058e+01,4.752353808667269419e+00
7.997999428408117240e+01,5.281936610639650809e+00
8.000000000000000000e+01,3.770432452820387859e+00
