angle,intensity
1.000000000000000000e+01,2.990218985134216023e+00
1.002000571591883471e+01,3.225720176131894323e+00
1.004001143183766764e+01,3.898048056205941858e+00
1.006001714775650235e+01,3.565435940322511321e+00
1.008002286367533529e+01,3.739846972022641047e+00
1.010002857959417000e+01,3.928422399331307879e+00
1.012003429551300293e+01,3.639511030485117260e+00
1.014004001143183764e+01,4.140867392063695362e+00
1.016004572735067235e+01,3.810471455930830587e+00
1.018005144326950528e+01,3.427993636004816214e+00
1.020005715918833999e+01,2.843473301766077377e+00
1.022006287510717293e+01,3.874230583181724086e+00
1.024006859102600764e+01,3.744761790967112702e+00
1.026007430694484057e+01,3.220938930976380288e+00
1.028008002286367528e+01,3.982636202826974170e+00
1.030008573878250999e+01,3.325710915907049703e+00
1.032009145470134293e+01,3.285233233887580262e+00
1.034009717062017764e+01,3.807620245493807953e+00
1.036010288653901057e+01,3.313091378521654917e+00
1.038010860245784528e+01,2.946966973739394202e+00
1.040011431837667999e+01,3.050068973998250499e+00
1.042012003429551292e+01,2.879206382651582796e+00
1.044012575021434763e+01,3.656095667051374676e+00
1.046013146613318057e+01,3.477503174008814035e+00
1.048013718205201528e+01,3.419659333304112536e+00
1.050014289797084821e+01,3.713639429432210814e+00
1.052014861388968292e+01,3.001230727636900131e+00
1.054015432980851585e+01,3.857557567018244704e+00
1.056016004572735056e+01,4.237381272988810288e+00
1.058016576164618527e+01,3.688993836425579431e+00
1.060017147756501821e+01,2.878302796369279548e+00
1.062017719348385292e+01,2.910257763757162497e+00
1.064018290940268585e+01,3.731345894651659112e+00
1.066018862532152056e+01,2.836955164969977350e+00
1.068019434124035527e+01,3.696069398863591982e+00
1.070020005715918820e+01,2.946768217623728425e+00
1.072020577307802292e+01,3.714185749635013689e+00
1.074021148899685585e+01,2.921036207737859325e+00
1.076021720491569056e+01,3.280743262852522601e+00
1.078022292083452349e+01,3.365506728211965282e+00
1.080022863675335820e+01,3.666458024682130556e+00
1.082023435267219291e+01,3.405206569766838332e+00
1.084024006859102585e+01,3.768886845830635046e+00
1.086024578450986056e+01,3.854478909218910676e+00
1.088025150042869349e+01,3.366817263300440732e+00
1.090025721634752820e+01,3.075055904632011838e+00
1.092026293226636113e+01,2.913644584447640185e+00
1.094026864818519584e+01,3.619875686032856699e+00
1.096027436410403055e+01,3.786896549515857302e+00
1.098028008002286349e+01,3.282575303386440879e+00
1.100028579594169820e+01,4.264963016082408132e+00
1.102029151186053113e+01,3.297652046514168767e+00
1.104029722777936584e+01,4.077427447539908378e+00
1.106030294369819877e+01,3.592722054086750383e+00
1.108030865961703348e+01,3.097121366842985779e+00
1.110031437553586819e+01,3.119397808774380554e+00
1.112032009145470113e+01,4.023396172303169038e+00
1.114032580737353584e+01,3.875034385236839185e+00
1.116033152329236877e+01,3.065959932202384941e+00
1.118033723921120348e+01,3.719242563732906959e+00
1.120034295513003642e+01,3.217161097501527234e+00
1.122034867104887113e+01,2.816703043172400278e+00
1.124035438696770584e+01,3.513769605082328162e+00
1.126036010288653877e+01,3.147538239623145273e+00
1.128036581880537348e+01,3.857254640923627242e+00
1.130037153472420641e+01,3.351601905493724942e+00
1.132037725064304112e+01,3.429395339831261769e+00
1.134038296656187583e+01,3.373616136040713531e+00
1.136038868248070877e+01,3.548054325682042709e+00
1.138039439839954348e+01,3.751497703551159635e+00
1.140040011431837641e+01,3.767147872937078645e+00
1.142040583023721112e+01,4.234470261385421708e+00
1.144041154615604405e+01,3.544294656925409459e+00
1.146041726207487876e+01,3.553722521655501509e+00
1.148042297799371170e+01,2.775404260215639241e+00
1.150042869391254641e+01,3.453890495604540867e+00
1.152043440983138112e+01,3.326698594984669466e+00
1.154044012575021405e+01,3.668536301073704209e+00
1.156044584166904876e+01,3.434100058540664691e+00
1.158045155758788169e+01,3.504141760112613468e+00
1.160045727350671640e+01,4.067397936153207105e+00
1.162046298942555111e+01,3.563593484785334553e+00
1.164046870534438405e+01,3.503722550942271141e+00
1.166047442126321876e+01,4.129340285664886423e+00
1.168048013718205169e+01,3.737555770604289229e+00
1.170048585310088640e+01,3.038940311351886248e+00
1.172049156901971934e+01,3.748375740893456154e+00
1.174049728493855405e+01,4.083447483879976581e+00
1.176050300085738698e+01,4.297784731200898101e+00
1.178050871677622169e+01,3.086273632735385242e+00
1.180051443269505640e+01,3.503226282977554895e+00
1.182052014861388933e+01,2.949229983864195326e+00
1.184052586453272404e+01,3.900284171881547302e+00
1.186053158045155698e+01,3.608545725888903988e+00
1.188053729637039169e+01,3.328686996575961565e+00
1.190054301228922640e+01,3.560143036419136209e+00
1.192054872820805933e+01,4.189140353623488799e+00
1.194055444412689404e+01,3.585741824560289448e+00
1.196056016004572697e+01,3.408073154662728754e+00
1.198056587596456168e+01,4.017164557265442859e+00
1.200057159188339639e+01,3.688918209320061870e+00
1.202057730780222933e+01,3.532122102001513220e+00
1.204058302372106226e+01,3.205302567161463223e+00
1.206058873963989697e+01,3.243023797467028402e+00
1.208059445555873168e+01,4.230185126332278500e+00
1.210060017147756461e+01,3.808990720736855629e+00
1.212060588739639932e+01,3.897110841979657181e+00
1.214061160331523226e+01,2.790468041900393992e+00
1.216061731923406697e+01,3.862253355227736051e+00
1.218062303515290168e+01,4.333647187343968810e+00
1.220062875107173461e+01,3.330930594304081893e+00
1.222063446699056932e+01,3.552150562648958676e+00
1.224064018290940226e+01,3.022772906455768904e+00
1.226064589882823697e+01,3.754916430209357614e+00
1.228065161474707168e+01,4.275337122943195567e+00
1.230065733066590461e+01,3.414283742127982357e+00
1.232066304658473754e+01,3.208005448008715899e+00
1.234066876250357225e+01,3.713012464801622059e+00
1.236067447842240696e+01,4.132946319884062802e+00
1.238068019434123990e+01,3.636219856237218551e+00
1.240068591026007461e+01,3.401897683004249551e+00
1.242069162617890754e+01,3.791102246882124049e+00
1.244069734209774225e+01,4.437409363369077653e+00
1.246070305801657696e+01,2.778613211519676884e+00
1.248070877393540989e+01,4.307191316677077886e+00
1.250071448985424460e+01,4.460299119754555619e+00
1.252072020577307754e+01,3.388404078493784333e+00
1.254072592169191225e+01,3.880563671119851676e+00
1.256073163761074696e+01,3.724130118024326475e+00
1.258073735352957989e+01,3.566775176294844751e+00
1.260074306944841460e+01,3.482022255860941051e+00
1.262074878536724754e+01,4.400887535698316810e+00
1.264075450128608225e+01,4.343828988742556518e+00
1.266076021720491518e+01,4.080142446700277148e+00
1.268076593312374989e+01,3.352418998533545746e+00
1.270077164904258282e+01,3.082012352816882128e+00
1.272077736496141753e+01,4.067224720390552051e+00
1.274078308088025224e+01,3.481336726879478149e+00
1.276078879679908518e+01,3.590132103570917721e+00
1.278079451271791989e+01,4.292348226244112830e+00
1.280080022863675282e+01,4.736110267019473241e+00
1.282080594455558753e+01,4.505767979389894151e+00
1.284081166047442224e+01,4.049818170489679403e+00
1.286081737639325517e+01,3.392289804195503855e+00
1.288082309231208988e+01,4.307437532032878380e+00
1.290082880823092282e+01,3.383752286371609408e+00
1.292083452414975753e+01,3.525174911033393865e+00
1.294084024006859224e+01,3.782758901631889881e+00
1.296084595598742517e+01,4.316477187532296256e+00
1.298085167190625810e+01,4.056640382299047332e+00
1.300085738782509281e+01,4.499193625286166842e+00
1.302086310374392752e+01,3.913520924350510022e+00
1.304086881966276046e+01,3.527415924345418397e+00
1.306087453558159517e+01,4.146387467739080179e+00
1.308088025150042810e+01,4.542262994449072444e+00
1.310088596741926281e+01,4.284243189379768779e+00
1.312089168333809752e+01,4.409786670839029199e+00
1.314089739925693046e+01,4.217549692650684356e+00
1.316090311517576517e+01,4.294042397885907469e+00
1.318090883109459810e+01,4.120661782368886250e+00
1.320091454701343281e+01,3.828811097978150002e+00
1.322092026293226752e+01,4.689807689535022917e+00
1.324092597885110045e+01,5.127645284894283506e+00
1.326093169476993339e+01,4.313467361202775407e+00
1.328093741068876810e+01,4.363645943245065162e+00
1.330094312660760281e+01,4.789935890643866045e+00
1.332094884252643574e+01,4.818379813025156722e+00
1.334095455844527045e+01,4.275252551588226702e+00
1.336096027436410338e+01,3.875349408903240978e+00
1.338096599028293809e+01,3.937010561208959203e+00
1.340097170620177280e+01,4.629144741896132231e+00
1.342097742212060574e+01,5.171885075719136360e+00
1.344098313803944045e+01,4.870557387868132082e+00
1.346098885395827338e+01,4.740507149077531679e+00
1.348099456987710809e+01,4.959219021826688945e+00
1.350100028579594280e+01,4.461551881498344585e+00
1.352100600171477573e+01,5.254475554509143720e+00
1.354101171763361044e+01,5.276563144488658708e+00
1.356101743355244338e+01,5.421167873672119164e+00
1.358102314947127809e+01,4.911058194065637039e+00
1.360102886539011102e+01,5.022603842751252934e+00
1.362103458130894573e+01,5.587726226529189155e+00
1.364104029722777867e+01,4.648217539970171508e+00
1.366104601314661338e+01,5.424323874643780741e+00
1.368105172906544809e+01,5.498901395222535626e+00
1.370105744498428102e+01,5.223291336443743660e+00
1.372106316090311573e+01,5.519455457840146018e+00
1.374106887682194866e+01,5.731649236277937653e+00
1.376107459274078337e+01,5.279860577539350786e+00
1.378108030865961808e+01,5.333378980773026967e+00
1.380108602457845102e+01,5.540756115393900672e+00
1.382109174049728573e+01,5.046856457105439731e+00
1.384109745641611866e+01,5.417678604553230137e+00
1.386110317233495337e+01,5.918549553603186020e+00
1.388110888825378808e+01,6.081603746266481814e+00
1.390111460417262101e+01,5.319067053699764180e+00
1.392112032009145395e+01,6.394273524816734167e+00
1.394112603601028866e+01,5.087310143752594271e+00
1.396113175192912337e+01,5.166882945853030762e+00
1.398113746784795630e+01,5.969108515494941258e+00
1.400114318376679101e+01,5.451652477725857260e+00
1.402114889968562395e+01,5.391953846838982045e+00
1.404115461560445866e+01,5.671794485179551870e+00
1.406116033152329337e+01,5.999359066231196635e+00
1.408116604744212630e+01,6.279193347337546527e+00
1.410117176336095923e+01,6.405390345410063802e+00
1.412117747927979394e+01,6.196348550052281468e+00
1.414118319519862865e+01,6.262652005409334421e+00
1.416118891111746336e+01,5.945999597781492341e+00
1.418119462703629630e+01,5.982753014374061706e+00
1.420120034295512923e+01,5.798765461095445772e+00
1.422120605887396394e+01,5.946548785753442701e+00
1.424121177479279865e+01,6.119700600255674416e+00
1.426121749071163336e+01,6.984547449305478217e+00
1.428122320663046629e+01,6.738622523534324671e+00
1.430122892254929923e+01,6.693768231429359616e+00
1.432123463846813394e+01,5.808472086789997491e+00
1.434124035438696865e+01,7.113449906479594631e+00
1.436124607030580158e+01,7.204789165476721990e+00
1.438125178622463629e+01,7.298435077350379885e+00
1.440125750214346922e+01,6.896399211865196222e+00
1.442126321806230393e+01,6.860849156877167232e+00
1.444126893398113864e+01,6.069839729046426768e+00
1.446127464989997158e+01,7.476370872749654062e+00
1.448128036581880451e+01,7.025663437480393902e+00
1.450128608173763922e+01,7.115170964040750334e+00
1.452129179765647393e+01,6.633945564804326622e+00
1.454129751357530864e+01,6.555098404204870555e+00
1.456130322949414158e+01,6.167311517015226840e+00
1.458130894541297451e+01,6.392371816613103164e+00
1.460131466133180922e+01,7.123205179174457058e+00
1.462132037725064393e+01,6.460524599587289529e+00
1.464132609316947686e+01,7.508921374861699860e+00
1.466133180908831157e+01,6.984389770006428577e+00
1.468133752500714451e+01,6.649619705210529474e+00
1.470134324092597922e+01,6.468773405653543307e+00
1.472134895684481393e+01,6.370807044517949436e+00
1.474135467276364686e+01,7.135355989842598667e+00
1.476136038868247979e+01,6.802994847533378575e+00
1.478136610460131450e+01,6.302966325846629303e+00
1.480137182052014921e+01,7.135497126030085013e+00
1.482137753643898392e+01,6.083909787960047666e+00
1.484138325235781686e+01,6.021666066483682300e+00
1.486138896827664979e+01,6.512898721242320832e+00
1.488139468419548450e+01,5.882668851541469124e+00
1.490140040011431921e+01,6.566361716420090922e+00
1.492140611603315392e+01,5.459725279987626578e+00
1.494141183195198685e+01,5.654273558963578417e+00
1.496141754787081979e+01,5.728076232654434108e+00
1.498142326378965450e+01,5.528725662380212569e+00
1.500142897970848921e+01,6.256747212639560018e+00
1.502143469562732214e+01,5.506064181697570170e+00
1.504144041154615508e+01,5.253383982511632411e+00
1.506144612746498979e+01,5.323182847065435652e+00
1.508145184338382450e+01,4.663799114900720966e+00
1.510145755930265921e+01,5.083715506995718947e+00
1.512146327522149214e+01,5.284254805781465336e+00
1.514146899114032507e+01,5.525041557252084345e+00
1.516147470705915978e+01,5.944847361492243465e+00
1.518148042297799449e+01,6.027396286601853781e+00
1.520148613889682920e+01,6.084044818254897180e+00
1.522149185481566214e+01,5.038792257236237582e+00
1.524149757073449507e+01,5.105513794498254043e+00
1.526150328665332978e+01,5.184867513510118542e+00
1.528150900257216449e+01,5.393382442097886198e+00
1.530151471849099742e+01,5.305598592397232416e+00
1.532152043440983036e+01,4.981726871614901242e+00
1.534152615032866507e+01,4.750752850430648877e+00
1.536153186624749978e+01,5.475199201804752391e+00
1.538153758216633449e+01,4.872735969385638910e+00
1.540154329808516742e+01,5.622167193436355959e+00
1.542154901400400036e+01,4.943477131471924579e+00
1.544155472992283507e+01,4.316218608084790631e+00
1.546156044584166978e+01,5.292201022948166411e+00
1.548156616176050449e+01,5.495567109154423591e+00
1.550157187767933742e+01,5.266166091150520145e+00
1.552157759359817035e+01,5.060031740420242841e+00
1.554158330951700506e+01,5.126975186026761833e+00
1.556158902543583977e+01,5.618736821427811279e+00
1.558159474135467271e+01,5.863870781378574648e+00
1.560160045727350742e+01,5.097442573756847395e+00
1.562160617319234035e+01,5.104639247097113142e+00
1.564161188911117506e+01,4.595483448981749319e+00
1.566161760503000977e+01,5.523837472195734399e+00
1.568162332094884270e+01,5.506352621869804231e+00
1.570162903686767564e+01,5.190327995229972124e+00
1.572163475278651035e+01,5.859278266589114992e+00
1.574164046870534506e+01,5.893721334570509285e+00
1.576164618462417977e+01,5.622039995020616132e+00
1.578165190054301270e+01,5.775566438336870334e+00
1.580165761646184563e+01,5.764738194799264193e+00
1.582166333238068034e+01,5.754837692904123614e+00
1.584166904829951505e+01,5.589960515872155256e+00
1.586167476421834799e+01,5.584884748883720107e+00
1.588168048013718270e+01,5.890268592050270868e+00
1.590168619605601563e+01,5.992868365718805990e+00
1.592169191197485034e+01,6.102273812492812866e+00
1.594169762789368505e+01,6.160713778868449175e+00
1.596170334381251799e+01,6.763011542378771779e+00
1.598170905973135092e+01,5.997877319365503723e+00
1.600171477565018563e+01,5.524052542867350368e+00
1.602172049156902034e+01,5.694749588755810166e+00
1.604172620748785505e+01,6.410327759044295526e+00
1.606173192340668976e+01,6.714367694625840599e+00
1.608173763932552092e+01,7.044229841322477981e+00
1.610174335524435563e+01,6.375936893905296721e+00
1.612174907116319034e+01,6.449126285416333815e+00
1.614175478708202505e+01,6.913499884103387672e+00
1.616176050300085620e+01,6.858080666628500133e+00
1.618176621891969091e+01,6.533090263470124448e+00
1.620177193483852562e+01,7.357536161039043954e+00
1.622177765075736033e+01,6.404067113172144943e+00
1.624178336667619504e+01,7.498544809097970720e+00
1.626178908259502620e+01,6.232549366366896493e+00
1.628179479851386091e+01,7.449863761511869242e+00
1.630180051443269562e+01,7.192848683833867440e+00
1.632180623035153033e+01,8.002992694761545067e+00
1.634181194627036149e+01,7.183760885338373647e+00
1.636181766218919620e+01,8.068055603860310399e+00
1.638182337810803091e+01,6.754447479796265696e+00
1.640182909402686562e+01,7.232017110133194038e+00
1.642183480994570033e+01,7.748120148745314850e+00
1.644184052586453504e+01,7.129892503165361717e+00
1.646184624178336620e+01,8.516908720935539634e+00
1.648185195770220091e+01,8.029212921487319576e+00
1.650185767362103562e+01,7.814094184192570403e+00
1.652186338953986677e+01,7.782366310292907485e+00
1.654186910545870148e+01,8.411688157254342713e+00
1.656187482137753619e+01,8.495669742649635481e+00
1.658188053729637090e+01,8.282369481199582495e+00
1.660188625321520561e+01,8.368141515049071444e+00
1.662189196913404032e+01,8.190823281883615081e+00
1.664189768505287148e+01,8.916640995462902453e+00
1.666190340097170619e+01,8.521959270055351254e+00
1.668190911689054090e+01,8.583963151371255762e+00
1.670191483280937561e+01,9.289950070475672561e+00
1.672192054872820677e+01,8.035974210680500107e+00
1.674192626464704148e+01,7.948361906051431447e+00
1.676193198056587619e+01,7.907221561675887855e+00
1.678193769648471090e+01,9.231242790932256526e+00
1.680194341240354561e+01,8.301091501529166194e+00
1.682194912832238032e+01,8.518033523480315949e+00
1.684195484424121148e+01,7.870116222396736916e+00
1.686196056016004619e+01,8.341548060640434414e+00
1.688196627607888090e+01,8.531796670579646857e+00
1.690197199199771205e+01,8.122852636608442367e+00
1.692197770791654676e+01,7.835973653452223076e+00
1.694198342383538147e+01,7.401176197034791571e+00
1.696198913975421618e+01,8.437026802049484075e+00
1.698199485567305089e+01,8.697612059877119606e+00
1.700200057159188560e+01,7.059897867446905728e+00
1.702200628751071676e+01,8.157779825845274502e+00
1.704201200342955147e+01,7.898772523521659039e+00
1.706201771934838618e+01,7.204239114963412405e+00
1.708202343526722089e+01,7.679153358339787516e+00
1.710202915118605205e+01,7.374685573139930561e+00
1.712203486710488676e+01,7.047321763159238195e+00
1.714204058302372147e+01,7.664405666293594876e+00
1.716204629894255618e+01,7.305412606451053392e+00
1.718205201486139089e+01,6.758028340166285730e+00
1.720205773078022204e+01,7.293828007720071227e+00
1.722206344669905675e+01,6.333004700489047956e+00
1.724206916261789146e+01,6.339613345555698665e+00
1.726207487853672617e+01,6.619812940594803408e+00
1.728208059445555733e+01,5.798307030990287991e+00
1.730208631037439204e+01,5.776991088375821981e+00
1.732209202629322675e+01,5.608943454045508759e+00
1.734209774221206146e+01,5.731478650363195371e+00
1.736210345813089617e+01,5.973971756612688644e+00
1.738210917404973088e+01,5.487626292966498731e+00
1.740211488996856204e+01,5.644203596770177356e+00
1.742212060588739675e+01,5.128246886660875248e+00
1.744212632180623146e+01,4.998419894985034695e+00
1.746213203772506262e+01,5.422627354618234641e+00
1.748213775364389733e+01,4.579744413834403893e+00
1.750214346956273204e+01,5.282077667165818724e+00
1.752214918548156675e+01,4.669621167057513844e+00
1.754215490140040146e+01,4.906146958219554932e+00
1.756216061731923617e+01,4.459857435224116706e+00
1.758216633323806732e+01,4.814337929262244131e+00
1.760217204915690203e+01,5.099913500058922189e+00
1.762217776507573674e+01,4.851447522480456520e+00
1.764218348099457145e+01,4.666115607125291831e+00
1.766218919691340261e+01,4.301313535630969298e+00
1.768219491283223732e+01,4.677599715035187344e+00
1.770220062875107203e+01,4.584195339876623976e+00
1.772220634466990674e+01,4.637021981814021032e+00
1.774221206058874145e+01,4.087879669057985943e+00
1.776221777650757616e+01,3.948005885840791596e+00
1.778222349242640732e+01,4.798812887854016829e+00
1.780222920834524203e+01,4.189652724777844561e+00
1.782223492426407674e+01,3.826727076070596478e+00
1.784224064018290790e+01,4.928406865026774497e+00
1.786224635610174261e+01,5.135936354853274821e+00
1.788225207202057732e+01,4.648132789892498451e+00
1.790225778793941203e+01,3.881851926367111183e+00
1.792226350385824674e+01,4.690267513142652334e+00
1.794226921977708145e+01,4.649047065946517954e+00
1.796227493569591260e+01,3.443843193880812059e+00
1.798228065161474731e+01,3.634060456610436418e+00
1.800228636753358202e+01,3.850979176980028562e+00
1.802229208345241318e+01,3.546587154493871630e+00
1.804229779937124789e+01,4.360649511442208137e+00
1.806230351529008260e+01,4.214574247952300290e+00
1.808230923120891731e+01,4.630857468243849695e+00
1.810231494712775202e+01,3.971578212623964710e+00
1.812232066304658673e+01,4.414919852283552437e+00
1.814232637896542144e+01,4.183582664485067326e+00
1.816233209488425260e+01,3.863266892704838806e+00
1.818233781080308731e+01,4.303823269537176976e+00
1.820234352672191847e+01,3.940302265809420668e+00
1.822234924264075318e+01,4.721359379754117569e+00
1.824235495855958789e+01,4.571390580118757541e+00
1.826236067447842260e+01,3.617982763313504435e+00
1.828236639039725731e+01,3.892830935198802411e+00
1.830237210631609202e+01,3.956288300804915892e+00
1.832237782223492673e+01,4.022180451731617978e+00
1.834238353815375788e+01,3.363722661252527946e+00
1.836238925407259259e+01,3.989939884510641299e+00
1.838239496999142730e+01,4.138817330674247508e+00
1.840240068591025846e+01,4.097781492527213132e+00
1.842240640182909317e+01,4.247097604628670808e+00
1.844241211774792788e+01,3.596240174196759121e+00
1.846241783366676259e+01,4.621962216687704128e+00
1.848242354958559730e+01,3.219926402030195867e+00
1.850242926550443201e+01,4.060819669878622307e+00
1.852243498142326672e+01,3.856683571289215351e+00
1.854244069734209788e+01,4.094990822491507032e+00
1.856244641326093259e+01,3.393557336493251420e+00
1.858245212917976374e+01,3.831255286492936563e+00
1.860245784509859845e+01,3.753126680043822105e+00
1.862246356101743316e+01,3.580506822821079460e+00
1.864246927693626787e+01,3.735995478301092909e+00
1.866247499285510258e+01,4.785976452616242938e+00
1.868248070877393729e+01,4.379464632551830938e+00
1.870248642469277200e+01,4.056873183231285651e+00
1.872249214061160316e+01,3.907231961239348017e+00
1.874249785653043787e+01,3.994701828329761728e+00
1.876250357244927258e+01,3.694631363266830615e+00
1.878250928836810374e+01,3.210655506726037167e+00
1.880251500428693845e+01,3.046068104621583394e+00
1.882252072020577316e+01,3.579110345422997774e+00
1.884252643612460787e+01,3.359907355834415021e+00
1.886253215204344258e+01,3.251544997224739664e+00
1.888253786796227729e+01,3.553439049429906404e+00
1.890254358388111200e+01,3.107581172049749263e+00
1.892254929979994316e+01,3.648871661663845245e+00
1.894255501571877787e+01,4.156515420664073091e+00
1.896256073163760902e+01,3.257300043228059216e+00
1.898256644755644373e+01,4.190331501097921851e+00
1.900257216347527844e+01,3.916382563115549331e+00
1.902257787939411315e+01,3.443307951290509372e+00
1.904258359531294786e+01,4.217484376281719349e+00
1.906258931123178257e+01,3.414998334410705993e+00
1.908259502715061728e+01,3.992860770805051640e+00
1.910260074306944844e+01,3.847333208703776375e+00
1.912260645898828315e+01,3.563425410850202368e+00
1.914261217490711431e+01,3.785881847814899892e+00
1.916261789082594902e+01,3.704187904415499943e+00
1.918262360674478373e+01,3.423333060043531439e+00
1.920262932266361844e+01,2.834432979475400405e+00
1.922263503858245315e+01,3.386857842647438943e+00
1.924264075450128786e+01,3.780671541086432441e+00
1.926264647042012257e+01,3.763821992362116120e+00
1.928265218633895373e+01,3.571520179831099817e+00
1.930265790225778844e+01,4.470051318546566677e+00
1.932266361817662315e+01,3.137061318938695997e+00
1.934266933409545430e+01,3.271114767681943647e+00
1.936267505001428901e+01,3.423890628108367196e+00
1.938268076593312372e+01,4.068050148240571318e+00
1.940268648185195843e+01,4.274212967746791492e+00
1.942269219777079314e+01,4.534692029716644868e+00
1.944269791368962785e+01,4.366352674285439051e+00
1.946270362960846256e+01,3.320768133041767545e+00
1.948270934552729372e+01,3.568735770400818019e+00
1.950271506144612843e+01,3.220618061234545415e+00
1.952272077736495959e+01,3.613102423860348189e+00
1.954272649328379430e+01,3.039338049094963079e+00
1.956273220920262901e+01,4.255531689362532788e+00
1.958273792512146372e+01,4.081374594727447125e+00
1.960274364104029843e+01,4.223684757105038656e+00
1.962274935695913314e+01,3.671932338231526316e+00
1.964275507287796785e+01,3.224605084274801303e+00
1.966276078879679901e+01,4.070788208832998301e+00
1.968276650471563372e+01,3.092568647762384604e+00
1.970277222063446487e+01,3.858420623158234086e+00
1.972277793655329958e+01,3.838206469062395598e+00
1.974278365247213429e+01,3.414785066406681224e+00
1.976278936839096900e+01,3.756463087675591339e+00
1.978279508430980371e+01,3.735280351226991868e+00
1.980280080022863842e+01,3.944114345078333805e+00
1.982280651614747313e+01,3.253468360653004154e+00
1.984281223206630784e+01,3.607653634162418577e+00
1.986281794798513900e+01,3.074722461585968070e+00
1.988282366390397371e+01,2.732326083368183056e+00
1.990282937982280487e+01,3.659358043553104345e+00
1.992283509574163958e+01,3.893178821350912866e+00
1.994284081166047429e+01,3.432143330236892886e+00
1.996284652757930900e+01,3.492928831761124897e+00
1.998285224349814371e+01,4.165699531099482655e+00
2.000285795941697842e+01,3.034755942404939510e+00
2.002286367533581313e+01,3.798307224585178332e+00
2.004286939125464428e+01,3.431801407627617984e+00
2.006287510717347899e+01,3.102999101782290214e+00
2.008288082309231015e+01,2.835626579938948399e+00
2.010288653901114486e+01,3.069379515936625946e+00
2.012289225492997957e+01,3.020507659450172078e+00
2.014289797084881428e+01,3.197116754741288425e+00
2.016290368676764899e+01,3.354184221333196270e+00
2.018290940268648370e+01,3.522188270605566274e+00
2.020291511860531841e+01,3.716247110028056522e+00
2.022292083452414957e+01,2.958917886349044402e+00
2.024292655044298428e+01,4.302696105336462296e+00
2.026293226636181899e+01,3.462990771939538526e+00
2.028293798228065015e+01,3.974078616481799386e+00
2.030294369819948486e+01,3.441784233731358889e+00
2.032294941411831957e+01,3.591711628094697684e+00
2.034295513003715428e+01,3.335049229825231443e+00
2.036296084595598899e+01,3.183430837949202896e+00
2.038296656187482370e+01,3.329259203924898713e+00
2.040297227779365841e+01,3.246409320389867403e+00
2.042297799371248956e+01,3.554221930019676456e+00
2.044298370963132427e+01,3.472454015001733119e+00
2.046298942555015543e+01,4.374122671707851850e+00
2.048299514146899014e+01,3.155354968214353129e+00
2.050300085738782485e+01,3.689058745762545222e+00
2.052300657330665956e+01,3.534306443325391900e+00
2.054301228922549427e+01,3.429195907227467366e+00
2.056301800514432898e+01,3.520282115734679529e+00
2.058302372106316369e+01,3.520885640206445011e+00
2.060302943698199485e+01,4.218470464889668037e+00
2.062303515290082956e+01,3.181193074466072357e+00
2.064304086881966072e+01,3.963740724527880843e+00
2.066304658473849543e+01,4.018839886661794480e+00
2.068305230065733014e+01,3.238590121802466637e+00
2.070305801657616485e+01,4.350419741751633040e+00
2.072306373249499956e+01,3.791090326308413694e+00
2.074306944841383427e+01,3.847238200394360597e+00
2.076307516433266898e+01,3.828327580825394705e+00
2.078308088025150369e+01,3.454883454346500571e+00
2.080308659617033484e+01,3.584667636341057673e+00
2.082309231208916955e+01,3.038377217594559809e+00
2.084309802800800071e+01,3.734612762308607170e+00
2.086310374392683542e+01,3.386539936792873462e+00
2.088310945984567013e+01,3.473874048266853087e+00
2.090311517576450484e+01,4.509178299630882236e+00
2.092312089168333955e+01,3.838671435393569364e+00
2.094312660760217426e+01,3.676145899465483868e+00
2.096313232352100897e+01,3.289480248609709445e+00
2.098313803943984013e+01,3.813100097473991923e+00
2.100314375535867484e+01,4.068090769578861732e+00
2.102314947127750600e+01,3.576309429231084636e+00
2.104315518719634071e+01,3.424237609481227906e+00
2.106316090311517542e+01,3.635916600764393269e+00
2.108316661903401013e+01,4.298845517787738046e+00
2.110317233495284484e+01,3.046544482775208618e+00
2.112317805087167955e+01,4.023672235754481186e+00
2.114318376679051426e+01,4.396581230629013959e+00
2.116318948270934541e+01,3.574988706155388662e+00
2.118319519862818012e+01,3.606343378434760272e+00
2.120320091454701483e+01,3.791956966852782607e+00
2.122320663046584599e+01,3.166074618396245821e+00
2.124321234638468070e+01,4.144022700226948963e+00
2.126321806230351541e+01,4.219438032968072960e+00
2.128322377822235012e+01,4.418581016958124330e+00
2.130322949414118483e+01,3.631120726384651221e+00
2.132323521006001954e+01,3.562888046103887429e+00
2.134324092597885425e+01,3.807687739202594734e+00
2.136324664189768541e+01,4.409795977235798858e+00
2.138325235781652012e+01,3.030718170818380131e+00
2.140325807373535127e+01,4.008005077575322872e+00
2.142326378965418598e+01,4.438028267112602343e+00
2.144326950557302069e+01,3.444951420733679992e+00
2.146327522149185540e+01,3.675140416489884654e+00
2.148328093741069011e+01,3.572611313607426897e+00
2.150328665332952482e+01,3.973503932904132174e+00
2.152329236924835953e+01,3.469445218726249447e+00
2.154329808516719069e+01,4.196127184672988619e+00
2.156330380108602540e+01,3.445179818225204471e+00
2.158330951700485656e+01,3.583300239240928775e+00
2.160331523292369127e+01,3.559314689635833417e+00
2.162332094884252598e+01,4.164303784335886327e+00
2.164332666476136069e+01,3.449732323237565623e+00
2.166333238068019540e+01,3.396761309497519754e+00
2.168333809659903011e+01,4.050456201749703666e+00
2.170334381251786482e+01,3.174367444395072013e+00
2.172334952843669598e+01,3.356108303120588054e+00
2.174335524435553069e+01,3.200180815296093328e+00
2.176336096027436540e+01,3.730479450686090104e+00
2.178336667619319655e+01,3.878691329725524106e+00
2.180337239211203126e+01,3.649989412053753490e+00
2.182337810803086597e+01,4.114903449030128613e+00
2.184338382394970068e+01,3.844732732127746466e+00
2.186338953986853539e+01,3.548237466305543819e+00
2.188339525578737010e+01,3.996361660617258948e+00
2.190340097170620481e+01,3.902076026739353942e+00
2.192340668762503597e+01,3.673899169723237712e+00
2.194341240354387068e+01,4.609708337974719683e+00
2.196341811946270184e+01,3.456981572001667669e+00
2.198342383538153655e+01,2.944722542513614094e+00
2.200342955130037126e+01,3.159221198719913026e+00
2.202343526721920597e+01,3.798616964022499598e+00
2.204344098313804068e+01,3.923751057359046168e+00
2.206344669905687539e+01,3.939252567357865331e+00
2.208345241497571010e+01,3.839443309146637340e+00
2.210345813089454126e+01,3.873656719371087576e+00
2.212346384681337597e+01,3.908801644492216454e+00
2.214346956273221068e+01,3.839419277014143539e+00
2.216347527865104183e+01,4.105873435413087691e+00
2.218348099456987654e+01,3.843484189867477419e+00
2.220348671048871125e+01,4.133233000034866933e+00
2.222349242640754596e+01,3.181609685115866615e+00
2.224349814232638067e+01,3.907027281420117681e+00
2.226350385824521538e+01,4.186428095344872702e+00
2.228350957416405009e+01,3.819289705451555772e+00
2.230351529008288125e+01,3.748733045290149946e+00
2.232352100600171596e+01,3.927560463071108288e+00
2.234352672192054712e+01,4.705198153717249809e+00
2.236353243783938183e+01,3.940400585175764192e+00
2.238353815375821654e+01,3.940064998373749461e+00
2.240354386967705125e+01,4.137001036737215642e+00
2.242354958559588596e+01,3.504997396226164685e+00
2.244355530151472067e+01,3.762554444585936686e+00
2.246356101743355538e+01,3.354616636577934408e+00
2.248356673335238654e+01,3.595998345799138018e+00
2.250357244927122125e+01,3.622406526783420233e+00
2.252357816519005240e+01,4.206715926404853256e+00
2.254358388110888711e+01,3.569165697923707192e+00
2.256358959702772182e+01,3.396266777494105771e+00
2.258359531294655653e+01,4.389905882715236629e+00
2.260360102886539124e+01,4.637465207626741304e+00
2.262360674478422595e+01,3.731138736951908008e+00
2.264361246070306066e+01,4.096943754222644785e+00
2.266361817662189182e+01,3.640806712088998420e+00
2.268362389254072653e+01,4.097723466365242651e+00
2.270362960845956124e+01,3.840320905693812126e+00
2.272363532437839240e+01,3.675166991955111762e+00
2.274364104029722711e+01,4.099886310851267091e+00
2.276364675621606182e+01,4.169324556801640824e+00
2.278365247213489653e+01,3.549990213884925083e+00
2.280365818805373124e+01,4.188073832801823215e+00
2.282366390397256595e+01,3.393657231041381284e+00
2.284366961989140066e+01,3.915821261562083322e+00
2.286367533581023181e+01,4.310791806645430491e+00
2.288368105172906652e+01,4.299626497640621992e+00
2.290368676764789768e+01,4.721538071430076755e+00
2.292369248356673239e+01,4.459207542342730868e+00
2.294369819948556710e+01,4.837141332741336619e+00
2.296370391540440181e+01,4.167808564618163736e+00
2.298370963132323652e+01,5.209458673037703491e+00
2.300371534724207123e+01,4.574127572302767675e+00
2.302372106316090594e+01,4.574021663362943357e+00
2.304372677907973710e+01,4.460456131508592215e+00
2.306373249499857181e+01,4.356066841536743617e+00
2.308373821091740652e+01,4.805234500933914354e+00
2.310374392683623768e+01,4.890503669628590622e+00
2.312374964275507239e+01,4.381251703634350569e+00
2.314375535867390710e+01,4.868680199451642210e+00
2.316376107459274181e+01,5.352400106547561265e+00
2.318376679051157652e+01,4.729812253159979107e+00
2.320377250643041123e+01,4.898736058432764828e+00
2.322377822234924594e+01,5.191536501321553310e+00
2.324378393826807709e+01,4.490896440246642918e+00
2.326378965418691180e+01,5.320793248904044148e+00
2.328379537010574296e+01,4.960919401301629783e+00
2.330380108602457767e+01,4.979653229483671950e+00
2.332380680194341238e+01,5.359620220667056678e+00
2.334381251786224709e+01,5.514024516525092068e+00
2.336381823378108180e+01,5.846762322359582598e+00
2.338382394969991651e+01,6.135982067658166450e+00
2.340382966561875122e+01,5.816308893453511430e+00
2.342383538153758238e+01,5.414921583526142612e+00
2.344384109745641709e+01,5.608850778811687476e+00
2.346384681337524825e+01,5.753492239085872484e+00
2.348385252929408296e+01,5.794815792651062836e+00
2.350385824521291767e+01,6.929041041016963831e+00
2.352386396113175238e+01,6.035410090342512746e+00
2.354386967705058709e+01,6.887238920902960082e+00
2.356387539296942180e+01,6.476498416738898811e+00
2.358388110888825651e+01,6.367327190946373783e+00
2.360388682480708766e+01,5.729845074442620145e+00
2.362389254072592237e+01,7.084577295980155398e+00
2.364389825664475708e+01,5.992608445292558983e+00
2.366390397256358824e+01,6.014533523852078289e+00
2.368390968848242295e+01,6.533332376057257029e+00
2.370391540440125766e+01,7.423493950114933959e+00
2.372392112032009237e+01,7.130202235338226835e+00
2.374392683623892708e+01,6.883607408977494124e+00
2.376393255215776179e+01,6.972953738760585551e+00
2.378393826807659650e+01,7.751690043619538173e+00
2.380394398399542766e+01,6.748645861610367724e+00
2.382394969991426237e+01,8.048257852709362226e+00
2.384395541583309353e+01,7.939818532222770564e+00
2.386396113175192824e+01,7.003977750817669268e+00
2.388396684767076295e+01,7.158414416875929831e+00
2.390397256358959766e+01,7.328016012517738709e+00
2.392397827950843237e+01,8.045590507889917475e+00
2.394398399542726708e+01,8.068346750443572191e+00
2.396398971134610179e+01,7.231461033151059148e+00
2.398399542726493294e+01,7.205718443620408031e+00
2.400400114318376765e+01,8.223533103825014123e+00
2.402400685910260236e+01,8.116114626679140187e+00
2.404401257502143352e+01,7.434565025497823498e+00
2.406401829094026823e+01,7.358477517460722872e+00
2.408402400685910294e+01,8.260638669444933413e+00
2.410402972277793765e+01,7.396893012098884945e+00
2.412403543869677236e+01,7.134583361622514275e+00
2.414404115461560707e+01,7.937045527127901678e+00
2.416404687053444178e+01,7.196726805426635565e+00
2.418405258645327294e+01,6.928974725069344309e+00
2.420405830237210765e+01,7.439315027035899419e+00
2.422406401829093880e+01,6.873805773827232457e+00
2.424406973420977351e+01,7.659071827644531538e+00
2.426407545012860822e+01,7.844455585949184240e+00
2.428408116604744293e+01,7.408285467568818561e+00
2.430408688196627764e+01,6.628352036685276616e+00
2.432409259788511235e+01,7.533045862594281772e+00
2.434409831380394706e+01,7.292544613981373658e+00
2.436410402972277822e+01,6.831907468072337508e+00
2.438410974564161293e+01,6.972528695339161864e+00
2.440411546156044409e+01,6.988094722397798719e+00
2.442412117747927880e+01,6.778108040495222752e+00
2.444412689339811351e+01,7.063678671709158863e+00
2.446413260931694822e+01,7.056804732355312915e+00
2.448413832523578293e+01,6.138510636987853708e+00
2.450414404115461764e+01,6.440039578560764255e+00
2.452414975707345235e+01,6.542781382912025379e+00
2.454415547299228351e+01,6.153087688338669814e+00
2.456416118891111822e+01,5.818878362040375229e+00
2.458416690482995293e+01,5.737769590988804680e+00
2.460417262074878408e+01,6.403151927574151969e+00
2.462417833666761879e+01,5.517570434538193069e+00
2.464418405258645350e+01,5.759794031900381306e+00
2.466418976850528821e+01,5.998962082002204710e+00
2.468419548442412292e+01,6.454542406473251503e+00
2.470420120034295763e+01,5.855335207204419135e+00
2.472420691626179234e+01,6.235902412224838542e+00
2.474421263218062350e+01,5.899479433597922373e+00
2.476421834809945821e+01,5.499190974120095277e+00
2.478422406401828937e+01,5.827724519297424521e+00
2.480422977993712408e+01,5.875229283941219904e+00
2.482423549585595879e+01,5.234561374372876941e+00
2.484424121177479350e+01,5.386714061209801230e+00
2.486424692769362821e+01,5.959971591475192731e+00
2.488425264361246292e+01,6.267223754716717110e+00
2.490425835953129763e+01,6.108474725798325622e+00
2.492426407545012879e+01,5.314415818542105541e+00
2.494426979136896350e+01,5.781566015190367835e+00
2.496427550728779821e+01,5.378582188047893453e+00
2.498428122320662936e+01,5.683281940225416662e+00
2.500428693912546407e+01,5.606790955731026926e+00
2.502429265504429878e+01,5.941616076591724749e+00
2.504429837096313349e+01,5.001290933907846181e+00
2.506430408688196820e+01,5.199115121639536596e+00
2.508430980280080291e+01,6.150799129543013777e+00
2.510431551871963762e+01,5.280934260846779082e+00
2.512432123463846878e+01,4.830778218279660585e+00
2.514432695055730349e+01,4.744536804384819284e+00
2.516433266647613465e+01,5.098725236402339434e+00
2.518433838239496936e+01,4.908126311789550833e+00
2.520434409831380407e+01,4.233831934291432120e+00
2.522434981423263878e+01,4.731654584723965939e+00
2.524435553015147349e+01,4.693025820161812689e+00
2.526436124607030820e+01,4.098426582974850518e+00
2.528436696198914291e+01,4.761510522725556527e+00
2.530437267790797407e+01,5.231563853305337020e+00
2.532437839382680878e+01,4.955396872204440584e+00
2.534438410974563993e+01,4.404753191556655345e+00
2.536438982566447464e+01,4.354543908589182166e+00
2.538439554158330935e+01,4.453866587238489494e+00
2.540440125750214406e+01,4.691949623359221277e+00
2.542440697342097877e+01,4.584137407803357434e+00
2.544441268933981348e+01,4.159497211324906907e+00
2.546441840525864819e+01,4.132512511731554206e+00
2.548442412117747935e+01,4.081060449538193247e+00
2.550442983709631406e+01,3.687756879059478798e+00
2.552443555301514877e+01,4.167447559316762806e+00
2.554444126893397993e+01,4.862928930499553104e+00
2.556444698485281464e+01,5.140859747296163462e+00
2.558445270077164935e+01,4.123446109360793699e+00
2.560445841669048406e+01,4.780481347622647093e+00
2.562446413260931877e+01,4.417923452339813650e+00
2.564446984852815348e+01,3.911301895076217505e+00
2.566447556444698819e+01,4.327765276745883405e+00
2.568448128036581934e+01,4.500090291994228053e+00
2.570448699628465405e+01,4.403353441606922658e+00
2.572449271220348521e+01,4.521556374557543556e+00
2.574449842812231992e+01,4.098510112287866214e+00
2.576450414404115463e+01,4.131315811563388785e+00
2.578450985995998934e+01,4.086698035662400308e+00
2.580451557587882405e+01,4.642735087454520126e+00
2.582452129179765876e+01,3.632721550354017559e+00
2.584452700771649347e+01,4.932788963563229601e+00
2.586453272363532463e+01,4.027144674605542818e+00
2.588453843955415934e+01,4.347384524274508166e+00
2.590454415547299405e+01,3.768003212243588251e+00
2.592454987139182521e+01,3.433731282865398082e+00
2.594455558731065992e+01,3.837481327318471802e+00
2.596456130322949463e+01,4.355030381968973074e+00
2.598456701914832934e+01,4.094894753285927003e+00
2.600457273506716405e+01,3.523974157597509205e+00
2.602457845098599520e+01,4.133897018371501808e+00
2.604458416690482991e+01,4.543440222917425331e+00
2.606458988282366462e+01,4.780409320272948293e+00
2.608459559874249933e+01,4.564483222311426225e+00
2.610460131466133404e+01,4.740979902123195977e+00
2.612460703058016520e+01,4.421175502761972353e+00
2.614461274649899991e+01,3.886144045452236906e+00
2.616461846241783462e+01,3.832135796000490480e+00
2.618462417833666933e+01,4.692764068479480244e+00
2.620462989425550404e+01,4.233682975936946313e+00
2.622463561017433520e+01,3.637823961930726657e+00
2.624464132609316991e+01,4.511045809804999251e+00
2.626464704201200462e+01,4.239075585048328598e+00
2.628465275793083933e+01,4.926599052935854317e+00
2.630465847384967049e+01,4.427706428090803392e+00
2.632466418976850520e+01,4.166859326096318483e+00
2.634466990568733991e+01,4.488390736729103381e+00
2.636467562160617462e+01,4.138891640310565556e+00
2.638468133752500933e+01,4.354779941668661003e+00
2.640468705344384048e+01,4.915011821628827882e+00
2.642469276936267519e+01,4.469817297718529758e+00
2.644469848528150990e+01,3.911381381308202343e+00
2.646470420120034461e+01,4.910303448602315157e+00
2.648470991711917932e+01,4.652153286942573018e+00
2.650471563303801048e+01,3.712833079788923296e+00
2.652472134895684519e+01,4.451123873645984830e+00
2.654472706487567990e+01,4.005000220680486223e+00
2.656473278079451461e+01,4.359088744397097592e+00
2.658473849671334932e+01,4.913152564489077001e+00
2.660474421263218048e+01,5.054428932605385505e+00
2.662474992855101519e+01,4.951366569443123034e+00
2.664475564446984990e+01,5.028981005486549805e+00
2.666476136038868461e+01,3.963952117393163110e+00
2.668476707630751577e+01,5.518481642821353006e+00
2.670477279222635048e+01,5.093709515472605531e+00
2.672477850814518519e+01,4.640074495601614224e+00
2.674478422406401990e+01,5.259390042297370726e+00
2.676478993998285461e+01,4.958355094525155771e+00
2.678479565590168576e+01,5.190641979149783758e+00
2.680480137182052047e+01,4.860328779254007081e+00
2.682480708773935518e+01,4.549211738339399069e+00
2.684481280365818989e+01,4.861383546504269404e+00
2.686481851957702460e+01,5.051864668009553583e+00
2.688482423549585576e+01,5.281101359810273621e+00
2.690482995141469047e+01,5.085398648082613882e+00
2.692483566733352518e+01,4.740091544322378780e+00
2.694484138325235989e+01,5.007091657155109843e+00
2.696484709917119105e+01,4.987343636936412139e+00
2.698485281509002576e+01,4.898207210749823126e+00
2.700485853100886047e+01,5.033336087939352055e+00
2.702486424692769518e+01,4.433819274465598426e+00
2.704486996284652989e+01,4.455037275961425181e+00
2.706487567876536104e+01,4.652834289849855587e+00
2.708488139468419575e+01,5.005833384043538281e+00
2.710488711060303046e+01,6.010705052689504946e+00
2.712489282652186517e+01,5.947815717738710539e+00
2.714489854244069988e+01,5.499633362145817550e+00
2.716490425835953104e+01,5.597064387035501909e+00
2.718490997427836575e+01,5.272222930958476717e+00
2.720491569019720046e+01,6.354056734266768203e+00
2.722492140611603517e+01,5.466164073504474530e+00
2.724492712203486633e+01,4.766232542559257546e+00
2.726493283795370104e+01,4.995534392306673510e+00
2.728493855387253575e+01,5.919392364867314349e+00
2.730494426979137046e+01,5.902370621139214180e+00
2.732494998571020517e+01,5.136682699774543615e+00
2.734495570162903633e+01,5.276650071308446321e+00
2.736496141754787104e+01,5.816367665162328393e+00
2.738496713346670575e+01,5.346558069798635238e+00
2.740497284938554046e+01,5.368254010514176500e+00
2.742497856530437517e+01,5.989338620244150313e+00
2.744498428122320632e+01,6.299575428075327110e+00
2.746498999714204103e+01,6.189295803547144814e+00
2.748499571306087574e+01,6.541810562262632800e+00
2.750500142897971045e+01,6.359489967676210220e+00
2.752500714489854516e+01,6.932452625493109366e+00
2.754501286081737632e+01,6.337814505413788879e+00
2.756501857673621103e+01,6.789318147925261115e+00
2.758502429265504574e+01,7.895567166130662784e+00
2.760503000857388045e+01,7.174978096210294254e+00
2.762503572449271161e+01,7.644322935180510648e+00
2.764504144041154632e+01,7.531861740673422290e+00
2.766504715633038103e+01,8.231584017377819862e+00
2.768505287224921574e+01,8.118130169277215202e+00
2.770505858816805045e+01,7.875545544472681847e+00
2.772506430408688161e+01,8.411949325536818733e+00
2.774507002000571632e+01,8.176517593682058660e+00
2.776507573592455103e+01,8.328630875310842896e+00
2.778508145184338574e+01,8.659928016617783442e+00
2.780508716776222045e+01,8.740035642905407798e+00
2.782509288368105160e+01,9.181305997709376499e+00
2.784509859959988631e+01,9.816858310519441133e+00
2.786510431551872102e+01,9.766273299350981318e+00
2.788511003143755573e+01,9.524380291818058453e+00
2.790511574735638689e+01,1.020407061242555180e+01
2.792512146327522160e+01,1.016433100416480428e+01
2.794512717919405631e+01,1.056183890399059777e+01
2.796513289511289102e+01,1.088954420160293779e+01
2.798513861103172573e+01,1.120900276434211484e+01
2.800514432695055689e+01,1.186407527095985870e+01
2.802515004286939160e+01,1.241553665785689375e+01
2.804515575878822631e+01,1.215001037395532890e+01
2.806516147470706102e+01,1.287450248019223764e+01
2.808516719062589573e+01,1.295499699234294866e+01
2.810517290654472689e+01,1.351716550729375044e+01
2.812517862246356160e+01,1.318240554728360792e+01
2.814518433838239631e+01,1.389523215099594111e+01
2.816519005430123102e+01,1.426036004521219525e+01
2.818519577022006217e+01,1.482917744367924939e+01
2.820520148613889688e+01,1.496333530618250762e+01
2.822520720205773159e+01,1.522454984075802287e+01
2.824521291797656630e+01,1.609188256988687726e+01
2.826521863389540101e+01,1.660464264880025098e+01
2.828522434981423217e+01,1.678535769516697229e+01
2.830523006573306688e+01,1.678075740256117854e+01
2.832523578165190159e+01,1.713060563880630127e+01
2.834524149757073630e+01,1.687304958088166273e+01
2.836524721348957101e+01,1.789214397645533694e+01
2.838525292940840217e+01,1.842178111200886192e+01
2.840525864532723688e+01,1.852431024092319234e+01
2.842526436124607159e+01,1.813817287078384410e+01
2.844527007716490630e+01,1.893094468571904443e+01
2.846527579308374101e+01,1.952943724390468816e+01
2.848528150900257216e+01,1.977895720952171743e+01
2.850528722492140687e+01,2.012048354752814205e+01
2.852529294084024158e+01,2.047511295477136528e+01
2.854529865675907629e+01,2.089619110187214801e+01
2.856530437267790745e+01,2.116749454905223615e+01
2.858531008859674216e+01,2.107468621544180820e+01
2.860531580451557687e+01,2.178244159758155263e+01
2.862532152043441158e+01,2.103113787774432097e+01
2.864532723635324629e+01,2.158030554639722709e+01
2.866533295227207745e+01,2.146378453645848339e+01
2.868533866819091216e+01,2.178839939063631448e+01
2.870534438410974687e+01,2.184020757394200274e+01
2.872535010002858158e+01,2.262731719202514569e+01
2.874535581594741629e+01,2.274815731345292136e+01
2.876536153186624745e+01,2.365902212126713522e+01
2.878536724778508216e+01,2.442386480084116229e+01
2.880537296370391687e+01,2.410131548026539505e+01
2.882537867962275158e+01,2.487185692825527994e+01
2.884538439554158273e+01,2.511321940968461419e+01
2.886539011146041744e+01,2.659505045259989586e+01
2.888539582737925215e+01,2.711693033626614024e+01
2.890540154329808686e+01,2.728231382060462451e+01
2.892540725921692157e+01,2.791850565223533565e+01
2.894541297513575273e+01,2.948410851029442270e+01
2.896541869105458744e+01,2.991814036147398426e+01
2.898542440697342215e+01,3.102250999451730706e+01
2.900543012289225686e+01,3.172909379268960350e+01
2.902543583881109157e+01,3.318752166104077617e+01
2.904544155472992273e+01,3.440778963511692723e+01
2.906544727064875744e+01,3.461911368208419759e+01
2.908545298656759215e+01,3.595198247944980352e+01
2.910545870248642686e+01,3.683985914137403483e+01
2.912546441840525802e+01,3.831457418525270242e+01
2.914547013432409273e+01,3.956803104112579206e+01
2.916547585024292744e+01,4.073680466838764858e+01
2.918548156616176215e+01,4.175438769802498484e+01
2.920548728208059686e+01,4.198768356858842310e+01
2.922549299799942801e+01,4.333529902784906085e+01
2.924549871391826272e+01,4.454573656065236520e+01
2.926550442983709743e+01,4.545073989048334795e+01
2.928551014575593214e+01,4.619280960419369819e+01
2.930551586167476685e+01,4.756020952347127917e+01
2.932552157759359801e+01,4.828925799878925318e+01
2.934552729351243272e+01,4.926632095019465396e+01
2.936553300943126743e+01,4.963260632372858794e+01
2.938553872535010214e+01,4.985077303386948699e+01
2.940554444126893330e+01,5.047850369854878494e+01
2.942555015718776801e+01,5.187553855755486154e+01
2.944555587310660272e+01,5.202312269210693074e+01
2.946556158902543743e+01,5.180542901660343347e+01
2.948556730494427214e+01,5.111705791869847815e+01
2.950557302086310330e+01,5.199528578345960028e+01
2.952557873678193801e+01,5.221453042555529578e+01
2.954558445270077272e+01,5.135671813276822206e+01
2.956559016861960743e+01,5.126535852160701268e+01
2.958559588453844214e+01,5.160200018840670566e+01
2.960560160045727329e+01,5.040195121790596744e+01
2.962560731637610800e+01,5.064919445683730714e+01
2.964561303229494271e+01,4.946776089049325265e+01
2.966561874821377742e+01,4.971852787806790275e+01
2.968562446413261213e+01,4.888180803436212329e+01
2.970563018005144329e+01,4.754817136603935523e+01
2.972563589597027800e+01,4.693977670620167686e+01
2.974564161188911271e+01,4.563008936153110540e+01
2.976564732780794742e+01,4.533501757950747191e+01
2.978565304372677858e+01,4.472307344950577601e+01
2.980565875964561329e+01,4.333751446114737149e+01
2.982566447556444800e+01,4.131815951921982588e+01
2.984567019148328271e+01,4.035092491861555430e+01
2.986567590740211742e+01,4.058567667415654512e+01
2.988568162332094857e+01,3.913207238582091207e+01
2.990568733923978328e+01,3.776284137042681266e+01
2.992569305515861799e+01,3.616214437488736166e+01
2.994569877107745270e+01,3.524926091358143054e+01
2.996570448699628741e+01,3.410118878881137050e+01
2.998571020291511857e+01,3.236153982830119702e+01
3.000571591883395328e+01,3.165789890573929810e+01
3.002572163475278799e+01,3.124230947559651028e+01
3.004572735067162270e+01,2.970858746830149144e+01
3.006573306659045386e+01,2.876172139057532817e+01
3.008573878250928857e+01,2.775768061561731059e+01
3.010574449842812328e+01,2.638598036824081916e+01
3.012575021434695799e+01,2.594471114502361786e+01
3.014575593026579270e+01,2.475214949776808737e+01
3.016576164618462386e+01,2.362761078341025467e+01
3.018576736210345857e+01,2.218954245022007044e+01
3.020577307802229328e+01,2.167677121303647780e+01
3.022577879394112799e+01,2.106465441774734870e+01
3.024578450985996270e+01,1.948669144752982874e+01
3.026579022577879385e+01,1.978221409527078833e+01
3.028579594169762856e+01,1.802793499964603186e+01
3.030580165761646327e+01,1.780542233634714577e+01
3.032580737353529798e+01,1.690733346860790931e+01
3.034581308945412914e+01,1.597558495917693300e+01
3.036581880537296385e+01,1.539168330718577948e+01
3.038582452129179856e+01,1.549473076669634786e+01
3.040583023721063327e+01,1.494014872677954209e+01
3.042583595312946798e+01,1.426206993521278754e+01
3.044584166904829914e+01,1.372708655455630833e+01
3.046584738496713385e+01,1.366716625428955467e+01
3.048585310088596856e+01,1.244229937002213759e+01
3.050585881680480327e+01,1.209855425357331882e+01
3.052586453272363798e+01,1.201393441763757863e+01
3.054587024864246914e+01,1.125603823761177225e+01
3.056587596456130385e+01,1.139470184822537391e+01
3.058588168048013856e+01,1.091307088092884570e+01
3.060588739639897327e+01,1.079666389115496372e+01
3.062589311231780798e+01,1.102921252804292607e+01
3.064589882823663913e+01,1.045500516360511334e+01
3.066590454415547384e+01,9.314995402099441435e+00
3.068591026007430855e+01,9.609381245027753593e+00
3.070591597599314326e+01,9.294978485286744530e+00
3.072592169191197442e+01,9.363070410017709122e+00
3.074592740783080913e+01,8.187879562836986480e+00
3.076593312374964384e+01,8.456484007765428856e+00
3.078593883966847855e+01,8.974433851651053118e+00
3.080594455558731326e+01,9.196398862826679732e+00
3.082595027150614442e+01,8.533099005370836210e+00
3.084595598742497913e+01,8.119867235949348228e+00
3.086596170334381384e+01,8.710973924364500576e+00
3.088596741926264855e+01,8.121851171010645132e+00
3.090597313518148326e+01,7.307840783480923363e+00
3.092597885110031442e+01,8.437579283480287629e+00
3.094598456701914913e+01,7.701644075248470500e+00
3.096599028293798384e+01,7.707180676074357528e+00
3.098599599885681855e+01,7.805723372856510522e+00
3.100600171477564970e+01,7.476862646572527638e+00
3.102600743069448441e+01,6.805061917290927020e+00
3.104601314661331912e+01,6.828013988296737224e+00
3.106601886253215383e+01,7.094738625216725936e+00
3.108602457845098854e+01,6.360488273945122728e+00
3.110603029436981970e+01,6.312147745989751257e+00
3.112603601028865441e+01,7.102588180562259268e+00
3.114604172620748912e+01,6.103968453116324966e+00
3.116604744212632383e+01,6.439430908123196851e+00
3.118605315804515854e+01,6.198059025042957693e+00
3.120605887396398970e+01,6.575371472449299759e+00
3.122606458988282441e+01,5.938138251365082887e+00
3.124607030580165912e+01,5.401067475574285126e+00
3.126607602172049383e+01,6.226247774163138793e+00
3.128608173763932498e+01,5.930421979372130004e+00
3.130608745355815969e+01,5.928426921130021121e+00
3.132609316947699440e+01,5.580403355162502521e+00
3.134609888539582911e+01,5.554967587205991819e+00
3.136610460131466382e+01,5.551226362034495487e+00
3.138611031723349498e+01,5.876813385828529412e+00
3.140611603315232969e+01,5.871053718460203186e+00
3.142612174907116440e+01,6.076798955777423572e+00
3.144612746498999911e+01,6.480288263574482954e+00
3.146613318090883382e+01,5.344005404303841189e+00
3.148613889682766498e+01,5.627805796646994096e+00
3.150614461274649969e+01,5.278988673930224529e+00
3.152615032866533440e+01,5.921241332661727697e+00
3.154615604458416911e+01,5.428940438629521026e+00
3.156616176050300382e+01,5.814169640165589570e+00
3.158616747642183498e+01,6.160806870264897483e+00
3.160617319234066969e+01,5.626322045861227750e+00
3.162617890825950440e+01,5.417767741204823295e+00
3.164618462417833911e+01,5.424066559695755352e+00
3.166619034009717026e+01,6.024598518279193904e+00
3.168619605601600497e+01,5.637214290368484981e+00
3.170620177193483968e+01,5.901354157794339805e+00
3.172620748785367439e+01,5.177235836580584838e+00
3.174621320377250910e+01,5.637901796083045092e+00
3.176621891969134026e+01,5.747017969397854031e+00
3.178622463561017497e+01,5.128850774198106421e+00
3.180623035152900968e+01,5.652114908392445791e+00
3.182623606744784439e+01,5.305409732075855089e+00
3.184624178336667910e+01,5.627910536259858709e+00
3.186624749928551026e+01,4.896005110776399327e+00
3.188625321520434497e+01,5.370618320871577644e+00
3.190625893112317968e+01,5.576712300525813681e+00
3.192626464704201439e+01,4.529962285333896332e+00
3.194627036296084555e+01,4.849875674256728608e+00
3.196627607887968026e+01,5.171771146636992889e+00
3.198628179479851497e+01,5.393901786307164770e+00
3.200628751071734968e+01,4.684715969915151490e+00
3.202629322663618439e+01,5.506992457641555205e+00
3.204629894255501199e+01,5.437331131225088043e+00
3.206630465847385381e+01,5.887097103424926203e+00
3.208631037439268141e+01,5.432877815648851083e+00
3.210631609031152323e+01,4.540887188214559167e+00
3.212632180623035083e+01,5.402468422693378791e+00
3.214632752214918554e+01,5.163132192337465121e+00
3.216633323806802025e+01,5.369794735927158946e+00
3.218633895398685496e+01,4.935646928387832588e+00
3.220634466990568967e+01,5.352360508862029853e+00
3.222635038582451728e+01,5.336997542090011315e+00
3.224635610174335909e+01,4.974978711728875069e+00
3.226636181766218670e+01,4.874015723982156878e+00
3.228636753358102851e+01,5.854082855353314407e+00
3.230637324949985612e+01,5.499888750528040937e+00
3.232637896541869083e+01,5.820847024020658900e+00
3.234638468133752554e+01,5.929833855628436012e+00
3.236639039725636025e+01,5.351576829203184005e+00
3.238639611317519496e+01,5.527610516635867555e+00
3.240640182909402967e+01,4.710189782183343610e+00
3.242640754501286438e+01,5.355770024261902407e+00
3.244641326093169198e+01,5.755288750954109744e+00
3.246641897685053380e+01,4.768223901864349301e+00
3.248642469276936140e+01,5.600108558105485024e+00
3.250643040868819611e+01,5.903185163506747379e+00
3.252643612460703082e+01,5.184646359927536530e+00
3.254644184052586553e+01,5.468788148279186245e+00
3.256644755644470024e+01,5.354820784740930151e+00
3.258645327236353495e+01,5.379520136092251548e+00
3.260645898828236966e+01,6.117628202671599347e+00
3.262646470420119726e+01,4.758787166196462692e+00
3.264647042012003908e+01,5.123447571360277841e+00
3.266647613603886668e+01,4.946073578675417082e+00
3.268648185195770850e+01,4.932222464625303004e+00
3.270648756787653610e+01,5.588864305199507498e+00
3.272649328379537081e+01,4.919368115941868069e+00
3.274649899971420552e+01,5.054120116375527161e+00
3.276650471563304023e+01,4.939372850146555471e+00
3.278651043155187494e+01,5.496297283318490656e+00
3.280651614747070255e+01,5.865955146199479664e+00
3.282652186338954436e+01,5.676630623876195436e+00
3.284652757930837197e+01,4.960758528831613390e+00
3.286653329522721378e+01,4.968031397541468053e+00
3.288653901114604139e+01,5.546235792038744172e+00
3.290654472706487610e+01,5.923831449268954330e+00
3.292655044298371081e+01,5.955870334568380109e+00
3.294655615890254552e+01,6.161174187030859173e+00
3.296656187482138023e+01,5.614071388576511445e+00
3.298656759074020783e+01,5.669538512394560748e+00
3.300657330665904965e+01,5.492926915947569988e+00
3.302657902257787725e+01,4.895735318627497890e+00
3.304658473849671907e+01,6.057010818787463613e+00
3.306659045441554667e+01,4.646862132249115263e+00
3.308659617033438138e+01,5.040024098846206613e+00
3.310660188625321609e+01,5.758309392255534398e+00
3.312660760217205080e+01,6.151377217342888670e+00
3.314661331809088551e+01,6.322009829239109813e+00
3.316661903400971312e+01,6.071098177184556910e+00
3.318662474992855493e+01,6.151097900273265751e+00
3.320663046584738254e+01,5.533592188712743720e+00
3.322663618176622435e+01,6.164868948541291083e+00
3.324664189768505196e+01,6.463514266185676149e+00
3.326664761360388667e+01,6.155011835338306980e+00
3.328665332952272138e+01,5.478983145170321478e+00
3.330665904544155609e+01,5.930840404204335670e+00
3.332666476136039080e+01,6.426517505830529942e+00
3.334667047727922551e+01,5.965544772637551674e+00
3.336667619319806022e+01,7.090040759543974502e+00
3.338668190911688782e+01,7.529914520481260531e+00
3.340668762503572964e+01,6.893349852892713514e+00
3.342669334095455724e+01,6.968467874470465340e+00
3.344669905687339195e+01,6.926207489896773595e+00
3.346670477279222666e+01,7.140561613539997410e+00
3.348671048871106137e+01,7.397055601210475118e+00
3.350671620462989608e+01,7.521004926065673502e+00
3.352672192054873079e+01,6.869273202528388467e+00
3.354672763646756550e+01,7.297224282259888284e+00
3.356673335238639311e+01,7.535991780245708149e+00
3.358673906830523492e+01,7.774081434088370379e+00
3.360674478422406253e+01,8.863178052930884121e+00
3.362675050014290434e+01,8.602489432618678933e+00
3.364675621606173195e+01,9.157274556702663659e+00
3.366676193198056666e+01,9.911965034693768217e+00
3.368676764789940137e+01,9.567733860013674985e+00
3.370677336381823608e+01,1.040872684045743490e+01
3.372677907973707079e+01,1.023304861139649979e+01
3.374678479565589839e+01,1.061234069919771272e+01
3.376679051157474021e+01,1.110478724757062707e+01
3.378679622749356781e+01,1.122616868698771064e+01
3.380680194341240963e+01,1.139524223742650832e+01
3.382680765933123723e+01,1.166602805856398817e+01
3.384681337525007194e+01,1.253299255909034216e+01
3.386681909116890665e+01,1.223085449572644734e+01
3.388682480708774136e+01,1.223211216662491907e+01
3.390683052300657607e+01,1.314518088388985007e+01
3.392683623892540368e+01,1.327166309500714192e+01
3.394684195484424549e+01,1.389093604283064209e+01
3.396684767076307310e+01,1.364043095557873642e+01
3.398685338668191491e+01,1.434608331444871610e+01
3.400685910260074252e+01,1.451819185117384414e+01
3.402686481851957723e+01,1.537218796224169992e+01
3.404687053443841194e+01,1.531355786153710774e+01
3.406687625035724665e+01,1.674219279793870641e+01
3.408688196627608136e+01,1.613185966060259346e+01
3.410688768219490896e+01,1.658917739089595855e+01
3.412689339811375078e+01,1.618774722194740079e+01
3.414689911403257838e+01,1.708140651409276600e+01
3.416690482995142020e+01,1.735436637494265355e+01
3.418691054587024780e+01,1.845702343913827903e+01
3.420691626178908251e+01,1.855860791923926811e+01
3.422692197770791722e+01,1.743286918728089674e+01
3.424692769362675193e+01,1.890218093002420474e+01
3.426693340954558664e+01,1.834566554080864620e+01
3.428693912546442135e+01,1.891052111358147059e+01
3.430694484138325606e+01,1.928726033257096262e+01
3.432695055730208367e+01,1.857958199670531485e+01
3.434695627322092548e+01,1.806465128178895085e+01
3.436696198913975309e+01,1.835082555036322915e+01
3.438696770505858780e+01,1.940774948940924460e+01
3.440697342097742251e+01,1.820967782723640482e+01
3.442697913689625722e+01,1.904767375711055877e+01
3.444698485281509193e+01,1.827275549887485440e+01
3.446699056873392664e+01,1.743685794868962802e+01
3.448699628465276135e+01,1.850561683384128031e+01
3.450700200057158895e+01,1.810510519766718929e+01
3.452700771649043077e+01,1.739835876665636505e+01
3.454701343240925837e+01,1.728022803900904236e+01
3.456701914832810019e+01,1.613831924741129242e+01
3.458702486424692779e+01,1.690404194081508038e+01
3.460703058016576250e+01,1.648775945470515225e+01
3.462703629608459721e+01,1.633945759319347246e+01
3.464704201200343192e+01,1.570439888445407384e+01
3.466704772792226663e+01,1.465098821128589712e+01
3.468705344384109424e+01,1.502543433223688218e+01
3.470705915975993605e+01,1.398108499877845290e+01
3.472706487567876366e+01,1.444708724263467303e+01
3.474707059159760547e+01,1.364107221983637785e+01
3.476707630751643308e+01,1.357163694965917600e+01
3.478708202343526779e+01,1.247283480081445184e+01
3.480708773935410250e+01,1.262736887923503204e+01
3.482709345527293721e+01,1.265860334260120368e+01
3.484709917119177192e+01,1.154205167959332989e+01
3.486710488711059952e+01,1.134813421078915852e+01
3.488711060302944134e+01,1.110911001048014768e+01
3.490711631894826894e+01,1.077077888466789801e+01
3.492712203486711076e+01,1.016184364212192648e+01
3.494712775078593836e+01,1.033640679554510022e+01
3.496713346670477307e+01,9.460626756506105295e+00
3.498713918262360778e+01,9.717575678287699859e+00
3.500714489854244249e+01,9.607055422677456491e+00
3.502715061446127720e+01,9.184048938278735363e+00
3.504715633038010481e+01,9.198797773468584182e+00
3.506716204629894662e+01,8.345551986698440672e+00
3.508716776221777423e+01,8.010419297410811268e+00
3.510717347813661604e+01,7.633157497086601850e+00
3.512717919405544365e+01,8.055206303004300850e+00
3.514718490997427836e+01,7.933037193813991195e+00
3.516719062589311307e+01,7.351708078143617264e+00
3.518719634181194778e+01,7.650545805991308512e+00
3.520720205773078249e+01,7.667883126507734737e+00
3.522720777364961720e+01,7.444959499782455303e+00
3.524721348956845191e+01,7.811191029268030661e+00
3.526721920548727951e+01,7.881391968468993703e+00
3.528722492140612133e+01,7.314713368927403536e+00
3.530723063732494893e+01,7.689770535327591361e+00
3.532723635324378364e+01,6.916493195551485229e+00
3.534724206916261835e+01,7.147817284795084269e+00
3.536724778508145306e+01,6.954155782976370048e+00
3.538725350100028777e+01,7.420869709182247753e+00
3.540725921691912248e+01,6.742739969468101613e+00
3.542726493283795719e+01,6.670112178922337876e+00
3.544727064875678479e+01,7.246489098221239544e+00
3.546727636467562661e+01,6.987193626063440632e+00
3.548728208059445421e+01,6.430814120101175035e+00
3.550728779651329603e+01,7.216479008885908542e+00
3.552729351243212363e+01,6.879873208169136944e+00
3.554729922835095834e+01,7.092794820832205360e+00
3.556730494426979305e+01,6.874283021969821661e+00
3.558731066018862776e+01,6.744270232243162688e+00
3.560731637610746247e+01,7.535325654074018331e+00
3.562732209202629008e+01,7.638540799503068968e+00
3.564732780794513189e+01,7.447161355141346917e+00
3.566733352386395950e+01,7.630593507143382581e+00
3.568733923978280131e+01,7.917560209122803450e+00
3.570734495570162892e+01,7.805556234771640511e+00
3.572735067162046363e+01,7.130928276250563691e+00
3.574735638753929834e+01,7.801206694212468484e+00
3.576736210345813305e+01,8.472469532261687419e+00
3.578736781937696776e+01,8.123615763989930016e+00
3.580737353529579536e+01,8.121138604897367941e+00
3.582737925121463718e+01,9.087926087218754390e+00
3.584738496713346478e+01,9.055496876994077127e+00
3.586739068305230660e+01,8.778177313781426960e+00
3.588739639897113420e+01,9.062442012064295227e+00
3.590740211488996891e+01,9.472715072313091511e+00
3.592740783080880362e+01,1.053996164470785324e+01
3.594741354672763833e+01,1.075565963726355001e+01
3.596741926264647304e+01,1.095367374179462239e+01
3.598742497856530065e+01,1.171872690024262909e+01
3.600743069448414246e+01,1.222369622495703290e+01
3.602743641040297007e+01,1.368259727071799681e+01
3.604744212632181188e+01,1.319319748211335686e+01
3.606744784224063949e+01,1.445677989951004427e+01
3.608745355815947420e+01,1.574948074080615967e+01
3.610745927407830891e+01,1.599540182162819946e+01
3.612746498999714362e+01,1.697624966755107323e+01
3.614747070591597833e+01,1.881617547724917472e+01
3.616747642183481304e+01,1.908701995235298554e+01
3.618748213775364775e+01,1.938554795667468156e+01
3.620748785367247535e+01,2.163913372817010128e+01
3.622749356959131717e+01,2.290666900306484166e+01
3.624749928551014477e+01,2.454595817425392212e+01
3.626750500142897948e+01,2.632978069045019254e+01
3.628751071734781419e+01,2.761227618496939584e+01
3.630751643326664890e+01,2.850727646426459572e+01
3.632752214918548361e+01,3.014308133854048322e+01
3.634752786510431832e+01,3.180255167696840601e+01
3.636753358102315303e+01,3.440281341499305512e+01
3.638753929694198064e+01,3.600645092792104407e+01
3.640754501286082245e+01,3.770198931177058199e+01
3.642755072877965006e+01,3.933279640886294004e+01
3.644755644469849187e+01,4.106578248184450786e+01
3.646756216061731948e+01,4.305294390573332208e+01
3.648756787653615419e+01,4.488642855419029587e+01
3.650757359245498890e+01,4.643619747597762881e+01
3.652757930837382361e+01,4.834005988175639601e+01
3.654758502429265832e+01,4.977158041809562405e+01
3.656759074021148592e+01,5.126882745983920842e+01
3.658759645613032774e+01,5.106586256040579741e+01
3.660760217204915534e+01,5.224833139174351970e+01
3.662760788796799716e+01,5.343272769399053601e+01
3.664761360388682476e+01,5.380806583268278587e+01
3.666761931980565947e+01,5.391223049333040507e+01
3.668762503572449418e+01,5.387887005721857037e+01
3.670763075164332889e+01,5.312797887967519728e+01
3.672763646756216360e+01,5.257921652726487594e+01
3.674764218348099121e+01,5.181583303197101031e+01
3.676764789939983302e+01,5.022122800266617304e+01
3.678765361531866063e+01,4.925004382279364989e+01
3.680765933123750244e+01,4.745612483121697522e+01
3.682766504715633005e+01,4.565071838368920254e+01
3.684767076307516476e+01,4.384259881937369130e+01
3.686767647899399947e+01,4.185541973014991157e+01
3.688768219491283418e+01,3.848857557837445853e+01
3.690768791083166889e+01,3.763207948297302607e+01
3.692769362675049649e+01,3.554999020684276445e+01
3.694769934266933831e+01,3.295526770414976170e+01
3.696770505858816591e+01,3.135999072953869415e+01
3.698771077450700773e+01,2.865621541552146923e+01
3.700771649042583533e+01,2.743966040757594627e+01
3.702772220634467004e+01,2.562798702708462528e+01
3.704772792226350475e+01,2.351900423666825901e+01
3.706773363818233946e+01,2.250023501914333579e+01
3.708773935410117417e+01,2.051403498555979965e+01
3.710774507002000888e+01,2.085637663304133582e+01
3.712775078593884359e+01,1.918751548075588431e+01
3.714775650185767120e+01,1.797806707195643838e+01
3.716776221777651301e+01,1.799214191359397574e+01
3.718776793369534062e+01,1.651397680933007450e+01
3.720777364961417533e+01,1.649536677669891915e+01
3.722777936553301004e+01,1.612180818727847864e+01
3.724778508145184475e+01,1.552535160405972725e+01
3.726779079737067946e+01,1.598679111307000866e+01
3.728779651328951417e+01,1.548949489197027418e+01
3.730780222920834888e+01,1.499777691768503018e+01
3.732780794512717648e+01,1.444208619593101872e+01
3.734781366104601830e+01,1.476250220936585933e+01
3.736781937696484590e+01,1.448294556374420061e+01
3.738782509288368772e+01,1.463795844182816097e+01
3.740783080880251532e+01,1.375807789488143129e+01
3.742783652472135003e+01,1.390708237585189977e+01
3.744784224064018474e+01,1.394103543825986335e+01
3.746784795655901945e+01,1.443486493824962835e+01
3.748785367247785416e+01,1.463052871189987769e+01
3.750785938839668177e+01,1.427639566148364736e+01
3.752786510431552358e+01,1.380067005111044587e+01
3.754787082023435119e+01,1.430818483174095235e+01
3.756787653615319300e+01,1.341840233666140492e+01
3.758788225207202061e+01,1.417319057212988298e+01
3.760788796799085532e+01,1.365658086220368972e+01
3.762789368390969003e+01,1.354820953824378194e+01
3.764789939982852474e+01,1.383772492949690758e+01
3.766790511574735945e+01,1.353695689664378854e+01
3.768791083166618705e+01,1.351619159954536897e+01
3.770791654758502887e+01,1.399880352933215022e+01
3.772792226350385647e+01,1.305126931694762860e+01
3.774792797942269829e+01,1.254621210496500083e+01
3.776793369534152589e+01,1.241280069607749326e+01
3.778793941126036060e+01,1.258203314167705500e+01
3.780794512717919531e+01,1.198865412423407406e+01
3.782795084309803002e+01,1.225721267425708128e+01
3.784795655901686473e+01,1.176459566704570392e+01
3.786796227493569234e+01,1.136640343709560774e+01
3.788796799085453415e+01,1.141347868249168584e+01
3.790797370677336176e+01,1.070923544661513560e+01
3.792797942269220357e+01,9.911270593160887543e+00
3.794798513861103118e+01,1.056442937952456163e+01
3.796799085452986589e+01,9.925954863893633018e+00
3.798799657044870060e+01,9.593416811978704217e+00
3.800800228636753531e+01,1.050472560114892495e+01
3.802800800228637002e+01,9.030677618825347253e+00
3.804801371820520473e+01,1.032785383091612275e+01
3.806801943412403944e+01,9.254372272270867228e+00
3.808802515004286704e+01,9.726990777706165048e+00
3.810803086596170886e+01,9.566494303657933074e+00
3.812803658188053646e+01,1.003795737789999798e+01
3.814804229779937117e+01,9.492505206717353872e+00
3.816804801371820588e+01,9.141190493534139705e+00
3.818805372963704059e+01,9.099806476463186300e+00
3.820805944555587530e+01,9.587555164561882393e+00
3.822806516147471001e+01,9.181256697358630703e+00
3.824807087739354472e+01,8.946511097479030283e+00
3.826807659331237232e+01,8.332870063250918946e+00
3.828808230923121414e+01,9.845221174940959941e+00
3.830808802515004174e+01,9.285077549781711070e+00
3.832809374106888356e+01,8.451748129873891457e+00
3.834809945698771116e+01,8.967626792672932723e+00
3.836810517290654587e+01,9.010423124643514470e+00
3.838811088882538058e+01,8.664172335841531236e+00
3.840811660474421529e+01,9.013545537057311208e+00
3.842812232066305000e+01,8.718411221590541160e+00
3.844812803658187761e+01,8.824477888706741879e+00
3.846813375250071942e+01,8.498522291778263238e+00
3.848813946841954703e+01,8.661129940867130728e+00
3.850814518433838884e+01,9.200497143207952533e+00
3.852815090025721645e+01,8.973310928797896935e+00
3.854815661617605116e+01,8.963395197324015129e+00
3.856816233209488587e+01,9.059440844595737730e+00
3.858816804801372058e+01,8.226132090267478603e+00
3.860817376393255529e+01,9.052853374506165451e+00
3.862817947985138289e+01,9.188729487979184540e+00
3.864818519577022471e+01,8.636961647248224239e+00
3.866819091168905231e+01,8.023792403297656861e+00
3.868819662760789413e+01,8.749174619386797858e+00
3.870820234352672173e+01,9.150302924895907353e+00
3.872820805944555644e+01,8.848322499621858128e+00
3.874821377536439115e+01,8.715826034453394655e+00
3.876821949128322586e+01,8.155965920374825373e+00
3.878822520720206057e+01,8.279955529075573750e+00
3.880823092312088818e+01,7.939320008944140916e+00
3.882823663903972999e+01,8.598483591879187315e+00
3.884824235495855760e+01,9.006948445426095518e+00
3.886824807087739941e+01,8.638556359217503200e+00
3.888825378679622702e+01,8.185764613003827961e+00
3.890825950271506173e+01,7.477180252869304766e+00
3.892826521863389644e+01,7.498992822876146214e+00
3.894827093455273115e+01,7.664754659671498160e+00
3.896827665047156586e+01,8.537406230588704403e+00
3.898828236639040057e+01,8.185334476120202041e+00
3.900828808230923528e+01,7.410109735644086371e+00
3.902829379822806288e+01,8.320285257622643371e+00
3.904829951414690470e+01,7.609156491512029774e+00
3.906830523006573230e+01,7.523423635280883204e+00
3.908831094598456701e+01,8.231863593797818623e+00
3.910831666190340172e+01,7.442632044337079478e+00
3.912832237782223643e+01,6.692129580316833248e+00
3.914832809374107114e+01,7.704466734228244462e+00
3.916833380965990585e+01,7.400624494578128321e+00
3.918833952557874056e+01,6.695841564051828954e+00
3.920834524149756817e+01,7.033893652602293045e+00
3.922835095741640998e+01,7.427802489443974920e+00
3.924835667333523759e+01,7.142423413642173813e+00
3.926836238925407940e+01,7.297097115711585147e+00
3.928836810517290701e+01,6.304093276210352315e+00
3.930837382109174172e+01,7.163478532232206319e+00
3.932837953701057643e+01,6.811387056041187549e+00
3.934838525292941114e+01,6.249458370558794940e+00
3.936839096884824585e+01,7.086556612894342244e+00
3.938839668476707345e+01,6.042512059068489982e+00
3.940840240068591527e+01,6.554854005995628619e+00
3.942840811660474287e+01,6.658401626574608656e+00
3.944841383252358469e+01,6.703041249392131640e+00
3.946841954844241229e+01,6.209256506287882615e+00
3.948842526436124700e+01,6.405348541829803288e+00
3.950843098028008171e+01,6.420912994888745118e+00
3.952843669619891642e+01,6.648010050982032126e+00
3.954844241211775113e+01,5.578280909356577055e+00
3.956844812803657874e+01,6.408785913336841666e+00
3.958845384395542055e+01,6.791876789501374745e+00
3.960845955987424816e+01,6.164658817269776492e+00
3.962846527579308997e+01,5.729161167835039592e+00
3.964847099171191758e+01,6.729553409558096888e+00
3.966847670763075229e+01,6.348247292339815218e+00
3.968848242354958700e+01,6.944008448291015156e+00
3.970848813946842171e+01,6.234932348364470300e+00
3.972849385538725642e+01,7.086396412841490466e+00
3.974849957130608402e+01,6.392862713934805541e+00
3.976850528722492584e+01,6.645413067056426648e+00
3.978851100314375344e+01,6.465051448606493167e+00
3.980851671906259526e+01,6.976943187654322642e+00
3.982852243498142286e+01,7.859425476229423779e+00
3.984852815090025757e+01,6.497295259741067142e+00
3.986853386681909228e+01,6.231625040600476950e+00
3.988853958273792699e+01,7.315445565951966600e+00
3.990854529865676170e+01,6.445234973143572077e+00
3.992855101457559641e+01,6.302946331690632675e+00
3.994855673049443112e+01,5.514924534219796115e+00
3.996856244641325873e+01,6.922533933565747866e+00
3.998856816233210054e+01,7.366946771842625807e+00
4.000857387825092815e+01,5.572033155281165051e+00
4.002857959416976286e+01,5.459521978701114442e+00
4.004858531008859757e+01,6.183511445779260818e+00
4.006859102600743228e+01,6.118680165769649015e+00
4.008859674192626699e+01,5.682867718725334250e+00
4.010860245784510170e+01,5.599359708493594212e+00
4.012860817376393641e+01,5.854794487953512316e+00
4.014861388968276401e+01,6.467968275536966516e+00
4.016861960560160583e+01,5.535665055324624717e+00
4.018862532152043343e+01,5.045489653375837769e+00
4.020863103743927525e+01,4.636854010166493012e+00
4.022863675335810285e+01,5.441943115402319009e+00
4.024864246927693756e+01,4.979196830713043198e+00
4.026864818519577227e+01,4.592175546669334807e+00
4.028865390111460698e+01,4.412601269918183355e+00
4.030865961703344169e+01,4.699608317431557936e+00
4.032866533295226930e+01,5.102610781946424368e+00
4.034867104887111111e+01,4.861217959494089413e+00
4.036867676478993872e+01,4.595352629302112746e+00
4.038868248070878053e+01,4.484311783337033397e+00
4.040868819662760814e+01,4.405795326288824754e+00
4.042869391254644285e+01,5.099188045828923599e+00
4.044869962846527756e+01,4.507373954868138632e+00
4.046870534438411227e+01,4.090992030467988094e+00
4.048871106030294698e+01,4.792635278502173080e+00
4.050871677622177458e+01,4.509916592959252846e+00
4.052872249214061640e+01,4.511007591524911930e+00
4.054872820805944400e+01,4.797851216025107668e+00
4.056873392397828582e+01,4.513411715815228931e+00
4.058873963989711342e+01,4.057843765078170684e+00
4.060874535581594813e+01,4.062395016176203910e+00
4.062875107173478284e+01,3.423743820590195774e+00
4.064875678765361755e+01,4.374284257038173251e+00
4.066876250357245226e+01,4.229053068180262720e+00
4.068876821949127986e+01,3.483374389392908554e+00
4.070877393541012168e+01,4.822875412335839940e+00
4.072877965132894929e+01,3.970186040594944288e+00
4.074878536724779110e+01,3.978903180057498545e+00
4.076879108316661871e+01,4.212264715407025406e+00
4.078879679908545342e+01,4.169605968923539407e+00
4.080880251500428813e+01,4.452161249376463736e+00
4.082880823092312284e+01,4.629502732979585922e+00
4.084881394684195755e+01,4.798371270194907723e+00
4.086881966276079226e+01,4.052561657942614914e+00
4.088882537867962697e+01,3.958023380180363038e+00
4.090883109459845457e+01,4.253969128449531567e+00
4.092883681051729639e+01,4.554081852118904372e+00
4.094884252643612399e+01,4.459061395459951171e+00
4.096884824235495870e+01,3.546518307131600434e+00
4.098885395827379341e+01,3.758175395980009714e+00
4.100885967419262812e+01,4.348807881795963226e+00
4.102886539011146283e+01,4.753121942031151903e+00
4.104887110603029754e+01,4.129667406341772207e+00
4.106887682194913225e+01,4.034212673799045135e+00
4.108888253786795985e+01,4.444099423158199613e+00
4.110888825378680167e+01,3.941939896155844725e+00
4.112889396970562927e+01,3.958812123128980787e+00
4.114889968562447109e+01,4.501612295930208063e+00
4.116890540154329869e+01,4.434055017759401807e+00
4.118891111746213340e+01,4.881671799165840042e+00
4.120891683338096811e+01,4.339888261666194680e+00
4.122892254929980282e+01,4.477674985281281828e+00
4.124892826521863753e+01,3.940574936932423444e+00
4.126893398113746514e+01,4.065773483756240481e+00
4.128893969705630695e+01,4.475456409622708520e+00
4.130894541297513456e+01,4.972835305265107309e+00
4.132895112889397637e+01,3.804224434975547631e+00
4.134895684481280398e+01,4.891557407531027302e+00
4.136896256073163869e+01,4.441479459151730147e+00
4.138896827665047340e+01,4.079457420159535275e+00
4.140897399256930811e+01,4.953786394512780689e+00
4.142897970848814282e+01,4.304026424603616618e+00
4.144898542440697042e+01,4.607942561875152165e+00
4.146899114032581224e+01,4.611563056675725747e+00
4.148899685624463984e+01,3.876709809837699527e+00
4.150900257216348166e+01,4.264912543432989089e+00
4.152900828808230926e+01,4.117145207047804512e+00
4.154901400400114397e+01,4.666755340598074397e+00
4.156901971991997868e+01,4.769692540794915558e+00
4.158902543583881339e+01,4.145465358675642698e+00
4.160903115175764810e+01,4.088866768287892306e+00
4.162903686767647571e+01,4.740392251132463208e+00
4.164904258359531752e+01,4.041373968284236895e+00
4.166904829951414513e+01,5.078144189720058321e+00
4.168905401543298694e+01,4.205564487485986547e+00
4.170905973135181455e+01,5.158435541297615501e+00
4.172906544727064926e+01,5.477748621730899714e+00
4.174907116318948397e+01,4.017822337446840919e+00
4.176907687910831868e+01,4.882951398768942575e+00
4.178908259502715339e+01,5.339246197908839697e+00
4.180908831094598810e+01,4.703265636760541213e+00
4.182909402686482281e+01,4.557568665176908951e+00
4.184909974278365041e+01,5.396386781102568975e+00
4.186910545870249223e+01,4.861941693055185532e+00
4.188911117462131983e+01,5.206868042234239269e+00
4.190911689054015454e+01,5.457803696833761542e+00
4.192912260645898925e+01,5.733817230780348773e+00
4.194912832237782396e+01,4.634964122248927509e+00
4.196913403829665867e+01,6.041352988413442482e+00
4.198913975421549338e+01,6.340266205122427223e+00
4.200914547013432809e+01,6.131106614442371594e+00
4.202915118605316280e+01,6.290029813951790949e+00
4.204915690197199041e+01,6.010152617540986064e+00
4.206916261789082512e+01,6.654519124197094015e+00
4.208916833380965983e+01,6.333668261467927607e+00
4.210917404972849454e+01,5.731540208908154632e+00
4.212917976564732925e+01,6.257923319136946105e+00
4.214918548156616396e+01,6.418298746066305682e+00
4.216919119748499867e+01,5.865690944717594668e+00
4.218919691340383338e+01,6.051821791971652154e+00
4.220920262932266809e+01,5.902978529466290425e+00
4.222920834524150280e+01,7.191522776778872306e+00
4.224921406116033040e+01,6.271741437069302982e+00
4.226921977707916511e+01,7.304328510015554166e+00
4.228922549299799982e+01,6.833490945878161860e+00
4.230923120891683453e+01,7.304033702802829708e+00
4.232923692483566924e+01,6.931078404398514969e+00
4.234924264075450395e+01,5.989174822616283755e+00
4.236924835667333866e+01,6.426130926120797504e+00
4.238925407259217337e+01,6.363306494662865909e+00
4.240925978851100808e+01,6.458643129121968585e+00
4.242926550442983569e+01,5.986066071818058276e+00
4.244927122034867040e+01,6.607826344077277980e+00
4.246927693626750511e+01,7.378502114014104052e+00
4.248928265218633982e+01,6.529526007693298162e+00
4.250928836810517453e+01,6.377163656509169165e+00
4.252929408402400924e+01,7.477066109177755493e+00
4.254929979994284395e+01,6.677441160025614053e+00
4.256930551586167866e+01,6.754273614513605750e+00
4.258931123178051337e+01,6.528218737184384501e+00
4.260931694769934097e+01,5.828628189563110240e+00
4.262932266361817568e+01,6.936584445200900895e+00
4.264932837953701039e+01,6.327093907689534724e+00
4.266933409545584510e+01,6.758905961580865984e+00
4.268933981137467981e+01,6.130678815020916161e+00
4.270934552729351452e+01,6.658425378378096227e+00
4.272935124321234923e+01,6.804271296919220724e+00
4.274935695913118394e+01,6.272915221946941067e+00
4.276936267505001865e+01,6.356058029248495167e+00
4.278936839096885336e+01,5.714568075363438027e+00
4.280937410688768097e+01,5.849312033526655519e+00
4.282937982280651568e+01,5.697202902433533112e+00
4.284938553872535039e+01,6.104062277720925245e+00
4.286939125464418510e+01,6.243669589658344066e+00
4.288939697056301981e+01,6.298394927862748460e+00
4.290940268648185452e+01,5.865000322056348026e+00
4.292940840240068923e+01,5.941616372797589030e+00
4.294941411831952394e+01,5.412744941547273925e+00
4.296941983423835865e+01,6.570200505131811752e+00
4.298942555015718625e+01,5.182811962737727818e+00
4.300943126607602096e+01,6.162644802368618002e+00
4.302943698199485567e+01,5.790831631849838068e+00
4.304944269791369038e+01,5.884429199198305760e+00
4.306944841383252509e+01,5.853023612947085397e+00
4.308945412975135980e+01,5.869239175330247527e+00
4.310945984567019451e+01,5.328870987225078792e+00
4.312946556158902922e+01,5.517569139833585545e+00
4.314947127750786393e+01,5.197656706607944876e+00
4.316947699342669864e+01,5.243961961032130858e+00
4.318948270934552625e+01,5.734189156789812003e+00
4.320948842526436096e+01,5.453617057306177074e+00
4.322949414118319567e+01,6.011177089038429067e+00
4.324949985710203038e+01,4.907059693992420257e+00
4.326950557302086509e+01,5.612842805468580387e+00
4.328951128893969980e+01,5.939910868837707802e+00
4.330951700485853451e+01,6.375807118405941054e+00
4.332952272077736922e+01,5.390813575156120585e+00
4.334952843669620393e+01,5.316527881941048861e+00
4.336953415261503153e+01,5.744032782691834704e+00
4.338953986853386624e+01,5.358513144084658286e+00
4.340954558445270095e+01,5.026943351398861282e+00
4.342955130037153566e+01,5.923986638036435437e+00
4.344955701629037037e+01,5.823860237266693218e+00
4.346956273220920508e+01,5.277148595425008359e+00
4.348956844812803979e+01,5.666290227503385957e+00
4.350957416404687450e+01,6.472964259962962430e+00
4.352957987996570921e+01,6.785660524202436150e+00
4.354958559588453681e+01,6.607229292240841545e+00
4.356959131180337153e+01,6.225834954829846168e+00
4.358959702772220624e+01,6.200971436879157750e+00
4.360960274364104095e+01,6.002545586637348940e+00
4.362960845955987566e+01,6.905181653157187682e+00
4.364961417547871037e+01,6.635336612293361469e+00
4.366961989139754508e+01,7.025060520402639952e+00
4.368962560731637979e+01,6.304913050248981854e+00
4.370963132323521450e+01,7.279387594389516103e+00
4.372963703915404921e+01,6.253126937172314825e+00
4.374964275507287681e+01,6.778918355609700797e+00
4.376964847099171152e+01,7.110615085762124643e+00
4.378965418691054623e+01,5.857663167915816871e+00
4.380965990282938094e+01,6.303722321510466742e+00
4.382966561874821565e+01,6.689576992677068290e+00
4.384967133466705036e+01,6.021047726652907883e+00
4.386967705058588507e+01,7.131352326955516574e+00
4.388968276650471978e+01,6.066560627461820232e+00
4.390968848242355449e+01,6.395152444397234071e+00
4.392969419834238209e+01,5.881022046655732360e+00
4.394969991426121680e+01,5.493626305034085000e+00
4.396970563018005151e+01,6.048017607074738677e+00
4.398971134609888622e+01,6.115624721201476710e+00
4.400971706201772093e+01,5.716826619800155385e+00
4.402972277793655564e+01,5.834241171885114596e+00
4.404972849385539035e+01,6.080239792407735600e+00
4.406973420977422506e+01,5.463046237122407334e+00
4.408973992569305977e+01,5.108697131232863953e+00
4.410974564161189448e+01,5.143997435889964720e+00
4.412975135753072209e+01,5.013141194319475247e+00
4.414975707344955680e+01,5.234429814108509049e+00
4.416976278936839151e+01,4.517423083784393611e+00
4.418976850528722622e+01,5.032479719628147663e+00
4.420977422120606093e+01,4.484390543855848676e+00
4.422977993712489564e+01,5.599333738046144759e+00
4.424978565304373035e+01,5.346322073392421714e+00
4.426979136896256506e+01,3.925620502927743338e+00
4.428979708488139977e+01,4.503282723842048973e+00
4.430980280080022737e+01,5.222481416762271067e+00
4.432980851671906208e+01,4.285828542185365464e+00
4.434981423263789679e+01,4.455850140433802231e+00
4.436981994855673150e+01,4.688662607974121599e+00
4.438982566447556621e+01,4.735880102717926476e+00
4.440983138039440092e+01,4.156216361483116906e+00
4.442983709631323563e+01,5.391701366912917237e+00
4.444984281223207034e+01,4.255723370974138220e+00
4.446984852815090505e+01,5.339941329667885483e+00
4.448985424406973266e+01,4.387875178710406665e+00
4.450985995998856737e+01,4.268552897397650092e+00
4.452986567590740208e+01,4.568110380760358247e+00
4.454987139182623679e+01,5.067555039281670837e+00
4.456987710774507150e+01,4.331716107284300676e+00
4.458988282366390621e+01,4.658802639470418505e+00
4.460988853958274092e+01,4.959625645920700876e+00
4.462989425550157563e+01,4.961516716567036411e+00
4.464989997142041034e+01,5.122689725822390905e+00
4.466990568733924505e+01,5.090115397818791187e+00
4.468991140325807265e+01,4.773525034606461936e+00
4.470991711917690736e+01,5.666189696657401242e+00
4.472992283509574207e+01,5.108943894562811394e+00
4.474992855101457678e+01,5.314027320080817240e+00
4.476993426693341149e+01,5.070939037541585037e+00
4.478993998285224620e+01,4.353312946778296499e+00
4.480994569877108091e+01,4.470622467423880586e+00
4.482995141468991562e+01,4.344887241783889742e+00
4.484995713060875033e+01,4.417960173091023179e+00
4.486996284652757794e+01,5.329102452039942150e+00
4.488996856244641265e+01,5.548062604190711511e+00
4.490997427836524736e+01,5.735571396286812451e+00
4.492997999428408207e+01,5.238180458750157698e+00
4.494998571020291678e+01,5.203772978654864545e+00
4.496999142612175149e+01,5.853629151600131308e+00
4.498999714204058620e+01,5.439381524273580126e+00
4.501000285795942091e+01,5.629285097996903353e+00
4.503000857387825562e+01,5.580908878460700606e+00
4.505001428979709033e+01,5.792534375273293179e+00
4.507002000571591793e+01,5.771306787328438936e+00
4.509002572163475264e+01,6.041352169099237557e+00
4.511003143755358735e+01,5.843383523490720322e+00
4.513003715347242206e+01,6.563598914852318167e+00
4.515004286939125677e+01,6.196375468607049797e+00
4.517004858531009148e+01,6.571067018552199102e+00
4.519005430122892619e+01,5.752401901642754112e+00
4.521006001714776090e+01,6.662463973936268324e+00
4.523006573306659561e+01,6.943350817257911700e+00
4.525007144898542322e+01,6.894723202263095096e+00
4.527007716490425793e+01,7.288873789394244795e+00
4.529008288082309264e+01,7.080474319108434500e+00
4.531008859674192735e+01,6.976246166446395947e+00
4.533009431266076206e+01,7.340566596892724505e+00
4.535010002857959677e+01,6.983049511044125524e+00
4.537010574449843148e+01,7.796968681628195341e+00
4.539011146041726619e+01,7.232514294368138863e+00
4.541011717633610090e+01,8.008861688350460639e+00
4.543012289225492850e+01,8.146437526633171444e+00
4.545012860817376321e+01,7.569940216168203229e+00
4.547013432409259792e+01,8.108050730680705698e+00
4.549014004001143263e+01,8.747797350699421770e+00
4.551014575593026734e+01,9.329031581425947905e+00
4.553015147184910205e+01,9.602048504682041852e+00
4.555015718776793676e+01,9.224512024753490635e+00
4.557016290368677147e+01,9.745524421516362779e+00
4.559016861960560618e+01,1.071684603536162506e+01
4.561017433552444089e+01,1.051044204632535894e+01
4.563018005144326850e+01,1.012675871994774113e+01
4.565018576736210321e+01,1.015415623415453439e+01
4.567019148328093792e+01,1.151210160688640727e+01
4.569019719919977263e+01,1.097708246296543066e+01
4.571020291511860734e+01,1.136362310370549800e+01
4.573020863103744205e+01,1.196563504145812118e+01
4.575021434695627676e+01,1.160566682521784543e+01
4.577022006287511147e+01,1.207055466060095128e+01
4.579022577879394618e+01,1.156194076185367692e+01
4.581023149471277378e+01,1.264776460642654143e+01
4.583023721063160849e+01,1.223487679635375258e+01
4.585024292655044320e+01,1.324690429318526341e+01
4.587024864246927791e+01,1.267511965729584489e+01
4.589025435838811262e+01,1.292941203078443912e+01
4.591026007430694733e+01,1.362310618555840591e+01
4.593026579022578204e+01,1.322984819257031752e+01
4.595027150614461675e+01,1.381698672513025450e+01
4.597027722206345146e+01,1.350701339578011861e+01
4.599028293798228617e+01,1.452979381209685528e+01
4.601028865390111378e+01,1.372675689219375883e+01
4.603029436981994849e+01,1.447665087475609091e+01
4.605030008573878320e+01,1.385181575862207204e+01
4.607030580165761791e+01,1.344038081797978990e+01
4.609031151757645262e+01,1.427039899862143457e+01
4.611031723349528733e+01,1.340779019309957931e+01
4.613032294941412204e+01,1.341481389732031815e+01
4.615032866533295675e+01,1.272927972676912134e+01
4.617033438125179146e+01,1.341747152144123589e+01
4.619034009717061906e+01,1.334624115306472270e+01
4.621034581308945377e+01,1.308925876119380405e+01
4.623035152900828848e+01,1.298186866545590235e+01
4.625035724492712319e+01,1.259598823947716539e+01
4.627036296084595790e+01,1.210939879474788938e+01
4.629036867676479261e+01,1.132794722480997862e+01
4.631037439268362732e+01,1.052889959876254977e+01
4.633038010860246203e+01,1.005135866633925978e+01
4.635038582452129674e+01,9.948955054499675654e+00
4.637039154044012434e+01,9.489697347565837049e+00
4.639039725635895905e+01,8.264745855111174322e+00
4.641040297227779376e+01,8.426013542547249102e+00
4.643040868819662847e+01,8.987255395983430262e+00
4.645041440411546319e+01,7.434238880828484497e+00
4.647042012003429790e+01,8.003723178816851913e+00
4.649042583595313261e+01,7.266855514877494038e+00
4.651043155187196732e+01,7.315269475230730123e+00
4.653043726779080203e+01,6.917235394218334221e+00
4.655044298370963674e+01,6.550066144326773809e+00
4.657044869962846434e+01,7.155327743730564904e+00
4.659045441554729905e+01,5.460547747422378251e+00
4.661046013146613376e+01,6.114533091461479941e+00
4.663046584738496847e+01,5.859339581816627174e+00
4.665047156330380318e+01,5.660038745829808704e+00
4.667047727922263789e+01,5.450617981325551753e+00
4.669048299514147260e+01,6.024980316896034971e+00
4.671048871106030731e+01,6.095689001465661505e+00
4.673049442697914202e+01,5.102179648629524777e+00
4.675050014289796962e+01,5.339573055195583784e+00
4.677050585881680433e+01,5.346595298417373243e+00
4.679051157473563904e+01,4.459746475211943562e+00
4.681051729065447375e+01,5.343450492353981396e+00
4.683052300657330846e+01,5.158180924895058084e+00
4.685052872249214317e+01,4.771585800967520719e+00
4.687053443841097788e+01,4.785276317153979164e+00
4.689054015432981259e+01,4.436399695074729976e+00
4.691054587024864730e+01,5.406350965811686393e+00
4.693055158616748201e+01,4.971476987559338312e+00
4.695055730208630962e+01,3.899546550294869629e+00
4.697056301800514433e+01,4.801093351348569627e+00
4.699056873392397904e+01,4.610578030150956685e+00
4.701057444984281375e+01,5.353463500240913220e+00
4.703058016576164846e+01,4.911678500206538622e+00
4.705058588168048317e+01,4.404669662510799277e+00
4.707059159759931788e+01,4.875855056634042839e+00
4.709059731351815259e+01,5.333725458083864446e+00
4.711060302943698730e+01,4.733581831960204767e+00
4.713060874535581490e+01,5.070122012622421792e+00
4.715061446127464961e+01,4.890342768374809523e+00
4.717062017719348432e+01,5.288240879722318155e+00
4.719062589311231903e+01,4.549317528327436300e+00
4.721063160903115374e+01,4.765103611662056871e+00
4.723063732494998845e+01,5.390638497363189785e+00
4.725064304086882316e+01,4.788534755627904538e+00
4.727064875678765787e+01,5.373089344765632269e+00
4.729065447270649258e+01,5.437916495022846242e+00
4.731066018862532019e+01,4.696687121374297114e+00
4.733066590454415490e+01,4.264915965237890738e+00
4.735067162046298961e+01,5.012529292397680081e+00
4.737067733638182432e+01,5.352378435377800336e+00
4.739068305230065903e+01,5.512776616978447564e+00
4.741068876821949374e+01,5.812078212579701919e+00
4.743069448413832845e+01,6.211199045579652633e+00
4.745070020005716316e+01,5.247837929648173194e+00
4.747070591597599787e+01,6.051375307698574346e+00
4.749071163189483258e+01,5.125015596976783883e+00
4.751071734781366018e+01,5.993730847776607362e+00
4.753072306373249489e+01,6.179911704466171329e+00
4.755072877965132960e+01,6.281481191279683074e+00
4.757073449557016431e+01,5.670211000410686708e+00
4.759074021148899902e+01,6.545843292550430625e+00
4.761074592740783373e+01,7.176632279442989315e+00
4.763075164332666844e+01,6.682833344754240734e+00
4.765075735924550315e+01,6.807587323774063393e+00
4.767076307516433786e+01,6.648760078148903574e+00
4.769076879108316547e+01,7.316052123577291511e+00
4.771077450700200018e+01,7.653841951782873743e+00
4.773078022292083489e+01,7.411396303310676004e+00
4.775078593883966960e+01,7.822723705530707505e+00
4.777079165475850431e+01,8.189801531780688038e+00
4.779079737067733902e+01,8.432646193264908163e+00
4.781080308659617373e+01,8.013330907662115976e+00
4.783080880251500844e+01,8.388790635758416769e+00
4.785081451843384315e+01,8.924232967449000853e+00
4.787082023435267075e+01,8.735165905831774324e+00
4.789082595027150546e+01,9.255092584840713954e+00
4.791083166619034017e+01,8.647574218193593509e+00
4.793083738210917488e+01,9.494934489014241308e+00
4.795084309802800959e+01,9.002107941158691062e+00
4.797084881394684430e+01,9.145772196393014752e+00
4.799085452986567901e+01,9.162434852706038413e+00
4.801086024578451372e+01,9.120076441767302811e+00
4.803086596170334843e+01,8.651164372862290008e+00
4.805087167762218314e+01,8.490827925782676644e+00
4.807087739354101075e+01,9.103763030927559896e+00
4.809088310945984546e+01,8.984749427076115680e+00
4.811088882537868017e+01,9.379159647378177311e+00
4.813089454129751488e+01,8.396237630827368292e+00
4.815090025721634959e+01,8.124499541818753556e+00
4.817090597313518430e+01,8.463450270394956121e+00
4.819091168905401901e+01,8.490405490957799728e+00
4.821091740497285372e+01,9.113002245976316473e+00
4.823092312089168843e+01,8.012378125503191839e+00
4.825092883681051603e+01,8.011832245353614823e+00
4.827093455272935074e+01,7.014765347178354205e+00
4.829094026864818545e+01,8.184850577424558793e+00
4.831094598456702016e+01,7.072629402727627301e+00
4.833095170048585487e+01,7.462811969047876914e+00
4.835095741640468958e+01,7.178732426084280860e+00
4.837096313232352429e+01,7.680423036123581682e+00
4.839096884824235900e+01,7.564905830157128364e+00
4.841097456416119371e+01,6.898438270614120071e+00
4.843098028008002842e+01,7.600401285668880291e+00
4.845098599599885603e+01,7.215548548255518391e+00
4.847099171191769074e+01,7.667554078142698515e+00
4.849099742783652545e+01,6.999442603877445990e+00
4.851100314375536016e+01,7.539818712798368239e+00
4.853100885967419487e+01,7.634808984281372446e+00
4.855101457559302958e+01,7.557319174287481012e+00
4.857102029151186429e+01,8.126025256632825489e+00
4.859102600743069900e+01,8.899324382369456998e+00
4.861103172334953371e+01,8.115579205678223218e+00
4.863103743926836131e+01,8.532167973001461903e+00
4.865104315518719602e+01,8.603156488535320889e+00
4.867104887110603073e+01,8.626691895091051165e+00
4.869105458702486544e+01,9.607054275020042056e+00
4.871106030294370015e+01,9.347505467013643710e+00
4.873106601886253486e+01,9.383516429884380727e+00
4.875107173478136957e+01,9.938657374295463143e+00
4.877107745070020428e+01,1.004549514158267698e+01
4.879108316661903899e+01,9.980019628683590938e+00
4.881108888253786660e+01,1.071042610522447625e+01
4.883109459845670131e+01,1.163451779855098778e+01
4.885110031437553602e+01,1.192441818019065281e+01
4.887110603029437073e+01,1.221965342626132589e+01
4.889111174621320544e+01,1.178427771354215636e+01
4.891111746213204015e+01,1.275728281053602764e+01
4.893112317805087486e+01,1.285071575344715811e+01
4.895112889396970957e+01,1.325606815560815477e+01
4.897113460988854428e+01,1.390389485678903547e+01
4.899114032580737899e+01,1.493519668649301479e+01
4.901114604172620659e+01,1.494812946610769089e+01
4.903115175764504130e+01,1.513808147875536392e+01
4.905115747356387601e+01,1.548665358194329933e+01
4.907116318948271072e+01,1.619250294287285286e+01
4.909116890540154543e+01,1.632494232091019626e+01
4.911117462132038014e+01,1.635201293892324159e+01
4.913118033723921485e+01,1.657214083884340639e+01
4.915118605315804956e+01,1.744184065373507053e+01
4.917119176907688427e+01,1.689869192457570790e+01
4.919119748499571187e+01,1.738853464575874952e+01
4.921120320091454658e+01,1.778499653564781369e+01
4.923120891683338129e+01,1.895026973335652443e+01
4.925121463275221600e+01,1.973298433149599873e+01
4.927122034867105071e+01,1.966641855635549163e+01
4.929122606458988542e+01,1.961423350827518419e+01
4.931123178050872014e+01,1.986220606211551143e+01
4.933123749642755485e+01,2.036233637931176332e+01
4.935124321234638956e+01,2.031918753835915936e+01
4.937124892826522427e+01,1.987000466387840447e+01
4.939125464418405187e+01,2.067221862440802127e+01
4.941126036010288658e+01,2.056238099580204803e+01
4.943126607602172129e+01,2.076408170795965447e+01
4.945127179194055600e+01,2.099280190746251051e+01
4.947127750785939071e+01,2.158614782555904554e+01
4.949128322377822542e+01,2.121421318049036486e+01
4.951128893969706013e+01,2.129277837880314195e+01
4.953129465561589484e+01,2.105651480200984693e+01
4.955130037153472955e+01,2.146897629480181990e+01
4.957130608745355715e+01,2.058026646010879190e+01
4.959131180337239186e+01,2.157422998358492805e+01
4.961131751929122657e+01,2.121690314796243371e+01
4.963132323521006128e+01,2.137235640933761971e+01
4.965132895112889599e+01,2.045193448291000848e+01
4.967133466704773070e+01,2.037675847452306499e+01
4.969134038296656541e+01,2.111111063987216951e+01
4.971134609888540012e+01,2.136323492676424962e+01
4.973135181480423483e+01,2.098049120787769084e+01
4.975135753072306244e+01,2.048798287838192422e+01
4.977136324664189715e+01,2.038231607987273364e+01
4.979136896256073186e+01,2.049077677552787335e+01
4.981137467847956657e+01,1.994198584785673134e+01
4.983138039439840128e+01,1.905696146435087712e+01
4.985138611031723599e+01,1.910302597917872447e+01
4.987139182623607070e+01,1.924442496537803038e+01
4.989139754215490541e+01,1.810448299594532884e+01
4.991140325807374012e+01,1.804808467968230445e+01
4.993140897399257483e+01,1.802564930429998924e+01
4.995141468991140243e+01,1.772625362517980463e+01
4.997142040583023714e+01,1.808240268621114311e+01
4.999142612174907185e+01,1.719070464068530413e+01
5.001143183766790656e+01,1.649330879581865972e+01
5.003143755358674127e+01,1.705840722522134456e+01
5.005144326950557598e+01,1.686462088190616626e+01
5.007144898542441069e+01,1.676871825939523220e+01
5.009145470134324540e+01,1.605221675196026965e+01
5.011146041726208011e+01,1.570266207696838023e+01
5.013146613318090772e+01,1.559255943494147445e+01
5.015147184909974243e+01,1.535658958542852126e+01
5.017147756501857714e+01,1.566247616345597393e+01
5.019148328093741185e+01,1.479015183839874759e+01
5.021148899685624656e+01,1.476223166195593528e+01
5.023149471277508127e+01,1.468723933091478706e+01
5.025150042869391598e+01,1.559776178551158132e+01
5.027150614461275069e+01,1.484706062373085445e+01
5.029151186053158540e+01,1.554529669541104120e+01
5.031151757645042011e+01,1.487955495603637956e+01
5.033152329236924771e+01,1.515083541307221537e+01
5.035152900828808242e+01,1.497045162010849140e+01
5.037153472420691713e+01,1.516356258013823677e+01
5.039154044012575184e+01,1.533299897249576560e+01
5.041154615604458655e+01,1.483328835249526279e+01
5.043155187196342126e+01,1.502342877429671475e+01
5.045155758788225597e+01,1.495850170849637806e+01
5.047156330380109068e+01,1.475874051915005580e+01
5.049156901971992539e+01,1.547112423385300772e+01
5.051157473563875300e+01,1.543873342803582460e+01
5.053158045155758771e+01,1.464316098902129859e+01
5.055158616747642242e+01,1.503065190423394881e+01
5.057159188339525713e+01,1.540694988350567662e+01
5.059159759931409184e+01,1.543019849888394646e+01
5.061160331523292655e+01,1.496102513173562798e+01
5.063160903115176126e+01,1.446887043678006179e+01
5.065161474707059597e+01,1.455103522986995301e+01
5.067162046298943068e+01,1.467871874824916922e+01
5.069162617890825828e+01,1.428796541774846496e+01
5.071163189482709299e+01,1.325426659418534925e+01
5.073163761074592770e+01,1.286705875629803586e+01
5.075164332666476241e+01,1.269913981518307722e+01
5.077164904258359712e+01,1.174868676508003418e+01
5.079165475850243183e+01,1.110049588599893156e+01
5.081166047442126654e+01,1.152204652514402916e+01
5.083166619034010125e+01,1.063620483924589344e+01
5.085167190625893596e+01,1.119066529822314493e+01
5.087167762217777067e+01,1.069980553990043326e+01
5.089168333809659828e+01,9.802874402815579202e+00
5.091168905401543299e+01,9.539193969923818628e+00
5.093169476993426770e+01,8.484867946842447495e+00
5.095170048585310241e+01,9.649339757214102420e+00
5.097170620177193712e+01,8.543158718972399868e+00
5.099171191769077183e+01,8.263441746416608780e+00
5.101171763360960654e+01,7.987373146575678540e+00
5.103172334952844125e+01,7.257787243170272795e+00
5.105172906544727596e+01,7.421659268368132167e+00
5.107173478136610356e+01,7.771939863305484586e+00
5.109174049728493827e+01,7.329772180061638664e+00
5.111174621320377298e+01,7.256438377511089222e+00
5.113175192912260769e+01,7.075794381490824847e+00
5.115175764504144240e+01,6.680621229271151762e+00
5.117176336096027711e+01,6.956933606966366312e+00
5.119176907687911182e+01,6.294260581866779170e+00
5.121177479279794653e+01,6.318162290902154865e+00
5.123178050871678124e+01,6.462984316061890055e+00
5.125178622463561595e+01,5.952246570179626772e+00
5.127179194055444356e+01,6.484001598972341185e+00
5.129179765647327827e+01,6.433682991068389256e+00
5.131180337239211298e+01,6.314833564601511462e+00
5.133180908831094769e+01,5.753737795255318588e+00
5.135181480422978240e+01,6.270886819205698792e+00
5.137182052014861711e+01,6.544288999071010693e+00
5.139182623606745182e+01,6.472713917615321222e+00
5.141183195198628653e+01,5.917760204346874886e+00
5.143183766790512124e+01,6.257544957787969153e+00
5.145184338382394884e+01,6.407466367557502984e+00
5.147184909974278355e+01,5.961191661548321363e+00
5.149185481566161826e+01,5.343125623891922693e+00
5.151186053158045297e+01,5.955027354317219412e+00
5.153186624749928768e+01,5.988319962604332858e+00
5.155187196341812239e+01,6.793345367307883187e+00
5.157187767933695710e+01,5.888425631364034629e+00
5.159188339525579181e+01,5.782551266070914409e+00
5.161188911117462652e+01,6.902138255701125047e+00
5.163189482709345413e+01,6.761702584197911037e+00
5.165190054301228884e+01,5.725715624806262838e+00
5.167190625893112355e+01,6.130285734032736578e+00
5.169191197484995826e+01,5.966626242589832430e+00
5.171191769076879297e+01,6.382097445902227051e+00
5.173192340668762768e+01,6.303035334850783045e+00
5.175192912260646239e+01,6.028523550903857497e+00
5.177193483852529710e+01,6.027766057789125220e+00
5.179194055444413181e+01,6.005346298178490194e+00
5.181194627036296652e+01,6.287613516086361543e+00
5.183195198628179412e+01,6.546969718427275708e+00
5.185195770220062883e+01,6.896717049251708254e+00
5.187196341811946354e+01,6.316903572358942398e+00
5.189196913403829825e+01,6.114957163024758557e+00
5.191197484995713296e+01,6.088757440115239561e+00
5.193198056587596767e+01,6.694969462957790718e+00
5.195198628179480238e+01,5.506866745178515821e+00
5.197199199771363709e+01,6.152817078408267193e+00
5.199199771363247180e+01,6.560480878589691756e+00
5.201200342955129940e+01,5.887785211992317080e+00
5.203200914547013411e+01,5.917786229992849201e+00
5.205201486138896882e+01,5.535541902863311492e+00
5.207202057730780353e+01,5.182536507724604391e+00
5.209202629322663824e+01,6.170829571009508463e+00
5.211203200914547295e+01,6.359531874015257991e+00
5.213203772506430766e+01,5.526292751767786449e+00
5.215204344098314237e+01,5.892513879258634901e+00
5.217204915690197708e+01,6.209122039276477878e+00
5.219205487282081180e+01,6.416590263044006370e+00
5.221206058873963940e+01,6.093429192391544902e+00
5.223206630465847411e+01,6.197975050200125402e+00
5.225207202057730882e+01,5.894163299742506190e+00
5.227207773649614353e+01,6.637861420338408536e+00
5.229208345241497824e+01,5.719946207298550966e+00
5.231208916833381295e+01,6.206296045974919018e+00
5.233209488425264766e+01,5.803582613282241454e+00
5.235210060017148237e+01,6.280777516075652933e+00
5.237210631609031708e+01,5.313873952506819265e+00
5.239211203200914468e+01,5.457288224056141779e+00
5.241211774792797939e+01,5.813401452676254522e+00
5.243212346384681410e+01,6.516384196864922096e+00
5.245212917976564881e+01,5.432912337087071108e+00
5.247213489568448352e+01,6.040119756661084693e+00
5.249214061160331823e+01,6.298819055533253497e+00
5.251214632752215294e+01,6.637404004182029027e+00
5.253215204344098765e+01,5.782154679326897195e+00
5.255215775935982236e+01,5.723025800316864142e+00
5.257216347527864997e+01,5.661088265190681312e+00
5.259216919119748468e+01,6.538272802449187182e+00
5.261217490711631939e+01,6.116458488677514183e+00
5.263218062303515410e+01,5.986438691804592871e+00
5.265218633895398881e+01,4.979888071131091998e+00
5.267219205487282352e+01,5.299920301456139349e+00
5.269219777079165823e+01,5.429678951053633185e+00
5.271220348671049294e+01,6.598505987291158448e+00
5.273220920262932765e+01,6.410797125969398991e+00
5.275221491854816236e+01,5.077626481837492989e+00
5.277222063446698996e+01,5.377026411200937162e+00
5.279222635038582467e+01,4.870225078369534444e+00
5.281223206630465938e+01,5.319379409692683858e+00
5.283223778222349409e+01,5.331950493538989200e+00
5.285224349814232880e+01,6.191418146350658347e+00
5.287224921406116351e+01,5.786113467279912825e+00
5.289225492997999822e+01,5.271809000333284700e+00
5.291226064589883293e+01,5.669210595255840701e+00
5.293226636181766764e+01,5.245022189874090301e+00
5.295227207773649525e+01,5.653436857069774391e+00
5.297227779365532996e+01,4.943755868898533912e+00
5.299228350957416467e+01,5.942089242408895799e+00
5.301228922549299938e+01,5.831233699204834586e+00
5.303229494141183409e+01,5.791380065867485882e+00
5.305230065733066880e+01,4.977467627080274681e+00
5.307230637324950351e+01,5.497673185611463786e+00
5.309231208916833822e+01,4.710436851763320831e+00
5.311231780508717293e+01,5.569241404304431597e+00
5.313232352100600764e+01,4.581529109135241029e+00
5.315232923692483524e+01,5.100915517021968881e+00
5.317233495284366995e+01,5.732409650251933719e+00
5.319234066876250466e+01,5.141690452849404736e+00
5.321234638468133937e+01,5.302463515476008915e+00
5.323235210060017408e+01,5.344626645358340866e+00
5.325235781651900879e+01,6.071154463346696062e+00
5.327236353243784350e+01,5.222583176420764417e+00
5.329236924835667821e+01,5.376264924295950820e+00
5.331237496427551292e+01,4.665364597874960495e+00
5.333238068019434053e+01,5.323542788368403222e+00
5.335238639611317524e+01,5.487204470122915012e+00
5.337239211203200995e+01,5.430819992437410981e+00
5.339239782795084466e+01,5.461229698586528514e+00
5.341240354386967937e+01,5.617024240320789730e+00
5.343240925978851408e+01,6.035682143562764779e+00
5.345241497570734879e+01,5.112048380280140414e+00
5.347242069162618350e+01,4.721958575983373763e+00
5.349242640754501821e+01,5.500532688250306279e+00
5.351243212346384581e+01,6.390338225740377354e+00
5.353243783938268052e+01,5.692209169431194482e+00
5.355244355530151523e+01,6.037297413990732053e+00
5.357244927122034994e+01,5.181896401412138253e+00
5.359245498713918465e+01,5.073344133969197145e+00
5.361246070305801936e+01,5.331179580705605048e+00
5.363246641897685407e+01,5.372310683444979418e+00
5.365247213489568878e+01,5.512650570533587313e+00
5.367247785081452349e+01,5.770587125697504760e+00
5.369248356673335820e+01,5.672380733391777063e+00
5.371248928265218581e+01,6.081355950687541423e+00
5.373249499857102052e+01,5.414654376342769915e+00
5.375250071448985523e+01,4.655550427499858479e+00
5.377250643040868994e+01,4.993083867388652841e+00
5.379251214632752465e+01,4.963473977079218002e+00
5.381251786224635936e+01,4.513943758115468441e+00
5.383252357816519407e+01,5.753586937296949699e+00
5.385252929408402878e+01,4.548936779878035352e+00
5.387253501000286349e+01,5.306213061892258942e+00
5.389254072592169109e+01,4.806140108922583920e+00
5.391254644184052580e+01,4.615863712593101909e+00
5.393255215775936051e+01,4.549524945194455938e+00
5.395255787367819522e+01,3.929178182764399452e+00
5.397256358959702993e+01,4.358982727592509931e+00
5.399256930551586464e+01,4.420200653000684987e+00
5.401257502143469935e+01,4.398460035867879370e+00
5.403258073735353406e+01,4.472262057909039967e+00
5.405258645327236877e+01,4.609682550943431600e+00
5.407259216919120348e+01,4.668656585891611144e+00
5.409259788511003109e+01,4.676887934709386130e+00
5.411260360102886580e+01,4.959357193053294921e+00
5.413260931694770051e+01,4.489043458818619214e+00
5.415261503286653522e+01,4.330893072584530046e+00
5.417262074878536993e+01,4.648436231770348925e+00
5.419262646470420464e+01,4.622583253346173926e+00
5.421263218062303935e+01,4.638366643688068613e+00
5.423263789654187406e+01,5.066951942477958326e+00
5.425264361246070877e+01,4.701121135762035053e+00
5.427264932837953637e+01,4.836369378720103640e+00
5.429265504429837108e+01,4.608745589648850505e+00
5.431266076021720579e+01,3.803741939500851821e+00
5.433266647613604050e+01,4.160864257929533849e+00
5.435267219205487521e+01,4.266627154923288145e+00
5.437267790797370992e+01,4.302482093797175722e+00
5.439268362389254463e+01,5.060792544651087965e+00
5.441268933981137934e+01,3.814649133416533999e+00
5.443269505573021405e+01,4.161888435780358719e+00
5.445270077164904166e+01,4.532382998160537468e+00
5.447270648756787637e+01,4.273290826766326767e+00
5.449271220348671108e+01,4.129945080807042146e+00
5.451271791940554579e+01,4.761184212516509362e+00
5.453272363532438050e+01,4.680428221635532182e+00
5.455272935124321521e+01,4.880837961442192174e+00
5.457273506716204992e+01,5.047407906513669218e+00
5.459274078308088463e+01,4.448647817687964690e+00
5.461274649899971934e+01,4.267920418267502569e+00
5.463275221491855405e+01,5.185731691653160169e+00
5.465275793083738165e+01,5.473384616861780572e+00
5.467276364675621636e+01,4.243368756077155801e+00
5.469276936267505107e+01,3.781034800472684587e+00
5.471277507859388578e+01,4.831116732448509588e+00
5.473278079451272049e+01,3.951907880548849672e+00
5.475278651043155520e+01,4.601591782200435965e+00
5.477279222635038991e+01,5.048705898242182855e+00
5.479279794226922462e+01,5.628120720397597587e+00
5.481280365818805933e+01,5.235937333361994739e+00
5.483280937410688693e+01,4.928420862649369738e+00
5.485281509002572164e+01,6.233932713474152898e+00
5.487282080594455635e+01,4.747758437149550481e+00
5.489282652186339106e+01,5.894866734236166472e+00
5.491283223778222577e+01,5.556722836050623116e+00
5.493283795370106048e+01,5.610337200540796765e+00
5.495284366961989519e+01,5.396809246390168013e+00
5.497284938553872990e+01,6.074589623884095957e+00
5.499285510145756461e+01,5.684678966738372807e+00
5.501286081737639222e+01,7.022108503129071977e+00
5.503286653329522693e+01,5.905788462339584655e+00
5.505287224921406164e+01,6.906497411821616694e+00
5.507287796513289635e+01,7.119617846101845338e+00
5.509288368105173106e+01,7.642259746141513155e+00
5.511288939697056577e+01,6.999295926875628737e+00
5.513289511288940048e+01,7.133942338210358614e+00
5.515290082880823519e+01,7.321525747935322848e+00
5.517290654472706990e+01,7.118054502857600774e+00
5.519291226064590461e+01,7.656115604693008336e+00
5.521291797656473221e+01,7.351490977655001480e+00
5.523292369248356692e+01,6.928811192013236919e+00
5.525292940840240163e+01,7.430934870936365400e+00
5.527293512432123634e+01,6.654432665698107208e+00
5.529294084024007105e+01,7.720483516506856603e+00
5.531294655615890576e+01,8.095159721652086304e+00
5.533295227207774047e+01,7.145122181196722266e+00
5.535295798799657518e+01,7.433082553193118613e+00
5.537296370391540989e+01,7.344312128720334343e+00
5.539296941983423750e+01,6.774733083845013937e+00
5.541297513575307221e+01,7.067863380636298487e+00
5.543298085167190692e+01,6.737209160554460396e+00
5.545298656759074163e+01,7.118478192807753402e+00
5.547299228350957634e+01,6.696032389252334127e+00
5.549299799942841105e+01,7.506821161767229356e+00
5.551300371534724576e+01,7.012409326367169626e+00
5.553300943126608047e+01,6.711400797583743305e+00
5.555301514718491518e+01,5.751370390827393209e+00
5.557302086310374989e+01,6.718353777851774566e+00
5.559302657902257749e+01,5.857057916563880084e+00
5.561303229494141220e+01,6.802086704400950978e+00
5.563303801086024691e+01,6.051091757596353204e+00
5.565304372677908162e+01,6.731982773623751193e+00
5.567304944269791633e+01,6.278040530246558504e+00
5.569305515861675104e+01,6.541888162099330550e+00
5.571306087453558575e+01,6.558182165884002046e+00
5.573306659045442046e+01,5.889860140281221845e+00
5.575307230637325517e+01,6.658087041890254909e+00
5.577307802229208278e+01,5.986422153287361603e+00
5.579308373821091749e+01,6.962763417530092980e+00
5.581308945412975220e+01,6.171722215083452312e+00
5.583309517004858691e+01,5.774315308111704681e+00
5.585310088596742162e+01,5.141210808707920243e+00
5.587310660188625633e+01,6.186083586351572627e+00
5.589311231780509104e+01,5.836367866047807773e+00
5.591311803372392575e+01,5.748726913609660372e+00
5.593312374964276046e+01,6.420501547340077941e+00
5.595312946556158806e+01,5.713283757739412216e+00
5.597313518148042277e+01,5.492627050480335171e+00
5.599314089739925748e+01,6.109026393311905778e+00
5.601314661331809219e+01,6.069612233876346075e+00
5.603315232923692690e+01,5.638297050462528048e+00
5.605315804515576161e+01,5.766243872262666770e+00
5.607316376107459632e+01,6.138620579718695680e+00
5.609316947699343103e+01,5.224755859903224220e+00
5.611317519291226574e+01,5.297038711101116348e+00
5.613318090883110045e+01,5.915344031707776118e+00
5.615318662474992806e+01,5.631725633714257384e+00
5.617319234066876277e+01,5.138123370588912664e+00
5.619319805658759748e+01,5.833299459870078252e+00
5.621320377250643219e+01,4.503530863749047874e+00
5.623320948842526690e+01,5.148960736088701751e+00
5.625321520434410161e+01,4.838653158290976641e+00
5.627322092026293632e+01,5.774138625298137484e+00
5.629322663618177103e+01,5.041485526308449039e+00
5.631323235210060574e+01,4.813692745403322704e+00
5.633323806801943334e+01,5.172967925380050680e+00
5.635324378393826805e+01,4.602275054211986571e+00
5.637324949985710276e+01,5.158631814475700850e+00
5.639325521577593747e+01,4.695751385371603526e+00
5.641326093169477218e+01,4.510917186370250853e+00
5.643326664761360689e+01,4.796092003151401606e+00
5.645327236353244160e+01,4.932124021753562459e+00
5.647327807945127631e+01,4.711824109420152951e+00
5.649328379537011102e+01,4.326560440080319481e+00
5.651328951128894573e+01,5.207411915318422402e+00
5.653329522720777334e+01,5.110097016785338120e+00
5.655330094312660805e+01,5.087965315299095792e+00
5.657330665904544276e+01,3.939300114369092665e+00
5.659331237496427747e+01,4.047315378517003737e+00
5.661331809088311218e+01,4.614450951590885808e+00
5.663332380680194689e+01,4.469772269674736620e+00
5.665332952272078160e+01,5.152493393559105073e+00
5.667333523863961631e+01,5.016609007883696236e+00
5.669334095455845102e+01,5.138475973527533824e+00
5.671334667047727862e+01,4.334126801197022871e+00
5.673335238639611333e+01,5.061804962565963351e+00
5.675335810231494804e+01,4.184016733286113343e+00
5.677336381823378275e+01,4.462623129983462889e+00
5.679336953415261746e+01,4.550895308981771414e+00
5.681337525007145217e+01,4.460805816368617727e+00
5.683338096599028688e+01,5.246173897639034855e+00
5.685338668190912159e+01,4.395009965539678376e+00
5.687339239782795630e+01,4.618624102874234083e+00
5.689339811374678391e+01,4.926526810899106046e+00
5.691340382966561862e+01,4.719745929054785627e+00
5.693340954558445333e+01,4.099731381352982318e+00
5.695341526150328804e+01,4.428528240048295039e+00
5.697342097742212275e+01,4.148486391105546289e+00
5.699342669334095746e+01,4.719736371990990165e+00
5.701343240925979217e+01,4.472743571614000935e+00
5.703343812517862688e+01,5.102209681170306155e+00
5.705344384109746159e+01,4.464395895176335394e+00
5.707344955701629630e+01,5.072207646625638056e+00
5.709345527293512390e+01,5.032215932368979239e+00
5.711346098885395861e+01,4.307129784105934611e+00
5.713346670477279332e+01,5.415762982057493069e+00
5.715347242069162803e+01,4.816096645806843490e+00
5.717347813661046274e+01,5.286078307954134914e+00
5.719348385252929745e+01,4.779992681304682023e+00
5.721348956844813216e+01,4.931445220602325819e+00
5.723349528436696687e+01,4.738490111198327526e+00
5.725350100028580158e+01,5.686334653004163187e+00
5.727350671620462919e+01,5.375762627447445929e+00
5.729351243212346390e+01,4.511022884096796304e+00
5.731351814804229861e+01,5.248515112398376203e+00
5.733352386396113332e+01,4.396373050091852974e+00
5.735352957987996803e+01,4.757045369239463639e+00
5.737353529579880274e+01,4.514226905562670922e+00
5.739354101171763745e+01,5.396554434619778462e+00
5.741354672763647216e+01,5.936031470929151510e+00
5.743355244355530687e+01,6.235385878317764252e+00
5.745355815947414158e+01,5.689175349505138257e+00
5.747356387539296918e+01,5.098984640156919212e+00
5.749356959131180389e+01,5.609006077718325933e+00
5.751357530723063860e+01,5.068271858602157565e+00
5.753358102314947331e+01,5.754110069701675378e+00
5.755358673906830802e+01,5.602994227992351028e+00
5.757359245498714273e+01,6.024723737796426448e+00
5.759359817090597744e+01,5.685765378382956925e+00
5.761360388682481215e+01,6.089157938523269920e+00
5.763360960274364686e+01,6.564449047477801891e+00
5.765361531866247446e+01,6.079716706547573679e+00
5.767362103458130917e+01,6.277547926468916906e+00
5.769362675050014388e+01,6.545941022521457597e+00
5.771363246641897859e+01,6.278429883241884113e+00
5.773363818233781330e+01,6.968104417424027197e+00
5.775364389825664801e+01,6.680143599374499530e+00
5.777364961417548272e+01,6.822663169784056514e+00
5.779365533009431743e+01,7.299017063809784212e+00
5.781366104601315214e+01,6.866906652703496761e+00
5.783366676193197975e+01,7.223774963171488928e+00
5.785367247785081446e+01,8.513543399293475034e+00
5.787367819376964917e+01,8.181563806760669522e+00
5.789368390968848388e+01,8.388226302208490637e+00
5.791368962560731859e+01,8.019720065908529705e+00
5.793369534152615330e+01,8.280594066102825224e+00
5.795370105744498801e+01,8.701078212209445439e+00
5.797370677336382272e+01,8.338123743373762053e+00
5.799371248928265743e+01,8.890120911532157777e+00
5.801371820520149214e+01,9.510417808008519103e+00
5.803372392112031974e+01,9.249927435756671201e+00
5.805372963703915445e+01,9.300964444363172490e+00
5.807373535295798916e+01,1.004081584444101871e+01
5.809374106887682387e+01,1.006597588966459256e+01
5.811374678479565858e+01,9.531583189618034524e+00
5.813375250071449329e+01,9.885870226399456229e+00
5.815375821663332800e+01,1.053446517149821737e+01
5.817376393255216271e+01,1.185318537967382824e+01
5.819376964847099742e+01,1.166490879972456085e+01
5.821377536438982503e+01,1.132453393000724162e+01
5.823378108030865974e+01,1.180911300457740154e+01
5.825378679622749445e+01,1.261148311000389910e+01
5.827379251214632916e+01,1.263386509231905919e+01
5.829379822806516387e+01,1.330669586218832556e+01
5.831380394398399858e+01,1.312687130303521776e+01
5.833380965990283329e+01,1.324177228961267616e+01
5.835381537582166800e+01,1.491527308889518721e+01
5.837382109174050271e+01,1.478532143673020371e+01
5.839382680765933742e+01,1.484755954998423810e+01
5.841383252357816502e+01,1.555903233819077336e+01
5.843383823949699973e+01,1.647358317363431368e+01
5.845384395541583444e+01,1.636699125436271274e+01
5.847384967133466915e+01,1.676552102085423002e+01
5.849385538725350386e+01,1.710584155340310275e+01
5.851386110317233857e+01,1.716328115124545661e+01
5.853386681909117328e+01,1.728683055585515760e+01
5.855387253501000799e+01,1.779505035237922783e+01
5.857387825092884270e+01,1.812358414721776256e+01
5.859388396684767031e+01,1.902636654950056183e+01
5.861388968276650502e+01,1.852000573841990061e+01
5.863389539868533973e+01,1.949048177903624435e+01
5.865390111460417444e+01,1.944867171404141715e+01
5.867390683052300915e+01,1.923010481540450201e+01
5.869391254644184386e+01,1.908183213521846611e+01
5.871391826236067857e+01,1.981730393975083260e+01
5.873392397827951328e+01,1.999755864268773564e+01
5.875392969419834799e+01,1.984038892952381516e+01
5.877393541011717559e+01,2.017157857781860386e+01
5.879394112603601030e+01,1.991646940872425731e+01
5.881394684195484501e+01,2.087660446357230626e+01
5.883395255787367972e+01,1.968805699606365067e+01
5.885395827379251443e+01,2.032115232252656156e+01
5.887396398971134914e+01,2.061038777300088043e+01
5.889396970563018385e+01,1.999523853370599724e+01
5.891397542154901856e+01,2.021311875069407904e+01
5.893398113746785327e+01,2.017662663124715294e+01
5.895398685338668798e+01,1.995544165433701167e+01
5.897399256930551559e+01,1.930684137464104566e+01
5.899399828522435030e+01,1.990220127954220430e+01
5.901400400114318501e+01,1.968964748840734202e+01
5.903400971706201972e+01,1.972172720062399165e+01
5.905401543298085443e+01,1.908102327317934055e+01
5.907402114889968914e+01,1.887918658614161060e+01
5.909402686481852385e+01,1.860538849725816135e+01
5.911403258073735856e+01,1.874257589576385286e+01
5.913403829665619327e+01,1.852052095919832198e+01
5.915404401257502087e+01,1.850607366363080075e+01
5.917404972849385558e+01,1.733289520953885443e+01
5.919405544441269029e+01,1.790105714774084689e+01
5.921406116033152500e+01,1.800202304375978457e+01
5.923406687625035971e+01,1.772579532844746453e+01
5.925407259216919442e+01,1.653000420534468162e+01
5.927407830808802913e+01,1.673837477843735400e+01
5.929408402400686384e+01,1.559310069580474511e+01
5.931408973992569855e+01,1.576969763380094136e+01
5.933409545584453326e+01,1.494788904929576390e+01
5.935410117176336087e+01,1.494917446374350867e+01
5.937410688768219558e+01,1.418546022347463342e+01
5.939411260360103029e+01,1.483382598653051687e+01
5.941411831951986500e+01,1.438707492104997776e+01
5.943412403543869971e+01,1.351835310409122037e+01
5.945412975135753442e+01,1.406006641187517126e+01
5.947413546727636913e+01,1.328735926307399495e+01
5.949414118319520384e+01,1.213551918077765635e+01
5.951414689911403855e+01,1.225142920824154302e+01
5.953415261503286615e+01,1.165516606919525522e+01
5.955415833095170086e+01,1.130703626152191532e+01
5.957416404687053557e+01,1.057801482950036842e+01
5.959416976278937028e+01,1.054819187467261266e+01
5.961417547870820499e+01,1.021457655394252662e+01
5.963418119462703970e+01,1.063985669307079185e+01
5.965418691054587441e+01,9.497890188162624980e+00
5.967419262646470912e+01,9.596537045741364125e+00
5.969419834238354383e+01,9.106584077160736257e+00
5.971420405830237144e+01,9.307531331223602322e+00
5.973420977422120615e+01,9.506080219628280759e+00
5.975421549014004086e+01,9.669792697618749600e+00
5.977422120605887557e+01,9.393118442237643251e+00
5.979422692197771028e+01,8.240816800651845853e+00
5.981423263789654499e+01,8.607166391062463617e+00
5.983423835381537970e+01,7.937024705512156331e+00
5.985424406973421441e+01,7.703674276998564885e+00
5.987424978565304912e+01,7.823262526789205751e+00
5.989425550157188383e+01,7.128070771300393460e+00
5.991426121749071143e+01,7.616126547922418943e+00
5.993426693340954614e+01,7.453810337840165445e+00
5.995427264932838085e+01,7.137596590629144977e+00
5.997427836524721556e+01,6.751530645173108525e+00
5.999428408116605027e+01,6.620092008485128687e+00
6.001428979708488498e+01,7.044446430373572987e+00
6.003429551300371969e+01,7.284459475198667988e+00
6.005430122892255440e+01,6.407400415217097134e+00
6.007430694484138911e+01,7.155876312460194733e+00
6.009431266076021672e+01,6.178366344060902904e+00
6.011431837667905143e+01,7.034490983399980912e+00
6.013432409259788614e+01,6.166130619174334804e+00
6.015432980851672085e+01,6.422436918165045583e+00
6.017433552443555556e+01,6.350295396125922309e+00
6.019434124035439027e+01,6.123191385599644931e+00
6.021434695627322498e+01,6.017930363532705940e+00
6.023435267219205969e+01,6.722428532027984183e+00
6.025435838811089440e+01,5.861053749120700651e+00
6.027436410402972911e+01,5.819418377199472303e+00
6.029436981994855671e+01,5.381730731580550042e+00
6.031437553586739142e+01,6.047939664492099965e+00
6.033438125178622613e+01,6.924310169996122255e+00
6.035438696770506084e+01,6.062893056148102922e+00
6.037439268362389555e+01,6.559350975663461369e+00
6.039439839954273026e+01,5.981773172307253361e+00
6.041440411546156497e+01,6.105685135884431958e+00
6.043440983138039968e+01,6.546230254136520266e+00
6.045441554729923439e+01,6.413777422140630513e+00
6.047442126321806199e+01,6.514933333663128323e+00
6.049442697913689670e+01,6.820093651507348476e+00
6.051443269505573141e+01,5.970340173606218492e+00
6.053443841097456612e+01,7.276350046834956231e+00
6.055444412689340083e+01,6.750101026675024762e+00
6.057444984281223554e+01,6.696739484673064347e+00
6.059445555873107025e+01,7.127468008181851999e+00
6.061446127464990496e+01,7.348600160039453044e+00
6.063446699056873967e+01,7.368218357529029205e+00
6.065447270648756728e+01,7.516106573100868715e+00
6.067447842240640199e+01,6.976087401548493716e+00
6.069448413832523670e+01,7.230372466267768417e+00
6.071448985424407141e+01,8.124817101053185553e+00
6.073449557016290612e+01,8.310186000318427801e+00
6.075450128608174083e+01,8.345789970218236320e+00
6.077450700200057554e+01,8.699460777157494107e+00
6.079451271791941025e+01,8.469009342533370344e+00
6.081451843383824496e+01,8.710948313411172705e+00
6.083452414975707967e+01,8.479665489841764270e+00
6.085452986567590727e+01,8.947438984315819965e+00
6.087453558159474198e+01,7.984290615902246202e+00
6.089454129751357669e+01,8.689796380792886410e+00
6.091454701343241140e+01,8.592391641883411424e+00
6.093455272935124611e+01,8.842193644272725805e+00
6.095455844527008082e+01,8.829165032968298021e+00
6.097456416118891553e+01,8.758117982770121657e+00
6.099456987710775024e+01,8.626539257166978558e+00
6.101457559302658495e+01,8.167624168971308052e+00
6.103458130894541256e+01,8.585341043546067752e+00
6.105458702486424727e+01,7.957995424757201341e+00
6.107459274078308198e+01,9.166031233653392007e+00
6.109459845670191669e+01,9.021709525214856029e+00
6.111460417262075140e+01,8.348944494737466471e+00
6.113460988853958611e+01,8.752659225273578869e+00
6.115461560445842082e+01,8.533198709316563324e+00
6.117462132037725553e+01,8.561312058678090864e+00
6.119462703629609024e+01,8.283402998555917662e+00
6.121463275221492495e+01,8.586963687083862595e+00
6.123463846813375255e+01,8.567771478920507278e+00
6.125464418405258726e+01,8.707647050425830315e+00
6.127464989997142197e+01,8.402034157200809261e+00
6.129465561589025668e+01,8.045593536414969549e+00
6.131466133180909139e+01,8.547099745351317779e+00
6.133466704772792610e+01,7.722271486617600544e+00
6.135467276364676081e+01,8.489816568453580459e+00
6.137467847956559552e+01,7.958043317308425735e+00
6.139468419548443023e+01,8.424225571799020429e+00
6.141468991140325784e+01,8.530774224867446520e+00
6.143469562732209255e+01,7.843733525866814382e+00
6.145470134324092726e+01,8.438717462542198788e+00
6.147470705915976197e+01,7.736052661820828291e+00
6.149471277507859668e+01,8.355658197187025849e+00
6.151471849099743139e+01,8.361000661262846023e+00
6.153472420691626610e+01,7.301675802030453966e+00
6.155472992283510081e+01,8.131871517709013730e+00
6.157473563875393552e+01,7.677547529088410982e+00
6.159474135467276312e+01,8.063590230038787610e+00
6.161474707059159783e+01,7.402310292534768799e+00
6.163475278651043254e+01,7.998144041193032017e+00
6.165475850242926725e+01,8.087013408343979748e+00
6.167476421834810196e+01,8.308773156729721165e+00
6.169476993426693667e+01,7.036555462320646548e+00
6.171477565018577138e+01,8.081340875857918604e+00
6.173478136610460609e+01,7.309352163231550570e+00
6.175478708202344080e+01,7.615138971289946213e+00
6.177479279794227551e+01,8.030363852371076305e+00
6.179479851386110312e+01,8.185531405021134077e+00
6.181480422977993783e+01,8.127306173280839374e+00
6.183480994569877254e+01,6.915672896412196735e+00
6.185481566161760725e+01,7.505482986906096166e+00
6.187482137753644196e+01,7.149558190208154862e+00
6.189482709345527667e+01,7.714568493498856760e+00
6.191483280937411138e+01,7.211474322384598068e+00
6.193483852529294609e+01,7.433696641542360872e+00
6.195484424121178080e+01,8.023244357583710240e+00
6.197484995713060840e+01,7.552863964441775657e+00
6.199485567304944311e+01,7.513569035834693821e+00
6.201486138896827782e+01,7.226214827035750687e+00
6.203486710488711253e+01,7.957086720826384685e+00
6.205487282080594724e+01,7.174122280997441869e+00
6.207487853672478195e+01,7.573521193725425427e+00
6.209488425264361666e+01,7.130381870941847389e+00
6.211488996856245137e+01,6.887360109610818348e+00
6.213489568448128608e+01,7.853940594886868354e+00
6.215490140040011369e+01,7.462533495387518201e+00
6.217490711631894840e+01,8.169848061757825519e+00
6.219491283223778311e+01,7.644241191120173085e+00
6.221491854815661782e+01,7.364048755458272311e+00
6.223492426407545253e+01,7.522466924158697665e+00
6.225492997999428724e+01,6.982017351976655739e+00
6.227493569591312195e+01,7.352229612270630099e+00
6.229494141183195666e+01,7.847004675840973498e+00
6.231494712775079137e+01,6.980358181369862081e+00
6.233495284366962608e+01,7.608007822262944586e+00
6.235495855958845368e+01,7.181154505213548589e+00
6.237496427550728839e+01,6.567573163585385565e+00
6.239496999142612310e+01,6.641207918367804552e+00
6.241497570734495781e+01,7.267486324413116705e+00
6.243498142326379252e+01,6.563543526567288566e+00
6.245498713918262723e+01,6.598054667564455578e+00
6.247499285510146194e+01,5.791978380557910810e+00
6.249499857102029665e+01,5.863764134537033712e+00
6.251500428693913136e+01,6.564456064481497322e+00
6.253501000285795897e+01,6.490691256741406789e+00
6.255501571877679368e+01,6.221020174955668836e+00
6.257502143469562839e+01,6.487367259647306206e+00
6.259502715061446310e+01,6.434389060911742675e+00
6.261503286653329781e+01,6.372987556690880240e+00
6.263503858245213252e+01,6.388888707920674648e+00
6.265504429837096723e+01,6.435291974116881697e+00
6.267505001428980194e+01,5.805700547599258243e+00
6.269505573020863665e+01,5.827152895779153852e+00
6.271506144612747136e+01,6.086056388998689393e+00
6.273506716204629896e+01,6.313314606688985364e+00
6.275507287796513367e+01,5.321783200068741948e+00
6.277507859388396838e+01,5.873013610904710191e+00
6.279508430980280309e+01,5.327205397157275257e+00
6.281509002572163780e+01,5.905927571712711099e+00
6.283509574164047251e+01,5.167917084093391900e+00
6.285510145755930722e+01,5.329360060162541046e+00
6.287510717347814193e+01,4.273205604143462288e+00
6.289511288939697664e+01,4.612158225517342558e+00
6.291511860531580425e+01,5.672870834708452215e+00
6.293512432123463896e+01,5.865488997064890242e+00
6.295513003715347367e+01,4.408303368176469839e+00
6.297513575307230838e+01,4.460865815405690604e+00
6.299514146899114309e+01,5.632665290287919291e+00
6.301514718490997780e+01,4.847551451551772139e+00
6.303515290082881251e+01,5.315125028625812931e+00
6.305515861674764722e+01,4.676453542771097815e+00
6.307516433266648193e+01,5.064546009170726393e+00
6.309517004858530953e+01,4.343024498810296841e+00
6.311517576450414424e+01,5.279560699512487965e+00
6.313518148042297895e+01,4.913910566154398474e+00
6.315518719634181366e+01,4.185967623764725865e+00
6.317519291226064837e+01,4.798476850805983851e+00
6.319519862817948308e+01,4.422755317149779763e+00
6.321520434409831779e+01,4.547950503654290877e+00
6.323521006001715250e+01,4.721223062754568822e+00
6.325521577593598721e+01,4.800608962574106187e+00
6.327522149185482192e+01,5.353613808535483187e+00
6.329522720777364952e+01,5.376416924430756694e+00
6.331523292369248423e+01,4.740293122733291398e+00
6.333523863961131894e+01,4.594536728854688334e+00
6.335524435553015365e+01,4.776181847144084891e+00
6.337525007144898836e+01,4.440579977595255023e+00
6.339525578736782307e+01,4.307445637036601660e+00
6.341526150328665778e+01,4.473662238051130835e+00
6.343526721920549249e+01,4.538912430393176933e+00
6.345527293512432720e+01,5.281083954214118137e+00
6.347527865104315481e+01,4.997568699948526927e+00
6.349528436696198952e+01,4.957241924568760894e+00
6.351529008288082423e+01,5.537055428408072189e+00
6.353529579879965894e+01,4.266629891504714500e+00
6.355530151471849365e+01,5.444778852491839238e+00
6.357530723063732836e+01,4.568561659963634725e+00
6.359531294655616307e+01,4.967604062633881767e+00
6.361531866247499778e+01,5.265961472768015739e+00
6.363532437839383249e+01,5.909747894667762402e+00
6.365533009431266720e+01,5.403114699998212700e+00
6.367533581023149480e+01,4.693016293840868158e+00
6.369534152615032951e+01,5.663367324437947659e+00
6.371534724206916422e+01,5.645176612746583444e+00
6.373535295798799893e+01,6.254805118117859664e+00
6.375535867390683364e+01,5.717234208310431498e+00
6.377536438982566835e+01,5.742143907269612768e+00
6.379537010574450306e+01,5.994830306275080289e+00
6.381537582166333777e+01,5.940822512424429824e+00
6.383538153758217248e+01,6.009102653311996889e+00
6.385538725350100009e+01,6.508864249009212344e+00
6.387539296941983480e+01,6.929803546406959391e+00
6.389539868533866951e+01,6.212210725591791771e+00
6.391540440125750422e+01,6.243995986827664879e+00
6.393541011717633893e+01,6.405827480664313178e+00
6.395541583309517364e+01,7.685281177343165737e+00
6.397542154901400835e+01,7.213644876707780540e+00
6.399542726493284306e+01,7.101288766192908497e+00
6.401543298085167066e+01,7.375347036611559659e+00
6.403543869677051248e+01,7.004421822507115536e+00
6.405544441268934008e+01,7.470862109907866255e+00
6.407545012860816769e+01,6.796326596569773670e+00
6.409545584452700950e+01,8.511929925897549154e+00
6.411546156044585132e+01,7.325248266799800234e+00
6.413546727636467892e+01,8.086625783096806686e+00
6.415547299228350653e+01,7.442626357233265821e+00
6.417547870820234834e+01,7.886772846311686180e+00
6.419548442412119016e+01,7.720529587695923013e+00
6.421549014004001776e+01,7.878716039707644114e+00
6.423549585595884537e+01,8.338043258587976680e+00
6.425550157187768718e+01,8.332391103498196117e+00
6.427550728779651479e+01,8.151554157953798452e+00
6.429551300371534239e+01,7.711788906936762444e+00
6.431551871963418421e+01,6.942257811202352968e+00
6.433552443555302602e+01,8.136851227568033806e+00
6.435553015147185363e+01,7.212429901047900493e+00
6.437553586739068123e+01,6.934987803944919094e+00
6.439554158330952305e+01,6.564460836272976607e+00
6.441554729922835065e+01,7.335508381826443269e+00
6.443555301514717826e+01,6.573294925378133868e+00
6.445555873106602007e+01,6.962348180941598130e+00
6.447556444698486189e+01,6.813701270104992602e+00
6.449557016290368949e+01,6.968515288791535589e+00
6.451557587882251710e+01,6.770178570081080593e+00
6.453558159474135891e+01,6.373179547035595860e+00
6.455558731066020073e+01,6.385241049406788605e+00
6.457559302657902833e+01,6.299902984557837371e+00
6.459559874249785594e+01,5.817905575874940283e+00
6.461560445841669775e+01,6.140295632158439432e+00
6.463561017433552536e+01,6.021329492450168352e+00
6.465561589025435296e+01,5.752437879191893089e+00
6.467562160617319478e+01,4.919365223095644168e+00
6.469562732209203659e+01,5.377085691316519700e+00
6.471563303801086420e+01,5.349151512058840652e+00
6.473563875392969180e+01,5.377003604558606042e+00
6.475564446984853362e+01,5.809448180133684581e+00
6.477565018576737543e+01,4.909665654248369648e+00
6.479565590168618883e+01,4.835504285874652197e+00
6.481566161760503064e+01,4.565313932621112514e+00
6.483566733352387246e+01,5.484559788788193835e+00
6.485567304944270006e+01,5.063799781148007995e+00
6.487567876536152767e+01,4.568754377894530094e+00
6.489568448128036948e+01,5.415758553536203834e+00
6.491569019719921130e+01,4.760768608704610827e+00
6.493569591311803890e+01,4.994202173388611499e+00
6.495570162903686651e+01,4.650245617755349059e+00
6.497570734495570832e+01,4.897823134712655069e+00
6.499571306087453593e+01,3.956692540450580164e+00
6.501571877679336353e+01,4.514128388878503984e+00
6.503572449271220535e+01,4.889176569547657891e+00
6.505573020863104716e+01,5.481870246505179622e+00
6.507573592454987477e+01,5.107278952272794825e+00
6.509574164046870237e+01,4.835753432424453990e+00
6.511574735638754419e+01,4.169870435283897336e+00
6.513575307230638600e+01,4.619869517759481070e+00
6.515575878822521361e+01,4.875563008323659631e+00
6.517576450414404121e+01,4.799806870729801389e+00
6.519577022006288303e+01,4.503246880581770029e+00
6.521577593598171063e+01,5.908462062319914665e+00
6.523578165190053824e+01,4.650722630999664986e+00
6.525578736781938005e+01,5.443745134201535052e+00
6.527579308373822187e+01,5.307763900624675735e+00
6.529579879965704947e+01,5.855903271545632727e+00
6.531580451557587708e+01,5.482711234620937901e+00
6.533581023149471889e+01,6.040668754295250409e+00
6.535581594741354650e+01,5.673755533427697451e+00
6.537582166333237410e+01,5.378644941471579344e+00
6.539582737925121592e+01,5.359760121986307801e+00
6.541583309517005773e+01,4.925210519567030154e+00
6.543583881108888534e+01,6.519472588161368876e+00
6.545584452700771294e+01,5.325705649565315447e+00
6.547585024292655476e+01,5.624174314763532578e+00
6.549585595884539657e+01,6.080489965604684244e+00
6.551586167476422418e+01,5.641091894485336766e+00
6.553586739068305178e+01,5.858487230994153805e+00
6.555587310660189360e+01,5.202450232404245867e+00
6.557587882252072120e+01,5.394014682314397291e+00
6.559588453843954881e+01,5.682402195094193864e+00
6.561589025435839062e+01,5.215270217307256928e+00
6.563589597027723244e+01,6.074076048053415278e+00
6.565590168619606004e+01,4.983636157788785326e+00
6.567590740211488765e+01,5.375716928128889016e+00
6.569591311803372946e+01,5.232149776839950306e+00
6.571591883395257128e+01,5.589455095362151127e+00
6.573592454987138467e+01,5.311692051089798028e+00
6.575593026579022649e+01,4.830868073685397945e+00
6.577593598170906830e+01,4.882490642673787740e+00
6.579594169762789591e+01,5.321858827433434413e+00
6.581594741354672351e+01,5.328475597190615254e+00
6.583595312946556533e+01,4.931930087976814647e+00
6.585595884538440714e+01,5.083696296435210371e+00
6.587596456130323475e+01,4.750825241844456315e+00
6.589597027722206235e+01,4.845687999706816740e+00
6.591597599314090417e+01,4.018059758884366062e+00
6.593598170905973177e+01,4.465016336834441546e+00
6.595598742497855937e+01,3.922760661380227276e+00
6.597599314089740119e+01,4.575195163649954821e+00
6.599599885681624301e+01,4.084454861119868774e+00
6.601600457273507061e+01,3.658870435085836093e+00
6.603601028865389821e+01,4.260557224953769762e+00
6.605601600457274003e+01,4.611658116138403152e+00
6.607602172049158185e+01,4.585658708703096664e+00
6.609602743641040945e+01,3.882731262856803589e+00
6.611603315232923705e+01,3.259976006497988354e+00
6.613603886824807887e+01,4.040746157302100627e+00
6.615604458416690647e+01,3.464627365493019973e+00
6.617605030008573408e+01,4.875624630327815012e+00
6.619605601600457589e+01,4.060164360735250000e+00
6.621606173192341771e+01,3.358468728122100178e+00
6.623606744784224531e+01,3.935088806317686760e+00
6.625607316376107292e+01,4.004855721479370523e+00
6.627607887967991473e+01,4.634343451729211694e+00
6.629608459559874234e+01,3.601067650287319566e+00
6.631609031151756994e+01,3.947637952002442940e+00
6.633609602743641176e+01,4.170307105856778662e+00
6.635610174335525357e+01,3.450551617258213355e+00
6.637610745927408118e+01,3.436111975851625644e+00
6.639611317519290878e+01,4.625982527938731437e+00
6.641611889111175060e+01,3.780919324221059252e+00
6.643612460703059241e+01,3.678013055619097305e+00
6.645613032294942002e+01,3.923405452199423493e+00
6.647613603886824762e+01,4.370293007723600631e+00
6.649614175478708944e+01,4.386631910613963292e+00
6.651614747070591704e+01,3.806900652078054836e+00
6.653615318662474465e+01,3.938830066968766364e+00
6.655615890254358646e+01,3.661777302126908662e+00
6.657616461846242828e+01,4.079273263393960569e+00
6.659617033438125588e+01,3.747553514495079785e+00
6.661617605030008349e+01,4.041065301490641914e+00
6.663618176621892530e+01,4.708205555952683419e+00
6.665618748213776712e+01,3.688475136854984626e+00
6.667619319805658051e+01,4.216937558799748409e+00
6.669619891397542233e+01,4.018606855445442605e+00
6.671620462989426414e+01,4.816080853474739243e+00
6.673621034581309175e+01,4.581963634552562503e+00
6.675621606173191935e+01,4.554636119825025808e+00
6.677622177765076117e+01,3.763522001364946412e+00
6.679622749356960298e+01,4.318174157085731046e+00
6.681623320948843059e+01,5.009533540429295329e+00
6.683623892540725819e+01,4.936719133425679473e+00
6.685624464132610001e+01,4.851641111822178054e+00
6.687625035724492761e+01,4.744607407523100839e+00
6.689625607316375522e+01,4.209263260172353860e+00
6.691626178908259703e+01,4.584160010841437760e+00
6.693626750500143885e+01,4.218738234917796426e+00
6.695627322092026645e+01,4.698229806837275646e+00
6.697627893683909406e+01,5.116603561314865267e+00
6.699628465275793587e+01,4.782925290172593158e+00
6.701629036867677769e+01,5.086100549110863511e+00
6.703629608459560529e+01,4.393382622215575850e+00
6.705630180051443290e+01,4.634757468326935026e+00
6.707630751643327471e+01,4.237019197652757363e+00
6.709631323235210232e+01,4.738247849555174973e+00
6.711631894827092992e+01,5.632831300585866785e+00
6.713632466418977174e+01,4.274796264011631486e+00
6.715633038010861355e+01,5.198679940643643249e+00
6.717633609602744116e+01,4.340355100060074633e+00
6.719634181194626876e+01,4.687282425829449650e+00
6.721634752786511058e+01,5.088340113189508962e+00
6.723635324378393818e+01,4.669851369093896309e+00
6.725635895970276579e+01,5.509866887681980074e+00
6.727636467562160760e+01,4.567579353299791478e+00
6.729637039154044942e+01,5.391500708077522575e+00
6.731637610745927702e+01,5.587466245615399174e+00
6.733638182337810463e+01,4.995346698166313715e+00
6.735638753929694644e+01,5.031003750932928398e+00
6.737639325521578826e+01,4.940293176731837654e+00
6.739639897113461586e+01,5.063764797424489039e+00
6.741640468705344347e+01,5.704479956461067758e+00
6.743641040297228528e+01,6.050101844123162209e+00
6.745641611889111289e+01,4.952565558391004430e+00
6.747642183480994049e+01,5.231440863745143943e+00
6.749642755072878231e+01,5.352647551471656051e+00
6.751643326664762412e+01,5.379266076853122414e+00
6.753643898256645173e+01,5.622289000118149360e+00
6.755644469848527933e+01,4.892594157949897493e+00
6.757645041440412115e+01,4.943600469759585003e+00
6.759645613032296296e+01,5.081769646802472451e+00
6.761646184624177636e+01,5.134658727786388432e+00
6.763646756216061817e+01,4.983912848516023786e+00
6.765647327807945999e+01,4.427356659142436257e+00
6.767647899399828759e+01,5.157271600613787754e+00
6.769648470991711520e+01,4.831844729608290478e+00
6.771649042583595701e+01,4.398662241487775404e+00
6.773649614175479883e+01,4.921395094810295134e+00
6.775650185767362643e+01,5.058807478927842105e+00
6.777650757359245404e+01,5.043153305399050268e+00
6.779651328951129585e+01,4.290051122326372202e+00
6.781651900543012346e+01,4.298357760843917852e+00
6.783652472134895106e+01,4.814353413424782069e+00
6.785653043726779288e+01,5.353273743871501900e+00
6.787653615318663469e+01,4.762528691988210383e+00
6.789654186910546230e+01,4.616127857301872695e+00
6.791654758502428990e+01,4.395747262505182107e+00
6.793655330094313172e+01,3.950908108877184244e+00
6.795655901686197353e+01,3.931962607584559954e+00
6.797656473278080114e+01,4.846801613018694610e+00
6.799657044869962874e+01,4.602385735471982819e+00
6.801657616461847056e+01,4.904686870532321663e+00
6.803658188053729816e+01,4.568537997047594779e+00
6.805658759645612577e+01,4.892145358850851444e+00
6.807659331237496758e+01,4.764085124120123638e+00
6.809659902829380940e+01,4.938147005105735232e+00
6.811660474421263700e+01,4.121278542573507231e+00
6.813661046013146461e+01,4.651013182930892498e+00
6.815661617605030642e+01,4.097026029044456230e+00
6.817662189196913403e+01,4.867405933936096218e+00
6.819662760788796163e+01,4.564015777634140569e+00
6.821663332380680345e+01,4.546292196301383370e+00
6.823663903972564526e+01,4.521603198003915303e+00
6.825664475564447287e+01,3.827964129900557122e+00
6.827665047156330047e+01,3.700065850938430767e+00
6.829665618748214229e+01,4.427159275829437135e+00
6.831666190340098410e+01,4.427739547942540099e+00
6.833666761931981171e+01,4.617597330288248259e+00
6.835667333523863931e+01,5.154772299178491224e+00
6.837667905115748113e+01,4.231927499756734434e+00
6.839668476707630873e+01,3.933927064880621494e+00
6.841669048299513634e+01,3.888237624827231897e+00
6.843669619891397815e+01,4.836398380339926639e+00
6.845670191483281997e+01,4.986611955310538136e+00
6.847670763075164757e+01,4.901608434537541470e+00
6.849671334667047518e+01,4.621552373301101468e+00
6.851671906258931699e+01,5.062681587274045825e+00
6.853672477850815881e+01,4.791608650598856656e+00
6.855673049442697220e+01,5.789647197116620347e+00
6.857673621034581402e+01,4.630780352143177403e+00
6.859674192626465583e+01,4.920908606848570344e+00
6.861674764218348344e+01,5.426352993116099199e+00
6.863675335810231104e+01,5.338588963536025744e+00
6.865675907402115286e+01,5.891052322762810434e+00
6.867676478993999467e+01,6.447042393499550883e+00
6.869677050585882228e+01,6.232682091742628216e+00
6.871677622177764988e+01,6.209224635468255649e+00
6.873678193769649170e+01,5.692948888678506236e+00
6.875678765361531930e+01,6.074033345361692149e+00
6.877679336953414690e+01,6.116836670270423326e+00
6.879679908545298872e+01,5.896625924112594674e+00
6.881680480137183054e+01,6.234433581845740591e+00
6.883681051729065814e+01,6.391015024919860288e+00
6.885681623320948574e+01,6.049474794441524139e+00
6.887682194912832756e+01,6.146902970775180108e+00
6.889682766504716938e+01,6.297946634454227421e+00
6.891683338096599698e+01,6.468229834005988721e+00
6.893683909688482458e+01,7.105857974111001951e+00
6.895684481280366640e+01,5.703940134981396071e+00
6.897685052872249400e+01,6.410575745954414373e+00
6.899685624464132161e+01,5.940998592655505561e+00
6.901686196056016342e+01,5.727404471297112387e+00
6.903686767647900524e+01,6.020926093116461431e+00
6.905687339239783284e+01,5.712328309708556873e+00
6.907687910831666045e+01,6.440068029664475446e+00
6.909688482423550226e+01,5.449935881769229162e+00
6.911689054015432987e+01,5.604373199785548820e+00
6.913689625607315747e+01,5.308900461355133160e+00
6.915690197199199929e+01,5.623334874632123004e+00
6.917690768791084110e+01,5.101769207809842221e+00
6.919691340382966871e+01,5.211889933634849648e+00
6.921691911974849631e+01,5.321290430919236591e+00
6.923692483566733813e+01,4.803493090043456704e+00
6.925693055158617994e+01,5.021160026139447119e+00
6.927693626750500755e+01,5.958809848916089891e+00
6.929694198342383515e+01,4.880415542563270037e+00
6.931694769934267697e+01,5.287596790442533390e+00
6.933695341526150457e+01,5.220756867686209723e+00
6.935695913118033218e+01,4.809944260537776017e+00
6.937696484709917399e+01,4.031307712300558066e+00
6.939697056301801581e+01,5.514106502700085954e+00
6.941697627893684341e+01,4.893372321220338605e+00
6.943698199485567102e+01,4.670503362049666762e+00
6.945698771077451283e+01,4.727303679264931446e+00
6.947699342669335465e+01,4.351582306977636705e+00
6.949699914261216804e+01,4.631984044022082969e+00
6.951700485853100986e+01,4.105473574080781951e+00
6.953701057444985167e+01,4.444092076163180138e+00
6.955701629036867928e+01,4.776562885013430737e+00
6.957702200628750688e+01,4.449593481596940236e+00
6.959702772220634870e+01,3.950433421124179389e+00
6.961703343812519051e+01,4.353615935490511291e+00
6.963703915404401812e+01,5.048109902423894013e+00
6.965704486996284572e+01,5.120703690601724922e+00
6.967705058588168754e+01,3.967140804997199233e+00
6.969705630180051514e+01,4.078538522849817660e+00
6.971706201771934275e+01,5.042036067491995510e+00
6.973706773363818456e+01,4.731269190605636332e+00
6.975707344955702638e+01,4.769727879585354380e+00
6.977707916547585398e+01,4.605558750374507682e+00
6.979708488139468159e+01,4.288060668916823026e+00
6.981709059731352340e+01,4.565795193179241984e+00
6.983709631323236522e+01,4.001133946227763083e+00
6.985710202915119282e+01,4.345403247627748655e+00
6.987710774507002043e+01,4.392047214935586474e+00
6.989711346098886224e+01,3.665028663657858843e+00
6.991711917690768985e+01,4.642190721847590851e+00
6.993712489282651745e+01,4.826276691638607730e+00
6.995713060874535927e+01,4.740281798050482998e+00
6.997713632466420108e+01,4.624912519071662231e+00
6.999714204058302869e+01,5.108171875131493067e+00
7.001714775650185629e+01,3.682583392499206631e+00
7.003715347242069811e+01,4.072387973162837405e+00
7.005715918833952571e+01,4.310599475741497599e+00
7.007716490425835332e+01,4.675961388948567610e+00
7.009717062017719513e+01,4.496821173263007232e+00
7.011717633609603695e+01,4.570102518362665123e+00
7.013718205201486455e+01,4.087468443821489217e+00
7.015718776793369216e+01,4.574608038936159637e+00
7.017719348385253397e+01,4.035825466216676816e+00
7.019719919977137579e+01,4.295542705181984111e+00
7.021720491569020339e+01,4.383374089046843558e+00
7.023721063160903100e+01,4.669855428198228964e+00
7.025721634752787281e+01,3.716558186029441657e+00
7.027722206344670042e+01,4.767964544438425101e+00
7.029722777936552802e+01,4.484552232485003564e+00
7.031723349528436984e+01,4.426283338160256875e+00
7.033723921120321165e+01,4.653491809784665811e+00
7.035724492712203926e+01,4.320049820083099235e+00
7.037725064304086686e+01,4.071717215542157930e+00
7.039725635895970868e+01,4.693688434837003598e+00
7.041726207487855049e+01,5.211803520361803166e+00
7.043726779079736389e+01,4.043953002448245293e+00
7.045727350671620570e+01,5.157083886106557102e+00
7.047727922263504752e+01,4.759009790571631093e+00
7.049728493855387512e+01,5.198089469911137961e+00
7.051729065447270273e+01,4.854387159174972766e+00
7.053729637039154454e+01,5.352310190917187072e+00
7.055730208631038636e+01,4.736986394043146475e+00
7.057730780222921396e+01,5.020777919252092047e+00
7.059731351814804157e+01,4.993151715622753173e+00
7.061731923406688338e+01,5.563554521192896729e+00
7.063732494998571099e+01,5.657319576972641428e+00
7.065733066590453859e+01,6.170174653818019550e+00
7.067733638182338041e+01,6.259389826053694428e+00
7.069734209774222222e+01,6.225895034993165211e+00
7.071734781366104983e+01,7.296760672981623230e+00
7.073735352957987743e+01,6.501615581280461242e+00
7.075735924549871925e+01,7.427769741459992581e+00
7.077736496141756106e+01,7.452719079892974108e+00
7.079737067733638867e+01,7.198192235145654649e+00
7.081737639325521627e+01,7.875796487260750212e+00
7.083738210917405809e+01,8.200056826531616494e+00
7.085738782509288569e+01,8.291698805557562224e+00
7.087739354101171330e+01,8.477895626087562420e+00
7.089739925693055511e+01,8.687901494880270192e+00
7.091740497284939693e+01,8.519116950002416644e+00
7.093741068876822453e+01,8.997374400719131415e+00
7.095741640468705214e+01,8.232674457454383088e+00
7.097742212060589395e+01,8.587848728055536895e+00
7.099742783652472156e+01,8.626770452406358203e+00
7.101743355244354916e+01,9.108937292735419078e+00
7.103743926836239098e+01,8.574805582559131167e+00
7.105744498428123279e+01,8.729854196713704440e+00
7.107745070020006040e+01,8.760863093724502448e+00
7.109745641611888800e+01,8.550916184442304058e+00
7.111746213203772982e+01,7.849923094352746489e+00
7.113746784795657163e+01,8.016538830696381623e+00
7.115747356387539924e+01,8.188911515978634981e+00
7.117747927979422684e+01,7.254165758982985324e+00
7.119748499571306866e+01,7.771619515405753020e+00
7.121749071163189626e+01,6.611311297192077774e+00
7.123749642755072387e+01,6.462499329855970309e+00
7.125750214346956568e+01,6.575526064463323550e+00
7.127750785938840750e+01,6.690816049940590204e+00
7.129751357530723510e+01,6.233027398113640594e+00
7.131751929122606271e+01,6.832237773665820413e+00
7.133752500714490452e+01,5.355037177661047920e+00
7.135753072306374634e+01,5.437916496320328363e+00
7.137753643898255973e+01,6.210621342893832164e+00
7.139754215490140155e+01,5.729804996856296739e+00
7.141754787082024336e+01,5.743639166114473227e+00
7.143755358673907097e+01,5.892407224944452793e+00
7.145755930265789857e+01,4.649487450544786071e+00
7.147756501857674039e+01,5.867296739092436653e+00
7.149757073449558220e+01,5.271811635905129911e+00
7.151757645041440981e+01,4.703927112728005788e+00
7.153758216633323741e+01,5.367695484596373134e+00
7.155758788225207923e+01,5.292750498684672067e+00
7.157759359817090683e+01,5.353588224346589541e+00
7.159759931408973443e+01,4.396608751671141846e+00
7.161760503000857625e+01,4.766583984658724127e+00
7.163761074592741807e+01,4.339560337567855086e+00
7.165761646184624567e+01,5.051306709306397025e+00
7.167762217776507327e+01,4.928893742139702994e+00
7.169762789368391509e+01,4.650539874551514963e+00
7.171763360960275691e+01,3.807586201963609085e+00
7.173763932552158451e+01,4.987880961143719816e+00
7.175764504144041211e+01,3.956863997473968553e+00
7.177765075735925393e+01,5.182035816193581113e+00
7.179765647327808153e+01,4.657371017719646566e+00
7.181766218919690914e+01,4.321720283862473089e+00
7.183766790511575095e+01,4.394434040053279311e+00
7.185767362103459277e+01,4.280688315091836671e+00
7.187767933695342037e+01,4.541746743456711144e+00
7.189768505287224798e+01,4.044126474148010963e+00
7.191769076879108979e+01,4.731866229914851729e+00
7.193769648470991740e+01,4.095638231928531603e+00
7.195770220062874500e+01,4.790921044580495725e+00
7.197770791654758682e+01,3.968534158430333747e+00
7.199771363246642863e+01,4.671212632041756407e+00
7.201771934838525624e+01,3.818881398161780183e+00
7.203772506430408384e+01,5.181314303588874459e+00
7.205773078022292566e+01,4.681559270515808002e+00
7.207773649614176747e+01,4.712197903466947224e+00
7.209774221206059508e+01,4.214710254507340714e+00
7.211774792797942268e+01,5.537484718578214782e+00
7.213775364389826450e+01,4.816761661543051076e+00
7.215775935981709210e+01,4.298512131163063188e+00
7.217776507573591971e+01,5.188894074632074194e+00
7.219777079165476152e+01,5.275327881170108313e+00
7.221777650757360334e+01,5.220127890287697525e+00
7.223778222349243094e+01,5.650951242135191954e+00
7.225778793941125855e+01,4.590056797208122319e+00
7.227779365533010036e+01,5.395529724128328652e+00
7.229779937124894218e+01,4.875483770364008151e+00
7.231780508716775557e+01,5.448785175607500975e+00
7.233781080308659739e+01,6.121198416623526484e+00
7.235781651900543920e+01,5.713023654481569125e+00
7.237782223492426681e+01,6.067549072216042561e+00
7.239782795084309441e+01,5.531176558749204553e+00
7.241783366676193623e+01,6.798170675975531374e+00
7.243783938268077804e+01,5.516844249017037072e+00
7.245784509859960565e+01,6.256404690721758755e+00
7.247785081451843325e+01,6.467674995645306346e+00
7.249785653043727507e+01,6.256910552643386580e+00
7.251786224635610267e+01,6.584751579941817923e+00
7.253786796227493028e+01,6.342363487169131453e+00
7.255787367819377209e+01,7.090555808600855769e+00
7.257787939411261391e+01,7.508873524553573375e+00
7.259788511003144151e+01,6.205206237951884418e+00
7.261789082595026912e+01,6.433828422590694096e+00
7.263789654186911093e+01,6.768134613198138361e+00
7.265790225778795275e+01,7.194129456129708444e+00
7.267790797370678035e+01,7.054247057100161200e+00
7.269791368962560796e+01,7.764094939976942555e+00
7.271791940554444977e+01,6.888993608142518710e+00
7.273792512146327738e+01,7.101883067994060994e+00
7.275793083738210498e+01,6.819937867832788214e+00
7.277793655330094680e+01,7.361482205275908797e+00
7.279794226921978861e+01,6.766014734621743187e+00
7.281794798513861622e+01,7.475748050510476084e+00
7.283795370105744382e+01,7.582472671910268858e+00
7.285795941697628564e+01,6.960888718362649996e+00
7.287796513289511324e+01,7.135440353773919497e+00
7.289797084881394085e+01,6.882737243230050872e+00
7.291797656473278266e+01,7.354205167007709321e+00
7.293798228065162448e+01,6.628923735345641610e+00
7.295798799657045208e+01,6.085408361390612697e+00
7.297799371248927969e+01,6.598781354026153068e+00
7.299799942840812150e+01,6.876624234875393427e+00
7.301800514432696332e+01,6.858845913238514669e+00
7.303801086024579092e+01,6.381941299336468809e+00
7.305801657616461853e+01,5.800875855623935706e+00
7.307802229208346034e+01,6.404938747543448940e+00
7.309802800800228795e+01,6.334219983920743147e+00
7.311803372392111555e+01,6.537289141466185782e+00
7.313803943983995737e+01,6.073905212964946898e+00
7.315804515575879918e+01,5.859154856298641079e+00
7.317805087167762679e+01,5.791829054502345642e+00
7.319805658759645439e+01,5.995184215414778528e+00
7.321806230351529621e+01,5.207184632291088633e+00
7.323806801943413802e+01,6.177785217396305484e+00
7.325807373535295142e+01,5.953335245520281482e+00
7.327807945127179323e+01,5.602581596925913843e+00
7.329808516719063505e+01,5.530592982588251161e+00
7.331809088310946265e+01,5.268762107235939851e+00
7.333809659902829026e+01,5.743343748580874930e+00
7.335810231494713207e+01,4.797432587112830937e+00
7.337810803086597389e+01,5.661031385563553009e+00
7.339811374678480149e+01,4.959439821803516502e+00
7.341811946270362910e+01,5.985177205618526841e+00
7.343812517862247091e+01,4.862025407791522369e+00
7.345813089454129852e+01,5.787825913766875274e+00
7.347813661046012612e+01,5.437962848719278597e+00
7.349814232637896794e+01,4.802806534548537343e+00
7.351814804229780975e+01,4.849905626817303528e+00
7.353815375821663736e+01,5.228377213044355543e+00
7.355815947413546496e+01,5.589705436917633108e+00
7.357816519005430678e+01,5.413628421691817572e+00
7.359817090597314859e+01,5.066083935905261626e+00
7.361817662189197620e+01,5.163774924601147731e+00
7.363818233781080380e+01,5.561072338295175221e+00
7.365818805372964562e+01,4.684631376975593398e+00
7.367819376964847322e+01,4.365792762721975251e+00
7.369819948556730083e+01,5.648497374434750640e+00
7.371820520148614264e+01,4.730057243740408701e+00
7.373821091740498446e+01,5.162833629887722431e+00
7.375821663332381206e+01,5.691294154786554316e+00
7.377822234924263967e+01,5.322812110339819824e+00
7.379822806516148148e+01,5.295818950023487126e+00
7.381823378108030909e+01,4.798668143150369048e+00
7.383823949699913669e+01,5.758911319221249769e+00
7.385824521291797851e+01,4.939018158039541362e+00
7.387825092883682032e+01,5.383014307693148481e+00
7.389825664475564793e+01,5.269457003235489267e+00
7.391826236067447553e+01,4.980229121047869079e+00
7.393826807659331735e+01,5.353332594834600222e+00
7.395827379251215916e+01,4.791325670934056369e+00
7.397827950843098677e+01,5.851054120353399668e+00
7.399828522434981437e+01,4.383127685130800089e+00
7.401829094026865619e+01,4.753823260967561026e+00
7.403829665618748379e+01,5.255355950747237159e+00
7.405830237210632561e+01,5.249863593226780978e+00
7.407830808802515321e+01,4.354553115807513919e+00
7.409831380394398082e+01,4.607351186617275829e+00
7.411831951986282263e+01,3.959773804360625871e+00
7.413832523578165024e+01,5.200755123215122566e+00
7.415833095170049205e+01,4.447697160995749854e+00
7.417833666761931966e+01,5.008627359153003056e+00
7.419834238353816147e+01,4.187121740803183556e+00
7.421834809945698908e+01,4.887346607198362669e+00
7.423835381537583089e+01,4.774689226579433843e+00
7.425835953129465850e+01,4.873784302841157157e+00
7.427836524721348610e+01,4.304461449121355088e+00
7.429837096313232792e+01,4.599364653727439745e+00
7.431837667905115552e+01,4.782164300911345478e+00
7.433838239496999734e+01,5.244724969593743680e+00
7.435838811088882494e+01,4.724868127820568198e+00
7.437839382680766676e+01,4.226312895429218841e+00
7.439839954272649436e+01,4.282626662498406844e+00
7.441840525864533618e+01,4.841694594255706363e+00
7.443841097456416378e+01,4.943642988244191905e+00
7.445841669048300560e+01,4.144276460962854181e+00
7.447842240640183320e+01,4.526145986741519245e+00
7.449842812232066080e+01,4.546957287223865940e+00
7.451843383823950262e+01,5.034376948146093156e+00
7.453843955415833022e+01,4.773187241219087440e+00
7.455844527007717204e+01,3.856158780621742110e+00
7.457845098599599964e+01,4.731817470298812722e+00
7.459845670191484146e+01,4.251401850847376096e+00
7.461846241783366906e+01,3.697242626985988601e+00
7.463846813375251088e+01,3.751581665791098974e+00
7.465847384967133848e+01,4.680675821323871943e+00
7.467847956559016609e+01,4.258140059214200690e+00
7.469848528150900790e+01,3.973414401840162036e+00
7.471849099742783551e+01,3.917181221755968945e+00
7.473849671334667732e+01,3.992944590763932045e+00
7.475850242926550493e+01,4.584781867029805724e+00
7.477850814518434674e+01,4.604333827030298920e+00
7.479851386110317435e+01,4.736381058796345300e+00
7.481851957702201616e+01,4.473355423296172972e+00
7.483852529294084377e+01,5.206719397803800220e+00
7.485853100885967137e+01,4.940714837331667830e+00
7.487853672477851319e+01,4.334399785951000617e+00
7.489854244069734079e+01,5.482981398443731891e+00
7.491854815661618261e+01,4.809234568850565772e+00
7.493855387253501021e+01,5.445503404896573585e+00
7.495855958845385203e+01,4.659426279440421759e+00
7.497856530437267963e+01,5.481914436635065613e+00
7.499857102029152145e+01,4.553822423178395695e+00
7.501857673621034905e+01,5.364612023186047018e+00
7.503858245212917666e+01,5.087126219647550407e+00
7.505858816804801847e+01,5.215466665148436043e+00
7.507859388396684608e+01,4.532148669679956221e+00
7.509859959988568789e+01,5.027868614624386723e+00
7.511860531580451550e+01,5.606790804648508875e+00
7.513861103172335731e+01,5.525056776381243040e+00
7.515861674764218492e+01,5.779389012355609090e+00
7.517862246356102673e+01,4.882837003515058782e+00
7.519862817947985434e+01,5.906636650636119867e+00
7.521863389539868194e+01,5.181773809939913100e+00
7.523863961131752376e+01,5.003811198710451436e+00
7.525864532723635136e+01,5.280986365839586583e+00
7.527865104315519318e+01,5.236177140897060767e+00
7.529865675907402078e+01,5.037784906532617235e+00
7.531866247499286260e+01,5.827127059424781486e+00
7.533866819091169020e+01,5.922776124682973986e+00
7.535867390683053202e+01,5.804747610738431263e+00
7.537867962274935962e+01,5.664627232161148385e+00
7.539868533866820144e+01,5.769309846973285971e+00
7.541869105458702904e+01,5.431410313374993137e+00
7.543869677050585665e+01,5.499644782781858865e+00
7.545870248642469846e+01,6.404756922595431057e+00
7.547870820234352607e+01,5.770158531848124994e+00
7.549871391826236788e+01,6.145956028114912151e+00
7.551871963418119549e+01,4.958239319176775517e+00
7.553872535010003730e+01,5.958051040460388137e+00
7.555873106601886491e+01,5.370102788057162790e+00
7.557873678193770672e+01,5.356012890736339571e+00
7.559874249785653433e+01,5.794517281911817363e+00
7.561874821377536193e+01,6.180302441584629491e+00
7.563875392969420375e+01,6.148727116824286298e+00
7.565875964561303135e+01,5.256925117530403924e+00
7.567876536153187317e+01,6.323640694679105501e+00
7.569877107745070077e+01,6.059038182606010459e+00
7.571877679336954259e+01,5.904216735882728884e+00
7.573878250928837019e+01,5.921903738708543585e+00
7.575878822520721201e+01,5.589209286892030448e+00
7.577879394112603961e+01,5.711739741627203770e+00
7.579879965704486722e+01,6.114411731791763671e+00
7.581880537296370903e+01,5.478804861702240458e+00
7.583881108888253664e+01,5.268688445631162232e+00
7.585881680480137845e+01,6.220085128165782962e+00
7.587882252072020606e+01,5.609788576497732215e+00
7.589882823663904787e+01,5.539611495207850567e+00
7.591883395255787548e+01,5.276586464137966281e+00
7.593883966847671729e+01,5.266475948061405177e+00
7.595884538439554490e+01,4.970866559026426934e+00
7.597885110031437250e+01,5.968809670201670414e+00
7.599885681623321432e+01,5.143579360860726091e+00
7.601886253215204192e+01,5.791756544935047657e+00
7.603886824807088374e+01,5.447429340018804744e+00
7.605887396398971134e+01,5.512566122836850546e+00
7.607887967990855316e+01,5.808795841446385388e+00
7.609888539582738076e+01,4.440076869470424015e+00
7.611889111174622258e+01,4.946018956651782261e+00
7.613889682766505018e+01,5.476140971243477651e+00
7.615890254358387779e+01,5.315689714277255895e+00
7.617890825950271960e+01,4.726930861899468539e+00
7.619891397542154721e+01,4.322233669276308810e+00
7.621891969134038902e+01,4.863311719318914150e+00
7.623892540725921663e+01,5.280614661102720042e+00
7.625893112317805844e+01,4.821970203670620236e+00
7.627893683909688605e+01,4.756796118615471691e+00
7.629894255501572786e+01,4.398968195340398069e+00
7.631894827093455547e+01,5.343728705735743212e+00
7.633895398685339728e+01,4.267572479828358745e+00
7.635895970277222489e+01,4.708739734607993555e+00
7.637896541869105249e+01,4.193982283050402771e+00
7.639897113460989431e+01,4.932533525601177971e+00
7.641897685052872191e+01,4.793459822842722318e+00
7.643898256644756373e+01,4.319141937953878241e+00
7.645898828236639133e+01,4.628911085197387365e+00
7.647899399828523315e+01,4.244070391942255327e+00
7.649899971420406075e+01,4.965532833010760427e+00
7.651900543012290257e+01,4.134267461479494976e+00
7.653901114604173017e+01,3.988025541506038607e+00
7.655901686196055778e+01,4.182328031872319052e+00
7.657902257787939959e+01,4.151669984946070535e+00
7.659902829379822720e+01,4.126696988764812168e+00
7.661903400971706901e+01,4.630775135485853511e+00
7.663903972563589662e+01,3.748501302543154168e+00
7.665904544155473843e+01,3.854212217526157502e+00
7.667905115747356604e+01,3.893401820712908634e+00
7.669905687339240785e+01,3.953278386898948504e+00
7.671906258931123546e+01,4.031620267051859052e+00
7.673906830523006306e+01,4.600422583649702801e+00
7.675907402114890488e+01,4.063764645677016674e+00
7.677907973706773248e+01,3.914374071395036125e+00
7.679908545298657430e+01,3.814994502350002037e+00
7.681909116890540190e+01,4.435847721893487972e+00
7.683909688482424372e+01,4.174687622397803999e+00
7.685910260074307132e+01,4.027000871997497455e+00
7.687910831666191314e+01,3.641941494640633437e+00
7.689911403258074074e+01,3.635877949560968325e+00
7.691911974849956835e+01,4.473338005133090434e+00
7.693912546441841016e+01,4.133911371057750195e+00
7.695913118033723777e+01,3.787163647146913448e+00
7.697913689625607958e+01,4.039502532389324330e+00
7.699914261217490719e+01,4.060443672765465806e+00
7.701914832809374900e+01,4.548526183421805591e+00
7.703915404401257661e+01,4.413027901460694125e+00
7.705915975993141842e+01,4.498516905550702383e+00
7.707916547585024603e+01,3.848750342720573592e+00
7.709917119176907363e+01,3.746029009662375842e+00
7.711917690768791545e+01,4.156864587327046223e+00
7.713918262360674305e+01,4.959106724881565675e+00
7.715918833952558487e+01,4.511055281566751063e+00
7.717919405544441247e+01,5.112627545965628073e+00
7.719919977136325429e+01,4.008335275818440735e+00
7.721920548728208189e+01,4.328654105126314100e+00
7.723921120320092371e+01,4.246893031320210454e+00
7.725921691911975131e+01,4.094809077896724325e+00
7.727922263503859313e+01,4.264712165088761608e+00
7.729922835095742073e+01,4.199208753316794329e+00
7.731923406687624833e+01,4.299639371793237963e+00
7.733923978279509015e+01,4.043699098419164528e+00
7.735924549871391775e+01,4.038476626153656213e+00
7.737925121463275957e+01,3.916941745145483988e+00
7.739925693055158717e+01,4.821975626032861229e+00
7.741926264647042899e+01,4.720111827014380701e+00
7.743926836238925659e+01,3.812683134626015935e+00
7.745927407830809841e+01,4.652989030879854049e+00
7.747927979422692601e+01,3.562592990488374411e+00
7.749928551014575362e+01,4.692994723305011995e+00
7.751929122606459543e+01,4.082359608044265897e+00
7.753929694198342304e+01,3.798141668839576823e+00
7.755930265790226485e+01,4.632380311292539687e+00
7.757930837382109246e+01,3.837999768396106237e+00
7.759931408973993427e+01,3.911061005762718867e+00
7.761931980565876188e+01,4.367932170829604388e+00
7.763932552157760369e+01,4.221510436869961858e+00
7.765933123749643130e+01,4.152305877331393447e+00
7.767933695341525890e+01,4.406105422044737985e+00
7.769934266933410072e+01,4.261949904193473415e+00
7.771934838525292832e+01,4.585540359613814232e+00
7.773935410117177014e+01,3.945593520873190929e+00
7.775935981709059774e+01,4.177160351886968215e+00
7.777936553300943956e+01,4.228480078351368299e+00
7.779937124892826716e+01,4.133188533736782411e+00
7.781937696484710898e+01,3.661336517128041201e+00
7.783938268076593658e+01,4.092878212277888395e+00
7.785938839668476419e+01,5.072073927245661196e+00
7.787939411260360600e+01,4.940850280658507288e+00
7.789939982852243361e+01,4.337230362564505448e+00
7.791940554444127542e+01,4.226109418349344615e+00
7.793941126036010303e+01,4.671798075496541358e+00
7.795941697627894484e+01,3.866556297347285565e+00
7.797942269219777245e+01,4.333642469868815184e+00
7.799942840811661426e+01,5.093794724733582413e+00
7.801943412403544187e+01,5.027105839627465045e+00
7.803943983995426947e+01,4.331202836971597137e+00
7.805944555587311129e+01,5.330687934912645254e+00
7.807945127179193889e+01,4.060585211211162893e+00
7.809945698771078071e+01,3.813689653818999936e+00
7.811946270362960831e+01,5.019747400623955080e+00
7.813946841954845013e+01,4.369830759850727553e+00
7.815947413546727773e+01,4.369917997331984161e+00
7.817947985138611955e+01,4.655849346706015801e+00
7.819948556730494715e+01,3.741613151101303991e+00
7.821949128322378897e+01,4.624948072154338341e+00
7.823949699914261657e+01,4.800749229791780870e+00
7.825950271506144418e+01,4.266474281286011916e+00
7.827950843098028599e+01,5.421673439653998727e+00
7.829951414689911360e+01,4.339843055328330479e+00
7.831951986281795541e+01,4.618463155340870152e+00
7.833952557873678302e+01,4.238747337960177219e+00
7.835953129465562483e+01,4.631563550849717714e+00
7.837953701057445244e+01,5.428072253061453800e+00
7.839954272649329425e+01,4.429930114940727748e+00
7.841954844241212186e+01,5.110279940234701890e+00
7.843955415833094946e+01,4.716434830658492672e+00
7.845955987424979128e+01,4.426437360923285880e+00
7.847956559016861888e+01,4.966348749176091815e+00
7.849957130608746070e+01,4.618916711366771288e+00
7.851957702200628830e+01,4.624763746101115736e+00
7.853958273792513012e+01,4.523255927492685124e+00
7.855958845384395772e+01,4.349505487804959714e+00
7.857959416976279954e+01,4.378484110001847007e+00
7.859959988568162714e+01,4.558370758843202530e+00
7.861960560160045475e+01,5.074427817452875189e+00
7.863961131751929656e+01,4.614112470491678053e+00
7.865961703343812417e+01,5.048343948613136511e+00
7.867962274935696598e+01,4.726137984936060299e+00
7.869962846527579359e+01,4.272205935650175590e+00
7.871963418119463540e+01,4.697199626005540196e+00
7.873963989711346301e+01,4.507408905896877371e+00
7.875964561303230482e+01,4.742791598474929593e+00
7.877965132895113243e+01,5.282679494075234850e+00
7.879965704486996003e+01,4.477068930874443353e+00
7.881966276078880185e+01,5.171457962698994493e+00
7.883966847670762945e+01,5.177428672225422801e+00
7.885967419262647127e+01,5.849703363307552806e+00
7.887967990854529887e+01,5.108762446470826113e+00
7.889968562446414069e+01,4.927113987822284713e+00
7.891969134038296829e+01,5.009040374978543042e+00
7.893969705630181011e+01,6.165906552391351880e+00
7.895970277222063771e+01,5.456960801086780499e+00
7.897970848813946532e+01,5.869792959877532468e+00
7.899971420405830713e+01,6.058297332424941395e+00
7.901971991997713474e+01,5.943634770091293262e+00
7.903972563589597655e+01,7.008249417075720800e+00
7.905973135181480416e+01,5.723522775179946009e+00
7.907973706773364597e+01,6.911894156480599349e+00
7.909974278365247358e+01,6.401612965174564351e+00
7.911974849957131539e+01,6.974302514606206316e+00
7.913975421549014300e+01,7.408897029605377327e+00
7.915975993140898481e+01,7.956931439612179524e+00
7.917976564732781242e+01,7.753670014073534844e+00
7.919977136324664002e+01,7.881045102633962074e+00
7.921977707916548184e+01,8.254883119610514797e+00
7.923978279508430944e+01,8.497750915752970258e+00
7.925978851100315126e+01,7.835174257827368649e+00
7.927979422692197886e+01,7.987495308682239781e+00
7.929979994284082068e+01,8.763760445306939317e+00
7.931980565875964828e+01,8.401503028828754438e+00
7.933981137467849010e+01,8.101263399020311340e+00
7.935981709059731770e+01,8.477293880453252939e+00
7.937982280651614531e+01,8.568055717808165994e+00
7.939982852243498712e+01,9.006341736954802002e+00
7.941983423835381473e+01,8.859885449518344558e+00
7.943983995427265654e+01,8.769424815395904460e+00
7.945984567019148415e+01,8.442905533051661138e+00
7.947985138611032596e+01,8.715325186652769673e+00
7.949985710202915357e+01,7.728420793724844806e+00
7.951986281794799538e+01,7.226586178555972850e+00
7.953986853386682299e+01,7.528433505787422320e+00
7.955987424978565059e+01,7.996866920868400008e+00
7.957987996570449241e+01,7.000054274169878354e+00
7.959988568162332001e+01,7.240446106812383320e+00
7.961989139754216183e+01,7.462707240996979685e+00
7.963989711346098943e+01,7.712772649873945063e+00
7.965990282937983125e+01,7.411962191548108869e+00
7.967990854529865885e+01,6.620892501543354847e+00
7.969991426121750067e+01,7.144320351227394283e+00
7.971991997713632827e+01,7.135099912921132770e+00
7.973992569305515588e+01,6.583165823354548252e+00
7.975993140897399769e+01,6.160213329229426549e+00
7.977993712489282530e+01,6.449744856888806943e+00
7.979994284081166711e+01,6.218139357601056183e+00
7.981994855673049472e+01,5.671081029466342294e+00
7.983995427264933653e+01,6.891203237530771908e+00
7.985995998856816414e+01,6.539752945900945136e+00
7.987996570448700595e+01,6.214735070808189654e+00
7.989997142040583356e+01,5.145321233039187980e+00
7.991997713632466116e+01,5.274803444418915355e+00
7.993998285224350298e+01,5.324367389298427788e+00
7.995998856816233058e+01,6.130794157491346041e+00
7.997999428408117240e+01,5.170865471052911388e+00
8.000000000000000000e+01,4.944811991135120266e+00
