angle,intensity
1.000000000000000000e+01,1.000694055205582300e+00
1.002000571591883471e+01,7.327745481694916130e-01
1.004001143183766764e+01,1.357471660556684112e+00
1.006001714775650235e+01,7.195454204729451186e-01
1.008002286367533529e+01,1.325334456944391448e+00
1.010002857959417000e+01,9.372066105077251352e-01
1.012003429551300293e+01,1.077519073318142784e+00
1.014004001143183764e+01,1.289649106678868895e+00
1.016004572735067235e+01,2.265113920185156671e-01
1.018005144326950528e+01,1.780768670136682941e+00
1.020005715918833999e+01,1.047487614537599088e+00
1.022006287510717293e+01,1.501996231455621000e+00
1.024006859102600764e+01,2.357331305408025546e-01
1.026007430694484057e+01,6.579095178636049646e-01
1.028008002286367528e+01,1.049274537724306677e+00
1.030008573878250999e+01,1.202516828576381647e+00
1.032009145470134293e+01,8.296099329633787045e-01
1.034009717062017764e+01,6.228980936086382370e-01
1.036010288653901057e+01,7.442367180647807556e-01
1.038010860245784528e+01,1.244321940282862693e+00
1.040011431837667999e+01,1.796577969978121470e+00
1.042012003429551292e+01,2.001220093439281644e+00
1.044012575021434763e+01,8.039565418505545402e-01
1.046013146613318057e+01,9.943842037032722958e-01
1.048013718205201528e+01,1.129471324161705148e+00
1.050014289797084821e+01,7.791174101704716470e-01
1.052014861388968292e+01,1.118680151130250211e+00
1.054015432980851585e+01,4.810237714240826468e-01
1.056016004572735056e+01,1.416130774867244480e+00
1.058016576164618527e+01,1.069519497026656385e+00
1.060017147756501821e+01,6.029230530850385739e-01
1.062017719348385292e+01,9.448482176833488122e-01
1.064018290940268585e+01,1.399116059829720538e+00
1.066018862532152056e+01,1.373733696968812534e+00
1.068019434124035527e+01,1.483073460688152156e+00
1.070020005715918820e+01,1.277832391202687656e+00
1.072020577307802292e+01,2.063605377453080258e+00
1.074021148899685585e+01,1.466777344443680020e+00
1.076021720491569056e+01,9.225976959571465796e-01
1.078022292083452349e+01,1.436252806703286478e+00
1.080022863675335820e+01,1.668279895219176856e+00
1.082023435267219291e+01,1.005935744728894354e+00
1.084024006859102585e+01,1.049366157292389801e+00
1.086024578450986056e+01,8.821086467759227112e-01
1.088025150042869349e+01,8.439669189176703945e-01
1.090025721634752820e+01,1.023624012239368941e+00
1.092026293226636113e+01,1.593571512271174218e+00
1.094026864818519584e+01,1.079842858451182774e+00
1.096027436410403055e+01,1.077869988423306946e+00
1.098028008002286349e+01,1.711313982093089603e+00
1.100028579594169820e+01,1.249855124604593692e+00
1.102029151186053113e+01,1.329535288658041381e+00
1.104029722777936584e+01,1.475583306174921727e+00
1.106030294369819877e+01,5.491145301327222672e-01
1.108030865961703348e+01,1.414344637814960892e+00
1.110031437553586819e+01,1.352812926876214794e+00
1.112032009145470113e+01,1.394631683261093658e+00
1.114032580737353584e+01,7.434030831892255442e-01
1.116033152329236877e+01,1.156584531405651983e+00
1.118033723921120348e+01,1.100084491492301142e+00
1.120034295513003642e+01,1.124206134234439158e+00
1.122034867104887113e+01,1.292500851913580329e+00
1.124035438696770584e+01,1.293695091296009458e+00
1.126036010288653877e+01,1.904156842623233370e+00
1.128036581880537348e+01,1.509651080281026125e+00
1.130037153472420641e+01,2.087927788422696551e+00
1.132037725064304112e+01,6.031197320156964636e-01
1.134038296656187583e+01,2.262268020199949436e+00
1.136038868248070877e+01,1.250602571067581881e+00
1.138039439839954348e+01,1.111717982220590040e+00
1.140040011431837641e+01,2.321168446989041456e+00
1.142040583023721112e+01,1.422062037811047119e+00
1.144041154615604405e+01,8.817206321955073367e-01
1.146041726207487876e+01,1.404431704821012428e+00
1.148042297799371170e+01,1.429376588511594326e+00
1.150042869391254641e+01,1.799684644748427154e+00
1.152043440983138112e+01,1.788277961528685456e+00
1.154044012575021405e+01,1.983469769977456831e+00
1.156044584166904876e+01,1.807496459748259898e+00
1.158045155758788169e+01,1.274304184410456564e+00
1.160045727350671640e+01,8.237409303176097541e-01
1.162046298942555111e+01,1.853578876329005753e+00
1.164046870534438405e+01,9.000141229577769408e-01
1.166047442126321876e+01,1.064404095524553062e+00
1.168048013718205169e+01,1.751435070710451347e+00
1.170048585310088640e+01,1.786798569702635842e+00
1.172049156901971934e+01,1.222092560399377970e+00
1.174049728493855405e+01,1.183075292696067260e+00
1.176050300085738698e+01,9.177551446053753281e-01
1.178050871677622169e+01,1.356416536959009322e+00
1.180051443269505640e+01,1.968289394961887595e+00
1.182052014861388933e+01,1.602715594075374117e+00
1.184052586453272404e+01,6.878364101735443548e-01
1.186053158045155698e+01,1.793440677907083280e+00
1.188053729637039169e+01,9.369474756459393872e-01
1.190054301228922640e+01,1.441681383586841836e+00
1.192054872820805933e+01,2.207002660309401953e+00
1.194055444412689404e+01,1.396315618840545669e+00
1.196056016004572697e+01,1.640997728064203409e+00
1.198056587596456168e+01,1.753028109336730811e+00
1.200057159188339639e+01,1.653905336181596741e+00
1.202057730780222933e+01,1.893395474385842103e+00
1.204058302372106226e+01,1.119318750319035605e+00
1.206058873963989697e+01,1.667706487073373323e+00
1.208059445555873168e+01,1.733358340298892131e+00
1.210060017147756461e+01,1.933927758471700731e+00
1.212060588739639932e+01,1.862281756522850440e+00
1.214061160331523226e+01,1.181776999340451884e+00
1.216061731923406697e+01,2.297983173265988555e+00
1.218062303515290168e+01,8.777766337823401654e-01
1.220062875107173461e+01,1.761656075546289113e+00
1.222063446699056932e+01,9.942759330473589507e-01
1.224064018290940226e+01,1.886007407846552741e+00
1.226064589882823697e+01,2.109451454475965715e+00
1.228065161474707168e+01,2.329549946152228657e+00
1.230065733066590461e+01,1.490454981281714719e+00
1.232066304658473754e+01,1.671124192629780625e+00
1.234066876250357225e+01,1.310321564093746671e+00
1.236067447842240696e+01,2.264357173370188825e+00
1.238068019434123990e+01,2.241335723372034572e+00
1.240068591026007461e+01,1.784464280484111987e+00
1.242069162617890754e+01,2.161400641403910416e+00
1.244069734209774225e+01,1.734367364725891925e+00
1.246070305801657696e+01,1.779961325340941425e+00
1.248070877393540989e+01,1.308636663126707678e+00
1.250071448985424460e+01,1.131285847664083022e+00
1.252072020577307754e+01,1.567986968328782815e+00
1.254072592169191225e+01,2.026699362957506079e+00
1.256073163761074696e+01,2.484973771590152758e+00
1.258073735352957989e+01,1.608167190880346098e+00
1.260074306944841460e+01,2.217312870173556050e+00
1.262074878536724754e+01,1.631634526758212189e+00
1.264075450128608225e+01,1.376635334189582949e+00
1.266076021720491518e+01,1.023839727170410274e+00
1.268076593312374989e+01,1.642294008675199812e+00
1.270077164904258282e+01,1.908196519506777156e+00
1.272077736496141753e+01,1.485402841446749722e+00
1.274078308088025224e+01,1.981806354336151710e+00
1.276078879679908518e+01,1.705777692585452865e+00
1.278079451271791989e+01,1.617521346609928967e+00
1.280080022863675282e+01,2.604827711909715404e+00
1.282080594455558753e+01,1.448105821382017488e+00
1.284081166047442224e+01,1.455488622319316416e+00
1.286081737639325517e+01,2.026589703340993864e+00
1.288082309231208988e+01,2.123808694055935309e+00
1.290082880823092282e+01,2.107864600460077398e+00
1.292083452414975753e+01,2.170457112699538449e+00
1.294084024006859224e+01,1.797559884004112263e+00
1.296084595598742517e+01,1.639449874255190398e+00
1.298085167190625810e+01,1.964770936452635119e+00
1.300085738782509281e+01,1.616306535357699081e+00
1.302086310374392752e+01,1.926155577271740027e+00
1.304086881966276046e+01,2.184134210125181941e+00
1.306087453558159517e+01,2.479716596342791401e+00
1.308088025150042810e+01,1.884270704459988011e+00
1.310088596741926281e+01,2.257939309040609022e+00
1.312089168333809752e+01,1.578812676306752927e+00
1.314089739925693046e+01,1.917620545735407855e+00
1.316090311517576517e+01,1.919361233570665348e+00
1.318090883109459810e+01,1.282347680284256830e+00
1.320091454701343281e+01,1.953630231003402606e+00
1.322092026293226752e+01,1.922800667707254219e+00
1.324092597885110045e+01,2.349409368000681120e+00
1.326093169476993339e+01,1.697000994389632034e+00
1.328093741068876810e+01,1.691808385250026969e+00
1.330094312660760281e+01,2.571584827425186237e+00
1.332094884252643574e+01,2.522685228005246305e+00
1.334095455844527045e+01,1.939621430573231331e+00
1.336096027436410338e+01,1.313517043910894078e+00
1.338096599028293809e+01,1.507982834059848898e+00
1.340097170620177280e+01,1.701910651708759659e+00
1.342097742212060574e+01,1.678566088527194911e+00
1.344098313803944045e+01,2.326936601530336546e+00
1.346098885395827338e+01,1.954041109732618242e+00
1.348099456987710809e+01,1.731181165480697226e+00
1.350100028579594280e+01,2.216031051048838130e+00
1.352100600171477573e+01,1.418464746110538188e+00
1.354101171763361044e+01,2.244525587804344191e+00
1.356101743355244338e+01,1.834822508305125943e+00
1.358102314947127809e+01,2.841699215241897836e+00
1.360102886539011102e+01,2.362922278281721411e+00
1.362103458130894573e+01,1.929560064232393346e+00
1.364104029722777867e+01,2.372972955308447318e+00
1.366104601314661338e+01,1.328171392271422224e+00
1.368105172906544809e+01,2.977770842382136962e+00
1.370105744498428102e+01,1.949513386794102132e+00
1.372106316090311573e+01,2.320145224953660268e+00
1.374106887682194866e+01,2.066586374094066869e+00
1.376107459274078337e+01,1.952562634715861556e+00
1.378108030865961808e+01,2.293464798470022270e+00
1.380108602457845102e+01,2.441963493105760552e+00
1.382109174049728573e+01,1.688260423629808660e+00
1.384109745641611866e+01,1.950102702946482136e+00
1.386110317233495337e+01,1.747608848865677356e+00
1.388110888825378808e+01,2.183307655104088418e+00
1.390111460417262101e+01,1.625504487612816185e+00
1.392112032009145395e+01,1.962306468956000138e+00
1.394112603601028866e+01,2.355471693199887362e+00
1.396113175192912337e+01,2.019049114759909891e+00
1.398113746784795630e+01,2.342018357281891561e+00
1.400114318376679101e+01,2.328603570629796948e+00
1.402114889968562395e+01,2.348554373661518646e+00
1.404115461560445866e+01,1.783240394033141829e+00
1.406116033152329337e+01,1.954860770247392132e+00
1.408116604744212630e+01,2.816496894149461472e+00
1.410117176336095923e+01,2.561596125409986158e+00
1.412117747927979394e+01,1.847701850645137922e+00
1.414118319519862865e+01,1.546037652104634841e+00
1.416118891111746336e+01,2.442811762821142541e+00
1.418119462703629630e+01,2.151256176536507247e+00
1.420120034295512923e+01,1.965354539711601900e+00
1.422120605887396394e+01,2.909239524664579246e+00
1.424121177479279865e+01,2.414432353040128820e+00
1.426121749071163336e+01,2.164455766458652786e+00
1.428122320663046629e+01,2.293302527316142481e+00
1.430122892254929923e+01,2.234244385726128712e+00
1.432123463846813394e+01,1.523427983902286620e+00
1.434124035438696865e+01,2.266632263849629236e+00
1.436124607030580158e+01,2.765160664481188135e+00
1.438125178622463629e+01,2.545684248260892346e+00
1.440125750214346922e+01,1.648044646151953341e+00
1.442126321806230393e+01,1.829941722880934929e+00
1.444126893398113864e+01,1.999284805850673807e+00
1.446127464989997158e+01,2.670234594429778063e+00
1.448128036581880451e+01,3.009592750554645146e+00
1.450128608173763922e+01,2.595319427468892215e+00
1.452129179765647393e+01,2.203986347080546970e+00
1.454129751357530864e+01,1.699412754482720000e+00
1.456130322949414158e+01,2.389588010251892491e+00
1.458130894541297451e+01,2.972826296439105676e+00
1.460131466133180922e+01,2.199862103139736291e+00
1.462132037725064393e+01,2.007500656813198781e+00
1.464132609316947686e+01,2.076883992972682336e+00
1.466133180908831157e+01,2.469581901671912494e+00
1.468133752500714451e+01,2.939829792470947112e+00
1.470134324092597922e+01,2.614214593488966454e+00
1.472134895684481393e+01,2.265324697473038995e+00
1.474135467276364686e+01,2.065731354508602458e+00
1.476136038868247979e+01,2.266232127597035628e+00
1.478136610460131450e+01,1.965706276428522692e+00
1.480137182052014921e+01,2.995834725748744987e+00
1.482137753643898392e+01,2.237198884866785420e+00
1.484138325235781686e+01,1.838575130615885067e+00
1.486138896827664979e+01,2.928631532219089451e+00
1.488139468419548450e+01,2.541313948040079929e+00
1.490140040011431921e+01,1.676769103897939317e+00
1.492140611603315392e+01,2.037821338898686996e+00
1.494141183195198685e+01,2.318869623081571518e+00
1.496141754787081979e+01,2.117057110721038971e+00
1.498142326378965450e+01,3.219142854982036006e+00
1.500142897970848921e+01,2.978292626177931446e+00
1.502143469562732214e+01,3.227679653704510265e+00
1.504144041154615508e+01,2.043623921433220580e+00
1.506144612746498979e+01,2.206124845435747606e+00
1.508145184338382450e+01,3.377317094507191975e+00
1.510145755930265921e+01,2.914087998904018484e+00
1.512146327522149214e+01,2.876322313312476453e+00
1.514146899114032507e+01,2.872541960873409295e+00
1.516147470705915978e+01,3.505175847626515129e+00
1.518148042297799449e+01,2.715707484859449572e+00
1.520148613889682920e+01,2.925001331275227656e+00
1.522149185481566214e+01,2.474230187613767562e+00
1.524149757073449507e+01,2.303185309330446184e+00
1.526150328665332978e+01,2.819439911735799775e+00
1.528150900257216449e+01,1.849553759590371049e+00
1.530151471849099742e+01,2.764077750437687442e+00
1.532152043440983036e+01,2.716610161226229003e+00
1.534152615032866507e+01,2.266383476233928995e+00
1.536153186624749978e+01,2.568837069807078155e+00
1.538153758216633449e+01,3.233996661482589019e+00
1.540154329808516742e+01,2.264251633411395126e+00
1.542154901400400036e+01,2.871697279112537693e+00
1.544155472992283507e+01,2.317429941206200716e+00
1.546156044584166978e+01,1.973704446816928915e+00
1.548156616176050449e+01,2.265366430406105192e+00
1.550157187767933742e+01,2.582683995301949587e+00
1.552157759359817035e+01,3.114216362431630358e+00
1.554158330951700506e+01,3.244764787207897516e+00
1.556158902543583977e+01,2.671370761796690640e+00
1.558159474135467271e+01,3.217322486998903663e+00
1.560160045727350742e+01,2.092736644465939655e+00
1.562160617319234035e+01,3.109363272028078828e+00
1.564161188911117506e+01,3.157113964052422173e+00
1.566161760503000977e+01,2.743294727671500510e+00
1.568162332094884270e+01,3.040967582533392388e+00
1.570162903686767564e+01,2.883319874694417528e+00
1.572163475278651035e+01,2.079465323813808109e+00
1.574164046870534506e+01,2.669536721229029297e+00
1.576164618462417977e+01,2.841814311861094566e+00
1.578165190054301270e+01,3.119207977225704642e+00
1.580165761646184563e+01,2.516624279651177520e+00
1.582166333238068034e+01,2.924740449431020295e+00
1.584166904829951505e+01,2.656997418227214247e+00
1.586167476421834799e+01,2.771695147505344181e+00
1.588168048013718270e+01,3.452323309692719278e+00
1.590168619605601563e+01,2.590848737343841357e+00
1.592169191197485034e+01,3.271496163977505311e+00
1.594169762789368505e+01,3.564345115495287875e+00
1.596170334381251799e+01,3.106303628009277062e+00
1.598170905973135092e+01,2.084472107777741279e+00
1.600171477565018563e+01,2.691455812593687824e+00
1.602172049156902034e+01,3.114614372326709457e+00
1.604172620748785505e+01,3.523782523497113850e+00
1.606173192340668976e+01,2.859146225426905552e+00
1.608173763932552092e+01,3.253346920467043102e+00
1.610174335524435563e+01,3.674741708653055383e+00
1.612174907116319034e+01,2.481902069898604957e+00
1.614175478708202505e+01,3.528950069624956498e+00
1.616176050300085620e+01,2.586088612905979467e+00
1.618176621891969091e+01,2.727939120107267357e+00
1.620177193483852562e+01,2.921785848179069056e+00
1.622177765075736033e+01,2.755902277001823109e+00
1.624178336667619504e+01,3.201972329480104573e+00
1.626178908259502620e+01,2.776023536690882310e+00
1.628179479851386091e+01,2.955742948713178997e+00
1.630180051443269562e+01,2.365628165916044523e+00
1.632180623035153033e+01,2.363498897832410961e+00
1.634181194627036149e+01,2.654004812236788524e+00
1.636181766218919620e+01,3.001333234294540908e+00
1.638182337810803091e+01,3.105837482496268454e+00
1.640182909402686562e+01,3.122090422513815078e+00
1.642183480994570033e+01,3.069727104500766579e+00
1.644184052586453504e+01,2.932353998236627568e+00
1.646184624178336620e+01,2.551204641009389817e+00
1.648185195770220091e+01,2.120252140409442987e+00
1.650185767362103562e+01,2.889573782834157889e+00
1.652186338953986677e+01,2.983992291497119531e+00
1.654186910545870148e+01,2.489995867122859252e+00
1.656187482137753619e+01,2.845661785505527952e+00
1.658188053729637090e+01,2.229876425435815435e+00
1.660188625321520561e+01,3.019142751075817088e+00
1.662189196913404032e+01,3.404367346909227265e+00
1.664189768505287148e+01,3.118442133444592201e+00
1.666190340097170619e+01,3.017311145141396089e+00
1.668190911689054090e+01,2.540665942920814047e+00
1.670191483280937561e+01,3.691521970245027262e+00
1.672192054872820677e+01,2.656603111682193763e+00
1.674192626464704148e+01,3.046092342738251357e+00
1.676193198056587619e+01,3.098355971670760489e+00
1.678193769648471090e+01,2.946355818089707590e+00
1.680194341240354561e+01,2.550242194932533124e+00
1.682194912832238032e+01,3.166049903701785517e+00
1.684195484424121148e+01,3.368964783492566895e+00
1.686196056016004619e+01,3.709485355105923254e+00
1.688196627607888090e+01,3.206129681728566716e+00
1.690197199199771205e+01,3.455811570316734915e+00
1.692197770791654676e+01,3.401670316189344234e+00
1.694198342383538147e+01,2.931616676178019354e+00
1.696198913975421618e+01,3.584825201452944476e+00
1.698199485567305089e+01,2.489985644145499499e+00
1.700200057159188560e+01,3.189491012665524039e+00
1.702200628751071676e+01,2.764088142258815051e+00
1.704201200342955147e+01,2.952853100039289025e+00
1.706201771934838618e+01,3.299240414019101841e+00
1.708202343526722089e+01,3.156141340988510180e+00
1.710202915118605205e+01,3.224344575593700135e+00
1.712203486710488676e+01,3.244114440479437533e+00
1.714204058302372147e+01,2.673755813150785698e+00
1.716204629894255618e+01,3.621551918589562824e+00
1.718205201486139089e+01,3.411081353100241742e+00
1.720205773078022204e+01,2.896868166084773488e+00
1.722206344669905675e+01,4.027262879145251162e+00
1.724206916261789146e+01,2.697618544567979448e+00
1.726207487853672617e+01,3.345649585684530525e+00
1.728208059445555733e+01,3.708305518925656408e+00
1.730208631037439204e+01,3.581028054749186840e+00
1.732209202629322675e+01,3.464067134989736729e+00
1.734209774221206146e+01,3.858919178794487870e+00
1.736210345813089617e+01,3.429498717418887566e+00
1.738210917404973088e+01,3.136408918755083874e+00
1.740211488996856204e+01,2.718179243554629920e+00
1.742212060588739675e+01,3.080867776707550298e+00
1.744212632180623146e+01,3.169619766539025107e+00
1.746213203772506262e+01,3.794349473721499777e+00
1.748213775364389733e+01,3.683937854119961663e+00
1.750214346956273204e+01,3.106862025210113565e+00
1.752214918548156675e+01,3.369913199289017225e+00
1.754215490140040146e+01,3.108239674582220502e+00
1.756216061731923617e+01,2.906272682767217841e+00
1.758216633323806732e+01,3.978615091590883779e+00
1.760217204915690203e+01,3.233118615640687477e+00
1.762217776507573674e+01,2.773444861400861772e+00
1.764218348099457145e+01,3.154471409702220619e+00
1.766218919691340261e+01,3.404857363842699325e+00
1.768219491283223732e+01,3.290901016560018100e+00
1.770220062875107203e+01,3.045400302934508030e+00
1.772220634466990674e+01,4.130698948015011140e+00
1.774221206058874145e+01,3.206562243759597308e+00
1.776221777650757616e+01,3.605341173838907842e+00
1.778222349242640732e+01,3.219243776420913861e+00
1.780222920834524203e+01,3.898415453607638526e+00
1.782223492426407674e+01,3.178453125942169777e+00
1.784224064018290790e+01,3.059278565170613362e+00
1.786224635610174261e+01,3.367083974592579576e+00
1.788225207202057732e+01,3.046818258874339769e+00
1.790225778793941203e+01,3.387748175502937720e+00
1.792226350385824674e+01,3.119040074538598439e+00
1.794226921977708145e+01,3.252787094968642378e+00
1.796227493569591260e+01,2.443105165112460231e+00
1.798228065161474731e+01,2.983131496638647295e+00
1.800228636753358202e+01,3.373780802290463843e+00
1.802229208345241318e+01,2.770569191083148031e+00
1.804229779937124789e+01,2.768884875005173996e+00
1.806230351529008260e+01,3.747123378882498024e+00
1.808230923120891731e+01,3.333930183657673574e+00
1.810231494712775202e+01,2.674289045979122648e+00
1.812232066304658673e+01,2.961851634427520530e+00
1.814232637896542144e+01,3.084274247874495778e+00
1.816233209488425260e+01,2.764372133727242886e+00
1.818233781080308731e+01,3.215728363326446626e+00
1.820234352672191847e+01,3.077732820607810282e+00
1.822234924264075318e+01,3.481757980100203653e+00
1.824235495855958789e+01,4.003036871118546003e+00
1.826236067447842260e+01,2.831423946244256307e+00
1.828236639039725731e+01,3.482295704822946369e+00
1.830237210631609202e+01,3.470705448137530347e+00
1.832237782223492673e+01,3.438305412588104737e+00
1.834238353815375788e+01,3.341565624648480615e+00
1.836238925407259259e+01,3.190135112665843042e+00
1.838239496999142730e+01,3.815198082830137949e+00
1.840240068591025846e+01,3.095933037553993294e+00
1.842240640182909317e+01,3.421292153983197526e+00
1.844241211774792788e+01,3.041249671045843428e+00
1.846241783366676259e+01,3.556800650592510493e+00
1.848242354958559730e+01,3.359241815796265129e+00
1.850242926550443201e+01,2.572347394032438395e+00
1.852243498142326672e+01,3.537840149601922057e+00
1.854244069734209788e+01,3.129327044404217162e+00
1.856244641326093259e+01,3.485729242763969893e+00
1.858245212917976374e+01,2.984611327712018536e+00
1.860245784509859845e+01,3.424791066727144617e+00
1.862246356101743316e+01,4.132589617868587695e+00
1.864246927693626787e+01,4.256981534571020909e+00
1.866247499285510258e+01,3.874167776404472185e+00
1.868248070877393729e+01,3.359118916769379570e+00
1.870248642469277200e+01,4.040849572074737495e+00
1.872249214061160316e+01,3.298603540071847195e+00
1.874249785653043787e+01,3.699783001187278764e+00
1.876250357244927258e+01,3.389303139819163313e+00
1.878250928836810374e+01,2.489417987770299767e+00
1.880251500428693845e+01,2.625867867550254253e+00
1.882252072020577316e+01,3.015213052142627248e+00
1.884252643612460787e+01,3.722121924715014352e+00
1.886253215204344258e+01,3.779462534635433357e+00
1.888253786796227729e+01,3.498262566121812078e+00
1.890254358388111200e+01,3.081145772435708086e+00
1.892254929979994316e+01,3.381779938505340866e+00
1.894255501571877787e+01,3.690347531840026285e+00
1.896256073163760902e+01,3.295724402815006115e+00
1.898256644755644373e+01,3.459028829460658372e+00
1.900257216347527844e+01,3.580240364888267024e+00
1.902257787939411315e+01,3.271282942950198613e+00
1.904258359531294786e+01,3.593063634070531087e+00
1.906258931123178257e+01,3.027373976661513311e+00
1.908259502715061728e+01,3.793606295047693866e+00
1.910260074306944844e+01,3.635878894142703821e+00
1.912260645898828315e+01,3.450456854227428316e+00
1.914261217490711431e+01,3.484880512635542882e+00
1.916261789082594902e+01,3.708002229330344068e+00
1.918262360674478373e+01,3.808733384915400144e+00
1.920262932266361844e+01,3.397097047375834400e+00
1.922263503858245315e+01,3.025301336866996316e+00
1.924264075450128786e+01,3.716717383825158816e+00
1.926264647042012257e+01,3.498716115746389299e+00
1.928265218633895373e+01,3.386685040532341429e+00
1.930265790225778844e+01,3.275681932292653809e+00
1.932266361817662315e+01,4.190676484973130833e+00
1.934266933409545430e+01,3.550216475025336216e+00
1.936267505001428901e+01,2.579021526417291099e+00
1.938268076593312372e+01,3.396980075721671710e+00
1.940268648185195843e+01,3.353030049471430019e+00
1.942269219777079314e+01,3.209372345665858717e+00
1.944269791368962785e+01,3.167863257679416122e+00
1.946270362960846256e+01,3.134088069822752232e+00
1.948270934552729372e+01,3.264969349309328805e+00
1.950271506144612843e+01,3.259579415965745852e+00
1.952272077736495959e+01,2.973579183808766846e+00
1.954272649328379430e+01,4.015692885293794312e+00
1.956273220920262901e+01,3.497641440486296993e+00
1.958273792512146372e+01,4.179249760790419543e+00
1.960274364104029843e+01,3.453194987896859747e+00
1.962274935695913314e+01,3.337484370915138499e+00
1.964275507287796785e+01,4.132990472928534942e+00
1.966276078879679901e+01,3.542844281579809351e+00
1.968276650471563372e+01,3.766748493277106924e+00
1.970277222063446487e+01,4.193491097422313629e+00
1.972277793655329958e+01,3.880527793339231479e+00
1.974278365247213429e+01,3.487270527908144402e+00
1.976278936839096900e+01,3.930510859994373885e+00
1.978279508430980371e+01,3.708697058163742177e+00
1.980280080022863842e+01,3.208388888886864798e+00
1.982280651614747313e+01,4.283356602248228562e+00
1.984281223206630784e+01,3.550451113318551233e+00
1.986281794798513900e+01,3.312526121681846014e+00
1.988282366390397371e+01,3.668100810993048633e+00
1.990282937982280487e+01,3.614982787413982379e+00
1.992283509574163958e+01,3.493572795593992808e+00
1.994284081166047429e+01,3.588306189077399733e+00
1.996284652757930900e+01,3.776089665834430953e+00
1.998285224349814371e+01,3.056904398085519503e+00
2.000285795941697842e+01,3.803577342002478545e+00
2.002286367533581313e+01,3.337756091093895705e+00
2.004286939125464428e+01,3.284410879885085954e+00
2.006287510717347899e+01,3.560349310932787947e+00
2.008288082309231015e+01,3.221027288615286643e+00
2.010288653901114486e+01,3.756021273055861087e+00
2.012289225492997957e+01,4.044709643191028547e+00
2.014289797084881428e+01,3.028229260694770275e+00
2.016290368676764899e+01,3.349621508274656101e+00
2.018290940268648370e+01,3.514973130766397169e+00
2.020291511860531841e+01,2.988439293331248692e+00
2.022292083452414957e+01,3.765169298870371328e+00
2.024292655044298428e+01,4.173938102201205425e+00
2.026293226636181899e+01,3.337598121370380255e+00
2.028293798228065015e+01,3.301811058212938299e+00
2.030294369819948486e+01,3.342573794338844273e+00
2.032294941411831957e+01,4.331210319625620642e+00
2.034295513003715428e+01,3.424419290725801979e+00
2.036296084595598899e+01,3.141976382188154560e+00
2.038296656187482370e+01,3.479228136327929377e+00
2.040297227779365841e+01,3.744705490135621151e+00
2.042297799371248956e+01,4.215771551067677869e+00
2.044298370963132427e+01,4.105377606494267972e+00
2.046298942555015543e+01,4.394881222057556158e+00
2.048299514146899014e+01,3.778071868622398188e+00
2.050300085738782485e+01,4.035598883265407721e+00
2.052300657330665956e+01,4.108807544038583615e+00
2.054301228922549427e+01,3.751710365481312870e+00
2.056301800514432898e+01,4.058133783699272357e+00
2.058302372106316369e+01,4.205956738287373931e+00
2.060302943698199485e+01,3.870827984152626744e+00
2.062303515290082956e+01,3.133791617069558111e+00
2.064304086881966072e+01,4.188611408352741705e+00
2.066304658473849543e+01,4.083442590910476788e+00
2.068305230065733014e+01,4.104082457307187681e+00
2.070305801657616485e+01,4.046805725557010902e+00
2.072306373249499956e+01,3.400234868004285982e+00
2.074306944841383427e+01,3.901821304209434516e+00
2.076307516433266898e+01,4.034248345778831180e+00
2.078308088025150369e+01,3.153177298154507646e+00
2.080308659617033484e+01,4.207549734427095345e+00
2.082309231208916955e+01,4.298268376274145375e+00
2.084309802800800071e+01,4.123387793303773030e+00
2.086310374392683542e+01,2.851061715659715112e+00
2.088310945984567013e+01,3.237904377001318945e+00
2.090311517576450484e+01,3.348088301131687317e+00
2.092312089168333955e+01,3.782661608395026409e+00
2.094312660760217426e+01,3.637295297378210890e+00
2.096313232352100897e+01,3.499627118731805098e+00
2.098313803943984013e+01,4.214314655122731068e+00
2.100314375535867484e+01,4.275251478247318104e+00
2.102314947127750600e+01,3.195712520031355197e+00
2.104315518719634071e+01,3.426666108684392587e+00
2.106316090311517542e+01,3.810439472824426854e+00
2.108316661903401013e+01,4.302536271307157989e+00
2.110317233495284484e+01,4.036063585724431135e+00
2.112317805087167955e+01,4.173649302518844806e+00
2.114318376679051426e+01,3.948424184528559699e+00
2.116318948270934541e+01,4.171693057251397718e+00
2.118319519862818012e+01,3.328362976860781419e+00
2.120320091454701483e+01,3.846560936640144313e+00
2.122320663046584599e+01,3.885991195131206055e+00
2.124321234638468070e+01,3.858371233184054283e+00
2.126321806230351541e+01,4.172830760369070191e+00
2.128322377822235012e+01,3.880112468734272291e+00
2.130322949414118483e+01,4.236181788291590422e+00
2.132323521006001954e+01,4.197596509746094107e+00
2.134324092597885425e+01,3.653126613431190162e+00
2.136324664189768541e+01,3.917502923232370815e+00
2.138325235781652012e+01,3.861622663549025170e+00
2.140325807373535127e+01,3.983091078962663012e+00
2.142326378965418598e+01,3.706253516704324902e+00
2.144326950557302069e+01,3.394495932339575361e+00
2.146327522149185540e+01,4.705795417953839710e+00
2.148328093741069011e+01,4.104492101866425990e+00
2.150328665332952482e+01,4.100781479841390187e+00
2.152329236924835953e+01,4.142760064614969373e+00
2.154329808516719069e+01,3.342022266242247408e+00
2.156330380108602540e+01,3.630027315153081968e+00
2.158330951700485656e+01,4.708040150454618988e+00
2.160331523292369127e+01,3.530774425123971216e+00
2.162332094884252598e+01,4.168490384450958430e+00
2.164332666476136069e+01,3.236560984157992316e+00
2.166333238068019540e+01,3.795818419655400788e+00
2.168333809659903011e+01,4.404153609149229709e+00
2.170334381251786482e+01,3.552321405576842395e+00
2.172334952843669598e+01,4.429588845187015345e+00
2.174335524435553069e+01,3.080156448870041697e+00
2.176336096027436540e+01,3.138752575823194668e+00
2.178336667619319655e+01,4.547429250619680730e+00
2.180337239211203126e+01,4.157729268449310567e+00
2.182337810803086597e+01,4.621529601324965597e+00
2.184338382394970068e+01,3.507575257578864125e+00
2.186338953986853539e+01,3.908100173719880832e+00
2.188339525578737010e+01,3.409638694769065559e+00
2.190340097170620481e+01,4.401074586296651603e+00
2.192340668762503597e+01,4.230029834766146024e+00
2.194341240354387068e+01,3.612752470379827496e+00
2.196341811946270184e+01,3.842937520921266170e+00
2.198342383538153655e+01,4.399778797731691782e+00
2.200342955130037126e+01,3.844519487968486970e+00
2.202343526721920597e+01,3.826011771342613610e+00
2.204344098313804068e+01,4.924552885383347345e+00
2.206344669905687539e+01,3.957635740409334524e+00
2.208345241497571010e+01,4.386312600818126128e+00
2.210345813089454126e+01,4.229399845682121573e+00
2.212346384681337597e+01,4.029745864486897311e+00
2.214346956273221068e+01,4.179896951897985602e+00
2.216347527865104183e+01,3.596973255823576743e+00
2.218348099456987654e+01,3.764079948740572501e+00
2.220348671048871125e+01,4.060095547301215468e+00
2.222349242640754596e+01,3.748589721827677135e+00
2.224349814232638067e+01,3.945803198420655189e+00
2.226350385824521538e+01,4.268147336932980096e+00
2.228350957416405009e+01,3.565017439248839182e+00
2.230351529008288125e+01,4.122572915777468872e+00
2.232352100600171596e+01,4.559392335799643980e+00
2.234352672192054712e+01,4.046255578527439667e+00
2.236353243783938183e+01,4.554778500128929153e+00
2.238353815375821654e+01,4.560047285973718445e+00
2.240354386967705125e+01,4.425314474154781408e+00
2.242354958559588596e+01,4.157312748671278868e+00
2.244355530151472067e+01,3.217750496553114292e+00
2.246356101743355538e+01,4.041631816482945894e+00
2.248356673335238654e+01,4.382279520589788646e+00
2.250357244927122125e+01,4.289439146391352153e+00
2.252357816519005240e+01,4.934725375714315021e+00
2.254358388110888711e+01,3.627362031744949533e+00
2.256358959702772182e+01,3.475351952191327420e+00
2.258359531294655653e+01,3.868928451224189491e+00
2.260360102886539124e+01,4.110588033191913127e+00
2.262360674478422595e+01,4.619075054022934168e+00
2.264361246070306066e+01,4.148305491575980497e+00
2.266361817662189182e+01,4.182512846992299416e+00
2.268362389254072653e+01,4.412789551942417177e+00
2.270362960845956124e+01,3.891149961967900417e+00
2.272363532437839240e+01,4.957833290338397703e+00
2.274364104029722711e+01,3.984934774911260469e+00
2.276364675621606182e+01,4.302434838976568088e+00
2.278365247213489653e+01,4.344568506685349440e+00
2.280365818805373124e+01,4.471794909382820649e+00
2.282366390397256595e+01,4.083555992903347587e+00
2.284366961989140066e+01,4.205681524195744814e+00
2.286367533581023181e+01,4.109676348313579197e+00
2.288368105172906652e+01,4.179086830098779792e+00
2.290368676764789768e+01,4.320945520344677604e+00
2.292369248356673239e+01,4.510574071423960163e+00
2.294369819948556710e+01,4.535722549386910885e+00
2.296370391540440181e+01,4.340618244722828756e+00
2.298370963132323652e+01,3.527158612517588665e+00
2.300371534724207123e+01,4.506743597038726179e+00
2.302372106316090594e+01,3.410165089858709919e+00
2.304372677907973710e+01,4.559731957885644782e+00
2.306373249499857181e+01,3.999802549002244412e+00
2.308373821091740652e+01,3.529787354992838466e+00
2.310374392683623768e+01,4.624273144882567799e+00
2.312374964275507239e+01,4.034227758987714907e+00
2.314375535867390710e+01,3.563934468047567972e+00
2.316376107459274181e+01,4.669012007491638805e+00
2.318376679051157652e+01,4.642829765919316287e+00
2.320377250643041123e+01,3.731859641625458579e+00
2.322377822234924594e+01,4.141317201660061009e+00
2.324378393826807709e+01,4.242685803062863137e+00
2.326378965418691180e+01,4.319575186655594479e+00
2.328379537010574296e+01,3.860997986679141292e+00
2.330380108602457767e+01,4.529322146176667729e+00
2.332380680194341238e+01,4.206917806161156292e+00
2.334381251786224709e+01,3.452331877070444754e+00
2.336381823378108180e+01,4.104786993752030710e+00
2.338382394969991651e+01,3.824747702711287722e+00
2.340382966561875122e+01,3.467331934858083997e+00
2.342383538153758238e+01,5.044910744163577654e+00
2.344384109745641709e+01,4.655253912241843040e+00
2.346384681337524825e+01,3.922909625666959776e+00
2.348385252929408296e+01,3.578707983064043585e+00
2.350385824521291767e+01,3.610194896865110081e+00
2.352386396113175238e+01,3.974325986576724645e+00
2.354386967705058709e+01,3.528366282273515342e+00
2.356387539296942180e+01,4.726961538903101889e+00
2.358388110888825651e+01,4.477980890631084954e+00
2.360388682480708766e+01,4.645994104200499741e+00
2.362389254072592237e+01,5.030095284067023442e+00
2.364389825664475708e+01,3.765948438442676682e+00
2.366390397256358824e+01,4.003440815390763241e+00
2.368390968848242295e+01,4.876157206145302681e+00
2.370391540440125766e+01,4.580496156992797552e+00
2.372392112032009237e+01,4.524569976500952606e+00
2.374392683623892708e+01,4.626190538441562694e+00
2.376393255215776179e+01,4.371393450328303842e+00
2.378393826807659650e+01,4.733733437754878537e+00
2.380394398399542766e+01,3.962850266149270162e+00
2.382394969991426237e+01,4.809837372295348246e+00
2.384395541583309353e+01,3.850925411068697457e+00
2.386396113175192824e+01,4.401756573565813291e+00
2.388396684767076295e+01,4.329096015257664298e+00
2.390397256358959766e+01,4.539081344160242004e+00
2.392397827950843237e+01,4.302113537166478707e+00
2.394398399542726708e+01,4.251421835783899539e+00
2.396398971134610179e+01,4.278689248752509222e+00
2.398399542726493294e+01,4.264122394527220195e+00
2.400400114318376765e+01,4.732100631007758906e+00
2.402400685910260236e+01,4.557461494309091421e+00
2.404401257502143352e+01,3.518108297821224362e+00
2.406401829094026823e+01,5.047233192956200654e+00
2.408402400685910294e+01,5.035457295805061406e+00
2.410402972277793765e+01,3.966489309304888966e+00
2.412403543869677236e+01,3.777619309248241741e+00
2.414404115461560707e+01,5.212492284522099339e+00
2.416404687053444178e+01,4.002959904675366332e+00
2.418405258645327294e+01,4.728893167482107529e+00
2.420405830237210765e+01,4.746955342534334932e+00
2.422406401829093880e+01,4.180367937642351706e+00
2.424406973420977351e+01,3.762202439226841388e+00
2.426407545012860822e+01,4.173857672371083183e+00
2.428408116604744293e+01,5.063714447820251152e+00
2.430408688196627764e+01,4.722748495792414403e+00
2.432409259788511235e+01,4.295248884766348141e+00
2.434409831380394706e+01,4.888140740034121023e+00
2.436410402972277822e+01,4.784240999065032085e+00
2.438410974564161293e+01,4.614403631163712660e+00
2.440411546156044409e+01,4.322400675565793549e+00
2.442412117747927880e+01,4.475521631220330754e+00
2.444412689339811351e+01,4.680181445029987231e+00
2.446413260931694822e+01,4.132873120986025661e+00
2.448413832523578293e+01,5.212354084844881719e+00
2.450414404115461764e+01,4.238698397388988681e+00
2.452414975707345235e+01,4.737040433049349630e+00
2.454415547299228351e+01,4.138704734943740249e+00
2.456416118891111822e+01,4.965497362581929863e+00
2.458416690482995293e+01,4.091868238781706246e+00
2.460417262074878408e+01,3.950737331216633397e+00
2.462417833666761879e+01,5.075737333795689921e+00
2.464418405258645350e+01,4.565432588922292645e+00
2.466418976850528821e+01,3.860541123481604942e+00
2.468419548442412292e+01,4.453339461620291928e+00
2.470420120034295763e+01,4.146312113311762637e+00
2.472420691626179234e+01,5.298265811224192490e+00
2.474421263218062350e+01,4.043666993245347285e+00
2.476421834809945821e+01,4.660364405547214872e+00
2.478422406401828937e+01,5.083104697704485808e+00
2.480422977993712408e+01,4.605169329285325297e+00
2.482423549585595879e+01,4.728565118008353885e+00
2.484424121177479350e+01,4.593591085049363087e+00
2.486424692769362821e+01,4.643928404483149919e+00
2.488425264361246292e+01,5.051137529540710602e+00
2.490425835953129763e+01,4.430674955508082213e+00
2.492426407545012879e+01,4.780970826955259767e+00
2.494426979136896350e+01,3.849727151487850829e+00
2.496427550728779821e+01,4.663025205296863263e+00
2.498428122320662936e+01,4.273292722278730693e+00
2.500428693912546407e+01,4.683521810480399949e+00
2.502429265504429878e+01,5.223510509518296985e+00
2.504429837096313349e+01,4.511974922856574644e+00
2.506430408688196820e+01,4.793902257690877633e+00
2.508430980280080291e+01,3.789752608934095157e+00
2.510431551871963762e+01,4.851651123479225447e+00
2.512432123463846878e+01,4.849970580501725692e+00
2.514432695055730349e+01,4.056872022750892981e+00
2.516433266647613465e+01,4.259940186762666947e+00
2.518433838239496936e+01,4.358676326234158793e+00
2.520434409831380407e+01,4.568274458164530927e+00
2.522434981423263878e+01,4.925493878675653470e+00
2.524435553015147349e+01,4.761423928248849080e+00
2.526436124607030820e+01,4.962615324164858066e+00
2.528436696198914291e+01,4.695209474551514717e+00
2.530437267790797407e+01,4.542030119796185872e+00
2.532437839382680878e+01,4.930592116372919165e+00
2.534438410974563993e+01,5.047669125869566287e+00
2.536438982566447464e+01,4.230802024322382948e+00
2.538439554158330935e+01,4.943273195185032165e+00
2.540440125750214406e+01,4.997116363063065059e+00
2.542440697342097877e+01,4.830478054577246994e+00
2.544441268933981348e+01,4.785011222710551237e+00
2.546441840525864819e+01,5.167121035964692410e+00
2.548442412117747935e+01,4.644906587076984117e+00
2.550442983709631406e+01,5.061233668462481461e+00
2.552443555301514877e+01,4.396279489087700831e+00
2.554444126893397993e+01,4.998340195090026583e+00
2.556444698485281464e+01,4.897763740276081634e+00
2.558445270077164935e+01,5.052435842771339836e+00
2.560445841669048406e+01,5.495756843231374589e+00
2.562446413260931877e+01,4.907184286403781570e+00
2.564446984852815348e+01,4.700498175277594726e+00
2.566447556444698819e+01,4.647543143126139142e+00
2.568448128036581934e+01,4.633294105697578047e+00
2.570448699628465405e+01,5.003978600091589790e+00
2.572449271220348521e+01,4.866136269970590789e+00
2.574449842812231992e+01,5.623414732426388341e+00
2.576450414404115463e+01,5.096572505632825489e+00
2.578450985995998934e+01,4.997917339118504998e+00
2.580451557587882405e+01,5.874337007394657917e+00
2.582452129179765876e+01,5.541622544792533134e+00
2.584452700771649347e+01,5.115336201271553307e+00
2.586453272363532463e+01,5.325870009424786389e+00
2.588453843955415934e+01,5.291761225705210236e+00
2.590454415547299405e+01,5.890760761889925590e+00
2.592454987139182521e+01,5.163682126789431059e+00
2.594455558731065992e+01,5.074237527380287105e+00
2.596456130322949463e+01,5.415419197719815614e+00
2.598456701914832934e+01,4.810383605038397903e+00
2.600457273506716405e+01,5.382532251471960905e+00
2.602457845098599520e+01,5.498207285681820267e+00
2.604458416690482991e+01,5.392927122222206826e+00
2.606458988282366462e+01,5.722338419140681864e+00
2.608459559874249933e+01,5.423099684960151379e+00
2.610460131466133404e+01,5.404088936253724995e+00
2.612460703058016520e+01,6.344413540724108458e+00
2.614461274649899991e+01,6.041597469046893210e+00
2.616461846241783462e+01,5.545641748065792243e+00
2.618462417833666933e+01,6.200435851896737738e+00
2.620462989425550404e+01,5.888005601196705463e+00
2.622463561017433520e+01,7.027229456931832097e+00
2.624464132609316991e+01,7.351439514902744499e+00
2.626464704201200462e+01,7.054248443875974495e+00
2.628465275793083933e+01,7.069454899814104465e+00
2.630465847384967049e+01,7.735240270166895193e+00
2.632466418976850520e+01,7.514864260029633591e+00
2.634466990568733991e+01,7.613395603415826329e+00
2.636467562160617462e+01,9.044114845029078253e+00
2.638468133752500933e+01,8.941981899831827008e+00
2.640468705344384048e+01,9.302992005442627388e+00
2.642469276936267519e+01,1.040321109777750053e+01
2.644469848528150990e+01,1.082944757214431597e+01
2.646470420120034461e+01,1.186403733120501514e+01
2.648470991711917932e+01,1.282225592414489057e+01
2.650471563303801048e+01,1.359630271626371822e+01
2.652472134895684519e+01,1.405070742690891095e+01
2.654472706487567990e+01,1.491453181425787733e+01
2.656473278079451461e+01,1.560439870862674105e+01
2.658473849671334932e+01,1.707994471040627005e+01
2.660474421263218048e+01,1.779346160388927345e+01
2.662474992855101519e+01,1.852999566101022566e+01
2.664475564446984990e+01,2.001998347369532283e+01
2.666476136038868461e+01,2.109839463195973153e+01
2.668476707630751577e+01,2.261101757410348512e+01
2.670477279222635048e+01,2.396382059216990967e+01
2.672477850814518519e+01,2.650246242956546183e+01
2.674478422406401990e+01,2.755692183144658713e+01
2.676478993998285461e+01,2.948960739540053311e+01
2.678479565590168576e+01,3.094620668410432884e+01
2.680480137182052047e+01,3.256354224881901871e+01
2.682480708773935518e+01,3.457225615068797708e+01
2.684481280365818989e+01,3.704384742028518929e+01
2.686481851957702460e+01,3.928478691534404277e+01
2.688482423549585576e+01,4.094066446564153239e+01
2.690482995141469047e+01,4.344474483675584509e+01
2.692483566733352518e+01,4.617406829050771933e+01
2.694484138325235989e+01,4.943325997480788203e+01
2.696484709917119105e+01,5.217215697836685706e+01
2.698485281509002576e+01,5.410383582079749232e+01
2.700485853100886047e+01,5.742231628834141333e+01
2.702486424692769518e+01,6.126760824523276483e+01
2.704486996284652989e+01,6.380387830023701667e+01
2.706487567876536104e+01,6.719740493127008563e+01
2.708488139468419575e+01,7.045976744770283062e+01
2.710488711060303046e+01,7.402829135060946442e+01
2.712489282652186517e+01,7.724065625804908564e+01
2.714489854244069988e+01,8.040839256465361018e+01
2.716490425835953104e+01,8.479004663713898537e+01
2.718490997427836575e+01,8.827859197447480710e+01
2.720491569019720046e+01,9.027957983671629449e+01
2.722492140611603517e+01,9.373058133289987381e+01
2.724492712203486633e+01,9.620859522721855228e+01
2.726493283795370104e+01,9.702751140949465025e+01
2.728493855387253575e+01,9.908232111611401649e+01
2.730494426979137046e+01,9.939762819007286510e+01
2.732494998571020517e+01,9.965799653844462114e+01
2.734495570162903633e+01,9.873313106886703849e+01
2.736496141754787104e+01,9.644872376759994381e+01
2.738496713346670575e+01,9.310333540832002086e+01
2.740497284938554046e+01,9.019147402801331737e+01
2.742497856530437517e+01,8.519535456400947737e+01
2.744498428122320632e+01,7.953512002232821487e+01
2.746498999714204103e+01,7.436711670297195553e+01
2.748499571306087574e+01,6.869216593137780080e+01
2.750500142897971045e+01,6.189978869460718158e+01
2.752500714489854516e+01,5.498850046062781161e+01
2.754501286081737632e+01,5.002862992798144148e+01
2.756501857673621103e+01,4.348206193846391443e+01
2.758502429265504574e+01,3.820841095162507628e+01
2.760503000857388045e+01,3.354459209582601886e+01
2.762503572449271161e+01,2.995782245240726382e+01
2.764504144041154632e+01,2.610569673300233262e+01
2.766504715633038103e+01,2.240856250759213708e+01
2.768505287224921574e+01,1.909798637399655163e+01
2.770505858816805045e+01,1.749555075802414095e+01
2.772506430408688161e+01,1.497062201386343006e+01
2.774507002000571632e+01,1.415037267584315117e+01
2.776507573592455103e+01,1.204266489925504402e+01
2.778508145184338574e+01,1.178243744519836511e+01
2.780508716776222045e+01,1.084974189209243178e+01
2.782509288368105160e+01,1.003357552969709943e+01
2.784509859959988631e+01,8.873817259529548807e+00
2.786510431551872102e+01,9.144487603533292486e+00
2.788511003143755573e+01,8.062459043697206340e+00
2.790511574735638689e+01,8.105764841123862752e+00
2.792512146327522160e+01,8.501662750003378122e+00
2.794512717919405631e+01,7.992854395766778808e+00
2.796513289511289102e+01,7.138640487930039136e+00
2.798513861103172573e+01,7.252220003653496505e+00
2.800514432695055689e+01,6.545367724755680072e+00
2.802515004286939160e+01,7.656148212782134976e+00
2.804515575878822631e+01,7.000843707785518788e+00
2.806516147470706102e+01,7.337094909075934979e+00
2.808516719062589573e+01,5.855492640987973729e+00
2.810517290654472689e+01,6.622871989259056846e+00
2.812517862246356160e+01,5.995155099806460441e+00
2.814518433838239631e+01,6.458751323941918088e+00
2.816519005430123102e+01,6.631493086569127726e+00
2.818519577022006217e+01,6.559002682879429003e+00
2.820520148613889688e+01,5.534794252926764635e+00
2.822520720205773159e+01,5.630662107906718283e+00
2.824521291797656630e+01,5.762328331252268399e+00
2.826521863389540101e+01,6.285859922523822974e+00
2.828522434981423217e+01,5.573055005112564686e+00
2.830523006573306688e+01,5.368744580506323416e+00
2.832523578165190159e+01,5.621757989976282843e+00
2.834524149757073630e+01,5.506370181661774055e+00
2.836524721348957101e+01,5.472020267148177908e+00
2.838525292940840217e+01,6.060728157874109456e+00
2.840525864532723688e+01,5.031152515847024276e+00
2.842526436124607159e+01,5.479248727628364790e+00
2.844527007716490630e+01,4.895108204650304273e+00
2.846527579308374101e+01,6.445892223669467569e+00
2.848528150900257216e+01,5.282079365125513348e+00
2.850528722492140687e+01,5.852544872196537185e+00
2.852529294084024158e+01,5.888737365762303000e+00
2.854529865675907629e+01,5.397952174620534116e+00
2.856530437267790745e+01,5.155011152159058696e+00
2.858531008859674216e+01,5.779614122006735855e+00
2.860531580451557687e+01,4.956372518127357907e+00
2.862532152043441158e+01,5.960725884840123001e+00
2.864532723635324629e+01,5.291393389022639226e+00
2.866533295227207745e+01,5.795905960982894456e+00
2.868533866819091216e+01,5.599361165192355827e+00
2.870534438410974687e+01,6.163961851155102423e+00
2.872535010002858158e+01,5.467812028229859678e+00
2.874535581594741629e+01,5.382713644359457206e+00
2.876536153186624745e+01,5.198699006778507936e+00
2.878536724778508216e+01,5.250380125337176906e+00
2.880537296370391687e+01,4.963080820478763755e+00
2.882537867962275158e+01,5.691398845163582187e+00
2.884538439554158273e+01,5.428690133486942848e+00
2.886539011146041744e+01,5.441885386204805997e+00
2.888539582737925215e+01,5.146107453941061394e+00
2.890540154329808686e+01,5.301080607474497164e+00
2.892540725921692157e+01,5.066180045657759479e+00
2.894541297513575273e+01,4.856448395763088399e+00
2.896541869105458744e+01,5.219658852569290630e+00
2.898542440697342215e+01,5.096798229758281451e+00
2.900543012289225686e+01,5.899841129884352497e+00
2.902543583881109157e+01,4.997681384812874938e+00
2.904544155472992273e+01,5.364882435567765562e+00
2.906544727064875744e+01,5.071177613052929800e+00
2.908545298656759215e+01,4.452268547249333075e+00
2.910545870248642686e+01,5.804311971689968708e+00
2.912546441840525802e+01,4.903397117954062523e+00
2.914547013432409273e+01,4.974237114181153885e+00
2.916547585024292744e+01,5.188549997449427131e+00
2.918548156616176215e+01,5.104995140071324045e+00
2.920548728208059686e+01,4.732524840246142617e+00
2.922549299799942801e+01,5.404956072600560546e+00
2.924549871391826272e+01,4.960076277523072896e+00
2.926550442983709743e+01,5.583222755181790120e+00
2.928551014575593214e+01,4.804013371378006880e+00
2.930551586167476685e+01,5.385618310651535623e+00
2.932552157759359801e+01,5.192020460695445649e+00
2.934552729351243272e+01,5.420545413473588425e+00
2.936553300943126743e+01,5.983247753720688067e+00
2.938553872535010214e+01,5.011598930224728576e+00
2.940554444126893330e+01,4.593335902014919370e+00
2.942555015718776801e+01,5.232037353056480988e+00
2.944555587310660272e+01,5.013717514041255541e+00
2.946556158902543743e+01,5.064056727733633245e+00
2.948556730494427214e+01,5.494830544004585704e+00
2.950557302086310330e+01,4.641314969329412676e+00
2.952557873678193801e+01,4.848171202374549793e+00
2.954558445270077272e+01,4.751488369459464067e+00
2.956559016861960743e+01,4.614071567660278816e+00
2.958559588453844214e+01,4.858458912971345356e+00
2.960560160045727329e+01,5.149114580636237726e+00
2.962560731637610800e+01,4.653730412304561526e+00
2.964561303229494271e+01,5.236410935858753390e+00
2.966561874821377742e+01,5.482265546252403254e+00
2.968562446413261213e+01,5.139936610199591804e+00
2.970563018005144329e+01,5.275511461665027824e+00
2.972563589597027800e+01,4.584805683787518404e+00
2.974564161188911271e+01,4.691919879359396361e+00
2.976564732780794742e+01,4.270516375071770732e+00
2.978565304372677858e+01,5.094128084404172085e+00
2.980565875964561329e+01,5.167340293805828821e+00
2.982566447556444800e+01,5.214849325452353135e+00
2.984567019148328271e+01,4.608054271261890378e+00
2.986567590740211742e+01,4.535245257865129886e+00
2.988568162332094857e+01,5.081712262480664322e+00
2.990568733923978328e+01,4.717213882732062658e+00
2.992569305515861799e+01,4.278068329253400748e+00
2.994569877107745270e+01,5.115850552742639223e+00
2.996570448699628741e+01,4.639372467653068099e+00
2.998571020291511857e+01,5.059137713403817571e+00
3.000571591883395328e+01,4.878962954437681354e+00
3.002572163475278799e+01,5.477464745932682177e+00
3.004572735067162270e+01,5.011018246658745845e+00
3.006573306659045386e+01,5.361626485962120547e+00
3.008573878250928857e+01,5.521208308319089042e+00
3.010574449842812328e+01,5.231143420174745984e+00
3.012575021434695799e+01,4.826273745223106815e+00
3.014575593026579270e+01,4.809449296127599638e+00
3.016576164618462386e+01,5.371968371257904273e+00
3.018576736210345857e+01,5.212127936325718025e+00
3.020577307802229328e+01,4.523218997526292640e+00
3.022577879394112799e+01,4.450627165443802546e+00
3.024578450985996270e+01,4.887074954250111958e+00
3.026579022577879385e+01,4.110333646775565342e+00
3.028579594169762856e+01,4.246748498333545285e+00
3.030580165761646327e+01,5.379287729016244413e+00
3.032580737353529798e+01,5.273786331756300960e+00
3.034581308945412914e+01,4.551860342830483575e+00
3.036581880537296385e+01,5.308218084307577911e+00
3.038582452129179856e+01,4.344347786806871170e+00
3.040583023721063327e+01,5.175071256119611718e+00
3.042583595312946798e+01,5.558829440184249293e+00
3.044584166904829914e+01,4.474074142013224176e+00
3.046584738496713385e+01,4.705501681857850116e+00
3.048585310088596856e+01,5.149745285031675834e+00
3.050585881680480327e+01,5.559755779819208321e+00
3.052586453272363798e+01,5.015889386211202172e+00
3.054587024864246914e+01,4.282898935623096648e+00
3.056587596456130385e+01,4.895457038188189003e+00
3.058588168048013856e+01,4.741949269547101053e+00
3.060588739639897327e+01,5.474825677133033253e+00
3.062589311231780798e+01,4.835333132244164389e+00
3.064589882823663913e+01,4.418176547546102562e+00
3.066590454415547384e+01,5.265355289527327010e+00
3.068591026007430855e+01,5.662116023842209245e+00
3.070591597599314326e+01,4.989953718417920570e+00
3.072592169191197442e+01,4.522969273353400155e+00
3.074592740783080913e+01,4.543559650899744895e+00
3.076593312374964384e+01,5.408024673264254290e+00
3.078593883966847855e+01,5.506129714453578572e+00
3.080594455558731326e+01,5.069312510756006418e+00
3.082595027150614442e+01,5.058182756552684012e+00
3.084595598742497913e+01,5.627721611851017158e+00
3.086596170334381384e+01,5.300751260769111184e+00
3.088596741926264855e+01,4.731770849523481814e+00
3.090597313518148326e+01,4.827778142719028054e+00
3.092597885110031442e+01,4.841858652091324267e+00
3.094598456701914913e+01,4.962468805592606280e+00
3.096599028293798384e+01,4.622710776180422698e+00
3.098599599885681855e+01,5.151173851495692624e+00
3.100600171477564970e+01,5.804060517706703060e+00
3.102600743069448441e+01,5.454946285326390587e+00
3.104601314661331912e+01,5.381357169175059241e+00
3.106601886253215383e+01,5.210555927539921584e+00
3.108602457845098854e+01,5.419245850494882610e+00
3.110603029436981970e+01,5.379852811307621607e+00
3.112603601028865441e+01,4.405916278305147316e+00
3.114604172620748912e+01,5.830035602222300106e+00
3.116604744212632383e+01,5.147610535110370478e+00
3.118605315804515854e+01,5.583454726501385856e+00
3.120605887396398970e+01,4.704402119224340595e+00
3.122606458988282441e+01,4.819979592848826044e+00
3.124607030580165912e+01,5.365162827217949015e+00
3.126607602172049383e+01,5.383072377728612246e+00
3.128608173763932498e+01,4.975911471683014398e+00
3.130608745355815969e+01,5.158728655562606846e+00
3.132609316947699440e+01,5.961503087500528153e+00
3.134609888539582911e+01,5.179084840797687050e+00
3.136610460131466382e+01,4.538497011766979838e+00
3.138611031723349498e+01,6.000218709171669218e+00
3.140611603315232969e+01,5.105295120378132268e+00
3.142612174907116440e+01,5.532207392364155041e+00
3.144612746498999911e+01,5.217638561695506993e+00
3.146613318090883382e+01,5.674673748731393630e+00
3.148613889682766498e+01,5.756782070494891990e+00
3.150614461274649969e+01,4.752582756649722739e+00
3.152615032866533440e+01,5.001762080862974358e+00
3.154615604458416911e+01,6.185862305452134002e+00
3.156616176050300382e+01,5.844872547203213919e+00
3.158616747642183498e+01,5.478697934062930486e+00
3.160617319234066969e+01,5.801065968410104468e+00
3.162617890825950440e+01,5.602480134106775367e+00
3.164618462417833911e+01,5.652604125332263862e+00
3.166619034009717026e+01,6.073326465970925625e+00
3.168619605601600497e+01,5.604399573085694364e+00
3.170620177193483968e+01,5.397890488643404261e+00
3.172620748785367439e+01,6.355201974672363363e+00
3.174621320377250910e+01,5.858568296567138844e+00
3.176621891969134026e+01,6.179798459270092970e+00
3.178622463561017497e+01,5.063886316595846537e+00
3.180623035152900968e+01,5.459108220647468812e+00
3.182623606744784439e+01,4.729128820716230308e+00
3.184624178336667910e+01,6.200414079703013392e+00
3.186624749928551026e+01,5.381418859003266775e+00
3.188625321520434497e+01,5.572681409445054967e+00
3.190625893112317968e+01,6.046915542028570734e+00
3.192626464704201439e+01,5.935652942540803778e+00
3.194627036296084555e+01,4.796730330642096973e+00
3.196627607887968026e+01,4.963010422210158978e+00
3.198628179479851497e+01,5.717485110508611079e+00
3.200628751071734968e+01,5.473124744195377644e+00
3.202629322663618439e+01,4.505736019531239478e+00
3.204629894255501199e+01,5.681379005351961275e+00
3.206630465847385381e+01,5.038015350200327980e+00
3.208631037439268141e+01,4.969797547909543312e+00
3.210631609031152323e+01,5.279086950425490699e+00
3.212632180623035083e+01,5.691889154254329952e+00
3.214632752214918554e+01,5.643444234119430192e+00
3.216633323806802025e+01,5.198423838989135959e+00
3.218633895398685496e+01,5.136154830297503082e+00
3.220634466990568967e+01,5.611062891792846230e+00
3.222635038582451728e+01,5.160113171410751320e+00
3.224635610174335909e+01,5.240980355357082843e+00
3.226636181766218670e+01,5.064305950237850240e+00
3.228636753358102851e+01,4.827922917247086332e+00
3.230637324949985612e+01,5.284179415963386361e+00
3.232637896541869083e+01,5.077668831189656728e+00
3.234638468133752554e+01,5.328259202373225811e+00
3.236639039725636025e+01,4.753962664830168272e+00
3.238639611317519496e+01,4.658562680082690477e+00
3.240640182909402967e+01,5.214332678123930975e+00
3.242640754501286438e+01,5.108350960698194498e+00
3.244641326093169198e+01,5.491718791304990077e+00
3.246641897685053380e+01,4.936693201465130798e+00
3.248642469276936140e+01,5.417239585203789787e+00
3.250643040868819611e+01,4.567156804135275472e+00
3.252643612460703082e+01,4.876942057686792786e+00
3.254644184052586553e+01,5.521232884546179775e+00
3.256644755644470024e+01,4.454733131825042491e+00
3.258645327236353495e+01,5.306075490466361622e+00
3.260645898828236966e+01,5.423818747909265880e+00
3.262646470420119726e+01,4.680656756534324003e+00
3.264647042012003908e+01,4.568899658892879856e+00
3.266647613603886668e+01,5.052465715258145806e+00
3.268648185195770850e+01,5.145240458223613089e+00
3.270648756787653610e+01,4.914413587699824504e+00
3.272649328379537081e+01,4.990474688858506980e+00
3.274649899971420552e+01,5.269904908237485586e+00
3.276650471563304023e+01,5.573377837451785055e+00
3.278651043155187494e+01,5.476114842446191844e+00
3.280651614747070255e+01,4.927405202255645378e+00
3.282652186338954436e+01,4.713941230276608607e+00
3.284652757930837197e+01,5.772669782799265903e+00
3.286653329522721378e+01,5.555006070390454909e+00
3.288653901114604139e+01,5.808611294112612455e+00
3.290654472706487610e+01,5.103437477731451288e+00
3.292655044298371081e+01,4.760563303789270506e+00
3.294655615890254552e+01,5.131504456097112588e+00
3.296656187482138023e+01,4.828942570117277455e+00
3.298656759074020783e+01,5.286238566563882912e+00
3.300657330665904965e+01,4.901711303745393877e+00
3.302657902257787725e+01,4.834060683882904108e+00
3.304658473849671907e+01,5.209908357160579762e+00
3.306659045441554667e+01,4.931857701142821071e+00
3.308659617033438138e+01,5.185457477753463884e+00
3.310660188625321609e+01,5.244271086262877191e+00
3.312660760217205080e+01,5.871094769883107745e+00
3.314661331809088551e+01,5.606728381471420164e+00
3.316661903400971312e+01,4.578436286016385637e+00
3.318662474992855493e+01,5.800628119795409710e+00
3.320663046584738254e+01,5.357693983467378906e+00
3.322663618176622435e+01,4.789384195996044369e+00
3.324664189768505196e+01,5.244517463449820838e+00
3.326664761360388667e+01,5.001798851283576042e+00
3.328665332952272138e+01,4.616164902372717371e+00
3.330665904544155609e+01,4.598706065446446445e+00
3.332666476136039080e+01,5.307256716188597068e+00
3.334667047727922551e+01,5.179655126894465056e+00
3.336667619319806022e+01,5.166014288069288973e+00
3.338668190911688782e+01,4.899353229315256186e+00
3.340668762503572964e+01,4.937931082938789018e+00
3.342669334095455724e+01,5.303136155128675533e+00
3.344669905687339195e+01,4.648865440734834209e+00
3.346670477279222666e+01,4.706922764029820350e+00
3.348671048871106137e+01,5.806417464158426966e+00
3.350671620462989608e+01,4.526989960655563472e+00
3.352672192054873079e+01,4.590078279691198304e+00
3.354672763646756550e+01,4.861590100899961797e+00
3.356673335238639311e+01,4.405346773749004186e+00
3.358673906830523492e+01,5.293612487798685429e+00
3.360674478422406253e+01,5.590788709149029145e+00
3.362675050014290434e+01,5.844699172928102371e+00
3.364675621606173195e+01,4.972610516335663533e+00
3.366676193198056666e+01,6.022880962579980846e+00
3.368676764789940137e+01,5.356796830542435828e+00
3.370677336381823608e+01,5.645921330357248635e+00
3.372677907973707079e+01,5.018088513424413755e+00
3.374678479565589839e+01,5.158888145359631139e+00
3.376679051157474021e+01,5.152735117985198343e+00
3.378679622749356781e+01,4.846224380457449854e+00
3.380680194341240963e+01,5.480009189276138670e+00
3.382680765933123723e+01,4.322471675078064735e+00
3.384681337525007194e+01,4.525168208303841588e+00
3.386681909116890665e+01,4.601092204910941064e+00
3.388682480708774136e+01,5.153234523281929214e+00
3.390683052300657607e+01,4.901703747249313459e+00
3.392683623892540368e+01,5.213934556844344925e+00
3.394684195484424549e+01,5.561812889170098195e+00
3.396684767076307310e+01,5.509246264051718356e+00
3.398685338668191491e+01,4.754896397125604857e+00
3.400685910260074252e+01,5.804648358187899149e+00
3.402686481851957723e+01,4.745650609085786620e+00
3.404687053443841194e+01,5.377208326751430789e+00
3.406687625035724665e+01,4.927594908431747633e+00
3.408688196627608136e+01,5.732778121168347951e+00
3.410688768219490896e+01,4.957959413886620759e+00
3.412689339811375078e+01,5.196407168809875188e+00
3.414689911403257838e+01,5.376567564472033212e+00
3.416690482995142020e+01,4.737643621939605865e+00
3.418691054587024780e+01,5.653727574606175033e+00
3.420691626178908251e+01,4.728888055077336006e+00
3.422692197770791722e+01,5.401485814559276122e+00
3.424692769362675193e+01,5.508703673098798603e+00
3.426693340954558664e+01,5.766553716607946356e+00
3.428693912546442135e+01,5.367800580132639610e+00
3.430694484138325606e+01,5.961049092260095605e+00
3.432695055730208367e+01,4.635707561751413408e+00
3.434695627322092548e+01,5.123114093773397215e+00
3.436696198913975309e+01,5.710747914845102358e+00
3.438696770505858780e+01,5.486340361319526515e+00
3.440697342097742251e+01,5.210716306034086642e+00
3.442697913689625722e+01,5.335911322410430202e+00
3.444698485281509193e+01,5.400218575853594771e+00
3.446699056873392664e+01,5.817844070170744786e+00
3.448699628465276135e+01,5.454452228392129953e+00
3.450700200057158895e+01,5.583575990931864297e+00
3.452700771649043077e+01,4.763849731391117004e+00
3.454701343240925837e+01,4.425649666626810586e+00
3.456701914832810019e+01,5.485165143509548535e+00
3.458702486424692779e+01,5.043676839435690340e+00
3.460703058016576250e+01,5.279994883657968430e+00
3.462703629608459721e+01,5.648406352754173021e+00
3.464704201200343192e+01,4.560877446294712811e+00
3.466704772792226663e+01,5.109823772242599205e+00
3.468705344384109424e+01,4.770477564931480785e+00
3.470705915975993605e+01,5.326520305935877886e+00
3.472706487567876366e+01,5.207478902663775777e+00
3.474707059159760547e+01,5.070754050096449639e+00
3.476707630751643308e+01,4.964765136975756832e+00
3.478708202343526779e+01,5.113621814421712486e+00
3.480708773935410250e+01,4.782520415916647671e+00
3.482709345527293721e+01,5.451890082883609878e+00
3.484709917119177192e+01,5.014771809304749084e+00
3.486710488711059952e+01,5.157341770921139990e+00
3.488711060302944134e+01,5.447560952796177247e+00
3.490711631894826894e+01,5.720604387305682437e+00
3.492712203486711076e+01,5.278576347333083341e+00
3.494712775078593836e+01,4.838228223929561977e+00
3.496713346670477307e+01,5.034655362797280986e+00
3.498713918262360778e+01,5.122877088197813400e+00
3.500714489854244249e+01,4.582824225258633533e+00
3.502715061446127720e+01,4.732362017280033584e+00
3.504715633038010481e+01,4.555815923817601032e+00
3.506716204629894662e+01,4.689933852922429480e+00
3.508716776221777423e+01,5.115371190921448985e+00
3.510717347813661604e+01,4.380526530363514581e+00
3.512717919405544365e+01,5.237616059192261808e+00
3.514718490997427836e+01,4.893927185801812740e+00
3.516719062589311307e+01,5.415179076458446872e+00
3.518719634181194778e+01,4.897480410424368102e+00
3.520720205773078249e+01,5.717474186048519869e+00
3.522720777364961720e+01,5.188988600281650321e+00
3.524721348956845191e+01,5.451807449190491539e+00
3.526721920548727951e+01,5.207197822509860963e+00
3.528722492140612133e+01,5.906380250450028235e+00
3.530723063732494893e+01,5.820662474583805590e+00
3.532723635324378364e+01,5.770427437374843649e+00
3.534724206916261835e+01,4.767168298385180414e+00
3.536724778508145306e+01,5.981424138885873099e+00
3.538725350100028777e+01,5.062040225616015299e+00
3.540725921691912248e+01,5.022078749525872965e+00
3.542726493283795719e+01,4.489880357147221446e+00
3.544727064875678479e+01,5.711928690154778998e+00
3.546727636467562661e+01,5.062713787643360774e+00
3.548728208059445421e+01,5.672011907305735789e+00
3.550728779651329603e+01,5.669906350065506473e+00
3.552729351243212363e+01,5.299191466564598940e+00
3.554729922835095834e+01,4.782614192855502822e+00
3.556730494426979305e+01,5.738263082852089525e+00
3.558731066018862776e+01,6.146233155882780963e+00
3.560731637610746247e+01,5.411756656329732351e+00
3.562732209202629008e+01,5.292860677492040367e+00
3.564732780794513189e+01,5.306996256295550829e+00
3.566733352386395950e+01,5.312350466189883491e+00
3.568733923978280131e+01,5.836859282178009423e+00
3.570734495570162892e+01,5.479014553408053878e+00
3.572735067162046363e+01,5.609796266804115916e+00
3.574735638753929834e+01,4.658791814952222943e+00
3.576736210345813305e+01,5.882233736622982434e+00
3.578736781937696776e+01,5.620511873451992990e+00
3.580737353529579536e+01,5.356889240083086534e+00
3.582737925121463718e+01,4.637235023325061434e+00
3.584738496713346478e+01,5.940267113468632232e+00
3.586739068305230660e+01,5.675613260438107766e+00
3.588739639897113420e+01,4.699437091856180970e+00
3.590740211488996891e+01,5.087042695794711911e+00
3.592740783080880362e+01,5.268610505718958059e+00
3.594741354672763833e+01,4.724664004957458197e+00
3.596741926264647304e+01,4.941016664744311448e+00
3.598742497856530065e+01,5.589809906370368786e+00
3.600743069448414246e+01,5.102827676142268842e+00
3.602743641040297007e+01,5.027650219694163702e+00
3.604744212632181188e+01,5.720511100656999304e+00
3.606744784224063949e+01,5.877233322823713912e+00
3.608745355815947420e+01,5.366708532392534536e+00
3.610745927407830891e+01,4.586219327676100299e+00
3.612746498999714362e+01,5.474607070249413177e+00
3.614747070591597833e+01,5.454416052111357160e+00
3.616747642183481304e+01,5.393178743127656105e+00
3.618748213775364775e+01,5.362807924329385578e+00
3.620748785367247535e+01,4.908143878855145914e+00
3.622749356959131717e+01,5.527692742969486872e+00
3.624749928551014477e+01,5.251600460045336760e+00
3.626750500142897948e+01,5.210987590588784357e+00
3.628751071734781419e+01,5.087542036765331233e+00
3.630751643326664890e+01,5.222752736533248452e+00
3.632752214918548361e+01,5.562619119411563062e+00
3.634752786510431832e+01,5.502845523386639570e+00
3.636753358102315303e+01,5.564612103446434865e+00
3.638753929694198064e+01,5.530174882766793587e+00
3.640754501286082245e+01,5.824892898201793123e+00
3.642755072877965006e+01,6.153111035738840329e+00
3.644755644469849187e+01,5.471518640472133654e+00
3.646756216061731948e+01,5.335398112888714905e+00
3.648756787653615419e+01,4.863820203742260873e+00
3.650757359245498890e+01,5.109026018716734896e+00
3.652757930837382361e+01,5.519292991248025970e+00
3.654758502429265832e+01,5.471221322481342852e+00
3.656759074021148592e+01,5.423906618361851173e+00
3.658759645613032774e+01,5.612004880482672320e+00
3.660760217204915534e+01,5.415036472344207041e+00
3.662760788796799716e+01,5.538392367018396101e+00
3.664761360388682476e+01,5.755628481200933955e+00
3.666761931980565947e+01,5.613758736634825830e+00
3.668762503572449418e+01,5.660290411579406822e+00
3.670763075164332889e+01,4.859455392814505004e+00
3.672763646756216360e+01,4.948348937638741063e+00
3.674764218348099121e+01,5.366453649280730431e+00
3.676764789939983302e+01,5.260177566596109244e+00
3.678765361531866063e+01,5.422283254306557332e+00
3.680765933123750244e+01,5.618060762192488511e+00
3.682766504715633005e+01,5.590919989985740912e+00
3.684767076307516476e+01,5.894682178988691845e+00
3.686767647899399947e+01,5.235585185305598799e+00
3.688768219491283418e+01,5.139910620960010945e+00
3.690768791083166889e+01,5.508115852816361624e+00
3.692769362675049649e+01,5.353753949738047524e+00
3.694769934266933831e+01,5.169510979597927935e+00
3.696770505858816591e+01,5.236853208412790117e+00
3.698771077450700773e+01,5.400942872071918366e+00
3.700771649042583533e+01,5.370404028349375025e+00
3.702772220634467004e+01,5.648845262728130479e+00
3.704772792226350475e+01,4.564642806114673768e+00
3.706773363818233946e+01,5.197784912552013026e+00
3.708773935410117417e+01,5.223411227446677074e+00
3.710774507002000888e+01,5.209723120771887039e+00
3.712775078593884359e+01,5.310172380938868564e+00
3.714775650185767120e+01,5.874933970341873035e+00
3.716776221777651301e+01,5.128108739472591715e+00
3.718776793369534062e+01,5.808836773433455392e+00
3.720777364961417533e+01,5.550139075886718842e+00
3.722777936553301004e+01,4.912227391602037585e+00
3.724778508145184475e+01,4.717635012069465894e+00
3.726779079737067946e+01,5.112203338403839226e+00
3.728779651328951417e+01,5.038612844385131240e+00
3.730780222920834888e+01,4.786082280273157963e+00
3.732780794512717648e+01,5.849076755135702577e+00
3.734781366104601830e+01,5.210025207134068914e+00
3.736781937696484590e+01,5.744155653298983921e+00
3.738782509288368772e+01,4.929143929882286557e+00
3.740783080880251532e+01,5.826130125650506031e+00
3.742783652472135003e+01,5.261556698871910243e+00
3.744784224064018474e+01,4.999520582886116671e+00
3.746784795655901945e+01,5.523843047177329879e+00
3.748785367247785416e+01,5.668386011612907893e+00
3.750785938839668177e+01,5.510274041318976579e+00
3.752786510431552358e+01,5.604617560770817519e+00
3.754787082023435119e+01,5.013278297443759968e+00
3.756787653615319300e+01,5.530394788612836621e+00
3.758788225207202061e+01,5.349764948014206212e+00
3.760788796799085532e+01,5.650134153662539127e+00
3.762789368390969003e+01,5.693615729720770346e+00
3.764789939982852474e+01,5.651763908706882056e+00
3.766790511574735945e+01,5.583715216200539899e+00
3.768791083166618705e+01,5.430218559735219941e+00
3.770791654758502887e+01,5.329704176002153737e+00
3.772792226350385647e+01,5.763418281255400899e+00
3.774792797942269829e+01,5.592523304532445394e+00
3.776793369534152589e+01,5.166432848935626154e+00
3.778793941126036060e+01,5.314470167273272594e+00
3.780794512717919531e+01,5.413849225787883412e+00
3.782795084309803002e+01,5.599466472831135633e+00
3.784795655901686473e+01,5.245004774364217859e+00
3.786796227493569234e+01,5.206092877902499971e+00
3.788796799085453415e+01,5.198794699870536107e+00
3.790797370677336176e+01,5.191706110323069723e+00
3.792797942269220357e+01,4.685345204144132580e+00
3.794798513861103118e+01,5.354334683720724186e+00
3.796799085452986589e+01,5.637466764643138006e+00
3.798799657044870060e+01,5.983276997848516743e+00
3.800800228636753531e+01,5.129487966136430543e+00
3.802800800228637002e+01,4.575432861703534471e+00
3.804801371820520473e+01,5.381140274310039828e+00
3.806801943412403944e+01,5.273625284804912106e+00
3.808802515004286704e+01,5.419769052434126877e+00
3.810803086596170886e+01,5.213351626886156609e+00
3.812803658188053646e+01,5.436063873578259376e+00
3.814804229779937117e+01,5.439127871418421911e+00
3.816804801371820588e+01,5.342727514266764288e+00
3.818805372963704059e+01,5.326952457721212397e+00
3.820805944555587530e+01,5.556708112474861849e+00
3.822806516147471001e+01,4.897245851074545797e+00
3.824807087739354472e+01,5.684767691671362755e+00
3.826807659331237232e+01,5.358109814126978065e+00
3.828808230923121414e+01,5.959996273377235809e+00
3.830808802515004174e+01,4.908093570957275276e+00
3.832809374106888356e+01,6.262745706962370207e+00
3.834809945698771116e+01,4.878708236528852993e+00
3.836810517290654587e+01,5.511548946789503134e+00
3.838811088882538058e+01,5.008832884544802688e+00
3.840811660474421529e+01,4.727468301328363154e+00
3.842812232066305000e+01,5.925566820514642785e+00
3.844812803658187761e+01,4.968348001020226334e+00
3.846813375250071942e+01,5.279910485843512191e+00
3.848813946841954703e+01,5.469545456643946757e+00
3.850814518433838884e+01,5.100542664310419028e+00
3.852815090025721645e+01,5.019569192715859884e+00
3.854815661617605116e+01,5.021997928558258550e+00
3.856816233209488587e+01,5.269664434603314795e+00
3.858816804801372058e+01,5.752159767034987325e+00
3.860817376393255529e+01,6.062059517063203451e+00
3.862817947985138289e+01,6.182123512014686462e+00
3.864818519577022471e+01,5.408723785978737375e+00
3.866819091168905231e+01,5.707606008102263928e+00
3.868819662760789413e+01,5.854670063980426775e+00
3.870820234352672173e+01,5.498709221382654277e+00
3.872820805944555644e+01,4.959023517257014291e+00
3.874821377536439115e+01,5.803706697329318764e+00
3.876821949128322586e+01,5.468353663814445653e+00
3.878822520720206057e+01,5.349677475989762954e+00
3.880823092312088818e+01,5.681512683031878730e+00
3.882823663903972999e+01,5.266641771818329154e+00
3.884824235495855760e+01,5.290109841361488208e+00
3.886824807087739941e+01,5.937728695175602311e+00
3.888825378679622702e+01,4.664351104461077036e+00
3.890825950271506173e+01,4.686201033078516431e+00
3.892826521863389644e+01,6.038384474203415841e+00
3.894827093455273115e+01,5.604348884082861915e+00
3.896827665047156586e+01,5.289509445836376500e+00
3.898828236639040057e+01,5.596636981027619306e+00
3.900828808230923528e+01,5.977204973451116565e+00
3.902829379822806288e+01,5.606788152374088341e+00
3.904829951414690470e+01,5.299079235657806919e+00
3.906830523006573230e+01,5.550916508313994413e+00
3.908831094598456701e+01,5.457803105863078486e+00
3.910831666190340172e+01,5.109642071566536714e+00
3.912832237782223643e+01,5.272540509035481548e+00
3.914832809374107114e+01,5.844757451250149671e+00
3.916833380965990585e+01,5.759119054453091024e+00
3.918833952557874056e+01,5.697918850988764383e+00
3.920834524149756817e+01,5.874739138742048894e+00
3.922835095741640998e+01,4.770494332657119863e+00
3.924835667333523759e+01,5.206817888544188477e+00
3.926836238925407940e+01,5.390526194471641830e+00
3.928836810517290701e+01,4.910963748373762705e+00
3.930837382109174172e+01,5.244925521644908883e+00
3.932837953701057643e+01,5.344563894515859559e+00
3.934838525292941114e+01,4.829291570201426964e+00
3.936839096884824585e+01,5.164728760328896939e+00
3.938839668476707345e+01,4.790534258957880986e+00
3.940840240068591527e+01,5.507173425432867475e+00
3.942840811660474287e+01,4.998642337951864079e+00
3.944841383252358469e+01,5.127297378021305363e+00
3.946841954844241229e+01,5.992993858908366889e+00
3.948842526436124700e+01,5.026152494246559854e+00
3.950843098028008171e+01,5.282989291804459420e+00
3.952843669619891642e+01,5.333163660944334694e+00
3.954844241211775113e+01,5.591410225962368585e+00
3.956844812803657874e+01,5.968655282748549951e+00
3.958845384395542055e+01,5.184962182866286184e+00
3.960845955987424816e+01,5.610983588624987028e+00
3.962846527579308997e+01,5.364708300747670577e+00
3.964847099171191758e+01,5.650888880801703706e+00
3.966847670763075229e+01,5.472106529841503253e+00
3.968848242354958700e+01,4.981433808688809250e+00
3.970848813946842171e+01,5.738608156243675040e+00
3.972849385538725642e+01,5.889488264979274135e+00
3.974849957130608402e+01,5.683467727951402537e+00
3.976850528722492584e+01,4.788155221416399598e+00
3.978851100314375344e+01,5.603596225847692125e+00
3.980851671906259526e+01,5.875771303724947714e+00
3.982852243498142286e+01,5.887597392205689673e+00
3.984852815090025757e+01,5.739032315204694257e+00
3.986853386681909228e+01,5.443595048977844186e+00
3.988853958273792699e+01,5.932533179351175079e+00
3.990854529865676170e+01,5.223665983453056327e+00
3.992855101457559641e+01,4.818916205865795277e+00
3.994855673049443112e+01,5.576149532366711625e+00
3.996856244641325873e+01,5.395545031995848895e+00
3.998856816233210054e+01,4.817326722596431132e+00
4.000857387825092815e+01,5.859035727925459902e+00
4.002857959416976286e+01,6.034071402990146993e+00
4.004858531008859757e+01,5.002592320198218090e+00
4.006859102600743228e+01,6.058280300474972790e+00
4.008859674192626699e+01,5.933006065001757534e+00
4.010860245784510170e+01,4.630395774135598330e+00
4.012860817376393641e+01,5.867888824961026373e+00
4.014861388968276401e+01,5.982112374676431088e+00
4.016861960560160583e+01,5.318975518630452370e+00
4.018862532152043343e+01,5.995153279891834330e+00
4.020863103743927525e+01,5.003736247529246839e+00
4.022863675335810285e+01,5.376855355198766340e+00
4.024864246927693756e+01,5.547074203952062632e+00
4.026864818519577227e+01,5.489299903980166206e+00
4.028865390111460698e+01,5.137544012148544503e+00
4.030865961703344169e+01,4.800929449608025479e+00
4.032866533295226930e+01,4.998369770254248223e+00
4.034867104887111111e+01,5.299024881669790688e+00
4.036867676478993872e+01,5.456580180853793927e+00
4.038868248070878053e+01,5.681374044164309467e+00
4.040868819662760814e+01,6.166767525068019395e+00
4.042869391254644285e+01,5.368500054956170331e+00
4.044869962846527756e+01,5.545008559681242843e+00
4.046870534438411227e+01,5.190621415800205085e+00
4.048871106030294698e+01,5.894439179145999574e+00
4.050871677622177458e+01,5.966531972258158234e+00
4.052872249214061640e+01,5.296427386134048731e+00
4.054872820805944400e+01,5.266374231808280015e+00
4.056873392397828582e+01,5.029359279967081875e+00
4.058873963989711342e+01,4.990530523496920168e+00
4.060874535581594813e+01,6.135965534829959545e+00
4.062875107173478284e+01,4.808472862847684937e+00
4.064875678765361755e+01,5.904148918833463711e+00
4.066876250357245226e+01,5.827326240790709377e+00
4.068876821949127986e+01,6.060362830057018257e+00
4.070877393541012168e+01,5.774842981931399777e+00
4.072877965132894929e+01,5.600672477792089765e+00
4.074878536724779110e+01,5.086876021338590625e+00
4.076879108316661871e+01,4.736196996268041914e+00
4.078879679908545342e+01,5.639722967800802067e+00
4.080880251500428813e+01,5.774595316851464766e+00
4.082880823092312284e+01,5.150746756063638188e+00
4.084881394684195755e+01,5.161981121638306469e+00
4.086881966276079226e+01,4.700535548790168328e+00
4.088882537867962697e+01,5.835520553064774241e+00
4.090883109459845457e+01,5.858699712149343597e+00
4.092883681051729639e+01,6.026864782723454717e+00
4.094884252643612399e+01,5.418719824821685904e+00
4.096884824235495870e+01,4.821447785369483263e+00
4.098885395827379341e+01,5.776613643699224809e+00
4.100885967419262812e+01,5.066752752432511997e+00
4.102886539011146283e+01,5.839417189969373645e+00
4.104887110603029754e+01,5.260746186590228746e+00
4.106887682194913225e+01,5.448902052858166201e+00
4.108888253786795985e+01,5.499692745780771830e+00
4.110888825378680167e+01,5.750400369523036126e+00
4.112889396970562927e+01,5.892115003837687937e+00
4.114889968562447109e+01,5.517616810749968792e+00
4.116890540154329869e+01,5.216709554921816760e+00
4.118891111746213340e+01,5.055843438080231955e+00
4.120891683338096811e+01,5.327983146636235290e+00
4.122892254929980282e+01,5.343415925973416414e+00
4.124892826521863753e+01,5.329038330518203637e+00
4.126893398113746514e+01,5.076833686963807324e+00
4.128893969705630695e+01,5.682119616276133378e+00
4.130894541297513456e+01,6.414002669065526518e+00
4.132895112889397637e+01,5.236832238135962214e+00
4.134895684481280398e+01,5.253847604823388195e+00
4.136896256073163869e+01,6.308266792690872649e+00
4.138896827665047340e+01,5.405481485847147383e+00
4.140897399256930811e+01,5.254062560527053449e+00
4.142897970848814282e+01,5.574041278443674585e+00
4.144898542440697042e+01,5.875748368238022934e+00
4.146899114032581224e+01,5.530872743734190244e+00
4.148899685624463984e+01,5.501332235963552364e+00
4.150900257216348166e+01,5.013342472540852413e+00
4.152900828808230926e+01,6.014796627354416003e+00
4.154901400400114397e+01,5.564870549275722666e+00
4.156901971991997868e+01,6.016719423538819278e+00
4.158902543583881339e+01,5.153116335436531692e+00
4.160903115175764810e+01,5.719123684129426621e+00
4.162903686767647571e+01,5.510441144805289682e+00
4.164904258359531752e+01,5.635532914658201165e+00
4.166904829951414513e+01,5.695527844471525825e+00
4.168905401543298694e+01,5.019353052072061061e+00
4.170905973135181455e+01,5.759353856811802785e+00
4.172906544727064926e+01,5.607250927026134590e+00
4.174907116318948397e+01,4.956795576837720319e+00
4.176907687910831868e+01,4.809237772346062201e+00
4.178908259502715339e+01,5.213686253976666407e+00
4.180908831094598810e+01,5.791778863703118674e+00
4.182909402686482281e+01,5.146283583329243072e+00
4.184909974278365041e+01,6.400565914335506257e+00
4.186910545870249223e+01,5.546193251145714598e+00
4.188911117462131983e+01,5.673545222837359958e+00
4.190911689054015454e+01,5.599341066166655168e+00
4.192912260645898925e+01,6.148940682188776208e+00
4.194912832237782396e+01,5.120750216790154852e+00
4.196913403829665867e+01,4.770811646236439607e+00
4.198913975421549338e+01,6.101467219327540548e+00
4.200914547013432809e+01,5.543287978473431465e+00
4.202915118605316280e+01,4.956846248391745036e+00
4.204915690197199041e+01,5.980112049606368885e+00
4.206916261789082512e+01,5.012712981063461193e+00
4.208916833380965983e+01,6.010861645742100023e+00
4.210917404972849454e+01,5.135711006828980629e+00
4.212917976564732925e+01,5.167264665884978569e+00
4.214918548156616396e+01,4.890356389575289953e+00
4.216919119748499867e+01,5.640721469986043957e+00
4.218919691340383338e+01,6.352625357694194008e+00
4.220920262932266809e+01,5.597774278465782238e+00
4.222920834524150280e+01,5.050022487027868934e+00
4.224921406116033040e+01,5.446894615095583703e+00
4.226921977707916511e+01,5.827764258230244465e+00
4.228922549299799982e+01,5.784795265640363837e+00
4.230923120891683453e+01,5.065474728841214969e+00
4.232923692483566924e+01,6.347543416068729627e+00
4.234924264075450395e+01,5.544232508692530814e+00
4.236924835667333866e+01,5.358764598564206949e+00
4.238925407259217337e+01,5.925180383690022978e+00
4.240925978851100808e+01,5.945587584651955915e+00
4.242926550442983569e+01,5.799876110089187797e+00
4.244927122034867040e+01,6.172833401834495248e+00
4.246927693626750511e+01,5.307078023027169245e+00
4.248928265218633982e+01,5.459105279306523784e+00
4.250928836810517453e+01,5.580556055477700284e+00
4.252929408402400924e+01,5.518705004478198006e+00
4.254929979994284395e+01,5.447818335550298485e+00
4.256930551586167866e+01,5.977252721508561351e+00
4.258931123178051337e+01,6.119343720480001636e+00
4.260931694769934097e+01,5.145944025103869279e+00
4.262932266361817568e+01,5.616058836256998532e+00
4.264932837953701039e+01,6.107634421783184386e+00
4.266933409545584510e+01,5.557334155200406300e+00
4.268933981137467981e+01,4.860471066195364287e+00
4.270934552729351452e+01,5.145753920433813633e+00
4.272935124321234923e+01,5.454779918236008385e+00
4.274935695913118394e+01,5.501631785416899234e+00
4.276936267505001865e+01,5.236504734084869384e+00
4.278936839096885336e+01,5.754313588877420393e+00
4.280937410688768097e+01,6.014155166455013024e+00
4.282937982280651568e+01,6.308969025684943333e+00
4.284938553872535039e+01,5.616101223039665413e+00
4.286939125464418510e+01,6.365868442905966873e+00
4.288939697056301981e+01,5.998003940150539393e+00
4.290940268648185452e+01,6.219636294832369572e+00
4.292940840240068923e+01,5.853381468589653025e+00
4.294941411831952394e+01,6.547064078332948789e+00
4.296941983423835865e+01,5.876001697913267208e+00
4.298942555015718625e+01,5.072342592157966124e+00
4.300943126607602096e+01,5.893363340752530988e+00
4.302943698199485567e+01,6.352700478682328011e+00
4.304944269791369038e+01,5.946820214717449815e+00
4.306944841383252509e+01,6.075432152288588128e+00
4.308945412975135980e+01,5.926415662832005715e+00
4.310945984567019451e+01,5.446999958771307604e+00
4.312946556158902922e+01,6.205162538387537730e+00
4.314947127750786393e+01,5.344188840475499802e+00
4.316947699342669864e+01,5.337186246247943799e+00
4.318948270934552625e+01,5.674400769508691766e+00
4.320948842526436096e+01,6.166245090857128019e+00
4.322949414118319567e+01,5.903026881169070705e+00
4.324949985710203038e+01,6.421016416301247531e+00
4.326950557302086509e+01,6.055531179056067081e+00
4.328951128893969980e+01,6.309873409623124374e+00
4.330951700485853451e+01,5.621527269381720870e+00
4.332952272077736922e+01,6.197392961420632673e+00
4.334952843669620393e+01,6.456606434550461238e+00
4.336953415261503153e+01,6.166181948676987545e+00
4.338953986853386624e+01,6.603584669373208982e+00
4.340954558445270095e+01,6.455946681184754787e+00
4.342955130037153566e+01,5.481478547492691256e+00
4.344955701629037037e+01,5.065594067216016683e+00
4.346956273220920508e+01,5.105882842499808838e+00
4.348956844812803979e+01,5.682693777130773505e+00
4.350957416404687450e+01,5.735419039125002172e+00
4.352957987996570921e+01,6.188144325772118037e+00
4.354958559588453681e+01,5.154990659205278547e+00
4.356959131180337153e+01,5.392709728500015842e+00
4.358959702772220624e+01,5.128048622203800200e+00
4.360960274364104095e+01,5.579778991593173920e+00
4.362960845955987566e+01,5.681267549337777112e+00
4.364961417547871037e+01,6.204940080255511248e+00
4.366961989139754508e+01,5.519544924702168842e+00
4.368962560731637979e+01,5.491586918279808494e+00
4.370963132323521450e+01,5.274369231936063329e+00
4.372963703915404921e+01,5.713994469032524393e+00
4.374964275507287681e+01,5.458034967860658782e+00
4.376964847099171152e+01,5.741957317164381180e+00
4.378965418691054623e+01,5.085406450161487513e+00
4.380965990282938094e+01,5.725460076100540974e+00
4.382966561874821565e+01,6.224073401461721389e+00
4.384967133466705036e+01,5.826436978463513938e+00
4.386967705058588507e+01,5.232494845094706193e+00
4.388968276650471978e+01,5.946705401593293416e+00
4.390968848242355449e+01,6.347865383101705561e+00
4.392969419834238209e+01,5.374644824549881683e+00
4.394969991426121680e+01,5.980589458574696593e+00
4.396970563018005151e+01,5.619373642179405159e+00
4.398971134609888622e+01,5.762751462212783338e+00
4.400971706201772093e+01,6.205816977482148111e+00
4.402972277793655564e+01,6.207922078698093316e+00
4.404972849385539035e+01,6.421610970565311050e+00
4.406973420977422506e+01,5.490110858833903151e+00
4.408973992569305977e+01,6.001142052379120351e+00
4.410974564161189448e+01,6.536481408938038307e+00
4.412975135753072209e+01,5.424085147932603768e+00
4.414975707344955680e+01,5.338946423050040302e+00
4.416976278936839151e+01,6.441779315979385245e+00
4.418976850528722622e+01,6.312613649593304288e+00
4.420977422120606093e+01,5.600923860465920612e+00
4.422977993712489564e+01,6.017792524659946629e+00
4.424978565304373035e+01,5.798758790601158175e+00
4.426979136896256506e+01,5.678484735597733035e+00
4.428979708488139977e+01,5.786618251602670071e+00
4.430980280080022737e+01,6.166444729988587170e+00
4.432980851671906208e+01,6.459271969985540984e+00
4.434981423263789679e+01,6.189721086134371220e+00
4.436981994855673150e+01,6.727169092404196249e+00
4.438982566447556621e+01,6.655675328003214375e+00
4.440983138039440092e+01,6.147395926511389774e+00
4.442983709631323563e+01,7.194221004621353721e+00
4.444984281223207034e+01,7.224447311955462858e+00
4.446984852815090505e+01,6.817407049989167689e+00
4.448985424406973266e+01,6.929398712780026059e+00
4.450985995998856737e+01,7.239566334256107183e+00
4.452986567590740208e+01,7.325168708905575699e+00
4.454987139182623679e+01,6.943558376108112107e+00
4.456987710774507150e+01,7.322733340409515179e+00
4.458988282366390621e+01,6.887776667947170139e+00
4.460988853958274092e+01,6.826704208419391406e+00
4.462989425550157563e+01,7.320287220587818666e+00
4.464989997142041034e+01,7.570120391526648618e+00
4.466990568733924505e+01,7.522428258743817153e+00
4.468991140325807265e+01,7.376667164757503947e+00
4.470991711917690736e+01,8.115122026664748134e+00
4.472992283509574207e+01,8.326122717324958344e+00
4.474992855101457678e+01,8.896957499750460130e+00
4.476993426693341149e+01,8.957193464868371535e+00
4.478993998285224620e+01,9.739204535700352494e+00
4.480994569877108091e+01,9.886932133445123227e+00
4.482995141468991562e+01,1.038890569543292308e+01
4.484995713060875033e+01,1.211578927072520351e+01
4.486996284652757794e+01,1.217749992435360973e+01
4.488996856244641265e+01,1.301939308876135826e+01
4.490997427836524736e+01,1.377375259734164992e+01
4.492997999428408207e+01,1.602285307373930223e+01
4.494998571020291678e+01,1.614627064057632211e+01
4.496999142612175149e+01,1.759596565557378511e+01
4.498999714204058620e+01,1.996188845578340221e+01
4.501000285795942091e+01,2.175808710594274231e+01
4.503000857387825562e+01,2.385862269918573020e+01
4.505001428979709033e+01,2.584788765155146351e+01
4.507002000571591793e+01,2.900363409141372983e+01
4.509002572163475264e+01,3.074123777046957429e+01
4.511003143755358735e+01,3.358977622473112490e+01
4.513003715347242206e+01,3.649728702992408813e+01
4.515004286939125677e+01,4.007888969140518753e+01
4.517004858531009148e+01,4.295833320645840558e+01
4.519005430122892619e+01,4.710125457800053539e+01
4.521006001714776090e+01,5.053202728775390540e+01
4.523006573306659561e+01,5.428148883705642902e+01
4.525007144898542322e+01,5.654723014954546301e+01
4.527007716490425793e+01,5.986908116223823129e+01
4.529008288082309264e+01,6.338011196574046124e+01
4.531008859674192735e+01,6.527327232437538385e+01
4.533009431266076206e+01,6.729600721028366195e+01
4.535010002857959677e+01,6.865836624091608087e+01
4.537010574449843148e+01,6.944158889521469291e+01
4.539011146041726619e+01,7.035872162748390224e+01
4.541011717633610090e+01,7.086240868728802411e+01
4.543012289225492850e+01,6.950719846079488207e+01
4.545012860817376321e+01,6.826298897722571724e+01
4.547013432409259792e+01,6.618671835129097758e+01
4.549014004001143263e+01,6.371996002078300592e+01
4.551014575593026734e+01,6.188762325013533427e+01
4.553015147184910205e+01,5.830896976206945226e+01
4.555015718776793676e+01,5.571153019751736224e+01
4.557016290368677147e+01,5.308425094136006805e+01
4.559016861960560618e+01,5.019194763206884602e+01
4.561017433552444089e+01,4.681291995617976198e+01
4.563018005144326850e+01,4.484310624674252210e+01
4.565018576736210321e+01,4.222905154981198450e+01
4.567019148328093792e+01,3.979640564610028974e+01
4.569019719919977263e+01,3.714218198047424835e+01
4.571020291511860734e+01,3.625063658107630715e+01
4.573020863103744205e+01,3.404835447713118413e+01
4.575021434695627676e+01,3.174084166888829373e+01
4.577022006287511147e+01,3.037812848231983764e+01
4.579022577879394618e+01,2.895720255503840690e+01
4.581023149471277378e+01,2.698189708142861676e+01
4.583023721063160849e+01,2.532429818264552779e+01
4.585024292655044320e+01,2.311160813210624809e+01
4.587024864246927791e+01,2.190889459584125376e+01
4.589025435838811262e+01,2.041498640340029169e+01
4.591026007430694733e+01,1.881641295712391937e+01
4.593026579022578204e+01,1.711099918631818895e+01
4.595027150614461675e+01,1.607633011013571434e+01
4.597027722206345146e+01,1.419177526043407411e+01
4.599028293798228617e+01,1.407090851295888356e+01
4.601028865390111378e+01,1.229780933164978407e+01
4.603029436981994849e+01,1.105040487580974329e+01
4.605030008573878320e+01,1.035493249597900345e+01
4.607030580165761791e+01,9.329657738743105000e+00
4.609031151757645262e+01,9.247655726412469690e+00
4.611031723349528733e+01,8.619580042131829600e+00
4.613032294941412204e+01,8.959213594053244023e+00
4.615032866533295675e+01,8.319406634674336942e+00
4.617033438125179146e+01,8.280078414426162325e+00
4.619034009717061906e+01,6.943898743182132627e+00
4.621034581308945377e+01,7.276186441970526886e+00
4.623035152900828848e+01,6.833395859081369039e+00
4.625035724492712319e+01,7.319388699191712533e+00
4.627036296084595790e+01,7.167864731428380765e+00
4.629036867676479261e+01,7.235031259202038711e+00
4.631037439268362732e+01,6.439131285205101918e+00
4.633038010860246203e+01,6.248865604498039517e+00
4.635038582452129674e+01,7.149868445234907277e+00
4.637039154044012434e+01,6.726415538833805385e+00
4.639039725635895905e+01,6.218858294420790855e+00
4.641040297227779376e+01,5.758731490720828461e+00
4.643040868819662847e+01,6.177718099187512024e+00
4.645041440411546319e+01,6.610807004945240095e+00
4.647042012003429790e+01,6.787722345196116613e+00
4.649042583595313261e+01,6.744123381860754662e+00
4.651043155187196732e+01,6.440563208355125191e+00
4.653043726779080203e+01,6.830914337500219702e+00
4.655044298370963674e+01,6.914095294751032128e+00
4.657044869962846434e+01,7.130002424730697896e+00
4.659045441554729905e+01,5.514890385701435527e+00
4.661046013146613376e+01,5.806317005551575150e+00
4.663046584738496847e+01,5.521819798326379924e+00
4.665047156330380318e+01,6.899408228156191925e+00
4.667047727922263789e+01,6.529682834159205029e+00
4.669048299514147260e+01,6.316167887851283247e+00
4.671048871106030731e+01,5.415224789449281317e+00
4.673049442697914202e+01,5.557632968943467588e+00
4.675050014289796962e+01,6.321760790241806482e+00
4.677050585881680433e+01,6.607386480374128901e+00
4.679051157473563904e+01,5.475732953103666034e+00
4.681051729065447375e+01,6.595494481112604390e+00
4.683052300657330846e+01,6.152459413829426182e+00
4.685052872249214317e+01,6.112467773017137063e+00
4.687053443841097788e+01,6.297089309965855364e+00
4.689054015432981259e+01,5.914311672695617972e+00
4.691054587024864730e+01,5.977248269554326754e+00
4.693055158616748201e+01,5.918049469748659419e+00
4.695055730208630962e+01,6.384370691786507734e+00
4.697056301800514433e+01,5.550567998462994979e+00
4.699056873392397904e+01,6.135264831035168953e+00
4.701057444984281375e+01,6.403165342498446932e+00
4.703058016576164846e+01,6.584839980851275421e+00
4.705058588168048317e+01,6.273202823880316359e+00
4.707059159759931788e+01,5.943425103872256088e+00
4.709059731351815259e+01,5.813347569437310014e+00
4.711060302943698730e+01,5.733786472134664081e+00
4.713060874535581490e+01,5.677731430374354460e+00
4.715061446127464961e+01,5.882560368363928482e+00
4.717062017719348432e+01,5.896476488827930851e+00
4.719062589311231903e+01,6.349857397697507011e+00
4.721063160903115374e+01,5.896485890344715486e+00
4.723063732494998845e+01,6.281879416981056785e+00
4.725064304086882316e+01,6.022722839308343623e+00
4.727064875678765787e+01,6.731748963725539880e+00
4.729065447270649258e+01,6.441154389135212988e+00
4.731066018862532019e+01,6.596689010152198662e+00
4.733066590454415490e+01,5.979979208846000205e+00
4.735067162046298961e+01,5.472275512351487237e+00
4.737067733638182432e+01,6.140856918279268051e+00
4.739068305230065903e+01,5.916267322883491886e+00
4.741068876821949374e+01,5.725921266392977493e+00
4.743069448413832845e+01,5.379876514344738681e+00
4.745070020005716316e+01,5.996868730412990622e+00
4.747070591597599787e+01,5.923147318410757478e+00
4.749071163189483258e+01,5.313208168963454270e+00
4.751071734781366018e+01,5.902767226059014050e+00
4.753072306373249489e+01,6.509395913024201619e+00
4.755072877965132960e+01,5.985685049616124687e+00
4.757073449557016431e+01,5.853847217906445799e+00
4.759074021148899902e+01,5.398199325643667557e+00
4.761074592740783373e+01,6.117628895805930611e+00
4.763075164332666844e+01,6.394300780464261535e+00
4.765075735924550315e+01,5.687877207784084455e+00
4.767076307516433786e+01,5.807486212852814411e+00
4.769076879108316547e+01,6.441022997982175369e+00
4.771077450700200018e+01,5.872128361117216144e+00
4.773078022292083489e+01,5.834106170318500872e+00
4.775078593883966960e+01,5.992138840959659873e+00
4.777079165475850431e+01,5.181003474004075571e+00
4.779079737067733902e+01,5.441489467433608951e+00
4.781080308659617373e+01,5.895710255713723313e+00
4.783080880251500844e+01,6.173294532882422914e+00
4.785081451843384315e+01,6.448947565100284329e+00
4.787082023435267075e+01,5.663460084155815366e+00
4.789082595027150546e+01,5.961386849302847679e+00
4.791083166619034017e+01,5.549660770928966258e+00
4.793083738210917488e+01,5.389313299254478551e+00
4.795084309802800959e+01,5.365528631407332050e+00
4.797084881394684430e+01,5.604939885332287375e+00
4.799085452986567901e+01,5.569202108252486738e+00
4.801086024578451372e+01,5.895271823478749340e+00
4.803086596170334843e+01,6.211067013907379142e+00
4.805087167762218314e+01,6.011856158951786711e+00
4.807087739354101075e+01,5.367628003317124197e+00
4.809088310945984546e+01,5.776421038008590081e+00
4.811088882537868017e+01,6.036508530914594495e+00
4.813089454129751488e+01,5.358104975852857166e+00
4.815090025721634959e+01,5.487600057024637934e+00
4.817090597313518430e+01,4.999165615910399652e+00
4.819091168905401901e+01,6.267668136339381135e+00
4.821091740497285372e+01,5.689993999985802908e+00
4.823092312089168843e+01,6.533849802581481292e+00
4.825092883681051603e+01,5.371658117701124446e+00
4.827093455272935074e+01,5.315442557977869242e+00
4.829094026864818545e+01,5.627816204641588271e+00
4.831094598456702016e+01,5.787522922844482665e+00
4.833095170048585487e+01,5.654783681199780254e+00
4.835095741640468958e+01,5.834999460437292562e+00
4.837096313232352429e+01,5.135049803935256563e+00
4.839096884824235900e+01,5.211798297111759126e+00
4.841097456416119371e+01,5.511732124491256712e+00
4.843098028008002842e+01,6.115825504610262087e+00
4.845098599599885603e+01,6.415415050180484968e+00
4.847099171191769074e+01,5.285697072042282230e+00
4.849099742783652545e+01,5.494731416478400021e+00
4.851100314375536016e+01,5.394021516953318773e+00
4.853100885967419487e+01,5.694218359238607974e+00
4.855101457559302958e+01,5.551331050796118660e+00
4.857102029151186429e+01,5.345736775134428242e+00
4.859102600743069900e+01,5.764950977506055452e+00
4.861103172334953371e+01,5.668452571926348327e+00
4.863103743926836131e+01,5.778709562101536079e+00
4.865104315518719602e+01,5.231516939480236772e+00
4.867104887110603073e+01,5.728896725113937549e+00
4.869105458702486544e+01,6.274993466382511542e+00
4.871106030294370015e+01,5.143120613002418295e+00
4.873106601886253486e+01,6.385114050251681661e+00
4.875107173478136957e+01,5.172667684159587331e+00
4.877107745070020428e+01,5.781319044440336619e+00
4.879108316661903899e+01,5.662114444244936706e+00
4.881108888253786660e+01,5.823452482869166502e+00
4.883109459845670131e+01,6.457830178025870005e+00
4.885110031437553602e+01,5.977915197037354744e+00
4.887110603029437073e+01,5.180249330204849123e+00
4.889111174621320544e+01,6.128418825473447740e+00
4.891111746213204015e+01,5.428915347881840603e+00
4.893112317805087486e+01,5.368896713180573599e+00
4.895112889396970957e+01,5.551428456752150353e+00
4.897113460988854428e+01,5.879957121507651152e+00
4.899114032580737899e+01,4.944225292111145365e+00
4.901114604172620659e+01,5.841096918356673662e+00
4.903115175764504130e+01,6.250925861155380403e+00
4.905115747356387601e+01,6.466041507527302556e+00
4.907116318948271072e+01,5.029795899649164959e+00
4.909116890540154543e+01,5.126941979439648023e+00
4.911117462132038014e+01,5.506370374175416416e+00
4.913118033723921485e+01,6.603221901048022424e+00
4.915118605315804956e+01,5.463117418657072122e+00
4.917119176907688427e+01,6.013076275829222439e+00
4.919119748499571187e+01,5.638776045950137039e+00
4.921120320091454658e+01,5.862277942294833011e+00
4.923120891683338129e+01,5.507096890760651675e+00
4.925121463275221600e+01,5.394217475864182987e+00
4.927122034867105071e+01,5.041443402071184465e+00
4.929122606458988542e+01,5.615009963564791207e+00
4.931123178050872014e+01,5.844352454831054366e+00
4.933123749642755485e+01,6.219248195893266384e+00
4.935124321234638956e+01,5.895586005241420402e+00
4.937124892826522427e+01,5.550840001023763293e+00
4.939125464418405187e+01,5.272012637468385776e+00
4.941126036010288658e+01,5.572171266754159191e+00
4.943126607602172129e+01,5.147381042015937602e+00
4.945127179194055600e+01,5.895642769363728775e+00
4.947127750785939071e+01,6.502213035507903527e+00
4.949128322377822542e+01,5.927766286647654148e+00
4.951128893969706013e+01,5.313958364912849675e+00
4.953129465561589484e+01,5.438902041420591971e+00
4.955130037153472955e+01,5.405370186409102828e+00
4.957130608745355715e+01,6.560915084856738133e+00
4.959131180337239186e+01,5.793027679902550631e+00
4.961131751929122657e+01,5.734430867315801095e+00
4.963132323521006128e+01,6.081507674157890619e+00
4.965132895112889599e+01,5.499019220018206866e+00
4.967133466704773070e+01,6.045272640525910290e+00
4.969134038296656541e+01,6.406640130761410035e+00
4.971134609888540012e+01,5.534956621241493124e+00
4.973135181480423483e+01,5.998135137038953069e+00
4.975135753072306244e+01,6.100438932768437184e+00
4.977136324664189715e+01,5.846106512227194685e+00
4.979136896256073186e+01,6.043589559520913035e+00
4.981137467847956657e+01,5.769297212740255532e+00
4.983138039439840128e+01,6.330561597689444930e+00
4.985138611031723599e+01,5.088034914755381166e+00
4.987139182623607070e+01,6.336209651696868228e+00
4.989139754215490541e+01,6.192042442565522720e+00
4.991140325807374012e+01,5.105363024479640188e+00
4.993140897399257483e+01,5.770303973697648914e+00
4.995141468991140243e+01,6.037480641617646526e+00
4.997142040583023714e+01,6.362017531563122219e+00
4.999142612174907185e+01,5.793230047570630425e+00
5.001143183766790656e+01,5.748105282432348417e+00
5.003143755358674127e+01,5.969207258828655327e+00
5.005144326950557598e+01,6.457370565315883049e+00
5.007144898542441069e+01,5.334687798184582164e+00
5.009145470134324540e+01,6.201756545360497697e+00
5.011146041726208011e+01,5.648478424893228933e+00
5.013146613318090772e+01,5.924938723908076632e+00
5.015147184909974243e+01,5.151613449328047878e+00
5.017147756501857714e+01,5.341724751997496412e+00
5.019148328093741185e+01,5.591281403155562657e+00
5.021148899685624656e+01,6.346495375691779017e+00
5.023149471277508127e+01,5.941344414175679489e+00
5.025150042869391598e+01,6.001754178160794595e+00
5.027150614461275069e+01,5.584606981307956630e+00
5.029151186053158540e+01,5.959734126157563594e+00
5.031151757645042011e+01,6.341144282972141610e+00
5.033152329236924771e+01,6.234298216012712501e+00
5.035152900828808242e+01,6.189991417883298652e+00
5.037153472420691713e+01,6.050191184468495464e+00
5.039154044012575184e+01,5.566365362646084947e+00
5.041154615604458655e+01,5.704598419309554025e+00
5.043155187196342126e+01,5.348180691188271219e+00
5.045155758788225597e+01,5.886250011013480332e+00
5.047156330380109068e+01,6.218064958768000139e+00
5.049156901971992539e+01,6.147240619352528412e+00
5.051157473563875300e+01,5.984221622145271979e+00
5.053158045155758771e+01,5.964737266748601385e+00
5.055158616747642242e+01,5.152257167712519959e+00
5.057159188339525713e+01,6.277355095060528356e+00
5.059159759931409184e+01,5.803161389869407216e+00
5.061160331523292655e+01,5.614398204949483606e+00
5.063160903115176126e+01,5.493590081056241914e+00
5.065161474707059597e+01,5.508273393487580272e+00
5.067162046298943068e+01,5.051458721008011743e+00
5.069162617890825828e+01,5.950644788366484583e+00
5.071163189482709299e+01,6.033274053449131813e+00
5.073163761074592770e+01,5.466765408327612263e+00
5.075164332666476241e+01,6.467571537674881910e+00
5.077164904258359712e+01,6.367220535028685902e+00
5.079165475850243183e+01,5.042557576593480917e+00
5.081166047442126654e+01,5.452428768309522056e+00
5.083166619034010125e+01,6.081593932756856447e+00
5.085167190625893596e+01,5.708497976058083623e+00
5.087167762217777067e+01,5.757889359138244956e+00
5.089168333809659828e+01,5.543213683057824248e+00
5.091168905401543299e+01,5.909383756623835637e+00
5.093169476993426770e+01,5.566171922951540729e+00
5.095170048585310241e+01,5.079198363199294519e+00
5.097170620177193712e+01,5.409220792017896073e+00
5.099171191769077183e+01,5.582464769500427693e+00
5.101171763360960654e+01,5.105660112397470307e+00
5.103172334952844125e+01,5.572788667842685228e+00
5.105172906544727596e+01,6.011141523647516749e+00
5.107173478136610356e+01,5.922843106137452907e+00
5.109174049728493827e+01,5.757202014076696628e+00
5.111174621320377298e+01,5.917549478493450366e+00
5.113175192912260769e+01,5.774734934653301011e+00
5.115175764504144240e+01,5.639670350502107965e+00
5.117176336096027711e+01,6.059614503744091607e+00
5.119176907687911182e+01,5.187230732444391812e+00
5.121177479279794653e+01,5.742396136196535217e+00
5.123178050871678124e+01,6.305287119166992582e+00
5.125178622463561595e+01,6.198471837526879469e+00
5.127179194055444356e+01,6.135914977674572057e+00
5.129179765647327827e+01,5.221728864025074301e+00
5.131180337239211298e+01,5.868026402442719558e+00
5.133180908831094769e+01,5.264887706561378167e+00
5.135181480422978240e+01,6.414339599777832746e+00
5.137182052014861711e+01,5.572128664289779820e+00
5.139182623606745182e+01,5.832344483350141218e+00
5.141183195198628653e+01,6.167230765057105657e+00
5.143183766790512124e+01,5.782587492820993269e+00
5.145184338382394884e+01,5.564909836211036520e+00
5.147184909974278355e+01,6.477694417429207263e+00
5.149185481566161826e+01,5.219695939378460992e+00
5.151186053158045297e+01,6.289844739012650621e+00
5.153186624749928768e+01,5.288630611901329104e+00
5.155187196341812239e+01,6.584232083089412768e+00
5.157187767933695710e+01,6.646761268270267919e+00
5.159188339525579181e+01,5.756162920953031836e+00
5.161188911117462652e+01,5.543441796603764793e+00
5.163189482709345413e+01,5.152006973859013073e+00
5.165190054301228884e+01,5.930677622975865759e+00
5.167190625893112355e+01,5.293135328245679005e+00
5.169191197484995826e+01,5.383395632465330038e+00
5.171191769076879297e+01,5.338359868924527518e+00
5.173192340668762768e+01,5.929983364885377917e+00
5.175192912260646239e+01,5.469303973846088240e+00
5.177193483852529710e+01,5.287556660249014939e+00
5.179194055444413181e+01,6.160287935991288322e+00
5.181194627036296652e+01,6.218268410661295320e+00
5.183195198628179412e+01,5.756927997160442345e+00
5.185195770220062883e+01,5.866275961383962567e+00
5.187196341811946354e+01,5.039078592123246381e+00
5.189196913403829825e+01,5.969620676827872785e+00
5.191197484995713296e+01,5.796608692934327678e+00
5.193198056587596767e+01,5.503658338607603895e+00
5.195198628179480238e+01,5.710619631289835851e+00
5.197199199771363709e+01,5.772388490385553794e+00
5.199199771363247180e+01,5.955457477430448954e+00
5.201200342955129940e+01,6.362605925966396292e+00
5.203200914547013411e+01,5.468203010534141484e+00
5.205201486138896882e+01,5.719082257159896265e+00
5.207202057730780353e+01,5.723984279509256368e+00
5.209202629322663824e+01,5.374948328129780961e+00
5.211203200914547295e+01,6.237896108941315632e+00
5.213203772506430766e+01,5.021524810087356627e+00
5.215204344098314237e+01,6.110640930824128958e+00
5.217204915690197708e+01,6.259668345812233525e+00
5.219205487282081180e+01,5.103456937879652600e+00
5.221206058873963940e+01,5.975861235935732374e+00
5.223206630465847411e+01,5.915901821427124396e+00
5.225207202057730882e+01,6.375928612276172913e+00
5.227207773649614353e+01,6.175618600633733024e+00
5.229208345241497824e+01,5.889756259676293126e+00
5.231208916833381295e+01,6.461422711993643375e+00
5.233209488425264766e+01,5.467877296843243862e+00
5.235210060017148237e+01,5.191052025405374692e+00
5.237210631609031708e+01,6.335185662040986543e+00
5.239211203200914468e+01,5.725193450559984853e+00
5.241211774792797939e+01,5.949908554168938934e+00
5.243212346384681410e+01,5.129224719418601808e+00
5.245212917976564881e+01,5.909967754523251848e+00
5.247213489568448352e+01,6.003958498265303589e+00
5.249214061160331823e+01,6.235301368375800735e+00
5.251214632752215294e+01,5.554051191693325507e+00
5.253215204344098765e+01,6.010608212260110328e+00
5.255215775935982236e+01,6.157974908647516621e+00
5.257216347527864997e+01,6.330811928242558118e+00
5.259216919119748468e+01,6.127720370748350298e+00
5.261217490711631939e+01,6.445233468623638551e+00
5.263218062303515410e+01,6.144263780150991394e+00
5.265218633895398881e+01,6.718185326686772818e+00
5.267219205487282352e+01,5.623644206524510025e+00
5.269219777079165823e+01,6.022105927070754205e+00
5.271220348671049294e+01,5.989103473828706115e+00
5.273220920262932765e+01,6.113622822950590674e+00
5.275221491854816236e+01,6.164409390016651002e+00
5.277222063446698996e+01,6.237668514291832444e+00
5.279222635038582467e+01,6.850324133807035309e+00
5.281223206630465938e+01,6.476560319855531489e+00
5.283223778222349409e+01,5.548066946572988378e+00
5.285224349814232880e+01,6.814743534572111017e+00
5.287224921406116351e+01,6.193184964804919090e+00
5.289225492997999822e+01,6.057397026485628722e+00
5.291226064589883293e+01,6.472868978991750843e+00
5.293226636181766764e+01,6.478923538002003824e+00
5.295227207773649525e+01,6.354612437443565298e+00
5.297227779365532996e+01,7.426672504486553805e+00
5.299228350957416467e+01,6.295569959437793628e+00
5.301228922549299938e+01,6.839643220633881526e+00
5.303229494141183409e+01,7.101207547609707404e+00
5.305230065733066880e+01,7.018900404426331008e+00
5.307230637324950351e+01,7.349992545753057271e+00
5.309231208916833822e+01,7.454394994642306926e+00
5.311231780508717293e+01,7.740720728509053572e+00
5.313232352100600764e+01,7.622766368546500360e+00
5.315232923692483524e+01,8.008439846919896965e+00
5.317233495284366995e+01,8.909649400160532196e+00
5.319234066876250466e+01,8.325383624305226604e+00
5.321234638468133937e+01,9.021609225374522367e+00
5.323235210060017408e+01,9.068234089628408157e+00
5.325235781651900879e+01,9.696003026379514722e+00
5.327236353243784350e+01,1.064790420859660713e+01
5.329236924835667821e+01,1.274425705257817398e+01
5.331237496427551292e+01,1.223289344157685576e+01
5.333238068019434053e+01,1.338551308790841432e+01
5.335238639611317524e+01,1.449886042075740811e+01
5.337239211203200995e+01,1.610863258051808344e+01
5.339239782795084466e+01,1.789713501672794393e+01
5.341240354386967937e+01,1.907682564350410104e+01
5.343240925978851408e+01,2.059498420466373858e+01
5.345241497570734879e+01,2.181323991588426381e+01
5.347242069162618350e+01,2.298948307578334038e+01
5.349242640754501821e+01,2.502642679891015831e+01
5.351243212346384581e+01,2.582416481415113907e+01
5.353243783938268052e+01,2.709562699023426902e+01
5.355244355530151523e+01,2.802283933134135552e+01
5.357244927122034994e+01,2.821137595702375478e+01
5.359245498713918465e+01,2.815040671136743811e+01
5.361246070305801936e+01,2.842625705153545823e+01
5.363246641897685407e+01,2.819154209658043442e+01
5.365247213489568878e+01,2.819742072968199409e+01
5.367247785081452349e+01,2.685641427138034487e+01
5.369248356673335820e+01,2.673081752191751548e+01
5.371248928265218581e+01,2.648061257467442786e+01
5.373249499857102052e+01,2.626078022820344771e+01
5.375250071448985523e+01,2.550369410525149760e+01
5.377250643040868994e+01,2.531559155326530686e+01
5.379251214632752465e+01,2.458186818256286088e+01
5.381251786224635936e+01,2.516403451193490781e+01
5.383252357816519407e+01,2.496711343812319939e+01
5.385252929408402878e+01,2.631023372925510628e+01
5.387253501000286349e+01,2.710614917072675212e+01
5.389254072592169109e+01,2.681294535311314320e+01
5.391254644184052580e+01,2.838045246144558575e+01
5.393255215775936051e+01,2.956102561334439116e+01
5.395255787367819522e+01,2.961569248418562239e+01
5.397256358959702993e+01,3.096852562102824180e+01
5.399256930551586464e+01,3.173444190081251293e+01
5.401257502143469935e+01,3.313030415162297970e+01
5.403258073735353406e+01,3.385496746194573348e+01
5.405258645327236877e+01,3.315959436607330701e+01
5.407259216919120348e+01,3.318683869856440083e+01
5.409259788511003109e+01,3.327506897258955831e+01
5.411260360102886580e+01,3.301997848210379516e+01
5.413260931694770051e+01,3.240800994922723532e+01
5.415261503286653522e+01,3.211638958941205857e+01
5.417262074878536993e+01,3.144330638933728395e+01
5.419262646470420464e+01,2.937384589073322161e+01
5.421263218062303935e+01,2.899649373505547345e+01
5.423263789654187406e+01,2.775554779155075735e+01
5.425264361246070877e+01,2.573577864665143622e+01
5.427264932837953637e+01,2.477901285472073312e+01
5.429265504429837108e+01,2.293164494517716889e+01
5.431266076021720579e+01,2.129428257117038470e+01
5.433266647613604050e+01,1.966225547013445407e+01
5.435267219205487521e+01,1.939926724381380296e+01
5.437267790797370992e+01,1.755389301306747640e+01
5.439268362389254463e+01,1.608023049171112362e+01
5.441268933981137934e+01,1.428229703494479530e+01
5.443269505573021405e+01,1.412940185040267593e+01
5.445270077164904166e+01,1.214791399077666867e+01
5.447270648756787637e+01,1.125962941261468586e+01
5.449271220348671108e+01,1.039017860133078486e+01
5.451271791940554579e+01,1.031266490439697492e+01
5.453272363532438050e+01,9.974265723728890976e+00
5.455272935124321521e+01,8.854067806273540953e+00
5.457273506716204992e+01,8.603376882865401143e+00
5.459274078308088463e+01,8.099463483828289512e+00
5.461274649899971934e+01,7.561098406467867683e+00
5.463275221491855405e+01,7.589620360350579631e+00
5.465275793083738165e+01,7.222615612239209781e+00
5.467276364675621636e+01,7.469210317552372302e+00
5.469276936267505107e+01,7.299248743543317985e+00
5.471277507859388578e+01,7.165136702135276536e+00
5.473278079451272049e+01,7.309511368028765332e+00
5.475278651043155520e+01,6.454632684874338722e+00
5.477279222635038991e+01,6.535109849315702490e+00
5.479279794226922462e+01,6.678421090494516044e+00
5.481280365818805933e+01,6.846523828193397776e+00
5.483280937410688693e+01,5.966245014818907677e+00
5.485281509002572164e+01,6.352460223833387154e+00
5.487282080594455635e+01,5.737413770290087811e+00
5.489282652186339106e+01,6.807063483393422487e+00
5.491283223778222577e+01,6.948680042300397375e+00
5.493283795370106048e+01,6.456839369341573764e+00
5.495284366961989519e+01,6.260870173863047228e+00
5.497284938553872990e+01,6.278603864156064418e+00
5.499285510145756461e+01,6.502728404228999892e+00
5.501286081737639222e+01,6.202000589412731912e+00
5.503286653329522693e+01,6.574676890764497905e+00
5.505287224921406164e+01,5.635536989109983352e+00
5.507287796513289635e+01,5.494920191085547856e+00
5.509288368105173106e+01,6.462398431505150143e+00
5.511288939697056577e+01,6.396754863385710088e+00
5.513289511288940048e+01,6.109098399310781247e+00
5.515290082880823519e+01,6.664996377750179946e+00
5.517290654472706990e+01,6.596337154902617073e+00
5.519291226064590461e+01,5.552612314954810557e+00
5.521291797656473221e+01,6.082551894776917933e+00
5.523292369248356692e+01,6.144391787898191737e+00
5.525292940840240163e+01,6.497586252369497828e+00
5.527293512432123634e+01,5.912671502121774836e+00
5.529294084024007105e+01,6.032606095052327255e+00
5.531294655615890576e+01,6.270666914157859040e+00
5.533295227207774047e+01,5.237689833381275584e+00
5.535295798799657518e+01,5.352196502467598371e+00
5.537296370391540989e+01,6.014268802992827290e+00
5.539296941983423750e+01,5.725573297704280584e+00
5.541297513575307221e+01,5.360561140367037680e+00
5.543298085167190692e+01,5.234406839619498264e+00
5.545298656759074163e+01,5.903299287950558139e+00
5.547299228350957634e+01,6.206814985383166672e+00
5.549299799942841105e+01,5.645391168787149638e+00
5.551300371534724576e+01,6.634697019404844909e+00
5.553300943126608047e+01,6.269764331164694227e+00
5.555301514718491518e+01,6.614498231793131566e+00
5.557302086310374989e+01,5.465386397942113561e+00
5.559302657902257749e+01,5.316199086129858919e+00
5.561303229494141220e+01,5.745067411679002589e+00
5.563303801086024691e+01,6.073542833217123516e+00
5.565304372677908162e+01,6.020734854022678384e+00
5.567304944269791633e+01,6.085849809577434044e+00
5.569305515861675104e+01,6.440227726200973279e+00
5.571306087453558575e+01,5.591843017589431142e+00
5.573306659045442046e+01,6.227697818123092866e+00
5.575307230637325517e+01,6.499131443599168279e+00
5.577307802229208278e+01,5.527191427886521957e+00
5.579308373821091749e+01,5.653795180833411038e+00
5.581308945412975220e+01,5.428285986770404747e+00
5.583309517004858691e+01,5.154393762035719639e+00
5.585310088596742162e+01,5.832839091752255456e+00
5.587310660188625633e+01,5.682957698917483924e+00
5.589311231780509104e+01,5.403106979309209024e+00
5.591311803372392575e+01,6.255184046811980814e+00
5.593312374964276046e+01,5.454056338135062632e+00
5.595312946556158806e+01,5.108025450196405970e+00
5.597313518148042277e+01,5.355825672343025090e+00
5.599314089739925748e+01,6.404301586500364962e+00
5.601314661331809219e+01,5.245618550973011551e+00
5.603315232923692690e+01,5.529884979191818317e+00
5.605315804515576161e+01,5.915729177257411209e+00
5.607316376107459632e+01,6.125315237921806322e+00
5.609316947699343103e+01,6.493799928061692484e+00
5.611317519291226574e+01,5.948558595662037263e+00
5.613318090883110045e+01,5.252306158182269868e+00
5.615318662474992806e+01,5.360027035429375530e+00
5.617319234066876277e+01,6.463176256813047083e+00
5.619319805658759748e+01,6.138628213375428189e+00
5.621320377250643219e+01,6.328755242451274299e+00
5.623320948842526690e+01,5.883161341793380572e+00
5.625321520434410161e+01,5.836856087716901342e+00
5.627322092026293632e+01,6.573834468941962328e+00
5.629322663618177103e+01,5.606567837152310219e+00
5.631323235210060574e+01,6.637124447561108198e+00
5.633323806801943334e+01,6.007888712359137351e+00
5.635324378393826805e+01,6.190216056077447959e+00
5.637324949985710276e+01,6.207513047030508879e+00
5.639325521577593747e+01,5.336262997710921496e+00
5.641326093169477218e+01,5.761266937664618837e+00
5.643326664761360689e+01,5.479063826826326533e+00
5.645327236353244160e+01,6.346354742876453514e+00
5.647327807945127631e+01,5.758446917200273241e+00
5.649328379537011102e+01,5.981961410184394978e+00
5.651328951128894573e+01,6.417484274008179668e+00
5.653329522720777334e+01,5.939236094643529640e+00
5.655330094312660805e+01,5.815794789871200798e+00
5.657330665904544276e+01,5.895002404990133726e+00
5.659331237496427747e+01,6.614718145680351213e+00
5.661331809088311218e+01,6.310462575532749696e+00
5.663332380680194689e+01,6.151196862471939752e+00
5.665332952272078160e+01,5.929694771667787023e+00
5.667333523863961631e+01,5.374165601350886945e+00
5.669334095455845102e+01,5.825977737889025398e+00
5.671334667047727862e+01,5.454864488994436655e+00
5.673335238639611333e+01,5.926109636915292356e+00
5.675335810231494804e+01,5.964344262528443075e+00
5.677336381823378275e+01,5.403203449939859127e+00
5.679336953415261746e+01,6.695143769974240655e+00
5.681337525007145217e+01,5.140649441347657778e+00
5.683338096599028688e+01,5.449619125479502557e+00
5.685338668190912159e+01,5.782699064490669727e+00
5.687339239782795630e+01,6.465926422445482658e+00
5.689339811374678391e+01,5.821447793577960717e+00
5.691340382966561862e+01,5.776088983412472011e+00
5.693340954558445333e+01,5.242031240171000306e+00
5.695341526150328804e+01,5.805433049669566081e+00
5.697342097742212275e+01,5.733571536320124729e+00
5.699342669334095746e+01,6.342806429912660526e+00
5.701343240925979217e+01,6.565156052481111004e+00
5.703343812517862688e+01,4.983129518066081509e+00
5.705344384109746159e+01,5.843551435791889404e+00
5.707344955701629630e+01,6.094353764685461528e+00
5.709345527293512390e+01,6.038239342670003396e+00
5.711346098885395861e+01,6.106020214111643085e+00
5.713346670477279332e+01,6.201866625541450517e+00
5.715347242069162803e+01,5.306798601949921590e+00
5.717347813661046274e+01,5.298703122590682213e+00
5.719348385252929745e+01,5.940966244502769555e+00
5.721348956844813216e+01,5.710951683238429055e+00
5.723349528436696687e+01,5.793182945030711295e+00
5.725350100028580158e+01,4.996999627162383106e+00
5.727350671620462919e+01,6.283734243770686234e+00
5.729351243212346390e+01,5.851837634874831551e+00
5.731351814804229861e+01,5.893186196124245768e+00
5.733352386396113332e+01,5.444043281755247321e+00
5.735352957987996803e+01,5.975620311554668440e+00
5.737353529579880274e+01,5.165031987628108112e+00
5.739354101171763745e+01,5.247039493030300150e+00
5.741354672763647216e+01,5.327769260351280067e+00
5.743355244355530687e+01,6.001901477659385975e+00
5.745355815947414158e+01,6.008597113339088303e+00
5.747356387539296918e+01,6.029914289375829739e+00
5.749356959131180389e+01,5.573944068885839265e+00
5.751357530723063860e+01,6.315190917024076533e+00
5.753358102314947331e+01,5.824431614315893846e+00
5.755358673906830802e+01,6.535598775562509566e+00
5.757359245498714273e+01,5.909384055843892369e+00
5.759359817090597744e+01,5.073414046431334867e+00
5.761360388682481215e+01,5.444390672599111802e+00
5.763360960274364686e+01,5.900716173784136487e+00
5.765361531866247446e+01,5.038360262909392873e+00
5.767362103458130917e+01,5.947299333029503643e+00
5.769362675050014388e+01,5.582815677827925427e+00
5.771363246641897859e+01,5.559310921995483490e+00
5.773363818233781330e+01,5.421069580000098753e+00
5.775364389825664801e+01,5.289715924104929634e+00
5.777364961417548272e+01,5.834724533295174709e+00
5.779365533009431743e+01,6.498431627404576361e+00
5.781366104601315214e+01,5.005742045945908103e+00
5.783366676193197975e+01,5.288957515992700920e+00
5.785367247785081446e+01,5.735926223146032399e+00
5.787367819376964917e+01,6.347437464107661853e+00
5.789368390968848388e+01,5.868865260511592297e+00
5.791368962560731859e+01,5.860479684821458868e+00
5.793369534152615330e+01,5.584794649503017183e+00
5.795370105744498801e+01,5.970468283790781427e+00
5.797370677336382272e+01,5.288802832324593695e+00
5.799371248928265743e+01,5.369437310964870314e+00
5.801371820520149214e+01,5.765668116784828712e+00
5.803372392112031974e+01,6.656977605158804323e+00
5.805372963703915445e+01,5.911332772953421966e+00
5.807373535295798916e+01,5.590024662923959831e+00
5.809374106887682387e+01,5.783865618754914451e+00
5.811374678479565858e+01,6.091519864443661447e+00
5.813375250071449329e+01,5.195638539188362159e+00
5.815375821663332800e+01,5.493529386287404392e+00
5.817376393255216271e+01,5.678635636337620696e+00
5.819376964847099742e+01,5.183681908259333504e+00
5.821377536438982503e+01,5.418159585846327175e+00
5.823378108030865974e+01,5.556301445829223695e+00
5.825378679622749445e+01,6.203188665202069352e+00
5.827379251214632916e+01,6.062391875032949073e+00
5.829379822806516387e+01,6.183323968822619143e+00
5.831380394398399858e+01,5.685822364349972347e+00
5.833380965990283329e+01,5.455348394814933499e+00
5.835381537582166800e+01,5.564212347050212948e+00
5.837382109174050271e+01,6.398750230310390030e+00
5.839382680765933742e+01,6.210455370208184611e+00
5.841383252357816502e+01,5.677582090392041536e+00
5.843383823949699973e+01,5.797953101966921707e+00
5.845384395541583444e+01,5.554099851491439033e+00
5.847384967133466915e+01,6.001644498253181581e+00
5.849385538725350386e+01,5.111131717171831568e+00
5.851386110317233857e+01,6.513879388473425180e+00
5.853386681909117328e+01,5.814346146194845133e+00
5.855387253501000799e+01,5.725087391219977562e+00
5.857387825092884270e+01,5.636930332097399798e+00
5.859388396684767031e+01,6.009513405339557579e+00
5.861388968276650502e+01,6.457689912264180876e+00
5.863389539868533973e+01,5.306876124230916147e+00
5.865390111460417444e+01,5.762838609094055542e+00
5.867390683052300915e+01,5.403963086719928199e+00
5.869391254644184386e+01,5.274166275435070439e+00
5.871391826236067857e+01,5.909800478733815865e+00
5.873392397827951328e+01,5.887152428806036397e+00
5.875392969419834799e+01,5.834373231898488221e+00
5.877393541011717559e+01,5.306608749125485858e+00
5.879394112603601030e+01,5.500821416494359184e+00
5.881394684195484501e+01,5.880114722003675354e+00
5.883395255787367972e+01,5.249771977153378621e+00
5.885395827379251443e+01,5.951637709164838697e+00
5.887396398971134914e+01,6.347507455308051050e+00
5.889396970563018385e+01,6.204252172741002269e+00
5.891397542154901856e+01,5.845810075978985054e+00
5.893398113746785327e+01,5.977781562019156780e+00
5.895398685338668798e+01,6.037264310030421299e+00
5.897399256930551559e+01,6.473790909778985636e+00
5.899399828522435030e+01,5.575916578427916548e+00
5.901400400114318501e+01,4.950666134618206371e+00
5.903400971706201972e+01,5.347494030761454908e+00
5.905401543298085443e+01,6.207237954088614451e+00
5.907402114889968914e+01,5.670176933128800556e+00
5.909402686481852385e+01,6.056464268384297966e+00
5.911403258073735856e+01,5.888245904357647831e+00
5.913403829665619327e+01,5.248880493684751514e+00
5.915404401257502087e+01,5.836632079664546779e+00
5.917404972849385558e+01,6.452278531813382401e+00
5.919405544441269029e+01,6.517330053048885574e+00
5.921406116033152500e+01,5.986100088482979587e+00
5.923406687625035971e+01,5.243673971598790118e+00
5.925407259216919442e+01,6.266146204419616339e+00
5.927407830808802913e+01,5.649234080285822301e+00
5.929408402400686384e+01,5.683302315614538358e+00
5.931408973992569855e+01,5.660845055049020580e+00
5.933409545584453326e+01,5.560630795603419330e+00
5.935410117176336087e+01,6.475166149525500181e+00
5.937410688768219558e+01,6.247546748027974495e+00
5.939411260360103029e+01,5.469780509926602363e+00
5.941411831951986500e+01,6.199614462304984031e+00
5.943412403543869971e+01,5.889272895671057384e+00
5.945412975135753442e+01,5.200836748819105182e+00
5.947413546727636913e+01,5.735935462518167327e+00
5.949414118319520384e+01,5.612159933115862032e+00
5.951414689911403855e+01,5.929719563228829315e+00
5.953415261503286615e+01,5.638224116761191951e+00
5.955415833095170086e+01,5.873953732252843452e+00
5.957416404687053557e+01,5.883596830090862539e+00
5.959416976278937028e+01,5.766891622899691150e+00
5.961417547870820499e+01,6.254981831297563133e+00
5.963418119462703970e+01,5.781259446861005458e+00
5.965418691054587441e+01,5.739182637129607301e+00
5.967419262646470912e+01,6.010817699474880982e+00
5.969419834238354383e+01,6.253301791717547076e+00
5.971420405830237144e+01,5.529977634915735685e+00
5.973420977422120615e+01,5.537906058604629145e+00
5.975421549014004086e+01,6.025249988700242199e+00
5.977422120605887557e+01,6.172936510697921264e+00
5.979422692197771028e+01,6.152498526867824502e+00
5.981423263789654499e+01,5.849541815230841380e+00
5.983423835381537970e+01,5.955212196102073641e+00
5.985424406973421441e+01,6.021964017284238579e+00
5.987424978565304912e+01,6.242429412772985131e+00
5.989425550157188383e+01,6.053501571441808338e+00
5.991426121749071143e+01,6.264546940424025934e+00
5.993426693340954614e+01,6.491617870042260208e+00
5.995427264932838085e+01,5.280851517794675765e+00
5.997427836524721556e+01,6.027419015544072778e+00
5.999428408116605027e+01,5.802563597356742875e+00
6.001428979708488498e+01,5.832113626486480129e+00
6.003429551300371969e+01,5.736821271628711472e+00
6.005430122892255440e+01,5.300383136109486415e+00
6.007430694484138911e+01,6.625970858703370325e+00
6.009431266076021672e+01,6.575576129744169052e+00
6.011431837667905143e+01,5.662779840124359865e+00
6.013432409259788614e+01,5.763991249114866378e+00
6.015432980851672085e+01,5.853980633856477489e+00
6.017433552443555556e+01,5.678255803382317168e+00
6.019434124035439027e+01,6.716846450250674394e+00
6.021434695627322498e+01,6.419897795568660470e+00
6.023435267219205969e+01,5.504532499154318970e+00
6.025435838811089440e+01,5.589675984097731032e+00
6.027436410402972911e+01,5.876283270290265648e+00
6.029436981994855671e+01,5.930556250237311922e+00
6.031437553586739142e+01,5.619378767126631757e+00
6.033438125178622613e+01,6.005083067207430680e+00
6.035438696770506084e+01,6.076996282844354447e+00
6.037439268362389555e+01,5.127295939438792693e+00
6.039439839954273026e+01,6.222256388342588096e+00
6.041440411546156497e+01,5.036858401220806414e+00
6.043440983138039968e+01,5.827556536298528655e+00
6.045441554729923439e+01,6.086297586417357408e+00
6.047442126321806199e+01,6.025565067202976799e+00
6.049442697913689670e+01,5.644348463367832025e+00
6.051443269505573141e+01,5.542244267327451901e+00
6.053443841097456612e+01,5.731674275658762419e+00
6.055444412689340083e+01,6.280783907472041960e+00
6.057444984281223554e+01,6.080864202563460275e+00
6.059445555873107025e+01,5.626291392201705932e+00
6.061446127464990496e+01,6.069562053810457769e+00
6.063446699056873967e+01,5.613559895805558142e+00
6.065447270648756728e+01,5.532098144158158703e+00
6.067447842240640199e+01,5.938332885461592880e+00
6.069448413832523670e+01,5.097609685827764636e+00
6.071448985424407141e+01,5.806236049707125702e+00
6.073449557016290612e+01,6.359778132512109217e+00
6.075450128608174083e+01,5.789294987425563477e+00
6.077450700200057554e+01,6.083674908046820207e+00
6.079451271791941025e+01,5.908543290841124396e+00
6.081451843383824496e+01,6.583588199110052663e+00
6.083452414975707967e+01,5.570704668730972919e+00
6.085452986567590727e+01,6.355478289990447394e+00
6.087453558159474198e+01,5.502182533939880216e+00
6.089454129751357669e+01,5.385066687244096428e+00
6.091454701343241140e+01,5.196946776738828433e+00
6.093455272935124611e+01,6.159096046474548558e+00
6.095455844527008082e+01,5.622393627442482611e+00
6.097456416118891553e+01,5.934176825210808026e+00
6.099456987710775024e+01,6.395010292259678764e+00
6.101457559302658495e+01,5.914682782886394818e+00
6.103458130894541256e+01,5.954011324126925686e+00
6.105458702486424727e+01,5.381329418762149430e+00
6.107459274078308198e+01,5.381338066187737468e+00
6.109459845670191669e+01,6.007831195886250697e+00
6.111460417262075140e+01,5.780017100898530380e+00
6.113460988853958611e+01,5.613371130547961663e+00
6.115461560445842082e+01,5.905588605697128735e+00
6.117462132037725553e+01,5.729665620291413575e+00
6.119462703629609024e+01,4.861376523779846082e+00
6.121463275221492495e+01,5.716777946079485417e+00
6.123463846813375255e+01,5.612578688322644282e+00
6.125464418405258726e+01,5.222334951156346605e+00
6.127464989997142197e+01,5.967621239956208967e+00
6.129465561589025668e+01,5.457541098799754131e+00
6.131466133180909139e+01,6.045219302701201336e+00
6.133466704772792610e+01,4.965584589952750427e+00
6.135467276364676081e+01,5.481601834566779630e+00
6.137467847956559552e+01,5.892925636993749272e+00
6.139468419548443023e+01,6.068893078898605964e+00
6.141468991140325784e+01,6.208439076081017305e+00
6.143469562732209255e+01,5.780084497272605759e+00
6.145470134324092726e+01,5.507708535784736625e+00
6.147470705915976197e+01,5.988649139418809497e+00
6.149471277507859668e+01,5.491278097067036512e+00
6.151471849099743139e+01,6.497506964255762796e+00
6.153472420691626610e+01,5.729548293452454644e+00
6.155472992283510081e+01,5.862377789472787981e+00
6.157473563875393552e+01,6.317786767870082087e+00
6.159474135467276312e+01,5.532888910290929552e+00
6.161474707059159783e+01,5.382123976079561167e+00
6.163475278651043254e+01,6.074312538923923199e+00
6.165475850242926725e+01,5.864273729576044758e+00
6.167476421834810196e+01,5.511471942033400850e+00
6.169476993426693667e+01,5.710495728640288426e+00
6.171477565018577138e+01,5.760715980801062841e+00
6.173478136610460609e+01,5.877032296802879863e+00
6.175478708202344080e+01,6.270770209648727445e+00
6.177479279794227551e+01,5.163927909697038743e+00
6.179479851386110312e+01,5.751492340600962372e+00
6.181480422977993783e+01,5.896101087538825780e+00
6.183480994569877254e+01,6.323182392040806121e+00
6.185481566161760725e+01,6.224461648019573801e+00
6.187482137753644196e+01,5.341421208163283474e+00
6.189482709345527667e+01,6.169339875208619262e+00
6.191483280937411138e+01,5.910488967416165806e+00
6.193483852529294609e+01,6.358645294929761604e+00
6.195484424121178080e+01,5.353988085335920744e+00
6.197484995713060840e+01,5.426359770919767733e+00
6.199485567304944311e+01,5.259553052670906226e+00
6.201486138896827782e+01,6.067568828739980269e+00
6.203486710488711253e+01,6.174786270504814212e+00
6.205487282080594724e+01,5.736277740524949209e+00
6.207487853672478195e+01,5.734386100413560783e+00
6.209488425264361666e+01,5.687435539981973598e+00
6.211488996856245137e+01,5.968132949999533921e+00
6.213489568448128608e+01,5.007368487716846062e+00
6.215490140040011369e+01,5.904826708187503215e+00
6.217490711631894840e+01,6.256164781453758650e+00
6.219491283223778311e+01,6.368682934813023166e+00
6.221491854815661782e+01,5.408334955376595587e+00
6.223492426407545253e+01,5.761190572112877106e+00
6.225492997999428724e+01,5.494497970613683613e+00
6.227493569591312195e+01,5.923563002715217962e+00
6.229494141183195666e+01,5.374133439482005059e+00
6.231494712775079137e+01,5.178338597867071513e+00
6.233495284366962608e+01,5.734177121338060346e+00
6.235495855958845368e+01,5.773460265169810590e+00
6.237496427550728839e+01,6.527492388955058900e+00
6.239496999142612310e+01,5.865636390095486874e+00
6.241497570734495781e+01,5.485040141927345125e+00
6.243498142326379252e+01,6.015378732405791240e+00
6.245498713918262723e+01,6.205344372777382489e+00
6.247499285510146194e+01,5.962426603137710224e+00
6.249499857102029665e+01,5.151558381887499927e+00
6.251500428693913136e+01,5.065740401301634499e+00
6.253501000285795897e+01,5.786521915108823855e+00
6.255501571877679368e+01,5.754144092723484150e+00
6.257502143469562839e+01,5.313843479894159394e+00
6.259502715061446310e+01,5.327835993679707727e+00
6.261503286653329781e+01,5.598493853368233353e+00
6.263503858245213252e+01,6.188718226197303274e+00
6.265504429837096723e+01,5.564023924080828465e+00
6.267505001428980194e+01,4.971580779136250072e+00
6.269505573020863665e+01,5.448768480435846939e+00
6.271506144612747136e+01,5.944212136991968265e+00
6.273506716204629896e+01,5.514636101243970856e+00
6.275507287796513367e+01,5.202999074013975545e+00
6.277507859388396838e+01,5.880456492407329705e+00
6.279508430980280309e+01,5.103726237515751052e+00
6.281509002572163780e+01,5.785382229815188460e+00
6.283509574164047251e+01,5.651311128509645343e+00
6.285510145755930722e+01,6.242572875208203698e+00
6.287510717347814193e+01,5.820986082957558594e+00
6.289511288939697664e+01,5.491315450941648635e+00
6.291511860531580425e+01,5.626080650601997135e+00
6.293512432123463896e+01,5.367493020532412729e+00
6.295513003715347367e+01,5.631350803958558693e+00
6.297513575307230838e+01,5.877623736481071504e+00
6.299514146899114309e+01,5.583126463759331415e+00
6.301514718490997780e+01,5.992802883727195606e+00
6.303515290082881251e+01,5.601923760290955734e+00
6.305515861674764722e+01,5.115128403909718457e+00
6.307516433266648193e+01,5.597022380667883823e+00
6.309517004858530953e+01,5.924728378314943811e+00
6.311517576450414424e+01,5.542418050974881716e+00
6.313518148042297895e+01,5.365804158353176589e+00
6.315518719634181366e+01,6.047140108660766344e+00
6.317519291226064837e+01,6.248268531563494932e+00
6.319519862817948308e+01,6.293182270134806799e+00
6.321520434409831779e+01,5.074955905096645736e+00
6.323521006001715250e+01,5.522244121260311722e+00
6.325521577593598721e+01,5.602924023962217781e+00
6.327522149185482192e+01,6.442499674508260554e+00
6.329522720777364952e+01,5.143310284941883026e+00
6.331523292369248423e+01,5.677303594800049424e+00
6.333523863961131894e+01,5.985317354426745950e+00
6.335524435553015365e+01,5.298853293008887633e+00
6.337525007144898836e+01,5.784681811305631527e+00
6.339525578736782307e+01,5.561759480562560753e+00
6.341526150328665778e+01,6.162734749486626029e+00
6.343526721920549249e+01,5.746104518207436840e+00
6.345527293512432720e+01,4.952698166947481440e+00
6.347527865104315481e+01,6.180082289361566339e+00
6.349528436696198952e+01,5.712995369612148266e+00
6.351529008288082423e+01,5.084678614291419763e+00
6.353529579879965894e+01,5.655781595649570725e+00
6.355530151471849365e+01,5.643943462507483133e+00
6.357530723063732836e+01,5.619627979552433317e+00
6.359531294655616307e+01,5.202371509848989106e+00
6.361531866247499778e+01,6.060700119561410304e+00
6.363532437839383249e+01,6.225622548486118291e+00
6.365533009431266720e+01,5.932165174734285173e+00
6.367533581023149480e+01,5.572439962620574505e+00
6.369534152615032951e+01,5.951157312727518800e+00
6.371534724206916422e+01,5.486907927560201514e+00
6.373535295798799893e+01,6.427127247364005314e+00
6.375535867390683364e+01,5.575481018735068517e+00
6.377536438982566835e+01,6.420645024333650142e+00
6.379537010574450306e+01,5.873404600659501540e+00
6.381537582166333777e+01,5.422143364999381099e+00
6.383538153758217248e+01,5.700337679513932443e+00
6.385538725350100009e+01,5.583069633197368375e+00
6.387539296941983480e+01,6.364245295381750545e+00
6.389539868533866951e+01,6.138547384046063371e+00
6.391540440125750422e+01,5.949207900635080648e+00
6.393541011717633893e+01,6.292421278710665256e+00
6.395541583309517364e+01,5.811441815017925450e+00
6.397542154901400835e+01,6.298118096831787582e+00
6.399542726493284306e+01,5.942829913023499167e+00
6.401543298085167066e+01,5.423130820539457275e+00
6.403543869677051248e+01,5.911813012703412973e+00
6.405544441268934008e+01,5.408493631461503526e+00
6.407545012860816769e+01,5.967944227468805707e+00
6.409545584452700950e+01,5.923949617118576150e+00
6.411546156044585132e+01,5.065667561381049566e+00
6.413546727636467892e+01,5.511218909850342129e+00
6.415547299228350653e+01,5.660638896600979741e+00
6.417547870820234834e+01,6.158001002533793233e+00
6.419548442412119016e+01,5.149494884880296830e+00
6.421549014004001776e+01,5.859665848729028959e+00
6.423549585595884537e+01,5.518925976690445268e+00
6.425550157187768718e+01,5.545154764503473999e+00
6.427550728779651479e+01,6.225010066586732727e+00
6.429551300371534239e+01,6.442236588474339776e+00
6.431551871963418421e+01,5.733690777255947779e+00
6.433552443555302602e+01,6.001141150506430932e+00
6.435553015147185363e+01,5.289711802852412603e+00
6.437553586739068123e+01,5.233632949784311705e+00
6.439554158330952305e+01,5.794772232041309756e+00
6.441554729922835065e+01,5.870389030954121345e+00
6.443555301514717826e+01,5.968997704586416653e+00
6.445555873106602007e+01,5.948802824019333357e+00
6.447556444698486189e+01,5.851628338715961775e+00
6.449557016290368949e+01,6.361672554626425224e+00
6.451557587882251710e+01,5.175305450541840990e+00
6.453558159474135891e+01,5.485238016688350093e+00
6.455558731066020073e+01,6.252521674931762696e+00
6.457559302657902833e+01,5.310216275913302475e+00
6.459559874249785594e+01,5.284768064796276477e+00
6.461560445841669775e+01,5.214474763305652516e+00
6.463561017433552536e+01,5.935886131816170419e+00
6.465561589025435296e+01,5.958652422468775356e+00
6.467562160617319478e+01,5.899158750001554985e+00
6.469562732209203659e+01,6.031635005012203621e+00
6.471563303801086420e+01,5.341951896866211413e+00
6.473563875392969180e+01,5.262794168248911220e+00
6.475564446984853362e+01,5.925625486721820323e+00
6.477565018576737543e+01,5.900107268924094761e+00
6.479565590168618883e+01,5.756895977307992851e+00
6.481566161760503064e+01,5.487721881792609224e+00
6.483566733352387246e+01,5.851008856715676387e+00
6.485567304944270006e+01,5.864174169557111682e+00
6.487567876536152767e+01,5.700286105890642219e+00
6.489568448128036948e+01,5.763357959214824078e+00
6.491569019719921130e+01,5.489688521772533747e+00
6.493569591311803890e+01,6.532509185014747644e+00
6.495570162903686651e+01,6.103549628260433124e+00
6.497570734495570832e+01,5.901625444884165184e+00
6.499571306087453593e+01,6.087761716633700360e+00
6.501571877679336353e+01,5.399686715909387758e+00
6.503572449271220535e+01,5.889154999733888118e+00
6.505573020863104716e+01,5.886306842019982000e+00
6.507573592454987477e+01,5.528592861126830016e+00
6.509574164046870237e+01,5.531800016276701371e+00
6.511574735638754419e+01,5.997831844769979881e+00
6.513575307230638600e+01,5.478893468209739659e+00
6.515575878822521361e+01,5.955627030010408163e+00
6.517576450414404121e+01,5.831681812235681051e+00
6.519577022006288303e+01,5.392222761018459209e+00
6.521577593598171063e+01,5.837158592723794115e+00
6.523578165190053824e+01,6.234127848740063982e+00
6.525578736781938005e+01,6.159556108876003577e+00
6.527579308373822187e+01,5.212804403477134585e+00
6.529579879965704947e+01,5.810591009121464978e+00
6.531580451557587708e+01,5.700735485189185603e+00
6.533581023149471889e+01,5.782918474141614418e+00
6.535581594741354650e+01,6.675285412687975040e+00
6.537582166333237410e+01,5.937004894004223488e+00
6.539582737925121592e+01,6.542576218556414247e+00
6.541583309517005773e+01,6.584550723555641305e+00
6.543583881108888534e+01,6.058236260561038478e+00
6.545584452700771294e+01,6.706086348765589733e+00
6.547585024292655476e+01,7.026854194171146872e+00
6.549585595884539657e+01,6.784841649865340329e+00
6.551586167476422418e+01,7.887534369114592714e+00
6.553586739068305178e+01,8.251087829525193484e+00
6.555587310660189360e+01,8.668000932180172313e+00
6.557587882252072120e+01,9.023278910284478371e+00
6.559588453843954881e+01,9.155558364285035111e+00
6.561589025435839062e+01,9.498509571723364076e+00
6.563589597027723244e+01,9.731163854627023824e+00
6.565590168619606004e+01,9.908793935198687564e+00
6.567590740211488765e+01,1.045136648882386510e+01
6.569591311803372946e+01,9.899063378187019424e+00
6.571591883395257128e+01,1.019116342498008976e+01
6.573592454987138467e+01,1.033905411440282762e+01
6.575593026579022649e+01,1.040953571654973331e+01
6.577593598170906830e+01,1.030572091042740368e+01
6.579594169762789591e+01,1.035553418003734905e+01
6.581594741354672351e+01,9.550978683845382733e+00
6.583595312946556533e+01,1.008272726522698726e+01
6.585595884538440714e+01,9.183033418969147377e+00
6.587596456130323475e+01,8.825767297851854210e+00
6.589597027722206235e+01,8.274731730055410850e+00
6.591597599314090417e+01,7.160402532445868218e+00
6.593598170905973177e+01,7.716492329193381572e+00
6.595598742497855937e+01,7.334645638823761971e+00
6.597599314089740119e+01,7.347678166915047271e+00
6.599599885681624301e+01,7.304904117553226328e+00
6.601600457273507061e+01,6.661031150555539071e+00
6.603601028865389821e+01,6.473040293843833837e+00
6.605601600457274003e+01,6.239255461126874458e+00
6.607602172049158185e+01,7.023598858527249078e+00
6.609602743641040945e+01,7.503599054317789729e+00
6.611603315232923705e+01,6.587855565814108694e+00
6.613603886824807887e+01,7.122441189698825781e+00
6.615604458416690647e+01,7.044483145074575958e+00
6.617605030008573408e+01,6.475695195201192966e+00
6.619605601600457589e+01,7.354534222575778379e+00
6.621606173192341771e+01,7.132414445098108402e+00
6.623606744784224531e+01,7.321184862847404773e+00
6.625607316376107292e+01,7.850037516638483481e+00
6.627607887967991473e+01,7.193670540140985281e+00
6.629608459559874234e+01,8.037062963656833148e+00
6.631609031151756994e+01,8.162283280654856199e+00
6.633609602743641176e+01,8.707400199365839200e+00
6.635610174335525357e+01,9.687233100923990037e+00
6.637610745927408118e+01,9.839282383766558837e+00
6.639611317519290878e+01,9.769229091509448182e+00
6.641611889111175060e+01,9.810182732116903281e+00
6.643612460703059241e+01,1.061509496850089107e+01
6.645613032294942002e+01,9.603581927144739794e+00
6.647613603886824762e+01,1.063184280154881378e+01
6.649614175478708944e+01,1.077137198915588812e+01
6.651614747070591704e+01,1.122089682694821455e+01
6.653615318662474465e+01,1.097208688162873536e+01
6.655615890254358646e+01,1.066005819600728621e+01
6.657616461846242828e+01,1.122877572717975347e+01
6.659617033438125588e+01,1.088340898609873264e+01
6.661617605030008349e+01,1.075685787552249373e+01
6.663618176621892530e+01,1.217609736038832935e+01
6.665618748213776712e+01,1.226715433017233181e+01
6.667619319805658051e+01,1.253517674749581090e+01
6.669619891397542233e+01,1.194474855476277497e+01
6.671620462989426414e+01,1.273422969092043644e+01
6.673621034581309175e+01,1.204617991797066878e+01
6.675621606173191935e+01,1.284754485420701897e+01
6.677622177765076117e+01,1.270678503371825130e+01
6.679622749356960298e+01,1.291874973731907161e+01
6.681623320948843059e+01,1.216108042326187721e+01
6.683623892540725819e+01,1.234218012904412554e+01
6.685624464132610001e+01,1.104593960659245155e+01
6.687625035724492761e+01,1.067061612122295600e+01
6.689625607316375522e+01,1.070635560134182285e+01
6.691626178908259703e+01,9.298753450877434545e+00
6.693626750500143885e+01,9.745531507131701687e+00
6.695627322092026645e+01,9.317206211953124040e+00
6.697627893683909406e+01,8.683192397972177901e+00
6.699628465275793587e+01,8.380223167957868924e+00
6.701629036867677769e+01,7.547261550446171974e+00
6.703629608459560529e+01,7.927365376160036448e+00
6.705630180051443290e+01,8.062349791821027623e+00
6.707630751643327471e+01,7.569960665421898938e+00
6.709631323235210232e+01,7.103506487442324158e+00
6.711631894827092992e+01,7.003512009050512077e+00
6.713632466418977174e+01,7.293316962600045805e+00
6.715633038010861355e+01,6.019255068923323293e+00
6.717633609602744116e+01,6.462184821516231636e+00
6.719634181194626876e+01,6.692765329161213472e+00
6.721634752786511058e+01,6.197425401538177780e+00
6.723635324378393818e+01,5.881193262699839330e+00
6.725635895970276579e+01,5.429976262802786557e+00
6.727636467562160760e+01,5.768344684352674889e+00
6.729637039154044942e+01,6.831138745038265014e+00
6.731637610745927702e+01,6.383635457592609086e+00
6.733638182337810463e+01,6.343952392718877675e+00
6.735638753929694644e+01,6.056849472190927841e+00
6.737639325521578826e+01,6.743209253343470877e+00
6.739639897113461586e+01,5.447830897123131066e+00
6.741640468705344347e+01,6.560566176486920753e+00
6.743641040297228528e+01,5.533033418997399977e+00
6.745641611889111289e+01,5.726517631945782227e+00
6.747642183480994049e+01,5.907858858465816709e+00
6.749642755072878231e+01,5.700662427623029771e+00
6.751643326664762412e+01,5.289980308162400391e+00
6.753643898256645173e+01,6.079614182718717785e+00
6.755644469848527933e+01,5.756947632389696423e+00
6.757645041440412115e+01,5.928468968239207548e+00
6.759645613032296296e+01,5.994041731516778881e+00
6.761646184624177636e+01,5.491295623989318031e+00
6.763646756216061817e+01,5.397880466815801803e+00
6.765647327807945999e+01,5.132426741430194284e+00
6.767647899399828759e+01,5.956636282714917741e+00
6.769648470991711520e+01,5.751119716059171161e+00
6.771649042583595701e+01,5.291500064400594283e+00
6.773649614175479883e+01,5.197581900830847701e+00
6.775650185767362643e+01,5.146699438295119222e+00
6.777650757359245404e+01,5.369629037909847469e+00
6.779651328951129585e+01,5.721460248062877341e+00
6.781651900543012346e+01,5.667865351118889450e+00
6.783652472134895106e+01,6.000998517515604647e+00
6.785653043726779288e+01,6.484869816238847839e+00
6.787653615318663469e+01,5.469831922781708045e+00
6.789654186910546230e+01,6.491427893358153511e+00
6.791654758502428990e+01,5.734917836236942179e+00
6.793655330094313172e+01,5.942266121836305537e+00
6.795655901686197353e+01,5.305259406645747688e+00
6.797656473278080114e+01,5.276745593355887110e+00
6.799657044869962874e+01,6.445573790404271364e+00
6.801657616461847056e+01,5.484098076492955443e+00
6.803658188053729816e+01,6.191158082271264185e+00
6.805658759645612577e+01,6.024043524894663548e+00
6.807659331237496758e+01,5.053651462436269171e+00
6.809659902829380940e+01,6.180382677592209717e+00
6.811660474421263700e+01,5.681985910751724766e+00
6.813661046013146461e+01,5.425661111540939885e+00
6.815661617605030642e+01,5.849552619150191646e+00
6.817662189196913403e+01,6.095957607837297232e+00
6.819662760788796163e+01,6.098386202428677905e+00
6.821663332380680345e+01,5.813698060550076541e+00
6.823663903972564526e+01,5.738701775088451029e+00
6.825664475564447287e+01,5.436633316108945735e+00
6.827665047156330047e+01,6.181582317666384441e+00
6.829665618748214229e+01,5.598257120642861295e+00
6.831666190340098410e+01,6.062745656663039995e+00
6.833666761931981171e+01,5.425441669632689923e+00
6.835667333523863931e+01,5.815384671301264241e+00
6.837667905115748113e+01,5.780049162424548470e+00
6.839668476707630873e+01,6.019076780261965354e+00
6.841669048299513634e+01,5.651816438807474974e+00
6.843669619891397815e+01,5.405659929435188360e+00
6.845670191483281997e+01,6.157305811310910926e+00
6.847670763075164757e+01,6.134284895833470586e+00
6.849671334667047518e+01,6.320004601029576285e+00
6.851671906258931699e+01,6.090958212527461058e+00
6.853672477850815881e+01,5.542832729849445528e+00
6.855673049442697220e+01,5.961525211338347674e+00
6.857673621034581402e+01,6.244064643014953120e+00
6.859674192626465583e+01,6.250887680904089194e+00
6.861674764218348344e+01,6.419265127431584617e+00
6.863675335810231104e+01,5.175827483024790787e+00
6.865675907402115286e+01,5.806393028342199614e+00
6.867676478993999467e+01,5.712686359246543333e+00
6.869677050585882228e+01,5.693682185631189441e+00
6.871677622177764988e+01,6.358823948748759669e+00
6.873678193769649170e+01,5.976974865360201505e+00
6.875678765361531930e+01,6.444002756835743639e+00
6.877679336953414690e+01,5.559862524200695155e+00
6.879679908545298872e+01,5.626057884700358613e+00
6.881680480137183054e+01,5.879503627653983600e+00
6.883681051729065814e+01,5.572470087981663767e+00
6.885681623320948574e+01,6.149281738280134135e+00
6.887682194912832756e+01,4.954771848122779154e+00
6.889682766504716938e+01,6.033017052961194615e+00
6.891683338096599698e+01,5.888944775161028211e+00
6.893683909688482458e+01,6.019863889227485387e+00
6.895684481280366640e+01,6.244225885812309862e+00
6.897685052872249400e+01,5.929216474659209979e+00
6.899685624464132161e+01,5.603393776620348987e+00
6.901686196056016342e+01,5.948655815778967515e+00
6.903686767647900524e+01,6.423403753590744003e+00
6.905687339239783284e+01,6.126897788063421224e+00
6.907687910831666045e+01,5.927838439916159885e+00
6.909688482423550226e+01,5.817884682176107880e+00
6.911689054015432987e+01,5.127562865308799900e+00
6.913689625607315747e+01,5.363082334984801136e+00
6.915690197199199929e+01,5.641052081882556024e+00
6.917690768791084110e+01,5.990337511340143806e+00
6.919691340382966871e+01,6.306715970283591766e+00
6.921691911974849631e+01,6.357181556806914990e+00
6.923692483566733813e+01,5.586658847626797098e+00
6.925693055158617994e+01,6.272565027671451965e+00
6.927693626750500755e+01,5.781753082158767043e+00
6.929694198342383515e+01,6.262097408305355550e+00
6.931694769934267697e+01,6.405183349690243055e+00
6.933695341526150457e+01,5.487543545943362133e+00
6.935695913118033218e+01,4.943250312958490156e+00
6.937696484709917399e+01,6.550565339377331320e+00
6.939697056301801581e+01,6.073289360473772547e+00
6.941697627893684341e+01,5.429705015761332021e+00
6.943698199485567102e+01,6.370092446291150345e+00
6.945698771077451283e+01,5.337538282556534952e+00
6.947699342669335465e+01,5.290943219709458134e+00
6.949699914261216804e+01,5.526650504107375461e+00
6.951700485853100986e+01,5.853615630045007734e+00
6.953701057444985167e+01,6.340986146256292422e+00
6.955701629036867928e+01,6.291439110852662608e+00
6.957702200628750688e+01,6.045006835732023021e+00
6.959702772220634870e+01,6.477959292642512246e+00
6.961703343812519051e+01,5.283568358483614169e+00
6.963703915404401812e+01,5.502401367455142633e+00
6.965704486996284572e+01,6.164894073139619124e+00
6.967705058588168754e+01,5.708749563499264212e+00
6.969705630180051514e+01,5.601429523467112759e+00
6.971706201771934275e+01,6.084904121022704615e+00
6.973706773363818456e+01,6.248517928607265404e+00
6.975707344955702638e+01,5.241483631384150854e+00
6.977707916547585398e+01,5.700637885489696188e+00
6.979708488139468159e+01,5.491486761803590966e+00
6.981709059731352340e+01,6.215831017991126473e+00
6.983709631323236522e+01,5.479732398928657489e+00
6.985710202915119282e+01,5.822741826314207003e+00
6.987710774507002043e+01,5.975368292164215944e+00
6.989711346098886224e+01,6.104097593393532861e+00
6.991711917690768985e+01,5.956234746975585637e+00
6.993712489282651745e+01,5.623795850791785789e+00
6.995713060874535927e+01,6.420503569755439344e+00
6.997713632466420108e+01,5.337921150689959759e+00
6.999714204058302869e+01,6.429745568614798401e+00
7.001714775650185629e+01,5.782956992801569385e+00
7.003715347242069811e+01,5.143140061173236965e+00
7.005715918833952571e+01,5.462733591841734793e+00
7.007716490425835332e+01,5.765209403613858363e+00
7.009717062017719513e+01,5.315576052664994222e+00
7.011717633609603695e+01,5.570761986755432993e+00
7.013718205201486455e+01,5.032555115051105865e+00
7.015718776793369216e+01,6.325702335352922923e+00
7.017719348385253397e+01,5.558636551182333463e+00
7.019719919977137579e+01,5.117660321211255692e+00
7.021720491569020339e+01,5.846941964424224203e+00
7.023721063160903100e+01,5.221201129064527713e+00
7.025721634752787281e+01,5.565323684195656817e+00
7.027722206344670042e+01,5.643577116960420526e+00
7.029722777936552802e+01,5.058546427963698022e+00
7.031723349528436984e+01,5.342998418533511540e+00
7.033723921120321165e+01,5.221679378604258126e+00
7.035724492712203926e+01,5.934014870936660913e+00
7.037725064304086686e+01,5.835336092154186360e+00
7.039725635895970868e+01,6.341409967672425374e+00
7.041726207487855049e+01,6.080050157418355639e+00
7.043726779079736389e+01,5.962406618092586541e+00
7.045727350671620570e+01,5.652722503729869175e+00
7.047727922263504752e+01,5.922422205231770320e+00
7.049728493855387512e+01,6.094008626597318568e+00
7.051729065447270273e+01,5.356079834119664262e+00
7.053729637039154454e+01,5.752588169706831067e+00
7.055730208631038636e+01,5.675574172514865623e+00
7.057730780222921396e+01,5.957530853052515951e+00
7.059731351814804157e+01,5.225864166204422290e+00
7.061731923406688338e+01,4.879638757911758162e+00
7.063732494998571099e+01,6.316821753846794785e+00
7.065733066590453859e+01,4.870529505749022547e+00
7.067733638182338041e+01,5.681625094668584453e+00
7.069734209774222222e+01,5.725134474069305313e+00
7.071734781366104983e+01,6.366989313743332879e+00
7.073735352957987743e+01,6.230968146763797400e+00
7.075735924549871925e+01,5.385810275836080407e+00
7.077736496141756106e+01,5.597097486938077182e+00
7.079737067733638867e+01,6.054309919416398955e+00
7.081737639325521627e+01,5.743338585634878868e+00
7.083738210917405809e+01,5.109570031733696283e+00
7.085738782509288569e+01,6.214459858911082435e+00
7.087739354101171330e+01,6.220305652246130634e+00
7.089739925693055511e+01,6.104962136445855947e+00
7.091740497284939693e+01,6.255638184825693671e+00
7.093741068876822453e+01,5.748863419187756563e+00
7.095741640468705214e+01,5.820792523105811966e+00
7.097742212060589395e+01,6.334336069544152181e+00
7.099742783652472156e+01,5.801517134857105518e+00
7.101743355244354916e+01,5.598995855201488681e+00
7.103743926836239098e+01,5.750673648096629620e+00
7.105744498428123279e+01,6.204511772618579002e+00
7.107745070020006040e+01,6.239358455422393313e+00
7.109745641611888800e+01,5.582322274022200048e+00
7.111746213203772982e+01,5.952337113586959383e+00
7.113746784795657163e+01,6.376636994595520136e+00
7.115747356387539924e+01,6.685758760109341559e+00
7.117747927979422684e+01,6.126744617847920793e+00
7.119748499571306866e+01,5.809632383931626620e+00
7.121749071163189626e+01,5.436887933350000424e+00
7.123749642755072387e+01,5.960049369551625453e+00
7.125750214346956568e+01,5.284460862930634661e+00
7.127750785938840750e+01,5.591928722477556235e+00
7.129751357530723510e+01,6.056653413817501885e+00
7.131751929122606271e+01,5.584317830628561019e+00
7.133752500714490452e+01,6.071212050953040951e+00
7.135753072306374634e+01,5.969144913693284593e+00
7.137753643898255973e+01,5.934200274630315519e+00
7.139754215490140155e+01,5.780500274998577659e+00
7.141754787082024336e+01,5.696329053559411548e+00
7.143755358673907097e+01,5.299366713299307641e+00
7.145755930265789857e+01,5.322564292687747667e+00
7.147756501857674039e+01,5.875176563042155742e+00
7.149757073449558220e+01,5.758381496081302231e+00
7.151757645041440981e+01,5.252978996814337442e+00
7.153758216633323741e+01,6.143146314103809402e+00
7.155758788225207923e+01,6.156497419106431224e+00
7.157759359817090683e+01,5.680446715675092406e+00
7.159759931408973443e+01,5.903788667308768723e+00
7.161760503000857625e+01,6.050683229701452781e+00
7.163761074592741807e+01,6.141784501294541343e+00
7.165761646184624567e+01,5.539443398154674014e+00
7.167762217776507327e+01,5.635759379424637672e+00
7.169762789368391509e+01,6.463358691883170692e+00
7.171763360960275691e+01,5.714313112700259545e+00
7.173763932552158451e+01,5.989816636035462771e+00
7.175764504144041211e+01,6.520633770078712033e+00
7.177765075735925393e+01,6.222460033803078439e+00
7.179765647327808153e+01,5.658617271820855166e+00
7.181766218919690914e+01,6.199687477092982846e+00
7.183766790511575095e+01,5.560067970263723680e+00
7.185767362103459277e+01,5.871984287522065138e+00
7.187767933695342037e+01,6.126641252434866125e+00
7.189768505287224798e+01,5.744284291922906682e+00
7.191769076879108979e+01,5.663853138924498154e+00
7.193769648470991740e+01,5.821837232627537162e+00
7.195770220062874500e+01,5.924861872807408503e+00
7.197770791654758682e+01,5.336378283752019058e+00
7.199771363246642863e+01,5.651203971531596260e+00
7.201771934838525624e+01,5.515553251327025563e+00
7.203772506430408384e+01,5.483798161415266215e+00
7.205773078022292566e+01,5.953640838503892141e+00
7.207773649614176747e+01,6.245987875493986152e+00
7.209774221206059508e+01,6.085868756171495697e+00
7.211774792797942268e+01,5.836809385960826546e+00
7.213775364389826450e+01,6.172732773843558896e+00
7.215775935981709210e+01,6.446182474673141982e+00
7.217776507573591971e+01,6.074974660560567230e+00
7.219777079165476152e+01,6.063082522405206731e+00
7.221777650757360334e+01,5.680904137425583755e+00
7.223778222349243094e+01,5.938093070291380116e+00
7.225778793941125855e+01,6.035693299981898186e+00
7.227779365533010036e+01,6.664832045137497829e+00
7.229779937124894218e+01,5.974646404715990400e+00
7.231780508716775557e+01,6.695788944551187782e+00
7.233781080308659739e+01,6.154151842613396539e+00
7.235781651900543920e+01,5.741272456725687867e+00
7.237782223492426681e+01,6.260353552736854787e+00
7.239782795084309441e+01,5.919460806656958951e+00
7.241783366676193623e+01,6.258595413300746202e+00
7.243783938268077804e+01,6.492878897906045665e+00
7.245784509859960565e+01,6.309187760980758064e+00
7.247785081451843325e+01,6.772568001916213554e+00
7.249785653043727507e+01,5.736212943873781889e+00
7.251786224635610267e+01,6.105581578668887843e+00
7.253786796227493028e+01,7.380067431989107973e+00
7.255787367819377209e+01,6.681921495056632132e+00
7.257787939411261391e+01,6.694020218479311168e+00
7.259788511003144151e+01,6.999777873594087652e+00
7.261789082595026912e+01,7.137829141809013400e+00
7.263789654186911093e+01,7.280580077073860679e+00
7.265790225778795275e+01,7.472953970790246814e+00
7.267790797370678035e+01,8.102899096585129968e+00
7.269791368962560796e+01,7.996972163681943968e+00
7.271791940554444977e+01,8.973835031480188462e+00
7.273792512146327738e+01,9.104390711570921724e+00
7.275793083738210498e+01,1.024614930078235275e+01
7.277793655330094680e+01,1.007307797443048969e+01
7.279794226921978861e+01,1.143169343536528260e+01
7.281794798513861622e+01,1.171183795942229189e+01
7.283795370105744382e+01,1.211573193242080926e+01
7.285795941697628564e+01,1.301865689963853079e+01
7.287796513289511324e+01,1.477015839149672871e+01
7.289797084881394085e+01,1.472762619496947067e+01
7.291797656473278266e+01,1.496330440134216389e+01
7.293798228065162448e+01,1.604797732511187291e+01
7.295798799657045208e+01,1.664098015839024569e+01
7.297799371248927969e+01,1.699179643277890506e+01
7.299799942840812150e+01,1.784816998151593381e+01
7.301800514432696332e+01,1.845190933826841828e+01
7.303801086024579092e+01,1.839675369565814833e+01
7.305801657616461853e+01,1.904876924439408725e+01
7.307802229208346034e+01,1.871606978793315079e+01
7.309802800800228795e+01,1.936905038544131941e+01
7.311803372392111555e+01,1.851220154541056928e+01
7.313803943983995737e+01,1.955752976070529670e+01
7.315804515575879918e+01,1.854175906636570303e+01
7.317805087167762679e+01,1.855739084413183093e+01
7.319805658759645439e+01,1.810699745613909073e+01
7.321806230351529621e+01,1.713312879937937439e+01
7.323806801943413802e+01,1.681018243638720477e+01
7.325807373535295142e+01,1.623679604002370525e+01
7.327807945127179323e+01,1.546763327810639588e+01
7.329808516719063505e+01,1.460764063234127086e+01
7.331809088310946265e+01,1.495209305861075322e+01
7.333809659902829026e+01,1.422997600670768037e+01
7.335810231494713207e+01,1.288381582640604250e+01
7.337810803086597389e+01,1.285294013888667841e+01
7.339811374678480149e+01,1.282548771961585032e+01
7.341811946270362910e+01,1.185454386796703119e+01
7.343812517862247091e+01,1.183839135723459179e+01
7.345813089454129852e+01,1.200932476728203113e+01
7.347813661046012612e+01,1.266350378268003141e+01
7.349814232637896794e+01,1.254263593371549312e+01
7.351814804229780975e+01,1.144383580432282166e+01
7.353815375821663736e+01,1.216417465401078246e+01
7.355815947413546496e+01,1.192433429044208992e+01
7.357816519005430678e+01,1.233732589823814862e+01
7.359817090597314859e+01,1.264191737925140835e+01
7.361817662189197620e+01,1.269852767288159612e+01
7.363818233781080380e+01,1.229402138288308066e+01
7.365818805372964562e+01,1.205788695151745316e+01
7.367819376964847322e+01,1.244410405357621130e+01
7.369819948556730083e+01,1.197087535375215239e+01
7.371820520148614264e+01,1.193830060246546765e+01
7.373821091740498446e+01,1.044085258572765085e+01
7.375821663332381206e+01,1.017362261461738981e+01
7.377822234924263967e+01,1.047432418555704636e+01
7.379822806516148148e+01,1.039165299513622642e+01
7.381823378108030909e+01,9.193619295923937784e+00
7.383823949699913669e+01,8.825523622581009420e+00
7.385824521291797851e+01,8.532344650875330672e+00
7.387825092883682032e+01,7.553720905518811257e+00
7.389825664475564793e+01,8.176142488769006178e+00
7.391826236067447553e+01,7.752495304765746553e+00
7.393826807659331735e+01,6.652016692257565644e+00
7.395827379251215916e+01,7.204428777429007447e+00
7.397827950843098677e+01,7.363906821223240584e+00
7.399828522434981437e+01,6.721870258769937934e+00
7.401829094026865619e+01,6.422646944712328221e+00
7.403829665618748379e+01,5.990879970020893452e+00
7.405830237210632561e+01,6.097142506114648697e+00
7.407830808802515321e+01,6.579379365941257163e+00
7.409831380394398082e+01,6.971780134856725653e+00
7.411831951986282263e+01,6.571598029032829302e+00
7.413832523578165024e+01,6.807335392079702174e+00
7.415833095170049205e+01,5.758473758899289585e+00
7.417833666761931966e+01,6.133216110501031437e+00
7.419834238353816147e+01,5.939381418275374358e+00
7.421834809945698908e+01,6.078795419039300540e+00
7.423835381537583089e+01,6.579493920785966843e+00
7.425835953129465850e+01,6.437366541197226510e+00
7.427836524721348610e+01,5.857992600629305713e+00
7.429837096313232792e+01,6.547676358482725334e+00
7.431837667905115552e+01,5.953818677418622585e+00
7.433838239496999734e+01,6.508506599052839015e+00
7.435838811088882494e+01,5.731239239725922197e+00
7.437839382680766676e+01,5.322424184827854177e+00
7.439839954272649436e+01,6.545354052245304644e+00
7.441840525864533618e+01,6.314575523428606729e+00
7.443841097456416378e+01,5.785463450638848926e+00
7.445841669048300560e+01,6.034906358588440156e+00
7.447842240640183320e+01,5.919046624890736297e+00
7.449842812232066080e+01,6.051647241606650240e+00
7.451843383823950262e+01,5.942351559031349595e+00
7.453843955415833022e+01,6.213017436268305715e+00
7.455844527007717204e+01,5.543118337189254063e+00
7.457845098599599964e+01,5.515441286528751874e+00
7.459845670191484146e+01,5.665053659590191693e+00
7.461846241783366906e+01,6.028854078693825613e+00
7.463846813375251088e+01,5.188111222131455591e+00
7.465847384967133848e+01,6.210854921377007010e+00
7.467847956559016609e+01,5.905749003909260608e+00
7.469848528150900790e+01,5.747074435329333042e+00
7.471849099742783551e+01,5.730883675701567093e+00
7.473849671334667732e+01,5.873948712486951607e+00
7.475850242926550493e+01,6.505131093815561982e+00
7.477850814518434674e+01,6.576000472936964769e+00
7.479851386110317435e+01,6.016061926506560908e+00
7.481851957702201616e+01,5.811468719049537768e+00
7.483852529294084377e+01,6.034835746322912087e+00
7.485853100885967137e+01,5.611874528562914577e+00
7.487853672477851319e+01,6.134256889664843726e+00
7.489854244069734079e+01,6.279026545656768654e+00
7.491854815661618261e+01,6.825553250446446896e+00
7.493855387253501021e+01,5.881257474931880225e+00
7.495855958845385203e+01,6.131017008348366382e+00
7.497856530437267963e+01,6.469307674585372148e+00
7.499857102029152145e+01,5.789600667180549110e+00
7.501857673621034905e+01,5.497848753912698783e+00
7.503858245212917666e+01,5.987402158702906263e+00
7.505858816804801847e+01,6.008551232599353753e+00
7.507859388396684608e+01,6.081500002982737740e+00
7.509859959988568789e+01,6.023143408143520894e+00
7.511860531580451550e+01,5.833991057741773290e+00
7.513861103172335731e+01,5.967908048481373129e+00
7.515861674764218492e+01,5.398137411815971731e+00
7.517862246356102673e+01,5.427008754473489738e+00
7.519862817947985434e+01,5.357241936892235046e+00
7.521863389539868194e+01,6.414279229659015868e+00
7.523863961131752376e+01,5.935126738143116754e+00
7.525864532723635136e+01,6.053792398647966699e+00
7.527865104315519318e+01,5.850996234990590850e+00
7.529865675907402078e+01,5.758243531204934484e+00
7.531866247499286260e+01,6.101098199970550695e+00
7.533866819091169020e+01,6.017361982344974436e+00
7.535867390683053202e+01,5.567530351740423100e+00
7.537867962274935962e+01,5.424635542254867104e+00
7.539868533866820144e+01,5.522412924418546254e+00
7.541869105458702904e+01,5.801773363905502023e+00
7.543869677050585665e+01,6.285687638722022186e+00
7.545870248642469846e+01,5.983381777947324842e+00
7.547870820234352607e+01,6.332888007181773915e+00
7.549871391826236788e+01,5.748901839295395888e+00
7.551871963418119549e+01,6.367657283451773509e+00
7.553872535010003730e+01,5.169791519049717010e+00
7.555873106601886491e+01,6.259672771353907095e+00
7.557873678193770672e+01,6.264104999502160709e+00
7.559874249785653433e+01,6.160826332851351061e+00
7.561874821377536193e+01,6.287289526635673198e+00
7.563875392969420375e+01,6.648267326662798737e+00
7.565875964561303135e+01,6.069592721382056411e+00
7.567876536153187317e+01,6.020345090069197269e+00
7.569877107745070077e+01,5.548983712268717561e+00
7.571877679336954259e+01,6.158408020388102422e+00
7.573878250928837019e+01,6.148385528136811828e+00
7.575878822520721201e+01,6.070986921391407165e+00
7.577879394112603961e+01,6.071562704949919898e+00
7.579879965704486722e+01,5.929077490719460997e+00
7.581880537296370903e+01,6.438378129301471020e+00
7.583881108888253664e+01,5.618677002644182572e+00
7.585881680480137845e+01,6.369175811286026168e+00
7.587882252072020606e+01,6.003034737843801594e+00
7.589882823663904787e+01,5.810121012260169415e+00
7.591883395255787548e+01,5.605410510617023334e+00
7.593883966847671729e+01,5.867270642777890899e+00
7.595884538439554490e+01,5.379437544219467071e+00
7.597885110031437250e+01,6.178605369017159177e+00
7.599885681623321432e+01,5.807205685295722120e+00
7.601886253215204192e+01,5.474890767560797400e+00
7.603886824807088374e+01,6.048769596218356526e+00
7.605887396398971134e+01,5.792900461361589315e+00
7.607887967990855316e+01,6.511842325109338248e+00
7.609888539582738076e+01,6.441966303771515356e+00
7.611889111174622258e+01,6.367891402682865021e+00
7.613889682766505018e+01,6.054709610055608593e+00
7.615890254358387779e+01,5.505023017193423129e+00
7.617890825950271960e+01,6.217032157567208728e+00
7.619891397542154721e+01,5.876091524861084991e+00
7.621891969134038902e+01,5.506038535014305069e+00
7.623892540725921663e+01,5.267739686428654089e+00
7.625893112317805844e+01,5.217684822223432661e+00
7.627893683909688605e+01,5.473403439339888266e+00
7.629894255501572786e+01,5.498679776957304810e+00
7.631894827093455547e+01,6.199202567989942736e+00
7.633895398685339728e+01,5.676487841836863169e+00
7.635895970277222489e+01,5.143235802571584081e+00
7.637896541869105249e+01,5.542572887902796452e+00
7.639897113460989431e+01,5.467732006310082937e+00
7.641897685052872191e+01,5.631458752071551999e+00
7.643898256644756373e+01,5.787734360438323122e+00
7.645898828236639133e+01,6.007199412385650028e+00
7.647899399828523315e+01,5.172289371480951914e+00
7.649899971420406075e+01,6.111726288298650722e+00
7.651900543012290257e+01,6.282363401009366299e+00
7.653901114604173017e+01,5.802641238346026853e+00
7.655901686196055778e+01,6.258586326886977247e+00
7.657902257787939959e+01,5.535805106951976029e+00
7.659902829379822720e+01,6.077781392634416413e+00
7.661903400971706901e+01,4.923151683829654957e+00
7.663903972563589662e+01,5.667990484163550668e+00
7.665904544155473843e+01,5.376521171071766858e+00
7.667905115747356604e+01,6.413361547730282552e+00
7.669905687339240785e+01,6.013851947594899272e+00
7.671906258931123546e+01,5.898142792692308234e+00
7.673906830523006306e+01,5.277453410830897695e+00
7.675907402114890488e+01,5.610943086280860470e+00
7.677907973706773248e+01,5.696806629445456238e+00
7.679908545298657430e+01,5.877352194349956704e+00
7.681909116890540190e+01,5.793344864427966812e+00
7.683909688482424372e+01,5.786435115434951371e+00
7.685910260074307132e+01,6.415218491583984495e+00
7.687910831666191314e+01,5.277991302291018094e+00
7.689911403258074074e+01,5.910794402700292771e+00
7.691911974849956835e+01,5.383940548581007235e+00
7.693912546441841016e+01,5.698606477069434462e+00
7.695913118033723777e+01,5.372914107365479808e+00
7.697913689625607958e+01,6.159234155677962619e+00
7.699914261217490719e+01,6.459533574296054681e+00
7.701914832809374900e+01,5.616589419588704502e+00
7.703915404401257661e+01,5.076654796514977974e+00
7.705915975993141842e+01,5.910173572278511145e+00
7.707916547585024603e+01,5.850228857635174862e+00
7.709917119176907363e+01,6.130276782780925693e+00
7.711917690768791545e+01,5.597705154130073524e+00
7.713918262360674305e+01,5.718148028268403849e+00
7.715918833952558487e+01,6.416604472116510749e+00
7.717919405544441247e+01,5.370544970970870580e+00
7.719919977136325429e+01,4.974264864689853738e+00
7.721920548728208189e+01,5.656083448315716744e+00
7.723921120320092371e+01,5.652280857618702470e+00
7.725921691911975131e+01,6.416728158781356939e+00
7.727922263503859313e+01,5.613242321110890387e+00
7.729922835095742073e+01,5.272403117049623056e+00
7.731923406687624833e+01,5.974044810397685978e+00
7.733923978279509015e+01,5.767300727473196886e+00
7.735924549871391775e+01,5.661131961854824368e+00
7.737925121463275957e+01,5.397533061037504964e+00
7.739925693055158717e+01,5.409219358103362296e+00
7.741926264647042899e+01,5.521178006493633994e+00
7.743926836238925659e+01,6.334680370860363396e+00
7.745927407830809841e+01,5.385447461669889968e+00
7.747927979422692601e+01,6.175132209971895492e+00
7.749928551014575362e+01,5.052942990719445859e+00
7.751929122606459543e+01,5.722697287419618917e+00
7.753929694198342304e+01,6.620612060189837500e+00
7.755930265790226485e+01,6.355048066565730736e+00
7.757930837382109246e+01,5.755359767771201618e+00
7.759931408973993427e+01,5.594648476911531887e+00
7.761931980565876188e+01,5.813017144217885068e+00
7.763932552157760369e+01,5.420314483219978996e+00
7.765933123749643130e+01,5.617312781681087053e+00
7.767933695341525890e+01,5.965750978404837035e+00
7.769934266933410072e+01,5.326015755531489759e+00
7.771934838525292832e+01,5.481388968046417176e+00
7.773935410117177014e+01,5.935826646252200689e+00
7.775935981709059774e+01,5.719171441177184789e+00
7.777936553300943956e+01,5.774054066128578633e+00
7.779937124892826716e+01,5.376950850449842889e+00
7.781937696484710898e+01,5.941480281331296354e+00
7.783938268076593658e+01,5.933441012791371705e+00
7.785938839668476419e+01,5.624713976199080534e+00
7.787939411260360600e+01,5.051564020729704119e+00
7.789939982852243361e+01,5.912343812557621092e+00
7.791940554444127542e+01,5.746089653725500845e+00
7.793941126036010303e+01,5.782775185137312590e+00
7.795941697627894484e+01,6.208260387336662411e+00
7.797942269219777245e+01,5.890704393469599509e+00
7.799942840811661426e+01,6.419512090505435253e+00
7.801943412403544187e+01,5.688148733593781259e+00
7.803943983995426947e+01,5.379440394641219036e+00
7.805944555587311129e+01,5.826537172405472198e+00
7.807945127179193889e+01,5.449715971499983880e+00
7.809945698771078071e+01,6.237666558530328587e+00
7.811946270362960831e+01,5.751118994594046185e+00
7.813946841954845013e+01,5.869939959547338049e+00
7.815947413546727773e+01,5.945297642220658929e+00
7.817947985138611955e+01,5.682982807126832014e+00
7.819948556730494715e+01,5.176197415347662201e+00
7.821949128322378897e+01,5.237091393910108472e+00
7.823949699914261657e+01,5.857796185488348684e+00
7.825950271506144418e+01,4.888166201377403652e+00
7.827950843098028599e+01,4.827204852914972477e+00
7.829951414689911360e+01,6.198215379237574929e+00
7.831951986281795541e+01,6.136708864894087512e+00
7.833952557873678302e+01,4.910044713463401322e+00
7.835953129465562483e+01,5.403817366280382117e+00
7.837953701057445244e+01,5.932194281077111775e+00
7.839954272649329425e+01,4.858924898788801627e+00
7.841954844241212186e+01,6.084910794968228842e+00
7.843955415833094946e+01,6.158033466149582580e+00
7.845955987424979128e+01,5.397984643146650718e+00
7.847956559016861888e+01,5.835291063694837632e+00
7.849957130608746070e+01,5.784922599442491986e+00
7.851957702200628830e+01,5.333499384259047460e+00
7.853958273792513012e+01,6.365778122727359545e+00
7.855958845384395772e+01,5.979562548132421718e+00
7.857959416976279954e+01,5.090586215302100648e+00
7.859959988568162714e+01,5.060883057641017757e+00
7.861960560160045475e+01,6.014945525696184347e+00
7.863961131751929656e+01,5.259018385906968795e+00
7.865961703343812417e+01,5.765779439307918253e+00
7.867962274935696598e+01,5.374908931424095648e+00
7.869962846527579359e+01,5.332036634903223771e+00
7.871963418119463540e+01,6.004688358685346117e+00
7.873963989711346301e+01,6.022052235778748042e+00
7.875964561303230482e+01,5.554330406322371516e+00
7.877965132895113243e+01,5.823524737250892258e+00
7.879965704486996003e+01,5.608519937220057372e+00
7.881966276078880185e+01,6.242464092975914980e+00
7.883966847670762945e+01,6.133654656134898353e+00
7.885967419262647127e+01,5.868592173027288084e+00
7.887967990854529887e+01,5.737721265203847842e+00
7.889968562446414069e+01,5.543831810212888733e+00
7.891969134038296829e+01,5.353413728269888594e+00
7.893969705630181011e+01,5.968578127230729891e+00
7.895970277222063771e+01,5.081307199010401732e+00
7.897970848813946532e+01,6.517002027909873263e+00
7.899971420405830713e+01,5.779759440381766034e+00
7.901971991997713474e+01,6.143900381215693152e+00
7.903972563589597655e+01,5.486295183491873395e+00
7.905973135181480416e+01,6.096526075338640993e+00
7.907973706773364597e+01,5.722650744911589982e+00
7.909974278365247358e+01,5.754353926908787997e+00
7.911974849957131539e+01,5.367036996956000117e+00
7.913975421549014300e+01,5.094768432261504998e+00
7.915975993140898481e+01,5.543148077990696976e+00
7.917976564732781242e+01,5.768144960589665082e+00
7.919977136324664002e+01,5.596579029481851819e+00
7.921977707916548184e+01,5.220621608132772096e+00
7.923978279508430944e+01,5.732966191772500331e+00
7.925978851100315126e+01,5.318585125267926372e+00
7.927979422692197886e+01,5.816990298236444978e+00
7.929979994284082068e+01,5.176216265545910744e+00
7.931980565875964828e+01,6.082710514469850338e+00
7.933981137467849010e+01,5.644216262810777707e+00
7.935981709059731770e+01,5.675979132349596057e+00
7.937982280651614531e+01,5.535363353645289308e+00
7.939982852243498712e+01,5.794778745154284927e+00
7.941983423835381473e+01,5.831327980035543312e+00
7.943983995427265654e+01,5.558783985191578125e+00
7.945984567019148415e+01,5.404939010475323435e+00
7.947985138611032596e+01,5.683351414187255202e+00
7.949985710202915357e+01,5.375522486808558931e+00
7.951986281794799538e+01,5.803745392708025364e+00
7.953986853386682299e+01,6.016713910803590082e+00
7.955987424978565059e+01,5.385228987973468051e+00
7.957987996570449241e+01,5.777972949169644323e+00
7.959988568162332001e+01,5.849973884465241802e+00
7.961989139754216183e+01,5.520772258102964791e+00
7.963989711346098943e+01,6.419778917320170919e+00
7.965990282937983125e+01,5.715408722417752330e+00
7.967990854529865885e+01,6.329637375929411114e+00
7.969991426121750067e+01,5.367644582266319908e+00
7.971991997713632827e+01,5.396876416403216581e+00
7.973992569305515588e+01,4.990944913684989714e+00
7.975993140897399769e+01,5.625141534547701383e+00
7.977993712489282530e+01,5.084695881790475269e+00
7.979994284081166711e+01,5.448666815183905499e+00
7.981994855673049472e+01,5.800376094949053041e+00
7.983995427264933653e+01,5.034367923522882649e+00
7.985995998856816414e+01,5.924723625848934638e+00
7.987996570448700595e+01,5.996596078853860590e+00
7.989997142040583356e+01,5.710383988177268222e+00
7.991997713632466116e+01,5.985551412175210473e+00
7.993998285224350298e+01,5.036323249395850077e+00
7.995998856816233058e+01,5.721959439412758641e+00
7.997999428408117240e+01,5.803840476140030624e+00
8.000000000000000000e+01,6.334696067871814051e+00
