angle,intensity
1.000000000000000000e+01,3.512296485604767149e+00
1.002000571591883471e+01,3.825143401894648854e+00
1.004001143183766764e+01,3.962334473802600066e+00
1.006001714775650235e+01,3.846110505959902337e+00
1.008002286367533529e+01,3.361546194691273914e+00
1.010002857959417000e+01,2.795914898551731476e+00
1.012003429551300293e+01,3.416784466267555498e+00
1.014004001143183764e+01,3.925763203719126793e+00
1.016004572735067235e+01,3.461468851391259705e+00
1.018005144326950528e+01,3.620510943596492837e+00
1.020005715918833999e+01,3.674143567213660866e+00
1.022006287510717293e+01,3.320311136087514381e+00
1.024006859102600764e+01,2.919738608580907613e+00
1.026007430694484057e+01,3.788110509976406526e+00
1.028008002286367528e+01,2.970028385235542689e+00
1.030008573878250999e+01,2.813322863536502183e+00
1.032009145470134293e+01,3.167307568694833986e+00
1.034009717062017764e+01,3.114292982858735570e+00
1.036010288653901057e+01,3.205504965307629739e+00
1.038010860245784528e+01,3.713019836004938234e+00
1.040011431837667999e+01,2.903267922238220944e+00
1.042012003429551292e+01,4.145944822523571105e+00
1.044012575021434763e+01,3.759567393531384027e+00
1.046013146613318057e+01,3.513259586075247576e+00
1.048013718205201528e+01,3.488109393700718375e+00
1.050014289797084821e+01,3.527441034606024317e+00
1.052014861388968292e+01,3.297350837435659265e+00
1.054015432980851585e+01,3.424009123482643524e+00
1.056016004572735056e+01,3.318875480865883798e+00
1.058016576164618527e+01,4.074352994003561435e+00
1.060017147756501821e+01,2.943844030842262871e+00
1.062017719348385292e+01,3.985182898427746423e+00
1.064018290940268585e+01,3.390005515482888310e+00
1.066018862532152056e+01,3.796760150009651724e+00
1.068019434124035527e+01,3.327852132257461903e+00
1.070020005715918820e+01,2.961590498326537091e+00
1.072020577307802292e+01,2.828014870029074590e+00
1.074021148899685585e+01,3.187669057621179025e+00
1.076021720491569056e+01,3.666968377074860896e+00
1.078022292083452349e+01,3.471994179656575863e+00
1.080022863675335820e+01,2.788115025022736670e+00
1.082023435267219291e+01,3.327318899454294598e+00
1.084024006859102585e+01,3.030206543236714012e+00
1.086024578450986056e+01,3.275152299423159885e+00
1.088025150042869349e+01,3.658484638528101573e+00
1.090025721634752820e+01,3.404298444202233043e+00
1.092026293226636113e+01,3.533149375881455168e+00
1.094026864818519584e+01,4.187815297932485414e+00
1.096027436410403055e+01,2.796644266255734479e+00
1.098028008002286349e+01,3.356355914242784344e+00
1.100028579594169820e+01,3.668689919991599435e+00
1.102029151186053113e+01,3.506022792214200656e+00
1.104029722777936584e+01,3.318224861673214843e+00
1.106030294369819877e+01,3.101570666890846262e+00
1.108030865961703348e+01,4.414493429159294102e+00
1.110031437553586819e+01,3.263603897562352252e+00
1.112032009145470113e+01,3.598837521618722946e+00
1.114032580737353584e+01,2.985935933174835633e+00
1.116033152329236877e+01,3.317058612729445244e+00
1.118033723921120348e+01,2.905049983682483017e+00
1.120034295513003642e+01,3.798419240538377650e+00
1.122034867104887113e+01,3.415684161451729928e+00
1.124035438696770584e+01,3.766292301041532120e+00
1.126036010288653877e+01,3.302077169396698597e+00
1.128036581880537348e+01,3.027625781662631521e+00
1.130037153472420641e+01,3.755143042774648166e+00
1.132037725064304112e+01,4.108263506787494634e+00
1.134038296656187583e+01,3.081430967868447723e+00
1.136038868248070877e+01,3.708842763624562444e+00
1.138039439839954348e+01,3.481440440031756456e+00
1.140040011431837641e+01,3.181530981157456139e+00
1.142040583023721112e+01,3.475018091207424664e+00
1.144041154615604405e+01,2.842645522635566024e+00
1.146041726207487876e+01,3.308172135585470741e+00
1.148042297799371170e+01,3.453895709019433546e+00
1.150042869391254641e+01,3.879685853487912173e+00
1.152043440983138112e+01,2.986211121097370746e+00
1.154044012575021405e+01,3.897121914988610936e+00
1.156044584166904876e+01,3.527896683969512726e+00
1.158045155758788169e+01,3.521237437878079746e+00
1.160045727350671640e+01,3.607825518683940746e+00
1.162046298942555111e+01,3.286205817440575494e+00
1.164046870534438405e+01,4.179894935983901050e+00
1.166047442126321876e+01,3.477003579271412015e+00
1.168048013718205169e+01,3.440359912719869406e+00
1.170048585310088640e+01,3.762378810035729604e+00
1.172049156901971934e+01,2.710146612545999645e+00
1.174049728493855405e+01,3.464772559796009510e+00
1.176050300085738698e+01,2.882188920285652323e+00
1.178050871677622169e+01,3.229283737741474258e+00
1.180051443269505640e+01,3.607497528847766866e+00
1.182052014861388933e+01,2.903721659802044996e+00
1.184052586453272404e+01,4.069055669632270167e+00
1.186053158045155698e+01,2.672897892093713867e+00
1.188053729637039169e+01,4.021920329680671813e+00
1.190054301228922640e+01,4.001145151228482355e+00
1.192054872820805933e+01,3.772181271831541505e+00
1.194055444412689404e+01,3.791795333839248716e+00
1.196056016004572697e+01,3.475714470283457036e+00
1.198056587596456168e+01,3.708897707759582829e+00
1.200057159188339639e+01,3.803217748149823940e+00
1.202057730780222933e+01,3.738826172239841039e+00
1.204058302372106226e+01,2.920639892655451764e+00
1.206058873963989697e+01,3.627119005161832277e+00
1.208059445555873168e+01,3.831567379058125056e+00
1.210060017147756461e+01,4.003934912408458224e+00
1.212060588739639932e+01,4.000292579865545761e+00
1.214061160331523226e+01,3.584190950675542275e+00
1.216061731923406697e+01,3.117267600898206314e+00
1.218062303515290168e+01,2.973339402745537097e+00
1.220062875107173461e+01,3.716813184903576150e+00
1.222063446699056932e+01,4.209652962669236054e+00
1.224064018290940226e+01,4.063391394861119998e+00
1.226064589882823697e+01,4.003654048618684236e+00
1.228065161474707168e+01,2.900467088949286953e+00
1.230065733066590461e+01,3.007316589219540592e+00
1.232066304658473754e+01,3.422462380824110362e+00
1.234066876250357225e+01,3.803406830322828114e+00
1.236067447842240696e+01,4.154208402810604994e+00
1.238068019434123990e+01,3.720139932998020260e+00
1.240068591026007461e+01,3.317868963027549523e+00
1.242069162617890754e+01,3.751394204293593937e+00
1.244069734209774225e+01,3.557189370285796848e+00
1.246070305801657696e+01,3.185870992089825826e+00
1.248070877393540989e+01,3.668765189911281421e+00
1.250071448985424460e+01,3.736238079750775043e+00
1.252072020577307754e+01,3.084212840508369968e+00
1.254072592169191225e+01,4.119037266279577558e+00
1.256073163761074696e+01,3.000601674538268426e+00
1.258073735352957989e+01,3.106411560392322357e+00
1.260074306944841460e+01,3.256172740987856251e+00
1.262074878536724754e+01,3.611031627819095036e+00
1.264075450128608225e+01,3.920103414533151032e+00
1.266076021720491518e+01,2.750994383209921956e+00
1.268076593312374989e+01,3.621391984548470777e+00
1.270077164904258282e+01,3.449179543163659822e+00
1.272077736496141753e+01,3.185572117984675433e+00
1.274078308088025224e+01,3.476315066471575843e+00
1.276078879679908518e+01,3.647230687286584505e+00
1.278079451271791989e+01,3.743636584199164119e+00
1.280080022863675282e+01,4.248607853249616539e+00
1.282080594455558753e+01,2.760378957754237916e+00
1.284081166047442224e+01,3.360792605465318328e+00
1.286081737639325517e+01,3.623394797424364988e+00
1.288082309231208988e+01,3.880202344249132906e+00
1.290082880823092282e+01,3.095328460559839456e+00
1.292083452414975753e+01,3.964407050011992784e+00
1.294084024006859224e+01,3.418246422168146115e+00
1.296084595598742517e+01,2.824556497102201469e+00
1.298085167190625810e+01,3.403317631470186733e+00
1.300085738782509281e+01,3.752963014359734117e+00
1.302086310374392752e+01,3.954210751607914354e+00
1.304086881966276046e+01,3.287740224077525752e+00
1.306087453558159517e+01,3.223403296223119163e+00
1.308088025150042810e+01,3.597461260516354287e+00
1.310088596741926281e+01,2.757837300443786610e+00
1.312089168333809752e+01,3.396215102537515129e+00
1.314089739925693046e+01,3.810755232735030695e+00
1.316090311517576517e+01,3.573992184535612182e+00
1.318090883109459810e+01,2.892050036140910052e+00
1.320091454701343281e+01,3.858157000494184530e+00
1.322092026293226752e+01,2.736583038016308755e+00
1.324092597885110045e+01,3.028276194979454772e+00
1.326093169476993339e+01,3.524370208374298041e+00
1.328093741068876810e+01,2.826470427037576894e+00
1.330094312660760281e+01,3.762767422113112659e+00
1.332094884252643574e+01,3.445357625875298258e+00
1.334095455844527045e+01,3.199122737747483569e+00
1.336096027436410338e+01,2.784081745632230653e+00
1.338096599028293809e+01,3.761071034051865603e+00
1.340097170620177280e+01,3.444582183908147854e+00
1.342097742212060574e+01,3.888591183727245770e+00
1.344098313803944045e+01,3.498525444535240059e+00
1.346098885395827338e+01,3.394246208399937181e+00
1.348099456987710809e+01,3.598709864144214343e+00
1.350100028579594280e+01,3.533756565480756784e+00
1.352100600171477573e+01,3.676667257367513209e+00
1.354101171763361044e+01,3.912417013639785335e+00
1.356101743355244338e+01,3.715220972768290331e+00
1.358102314947127809e+01,2.797733717634510064e+00
1.360102886539011102e+01,3.093808656533825197e+00
1.362103458130894573e+01,3.226086934697938169e+00
1.364104029722777867e+01,3.315652350296755202e+00
1.366104601314661338e+01,3.762239616075122584e+00
1.368105172906544809e+01,3.768373808987763418e+00
1.370105744498428102e+01,3.595792741151358829e+00
1.372106316090311573e+01,4.036221496111306095e+00
1.374106887682194866e+01,4.127286574844682754e+00
1.376107459274078337e+01,4.250322503235773652e+00
1.378108030865961808e+01,4.322972944393731254e+00
1.380108602457845102e+01,3.843176759347495253e+00
1.382109174049728573e+01,3.261034423145342309e+00
1.384109745641611866e+01,3.706477338304332569e+00
1.386110317233495337e+01,3.145595160683099412e+00
1.388110888825378808e+01,3.584070141259195985e+00
1.390111460417262101e+01,3.617623040802876666e+00
1.392112032009145395e+01,4.339919573745540049e+00
1.394112603601028866e+01,3.204171495195591746e+00
1.396113175192912337e+01,3.343746292557903121e+00
1.398113746784795630e+01,3.221417461059861598e+00
1.400114318376679101e+01,3.635703042375398653e+00
1.402114889968562395e+01,3.942781811118625690e+00
1.404115461560445866e+01,2.797855071347348233e+00
1.406116033152329337e+01,3.944272469313721885e+00
1.408116604744212630e+01,3.706209070799308058e+00
1.410117176336095923e+01,3.475785885505822570e+00
1.412117747927979394e+01,2.992959047788597005e+00
1.414118319519862865e+01,3.368901099255722897e+00
1.416118891111746336e+01,2.692442574422851287e+00
1.418119462703629630e+01,3.653492374109955421e+00
1.420120034295512923e+01,2.998804678143998093e+00
1.422120605887396394e+01,4.005532629048056847e+00
1.424121177479279865e+01,3.328145478340393204e+00
1.426121749071163336e+01,2.953937968540248704e+00
1.428122320663046629e+01,3.244947793821751247e+00
1.430122892254929923e+01,3.871708349525330828e+00
1.432123463846813394e+01,2.973606277483785476e+00
1.434124035438696865e+01,3.942181569325352797e+00
1.436124607030580158e+01,3.430594401951256422e+00
1.438125178622463629e+01,3.356737674020454865e+00
1.440125750214346922e+01,3.671677810567548050e+00
1.442126321806230393e+01,3.259547206486018034e+00
1.444126893398113864e+01,3.286092369528233803e+00
1.446127464989997158e+01,4.183261818650858999e+00
1.448128036581880451e+01,3.445828310301174646e+00
1.450128608173763922e+01,3.127582114922700107e+00
1.452129179765647393e+01,3.491370556802418701e+00
1.454129751357530864e+01,3.651869997160920089e+00
1.456130322949414158e+01,3.153836420570494958e+00
1.458130894541297451e+01,3.818663284810660752e+00
1.460131466133180922e+01,4.186899014469851465e+00
1.462132037725064393e+01,3.552126405694650213e+00
1.464132609316947686e+01,3.431926061241293180e+00
1.466133180908831157e+01,3.599559922492943542e+00
1.468133752500714451e+01,3.987142526838093559e+00
1.470134324092597922e+01,3.079589145277371376e+00
1.472134895684481393e+01,3.877733020603776115e+00
1.474135467276364686e+01,3.101712729877767583e+00
1.476136038868247979e+01,3.723450289228336985e+00
1.478136610460131450e+01,2.814355813818109286e+00
1.480137182052014921e+01,3.524328633777184638e+00
1.482137753643898392e+01,3.968741338591946555e+00
1.484138325235781686e+01,4.155321365774308440e+00
1.486138896827664979e+01,3.350051990008843461e+00
1.488139468419548450e+01,3.567622102006405171e+00
1.490140040011431921e+01,3.891967191008062876e+00
1.492140611603315392e+01,3.858373644979185002e+00
1.494141183195198685e+01,3.772795505785004444e+00
1.496141754787081979e+01,3.427367038583781778e+00
1.498142326378965450e+01,3.291582362498397529e+00
1.500142897970848921e+01,2.905360242766675150e+00
1.502143469562732214e+01,3.956725165695523572e+00
1.504144041154615508e+01,3.639735411609228422e+00
1.506144612746498979e+01,3.155263399997542351e+00
1.508145184338382450e+01,3.554463610763319181e+00
1.510145755930265921e+01,3.551473211956651888e+00
1.512146327522149214e+01,3.315293754492757650e+00
1.514146899114032507e+01,2.811074839965729044e+00
1.516147470705915978e+01,3.362822321374384416e+00
1.518148042297799449e+01,3.518111541743219384e+00
1.520148613889682920e+01,3.137223867514674858e+00
1.522149185481566214e+01,3.696048038337755415e+00
1.524149757073449507e+01,4.150930307423299936e+00
1.526150328665332978e+01,3.421474700228885446e+00
1.528150900257216449e+01,3.559852390475114703e+00
1.530151471849099742e+01,4.045701056558380415e+00
1.532152043440983036e+01,3.357232428652223266e+00
1.534152615032866507e+01,3.797377697140113639e+00
1.536153186624749978e+01,3.539990464494316313e+00
1.538153758216633449e+01,3.242791639313966190e+00
1.540154329808516742e+01,3.466664465642782744e+00
1.542154901400400036e+01,3.453164487910380664e+00
1.544155472992283507e+01,3.095336695867337617e+00
1.546156044584166978e+01,4.455922804733750908e+00
1.548156616176050449e+01,3.638213931911263632e+00
1.550157187767933742e+01,3.739005801783203520e+00
1.552157759359817035e+01,4.191877299333163442e+00
1.554158330951700506e+01,3.414189560480949126e+00
1.556158902543583977e+01,3.425963114437272861e+00
1.558159474135467271e+01,3.351121750961993495e+00
1.560160045727350742e+01,3.174609211191876668e+00
1.562160617319234035e+01,3.944382855313600889e+00
1.564161188911117506e+01,3.560059627807023119e+00
1.566161760503000977e+01,3.733902075555140421e+00
1.568162332094884270e+01,4.387349615348822951e+00
1.570162903686767564e+01,4.079264169744402757e+00
1.572163475278651035e+01,3.754368988061290935e+00
1.574164046870534506e+01,4.043539807656491014e+00
1.576164618462417977e+01,3.467672591458736964e+00
1.578165190054301270e+01,3.042363130887863587e+00
1.580165761646184563e+01,3.700128390838243853e+00
1.582166333238068034e+01,3.668749241815363771e+00
1.584166904829951505e+01,3.604721525941743110e+00
1.586167476421834799e+01,4.664531011007992944e+00
1.588168048013718270e+01,3.915917996855094341e+00
1.590168619605601563e+01,3.209414699584022923e+00
1.592169191197485034e+01,3.772954824892745584e+00
1.594169762789368505e+01,3.527362237586187277e+00
1.596170334381251799e+01,3.798583131471193752e+00
1.598170905973135092e+01,3.493205255445424484e+00
1.600171477565018563e+01,4.094659800877392897e+00
1.602172049156902034e+01,3.795980405939062052e+00
1.604172620748785505e+01,3.925510610528332833e+00
1.606173192340668976e+01,3.899106515548544039e+00
1.608173763932552092e+01,4.047691641726109069e+00
1.610174335524435563e+01,4.005110808622428742e+00
1.612174907116319034e+01,4.659756087113780865e+00
1.614175478708202505e+01,4.030460920933640168e+00
1.616176050300085620e+01,4.134004288734885790e+00
1.618176621891969091e+01,4.415214669848857909e+00
1.620177193483852562e+01,4.372989480227444048e+00
1.622177765075736033e+01,3.967407004814047067e+00
1.624178336667619504e+01,4.903445537108463093e+00
1.626178908259502620e+01,4.042816867822860871e+00
1.628179479851386091e+01,4.552152623853458202e+00
1.630180051443269562e+01,3.924186353083102485e+00
1.632180623035153033e+01,4.586296682465226482e+00
1.634181194627036149e+01,4.667054434875327118e+00
1.636181766218919620e+01,4.693688181567038598e+00
1.638182337810803091e+01,4.930406978287432906e+00
1.640182909402686562e+01,4.981648119103214256e+00
1.642183480994570033e+01,5.426359361562394845e+00
1.644184052586453504e+01,4.875521225846985551e+00
1.646184624178336620e+01,5.356533231907380177e+00
1.648185195770220091e+01,5.314744654443916971e+00
1.650185767362103562e+01,4.739234989040952861e+00
1.652186338953986677e+01,5.391381517469773677e+00
1.654186910545870148e+01,5.630672661875885332e+00
1.656187482137753619e+01,5.700436600237930307e+00
1.658188053729637090e+01,6.271354517500570935e+00
1.660188625321520561e+01,5.932107781213130870e+00
1.662189196913404032e+01,5.578398484262859114e+00
1.664189768505287148e+01,5.631230477701802961e+00
1.666190340097170619e+01,6.490911276604275137e+00
1.668190911689054090e+01,5.992943051997326798e+00
1.670191483280937561e+01,6.891528782169831224e+00
1.672192054872820677e+01,6.489024243686150051e+00
1.674192626464704148e+01,6.317854306038226397e+00
1.676193198056587619e+01,7.334319307082558304e+00
1.678193769648471090e+01,7.004179532426028310e+00
1.680194341240354561e+01,7.428199970241474936e+00
1.682194912832238032e+01,7.521292892829142041e+00
1.684195484424121148e+01,7.725673856622804259e+00
1.686196056016004619e+01,8.092677132326706158e+00
1.688196627607888090e+01,8.778767811546684285e+00
1.690197199199771205e+01,8.518417512317279616e+00
1.692197770791654676e+01,8.316336893001391672e+00
1.694198342383538147e+01,8.973250595626261372e+00
1.696198913975421618e+01,8.547425763349369987e+00
1.698199485567305089e+01,8.795455539805875134e+00
1.700200057159188560e+01,9.328837870883399219e+00
1.702200628751071676e+01,9.518112231870407669e+00
1.704201200342955147e+01,1.017800018169921117e+01
1.706201771934838618e+01,1.014501640517291392e+01
1.708202343526722089e+01,1.051349225670278287e+01
1.710202915118605205e+01,1.015025260637428417e+01
1.712203486710488676e+01,1.099700140286105388e+01
1.714204058302372147e+01,1.101028400651395245e+01
1.716204629894255618e+01,1.161841186369228218e+01
1.718205201486139089e+01,1.184690365641191434e+01
1.720205773078022204e+01,1.182678367695642230e+01
1.722206344669905675e+01,1.276163310793755912e+01
1.724206916261789146e+01,1.223763012097802338e+01
1.726207487853672617e+01,1.313420842297984592e+01
1.728208059445555733e+01,1.329693021438547618e+01
1.730208631037439204e+01,1.403510319087538782e+01
1.732209202629322675e+01,1.377443314499728189e+01
1.734209774221206146e+01,1.485644320430768417e+01
1.736210345813089617e+01,1.543104375660906769e+01
1.738210917404973088e+01,1.463762940532654966e+01
1.740211488996856204e+01,1.638729025257104155e+01
1.742212060588739675e+01,1.595316236062143211e+01
1.744212632180623146e+01,1.679302365385683160e+01
1.746213203772506262e+01,1.750793881490946191e+01
1.748213775364389733e+01,1.762396479118579151e+01
1.750214346956273204e+01,1.855408172634239250e+01
1.752214918548156675e+01,1.922655550860311990e+01
1.754215490140040146e+01,1.833919793289992128e+01
1.756216061731923617e+01,1.962435051884027359e+01
1.758216633323806732e+01,2.032817802519532435e+01
1.760217204915690203e+01,2.039393434969686680e+01
1.762217776507573674e+01,2.051550467704283776e+01
1.764218348099457145e+01,2.126344063811669471e+01
1.766218919691340261e+01,2.143628958796560724e+01
1.768219491283223732e+01,2.215435895162623581e+01
1.770220062875107203e+01,2.247105926711492430e+01
1.772220634466990674e+01,2.322316387704632845e+01
1.774221206058874145e+01,2.254674300078974269e+01
1.776221777650757616e+01,2.310893475977939104e+01
1.778222349242640732e+01,2.231557099747371709e+01
1.780222920834524203e+01,2.273654980885436672e+01
1.782223492426407674e+01,2.219448210998794835e+01
1.784224064018290790e+01,2.239672281166599532e+01
1.786224635610174261e+01,2.226269407012912183e+01
1.788225207202057732e+01,2.115800447990745425e+01
1.790225778793941203e+01,2.072848944136584137e+01
1.792226350385824674e+01,2.065348042791701388e+01
1.794226921977708145e+01,1.895973667616704006e+01
1.796227493569591260e+01,1.898880319750196932e+01
1.798228065161474731e+01,1.779318293216933000e+01
1.800228636753358202e+01,1.629874240711026445e+01
1.802229208345241318e+01,1.543925434349771564e+01
1.804229779937124789e+01,1.316391036656250968e+01
1.806230351529008260e+01,1.325746229224090733e+01
1.808230923120891731e+01,1.152458345055418398e+01
1.810231494712775202e+01,1.047151191038122953e+01
1.812232066304658673e+01,9.609138007737646703e+00
1.814232637896542144e+01,9.651078352277796313e+00
1.816233209488425260e+01,8.249294589837022684e+00
1.818233781080308731e+01,8.836608638808923999e+00
1.820234352672191847e+01,7.515458590077704670e+00
1.822234924264075318e+01,7.841284254863737146e+00
1.824235495855958789e+01,7.063852640961716389e+00
1.826236067447842260e+01,6.474801575797031639e+00
1.828236639039725731e+01,7.074073087271887772e+00
1.830237210631609202e+01,6.007148440563521596e+00
1.832237782223492673e+01,6.243427018047680299e+00
1.834238353815375788e+01,5.826406634779351279e+00
1.836238925407259259e+01,5.357495637175555103e+00
1.838239496999142730e+01,5.459929093134270772e+00
1.840240068591025846e+01,5.944985150714611422e+00
1.842240640182909317e+01,6.391215120036717323e+00
1.844241211774792788e+01,5.630748625250771688e+00
1.846241783366676259e+01,6.076446189246731855e+00
1.848242354958559730e+01,5.643441357800189628e+00
1.850242926550443201e+01,5.819289491598213182e+00
1.852243498142326672e+01,6.472079565045964600e+00
1.854244069734209788e+01,6.671238791881727082e+00
1.856244641326093259e+01,5.791580341361404649e+00
1.858245212917976374e+01,6.238688769267078271e+00
1.860245784509859845e+01,6.079510062461496389e+00
1.862246356101743316e+01,5.689287508115135950e+00
1.864246927693626787e+01,6.913970138164886592e+00
1.866247499285510258e+01,6.783597218574977106e+00
1.868248070877393729e+01,7.332108942701134779e+00
1.870248642469277200e+01,6.955774651224118976e+00
1.872249214061160316e+01,7.499858846447240879e+00
1.874249785653043787e+01,7.278672510118612493e+00
1.876250357244927258e+01,7.818948015769763060e+00
1.878250928836810374e+01,7.651449927902572057e+00
1.880251500428693845e+01,7.801975192666430914e+00
1.882252072020577316e+01,8.371829950272891452e+00
1.884252643612460787e+01,9.140172112623847767e+00
1.886253215204344258e+01,7.815950218429343010e+00
1.888253786796227729e+01,9.051576198469915013e+00
1.890254358388111200e+01,9.456107985231689383e+00
1.892254929979994316e+01,9.327131268958158472e+00
1.894255501571877787e+01,1.042499981105395435e+01
1.896256073163760902e+01,1.003290948336226585e+01
1.898256644755644373e+01,1.078875810544024816e+01
1.900257216347527844e+01,1.059205989017001137e+01
1.902257787939411315e+01,1.110304453353089826e+01
1.904258359531294786e+01,1.142616470327016565e+01
1.906258931123178257e+01,1.178631597404592668e+01
1.908259502715061728e+01,1.265477190172417110e+01
1.910260074306944844e+01,1.346373952243804339e+01
1.912260645898828315e+01,1.289835276633714933e+01
1.914261217490711431e+01,1.436775644648938766e+01
1.916261789082594902e+01,1.340022758556598248e+01
1.918262360674478373e+01,1.429303230584356754e+01
1.920262932266361844e+01,1.512341570504137422e+01
1.922263503858245315e+01,1.543184959145403212e+01
1.924264075450128786e+01,1.677001200930487812e+01
1.926264647042012257e+01,1.701807064158617777e+01
1.928265218633895373e+01,1.812912046708697744e+01
1.930265790225778844e+01,1.873480435245624420e+01
1.932266361817662315e+01,1.818674970035069194e+01
1.934266933409545430e+01,1.948375287871350281e+01
1.936267505001428901e+01,1.954435162754205990e+01
1.938268076593312372e+01,2.094073168674479035e+01
1.940268648185195843e+01,2.155257694050169448e+01
1.942269219777079314e+01,2.189201347494041627e+01
1.944269791368962785e+01,2.304477092268538030e+01
1.946270362960846256e+01,2.398215213809365309e+01
1.948270934552729372e+01,2.487238179062877208e+01
1.950271506144612843e+01,2.529395001145708477e+01
1.952272077736495959e+01,2.652125365143795932e+01
1.954272649328379430e+01,2.795871399639240806e+01
1.956273220920262901e+01,2.845056915902962658e+01
1.958273792512146372e+01,2.897580308200253540e+01
1.960274364104029843e+01,2.945485232421743405e+01
1.962274935695913314e+01,3.149575757901406092e+01
1.964275507287796785e+01,3.159643668789966497e+01
1.966276078879679901e+01,3.186847184126248322e+01
1.968276650471563372e+01,3.285881185625991918e+01
1.970277222063446487e+01,3.466663542454221414e+01
1.972277793655329958e+01,3.451096407171621649e+01
1.974278365247213429e+01,3.557730443000816223e+01
1.976278936839096900e+01,3.637476427297684722e+01
1.978279508430980371e+01,3.725270397959369006e+01
1.980280080022863842e+01,3.760108167328429829e+01
1.982280651614747313e+01,3.812727344616972402e+01
1.984281223206630784e+01,3.823786793987183330e+01
1.986281794798513900e+01,3.924525191708941918e+01
1.988282366390397371e+01,3.905328829984400585e+01
1.990282937982280487e+01,3.960033536647208763e+01
1.992283509574163958e+01,3.965658365829924747e+01
1.994284081166047429e+01,3.911711198675501322e+01
1.996284652757930900e+01,3.997777625730508788e+01
1.998285224349814371e+01,3.994188637878512083e+01
2.000285795941697842e+01,4.013911483165138350e+01
2.002286367533581313e+01,4.061462145923161415e+01
2.004286939125464428e+01,4.121340224693540932e+01
2.006287510717347899e+01,4.185183184557251224e+01
2.008288082309231015e+01,4.095566143975216988e+01
2.010288653901114486e+01,4.239961902562657059e+01
2.012289225492997957e+01,4.269024896942931946e+01
2.014289797084881428e+01,4.210858426324215742e+01
2.016290368676764899e+01,4.268201497491590857e+01
2.018290940268648370e+01,4.352591177134803502e+01
2.020291511860531841e+01,4.408429403796964152e+01
2.022292083452414957e+01,4.374282341383721473e+01
2.024292655044298428e+01,4.458793892735505437e+01
2.026293226636181899e+01,4.401322843738095969e+01
2.028293798228065015e+01,4.413925653844726327e+01
2.030294369819948486e+01,4.327192103408588508e+01
2.032294941411831957e+01,4.296167441001529141e+01
2.034295513003715428e+01,4.260418545504744259e+01
2.036296084595598899e+01,4.133681367362639492e+01
2.038296656187482370e+01,4.096648521974025670e+01
2.040297227779365841e+01,3.837855906288259433e+01
2.042297799371248956e+01,3.656410735197486872e+01
2.044298370963132427e+01,3.558993144914973783e+01
2.046298942555015543e+01,3.353546355043987859e+01
2.048299514146899014e+01,3.071343939463060124e+01
2.050300085738782485e+01,2.961643222343346693e+01
2.052300657330665956e+01,2.706704427582616646e+01
2.054301228922549427e+01,2.525689234039447584e+01
2.056301800514432898e+01,2.340382777709750073e+01
2.058302372106316369e+01,2.144974481728784355e+01
2.060302943698199485e+01,1.944882273133704231e+01
2.062303515290082956e+01,1.824839255059923460e+01
2.064304086881966072e+01,1.626522536711149058e+01
2.066304658473849543e+01,1.505309049689865475e+01
2.068305230065733014e+01,1.390784004281938380e+01
2.070305801657616485e+01,1.269720790107535358e+01
2.072306373249499956e+01,1.058487869782969959e+01
2.074306944841383427e+01,1.096647899865605069e+01
2.076307516433266898e+01,9.162190271756848858e+00
2.078308088025150369e+01,8.569665804711767976e+00
2.080308659617033484e+01,8.426495981004189062e+00
2.082309231208916955e+01,7.852094322702118490e+00
2.084309802800800071e+01,8.351979439728880905e+00
2.086310374392683542e+01,7.638429854875685265e+00
2.088310945984567013e+01,7.574747696948490372e+00
2.090311517576450484e+01,7.318022210132751226e+00
2.092312089168333955e+01,7.226558882908198811e+00
2.094312660760217426e+01,7.258216628000563553e+00
2.096313232352100897e+01,7.392084201639963936e+00
2.098313803943984013e+01,7.257599312486982868e+00
2.100314375535867484e+01,6.625422326767042236e+00
2.102314947127750600e+01,6.083701829017652329e+00
2.104315518719634071e+01,6.885714833812519586e+00
2.106316090311517542e+01,7.272678681983260063e+00
2.108316661903401013e+01,6.827621960139603097e+00
2.110317233495284484e+01,7.647986359949341839e+00
2.112317805087167955e+01,6.939200518372253157e+00
2.114318376679051426e+01,7.267557506150125413e+00
2.116318948270934541e+01,7.597224841257364858e+00
2.118319519862818012e+01,6.723182194352641083e+00
2.120320091454701483e+01,7.249786999029894652e+00
2.122320663046584599e+01,7.388455240346995190e+00
2.124321234638468070e+01,7.047028354715832776e+00
2.126321806230351541e+01,7.304495597061579915e+00
2.128322377822235012e+01,7.710166437446821064e+00
2.130322949414118483e+01,7.360475890860943338e+00
2.132323521006001954e+01,7.901443133389337348e+00
2.134324092597885425e+01,7.474394435061343600e+00
2.136324664189768541e+01,7.429603275617993496e+00
2.138325235781652012e+01,8.249786639032315350e+00
2.140325807373535127e+01,7.732046408398715265e+00
2.142326378965418598e+01,8.306750461920611173e+00
2.144326950557302069e+01,7.699185354598118813e+00
2.146327522149185540e+01,8.519572074487943070e+00
2.148328093741069011e+01,8.929813399539252572e+00
2.150328665332952482e+01,8.617701181876331162e+00
2.152329236924835953e+01,9.316722375832238612e+00
2.154329808516719069e+01,8.651115305569822667e+00
2.156330380108602540e+01,9.944367589241650762e+00
2.158330951700485656e+01,9.898034721361989696e+00
2.160331523292369127e+01,9.669484190698913295e+00
2.162332094884252598e+01,9.948788088840011312e+00
2.164332666476136069e+01,1.067017153241004124e+01
2.166333238068019540e+01,1.077434427961654606e+01
2.168333809659903011e+01,1.108809595262365555e+01
2.170334381251786482e+01,1.171265302578770395e+01
2.172334952843669598e+01,1.132920562865887248e+01
2.174335524435553069e+01,1.226046210556793703e+01
2.176336096027436540e+01,1.194889323199157971e+01
2.178336667619319655e+01,1.165789940908840450e+01
2.180337239211203126e+01,1.162575439373651776e+01
2.182337810803086597e+01,1.165474271295783382e+01
2.184338382394970068e+01,1.219662700369909558e+01
2.186338953986853539e+01,1.196429736459763760e+01
2.188339525578737010e+01,1.190512629160693336e+01
2.190340097170620481e+01,1.224314098683467833e+01
2.192340668762503597e+01,1.187555310782177820e+01
2.194341240354387068e+01,1.216902098397690501e+01
2.196341811946270184e+01,1.268892504032795188e+01
2.198342383538153655e+01,1.206892324622220336e+01
2.200342955130037126e+01,1.162864228401390854e+01
2.202343526721920597e+01,1.082413550601037855e+01
2.204344098313804068e+01,1.100588145305819410e+01
2.206344669905687539e+01,1.075464471352750628e+01
2.208345241497571010e+01,1.053576862414425896e+01
2.210345813089454126e+01,1.068819426551952034e+01
2.212346384681337597e+01,9.729227938380727636e+00
2.214346956273221068e+01,9.051656756055233899e+00
2.216347527865104183e+01,8.383776762330846566e+00
2.218348099456987654e+01,9.443197342237908742e+00
2.220348671048871125e+01,8.241073065850237356e+00
2.222349242640754596e+01,8.331589093381344568e+00
2.224349814232638067e+01,7.588864638996205336e+00
2.226350385824521538e+01,7.211828001062460913e+00
2.228350957416405009e+01,8.159532944870695914e+00
2.230351529008288125e+01,6.800328643949946184e+00
2.232352100600171596e+01,7.277070541996073061e+00
2.234352672192054712e+01,6.417178113097079972e+00
2.236353243783938183e+01,6.118839025037232204e+00
2.238353815375821654e+01,6.129901706997433308e+00
2.240354386967705125e+01,6.625330248838040781e+00
2.242354958559588596e+01,6.194388626852882496e+00
2.244355530151472067e+01,5.916690026401003166e+00
2.246356101743355538e+01,6.046631927192279932e+00
2.248356673335238654e+01,6.978216175118213016e+00
2.250357244927122125e+01,6.399655788306334081e+00
2.252357816519005240e+01,6.399573640984009160e+00
2.254358388110888711e+01,6.086112827989632379e+00
2.256358959702772182e+01,6.232021800768267283e+00
2.258359531294655653e+01,7.499658936950945431e+00
2.260360102886539124e+01,7.607121242243499282e+00
2.262360674478422595e+01,7.044061850692524551e+00
2.264361246070306066e+01,7.553984124237325126e+00
2.266361817662189182e+01,7.635015832314461903e+00
2.268362389254072653e+01,7.137742924819762358e+00
2.270362960845956124e+01,8.035079895528692617e+00
2.272363532437839240e+01,7.520806724826053724e+00
2.274364104029722711e+01,8.245749447238415186e+00
2.276364675621606182e+01,8.753502351164989648e+00
2.278365247213489653e+01,8.380042247500103514e+00
2.280365818805373124e+01,8.520681006886007935e+00
2.282366390397256595e+01,8.767523977044785255e+00
2.284366961989140066e+01,9.375627689057548508e+00
2.286367533581023181e+01,8.721867220881911464e+00
2.288368105172906652e+01,9.248323466024586992e+00
2.290368676764789768e+01,9.824576239955156609e+00
2.292369248356673239e+01,1.012210866944470844e+01
2.294369819948556710e+01,1.039845469643715781e+01
2.296370391540440181e+01,1.051854415601269288e+01
2.298370963132323652e+01,1.125842524443014270e+01
2.300371534724207123e+01,1.128552217273258051e+01
2.302372106316090594e+01,1.199147977537895926e+01
2.304372677907973710e+01,1.247619201729465210e+01
2.306373249499857181e+01,1.255367295444728626e+01
2.308373821091740652e+01,1.283480316789264819e+01
2.310374392683623768e+01,1.292019273481040997e+01
2.312374964275507239e+01,1.363381259842068971e+01
2.314375535867390710e+01,1.358115015260309022e+01
2.316376107459274181e+01,1.445440561093688103e+01
2.318376679051157652e+01,1.534611649440472902e+01
2.320377250643041123e+01,1.532834740557480657e+01
2.322377822234924594e+01,1.586764726440202722e+01
2.324378393826807709e+01,1.546887757476391201e+01
2.326378965418691180e+01,1.674479822062392742e+01
2.328379537010574296e+01,1.565512073108233082e+01
2.330380108602457767e+01,1.591429826091871647e+01
2.332380680194341238e+01,1.708164789383066662e+01
2.334381251786224709e+01,1.625144880299054506e+01
2.336381823378108180e+01,1.619127237837834343e+01
2.338382394969991651e+01,1.681578383481246419e+01
2.340382966561875122e+01,1.617204537889215388e+01
2.342383538153758238e+01,1.599914541731377327e+01
2.344384109745641709e+01,1.531618980896957183e+01
2.346384681337524825e+01,1.591027367030925888e+01
2.348385252929408296e+01,1.592466566680315232e+01
2.350385824521291767e+01,1.496250287801327161e+01
2.352386396113175238e+01,1.433323619940350824e+01
2.354386967705058709e+01,1.480893701552137109e+01
2.356387539296942180e+01,1.398334843571324626e+01
2.358388110888825651e+01,1.425567124152455989e+01
2.360388682480708766e+01,1.445671416748847626e+01
2.362389254072592237e+01,1.430812294817165764e+01
2.364389825664475708e+01,1.420664160438903778e+01
2.366390397256358824e+01,1.442023655199928989e+01
2.368390968848242295e+01,1.475022058378097611e+01
2.370391540440125766e+01,1.490564812779173032e+01
2.372392112032009237e+01,1.565233150793531358e+01
2.374392683623892708e+01,1.569118067748257239e+01
2.376393255215776179e+01,1.537465911451925216e+01
2.378393826807659650e+01,1.571910240379984636e+01
2.380394398399542766e+01,1.597621285978532590e+01
2.382394969991426237e+01,1.697059922873012283e+01
2.384395541583309353e+01,1.680901672662692548e+01
2.386396113175192824e+01,1.790903788175706879e+01
2.388396684767076295e+01,1.796587228326118790e+01
2.390397256358959766e+01,1.907268610585770219e+01
2.392397827950843237e+01,1.953149090534053300e+01
2.394398399542726708e+01,1.987388681227972498e+01
2.396398971134610179e+01,2.050412423775091852e+01
2.398399542726493294e+01,2.082554468805100711e+01
2.400400114318376765e+01,2.236509462042552698e+01
2.402400685910260236e+01,2.175723672894883975e+01
2.404401257502143352e+01,2.342738751605480019e+01
2.406401829094026823e+01,2.358853613209756617e+01
2.408402400685910294e+01,2.403982436119887112e+01
2.410402972277793765e+01,2.439323489985232740e+01
2.412403543869677236e+01,2.515749373497686037e+01
2.414404115461560707e+01,2.497568057685081655e+01
2.416404687053444178e+01,2.579789763841480266e+01
2.418405258645327294e+01,2.584197593016589778e+01
2.420405830237210765e+01,2.506902485850936557e+01
2.422406401829093880e+01,2.585680106629200381e+01
2.424406973420977351e+01,2.578750457303822330e+01
2.426407545012860822e+01,2.462899921959785843e+01
2.428408116604744293e+01,2.561006666356875527e+01
2.430408688196627764e+01,2.484685216842596844e+01
2.432409259788511235e+01,2.486650739301546054e+01
2.434409831380394706e+01,2.372941997841287076e+01
2.436410402972277822e+01,2.350669782123979346e+01
2.438410974564161293e+01,2.297476909390672262e+01
2.440411546156044409e+01,2.173101050001387691e+01
2.442412117747927880e+01,2.126476717687506124e+01
2.444412689339811351e+01,2.060716505366555040e+01
2.446413260931694822e+01,2.047856716408274735e+01
2.448413832523578293e+01,1.930347788080515414e+01
2.450414404115461764e+01,1.841610326147474552e+01
2.452414975707345235e+01,1.910183182538083813e+01
2.454415547299228351e+01,1.857271656692455508e+01
2.456416118891111822e+01,1.800370599310533137e+01
2.458416690482995293e+01,1.818573386272555936e+01
2.460417262074878408e+01,1.790161371680314062e+01
2.462417833666761879e+01,1.742372280435343868e+01
2.464418405258645350e+01,1.777043575336074355e+01
2.466418976850528821e+01,1.778020293034621346e+01
2.468419548442412292e+01,1.893909942328483353e+01
2.470420120034295763e+01,1.888192565471157991e+01
2.472420691626179234e+01,1.878229012431214784e+01
2.474421263218062350e+01,1.992659783195100687e+01
2.476421834809945821e+01,1.994096249849329894e+01
2.478422406401828937e+01,2.074457249975568018e+01
2.480422977993712408e+01,2.170598183534107406e+01
2.482423549585595879e+01,2.258066989083689791e+01
2.484424121177479350e+01,2.307147695531188702e+01
2.486424692769362821e+01,2.471360171527060601e+01
2.488425264361246292e+01,2.516989656302557776e+01
2.490425835953129763e+01,2.674870539093171828e+01
2.492426407545012879e+01,2.737981246539004587e+01
2.494426979136896350e+01,2.823509416617428869e+01
2.496427550728779821e+01,3.050174670854511305e+01
2.498428122320662936e+01,3.157572584948385952e+01
2.500428693912546407e+01,3.198076960719435391e+01
2.502429265504429878e+01,3.455883856652476993e+01
2.504429837096313349e+01,3.537118625407401851e+01
2.506430408688196820e+01,3.732322164247772633e+01
2.508430980280080291e+01,3.872069127519799281e+01
2.510431551871963762e+01,4.013533423179082149e+01
2.512432123463846878e+01,4.090777445915842492e+01
2.514432695055730349e+01,4.268747032487582516e+01
2.516433266647613465e+01,4.362186658365799019e+01
2.518433838239496936e+01,4.518109951902611954e+01
2.520434409831380407e+01,4.646187312239211309e+01
2.522434981423263878e+01,4.773736550575107174e+01
2.524435553015147349e+01,4.739297108029968086e+01
2.526436124607030820e+01,4.891441920953682398e+01
2.528436696198914291e+01,4.904974143476793813e+01
2.530437267790797407e+01,4.960678346095301805e+01
2.532437839382680878e+01,4.980258750597844397e+01
2.534438410974563993e+01,4.889970420046542898e+01
2.536438982566447464e+01,4.806553655137671655e+01
2.538439554158330935e+01,4.780959230457151676e+01
2.540440125750214406e+01,4.704848061351641064e+01
2.542440697342097877e+01,4.624675406013815149e+01
2.544441268933981348e+01,4.483411833743611652e+01
2.546441840525864819e+01,4.274630621449087897e+01
2.548442412117747935e+01,4.141925102267396142e+01
2.550442983709631406e+01,3.959616184169032493e+01
2.552443555301514877e+01,3.753289071615039063e+01
2.554444126893397993e+01,3.679277823648827450e+01
2.556444698485281464e+01,3.492001608802418389e+01
2.558445270077164935e+01,3.302469362384402984e+01
2.560445841669048406e+01,3.169679307777962052e+01
2.562446413260931877e+01,3.129507310593263725e+01
2.564446984852815348e+01,3.056107729203749557e+01
2.566447556444698819e+01,2.952022174318829428e+01
2.568448128036581934e+01,2.804089963426032739e+01
2.570448699628465405e+01,2.712252889257012356e+01
2.572449271220348521e+01,2.728068065289324196e+01
2.574449842812231992e+01,2.658360853535860002e+01
2.576450414404115463e+01,2.593901914612469639e+01
2.578450985995998934e+01,2.491221836795988054e+01
2.580451557587882405e+01,2.518535362787229559e+01
2.582452129179765876e+01,2.455418158590354949e+01
2.584452700771649347e+01,2.396834611955680572e+01
2.586453272363532463e+01,2.422399732465632738e+01
2.588453843955415934e+01,2.383291528902531553e+01
2.590454415547299405e+01,2.286767087783115571e+01
2.592454987139182521e+01,2.366925894047952283e+01
2.594455558731065992e+01,2.289428976261558901e+01
2.596456130322949463e+01,2.219825011440801177e+01
2.598456701914832934e+01,2.228818841291407082e+01
2.600457273506716405e+01,2.146941060719612793e+01
2.602457845098599520e+01,2.180582099147993347e+01
2.604458416690482991e+01,2.119842680854067751e+01
2.606458988282366462e+01,2.074366963874892278e+01
2.608459559874249933e+01,2.029115950415363301e+01
2.610460131466133404e+01,1.992870327535636932e+01
2.612460703058016520e+01,1.944136932265573137e+01
2.614461274649899991e+01,1.852771333045313895e+01
2.616461846241783462e+01,1.807064441502170027e+01
2.618462417833666933e+01,1.652979547158881957e+01
2.620462989425550404e+01,1.626421768669405665e+01
2.622463561017433520e+01,1.471198277719472358e+01
2.624464132609316991e+01,1.455405889209113290e+01
2.626464704201200462e+01,1.385726675308418621e+01
2.628465275793083933e+01,1.268108995946487383e+01
2.630465847384967049e+01,1.180927942131374664e+01
2.632466418976850520e+01,1.111901715851709582e+01
2.634466990568733991e+01,1.088000394923555092e+01
2.636467562160617462e+01,9.884745047262690321e+00
2.638468133752500933e+01,9.006177152495240534e+00
2.640468705344384048e+01,8.207954431125967787e+00
2.642469276936267519e+01,8.420239272814800557e+00
2.644469848528150990e+01,7.961047025122208964e+00
2.646470420120034461e+01,7.405746448654398684e+00
2.648470991711917932e+01,7.167569983849276127e+00
2.650471563303801048e+01,6.204437200952526155e+00
2.652472134895684519e+01,6.655496680061334658e+00
2.654472706487567990e+01,6.823173580347679845e+00
2.656473278079451461e+01,6.019582628536358726e+00
2.658473849671334932e+01,6.064117544034872687e+00
2.660474421263218048e+01,5.364462269061989197e+00
2.662474992855101519e+01,5.642847441093504557e+00
2.664475564446984990e+01,6.243304390598118481e+00
2.666476136038868461e+01,5.815782065049393879e+00
2.668476707630751577e+01,5.397144923397410921e+00
2.670477279222635048e+01,5.520279141346860818e+00
2.672477850814518519e+01,5.383330916027305513e+00
2.674478422406401990e+01,4.773350810922798004e+00
2.676478993998285461e+01,5.171885862170509718e+00
2.678479565590168576e+01,4.802437976790748131e+00
2.680480137182052047e+01,4.638377580645296483e+00
2.682480708773935518e+01,4.764803770587716869e+00
2.684481280365818989e+01,4.654960129584491568e+00
2.686481851957702460e+01,5.450513701708905145e+00
2.688482423549585576e+01,4.372822440079111139e+00
2.690482995141469047e+01,4.459732943631549595e+00
2.692483566733352518e+01,4.161205426197273738e+00
2.694484138325235989e+01,4.921592342030910672e+00
2.696484709917119105e+01,4.461931698749697084e+00
2.698485281509002576e+01,4.843266321462056823e+00
2.700485853100886047e+01,4.490921727078815984e+00
2.702486424692769518e+01,4.560793921306961707e+00
2.704486996284652989e+01,5.279550418795604827e+00
2.706487567876536104e+01,5.081281737450876079e+00
2.708488139468419575e+01,4.919988654587217347e+00
2.710488711060303046e+01,4.326808043919062818e+00
2.712489282652186517e+01,5.004944897554270966e+00
2.714489854244069988e+01,4.226154802462156468e+00
2.716490425835953104e+01,4.955968212736534539e+00
2.718490997427836575e+01,4.957221225040479240e+00
2.720491569019720046e+01,4.674053603090068343e+00
2.722492140611603517e+01,4.209750536018979972e+00
2.724492712203486633e+01,4.438801096572643878e+00
2.726493283795370104e+01,5.296240959587082742e+00
2.728493855387253575e+01,4.202605225081971874e+00
2.730494426979137046e+01,4.630186687111760513e+00
2.732494998571020517e+01,4.698762932698393513e+00
2.734495570162903633e+01,4.424801633731524575e+00
2.736496141754787104e+01,5.146208941970864537e+00
2.738496713346670575e+01,4.443926420457318116e+00
2.740497284938554046e+01,4.283404616236781592e+00
2.742497856530437517e+01,3.860258555582916529e+00
2.744498428122320632e+01,4.831329544734160208e+00
2.746498999714204103e+01,5.002332520741848754e+00
2.748499571306087574e+01,4.025637780003996191e+00
2.750500142897971045e+01,4.100179857399975702e+00
2.752500714489854516e+01,4.599220611015767624e+00
2.754501286081737632e+01,4.709095149571908223e+00
2.756501857673621103e+01,4.257892667230710693e+00
2.758502429265504574e+01,5.324095876590392962e+00
2.760503000857388045e+01,4.865038114136307712e+00
2.762503572449271161e+01,4.935097796036700402e+00
2.764504144041154632e+01,5.389654216601080350e+00
2.766504715633038103e+01,4.472788230484875172e+00
2.768505287224921574e+01,5.474671356343680628e+00
2.770505858816805045e+01,5.215310127338210755e+00
2.772506430408688161e+01,4.375958651490968521e+00
2.774507002000571632e+01,5.945298919049383457e+00
2.776507573592455103e+01,4.794818517941352276e+00
2.778508145184338574e+01,5.606909217811670842e+00
2.780508716776222045e+01,5.543738022929975529e+00
2.782509288368105160e+01,5.240022022067426732e+00
2.784509859959988631e+01,5.236608019771834321e+00
2.786510431551872102e+01,5.168293831704543706e+00
2.788511003143755573e+01,4.543597984109077892e+00
2.790511574735638689e+01,5.093412839032204431e+00
2.792512146327522160e+01,4.668832934138934299e+00
2.794512717919405631e+01,4.730328244063274568e+00
2.796513289511289102e+01,5.072021387072651599e+00
2.798513861103172573e+01,4.718185220263423574e+00
2.800514432695055689e+01,5.001115209412219542e+00
2.802515004286939160e+01,5.006970685331049609e+00
2.804515575878822631e+01,4.733562624024300725e+00
2.806516147470706102e+01,5.019231456031576499e+00
2.808516719062589573e+01,4.107773902467904747e+00
2.810517290654472689e+01,4.346361923976285624e+00
2.812517862246356160e+01,5.236035223741666300e+00
2.814518433838239631e+01,4.623565752485257363e+00
2.816519005430123102e+01,4.920621707901990050e+00
2.818519577022006217e+01,4.350696326434447592e+00
2.820520148613889688e+01,4.688875339278373744e+00
2.822520720205773159e+01,4.237029289786063302e+00
2.824521291797656630e+01,4.371095124952986133e+00
2.826521863389540101e+01,4.611739214346116000e+00
2.828522434981423217e+01,4.363408165821021534e+00
2.830523006573306688e+01,4.626159224716174023e+00
2.832523578165190159e+01,4.253553514696781335e+00
2.834524149757073630e+01,4.584483906498820538e+00
2.836524721348957101e+01,4.554973077550835470e+00
2.838525292940840217e+01,4.348135719362422158e+00
2.840525864532723688e+01,4.596778918846855966e+00
2.842526436124607159e+01,4.644768443286888093e+00
2.844527007716490630e+01,3.913780344011058787e+00
2.846527579308374101e+01,4.787947562420036718e+00
2.848528150900257216e+01,4.068332309154394366e+00
2.850528722492140687e+01,4.330706598373250671e+00
2.852529294084024158e+01,4.663559694042112902e+00
2.854529865675907629e+01,5.017726947443701846e+00
2.856530437267790745e+01,3.971965346811305864e+00
2.858531008859674216e+01,4.345200408864014818e+00
2.860531580451557687e+01,4.555353732738250727e+00
2.862532152043441158e+01,4.127831926604880408e+00
2.864532723635324629e+01,4.004896074304054032e+00
2.866533295227207745e+01,4.580444215436996203e+00
2.868533866819091216e+01,5.014177826529239823e+00
2.870534438410974687e+01,4.786006453540578853e+00
2.872535010002858158e+01,4.035918652489319136e+00
2.874535581594741629e+01,4.613038904521607364e+00
2.876536153186624745e+01,4.637819524943552985e+00
2.878536724778508216e+01,4.227373515153438177e+00
2.880537296370391687e+01,4.647791020127920447e+00
2.882537867962275158e+01,5.075823251194938379e+00
2.884538439554158273e+01,4.531430839182975845e+00
2.886539011146041744e+01,4.518544030158423652e+00
2.888539582737925215e+01,4.425705410377018367e+00
2.890540154329808686e+01,4.729636735449529894e+00
2.892540725921692157e+01,4.656527794927832531e+00
2.894541297513575273e+01,4.371061201235285409e+00
2.896541869105458744e+01,4.884830448347699416e+00
2.898542440697342215e+01,5.285023922869445556e+00
2.900543012289225686e+01,6.143175495195126068e+00
2.902543583881109157e+01,5.015523190413133214e+00
2.904544155472992273e+01,5.844187434837895267e+00
2.906544727064875744e+01,5.983708892107813426e+00
2.908545298656759215e+01,7.222031946470163000e+00
2.910545870248642686e+01,6.241964026082619910e+00
2.912546441840525802e+01,7.884556307935299380e+00
2.914547013432409273e+01,7.881863007070338156e+00
2.916547585024292744e+01,8.006840177475471165e+00
2.918548156616176215e+01,7.229311433953187205e+00
2.920548728208059686e+01,8.911851303983155503e+00
2.922549299799942801e+01,8.964887574034442252e+00
2.924549871391826272e+01,1.071357132175108795e+01
2.926550442983709743e+01,1.026841394370570804e+01
2.928551014575593214e+01,1.187774627277518391e+01
2.930551586167476685e+01,1.134154449035916912e+01
2.932552157759359801e+01,1.207015652295425667e+01
2.934552729351243272e+01,1.182595744779517588e+01
2.936553300943126743e+01,1.428114831237947513e+01
2.938553872535010214e+01,1.408248524700976390e+01
2.940554444126893330e+01,1.567731200974323613e+01
2.942555015718776801e+01,1.533378790250519685e+01
2.944555587310660272e+01,1.784779057491554255e+01
2.946556158902543743e+01,1.688017520204695288e+01
2.948556730494427214e+01,1.970642927799808319e+01
2.950557302086310330e+01,1.864664140617333388e+01
2.952557873678193801e+01,2.309715918268997470e+01
2.954558445270077272e+01,2.195759497721163100e+01
2.956559016861960743e+01,2.568027205660347079e+01
2.958559588453844214e+01,2.373955250923730986e+01
2.960560160045727329e+01,2.875960189385306265e+01
2.962560731637610800e+01,2.613474294444231916e+01
2.964561303229494271e+01,3.039360317996781902e+01
2.966561874821377742e+01,2.910187167046655077e+01
2.968562446413261213e+01,3.495509300724977209e+01
2.970563018005144329e+01,3.193983595843808843e+01
2.972563589597027800e+01,3.760200328630331512e+01
2.974564161188911271e+01,3.520905128251963134e+01
2.976564732780794742e+01,4.111463072589965861e+01
2.978565304372677858e+01,3.731757221233290522e+01
2.980565875964561329e+01,4.324866670544133029e+01
2.982566447556444800e+01,4.036063234631164676e+01
2.984567019148328271e+01,4.567973732729886649e+01
2.986567590740211742e+01,4.133678759121707458e+01
2.988568162332094857e+01,4.841413809136204804e+01
2.990568733923978328e+01,4.516455409249507369e+01
2.992569305515861799e+01,5.101079858194550098e+01
2.994569877107745270e+01,4.641699338448712808e+01
2.996570448699628741e+01,5.237740940730076034e+01
2.998571020291511857e+01,4.777118882653825693e+01
3.000571591883395328e+01,5.290613300928978191e+01
3.002572163475278799e+01,4.781032146571018160e+01
3.004572735067162270e+01,5.189628801856017759e+01
3.006573306659045386e+01,4.730466265707210027e+01
3.008573878250928857e+01,5.052438626596821081e+01
3.010574449842812328e+01,4.544468915901752837e+01
3.012575021434695799e+01,4.729402848643207591e+01
3.014575593026579270e+01,4.296811005814650741e+01
3.016576164618462386e+01,4.309391754495826632e+01
3.018576736210345857e+01,3.799896142622181827e+01
3.020577307802229328e+01,3.718291903984331270e+01
3.022577879394112799e+01,3.300182980057019222e+01
3.024578450985996270e+01,3.169783889275858968e+01
3.026579022577879385e+01,2.758560503710292977e+01
3.028579594169762856e+01,2.639289542725749982e+01
3.030580165761646327e+01,2.245525630510611137e+01
3.032580737353529798e+01,2.008050408930006014e+01
3.034581308945412914e+01,1.745294741470729960e+01
3.036581880537296385e+01,1.716774038478020969e+01
3.038582452129179856e+01,1.378318593190382479e+01
3.040583023721063327e+01,1.357685466164515731e+01
3.042583595312946798e+01,1.160986673932787561e+01
3.044584166904829914e+01,1.136104839614652739e+01
3.046584738496713385e+01,9.175918583739031575e+00
3.048585310088596856e+01,9.149873032222480163e+00
3.050585881680480327e+01,8.142219784151285111e+00
3.052586453272363798e+01,7.991150332864322969e+00
3.054587024864246914e+01,7.012550284341957152e+00
3.056587596456130385e+01,7.256706438668430792e+00
3.058588168048013856e+01,6.294003189699507672e+00
3.060588739639897327e+01,6.630396357767851967e+00
3.062589311231780798e+01,6.399558934493219553e+00
3.064589882823663913e+01,6.321186190614999312e+00
3.066590454415547384e+01,5.591189558731180398e+00
3.068591026007430855e+01,5.932107161865372902e+00
3.070591597599314326e+01,5.036471178685840044e+00
3.072592169191197442e+01,6.154480888203963218e+00
3.074592740783080913e+01,6.067064707491356401e+00
3.076593312374964384e+01,5.206945198933436103e+00
3.078593883966847855e+01,4.458421689680530875e+00
3.080594455558731326e+01,5.421327944959254630e+00
3.082595027150614442e+01,5.641818277774400592e+00
3.084595598742497913e+01,5.097620295686688507e+00
3.086596170334381384e+01,4.147852163459591956e+00
3.088596741926264855e+01,4.876480238666550449e+00
3.090597313518148326e+01,4.459491608482303526e+00
3.092597885110031442e+01,4.818321443947851890e+00
3.094598456701914913e+01,4.403981528656775168e+00
3.096599028293798384e+01,4.163004606804654451e+00
3.098599599885681855e+01,4.776075927321590697e+00
3.100600171477564970e+01,4.159835656663004144e+00
3.102600743069448441e+01,5.142930406006869681e+00
3.104601314661331912e+01,4.156156680334144760e+00
3.106601886253215383e+01,4.193213017029171041e+00
3.108602457845098854e+01,4.454577748429223050e+00
3.110603029436981970e+01,3.734045718150305060e+00
3.112603601028865441e+01,4.337475864351230115e+00
3.114604172620748912e+01,4.323891970065502299e+00
3.116604744212632383e+01,4.506961601198842260e+00
3.118605315804515854e+01,4.535173475553243350e+00
3.120605887396398970e+01,4.785580708779868075e+00
3.122606458988282441e+01,4.028154457066023042e+00
3.124607030580165912e+01,4.797479766376703481e+00
3.126607602172049383e+01,4.189844554872248494e+00
3.128608173763932498e+01,5.144686164139240958e+00
3.130608745355815969e+01,4.531865991735063659e+00
3.132609316947699440e+01,4.637321091140025331e+00
3.134609888539582911e+01,4.438471815373866036e+00
3.136610460131466382e+01,4.032060843089732671e+00
3.138611031723349498e+01,3.541205859776861864e+00
3.140611603315232969e+01,3.550364809116472120e+00
3.142612174907116440e+01,4.233694817119353360e+00
3.144612746498999911e+01,4.233072376180543550e+00
3.146613318090883382e+01,4.158679761113067030e+00
3.148613889682766498e+01,4.307519191303285311e+00
3.150614461274649969e+01,4.235244183807813201e+00
3.152615032866533440e+01,3.533976972393003457e+00
3.154615604458416911e+01,4.238033011508441028e+00
3.156616176050300382e+01,4.114708429318480576e+00
3.158616747642183498e+01,4.544673216790378945e+00
3.160617319234066969e+01,4.366501897856244874e+00
3.162617890825950440e+01,5.103887047739632088e+00
3.164618462417833911e+01,3.841753475054487943e+00
3.166619034009717026e+01,4.433647771244996427e+00
3.168619605601600497e+01,4.520545607964840507e+00
3.170620177193483968e+01,4.117756627555582583e+00
3.172620748785367439e+01,4.164038512182946405e+00
3.174621320377250910e+01,4.156457786411143829e+00
3.176621891969134026e+01,3.609129873251703202e+00
3.178622463561017497e+01,5.169081046393056766e+00
3.180623035152900968e+01,4.141474009592863048e+00
3.182623606744784439e+01,4.573168809175538918e+00
3.184624178336667910e+01,4.666505419115807740e+00
3.186624749928551026e+01,3.912659545483779588e+00
3.188625321520434497e+01,4.872781855572975829e+00
3.190625893112317968e+01,4.337613084081421988e+00
3.192626464704201439e+01,4.118215876419789367e+00
3.194627036296084555e+01,5.070540450482491579e+00
3.196627607887968026e+01,4.372029320025851540e+00
3.198628179479851497e+01,3.752664074966016727e+00
3.200628751071734968e+01,4.308315654499963010e+00
3.202629322663618439e+01,4.134877152519437438e+00
3.204629894255501199e+01,4.519871732384915575e+00
3.206630465847385381e+01,4.913544510711234992e+00
3.208631037439268141e+01,5.006831408612103296e+00
3.210631609031152323e+01,4.788478282897347782e+00
3.212632180623035083e+01,4.837401158862808970e+00
3.214632752214918554e+01,4.943946776857854886e+00
3.216633323806802025e+01,5.185423096485291872e+00
3.218633895398685496e+01,4.651839592140098567e+00
3.220634466990568967e+01,5.194840879436416259e+00
3.222635038582451728e+01,5.159608398131697804e+00
3.224635610174335909e+01,6.054510647659983036e+00
3.226636181766218670e+01,6.326504488305257468e+00
3.228636753358102851e+01,5.428312619361674862e+00
3.230637324949985612e+01,6.093563788370348178e+00
3.232637896541869083e+01,6.926686946897834929e+00
3.234638468133752554e+01,6.582304950980525149e+00
3.236639039725636025e+01,6.440231106049877141e+00
3.238639611317519496e+01,6.917868080467123093e+00
3.240640182909402967e+01,6.181483372610543370e+00
3.242640754501286438e+01,6.806299298515259721e+00
3.244641326093169198e+01,6.984646388293379360e+00
3.246641897685053380e+01,7.567592588916038920e+00
3.248642469276936140e+01,7.088294977179458556e+00
3.250643040868819611e+01,7.794620290415228858e+00
3.252643612460703082e+01,7.941457980413956008e+00
3.254644184052586553e+01,8.865153339723796933e+00
3.256644755644470024e+01,8.124968626918889214e+00
3.258645327236353495e+01,9.174260275646055618e+00
3.260645898828236966e+01,9.540794490095482416e+00
3.262646470420119726e+01,9.246398781932274602e+00
3.264647042012003908e+01,1.056810151175356971e+01
3.266647613603886668e+01,9.702243182533505816e+00
3.268648185195770850e+01,1.139956705774519996e+01
3.270648756787653610e+01,1.115440028826171925e+01
3.272649328379537081e+01,1.177767864687005073e+01
3.274649899971420552e+01,1.119338636303596957e+01
3.276650471563304023e+01,1.240434791840991835e+01
3.278651043155187494e+01,1.156887601535708399e+01
3.280651614747070255e+01,1.214012609487213723e+01
3.282652186338954436e+01,1.213865040196506584e+01
3.284652757930837197e+01,1.366651520144556642e+01
3.286653329522721378e+01,1.280292055692651942e+01
3.288653901114604139e+01,1.322797655771197611e+01
3.290654472706487610e+01,1.419247204583697197e+01
3.292655044298371081e+01,1.448033030857982695e+01
3.294655615890254552e+01,1.381507163835331653e+01
3.296656187482138023e+01,1.474190090303211065e+01
3.298656759074020783e+01,1.509504774473884403e+01
3.300657330665904965e+01,1.479379351754711713e+01
3.302657902257787725e+01,1.532700686188895389e+01
3.304658473849671907e+01,1.558152749393892655e+01
3.306659045441554667e+01,1.609962370968878531e+01
3.308659617033438138e+01,1.601131172193375818e+01
3.310660188625321609e+01,1.741713994339779603e+01
3.312660760217205080e+01,1.680360105203150667e+01
3.314661331809088551e+01,1.799805028262466067e+01
3.316661903400971312e+01,1.773895456184517982e+01
3.318662474992855493e+01,1.863727178243784621e+01
3.320663046584738254e+01,1.875614221168046925e+01
3.322663618176622435e+01,1.913333486113953441e+01
3.324664189768505196e+01,1.987877720212226151e+01
3.326664761360388667e+01,2.061240763899567341e+01
3.328665332952272138e+01,2.091413836083263789e+01
3.330665904544155609e+01,2.133287311920583562e+01
3.332666476136039080e+01,2.217726066287044162e+01
3.334667047727922551e+01,2.250485363537342920e+01
3.336667619319806022e+01,2.223021107015242848e+01
3.338668190911688782e+01,2.293459963928734879e+01
3.340668762503572964e+01,2.194165093368980024e+01
3.342669334095455724e+01,2.207861259834001899e+01
3.344669905687339195e+01,2.274101451167231147e+01
3.346670477279222666e+01,2.245770905495197667e+01
3.348671048871106137e+01,2.176170095983045982e+01
3.350671620462989608e+01,2.082564294349874245e+01
3.352672192054873079e+01,1.998352371881783185e+01
3.354672763646756550e+01,2.003990597685280406e+01
3.356673335238639311e+01,1.965810115924011114e+01
3.358673906830523492e+01,1.918307029062723501e+01
3.360674478422406253e+01,1.858716012248138938e+01
3.362675050014290434e+01,1.710044204266245771e+01
3.364675621606173195e+01,1.671893262609527753e+01
3.366676193198056666e+01,1.642550293085225022e+01
3.368676764789940137e+01,1.654497191201800277e+01
3.370677336381823608e+01,1.622642303353406135e+01
3.372677907973707079e+01,1.670159092391476463e+01
3.374678479565589839e+01,1.534839003423823378e+01
3.376679051157474021e+01,1.550178571529180616e+01
3.378679622749356781e+01,1.624070631622300809e+01
3.380680194341240963e+01,1.619563761972078098e+01
3.382680765933123723e+01,1.695606922645593784e+01
3.384681337525007194e+01,1.730293755172965575e+01
3.386681909116890665e+01,1.712601161497871871e+01
3.388682480708774136e+01,1.777690042520137936e+01
3.390683052300657607e+01,1.898393064110931050e+01
3.392683623892540368e+01,1.966949448112822196e+01
3.394684195484424549e+01,2.106519343806219524e+01
3.396684767076307310e+01,2.184894997198667355e+01
3.398685338668191491e+01,2.264966262720919943e+01
3.400685910260074252e+01,2.410493868765708925e+01
3.402686481851957723e+01,2.487467179678050755e+01
3.404687053443841194e+01,2.650166737217589485e+01
3.406687625035724665e+01,2.764840444650458195e+01
3.408688196627608136e+01,2.952905765386429948e+01
3.410688768219490896e+01,3.090937442325436990e+01
3.412689339811375078e+01,3.352101111693570346e+01
3.414689911403257838e+01,3.533399792144642504e+01
3.416690482995142020e+01,3.554828964327521135e+01
3.418691054587024780e+01,3.840356170949688419e+01
3.420691626178908251e+01,3.910286716352622705e+01
3.422692197770791722e+01,4.066363594261109426e+01
3.424692769362675193e+01,4.310836144253737245e+01
3.426693340954558664e+01,4.453853552794195991e+01
3.428693912546442135e+01,4.593817987226358923e+01
3.430694484138325606e+01,4.832645565681339406e+01
3.432695055730208367e+01,4.865439906782532375e+01
3.434695627322092548e+01,5.012054704668361182e+01
3.436696198913975309e+01,5.018241630942416265e+01
3.438696770505858780e+01,5.091769938743898649e+01
3.440697342097742251e+01,5.046508571879404315e+01
3.442697913689625722e+01,5.115103558640442571e+01
3.444698485281509193e+01,5.040317367419829253e+01
3.446699056873392664e+01,4.880574109605651500e+01
3.448699628465276135e+01,4.903733813047226420e+01
3.450700200057158895e+01,4.701265218893595232e+01
3.452700771649043077e+01,4.535819683308217520e+01
3.454701343240925837e+01,4.418993957231138126e+01
3.456701914832810019e+01,4.067401330568138462e+01
3.458702486424692779e+01,3.996123147599160319e+01
3.460703058016576250e+01,3.717444358878377386e+01
3.462703629608459721e+01,3.480061625176310969e+01
3.464704201200343192e+01,3.187311636732911779e+01
3.466704772792226663e+01,3.053101062565874457e+01
3.468705344384109424e+01,2.782547936767455354e+01
3.470705915975993605e+01,2.579666843930184683e+01
3.472706487567876366e+01,2.357154039842274784e+01
3.474707059159760547e+01,2.211810947420250884e+01
3.476707630751643308e+01,2.099114628400599969e+01
3.478708202343526779e+01,1.942173673999485572e+01
3.480708773935410250e+01,1.720215621640218373e+01
3.482709345527293721e+01,1.572281067324277615e+01
3.484709917119177192e+01,1.445907895697563283e+01
3.486710488711059952e+01,1.385828472101352027e+01
3.488711060302944134e+01,1.278720564690921080e+01
3.490711631894826894e+01,1.245138755815051468e+01
3.492712203486711076e+01,1.244789430602467917e+01
3.494712775078593836e+01,1.137241720145605051e+01
3.496713346670477307e+01,1.133940202238428441e+01
3.498713918262360778e+01,1.090112847066118107e+01
3.500714489854244249e+01,1.056910405966305788e+01
3.502715061446127720e+01,1.003332583799527811e+01
3.504715633038010481e+01,1.004709178244535650e+01
3.506716204629894662e+01,8.981704806469249291e+00
3.508716776221777423e+01,8.835609719465285394e+00
3.510717347813661604e+01,9.309272536750775373e+00
3.512717919405544365e+01,9.146076935751381143e+00
3.514718490997427836e+01,8.581853680975283893e+00
3.516719062589311307e+01,9.091585424175175234e+00
3.518719634181194778e+01,9.382789568606359154e+00
3.520720205773078249e+01,8.778069456114963032e+00
3.522720777364961720e+01,9.581602502358869344e+00
3.524721348956845191e+01,9.087392552808710278e+00
3.526721920548727951e+01,8.207337160919795593e+00
3.528722492140612133e+01,8.748457000098287750e+00
3.530723063732494893e+01,8.810894018380537318e+00
3.532723635324378364e+01,8.285442983139613915e+00
3.534724206916261835e+01,8.627947811645260145e+00
3.536724778508145306e+01,8.932100212383202731e+00
3.538725350100028777e+01,9.134048591881420265e+00
3.540725921691912248e+01,8.932293002070753829e+00
3.542726493283795719e+01,9.330137017230295982e+00
3.544727064875678479e+01,8.905619696915378469e+00
3.546727636467562661e+01,9.400731738598643972e+00
3.548728208059445421e+01,9.301235708277795666e+00
3.550728779651329603e+01,1.035414856009169959e+01
3.552729351243212363e+01,9.815375343974780620e+00
3.554729922835095834e+01,1.055638577454829630e+01
3.556730494426979305e+01,1.103633708783363332e+01
3.558731066018862776e+01,1.039018921446714572e+01
3.560731637610746247e+01,1.233922424301760756e+01
3.562732209202629008e+01,1.183089875908912347e+01
3.564732780794513189e+01,1.267398593391079942e+01
3.566733352386395950e+01,1.319792605005081398e+01
3.568733923978280131e+01,1.481405291795399393e+01
3.570734495570162892e+01,1.530234880478015214e+01
3.572735067162046363e+01,1.646384700392606248e+01
3.574735638753929834e+01,1.733483096081825181e+01
3.576736210345813305e+01,1.815876890557956713e+01
3.578736781937696776e+01,2.038344632932003719e+01
3.580737353529579536e+01,2.050237800965018309e+01
3.582737925121463718e+01,2.244888561828513573e+01
3.584738496713346478e+01,2.456691454941103459e+01
3.586739068305230660e+01,2.609695861428746610e+01
3.588739639897113420e+01,2.726952227040084864e+01
3.590740211488996891e+01,2.893920693923610088e+01
3.592740783080880362e+01,3.047336689068445281e+01
3.594741354672763833e+01,3.305709516572143514e+01
3.596741926264647304e+01,3.522803355554965066e+01
3.598742497856530065e+01,3.709962213188363478e+01
3.600743069448414246e+01,3.898783388583910181e+01
3.602743641040297007e+01,4.124602616225085683e+01
3.604744212632181188e+01,4.312069030919507640e+01
3.606744784224063949e+01,4.412732476055001030e+01
3.608745355815947420e+01,4.642273364980928818e+01
3.610745927407830891e+01,4.753145254752673310e+01
3.612746498999714362e+01,4.963569692386202803e+01
3.614747070591597833e+01,5.076482336547796592e+01
3.616747642183481304e+01,5.135769915824135978e+01
3.618748213775364775e+01,5.245107276932257889e+01
3.620748785367247535e+01,5.272216261853345998e+01
3.622749356959131717e+01,5.250166962384727753e+01
3.624749928551014477e+01,5.204886613548892171e+01
3.626750500142897948e+01,5.145729255403512070e+01
3.628751071734781419e+01,4.993756861513892886e+01
3.630751643326664890e+01,4.962282297165233302e+01
3.632752214918548361e+01,4.885945296194842769e+01
3.634752786510431832e+01,4.626281022571215829e+01
3.636753358102315303e+01,4.551034858247948733e+01
3.638753929694198064e+01,4.394096233388455630e+01
3.640754501286082245e+01,4.193068860497185568e+01
3.642755072877965006e+01,4.104536405423595369e+01
3.644755644469849187e+01,3.946253170104693453e+01
3.646756216061731948e+01,3.797644707721432411e+01
3.648756787653615419e+01,3.655849083609684413e+01
3.650757359245498890e+01,3.597232217714987002e+01
3.652757930837382361e+01,3.338741228042649567e+01
3.654758502429265832e+01,3.294433432921611882e+01
3.656759074021148592e+01,3.127287911121673503e+01
3.658759645613032774e+01,2.994308823953455700e+01
3.660760217204915534e+01,2.903748654720472544e+01
3.662760788796799716e+01,2.762893941372298201e+01
3.664761360388682476e+01,2.645018690002135031e+01
3.666761931980565947e+01,2.468261290858811208e+01
3.668762503572449418e+01,2.428779462637824338e+01
3.670763075164332889e+01,2.277094376863287195e+01
3.672763646756216360e+01,2.123502373353340289e+01
3.674764218348099121e+01,2.036641256416895018e+01
3.676764789939983302e+01,1.892944516717525971e+01
3.678765361531866063e+01,1.819425849960861896e+01
3.680765933123750244e+01,1.812452091505439711e+01
3.682766504715633005e+01,1.707367379689723919e+01
3.684767076307516476e+01,1.569217071817827147e+01
3.686767647899399947e+01,1.573216793551345738e+01
3.688768219491283418e+01,1.502911537539757525e+01
3.690768791083166889e+01,1.440955896232125610e+01
3.692769362675049649e+01,1.393475115437823852e+01
3.694769934266933831e+01,1.368808409659206760e+01
3.696770505858816591e+01,1.352533027708599356e+01
3.698771077450700773e+01,1.388369957354196060e+01
3.700771649042583533e+01,1.465150236116933158e+01
3.702772220634467004e+01,1.534822845731073748e+01
3.704772792226350475e+01,1.585600802114417007e+01
3.706773363818233946e+01,1.563992632423856222e+01
3.708773935410117417e+01,1.651225916776389724e+01
3.710774507002000888e+01,1.694503995435742638e+01
3.712775078593884359e+01,1.677166180438448606e+01
3.714775650185767120e+01,1.747044394640520792e+01
3.716776221777651301e+01,1.774397130303790249e+01
3.718776793369534062e+01,1.916256715747474715e+01
3.720777364961417533e+01,1.995209270792379996e+01
3.722777936553301004e+01,1.999351833687716251e+01
3.724778508145184475e+01,2.048623018011996422e+01
3.726779079737067946e+01,2.156986030428634393e+01
3.728779651328951417e+01,2.173036204620122191e+01
3.730780222920834888e+01,2.198870134904783669e+01
3.732780794512717648e+01,2.115630550243333374e+01
3.734781366104601830e+01,2.158099263007898472e+01
3.736781937696484590e+01,2.103343565127479664e+01
3.738782509288368772e+01,2.124299589063103255e+01
3.740783080880251532e+01,2.098776141602761314e+01
3.742783652472135003e+01,2.046047062983261000e+01
3.744784224064018474e+01,2.007838449066600006e+01
3.746784795655901945e+01,1.978062526481330252e+01
3.748785367247785416e+01,1.865922300008209334e+01
3.750785938839668177e+01,1.756686037891756769e+01
3.752786510431552358e+01,1.680986479737099870e+01
3.754787082023435119e+01,1.657557581764161370e+01
3.756787653615319300e+01,1.590599708300285542e+01
3.758788225207202061e+01,1.487324966974907348e+01
3.760788796799085532e+01,1.390970789090998494e+01
3.762789368390969003e+01,1.287247541134556172e+01
3.764789939982852474e+01,1.244030006480599582e+01
3.766790511574735945e+01,1.191635152503357808e+01
3.768791083166618705e+01,1.106530718369351263e+01
3.770791654758502887e+01,1.042435535885446996e+01
3.772792226350385647e+01,1.036575370129017415e+01
3.774792797942269829e+01,9.287917512478838233e+00
3.776793369534152589e+01,9.427622988667240023e+00
3.778793941126036060e+01,9.449399231365180896e+00
3.780794512717919531e+01,9.574775270395461391e+00
3.782795084309803002e+01,9.397102639032485882e+00
3.784795655901686473e+01,8.065700144728999987e+00
3.786796227493569234e+01,9.406308340850372929e+00
3.788796799085453415e+01,9.271362861504202968e+00
3.790797370677336176e+01,8.737221936167987479e+00
3.792797942269220357e+01,8.338238948734034039e+00
3.794798513861103118e+01,9.165392218929159895e+00
3.796799085452986589e+01,9.117718188393578060e+00
3.798799657044870060e+01,9.872682614208896368e+00
3.800800228636753531e+01,9.173973037105653816e+00
3.802800800228637002e+01,1.006331090216263036e+01
3.804801371820520473e+01,1.084022322479876443e+01
3.806801943412403944e+01,1.076689804157881802e+01
3.808802515004286704e+01,1.090028375143750949e+01
3.810803086596170886e+01,1.134037674067525892e+01
3.812803658188053646e+01,1.118647251565304579e+01
3.814804229779937117e+01,1.131415338379808588e+01
3.816804801371820588e+01,1.145048935072334118e+01
3.818805372963704059e+01,1.237819944838349606e+01
3.820805944555587530e+01,1.221195599793601261e+01
3.822806516147471001e+01,1.202055696672947249e+01
3.824807087739354472e+01,1.153302647407118720e+01
3.826807659331237232e+01,1.166515565630314377e+01
3.828808230923121414e+01,1.129710418066181710e+01
3.830808802515004174e+01,1.200921764645008594e+01
3.832809374106888356e+01,1.145999299670941340e+01
3.834809945698771116e+01,1.107290127909636190e+01
3.836810517290654587e+01,1.001529478209153901e+01
3.838811088882538058e+01,1.045378042795836038e+01
3.840811660474421529e+01,9.994593269662571444e+00
3.842812232066305000e+01,8.774091274780957406e+00
3.844812803658187761e+01,9.224325969030431338e+00
3.846813375250071942e+01,8.657948378372466891e+00
3.848813946841954703e+01,7.497756810449608622e+00
3.850814518433838884e+01,7.401746746965024215e+00
3.852815090025721645e+01,7.021647324263218692e+00
3.854815661617605116e+01,7.487263905798008601e+00
3.856816233209488587e+01,6.871206810600247294e+00
3.858816804801372058e+01,6.542100730184849056e+00
3.860817376393255529e+01,5.983990047366955167e+00
3.862817947985138289e+01,6.282556276465814271e+00
3.864818519577022471e+01,5.652408107452691510e+00
3.866819091168905231e+01,4.807846762486545522e+00
3.868819662760789413e+01,5.115504650189833136e+00
3.870820234352672173e+01,5.275261859229450678e+00
3.872820805944555644e+01,4.644196928971732419e+00
3.874821377536439115e+01,5.095680767050039250e+00
3.876821949128322586e+01,5.503554309358181129e+00
3.878822520720206057e+01,5.237270879349651409e+00
3.880823092312088818e+01,4.616156701079220603e+00
3.882823663903972999e+01,4.531333769576376014e+00
3.884824235495855760e+01,4.598035979874069312e+00
3.886824807087739941e+01,5.250355738588177168e+00
3.888825378679622702e+01,5.989062192193030043e+00
3.890825950271506173e+01,5.049508376831521872e+00
3.892826521863389644e+01,5.656332986193756796e+00
3.894827093455273115e+01,6.060151906063861560e+00
3.896827665047156586e+01,6.236140720499422585e+00
3.898828236639040057e+01,5.467778932962128025e+00
3.900828808230923528e+01,5.835592807949985250e+00
3.902829379822806288e+01,5.285820005270764455e+00
3.904829951414690470e+01,5.983399839839474765e+00
3.906830523006573230e+01,6.880401163815768939e+00
3.908831094598456701e+01,5.893652191736160617e+00
3.910831666190340172e+01,6.581071262158193491e+00
3.912832237782223643e+01,6.803395514086448159e+00
3.914832809374107114e+01,6.405599311296925613e+00
3.916833380965990585e+01,7.503208232447179604e+00
3.918833952557874056e+01,8.052688858520641091e+00
3.920834524149756817e+01,7.917889966936716206e+00
3.922835095741640998e+01,8.480671238719464711e+00
3.924835667333523759e+01,8.431678570393991379e+00
3.926836238925407940e+01,8.508573735915621938e+00
3.928836810517290701e+01,8.793321113752583074e+00
3.930837382109174172e+01,9.727369953809111180e+00
3.932837953701057643e+01,9.206774339368635651e+00
3.934838525292941114e+01,1.027737841589943812e+01
3.936839096884824585e+01,1.058583517000949392e+01
3.938839668476707345e+01,1.120244634519821858e+01
3.940840240068591527e+01,1.086857791489874714e+01
3.942840811660474287e+01,1.083555977410564353e+01
3.944841383252358469e+01,1.084408023514560249e+01
3.946841954844241229e+01,1.135649088207680180e+01
3.948842526436124700e+01,1.085031523963848166e+01
3.950843098028008171e+01,1.120999682885862647e+01
3.952843669619891642e+01,1.032479238478823369e+01
3.954844241211775113e+01,1.045528141548743584e+01
3.956844812803657874e+01,1.052882196106087598e+01
3.958845384395542055e+01,9.989478693661276054e+00
3.960845955987424816e+01,9.138814339033496381e+00
3.962846527579308997e+01,9.097358064479927009e+00
3.964847099171191758e+01,9.521664038795188745e+00
3.966847670763075229e+01,9.678197796186815083e+00
3.968848242354958700e+01,8.865836668985890512e+00
3.970848813946842171e+01,8.421901738399249382e+00
3.972849385538725642e+01,8.083113092506584607e+00
3.974849957130608402e+01,8.282213508131382795e+00
3.976850528722492584e+01,7.991093867834351272e+00
3.978851100314375344e+01,8.227671277933566785e+00
3.980851671906259526e+01,7.914802729580081575e+00
3.982852243498142286e+01,8.591080583192624687e+00
3.984852815090025757e+01,8.513370419008335688e+00
3.986853386681909228e+01,9.433017402064654888e+00
3.988853958273792699e+01,9.465831308189303073e+00
3.990854529865676170e+01,9.363246992409916203e+00
3.992855101457559641e+01,8.424893799039651299e+00
3.994855673049443112e+01,8.167145035612849213e+00
3.996856244641325873e+01,9.305342382572852955e+00
3.998856816233210054e+01,8.511953169107504991e+00
4.000857387825092815e+01,8.894864435537034097e+00
4.002857959416976286e+01,8.617352136015671960e+00
4.004858531008859757e+01,8.403361446135034996e+00
4.006859102600743228e+01,8.223566347296362267e+00
4.008859674192626699e+01,7.892380154877411513e+00
4.010860245784510170e+01,7.830908643044570461e+00
4.012860817376393641e+01,7.250135180038333793e+00
4.014861388968276401e+01,7.897284105814801336e+00
4.016861960560160583e+01,7.008459069922995610e+00
4.018862532152043343e+01,6.826818897949869402e+00
4.020863103743927525e+01,6.294760643898307251e+00
4.022863675335810285e+01,6.783378335204841569e+00
4.024864246927693756e+01,6.089435927069413168e+00
4.026864818519577227e+01,5.776591187464690691e+00
4.028865390111460698e+01,5.815849274552541637e+00
4.030865961703344169e+01,5.837561329470378979e+00
4.032866533295226930e+01,5.368447542651955118e+00
4.034867104887111111e+01,5.780956501130489755e+00
4.036867676478993872e+01,6.196667319739805890e+00
4.038868248070878053e+01,5.827780912260585922e+00
4.040868819662760814e+01,5.323406972171178531e+00
4.042869391254644285e+01,6.007037311942101887e+00
4.044869962846527756e+01,5.725700459913913853e+00
4.046870534438411227e+01,5.940436739974437330e+00
4.048871106030294698e+01,6.365133630072070225e+00
4.050871677622177458e+01,6.438165549484438976e+00
4.052872249214061640e+01,6.895036091837988046e+00
4.054872820805944400e+01,6.361825754879573580e+00
4.056873392397828582e+01,6.182308219247538261e+00
4.058873963989711342e+01,7.293914444348219561e+00
4.060874535581594813e+01,7.725133161492635736e+00
4.062875107173478284e+01,7.798160912405311507e+00
4.064875678765361755e+01,8.075998527281136319e+00
4.066876250357245226e+01,8.442865755398113237e+00
4.068876821949127986e+01,9.431672745667391666e+00
4.070877393541012168e+01,8.958258457573652578e+00
4.072877965132894929e+01,8.770411940969765396e+00
4.074878536724779110e+01,1.040121066450227616e+01
4.076879108316661871e+01,1.031811240585113509e+01
4.078879679908545342e+01,9.868672336001008460e+00
4.080880251500428813e+01,1.130306875361957886e+01
4.082880823092312284e+01,1.143079495024361059e+01
4.084881394684195755e+01,1.119308062891682454e+01
4.086881966276079226e+01,1.210148041044844192e+01
4.088882537867962697e+01,1.199206805156815392e+01
4.090883109459845457e+01,1.277406742832675768e+01
4.092883681051729639e+01,1.296862977595264077e+01
4.094884252643612399e+01,1.337209645950968628e+01
4.096884824235495870e+01,1.413357794787284583e+01
4.098885395827379341e+01,1.358024694472672245e+01
4.100885967419262812e+01,1.322759981754822611e+01
4.102886539011146283e+01,1.422619197033083793e+01
4.104887110603029754e+01,1.432464919322157826e+01
4.106887682194913225e+01,1.478824659118304830e+01
4.108888253786795985e+01,1.464870654810781758e+01
4.110888825378680167e+01,1.397298688974681902e+01
4.112889396970562927e+01,1.511599145277189571e+01
4.114889968562447109e+01,1.520018385580653941e+01
4.116890540154329869e+01,1.455927549994731685e+01
4.118891111746213340e+01,1.401416613874966899e+01
4.120891683338096811e+01,1.478638275263924484e+01
4.122892254929980282e+01,1.397673448999331036e+01
4.124892826521863753e+01,1.436820978733793552e+01
4.126893398113746514e+01,1.467466285281151883e+01
4.128893969705630695e+01,1.394130466325067275e+01
4.130894541297513456e+01,1.353964681415752480e+01
4.132895112889397637e+01,1.332681886948824967e+01
4.134895684481280398e+01,1.366698624896245384e+01
4.136896256073163869e+01,1.293750841238412441e+01
4.138896827665047340e+01,1.230628169796672822e+01
4.140897399256930811e+01,1.150451733377376229e+01
4.142897970848814282e+01,1.134315762728102683e+01
4.144898542440697042e+01,1.062591129454391670e+01
4.146899114032581224e+01,9.968396450578827839e+00
4.148899685624463984e+01,1.034430948159873864e+01
4.150900257216348166e+01,9.067172565105307669e+00
4.152900828808230926e+01,9.273087743391606352e+00
4.154901400400114397e+01,8.569810598445682714e+00
4.156901971991997868e+01,7.838033530536446136e+00
4.158902543583881339e+01,7.025349904460231443e+00
4.160903115175764810e+01,7.643159086123920254e+00
4.162903686767647571e+01,7.219352677054320822e+00
4.164904258359531752e+01,6.560314928052266126e+00
4.166904829951414513e+01,5.921867679373728599e+00
4.168905401543298694e+01,6.342508319707897968e+00
4.170905973135181455e+01,6.447204978949693910e+00
4.172906544727064926e+01,5.592719290999886184e+00
4.174907116318948397e+01,4.717805287860423746e+00
4.176907687910831868e+01,5.587575780211819776e+00
4.178908259502715339e+01,5.127582041851703742e+00
4.180908831094598810e+01,4.420930812355786443e+00
4.182909402686482281e+01,4.721149167686911952e+00
4.184909974278365041e+01,4.396093028793329971e+00
4.186910545870249223e+01,5.033183771444678989e+00
4.188911117462131983e+01,4.450161449778326173e+00
4.190911689054015454e+01,4.112206742653331304e+00
4.192912260645898925e+01,4.097082558779785444e+00
4.194912832237782396e+01,4.429417464680482475e+00
4.196913403829665867e+01,3.724920267196090151e+00
4.198913975421549338e+01,3.534818135021598806e+00
4.200914547013432809e+01,3.938266338304854841e+00
4.202915118605316280e+01,4.578023964743815455e+00
4.204915690197199041e+01,4.048711472190497318e+00
4.206916261789082512e+01,3.880654679466763568e+00
4.208916833380965983e+01,3.802819357875386608e+00
4.210917404972849454e+01,3.910072262936796772e+00
4.212917976564732925e+01,3.452916704881529242e+00
4.214918548156616396e+01,4.027240397218170287e+00
4.216919119748499867e+01,4.080529979316331435e+00
4.218919691340383338e+01,3.885699703051934684e+00
4.220920262932266809e+01,4.150625181396246255e+00
4.222920834524150280e+01,4.050982570736638699e+00
4.224921406116033040e+01,4.392343934526900640e+00
4.226921977707916511e+01,4.702997916314597404e+00
4.228922549299799982e+01,4.616447715805521490e+00
4.230923120891683453e+01,4.209558711607015447e+00
4.232923692483566924e+01,3.987636501390582566e+00
4.234924264075450395e+01,4.480517659466275227e+00
4.236924835667333866e+01,3.413862497822819364e+00
4.238925407259217337e+01,3.546663905864383626e+00
4.240925978851100808e+01,3.490268784441703964e+00
4.242926550442983569e+01,3.871752180638083018e+00
4.244927122034867040e+01,3.692528171529682268e+00
4.246927693626750511e+01,4.168330920365868053e+00
4.248928265218633982e+01,3.629705423154482524e+00
4.250928836810517453e+01,4.192034590395087967e+00
4.252929408402400924e+01,4.174200005451851325e+00
4.254929979994284395e+01,4.128289592725262303e+00
4.256930551586167866e+01,3.878073758853859410e+00
4.258931123178051337e+01,4.749571798692908686e+00
4.260931694769934097e+01,4.001463847039458344e+00
4.262932266361817568e+01,4.946858730892518707e+00
4.264932837953701039e+01,3.783503923944773195e+00
4.266933409545584510e+01,4.635490239946376434e+00
4.268933981137467981e+01,4.648883449938287171e+00
4.270934552729351452e+01,4.279672924463982397e+00
4.272935124321234923e+01,4.791250079970426512e+00
4.274935695913118394e+01,4.522913077387703318e+00
4.276936267505001865e+01,4.121328444299610538e+00
4.278936839096885336e+01,4.467449442738408827e+00
4.280937410688768097e+01,4.564495407831847373e+00
4.282937982280651568e+01,3.748209244643353699e+00
4.284938553872535039e+01,4.407274767932168658e+00
4.286939125464418510e+01,4.701727622323726763e+00
4.288939697056301981e+01,4.767453483474520581e+00
4.290940268648185452e+01,4.994578331116264813e+00
4.292940840240068923e+01,4.028577794390772127e+00
4.294941411831952394e+01,4.186855988863985800e+00
4.296941983423835865e+01,4.917414687749900537e+00
4.298942555015718625e+01,4.036136764610852801e+00
4.300943126607602096e+01,4.462833542666806430e+00
4.302943698199485567e+01,3.799940181572613263e+00
4.304944269791369038e+01,4.149709821215138206e+00
4.306944841383252509e+01,4.581795684914715672e+00
4.308945412975135980e+01,4.471235906072551280e+00
4.310945984567019451e+01,4.239159867289318484e+00
4.312946556158902922e+01,4.835965053374033040e+00
4.314947127750786393e+01,4.164215255850891140e+00
4.316947699342669864e+01,4.834678853596016346e+00
4.318948270934552625e+01,4.547836058519204805e+00
4.320948842526436096e+01,4.986430941881846657e+00
4.322949414118319567e+01,4.066439538966344358e+00
4.324949985710203038e+01,4.553678037418137592e+00
4.326950557302086509e+01,4.093755365314385664e+00
4.328951128893969980e+01,5.356006506641655562e+00
4.330951700485853451e+01,5.648381081375531743e+00
4.332952272077736922e+01,5.333751991147625660e+00
4.334952843669620393e+01,4.846269017033879578e+00
4.336953415261503153e+01,5.714039360335306128e+00
4.338953986853386624e+01,4.773128940369645079e+00
4.340954558445270095e+01,5.458147447317420742e+00
4.342955130037153566e+01,5.659345381608886782e+00
4.344955701629037037e+01,6.502656406073562323e+00
4.346956273220920508e+01,6.544449689400500425e+00
4.348956844812803979e+01,6.545249401766346509e+00
4.350957416404687450e+01,6.357720831356740376e+00
4.352957987996570921e+01,6.346309148809803347e+00
4.354958559588453681e+01,6.726301467998255568e+00
4.356959131180337153e+01,7.103111258959049046e+00
4.358959702772220624e+01,6.952447267048403212e+00
4.360960274364104095e+01,7.737820464090436445e+00
4.362960845955987566e+01,7.721637821386409861e+00
4.364961417547871037e+01,9.078437362744491423e+00
4.366961989139754508e+01,8.939802234110491241e+00
4.368962560731637979e+01,9.242968524439948652e+00
4.370963132323521450e+01,9.361861769586084847e+00
4.372963703915404921e+01,1.046126500005271254e+01
4.374964275507287681e+01,1.088662030399810554e+01
4.376964847099171152e+01,1.158113041639808216e+01
4.378965418691054623e+01,1.203837048524991715e+01
4.380965990282938094e+01,1.296513802606949994e+01
4.382966561874821565e+01,1.370585579777735319e+01
4.384967133466705036e+01,1.362326288720113254e+01
4.386967705058588507e+01,1.489576411478882534e+01
4.388968276650471978e+01,1.496475771361120977e+01
4.390968848242355449e+01,1.595403613503840035e+01
4.392969419834238209e+01,1.579094588151530587e+01
4.394969991426121680e+01,1.670218343581343134e+01
4.396970563018005151e+01,1.677357966934383171e+01
4.398971134609888622e+01,1.711477119913532619e+01
4.400971706201772093e+01,1.732271710714288204e+01
4.402972277793655564e+01,1.788651081364103135e+01
4.404972849385539035e+01,1.817514823710470395e+01
4.406973420977422506e+01,1.832640259473214073e+01
4.408973992569305977e+01,1.805186567264717112e+01
4.410974564161189448e+01,1.797623066051116325e+01
4.412975135753072209e+01,1.744856627484058365e+01
4.414975707344955680e+01,1.715159384268905285e+01
4.416976278936839151e+01,1.711120348358351606e+01
4.418976850528722622e+01,1.607004472062379463e+01
4.420977422120606093e+01,1.621513369721497355e+01
4.422977993712489564e+01,1.586841300105841945e+01
4.424978565304373035e+01,1.453514111217906901e+01
4.426979136896256506e+01,1.407721650481633091e+01
4.428979708488139977e+01,1.426218085814817371e+01
4.430980280080022737e+01,1.227661192693726733e+01
4.432980851671906208e+01,1.293885729468449597e+01
4.434981423263789679e+01,1.236481619178720948e+01
4.436981994855673150e+01,1.089286627318145761e+01
4.438982566447556621e+01,1.117380964324447845e+01
4.440983138039440092e+01,1.116405399008711541e+01
4.442983709631323563e+01,1.044427368791859578e+01
4.444984281223207034e+01,9.440404285762745928e+00
4.446984852815090505e+01,8.979655804492015392e+00
4.448985424406973266e+01,8.410821402627501442e+00
4.450985995998856737e+01,9.012549993440924112e+00
4.452986567590740208e+01,8.219432242221733631e+00
4.454987139182623679e+01,8.217602038311252244e+00
4.456987710774507150e+01,8.127979488000271147e+00
4.458988282366390621e+01,7.898317643871933136e+00
4.460988853958274092e+01,8.343799979149840951e+00
4.462989425550157563e+01,8.378030919197005488e+00
4.464989997142041034e+01,8.127510823806737505e+00
4.466990568733924505e+01,8.819383039943696545e+00
4.468991140325807265e+01,8.852090831667860371e+00
4.470991711917690736e+01,9.055504590047966929e+00
4.472992283509574207e+01,9.621193304108615507e+00
4.474992855101457678e+01,9.238770396647389305e+00
4.476993426693341149e+01,9.679733829261261135e+00
4.478993998285224620e+01,1.033494059440772794e+01
4.480994569877108091e+01,1.008417282138514182e+01
4.482995141468991562e+01,9.892686531559810703e+00
4.484995713060875033e+01,1.090802974197078257e+01
4.486996284652757794e+01,1.104161666070572778e+01
4.488996856244641265e+01,1.171252272949378614e+01
4.490997427836524736e+01,1.120262176928822129e+01
4.492997999428408207e+01,1.129710093590604814e+01
4.494998571020291678e+01,1.176365509145577803e+01
4.496999142612175149e+01,1.296053734251161771e+01
4.498999714204058620e+01,1.215658047539920084e+01
4.501000285795942091e+01,1.323755073014918970e+01
4.503000857387825562e+01,1.341294142234998077e+01
4.505001428979709033e+01,1.345544745501288375e+01
4.507002000571591793e+01,1.377475193010495857e+01
4.509002572163475264e+01,1.334067340422422454e+01
4.511003143755358735e+01,1.354006875959638556e+01
4.513003715347242206e+01,1.297882818089741619e+01
4.515004286939125677e+01,1.283349934372412449e+01
4.517004858531009148e+01,1.248036344532562048e+01
4.519005430122892619e+01,1.243807080194023484e+01
4.521006001714776090e+01,1.196969945819333958e+01
4.523006573306659561e+01,1.112065451691483275e+01
4.525007144898542322e+01,1.024997712295038532e+01
4.527007716490425793e+01,9.816086543082407800e+00
4.529008288082309264e+01,9.959856775125853545e+00
4.531008859674192735e+01,8.964090564192375155e+00
4.533009431266076206e+01,8.568937032856783986e+00
4.535010002857959677e+01,8.352833904817225985e+00
4.537010574449843148e+01,7.694872297902266567e+00
4.539011146041726619e+01,6.800159528898443995e+00
4.541011717633610090e+01,7.392126395233109548e+00
4.543012289225492850e+01,6.198206138651629615e+00
4.545012860817376321e+01,5.943475645861184375e+00
4.547013432409259792e+01,5.501648611914074394e+00
4.549014004001143263e+01,5.716179973947459025e+00
4.551014575593026734e+01,4.786809807836767128e+00
4.553015147184910205e+01,4.546281289324308084e+00
4.555015718776793676e+01,4.178662510950033493e+00
4.557016290368677147e+01,4.811475347277242243e+00
4.559016861960560618e+01,4.534439874642419710e+00
4.561017433552444089e+01,5.097050596282785229e+00
4.563018005144326850e+01,3.826814529418664623e+00
4.565018576736210321e+01,4.340544131972060349e+00
4.567019148328093792e+01,3.890886942430003437e+00
4.569019719919977263e+01,4.890467900762480724e+00
4.571020291511860734e+01,4.531175510898107994e+00
4.573020863103744205e+01,4.227309350611188066e+00
4.575021434695627676e+01,4.076251865003564845e+00
4.577022006287511147e+01,4.302671689531660348e+00
4.579022577879394618e+01,3.964821781840534243e+00
4.581023149471277378e+01,4.276944638625763240e+00
4.583023721063160849e+01,4.619031199245411834e+00
4.585024292655044320e+01,4.214089041111974687e+00
4.587024864246927791e+01,3.916358703709128086e+00
4.589025435838811262e+01,3.564824569051906256e+00
4.591026007430694733e+01,3.719758773455630330e+00
4.593026579022578204e+01,3.777832416136396532e+00
4.595027150614461675e+01,4.223550057674779978e+00
4.597027722206345146e+01,3.458879226478867253e+00
4.599028293798228617e+01,4.246157824363493205e+00
4.601028865390111378e+01,4.527608912459787582e+00
4.603029436981994849e+01,4.403794262839022089e+00
4.605030008573878320e+01,4.623401896560801028e+00
4.607030580165761791e+01,4.024879274746467672e+00
4.609031151757645262e+01,4.590054485759710090e+00
4.611031723349528733e+01,4.220616183133606647e+00
4.613032294941412204e+01,3.917252516305090637e+00
4.615032866533295675e+01,4.044981356642202819e+00
4.617033438125179146e+01,4.752665913009069598e+00
4.619034009717061906e+01,5.284100570064490299e+00
4.621034581308945377e+01,5.016947631392077334e+00
4.623035152900828848e+01,4.509879690081963766e+00
4.625035724492712319e+01,5.528104878079661333e+00
4.627036296084595790e+01,4.369182776072178420e+00
4.629036867676479261e+01,4.976034658636700136e+00
4.631037439268362732e+01,4.654717629599989692e+00
4.633038010860246203e+01,4.671571236925824877e+00
4.635038582452129674e+01,5.477994538438056615e+00
4.637039154044012434e+01,5.090540124806080868e+00
4.639039725635895905e+01,4.607786250346364909e+00
4.641040297227779376e+01,5.208242056660221664e+00
4.643040868819662847e+01,5.709672419978917723e+00
4.645041440411546319e+01,4.786251524713696526e+00
4.647042012003429790e+01,4.291543956130009718e+00
4.649042583595313261e+01,5.645124696315720669e+00
4.651043155187196732e+01,4.862235203828538133e+00
4.653043726779080203e+01,4.455542067940837292e+00
4.655044298370963674e+01,5.192882827888162467e+00
4.657044869962846434e+01,4.638810486157590063e+00
4.659045441554729905e+01,5.146365653568052423e+00
4.661046013146613376e+01,5.570428530550632473e+00
4.663046584738496847e+01,5.199164284460318086e+00
4.665047156330380318e+01,5.309450460703512675e+00
4.667047727922263789e+01,4.300945612274508889e+00
4.669048299514147260e+01,5.149225978750608057e+00
4.671048871106030731e+01,4.892687629829598706e+00
4.673049442697914202e+01,4.644687373023050014e+00
4.675050014289796962e+01,4.436078891585190753e+00
4.677050585881680433e+01,5.202506452016143257e+00
4.679051157473563904e+01,4.775542410242081814e+00
4.681051729065447375e+01,4.739831739731704019e+00
4.683052300657330846e+01,4.858799724255953301e+00
4.685052872249214317e+01,4.458369767833486819e+00
4.687053443841097788e+01,4.365692745025396171e+00
4.689054015432981259e+01,4.861686699938029044e+00
4.691054587024864730e+01,4.377478738372890810e+00
4.693055158616748201e+01,4.727863340753666321e+00
4.695055730208630962e+01,4.574717918314066267e+00
4.697056301800514433e+01,4.726694655742091022e+00
4.699056873392397904e+01,4.914501470324243115e+00
4.701057444984281375e+01,4.378957100101118272e+00
4.703058016576164846e+01,5.164667394587346472e+00
4.705058588168048317e+01,5.256896520716170862e+00
4.707059159759931788e+01,4.489108877036967371e+00
4.709059731351815259e+01,4.586477749789381164e+00
4.711060302943698730e+01,5.391585806048112772e+00
4.713060874535581490e+01,5.901439107350180180e+00
4.715061446127464961e+01,5.577806658585735988e+00
4.717062017719348432e+01,5.584431500277844407e+00
4.719062589311231903e+01,5.801573704791087138e+00
4.721063160903115374e+01,6.609432977975373547e+00
4.723063732494998845e+01,5.966124391139754124e+00
4.725064304086882316e+01,5.695123646191376565e+00
4.727064875678765787e+01,5.672852785593414104e+00
4.729065447270649258e+01,5.354763261473300950e+00
4.731066018862532019e+01,6.258153315112342518e+00
4.733066590454415490e+01,6.052512884197565945e+00
4.735067162046298961e+01,6.744059113414904161e+00
4.737067733638182432e+01,5.594368400235932626e+00
4.739068305230065903e+01,6.203908481775798123e+00
4.741068876821949374e+01,6.351822538562498011e+00
4.743069448413832845e+01,5.699964679379997179e+00
4.745070020005716316e+01,5.912148867315222489e+00
4.747070591597599787e+01,5.346545572948356195e+00
4.749071163189483258e+01,5.028049392990257438e+00
4.751071734781366018e+01,5.529701015819507681e+00
4.753072306373249489e+01,6.302901958751435885e+00
4.755072877965132960e+01,5.686074458132608811e+00
4.757073449557016431e+01,4.751723662807798121e+00
4.759074021148899902e+01,6.022860423323906254e+00
4.761074592740783373e+01,5.128936610212062597e+00
4.763075164332666844e+01,5.394961330638668784e+00
4.765075735924550315e+01,4.716099501751423340e+00
4.767076307516433786e+01,5.537907619087892641e+00
4.769076879108316547e+01,5.550795974338031513e+00
4.771077450700200018e+01,5.835773207253248884e+00
4.773078022292083489e+01,5.418744090863419238e+00
4.775078593883966960e+01,5.451130532589819389e+00
4.777079165475850431e+01,5.296019446279454534e+00
4.779079737067733902e+01,5.359458699044215457e+00
4.781080308659617373e+01,5.459684974427404747e+00
4.783080880251500844e+01,5.163935489529416500e+00
4.785081451843384315e+01,6.007214377837367891e+00
4.787082023435267075e+01,5.545549127309757687e+00
4.789082595027150546e+01,5.114897900974220590e+00
4.791083166619034017e+01,5.348632016861435190e+00
4.793083738210917488e+01,6.394698810929916988e+00
4.795084309802800959e+01,6.064464331096317551e+00
4.797084881394684430e+01,6.410140933248865025e+00
4.799085452986567901e+01,6.518295064893184332e+00
4.801086024578451372e+01,6.589301740358683546e+00
4.803086596170334843e+01,6.636117320314228962e+00
4.805087167762218314e+01,6.342091543117188479e+00
4.807087739354101075e+01,7.474665830292023472e+00
4.809088310945984546e+01,6.263334044189516447e+00
4.811088882537868017e+01,7.596227438112686414e+00
4.813089454129751488e+01,7.476147377111127312e+00
4.815090025721634959e+01,7.397296124201863776e+00
4.817090597313518430e+01,7.327527107798663231e+00
4.819091168905401901e+01,7.905524257309663128e+00
4.821091740497285372e+01,8.166970084568491828e+00
4.823092312089168843e+01,8.644592147551373174e+00
4.825092883681051603e+01,8.889896897078607196e+00
4.827093455272935074e+01,9.844910897915527315e+00
4.829094026864818545e+01,9.944720250735276323e+00
4.831094598456702016e+01,1.026772911092866636e+01
4.833095170048585487e+01,1.027591781832671991e+01
4.835095741640468958e+01,1.037741928562123661e+01
4.837096313232352429e+01,1.068716932956643362e+01
4.839096884824235900e+01,1.059707326725885146e+01
4.841097456416119371e+01,1.119771709454278508e+01
4.843098028008002842e+01,1.111067327606832045e+01
4.845098599599885603e+01,1.156590291492664235e+01
4.847099171191769074e+01,1.178416700679949258e+01
4.849099742783652545e+01,1.220529187073249844e+01
4.851100314375536016e+01,1.165076900195673382e+01
4.853100885967419487e+01,1.104161968791122916e+01
4.855101457559302958e+01,1.131708529075614855e+01
4.857102029151186429e+01,1.137085750514015992e+01
4.859102600743069900e+01,1.084077812578127009e+01
4.861103172334953371e+01,1.082750998260276276e+01
4.863103743926836131e+01,1.077371378524098766e+01
4.865104315518719602e+01,9.959135088966545979e+00
4.867104887110603073e+01,9.275289242577098747e+00
4.869105458702486544e+01,9.059358620819281782e+00
4.871106030294370015e+01,8.523339256257729701e+00
4.873106601886253486e+01,9.156100394654965058e+00
4.875107173478136957e+01,9.009963374680779680e+00
4.877107745070020428e+01,7.952536207427847614e+00
4.879108316661903899e+01,8.126689669232089130e+00
4.881108888253786660e+01,8.027365760401904637e+00
4.883109459845670131e+01,8.291221502210216698e+00
4.885110031437553602e+01,7.743741456160556424e+00
4.887110603029437073e+01,7.139866648181062203e+00
4.889111174621320544e+01,8.107294572154620127e+00
4.891111746213204015e+01,7.175015990555014156e+00
4.893112317805087486e+01,8.394620648139259345e+00
4.895112889396970957e+01,8.238562477720350330e+00
4.897113460988854428e+01,8.142677523582127819e+00
4.899114032580737899e+01,8.654533964823333037e+00
4.901114604172620659e+01,8.824451532709558066e+00
4.903115175764504130e+01,9.944913557297809348e+00
4.905115747356387601e+01,9.377800183971316983e+00
4.907116318948271072e+01,8.986575188028732342e+00
4.909116890540154543e+01,1.075019875959635485e+01
4.911117462132038014e+01,1.072062738552149064e+01
4.913118033723921485e+01,1.043513475389638856e+01
4.915118605315804956e+01,1.187447235459791273e+01
4.917119176907688427e+01,1.171564188670226336e+01
4.919119748499571187e+01,1.249809438478751566e+01
4.921120320091454658e+01,1.262610385519627165e+01
4.923120891683338129e+01,1.391695653899741636e+01
4.925121463275221600e+01,1.447497952105886476e+01
4.927122034867105071e+01,1.473481116033399019e+01
4.929122606458988542e+01,1.545271544904674066e+01
4.931123178050872014e+01,1.670381424853451335e+01
4.933123749642755485e+01,1.600900765337377507e+01
4.935124321234638956e+01,1.714403184226890531e+01
4.937124892826522427e+01,1.699959546563702162e+01
4.939125464418405187e+01,1.773283308563345173e+01
4.941126036010288658e+01,1.913855741215030548e+01
4.943126607602172129e+01,1.865614400673539564e+01
4.945127179194055600e+01,1.827667941939172636e+01
4.947127750785939071e+01,1.897347599777349814e+01
4.949128322377822542e+01,1.830805986053228906e+01
4.951128893969706013e+01,1.887232203217261173e+01
4.953129465561589484e+01,1.918015100927197381e+01
4.955130037153472955e+01,1.797246776602721496e+01
4.957130608745355715e+01,1.843195754378207596e+01
4.959131180337239186e+01,1.905092669327607879e+01
4.961131751929122657e+01,1.836126671334180216e+01
4.963132323521006128e+01,1.893733080082282072e+01
4.965132895112889599e+01,1.816469199370758503e+01
4.967133466704773070e+01,1.941402009968287601e+01
4.969134038296656541e+01,1.860881956983856966e+01
4.971134609888540012e+01,1.884718708556293976e+01
4.973135181480423483e+01,1.905053143192150600e+01
4.975135753072306244e+01,1.946815385304572388e+01
4.977136324664189715e+01,1.926968080508574488e+01
4.979136896256073186e+01,1.959671549161022241e+01
4.981137467847956657e+01,1.985174797282046555e+01
4.983138039439840128e+01,1.911812170341400474e+01
4.985138611031723599e+01,1.933485233334101849e+01
4.987139182623607070e+01,1.923320985183711329e+01
4.989139754215490541e+01,1.820261143274210269e+01
4.991140325807374012e+01,1.754869974900330476e+01
4.993140897399257483e+01,1.719913384056595262e+01
4.995141468991140243e+01,1.675861264895929992e+01
4.997142040583023714e+01,1.711847976729864129e+01
4.999142612174907185e+01,1.556972173030863260e+01
5.001143183766790656e+01,1.450082640808813217e+01
5.003143755358674127e+01,1.378324366129474399e+01
5.005144326950557598e+01,1.295380763676983094e+01
5.007144898542441069e+01,1.174658217543467309e+01
5.009145470134324540e+01,1.075447937249680841e+01
5.011146041726208011e+01,9.990985077927611258e+00
5.013146613318090772e+01,9.635663953484927546e+00
5.015147184909974243e+01,9.572028650201506395e+00
5.017147756501857714e+01,8.934719288222812139e+00
5.019148328093741185e+01,8.449508576090146050e+00
5.021148899685624656e+01,8.324820040748790007e+00
5.023149471277508127e+01,7.713978389301448857e+00
5.025150042869391598e+01,7.682483132900855161e+00
5.027150614461275069e+01,7.941165107525151257e+00
5.029151186053158540e+01,6.869535344599858817e+00
5.031151757645042011e+01,7.601554105842344811e+00
5.033152329236924771e+01,6.884775232343018914e+00
5.035152900828808242e+01,7.109941709312199265e+00
5.037153472420691713e+01,7.368767158405894691e+00
5.039154044012575184e+01,7.462009387809004579e+00
5.041154615604458655e+01,7.737685740322713279e+00
5.043155187196342126e+01,8.015486873441560078e+00
5.045155758788225597e+01,8.892156161333570452e+00
5.047156330380109068e+01,8.749744099753842264e+00
5.049156901971992539e+01,7.926655131195595061e+00
5.051157473563875300e+01,9.058832992483075941e+00
5.053158045155758771e+01,8.501548525842487436e+00
5.055158616747642242e+01,9.532712138699460880e+00
5.057159188339525713e+01,1.012269794259830036e+01
5.059159759931409184e+01,1.023785961588829885e+01
5.061160331523292655e+01,1.071623720218571663e+01
5.063160903115176126e+01,1.063760350768898100e+01
5.065161474707059597e+01,1.101195820648866786e+01
5.067162046298943068e+01,1.184277778038186568e+01
5.069162617890825828e+01,1.148306111869241164e+01
5.071163189482709299e+01,1.128656297161390398e+01
5.073163761074592770e+01,1.143828753790662844e+01
5.075164332666476241e+01,1.115658848825669125e+01
5.077164904258359712e+01,1.106415251694629553e+01
5.079165475850243183e+01,1.042916932735204050e+01
5.081166047442126654e+01,9.463495853047309225e+00
5.083166619034010125e+01,1.018931511763346265e+01
5.085167190625893596e+01,8.777944869271827599e+00
5.087167762217777067e+01,8.875697472170445579e+00
5.089168333809659828e+01,8.297579885127575494e+00
5.091168905401543299e+01,7.919362625538683531e+00
5.093169476993426770e+01,6.516336369155780517e+00
5.095170048585310241e+01,6.302213480829183645e+00
5.097170620177193712e+01,5.897576256378251003e+00
5.099171191769077183e+01,5.954300188210584821e+00
5.101171763360960654e+01,6.009094724666447007e+00
5.103172334952844125e+01,5.115163535898373581e+00
5.105172906544727596e+01,5.126673498004658214e+00
5.107173478136610356e+01,4.854523120636764943e+00
5.109174049728493827e+01,4.998872391506839818e+00
5.111174621320377298e+01,5.142499433545576260e+00
5.113175192912260769e+01,4.573580545492462512e+00
5.115175764504144240e+01,4.035832448142327777e+00
5.117176336096027711e+01,4.192903114757318583e+00
5.119176907687911182e+01,4.494281796894059156e+00
5.121177479279794653e+01,4.271098548140493278e+00
5.123178050871678124e+01,5.259807499303429168e+00
5.125178622463561595e+01,5.091638661945109945e+00
5.127179194055444356e+01,4.373921697950951426e+00
5.129179765647327827e+01,4.649514920136735618e+00
5.131180337239211298e+01,4.347617269851578925e+00
5.133180908831094769e+01,4.585423460976272736e+00
5.135181480422978240e+01,4.149931164511052373e+00
5.137182052014861711e+01,4.435828263659376880e+00
5.139182623606745182e+01,4.693880325832915368e+00
5.141183195198628653e+01,4.575419130613952667e+00
5.143183766790512124e+01,4.217546729777932768e+00
5.145184338382394884e+01,4.815714746005260061e+00
5.147184909974278355e+01,4.800842997767735376e+00
5.149185481566161826e+01,4.225385166354854505e+00
5.151186053158045297e+01,4.630924491184318370e+00
5.153186624749928768e+01,4.370048723458111795e+00
5.155187196341812239e+01,5.730888143966748949e+00
5.157187767933695710e+01,5.007734930774430104e+00
5.159188339525579181e+01,5.298478322598725754e+00
5.161188911117462652e+01,5.904995669418447335e+00
5.163189482709345413e+01,5.701181035914424378e+00
5.165190054301228884e+01,5.508458907148302330e+00
5.167190625893112355e+01,5.272249970980405820e+00
5.169191197484995826e+01,4.828977308420473236e+00
5.171191769076879297e+01,6.090952955238105204e+00
5.173192340668762768e+01,5.726356928444248595e+00
5.175192912260646239e+01,5.964197513771983594e+00
5.177193483852529710e+01,6.510256732641985344e+00
5.179194055444413181e+01,7.157497848159083631e+00
5.181194627036296652e+01,7.516683067351953795e+00
5.183195198628179412e+01,7.801714343046551647e+00
5.185195770220062883e+01,8.206808378012492966e+00
5.187196341811946354e+01,9.389823868116902617e+00
5.189196913403829825e+01,9.569237684040091452e+00
5.191197484995713296e+01,1.033300060150208566e+01
5.193198056587596767e+01,1.047733257621609582e+01
5.195198628179480238e+01,1.081326750230966915e+01
5.197199199771363709e+01,1.231658225659548123e+01
5.199199771363247180e+01,1.309358417855962742e+01
5.201200342955129940e+01,1.342358996170085916e+01
5.203200914547013411e+01,1.419024540780453769e+01
5.205201486138896882e+01,1.503632884706013684e+01
5.207202057730780353e+01,1.546893373633125890e+01
5.209202629322663824e+01,1.601382614979055319e+01
5.211203200914547295e+01,1.767286553156544926e+01
5.213203772506430766e+01,1.813915822222681129e+01
5.215204344098314237e+01,1.811330902549386224e+01
5.217204915690197708e+01,1.874140328413125900e+01
5.219205487282081180e+01,1.930807276306973819e+01
5.221206058873963940e+01,1.812413394358949503e+01
5.223206630465847411e+01,1.866546371001999205e+01
5.225207202057730882e+01,1.881131580328916897e+01
5.227207773649614353e+01,1.901371349226729635e+01
5.229208345241497824e+01,1.836675458260999605e+01
5.231208916833381295e+01,1.797744072605788901e+01
5.233209488425264766e+01,1.731698185087609687e+01
5.235210060017148237e+01,1.734965342589631376e+01
5.237210631609031708e+01,1.720257522363453262e+01
5.239211203200914468e+01,1.638493896854900811e+01
5.241211774792797939e+01,1.608976095713191512e+01
5.243212346384681410e+01,1.514830296636331397e+01
5.245212917976564881e+01,1.467703931138814610e+01
5.247213489568448352e+01,1.414940543614526547e+01
5.249214061160331823e+01,1.416410307355421772e+01
5.251214632752215294e+01,1.313019065062464819e+01
5.253215204344098765e+01,1.318690330062755933e+01
5.255215775935982236e+01,1.211152716702203769e+01
5.257216347527864997e+01,1.171849099029225272e+01
5.259216919119748468e+01,1.133747501402438473e+01
5.261217490711631939e+01,1.144734418107149132e+01
5.263218062303515410e+01,1.077851623003501835e+01
5.265218633895398881e+01,1.080511907996338650e+01
5.267219205487282352e+01,1.112580741779051152e+01
5.269219777079165823e+01,1.043683637669438724e+01
5.271220348671049294e+01,1.120149992830690522e+01
5.273220920262932765e+01,1.024575718995911089e+01
5.275221491854816236e+01,9.600919024814405844e+00
5.277222063446698996e+01,1.011254940250431567e+01
5.279222635038582467e+01,1.017157580418018092e+01
5.281223206630465938e+01,1.010260261908001134e+01
5.283223778222349409e+01,1.014000561977051618e+01
5.285224349814232880e+01,9.412160048884858909e+00
5.287224921406116351e+01,9.161486913163640722e+00
5.289225492997999822e+01,8.745241390277190163e+00
5.291226064589883293e+01,8.487028973522226849e+00
5.293226636181766764e+01,9.883037346317246730e+00
5.295227207773649525e+01,9.024641276881663288e+00
5.297227779365532996e+01,9.372876372896106645e+00
5.299228350957416467e+01,9.883628999090319667e+00
5.301228922549299938e+01,9.564270242309527603e+00
5.303229494141183409e+01,9.674181478107609422e+00
5.305230065733066880e+01,1.107787615614010335e+01
5.307230637324950351e+01,1.104817171374196683e+01
5.309231208916833822e+01,1.131263679137520128e+01
5.311231780508717293e+01,1.137290654968384729e+01
5.313232352100600764e+01,1.257168247258609028e+01
5.315232923692483524e+01,1.270995611138090275e+01
5.317233495284366995e+01,1.265896133439443716e+01
5.319234066876250466e+01,1.402401869395870548e+01
5.321234638468133937e+01,1.335558707131434097e+01
5.323235210060017408e+01,1.429646126070034740e+01
5.325235781651900879e+01,1.514493387815263503e+01
5.327236353243784350e+01,1.411097342125775178e+01
5.329236924835667821e+01,1.502139580846542444e+01
5.331237496427551292e+01,1.571521777155515665e+01
5.333238068019434053e+01,1.554199808734022170e+01
5.335238639611317524e+01,1.573870113572708540e+01
5.337239211203200995e+01,1.415953937282655239e+01
5.339239782795084466e+01,1.511535131117345543e+01
5.341240354386967937e+01,1.474048059517366838e+01
5.343240925978851408e+01,1.382134718989307487e+01
5.345241497570734879e+01,1.274494214393311964e+01
5.347242069162618350e+01,1.327310694947743386e+01
5.349242640754501821e+01,1.271427437911093250e+01
5.351243212346384581e+01,1.223311481889045993e+01
5.353243783938268052e+01,1.273263448640292594e+01
5.355244355530151523e+01,1.206407151424282276e+01
5.357244927122034994e+01,1.142143253241851397e+01
5.359245498713918465e+01,1.219444759695424096e+01
5.361246070305801936e+01,1.137632251875840694e+01
5.363246641897685407e+01,1.152808762167823886e+01
5.365247213489568878e+01,1.231979794227819447e+01
5.367247785081452349e+01,1.220461909456281901e+01
5.369248356673335820e+01,1.129876577763690193e+01
5.371248928265218581e+01,1.242878921278258986e+01
5.373249499857102052e+01,1.161242144545355792e+01
5.375250071448985523e+01,1.165575324897890930e+01
5.377250643040868994e+01,1.215356395855072869e+01
5.379251214632752465e+01,1.160510704645938596e+01
5.381251786224635936e+01,1.134497306874406775e+01
5.383252357816519407e+01,1.161523880291702859e+01
5.385252929408402878e+01,9.921855066097547748e+00
5.387253501000286349e+01,1.039272769368029969e+01
5.389254072592169109e+01,9.657311222962240649e+00
5.391254644184052580e+01,9.655216796561376214e+00
5.393255215775936051e+01,9.098940237715025248e+00
5.395255787367819522e+01,9.121294710392485072e+00
5.397256358959702993e+01,8.073709957600321729e+00
5.399256930551586464e+01,8.178330271650018801e+00
5.401257502143469935e+01,7.536438325209454447e+00
5.403258073735353406e+01,6.874222328017028261e+00
5.405258645327236877e+01,7.117511429702224390e+00
5.407259216919120348e+01,6.877453050237801513e+00
5.409259788511003109e+01,5.914661432582429157e+00
5.411260360102886580e+01,6.001004849141132524e+00
5.413260931694770051e+01,6.767080557198585034e+00
5.415261503286653522e+01,6.343533936125406392e+00
5.417262074878536993e+01,5.259273472806313521e+00
5.419262646470420464e+01,6.239173194495222674e+00
5.421263218062303935e+01,5.214285472131603427e+00
5.423263789654187406e+01,5.814168053964835714e+00
5.425264361246070877e+01,5.894923027712017927e+00
5.427264932837953637e+01,5.098888051860764214e+00
5.429265504429837108e+01,5.174349727214403671e+00
5.431266076021720579e+01,5.577159084502154585e+00
5.433266647613604050e+01,5.643015058056001010e+00
5.435267219205487521e+01,5.605296167839918908e+00
5.437267790797370992e+01,6.019652074170125822e+00
5.439268362389254463e+01,5.439580164282482144e+00
5.441268933981137934e+01,5.847136901030589584e+00
5.443269505573021405e+01,5.743307695521538747e+00
5.445270077164904166e+01,5.651835365621711738e+00
5.447270648756787637e+01,5.767231331498847702e+00
5.449271220348671108e+01,6.218602733484313028e+00
5.451271791940554579e+01,6.334853876436975284e+00
5.453272363532438050e+01,5.690124724245114507e+00
5.455272935124321521e+01,5.368040850358376304e+00
5.457273506716204992e+01,5.755910197309292542e+00
5.459274078308088463e+01,6.174556965379657925e+00
5.461274649899971934e+01,5.683096824105597022e+00
5.463275221491855405e+01,5.870132937587338340e+00
5.465275793083738165e+01,6.257395656644252568e+00
5.467276364675621636e+01,5.342300749754256728e+00
5.469276936267505107e+01,5.942591404272246969e+00
5.471277507859388578e+01,5.707515485110430831e+00
5.473278079451272049e+01,4.908199249188280433e+00
5.475278651043155520e+01,5.149937293634750723e+00
5.477279222635038991e+01,5.821316272336686026e+00
5.479279794226922462e+01,6.221380841550086416e+00
5.481280365818805933e+01,5.446875305797761690e+00
5.483280937410688693e+01,4.472980254415635848e+00
5.485281509002572164e+01,5.764891438847342897e+00
5.487282080594455635e+01,4.687933485917758603e+00
5.489282652186339106e+01,5.603675360360322877e+00
5.491283223778222577e+01,5.142287506704631639e+00
5.493283795370106048e+01,5.652476721709476237e+00
5.495284366961989519e+01,6.073911138885106809e+00
5.497284938553872990e+01,5.876885310411944729e+00
5.499285510145756461e+01,6.326073899462003602e+00
5.501286081737639222e+01,5.439912467337488344e+00
5.503286653329522693e+01,5.734301030086188966e+00
5.505287224921406164e+01,6.150055785084312276e+00
5.507287796513289635e+01,7.032127920989902137e+00
5.509288368105173106e+01,7.008251330909637034e+00
5.511288939697056577e+01,7.572789079607774809e+00
5.513289511288940048e+01,7.131164451541986082e+00
5.515290082880823519e+01,7.407305079658108582e+00
5.517290654472706990e+01,7.198768926916093491e+00
5.519291226064590461e+01,7.313665322999918672e+00
5.521291797656473221e+01,7.120881903370706922e+00
5.523292369248356692e+01,7.320294087503047109e+00
5.525292940840240163e+01,8.523366446347150571e+00
5.527293512432123634e+01,7.531584227610723659e+00
5.529294084024007105e+01,7.946999826524224986e+00
5.531294655615890576e+01,7.580017829376995309e+00
5.533295227207774047e+01,7.368290253253277022e+00
5.535295798799657518e+01,7.544795909123904742e+00
5.537296370391540989e+01,9.212745029468923263e+00
5.539296941983423750e+01,8.761106677106678120e+00
5.541297513575307221e+01,8.136922975030360661e+00
5.543298085167190692e+01,7.959427871686477474e+00
5.545298656759074163e+01,8.856524272601141945e+00
5.547299228350957634e+01,8.978597929135178290e+00
5.549299799942841105e+01,8.458381528164427010e+00
5.551300371534724576e+01,8.468180643694079635e+00
5.553300943126608047e+01,8.931284632801713030e+00
5.555301514718491518e+01,8.579477560534110481e+00
5.557302086310374989e+01,8.585770778298204675e+00
5.559302657902257749e+01,8.233847756572279408e+00
5.561303229494141220e+01,8.424331119630160458e+00
5.563303801086024691e+01,8.767309035358792357e+00
5.565304372677908162e+01,7.818429953850955627e+00
5.567304944269791633e+01,8.726701529175777239e+00
5.569305515861675104e+01,8.087011330905994555e+00
5.571306087453558575e+01,7.593733164971697036e+00
5.573306659045442046e+01,7.134582962679491658e+00
5.575307230637325517e+01,7.394152304638670792e+00
5.577307802229208278e+01,6.636284873370325244e+00
5.579308373821091749e+01,6.604418839371115624e+00
5.581308945412975220e+01,5.740248757917829181e+00
5.583309517004858691e+01,6.056322882213229342e+00
5.585310088596742162e+01,6.301628447861826743e+00
5.587310660188625633e+01,5.466335339134541726e+00
5.589311231780509104e+01,5.767118420623094543e+00
5.591311803372392575e+01,5.747649609143117289e+00
5.593312374964276046e+01,5.378124978155659264e+00
5.595312946556158806e+01,5.256200986182336443e+00
5.597313518148042277e+01,5.214156710605056588e+00
5.599314089739925748e+01,5.902360155954006871e+00
5.601314661331809219e+01,4.318362575856793839e+00
5.603315232923692690e+01,4.739168261081160516e+00
5.605315804515576161e+01,4.910322479381742156e+00
5.607316376107459632e+01,5.624844176004021534e+00
5.609316947699343103e+01,4.513737782630983020e+00
5.611317519291226574e+01,4.569340501604892246e+00
5.613318090883110045e+01,4.595618836669330243e+00
5.615318662474992806e+01,5.197341495263325228e+00
5.617319234066876277e+01,4.841092833180723254e+00
5.619319805658759748e+01,4.886835988386191154e+00
5.621320377250643219e+01,5.211137993259238321e+00
5.623320948842526690e+01,4.938161745161082194e+00
5.625321520434410161e+01,5.107001239992120745e+00
5.627322092026293632e+01,4.524454323941293765e+00
5.629322663618177103e+01,4.417748270307057190e+00
5.631323235210060574e+01,5.268869046349457186e+00
5.633323806801943334e+01,5.636866849429177151e+00
5.635324378393826805e+01,4.950833509518524522e+00
5.637324949985710276e+01,5.164592756406144680e+00
5.639325521577593747e+01,5.302493052350079950e+00
5.641326093169477218e+01,5.115000650940420890e+00
5.643326664761360689e+01,5.018392984550345659e+00
5.645327236353244160e+01,5.109938287070660223e+00
5.647327807945127631e+01,5.841374762202473647e+00
5.649328379537011102e+01,5.280339374725414814e+00
5.651328951128894573e+01,5.679332492969626500e+00
5.653329522720777334e+01,4.941808219036657235e+00
5.655330094312660805e+01,5.159953717724039102e+00
5.657330665904544276e+01,5.375033134787448041e+00
5.659331237496427747e+01,5.522987310412116990e+00
5.661331809088311218e+01,5.197985644214968559e+00
5.663332380680194689e+01,4.579387593113450450e+00
5.665332952272078160e+01,5.255472161741077564e+00
5.667333523863961631e+01,5.158086864798018034e+00
5.669334095455845102e+01,4.779241217170227429e+00
5.671334667047727862e+01,5.658992132850942269e+00
5.673335238639611333e+01,4.925951150568619319e+00
5.675335810231494804e+01,5.070901990102401058e+00
5.677336381823378275e+01,5.207288994090763623e+00
5.679336953415261746e+01,5.311492979721468721e+00
5.681337525007145217e+01,5.587679888972124864e+00
5.683338096599028688e+01,4.929938991081863620e+00
5.685338668190912159e+01,4.664313604347586129e+00
5.687339239782795630e+01,5.957164401423535871e+00
5.689339811374678391e+01,5.036537689511037641e+00
5.691340382966561862e+01,5.910836763341887234e+00
5.693340954558445333e+01,6.659632380367277449e+00
5.695341526150328804e+01,5.736157556012561720e+00
5.697342097742212275e+01,5.716999062148339306e+00
5.699342669334095746e+01,6.277930769235091191e+00
5.701343240925979217e+01,6.677731414495990059e+00
5.703343812517862688e+01,6.139036126684605854e+00
5.705344384109746159e+01,6.477653857350234468e+00
5.707344955701629630e+01,6.180129412364220087e+00
5.709345527293512390e+01,7.005600164708321032e+00
5.711346098885395861e+01,7.332776970389287996e+00
5.713346670477279332e+01,7.767602347382505101e+00
5.715347242069162803e+01,8.058335502576111864e+00
5.717347813661046274e+01,8.427746103076056983e+00
5.719348385252929745e+01,8.744855428571316480e+00
5.721348956844813216e+01,8.455619182665454758e+00
5.723349528436696687e+01,9.580071147131496545e+00
5.725350100028580158e+01,9.997922335164030727e+00
5.727350671620462919e+01,9.379570325547582854e+00
5.729351243212346390e+01,1.056423701930643766e+01
5.731351814804229861e+01,1.105203818664817739e+01
5.733352386396113332e+01,1.136763626039872221e+01
5.735352957987996803e+01,1.299434677540973837e+01
5.737353529579880274e+01,1.406231833383641572e+01
5.739354101171763745e+01,1.449585705046786543e+01
5.741354672763647216e+01,1.513708970292901412e+01
5.743355244355530687e+01,1.665131934766504784e+01
5.745355815947414158e+01,1.695531203476059545e+01
5.747356387539296918e+01,1.822868106989974635e+01
5.749356959131180389e+01,1.884093650508410178e+01
5.751357530723063860e+01,1.957442776762943737e+01
5.753358102314947331e+01,2.025109402617353282e+01
5.755358673906830802e+01,2.140545916196798970e+01
5.757359245498714273e+01,2.179774968711748784e+01
5.759359817090597744e+01,2.226520925145104002e+01
5.761360388682481215e+01,2.331000103149604286e+01
5.763360960274364686e+01,2.381493933306652266e+01
5.765361531866247446e+01,2.379161741533325980e+01
5.767362103458130917e+01,2.367332494408259080e+01
5.769362675050014388e+01,2.332056846852069754e+01
5.771363246641897859e+01,2.235399431430510120e+01
5.773363818233781330e+01,2.261683488012135257e+01
5.775364389825664801e+01,2.274543646213980708e+01
5.777364961417548272e+01,2.222739700206418689e+01
5.779365533009431743e+01,2.197332181434872922e+01
5.781366104601315214e+01,2.162104960734352943e+01
5.783366676193197975e+01,2.121539638446628473e+01
5.785367247785081446e+01,2.138173726507164218e+01
5.787367819376964917e+01,2.110192105168174947e+01
5.789368390968848388e+01,2.146951577949888446e+01
5.791368962560731859e+01,2.236319481502227546e+01
5.793369534152615330e+01,2.260763136231426529e+01
5.795370105744498801e+01,2.260576760800646667e+01
5.797370677336382272e+01,2.218578247701354655e+01
5.799371248928265743e+01,2.249742422536633413e+01
5.801371820520149214e+01,2.254627891216809843e+01
5.803372392112031974e+01,2.342373440717695843e+01
5.805372963703915445e+01,2.314052488306128907e+01
5.807373535295798916e+01,2.161986787105314178e+01
5.809374106887682387e+01,2.150076456275725079e+01
5.811374678479565858e+01,2.132536493038059078e+01
5.813375250071449329e+01,1.994050263950979485e+01
5.815375821663332800e+01,1.989169464975184809e+01
5.817376393255216271e+01,1.890013341459360419e+01
5.819376964847099742e+01,1.712437547109048808e+01
5.821377536438982503e+01,1.584269184342330128e+01
5.823378108030865974e+01,1.460944142853039374e+01
5.825378679622749445e+01,1.392882903986413368e+01
5.827379251214632916e+01,1.305568913471518044e+01
5.829379822806516387e+01,1.140920358985097494e+01
5.831380394398399858e+01,1.116833334927133237e+01
5.833380965990283329e+01,9.047696211071285077e+00
5.835381537582166800e+01,9.252277550694163466e+00
5.837382109174050271e+01,8.396318904691703722e+00
5.839382680765933742e+01,7.512317811472806639e+00
5.841383252357816502e+01,7.340515365650771784e+00
5.843383823949699973e+01,7.093264229093229289e+00
5.845384395541583444e+01,6.980123702145046849e+00
5.847384967133466915e+01,5.407203372128172703e+00
5.849385538725350386e+01,6.458146332544464130e+00
5.851386110317233857e+01,5.631593770458682258e+00
5.853386681909117328e+01,6.152622716740426156e+00
5.855387253501000799e+01,5.126976338363020247e+00
5.857387825092884270e+01,5.732909533191449469e+00
5.859388396684767031e+01,5.196046842913743191e+00
5.861388968276650502e+01,4.621945461980917713e+00
5.863389539868533973e+01,5.455836717831235916e+00
5.865390111460417444e+01,4.629367457656918816e+00
5.867390683052300915e+01,4.381583933715163859e+00
5.869391254644184386e+01,5.097085828166471266e+00
5.871391826236067857e+01,4.799254316788020169e+00
5.873392397827951328e+01,4.821513486862227360e+00
5.875392969419834799e+01,5.002715105972841414e+00
5.877393541011717559e+01,5.504567409897164865e+00
5.879394112603601030e+01,5.008408521962185667e+00
5.881394684195484501e+01,5.705983018725633293e+00
5.883395255787367972e+01,5.100613764213286494e+00
5.885395827379251443e+01,4.839331831908845416e+00
5.887396398971134914e+01,5.423079982844436486e+00
5.889396970563018385e+01,5.630656302500439025e+00
5.891397542154901856e+01,5.191815637875509815e+00
5.893398113746785327e+01,5.784998306828149417e+00
5.895398685338668798e+01,5.888631466983205165e+00
5.897399256930551559e+01,6.250300886129462441e+00
5.899399828522435030e+01,5.508960122692069916e+00
5.901400400114318501e+01,6.002612856034656552e+00
5.903400971706201972e+01,6.137132186680145374e+00
5.905401543298085443e+01,5.677032948421413039e+00
5.907402114889968914e+01,6.256081571642439165e+00
5.909402686481852385e+01,6.998546828032291778e+00
5.911403258073735856e+01,6.143832807159458120e+00
5.913403829665619327e+01,7.058827401455501693e+00
5.915404401257502087e+01,7.332581719921845931e+00
5.917404972849385558e+01,6.389178214436827652e+00
5.919405544441269029e+01,7.253817483681346268e+00
5.921406116033152500e+01,7.185412111601428009e+00
5.923406687625035971e+01,7.396914310588916130e+00
5.925407259216919442e+01,6.770721452616695224e+00
5.927407830808802913e+01,7.046825716226400083e+00
5.929408402400686384e+01,7.436539002913372443e+00
5.931408973992569855e+01,6.387065046893040332e+00
5.933409545584453326e+01,7.397363519491971573e+00
5.935410117176336087e+01,6.802348193632634654e+00
5.937410688768219558e+01,6.329389530778380291e+00
5.939411260360103029e+01,7.171746161936859210e+00
5.941411831951986500e+01,6.863783333330534475e+00
5.943412403543869971e+01,6.303317838412615615e+00
5.945412975135753442e+01,7.722407409983340187e+00
5.947413546727636913e+01,6.796396935106523429e+00
5.949414118319520384e+01,6.365413195080001252e+00
5.951414689911403855e+01,7.855429286882625206e+00
5.953415261503286615e+01,7.423814117349371244e+00
5.955415833095170086e+01,7.450771461296540998e+00
5.957416404687053557e+01,8.224954471407539103e+00
5.959416976278937028e+01,7.786642959859176649e+00
5.961417547870820499e+01,8.404831522477103078e+00
5.963418119462703970e+01,9.558641265901368200e+00
5.965418691054587441e+01,9.742486266250313776e+00
5.967419262646470912e+01,1.033798196806341174e+01
5.969419834238354383e+01,1.057670797396418116e+01
5.971420405830237144e+01,1.171898940812655177e+01
5.973420977422120615e+01,1.155102822548915142e+01
5.975421549014004086e+01,1.241982498782867950e+01
5.977422120605887557e+01,1.379421321122209498e+01
5.979422692197771028e+01,1.371832439551449312e+01
5.981423263789654499e+01,1.332414575539864643e+01
5.983423835381537970e+01,1.509555159766640919e+01
5.985424406973421441e+01,1.474947130642765636e+01
5.987424978565304912e+01,1.475485207652280906e+01
5.989425550157188383e+01,1.458981126699184117e+01
5.991426121749071143e+01,1.456891746635370666e+01
5.993426693340954614e+01,1.493956834304503545e+01
5.995427264932838085e+01,1.479033340508325622e+01
5.997427836524721556e+01,1.501084216600891175e+01
5.999428408116605027e+01,1.421787661215429566e+01
6.001428979708488498e+01,1.305954817713950256e+01
6.003429551300371969e+01,1.273853224578541266e+01
6.005430122892255440e+01,1.327135084654350194e+01
6.007430694484138911e+01,1.247344830210858646e+01
6.009431266076021672e+01,1.220806578255067976e+01
6.011431837667905143e+01,1.294851237423359436e+01
6.013432409259788614e+01,1.246851106239774865e+01
6.015432980851672085e+01,1.166354034171675913e+01
6.017433552443555556e+01,1.206719397319945841e+01
6.019434124035439027e+01,1.195074252189430908e+01
6.021434695627322498e+01,1.204026979840767986e+01
6.023435267219205969e+01,1.144507035212541624e+01
6.025435838811089440e+01,1.197957754973784716e+01
6.027436410402972911e+01,1.165198675351329172e+01
6.029436981994855671e+01,1.152284946649334429e+01
6.031437553586739142e+01,1.158165783474457911e+01
6.033438125178622613e+01,1.159618569257647280e+01
6.035438696770506084e+01,1.167021982351785780e+01
6.037439268362389555e+01,1.231043276259524077e+01
6.039439839954273026e+01,1.284354835015500740e+01
6.041440411546156497e+01,1.183046135856251624e+01
6.043440983138039968e+01,1.217731598069206811e+01
6.045441554729923439e+01,1.257367792401596951e+01
6.047442126321806199e+01,1.274495380823999469e+01
6.049442697913689670e+01,1.172543551938102979e+01
6.051443269505573141e+01,1.197236938827601627e+01
6.053443841097456612e+01,1.176954038984033701e+01
6.055444412689340083e+01,1.218448042927636443e+01
6.057444984281223554e+01,1.143476715901905827e+01
6.059445555873107025e+01,1.101190563817403856e+01
6.061446127464990496e+01,1.118151345558873011e+01
6.063446699056873967e+01,1.050711325839493782e+01
6.065447270648756728e+01,1.034687699396667249e+01
6.067447842240640199e+01,9.842863646515169762e+00
6.069448413832523670e+01,9.667693235367616822e+00
6.071448985424407141e+01,9.538449983841525537e+00
6.073449557016290612e+01,8.486940607587362351e+00
6.075450128608174083e+01,8.317524133027829336e+00
6.077450700200057554e+01,7.811700802748261729e+00
6.079451271791941025e+01,7.500547789965516188e+00
6.081451843383824496e+01,7.149635939549529695e+00
6.083452414975707967e+01,7.146894005776470493e+00
6.085452986567590727e+01,7.525860471525031237e+00
6.087453558159474198e+01,6.407524732207401819e+00
6.089454129751357669e+01,6.613176905742509604e+00
6.091454701343241140e+01,5.661245308318780367e+00
6.093455272935124611e+01,5.991771274990931317e+00
6.095455844527008082e+01,5.536620823301893424e+00
6.097456416118891553e+01,6.170891864037598040e+00
6.099456987710775024e+01,5.515885532748696640e+00
6.101457559302658495e+01,5.712000288346951393e+00
6.103458130894541256e+01,5.544653564437949100e+00
6.105458702486424727e+01,5.930011866920948727e+00
6.107459274078308198e+01,6.206814055771609162e+00
6.109459845670191669e+01,6.048190879864543845e+00
6.111460417262075140e+01,5.668421762502628525e+00
6.113460988853958611e+01,6.140104500713642111e+00
6.115461560445842082e+01,5.697693126400984021e+00
6.117462132037725553e+01,6.497297356673564117e+00
6.119462703629609024e+01,6.648543330766896631e+00
6.121463275221492495e+01,6.435797705541608238e+00
6.123463846813375255e+01,6.378532881865472959e+00
6.125464418405258726e+01,5.970810573859575143e+00
6.127464989997142197e+01,6.326810109092310341e+00
6.129465561589025668e+01,6.338520933710990235e+00
6.131466133180909139e+01,5.502299384707690422e+00
6.133466704772792610e+01,6.334383593784935762e+00
6.135467276364676081e+01,7.082990496347528087e+00
6.137467847956559552e+01,6.912808141397050576e+00
6.139468419548443023e+01,6.773317903627258829e+00
6.141468991140325784e+01,6.821743757902675398e+00
6.143469562732209255e+01,5.746723527854207703e+00
6.145470134324092726e+01,5.451607126644097079e+00
6.147470705915976197e+01,6.685974730760773532e+00
6.149471277507859668e+01,6.308851418665343047e+00
6.151471849099743139e+01,6.245891723255913242e+00
6.153472420691626610e+01,6.528634419606213157e+00
6.155472992283510081e+01,6.198203340857856958e+00
6.157473563875393552e+01,5.521017645176286237e+00
6.159474135467276312e+01,6.340120528457594773e+00
6.161474707059159783e+01,6.155497087763516895e+00
6.163475278651043254e+01,6.392335022463359273e+00
6.165475850242926725e+01,5.762387289804543400e+00
6.167476421834810196e+01,6.389657646164428328e+00
6.169476993426693667e+01,6.097453138302620701e+00
6.171477565018577138e+01,6.004208517829228597e+00
6.173478136610460609e+01,7.000461458861976460e+00
6.175478708202344080e+01,5.879557000239760356e+00
6.177479279794227551e+01,6.642913251226016058e+00
6.179479851386110312e+01,6.398668397654015294e+00
6.181480422977993783e+01,6.970395462469626935e+00
6.183480994569877254e+01,6.756186902111696035e+00
6.185481566161760725e+01,6.713456592001606715e+00
6.187482137753644196e+01,7.170045643547161340e+00
6.189482709345527667e+01,7.805962817478805604e+00
6.191483280937411138e+01,7.641654554154273526e+00
6.193483852529294609e+01,7.093129862485124448e+00
6.195484424121178080e+01,7.141525595787577174e+00
6.197484995713060840e+01,7.225717448896098460e+00
6.199485567304944311e+01,7.258477510882637596e+00
6.201486138896827782e+01,7.149456689604742010e+00
6.203486710488711253e+01,6.889720777500269122e+00
6.205487282080594724e+01,8.354499807707632897e+00
6.207487853672478195e+01,7.163492166025665853e+00
6.209488425264361666e+01,8.362685485855081424e+00
6.211488996856245137e+01,8.526049794462569054e+00
6.213489568448128608e+01,8.781352968901202871e+00
6.215490140040011369e+01,9.114104252056925759e+00
6.217490711631894840e+01,1.003262861230391856e+01
6.219491283223778311e+01,9.765710078408543993e+00
6.221491854815661782e+01,1.083401022185887008e+01
6.223492426407545253e+01,1.130016915923656384e+01
6.225492997999428724e+01,1.240802095041030739e+01
6.227493569591312195e+01,1.308886836094914763e+01
6.229494141183195666e+01,1.385968629144490727e+01
6.231494712775079137e+01,1.446197259425947124e+01
6.233495284366962608e+01,1.625023999657462070e+01
6.235495855958845368e+01,1.784268102722979776e+01
6.237496427550728839e+01,1.886395995325237251e+01
6.239496999142612310e+01,2.009833572594567030e+01
6.241497570734495781e+01,2.069434794855937554e+01
6.243498142326379252e+01,2.207136129081406040e+01
6.245498713918262723e+01,2.281745376857070440e+01
6.247499285510146194e+01,2.391486297575362130e+01
6.249499857102029665e+01,2.406927262205447704e+01
6.251500428693913136e+01,2.598328704462581129e+01
6.253501000285795897e+01,2.551045010804370250e+01
6.255501571877679368e+01,2.713644479002910259e+01
6.257502143469562839e+01,2.750620006537474893e+01
6.259502715061446310e+01,2.751198966513359068e+01
6.261503286653329781e+01,2.693160383323348483e+01
6.263503858245213252e+01,2.692916134166250330e+01
6.265504429837096723e+01,2.708644350010386859e+01
6.267505001428980194e+01,2.574559731002274532e+01
6.269505573020863665e+01,2.502925843585769883e+01
6.271506144612747136e+01,2.452049997007583926e+01
6.273506716204629896e+01,2.326076964552159865e+01
6.275507287796513367e+01,2.265341043755265815e+01
6.277507859388396838e+01,2.106375612707565637e+01
6.279508430980280309e+01,2.042803641359861899e+01
6.281509002572163780e+01,1.896683598378299962e+01
6.283509574164047251e+01,1.856593960043436198e+01
6.285510145755930722e+01,1.716858427824783107e+01
6.287510717347814193e+01,1.521016698877155626e+01
6.289511288939697664e+01,1.405836070684346950e+01
6.291511860531580425e+01,1.316224558064326722e+01
6.293512432123463896e+01,1.316712230630230707e+01
6.295513003715347367e+01,1.142299133573287939e+01
6.297513575307230838e+01,1.138719938467608017e+01
6.299514146899114309e+01,9.861112906185605098e+00
6.301514718490997780e+01,9.879950490189363776e+00
6.303515290082881251e+01,9.393585549833973758e+00
6.305515861674764722e+01,8.056808942677434970e+00
6.307516433266648193e+01,8.091959215568378383e+00
6.309517004858530953e+01,7.154928857380196128e+00
6.311517576450414424e+01,7.075545884502902894e+00
6.313518148042297895e+01,6.334214419470683310e+00
6.315518719634181366e+01,6.770355388767013594e+00
6.317519291226064837e+01,5.889130939756386240e+00
6.319519862817948308e+01,6.647707393662372510e+00
6.321520434409831779e+01,5.171078089745877016e+00
6.323521006001715250e+01,5.095400882606622162e+00
6.325521577593598721e+01,4.582207241103368744e+00
6.327522149185482192e+01,4.922845744392480682e+00
6.329522720777364952e+01,5.215602997703999044e+00
6.331523292369248423e+01,5.082856381060424589e+00
6.333523863961131894e+01,5.064075720232001032e+00
6.335524435553015365e+01,4.992204066279890107e+00
6.337525007144898836e+01,4.819151256479446310e+00
6.339525578736782307e+01,5.155836065318288419e+00
6.341526150328665778e+01,5.504371208143956196e+00
6.343526721920549249e+01,3.960262328320848901e+00
6.345527293512432720e+01,4.644259711332843210e+00
6.347527865104315481e+01,4.584310347481488357e+00
6.349528436696198952e+01,4.585417873713361736e+00
6.351529008288082423e+01,4.190091946616743890e+00
6.353529579879965894e+01,3.980337566407225580e+00
6.355530151471849365e+01,5.229366016694823927e+00
6.357530723063732836e+01,4.708688064393276029e+00
6.359531294655616307e+01,4.538786807653618638e+00
6.361531866247499778e+01,4.426308273049230024e+00
6.363532437839383249e+01,4.180647057858462468e+00
6.365533009431266720e+01,4.366336284740817142e+00
6.367533581023149480e+01,4.867703172179613347e+00
6.369534152615032951e+01,4.299899888671110837e+00
6.371534724206916422e+01,4.000033569913275855e+00
6.373535295798799893e+01,4.584854849550915823e+00
6.375535867390683364e+01,4.160033396154026342e+00
6.377536438982566835e+01,3.955916499185400781e+00
6.379537010574450306e+01,4.875168903639737650e+00
6.381537582166333777e+01,4.766326095412089181e+00
6.383538153758217248e+01,4.351194636763574763e+00
6.385538725350100009e+01,4.279868322932396829e+00
6.387539296941983480e+01,4.516567009863119431e+00
6.389539868533866951e+01,4.757464334515745463e+00
6.391540440125750422e+01,4.448043572548598057e+00
6.393541011717633893e+01,4.252802691117031131e+00
6.395541583309517364e+01,4.566452204850278918e+00
6.397542154901400835e+01,4.765406536160508466e+00
6.399542726493284306e+01,4.941976281714550723e+00
6.401543298085167066e+01,4.065809387224645910e+00
6.403543869677051248e+01,3.967439680362618404e+00
6.405544441268934008e+01,4.386206934663396062e+00
6.407545012860816769e+01,4.879949578740312433e+00
6.409545584452700950e+01,5.025418022140571317e+00
6.411546156044585132e+01,4.432798842075912127e+00
6.413546727636467892e+01,4.816414328030669267e+00
6.415547299228350653e+01,4.765863496013652778e+00
6.417547870820234834e+01,5.459737644771109011e+00
6.419548442412119016e+01,4.973577827777846849e+00
6.421549014004001776e+01,5.373325274485711844e+00
6.423549585595884537e+01,5.956795298625063850e+00
6.425550157187768718e+01,6.060363089022454020e+00
6.427550728779651479e+01,6.551900539099029253e+00
6.429551300371534239e+01,6.404506197271114587e+00
6.431551871963418421e+01,7.008074938660449504e+00
6.433552443555302602e+01,7.020734428049064668e+00
6.435553015147185363e+01,7.253228221514152807e+00
6.437553586739068123e+01,6.954022834031309941e+00
6.439554158330952305e+01,8.103077824912343630e+00
6.441554729922835065e+01,8.433156437600571209e+00
6.443555301514717826e+01,9.840874305311778869e+00
6.445555873106602007e+01,1.050027328554785555e+01
6.447556444698486189e+01,1.080889735128589280e+01
6.449557016290368949e+01,1.117328118830154438e+01
6.451557587882251710e+01,1.205804634697767064e+01
6.453558159474135891e+01,1.359874562379031637e+01
6.455558731066020073e+01,1.411413575536569276e+01
6.457559302657902833e+01,1.600916926376319438e+01
6.459559874249785594e+01,1.719113866080639852e+01
6.461560445841669775e+01,1.743970601892156935e+01
6.463561017433552536e+01,1.924004498150859632e+01
6.465561589025435296e+01,2.048939020024403135e+01
6.467562160617319478e+01,2.148282061910209251e+01
6.469562732209203659e+01,2.129472014611840081e+01
6.471563303801086420e+01,2.188516655140404410e+01
6.473563875392969180e+01,2.261045362189508268e+01
6.475564446984853362e+01,2.359107354485829688e+01
6.477565018576737543e+01,2.371490785103509680e+01
6.479565590168618883e+01,2.314164282440328080e+01
6.481566161760503064e+01,2.292834172971117468e+01
6.483566733352387246e+01,2.257559740375497981e+01
6.485567304944270006e+01,2.185591380607716516e+01
6.487567876536152767e+01,2.173443797119469423e+01
6.489568448128036948e+01,2.037880252038956641e+01
6.491569019719921130e+01,1.941683728464268555e+01
6.493569591311803890e+01,1.899561404612402171e+01
6.495570162903686651e+01,1.781567900161613593e+01
6.497570734495570832e+01,1.704560664271233961e+01
6.499571306087453593e+01,1.496423135211328415e+01
6.501571877679336353e+01,1.419902195157354541e+01
6.503572449271220535e+01,1.355830032542242058e+01
6.505573020863104716e+01,1.291673214402262104e+01
6.507573592454987477e+01,1.187780708809705921e+01
6.509574164046870237e+01,1.153589645974181899e+01
6.511574735638754419e+01,1.029770730225944675e+01
6.513575307230638600e+01,9.832210045748071892e+00
6.515575878822521361e+01,9.815440899964219312e+00
6.517576450414404121e+01,8.453828341588806694e+00
6.519577022006288303e+01,7.994524595836670855e+00
6.521577593598171063e+01,8.327236715842365911e+00
6.523578165190053824e+01,7.963806068918618308e+00
6.525578736781938005e+01,6.808150053651128353e+00
6.527579308373822187e+01,7.558691506375142311e+00
6.529579879965704947e+01,6.747046573824217575e+00
6.531580451557587708e+01,6.003557343305160998e+00
6.533581023149471889e+01,6.193149007996233912e+00
6.535581594741354650e+01,5.720768191047233664e+00
6.537582166333237410e+01,5.877590225119234901e+00
6.539582737925121592e+01,5.657512137384052231e+00
6.541583309517005773e+01,4.698483356849088466e+00
6.543583881108888534e+01,5.118711984287373618e+00
6.545584452700771294e+01,5.505507582764146868e+00
6.547585024292655476e+01,4.880321464548907251e+00
6.549585595884539657e+01,4.307682705210957863e+00
6.551586167476422418e+01,5.296473464642406981e+00
6.553586739068305178e+01,5.475661628063105191e+00
6.555587310660189360e+01,4.445399480047646179e+00
6.557587882252072120e+01,5.351993465991633947e+00
6.559588453843954881e+01,5.970718396033886322e+00
6.561589025435839062e+01,5.358015093477077606e+00
6.563589597027723244e+01,5.425918138718568429e+00
6.565590168619606004e+01,4.903180967766180842e+00
6.567590740211488765e+01,5.305671933967220255e+00
6.569591311803372946e+01,5.506732501181085482e+00
6.571591883395257128e+01,4.830979425337910804e+00
6.573592454987138467e+01,5.973206331918728296e+00
6.575593026579022649e+01,5.234831618001743792e+00
6.577593598170906830e+01,5.754481360197165607e+00
6.579594169762789591e+01,5.032846031435617817e+00
6.581594741354672351e+01,5.533606785273924800e+00
6.583595312946556533e+01,4.689109861246198108e+00
6.585595884538440714e+01,4.637309691446345639e+00
6.587596456130323475e+01,5.594709175256928013e+00
6.589597027722206235e+01,5.437668377438531486e+00
6.591597599314090417e+01,4.797218802053356157e+00
6.593598170905973177e+01,5.140444789404504888e+00
6.595598742497855937e+01,5.434745890896884646e+00
6.597599314089740119e+01,4.457550867202925815e+00
6.599599885681624301e+01,4.514099785989428071e+00
6.601600457273507061e+01,4.479144302849797477e+00
6.603601028865389821e+01,4.943196797027352041e+00
6.605601600457274003e+01,3.904884263025560465e+00
6.607602172049158185e+01,4.340787947844680694e+00
6.609602743641040945e+01,4.357229653538281511e+00
6.611603315232923705e+01,4.625513753704693976e+00
6.613603886824807887e+01,4.432397027285235325e+00
6.615604458416690647e+01,4.894430046032493209e+00
6.617605030008573408e+01,5.357662565018088685e+00
6.619605601600457589e+01,4.460789451300552599e+00
6.621606173192341771e+01,4.532177726207825330e+00
6.623606744784224531e+01,5.412422328771560487e+00
6.625607316376107292e+01,5.097406086855199803e+00
6.627607887967991473e+01,4.434112555761394958e+00
6.629608459559874234e+01,4.988471168782561804e+00
6.631609031151756994e+01,4.501553186157760678e+00
6.633609602743641176e+01,5.453270831727107470e+00
6.635610174335525357e+01,5.750711773470005284e+00
6.637610745927408118e+01,5.618261324556645953e+00
6.639611317519290878e+01,5.143238679282359449e+00
6.641611889111175060e+01,5.621095747536333675e+00
6.643612460703059241e+01,6.197981128025421782e+00
6.645613032294942002e+01,6.351486102921970911e+00
6.647613603886824762e+01,6.691102236317812313e+00
6.649614175478708944e+01,7.359232620125760960e+00
6.651614747070591704e+01,7.770786047847280997e+00
6.653615318662474465e+01,6.986040506418898843e+00
6.655615890254358646e+01,6.597978325916665554e+00
6.657616461846242828e+01,7.927101437239279846e+00
6.659617033438125588e+01,7.693919592413960729e+00
6.661617605030008349e+01,7.868213301533300452e+00
6.663618176621892530e+01,7.132818430847462920e+00
6.665618748213776712e+01,7.470928806345094486e+00
6.667619319805658051e+01,7.482711135570538019e+00
6.669619891397542233e+01,7.350351624984874377e+00
6.671620462989426414e+01,7.567182371967280829e+00
6.673621034581309175e+01,7.627227862204237319e+00
6.675621606173191935e+01,6.633504580447210586e+00
6.677622177765076117e+01,6.691552450616833347e+00
6.679622749356960298e+01,5.766021708191948036e+00
6.681623320948843059e+01,5.897495764292790987e+00
6.683623892540725819e+01,6.140752278914187734e+00
6.685624464132610001e+01,5.339953858831171019e+00
6.687625035724492761e+01,6.622046433396992171e+00
6.689625607316375522e+01,6.091798176781196617e+00
6.691626178908259703e+01,5.419298310297396171e+00
6.693626750500143885e+01,5.103016665010033037e+00
6.695627322092026645e+01,4.866070686923656297e+00
6.697627893683909406e+01,6.019106529294566243e+00
6.699628465275793587e+01,5.973663089572948337e+00
6.701629036867677769e+01,4.873473149893891687e+00
6.703629608459560529e+01,5.814560322863504993e+00
6.705630180051443290e+01,4.892500429068173950e+00
6.707630751643327471e+01,5.341932075372798572e+00
6.709631323235210232e+01,5.677636607227650956e+00
6.711631894827092992e+01,6.684521159436574322e+00
6.713632466418977174e+01,7.107798215695017241e+00
6.715633038010861355e+01,7.175254283980837755e+00
6.717633609602744116e+01,7.108777765764902057e+00
6.719634181194626876e+01,7.339102791092670941e+00
6.721634752786511058e+01,7.018060153450497829e+00
6.723635324378393818e+01,7.771821906182858619e+00
6.725635895970276579e+01,7.777046188631555168e+00
6.727636467562160760e+01,7.155978180801925603e+00
6.729637039154044942e+01,7.978809496955681979e+00
6.731637610745927702e+01,7.905348723036001779e+00
6.733638182337810463e+01,7.767939919557143469e+00
6.735638753929694644e+01,8.045878537550747112e+00
6.737639325521578826e+01,7.861312553827492167e+00
6.739639897113461586e+01,8.057939417121474435e+00
6.741640468705344347e+01,8.467872769423973267e+00
6.743641040297228528e+01,7.821615518667972111e+00
6.745641611889111289e+01,7.626606425181035043e+00
6.747642183480994049e+01,7.703719272029570853e+00
6.749642755072878231e+01,6.940501984989717599e+00
6.751643326664762412e+01,7.275902073923266045e+00
6.753643898256645173e+01,7.643809782163658362e+00
6.755644469848527933e+01,6.792664319335584899e+00
6.757645041440412115e+01,6.295772652179069340e+00
6.759645613032296296e+01,6.949629587677111253e+00
6.761646184624177636e+01,5.772765017866725579e+00
6.763646756216061817e+01,5.698797646537508754e+00
6.765647327807945999e+01,6.208934157215591831e+00
6.767647899399828759e+01,5.283699259527659287e+00
6.769648470991711520e+01,5.063347808808329020e+00
6.771649042583595701e+01,4.880887940244969414e+00
6.773649614175479883e+01,6.106090124833862376e+00
6.775650185767362643e+01,5.325007678945371303e+00
6.777650757359245404e+01,4.959872931469447188e+00
6.779651328951129585e+01,4.608286959630525814e+00
6.781651900543012346e+01,5.348299017769367225e+00
6.783652472134895106e+01,5.245252499029771087e+00
6.785653043726779288e+01,4.632368327158773447e+00
6.787653615318663469e+01,4.402623894166296736e+00
6.789654186910546230e+01,4.615045232358163219e+00
6.791654758502428990e+01,4.088055075777115022e+00
6.793655330094313172e+01,5.355387520177714578e+00
6.795655901686197353e+01,5.236975998340039240e+00
6.797656473278080114e+01,4.268054720690376058e+00
6.799657044869962874e+01,4.012636288971695997e+00
6.801657616461847056e+01,5.277070540625384609e+00
6.803658188053729816e+01,4.390740121939650464e+00
6.805658759645612577e+01,4.930276768570180046e+00
6.807659331237496758e+01,4.672320370725877581e+00
6.809659902829380940e+01,5.351570226577380573e+00
6.811660474421263700e+01,5.711765581718987406e+00
6.813661046013146461e+01,4.912362436536477084e+00
6.815661617605030642e+01,5.229032689966089720e+00
6.817662189196913403e+01,5.378581183909414420e+00
6.819662760788796163e+01,5.907510838715824164e+00
6.821663332380680345e+01,5.427283790437050115e+00
6.823663903972564526e+01,5.627990253119216746e+00
6.825664475564447287e+01,6.122406592584191287e+00
6.827665047156330047e+01,5.246745775200470696e+00
6.829665618748214229e+01,6.482065064933022036e+00
6.831666190340098410e+01,5.862120349926103202e+00
6.833666761931981171e+01,7.167418528921486676e+00
6.835667333523863931e+01,6.776403249492680914e+00
6.837667905115748113e+01,6.088486734747681872e+00
6.839668476707630873e+01,6.960259266615549834e+00
6.841669048299513634e+01,6.599400106337755645e+00
6.843669619891397815e+01,7.358144149461599781e+00
6.845670191483281997e+01,6.468993785432869181e+00
6.847670763075164757e+01,6.640796916536697125e+00
6.849671334667047518e+01,6.518007255700174696e+00
6.851671906258931699e+01,7.350769673851445418e+00
6.853672477850815881e+01,7.412976283836256286e+00
6.855673049442697220e+01,7.355418838576103902e+00
6.857673621034581402e+01,7.255340045736414112e+00
6.859674192626465583e+01,7.565498713099819028e+00
6.861674764218348344e+01,7.358244891061270110e+00
6.863675335810231104e+01,7.913912785077869216e+00
6.865675907402115286e+01,9.063012857538035760e+00
6.867676478993999467e+01,8.803302741950389532e+00
6.869677050585882228e+01,9.724992847612574209e+00
6.871677622177764988e+01,9.908093594082576061e+00
6.873678193769649170e+01,1.038747880773383692e+01
6.875678765361531930e+01,1.020611574875180949e+01
6.877679336953414690e+01,1.163880024774359967e+01
6.879679908545298872e+01,1.197159454144540192e+01
6.881680480137183054e+01,1.269798059146010338e+01
6.883681051729065814e+01,1.279951643714703735e+01
6.885681623320948574e+01,1.354308429298211358e+01
6.887682194912832756e+01,1.336669089756645512e+01
6.889682766504716938e+01,1.283776677454768489e+01
6.891683338096599698e+01,1.330167928930836396e+01
6.893683909688482458e+01,1.277478417222035389e+01
6.895684481280366640e+01,1.306479317905550630e+01
6.897685052872249400e+01,1.345644428196649756e+01
6.899685624464132161e+01,1.333701899504913335e+01
6.901686196056016342e+01,1.300481543734895595e+01
6.903686767647900524e+01,1.306306043070857470e+01
6.905687339239783284e+01,1.400965293571830195e+01
6.907687910831666045e+01,1.279452236084715544e+01
6.909688482423550226e+01,1.362533614578675234e+01
6.911689054015432987e+01,1.290397438824920329e+01
6.913689625607315747e+01,1.287550996278987903e+01
6.915690197199199929e+01,1.238361778661112744e+01
6.917690768791084110e+01,1.267411087886097576e+01
6.919691340382966871e+01,1.136347544814426058e+01
6.921691911974849631e+01,1.152523413309073419e+01
6.923692483566733813e+01,1.112346114992584845e+01
6.925693055158617994e+01,1.137933456379186481e+01
6.927693626750500755e+01,1.011976627838309994e+01
6.929694198342383515e+01,9.291743520732124395e+00
6.931694769934267697e+01,9.773887113660233439e+00
6.933695341526150457e+01,8.847424572261285647e+00
6.935695913118033218e+01,8.692841892045521490e+00
6.937696484709917399e+01,8.515653858932598297e+00
6.939697056301801581e+01,8.099298403858961493e+00
6.941697627893684341e+01,7.589588452200764834e+00
6.943698199485567102e+01,8.423402941801704458e+00
6.945698771077451283e+01,7.702058067252151474e+00
6.947699342669335465e+01,8.031585215778759945e+00
6.949699914261216804e+01,7.326186815773992222e+00
6.951700485853100986e+01,7.647733183533190982e+00
6.953701057444985167e+01,7.597233226272577689e+00
6.955701629036867928e+01,7.600333830562535198e+00
6.957702200628750688e+01,6.431965933675805047e+00
6.959702772220634870e+01,6.974842487274508507e+00
6.961703343812519051e+01,6.781498267908416366e+00
6.963703915404401812e+01,7.216445216006913022e+00
6.965704486996284572e+01,6.918919318585023071e+00
6.967705058588168754e+01,7.158231497268697119e+00
6.969705630180051514e+01,7.090108435067213222e+00
6.971706201771934275e+01,5.765571894545333365e+00
6.973706773363818456e+01,6.635953986452653552e+00
6.975707344955702638e+01,6.602310499138368982e+00
6.977707916547585398e+01,6.716905348529044417e+00
6.979708488139468159e+01,6.790157737878619315e+00
6.981709059731352340e+01,6.470479980332850545e+00
6.983709631323236522e+01,6.565401818774902587e+00
6.985710202915119282e+01,6.488670742251510859e+00
6.987710774507002043e+01,7.700131698264092606e+00
6.989711346098886224e+01,7.300472042213129953e+00
6.991711917690768985e+01,7.842058549426122127e+00
6.993712489282651745e+01,8.075921131468550840e+00
6.995713060874535927e+01,8.053690797205042884e+00
6.997713632466420108e+01,8.851486749622051065e+00
6.999714204058302869e+01,8.373424886059073202e+00
7.001714775650185629e+01,8.315251720891820852e+00
7.003715347242069811e+01,7.597062149570072087e+00
7.005715918833952571e+01,8.030421479433799803e+00
7.007716490425835332e+01,8.752731069409424691e+00
7.009717062017719513e+01,8.052361514860086444e+00
7.011717633609603695e+01,8.502087524281947140e+00
7.013718205201486455e+01,8.629392473954553111e+00
7.015718776793369216e+01,8.925292655061817015e+00
7.017719348385253397e+01,8.660610508608852953e+00
7.019719919977137579e+01,9.033092259248613587e+00
7.021720491569020339e+01,8.809172674125143487e+00
7.023721063160903100e+01,8.899017926457732486e+00
7.025721634752787281e+01,9.189370447334937353e+00
7.027722206344670042e+01,8.527472859126758564e+00
7.029722777936552802e+01,9.297796339600205684e+00
7.031723349528436984e+01,9.164610630881510289e+00
7.033723921120321165e+01,8.322791350638571117e+00
7.035724492712203926e+01,9.449530599415362886e+00
7.037725064304086686e+01,8.600972124379861583e+00
7.039725635895970868e+01,8.978599743569875002e+00
7.041726207487855049e+01,8.770592070075791113e+00
7.043726779079736389e+01,8.646261841044724505e+00
7.045727350671620570e+01,8.984059604983189118e+00
7.047727922263504752e+01,8.349881998939643779e+00
7.049728493855387512e+01,7.966936080393842268e+00
7.051729065447270273e+01,8.078055796082210804e+00
7.053729637039154454e+01,8.402067347800537433e+00
7.055730208631038636e+01,8.785071160008088853e+00
7.057730780222921396e+01,8.240945109968834004e+00
7.059731351814804157e+01,7.793289632422348845e+00
7.061731923406688338e+01,8.567179079279302556e+00
7.063732494998571099e+01,8.814170202095295892e+00
7.065733066590453859e+01,8.833611209682699084e+00
7.067733638182338041e+01,8.124741500188862986e+00
7.069734209774222222e+01,8.556428176359727189e+00
7.071734781366104983e+01,9.463173938976700228e+00
7.073735352957987743e+01,8.757319234981416400e+00
7.075735924549871925e+01,9.104084671902123560e+00
7.077736496141756106e+01,8.792962647127621878e+00
7.079737067733638867e+01,9.526898649377043782e+00
7.081737639325521627e+01,9.322452147446810500e+00
7.083738210917405809e+01,9.791422618458673455e+00
7.085738782509288569e+01,9.259598356549227915e+00
7.087739354101171330e+01,1.055042468378279175e+01
7.089739925693055511e+01,9.761912015032255141e+00
7.091740497284939693e+01,1.018459762230886589e+01
7.093741068876822453e+01,1.004651423248961173e+01
7.095741640468705214e+01,9.610397745346990206e+00
7.097742212060589395e+01,1.016970478054506977e+01
7.099742783652472156e+01,9.330302485745370689e+00
7.101743355244354916e+01,8.730472555360956122e+00
7.103743926836239098e+01,8.083763800407856692e+00
7.105744498428123279e+01,9.155688827426009979e+00
7.107745070020006040e+01,7.772342383189547732e+00
7.109745641611888800e+01,7.733963448615218006e+00
7.111746213203772982e+01,8.164549277115781933e+00
7.113746784795657163e+01,7.659968493880874973e+00
7.115747356387539924e+01,7.811896237961853728e+00
7.117747927979422684e+01,6.923891093762009064e+00
7.119748499571306866e+01,7.810786370512270871e+00
7.121749071163189626e+01,7.446398632129563211e+00
7.123749642755072387e+01,7.183510398586351542e+00
7.125750214346956568e+01,6.880496531163112550e+00
7.127750785938840750e+01,7.704612778617843105e+00
7.129751357530723510e+01,7.095822185010055350e+00
7.131751929122606271e+01,7.409940673776246101e+00
7.133752500714490452e+01,6.910955048617699603e+00
7.135753072306374634e+01,7.219685860189164472e+00
7.137753643898255973e+01,7.360503804768800507e+00
7.139754215490140155e+01,8.418147203102495979e+00
7.141754787082024336e+01,7.371776669827024620e+00
7.143755358673907097e+01,8.293603731404076029e+00
7.145755930265789857e+01,7.367165584042247417e+00
7.147756501857674039e+01,7.740429300911889854e+00
7.149757073449558220e+01,7.165595808657160504e+00
7.151757645041440981e+01,8.242266106692436978e+00
7.153758216633323741e+01,7.331055635016065608e+00
7.155758788225207923e+01,8.071641907596198706e+00
7.157759359817090683e+01,6.885814717484997516e+00
7.159759931408973443e+01,7.588159849213800712e+00
7.161760503000857625e+01,6.700500781474813650e+00
7.163761074592741807e+01,6.443025540830367603e+00
7.165761646184624567e+01,6.864802694869556632e+00
7.167762217776507327e+01,6.987012177745484998e+00
7.169762789368391509e+01,6.839657950155618948e+00
7.171763360960275691e+01,6.515761597043062459e+00
7.173763932552158451e+01,7.638849393829902468e+00
7.175764504144041211e+01,6.458334347170859857e+00
7.177765075735925393e+01,6.829893180350797621e+00
7.179765647327808153e+01,6.767513452511938254e+00
7.181766218919690914e+01,7.730625045657264494e+00
7.183766790511575095e+01,8.291604089457930371e+00
7.185767362103459277e+01,8.252084123139512783e+00
7.187767933695342037e+01,7.934059517190373612e+00
7.189768505287224798e+01,8.793708489457124244e+00
7.191769076879108979e+01,8.298017973639327138e+00
7.193769648470991740e+01,8.263613767398796384e+00
7.195770220062874500e+01,8.778413270706998617e+00
7.197770791654758682e+01,8.304909617793713394e+00
7.199771363246642863e+01,8.146674936385283061e+00
7.201771934838525624e+01,7.939103562377369805e+00
7.203772506430408384e+01,7.882196526343026477e+00
7.205773078022292566e+01,7.404188066574032945e+00
7.207773649614176747e+01,6.741598334307187024e+00
7.209774221206059508e+01,6.730433946170552240e+00
7.211774792797942268e+01,5.726038496241637077e+00
7.213775364389826450e+01,5.672770192270920830e+00
7.215775935981709210e+01,5.299654695622093570e+00
7.217776507573591971e+01,6.049915934638152137e+00
7.219777079165476152e+01,5.404231840912959051e+00
7.221777650757360334e+01,5.500299176514239718e+00
7.223778222349243094e+01,5.158248403687718309e+00
7.225778793941125855e+01,5.246764390997252114e+00
7.227779365533010036e+01,4.581023833917644339e+00
7.229779937124894218e+01,5.043656394846016688e+00
7.231780508716775557e+01,5.135674103594819684e+00
7.233781080308659739e+01,5.103997197092989602e+00
7.235781651900543920e+01,5.387916916290451219e+00
7.237782223492426681e+01,5.601285892189727278e+00
7.239782795084309441e+01,5.681132612256824643e+00
7.241783366676193623e+01,5.674329333118434349e+00
7.243783938268077804e+01,4.982270323254850197e+00
7.245784509859960565e+01,5.656024598886950194e+00
7.247785081451843325e+01,6.069496237373748215e+00
7.249785653043727507e+01,5.662658566102413360e+00
7.251786224635610267e+01,6.164724069942410623e+00
7.253786796227493028e+01,5.607201345534877035e+00
7.255787367819377209e+01,6.380388315936092347e+00
7.257787939411261391e+01,6.320333171345211554e+00
7.259788511003144151e+01,5.712929809551913429e+00
7.261789082595026912e+01,5.070647557419771800e+00
7.263789654186911093e+01,5.184919178457836786e+00
7.265790225778795275e+01,6.089826397775246924e+00
7.267790797370678035e+01,5.474322994073871129e+00
7.269791368962560796e+01,5.386342009385630902e+00
7.271791940554444977e+01,4.784916169329923363e+00
7.273792512146327738e+01,5.123826444046451378e+00
7.275793083738210498e+01,5.541293439812426058e+00
7.277793655330094680e+01,5.786099113066535793e+00
7.279794226921978861e+01,5.076395969602957692e+00
7.281794798513861622e+01,4.651768819142724887e+00
7.283795370105744382e+01,5.169363855136332120e+00
7.285795941697628564e+01,4.805317136638493025e+00
7.287796513289511324e+01,4.578386335566533738e+00
7.289797084881394085e+01,4.763048864083799572e+00
7.291797656473278266e+01,4.893585041608045749e+00
7.293798228065162448e+01,4.553989329349830584e+00
7.295798799657045208e+01,4.668647005088294222e+00
7.297799371248927969e+01,4.014234635852869104e+00
7.299799942840812150e+01,3.723937764974036391e+00
7.301800514432696332e+01,4.170521715348610492e+00
7.303801086024579092e+01,4.238309467549697729e+00
7.305801657616461853e+01,4.223057126412204987e+00
7.307802229208346034e+01,3.305330863795804763e+00
7.309802800800228795e+01,4.487437264988067831e+00
7.311803372392111555e+01,4.002054731360196627e+00
7.313803943983995737e+01,4.723311844902462475e+00
7.315804515575879918e+01,4.176016684478410568e+00
7.317805087167762679e+01,3.877636826625631805e+00
7.319805658759645439e+01,4.600443615325020552e+00
7.321806230351529621e+01,3.856408986918967496e+00
7.323806801943413802e+01,4.519732295178745751e+00
7.325807373535295142e+01,4.093113686149744801e+00
7.327807945127179323e+01,3.399928330071718019e+00
7.329808516719063505e+01,4.509057119016551596e+00
7.331809088310946265e+01,3.232686663830912188e+00
7.333809659902829026e+01,3.721747477896077072e+00
7.335810231494713207e+01,3.676707335689411771e+00
7.337810803086597389e+01,4.347144370910077882e+00
7.339811374678480149e+01,3.306016660032303101e+00
7.341811946270362910e+01,3.567279861761362358e+00
7.343812517862247091e+01,4.286167981252234860e+00
7.345813089454129852e+01,3.599232946389685051e+00
7.347813661046012612e+01,4.080827655675515864e+00
7.349814232637896794e+01,4.204795645116043978e+00
7.351814804229780975e+01,4.294881345275534557e+00
7.353815375821663736e+01,4.766803245627753149e+00
7.355815947413546496e+01,4.540652990603018857e+00
7.357816519005430678e+01,4.178679275475038146e+00
7.359817090597314859e+01,3.786340065021564616e+00
7.361817662189197620e+01,4.590449678036812031e+00
7.363818233781080380e+01,4.279603274939161039e+00
7.365818805372964562e+01,4.449484957642197536e+00
7.367819376964847322e+01,4.641392504574490374e+00
7.369819948556730083e+01,4.639967766783120950e+00
7.371820520148614264e+01,4.255677283713103165e+00
7.373821091740498446e+01,4.412452683810523801e+00
7.375821663332381206e+01,4.503914851821781973e+00
7.377822234924263967e+01,4.256640247917514053e+00
7.379822806516148148e+01,4.431299716222996565e+00
7.381823378108030909e+01,4.912472414284961175e+00
7.383823949699913669e+01,4.810140619719866173e+00
7.385824521291797851e+01,3.969476752963533084e+00
7.387825092883682032e+01,4.727628398690368883e+00
7.389825664475564793e+01,4.757751169987638917e+00
7.391826236067447553e+01,4.693275009610815118e+00
7.393826807659331735e+01,4.856021405263572177e+00
7.395827379251215916e+01,4.400115858468844010e+00
7.397827950843098677e+01,5.175728861035707951e+00
7.399828522434981437e+01,4.567830782241257381e+00
7.401829094026865619e+01,4.150219478375310800e+00
7.403829665618748379e+01,3.687022715245967142e+00
7.405830237210632561e+01,4.253541100459006685e+00
7.407830808802515321e+01,4.356725433327588881e+00
7.409831380394398082e+01,4.032340721253675930e+00
7.411831951986282263e+01,4.764109324294739878e+00
7.413832523578165024e+01,3.472548069446005137e+00
7.415833095170049205e+01,3.181659673261430399e+00
7.417833666761931966e+01,4.299095424482578309e+00
7.419834238353816147e+01,3.595679396903426195e+00
7.421834809945698908e+01,3.859843210184414009e+00
7.423835381537583089e+01,4.080068666645026099e+00
7.425835953129465850e+01,3.541435827880929477e+00
7.427836524721348610e+01,3.189704212240828785e+00
7.429837096313232792e+01,3.398429552672516785e+00
7.431837667905115552e+01,4.532045706090555015e+00
7.433838239496999734e+01,4.428324992695134021e+00
7.435838811088882494e+01,3.004362807660763135e+00
7.437839382680766676e+01,3.622638057666188516e+00
7.439839954272649436e+01,3.786517559643862718e+00
7.441840525864533618e+01,3.474603536166272821e+00
7.443841097456416378e+01,3.507417210084581960e+00
7.445841669048300560e+01,3.981909399236297720e+00
7.447842240640183320e+01,3.930523930432869406e+00
7.449842812232066080e+01,3.646420239239791083e+00
7.451843383823950262e+01,4.279119474524414102e+00
7.453843955415833022e+01,3.448407233760035773e+00
7.455844527007717204e+01,4.604772239346527130e+00
7.457845098599599964e+01,4.231507743352374007e+00
7.459845670191484146e+01,4.564362543067959521e+00
7.461846241783366906e+01,4.988321403683290356e+00
7.463846813375251088e+01,4.110717525210606738e+00
7.465847384967133848e+01,4.902268890380321764e+00
7.467847956559016609e+01,4.328372170603838498e+00
7.469848528150900790e+01,4.120952341138096386e+00
7.471849099742783551e+01,4.358413417327133388e+00
7.473849671334667732e+01,4.247876816044751536e+00
7.475850242926550493e+01,4.719716227887631455e+00
7.477850814518434674e+01,5.214066348742058210e+00
7.479851386110317435e+01,4.944542674862549170e+00
7.481851957702201616e+01,4.574206753961409078e+00
7.483852529294084377e+01,5.441059427313559738e+00
7.485853100885967137e+01,5.591201607555741582e+00
7.487853672477851319e+01,5.582590119042578181e+00
7.489854244069734079e+01,5.980080880363621176e+00
7.491854815661618261e+01,5.487512845765960989e+00
7.493855387253501021e+01,6.019038731883977533e+00
7.495855958845385203e+01,5.780977119713888612e+00
7.497856530437267963e+01,6.402328014130270972e+00
7.499857102029152145e+01,6.254763000276623686e+00
7.501857673621034905e+01,6.558548655901764945e+00
7.503858245212917666e+01,6.995913707814162663e+00
7.505858816804801847e+01,7.152767909843881000e+00
7.507859388396684608e+01,6.549823856586202808e+00
7.509859959988568789e+01,7.381012582852174653e+00
7.511860531580451550e+01,7.307748665528336574e+00
7.513861103172335731e+01,6.870076311304902816e+00
7.515861674764218492e+01,6.781527332332302649e+00
7.517862246356102673e+01,6.579802293892477394e+00
7.519862817947985434e+01,6.634807037097449900e+00
7.521863389539868194e+01,5.955400567159209402e+00
7.523863961131752376e+01,6.088521358719477305e+00
7.525864532723635136e+01,6.692511143431435272e+00
7.527865104315519318e+01,6.042188285819682037e+00
7.529865675907402078e+01,5.358715895933467976e+00
7.531866247499286260e+01,5.571278346484167088e+00
7.533866819091169020e+01,5.150299115882750023e+00
7.535867390683053202e+01,4.663613883909929925e+00
7.537867962274935962e+01,4.758495644145698478e+00
7.539868533866820144e+01,4.816836655791507660e+00
7.541869105458702904e+01,4.059620732016089306e+00
7.543869677050585665e+01,4.341545619676751677e+00
7.545870248642469846e+01,3.836689100948064368e+00
7.547870820234352607e+01,3.958394081715469692e+00
7.549871391826236788e+01,4.000038005022842569e+00
7.551871963418119549e+01,4.492171606561116803e+00
7.553872535010003730e+01,3.996492103830223908e+00
7.555873106601886491e+01,4.419213415419373625e+00
7.557873678193770672e+01,4.796624780831873380e+00
7.559874249785653433e+01,3.835921346685325251e+00
7.561874821377536193e+01,4.688998249548742336e+00
7.563875392969420375e+01,4.887970795309384719e+00
7.565875964561303135e+01,4.648868545269242425e+00
7.567876536153187317e+01,4.942963350555197977e+00
7.569877107745070077e+01,4.758535566193422994e+00
7.571877679336954259e+01,4.847367544482342971e+00
7.573878250928837019e+01,6.385849747532843068e+00
7.575878822520721201e+01,6.198126637492814339e+00
7.577879394112603961e+01,6.502430172256218555e+00
7.579879965704486722e+01,5.874963399428485999e+00
7.581880537296370903e+01,6.214308052943328775e+00
7.583881108888253664e+01,6.776802648699586484e+00
7.585881680480137845e+01,7.334914687678210754e+00
7.587882252072020606e+01,7.238151413231939557e+00
7.589882823663904787e+01,7.138012766708473400e+00
7.591883395255787548e+01,7.275503646925772117e+00
7.593883966847671729e+01,7.260666360921394613e+00
7.595884538439554490e+01,7.064759604204402521e+00
7.597885110031437250e+01,7.643787234525518670e+00
7.599885681623321432e+01,6.365130488716411961e+00
7.601886253215204192e+01,6.675287065955211041e+00
7.603886824807088374e+01,7.133273502810947519e+00
7.605887396398971134e+01,6.185577098204596780e+00
7.607887967990855316e+01,6.887236824941413538e+00
7.609888539582738076e+01,7.380968638914106705e+00
7.611889111174622258e+01,6.452573902689269225e+00
7.613889682766505018e+01,6.820079599103193502e+00
7.615890254358387779e+01,6.318540264973039555e+00
7.617890825950271960e+01,6.575912821956710452e+00
7.619891397542154721e+01,5.844047683906063995e+00
7.621891969134038902e+01,6.231799410927989058e+00
7.623892540725921663e+01,6.174884648639085150e+00
7.625893112317805844e+01,5.483460693839697697e+00
7.627893683909688605e+01,6.341754221266303837e+00
7.629894255501572786e+01,5.623683414859295127e+00
7.631894827093455547e+01,5.831463251409507720e+00
7.633895398685339728e+01,6.167578221894573609e+00
7.635895970277222489e+01,6.386563682423872734e+00
7.637896541869105249e+01,5.601482815855014508e+00
7.639897113460989431e+01,5.532807988624861117e+00
7.641897685052872191e+01,5.509119208314716687e+00
7.643898256644756373e+01,6.138029671682657451e+00
7.645898828236639133e+01,5.234449671542082072e+00
7.647899399828523315e+01,6.028502269524521395e+00
7.649899971420406075e+01,5.363437629292627129e+00
7.651900543012290257e+01,6.002332692158252492e+00
7.653901114604173017e+01,4.693400630912545779e+00
7.655901686196055778e+01,5.027601623932004493e+00
7.657902257787939959e+01,4.330178357995085214e+00
7.659902829379822720e+01,5.485358602634766712e+00
7.661903400971706901e+01,4.687846436833249086e+00
7.663903972563589662e+01,5.336418963561536444e+00
7.665904544155473843e+01,4.910134936193735200e+00
7.667905115747356604e+01,5.625860298720343877e+00
7.669905687339240785e+01,4.723405528946286402e+00
7.671906258931123546e+01,4.923213729209116707e+00
7.673906830523006306e+01,4.989679169907954126e+00
7.675907402114890488e+01,4.336234287104012708e+00
7.677907973706773248e+01,4.940963122954186382e+00
7.679908545298657430e+01,4.571636608934828594e+00
7.681909116890540190e+01,4.673894319286106658e+00
7.683909688482424372e+01,5.004101213250950586e+00
7.685910260074307132e+01,4.367654840840874186e+00
7.687910831666191314e+01,5.260116175849583797e+00
7.689911403258074074e+01,5.282672650138692916e+00
7.691911974849956835e+01,5.570533852434843780e+00
7.693912546441841016e+01,4.917721478549162306e+00
7.695913118033723777e+01,4.965456025941478835e+00
7.697913689625607958e+01,5.376218276020996889e+00
7.699914261217490719e+01,4.561681478103569276e+00
7.701914832809374900e+01,4.951339680135620647e+00
7.703915404401257661e+01,5.012336252975249096e+00
7.705915975993141842e+01,5.099988950762707418e+00
7.707916547585024603e+01,4.881667829764863242e+00
7.709917119176907363e+01,5.368166503509785414e+00
7.711917690768791545e+01,5.405108273741648262e+00
7.713918262360674305e+01,6.047574054843369851e+00
7.715918833952558487e+01,6.412004843281124522e+00
7.717919405544441247e+01,6.113214824293878635e+00
7.719919977136325429e+01,5.967327374125495076e+00
7.721920548728208189e+01,6.843745014312135666e+00
7.723921120320092371e+01,6.632480305679861132e+00
7.725921691911975131e+01,6.564821832727737672e+00
7.727922263503859313e+01,7.692599905909283109e+00
7.729922835095742073e+01,7.493863149128463519e+00
7.731923406687624833e+01,7.644840597333548260e+00
7.733923978279509015e+01,8.263699804109066349e+00
7.735924549871391775e+01,7.770244622566218951e+00
7.737925121463275957e+01,8.116943426869418943e+00
7.739925693055158717e+01,7.396042832504413411e+00
7.741926264647042899e+01,8.746966475262752283e+00
7.743926836238925659e+01,8.195280956560708319e+00
7.745927407830809841e+01,7.326084983238054349e+00
7.747927979422692601e+01,7.698428042255189396e+00
7.749928551014575362e+01,8.711240900810919285e+00
7.751929122606459543e+01,8.146646577891175411e+00
7.753929694198342304e+01,8.515188316894999332e+00
7.755930265790226485e+01,8.305407215866553727e+00
7.757930837382109246e+01,8.411936614771377663e+00
7.759931408973993427e+01,8.091494225550128760e+00
7.761931980565876188e+01,8.863227378786165289e+00
7.763932552157760369e+01,8.929110310768713532e+00
7.765933123749643130e+01,7.682961200155388859e+00
7.767933695341525890e+01,7.304895108012617655e+00
7.769934266933410072e+01,7.992628437022184507e+00
7.771934838525292832e+01,8.810751466967527534e+00
7.773935410117177014e+01,7.954702605934462767e+00
7.775935981709059774e+01,7.518364273540649734e+00
7.777936553300943956e+01,8.088083263358440078e+00
7.779937124892826716e+01,7.945241949664981540e+00
7.781937696484710898e+01,7.812944362772061169e+00
7.783938268076593658e+01,7.621910574476101985e+00
7.785938839668476419e+01,7.397048434003007600e+00
7.787939411260360600e+01,7.228824088227389311e+00
7.789939982852243361e+01,7.662058599091919220e+00
7.791940554444127542e+01,7.121054640997225071e+00
7.793941126036010303e+01,7.166457226880316611e+00
7.795941697627894484e+01,7.902310933484930189e+00
7.797942269219777245e+01,7.341645146872461503e+00
7.799942840811661426e+01,6.832074373579608562e+00
7.801943412403544187e+01,7.384369697406457433e+00
7.803943983995426947e+01,6.455244667846906204e+00
7.805944555587311129e+01,6.258167203603303363e+00
7.807945127179193889e+01,6.961555228572667176e+00
7.809945698771078071e+01,6.546290184338342755e+00
7.811946270362960831e+01,6.226273015164874636e+00
7.813946841954845013e+01,6.375310276258382203e+00
7.815947413546727773e+01,7.393621944643602006e+00
7.817947985138611955e+01,6.472839638467131174e+00
7.819948556730494715e+01,6.052610090498330209e+00
7.821949128322378897e+01,6.002032516160303643e+00
7.823949699914261657e+01,5.678624877206323696e+00
7.825950271506144418e+01,6.140825368966174480e+00
7.827950843098028599e+01,5.732488616044113527e+00
7.829951414689911360e+01,6.116260200784489065e+00
7.831951986281795541e+01,5.628489495534505949e+00
7.833952557873678302e+01,5.189613397770758141e+00
7.835953129465562483e+01,5.493897821923683367e+00
7.837953701057445244e+01,5.542450563074146963e+00
7.839954272649329425e+01,5.067642071728370112e+00
7.841954844241212186e+01,5.767468123077433617e+00
7.843955415833094946e+01,4.547670247850918557e+00
7.845955987424979128e+01,4.502977686291341541e+00
7.847956559016861888e+01,4.952223246347692509e+00
7.849957130608746070e+01,4.554173514667663625e+00
7.851957702200628830e+01,4.172081152785771962e+00
7.853958273792513012e+01,5.337405391537326516e+00
7.855958845384395772e+01,4.936671929340050724e+00
7.857959416976279954e+01,5.055844203544653581e+00
7.859959988568162714e+01,4.803294315325424613e+00
7.861960560160045475e+01,4.975449596758833692e+00
7.863961131751929656e+01,4.421092692861131823e+00
7.865961703343812417e+01,5.808941533353678466e+00
7.867962274935696598e+01,5.957711884408439573e+00
7.869962846527579359e+01,6.248058031091148656e+00
7.871963418119463540e+01,6.004970866277124841e+00
7.873963989711346301e+01,5.779704852627856049e+00
7.875964561303230482e+01,6.369662778498968336e+00
7.877965132895113243e+01,5.676500348895967107e+00
7.879965704486996003e+01,6.200779235881284102e+00
7.881966276078880185e+01,5.988878118295247077e+00
7.883966847670762945e+01,6.937130563657659010e+00
7.885967419262647127e+01,6.569214421505000345e+00
7.887967990854529887e+01,6.353926239117514640e+00
7.889968562446414069e+01,7.168028422848275127e+00
7.891969134038296829e+01,7.393981858888195369e+00
7.893969705630181011e+01,7.812011473775442916e+00
7.895970277222063771e+01,7.361100850900654358e+00
7.897970848813946532e+01,7.847640792509738006e+00
7.899971420405830713e+01,8.417561052244282749e+00
7.901971991997713474e+01,8.164864869927061619e+00
7.903972563589597655e+01,8.071357634437593020e+00
7.905973135181480416e+01,8.135668607487337667e+00
7.907973706773364597e+01,7.588272985888039557e+00
7.909974278365247358e+01,7.243720190999364483e+00
7.911974849957131539e+01,7.581357479078512540e+00
7.913975421549014300e+01,8.320704471078474995e+00
7.915975993140898481e+01,7.374418236039902652e+00
7.917976564732781242e+01,8.062353516008798238e+00
7.919977136324664002e+01,7.277426749938154416e+00
7.921977707916548184e+01,7.748086501986362506e+00
7.923978279508430944e+01,7.000500896630854619e+00
7.925978851100315126e+01,6.568935715036102962e+00
7.927979422692197886e+01,7.294789094316291411e+00
7.929979994284082068e+01,6.951908654004425259e+00
7.931980565875964828e+01,7.641873042216612788e+00
7.933981137467849010e+01,6.514394093858922652e+00
7.935981709059731770e+01,6.149508415287446184e+00
7.937982280651614531e+01,6.398004659936305849e+00
7.939982852243498712e+01,6.050429678108917741e+00
7.941983423835381473e+01,5.883512275516034506e+00
7.943983995427265654e+01,5.684660869850953091e+00
7.945984567019148415e+01,6.629031047084711581e+00
7.947985138611032596e+01,5.786264727236650529e+00
7.949985710202915357e+01,5.642907381099073305e+00
7.951986281794799538e+01,5.599807841258941821e+00
7.953986853386682299e+01,4.561643842739750099e+00
7.955987424978565059e+01,5.187324986505602809e+00
7.957987996570449241e+01,4.716862069455157069e+00
7.959988568162332001e+01,5.379871991862857250e+00
7.961989139754216183e+01,5.514842135190550998e+00
7.963989711346098943e+01,5.757243265241337227e+00
7.965990282937983125e+01,5.989747484230217189e+00
7.967990854529865885e+01,5.582365446122221186e+00
7.969991426121750067e+01,6.030280039616175536e+00
7.971991997713632827e+01,5.427016293980653217e+00
7.973992569305515588e+01,5.915481276298798718e+00
7.975993140897399769e+01,6.075975243293799899e+00
7.977993712489282530e+01,7.141118663527517896e+00
7.979994284081166711e+01,6.088532346284777574e+00
7.981994855673049472e+01,7.244322690208965021e+00
7.983995427264933653e+01,6.764054087375615865e+00
7.985995998856816414e+01,6.775370406339419560e+00
7.987996570448700595e+01,7.562899853189419375e+00
7.989997142040583356e+01,7.789118376937157251e+00
7.991997713632466116e+01,6.616400093955798312e+00
7.993998285224350298e+01,7.166861300206052832e+00
7.995998856816233058e+01,7.670606738320771889e+00
7.997999428408117240e+01,7.515268597667763117e+00
8.000000000000000000e+01,4.473613562525823539e+00
