angle,intensity
1.000000000000000000e+01,5.541802280003500059e+00
1.002000571591883471e+01,6.396084182267085083e+00
1.004001143183766764e+01,6.080053921218805613e+00
1.006001714775650235e+01,5.568764286376890027e+00
1.008002286367533529e+01,6.131448504330903937e+00
1.010002857959417000e+01,5.598370170672442470e+00
1.012003429551300293e+01,5.609626585886437589e+00
1.014004001143183764e+01,5.199918388312712025e+00
1.016004572735067235e+01,5.642966881619884134e+00
1.018005144326950528e+01,6.494073809507986184e+00
1.020005715918833999e+01,5.489489693838960349e+00
1.022006287510717293e+01,5.800238306071600292e+00
1.024006859102600764e+01,5.575241899705829951e+00
1.026007430694484057e+01,6.452555645921480121e+00
1.028008002286367528e+01,5.428197553389682461e+00
1.030008573878250999e+01,6.090858077331922971e+00
1.032009145470134293e+01,5.411707074310562859e+00
1.034009717062017764e+01,5.662833720244702107e+00
1.036010288653901057e+01,5.824622054060514031e+00
1.038010860245784528e+01,5.946475659329268915e+00
1.040011431837667999e+01,5.880277032221237654e+00
1.042012003429551292e+01,6.090418682052582078e+00
1.044012575021434763e+01,6.294890488364156766e+00
1.046013146613318057e+01,6.535880216443293200e+00
1.048013718205201528e+01,5.644233092261434770e+00
1.050014289797084821e+01,5.911834335837117038e+00
1.052014861388968292e+01,5.958823816335366175e+00
1.054015432980851585e+01,6.378866684401851117e+00
1.056016004572735056e+01,5.677254415270274635e+00
1.058016576164618527e+01,5.056216313576907595e+00
1.060017147756501821e+01,5.739679421210126975e+00
1.062017719348385292e+01,6.392131375834317453e+00
1.064018290940268585e+01,6.016845569604589272e+00
1.066018862532152056e+01,5.665385646636414307e+00
1.068019434124035527e+01,4.855191181092115116e+00
1.070020005715918820e+01,5.945097181412849707e+00
1.072020577307802292e+01,5.967596576018440402e+00
1.074021148899685585e+01,5.460385916892158242e+00
1.076021720491569056e+01,5.312339864363215369e+00
1.078022292083452349e+01,5.586652561529182215e+00
1.080022863675335820e+01,5.505629082057176937e+00
1.082023435267219291e+01,5.174404308091861360e+00
1.084024006859102585e+01,5.448835843908736543e+00
1.086024578450986056e+01,6.248624490792908048e+00
1.088025150042869349e+01,5.582923989801039433e+00
1.090025721634752820e+01,5.364178234231610887e+00
1.092026293226636113e+01,5.305632381346192972e+00
1.094026864818519584e+01,5.085742247851200659e+00
1.096027436410403055e+01,5.561552808685854998e+00
1.098028008002286349e+01,5.319762311296249990e+00
1.100028579594169820e+01,5.448751607254644469e+00
1.102029151186053113e+01,5.039742381044002073e+00
1.104029722777936584e+01,5.504853506133594365e+00
1.106030294369819877e+01,5.780783894097462294e+00
1.108030865961703348e+01,5.741076804169072290e+00
1.110031437553586819e+01,5.326260720745482402e+00
1.112032009145470113e+01,5.502344503692405908e+00
1.114032580737353584e+01,6.448655306472048210e+00
1.116033152329236877e+01,5.463821686508118169e+00
1.118033723921120348e+01,5.970752867972619171e+00
1.120034295513003642e+01,5.401411479891429224e+00
1.122034867104887113e+01,5.573631924558950956e+00
1.124035438696770584e+01,5.473448739201421276e+00
1.126036010288653877e+01,6.222532675112750766e+00
1.128036581880537348e+01,5.847963466176183900e+00
1.130037153472420641e+01,4.685875283488324605e+00
1.132037725064304112e+01,5.600185660682022615e+00
1.134038296656187583e+01,5.437384380314908228e+00
1.136038868248070877e+01,5.220630329589647900e+00
1.138039439839954348e+01,5.340163335808290057e+00
1.140040011431837641e+01,5.460647876791604460e+00
1.142040583023721112e+01,5.989763080309410626e+00
1.144041154615604405e+01,5.323739089681004621e+00
1.146041726207487876e+01,5.458057341931111139e+00
1.148042297799371170e+01,5.795059851446978882e+00
1.150042869391254641e+01,5.813160809972492515e+00
1.152043440983138112e+01,5.165845456992201434e+00
1.154044012575021405e+01,5.276810130465259263e+00
1.156044584166904876e+01,5.233580896288337669e+00
1.158045155758788169e+01,4.863495227707606006e+00
1.160045727350671640e+01,5.374767110379525370e+00
1.162046298942555111e+01,5.467925775879932004e+00
1.164046870534438405e+01,5.444049656974789819e+00
1.166047442126321876e+01,5.830098596005360179e+00
1.168048013718205169e+01,5.286320044786609884e+00
1.170048585310088640e+01,4.682911134240322681e+00
1.172049156901971934e+01,5.850848701796062201e+00
1.174049728493855405e+01,5.806757622790291506e+00
1.176050300085738698e+01,5.281640756930993774e+00
1.178050871677622169e+01,5.449628111660962837e+00
1.180051443269505640e+01,4.914567608011356725e+00
1.182052014861388933e+01,5.327890569677636634e+00
1.184052586453272404e+01,5.788730459625687885e+00
1.186053158045155698e+01,5.201434331700355074e+00
1.188053729637039169e+01,5.430457941314659642e+00
1.190054301228922640e+01,5.033412279438378434e+00
1.192054872820805933e+01,4.504247528022270686e+00
1.194055444412689404e+01,4.623638136054120551e+00
1.196056016004572697e+01,4.951375337058770754e+00
1.198056587596456168e+01,6.097759049250847774e+00
1.200057159188339639e+01,5.311966983659679009e+00
1.202057730780222933e+01,4.475244234073714189e+00
1.204058302372106226e+01,4.660859979708366296e+00
1.206058873963989697e+01,5.520823296150465076e+00
1.208059445555873168e+01,4.870901832731844294e+00
1.210060017147756461e+01,5.264738869900305041e+00
1.212060588739639932e+01,5.098755818195723322e+00
1.214061160331523226e+01,5.633667996538870071e+00
1.216061731923406697e+01,5.869687449375090793e+00
1.218062303515290168e+01,5.989533564723489967e+00
1.220062875107173461e+01,5.261114392971821374e+00
1.222063446699056932e+01,5.663944399176834565e+00
1.224064018290940226e+01,5.108356317570017069e+00
1.226064589882823697e+01,5.350905740777061936e+00
1.228065161474707168e+01,5.070199505465842194e+00
1.230065733066590461e+01,5.133225146805205696e+00
1.232066304658473754e+01,5.816116003834464365e+00
1.234066876250357225e+01,4.715590039370967546e+00
1.236067447842240696e+01,5.286832698583610934e+00
1.238068019434123990e+01,4.681080945703056884e+00
1.240068591026007461e+01,5.284215696991235944e+00
1.242069162617890754e+01,4.975044108260251896e+00
1.244069734209774225e+01,5.802485831248503700e+00
1.246070305801657696e+01,5.429354858290181163e+00
1.248070877393540989e+01,4.579384979426237123e+00
1.250071448985424460e+01,4.729258331637536727e+00
1.252072020577307754e+01,5.293912751170871012e+00
1.254072592169191225e+01,5.597670434668758688e+00
1.256073163761074696e+01,4.697400245702872290e+00
1.258073735352957989e+01,5.428881155908387157e+00
1.260074306944841460e+01,4.772433885758184502e+00
1.262074878536724754e+01,5.386163189361857562e+00
1.264075450128608225e+01,4.799601530433116992e+00
1.266076021720491518e+01,5.724554583479080527e+00
1.268076593312374989e+01,5.038196424118211780e+00
1.270077164904258282e+01,5.758831598657877748e+00
1.272077736496141753e+01,4.860159623087358938e+00
1.274078308088025224e+01,4.281169004179199433e+00
1.276078879679908518e+01,5.058695119894398573e+00
1.278079451271791989e+01,4.536756372298322404e+00
1.280080022863675282e+01,4.916150901574643406e+00
1.282080594455558753e+01,4.229660100051914284e+00
1.284081166047442224e+01,5.673670082335680931e+00
1.286081737639325517e+01,4.938203492606879408e+00
1.288082309231208988e+01,5.026269637174706872e+00
1.290082880823092282e+01,4.590350006309226849e+00
1.292083452414975753e+01,5.182718421095589889e+00
1.294084024006859224e+01,5.279566359327453995e+00
1.296084595598742517e+01,5.003159860580053575e+00
1.298085167190625810e+01,4.923123251394481592e+00
1.300085738782509281e+01,5.044382558049587573e+00
1.302086310374392752e+01,4.643378959187451471e+00
1.304086881966276046e+01,5.242492240771831291e+00
1.306087453558159517e+01,4.660264866504772563e+00
1.308088025150042810e+01,4.326565178587049587e+00
1.310088596741926281e+01,4.336225299678544864e+00
1.312089168333809752e+01,4.813420008435898012e+00
1.314089739925693046e+01,4.985420381290442293e+00
1.316090311517576517e+01,5.691565332618078621e+00
1.318090883109459810e+01,4.743296011204536811e+00
1.320091454701343281e+01,5.501858029502655789e+00
1.322092026293226752e+01,4.559370254541564194e+00
1.324092597885110045e+01,4.215291072747232803e+00
1.326093169476993339e+01,4.826820830966081388e+00
1.328093741068876810e+01,4.679163448097046540e+00
1.330094312660760281e+01,4.829325146276302050e+00
1.332094884252643574e+01,5.206388422564328877e+00
1.334095455844527045e+01,4.303525202351409007e+00
1.336096027436410338e+01,5.603139018257203396e+00
1.338096599028293809e+01,4.991421631297300543e+00
1.340097170620177280e+01,4.895233724565756006e+00
1.342097742212060574e+01,4.872782679534488182e+00
1.344098313803944045e+01,4.374220331566862185e+00
1.346098885395827338e+01,4.500307994040149140e+00
1.348099456987710809e+01,4.496125411633927982e+00
1.350100028579594280e+01,4.885207669784189299e+00
1.352100600171477573e+01,4.937014938073872372e+00
1.354101171763361044e+01,5.235356260053429800e+00
1.356101743355244338e+01,4.993704816365372778e+00
1.358102314947127809e+01,4.338169481405783401e+00
1.360102886539011102e+01,5.086393683362619100e+00
1.362103458130894573e+01,4.375258782901802590e+00
1.364104029722777867e+01,4.979761344791467259e+00
1.366104601314661338e+01,5.258921654817186209e+00
1.368105172906544809e+01,4.940359356688921011e+00
1.370105744498428102e+01,4.490532024544036105e+00
1.372106316090311573e+01,5.319888949727452854e+00
1.374106887682194866e+01,5.136686862321817593e+00
1.376107459274078337e+01,4.760252006096763466e+00
1.378108030865961808e+01,5.018465305289576683e+00
1.380108602457845102e+01,4.344573469727569304e+00
1.382109174049728573e+01,5.336760877833766514e+00
1.384109745641611866e+01,5.384606347020330475e+00
1.386110317233495337e+01,4.689199624286413126e+00
1.388110888825378808e+01,5.250812521981590208e+00
1.390111460417262101e+01,4.687547087582849770e+00
1.392112032009145395e+01,4.499999566775819915e+00
1.394112603601028866e+01,4.578364406425922795e+00
1.396113175192912337e+01,4.717380045950515743e+00
1.398113746784795630e+01,4.878044189846621137e+00
1.400114318376679101e+01,4.158372719356856706e+00
1.402114889968562395e+01,4.455809652161700107e+00
1.404115461560445866e+01,4.417312704018257818e+00
1.406116033152329337e+01,5.101961285430679283e+00
1.408116604744212630e+01,5.217914832064186825e+00
1.410117176336095923e+01,4.182102410720288432e+00
1.412117747927979394e+01,4.878851602868877535e+00
1.414118319519862865e+01,4.265018325412012423e+00
1.416118891111746336e+01,5.097094433308294370e+00
1.418119462703629630e+01,4.980997930748784164e+00
1.420120034295512923e+01,4.659200725764875983e+00
1.422120605887396394e+01,4.552889892747268519e+00
1.424121177479279865e+01,4.576055442592146250e+00
1.426121749071163336e+01,4.617353517466762369e+00
1.428122320663046629e+01,5.182489863441723799e+00
1.430122892254929923e+01,4.097025453156497576e+00
1.432123463846813394e+01,4.617620516533992969e+00
1.434124035438696865e+01,4.650168201138546564e+00
1.436124607030580158e+01,5.222626376211108479e+00
1.438125178622463629e+01,4.898788110147388686e+00
1.440125750214346922e+01,4.695215059349612474e+00
1.442126321806230393e+01,4.468333641343733120e+00
1.444126893398113864e+01,4.543903882259991533e+00
1.446127464989997158e+01,4.571620897870216638e+00
1.448128036581880451e+01,4.372710550573691179e+00
1.450128608173763922e+01,4.530596369252156919e+00
1.452129179765647393e+01,4.549449561351082139e+00
1.454129751357530864e+01,4.017390369146540685e+00
1.456130322949414158e+01,5.043731569167619000e+00
1.458130894541297451e+01,4.570446853533752574e+00
1.460131466133180922e+01,4.997986360874930867e+00
1.462132037725064393e+01,5.117519007546224685e+00
1.464132609316947686e+01,4.498540099951372717e+00
1.466133180908831157e+01,4.661330837305401431e+00
1.468133752500714451e+01,4.522410816738354100e+00
1.470134324092597922e+01,4.762205980770744418e+00
1.472134895684481393e+01,4.199190789195426987e+00
1.474135467276364686e+01,4.077201685975532897e+00
1.476136038868247979e+01,4.782211756094794097e+00
1.478136610460131450e+01,4.831527878617542626e+00
1.480137182052014921e+01,4.194510229908550158e+00
1.482137753643898392e+01,4.637447881624424895e+00
1.484138325235781686e+01,4.455497887322799500e+00
1.486138896827664979e+01,5.083967506192722752e+00
1.488139468419548450e+01,5.235345741142090503e+00
1.490140040011431921e+01,4.969847682422536828e+00
1.492140611603315392e+01,5.016814637609719796e+00
1.494141183195198685e+01,4.211372539612288968e+00
1.496141754787081979e+01,4.425499140107890028e+00
1.498142326378965450e+01,5.133634290840561221e+00
1.500142897970848921e+01,4.281988172489614719e+00
1.502143469562732214e+01,4.355202029976414480e+00
1.504144041154615508e+01,5.107705914279836890e+00
1.506144612746498979e+01,3.689907877567176975e+00
1.508145184338382450e+01,3.981196892002443199e+00
1.510145755930265921e+01,4.274320853374195650e+00
1.512146327522149214e+01,4.314982618309056051e+00
1.514146899114032507e+01,3.908836451513318710e+00
1.516147470705915978e+01,3.890576315873090607e+00
1.518148042297799449e+01,4.444024627233631897e+00
1.520148613889682920e+01,4.491613358126052447e+00
1.522149185481566214e+01,4.114933349356691750e+00
1.524149757073449507e+01,4.358197935524520616e+00
1.526150328665332978e+01,3.796628569811005605e+00
1.528150900257216449e+01,4.016613113400086199e+00
1.530151471849099742e+01,3.609759104478511560e+00
1.532152043440983036e+01,3.490936306763211761e+00
1.534152615032866507e+01,4.092681423890798698e+00
1.536153186624749978e+01,5.136082796100044590e+00
1.538153758216633449e+01,3.588407092383140373e+00
1.540154329808516742e+01,4.347398134550001458e+00
1.542154901400400036e+01,4.405527061243402542e+00
1.544155472992283507e+01,4.197100164190020521e+00
1.546156044584166978e+01,4.734804571233112824e+00
1.548156616176050449e+01,4.289690317210828496e+00
1.550157187767933742e+01,3.984268780591025738e+00
1.552157759359817035e+01,4.476964321134922820e+00
1.554158330951700506e+01,3.560637032632589793e+00
1.556158902543583977e+01,4.165871614020964842e+00
1.558159474135467271e+01,4.476737764045388701e+00
1.560160045727350742e+01,4.214740066744338876e+00
1.562160617319234035e+01,3.388869832092797019e+00
1.564161188911117506e+01,4.246380019001358974e+00
1.566161760503000977e+01,4.508920695849344185e+00
1.568162332094884270e+01,4.318023476962903118e+00
1.570162903686767564e+01,4.019800641385831597e+00
1.572163475278651035e+01,3.520031483207294087e+00
1.574164046870534506e+01,4.035794247042736593e+00
1.576164618462417977e+01,4.521414292417475167e+00
1.578165190054301270e+01,4.648397966393687852e+00
1.580165761646184563e+01,4.035240839986749428e+00
1.582166333238068034e+01,4.419849006254067625e+00
1.584166904829951505e+01,3.323255081156564650e+00
1.586167476421834799e+01,4.274489565062847163e+00
1.588168048013718270e+01,4.131659351798663060e+00
1.590168619605601563e+01,4.178006972220961401e+00
1.592169191197485034e+01,4.390418367522193499e+00
1.594169762789368505e+01,3.874664617639827391e+00
1.596170334381251799e+01,4.157814590049495607e+00
1.598170905973135092e+01,3.763161654256946598e+00
1.600171477565018563e+01,3.255540383518179759e+00
1.602172049156902034e+01,3.550966044741533878e+00
1.604172620748785505e+01,4.146028736832922945e+00
1.606173192340668976e+01,4.231309962917362277e+00
1.608173763932552092e+01,3.906029840497160954e+00
1.610174335524435563e+01,3.600153013019967041e+00
1.612174907116319034e+01,3.443429375040671037e+00
1.614175478708202505e+01,4.368237372612615133e+00
1.616176050300085620e+01,4.194898640846638216e+00
1.618176621891969091e+01,4.080852397523329955e+00
1.620177193483852562e+01,3.646330486706528706e+00
1.622177765075736033e+01,4.152196477418021558e+00
1.624178336667619504e+01,4.187011299732942504e+00
1.626178908259502620e+01,4.095217938089355414e+00
1.628179479851386091e+01,3.798941112515660912e+00
1.630180051443269562e+01,3.821638108900387909e+00
1.632180623035153033e+01,4.111993402536214148e+00
1.634181194627036149e+01,4.467478078381074802e+00
1.636181766218919620e+01,4.589313546353172235e+00
1.638182337810803091e+01,3.233469339719362345e+00
1.640182909402686562e+01,4.065735383567078642e+00
1.642183480994570033e+01,4.712413039110566082e+00
1.644184052586453504e+01,3.786022939685254940e+00
1.646184624178336620e+01,3.507940811694034267e+00
1.648185195770220091e+01,4.459866945504215252e+00
1.650185767362103562e+01,4.132777136451822209e+00
1.652186338953986677e+01,3.658652784586425177e+00
1.654186910545870148e+01,3.477943692239819917e+00
1.656187482137753619e+01,4.085367927663184240e+00
1.658188053729637090e+01,3.773079055314094266e+00
1.660188625321520561e+01,3.600566268966153949e+00
1.662189196913404032e+01,3.953547241002759005e+00
1.664189768505287148e+01,4.020166498464512905e+00
1.666190340097170619e+01,3.344242491624827007e+00
1.668190911689054090e+01,3.812389293007456104e+00
1.670191483280937561e+01,4.285388247936799289e+00
1.672192054872820677e+01,3.761331376967225637e+00
1.674192626464704148e+01,3.961330759336777696e+00
1.676193198056587619e+01,3.725225466226201654e+00
1.678193769648471090e+01,3.961061290775432120e+00
1.680194341240354561e+01,3.438004213879709781e+00
1.682194912832238032e+01,4.265549601850452177e+00
1.684195484424121148e+01,4.617360689416134534e+00
1.686196056016004619e+01,3.124486408770872803e+00
1.688196627607888090e+01,3.480309162309788373e+00
1.690197199199771205e+01,3.924457364140486071e+00
1.692197770791654676e+01,3.365036632558767060e+00
1.694198342383538147e+01,3.872901254877101351e+00
1.696198913975421618e+01,4.155257129851687381e+00
1.698199485567305089e+01,4.170169563571898053e+00
1.700200057159188560e+01,3.546874684619027995e+00
1.702200628751071676e+01,3.438541415849182048e+00
1.704201200342955147e+01,3.414498259787308587e+00
1.706201771934838618e+01,3.370860935634030220e+00
1.708202343526722089e+01,3.585326448559774448e+00
1.710202915118605205e+01,3.647663002724220505e+00
1.712203486710488676e+01,4.530916298359677796e+00
1.714204058302372147e+01,4.259591016853884859e+00
1.716204629894255618e+01,4.255925424015364555e+00
1.718205201486139089e+01,3.524487992148371163e+00
1.720205773078022204e+01,3.900056877693174773e+00
1.722206344669905675e+01,4.617351630857402967e+00
1.724206916261789146e+01,4.679704352539509671e+00
1.726207487853672617e+01,3.919834746872199904e+00
1.728208059445555733e+01,3.470495823745279651e+00
1.730208631037439204e+01,3.618442404579583105e+00
1.732209202629322675e+01,3.791419682611089748e+00
1.734209774221206146e+01,3.715739600521589470e+00
1.736210345813089617e+01,3.530429408716956985e+00
1.738210917404973088e+01,4.124435208689648746e+00
1.740211488996856204e+01,3.682885652531068477e+00
1.742212060588739675e+01,3.237599638446970296e+00
1.744212632180623146e+01,3.756159014619462777e+00
1.746213203772506262e+01,3.165461931725823241e+00
1.748213775364389733e+01,4.272685499055901559e+00
1.750214346956273204e+01,4.200597916260011999e+00
1.752214918548156675e+01,3.833662730877070768e+00
1.754215490140040146e+01,4.163863175049995036e+00
1.756216061731923617e+01,3.679286880490248990e+00
1.758216633323806732e+01,4.103102613706848700e+00
1.760217204915690203e+01,4.061805109947018266e+00
1.762217776507573674e+01,3.339381146765025843e+00
1.764218348099457145e+01,3.838613612288054533e+00
1.766218919691340261e+01,3.191946330516881147e+00
1.768219491283223732e+01,3.938571781401249972e+00
1.770220062875107203e+01,3.257458679141459257e+00
1.772220634466990674e+01,3.401371091150474868e+00
1.774221206058874145e+01,3.861579808718666129e+00
1.776221777650757616e+01,3.159212526238150964e+00
1.778222349242640732e+01,3.557657865418375032e+00
1.780222920834524203e+01,2.952028924391401077e+00
1.782223492426407674e+01,3.300883878706724950e+00
1.784224064018290790e+01,3.726802391316126339e+00
1.786224635610174261e+01,3.436484960208032291e+00
1.788225207202057732e+01,3.997108062349168822e+00
1.790225778793941203e+01,3.477829805062278012e+00
1.792226350385824674e+01,4.150984707898712323e+00
1.794226921977708145e+01,3.568840542282443629e+00
1.796227493569591260e+01,3.811167995666153718e+00
1.798228065161474731e+01,3.848899274247970403e+00
1.800228636753358202e+01,3.950974542587468719e+00
1.802229208345241318e+01,3.602021617868786496e+00
1.804229779937124789e+01,2.895805389771523686e+00
1.806230351529008260e+01,3.824424445202513567e+00
1.808230923120891731e+01,3.930426197270683097e+00
1.810231494712775202e+01,3.636525693887998845e+00
1.812232066304658673e+01,4.238563020652940772e+00
1.814232637896542144e+01,3.991129846373826950e+00
1.816233209488425260e+01,3.129638265420578769e+00
1.818233781080308731e+01,3.330444763611261738e+00
1.820234352672191847e+01,3.224590538648389959e+00
1.822234924264075318e+01,4.257508766800048861e+00
1.824235495855958789e+01,3.226510756082617615e+00
1.826236067447842260e+01,4.070638177414013903e+00
1.828236639039725731e+01,4.520620705900126879e+00
1.830237210631609202e+01,3.072863899696323120e+00
1.832237782223492673e+01,3.494886050917548559e+00
1.834238353815375788e+01,3.904530946410414760e+00
1.836238925407259259e+01,4.284941367624755415e+00
1.838239496999142730e+01,3.262635752849832649e+00
1.840240068591025846e+01,4.008960337941233298e+00
1.842240640182909317e+01,3.276215947800972472e+00
1.844241211774792788e+01,3.835779284927545163e+00
1.846241783366676259e+01,3.496100772076874641e+00
1.848242354958559730e+01,3.826871348343912516e+00
1.850242926550443201e+01,3.798247258943172167e+00
1.852243498142326672e+01,4.015460500152695289e+00
1.854244069734209788e+01,3.672220384144450733e+00
1.856244641326093259e+01,3.615237602668484929e+00
1.858245212917976374e+01,3.737224587867790326e+00
1.860245784509859845e+01,3.488146791277268566e+00
1.862246356101743316e+01,3.386667646930254350e+00
1.864246927693626787e+01,3.456803958023722423e+00
1.866247499285510258e+01,2.904789141625069515e+00
1.868248070877393729e+01,3.197679618915816313e+00
1.870248642469277200e+01,3.456183605383791324e+00
1.872249214061160316e+01,3.823091129646430275e+00
1.874249785653043787e+01,3.755301973569799223e+00
1.876250357244927258e+01,3.556157683986597373e+00
1.878250928836810374e+01,3.891481515423221627e+00
1.880251500428693845e+01,3.418127161417887194e+00
1.882252072020577316e+01,4.354801595755354526e+00
1.884252643612460787e+01,2.927596379795941672e+00
1.886253215204344258e+01,4.379064384400434662e+00
1.888253786796227729e+01,4.124597675923723727e+00
1.890254358388111200e+01,3.680547307355047870e+00
1.892254929979994316e+01,3.257040114735610281e+00
1.894255501571877787e+01,3.363231863330369276e+00
1.896256073163760902e+01,3.295343836843268370e+00
1.898256644755644373e+01,4.277116634755432578e+00
1.900257216347527844e+01,3.075763159978428085e+00
1.902257787939411315e+01,3.360323344416809466e+00
1.904258359531294786e+01,3.529426529003460100e+00
1.906258931123178257e+01,3.725993194578622436e+00
1.908259502715061728e+01,3.582104336626407814e+00
1.910260074306944844e+01,3.277484904338344052e+00
1.912260645898828315e+01,3.718065753899443937e+00
1.914261217490711431e+01,3.343571828604404494e+00
1.916261789082594902e+01,3.836841572295927261e+00
1.918262360674478373e+01,3.310859484592229673e+00
1.920262932266361844e+01,4.157093267941227133e+00
1.922263503858245315e+01,4.182044454899109809e+00
1.924264075450128786e+01,3.855225339580737209e+00
1.926264647042012257e+01,3.429012593133830222e+00
1.928265218633895373e+01,3.748339825588186347e+00
1.930265790225778844e+01,2.868517752447641289e+00
1.932266361817662315e+01,3.658618731624237341e+00
1.934266933409545430e+01,4.017937694496993117e+00
1.936267505001428901e+01,3.611850627875706099e+00
1.938268076593312372e+01,3.913224653054231617e+00
1.940268648185195843e+01,3.797462769385409054e+00
1.942269219777079314e+01,3.278610128112784405e+00
1.944269791368962785e+01,3.087410526056792115e+00
1.946270362960846256e+01,2.933222298661313676e+00
1.948270934552729372e+01,2.966290989609293050e+00
1.950271506144612843e+01,4.274677125086614460e+00
1.952272077736495959e+01,3.635373484973198899e+00
1.954272649328379430e+01,3.741506211725236675e+00
1.956273220920262901e+01,3.786075194533223609e+00
1.958273792512146372e+01,3.643252793089001074e+00
1.960274364104029843e+01,3.871402484046710502e+00
1.962274935695913314e+01,3.609199141633688157e+00
1.964275507287796785e+01,4.201355767420144716e+00
1.966276078879679901e+01,4.203787135738409120e+00
1.968276650471563372e+01,3.583453683063593687e+00
1.970277222063446487e+01,3.237347692113187847e+00
1.972277793655329958e+01,4.295187845774404600e+00
1.974278365247213429e+01,3.253991578628063763e+00
1.976278936839096900e+01,3.365532572651165566e+00
1.978279508430980371e+01,3.751323279142151801e+00
1.980280080022863842e+01,3.325342182235639932e+00
1.982280651614747313e+01,2.871947248934924257e+00
1.984281223206630784e+01,3.396784285236655876e+00
1.986281794798513900e+01,3.492437178251373453e+00
1.988282366390397371e+01,3.083409797574269362e+00
1.990282937982280487e+01,3.115055789560694066e+00
1.992283509574163958e+01,3.765051953187858125e+00
1.994284081166047429e+01,3.547143731365506980e+00
1.996284652757930900e+01,4.188011981887027169e+00
1.998285224349814371e+01,2.721269211784331787e+00
2.000285795941697842e+01,2.877243045129265653e+00
2.002286367533581313e+01,3.055299994298093402e+00
2.004286939125464428e+01,2.788048974218972020e+00
2.006287510717347899e+01,4.243717503460972651e+00
2.008288082309231015e+01,3.748336684780019468e+00
2.010288653901114486e+01,3.351005635280161599e+00
2.012289225492997957e+01,3.469322486322806931e+00
2.014289797084881428e+01,3.076445181061775891e+00
2.016290368676764899e+01,3.665099336801293184e+00
2.018290940268648370e+01,3.184939070383913773e+00
2.020291511860531841e+01,3.524726758093221335e+00
2.022292083452414957e+01,3.298250006414221502e+00
2.024292655044298428e+01,3.111812207422661736e+00
2.026293226636181899e+01,3.476990886662254532e+00
2.028293798228065015e+01,3.173685957917591782e+00
2.030294369819948486e+01,3.326479581045586720e+00
2.032294941411831957e+01,2.779169474567532383e+00
2.034295513003715428e+01,2.869221918228299639e+00
2.036296084595598899e+01,3.227548864661363481e+00
2.038296656187482370e+01,3.365099153455640035e+00
2.040297227779365841e+01,3.685763243600259642e+00
2.042297799371248956e+01,3.658488377450986206e+00
2.044298370963132427e+01,3.662112143555482646e+00
2.046298942555015543e+01,3.770877173912742464e+00
2.048299514146899014e+01,3.654326055015564290e+00
2.050300085738782485e+01,2.986528545965572157e+00
2.052300657330665956e+01,3.248156091092202491e+00
2.054301228922549427e+01,3.273244048343483037e+00
2.056301800514432898e+01,3.052231219942469487e+00
2.058302372106316369e+01,3.890397687423568840e+00
2.060302943698199485e+01,3.199046103128094565e+00
2.062303515290082956e+01,3.225928407976537571e+00
2.064304086881966072e+01,3.655883234697233419e+00
2.066304658473849543e+01,3.108366356738487379e+00
2.068305230065733014e+01,3.181305391954190043e+00
2.070305801657616485e+01,3.961403812360752674e+00
2.072306373249499956e+01,3.053246214944174142e+00
2.074306944841383427e+01,3.057021719542982297e+00
2.076307516433266898e+01,3.640592944241586082e+00
2.078308088025150369e+01,3.450643856062177939e+00
2.080308659617033484e+01,4.193882620092360902e+00
2.082309231208916955e+01,3.367278412021398992e+00
2.084309802800800071e+01,3.457207726933780201e+00
2.086310374392683542e+01,3.868459909284250653e+00
2.088310945984567013e+01,3.679120965034879731e+00
2.090311517576450484e+01,3.900805995216460431e+00
2.092312089168333955e+01,3.587646574606563554e+00
2.094312660760217426e+01,3.742456169384841935e+00
2.096313232352100897e+01,3.923742656060896561e+00
2.098313803943984013e+01,3.585684691138931957e+00
2.100314375535867484e+01,3.566154073007297587e+00
2.102314947127750600e+01,3.467971766361065633e+00
2.104315518719634071e+01,3.157310007082907877e+00
2.106316090311517542e+01,3.625099940414123090e+00
2.108316661903401013e+01,3.420101055568050885e+00
2.110317233495284484e+01,3.733579244062652513e+00
2.112317805087167955e+01,3.013817286899088010e+00
2.114318376679051426e+01,3.730685139330060629e+00
2.116318948270934541e+01,3.101481635226244649e+00
2.118319519862818012e+01,3.936076284456413887e+00
2.120320091454701483e+01,3.808857403092290816e+00
2.122320663046584599e+01,2.967542063995066037e+00
2.124321234638468070e+01,3.487609061228405860e+00
2.126321806230351541e+01,3.786520511917762732e+00
2.128322377822235012e+01,3.196969335815402324e+00
2.130322949414118483e+01,3.206041549492845810e+00
2.132323521006001954e+01,3.771315693802602453e+00
2.134324092597885425e+01,4.085854950626192306e+00
2.136324664189768541e+01,3.942746765222313599e+00
2.138325235781652012e+01,3.771660590134848334e+00
2.140325807373535127e+01,3.408047073771849789e+00
2.142326378965418598e+01,3.454802080280665599e+00
2.144326950557302069e+01,4.216247166871084140e+00
2.146327522149185540e+01,3.834358970695215696e+00
2.148328093741069011e+01,3.675406880992130532e+00
2.150328665332952482e+01,3.828435534607137480e+00
2.152329236924835953e+01,4.552217236366305819e+00
2.154329808516719069e+01,3.536609328750775827e+00
2.156330380108602540e+01,4.296587470053307101e+00
2.158330951700485656e+01,4.950107213435874343e+00
2.160331523292369127e+01,4.041130062318131877e+00
2.162332094884252598e+01,4.660535433521923565e+00
2.164332666476136069e+01,5.080611527816073725e+00
2.166333238068019540e+01,3.796217114047541141e+00
2.168333809659903011e+01,4.726083865539013829e+00
2.170334381251786482e+01,4.521544868695238861e+00
2.172334952843669598e+01,4.781724306956046000e+00
2.174335524435553069e+01,4.169151355389043800e+00
2.176336096027436540e+01,4.659593565228670187e+00
2.178336667619319655e+01,4.835819447680928640e+00
2.180337239211203126e+01,5.306593852038317571e+00
2.182337810803086597e+01,5.423317968667652700e+00
2.184338382394970068e+01,4.998158701558745420e+00
2.186338953986853539e+01,5.175353422922857938e+00
2.188339525578737010e+01,4.619307125834362537e+00
2.190340097170620481e+01,5.457059272055891697e+00
2.192340668762503597e+01,5.749831774282537111e+00
2.194341240354387068e+01,6.058702921354835347e+00
2.196341811946270184e+01,6.365261830823094158e+00
2.198342383538153655e+01,6.178425517579796633e+00
2.200342955130037126e+01,5.659065977392546465e+00
2.202343526721920597e+01,5.847965562450241350e+00
2.204344098313804068e+01,6.979277417721888810e+00
2.206344669905687539e+01,6.054513487543580652e+00
2.208345241497571010e+01,6.503480406943657144e+00
2.210345813089454126e+01,6.129195476101751083e+00
2.212346384681337597e+01,7.317558617083579797e+00
2.214346956273221068e+01,6.885657728665172783e+00
2.216347527865104183e+01,7.286787387546546313e+00
2.218348099456987654e+01,8.139661230482616361e+00
2.220348671048871125e+01,7.779427529401916175e+00
2.222349242640754596e+01,7.777378662376203344e+00
2.224349814232638067e+01,8.040415121474739024e+00
2.226350385824521538e+01,8.130560568469851646e+00
2.228350957416405009e+01,8.307191109244779881e+00
2.230351529008288125e+01,9.222780643490411379e+00
2.232352100600171596e+01,8.251951559081916798e+00
2.234352672192054712e+01,8.562232211295256690e+00
2.236353243783938183e+01,9.100185519530612055e+00
2.238353815375821654e+01,9.138815903166818799e+00
2.240354386967705125e+01,9.138347316276433929e+00
2.242354958559588596e+01,1.021353292164849336e+01
2.244355530151472067e+01,9.057896031134212933e+00
2.246356101743355538e+01,8.749019422602644980e+00
2.248356673335238654e+01,8.953025847203806009e+00
2.250357244927122125e+01,1.002688680290041745e+01
2.252357816519005240e+01,9.951730932685531883e+00
2.254358388110888711e+01,1.013990740461175299e+01
2.256358959702772182e+01,1.101806406372396729e+01
2.258359531294655653e+01,1.028066486566903670e+01
2.260360102886539124e+01,9.911152704406701375e+00
2.262360674478422595e+01,1.020371156333773399e+01
2.264361246070306066e+01,1.110199413701131377e+01
2.266361817662189182e+01,1.133533863266835340e+01
2.268362389254072653e+01,1.075409792902256711e+01
2.270362960845956124e+01,1.044534043704782889e+01
2.272363532437839240e+01,1.100414441734415227e+01
2.274364104029722711e+01,1.032207152056720290e+01
2.276364675621606182e+01,1.020122283311878597e+01
2.278365247213489653e+01,1.089506664868095775e+01
2.280365818805373124e+01,9.532780741542469016e+00
2.282366390397256595e+01,1.036045912528455304e+01
2.284366961989140066e+01,9.573746896039891041e+00
2.286367533581023181e+01,9.902449884594721752e+00
2.288368105172906652e+01,9.901385209247257180e+00
2.290368676764789768e+01,9.180398196301755576e+00
2.292369248356673239e+01,9.420384407608271005e+00
2.294369819948556710e+01,9.290902162894719041e+00
2.296370391540440181e+01,8.794755145113962058e+00
2.298370963132323652e+01,9.014684554123110871e+00
2.300371534724207123e+01,8.188192758661429593e+00
2.302372106316090594e+01,8.472642218304201833e+00
2.304372677907973710e+01,8.474949841901135983e+00
2.306373249499857181e+01,8.881540314229244615e+00
2.308373821091740652e+01,7.485681548214856207e+00
2.310374392683623768e+01,7.463918689506827242e+00
2.312374964275507239e+01,7.166371661507357160e+00
2.314375535867390710e+01,7.402860849935046339e+00
2.316376107459274181e+01,7.365172413311128707e+00
2.318376679051157652e+01,6.557002806725397370e+00
2.320377250643041123e+01,7.071530328384795894e+00
2.322377822234924594e+01,6.319424758293633815e+00
2.324378393826807709e+01,5.964359179441699688e+00
2.326378965418691180e+01,5.869487050417265372e+00
2.328379537010574296e+01,5.574652547671702152e+00
2.330380108602457767e+01,5.893632647096768373e+00
2.332380680194341238e+01,4.833596193952609532e+00
2.334381251786224709e+01,4.878099774979645531e+00
2.336381823378108180e+01,4.842047110506738861e+00
2.338382394969991651e+01,5.872699969117148200e+00
2.340382966561875122e+01,4.256890752282685320e+00
2.342383538153758238e+01,4.354444551436263744e+00
2.344384109745641709e+01,4.807974163414968416e+00
2.346384681337524825e+01,4.533249077658032533e+00
2.348385252929408296e+01,3.905235982576828135e+00
2.350385824521291767e+01,4.550447869304607984e+00
2.352386396113175238e+01,3.671168583329694535e+00
2.354386967705058709e+01,3.642243970603956882e+00
2.356387539296942180e+01,3.487258045867043688e+00
2.358388110888825651e+01,4.193951303571814115e+00
2.360388682480708766e+01,3.762327019167997832e+00
2.362389254072592237e+01,4.596150621360163058e+00
2.364389825664475708e+01,4.491823197282879043e+00
2.366390397256358824e+01,4.561869233017573855e+00
2.368390968848242295e+01,4.105048577816423183e+00
2.370391540440125766e+01,4.478662730590553309e+00
2.372392112032009237e+01,3.101463847756553704e+00
2.374392683623892708e+01,4.305536373797190564e+00
2.376393255215776179e+01,3.796503354010600795e+00
2.378393826807659650e+01,3.868670162250109179e+00
2.380394398399542766e+01,4.009174269111966282e+00
2.382394969991426237e+01,3.588976416776839429e+00
2.384395541583309353e+01,3.787176215044130156e+00
2.386396113175192824e+01,3.752940743191723882e+00
2.388396684767076295e+01,2.533641828018070363e+00
2.390397256358959766e+01,3.475912022837349902e+00
2.392397827950843237e+01,3.068910187442452919e+00
2.394398399542726708e+01,3.308065994353022177e+00
2.396398971134610179e+01,2.547316714351118172e+00
2.398399542726493294e+01,2.551520933967701410e+00
2.400400114318376765e+01,3.095239936749247800e+00
2.402400685910260236e+01,2.997214096823640261e+00
2.404401257502143352e+01,2.655772295946624784e+00
2.406401829094026823e+01,3.662634397915033979e+00
2.408402400685910294e+01,3.191026619232470107e+00
2.410402972277793765e+01,3.036089882441774357e+00
2.412403543869677236e+01,2.590957900389810664e+00
2.414404115461560707e+01,3.448550419592495864e+00
2.416404687053444178e+01,3.274333046823766580e+00
2.418405258645327294e+01,3.090293721977511510e+00
2.420405830237210765e+01,3.934073988713616465e+00
2.422406401829093880e+01,3.227121207727480456e+00
2.424406973420977351e+01,3.520983167785072254e+00
2.426407545012860822e+01,2.358336412796417925e+00
2.428408116604744293e+01,3.148925624420440883e+00
2.430408688196627764e+01,3.896177732077217293e+00
2.432409259788511235e+01,2.904545444037264890e+00
2.434409831380394706e+01,3.277297729817018279e+00
2.436410402972277822e+01,2.663652803953498349e+00
2.438410974564161293e+01,2.613809832013328283e+00
2.440411546156044409e+01,2.738705998417870102e+00
2.442412117747927880e+01,2.476158273000367949e+00
2.444412689339811351e+01,2.242730207522777963e+00
2.446413260931694822e+01,2.973281975600373883e+00
2.448413832523578293e+01,2.732329630725665481e+00
2.450414404115461764e+01,2.570995888888755854e+00
2.452414975707345235e+01,2.662251904575886563e+00
2.454415547299228351e+01,2.371974907326189985e+00
2.456416118891111822e+01,2.606926430831962627e+00
2.458416690482995293e+01,2.903962277293067995e+00
2.460417262074878408e+01,3.555598259288016649e+00
2.462417833666761879e+01,2.902944318753125863e+00
2.464418405258645350e+01,3.310424034287770656e+00
2.466418976850528821e+01,3.543558470407705219e+00
2.468419548442412292e+01,2.916860026338555123e+00
2.470420120034295763e+01,2.582789628473167731e+00
2.472420691626179234e+01,2.773330506204260359e+00
2.474421263218062350e+01,1.999799082436535258e+00
2.476421834809945821e+01,2.786260852136537736e+00
2.478422406401828937e+01,2.112465057044621730e+00
2.480422977993712408e+01,3.120085877283719444e+00
2.482423549585595879e+01,3.006460197224656739e+00
2.484424121177479350e+01,2.708768642359639323e+00
2.486424692769362821e+01,1.994295377029317917e+00
2.488425264361246292e+01,3.012840495073922931e+00
2.490425835953129763e+01,2.611509805992362931e+00
2.492426407545012879e+01,2.922236052821384877e+00
2.494426979136896350e+01,2.102333895126405672e+00
2.496427550728779821e+01,3.251426363869330594e+00
2.498428122320662936e+01,2.795741329487679394e+00
2.500428693912546407e+01,2.994713742593993366e+00
2.502429265504429878e+01,3.024920223221805315e+00
2.504429837096313349e+01,2.845864622800605481e+00
2.506430408688196820e+01,2.110169643343453139e+00
2.508430980280080291e+01,2.933038717029809117e+00
2.510431551871963762e+01,2.834151867643941447e+00
2.512432123463846878e+01,2.840116037035336660e+00
2.514432695055730349e+01,3.060974533335191872e+00
2.516433266647613465e+01,2.666538830736489452e+00
2.518433838239496936e+01,1.889999160292429092e+00
2.520434409831380407e+01,2.729331278141915007e+00
2.522434981423263878e+01,2.655646960011365465e+00
2.524435553015147349e+01,3.111703138011545633e+00
2.526436124607030820e+01,2.457466752185648140e+00
2.528436696198914291e+01,2.788657462356661121e+00
2.530437267790797407e+01,2.702766154748778682e+00
2.532437839382680878e+01,2.714985546065935562e+00
2.534438410974563993e+01,2.489830608207258322e+00
2.536438982566447464e+01,2.986903906085861315e+00
2.538439554158330935e+01,2.859671412720350858e+00
2.540440125750214406e+01,2.734646749125373866e+00
2.542440697342097877e+01,2.366505031331663567e+00
2.544441268933981348e+01,3.217170563143727513e+00
2.546441840525864819e+01,2.600553503897720553e+00
2.548442412117747935e+01,2.969878720507520775e+00
2.550442983709631406e+01,2.170109740237888829e+00
2.552443555301514877e+01,2.767662240972194265e+00
2.554444126893397993e+01,1.863569880735238993e+00
2.556444698485281464e+01,2.840758475178639664e+00
2.558445270077164935e+01,2.630589429474538221e+00
2.560445841669048406e+01,2.599688475864081028e+00
2.562446413260931877e+01,2.558116884634633603e+00
2.564446984852815348e+01,3.111327078489873887e+00
2.566447556444698819e+01,2.407045126791206080e+00
2.568448128036581934e+01,3.091317247899153298e+00
2.570448699628465405e+01,2.517430879229432428e+00
2.572449271220348521e+01,2.478290306054025116e+00
2.574449842812231992e+01,2.050545373269426541e+00
2.576450414404115463e+01,2.705239413162948914e+00
2.578450985995998934e+01,2.211061816938481250e+00
2.580451557587882405e+01,2.238635192874876001e+00
2.582452129179765876e+01,2.047742510429872986e+00
2.584452700771649347e+01,1.917086864713459793e+00
2.586453272363532463e+01,2.657330169994257751e+00
2.588453843955415934e+01,2.467255346894663859e+00
2.590454415547299405e+01,3.267724829126475328e+00
2.592454987139182521e+01,2.371784758262604154e+00
2.594455558731065992e+01,2.482051955856221070e+00
2.596456130322949463e+01,2.570478586889977990e+00
2.598456701914832934e+01,3.229037553205726496e+00
2.600457273506716405e+01,2.630154842836365692e+00
2.602457845098599520e+01,2.586555565202982354e+00
2.604458416690482991e+01,2.036891188538993092e+00
2.606458988282366462e+01,2.293432379289051859e+00
2.608459559874249933e+01,3.026993998710201694e+00
2.610460131466133404e+01,3.462346840148526006e+00
2.612460703058016520e+01,3.076503366696993425e+00
2.614461274649899991e+01,1.975160438056370982e+00
2.616461846241783462e+01,3.321824742384164253e+00
2.618462417833666933e+01,2.157485647673295315e+00
2.620462989425550404e+01,2.795073440268308396e+00
2.622463561017433520e+01,2.691584314353721474e+00
2.624464132609316991e+01,2.855148079894647584e+00
2.626464704201200462e+01,3.212692441920818265e+00
2.628465275793083933e+01,3.009700411698384315e+00
2.630465847384967049e+01,1.789614107090601980e+00
2.632466418976850520e+01,2.402770434559489132e+00
2.634466990568733991e+01,2.806040804479718709e+00
2.636467562160617462e+01,3.094075355628448154e+00
2.638468133752500933e+01,2.239769574322888701e+00
2.640468705344384048e+01,2.164817500660965788e+00
2.642469276936267519e+01,2.894573879172322339e+00
2.644469848528150990e+01,3.150835107569360360e+00
2.646470420120034461e+01,2.161172297839929701e+00
2.648470991711917932e+01,1.895457174992233540e+00
2.650471563303801048e+01,2.169203593394978924e+00
2.652472134895684519e+01,2.639196816331391915e+00
2.654472706487567990e+01,2.215544202575977728e+00
2.656473278079451461e+01,2.261035433512638360e+00
2.658473849671334932e+01,2.746551177271659316e+00
2.660474421263218048e+01,2.830638138800940951e+00
2.662474992855101519e+01,3.499942014702758453e+00
2.664475564446984990e+01,3.088121819615958330e+00
2.666476136038868461e+01,2.475368614655201860e+00
2.668476707630751577e+01,1.807351338102542782e+00
2.670477279222635048e+01,2.648746199183930727e+00
2.672477850814518519e+01,2.884147337566642655e+00
2.674478422406401990e+01,2.947937326328411878e+00
2.676478993998285461e+01,2.348153888973870007e+00
2.678479565590168576e+01,2.234199016944318217e+00
2.680480137182052047e+01,3.175964758437276103e+00
2.682480708773935518e+01,2.541816806508384818e+00
2.684481280365818989e+01,2.824663717529289020e+00
2.686481851957702460e+01,2.774535570921067062e+00
2.688482423549585576e+01,2.660977873710545616e+00
2.690482995141469047e+01,2.557984165568309542e+00
2.692483566733352518e+01,2.325845336001826080e+00
2.694484138325235989e+01,2.641504825299015202e+00
2.696484709917119105e+01,2.142677575075890406e+00
2.698485281509002576e+01,2.554547218431477695e+00
2.700485853100886047e+01,2.172769826462189080e+00
2.702486424692769518e+01,2.469614303399886523e+00
2.704486996284652989e+01,2.111370975331572808e+00
2.706487567876536104e+01,3.330825454066008717e+00
2.708488139468419575e+01,2.782431175399136425e+00
2.710488711060303046e+01,2.446562148723692598e+00
2.712489282652186517e+01,2.654806809482038510e+00
2.714489854244069988e+01,2.352544269851016168e+00
2.716490425835953104e+01,2.662556634468626449e+00
2.718490997427836575e+01,2.265218123213226686e+00
2.720491569019720046e+01,3.014713887258604785e+00
2.722492140611603517e+01,2.560941234726639149e+00
2.724492712203486633e+01,2.189993295976504051e+00
2.726493283795370104e+01,3.086463157829334669e+00
2.728493855387253575e+01,3.037057639727540170e+00
2.730494426979137046e+01,2.392293024170647708e+00
2.732494998571020517e+01,2.661274815669012028e+00
2.734495570162903633e+01,3.190690522805851082e+00
2.736496141754787104e+01,2.482966404232864743e+00
2.738496713346670575e+01,2.442671975056063260e+00
2.740497284938554046e+01,2.754752039901952720e+00
2.742497856530437517e+01,2.955967682999126378e+00
2.744498428122320632e+01,2.835894028147787349e+00
2.746498999714204103e+01,2.132815354505871674e+00
2.748499571306087574e+01,2.452550926133986398e+00
2.750500142897971045e+01,2.208734553791821931e+00
2.752500714489854516e+01,2.135236126229233644e+00
2.754501286081737632e+01,2.852989966608441286e+00
2.756501857673621103e+01,1.978971092114478747e+00
2.758502429265504574e+01,2.842073193912947549e+00
2.760503000857388045e+01,2.519489481936493469e+00
2.762503572449271161e+01,3.057253065509057954e+00
2.764504144041154632e+01,3.120711866699791948e+00
2.766504715633038103e+01,2.645303521556305881e+00
2.768505287224921574e+01,3.174262178848865634e+00
2.770505858816805045e+01,1.911145657335268311e+00
2.772506430408688161e+01,3.334734372801356095e+00
2.774507002000571632e+01,2.525084875617649161e+00
2.776507573592455103e+01,2.487869010414223148e+00
2.778508145184338574e+01,2.956280608179442382e+00
2.780508716776222045e+01,2.452379267019592746e+00
2.782509288368105160e+01,2.879406919317916369e+00
2.784509859959988631e+01,2.182876102694978560e+00
2.786510431551872102e+01,3.351262886165496280e+00
2.788511003143755573e+01,2.442966108607336650e+00
2.790511574735638689e+01,2.730040232968710789e+00
2.792512146327522160e+01,2.771696482182572030e+00
2.794512717919405631e+01,2.515742443971237030e+00
2.796513289511289102e+01,2.221598757377159394e+00
2.798513861103172573e+01,2.541179530073931936e+00
2.800514432695055689e+01,2.108436744741313262e+00
2.802515004286939160e+01,2.403262317143225246e+00
2.804515575878822631e+01,3.054495538782033393e+00
2.806516147470706102e+01,2.383756200306963891e+00
2.808516719062589573e+01,2.569200663977881494e+00
2.810517290654472689e+01,3.124459936783014591e+00
2.812517862246356160e+01,2.536712068903055783e+00
2.814518433838239631e+01,2.274248272666005377e+00
2.816519005430123102e+01,2.393468696429188469e+00
2.818519577022006217e+01,2.807218740526557177e+00
2.820520148613889688e+01,2.701483166901480271e+00
2.822520720205773159e+01,2.872844032934145808e+00
2.824521291797656630e+01,2.939270350523560005e+00
2.826521863389540101e+01,3.113685322677990364e+00
2.828522434981423217e+01,2.457363568800905007e+00
2.830523006573306688e+01,2.861500781832110540e+00
2.832523578165190159e+01,2.446066623077803648e+00
2.834524149757073630e+01,2.323092273290080279e+00
2.836524721348957101e+01,2.322904731891791918e+00
2.838525292940840217e+01,3.248164337403332880e+00
2.840525864532723688e+01,2.789958583848042295e+00
2.842526436124607159e+01,2.266904351227140513e+00
2.844527007716490630e+01,2.336720086429930454e+00
2.846527579308374101e+01,3.076823458981149617e+00
2.848528150900257216e+01,2.531078752681384714e+00
2.850528722492140687e+01,3.471727476456840655e+00
2.852529294084024158e+01,2.860715197465135695e+00
2.854529865675907629e+01,3.061848022097676925e+00
2.856530437267790745e+01,2.760485183023104305e+00
2.858531008859674216e+01,2.609930812644062126e+00
2.860531580451557687e+01,2.980110031216849364e+00
2.862532152043441158e+01,2.593021075025163213e+00
2.864532723635324629e+01,3.383495032899096255e+00
2.866533295227207745e+01,3.495135827132664019e+00
2.868533866819091216e+01,2.155782515747529438e+00
2.870534438410974687e+01,2.352949419247501339e+00
2.872535010002858158e+01,2.490553837022284611e+00
2.874535581594741629e+01,2.646441859766497373e+00
2.876536153186624745e+01,3.131937316382630954e+00
2.878536724778508216e+01,2.475424288053367228e+00
2.880537296370391687e+01,3.599056635139782134e+00
2.882537867962275158e+01,2.571099425715219766e+00
2.884538439554158273e+01,3.325563088260598654e+00
2.886539011146041744e+01,2.978292564122392960e+00
2.888539582737925215e+01,3.644586343612991719e+00
2.890540154329808686e+01,2.085937192852392208e+00
2.892540725921692157e+01,3.275495857063541738e+00
2.894541297513575273e+01,2.815453146626406777e+00
2.896541869105458744e+01,2.713166987346737002e+00
2.898542440697342215e+01,3.437040387610657888e+00
2.900543012289225686e+01,2.916589872671643491e+00
2.902543583881109157e+01,2.159687981908247068e+00
2.904544155472992273e+01,2.289522379880617020e+00
2.906544727064875744e+01,2.600990128991670147e+00
2.908545298656759215e+01,2.839450683397024555e+00
2.910545870248642686e+01,2.522515464285180364e+00
2.912546441840525802e+01,2.627383889254406135e+00
2.914547013432409273e+01,3.132765731682359167e+00
2.916547585024292744e+01,2.517874217845068596e+00
2.918548156616176215e+01,3.276305486484889506e+00
2.920548728208059686e+01,2.665783306079675619e+00
2.922549299799942801e+01,2.838303727032753354e+00
2.924549871391826272e+01,3.114962485072330978e+00
2.926550442983709743e+01,3.505600097840813056e+00
2.928551014575593214e+01,2.658443495258104861e+00
2.930551586167476685e+01,3.301191901943125728e+00
2.932552157759359801e+01,3.083798901827358385e+00
2.934552729351243272e+01,3.681815765075130198e+00
2.936553300943126743e+01,3.316230253054771371e+00
2.938553872535010214e+01,4.017341552212408295e+00
2.940554444126893330e+01,2.687177752536855202e+00
2.942555015718776801e+01,3.552201594730032053e+00
2.944555587310660272e+01,2.786792300834820324e+00
2.946556158902543743e+01,3.001522321937937221e+00
2.948556730494427214e+01,3.840851443862319137e+00
2.950557302086310330e+01,2.747727627800153449e+00
2.952557873678193801e+01,3.360848281117897685e+00
2.954558445270077272e+01,3.780275933163772084e+00
2.956559016861960743e+01,4.045027699481366312e+00
2.958559588453844214e+01,3.297497539481072160e+00
2.960560160045727329e+01,3.899160715007165656e+00
2.962560731637610800e+01,4.015575452924702304e+00
2.964561303229494271e+01,3.510047666600538463e+00
2.966561874821377742e+01,3.671004762676837174e+00
2.968562446413261213e+01,3.807388364198240005e+00
2.970563018005144329e+01,3.410454048491590839e+00
2.972563589597027800e+01,3.791564579492213483e+00
2.974564161188911271e+01,3.635513686843486081e+00
2.976564732780794742e+01,3.531197960389285129e+00
2.978565304372677858e+01,3.851995593282445007e+00
2.980565875964561329e+01,3.714954966456540664e+00
2.982566447556444800e+01,4.282566416660018582e+00
2.984567019148328271e+01,4.074094331467489560e+00
2.986567590740211742e+01,3.736460414879372749e+00
2.988568162332094857e+01,3.428604017083370259e+00
2.990568733923978328e+01,4.101200165118219054e+00
2.992569305515861799e+01,3.406706942559041273e+00
2.994569877107745270e+01,4.053516014981896731e+00
2.996570448699628741e+01,4.649123257279899946e+00
2.998571020291511857e+01,3.945490358698660938e+00
3.000571591883395328e+01,4.576725976543905006e+00
3.002572163475278799e+01,4.296346606501468379e+00
3.004572735067162270e+01,4.071381675445307380e+00
3.006573306659045386e+01,4.539039283543575110e+00
3.008573878250928857e+01,4.734659756854334489e+00
3.010574449842812328e+01,3.923116699159542087e+00
3.012575021434695799e+01,4.251459103517734484e+00
3.014575593026579270e+01,4.334409744301702894e+00
3.016576164618462386e+01,4.768913439810186006e+00
3.018576736210345857e+01,3.799203943785877335e+00
3.020577307802229328e+01,5.004085426048116680e+00
3.022577879394112799e+01,5.021974700742772413e+00
3.024578450985996270e+01,4.532840433069176278e+00
3.026579022577879385e+01,5.361445915140630625e+00
3.028579594169762856e+01,4.322411921140419722e+00
3.030580165761646327e+01,4.697248051014209835e+00
3.032580737353529798e+01,4.335867409139108730e+00
3.034581308945412914e+01,3.995686294428725027e+00
3.036581880537296385e+01,4.778350471543326705e+00
3.038582452129179856e+01,4.628269531625159416e+00
3.040583023721063327e+01,4.896100549017051051e+00
3.042583595312946798e+01,4.205779008893598458e+00
3.044584166904829914e+01,5.025905779569068699e+00
3.046584738496713385e+01,5.207236909304532979e+00
3.048585310088596856e+01,4.964016306869587503e+00
3.050585881680480327e+01,5.410542929120275346e+00
3.052586453272363798e+01,5.013706974008236728e+00
3.054587024864246914e+01,5.097994880228616132e+00
3.056587596456130385e+01,6.048283697524935221e+00
3.058588168048013856e+01,5.309020883444498295e+00
3.060588739639897327e+01,5.309110753335435362e+00
3.062589311231780798e+01,5.109873280956600539e+00
3.064589882823663913e+01,5.262220495603080472e+00
3.066590454415547384e+01,5.354004761487721531e+00
3.068591026007430855e+01,5.957249135983222033e+00
3.070591597599314326e+01,6.047844845987057738e+00
3.072592169191197442e+01,6.131282311737267676e+00
3.074592740783080913e+01,6.011267024920426749e+00
3.076593312374964384e+01,5.876219667553140624e+00
3.078593883966847855e+01,6.335383033156847254e+00
3.080594455558731326e+01,5.876061268748835609e+00
3.082595027150614442e+01,6.337886557849946811e+00
3.084595598742497913e+01,7.186065484853028096e+00
3.086596170334381384e+01,7.074422527887094247e+00
3.088596741926264855e+01,7.819817383591280979e+00
3.090597313518148326e+01,6.500977195103061490e+00
3.092597885110031442e+01,8.087428168754549063e+00
3.094598456701914913e+01,8.247634560639216517e+00
3.096599028293798384e+01,7.868636259675986899e+00
3.098599599885681855e+01,7.663412925577360646e+00
3.100600171477564970e+01,8.355757329375668618e+00
3.102600743069448441e+01,8.552643566966358080e+00
3.104601314661331912e+01,9.643511084708370262e+00
3.106601886253215383e+01,9.970866639115302021e+00
3.108602457845098854e+01,9.277154529589516585e+00
3.110603029436981970e+01,1.029099227367233027e+01
3.112603601028865441e+01,9.978946269738717234e+00
3.114604172620748912e+01,1.148829166525303691e+01
3.116604744212632383e+01,1.117159191444953414e+01
3.118605315804515854e+01,1.154151510673867342e+01
3.120605887396398970e+01,1.242004065002335622e+01
3.122606458988282441e+01,1.228248159602368794e+01
3.124607030580165912e+01,1.327456007916243941e+01
3.126607602172049383e+01,1.412549400822045698e+01
3.128608173763932498e+01,1.435912111216256903e+01
3.130608745355815969e+01,1.489229051339360765e+01
3.132609316947699440e+01,1.551785316164970396e+01
3.134609888539582911e+01,1.686610880221979869e+01
3.136610460131466382e+01,1.674774741949636336e+01
3.138611031723349498e+01,1.770493716976534415e+01
3.140611603315232969e+01,1.834550645488048204e+01
3.142612174907116440e+01,1.945108515665689453e+01
3.144612746498999911e+01,1.988380985666396228e+01
3.146613318090883382e+01,2.094657683556123118e+01
3.148613889682766498e+01,2.216130211649271331e+01
3.150614461274649969e+01,2.321783830424458728e+01
3.152615032866533440e+01,2.445690021877727105e+01
3.154615604458416911e+01,2.500998564983786920e+01
3.156616176050300382e+01,2.617555288864749485e+01
3.158616747642183498e+01,2.748292192613877916e+01
3.160617319234066969e+01,2.823800233145251326e+01
3.162617890825950440e+01,3.021276202046576742e+01
3.164618462417833911e+01,3.062180677370666615e+01
3.166619034009717026e+01,3.191824274152595819e+01
3.168619605601600497e+01,3.329740424386470465e+01
3.170620177193483968e+01,3.465052042556519751e+01
3.172620748785367439e+01,3.511929160731369848e+01
3.174621320377250910e+01,3.637205015890559423e+01
3.176621891969134026e+01,3.768703114714804769e+01
3.178622463561017497e+01,3.921808792718832848e+01
3.180623035152900968e+01,3.984878394771907750e+01
3.182623606744784439e+01,4.130376670483700252e+01
3.184624178336667910e+01,4.213017145601219937e+01
3.186624749928551026e+01,4.337020016124917987e+01
3.188625321520434497e+01,4.460543459297784352e+01
3.190625893112317968e+01,4.468505550523349967e+01
3.192626464704201439e+01,4.605627521360490562e+01
3.194627036296084555e+01,4.733810694196635183e+01
3.196627607887968026e+01,4.744060325740949224e+01
3.198628179479851497e+01,4.807642141387855617e+01
3.200628751071734968e+01,4.860654697911687805e+01
3.202629322663618439e+01,4.918373293590209983e+01
3.204629894255501199e+01,4.979154851365388623e+01
3.206630465847385381e+01,5.014751918494146565e+01
3.208631037439268141e+01,4.991903607798205655e+01
3.210631609031152323e+01,5.078488649066383687e+01
3.212632180623035083e+01,5.081026358375096663e+01
3.214632752214918554e+01,5.039606665955058418e+01
3.216633323806802025e+01,5.107401401279648923e+01
3.218633895398685496e+01,5.061789607854478135e+01
3.220634466990568967e+01,5.053107981288560779e+01
3.222635038582451728e+01,4.932115194049620754e+01
3.224635610174335909e+01,4.930106539280998845e+01
3.226636181766218670e+01,4.958981987760550680e+01
3.228636753358102851e+01,4.900359757018447482e+01
3.230637324949985612e+01,4.904898572700678727e+01
3.232637896541869083e+01,4.791232701848365849e+01
3.234638468133752554e+01,4.796896991346286399e+01
3.236639039725636025e+01,4.798143495378453594e+01
3.238639611317519496e+01,4.663002518371123273e+01
3.240640182909402967e+01,4.650518361151371494e+01
3.242640754501286438e+01,4.661491476801086264e+01
3.244641326093169198e+01,4.618332129110107331e+01
3.246641897685053380e+01,4.564343938952804791e+01
3.248642469276936140e+01,4.610448072583994161e+01
3.250643040868819611e+01,4.496951354399030265e+01
3.252643612460703082e+01,4.531980820837804202e+01
3.254644184052586553e+01,4.605166938406636490e+01
3.256644755644470024e+01,4.503723421933429449e+01
3.258645327236353495e+01,4.570158165630994063e+01
3.260645898828236966e+01,4.538078806463644810e+01
3.262646470420119726e+01,4.471500214995847244e+01
3.264647042012003908e+01,4.537984834169230197e+01
3.266647613603886668e+01,4.626062089527791699e+01
3.268648185195770850e+01,4.554855485432711504e+01
3.270648756787653610e+01,4.615053782183881026e+01
3.272649328379537081e+01,4.603692299887207895e+01
3.274649899971420552e+01,4.574718842703949662e+01
3.276650471563304023e+01,4.582016967716480593e+01
3.278651043155187494e+01,4.546019482151759661e+01
3.280651614747070255e+01,4.560898008586026720e+01
3.282652186338954436e+01,4.517032210370519607e+01
3.284652757930837197e+01,4.506532462885489565e+01
3.286653329522721378e+01,4.492788186245179105e+01
3.288653901114604139e+01,4.412413916740855058e+01
3.290654472706487610e+01,4.370797841504365522e+01
3.292655044298371081e+01,4.279986966149205330e+01
3.294655615890254552e+01,4.349081008272293047e+01
3.296656187482138023e+01,4.253167498588425133e+01
3.298656759074020783e+01,4.121071877666805960e+01
3.300657330665904965e+01,4.022134746264896421e+01
3.302657902257787725e+01,3.991523512144315333e+01
3.304658473849671907e+01,3.858706619105055324e+01
3.306659045441554667e+01,3.771410025173627645e+01
3.308659617033438138e+01,3.733901593729917323e+01
3.310660188625321609e+01,3.559528013765532251e+01
3.312660760217205080e+01,3.488585688226586967e+01
3.314661331809088551e+01,3.344768636958729502e+01
3.316661903400971312e+01,3.211597822232030097e+01
3.318662474992855493e+01,3.067548127613990872e+01
3.320663046584738254e+01,2.932957521912163301e+01
3.322663618176622435e+01,2.796408429294574916e+01
3.324664189768505196e+01,2.813272534813856751e+01
3.326664761360388667e+01,2.667214557224243165e+01
3.328665332952272138e+01,2.476269145573227348e+01
3.330665904544155609e+01,2.455573630710082611e+01
3.332666476136039080e+01,2.273937764084467616e+01
3.334667047727922551e+01,2.157646490505230474e+01
3.336667619319806022e+01,2.151514234730576547e+01
3.338668190911688782e+01,1.982015687306847340e+01
3.340668762503572964e+01,1.886994581831093498e+01
3.342669334095455724e+01,1.798135231517497701e+01
3.344669905687339195e+01,1.811897742338855721e+01
3.346670477279222666e+01,1.696517561872142110e+01
3.348671048871106137e+01,1.580990761031879011e+01
3.350671620462989608e+01,1.441339647309859728e+01
3.352672192054873079e+01,1.353292089836861400e+01
3.354672763646756550e+01,1.284370615837350549e+01
3.356673335238639311e+01,1.380051668707038814e+01
3.358673906830523492e+01,1.290722769560517769e+01
3.360674478422406253e+01,1.210447146264422713e+01
3.362675050014290434e+01,1.118163705995868007e+01
3.364675621606173195e+01,1.122982785830977903e+01
3.366676193198056666e+01,1.062494871846770828e+01
3.368676764789940137e+01,1.002046109407213414e+01
3.370677336381823608e+01,1.007846100941391221e+01
3.372677907973707079e+01,9.466194031244576479e+00
3.374678479565589839e+01,9.290638157795804375e+00
3.376679051157474021e+01,8.677127388849115164e+00
3.378679622749356781e+01,8.082774670838448472e+00
3.380680194341240963e+01,8.724090120558843253e+00
3.382680765933123723e+01,8.542143427908914788e+00
3.384681337525007194e+01,7.124576218272243189e+00
3.386681909116890665e+01,7.359138334030382644e+00
3.388682480708774136e+01,6.734917366063801758e+00
3.390683052300657607e+01,6.625425276325409563e+00
3.392683623892540368e+01,7.572390733940065566e+00
3.394684195484424549e+01,6.663512601628815979e+00
3.396684767076307310e+01,7.172382786693818346e+00
3.398685338668191491e+01,7.047716416819265639e+00
3.400685910260074252e+01,6.456570661530485644e+00
3.402686481851957723e+01,6.116190940490999317e+00
3.404687053443841194e+01,6.289172734639274509e+00
3.406687625035724665e+01,6.074054901141709095e+00
3.408688196627608136e+01,5.157505672796522056e+00
3.410688768219490896e+01,5.720387374988583851e+00
3.412689339811375078e+01,5.681642961318512874e+00
3.414689911403257838e+01,5.413519361177232980e+00
3.416690482995142020e+01,5.139094312511129914e+00
3.418691054587024780e+01,5.015668067612703673e+00
3.420691626178908251e+01,4.426893550390633258e+00
3.422692197770791722e+01,5.033715642743585406e+00
3.424692769362675193e+01,5.036791481032109274e+00
3.426693340954558664e+01,4.648189960784215202e+00
3.428693912546442135e+01,4.479894749200814097e+00
3.430694484138325606e+01,4.598982254633792621e+00
3.432695055730208367e+01,4.808228652565581740e+00
3.434695627322092548e+01,4.643105481851931948e+00
3.436696198913975309e+01,4.397804461929926134e+00
3.438696770505858780e+01,4.345969368712367498e+00
3.440697342097742251e+01,4.683296706990871527e+00
3.442697913689625722e+01,4.344102702721791331e+00
3.444698485281509193e+01,4.818836929237929390e+00
3.446699056873392664e+01,3.991751152498211663e+00
3.448699628465276135e+01,4.141996025220469058e+00
3.450700200057158895e+01,4.645186783332414748e+00
3.452700771649043077e+01,4.020244548548175700e+00
3.454701343240925837e+01,3.878782688884040653e+00
3.456701914832810019e+01,4.239797360656754499e+00
3.458702486424692779e+01,3.989309458974199529e+00
3.460703058016576250e+01,2.898436968733205887e+00
3.462703629608459721e+01,3.171788070319625064e+00
3.464704201200343192e+01,4.189146475455356899e+00
3.466704772792226663e+01,3.738686648110085553e+00
3.468705344384109424e+01,3.337167975911142559e+00
3.470705915975993605e+01,3.262294713262219759e+00
3.472706487567876366e+01,3.535496580549495782e+00
3.474707059159760547e+01,3.670497938597003795e+00
3.476707630751643308e+01,3.540753450040494243e+00
3.478708202343526779e+01,3.214469959286136103e+00
3.480708773935410250e+01,3.088116675565582891e+00
3.482709345527293721e+01,3.482280499547790065e+00
3.484709917119177192e+01,2.648222841606189260e+00
3.486710488711059952e+01,3.082320680877600250e+00
3.488711060302944134e+01,3.866617317108746121e+00
3.490711631894826894e+01,3.346903827472002213e+00
3.492712203486711076e+01,3.555084394136599268e+00
3.494712775078593836e+01,3.051353731544557135e+00
3.496713346670477307e+01,3.229291610171121540e+00
3.498713918262360778e+01,3.148032001557409476e+00
3.500714489854244249e+01,3.037092038892777790e+00
3.502715061446127720e+01,3.112926034817774745e+00
3.504715633038010481e+01,3.002298089984896556e+00
3.506716204629894662e+01,3.341350992932521358e+00
3.508716776221777423e+01,3.028536875846396192e+00
3.510717347813661604e+01,2.750676693024420416e+00
3.512717919405544365e+01,3.070712450060336884e+00
3.514718490997427836e+01,2.247454139737772749e+00
3.516719062589311307e+01,3.227252644225244271e+00
3.518719634181194778e+01,2.359687156027603816e+00
3.520720205773078249e+01,2.949335998201192410e+00
3.522720777364961720e+01,2.890124802640276158e+00
3.524721348956845191e+01,2.520849358812074836e+00
3.526721920548727951e+01,2.009975906662247347e+00
3.528722492140612133e+01,2.101654124779568367e+00
3.530723063732494893e+01,2.588211582743462635e+00
3.532723635324378364e+01,2.313546172782086963e+00
3.534724206916261835e+01,2.671317638251375026e+00
3.536724778508145306e+01,2.983239500749471862e+00
3.538725350100028777e+01,2.269539832073518504e+00
3.540725921691912248e+01,3.091971579158963035e+00
3.542726493283795719e+01,2.717845406465995151e+00
3.544727064875678479e+01,3.073545599617109936e+00
3.546727636467562661e+01,2.337275365721425135e+00
3.548728208059445421e+01,2.529794063312515995e+00
3.550728779651329603e+01,2.603625738476029738e+00
3.552729351243212363e+01,2.690628360174419864e+00
3.554729922835095834e+01,2.328151669715504468e+00
3.556730494426979305e+01,2.873952032368707776e+00
3.558731066018862776e+01,2.176401563965760566e+00
3.560731637610746247e+01,2.594591438963777641e+00
3.562732209202629008e+01,2.651132270468257168e+00
3.564732780794513189e+01,2.615206101914280268e+00
3.566733352386395950e+01,2.628794689186965350e+00
3.568733923978280131e+01,2.535520228501900064e+00
3.570734495570162892e+01,2.765168629464541894e+00
3.572735067162046363e+01,2.653782751617336011e+00
3.574735638753929834e+01,1.954925249834556400e+00
3.576736210345813305e+01,2.425009673627164908e+00
3.578736781937696776e+01,2.524501298180106712e+00
3.580737353529579536e+01,1.608596691237476728e+00
3.582737925121463718e+01,1.925208249160062834e+00
3.584738496713346478e+01,1.730617454187120652e+00
3.586739068305230660e+01,2.739970607025547622e+00
3.588739639897113420e+01,2.408608714176701859e+00
3.590740211488996891e+01,2.711340677058370563e+00
3.592740783080880362e+01,3.072142182122834519e+00
3.594741354672763833e+01,2.270421394069040311e+00
3.596741926264647304e+01,2.389648076233318541e+00
3.598742497856530065e+01,2.372066026960701457e+00
3.600743069448414246e+01,2.378628931722485795e+00
3.602743641040297007e+01,1.819823513846056340e+00
3.604744212632181188e+01,2.609029757060349564e+00
3.606744784224063949e+01,1.997493618874058630e+00
3.608745355815947420e+01,2.084760033625963516e+00
3.610745927407830891e+01,2.443570943046581512e+00
3.612746498999714362e+01,2.395155344955143484e+00
3.614747070591597833e+01,2.860489979788566117e+00
3.616747642183481304e+01,2.237879408926122693e+00
3.618748213775364775e+01,2.338209454917906882e+00
3.620748785367247535e+01,2.704884237850476936e+00
3.622749356959131717e+01,2.418271404345934794e+00
3.624749928551014477e+01,2.854592849390344078e+00
3.626750500142897948e+01,1.891878795134050772e+00
3.628751071734781419e+01,2.284223977756703050e+00
3.630751643326664890e+01,1.659103568985143440e+00
3.632752214918548361e+01,2.370499719185636067e+00
3.634752786510431832e+01,2.389542984569235529e+00
3.636753358102315303e+01,2.221343158319999400e+00
3.638753929694198064e+01,2.225468969930238572e+00
3.640754501286082245e+01,2.312652509957406455e+00
3.642755072877965006e+01,2.673742668710213266e+00
3.644755644469849187e+01,2.704148336632033356e+00
3.646756216061731948e+01,2.437746875231430188e+00
3.648756787653615419e+01,2.615597862330696799e+00
3.650757359245498890e+01,1.696873113339147476e+00
3.652757930837382361e+01,2.072074057608817910e+00
3.654758502429265832e+01,1.856137334842352660e+00
3.656759074021148592e+01,1.426946058799510642e+00
3.658759645613032774e+01,1.823667921067567921e+00
3.660760217204915534e+01,1.574394267382989820e+00
3.662760788796799716e+01,1.744564232562370032e+00
3.664761360388682476e+01,2.018475584279600277e+00
3.666761931980565947e+01,1.956207602069999663e+00
3.668762503572449418e+01,2.281507231329655383e+00
3.670763075164332889e+01,2.754816275736742259e+00
3.672763646756216360e+01,2.392081566654081115e+00
3.674764218348099121e+01,1.848245828024272175e+00
3.676764789939983302e+01,1.762197055999844997e+00
3.678765361531866063e+01,2.494624943317377941e+00
3.680765933123750244e+01,1.596828164572081210e+00
3.682766504715633005e+01,1.576014896146204824e+00
3.684767076307516476e+01,2.346846822407813171e+00
3.686767647899399947e+01,2.925308975115122223e+00
3.688768219491283418e+01,3.093661782090893375e+00
3.690768791083166889e+01,1.519479791790664169e+00
3.692769362675049649e+01,2.023087355915564434e+00
3.694769934266933831e+01,2.164451572801625368e+00
3.696770505858816591e+01,3.025889185059776665e+00
3.698771077450700773e+01,2.649489613426877277e+00
3.700771649042583533e+01,2.420435047309730692e+00
3.702772220634467004e+01,2.296791551116195151e+00
3.704772792226350475e+01,2.256461613458694337e+00
3.706773363818233946e+01,2.400756513625395883e+00
3.708773935410117417e+01,2.731392745630881080e+00
3.710774507002000888e+01,1.783780630719379978e+00
3.712775078593884359e+01,1.977938096450901906e+00
3.714775650185767120e+01,2.547845941738279940e+00
3.716776221777651301e+01,2.473490074683795559e+00
3.718776793369534062e+01,2.340403970592028760e+00
3.720777364961417533e+01,3.186270906736308639e+00
3.722777936553301004e+01,2.341300974417907632e+00
3.724778508145184475e+01,2.421356569417680404e+00
3.726779079737067946e+01,2.413690970640998135e+00
3.728779651328951417e+01,3.156376009361284485e+00
3.730780222920834888e+01,2.198476089276282686e+00
3.732780794512717648e+01,3.453006946520646103e+00
3.734781366104601830e+01,3.317145855642491981e+00
3.736781937696484590e+01,2.946759147765996900e+00
3.738782509288368772e+01,2.894248545383014459e+00
3.740783080880251532e+01,2.549964306509842515e+00
3.742783652472135003e+01,2.918830813172996308e+00
3.744784224064018474e+01,3.058377244327603606e+00
3.746784795655901945e+01,2.478309850319846852e+00
3.748785367247785416e+01,2.030118949563809672e+00
3.750785938839668177e+01,3.007734865158418813e+00
3.752786510431552358e+01,3.048896845034847924e+00
3.754787082023435119e+01,3.749905204511825296e+00
3.756787653615319300e+01,3.568464826400615131e+00
3.758788225207202061e+01,3.494334127523070599e+00
3.760788796799085532e+01,2.757826554151503906e+00
3.762789368390969003e+01,3.616973417661190737e+00
3.764789939982852474e+01,2.940828257064254547e+00
3.766790511574735945e+01,2.243419673424230432e+00
3.768791083166618705e+01,2.514664954015512155e+00
3.770791654758502887e+01,2.550038191933774012e+00
3.772792226350385647e+01,3.163159401792605241e+00
3.774792797942269829e+01,2.851270884049593501e+00
3.776793369534152589e+01,2.928088328874160595e+00
3.778793941126036060e+01,2.575072729705532915e+00
3.780794512717919531e+01,2.875825616096212123e+00
3.782795084309803002e+01,3.018129923355988176e+00
3.784795655901686473e+01,2.470405819652059520e+00
3.786796227493569234e+01,2.546243832925197292e+00
3.788796799085453415e+01,2.934828383110782646e+00
3.790797370677336176e+01,3.288136801409001109e+00
3.792797942269220357e+01,3.061922470009764474e+00
3.794798513861103118e+01,3.030485095122921635e+00
3.796799085452986589e+01,3.631217884267963214e+00
3.798799657044870060e+01,3.914645311646598458e+00
3.800800228636753531e+01,3.578279907611220612e+00
3.802800800228637002e+01,3.220959418924645323e+00
3.804801371820520473e+01,3.215804663593587964e+00
3.806801943412403944e+01,3.060757120228747130e+00
3.808802515004286704e+01,3.045187312195466234e+00
3.810803086596170886e+01,3.320207740824361320e+00
3.812803658188053646e+01,3.179716429538500311e+00
3.814804229779937117e+01,2.416464626873653376e+00
3.816804801371820588e+01,3.005470233566015281e+00
3.818805372963704059e+01,3.263461944757906075e+00
3.820805944555587530e+01,3.259348931142553862e+00
3.822806516147471001e+01,3.413539924828044470e+00
3.824807087739354472e+01,2.958876806593150999e+00
3.826807659331237232e+01,2.663405248520759550e+00
3.828808230923121414e+01,3.968572339578055885e+00
3.830808802515004174e+01,2.974038833231503975e+00
3.832809374106888356e+01,2.238142299443346861e+00
3.834809945698771116e+01,3.243196433618768193e+00
3.836810517290654587e+01,2.630969576102197838e+00
3.838811088882538058e+01,2.631686742956468095e+00
3.840811660474421529e+01,3.346391191852922553e+00
3.842812232066305000e+01,2.930589761339719601e+00
3.844812803658187761e+01,3.096464993546349298e+00
3.846813375250071942e+01,3.160605753531936291e+00
3.848813946841954703e+01,3.103401132520403394e+00
3.850814518433838884e+01,2.919835687129561208e+00
3.852815090025721645e+01,3.492998979935510562e+00
3.854815661617605116e+01,3.541560103818095051e+00
3.856816233209488587e+01,3.434941603220226902e+00
3.858816804801372058e+01,2.890965472420183868e+00
3.860817376393255529e+01,3.550394999933609963e+00
3.862817947985138289e+01,2.533410700322045628e+00
3.864818519577022471e+01,2.881510969354352802e+00
3.866819091168905231e+01,2.366118282609455559e+00
3.868819662760789413e+01,2.775338373971178552e+00
3.870820234352672173e+01,3.654398470405961330e+00
3.872820805944555644e+01,3.672467144278500406e+00
3.874821377536439115e+01,3.196264063994395332e+00
3.876821949128322586e+01,3.684942747150145692e+00
3.878822520720206057e+01,3.800728227013410176e+00
3.880823092312088818e+01,3.491072004435680221e+00
3.882823663903972999e+01,3.506800366537950353e+00
3.884824235495855760e+01,3.372098081058626740e+00
3.886824807087739941e+01,4.103070717570327375e+00
3.888825378679622702e+01,3.165686703603329377e+00
3.890825950271506173e+01,3.419598841817731660e+00
3.892826521863389644e+01,2.792618321643886237e+00
3.894827093455273115e+01,3.652176772329434051e+00
3.896827665047156586e+01,3.539141791499182066e+00
3.898828236639040057e+01,2.882341974546992702e+00
3.900828808230923528e+01,3.744139526104508064e+00
3.902829379822806288e+01,3.474453881061889682e+00
3.904829951414690470e+01,3.444187645041226542e+00
3.906830523006573230e+01,3.500622403720832665e+00
3.908831094598456701e+01,3.967420034098075643e+00
3.910831666190340172e+01,3.773089740758554633e+00
3.912832237782223643e+01,4.266513489263063619e+00
3.914832809374107114e+01,4.668113927587995704e+00
3.916833380965990585e+01,4.261650454934302168e+00
3.918833952557874056e+01,4.855528800242399967e+00
3.920834524149756817e+01,5.106480559228480764e+00
3.922835095741640998e+01,4.208856073777432982e+00
3.924835667333523759e+01,5.622156330219261200e+00
3.926836238925407940e+01,5.823526896620838222e+00
3.928836810517290701e+01,5.540013189242004366e+00
3.930837382109174172e+01,5.176010172897731465e+00
3.932837953701057643e+01,6.081113603690388558e+00
3.934838525292941114e+01,6.629986548047224204e+00
3.936839096884824585e+01,7.157862421770770922e+00
3.938839668476707345e+01,5.550297579969678985e+00
3.940840240068591527e+01,7.041436317104981413e+00
3.942840811660474287e+01,7.541966452085449468e+00
3.944841383252358469e+01,7.496253380501985752e+00
3.946841954844241229e+01,6.765833611593992103e+00
3.948842526436124700e+01,7.835348999511902335e+00
3.950843098028008171e+01,7.679522067859716472e+00
3.952843669619891642e+01,7.598010438376527453e+00
3.954844241211775113e+01,7.153697647609242871e+00
3.956844812803657874e+01,9.346497063704381603e+00
3.958845384395542055e+01,8.869358377043704778e+00
3.960845955987424816e+01,9.269883228444372847e+00
3.962846527579308997e+01,6.870053034451192531e+00
3.964847099171191758e+01,8.593896843351974013e+00
3.966847670763075229e+01,9.329880443984588823e+00
3.968848242354958700e+01,8.976420869890706200e+00
3.970848813946842171e+01,7.782256553109377251e+00
3.972849385538725642e+01,9.361752010435933968e+00
3.974849957130608402e+01,8.772706975149500153e+00
3.976850528722492584e+01,9.058392760717710601e+00
3.978851100314375344e+01,7.473490623865158611e+00
3.980851671906259526e+01,9.099562614589654430e+00
3.982852243498142286e+01,9.483150419774386108e+00
3.984852815090025757e+01,9.996695100110848387e+00
3.986853386681909228e+01,7.557327433215256463e+00
3.988853958273792699e+01,8.333690626525667611e+00
3.990854529865676170e+01,9.678718434705594120e+00
3.992855101457559641e+01,8.532690946616998673e+00
3.994855673049443112e+01,6.871082628299819639e+00
3.996856244641325873e+01,8.264272653550825964e+00
3.998856816233210054e+01,7.580753217755303197e+00
4.000857387825092815e+01,7.849842059980082887e+00
4.002857959416976286e+01,5.889872097135406825e+00
4.004858531008859757e+01,7.719014205183120758e+00
4.006859102600743228e+01,7.431563248833683133e+00
4.008859674192626699e+01,7.849764836123574341e+00
4.010860245784510170e+01,5.052927443688499665e+00
4.012860817376393641e+01,7.260010111012404010e+00
4.014861388968276401e+01,6.419148532377954908e+00
4.016861960560160583e+01,6.723984692933515639e+00
4.018862532152043343e+01,4.665550739426213234e+00
4.020863103743927525e+01,6.243963153346048678e+00
4.022863675335810285e+01,6.016396161670575893e+00
4.024864246927693756e+01,4.978535031072436112e+00
4.026864818519577227e+01,4.477748908282869422e+00
4.028865390111460698e+01,5.286888901419709796e+00
4.030865961703344169e+01,5.088657132683858109e+00
4.032866533295226930e+01,5.105344561622216837e+00
4.034867104887111111e+01,3.869288367825556740e+00
4.036867676478993872e+01,5.497159464448473365e+00
4.038868248070878053e+01,4.886310501536404338e+00
4.040868819662760814e+01,4.413653781773039242e+00
4.042869391254644285e+01,4.357817820659303010e+00
4.044869962846527756e+01,4.424634981787459509e+00
4.046870534438411227e+01,4.320983598720093077e+00
4.048871106030294698e+01,4.111590950038215730e+00
4.050871677622177458e+01,3.665595370714760826e+00
4.052872249214061640e+01,4.158677705644973521e+00
4.054872820805944400e+01,4.688770332942984176e+00
4.056873392397828582e+01,3.979108971828471564e+00
4.058873963989711342e+01,3.341275518691535495e+00
4.060874535581594813e+01,4.138221348248778853e+00
4.062875107173478284e+01,3.535267698445307527e+00
4.064875678765361755e+01,4.246267975579892884e+00
4.066876250357245226e+01,4.128634019727522642e+00
4.068876821949127986e+01,3.636550784549442916e+00
4.070877393541012168e+01,4.249546164355377798e+00
4.072877965132894929e+01,4.371764868361747602e+00
4.074878536724779110e+01,4.574228632814234530e+00
4.076879108316661871e+01,4.367871857776913558e+00
4.078879679908545342e+01,5.114912624445907774e+00
4.080880251500428813e+01,4.291899320842154530e+00
4.082880823092312284e+01,4.268388231072281158e+00
4.084881394684195755e+01,5.089373101761595741e+00
4.086881966276079226e+01,5.285960609761774620e+00
4.088882537867962697e+01,4.556327218698743131e+00
4.090883109459845457e+01,4.589395850473347416e+00
4.092883681051729639e+01,5.528063156650122600e+00
4.094884252643612399e+01,4.537513836877179685e+00
4.096884824235495870e+01,4.741357107895414202e+00
4.098885395827379341e+01,4.181335100817343609e+00
4.100885967419262812e+01,5.349112562285096573e+00
4.102886539011146283e+01,5.074108836400810674e+00
4.104887110603029754e+01,5.381550832869312018e+00
4.106887682194913225e+01,4.923129643632353059e+00
4.108888253786795985e+01,4.727250008011323779e+00
4.110888825378680167e+01,4.556106864509628096e+00
4.112889396970562927e+01,4.885795209729796973e+00
4.114889968562447109e+01,5.692353133876729032e+00
4.116890540154329869e+01,4.875026873304830310e+00
4.118891111746213340e+01,4.697297330485906031e+00
4.120891683338096811e+01,5.090228764344898238e+00
4.122892254929980282e+01,4.868190164322073521e+00
4.124892826521863753e+01,5.374887094561530354e+00
4.126893398113746514e+01,4.408153586040370442e+00
4.128893969705630695e+01,5.721782389433037963e+00
4.130894541297513456e+01,5.426407462934690784e+00
4.132895112889397637e+01,5.296075644861868881e+00
4.134895684481280398e+01,4.875839474145321262e+00
4.136896256073163869e+01,4.915019850585245820e+00
4.138896827665047340e+01,4.544479393602817829e+00
4.140897399256930811e+01,4.994752781700741551e+00
4.142897970848814282e+01,4.986826942810496099e+00
4.144898542440697042e+01,3.998413516644103272e+00
4.146899114032581224e+01,4.801361822854020467e+00
4.148899685624463984e+01,4.215017219691735484e+00
4.150900257216348166e+01,3.770963838054330886e+00
4.152900828808230926e+01,4.029302148265169414e+00
4.154901400400114397e+01,4.257348155342459251e+00
4.156901971991997868e+01,4.613606665349482050e+00
4.158902543583881339e+01,3.949559523445587139e+00
4.160903115175764810e+01,4.143147099648850862e+00
4.162903686767647571e+01,4.696868231543676053e+00
4.164904258359531752e+01,3.572443668410900663e+00
4.166904829951414513e+01,4.178289367769519203e+00
4.168905401543298694e+01,3.165778769707051410e+00
4.170905973135181455e+01,3.749839700403877263e+00
4.172906544727064926e+01,4.073056896731142018e+00
4.174907116318948397e+01,3.976691891801086065e+00
4.176907687910831868e+01,3.344457949457313894e+00
4.178908259502715339e+01,3.745147723079380597e+00
4.180908831094598810e+01,4.477144076753591051e+00
4.182909402686482281e+01,4.794508441924245190e+00
4.184909974278365041e+01,4.260717642773923508e+00
4.186910545870249223e+01,4.336648722719289140e+00
4.188911117462131983e+01,3.745391932342050367e+00
4.190911689054015454e+01,3.957183431467378831e+00
4.192912260645898925e+01,3.980312447303334444e+00
4.194912832237782396e+01,4.134186952301332596e+00
4.196913403829665867e+01,4.421772796770310876e+00
4.198913975421549338e+01,3.905174875033448956e+00
4.200914547013432809e+01,4.106139799003307722e+00
4.202915118605316280e+01,4.285703624597709371e+00
4.204915690197199041e+01,5.153165519844678855e+00
4.206916261789082512e+01,3.788250766556287896e+00
4.208916833380965983e+01,4.043853256058956624e+00
4.210917404972849454e+01,4.940997354487968174e+00
4.212917976564732925e+01,4.362917689054070181e+00
4.214918548156616396e+01,4.792756033643721381e+00
4.216919119748499867e+01,5.122667077318880047e+00
4.218919691340383338e+01,5.763658211376492702e+00
4.220920262932266809e+01,5.006585379848434769e+00
4.222920834524150280e+01,6.214017814226868275e+00
4.224921406116033040e+01,6.999730753904842118e+00
4.226921977707916511e+01,6.630137710390482830e+00
4.228922549299799982e+01,6.848887236102933151e+00
4.230923120891683453e+01,6.868638104245259335e+00
4.232923692483566924e+01,7.605199690589804717e+00
4.234924264075450395e+01,7.051837568337592899e+00
4.236924835667333866e+01,8.209145972739895214e+00
4.238925407259217337e+01,8.158925364322014318e+00
4.240925978851100808e+01,8.512982628210520986e+00
4.242926550442983569e+01,9.194168373061655686e+00
4.244927122034867040e+01,1.038860784206168653e+01
4.246927693626750511e+01,1.055116464185545055e+01
4.248928265218633982e+01,1.038611243341201629e+01
4.250928836810517453e+01,1.198907838485485122e+01
4.252929408402400924e+01,1.254539619591194111e+01
4.254929979994284395e+01,1.262692524793274629e+01
4.256930551586167866e+01,1.281559691333360362e+01
4.258931123178051337e+01,1.502467634988161471e+01
4.260931694769934097e+01,1.415156115304441897e+01
4.262932266361817568e+01,1.608932744141944582e+01
4.264932837953701039e+01,1.566388299068487555e+01
4.266933409545584510e+01,1.703736847063662552e+01
4.268933981137467981e+01,1.755683706619702278e+01
4.270934552729351452e+01,1.811743616359326836e+01
4.272935124321234923e+01,1.787465340130580316e+01
4.274935695913118394e+01,1.891167009898065032e+01
4.276936267505001865e+01,1.951716418995825819e+01
4.278936839096885336e+01,1.906314388603688670e+01
4.280937410688768097e+01,1.990780409658971806e+01
4.282937982280651568e+01,2.035432071335241844e+01
4.284938553872535039e+01,2.028434802476307297e+01
4.286939125464418510e+01,2.090878067661570583e+01
4.288939697056301981e+01,2.144824474434041406e+01
4.290940268648185452e+01,2.084847991490546448e+01
4.292940840240068923e+01,2.155258775374420566e+01
4.294941411831952394e+01,2.208241392535828140e+01
4.296941983423835865e+01,2.186068843825103158e+01
4.298942555015718625e+01,2.201578137381280342e+01
4.300943126607602096e+01,2.238870284090832286e+01
4.302943698199485567e+01,2.308024667451923406e+01
4.304944269791369038e+01,2.405763288279257139e+01
4.306944841383252509e+01,2.510831722801305332e+01
4.308945412975135980e+01,2.522778406023233089e+01
4.310945984567019451e+01,2.646735083965691615e+01
4.312946556158902922e+01,2.744643517372913522e+01
4.314947127750786393e+01,2.873213038511989836e+01
4.316947699342669864e+01,2.974363008025255084e+01
4.318948270934552625e+01,3.040109287785114844e+01
4.320948842526436096e+01,3.196610804567677633e+01
4.322949414118319567e+01,3.408312239484627071e+01
4.324949985710203038e+01,3.546499020072209873e+01
4.326950557302086509e+01,3.736868945537905518e+01
4.328951128893969980e+01,3.825217351153485623e+01
4.330951700485853451e+01,4.045774041694627243e+01
4.332952272077736922e+01,4.225472999259913820e+01
4.334952843669620393e+01,4.433845422082895027e+01
4.336953415261503153e+01,4.585335645143248939e+01
4.338953986853386624e+01,4.650769093584674607e+01
4.340954558445270095e+01,4.892485695887008035e+01
4.342955130037153566e+01,4.987511249682129488e+01
4.344955701629037037e+01,4.984840977513830751e+01
4.346956273220920508e+01,5.059909444597774097e+01
4.348956844812803979e+01,5.073606822409870887e+01
4.350957416404687450e+01,5.082910141177532637e+01
4.352957987996570921e+01,5.066012592391937375e+01
4.354958559588453681e+01,5.022790487618453881e+01
4.356959131180337153e+01,4.906863852199793996e+01
4.358959702772220624e+01,4.791411239761918495e+01
4.360960274364104095e+01,4.698668619103076338e+01
4.362960845955987566e+01,4.561560295723409553e+01
4.364961417547871037e+01,4.336917234171600199e+01
4.366961989139754508e+01,4.221176139038212227e+01
4.368962560731637979e+01,3.922613074719082249e+01
4.370963132323521450e+01,3.724482530845617845e+01
4.372963703915404921e+01,3.487011925960093350e+01
4.374964275507287681e+01,3.258521644234376424e+01
4.376964847099171152e+01,3.050055275178223724e+01
4.378965418691054623e+01,2.876703877013104105e+01
4.380965990282938094e+01,2.664932721051820153e+01
4.382966561874821565e+01,2.480259954792313692e+01
4.384967133466705036e+01,2.261956854883500156e+01
4.386967705058588507e+01,2.121786602329131100e+01
4.388968276650471978e+01,1.887144472263217310e+01
4.390968848242355449e+01,1.836845884133272833e+01
4.392969419834238209e+01,1.678001623587572766e+01
4.394969991426121680e+01,1.544663463402441472e+01
4.396970563018005151e+01,1.408559849637234329e+01
4.398971134609888622e+01,1.282260523229676075e+01
4.400971706201772093e+01,1.170176962790630881e+01
4.402972277793655564e+01,1.078438480106584052e+01
4.404972849385539035e+01,1.029159019552176346e+01
4.406973420977422506e+01,1.010262196098001120e+01
4.408973992569305977e+01,9.771516457814238166e+00
4.410974564161189448e+01,8.892420009530670910e+00
4.412975135753072209e+01,8.200449935305051952e+00
4.414975707344955680e+01,7.948078081056791255e+00
4.416976278936839151e+01,7.497715374531501276e+00
4.418976850528722622e+01,6.431203258410458368e+00
4.420977422120606093e+01,7.426758384897356180e+00
4.422977993712489564e+01,6.670321823079973456e+00
4.424978565304373035e+01,6.953661689304073690e+00
4.426979136896256506e+01,5.368587166659009924e+00
4.428979708488139977e+01,5.632164970826393890e+00
4.430980280080022737e+01,5.785498243802027041e+00
4.432980851671906208e+01,4.712047569762721544e+00
4.434981423263789679e+01,5.683041951928831992e+00
4.436981994855673150e+01,4.622006950895886312e+00
4.438982566447556621e+01,5.543017875445571896e+00
4.440983138039440092e+01,4.649702917454106910e+00
4.442983709631323563e+01,5.216329250479136093e+00
4.444984281223207034e+01,5.635685197448314199e+00
4.446984852815090505e+01,4.750757673674200099e+00
4.448985424406973266e+01,5.248063201858604643e+00
4.450985995998856737e+01,4.359948996607793781e+00
4.452986567590740208e+01,4.500389937309808630e+00
4.454987139182623679e+01,4.273758640550719967e+00
4.456987710774507150e+01,4.932227035657507308e+00
4.458988282366390621e+01,3.596326147474609325e+00
4.460988853958274092e+01,3.860219229883227854e+00
4.462989425550157563e+01,4.658783167493587563e+00
4.464989997142041034e+01,4.488742645291821098e+00
4.466990568733924505e+01,4.793295448027352634e+00
4.468991140325807265e+01,4.007881228672060203e+00
4.470991711917690736e+01,4.405449776842134568e+00
4.472992283509574207e+01,4.415149933618671696e+00
4.474992855101457678e+01,4.456366901796249280e+00
4.476993426693341149e+01,4.855044177359934210e+00
4.478993998285224620e+01,3.377849096015530073e+00
4.480994569877108091e+01,3.502635751543542675e+00
4.482995141468991562e+01,4.235646588534599744e+00
4.484995713060875033e+01,3.991609820098608097e+00
4.486996284652757794e+01,3.627914865372530162e+00
4.488996856244641265e+01,3.983078382217468683e+00
4.490997427836524736e+01,3.472086868903541568e+00
4.492997999428408207e+01,3.646303266921855357e+00
4.494998571020291678e+01,3.903040588777901387e+00
4.496999142612175149e+01,4.201477489216098427e+00
4.498999714204058620e+01,4.054921928991023883e+00
4.501000285795942091e+01,4.704882937620867622e+00
4.503000857387825562e+01,4.514703459048492462e+00
4.505001428979709033e+01,4.441347318046426906e+00
4.507002000571591793e+01,4.575537601282920974e+00
4.509002572163475264e+01,4.649485256673442812e+00
4.511003143755358735e+01,3.941624577715890254e+00
4.513003715347242206e+01,4.839094348397990686e+00
4.515004286939125677e+01,4.616849746613942429e+00
4.517004858531009148e+01,4.344494017272155340e+00
4.519005430122892619e+01,4.292494705604014804e+00
4.521006001714776090e+01,5.517656978685415936e+00
4.523006573306659561e+01,4.475841499292448233e+00
4.525007144898542322e+01,5.280489764258679664e+00
4.527007716490425793e+01,5.878701624406923898e+00
4.529008288082309264e+01,5.157423894787513063e+00
4.531008859674192735e+01,5.497877907898333305e+00
4.533009431266076206e+01,5.830144010976816560e+00
4.535010002857959677e+01,5.955576775953931978e+00
4.537010574449843148e+01,5.890578590564859773e+00
4.539011146041726619e+01,7.078931541449785314e+00
4.541011717633610090e+01,6.845503361657270247e+00
4.543012289225492850e+01,6.720409300715311396e+00
4.545012860817376321e+01,7.205633539859016778e+00
4.547013432409259792e+01,7.076246119050004779e+00
4.549014004001143263e+01,7.940372125265261261e+00
4.551014575593026734e+01,8.302605723969961105e+00
4.553015147184910205e+01,8.672940821291041047e+00
4.555015718776793676e+01,9.081358137211001491e+00
4.557016290368677147e+01,9.181368073492411241e+00
4.559016861960560618e+01,9.713917516428599797e+00
4.561017433552444089e+01,1.069246130046579601e+01
4.563018005144326850e+01,1.112250175849462330e+01
4.565018576736210321e+01,1.134557598833912095e+01
4.567019148328093792e+01,1.197917946407294920e+01
4.569019719919977263e+01,1.194882004435681289e+01
4.571020291511860734e+01,1.370719488713334933e+01
4.573020863103744205e+01,1.412513362442164677e+01
4.575021434695627676e+01,1.495638713418562915e+01
4.577022006287511147e+01,1.503808085718663534e+01
4.579022577879394618e+01,1.552566602182219135e+01
4.581023149471277378e+01,1.607450205689027811e+01
4.583023721063160849e+01,1.631570268678887814e+01
4.585024292655044320e+01,1.636111621953034501e+01
4.587024864246927791e+01,1.719723955519005898e+01
4.589025435838811262e+01,1.736204437986508964e+01
4.591026007430694733e+01,1.787311077078323862e+01
4.593026579022578204e+01,1.772236691925364482e+01
4.595027150614461675e+01,1.788880287356426635e+01
4.597027722206345146e+01,1.797988234369718086e+01
4.599028293798228617e+01,1.779033875438550893e+01
4.601028865390111378e+01,1.777369566262256839e+01
4.603029436981994849e+01,1.756917232028735043e+01
4.605030008573878320e+01,1.806085323214594496e+01
4.607030580165761791e+01,1.812456933113338309e+01
4.609031151757645262e+01,1.772718697269658250e+01
4.611031723349528733e+01,1.799335273999196971e+01
4.613032294941412204e+01,1.757209008897114444e+01
4.615032866533295675e+01,1.780390870877743126e+01
4.617033438125179146e+01,1.776493661977358585e+01
4.619034009717061906e+01,1.802443364462652653e+01
4.621034581308945377e+01,1.844816693611044656e+01
4.623035152900828848e+01,1.777485790825443246e+01
4.625035724492712319e+01,1.822940780832445284e+01
4.627036296084595790e+01,1.849189303314907562e+01
4.629036867676479261e+01,1.893343791971910051e+01
4.631037439268362732e+01,1.976956774382742310e+01
4.633038010860246203e+01,1.930396748253417627e+01
4.635038582452129674e+01,2.023454221162142375e+01
4.637039154044012434e+01,2.083007430391235459e+01
4.639039725635895905e+01,2.139105436134752125e+01
4.641040297227779376e+01,2.065980527838704717e+01
4.643040868819662847e+01,2.233485182294970173e+01
4.645041440411546319e+01,2.193246587745944254e+01
4.647042012003429790e+01,2.175999139982175379e+01
4.649042583595313261e+01,2.214166038885700161e+01
4.651043155187196732e+01,2.331428158835037578e+01
4.653043726779080203e+01,2.377635212679867749e+01
4.655044298370963674e+01,2.459885866841588609e+01
4.657044869962846434e+01,2.440658949576882009e+01
4.659045441554729905e+01,2.516289155859615789e+01
4.661046013146613376e+01,2.478163204440225087e+01
4.663046584738496847e+01,2.471886201050823217e+01
4.665047156330380318e+01,2.490463122899643977e+01
4.667047727922263789e+01,2.587871426988152024e+01
4.669048299514147260e+01,2.538621088746164389e+01
4.671048871106030731e+01,2.564448456044122082e+01
4.673049442697914202e+01,2.456435360020793723e+01
4.675050014289796962e+01,2.404468846118622238e+01
4.677050585881680433e+01,2.426937387557802950e+01
4.679051157473563904e+01,2.392108295742367829e+01
4.681051729065447375e+01,2.281184675667278583e+01
4.683052300657330846e+01,2.288203385285873281e+01
4.685052872249214317e+01,2.249051847303079299e+01
4.687053443841097788e+01,2.200685862718406582e+01
4.689054015432981259e+01,2.140651596503061072e+01
4.691054587024864730e+01,2.064521952113679149e+01
4.693055158616748201e+01,2.095697712253397427e+01
4.695055730208630962e+01,1.982184950244235466e+01
4.697056301800514433e+01,1.910117839065717504e+01
4.699056873392397904e+01,1.800711563654007819e+01
4.701057444984281375e+01,1.771604810972264588e+01
4.703058016576164846e+01,1.749136984107490278e+01
4.705058588168048317e+01,1.549484769998274558e+01
4.707059159759931788e+01,1.493061003053317748e+01
4.709059731351815259e+01,1.442048067918754484e+01
4.711060302943698730e+01,1.354292672085888682e+01
4.713060874535581490e+01,1.283743104673702362e+01
4.715061446127464961e+01,1.322773715791272053e+01
4.717062017719348432e+01,1.149083268764263366e+01
4.719062589311231903e+01,1.221694431071029641e+01
4.721063160903115374e+01,1.132776953260311537e+01
4.723063732494998845e+01,1.068255035036487577e+01
4.725064304086882316e+01,9.436758379267088159e+00
4.727064875678765787e+01,8.927242817426465749e+00
4.729065447270649258e+01,9.298805772552888982e+00
4.731066018862532019e+01,9.300212112314534707e+00
4.733066590454415490e+01,8.764425139561806688e+00
4.735067162046298961e+01,7.833809189694287411e+00
4.737067733638182432e+01,7.934509976454301672e+00
4.739068305230065903e+01,6.765968033445592056e+00
4.741068876821949374e+01,7.604981534628786122e+00
4.743069448413832845e+01,6.364253973418219523e+00
4.745070020005716316e+01,6.753202280271293212e+00
4.747070591597599787e+01,6.445813899475313136e+00
4.749071163189483258e+01,6.360507936235440418e+00
4.751071734781366018e+01,5.963774544363742436e+00
4.753072306373249489e+01,5.246717311189842192e+00
4.755072877965132960e+01,5.127837831724313844e+00
4.757073449557016431e+01,5.010348178590035673e+00
4.759074021148899902e+01,5.566381789948003700e+00
4.761074592740783373e+01,4.710835239959760834e+00
4.763075164332666844e+01,4.180685774216607697e+00
4.765075735924550315e+01,3.693400721055839053e+00
4.767076307516433786e+01,4.385401627694930582e+00
4.769076879108316547e+01,4.154704103173965990e+00
4.771077450700200018e+01,3.409791890043498697e+00
4.773078022292083489e+01,4.163723110828717822e+00
4.775078593883966960e+01,3.778026313438944683e+00
4.777079165475850431e+01,2.935351496087383438e+00
4.779079737067733902e+01,4.239120812218401646e+00
4.781080308659617373e+01,4.205269537355377452e+00
4.783080880251500844e+01,2.921840303321041610e+00
4.785081451843384315e+01,2.632521113055253714e+00
4.787082023435267075e+01,3.413614284444573599e+00
4.789082595027150546e+01,4.111208255014856761e+00
4.791083166619034017e+01,3.189865579526820927e+00
4.793083738210917488e+01,3.568324094854840034e+00
4.795084309802800959e+01,3.439319415226226972e+00
4.797084881394684430e+01,3.428735477795454845e+00
4.799085452986567901e+01,2.462011394344947313e+00
4.801086024578451372e+01,2.172964787605934145e+00
4.803086596170334843e+01,2.428764761485482371e+00
4.805087167762218314e+01,2.525884275210891872e+00
4.807087739354101075e+01,3.337256349631395391e+00
4.809088310945984546e+01,3.654249950356016186e+00
4.811088882537868017e+01,2.962165476801872366e+00
4.813089454129751488e+01,2.553049722095356966e+00
4.815090025721634959e+01,2.404924334495992966e+00
4.817090597313518430e+01,2.866859170266048196e+00
4.819091168905401901e+01,2.140065222099186926e+00
4.821091740497285372e+01,1.762989243288345831e+00
4.823092312089168843e+01,2.736717139479313055e+00
4.825092883681051603e+01,2.716119200615550788e+00
4.827093455272935074e+01,2.160805128940970210e+00
4.829094026864818545e+01,2.946212844017066512e+00
4.831094598456702016e+01,2.796311741517238936e+00
4.833095170048585487e+01,2.540854344543252985e+00
4.835095741640468958e+01,2.080551470618916987e+00
4.837096313232352429e+01,1.892692302762870593e+00
4.839096884824235900e+01,2.376236545397122590e+00
4.841097456416119371e+01,2.031751354935253495e+00
4.843098028008002842e+01,2.324675696555460469e+00
4.845098599599885603e+01,2.162904182505893225e+00
4.847099171191769074e+01,2.881110157868247867e+00
4.849099742783652545e+01,1.329025809984883733e+00
4.851100314375536016e+01,2.207919129268220537e+00
4.853100885967419487e+01,2.211037963372796789e+00
4.855101457559302958e+01,2.582359020426958196e+00
4.857102029151186429e+01,1.799338205745297348e+00
4.859102600743069900e+01,2.129708998821669308e+00
4.861103172334953371e+01,2.092718423658930238e+00
4.863103743926836131e+01,1.641680182429326118e+00
4.865104315518719602e+01,1.455131740964411557e+00
4.867104887110603073e+01,2.107018183210441986e+00
4.869105458702486544e+01,2.227542186145841541e+00
4.871106030294370015e+01,1.054556722597205898e+00
4.873106601886253486e+01,2.570025604793015894e+00
4.875107173478136957e+01,2.130299383808826441e+00
4.877107745070020428e+01,1.612226172325590401e+00
4.879108316661903899e+01,2.133054465852023185e+00
4.881108888253786660e+01,1.865433061221596578e+00
4.883109459845670131e+01,1.892610472184070414e+00
4.885110031437553602e+01,2.298314297355354974e+00
4.887110603029437073e+01,2.118087315420656758e+00
4.889111174621320544e+01,2.009450716714808571e+00
4.891111746213204015e+01,1.773836534734298809e+00
4.893112317805087486e+01,1.690735620026336372e+00
4.895112889396970957e+01,2.387501899386040627e+00
4.897113460988854428e+01,1.764900605670767009e+00
4.899114032580737899e+01,2.114256357853437684e+00
4.901114604172620659e+01,1.619083313013446990e+00
4.903115175764504130e+01,1.575226836481001591e+00
4.905115747356387601e+01,1.406799602669900118e+00
4.907116318948271072e+01,1.690075560320361436e+00
4.909116890540154543e+01,2.008997474828344565e+00
4.911117462132038014e+01,2.058961857023108966e+00
4.913118033723921485e+01,2.397938981036911166e+00
4.915118605315804956e+01,1.479375987614838461e+00
4.917119176907688427e+01,1.393639841742043028e+00
4.919119748499571187e+01,1.570329286102929212e+00
4.921120320091454658e+01,1.321950080190697818e+00
4.923120891683338129e+01,1.540327495148683390e+00
4.925121463275221600e+01,2.132280564752266017e+00
4.927122034867105071e+01,2.015045362191127509e+00
4.929122606458988542e+01,2.435195897031198875e+00
4.931123178050872014e+01,1.732919766586006327e+00
4.933123749642755485e+01,1.865322225656453892e+00
4.935124321234638956e+01,2.323652489145263900e+00
4.937124892826522427e+01,1.733365554340150272e+00
4.939125464418405187e+01,1.768844444377552394e+00
4.941126036010288658e+01,1.920928283637332701e+00
4.943126607602172129e+01,2.270642337709560810e+00
4.945127179194055600e+01,1.714474349236842832e+00
4.947127750785939071e+01,2.376961336600087904e+00
4.949128322377822542e+01,1.653610065174109689e+00
4.951128893969706013e+01,2.122254913181818470e+00
4.953129465561589484e+01,1.918695445851879011e+00
4.955130037153472955e+01,1.208995714187254933e+00
4.957130608745355715e+01,2.236350300910098454e+00
4.959131180337239186e+01,1.599903410722246955e+00
4.961131751929122657e+01,2.143194453599237104e+00
4.963132323521006128e+01,1.482316821117809047e+00
4.965132895112889599e+01,1.262109798479672751e+00
4.967133466704773070e+01,1.395614597236088938e+00
4.969134038296656541e+01,1.705198437159501479e+00
4.971134609888540012e+01,1.834908995576685742e+00
4.973135181480423483e+01,1.903085877589973496e+00
4.975135753072306244e+01,1.835949215021393410e+00
4.977136324664189715e+01,1.624076720534755935e+00
4.979136896256073186e+01,1.984431345605782937e+00
4.981137467847956657e+01,2.123109444638327403e+00
4.983138039439840128e+01,1.677171561250257570e+00
4.985138611031723599e+01,1.201163437068354822e+00
4.987139182623607070e+01,1.194363747034908219e+00
4.989139754215490541e+01,1.787245339191673388e+00
4.991140325807374012e+01,1.935891716696561238e+00
4.993140897399257483e+01,1.699387979928224990e+00
4.995141468991140243e+01,2.009251439842849596e+00
4.997142040583023714e+01,1.799552550424072361e+00
4.999142612174907185e+01,1.571396692765734127e+00
5.001143183766790656e+01,2.117122027510656590e+00
5.003143755358674127e+01,1.494593183562942018e+00
5.005144326950557598e+01,2.127194108935544392e+00
5.007144898542441069e+01,1.425708960780670775e+00
5.009145470134324540e+01,2.317529678117326686e+00
5.011146041726208011e+01,1.361657569281138347e+00
5.013146613318090772e+01,1.407176395434139637e+00
5.015147184909974243e+01,1.157088359451507342e+00
5.017147756501857714e+01,1.406527498263804965e+00
5.019148328093741185e+01,2.355326455667361873e+00
5.021148899685624656e+01,9.658991549948725552e-01
5.023149471277508127e+01,2.276909219999668998e+00
5.025150042869391598e+01,1.339027127961311070e+00
5.027150614461275069e+01,1.561983085917064473e+00
5.029151186053158540e+01,1.977425996143175269e+00
5.031151757645042011e+01,2.049256127877846723e+00
5.033152329236924771e+01,1.354397952219028589e+00
5.035152900828808242e+01,1.771189217499509194e+00
5.037153472420691713e+01,1.886597156963160327e+00
5.039154044012575184e+01,1.747553059539817211e+00
5.041154615604458655e+01,1.953816911429949066e+00
5.043155187196342126e+01,1.081000930519795844e+00
5.045155758788225597e+01,1.932815782852681075e+00
5.047156330380109068e+01,2.609268279614817221e+00
5.049156901971992539e+01,1.684597992274701195e+00
5.051157473563875300e+01,2.335056503837773079e+00
5.053158045155758771e+01,9.907300798728843061e-01
5.055158616747642242e+01,1.676036593960128940e+00
5.057159188339525713e+01,1.408342569329821936e+00
5.059159759931409184e+01,2.104104473032258671e+00
5.061160331523292655e+01,1.834038663630664701e+00
5.063160903115176126e+01,1.152336179096466351e+00
5.065161474707059597e+01,1.188695826133186362e+00
5.067162046298943068e+01,2.315860057236541536e+00
5.069162617890825828e+01,2.497701709210631726e+00
5.071163189482709299e+01,1.697933733578704141e+00
5.073163761074592770e+01,2.076039145978407774e+00
5.075164332666476241e+01,2.055313141948123867e+00
5.077164904258359712e+01,1.116822496337334103e+00
5.079165475850243183e+01,1.773371793797702933e+00
5.081166047442126654e+01,1.527687690264168285e+00
5.083166619034010125e+01,2.087714616850891769e+00
5.085167190625893596e+01,1.457335560555157450e+00
5.087167762217777067e+01,1.438959617518336565e+00
5.089168333809659828e+01,1.506735194651264376e+00
5.091168905401543299e+01,1.626270595376640982e+00
5.093169476993426770e+01,2.326071766402209029e+00
5.095170048585310241e+01,2.099453724710500957e+00
5.097170620177193712e+01,1.259309534156750843e+00
5.099171191769077183e+01,1.891317208737828715e+00
5.101171763360960654e+01,1.424961129023887274e+00
5.103172334952844125e+01,2.064774683203087324e+00
5.105172906544727596e+01,1.372692536949168707e+00
5.107173478136610356e+01,1.456553513750356244e+00
5.109174049728493827e+01,1.602499985067369126e+00
5.111174621320377298e+01,1.478773815826495142e+00
5.113175192912260769e+01,1.686513097016229423e+00
5.115175764504144240e+01,1.409943999998960029e+00
5.117176336096027711e+01,1.612220359343135012e+00
5.119176907687911182e+01,1.592952868730830307e+00
5.121177479279794653e+01,2.180345749525141930e+00
5.123178050871678124e+01,1.758072600051871825e+00
5.125178622463561595e+01,1.887790426126817023e+00
5.127179194055444356e+01,2.096717945003919503e+00
5.129179765647327827e+01,1.752762124914047259e+00
5.131180337239211298e+01,2.342252861342417614e+00
5.133180908831094769e+01,2.431444763362586414e+00
5.135181480422978240e+01,2.127954527085530678e+00
5.137182052014861711e+01,1.964539818333548737e+00
5.139182623606745182e+01,2.637621216075199726e+00
5.141183195198628653e+01,2.162660894986314641e+00
5.143183766790512124e+01,2.138793831254556022e+00
5.145184338382394884e+01,2.000565951866254188e+00
5.147184909974278355e+01,2.793542062567158091e+00
5.149185481566161826e+01,1.712600645977352398e+00
5.151186053158045297e+01,2.742863106403064410e+00
5.153186624749928768e+01,1.772415696642740235e+00
5.155187196341812239e+01,2.301321834073473571e+00
5.157187767933695710e+01,1.972579876162836809e+00
5.159188339525579181e+01,2.244263796814203182e+00
5.161188911117462652e+01,2.854007203971573148e+00
5.163189482709345413e+01,3.169021327605713978e+00
5.165190054301228884e+01,2.489410034743694489e+00
5.167190625893112355e+01,2.592788279847085153e+00
5.169191197484995826e+01,1.955026698576926014e+00
5.171191769076879297e+01,2.882012461742692544e+00
5.173192340668762768e+01,2.512902114098935158e+00
5.175192912260646239e+01,2.643053060465864856e+00
5.177193483852529710e+01,3.167968685127857675e+00
5.179194055444413181e+01,3.517699695935261772e+00
5.181194627036296652e+01,3.095629515902295736e+00
5.183195198628179412e+01,3.579694096893971000e+00
5.185195770220062883e+01,2.825919738038417783e+00
5.187196341811946354e+01,2.893714163156515085e+00
5.189196913403829825e+01,3.907387289700546162e+00
5.191197484995713296e+01,3.317222753806810420e+00
5.193198056587596767e+01,3.862874782982442134e+00
5.195198628179480238e+01,3.591141174855520202e+00
5.197199199771363709e+01,3.826069515572251944e+00
5.199199771363247180e+01,3.419916067552696948e+00
5.201200342955129940e+01,3.690587437680902916e+00
5.203200914547013411e+01,4.131662896906405535e+00
5.205201486138896882e+01,3.226372826865286036e+00
5.207202057730780353e+01,3.547037854756684538e+00
5.209202629322663824e+01,4.194561214417873884e+00
5.211203200914547295e+01,4.246866304961534055e+00
5.213203772506430766e+01,3.953401662763141644e+00
5.215204344098314237e+01,4.292165409043786184e+00
5.217204915690197708e+01,3.783561419222186473e+00
5.219205487282081180e+01,3.156897401903935307e+00
5.221206058873963940e+01,3.678140952038934319e+00
5.223206630465847411e+01,3.838112665567728232e+00
5.225207202057730882e+01,3.059252132262634483e+00
5.227207773649614353e+01,3.481636845138922798e+00
5.229208345241497824e+01,3.439935807266621293e+00
5.231208916833381295e+01,3.520660282259301610e+00
5.233209488425264766e+01,3.546463206168408711e+00
5.235210060017148237e+01,3.906428214036146151e+00
5.237210631609031708e+01,3.361921015508188226e+00
5.239211203200914468e+01,3.628648848842909835e+00
5.241211774792797939e+01,3.324538725668788164e+00
5.243212346384681410e+01,3.236131970875481212e+00
5.245212917976564881e+01,3.272769006006891690e+00
5.247213489568448352e+01,3.934231133711836748e+00
5.249214061160331823e+01,2.232306020929988755e+00
5.251214632752215294e+01,2.956164068281579294e+00
5.253215204344098765e+01,3.043704120730065465e+00
5.255215775935982236e+01,2.815810888177613602e+00
5.257216347527864997e+01,2.966372545011755513e+00
5.259216919119748468e+01,3.361864453798982133e+00
5.261217490711631939e+01,2.483392275136500071e+00
5.263218062303515410e+01,2.667791218837472833e+00
5.265218633895398881e+01,2.821900967959304563e+00
5.267219205487282352e+01,3.011577982669176645e+00
5.269219777079165823e+01,2.147606299897450555e+00
5.271220348671049294e+01,3.454102404738983889e+00
5.273220920262932765e+01,2.118903597862081156e+00
5.275221491854816236e+01,3.108394335580362711e+00
5.277222063446698996e+01,2.923373040815404167e+00
5.279222635038582467e+01,2.969762441215187287e+00
5.281223206630465938e+01,2.399531161335703544e+00
5.283223778222349409e+01,3.290807644258685549e+00
5.285224349814232880e+01,3.212490983557521051e+00
5.287224921406116351e+01,3.304887543917360393e+00
5.289225492997999822e+01,3.048269063482828667e+00
5.291226064589883293e+01,2.839046296561420490e+00
5.293226636181766764e+01,2.374880086412695324e+00
5.295227207773649525e+01,2.907262154032705492e+00
5.297227779365532996e+01,2.626269198282373818e+00
5.299228350957416467e+01,3.405009071246334340e+00
5.301228922549299938e+01,2.811171108688252929e+00
5.303229494141183409e+01,2.804482756387058906e+00
5.305230065733066880e+01,3.293396285522955047e+00
5.307230637324950351e+01,3.271679850551624469e+00
5.309231208916833822e+01,3.327649089537805693e+00
5.311231780508717293e+01,3.829003529931924721e+00
5.313232352100600764e+01,4.244486810203457416e+00
5.315232923692483524e+01,3.149125363635332242e+00
5.317233495284366995e+01,3.011253288249850169e+00
5.319234066876250466e+01,4.247421873930606218e+00
5.321234638468133937e+01,4.152485929584061708e+00
5.323235210060017408e+01,2.668658925882064548e+00
5.325235781651900879e+01,3.586140055173602015e+00
5.327236353243784350e+01,3.480634103224061526e+00
5.329236924835667821e+01,2.850136346479347882e+00
5.331237496427551292e+01,3.579458930158393670e+00
5.333238068019434053e+01,3.675487677823741972e+00
5.335238639611317524e+01,3.359839596543197526e+00
5.337239211203200995e+01,3.892285366401631475e+00
5.339239782795084466e+01,3.693250059871458379e+00
5.341240354386967937e+01,2.842947510849162196e+00
5.343240925978851408e+01,3.887707480896521073e+00
5.345241497570734879e+01,2.578062365790176891e+00
5.347242069162618350e+01,2.550636932351252106e+00
5.349242640754501821e+01,3.150513195363718655e+00
5.351243212346384581e+01,2.993766930964453898e+00
5.353243783938268052e+01,2.927071247212664318e+00
5.355244355530151523e+01,2.978181304982147282e+00
5.357244927122034994e+01,1.861155883711915315e+00
5.359245498713918465e+01,2.415721705110342121e+00
5.361246070305801936e+01,2.504493025119914229e+00
5.363246641897685407e+01,2.450869105945605142e+00
5.365247213489568878e+01,1.915789140715672634e+00
5.367247785081452349e+01,2.496714881403208075e+00
5.369248356673335820e+01,1.510694135081886547e+00
5.371248928265218581e+01,2.262110192395013097e+00
5.373249499857102052e+01,1.387679789381416118e+00
5.375250071448985523e+01,2.406796164511508795e+00
5.377250643040868994e+01,1.157912038052657744e+00
5.379251214632752465e+01,1.407933617122597125e+00
5.381251786224635936e+01,2.112473268499528878e+00
5.383252357816519407e+01,2.471323550947466696e+00
5.385252929408402878e+01,2.575734927029398769e+00
5.387253501000286349e+01,1.520083239095622485e+00
5.389254072592169109e+01,1.491544430411614108e+00
5.391254644184052580e+01,1.400298751161689559e+00
5.393255215775936051e+01,1.703501395458656198e+00
5.395255787367819522e+01,1.017090011621783585e+00
5.397256358959702993e+01,2.322135948944159090e+00
5.399256930551586464e+01,2.447777975035128950e+00
5.401257502143469935e+01,2.145951529701048965e+00
5.403258073735353406e+01,2.219717598216581766e+00
5.405258645327236877e+01,1.773956809787831990e+00
5.407259216919120348e+01,1.777373825288920184e+00
5.409259788511003109e+01,2.290436720911078528e+00
5.411260360102886580e+01,2.155225632654975243e+00
5.413260931694770051e+01,1.047640986351196180e+00
5.415261503286653522e+01,2.333992133654902545e+00
5.417262074878536993e+01,1.764581522164323069e+00
5.419262646470420464e+01,1.518044861567743098e+00
5.421263218062303935e+01,2.017695892071174946e+00
5.423263789654187406e+01,7.994025642533294507e-01
5.425264361246070877e+01,1.326141616405018375e+00
5.427264932837953637e+01,1.966312426746333664e+00
5.429265504429837108e+01,1.902446778265227678e+00
5.431266076021720579e+01,1.394126706677702110e+00
5.433266647613604050e+01,1.446500285921880291e+00
5.435267219205487521e+01,1.037728249859719121e+00
5.437267790797370992e+01,2.009384080932382410e+00
5.439268362389254463e+01,1.624270543128094157e+00
5.441268933981137934e+01,1.471963369181048531e+00
5.443269505573021405e+01,2.087903059573024134e+00
5.445270077164904166e+01,1.503028612776497797e+00
5.447270648756787637e+01,1.611457771570029784e+00
5.449271220348671108e+01,1.684190661035419589e+00
5.451271791940554579e+01,1.402325428545788455e+00
5.453272363532438050e+01,1.726623222463206986e+00
5.455272935124321521e+01,2.226328824848478050e+00
5.457273506716204992e+01,1.297714034243548253e+00
5.459274078308088463e+01,1.636856428945318687e+00
5.461274649899971934e+01,2.341550132651125882e+00
5.463275221491855405e+01,2.302558511813417752e+00
5.465275793083738165e+01,1.392742554482454764e+00
5.467276364675621636e+01,1.620698945484192466e+00
5.469276936267505107e+01,1.457750263867918505e+00
5.471277507859388578e+01,2.523426302283486855e+00
5.473278079451272049e+01,1.422011023514308414e+00
5.475278651043155520e+01,1.834604984317598664e+00
5.477279222635038991e+01,1.701218550260268358e+00
5.479279794226922462e+01,2.072160544040966723e+00
5.481280365818805933e+01,1.523260240824138023e+00
5.483280937410688693e+01,6.861321911809261653e-01
5.485281509002572164e+01,1.582068992852104561e+00
5.487282080594455635e+01,1.946161739062587159e+00
5.489282652186339106e+01,8.145594073460864504e-01
5.491283223778222577e+01,1.796456203962933262e+00
5.493283795370106048e+01,7.602296064723650382e-01
5.495284366961989519e+01,2.247772943100796006e+00
5.497284938553872990e+01,1.543778215054004921e+00
5.499285510145756461e+01,1.703592663314014821e+00
5.501286081737639222e+01,2.351792220892948038e+00
5.503286653329522693e+01,1.810850951495571515e+00
5.505287224921406164e+01,1.719977423416863882e+00
5.507287796513289635e+01,2.497405949257458069e+00
5.509288368105173106e+01,1.501798892093761939e+00
5.511288939697056577e+01,7.481065857424477050e-01
5.513289511288940048e+01,1.454372867661276825e+00
5.515290082880823519e+01,1.082362241482610621e+00
5.517290654472706990e+01,2.410803896566142690e+00
5.519291226064590461e+01,1.948768059882130865e+00
5.521291797656473221e+01,1.024267281497815985e+00
5.523292369248356692e+01,1.818510599945387440e+00
5.525292940840240163e+01,1.776737105661724714e+00
5.527293512432123634e+01,2.084401698287515536e+00
5.529294084024007105e+01,2.344778881977907403e+00
5.531294655615890576e+01,1.297008645406520166e+00
5.533295227207774047e+01,1.856967560223974356e+00
5.535295798799657518e+01,2.390793210276351388e+00
5.537296370391540989e+01,2.149587741535905927e+00
5.539296941983423750e+01,1.788062867418260371e+00
5.541297513575307221e+01,2.461205584081558762e+00
5.543298085167190692e+01,2.312096944922841235e+00
5.545298656759074163e+01,1.351531029136872730e+00
5.547299228350957634e+01,1.153746335560722480e+00
5.549299799942841105e+01,1.303361650037731190e+00
5.551300371534724576e+01,2.192348630612311666e+00
5.553300943126608047e+01,1.786936875676503611e+00
5.555301514718491518e+01,1.401503522286085435e+00
5.557302086310374989e+01,1.833307580306088536e+00
5.559302657902257749e+01,1.784295454391726654e+00
5.561303229494141220e+01,1.089542975662583846e+00
5.563303801086024691e+01,1.879436711193537946e+00
5.565304372677908162e+01,1.880307683558730014e+00
5.567304944269791633e+01,1.722590028238856874e+00
5.569305515861675104e+01,1.665761782147137549e+00
5.571306087453558575e+01,1.998140285521586623e+00
5.573306659045442046e+01,1.453713649279123388e+00
5.575307230637325517e+01,2.233376457469896881e+00
5.577307802229208278e+01,1.981409296141944054e+00
5.579308373821091749e+01,2.425255696425834273e+00
5.581308945412975220e+01,2.622124306852816833e+00
5.583309517004858691e+01,1.869914554411919339e+00
5.585310088596742162e+01,1.869878418171808887e+00
5.587310660188625633e+01,2.564961086899308018e+00
5.589311231780509104e+01,1.709074811202868194e+00
5.591311803372392575e+01,2.021555628817794048e+00
5.593312374964276046e+01,2.642361634444297280e+00
5.595312946556158806e+01,2.001893437284105737e+00
5.597313518148042277e+01,2.325262793047464083e+00
5.599314089739925748e+01,2.302536565946794234e+00
5.601314661331809219e+01,2.649446981409399715e+00
5.603315232923692690e+01,2.554808234540364875e+00
5.605315804515576161e+01,1.539776317543815498e+00
5.607316376107459632e+01,2.281596917716649742e+00
5.609316947699343103e+01,1.542567216046562661e+00
5.611317519291226574e+01,2.452496433162455247e+00
5.613318090883110045e+01,2.185405950070514969e+00
5.615318662474992806e+01,2.353180549750176986e+00
5.617319234066876277e+01,2.446620784141059435e+00
5.619319805658759748e+01,3.116268419205760587e+00
5.621320377250643219e+01,3.320024311620919377e+00
5.623320948842526690e+01,1.781340213613004320e+00
5.625321520434410161e+01,2.830764490843428849e+00
5.627322092026293632e+01,2.969259643152105888e+00
5.629322663618177103e+01,2.299096680711251839e+00
5.631323235210060574e+01,3.225667122534209952e+00
5.633323806801943334e+01,2.684150363820613450e+00
5.635324378393826805e+01,2.220579623445460893e+00
5.637324949985710276e+01,2.318820882542233619e+00
5.639325521577593747e+01,2.594891151566105947e+00
5.641326093169477218e+01,2.798861143597339840e+00
5.643326664761360689e+01,2.786927857866718483e+00
5.645327236353244160e+01,2.884401979827771356e+00
5.647327807945127631e+01,3.273165987017012668e+00
5.649328379537011102e+01,3.215602150930952252e+00
5.651328951128894573e+01,3.634840780605158805e+00
5.653329522720777334e+01,2.952947978679006269e+00
5.655330094312660805e+01,2.883562526587608144e+00
5.657330665904544276e+01,3.328253833755186797e+00
5.659331237496427747e+01,3.591589439788502425e+00
5.661331809088311218e+01,3.795449116936766121e+00
5.663332380680194689e+01,3.406007860253722264e+00
5.665332952272078160e+01,3.983686222740926652e+00
5.667333523863961631e+01,3.932518422200230290e+00
5.669334095455845102e+01,3.985020385743985649e+00
5.671334667047727862e+01,4.502285100359452841e+00
5.673335238639611333e+01,5.096008095506115332e+00
5.675335810231494804e+01,5.080132497760643240e+00
5.677336381823378275e+01,4.699708380081432324e+00
5.679336953415261746e+01,5.071592214752340233e+00
5.681337525007145217e+01,4.902543844616003454e+00
5.683338096599028688e+01,5.425097400782004087e+00
5.685338668190912159e+01,6.179932266960598497e+00
5.687339239782795630e+01,5.953944552483232400e+00
5.689339811374678391e+01,5.818430131572888797e+00
5.691340382966561862e+01,6.847895074759621004e+00
5.693340954558445333e+01,7.041328100275569213e+00
5.695341526150328804e+01,6.200149649219965475e+00
5.697342097742212275e+01,7.560396314319686617e+00
5.699342669334095746e+01,7.470399815513544262e+00
5.701343240925979217e+01,7.721307724427523667e+00
5.703343812517862688e+01,7.678231528876231948e+00
5.705344384109746159e+01,7.682927188287164810e+00
5.707344955701629630e+01,8.004470191216910280e+00
5.709345527293512390e+01,9.212590237074957500e+00
5.711346098885395861e+01,9.603487958307733052e+00
5.713346670477279332e+01,9.899933629579166450e+00
5.715347242069162803e+01,9.600504273902995322e+00
5.717347813661046274e+01,1.008404926979828176e+01
5.719348385252929745e+01,1.031137855436583095e+01
5.721348956844813216e+01,1.083369616853139128e+01
5.723349528436696687e+01,1.124344476504664847e+01
5.725350100028580158e+01,1.163531339298323175e+01
5.727350671620462919e+01,1.169280010785182355e+01
5.729351243212346390e+01,1.153590989965902303e+01
5.731351814804229861e+01,1.278586456768636914e+01
5.733352386396113332e+01,1.241614002796988636e+01
5.735352957987996803e+01,1.198327191723801377e+01
5.737353529579880274e+01,1.362833624272499833e+01
5.739354101171763745e+01,1.264843541450031772e+01
5.741354672763647216e+01,1.280999556063271960e+01
5.743355244355530687e+01,1.337036787280823624e+01
5.745355815947414158e+01,1.376091169156049787e+01
5.747356387539296918e+01,1.426766758239821087e+01
5.749356959131180389e+01,1.408491423639863527e+01
5.751357530723063860e+01,1.513125986914334220e+01
5.753358102314947331e+01,1.424429492062962588e+01
5.755358673906830802e+01,1.556738133011852199e+01
5.757359245498714273e+01,1.482055516615040780e+01
5.759359817090597744e+01,1.443252642334856617e+01
5.761360388682481215e+01,1.528800218962923019e+01
5.763360960274364686e+01,1.547127965199887178e+01
5.765361531866247446e+01,1.573282641991612074e+01
5.767362103458130917e+01,1.571853721026951156e+01
5.769362675050014388e+01,1.644237076364519368e+01
5.771363246641897859e+01,1.536458797722724690e+01
5.773363818233781330e+01,1.569708489784300376e+01
5.775364389825664801e+01,1.535446829807673730e+01
5.777364961417548272e+01,1.586472241073425593e+01
5.779365533009431743e+01,1.518957564248986891e+01
5.781366104601315214e+01,1.572492148996851924e+01
5.783366676193197975e+01,1.540575718646426395e+01
5.785367247785081446e+01,1.574828028929219492e+01
5.787367819376964917e+01,1.620261898276827850e+01
5.789368390968848388e+01,1.539097279841336885e+01
5.791368962560731859e+01,1.543563409547604159e+01
5.793369534152615330e+01,1.560431533998386122e+01
5.795370105744498801e+01,1.451260315731014394e+01
5.797370677336382272e+01,1.425725526261737919e+01
5.799371248928265743e+01,1.432969878422264642e+01
5.801371820520149214e+01,1.354843788921663084e+01
5.803372392112031974e+01,1.322836172660483278e+01
5.805372963703915445e+01,1.353809056644178099e+01
5.807373535295798916e+01,1.379003605966198975e+01
5.809374106887682387e+01,1.270745427116904658e+01
5.811374678479565858e+01,1.237678607334795444e+01
5.813375250071449329e+01,1.113837171729823794e+01
5.815375821663332800e+01,1.134570514400198071e+01
5.817376393255216271e+01,1.181519889181814342e+01
5.819376964847099742e+01,1.095235563528847145e+01
5.821377536438982503e+01,9.926287818379588401e+00
5.823378108030865974e+01,1.058044809192081814e+01
5.825378679622749445e+01,1.000748596569387772e+01
5.827379251214632916e+01,1.029702544209019521e+01
5.829379822806516387e+01,9.297126664177863375e+00
5.831380394398399858e+01,9.265752105220506962e+00
5.833380965990283329e+01,8.603787292624383909e+00
5.835381537582166800e+01,7.959908702568444738e+00
5.837382109174050271e+01,7.289019062576099550e+00
5.839382680765933742e+01,7.872320597896889538e+00
5.841383252357816502e+01,7.092209965381965020e+00
5.843383823949699973e+01,7.604113237337156939e+00
5.845384395541583444e+01,6.594279594813993839e+00
5.847384967133466915e+01,7.043087291266165728e+00
5.849385538725350386e+01,6.667955134264836659e+00
5.851386110317233857e+01,5.908853484293611125e+00
5.853386681909117328e+01,5.717047249633793626e+00
5.855387253501000799e+01,6.387217096648880599e+00
5.857387825092884270e+01,5.621832304138332681e+00
5.859388396684767031e+01,5.850504003695777833e+00
5.861388968276650502e+01,6.007850782015440316e+00
5.863389539868533973e+01,6.007091034334545832e+00
5.865390111460417444e+01,5.219494137942676026e+00
5.867390683052300915e+01,5.687540654385567329e+00
5.869391254644184386e+01,5.400653862854437826e+00
5.871391826236067857e+01,4.728726356009308240e+00
5.873392397827951328e+01,5.317737877952255943e+00
5.875392969419834799e+01,5.616428216528079886e+00
5.877393541011717559e+01,4.459264642689307223e+00
5.879394112603601030e+01,5.993935202981447219e+00
5.881394684195484501e+01,6.227621774672272181e+00
5.883395255787367972e+01,5.828955990760215755e+00
5.885395827379251443e+01,5.452338276025598951e+00
5.887396398971134914e+01,5.270140620213140004e+00
5.889396970563018385e+01,5.692829514215315356e+00
5.891397542154901856e+01,5.993575506904529782e+00
5.893398113746785327e+01,5.542902217612645899e+00
5.895398685338668798e+01,6.113756742941778732e+00
5.897399256930551559e+01,5.107815299880153148e+00
5.899399828522435030e+01,6.024668554226814798e+00
5.901400400114318501e+01,5.546274814747342852e+00
5.903400971706201972e+01,5.856852295668529607e+00
5.905401543298085443e+01,6.154766343443415444e+00
5.907402114889968914e+01,6.636160553967552111e+00
5.909402686481852385e+01,7.001316761351597862e+00
5.911403258073735856e+01,7.206759651135045353e+00
5.913403829665619327e+01,7.186613694057067292e+00
5.915404401257502087e+01,7.255924692220643735e+00
5.917404972849385558e+01,7.261408021339462948e+00
5.919405544441269029e+01,6.640268899587716156e+00
5.921406116033152500e+01,7.590378567739461069e+00
5.923406687625035971e+01,7.928875642921403788e+00
5.925407259216919442e+01,7.857121317412891770e+00
5.927407830808802913e+01,7.548607858998791720e+00
5.929408402400686384e+01,7.386910071588229876e+00
5.931408973992569855e+01,7.930502269388146175e+00
5.933409545584453326e+01,7.421080856376320867e+00
5.935410117176336087e+01,7.957680489097622711e+00
5.937410688768219558e+01,7.941584754505836230e+00
5.939411260360103029e+01,7.287158956560850775e+00
5.941411831951986500e+01,7.777158491610287605e+00
5.943412403543869971e+01,8.266747858012619687e+00
5.945412975135753442e+01,7.549092290426248297e+00
5.947413546727636913e+01,7.739008772146420689e+00
5.949414118319520384e+01,6.750665596057587869e+00
5.951414689911403855e+01,7.371508996177900563e+00
5.953415261503286615e+01,7.451039446036379132e+00
5.955415833095170086e+01,7.804822747348297618e+00
5.957416404687053557e+01,6.512475656543935010e+00
5.959416976278937028e+01,6.976054660389552353e+00
5.961417547870820499e+01,7.158061539989196476e+00
5.963418119462703970e+01,6.798573598138838214e+00
5.965418691054587441e+01,7.305359890720517946e+00
5.967419262646470912e+01,6.487166766192144607e+00
5.969419834238354383e+01,5.781068938870562945e+00
5.971420405830237144e+01,6.526835022998707991e+00
5.973420977422120615e+01,5.618959344873272421e+00
5.975421549014004086e+01,5.477289506382883033e+00
5.977422120605887557e+01,5.606610705108890258e+00
5.979422692197771028e+01,5.436632389406486965e+00
5.981423263789654499e+01,5.328177118766373788e+00
5.983423835381537970e+01,5.341296051204577289e+00
5.985424406973421441e+01,4.544770124084271501e+00
5.987424978565304912e+01,4.543666131902029726e+00
5.989425550157188383e+01,4.683836244094926826e+00
5.991426121749071143e+01,3.496293409471076696e+00
5.993426693340954614e+01,4.940334605458426509e+00
5.995427264932838085e+01,4.316518486163733570e+00
5.997427836524721556e+01,4.460817910029670763e+00
5.999428408116605027e+01,3.455339534137776170e+00
6.001428979708488498e+01,3.393985798667982667e+00
6.003429551300371969e+01,3.695775145277584439e+00
6.005430122892255440e+01,3.936560360827135341e+00
6.007430694484138911e+01,3.659980368040482990e+00
6.009431266076021672e+01,2.950809813932666614e+00
6.011431837667905143e+01,2.993900255045766290e+00
6.013432409259788614e+01,2.697375122769883227e+00
6.015432980851672085e+01,2.392978524711353305e+00
6.017433552443555556e+01,3.047660644048276080e+00
6.019434124035439027e+01,2.552371642233983273e+00
6.021434695627322498e+01,2.526297712320173083e+00
6.023435267219205969e+01,2.314532617818300331e+00
6.025435838811089440e+01,3.170536207836322617e+00
6.027436410402972911e+01,2.728176942918726589e+00
6.029436981994855671e+01,2.946243888571405734e+00
6.031437553586739142e+01,2.987077664694218981e+00
6.033438125178622613e+01,1.789162998692453543e+00
6.035438696770506084e+01,2.622796462847563070e+00
6.037439268362389555e+01,2.954730732269030824e+00
6.039439839954273026e+01,2.129199337874672970e+00
6.041440411546156497e+01,2.472126203316342696e+00
6.043440983138039968e+01,2.062386974659487393e+00
6.045441554729923439e+01,2.582744366312802686e+00
6.047442126321806199e+01,1.733387320008174637e+00
6.049442697913689670e+01,2.385638255318121459e+00
6.051443269505573141e+01,1.891887093289503774e+00
6.053443841097456612e+01,2.019132670085110881e+00
6.055444412689340083e+01,2.409888982890180387e+00
6.057444984281223554e+01,2.098707402630986429e+00
6.059445555873107025e+01,2.303924410489909480e+00
6.061446127464990496e+01,2.253625530505143360e+00
6.063446699056873967e+01,1.727226898326258198e+00
6.065447270648756728e+01,1.551514617002498042e+00
6.067447842240640199e+01,2.643781275929348862e+00
6.069448413832523670e+01,1.142478022804929605e+00
6.071448985424407141e+01,1.182804316925234245e+00
6.073449557016290612e+01,1.650199788121588185e+00
6.075450128608174083e+01,1.682888742762699064e+00
6.077450700200057554e+01,1.976388078415035388e+00
6.079451271791941025e+01,1.121381057062106779e+00
6.081451843383824496e+01,2.110328570700852335e+00
6.083452414975707967e+01,1.452144254903478870e+00
6.085452986567590727e+01,1.989856049554973527e+00
6.087453558159474198e+01,1.609505920950507374e+00
6.089454129751357669e+01,1.641245984989025075e+00
6.091454701343241140e+01,1.882065933073144404e+00
6.093455272935124611e+01,1.745474427971379860e+00
6.095455844527008082e+01,2.088468296783344780e+00
6.097456416118891553e+01,1.774648421829201572e+00
6.099456987710775024e+01,1.517688162549109876e+00
6.101457559302658495e+01,1.762390844497453424e+00
6.103458130894541256e+01,1.571597146676101842e+00
6.105458702486424727e+01,1.752466124807707581e+00
6.107459274078308198e+01,1.843646606413057665e+00
6.109459845670191669e+01,2.093424490110947556e+00
6.111460417262075140e+01,1.613510560733084187e+00
6.113460988853958611e+01,2.713632179974633019e+00
6.115461560445842082e+01,1.555752551058186217e+00
6.117462132037725553e+01,2.042533519090711458e+00
6.119462703629609024e+01,1.900899358852667032e+00
6.121463275221492495e+01,2.133297010687884576e+00
6.123463846813375255e+01,2.411658990880495068e+00
6.125464418405258726e+01,2.723741076143176176e+00
6.127464989997142197e+01,2.102475098052264624e+00
6.129465561589025668e+01,1.801889253842394512e+00
6.131466133180909139e+01,2.510506089011552255e+00
6.133466704772792610e+01,2.391646871699101951e+00
6.135467276364676081e+01,2.679768088802330972e+00
6.137467847956559552e+01,2.514986236169996836e+00
6.139468419548443023e+01,2.329276451008367221e+00
6.141468991140325784e+01,2.222418399251093302e+00
6.143469562732209255e+01,2.280727935499895498e+00
6.145470134324092726e+01,2.011092391076567232e+00
6.147470705915976197e+01,2.997923572196265596e+00
6.149471277507859668e+01,2.786775587806020305e+00
6.151471849099743139e+01,3.303602258635967459e+00
6.153472420691626610e+01,2.910685192705139812e+00
6.155472992283510081e+01,2.535348932324675175e+00
6.157473563875393552e+01,3.189586321273086611e+00
6.159474135467276312e+01,3.040691442395983657e+00
6.161474707059159783e+01,3.741556933214019942e+00
6.163475278651043254e+01,3.437472702203047348e+00
6.165475850242926725e+01,3.031598529147716103e+00
6.167476421834810196e+01,2.874949916964201435e+00
6.169476993426693667e+01,3.265286378503013953e+00
6.171477565018577138e+01,4.536930779462835517e+00
6.173478136610460609e+01,3.762527218633523685e+00
6.175478708202344080e+01,4.139437782307466840e+00
6.177479279794227551e+01,3.607930743112577332e+00
6.179479851386110312e+01,4.359666982623218168e+00
6.181480422977993783e+01,4.481799732209660547e+00
6.183480994569877254e+01,5.091067516572271856e+00
6.185481566161760725e+01,4.971319866952949695e+00
6.187482137753644196e+01,5.022559203973839814e+00
6.189482709345527667e+01,5.212060439976210269e+00
6.191483280937411138e+01,5.151867367624614502e+00
6.193483852529294609e+01,5.256435190791771461e+00
6.195484424121178080e+01,5.736502891083773648e+00
6.197484995713060840e+01,6.008041029860107685e+00
6.199485567304944311e+01,5.593085586764853012e+00
6.201486138896827782e+01,5.017551879186569863e+00
6.203486710488711253e+01,4.633104822715311322e+00
6.205487282080594724e+01,3.951980242181968084e+00
6.207487853672478195e+01,5.017044260320046689e+00
6.209488425264361666e+01,4.697740859235226552e+00
6.211488996856245137e+01,3.733653989794442296e+00
6.213489568448128608e+01,4.405694351437863254e+00
6.215490140040011369e+01,4.131318952833523461e+00
6.217490711631894840e+01,3.750633010154261093e+00
6.219491283223778311e+01,4.008493085443280535e+00
6.221491854815661782e+01,3.586508189043696504e+00
6.223492426407545253e+01,2.697851062478239470e+00
6.225492997999428724e+01,2.953950550596377234e+00
6.227493569591312195e+01,2.109332413637680315e+00
6.229494141183195666e+01,2.865646217381692118e+00
6.231494712775079137e+01,2.623145008174588177e+00
6.233495284366962608e+01,2.864412376109028102e+00
6.235495855958845368e+01,2.488997509054712509e+00
6.237496427550728839e+01,2.529663577303125521e+00
6.239496999142612310e+01,2.481000178063462513e+00
6.241497570734495781e+01,2.090281484992284611e+00
6.243498142326379252e+01,2.128877062720506697e+00
6.245498713918262723e+01,2.049819112509903452e+00
6.247499285510146194e+01,1.829417221563703677e+00
6.249499857102029665e+01,1.940440495402949495e+00
6.251500428693913136e+01,2.016454761144483410e+00
6.253501000285795897e+01,1.220186973290017018e+00
6.255501571877679368e+01,1.530916218790338457e+00
6.257502143469562839e+01,2.591022951685122422e+00
6.259502715061446310e+01,1.478608844101180431e+00
6.261503286653329781e+01,1.971812703092532537e+00
6.263503858245213252e+01,2.009483460415792067e+00
6.265504429837096723e+01,1.245927998926088520e+00
6.267505001428980194e+01,1.108524745730036454e+00
6.269505573020863665e+01,2.045200477342963730e+00
6.271506144612747136e+01,1.816224971935021859e+00
6.273506716204629896e+01,1.561651798867553564e+00
6.275507287796513367e+01,9.109410154805973603e-01
6.277507859388396838e+01,1.487709008764144247e+00
6.279508430980280309e+01,1.181410991709785474e+00
6.281509002572163780e+01,1.462016735504084286e+00
6.283509574164047251e+01,1.418970696694104916e+00
6.285510145755930722e+01,1.374238824153399596e+00
6.287510717347814193e+01,2.273559577594112646e+00
6.289511288939697664e+01,9.486547175600423820e-01
6.291511860531580425e+01,1.524734731771971941e+00
6.293512432123463896e+01,1.619930773138467561e+00
6.295513003715347367e+01,1.443639086799865634e+00
6.297513575307230838e+01,1.982926579748665930e+00
6.299514146899114309e+01,1.690460453690681319e+00
6.301514718490997780e+01,1.597653442370435606e+00
6.303515290082881251e+01,1.311463302793960395e+00
6.305515861674764722e+01,1.255001166130292223e+00
6.307516433266648193e+01,2.085358953315546771e+00
6.309517004858530953e+01,1.379205197082828294e+00
6.311517576450414424e+01,1.760693278134547013e+00
6.313518148042297895e+01,2.317127857244973832e+00
6.315518719634181366e+01,2.100466893697433335e+00
6.317519291226064837e+01,1.137265456504430672e+00
6.319519862817948308e+01,8.711186047155203838e-01
6.321520434409831779e+01,1.663857073807811782e+00
6.323521006001715250e+01,1.688701036573529102e+00
6.325521577593598721e+01,1.455336394331369521e+00
6.327522149185482192e+01,1.176242190476779914e+00
6.329522720777364952e+01,1.671395054144954928e+00
6.331523292369248423e+01,1.513308195519298627e+00
6.333523863961131894e+01,1.122056075147812582e+00
6.335524435553015365e+01,1.281319545276423666e+00
6.337525007144898836e+01,7.852650534300282814e-01
6.339525578736782307e+01,1.561398966214256667e+00
6.341526150328665778e+01,1.427553685405035022e+00
6.343526721920549249e+01,2.137378808389313267e+00
6.345527293512432720e+01,2.143181037147397383e+00
6.347527865104315481e+01,1.097304200889605008e+00
6.349528436696198952e+01,2.057782964362036893e+00
6.351529008288082423e+01,1.479632353891071617e+00
6.353529579879965894e+01,1.735886301168810375e+00
6.355530151471849365e+01,1.567467850611672819e+00
6.357530723063732836e+01,1.101097187048245996e+00
6.359531294655616307e+01,1.620001713427944079e+00
6.361531866247499778e+01,1.343438607345658564e+00
6.363532437839383249e+01,9.768193046913914435e-01
6.365533009431266720e+01,1.665994291988399656e+00
6.367533581023149480e+01,2.208091251575030611e+00
6.369534152615032951e+01,1.579269653546902408e+00
6.371534724206916422e+01,1.385319160140220385e+00
6.373535295798799893e+01,2.167782618058034849e+00
6.375535867390683364e+01,1.835323737717835524e+00
6.377536438982566835e+01,1.416567304106647551e+00
6.379537010574450306e+01,1.573106687306280449e+00
6.381537582166333777e+01,1.695012646837112946e+00
6.383538153758217248e+01,2.230962571100757241e+00
6.385538725350100009e+01,2.654410758640341594e+00
6.387539296941983480e+01,1.376912329628676712e+00
6.389539868533866951e+01,1.669496801840393729e+00
6.391540440125750422e+01,2.285398949110906575e+00
6.393541011717633893e+01,1.869248037099500603e+00
6.395541583309517364e+01,1.322378530673880226e+00
6.397542154901400835e+01,2.634224048804152396e+00
6.399542726493284306e+01,2.516074074609718103e+00
6.401543298085167066e+01,2.122179278349720200e+00
6.403543869677051248e+01,1.805452599843268446e+00
6.405544441268934008e+01,1.894909407112977950e+00
6.407545012860816769e+01,2.960209765176212038e+00
6.409545584452700950e+01,3.036905950880132377e+00
6.411546156044585132e+01,2.854678440848183563e+00
6.413546727636467892e+01,3.107307084535645192e+00
6.415547299228350653e+01,2.205363959867552293e+00
6.417547870820234834e+01,2.471549345680474907e+00
6.419548442412119016e+01,3.639905678933897271e+00
6.421549014004001776e+01,3.831940123846998780e+00
6.423549585595884537e+01,3.221276563294556805e+00
6.425550157187768718e+01,3.276133128401569561e+00
6.427550728779651479e+01,3.749955562165634415e+00
6.429551300371534239e+01,3.554551414644391727e+00
6.431551871963418421e+01,4.990539694287473793e+00
6.433552443555302602e+01,4.814840647339475588e+00
6.435553015147185363e+01,5.740433398654042563e+00
6.437553586739068123e+01,5.205767223504076391e+00
6.439554158330952305e+01,5.590820492963008093e+00
6.441554729922835065e+01,6.109638423295375986e+00
6.443555301514717826e+01,6.673706449817309760e+00
6.445555873106602007e+01,7.810000570699402900e+00
6.447556444698486189e+01,7.330072299945062042e+00
6.449557016290368949e+01,7.929277434469128139e+00
6.451557587882251710e+01,7.989819752471956527e+00
6.453558159474135891e+01,8.408181084323270937e+00
6.455558731066020073e+01,8.520682487311873388e+00
6.457559302657902833e+01,9.305883384361610666e+00
6.459559874249785594e+01,8.721824639641486243e+00
6.461560445841669775e+01,8.964449906227597964e+00
6.463561017433552536e+01,9.880697061091256117e+00
6.465561589025435296e+01,8.793271977813398976e+00
6.467562160617319478e+01,9.402747357356458835e+00
6.469562732209203659e+01,9.091453106849801458e+00
6.471563303801086420e+01,9.435593741819037206e+00
6.473563875392969180e+01,9.730220034621918757e+00
6.475564446984853362e+01,8.704590923398388469e+00
6.477565018576737543e+01,8.910642782063931122e+00
6.479565590168618883e+01,7.889326422307647135e+00
6.481566161760503064e+01,9.079897820450094414e+00
6.483566733352387246e+01,8.242252008967831500e+00
6.485567304944270006e+01,7.078503167891070369e+00
6.487567876536152767e+01,7.585977401446718282e+00
6.489568448128036948e+01,6.657162775760058437e+00
6.491569019719921130e+01,6.902176711419260258e+00
6.493569591311803890e+01,6.463107084170116146e+00
6.495570162903686651e+01,5.218809155583022275e+00
6.497570734495570832e+01,6.159436305672733702e+00
6.499571306087453593e+01,5.353661590864199127e+00
6.501571877679336353e+01,5.464212250448333918e+00
6.503572449271220535e+01,4.594798654578313268e+00
6.505573020863104716e+01,4.071048323471862851e+00
6.507573592454987477e+01,3.578225482447682904e+00
6.509574164046870237e+01,4.497306167514675934e+00
6.511574735638754419e+01,3.461690705469185669e+00
6.513575307230638600e+01,3.861347239602956449e+00
6.515575878822521361e+01,2.734150179948330983e+00
6.517576450414404121e+01,2.728354142806415084e+00
6.519577022006288303e+01,2.495940638666317213e+00
6.521577593598171063e+01,3.303449751305760351e+00
6.523578165190053824e+01,2.933824071942877865e+00
6.525578736781938005e+01,2.832296597003158389e+00
6.527579308373822187e+01,2.296540071041822451e+00
6.529579879965704947e+01,1.789526453020581886e+00
6.531580451557587708e+01,2.024191764494944756e+00
6.533581023149471889e+01,2.453843329001976770e+00
6.535581594741354650e+01,2.290078445139005048e+00
6.537582166333237410e+01,2.236373562559270667e+00
6.539582737925121592e+01,1.700015184459230611e+00
6.541583309517005773e+01,2.240388287816065027e+00
6.543583881108888534e+01,2.306996548592510354e+00
6.545584452700771294e+01,1.662470649000673983e+00
6.547585024292655476e+01,2.246519956195606849e+00
6.549585595884539657e+01,1.904262843051625520e+00
6.551586167476422418e+01,2.442982395583176647e+00
6.553586739068305178e+01,2.346376180025174563e+00
6.555587310660189360e+01,2.287655629353145148e+00
6.557587882252072120e+01,2.225196580082035247e+00
6.559588453843954881e+01,1.691387038103175700e+00
6.561589025435839062e+01,2.483189184210121248e+00
6.563589597027723244e+01,1.763188456968213691e+00
6.565590168619606004e+01,1.882017114047837447e+00
6.567590740211488765e+01,2.072284034873951075e+00
6.569591311803372946e+01,1.556024193837705294e+00
6.571591883395257128e+01,1.957525369265305848e+00
6.573592454987138467e+01,1.203383332309333031e+00
6.575593026579022649e+01,1.064708387958099634e+00
6.577593598170906830e+01,2.215425923408649300e+00
6.579594169762789591e+01,1.070452707588333219e+00
6.581594741354672351e+01,1.220888280189892594e+00
6.583595312946556533e+01,2.139929782109893708e+00
6.585595884538440714e+01,1.478117630850056319e+00
6.587596456130323475e+01,2.368010912331901086e+00
6.589597027722206235e+01,2.449708818258128584e+00
6.591597599314090417e+01,1.740672233835469207e+00
6.593598170905973177e+01,1.737072828030904237e+00
6.595598742497855937e+01,9.350663426870267081e-01
6.597599314089740119e+01,1.701483585732607384e+00
6.599599885681624301e+01,1.667569212181011729e+00
6.601600457273507061e+01,2.391750977249595955e+00
6.603601028865389821e+01,1.701576077235319673e+00
6.605601600457274003e+01,2.136782288751060133e+00
6.607602172049158185e+01,1.481871202306078494e+00
6.609602743641040945e+01,2.211397283219177279e+00
6.611603315232923705e+01,2.260306775639466359e+00
6.613603886824807887e+01,1.350582566723806721e+00
6.615604458416690647e+01,2.096546095379790309e+00
6.617605030008573408e+01,2.277033521089358636e+00
6.619605601600457589e+01,2.559949255398059620e+00
6.621606173192341771e+01,1.865303877464938420e+00
6.623606744784224531e+01,2.384854693800474212e+00
6.625607316376107292e+01,1.842005918448728519e+00
6.627607887967991473e+01,2.118524057275522843e+00
6.629608459559874234e+01,1.771746416491722931e+00
6.631609031151756994e+01,1.759213614235592305e+00
6.633609602743641176e+01,2.034004792301589148e+00
6.635610174335525357e+01,2.817063305244381866e+00
6.637610745927408118e+01,2.048634935288055292e+00
6.639611317519290878e+01,1.269082723267080048e+00
6.641611889111175060e+01,1.368860671329986234e+00
6.643612460703059241e+01,2.405144024240324363e+00
6.645613032294942002e+01,2.500061757445988242e+00
6.647613603886824762e+01,1.961962897008267204e+00
6.649614175478708944e+01,2.136175558660004636e+00
6.651614747070591704e+01,2.844561137050352073e+00
6.653615318662474465e+01,2.260283049348490891e+00
6.655615890254358646e+01,2.413030587427655416e+00
6.657616461846242828e+01,2.588051509027006425e+00
6.659617033438125588e+01,2.711745929039931724e+00
6.661617605030008349e+01,2.782210075877502575e+00
6.663618176621892530e+01,2.546491777439622517e+00
6.665618748213776712e+01,3.187477596487525933e+00
6.667619319805658051e+01,2.718103109322441036e+00
6.669619891397542233e+01,2.670262980371837180e+00
6.671620462989426414e+01,3.140830943716928836e+00
6.673621034581309175e+01,3.298028705879648914e+00
6.675621606173191935e+01,3.229635116558645436e+00
6.677622177765076117e+01,3.741576522002225236e+00
6.679622749356960298e+01,3.512384769551062380e+00
6.681623320948843059e+01,4.022704411101752697e+00
6.683623892540725819e+01,3.186897172206126783e+00
6.685624464132610001e+01,3.487319299843147036e+00
6.687625035724492761e+01,3.780023431130997036e+00
6.689625607316375522e+01,3.618923821666500729e+00
6.691626178908259703e+01,4.547274812263390587e+00
6.693626750500143885e+01,5.089463276687416382e+00
6.695627322092026645e+01,4.962971811862023408e+00
6.697627893683909406e+01,4.752170726106464294e+00
6.699628465275793587e+01,4.494687454259530313e+00
6.701629036867677769e+01,5.930835921798982113e+00
6.703629608459560529e+01,5.431296403420072139e+00
6.705630180051443290e+01,5.260019329250630093e+00
6.707630751643327471e+01,5.253024004195272489e+00
6.709631323235210232e+01,5.042884497929587262e+00
6.711631894827092992e+01,5.675484458528982756e+00
6.713632466418977174e+01,5.508581497809134753e+00
6.715633038010861355e+01,6.207310698444675978e+00
6.717633609602744116e+01,6.103167324777603930e+00
6.719634181194626876e+01,5.777678725703073503e+00
6.721634752786511058e+01,5.966790470844498984e+00
6.723635324378393818e+01,6.890344516018211074e+00
6.725635895970276579e+01,5.981696314241517598e+00
6.727636467562160760e+01,6.081587240083418777e+00
6.729637039154044942e+01,6.417241871311406776e+00
6.731637610745927702e+01,6.096244262440712269e+00
6.733638182337810463e+01,6.424319028329549042e+00
6.735638753929694644e+01,6.687126553951367569e+00
6.737639325521578826e+01,6.139931324980119065e+00
6.739639897113461586e+01,6.145685817350549307e+00
6.741640468705344347e+01,6.214635759380740865e+00
6.743641040297228528e+01,5.724824645811516177e+00
6.745641611889111289e+01,5.868761166328289036e+00
6.747642183480994049e+01,5.890586240558755904e+00
6.749642755072878231e+01,6.014546791105020773e+00
6.751643326664762412e+01,5.802420986479281062e+00
6.753643898256645173e+01,5.791087135208511150e+00
6.755644469848527933e+01,5.595377864633531040e+00
6.757645041440412115e+01,5.614850424186626832e+00
6.759645613032296296e+01,4.676139883329975433e+00
6.761646184624177636e+01,5.161986520539942447e+00
6.763646756216061817e+01,4.745045792603156620e+00
6.765647327807945999e+01,5.401159771423110989e+00
6.767647899399828759e+01,4.373134703530299205e+00
6.769648470991711520e+01,4.780641876634833309e+00
6.771649042583595701e+01,4.600746504294834338e+00
6.773649614175479883e+01,4.531441855939053909e+00
6.775650185767362643e+01,3.818891477014920266e+00
6.777650757359245404e+01,3.135042779431310933e+00
6.779651328951129585e+01,3.794838036980689555e+00
6.781651900543012346e+01,3.581913503694535983e+00
6.783652472134895106e+01,3.273315799054659969e+00
6.785653043726779288e+01,4.142322299330605695e+00
6.787653615318663469e+01,3.611417375359764925e+00
6.789654186910546230e+01,3.563126117298066386e+00
6.791654758502428990e+01,3.099274083388361412e+00
6.793655330094313172e+01,3.730763362777413050e+00
6.795655901686197353e+01,2.734914316858909178e+00
6.797656473278080114e+01,3.090922535999862664e+00
6.799657044869962874e+01,2.850522372225415602e+00
6.801657616461847056e+01,2.741233674076120064e+00
6.803658188053729816e+01,3.198146731265548937e+00
6.805658759645612577e+01,2.740247230578231274e+00
6.807659331237496758e+01,2.676143352641512152e+00
6.809659902829380940e+01,2.642827478324075052e+00
6.811660474421263700e+01,3.380993712273558494e+00
6.813661046013146461e+01,2.354313496707381770e+00
6.815661617605030642e+01,2.289898747248156230e+00
6.817662189196913403e+01,2.544522882325039426e+00
6.819662760788796163e+01,2.665245654252772933e+00
6.821663332380680345e+01,2.813458945405518996e+00
6.823663903972564526e+01,2.249178339617903699e+00
6.825664475564447287e+01,2.807779945647865372e+00
6.827665047156330047e+01,2.669917033733022471e+00
6.829665618748214229e+01,2.329049991663554753e+00
6.831666190340098410e+01,2.273849237065593165e+00
6.833666761931981171e+01,2.501547903779366422e+00
6.835667333523863931e+01,2.404918766203146596e+00
6.837667905115748113e+01,2.737677455142604188e+00
6.839668476707630873e+01,3.174971525189989485e+00
6.841669048299513634e+01,2.260001371958364036e+00
6.843669619891397815e+01,2.471963698140577037e+00
6.845670191483281997e+01,2.900632539625880302e+00
6.847670763075164757e+01,2.418619158811375236e+00
6.849671334667047518e+01,3.296982528279397417e+00
6.851671906258931699e+01,2.789563679080223402e+00
6.853672477850815881e+01,2.924959292259197596e+00
6.855673049442697220e+01,2.440277685886457881e+00
6.857673621034581402e+01,3.677010167705992316e+00
6.859674192626465583e+01,3.256871178927994492e+00
6.861674764218348344e+01,3.611497908052954120e+00
6.863675335810231104e+01,3.207780566839310676e+00
6.865675907402115286e+01,2.654438810193945120e+00
6.867676478993999467e+01,3.423907939325276928e+00
6.869677050585882228e+01,3.707142561900039990e+00
6.871677622177764988e+01,3.412102562445519904e+00
6.873678193769649170e+01,3.678653430884860409e+00
6.875678765361531930e+01,3.419683836382167108e+00
6.877679336953414690e+01,3.670509303626898756e+00
6.879679908545298872e+01,4.497991738999456146e+00
6.881680480137183054e+01,4.562714932126576528e+00
6.883681051729065814e+01,4.246120398535163432e+00
6.885681623320948574e+01,4.272803947102767452e+00
6.887682194912832756e+01,3.865960506557769794e+00
6.889682766504716938e+01,4.137399878837947576e+00
6.891683338096599698e+01,5.126609155842123400e+00
6.893683909688482458e+01,4.685625307162840869e+00
6.895684481280366640e+01,4.717539824505418977e+00
6.897685052872249400e+01,4.184375165438630972e+00
6.899685624464132161e+01,4.257187748125259574e+00
6.901686196056016342e+01,4.938370256743173314e+00
6.903686767647900524e+01,4.843027674423047380e+00
6.905687339239783284e+01,5.775870678909407196e+00
6.907687910831666045e+01,4.785334226843456662e+00
6.909688482423550226e+01,4.956425591842921641e+00
6.911689054015432987e+01,5.490504966573698020e+00
6.913689625607315747e+01,5.289657035515351602e+00
6.915690197199199929e+01,5.562249802549065869e+00
6.917690768791084110e+01,5.302728952102623516e+00
6.919691340382966871e+01,5.420976793674324945e+00
6.921691911974849631e+01,5.379720479348092610e+00
6.923692483566733813e+01,5.792819449763614514e+00
6.925693055158617994e+01,4.856158674731916314e+00
6.927693626750500755e+01,5.564681793377501684e+00
6.929694198342383515e+01,5.556881295576291180e+00
6.931694769934267697e+01,5.891435947659305228e+00
6.933695341526150457e+01,5.608551061992784526e+00
6.935695913118033218e+01,4.675471019264345607e+00
6.937696484709917399e+01,5.252166037162051992e+00
6.939697056301801581e+01,5.557297347185572001e+00
6.941697627893684341e+01,5.461684163399928238e+00
6.943698199485567102e+01,5.068687101886443891e+00
6.945698771077451283e+01,5.062948873750945822e+00
6.947699342669335465e+01,4.480405518119066066e+00
6.949699914261216804e+01,4.822904780171608508e+00
6.951700485853100986e+01,5.141601920185715713e+00
6.953701057444985167e+01,4.471471047907293439e+00
6.955701629036867928e+01,4.292255894820768525e+00
6.957702200628750688e+01,4.638909813656271197e+00
6.959702772220634870e+01,4.273274894253028755e+00
6.961703343812519051e+01,4.400636874066655047e+00
6.963703915404401812e+01,3.850223263822913911e+00
6.965704486996284572e+01,3.190326375480679211e+00
6.967705058588168754e+01,3.374771540267542225e+00
6.969705630180051514e+01,4.039449970260496237e+00
6.971706201771934275e+01,3.618239109715982949e+00
6.973706773363818456e+01,3.956247873564604500e+00
6.975707344955702638e+01,2.895356787695421374e+00
6.977707916547585398e+01,3.053454995083086931e+00
6.979708488139468159e+01,2.507946627629729086e+00
6.981709059731352340e+01,2.262023718467899958e+00
6.983709631323236522e+01,2.166429403582542879e+00
6.985710202915119282e+01,2.854206277636601286e+00
6.987710774507002043e+01,2.787631449070183010e+00
6.989711346098886224e+01,2.283842500581067636e+00
6.991711917690768985e+01,2.464943426374536450e+00
6.993712489282651745e+01,3.265924047315666989e+00
6.995713060874535927e+01,1.922348560361084591e+00
6.997713632466420108e+01,2.522868983753502103e+00
6.999714204058302869e+01,2.410571429558873380e+00
7.001714775650185629e+01,2.566507744631457033e+00
7.003715347242069811e+01,2.549708866465700829e+00
7.005715918833952571e+01,2.514155913438222978e+00
7.007716490425835332e+01,2.229174243364522745e+00
7.009717062017719513e+01,1.352823661808223887e+00
7.011717633609603695e+01,2.833587561201834859e+00
7.013718205201486455e+01,2.740373026763993636e+00
7.015718776793369216e+01,1.637465051389258353e+00
7.017719348385253397e+01,2.138850665495067638e+00
7.019719919977137579e+01,2.379561214704489114e+00
7.021720491569020339e+01,2.223474052324693861e+00
7.023721063160903100e+01,2.279680596415424088e+00
7.025721634752787281e+01,1.735150804109597322e+00
7.027722206344670042e+01,2.507339033037442988e+00
7.029722777936552802e+01,2.327094072973627803e+00
7.031723349528436984e+01,1.654012367621856772e+00
7.033723921120321165e+01,2.468130647705351510e+00
7.035724492712203926e+01,2.153180184951151155e+00
7.037725064304086686e+01,1.679947437766469154e+00
7.039725635895970868e+01,1.300405363609980602e+00
7.041726207487855049e+01,1.650037939639712903e+00
7.043726779079736389e+01,1.238129760130622925e+00
7.045727350671620570e+01,1.901956354848386432e+00
7.047727922263504752e+01,1.314068817579151949e+00
7.049728493855387512e+01,1.575859922081117803e+00
7.051729065447270273e+01,1.327498926839719040e+00
7.053729637039154454e+01,1.511889908608037514e+00
7.055730208631038636e+01,1.523706286696753009e+00
7.057730780222921396e+01,1.494031559092290573e+00
7.059731351814804157e+01,1.571073162972502324e+00
7.061731923406688338e+01,1.117327972189827934e+00
7.063732494998571099e+01,7.620172106727750583e-01
7.065733066590453859e+01,1.342025859953329459e+00
7.067733638182338041e+01,1.609665117018873826e+00
7.069734209774222222e+01,1.366964607634168605e+00
7.071734781366104983e+01,1.205255241225223761e+00
7.073735352957987743e+01,1.668753917758038607e+00
7.075735924549871925e+01,1.442598243369697553e+00
7.077736496141756106e+01,1.832738619132386670e+00
7.079737067733638867e+01,1.491516890358765446e+00
7.081737639325521627e+01,1.428768279126520824e+00
7.083738210917405809e+01,2.347577198693408640e+00
7.085738782509288569e+01,1.754435200026294384e+00
7.087739354101171330e+01,1.225065969158692258e+00
7.089739925693055511e+01,1.239778834119681150e+00
7.091740497284939693e+01,1.684988533924806298e+00
7.093741068876822453e+01,1.611557939539678630e+00
7.095741640468705214e+01,9.362308689725987731e-01
7.097742212060589395e+01,2.201048578376132880e+00
7.099742783652472156e+01,1.761069692632942774e+00
7.101743355244354916e+01,1.613898955999407692e+00
7.103743926836239098e+01,1.346932830546643034e+00
7.105744498428123279e+01,1.735322025335603646e+00
7.107745070020006040e+01,1.938800260616583948e+00
7.109745641611888800e+01,1.924215351052638301e+00
7.111746213203772982e+01,1.814877414617597218e+00
7.113746784795657163e+01,1.434403553116571750e+00
7.115747356387539924e+01,1.793735753091010077e+00
7.117747927979422684e+01,1.455451677458510451e+00
7.119748499571306866e+01,1.990047355879334123e+00
7.121749071163189626e+01,1.330671112524373312e+00
7.123749642755072387e+01,1.417533571181842200e+00
7.125750214346956568e+01,1.933637834346839224e+00
7.127750785938840750e+01,1.702877519545813900e+00
7.129751357530723510e+01,1.333360453314584415e+00
7.131751929122606271e+01,1.011240245610109501e+00
7.133752500714490452e+01,1.444240624012674612e+00
7.135753072306374634e+01,2.200060954655633783e+00
7.137753643898255973e+01,1.930487477459265522e+00
7.139754215490140155e+01,1.985576263902592897e+00
7.141754787082024336e+01,1.834123856688103960e+00
7.143755358673907097e+01,1.944267816709549290e+00
7.145755930265789857e+01,2.159158423586096553e+00
7.147756501857674039e+01,1.572133786091138186e+00
7.149757073449558220e+01,1.406873032937081991e+00
7.151757645041440981e+01,1.372353266325727184e+00
7.153758216633323741e+01,2.046159648409557441e+00
7.155758788225207923e+01,1.097968442278423051e+00
7.157759359817090683e+01,9.657175598663284566e-01
7.159759931408973443e+01,9.080300109262524622e-01
7.161760503000857625e+01,2.110325785741554050e+00
7.163761074592741807e+01,1.600068915789234492e+00
7.165761646184624567e+01,2.046129595630923337e+00
7.167762217776507327e+01,1.609835643047590192e+00
7.169762789368391509e+01,2.149160286302139955e+00
7.171763360960275691e+01,1.571214972028370571e+00
7.173763932552158451e+01,2.149905101426468512e+00
7.175764504144041211e+01,1.696295346709566054e+00
7.177765075735925393e+01,1.637114499872406093e+00
7.179765647327808153e+01,1.739385888272036329e+00
7.181766218919690914e+01,1.602680946245111260e+00
7.183766790511575095e+01,2.122587936561468158e+00
7.185767362103459277e+01,1.888947419401039607e+00
7.187767933695342037e+01,2.006331732644397015e+00
7.189768505287224798e+01,2.038635520191569128e+00
7.191769076879108979e+01,1.220111934085199357e+00
7.193769648470991740e+01,1.845727857161287400e+00
7.195770220062874500e+01,1.414147987280785834e+00
7.197770791654758682e+01,1.749608662890586919e+00
7.199771363246642863e+01,1.412216043807512200e+00
7.201771934838525624e+01,2.531893252514364256e+00
7.203772506430408384e+01,1.776515450343524094e+00
7.205773078022292566e+01,1.527369611226078838e+00
7.207773649614176747e+01,1.615742452541260032e+00
7.209774221206059508e+01,2.258098476890858297e+00
7.211774792797942268e+01,2.245073230077530901e+00
7.213775364389826450e+01,1.549133506927443893e+00
7.215775935981709210e+01,2.472256762368302496e+00
7.217776507573591971e+01,2.000557147998314633e+00
7.219777079165476152e+01,2.540062827612681318e+00
7.221777650757360334e+01,1.749618879527379267e+00
7.223778222349243094e+01,1.756692549360174382e+00
7.225778793941125855e+01,1.638792435399655023e+00
7.227779365533010036e+01,2.379329287502952361e+00
7.229779937124894218e+01,1.954305473826208894e+00
7.231780508716775557e+01,1.850071472516092275e+00
7.233781080308659739e+01,2.171024411973692558e+00
7.235781651900543920e+01,2.390963393820844107e+00
7.237782223492426681e+01,2.020591065747614490e+00
7.239782795084309441e+01,1.731027134340113349e+00
7.241783366676193623e+01,2.019649722625596500e+00
7.243783938268077804e+01,2.610638285738320352e+00
7.245784509859960565e+01,2.263620816749345011e+00
7.247785081451843325e+01,2.270309101828089648e+00
7.249785653043727507e+01,2.251023002067601642e+00
7.251786224635610267e+01,1.492787087172681160e+00
7.253786796227493028e+01,2.726793725183000561e+00
7.255787367819377209e+01,1.253855058341506901e+00
7.257787939411261391e+01,2.381822987666152525e+00
7.259788511003144151e+01,1.680795856760986862e+00
7.261789082595026912e+01,2.155361544345964830e+00
7.263789654186911093e+01,2.091143007851446800e+00
7.265790225778795275e+01,1.734041825302373496e+00
7.267790797370678035e+01,2.143248937972405344e+00
7.269791368962560796e+01,2.590760420388363627e+00
7.271791940554444977e+01,2.597903001714817250e+00
7.273792512146327738e+01,2.919799734982479578e+00
7.275793083738210498e+01,2.088369116351130206e+00
7.277793655330094680e+01,3.051670632674292616e+00
7.279794226921978861e+01,1.833902424636082440e+00
7.281794798513861622e+01,1.870040054144302299e+00
7.283795370105744382e+01,2.793676758114445491e+00
7.285795941697628564e+01,1.816160525733133690e+00
7.287796513289511324e+01,2.500449273456496702e+00
7.289797084881394085e+01,1.683922725426528766e+00
7.291797656473278266e+01,2.650919421354112515e+00
7.293798228065162448e+01,2.181386842013782079e+00
7.295798799657045208e+01,2.715123344599233768e+00
7.297799371248927969e+01,1.796379580759257077e+00
7.299799942840812150e+01,1.798102114240772265e+00
7.301800514432696332e+01,1.872203776542099130e+00
7.303801086024579092e+01,1.933413478496076587e+00
7.305801657616461853e+01,2.069536370247565760e+00
7.307802229208346034e+01,1.894046961625343917e+00
7.309802800800228795e+01,2.274810540320004293e+00
7.311803372392111555e+01,1.905101493342858499e+00
7.313803943983995737e+01,1.768314417403474170e+00
7.315804515575879918e+01,2.106688027713338407e+00
7.317805087167762679e+01,2.105806108086229145e+00
7.319805658759645439e+01,2.220989152975269665e+00
7.321806230351529621e+01,2.105512142966147415e+00
7.323806801943413802e+01,2.399654819263769667e+00
7.325807373535295142e+01,2.215622385842904496e+00
7.327807945127179323e+01,1.220631160945137683e+00
7.329808516719063505e+01,1.529798071690381178e+00
7.331809088310946265e+01,2.314620367504389264e+00
7.333809659902829026e+01,1.388928061627693111e+00
7.335810231494713207e+01,1.962468565859679881e+00
7.337810803086597389e+01,2.340296730380628798e+00
7.339811374678480149e+01,1.594096098192491429e+00
7.341811946270362910e+01,1.091046435789624569e+00
7.343812517862247091e+01,1.554162175801234280e+00
7.345813089454129852e+01,1.795102386226986146e+00
7.347813661046012612e+01,1.888690369969775240e+00
7.349814232637896794e+01,1.046386096811532607e+00
7.351814804229780975e+01,1.967161379623498574e+00
7.353815375821663736e+01,1.821103954302008887e+00
7.355815947413546496e+01,2.204635257286233330e+00
7.357816519005430678e+01,1.348469760152146701e+00
7.359817090597314859e+01,1.275717670404332482e+00
7.361817662189197620e+01,1.508456137526321683e+00
7.363818233781080380e+01,1.638071869218109544e+00
7.365818805372964562e+01,1.125259298948822373e+00
7.367819376964847322e+01,2.088811018156733645e+00
7.369819948556730083e+01,2.307108428799717004e+00
7.371820520148614264e+01,1.416801589852978438e+00
7.373821091740498446e+01,1.581929263100630090e+00
7.375821663332381206e+01,1.477302624647850227e+00
7.377822234924263967e+01,1.337130483138413872e+00
7.379822806516148148e+01,8.720643301292714256e-01
7.381823378108030909e+01,1.443233582784820834e+00
7.383823949699913669e+01,7.976396576429272134e-01
7.385824521291797851e+01,1.773732335403997995e+00
7.387825092883682032e+01,1.291058175550139131e+00
7.389825664475564793e+01,1.196870931617352696e+00
7.391826236067447553e+01,1.965721881140060745e+00
7.393826807659331735e+01,1.348081384318100095e+00
7.395827379251215916e+01,1.496626953836519114e+00
7.397827950843098677e+01,1.424140605837166174e+00
7.399828522434981437e+01,1.388260196712712613e+00
7.401829094026865619e+01,9.395782488625041839e-01
7.403829665618748379e+01,1.170704287518909759e+00
7.405830237210632561e+01,1.783294784409820366e+00
7.407830808802515321e+01,8.624062292395376916e-01
7.409831380394398082e+01,1.229385372968286205e+00
7.411831951986282263e+01,2.329719567811229908e+00
7.413832523578165024e+01,9.218949404213178100e-01
7.415833095170049205e+01,1.641356893520977689e+00
7.417833666761931966e+01,2.171078533577984970e+00
7.419834238353816147e+01,1.631517069796328823e+00
7.421834809945698908e+01,1.479404846550391950e+00
7.423835381537583089e+01,1.117071414678890262e+00
7.425835953129465850e+01,1.263520293551400275e+00
7.427836524721348610e+01,2.084964812182272809e+00
7.429837096313232792e+01,1.680285017086112997e+00
7.431837667905115552e+01,1.442621866984616252e+00
7.433838239496999734e+01,1.008268986622379959e+00
7.435838811088882494e+01,1.422763586874820074e+00
7.437839382680766676e+01,1.585566763111971866e+00
7.439839954272649436e+01,8.068663812135974389e-01
7.441840525864533618e+01,2.218120584409213336e+00
7.443841097456416378e+01,1.600030433236195204e+00
7.445841669048300560e+01,1.682909081647626870e+00
7.447842240640183320e+01,7.888612908347951702e-01
7.449842812232066080e+01,9.647599273235969441e-01
7.451843383823950262e+01,2.009768853651957787e+00
7.453843955415833022e+01,1.465401626174590355e+00
7.455844527007717204e+01,2.349608562156452862e+00
7.457845098599599964e+01,1.659186084392671789e+00
7.459845670191484146e+01,1.658062615523941963e+00
7.461846241783366906e+01,1.995104054213956868e+00
7.463846813375251088e+01,7.051676706299012665e-01
7.465847384967133848e+01,1.799439866295387658e+00
7.467847956559016609e+01,1.952204615404912635e+00
7.469848528150900790e+01,1.702747163851251688e+00
7.471849099742783551e+01,1.946204529673066119e+00
7.473849671334667732e+01,1.271226088867597248e+00
7.475850242926550493e+01,1.926020098901503497e+00
7.477850814518434674e+01,1.939637507511001058e+00
7.479851386110317435e+01,1.053527531206717160e+00
7.481851957702201616e+01,1.784732088775547787e+00
7.483852529294084377e+01,1.463747745491557506e+00
7.485853100885967137e+01,1.817968563551344952e+00
7.487853672477851319e+01,2.570337420455202526e+00
7.489854244069734079e+01,1.314813662965576446e+00
7.491854815661618261e+01,2.456975800163716528e+00
7.493855387253501021e+01,1.734329059059954270e+00
7.495855958845385203e+01,2.014946511399778206e+00
7.497856530437267963e+01,2.267019371597020161e+00
7.499857102029152145e+01,2.290341959334914357e+00
7.501857673621034905e+01,1.651230490196566425e+00
7.503858245212917666e+01,1.291717114815976064e+00
7.505858816804801847e+01,1.860567547700978874e+00
7.507859388396684608e+01,1.984056558342080612e+00
7.509859959988568789e+01,1.972492525883569936e+00
7.511860531580451550e+01,1.444362448332917159e+00
7.513861103172335731e+01,1.833800084280470255e+00
7.515861674764218492e+01,8.968147847076680668e-01
7.517862246356102673e+01,9.607971316922108151e-01
7.519862817947985434e+01,1.515816039062252596e+00
7.521863389539868194e+01,1.726191673418681516e+00
7.523863961131752376e+01,1.521325291802887891e+00
7.525864532723635136e+01,2.118140282362029225e+00
7.527865104315519318e+01,1.980275172229425618e+00
7.529865675907402078e+01,1.167034751521140779e+00
7.531866247499286260e+01,1.316623270595566275e+00
7.533866819091169020e+01,1.483009020467933148e+00
7.535867390683053202e+01,1.062954446804488917e+00
7.537867962274935962e+01,9.747069402010609673e-01
7.539868533866820144e+01,1.774149760123555852e+00
7.541869105458702904e+01,1.590277762938613115e+00
7.543869677050585665e+01,2.202930541985222312e+00
7.545870248642469846e+01,1.763464492890246094e+00
7.547870820234352607e+01,1.389103349986840374e+00
7.549871391826236788e+01,1.810215190394730111e+00
7.551871963418119549e+01,1.955340719906069502e+00
7.553872535010003730e+01,1.323031194877047678e+00
7.555873106601886491e+01,1.477151175108882164e+00
7.557873678193770672e+01,2.310054417694316520e+00
7.559874249785653433e+01,2.298313845703005232e+00
7.561874821377536193e+01,1.727077307310893151e+00
7.563875392969420375e+01,1.371147549001124677e+00
7.565875964561303135e+01,2.103739912202301277e+00
7.567876536153187317e+01,1.735276284042714057e+00
7.569877107745070077e+01,1.808076063333567296e+00
7.571877679336954259e+01,1.367881245742305074e+00
7.573878250928837019e+01,1.770524049811680989e+00
7.575878822520721201e+01,8.569554589331427330e-01
7.577879394112603961e+01,1.753537050233894723e+00
7.579879965704486722e+01,1.710544870578931897e+00
7.581880537296370903e+01,1.649727772039401241e+00
7.583881108888253664e+01,1.973709760706510608e+00
7.585881680480137845e+01,1.328477280858135323e+00
7.587882252072020606e+01,1.402872930654964989e+00
7.589882823663904787e+01,1.929613485885486313e+00
7.591883395255787548e+01,1.286319335249950235e+00
7.593883966847671729e+01,1.780118127830419894e+00
7.595884538439554490e+01,2.017957898050047660e+00
7.597885110031437250e+01,1.616681617400818283e+00
7.599885681623321432e+01,1.204603024793223343e+00
7.601886253215204192e+01,1.830715500746263880e+00
7.603886824807088374e+01,2.075093143407869434e+00
7.605887396398971134e+01,1.920495184166018054e+00
7.607887967990855316e+01,1.779076081441381740e+00
7.609888539582738076e+01,2.308666929268151424e+00
7.611889111174622258e+01,2.124347395800443739e+00
7.613889682766505018e+01,2.293733633178743681e+00
7.615890254358387779e+01,1.454404267065535494e+00
7.617890825950271960e+01,1.478010741289204066e+00
7.619891397542154721e+01,2.612950670837539846e+00
7.621891969134038902e+01,2.830813160908309367e+00
7.623892540725921663e+01,2.245390850885049971e+00
7.625893112317805844e+01,2.713783563260134812e+00
7.627893683909688605e+01,1.786437886021216004e+00
7.629894255501572786e+01,1.770033929265057093e+00
7.631894827093455547e+01,2.704609125660769386e+00
7.633895398685339728e+01,2.171984096495955363e+00
7.635895970277222489e+01,2.542288663476544919e+00
7.637896541869105249e+01,2.219242017634593722e+00
7.639897113460989431e+01,2.688335940053547368e+00
7.641897685052872191e+01,2.710456078674593705e+00
7.643898256644756373e+01,2.695988798833474309e+00
7.645898828236639133e+01,2.696242603717915909e+00
7.647899399828523315e+01,2.166983950604159048e+00
7.649899971420406075e+01,3.284044588590818492e+00
7.651900543012290257e+01,3.816268318782232161e+00
7.653901114604173017e+01,3.464530861593203781e+00
7.655901686196055778e+01,3.799152554294550121e+00
7.657902257787939959e+01,3.596022075226886550e+00
7.659902829379822720e+01,3.842451111699327626e+00
7.661903400971706901e+01,4.032959703213699676e+00
7.663903972563589662e+01,4.422073468519930550e+00
7.665904544155473843e+01,3.491904127160919913e+00
7.667905115747356604e+01,4.758464379735415584e+00
7.669905687339240785e+01,4.285598433276743613e+00
7.671906258931123546e+01,4.160624084049130644e+00
7.673906830523006306e+01,4.171251914785546688e+00
7.675907402114890488e+01,4.322424774159973282e+00
7.677907973706773248e+01,4.539327133527812030e+00
7.679908545298657430e+01,4.242127210299368123e+00
7.681909116890540190e+01,4.101532038885411069e+00
7.683909688482424372e+01,4.701043361534796183e+00
7.685910260074307132e+01,4.540227463674831654e+00
7.687910831666191314e+01,5.018831297866410246e+00
7.689911403258074074e+01,4.821593858657484688e+00
7.691911974849956835e+01,4.419012272249970508e+00
7.693912546441841016e+01,5.918127260906130616e+00
7.695913118033723777e+01,5.127353753137341208e+00
7.697913689625607958e+01,5.162932348766465118e+00
7.699914261217490719e+01,5.600158591123257423e+00
7.701914832809374900e+01,5.588372062031796261e+00
7.703915404401257661e+01,5.631920880896160497e+00
7.705915975993141842e+01,4.933148577074980778e+00
7.707916547585024603e+01,5.089024325803082505e+00
7.709917119176907363e+01,4.888562225878136047e+00
7.711917690768791545e+01,5.955150956492741621e+00
7.713918262360674305e+01,5.648475684139579123e+00
7.715918833952558487e+01,5.033727857626925761e+00
7.717919405544441247e+01,5.117382712917762255e+00
7.719919977136325429e+01,5.898701356353734937e+00
7.721920548728208189e+01,5.731127873443994325e+00
7.723921120320092371e+01,5.249407741396476368e+00
7.725921691911975131e+01,4.779450869880387032e+00
7.727922263503859313e+01,4.960174378143975105e+00
7.729922835095742073e+01,4.804393318618556563e+00
7.731923406687624833e+01,5.276198758965642277e+00
7.733923978279509015e+01,4.626171544139856096e+00
7.735924549871391775e+01,5.439981490176642787e+00
7.737925121463275957e+01,4.683514368530895311e+00
7.739925693055158717e+01,4.503988727078867882e+00
7.741926264647042899e+01,4.851968857430663640e+00
7.743926836238925659e+01,4.907043193990789476e+00
7.745927407830809841e+01,4.407900024073311052e+00
7.747927979422692601e+01,5.161539897975234936e+00
7.749928551014575362e+01,4.477815137142931334e+00
7.751929122606459543e+01,4.782262552410886158e+00
7.753929694198342304e+01,3.884340906736413856e+00
7.755930265790226485e+01,4.428300208348812994e+00
7.757930837382109246e+01,5.054362039484646907e+00
7.759931408973993427e+01,4.273314346693613430e+00
7.761931980565876188e+01,4.716528347189119508e+00
7.763932552157760369e+01,3.458034414753782482e+00
7.765933123749643130e+01,3.875191679948257750e+00
7.767933695341525890e+01,3.729002969083026642e+00
7.769934266933410072e+01,4.000612335441568135e+00
7.771934838525292832e+01,4.054997583466221300e+00
7.773935410117177014e+01,3.992815749076656040e+00
7.775935981709059774e+01,5.190573080707459042e+00
7.777936553300943956e+01,4.768707124622120652e+00
7.779937124892826716e+01,4.123719543984157632e+00
7.781937696484710898e+01,5.061923450590516183e+00
7.783938268076593658e+01,4.851185392734723045e+00
7.785938839668476419e+01,4.768098609583407921e+00
7.787939411260360600e+01,5.067168031003655315e+00
7.789939982852243361e+01,4.690254080703287087e+00
7.791940554444127542e+01,5.892612647923171743e+00
7.793941126036010303e+01,5.301110923505110151e+00
7.795941697627894484e+01,5.164782477911048275e+00
7.797942269219777245e+01,5.614549278334568072e+00
7.799942840811661426e+01,5.614302878171191225e+00
7.801943412403544187e+01,5.756293753673881852e+00
7.803943983995426947e+01,6.859013043598260140e+00
7.805944555587311129e+01,7.053460241840549649e+00
7.807945127179193889e+01,7.233205493793852803e+00
7.809945698771078071e+01,6.972868220572173037e+00
7.811946270362960831e+01,6.704080898733580263e+00
7.813946841954845013e+01,6.838934857409756596e+00
7.815947413546727773e+01,7.721556804740176361e+00
7.817947985138611955e+01,7.911716551158272104e+00
7.819948556730494715e+01,8.403960832130675129e+00
7.821949128322378897e+01,8.514974253477401334e+00
7.823949699914261657e+01,8.483470032728725130e+00
7.825950271506144418e+01,9.132914324258202043e+00
7.827950843098028599e+01,9.570582737428125597e+00
7.829951414689911360e+01,9.313381961838397061e+00
7.831951986281795541e+01,9.274784680612434329e+00
7.833952557873678302e+01,9.184639010203673237e+00
7.835953129465562483e+01,9.110720677588913574e+00
7.837953701057445244e+01,9.504021219891543026e+00
7.839954272649329425e+01,9.095029386157472473e+00
7.841954844241212186e+01,1.008544830156630745e+01
7.843955415833094946e+01,9.338305456048505704e+00
7.845955987424979128e+01,8.936717657017840821e+00
7.847956559016861888e+01,8.858583194501978397e+00
7.849957130608746070e+01,9.680087310641207310e+00
7.851957702200628830e+01,9.285935184462664083e+00
7.853958273792513012e+01,8.979016103428616447e+00
7.855958845384395772e+01,9.182777865131154016e+00
7.857959416976279954e+01,9.116149228595649134e+00
7.859959988568162714e+01,8.786263061389053775e+00
7.861960560160045475e+01,8.577037749640570752e+00
7.863961131751929656e+01,8.330091148060979833e+00
7.865961703343812417e+01,8.265014715147305679e+00
7.867962274935696598e+01,7.918403403735031709e+00
7.869962846527579359e+01,7.770226326271621353e+00
7.871963418119463540e+01,8.728239537868070386e+00
7.873963989711346301e+01,8.187113769596237489e+00
7.875964561303230482e+01,8.604055079950452267e+00
7.877965132895113243e+01,8.333502863103092295e+00
7.879965704486996003e+01,8.762479687840441400e+00
7.881966276078880185e+01,8.735453080707920037e+00
7.883966847670762945e+01,8.549489821219589558e+00
7.885967419262647127e+01,8.610545503946605450e+00
7.887967990854529887e+01,9.417926713941781713e+00
7.889968562446414069e+01,9.119306163269616405e+00
7.891969134038296829e+01,9.255253169223225385e+00
7.893969705630181011e+01,9.137740811843508837e+00
7.895970277222063771e+01,1.013504829177060884e+01
7.897970848813946532e+01,1.028895231300962010e+01
7.899971420405830713e+01,1.049794255526650311e+01
7.901971991997713474e+01,1.028478422161530403e+01
7.903972563589597655e+01,1.116109514045940898e+01
7.905973135181480416e+01,1.108163461000852834e+01
7.907973706773364597e+01,1.045745091095486856e+01
7.909974278365247358e+01,1.117067394873397923e+01
7.911974849957131539e+01,1.108231029264220346e+01
7.913975421549014300e+01,1.052865124188988410e+01
7.915975993140898481e+01,1.106015262719728831e+01
7.917976564732781242e+01,1.102232039121044238e+01
7.919977136324664002e+01,1.037645261186829515e+01
7.921977707916548184e+01,1.048348158752507508e+01
7.923978279508430944e+01,9.983165962472142496e+00
7.925978851100315126e+01,9.629534816383522156e+00
7.927979422692197886e+01,8.427771562529956739e+00
7.929979994284082068e+01,8.779881619510506496e+00
7.931980565875964828e+01,8.352404877518894821e+00
7.933981137467849010e+01,8.630786257537959472e+00
7.935981709059731770e+01,8.540139843076172355e+00
7.937982280651614531e+01,7.395151101311268960e+00
7.939982852243498712e+01,6.477705439596887160e+00
7.941983423835381473e+01,7.084351732757111719e+00
7.943983995427265654e+01,6.411151560696309204e+00
7.945984567019148415e+01,6.634158111097216093e+00
7.947985138611032596e+01,5.658298765543541720e+00
7.949985710202915357e+01,4.672587456048093557e+00
7.951986281794799538e+01,5.032923696804452618e+00
7.953986853386682299e+01,4.173195695482747603e+00
7.955987424978565059e+01,4.508925049301971022e+00
7.957987996570449241e+01,4.099836889497216141e+00
7.959988568162332001e+01,4.017711118439870610e+00
7.961989139754216183e+01,3.885479975177152490e+00
7.963989711346098943e+01,4.178992710883509432e+00
7.965990282937983125e+01,3.393745895586580463e+00
7.967990854529865885e+01,3.080848650708560399e+00
7.969991426121750067e+01,3.454733835089253802e+00
7.971991997713632827e+01,3.461296400188949018e+00
7.973992569305515588e+01,2.964050898858743288e+00
7.975993140897399769e+01,3.203936067202936222e+00
7.977993712489282530e+01,3.109691076401549736e+00
7.979994284081166711e+01,2.814686621934054500e+00
7.981994855673049472e+01,2.812319538991907564e+00
7.983995427264933653e+01,2.525471319058040010e+00
7.985995998856816414e+01,1.824555214879617138e+00
7.987996570448700595e+01,2.554951612302335029e+00
7.989997142040583356e+01,1.895270556785668692e+00
7.991997713632466116e+01,1.915139610351803912e+00
7.993998285224350298e+01,2.199571032229064471e+00
7.995998856816233058e+01,2.591128402366805528e+00
7.997999428408117240e+01,2.486558986769358714e+00
8.000000000000000000e+01,2.197167295292646649e+00
