angle,intensity
1.000000000000000000e+01,9.977766831623722243e-01
1.002000571591883471e+01,9.328602454466567995e-01
1.004001143183766764e+01,1.124458308544153740e+00
1.006001714775650235e+01,1.060817844388691533e+00
1.008002286367533529e+01,1.004220969440227540e+00
1.010002857959417000e+01,4.191778505314173175e-01
1.012003429551300293e+01,8.121207843464450793e-01
1.014004001143183764e+01,9.477183031388659584e-01
1.016004572735067235e+01,7.576829064905898914e-01
1.018005144326950528e+01,8.373926024478111074e-01
1.020005715918833999e+01,9.341323961656793351e-01
1.022006287510717293e+01,1.652792862153458664e+00
1.024006859102600764e+01,1.309847410839367621e+00
1.026007430694484057e+01,9.786929021344801249e-01
1.028008002286367528e+01,1.122113470416150616e+00
1.030008573878250999e+01,1.804626442918630280e+00
1.032009145470134293e+01,1.507518880290837693e+00
1.034009717062017764e+01,7.563033748907777021e-01
1.036010288653901057e+01,8.793459774895353576e-01
1.038010860245784528e+01,8.561160088001160684e-01
1.040011431837667999e+01,8.273964648865689275e-01
1.042012003429551292e+01,1.313528491722918412e+00
1.044012575021434763e+01,8.630920567062776438e-01
1.046013146613318057e+01,1.150424609098038120e+00
1.048013718205201528e+01,8.393774885273781461e-01
1.050014289797084821e+01,1.618177606309561645e+00
1.052014861388968292e+01,7.084071906452855671e-01
1.054015432980851585e+01,6.240046188743328948e-01
1.056016004572735056e+01,1.830205728677515964e+00
1.058016576164618527e+01,1.307045369925637690e+00
1.060017147756501821e+01,1.127430318992659330e+00
1.062017719348385292e+01,1.205893060162649189e+00
1.064018290940268585e+01,1.179961306334974758e+00
1.066018862532152056e+01,1.366829701628124560e+00
1.068019434124035527e+01,1.427842633127583083e+00
1.070020005715918820e+01,1.859639252074216209e+00
1.072020577307802292e+01,1.199101613406731381e+00
1.074021148899685585e+01,1.266341426408097215e+00
1.076021720491569056e+01,1.202227725534492642e+00
1.078022292083452349e+01,1.659839221941749487e+00
1.080022863675335820e+01,1.619899375872153158e+00
1.082023435267219291e+01,1.815845431608011928e+00
1.084024006859102585e+01,1.044865455877538762e+00
1.086024578450986056e+01,1.601233525123760160e+00
1.088025150042869349e+01,1.311702157067411445e+00
1.090025721634752820e+01,1.709533365190402776e+00
1.092026293226636113e+01,6.699213582257462773e-01
1.094026864818519584e+01,1.750301026028564966e+00
1.096027436410403055e+01,1.256720145394558230e+00
1.098028008002286349e+01,5.522621018755171640e-01
1.100028579594169820e+01,1.828026064901741687e+00
1.102029151186053113e+01,7.079198178904709815e-01
1.104029722777936584e+01,1.475528042874508117e+00
1.106030294369819877e+01,8.075297167828247025e-01
1.108030865961703348e+01,1.741575185652169733e+00
1.110031437553586819e+01,1.125043042188021536e+00
1.112032009145470113e+01,1.823901304574899518e+00
1.114032580737353584e+01,1.505138087912001321e+00
1.116033152329236877e+01,1.545861770037126437e+00
1.118033723921120348e+01,1.168140402546114842e+00
1.120034295513003642e+01,1.660128419889735918e+00
1.122034867104887113e+01,1.060891762301796604e+00
1.124035438696770584e+01,1.013258876484392612e+00
1.126036010288653877e+01,1.467384940300728635e+00
1.128036581880537348e+01,8.693327534530170819e-01
1.130037153472420641e+01,1.096252655404172272e+00
1.132037725064304112e+01,1.223301885450659876e+00
1.134038296656187583e+01,1.220653525605000400e+00
1.136038868248070877e+01,1.103203943251237718e+00
1.138039439839954348e+01,1.399382662782277631e+00
1.140040011431837641e+01,1.493631494683525185e+00
1.142040583023721112e+01,1.375174845555207970e+00
1.144041154615604405e+01,1.780708412911319760e+00
1.146041726207487876e+01,1.211120276577601240e+00
1.148042297799371170e+01,1.831030658193038896e+00
1.150042869391254641e+01,1.554020093799882041e+00
1.152043440983138112e+01,1.169628179183563432e+00
1.154044012575021405e+01,1.666948420358761229e+00
1.156044584166904876e+01,1.837628872044604122e+00
1.158045155758788169e+01,1.543019906763545057e+00
1.160045727350671640e+01,1.105598145498162932e+00
1.162046298942555111e+01,2.056432611670679034e+00
1.164046870534438405e+01,1.305631286875349906e+00
1.166047442126321876e+01,1.540623790326389519e+00
1.168048013718205169e+01,1.856699725844647375e+00
1.170048585310088640e+01,1.474270453416038684e+00
1.172049156901971934e+01,1.501790022743605402e+00
1.174049728493855405e+01,2.499525813722228929e+00
1.176050300085738698e+01,1.170061645315582988e+00
1.178050871677622169e+01,1.294584024161445246e+00
1.180051443269505640e+01,2.222593808137483418e+00
1.182052014861388933e+01,2.275112975265717097e+00
1.184052586453272404e+01,1.786065036835738029e+00
1.186053158045155698e+01,1.688447260190193866e+00
1.188053729637039169e+01,2.145611991088304027e+00
1.190054301228922640e+01,1.689966080737892229e+00
1.192054872820805933e+01,2.238515316347374551e+00
1.194055444412689404e+01,1.664687144238402361e+00
1.196056016004572697e+01,1.428620844947874113e+00
1.198056587596456168e+01,2.610288655767376120e+00
1.200057159188339639e+01,1.834767750665967867e+00
1.202057730780222933e+01,2.202811564067072680e+00
1.204058302372106226e+01,2.258885715442239039e+00
1.206058873963989697e+01,2.370962338001004532e+00
1.208059445555873168e+01,2.197789795508996669e+00
1.210060017147756461e+01,1.945839045656278188e+00
1.212060588739639932e+01,1.790213909376513701e+00
1.214061160331523226e+01,2.459869550827123774e+00
1.216061731923406697e+01,1.930510664633235063e+00
1.218062303515290168e+01,2.015361377024679435e+00
1.220062875107173461e+01,2.226638307952446549e+00
1.222063446699056932e+01,1.832996249319718274e+00
1.224064018290940226e+01,1.724706707075272405e+00
1.226064589882823697e+01,2.956916421219823121e+00
1.228065161474707168e+01,2.442682771730098068e+00
1.230065733066590461e+01,2.515886995508258561e+00
1.232066304658473754e+01,2.234310957377246165e+00
1.234066876250357225e+01,2.106634427144991939e+00
1.236067447842240696e+01,2.538755700546182936e+00
1.238068019434123990e+01,2.050119807965048668e+00
1.240068591026007461e+01,2.389108377805539529e+00
1.242069162617890754e+01,1.673321580706343070e+00
1.244069734209774225e+01,2.478443998939920512e+00
1.246070305801657696e+01,2.686908425349971097e+00
1.248070877393540989e+01,1.872541272638180043e+00
1.250071448985424460e+01,3.123963883683344989e+00
1.252072020577307754e+01,2.431577702584277301e+00
1.254072592169191225e+01,2.749256639003819558e+00
1.256073163761074696e+01,3.195956913449748527e+00
1.258073735352957989e+01,1.961210986382024846e+00
1.260074306944841460e+01,2.898048438874942789e+00
1.262074878536724754e+01,1.611238223190471164e+00
1.264075450128608225e+01,3.130136350644587839e+00
1.266076021720491518e+01,2.693068239789091045e+00
1.268076593312374989e+01,2.675933317375570386e+00
1.270077164904258282e+01,2.728325791601535766e+00
1.272077736496141753e+01,3.085868422178609016e+00
1.274078308088025224e+01,2.702496159490338279e+00
1.276078879679908518e+01,2.578422272840826146e+00
1.278079451271791989e+01,2.576382815058004816e+00
1.280080022863675282e+01,2.929851315281510438e+00
1.282080594455558753e+01,3.280255303152467050e+00
1.284081166047442224e+01,2.351677678551923556e+00
1.286081737639325517e+01,2.713765629681270219e+00
1.288082309231208988e+01,2.787908236475493684e+00
1.290082880823092282e+01,2.455886295542157871e+00
1.292083452414975753e+01,3.476691781354529276e+00
1.294084024006859224e+01,2.874886515847747681e+00
1.296084595598742517e+01,2.804969295034195120e+00
1.298085167190625810e+01,2.493576892475289242e+00
1.300085738782509281e+01,3.495009313490929692e+00
1.302086310374392752e+01,3.369448710098704503e+00
1.304086881966276046e+01,3.546143366515188688e+00
1.306087453558159517e+01,3.455723503472184710e+00
1.308088025150042810e+01,3.246603585629110889e+00
1.310088596741926281e+01,2.718003886539373415e+00
1.312089168333809752e+01,3.331917703576846357e+00
1.314089739925693046e+01,3.577064667764919381e+00
1.316090311517576517e+01,3.791872470842056586e+00
1.318090883109459810e+01,2.716863536473524299e+00
1.320091454701343281e+01,4.141486420142100222e+00
1.322092026293226752e+01,3.834026749667306166e+00
1.324092597885110045e+01,2.897009724497003447e+00
1.326093169476993339e+01,3.365605682383868924e+00
1.328093741068876810e+01,3.740475667105420676e+00
1.330094312660760281e+01,4.205157290732408626e+00
1.332094884252643574e+01,4.008277667604152050e+00
1.334095455844527045e+01,3.857958587498020009e+00
1.336096027436410338e+01,4.253226969422943426e+00
1.338096599028293809e+01,3.207177201777946074e+00
1.340097170620177280e+01,3.699286419698375017e+00
1.342097742212060574e+01,3.375401877610478607e+00
1.344098313803944045e+01,4.121718311983295635e+00
1.346098885395827338e+01,4.345045533556671558e+00
1.348099456987710809e+01,3.349540261434956534e+00
1.350100028579594280e+01,3.676217765020863393e+00
1.352100600171477573e+01,3.259153786097379157e+00
1.354101171763361044e+01,3.935235720496082834e+00
1.356101743355244338e+01,2.728996925773099491e+00
1.358102314947127809e+01,3.857166253931795019e+00
1.360102886539011102e+01,3.250549172926374020e+00
1.362103458130894573e+01,2.419453265048062018e+00
1.364104029722777867e+01,3.362291210341804337e+00
1.366104601314661338e+01,2.695918493239723990e+00
1.368105172906544809e+01,2.743282571863572716e+00
1.370105744498428102e+01,2.976535103514667213e+00
1.372106316090311573e+01,3.006555325381678134e+00
1.374106887682194866e+01,3.326875141329894703e+00
1.376107459274078337e+01,2.490505958435700329e+00
1.378108030865961808e+01,2.231278391782707260e+00
1.380108602457845102e+01,2.242973477670430427e+00
1.382109174049728573e+01,2.055029537428589848e+00
1.384109745641611866e+01,2.117682001841935779e+00
1.386110317233495337e+01,2.290562276219644922e+00
1.388110888825378808e+01,1.911037917834770727e+00
1.390111460417262101e+01,1.969522274641665849e+00
1.392112032009145395e+01,1.471312515233045959e+00
1.394112603601028866e+01,2.844958667719051704e+00
1.396113175192912337e+01,2.108772315040215339e+00
1.398113746784795630e+01,2.217201635210395594e+00
1.400114318376679101e+01,2.314483961502057596e+00
1.402114889968562395e+01,2.064066748321629508e+00
1.404115461560445866e+01,2.166656899438888839e+00
1.406116033152329337e+01,1.926655922213478478e+00
1.408116604744212630e+01,2.480918176437071576e+00
1.410117176336095923e+01,1.844155170305417091e+00
1.412117747927979394e+01,2.078885755248166767e+00
1.414118319519862865e+01,2.603300310345590951e+00
1.416118891111746336e+01,2.061035068552691030e+00
1.418119462703629630e+01,2.088076425563403227e+00
1.420120034295512923e+01,2.299781579976649226e+00
1.422120605887396394e+01,2.449945878845555480e+00
1.424121177479279865e+01,2.230422814708094670e+00
1.426121749071163336e+01,1.872639691173853205e+00
1.428122320663046629e+01,1.723998162798364486e+00
1.430122892254929923e+01,2.269098619766850788e+00
1.432123463846813394e+01,2.437137625812917374e+00
1.434124035438696865e+01,2.042552882893592603e+00
1.436124607030580158e+01,1.977198326062315159e+00
1.438125178622463629e+01,1.810380273273344720e+00
1.440125750214346922e+01,2.068300961868954069e+00
1.442126321806230393e+01,2.036749600759689471e+00
1.444126893398113864e+01,3.106493890019761395e+00
1.446127464989997158e+01,2.482901123248268949e+00
1.448128036581880451e+01,2.841553401715724902e+00
1.450128608173763922e+01,2.626803534812546914e+00
1.452129179765647393e+01,2.262776977341196982e+00
1.454129751357530864e+01,2.396138638606378546e+00
1.456130322949414158e+01,2.038643749924099247e+00
1.458130894541297451e+01,1.881502609070432097e+00
1.460131466133180922e+01,2.610885700461959225e+00
1.462132037725064393e+01,2.576077375112962642e+00
1.464132609316947686e+01,1.981336854197195407e+00
1.466133180908831157e+01,2.385424712384887069e+00
1.468133752500714451e+01,1.853065088448823561e+00
1.470134324092597922e+01,2.193861224335003968e+00
1.472134895684481393e+01,2.015152199297316038e+00
1.474135467276364686e+01,2.735884817530862989e+00
1.476136038868247979e+01,1.894857268543030937e+00
1.478136610460131450e+01,2.264999069216164784e+00
1.480137182052014921e+01,2.236895607075980230e+00
1.482137753643898392e+01,2.627732561577954762e+00
1.484138325235781686e+01,2.336437066131332951e+00
1.486138896827664979e+01,2.616019435402564319e+00
1.488139468419548450e+01,2.592340542559327332e+00
1.490140040011431921e+01,2.688290768486378823e+00
1.492140611603315392e+01,2.840421178958773663e+00
1.494141183195198685e+01,2.117718137051161520e+00
1.496141754787081979e+01,3.302421123514969192e+00
1.498142326378965450e+01,2.266811009436805247e+00
1.500142897970848921e+01,2.459282431449701711e+00
1.502143469562732214e+01,2.432557001911932471e+00
1.504144041154615508e+01,3.026119803790871199e+00
1.506144612746498979e+01,1.906600238653712198e+00
1.508145184338382450e+01,2.383370082326786488e+00
1.510145755930265921e+01,2.433068069525201160e+00
1.512146327522149214e+01,2.739412713851546499e+00
1.514146899114032507e+01,1.826265509436960421e+00
1.516147470705915978e+01,2.152342332275596792e+00
1.518148042297799449e+01,2.959767511116418337e+00
1.520148613889682920e+01,2.148598238003231131e+00
1.522149185481566214e+01,2.595714190269125865e+00
1.524149757073449507e+01,2.817014241982854550e+00
1.526150328665332978e+01,2.580135207165922928e+00
1.528150900257216449e+01,3.083149255405653655e+00
1.530151471849099742e+01,2.693779075072648244e+00
1.532152043440983036e+01,3.113944051291828163e+00
1.534152615032866507e+01,2.843132662848049996e+00
1.536153186624749978e+01,3.037403323097905616e+00
1.538153758216633449e+01,2.529344285042771201e+00
1.540154329808516742e+01,2.360606316662126503e+00
1.542154901400400036e+01,2.459189525856155356e+00
1.544155472992283507e+01,3.156816803509454594e+00
1.546156044584166978e+01,2.422579971361727758e+00
1.548156616176050449e+01,2.550532309413910959e+00
1.550157187767933742e+01,2.705569101362188089e+00
1.552157759359817035e+01,2.508560527362202919e+00
1.554158330951700506e+01,2.783041093288306733e+00
1.556158902543583977e+01,2.035106490432735171e+00
1.558159474135467271e+01,3.128969041397782647e+00
1.560160045727350742e+01,2.249511166372663240e+00
1.562160617319234035e+01,2.201237555556014414e+00
1.564161188911117506e+01,2.976479448119384141e+00
1.566161760503000977e+01,3.282529876054069540e+00
1.568162332094884270e+01,3.108509712670277203e+00
1.570162903686767564e+01,2.262172469791551954e+00
1.572163475278651035e+01,2.474207249913646933e+00
1.574164046870534506e+01,3.324430094890022502e+00
1.576164618462417977e+01,3.402897147711376302e+00
1.578165190054301270e+01,2.515838361721541627e+00
1.580165761646184563e+01,2.978885991258812815e+00
1.582166333238068034e+01,2.585763610791760758e+00
1.584166904829951505e+01,2.951848639407381736e+00
1.586167476421834799e+01,2.438986836830393301e+00
1.588168048013718270e+01,2.289836791755720746e+00
1.590168619605601563e+01,3.444549016764363092e+00
1.592169191197485034e+01,3.322375652545211278e+00
1.594169762789368505e+01,2.917091970029639825e+00
1.596170334381251799e+01,2.595231076273703419e+00
1.598170905973135092e+01,2.124271969684549788e+00
1.600171477565018563e+01,2.715667318651993511e+00
1.602172049156902034e+01,2.486880013110737142e+00
1.604172620748785505e+01,2.521574096016319100e+00
1.606173192340668976e+01,2.626211793772782244e+00
1.608173763932552092e+01,2.680102254041914822e+00
1.610174335524435563e+01,3.365911597079614737e+00
1.612174907116319034e+01,2.918532771830156136e+00
1.614175478708202505e+01,2.264199041985464511e+00
1.616176050300085620e+01,3.507965438207102160e+00
1.618176621891969091e+01,2.771690793887789717e+00
1.620177193483852562e+01,2.731627710419587629e+00
1.622177765075736033e+01,2.323198745451865221e+00
1.624178336667619504e+01,2.811059661657245190e+00
1.626178908259502620e+01,2.744206156512927208e+00
1.628179479851386091e+01,2.051328262522450707e+00
1.630180051443269562e+01,2.107779102039101904e+00
1.632180623035153033e+01,2.874520149214522036e+00
1.634181194627036149e+01,2.107774144050508003e+00
1.636181766218919620e+01,2.815310675820395403e+00
1.638182337810803091e+01,2.847154505115620182e+00
1.640182909402686562e+01,2.988859065556478622e+00
1.642183480994570033e+01,3.211445069407615982e+00
1.644184052586453504e+01,3.359682191134891305e+00
1.646184624178336620e+01,3.382136907179412955e+00
1.648185195770220091e+01,3.028815301889191680e+00
1.650185767362103562e+01,2.200724729851827988e+00
1.652186338953986677e+01,2.574960911888268811e+00
1.654186910545870148e+01,3.390857342926734574e+00
1.656187482137753619e+01,3.277449406094508966e+00
1.658188053729637090e+01,3.100793097942781351e+00
1.660188625321520561e+01,3.309148138275315176e+00
1.662189196913404032e+01,3.458102782455324764e+00
1.664189768505287148e+01,2.410010046087109892e+00
1.666190340097170619e+01,2.767505614175843398e+00
1.668190911689054090e+01,2.706262734629002686e+00
1.670191483280937561e+01,3.077926894147785752e+00
1.672192054872820677e+01,2.726229384087648810e+00
1.674192626464704148e+01,3.289493672427584947e+00
1.676193198056587619e+01,2.233471655031029179e+00
1.678193769648471090e+01,2.438509837813359393e+00
1.680194341240354561e+01,2.442144288799001473e+00
1.682194912832238032e+01,3.207184782043896121e+00
1.684195484424121148e+01,2.652292771308296437e+00
1.686196056016004619e+01,3.094577267796965181e+00
1.688196627607888090e+01,2.905424052858736950e+00
1.690197199199771205e+01,2.716983930505677325e+00
1.692197770791654676e+01,2.481502215151018653e+00
1.694198342383538147e+01,2.949890798160128114e+00
1.696198913975421618e+01,3.196647843375560072e+00
1.698199485567305089e+01,2.885332177796635644e+00
1.700200057159188560e+01,3.606642113860844212e+00
1.702200628751071676e+01,2.673146033779180364e+00
1.704201200342955147e+01,3.392140387496826115e+00
1.706201771934838618e+01,2.989717381804595231e+00
1.708202343526722089e+01,3.632135951285087039e+00
1.710202915118605205e+01,2.653646716015666485e+00
1.712203486710488676e+01,2.812078201389492271e+00
1.714204058302372147e+01,3.222534554978340182e+00
1.716204629894255618e+01,3.361875680698963365e+00
1.718205201486139089e+01,4.009549642965486882e+00
1.720205773078022204e+01,2.484535831968577746e+00
1.722206344669905675e+01,3.798560026264578227e+00
1.724206916261789146e+01,3.522024691765259341e+00
1.726207487853672617e+01,2.744652248322646315e+00
1.728208059445555733e+01,3.586922272826650548e+00
1.730208631037439204e+01,2.547961664007430738e+00
1.732209202629322675e+01,3.887457450143994464e+00
1.734209774221206146e+01,3.961793663340731353e+00
1.736210345813089617e+01,3.527315626910500157e+00
1.738210917404973088e+01,3.381681214876793629e+00
1.740211488996856204e+01,3.232095993172373838e+00
1.742212060588739675e+01,3.286150874332565142e+00
1.744212632180623146e+01,4.093273039991535356e+00
1.746213203772506262e+01,3.025583684237687976e+00
1.748213775364389733e+01,3.501177172286754846e+00
1.750214346956273204e+01,3.786166722203078816e+00
1.752214918548156675e+01,4.165551522717925614e+00
1.754215490140040146e+01,3.657655000250097821e+00
1.756216061731923617e+01,3.406877195967744854e+00
1.758216633323806732e+01,3.443757298829854374e+00
1.760217204915690203e+01,3.697703229765218591e+00
1.762217776507573674e+01,4.064882233093753960e+00
1.764218348099457145e+01,3.921912002294972055e+00
1.766218919691340261e+01,4.142412479358345223e+00
1.768219491283223732e+01,4.161497594067519401e+00
1.770220062875107203e+01,3.221891528792521164e+00
1.772220634466990674e+01,4.120211811507244803e+00
1.774221206058874145e+01,4.176427042597214090e+00
1.776221777650757616e+01,3.261892912199312988e+00
1.778222349242640732e+01,3.174080183725219939e+00
1.780222920834524203e+01,3.825813354921641540e+00
1.782223492426407674e+01,4.091923269455971734e+00
1.784224064018290790e+01,4.019894137669700385e+00
1.786224635610174261e+01,3.855877193951925630e+00
1.788225207202057732e+01,4.619604439156052678e+00
1.790225778793941203e+01,3.199662289803725912e+00
1.792226350385824674e+01,4.111318818363690397e+00
1.794226921977708145e+01,3.874079421173492577e+00
1.796227493569591260e+01,3.502614673441216908e+00
1.798228065161474731e+01,3.773047693610842579e+00
1.800228636753358202e+01,3.428680744517883294e+00
1.802229208345241318e+01,3.780028035205898806e+00
1.804229779937124789e+01,2.776526993652193909e+00
1.806230351529008260e+01,3.966216309494719816e+00
1.808230923120891731e+01,3.285795314913214860e+00
1.810231494712775202e+01,3.830566594487806675e+00
1.812232066304658673e+01,3.436077186112547643e+00
1.814232637896542144e+01,3.788275873676111516e+00
1.816233209488425260e+01,3.234155155366040368e+00
1.818233781080308731e+01,2.962885492441555524e+00
1.820234352672191847e+01,3.625271508719992042e+00
1.822234924264075318e+01,3.602438261091020166e+00
1.824235495855958789e+01,3.617834099118376390e+00
1.826236067447842260e+01,3.722098093413024333e+00
1.828236639039725731e+01,3.770913989714317793e+00
1.830237210631609202e+01,3.138748790175016179e+00
1.832237782223492673e+01,2.796549963355314361e+00
1.834238353815375788e+01,2.776963712948634200e+00
1.836238925407259259e+01,3.442382106873765224e+00
1.838239496999142730e+01,2.704722316207819333e+00
1.840240068591025846e+01,3.407446354353566242e+00
1.842240640182909317e+01,3.186603191086275544e+00
1.844241211774792788e+01,3.485490530206186932e+00
1.846241783366676259e+01,3.586865642061907611e+00
1.848242354958559730e+01,3.508383997314085789e+00
1.850242926550443201e+01,3.395159532744240316e+00
1.852243498142326672e+01,3.559283948741678749e+00
1.854244069734209788e+01,3.405840509656039572e+00
1.856244641326093259e+01,3.093476486345001053e+00
1.858245212917976374e+01,3.189700718731199203e+00
1.860245784509859845e+01,2.785183786712824627e+00
1.862246356101743316e+01,3.448796605192653519e+00
1.864246927693626787e+01,3.382659586117760409e+00
1.866247499285510258e+01,2.883514428755809877e+00
1.868248070877393729e+01,3.201982464952426000e+00
1.870248642469277200e+01,4.195124488166289467e+00
1.872249214061160316e+01,2.701964436917863477e+00
1.874249785653043787e+01,3.838675793624211963e+00
1.876250357244927258e+01,3.212970680801222390e+00
1.878250928836810374e+01,3.328533941492004544e+00
1.880251500428693845e+01,4.064137395201590230e+00
1.882252072020577316e+01,3.494013095463935237e+00
1.884252643612460787e+01,3.321656204004874269e+00
1.886253215204344258e+01,3.550654634539827992e+00
1.888253786796227729e+01,2.813305843070597945e+00
1.890254358388111200e+01,3.571566612637703031e+00
1.892254929979994316e+01,2.920239301626328832e+00
1.894255501571877787e+01,3.135024453798273214e+00
1.896256073163760902e+01,2.777401886691822419e+00
1.898256644755644373e+01,3.153689734556872626e+00
1.900257216347527844e+01,3.123938818411425178e+00
1.902257787939411315e+01,3.865609900867505999e+00
1.904258359531294786e+01,3.026043204387542929e+00
1.906258931123178257e+01,3.699845955570837397e+00
1.908259502715061728e+01,3.336475617470248789e+00
1.910260074306944844e+01,3.434031617533510605e+00
1.912260645898828315e+01,3.848230107799718525e+00
1.914261217490711431e+01,3.678340841350082879e+00
1.916261789082594902e+01,3.201284242208561892e+00
1.918262360674478373e+01,3.287953792063294856e+00
1.920262932266361844e+01,3.109189365215899059e+00
1.922263503858245315e+01,2.916743371034241417e+00
1.924264075450128786e+01,3.315121571013183832e+00
1.926264647042012257e+01,3.262935653161900706e+00
1.928265218633895373e+01,3.702616182977146675e+00
1.930265790225778844e+01,3.797011441703316947e+00
1.932266361817662315e+01,3.607804955855555384e+00
1.934266933409545430e+01,3.045993716768300885e+00
1.936267505001428901e+01,3.464205885148157638e+00
1.938268076593312372e+01,3.540756471450799303e+00
1.940268648185195843e+01,2.878717232543674953e+00
1.942269219777079314e+01,4.267396769243820387e+00
1.944269791368962785e+01,3.540119880946155817e+00
1.946270362960846256e+01,3.595509069225011345e+00
1.948270934552729372e+01,3.267844984305749989e+00
1.950271506144612843e+01,3.542593051703402107e+00
1.952272077736495959e+01,4.359685092739248979e+00
1.954272649328379430e+01,2.867579038649989087e+00
1.956273220920262901e+01,2.737660142166818300e+00
1.958273792512146372e+01,2.929140370856239350e+00
1.960274364104029843e+01,3.249439371075609984e+00
1.962274935695913314e+01,3.530388561180315410e+00
1.964275507287796785e+01,2.992519206658080577e+00
1.966276078879679901e+01,2.984380111230842125e+00
1.968276650471563372e+01,3.665605298187192052e+00
1.970277222063446487e+01,3.720459787688023212e+00
1.972277793655329958e+01,3.888381655068832377e+00
1.974278365247213429e+01,3.823553889340011835e+00
1.976278936839096900e+01,2.840643034500662800e+00
1.978279508430980371e+01,2.938922128318303795e+00
1.980280080022863842e+01,2.847852482557717835e+00
1.982280651614747313e+01,3.425863809162786655e+00
1.984281223206630784e+01,3.209939758125815779e+00
1.986281794798513900e+01,3.052135175937672695e+00
1.988282366390397371e+01,2.994669135724704390e+00
1.990282937982280487e+01,3.155566783673203091e+00
1.992283509574163958e+01,3.611537891274974488e+00
1.994284081166047429e+01,3.133368766429223129e+00
1.996284652757930900e+01,3.917804886623963867e+00
1.998285224349814371e+01,4.111269443887592523e+00
2.000285795941697842e+01,3.558928223874938457e+00
2.002286367533581313e+01,4.155988285790974679e+00
2.004286939125464428e+01,3.308689547599572123e+00
2.006287510717347899e+01,3.673993797710987330e+00
2.008288082309231015e+01,4.086091249734161934e+00
2.010288653901114486e+01,3.829917730289251754e+00
2.012289225492997957e+01,4.080121610153190304e+00
2.014289797084881428e+01,3.886730804190746014e+00
2.016290368676764899e+01,2.795698398830227305e+00
2.018290940268648370e+01,4.293166278429310978e+00
2.020291511860531841e+01,3.422920467222606788e+00
2.022292083452414957e+01,3.578136723985342549e+00
2.024292655044298428e+01,3.844164698449394457e+00
2.026293226636181899e+01,3.542878483661827893e+00
2.028293798228065015e+01,2.830395138265496158e+00
2.030294369819948486e+01,3.475338355756604436e+00
2.032294941411831957e+01,4.135229994334522097e+00
2.034295513003715428e+01,2.871856428475897616e+00
2.036296084595598899e+01,3.485239858691957071e+00
2.038296656187482370e+01,3.326504527002562828e+00
2.040297227779365841e+01,3.412199998437196236e+00
2.042297799371248956e+01,2.892810235943549912e+00
2.044298370963132427e+01,3.357607806740168677e+00
2.046298942555015543e+01,3.679549263183364616e+00
2.048299514146899014e+01,3.629594518176526563e+00
2.050300085738782485e+01,3.083310476558116520e+00
2.052300657330665956e+01,4.446202321352773268e+00
2.054301228922549427e+01,3.535653886642339927e+00
2.056301800514432898e+01,4.337436542121698935e+00
2.058302372106316369e+01,4.516008963598324044e+00
2.060302943698199485e+01,3.785586648473479698e+00
2.062303515290082956e+01,4.192090695793407207e+00
2.064304086881966072e+01,3.125473999840485462e+00
2.066304658473849543e+01,3.441867796142313196e+00
2.068305230065733014e+01,3.385100875543120225e+00
2.070305801657616485e+01,4.062082469134439933e+00
2.072306373249499956e+01,3.595582604376808877e+00
2.074306944841383427e+01,3.810936897157478853e+00
2.076307516433266898e+01,4.211738751713102857e+00
2.078308088025150369e+01,3.309168350503380651e+00
2.080308659617033484e+01,3.756141261521787733e+00
2.082309231208916955e+01,3.550216505883994511e+00
2.084309802800800071e+01,4.060800692829142022e+00
2.086310374392683542e+01,4.026108356538369293e+00
2.088310945984567013e+01,2.972709335264343888e+00
2.090311517576450484e+01,3.378238544070979010e+00
2.092312089168333955e+01,4.140481235816421801e+00
2.094312660760217426e+01,3.963543128791108039e+00
2.096313232352100897e+01,4.334644039507361768e+00
2.098313803943984013e+01,3.554736448900667867e+00
2.100314375535867484e+01,3.929501944416697867e+00
2.102314947127750600e+01,3.434225291289540571e+00
2.104315518719634071e+01,3.421241878686941185e+00
2.106316090311517542e+01,3.872672091176898146e+00
2.108316661903401013e+01,3.997554347788837337e+00
2.110317233495284484e+01,3.463754974464209102e+00
2.112317805087167955e+01,4.068996035246559728e+00
2.114318376679051426e+01,3.596558931343735388e+00
2.116318948270934541e+01,4.421345825700155885e+00
2.118319519862818012e+01,3.409979096945082055e+00
2.120320091454701483e+01,4.544029893517940621e+00
2.122320663046584599e+01,3.909629722668527929e+00
2.124321234638468070e+01,3.445597525889375845e+00
2.126321806230351541e+01,4.228900844921943403e+00
2.128322377822235012e+01,4.418461857054351682e+00
2.130322949414118483e+01,3.927606480141291989e+00
2.132323521006001954e+01,4.171692548382980092e+00
2.134324092597885425e+01,4.566665242189882790e+00
2.136324664189768541e+01,4.009887358755925391e+00
2.138325235781652012e+01,3.894542256166213967e+00
2.140325807373535127e+01,4.308019432054052800e+00
2.142326378965418598e+01,3.640223529834087923e+00
2.144326950557302069e+01,3.872670488190808946e+00
2.146327522149185540e+01,4.633596551223492455e+00
2.148328093741069011e+01,4.919935038641165548e+00
2.150328665332952482e+01,3.901739801646105565e+00
2.152329236924835953e+01,4.612209773685131964e+00
2.154329808516719069e+01,4.734953961591426008e+00
2.156330380108602540e+01,5.138329624980472410e+00
2.158330951700485656e+01,4.582563936411618855e+00
2.160331523292369127e+01,5.056690517414928365e+00
2.162332094884252598e+01,5.294959728066233495e+00
2.164332666476136069e+01,5.531563916891700572e+00
2.166333238068019540e+01,4.759553904883965458e+00
2.168333809659903011e+01,4.922589516119609598e+00
2.170334381251786482e+01,5.059108476629440077e+00
2.172334952843669598e+01,5.276608324837171793e+00
2.174335524435553069e+01,5.359313021325268878e+00
2.176336096027436540e+01,5.558012368466016540e+00
2.178336667619319655e+01,5.556423268149330852e+00
2.180337239211203126e+01,6.358798557088361392e+00
2.182337810803086597e+01,6.297849035238526128e+00
2.184338382394970068e+01,6.544170118941989855e+00
2.186338953986853539e+01,6.764515863298811382e+00
2.188339525578737010e+01,6.968572709915113350e+00
2.190340097170620481e+01,6.459768040922683419e+00
2.192340668762503597e+01,6.586105624676166670e+00
2.194341240354387068e+01,7.288752149827709914e+00
2.196341811946270184e+01,7.376300984197886379e+00
2.198342383538153655e+01,7.243507030093363497e+00
2.200342955130037126e+01,7.718907651908524237e+00
2.202343526721920597e+01,8.006242051541471838e+00
2.204344098313804068e+01,8.150725436571887528e+00
2.206344669905687539e+01,8.450638004374749102e+00
2.208345241497571010e+01,8.327343424539559891e+00
2.210345813089454126e+01,8.403959707210313823e+00
2.212346384681337597e+01,8.985745479685965265e+00
2.214346956273221068e+01,8.893510326965245127e+00
2.216347527865104183e+01,9.228102805997874469e+00
2.218348099456987654e+01,9.453046671111524191e+00
2.220348671048871125e+01,1.041615884496773070e+01
2.222349242640754596e+01,1.086487879291144409e+01
2.224349814232638067e+01,1.100885968487690292e+01
2.226350385824521538e+01,1.109092342951307586e+01
2.228350957416405009e+01,1.084578263070682169e+01
2.230351529008288125e+01,1.180246225642335745e+01
2.232352100600171596e+01,1.154734068646984291e+01
2.234352672192054712e+01,1.261141709586717852e+01
2.236353243783938183e+01,1.222681780857838696e+01
2.238353815375821654e+01,1.337007973604073996e+01
2.240354386967705125e+01,1.401787887337022376e+01
2.242354958559588596e+01,1.310400793756221915e+01
2.244355530151472067e+01,1.401763088724972484e+01
2.246356101743355538e+01,1.451058724385327281e+01
2.248356673335238654e+01,1.478048872120261947e+01
2.250357244927122125e+01,1.515603859863233538e+01
2.252357816519005240e+01,1.485986000788759043e+01
2.254358388110888711e+01,1.478413645371715290e+01
2.256358959702772182e+01,1.464579380826143407e+01
2.258359531294655653e+01,1.518834959148995623e+01
2.260360102886539124e+01,1.454283051991835407e+01
2.262360674478422595e+01,1.383181321229101712e+01
2.264361246070306066e+01,1.444418007555078276e+01
2.266361817662189182e+01,1.370316533580156992e+01
2.268362389254072653e+01,1.270773974052817223e+01
2.270362960845956124e+01,1.184039270221266094e+01
2.272363532437839240e+01,1.099446577907313305e+01
2.274364104029722711e+01,1.014748525022794290e+01
2.276364675621606182e+01,9.568340370841131204e+00
2.278365247213489653e+01,9.342935349174625870e+00
2.280365818805373124e+01,7.948916856294433231e+00
2.282366390397256595e+01,8.169507552012927221e+00
2.284366961989140066e+01,6.781664570928942481e+00
2.286367533581023181e+01,6.955296683485804543e+00
2.288368105172906652e+01,6.140752278412076492e+00
2.290368676764789768e+01,5.796712947336760458e+00
2.292369248356673239e+01,5.397942997887520633e+00
2.294369819948556710e+01,5.240137986244176815e+00
2.296370391540440181e+01,5.781171849170771537e+00
2.298370963132323652e+01,4.962669210990456214e+00
2.300371534724207123e+01,4.522877562575679633e+00
2.302372106316090594e+01,4.406669537240071932e+00
2.304372677907973710e+01,4.486997902272115368e+00
2.306373249499857181e+01,4.511773693949005626e+00
2.308373821091740652e+01,5.215613145526418748e+00
2.310374392683623768e+01,4.788972170793177163e+00
2.312374964275507239e+01,4.326473024317975202e+00
2.314375535867390710e+01,3.888816356933672225e+00
2.316376107459274181e+01,4.279517607943775559e+00
2.318376679051157652e+01,4.495028672614358456e+00
2.320377250643041123e+01,4.030458606005993261e+00
2.322377822234924594e+01,3.981534936550998438e+00
2.324378393826807709e+01,5.133113754716577048e+00
2.326378965418691180e+01,4.108368266370076682e+00
2.328379537010574296e+01,4.253491316294125468e+00
2.330380108602457767e+01,4.266036521018134131e+00
2.332380680194341238e+01,3.911068570238142250e+00
2.334381251786224709e+01,4.155758570407719787e+00
2.336381823378108180e+01,3.708380117032911372e+00
2.338382394969991651e+01,4.371689416572048792e+00
2.340382966561875122e+01,3.794308635107846328e+00
2.342383538153758238e+01,4.581471376277526986e+00
2.344384109745641709e+01,4.803514038317430845e+00
2.346384681337524825e+01,4.483237981686604812e+00
2.348385252929408296e+01,4.860473534959007580e+00
2.350385824521291767e+01,4.286489227497176202e+00
2.352386396113175238e+01,4.399001086016927964e+00
2.354386967705058709e+01,4.716820528798637113e+00
2.356387539296942180e+01,4.553534474319117287e+00
2.358388110888825651e+01,4.281254696624692713e+00
2.360388682480708766e+01,3.966432820057223196e+00
2.362389254072592237e+01,4.229117797292747838e+00
2.364389825664475708e+01,3.797905201437020484e+00
2.366390397256358824e+01,4.371857527330244686e+00
2.368390968848242295e+01,4.400457476136303114e+00
2.370391540440125766e+01,4.887205535656830691e+00
2.372392112032009237e+01,4.362385404131116751e+00
2.374392683623892708e+01,4.545292900619201326e+00
2.376393255215776179e+01,4.193911543790445506e+00
2.378393826807659650e+01,5.024380726772610828e+00
2.380394398399542766e+01,4.208230748098580776e+00
2.382394969991426237e+01,3.932883910714573439e+00
2.384395541583309353e+01,4.274128499838212747e+00
2.386396113175192824e+01,3.715679326459548903e+00
2.388396684767076295e+01,4.116988327697727712e+00
2.390397256358959766e+01,4.198114342172108771e+00
2.392397827950843237e+01,4.589356262383135210e+00
2.394398399542726708e+01,4.251716676692412378e+00
2.396398971134610179e+01,4.364769504351174945e+00
2.398399542726493294e+01,4.143702961524332373e+00
2.400400114318376765e+01,4.631024541417668061e+00
2.402400685910260236e+01,4.050147189472600218e+00
2.404401257502143352e+01,4.312254569678900751e+00
2.406401829094026823e+01,3.706204076557725102e+00
2.408402400685910294e+01,4.723585825464788002e+00
2.410402972277793765e+01,4.754807872055378581e+00
2.412403543869677236e+01,4.138777592088135115e+00
2.414404115461560707e+01,5.065596184852481088e+00
2.416404687053444178e+01,3.560594365748369405e+00
2.418405258645327294e+01,4.761976772994847451e+00
2.420405830237210765e+01,3.816197109130978760e+00
2.422406401829093880e+01,4.162655659278003739e+00
2.424406973420977351e+01,4.077175988097665460e+00
2.426407545012860822e+01,4.357314225062536295e+00
2.428408116604744293e+01,4.330978284961371827e+00
2.430408688196627764e+01,3.764587485329378147e+00
2.432409259788511235e+01,3.943519473398231057e+00
2.434409831380394706e+01,3.885411714505814906e+00
2.436410402972277822e+01,4.443706043366191238e+00
2.438410974564161293e+01,3.915380702502851307e+00
2.440411546156044409e+01,4.450641117726538809e+00
2.442412117747927880e+01,4.146783287597859413e+00
2.444412689339811351e+01,3.471170560778589653e+00
2.446413260931694822e+01,4.289290028245092756e+00
2.448413832523578293e+01,4.308065907387363502e+00
2.450414404115461764e+01,4.110479858424092470e+00
2.452414975707345235e+01,3.712374943953784090e+00
2.454415547299228351e+01,4.326304669996710928e+00
2.456416118891111822e+01,4.629107250249361094e+00
2.458416690482995293e+01,4.024028693124158451e+00
2.460417262074878408e+01,4.200806089713460700e+00
2.462417833666761879e+01,4.806058702140870942e+00
2.464418405258645350e+01,4.711459871029969548e+00
2.466418976850528821e+01,5.030794954502405325e+00
2.468419548442412292e+01,4.500958670132183315e+00
2.470420120034295763e+01,5.066019729756613188e+00
2.472420691626179234e+01,3.988790518701237353e+00
2.474421263218062350e+01,4.200027066002040677e+00
2.476421834809945821e+01,4.632016385364257083e+00
2.478422406401828937e+01,4.732723865216993175e+00
2.480422977993712408e+01,3.655147031494268894e+00
2.482423549585595879e+01,4.232298058022593068e+00
2.484424121177479350e+01,4.952721124725941948e+00
2.486424692769362821e+01,4.686931757266629361e+00
2.488425264361246292e+01,3.572312850508259530e+00
2.490425835953129763e+01,4.165595628358264690e+00
2.492426407545012879e+01,4.796449006218946209e+00
2.494426979136896350e+01,3.747973580253941783e+00
2.496427550728779821e+01,3.699804081908660613e+00
2.498428122320662936e+01,5.261749356416038914e+00
2.500428693912546407e+01,5.133742542870505687e+00
2.502429265504429878e+01,4.449385176987608048e+00
2.504429837096313349e+01,3.674249708253776614e+00
2.506430408688196820e+01,4.686653913331376486e+00
2.508430980280080291e+01,4.352731293178466743e+00
2.510431551871963762e+01,4.238829117597749274e+00
2.512432123463846878e+01,4.480151376823768850e+00
2.514432695055730349e+01,4.025081730228460053e+00
2.516433266647613465e+01,3.757258405075584395e+00
2.518433838239496936e+01,3.954352157469997131e+00
2.520434409831380407e+01,3.989913066881838333e+00
2.522434981423263878e+01,4.243364955521998994e+00
2.524435553015147349e+01,4.819850197624255372e+00
2.526436124607030820e+01,4.387141631331852309e+00
2.528436696198914291e+01,4.956137891801771111e+00
2.530437267790797407e+01,5.099777320023839877e+00
2.532437839382680878e+01,4.210527228510470010e+00
2.534438410974563993e+01,4.063670105558239598e+00
2.536438982566447464e+01,4.209911242958272126e+00
2.538439554158330935e+01,4.653138401498235766e+00
2.540440125750214406e+01,3.575882796616807191e+00
2.542440697342097877e+01,4.779334495340121336e+00
2.544441268933981348e+01,4.201247075403237830e+00
2.546441840525864819e+01,4.200432833421865908e+00
2.548442412117747935e+01,4.905094638370897542e+00
2.550442983709631406e+01,4.444531376688819257e+00
2.552443555301514877e+01,4.946284941015363756e+00
2.554444126893397993e+01,4.635517137409859600e+00
2.556444698485281464e+01,4.381116120702831296e+00
2.558445270077164935e+01,4.090963629897288456e+00
2.560445841669048406e+01,4.270858777604877865e+00
2.562446413260931877e+01,4.541408857553783207e+00
2.564446984852815348e+01,4.294766302309044548e+00
2.566447556444698819e+01,4.806110794739108627e+00
2.568448128036581934e+01,4.066512794069120140e+00
2.570448699628465405e+01,4.598515167854928087e+00
2.572449271220348521e+01,4.623184950993374898e+00
2.574449842812231992e+01,4.393202136749951414e+00
2.576450414404115463e+01,4.529019507850190251e+00
2.578450985995998934e+01,5.021954272603645464e+00
2.580451557587882405e+01,4.127875840995379519e+00
2.582452129179765876e+01,4.264048964212099335e+00
2.584452700771649347e+01,4.504549793950517689e+00
2.586453272363532463e+01,4.020099128202023309e+00
2.588453843955415934e+01,4.320916696894490983e+00
2.590454415547299405e+01,4.734515441613773135e+00
2.592454987139182521e+01,5.150265052227994467e+00
2.594455558731065992e+01,4.311519777049770852e+00
2.596456130322949463e+01,4.998819658831928692e+00
2.598456701914832934e+01,4.261069563123122350e+00
2.600457273506716405e+01,4.027768101433255588e+00
2.602457845098599520e+01,4.843207001216844887e+00
2.604458416690482991e+01,4.532141707343037673e+00
2.606458988282366462e+01,4.367826284850079510e+00
2.608459559874249933e+01,4.552803759935735606e+00
2.610460131466133404e+01,4.863973124174797213e+00
2.612460703058016520e+01,4.553800131741311930e+00
2.614461274649899991e+01,4.629030322952797150e+00
2.616461846241783462e+01,4.331039917843918730e+00
2.618462417833666933e+01,4.784827186132881494e+00
2.620462989425550404e+01,4.711680161519256060e+00
2.622463561017433520e+01,4.953447841106462413e+00
2.624464132609316991e+01,5.276624948413756400e+00
2.626464704201200462e+01,4.308987496996987687e+00
2.628465275793083933e+01,5.434225352389791652e+00
2.630465847384967049e+01,4.310121657971859754e+00
2.632466418976850520e+01,5.126435160248774991e+00
2.634466990568733991e+01,4.781568773474912604e+00
2.636467562160617462e+01,4.695574786950171386e+00
2.638468133752500933e+01,4.828723816638427202e+00
2.640468705344384048e+01,4.370193716078948576e+00
2.642469276936267519e+01,4.660247200338761608e+00
2.644469848528150990e+01,4.677465321033524859e+00
2.646470420120034461e+01,5.240804158239772192e+00
2.648470991711917932e+01,5.469117568351276049e+00
2.650471563303801048e+01,4.513228733125911774e+00
2.652472134895684519e+01,4.915692279443061530e+00
2.654472706487567990e+01,4.531664844324659214e+00
2.656473278079451461e+01,4.695813289180311045e+00
2.658473849671334932e+01,5.298843583507842681e+00
2.660474421263218048e+01,4.738924042739920850e+00
2.662474992855101519e+01,4.975634608646672064e+00
2.664475564446984990e+01,5.601121812992120752e+00
2.666476136038868461e+01,4.902192108602591247e+00
2.668476707630751577e+01,5.977522698972881798e+00
2.670477279222635048e+01,5.809873540608879949e+00
2.672477850814518519e+01,6.029564103877934400e+00
2.674478422406401990e+01,6.304076264736732327e+00
2.676478993998285461e+01,6.938079448611286892e+00
2.678479565590168576e+01,5.596326496647767712e+00
2.680480137182052047e+01,7.044188230750345170e+00
2.682480708773935518e+01,5.850316302375722977e+00
2.684481280365818989e+01,6.581797650933235211e+00
2.686481851957702460e+01,6.437861504376428456e+00
2.688482423549585576e+01,7.050381996993451139e+00
2.690482995141469047e+01,7.070227643241334903e+00
2.692483566733352518e+01,6.872980597994736485e+00
2.694484138325235989e+01,7.776012869756710799e+00
2.696484709917119105e+01,7.567956532973418859e+00
2.698485281509002576e+01,7.887854191365807566e+00
2.700485853100886047e+01,8.058517992834962840e+00
2.702486424692769518e+01,7.669467817181558900e+00
2.704486996284652989e+01,8.368120895315410479e+00
2.706487567876536104e+01,7.662493474362944923e+00
2.708488139468419575e+01,8.147543844071130081e+00
2.710488711060303046e+01,8.618005400892855050e+00
2.712489282652186517e+01,8.938498282163184427e+00
2.714489854244069988e+01,8.416014114179670713e+00
2.716490425835953104e+01,9.116652602048510801e+00
2.718490997427836575e+01,8.990549382956642077e+00
2.720491569019720046e+01,9.266127333343494143e+00
2.722492140611603517e+01,9.678568832272050670e+00
2.724492712203486633e+01,8.972471612003200647e+00
2.726493283795370104e+01,9.268870795354501979e+00
2.728493855387253575e+01,9.827055496738672957e+00
2.730494426979137046e+01,9.792382251078905142e+00
2.732494998571020517e+01,9.496681702828142946e+00
2.734495570162903633e+01,9.196739491824743595e+00
2.736496141754787104e+01,8.787359506917201912e+00
2.738496713346670575e+01,9.111617574517554274e+00
2.740497284938554046e+01,9.009714946189465223e+00
2.742497856530437517e+01,8.438753963476113285e+00
2.744498428122320632e+01,8.602710877675816548e+00
2.746498999714204103e+01,8.685276853684843701e+00
2.748499571306087574e+01,7.999584091490657300e+00
2.750500142897971045e+01,7.172536345527282364e+00
2.752500714489854516e+01,7.750945983685102014e+00
2.754501286081737632e+01,7.436210908156054344e+00
2.756501857673621103e+01,7.519573777524797720e+00
2.758502429265504574e+01,6.542137275082783532e+00
2.760503000857388045e+01,6.156674105210109715e+00
2.762503572449271161e+01,5.927538190074216118e+00
2.764504144041154632e+01,5.790135070928920769e+00
2.766504715633038103e+01,5.526361958798817753e+00
2.768505287224921574e+01,5.557297155102429720e+00
2.770505858816805045e+01,4.907016889715899666e+00
2.772506430408688161e+01,5.614618402228950700e+00
2.774507002000571632e+01,4.805540904002333136e+00
2.776507573592455103e+01,5.743898280651329458e+00
2.778508145184338574e+01,4.934870531516668990e+00
2.780508716776222045e+01,5.598109011227771603e+00
2.782509288368105160e+01,4.305647572828196878e+00
2.784509859959988631e+01,5.177329900017539011e+00
2.786510431551872102e+01,4.199390212805901967e+00
2.788511003143755573e+01,5.236847809361643513e+00
2.790511574735638689e+01,5.057593487955166722e+00
2.792512146327522160e+01,4.260482510277372903e+00
2.794512717919405631e+01,4.726844520113372639e+00
2.796513289511289102e+01,4.553618486346841188e+00
2.798513861103172573e+01,4.361020144250083774e+00
2.800514432695055689e+01,5.041810701240356352e+00
2.802515004286939160e+01,5.241546844902781999e+00
2.804515575878822631e+01,4.027024105659102737e+00
2.806516147470706102e+01,5.180690031684181740e+00
2.808516719062589573e+01,4.763582052945368517e+00
2.810517290654472689e+01,5.400859066298786537e+00
2.812517862246356160e+01,4.543253978881983457e+00
2.814518433838239631e+01,4.767947512547195288e+00
2.816519005430123102e+01,5.174502461405154463e+00
2.818519577022006217e+01,4.832929377966230788e+00
2.820520148613889688e+01,5.177070914724462014e+00
2.822520720205773159e+01,5.420621120813910565e+00
2.824521291797656630e+01,4.758391496698976653e+00
2.826521863389540101e+01,4.978329494342696115e+00
2.828522434981423217e+01,4.487050574544914738e+00
2.830523006573306688e+01,5.013423703707195145e+00
2.832523578165190159e+01,4.781780684367445744e+00
2.834524149757073630e+01,4.281817796359967510e+00
2.836524721348957101e+01,4.977219567823475188e+00
2.838525292940840217e+01,4.853123271772156855e+00
2.840525864532723688e+01,4.738066907242073356e+00
2.842526436124607159e+01,4.471176516818273328e+00
2.844527007716490630e+01,4.704824538887633523e+00
2.846527579308374101e+01,4.357454234542288418e+00
2.848528150900257216e+01,4.459913006259452750e+00
2.850528722492140687e+01,5.157550283111067557e+00
2.852529294084024158e+01,4.288177574384937074e+00
2.854529865675907629e+01,5.063637444672080434e+00
2.856530437267790745e+01,4.432546456485203734e+00
2.858531008859674216e+01,5.091490297279592347e+00
2.860531580451557687e+01,4.672451997850831873e+00
2.862532152043441158e+01,4.106830418006954808e+00
2.864532723635324629e+01,5.304268861929384293e+00
2.866533295227207745e+01,4.716237409481019327e+00
2.868533866819091216e+01,4.589366247568194446e+00
2.870534438410974687e+01,5.172740850406786883e+00
2.872535010002858158e+01,5.091018837948057651e+00
2.874535581594741629e+01,5.208499924255740154e+00
2.876536153186624745e+01,4.704391784606371196e+00
2.878536724778508216e+01,4.967961144534884355e+00
2.880537296370391687e+01,4.644975070962974684e+00
2.882537867962275158e+01,4.680788195353223102e+00
2.884538439554158273e+01,4.281488680466492447e+00
2.886539011146041744e+01,5.045127831732296286e+00
2.888539582737925215e+01,5.073752943289047579e+00
2.890540154329808686e+01,5.332367738353251063e+00
2.892540725921692157e+01,5.245849894462141449e+00
2.894541297513575273e+01,4.393003172844705873e+00
2.896541869105458744e+01,5.646988450696822426e+00
2.898542440697342215e+01,5.476573603076306362e+00
2.900543012289225686e+01,5.301246140702939869e+00
2.902543583881109157e+01,4.257580928059636172e+00
2.904544155472992273e+01,4.829193297789952766e+00
2.906544727064875744e+01,5.536136980895443926e+00
2.908545298656759215e+01,4.635539769056197912e+00
2.910545870248642686e+01,4.276123768350650778e+00
2.912546441840525802e+01,5.088063418061605780e+00
2.914547013432409273e+01,5.138323436595102933e+00
2.916547585024292744e+01,4.857486851490996571e+00
2.918548156616176215e+01,4.786305861038288256e+00
2.920548728208059686e+01,4.662678952332255378e+00
2.922549299799942801e+01,4.849832846445398360e+00
2.924549871391826272e+01,5.618586419865762238e+00
2.926550442983709743e+01,5.756839220479120556e+00
2.928551014575593214e+01,5.626887525599180151e+00
2.930551586167476685e+01,5.598304456009777219e+00
2.932552157759359801e+01,5.252835154979214494e+00
2.934552729351243272e+01,5.840994805974437654e+00
2.936553300943126743e+01,4.878131533353521121e+00
2.938553872535010214e+01,5.910285053656931353e+00
2.940554444126893330e+01,5.337020070294158813e+00
2.942555015718776801e+01,5.894569756450703579e+00
2.944555587310660272e+01,5.078139831170789265e+00
2.946556158902543743e+01,6.234789913909392745e+00
2.948556730494427214e+01,5.877898743420375993e+00
2.950557302086310330e+01,6.188974618659148774e+00
2.952557873678193801e+01,5.901836187103086218e+00
2.954558445270077272e+01,6.037152282934213687e+00
2.956559016861960743e+01,6.502128218910476321e+00
2.958559588453844214e+01,6.339298917520760135e+00
2.960560160045727329e+01,6.435282251293923395e+00
2.962560731637610800e+01,6.647431845856873522e+00
2.964561303229494271e+01,7.112099120536382379e+00
2.966561874821377742e+01,6.732222981811946561e+00
2.968562446413261213e+01,6.726843952392299819e+00
2.970563018005144329e+01,6.793415930390903412e+00
2.972563589597027800e+01,7.164939284208881709e+00
2.974564161188911271e+01,6.999248395576242565e+00
2.976564732780794742e+01,6.756717492334461284e+00
2.978565304372677858e+01,7.240398753408548771e+00
2.980565875964561329e+01,7.031348547490933854e+00
2.982566447556444800e+01,6.902406488409987162e+00
2.984567019148328271e+01,6.787178698487671191e+00
2.986567590740211742e+01,6.576363875330093478e+00
2.988568162332094857e+01,7.078445722335243495e+00
2.990568733923978328e+01,6.539649321744660071e+00
2.992569305515861799e+01,6.314695809246078539e+00
2.994569877107745270e+01,6.479889712434504290e+00
2.996570448699628741e+01,6.193475479344996870e+00
2.998571020291511857e+01,6.573846573323237408e+00
3.000571591883395328e+01,6.256727260229389742e+00
3.002572163475278799e+01,6.084516797316506853e+00
3.004572735067162270e+01,6.088539067112794356e+00
3.006573306659045386e+01,5.682564320202905250e+00
3.008573878250928857e+01,5.537093304898935031e+00
3.010574449842812328e+01,5.884182499956100543e+00
3.012575021434695799e+01,5.966805773234540311e+00
3.014575593026579270e+01,5.490183129257299122e+00
3.016576164618462386e+01,5.879128863504767821e+00
3.018576736210345857e+01,5.050663054799912288e+00
3.020577307802229328e+01,5.168538760749441963e+00
3.022577879394112799e+01,5.292243693469446342e+00
3.024578450985996270e+01,4.991461267706210236e+00
3.026579022577879385e+01,5.144668107612757169e+00
3.028579594169762856e+01,4.778419720445137742e+00
3.030580165761646327e+01,4.936239820636796338e+00
3.032580737353529798e+01,4.650672994453579179e+00
3.034581308945412914e+01,5.827309228286677190e+00
3.036581880537296385e+01,5.787003134901497425e+00
3.038582452129179856e+01,4.950762836482269336e+00
3.040583023721063327e+01,4.505197093898022587e+00
3.042583595312946798e+01,4.433544722528661275e+00
3.044584166904829914e+01,5.305019037355599210e+00
3.046584738496713385e+01,5.483013184640526561e+00
3.048585310088596856e+01,4.919287447904862276e+00
3.050585881680480327e+01,5.486664998739792409e+00
3.052586453272363798e+01,5.148443831950149985e+00
3.054587024864246914e+01,4.660600499613888559e+00
3.056587596456130385e+01,5.339175070821778668e+00
3.058588168048013856e+01,5.418633480522004220e+00
3.060588739639897327e+01,5.675755081586229878e+00
3.062589311231780798e+01,4.868604201849818125e+00
3.064589882823663913e+01,5.109846612939515254e+00
3.066590454415547384e+01,5.423643085434719957e+00
3.068591026007430855e+01,4.421633085915415151e+00
3.070591597599314326e+01,5.025302416079988177e+00
3.072592169191197442e+01,4.612767032846935678e+00
3.074592740783080913e+01,4.714620725175771909e+00
3.076593312374964384e+01,4.347391855304894470e+00
3.078593883966847855e+01,4.725905235663157455e+00
3.080594455558731326e+01,4.597329187241376403e+00
3.082595027150614442e+01,5.218786034260393336e+00
3.084595598742497913e+01,4.614913704474627565e+00
3.086596170334381384e+01,4.528356332964333930e+00
3.088596741926264855e+01,4.680363339832558367e+00
3.090597313518148326e+01,4.875141095258686441e+00
3.092597885110031442e+01,4.801542210567865787e+00
3.094598456701914913e+01,5.131972321322545660e+00
3.096599028293798384e+01,5.031828486690674396e+00
3.098599599885681855e+01,5.139351864374360090e+00
3.100600171477564970e+01,4.971084400414081728e+00
3.102600743069448441e+01,5.149282135572205377e+00
3.104601314661331912e+01,4.505435761749671641e+00
3.106601886253215383e+01,4.587123285475460222e+00
3.108602457845098854e+01,5.145853912496123783e+00
3.110603029436981970e+01,5.225845411026311282e+00
3.112603601028865441e+01,5.210925910707246089e+00
3.114604172620748912e+01,4.794747350820285803e+00
3.116604744212632383e+01,5.238454969956303664e+00
3.118605315804515854e+01,4.927507595240852467e+00
3.120605887396398970e+01,5.100575049102522129e+00
3.122606458988282441e+01,5.309864237815649091e+00
3.124607030580165912e+01,4.670326200349219192e+00
3.126607602172049383e+01,5.272090711698467658e+00
3.128608173763932498e+01,4.665810962541768525e+00
3.130608745355815969e+01,4.453502822977208453e+00
3.132609316947699440e+01,5.081673239949797249e+00
3.134609888539582911e+01,5.127895082926251291e+00
3.136610460131466382e+01,5.376449780777494247e+00
3.138611031723349498e+01,5.796744923888831558e+00
3.140611603315232969e+01,5.050378483628112036e+00
3.142612174907116440e+01,5.131469567333812876e+00
3.144612746498999911e+01,4.767516576470106848e+00
3.146613318090883382e+01,4.892822456411606069e+00
3.148613889682766498e+01,5.070530104971777696e+00
3.150614461274649969e+01,5.031096330981857712e+00
3.152615032866533440e+01,5.155953979463298253e+00
3.154615604458416911e+01,4.872779520450889912e+00
3.156616176050300382e+01,4.916439564734666590e+00
3.158616747642183498e+01,5.149118975953588695e+00
3.160617319234066969e+01,5.295046439384179848e+00
3.162617890825950440e+01,4.608635395930839707e+00
3.164618462417833911e+01,5.783620885314142868e+00
3.166619034009717026e+01,5.641897851485242477e+00
3.168619605601600497e+01,5.586990444964461844e+00
3.170620177193483968e+01,5.700192742858437356e+00
3.172620748785367439e+01,5.019194587707046296e+00
3.174621320377250910e+01,5.286157010126767197e+00
3.176621891969134026e+01,5.219810359362249130e+00
3.178622463561017497e+01,5.081097617181359993e+00
3.180623035152900968e+01,5.553443657212296714e+00
3.182623606744784439e+01,4.894365161464921954e+00
3.184624178336667910e+01,5.449579249311896412e+00
3.186624749928551026e+01,5.602471511708768226e+00
3.188625321520434497e+01,5.451380729512133705e+00
3.190625893112317968e+01,5.042855145927545024e+00
3.192626464704201439e+01,5.827264749437670588e+00
3.194627036296084555e+01,5.581374826432439207e+00
3.196627607887968026e+01,5.787387055716459727e+00
3.198628179479851497e+01,5.309172748305815759e+00
3.200628751071734968e+01,5.614566905438439726e+00
3.202629322663618439e+01,5.862123258801039682e+00
3.204629894255501199e+01,6.398907938255382177e+00
3.206630465847385381e+01,5.307077972160810120e+00
3.208631037439268141e+01,5.491227857236685495e+00
3.210631609031152323e+01,6.416252719593513731e+00
3.212632180623035083e+01,6.181500700664521730e+00
3.214632752214918554e+01,6.842379742448644997e+00
3.216633323806802025e+01,6.545823973232900883e+00
3.218633895398685496e+01,7.314176389633295194e+00
3.220634466990568967e+01,7.346763320284035004e+00
3.222635038582451728e+01,7.050321624157499301e+00
3.224635610174335909e+01,7.447129688544649184e+00
3.226636181766218670e+01,7.758968023902472311e+00
3.228636753358102851e+01,8.298811917533825522e+00
3.230637324949985612e+01,7.770366565412150095e+00
3.232637896541869083e+01,8.484414283832133918e+00
3.234638468133752554e+01,8.494210559144491413e+00
3.236639039725636025e+01,9.424585210602426599e+00
3.238639611317519496e+01,1.003637107185690525e+01
3.240640182909402967e+01,1.042612672942108532e+01
3.242640754501286438e+01,1.086964384783605198e+01
3.244641326093169198e+01,1.181429577737510783e+01
3.246641897685053380e+01,1.154895580574162395e+01
3.248642469276936140e+01,1.168677511302633398e+01
3.250643040868819611e+01,1.382539225848575271e+01
3.252643612460703082e+01,1.379071319116090777e+01
3.254644184052586553e+01,1.449177317400951637e+01
3.256644755644470024e+01,1.471149886203848034e+01
3.258645327236353495e+01,1.647529799675844941e+01
3.260645898828236966e+01,1.667256399520216092e+01
3.262646470420119726e+01,1.823996921025081264e+01
3.264647042012003908e+01,1.834721564296423324e+01
3.266647613603886668e+01,1.942482881827160668e+01
3.268648185195770850e+01,2.155788563476971831e+01
3.270648756787653610e+01,2.194817385716842750e+01
3.272649328379537081e+01,2.318722071466380541e+01
3.274649899971420552e+01,2.447120321749388694e+01
3.276650471563304023e+01,2.527425118673273374e+01
3.278651043155187494e+01,2.606303715885702132e+01
3.280651614747070255e+01,2.650859011561431089e+01
3.282652186338954436e+01,2.780580435530632144e+01
3.284652757930837197e+01,2.823117096551408878e+01
3.286653329522721378e+01,2.938842253504567381e+01
3.288653901114604139e+01,2.959668383535524327e+01
3.290654472706487610e+01,3.005688106045994701e+01
3.292655044298371081e+01,3.008211711830126944e+01
3.294655615890254552e+01,3.031708162703614562e+01
3.296656187482138023e+01,2.972547172324434683e+01
3.298656759074020783e+01,2.936834817674424869e+01
3.300657330665904965e+01,2.890515987602289982e+01
3.302657902257787725e+01,2.822881243647624672e+01
3.304658473849671907e+01,2.662248284566666712e+01
3.306659045441554667e+01,2.613155394412850185e+01
3.308659617033438138e+01,2.432588835087860701e+01
3.310660188625321609e+01,2.320232822785435545e+01
3.312660760217205080e+01,2.158461171803828194e+01
3.314661331809088551e+01,1.994257060050492214e+01
3.316661903400971312e+01,1.807269561062785712e+01
3.318662474992855493e+01,1.648139542040859240e+01
3.320663046584738254e+01,1.503241975423622634e+01
3.322663618176622435e+01,1.397946964996252461e+01
3.324664189768505196e+01,1.219368584610225525e+01
3.326664761360388667e+01,1.149495993363819224e+01
3.328665332952272138e+01,1.009589693776852215e+01
3.330665904544155609e+01,8.527916773347667956e+00
3.332666476136039080e+01,8.123749544678492640e+00
3.334667047727922551e+01,8.343276439791457832e+00
3.336667619319806022e+01,6.962012975009773008e+00
3.338668190911688782e+01,7.419036287686342490e+00
3.340668762503572964e+01,6.237865907969950996e+00
3.342669334095455724e+01,6.248356024599697633e+00
3.344669905687339195e+01,6.586378859534694818e+00
3.346670477279222666e+01,6.808312134674961769e+00
3.348671048871106137e+01,6.014758424321490438e+00
3.350671620462989608e+01,5.960331793210931650e+00
3.352672192054873079e+01,5.758954596051492736e+00
3.354672763646756550e+01,5.653186599760143594e+00
3.356673335238639311e+01,6.057846786883711587e+00
3.358673906830523492e+01,5.964346921315582861e+00
3.360674478422406253e+01,5.483433290002659000e+00
3.362675050014290434e+01,6.449652037746711919e+00
3.364675621606173195e+01,5.610265157977635475e+00
3.366676193198056666e+01,5.643236623119347151e+00
3.368676764789940137e+01,5.499042043489357212e+00
3.370677336381823608e+01,5.386143183737235773e+00
3.372677907973707079e+01,6.084859608181526269e+00
3.374678479565589839e+01,5.364277938762877618e+00
3.376679051157474021e+01,5.532009452088091805e+00
3.378679622749356781e+01,5.325715630895343722e+00
3.380680194341240963e+01,5.560642846612601886e+00
3.382680765933123723e+01,5.645159118319746483e+00
3.384681337525007194e+01,5.519769872167268332e+00
3.386681909116890665e+01,5.617934934809879266e+00
3.388682480708774136e+01,5.687264128975077604e+00
3.390683052300657607e+01,5.413765188923656879e+00
3.392683623892540368e+01,5.639182625201137000e+00
3.394684195484424549e+01,4.892833090923348394e+00
3.396684767076307310e+01,5.505027695446068847e+00
3.398685338668191491e+01,5.224343068590778572e+00
3.400685910260074252e+01,5.953430570178588788e+00
3.402686481851957723e+01,5.578160098756347551e+00
3.404687053443841194e+01,4.922002205509134143e+00
3.406687625035724665e+01,4.730721941313014156e+00
3.408688196627608136e+01,5.077042785311958184e+00
3.410688768219490896e+01,5.123500122773339882e+00
3.412689339811375078e+01,5.438147939969218747e+00
3.414689911403257838e+01,5.795608939081379418e+00
3.416690482995142020e+01,5.034805066580217314e+00
3.418691054587024780e+01,5.342062928037718983e+00
3.420691626178908251e+01,5.306657258882346184e+00
3.422692197770791722e+01,5.524064671855395403e+00
3.424692769362675193e+01,4.720437586138174879e+00
3.426693340954558664e+01,4.590810324739079462e+00
3.428693912546442135e+01,5.449413521726793164e+00
3.430694484138325606e+01,5.164541620188320081e+00
3.432695055730208367e+01,5.622323003560690147e+00
3.434695627322092548e+01,5.518874195120741177e+00
3.436696198913975309e+01,5.665404566959347576e+00
3.438696770505858780e+01,4.932869340278925208e+00
3.440697342097742251e+01,5.587563876568264476e+00
3.442697913689625722e+01,5.264417160635487036e+00
3.444698485281509193e+01,4.542047985234026974e+00
3.446699056873392664e+01,5.123499868616634423e+00
3.448699628465276135e+01,5.354099890318797961e+00
3.450700200057158895e+01,5.536269774313640646e+00
3.452700771649043077e+01,5.423623819361371723e+00
3.454701343240925837e+01,5.459744893769730822e+00
3.456701914832810019e+01,5.555474793096937702e+00
3.458702486424692779e+01,5.191308309477870253e+00
3.460703058016576250e+01,5.367227392458708835e+00
3.462703629608459721e+01,5.502895377302145619e+00
3.464704201200343192e+01,4.791017793880367748e+00
3.466704772792226663e+01,5.058853730339707866e+00
3.468705344384109424e+01,5.791841441970168702e+00
3.470705915975993605e+01,5.817902152720983544e+00
3.472706487567876366e+01,5.487146531344528455e+00
3.474707059159760547e+01,5.073845135785201244e+00
3.476707630751643308e+01,5.799569059879992494e+00
3.478708202343526779e+01,5.047422687075348691e+00
3.480708773935410250e+01,5.486023309540735582e+00
3.482709345527293721e+01,5.595885061589136455e+00
3.484709917119177192e+01,5.712929251136403153e+00
3.486710488711059952e+01,4.715374222788373260e+00
3.488711060302944134e+01,5.621276542454434200e+00
3.490711631894826894e+01,5.748660419207308081e+00
3.492712203486711076e+01,4.710792346240981310e+00
3.494712775078593836e+01,5.107899506196806882e+00
3.496713346670477307e+01,5.777441941637147416e+00
3.498713918262360778e+01,5.197896978797937884e+00
3.500714489854244249e+01,5.620779218346873662e+00
3.502715061446127720e+01,5.821063622456115638e+00
3.504715633038010481e+01,5.339327446430067070e+00
3.506716204629894662e+01,5.138318752862739203e+00
3.508716776221777423e+01,5.457178913111916607e+00
3.510717347813661604e+01,6.191038680728235377e+00
3.512717919405544365e+01,6.141028663587720260e+00
3.514718490997427836e+01,4.777507107741705283e+00
3.516719062589311307e+01,5.224802850084852679e+00
3.518719634181194778e+01,5.081430762440641402e+00
3.520720205773078249e+01,5.923897313027387312e+00
3.522720777364961720e+01,6.298947576131340043e+00
3.524721348956845191e+01,5.884673781155674632e+00
3.526721920548727951e+01,5.967967031870221817e+00
3.528722492140612133e+01,5.981475533477574658e+00
3.530723063732494893e+01,5.558262145211725347e+00
3.532723635324378364e+01,5.361077131128265449e+00
3.534724206916261835e+01,6.247668264947368044e+00
3.536724778508145306e+01,5.759585843288022033e+00
3.538725350100028777e+01,6.129544502715887688e+00
3.540725921691912248e+01,5.912165986545701912e+00
3.542726493283795719e+01,6.000168458800826166e+00
3.544727064875678479e+01,5.877373933580744669e+00
3.546727636467562661e+01,5.617557428579454282e+00
3.548728208059445421e+01,6.110450948667577542e+00
3.550728779651329603e+01,5.655049684521885389e+00
3.552729351243212363e+01,6.049773294198903528e+00
3.554729922835095834e+01,5.922503692178777257e+00
3.556730494426979305e+01,6.243940134870891612e+00
3.558731066018862776e+01,6.577864656523302322e+00
3.560731637610746247e+01,6.605328571097644819e+00
3.562732209202629008e+01,7.345251990482510429e+00
3.564732780794513189e+01,7.702369859592876900e+00
3.566733352386395950e+01,7.031241852191353559e+00
3.568733923978280131e+01,8.255711157341334427e+00
3.570734495570162892e+01,7.018711510789028551e+00
3.572735067162046363e+01,7.969407327088656956e+00
3.574735638753929834e+01,8.839767389392555685e+00
3.576736210345813305e+01,8.294099801416827233e+00
3.578736781937696776e+01,8.971360056727672116e+00
3.580737353529579536e+01,9.652125553928302182e+00
3.582737925121463718e+01,1.047683470495946878e+01
3.584738496713346478e+01,1.050758701226881087e+01
3.586739068305230660e+01,1.112423970519478367e+01
3.588739639897113420e+01,1.195225640619258378e+01
3.590740211488996891e+01,1.220270067926947988e+01
3.592740783080880362e+01,1.265604789438030764e+01
3.594741354672763833e+01,1.365117186853287556e+01
3.596741926264647304e+01,1.438848231419163604e+01
3.598742497856530065e+01,1.654674945151814569e+01
3.600743069448414246e+01,1.640433439370373492e+01
3.602743641040297007e+01,1.772887516765303317e+01
3.604744212632181188e+01,1.896269793362144895e+01
3.606744784224063949e+01,1.970154438407053732e+01
3.608745355815947420e+01,2.129346946426912268e+01
3.610745927407830891e+01,2.326317401790034012e+01
3.612746498999714362e+01,2.431624155092364958e+01
3.614747070591597833e+01,2.548954574899576286e+01
3.616747642183481304e+01,2.631532879617670773e+01
3.618748213775364775e+01,2.814956310647055204e+01
3.620748785367247535e+01,2.967290130604255793e+01
3.622749356959131717e+01,3.103082331631316038e+01
3.624749928551014477e+01,3.288766756212658038e+01
3.626750500142897948e+01,3.344065517699706191e+01
3.628751071734781419e+01,3.430759470859345583e+01
3.630751643326664890e+01,3.551375417786334765e+01
3.632752214918548361e+01,3.599597854246384543e+01
3.634752786510431832e+01,3.619278568377642813e+01
3.636753358102315303e+01,3.647068242642166069e+01
3.638753929694198064e+01,3.670499101226959482e+01
3.640754501286082245e+01,3.568267313461292645e+01
3.642755072877965006e+01,3.579562618540055041e+01
3.644755644469849187e+01,3.525271149623142719e+01
3.646756216061731948e+01,3.553093785984817998e+01
3.648756787653615419e+01,3.372928825192421698e+01
3.650757359245498890e+01,3.364954539779095910e+01
3.652757930837382361e+01,3.188320378101149544e+01
3.654758502429265832e+01,3.147226645314156812e+01
3.656759074021148592e+01,3.077665456594032634e+01
3.658759645613032774e+01,2.983493865913325038e+01
3.660760217204915534e+01,2.863108465295010063e+01
3.662760788796799716e+01,2.764485763274756636e+01
3.664761360388682476e+01,2.631589747244534649e+01
3.666761931980565947e+01,2.516829855839778318e+01
3.668762503572449418e+01,2.301971782189557914e+01
3.670763075164332889e+01,2.143817826894432699e+01
3.672763646756216360e+01,2.040887865487056274e+01
3.674764218348099121e+01,1.904109500632200280e+01
3.676764789939983302e+01,1.736735840197368930e+01
3.678765361531866063e+01,1.667098911741150857e+01
3.680765933123750244e+01,1.524591887438116800e+01
3.682766504715633005e+01,1.344463027615200801e+01
3.684767076307516476e+01,1.293944353282158843e+01
3.686767647899399947e+01,1.184762218429782088e+01
3.688768219491283418e+01,1.042676864655981106e+01
3.690768791083166889e+01,1.025817137345041452e+01
3.692769362675049649e+01,9.403649998396463872e+00
3.694769934266933831e+01,8.915588123316588565e+00
3.696770505858816591e+01,7.924191916442574701e+00
3.698771077450700773e+01,6.877948046666224613e+00
3.700771649042583533e+01,7.630736433804248264e+00
3.702772220634467004e+01,7.521564505847649684e+00
3.704772792226350475e+01,6.560844666963710381e+00
3.706773363818233946e+01,6.720196267794383616e+00
3.708773935410117417e+01,6.757399993332244392e+00
3.710774507002000888e+01,6.995029509535157786e+00
3.712775078593884359e+01,6.363787265940935356e+00
3.714775650185767120e+01,6.567312804784068092e+00
3.716776221777651301e+01,6.881089588183014527e+00
3.718776793369534062e+01,5.746741248444690697e+00
3.720777364961417533e+01,6.113504251072337858e+00
3.722777936553301004e+01,6.594567236160520096e+00
3.724778508145184475e+01,6.163164490497009318e+00
3.726779079737067946e+01,6.060430075821638951e+00
3.728779651328951417e+01,5.588796011603887948e+00
3.730780222920834888e+01,5.805153935652704433e+00
3.732780794512717648e+01,6.130629689622713485e+00
3.734781366104601830e+01,5.904951777652666323e+00
3.736781937696484590e+01,5.534532522277175737e+00
3.738782509288368772e+01,6.205178640019335390e+00
3.740783080880251532e+01,5.415777479010243312e+00
3.742783652472135003e+01,6.060871470144887141e+00
3.744784224064018474e+01,6.095902185416639085e+00
3.746784795655901945e+01,5.930434950612248457e+00
3.748785367247785416e+01,5.991775805884479666e+00
3.750785938839668177e+01,5.894209267287113363e+00
3.752786510431552358e+01,5.705765427319126282e+00
3.754787082023435119e+01,6.615845228164955572e+00
3.756787653615319300e+01,5.851237347302125968e+00
3.758788225207202061e+01,6.225752691491951651e+00
3.760788796799085532e+01,5.758377268560062490e+00
3.762789368390969003e+01,5.888034521350330230e+00
3.764789939982852474e+01,6.453292661902127136e+00
3.766790511574735945e+01,5.977311436098492692e+00
3.768791083166618705e+01,6.558192804876069815e+00
3.770791654758502887e+01,5.519954191492134399e+00
3.772792226350385647e+01,5.646732093089813276e+00
3.774792797942269829e+01,5.794948973308580165e+00
3.776793369534152589e+01,5.550135519004196993e+00
3.778793941126036060e+01,5.121266356236020556e+00
3.780794512717919531e+01,5.775253932107199617e+00
3.782795084309803002e+01,5.387331455718480377e+00
3.784795655901686473e+01,6.244284719781216353e+00
3.786796227493569234e+01,5.865317019942238197e+00
3.788796799085453415e+01,6.534015714050084966e+00
3.790797370677336176e+01,6.235513508259143300e+00
3.792797942269220357e+01,6.160144655586467621e+00
3.794798513861103118e+01,5.667118661729332985e+00
3.796799085452986589e+01,6.888431206384177941e+00
3.798799657044870060e+01,5.310026838620761858e+00
3.800800228636753531e+01,6.120316341523284187e+00
3.802800800228637002e+01,5.551269450187656496e+00
3.804801371820520473e+01,6.306232314637510328e+00
3.806801943412403944e+01,5.839064673621849444e+00
3.808802515004286704e+01,5.979033231241539958e+00
3.810803086596170886e+01,6.549348875691432426e+00
3.812803658188053646e+01,6.124338443575920721e+00
3.814804229779937117e+01,6.568510304530074784e+00
3.816804801371820588e+01,5.880048208549542466e+00
3.818805372963704059e+01,6.970387698276533150e+00
3.820805944555587530e+01,6.030690982645451115e+00
3.822806516147471001e+01,6.382262803741353352e+00
3.824807087739354472e+01,6.568262062519689692e+00
3.826807659331237232e+01,7.497479662417481094e+00
3.828808230923121414e+01,7.041970459227864687e+00
3.830808802515004174e+01,7.555377263230406371e+00
3.832809374106888356e+01,7.057822352978725178e+00
3.834809945698771116e+01,7.043584055595452753e+00
3.836810517290654587e+01,7.780665315405746796e+00
3.838811088882538058e+01,7.999909716087069356e+00
3.840811660474421529e+01,8.360684845311274316e+00
3.842812232066305000e+01,8.795155909349951173e+00
3.844812803658187761e+01,9.220136340462222080e+00
3.846813375250071942e+01,9.975469500051598715e+00
3.848813946841954703e+01,1.002829109718047818e+01
3.850814518433838884e+01,1.084591670267614916e+01
3.852815090025721645e+01,1.143480022144096253e+01
3.854815661617605116e+01,1.132062050340731219e+01
3.856816233209488587e+01,1.258678970523818563e+01
3.858816804801372058e+01,1.340888284799395613e+01
3.860817376393255529e+01,1.444294582886847067e+01
3.862817947985138289e+01,1.621707230269126043e+01
3.864818519577022471e+01,1.730787816963347936e+01
3.866819091168905231e+01,1.885033116428894928e+01
3.868819662760789413e+01,1.967755828448115807e+01
3.870820234352672173e+01,2.196198538198169814e+01
3.872820805944555644e+01,2.303819161266930138e+01
3.874821377536439115e+01,2.540241990534165240e+01
3.876821949128322586e+01,2.808009110146578280e+01
3.878822520720206057e+01,3.001269207868376299e+01
3.880823092312088818e+01,3.175476778086764540e+01
3.882823663903972999e+01,3.484572394311407351e+01
3.884824235495855760e+01,3.701953429197214973e+01
3.886824807087739941e+01,3.957994510916871178e+01
3.888825378679622702e+01,4.194505178457725947e+01
3.890825950271506173e+01,4.486653125283390153e+01
3.892826521863389644e+01,4.763169199793260589e+01
3.894827093455273115e+01,4.989487611883728846e+01
3.896827665047156586e+01,5.229895024287283434e+01
3.898828236639040057e+01,5.393190368853787220e+01
3.900828808230923528e+01,5.548760982314058765e+01
3.902829379822806288e+01,5.623357135987528466e+01
3.904829951414690470e+01,5.792109930426204301e+01
3.906830523006573230e+01,5.849113964419557732e+01
3.908831094598456701e+01,5.714326718515801673e+01
3.910831666190340172e+01,5.636920018736004323e+01
3.912832237782223643e+01,5.453624433342173461e+01
3.914832809374107114e+01,5.236635165440613093e+01
3.916833380965990585e+01,4.984756256490305759e+01
3.918833952557874056e+01,4.692908385870880039e+01
3.920834524149756817e+01,4.329672816937615210e+01
3.922835095741640998e+01,4.027204517036001619e+01
3.924835667333523759e+01,3.640495332946442630e+01
3.926836238925407940e+01,3.252497285939333693e+01
3.928836810517290701e+01,3.013737883387125649e+01
3.930837382109174172e+01,2.623264422814698094e+01
3.932837953701057643e+01,2.270201484464821817e+01
3.934838525292941114e+01,2.121294860674106530e+01
3.936839096884824585e+01,1.808870837395100750e+01
3.938839668476707345e+01,1.547231685307671967e+01
3.940840240068591527e+01,1.457662810491433802e+01
3.942840811660474287e+01,1.371574626668906660e+01
3.944841383252358469e+01,1.226776457684465527e+01
3.946841954844241229e+01,1.143717080036011779e+01
3.948842526436124700e+01,1.064996276609718961e+01
3.950843098028008171e+01,9.128749729718551364e+00
3.952843669619891642e+01,9.218351950637588388e+00
3.954844241211775113e+01,9.092140371513655950e+00
3.956844812803657874e+01,8.670067109422506135e+00
3.958845384395542055e+01,8.322968776265890156e+00
3.960845955987424816e+01,8.253983736429786333e+00
3.962846527579308997e+01,7.399837905388414683e+00
3.964847099171191758e+01,7.901203016012658509e+00
3.966847670763075229e+01,7.854571046838635162e+00
3.968848242354958700e+01,7.332174703296558071e+00
3.970848813946842171e+01,7.120067127125086159e+00
3.972849385538725642e+01,8.169830887541333908e+00
3.974849957130608402e+01,7.244031477228967120e+00
3.976850528722492584e+01,7.863113648892209540e+00
3.978851100314375344e+01,6.779645917885317452e+00
3.980851671906259526e+01,6.927939439208497419e+00
3.982852243498142286e+01,6.789833399915817580e+00
3.984852815090025757e+01,7.271974947355484886e+00
3.986853386681909228e+01,6.469494506772235809e+00
3.988853958273792699e+01,6.940171679141585059e+00
3.990854529865676170e+01,6.844147551989198774e+00
3.992855101457559641e+01,7.891453824436133857e+00
3.994855673049443112e+01,6.739400519141187651e+00
3.996856244641325873e+01,7.400037783387851675e+00
3.998856816233210054e+01,7.975152076564061332e+00
4.000857387825092815e+01,7.716359872908471473e+00
4.002857959416976286e+01,7.902259988066274943e+00
4.004858531008859757e+01,7.328471672814413473e+00
4.006859102600743228e+01,8.297452989788650868e+00
4.008859674192626699e+01,8.045543014731382669e+00
4.010860245784510170e+01,8.153983218928658516e+00
4.012860817376393641e+01,9.051511315080327691e+00
4.014861388968276401e+01,8.681347239576885144e+00
4.016861960560160583e+01,9.523324068181819868e+00
4.018862532152043343e+01,9.556464450047567283e+00
4.020863103743927525e+01,1.008683787793378883e+01
4.022863675335810285e+01,9.859815086105772508e+00
4.024864246927693756e+01,1.114599736206256964e+01
4.026864818519577227e+01,1.190393588963794969e+01
4.028865390111460698e+01,1.236473935667578061e+01
4.030865961703344169e+01,1.270907788514572445e+01
4.032866533295226930e+01,1.398159638059500054e+01
4.034867104887111111e+01,1.543700114327375594e+01
4.036867676478993872e+01,1.647561720399277974e+01
4.038868248070878053e+01,1.736843430522289111e+01
4.040868819662760814e+01,1.937479588282244691e+01
4.042869391254644285e+01,2.234721397165922951e+01
4.044869962846527756e+01,2.303482026072884281e+01
4.046870534438411227e+01,2.566242709364926355e+01
4.048871106030294698e+01,2.749886673561875483e+01
4.050871677622177458e+01,3.168619607126716176e+01
4.052872249214061640e+01,3.432035419853319524e+01
4.054872820805944400e+01,3.619072628439896988e+01
4.056873392397828582e+01,4.002814234736182897e+01
4.058873963989711342e+01,4.403555328634448074e+01
4.060874535581594813e+01,4.793808666208786207e+01
4.062875107173478284e+01,5.188907777496473983e+01
4.064875678765361755e+01,5.599162712093709615e+01
4.066876250357245226e+01,6.048533492878470952e+01
4.068876821949127986e+01,6.549408970299762700e+01
4.070877393541012168e+01,7.010870705022188076e+01
4.072877965132894929e+01,7.433338888353057428e+01
4.074878536724779110e+01,7.930000777718849747e+01
4.076879108316661871e+01,8.354097287252238857e+01
4.078879679908545342e+01,8.702894883578957774e+01
4.080880251500428813e+01,9.028463392697783263e+01
4.082880823092312284e+01,9.332180959512992047e+01
4.084881394684195755e+01,9.577092088566095640e+01
4.086881966276079226e+01,9.654446503114988332e+01
4.088882537867962697e+01,9.846912006074035162e+01
4.090883109459845457e+01,9.764343921034385687e+01
4.092883681051729639e+01,9.820655839820196320e+01
4.094884252643612399e+01,9.642884457401501663e+01
4.096884824235495870e+01,9.562475691470848460e+01
4.098885395827379341e+01,9.374908250893233230e+01
4.100885967419262812e+01,9.125756332279217986e+01
4.102886539011146283e+01,8.867951944128790842e+01
4.104887110603029754e+01,8.641535963571624279e+01
4.106887682194913225e+01,8.294072545844147726e+01
4.108888253786795985e+01,8.003785217043585476e+01
4.110888825378680167e+01,7.632125566866142208e+01
4.112889396970562927e+01,7.246414855042260683e+01
4.114889968562447109e+01,7.004066986858488519e+01
4.116890540154329869e+01,6.563219373771782728e+01
4.118891111746213340e+01,6.200638377691288383e+01
4.120891683338096811e+01,5.725877949505376563e+01
4.122892254929980282e+01,5.387328010238911702e+01
4.124892826521863753e+01,5.021063838785200062e+01
4.126893398113746514e+01,4.660307647669457509e+01
4.128893969705630695e+01,4.286160196166464686e+01
4.130894541297513456e+01,3.992323209329592260e+01
4.132895112889397637e+01,3.701645178210472409e+01
4.134895684481280398e+01,3.331646375662465687e+01
4.136896256073163869e+01,3.116545734599316120e+01
4.138896827665047340e+01,2.958114509875666798e+01
4.140897399256930811e+01,2.744554233669608934e+01
4.142897970848814282e+01,2.616223889216114529e+01
4.144898542440697042e+01,2.352834303600982935e+01
4.146899114032581224e+01,2.362792234069079456e+01
4.148899685624463984e+01,2.144854171471563831e+01
4.150900257216348166e+01,2.175112632070757712e+01
4.152900828808230926e+01,2.082023926594654739e+01
4.154901400400114397e+01,2.053843967462987052e+01
4.156901971991997868e+01,2.072464969449143268e+01
4.158902543583881339e+01,2.009052121210677555e+01
4.160903115175764810e+01,2.025482710165317712e+01
4.162903686767647571e+01,2.106824101487478984e+01
4.164904258359531752e+01,1.995472210867263385e+01
4.166904829951414513e+01,1.981393531889955284e+01
4.168905401543298694e+01,1.951213528049407486e+01
4.170905973135181455e+01,1.956983946527540397e+01
4.172906544727064926e+01,1.947910760457060420e+01
4.174907116318948397e+01,1.835358971926890348e+01
4.176907687910831868e+01,1.734420047803355658e+01
4.178908259502715339e+01,1.673107594457745861e+01
4.180908831094598810e+01,1.553147153097219402e+01
4.182909402686482281e+01,1.480805670138321517e+01
4.184909974278365041e+01,1.436256030689644270e+01
4.186910545870249223e+01,1.255428248941922575e+01
4.188911117462131983e+01,1.194241249497957646e+01
4.190911689054015454e+01,1.077484829790930476e+01
4.192912260645898925e+01,9.783204052496234482e+00
4.194912832237782396e+01,9.377064082277723145e+00
4.196913403829665867e+01,9.418876714874464540e+00
4.198913975421549338e+01,8.901682797484706811e+00
4.200914547013432809e+01,8.837633191857154458e+00
4.202915118605316280e+01,8.536564632217530146e+00
4.204915690197199041e+01,7.477731694616549518e+00
4.206916261789082512e+01,7.864426141221677824e+00
4.208916833380965983e+01,6.590824403064214465e+00
4.210917404972849454e+01,6.971246251274301642e+00
4.212917976564732925e+01,6.500863248944062533e+00
4.214918548156616396e+01,6.988012368864559676e+00
4.216919119748499867e+01,7.217645734311393113e+00
4.218919691340383338e+01,6.896190175296696978e+00
4.220920262932266809e+01,6.158174821826724710e+00
4.222920834524150280e+01,7.154744171557890553e+00
4.224921406116033040e+01,6.450569634566249988e+00
4.226921977707916511e+01,7.253710613738501678e+00
4.228922549299799982e+01,6.956364335026524515e+00
4.230923120891683453e+01,6.002151540841257571e+00
4.232923692483566924e+01,6.264364207339772506e+00
4.234924264075450395e+01,5.981598981039194740e+00
4.236924835667333866e+01,6.144362554440200519e+00
4.238925407259217337e+01,6.249559507203713338e+00
4.240925978851100808e+01,6.212026292342654799e+00
4.242926550442983569e+01,6.529040372702343831e+00
4.244927122034867040e+01,6.455739207106505617e+00
4.246927693626750511e+01,6.222189119530750823e+00
4.248928265218633982e+01,6.117833696830789592e+00
4.250928836810517453e+01,6.468106352387898994e+00
4.252929408402400924e+01,5.725862143986239161e+00
4.254929979994284395e+01,6.185162285171641905e+00
4.256930551586167866e+01,6.276695968800814818e+00
4.258931123178051337e+01,5.901788031208941021e+00
4.260931694769934097e+01,5.289788451437986261e+00
4.262932266361817568e+01,6.112727540594402598e+00
4.264932837953701039e+01,5.638487397077279084e+00
4.266933409545584510e+01,6.219350389178587513e+00
4.268933981137467981e+01,5.672493683695888578e+00
4.270934552729351452e+01,6.456296656440095205e+00
4.272935124321234923e+01,6.369799314250579769e+00
4.274935695913118394e+01,6.401621917683291585e+00
4.276936267505001865e+01,5.953005844120116130e+00
4.278936839096885336e+01,6.356892395885076930e+00
4.280937410688768097e+01,5.468999124219299901e+00
4.282937982280651568e+01,5.915742648572269502e+00
4.284938553872535039e+01,6.085056809500821728e+00
4.286939125464418510e+01,5.911878617845603756e+00
4.288939697056301981e+01,5.785044061770966195e+00
4.290940268648185452e+01,5.795703613553460087e+00
4.292940840240068923e+01,5.707621534134341701e+00
4.294941411831952394e+01,5.801238881206682407e+00
4.296941983423835865e+01,5.840383942247239446e+00
4.298942555015718625e+01,6.454247100704126439e+00
4.300943126607602096e+01,6.025154443632033008e+00
4.302943698199485567e+01,5.768671252295507479e+00
4.304944269791369038e+01,5.847523746892806074e+00
4.306944841383252509e+01,5.632998065536273913e+00
4.308945412975135980e+01,5.234289148571550143e+00
4.310945984567019451e+01,6.265014732875149761e+00
4.312946556158902922e+01,5.293114062821744348e+00
4.314947127750786393e+01,5.142655774128277457e+00
4.316947699342669864e+01,6.379220194353221629e+00
4.318948270934552625e+01,5.962076440032170410e+00
4.320948842526436096e+01,6.259072481298258772e+00
4.322949414118319567e+01,5.859371436394207322e+00
4.324949985710203038e+01,5.495228282674737841e+00
4.326950557302086509e+01,6.163182700618110132e+00
4.328951128893969980e+01,5.740540721358424747e+00
4.330951700485853451e+01,6.676143464452919396e+00
4.332952272077736922e+01,5.979907773824214345e+00
4.334952843669620393e+01,5.527766208230627143e+00
4.336953415261503153e+01,6.214686461553822205e+00
4.338953986853386624e+01,6.041803539810109314e+00
4.340954558445270095e+01,6.145271269034719985e+00
4.342955130037153566e+01,6.554924016325605507e+00
4.344955701629037037e+01,6.186340138381804188e+00
4.346956273220920508e+01,5.378724143870677210e+00
4.348956844812803979e+01,5.598713741418094969e+00
4.350957416404687450e+01,5.991911585730575140e+00
4.352957987996570921e+01,5.958747849775348548e+00
4.354958559588453681e+01,6.453636435556941109e+00
4.356959131180337153e+01,6.897976478982508652e+00
4.358959702772220624e+01,6.415129625505417543e+00
4.360960274364104095e+01,6.598160567827463296e+00
4.362960845955987566e+01,6.426509000176157116e+00
4.364961417547871037e+01,5.967961829140113750e+00
4.366961989139754508e+01,6.292054652165145257e+00
4.368962560731637979e+01,6.946463754328444651e+00
4.370963132323521450e+01,6.695027695215932440e+00
4.372963703915404921e+01,6.810997200121189366e+00
4.374964275507287681e+01,7.486518454230141728e+00
4.376964847099171152e+01,7.459957324790934763e+00
4.378965418691054623e+01,7.508206150506568477e+00
4.380965990282938094e+01,7.235507636535517761e+00
4.382966561874821565e+01,7.828509892970803463e+00
4.384967133466705036e+01,7.611114879927848520e+00
4.386967705058588507e+01,7.549836073117420554e+00
4.388968276650471978e+01,7.117189838550411984e+00
4.390968848242355449e+01,8.549323750586378168e+00
4.392969419834238209e+01,8.254812918957471268e+00
4.394969991426121680e+01,7.559812567530315164e+00
4.396970563018005151e+01,7.918530178387205964e+00
4.398971134609888622e+01,8.429710716897570677e+00
4.400971706201772093e+01,7.913069994761633197e+00
4.402972277793655564e+01,7.557571286536435728e+00
4.404972849385539035e+01,7.352498101280254161e+00
4.406973420977422506e+01,7.467951218399559110e+00
4.408973992569305977e+01,7.814748595154942024e+00
4.410974564161189448e+01,7.283249195338155069e+00
4.412975135753072209e+01,7.396746854232944202e+00
4.414975707344955680e+01,6.519462240166630451e+00
4.416976278936839151e+01,6.577774460738898377e+00
4.418976850528722622e+01,7.393421842347366990e+00
4.420977422120606093e+01,6.219492404571436595e+00
4.422977993712489564e+01,6.674187096551568388e+00
4.424978565304373035e+01,6.151507320659069578e+00
4.426979136896256506e+01,5.621595129342940922e+00
4.428979708488139977e+01,5.801269613411573545e+00
4.430980280080022737e+01,6.539414184379300110e+00
4.432980851671906208e+01,5.715064743658132329e+00
4.434981423263789679e+01,5.751070110890347920e+00
4.436981994855673150e+01,6.001419364514682719e+00
4.438982566447556621e+01,5.858402471498325603e+00
4.440983138039440092e+01,5.236558307701407955e+00
4.442983709631323563e+01,6.703566759408444042e+00
4.444984281223207034e+01,6.103550714983443370e+00
4.446984852815090505e+01,5.915134562743917357e+00
4.448985424406973266e+01,6.491274894374158499e+00
4.450985995998856737e+01,6.812189211354791496e+00
4.452986567590740208e+01,5.543195502547106912e+00
4.454987139182623679e+01,6.218806428666168173e+00
4.456987710774507150e+01,6.945815934001256409e+00
4.458988282366390621e+01,6.509565684750095116e+00
4.460988853958274092e+01,5.812507361051167720e+00
4.462989425550157563e+01,6.338008735336737587e+00
4.464989997142041034e+01,6.533756439926378334e+00
4.466990568733924505e+01,6.101980977673697737e+00
4.468991140325807265e+01,6.421056683330342629e+00
4.470991711917690736e+01,6.518490656112600590e+00
4.472992283509574207e+01,6.718186961222754938e+00
4.474992855101457678e+01,6.639979270456628058e+00
4.476993426693341149e+01,5.858718395282431324e+00
4.478993998285224620e+01,6.720943162818784344e+00
4.480994569877108091e+01,6.918375725010220023e+00
4.482995141468991562e+01,7.073120989990192342e+00
4.484995713060875033e+01,7.140412718233223544e+00
4.486996284652757794e+01,6.545529997093732177e+00
4.488996856244641265e+01,7.376792140610399784e+00
4.490997427836524736e+01,6.902147072495584013e+00
4.492997999428408207e+01,7.184578710736169604e+00
4.494998571020291678e+01,7.585125252572298749e+00
4.496999142612175149e+01,7.832790248692305113e+00
4.498999714204058620e+01,8.183656329651364914e+00
4.501000285795942091e+01,8.202597011020532847e+00
4.503000857387825562e+01,8.138790317170327526e+00
4.505001428979709033e+01,9.287723035452652098e+00
4.507002000571591793e+01,9.288127413364613005e+00
4.509002572163475264e+01,9.397342446505925651e+00
4.511003143755358735e+01,1.018979424099979880e+01
4.513003715347242206e+01,1.098872663093276714e+01
4.515004286939125677e+01,1.158483625549828844e+01
4.517004858531009148e+01,1.177829657542149278e+01
4.519005430122892619e+01,1.239820389881127127e+01
4.521006001714776090e+01,1.322361452559600892e+01
4.523006573306659561e+01,1.476043339169027213e+01
4.525007144898542322e+01,1.510643712623087787e+01
4.527007716490425793e+01,1.660167772315233492e+01
4.529008288082309264e+01,1.692241219878997782e+01
4.531008859674192735e+01,1.968089404173613843e+01
4.533009431266076206e+01,2.032555592171504344e+01
4.535010002857959677e+01,2.187245066372945956e+01
4.537010574449843148e+01,2.344016309888085559e+01
4.539011146041726619e+01,2.399927793639500706e+01
4.541011717633610090e+01,2.522357131729879143e+01
4.543012289225492850e+01,2.738137875040112590e+01
4.545012860817376321e+01,2.780192740552877240e+01
4.547013432409259792e+01,2.835495819291689656e+01
4.549014004001143263e+01,3.042946906577563837e+01
4.551014575593026734e+01,3.096052126613206212e+01
4.553015147184910205e+01,3.185706944458642198e+01
4.555015718776793676e+01,3.180871659919981198e+01
4.557016290368677147e+01,3.282898950429206053e+01
4.559016861960560618e+01,3.423243389907515422e+01
4.561017433552444089e+01,3.454529352402386877e+01
4.563018005144326850e+01,3.484450047171876719e+01
4.565018576736210321e+01,3.589348561151116002e+01
4.567019148328093792e+01,3.634420851253365470e+01
4.569019719919977263e+01,3.775593446334542591e+01
4.571020291511860734e+01,3.861922239535635271e+01
4.573020863103744205e+01,3.905157121939250686e+01
4.575021434695627676e+01,4.062602166003209447e+01
4.577022006287511147e+01,4.089974323926369948e+01
4.579022577879394618e+01,4.103410267733205075e+01
4.581023149471277378e+01,4.149772394326046765e+01
4.583023721063160849e+01,4.088509425775419714e+01
4.585024292655044320e+01,4.145196807361512015e+01
4.587024864246927791e+01,4.055217698795271986e+01
4.589025435838811262e+01,4.132558705080629124e+01
4.591026007430694733e+01,3.980110378448111419e+01
4.593026579022578204e+01,3.912627414344453314e+01
4.595027150614461675e+01,3.879821142879492157e+01
4.597027722206345146e+01,3.834111318702049687e+01
4.599028293798228617e+01,3.795195304824864024e+01
4.601028865390111378e+01,3.847341659139024728e+01
4.603029436981994849e+01,3.819216015092875693e+01
4.605030008573878320e+01,3.858991353283676062e+01
4.607030580165761791e+01,3.910926194517374199e+01
4.609031151757645262e+01,3.960213163819121007e+01
4.611031723349528733e+01,4.021697207477906488e+01
4.613032294941412204e+01,4.099327361855378626e+01
4.615032866533295675e+01,4.208940065267732678e+01
4.617033438125179146e+01,4.307210604319200797e+01
4.619034009717061906e+01,4.224444427754960429e+01
4.621034581308945377e+01,4.293972382014607092e+01
4.623035152900828848e+01,4.268789328457962284e+01
4.625035724492712319e+01,4.249274917934059204e+01
4.627036296084595790e+01,4.225406736113612283e+01
4.629036867676479261e+01,4.064844479615175032e+01
4.631037439268362732e+01,3.915741996167626837e+01
4.633038010860246203e+01,3.699613550523822880e+01
4.635038582452129674e+01,3.516229853902721914e+01
4.637039154044012434e+01,3.256198054729726721e+01
4.639039725635895905e+01,3.106314763148115077e+01
4.641040297227779376e+01,2.738859577641968102e+01
4.643040868819662847e+01,2.584214578197837753e+01
4.645041440411546319e+01,2.292253174675052918e+01
4.647042012003429790e+01,2.110166401629467003e+01
4.649042583595313261e+01,1.854997814363358799e+01
4.651043155187196732e+01,1.668178583455806319e+01
4.653043726779080203e+01,1.411920678088982761e+01
4.655044298370963674e+01,1.374643981463508347e+01
4.657044869962846434e+01,1.165821540652611965e+01
4.659045441554729905e+01,1.070266593964429624e+01
4.661046013146613376e+01,1.037104085866157277e+01
4.663046584738496847e+01,8.993013869687683126e+00
4.665047156330380318e+01,9.148316300393197764e+00
4.667047727922263789e+01,8.471567220575472845e+00
4.669048299514147260e+01,7.858863201150541045e+00
4.671048871106030731e+01,7.978322179541203596e+00
4.673049442697914202e+01,7.853823551363831257e+00
4.675050014289796962e+01,8.004424560347107587e+00
4.677050585881680433e+01,6.611442338596003943e+00
4.679051157473563904e+01,7.530455185103833493e+00
4.681051729065447375e+01,7.105043671120584214e+00
4.683052300657330846e+01,6.847741751742735694e+00
4.685052872249214317e+01,6.655878522031905220e+00
4.687053443841097788e+01,6.576161100468018716e+00
4.689054015432981259e+01,6.618881112537171596e+00
4.691054587024864730e+01,6.503349007372544399e+00
4.693055158616748201e+01,6.583738935172377182e+00
4.695055730208630962e+01,6.303548514804616865e+00
4.697056301800514433e+01,6.353755880006618284e+00
4.699056873392397904e+01,6.927641506319101694e+00
4.701057444984281375e+01,6.562651399560604837e+00
4.703058016576164846e+01,6.131173376952983034e+00
4.705058588168048317e+01,6.133012226327979377e+00
4.707059159759931788e+01,7.031632835562083628e+00
4.709059731351815259e+01,6.404955476044133178e+00
4.711060302943698730e+01,6.299047800867894509e+00
4.713060874535581490e+01,6.448467937980643327e+00
4.715061446127464961e+01,6.118715396859134792e+00
4.717062017719348432e+01,6.282210939953630557e+00
4.719062589311231903e+01,6.440848165352236698e+00
4.721063160903115374e+01,5.664138624714711412e+00
4.723063732494998845e+01,5.640289139868444046e+00
4.725064304086882316e+01,6.069510758822028507e+00
4.727064875678765787e+01,5.945115305114059723e+00
4.729065447270649258e+01,5.938120521012526076e+00
4.731066018862532019e+01,5.960683806778781957e+00
4.733066590454415490e+01,5.988594752591318127e+00
4.735067162046298961e+01,5.943363552650213322e+00
4.737067733638182432e+01,5.976784160295801840e+00
4.739068305230065903e+01,5.506910975330395530e+00
4.741068876821949374e+01,5.908431982659976711e+00
4.743069448413832845e+01,5.464942495214381246e+00
4.745070020005716316e+01,5.827079646118042078e+00
4.747070591597599787e+01,5.798774070900606148e+00
4.749071163189483258e+01,6.098460098009540253e+00
4.751071734781366018e+01,5.922561421117985780e+00
4.753072306373249489e+01,6.663588295041584786e+00
4.755072877965132960e+01,5.934480883801342088e+00
4.757073449557016431e+01,5.503665242744329333e+00
4.759074021148899902e+01,5.451039492750382465e+00
4.761074592740783373e+01,6.200524042148572335e+00
4.763075164332666844e+01,6.348170504381759116e+00
4.765075735924550315e+01,5.790913786580686562e+00
4.767076307516433786e+01,6.657454640458835726e+00
4.769076879108316547e+01,5.782399769911287457e+00
4.771077450700200018e+01,6.025587475874534249e+00
4.773078022292083489e+01,5.993347621616749166e+00
4.775078593883966960e+01,6.138633130724286957e+00
4.777079165475850431e+01,5.951012498485754421e+00
4.779079737067733902e+01,5.714195136064050828e+00
4.781080308659617373e+01,6.862246500095340984e+00
4.783080880251500844e+01,6.506829689365139835e+00
4.785081451843384315e+01,6.971330691518278222e+00
4.787082023435267075e+01,7.042256696870687449e+00
4.789082595027150546e+01,7.056546879564391972e+00
4.791083166619034017e+01,7.710956382050927260e+00
4.793083738210917488e+01,7.797603821684701231e+00
4.795084309802800959e+01,8.007037954724843587e+00
4.797084881394684430e+01,8.634480570085022677e+00
4.799085452986567901e+01,8.329811169012739214e+00
4.801086024578451372e+01,9.076766542524262960e+00
4.803086596170334843e+01,9.536886751519695338e+00
4.805087167762218314e+01,9.968139898732106374e+00
4.807087739354101075e+01,1.083596696385465563e+01
4.809088310945984546e+01,1.027250191353421727e+01
4.811088882537868017e+01,1.100618353770404312e+01
4.813089454129751488e+01,1.191692555559976974e+01
4.815090025721634959e+01,1.128041829999908074e+01
4.817090597313518430e+01,1.216407168003057926e+01
4.819091168905401901e+01,1.352759916393778639e+01
4.821091740497285372e+01,1.368672496434355779e+01
4.823092312089168843e+01,1.465566522020963447e+01
4.825092883681051603e+01,1.352132401479629031e+01
4.827093455272935074e+01,1.356411466238751018e+01
4.829094026864818545e+01,1.444462578947755205e+01
4.831094598456702016e+01,1.469770339173818563e+01
4.833095170048585487e+01,1.504799588004229527e+01
4.835095741640468958e+01,1.413530170827617027e+01
4.837096313232352429e+01,1.327689103817942851e+01
4.839096884824235900e+01,1.330494977854067784e+01
4.841097456416119371e+01,1.277298389508822751e+01
4.843098028008002842e+01,1.213219128681726566e+01
4.845098599599885603e+01,1.172942477869519884e+01
4.847099171191769074e+01,1.137706697518749266e+01
4.849099742783652545e+01,1.031802750895189469e+01
4.851100314375536016e+01,1.088804003218830729e+01
4.853100885967419487e+01,1.020330742768454257e+01
4.855101457559302958e+01,1.012107041373021232e+01
4.857102029151186429e+01,9.843128230798278366e+00
4.859102600743069900e+01,1.001945123572744478e+01
4.861103172334953371e+01,9.968786546732673060e+00
4.863103743926836131e+01,9.236526775043243376e+00
4.865104315518719602e+01,9.137965760352457778e+00
4.867104887110603073e+01,9.673479669442297535e+00
4.869105458702486544e+01,9.533828032299332733e+00
4.871106030294370015e+01,9.464747309451023938e+00
4.873106601886253486e+01,9.963077892278361603e+00
4.875107173478136957e+01,9.121588743529827070e+00
4.877107745070020428e+01,9.339869613476718513e+00
4.879108316661903899e+01,8.754893902176791087e+00
4.881108888253786660e+01,8.773800246662528224e+00
4.883109459845670131e+01,8.656011638179522905e+00
4.885110031437553602e+01,7.646991141182024165e+00
4.887110603029437073e+01,7.417430429159484362e+00
4.889111174621320544e+01,7.395629693677987504e+00
4.891111746213204015e+01,7.286019942246394265e+00
4.893112317805087486e+01,7.453866493211780409e+00
4.895112889396970957e+01,6.437464569550858329e+00
4.897113460988854428e+01,6.659153578571478604e+00
4.899114032580737899e+01,6.817187559176115741e+00
4.901114604172620659e+01,6.373525629935965497e+00
4.903115175764504130e+01,6.066859765808954030e+00
4.905115747356387601e+01,5.527438203696757313e+00
4.907116318948271072e+01,5.527351442051278596e+00
4.909116890540154543e+01,5.877514118965333267e+00
4.911117462132038014e+01,6.081079676742861650e+00
4.913118033723921485e+01,6.260254868198922296e+00
4.915118605315804956e+01,6.158100127142571267e+00
4.917119176907688427e+01,5.931726915782240539e+00
4.919119748499571187e+01,6.367084508026723988e+00
4.921120320091454658e+01,5.859880292082821462e+00
4.923120891683338129e+01,5.832593506787266513e+00
4.925121463275221600e+01,6.217497481669867376e+00
4.927122034867105071e+01,5.449361321948878789e+00
4.929122606458988542e+01,6.342342905232843719e+00
4.931123178050872014e+01,5.704201362436382539e+00
4.933123749642755485e+01,6.019442484275050020e+00
4.935124321234638956e+01,5.359219064431069768e+00
4.937124892826522427e+01,6.123942572382109262e+00
4.939125464418405187e+01,5.182815491917430961e+00
4.941126036010288658e+01,5.425885868180540861e+00
4.943126607602172129e+01,6.068138341948999148e+00
4.945127179194055600e+01,5.469608591137407494e+00
4.947127750785939071e+01,5.568998885814368194e+00
4.949128322377822542e+01,5.325939668788091552e+00
4.951128893969706013e+01,5.377655065916123078e+00
4.953129465561589484e+01,5.138519653254170372e+00
4.955130037153472955e+01,5.967825203076345453e+00
4.957130608745355715e+01,5.766925809953069582e+00
4.959131180337239186e+01,5.781657256556037794e+00
4.961131751929122657e+01,5.712194363909949502e+00
4.963132323521006128e+01,5.426235940216752596e+00
4.965132895112889599e+01,5.840777123900785739e+00
4.967133466704773070e+01,6.105764778277526617e+00
4.969134038296656541e+01,5.540938133206395833e+00
4.971134609888540012e+01,6.299813921041117482e+00
4.973135181480423483e+01,5.737583860224483523e+00
4.975135753072306244e+01,5.304944134909145959e+00
4.977136324664189715e+01,5.940226995081495431e+00
4.979136896256073186e+01,5.884951118563429340e+00
4.981137467847956657e+01,5.452672937341891846e+00
4.983138039439840128e+01,5.613430383621132336e+00
4.985138611031723599e+01,6.352588297870521039e+00
4.987139182623607070e+01,6.244178967252505430e+00
4.989139754215490541e+01,5.778236676769738622e+00
4.991140325807374012e+01,5.789602108001506764e+00
4.993140897399257483e+01,6.651694771136101636e+00
4.995141468991140243e+01,6.360004009038670247e+00
4.997142040583023714e+01,6.225052343935999488e+00
4.999142612174907185e+01,6.307608780361657175e+00
5.001143183766790656e+01,5.674449651777264236e+00
5.003143755358674127e+01,6.070230965430159387e+00
5.005144326950557598e+01,6.282482900284562355e+00
5.007144898542441069e+01,6.397876610536041397e+00
5.009145470134324540e+01,6.232486842535879035e+00
5.011146041726208011e+01,6.205430015590906123e+00
5.013146613318090772e+01,6.113126065209256943e+00
5.015147184909974243e+01,5.801452339792438906e+00
5.017147756501857714e+01,6.472975513135971859e+00
5.019148328093741185e+01,6.465803250409392966e+00
5.021148899685624656e+01,7.161019101975350409e+00
5.023149471277508127e+01,6.285779719946299693e+00
5.025150042869391598e+01,6.206077054995164488e+00
5.027150614461275069e+01,6.702208951583227936e+00
5.029151186053158540e+01,6.958711481849846336e+00
5.031151757645042011e+01,6.813377683177543886e+00
5.033152329236924771e+01,6.653728468856559886e+00
5.035152900828808242e+01,6.573370871615431987e+00
5.037153472420691713e+01,6.831300483084227437e+00
5.039154044012575184e+01,6.851669592111772289e+00
5.041154615604458655e+01,6.342967480545098624e+00
5.043155187196342126e+01,6.603577931518774591e+00
5.045155758788225597e+01,7.066515680471473715e+00
5.047156330380109068e+01,6.884579491882219848e+00
5.049156901971992539e+01,6.984067028737777960e+00
5.051157473563875300e+01,7.399760606212209879e+00
5.053158045155758771e+01,7.350534776678419036e+00
5.055158616747642242e+01,7.199956112682918352e+00
5.057159188339525713e+01,7.478527538154147614e+00
5.059159759931409184e+01,6.858547233254616238e+00
5.061160331523292655e+01,6.635239249568093634e+00
5.063160903115176126e+01,6.595303180775108132e+00
5.065161474707059597e+01,7.047157920571780920e+00
5.067162046298943068e+01,7.240056141822581282e+00
5.069162617890825828e+01,6.674938129568097622e+00
5.071163189482709299e+01,6.737961305516216193e+00
5.073163761074592770e+01,6.941344098679273600e+00
5.075164332666476241e+01,6.853404207184619068e+00
5.077164904258359712e+01,6.747825086855526067e+00
5.079165475850243183e+01,6.736753796207393563e+00
5.081166047442126654e+01,6.355637005291566943e+00
5.083166619034010125e+01,6.617148020469531211e+00
5.085167190625893596e+01,6.896321340470917605e+00
5.087167762217777067e+01,6.482218052373484696e+00
5.089168333809659828e+01,6.458929691014454022e+00
5.091168905401543299e+01,6.731992951291369209e+00
5.093169476993426770e+01,6.265676633904242898e+00
5.095170048585310241e+01,6.360127753957907970e+00
5.097170620177193712e+01,5.902424025042096289e+00
5.099171191769077183e+01,5.957916526848183736e+00
5.101171763360960654e+01,6.201007882061721155e+00
5.103172334952844125e+01,5.917255580569142026e+00
5.105172906544727596e+01,6.006964319175971845e+00
5.107173478136610356e+01,5.858346462773257102e+00
5.109174049728493827e+01,5.632511236417657052e+00
5.111174621320377298e+01,6.333910597269150067e+00
5.113175192912260769e+01,6.399832893655114319e+00
5.115175764504144240e+01,5.226000202080034462e+00
5.117176336096027711e+01,6.214709764446006091e+00
5.119176907687911182e+01,6.335532641120988906e+00
5.121177479279794653e+01,5.392424351672003624e+00
5.123178050871678124e+01,5.515711258785726656e+00
5.125178622463561595e+01,5.818158670925969389e+00
5.127179194055444356e+01,5.458642825720033898e+00
5.129179765647327827e+01,5.394928926148180537e+00
5.131180337239211298e+01,6.033817618321558385e+00
5.133180908831094769e+01,5.417632187541652655e+00
5.135181480422978240e+01,5.503903922640782653e+00
5.137182052014861711e+01,5.575689663696567600e+00
5.139182623606745182e+01,5.857402388308092789e+00
5.141183195198628653e+01,4.998039172006295772e+00
5.143183766790512124e+01,6.061789609846755411e+00
5.145184338382394884e+01,5.646945608882307788e+00
5.147184909974278355e+01,5.952637190907758225e+00
5.149185481566161826e+01,4.964708811633265384e+00
5.151186053158045297e+01,6.048392940603314116e+00
5.153186624749928768e+01,5.192785526560355081e+00
5.155187196341812239e+01,5.313409381724811809e+00
5.157187767933695710e+01,5.813174297777216282e+00
5.159188339525579181e+01,5.380254806223629060e+00
5.161188911117462652e+01,6.372197231915536442e+00
5.163189482709345413e+01,5.505874380560161541e+00
5.165190054301228884e+01,5.504508914963891719e+00
5.167190625893112355e+01,5.618443949172648999e+00
5.169191197484995826e+01,5.595703994141475235e+00
5.171191769076879297e+01,5.776569452554188189e+00
5.173192340668762768e+01,6.003206438826209634e+00
5.175192912260646239e+01,5.566210828114362741e+00
5.177193483852529710e+01,5.465230961737342241e+00
5.179194055444413181e+01,5.708782221867892304e+00
5.181194627036296652e+01,6.026717909200810297e+00
5.183195198628179412e+01,6.537676138845590401e+00
5.185195770220062883e+01,6.421118687064831576e+00
5.187196341811946354e+01,6.621306579557364458e+00
5.189196913403829825e+01,6.206216763754628829e+00
5.191197484995713296e+01,5.470697742272562891e+00
5.193198056587596767e+01,6.044006297645469594e+00
5.195198628179480238e+01,6.555659213547834874e+00
5.197199199771363709e+01,6.134104216092172379e+00
5.199199771363247180e+01,6.761248578119662511e+00
5.201200342955129940e+01,5.556824992505038807e+00
5.203200914547013411e+01,6.574676376464682725e+00
5.205201486138896882e+01,6.119448447268574398e+00
5.207202057730780353e+01,5.818289803173893660e+00
5.209202629322663824e+01,6.310817239106190968e+00
5.211203200914547295e+01,5.781930915396218396e+00
5.213203772506430766e+01,6.396234857576784449e+00
5.215204344098314237e+01,6.387464643961550337e+00
5.217204915690197708e+01,6.194678300067657517e+00
5.219205487282081180e+01,6.357214459041728105e+00
5.221206058873963940e+01,6.421850405755037627e+00
5.223206630465847411e+01,6.100490851614293497e+00
5.225207202057730882e+01,6.593429248567063361e+00
5.227207773649614353e+01,7.573214286663033867e+00
5.229208345241497824e+01,7.820830660599398243e+00
5.231208916833381295e+01,7.354095774909282568e+00
5.233209488425264766e+01,7.920140733614877249e+00
5.235210060017148237e+01,8.043039919531791426e+00
5.237210631609031708e+01,8.046320255702797297e+00
5.239211203200914468e+01,8.032903174474164132e+00
5.241211774792797939e+01,8.696848779250975880e+00
5.243212346384681410e+01,8.091203327737769513e+00
5.245212917976564881e+01,8.701821777813155023e+00
5.247213489568448352e+01,9.116841893656541629e+00
5.249214061160331823e+01,9.201458884271541905e+00
5.251214632752215294e+01,9.604169736931917001e+00
5.253215204344098765e+01,9.686534913809477843e+00
5.255215775935982236e+01,9.991391738369575393e+00
5.257216347527864997e+01,9.293762826817168587e+00
5.259216919119748468e+01,9.784607650891558706e+00
5.261217490711631939e+01,9.113226132607945118e+00
5.263218062303515410e+01,9.183570616469840076e+00
5.265218633895398881e+01,1.001600770672858154e+01
5.267219205487282352e+01,8.409533620425401423e+00
5.269219777079165823e+01,8.793399423868017095e+00
5.271220348671049294e+01,9.289609052485424456e+00
5.273220920262932765e+01,8.443258121412725359e+00
5.275221491854816236e+01,8.554479389530094124e+00
5.277222063446698996e+01,7.789878305824892379e+00
5.279222635038582467e+01,7.665291624928380010e+00
5.281223206630465938e+01,7.704875990512576323e+00
5.283223778222349409e+01,7.505573158537598211e+00
5.285224349814232880e+01,7.326474366962205664e+00
5.287224921406116351e+01,6.978487635430744795e+00
5.289225492997999822e+01,6.880135170812913259e+00
5.291226064589883293e+01,6.827580460311450494e+00
5.293226636181766764e+01,6.419003043819877519e+00
5.295227207773649525e+01,6.361858257206279177e+00
5.297227779365532996e+01,6.910390634975692947e+00
5.299228350957416467e+01,6.420262012740193924e+00
5.301228922549299938e+01,6.672421360978718852e+00
5.303229494141183409e+01,6.255518678266403398e+00
5.305230065733066880e+01,5.921798016808856424e+00
5.307230637324950351e+01,6.530404775647610904e+00
5.309231208916833822e+01,6.003349160726338951e+00
5.311231780508717293e+01,5.695160351783902009e+00
5.313232352100600764e+01,6.061564617260128074e+00
5.315232923692483524e+01,6.441001958879235545e+00
5.317233495284366995e+01,5.339405122188670916e+00
5.319234066876250466e+01,5.712803726856181541e+00
5.321234638468133937e+01,6.169118882436654516e+00
5.323235210060017408e+01,6.104953423707902616e+00
5.325235781651900879e+01,6.014688904763492161e+00
5.327236353243784350e+01,5.848580714252909374e+00
5.329236924835667821e+01,5.045333231914307603e+00
5.331237496427551292e+01,6.133079189045735902e+00
5.333238068019434053e+01,6.617661657479088078e+00
5.335238639611317524e+01,5.899807035192649707e+00
5.337239211203200995e+01,6.584660490759517870e+00
5.339239782795084466e+01,5.639653725125441497e+00
5.341240354386967937e+01,5.908728087749361535e+00
5.343240925978851408e+01,6.388397629363891106e+00
5.345241497570734879e+01,5.631608043711929135e+00
5.347242069162618350e+01,5.522960595501009706e+00
5.349242640754501821e+01,6.427790403009678855e+00
5.351243212346384581e+01,6.535119341713588881e+00
5.353243783938268052e+01,6.392473888592055786e+00
5.355244355530151523e+01,6.937356599743907282e+00
5.357244927122034994e+01,6.060621955756780643e+00
5.359245498713918465e+01,6.646422526664062858e+00
5.361246070305801936e+01,6.967149937078656485e+00
5.363246641897685407e+01,7.025250358832147768e+00
5.365247213489568878e+01,6.760378491760211439e+00
5.367247785081452349e+01,7.131308257685951446e+00
5.369248356673335820e+01,7.563587850062424955e+00
5.371248928265218581e+01,7.191602036808788512e+00
5.373249499857102052e+01,7.791805162965632192e+00
5.375250071448985523e+01,7.840593922708594121e+00
5.377250643040868994e+01,8.046630352353908222e+00
5.379251214632752465e+01,8.682886029620627610e+00
5.381251786224635936e+01,8.115792548119944883e+00
5.383252357816519407e+01,8.173834355349171688e+00
5.385252929408402878e+01,9.216654509908341453e+00
5.387253501000286349e+01,8.494394924299808025e+00
5.389254072592169109e+01,8.649429057191834858e+00
5.391254644184052580e+01,8.903787494191293561e+00
5.393255215775936051e+01,9.092069612288657510e+00
5.395255787367819522e+01,8.486016903771126607e+00
5.397256358959702993e+01,8.698857835172960407e+00
5.399256930551586464e+01,8.919323159390316391e+00
5.401257502143469935e+01,8.936207720275069377e+00
5.403258073735353406e+01,8.969756381759545150e+00
5.405258645327236877e+01,8.835452968743787494e+00
5.407259216919120348e+01,9.460060380724103268e+00
5.409259788511003109e+01,9.209145205699428516e+00
5.411260360102886580e+01,9.573118006642637567e+00
5.413260931694770051e+01,9.095604529734433896e+00
5.415261503286653522e+01,9.121717783947296709e+00
5.417262074878536993e+01,9.233882660610500892e+00
5.419262646470420464e+01,8.964723961793673368e+00
5.421263218062303935e+01,9.348775128940445711e+00
5.423263789654187406e+01,8.646632036911514163e+00
5.425264361246070877e+01,8.854024189037268400e+00
5.427264932837953637e+01,9.547041360941399546e+00
5.429265504429837108e+01,9.455923266920853720e+00
5.431266076021720579e+01,8.573295560195710152e+00
5.433266647613604050e+01,8.277051720034705795e+00
5.435267219205487521e+01,8.573446838438687934e+00
5.437267790797370992e+01,8.567776838627551683e+00
5.439268362389254463e+01,8.063462368068543995e+00
5.441268933981137934e+01,8.642673484944468854e+00
5.443269505573021405e+01,7.909262019658521936e+00
5.445270077164904166e+01,8.105261203892411004e+00
5.447270648756787637e+01,7.303079370517272295e+00
5.449271220348671108e+01,7.341469749347555585e+00
5.451271791940554579e+01,6.885330020159809550e+00
5.453272363532438050e+01,7.542209223853210354e+00
5.455272935124321521e+01,6.233604329475554096e+00
5.457273506716204992e+01,6.573894312343739443e+00
5.459274078308088463e+01,6.229124619616793979e+00
5.461274649899971934e+01,5.591275165306674566e+00
5.463275221491855405e+01,6.218222229001492352e+00
5.465275793083738165e+01,5.589915392305766062e+00
5.467276364675621636e+01,6.261445966135891439e+00
5.469276936267505107e+01,5.775480522924828719e+00
5.471277507859388578e+01,5.914499635427107549e+00
5.473278079451272049e+01,5.115243085144102864e+00
5.475278651043155520e+01,5.972032247174870356e+00
5.477279222635038991e+01,5.739023048312668962e+00
5.479279794226922462e+01,5.553247719466087418e+00
5.481280365818805933e+01,6.310541429586940865e+00
5.483280937410688693e+01,6.168326913089427599e+00
5.485281509002572164e+01,5.553839493554059814e+00
5.487282080594455635e+01,6.273835112005791359e+00
5.489282652186339106e+01,6.529916910160603827e+00
5.491283223778222577e+01,5.314702809166798048e+00
5.493283795370106048e+01,6.299309797203134664e+00
5.495284366961989519e+01,5.655217385848189338e+00
5.497284938553872990e+01,5.851545470893267265e+00
5.499285510145756461e+01,6.162310326305350472e+00
5.501286081737639222e+01,5.347369337663492317e+00
5.503286653329522693e+01,5.705157194993381253e+00
5.505287224921406164e+01,5.215542094635113202e+00
5.507287796513289635e+01,5.823118452617128682e+00
5.509288368105173106e+01,5.565190583774352717e+00
5.511288939697056577e+01,5.502335262255224180e+00
5.513289511288940048e+01,5.908042458885910619e+00
5.515290082880823519e+01,6.165684324193643207e+00
5.517290654472706990e+01,6.142663536431568261e+00
5.519291226064590461e+01,5.363578912553404798e+00
5.521291797656473221e+01,5.281401297506059578e+00
5.523292369248356692e+01,5.905511013964680700e+00
5.525292940840240163e+01,5.830547728482919467e+00
5.527293512432123634e+01,6.155818825761539159e+00
5.529294084024007105e+01,5.239855683009647436e+00
5.531294655615890576e+01,5.995995874039384610e+00
5.533295227207774047e+01,6.052717673467875592e+00
5.535295798799657518e+01,5.037585311626942008e+00
5.537296370391540989e+01,6.037442880094424424e+00
5.539296941983423750e+01,5.503512156654302601e+00
5.541297513575307221e+01,5.400458947385239128e+00
5.543298085167190692e+01,6.038707230344837917e+00
5.545298656759074163e+01,5.603646202525736086e+00
5.547299228350957634e+01,6.123425257412576705e+00
5.549299799942841105e+01,6.148440621558881602e+00
5.551300371534724576e+01,6.150721680887104803e+00
5.553300943126608047e+01,6.067163730570497293e+00
5.555301514718491518e+01,5.909850827714015153e+00
5.557302086310374989e+01,5.987223026011740501e+00
5.559302657902257749e+01,5.208866706273541425e+00
5.561303229494141220e+01,5.444859940736846760e+00
5.563303801086024691e+01,5.822872765605259460e+00
5.565304372677908162e+01,5.300349057367769845e+00
5.567304944269791633e+01,5.542201442760251950e+00
5.569305515861675104e+01,5.284435378580866427e+00
5.571306087453558575e+01,5.206232380692086714e+00
5.573306659045442046e+01,5.191145793780954421e+00
5.575307230637325517e+01,5.267875162963032487e+00
5.577307802229208278e+01,5.094032282025198199e+00
5.579308373821091749e+01,5.280537771158525295e+00
5.581308945412975220e+01,5.661982054122359997e+00
5.583309517004858691e+01,5.518127090982265948e+00
5.585310088596742162e+01,6.113022517851851134e+00
5.587310660188625633e+01,6.110700340313975687e+00
5.589311231780509104e+01,6.422915164463304905e+00
5.591311803372392575e+01,6.148070271754615845e+00
5.593312374964276046e+01,6.822696706803705879e+00
5.595312946556158806e+01,6.232430408095739338e+00
5.597313518148042277e+01,5.860832745204089811e+00
5.599314089739925748e+01,6.212698244047453855e+00
5.601314661331809219e+01,5.783459874873882356e+00
5.603315232923692690e+01,5.759162302273821865e+00
5.605315804515576161e+01,5.945864436747582360e+00
5.607316376107459632e+01,6.477559892336255842e+00
5.609316947699343103e+01,7.095257136161766454e+00
5.611317519291226574e+01,6.882786271379855769e+00
5.613318090883110045e+01,7.443993179069622990e+00
5.615318662474992806e+01,6.687053637928341843e+00
5.617319234066876277e+01,6.912136603274888103e+00
5.619319805658759748e+01,7.047579295441553704e+00
5.621320377250643219e+01,7.384566558121207436e+00
5.623320948842526690e+01,7.054599697452516693e+00
5.625321520434410161e+01,6.198943253284610932e+00
5.627322092026293632e+01,6.202567236717147381e+00
5.629322663618177103e+01,7.417429058590241375e+00
5.631323235210060574e+01,6.928544399690843569e+00
5.633323806801943334e+01,7.084952137298889951e+00
5.635324378393826805e+01,7.651525982006374349e+00
5.637324949985710276e+01,6.687375670903405123e+00
5.639325521577593747e+01,6.784972286886871373e+00
5.641326093169477218e+01,6.180113805425091478e+00
5.643326664761360689e+01,6.817514635814033497e+00
5.645327236353244160e+01,7.195910949246492549e+00
5.647327807945127631e+01,7.271168493969311086e+00
5.649328379537011102e+01,7.632002189916127222e+00
5.651328951128894573e+01,7.478276145967912569e+00
5.653329522720777334e+01,6.924547361627254816e+00
5.655330094312660805e+01,8.136528089037577516e+00
5.657330665904544276e+01,7.088807066994066375e+00
5.659331237496427747e+01,7.230542747477605836e+00
5.661331809088311218e+01,8.174710764233701354e+00
5.663332380680194689e+01,8.486440037060042130e+00
5.665332952272078160e+01,7.839004073593279998e+00
5.667333523863961631e+01,7.508598911168363976e+00
5.669334095455845102e+01,7.808279705433719187e+00
5.671334667047727862e+01,7.201346431694163996e+00
5.673335238639611333e+01,8.134356760763045813e+00
5.675335810231494804e+01,7.602925492386480855e+00
5.677336381823378275e+01,7.224212295627339131e+00
5.679336953415261746e+01,7.419995195614371930e+00
5.681337525007145217e+01,6.948814673926021257e+00
5.683338096599028688e+01,7.067408718444905702e+00
5.685338668190912159e+01,7.355928938306119491e+00
5.687339239782795630e+01,6.826168153205296463e+00
5.689339811374678391e+01,6.852325266078352684e+00
5.691340382966561862e+01,7.404935765752037824e+00
5.693340954558445333e+01,6.433889101349050677e+00
5.695341526150328804e+01,6.706160375107920402e+00
5.697342097742212275e+01,6.146999618397105181e+00
5.699342669334095746e+01,5.837254518747998944e+00
5.701343240925979217e+01,5.604167562629561061e+00
5.703343812517862688e+01,6.246159304185921357e+00
5.705344384109746159e+01,6.037015315188449804e+00
5.707344955701629630e+01,6.570752816309353150e+00
5.709345527293512390e+01,5.428904890750363421e+00
5.711346098885395861e+01,5.210136191205658740e+00
5.713346670477279332e+01,6.506003000742627052e+00
5.715347242069162803e+01,6.073453326404072428e+00
5.717347813661046274e+01,5.676478684246776041e+00
5.719348385252929745e+01,5.700400106811772005e+00
5.721348956844813216e+01,6.511174601605093315e+00
5.723349528436696687e+01,5.993935150107290610e+00
5.725350100028580158e+01,6.067446119278930183e+00
5.727350671620462919e+01,5.735480678844174562e+00
5.729351243212346390e+01,6.084662208489191038e+00
5.731351814804229861e+01,5.689588879199857452e+00
5.733352386396113332e+01,5.715923221443815372e+00
5.735352957987996803e+01,5.894461770721182603e+00
5.737353529579880274e+01,5.094100090734004382e+00
5.739354101171763745e+01,5.967523642426735719e+00
5.741354672763647216e+01,6.430173337465809880e+00
5.743355244355530687e+01,6.194758186027446101e+00
5.745355815947414158e+01,5.789289942394688637e+00
5.747356387539296918e+01,5.912164953249613220e+00
5.749356959131180389e+01,6.174970849852336130e+00
5.751357530723063860e+01,5.585239371947019471e+00
5.753358102314947331e+01,5.004577977883716500e+00
5.755358673906830802e+01,6.460637346320692309e+00
5.757359245498714273e+01,5.718674539785050470e+00
5.759359817090597744e+01,6.777652683379060683e+00
5.761360388682481215e+01,6.726536792381017094e+00
5.763360960274364686e+01,6.066323195331358775e+00
5.765361531866247446e+01,5.798434890365335548e+00
5.767362103458130917e+01,6.748861830191973610e+00
5.769362675050014388e+01,5.830752262457933988e+00
5.771363246641897859e+01,7.218703417436952208e+00
5.773363818233781330e+01,5.975108775657027138e+00
5.775364389825664801e+01,6.836593884905786567e+00
5.777364961417548272e+01,6.308015772806649046e+00
5.779365533009431743e+01,7.503252904058754780e+00
5.781366104601315214e+01,7.925173565195700931e+00
5.783366676193197975e+01,7.675155949870645422e+00
5.785367247785081446e+01,7.638182130340037901e+00
5.787367819376964917e+01,7.950733442047935640e+00
5.789368390968848388e+01,7.795345129282407193e+00
5.791368962560731859e+01,7.805589441591822109e+00
5.793369534152615330e+01,8.668784062057779849e+00
5.795370105744498801e+01,8.639926447962624323e+00
5.797370677336382272e+01,8.049998224313775097e+00
5.799371248928265743e+01,9.402821794493419816e+00
5.801371820520149214e+01,9.110116670112990533e+00
5.803372392112031974e+01,8.409059471533630870e+00
5.805372963703915445e+01,8.187213255114341948e+00
5.807373535295798916e+01,8.443489357443233700e+00
5.809374106887682387e+01,8.104312889171440659e+00
5.811374678479565858e+01,8.039630123340170798e+00
5.813375250071449329e+01,7.905765621877314686e+00
5.815375821663332800e+01,7.995908392245580032e+00
5.817376393255216271e+01,7.448200255891055832e+00
5.819376964847099742e+01,7.548254887272006997e+00
5.821377536438982503e+01,6.938295206221218869e+00
5.823378108030865974e+01,6.558666916412787984e+00
5.825378679622749445e+01,6.534879652648685422e+00
5.827379251214632916e+01,6.996026589731597412e+00
5.829379822806516387e+01,6.078525674178715477e+00
5.831380394398399858e+01,6.029734619220983305e+00
5.833380965990283329e+01,6.485119331129515885e+00
5.835381537582166800e+01,5.810048967885929727e+00
5.837382109174050271e+01,5.995726932673260734e+00
5.839382680765933742e+01,6.274138446332040431e+00
5.841383252357816502e+01,5.837570279254684635e+00
5.843383823949699973e+01,6.273341904263556756e+00
5.845384395541583444e+01,5.963306841073611864e+00
5.847384967133466915e+01,5.837851080416946559e+00
5.849385538725350386e+01,5.443108323357357392e+00
5.851386110317233857e+01,5.650428207782404399e+00
5.853386681909117328e+01,5.853430472688319952e+00
5.855387253501000799e+01,5.510651978743378976e+00
5.857387825092884270e+01,5.614992346093508502e+00
5.859388396684767031e+01,5.590124078961913767e+00
5.861388968276650502e+01,5.585973102962142889e+00
5.863389539868533973e+01,5.734014606880450060e+00
5.865390111460417444e+01,5.723795853113803567e+00
5.867390683052300915e+01,5.998915685340922010e+00
5.869391254644184386e+01,5.358504276076008210e+00
5.871391826236067857e+01,6.244660526260881639e+00
5.873392397827951328e+01,5.604502649246505541e+00
5.875392969419834799e+01,6.513976442457559024e+00
5.877393541011717559e+01,5.903474687634447271e+00
5.879394112603601030e+01,5.472850367383571779e+00
5.881394684195484501e+01,5.461043755135252198e+00
5.883395255787367972e+01,6.127852851898081710e+00
5.885395827379251443e+01,6.140446226761664406e+00
5.887396398971134914e+01,6.027630317104893720e+00
5.889396970563018385e+01,5.291627073221906841e+00
5.891397542154901856e+01,5.337281874213112509e+00
5.893398113746785327e+01,6.624487084886300003e+00
5.895398685338668798e+01,5.657791578714228109e+00
5.897399256930551559e+01,5.901687219413242147e+00
5.899399828522435030e+01,5.649291199081266868e+00
5.901400400114318501e+01,5.530509807610958006e+00
5.903400971706201972e+01,5.970941899439644374e+00
5.905401543298085443e+01,5.435134759189296894e+00
5.907402114889968914e+01,5.679372055343755221e+00
5.909402686481852385e+01,5.710021198946005683e+00
5.911403258073735856e+01,6.054514065777812704e+00
5.913403829665619327e+01,6.063280383184375566e+00
5.915404401257502087e+01,5.328277476334486451e+00
5.917404972849385558e+01,6.051515270151467618e+00
5.919405544441269029e+01,6.015577873749042404e+00
5.921406116033152500e+01,6.489460887938920841e+00
5.923406687625035971e+01,5.939940195035202208e+00
5.925407259216919442e+01,5.868947642868686643e+00
5.927407830808802913e+01,6.592370202480704933e+00
5.929408402400686384e+01,7.281071276227020661e+00
5.931408973992569855e+01,7.005612431777398896e+00
5.933409545584453326e+01,6.517884484051865712e+00
5.935410117176336087e+01,7.574701444901252856e+00
5.937410688768219558e+01,7.130675954479229972e+00
5.939411260360103029e+01,6.870281470019538261e+00
5.941411831951986500e+01,7.204239823741461990e+00
5.943412403543869971e+01,7.879033702821162777e+00
5.945412975135753442e+01,8.183225491470054180e+00
5.947413546727636913e+01,7.721831568452198979e+00
5.949414118319520384e+01,8.797563828847547285e+00
5.951414689911403855e+01,7.732244281707849609e+00
5.953415261503286615e+01,8.911446019296755949e+00
5.955415833095170086e+01,8.335394971571064460e+00
5.957416404687053557e+01,8.289939119571494430e+00
5.959416976278937028e+01,8.364493525614911107e+00
5.961417547870820499e+01,7.457104042687582535e+00
5.963418119462703970e+01,7.906464269664706279e+00
5.965418691054587441e+01,7.936855586090888259e+00
5.967419262646470912e+01,8.157380667446538780e+00
5.969419834238354383e+01,7.938902138508469264e+00
5.971420405830237144e+01,7.964534248976192998e+00
5.973420977422120615e+01,7.470346830588432852e+00
5.975421549014004086e+01,7.322833614154611759e+00
5.977422120605887557e+01,8.006541290119603360e+00
5.979422692197771028e+01,7.786265368003336462e+00
5.981423263789654499e+01,8.696428179871617203e+00
5.983423835381537970e+01,8.549189719548042632e+00
5.985424406973421441e+01,8.708053097519711017e+00
5.987424978565304912e+01,9.114881758204752771e+00
5.989425550157188383e+01,8.989197514129021016e+00
5.991426121749071143e+01,9.814658187906280418e+00
5.993426693340954614e+01,9.833472762621315866e+00
5.995427264932838085e+01,9.504451718565675833e+00
5.997427836524721556e+01,9.965197854108701847e+00
5.999428408116605027e+01,1.079810465874052383e+01
6.001428979708488498e+01,1.128732969756635818e+01
6.003429551300371969e+01,1.074392373066605799e+01
6.005430122892255440e+01,1.026275119977015393e+01
6.007430694484138911e+01,1.028338606068364136e+01
6.009431266076021672e+01,1.080844190878071664e+01
6.011431837667905143e+01,9.651278304020134868e+00
6.013432409259788614e+01,9.573327157267232934e+00
6.015432980851672085e+01,9.748396931423620515e+00
6.017433552443555556e+01,8.800187048732276196e+00
6.019434124035439027e+01,8.104940631479497171e+00
6.021434695627322498e+01,8.487933132157072791e+00
6.023435267219205969e+01,8.444011059034094657e+00
6.025435838811089440e+01,6.880070866659444562e+00
6.027436410402972911e+01,7.082994771556608171e+00
6.029436981994855671e+01,7.274005529106007728e+00
6.031437553586739142e+01,6.055289298085225980e+00
6.033438125178622613e+01,6.461296875781895821e+00
6.035438696770506084e+01,6.782241575126777278e+00
6.037439268362389555e+01,6.916475043824751090e+00
6.039439839954273026e+01,5.555073811604020584e+00
6.041440411546156497e+01,6.038470839553896852e+00
6.043440983138039968e+01,5.953827010456897995e+00
6.045441554729923439e+01,6.247486127437844594e+00
6.047442126321806199e+01,6.103346293356249674e+00
6.049442697913689670e+01,6.353974571494614310e+00
6.051443269505573141e+01,5.883017486947301755e+00
6.053443841097456612e+01,5.410119087195035092e+00
6.055444412689340083e+01,5.231933094460611500e+00
6.057444984281223554e+01,5.886914879392278976e+00
6.059445555873107025e+01,5.980470255148903291e+00
6.061446127464990496e+01,5.536299606926946559e+00
6.063446699056873967e+01,6.321560022418777791e+00
6.065447270648756728e+01,5.468287862374323183e+00
6.067447842240640199e+01,6.397844234603331515e+00
6.069448413832523670e+01,6.414285206393826932e+00
6.071448985424407141e+01,5.676522614775800335e+00
6.073449557016290612e+01,5.182695278777162073e+00
6.075450128608174083e+01,6.424064694856905788e+00
6.077450700200057554e+01,5.298393436871215556e+00
6.079451271791941025e+01,5.734004034595317378e+00
6.081451843383824496e+01,5.758602203192848989e+00
6.083452414975707967e+01,5.778873399475755512e+00
6.085452986567590727e+01,6.582222686171845361e+00
6.087453558159474198e+01,5.842033617458309180e+00
6.089454129751357669e+01,5.542008709779640441e+00
6.091454701343241140e+01,6.174606644423334068e+00
6.093455272935124611e+01,6.272448398329358632e+00
6.095455844527008082e+01,5.697515462981519008e+00
6.097456416118891553e+01,5.889352051113553088e+00
6.099456987710775024e+01,5.803496529975780582e+00
6.101457559302658495e+01,6.197636800076715247e+00
6.103458130894541256e+01,5.859375388385107186e+00
6.105458702486424727e+01,5.700536829079224432e+00
6.107459274078308198e+01,5.648570469078129541e+00
6.109459845670191669e+01,5.439622749342071018e+00
6.111460417262075140e+01,6.483882093051675177e+00
6.113460988853958611e+01,6.386292332832372409e+00
6.115461560445842082e+01,5.184654492403239168e+00
6.117462132037725553e+01,5.752712612758992705e+00
6.119462703629609024e+01,5.390409774361179629e+00
6.121463275221492495e+01,6.622612079393952911e+00
6.123463846813375255e+01,5.336621538540434528e+00
6.125464418405258726e+01,5.874919598303606882e+00
6.127464989997142197e+01,6.216694483386376646e+00
6.129465561589025668e+01,5.791871525744863192e+00
6.131466133180909139e+01,5.405511095631347018e+00
6.133466704772792610e+01,5.969493749104504587e+00
6.135467276364676081e+01,5.520322363353485251e+00
6.137467847956559552e+01,5.079677930004296904e+00
6.139468419548443023e+01,5.679996575504192791e+00
6.141468991140325784e+01,5.408471606407434962e+00
6.143469562732209255e+01,6.024654465383463275e+00
6.145470134324092726e+01,5.845103972373870249e+00
6.147470705915976197e+01,5.312862837770357061e+00
6.149471277507859668e+01,6.231823059747453541e+00
6.151471849099743139e+01,5.793272791791541643e+00
6.153472420691626610e+01,6.680475599745300030e+00
6.155472992283510081e+01,5.518612121033850570e+00
6.157473563875393552e+01,5.852056670598816623e+00
6.159474135467276312e+01,5.557678503477490928e+00
6.161474707059159783e+01,5.968791647315066839e+00
6.163475278651043254e+01,6.291847134075278625e+00
6.165475850242926725e+01,6.434288982391247025e+00
6.167476421834810196e+01,6.246807544843594684e+00
6.169476993426693667e+01,7.014133679568550050e+00
6.171477565018577138e+01,7.036506523041442307e+00
6.173478136610460609e+01,6.831359994036518835e+00
6.175478708202344080e+01,6.421865101646877960e+00
6.177479279794227551e+01,6.466673872575744220e+00
6.179479851386110312e+01,7.654448529071275154e+00
6.181480422977993783e+01,7.360633553284760211e+00
6.183480994569877254e+01,7.252295011191550955e+00
6.185481566161760725e+01,7.089932100512923441e+00
6.187482137753644196e+01,7.208139324508874068e+00
6.189482709345527667e+01,7.698433134118349841e+00
6.191483280937411138e+01,7.752029706868887260e+00
6.193483852529294609e+01,7.557349031311266785e+00
6.195484424121178080e+01,7.574316536888527018e+00
6.197484995713060840e+01,8.033679307972203532e+00
6.199485567304944311e+01,8.563219432132555653e+00
6.201486138896827782e+01,7.699595731241837271e+00
6.203486710488711253e+01,8.017838712030510351e+00
6.205487282080594724e+01,7.613486354513615773e+00
6.207487853672478195e+01,7.652330209547800521e+00
6.209488425264361666e+01,7.544067103254888274e+00
6.211488996856245137e+01,8.079180721068015103e+00
6.213489568448128608e+01,7.645263815687760811e+00
6.215490140040011369e+01,6.708183070010287352e+00
6.217490711631894840e+01,6.686251413562771084e+00
6.219491283223778311e+01,7.571815130631186719e+00
6.221491854815661782e+01,7.391888656022198134e+00
6.223492426407545253e+01,7.721748218409294040e+00
6.225492997999428724e+01,6.681642857904826371e+00
6.227493569591312195e+01,7.041841727338976398e+00
6.229494141183195666e+01,6.514726395034992734e+00
6.231494712775079137e+01,7.005314175791653497e+00
6.233495284366962608e+01,6.721578972222914672e+00
6.235495855958845368e+01,7.057386431685777950e+00
6.237496427550728839e+01,6.919035367432497807e+00
6.239496999142612310e+01,7.681611062131485923e+00
6.241497570734495781e+01,6.316290788635665621e+00
6.243498142326379252e+01,6.833902516648347358e+00
6.245498713918262723e+01,6.778904631010151505e+00
6.247499285510146194e+01,6.879371503497932139e+00
6.249499857102029665e+01,7.051649429064607233e+00
6.251500428693913136e+01,6.707455325144544567e+00
6.253501000285795897e+01,6.787187288820108577e+00
6.255501571877679368e+01,6.682861660896559641e+00
6.257502143469562839e+01,6.581040647290528511e+00
6.259502715061446310e+01,5.825201008264292213e+00
6.261503286653329781e+01,6.791398203319700677e+00
6.263503858245213252e+01,6.553200607098601971e+00
6.265504429837096723e+01,6.803903500808443638e+00
6.267505001428980194e+01,6.490422651024545075e+00
6.269505573020863665e+01,6.372500094889644195e+00
6.271506144612747136e+01,6.232217986583918901e+00
6.273506716204629896e+01,5.575572592511640835e+00
6.275507287796513367e+01,6.462092513869537314e+00
6.277507859388396838e+01,6.006285855175072186e+00
6.279508430980280309e+01,6.101925689298036914e+00
6.281509002572163780e+01,6.368398111255956451e+00
6.283509574164047251e+01,6.269825581312726825e+00
6.285510145755930722e+01,5.481560808047989397e+00
6.287510717347814193e+01,5.658307201538866238e+00
6.289511288939697664e+01,5.899988824434434065e+00
6.291511860531580425e+01,6.565301479902833748e+00
6.293512432123463896e+01,6.438722646410230510e+00
6.295513003715347367e+01,5.210533597955743446e+00
6.297513575307230838e+01,6.587870075664338465e+00
6.299514146899114309e+01,5.747854627154834972e+00
6.301514718490997780e+01,6.141296564637491073e+00
6.303515290082881251e+01,5.944146336769208894e+00
6.305515861674764722e+01,6.587270500692227415e+00
6.307516433266648193e+01,7.061850802503107261e+00
6.309517004858530953e+01,6.794201575493746148e+00
6.311517576450414424e+01,6.946022971693739834e+00
6.313518148042297895e+01,6.510191379214545826e+00
6.315518719634181366e+01,7.155670653402045112e+00
6.317519291226064837e+01,7.338229776175329455e+00
6.319519862817948308e+01,7.884777131274553597e+00
6.321520434409831779e+01,7.970221947636416004e+00
6.323521006001715250e+01,7.920070554328082935e+00
6.325521577593598721e+01,9.531559554321997751e+00
6.327522149185482192e+01,9.108636342776321726e+00
6.329522720777364952e+01,1.013024736749574117e+01
6.331523292369248423e+01,1.025859659218975040e+01
6.333523863961131894e+01,1.124890559163603498e+01
6.335524435553015365e+01,1.228535965242341632e+01
6.337525007144898836e+01,1.209615019791176316e+01
6.339525578736782307e+01,1.293246244808849355e+01
6.341526150328665778e+01,1.392316854986986741e+01
6.343526721920549249e+01,1.522667684896470064e+01
6.345527293512432720e+01,1.437908210529571562e+01
6.347527865104315481e+01,1.601161200518261296e+01
6.349528436696198952e+01,1.514024002747981079e+01
6.351529008288082423e+01,1.581780449879133243e+01
6.353529579879965894e+01,1.644371987223674836e+01
6.355530151471849365e+01,1.618798467382618966e+01
6.357530723063732836e+01,1.621805949474418540e+01
6.359531294655616307e+01,1.657563381601831765e+01
6.361531866247499778e+01,1.674893873529843091e+01
6.363532437839383249e+01,1.631339119182777608e+01
6.365533009431266720e+01,1.539260148592580890e+01
6.367533581023149480e+01,1.499324267372969288e+01
6.369534152615032951e+01,1.444296305572566652e+01
6.371534724206916422e+01,1.342846316230851755e+01
6.373535295798799893e+01,1.320917334601528204e+01
6.375535867390683364e+01,1.213362160134254530e+01
6.377536438982566835e+01,1.213113941559914011e+01
6.379537010574450306e+01,1.138044951068053834e+01
6.381537582166333777e+01,1.060026220679842623e+01
6.383538153758217248e+01,1.062910926784649490e+01
6.385538725350100009e+01,9.502955948293806188e+00
6.387539296941983480e+01,9.126030703997756177e+00
6.389539868533866951e+01,9.280962762270281274e+00
6.391540440125750422e+01,9.009523527148491695e+00
6.393541011717633893e+01,8.316665757779684753e+00
6.395541583309517364e+01,8.234078433166748923e+00
6.397542154901400835e+01,9.265855430231844991e+00
6.399542726493284306e+01,8.783951684595132647e+00
6.401543298085167066e+01,8.912973633151347386e+00
6.403543869677051248e+01,8.034409746016379472e+00
6.405544441268934008e+01,8.338703155428262903e+00
6.407545012860816769e+01,8.130151226092245054e+00
6.409545584452700950e+01,8.576014821232639918e+00
6.411546156044585132e+01,8.117635568060521223e+00
6.413546727636467892e+01,7.943387722733339373e+00
6.415547299228350653e+01,7.605319004302883990e+00
6.417547870820234834e+01,7.507783827806076005e+00
6.419548442412119016e+01,8.452670641414986363e+00
6.421549014004001776e+01,7.443475646827300451e+00
6.423549585595884537e+01,7.279765163632185399e+00
6.425550157187768718e+01,6.846631128042027115e+00
6.427550728779651479e+01,7.431414658155906849e+00
6.429551300371534239e+01,7.594901924262870807e+00
6.431551871963418421e+01,7.486810246445847916e+00
6.433552443555302602e+01,6.201373082587144481e+00
6.435553015147185363e+01,6.859541474137021311e+00
6.437553586739068123e+01,6.921006687473712837e+00
6.439554158330952305e+01,6.475588725691780567e+00
6.441554729922835065e+01,5.889112346712035873e+00
6.443555301514717826e+01,6.949404437256903933e+00
6.445555873106602007e+01,6.571495334190901261e+00
6.447556444698486189e+01,6.126334336168541839e+00
6.449557016290368949e+01,6.260764488040884146e+00
6.451557587882251710e+01,5.533809675188837929e+00
6.453558159474135891e+01,6.818798150766085975e+00
6.455558731066020073e+01,6.672256793006992481e+00
6.457559302657902833e+01,6.476890150892986142e+00
6.459559874249785594e+01,6.085346809026860981e+00
6.461560445841669775e+01,6.365655479743553613e+00
6.463561017433552536e+01,5.524720522895143482e+00
6.465561589025435296e+01,6.389965021052560701e+00
6.467562160617319478e+01,6.399731133786149329e+00
6.469562732209203659e+01,6.057212738130221652e+00
6.471563303801086420e+01,6.180648414677666125e+00
6.473563875392969180e+01,7.134387544680784288e+00
6.475564446984853362e+01,6.975378871252981838e+00
6.477565018576737543e+01,6.585441733682756649e+00
6.479565590168618883e+01,7.318912446897565260e+00
6.481566161760503064e+01,7.470890315372550106e+00
6.483566733352387246e+01,8.064990416834136866e+00
6.485567304944270006e+01,8.177528194507745596e+00
6.487567876536152767e+01,7.716002207438553029e+00
6.489568448128036948e+01,8.044290036847506542e+00
6.491569019719921130e+01,8.532015084387554182e+00
6.493569591311803890e+01,8.265071048640342255e+00
6.495570162903686651e+01,8.289596472170716268e+00
6.497570734495570832e+01,9.404548839178147546e+00
6.499571306087453593e+01,8.596832478607220551e+00
6.501571877679336353e+01,9.561583546289817548e+00
6.503572449271220535e+01,9.109698327383345173e+00
6.505573020863104716e+01,1.075786222113148938e+01
6.507573592454987477e+01,9.494361771500177127e+00
6.509574164046870237e+01,9.395571212520538396e+00
6.511574735638754419e+01,1.070582162789982661e+01
6.513575307230638600e+01,1.028010321052176934e+01
6.515575878822521361e+01,1.023781087684880298e+01
6.517576450414404121e+01,1.029874171615749034e+01
6.519577022006288303e+01,9.880222388804092759e+00
6.521577593598171063e+01,9.940053229224499631e+00
6.523578165190053824e+01,9.876774764715646526e+00
6.525578736781938005e+01,9.187817533218083810e+00
6.527579308373822187e+01,9.616861845706417000e+00
6.529579879965704947e+01,9.001623061170352713e+00
6.531580451557587708e+01,8.460858006938295262e+00
6.533581023149471889e+01,8.686070771995810347e+00
6.535581594741354650e+01,8.822529415502096128e+00
6.537582166333237410e+01,8.043155121109675676e+00
6.539582737925121592e+01,7.491848554951094030e+00
6.541583309517005773e+01,7.741731199729825263e+00
6.543583881108888534e+01,7.610001917626115997e+00
6.545584452700771294e+01,7.192276428679248212e+00
6.547585024292655476e+01,7.583625232554412676e+00
6.549585595884539657e+01,7.721291794496137229e+00
6.551586167476422418e+01,8.575093702159772846e+00
6.553586739068305178e+01,8.090028799057725095e+00
6.555587310660189360e+01,7.787064107973929339e+00
6.557587882252072120e+01,8.391263961865256249e+00
6.559588453843954881e+01,8.611111511131285923e+00
6.561589025435839062e+01,8.640803366346755610e+00
6.563589597027723244e+01,8.184995736297095092e+00
6.565590168619606004e+01,8.828892161110609038e+00
6.567590740211488765e+01,8.732505026027627792e+00
6.569591311803372946e+01,9.014037719401763127e+00
6.571591883395257128e+01,8.842991827371655233e+00
6.573592454987138467e+01,8.461022855740225168e+00
6.575593026579022649e+01,8.805170195916684150e+00
6.577593598170906830e+01,7.921964024762392143e+00
6.579594169762789591e+01,7.974735733728003595e+00
6.581594741354672351e+01,7.100767344560818373e+00
6.583595312946556533e+01,7.114391054385133195e+00
6.585595884538440714e+01,7.136092740996119232e+00
6.587596456130323475e+01,7.247029556753465940e+00
6.589597027722206235e+01,6.381024849109346420e+00
6.591597599314090417e+01,7.395298532694466687e+00
6.593598170905973177e+01,6.520699658204706317e+00
6.595598742497855937e+01,6.487858249703387870e+00
6.597599314089740119e+01,5.801988266718382192e+00
6.599599885681624301e+01,6.001023530531563566e+00
6.601600457273507061e+01,6.573548089713504794e+00
6.603601028865389821e+01,6.469663144623494233e+00
6.605601600457274003e+01,6.722505279331577377e+00
6.607602172049158185e+01,6.057662054589250999e+00
6.609602743641040945e+01,6.211076857760129855e+00
6.611603315232923705e+01,6.851658433171272655e+00
6.613603886824807887e+01,6.421923292866152266e+00
6.615604458416690647e+01,5.862210064078233529e+00
6.617605030008573408e+01,5.859384706539689347e+00
6.619605601600457589e+01,5.953700634526912339e+00
6.621606173192341771e+01,5.884720930913797332e+00
6.623606744784224531e+01,6.328705192663429457e+00
6.625607316376107292e+01,5.614534506125943736e+00
6.627607887967991473e+01,6.174675673378708929e+00
6.629608459559874234e+01,6.350739013888585305e+00
6.631609031151756994e+01,6.543272142393244728e+00
6.633609602743641176e+01,5.912734465736300571e+00
6.635610174335525357e+01,5.077053839506948663e+00
6.637610745927408118e+01,6.257714996120551376e+00
6.639611317519290878e+01,5.328445240851774400e+00
6.641611889111175060e+01,6.089238880899952910e+00
6.643612460703059241e+01,6.296088258883314914e+00
6.645613032294942002e+01,5.723088381847571071e+00
6.647613603886824762e+01,6.126542465169350749e+00
6.649614175478708944e+01,5.451130239159184043e+00
6.651614747070591704e+01,5.709512698804656949e+00
6.653615318662474465e+01,5.857179690503322433e+00
6.655615890254358646e+01,6.104671615205814028e+00
6.657616461846242828e+01,5.871422304041837847e+00
6.659617033438125588e+01,5.337744068579819867e+00
6.661617605030008349e+01,6.199438653938676325e+00
6.663618176621892530e+01,5.248909563118420607e+00
6.665618748213776712e+01,6.341333682684506812e+00
6.667619319805658051e+01,6.457424708366795940e+00
6.669619891397542233e+01,6.079601853987067095e+00
6.671620462989426414e+01,6.057187306538972749e+00
6.673621034581309175e+01,6.155272114233188319e+00
6.675621606173191935e+01,5.534906245548715020e+00
6.677622177765076117e+01,6.133711664998999780e+00
6.679622749356960298e+01,5.511676173870567297e+00
6.681623320948843059e+01,5.311504997481584667e+00
6.683623892540725819e+01,5.685347110041590213e+00
6.685624464132610001e+01,5.560174896190549276e+00
6.687625035724492761e+01,6.407990940645228228e+00
6.689625607316375522e+01,5.515638582672371726e+00
6.691626178908259703e+01,6.312225632306505574e+00
6.693626750500143885e+01,5.877249076427418117e+00
6.695627322092026645e+01,6.130999757982624310e+00
6.697627893683909406e+01,5.781094995977424489e+00
6.699628465275793587e+01,5.464258301934170170e+00
6.701629036867677769e+01,6.160163800466854411e+00
6.703629608459560529e+01,6.266150282351977907e+00
6.705630180051443290e+01,5.738872707633689174e+00
6.707630751643327471e+01,6.297517726481849820e+00
6.709631323235210232e+01,5.956454536855764204e+00
6.711631894827092992e+01,5.574552472652374746e+00
6.713632466418977174e+01,5.808757818060823475e+00
6.715633038010861355e+01,5.643070770368522560e+00
6.717633609602744116e+01,5.613884785162784219e+00
6.719634181194626876e+01,6.364445725356834060e+00
6.721634752786511058e+01,5.834172642625325977e+00
6.723635324378393818e+01,5.979549363938602369e+00
6.725635895970276579e+01,4.987841068066750871e+00
6.727636467562160760e+01,5.561321296759366817e+00
6.729637039154044942e+01,5.613388503075236180e+00
6.731637610745927702e+01,5.078396875609850980e+00
6.733638182337810463e+01,5.004781297613893898e+00
6.735638753929694644e+01,5.550328952490838574e+00
6.737639325521578826e+01,5.793945287925261312e+00
6.739639897113461586e+01,6.275431103094991414e+00
6.741640468705344347e+01,5.528111638140854822e+00
6.743641040297228528e+01,6.124985870379161312e+00
6.745641611889111289e+01,5.825513002313534194e+00
6.747642183480994049e+01,5.907009220217755541e+00
6.749642755072878231e+01,6.092162663345172646e+00
6.751643326664762412e+01,4.954499273228090139e+00
6.753643898256645173e+01,6.103134463517916330e+00
6.755644469848527933e+01,5.506422851840515165e+00
6.757645041440412115e+01,5.708210518353250329e+00
6.759645613032296296e+01,6.185053763800646642e+00
6.761646184624177636e+01,6.240895247446259120e+00
6.763646756216061817e+01,4.963872053526687367e+00
6.765647327807945999e+01,5.587074252388287476e+00
6.767647899399828759e+01,5.596664984454907454e+00
6.769648470991711520e+01,5.975726737028796087e+00
6.771649042583595701e+01,5.875782718578888009e+00
6.773649614175479883e+01,6.524038026604248586e+00
6.775650185767362643e+01,6.011515765337263062e+00
6.777650757359245404e+01,5.997265130124125321e+00
6.779651328951129585e+01,5.490895832440593871e+00
6.781651900543012346e+01,5.496531826797992792e+00
6.783652472134895106e+01,5.181064952920976907e+00
6.785653043726779288e+01,6.059080825914030299e+00
6.787653615318663469e+01,5.357605441406909641e+00
6.789654186910546230e+01,5.794322003778081154e+00
6.791654758502428990e+01,5.477246002515348877e+00
6.793655330094313172e+01,5.637361681573850092e+00
6.795655901686197353e+01,6.401503344439468890e+00
6.797656473278080114e+01,6.713285727317222396e+00
6.799657044869962874e+01,6.255621702884343271e+00
6.801657616461847056e+01,5.917733630969179259e+00
6.803658188053729816e+01,6.216124198282273028e+00
6.805658759645612577e+01,5.493426834324337094e+00
6.807659331237496758e+01,6.349746353587795156e+00
6.809659902829380940e+01,6.636541056242881709e+00
6.811660474421263700e+01,6.192459386016606615e+00
6.813661046013146461e+01,5.632330072117122555e+00
6.815661617605030642e+01,5.834704084014783021e+00
6.817662189196913403e+01,6.108263953691717596e+00
6.819662760788796163e+01,7.064188823756218483e+00
6.821663332380680345e+01,6.563480948526223102e+00
6.823663903972564526e+01,6.474172180139072807e+00
6.825664475564447287e+01,6.891976236482982188e+00
6.827665047156330047e+01,6.209852711769288547e+00
6.829665618748214229e+01,6.374013790312753613e+00
6.831666190340098410e+01,6.265196968063941441e+00
6.833666761931981171e+01,6.798703678842523246e+00
6.835667333523863931e+01,7.581828804850676562e+00
6.837667905115748113e+01,6.760911310772797833e+00
6.839668476707630873e+01,7.454554160714502942e+00
6.841669048299513634e+01,6.885815643842960299e+00
6.843669619891397815e+01,6.950870054407788601e+00
6.845670191483281997e+01,7.725723572971800124e+00
6.847670763075164757e+01,7.189840092055419518e+00
6.849671334667047518e+01,7.496779916440714508e+00
6.851671906258931699e+01,6.557348476965109363e+00
6.853672477850815881e+01,6.945697154345153557e+00
6.855673049442697220e+01,7.787129119226781526e+00
6.857673621034581402e+01,8.039865510515451064e+00
6.859674192626465583e+01,7.645748003600076004e+00
6.861674764218348344e+01,8.197890088786518703e+00
6.863675335810231104e+01,8.183598518842771341e+00
6.865675907402115286e+01,8.700388826369838569e+00
6.867676478993999467e+01,8.422033055763357368e+00
6.869677050585882228e+01,8.636789745627266868e+00
6.871677622177764988e+01,9.778551334982868326e+00
6.873678193769649170e+01,9.815344673356264593e+00
6.875678765361531930e+01,1.011304639021574836e+01
6.877679336953414690e+01,9.568987165464225342e+00
6.879679908545298872e+01,1.012703351574307575e+01
6.881680480137183054e+01,1.097068624556612626e+01
6.883681051729065814e+01,9.853659772148180451e+00
6.885681623320948574e+01,1.056703969068118099e+01
6.887682194912832756e+01,1.051454910009295673e+01
6.889682766504716938e+01,9.969495680684445915e+00
6.891683338096599698e+01,1.028813411224991370e+01
6.893683909688482458e+01,1.073437690382816179e+01
6.895684481280366640e+01,1.080817540304509450e+01
6.897685052872249400e+01,9.401750601176733113e+00
6.899685624464132161e+01,9.230706930348011596e+00
6.901686196056016342e+01,9.730533382574932943e+00
6.903686767647900524e+01,9.025610999190444517e+00
6.905687339239783284e+01,9.885832250247421626e+00
6.907687910831666045e+01,8.384975920820650686e+00
6.909688482423550226e+01,9.242285035972493290e+00
6.911689054015432987e+01,8.498218140568710055e+00
6.913689625607315747e+01,8.268351276789456250e+00
6.915690197199199929e+01,7.815769363788754198e+00
6.917690768791084110e+01,8.161854592773398309e+00
6.919691340382966871e+01,7.941427038829008467e+00
6.921691911974849631e+01,7.941354408374184715e+00
6.923692483566733813e+01,7.643528186313737649e+00
6.925693055158617994e+01,7.874590897852142390e+00
6.927693626750500755e+01,7.508919233578312813e+00
6.929694198342383515e+01,6.778888988416381878e+00
6.931694769934267697e+01,7.982596604846170507e+00
6.933695341526150457e+01,7.544396641948864612e+00
6.935695913118033218e+01,7.254623548503939645e+00
6.937696484709917399e+01,6.591766784573415805e+00
6.939697056301801581e+01,6.596336013373870877e+00
6.941697627893684341e+01,6.633920574587016006e+00
6.943698199485567102e+01,7.022343551270253670e+00
6.945698771077451283e+01,7.010034283160262447e+00
6.947699342669335465e+01,6.407799642546951446e+00
6.949699914261216804e+01,6.490544424571761617e+00
6.951700485853100986e+01,7.464440266097271959e+00
6.953701057444985167e+01,7.062397074904485095e+00
6.955701629036867928e+01,6.846452672114901716e+00
6.957702200628750688e+01,6.309479194927186896e+00
6.959702772220634870e+01,6.135663211462501820e+00
6.961703343812519051e+01,6.288864177042548853e+00
6.963703915404401812e+01,5.360543507212700121e+00
6.965704486996284572e+01,6.529225592956070301e+00
6.967705058588168754e+01,5.441335207329265344e+00
6.969705630180051514e+01,5.911589312521700279e+00
6.971706201771934275e+01,5.905319167094498667e+00
6.973706773363818456e+01,6.237786795045686006e+00
6.975707344955702638e+01,5.867842890995527583e+00
6.977707916547585398e+01,6.096415018110766582e+00
6.979708488139468159e+01,6.774770526191910669e+00
6.981709059731352340e+01,5.413184339744793405e+00
6.983709631323236522e+01,5.757872767122213631e+00
6.985710202915119282e+01,5.571165885319208755e+00
6.987710774507002043e+01,6.297405060297712964e+00
6.989711346098886224e+01,5.999452850346083110e+00
6.991711917690768985e+01,5.637927129066214960e+00
6.993712489282651745e+01,5.550166326621868151e+00
6.995713060874535927e+01,5.853658102481936965e+00
6.997713632466420108e+01,5.949204080760134516e+00
6.999714204058302869e+01,4.956173031847123767e+00
7.001714775650185629e+01,5.241055339906644406e+00
7.003715347242069811e+01,6.230729609213561559e+00
7.005715918833952571e+01,5.750128345807115515e+00
7.007716490425835332e+01,5.473478421303522801e+00
7.009717062017719513e+01,5.790449276162021874e+00
7.011717633609603695e+01,5.605268466069207811e+00
7.013718205201486455e+01,5.609336214415973743e+00
7.015718776793369216e+01,5.946055895566470184e+00
7.017719348385253397e+01,5.796404908315401450e+00
7.019719919977137579e+01,5.833567338338410124e+00
7.021720491569020339e+01,5.449978960791051819e+00
7.023721063160903100e+01,6.115266043622716197e+00
7.025721634752787281e+01,5.607409899098401596e+00
7.027722206344670042e+01,5.039730235050356555e+00
7.029722777936552802e+01,5.169107122053604897e+00
7.031723349528436984e+01,5.826572350175471371e+00
7.033723921120321165e+01,5.581442395716678107e+00
7.035724492712203926e+01,5.568100475981831110e+00
7.037725064304086686e+01,6.066049350988897970e+00
7.039725635895970868e+01,5.344108682536189647e+00
7.041726207487855049e+01,6.212800762490647166e+00
7.043726779079736389e+01,5.936130352576366676e+00
7.045727350671620570e+01,5.869350527685327279e+00
7.047727922263504752e+01,6.161000049358679398e+00
7.049728493855387512e+01,6.247659771093189818e+00
7.051729065447270273e+01,5.452167154355780809e+00
7.053729637039154454e+01,5.269148348106520885e+00
7.055730208631038636e+01,6.068083178100025954e+00
7.057730780222921396e+01,6.586308633624673448e+00
7.059731351814804157e+01,6.217089745656100064e+00
7.061731923406688338e+01,5.793019828735822330e+00
7.063732494998571099e+01,6.591705292903576208e+00
7.065733066590453859e+01,5.191422936284851630e+00
7.067733638182338041e+01,6.047036888826408330e+00
7.069734209774222222e+01,5.209021693013137444e+00
7.071734781366104983e+01,6.217248007537945043e+00
7.073735352957987743e+01,5.865003541481502047e+00
7.075735924549871925e+01,5.571883227780078940e+00
7.077736496141756106e+01,5.026267466493891334e+00
7.079737067733638867e+01,5.614165273715969739e+00
7.081737639325521627e+01,5.881383149350710937e+00
7.083738210917405809e+01,5.724752949173082861e+00
7.085738782509288569e+01,6.054920847826137376e+00
7.087739354101171330e+01,6.068542714271988103e+00
7.089739925693055511e+01,5.718886511286136454e+00
7.091740497284939693e+01,5.230289204995745678e+00
7.093741068876822453e+01,5.930741515684307075e+00
7.095741640468705214e+01,5.988551257628252245e+00
7.097742212060589395e+01,5.750783583531448251e+00
7.099742783652472156e+01,5.570234444347187619e+00
7.101743355244354916e+01,6.072826329654605892e+00
7.103743926836239098e+01,5.653842868544805889e+00
7.105744498428123279e+01,5.610782875706528117e+00
7.107745070020006040e+01,5.652849567286825305e+00
7.109745641611888800e+01,6.429129264375145425e+00
7.111746213203772982e+01,5.585527142745350559e+00
7.113746784795657163e+01,5.554176476375965343e+00
7.115747356387539924e+01,5.634462313720778326e+00
7.117747927979422684e+01,5.426915578151524144e+00
7.119748499571306866e+01,5.495501003920528760e+00
7.121749071163189626e+01,6.016062030469382371e+00
7.123749642755072387e+01,5.994980397459213961e+00
7.125750214346956568e+01,5.690710495292177207e+00
7.127750785938840750e+01,6.658183371640134851e+00
7.129751357530723510e+01,6.501000070440792200e+00
7.131751929122606271e+01,5.459685488538942977e+00
7.133752500714490452e+01,5.885207389390092914e+00
7.135753072306374634e+01,6.194369768974471668e+00
7.137753643898255973e+01,6.006892670373168208e+00
7.139754215490140155e+01,5.389796992964994260e+00
7.141754787082024336e+01,5.923147526414414443e+00
7.143755358673907097e+01,6.027943866302175380e+00
7.145755930265789857e+01,6.386751423392782456e+00
7.147756501857674039e+01,6.442834066248270375e+00
7.149757073449558220e+01,6.290568985995792062e+00
7.151757645041440981e+01,6.274798280173063070e+00
7.153758216633323741e+01,6.482487170682825095e+00
7.155758788225207923e+01,6.081085911173872205e+00
7.157759359817090683e+01,5.848013053288473095e+00
7.159759931408973443e+01,5.762186146745085225e+00
7.161760503000857625e+01,6.776794077500333913e+00
7.163761074592741807e+01,7.090103687823440026e+00
7.165761646184624567e+01,6.694063539005140839e+00
7.167762217776507327e+01,7.338971924341905151e+00
7.169762789368391509e+01,7.277410278581156078e+00
7.171763360960275691e+01,7.102302549769275331e+00
7.173763932552158451e+01,6.715788983081194097e+00
7.175764504144041211e+01,6.675825909914477663e+00
7.177765075735925393e+01,8.018125207892939699e+00
7.179765647327808153e+01,8.201155967030533844e+00
7.181766218919690914e+01,8.203085158744617189e+00
7.183766790511575095e+01,9.327455297173315785e+00
7.185767362103459277e+01,9.550569885871494691e+00
7.187767933695342037e+01,1.010489392695071587e+01
7.189768505287224798e+01,1.068901881900062456e+01
7.191769076879108979e+01,1.163803447968440352e+01
7.193769648470991740e+01,1.208721189524370487e+01
7.195770220062874500e+01,1.387246715071241709e+01
7.197770791654758682e+01,1.439198396139662250e+01
7.199771363246642863e+01,1.547603788895994725e+01
7.201771934838525624e+01,1.725030075008697139e+01
7.203772506430408384e+01,1.763032411600723748e+01
7.205773078022292566e+01,1.891516778023191137e+01
7.207773649614176747e+01,2.099188615395658530e+01
7.209774221206059508e+01,2.121710254685412167e+01
7.211774792797942268e+01,2.288828181753434166e+01
7.213775364389826450e+01,2.391189082028856916e+01
7.215775935981709210e+01,2.535749036465736239e+01
7.217776507573591971e+01,2.643883242818741763e+01
7.219777079165476152e+01,2.644163343956487466e+01
7.221777650757360334e+01,2.790591685981034686e+01
7.223778222349243094e+01,2.898461312192863204e+01
7.225778793941125855e+01,2.996800240164984785e+01
7.227779365533010036e+01,3.102561000867664376e+01
7.229779937124894218e+01,3.062849353068233427e+01
7.231780508716775557e+01,3.105756902907396011e+01
7.233781080308659739e+01,3.137366244529493997e+01
7.235781651900543920e+01,3.019115303102738679e+01
7.237782223492426681e+01,2.986311589608488859e+01
7.239782795084309441e+01,2.802212669484205776e+01
7.241783366676193623e+01,2.725958317520102270e+01
7.243783938268077804e+01,2.589071238267763420e+01
7.245784509859960565e+01,2.423941167309931899e+01
7.247785081451843325e+01,2.260662368217672480e+01
7.249785653043727507e+01,2.023353450093375017e+01
7.251786224635610267e+01,1.842027846414106307e+01
7.253786796227493028e+01,1.719921301131354596e+01
7.255787367819377209e+01,1.544995073897960580e+01
7.257787939411261391e+01,1.489530999882371987e+01
7.259788511003144151e+01,1.303074969889945578e+01
7.261789082595026912e+01,1.245272546010190595e+01
7.263789654186911093e+01,1.099943072408686362e+01
7.265790225778795275e+01,1.060477782948916214e+01
7.267790797370678035e+01,1.017222927363211937e+01
7.269791368962560796e+01,1.004510239643972369e+01
7.271791940554444977e+01,9.208929259658372501e+00
7.273792512146327738e+01,9.555661768506933385e+00
7.275793083738210498e+01,9.516747742983046265e+00
7.277793655330094680e+01,1.011664532470669009e+01
7.279794226921978861e+01,1.032442265680470683e+01
7.281794798513861622e+01,1.005120207064479843e+01
7.283795370105744382e+01,9.778812295911503583e+00
7.285795941697628564e+01,9.936848026155903568e+00
7.287796513289511324e+01,1.042494062249749120e+01
7.289797084881394085e+01,9.730295716157892016e+00
7.291797656473278266e+01,9.615339049709136887e+00
7.293798228065162448e+01,9.544643078567776939e+00
7.295798799657045208e+01,1.024797780000717040e+01
7.297799371248927969e+01,9.416763517780680104e+00
7.299799942840812150e+01,9.044249515355192059e+00
7.301800514432696332e+01,8.612381081021508678e+00
7.303801086024579092e+01,8.649199955541892137e+00
7.305801657616461853e+01,7.967066055466704100e+00
7.307802229208346034e+01,8.088570307590424946e+00
7.309802800800228795e+01,7.683293078192194869e+00
7.311803372392111555e+01,7.744490495905491656e+00
7.313803943983995737e+01,7.639444897537316592e+00
7.315804515575879918e+01,6.183570817624337579e+00
7.317805087167762679e+01,6.690614750964332558e+00
7.319805658759645439e+01,7.478929318681772465e+00
7.321806230351529621e+01,6.703685572105884560e+00
7.323806801943413802e+01,6.255138394185638440e+00
7.325807373535295142e+01,6.355730218001178322e+00
7.327807945127179323e+01,6.369892571006497306e+00
7.329808516719063505e+01,6.011183381928264957e+00
7.331809088310946265e+01,6.372088678377648030e+00
7.333809659902829026e+01,6.768980803311876571e+00
7.335810231494713207e+01,7.008113989684213507e+00
7.337810803086597389e+01,5.788613805013598679e+00
7.339811374678480149e+01,7.043750867051906894e+00
7.341811946270362910e+01,6.428443665913550653e+00
7.343812517862247091e+01,5.966516852712851815e+00
7.345813089454129852e+01,6.578676203605514416e+00
7.347813661046012612e+01,5.857764756017322938e+00
7.349814232637896794e+01,6.317176974120555677e+00
7.351814804229780975e+01,6.751940846169630639e+00
7.353815375821663736e+01,5.971341301410363123e+00
7.355815947413546496e+01,6.245893619594914625e+00
7.357816519005430678e+01,6.706151613271996936e+00
7.359817090597314859e+01,6.308735674466422694e+00
7.361817662189197620e+01,6.785833719613965087e+00
7.363818233781080380e+01,7.396415345038576561e+00
7.365818805372964562e+01,6.242283709589928620e+00
7.367819376964847322e+01,7.614488709763493901e+00
7.369819948556730083e+01,7.276121073406931927e+00
7.371820520148614264e+01,7.855245487258726733e+00
7.373821091740498446e+01,7.849748371413907577e+00
7.375821663332381206e+01,8.584204569361276072e+00
7.377822234924263967e+01,8.969483224144191524e+00
7.379822806516148148e+01,9.040343575941458099e+00
7.381823378108030909e+01,1.013853240483343043e+01
7.383823949699913669e+01,1.008475338531485299e+01
7.385824521291797851e+01,1.125555151798442033e+01
7.387825092883682032e+01,1.131098665071746545e+01
7.389825664475564793e+01,1.153210656365179609e+01
7.391826236067447553e+01,1.216189168121819009e+01
7.393826807659331735e+01,1.438340685120201101e+01
7.395827379251215916e+01,1.484856558752037081e+01
7.397827950843098677e+01,1.663596957134306109e+01
7.399828522434981437e+01,1.689589980616577236e+01
7.401829094026865619e+01,1.820456284563007188e+01
7.403829665618748379e+01,1.929962577657587630e+01
7.405830237210632561e+01,1.988683336503700971e+01
7.407830808802515321e+01,1.980675984929427003e+01
7.409831380394398082e+01,2.090854575034849105e+01
7.411831951986282263e+01,2.225648515389436710e+01
7.413832523578165024e+01,2.234010725961914190e+01
7.415833095170049205e+01,2.233487822706677761e+01
7.417833666761931966e+01,2.335701251176690008e+01
7.419834238353816147e+01,2.262395953630409196e+01
7.421834809945698908e+01,2.378212483792594512e+01
7.423835381537583089e+01,2.280115819577037684e+01
7.425835953129465850e+01,2.194001944506246460e+01
7.427836524721348610e+01,2.150543868583270779e+01
7.429837096313232792e+01,2.060847071753840254e+01
7.431837667905115552e+01,1.971763084819289702e+01
7.433838239496999734e+01,1.880339942986016766e+01
7.435838811088882494e+01,1.783355628251079850e+01
7.437839382680766676e+01,1.722109853051325246e+01
7.439839954272649436e+01,1.641300579164009221e+01
7.441840525864533618e+01,1.608563685018318523e+01
7.443841097456416378e+01,1.576241691782508170e+01
7.445841669048300560e+01,1.486285627862197423e+01
7.447842240640183320e+01,1.534179453348123090e+01
7.449842812232066080e+01,1.613068998633230677e+01
7.451843383823950262e+01,1.615962173929848689e+01
7.453843955415833022e+01,1.615932768358969440e+01
7.455844527007717204e+01,1.705305813711037288e+01
7.457845098599599964e+01,1.726714704429285518e+01
7.459845670191484146e+01,1.746478811898074923e+01
7.461846241783366906e+01,1.752487245966274898e+01
7.463846813375251088e+01,1.763680446442481298e+01
7.465847384967133848e+01,1.753776840665485537e+01
7.467847956559016609e+01,1.662134750515361503e+01
7.469848528150900790e+01,1.758113464485208510e+01
7.471849099742783551e+01,1.670182203748844785e+01
7.473849671334667732e+01,1.574382744828357872e+01
7.475850242926550493e+01,1.495352320898848220e+01
7.477850814518434674e+01,1.371820384508409774e+01
7.479851386110317435e+01,1.398022577646002063e+01
7.481851957702201616e+01,1.278405909094061066e+01
7.483852529294084377e+01,1.175029227245909880e+01
7.485853100885967137e+01,1.186128351400946279e+01
7.487853672477851319e+01,1.128497561898635126e+01
7.489854244069734079e+01,1.164882955634129935e+01
7.491854815661618261e+01,1.087196032119488365e+01
7.493855387253501021e+01,1.048144757126446081e+01
7.495855958845385203e+01,1.104694701312357452e+01
7.497856530437267963e+01,1.102588445756276769e+01
7.499857102029152145e+01,1.120140453387808321e+01
7.501857673621034905e+01,1.187468292919195889e+01
7.503858245212917666e+01,1.153429536564701152e+01
7.505858816804801847e+01,1.242618921826536038e+01
7.507859388396684608e+01,1.150513867473198815e+01
7.509859959988568789e+01,1.228599496170943439e+01
7.511860531580451550e+01,1.191042696309913040e+01
7.513861103172335731e+01,1.215062207180589482e+01
7.515861674764218492e+01,1.231442891897621017e+01
7.517862246356102673e+01,1.242434538742835848e+01
7.519862817947985434e+01,1.136091478359681695e+01
7.521863389539868194e+01,1.220425687283888472e+01
7.523863961131752376e+01,1.120345042884623865e+01
7.525864532723635136e+01,1.100806649105010493e+01
7.527865104315519318e+01,1.097347713347051901e+01
7.529865675907402078e+01,1.030117539621476652e+01
7.531866247499286260e+01,1.021169071699347697e+01
7.533866819091169020e+01,1.047351419597980993e+01
7.535867390683053202e+01,9.518217434058838577e+00
7.537867962274935962e+01,9.902351293587573267e+00
7.539868533866820144e+01,1.015265428178021523e+01
7.541869105458702904e+01,1.052998815786202691e+01
7.543869677050585665e+01,1.012747084249161666e+01
7.545870248642469846e+01,1.151775474760657758e+01
7.547870820234352607e+01,1.155554446039318961e+01
7.549871391826236788e+01,1.266144305524214708e+01
7.551871963418119549e+01,1.326311808227790934e+01
7.553872535010003730e+01,1.484609839985546742e+01
7.555873106601886491e+01,1.552020406382186835e+01
7.557873678193770672e+01,1.831412409633883698e+01
7.559874249785653433e+01,1.975461781984658671e+01
7.561874821377536193e+01,2.157173822218167558e+01
7.563875392969420375e+01,2.368884761696367036e+01
7.565875964561303135e+01,2.563073526798428148e+01
7.567876536153187317e+01,2.812185207929941555e+01
7.569877107745070077e+01,2.947443452570110978e+01
7.571877679336954259e+01,3.115655121344236989e+01
7.573878250928837019e+01,3.237254436279987857e+01
7.575878822520721201e+01,3.302134519106453325e+01
7.577879394112603961e+01,3.368228110310289480e+01
7.579879965704486722e+01,3.333883331139065831e+01
7.581880537296370903e+01,3.325328968256240358e+01
7.583881108888253664e+01,3.185956167464248168e+01
7.585881680480137845e+01,3.080158190501375515e+01
7.587882252072020606e+01,2.828688339287763398e+01
7.589882823663904787e+01,2.736914888871943674e+01
7.591883395255787548e+01,2.454297353106109014e+01
7.593883966847671729e+01,2.197855793658420964e+01
7.595884538439554490e+01,2.006693160210686955e+01
7.597885110031437250e+01,1.905016724682398177e+01
7.599885681623321432e+01,1.697258645415772804e+01
7.601886253215204192e+01,1.461571434595695074e+01
7.603886824807088374e+01,1.326559724876005397e+01
7.605887396398971134e+01,1.233429716977296131e+01
7.607887967990855316e+01,1.178940079779503414e+01
7.609888539582738076e+01,9.915504493034543287e+00
7.611889111174622258e+01,9.876286988008176948e+00
7.613889682766505018e+01,9.379877892350449997e+00
7.615890254358387779e+01,9.301076633699450369e+00
7.617890825950271960e+01,9.271459312937150088e+00
7.619891397542154721e+01,8.460070365158980366e+00
7.621891969134038902e+01,8.955311810015105678e+00
7.623892540725921663e+01,9.044677211720305365e+00
7.625893112317805844e+01,9.079734178583372284e+00
7.627893683909688605e+01,9.251288401797101102e+00
7.629894255501572786e+01,1.034207486719219560e+01
7.631894827093455547e+01,9.555182887032579231e+00
7.633895398685339728e+01,1.051070333474531893e+01
7.635895970277222489e+01,9.803538535755322414e+00
7.637896541869105249e+01,1.100096422830879561e+01
7.639897113460989431e+01,1.101711760809620344e+01
7.641897685052872191e+01,1.139654099708345569e+01
7.643898256644756373e+01,1.162591709571287346e+01
7.645898828236639133e+01,1.149718744754974331e+01
7.647899399828523315e+01,1.204954547560971534e+01
7.649899971420406075e+01,1.155799634885027594e+01
7.651900543012290257e+01,1.124216290883070712e+01
7.653901114604173017e+01,1.088127618438146627e+01
7.655901686196055778e+01,1.011198704558932171e+01
7.657902257787939959e+01,1.015942769447028304e+01
7.659902829379822720e+01,9.830672999361119935e+00
7.661903400971706901e+01,9.057037770030044399e+00
7.663903972563589662e+01,8.762904720327183483e+00
7.665904544155473843e+01,8.075937267515023166e+00
7.667905115747356604e+01,7.325169423803925994e+00
7.669905687339240785e+01,8.237762580854329997e+00
7.671906258931123546e+01,6.762631212670552117e+00
7.673906830523006306e+01,6.994130645020723236e+00
7.675907402114890488e+01,7.163135022654691042e+00
7.677907973706773248e+01,6.645012497878537872e+00
7.679908545298657430e+01,6.820239126725565981e+00
7.681909116890540190e+01,6.705982178416908468e+00
7.683909688482424372e+01,6.986533096564137679e+00
7.685910260074307132e+01,7.100562752870947847e+00
7.687910831666191314e+01,6.481138260333334067e+00
7.689911403258074074e+01,5.998527831578604363e+00
7.691911974849956835e+01,6.270349917100704218e+00
7.693912546441841016e+01,6.224422101324327272e+00
7.695913118033723777e+01,6.149647212583934319e+00
7.697913689625607958e+01,6.423059824762664682e+00
7.699914261217490719e+01,6.431733044851467795e+00
7.701914832809374900e+01,6.306888272841302268e+00
7.703915404401257661e+01,6.255679026891225902e+00
7.705915975993141842e+01,6.410107118927553138e+00
7.707916547585024603e+01,6.858961769427758703e+00
7.709917119176907363e+01,6.083825885580415260e+00
7.711917690768791545e+01,6.904544368581415625e+00
7.713918262360674305e+01,6.186224948027087223e+00
7.715918833952558487e+01,6.624872566057016243e+00
7.717919405544441247e+01,6.049875274281816928e+00
7.719919977136325429e+01,6.592130651004374897e+00
7.721920548728208189e+01,6.452024850291268265e+00
7.723921120320092371e+01,6.808982318898913810e+00
7.725921691911975131e+01,6.000151334236544898e+00
7.727922263503859313e+01,6.966226121492023360e+00
7.729922835095742073e+01,5.847834351488312876e+00
7.731923406687624833e+01,6.176277791038813803e+00
7.733923978279509015e+01,6.172496292885369940e+00
7.735924549871391775e+01,6.076806327459197021e+00
7.737925121463275957e+01,6.617859323338894484e+00
7.739925693055158717e+01,6.479105877692989957e+00
7.741926264647042899e+01,7.147490686305166818e+00
7.743926836238925659e+01,8.125874475692762999e+00
7.745927407830809841e+01,6.982198913591192380e+00
7.747927979422692601e+01,7.412711604711862634e+00
7.749928551014575362e+01,8.404328881697466613e+00
7.751929122606459543e+01,8.517403256996960437e+00
7.753929694198342304e+01,7.980100048608392171e+00
7.755930265790226485e+01,9.241360137169706945e+00
7.757930837382109246e+01,8.333333151429675567e+00
7.759931408973993427e+01,9.649327023269982817e+00
7.761931980565876188e+01,9.022617837276206032e+00
7.763932552157760369e+01,1.001427074832350428e+01
7.765933123749643130e+01,9.998003974973514119e+00
7.767933695341525890e+01,9.572168405958148441e+00
7.769934266933410072e+01,9.552007265942524583e+00
7.771934838525292832e+01,1.023497075418477031e+01
7.773935410117177014e+01,9.984134668078707975e+00
7.775935981709059774e+01,1.004508769520573352e+01
7.777936553300943956e+01,9.965545543431725051e+00
7.779937124892826716e+01,9.010555357467136872e+00
7.781937696484710898e+01,9.254516298090404547e+00
7.783938268076593658e+01,8.148086345367852701e+00
7.785938839668476419e+01,8.522163284796416605e+00
7.787939411260360600e+01,8.134972274020976002e+00
7.789939982852243361e+01,7.848074096139594502e+00
7.791940554444127542e+01,7.974632919257929942e+00
7.793941126036010303e+01,7.065912546999340904e+00
7.795941697627894484e+01,7.643854730670904374e+00
7.797942269219777245e+01,6.496500550613988345e+00
7.799942840811661426e+01,7.417573624611373262e+00
7.801943412403544187e+01,7.020615187848107119e+00
7.803943983995426947e+01,7.335404039816834754e+00
7.805944555587311129e+01,6.424082627484723140e+00
7.807945127179193889e+01,7.132059885500897423e+00
7.809945698771078071e+01,5.941099009101561634e+00
7.811946270362960831e+01,6.309661742813943874e+00
7.813946841954845013e+01,6.482898676303587848e+00
7.815947413546727773e+01,5.896128848444584847e+00
7.817947985138611955e+01,6.549148596268730138e+00
7.819948556730494715e+01,6.460006499631322896e+00
7.821949128322378897e+01,6.598218418197493662e+00
7.823949699914261657e+01,5.693182252366574048e+00
7.825950271506144418e+01,5.416975313049817942e+00
7.827950843098028599e+01,6.138771680125705288e+00
7.829951414689911360e+01,5.906156022220205415e+00
7.831951986281795541e+01,6.025471723838121463e+00
7.833952557873678302e+01,6.137760471787966132e+00
7.835953129465562483e+01,5.585625209785098022e+00
7.837953701057445244e+01,6.473876499115919891e+00
7.839954272649329425e+01,5.968694848724060087e+00
7.841954844241212186e+01,6.486815357227460055e+00
7.843955415833094946e+01,6.405360987411851781e+00
7.845955987424979128e+01,5.656916673210677260e+00
7.847956559016861888e+01,6.688283932387919961e+00
7.849957130608746070e+01,6.534187443444502641e+00
7.851957702200628830e+01,6.266169575776591394e+00
7.853958273792513012e+01,6.711847680050516018e+00
7.855958845384395772e+01,7.278925050501799277e+00
7.857959416976279954e+01,6.716135714429597670e+00
7.859959988568162714e+01,7.405763008039611961e+00
7.861960560160045475e+01,6.817283734474206547e+00
7.863961131751929656e+01,7.523790056588799402e+00
7.865961703343812417e+01,7.850947182941297342e+00
7.867962274935696598e+01,6.779510053666683689e+00
7.869962846527579359e+01,6.955444891111985939e+00
7.871963418119463540e+01,8.048558551487737134e+00
7.873963989711346301e+01,7.261158151293261476e+00
7.875964561303230482e+01,7.664784350214976172e+00
7.877965132895113243e+01,6.880118677166013441e+00
7.879965704486996003e+01,7.717298776032029295e+00
7.881966276078880185e+01,7.287147498595308193e+00
7.883966847670762945e+01,7.687856023110011705e+00
7.885967419262647127e+01,8.296465058681537386e+00
7.887967990854529887e+01,7.510101383077739889e+00
7.889968562446414069e+01,7.936557721518534336e+00
7.891969134038296829e+01,8.287805158765207736e+00
7.893969705630181011e+01,7.615820143152395971e+00
7.895970277222063771e+01,8.279514191792946676e+00
7.897970848813946532e+01,7.689111215436707170e+00
7.899971420405830713e+01,7.977482728964380598e+00
7.901971991997713474e+01,8.907480504157742729e+00
7.903972563589597655e+01,8.212409874851731573e+00
7.905973135181480416e+01,8.804235956699407950e+00
7.907973706773364597e+01,8.484704840650620028e+00
7.909974278365247358e+01,8.116707833776022341e+00
7.911974849957131539e+01,8.985919134917430995e+00
7.913975421549014300e+01,8.362570953866425683e+00
7.915975993140898481e+01,8.564254529456302834e+00
7.917976564732781242e+01,9.105736375437849972e+00
7.919977136324664002e+01,9.243584091369863032e+00
7.921977707916548184e+01,9.431044555223010661e+00
7.923978279508430944e+01,9.237463163708344638e+00
7.925978851100315126e+01,9.044068583193666910e+00
7.927979422692197886e+01,9.209799847454233301e+00
7.929979994284082068e+01,9.266120996891570982e+00
7.931980565875964828e+01,9.308943587371388162e+00
7.933981137467849010e+01,9.390221357675931912e+00
7.935981709059731770e+01,8.521050336800952252e+00
7.937982280651614531e+01,8.703984953852033968e+00
7.939982852243498712e+01,8.004849431835525664e+00
7.941983423835381473e+01,9.012443941233453160e+00
7.943983995427265654e+01,7.867588536829734025e+00
7.945984567019148415e+01,8.395593978080505337e+00
7.947985138611032596e+01,7.525088475967882218e+00
7.949985710202915357e+01,7.337068788750604753e+00
7.951986281794799538e+01,7.252377232286923991e+00
7.953986853386682299e+01,7.031664597587543142e+00
7.955987424978565059e+01,6.818781022095373956e+00
7.957987996570449241e+01,7.319264509508089489e+00
7.959988568162332001e+01,6.743991204868008182e+00
7.961989139754216183e+01,6.423768432403734074e+00
7.963989711346098943e+01,6.888969675091858313e+00
7.965990282937983125e+01,6.252979872270512551e+00
7.967990854529865885e+01,6.799094531584951362e+00
7.969991426121750067e+01,5.928975950014054419e+00
7.971991997713632827e+01,6.298430232395677564e+00
7.973992569305515588e+01,6.624040825529617038e+00
7.975993140897399769e+01,5.563411209384556244e+00
7.977993712489282530e+01,5.766833860088902419e+00
7.979994284081166711e+01,5.584846460021342551e+00
7.981994855673049472e+01,5.688223069969215118e+00
7.983995427264933653e+01,6.119035773725814309e+00
7.985995998856816414e+01,6.487937855776810814e+00
7.987996570448700595e+01,5.333402866521855579e+00
7.989997142040583356e+01,5.213372854293982783e+00
7.991997713632466116e+01,5.757307615598977080e+00
7.993998285224350298e+01,5.143770393066905200e+00
7.995998856816233058e+01,5.192996924077595722e+00
7.997999428408117240e+01,5.436276791806887942e+00
8.000000000000000000e+01,5.364969074782965919e+00
