angle,intensity
1.000000000000000000e+01,4.318332954476359342e-01
1.002000571591883471e+01,1.325214707995664432e-01
1.004001143183766764e+01,9.114434319711807175e-01
1.006001714775650235e+01,1.132328806259195630e+00
1.008002286367533529e+01,1.266205263174286166e+00
1.010002857959417000e+01,9.788100648075355181e-01
1.012003429551300293e+01,1.405451179452936072e+00
1.014004001143183764e+01,5.732765813029743196e-01
1.016004572735067235e+01,6.802650406801205030e-01
1.018005144326950528e+01,9.680198413586569295e-01
1.020005715918833999e+01,1.521954826845240749e+00
1.022006287510717293e+01,8.526661143635733131e-01
1.024006859102600764e+01,1.443759257378214311e+00
1.026007430694484057e+01,9.466514641631577076e-01
1.028008002286367528e+01,1.443326875715467583e+00
1.030008573878250999e+01,3.561949915067369465e-01
1.032009145470134293e+01,5.786503374489015972e-01
1.034009717062017764e+01,4.170097288372054400e-01
1.036010288653901057e+01,1.536085268699509232e+00
1.038010860245784528e+01,1.141748909285398295e+00
1.040011431837667999e+01,1.163223377863483510e+00
1.042012003429551292e+01,1.641101404599831337e+00
1.044012575021434763e+01,9.763987295423033341e-01
1.046013146613318057e+01,7.232609157018357049e-01
1.048013718205201528e+01,1.073669217186357772e+00
1.050014289797084821e+01,1.049052604672737310e+00
1.052014861388968292e+01,5.384282754008782312e-01
1.054015432980851585e+01,1.606961324265551161e+00
1.056016004572735056e+01,1.228254853942837510e+00
1.058016576164618527e+01,1.519307385414031097e+00
1.060017147756501821e+01,8.896890767527669830e-01
1.062017719348385292e+01,6.299328634945136063e-01
1.064018290940268585e+01,6.688853446377155398e-01
1.066018862532152056e+01,1.035333502843936770e+00
1.068019434124035527e+01,1.828628327488029726e+00
1.070020005715918820e+01,9.435851193374973356e-01
1.072020577307802292e+01,1.857643660904278349e+00
1.074021148899685585e+01,8.812603115498243156e-01
1.076021720491569056e+01,1.198841514011430798e+00
1.078022292083452349e+01,1.126737124520761579e+00
1.080022863675335820e+01,1.184302819163654652e+00
1.082023435267219291e+01,1.096174976370296150e+00
1.084024006859102585e+01,1.537745864800406981e+00
1.086024578450986056e+01,1.325725680885381230e+00
1.088025150042869349e+01,8.389161300980314540e-01
1.090025721634752820e+01,1.080532897802407577e+00
1.092026293226636113e+01,5.800099087576753298e-01
1.094026864818519584e+01,1.351611127029815673e+00
1.096027436410403055e+01,1.001135988149527201e+00
1.098028008002286349e+01,1.783599727187081818e+00
1.100028579594169820e+01,1.417643197257615117e+00
1.102029151186053113e+01,6.643413702183369463e-01
1.104029722777936584e+01,1.415145421434190531e+00
1.106030294369819877e+01,1.512332136246218983e+00
1.108030865961703348e+01,1.272143360706334381e+00
1.110031437553586819e+01,1.067952667993674165e+00
1.112032009145470113e+01,1.263097687935291313e+00
1.114032580737353584e+01,1.840678242002577347e+00
1.116033152329236877e+01,1.795620471022001174e+00
1.118033723921120348e+01,9.864644163854747738e-01
1.120034295513003642e+01,1.990322930030781645e+00
1.122034867104887113e+01,1.894339031928893524e+00
1.124035438696770584e+01,2.007338264128089911e+00
1.126036010288653877e+01,9.338928224780305154e-01
1.128036581880537348e+01,8.666864866988459593e-01
1.130037153472420641e+01,1.015354782549373613e+00
1.132037725064304112e+01,1.471362636188443318e+00
1.134038296656187583e+01,1.728729206643923710e+00
1.136038868248070877e+01,1.856292906458536063e+00
1.138039439839954348e+01,1.989802544612043533e+00
1.140040011431837641e+01,1.973466880284024061e+00
1.142040583023721112e+01,1.516349950457113183e+00
1.144041154615604405e+01,1.829838219920205455e+00
1.146041726207487876e+01,1.441450236635189341e+00
1.148042297799371170e+01,1.245803466912190904e+00
1.150042869391254641e+01,1.014444338872728224e+00
1.152043440983138112e+01,1.374942968609526917e+00
1.154044012575021405e+01,2.039083034053844834e+00
1.156044584166904876e+01,1.920617432572973904e+00
1.158045155758788169e+01,1.122797521984491453e+00
1.160045727350671640e+01,1.208926927151349862e+00
1.162046298942555111e+01,8.658317881509745018e-01
1.164046870534438405e+01,8.638710458726159835e-01
1.166047442126321876e+01,1.188853341214141324e+00
1.168048013718205169e+01,1.360069598714064742e+00
1.170048585310088640e+01,1.001231799861058258e+00
1.172049156901971934e+01,1.996495000211886195e+00
1.174049728493855405e+01,1.771870096761032798e+00
1.176050300085738698e+01,1.247411742622263731e+00
1.178050871677622169e+01,1.421663547752021639e+00
1.180051443269505640e+01,1.349796667310037002e+00
1.182052014861388933e+01,1.327556429404938898e+00
1.184052586453272404e+01,9.544998589464093186e-01
1.186053158045155698e+01,2.259776299428667201e+00
1.188053729637039169e+01,1.740720542979365959e+00
1.190054301228922640e+01,1.660460991765420946e+00
1.192054872820805933e+01,1.475569371209742409e+00
1.194055444412689404e+01,8.086008206963065659e-01
1.196056016004572697e+01,2.244256134344745135e+00
1.198056587596456168e+01,1.740904653429158788e+00
1.200057159188339639e+01,2.265361299625435088e+00
1.202057730780222933e+01,1.415466896339252489e+00
1.204058302372106226e+01,1.914450784088547852e+00
1.206058873963989697e+01,1.159626530554884516e+00
1.208059445555873168e+01,9.754786492576489332e-01
1.210060017147756461e+01,1.670210701083539195e+00
1.212060588739639932e+01,1.069205232151666518e+00
1.214061160331523226e+01,1.388103738712093804e+00
1.216061731923406697e+01,1.252882575639509444e+00
1.218062303515290168e+01,1.311700047540656167e+00
1.220062875107173461e+01,1.687051992968356950e+00
1.222063446699056932e+01,2.057296058384047832e+00
1.224064018290940226e+01,1.199635490221487188e+00
1.226064589882823697e+01,2.007304305747783957e+00
1.228065161474707168e+01,2.078008583678648158e+00
1.230065733066590461e+01,2.027356892839328850e+00
1.232066304658473754e+01,2.098166437769795500e+00
1.234066876250357225e+01,1.340162620362759460e+00
1.236067447842240696e+01,1.319335295811035591e+00
1.238068019434123990e+01,2.079565397089945478e+00
1.240068591026007461e+01,1.688130895499879935e+00
1.242069162617890754e+01,2.028671745021550787e+00
1.244069734209774225e+01,2.470273282664337877e+00
1.246070305801657696e+01,1.978591870279472698e+00
1.248070877393540989e+01,2.360221696726321206e+00
1.250071448985424460e+01,1.176935764781287697e+00
1.252072020577307754e+01,1.359482755692221101e+00
1.254072592169191225e+01,9.983482097165625735e-01
1.256073163761074696e+01,2.382274619721710174e+00
1.258073735352957989e+01,1.744266716135840500e+00
1.260074306944841460e+01,1.717074457995618975e+00
1.262074878536724754e+01,1.848097677528207861e+00
1.264075450128608225e+01,1.995102427483322227e+00
1.266076021720491518e+01,2.054163586760065385e+00
1.268076593312374989e+01,1.589903083929286698e+00
1.270077164904258282e+01,2.503048119986875264e+00
1.272077736496141753e+01,1.808967431925800229e+00
1.274078308088025224e+01,2.575986944055449701e+00
1.276078879679908518e+01,1.686379121027628436e+00
1.278079451271791989e+01,2.204353345623918603e+00
1.280080022863675282e+01,1.750883953797754522e+00
1.282080594455558753e+01,1.993183489174800815e+00
1.284081166047442224e+01,1.202805229472420301e+00
1.286081737639325517e+01,1.674973466271150180e+00
1.288082309231208988e+01,1.392500811400305682e+00
1.290082880823092282e+01,2.559540353182561123e+00
1.292083452414975753e+01,2.033432923308519769e+00
1.294084024006859224e+01,1.474436794024159836e+00
1.296084595598742517e+01,2.069228916935643259e+00
1.298085167190625810e+01,1.764316562262240984e+00
1.300085738782509281e+01,1.816982865059391106e+00
1.302086310374392752e+01,2.138852873728610327e+00
1.304086881966276046e+01,1.967163087273075206e+00
1.306087453558159517e+01,1.724071820130828936e+00
1.308088025150042810e+01,1.284167984437628141e+00
1.310088596741926281e+01,1.641668655260409393e+00
1.312089168333809752e+01,2.409209002944328493e+00
1.314089739925693046e+01,1.995132521307720452e+00
1.316090311517576517e+01,1.864082876154652180e+00
1.318090883109459810e+01,1.659581269033817197e+00
1.320091454701343281e+01,2.757043685740002914e+00
1.322092026293226752e+01,1.776741482728995791e+00
1.324092597885110045e+01,2.051967366064706422e+00
1.326093169476993339e+01,2.222697808570366806e+00
1.328093741068876810e+01,1.621606175550565077e+00
1.330094312660760281e+01,1.972621066682127777e+00
1.332094884252643574e+01,2.339285775996394978e+00
1.334095455844527045e+01,1.418650777279649278e+00
1.336096027436410338e+01,2.322380193419856909e+00
1.338096599028293809e+01,2.058789647726900984e+00
1.340097170620177280e+01,2.464068232163844741e+00
1.342097742212060574e+01,1.738208216792563210e+00
1.344098313803944045e+01,2.123076823810842395e+00
1.346098885395827338e+01,2.000740516694895277e+00
1.348099456987710809e+01,2.119045363630282175e+00
1.350100028579594280e+01,1.217889166536398449e+00
1.352100600171477573e+01,1.498999585261253653e+00
1.354101171763361044e+01,2.022881476756379193e+00
1.356101743355244338e+01,2.113363852855751457e+00
1.358102314947127809e+01,2.265389661791222586e+00
1.360102886539011102e+01,1.938199985415046012e+00
1.362103458130894573e+01,1.886088319721763273e+00
1.364104029722777867e+01,2.126412838231931612e+00
1.366104601314661338e+01,2.274330114541079695e+00
1.368105172906544809e+01,1.684297583465529602e+00
1.370105744498428102e+01,1.444131068362698445e+00
1.372106316090311573e+01,2.430034151985549951e+00
1.374106887682194866e+01,2.632664317428360157e+00
1.376107459274078337e+01,1.972200831606337079e+00
1.378108030865961808e+01,2.345167186777758150e+00
1.380108602457845102e+01,2.800261668640348311e+00
1.382109174049728573e+01,2.216891664092556891e+00
1.384109745641611866e+01,1.864830029764768415e+00
1.386110317233495337e+01,2.373566487412890336e+00
1.388110888825378808e+01,1.589797165559363012e+00
1.390111460417262101e+01,2.370662810493086248e+00
1.392112032009145395e+01,1.726028170173895315e+00
1.394112603601028866e+01,2.240814344814441306e+00
1.396113175192912337e+01,2.660593238114894454e+00
1.398113746784795630e+01,2.136732849574534132e+00
1.400114318376679101e+01,2.347896958510396814e+00
1.402114889968562395e+01,1.981906318837758807e+00
1.404115461560445866e+01,2.292352515339560526e+00
1.406116033152329337e+01,2.797732146680418808e+00
1.408116604744212630e+01,2.370106275427929177e+00
1.410117176336095923e+01,2.191777246115834910e+00
1.412117747927979394e+01,2.652006890346721768e+00
1.414118319519862865e+01,2.168897644713830175e+00
1.416118891111746336e+01,2.354008653618557378e+00
1.418119462703629630e+01,1.570271857982774577e+00
1.420120034295512923e+01,2.680230697237549364e+00
1.422120605887396394e+01,2.039822246971302988e+00
1.424121177479279865e+01,2.560467097464586672e+00
1.426121749071163336e+01,1.646491596973163496e+00
1.428122320663046629e+01,2.841939687557709426e+00
1.430122892254929923e+01,2.601233959680903318e+00
1.432123463846813394e+01,2.329313821062340750e+00
1.434124035438696865e+01,3.094199954217567772e+00
1.436124607030580158e+01,2.333680239354698482e+00
1.438125178622463629e+01,1.795761757846675799e+00
1.440125750214346922e+01,2.428449835482015651e+00
1.442126321806230393e+01,2.607932279184612234e+00
1.444126893398113864e+01,2.663658060113326176e+00
1.446127464989997158e+01,2.214547069298152149e+00
1.448128036581880451e+01,2.782167070421583066e+00
1.450128608173763922e+01,2.112890255036370402e+00
1.452129179765647393e+01,1.917368771816302386e+00
1.454129751357530864e+01,2.781081522702167241e+00
1.456130322949414158e+01,2.401910345771831601e+00
1.458130894541297451e+01,2.690905306487962889e+00
1.460131466133180922e+01,2.611626492492246321e+00
1.462132037725064393e+01,2.731485616335333155e+00
1.464132609316947686e+01,2.313728134513233670e+00
1.466133180908831157e+01,3.185630056195028814e+00
1.468133752500714451e+01,2.254181674176686023e+00
1.470134324092597922e+01,1.595877933084924871e+00
1.472134895684481393e+01,2.281427375467877106e+00
1.474135467276364686e+01,2.434357674749179523e+00
1.476136038868247979e+01,2.262977807473950165e+00
1.478136610460131450e+01,2.188947802570668344e+00
1.480137182052014921e+01,2.357234898338607998e+00
1.482137753643898392e+01,2.406594274872150940e+00
1.484138325235781686e+01,1.695929849779806542e+00
1.486138896827664979e+01,2.857228969527092044e+00
1.488139468419548450e+01,2.532212622118130696e+00
1.490140040011431921e+01,2.561490952039040092e+00
1.492140611603315392e+01,2.043443106545115295e+00
1.494141183195198685e+01,2.759767182386283046e+00
1.496141754787081979e+01,3.005736667241604820e+00
1.498142326378965450e+01,2.250157850759347600e+00
1.500142897970848921e+01,2.115806551838482541e+00
1.502143469562732214e+01,3.105110531984692557e+00
1.504144041154615508e+01,3.209150978584960789e+00
1.506144612746498979e+01,3.031255147682406559e+00
1.508145184338382450e+01,2.391733169400542813e+00
1.510145755930265921e+01,2.615844379500385841e+00
1.512146327522149214e+01,2.739675022602775734e+00
1.514146899114032507e+01,2.439743723731376601e+00
1.516147470705915978e+01,2.741655150108856631e+00
1.518148042297799449e+01,1.888367881537424076e+00
1.520148613889682920e+01,3.095336461327288013e+00
1.522149185481566214e+01,2.708015527661576272e+00
1.524149757073449507e+01,2.654620890150224177e+00
1.526150328665332978e+01,2.793117369513874237e+00
1.528150900257216449e+01,2.484864368019943370e+00
1.530151471849099742e+01,2.748829440454893636e+00
1.532152043440983036e+01,2.022699210010716175e+00
1.534152615032866507e+01,2.423652670123353836e+00
1.536153186624749978e+01,2.279921126632248107e+00
1.538153758216633449e+01,2.690429206412336960e+00
1.540154329808516742e+01,2.397349764864700639e+00
1.542154901400400036e+01,2.870529128986523126e+00
1.544155472992283507e+01,2.992021537550961341e+00
1.546156044584166978e+01,2.378989493764875007e+00
1.548156616176050449e+01,2.847627511491857888e+00
1.550157187767933742e+01,2.894699653344700252e+00
1.552157759359817035e+01,2.899328118365051221e+00
1.554158330951700506e+01,2.136289226203264668e+00
1.556158902543583977e+01,2.386194797212775942e+00
1.558159474135467271e+01,3.336492873999060471e+00
1.560160045727350742e+01,2.768113667379947351e+00
1.562160617319234035e+01,3.187555273113718002e+00
1.564161188911117506e+01,1.899574077983936515e+00
1.566161760503000977e+01,2.430487743507431464e+00
1.568162332094884270e+01,3.236205932976321087e+00
1.570162903686767564e+01,3.041998012533349005e+00
1.572163475278651035e+01,3.198232123651753689e+00
1.574164046870534506e+01,2.710130852630368459e+00
1.576164618462417977e+01,2.700567338944477314e+00
1.578165190054301270e+01,2.941430666897896451e+00
1.580165761646184563e+01,2.661572831470590206e+00
1.582166333238068034e+01,2.556246382846098619e+00
1.584166904829951505e+01,2.637475729917350797e+00
1.586167476421834799e+01,2.592595314378231652e+00
1.588168048013718270e+01,3.252314757281026036e+00
1.590168619605601563e+01,2.903375532089535582e+00
1.592169191197485034e+01,3.001458515252633852e+00
1.594169762789368505e+01,2.326634207214723027e+00
1.596170334381251799e+01,2.645951046955557828e+00
1.598170905973135092e+01,2.564784625275899010e+00
1.600171477565018563e+01,2.680874684855714118e+00
1.602172049156902034e+01,2.987352457352298707e+00
1.604172620748785505e+01,2.835229753030971800e+00
1.606173192340668976e+01,2.709016624267867712e+00
1.608173763932552092e+01,2.659811548273343984e+00
1.610174335524435563e+01,2.381887959226223650e+00
1.612174907116319034e+01,2.921646256545469278e+00
1.614175478708202505e+01,2.953043755703270712e+00
1.616176050300085620e+01,2.854863313100609812e+00
1.618176621891969091e+01,2.588160306073921557e+00
1.620177193483852562e+01,2.077995475930649594e+00
1.622177765075736033e+01,2.072315832995326623e+00
1.624178336667619504e+01,2.766367176185786647e+00
1.626178908259502620e+01,3.307510671524046764e+00
1.628179479851386091e+01,2.738307883183374258e+00
1.630180051443269562e+01,2.928524117072885957e+00
1.632180623035153033e+01,2.531158283428826206e+00
1.634181194627036149e+01,2.954040607586843947e+00
1.636181766218919620e+01,2.602165454581642834e+00
1.638182337810803091e+01,2.254391641036908922e+00
1.640182909402686562e+01,3.257013988380341729e+00
1.642183480994570033e+01,3.605900003060707348e+00
1.644184052586453504e+01,2.754261820885166578e+00
1.646184624178336620e+01,2.828348044501406200e+00
1.648185195770220091e+01,2.954533196631893954e+00
1.650185767362103562e+01,3.162683976242177675e+00
1.652186338953986677e+01,2.882065518634406853e+00
1.654186910545870148e+01,3.275150462237850668e+00
1.656187482137753619e+01,2.503086155079112363e+00
1.658188053729637090e+01,2.346222951318751804e+00
1.660188625321520561e+01,3.194782591119963655e+00
1.662189196913404032e+01,3.062960771423359319e+00
1.664189768505287148e+01,2.965859015645575969e+00
1.666190340097170619e+01,2.402331535960513520e+00
1.668190911689054090e+01,2.974830447182198689e+00
1.670191483280937561e+01,3.189974869984643746e+00
1.672192054872820677e+01,3.218901697778285609e+00
1.674192626464704148e+01,2.224055771500463408e+00
1.676193198056587619e+01,2.590728368923204350e+00
1.678193769648471090e+01,2.374142283358661842e+00
1.680194341240354561e+01,2.223827497495522110e+00
1.682194912832238032e+01,2.303627340085673048e+00
1.684195484424121148e+01,3.411449431550013678e+00
1.686196056016004619e+01,2.189529283623680822e+00
1.688196627607888090e+01,2.410287332776676283e+00
1.690197199199771205e+01,2.472293415529462912e+00
1.692197770791654676e+01,3.037157881833605799e+00
1.694198342383538147e+01,2.498632227221985858e+00
1.696198913975421618e+01,3.005890984101330154e+00
1.698199485567305089e+01,2.521710761926734712e+00
1.700200057159188560e+01,2.994635063323160651e+00
1.702200628751071676e+01,2.588692316463172993e+00
1.704201200342955147e+01,2.647350444933652902e+00
1.706201771934838618e+01,2.975809438789979389e+00
1.708202343526722089e+01,3.333898936080517572e+00
1.710202915118605205e+01,3.175156771662894784e+00
1.712203486710488676e+01,3.086771403959755133e+00
1.714204058302372147e+01,3.071053034178157670e+00
1.716204629894255618e+01,3.146656428477316858e+00
1.718205201486139089e+01,2.355717132236599731e+00
1.720205773078022204e+01,3.480575718701913068e+00
1.722206344669905675e+01,3.324014407572668084e+00
1.724206916261789146e+01,3.195536272633038077e+00
1.726207487853672617e+01,3.030259180220784110e+00
1.728208059445555733e+01,2.370466460024717392e+00
1.730208631037439204e+01,2.378502288574402712e+00
1.732209202629322675e+01,3.135648746178158142e+00
1.734209774221206146e+01,3.224606180623728058e+00
1.736210345813089617e+01,3.031382237700364080e+00
1.738210917404973088e+01,3.560104128482583175e+00
1.740211488996856204e+01,3.578739827331765433e+00
1.742212060588739675e+01,2.858535444152121130e+00
1.744212632180623146e+01,3.219334887716473581e+00
1.746213203772506262e+01,2.284515517460111056e+00
1.748213775364389733e+01,3.227164913745391051e+00
1.750214346956273204e+01,3.028430633158941010e+00
1.752214918548156675e+01,3.190792142871536896e+00
1.754215490140040146e+01,2.961627078708657379e+00
1.756216061731923617e+01,3.258611095258723722e+00
1.758216633323806732e+01,3.187498104154959933e+00
1.760217204915690203e+01,3.462054541971770760e+00
1.762217776507573674e+01,3.187015768138222960e+00
1.764218348099457145e+01,2.598313388438626692e+00
1.766218919691340261e+01,3.642620176509081098e+00
1.768219491283223732e+01,2.923593279445156234e+00
1.770220062875107203e+01,3.565857533506838095e+00
1.772220634466990674e+01,3.761417098613449639e+00
1.774221206058874145e+01,2.569479155753122690e+00
1.776221777650757616e+01,3.470316463022592224e+00
1.778222349242640732e+01,2.842707627289186245e+00
1.780222920834524203e+01,3.354903840044080710e+00
1.782223492426407674e+01,2.894244589032658688e+00
1.784224064018290790e+01,3.542343017110102465e+00
1.786224635610174261e+01,3.596334369864619962e+00
1.788225207202057732e+01,3.660116971959247234e+00
1.790225778793941203e+01,2.414186411553894018e+00
1.792226350385824674e+01,2.824965748612596084e+00
1.794226921977708145e+01,3.022316129045719890e+00
1.796227493569591260e+01,3.375540804301773168e+00
1.798228065161474731e+01,2.750236567102591234e+00
1.800228636753358202e+01,2.572661845544851111e+00
1.802229208345241318e+01,3.325727832405661388e+00
1.804229779937124789e+01,2.963322527791695471e+00
1.806230351529008260e+01,3.614244118088021374e+00
1.808230923120891731e+01,3.759725030183424188e+00
1.810231494712775202e+01,2.554876817969999436e+00
1.812232066304658673e+01,3.704052317224415525e+00
1.814232637896542144e+01,3.488542445983395801e+00
1.816233209488425260e+01,3.301491139673919939e+00
1.818233781080308731e+01,2.737102275201003021e+00
1.820234352672191847e+01,2.452984299267555457e+00
1.822234924264075318e+01,3.635697033723964022e+00
1.824235495855958789e+01,3.671127437279019468e+00
1.826236067447842260e+01,2.702182847684896139e+00
1.828236639039725731e+01,3.067158374486252725e+00
1.830237210631609202e+01,2.957288641818179187e+00
1.832237782223492673e+01,3.715630423267437976e+00
1.834238353815375788e+01,2.656867495826106484e+00
1.836238925407259259e+01,2.389743604470915272e+00
1.838239496999142730e+01,3.313548831537943329e+00
1.840240068591025846e+01,3.283646884468208071e+00
1.842240640182909317e+01,2.868509388342297406e+00
1.844241211774792788e+01,2.782020325459280130e+00
1.846241783366676259e+01,3.488075428929569455e+00
1.848242354958559730e+01,3.555112127223389429e+00
1.850242926550443201e+01,2.737880412294249943e+00
1.852243498142326672e+01,3.158282346904763394e+00
1.854244069734209788e+01,3.343904545829661679e+00
1.856244641326093259e+01,3.076858629565606407e+00
1.858245212917976374e+01,3.623320019785605695e+00
1.860245784509859845e+01,3.343772562775292112e+00
1.862246356101743316e+01,3.410911188050966825e+00
1.864246927693626787e+01,3.326959838857722396e+00
1.866247499285510258e+01,3.787160423365864226e+00
1.868248070877393729e+01,3.957062242264475671e+00
1.870248642469277200e+01,3.509090493993267224e+00
1.872249214061160316e+01,3.383677483750845649e+00
1.874249785653043787e+01,2.803402514122860012e+00
1.876250357244927258e+01,3.540819842776694593e+00
1.878250928836810374e+01,3.178734884563229279e+00
1.880251500428693845e+01,3.529184727409473865e+00
1.882252072020577316e+01,3.201327009743431873e+00
1.884252643612460787e+01,3.453655378070618287e+00
1.886253215204344258e+01,3.830262733190368696e+00
1.888253786796227729e+01,3.212959747782746067e+00
1.890254358388111200e+01,3.008831993769778279e+00
1.892254929979994316e+01,2.752543210888038772e+00
1.894255501571877787e+01,2.997553629443361345e+00
1.896256073163760902e+01,4.092100558577907776e+00
1.898256644755644373e+01,3.585979970482966461e+00
1.900257216347527844e+01,4.018899355585467070e+00
1.902257787939411315e+01,3.560317232758923200e+00
1.904258359531294786e+01,3.280732638435016391e+00
1.906258931123178257e+01,2.991380892332623276e+00
1.908259502715061728e+01,3.055206590215459705e+00
1.910260074306944844e+01,3.646970842421151549e+00
1.912260645898828315e+01,3.540157519241185824e+00
1.914261217490711431e+01,2.993471157236145874e+00
1.916261789082594902e+01,3.903474934019088849e+00
1.918262360674478373e+01,3.260767783722860358e+00
1.920262932266361844e+01,2.792253188609834069e+00
1.922263503858245315e+01,3.265311768634623579e+00
1.924264075450128786e+01,3.981136290097639474e+00
1.926264647042012257e+01,3.506091940430729359e+00
1.928265218633895373e+01,3.115244159282354985e+00
1.930265790225778844e+01,3.206560749171356584e+00
1.932266361817662315e+01,3.176625701648178257e+00
1.934266933409545430e+01,3.388005306917871717e+00
1.936267505001428901e+01,2.912837940672004855e+00
1.938268076593312372e+01,3.526153059121629685e+00
1.940268648185195843e+01,3.585476735332800757e+00
1.942269219777079314e+01,3.674687012994637847e+00
1.944269791368962785e+01,4.047655730881302816e+00
1.946270362960846256e+01,4.172785956460955958e+00
1.948270934552729372e+01,4.026178754266377169e+00
1.950271506144612843e+01,2.951103863267943161e+00
1.952272077736495959e+01,3.951179455395145812e+00
1.954272649328379430e+01,3.255002013996921573e+00
1.956273220920262901e+01,3.795904302069045499e+00
1.958273792512146372e+01,3.445431301487714038e+00
1.960274364104029843e+01,3.574408036811363765e+00
1.962274935695913314e+01,4.190101703399562894e+00
1.964275507287796785e+01,3.438542013057273916e+00
1.966276078879679901e+01,3.339889121290201324e+00
1.968276650471563372e+01,3.883069789702223495e+00
1.970277222063446487e+01,3.767936606038991609e+00
1.972277793655329958e+01,3.413569757415846340e+00
1.974278365247213429e+01,3.352220510415796717e+00
1.976278936839096900e+01,3.380922460056829948e+00
1.978279508430980371e+01,2.809708944229770022e+00
1.980280080022863842e+01,2.781170224292311310e+00
1.982280651614747313e+01,3.398163410653220140e+00
1.984281223206630784e+01,3.186217895187377636e+00
1.986281794798513900e+01,3.373016177050640607e+00
1.988282366390397371e+01,3.003282923463780563e+00
1.990282937982280487e+01,3.925729240614094007e+00
1.992283509574163958e+01,3.185844566330681804e+00
1.994284081166047429e+01,3.366140634951130473e+00
1.996284652757930900e+01,4.119896557734610276e+00
1.998285224349814371e+01,3.647718455548484506e+00
2.000285795941697842e+01,3.219867605734454408e+00
2.002286367533581313e+01,3.755199596630856895e+00
2.004286939125464428e+01,3.505380833117637707e+00
2.006287510717347899e+01,3.481735514028175160e+00
2.008288082309231015e+01,3.426317988988581753e+00
2.010288653901114486e+01,3.725849372447523677e+00
2.012289225492997957e+01,4.133609426274274412e+00
2.014289797084881428e+01,3.657889067914865677e+00
2.016290368676764899e+01,2.875157048888210554e+00
2.018290940268648370e+01,3.704425889931544980e+00
2.020291511860531841e+01,2.858977270278392879e+00
2.022292083452414957e+01,3.603958368599486928e+00
2.024292655044298428e+01,3.409618597810402552e+00
2.026293226636181899e+01,3.683884514664796050e+00
2.028293798228065015e+01,3.450483874148500441e+00
2.030294369819948486e+01,3.099541541621743335e+00
2.032294941411831957e+01,3.878335600235139680e+00
2.034295513003715428e+01,3.392978481991956841e+00
2.036296084595598899e+01,3.528269446366585349e+00
2.038296656187482370e+01,4.260771951633922860e+00
2.040297227779365841e+01,2.935676136716972806e+00
2.042297799371248956e+01,2.864500727925556767e+00
2.044298370963132427e+01,3.755648899104212290e+00
2.046298942555015543e+01,3.232032944621592740e+00
2.048299514146899014e+01,3.485142281149332000e+00
2.050300085738782485e+01,3.804531313553898286e+00
2.052300657330665956e+01,2.830811876333200861e+00
2.054301228922549427e+01,3.875124856619224900e+00
2.056301800514432898e+01,3.198678095561477974e+00
2.058302372106316369e+01,3.371666497823196718e+00
2.060302943698199485e+01,2.997789779800208887e+00
2.062303515290082956e+01,4.430428393540329246e+00
2.064304086881966072e+01,3.664473517992720808e+00
2.066304658473849543e+01,3.716982357306317653e+00
2.068305230065733014e+01,3.869688000197438082e+00
2.070305801657616485e+01,4.010391148567977737e+00
2.072306373249499956e+01,3.436693599391566600e+00
2.074306944841383427e+01,4.161991674224537974e+00
2.076307516433266898e+01,3.844607864604488334e+00
2.078308088025150369e+01,3.625281771923179797e+00
2.080308659617033484e+01,3.395348664306497621e+00
2.082309231208916955e+01,3.738203666744303710e+00
2.084309802800800071e+01,3.929060061814289018e+00
2.086310374392683542e+01,3.191710649544037715e+00
2.088310945984567013e+01,2.973254946802318166e+00
2.090311517576450484e+01,3.669891401630867023e+00
2.092312089168333955e+01,3.641993202685255504e+00
2.094312660760217426e+01,4.243500725183356082e+00
2.096313232352100897e+01,3.503580719645258856e+00
2.098313803943984013e+01,3.014717585214012452e+00
2.100314375535867484e+01,3.410898030547119930e+00
2.102314947127750600e+01,2.954948310535702838e+00
2.104315518719634071e+01,4.308362540599667945e+00
2.106316090311517542e+01,3.821623385115463289e+00
2.108316661903401013e+01,3.852595178505805684e+00
2.110317233495284484e+01,3.236345039568677695e+00
2.112317805087167955e+01,3.715959776131413150e+00
2.114318376679051426e+01,3.886509818757167611e+00
2.116318948270934541e+01,4.014334180882661585e+00
2.118319519862818012e+01,3.643663586337591020e+00
2.120320091454701483e+01,3.223555043414412680e+00
2.122320663046584599e+01,3.950582368291671642e+00
2.124321234638468070e+01,4.137712093936134927e+00
2.126321806230351541e+01,4.354835379284564212e+00
2.128322377822235012e+01,3.300179611396270474e+00
2.130322949414118483e+01,3.811325500704661362e+00
2.132323521006001954e+01,3.421266442094941240e+00
2.134324092597885425e+01,3.947760054988859846e+00
2.136324664189768541e+01,3.929866884471321598e+00
2.138325235781652012e+01,3.981998143270071289e+00
2.140325807373535127e+01,4.138802226546052232e+00
2.142326378965418598e+01,4.365313384013884246e+00
2.144326950557302069e+01,3.650689653785573086e+00
2.146327522149185540e+01,4.182778268440860536e+00
2.148328093741069011e+01,3.842372117787953734e+00
2.150328665332952482e+01,3.909170602604416622e+00
2.152329236924835953e+01,4.127573247223389252e+00
2.154329808516719069e+01,3.370491238440374460e+00
2.156330380108602540e+01,4.162941461720255809e+00
2.158330951700485656e+01,3.963071972436215340e+00
2.160331523292369127e+01,3.235671191106448852e+00
2.162332094884252598e+01,4.441089086305379574e+00
2.164332666476136069e+01,3.655139172212658494e+00
2.166333238068019540e+01,3.615286577354075881e+00
2.168333809659903011e+01,3.653875301418265664e+00
2.170334381251786482e+01,3.746442118734394811e+00
2.172334952843669598e+01,3.895824120197268314e+00
2.174335524435553069e+01,3.979273372350516258e+00
2.176336096027436540e+01,4.402115584653246927e+00
2.178336667619319655e+01,4.182824287772744398e+00
2.180337239211203126e+01,3.685406482394237848e+00
2.182337810803086597e+01,4.230559154826104340e+00
2.184338382394970068e+01,4.363188667552918787e+00
2.186338953986853539e+01,3.910444852973326668e+00
2.188339525578737010e+01,4.185852715062274854e+00
2.190340097170620481e+01,3.765871379389455598e+00
2.192340668762503597e+01,3.524122418189846950e+00
2.194341240354387068e+01,3.989810546542952530e+00
2.196341811946270184e+01,3.639251108133938928e+00
2.198342383538153655e+01,3.545248837414566978e+00
2.200342955130037126e+01,4.031103675925084673e+00
2.202343526721920597e+01,4.234459434171421677e+00
2.204344098313804068e+01,3.955920028694457802e+00
2.206344669905687539e+01,3.693496351336580830e+00
2.208345241497571010e+01,4.782120423405912035e+00
2.210345813089454126e+01,4.590397454870519311e+00
2.212346384681337597e+01,4.779931074971571547e+00
2.214346956273221068e+01,3.708751196835031294e+00
2.216347527865104183e+01,4.189175183138715397e+00
2.218348099456987654e+01,4.326869144834722292e+00
2.220348671048871125e+01,3.660176128446571475e+00
2.222349242640754596e+01,4.386196937768490400e+00
2.224349814232638067e+01,3.476154893502275467e+00
2.226350385824521538e+01,3.842156583877716081e+00
2.228350957416405009e+01,3.914383017722817382e+00
2.230351529008288125e+01,3.795942010257491006e+00
2.232352100600171596e+01,4.438803485251201053e+00
2.234352672192054712e+01,4.473864165521133529e+00
2.236353243783938183e+01,3.942182818836427849e+00
2.238353815375821654e+01,3.712601666320267668e+00
2.240354386967705125e+01,4.145294517879182905e+00
2.242354958559588596e+01,3.172969520239668384e+00
2.244355530151472067e+01,4.125910225288919264e+00
2.246356101743355538e+01,4.092431458069310857e+00
2.248356673335238654e+01,3.988292009069078770e+00
2.250357244927122125e+01,4.118142357062251513e+00
2.252357816519005240e+01,4.396595552827823106e+00
2.254358388110888711e+01,3.435132314188988012e+00
2.256358959702772182e+01,3.690638506870016489e+00
2.258359531294655653e+01,3.737923775540353599e+00
2.260360102886539124e+01,3.292065981847227540e+00
2.262360674478422595e+01,3.894949893853407730e+00
2.264361246070306066e+01,4.117550462403670508e+00
2.266361817662189182e+01,3.804304609944848536e+00
2.268362389254072653e+01,3.933964806320426888e+00
2.270362960845956124e+01,4.274390142172076246e+00
2.272363532437839240e+01,3.869699215396965819e+00
2.274364104029722711e+01,4.428459792870872214e+00
2.276364675621606182e+01,4.196698333422396843e+00
2.278365247213489653e+01,4.442484874343191947e+00
2.280365818805373124e+01,4.511066638233263149e+00
2.282366390397256595e+01,4.406988776678559816e+00
2.284366961989140066e+01,3.232805692904627826e+00
2.286367533581023181e+01,4.323086498365293906e+00
2.288368105172906652e+01,4.432338168884991880e+00
2.290368676764789768e+01,4.466141037845147821e+00
2.292369248356673239e+01,3.510110950696579302e+00
2.294369819948556710e+01,3.931132934784170807e+00
2.296370391540440181e+01,4.277460800866982105e+00
2.298370963132323652e+01,4.628760949019735449e+00
2.300371534724207123e+01,4.229173435817708437e+00
2.302372106316090594e+01,3.627642412672010153e+00
2.304372677907973710e+01,4.808655279058032583e+00
2.306373249499857181e+01,4.089365797966868499e+00
2.308373821091740652e+01,3.317283244929316144e+00
2.310374392683623768e+01,4.621921715085505866e+00
2.312374964275507239e+01,4.269235396610487676e+00
2.314375535867390710e+01,3.972235154369175181e+00
2.316376107459274181e+01,4.443420827280720076e+00
2.318376679051157652e+01,4.303136996921303137e+00
2.320377250643041123e+01,3.871229849231719200e+00
2.322377822234924594e+01,3.643321234991358626e+00
2.324378393826807709e+01,3.964722897558211834e+00
2.326378965418691180e+01,4.574564251565971240e+00
2.328379537010574296e+01,4.597179911115837569e+00
2.330380108602457767e+01,3.850358371603824104e+00
2.332380680194341238e+01,3.334215444795004757e+00
2.334381251786224709e+01,4.189435830139405681e+00
2.336381823378108180e+01,4.244659998900436548e+00
2.338382394969991651e+01,3.880968044208320755e+00
2.340382966561875122e+01,3.852102394481024206e+00
2.342383538153758238e+01,3.981914419755781864e+00
2.344384109745641709e+01,3.750079585731052045e+00
2.346384681337524825e+01,4.484388720383482685e+00
2.348385252929408296e+01,4.086121539819004944e+00
2.350385824521291767e+01,3.464277834684345247e+00
2.352386396113175238e+01,3.865478332631409053e+00
2.354386967705058709e+01,4.060053087300974362e+00
2.356387539296942180e+01,4.586443609951189160e+00
2.358388110888825651e+01,4.019428819676767795e+00
2.360388682480708766e+01,4.361204460302424479e+00
2.362389254072592237e+01,4.137977490796981961e+00
2.364389825664475708e+01,3.649731676444495587e+00
2.366390397256358824e+01,3.458948826085414652e+00
2.368390968848242295e+01,4.453046416103136451e+00
2.370391540440125766e+01,3.739501707108340955e+00
2.372392112032009237e+01,4.955202920669485422e+00
2.374392683623892708e+01,4.251248726509617271e+00
2.376393255215776179e+01,4.315113600634894020e+00
2.378393826807659650e+01,3.973668479271166731e+00
2.380394398399542766e+01,4.457652601044317819e+00
2.382394969991426237e+01,4.122991947112462974e+00
2.384395541583309353e+01,4.481387975234321530e+00
2.386396113175192824e+01,3.813891219280077571e+00
2.388396684767076295e+01,4.792299709380873018e+00
2.390397256358959766e+01,4.716197044857613818e+00
2.392397827950843237e+01,3.645737279734553304e+00
2.394398399542726708e+01,3.622752689776497448e+00
2.396398971134610179e+01,4.877688257289745977e+00
2.398399542726493294e+01,3.948876833818999454e+00
2.400400114318376765e+01,4.772029939877896254e+00
2.402400685910260236e+01,4.532806017820171895e+00
2.404401257502143352e+01,3.775187282024377922e+00
2.406401829094026823e+01,4.555749566401750883e+00
2.408402400685910294e+01,4.175708181682580289e+00
2.410402972277793765e+01,3.861909409830744710e+00
2.412403543869677236e+01,4.016384957936360856e+00
2.414404115461560707e+01,4.355014723670431742e+00
2.416404687053444178e+01,4.766829704368142018e+00
2.418405258645327294e+01,4.764444527935642881e+00
2.420405830237210765e+01,4.384558512652109385e+00
2.422406401829093880e+01,4.095420728937556376e+00
2.424406973420977351e+01,3.997776213741833118e+00
2.426407545012860822e+01,4.482696205514869803e+00
2.428408116604744293e+01,4.546456453104758211e+00
2.430408688196627764e+01,4.506374351125994160e+00
2.432409259788511235e+01,4.205235255005109529e+00
2.434409831380394706e+01,4.067772433964192302e+00
2.436410402972277822e+01,4.793626962378130685e+00
2.438410974564161293e+01,4.622068895808098432e+00
2.440411546156044409e+01,4.276712077901522413e+00
2.442412117747927880e+01,4.206887270737615481e+00
2.444412689339811351e+01,4.364371304122197870e+00
2.446413260931694822e+01,4.517077082292118462e+00
2.448413832523578293e+01,4.983985116330952536e+00
2.450414404115461764e+01,4.460392726734763613e+00
2.452414975707345235e+01,3.509712837547353637e+00
2.454415547299228351e+01,4.682397436859877971e+00
2.456416118891111822e+01,4.135825056256163812e+00
2.458416690482995293e+01,4.127931589153917002e+00
2.460417262074878408e+01,4.572447655967302182e+00
2.462417833666761879e+01,4.103935240530836914e+00
2.464418405258645350e+01,4.651264336758998752e+00
2.466418976850528821e+01,4.187717528361387664e+00
2.468419548442412292e+01,4.587029859864810710e+00
2.470420120034295763e+01,4.411157944852600821e+00
2.472420691626179234e+01,4.369877758452675565e+00
2.474421263218062350e+01,4.133141159072039272e+00
2.476421834809945821e+01,4.151994056931229693e+00
2.478422406401828937e+01,4.895205840341906978e+00
2.480422977993712408e+01,4.385539700705992416e+00
2.482423549585595879e+01,3.757073776589880509e+00
2.484424121177479350e+01,3.496255100480239797e+00
2.486424692769362821e+01,3.906436356082753303e+00
2.488425264361246292e+01,4.957886455045985130e+00
2.490425835953129763e+01,4.405229374452914293e+00
2.492426407545012879e+01,4.320444690353921757e+00
2.494426979136896350e+01,4.611339434981543306e+00
2.496427550728779821e+01,4.890044979790117097e+00
2.498428122320662936e+01,4.150168521128566823e+00
2.500428693912546407e+01,4.752019984570100775e+00
2.502429265504429878e+01,3.690722908213784237e+00
2.504429837096313349e+01,3.545625870863867490e+00
2.506430408688196820e+01,5.125249616830028110e+00
2.508430980280080291e+01,4.852924460951788532e+00
2.510431551871963762e+01,3.859713388247585364e+00
2.512432123463846878e+01,4.459244879118543281e+00
2.514432695055730349e+01,4.133979391387494040e+00
2.516433266647613465e+01,4.019085181793661476e+00
2.518433838239496936e+01,4.624009000746333697e+00
2.520434409831380407e+01,4.537159508540019814e+00
2.522434981423263878e+01,4.014885675578693025e+00
2.524435553015147349e+01,4.276975681904176874e+00
2.526436124607030820e+01,4.099170453441116635e+00
2.528436696198914291e+01,4.855204638505597359e+00
2.530437267790797407e+01,3.840440332797351974e+00
2.532437839382680878e+01,4.139089790427341597e+00
2.534438410974563993e+01,4.101919182490645355e+00
2.536438982566447464e+01,5.045271943290507544e+00
2.538439554158330935e+01,3.786726150031007876e+00
2.540440125750214406e+01,4.916919497521330840e+00
2.542440697342097877e+01,4.588984189843593242e+00
2.544441268933981348e+01,4.154465458631571018e+00
2.546441840525864819e+01,4.322814917542148194e+00
2.548442412117747935e+01,4.661347224883536811e+00
2.550442983709631406e+01,4.436452495288046194e+00
2.552443555301514877e+01,4.608799657385170612e+00
2.554444126893397993e+01,4.543580643599709035e+00
2.556444698485281464e+01,3.989618608915057152e+00
2.558445270077164935e+01,4.964693714250857148e+00
2.560445841669048406e+01,3.960417047486206599e+00
2.562446413260931877e+01,4.275738459970514604e+00
2.564446984852815348e+01,4.756415967690100999e+00
2.566447556444698819e+01,4.367359993246360261e+00
2.568448128036581934e+01,5.041888896709139978e+00
2.570448699628465405e+01,4.431099024639583384e+00
2.572449271220348521e+01,4.034386724677495373e+00
2.574449842812231992e+01,4.688950404742938893e+00
2.576450414404115463e+01,4.558088894131952173e+00
2.578450985995998934e+01,4.299607291659652830e+00
2.580451557587882405e+01,5.102402277174028278e+00
2.582452129179765876e+01,3.916369483154056752e+00
2.584452700771649347e+01,4.153671583375630583e+00
2.586453272363532463e+01,4.108102337261917647e+00
2.588453843955415934e+01,4.190706803170433759e+00
2.590454415547299405e+01,4.881563193833665437e+00
2.592454987139182521e+01,3.648527906311429092e+00
2.594455558731065992e+01,3.891114870652679691e+00
2.596456130322949463e+01,5.148024322785605733e+00
2.598456701914832934e+01,4.123088231807202853e+00
2.600457273506716405e+01,4.327351000575806239e+00
2.602457845098599520e+01,3.715062770791702107e+00
2.604458416690482991e+01,4.542378215637644878e+00
2.606458988282366462e+01,4.722304257628994861e+00
2.608459559874249933e+01,4.484359245849216080e+00
2.610460131466133404e+01,4.924928067257967612e+00
2.612460703058016520e+01,4.466447874302710730e+00
2.614461274649899991e+01,5.004617262329605687e+00
2.616461846241783462e+01,4.457482299180480112e+00
2.618462417833666933e+01,4.561073958533597761e+00
2.620462989425550404e+01,3.927538178918894118e+00
2.622463561017433520e+01,4.140544419411908983e+00
2.624464132609316991e+01,4.683340815264536161e+00
2.626464704201200462e+01,4.915880327340245159e+00
2.628465275793083933e+01,4.388613770237771661e+00
2.630465847384967049e+01,4.333439204442291803e+00
2.632466418976850520e+01,4.986105797205251378e+00
2.634466990568733991e+01,4.086978952359073602e+00
2.636467562160617462e+01,5.145642250524415928e+00
2.638468133752500933e+01,5.303064241115658106e+00
2.640468705344384048e+01,5.445068910022989428e+00
2.642469276936267519e+01,4.903836184298374867e+00
2.644469848528150990e+01,4.209646836773403678e+00
2.646470420120034461e+01,4.229117868808626390e+00
2.648470991711917932e+01,4.559166198524051694e+00
2.650471563303801048e+01,4.608702587186810362e+00
2.652472134895684519e+01,4.549537929898990640e+00
2.654472706487567990e+01,4.682067879883620165e+00
2.656473278079451461e+01,4.414517474753723469e+00
2.658473849671334932e+01,5.357291092160775925e+00
2.660474421263218048e+01,4.439263131405520646e+00
2.662474992855101519e+01,4.964619138207254423e+00
2.664475564446984990e+01,4.857495574757781043e+00
2.666476136038868461e+01,4.964329855254952406e+00
2.668476707630751577e+01,4.334367444836898287e+00
2.670477279222635048e+01,4.755126050401415227e+00
2.672477850814518519e+01,4.660695805432391481e+00
2.674478422406401990e+01,4.729296724934523688e+00
2.676478993998285461e+01,4.210408772330382909e+00
2.678479565590168576e+01,5.014157667870088098e+00
2.680480137182052047e+01,5.037146850034619483e+00
2.682480708773935518e+01,4.553476029361966049e+00
2.684481280365818989e+01,4.860884984725357683e+00
2.686481851957702460e+01,4.478678048938281364e+00
2.688482423549585576e+01,5.262958704598898585e+00
2.690482995141469047e+01,5.126336148530125314e+00
2.692483566733352518e+01,4.355442353635663011e+00
2.694484138325235989e+01,4.581477586757046083e+00
2.696484709917119105e+01,4.005076735376940533e+00
2.698485281509002576e+01,4.965438136854700701e+00
2.700485853100886047e+01,4.370112077734469302e+00
2.702486424692769518e+01,5.167019444298961872e+00
2.704486996284652989e+01,4.788570372698117694e+00
2.706487567876536104e+01,4.837050387721905764e+00
2.708488139468419575e+01,4.179275676254889049e+00
2.710488711060303046e+01,4.424844094525362870e+00
2.712489282652186517e+01,4.453361425558059139e+00
2.714489854244069988e+01,4.807769267203267027e+00
2.716490425835953104e+01,4.955858076506792997e+00
2.718490997427836575e+01,4.941196388936491601e+00
2.720491569019720046e+01,4.424049580289631578e+00
2.722492140611603517e+01,5.060362175582557853e+00
2.724492712203486633e+01,5.378710059277685751e+00
2.726493283795370104e+01,4.334066397693957740e+00
2.728493855387253575e+01,4.228416133673140287e+00
2.730494426979137046e+01,5.147910914982570141e+00
2.732494998571020517e+01,5.164182120551275013e+00
2.734495570162903633e+01,3.920710657407108002e+00
2.736496141754787104e+01,4.755405433666035186e+00
2.738496713346670575e+01,5.258099619484605469e+00
2.740497284938554046e+01,4.608903429690130338e+00
2.742497856530437517e+01,4.721654881981789842e+00
2.744498428122320632e+01,5.200510052621801549e+00
2.746498999714204103e+01,4.800637516447871178e+00
2.748499571306087574e+01,5.054748110457927268e+00
2.750500142897971045e+01,5.474015990293688461e+00
2.752500714489854516e+01,4.694530036599945610e+00
2.754501286081737632e+01,5.379522463538785715e+00
2.756501857673621103e+01,5.197738013869248164e+00
2.758502429265504574e+01,4.571554549817294699e+00
2.760503000857388045e+01,4.486401743589505386e+00
2.762503572449271161e+01,5.220276285178840681e+00
2.764504144041154632e+01,5.407916462171540317e+00
2.766504715633038103e+01,4.718264787723436271e+00
2.768505287224921574e+01,5.599890911122553661e+00
2.770505858816805045e+01,5.043730742083557317e+00
2.772506430408688161e+01,4.953375214308193719e+00
2.774507002000571632e+01,6.133450872170897128e+00
2.776507573592455103e+01,5.969300532377062041e+00
2.778508145184338574e+01,5.852973705694497930e+00
2.780508716776222045e+01,5.801710924099007016e+00
2.782509288368105160e+01,6.357753975286994041e+00
2.784509859959988631e+01,6.214326052644942422e+00
2.786510431551872102e+01,6.856499144295642445e+00
2.788511003143755573e+01,6.867680645346571744e+00
2.790511574735638689e+01,7.143813772001193385e+00
2.792512146327522160e+01,7.117931513256584353e+00
2.794512717919405631e+01,7.119030234834982984e+00
2.796513289511289102e+01,8.133522980416522330e+00
2.798513861103172573e+01,8.329707359319304061e+00
2.800514432695055689e+01,8.811765942791161876e+00
2.802515004286939160e+01,8.946750963515279764e+00
2.804515575878822631e+01,8.921244902276690425e+00
2.806516147470706102e+01,1.032343674639622044e+01
2.808516719062589573e+01,9.614125232925948339e+00
2.810517290654472689e+01,1.080290972470110411e+01
2.812517862246356160e+01,1.147182963196437200e+01
2.814518433838239631e+01,1.110380211140590845e+01
2.816519005430123102e+01,1.204310795265493894e+01
2.818519577022006217e+01,1.175128645288524787e+01
2.820520148613889688e+01,1.231013939511223398e+01
2.822520720205773159e+01,1.403819176445665562e+01
2.824521291797656630e+01,1.438000491290803673e+01
2.826521863389540101e+01,1.455087040388816888e+01
2.828522434981423217e+01,1.554390137637034641e+01
2.830523006573306688e+01,1.668985761927480027e+01
2.832523578165190159e+01,1.651664168667987198e+01
2.834524149757073630e+01,1.789902616560262416e+01
2.836524721348957101e+01,1.874460682047598326e+01
2.838525292940840217e+01,1.894933871558478344e+01
2.840525864532723688e+01,2.103198478279707118e+01
2.842526436124607159e+01,2.134145928219010813e+01
2.844527007716490630e+01,2.242934632748193735e+01
2.846527579308374101e+01,2.261313149033559000e+01
2.848528150900257216e+01,2.486464420449404855e+01
2.850528722492140687e+01,2.467176748952807230e+01
2.852529294084024158e+01,2.598579295730726457e+01
2.854529865675907629e+01,2.669152077244577015e+01
2.856530437267790745e+01,2.745359937998085442e+01
2.858531008859674216e+01,2.752324249159010350e+01
2.860531580451557687e+01,2.742381682543949140e+01
2.862532152043441158e+01,2.809971747888713978e+01
2.864532723635324629e+01,2.845529755012772455e+01
2.866533295227207745e+01,2.707561282291457161e+01
2.868533866819091216e+01,2.680268397869551222e+01
2.870534438410974687e+01,2.542905914095222286e+01
2.872535010002858158e+01,2.438838444422324869e+01
2.874535581594741629e+01,2.279373238779646371e+01
2.876536153186624745e+01,2.115504999695968280e+01
2.878536724778508216e+01,1.951442478748886700e+01
2.880537296370391687e+01,1.716753874721160500e+01
2.882537867962275158e+01,1.609680567617217406e+01
2.884538439554158273e+01,1.394019038719315873e+01
2.886539011146041744e+01,1.243830911186664245e+01
2.888539582737925215e+01,1.099525479996187372e+01
2.890540154329808686e+01,9.371455552191235938e+00
2.892540725921692157e+01,9.189848142497186956e+00
2.894541297513575273e+01,8.923733659864433676e+00
2.896541869105458744e+01,7.520751661216660722e+00
2.898542440697342215e+01,7.036408862967583389e+00
2.900543012289225686e+01,7.188401816730060290e+00
2.902543583881109157e+01,6.541646544689195153e+00
2.904544155472992273e+01,5.562847921011565333e+00
2.906544727064875744e+01,5.875875088708765404e+00
2.908545298656759215e+01,5.371101879175039784e+00
2.910545870248642686e+01,5.966271494189609115e+00
2.912546441840525802e+01,5.750417489806181948e+00
2.914547013432409273e+01,4.929263989761651032e+00
2.916547585024292744e+01,5.754372805122827117e+00
2.918548156616176215e+01,5.652423883221564083e+00
2.920548728208059686e+01,4.657074289455828797e+00
2.922549299799942801e+01,5.689595551103153070e+00
2.924549871391826272e+01,4.845512826569120080e+00
2.926550442983709743e+01,5.571328350081367731e+00
2.928551014575593214e+01,5.749784770321867633e+00
2.930551586167476685e+01,4.664729107018438015e+00
2.932552157759359801e+01,4.557331463875863520e+00
2.934552729351243272e+01,5.350849422037430081e+00
2.936553300943126743e+01,5.709448196254300889e+00
2.938553872535010214e+01,5.414838452737964936e+00
2.940554444126893330e+01,5.559730371431385265e+00
2.942555015718776801e+01,4.547270172834529944e+00
2.944555587310660272e+01,5.251655859581069841e+00
2.946556158902543743e+01,5.162196957130142039e+00
2.948556730494427214e+01,5.782994013805106803e+00
2.950557302086310330e+01,4.401228437502501478e+00
2.952557873678193801e+01,5.121442635068126137e+00
2.954558445270077272e+01,4.281094821697989161e+00
2.956559016861960743e+01,5.096505140158837932e+00
2.958559588453844214e+01,5.385019591509180970e+00
2.960560160045727329e+01,5.385379041445557569e+00
2.962560731637610800e+01,4.435537218193715603e+00
2.964561303229494271e+01,5.350903573059872187e+00
2.966561874821377742e+01,5.168379125766788817e+00
2.968562446413261213e+01,5.477859835275592282e+00
2.970563018005144329e+01,4.319080710588644401e+00
2.972563589597027800e+01,4.722189889842059785e+00
2.974564161188911271e+01,5.025125058602569084e+00
2.976564732780794742e+01,5.644838886713262838e+00
2.978565304372677858e+01,5.642525985139350553e+00
2.980565875964561329e+01,5.330752118639111359e+00
2.982566447556444800e+01,5.081966397274726432e+00
2.984567019148328271e+01,4.931117329908631497e+00
2.986567590740211742e+01,4.621789322560964308e+00
2.988568162332094857e+01,5.542485332924494301e+00
2.990568733923978328e+01,4.743763340695400288e+00
2.992569305515861799e+01,5.672790990942205624e+00
2.994569877107745270e+01,5.583140429672514671e+00
2.996570448699628741e+01,4.341360583167191756e+00
2.998571020291511857e+01,5.415292777721687933e+00
3.000571591883395328e+01,4.921277397533110332e+00
3.002572163475278799e+01,5.381883676929377636e+00
3.004572735067162270e+01,4.631310713228531384e+00
3.006573306659045386e+01,4.523110031028688915e+00
3.008573878250928857e+01,5.424220119953213626e+00
3.010574449842812328e+01,4.569723627077712180e+00
3.012575021434695799e+01,4.780357559518794375e+00
3.014575593026579270e+01,5.508984568636504875e+00
3.016576164618462386e+01,5.753083398056232589e+00
3.018576736210345857e+01,5.403376953253610893e+00
3.020577307802229328e+01,4.778743589628811073e+00
3.022577879394112799e+01,4.656849004813409465e+00
3.024578450985996270e+01,4.622693291485179046e+00
3.026579022577879385e+01,5.163779678138808116e+00
3.028579594169762856e+01,5.198760131498733728e+00
3.030580165761646327e+01,5.623666361487464016e+00
3.032580737353529798e+01,4.392817891161964639e+00
3.034581308945412914e+01,5.559094688816813346e+00
3.036581880537296385e+01,4.654289318157500688e+00
3.038582452129179856e+01,4.691480662451573025e+00
3.040583023721063327e+01,4.765698946348199350e+00
3.042583595312946798e+01,4.677076835972767910e+00
3.044584166904829914e+01,5.072735916606119666e+00
3.046584738496713385e+01,4.932935881250996246e+00
3.048585310088596856e+01,5.412951256292164004e+00
3.050585881680480327e+01,4.433579895164049489e+00
3.052586453272363798e+01,5.820645722088992002e+00
3.054587024864246914e+01,5.430737479530316492e+00
3.056587596456130385e+01,4.990307280926366218e+00
3.058588168048013856e+01,5.284812905253010840e+00
3.060588739639897327e+01,5.747417293718140030e+00
3.062589311231780798e+01,4.945883834311288751e+00
3.064589882823663913e+01,5.346481582581946057e+00
3.066590454415547384e+01,4.968872146877593821e+00
3.068591026007430855e+01,4.792465502573001856e+00
3.070591597599314326e+01,4.817293931199808199e+00
3.072592169191197442e+01,4.954144019330996684e+00
3.074592740783080913e+01,4.755072329411641263e+00
3.076593312374964384e+01,5.229095418164467546e+00
3.078593883966847855e+01,5.295507021878879783e+00
3.080594455558731326e+01,5.214208355680176155e+00
3.082595027150614442e+01,5.244149004954840265e+00
3.084595598742497913e+01,4.986895546941176427e+00
3.086596170334381384e+01,5.239063375568807857e+00
3.088596741926264855e+01,5.501230821494633716e+00
3.090597313518148326e+01,5.112019754178313669e+00
3.092597885110031442e+01,5.681196256491449326e+00
3.094598456701914913e+01,5.781598684448134406e+00
3.096599028293798384e+01,5.823278333596879186e+00
3.098599599885681855e+01,4.679456845517512953e+00
3.100600171477564970e+01,4.986734403993496656e+00
3.102600743069448441e+01,5.234831125369182381e+00
3.104601314661331912e+01,5.197952117613610312e+00
3.106601886253215383e+01,5.855132791560293981e+00
3.108602457845098854e+01,5.230275686631795651e+00
3.110603029436981970e+01,5.612178629809204011e+00
3.112603601028865441e+01,5.520882852104806560e+00
3.114604172620748912e+01,5.582372925150940191e+00
3.116604744212632383e+01,5.746276649969517258e+00
3.118605315804515854e+01,5.495865938531399486e+00
3.120605887396398970e+01,6.370095905261010216e+00
3.122606458988282441e+01,5.623667504610751600e+00
3.124607030580165912e+01,6.144380553140747381e+00
3.126607602172049383e+01,6.958506696801976865e+00
3.128608173763932498e+01,5.999506883660824741e+00
3.130608745355815969e+01,6.679252004129899944e+00
3.132609316947699440e+01,7.303255392737570517e+00
3.134609888539582911e+01,7.823516949221883010e+00
3.136610460131466382e+01,7.822408189073715157e+00
3.138611031723349498e+01,7.498392156161084010e+00
3.140611603315232969e+01,8.963017640594173940e+00
3.142612174907116440e+01,8.491506445299746630e+00
3.144612746498999911e+01,9.631065863221975221e+00
3.146613318090883382e+01,1.028610855960931758e+01
3.148613889682766498e+01,1.029180908211398382e+01
3.150614461274649969e+01,1.065136503744019159e+01
3.152615032866533440e+01,1.120092859646419470e+01
3.154615604458416911e+01,1.215883787504961866e+01
3.156616176050300382e+01,1.322585075472041893e+01
3.158616747642183498e+01,1.358876684734402218e+01
3.160617319234066969e+01,1.460466131103786935e+01
3.162617890825950440e+01,1.483980859700994515e+01
3.164618462417833911e+01,1.656492650429143509e+01
3.166619034009717026e+01,1.830400482156021980e+01
3.168619605601600497e+01,1.844711801606028700e+01
3.170620177193483968e+01,1.936043110037089932e+01
3.172620748785367439e+01,2.184829743759464549e+01
3.174621320377250910e+01,2.298144102767867381e+01
3.176621891969134026e+01,2.446016537491209419e+01
3.178622463561017497e+01,2.610758492410803910e+01
3.180623035152900968e+01,2.700565508201711751e+01
3.182623606744784439e+01,2.924139749520361420e+01
3.184624178336667910e+01,3.052630681922836331e+01
3.186624749928551026e+01,3.312494883109341259e+01
3.188625321520434497e+01,3.479421292464679283e+01
3.190625893112317968e+01,3.709575976626529581e+01
3.192626464704201439e+01,3.869320084318658104e+01
3.194627036296084555e+01,4.082613397852178139e+01
3.196627607887968026e+01,4.291484149903116929e+01
3.198628179479851497e+01,4.454578772753390581e+01
3.200628751071734968e+01,4.732495684492904076e+01
3.202629322663618439e+01,4.933739125557250560e+01
3.204629894255501199e+01,4.992994750555217820e+01
3.206630465847385381e+01,5.167178816223285054e+01
3.208631037439268141e+01,5.260094474096086969e+01
3.210631609031152323e+01,5.263724107790938689e+01
3.212632180623035083e+01,5.234454509912727360e+01
3.214632752214918554e+01,5.156400749136457051e+01
3.216633323806802025e+01,4.982756746855498875e+01
3.218633895398685496e+01,4.895694437095970386e+01
3.220634466990568967e+01,4.690016046582400122e+01
3.222635038582451728e+01,4.346914005644690349e+01
3.224635610174335909e+01,4.145653383125644353e+01
3.226636181766218670e+01,3.857047161847516037e+01
3.228636753358102851e+01,3.530678413166673835e+01
3.230637324949985612e+01,3.252759270454347984e+01
3.232637896541869083e+01,3.060781856781890653e+01
3.234638468133752554e+01,2.875109033116325108e+01
3.236639039725636025e+01,2.781168768050023132e+01
3.238639611317519496e+01,2.624848605582262451e+01
3.240640182909402967e+01,2.460349866743186098e+01
3.242640754501286438e+01,2.397165693140618714e+01
3.244641326093169198e+01,2.425441433439813821e+01
3.246641897685053380e+01,2.410645409197002209e+01
3.248642469276936140e+01,2.437092271188645753e+01
3.250643040868819611e+01,2.446061980964205063e+01
3.252643612460703082e+01,2.463685440889183553e+01
3.254644184052586553e+01,2.490749869954841600e+01
3.256644755644470024e+01,2.449826256319587969e+01
3.258645327236353495e+01,2.519551656182279942e+01
3.260645898828236966e+01,2.400591986425828495e+01
3.262646470420119726e+01,2.406341265115824513e+01
3.264647042012003908e+01,2.346061159494835380e+01
3.266647613603886668e+01,2.291896458799757497e+01
3.268648185195770850e+01,2.277021441933788992e+01
3.270648756787653610e+01,2.030374242215068037e+01
3.272649328379537081e+01,1.926017054039745346e+01
3.274649899971420552e+01,1.785481744810790161e+01
3.276650471563304023e+01,1.672668810343213863e+01
3.278651043155187494e+01,1.552551523707458792e+01
3.280651614747070255e+01,1.359566493399420395e+01
3.282652186338954436e+01,1.284158765332470153e+01
3.284652757930837197e+01,1.201237747972004222e+01
3.286653329522721378e+01,1.109466347306750222e+01
3.288653901114604139e+01,1.017616871016935320e+01
3.290654472706487610e+01,9.507487540580719099e+00
3.292655044298371081e+01,8.830134348200338934e+00
3.294655615890254552e+01,9.133834061563355533e+00
3.296656187482138023e+01,9.350741759232398920e+00
3.298656759074020783e+01,7.935192959223267728e+00
3.300657330665904965e+01,8.446443860099630996e+00
3.302657902257787725e+01,8.385918256462051801e+00
3.304658473849671907e+01,7.998754222577851181e+00
3.306659045441554667e+01,8.386869409290582666e+00
3.308659617033438138e+01,8.497524089906120182e+00
3.310660188625321609e+01,8.274782147630505236e+00
3.312660760217205080e+01,8.773185157183576166e+00
3.314661331809088551e+01,8.827924819333109241e+00
3.316661903400971312e+01,8.739977304546824755e+00
3.318662474992855493e+01,8.412293188275185685e+00
3.320663046584738254e+01,8.748628822265631655e+00
3.322663618176622435e+01,9.392710483156676560e+00
3.324664189768505196e+01,8.355026681606032568e+00
3.326664761360388667e+01,8.311228769887559764e+00
3.328665332952272138e+01,8.090978093850235808e+00
3.330665904544155609e+01,8.328838500693665381e+00
3.332666476136039080e+01,7.413649647399271458e+00
3.334667047727922551e+01,6.920680345198396033e+00
3.336667619319806022e+01,6.604494391507161666e+00
3.338668190911688782e+01,6.718568507205038287e+00
3.340668762503572964e+01,6.413910587513864670e+00
3.342669334095455724e+01,6.470415245366984536e+00
3.344669905687339195e+01,5.809761422767413919e+00
3.346670477279222666e+01,6.517184112121681139e+00
3.348671048871106137e+01,5.831567456887550627e+00
3.350671620462989608e+01,6.438335537085442262e+00
3.352672192054873079e+01,5.836554041163909190e+00
3.354672763646756550e+01,5.126142509173070572e+00
3.356673335238639311e+01,5.286428767879552737e+00
3.358673906830523492e+01,5.587176026334089940e+00
3.360674478422406253e+01,5.796196230462754784e+00
3.362675050014290434e+01,6.008588616908340896e+00
3.364675621606173195e+01,5.743013621875814323e+00
3.366676193198056666e+01,5.817720645776773836e+00
3.368676764789940137e+01,6.253818780235798513e+00
3.370677336381823608e+01,5.050200027662092417e+00
3.372677907973707079e+01,5.618754494232521601e+00
3.374678479565589839e+01,5.473834531255995728e+00
3.376679051157474021e+01,5.588520090963411846e+00
3.378679622749356781e+01,6.217209444509718352e+00
3.380680194341240963e+01,4.983221566793529789e+00
3.382680765933123723e+01,5.199480858010261386e+00
3.384681337525007194e+01,6.597313106105739067e+00
3.386681909116890665e+01,5.371701184488644643e+00
3.388682480708774136e+01,5.337815561823653354e+00
3.390683052300657607e+01,5.693290007180391576e+00
3.392683623892540368e+01,5.498850552138645931e+00
3.394684195484424549e+01,6.062692171606350655e+00
3.396684767076307310e+01,5.945209430288380226e+00
3.398685338668191491e+01,6.418449302313839588e+00
3.400685910260074252e+01,6.543525964902316971e+00
3.402686481851957723e+01,6.034351508780286366e+00
3.404687053443841194e+01,6.495450074592625356e+00
3.406687625035724665e+01,6.376899866241109827e+00
3.408688196627608136e+01,6.577087729682563833e+00
3.410688768219490896e+01,7.435134152593886547e+00
3.412689339811375078e+01,7.924951027130988201e+00
3.414689911403257838e+01,6.814156795156957713e+00
3.416690482995142020e+01,7.243146019516290224e+00
3.418691054587024780e+01,8.076503238826340692e+00
3.420691626178908251e+01,7.888658410096002882e+00
3.422692197770791722e+01,9.033138442503686250e+00
3.424692769362675193e+01,8.746789373453262684e+00
3.426693340954558664e+01,8.777562348197786690e+00
3.428693912546442135e+01,8.945179915086766798e+00
3.430694484138325606e+01,1.028255601970298194e+01
3.432695055730208367e+01,1.037379370044610916e+01
3.434695627322092548e+01,1.046889631323092473e+01
3.436696198913975309e+01,1.094593092617433072e+01
3.438696770505858780e+01,1.103193435804428901e+01
3.440697342097742251e+01,1.287714243152768745e+01
3.442697913689625722e+01,1.265370010232137865e+01
3.444698485281509193e+01,1.273484736043832655e+01
3.446699056873392664e+01,1.266239650234622971e+01
3.448699628465276135e+01,1.387589007061387036e+01
3.450700200057158895e+01,1.390594865297805605e+01
3.452700771649043077e+01,1.423069490364010647e+01
3.454701343240925837e+01,1.395807249318838039e+01
3.456701914832810019e+01,1.436527802624780392e+01
3.458702486424692779e+01,1.408977161099251774e+01
3.460703058016576250e+01,1.316992320026219154e+01
3.462703629608459721e+01,1.407943071725857109e+01
3.464704201200343192e+01,1.285702726396105788e+01
3.466704772792226663e+01,1.293334763447142777e+01
3.468705344384109424e+01,1.195893966168207712e+01
3.470705915975993605e+01,1.180921286296099915e+01
3.472706487567876366e+01,1.007117806444589903e+01
3.474707059159760547e+01,9.861877900706385702e+00
3.476707630751643308e+01,8.677086958288242613e+00
3.478708202343526779e+01,9.350953644960545930e+00
3.480708773935410250e+01,8.123668084661670008e+00
3.482709345527293721e+01,7.616931076830100622e+00
3.484709917119177192e+01,7.334629858561198645e+00
3.486710488711059952e+01,6.550895124648857148e+00
3.488711060302944134e+01,6.401451148543610969e+00
3.490711631894826894e+01,5.494661877996560584e+00
3.492712203486711076e+01,6.616648059784559166e+00
3.494712775078593836e+01,5.671873780067912207e+00
3.496713346670477307e+01,5.456954404827342842e+00
3.498713918262360778e+01,5.236703861509308666e+00
3.500714489854244249e+01,5.988485894782959562e+00
3.502715061446127720e+01,5.421477740288628056e+00
3.504715633038010481e+01,5.716935452793053152e+00
3.506716204629894662e+01,5.331377044997207548e+00
3.508716776221777423e+01,5.297673614986325497e+00
3.510717347813661604e+01,5.730498199048560615e+00
3.512717919405544365e+01,5.401406112270320747e+00
3.514718490997427836e+01,5.254320373131160515e+00
3.516719062589311307e+01,4.636402093908291278e+00
3.518719634181194778e+01,5.237645666874051642e+00
3.520720205773078249e+01,5.255284660305802547e+00
3.522720777364961720e+01,5.115836388130837520e+00
3.524721348956845191e+01,5.611407489240692215e+00
3.526721920548727951e+01,5.399748839858567351e+00
3.528722492140612133e+01,5.712359064103777584e+00
3.530723063732494893e+01,5.282124895652946073e+00
3.532723635324378364e+01,6.166759822122874546e+00
3.534724206916261835e+01,5.634743473224530064e+00
3.536724778508145306e+01,5.561208114285909332e+00
3.538725350100028777e+01,4.947583150192771839e+00
3.540725921691912248e+01,5.427385764228045417e+00
3.542726493283795719e+01,5.363893840311075856e+00
3.544727064875678479e+01,4.604214533893170369e+00
3.546727636467562661e+01,4.876323345828186717e+00
3.548728208059445421e+01,4.908059915090431602e+00
3.550728779651329603e+01,5.125600562837473007e+00
3.552729351243212363e+01,5.460882215090787639e+00
3.554729922835095834e+01,5.170920639736035440e+00
3.556730494426979305e+01,5.269376967523655253e+00
3.558731066018862776e+01,5.526269870154584041e+00
3.560731637610746247e+01,5.552150975760462792e+00
3.562732209202629008e+01,4.733224423476484866e+00
3.564732780794513189e+01,6.071296976977784254e+00
3.566733352386395950e+01,5.109974490798609992e+00
3.568733923978280131e+01,5.652235058708843241e+00
3.570734495570162892e+01,5.648334471557825864e+00
3.572735067162046363e+01,5.641150407218430196e+00
3.574735638753929834e+01,5.371150826968584369e+00
3.576736210345813305e+01,4.563471386730967971e+00
3.578736781937696776e+01,5.879193409766523715e+00
3.580737353529579536e+01,5.239814149288621437e+00
3.582737925121463718e+01,5.592898740577425087e+00
3.584738496713346478e+01,5.457185793932018747e+00
3.586739068305230660e+01,5.193038781006558580e+00
3.588739639897113420e+01,5.537097080856002940e+00
3.590740211488996891e+01,5.745670132722614731e+00
3.592740783080880362e+01,5.189882413810537720e+00
3.594741354672763833e+01,5.901115197823340708e+00
3.596741926264647304e+01,5.424060997209604551e+00
3.598742497856530065e+01,5.667737208405458915e+00
3.600743069448414246e+01,5.462589988473352420e+00
3.602743641040297007e+01,5.345862349565399185e+00
3.604744212632181188e+01,5.128421802056669421e+00
3.606744784224063949e+01,5.563012756072186704e+00
3.608745355815947420e+01,4.754225265685983359e+00
3.610745927407830891e+01,4.741648137281479158e+00
3.612746498999714362e+01,5.562850578250317923e+00
3.614747070591597833e+01,5.539934560329419000e+00
3.616747642183481304e+01,5.156511652016713576e+00
3.618748213775364775e+01,4.714779905670071436e+00
3.620748785367247535e+01,5.175281540043560113e+00
3.622749356959131717e+01,6.229013542633085265e+00
3.624749928551014477e+01,5.140093120132064541e+00
3.626750500142897948e+01,4.662258095528759583e+00
3.628751071734781419e+01,5.125343016715859790e+00
3.630751643326664890e+01,6.231130061566529932e+00
3.632752214918548361e+01,5.349347069213147066e+00
3.634752786510431832e+01,5.366236380891507451e+00
3.636753358102315303e+01,6.079434568163652131e+00
3.638753929694198064e+01,5.633873906940868537e+00
3.640754501286082245e+01,5.363894604812553091e+00
3.642755072877965006e+01,5.411009857538734202e+00
3.644755644469849187e+01,5.599234994079345995e+00
3.646756216061731948e+01,4.943372465281173689e+00
3.648756787653615419e+01,5.667234591572600344e+00
3.650757359245498890e+01,5.784607561776050844e+00
3.652757930837382361e+01,5.930723421642949411e+00
3.654758502429265832e+01,5.153786279194839004e+00
3.656759074021148592e+01,5.309308917647115322e+00
3.658759645613032774e+01,5.723857954602215692e+00
3.660760217204915534e+01,5.825842284621844946e+00
3.662760788796799716e+01,5.609195613781510659e+00
3.664761360388682476e+01,5.186637617120019250e+00
3.666761931980565947e+01,5.842311983103895656e+00
3.668762503572449418e+01,5.675302115626700505e+00
3.670763075164332889e+01,5.249021110013742941e+00
3.672763646756216360e+01,4.993473654688015628e+00
3.674764218348099121e+01,5.407624765594661653e+00
3.676764789939983302e+01,5.580805838591531121e+00
3.678765361531866063e+01,5.435987727148517301e+00
3.680765933123750244e+01,5.377358613702064360e+00
3.682766504715633005e+01,5.309020813501065916e+00
3.684767076307516476e+01,5.590778574515319121e+00
3.686767647899399947e+01,5.137814051453836406e+00
3.688768219491283418e+01,5.965012860325665578e+00
3.690768791083166889e+01,5.627804046028387575e+00
3.692769362675049649e+01,5.969547793332830032e+00
3.694769934266933831e+01,6.250383701446065920e+00
3.696770505858816591e+01,5.546854176460612962e+00
3.698771077450700773e+01,5.741303575029808925e+00
3.700771649042583533e+01,5.859113960485956341e+00
3.702772220634467004e+01,6.102829578709956238e+00
3.704772792226350475e+01,5.904627103196421700e+00
3.706773363818233946e+01,5.769609482390011479e+00
3.708773935410117417e+01,5.404456431435583852e+00
3.710774507002000888e+01,5.526283963504817542e+00
3.712775078593884359e+01,6.343849799238183707e+00
3.714775650185767120e+01,6.172404995401217676e+00
3.716776221777651301e+01,5.508352925371788444e+00
3.718776793369534062e+01,5.479662387739844931e+00
3.720777364961417533e+01,6.173659441287595584e+00
3.722777936553301004e+01,6.067060059530620109e+00
3.724778508145184475e+01,6.869792291889733171e+00
3.726779079737067946e+01,6.931219963060511802e+00
3.728779651328951417e+01,6.497835202943225141e+00
3.730780222920834888e+01,6.201464139156897204e+00
3.732780794512717648e+01,6.482733932643597541e+00
3.734781366104601830e+01,6.989533302936853154e+00
3.736781937696484590e+01,7.190350909560356385e+00
3.738782509288368772e+01,7.292183850387859323e+00
3.740783080880251532e+01,7.735929971402358163e+00
3.742783652472135003e+01,7.853809651415588178e+00
3.744784224064018474e+01,7.937997854839837331e+00
3.746784795655901945e+01,8.497668190245214248e+00
3.748785367247785416e+01,9.067012000083920498e+00
3.750785938839668177e+01,9.056356247954862937e+00
3.752786510431552358e+01,9.234673299260897750e+00
3.754787082023435119e+01,9.462041167782242468e+00
3.756787653615319300e+01,1.100436500361018055e+01
3.758788225207202061e+01,1.142520174307307812e+01
3.760788796799085532e+01,1.116998101234995922e+01
3.762789368390969003e+01,1.252278535658208014e+01
3.764789939982852474e+01,1.254330127679196849e+01
3.766790511574735945e+01,1.345146466298433374e+01
3.768791083166618705e+01,1.383816369852471340e+01
3.770791654758502887e+01,1.479993347544513860e+01
3.772792226350385647e+01,1.606688628359180271e+01
3.774792797942269829e+01,1.722411990220371436e+01
3.776793369534152589e+01,1.818943522258894063e+01
3.778793941126036060e+01,1.959178794784426358e+01
3.780794512717919531e+01,2.092179269402094732e+01
3.782795084309803002e+01,2.142732318055081819e+01
3.784795655901686473e+01,2.296094277369791214e+01
3.786796227493569234e+01,2.327978162496893333e+01
3.788796799085453415e+01,2.429374216709790346e+01
3.790797370677336176e+01,2.531706579849080896e+01
3.792797942269220357e+01,2.616092612706772513e+01
3.794798513861103118e+01,2.663400091199248365e+01
3.796799085452986589e+01,2.729484704957780394e+01
3.798799657044870060e+01,2.767255720803286323e+01
3.800800228636753531e+01,2.797890491335709129e+01
3.802800800228637002e+01,2.733691669328106144e+01
3.804801371820520473e+01,2.774623508443418984e+01
3.806801943412403944e+01,2.754871816338656032e+01
3.808802515004286704e+01,2.741820880585418152e+01
3.810803086596170886e+01,2.795433435369835351e+01
3.812803658188053646e+01,2.750314749592659069e+01
3.814804229779937117e+01,2.806618132732719317e+01
3.816804801371820588e+01,2.831163981210537628e+01
3.818805372963704059e+01,2.876485247478963814e+01
3.820805944555587530e+01,2.938226125809573119e+01
3.822806516147471001e+01,3.120429205776991211e+01
3.824807087739354472e+01,3.218412792596619454e+01
3.826807659331237232e+01,3.268231707411801779e+01
3.828808230923121414e+01,3.415384261713398217e+01
3.830808802515004174e+01,3.507942395405913061e+01
3.832809374106888356e+01,3.656328268654644376e+01
3.834809945698771116e+01,3.709834526440697289e+01
3.836810517290654587e+01,3.794176956585258864e+01
3.838811088882538058e+01,3.764543787805762065e+01
3.840811660474421529e+01,3.800177588891209979e+01
3.842812232066305000e+01,3.677309810753545349e+01
3.844812803658187761e+01,3.559729705367188046e+01
3.846813375250071942e+01,3.395407625646306116e+01
3.848813946841954703e+01,3.214044156497629245e+01
3.850814518433838884e+01,2.940952387548963287e+01
3.852815090025721645e+01,2.711061726769550972e+01
3.854815661617605116e+01,2.537702806720298554e+01
3.856816233209488587e+01,2.227587325937919971e+01
3.858816804801372058e+01,2.026304993951883660e+01
3.860817376393255529e+01,1.744046715075472420e+01
3.862817947985138289e+01,1.550409228856883281e+01
3.864818519577022471e+01,1.419305662129601942e+01
3.866819091168905231e+01,1.243475760896894400e+01
3.868819662760789413e+01,1.178270995391963183e+01
3.870820234352672173e+01,1.061993349012312748e+01
3.872820805944555644e+01,9.558376939808646000e+00
3.874821377536439115e+01,9.238954261945085733e+00
3.876821949128322586e+01,8.537155454950596578e+00
3.878822520720206057e+01,7.985664968363366256e+00
3.880823092312088818e+01,8.017606168654531018e+00
3.882823663903972999e+01,7.784838785121689142e+00
3.884824235495855760e+01,7.314215709301235435e+00
3.886824807087739941e+01,7.779172695691609185e+00
3.888825378679622702e+01,7.236949406369976856e+00
3.890825950271506173e+01,8.241351294531797933e+00
3.892826521863389644e+01,7.591779515223123553e+00
3.894827093455273115e+01,8.287439224490920964e+00
3.896827665047156586e+01,8.280249701468353152e+00
3.898828236639040057e+01,8.598960934492957620e+00
3.900828808230923528e+01,9.113022769199877970e+00
3.902829379822806288e+01,1.016825266698849539e+01
3.904829951414690470e+01,1.025824066203662177e+01
3.906830523006573230e+01,1.108898624809824796e+01
3.908831094598456701e+01,1.252474709395090713e+01
3.910831666190340172e+01,1.276577776565568456e+01
3.912832237782223643e+01,1.407235087997742617e+01
3.914832809374107114e+01,1.474655474232270080e+01
3.916833380965990585e+01,1.671611889829786435e+01
3.918833952557874056e+01,1.749713386716378594e+01
3.920834524149756817e+01,1.880884405559618955e+01
3.922835095741640998e+01,2.024938416297270649e+01
3.924835667333523759e+01,2.173472264623529426e+01
3.926836238925407940e+01,2.343084933893174693e+01
3.928836810517290701e+01,2.530193744697426439e+01
3.930837382109174172e+01,2.782392156647986070e+01
3.932837953701057643e+01,2.998367368499387098e+01
3.934838525292941114e+01,3.265484576606912981e+01
3.936839096884824585e+01,3.466676467901612568e+01
3.938839668476707345e+01,3.713959690526855439e+01
3.940840240068591527e+01,3.969483423758714480e+01
3.942840811660474287e+01,4.246054565164570249e+01
3.944841383252358469e+01,4.442040581270097022e+01
3.946841954844241229e+01,4.723938161976341377e+01
3.948842526436124700e+01,4.907369591755299609e+01
3.950843098028008171e+01,5.013178397900922789e+01
3.952843669619891642e+01,5.150379165917301805e+01
3.954844241211775113e+01,5.258733041755151305e+01
3.956844812803657874e+01,5.190867766817432027e+01
3.958845384395542055e+01,5.221586550564742879e+01
3.960845955987424816e+01,4.969410253224955909e+01
3.962846527579308997e+01,4.786616556787581800e+01
3.964847099171191758e+01,4.486670072797895870e+01
3.966847670763075229e+01,4.152466782306506587e+01
3.968848242354958700e+01,3.845006374812039951e+01
3.970848813946842171e+01,3.398918821535436052e+01
3.972849385538725642e+01,3.001021518289513423e+01
3.974849957130608402e+01,2.730915970754189459e+01
3.976850528722492584e+01,2.396736390569890318e+01
3.978851100314375344e+01,1.983554751066324684e+01
3.980851671906259526e+01,1.766054597459284992e+01
3.982852243498142286e+01,1.577168766079388007e+01
3.984852815090025757e+01,1.355415028306030756e+01
3.986853386681909228e+01,1.169503169186861768e+01
3.988853958273792699e+01,1.016145181357602567e+01
3.990854529865676170e+01,9.010807905291926545e+00
3.992855101457559641e+01,9.406102498382523436e+00
3.994855673049443112e+01,8.498535046092412060e+00
3.996856244641325873e+01,7.910413023534164978e+00
3.998856816233210054e+01,8.149876244124220293e+00
4.000857387825092815e+01,7.744477287820815903e+00
4.002857959416976286e+01,7.110975072965661781e+00
4.004858531008859757e+01,7.255269797323174785e+00
4.006859102600743228e+01,6.793792024541907004e+00
4.008859674192626699e+01,6.999295574455082658e+00
4.010860245784510170e+01,7.352943087627489938e+00
4.012860817376393641e+01,6.229549956227273810e+00
4.014861388968276401e+01,6.685231623077189766e+00
4.016861960560160583e+01,6.843241732153076740e+00
4.018862532152043343e+01,6.464332834488905277e+00
4.020863103743927525e+01,6.238067417819527449e+00
4.022863675335810285e+01,6.608592574386159768e+00
4.024864246927693756e+01,6.051504195850363033e+00
4.026864818519577227e+01,6.659822792065305919e+00
4.028865390111460698e+01,5.839147071954778667e+00
4.030865961703344169e+01,5.865463842555316276e+00
4.032866533295226930e+01,6.357854154972748972e+00
4.034867104887111111e+01,6.509340725943842720e+00
4.036867676478993872e+01,6.093237895751455468e+00
4.038868248070878053e+01,6.823403158177439920e+00
4.040868819662760814e+01,6.678729144539068407e+00
4.042869391254644285e+01,5.629086794005323746e+00
4.044869962846527756e+01,5.160893676686082898e+00
4.046870534438411227e+01,5.914219621289168671e+00
4.048871106030294698e+01,6.166824078580189550e+00
4.050871677622177458e+01,5.292521730040146366e+00
4.052872249214061640e+01,5.953185132882227393e+00
4.054872820805944400e+01,6.180400863498619835e+00
4.056873392397828582e+01,6.031623677283565854e+00
4.058873963989711342e+01,5.627595194328370631e+00
4.060874535581594813e+01,6.121595407147523815e+00
4.062875107173478284e+01,5.747622678200304591e+00
4.064875678765361755e+01,5.830344887405976451e+00
4.066876250357245226e+01,5.208698716262633255e+00
4.068876821949127986e+01,5.532613973287963560e+00
4.070877393541012168e+01,6.080809192854376377e+00
4.072877965132894929e+01,5.828457764096613758e+00
4.074878536724779110e+01,5.146231073588757532e+00
4.076879108316661871e+01,5.653965296685727893e+00
4.078879679908545342e+01,6.180792938656564317e+00
4.080880251500428813e+01,5.770901044360257970e+00
4.082880823092312284e+01,5.741603891969032425e+00
4.084881394684195755e+01,5.940401870468312140e+00
4.086881966276079226e+01,6.135036235270503902e+00
4.088882537867962697e+01,6.191888567564843626e+00
4.090883109459845457e+01,6.541672816414036973e+00
4.092883681051729639e+01,5.672066452117977775e+00
4.094884252643612399e+01,6.003807132610076813e+00
4.096884824235495870e+01,5.636118295807808209e+00
4.098885395827379341e+01,5.998138427997181665e+00
4.100885967419262812e+01,5.761689815524005276e+00
4.102886539011146283e+01,5.438376789282655999e+00
4.104887110603029754e+01,5.510603289656184955e+00
4.106887682194913225e+01,6.264690074030774269e+00
4.108888253786795985e+01,5.443019442236385785e+00
4.110888825378680167e+01,5.604166233586313162e+00
4.112889396970562927e+01,6.060323981995471954e+00
4.114889968562447109e+01,5.831155729758780382e+00
4.116890540154329869e+01,5.439911135412691223e+00
4.118891111746213340e+01,5.668058325650429552e+00
4.120891683338096811e+01,4.964177866062597033e+00
4.122892254929980282e+01,5.434197048227490612e+00
4.124892826521863753e+01,5.301745496155609416e+00
4.126893398113746514e+01,6.359424276139110432e+00
4.128893969705630695e+01,4.798047318953393869e+00
4.130894541297513456e+01,5.669894904450280215e+00
4.132895112889397637e+01,5.837938031826967133e+00
4.134895684481280398e+01,5.741516559247591189e+00
4.136896256073163869e+01,6.199138627081374864e+00
4.138896827665047340e+01,5.611369456416543500e+00
4.140897399256930811e+01,5.193223484061743278e+00
4.142897970848814282e+01,5.497059727275680707e+00
4.144898542440697042e+01,6.026851385464132349e+00
4.146899114032581224e+01,5.222641047744339460e+00
4.148899685624463984e+01,5.049346824223341024e+00
4.150900257216348166e+01,6.131124795631738067e+00
4.152900828808230926e+01,5.639417699269680284e+00
4.154901400400114397e+01,6.008236601007138411e+00
4.156901971991997868e+01,5.517104815677479124e+00
4.158902543583881339e+01,5.958989785551491281e+00
4.160903115175764810e+01,6.381607932069499611e+00
4.162903686767647571e+01,5.957077704639740290e+00
4.164904258359531752e+01,5.527274863777794423e+00
4.166904829951414513e+01,4.851938670249182906e+00
4.168905401543298694e+01,5.491142515564773063e+00
4.170905973135181455e+01,5.605736726016095517e+00
4.172906544727064926e+01,5.510646904786039357e+00
4.174907116318948397e+01,6.351496155988137104e+00
4.176907687910831868e+01,6.043578127400524025e+00
4.178908259502715339e+01,5.621115732086798822e+00
4.180908831094598810e+01,5.936514743224898361e+00
4.182909402686482281e+01,6.421442936989661732e+00
4.184909974278365041e+01,5.561522666725506880e+00
4.186910545870249223e+01,6.148541693399433683e+00
4.188911117462131983e+01,5.377081044108756203e+00
4.190911689054015454e+01,5.435021748803729125e+00
4.192912260645898925e+01,5.674282872647105513e+00
4.194912832237782396e+01,6.444432449210029112e+00
4.196913403829665867e+01,5.585633853579942354e+00
4.198913975421549338e+01,5.910992953917075354e+00
4.200914547013432809e+01,5.512714682651086662e+00
4.202915118605316280e+01,5.881096941902894670e+00
4.204915690197199041e+01,6.408457319568592325e+00
4.206916261789082512e+01,5.320358700239985694e+00
4.208916833380965983e+01,5.931207739196576512e+00
4.210917404972849454e+01,5.761942092611503696e+00
4.212917976564732925e+01,5.799707235459578669e+00
4.214918548156616396e+01,5.874348793783220835e+00
4.216919119748499867e+01,6.020014981497265438e+00
4.218919691340383338e+01,6.009941193068911502e+00
4.220920262932266809e+01,6.195000101596178865e+00
4.222920834524150280e+01,5.718080752944168843e+00
4.224921406116033040e+01,5.590386138601517452e+00
4.226921977707916511e+01,5.904891205970788981e+00
4.228922549299799982e+01,5.758442707741162181e+00
4.230923120891683453e+01,5.651345098966923608e+00
4.232923692483566924e+01,4.932339766653599966e+00
4.234924264075450395e+01,6.155918425679775652e+00
4.236924835667333866e+01,6.068569052477391423e+00
4.238925407259217337e+01,6.193343321626841202e+00
4.240925978851100808e+01,6.151900485732733515e+00
4.242926550442983569e+01,6.349243080762241753e+00
4.244927122034867040e+01,5.555905501963636084e+00
4.246927693626750511e+01,5.561596216718482921e+00
4.248928265218633982e+01,5.596316485726238632e+00
4.250928836810517453e+01,6.276351617844296626e+00
4.252929408402400924e+01,6.731868992376596417e+00
4.254929979994284395e+01,6.310584293410813395e+00
4.256930551586167866e+01,6.433829876702489514e+00
4.258931123178051337e+01,5.651701185985919196e+00
4.260931694769934097e+01,5.466917169546417377e+00
4.262932266361817568e+01,5.893405280802949342e+00
4.264932837953701039e+01,5.684133647722263483e+00
4.266933409545584510e+01,6.623587925392024012e+00
4.268933981137467981e+01,5.725210890036906086e+00
4.270934552729351452e+01,6.488787926824915786e+00
4.272935124321234923e+01,6.786327241357287043e+00
4.274935695913118394e+01,5.815656853267013204e+00
4.276936267505001865e+01,5.583312945588930987e+00
4.278936839096885336e+01,6.124164710163502612e+00
4.280937410688768097e+01,5.341482470451014208e+00
4.282937982280651568e+01,6.044521491412079506e+00
4.284938553872535039e+01,6.362852360427734943e+00
4.286939125464418510e+01,6.851592941937552084e+00
4.288939697056301981e+01,5.830505316644419622e+00
4.290940268648185452e+01,6.705291303788493806e+00
4.292940840240068923e+01,7.153612603434664763e+00
4.294941411831952394e+01,7.484418839207332752e+00
4.296941983423835865e+01,7.413934716141444170e+00
4.298942555015718625e+01,7.700595505088769777e+00
4.300943126607602096e+01,8.611700007202802709e+00
4.302943698199485567e+01,8.670936788746280044e+00
4.304944269791369038e+01,9.569804521804524455e+00
4.306944841383252509e+01,8.661506580346589601e+00
4.308945412975135980e+01,1.013659362231926231e+01
4.310945984567019451e+01,9.780874796477995403e+00
4.312946556158902922e+01,1.162363085660772200e+01
4.314947127750786393e+01,1.287575480898300206e+01
4.316947699342669864e+01,1.318092637163765346e+01
4.318948270934552625e+01,1.465012318517762679e+01
4.320948842526436096e+01,1.596469805810568943e+01
4.322949414118319567e+01,1.674128710538089848e+01
4.324949985710203038e+01,1.901942205041724421e+01
4.326950557302086509e+01,2.003518937226740348e+01
4.328951128893969980e+01,2.227381542053007024e+01
4.330951700485853451e+01,2.429281631549160636e+01
4.332952272077736922e+01,2.667577924587325811e+01
4.334952843669620393e+01,2.886511199822270868e+01
4.336953415261503153e+01,3.080717780443819009e+01
4.338953986853386624e+01,3.437531962787291206e+01
4.340954558445270095e+01,3.690899685341805991e+01
4.342955130037153566e+01,3.975793180607227129e+01
4.344955701629037037e+01,4.166698365124482706e+01
4.346956273220920508e+01,4.337424476688946129e+01
4.348956844812803979e+01,4.615926261146477572e+01
4.350957416404687450e+01,4.744730035158185188e+01
4.352957987996570921e+01,4.774905142330545971e+01
4.354958559588453681e+01,4.899937591439437767e+01
4.356959131180337153e+01,4.931382303675964351e+01
4.358959702772220624e+01,4.808123170345414366e+01
4.360960274364104095e+01,4.643222402951941064e+01
4.362960845955987566e+01,4.600766521484240457e+01
4.364961417547871037e+01,4.304410061403316234e+01
4.366961989139754508e+01,4.020768091389768983e+01
4.368962560731637979e+01,3.835030362227561085e+01
4.370963132323521450e+01,3.472400967147687112e+01
4.372963703915404921e+01,3.279122653818323130e+01
4.374964275507287681e+01,3.006594616681814358e+01
4.376964847099171152e+01,2.848863689054245540e+01
4.378965418691054623e+01,2.656449349732006127e+01
4.380965990282938094e+01,2.561700000668217925e+01
4.382966561874821565e+01,2.532808947919049558e+01
4.384967133466705036e+01,2.473556841358628944e+01
4.386967705058588507e+01,2.539820164732051921e+01
4.388968276650471978e+01,2.567835745275820969e+01
4.390968848242355449e+01,2.610482312124368320e+01
4.392969419834238209e+01,2.665747371221950601e+01
4.394969991426121680e+01,2.742606096177468089e+01
4.396970563018005151e+01,2.773011071151821483e+01
4.398971134609888622e+01,2.716085198531016687e+01
4.400971706201772093e+01,2.781487349847772705e+01
4.402972277793655564e+01,2.594465743459611673e+01
4.404972849385539035e+01,2.590604841402484837e+01
4.406973420977422506e+01,2.518731517222679983e+01
4.408973992569305977e+01,2.372235380002965144e+01
4.410974564161189448e+01,2.287815471548629276e+01
4.412975135753072209e+01,2.054143133689287382e+01
4.414975707344955680e+01,1.943503113557842710e+01
4.416976278936839151e+01,1.714479717460794816e+01
4.418976850528722622e+01,1.527357279702120429e+01
4.420977422120606093e+01,1.374973204423517004e+01
4.422977993712489564e+01,1.190818466437823631e+01
4.424978565304373035e+01,1.105034365461438561e+01
4.426979136896256506e+01,1.040474035823756793e+01
4.428979708488139977e+01,9.774873116434498854e+00
4.430980280080022737e+01,8.809039448226801738e+00
4.432980851671906208e+01,8.709253305056678940e+00
4.434981423263789679e+01,7.034251484845860602e+00
4.436981994855673150e+01,7.803054126348959230e+00
4.438982566447556621e+01,6.303605147236740258e+00
4.440983138039440092e+01,6.497299133028942464e+00
4.442983709631323563e+01,7.085173468991610157e+00
4.444984281223207034e+01,6.051087593443922330e+00
4.446984852815090505e+01,6.102886896032113206e+00
4.448985424406973266e+01,5.958149919641009262e+00
4.450985995998856737e+01,6.191492710723773385e+00
4.452986567590740208e+01,5.713794702076562260e+00
4.454987139182623679e+01,6.227504017797410363e+00
4.456987710774507150e+01,6.213350734460797220e+00
4.458988282366390621e+01,6.196293738259718964e+00
4.460988853958274092e+01,6.826955668191919457e+00
4.462989425550157563e+01,6.766911308526723623e+00
4.464989997142041034e+01,5.936915202741797515e+00
4.466990568733924505e+01,6.158382750428874175e+00
4.468991140325807265e+01,5.812974319598524175e+00
4.470991711917690736e+01,5.897006738771470857e+00
4.472992283509574207e+01,6.593002195299717094e+00
4.474992855101457678e+01,5.915434157899497336e+00
4.476993426693341149e+01,5.468328206616399179e+00
4.478993998285224620e+01,5.854430683455641216e+00
4.480994569877108091e+01,6.316015883877538428e+00
4.482995141468991562e+01,6.071090446485527536e+00
4.484995713060875033e+01,5.543982188652769594e+00
4.486996284652757794e+01,5.268834000065233170e+00
4.488996856244641265e+01,5.141845594208324322e+00
4.490997427836524736e+01,5.639494306061292761e+00
4.492997999428408207e+01,6.226527579409675717e+00
4.494998571020291678e+01,5.570634985353374091e+00
4.496999142612175149e+01,6.224087416366689496e+00
4.498999714204058620e+01,5.452998449459697916e+00
4.501000285795942091e+01,6.001686387401733214e+00
4.503000857387825562e+01,6.596745594279424196e+00
4.505001428979709033e+01,5.881983003403622234e+00
4.507002000571591793e+01,6.208570171336583066e+00
4.509002572163475264e+01,5.606289514043178990e+00
4.511003143755358735e+01,5.505295007630028437e+00
4.513003715347242206e+01,5.935479160279903965e+00
4.515004286939125677e+01,5.972083668964899061e+00
4.517004858531009148e+01,5.782839008756921473e+00
4.519005430122892619e+01,6.086058766203294113e+00
4.521006001714776090e+01,6.250311889980597613e+00
4.523006573306659561e+01,5.270543488433471424e+00
4.525007144898542322e+01,5.772399942651832205e+00
4.527007716490425793e+01,5.935771263890293525e+00
4.529008288082309264e+01,5.437143169016367850e+00
4.531008859674192735e+01,5.987465667223469623e+00
4.533009431266076206e+01,5.884215708846577186e+00
4.535010002857959677e+01,5.406954345413395480e+00
4.537010574449843148e+01,5.990693229637093609e+00
4.539011146041726619e+01,5.305121482242145525e+00
4.541011717633610090e+01,4.881646393099708270e+00
4.543012289225492850e+01,5.609142267113219837e+00
4.545012860817376321e+01,6.338478990148050940e+00
4.547013432409259792e+01,6.283553489920048918e+00
4.549014004001143263e+01,5.977977373002268280e+00
4.551014575593026734e+01,5.270611112330414016e+00
4.553015147184910205e+01,6.471518110432491255e+00
4.555015718776793676e+01,5.685955212227389310e+00
4.557016290368677147e+01,5.009762023269505704e+00
4.559016861960560618e+01,5.585007321496785693e+00
4.561017433552444089e+01,5.441791412438465869e+00
4.563018005144326850e+01,5.517162592327769843e+00
4.565018576736210321e+01,5.578620187243169326e+00
4.567019148328093792e+01,6.330487061965030193e+00
4.569019719919977263e+01,5.761086354448480051e+00
4.571020291511860734e+01,5.391075725703128541e+00
4.573020863103744205e+01,5.526626789541836615e+00
4.575021434695627676e+01,5.339689545949659610e+00
4.577022006287511147e+01,5.393397440239534824e+00
4.579022577879394618e+01,6.433389034905177439e+00
4.581023149471277378e+01,5.829177315805084802e+00
4.583023721063160849e+01,5.507398200713199188e+00
4.585024292655044320e+01,5.288521411060791877e+00
4.587024864246927791e+01,5.836365973875546231e+00
4.589025435838811262e+01,6.469992518459871889e+00
4.591026007430694733e+01,5.592469178732177859e+00
4.593026579022578204e+01,5.070291604507021432e+00
4.595027150614461675e+01,5.569250839534443109e+00
4.597027722206345146e+01,6.176037041057950816e+00
4.599028293798228617e+01,6.295885943627934189e+00
4.601028865390111378e+01,5.563894261511677541e+00
4.603029436981994849e+01,4.912090687380714193e+00
4.605030008573878320e+01,5.896106643900830058e+00
4.607030580165761791e+01,5.330273264715413184e+00
4.609031151757645262e+01,6.513581076661747460e+00
4.611031723349528733e+01,5.364180476330906444e+00
4.613032294941412204e+01,5.677627818733132159e+00
4.615032866533295675e+01,5.559445991589103464e+00
4.617033438125179146e+01,6.088276520599892550e+00
4.619034009717061906e+01,5.081040724275318610e+00
4.621034581308945377e+01,5.494663615418186708e+00
4.623035152900828848e+01,5.488435357299495720e+00
4.625035724492712319e+01,5.722983937307960289e+00
4.627036296084595790e+01,5.930227357262477739e+00
4.629036867676479261e+01,5.185380746166826427e+00
4.631037439268362732e+01,6.209429346250607828e+00
4.633038010860246203e+01,4.935999325557329342e+00
4.635038582452129674e+01,5.906996555003766858e+00
4.637039154044012434e+01,5.366558128667961114e+00
4.639039725635895905e+01,5.479467826520600937e+00
4.641040297227779376e+01,5.746390849806704892e+00
4.643040868819662847e+01,5.323323466567102535e+00
4.645041440411546319e+01,5.146509763678460914e+00
4.647042012003429790e+01,6.286406631702909031e+00
4.649042583595313261e+01,5.104305763702726040e+00
4.651043155187196732e+01,5.600022868811048937e+00
4.653043726779080203e+01,4.851915955277783965e+00
4.655044298370963674e+01,5.735823919384143821e+00
4.657044869962846434e+01,5.174472546363696246e+00
4.659045441554729905e+01,5.694693508755961808e+00
4.661046013146613376e+01,5.740999115768427252e+00
4.663046584738496847e+01,5.542067071110322374e+00
4.665047156330380318e+01,5.428513490768796856e+00
4.667047727922263789e+01,5.826599469309526214e+00
4.669048299514147260e+01,5.758084073528838331e+00
4.671048871106030731e+01,5.635738362377338717e+00
4.673049442697914202e+01,5.632022821210413532e+00
4.675050014289796962e+01,5.469441270601388183e+00
4.677050585881680433e+01,5.951854777498455817e+00
4.679051157473563904e+01,5.422954367548937782e+00
4.681051729065447375e+01,5.837758944851072940e+00
4.683052300657330846e+01,5.657043909586539243e+00
4.685052872249214317e+01,5.438101654109220640e+00
4.687053443841097788e+01,5.005199358366382967e+00
4.689054015432981259e+01,5.293439521601006170e+00
4.691054587024864730e+01,5.936271567757241741e+00
4.693055158616748201e+01,4.799660840681235108e+00
4.695055730208630962e+01,5.562623502605003267e+00
4.697056301800514433e+01,6.409334613597955865e+00
4.699056873392397904e+01,6.039791146582023984e+00
4.701057444984281375e+01,5.435169693055743600e+00
4.703058016576164846e+01,5.041175451338906655e+00
4.705058588168048317e+01,5.095340143845888292e+00
4.707059159759931788e+01,5.807681631639191266e+00
4.709059731351815259e+01,5.509641028470574575e+00
4.711060302943698730e+01,4.969897737720272879e+00
4.713060874535581490e+01,5.712241764192620863e+00
4.715061446127464961e+01,4.863119287237660515e+00
4.717062017719348432e+01,5.755722222517592357e+00
4.719062589311231903e+01,6.043726124172628111e+00
4.721063160903115374e+01,5.247656830676866058e+00
4.723063732494998845e+01,4.979635681614521303e+00
4.725064304086882316e+01,5.650807529401411955e+00
4.727064875678765787e+01,5.326081150784832019e+00
4.729065447270649258e+01,5.613201604124260058e+00
4.731066018862532019e+01,5.682185511596562044e+00
4.733066590454415490e+01,5.539110894529468254e+00
4.735067162046298961e+01,5.160801164242111660e+00
4.737067733638182432e+01,5.800954810520528859e+00
4.739068305230065903e+01,5.289914253891585538e+00
4.741068876821949374e+01,5.518337125769634532e+00
4.743069448413832845e+01,5.280151526582024246e+00
4.745070020005716316e+01,5.264542341377358881e+00
4.747070591597599787e+01,5.940812958100671892e+00
4.749071163189483258e+01,5.521656576759767177e+00
4.751071734781366018e+01,6.031053983394247808e+00
4.753072306373249489e+01,5.232965756069318353e+00
4.755072877965132960e+01,5.343876390792492437e+00
4.757073449557016431e+01,5.264242914839004861e+00
4.759074021148899902e+01,5.824239410066704536e+00
4.761074592740783373e+01,6.141824517157733254e+00
4.763075164332666844e+01,5.166291879968293088e+00
4.765075735924550315e+01,5.576288223582476888e+00
4.767076307516433786e+01,6.135112417242102545e+00
4.769076879108316547e+01,5.416751341002183473e+00
4.771077450700200018e+01,5.851807036456198929e+00
4.773078022292083489e+01,4.888876008693566533e+00
4.775078593883966960e+01,4.810418687055630471e+00
4.777079165475850431e+01,6.142238646026326521e+00
4.779079737067733902e+01,5.622621724924644404e+00
4.781080308659617373e+01,6.108002190054091507e+00
4.783080880251500844e+01,5.581787298097942163e+00
4.785081451843384315e+01,5.768755660612140623e+00
4.787082023435267075e+01,5.872606932046233297e+00
4.789082595027150546e+01,5.990759978226661175e+00
4.791083166619034017e+01,5.863156393561419044e+00
4.793083738210917488e+01,5.365049220073866643e+00
4.795084309802800959e+01,5.401433738749263469e+00
4.797084881394684430e+01,4.846620824573980357e+00
4.799085452986567901e+01,5.886197711189620208e+00
4.801086024578451372e+01,5.635363512439472089e+00
4.803086596170334843e+01,5.700414462922317682e+00
4.805087167762218314e+01,5.586217990957099921e+00
4.807087739354101075e+01,5.582136067459760653e+00
4.809088310945984546e+01,5.367946706994561445e+00
4.811088882537868017e+01,6.120556329785767247e+00
4.813089454129751488e+01,6.397250758089905176e+00
4.815090025721634959e+01,5.617803562551356933e+00
4.817090597313518430e+01,6.286538457928255497e+00
4.819091168905401901e+01,5.545640794757570546e+00
4.821091740497285372e+01,5.732182603380456598e+00
4.823092312089168843e+01,5.923289992442080099e+00
4.825092883681051603e+01,5.679212907788073750e+00
4.827093455272935074e+01,5.818435410635229843e+00
4.829094026864818545e+01,5.606627559915560610e+00
4.831094598456702016e+01,4.977433877025235986e+00
4.833095170048585487e+01,5.756014834247127787e+00
4.835095741640468958e+01,5.022554536570343231e+00
4.837096313232352429e+01,5.375239734362729394e+00
4.839096884824235900e+01,5.769199087335532994e+00
4.841097456416119371e+01,5.755976489299262866e+00
4.843098028008002842e+01,5.395951716445988922e+00
4.845098599599885603e+01,5.450029452270088726e+00
4.847099171191769074e+01,6.018713192070562989e+00
4.849099742783652545e+01,4.986375732759573687e+00
4.851100314375536016e+01,4.955277526781697084e+00
4.853100885967419487e+01,6.380756926202066914e+00
4.855101457559302958e+01,5.028294772360121456e+00
4.857102029151186429e+01,6.203695741396590968e+00
4.859102600743069900e+01,5.182710542709332735e+00
4.861103172334953371e+01,4.993440423686061891e+00
4.863103743926836131e+01,5.634536875159491309e+00
4.865104315518719602e+01,6.056266990771689507e+00
4.867104887110603073e+01,5.830565181574964839e+00
4.869105458702486544e+01,6.144614065709873785e+00
4.871106030294370015e+01,6.295992698591815540e+00
4.873106601886253486e+01,5.926374807435255576e+00
4.875107173478136957e+01,5.422927135713810465e+00
4.877107745070020428e+01,5.480245208593943929e+00
4.879108316661903899e+01,5.574905982709321250e+00
4.881108888253786660e+01,5.785366003208117114e+00
4.883109459845670131e+01,5.626164901708017752e+00
4.885110031437553602e+01,6.172678564222753295e+00
4.887110603029437073e+01,5.663125251284980344e+00
4.889111174621320544e+01,5.152265432260955791e+00
4.891111746213204015e+01,5.884229911755319620e+00
4.893112317805087486e+01,5.962656675110113547e+00
4.895112889396970957e+01,6.124375870584211512e+00
4.897113460988854428e+01,6.311845667760641376e+00
4.899114032580737899e+01,5.538388466998950932e+00
4.901114604172620659e+01,4.953108641321690264e+00
4.903115175764504130e+01,5.683281075549769135e+00
4.905115747356387601e+01,5.193245711202663983e+00
4.907116318948271072e+01,6.259171541971618069e+00
4.909116890540154543e+01,5.528173457536943225e+00
4.911117462132038014e+01,5.764021167509636001e+00
4.913118033723921485e+01,5.502953921317303987e+00
4.915118605315804956e+01,6.154187075033100029e+00
4.917119176907688427e+01,5.165004138505294051e+00
4.919119748499571187e+01,5.474942234496763760e+00
4.921120320091454658e+01,5.731485906049279322e+00
4.923120891683338129e+01,5.469884637451610132e+00
4.925121463275221600e+01,5.222270649408086385e+00
4.927122034867105071e+01,5.630221810999031185e+00
4.929122606458988542e+01,5.894834449507008856e+00
4.931123178050872014e+01,5.995380187557573848e+00
4.933123749642755485e+01,5.550025265549618503e+00
4.935124321234638956e+01,6.528791164241647849e+00
4.937124892826522427e+01,5.649933181329128473e+00
4.939125464418405187e+01,5.495080557734139504e+00
4.941126036010288658e+01,5.322666089563726999e+00
4.943126607602172129e+01,5.328568207319122507e+00
4.945127179194055600e+01,5.778155995587113125e+00
4.947127750785939071e+01,5.411512353067386982e+00
4.949128322377822542e+01,5.393283082645925930e+00
4.951128893969706013e+01,4.849726849662699735e+00
4.953129465561589484e+01,6.075561154234049965e+00
4.955130037153472955e+01,5.501638774734437298e+00
4.957130608745355715e+01,5.438923649715365904e+00
4.959131180337239186e+01,5.826621322584470519e+00
4.961131751929122657e+01,5.229394995471491114e+00
4.963132323521006128e+01,4.951873419371609408e+00
4.965132895112889599e+01,4.913770023865362546e+00
4.967133466704773070e+01,6.395400716406914654e+00
4.969134038296656541e+01,5.212040062013773678e+00
4.971134609888540012e+01,5.358728333021915091e+00
4.973135181480423483e+01,5.571903305435872866e+00
4.975135753072306244e+01,5.422534094315663467e+00
4.977136324664189715e+01,5.411889003633630679e+00
4.979136896256073186e+01,5.444540800221293608e+00
4.981137467847956657e+01,5.743267706684465068e+00
4.983138039439840128e+01,5.233264776316429945e+00
4.985138611031723599e+01,5.692236179498355142e+00
4.987139182623607070e+01,5.960295564212458430e+00
4.989139754215490541e+01,5.175713260376101132e+00
4.991140325807374012e+01,5.520842853752583324e+00
4.993140897399257483e+01,6.123162939450984332e+00
4.995141468991140243e+01,4.862738211978600233e+00
4.997142040583023714e+01,5.947213717573822223e+00
4.999142612174907185e+01,5.406555240667174189e+00
5.001143183766790656e+01,5.840773573046684319e+00
5.003143755358674127e+01,5.680503178977129863e+00
5.005144326950557598e+01,5.405373250755991066e+00
5.007144898542441069e+01,5.834028417375892062e+00
5.009145470134324540e+01,5.303811805753834818e+00
5.011146041726208011e+01,5.494124637919307830e+00
5.013146613318090772e+01,5.815619812297654789e+00
5.015147184909974243e+01,6.000362266422897051e+00
5.017147756501857714e+01,5.758606628642731984e+00
5.019148328093741185e+01,6.103461355919341358e+00
5.021148899685624656e+01,6.089892787416598452e+00
5.023149471277508127e+01,6.118696455335524753e+00
5.025150042869391598e+01,5.813501966416001920e+00
5.027150614461275069e+01,5.761319183500140717e+00
5.029151186053158540e+01,5.984223849526008721e+00
5.031151757645042011e+01,5.992832506251771107e+00
5.033152329236924771e+01,5.491774601656716825e+00
5.035152900828808242e+01,4.997841948523438660e+00
5.037153472420691713e+01,5.066913718448589066e+00
5.039154044012575184e+01,5.556959723627661774e+00
5.041154615604458655e+01,6.032306708912096305e+00
5.043155187196342126e+01,5.593487339632127409e+00
5.045155758788225597e+01,5.008974767071892487e+00
5.047156330380109068e+01,4.952977381257625211e+00
5.049156901971992539e+01,5.869581183963092030e+00
5.051157473563875300e+01,5.796263714570782710e+00
5.053158045155758771e+01,5.570063277297385262e+00
5.055158616747642242e+01,5.497700538581248964e+00
5.057159188339525713e+01,5.658582597991800966e+00
5.059159759931409184e+01,6.226656718978160754e+00
5.061160331523292655e+01,5.300535720678862361e+00
5.063160903115176126e+01,6.490939807241368875e+00
5.065161474707059597e+01,5.545338665994790084e+00
5.067162046298943068e+01,6.294490625764569636e+00
5.069162617890825828e+01,6.051839613198797707e+00
5.071163189482709299e+01,5.199577160274817977e+00
5.073163761074592770e+01,5.216535387433327564e+00
5.075164332666476241e+01,5.200088313896552350e+00
5.077164904258359712e+01,5.065382568219747306e+00
5.079165475850243183e+01,5.395748058884247911e+00
5.081166047442126654e+01,6.085274951465795112e+00
5.083166619034010125e+01,5.694851109700491243e+00
5.085167190625893596e+01,6.081281235835017007e+00
5.087167762217777067e+01,5.964100760758388020e+00
5.089168333809659828e+01,5.828134048321626182e+00
5.091168905401543299e+01,5.623542011557858267e+00
5.093169476993426770e+01,5.365372476469540075e+00
5.095170048585310241e+01,5.233656264667230218e+00
5.097170620177193712e+01,5.982900265938509321e+00
5.099171191769077183e+01,5.805390828085701393e+00
5.101171763360960654e+01,5.950143966976291665e+00
5.103172334952844125e+01,6.439971159751832985e+00
5.105172906544727596e+01,5.557618045940919238e+00
5.107173478136610356e+01,6.103975386611359966e+00
5.109174049728493827e+01,6.092678520071346249e+00
5.111174621320377298e+01,6.505065567573378615e+00
5.113175192912260769e+01,6.087455678850185237e+00
5.115175764504144240e+01,6.206096303293795913e+00
5.117176336096027711e+01,6.726254178620983737e+00
5.119176907687911182e+01,6.560464713727023778e+00
5.121177479279794653e+01,7.108970633687087926e+00
5.123178050871678124e+01,6.415157731453142276e+00
5.125178622463561595e+01,7.171461353923188398e+00
5.127179194055444356e+01,6.535139072063219423e+00
5.129179765647327827e+01,6.913621993636771990e+00
5.131180337239211298e+01,7.092709914331910781e+00
5.133180908831094769e+01,7.390329784611981090e+00
5.135181480422978240e+01,7.740909078380363795e+00
5.137182052014861711e+01,7.016727339049257495e+00
5.139182623606745182e+01,7.787340311365028356e+00
5.141183195198628653e+01,8.233795047680271040e+00
5.143183766790512124e+01,8.196787571146989748e+00
5.145184338382394884e+01,7.713807074934673658e+00
5.147184909974278355e+01,8.187300669416654131e+00
5.149185481566161826e+01,7.570170441185577026e+00
5.151186053158045297e+01,7.377784126957378064e+00
5.153186624749928768e+01,7.575041328985339106e+00
5.155187196341812239e+01,7.317211920839070238e+00
5.157187767933695710e+01,6.923268354552995163e+00
5.159188339525579181e+01,7.111784602399758626e+00
5.161188911117462652e+01,6.415545826212023073e+00
5.163189482709345413e+01,6.814354885141804985e+00
5.165190054301228884e+01,6.861347451313232426e+00
5.167190625893112355e+01,6.190059662214720149e+00
5.169191197484995826e+01,6.604390898116726305e+00
5.171191769076879297e+01,6.047725529589771831e+00
5.173192340668762768e+01,5.300888926658872791e+00
5.175192912260646239e+01,6.084288883164969519e+00
5.177193483852529710e+01,5.347790700217467830e+00
5.179194055444413181e+01,6.274469691361765022e+00
5.181194627036296652e+01,5.218804416589596151e+00
5.183195198628179412e+01,6.199344622140447569e+00
5.185195770220062883e+01,5.527112607893068130e+00
5.187196341811946354e+01,5.481515283029222196e+00
5.189196913403829825e+01,6.180767897794202881e+00
5.191197484995713296e+01,5.885640482110927607e+00
5.193198056587596767e+01,6.281139116449233839e+00
5.195198628179480238e+01,5.387518983305112918e+00
5.197199199771363709e+01,6.630742235473217505e+00
5.199199771363247180e+01,6.628907567334551665e+00
5.201200342955129940e+01,6.177624680932941814e+00
5.203200914547013411e+01,5.889619361726111890e+00
5.205201486138896882e+01,6.818724148112643491e+00
5.207202057730780353e+01,6.789782249481043586e+00
5.209202629322663824e+01,7.477128770622147869e+00
5.211203200914547295e+01,7.003762650210227925e+00
5.213203772506430766e+01,7.636942515592479275e+00
5.215204344098314237e+01,7.721810155428274314e+00
5.217204915690197708e+01,8.280930719204118162e+00
5.219205487282081180e+01,8.908814490524788354e+00
5.221206058873963940e+01,9.100980402563003224e+00
5.223206630465847411e+01,9.464981571752474565e+00
5.225207202057730882e+01,9.792084582837720319e+00
5.227207773649614353e+01,1.018814428617493384e+01
5.229208345241497824e+01,1.051585169382412843e+01
5.231208916833381295e+01,1.047098791585360011e+01
5.233209488425264766e+01,1.114901281824660195e+01
5.235210060017148237e+01,1.054876291634413121e+01
5.237210631609031708e+01,1.173246599263510603e+01
5.239211203200914468e+01,1.174597966720467568e+01
5.241211774792797939e+01,1.091783615842970789e+01
5.243212346384681410e+01,1.137397302153180334e+01
5.245212917976564881e+01,1.129493293211561777e+01
5.247213489568448352e+01,1.136378739824686690e+01
5.249214061160331823e+01,1.017320680434362856e+01
5.251214632752215294e+01,9.221012675953216942e+00
5.253215204344098765e+01,8.794882974623030591e+00
5.255215775935982236e+01,8.331655737032704678e+00
5.257216347527864997e+01,7.709096087293501043e+00
5.259216919119748468e+01,7.802907746393175970e+00
5.261217490711631939e+01,7.584033854556674115e+00
5.263218062303515410e+01,7.349354022635488093e+00
5.265218633895398881e+01,6.907818757839617518e+00
5.267219205487282352e+01,6.696722428146649975e+00
5.269219777079165823e+01,6.493030435275437995e+00
5.271220348671049294e+01,6.593677286999509946e+00
5.273220920262932765e+01,6.690337853681972646e+00
5.275221491854816236e+01,6.393923132078043636e+00
5.277222063446698996e+01,5.342749746181693737e+00
5.279222635038582467e+01,5.358673186158572577e+00
5.281223206630465938e+01,5.781107687047790655e+00
5.283223778222349409e+01,5.958991660896829856e+00
5.285224349814232880e+01,6.076808890407026098e+00
5.287224921406116351e+01,6.109051630343651063e+00
5.289225492997999822e+01,5.480537336259934555e+00
5.291226064589883293e+01,6.451870709806505566e+00
5.293226636181766764e+01,5.513815494458447652e+00
5.295227207773649525e+01,5.618600135978888410e+00
5.297227779365532996e+01,5.859634374868875284e+00
5.299228350957416467e+01,5.988998490824910093e+00
5.301228922549299938e+01,5.935069945328042884e+00
5.303229494141183409e+01,6.013172159493594293e+00
5.305230065733066880e+01,5.725131962122103957e+00
5.307230637324950351e+01,6.137570608443042808e+00
5.309231208916833822e+01,4.890399141536484251e+00
5.311231780508717293e+01,5.339139582550956220e+00
5.313232352100600764e+01,5.182309345780945264e+00
5.315232923692483524e+01,6.213883883319496704e+00
5.317233495284366995e+01,5.598889720629863120e+00
5.319234066876250466e+01,5.869310162771018469e+00
5.321234638468133937e+01,6.261326661251352732e+00
5.323235210060017408e+01,5.500684069193230386e+00
5.325235781651900879e+01,5.550942957495892394e+00
5.327236353243784350e+01,5.584156789015132460e+00
5.329236924835667821e+01,5.332792505081378920e+00
5.331237496427551292e+01,6.180102027308143064e+00
5.333238068019434053e+01,5.059814828165563050e+00
5.335238639611317524e+01,5.770186879033591509e+00
5.337239211203200995e+01,5.641362467214224630e+00
5.339239782795084466e+01,5.095263674670112763e+00
5.341240354386967937e+01,6.254240554919391570e+00
5.343240925978851408e+01,6.017258837136978400e+00
5.345241497570734879e+01,6.399807050215098769e+00
5.347242069162618350e+01,5.725657273277440673e+00
5.349242640754501821e+01,6.240781368579828126e+00
5.351243212346384581e+01,5.930772064501057983e+00
5.353243783938268052e+01,5.545220739430252621e+00
5.355244355530151523e+01,5.966245989537396710e+00
5.357244927122034994e+01,5.547194914218250616e+00
5.359245498713918465e+01,5.556683991755451579e+00
5.361246070305801936e+01,5.978444607778532038e+00
5.363246641897685407e+01,5.938339036399129967e+00
5.365247213489568878e+01,5.887346255952056850e+00
5.367247785081452349e+01,5.679514324845087003e+00
5.369248356673335820e+01,5.587242131864012862e+00
5.371248928265218581e+01,5.533894712752146283e+00
5.373249499857102052e+01,5.074351563834957446e+00
5.375250071448985523e+01,5.207375943067473756e+00
5.377250643040868994e+01,5.894561864069013168e+00
5.379251214632752465e+01,6.313526032000265076e+00
5.381251786224635936e+01,6.557563153873660511e+00
5.383252357816519407e+01,6.140979843641848568e+00
5.385252929408402878e+01,6.378882766082548450e+00
5.387253501000286349e+01,5.652592870204134812e+00
5.389254072592169109e+01,5.763373923884083538e+00
5.391254644184052580e+01,6.055934360064690658e+00
5.393255215775936051e+01,5.557888151292141643e+00
5.395255787367819522e+01,5.388510456567262352e+00
5.397256358959702993e+01,5.435589153117628136e+00
5.399256930551586464e+01,5.439625657574872264e+00
5.401257502143469935e+01,5.802401132697813324e+00
5.403258073735353406e+01,6.335125574964924233e+00
5.405258645327236877e+01,5.739983311478993322e+00
5.407259216919120348e+01,6.012675143919378407e+00
5.409259788511003109e+01,5.886647302552574956e+00
5.411260360102886580e+01,5.600738160940982091e+00
5.413260931694770051e+01,5.980718029031271143e+00
5.415261503286653522e+01,4.993528903093357840e+00
5.417262074878536993e+01,5.559710352714542836e+00
5.419262646470420464e+01,5.633367474222799487e+00
5.421263218062303935e+01,6.030308463662638729e+00
5.423263789654187406e+01,6.245959411145209472e+00
5.425264361246070877e+01,5.519470997391817235e+00
5.427264932837953637e+01,6.189786251591437249e+00
5.429265504429837108e+01,6.337220726996150688e+00
5.431266076021720579e+01,6.384626256881834827e+00
5.433266647613604050e+01,5.729784122746012898e+00
5.435267219205487521e+01,5.431210691968929360e+00
5.437267790797370992e+01,6.170815663681498364e+00
5.439268362389254463e+01,6.070982323407224435e+00
5.441268933981137934e+01,5.742628182101487511e+00
5.443269505573021405e+01,5.751996797413077900e+00
5.445270077164904166e+01,4.985947724986154128e+00
5.447270648756787637e+01,5.577396397950107776e+00
5.449271220348671108e+01,5.637213706548195091e+00
5.451271791940554579e+01,5.564812255430137355e+00
5.453272363532438050e+01,6.489944173047522469e+00
5.455272935124321521e+01,6.120185106944084907e+00
5.457273506716204992e+01,5.632028293916835793e+00
5.459274078308088463e+01,6.009658652249619593e+00
5.461274649899971934e+01,5.178365095938428198e+00
5.463275221491855405e+01,5.391886897467971451e+00
5.465275793083738165e+01,5.423301163958615057e+00
5.467276364675621636e+01,5.224648635549207221e+00
5.469276936267505107e+01,5.947532370375096633e+00
5.471277507859388578e+01,5.928656036946086338e+00
5.473278079451272049e+01,5.615833417666100225e+00
5.475278651043155520e+01,6.125554741293829153e+00
5.477279222635038991e+01,5.607338365964910309e+00
5.479279794226922462e+01,5.492965314198350768e+00
5.481280365818805933e+01,5.345892545718311517e+00
5.483280937410688693e+01,5.844561944016485988e+00
5.485281509002572164e+01,5.392703300803210809e+00
5.487282080594455635e+01,4.849974245265693540e+00
5.489282652186339106e+01,5.249106665934874627e+00
5.491283223778222577e+01,6.313008176194712107e+00
5.493283795370106048e+01,5.509158789039094728e+00
5.495284366961989519e+01,5.978583363559719643e+00
5.497284938553872990e+01,6.049381389451641056e+00
5.499285510145756461e+01,5.276107919653309608e+00
5.501286081737639222e+01,5.303836930400509075e+00
5.503286653329522693e+01,5.824036940371697391e+00
5.505287224921406164e+01,4.955686111503397662e+00
5.507287796513289635e+01,5.586506517606634858e+00
5.509288368105173106e+01,5.881729784238101999e+00
5.511288939697056577e+01,5.386117632516973508e+00
5.513289511288940048e+01,5.668227892226559206e+00
5.515290082880823519e+01,5.712355828080085018e+00
5.517290654472706990e+01,5.444839332176024449e+00
5.519291226064590461e+01,5.551292812045314662e+00
5.521291797656473221e+01,5.515170173030202960e+00
5.523292369248356692e+01,6.139047678010459030e+00
5.525292940840240163e+01,5.917705744083948893e+00
5.527293512432123634e+01,5.217834143884709341e+00
5.529294084024007105e+01,5.754415096933369611e+00
5.531294655615890576e+01,5.674330178313643280e+00
5.533295227207774047e+01,6.325043476161988920e+00
5.535295798799657518e+01,5.823482560431919808e+00
5.537296370391540989e+01,5.763501805333683059e+00
5.539296941983423750e+01,5.305678214896212275e+00
5.541297513575307221e+01,5.947602622894621938e+00
5.543298085167190692e+01,5.693493129285821297e+00
5.545298656759074163e+01,5.375576820904257147e+00
5.547299228350957634e+01,5.771952807827622323e+00
5.549299799942841105e+01,5.716886359461191169e+00
5.551300371534724576e+01,5.788349835148658862e+00
5.553300943126608047e+01,5.455985054514917110e+00
5.555301514718491518e+01,4.927417815374218080e+00
5.557302086310374989e+01,5.001927834813524321e+00
5.559302657902257749e+01,4.835640247872863284e+00
5.561303229494141220e+01,5.088288849234249511e+00
5.563303801086024691e+01,5.142270538372612165e+00
5.565304372677908162e+01,6.545332473287620800e+00
5.567304944269791633e+01,5.995341391865647296e+00
5.569305515861675104e+01,5.936841089466719623e+00
5.571306087453558575e+01,5.814243546095180903e+00
5.573306659045442046e+01,5.366806429809576784e+00
5.575307230637325517e+01,5.533053618474623292e+00
5.577307802229208278e+01,5.228121952064785916e+00
5.579308373821091749e+01,5.128698160332162637e+00
5.581308945412975220e+01,6.326581049987511918e+00
5.583309517004858691e+01,5.650326187374641762e+00
5.585310088596742162e+01,5.540705661082331979e+00
5.587310660188625633e+01,4.942585787315350920e+00
5.589311231780509104e+01,5.622661724476763823e+00
5.591311803372392575e+01,5.465022148900598786e+00
5.593312374964276046e+01,6.124801261299550603e+00
5.595312946556158806e+01,5.431071785214363956e+00
5.597313518148042277e+01,5.747727372656814993e+00
5.599314089739925748e+01,5.495593304645841393e+00
5.601314661331809219e+01,5.730694088560263744e+00
5.603315232923692690e+01,5.354741086457833532e+00
5.605315804515576161e+01,5.958742584225996453e+00
5.607316376107459632e+01,6.269107273218462950e+00
5.609316947699343103e+01,5.480384951512254688e+00
5.611317519291226574e+01,5.191000791615263843e+00
5.613318090883110045e+01,5.279432514481412930e+00
5.615318662474992806e+01,6.226856903223453088e+00
5.617319234066876277e+01,6.104487384702832031e+00
5.619319805658759748e+01,5.841865030748552456e+00
5.621320377250643219e+01,5.290753916610430707e+00
5.623320948842526690e+01,5.582056868871224431e+00
5.625321520434410161e+01,5.729386537036582183e+00
5.627322092026293632e+01,6.001555506209876434e+00
5.629322663618177103e+01,5.475667501465583342e+00
5.631323235210060574e+01,5.269211300602101744e+00
5.633323806801943334e+01,5.832634072398571234e+00
5.635324378393826805e+01,5.423107380637182118e+00
5.637324949985710276e+01,5.439984227618586132e+00
5.639325521577593747e+01,5.807940349692623627e+00
5.641326093169477218e+01,5.366615564185565290e+00
5.643326664761360689e+01,5.560798300653780224e+00
5.645327236353244160e+01,5.402346288292144472e+00
5.647327807945127631e+01,4.872647910724932530e+00
5.649328379537011102e+01,5.955100940094186335e+00
5.651328951128894573e+01,5.955381726536234765e+00
5.653329522720777334e+01,5.909439735801791826e+00
5.655330094312660805e+01,5.380241226416478284e+00
5.657330665904544276e+01,5.932563242525825231e+00
5.659331237496427747e+01,5.375343886663049631e+00
5.661331809088311218e+01,5.384064371831487783e+00
5.663332380680194689e+01,5.488750834664901213e+00
5.665332952272078160e+01,5.645632942008736777e+00
5.667333523863961631e+01,5.679797922734941551e+00
5.669334095455845102e+01,6.434287170029358016e+00
5.671334667047727862e+01,6.359293780187504908e+00
5.673335238639611333e+01,5.762922642515698968e+00
5.675335810231494804e+01,7.501444146998704099e+00
5.677336381823378275e+01,7.193073770285637991e+00
5.679336953415261746e+01,7.137460612884558131e+00
5.681337525007145217e+01,7.950326438286710484e+00
5.683338096599028688e+01,8.455562861297480026e+00
5.685338668190912159e+01,7.981700875728286348e+00
5.687339239782795630e+01,8.964227237370142376e+00
5.689339811374678391e+01,8.752462268288347502e+00
5.691340382966561862e+01,8.710359766224462064e+00
5.693340954558445333e+01,1.001511370714980487e+01
5.695341526150328804e+01,1.031182391594711589e+01
5.697342097742212275e+01,1.070250576474427895e+01
5.699342669334095746e+01,1.009344467654804767e+01
5.701343240925979217e+01,1.008711116470096947e+01
5.703343812517862688e+01,9.674499513020315078e+00
5.705344384109746159e+01,1.122167961019597726e+01
5.707344955701629630e+01,1.088711045024021651e+01
5.709345527293512390e+01,1.010540552658867419e+01
5.711346098885395861e+01,9.450606731303453856e+00
5.713346670477279332e+01,9.378877237177475124e+00
5.715347242069162803e+01,8.881204649489582437e+00
5.717347813661046274e+01,8.156378343902852990e+00
5.719348385252929745e+01,8.275891595534805134e+00
5.721348956844813216e+01,8.288425147378195135e+00
5.723349528436696687e+01,8.345527193033182911e+00
5.725350100028580158e+01,6.782338966379231948e+00
5.727350671620462919e+01,7.200075687890148401e+00
5.729351243212346390e+01,6.683303780072946232e+00
5.731351814804229861e+01,7.314666310036406216e+00
5.733352386396113332e+01,5.860750792142881416e+00
5.735352957987996803e+01,6.181729592688771646e+00
5.737353529579880274e+01,6.000587310754954551e+00
5.739354101171763745e+01,6.090110955105524582e+00
5.741354672763647216e+01,6.523472345683360984e+00
5.743355244355530687e+01,6.556947080102836445e+00
5.745355815947414158e+01,5.838179356108026852e+00
5.747356387539296918e+01,6.172940372901569717e+00
5.749356959131180389e+01,5.276834657442417864e+00
5.751357530723063860e+01,6.249295073348680063e+00
5.753358102314947331e+01,6.914921410836091908e+00
5.755358673906830802e+01,6.361847182478229001e+00
5.757359245498714273e+01,6.270152542814395602e+00
5.759359817090597744e+01,7.037942348936049086e+00
5.761360388682481215e+01,5.969590990009427500e+00
5.763360960274364686e+01,7.097459349809149387e+00
5.765361531866247446e+01,7.274026662315950631e+00
5.767362103458130917e+01,7.537714458491739933e+00
5.769362675050014388e+01,7.563565367053540101e+00
5.771363246641897859e+01,8.591803990388685364e+00
5.773363818233781330e+01,8.507855356246322387e+00
5.775364389825664801e+01,9.065019827285258458e+00
5.777364961417548272e+01,9.346351425361037357e+00
5.779365533009431743e+01,1.030594712280685243e+01
5.781366104601315214e+01,1.131138946691280012e+01
5.783366676193197975e+01,1.150569501730792155e+01
5.785367247785081446e+01,1.225741698390706524e+01
5.787367819376964917e+01,1.260890181954575873e+01
5.789368390968848388e+01,1.348272772292862420e+01
5.791368962560731859e+01,1.329316607995966848e+01
5.793369534152615330e+01,1.412279172387751025e+01
5.795370105744498801e+01,1.451050500382441655e+01
5.797370677336382272e+01,1.478628313539987715e+01
5.799371248928265743e+01,1.482320646857793989e+01
5.801371820520149214e+01,1.507596691917739840e+01
5.803372392112031974e+01,1.419667660055833736e+01
5.805372963703915445e+01,1.391269232364950881e+01
5.807373535295798916e+01,1.267994668015896309e+01
5.809374106887682387e+01,1.250265373966336924e+01
5.811374678479565858e+01,1.105506480318938856e+01
5.813375250071449329e+01,1.069066310013821663e+01
5.815375821663332800e+01,9.586031219117828073e+00
5.817376393255216271e+01,9.240969792016670681e+00
5.819376964847099742e+01,8.349973750682476492e+00
5.821377536438982503e+01,7.656856236865439591e+00
5.823378108030865974e+01,7.803425530879582794e+00
5.825378679622749445e+01,6.773496925566575122e+00
5.827379251214632916e+01,6.724346104354760101e+00
5.829379822806516387e+01,7.098836935023605577e+00
5.831380394398399858e+01,6.951726368514704824e+00
5.833380965990283329e+01,5.581575049377880404e+00
5.835381537582166800e+01,6.249435254967295350e+00
5.837382109174050271e+01,6.283204734146767834e+00
5.839382680765933742e+01,5.842306107668761683e+00
5.841383252357816502e+01,5.211526065689804810e+00
5.843383823949699973e+01,5.796618388902492036e+00
5.845384395541583444e+01,5.767909010165760186e+00
5.847384967133466915e+01,6.084829237944903824e+00
5.849385538725350386e+01,6.285097492867054214e+00
5.851386110317233857e+01,5.955798274481110433e+00
5.853386681909117328e+01,5.225052569725487928e+00
5.855387253501000799e+01,6.512594987729499962e+00
5.857387825092884270e+01,6.017808200567413834e+00
5.859388396684767031e+01,6.389636037925646939e+00
5.861388968276650502e+01,5.524256675796933358e+00
5.863389539868533973e+01,5.374197709608560913e+00
5.865390111460417444e+01,5.715556292809023553e+00
5.867390683052300915e+01,6.029852935032859129e+00
5.869391254644184386e+01,6.067616263241083274e+00
5.871391826236067857e+01,5.285211896830753986e+00
5.873392397827951328e+01,5.777468578812818834e+00
5.875392969419834799e+01,5.107788208196820889e+00
5.877393541011717559e+01,5.787856682777579920e+00
5.879394112603601030e+01,6.273170537489695775e+00
5.881394684195484501e+01,6.329193434524275297e+00
5.883395255787367972e+01,5.308862779798880993e+00
5.885395827379251443e+01,5.939984233223062127e+00
5.887396398971134914e+01,5.727407384743552043e+00
5.889396970563018385e+01,5.326553071040022402e+00
5.891397542154901856e+01,5.991108617012624649e+00
5.893398113746785327e+01,6.111028650132336537e+00
5.895398685338668798e+01,6.103470670838262002e+00
5.897399256930551559e+01,5.801981918100898028e+00
5.899399828522435030e+01,6.316727174249459509e+00
5.901400400114318501e+01,5.696020863676354296e+00
5.903400971706201972e+01,6.266801317537321836e+00
5.905401543298085443e+01,5.629996378837929250e+00
5.907402114889968914e+01,6.655296696112985799e+00
5.909402686481852385e+01,6.485280770094890457e+00
5.911403258073735856e+01,5.811634370286494544e+00
5.913403829665619327e+01,7.115874433368009733e+00
5.915404401257502087e+01,5.958102536358238055e+00
5.917404972849385558e+01,6.469137769479210043e+00
5.919405544441269029e+01,7.256751010785182032e+00
5.921406116033152500e+01,7.850522317404550421e+00
5.923406687625035971e+01,7.072183108866926915e+00
5.925407259216919442e+01,7.917840450587791068e+00
5.927407830808802913e+01,7.907524269783889892e+00
5.929408402400686384e+01,8.992821811613199046e+00
5.931408973992569855e+01,9.184054903031739769e+00
5.933409545584453326e+01,9.637472979306645371e+00
5.935410117176336087e+01,9.986035937254117201e+00
5.937410688768219558e+01,1.004981872333152637e+01
5.939411260360103029e+01,1.138710997649561918e+01
5.941411831951986500e+01,1.125703448712530808e+01
5.943412403543869971e+01,1.158421473624623488e+01
5.945412975135753442e+01,1.071290203722064760e+01
5.947413546727636913e+01,1.078555251084057076e+01
5.949414118319520384e+01,1.069513589891903216e+01
5.951414689911403855e+01,9.494554358120277371e+00
5.953415261503286615e+01,9.758986575306327182e+00
5.955415833095170086e+01,9.309573245183729640e+00
5.957416404687053557e+01,9.557764987173030136e+00
5.959416976278937028e+01,8.831130638243450903e+00
5.961417547870820499e+01,7.918258682667485893e+00
5.963418119462703970e+01,7.531525588396679183e+00
5.965418691054587441e+01,7.633103666845842739e+00
5.967419262646470912e+01,7.045596309695540960e+00
5.969419834238354383e+01,6.911304087469197555e+00
5.971420405830237144e+01,6.889641440682050977e+00
5.973420977422120615e+01,6.292515131759880198e+00
5.975421549014004086e+01,6.050091739141697289e+00
5.977422120605887557e+01,6.354758177769818772e+00
5.979422692197771028e+01,6.678323149683309978e+00
5.981423263789654499e+01,5.937441846345790530e+00
5.983423835381537970e+01,5.830989302123068541e+00
5.985424406973421441e+01,5.517503490953131973e+00
5.987424978565304912e+01,5.845179459174890013e+00
5.989425550157188383e+01,6.663980735366028973e+00
5.991426121749071143e+01,5.759808936315521599e+00
5.993426693340954614e+01,6.534830664332242023e+00
5.995427264932838085e+01,6.989836969386837850e+00
5.997427836524721556e+01,6.297324669763089133e+00
5.999428408116605027e+01,6.828063880238536498e+00
6.001428979708488498e+01,7.395971455557257102e+00
6.003429551300371969e+01,7.864504866714694842e+00
6.005430122892255440e+01,7.442837556333188331e+00
6.007430694484138911e+01,8.180098027967533270e+00
6.009431266076021672e+01,8.198969763038681080e+00
6.011431837667905143e+01,9.404552954601451020e+00
6.013432409259788614e+01,1.045894579803880120e+01
6.015432980851672085e+01,1.146458344604198842e+01
6.017433552443555556e+01,1.183714539478101280e+01
6.019434124035439027e+01,1.253708859124390429e+01
6.021434695627322498e+01,1.268472087592519237e+01
6.023435267219205969e+01,1.361772442642393877e+01
6.025435838811089440e+01,1.545777520604502797e+01
6.027436410402972911e+01,1.598824495375205146e+01
6.029436981994855671e+01,1.609074767242954351e+01
6.031437553586739142e+01,1.627973495374808621e+01
6.033438125178622613e+01,1.671550758984861318e+01
6.035438696770506084e+01,1.634237073155542319e+01
6.037439268362389555e+01,1.661059322519158954e+01
6.039439839954273026e+01,1.500481019070749511e+01
6.041440411546156497e+01,1.449440655508903575e+01
6.043440983138039968e+01,1.402251914443407088e+01
6.045441554729923439e+01,1.389082329435973406e+01
6.047442126321806199e+01,1.299088966853667770e+01
6.049442697913689670e+01,1.143864471373206015e+01
6.051443269505573141e+01,1.004113768598749168e+01
6.053443841097456612e+01,1.027322136183643053e+01
6.055444412689340083e+01,9.405050557977356007e+00
6.057444984281223554e+01,8.619626926905313624e+00
6.059445555873107025e+01,7.831583606327262359e+00
6.061446127464990496e+01,7.821280978835149611e+00
6.063446699056873967e+01,7.033054418344319103e+00
6.065447270648756728e+01,7.221949061472784592e+00
6.067447842240640199e+01,7.258069088311717820e+00
6.069448413832523670e+01,6.301114966525824812e+00
6.071448985424407141e+01,6.571056279501330089e+00
6.073449557016290612e+01,6.579648649744623157e+00
6.075450128608174083e+01,6.172130078664624264e+00
6.077450700200057554e+01,6.647933846182310091e+00
6.079451271791941025e+01,5.569665531813157600e+00
6.081451843383824496e+01,6.189842314295114889e+00
6.083452414975707967e+01,6.195877869411145156e+00
6.085452986567590727e+01,6.084040391151606997e+00
6.087453558159474198e+01,6.228191946071062191e+00
6.089454129751357669e+01,5.795741734514747279e+00
6.091454701343241140e+01,6.526570892413059433e+00
6.093455272935124611e+01,5.614700203511555188e+00
6.095455844527008082e+01,5.881955936062367662e+00
6.097456416118891553e+01,6.238226646280759624e+00
6.099456987710775024e+01,6.166328769482916528e+00
6.101457559302658495e+01,6.256292324087870504e+00
6.103458130894541256e+01,5.865363664836417357e+00
6.105458702486424727e+01,5.322231975297993856e+00
6.107459274078308198e+01,5.894305598978633043e+00
6.109459845670191669e+01,5.832120328942146159e+00
6.111460417262075140e+01,5.456780884125128850e+00
6.113460988853958611e+01,5.686069176094175504e+00
6.115461560445842082e+01,5.476102843861185399e+00
6.117462132037725553e+01,5.523043815020010072e+00
6.119462703629609024e+01,4.952324985258202972e+00
6.121463275221492495e+01,5.799180840846273277e+00
6.123463846813375255e+01,5.391973673012412149e+00
6.125464418405258726e+01,5.714177833051348188e+00
6.127464989997142197e+01,5.617411110467265267e+00
6.129465561589025668e+01,5.495283811677282415e+00
6.131466133180909139e+01,5.960082193100194381e+00
6.133466704772792610e+01,5.393294210135270106e+00
6.135467276364676081e+01,5.681606685037298377e+00
6.137467847956559552e+01,5.249525632422844978e+00
6.139468419548443023e+01,5.960770320043908832e+00
6.141468991140325784e+01,5.873848965871236949e+00
6.143469562732209255e+01,5.350095458934828407e+00
6.145470134324092726e+01,6.270817431541324538e+00
6.147470705915976197e+01,6.167080425625449003e+00
6.149471277507859668e+01,5.655534316572470743e+00
6.151471849099743139e+01,5.014245195276952671e+00
6.153472420691626610e+01,6.506984497785818888e+00
6.155472992283510081e+01,5.727792485177239712e+00
6.157473563875393552e+01,5.200817111429128836e+00
6.159474135467276312e+01,5.354810366472451122e+00
6.161474707059159783e+01,5.825614417308303317e+00
6.163475278651043254e+01,5.857773153120910514e+00
6.165475850242926725e+01,5.834750898627433457e+00
6.167476421834810196e+01,5.553340576403472895e+00
6.169476993426693667e+01,5.430816863057494004e+00
6.171477565018577138e+01,6.076897232615136701e+00
6.173478136610460609e+01,6.246767513277918127e+00
6.175478708202344080e+01,5.790295529063597790e+00
6.177479279794227551e+01,5.650540784064881805e+00
6.179479851386110312e+01,5.884252802707663044e+00
6.181480422977993783e+01,6.222312037043929323e+00
6.183480994569877254e+01,5.784618743128375762e+00
6.185481566161760725e+01,6.460839959766101259e+00
6.187482137753644196e+01,5.907068879938333517e+00
6.189482709345527667e+01,5.458379480229213598e+00
6.191483280937411138e+01,5.921552812247622199e+00
6.193483852529294609e+01,5.047566926384123853e+00
6.195484424121178080e+01,5.925105781241446046e+00
6.197484995713060840e+01,5.622917950612368543e+00
6.199485567304944311e+01,5.684716879349531737e+00
6.201486138896827782e+01,5.193883666545800359e+00
6.203486710488711253e+01,5.595300584515358722e+00
6.205487282080594724e+01,5.480591871615424715e+00
6.207487853672478195e+01,5.360227465186121698e+00
6.209488425264361666e+01,5.922358430446296396e+00
6.211488996856245137e+01,6.337993946187975070e+00
6.213489568448128608e+01,6.344605802099637870e+00
6.215490140040011369e+01,6.113258739299134881e+00
6.217490711631894840e+01,5.082686227702721382e+00
6.219491283223778311e+01,5.361517112163927123e+00
6.221491854815661782e+01,6.023920388007494964e+00
6.223492426407545253e+01,5.552324960022502864e+00
6.225492997999428724e+01,5.745873652885412852e+00
6.227493569591312195e+01,5.955501916795351569e+00
6.229494141183195666e+01,5.710784060694342301e+00
6.231494712775079137e+01,5.610115699005923773e+00
6.233495284366962608e+01,5.051523269336612998e+00
6.235495855958845368e+01,5.609737633937815993e+00
6.237496427550728839e+01,5.253580275381017017e+00
6.239496999142612310e+01,6.304546061544931135e+00
6.241497570734495781e+01,5.260068620563208341e+00
6.243498142326379252e+01,5.802705252812261350e+00
6.245498713918262723e+01,6.029488870244366083e+00
6.247499285510146194e+01,5.856110505609496641e+00
6.249499857102029665e+01,6.042235473942657364e+00
6.251500428693913136e+01,6.067237519258942946e+00
6.253501000285795897e+01,6.349312340097804430e+00
6.255501571877679368e+01,5.735488423785983336e+00
6.257502143469562839e+01,6.000782185104271527e+00
6.259502715061446310e+01,6.334582889985249210e+00
6.261503286653329781e+01,6.350360417497517673e+00
6.263503858245213252e+01,6.014494354615843363e+00
6.265504429837096723e+01,6.218430974446807369e+00
6.267505001428980194e+01,6.537460820253976124e+00
6.269505573020863665e+01,6.353685110609569975e+00
6.271506144612747136e+01,6.676784577583645408e+00
6.273506716204629896e+01,7.444859013915262835e+00
6.275507287796513367e+01,6.954581021266717400e+00
6.277507859388396838e+01,8.219798063427045776e+00
6.279508430980280309e+01,8.078205324368035178e+00
6.281509002572163780e+01,8.358695087897960008e+00
6.283509574164047251e+01,8.177695775875866602e+00
6.285510145755930722e+01,8.776596948245597218e+00
6.287510717347814193e+01,9.857077582981332853e+00
6.289511288939697664e+01,9.814899610098040128e+00
6.291511860531580425e+01,9.742518994428188250e+00
6.293512432123463896e+01,1.045171596889159105e+01
6.295513003715347367e+01,1.020618390155954991e+01
6.297513575307230838e+01,9.638930060351068363e+00
6.299514146899114309e+01,9.993144334089890890e+00
6.301514718490997780e+01,1.026316049204347003e+01
6.303515290082881251e+01,1.001953036931105601e+01
6.305515861674764722e+01,9.159897147913437010e+00
6.307516433266648193e+01,9.057682746195833801e+00
6.309517004858530953e+01,8.370464925190148620e+00
6.311517576450414424e+01,7.958337521046034979e+00
6.313518148042297895e+01,7.505926912988879707e+00
6.315518719634181366e+01,7.494544621904868364e+00
6.317519291226064837e+01,6.573852862516305962e+00
6.319519862817948308e+01,6.115889413477535896e+00
6.321520434409831779e+01,6.464272399163686345e+00
6.323521006001715250e+01,6.218067054990519260e+00
6.325521577593598721e+01,6.228252098085919286e+00
6.327522149185482192e+01,6.659604103031105282e+00
6.329522720777364952e+01,6.036747688475807117e+00
6.331523292369248423e+01,5.633206943894393248e+00
6.333523863961131894e+01,6.263566653262870432e+00
6.335524435553015365e+01,5.701111231747499453e+00
6.337525007144898836e+01,5.911539319640595203e+00
6.339525578736782307e+01,5.465839629270893951e+00
6.341526150328665778e+01,6.041785161197454457e+00
6.343526721920549249e+01,6.298541475975074633e+00
6.345527293512432720e+01,6.261583396275137936e+00
6.347527865104315481e+01,5.951934070307866698e+00
6.349528436696198952e+01,6.283164298959451166e+00
6.351529008288082423e+01,6.155842628847962850e+00
6.353529579879965894e+01,5.561354179064871062e+00
6.355530151471849365e+01,5.765788948942844883e+00
6.357530723063732836e+01,6.209327083370830280e+00
6.359531294655616307e+01,5.882889563058913751e+00
6.361531866247499778e+01,5.318483402303416874e+00
6.363532437839383249e+01,6.645543221308752635e+00
6.365533009431266720e+01,5.496372707269992830e+00
6.367533581023149480e+01,6.646385881790568106e+00
6.369534152615032951e+01,5.183228724415380739e+00
6.371534724206916422e+01,5.657177921977048385e+00
6.373535295798799893e+01,5.543039232426845153e+00
6.375535867390683364e+01,5.670951085028216099e+00
6.377536438982566835e+01,5.949564918652290757e+00
6.379537010574450306e+01,5.360435553172372636e+00
6.381537582166333777e+01,5.065169163036096656e+00
6.383538153758217248e+01,6.133223352880817103e+00
6.385538725350100009e+01,5.535635323617571046e+00
6.387539296941983480e+01,6.146435882585697286e+00
6.389539868533866951e+01,6.233453127204453104e+00
6.391540440125750422e+01,6.133525981274042138e+00
6.393541011717633893e+01,5.487043205232936316e+00
6.395541583309517364e+01,5.101027602774680147e+00
6.397542154901400835e+01,5.864827679987836717e+00
6.399542726493284306e+01,5.357795475668128304e+00
6.401543298085167066e+01,5.327395184205824918e+00
6.403543869677051248e+01,5.184576597522577046e+00
6.405544441268934008e+01,5.825278229592656842e+00
6.407545012860816769e+01,5.805412780366066450e+00
6.409545584452700950e+01,5.254428398872954098e+00
6.411546156044585132e+01,6.397548560434034748e+00
6.413546727636467892e+01,6.210661467593785900e+00
6.415547299228350653e+01,5.817800320345882348e+00
6.417547870820234834e+01,5.919921963355500694e+00
6.419548442412119016e+01,6.216026703280213894e+00
6.421549014004001776e+01,5.828336157480524804e+00
6.423549585595884537e+01,5.562209102962571095e+00
6.425550157187768718e+01,6.208039829198090942e+00
6.427550728779651479e+01,5.448909345565850160e+00
6.429551300371534239e+01,5.876204951999781656e+00
6.431551871963418421e+01,5.849170353325533256e+00
6.433552443555302602e+01,5.905327038189470912e+00
6.435553015147185363e+01,6.392739491170493338e+00
6.437553586739068123e+01,5.521856494668062609e+00
6.439554158330952305e+01,5.976396290827826974e+00
6.441554729922835065e+01,5.294530612977346173e+00
6.443555301514717826e+01,6.232729298272102980e+00
6.445555873106602007e+01,5.706720075508007639e+00
6.447556444698486189e+01,5.850751896319577483e+00
6.449557016290368949e+01,5.860888845633318134e+00
6.451557587882251710e+01,6.548120562821127422e+00
6.453558159474135891e+01,5.871443225154204804e+00
6.455558731066020073e+01,5.300039196127805496e+00
6.457559302657902833e+01,5.948312771173624114e+00
6.459559874249785594e+01,6.423925326145879744e+00
6.461560445841669775e+01,5.137034807672973713e+00
6.463561017433552536e+01,5.947400827370748821e+00
6.465561589025435296e+01,5.881547799440076219e+00
6.467562160617319478e+01,6.361456448344949166e+00
6.469562732209203659e+01,5.661982243704674289e+00
6.471563303801086420e+01,6.022273376531091849e+00
6.473563875392969180e+01,6.381103306313957724e+00
6.475564446984853362e+01,6.201219854572173062e+00
6.477565018576737543e+01,6.082753159567403145e+00
6.479565590168618883e+01,6.023439361117617352e+00
6.481566161760503064e+01,6.517072680751694769e+00
6.483566733352387246e+01,7.486397059830187217e+00
6.485567304944270006e+01,7.423509444694161630e+00
6.487567876536152767e+01,7.176071813585627623e+00
6.489568448128036948e+01,7.837325797543501338e+00
6.491569019719921130e+01,9.035912090105428618e+00
6.493569591311803890e+01,8.766952637637523083e+00
6.495570162903686651e+01,9.977547112845865485e+00
6.497570734495570832e+01,1.025352438409337097e+01
6.499571306087453593e+01,1.053201840953828139e+01
6.501571877679336353e+01,1.083164746001827616e+01
6.503572449271220535e+01,1.172173084457006809e+01
6.505573020863104716e+01,1.160358053285547619e+01
6.507573592454987477e+01,1.216869138054323862e+01
6.509574164046870237e+01,1.186047800066045532e+01
6.511574735638754419e+01,1.213174961188484424e+01
6.513575307230638600e+01,1.257255642803756501e+01
6.515575878822521361e+01,1.261906809515299877e+01
6.517576450414404121e+01,1.110793209962636752e+01
6.519577022006288303e+01,1.032883451810716302e+01
6.521577593598171063e+01,1.023594311522223421e+01
6.523578165190053824e+01,1.054697703895400096e+01
6.525578736781938005e+01,9.407155899743699479e+00
6.527579308373822187e+01,9.449657899780120829e+00
6.529579879965704947e+01,8.266637136954791742e+00
6.531580451557587708e+01,7.545717120084585616e+00
6.533581023149471889e+01,7.844053293980827846e+00
6.535581594741354650e+01,7.742108502311715768e+00
6.537582166333237410e+01,6.694087046469215707e+00
6.539582737925121592e+01,7.494362436883378109e+00
6.541583309517005773e+01,6.289813140993880225e+00
6.543583881108888534e+01,6.199302911855307130e+00
6.545584452700771294e+01,6.380325911594511012e+00
6.547585024292655476e+01,6.340182256713136510e+00
6.549585595884539657e+01,6.362149763827545712e+00
6.551586167476422418e+01,6.067518856531024518e+00
6.553586739068305178e+01,6.183273714848448677e+00
6.555587310660189360e+01,5.850069749960201904e+00
6.557587882252072120e+01,7.469433240221800219e+00
6.559588453843954881e+01,7.790580465857234849e+00
6.561589025435839062e+01,7.592747785216005241e+00
6.563589597027723244e+01,7.137788368751609269e+00
6.565590168619606004e+01,7.653086212745024319e+00
6.567590740211488765e+01,7.905019514172066053e+00
6.569591311803372946e+01,8.474540230582645606e+00
6.571591883395257128e+01,9.970324249434515451e+00
6.573592454987138467e+01,1.053830867371153701e+01
6.575593026579022649e+01,1.138004042448445574e+01
6.577593598170906830e+01,1.248394772241232253e+01
6.579594169762789591e+01,1.395080144812719425e+01
6.581594741354672351e+01,1.507533122801750558e+01
6.583595312946556533e+01,1.602358411225220181e+01
6.585595884538440714e+01,1.745263365129045496e+01
6.587596456130323475e+01,1.822746967061771173e+01
6.589597027722206235e+01,1.881373204113176811e+01
6.591597599314090417e+01,1.903876412213307390e+01
6.593598170905973177e+01,1.957062708313534216e+01
6.595598742497855937e+01,1.980872309049277291e+01
6.597599314089740119e+01,1.940934745943552997e+01
6.599599885681624301e+01,1.781304535654784615e+01
6.601600457273507061e+01,1.699728599551410824e+01
6.603601028865389821e+01,1.607442709253529500e+01
6.605601600457274003e+01,1.578265667598259192e+01
6.607602172049158185e+01,1.397086670082950199e+01
6.609602743641040945e+01,1.343977883927446193e+01
6.611603315232923705e+01,1.148673762353982220e+01
6.613603886824807887e+01,1.032525315313803915e+01
6.615604458416690647e+01,9.944697892975673525e+00
6.617605030008573408e+01,9.204654043285421139e+00
6.619605601600457589e+01,8.928078040998224552e+00
6.621606173192341771e+01,8.860104759588788070e+00
6.623606744784224531e+01,8.204872245342341941e+00
6.625607316376107292e+01,7.670856221012462228e+00
6.627607887967991473e+01,7.194596354599822163e+00
6.629608459559874234e+01,7.430469262832143151e+00
6.631609031151756994e+01,6.311662416043887447e+00
6.633609602743641176e+01,5.939182572147258199e+00
6.635610174335525357e+01,6.504356832752836937e+00
6.637610745927408118e+01,6.230923424477664341e+00
6.639611317519290878e+01,6.218715550913431755e+00
6.641611889111175060e+01,5.710695554986205735e+00
6.643612460703059241e+01,6.167548679547834922e+00
6.645613032294942002e+01,5.527607168753538858e+00
6.647613603886824762e+01,6.229361010056205572e+00
6.649614175478708944e+01,6.094913022246219114e+00
6.651614747070591704e+01,5.992234832234861308e+00
6.653615318662474465e+01,5.515333918337717023e+00
6.655615890254358646e+01,6.055211568188125781e+00
6.657616461846242828e+01,6.076181718106623109e+00
6.659617033438125588e+01,5.884941347887555629e+00
6.661617605030008349e+01,6.586955842789545379e+00
6.663618176621892530e+01,6.523102097528326482e+00
6.665618748213776712e+01,5.543811289855204549e+00
6.667619319805658051e+01,5.233661182940228862e+00
6.669619891397542233e+01,6.682565139026608314e+00
6.671620462989426414e+01,5.840037123429901555e+00
6.673621034581309175e+01,5.934774266515420393e+00
6.675621606173191935e+01,5.786549656134188702e+00
6.677622177765076117e+01,6.357499761157823670e+00
6.679622749356960298e+01,6.148128854862166648e+00
6.681623320948843059e+01,5.573597253424793507e+00
6.683623892540725819e+01,6.393213004114537412e+00
6.685624464132610001e+01,6.149035895955534237e+00
6.687625035724492761e+01,5.752800582654066019e+00
6.689625607316375522e+01,6.245810004403113957e+00
6.691626178908259703e+01,6.438083388998100176e+00
6.693626750500143885e+01,5.958491305568635710e+00
6.695627322092026645e+01,6.957498109885801085e+00
6.697627893683909406e+01,7.306725982558155863e+00
6.699628465275793587e+01,8.019352113128897841e+00
6.701629036867677769e+01,7.567103231999771751e+00
6.703629608459560529e+01,7.938609761373289331e+00
6.705630180051443290e+01,9.251558270379392823e+00
6.707630751643327471e+01,9.262906678902432134e+00
6.709631323235210232e+01,1.047369455782372327e+01
6.711631894827092992e+01,1.080592958195859410e+01
6.713632466418977174e+01,1.135485904084818642e+01
6.715633038010861355e+01,1.181663762255297279e+01
6.717633609602744116e+01,1.213492111974475662e+01
6.719634181194626876e+01,1.261043754103754289e+01
6.721634752786511058e+01,1.341633430519353709e+01
6.723635324378393818e+01,1.281916080979317840e+01
6.725635895970276579e+01,1.237884617228290907e+01
6.727636467562160760e+01,1.292037490435206237e+01
6.729637039154044942e+01,1.251708083111450343e+01
6.731637610745927702e+01,1.216912528593690723e+01
6.733638182337810463e+01,1.078990334235034076e+01
6.735638753929694644e+01,1.101284884394888053e+01
6.737639325521578826e+01,1.064461056272428507e+01
6.739639897113461586e+01,9.743173346676933022e+00
6.741640468705344347e+01,8.733420981834076002e+00
6.743641040297228528e+01,8.413654768225319103e+00
6.745641611889111289e+01,8.374400156339643075e+00
6.747642183480994049e+01,7.821841917306294079e+00
6.749642755072878231e+01,7.865928003688423154e+00
6.751643326664762412e+01,6.932854528526718241e+00
6.753643898256645173e+01,7.042854945671377820e+00
6.755644469848527933e+01,6.694928397356894934e+00
6.757645041440412115e+01,7.042025635486383273e+00
6.759645613032296296e+01,5.816002684379784071e+00
6.761646184624177636e+01,6.713657931768276299e+00
6.763646756216061817e+01,6.703085264448747971e+00
6.765647327807945999e+01,6.434628717608046777e+00
6.767647899399828759e+01,6.484043401115338945e+00
6.769648470991711520e+01,6.136776179214106008e+00
6.771649042583595701e+01,5.632152031408049986e+00
6.773649614175479883e+01,5.882266881093778821e+00
6.775650185767362643e+01,6.169121244916974334e+00
6.777650757359245404e+01,6.159676252080899417e+00
6.779651328951129585e+01,5.832594033427126234e+00
6.781651900543012346e+01,5.633698051034153664e+00
6.783652472134895106e+01,5.934788822835527000e+00
6.785653043726779288e+01,5.250201290985986979e+00
6.787653615318663469e+01,6.037075747386612790e+00
6.789654186910546230e+01,6.131318382010414680e+00
6.791654758502428990e+01,5.779833521051569889e+00
6.793655330094313172e+01,5.415959350848680742e+00
6.795655901686197353e+01,6.784549527589197382e+00
6.797656473278080114e+01,5.742230725141668657e+00
6.799657044869962874e+01,6.118727204206447112e+00
6.801657616461847056e+01,6.776940951951853975e+00
6.803658188053729816e+01,6.733585244074639320e+00
6.805658759645612577e+01,6.517113159339660733e+00
6.807659331237496758e+01,6.820351651202547494e+00
6.809659902829380940e+01,5.351207694106656199e+00
6.811660474421263700e+01,6.457699910919308728e+00
6.813661046013146461e+01,6.532956490243090997e+00
6.815661617605030642e+01,6.360491739129576771e+00
6.817662189196913403e+01,6.960509129906668591e+00
6.819662760788796163e+01,7.225035366773264300e+00
6.821663332380680345e+01,6.368352779505223715e+00
6.823663903972564526e+01,6.967702573285020407e+00
6.825664475564447287e+01,7.443150562046919383e+00
6.827665047156330047e+01,7.866948333597742149e+00
6.829665618748214229e+01,8.198182986486393986e+00
6.831666190340098410e+01,8.047999189406219500e+00
6.833666761931981171e+01,8.597101430241398390e+00
6.835667333523863931e+01,8.959682128551142100e+00
6.837667905115748113e+01,9.239271829159521943e+00
6.839668476707630873e+01,9.377409903552443637e+00
6.841669048299513634e+01,8.605826191409523318e+00
6.843669619891397815e+01,8.565482807447484248e+00
6.845670191483281997e+01,9.301377490166174766e+00
6.847670763075164757e+01,8.556885341865779537e+00
6.849671334667047518e+01,8.209970761062059808e+00
6.851671906258931699e+01,7.883567646014272512e+00
6.853672477850815881e+01,8.431073360402068673e+00
6.855673049442697220e+01,8.002553562392437314e+00
6.857673621034581402e+01,7.890362748453336295e+00
6.859674192626465583e+01,6.978375664762840103e+00
6.861674764218348344e+01,7.404607105675740542e+00
6.863675335810231104e+01,7.228111899520862416e+00
6.865675907402115286e+01,7.174994329640212776e+00
6.867676478993999467e+01,6.904196779310367127e+00
6.869677050585882228e+01,6.703432480044440922e+00
6.871677622177764988e+01,7.649700398121689560e+00
6.873678193769649170e+01,7.353475905898547715e+00
6.875678765361531930e+01,6.964717710004142859e+00
6.877679336953414690e+01,7.866453979177704170e+00
6.879679908545298872e+01,7.762169118542049162e+00
6.881680480137183054e+01,7.950680104166730544e+00
6.883681051729065814e+01,8.797740962124425579e+00
6.885681623320948574e+01,9.876132958874437762e+00
6.887682194912832756e+01,1.016606634136967457e+01
6.889682766504716938e+01,1.122837694367817463e+01
6.891683338096599698e+01,1.086321275884454707e+01
6.893683909688482458e+01,1.129609722575500896e+01
6.895684481280366640e+01,1.287177484181449394e+01
6.897685052872249400e+01,1.216563084878803203e+01
6.899685624464132161e+01,1.364627878118058035e+01
6.901686196056016342e+01,1.359188324175608997e+01
6.903686767647900524e+01,1.448057079171655559e+01
6.905687339239783284e+01,1.460774424146995543e+01
6.907687910831666045e+01,1.488409691961425807e+01
6.909688482423550226e+01,1.517119689428725948e+01
6.911689054015432987e+01,1.641896347189495842e+01
6.913689625607315747e+01,1.670533899859962546e+01
6.915690197199199929e+01,1.715158269497562316e+01
6.917690768791084110e+01,1.825726847127000951e+01
6.919691340382966871e+01,1.835087236840311320e+01
6.921691911974849631e+01,1.799854918278608906e+01
6.923692483566733813e+01,1.971713659831764431e+01
6.925693055158617994e+01,1.905193943215046559e+01
6.927693626750500755e+01,1.854895433711370600e+01
6.929694198342383515e+01,1.923486355803651904e+01
6.931694769934267697e+01,1.862734817103973839e+01
6.933695341526150457e+01,1.802159574552578292e+01
6.935695913118033218e+01,1.745761695243604450e+01
6.937696484709917399e+01,1.712911007875089808e+01
6.939697056301801581e+01,1.701678851800687653e+01
6.941697627893684341e+01,1.645488422851477139e+01
6.943698199485567102e+01,1.629799540813200309e+01
6.945698771077451283e+01,1.514305461388846652e+01
6.947699342669335465e+01,1.492285188159318920e+01
6.949699914261216804e+01,1.522416370830260846e+01
6.951700485853100986e+01,1.486646468922825370e+01
6.953701057444985167e+01,1.470391536466645732e+01
6.955701629036867928e+01,1.469825212400211178e+01
6.957702200628750688e+01,1.440390201952794769e+01
6.959702772220634870e+01,1.390265905709156513e+01
6.961703343812519051e+01,1.410069921791928138e+01
6.963703915404401812e+01,1.346462176245317899e+01
6.965704486996284572e+01,1.385324229147596498e+01
6.967705058588168754e+01,1.367215010262405173e+01
6.969705630180051514e+01,1.435745781463321435e+01
6.971706201771934275e+01,1.401751216434092662e+01
6.973706773363818456e+01,1.447095431962321399e+01
6.975707344955702638e+01,1.511281988537563947e+01
6.977707916547585398e+01,1.602429917732188613e+01
6.979708488139468159e+01,1.554441747656754913e+01
6.981709059731352340e+01,1.601275695139977273e+01
6.983709631323236522e+01,1.610798772337123097e+01
6.985710202915119282e+01,1.598637079862901089e+01
6.987710774507002043e+01,1.570429189038152806e+01
6.989711346098886224e+01,1.544018129949698270e+01
6.991711917690768985e+01,1.529171434066012125e+01
6.993712489282651745e+01,1.403930577967789439e+01
6.995713060874535927e+01,1.322742014016491652e+01
6.997713632466420108e+01,1.209286469741538284e+01
6.999714204058302869e+01,1.082939787568114198e+01
7.001714775650185629e+01,1.003666814011891439e+01
7.003715347242069811e+01,1.024839308384366099e+01
7.005715918833952571e+01,8.873517898283939331e+00
7.007716490425835332e+01,8.522840607644219801e+00
7.009717062017719513e+01,7.482891503196645644e+00
7.011717633609603695e+01,7.780410552066792107e+00
7.013718205201486455e+01,7.572320281855986046e+00
7.015718776793369216e+01,6.877065079223635635e+00
7.017719348385253397e+01,6.664088727764214681e+00
7.019719919977137579e+01,6.589393712936939096e+00
7.021720491569020339e+01,7.036293445334532493e+00
7.023721063160903100e+01,6.891955885625041134e+00
7.025721634752787281e+01,6.536828861306576144e+00
7.027722206344670042e+01,6.265613602403770521e+00
7.029722777936552802e+01,6.206629273618142761e+00
7.031723349528436984e+01,6.418477994112056884e+00
7.033723921120321165e+01,6.423387249230957607e+00
7.035724492712203926e+01,5.231921925271500129e+00
7.037725064304086686e+01,6.003704098225368213e+00
7.039725635895970868e+01,5.814626018513285644e+00
7.041726207487855049e+01,6.463919846452534479e+00
7.043726779079736389e+01,5.335212130111219864e+00
7.045727350671620570e+01,6.338306209012683823e+00
7.047727922263504752e+01,6.048685829284263349e+00
7.049728493855387512e+01,6.092596026502972606e+00
7.051729065447270273e+01,6.582141478170877136e+00
7.053729637039154454e+01,5.923387230993876429e+00
7.055730208631038636e+01,6.340168205346815355e+00
7.057730780222921396e+01,5.714359925319737243e+00
7.059731351814804157e+01,6.121435801770477525e+00
7.061731923406688338e+01,5.632337459542774205e+00
7.063732494998571099e+01,5.964500756245772806e+00
7.065733066590453859e+01,5.269273246844644376e+00
7.067733638182338041e+01,5.898502797768133021e+00
7.069734209774222222e+01,6.375180992409288372e+00
7.071734781366104983e+01,5.863952299183898376e+00
7.073735352957987743e+01,6.323155149448063561e+00
7.075735924549871925e+01,5.748091456947261868e+00
7.077736496141756106e+01,5.432279232279635828e+00
7.079737067733638867e+01,5.902484605490872838e+00
7.081737639325521627e+01,5.853288260953611655e+00
7.083738210917405809e+01,6.470897036628726617e+00
7.085738782509288569e+01,6.152811340137722240e+00
7.087739354101171330e+01,5.926941825039297562e+00
7.089739925693055511e+01,5.558312364717892251e+00
7.091740497284939693e+01,5.800440491606741134e+00
7.093741068876822453e+01,6.460055933883600332e+00
7.095741640468705214e+01,5.510503695911307176e+00
7.097742212060589395e+01,6.121652851607795043e+00
7.099742783652472156e+01,5.741390266377512930e+00
7.101743355244354916e+01,5.925498723736110307e+00
7.103743926836239098e+01,6.092769335974455913e+00
7.105744498428123279e+01,5.732306489616377121e+00
7.107745070020006040e+01,5.929457250633340948e+00
7.109745641611888800e+01,5.201489493780231399e+00
7.111746213203772982e+01,6.289737469307953077e+00
7.113746784795657163e+01,4.910864605623683765e+00
7.115747356387539924e+01,5.871414351687675115e+00
7.117747927979422684e+01,6.028067777265931682e+00
7.119748499571306866e+01,5.041925652325584650e+00
7.121749071163189626e+01,5.855051793235109159e+00
7.123749642755072387e+01,5.900362339467093875e+00
7.125750214346956568e+01,5.804061623573803175e+00
7.127750785938840750e+01,6.208972108606523932e+00
7.129751357530723510e+01,6.082899758929427136e+00
7.131751929122606271e+01,5.065912613628841044e+00
7.133752500714490452e+01,6.165449125652420648e+00
7.135753072306374634e+01,6.405006417375821215e+00
7.137753643898255973e+01,5.878317334357633150e+00
7.139754215490140155e+01,5.735298655750565189e+00
7.141754787082024336e+01,6.284580191798963433e+00
7.143755358673907097e+01,5.044293336442690290e+00
7.145755930265789857e+01,5.601471121308341239e+00
7.147756501857674039e+01,6.131077555664349532e+00
7.149757073449558220e+01,5.979570508895372782e+00
7.151757645041440981e+01,5.489293300172189305e+00
7.153758216633323741e+01,5.804998073247123358e+00
7.155758788225207923e+01,6.584568452290493035e+00
7.157759359817090683e+01,5.479828589636321468e+00
7.159759931408973443e+01,5.027865213043218873e+00
7.161760503000857625e+01,6.007599919248145071e+00
7.163761074592741807e+01,5.628434488544426628e+00
7.165761646184624567e+01,5.508046039235146907e+00
7.167762217776507327e+01,5.869318960445555788e+00
7.169762789368391509e+01,6.085188458544889656e+00
7.171763360960275691e+01,5.693231526247483743e+00
7.173763932552158451e+01,5.905840993124186866e+00
7.175764504144041211e+01,5.171656254775477635e+00
7.177765075735925393e+01,5.781726343759835629e+00
7.179765647327808153e+01,5.657370379390411763e+00
7.181766218919690914e+01,5.222572766418397627e+00
7.183766790511575095e+01,5.638197343098704906e+00
7.185767362103459277e+01,5.806487360628577399e+00
7.187767933695342037e+01,6.168904758863226867e+00
7.189768505287224798e+01,5.906919238173402142e+00
7.191769076879108979e+01,5.662607000967586401e+00
7.193769648470991740e+01,5.844931483489286705e+00
7.195770220062874500e+01,5.677946145849807280e+00
7.197770791654758682e+01,5.770485454503122114e+00
7.199771363246642863e+01,5.222710172281473717e+00
7.201771934838525624e+01,6.387843941015038496e+00
7.203772506430408384e+01,5.273412506913800257e+00
7.205773078022292566e+01,5.611898588370706875e+00
7.207773649614176747e+01,5.940506904715036285e+00
7.209774221206059508e+01,5.896672385976771125e+00
7.211774792797942268e+01,5.932594751687410017e+00
7.213775364389826450e+01,5.381212581745661083e+00
7.215775935981709210e+01,5.558593276314432785e+00
7.217776507573591971e+01,6.539709398213050306e+00
7.219777079165476152e+01,6.226034045013074447e+00
7.221777650757360334e+01,5.469548672528210531e+00
7.223778222349243094e+01,5.794646265192614720e+00
7.225778793941125855e+01,5.867022989393089638e+00
7.227779365533010036e+01,5.334276838162910650e+00
7.229779937124894218e+01,6.121765509761262436e+00
7.231780508716775557e+01,5.634078875768537387e+00
7.233781080308659739e+01,5.858644070413023819e+00
7.235781651900543920e+01,5.062659437346146873e+00
7.237782223492426681e+01,6.621646829017977964e+00
7.239782795084309441e+01,5.988931428982524174e+00
7.241783366676193623e+01,5.484219397558587339e+00
7.243783938268077804e+01,5.482234456625693753e+00
7.245784509859960565e+01,6.260408607665930880e+00
7.247785081451843325e+01,5.939009810328208516e+00
7.249785653043727507e+01,5.742582949631430900e+00
7.251786224635610267e+01,6.057889056700187069e+00
7.253786796227493028e+01,5.825093123482739443e+00
7.255787367819377209e+01,6.488077507220574525e+00
7.257787939411261391e+01,6.287317593852908004e+00
7.259788511003144151e+01,5.738937266931087855e+00
7.261789082595026912e+01,6.713443117659695147e+00
7.263789654186911093e+01,5.527072177969111877e+00
7.265790225778795275e+01,6.175684041752138143e+00
7.267790797370678035e+01,5.550618195699277280e+00
7.269791368962560796e+01,6.220812441937940918e+00
7.271791940554444977e+01,5.901815682734385504e+00
7.273792512146327738e+01,6.174883768117405580e+00
7.275793083738210498e+01,6.489291566542879863e+00
7.277793655330094680e+01,5.722049801814407921e+00
7.279794226921978861e+01,7.168969270812990402e+00
7.281794798513861622e+01,6.753012672230090274e+00
7.283795370105744382e+01,7.141942436386958803e+00
7.285795941697628564e+01,7.325176538354268629e+00
7.287796513289511324e+01,7.066293702115361341e+00
7.289797084881394085e+01,8.480707245049373455e+00
7.291797656473278266e+01,9.027535208510620635e+00
7.293798228065162448e+01,9.646425881420928050e+00
7.295798799657045208e+01,9.721046843490364964e+00
7.297799371248927969e+01,1.021141288501219435e+01
7.299799942840812150e+01,1.007858050969621289e+01
7.301800514432696332e+01,1.099998644205150278e+01
7.303801086024579092e+01,1.075343228551613528e+01
7.305801657616461853e+01,1.071199856706345699e+01
7.307802229208346034e+01,1.092688609520376097e+01
7.309802800800228795e+01,1.023703531123761579e+01
7.311803372392111555e+01,1.052215221121416988e+01
7.313803943983995737e+01,9.733513851249274040e+00
7.315804515575879918e+01,9.526129061623603178e+00
7.317805087167762679e+01,8.730585246306665326e+00
7.319805658759645439e+01,9.212716376609169089e+00
7.321806230351529621e+01,8.160913658090050760e+00
7.323806801943413802e+01,7.390283148619280595e+00
7.325807373535295142e+01,8.240048332742464510e+00
7.327807945127179323e+01,7.172016323710652230e+00
7.329808516719063505e+01,7.317990749026222375e+00
7.331809088310946265e+01,7.315629323213771684e+00
7.333809659902829026e+01,6.763979546818084998e+00
7.335810231494713207e+01,7.707371495587895360e+00
7.337810803086597389e+01,7.593827077463195963e+00
7.339811374678480149e+01,8.523023786847893746e+00
7.341811946270362910e+01,8.691070103528090840e+00
7.343812517862247091e+01,8.845851754138690737e+00
7.345813089454129852e+01,9.828190272363142910e+00
7.347813661046012612e+01,1.037968183781530840e+01
7.349814232637896794e+01,1.122906201836193318e+01
7.351814804229780975e+01,1.181996720476233520e+01
7.353815375821663736e+01,1.242047032285224795e+01
7.355815947413546496e+01,1.270114283409560052e+01
7.357816519005430678e+01,1.331143723167670601e+01
7.359817090597314859e+01,1.412580796549447548e+01
7.361817662189197620e+01,1.447254928007775021e+01
7.363818233781080380e+01,1.415673864571145479e+01
7.365818805372964562e+01,1.437865715212122097e+01
7.367819376964847322e+01,1.348294590564324125e+01
7.369819948556730083e+01,1.275707120035341902e+01
7.371820520148614264e+01,1.241370272596611102e+01
7.373821091740498446e+01,1.176830369946600996e+01
7.375821663332381206e+01,1.094288696882118295e+01
7.377822234924263967e+01,1.041233525528776838e+01
7.379822806516148148e+01,9.718433166956385705e+00
7.381823378108030909e+01,8.773208194552717387e+00
7.383823949699913669e+01,8.271642890992996655e+00
7.385824521291797851e+01,8.416178623160067929e+00
7.387825092883682032e+01,7.554198277707312670e+00
7.389825664475564793e+01,8.000622085597431266e+00
7.391826236067447553e+01,7.008119993003075088e+00
7.393826807659331735e+01,6.342278999740294410e+00
7.395827379251215916e+01,6.794190635959841629e+00
7.397827950843098677e+01,7.049255045729879043e+00
7.399828522434981437e+01,6.045242433183988240e+00
7.401829094026865619e+01,5.899016049932710892e+00
7.403829665618748379e+01,5.972852710283152788e+00
7.405830237210632561e+01,6.067533247990741785e+00
7.407830808802515321e+01,5.682532007566080345e+00
7.409831380394398082e+01,6.895178913518877017e+00
7.411831951986282263e+01,6.251273221174843187e+00
7.413832523578165024e+01,6.573398171514417854e+00
7.415833095170049205e+01,6.315325045789149883e+00
7.417833666761931966e+01,5.604677309879529723e+00
7.419834238353816147e+01,5.541548761139500456e+00
7.421834809945698908e+01,5.470572259348201349e+00
7.423835381537583089e+01,5.634652030595777461e+00
7.425835953129465850e+01,6.513144218140777930e+00
7.427836524721348610e+01,5.269464119008855363e+00
7.429837096313232792e+01,5.924346902272120019e+00
7.431837667905115552e+01,5.700136550589293805e+00
7.433838239496999734e+01,6.146813536919875531e+00
7.435838811088882494e+01,5.887385670140727889e+00
7.437839382680766676e+01,6.311238133808699580e+00
7.439839954272649436e+01,6.081165745944788092e+00
7.441840525864533618e+01,5.969697061680736105e+00
7.443841097456416378e+01,6.065961707060900210e+00
7.445841669048300560e+01,6.067794321861820883e+00
7.447842240640183320e+01,7.574462239581873035e+00
7.449842812232066080e+01,6.946370083825377684e+00
7.451843383823950262e+01,7.271429358796918763e+00
7.453843955415833022e+01,7.194862920010985263e+00
7.455844527007717204e+01,7.921824629274452079e+00
7.457845098599599964e+01,8.207232786883608355e+00
7.459845670191484146e+01,8.997236500789311364e+00
7.461846241783366906e+01,9.614476656273680533e+00
7.463846813375251088e+01,1.101764733641088156e+01
7.465847384967133848e+01,1.106350076248916281e+01
7.467847956559016609e+01,1.263523770559715587e+01
7.469848528150900790e+01,1.345852263283403616e+01
7.471849099742783551e+01,1.380502065587240779e+01
7.473849671334667732e+01,1.412870973106322303e+01
7.475850242926550493e+01,1.536267866393214199e+01
7.477850814518434674e+01,1.469137039295525149e+01
7.479851386110317435e+01,1.534056043442918948e+01
7.481851957702201616e+01,1.452223546527450360e+01
7.483852529294084377e+01,1.359150660434066182e+01
7.485853100885967137e+01,1.316738247918789995e+01
7.487853672477851319e+01,1.302528847663026923e+01
7.489854244069734079e+01,1.238683684213696168e+01
7.491854815661618261e+01,1.144162550572001535e+01
7.493855387253501021e+01,1.127032270681827875e+01
7.495855958845385203e+01,1.016231660255315816e+01
7.497856530437267963e+01,9.705089476694773509e+00
7.499857102029152145e+01,7.957904808304910205e+00
7.501857673621034905e+01,8.622892095888404995e+00
7.503858245212917666e+01,7.681152882744363808e+00
7.505858816804801847e+01,6.375860471181171718e+00
7.507859388396684608e+01,7.303061041361075922e+00
7.509859959988568789e+01,6.196768735478284995e+00
7.511860531580451550e+01,6.333525215343499326e+00
7.513861103172335731e+01,6.274177753234194910e+00
7.515861674764218492e+01,5.691960031334110326e+00
7.517862246356102673e+01,6.078817070360765129e+00
7.519862817947985434e+01,6.353025788240952210e+00
7.521863389539868194e+01,5.975357371903464276e+00
7.523863961131752376e+01,5.681671100457180046e+00
7.525864532723635136e+01,5.827595850656076770e+00
7.527865104315519318e+01,6.166811089658024159e+00
7.529865675907402078e+01,6.204853175556078071e+00
7.531866247499286260e+01,5.679681058491353518e+00
7.533866819091169020e+01,5.702996085091910139e+00
7.535867390683053202e+01,6.248084229336367201e+00
7.537867962274935962e+01,6.470424873538064503e+00
7.539868533866820144e+01,5.968729557702590505e+00
7.541869105458702904e+01,6.348754901345225576e+00
7.543869677050585665e+01,5.711373465056831300e+00
7.545870248642469846e+01,6.297533852473684135e+00
7.547870820234352607e+01,6.832376080162315901e+00
7.549871391826236788e+01,6.079054101665322563e+00
7.551871963418119549e+01,6.187544887845961128e+00
7.553872535010003730e+01,5.739884090805577266e+00
7.555873106601886491e+01,6.430552961245721733e+00
7.557873678193770672e+01,6.712467415514590030e+00
7.559874249785653433e+01,6.399298365184026949e+00
7.561874821377536193e+01,6.660160149373392180e+00
7.563875392969420375e+01,6.750971670982168327e+00
7.565875964561303135e+01,7.687585895615444365e+00
7.567876536153187317e+01,7.462953858537995089e+00
7.569877107745070077e+01,7.766041794489164651e+00
7.571877679336954259e+01,8.330449509348834880e+00
7.573878250928837019e+01,9.499088608351701879e+00
7.575878822520721201e+01,1.006806171365801816e+01
7.577879394112603961e+01,1.122566792268922065e+01
7.579879965704486722e+01,1.153834613742791682e+01
7.581880537296370903e+01,1.255130686239209936e+01
7.583881108888253664e+01,1.362169844610197700e+01
7.585881680480137845e+01,1.441343229706437690e+01
7.587882252072020606e+01,1.474200356541994594e+01
7.589882823663904787e+01,1.545994597702494744e+01
7.591883395255787548e+01,1.566812684351940987e+01
7.593883966847671729e+01,1.629025019731440338e+01
7.595884538439554490e+01,1.604797574526874016e+01
7.597885110031437250e+01,1.641770850438020446e+01
7.599885681623321432e+01,1.594742947909114505e+01
7.601886253215204192e+01,1.507255165166904831e+01
7.603886824807088374e+01,1.464170939242563563e+01
7.605887396398971134e+01,1.399709184470697387e+01
7.607887967990855316e+01,1.349680511260102023e+01
7.609888539582738076e+01,1.348311581412980331e+01
7.611889111174622258e+01,1.386612713643170380e+01
7.613889682766505018e+01,1.347204790569130495e+01
7.615890254358387779e+01,1.273898943719528454e+01
7.617890825950271960e+01,1.377083896883772240e+01
7.619891397542154721e+01,1.369263813446145939e+01
7.621891969134038902e+01,1.393442826726937867e+01
7.623892540725921663e+01,1.415585104924176640e+01
7.625893112317805844e+01,1.420084876461078593e+01
7.627893683909688605e+01,1.341814626863147630e+01
7.629894255501572786e+01,1.376841410024415424e+01
7.631894827093455547e+01,1.434250885397714548e+01
7.633895398685339728e+01,1.344060718089129303e+01
7.635895970277222489e+01,1.250557612493405202e+01
7.637896541869105249e+01,1.164185047069944900e+01
7.639897113460989431e+01,1.139134448920865950e+01
7.641897685052872191e+01,1.034762044819296634e+01
7.643898256644756373e+01,9.701902612091032552e+00
7.645898828236639133e+01,8.809071585834216123e+00
7.647899399828523315e+01,8.880789657386815250e+00
7.649899971420406075e+01,7.755397025685342172e+00
7.651900543012290257e+01,7.927056726867629521e+00
7.653901114604173017e+01,7.546337744796355551e+00
7.655901686196055778e+01,6.463483408492770366e+00
7.657902257787939959e+01,6.437812581982543136e+00
7.659902829379822720e+01,6.567474523964028421e+00
7.661903400971706901e+01,7.000963970576623119e+00
7.663903972563589662e+01,5.788311812693700986e+00
7.665904544155473843e+01,6.011081984014223778e+00
7.667905115747356604e+01,6.614613048335424850e+00
7.669905687339240785e+01,5.638769968028383595e+00
7.671906258931123546e+01,6.390953123731993202e+00
7.673906830523006306e+01,5.889454274554376312e+00
7.675907402114890488e+01,6.346190553482421670e+00
7.677907973706773248e+01,5.567021189642293422e+00
7.679908545298657430e+01,5.797188169287982973e+00
7.681909116890540190e+01,5.777178535607193410e+00
7.683909688482424372e+01,6.080046626025550793e+00
7.685910260074307132e+01,5.880300903712921468e+00
7.687910831666191314e+01,6.211857481430834937e+00
7.689911403258074074e+01,5.589933184910677255e+00
7.691911974849956835e+01,6.676399440931376716e+00
7.693912546441841016e+01,5.968762584012135441e+00
7.695913118033723777e+01,6.017325112816513055e+00
7.697913689625607958e+01,6.050371829265079882e+00
7.699914261217490719e+01,6.409247039332334417e+00
7.701914832809374900e+01,5.835499973712259703e+00
7.703915404401257661e+01,5.072096376374604532e+00
7.705915975993141842e+01,6.422538982023189291e+00
7.707916547585024603e+01,6.398202424170725600e+00
7.709917119176907363e+01,6.131242941902398158e+00
7.711917690768791545e+01,5.417868921578925523e+00
7.713918262360674305e+01,6.398192404282722734e+00
7.715918833952558487e+01,5.646461450502928692e+00
7.717919405544441247e+01,5.830323529704919849e+00
7.719919977136325429e+01,6.098312047238929168e+00
7.721920548728208189e+01,5.129996043758673352e+00
7.723921120320092371e+01,5.452694325837431855e+00
7.725921691911975131e+01,6.134558862405082635e+00
7.727922263503859313e+01,5.886127740284985421e+00
7.729922835095742073e+01,5.832056541383728643e+00
7.731923406687624833e+01,5.814714562399128539e+00
7.733923978279509015e+01,5.379051805767548267e+00
7.735924549871391775e+01,6.542676013330209983e+00
7.737925121463275957e+01,5.889556665925592682e+00
7.739925693055158717e+01,5.492846227191687802e+00
7.741926264647042899e+01,5.744155463531846806e+00
7.743926836238925659e+01,5.685933258985750527e+00
7.745927407830809841e+01,5.184476017582445806e+00
7.747927979422692601e+01,6.456282577828590163e+00
7.749928551014575362e+01,4.988268612431731697e+00
7.751929122606459543e+01,6.022041459105045291e+00
7.753929694198342304e+01,6.105353563214445778e+00
7.755930265790226485e+01,6.447319824402176991e+00
7.757930837382109246e+01,5.491130856823641437e+00
7.759931408973993427e+01,5.881946420832745659e+00
7.761931980565876188e+01,5.453342772412200112e+00
7.763932552157760369e+01,5.947950114143100819e+00
7.765933123749643130e+01,5.672272482479252531e+00
7.767933695341525890e+01,5.397079064048552866e+00
7.769934266933410072e+01,5.278483308111235672e+00
7.771934838525292832e+01,6.034305041476892839e+00
7.773935410117177014e+01,6.022567901778252519e+00
7.775935981709059774e+01,6.151783946059428132e+00
7.777936553300943956e+01,5.902860750621334418e+00
7.779937124892826716e+01,6.176945878874401608e+00
7.781937696484710898e+01,5.453307918878897098e+00
7.783938268076593658e+01,6.047147223222160584e+00
7.785938839668476419e+01,5.928086120233832190e+00
7.787939411260360600e+01,6.304011305993719283e+00
7.789939982852243361e+01,5.594026949296392104e+00
7.791940554444127542e+01,5.383237535102031401e+00
7.793941126036010303e+01,5.845656768691004146e+00
7.795941697627894484e+01,5.153124020853962151e+00
7.797942269219777245e+01,5.832833292922079416e+00
7.799942840811661426e+01,4.831016267810678499e+00
7.801943412403544187e+01,5.456142391017616333e+00
7.803943983995426947e+01,5.370007552912015925e+00
7.805944555587311129e+01,5.337281831969459489e+00
7.807945127179193889e+01,5.904780829551877552e+00
7.809945698771078071e+01,4.827345927888144317e+00
7.811946270362960831e+01,6.088410200793484606e+00
7.813946841954845013e+01,5.981316648478399500e+00
7.815947413546727773e+01,6.209417190016170096e+00
7.817947985138611955e+01,5.818988175198892776e+00
7.819948556730494715e+01,5.365003617390243562e+00
7.821949128322378897e+01,5.461193557979665769e+00
7.823949699914261657e+01,5.215005559702975191e+00
7.825950271506144418e+01,6.252463594756087595e+00
7.827950843098028599e+01,5.551893021750911927e+00
7.829951414689911360e+01,5.548230507636484177e+00
7.831951986281795541e+01,5.433091162000128094e+00
7.833952557873678302e+01,5.459892839986754787e+00
7.835953129465562483e+01,6.376276231108864323e+00
7.837953701057445244e+01,5.792938520693043714e+00
7.839954272649329425e+01,5.298787478281788310e+00
7.841954844241212186e+01,4.824262218508955868e+00
7.843955415833094946e+01,4.878159037098806827e+00
7.845955987424979128e+01,5.984501163058738804e+00
7.847956559016861888e+01,6.288330189582119090e+00
7.849957130608746070e+01,5.197969681394407182e+00
7.851957702200628830e+01,5.899224301181302366e+00
7.853958273792513012e+01,6.129940442961656188e+00
7.855958845384395772e+01,5.241548876798500345e+00
7.857959416976279954e+01,4.810831305121126888e+00
7.859959988568162714e+01,4.946855510714932791e+00
7.861960560160045475e+01,5.555724392656770760e+00
7.863961131751929656e+01,5.540876851328494723e+00
7.865961703343812417e+01,5.229590528653160320e+00
7.867962274935696598e+01,5.701124882090118362e+00
7.869962846527579359e+01,5.607978666608994800e+00
7.871963418119463540e+01,5.724658439511353336e+00
7.873963989711346301e+01,5.136911903104601329e+00
7.875964561303230482e+01,4.987010009761728924e+00
7.877965132895113243e+01,6.088146971817694819e+00
7.879965704486996003e+01,5.106747258692875491e+00
7.881966276078880185e+01,5.113199252227923708e+00
7.883966847670762945e+01,6.001612751009364644e+00
7.885967419262647127e+01,5.255943955268191914e+00
7.887967990854529887e+01,4.985790892568427779e+00
7.889968562446414069e+01,6.159755468095143627e+00
7.891969134038296829e+01,6.108891106692727391e+00
7.893969705630181011e+01,6.108100695268433356e+00
7.895970277222063771e+01,6.189939075510800137e+00
7.897970848813946532e+01,5.622519715321504741e+00
7.899971420405830713e+01,5.870834182588005490e+00
7.901971991997713474e+01,5.130366744069188911e+00
7.903972563589597655e+01,5.720176360099987534e+00
7.905973135181480416e+01,4.925967515810205200e+00
7.907973706773364597e+01,5.635957348681033707e+00
7.909974278365247358e+01,5.582959525494581854e+00
7.911974849957131539e+01,5.066815637268488715e+00
7.913975421549014300e+01,5.527322852377812623e+00
7.915975993140898481e+01,5.575166194880036841e+00
7.917976564732781242e+01,6.043413062028045957e+00
7.919977136324664002e+01,5.633189402381816535e+00
7.921977707916548184e+01,4.885795729008760802e+00
7.923978279508430944e+01,6.335055452077594573e+00
7.925978851100315126e+01,5.300636278156616754e+00
7.927979422692197886e+01,5.681242947656095943e+00
7.929979994284082068e+01,5.371240030209898819e+00
7.931980565875964828e+01,5.520227664468624340e+00
7.933981137467849010e+01,5.462616722289498128e+00
7.935981709059731770e+01,5.860311729629174238e+00
7.937982280651614531e+01,5.549017314934605594e+00
7.939982852243498712e+01,5.747815000235401151e+00
7.941983423835381473e+01,5.692723306361024527e+00
7.943983995427265654e+01,6.279881502124860404e+00
7.945984567019148415e+01,5.679979077697435486e+00
7.947985138611032596e+01,5.457069671317636761e+00
7.949985710202915357e+01,6.184238478350452262e+00
7.951986281794799538e+01,5.252799772954987567e+00
7.953986853386682299e+01,5.574397879912805109e+00
7.955987424978565059e+01,6.552957769522697262e+00
7.957987996570449241e+01,5.958218068054182304e+00
7.959988568162332001e+01,5.892509852534981718e+00
7.961989139754216183e+01,5.823856302164091225e+00
7.963989711346098943e+01,5.488877580313122451e+00
7.965990282937983125e+01,5.572951690099379185e+00
7.967990854529865885e+01,5.475577678473062093e+00
7.969991426121750067e+01,6.139753341996051716e+00
7.971991997713632827e+01,6.079781388026887612e+00
7.973992569305515588e+01,6.247450865897748784e+00
7.975993140897399769e+01,5.817155619061075811e+00
7.977993712489282530e+01,5.933161419724187979e+00
7.979994284081166711e+01,5.761873128507316366e+00
7.981994855673049472e+01,5.543424218691678007e+00
7.983995427264933653e+01,5.481816957310247318e+00
7.985995998856816414e+01,5.602012249193139226e+00
7.987996570448700595e+01,5.580766925715886728e+00
7.989997142040583356e+01,5.953342479259828401e+00
7.991997713632466116e+01,5.273605184675777657e+00
7.993998285224350298e+01,5.282928255653565941e+00
7.995998856816233058e+01,5.914146251560438827e+00
7.997999428408117240e+01,5.364015258048432599e+00
8.000000000000000000e+01,5.632970735219702263e+00
