angle,intensity
1.000000000000000000e+01,4.069934691746594169e+00
1.002000571591883471e+01,2.961231275129362128e+00
1.004001143183766764e+01,3.053345914195161548e+00
1.006001714775650235e+01,3.305374154511989016e+00
1.008002286367533529e+01,3.461071744976722542e+00
1.010002857959417000e+01,4.060722981370273210e+00
1.012003429551300293e+01,3.350853885159980283e+00
1.014004001143183764e+01,3.504352725427184012e+00
1.016004572735067235e+01,3.293013399822755538e+00
1.018005144326950528e+01,3.951591978852943665e+00
1.020005715918833999e+01,3.594331998503287551e+00
1.022006287510717293e+01,3.622004869101631552e+00
1.024006859102600764e+01,3.351018770718608764e+00
1.026007430694484057e+01,3.035795739971676621e+00
1.028008002286367528e+01,3.502752013850982227e+00
1.030008573878250999e+01,3.570433218186469304e+00
1.032009145470134293e+01,3.446498768488363673e+00
1.034009717062017764e+01,3.028669632698521852e+00
1.036010288653901057e+01,4.048018280683548298e+00
1.038010860245784528e+01,3.744813547604251447e+00
1.040011431837667999e+01,2.742414016028711821e+00
1.042012003429551292e+01,3.391670980628280319e+00
1.044012575021434763e+01,3.270271139462300525e+00
1.046013146613318057e+01,3.261395023631694201e+00
1.048013718205201528e+01,3.514203482448114535e+00
1.050014289797084821e+01,3.391994228270972744e+00
1.052014861388968292e+01,3.209408997230549510e+00
1.054015432980851585e+01,3.987548148199134612e+00
1.056016004572735056e+01,3.423257503358135168e+00
1.058016576164618527e+01,3.012034067352319155e+00
1.060017147756501821e+01,4.090767881030807906e+00
1.062017719348385292e+01,3.224077434713244372e+00
1.064018290940268585e+01,3.895248498488966149e+00
1.066018862532152056e+01,2.837024724478806714e+00
1.068019434124035527e+01,4.203381475926549982e+00
1.070020005715918820e+01,3.344502072492583800e+00
1.072020577307802292e+01,3.964470464770855518e+00
1.074021148899685585e+01,3.180917524922942441e+00
1.076021720491569056e+01,2.655917287070961308e+00
1.078022292083452349e+01,2.929878726639910447e+00
1.080022863675335820e+01,3.311215824591841272e+00
1.082023435267219291e+01,3.414855783510846177e+00
1.084024006859102585e+01,2.825706286031905989e+00
1.086024578450986056e+01,3.671935847830214872e+00
1.088025150042869349e+01,4.104095199748071465e+00
1.090025721634752820e+01,3.419637015489997989e+00
1.092026293226636113e+01,3.605334297283899758e+00
1.094026864818519584e+01,3.385768949349415635e+00
1.096027436410403055e+01,3.507206181267586764e+00
1.098028008002286349e+01,3.001651746285848521e+00
1.100028579594169820e+01,2.877111512397118709e+00
1.102029151186053113e+01,3.097602583225420148e+00
1.104029722777936584e+01,3.066673743438500743e+00
1.106030294369819877e+01,4.001209780574995989e+00
1.108030865961703348e+01,3.687434943108121921e+00
1.110031437553586819e+01,3.015657312892872088e+00
1.112032009145470113e+01,3.452903148130306743e+00
1.114032580737353584e+01,3.189344091269644021e+00
1.116033152329236877e+01,3.700022187464092838e+00
1.118033723921120348e+01,3.664729480087292934e+00
1.120034295513003642e+01,3.535714661489704369e+00
1.122034867104887113e+01,3.350111703901598403e+00
1.124035438696770584e+01,3.131687590254975451e+00
1.126036010288653877e+01,3.603779585091897886e+00
1.128036581880537348e+01,3.971283762733767375e+00
1.130037153472420641e+01,3.672390813514992747e+00
1.132037725064304112e+01,3.490826575297110157e+00
1.134038296656187583e+01,2.745765967222845383e+00
1.136038868248070877e+01,3.523272341993431755e+00
1.138039439839954348e+01,4.046007509385942669e+00
1.140040011431837641e+01,3.909923122943411045e+00
1.142040583023721112e+01,3.805369740002836121e+00
1.144041154615604405e+01,3.448872550424328054e+00
1.146041726207487876e+01,3.063593145522982120e+00
1.148042297799371170e+01,3.142985128278076523e+00
1.150042869391254641e+01,2.878165069130245612e+00
1.152043440983138112e+01,3.719400021648898047e+00
1.154044012575021405e+01,3.715277072006508696e+00
1.156044584166904876e+01,3.609813879314863527e+00
1.158045155758788169e+01,3.657317078973538305e+00
1.160045727350671640e+01,3.911302123275727904e+00
1.162046298942555111e+01,3.152886564192244112e+00
1.164046870534438405e+01,3.385923045944374987e+00
1.166047442126321876e+01,3.955319142078512318e+00
1.168048013718205169e+01,3.178735838283339277e+00
1.170048585310088640e+01,3.060396436496394035e+00
1.172049156901971934e+01,2.992520083824533828e+00
1.174049728493855405e+01,2.854338771701582900e+00
1.176050300085738698e+01,3.634993685928008311e+00
1.178050871677622169e+01,3.316138374532840327e+00
1.180051443269505640e+01,3.759411698515129352e+00
1.182052014861388933e+01,3.611482135967273965e+00
1.184052586453272404e+01,4.140414937841865317e+00
1.186053158045155698e+01,3.770484770731965085e+00
1.188053729637039169e+01,3.090520431348906527e+00
1.190054301228922640e+01,3.266102856934187226e+00
1.192054872820805933e+01,3.790508109641309353e+00
1.194055444412689404e+01,4.231934731023747176e+00
1.196056016004572697e+01,3.377444889931382477e+00
1.198056587596456168e+01,4.015334310272336893e+00
1.200057159188339639e+01,3.293459904322053156e+00
1.202057730780222933e+01,2.820503406372060873e+00
1.204058302372106226e+01,3.313697468796891421e+00
1.206058873963989697e+01,3.421681324936063362e+00
1.208059445555873168e+01,3.740947218861295109e+00
1.210060017147756461e+01,2.829566954798814482e+00
1.212060588739639932e+01,4.207698161477127385e+00
1.214061160331523226e+01,3.297550373118612654e+00
1.216061731923406697e+01,3.293635123812956422e+00
1.218062303515290168e+01,3.619322850591307095e+00
1.220062875107173461e+01,3.406884808304295298e+00
1.222063446699056932e+01,3.196611622787359774e+00
1.224064018290940226e+01,3.371910268426255630e+00
1.226064589882823697e+01,3.248814880032263819e+00
1.228065161474707168e+01,3.354690966954910536e+00
1.230065733066590461e+01,2.945665516940556561e+00
1.232066304658473754e+01,3.470441331441689314e+00
1.234066876250357225e+01,3.975451563320974380e+00
1.236067447842240696e+01,3.749492018315417674e+00
1.238068019434123990e+01,4.112604577936467720e+00
1.240068591026007461e+01,3.446108947437355852e+00
1.242069162617890754e+01,2.770372465097996173e+00
1.244069734209774225e+01,3.413057904205075488e+00
1.246070305801657696e+01,2.882405986403099529e+00
1.248070877393540989e+01,3.526728831367197614e+00
1.250071448985424460e+01,3.675269064715741774e+00
1.252072020577307754e+01,3.697581357761295706e+00
1.254072592169191225e+01,3.168477788510006832e+00
1.256073163761074696e+01,4.150286394119963695e+00
1.258073735352957989e+01,3.176405045368515090e+00
1.260074306944841460e+01,3.290398926524990664e+00
1.262074878536724754e+01,3.205325489165871122e+00
1.264075450128608225e+01,2.731718563837353564e+00
1.266076021720491518e+01,2.928086405624205746e+00
1.268076593312374989e+01,3.298962691275158399e+00
1.270077164904258282e+01,3.798501185110363831e+00
1.272077736496141753e+01,2.857188153295341593e+00
1.274078308088025224e+01,4.052120895800189082e+00
1.276078879679908518e+01,3.866650413422624055e+00
1.278079451271791989e+01,3.216208994748876115e+00
1.280080022863675282e+01,3.410964855815632912e+00
1.282080594455558753e+01,3.275560343582387013e+00
1.284081166047442224e+01,2.720140651740364568e+00
1.286081737639325517e+01,2.881639047899017481e+00
1.288082309231208988e+01,2.826185101755335882e+00
1.290082880823092282e+01,3.628333725105624019e+00
1.292083452414975753e+01,2.828878476850388957e+00
1.294084024006859224e+01,3.012664379012484517e+00
1.296084595598742517e+01,3.165918829551804148e+00
1.298085167190625810e+01,3.772315833434718879e+00
1.300085738782509281e+01,2.675747230411776201e+00
1.302086310374392752e+01,3.017575311945298377e+00
1.304086881966276046e+01,3.349554072912333869e+00
1.306087453558159517e+01,3.347858911738547771e+00
1.308088025150042810e+01,3.448729115665267297e+00
1.310088596741926281e+01,4.250212633552127528e+00
1.312089168333809752e+01,3.440846600396625377e+00
1.314089739925693046e+01,3.641467252347269756e+00
1.316090311517576517e+01,3.656308366744688509e+00
1.318090883109459810e+01,3.906678505951304281e+00
1.320091454701343281e+01,3.571438437041196678e+00
1.322092026293226752e+01,3.322040584736529301e+00
1.324092597885110045e+01,3.326789593925693733e+00
1.326093169476993339e+01,3.731123169008579765e+00
1.328093741068876810e+01,3.962621023670550802e+00
1.330094312660760281e+01,2.846301279084111346e+00
1.332094884252643574e+01,3.080207256548810779e+00
1.334095455844527045e+01,3.779023944453402173e+00
1.336096027436410338e+01,3.196259009724681022e+00
1.338096599028293809e+01,2.859380759724499121e+00
1.340097170620177280e+01,3.091234373005988800e+00
1.342097742212060574e+01,3.399814664519403173e+00
1.344098313803944045e+01,3.331022773830626171e+00
1.346098885395827338e+01,3.622328699889891368e+00
1.348099456987710809e+01,3.396329119354410508e+00
1.350100028579594280e+01,3.740031615781807872e+00
1.352100600171477573e+01,2.744219488199867385e+00
1.354101171763361044e+01,3.975250859129513259e+00
1.356101743355244338e+01,3.616520074899448822e+00
1.358102314947127809e+01,3.227611281921251241e+00
1.360102886539011102e+01,3.183359555233675309e+00
1.362103458130894573e+01,3.802691361196462783e+00
1.364104029722777867e+01,2.921136926059866301e+00
1.366104601314661338e+01,3.908990513068775208e+00
1.368105172906544809e+01,3.726955694841421973e+00
1.370105744498428102e+01,3.435882392187854073e+00
1.372106316090311573e+01,3.067338591871619613e+00
1.374106887682194866e+01,3.148546115206936946e+00
1.376107459274078337e+01,2.931747987643650522e+00
1.378108030865961808e+01,3.337835056736573769e+00
1.380108602457845102e+01,3.336176854533351221e+00
1.382109174049728573e+01,3.680152292900506605e+00
1.384109745641611866e+01,3.553497380650672888e+00
1.386110317233495337e+01,4.224630073360643223e+00
1.388110888825378808e+01,3.575104463568121282e+00
1.390111460417262101e+01,3.728795062021046824e+00
1.392112032009145395e+01,3.674845712369245732e+00
1.394112603601028866e+01,4.018381549037670197e+00
1.396113175192912337e+01,2.990167949557565485e+00
1.398113746784795630e+01,3.610229643166214863e+00
1.400114318376679101e+01,3.398168355400587703e+00
1.402114889968562395e+01,2.901340352334418782e+00
1.404115461560445866e+01,3.522635458725896562e+00
1.406116033152329337e+01,3.309797640876889435e+00
1.408116604744212630e+01,3.399344881668360685e+00
1.410117176336095923e+01,3.153964127966956799e+00
1.412117747927979394e+01,3.191284058333830664e+00
1.414118319519862865e+01,3.263366394196762776e+00
1.416118891111746336e+01,3.945086423918333196e+00
1.418119462703629630e+01,3.274377664723515213e+00
1.420120034295512923e+01,2.688824530970222781e+00
1.422120605887396394e+01,3.463461182217043799e+00
1.424121177479279865e+01,3.315420704255537920e+00
1.426121749071163336e+01,3.124013330602869676e+00
1.428122320663046629e+01,3.119040009475449793e+00
1.430122892254929923e+01,3.490633118170204163e+00
1.432123463846813394e+01,3.747908067367477614e+00
1.434124035438696865e+01,3.417159116756607773e+00
1.436124607030580158e+01,3.227249285934148837e+00
1.438125178622463629e+01,3.322320963109657299e+00
1.440125750214346922e+01,3.015531872559918725e+00
1.442126321806230393e+01,3.745483531153547041e+00
1.444126893398113864e+01,4.030474627335873805e+00
1.446127464989997158e+01,3.521900048667178318e+00
1.448128036581880451e+01,3.646321676686794522e+00
1.450128608173763922e+01,3.099878760545270673e+00
1.452129179765647393e+01,3.182543288946167337e+00
1.454129751357530864e+01,2.509269627251055290e+00
1.456130322949414158e+01,3.021083478801447786e+00
1.458130894541297451e+01,2.983929295441166918e+00
1.460131466133180922e+01,3.325531467435614452e+00
1.462132037725064393e+01,3.990438376301984391e+00
1.464132609316947686e+01,3.178851192542431647e+00
1.466133180908831157e+01,3.146334192821023557e+00
1.468133752500714451e+01,3.202899519590938660e+00
1.470134324092597922e+01,3.320879352828370212e+00
1.472134895684481393e+01,3.134487254935513612e+00
1.474135467276364686e+01,3.898917297198776666e+00
1.476136038868247979e+01,3.698701937589521371e+00
1.478136610460131450e+01,3.054227179656560320e+00
1.480137182052014921e+01,3.241936053871993906e+00
1.482137753643898392e+01,3.737813487501843834e+00
1.484138325235781686e+01,2.526073212066038298e+00
1.486138896827664979e+01,3.116200092882117634e+00
1.488139468419548450e+01,3.100009442186421715e+00
1.490140040011431921e+01,3.969603371088130217e+00
1.492140611603315392e+01,2.693189635784608793e+00
1.494141183195198685e+01,3.477051877075620467e+00
1.496141754787081979e+01,3.562944364226957816e+00
1.498142326378965450e+01,3.047442263508354898e+00
1.500142897970848921e+01,4.113179723344365435e+00
1.502143469562732214e+01,3.550895205031737056e+00
1.504144041154615508e+01,3.289781217232414789e+00
1.506144612746498979e+01,3.109836896256847005e+00
1.508145184338382450e+01,3.557845119356137786e+00
1.510145755930265921e+01,3.253932824224632814e+00
1.512146327522149214e+01,2.740613916833152253e+00
1.514146899114032507e+01,3.588662016550016709e+00
1.516147470705915978e+01,3.131064632090117872e+00
1.518148042297799449e+01,3.577762818983502235e+00
1.520148613889682920e+01,3.162235555532120657e+00
1.522149185481566214e+01,3.297090191851510532e+00
1.524149757073449507e+01,3.298307030169026710e+00
1.526150328665332978e+01,3.911141433788011490e+00
1.528150900257216449e+01,3.560800255281924009e+00
1.530151471849099742e+01,3.008400490880998479e+00
1.532152043440983036e+01,3.180883545339404872e+00
1.534152615032866507e+01,3.633117614838278442e+00
1.536153186624749978e+01,3.493759817784515498e+00
1.538153758216633449e+01,2.815718116023868234e+00
1.540154329808516742e+01,3.337795193254667225e+00
1.542154901400400036e+01,3.040704039704768213e+00
1.544155472992283507e+01,2.656733344302659727e+00
1.546156044584166978e+01,3.229942196536780497e+00
1.548156616176050449e+01,4.181707730323847017e+00
1.550157187767933742e+01,3.881308376955209916e+00
1.552157759359817035e+01,4.388144426385965247e+00
1.554158330951700506e+01,3.670483056087163298e+00
1.556158902543583977e+01,3.782113534373861441e+00
1.558159474135467271e+01,4.087606169516490695e+00
1.560160045727350742e+01,3.582702503373051073e+00
1.562160617319234035e+01,3.684575038494780408e+00
1.564161188911117506e+01,3.185584747380076909e+00
1.566161760503000977e+01,4.339812246846388000e+00
1.568162332094884270e+01,3.347140702759839215e+00
1.570162903686767564e+01,3.379768526807287898e+00
1.572163475278651035e+01,3.718688586070848068e+00
1.574164046870534506e+01,3.308599809436459260e+00
1.576164618462417977e+01,3.914602097033120565e+00
1.578165190054301270e+01,3.566033238327294796e+00
1.580165761646184563e+01,4.119172188616408548e+00
1.582166333238068034e+01,3.272763473378931032e+00
1.584166904829951505e+01,3.920640388158354472e+00
1.586167476421834799e+01,3.748525663697691357e+00
1.588168048013718270e+01,3.932748863568957365e+00
1.590168619605601563e+01,4.148619435396607713e+00
1.592169191197485034e+01,3.271466026752867684e+00
1.594169762789368505e+01,3.473463264806445849e+00
1.596170334381251799e+01,3.751569073290592193e+00
1.598170905973135092e+01,3.329436899029755814e+00
1.600171477565018563e+01,4.203523091570352754e+00
1.602172049156902034e+01,3.156100678554953909e+00
1.604172620748785505e+01,3.953299526670227770e+00
1.606173192340668976e+01,2.955560719969798633e+00
1.608173763932552092e+01,3.575917719970483244e+00
1.610174335524435563e+01,3.700843068199478392e+00
1.612174907116319034e+01,3.807322355133528013e+00
1.614175478708202505e+01,4.513736583486041454e+00
1.616176050300085620e+01,3.192098303106480905e+00
1.618176621891969091e+01,3.388381047329970031e+00
1.620177193483852562e+01,3.600983922521789005e+00
1.622177765075736033e+01,4.328547401872647526e+00
1.624178336667619504e+01,4.053695135697383378e+00
1.626178908259502620e+01,4.363470806424968096e+00
1.628179479851386091e+01,3.876180088857351436e+00
1.630180051443269562e+01,3.662677750919645980e+00
1.632180623035153033e+01,3.660840202686908462e+00
1.634181194627036149e+01,3.618866646955758881e+00
1.636181766218919620e+01,3.047252903565712323e+00
1.638182337810803091e+01,3.733654312593552405e+00
1.640182909402686562e+01,3.974853628220189172e+00
1.642183480994570033e+01,4.392265876578023587e+00
1.644184052586453504e+01,3.865479774244840350e+00
1.646184624178336620e+01,4.296454019732959040e+00
1.648185195770220091e+01,3.961040767128640283e+00
1.650185767362103562e+01,4.429235025520656066e+00
1.652186338953986677e+01,4.658965925882040615e+00
1.654186910545870148e+01,3.876220413568688627e+00
1.656187482137753619e+01,4.217947363098336844e+00
1.658188053729637090e+01,3.391413536186046684e+00
1.660188625321520561e+01,4.299290494706219157e+00
1.662189196913404032e+01,3.865962909473270592e+00
1.664189768505287148e+01,3.772817258282013420e+00
1.666190340097170619e+01,3.847640779262800681e+00
1.668190911689054090e+01,4.451498231139325412e+00
1.670191483280937561e+01,3.895768906229100104e+00
1.672192054872820677e+01,4.114616783580574477e+00
1.674192626464704148e+01,4.088683431485666375e+00
1.676193198056587619e+01,4.343071644691035793e+00
1.678193769648471090e+01,3.893383063546158152e+00
1.680194341240354561e+01,3.941232975064247412e+00
1.682194912832238032e+01,4.581139346657002953e+00
1.684195484424121148e+01,4.520693967892755794e+00
1.686196056016004619e+01,3.953347948072378770e+00
1.688196627607888090e+01,4.672270269400264908e+00
1.690197199199771205e+01,4.768457409993258622e+00
1.692197770791654676e+01,4.347258677990880393e+00
1.694198342383538147e+01,4.784272657891837532e+00
1.696198913975421618e+01,4.409772979278487881e+00
1.698199485567305089e+01,3.566168405591746637e+00
1.700200057159188560e+01,4.099066374613681063e+00
1.702200628751071676e+01,4.395932347368925797e+00
1.704201200342955147e+01,4.301391908155284938e+00
1.706201771934838618e+01,4.868142230557809036e+00
1.708202343526722089e+01,4.084364248421731958e+00
1.710202915118605205e+01,4.433542139443602537e+00
1.712203486710488676e+01,4.413792188798709049e+00
1.714204058302372147e+01,4.239311381903501541e+00
1.716204629894255618e+01,4.312421767052362576e+00
1.718205201486139089e+01,4.588776700755015092e+00
1.720205773078022204e+01,4.221725354130920316e+00
1.722206344669905675e+01,4.891051616969075866e+00
1.724206916261789146e+01,3.405376526856052966e+00
1.726207487853672617e+01,4.122768370393909976e+00
1.728208059445555733e+01,3.746830505359759478e+00
1.730208631037439204e+01,4.052977391886145142e+00
1.732209202629322675e+01,3.589875561252537040e+00
1.734209774221206146e+01,4.393584468913875440e+00
1.736210345813089617e+01,3.534732556845717077e+00
1.738210917404973088e+01,3.325334374972511498e+00
1.740211488996856204e+01,4.279587793629456627e+00
1.742212060588739675e+01,4.369670847721096152e+00
1.744212632180623146e+01,3.638891915308799518e+00
1.746213203772506262e+01,3.350854891494212673e+00
1.748213775364389733e+01,3.563142720610986913e+00
1.750214346956273204e+01,3.343652125208480097e+00
1.752214918548156675e+01,3.835604967374584451e+00
1.754215490140040146e+01,3.731844045999095805e+00
1.756216061731923617e+01,3.332206132326613890e+00
1.758216633323806732e+01,3.896430496592904635e+00
1.760217204915690203e+01,3.528331406294276551e+00
1.762217776507573674e+01,3.194976987310887750e+00
1.764218348099457145e+01,3.583512522812545509e+00
1.766218919691340261e+01,4.033352182103191907e+00
1.768219491283223732e+01,3.761669942277384493e+00
1.770220062875107203e+01,4.310690760334070504e+00
1.772220634466990674e+01,3.390718434749617316e+00
1.774221206058874145e+01,2.974810112089112391e+00
1.776221777650757616e+01,3.382243740713084534e+00
1.778222349242640732e+01,3.609270932095506978e+00
1.780222920834524203e+01,3.746755767005224946e+00
1.782223492426407674e+01,3.396519224522704938e+00
1.784224064018290790e+01,3.823101671239078847e+00
1.786224635610174261e+01,3.921812205575954113e+00
1.788225207202057732e+01,4.032498342316262807e+00
1.790225778793941203e+01,3.039985648347776070e+00
1.792226350385824674e+01,3.591507710204824733e+00
1.794226921977708145e+01,2.731183616886390997e+00
1.796227493569591260e+01,3.582751075068972835e+00
1.798228065161474731e+01,3.244037298874541619e+00
1.800228636753358202e+01,3.735685922109897472e+00
1.802229208345241318e+01,2.898959497417907372e+00
1.804229779937124789e+01,3.435851662359813652e+00
1.806230351529008260e+01,3.097394236787009980e+00
1.808230923120891731e+01,3.240898333026632550e+00
1.810231494712775202e+01,4.077024988584114773e+00
1.812232066304658673e+01,3.572184486461825070e+00
1.814232637896542144e+01,3.206814948449293823e+00
1.816233209488425260e+01,3.156222935842724286e+00
1.818233781080308731e+01,3.259315516524958323e+00
1.820234352672191847e+01,3.423329770192992783e+00
1.822234924264075318e+01,3.136144235244714196e+00
1.824235495855958789e+01,3.539724897550825311e+00
1.826236067447842260e+01,3.515673086838315697e+00
1.828236639039725731e+01,2.535929740159868828e+00
1.830237210631609202e+01,3.487906150999535271e+00
1.832237782223492673e+01,4.157020216230652210e+00
1.834238353815375788e+01,3.022304159102477072e+00
1.836238925407259259e+01,2.627172877223708625e+00
1.838239496999142730e+01,3.952822097680659397e+00
1.840240068591025846e+01,4.102633747976394574e+00
1.842240640182909317e+01,2.614598874517712890e+00
1.844241211774792788e+01,3.376620324482990210e+00
1.846241783366676259e+01,3.728337116691939457e+00
1.848242354958559730e+01,3.380198373669843548e+00
1.850242926550443201e+01,3.562846390571624333e+00
1.852243498142326672e+01,2.652419123055772765e+00
1.854244069734209788e+01,2.957157038010179484e+00
1.856244641326093259e+01,3.105526624714765482e+00
1.858245212917976374e+01,3.347611144355232327e+00
1.860245784509859845e+01,3.865683874432042533e+00
1.862246356101743316e+01,3.132388753563299488e+00
1.864246927693626787e+01,2.695907353514710003e+00
1.866247499285510258e+01,3.639623035462033585e+00
1.868248070877393729e+01,3.656617098630517759e+00
1.870248642469277200e+01,3.525379939203522994e+00
1.872249214061160316e+01,3.166997150081659385e+00
1.874249785653043787e+01,3.578792972362885294e+00
1.876250357244927258e+01,3.423264234818756524e+00
1.878250928836810374e+01,3.056806946644186951e+00
1.880251500428693845e+01,3.514388340445955272e+00
1.882252072020577316e+01,3.907318647781410359e+00
1.884252643612460787e+01,3.091341150011978733e+00
1.886253215204344258e+01,2.735193745618023087e+00
1.888253786796227729e+01,3.571047993009037302e+00
1.890254358388111200e+01,3.278470841104469180e+00
1.892254929979994316e+01,3.321163597397998046e+00
1.894255501571877787e+01,3.492334117448613107e+00
1.896256073163760902e+01,3.658717069774570341e+00
1.898256644755644373e+01,4.293098934278297918e+00
1.900257216347527844e+01,3.386708084190542589e+00
1.902257787939411315e+01,3.402866105769820848e+00
1.904258359531294786e+01,2.909330941287820771e+00
1.906258931123178257e+01,3.584823447882826919e+00
1.908259502715061728e+01,3.745818627379726706e+00
1.910260074306944844e+01,3.252707612239127410e+00
1.912260645898828315e+01,3.607290068592020837e+00
1.914261217490711431e+01,3.453860140581308080e+00
1.916261789082594902e+01,3.369446995374783427e+00
1.918262360674478373e+01,2.933826285529469224e+00
1.920262932266361844e+01,3.339101977826876677e+00
1.922263503858245315e+01,2.511196218830278326e+00
1.924264075450128786e+01,3.104841929615326013e+00
1.926264647042012257e+01,3.925001912636637336e+00
1.928265218633895373e+01,3.224009339710674826e+00
1.930265790225778844e+01,3.776549594769483598e+00
1.932266361817662315e+01,3.351998625605562943e+00
1.934266933409545430e+01,3.453567207151397422e+00
1.936267505001428901e+01,3.757372729217630436e+00
1.938268076593312372e+01,3.227292022769653990e+00
1.940268648185195843e+01,4.035560390957875221e+00
1.942269219777079314e+01,3.517995309247247349e+00
1.944269791368962785e+01,2.818838228839422033e+00
1.946270362960846256e+01,4.077673518041741829e+00
1.948270934552729372e+01,3.601551270863512677e+00
1.950271506144612843e+01,3.259034404722034761e+00
1.952272077736495959e+01,2.866034717428878942e+00
1.954272649328379430e+01,3.310731605763800101e+00
1.956273220920262901e+01,2.856135513533891501e+00
1.958273792512146372e+01,3.383954999082994242e+00
1.960274364104029843e+01,3.981231570249612606e+00
1.962274935695913314e+01,3.035626223696562320e+00
1.964275507287796785e+01,3.421035727329856613e+00
1.966276078879679901e+01,3.218262001481810408e+00
1.968276650471563372e+01,3.018210624599078962e+00
1.970277222063446487e+01,2.887188947066276157e+00
1.972277793655329958e+01,3.038086989540451199e+00
1.974278365247213429e+01,3.769840602161598220e+00
1.976278936839096900e+01,3.400055269262045154e+00
1.978279508430980371e+01,3.576067825932244482e+00
1.980280080022863842e+01,4.164674342895752446e+00
1.982280651614747313e+01,3.547018203230867250e+00
1.984281223206630784e+01,3.386978226990431828e+00
1.986281794798513900e+01,3.986928365255832496e+00
1.988282366390397371e+01,2.873495016263760249e+00
1.990282937982280487e+01,2.934744483701957840e+00
1.992283509574163958e+01,4.311374061828003867e+00
1.994284081166047429e+01,3.986104022031360827e+00
1.996284652757930900e+01,3.464386901213898362e+00
1.998285224349814371e+01,3.774138037958982395e+00
2.000285795941697842e+01,2.996699067852558684e+00
2.002286367533581313e+01,3.738359361499557387e+00
2.004286939125464428e+01,3.451723754316211590e+00
2.006287510717347899e+01,3.550237478405748881e+00
2.008288082309231015e+01,4.129038426591343125e+00
2.010288653901114486e+01,3.116786689705737246e+00
2.012289225492997957e+01,3.595265908788944920e+00
2.014289797084881428e+01,3.451090279127185134e+00
2.016290368676764899e+01,3.229409552311376608e+00
2.018290940268648370e+01,3.342145454565326190e+00
2.020291511860531841e+01,3.339766664840530641e+00
2.022292083452414957e+01,3.120751777851567432e+00
2.024292655044298428e+01,3.352996544717523619e+00
2.026293226636181899e+01,3.627908582832432227e+00
2.028293798228065015e+01,4.138633085469745509e+00
2.030294369819948486e+01,3.509844413501673976e+00
2.032294941411831957e+01,3.662992565862058125e+00
2.034295513003715428e+01,3.454096467275749482e+00
2.036296084595598899e+01,2.831802158479266307e+00
2.038296656187482370e+01,3.336908151847510773e+00
2.040297227779365841e+01,3.994073588542957687e+00
2.042297799371248956e+01,3.625968633217985015e+00
2.044298370963132427e+01,3.447201472740697881e+00
2.046298942555015543e+01,3.224271472778201364e+00
2.048299514146899014e+01,2.864642930249180264e+00
2.050300085738782485e+01,3.591068819043996552e+00
2.052300657330665956e+01,3.436039211143620875e+00
2.054301228922549427e+01,2.834049916958303328e+00
2.056301800514432898e+01,4.039307829219030310e+00
2.058302372106316369e+01,3.257485909739248786e+00
2.060302943698199485e+01,4.155310222537380582e+00
2.062303515290082956e+01,4.049508371862073020e+00
2.064304086881966072e+01,2.818302327631434068e+00
2.066304658473849543e+01,3.349572867971313705e+00
2.068305230065733014e+01,3.157593344552497960e+00
2.070305801657616485e+01,3.733014610815294176e+00
2.072306373249499956e+01,3.243553120442306259e+00
2.074306944841383427e+01,4.050071347892933105e+00
2.076307516433266898e+01,3.446973567356603319e+00
2.078308088025150369e+01,3.370607996306149268e+00
2.080308659617033484e+01,3.724360332876794022e+00
2.082309231208916955e+01,3.902239461016412392e+00
2.084309802800800071e+01,3.843041553853928427e+00
2.086310374392683542e+01,3.414730773394406782e+00
2.088310945984567013e+01,2.950461249431484134e+00
2.090311517576450484e+01,3.567444202004173448e+00
2.092312089168333955e+01,3.399366903197273526e+00
2.094312660760217426e+01,3.355210031342412691e+00
2.096313232352100897e+01,3.905285961469631140e+00
2.098313803943984013e+01,4.060952269991269681e+00
2.100314375535867484e+01,2.853675258118893776e+00
2.102314947127750600e+01,3.431990740936657236e+00
2.104315518719634071e+01,2.750630534990874843e+00
2.106316090311517542e+01,3.853632328626495074e+00
2.108316661903401013e+01,2.916743230972832279e+00
2.110317233495284484e+01,3.407000891986926572e+00
2.112317805087167955e+01,3.641740354418029568e+00
2.114318376679051426e+01,2.849280559922065414e+00
2.116318948270934541e+01,3.746191654194451104e+00
2.118319519862818012e+01,4.049541152815497647e+00
2.120320091454701483e+01,4.054193746734001458e+00
2.122320663046584599e+01,2.885749817700425268e+00
2.124321234638468070e+01,4.307121519570360491e+00
2.126321806230351541e+01,4.201952375008821683e+00
2.128322377822235012e+01,3.113977799132629620e+00
2.130322949414118483e+01,4.029460097584449230e+00
2.132323521006001954e+01,3.463930153597868156e+00
2.134324092597885425e+01,3.958132604777151453e+00
2.136324664189768541e+01,2.790137697098916902e+00
2.138325235781652012e+01,2.943524806666418137e+00
2.140325807373535127e+01,2.909139553581418625e+00
2.142326378965418598e+01,3.229169794506449698e+00
2.144326950557302069e+01,3.680278527759440976e+00
2.146327522149185540e+01,3.613271278354147853e+00
2.148328093741069011e+01,3.599883705597234140e+00
2.150328665332952482e+01,4.112066014310405748e+00
2.152329236924835953e+01,3.456018417121115238e+00
2.154329808516719069e+01,4.223437960526100987e+00
2.156330380108602540e+01,3.522069565627527155e+00
2.158330951700485656e+01,2.904436492112116852e+00
2.160331523292369127e+01,3.412707521624636087e+00
2.162332094884252598e+01,3.591975721856935699e+00
2.164332666476136069e+01,3.090454286798417272e+00
2.166333238068019540e+01,3.160306820396113103e+00
2.168333809659903011e+01,3.398701727594034772e+00
2.170334381251786482e+01,4.058865064978913750e+00
2.172334952843669598e+01,3.574662280068617193e+00
2.174335524435553069e+01,3.519868263346618065e+00
2.176336096027436540e+01,3.834323466018611626e+00
2.178336667619319655e+01,3.218037576911155107e+00
2.180337239211203126e+01,3.129744705108946867e+00
2.182337810803086597e+01,3.673576004360679104e+00
2.184338382394970068e+01,4.411767660925516310e+00
2.186338953986853539e+01,3.406229993432891234e+00
2.188339525578737010e+01,3.649139078383417001e+00
2.190340097170620481e+01,4.120613603568530792e+00
2.192340668762503597e+01,3.203214634545829220e+00
2.194341240354387068e+01,3.403398630953070381e+00
2.196341811946270184e+01,3.899961700378260510e+00
2.198342383538153655e+01,4.257159459240904553e+00
2.200342955130037126e+01,3.747709853988165918e+00
2.202343526721920597e+01,4.508061204519919762e+00
2.204344098313804068e+01,3.484958288467677967e+00
2.206344669905687539e+01,2.941028362587062794e+00
2.208345241497571010e+01,3.629118657386684710e+00
2.210345813089454126e+01,3.481953617903937648e+00
2.212346384681337597e+01,3.545359957851058397e+00
2.214346956273221068e+01,3.587216998938506762e+00
2.216347527865104183e+01,2.986015134147876893e+00
2.218348099456987654e+01,3.973187213289139041e+00
2.220348671048871125e+01,3.600553832110761299e+00
2.222349242640754596e+01,4.046879713401006384e+00
2.224349814232638067e+01,4.113610557270975576e+00
2.226350385824521538e+01,3.662360428024524772e+00
2.228350957416405009e+01,3.552572549327119411e+00
2.230351529008288125e+01,3.578482753246228221e+00
2.232352100600171596e+01,3.379282553064972383e+00
2.234352672192054712e+01,3.248821489107843075e+00
2.236353243783938183e+01,3.299693598996960464e+00
2.238353815375821654e+01,2.907176515588289156e+00
2.240354386967705125e+01,3.734565073064265661e+00
2.242354958559588596e+01,3.166305962696854159e+00
2.244355530151472067e+01,3.629421046393085604e+00
2.246356101743355538e+01,3.544926904735482331e+00
2.248356673335238654e+01,3.879594587884104051e+00
2.250357244927122125e+01,3.019202313148429351e+00
2.252357816519005240e+01,4.209277628574968233e+00
2.254358388110888711e+01,3.909779059701817605e+00
2.256358959702772182e+01,3.785339588477708350e+00
2.258359531294655653e+01,3.867768126806271134e+00
2.260360102886539124e+01,4.175509483426131041e+00
2.262360674478422595e+01,4.329311653389953385e+00
2.264361246070306066e+01,3.364225304018443108e+00
2.266361817662189182e+01,4.534540971762657691e+00
2.268362389254072653e+01,4.517835225403212362e+00
2.270362960845956124e+01,3.688286273655262626e+00
2.272363532437839240e+01,4.376080584589098876e+00
2.274364104029722711e+01,3.596671810623241150e+00
2.276364675621606182e+01,4.287696575335753657e+00
2.278365247213489653e+01,3.288246493729953368e+00
2.280365818805373124e+01,4.449821832750407324e+00
2.282366390397256595e+01,3.743891088823696922e+00
2.284366961989140066e+01,4.534623524041103693e+00
2.286367533581023181e+01,4.840710862385479984e+00
2.288368105172906652e+01,4.196294365703647777e+00
2.290368676764789768e+01,3.912919691751911788e+00
2.292369248356673239e+01,4.594036536825712780e+00
2.294369819948556710e+01,3.737736477019079739e+00
2.296370391540440181e+01,5.174928799873077523e+00
2.298370963132323652e+01,4.831392788029629237e+00
2.300371534724207123e+01,4.441923847268263614e+00
2.302372106316090594e+01,4.233547383929036734e+00
2.304372677907973710e+01,5.244121792834476992e+00
2.306373249499857181e+01,5.224559408617388989e+00
2.308373821091740652e+01,5.840208273723550114e+00
2.310374392683623768e+01,5.317858959981674793e+00
2.312374964275507239e+01,4.625810483889029712e+00
2.314375535867390710e+01,5.699777764998374963e+00
2.316376107459274181e+01,5.713298206905181864e+00
2.318376679051157652e+01,5.423703010533449387e+00
2.320377250643041123e+01,5.162406665252017746e+00
2.322377822234924594e+01,7.013047804806728180e+00
2.324378393826807709e+01,5.739441188916519110e+00
2.326378965418691180e+01,6.684528496371560990e+00
2.328379537010574296e+01,5.847369919887158041e+00
2.330380108602457767e+01,6.325988954942889819e+00
2.332380680194341238e+01,6.864717907964140053e+00
2.334381251786224709e+01,8.049125175667411369e+00
2.336381823378108180e+01,7.939585580783026231e+00
2.338382394969991651e+01,7.637151637187512776e+00
2.340382966561875122e+01,8.274369004833326713e+00
2.342383538153758238e+01,8.224335141003299654e+00
2.344384109745641709e+01,8.216641705007717178e+00
2.346384681337524825e+01,8.343512912934562209e+00
2.348385252929408296e+01,9.169517986396691356e+00
2.350385824521291767e+01,1.035275041543574126e+01
2.352386396113175238e+01,9.863841499525054957e+00
2.354386967705058709e+01,9.777951842338138633e+00
2.356387539296942180e+01,1.046990522443262073e+01
2.358388110888825651e+01,1.143139524039342447e+01
2.360388682480708766e+01,1.095261402925732952e+01
2.362389254072592237e+01,1.155604481583396748e+01
2.364389825664475708e+01,1.274277401070575166e+01
2.366390397256358824e+01,1.247143772805978656e+01
2.368390968848242295e+01,1.236372189293780188e+01
2.370391540440125766e+01,1.382108484855531216e+01
2.372392112032009237e+01,1.359264018119789341e+01
2.374392683623892708e+01,1.352543830444820472e+01
2.376393255215776179e+01,1.431311317560867913e+01
2.378393826807659650e+01,1.459855408445018199e+01
2.380394398399542766e+01,1.523051284412279216e+01
2.382394969991426237e+01,1.559303092828337611e+01
2.384395541583309353e+01,1.635146074465872701e+01
2.386396113175192824e+01,1.672774345022542875e+01
2.388396684767076295e+01,1.674964522446073900e+01
2.390397256358959766e+01,1.794302246165633008e+01
2.392397827950843237e+01,1.767420487749980040e+01
2.394398399542726708e+01,1.823774240473800035e+01
2.396398971134610179e+01,1.769161525033086590e+01
2.398399542726493294e+01,1.839829455814949455e+01
2.400400114318376765e+01,1.867689110523777529e+01
2.402400685910260236e+01,1.812405916644870274e+01
2.404401257502143352e+01,1.942445674600374161e+01
2.406401829094026823e+01,1.849399374553580344e+01
2.408402400685910294e+01,1.777795585959064439e+01
2.410402972277793765e+01,1.832378418947668308e+01
2.412403543869677236e+01,1.737375367239954471e+01
2.414404115461560707e+01,1.764363300182102279e+01
2.416404687053444178e+01,1.716030938161842556e+01
2.418405258645327294e+01,1.678178269119939259e+01
2.420405830237210765e+01,1.558463175847514748e+01
2.422406401829093880e+01,1.546952726217616814e+01
2.424406973420977351e+01,1.459216148208951402e+01
2.426407545012860822e+01,1.434005048168911500e+01
2.428408116604744293e+01,1.321731508197395399e+01
2.430408688196627764e+01,1.229445054470848930e+01
2.432409259788511235e+01,1.228333588585694258e+01
2.434409831380394706e+01,1.144814137570366697e+01
2.436410402972277822e+01,1.150164455467411173e+01
2.438410974564161293e+01,9.660862112444467797e+00
2.440411546156044409e+01,9.946797037112627748e+00
2.442412117747927880e+01,9.170007974768029868e+00
2.444412689339811351e+01,8.651604231878923912e+00
2.446413260931694822e+01,7.654966438322162503e+00
2.448413832523578293e+01,7.870765921381664754e+00
2.450414404115461764e+01,7.288391511128054390e+00
2.452414975707345235e+01,7.072920762673378547e+00
2.454415547299228351e+01,6.983977050468531012e+00
2.456416118891111822e+01,6.077396359558955297e+00
2.458416690482995293e+01,6.450932362446961221e+00
2.460417262074878408e+01,6.408316743536490279e+00
2.462417833666761879e+01,6.028348481939984183e+00
2.464418405258645350e+01,4.647615375335357513e+00
2.466418976850528821e+01,5.385089629764366670e+00
2.468419548442412292e+01,5.130468681799293051e+00
2.470420120034295763e+01,4.400645768694040783e+00
2.472420691626179234e+01,4.729161684259748810e+00
2.474421263218062350e+01,4.359045829832460583e+00
2.476421834809945821e+01,4.759107257778858902e+00
2.478422406401828937e+01,4.539326064614727763e+00
2.480422977993712408e+01,5.024517384127033637e+00
2.482423549585595879e+01,4.734615125872295494e+00
2.484424121177479350e+01,4.144216517154115209e+00
2.486424692769362821e+01,3.655744181001611803e+00
2.488425264361246292e+01,4.218051290678070941e+00
2.490425835953129763e+01,4.261734626678693516e+00
2.492426407545012879e+01,4.778413530048925217e+00
2.494426979136896350e+01,4.534902989692756847e+00
2.496427550728779821e+01,3.782301661034030538e+00
2.498428122320662936e+01,3.557769252866156862e+00
2.500428693912546407e+01,4.389925762147593780e+00
2.502429265504429878e+01,3.966831115441846300e+00
2.504429837096313349e+01,4.847314542460662068e+00
2.506430408688196820e+01,3.948431430253593000e+00
2.508430980280080291e+01,4.490474313963903619e+00
2.510431551871963762e+01,3.920460637953525840e+00
2.512432123463846878e+01,4.424386461223848599e+00
2.514432695055730349e+01,4.033997892561015597e+00
2.516433266647613465e+01,3.682708407028184805e+00
2.518433838239496936e+01,3.394625545071033201e+00
2.520434409831380407e+01,3.934139552237170712e+00
2.522434981423263878e+01,4.210592556857668534e+00
2.524435553015147349e+01,3.268192010945514703e+00
2.526436124607030820e+01,3.686169225927509174e+00
2.528436696198914291e+01,3.748946794519168790e+00
2.530437267790797407e+01,3.952611156195657394e+00
2.532437839382680878e+01,4.379591307185384252e+00
2.534438410974563993e+01,3.614063556492779661e+00
2.536438982566447464e+01,3.363372657249025011e+00
2.538439554158330935e+01,4.429306395302022636e+00
2.540440125750214406e+01,2.967597729901848780e+00
2.542440697342097877e+01,3.695054193790324071e+00
2.544441268933981348e+01,3.344348425235573963e+00
2.546441840525864819e+01,3.664128472025903527e+00
2.548442412117747935e+01,3.517404663849448276e+00
2.550442983709631406e+01,3.778192002939378291e+00
2.552443555301514877e+01,4.156980753850886501e+00
2.554444126893397993e+01,3.556971205836769290e+00
2.556444698485281464e+01,4.041245026241545801e+00
2.558445270077164935e+01,4.188416669658704627e+00
2.560445841669048406e+01,3.270997176498654291e+00
2.562446413260931877e+01,3.187248880593789302e+00
2.564446984852815348e+01,3.588247530561913035e+00
2.566447556444698819e+01,3.706049806753038744e+00
2.568448128036581934e+01,4.529717390094210927e+00
2.570448699628465405e+01,3.831920008519198895e+00
2.572449271220348521e+01,3.388865725992157518e+00
2.574449842812231992e+01,3.618619617039828373e+00
2.576450414404115463e+01,3.330485111138997034e+00
2.578450985995998934e+01,3.587373023756032175e+00
2.580451557587882405e+01,4.055451566811565378e+00
2.582452129179765876e+01,2.992538397536220529e+00
2.584452700771649347e+01,3.998546865590534516e+00
2.586453272363532463e+01,3.885771631194299580e+00
2.588453843955415934e+01,4.411555332636484472e+00
2.590454415547299405e+01,3.750289376709108780e+00
2.592454987139182521e+01,3.633128913044945563e+00
2.594455558731065992e+01,3.848019249398101582e+00
2.596456130322949463e+01,3.488579834653896761e+00
2.598456701914832934e+01,3.667009591031693105e+00
2.600457273506716405e+01,3.459656777760331536e+00
2.602457845098599520e+01,4.456696538554293596e+00
2.604458416690482991e+01,3.692190874844788695e+00
2.606458988282366462e+01,3.530663859420978490e+00
2.608459559874249933e+01,3.570268789234289475e+00
2.610460131466133404e+01,4.277753866857416654e+00
2.612460703058016520e+01,3.776300352967152385e+00
2.614461274649899991e+01,3.555004615851591332e+00
2.616461846241783462e+01,3.789545764791918181e+00
2.618462417833666933e+01,3.784953473375105126e+00
2.620462989425550404e+01,3.336060248318426957e+00
2.622463561017433520e+01,3.947455997779325543e+00
2.624464132609316991e+01,3.421751266542750969e+00
2.626464704201200462e+01,4.494265960396860216e+00
2.628465275793083933e+01,3.853292250052947843e+00
2.630465847384967049e+01,3.911502669994639803e+00
2.632466418976850520e+01,3.837701314257240703e+00
2.634466990568733991e+01,3.686930001058125406e+00
2.636467562160617462e+01,3.776840774773681630e+00
2.638468133752500933e+01,3.940995214208241393e+00
2.640468705344384048e+01,4.127216784444593500e+00
2.642469276936267519e+01,4.105998110276005697e+00
2.644469848528150990e+01,4.344280164901118901e+00
2.646470420120034461e+01,4.527168936264462928e+00
2.648470991711917932e+01,4.092984018817955594e+00
2.650471563303801048e+01,3.702794789556179023e+00
2.652472134895684519e+01,3.935656788265132100e+00
2.654472706487567990e+01,3.945351347351098603e+00
2.656473278079451461e+01,3.465514396538738051e+00
2.658473849671334932e+01,3.469173926345259229e+00
2.660474421263218048e+01,3.098453416974464414e+00
2.662474992855101519e+01,4.056195505795919587e+00
2.664475564446984990e+01,4.397236571020119555e+00
2.666476136038868461e+01,4.126798730124635384e+00
2.668476707630751577e+01,3.721799253336688373e+00
2.670477279222635048e+01,4.602433642322775853e+00
2.672477850814518519e+01,3.942455736399564259e+00
2.674478422406401990e+01,3.143407491089485806e+00
2.676478993998285461e+01,4.570237382974045026e+00
2.678479565590168576e+01,4.094262887734394951e+00
2.680480137182052047e+01,3.734102472882541157e+00
2.682480708773935518e+01,4.079997182479646156e+00
2.684481280365818989e+01,3.397793393967350362e+00
2.686481851957702460e+01,3.830591089392319404e+00
2.688482423549585576e+01,3.539022136292712339e+00
2.690482995141469047e+01,4.161796283821012743e+00
2.692483566733352518e+01,3.870003367098121316e+00
2.694484138325235989e+01,3.834817667716373002e+00
2.696484709917119105e+01,3.280993017211095708e+00
2.698485281509002576e+01,3.869822854294118208e+00
2.700485853100886047e+01,4.038810984808707261e+00
2.702486424692769518e+01,4.491315112842214852e+00
2.704486996284652989e+01,3.536099548818501859e+00
2.706487567876536104e+01,3.676167703722882596e+00
2.708488139468419575e+01,3.947704370014579744e+00
2.710488711060303046e+01,4.733195651606538767e+00
2.712489282652186517e+01,3.991670959671015595e+00
2.714489854244069988e+01,4.278554799004954390e+00
2.716490425835953104e+01,3.713074457260357786e+00
2.718490997427836575e+01,3.648659259432541546e+00
2.720491569019720046e+01,3.771131093758076869e+00
2.722492140611603517e+01,3.896047974676562831e+00
2.724492712203486633e+01,4.134930331898951650e+00
2.726493283795370104e+01,4.258049205785635394e+00
2.728493855387253575e+01,4.229438235597621443e+00
2.730494426979137046e+01,4.139242775612141045e+00
2.732494998571020517e+01,4.335656694672631595e+00
2.734495570162903633e+01,3.906827362894746969e+00
2.736496141754787104e+01,4.213686977503844133e+00
2.738496713346670575e+01,4.301393847792297720e+00
2.740497284938554046e+01,3.821158022870963400e+00
2.742497856530437517e+01,4.043062915622105180e+00
2.744498428122320632e+01,4.228965097956399077e+00
2.746498999714204103e+01,3.819104405217277787e+00
2.748499571306087574e+01,4.642874738944339441e+00
2.750500142897971045e+01,4.120454356748604496e+00
2.752500714489854516e+01,4.922843390792777996e+00
2.754501286081737632e+01,4.333326333562370181e+00
2.756501857673621103e+01,4.028250752034894688e+00
2.758502429265504574e+01,4.421711107492645176e+00
2.760503000857388045e+01,4.072742387309167711e+00
2.762503572449271161e+01,4.931270161334447621e+00
2.764504144041154632e+01,4.451826779812678048e+00
2.766504715633038103e+01,4.730201940513460102e+00
2.768505287224921574e+01,4.706609010551660255e+00
2.770505858816805045e+01,3.973831965731236426e+00
2.772506430408688161e+01,4.381870399847546338e+00
2.774507002000571632e+01,4.650754206296559445e+00
2.776507573592455103e+01,3.859792427660134528e+00
2.778508145184338574e+01,4.425589637823252431e+00
2.780508716776222045e+01,4.279186841085661719e+00
2.782509288368105160e+01,4.717120820956072436e+00
2.784509859959988631e+01,4.639332489281605909e+00
2.786510431551872102e+01,3.852055680243670732e+00
2.788511003143755573e+01,4.610393528720022616e+00
2.790511574735638689e+01,3.663739596507112228e+00
2.792512146327522160e+01,4.345602334324636828e+00
2.794512717919405631e+01,4.524001621134610573e+00
2.796513289511289102e+01,4.621667297292033183e+00
2.798513861103172573e+01,5.373922966740023455e+00
2.800514432695055689e+01,4.355681139765785304e+00
2.802515004286939160e+01,5.081706762737090877e+00
2.804515575878822631e+01,4.741423524526195088e+00
2.806516147470706102e+01,4.646465072694308418e+00
2.808516719062589573e+01,5.031386477694332449e+00
2.810517290654472689e+01,4.655252359911052906e+00
2.812517862246356160e+01,5.194472794596123322e+00
2.814518433838239631e+01,4.595629611526745428e+00
2.816519005430123102e+01,4.998746692957054094e+00
2.818519577022006217e+01,5.157983265523577998e+00
2.820520148613889688e+01,5.851306392917207333e+00
2.822520720205773159e+01,4.296069570704203144e+00
2.824521291797656630e+01,5.333825025973278677e+00
2.826521863389540101e+01,5.516669617051800145e+00
2.828522434981423217e+01,5.249199303152114027e+00
2.830523006573306688e+01,5.562183289999283353e+00
2.832523578165190159e+01,5.721915912898837497e+00
2.834524149757073630e+01,5.602502585499321341e+00
2.836524721348957101e+01,6.123031981295637749e+00
2.838525292940840217e+01,6.031823873166350047e+00
2.840525864532723688e+01,6.086405117684003940e+00
2.842526436124607159e+01,5.785504702267605381e+00
2.844527007716490630e+01,6.537919520780834048e+00
2.846527579308374101e+01,5.838141123470308891e+00
2.848528150900257216e+01,6.703356334871223510e+00
2.850528722492140687e+01,6.479716524132520306e+00
2.852529294084024158e+01,6.621439494217158384e+00
2.854529865675907629e+01,6.895283038447853841e+00
2.856530437267790745e+01,6.855090757250724920e+00
2.858531008859674216e+01,7.875718125489312271e+00
2.860531580451557687e+01,7.213231758011829697e+00
2.862532152043441158e+01,7.162832556216267577e+00
2.864532723635324629e+01,7.724457427633450557e+00
2.866533295227207745e+01,8.418951778834351529e+00
2.868533866819091216e+01,9.067217516078510897e+00
2.870534438410974687e+01,8.321274724571690484e+00
2.872535010002858158e+01,8.534101201985397012e+00
2.874535581594741629e+01,9.318861562404023857e+00
2.876536153186624745e+01,1.039820949193295618e+01
2.878536724778508216e+01,1.082336555723791705e+01
2.880537296370391687e+01,1.156249141138564340e+01
2.882537867962275158e+01,1.124161539501341878e+01
2.884538439554158273e+01,1.224447568608449188e+01
2.886539011146041744e+01,1.295320042084305356e+01
2.888539582737925215e+01,1.337408377830310613e+01
2.890540154329808686e+01,1.397742446204060229e+01
2.892540725921692157e+01,1.509394004603522887e+01
2.894541297513575273e+01,1.614199712384744956e+01
2.896541869105458744e+01,1.685614225491601559e+01
2.898542440697342215e+01,1.759517853932887732e+01
2.900543012289225686e+01,1.942888596370287857e+01
2.902543583881109157e+01,2.039911267172033149e+01
2.904544155472992273e+01,2.187465007049435428e+01
2.906544727064875744e+01,2.339503423888059785e+01
2.908545298656759215e+01,2.469616284289735830e+01
2.910545870248642686e+01,2.601908569570491991e+01
2.912546441840525802e+01,2.827561408917836161e+01
2.914547013432409273e+01,2.971527425319149884e+01
2.916547585024292744e+01,3.078320475922696176e+01
2.918548156616176215e+01,3.324961401104646086e+01
2.920548728208059686e+01,3.511216961618205090e+01
2.922549299799942801e+01,3.716886791012818492e+01
2.924549871391826272e+01,3.972265089752250589e+01
2.926550442983709743e+01,4.238197737723037051e+01
2.928551014575593214e+01,4.475903535679661616e+01
2.930551586167476685e+01,4.816309782255888905e+01
2.932552157759359801e+01,5.016694018830784074e+01
2.934552729351243272e+01,5.359490096363686007e+01
2.936553300943126743e+01,5.590857770293659712e+01
2.938553872535010214e+01,5.862377812219034467e+01
2.940554444126893330e+01,6.182432992825327744e+01
2.942555015718776801e+01,6.550833115086949476e+01
2.944555587310660272e+01,6.782877178490744541e+01
2.946556158902543743e+01,7.151019514584363890e+01
2.948556730494427214e+01,7.460789582508439821e+01
2.950557302086310330e+01,7.791345921369530458e+01
2.952557873678193801e+01,8.080673998852299178e+01
2.954558445270077272e+01,8.415190708721004853e+01
2.956559016861960743e+01,8.726142072764213253e+01
2.958559588453844214e+01,8.982089472002246566e+01
2.960560160045727329e+01,9.241158671603258767e+01
2.962560731637610800e+01,9.408644417121124093e+01
2.964561303229494271e+01,9.636105544579277193e+01
2.966561874821377742e+01,9.812708377254871550e+01
2.968562446413261213e+01,9.916103898716168885e+01
2.970563018005144329e+01,9.928211967921036774e+01
2.972563589597027800e+01,9.930908652993946362e+01
2.974564161188911271e+01,9.941018657078001297e+01
2.976564732780794742e+01,9.856248339581367190e+01
2.978565304372677858e+01,9.660248556950480747e+01
2.980565875964561329e+01,9.369675523538140283e+01
2.982566447556444800e+01,9.145776836388702691e+01
2.984567019148328271e+01,8.883298429970299992e+01
2.986567590740211742e+01,8.531592060211494299e+01
2.988568162332094857e+01,8.098814483045845236e+01
2.990568733923978328e+01,7.669458715465773935e+01
2.992569305515861799e+01,7.187556663115771016e+01
2.994569877107745270e+01,6.752392141952687155e+01
2.996570448699628741e+01,6.257343625217650640e+01
2.998571020291511857e+01,5.804825676166538528e+01
3.000571591883395328e+01,5.404370636689251484e+01
3.002572163475278799e+01,4.957475183074662084e+01
3.004572735067162270e+01,4.493134394522242303e+01
3.006573306659045386e+01,4.174187222993956681e+01
3.008573878250928857e+01,3.772790493926589761e+01
3.010574449842812328e+01,3.491616594062157475e+01
3.012575021434695799e+01,3.190254109022716023e+01
3.014575593026579270e+01,2.882445688333937284e+01
3.016576164618462386e+01,2.615107934779221210e+01
3.018576736210345857e+01,2.454513139003069710e+01
3.020577307802229328e+01,2.163673550151882097e+01
3.022577879394112799e+01,2.024962129474712214e+01
3.024578450985996270e+01,1.847795707350789485e+01
3.026579022577879385e+01,1.719693631311339388e+01
3.028579594169762856e+01,1.580195185649868250e+01
3.030580165761646327e+01,1.510707253183468524e+01
3.032580737353529798e+01,1.421992067248028491e+01
3.034581308945412914e+01,1.402830040645434195e+01
3.036581880537296385e+01,1.187449105337250721e+01
3.038582452129179856e+01,1.213364546807410882e+01
3.040583023721063327e+01,1.127472594265547023e+01
3.042583595312946798e+01,1.064062968706301326e+01
3.044584166904829914e+01,1.012145738267593131e+01
3.046584738496713385e+01,1.007459607934351453e+01
3.048585310088596856e+01,1.006401785793516268e+01
3.050585881680480327e+01,9.030126856214970132e+00
3.052586453272363798e+01,8.933161782722127242e+00
3.054587024864246914e+01,8.190488853556423976e+00
3.056587596456130385e+01,8.239874471776747811e+00
3.058588168048013856e+01,8.279213343692156002e+00
3.060588739639897327e+01,7.562882167209848738e+00
3.062589311231780798e+01,7.770176731107401480e+00
3.064589882823663913e+01,7.280679838485125011e+00
3.066590454415547384e+01,7.050822252499323817e+00
3.068591026007430855e+01,7.267076399779309526e+00
3.070591597599314326e+01,6.861243442561150374e+00
3.072592169191197442e+01,6.220970213314348740e+00
3.074592740783080913e+01,6.402938888253986605e+00
3.076593312374964384e+01,6.333392870726449075e+00
3.078593883966847855e+01,7.070336997427515868e+00
3.080594455558731326e+01,5.886522066829815714e+00
3.082595027150614442e+01,6.621008191746570404e+00
3.084595598742497913e+01,5.330748437377216042e+00
3.086596170334381384e+01,5.668016216066792623e+00
3.088596741926264855e+01,6.612583187210951507e+00
3.090597313518148326e+01,4.930344125963813440e+00
3.092597885110031442e+01,5.665039477307551863e+00
3.094598456701914913e+01,5.627746888677879866e+00
3.096599028293798384e+01,5.543572767671768986e+00
3.098599599885681855e+01,4.849703334316820325e+00
3.100600171477564970e+01,5.586611024962635064e+00
3.102600743069448441e+01,5.917627878462404567e+00
3.104601314661331912e+01,4.949435807517795993e+00
3.106601886253215383e+01,5.004282114862947495e+00
3.108602457845098854e+01,5.366615277033873532e+00
3.110603029436981970e+01,5.400124680247678555e+00
3.112603601028865441e+01,4.849600514355362435e+00
3.114604172620748912e+01,4.772252378231846670e+00
3.116604744212632383e+01,4.271432566228289929e+00
3.118605315804515854e+01,5.517931421657408464e+00
3.120605887396398970e+01,4.405120043796378226e+00
3.122606458988282441e+01,4.286891086193087119e+00
3.124607030580165912e+01,4.146865067453896714e+00
3.126607602172049383e+01,5.382293792465397964e+00
3.128608173763932498e+01,4.933111847824695140e+00
3.130608745355815969e+01,4.685546593204229282e+00
3.132609316947699440e+01,4.179368245153903594e+00
3.134609888539582911e+01,4.025495168737757368e+00
3.136610460131466382e+01,5.194913209669184795e+00
3.138611031723349498e+01,4.182140011252458045e+00
3.140611603315232969e+01,5.059998354199807480e+00
3.142612174907116440e+01,3.981542330900306847e+00
3.144612746498999911e+01,4.650154191231179013e+00
3.146613318090883382e+01,3.865113329560151634e+00
3.148613889682766498e+01,4.333440130376821742e+00
3.150614461274649969e+01,4.056325319836449950e+00
3.152615032866533440e+01,4.650446604912298554e+00
3.154615604458416911e+01,4.754200844809213677e+00
3.156616176050300382e+01,4.267305377640418840e+00
3.158616747642183498e+01,3.753884581837904300e+00
3.160617319234066969e+01,4.903579894830565777e+00
3.162617890825950440e+01,4.605961736008738150e+00
3.164618462417833911e+01,4.884844995521135047e+00
3.166619034009717026e+01,3.789250279917533604e+00
3.168619605601600497e+01,3.747166850275667649e+00
3.170620177193483968e+01,4.558260977556725990e+00
3.172620748785367439e+01,4.575658683178791541e+00
3.174621320377250910e+01,3.788715787785669420e+00
3.176621891969134026e+01,4.004573390196288329e+00
3.178622463561017497e+01,4.104748877407984331e+00
3.180623035152900968e+01,3.817944120659224172e+00
3.182623606744784439e+01,3.943445948808212531e+00
3.184624178336667910e+01,4.514703885502695080e+00
3.186624749928551026e+01,4.067907805938499877e+00
3.188625321520434497e+01,4.567498547789258012e+00
3.190625893112317968e+01,4.268689929674248873e+00
3.192626464704201439e+01,3.952444622135789842e+00
3.194627036296084555e+01,4.389877085523790967e+00
3.196627607887968026e+01,4.202365303595769319e+00
3.198628179479851497e+01,4.135332015655625248e+00
3.200628751071734968e+01,4.177596136451503739e+00
3.202629322663618439e+01,3.891966775563729719e+00
3.204629894255501199e+01,4.140367143137541284e+00
3.206630465847385381e+01,3.940347559447709536e+00
3.208631037439268141e+01,4.487381796082718033e+00
3.210631609031152323e+01,3.011402188794106038e+00
3.212632180623035083e+01,4.112205754971639315e+00
3.214632752214918554e+01,4.178294657573539794e+00
3.216633323806802025e+01,3.720627422914507321e+00
3.218633895398685496e+01,3.663467171214968232e+00
3.220634466990568967e+01,3.861107406183996282e+00
3.222635038582451728e+01,4.201554307760573259e+00
3.224635610174335909e+01,3.687332792220145095e+00
3.226636181766218670e+01,3.694934751396192318e+00
3.228636753358102851e+01,3.210537785277447043e+00
3.230637324949985612e+01,3.438102032163967259e+00
3.232637896541869083e+01,3.994163018115973518e+00
3.234638468133752554e+01,4.605873205141859827e+00
3.236639039725636025e+01,4.419313126901950994e+00
3.238639611317519496e+01,3.835718081886024144e+00
3.240640182909402967e+01,3.529905415328332907e+00
3.242640754501286438e+01,3.544080666650932354e+00
3.244641326093169198e+01,4.090198095288593017e+00
3.246641897685053380e+01,4.519381713514766474e+00
3.248642469276936140e+01,4.111949236163687793e+00
3.250643040868819611e+01,4.070873778422777534e+00
3.252643612460703082e+01,3.991896409347068797e+00
3.254644184052586553e+01,4.123485051256817080e+00
3.256644755644470024e+01,3.547934814768542555e+00
3.258645327236353495e+01,3.894457566777438817e+00
3.260645898828236966e+01,3.788310247229404126e+00
3.262646470420119726e+01,3.339875856845328617e+00
3.264647042012003908e+01,4.107424055471200930e+00
3.266647613603886668e+01,4.298659054465443496e+00
3.268648185195770850e+01,3.373823996672001169e+00
3.270648756787653610e+01,3.924390682852232359e+00
3.272649328379537081e+01,3.675588342164071154e+00
3.274649899971420552e+01,4.089232535543390057e+00
3.276650471563304023e+01,4.006591833151914805e+00
3.278651043155187494e+01,3.459782270205400856e+00
3.280651614747070255e+01,4.671126612427363156e+00
3.282652186338954436e+01,3.872981268079787931e+00
3.284652757930837197e+01,3.727336317244596575e+00
3.286653329522721378e+01,4.304397551080771933e+00
3.288653901114604139e+01,3.394115359774944718e+00
3.290654472706487610e+01,3.677271983603684014e+00
3.292655044298371081e+01,3.804160636399679163e+00
3.294655615890254552e+01,4.113836947374554853e+00
3.296656187482138023e+01,3.652871718506763621e+00
3.298656759074020783e+01,3.271567895980663110e+00
3.300657330665904965e+01,3.605582004604716673e+00
3.302657902257787725e+01,4.017470089908315778e+00
3.304658473849671907e+01,3.664017162770461411e+00
3.306659045441554667e+01,3.331377123245315985e+00
3.308659617033438138e+01,4.346634440384383957e+00
3.310660188625321609e+01,3.919574498226777948e+00
3.312660760217205080e+01,4.030912551698136781e+00
3.314661331809088551e+01,3.327089864905296679e+00
3.316661903400971312e+01,3.739546288959917142e+00
3.318662474992855493e+01,3.912603590286304556e+00
3.320663046584738254e+01,3.923311212632302869e+00
3.322663618176622435e+01,4.281690859787486758e+00
3.324664189768505196e+01,4.237782125144266665e+00
3.326664761360388667e+01,4.018268379638440635e+00
3.328665332952272138e+01,4.144911891026241690e+00
3.330665904544155609e+01,4.302558987398225732e+00
3.332666476136039080e+01,3.434198777955964843e+00
3.334667047727922551e+01,3.958424158312657148e+00
3.336667619319806022e+01,3.905237478566601972e+00
3.338668190911688782e+01,4.053830445230262036e+00
3.340668762503572964e+01,3.910843089853219823e+00
3.342669334095455724e+01,4.220780272872747041e+00
3.344669905687339195e+01,3.717590138048087134e+00
3.346670477279222666e+01,4.434886321746958515e+00
3.348671048871106137e+01,3.728941978553139247e+00
3.350671620462989608e+01,3.633497449477316898e+00
3.352672192054873079e+01,4.902331998084980214e+00
3.354672763646756550e+01,3.819505754797679842e+00
3.356673335238639311e+01,3.645090335887581023e+00
3.358673906830523492e+01,4.905579634067121830e+00
3.360674478422406253e+01,4.254300642486882111e+00
3.362675050014290434e+01,4.372762862655555693e+00
3.364675621606173195e+01,4.572379043770139262e+00
3.366676193198056666e+01,4.896662593996618185e+00
3.368676764789940137e+01,4.831117636072937316e+00
3.370677336381823608e+01,4.368470530765308446e+00
3.372677907973707079e+01,4.805000427583751232e+00
3.374678479565589839e+01,4.302943836374244491e+00
3.376679051157474021e+01,4.039859079694600119e+00
3.378679622749356781e+01,4.565989604325603857e+00
3.380680194341240963e+01,4.543949119390135571e+00
3.382680765933123723e+01,4.748101080912886296e+00
3.384681337525007194e+01,4.548446269095169470e+00
3.386681909116890665e+01,4.765929785748507896e+00
3.388682480708774136e+01,4.673369617272907561e+00
3.390683052300657607e+01,5.448251997449471418e+00
3.392683623892540368e+01,5.130806690379821511e+00
3.394684195484424549e+01,6.443203638572027714e+00
3.396684767076307310e+01,6.267363567638070343e+00
3.398685338668191491e+01,5.892522611737438964e+00
3.400685910260074252e+01,6.004346934328812502e+00
3.402686481851957723e+01,5.810406654379182356e+00
3.404687053443841194e+01,6.128111560032426297e+00
3.406687625035724665e+01,6.767477458670134283e+00
3.408688196627608136e+01,6.598356841521654026e+00
3.410688768219490896e+01,7.485563961048590897e+00
3.412689339811375078e+01,6.980980044578254606e+00
3.414689911403257838e+01,7.460178331239676552e+00
3.416690482995142020e+01,8.439464374732629892e+00
3.418691054587024780e+01,9.707298076621388105e+00
3.420691626178908251e+01,9.165958803092452811e+00
3.422692197770791722e+01,1.026289686317653604e+01
3.424692769362675193e+01,1.008231407600445451e+01
3.426693340954558664e+01,1.085690834045632513e+01
3.428693912546442135e+01,1.129591652646945121e+01
3.430694484138325606e+01,1.159378888359642623e+01
3.432695055730208367e+01,1.256681444830648076e+01
3.434695627322092548e+01,1.351598394981948204e+01
3.436696198913975309e+01,1.371255182185235455e+01
3.438696770505858780e+01,1.372893653274087633e+01
3.440697342097742251e+01,1.386769577613045712e+01
3.442697913689625722e+01,1.533797992668253585e+01
3.444698485281509193e+01,1.608663450932951022e+01
3.446699056873392664e+01,1.642727585366589693e+01
3.448699628465276135e+01,1.751490423830534127e+01
3.450700200057158895e+01,1.730109203985377064e+01
3.452700771649043077e+01,1.756692507817563964e+01
3.454701343240925837e+01,1.862719852064847714e+01
3.456701914832810019e+01,1.908333622405783103e+01
3.458702486424692779e+01,1.978727942594164091e+01
3.460703058016576250e+01,2.011238340102728017e+01
3.462703629608459721e+01,1.976886847537177516e+01
3.464704201200343192e+01,1.899281064494059024e+01
3.466704772792226663e+01,1.865608102956280945e+01
3.468705344384109424e+01,1.882989367846104045e+01
3.470705915975993605e+01,1.944192608121534960e+01
3.472706487567876366e+01,1.870908218805008971e+01
3.474707059159760547e+01,1.803493214446121584e+01
3.476707630751643308e+01,1.775267142278904231e+01
3.478708202343526779e+01,1.722040340807445347e+01
3.480708773935410250e+01,1.584248584173921515e+01
3.482709345527293721e+01,1.643708555965579166e+01
3.484709917119177192e+01,1.583799936569628741e+01
3.486710488711059952e+01,1.475313911827231195e+01
3.488711060302944134e+01,1.356246363039820579e+01
3.490711631894826894e+01,1.307826917578396753e+01
3.492712203486711076e+01,1.195591945818379997e+01
3.494712775078593836e+01,1.182726006642555205e+01
3.496713346670477307e+01,1.116788531429161857e+01
3.498713918262360778e+01,1.032670821849767684e+01
3.500714489854244249e+01,9.765451249468609873e+00
3.502715061446127720e+01,9.029249236395118672e+00
3.504715633038010481e+01,9.303283694156679218e+00
3.506716204629894662e+01,8.902390063247192842e+00
3.508716776221777423e+01,8.001716182189520410e+00
3.510717347813661604e+01,7.264046795449232263e+00
3.512717919405544365e+01,6.469255159277298439e+00
3.514718490997427836e+01,7.189868372178241707e+00
3.516719062589311307e+01,6.256019164956269307e+00
3.518719634181194778e+01,5.543039584172080758e+00
3.520720205773078249e+01,5.584864683693676390e+00
3.522720777364961720e+01,6.459471312009181787e+00
3.524721348956845191e+01,5.749957320209349021e+00
3.526721920548727951e+01,4.827364413151389755e+00
3.528722492140612133e+01,5.163980218314575765e+00
3.530723063732494893e+01,4.520222332646596897e+00
3.532723635324378364e+01,5.047380278921365537e+00
3.534724206916261835e+01,4.630661156271903778e+00
3.536724778508145306e+01,4.460826490552884493e+00
3.538725350100028777e+01,4.858164520007573373e+00
3.540725921691912248e+01,4.668651451698957899e+00
3.542726493283795719e+01,4.833808920573568813e+00
3.544727064875678479e+01,4.314912019353888795e+00
3.546727636467562661e+01,3.623740652121925976e+00
3.548728208059445421e+01,4.623589775601945284e+00
3.550728779651329603e+01,4.879597297072055362e+00
3.552729351243212363e+01,4.852299957061539715e+00
3.554729922835095834e+01,3.671129179867202552e+00
3.556730494426979305e+01,4.404791608685893145e+00
3.558731066018862776e+01,4.230610750665126041e+00
3.560731637610746247e+01,4.310119850873183722e+00
3.562732209202629008e+01,3.928078884107717883e+00
3.564732780794513189e+01,4.116802092129415058e+00
3.566733352386395950e+01,3.899100137728317428e+00
3.568733923978280131e+01,3.585950752751583259e+00
3.570734495570162892e+01,3.696729227648629656e+00
3.572735067162046363e+01,3.773874167625851594e+00
3.574735638753929834e+01,3.789141633669148579e+00
3.576736210345813305e+01,3.751487581952153594e+00
3.578736781937696776e+01,4.100993396259361212e+00
3.580737353529579536e+01,3.233439430691689154e+00
3.582737925121463718e+01,3.279405732676747398e+00
3.584738496713346478e+01,3.694034245669452599e+00
3.586739068305230660e+01,3.808184827284716967e+00
3.588739639897113420e+01,3.020991973424516086e+00
3.590740211488996891e+01,3.810382283973126505e+00
3.592740783080880362e+01,3.880674503950185095e+00
3.594741354672763833e+01,3.160595403744269838e+00
3.596741926264647304e+01,3.356415532900116183e+00
3.598742497856530065e+01,3.736982267940129443e+00
3.600743069448414246e+01,3.524965629314764648e+00
3.602743641040297007e+01,3.682985501958157215e+00
3.604744212632181188e+01,3.968479764165569801e+00
3.606744784224063949e+01,4.305530758427286386e+00
3.608745355815947420e+01,4.026264357078854772e+00
3.610745927407830891e+01,3.313933796758126160e+00
3.612746498999714362e+01,3.749450259298881427e+00
3.614747070591597833e+01,3.468719209610450438e+00
3.616747642183481304e+01,3.381766730608520177e+00
3.618748213775364775e+01,4.144755613759313562e+00
3.620748785367247535e+01,2.962027176125817007e+00
3.622749356959131717e+01,3.626925572208772319e+00
3.624749928551014477e+01,2.921982228781070390e+00
3.626750500142897948e+01,3.130889850653635786e+00
3.628751071734781419e+01,3.328497256959141115e+00
3.630751643326664890e+01,3.767640071023667048e+00
3.632752214918548361e+01,2.882286374102357662e+00
3.634752786510431832e+01,4.150717371344334161e+00
3.636753358102315303e+01,3.480520134628490858e+00
3.638753929694198064e+01,4.167953870361644775e+00
3.640754501286082245e+01,3.727424754682893138e+00
3.642755072877965006e+01,3.423471253545619764e+00
3.644755644469849187e+01,3.544261855845386222e+00
3.646756216061731948e+01,3.389412723201659539e+00
3.648756787653615419e+01,3.343303302954574896e+00
3.650757359245498890e+01,3.407803952882405785e+00
3.652757930837382361e+01,3.405094276714351942e+00
3.654758502429265832e+01,3.869139713573326311e+00
3.656759074021148592e+01,3.970153794036340056e+00
3.658759645613032774e+01,3.071154272995761936e+00
3.660760217204915534e+01,3.330034930069409427e+00
3.662760788796799716e+01,3.762245972885561063e+00
3.664761360388682476e+01,2.847705613575158612e+00
3.666761931980565947e+01,3.000351913269768911e+00
3.668762503572449418e+01,3.723164221718782141e+00
3.670763075164332889e+01,3.815583769350596732e+00
3.672763646756216360e+01,3.552447492771800608e+00
3.674764218348099121e+01,3.824168621658952993e+00
3.676764789939983302e+01,3.917034007504069049e+00
3.678765361531866063e+01,3.090303367246927557e+00
3.680765933123750244e+01,3.812010896235035418e+00
3.682766504715633005e+01,3.374620549051524865e+00
3.684767076307516476e+01,3.774600475581755266e+00
3.686767647899399947e+01,4.329382798333374360e+00
3.688768219491283418e+01,3.383725689288626270e+00
3.690768791083166889e+01,3.176425078583740014e+00
3.692769362675049649e+01,3.556068008434027483e+00
3.694769934266933831e+01,3.508259168703297348e+00
3.696770505858816591e+01,3.844816565632010352e+00
3.698771077450700773e+01,3.587659678182517631e+00
3.700771649042583533e+01,2.965815922775321578e+00
3.702772220634467004e+01,3.673350766675557377e+00
3.704772792226350475e+01,3.239511403448939397e+00
3.706773363818233946e+01,3.794091852471264126e+00
3.708773935410117417e+01,3.101653798219604408e+00
3.710774507002000888e+01,2.943649319162426892e+00
3.712775078593884359e+01,3.537601354569296142e+00
3.714775650185767120e+01,3.663082274929785331e+00
3.716776221777651301e+01,3.832804390794613880e+00
3.718776793369534062e+01,4.007380990736071347e+00
3.720777364961417533e+01,2.837122215768237865e+00
3.722777936553301004e+01,3.652549215115356240e+00
3.724778508145184475e+01,2.988911280515940572e+00
3.726779079737067946e+01,3.340215556019750842e+00
3.728779651328951417e+01,3.668505644969600965e+00
3.730780222920834888e+01,3.096948789934383939e+00
3.732780794512717648e+01,3.655216109687331461e+00
3.734781366104601830e+01,3.261287791747325304e+00
3.736781937696484590e+01,2.841470489904974972e+00
3.738782509288368772e+01,3.668305238450920935e+00
3.740783080880251532e+01,3.155049177063332433e+00
3.742783652472135003e+01,2.978536627669803316e+00
3.744784224064018474e+01,3.392135739685556040e+00
3.746784795655901945e+01,3.558641477768741179e+00
3.748785367247785416e+01,2.995506486366681820e+00
3.750785938839668177e+01,3.733296862594345455e+00
3.752786510431552358e+01,3.958609592774250174e+00
3.754787082023435119e+01,3.103155483797047864e+00
3.756787653615319300e+01,3.056497677935575918e+00
3.758788225207202061e+01,3.750566786321554602e+00
3.760788796799085532e+01,3.384609483484751102e+00
3.762789368390969003e+01,4.093175566311769487e+00
3.764789939982852474e+01,3.684598165379817214e+00
3.766790511574735945e+01,3.295492783593241271e+00
3.768791083166618705e+01,3.098328611612378936e+00
3.770791654758502887e+01,3.270547663627818569e+00
3.772792226350385647e+01,3.661354550276071596e+00
3.774792797942269829e+01,3.838929759834395661e+00
3.776793369534152589e+01,3.110862674633356750e+00
3.778793941126036060e+01,3.070672419725789304e+00
3.780794512717919531e+01,3.829448099237964698e+00
3.782795084309803002e+01,3.666470137013733144e+00
3.784795655901686473e+01,4.112006549061544725e+00
3.786796227493569234e+01,2.943292167590226605e+00
3.788796799085453415e+01,3.462004324151165768e+00
3.790797370677336176e+01,2.927284003140293578e+00
3.792797942269220357e+01,2.688884579944540221e+00
3.794798513861103118e+01,3.528195629825832569e+00
3.796799085452986589e+01,3.539938216676988159e+00
3.798799657044870060e+01,3.618631263655562869e+00
3.800800228636753531e+01,3.560260671612474503e+00
3.802800800228637002e+01,3.879384506592462145e+00
3.804801371820520473e+01,3.547994414744033431e+00
3.806801943412403944e+01,3.928643094057780338e+00
3.808802515004286704e+01,3.713769962807712766e+00
3.810803086596170886e+01,2.667025235484216328e+00
3.812803658188053646e+01,3.584497053490340868e+00
3.814804229779937117e+01,3.723006383905306471e+00
3.816804801371820588e+01,3.918608769647235590e+00
3.818805372963704059e+01,3.275017799567264465e+00
3.820805944555587530e+01,3.527656153816177920e+00
3.822806516147471001e+01,3.305957797965018319e+00
3.824807087739354472e+01,3.632990160907452193e+00
3.826807659331237232e+01,3.569002668829482694e+00
3.828808230923121414e+01,3.519707363751875207e+00
3.830808802515004174e+01,4.109123705902638868e+00
3.832809374106888356e+01,3.255664644513163619e+00
3.834809945698771116e+01,3.422984428887052122e+00
3.836810517290654587e+01,3.417996578621933512e+00
3.838811088882538058e+01,3.411326128514027722e+00
3.840811660474421529e+01,2.905940978781439199e+00
3.842812232066305000e+01,3.421654315836275106e+00
3.844812803658187761e+01,3.998870318168401994e+00
3.846813375250071942e+01,3.514185356899235835e+00
3.848813946841954703e+01,4.075596709475846957e+00
3.850814518433838884e+01,3.065284516577342799e+00
3.852815090025721645e+01,3.690495891706734088e+00
3.854815661617605116e+01,4.020142798816694452e+00
3.856816233209488587e+01,2.920997424107166118e+00
3.858816804801372058e+01,3.510748413957377689e+00
3.860817376393255529e+01,3.622374252651570536e+00
3.862817947985138289e+01,3.886660535319597543e+00
3.864818519577022471e+01,3.206541768755997612e+00
3.866819091168905231e+01,3.245461417627476752e+00
3.868819662760789413e+01,4.099643371727985652e+00
3.870820234352672173e+01,3.176772416144209465e+00
3.872820805944555644e+01,3.316888644108495932e+00
3.874821377536439115e+01,4.038542601647273855e+00
3.876821949128322586e+01,3.523350027283024932e+00
3.878822520720206057e+01,3.072366000686931553e+00
3.880823092312088818e+01,3.581456104224799653e+00
3.882823663903972999e+01,3.300552737342828280e+00
3.884824235495855760e+01,3.493445112704211652e+00
3.886824807087739941e+01,3.596284385462495514e+00
3.888825378679622702e+01,3.918619178383260682e+00
3.890825950271506173e+01,3.825836528027914074e+00
3.892826521863389644e+01,3.325476029204326167e+00
3.894827093455273115e+01,3.011171993462848917e+00
3.896827665047156586e+01,3.197007087519900814e+00
3.898828236639040057e+01,3.621465984239158331e+00
3.900828808230923528e+01,4.258759751882593036e+00
3.902829379822806288e+01,3.236145061122986277e+00
3.904829951414690470e+01,3.709309357373224092e+00
3.906830523006573230e+01,3.058651853959323930e+00
3.908831094598456701e+01,3.873055503471939609e+00
3.910831666190340172e+01,3.874226909125041196e+00
3.912832237782223643e+01,3.702498086846845560e+00
3.914832809374107114e+01,3.150847594094107418e+00
3.916833380965990585e+01,3.572450091540530170e+00
3.918833952557874056e+01,3.258905997111089636e+00
3.920834524149756817e+01,3.890584851465086480e+00
3.922835095741640998e+01,3.657138708750908407e+00
3.924835667333523759e+01,3.707558478152392034e+00
3.926836238925407940e+01,3.586572824405112492e+00
3.928836810517290701e+01,4.081948609393082350e+00
3.930837382109174172e+01,3.628480856491412165e+00
3.932837953701057643e+01,3.588071112852350808e+00
3.934838525292941114e+01,4.177199776439688428e+00
3.936839096884824585e+01,4.003264380023418667e+00
3.938839668476707345e+01,3.453774926083016616e+00
3.940840240068591527e+01,3.814705607254164299e+00
3.942840811660474287e+01,4.117917595236017192e+00
3.944841383252358469e+01,3.624938889468111824e+00
3.946841954844241229e+01,3.814516896068408158e+00
3.948842526436124700e+01,3.599402550312576832e+00
3.950843098028008171e+01,3.190500041482907889e+00
3.952843669619891642e+01,4.084884986180379762e+00
3.954844241211775113e+01,4.100594956139025804e+00
3.956844812803657874e+01,3.890886490860195224e+00
3.958845384395542055e+01,3.538626960618810102e+00
3.960845955987424816e+01,3.285335513188850864e+00
3.962846527579308997e+01,3.896125086236539303e+00
3.964847099171191758e+01,3.794797544465527306e+00
3.966847670763075229e+01,3.313872285816186203e+00
3.968848242354958700e+01,3.073173060029255943e+00
3.970848813946842171e+01,2.995709078401084913e+00
3.972849385538725642e+01,4.245105388569279548e+00
3.974849957130608402e+01,4.247168089679826508e+00
3.976850528722492584e+01,3.632271640241374833e+00
3.978851100314375344e+01,3.603196588217778995e+00
3.980851671906259526e+01,3.745016153385858804e+00
3.982852243498142286e+01,3.370443526571865078e+00
3.984852815090025757e+01,4.011094881524448041e+00
3.986853386681909228e+01,2.625639494235030291e+00
3.988853958273792699e+01,3.462431190095245803e+00
3.990854529865676170e+01,4.234811373656110156e+00
3.992855101457559641e+01,3.389676065669676497e+00
3.994855673049443112e+01,2.993997703621236184e+00
3.996856244641325873e+01,3.890040909208479114e+00
3.998856816233210054e+01,3.762963124225513933e+00
4.000857387825092815e+01,3.697945940985993829e+00
4.002857959416976286e+01,3.533102370652004165e+00
4.004858531008859757e+01,3.370982080656370172e+00
4.006859102600743228e+01,3.534531405791968339e+00
4.008859674192626699e+01,3.898057459993553131e+00
4.010860245784510170e+01,4.429549479390881395e+00
4.012860817376393641e+01,4.259397714005907609e+00
4.014861388968276401e+01,4.097141574906662420e+00
4.016861960560160583e+01,3.177701342150431429e+00
4.018862532152043343e+01,3.716557392646486768e+00
4.020863103743927525e+01,4.207549731406064808e+00
4.022863675335810285e+01,3.837184002747021871e+00
4.024864246927693756e+01,3.343364311561455970e+00
4.026864818519577227e+01,4.115215215699995710e+00
4.028865390111460698e+01,3.876441538822767097e+00
4.030865961703344169e+01,3.315671314715030071e+00
4.032866533295226930e+01,3.140005751267031187e+00
4.034867104887111111e+01,3.463080446267075008e+00
4.036867676478993872e+01,3.902195045941717844e+00
4.038868248070878053e+01,4.108654613134300249e+00
4.040868819662760814e+01,3.333415217188345103e+00
4.042869391254644285e+01,3.431665669930708429e+00
4.044869962846527756e+01,3.929611126345081473e+00
4.046870534438411227e+01,3.810880862695140259e+00
4.048871106030294698e+01,3.659533756166852836e+00
4.050871677622177458e+01,4.027116984314183412e+00
4.052872249214061640e+01,4.074079168687720021e+00
4.054872820805944400e+01,3.566930355534535302e+00
4.056873392397828582e+01,3.634138447297559971e+00
4.058873963989711342e+01,3.162222448595365609e+00
4.060874535581594813e+01,3.809977571005121355e+00
4.062875107173478284e+01,4.588731989313894033e+00
4.064875678765361755e+01,3.808417617367314989e+00
4.066876250357245226e+01,3.340280406285286219e+00
4.068876821949127986e+01,3.504534587941065649e+00
4.070877393541012168e+01,3.553340092558699759e+00
4.072877965132894929e+01,3.781722035669817128e+00
4.074878536724779110e+01,4.232412682338567933e+00
4.076879108316661871e+01,3.508359589695817071e+00
4.078879679908545342e+01,4.410585152735235326e+00
4.080880251500428813e+01,4.375204107887018523e+00
4.082880823092312284e+01,3.385715683765101680e+00
4.084881394684195755e+01,4.354400848834433901e+00
4.086881966276079226e+01,4.071536019538624984e+00
4.088882537867962697e+01,3.710607632899887154e+00
4.090883109459845457e+01,3.787026763806283558e+00
4.092883681051729639e+01,3.547741805492147904e+00
4.094884252643612399e+01,3.288072722994145547e+00
4.096884824235495870e+01,3.549987755959056024e+00
4.098885395827379341e+01,3.737456175357308119e+00
4.100885967419262812e+01,4.326323073843668432e+00
4.102886539011146283e+01,3.697888099791636130e+00
4.104887110603029754e+01,3.866649925952915900e+00
4.106887682194913225e+01,3.998153317816496966e+00
4.108888253786795985e+01,4.046487293047636769e+00
4.110888825378680167e+01,3.776708058999484585e+00
4.112889396970562927e+01,4.226782475425753915e+00
4.114889968562447109e+01,3.734298361602439442e+00
4.116890540154329869e+01,3.702666794174418463e+00
4.118891111746213340e+01,3.448256782937749954e+00
4.120891683338096811e+01,3.173865448618589546e+00
4.122892254929980282e+01,3.585967631000639422e+00
4.124892826521863753e+01,4.014826027268926012e+00
4.126893398113746514e+01,3.733043803953720818e+00
4.128893969705630695e+01,4.403540898049046248e+00
4.130894541297513456e+01,3.949216329542766246e+00
4.132895112889397637e+01,4.186088606286440417e+00
4.134895684481280398e+01,4.414792865483465611e+00
4.136896256073163869e+01,4.204335954271719800e+00
4.138896827665047340e+01,3.844101794760377722e+00
4.140897399256930811e+01,4.544355859986588086e+00
4.142897970848814282e+01,3.711536056902839054e+00
4.144898542440697042e+01,4.429761262704897895e+00
4.146899114032581224e+01,3.642165063033993011e+00
4.148899685624463984e+01,4.683669876146720590e+00
4.150900257216348166e+01,5.128322300367955222e+00
4.152900828808230926e+01,4.878907464227751234e+00
4.154901400400114397e+01,3.815869937019412461e+00
4.156901971991997868e+01,4.818285827301528101e+00
4.158902543583881339e+01,4.894597336124324016e+00
4.160903115175764810e+01,4.928931202573850534e+00
4.162903686767647571e+01,4.807495946084915595e+00
4.164904258359531752e+01,4.495968398911191599e+00
4.166904829951414513e+01,5.245315701428332034e+00
4.168905401543298694e+01,5.234502297103842849e+00
4.170905973135181455e+01,5.603730497047754611e+00
4.172906544727064926e+01,5.974941753878524331e+00
4.174907116318948397e+01,5.719772338223782171e+00
4.176907687910831868e+01,6.268847228008745276e+00
4.178908259502715339e+01,5.695306514339708137e+00
4.180908831094598810e+01,6.076622150297456670e+00
4.182909402686482281e+01,5.980680472803631353e+00
4.184909974278365041e+01,7.237366804133043452e+00
4.186910545870249223e+01,7.699369463842963057e+00
4.188911117462131983e+01,7.172624878092406675e+00
4.190911689054015454e+01,8.490129938730536452e+00
4.192912260645898925e+01,8.731538365686660086e+00
4.194912832237782396e+01,8.494087113298938618e+00
4.196913403829665867e+01,8.707039591332476292e+00
4.198913975421549338e+01,8.928862157411812106e+00
4.200914547013432809e+01,9.942797364753850786e+00
4.202915118605316280e+01,1.104529997250491036e+01
4.204915690197199041e+01,1.118791812737085856e+01
4.206916261789082512e+01,1.155433518645334878e+01
4.208916833380965983e+01,1.196938978736256232e+01
4.210917404972849454e+01,1.357473135309002288e+01
4.212917976564732925e+01,1.465537524894619636e+01
4.214918548156616396e+01,1.529701448471107028e+01
4.216919119748499867e+01,1.606449274934160698e+01
4.218919691340383338e+01,1.786653102143261407e+01
4.220920262932266809e+01,1.855512962801494226e+01
4.222920834524150280e+01,1.973973635216158584e+01
4.224921406116033040e+01,2.046864199911014381e+01
4.226921977707916511e+01,2.171803901121855063e+01
4.228922549299799982e+01,2.369404258151405784e+01
4.230923120891683453e+01,2.416070453217308511e+01
4.232923692483566924e+01,2.511475437856140758e+01
4.234924264075450395e+01,2.649788730181182572e+01
4.236924835667333866e+01,2.744062545879147308e+01
4.238925407259217337e+01,2.904575176822083549e+01
4.240925978851100808e+01,3.026838477323159537e+01
4.242926550442983569e+01,3.097101330449956791e+01
4.244927122034867040e+01,3.139189978626388466e+01
4.246927693626750511e+01,3.293058182038943471e+01
4.248928265218633982e+01,3.317709224081380626e+01
4.250928836810517453e+01,3.370174296786516521e+01
4.252929408402400924e+01,3.500424218245589714e+01
4.254929979994284395e+01,3.429517039124242217e+01
4.256930551586167866e+01,3.477204666185157578e+01
4.258931123178051337e+01,3.482098332286533093e+01
4.260931694769934097e+01,3.504921293727112186e+01
4.262932266361817568e+01,3.486439576443712696e+01
4.264932837953701039e+01,3.367563223792749483e+01
4.266933409545584510e+01,3.365586767196004558e+01
4.268933981137467981e+01,3.248667602445333813e+01
4.270934552729351452e+01,3.282899312221850607e+01
4.272935124321234923e+01,3.139158327258131820e+01
4.274935695913118394e+01,3.022180975167134420e+01
4.276936267505001865e+01,2.937689878813538158e+01
4.278936839096885336e+01,2.880640415023573553e+01
4.280937410688768097e+01,2.741136735751781828e+01
4.282937982280651568e+01,2.596365428227402816e+01
4.284938553872535039e+01,2.501424887916366657e+01
4.286939125464418510e+01,2.385903987630733525e+01
4.288939697056301981e+01,2.211014010496550242e+01
4.290940268648185452e+01,2.059277241313815665e+01
4.292940840240068923e+01,1.968365371687507803e+01
4.294941411831952394e+01,1.849838119264651226e+01
4.296941983423835865e+01,1.724290170298077385e+01
4.298942555015718625e+01,1.610900897842053325e+01
4.300943126607602096e+01,1.506710609350020569e+01
4.302943698199485567e+01,1.424663754898818979e+01
4.304944269791369038e+01,1.364423357830511563e+01
4.306944841383252509e+01,1.180842326068251502e+01
4.308945412975135980e+01,1.197379558081007644e+01
4.310945984567019451e+01,1.041854740723790407e+01
4.312946556158902922e+01,1.008023747697325589e+01
4.314947127750786393e+01,8.649083065301731210e+00
4.316947699342669864e+01,8.930253875377154316e+00
4.318948270934552625e+01,8.427535209559465557e+00
4.320948842526436096e+01,8.312722617083517562e+00
4.322949414118319567e+01,8.029664186110244017e+00
4.324949985710203038e+01,7.553605823961434318e+00
4.326950557302086509e+01,7.463824970359430822e+00
4.328951128893969980e+01,7.423852208240022676e+00
4.330951700485853451e+01,6.071989269828745428e+00
4.332952272077736922e+01,6.002087458652585639e+00
4.334952843669620393e+01,6.653407475120793002e+00
4.336953415261503153e+01,5.230466451998660560e+00
4.338953986853386624e+01,6.266400092820558321e+00
4.340954558445270095e+01,5.763244929227155033e+00
4.342955130037153566e+01,5.172560463643112172e+00
4.344955701629037037e+01,5.291263849982952294e+00
4.346956273220920508e+01,5.755561473457635024e+00
4.348956844812803979e+01,4.429731619091223038e+00
4.350957416404687450e+01,5.195832812883975471e+00
4.352957987996570921e+01,4.934870153120378689e+00
4.354958559588453681e+01,4.824262956253667411e+00
4.356959131180337153e+01,4.935806436887977711e+00
4.358959702772220624e+01,4.648270213158721020e+00
4.360960274364104095e+01,4.965548902363185135e+00
4.362960845955987566e+01,3.963796217730875426e+00
4.364961417547871037e+01,4.349325330254506738e+00
4.366961989139754508e+01,5.092927065155873123e+00
4.368962560731637979e+01,4.459879723577409472e+00
4.370963132323521450e+01,4.132468659917959641e+00
4.372963703915404921e+01,3.792851816382774910e+00
4.374964275507287681e+01,3.946809068042636426e+00
4.376964847099171152e+01,4.845161346665009638e+00
4.378965418691054623e+01,4.152609857256180703e+00
4.380965990282938094e+01,3.911910909611676423e+00
4.382966561874821565e+01,4.182447793943352643e+00
4.384967133466705036e+01,3.541853770844924476e+00
4.386967705058588507e+01,4.831186135911377910e+00
4.388968276650471978e+01,4.646627986581136405e+00
4.390968848242355449e+01,4.031172019256755057e+00
4.392969419834238209e+01,4.228696307838186286e+00
4.394969991426121680e+01,3.672392259488194810e+00
4.396970563018005151e+01,4.363115430532734429e+00
4.398971134609888622e+01,4.082749021298441860e+00
4.400971706201772093e+01,3.924128450952847125e+00
4.402972277793655564e+01,3.997131733261303665e+00
4.404972849385539035e+01,3.927271537813727065e+00
4.406973420977422506e+01,4.460211281273531725e+00
4.408973992569305977e+01,3.409626617956116768e+00
4.410974564161189448e+01,3.521846867397383729e+00
4.412975135753072209e+01,4.030439412215465644e+00
4.414975707344955680e+01,4.262146457634098162e+00
4.416976278936839151e+01,3.904662585115803441e+00
4.418976850528722622e+01,4.235006101071801865e+00
4.420977422120606093e+01,4.572806106663936276e+00
4.422977993712489564e+01,3.920755545478221027e+00
4.424978565304373035e+01,4.468942602167960132e+00
4.426979136896256506e+01,3.624962916810644753e+00
4.428979708488139977e+01,4.330655459369070037e+00
4.430980280080022737e+01,3.523581314875470660e+00
4.432980851671906208e+01,3.544959077486932841e+00
4.434981423263789679e+01,3.377643149929256516e+00
4.436981994855673150e+01,3.623508879918944103e+00
4.438982566447556621e+01,3.786389284751559448e+00
4.440983138039440092e+01,4.304998614574219395e+00
4.442983709631323563e+01,3.694810741095147844e+00
4.444984281223207034e+01,3.445013446293588188e+00
4.446984852815090505e+01,4.293121872166041797e+00
4.448985424406973266e+01,3.828228230595447812e+00
4.450985995998856737e+01,3.618585848428974128e+00
4.452986567590740208e+01,3.608328798571317719e+00
4.454987139182623679e+01,3.842385815087252521e+00
4.456987710774507150e+01,4.117577175487507901e+00
4.458988282366390621e+01,3.165862721178120065e+00
4.460988853958274092e+01,3.100594369306163056e+00
4.462989425550157563e+01,4.223744127035614859e+00
4.464989997142041034e+01,3.675131289932212830e+00
4.466990568733924505e+01,3.555460141447287281e+00
4.468991140325807265e+01,3.809249582059546224e+00
4.470991711917690736e+01,3.886500781866394583e+00
4.472992283509574207e+01,3.181998563579020889e+00
4.474992855101457678e+01,3.657081853367100788e+00
4.476993426693341149e+01,3.441344684022054956e+00
4.478993998285224620e+01,3.920841361914267686e+00
4.480994569877108091e+01,4.058097308291932492e+00
4.482995141468991562e+01,4.367222160097380623e+00
4.484995713060875033e+01,3.169789922045013864e+00
4.486996284652757794e+01,3.761119244176272414e+00
4.488996856244641265e+01,3.625468975434722463e+00
4.490997427836524736e+01,3.692588169779181584e+00
4.492997999428408207e+01,4.407949291317950546e+00
4.494998571020291678e+01,3.699878385452108454e+00
4.496999142612175149e+01,3.392958399306884587e+00
4.498999714204058620e+01,2.948423743461786373e+00
4.501000285795942091e+01,2.858708514102724862e+00
4.503000857387825562e+01,3.822905900327363327e+00
4.505001428979709033e+01,2.971448050541786845e+00
4.507002000571591793e+01,3.885862689049850438e+00
4.509002572163475264e+01,4.182444340781701797e+00
4.511003143755358735e+01,3.276747702867769618e+00
4.513003715347242206e+01,4.036528881984718709e+00
4.515004286939125677e+01,3.074613195906939378e+00
4.517004858531009148e+01,3.236320429534620402e+00
4.519005430122892619e+01,4.363642149784088708e+00
4.521006001714776090e+01,3.599429528341550721e+00
4.523006573306659561e+01,3.823081097431493713e+00
4.525007144898542322e+01,2.936363272555301052e+00
4.527007716490425793e+01,2.977198893524091616e+00
4.529008288082309264e+01,3.808959124097859750e+00
4.531008859674192735e+01,3.157457629183022974e+00
4.533009431266076206e+01,3.552703483393499617e+00
4.535010002857959677e+01,3.656534931512617437e+00
4.537010574449843148e+01,3.170209267516745921e+00
4.539011146041726619e+01,3.874046023089259272e+00
4.541011717633610090e+01,3.301945870267804839e+00
4.543012289225492850e+01,3.682748259038115535e+00
4.545012860817376321e+01,3.773813958531001767e+00
4.547013432409259792e+01,3.193676991181786828e+00
4.549014004001143263e+01,4.116877262608310772e+00
4.551014575593026734e+01,3.519263195756867191e+00
4.553015147184910205e+01,3.672082790776103334e+00
4.555015718776793676e+01,3.251921092960649240e+00
4.557016290368677147e+01,3.433639481847813091e+00
4.559016861960560618e+01,3.176009892279609392e+00
4.561017433552444089e+01,4.364385825075295600e+00
4.563018005144326850e+01,4.101111731738724231e+00
4.565018576736210321e+01,3.975976378983432813e+00
4.567019148328093792e+01,3.439850281400880672e+00
4.569019719919977263e+01,3.697349645149717645e+00
4.571020291511860734e+01,3.350341018740472521e+00
4.573020863103744205e+01,3.751417495585635642e+00
4.575021434695627676e+01,4.041632421686323973e+00
4.577022006287511147e+01,3.956715663030825336e+00
4.579022577879394618e+01,4.281437531953724118e+00
4.581023149471277378e+01,3.659677747193735620e+00
4.583023721063160849e+01,3.639633306063312812e+00
4.585024292655044320e+01,3.620077986449064422e+00
4.587024864246927791e+01,3.891060823619434395e+00
4.589025435838811262e+01,3.806550240198288471e+00
4.591026007430694733e+01,4.695389616919805498e+00
4.593026579022578204e+01,3.679978880602622571e+00
4.595027150614461675e+01,3.743377924680142854e+00
4.597027722206345146e+01,4.002462066323596801e+00
4.599028293798228617e+01,4.216127318520539013e+00
4.601028865390111378e+01,4.763022541760110862e+00
4.603029436981994849e+01,4.970514791626803763e+00
4.605030008573878320e+01,3.978436674038467125e+00
4.607030580165761791e+01,3.734375823277140682e+00
4.609031151757645262e+01,4.429961775227926779e+00
4.611031723349528733e+01,4.615763867117138375e+00
4.613032294941412204e+01,4.914020725836735437e+00
4.615032866533295675e+01,4.716978162002285480e+00
4.617033438125179146e+01,4.046962817911153643e+00
4.619034009717061906e+01,4.492229165021587534e+00
4.621034581308945377e+01,4.448598296641305794e+00
4.623035152900828848e+01,4.215347608450649375e+00
4.625035724492712319e+01,4.129849718482002885e+00
4.627036296084595790e+01,3.443550516141719253e+00
4.629036867676479261e+01,3.766127390715355627e+00
4.631037439268362732e+01,3.442683936576304227e+00
4.633038010860246203e+01,4.519639058429738121e+00
4.635038582452129674e+01,3.564019959921554737e+00
4.637039154044012434e+01,3.299254457368246296e+00
4.639039725635895905e+01,3.618229706758137709e+00
4.641040297227779376e+01,4.407026697614122135e+00
4.643040868819662847e+01,4.295479814751470116e+00
4.645041440411546319e+01,3.826347329631380134e+00
4.647042012003429790e+01,3.796863100243737854e+00
4.649042583595313261e+01,3.784834305202546822e+00
4.651043155187196732e+01,3.083700903527894610e+00
4.653043726779080203e+01,4.281779037619153350e+00
4.655044298370963674e+01,3.194649003595624315e+00
4.657044869962846434e+01,4.084892895447690186e+00
4.659045441554729905e+01,2.947105638726652987e+00
4.661046013146613376e+01,4.272155724696981238e+00
4.663046584738496847e+01,3.652824692887504110e+00
4.665047156330380318e+01,3.856288762425664984e+00
4.667047727922263789e+01,3.508531247349466309e+00
4.669048299514147260e+01,3.825767634004629603e+00
4.671048871106030731e+01,3.513016813008245531e+00
4.673049442697914202e+01,4.073749794290046466e+00
4.675050014289796962e+01,3.269851663871822467e+00
4.677050585881680433e+01,4.080157576149314735e+00
4.679051157473563904e+01,3.850030169113452416e+00
4.681051729065447375e+01,3.766769691356813610e+00
4.683052300657330846e+01,4.310785650053478690e+00
4.685052872249214317e+01,3.207453292887252339e+00
4.687053443841097788e+01,3.128854374488170276e+00
4.689054015432981259e+01,3.874409742079054197e+00
4.691054587024864730e+01,3.460847095722089151e+00
4.693055158616748201e+01,3.374287059674320410e+00
4.695055730208630962e+01,3.336462372362249074e+00
4.697056301800514433e+01,3.209241713064056700e+00
4.699056873392397904e+01,3.040398174243760021e+00
4.701057444984281375e+01,3.426952666913072765e+00
4.703058016576164846e+01,3.457850557776124045e+00
4.705058588168048317e+01,4.035884256346138343e+00
4.707059159759931788e+01,3.375301268233811047e+00
4.709059731351815259e+01,3.782715619095434967e+00
4.711060302943698730e+01,3.512729062404507996e+00
4.713060874535581490e+01,3.526528921006391926e+00
4.715061446127464961e+01,4.036259898068065510e+00
4.717062017719348432e+01,3.486892048556127222e+00
4.719062589311231903e+01,4.319276685708875796e+00
4.721063160903115374e+01,3.052788008790776608e+00
4.723063732494998845e+01,3.821611771454743067e+00
4.725064304086882316e+01,3.074455372621647697e+00
4.727064875678765787e+01,3.112587087284898857e+00
4.729065447270649258e+01,3.291634211084461636e+00
4.731066018862532019e+01,3.547680963965484935e+00
4.733066590454415490e+01,3.068358634199742863e+00
4.735067162046298961e+01,3.356848088027584609e+00
4.737067733638182432e+01,3.461402734257362557e+00
4.739068305230065903e+01,4.153787008490437138e+00
4.741068876821949374e+01,3.041727761346822767e+00
4.743069448413832845e+01,2.944627364660245661e+00
4.745070020005716316e+01,3.650095058329261288e+00
4.747070591597599787e+01,3.285823422164311225e+00
4.749071163189483258e+01,3.471496080456224043e+00
4.751071734781366018e+01,2.997564623809960693e+00
4.753072306373249489e+01,3.248998015082549706e+00
4.755072877965132960e+01,3.405020522380567627e+00
4.757073449557016431e+01,3.590426109112671682e+00
4.759074021148899902e+01,3.158748831604019536e+00
4.761074592740783373e+01,2.538196665071748015e+00
4.763075164332666844e+01,3.697309890249818487e+00
4.765075735924550315e+01,3.723338430816514943e+00
4.767076307516433786e+01,2.947786741665699317e+00
4.769076879108316547e+01,3.773820017215371081e+00
4.771077450700200018e+01,4.075298305950416200e+00
4.773078022292083489e+01,3.341583615608096025e+00
4.775078593883966960e+01,2.971425068312629758e+00
4.777079165475850431e+01,3.635330027180971868e+00
4.779079737067733902e+01,3.510068760804828436e+00
4.781080308659617373e+01,2.807012088146879858e+00
4.783080880251500844e+01,3.518207338961601760e+00
4.785081451843384315e+01,2.782046341770959774e+00
4.787082023435267075e+01,3.694569980622513405e+00
4.789082595027150546e+01,2.802340761654119383e+00
4.791083166619034017e+01,3.504444041671449739e+00
4.793083738210917488e+01,3.713261587166160727e+00
4.795084309802800959e+01,3.743620458080666680e+00
4.797084881394684430e+01,3.195967582235696991e+00
4.799085452986567901e+01,3.917674394261969617e+00
4.801086024578451372e+01,3.775863291739961713e+00
4.803086596170334843e+01,3.439381516412074014e+00
4.805087167762218314e+01,2.994546457268240758e+00
4.807087739354101075e+01,3.480966293527287370e+00
4.809088310945984546e+01,4.151796029695073997e+00
4.811088882537868017e+01,3.353024236436333627e+00
4.813089454129751488e+01,3.263483123915466688e+00
4.815090025721634959e+01,2.957674388453789049e+00
4.817090597313518430e+01,3.763923064671995444e+00
4.819091168905401901e+01,3.299752096946797941e+00
4.821091740497285372e+01,3.456350231148176633e+00
4.823092312089168843e+01,4.058698000460220889e+00
4.825092883681051603e+01,3.767962929021690499e+00
4.827093455272935074e+01,4.308685555004577061e+00
4.829094026864818545e+01,4.139793895113477618e+00
4.831094598456702016e+01,3.064139187328262626e+00
4.833095170048585487e+01,3.360341305310635907e+00
4.835095741640468958e+01,4.071335318782216994e+00
4.837096313232352429e+01,3.143466304129481248e+00
4.839096884824235900e+01,2.739155061246184353e+00
4.841097456416119371e+01,2.814093485213718271e+00
4.843098028008002842e+01,3.390903267828329515e+00
4.845098599599885603e+01,3.079919695002908853e+00
4.847099171191769074e+01,2.948835251452983197e+00
4.849099742783652545e+01,4.007805935819867216e+00
4.851100314375536016e+01,3.049298471345883055e+00
4.853100885967419487e+01,3.360608509156406853e+00
4.855101457559302958e+01,3.380960942036368877e+00
4.857102029151186429e+01,3.733152938967795542e+00
4.859102600743069900e+01,3.827662718849812684e+00
4.861103172334953371e+01,3.717989194354906601e+00
4.863103743926836131e+01,3.224091867460809446e+00
4.865104315518719602e+01,2.773126440209117138e+00
4.867104887110603073e+01,3.549470391768491329e+00
4.869105458702486544e+01,2.935877155208124645e+00
4.871106030294370015e+01,4.091434259743202517e+00
4.873106601886253486e+01,3.489062019744612275e+00
4.875107173478136957e+01,3.901150643579341271e+00
4.877107745070020428e+01,4.218311415674254938e+00
4.879108316661903899e+01,4.105679280019636224e+00
4.881108888253786660e+01,3.510481798149683197e+00
4.883109459845670131e+01,3.768207167481358866e+00
4.885110031437553602e+01,3.086714837087496388e+00
4.887110603029437073e+01,3.456638239209845587e+00
4.889111174621320544e+01,4.333021178905736903e+00
4.891111746213204015e+01,3.638042706123136405e+00
4.893112317805087486e+01,4.324434367737863383e+00
4.895112889396970957e+01,3.999693118852578611e+00
4.897113460988854428e+01,4.212775968264328874e+00
4.899114032580737899e+01,4.049574898817758672e+00
4.901114604172620659e+01,4.088320302096512648e+00
4.903115175764504130e+01,3.860425491725907765e+00
4.905115747356387601e+01,4.167871779524692677e+00
4.907116318948271072e+01,3.718707411671875462e+00
4.909116890540154543e+01,4.369006546906265775e+00
4.911117462132038014e+01,4.809715176646723656e+00
4.913118033723921485e+01,4.490618197545641621e+00
4.915118605315804956e+01,4.282043778442586657e+00
4.917119176907688427e+01,4.689034687823460779e+00
4.919119748499571187e+01,4.513009246540216957e+00
4.921120320091454658e+01,4.590511753667994910e+00
4.923120891683338129e+01,5.033019593179782980e+00
4.925121463275221600e+01,5.174763619232520817e+00
4.927122034867105071e+01,5.776706775903255320e+00
4.929122606458988542e+01,5.213111916232888277e+00
4.931123178050872014e+01,4.950481199200979177e+00
4.933123749642755485e+01,5.889652599868603566e+00
4.935124321234638956e+01,5.686711581196742138e+00
4.937124892826522427e+01,5.528317751301527139e+00
4.939125464418405187e+01,5.859007671846063303e+00
4.941126036010288658e+01,6.274704960294727130e+00
4.943126607602172129e+01,5.327801302922980931e+00
4.945127179194055600e+01,5.801210715496290860e+00
4.947127750785939071e+01,5.679030083460498979e+00
4.949128322377822542e+01,6.039772959362650795e+00
4.951128893969706013e+01,6.075693486792209441e+00
4.953129465561589484e+01,6.225945632051219647e+00
4.955130037153472955e+01,6.826260660915927758e+00
4.957130608745355715e+01,6.329465799227955713e+00
4.959131180337239186e+01,5.932403667973533246e+00
4.961131751929122657e+01,6.529579021170897946e+00
4.963132323521006128e+01,6.439728372983970495e+00
4.965132895112889599e+01,5.643687717713444130e+00
4.967133466704773070e+01,5.669658217131093636e+00
4.969134038296656541e+01,5.251741194806377244e+00
4.971134609888540012e+01,5.681893503522485567e+00
4.973135181480423483e+01,6.271010592526244487e+00
4.975135753072306244e+01,5.212321117548837535e+00
4.977136324664189715e+01,5.610782358092897937e+00
4.979136896256073186e+01,4.850809917140180616e+00
4.981137467847956657e+01,4.749901526549185071e+00
4.983138039439840128e+01,4.752541365712588117e+00
4.985138611031723599e+01,4.570685633397235215e+00
4.987139182623607070e+01,4.915427775175295722e+00
4.989139754215490541e+01,4.777498767211644903e+00
4.991140325807374012e+01,3.923822037697586751e+00
4.993140897399257483e+01,4.762322270605621632e+00
4.995141468991140243e+01,4.019674790985073187e+00
4.997142040583023714e+01,4.941370635897261110e+00
4.999142612174907185e+01,3.897298057860417941e+00
5.001143183766790656e+01,3.943361955022671061e+00
5.003143755358674127e+01,3.887919015005321555e+00
5.005144326950557598e+01,3.926254320887044180e+00
5.007144898542441069e+01,3.599140745918626649e+00
5.009145470134324540e+01,4.096634942079810493e+00
5.011146041726208011e+01,3.374554129900376065e+00
5.013146613318090772e+01,4.132123893477753995e+00
5.015147184909974243e+01,4.436804862381469761e+00
5.017147756501857714e+01,3.890269945208414626e+00
5.019148328093741185e+01,3.897067124121651460e+00
5.021148899685624656e+01,3.827642303706086491e+00
5.023149471277508127e+01,4.127955651757895694e+00
5.025150042869391598e+01,3.888022945061859303e+00
5.027150614461275069e+01,3.542282546214582606e+00
5.029151186053158540e+01,3.716320140794317606e+00
5.031151757645042011e+01,3.911800310218460641e+00
5.033152329236924771e+01,3.823829299408801230e+00
5.035152900828808242e+01,3.807351870992200293e+00
5.037153472420691713e+01,3.466573169645124963e+00
5.039154044012575184e+01,3.559232563093309043e+00
5.041154615604458655e+01,3.544970113147904556e+00
5.043155187196342126e+01,4.156137656123820356e+00
5.045155758788225597e+01,3.910483684424821860e+00
5.047156330380109068e+01,3.835574814813411670e+00
5.049156901971992539e+01,4.286159259924239073e+00
5.051157473563875300e+01,4.138664897453882219e+00
5.053158045155758771e+01,4.206151771831635244e+00
5.055158616747642242e+01,3.816591373961168543e+00
5.057159188339525713e+01,2.936562730389383091e+00
5.059159759931409184e+01,3.237693531040580552e+00
5.061160331523292655e+01,4.237953729439002615e+00
5.063160903115176126e+01,3.754360373509372462e+00
5.065161474707059597e+01,3.508152562512118156e+00
5.067162046298943068e+01,3.572511772516106188e+00
5.069162617890825828e+01,3.329304889945060353e+00
5.071163189482709299e+01,2.752432353172290735e+00
5.073163761074592770e+01,4.016039039236946273e+00
5.075164332666476241e+01,3.733136214525013763e+00
5.077164904258359712e+01,3.931306818182142226e+00
5.079165475850243183e+01,3.529952291188716007e+00
5.081166047442126654e+01,2.901472395479497202e+00
5.083166619034010125e+01,2.990881898238771264e+00
5.085167190625893596e+01,3.342299073675744747e+00
5.087167762217777067e+01,4.332001557900959199e+00
5.089168333809659828e+01,4.096489402289111403e+00
5.091168905401543299e+01,3.048082780519877577e+00
5.093169476993426770e+01,2.964389410911818512e+00
5.095170048585310241e+01,3.647590188034546710e+00
5.097170620177193712e+01,3.570797800083550300e+00
5.099171191769077183e+01,2.964774414835216199e+00
5.101171763360960654e+01,4.080134099324947528e+00
5.103172334952844125e+01,3.238614093397628402e+00
5.105172906544727596e+01,4.506042770610704018e+00
5.107173478136610356e+01,3.423100468790148732e+00
5.109174049728493827e+01,4.325063851270255277e+00
5.111174621320377298e+01,2.979245829664683320e+00
5.113175192912260769e+01,4.018838492055850864e+00
5.115175764504144240e+01,3.537111463295533387e+00
5.117176336096027711e+01,2.942889690070721098e+00
5.119176907687911182e+01,4.124260023928198571e+00
5.121177479279794653e+01,3.233062824382895606e+00
5.123178050871678124e+01,4.013774852814844252e+00
5.125178622463561595e+01,3.930624751192915767e+00
5.127179194055444356e+01,3.790312110394817413e+00
5.129179765647327827e+01,3.888161297997890564e+00
5.131180337239211298e+01,3.998919429404405257e+00
5.133180908831094769e+01,3.720135934056117755e+00
5.135181480422978240e+01,3.681542200577952784e+00
5.137182052014861711e+01,3.073099338400419267e+00
5.139182623606745182e+01,3.707991784339832897e+00
5.141183195198628653e+01,3.430764664303286082e+00
5.143183766790512124e+01,4.475562468839500596e+00
5.145184338382394884e+01,3.815035422264598353e+00
5.147184909974278355e+01,3.916875737136371161e+00
5.149185481566161826e+01,3.008318987262159627e+00
5.151186053158045297e+01,3.320038525005727603e+00
5.153186624749928768e+01,3.502046555669743988e+00
5.155187196341812239e+01,3.233041472123925786e+00
5.157187767933695710e+01,4.429292732688288936e+00
5.159188339525579181e+01,2.979980924416722132e+00
5.161188911117462652e+01,4.168367124730185225e+00
5.163189482709345413e+01,3.601382417725929486e+00
5.165190054301228884e+01,3.395200949164335569e+00
5.167190625893112355e+01,3.239676025517956415e+00
5.169191197484995826e+01,4.455202100658265607e+00
5.171191769076879297e+01,3.385013621702836595e+00
5.173192340668762768e+01,3.428501034861120900e+00
5.175192912260646239e+01,4.195636605532440555e+00
5.177193483852529710e+01,4.141328063573113560e+00
5.179194055444413181e+01,3.905512347446800980e+00
5.181194627036296652e+01,3.549441921959448631e+00
5.183195198628179412e+01,4.127933686217087228e+00
5.185195770220062883e+01,3.909549333133421456e+00
5.187196341811946354e+01,4.024093313759315116e+00
5.189196913403829825e+01,3.719887253894546220e+00
5.191197484995713296e+01,3.857312632020555299e+00
5.193198056587596767e+01,5.040613014380354251e+00
5.195198628179480238e+01,4.129117299160214749e+00
5.197199199771363709e+01,4.226046203424976611e+00
5.199199771363247180e+01,4.637819198414350197e+00
5.201200342955129940e+01,4.724032994540407593e+00
5.203200914547013411e+01,4.899139392243553104e+00
5.205201486138896882e+01,4.699361310996570396e+00
5.207202057730780353e+01,4.603562516868699994e+00
5.209202629322663824e+01,4.443252039584777435e+00
5.211203200914547295e+01,5.003658428368169098e+00
5.213203772506430766e+01,5.630382206538014245e+00
5.215204344098314237e+01,4.776932643567037395e+00
5.217204915690197708e+01,6.070405697400089728e+00
5.219205487282081180e+01,5.532034734383115548e+00
5.221206058873963940e+01,5.950301717424392400e+00
5.223206630465847411e+01,6.277018399094144385e+00
5.225207202057730882e+01,6.629554316756074428e+00
5.227207773649614353e+01,7.360334381291407269e+00
5.229208345241497824e+01,6.600883744322707969e+00
5.231208916833381295e+01,7.556150285050094340e+00
5.233209488425264766e+01,6.946653832403484330e+00
5.235210060017148237e+01,8.272120093573544608e+00
5.237210631609031708e+01,8.216045981608903759e+00
5.239211203200914468e+01,8.523953202532780438e+00
5.241211774792797939e+01,9.706110111994890488e+00
5.243212346384681410e+01,9.925785894286773825e+00
5.245212917976564881e+01,1.008551450119330184e+01
5.247213489568448352e+01,1.112796356733388592e+01
5.249214061160331823e+01,1.203435828175033606e+01
5.251214632752215294e+01,1.201276557347267193e+01
5.253215204344098765e+01,1.296445692204625644e+01
5.255215775935982236e+01,1.366187389858363943e+01
5.257216347527864997e+01,1.449599021256485187e+01
5.259216919119748468e+01,1.457937775543021885e+01
5.261217490711631939e+01,1.558577464578045735e+01
5.263218062303515410e+01,1.578826298330412037e+01
5.265218633895398881e+01,1.755144276407580151e+01
5.267219205487282352e+01,1.771565360632038733e+01
5.269219777079165823e+01,1.771170632810421353e+01
5.271220348671049294e+01,1.846368448345985414e+01
5.273220920262932765e+01,1.875827368825943608e+01
5.275221491854816236e+01,1.836195666114413783e+01
5.277222063446698996e+01,1.907393683154055708e+01
5.279222635038582467e+01,1.922004825508096104e+01
5.281223206630465938e+01,1.973919275618249358e+01
5.283223778222349409e+01,2.000230104135774312e+01
5.285224349814232880e+01,1.927462394171305604e+01
5.287224921406116351e+01,1.928655849763988428e+01
5.289225492997999822e+01,1.888217679502221458e+01
5.291226064589883293e+01,1.976095964844833475e+01
5.293226636181766764e+01,1.906090521847759689e+01
5.295227207773649525e+01,1.843003905011646992e+01
5.297227779365532996e+01,1.908837669670641191e+01
5.299228350957416467e+01,1.735964846175273379e+01
5.301228922549299938e+01,1.742493471877996569e+01
5.303229494141183409e+01,1.705489502722429052e+01
5.305230065733066880e+01,1.651649271141985054e+01
5.307230637324950351e+01,1.559882296066297158e+01
5.309231208916833822e+01,1.492788581489301691e+01
5.311231780508717293e+01,1.479547465806817641e+01
5.313232352100600764e+01,1.330726242859294217e+01
5.315232923692483524e+01,1.254262255808375315e+01
5.317233495284366995e+01,1.238387157081806578e+01
5.319234066876250466e+01,1.207336690548877201e+01
5.321234638468133937e+01,1.092098427103315217e+01
5.323235210060017408e+01,9.385411768950918443e+00
5.325235781651900879e+01,9.220220179298024732e+00
5.327236353243784350e+01,8.875242259102645193e+00
5.329236924835667821e+01,8.865239533117197368e+00
5.331237496427551292e+01,7.756761228506110939e+00
5.333238068019434053e+01,8.020220186978949783e+00
5.335238639611317524e+01,6.548700130553916310e+00
5.337239211203200995e+01,6.980103766726699632e+00
5.339239782795084466e+01,6.772958370532678352e+00
5.341240354386967937e+01,5.851595224949337037e+00
5.343240925978851408e+01,6.470484914055129266e+00
5.345241497570734879e+01,6.316536462088571113e+00
5.347242069162618350e+01,5.527029162621999170e+00
5.349242640754501821e+01,5.175569148549639564e+00
5.351243212346384581e+01,5.930490488117525771e+00
5.353243783938268052e+01,5.882027568979269816e+00
5.355244355530151523e+01,5.309184286347827353e+00
5.357244927122034994e+01,4.636186666738983497e+00
5.359245498713918465e+01,5.426081456834426220e+00
5.361246070305801936e+01,4.534712291085752689e+00
5.363246641897685407e+01,4.568405458496769711e+00
5.365247213489568878e+01,4.554928765076928343e+00
5.367247785081452349e+01,5.243075964883173512e+00
5.369248356673335820e+01,4.529420079756646622e+00
5.371248928265218581e+01,3.647667287084935150e+00
5.373249499857102052e+01,4.204290458552264909e+00
5.375250071448985523e+01,4.388150440549673625e+00
5.377250643040868994e+01,4.681676645377585544e+00
5.379251214632752465e+01,4.717895917553786234e+00
5.381251786224635936e+01,4.345069005613850344e+00
5.383252357816519407e+01,4.935016891035445497e+00
5.385252929408402878e+01,4.004157423511149894e+00
5.387253501000286349e+01,5.003967381938989156e+00
5.389254072592169109e+01,4.070687895203923823e+00
5.391254644184052580e+01,4.553299644805707480e+00
5.393255215775936051e+01,4.430235713097533612e+00
5.395255787367819522e+01,3.507111887185698329e+00
5.397256358959702993e+01,4.544449344678628933e+00
5.399256930551586464e+01,4.067065335396131687e+00
5.401257502143469935e+01,3.552799021884692987e+00
5.403258073735353406e+01,4.184779852386867560e+00
5.405258645327236877e+01,4.223798626415184998e+00
5.407259216919120348e+01,4.067550976027781928e+00
5.409259788511003109e+01,3.561031920007141416e+00
5.411260360102886580e+01,3.236422359905648971e+00
5.413260931694770051e+01,3.889591355059749400e+00
5.415261503286653522e+01,4.402806914658917492e+00
5.417262074878536993e+01,4.812534952774236707e+00
5.419262646470420464e+01,3.949604347702245111e+00
5.421263218062303935e+01,3.429517819466008977e+00
5.423263789654187406e+01,3.790555797127549642e+00
5.425264361246070877e+01,4.515028406412532114e+00
5.427264932837953637e+01,3.357612444773017568e+00
5.429265504429837108e+01,4.065390902063539258e+00
5.431266076021720579e+01,3.910473009216918872e+00
5.433266647613604050e+01,4.422996270679647068e+00
5.435267219205487521e+01,4.502048666720975589e+00
5.437267790797370992e+01,4.456243695407096972e+00
5.439268362389254463e+01,4.254519870265972337e+00
5.441268933981137934e+01,3.610922574213349723e+00
5.443269505573021405e+01,3.900472692050890089e+00
5.445270077164904166e+01,4.745323294660034996e+00
5.447270648756787637e+01,3.824268415523893072e+00
5.449271220348671108e+01,3.830783254813662442e+00
5.451271791940554579e+01,3.958951401469400277e+00
5.453272363532438050e+01,3.216699880339595641e+00
5.455272935124321521e+01,3.431089543553855314e+00
5.457273506716204992e+01,3.584799141642813769e+00
5.459274078308088463e+01,3.771012384405315387e+00
5.461274649899971934e+01,4.363390388767480310e+00
5.463275221491855405e+01,4.659046187671274097e+00
5.465275793083738165e+01,4.841625208942199166e+00
5.467276364675621636e+01,3.582458492885485235e+00
5.469276936267505107e+01,3.983032448703866191e+00
5.471277507859388578e+01,4.068461862764117143e+00
5.473278079451272049e+01,4.234546171893112110e+00
5.475278651043155520e+01,4.145262700349463536e+00
5.477279222635038991e+01,3.983953604083771971e+00
5.479279794226922462e+01,3.721974875215008804e+00
5.481280365818805933e+01,4.199341109131538907e+00
5.483280937410688693e+01,4.053975009504595661e+00
5.485281509002572164e+01,4.358612085278612547e+00
5.487282080594455635e+01,3.783834053858841973e+00
5.489282652186339106e+01,4.459477613563497478e+00
5.491283223778222577e+01,3.675034641075546560e+00
5.493283795370106048e+01,3.492894551994958352e+00
5.495284366961989519e+01,4.274471107174673712e+00
5.497284938553872990e+01,4.646811059947247635e+00
5.499285510145756461e+01,4.624150117627008783e+00
5.501286081737639222e+01,4.084175164886397980e+00
5.503286653329522693e+01,4.307455881751351079e+00
5.505287224921406164e+01,3.989515736964566628e+00
5.507287796513289635e+01,4.637823410637134991e+00
5.509288368105173106e+01,4.113430022684215537e+00
5.511288939697056577e+01,4.495912629386993764e+00
5.513289511288940048e+01,4.767095895557713625e+00
5.515290082880823519e+01,4.622189679607887847e+00
5.517290654472706990e+01,4.623587136201861014e+00
5.519291226064590461e+01,4.519974472492540585e+00
5.521291797656473221e+01,4.975842627146040087e+00
5.523292369248356692e+01,5.249799498000564668e+00
5.525292940840240163e+01,5.184275536377694671e+00
5.527293512432123634e+01,5.005219650997933201e+00
5.529294084024007105e+01,4.844527861316140438e+00
5.531294655615890576e+01,5.112226206243738247e+00
5.533295227207774047e+01,5.196916997404027683e+00
5.535295798799657518e+01,5.511697155544863058e+00
5.537296370391540989e+01,5.996949046993174548e+00
5.539296941983423750e+01,6.225006199623869918e+00
5.541297513575307221e+01,5.414116993695962776e+00
5.543298085167190692e+01,5.562707398843659945e+00
5.545298656759074163e+01,6.425169390204356290e+00
5.547299228350957634e+01,6.189110335235324278e+00
5.549299799942841105e+01,6.933323127885564041e+00
5.551300371534724576e+01,7.004547211449611233e+00
5.553300943126608047e+01,7.598828682194484152e+00
5.555301514718491518e+01,8.445052517431333783e+00
5.557302086310374989e+01,8.788608898397461289e+00
5.559302657902257749e+01,8.810225631127712731e+00
5.561303229494141220e+01,9.358998135207798441e+00
5.563303801086024691e+01,9.697125833083886093e+00
5.565304372677908162e+01,1.034664795463274345e+01
5.567304944269791633e+01,1.073709107391495721e+01
5.569305515861675104e+01,1.269588329115991421e+01
5.571306087453558575e+01,1.344988231452660443e+01
5.573306659045442046e+01,1.438443963112307955e+01
5.575307230637325517e+01,1.474581777476338651e+01
5.577307802229208278e+01,1.601790567306093749e+01
5.579308373821091749e+01,1.694357672376575152e+01
5.581308945412975220e+01,1.864107603640693966e+01
5.583309517004858691e+01,1.944730449799430971e+01
5.585310088596742162e+01,2.097465279977460639e+01
5.587310660188625633e+01,2.219720884162044428e+01
5.589311231780509104e+01,2.302463316281009753e+01
5.591311803372392575e+01,2.469180280596425092e+01
5.593312374964276046e+01,2.537891809737522664e+01
5.595312946556158806e+01,2.607302167349028821e+01
5.597313518148042277e+01,2.678068601338552668e+01
5.599314089739925748e+01,2.763956649218978612e+01
5.601314661331809219e+01,2.877642968800424939e+01
5.603315232923692690e+01,2.911361105386177073e+01
5.605315804515576161e+01,3.011174366746160302e+01
5.607316376107459632e+01,2.979002545728168272e+01
5.609316947699343103e+01,3.056804543080352232e+01
5.611317519291226574e+01,2.942771066614519171e+01
5.613318090883110045e+01,2.989124726815348154e+01
5.615318662474992806e+01,2.965056877797473334e+01
5.617319234066876277e+01,2.899202674090672360e+01
5.619319805658759748e+01,2.792447072443184197e+01
5.621320377250643219e+01,2.762068157212526387e+01
5.623320948842526690e+01,2.699265544871640543e+01
5.625321520434410161e+01,2.624501432015642877e+01
5.627322092026293632e+01,2.516541213945599154e+01
5.629322663618177103e+01,2.398544549056514086e+01
5.631323235210060574e+01,2.231565798490820995e+01
5.633323806801943334e+01,2.151910038734307662e+01
5.635324378393826805e+01,2.058778333984725961e+01
5.637324949985710276e+01,1.938032750796467241e+01
5.639325521577593747e+01,1.817346755288105342e+01
5.641326093169477218e+01,1.670981303375839744e+01
5.643326664761360689e+01,1.553184371016013898e+01
5.645327236353244160e+01,1.501087732143959741e+01
5.647327807945127631e+01,1.351682926784934580e+01
5.649328379537011102e+01,1.239925319682435934e+01
5.651328951128894573e+01,1.142653645203716373e+01
5.653329522720777334e+01,1.098207516205663303e+01
5.655330094312660805e+01,1.076651632201891395e+01
5.657330665904544276e+01,9.334782500402276639e+00
5.659331237496427747e+01,9.433518511903429271e+00
5.661331809088311218e+01,7.849735926481906212e+00
5.663332380680194689e+01,8.089367028575734864e+00
5.665332952272078160e+01,7.982872030762392157e+00
5.667333523863961631e+01,6.949405817881870284e+00
5.669334095455845102e+01,6.751236503581607096e+00
5.671334667047727862e+01,6.320532326880915264e+00
5.673335238639611333e+01,6.633344289145501449e+00
5.675335810231494804e+01,6.033865514702538846e+00
5.677336381823378275e+01,5.787522442086446617e+00
5.679336953415261746e+01,6.058149607347520060e+00
5.681337525007145217e+01,6.099979937653230877e+00
5.683338096599028688e+01,5.786653944684646333e+00
5.685338668190912159e+01,5.595678775976726804e+00
5.687339239782795630e+01,5.450850013727649213e+00
5.689339811374678391e+01,5.979817379353590923e+00
5.691340382966561862e+01,4.389742587315661915e+00
5.693340954558445333e+01,4.758207193168098925e+00
5.695341526150328804e+01,5.161845382609181243e+00
5.697342097742212275e+01,4.694513041982950163e+00
5.699342669334095746e+01,4.937693957819123014e+00
5.701343240925979217e+01,4.555135920128885019e+00
5.703343812517862688e+01,4.929464536058858926e+00
5.705344384109746159e+01,4.752173561491101594e+00
5.707344955701629630e+01,4.848876669700227460e+00
5.709345527293512390e+01,5.209896155051445099e+00
5.711346098885395861e+01,5.087952384087909508e+00
5.713346670477279332e+01,3.612601318042188758e+00
5.715347242069162803e+01,3.868341248279371314e+00
5.717347813661046274e+01,4.821498670498314709e+00
5.719348385252929745e+01,4.597626281857330355e+00
5.721348956844813216e+01,4.928269213309742547e+00
5.723349528436696687e+01,4.931478018013117470e+00
5.725350100028580158e+01,3.628081996896260986e+00
5.727350671620462919e+01,4.308646274969959222e+00
5.729351243212346390e+01,3.804339261357536639e+00
5.731351814804229861e+01,3.986229943628107009e+00
5.733352386396113332e+01,4.238242155806772438e+00
5.735352957987996803e+01,4.162719615186752264e+00
5.737353529579880274e+01,4.280116747812532374e+00
5.739354101171763745e+01,4.343036182451660565e+00
5.741354672763647216e+01,3.676230587000596461e+00
5.743355244355530687e+01,3.777192552442886875e+00
5.745355815947414158e+01,4.098166365951033896e+00
5.747356387539296918e+01,3.442573681003139541e+00
5.749356959131180389e+01,3.786529622361888059e+00
5.751357530723063860e+01,4.087338805400620778e+00
5.753358102314947331e+01,4.127380118650698648e+00
5.755358673906830802e+01,3.963348222751255090e+00
5.757359245498714273e+01,3.519825124973487540e+00
5.759359817090597744e+01,3.988511875555293074e+00
5.761360388682481215e+01,3.865889087895429732e+00
5.763360960274364686e+01,4.050845535355083626e+00
5.765361531866247446e+01,4.403691090251116158e+00
5.767362103458130917e+01,3.461667032527139920e+00
5.769362675050014388e+01,3.651515601737974404e+00
5.771363246641897859e+01,3.916690446994279817e+00
5.773363818233781330e+01,3.694133869423943839e+00
5.775364389825664801e+01,3.519393754781945383e+00
5.777364961417548272e+01,4.674822619458488759e+00
5.779365533009431743e+01,3.875531819144069079e+00
5.781366104601315214e+01,3.852565933744465099e+00
5.783366676193197975e+01,4.792448906036126388e+00
5.785367247785081446e+01,4.249817838674240456e+00
5.787367819376964917e+01,4.272050051899129564e+00
5.789368390968848388e+01,4.056983619863561152e+00
5.791368962560731859e+01,3.405379918425965879e+00
5.793369534152615330e+01,3.878721670982892888e+00
5.795370105744498801e+01,4.271179605652880795e+00
5.797370677336382272e+01,3.735600784674041996e+00
5.799371248928265743e+01,3.271786538005748035e+00
5.801371820520149214e+01,4.342639251734955685e+00
5.803372392112031974e+01,3.367667723295343585e+00
5.805372963703915445e+01,3.488560218500727395e+00
5.807373535295798916e+01,4.085748531636944847e+00
5.809374106887682387e+01,4.126743365276316133e+00
5.811374678479565858e+01,4.188407043022083442e+00
5.813375250071449329e+01,3.440024458382494377e+00
5.815375821663332800e+01,4.517742472635612572e+00
5.817376393255216271e+01,3.881179349570457848e+00
5.819376964847099742e+01,3.408267794514905802e+00
5.821377536438982503e+01,3.954609135099923289e+00
5.823378108030865974e+01,3.664971441546049480e+00
5.825378679622749445e+01,4.665492386045969830e+00
5.827379251214632916e+01,3.646210167487236475e+00
5.829379822806516387e+01,3.587222107005959781e+00
5.831380394398399858e+01,3.703634824414323568e+00
5.833380965990283329e+01,4.947116649468116023e+00
5.835381537582166800e+01,3.923811285036551411e+00
5.837382109174050271e+01,3.811620585502033087e+00
5.839382680765933742e+01,3.901138650984162570e+00
5.841383252357816502e+01,4.427328892579714292e+00
5.843383823949699973e+01,4.438273502616913113e+00
5.845384395541583444e+01,4.584170584089161338e+00
5.847384967133466915e+01,4.457995920031841308e+00
5.849385538725350386e+01,4.578883010453017377e+00
5.851386110317233857e+01,4.331189335550609698e+00
5.853386681909117328e+01,5.084844944346563977e+00
5.855387253501000799e+01,4.565462129786247658e+00
5.857387825092884270e+01,3.787656335231720295e+00
5.859388396684767031e+01,4.202588565179532054e+00
5.861388968276650502e+01,4.988079218834776896e+00
5.863389539868533973e+01,4.101933403660035893e+00
5.865390111460417444e+01,5.382322766968889560e+00
5.867390683052300915e+01,5.174303531130071576e+00
5.869391254644184386e+01,5.553279571510615575e+00
5.871391826236067857e+01,5.229039882291508512e+00
5.873392397827951328e+01,5.251396496479156184e+00
5.875392969419834799e+01,5.453696562097654521e+00
5.877393541011717559e+01,6.666419736893386627e+00
5.879394112603601030e+01,6.310633921666774171e+00
5.881394684195484501e+01,7.019278816111379271e+00
5.883395255787367972e+01,6.225164278952926011e+00
5.885395827379251443e+01,7.422956052810453897e+00
5.887396398971134914e+01,7.693456908188634813e+00
5.889396970563018385e+01,8.239263278326456330e+00
5.891397542154901856e+01,8.590992192474178779e+00
5.893398113746785327e+01,9.300794768863308803e+00
5.895398685338668798e+01,9.697161069446586623e+00
5.897399256930551559e+01,1.034623764111414168e+01
5.899399828522435030e+01,1.031110201454841047e+01
5.901400400114318501e+01,1.193554136608422311e+01
5.903400971706201972e+01,1.236770597391502768e+01
5.905401543298085443e+01,1.284757513368735005e+01
5.907402114889968914e+01,1.361899053863034936e+01
5.909402686481852385e+01,1.408697297833960960e+01
5.911403258073735856e+01,1.387242767698304746e+01
5.913403829665619327e+01,1.456970117376051732e+01
5.915404401257502087e+01,1.594265296270948795e+01
5.917404972849385558e+01,1.659122013416104124e+01
5.919405544441269029e+01,1.593924729347497404e+01
5.921406116033152500e+01,1.595611988622459876e+01
5.923406687625035971e+01,1.585929364730664126e+01
5.925407259216919442e+01,1.667599000083611571e+01
5.927407830808802913e+01,1.609385097251332297e+01
5.929408402400686384e+01,1.581719374350082141e+01
5.931408973992569855e+01,1.644792026477692914e+01
5.933409545584453326e+01,1.622498830521003299e+01
5.935410117176336087e+01,1.586129566757110609e+01
5.937410688768219558e+01,1.558141159660485009e+01
5.939411260360103029e+01,1.485411236298044813e+01
5.941411831951986500e+01,1.572609688184860133e+01
5.943412403543869971e+01,1.490257622370401336e+01
5.945412975135753442e+01,1.458932874383644318e+01
5.947413546727636913e+01,1.335141209419693098e+01
5.949414118319520384e+01,1.324196205787136726e+01
5.951414689911403855e+01,1.222078651050222575e+01
5.953415261503286615e+01,1.227251583339299756e+01
5.955415833095170086e+01,1.223005910562905640e+01
5.957416404687053557e+01,1.109409389985497185e+01
5.959416976278937028e+01,1.126721088507943591e+01
5.961417547870820499e+01,1.032302058240399489e+01
5.963418119462703970e+01,1.036676958811063187e+01
5.965418691054587441e+01,9.000789863758690501e+00
5.967419262646470912e+01,9.955035613750620627e+00
5.969419834238354383e+01,8.891982040745535443e+00
5.971420405830237144e+01,8.389884009930746345e+00
5.973420977422120615e+01,8.013859980299761432e+00
5.975421549014004086e+01,7.205008332215563804e+00
5.977422120605887557e+01,8.078160817366224933e+00
5.979422692197771028e+01,7.431998348565179491e+00
5.981423263789654499e+01,6.801647472619174017e+00
5.983423835381537970e+01,6.792677242049718345e+00
5.985424406973421441e+01,5.328122127655227303e+00
5.987424978565304912e+01,6.335604837697478509e+00
5.989425550157188383e+01,5.833055838315232222e+00
5.991426121749071143e+01,5.809010433582834310e+00
5.993426693340954614e+01,4.736064935076474747e+00
5.995427264932838085e+01,5.000164146241148799e+00
5.997427836524721556e+01,4.382971478397491794e+00
5.999428408116605027e+01,4.741082851033138645e+00
6.001428979708488498e+01,4.498863180050385324e+00
6.003429551300371969e+01,4.716239599740194244e+00
6.005430122892255440e+01,4.157164814248513807e+00
6.007430694484138911e+01,4.475361499700879264e+00
6.009431266076021672e+01,4.289253931228874883e+00
6.011431837667905143e+01,4.583317022681772990e+00
6.013432409259788614e+01,4.425489919112466808e+00
6.015432980851672085e+01,4.653521401258308821e+00
6.017433552443555556e+01,4.634416565655705256e+00
6.019434124035439027e+01,3.767226189444009776e+00
6.021434695627322498e+01,4.101201926222840299e+00
6.023435267219205969e+01,3.387774912876314826e+00
6.025435838811089440e+01,4.545641998170014908e+00
6.027436410402972911e+01,4.229825746881134663e+00
6.029436981994855671e+01,4.199339699353644484e+00
6.031437553586739142e+01,4.067228397654729655e+00
6.033438125178622613e+01,3.983903561453730369e+00
6.035438696770506084e+01,4.111575346974140288e+00
6.037439268362389555e+01,3.269787325056919602e+00
6.039439839954273026e+01,3.118445913106529854e+00
6.041440411546156497e+01,4.551847943827086240e+00
6.043440983138039968e+01,3.819525633263425757e+00
6.045441554729923439e+01,4.563125425379311650e+00
6.047442126321806199e+01,4.482757634369662902e+00
6.049442697913689670e+01,3.035887137348879161e+00
6.051443269505573141e+01,3.338789570250686900e+00
6.053443841097456612e+01,3.418696111457273812e+00
6.055444412689340083e+01,3.938587227455354611e+00
6.057444984281223554e+01,3.980594491385263556e+00
6.059445555873107025e+01,3.837607912620287998e+00
6.061446127464990496e+01,3.350769042643964024e+00
6.063446699056873967e+01,3.992334235386548524e+00
6.065447270648756728e+01,3.958722846055763966e+00
6.067447842240640199e+01,3.806173538805759371e+00
6.069448413832523670e+01,3.185823745388310702e+00
6.071448985424407141e+01,4.544335116865360291e+00
6.073449557016290612e+01,4.519502399967990414e+00
6.075450128608174083e+01,3.135570267270687328e+00
6.077450700200057554e+01,3.149864310654499455e+00
6.079451271791941025e+01,3.532845123206747040e+00
6.081451843383824496e+01,3.511858306963390852e+00
6.083452414975707967e+01,3.669338368431832809e+00
6.085452986567590727e+01,3.063295848009030209e+00
6.087453558159474198e+01,3.309239670532384547e+00
6.089454129751357669e+01,4.064945901778640014e+00
6.091454701343241140e+01,3.325190112174857049e+00
6.093455272935124611e+01,3.725319790822067656e+00
6.095455844527008082e+01,3.825569679470817164e+00
6.097456416118891553e+01,3.336982614195207475e+00
6.099456987710775024e+01,3.632176176298167025e+00
6.101457559302658495e+01,4.171481062185026012e+00
6.103458130894541256e+01,3.190364582975794505e+00
6.105458702486424727e+01,3.723260452751099514e+00
6.107459274078308198e+01,4.055346942099593122e+00
6.109459845670191669e+01,3.144228922102442869e+00
6.111460417262075140e+01,3.445072774856338338e+00
6.113460988853958611e+01,4.047375758501353893e+00
6.115461560445842082e+01,2.906328626436371021e+00
6.117462132037725553e+01,3.673614266502081449e+00
6.119462703629609024e+01,3.252604805908966057e+00
6.121463275221492495e+01,3.464705508692476954e+00
6.123463846813375255e+01,3.294346906087998406e+00
6.125464418405258726e+01,4.238643615315835333e+00
6.127464989997142197e+01,3.730777661976786952e+00
6.129465561589025668e+01,4.126064516099311241e+00
6.131466133180909139e+01,3.542169102183846174e+00
6.133466704772792610e+01,4.030561485359383411e+00
6.135467276364676081e+01,4.041640315238338665e+00
6.137467847956559552e+01,4.041278321743946300e+00
6.139468419548443023e+01,3.753338366718359076e+00
6.141468991140325784e+01,3.903553072590130402e+00
6.143469562732209255e+01,4.596260889134645922e+00
6.145470134324092726e+01,3.632555413143065959e+00
6.147470705915976197e+01,3.580504931818629277e+00
6.149471277507859668e+01,4.014553378757973690e+00
6.151471849099743139e+01,3.770961029627353689e+00
6.153472420691626610e+01,4.772033813421410642e+00
6.155472992283510081e+01,4.623033626363904247e+00
6.157473563875393552e+01,5.036541161402363187e+00
6.159474135467276312e+01,4.753338963947259188e+00
6.161474707059159783e+01,4.408174884139217653e+00
6.163475278651043254e+01,4.950857101427301288e+00
6.165475850242926725e+01,4.899592888365104315e+00
6.167476421834810196e+01,4.515425779109720317e+00
6.169476993426693667e+01,5.042066708745792880e+00
6.171477565018577138e+01,5.487766180816144868e+00
6.173478136610460609e+01,4.850242649685570839e+00
6.175478708202344080e+01,5.067732200457959024e+00
6.177479279794227551e+01,5.884660105677635755e+00
6.179479851386110312e+01,5.167294603187726487e+00
6.181480422977993783e+01,5.337176351732480839e+00
6.183480994569877254e+01,6.473165405075962830e+00
6.185481566161760725e+01,5.822667494886134776e+00
6.187482137753644196e+01,6.433246136362400946e+00
6.189482709345527667e+01,5.751809537087600788e+00
6.191483280937411138e+01,6.287479135573357247e+00
6.193483852529294609e+01,6.334617704143615136e+00
6.195484424121178080e+01,5.844553211670770132e+00
6.197484995713060840e+01,5.863119456852248668e+00
6.199485567304944311e+01,5.821404947973008781e+00
6.201486138896827782e+01,6.045399236817607047e+00
6.203486710488711253e+01,6.242913609531845154e+00
6.205487282080594724e+01,6.181112499690963880e+00
6.207487853672478195e+01,6.171071555214295401e+00
6.209488425264361666e+01,5.420435537444992846e+00
6.211488996856245137e+01,6.738318719486946051e+00
6.213489568448128608e+01,5.631995142592696624e+00
6.215490140040011369e+01,6.441503502551567450e+00
6.217490711631894840e+01,5.223113448160445316e+00
6.219491283223778311e+01,5.506590257428264579e+00
6.221491854815661782e+01,4.849964889840986615e+00
6.223492426407545253e+01,5.520626222724281718e+00
6.225492997999428724e+01,5.388011724546615255e+00
6.227493569591312195e+01,4.833698785307678492e+00
6.229494141183195666e+01,4.949608936103118140e+00
6.231494712775079137e+01,4.521176581188690591e+00
6.233495284366962608e+01,4.192068621244903426e+00
6.235495855958845368e+01,4.456853189796718517e+00
6.237496427550728839e+01,4.473598270377508790e+00
6.239496999142612310e+01,4.674566885664777516e+00
6.241497570734495781e+01,4.828702700952236526e+00
6.243498142326379252e+01,4.465021695416164782e+00
6.245498713918262723e+01,4.382364940761799943e+00
6.247499285510146194e+01,3.616101154535569240e+00
6.249499857102029665e+01,3.891419282774376320e+00
6.251500428693913136e+01,3.703014009106931681e+00
6.253501000285795897e+01,3.797649715968117512e+00
6.255501571877679368e+01,4.298789784874606390e+00
6.257502143469562839e+01,3.745990457099496407e+00
6.259502715061446310e+01,3.579290446939114467e+00
6.261503286653329781e+01,4.471160785971806995e+00
6.263503858245213252e+01,3.920919287190559377e+00
6.265504429837096723e+01,4.353061762873315921e+00
6.267505001428980194e+01,3.732503107988358160e+00
6.269505573020863665e+01,3.509110966032308099e+00
6.271506144612747136e+01,3.397293783435834769e+00
6.273506716204629896e+01,3.142833157292918234e+00
6.275507287796513367e+01,3.477495580290679733e+00
6.277507859388396838e+01,3.931520245556073156e+00
6.279508430980280309e+01,3.156018318674153278e+00
6.281509002572163780e+01,3.390003297515999048e+00
6.283509574164047251e+01,3.933730324071587514e+00
6.285510145755930722e+01,3.789475384649165779e+00
6.287510717347814193e+01,3.770393712918091111e+00
6.289511288939697664e+01,3.392004374511787823e+00
6.291511860531580425e+01,3.639604208667413854e+00
6.293512432123463896e+01,3.290448621166430332e+00
6.295513003715347367e+01,4.241383967279034550e+00
6.297513575307230838e+01,4.280404209389581993e+00
6.299514146899114309e+01,3.475145632852604916e+00
6.301514718490997780e+01,2.853322664735563841e+00
6.303515290082881251e+01,3.150870024133879177e+00
6.305515861674764722e+01,3.362985743661128346e+00
6.307516433266648193e+01,3.644890075881762836e+00
6.309517004858530953e+01,3.533359435478325317e+00
6.311517576450414424e+01,4.228635473214970020e+00
6.313518148042297895e+01,3.516466365992142684e+00
6.315518719634181366e+01,4.106293682923434218e+00
6.317519291226064837e+01,3.065546468665483637e+00
6.319519862817948308e+01,3.115238431261575514e+00
6.321520434409831779e+01,3.830391795327911630e+00
6.323521006001715250e+01,3.139310730210874478e+00
6.325521577593598721e+01,3.161686395450704179e+00
6.327522149185482192e+01,3.221691470745995378e+00
6.329522720777364952e+01,3.579539967218434704e+00
6.331523292369248423e+01,3.353706427064141238e+00
6.333523863961131894e+01,3.616281314832015870e+00
6.335524435553015365e+01,2.635903879482711876e+00
6.337525007144898836e+01,3.385680413995712179e+00
6.339525578736782307e+01,2.969396450737147752e+00
6.341526150328665778e+01,2.999615828123587402e+00
6.343526721920549249e+01,3.225738491463652213e+00
6.345527293512432720e+01,3.690132415951288269e+00
6.347527865104315481e+01,3.017075446161744168e+00
6.349528436696198952e+01,3.170929937109492336e+00
6.351529008288082423e+01,3.307414388826979135e+00
6.353529579879965894e+01,3.986119155584673113e+00
6.355530151471849365e+01,2.944448793057825142e+00
6.357530723063732836e+01,3.969555251405320728e+00
6.359531294655616307e+01,3.046087476078643608e+00
6.361531866247499778e+01,3.687098131929601230e+00
6.363532437839383249e+01,3.818767437758583849e+00
6.365533009431266720e+01,3.416281192956086787e+00
6.367533581023149480e+01,3.036515539900407568e+00
6.369534152615032951e+01,2.951745741984882265e+00
6.371534724206916422e+01,3.499003900287056101e+00
6.373535295798799893e+01,2.831583156117387201e+00
6.375535867390683364e+01,3.282713758898035739e+00
6.377536438982566835e+01,3.850610340719374580e+00
6.379537010574450306e+01,3.913691375439622089e+00
6.381537582166333777e+01,3.362246017274169940e+00
6.383538153758217248e+01,3.911185454062938049e+00
6.385538725350100009e+01,2.550056101104707373e+00
6.387539296941983480e+01,3.170239924221627703e+00
6.389539868533866951e+01,3.199163361885895007e+00
6.391540440125750422e+01,3.363967694271622122e+00
6.393541011717633893e+01,2.796598636844506380e+00
6.395541583309517364e+01,3.255248199640613294e+00
6.397542154901400835e+01,3.291987522565539503e+00
6.399542726493284306e+01,3.076472711980321684e+00
6.401543298085167066e+01,3.984801623453470665e+00
6.403543869677051248e+01,3.329254895776588619e+00
6.405544441268934008e+01,3.483058470131186191e+00
6.407545012860816769e+01,2.488732070123473861e+00
6.409545584452700950e+01,3.340741256654402136e+00
6.411546156044585132e+01,3.284294487280535968e+00
6.413546727636467892e+01,3.645660225357357120e+00
6.415547299228350653e+01,4.051601494971714068e+00
6.417547870820234834e+01,2.822855594548607350e+00
6.419548442412119016e+01,2.808435931499289495e+00
6.421549014004001776e+01,3.301640753989069310e+00
6.423549585595884537e+01,3.715438436568218705e+00
6.425550157187768718e+01,2.784075960085968582e+00
6.427550728779651479e+01,3.687290799934456409e+00
6.429551300371534239e+01,2.712957205934734439e+00
6.431551871963418421e+01,3.048913799017423099e+00
6.433552443555302602e+01,3.593454745837540099e+00
6.435553015147185363e+01,3.274693940316761420e+00
6.437553586739068123e+01,3.580334176219904130e+00
6.439554158330952305e+01,3.480203956287598377e+00
6.441554729922835065e+01,3.473526287235769061e+00
6.443555301514717826e+01,3.636538792512044704e+00
6.445555873106602007e+01,4.263118529517925026e+00
6.447556444698486189e+01,2.980781843487535276e+00
6.449557016290368949e+01,3.924299057392745205e+00
6.451557587882251710e+01,3.156792981997799785e+00
6.453558159474135891e+01,3.435447324153345416e+00
6.455558731066020073e+01,4.117769811924012480e+00
6.457559302657902833e+01,2.802956734500836600e+00
6.459559874249785594e+01,3.599313676761356273e+00
6.461560445841669775e+01,4.188060096485148875e+00
6.463561017433552536e+01,3.714153231567953295e+00
6.465561589025435296e+01,2.814806719642151123e+00
6.467562160617319478e+01,2.754826667184564037e+00
6.469562732209203659e+01,3.785392089292855200e+00
6.471563303801086420e+01,3.192804419441411135e+00
6.473563875392969180e+01,3.301508778361813334e+00
6.475564446984853362e+01,3.427606179473675407e+00
6.477565018576737543e+01,3.280527316556404394e+00
6.479565590168618883e+01,2.748372661694732155e+00
6.481566161760503064e+01,3.195903911566296163e+00
6.483566733352387246e+01,3.381450429839248706e+00
6.485567304944270006e+01,4.227566482264898617e+00
6.487567876536152767e+01,3.554618309223650741e+00
6.489568448128036948e+01,3.351441943506968890e+00
6.491569019719921130e+01,3.716727544518018345e+00
6.493569591311803890e+01,3.407563925585978204e+00
6.495570162903686651e+01,3.175343643402738447e+00
6.497570734495570832e+01,3.847583636274805485e+00
6.499571306087453593e+01,2.547349356065689019e+00
6.501571877679336353e+01,3.778049352895272328e+00
6.503572449271220535e+01,3.598849116915447510e+00
6.505573020863104716e+01,4.266844814177173539e+00
6.507573592454987477e+01,4.044221906006750800e+00
6.509574164046870237e+01,3.329313351247214392e+00
6.511574735638754419e+01,3.477076969547344021e+00
6.513575307230638600e+01,2.964395826507255194e+00
6.515575878822521361e+01,3.734732159459753120e+00
6.517576450414404121e+01,3.925985388808249876e+00
6.519577022006288303e+01,3.387415758848281833e+00
6.521577593598171063e+01,3.047935946174512800e+00
6.523578165190053824e+01,3.913421679685904486e+00
6.525578736781938005e+01,3.577946640141708823e+00
6.527579308373822187e+01,2.898745150917783064e+00
6.529579879965704947e+01,3.122993174831416141e+00
6.531580451557587708e+01,2.687204944754553182e+00
6.533581023149471889e+01,2.969969158335756809e+00
6.535581594741354650e+01,3.852644114739351533e+00
6.537582166333237410e+01,3.255620493838583762e+00
6.539582737925121592e+01,3.621415826962463669e+00
6.541583309517005773e+01,3.299467146519526217e+00
6.543583881108888534e+01,3.223114583342718831e+00
6.545584452700771294e+01,3.129990684200066653e+00
6.547585024292655476e+01,2.829157866104647923e+00
6.549585595884539657e+01,3.711512641948824687e+00
6.551586167476422418e+01,3.157044956498676669e+00
6.553586739068305178e+01,3.090547311344219228e+00
6.555587310660189360e+01,3.842978051009872331e+00
6.557587882252072120e+01,3.750952481888675916e+00
6.559588453843954881e+01,3.306480484682635446e+00
6.561589025435839062e+01,3.387600684635032167e+00
6.563589597027723244e+01,3.177184070447552244e+00
6.565590168619606004e+01,3.473729167573583076e+00
6.567590740211488765e+01,3.438113858490853936e+00
6.569591311803372946e+01,3.039916032561358783e+00
6.571591883395257128e+01,2.554778859090111709e+00
6.573592454987138467e+01,3.253952354793987034e+00
6.575593026579022649e+01,3.003727119498818876e+00
6.577593598170906830e+01,3.521693028446710283e+00
6.579594169762789591e+01,2.924521167540761635e+00
6.581594741354672351e+01,3.747274249539340740e+00
6.583595312946556533e+01,3.736768214155112400e+00
6.585595884538440714e+01,3.681886892399004019e+00
6.587596456130323475e+01,4.107068478476656459e+00
6.589597027722206235e+01,4.258237086729867116e+00
6.591597599314090417e+01,3.315119057614867693e+00
6.593598170905973177e+01,3.927976646421651452e+00
6.595598742497855937e+01,3.596060856968218644e+00
6.597599314089740119e+01,3.663016714869251178e+00
6.599599885681624301e+01,4.029684844907537311e+00
6.601600457273507061e+01,4.271487932990948089e+00
6.603601028865389821e+01,3.905700496934990884e+00
6.605601600457274003e+01,4.144047914131617993e+00
6.607602172049158185e+01,3.008997869681801163e+00
6.609602743641040945e+01,2.784173055690053911e+00
6.611603315232923705e+01,3.474544728827551499e+00
6.613603886824807887e+01,3.040429333966676140e+00
6.615604458416690647e+01,2.634171055584193510e+00
6.617605030008573408e+01,3.299223907686454460e+00
6.619605601600457589e+01,3.565336886364418145e+00
6.621606173192341771e+01,3.111398049170103874e+00
6.623606744784224531e+01,3.591516481142365436e+00
6.625607316376107292e+01,3.515804288788476395e+00
6.627607887967991473e+01,2.761569494519869217e+00
6.629608459559874234e+01,3.192764928689745485e+00
6.631609031151756994e+01,3.430894147885976242e+00
6.633609602743641176e+01,3.282154291200311214e+00
6.635610174335525357e+01,3.386752138727888717e+00
6.637610745927408118e+01,3.312267179133497663e+00
6.639611317519290878e+01,4.129358051647511907e+00
6.641611889111175060e+01,4.214462397405834615e+00
6.643612460703059241e+01,3.916641597301459221e+00
6.645613032294942002e+01,3.448917677743003285e+00
6.647613603886824762e+01,3.622452688719118186e+00
6.649614175478708944e+01,3.667771778808683880e+00
6.651614747070591704e+01,2.780811436699410333e+00
6.653615318662474465e+01,4.355129809046453637e+00
6.655615890254358646e+01,3.432450907366079829e+00
6.657616461846242828e+01,3.934227778339435488e+00
6.659617033438125588e+01,3.020339281256402053e+00
6.661617605030008349e+01,2.752689371095014881e+00
6.663618176621892530e+01,2.996120702558539683e+00
6.665618748213776712e+01,3.110959865709131300e+00
6.667619319805658051e+01,3.170273635534927248e+00
6.669619891397542233e+01,3.814142977648615762e+00
6.671620462989426414e+01,3.654029320749140552e+00
6.673621034581309175e+01,3.858999550138546564e+00
6.675621606173191935e+01,3.556355275847117525e+00
6.677622177765076117e+01,2.957874441675590216e+00
6.679622749356960298e+01,3.983577865126147088e+00
6.681623320948843059e+01,3.918493069635891946e+00
6.683623892540725819e+01,4.635618240997953166e+00
6.685624464132610001e+01,4.033061615832526314e+00
6.687625035724492761e+01,4.332952518882524195e+00
6.689625607316375522e+01,3.928488604141860741e+00
6.691626178908259703e+01,3.425293505954824180e+00
6.693626750500143885e+01,3.451906254355546544e+00
6.695627322092026645e+01,4.154737562131456841e+00
6.697627893683909406e+01,4.095481111323996615e+00
6.699628465275793587e+01,3.770964620168141046e+00
6.701629036867677769e+01,4.722660559244595824e+00
6.703629608459560529e+01,4.965639376360000412e+00
6.705630180051443290e+01,4.031534846060459643e+00
6.707630751643327471e+01,4.278043388800921498e+00
6.709631323235210232e+01,4.468210842588592691e+00
6.711631894827092992e+01,4.580386517992600659e+00
6.713632466418977174e+01,4.425311693757135068e+00
6.715633038010861355e+01,4.686735524002804354e+00
6.717633609602744116e+01,4.245677657262884708e+00
6.719634181194626876e+01,5.543180777726418818e+00
6.721634752786511058e+01,4.522682493136144011e+00
6.723635324378393818e+01,5.734915149604736584e+00
6.725635895970276579e+01,4.134858601082719076e+00
6.727636467562160760e+01,4.643329750599004768e+00
6.729637039154044942e+01,4.972755923895184615e+00
6.731637610745927702e+01,5.372103165462329244e+00
6.733638182337810463e+01,4.816497515392600626e+00
6.735638753929694644e+01,5.658800987005005112e+00
6.737639325521578826e+01,4.978536584014660704e+00
6.739639897113461586e+01,5.861197505036569666e+00
6.741640468705344347e+01,5.394754530218692778e+00
6.743641040297228528e+01,5.533339295474098307e+00
6.745641611889111289e+01,4.744888153745669079e+00
6.747642183480994049e+01,5.414766806410549194e+00
6.749642755072878231e+01,4.155961037686529025e+00
6.751643326664762412e+01,5.309811694411243899e+00
6.753643898256645173e+01,5.347621420135987513e+00
6.755644469848527933e+01,5.419573033746808655e+00
6.757645041440412115e+01,4.509690153539458457e+00
6.759645613032296296e+01,4.848514741002776240e+00
6.761646184624177636e+01,4.634064573253689368e+00
6.763646756216061817e+01,4.515388618409404309e+00
6.765647327807945999e+01,4.661458438430129192e+00
6.767647899399828759e+01,4.717557775679490639e+00
6.769648470991711520e+01,4.062338884844049147e+00
6.771649042583595701e+01,4.026800149228821901e+00
6.773649614175479883e+01,3.617699794925552048e+00
6.775650185767362643e+01,4.411259981146910647e+00
6.777650757359245404e+01,3.755298764402175138e+00
6.779651328951129585e+01,4.261878723107582978e+00
6.781651900543012346e+01,4.298333949537427756e+00
6.783652472134895106e+01,5.121693589931835433e+00
6.785653043726779288e+01,4.140565298317584464e+00
6.787653615318663469e+01,4.771632435765394753e+00
6.789654186910546230e+01,4.014135498406041336e+00
6.791654758502428990e+01,3.958258304064655064e+00
6.793655330094313172e+01,3.562152086770706383e+00
6.795655901686197353e+01,4.819115772016481003e+00
6.797656473278080114e+01,4.118425375169919356e+00
6.799657044869962874e+01,3.380963737180757711e+00
6.801657616461847056e+01,3.889125443157146922e+00
6.803658188053729816e+01,3.814762427221476404e+00
6.805658759645612577e+01,4.277301470710553666e+00
6.807659331237496758e+01,3.463075302455325577e+00
6.809659902829380940e+01,4.219633626598961129e+00
6.811660474421263700e+01,3.612652377853482477e+00
6.813661046013146461e+01,4.181840839560733158e+00
6.815661617605030642e+01,4.123253854324950396e+00
6.817662189196913403e+01,3.967485101970869010e+00
6.819662760788796163e+01,3.658765060410480441e+00
6.821663332380680345e+01,3.387561979296756842e+00
6.823663903972564526e+01,3.702682659949160016e+00
6.825664475564447287e+01,3.155152342103595853e+00
6.827665047156330047e+01,3.765665562840183611e+00
6.829665618748214229e+01,4.110482609574319213e+00
6.831666190340098410e+01,4.461241081949949283e+00
6.833666761931981171e+01,3.518053214387641514e+00
6.835667333523863931e+01,3.685115766446715568e+00
6.837667905115748113e+01,3.885356984649780188e+00
6.839668476707630873e+01,4.233184155203242760e+00
6.841669048299513634e+01,3.791408132049364887e+00
6.843669619891397815e+01,3.112697460429734608e+00
6.845670191483281997e+01,3.789112367314175334e+00
6.847670763075164757e+01,3.411630741974935432e+00
6.849671334667047518e+01,3.499130156088413823e+00
6.851671906258931699e+01,3.662600343561739358e+00
6.853672477850815881e+01,3.861227612906620976e+00
6.855673049442697220e+01,3.579432016750171641e+00
6.857673621034581402e+01,2.801163064183903817e+00
6.859674192626465583e+01,3.590655712835938651e+00
6.861674764218348344e+01,3.879284110295650123e+00
6.863675335810231104e+01,4.500820696023989598e+00
6.865675907402115286e+01,3.748113991859843619e+00
6.867676478993999467e+01,3.457667647697506119e+00
6.869677050585882228e+01,3.809574991608065009e+00
6.871677622177764988e+01,3.980546710693213974e+00
6.873678193769649170e+01,3.140296799072330280e+00
6.875678765361531930e+01,3.096109995578155250e+00
6.877679336953414690e+01,3.711140281398590535e+00
6.879679908545298872e+01,3.276119114140689348e+00
6.881680480137183054e+01,4.128035594948421760e+00
6.883681051729065814e+01,3.550031594360356646e+00
6.885681623320948574e+01,3.254172918493890787e+00
6.887682194912832756e+01,3.130432423256107377e+00
6.889682766504716938e+01,3.174607219498340793e+00
6.891683338096599698e+01,4.073496721826054490e+00
6.893683909688482458e+01,3.794167898980344233e+00
6.895684481280366640e+01,4.481587608314904436e+00
6.897685052872249400e+01,3.493428807134814296e+00
6.899685624464132161e+01,4.595379833220324173e+00
6.901686196056016342e+01,3.997261526009047827e+00
6.903686767647900524e+01,3.580073554392386281e+00
6.905687339239783284e+01,4.376836972689419625e+00
6.907687910831666045e+01,3.792125883198374847e+00
6.909688482423550226e+01,3.407854953122014141e+00
6.911689054015432987e+01,4.202356102737283550e+00
6.913689625607315747e+01,3.524440164499696770e+00
6.915690197199199929e+01,3.997330930316036479e+00
6.917690768791084110e+01,4.254286372049048914e+00
6.919691340382966871e+01,4.038562748726018725e+00
6.921691911974849631e+01,3.942504231151695571e+00
6.923692483566733813e+01,4.068884457571582125e+00
6.925693055158617994e+01,4.527712776978270348e+00
6.927693626750500755e+01,4.734808265933242666e+00
6.929694198342383515e+01,4.132110813869178223e+00
6.931694769934267697e+01,4.658494866288328318e+00
6.933695341526150457e+01,4.534192908474939721e+00
6.935695913118033218e+01,5.033177852922904982e+00
6.937696484709917399e+01,4.727152641019289447e+00
6.939697056301801581e+01,4.873976426059056344e+00
6.941697627893684341e+01,5.829579093424895220e+00
6.943698199485567102e+01,4.709902352352437482e+00
6.945698771077451283e+01,5.876019270661830163e+00
6.947699342669335465e+01,5.481609699481839293e+00
6.949699914261216804e+01,5.872683075603182701e+00
6.951700485853100986e+01,6.410424867870721855e+00
6.953701057444985167e+01,6.497681070058152208e+00
6.955701629036867928e+01,6.103893335722768043e+00
6.957702200628750688e+01,6.518892343607801898e+00
6.959702772220634870e+01,7.468131961909203476e+00
6.961703343812519051e+01,8.051724828879002871e+00
6.963703915404401812e+01,7.706368748650927358e+00
6.965704486996284572e+01,7.928828158550990324e+00
6.967705058588168754e+01,8.789055629401424596e+00
6.969705630180051514e+01,8.138498985567517607e+00
6.971706201771934275e+01,8.574983129895620948e+00
6.973706773363818456e+01,9.470381228056272249e+00
6.975707344955702638e+01,9.820537092020360959e+00
6.977707916547585398e+01,1.032879882342384548e+01
6.979708488139468159e+01,1.068169257369264535e+01
6.981709059731352340e+01,1.168625514684977063e+01
6.983709631323236522e+01,1.220211583470729977e+01
6.985710202915119282e+01,1.357372178430025755e+01
6.987710774507002043e+01,1.440665223517854621e+01
6.989711346098886224e+01,1.401762711319249277e+01
6.991711917690768985e+01,1.521002381949466020e+01
6.993712489282651745e+01,1.514952973381421231e+01
6.995713060874535927e+01,1.598903160453627414e+01
6.997713632466420108e+01,1.635210586968995727e+01
6.999714204058302869e+01,1.693098488304082139e+01
7.001714775650185629e+01,1.652603968749886576e+01
7.003715347242069811e+01,1.672173084478301064e+01
7.005715918833952571e+01,1.709898891321907755e+01
7.007716490425835332e+01,1.751847291319264244e+01
7.009717062017719513e+01,1.755848574614874735e+01
7.011717633609603695e+01,1.759670155869078201e+01
7.013718205201486455e+01,1.721797937936839418e+01
7.015718776793369216e+01,1.643849294948781647e+01
7.017719348385253397e+01,1.694706330930781490e+01
7.019719919977137579e+01,1.617996526978532401e+01
7.021720491569020339e+01,1.628826360838567666e+01
7.023721063160903100e+01,1.699514849201402455e+01
7.025721634752787281e+01,1.599457315486639075e+01
7.027722206344670042e+01,1.564928776733840365e+01
7.029722777936552802e+01,1.617289967219375768e+01
7.031723349528436984e+01,1.507130017109556164e+01
7.033723921120321165e+01,1.428351624713165435e+01
7.035724492712203926e+01,1.502163322606785201e+01
7.037725064304086686e+01,1.483610622225060460e+01
7.039725635895970868e+01,1.337711858315325841e+01
7.041726207487855049e+01,1.353352923414068698e+01
7.043726779079736389e+01,1.290696029509675213e+01
7.045727350671620570e+01,1.310864102256820729e+01
7.047727922263504752e+01,1.224716647751981213e+01
7.049728493855387512e+01,1.230378196757353848e+01
7.051729065447270273e+01,1.198444544210821761e+01
7.053729637039154454e+01,1.085665340812805546e+01
7.055730208631038636e+01,1.029057543654343299e+01
7.057730780222921396e+01,1.057202608982105296e+01
7.059731351814804157e+01,9.473309376899303302e+00
7.061731923406688338e+01,9.021508337186768145e+00
7.063732494998571099e+01,9.111510033182387502e+00
7.065733066590453859e+01,8.071334678102044080e+00
7.067733638182338041e+01,8.365929697037838508e+00
7.069734209774222222e+01,8.325760249310899752e+00
7.071734781366104983e+01,7.141006513103342890e+00
7.073735352957987743e+01,7.213623736688482779e+00
7.075735924549871925e+01,6.217905240228718711e+00
7.077736496141756106e+01,5.550148158148955346e+00
7.079737067733638867e+01,6.214926761834218993e+00
7.081737639325521627e+01,5.520957728509159779e+00
7.083738210917405809e+01,6.167421187753810763e+00
7.085738782509288569e+01,5.908920740941275618e+00
7.087739354101171330e+01,4.769432546541228390e+00
7.089739925693055511e+01,4.546303869372564144e+00
7.091740497284939693e+01,4.690482292347520676e+00
7.093741068876822453e+01,4.465470669538232684e+00
7.095741640468705214e+01,5.206839575186016589e+00
7.097742212060589395e+01,4.481315848598915963e+00
7.099742783652472156e+01,4.705922009742294243e+00
7.101743355244354916e+01,4.153862253680993710e+00
7.103743926836239098e+01,5.021235976944495860e+00
7.105744498428123279e+01,4.289222368023970944e+00
7.107745070020006040e+01,5.058886268895522065e+00
7.109745641611888800e+01,3.470635722828662395e+00
7.111746213203772982e+01,4.737298489436027715e+00
7.113746784795657163e+01,3.625626288318652524e+00
7.115747356387539924e+01,4.755278890579202056e+00
7.117747927979422684e+01,3.874770524646669934e+00
7.119748499571306866e+01,4.559372160388377893e+00
7.121749071163189626e+01,3.874187687600110674e+00
7.123749642755072387e+01,4.058348751967803203e+00
7.125750214346956568e+01,3.877383612850424655e+00
7.127750785938840750e+01,4.461682181319818419e+00
7.129751357530723510e+01,3.685093754016143031e+00
7.131751929122606271e+01,3.276633982153854152e+00
7.133752500714490452e+01,4.494221727329521521e+00
7.135753072306374634e+01,3.157682716354624386e+00
7.137753643898255973e+01,3.904457578120045458e+00
7.139754215490140155e+01,3.154744528576245877e+00
7.141754787082024336e+01,3.688225855220431448e+00
7.143755358673907097e+01,4.150849021384049209e+00
7.145755930265789857e+01,3.754080239225866311e+00
7.147756501857674039e+01,3.869077041713300691e+00
7.149757073449558220e+01,3.961012220105570414e+00
7.151757645041440981e+01,4.027615550967480473e+00
7.153758216633323741e+01,4.329840410047467891e+00
7.155758788225207923e+01,3.748413661462548063e+00
7.157759359817090683e+01,3.843076096502461070e+00
7.159759931408973443e+01,3.527087237039101542e+00
7.161760503000857625e+01,3.575955297426461676e+00
7.163761074592741807e+01,3.367995951805839105e+00
7.165761646184624567e+01,3.486025471748398274e+00
7.167762217776507327e+01,4.460823559387972814e+00
7.169762789368391509e+01,2.965769895190507821e+00
7.171763360960275691e+01,3.647317473830889334e+00
7.173763932552158451e+01,3.499399650630000913e+00
7.175764504144041211e+01,3.805907000226631087e+00
7.177765075735925393e+01,3.144921709765552631e+00
7.179765647327808153e+01,4.288887226156915311e+00
7.181766218919690914e+01,3.709086522622297100e+00
7.183766790511575095e+01,3.450566176785371031e+00
7.185767362103459277e+01,3.594483383494656792e+00
7.187767933695342037e+01,3.441742733089200978e+00
7.189768505287224798e+01,3.881305556497109954e+00
7.191769076879108979e+01,4.106333009802728640e+00
7.193769648470991740e+01,3.050146329705699877e+00
7.195770220062874500e+01,3.591168141734479402e+00
7.197770791654758682e+01,3.520235743085081470e+00
7.199771363246642863e+01,3.562771831935495737e+00
7.201771934838525624e+01,3.601801118154383197e+00
7.203772506430408384e+01,3.342428413118997632e+00
7.205773078022292566e+01,3.743516735552495422e+00
7.207773649614176747e+01,3.226271600446315890e+00
7.209774221206059508e+01,4.069796062026444616e+00
7.211774792797942268e+01,3.210529534864623447e+00
7.213775364389826450e+01,3.480533615488046184e+00
7.215775935981709210e+01,3.469476977306573229e+00
7.217776507573591971e+01,3.936463387031706951e+00
7.219777079165476152e+01,3.448578474163196628e+00
7.221777650757360334e+01,3.528641128904936863e+00
7.223778222349243094e+01,3.222077551317572564e+00
7.225778793941125855e+01,3.942826676166156119e+00
7.227779365533010036e+01,3.620199683411643221e+00
7.229779937124894218e+01,2.745844805394757948e+00
7.231780508716775557e+01,3.799745872314301831e+00
7.233781080308659739e+01,3.461472053474172750e+00
7.235781651900543920e+01,4.119672534238381090e+00
7.237782223492426681e+01,2.998308888680935702e+00
7.239782795084309441e+01,3.912106630263976648e+00
7.241783366676193623e+01,3.591771606023202335e+00
7.243783938268077804e+01,3.335625582425906455e+00
7.245784509859960565e+01,3.611394384865202589e+00
7.247785081451843325e+01,3.280055286610238596e+00
7.249785653043727507e+01,3.713806531295900104e+00
7.251786224635610267e+01,3.432045491426151340e+00
7.253786796227493028e+01,3.555936047782003673e+00
7.255787367819377209e+01,3.830327313182363191e+00
7.257787939411261391e+01,3.455934814720476922e+00
7.259788511003144151e+01,3.482677880658664904e+00
7.261789082595026912e+01,3.207887778606281604e+00
7.263789654186911093e+01,3.248192159921713174e+00
7.265790225778795275e+01,3.607689501409598876e+00
7.267790797370678035e+01,2.919834920667323530e+00
7.269791368962560796e+01,3.989946578926399923e+00
7.271791940554444977e+01,3.617348974419431595e+00
7.273792512146327738e+01,3.311095522826228432e+00
7.275793083738210498e+01,4.325052245775829363e+00
7.277793655330094680e+01,3.274100325887713492e+00
7.279794226921978861e+01,3.822845426970552296e+00
7.281794798513861622e+01,4.300443118157620148e+00
7.283795370105744382e+01,3.777382892701286465e+00
7.285795941697628564e+01,4.297275682510242056e+00
7.287796513289511324e+01,4.376670496326296345e+00
7.289797084881394085e+01,3.689272374394898524e+00
7.291797656473278266e+01,3.534770916232310878e+00
7.293798228065162448e+01,3.939761496584400557e+00
7.295798799657045208e+01,3.800431262731567728e+00
7.297799371248927969e+01,3.502405592731737904e+00
7.299799942840812150e+01,3.865868364768745291e+00
7.301800514432696332e+01,3.961636006722797809e+00
7.303801086024579092e+01,3.816975569871302376e+00
7.305801657616461853e+01,4.471661058910088471e+00
7.307802229208346034e+01,4.390107818416926655e+00
7.309802800800228795e+01,3.679280257676412536e+00
7.311803372392111555e+01,4.356572701784572565e+00
7.313803943983995737e+01,5.171334035376365712e+00
7.315804515575879918e+01,4.229645764220364867e+00
7.317805087167762679e+01,3.893159477178043559e+00
7.319805658759645439e+01,4.674219506722238293e+00
7.321806230351529621e+01,5.089013156248180181e+00
7.323806801943413802e+01,4.577943124491071103e+00
7.325807373535295142e+01,4.161600110451410650e+00
7.327807945127179323e+01,4.625554591230012669e+00
7.329808516719063505e+01,3.873431083046233070e+00
7.331809088310946265e+01,3.589608713265951323e+00
7.333809659902829026e+01,4.656536841593100107e+00
7.335810231494713207e+01,4.290313871035006166e+00
7.337810803086597389e+01,4.289431895898283997e+00
7.339811374678480149e+01,4.541261295751121807e+00
7.341811946270362910e+01,4.449193932311461097e+00
7.343812517862247091e+01,4.111755578857934523e+00
7.345813089454129852e+01,5.025378133606968944e+00
7.347813661046012612e+01,3.932465139532284049e+00
7.349814232637896794e+01,3.853390975651628469e+00
7.351814804229780975e+01,4.461508050821183069e+00
7.353815375821663736e+01,4.279357873576351778e+00
7.355815947413546496e+01,4.013677637632644846e+00
7.357816519005430678e+01,4.422475317207013035e+00
7.359817090597314859e+01,4.323966663866030125e+00
7.361817662189197620e+01,4.107243343756294074e+00
7.363818233781080380e+01,4.680149150525770629e+00
7.365818805372964562e+01,4.195278477252699645e+00
7.367819376964847322e+01,4.537291457327901512e+00
7.369819948556730083e+01,4.914792876351606665e+00
7.371820520148614264e+01,4.353407492707676241e+00
7.373821091740498446e+01,4.298466643997961967e+00
7.375821663332381206e+01,4.484942648627877837e+00
7.377822234924263967e+01,4.628289536337449661e+00
7.379822806516148148e+01,4.299143676277147108e+00
7.381823378108030909e+01,4.351099524424036247e+00
7.383823949699913669e+01,5.041997536665147273e+00
7.385824521291797851e+01,4.546090556570780983e+00
7.387825092883682032e+01,4.618550082278508384e+00
7.389825664475564793e+01,4.310512212751434369e+00
7.391826236067447553e+01,3.625878062995830486e+00
7.393826807659331735e+01,4.264984676645467765e+00
7.395827379251215916e+01,4.156150313391125728e+00
7.397827950843098677e+01,4.143972788633214499e+00
7.399828522434981437e+01,4.415785722741369490e+00
7.401829094026865619e+01,3.699965354205825285e+00
7.403829665618748379e+01,3.453478443339641935e+00
7.405830237210632561e+01,4.096382163350371641e+00
7.407830808802515321e+01,4.082821103425188447e+00
7.409831380394398082e+01,3.230845545098931293e+00
7.411831951986282263e+01,3.373172230966912544e+00
7.413832523578165024e+01,3.681180889697137637e+00
7.415833095170049205e+01,4.266002923096554156e+00
7.417833666761931966e+01,3.635486924841869527e+00
7.419834238353816147e+01,3.324537969594732800e+00
7.421834809945698908e+01,3.919949708190384019e+00
7.423835381537583089e+01,4.042980594209208078e+00
7.425835953129465850e+01,2.907732077717527730e+00
7.427836524721348610e+01,3.552480507687112876e+00
7.429837096313232792e+01,3.588251419041887047e+00
7.431837667905115552e+01,4.340346612136038118e+00
7.433838239496999734e+01,3.813079903164513951e+00
7.435838811088882494e+01,4.303659376151810712e+00
7.437839382680766676e+01,3.636399667964876237e+00
7.439839954272649436e+01,3.484060928110672251e+00
7.441840525864533618e+01,3.248314522003298954e+00
7.443841097456416378e+01,3.206803910580373618e+00
7.445841669048300560e+01,3.847311266841924038e+00
7.447842240640183320e+01,3.439794161481319446e+00
7.449842812232066080e+01,4.073949269153270158e+00
7.451843383823950262e+01,3.753998758731997398e+00
7.453843955415833022e+01,3.824258382433206371e+00
7.455844527007717204e+01,4.256558481732261257e+00
7.457845098599599964e+01,3.276589611957705372e+00
7.459845670191484146e+01,3.967940900456325970e+00
7.461846241783366906e+01,3.247742188440075672e+00
7.463846813375251088e+01,3.939709066602792742e+00
7.465847384967133848e+01,3.404473684237142361e+00
7.467847956559016609e+01,3.975682456754968452e+00
7.469848528150900790e+01,3.088775127509693075e+00
7.471849099742783551e+01,3.869258944961498692e+00
7.473849671334667732e+01,4.288859402253146769e+00
7.475850242926550493e+01,3.586962430637500532e+00
7.477850814518434674e+01,3.801423165305430452e+00
7.479851386110317435e+01,3.172227623477152036e+00
7.481851957702201616e+01,3.188569408424068108e+00
7.483852529294084377e+01,3.339333157432801791e+00
7.485853100885967137e+01,4.079682055801947982e+00
7.487853672477851319e+01,3.314671214020166623e+00
7.489854244069734079e+01,3.914830052008654082e+00
7.491854815661618261e+01,4.563803000412809396e+00
7.493855387253501021e+01,3.333014982659032288e+00
7.495855958845385203e+01,3.326033689762938117e+00
7.497856530437267963e+01,3.482587231420410934e+00
7.499857102029152145e+01,3.430933557931544087e+00
7.501857673621034905e+01,3.375443450474220342e+00
7.503858245212917666e+01,3.559856608257515376e+00
7.505858816804801847e+01,4.449930894448989704e+00
7.507859388396684608e+01,4.240787071621884508e+00
7.509859959988568789e+01,3.863017717682899921e+00
7.511860531580451550e+01,3.465424950381934988e+00
7.513861103172335731e+01,4.962486223583167266e+00
7.515861674764218492e+01,4.362918964789085585e+00
7.517862246356102673e+01,4.116845796217678100e+00
7.519862817947985434e+01,4.672290850827379494e+00
7.521863389539868194e+01,5.190195568351484212e+00
7.523863961131752376e+01,4.907518534910453312e+00
7.525864532723635136e+01,4.587017161941876253e+00
7.527865104315519318e+01,5.520055000034641779e+00
7.529865675907402078e+01,5.236016241571491037e+00
7.531866247499286260e+01,5.792807025016617040e+00
7.533866819091169020e+01,5.635910339386632550e+00
7.535867390683053202e+01,6.459507557168020497e+00
7.537867962274935962e+01,5.868698345181961429e+00
7.539868533866820144e+01,5.786033771144911242e+00
7.541869105458702904e+01,6.400500228465644703e+00
7.543869677050585665e+01,6.425170397842993708e+00
7.545870248642469846e+01,7.106163547213121490e+00
7.547870820234352607e+01,6.920887084074855977e+00
7.549871391826236788e+01,7.348427741957889836e+00
7.551871963418119549e+01,7.762129816407435712e+00
7.553872535010003730e+01,7.724540469087971317e+00
7.555873106601886491e+01,8.719086976271066547e+00
7.557873678193770672e+01,9.131319311368365277e+00
7.559874249785653433e+01,8.467760719702949856e+00
7.561874821377536193e+01,8.952185513330192634e+00
7.563875392969420375e+01,9.747134931588238516e+00
7.565875964561303135e+01,1.009389366417756051e+01
7.567876536153187317e+01,9.264722550216351493e+00
7.569877107745070077e+01,8.928157136811881500e+00
7.571877679336954259e+01,9.659017388362773460e+00
7.573878250928837019e+01,9.298916615495674165e+00
7.575878822520721201e+01,9.917431528044325262e+00
7.577879394112603961e+01,1.033002723267181544e+01
7.579879965704486722e+01,9.847388852368512246e+00
7.581880537296370903e+01,9.043857160251677740e+00
7.583881108888253664e+01,9.810954652491847838e+00
7.585881680480137845e+01,1.022712644617237743e+01
7.587882252072020606e+01,9.482069935975923514e+00
7.589882823663904787e+01,9.938960421638128651e+00
7.591883395255787548e+01,8.905609922991388316e+00
7.593883966847671729e+01,8.354081533192484699e+00
7.595884538439554490e+01,9.279460377213936795e+00
7.597885110031437250e+01,7.946538775494414786e+00
7.599885681623321432e+01,8.142004624393472056e+00
7.601886253215204192e+01,8.266815016259696947e+00
7.603886824807088374e+01,6.767858207889341671e+00
7.605887396398971134e+01,7.374014119910587972e+00
7.607887967990855316e+01,6.315296043653483515e+00
7.609888539582738076e+01,6.513157336457645386e+00
7.611889111174622258e+01,7.106505534712388439e+00
7.613889682766505018e+01,6.418006109547579108e+00
7.615890254358387779e+01,6.327491734662678446e+00
7.617890825950271960e+01,6.176507023474112401e+00
7.619891397542154721e+01,5.574439758118707289e+00
7.621891969134038902e+01,5.610057515883369206e+00
7.623892540725921663e+01,5.021933163606643546e+00
7.625893112317805844e+01,4.974999854314227754e+00
7.627893683909688605e+01,4.912102842901821198e+00
7.629894255501572786e+01,4.512517425101574275e+00
7.631894827093455547e+01,4.502917950329095476e+00
7.633895398685339728e+01,4.688698106390548404e+00
7.635895970277222489e+01,5.248220768160791749e+00
7.637896541869105249e+01,5.298023487709900614e+00
7.639897113460989431e+01,4.089410683657014545e+00
7.641897685052872191e+01,4.137900930395730370e+00
7.643898256644756373e+01,4.215050225276215201e+00
7.645898828236639133e+01,3.706537058089042880e+00
7.647899399828523315e+01,3.832603553597332624e+00
7.649899971420406075e+01,4.466707014370079776e+00
7.651900543012290257e+01,4.777492010274198897e+00
7.653901114604173017e+01,3.681880207339927047e+00
7.655901686196055778e+01,4.390901674023888646e+00
7.657902257787939959e+01,3.401787007085240511e+00
7.659902829379822720e+01,4.071853618003493658e+00
7.661903400971706901e+01,3.963513811022972178e+00
7.663903972563589662e+01,4.421910677911607301e+00
7.665904544155473843e+01,3.945747332444929256e+00
7.667905115747356604e+01,4.085573150279901533e+00
7.669905687339240785e+01,4.785105799568323270e+00
7.671906258931123546e+01,4.003693036031061858e+00
7.673906830523006306e+01,4.628347871555284598e+00
7.675907402114890488e+01,3.647879781149537592e+00
7.677907973706773248e+01,4.089180784289258241e+00
7.679908545298657430e+01,3.812966580972407815e+00
7.681909116890540190e+01,3.043098686989494261e+00
7.683909688482424372e+01,4.162363543293684742e+00
7.685910260074307132e+01,3.365897662263288126e+00
7.687910831666191314e+01,3.980269519164349568e+00
7.689911403258074074e+01,3.452121434701312275e+00
7.691911974849956835e+01,4.498243774858824651e+00
7.693912546441841016e+01,4.450106096933430067e+00
7.695913118033723777e+01,4.054723116912764880e+00
7.697913689625607958e+01,3.840313086933568432e+00
7.699914261217490719e+01,3.838966371111115272e+00
7.701914832809374900e+01,4.566007206330292334e+00
7.703915404401257661e+01,3.454580126239278570e+00
7.705915975993141842e+01,3.912728566547617248e+00
7.707916547585024603e+01,4.731007381860679928e+00
7.709917119176907363e+01,4.386496033068724820e+00
7.711917690768791545e+01,4.019222814179659764e+00
7.713918262360674305e+01,3.617113376908333233e+00
7.715918833952558487e+01,4.062372961167796781e+00
7.717919405544441247e+01,4.355002768494354193e+00
7.719919977136325429e+01,3.807325687582984397e+00
7.721920548728208189e+01,4.038778741711746889e+00
7.723921120320092371e+01,4.142737771770705457e+00
7.725921691911975131e+01,4.017655507284763949e+00
7.727922263503859313e+01,3.865411738231853800e+00
7.729922835095742073e+01,4.327153433045751285e+00
7.731923406687624833e+01,4.739681840870999530e+00
7.733923978279509015e+01,4.276028347164624321e+00
7.735924549871391775e+01,4.711396238062993902e+00
7.737925121463275957e+01,4.137863933182631904e+00
7.739925693055158717e+01,4.851410742825954969e+00
7.741926264647042899e+01,5.162904511114232875e+00
7.743926836238925659e+01,5.068582183318630641e+00
7.745927407830809841e+01,4.947341847346690358e+00
7.747927979422692601e+01,4.935434574829420384e+00
7.749928551014575362e+01,5.316036109191141001e+00
7.751929122606459543e+01,5.190430425970720130e+00
7.753929694198342304e+01,5.050662097155761643e+00
7.755930265790226485e+01,5.896401110478516117e+00
7.757930837382109246e+01,5.543737067291085729e+00
7.759931408973993427e+01,5.957372281168296979e+00
7.761931980565876188e+01,6.981469908479768449e+00
7.763932552157760369e+01,6.726247836006955971e+00
7.765933123749643130e+01,6.527043856300601909e+00
7.767933695341525890e+01,6.542218148743367934e+00
7.769934266933410072e+01,6.189016048335784781e+00
7.771934838525292832e+01,6.908623761685491971e+00
7.773935410117177014e+01,6.715973959443524599e+00
7.775935981709059774e+01,6.741613528841321923e+00
7.777936553300943956e+01,6.821885222949866545e+00
7.779937124892826716e+01,7.515590628763669123e+00
7.781937696484710898e+01,7.367518890949108723e+00
7.783938268076593658e+01,7.678921304148310867e+00
7.785938839668476419e+01,7.503268439491057151e+00
7.787939411260360600e+01,7.488405761108559489e+00
7.789939982852243361e+01,8.272543266980823873e+00
7.791940554444127542e+01,7.200987294121784288e+00
7.793941126036010303e+01,7.347712475570445712e+00
7.795941697627894484e+01,8.299257248860023140e+00
7.797942269219777245e+01,8.090774214097686823e+00
7.799942840811661426e+01,7.644589259421344707e+00
7.801943412403544187e+01,8.003639263352958721e+00
7.803943983995426947e+01,7.304964881767304519e+00
7.805944555587311129e+01,7.864218150906586047e+00
7.807945127179193889e+01,8.036753854940132058e+00
7.809945698771078071e+01,8.451785057263329293e+00
7.811946270362960831e+01,8.822081687300267205e+00
7.813946841954845013e+01,8.704112891757757708e+00
7.815947413546727773e+01,9.146119802916448549e+00
7.817947985138611955e+01,9.301581733449724609e+00
7.819948556730494715e+01,8.737255563403113712e+00
7.821949128322378897e+01,8.539293263003676415e+00
7.823949699914261657e+01,9.166125344663079488e+00
7.825950271506144418e+01,8.316010155448418928e+00
7.827950843098028599e+01,9.309454462966661126e+00
7.829951414689911360e+01,9.053056304415353139e+00
7.831951986281795541e+01,9.159117519907660210e+00
7.833952557873678302e+01,9.367613334284847326e+00
7.835953129465562483e+01,8.669614825944133685e+00
7.837953701057445244e+01,8.589832993906060921e+00
7.839954272649329425e+01,7.916585335800258250e+00
7.841954844241212186e+01,8.784288221613335779e+00
7.843955415833094946e+01,8.518101853904157750e+00
7.845955987424979128e+01,7.956802425516812605e+00
7.847956559016861888e+01,7.257539685970470167e+00
7.849957130608746070e+01,7.160593119259068828e+00
7.851957702200628830e+01,7.085595591260442916e+00
7.853958273792513012e+01,6.406576877586829255e+00
7.855958845384395772e+01,7.271302792060174269e+00
7.857959416976279954e+01,6.008466939104749827e+00
7.859959988568162714e+01,6.432549405274719412e+00
7.861960560160045475e+01,6.002125199043653936e+00
7.863961131751929656e+01,6.071497212735846638e+00
7.865961703343812417e+01,6.226106381994597427e+00
7.867962274935696598e+01,5.621563000033901858e+00
7.869962846527579359e+01,5.371464244161274770e+00
7.871963418119463540e+01,5.508878339560600246e+00
7.873963989711346301e+01,4.707343120201814557e+00
7.875964561303230482e+01,4.889682443337036055e+00
7.877965132895113243e+01,5.227256637976151588e+00
7.879965704486996003e+01,4.965598328014181106e+00
7.881966276078880185e+01,4.401376091925851775e+00
7.883966847670762945e+01,4.239307450766947483e+00
7.885967419262647127e+01,4.070897789903102471e+00
7.887967990854529887e+01,4.753457766505233550e+00
7.889968562446414069e+01,4.989156505866406910e+00
7.891969134038296829e+01,4.547694998384688603e+00
7.893969705630181011e+01,4.599038609945111489e+00
7.895970277222063771e+01,3.793753383115303635e+00
7.897970848813946532e+01,4.872729329401973786e+00
7.899971420405830713e+01,3.914610041562560649e+00
7.901971991997713474e+01,4.062986546053416248e+00
7.903972563589597655e+01,4.093659211585523927e+00
7.905973135181480416e+01,4.878953310982120151e+00
7.907973706773364597e+01,4.564294249180949947e+00
7.909974278365247358e+01,4.218995722432645756e+00
7.911974849957131539e+01,3.466119195692717980e+00
7.913975421549014300e+01,3.333743791158098713e+00
7.915975993140898481e+01,3.985963781444244347e+00
7.917976564732781242e+01,4.218419964828827418e+00
7.919977136324664002e+01,4.129086284905387316e+00
7.921977707916548184e+01,3.962750519440505048e+00
7.923978279508430944e+01,4.475972549274046308e+00
7.925978851100315126e+01,4.030820354904967928e+00
7.927979422692197886e+01,4.504953129718440863e+00
7.929979994284082068e+01,3.249121832080698269e+00
7.931980565875964828e+01,3.270472067478058964e+00
7.933981137467849010e+01,3.546142186462291956e+00
7.935981709059731770e+01,3.606106107465500088e+00
7.937982280651614531e+01,3.432496361712594979e+00
7.939982852243498712e+01,4.375874231314190510e+00
7.941983423835381473e+01,3.543934064581549581e+00
7.943983995427265654e+01,3.810006246895933035e+00
7.945984567019148415e+01,3.092456893604352608e+00
7.947985138611032596e+01,4.263596435175665889e+00
7.949985710202915357e+01,3.208496227296594228e+00
7.951986281794799538e+01,4.451640306033453065e+00
7.953986853386682299e+01,4.162294169260525756e+00
7.955987424978565059e+01,4.158209216602817726e+00
7.957987996570449241e+01,3.420195250432322975e+00
7.959988568162332001e+01,3.328434828407562662e+00
7.961989139754216183e+01,3.045202079599563572e+00
7.963989711346098943e+01,3.873758040834977212e+00
7.965990282937983125e+01,3.506583451296942933e+00
7.967990854529865885e+01,3.624780739667464946e+00
7.969991426121750067e+01,4.084202829845860805e+00
7.971991997713632827e+01,3.442107749510172621e+00
7.973992569305515588e+01,3.559906253138596099e+00
7.975993140897399769e+01,3.944534066208214007e+00
7.977993712489282530e+01,3.644199001707518537e+00
7.979994284081166711e+01,3.353927965493245900e+00
7.981994855673049472e+01,4.294678439816355109e+00
7.983995427264933653e+01,3.648743275760709892e+00
7.985995998856816414e+01,3.364605083166105182e+00
7.987996570448700595e+01,3.377699637749192352e+00
7.989997142040583356e+01,3.134572705483212207e+00
7.991997713632466116e+01,2.808731352401879100e+00
7.993998285224350298e+01,3.569601012660004180e+00
7.995998856816233058e+01,3.801506302942319060e+00
7.997999428408117240e+01,3.529197500940810972e+00
8.000000000000000000e+01,3.821757539416839045e+00
