angle,intensity
1.000000000000000000e+01,5.391174826423721367e-01
1.002000571591883471e+01,1.829560795407729978e+00
1.004001143183766764e+01,9.340507408745816198e-01
1.006001714775650235e+01,1.894915406904030819e+00
1.008002286367533529e+01,1.449110057025765785e+00
1.010002857959417000e+01,2.194989575111000235e+00
1.012003429551300293e+01,6.248197477491097551e-01
1.014004001143183764e+01,1.014152086013380805e+00
1.016004572735067235e+01,1.657109871621030406e+00
1.018005144326950528e+01,1.914210445961926688e+00
1.020005715918833999e+01,1.647049891551164214e+00
1.022006287510717293e+01,1.789321043380248222e+00
1.024006859102600764e+01,1.164824444264566994e+00
1.026007430694484057e+01,1.022368246990576823e+00
1.028008002286367528e+01,2.181738398923612543e+00
1.030008573878250999e+01,2.065527520929660188e+00
1.032009145470134293e+01,9.400483876339934541e-01
1.034009717062017764e+01,2.480438191748560506e+00
1.036010288653901057e+01,1.064497035300021599e+00
1.038010860245784528e+01,1.438136915331087451e+00
1.040011431837667999e+01,2.243098603255798462e+00
1.042012003429551292e+01,2.016957492746156877e+00
1.044012575021434763e+01,1.330634390479784601e+00
1.046013146613318057e+01,1.265815781578538024e+00
1.048013718205201528e+01,1.537344867343483523e+00
1.050014289797084821e+01,1.831965338602211446e+00
1.052014861388968292e+01,1.441607008798371448e+00
1.054015432980851585e+01,2.274613200774371347e+00
1.056016004572735056e+01,1.443767957701110660e+00
1.058016576164618527e+01,2.395916925639804074e+00
1.060017147756501821e+01,1.328534595349396552e+00
1.062017719348385292e+01,1.647108177022435838e+00
1.064018290940268585e+01,1.240415889682971340e+00
1.066018862532152056e+01,2.244786938529981235e+00
1.068019434124035527e+01,2.317297274268774743e+00
1.070020005715918820e+01,1.016874587795900453e+00
1.072020577307802292e+01,1.055635774209832567e+00
1.074021148899685585e+01,1.493718208377666334e+00
1.076021720491569056e+01,8.131556973373266217e-01
1.078022292083452349e+01,1.085762661119409778e+00
1.080022863675335820e+01,1.890355254150922759e+00
1.082023435267219291e+01,1.238044047088816990e+00
1.084024006859102585e+01,2.106649731542385329e+00
1.086024578450986056e+01,8.652654001387954930e-01
1.088025150042869349e+01,2.741664075226783126e+00
1.090025721634752820e+01,1.214470608766520243e+00
1.092026293226636113e+01,2.352048986365758321e+00
1.094026864818519584e+01,9.975670750154911337e-01
1.096027436410403055e+01,2.176655457281102990e+00
1.098028008002286349e+01,1.934748768781890504e+00
1.100028579594169820e+01,2.365825400847877624e+00
1.102029151186053113e+01,2.476469840273053169e+00
1.104029722777936584e+01,1.203980026357769129e+00
1.106030294369819877e+01,2.717670022288393827e+00
1.108030865961703348e+01,1.193434417784762447e+00
1.110031437553586819e+01,2.096313153581764510e+00
1.112032009145470113e+01,1.019158931602162976e+00
1.114032580737353584e+01,1.608933701348353562e+00
1.116033152329236877e+01,2.823339282571891928e+00
1.118033723921120348e+01,1.778218145459120381e+00
1.120034295513003642e+01,1.167819174811110861e+00
1.122034867104887113e+01,1.391576626488011170e+00
1.124035438696770584e+01,1.322058032165151165e+00
1.126036010288653877e+01,2.610470055870213191e+00
1.128036581880537348e+01,1.762430977840260482e+00
1.130037153472420641e+01,2.361422012707384610e+00
1.132037725064304112e+01,2.316405815070769592e+00
1.134038296656187583e+01,1.922240945553428837e+00
1.136038868248070877e+01,2.124634840348108789e+00
1.138039439839954348e+01,1.477322096408789642e+00
1.140040011431837641e+01,2.113079949140697522e+00
1.142040583023721112e+01,1.718434841398837953e+00
1.144041154615604405e+01,2.528988939057433605e+00
1.146041726207487876e+01,1.478453834651477505e+00
1.148042297799371170e+01,2.489985397944546097e+00
1.150042869391254641e+01,3.107227525866452567e+00
1.152043440983138112e+01,2.192706483535932005e+00
1.154044012575021405e+01,3.122400852930249826e+00
1.156044584166904876e+01,2.145158228837769521e+00
1.158045155758788169e+01,2.805415623295080874e+00
1.160045727350671640e+01,2.247847571777174203e+00
1.162046298942555111e+01,1.742145936568405329e+00
1.164046870534438405e+01,2.205202918718002891e+00
1.166047442126321876e+01,1.954860237970639236e+00
1.168048013718205169e+01,1.700347930613060443e+00
1.170048585310088640e+01,2.601912205383069221e+00
1.172049156901971934e+01,2.745003996434328464e+00
1.174049728493855405e+01,2.275844357856286582e+00
1.176050300085738698e+01,2.234112070919617832e+00
1.178050871677622169e+01,2.061880259890771505e+00
1.180051443269505640e+01,1.992308441878232195e+00
1.182052014861388933e+01,2.294697073633957363e+00
1.184052586453272404e+01,1.752666864917801437e+00
1.186053158045155698e+01,2.494895617235266094e+00
1.188053729637039169e+01,1.706195301393301333e+00
1.190054301228922640e+01,2.872823169663049736e+00
1.192054872820805933e+01,3.414287851802883189e+00
1.194055444412689404e+01,2.954992075027055520e+00
1.196056016004572697e+01,2.541705011377965562e+00
1.198056587596456168e+01,1.888229423813265084e+00
1.200057159188339639e+01,3.178438772416320557e+00
1.202057730780222933e+01,2.964812690881343915e+00
1.204058302372106226e+01,3.132336727604783988e+00
1.206058873963989697e+01,1.859769761103013286e+00
1.208059445555873168e+01,3.546235014234929928e+00
1.210060017147756461e+01,2.616812367931149463e+00
1.212060588739639932e+01,2.509526564361433287e+00
1.214061160331523226e+01,2.302292867053197245e+00
1.216061731923406697e+01,1.909495648893928754e+00
1.218062303515290168e+01,1.931551984041850911e+00
1.220062875107173461e+01,2.430367996035780465e+00
1.222063446699056932e+01,2.853398718989128113e+00
1.224064018290940226e+01,2.000567732930007558e+00
1.226064589882823697e+01,2.309881290418154265e+00
1.228065161474707168e+01,3.582097903373006265e+00
1.230065733066590461e+01,3.293605100247865014e+00
1.232066304658473754e+01,2.623956282160864184e+00
1.234066876250357225e+01,3.147150985415807956e+00
1.236067447842240696e+01,3.274391398394441932e+00
1.238068019434123990e+01,2.629602933687051003e+00
1.240068591026007461e+01,2.795235643635601619e+00
1.242069162617890754e+01,2.846896207182088467e+00
1.244069734209774225e+01,3.692464005838636432e+00
1.246070305801657696e+01,2.773938808909717668e+00
1.248070877393540989e+01,3.290778720016093839e+00
1.250071448985424460e+01,4.112354263808198240e+00
1.252072020577307754e+01,4.047403628510247486e+00
1.254072592169191225e+01,2.523930229185994190e+00
1.256073163761074696e+01,3.136274914126471192e+00
1.258073735352957989e+01,3.855699252492874596e+00
1.260074306944841460e+01,4.029248930613489321e+00
1.262074878536724754e+01,3.801517977642308921e+00
1.264075450128608225e+01,2.515918818956426772e+00
1.266076021720491518e+01,4.047572909574480349e+00
1.268076593312374989e+01,3.421456291432367181e+00
1.270077164904258282e+01,3.615513112763703685e+00
1.272077736496141753e+01,2.964962824202949321e+00
1.274078308088025224e+01,4.036962852842517435e+00
1.276078879679908518e+01,4.497526074390923334e+00
1.278079451271791989e+01,3.845018591322316492e+00
1.280080022863675282e+01,4.413408850340386991e+00
1.282080594455558753e+01,3.127784557028250312e+00
1.284081166047442224e+01,4.643949390871060068e+00
1.286081737639325517e+01,4.087999937871027889e+00
1.288082309231208988e+01,3.031384326162422482e+00
1.290082880823092282e+01,4.431041129889486285e+00
1.292083452414975753e+01,3.304333745255119137e+00
1.294084024006859224e+01,3.836166972394377872e+00
1.296084595598742517e+01,4.720796934144492418e+00
1.298085167190625810e+01,5.027927875285954862e+00
1.300085738782509281e+01,3.339528775708128006e+00
1.302086310374392752e+01,3.917255657927827706e+00
1.304086881966276046e+01,5.018285257873469796e+00
1.306087453558159517e+01,5.020196977701012031e+00
1.308088025150042810e+01,4.983604296145375478e+00
1.310088596741926281e+01,3.827360359101426912e+00
1.312089168333809752e+01,3.614596057330679013e+00
1.314089739925693046e+01,3.991845580475420707e+00
1.316090311517576517e+01,4.900253808362175612e+00
1.318090883109459810e+01,4.219657925163672552e+00
1.320091454701343281e+01,4.901039489955183903e+00
1.322092026293226752e+01,5.015775479958431760e+00
1.324092597885110045e+01,5.059474271614035068e+00
1.326093169476993339e+01,4.861815269338199741e+00
1.328093741068876810e+01,5.688423204345679274e+00
1.330094312660760281e+01,5.015254265795288546e+00
1.332094884252643574e+01,5.963053657899876292e+00
1.334095455844527045e+01,6.199049966945513468e+00
1.336096027436410338e+01,6.017743248580830873e+00
1.338096599028293809e+01,6.476561482381333335e+00
1.340097170620177280e+01,5.351677228083480564e+00
1.342097742212060574e+01,5.202359086514676711e+00
1.344098313803944045e+01,5.691704618438053309e+00
1.346098885395827338e+01,5.577821975848824998e+00
1.348099456987710809e+01,6.881062413020273993e+00
1.350100028579594280e+01,6.084434810175941344e+00
1.352100600171477573e+01,5.654960447923706113e+00
1.354101171763361044e+01,6.279892805191326310e+00
1.356101743355244338e+01,5.713232999857648764e+00
1.358102314947127809e+01,7.605351919143964246e+00
1.360102886539011102e+01,7.312474013151962104e+00
1.362103458130894573e+01,6.839257194188887112e+00
1.364104029722777867e+01,7.695361728839881010e+00
1.366104601314661338e+01,8.076340911889815288e+00
1.368105172906544809e+01,6.685039614693358168e+00
1.370105744498428102e+01,7.447111560345977210e+00
1.372106316090311573e+01,8.408720010679598289e+00
1.374106887682194866e+01,8.078535607759501858e+00
1.376107459274078337e+01,7.434746505339806966e+00
1.378108030865961808e+01,8.742879439867797586e+00
1.380108602457845102e+01,8.321278220981252360e+00
1.382109174049728573e+01,9.582245708566780706e+00
1.384109745641611866e+01,8.136219687828127434e+00
1.386110317233495337e+01,8.200064713625584645e+00
1.388110888825378808e+01,8.784863181330809567e+00
1.390111460417262101e+01,9.599169878581747639e+00
1.392112032009145395e+01,9.954288534017209145e+00
1.394112603601028866e+01,9.173203978032475447e+00
1.396113175192912337e+01,1.005633393264427511e+01
1.398113746784795630e+01,1.028120117454045079e+01
1.400114318376679101e+01,1.143260749279623667e+01
1.402114889968562395e+01,1.049254885431992257e+01
1.404115461560445866e+01,1.047214839366961492e+01
1.406116033152329337e+01,1.225143025861263268e+01
1.408116604744212630e+01,1.173100153267670542e+01
1.410117176336095923e+01,1.290694672623126671e+01
1.412117747927979394e+01,1.329126722509748681e+01
1.414118319519862865e+01,1.292396454961268759e+01
1.416118891111746336e+01,1.321803105241566101e+01
1.418119462703629630e+01,1.435782557113244096e+01
1.420120034295512923e+01,1.433797574586743551e+01
1.422120605887396394e+01,1.476988969463358714e+01
1.424121177479279865e+01,1.574296633072026275e+01
1.426121749071163336e+01,1.597296954788507861e+01
1.428122320663046629e+01,1.646907944104182064e+01
1.430122892254929923e+01,1.596204330140933259e+01
1.432123463846813394e+01,1.636505696960891143e+01
1.434124035438696865e+01,1.670915021961787517e+01
1.436124607030580158e+01,1.793187877307690670e+01
1.438125178622463629e+01,1.767792265022607268e+01
1.440125750214346922e+01,1.972429920531221725e+01
1.442126321806230393e+01,1.903206536719311970e+01
1.444126893398113864e+01,2.084396243074143129e+01
1.446127464989997158e+01,2.036957512052258679e+01
1.448128036581880451e+01,2.024522573225284106e+01
1.450128608173763922e+01,2.203040730777683720e+01
1.452129179765647393e+01,2.162610634707841939e+01
1.454129751357530864e+01,2.370550091092919587e+01
1.456130322949414158e+01,2.359318953064603619e+01
1.458130894541297451e+01,2.453748953145911216e+01
1.460131466133180922e+01,2.395778237272148203e+01
1.462132037725064393e+01,2.572681322031056439e+01
1.464132609316947686e+01,2.526790927502531403e+01
1.466133180908831157e+01,2.778388440329772280e+01
1.468133752500714451e+01,2.697524801608978251e+01
1.470134324092597922e+01,2.890198801062746270e+01
1.472134895684481393e+01,2.844416915321635742e+01
1.474135467276364686e+01,2.965336623597668364e+01
1.476136038868247979e+01,3.139795824509521438e+01
1.478136610460131450e+01,3.047975576987390767e+01
1.480137182052014921e+01,3.214364089978552386e+01
1.482137753643898392e+01,3.330229084737483447e+01
1.484138325235781686e+01,3.329563913992429036e+01
1.486138896827664979e+01,3.549400225229625505e+01
1.488139468419548450e+01,3.640462707655515828e+01
1.490140040011431921e+01,3.680480333635234302e+01
1.492140611603315392e+01,3.737688030001764616e+01
1.494141183195198685e+01,3.714444884578074380e+01
1.496141754787081979e+01,3.892827440618198409e+01
1.498142326378965450e+01,3.905454498102053407e+01
1.500142897970848921e+01,4.081883459196941999e+01
1.502143469562732214e+01,4.240402293026000535e+01
1.504144041154615508e+01,4.338844125639791827e+01
1.506144612746498979e+01,4.374808663361034888e+01
1.508145184338382450e+01,4.559340476606079307e+01
1.510145755930265921e+01,4.587578907650497939e+01
1.512146327522149214e+01,4.710580564168938622e+01
1.514146899114032507e+01,4.806854291721322170e+01
1.516147470705915978e+01,5.012822162965742478e+01
1.518148042297799449e+01,5.065035418467037687e+01
1.520148613889682920e+01,5.098551957107692800e+01
1.522149185481566214e+01,5.356263476120400924e+01
1.524149757073449507e+01,5.338325349535002573e+01
1.526150328665332978e+01,5.430179346921267580e+01
1.528150900257216449e+01,5.631495292135195996e+01
1.530151471849099742e+01,5.751661217346194377e+01
1.532152043440983036e+01,5.873681150925560956e+01
1.534152615032866507e+01,6.015549297713071297e+01
1.536153186624749978e+01,6.048219331962491196e+01
1.538153758216633449e+01,6.228895195372148663e+01
1.540154329808516742e+01,6.414186880644361111e+01
1.542154901400400036e+01,6.619467902428633010e+01
1.544155472992283507e+01,6.599985799659130237e+01
1.546156044584166978e+01,6.856497296399703600e+01
1.548156616176050449e+01,7.038842096617280220e+01
1.550157187767933742e+01,7.048178521071001512e+01
1.552157759359817035e+01,7.291803314000880221e+01
1.554158330951700506e+01,7.287627691110985495e+01
1.556158902543583977e+01,7.505369657648626003e+01
1.558159474135467271e+01,7.688438807010456344e+01
1.560160045727350742e+01,7.751779297256490509e+01
1.562160617319234035e+01,8.045601640146544753e+01
1.564161188911117506e+01,8.097841098670139104e+01
1.566161760503000977e+01,8.346185247488320158e+01
1.568162332094884270e+01,8.482534919041665944e+01
1.570162903686767564e+01,8.570741276527570562e+01
1.572163475278651035e+01,8.647714077559625423e+01
1.574164046870534506e+01,8.752705811658627510e+01
1.576164618462417977e+01,8.976643285919809045e+01
1.578165190054301270e+01,9.011146688751038880e+01
1.580165761646184563e+01,9.222068509143367976e+01
1.582166333238068034e+01,9.324000466780739771e+01
1.584166904829951505e+01,9.409049976101103141e+01
1.586167476421834799e+01,9.541065786391814640e+01
1.588168048013718270e+01,9.666029978113834886e+01
1.590168619605601563e+01,9.811823728797938315e+01
1.592169191197485034e+01,9.897352676391926707e+01
1.594169762789368505e+01,9.898645887579210978e+01
1.596170334381251799e+01,9.936700989584930710e+01
1.598170905973135092e+01,9.904481969310911893e+01
1.600171477565018563e+01,1.000000000000000000e+02
1.602172049156902034e+01,9.884742828890276201e+01
1.604172620748785505e+01,9.940258250831060138e+01
1.606173192340668976e+01,9.906764891677072171e+01
1.608173763932552092e+01,9.840970393841844555e+01
1.610174335524435563e+01,9.663371628018404635e+01
1.612174907116319034e+01,9.604947029518557144e+01
1.614175478708202505e+01,9.547305603771258120e+01
1.616176050300085620e+01,9.287449632815878431e+01
1.618176621891969091e+01,9.173835297617748097e+01
1.620177193483852562e+01,9.056639353604870735e+01
1.622177765075736033e+01,8.750286960031731098e+01
1.624178336667619504e+01,8.543706925255230544e+01
1.626178908259502620e+01,8.365614447423028821e+01
1.628179479851386091e+01,8.165953468313273333e+01
1.630180051443269562e+01,7.893716241280969825e+01
1.632180623035153033e+01,7.674499497980701790e+01
1.634181194627036149e+01,7.438996703839207214e+01
1.636181766218919620e+01,7.145489348342810842e+01
1.638182337810803091e+01,6.734129134528100735e+01
1.640182909402686562e+01,6.455569353453688564e+01
1.642183480994570033e+01,6.348433195976348742e+01
1.644184052586453504e+01,6.051825045876991993e+01
1.646184624178336620e+01,5.606317293870107932e+01
1.648185195770220091e+01,5.364035505480005384e+01
1.650185767362103562e+01,5.114644408229536765e+01
1.652186338953986677e+01,4.951397323552412644e+01
1.654186910545870148e+01,4.589584405364733755e+01
1.656187482137753619e+01,4.399281552142078056e+01
1.658188053729637090e+01,4.065183649644093578e+01
1.660188625321520561e+01,3.910789266901771555e+01
1.662189196913404032e+01,3.757897950909936924e+01
1.664189768505287148e+01,3.452418866618852178e+01
1.666190340097170619e+01,3.349179822975497700e+01
1.668190911689054090e+01,3.183683750137556956e+01
1.670191483280937561e+01,3.012880010126647790e+01
1.672192054872820677e+01,2.847606428205417473e+01
1.674192626464704148e+01,2.637865770147273992e+01
1.676193198056587619e+01,2.411752093470065006e+01
1.678193769648471090e+01,2.394836000061277659e+01
1.680194341240354561e+01,2.149356055533284504e+01
1.682194912832238032e+01,2.088689122016895183e+01
1.684195484424121148e+01,1.975783996195655945e+01
1.686196056016004619e+01,1.932543672372331756e+01
1.688196627607888090e+01,1.757612039505416135e+01
1.690197199199771205e+01,1.733764380146089579e+01
1.692197770791654676e+01,1.742390431675963569e+01
1.694198342383538147e+01,1.668489574449640145e+01
1.696198913975421618e+01,1.581289143102624095e+01
1.698199485567305089e+01,1.470104269200408353e+01
1.700200057159188560e+01,1.474134732031686745e+01
1.702200628751071676e+01,1.320709114048220023e+01
1.704201200342955147e+01,1.297219649546090814e+01
1.706201771934838618e+01,1.218071184917510230e+01
1.708202343526722089e+01,1.263069716405032317e+01
1.710202915118605205e+01,1.158020900291244004e+01
1.712203486710488676e+01,1.189885130531227908e+01
1.714204058302372147e+01,1.213438032079819706e+01
1.716204629894255618e+01,1.164123452275099169e+01
1.718205201486139089e+01,1.022550643010818128e+01
1.720205773078022204e+01,1.045084043377753247e+01
1.722206344669905675e+01,1.032706999383147206e+01
1.724206916261789146e+01,1.027581936267651486e+01
1.726207487853672617e+01,8.942845523261713225e+00
1.728208059445555733e+01,9.147106169695790712e+00
1.730208631037439204e+01,8.659532899466210409e+00
1.732209202629322675e+01,8.592657293676069230e+00
1.734209774221206146e+01,9.423854481879258671e+00
1.736210345813089617e+01,9.466131312583572210e+00
1.738210917404973088e+01,8.729664200682394792e+00
1.740211488996856204e+01,7.673942554098005964e+00
1.742212060588739675e+01,7.716837704035757639e+00
1.744212632180623146e+01,8.249357438830932310e+00
1.746213203772506262e+01,8.135050904911093284e+00
1.748213775364389733e+01,7.532473351664892292e+00
1.750214346956273204e+01,8.669474009660749658e+00
1.752214918548156675e+01,7.331212503798381519e+00
1.754215490140040146e+01,6.732885949628840017e+00
1.756216061731923617e+01,7.985110493064878412e+00
1.758216633323806732e+01,6.511237408167369622e+00
1.760217204915690203e+01,8.015974163251868845e+00
1.762217776507573674e+01,7.013378864539636659e+00
1.764218348099457145e+01,6.529300992399193149e+00
1.766218919691340261e+01,6.703594900815036617e+00
1.768219491283223732e+01,6.858391767720819487e+00
1.770220062875107203e+01,6.507489532751120187e+00
1.772220634466990674e+01,6.903316843929836466e+00
1.774221206058874145e+01,6.467228597382342237e+00
1.776221777650757616e+01,5.692641641287695897e+00
1.778222349242640732e+01,6.654058873802945584e+00
1.780222920834524203e+01,6.495246914812856431e+00
1.782223492426407674e+01,6.256547295401391651e+00
1.784224064018290790e+01,6.933248348368379332e+00
1.786224635610174261e+01,7.161327779684165229e+00
1.788225207202057732e+01,5.849415096879686082e+00
1.790225778793941203e+01,5.478260440195474423e+00
1.792226350385824674e+01,5.349685102244600365e+00
1.794226921977708145e+01,6.232582864297131486e+00
1.796227493569591260e+01,5.068023519274661659e+00
1.798228065161474731e+01,6.073088507375396183e+00
1.800228636753358202e+01,5.598937557487744243e+00
1.802229208345241318e+01,5.877729480153181640e+00
1.804229779937124789e+01,6.004233411339208182e+00
1.806230351529008260e+01,5.066466911312980770e+00
1.808230923120891731e+01,6.270585636060504342e+00
1.810231494712775202e+01,5.132083300933406811e+00
1.812232066304658673e+01,6.141192157598706736e+00
1.814232637896542144e+01,4.823092227831910606e+00
1.816233209488425260e+01,6.073466446348680492e+00
1.818233781080308731e+01,5.788930936889931544e+00
1.820234352672191847e+01,4.694506578207159997e+00
1.822234924264075318e+01,4.891569041430262388e+00
1.824235495855958789e+01,6.253879438867983254e+00
1.826236067447842260e+01,5.032826041705619424e+00
1.828236639039725731e+01,6.260770840784489089e+00
1.830237210631609202e+01,5.162546355633065964e+00
1.832237782223492673e+01,5.008258367632137720e+00
1.834238353815375788e+01,6.319896984348883251e+00
1.836238925407259259e+01,5.429892425814323964e+00
1.838239496999142730e+01,4.568838902862162321e+00
1.840240068591025846e+01,4.610474522003891629e+00
1.842240640182909317e+01,5.351865319701426316e+00
1.844241211774792788e+01,5.048505893051389748e+00
1.846241783366676259e+01,5.169252212996762630e+00
1.848242354958559730e+01,5.500755149486551865e+00
1.850242926550443201e+01,4.716864334271880566e+00
1.852243498142326672e+01,4.376660702677132697e+00
1.854244069734209788e+01,4.973285371582287340e+00
1.856244641326093259e+01,4.719385297998972995e+00
1.858245212917976374e+01,4.686494283811457606e+00
1.860245784509859845e+01,4.933518603419260629e+00
1.862246356101743316e+01,5.032241379882606225e+00
1.864246927693626787e+01,4.408986516717513737e+00
1.866247499285510258e+01,4.676302874186772485e+00
1.868248070877393729e+01,5.665901922257213563e+00
1.870248642469277200e+01,4.935328728204250837e+00
1.872249214061160316e+01,5.539031947936593703e+00
1.874249785653043787e+01,5.369298000658520031e+00
1.876250357244927258e+01,4.341816496453209773e+00
1.878250928836810374e+01,4.984803607312917606e+00
1.880251500428693845e+01,5.229508701581333519e+00
1.882252072020577316e+01,4.928524610696758401e+00
1.884252643612460787e+01,5.009346206960020531e+00
1.886253215204344258e+01,5.363786425914798706e+00
1.888253786796227729e+01,4.092390599120970585e+00
1.890254358388111200e+01,4.075418431066493596e+00
1.892254929979994316e+01,4.071080028552324315e+00
1.894255501571877787e+01,5.046788912983611652e+00
1.896256073163760902e+01,5.818757416877890165e+00
1.898256644755644373e+01,5.597569491730537194e+00
1.900257216347527844e+01,5.214363034640543404e+00
1.902257787939411315e+01,4.307193901394972713e+00
1.904258359531294786e+01,5.383996277555237242e+00
1.906258931123178257e+01,3.989233113647998152e+00
1.908259502715061728e+01,4.283549071183037071e+00
1.910260074306944844e+01,4.052482591154933367e+00
1.912260645898828315e+01,4.696868672416337098e+00
1.914261217490711431e+01,4.626723680523596727e+00
1.916261789082594902e+01,4.674456614315387171e+00
1.918262360674478373e+01,3.933891729509298774e+00
1.920262932266361844e+01,5.670474898438746969e+00
1.922263503858245315e+01,4.597009152412063315e+00
1.924264075450128786e+01,4.903047142401253389e+00
1.926264647042012257e+01,3.894973764313439890e+00
1.928265218633895373e+01,5.661994014130400821e+00
1.930265790225778844e+01,4.146100560995985340e+00
1.932266361817662315e+01,5.596798337271714274e+00
1.934266933409545430e+01,4.685402582221347423e+00
1.936267505001428901e+01,5.316570030498427357e+00
1.938268076593312372e+01,3.988204363323034851e+00
1.940268648185195843e+01,3.821849257720566051e+00
1.942269219777079314e+01,5.351365414812128130e+00
1.944269791368962785e+01,5.281016343451359951e+00
1.946270362960846256e+01,5.543650150415905031e+00
1.948270934552729372e+01,5.090005313914184981e+00
1.950271506144612843e+01,3.798806112412545843e+00
1.952272077736495959e+01,4.702046864576679752e+00
1.954272649328379430e+01,3.749034630191682815e+00
1.956273220920262901e+01,3.754023830979441811e+00
1.958273792512146372e+01,3.868514720067965484e+00
1.960274364104029843e+01,4.443031825086949382e+00
1.962274935695913314e+01,5.317718579238645660e+00
1.964275507287796785e+01,4.670628904305956119e+00
1.966276078879679901e+01,4.095693739719330040e+00
1.968276650471563372e+01,4.336594938714717351e+00
1.970277222063446487e+01,3.957932424797088178e+00
1.972277793655329958e+01,4.787432683287685009e+00
1.974278365247213429e+01,5.452656997156863916e+00
1.976278936839096900e+01,4.469848730922759472e+00
1.978279508430980371e+01,5.265385932174885930e+00
1.980280080022863842e+01,4.109218448265695045e+00
1.982280651614747313e+01,5.194212058789558384e+00
1.984281223206630784e+01,4.881078892624564958e+00
1.986281794798513900e+01,4.598296091230108296e+00
1.988282366390397371e+01,4.768226838711144389e+00
1.990282937982280487e+01,4.677448811057661970e+00
1.992283509574163958e+01,4.802971244039154541e+00
1.994284081166047429e+01,4.836185933730670961e+00
1.996284652757930900e+01,4.820074115422948502e+00
1.998285224349814371e+01,5.680554978325521809e+00
2.000285795941697842e+01,4.216750034249990620e+00
2.002286367533581313e+01,4.147660329746709174e+00
2.004286939125464428e+01,4.310515564033418734e+00
2.006287510717347899e+01,5.049849844237402685e+00
2.008288082309231015e+01,5.196962807650974625e+00
2.010288653901114486e+01,4.586013953768752316e+00
2.012289225492997957e+01,5.015708804467394089e+00
2.014289797084881428e+01,4.369163304885399057e+00
2.016290368676764899e+01,4.833917478814213631e+00
2.018290940268648370e+01,5.007089653943643803e+00
2.020291511860531841e+01,4.221672835747269481e+00
2.022292083452414957e+01,5.745160329658776988e+00
2.024292655044298428e+01,4.782792019014647344e+00
2.026293226636181899e+01,5.235704565688715562e+00
2.028293798228065015e+01,4.148710884255932818e+00
2.030294369819948486e+01,4.249731009723067388e+00
2.032294941411831957e+01,3.903645815261377106e+00
2.034295513003715428e+01,5.657110005497354877e+00
2.036296084595598899e+01,5.039686138835742568e+00
2.038296656187482370e+01,5.131278825815247302e+00
2.040297227779365841e+01,5.386266834015756899e+00
2.042297799371248956e+01,4.409783330221531017e+00
2.044298370963132427e+01,4.898127746832335205e+00
2.046298942555015543e+01,4.855652555495519884e+00
2.048299514146899014e+01,4.918675735032756791e+00
2.050300085738782485e+01,4.118098979991257735e+00
2.052300657330665956e+01,4.243729991488882192e+00
2.054301228922549427e+01,4.730939383583555369e+00
2.056301800514432898e+01,5.407996475125755431e+00
2.058302372106316369e+01,5.916055010276870973e+00
2.060302943698199485e+01,5.527462877039628353e+00
2.062303515290082956e+01,5.241097150075378686e+00
2.064304086881966072e+01,5.185537178800944780e+00
2.066304658473849543e+01,4.530356834896943852e+00
2.068305230065733014e+01,5.871193905019373993e+00
2.070305801657616485e+01,5.175396947944632231e+00
2.072306373249499956e+01,6.037995713497876338e+00
2.074306944841383427e+01,5.499466427034823468e+00
2.076307516433266898e+01,5.443900586186799728e+00
2.078308088025150369e+01,5.568817736165493137e+00
2.080308659617033484e+01,5.783062446908380672e+00
2.082309231208916955e+01,5.096522114106653234e+00
2.084309802800800071e+01,5.002371845254190319e+00
2.086310374392683542e+01,6.052951848564929627e+00
2.088310945984567013e+01,5.942578690723505197e+00
2.090311517576450484e+01,5.652112865555087851e+00
2.092312089168333955e+01,5.824597398535646953e+00
2.094312660760217426e+01,6.598245123835749126e+00
2.096313232352100897e+01,6.592588783866892399e+00
2.098313803943984013e+01,6.274858126946823766e+00
2.100314375535867484e+01,6.172812914013924512e+00
2.102314947127750600e+01,6.913630901107220339e+00
2.104315518719634071e+01,5.593232275268383624e+00
2.106316090311517542e+01,5.273771484475375360e+00
2.108316661903401013e+01,6.294633428360038252e+00
2.110317233495284484e+01,6.429531217661421216e+00
2.112317805087167955e+01,6.363389691059140318e+00
2.114318376679051426e+01,5.781336015403310213e+00
2.116318948270934541e+01,5.774535247019196404e+00
2.118319519862818012e+01,6.642363198638851607e+00
2.120320091454701483e+01,6.972121239733598763e+00
2.122320663046584599e+01,7.090784171183446283e+00
2.124321234638468070e+01,6.594144984893270944e+00
2.126321806230351541e+01,7.179140287134393894e+00
2.128322377822235012e+01,8.150497492190844184e+00
2.130322949414118483e+01,7.065623784072369240e+00
2.132323521006001954e+01,6.924241528421839043e+00
2.134324092597885425e+01,7.968861761414113509e+00
2.136324664189768541e+01,8.429707545890511966e+00
2.138325235781652012e+01,7.891604815063754330e+00
2.140325807373535127e+01,8.450034766087936688e+00
2.142326378965418598e+01,8.934528582479050129e+00
2.144326950557302069e+01,7.407316941019380430e+00
2.146327522149185540e+01,8.539105877666303357e+00
2.148328093741069011e+01,8.943712200521973799e+00
2.150328665332952482e+01,8.741381948337869190e+00
2.152329236924835953e+01,9.620309119391697195e+00
2.154329808516719069e+01,7.919521713645490735e+00
2.156330380108602540e+01,9.829875925763809974e+00
2.158330951700485656e+01,8.270699427221009259e+00
2.160331523292369127e+01,9.508871945730987818e+00
2.162332094884252598e+01,9.865441730094838491e+00
2.164332666476136069e+01,9.687402443582278977e+00
2.166333238068019540e+01,1.068064772782696181e+01
2.168333809659903011e+01,9.522115637602432514e+00
2.170334381251786482e+01,1.016317414084127613e+01
2.172334952843669598e+01,9.617469438214662603e+00
2.174335524435553069e+01,1.095742731973036044e+01
2.176336096027436540e+01,1.017296159796457644e+01
2.178336667619319655e+01,1.142337134939387333e+01
2.180337239211203126e+01,1.101700747919081813e+01
2.182337810803086597e+01,1.128510448949269751e+01
2.184338382394970068e+01,1.173001417730284501e+01
2.186338953986853539e+01,1.051268435139396651e+01
2.188339525578737010e+01,1.198680098232359015e+01
2.190340097170620481e+01,1.151215184165490335e+01
2.192340668762503597e+01,1.148717229881000534e+01
2.194341240354387068e+01,1.052248417710011097e+01
2.196341811946270184e+01,1.152236400875570510e+01
2.198342383538153655e+01,1.068089231894154878e+01
2.200342955130037126e+01,1.159313137286684992e+01
2.202343526721920597e+01,1.234463783687845151e+01
2.204344098313804068e+01,1.146037905044365779e+01
2.206344669905687539e+01,1.188000896748686941e+01
2.208345241497571010e+01,1.158055545385526841e+01
2.210345813089454126e+01,1.066487412326197237e+01
2.212346384681337597e+01,1.129008916524063899e+01
2.214346956273221068e+01,1.046316146275979797e+01
2.216347527865104183e+01,1.115947414909185298e+01
2.218348099456987654e+01,1.172087724763280292e+01
2.220348671048871125e+01,1.088990638107067888e+01
2.222349242640754596e+01,1.153047766794214901e+01
2.224349814232638067e+01,1.110540745541587526e+01
2.226350385824521538e+01,1.132616198846843325e+01
2.228350957416405009e+01,1.073506747326353405e+01
2.230351529008288125e+01,1.200214969793385755e+01
2.232352100600171596e+01,1.090476608914377366e+01
2.234352672192054712e+01,1.169111084703449954e+01
2.236353243783938183e+01,1.049111091681560204e+01
2.238353815375821654e+01,1.112630802608038394e+01
2.240354386967705125e+01,1.209181918284683199e+01
2.242354958559588596e+01,1.186039456498201083e+01
2.244355530151472067e+01,1.172656938875698707e+01
2.246356101743355538e+01,1.113789515015951181e+01
2.248356673335238654e+01,1.050211208195525003e+01
2.250357244927122125e+01,1.169614571229447186e+01
2.252357816519005240e+01,1.075829257418523532e+01
2.254358388110888711e+01,1.159622599170313251e+01
2.256358959702772182e+01,1.248402846513613262e+01
2.258359531294655653e+01,1.253108301138114022e+01
2.260360102886539124e+01,1.180448332424032110e+01
2.262360674478422595e+01,1.245975032805209359e+01
2.264361246070306066e+01,1.240736677428170509e+01
2.266361817662189182e+01,1.238000632575059612e+01
2.268362389254072653e+01,1.217872956740345280e+01
2.270362960845956124e+01,1.330186807857999121e+01
2.272363532437839240e+01,1.265821329247824067e+01
2.274364104029722711e+01,1.336761411038430758e+01
2.276364675621606182e+01,1.293142185425517532e+01
2.278365247213489653e+01,1.291282285332753332e+01
2.280365818805373124e+01,1.252595951141774400e+01
2.282366390397256595e+01,1.228780902299129352e+01
2.284366961989140066e+01,1.343373856705742320e+01
2.286367533581023181e+01,1.299018041267774137e+01
2.288368105172906652e+01,1.327336536680391710e+01
2.290368676764789768e+01,1.377103923161571508e+01
2.292369248356673239e+01,1.254738059427630859e+01
2.294369819948556710e+01,1.317813076760632640e+01
2.296370391540440181e+01,1.323098843549647619e+01
2.298370963132323652e+01,1.228882279870493122e+01
2.300371534724207123e+01,1.211854578902552859e+01
2.302372106316090594e+01,1.316764621675603664e+01
2.304372677907973710e+01,1.291576454775975868e+01
2.306373249499857181e+01,1.184472507689472742e+01
2.308373821091740652e+01,1.231495312606687165e+01
2.310374392683623768e+01,1.244503555628298663e+01
2.312374964275507239e+01,1.096921555019936889e+01
2.314375535867390710e+01,1.159020207727065355e+01
2.316376107459274181e+01,1.196563584053254026e+01
2.318376679051157652e+01,1.114224537348027688e+01
2.320377250643041123e+01,9.814451336171602591e+00
2.322377822234924594e+01,9.921004326481794422e+00
2.324378393826807709e+01,9.650902438534121330e+00
2.326378965418691180e+01,9.296256876471915120e+00
2.328379537010574296e+01,8.756586112712302139e+00
2.330380108602457767e+01,9.357922995239324138e+00
2.332380680194341238e+01,9.387705857091244610e+00
2.334381251786224709e+01,8.840784196362292846e+00
2.336381823378108180e+01,7.813582194539303138e+00
2.338382394969991651e+01,9.093225812238975081e+00
2.340382966561875122e+01,8.080787992104276896e+00
2.342383538153758238e+01,7.551752887378580859e+00
2.344384109745641709e+01,7.779425711131991328e+00
2.346384681337524825e+01,7.350760495542007611e+00
2.348385252929408296e+01,7.937916781533668420e+00
2.350385824521291767e+01,6.738959228033172266e+00
2.352386396113175238e+01,6.917593019678990096e+00
2.354386967705058709e+01,6.937217646750789335e+00
2.356387539296942180e+01,7.687136482552492822e+00
2.358388110888825651e+01,7.892177524470514349e+00
2.360388682480708766e+01,6.869802308421384396e+00
2.362389254072592237e+01,7.052968415767877808e+00
2.364389825664475708e+01,7.675838660898077315e+00
2.366390397256358824e+01,6.070297661410224421e+00
2.368390968848242295e+01,6.842726020026408840e+00
2.370391540440125766e+01,5.931361757610491559e+00
2.372392112032009237e+01,6.453772178402408244e+00
2.374392683623892708e+01,6.961669122498561180e+00
2.376393255215776179e+01,6.227340757895167833e+00
2.378393826807659650e+01,6.706133651567334653e+00
2.380394398399542766e+01,6.943074217123821334e+00
2.382394969991426237e+01,5.435852914077932141e+00
2.384395541583309353e+01,6.160417066166173683e+00
2.386396113175192824e+01,6.809594693336653570e+00
2.388396684767076295e+01,6.959347642830118197e+00
2.390397256358959766e+01,5.710119341320438302e+00
2.392397827950843237e+01,5.443735265754107822e+00
2.394398399542726708e+01,6.507828974151945722e+00
2.396398971134610179e+01,5.975209048762580188e+00
2.398399542726493294e+01,7.012452663602563696e+00
2.400400114318376765e+01,7.176603365518065658e+00
2.402400685910260236e+01,6.469942397392724587e+00
2.404401257502143352e+01,6.094773819207838450e+00
2.406401829094026823e+01,6.367720257675802742e+00
2.408402400685910294e+01,5.500714606593649414e+00
2.410402972277793765e+01,7.020256681082843286e+00
2.412403543869677236e+01,6.792154574640066222e+00
2.414404115461560707e+01,6.671502953496152521e+00
2.416404687053444178e+01,6.788850292083204785e+00
2.418405258645327294e+01,6.518737850978990167e+00
2.420405830237210765e+01,6.633410697257162703e+00
2.422406401829093880e+01,5.781676117326797204e+00
2.424406973420977351e+01,6.838916250016013443e+00
2.426407545012860822e+01,6.250346801907928018e+00
2.428408116604744293e+01,7.325166607419371090e+00
2.430408688196627764e+01,6.110807692478148923e+00
2.432409259788511235e+01,6.523884496747396788e+00
2.434409831380394706e+01,6.965683004773188358e+00
2.436410402972277822e+01,7.142899269682613017e+00
2.438410974564161293e+01,7.472196673399889022e+00
2.440411546156044409e+01,6.817013045235111868e+00
2.442412117747927880e+01,7.988549443885195167e+00
2.444412689339811351e+01,6.626439343825714978e+00
2.446413260931694822e+01,7.936243222000872066e+00
2.448413832523578293e+01,6.753337041783664674e+00
2.450414404115461764e+01,7.827117962990294942e+00
2.452414975707345235e+01,8.532927418153624544e+00
2.454415547299228351e+01,7.032438920158596396e+00
2.456416118891111822e+01,8.162541550875262786e+00
2.458416690482995293e+01,7.150876203501696615e+00
2.460417262074878408e+01,7.411402444841781900e+00
2.462417833666761879e+01,7.924255668187531576e+00
2.464418405258645350e+01,8.892665032507357736e+00
2.466418976850528821e+01,9.034470455368003527e+00
2.468419548442412292e+01,8.562633642458182592e+00
2.470420120034295763e+01,8.313862819861380871e+00
2.472420691626179234e+01,9.498411820532950856e+00
2.474421263218062350e+01,9.901017627648492692e+00
2.476421834809945821e+01,9.208515932216654321e+00
2.478422406401828937e+01,1.061386306257973366e+01
2.480422977993712408e+01,9.690017228081575951e+00
2.482423549585595879e+01,1.020155028666634500e+01
2.484424121177479350e+01,1.127488791286965686e+01
2.486424692769362821e+01,1.132238162522913605e+01
2.488425264361246292e+01,1.031092151426041781e+01
2.490425835953129763e+01,1.248388900350204445e+01
2.492426407545012879e+01,1.195333360790102262e+01
2.494426979136896350e+01,1.187745637611985572e+01
2.496427550728779821e+01,1.180410908142627591e+01
2.498428122320662936e+01,1.279479242128092586e+01
2.500428693912546407e+01,1.268860085130082815e+01
2.502429265504429878e+01,1.325953534320297322e+01
2.504429837096313349e+01,1.367766316138427563e+01
2.506430408688196820e+01,1.443562679896311174e+01
2.508430980280080291e+01,1.495650108570403702e+01
2.510431551871963762e+01,1.431941842587800906e+01
2.512432123463846878e+01,1.483292567646945059e+01
2.514432695055730349e+01,1.552514452487999819e+01
2.516433266647613465e+01,1.644163489370469833e+01
2.518433838239496936e+01,1.652414944991556212e+01
2.520434409831380407e+01,1.632383829589225499e+01
2.522434981423263878e+01,1.657481868978324968e+01
2.524435553015147349e+01,1.764629628405699791e+01
2.526436124607030820e+01,1.846624159019767930e+01
2.528436696198914291e+01,1.924929878178576814e+01
2.530437267790797407e+01,1.882954331391594849e+01
2.532437839382680878e+01,1.869916225290200629e+01
2.534438410974563993e+01,1.878520430578594969e+01
2.536438982566447464e+01,1.986085535598090601e+01
2.538439554158330935e+01,1.981359876911756146e+01
2.540440125750214406e+01,1.988636851615686041e+01
2.542440697342097877e+01,1.971121541617749529e+01
2.544441268933981348e+01,2.053489767899357687e+01
2.546441840525864819e+01,2.044900385384252672e+01
2.548442412117747935e+01,2.052153763285226162e+01
2.550442983709631406e+01,2.049237731657668604e+01
2.552443555301514877e+01,2.200929360004726831e+01
2.554444126893397993e+01,2.184333976789636012e+01
2.556444698485281464e+01,2.050965232936776061e+01
2.558445270077164935e+01,2.018535218376851148e+01
2.560445841669048406e+01,2.135756921832667032e+01
2.562446413260931877e+01,2.155071759391569586e+01
2.564446984852815348e+01,1.977321144549919296e+01
2.566447556444698819e+01,1.914911380269119334e+01
2.568448128036581934e+01,1.950950663041041722e+01
2.570448699628465405e+01,1.956670412615075350e+01
2.572449271220348521e+01,1.925248553523142547e+01
2.574449842812231992e+01,1.801144742916413932e+01
2.576450414404115463e+01,1.870223347100563771e+01
2.578450985995998934e+01,1.779126127794928891e+01
2.580451557587882405e+01,1.758376525420163361e+01
2.582452129179765876e+01,1.746195729688234977e+01
2.584452700771649347e+01,1.672543735322687297e+01
2.586453272363532463e+01,1.576605738479067575e+01
2.588453843955415934e+01,1.512322258775602712e+01
2.590454415547299405e+01,1.422347728175909332e+01
2.592454987139182521e+01,1.482690844262229035e+01
2.594455558731065992e+01,1.505389315963659236e+01
2.596456130322949463e+01,1.316597487021799218e+01
2.598456701914832934e+01,1.383301308180736555e+01
2.600457273506716405e+01,1.353866896676407450e+01
2.602457845098599520e+01,1.350473130489613105e+01
2.604458416690482991e+01,1.294165895609978101e+01
2.606458988282366462e+01,1.211628254889282275e+01
2.608459559874249933e+01,1.138516644736321659e+01
2.610460131466133404e+01,1.138627350785160885e+01
2.612460703058016520e+01,1.222124699232290723e+01
2.614461274649899991e+01,1.108117610815138754e+01
2.616461846241783462e+01,1.188642164966828751e+01
2.618462417833666933e+01,1.069265669815227326e+01
2.620462989425550404e+01,1.142930469381508019e+01
2.622463561017433520e+01,1.156449414763444850e+01
2.624464132609316991e+01,1.100164573024663284e+01
2.626464704201200462e+01,1.006343081835521502e+01
2.628465275793083933e+01,1.097286366691952608e+01
2.630465847384967049e+01,1.051642962581360230e+01
2.632466418976850520e+01,1.161684805679221633e+01
2.634466990568733991e+01,1.014920989214058444e+01
2.636467562160617462e+01,1.038236367717177977e+01
2.638468133752500933e+01,1.039645020601625802e+01
2.640468705344384048e+01,1.028158964081667825e+01
2.642469276936267519e+01,1.004492602340970286e+01
2.644469848528150990e+01,1.128322293097918383e+01
2.646470420120034461e+01,1.087737976046530086e+01
2.648470991711917932e+01,1.080020437198384542e+01
2.650471563303801048e+01,1.046494216361388219e+01
2.652472134895684519e+01,1.066045680879549806e+01
2.654472706487567990e+01,1.130386093871407205e+01
2.656473278079451461e+01,1.231014138348154852e+01
2.658473849671334932e+01,1.117445388640476800e+01
2.660474421263218048e+01,1.240327860749095912e+01
2.662474992855101519e+01,1.202576967725899948e+01
2.664475564446984990e+01,1.255981958634146523e+01
2.666476136038868461e+01,1.301613753159376330e+01
2.668476707630751577e+01,1.189983112670186749e+01
2.670477279222635048e+01,1.276192732563113275e+01
2.672477850814518519e+01,1.324823199081835057e+01
2.674478422406401990e+01,1.316746252777434556e+01
2.676478993998285461e+01,1.350982532809528003e+01
2.678479565590168576e+01,1.411511414657632812e+01
2.680480137182052047e+01,1.409280398053897621e+01
2.682480708773935518e+01,1.407536895521403508e+01
2.684481280365818989e+01,1.493903619156481177e+01
2.686481851957702460e+01,1.519740666275749774e+01
2.688482423549585576e+01,1.543030964799229743e+01
2.690482995141469047e+01,1.520766442016016384e+01
2.692483566733352518e+01,1.604543924839436642e+01
2.694484138325235989e+01,1.616770878987388826e+01
2.696484709917119105e+01,1.603670605585513087e+01
2.698485281509002576e+01,1.796370193657888592e+01
2.700485853100886047e+01,1.819000688999189563e+01
2.702486424692769518e+01,1.880601049084419074e+01
2.704486996284652989e+01,1.825531567707385605e+01
2.706487567876536104e+01,1.996447524281721186e+01
2.708488139468419575e+01,1.891105406298666836e+01
2.710488711060303046e+01,2.063747915580449543e+01
2.712489282652186517e+01,1.959836076976115748e+01
2.714489854244069988e+01,2.107041143215872836e+01
2.716490425835953104e+01,2.157206988966312622e+01
2.718490997427836575e+01,2.083215179586042964e+01
2.720491569019720046e+01,2.278344499924906685e+01
2.722492140611603517e+01,2.307709739852684194e+01
2.724492712203486633e+01,2.397850049693932561e+01
2.726493283795370104e+01,2.342664231428789634e+01
2.728493855387253575e+01,2.488656545086851679e+01
2.730494426979137046e+01,2.405945830506372118e+01
2.732494998571020517e+01,2.449105029019676394e+01
2.734495570162903633e+01,2.575402113178520480e+01
2.736496141754787104e+01,2.615424621090268431e+01
2.738496713346670575e+01,2.648184783631405637e+01
2.740497284938554046e+01,2.696508782422442607e+01
2.742497856530437517e+01,2.661662471723989398e+01
2.744498428122320632e+01,2.706116777662477091e+01
2.746498999714204103e+01,2.685063191495808255e+01
2.748499571306087574e+01,2.756263202553806124e+01
2.750500142897971045e+01,2.870446696073795323e+01
2.752500714489854516e+01,2.973943719339035141e+01
2.754501286081737632e+01,2.875100150300671231e+01
2.756501857673621103e+01,3.049429970035424020e+01
2.758502429265504574e+01,3.178565178994207230e+01
2.760503000857388045e+01,3.212451363298050921e+01
2.762503572449271161e+01,3.176498727857501336e+01
2.764504144041154632e+01,3.207039325104281602e+01
2.766504715633038103e+01,3.437983325811043755e+01
2.768505287224921574e+01,3.509327934204468136e+01
2.770505858816805045e+01,3.608595345330372339e+01
2.772506430408688161e+01,3.660449656485209147e+01
2.774507002000571632e+01,3.678424317598888393e+01
2.776507573592455103e+01,3.789977687928226402e+01
2.778508145184338574e+01,3.909170700201411108e+01
2.780508716776222045e+01,4.073407957019021808e+01
2.782509288368105160e+01,4.005615684951360578e+01
2.784509859959988631e+01,4.232595891163081347e+01
2.786510431551872102e+01,4.210895506454077264e+01
2.788511003143755573e+01,4.391530053495046104e+01
2.790511574735638689e+01,4.493991018643774993e+01
2.792512146327522160e+01,4.671133304784532214e+01
2.794512717919405631e+01,4.721046826659705431e+01
2.796513289511289102e+01,4.787719130776605425e+01
2.798513861103172573e+01,4.922520016409193033e+01
2.800514432695055689e+01,5.063009471157995023e+01
2.802515004286939160e+01,5.161689669524654533e+01
2.804515575878822631e+01,5.126549258113960406e+01
2.806516147470706102e+01,5.229325459113839969e+01
2.808516719062589573e+01,5.418997323254072995e+01
2.810517290654472689e+01,5.383837974187041908e+01
2.812517862246356160e+01,5.387420021147600835e+01
2.814518433838239631e+01,5.442313639016706617e+01
2.816519005430123102e+01,5.520932932622040568e+01
2.818519577022006217e+01,5.392409407108367958e+01
2.820520148613889688e+01,5.497261688685272674e+01
2.822520720205773159e+01,5.363006384994610443e+01
2.824521291797656630e+01,5.319675490678933727e+01
2.826521863389540101e+01,5.385051565343417224e+01
2.828522434981423217e+01,5.197406176839911041e+01
2.830523006573306688e+01,5.209548879848064473e+01
2.832523578165190159e+01,5.072637084216115255e+01
2.834524149757073630e+01,4.961853304352634098e+01
2.836524721348957101e+01,4.765025468901693273e+01
2.838525292940840217e+01,4.612397883908970897e+01
2.840525864532723688e+01,4.479707378972850762e+01
2.842526436124607159e+01,4.380621775196241430e+01
2.844527007716490630e+01,4.145283789712787836e+01
2.846527579308374101e+01,4.085837691554013418e+01
2.848528150900257216e+01,3.867336922892994266e+01
2.850528722492140687e+01,3.761532935961389512e+01
2.852529294084024158e+01,3.509931843641874138e+01
2.854529865675907629e+01,3.464922900129758432e+01
2.856530437267790745e+01,3.201256106163170045e+01
2.858531008859674216e+01,3.193930084266402503e+01
2.860531580451557687e+01,2.901804124941883245e+01
2.862532152043441158e+01,2.857262125855249479e+01
2.864532723635324629e+01,2.651775273938165967e+01
2.866533295227207745e+01,2.499267847186731117e+01
2.868533866819091216e+01,2.529736714751066273e+01
2.870534438410974687e+01,2.369921119887231242e+01
2.872535010002858158e+01,2.315631367873063340e+01
2.874535581594741629e+01,2.222792364081068328e+01
2.876536153186624745e+01,2.175570972026919492e+01
2.878536724778508216e+01,2.100803745173569226e+01
2.880537296370391687e+01,2.002415701606250664e+01
2.882537867962275158e+01,1.958176575662825414e+01
2.884538439554158273e+01,1.898660483899680074e+01
2.886539011146041744e+01,1.737484931988052494e+01
2.888539582737925215e+01,1.650331004284423031e+01
2.890540154329808686e+01,1.704260255276780711e+01
2.892540725921692157e+01,1.587227171153798366e+01
2.894541297513575273e+01,1.688425108969143551e+01
2.896541869105458744e+01,1.523914174908574459e+01
2.898542440697342215e+01,1.573101627195115881e+01
2.900543012289225686e+01,1.544312951179496629e+01
2.902543583881109157e+01,1.447331858289570761e+01
2.904544155472992273e+01,1.594226196257163330e+01
2.906544727064875744e+01,1.425898933293877135e+01
2.908545298656759215e+01,1.441184683596381255e+01
2.910545870248642686e+01,1.463521715295150472e+01
2.912546441840525802e+01,1.510618423598791438e+01
2.914547013432409273e+01,1.588213447268966938e+01
2.916547585024292744e+01,1.541558276953276874e+01
2.918548156616176215e+01,1.516979282967201748e+01
2.920548728208059686e+01,1.616137094902004989e+01
2.922549299799942801e+01,1.517438070594308286e+01
2.924549871391826272e+01,1.533064264741032723e+01
2.926550442983709743e+01,1.502795106158801630e+01
2.928551014575593214e+01,1.692744476418724986e+01
2.930551586167476685e+01,1.676215787815115732e+01
2.932552157759359801e+01,1.654341373010014848e+01
2.934552729351243272e+01,1.697674363403348607e+01
2.936553300943126743e+01,1.795901345873299348e+01
2.938553872535010214e+01,1.827435563168798183e+01
2.940554444126893330e+01,1.871569582648563568e+01
2.942555015718776801e+01,1.964108444267351317e+01
2.944555587310660272e+01,1.873979326070323381e+01
2.946556158902543743e+01,2.011553426672496414e+01
2.948556730494427214e+01,1.971229593957630044e+01
2.950557302086310330e+01,2.065783416557339791e+01
2.952557873678193801e+01,2.196347609989831540e+01
2.954558445270077272e+01,2.210918239575104849e+01
2.956559016861960743e+01,2.172509862372083589e+01
2.958559588453844214e+01,2.303879973710970219e+01
2.960560160045727329e+01,2.433316772476625900e+01
2.962560731637610800e+01,2.501092095571580387e+01
2.964561303229494271e+01,2.441299358218031657e+01
2.966561874821377742e+01,2.459513448060056007e+01
2.968562446413261213e+01,2.605407600412426916e+01
2.970563018005144329e+01,2.702156974609528817e+01
2.972563589597027800e+01,2.774543396165154974e+01
2.974564161188911271e+01,2.825711902338364467e+01
2.976564732780794742e+01,2.930609472870546739e+01
2.978565304372677858e+01,2.873743186060383081e+01
2.980565875964561329e+01,3.051613764316766009e+01
2.982566447556444800e+01,3.003503743022285732e+01
2.984567019148328271e+01,3.073243890936648626e+01
2.986567590740211742e+01,2.999246315343937397e+01
2.988568162332094857e+01,3.094108178215894966e+01
2.990568733923978328e+01,3.237423157556172981e+01
2.992569305515861799e+01,3.146485968748345030e+01
2.994569877107745270e+01,3.175167040343743352e+01
2.996570448699628741e+01,3.225668362741458139e+01
2.998571020291511857e+01,3.107045279005479799e+01
3.000571591883395328e+01,3.186363432970343368e+01
3.002572163475278799e+01,3.213863068738086071e+01
3.004572735067162270e+01,3.211066147411281690e+01
3.006573306659045386e+01,3.110419362027266033e+01
3.008573878250928857e+01,3.166432736639919554e+01
3.010574449842812328e+01,3.024513486102297222e+01
3.012575021434695799e+01,2.930517599686162100e+01
3.014575593026579270e+01,2.910660431670450521e+01
3.016576164618462386e+01,2.906671483822574942e+01
3.018576736210345857e+01,2.835258885964356779e+01
3.020577307802229328e+01,2.723428262238586584e+01
3.022577879394112799e+01,2.734337753366667911e+01
3.024578450985996270e+01,2.686957151093730189e+01
3.026579022577879385e+01,2.576804039065643437e+01
3.028579594169762856e+01,2.424901279442730839e+01
3.030580165761646327e+01,2.472484674179755970e+01
3.032580737353529798e+01,2.359024185399525209e+01
3.034581308945412914e+01,2.239067052219455078e+01
3.036581880537296385e+01,2.305003595834143582e+01
3.038582452129179856e+01,2.231689350970236774e+01
3.040583023721063327e+01,2.092958163242965242e+01
3.042583595312946798e+01,2.105871599143768691e+01
3.044584166904829914e+01,2.020954446560413231e+01
3.046584738496713385e+01,2.035026849140202287e+01
3.048585310088596856e+01,2.135311744095710296e+01
3.050585881680480327e+01,1.985755803932507746e+01
3.052586453272363798e+01,2.077725670025155580e+01
3.054587024864246914e+01,2.010618135644691407e+01
3.056587596456130385e+01,2.078585882172201593e+01
3.058588168048013856e+01,2.004499161487501624e+01
3.060588739639897327e+01,1.922738927727835900e+01
3.062589311231780798e+01,1.953519912119118018e+01
3.064589882823663913e+01,1.992183455537886161e+01
3.066590454415547384e+01,2.108120557279423934e+01
3.068591026007430855e+01,1.999630987415872951e+01
3.070591597599314326e+01,1.990693919221388697e+01
3.072592169191197442e+01,2.123319136911855054e+01
3.074592740783080913e+01,2.047867299889093573e+01
3.076593312374964384e+01,2.075851185841962732e+01
3.078593883966847855e+01,2.091613325841878535e+01
3.080594455558731326e+01,2.122886630984758582e+01
3.082595027150614442e+01,2.199741028688431044e+01
3.084595598742497913e+01,2.148107752533972103e+01
3.086596170334381384e+01,2.307430132595175465e+01
3.088596741926264855e+01,2.238994592080748802e+01
3.090597313518148326e+01,2.173590911726597952e+01
3.092597885110031442e+01,2.182275699535149016e+01
3.094598456701914913e+01,2.213479150460943501e+01
3.096599028293798384e+01,2.284711031178294505e+01
3.098599599885681855e+01,2.350177854623131068e+01
3.100600171477564970e+01,2.236030281505992434e+01
3.102600743069448441e+01,2.241895880802432828e+01
3.104601314661331912e+01,2.207839522168636748e+01
3.106601886253215383e+01,2.300289211882192930e+01
3.108602457845098854e+01,2.267531648062597682e+01
3.110603029436981970e+01,2.294005649179981177e+01
3.112603601028865441e+01,2.241344258870543626e+01
3.114604172620748912e+01,2.062168043671593054e+01
3.116604744212632383e+01,2.175001940942195233e+01
3.118605315804515854e+01,2.009956853008750599e+01
3.120605887396398970e+01,1.973102404085353712e+01
3.122606458988282441e+01,2.032166836575554925e+01
3.124607030580165912e+01,1.982131206270828372e+01
3.126607602172049383e+01,1.878410168476517583e+01
3.128608173763932498e+01,1.765009462328089640e+01
3.130608745355815969e+01,1.845472279317353781e+01
3.132609316947699440e+01,1.739987184764145667e+01
3.134609888539582911e+01,1.591222992464079056e+01
3.136610460131466382e+01,1.514984145845431129e+01
3.138611031723349498e+01,1.606125347717611263e+01
3.140611603315232969e+01,1.463522722344108828e+01
3.142612174907116440e+01,1.397508959799649197e+01
3.144612746498999911e+01,1.377602159452102804e+01
3.146613318090883382e+01,1.280779853981873195e+01
3.148613889682766498e+01,1.342717176393040113e+01
3.150614461274649969e+01,1.309043379600479717e+01
3.152615032866533440e+01,1.181509166944780276e+01
3.154615604458416911e+01,1.248428565074294916e+01
3.156616176050300382e+01,1.219852466589865969e+01
3.158616747642183498e+01,1.264187183374425238e+01
3.160617319234066969e+01,1.206192132385023896e+01
3.162617890825950440e+01,1.079082597723028059e+01
3.164618462417833911e+01,1.179843870581458276e+01
3.166619034009717026e+01,1.093821852203008760e+01
3.168619605601600497e+01,1.055975058756548002e+01
3.170620177193483968e+01,1.139586639976098859e+01
3.172620748785367439e+01,1.024632832000324001e+01
3.174621320377250910e+01,1.084336288925759639e+01
3.176621891969134026e+01,9.967930983105565801e+00
3.178622463561017497e+01,9.663622805027760165e+00
3.180623035152900968e+01,1.073717663594674931e+01
3.182623606744784439e+01,1.108263206129552536e+01
3.184624178336667910e+01,1.007809470061554968e+01
3.186624749928551026e+01,9.687038820402046113e+00
3.188625321520434497e+01,1.067539014869620395e+01
3.190625893112317968e+01,1.091193879111769505e+01
3.192626464704201439e+01,9.397828746223574115e+00
3.194627036296084555e+01,1.102189631772302647e+01
3.196627607887968026e+01,1.111551616799237152e+01
3.198628179479851497e+01,1.006440586847641150e+01
3.200628751071734968e+01,1.086313830150667137e+01
3.202629322663618439e+01,1.028739313201225336e+01
3.204629894255501199e+01,1.163154259469067853e+01
3.206630465847385381e+01,1.045198920988898905e+01
3.208631037439268141e+01,1.036291854331605400e+01
3.210631609031152323e+01,1.128013589741203404e+01
3.212632180623035083e+01,1.059073281339607142e+01
3.214632752214918554e+01,1.088908226360062237e+01
3.216633323806802025e+01,1.112361055608973537e+01
3.218633895398685496e+01,1.150459377356614254e+01
3.220634466990568967e+01,1.133510549135294454e+01
3.222635038582451728e+01,1.199941386945632793e+01
3.224635610174335909e+01,1.291911434271461268e+01
3.226636181766218670e+01,1.185816351478155894e+01
3.228636753358102851e+01,1.263083925026637111e+01
3.230637324949985612e+01,1.314353852395948863e+01
3.232637896541869083e+01,1.300248758311437491e+01
3.234638468133752554e+01,1.283123281603320187e+01
3.236639039725636025e+01,1.425506460490324834e+01
3.238639611317519496e+01,1.423476392517153855e+01
3.240640182909402967e+01,1.399567224307844882e+01
3.242640754501286438e+01,1.407305151009540189e+01
3.244641326093169198e+01,1.514705034547914586e+01
3.246641897685053380e+01,1.447130579631105896e+01
3.248642469276936140e+01,1.509535716476926126e+01
3.250643040868819611e+01,1.605209507863558116e+01
3.252643612460703082e+01,1.593189408863673151e+01
3.254644184052586553e+01,1.596493810074662356e+01
3.256644755644470024e+01,1.688149745484155062e+01
3.258645327236353495e+01,1.658783866186039546e+01
3.260645898828236966e+01,1.720079615852317190e+01
3.262646470420119726e+01,1.741682323084163997e+01
3.264647042012003908e+01,1.653107756047148058e+01
3.266647613603886668e+01,1.789451991331561942e+01
3.268648185195770850e+01,1.650665563134002056e+01
3.270648756787653610e+01,1.757995920697938885e+01
3.272649328379537081e+01,1.832312587380648594e+01
3.274649899971420552e+01,1.794585035117165361e+01
3.276650471563304023e+01,1.790756998189212013e+01
3.278651043155187494e+01,1.816831747563359301e+01
3.280651614747070255e+01,1.789749891092560219e+01
3.282652186338954436e+01,1.736491738761830916e+01
3.284652757930837197e+01,1.835633649107754550e+01
3.286653329522721378e+01,1.733194555148969940e+01
3.288653901114604139e+01,1.803387959841818855e+01
3.290654472706487610e+01,1.674991834464312390e+01
3.292655044298371081e+01,1.655855262621735235e+01
3.294655615890254552e+01,1.792932367253735038e+01
3.296656187482138023e+01,1.761184602405954891e+01
3.298656759074020783e+01,1.752265542163630485e+01
3.300657330665904965e+01,1.595660465051303767e+01
3.302657902257787725e+01,1.583298209394022216e+01
3.304658473849671907e+01,1.634640812006576027e+01
3.306659045441554667e+01,1.643396925288134724e+01
3.308659617033438138e+01,1.554118554996945001e+01
3.310660188625321609e+01,1.594454175058705836e+01
3.312660760217205080e+01,1.595145036905008951e+01
3.314661331809088551e+01,1.656588225146827398e+01
3.316661903400971312e+01,1.562286834210712883e+01
3.318662474992855493e+01,1.600747986278069135e+01
3.320663046584738254e+01,1.522218001624962191e+01
3.322663618176622435e+01,1.498403773982911069e+01
3.324664189768505196e+01,1.429059157820032944e+01
3.326664761360388667e+01,1.451104868844883100e+01
3.328665332952272138e+01,1.518496964539279226e+01
3.330665904544155609e+01,1.567102167700648252e+01
3.332666476136039080e+01,1.471572618891899253e+01
3.334667047727922551e+01,1.543257914064688663e+01
3.336667619319806022e+01,1.445160075937519828e+01
3.338668190911688782e+01,1.485455453240725454e+01
3.340668762503572964e+01,1.491862084079030737e+01
3.342669334095455724e+01,1.472593461979587737e+01
3.344669905687339195e+01,1.602657926501348840e+01
3.346670477279222666e+01,1.593889232391029864e+01
3.348671048871106137e+01,1.501171668479513244e+01
3.350671620462989608e+01,1.501922759561202092e+01
3.352672192054873079e+01,1.664124274905567447e+01
3.354672763646756550e+01,1.535275012648799553e+01
3.356673335238639311e+01,1.754456583798200597e+01
3.358673906830523492e+01,1.760575213171840403e+01
3.360674478422406253e+01,1.728774186195969875e+01
3.362675050014290434e+01,1.778759959678037816e+01
3.364675621606173195e+01,1.880187869684404589e+01
3.366676193198056666e+01,1.980955798093544473e+01
3.368676764789940137e+01,1.964089456057297411e+01
3.370677336381823608e+01,2.018458173115163845e+01
3.372677907973707079e+01,2.152316073560291798e+01
3.374678479565589839e+01,2.105366959580651098e+01
3.376679051157474021e+01,2.182212400941907049e+01
3.378679622749356781e+01,2.247977725118181525e+01
3.380680194341240963e+01,2.429477489240282395e+01
3.382680765933123723e+01,2.380017258974644889e+01
3.384681337525007194e+01,2.466779783351444522e+01
3.386681909116890665e+01,2.640425595634351552e+01
3.388682480708774136e+01,2.715916430728963959e+01
3.390683052300657607e+01,2.925888964446638241e+01
3.392683623892540368e+01,2.879815429915158020e+01
3.394684195484424549e+01,3.009110495720100431e+01
3.396684767076307310e+01,3.147239668171783578e+01
3.398685338668191491e+01,3.174565159059746122e+01
3.400685910260074252e+01,3.293100863965037917e+01
3.402686481851957723e+01,3.417510954388339428e+01
3.404687053443841194e+01,3.660414166955447257e+01
3.406687625035724665e+01,3.693394827350246601e+01
3.408688196627608136e+01,3.779220856967145181e+01
3.410688768219490896e+01,3.973130482355541204e+01
3.412689339811375078e+01,4.059739957364489271e+01
3.414689911403257838e+01,4.094551946291362299e+01
3.416690482995142020e+01,4.234409926270080859e+01
3.418691054587024780e+01,4.306133085285735973e+01
3.420691626178908251e+01,4.237957352928501820e+01
3.422692197770791722e+01,4.410963880540575133e+01
3.424692769362675193e+01,4.382667745768883805e+01
3.426693340954558664e+01,4.431871078095346661e+01
3.428693912546442135e+01,4.471430889000406950e+01
3.430694484138325606e+01,4.689772484501209249e+01
3.432695055730208367e+01,4.624604661564288932e+01
3.434695627322092548e+01,4.647852447733945525e+01
3.436696198913975309e+01,4.665598178602347446e+01
3.438696770505858780e+01,4.776014210853609399e+01
3.440697342097742251e+01,4.670943921840746071e+01
3.442697913689625722e+01,4.647165503069580694e+01
3.444698485281509193e+01,4.648406668053192448e+01
3.446699056873392664e+01,4.672997611431431153e+01
3.448699628465276135e+01,4.668775988248972197e+01
3.450700200057158895e+01,4.633603639243330008e+01
3.452700771649043077e+01,4.478039193168797283e+01
3.454701343240925837e+01,4.414617439965012125e+01
3.456701914832810019e+01,4.369510170715457065e+01
3.458702486424692779e+01,4.302999094171857308e+01
3.460703058016576250e+01,4.256674360299663107e+01
3.462703629608459721e+01,4.318324550860833710e+01
3.464704201200343192e+01,4.108296553997779199e+01
3.466704772792226663e+01,3.970387534721962908e+01
3.468705344384109424e+01,4.060921034405315311e+01
3.470705915975993605e+01,3.831137917707712859e+01
3.472706487567876366e+01,3.702022662977407208e+01
3.474707059159760547e+01,3.607007494553229066e+01
3.476707630751643308e+01,3.588035260515946590e+01
3.478708202343526779e+01,3.562444545623813497e+01
3.480708773935410250e+01,3.377195742987591842e+01
3.482709345527293721e+01,3.260974992385984450e+01
3.484709917119177192e+01,3.138754718902715268e+01
3.486710488711059952e+01,3.073046291502022953e+01
3.488711060302944134e+01,3.010455067568283383e+01
3.490711631894826894e+01,2.897134442580084368e+01
3.492712203486711076e+01,2.708476272957318542e+01
3.494712775078593836e+01,2.593082215955076464e+01
3.496713346670477307e+01,2.660962067752410931e+01
3.498713918262360778e+01,2.530354106975856610e+01
3.500714489854244249e+01,2.467031354558316281e+01
3.502715061446127720e+01,2.394901347366058886e+01
3.504715633038010481e+01,2.215337915377919131e+01
3.506716204629894662e+01,2.219454518244840102e+01
3.508716776221777423e+01,2.092605043006885168e+01
3.510717347813661604e+01,1.937408370883637332e+01
3.512717919405544365e+01,1.950407908245025013e+01
3.514718490997427836e+01,1.962570663334659571e+01
3.516719062589311307e+01,1.837782433921515945e+01
3.518719634181194778e+01,1.744574611341408499e+01
3.520720205773078249e+01,1.833093269067384412e+01
3.522720777364961720e+01,1.710476955904905338e+01
3.524721348956845191e+01,1.760393836749554097e+01
3.526721920548727951e+01,1.663670408322433758e+01
3.528722492140612133e+01,1.785149790184335572e+01
3.530723063732494893e+01,1.605730536613530290e+01
3.532723635324378364e+01,1.645994838961678752e+01
3.534724206916261835e+01,1.723687047096770542e+01
3.536724778508145306e+01,1.749055744114492583e+01
3.538725350100028777e+01,1.673049976318176491e+01
3.540725921691912248e+01,1.736619626653364890e+01
3.542726493283795719e+01,1.706728623767190811e+01
3.544727064875678479e+01,1.756023604493497459e+01
3.546727636467562661e+01,1.667240037312381773e+01
3.548728208059445421e+01,1.782619896271236470e+01
3.550728779651329603e+01,1.835005754726206817e+01
3.552729351243212363e+01,1.905508555577325325e+01
3.554729922835095834e+01,1.906690715733693153e+01
3.556730494426979305e+01,1.888222865296019748e+01
3.558731066018862776e+01,1.938431875363690793e+01
3.560731637610746247e+01,2.016912630470639556e+01
3.562732209202629008e+01,2.062280947783562368e+01
3.564732780794513189e+01,2.120694640882978277e+01
3.566733352386395950e+01,2.140358797808614355e+01
3.568733923978280131e+01,2.021611725409551141e+01
3.570734495570162892e+01,2.187343721177738942e+01
3.572735067162046363e+01,2.270789414580731602e+01
3.574735638753929834e+01,2.243703505185962754e+01
3.576736210345813305e+01,2.296075705543039902e+01
3.578736781937696776e+01,2.295314487045858698e+01
3.580737353529579536e+01,2.361655623922090896e+01
3.582737925121463718e+01,2.427561801755763327e+01
3.584738496713346478e+01,2.403239722593662009e+01
3.586739068305230660e+01,2.307860965262134201e+01
3.588739639897113420e+01,2.448881107014731739e+01
3.590740211488996891e+01,2.482776962940753407e+01
3.592740783080880362e+01,2.450657692219972716e+01
3.594741354672763833e+01,2.359556687927603136e+01
3.596741926264647304e+01,2.377991262454887789e+01
3.598742497856530065e+01,2.416413937021086156e+01
3.600743069448414246e+01,2.417822974886660603e+01
3.602743641040297007e+01,2.423196237466714820e+01
3.604744212632181188e+01,2.284408432235762021e+01
3.606744784224063949e+01,2.384798188849917366e+01
3.608745355815947420e+01,2.292303128322287264e+01
3.610745927407830891e+01,2.232823218017170674e+01
3.612746498999714362e+01,2.211344457344808134e+01
3.614747070591597833e+01,2.260334898828402217e+01
3.616747642183481304e+01,2.165613580229915058e+01
3.618748213775364775e+01,1.976093443721837772e+01
3.620748785367247535e+01,1.958735809874838552e+01
3.622749356959131717e+01,1.888304524585297983e+01
3.624749928551014477e+01,1.982512387427498268e+01
3.626750500142897948e+01,1.841841118833094626e+01
3.628751071734781419e+01,1.878683179938278869e+01
3.630751643326664890e+01,1.843275708376093647e+01
3.632752214918548361e+01,1.616332318823805636e+01
3.634752786510431832e+01,1.639100565890825933e+01
3.636753358102315303e+01,1.631672231744375168e+01
3.638753929694198064e+01,1.521480074930397564e+01
3.640754501286082245e+01,1.476823538345999154e+01
3.642755072877965006e+01,1.510723240589191363e+01
3.644755644469849187e+01,1.501875365133112616e+01
3.646756216061731948e+01,1.403946197806028806e+01
3.648756787653615419e+01,1.416313444640620389e+01
3.650757359245498890e+01,1.443611572687904321e+01
3.652757930837382361e+01,1.421850924342485989e+01
3.654758502429265832e+01,1.445153997910441035e+01
3.656759074021148592e+01,1.411686969021078220e+01
3.658759645613032774e+01,1.347246665515503139e+01
3.660760217204915534e+01,1.400575509943943509e+01
3.662760788796799716e+01,1.335633984682666231e+01
3.664761360388682476e+01,1.442280962289654411e+01
3.666761931980565947e+01,1.318795269707079321e+01
3.668762503572449418e+01,1.305488618111411725e+01
3.670763075164332889e+01,1.462268102774971901e+01
3.672763646756216360e+01,1.355110400790037772e+01
3.674764218348099121e+01,1.419250599859600648e+01
3.676764789939983302e+01,1.395007223378696892e+01
3.678765361531866063e+01,1.390517186936573957e+01
3.680765933123750244e+01,1.421695918807577996e+01
3.682766504715633005e+01,1.516729170551883321e+01
3.684767076307516476e+01,1.600785250019743700e+01
3.686767647899399947e+01,1.499349790714757447e+01
3.688768219491283418e+01,1.521475652556083702e+01
3.690768791083166889e+01,1.653407840823876285e+01
3.692769362675049649e+01,1.608228457918090015e+01
3.694769934266933831e+01,1.765984616289734177e+01
3.696770505858816591e+01,1.657557574764329189e+01
3.698771077450700773e+01,1.785273150100206507e+01
3.700771649042583533e+01,1.794226945747559654e+01
3.702772220634467004e+01,1.857842702375826249e+01
3.704772792226350475e+01,1.791829988930501472e+01
3.706773363818233946e+01,1.913828862071763126e+01
3.708773935410117417e+01,1.908981444478135003e+01
3.710774507002000888e+01,1.866224485601736305e+01
3.712775078593884359e+01,1.927299923381558244e+01
3.714775650185767120e+01,2.016591031127335754e+01
3.716776221777651301e+01,2.074229967230461114e+01
3.718776793369534062e+01,1.915795431601955201e+01
3.720777364961417533e+01,1.998013705914385696e+01
3.722777936553301004e+01,2.081373871234833572e+01
3.724778508145184475e+01,2.014820343526660551e+01
3.726779079737067946e+01,1.945780784511754291e+01
3.728779651328951417e+01,1.911516736455905985e+01
3.730780222920834888e+01,2.011119073661544832e+01
3.732780794512717648e+01,1.966308433639452602e+01
3.734781366104601830e+01,1.964086833003308641e+01
3.736781937696484590e+01,1.897710804497583581e+01
3.738782509288368772e+01,1.794583725122496887e+01
3.740783080880251532e+01,1.849758032581360823e+01
3.742783652472135003e+01,1.812694442188158916e+01
3.744784224064018474e+01,1.741591552217743200e+01
3.746784795655901945e+01,1.732504111803732982e+01
3.748785367247785416e+01,1.660435712032144195e+01
3.750785938839668177e+01,1.568691775163189028e+01
3.752786510431552358e+01,1.508150170683382996e+01
3.754787082023435119e+01,1.449920200511995105e+01
3.756787653615319300e+01,1.430614909396992651e+01
3.758788225207202061e+01,1.414061474092895310e+01
3.760788796799085532e+01,1.348519369779366350e+01
3.762789368390969003e+01,1.252494619553600153e+01
3.764789939982852474e+01,1.209022695820755011e+01
3.766790511574735945e+01,1.338530829249793186e+01
3.768791083166618705e+01,1.286987736177769648e+01
3.770791654758502887e+01,1.180504929754304122e+01
3.772792226350385647e+01,1.065405232986866935e+01
3.774792797942269829e+01,1.175544556512089400e+01
3.776793369534152589e+01,1.062662565717074514e+01
3.778793941126036060e+01,1.123598245445061572e+01
3.780794512717919531e+01,9.650265800914725745e+00
3.782795084309803002e+01,1.040129583414216974e+01
3.784795655901686473e+01,1.008894617505152169e+01
3.786796227493569234e+01,1.021028345687656014e+01
3.788796799085453415e+01,1.039922142350805423e+01
3.790797370677336176e+01,8.838166171475588584e+00
3.792797942269220357e+01,8.842261579075941569e+00
3.794798513861103118e+01,8.852095854241083472e+00
3.796799085452986589e+01,9.957287165700108744e+00
3.798799657044870060e+01,9.881793740323006503e+00
3.800800228636753531e+01,9.776736136187098580e+00
3.802800800228637002e+01,9.606101572469347261e+00
3.804801371820520473e+01,9.362177573967471744e+00
3.806801943412403944e+01,8.324703203043851474e+00
3.808802515004286704e+01,8.530106732842444472e+00
3.810803086596170886e+01,7.919570766623273528e+00
3.812803658188053646e+01,8.916589127601465492e+00
3.814804229779937117e+01,8.018874978232167550e+00
3.816804801371820588e+01,8.026864743948452841e+00
3.818805372963704059e+01,8.748458266240525916e+00
3.820805944555587530e+01,8.536217102010528635e+00
3.822806516147471001e+01,8.290987187122984992e+00
3.824807087739354472e+01,8.175871695485641411e+00
3.826807659331237232e+01,8.946372876903080140e+00
3.828808230923121414e+01,7.704575645214720936e+00
3.830808802515004174e+01,7.459286088912359780e+00
3.832809374106888356e+01,8.550483237530148273e+00
3.834809945698771116e+01,7.134123199960594519e+00
3.836810517290654587e+01,7.664393335921605654e+00
3.838811088882538058e+01,7.119724897755500770e+00
3.840811660474421529e+01,8.379275586019337752e+00
3.842812232066305000e+01,8.403509732515560771e+00
3.844812803658187761e+01,8.579917001284512068e+00
3.846813375250071942e+01,7.044808494130366583e+00
3.848813946841954703e+01,8.725977184898271233e+00
3.850814518433838884e+01,7.654344723514581617e+00
3.852815090025721645e+01,8.779836851831307243e+00
3.854815661617605116e+01,8.169944419936356894e+00
3.856816233209488587e+01,7.892870472385966174e+00
3.858816804801372058e+01,7.959556653069112642e+00
3.860817376393255529e+01,8.595526096799227744e+00
3.862817947985138289e+01,8.733374582933821628e+00
3.864818519577022471e+01,8.652303894629888248e+00
3.866819091168905231e+01,8.118449819935628753e+00
3.868819662760789413e+01,7.509453600228017223e+00
3.870820234352672173e+01,8.981095106615104129e+00
3.872820805944555644e+01,8.392273024836798712e+00
3.874821377536439115e+01,8.712412507712611998e+00
3.876821949128322586e+01,7.807631178991138121e+00
3.878822520720206057e+01,8.057530176349551709e+00
3.880823092312088818e+01,8.459161703876883820e+00
3.882823663903972999e+01,9.268361801251911558e+00
3.884824235495855760e+01,7.461322253417294270e+00
3.886824807087739941e+01,9.417661098028252908e+00
3.888825378679622702e+01,7.808451272754946437e+00
3.890825950271506173e+01,8.069946211853826767e+00
3.892826521863389644e+01,7.921462284801179088e+00
3.894827093455273115e+01,8.899849482692234304e+00
3.896827665047156586e+01,9.524799679738867653e+00
3.898828236639040057e+01,8.974594622022285861e+00
3.900828808230923528e+01,9.335574601873057432e+00
3.902829379822806288e+01,8.191723164434531412e+00
3.904829951414690470e+01,9.635464696003769092e+00
3.906830523006573230e+01,1.018955344665780771e+01
3.908831094598456701e+01,9.378946918827004708e+00
3.910831666190340172e+01,1.028309826753247158e+01
3.912832237782223643e+01,9.671221708216167556e+00
3.914832809374107114e+01,9.847613172743271193e+00
3.916833380965990585e+01,1.034657169734928495e+01
3.918833952557874056e+01,1.076683676884123386e+01
3.920834524149756817e+01,9.416762320807855247e+00
3.922835095741640998e+01,1.048889048054587114e+01
3.924835667333523759e+01,1.010987036527220084e+01
3.926836238925407940e+01,1.115104965074752563e+01
3.928836810517290701e+01,1.003462818885923014e+01
3.930837382109174172e+01,1.043346172568533348e+01
3.932837953701057643e+01,1.193677014066930830e+01
3.934838525292941114e+01,1.189265242035825842e+01
3.936839096884824585e+01,1.227345622567973749e+01
3.938839668476707345e+01,1.263661517877633145e+01
3.940840240068591527e+01,1.307483299270523958e+01
3.942840811660474287e+01,1.309064282591289263e+01
3.944841383252358469e+01,1.410887693364971263e+01
3.946841954844241229e+01,1.380189957740555329e+01
3.948842526436124700e+01,1.477988569153111520e+01
3.950843098028008171e+01,1.351007909702818210e+01
3.952843669619891642e+01,1.407996833204528286e+01
3.954844241211775113e+01,1.405802579441305511e+01
3.956844812803657874e+01,1.614829687945047354e+01
3.958845384395542055e+01,1.659018051143286954e+01
3.960845955987424816e+01,1.530438875148453093e+01
3.962846527579308997e+01,1.643160327761347972e+01
3.964847099171191758e+01,1.719558562828955317e+01
3.966847670763075229e+01,1.682924655366471711e+01
3.968848242354958700e+01,1.867528497204942184e+01
3.970848813946842171e+01,1.849903019466280796e+01
3.972849385538725642e+01,1.875880238245681397e+01
3.974849957130608402e+01,1.945880187877058987e+01
3.976850528722492584e+01,2.006866294556484220e+01
3.978851100314375344e+01,2.039038653338594997e+01
3.980851671906259526e+01,2.130672347910261166e+01
3.982852243498142286e+01,2.111047611381852818e+01
3.984852815090025757e+01,2.263934261289839256e+01
3.986853386681909228e+01,2.254652859611139348e+01
3.988853958273792699e+01,2.327296095030698808e+01
3.990854529865676170e+01,2.442182372635437915e+01
3.992855101457559641e+01,2.512415301301701831e+01
3.994855673049443112e+01,2.622497585067068826e+01
3.996856244641325873e+01,2.636666310924714551e+01
3.998856816233210054e+01,2.586489912864343310e+01
4.000857387825092815e+01,2.807756871130571596e+01
4.002857959416976286e+01,2.680281089535403538e+01
4.004858531008859757e+01,2.792836547802195923e+01
4.006859102600743228e+01,2.917532240719252812e+01
4.008859674192626699e+01,2.876478333598394954e+01
4.010860245784510170e+01,2.898065854752022474e+01
4.012860817376393641e+01,2.946181305520737581e+01
4.014861388968276401e+01,3.078978930141398607e+01
4.016861960560160583e+01,3.069246724901666923e+01
4.018862532152043343e+01,2.960669400967421794e+01
4.020863103743927525e+01,3.050692171373682271e+01
4.022863675335810285e+01,3.069295882060886171e+01
4.024864246927693756e+01,3.071641176048350985e+01
4.026864818519577227e+01,3.056040283595936913e+01
4.028865390111460698e+01,3.056677602718759346e+01
4.030865961703344169e+01,3.102680224315507829e+01
4.032866533295226930e+01,3.104773868048372165e+01
4.034867104887111111e+01,2.984049179608406988e+01
4.036867676478993872e+01,3.031536990928659137e+01
4.038868248070878053e+01,2.976961268076892608e+01
4.040868819662760814e+01,3.088190106523719436e+01
4.042869391254644285e+01,2.975137776658007027e+01
4.044869962846527756e+01,2.953584779233603541e+01
4.046870534438411227e+01,2.857572547162633825e+01
4.048871106030294698e+01,2.943727488146066662e+01
4.050871677622177458e+01,2.963209075722658525e+01
4.052872249214061640e+01,2.938358891944168505e+01
4.054872820805944400e+01,2.929625427389462189e+01
4.056873392397828582e+01,2.798641919434276915e+01
4.058873963989711342e+01,2.812156546655361211e+01
4.060874535581594813e+01,2.740375476055444182e+01
4.062875107173478284e+01,2.806197477655425843e+01
4.064875678765361755e+01,2.764931749228790281e+01
4.066876250357245226e+01,2.828450609431487095e+01
4.068876821949127986e+01,2.817015712992022358e+01
4.070877393541012168e+01,2.919955057671607790e+01
4.072877965132894929e+01,2.915134134690690004e+01
4.074878536724779110e+01,2.797000328882286979e+01
4.076879108316661871e+01,2.867762887496062163e+01
4.078879679908545342e+01,2.883299567210963588e+01
4.080880251500428813e+01,2.858732753831046125e+01
4.082880823092312284e+01,2.988289755757087107e+01
4.084881394684195755e+01,2.904589701487404341e+01
4.086881966276079226e+01,2.865190295493923500e+01
4.088882537867962697e+01,2.942636426351849366e+01
4.090883109459845457e+01,2.951867988980302826e+01
4.092883681051729639e+01,2.993709700635996995e+01
4.094884252643612399e+01,3.051591255210035314e+01
4.096884824235495870e+01,2.939819246990444768e+01
4.098885395827379341e+01,3.131338694267521561e+01
4.100885967419262812e+01,3.151168363456531907e+01
4.102886539011146283e+01,3.129057163859008739e+01
4.104887110603029754e+01,3.034903855548956031e+01
4.106887682194913225e+01,3.011857759542299462e+01
4.108888253786795985e+01,3.139154549586717025e+01
4.110888825378680167e+01,3.071130583295127181e+01
4.112889396970562927e+01,3.038219131312624199e+01
4.114889968562447109e+01,3.153179073063148508e+01
4.116890540154329869e+01,3.062880776257173210e+01
4.118891111746213340e+01,3.031936819186154608e+01
4.120891683338096811e+01,3.054020119057931737e+01
4.122892254929980282e+01,3.020530366738021755e+01
4.124892826521863753e+01,3.124556199803545198e+01
4.126893398113746514e+01,3.118775835016943887e+01
4.128893969705630695e+01,3.101442995605496122e+01
4.130894541297513456e+01,2.938807228680881778e+01
4.132895112889397637e+01,2.932985188612445526e+01
4.134895684481280398e+01,3.018068571424790747e+01
4.136896256073163869e+01,2.876843894454848538e+01
4.138896827665047340e+01,2.800842555164456016e+01
4.140897399256930811e+01,2.892261618909570942e+01
4.142897970848814282e+01,2.902951397191253236e+01
4.144898542440697042e+01,2.751494684135589708e+01
4.146899114032581224e+01,2.634827199265119546e+01
4.148899685624463984e+01,2.603261356606103050e+01
4.150900257216348166e+01,2.693640491816375970e+01
4.152900828808230926e+01,2.485011989130628152e+01
4.154901400400114397e+01,2.545519928288737077e+01
4.156901971991997868e+01,2.515116550727276490e+01
4.158902543583881339e+01,2.387451470539965115e+01
4.160903115175764810e+01,2.328921308272403223e+01
4.162903686767647571e+01,2.335710156322662456e+01
4.164904258359531752e+01,2.135366997182599391e+01
4.166904829951414513e+01,2.126431211815533118e+01
4.168905401543298694e+01,2.132515348967625712e+01
4.170905973135181455e+01,1.940270718085346502e+01
4.172906544727064926e+01,1.905910284956862455e+01
4.174907116318948397e+01,1.942381242649015505e+01
4.176907687910831868e+01,1.879392328887388430e+01
4.178908259502715339e+01,1.798097906583103978e+01
4.180908831094598810e+01,1.764827916785626982e+01
4.182909402686482281e+01,1.726811114013675663e+01
4.184909974278365041e+01,1.659102654062357729e+01
4.186910545870249223e+01,1.641820626981980169e+01
4.188911117462131983e+01,1.635947740923120719e+01
4.190911689054015454e+01,1.627079358645824669e+01
4.192912260645898925e+01,1.522169001646794939e+01
4.194912832237782396e+01,1.426004507655201081e+01
4.196913403829665867e+01,1.435812208696367165e+01
4.198913975421549338e+01,1.470950924875699251e+01
4.200914547013432809e+01,1.410403514813337367e+01
4.202915118605316280e+01,1.404722267995739315e+01
4.204915690197199041e+01,1.534900688133060775e+01
4.206916261789082512e+01,1.500725770069876042e+01
4.208916833380965983e+01,1.545335845887034054e+01
4.210917404972849454e+01,1.466106922401920443e+01
4.212917976564732925e+01,1.554242331890330853e+01
4.214918548156616396e+01,1.449973509835363572e+01
4.216919119748499867e+01,1.401190432886228976e+01
4.218919691340383338e+01,1.483332551604947724e+01
4.220920262932266809e+01,1.469038450836934651e+01
4.222920834524150280e+01,1.524834400704901860e+01
4.224921406116033040e+01,1.553890525160895919e+01
4.226921977707916511e+01,1.590766002469261053e+01
4.228922549299799982e+01,1.600314194645860866e+01
4.230923120891683453e+01,1.559288161114689686e+01
4.232923692483566924e+01,1.500766156708363575e+01
4.234924264075450395e+01,1.649790692998734087e+01
4.236924835667333866e+01,1.539858434908084206e+01
4.238925407259217337e+01,1.676693516357322267e+01
4.240925978851100808e+01,1.560684378393631988e+01
4.242926550442983569e+01,1.645895938665687197e+01
4.244927122034867040e+01,1.583525352482811677e+01
4.246927693626750511e+01,1.746550867365114712e+01
4.248928265218633982e+01,1.701033801698357806e+01
4.250928836810517453e+01,1.609052049556317954e+01
4.252929408402400924e+01,1.643199373613908421e+01
4.254929979994284395e+01,1.739775673417264201e+01
4.256930551586167866e+01,1.669916015531245179e+01
4.258931123178051337e+01,1.701185138979687750e+01
4.260931694769934097e+01,1.726435005499643438e+01
4.262932266361817568e+01,1.653215219756745213e+01
4.264932837953701039e+01,1.691633664971795525e+01
4.266933409545584510e+01,1.637558749298447935e+01
4.268933981137467981e+01,1.638251413428689318e+01
4.270934552729351452e+01,1.635318509075642623e+01
4.272935124321234923e+01,1.627616442808124120e+01
4.274935695913118394e+01,1.659844700656190497e+01
4.276936267505001865e+01,1.760067213444141032e+01
4.278936839096885336e+01,1.654195680121978640e+01
4.280937410688768097e+01,1.699604908060250708e+01
4.282937982280651568e+01,1.674727889828945848e+01
4.284938553872535039e+01,1.664659833195785055e+01
4.286939125464418510e+01,1.705915281550096907e+01
4.288939697056301981e+01,1.643710101586880867e+01
4.290940268648185452e+01,1.672626178286149923e+01
4.292940840240068923e+01,1.714960547846224159e+01
4.294941411831952394e+01,1.720490584864861816e+01
4.296941983423835865e+01,1.783119202569303852e+01
4.298942555015718625e+01,1.788885150916469158e+01
4.300943126607602096e+01,1.756050819992791645e+01
4.302943698199485567e+01,1.745457634978836481e+01
4.304944269791369038e+01,1.790005942334672895e+01
4.306944841383252509e+01,1.920990928294130029e+01
4.308945412975135980e+01,1.816224058644076322e+01
4.310945984567019451e+01,1.823975337171371081e+01
4.312946556158902922e+01,1.868825200181606405e+01
4.314947127750786393e+01,1.886990072534977969e+01
4.316947699342669864e+01,1.907584192932422340e+01
4.318948270934552625e+01,1.995257829026644814e+01
4.320948842526436096e+01,1.962907977302133489e+01
4.322949414118319567e+01,1.909301131893437642e+01
4.324949985710203038e+01,1.946553310632963019e+01
4.326950557302086509e+01,1.893873434691033353e+01
4.328951128893969980e+01,1.912000258319688939e+01
4.330951700485853451e+01,1.917547868228572483e+01
4.332952272077736922e+01,2.028503371337078676e+01
4.334952843669620393e+01,1.931485049015432409e+01
4.336953415261503153e+01,1.923108606090370998e+01
4.338953986853386624e+01,1.934629974719074497e+01
4.340954558445270095e+01,2.119965062761489349e+01
4.342955130037153566e+01,2.140839203221872467e+01
4.344955701629037037e+01,2.107472837541529032e+01
4.346956273220920508e+01,2.111166383408877678e+01
4.348956844812803979e+01,2.059026999453859830e+01
4.350957416404687450e+01,2.067314470562834572e+01
4.352957987996570921e+01,2.157187250987058391e+01
4.354958559588453681e+01,2.195713393174948180e+01
4.356959131180337153e+01,2.312688595582722328e+01
4.358959702772220624e+01,2.214546077821395897e+01
4.360960274364104095e+01,2.217959997215847423e+01
4.362960845955987566e+01,2.272672472099850438e+01
4.364961417547871037e+01,2.381067808310062617e+01
4.366961989139754508e+01,2.415013094978468189e+01
4.368962560731637979e+01,2.513669959575355861e+01
4.370963132323521450e+01,2.597184769168742235e+01
4.372963703915404921e+01,2.695092010754424194e+01
4.374964275507287681e+01,2.761090569756430213e+01
4.376964847099171152e+01,2.756271797243263677e+01
4.378965418691054623e+01,2.712728052676459711e+01
4.380965990282938094e+01,2.846406573970926956e+01
4.382966561874821565e+01,3.025059921635648408e+01
4.384967133466705036e+01,2.983634002441739597e+01
4.386967705058588507e+01,3.075894608199378055e+01
4.388968276650471978e+01,3.182223522371904778e+01
4.390968848242355449e+01,3.107199582984450004e+01
4.392969419834238209e+01,3.249101472964429149e+01
4.394969991426121680e+01,3.255353303483195759e+01
4.396970563018005151e+01,3.419763659665733257e+01
4.398971134609888622e+01,3.349462841896199450e+01
4.400971706201772093e+01,3.506442203266796298e+01
4.402972277793655564e+01,3.552720023793062154e+01
4.404972849385539035e+01,3.558948246364786883e+01
4.406973420977422506e+01,3.601468296778916311e+01
4.408973992569305977e+01,3.595493032043128068e+01
4.410974564161189448e+01,3.574888155396077849e+01
4.412975135753072209e+01,3.519556718058027656e+01
4.414975707344955680e+01,3.507800082261426411e+01
4.416976278936839151e+01,3.498963847658860260e+01
4.418976850528722622e+01,3.478306063324106390e+01
4.420977422120606093e+01,3.531514505790882907e+01
4.422977993712489564e+01,3.414373585445000003e+01
4.424978565304373035e+01,3.392494421132582261e+01
4.426979136896256506e+01,3.391660274828156929e+01
4.428979708488139977e+01,3.306264000975758677e+01
4.430980280080022737e+01,3.231083528592500898e+01
4.432980851671906208e+01,3.108400065933343015e+01
4.434981423263789679e+01,3.122329395786560724e+01
4.436981994855673150e+01,2.955099464198388048e+01
4.438982566447556621e+01,2.938066740977210856e+01
4.440983138039440092e+01,2.826211887833455805e+01
4.442983709631323563e+01,2.756907678757650615e+01
4.444984281223207034e+01,2.707327218467811747e+01
4.446984852815090505e+01,2.501102061097749996e+01
4.448985424406973266e+01,2.501686457227498295e+01
4.450985995998856737e+01,2.496289174526759780e+01
4.452986567590740208e+01,2.444738585286949473e+01
4.454987139182623679e+01,2.359844037947437911e+01
4.456987710774507150e+01,2.242874928881080621e+01
4.458988282366390621e+01,2.174742176701956708e+01
4.460988853958274092e+01,2.103144123594688963e+01
4.462989425550157563e+01,2.075810687003129118e+01
4.464989997142041034e+01,2.158016445506692094e+01
4.466990568733924505e+01,1.994250223132615218e+01
4.468991140325807265e+01,2.098673666793658654e+01
4.470991711917690736e+01,1.990736334512520145e+01
4.472992283509574207e+01,2.014933122677555843e+01
4.474992855101457678e+01,1.851082994781028646e+01
4.476993426693341149e+01,1.908544196562668205e+01
4.478993998285224620e+01,2.000360893018888575e+01
4.480994569877108091e+01,1.837783571101992663e+01
4.482995141468991562e+01,1.802986450735684087e+01
4.484995713060875033e+01,1.815590119983713180e+01
4.486996284652757794e+01,1.819539553096692686e+01
4.488996856244641265e+01,1.773398485717989459e+01
4.490997427836524736e+01,1.773002244566991337e+01
4.492997999428408207e+01,1.694969170911133816e+01
4.494998571020291678e+01,1.818862726719242318e+01
4.496999142612175149e+01,1.640623223441979306e+01
4.498999714204058620e+01,1.667227327477013077e+01
4.501000285795942091e+01,1.641520423892016822e+01
4.503000857387825562e+01,1.740286855011625278e+01
4.505001428979709033e+01,1.641077059798558579e+01
4.507002000571591793e+01,1.507560587578562661e+01
4.509002572163475264e+01,1.498565253092928273e+01
4.511003143755358735e+01,1.483510084188475986e+01
4.513003715347242206e+01,1.482148767083442209e+01
4.515004286939125677e+01,1.458829516292823136e+01
4.517004858531009148e+01,1.388044943400581666e+01
4.519005430122892619e+01,1.339631951674646970e+01
4.521006001714776090e+01,1.376732344649208351e+01
4.523006573306659561e+01,1.339022529924586280e+01
4.525007144898542322e+01,1.198305421060970666e+01
4.527007716490425793e+01,1.195994987441833324e+01
4.529008288082309264e+01,1.231624361209513552e+01
4.531008859674192735e+01,1.234408141921082169e+01
4.533009431266076206e+01,1.135939648023511062e+01
4.535010002857959677e+01,1.161917191459969523e+01
4.537010574449843148e+01,1.176277285922071947e+01
4.539011146041726619e+01,1.156448908464939684e+01
4.541011717633610090e+01,9.921193313161591476e+00
4.543012289225492850e+01,1.066419684569742188e+01
4.545012860817376321e+01,9.589755877888171298e+00
4.547013432409259792e+01,9.689860206600084069e+00
4.549014004001143263e+01,9.529224395260708746e+00
4.551014575593026734e+01,9.213600036325171772e+00
4.553015147184910205e+01,9.560042665509985937e+00
4.555015718776793676e+01,8.596039283633183814e+00
4.557016290368677147e+01,8.597601439323257821e+00
4.559016861960560618e+01,9.579491685892122632e+00
4.561017433552444089e+01,8.419110108727238639e+00
4.563018005144326850e+01,8.798804851269759197e+00
4.565018576736210321e+01,8.131389577607823327e+00
4.567019148328093792e+01,7.869174944533554594e+00
4.569019719919977263e+01,8.726878986047429620e+00
4.571020291511860734e+01,9.452105441597382196e+00
4.573020863103744205e+01,8.701880406234385745e+00
4.575021434695627676e+01,9.425438806494508270e+00
4.577022006287511147e+01,7.923798856678491376e+00
4.579022577879394618e+01,7.705121002662945529e+00
4.581023149471277378e+01,7.843975286733274821e+00
4.583023721063160849e+01,8.785564098944197653e+00
4.585024292655044320e+01,7.902165565110728984e+00
4.587024864246927791e+01,7.567659058137199857e+00
4.589025435838811262e+01,8.051329327145763770e+00
4.591026007430694733e+01,7.244610327779023251e+00
4.593026579022578204e+01,7.870600975656926401e+00
4.595027150614461675e+01,8.161981149767269628e+00
4.597027722206345146e+01,8.305431223211506619e+00
4.599028293798228617e+01,7.270492061321871979e+00
4.601028865390111378e+01,7.344330730450750799e+00
4.603029436981994849e+01,7.106892120938939073e+00
4.605030008573878320e+01,7.956746792452940475e+00
4.607030580165761791e+01,7.619704215310175499e+00
4.609031151757645262e+01,7.217834747522315908e+00
4.611031723349528733e+01,7.587508636171583554e+00
4.613032294941412204e+01,8.834745587546750656e+00
4.615032866533295675e+01,7.849572705542187556e+00
4.617033438125179146e+01,7.558139601077973779e+00
4.619034009717061906e+01,7.404463855426150154e+00
4.621034581308945377e+01,8.210947509161389490e+00
4.623035152900828848e+01,8.755000416196537572e+00
4.625035724492712319e+01,7.413863117759786014e+00
4.627036296084595790e+01,8.274593594549878972e+00
4.629036867676479261e+01,7.375540874772766209e+00
4.631037439268362732e+01,7.552508797859121437e+00
4.633038010860246203e+01,7.079093466065414120e+00
4.635038582452129674e+01,8.005119691429930739e+00
4.637039154044012434e+01,7.724445385280108489e+00
4.639039725635895905e+01,7.577129247237293974e+00
4.641040297227779376e+01,7.442621080896356212e+00
4.643040868819662847e+01,8.252292275151546619e+00
4.645041440411546319e+01,7.846870641059562779e+00
4.647042012003429790e+01,7.730381729686827796e+00
4.649042583595313261e+01,8.554978726404874223e+00
4.651043155187196732e+01,8.364155440824427856e+00
4.653043726779080203e+01,8.435344002370001704e+00
4.655044298370963674e+01,7.763558755800335831e+00
4.657044869962846434e+01,8.481403340573910654e+00
4.659045441554729905e+01,8.161099962857456092e+00
4.661046013146613376e+01,8.743253543430020258e+00
4.663046584738496847e+01,8.709546901264644703e+00
4.665047156330380318e+01,7.510416060930640292e+00
4.667047727922263789e+01,7.293364741883119784e+00
4.669048299514147260e+01,8.429649318099034616e+00
4.671048871106030731e+01,7.586835139362712255e+00
4.673049442697914202e+01,7.021098728422448865e+00
4.675050014289796962e+01,8.896738659938945304e+00
4.677050585881680433e+01,7.576656210842195982e+00
4.679051157473563904e+01,8.135706595655889828e+00
4.681051729065447375e+01,7.681986984166424115e+00
4.683052300657330846e+01,7.744661189506439669e+00
4.685052872249214317e+01,7.395372691964972489e+00
4.687053443841097788e+01,8.230855455470917903e+00
4.689054015432981259e+01,7.927533547809709091e+00
4.691054587024864730e+01,7.611022404535177088e+00
4.693055158616748201e+01,8.782276621630936475e+00
4.695055730208630962e+01,8.446531195551406412e+00
4.697056301800514433e+01,8.227410681742895804e+00
4.699056873392397904e+01,9.830939686668473954e+00
4.701057444984281375e+01,8.368058143013993089e+00
4.703058016576164846e+01,8.973677517682389748e+00
4.705058588168048317e+01,9.657927881748358701e+00
4.707059159759931788e+01,9.494846113939024335e+00
4.709059731351815259e+01,8.888824845285851595e+00
4.711060302943698730e+01,1.032064020246114566e+01
4.713060874535581490e+01,1.066221829066154392e+01
4.715061446127464961e+01,1.003455920568705473e+01
4.717062017719348432e+01,1.103752947029968823e+01
4.719062589311231903e+01,9.379204729267474505e+00
4.721063160903115374e+01,1.013728966337675530e+01
4.723063732494998845e+01,1.049250939844153052e+01
4.725064304086882316e+01,1.046814604919401326e+01
4.727064875678765787e+01,1.090851297585662216e+01
4.729065447270649258e+01,1.127861595963700303e+01
4.731066018862532019e+01,1.123066602997149488e+01
4.733066590454415490e+01,1.104922653011246503e+01
4.735067162046298961e+01,1.228350412683334802e+01
4.737067733638182432e+01,1.173211931392877361e+01
4.739068305230065903e+01,1.259353035560480727e+01
4.741068876821949374e+01,1.186297987049069036e+01
4.743069448413832845e+01,1.199891426462566457e+01
4.745070020005716316e+01,1.199575594917114785e+01
4.747070591597599787e+01,1.308348308790695214e+01
4.749071163189483258e+01,1.161371194695555076e+01
4.751071734781366018e+01,1.271566489067051009e+01
4.753072306373249489e+01,1.324458473892418198e+01
4.755072877965132960e+01,1.291925478149062911e+01
4.757073449557016431e+01,1.293444525159765668e+01
4.759074021148899902e+01,1.294423266089334668e+01
4.761074592740783373e+01,1.299438849465180645e+01
4.763075164332666844e+01,1.281081638232255138e+01
4.765075735924550315e+01,1.326402123420247214e+01
4.767076307516433786e+01,1.331774147845310452e+01
4.769076879108316547e+01,1.365974980441074749e+01
4.771077450700200018e+01,1.335769600145549063e+01
4.773078022292083489e+01,1.306339137978676135e+01
4.775078593883966960e+01,1.255584340093938955e+01
4.777079165475850431e+01,1.308645919529256751e+01
4.779079737067733902e+01,1.332075438999619976e+01
4.781080308659617373e+01,1.260769182735705307e+01
4.783080880251500844e+01,1.402722492187401038e+01
4.785081451843384315e+01,1.320429599683497379e+01
4.787082023435267075e+01,1.372777598637462582e+01
4.789082595027150546e+01,1.421853012848984932e+01
4.791083166619034017e+01,1.425924901757558239e+01
4.793083738210917488e+01,1.457251827174267333e+01
4.795084309802800959e+01,1.519769314023135465e+01
4.797084881394684430e+01,1.549599137891349798e+01
4.799085452986567901e+01,1.453583415779472077e+01
4.801086024578451372e+01,1.585920926862893943e+01
4.803086596170334843e+01,1.508409095735389194e+01
4.805087167762218314e+01,1.513499580498652719e+01
4.807087739354101075e+01,1.648643677308031030e+01
4.809088310945984546e+01,1.545889233751142910e+01
4.811088882537868017e+01,1.712596920062751593e+01
4.813089454129751488e+01,1.610361329383405860e+01
4.815090025721634959e+01,1.582095274649259409e+01
4.817090597313518430e+01,1.713925010831726681e+01
4.819091168905401901e+01,1.673685883069638436e+01
4.821091740497285372e+01,1.775460641511286042e+01
4.823092312089168843e+01,1.775473116930467299e+01
4.825092883681051603e+01,1.702408214060422864e+01
4.827093455272935074e+01,1.832673606767422569e+01
4.829094026864818545e+01,1.851346535396640292e+01
4.831094598456702016e+01,1.890476015653025499e+01
4.833095170048585487e+01,1.852660958053068541e+01
4.835095741640468958e+01,1.769114413997253621e+01
4.837096313232352429e+01,1.830183628071761959e+01
4.839096884824235900e+01,1.851394377707089944e+01
4.841097456416119371e+01,1.758841402253278119e+01
4.843098028008002842e+01,1.817766042225811773e+01
4.845098599599885603e+01,1.869723190781079580e+01
4.847099171191769074e+01,1.913314648251190064e+01
4.849099742783652545e+01,1.881105803054655823e+01
4.851100314375536016e+01,1.766799291720500875e+01
4.853100885967419487e+01,1.847627340610752356e+01
4.855101457559302958e+01,1.673800091461012229e+01
4.857102029151186429e+01,1.821243112335997338e+01
4.859102600743069900e+01,1.637728062715029509e+01
4.861103172334953371e+01,1.703329696526266801e+01
4.863103743926836131e+01,1.579679754823850857e+01
4.865104315518719602e+01,1.649647404709572740e+01
4.867104887110603073e+01,1.660734148556198875e+01
4.869105458702486544e+01,1.522665417877866112e+01
4.871106030294370015e+01,1.562888786666636776e+01
4.873106601886253486e+01,1.472788640922529524e+01
4.875107173478136957e+01,1.523237653415125337e+01
4.877107745070020428e+01,1.369554726428171954e+01
4.879108316661903899e+01,1.440747563187723834e+01
4.881108888253786660e+01,1.508687905533493456e+01
4.883109459845670131e+01,1.383149768269318969e+01
4.885110031437553602e+01,1.443071311704336779e+01
4.887110603029437073e+01,1.323624848456418945e+01
4.889111174621320544e+01,1.409110987660067238e+01
4.891111746213204015e+01,1.305391070229709527e+01
4.893112317805087486e+01,1.314842252219700036e+01
4.895112889396970957e+01,1.235782167835350620e+01
4.897113460988854428e+01,1.408676538483249630e+01
4.899114032580737899e+01,1.339703549655193981e+01
4.901114604172620659e+01,1.271804169750086544e+01
4.903115175764504130e+01,1.353565147557025483e+01
4.905115747356387601e+01,1.281543525565043673e+01
4.907116318948271072e+01,1.278561547518525998e+01
4.909116890540154543e+01,1.306625790690464051e+01
4.911117462132038014e+01,1.398951536027908737e+01
4.913118033723921485e+01,1.306099802558886225e+01
4.915118605315804956e+01,1.360594641964206986e+01
4.917119176907688427e+01,1.401514452238451547e+01
4.919119748499571187e+01,1.461824367544888581e+01
4.921120320091454658e+01,1.478267357137890414e+01
4.923120891683338129e+01,1.386853647407918899e+01
4.925121463275221600e+01,1.550599579370078551e+01
4.927122034867105071e+01,1.583450868951736901e+01
4.929122606458988542e+01,1.563555261890679127e+01
4.931123178050872014e+01,1.600241620940830600e+01
4.933123749642755485e+01,1.695001056579970822e+01
4.935124321234638956e+01,1.618847379093287131e+01
4.937124892826522427e+01,1.739869634026614875e+01
4.939125464418405187e+01,1.810422311033712006e+01
4.941126036010288658e+01,1.892164347507176458e+01
4.943126607602172129e+01,1.987461601956457713e+01
4.945127179194055600e+01,2.062283167829515662e+01
4.947127750785939071e+01,2.005509820020861866e+01
4.949128322377822542e+01,2.165861292412780870e+01
4.951128893969706013e+01,2.181513132910697905e+01
4.953129465561589484e+01,2.306216995059405406e+01
4.955130037153472955e+01,2.304012656296465167e+01
4.957130608745355715e+01,2.473181294328063018e+01
4.959131180337239186e+01,2.477925440077127206e+01
4.961131751929122657e+01,2.536864157688994936e+01
4.963132323521006128e+01,2.589494296366377668e+01
4.965132895112889599e+01,2.728640616494888249e+01
4.967133466704773070e+01,2.680163833456231259e+01
4.969134038296656541e+01,2.796040970913371737e+01
4.971134609888540012e+01,2.801264028375860704e+01
4.973135181480423483e+01,2.883205330858225324e+01
4.975135753072306244e+01,2.975922911981843555e+01
4.977136324664189715e+01,3.063025978329165255e+01
4.979136896256073186e+01,3.027919474850822823e+01
4.981137467847956657e+01,2.973428723141509522e+01
4.983138039439840128e+01,3.118729011635404547e+01
4.985138611031723599e+01,3.171061003403785250e+01
4.987139182623607070e+01,3.019915665796223792e+01
4.989139754215490541e+01,3.082251166391695207e+01
4.991140325807374012e+01,2.986529697398456662e+01
4.993140897399257483e+01,3.130603983269434565e+01
4.995141468991140243e+01,2.982246039672268267e+01
4.997142040583023714e+01,2.896887005388473568e+01
4.999142612174907185e+01,2.936835013241413250e+01
5.001143183766790656e+01,2.830190497122675808e+01
5.003143755358674127e+01,2.792536893329701542e+01
5.005144326950557598e+01,2.907381939828131934e+01
5.007144898542441069e+01,2.672149037096076185e+01
5.009145470134324540e+01,2.794468050132934422e+01
5.011146041726208011e+01,2.686529048355161464e+01
5.013146613318090772e+01,2.693574984434692254e+01
5.015147184909974243e+01,2.616361241896709444e+01
5.017147756501857714e+01,2.403991970101683506e+01
5.019148328093741185e+01,2.366866669619825458e+01
5.021148899685624656e+01,2.329376020196187014e+01
5.023149471277508127e+01,2.434489713354445328e+01
5.025150042869391598e+01,2.264627743580842534e+01
5.027150614461275069e+01,2.176258458619499336e+01
5.029151186053158540e+01,2.175739806056615677e+01
5.031151757645042011e+01,2.272614389621831776e+01
5.033152329236924771e+01,2.103989442371036489e+01
5.035152900828808242e+01,2.053924035027313622e+01
5.037153472420691713e+01,2.145505065253214028e+01
5.039154044012575184e+01,2.113280480149482443e+01
5.041154615604458655e+01,2.130948301771242726e+01
5.043155187196342126e+01,1.933425251466617567e+01
5.045155758788225597e+01,2.021035421868739945e+01
5.047156330380109068e+01,2.029305001891339799e+01
5.049156901971992539e+01,2.004597391892857061e+01
5.051157473563875300e+01,2.054659173519111803e+01
5.053158045155758771e+01,1.993619988806956300e+01
5.055158616747642242e+01,2.004223292590956618e+01
5.057159188339525713e+01,2.026695802998768414e+01
5.059159759931409184e+01,2.003276525165805211e+01
5.061160331523292655e+01,1.830447791123901169e+01
5.063160903115176126e+01,1.956339061082399056e+01
5.065161474707059597e+01,1.807208290864068800e+01
5.067162046298943068e+01,1.887506700471830712e+01
5.069162617890825828e+01,1.866316680211328105e+01
5.071163189482709299e+01,1.891864481840744716e+01
5.073163761074592770e+01,1.777633766255160452e+01
5.075164332666476241e+01,1.808181795801701597e+01
5.077164904258359712e+01,1.847114128378950326e+01
5.079165475850243183e+01,1.894543285942033961e+01
5.081166047442126654e+01,1.896990047008852542e+01
5.083166619034010125e+01,1.754211473345930372e+01
5.085167190625893596e+01,1.874356726485782332e+01
5.087167762217777067e+01,1.731656715341299346e+01
5.089168333809659828e+01,1.789033491443909085e+01
5.091168905401543299e+01,1.843688482713768906e+01
5.093169476993426770e+01,1.739776895554437175e+01
5.095170048585310241e+01,1.826532939878771700e+01
5.097170620177193712e+01,1.778391157986180460e+01
5.099171191769077183e+01,1.767392332580909553e+01
5.101171763360960654e+01,1.747456550116656970e+01
5.103172334952844125e+01,1.670373532571387187e+01
5.105172906544727596e+01,1.621657502566098330e+01
5.107173478136610356e+01,1.762722773173021196e+01
5.109174049728493827e+01,1.726527638058160719e+01
5.111174621320377298e+01,1.708198313506284194e+01
5.113175192912260769e+01,1.616646855717347719e+01
5.115175764504144240e+01,1.556300189815905632e+01
5.117176336096027711e+01,1.550232334388491751e+01
5.119176907687911182e+01,1.612168312037372431e+01
5.121177479279794653e+01,1.524766681135101720e+01
5.123178050871678124e+01,1.448013505997312045e+01
5.125178622463561595e+01,1.435981721191046745e+01
5.127179194055444356e+01,1.424188743691337145e+01
5.129179765647327827e+01,1.410193288532657974e+01
5.131180337239211298e+01,1.391017151676717667e+01
5.133180908831094769e+01,1.324885936823134180e+01
5.135181480422978240e+01,1.416535209668847628e+01
5.137182052014861711e+01,1.436021041134385001e+01
5.139182623606745182e+01,1.279585186057524560e+01
5.141183195198628653e+01,1.289102664453612412e+01
5.143183766790512124e+01,1.280704004094445203e+01
5.145184338382394884e+01,1.258225520421200549e+01
5.147184909974278355e+01,1.244201801781031236e+01
5.149185481566161826e+01,1.117860998290905705e+01
5.151186053158045297e+01,1.094686024457633877e+01
5.153186624749928768e+01,1.138697286872954884e+01
5.155187196341812239e+01,1.108810528839664755e+01
5.157187767933695710e+01,1.178451667722835694e+01
5.159188339525579181e+01,1.041078871042910947e+01
5.161188911117462652e+01,1.137713547356267263e+01
5.163189482709345413e+01,1.003679356249832999e+01
5.165190054301228884e+01,9.962581686717596696e+00
5.167190625893112355e+01,1.057178382148920548e+01
5.169191197484995826e+01,1.096555473073310161e+01
5.171191769076879297e+01,1.037033103980429871e+01
5.173192340668762768e+01,9.791367720682655928e+00
5.175192912260646239e+01,9.500530596086843360e+00
5.177193483852529710e+01,9.466182117037455157e+00
5.179194055444413181e+01,9.699402479169572544e+00
5.181194627036296652e+01,1.055141761981399107e+01
5.183195198628179412e+01,1.030269308969700681e+01
5.185195770220062883e+01,8.804206030160155905e+00
5.187196341811946354e+01,1.028785540316004443e+01
5.189196913403829825e+01,9.377318337921408897e+00
5.191197484995713296e+01,1.031585099562065011e+01
5.193198056587596767e+01,1.032175141304464638e+01
5.195198628179480238e+01,9.769900116302078885e+00
5.197199199771363709e+01,1.022747256931901028e+01
5.199199771363247180e+01,9.948568329015154532e+00
5.201200342955129940e+01,8.744364108627571852e+00
5.203200914547013411e+01,9.316174073168602021e+00
5.205201486138896882e+01,1.014168155757059786e+01
5.207202057730780353e+01,1.032986553793640816e+01
5.209202629322663824e+01,1.081315197093860903e+01
5.211203200914547295e+01,1.051074751404187957e+01
5.213203772506430766e+01,1.021422992536663621e+01
5.215204344098314237e+01,1.032112410206223174e+01
5.217204915690197708e+01,1.036692582517359185e+01
5.219205487282081180e+01,1.098543444062281971e+01
5.221206058873963940e+01,1.110740821353672381e+01
5.223206630465847411e+01,9.977390834653173002e+00
5.225207202057730882e+01,1.135957333053476326e+01
5.227207773649614353e+01,1.128041823633870600e+01
5.229208345241497824e+01,1.158102806683840313e+01
5.231208916833381295e+01,1.100538249169825988e+01
5.233209488425264766e+01,1.074026993802587526e+01
5.235210060017148237e+01,1.049342946913260377e+01
5.237210631609031708e+01,1.059524165802344342e+01
5.239211203200914468e+01,1.214225845689981576e+01
5.241211774792797939e+01,1.251653409969647690e+01
5.243212346384681410e+01,1.233651336452079583e+01
5.245212917976564881e+01,1.164405376366586076e+01
5.247213489568448352e+01,1.199620377258942483e+01
5.249214061160331823e+01,1.287664845179321560e+01
5.251214632752215294e+01,1.150539996812721100e+01
5.253215204344098765e+01,1.281768135617555515e+01
5.255215775935982236e+01,1.276475019024702284e+01
5.257216347527864997e+01,1.240517166844496799e+01
5.259216919119748468e+01,1.244650683196365293e+01
5.261217490711631939e+01,1.139066758844670524e+01
5.263218062303515410e+01,1.098893184099473075e+01
5.265218633895398881e+01,1.141598289795510546e+01
5.267219205487282352e+01,1.080947558054149304e+01
5.269219777079165823e+01,1.092313598591511692e+01
5.271220348671049294e+01,1.084644978295173878e+01
5.273220920262932765e+01,1.179396371532756227e+01
5.275221491854816236e+01,1.153690934220084863e+01
5.277222063446698996e+01,1.188438989430980897e+01
5.279222635038582467e+01,1.016713410091418268e+01
5.281223206630465938e+01,1.139423486737902991e+01
5.283223778222349409e+01,1.036205227934139295e+01
5.285224349814232880e+01,1.004429024686722727e+01
5.287224921406116351e+01,1.118374595317446918e+01
5.289225492997999822e+01,1.084272202378712713e+01
5.291226064589883293e+01,1.060740356146367169e+01
5.293226636181766764e+01,1.106614567833072016e+01
5.295227207773649525e+01,9.935368053521033360e+00
5.297227779365532996e+01,9.954046423290083823e+00
5.299228350957416467e+01,1.000794008944122382e+01
5.301228922549299938e+01,9.256824716822210419e+00
5.303229494141183409e+01,9.476643141310505669e+00
5.305230065733066880e+01,8.441472997788249444e+00
5.307230637324950351e+01,9.760621368156677136e+00
5.309231208916833822e+01,9.648327023104537048e+00
5.311231780508717293e+01,8.671414425859605757e+00
5.313232352100600764e+01,8.927012874214286242e+00
5.315232923692483524e+01,8.891653904222698301e+00
5.317233495284366995e+01,9.061265701631890934e+00
5.319234066876250466e+01,8.074317337388407623e+00
5.321234638468133937e+01,9.435493202356054709e+00
5.323235210060017408e+01,8.545716473611463471e+00
5.325235781651900879e+01,9.357950312116992464e+00
5.327236353243784350e+01,8.368719873991121716e+00
5.329236924835667821e+01,7.773701856204613847e+00
5.331237496427551292e+01,7.650103087407055469e+00
5.333238068019434053e+01,8.133716939554396674e+00
5.335238639611317524e+01,8.604724086461356336e+00
5.337239211203200995e+01,7.913782796934007990e+00
5.339239782795084466e+01,7.579163713160806282e+00
5.341240354386967937e+01,7.520577756429402960e+00
5.343240925978851408e+01,8.295292916469826139e+00
5.345241497570734879e+01,8.118669869655041893e+00
5.347242069162618350e+01,7.524084766173213090e+00
5.349242640754501821e+01,7.980559929110128792e+00
5.351243212346384581e+01,7.794008909202368329e+00
5.353243783938268052e+01,9.176015216684994869e+00
5.355244355530151523e+01,8.163391075889771642e+00
5.357244927122034994e+01,8.013545396073379123e+00
5.359245498713918465e+01,7.778728678747838465e+00
5.361246070305801936e+01,8.941983417159494962e+00
5.363246641897685407e+01,7.948967645972347285e+00
5.365247213489568878e+01,7.688996150556620002e+00
5.367247785081452349e+01,9.029949190334532361e+00
5.369248356673335820e+01,8.720514231429920216e+00
5.371248928265218581e+01,8.144479021898211712e+00
5.373249499857102052e+01,9.303167542731237916e+00
5.375250071448985523e+01,7.968737086028436778e+00
5.377250643040868994e+01,9.344603819587732119e+00
5.379251214632752465e+01,9.492932749214716637e+00
5.381251786224635936e+01,9.307443759769956415e+00
5.383252357816519407e+01,8.751885320005129643e+00
5.385252929408402878e+01,7.980156989900685005e+00
5.387253501000286349e+01,8.999414621977122053e+00
5.389254072592169109e+01,9.058078785111492337e+00
5.391254644184052580e+01,8.750215465668308212e+00
5.393255215775936051e+01,7.997133110519654586e+00
5.395255787367819522e+01,8.381817555740649794e+00
5.397256358959702993e+01,7.696815508926019511e+00
5.399256930551586464e+01,7.532067014158569940e+00
5.401257502143469935e+01,7.490129019806872179e+00
5.403258073735353406e+01,8.785768190586818349e+00
5.405258645327236877e+01,8.951020262338172273e+00
5.407259216919120348e+01,8.431040689745140426e+00
5.409259788511003109e+01,8.876643045521449338e+00
5.411260360102886580e+01,8.496397437644281680e+00
5.413260931694770051e+01,8.784151420248639042e+00
5.415261503286653522e+01,7.673171240493214640e+00
5.417262074878536993e+01,7.234173049409287515e+00
5.419262646470420464e+01,8.845492446093288663e+00
5.421263218062303935e+01,7.255915736396296722e+00
5.423263789654187406e+01,7.878555371913607885e+00
5.425264361246070877e+01,7.401858673713961778e+00
5.427264932837953637e+01,8.045597553460597240e+00
5.429265504429837108e+01,7.326146804488906206e+00
5.431266076021720579e+01,7.724267589093525288e+00
5.433266647613604050e+01,8.421520001650259601e+00
5.435267219205487521e+01,8.669884989183929136e+00
5.437267790797370992e+01,8.267160072124813297e+00
5.439268362389254463e+01,8.254137079056334869e+00
5.441268933981137934e+01,8.947177702211682515e+00
5.443269505573021405e+01,7.432759733634673793e+00
5.445270077164904166e+01,8.715125458807090553e+00
5.447270648756787637e+01,9.106305454567728219e+00
5.449271220348671108e+01,8.161547787595679893e+00
5.451271791940554579e+01,8.085535180993774773e+00
5.453272363532438050e+01,8.697631672330730979e+00
5.455272935124321521e+01,9.376504074778130970e+00
5.457273506716204992e+01,9.579852737080354785e+00
5.459274078308088463e+01,8.031600306647940002e+00
5.461274649899971934e+01,8.376446835527820767e+00
5.463275221491855405e+01,9.415632145046044954e+00
5.465275793083738165e+01,8.853544605759466890e+00
5.467276364675621636e+01,9.099806386452170770e+00
5.469276936267505107e+01,9.302704358277303243e+00
5.471277507859388578e+01,9.937800833452683946e+00
5.473278079451272049e+01,1.020162305949403958e+01
5.475278651043155520e+01,1.060773347323310922e+01
5.477279222635038991e+01,1.037595616085909001e+01
5.479279794226922462e+01,1.055129999709124355e+01
5.481280365818805933e+01,1.086510985561453424e+01
5.483280937410688693e+01,9.842895597889320669e+00
5.485281509002572164e+01,1.151444126967523829e+01
5.487282080594455635e+01,1.019353871428590885e+01
5.489282652186339106e+01,1.038925068720946499e+01
5.491283223778222577e+01,1.166162467738217856e+01
5.493283795370106048e+01,1.233965727438408955e+01
5.495284366961989519e+01,1.102468446924373247e+01
5.497284938553872990e+01,1.165994021569263417e+01
5.499285510145756461e+01,1.121101065616264059e+01
5.501286081737639222e+01,1.291660094585200724e+01
5.503286653329522693e+01,1.269834282885289412e+01
5.505287224921406164e+01,1.289977185163506235e+01
5.507287796513289635e+01,1.325812179404832492e+01
5.509288368105173106e+01,1.306314793884772563e+01
5.511288939697056577e+01,1.287099053235573543e+01
5.513289511288940048e+01,1.312089919845781161e+01
5.515290082880823519e+01,1.329799294055616876e+01
5.517290654472706990e+01,1.341154377724637747e+01
5.519291226064590461e+01,1.345028715619014825e+01
5.521291797656473221e+01,1.538447591954989946e+01
5.523292369248356692e+01,1.549512569104578041e+01
5.525292940840240163e+01,1.438372302827579041e+01
5.527293512432123634e+01,1.424745484249095639e+01
5.529294084024007105e+01,1.525689283437174915e+01
5.531294655615890576e+01,1.542145183949087794e+01
5.533295227207774047e+01,1.446913264647500519e+01
5.535295798799657518e+01,1.472281277135675914e+01
5.537296370391540989e+01,1.485941602901018399e+01
5.539296941983423750e+01,1.587526989729057725e+01
5.541297513575307221e+01,1.480572892111486816e+01
5.543298085167190692e+01,1.594215904453419341e+01
5.545298656759074163e+01,1.542685504794065210e+01
5.547299228350957634e+01,1.618656150784766012e+01
5.549299799942841105e+01,1.625159113207015693e+01
5.551300371534724576e+01,1.538276171411716930e+01
5.553300943126608047e+01,1.659012272854944925e+01
5.555301514718491518e+01,1.513916657319646397e+01
5.557302086310374989e+01,1.574141063998613532e+01
5.559302657902257749e+01,1.548781977756805439e+01
5.561303229494141220e+01,1.553449246525565286e+01
5.563303801086024691e+01,1.609289823206511016e+01
5.565304372677908162e+01,1.527747092484525027e+01
5.567304944269791633e+01,1.486662709341277022e+01
5.569305515861675104e+01,1.562378867838064167e+01
5.571306087453558575e+01,1.650999356458449441e+01
5.573306659045442046e+01,1.573510719053356510e+01
5.575307230637325517e+01,1.595956841089260614e+01
5.577307802229208278e+01,1.648479904073991165e+01
5.579308373821091749e+01,1.638339741347724754e+01
5.581308945412975220e+01,1.578994693852552800e+01
5.583309517004858691e+01,1.651410261199632146e+01
5.585310088596742162e+01,1.556989614483915396e+01
5.587310660188625633e+01,1.630877253921365977e+01
5.589311231780509104e+01,1.498027133227621910e+01
5.591311803372392575e+01,1.621995343396576317e+01
5.593312374964276046e+01,1.462189487911246033e+01
5.595312946556158806e+01,1.571870973053600729e+01
5.597313518148042277e+01,1.514434955671206140e+01
5.599314089739925748e+01,1.488397741190841472e+01
5.601314661331809219e+01,1.540712691927111599e+01
5.603315232923692690e+01,1.617572463916296854e+01
5.605315804515576161e+01,1.446012813421061871e+01
5.607316376107459632e+01,1.539924825325368651e+01
5.609316947699343103e+01,1.531333349812930500e+01
5.611317519291226574e+01,1.452914086757870393e+01
5.613318090883110045e+01,1.463104139647564494e+01
5.615318662474992806e+01,1.563567270613803828e+01
5.617319234066876277e+01,1.463091788625643019e+01
5.619319805658759748e+01,1.521340167725352366e+01
5.621320377250643219e+01,1.517031099562157159e+01
5.623320948842526690e+01,1.395789124392516101e+01
5.625321520434410161e+01,1.410814129322042021e+01
5.627322092026293632e+01,1.486329331161714862e+01
5.629322663618177103e+01,1.477626600803618118e+01
5.631323235210060574e+01,1.371520434488214235e+01
5.633323806801943334e+01,1.324140907638022746e+01
5.635324378393826805e+01,1.358734131849164406e+01
5.637324949985710276e+01,1.383084343093553059e+01
5.639325521577593747e+01,1.228875692319025781e+01
5.641326093169477218e+01,1.336622347336121308e+01
5.643326664761360689e+01,1.228794775132231010e+01
5.645327236353244160e+01,1.181484371124532018e+01
5.647327807945127631e+01,1.242849039676294964e+01
5.649328379537011102e+01,1.164958967083686403e+01
5.651328951128894573e+01,1.131379613095924519e+01
5.653329522720777334e+01,1.225018701540496657e+01
5.655330094312660805e+01,1.225938862508909999e+01
5.657330665904544276e+01,1.071264609725442085e+01
5.659331237496427747e+01,1.241968579948569484e+01
5.661331809088311218e+01,1.073512425231465528e+01
5.663332380680194689e+01,1.147527749394172858e+01
5.665332952272078160e+01,1.151685631600702742e+01
5.667333523863961631e+01,1.184819543916240647e+01
5.669334095455845102e+01,1.080017817180918804e+01
5.671334667047727862e+01,9.826850459607817001e+00
5.673335238639611333e+01,1.019022839107409517e+01
5.675335810231494804e+01,1.096713733766459242e+01
5.677336381823378275e+01,9.512114054260504048e+00
5.679336953415261746e+01,1.124296277456422111e+01
5.681337525007145217e+01,1.099890943268237820e+01
5.683338096599028688e+01,1.023112161672938569e+01
5.685338668190912159e+01,1.014085359357303773e+01
5.687339239782795630e+01,1.003390916077521311e+01
5.689339811374678391e+01,9.829761568623538892e+00
5.691340382966561862e+01,1.063956005202275179e+01
5.693340954558445333e+01,9.928524883460028150e+00
5.695341526150328804e+01,9.452498594626414175e+00
5.697342097742212275e+01,1.087600315329294709e+01
5.699342669334095746e+01,1.020858554792208928e+01
5.701343240925979217e+01,9.267093356274022753e+00
5.703343812517862688e+01,1.094235645874346652e+01
5.705344384109746159e+01,9.495149238602090591e+00
5.707344955701629630e+01,9.465213230283637813e+00
5.709345527293512390e+01,1.011565963620339659e+01
5.711346098885395861e+01,9.471170185809700826e+00
5.713346670477279332e+01,1.074105915651054133e+01
5.715347242069162803e+01,1.044525563741290775e+01
5.717347813661046274e+01,1.030184657519264846e+01
5.719348385252929745e+01,9.631374659016756823e+00
5.721348956844813216e+01,9.689904104863225953e+00
5.723349528436696687e+01,9.463331893281036855e+00
5.725350100028580158e+01,1.026264147279021266e+01
5.727350671620462919e+01,1.084709250750911025e+01
5.729351243212346390e+01,1.030824635619914886e+01
5.731351814804229861e+01,1.104978998350553177e+01
5.733352386396113332e+01,1.059954562826002267e+01
5.735352957987996803e+01,1.113334342124167442e+01
5.737353529579880274e+01,1.032582291908910044e+01
5.739354101171763745e+01,9.826638117126027083e+00
5.741354672763647216e+01,9.810132766607763344e+00
5.743355244355530687e+01,1.077944589434915379e+01
5.745355815947414158e+01,9.619478952835390118e+00
5.747356387539296918e+01,9.428460075834536269e+00
5.749356959131180389e+01,9.272748541926032928e+00
5.751357530723063860e+01,9.470763226501340171e+00
5.753358102314947331e+01,9.146164031866392818e+00
5.755358673906830802e+01,9.706160735698992070e+00
5.757359245498714273e+01,9.574976977296284275e+00
5.759359817090597744e+01,9.805357184233912449e+00
5.761360388682481215e+01,8.637282958713180747e+00
5.763360960274364686e+01,1.019537927227739615e+01
5.765361531866247446e+01,9.634321157768310329e+00
5.767362103458130917e+01,9.374790566264282532e+00
5.769362675050014388e+01,9.914398059522932627e+00
5.771363246641897859e+01,8.922751535244232812e+00
5.773363818233781330e+01,7.920368993852870076e+00
5.775364389825664801e+01,7.922784495028020402e+00
5.777364961417548272e+01,9.135526943554111767e+00
5.779365533009431743e+01,8.537069674522067331e+00
5.781366104601315214e+01,8.622237128013059859e+00
5.783366676193197975e+01,7.587512692032568395e+00
5.785367247785081446e+01,7.527161946653143865e+00
5.787367819376964917e+01,8.127906758945423249e+00
5.789368390968848388e+01,7.801147203991574131e+00
5.791368962560731859e+01,9.183528617632211066e+00
5.793369534152615330e+01,7.970123775950551881e+00
5.795370105744498801e+01,7.744491676417046833e+00
5.797370677336382272e+01,8.838943489410517884e+00
5.799371248928265743e+01,8.303408198160530773e+00
5.801371820520149214e+01,8.361998419861134124e+00
5.803372392112031974e+01,8.480318606273355542e+00
5.805372963703915445e+01,7.934870630225377752e+00
5.807373535295798916e+01,9.205025454389570427e+00
5.809374106887682387e+01,8.985785932247850383e+00
5.811374678479565858e+01,9.171467581783261380e+00
5.813375250071449329e+01,8.883643410229627335e+00
5.815375821663332800e+01,8.891743058022651525e+00
5.817376393255216271e+01,8.400512858848308895e+00
5.819376964847099742e+01,9.047223979764106971e+00
5.821377536438982503e+01,9.323696570121766669e+00
5.823378108030865974e+01,9.527035130591583467e+00
5.825378679622749445e+01,8.732009487385344215e+00
5.827379251214632916e+01,9.514485703409130579e+00
5.829379822806516387e+01,9.007851805427364411e+00
5.831380394398399858e+01,8.493111978303959475e+00
5.833380965990283329e+01,9.553909920564620961e+00
5.835381537582166800e+01,9.886187299101580450e+00
5.837382109174050271e+01,9.872142687872441869e+00
5.839382680765933742e+01,9.325085744192959325e+00
5.841383252357816502e+01,1.007012757238584300e+01
5.843383823949699973e+01,1.071904384391858400e+01
5.845384395541583444e+01,1.027150102865215864e+01
5.847384967133466915e+01,1.048469574382171032e+01
5.849385538725350386e+01,1.037723043639483755e+01
5.851386110317233857e+01,1.037939251880199798e+01
5.853386681909117328e+01,1.073861263771935093e+01
5.855387253501000799e+01,1.058855098215058810e+01
5.857387825092884270e+01,1.122236275708605291e+01
5.859388396684767031e+01,1.099064669343439249e+01
5.861388968276650502e+01,1.203616343809386713e+01
5.863389539868533973e+01,1.100488580719282794e+01
5.865390111460417444e+01,1.111228076483858906e+01
5.867390683052300915e+01,1.128978010951556321e+01
5.869391254644184386e+01,1.257094478953458427e+01
5.871391826236067857e+01,1.195898377954082292e+01
5.873392397827951328e+01,1.254380370114941812e+01
5.875392969419834799e+01,1.259697519340848793e+01
5.877393541011717559e+01,1.394738579643900778e+01
5.879394112603601030e+01,1.418726097399594721e+01
5.881394684195484501e+01,1.437651627328679105e+01
5.883395255787367972e+01,1.419931957842669590e+01
5.885395827379251443e+01,1.418372015645017115e+01
5.887396398971134914e+01,1.517525226711361164e+01
5.889396970563018385e+01,1.463494768187529260e+01
5.891397542154901856e+01,1.439789711283959761e+01
5.893398113746785327e+01,1.533041443740898657e+01
5.895398685338668798e+01,1.576512237933346228e+01
5.897399256930551559e+01,1.637364723356677843e+01
5.899399828522435030e+01,1.611058860093533340e+01
5.901400400114318501e+01,1.590452553292728588e+01
5.903400971706201972e+01,1.643056996923971980e+01
5.905401543298085443e+01,1.627346305856244868e+01
5.907402114889968914e+01,1.634946891113638401e+01
5.909402686481852385e+01,1.597574060783147587e+01
5.911403258073735856e+01,1.692288102477144207e+01
5.913403829665619327e+01,1.714378386952628475e+01
5.915404401257502087e+01,1.799161254162180157e+01
5.917404972849385558e+01,1.857657674203333897e+01
5.919405544441269029e+01,1.809765353185661141e+01
5.921406116033152500e+01,1.838247684576833052e+01
5.923406687625035971e+01,1.748089486458088615e+01
5.925407259216919442e+01,1.778195389705621920e+01
5.927407830808802913e+01,1.885254962105282672e+01
5.929408402400686384e+01,1.848407415504636120e+01
5.931408973992569855e+01,1.840491059561880505e+01
5.933409545584453326e+01,1.800332762122919306e+01
5.935410117176336087e+01,1.828557707701785873e+01
5.937410688768219558e+01,1.903630609900529436e+01
5.939411260360103029e+01,1.798476365037791425e+01
5.941411831951986500e+01,1.913365230226760616e+01
5.943412403543869971e+01,1.854305123730150129e+01
5.945412975135753442e+01,1.789349761308626441e+01
5.947413546727636913e+01,1.824704911313683553e+01
5.949414118319520384e+01,1.817149286168808331e+01
5.951414689911403855e+01,1.900723611004026026e+01
5.953415261503286615e+01,1.829959939230303334e+01
5.955415833095170086e+01,1.858083264980579941e+01
5.957416404687053557e+01,1.694041434206033614e+01
5.959416976278937028e+01,1.698805943929179918e+01
5.961417547870820499e+01,1.732619265718616575e+01
5.963418119462703970e+01,1.644433338114787801e+01
5.965418691054587441e+01,1.709571950521858597e+01
5.967419262646470912e+01,1.641559281481547572e+01
5.969419834238354383e+01,1.531191397703353019e+01
5.971420405830237144e+01,1.586719602587957745e+01
5.973420977422120615e+01,1.640109088790730496e+01
5.975421549014004086e+01,1.514603893278832025e+01
5.977422120605887557e+01,1.467698947378826269e+01
5.979422692197771028e+01,1.512020675071130427e+01
5.981423263789654499e+01,1.532975220209560163e+01
5.983423835381537970e+01,1.542084533859128292e+01
5.985424406973421441e+01,1.394135261720389707e+01
5.987424978565304912e+01,1.389909146370112225e+01
5.989425550157188383e+01,1.442091242329156131e+01
5.991426121749071143e+01,1.559176089245329067e+01
5.993426693340954614e+01,1.549290610545967795e+01
5.995427264932838085e+01,1.413747450333325162e+01
5.997427836524721556e+01,1.399420836468373963e+01
5.999428408116605027e+01,1.434591887059834114e+01
6.001428979708488498e+01,1.553527167627286332e+01
6.003429551300371969e+01,1.561522507253153513e+01
6.005430122892255440e+01,1.465331861953286285e+01
6.007430694484138911e+01,1.494276035351628629e+01
6.009431266076021672e+01,1.504507123638076216e+01
6.011431837667905143e+01,1.550331558350622707e+01
6.013432409259788614e+01,1.589547035286041243e+01
6.015432980851672085e+01,1.620931163219410820e+01
6.017433552443555556e+01,1.596784316952151705e+01
6.019434124035439027e+01,1.635187865934438634e+01
6.021434695627322498e+01,1.812169198517556268e+01
6.023435267219205969e+01,1.835991549762491459e+01
6.025435838811089440e+01,1.809978577537090771e+01
6.027436410402972911e+01,1.878536147612949492e+01
6.029436981994855671e+01,1.922661240073608724e+01
6.031437553586739142e+01,1.897447556601020224e+01
6.033438125178622613e+01,1.811032124401280896e+01
6.035438696770506084e+01,1.952292119390359559e+01
6.037439268362389555e+01,1.921961117499767013e+01
6.039439839954273026e+01,1.991090538250480435e+01
6.041440411546156497e+01,1.973311239117749238e+01
6.043440983138039968e+01,1.925049883064513523e+01
6.045441554729923439e+01,1.934388410152648063e+01
6.047442126321806199e+01,1.875287274756765044e+01
6.049442697913689670e+01,2.019137581620778121e+01
6.051443269505573141e+01,1.961460782172784434e+01
6.053443841097456612e+01,1.873283437103097171e+01
6.055444412689340083e+01,2.044270853656607656e+01
6.057444984281223554e+01,1.955971433973897433e+01
6.059445555873107025e+01,1.871552771835764872e+01
6.061446127464990496e+01,1.936550618426695891e+01
6.063446699056873967e+01,1.982193983059508469e+01
6.065447270648756728e+01,1.900450873478276392e+01
6.067447842240640199e+01,1.929223548066572036e+01
6.069448413832523670e+01,1.936733206321039802e+01
6.071448985424407141e+01,1.962956399050944256e+01
6.073449557016290612e+01,1.839243564513042628e+01
6.075450128608174083e+01,1.978208330840806184e+01
6.077450700200057554e+01,1.892532845233419181e+01
6.079451271791941025e+01,1.967885706663664891e+01
6.081451843383824496e+01,1.861014453335197061e+01
6.083452414975707967e+01,1.963314670998212463e+01
6.085452986567590727e+01,1.948112513554363900e+01
6.087453558159474198e+01,1.760102752138925553e+01
6.089454129751357669e+01,1.765827544294717555e+01
6.091454701343241140e+01,1.797129385763386367e+01
6.093455272935124611e+01,1.850092200867840120e+01
6.095455844527008082e+01,1.727106088983919108e+01
6.097456416118891553e+01,1.819593945128921675e+01
6.099456987710775024e+01,1.665193324774024575e+01
6.101457559302658495e+01,1.678436745593837642e+01
6.103458130894541256e+01,1.647964020946598396e+01
6.105458702486424727e+01,1.574740590883248359e+01
6.107459274078308198e+01,1.574193695603606180e+01
6.109459845670191669e+01,1.509645649984232207e+01
6.111460417262075140e+01,1.564128790040440364e+01
6.113460988853958611e+01,1.549094586322141076e+01
6.115461560445842082e+01,1.483182312074285925e+01
6.117462132037725553e+01,1.485805681698241187e+01
6.119462703629609024e+01,1.452381918403803596e+01
6.121463275221492495e+01,1.337867128564715991e+01
6.123463846813375255e+01,1.307087585266960161e+01
6.125464418405258726e+01,1.277114793150327721e+01
6.127464989997142197e+01,1.400481395391103945e+01
6.129465561589025668e+01,1.253137268134280546e+01
6.131466133180909139e+01,1.262893992465405546e+01
6.133466704772792610e+01,1.227904431219273640e+01
6.135467276364676081e+01,1.292193154521366161e+01
6.137467847956559552e+01,1.207319505224936762e+01
6.139468419548443023e+01,1.182439734940248677e+01
6.141468991140325784e+01,1.246154681500520844e+01
6.143469562732209255e+01,1.262685583898037400e+01
6.145470134324092726e+01,1.158482789931862023e+01
6.147470705915976197e+01,1.129046245977892937e+01
6.149471277507859668e+01,1.086340406418936055e+01
6.151471849099743139e+01,1.039880042594588261e+01
6.153472420691626610e+01,1.202893643396399526e+01
6.155472992283510081e+01,1.107152069855710153e+01
6.157473563875393552e+01,1.091689789871253069e+01
6.159474135467276312e+01,1.192424498693833179e+01
6.161474707059159783e+01,1.107999881769519845e+01
6.163475278651043254e+01,1.089408178902782076e+01
6.165475850242926725e+01,1.074288118615239540e+01
6.167476421834810196e+01,1.129925347010489034e+01
6.169476993426693667e+01,1.022004776067600318e+01
6.171477565018577138e+01,1.048279604333106718e+01
6.173478136610460609e+01,1.066024738740489575e+01
6.175478708202344080e+01,1.069597013448434453e+01
6.177479279794227551e+01,1.114475488737372721e+01
6.179479851386110312e+01,1.168450690422464966e+01
6.181480422977993783e+01,1.070015732157796862e+01
6.183480994569877254e+01,1.139684063954291560e+01
6.185481566161760725e+01,1.030339438769148508e+01
6.187482137753644196e+01,1.053111532716237164e+01
6.189482709345527667e+01,1.083820493765783688e+01
6.191483280937411138e+01,1.070141495364317308e+01
6.193483852529294609e+01,1.027273960160720812e+01
6.195484424121178080e+01,1.061528356213984914e+01
6.197484995713060840e+01,1.047006027829440455e+01
6.199485567304944311e+01,1.135334468576443712e+01
6.201486138896827782e+01,1.064558576046351668e+01
6.203486710488711253e+01,1.042008996239612628e+01
6.205487282080594724e+01,1.021040082189381515e+01
6.207487853672478195e+01,1.043096802923117039e+01
6.209488425264361666e+01,1.103652679095105782e+01
6.211488996856245137e+01,1.158569937469878930e+01
6.213489568448128608e+01,1.076236908029516748e+01
6.215490140040011369e+01,1.002810478541824502e+01
6.217490711631894840e+01,1.066102070749600728e+01
6.219491283223778311e+01,1.123129799485219493e+01
6.221491854815661782e+01,1.091454825183563848e+01
6.223492426407545253e+01,1.085917763859868934e+01
6.225492997999428724e+01,1.069913917310157814e+01
6.227493569591312195e+01,1.071512649655158356e+01
6.229494141183195666e+01,1.146329701274666668e+01
6.231494712775079137e+01,1.048314086752009544e+01
6.233495284366962608e+01,9.860329100204124231e+00
6.235495855958845368e+01,1.030010812967510603e+01
6.237496427550728839e+01,9.660960819616811079e+00
6.239496999142612310e+01,1.048449950856381641e+01
6.241497570734495781e+01,1.020939881329995735e+01
6.243498142326379252e+01,1.050972097712315190e+01
6.245498713918262723e+01,1.010384157434105745e+01
6.247499285510146194e+01,1.083350565456475856e+01
6.249499857102029665e+01,9.899595493222649978e+00
6.251500428693913136e+01,1.052402181572670159e+01
6.253501000285795897e+01,9.830696256172531733e+00
6.255501571877679368e+01,1.082214232367541484e+01
6.257502143469562839e+01,1.036454581739044478e+01
6.259502715061446310e+01,1.025826542423219756e+01
6.261503286653329781e+01,9.032550323315170715e+00
6.263503858245213252e+01,9.658066121661491366e+00
6.265504429837096723e+01,1.002165457659847014e+01
6.267505001428980194e+01,8.797962498082787519e+00
6.269505573020863665e+01,1.010944539973612066e+01
6.271506144612747136e+01,9.944378797718327334e+00
6.273506716204629896e+01,9.497699851805707638e+00
6.275507287796513367e+01,9.922213403530749432e+00
6.277507859388396838e+01,8.541272423950950099e+00
6.279508430980280309e+01,1.008536531172327599e+01
6.281509002572163780e+01,8.469962347532570490e+00
6.283509574164047251e+01,8.976541023423491694e+00
6.285510145755930722e+01,9.523335286221428220e+00
6.287510717347814193e+01,9.458717612507223649e+00
6.289511288939697664e+01,8.055132666315932610e+00
6.291511860531580425e+01,9.218345411688234847e+00
6.293512432123463896e+01,8.893224241680101727e+00
6.295513003715347367e+01,8.041261550878870068e+00
6.297513575307230838e+01,9.448199705232417145e+00
6.299514146899114309e+01,9.406731197185763449e+00
6.301514718490997780e+01,8.613812368400308728e+00
6.303515290082881251e+01,8.081320637628714110e+00
6.305515861674764722e+01,9.107880008161410856e+00
6.307516433266648193e+01,8.995528183646372966e+00
6.309517004858530953e+01,8.715314769953197427e+00
6.311517576450414424e+01,9.474191764930285586e+00
6.313518148042297895e+01,1.000355846728101383e+01
6.315518719634181366e+01,9.582524726081230071e+00
6.317519291226064837e+01,9.547386706155547742e+00
6.319519862817948308e+01,9.412159253383855173e+00
6.321520434409831779e+01,9.347484424356956367e+00
6.323521006001715250e+01,9.342944003628879557e+00
6.325521577593598721e+01,9.434540795155884396e+00
6.327522149185482192e+01,9.475468504297470673e+00
6.329522720777364952e+01,9.444349169243164255e+00
6.331523292369248423e+01,8.901046058052083154e+00
6.333523863961131894e+01,1.028396484709283776e+01
6.335524435553015365e+01,9.524213519302803022e+00
6.337525007144898836e+01,9.756673056634774355e+00
6.339525578736782307e+01,1.040803704100373039e+01
6.341526150328665778e+01,9.087462242774588361e+00
6.343526721920549249e+01,1.100918781400353907e+01
6.345527293512432720e+01,1.043695333923487567e+01
6.347527865104315481e+01,1.086231342399632105e+01
6.349528436696198952e+01,9.704171452156597155e+00
6.351529008288082423e+01,9.637170316854559715e+00
6.353529579879965894e+01,1.062771291062873047e+01
6.355530151471849365e+01,1.003732032626446546e+01
6.357530723063732836e+01,1.108512951199989338e+01
6.359531294655616307e+01,1.018652373006716161e+01
6.361531866247499778e+01,1.048503658272368178e+01
6.363532437839383249e+01,1.057459454300150625e+01
6.365533009431266720e+01,9.734037062067050883e+00
6.367533581023149480e+01,9.653563468068041331e+00
6.369534152615032951e+01,1.015077645453562205e+01
6.371534724206916422e+01,8.940905498612890412e+00
6.373535295798799893e+01,1.056988059121855628e+01
6.375535867390683364e+01,8.856530291343899464e+00
6.377536438982566835e+01,1.032563565337404121e+01
6.379537010574450306e+01,1.038042049029331260e+01
6.381537582166333777e+01,8.705508946553457861e+00
6.383538153758217248e+01,9.231080358575823652e+00
6.385538725350100009e+01,8.500208977842120817e+00
6.387539296941983480e+01,9.138794546940676611e+00
6.389539868533866951e+01,8.301669796806269375e+00
6.391540440125750422e+01,9.381274234860500272e+00
6.393541011717633893e+01,9.325139217538829683e+00
6.395541583309517364e+01,9.697967743642207594e+00
6.397542154901400835e+01,9.979380421889720409e+00
6.399542726493284306e+01,8.355167494355130842e+00
6.401543298085167066e+01,8.788155398168877142e+00
6.403543869677051248e+01,8.512886085590428920e+00
6.405544441268934008e+01,8.495057707375568867e+00
6.407545012860816769e+01,9.663014471310447107e+00
6.409545584452700950e+01,9.417863910367390901e+00
6.411546156044585132e+01,1.011131824667860890e+01
6.413546727636467892e+01,9.585048690860537235e+00
6.415547299228350653e+01,9.342516039337896316e+00
6.417547870820234834e+01,9.914840751090018500e+00
6.419548442412119016e+01,1.048674912756679767e+01
6.421549014004001776e+01,9.126961552501100527e+00
6.423549585595884537e+01,9.157090536785991830e+00
6.425550157187768718e+01,1.060880986889623045e+01
6.427550728779651479e+01,9.324276138455360297e+00
6.429551300371534239e+01,9.086231854827154564e+00
6.431551871963418421e+01,9.446266142871627025e+00
6.433552443555302602e+01,1.076545534787063474e+01
6.435553015147185363e+01,9.262081607579050413e+00
6.437553586739068123e+01,9.889528133421915612e+00
6.439554158330952305e+01,9.689460652663978379e+00
6.441554729922835065e+01,1.064288566613771891e+01
6.443555301514717826e+01,1.046093503039314498e+01
6.445555873106602007e+01,1.056907496304241789e+01
6.447556444698486189e+01,1.114671224816761175e+01
6.449557016290368949e+01,1.039723309789616756e+01
6.451557587882251710e+01,1.094923175646112234e+01
6.453558159474135891e+01,9.724423059354455390e+00
6.455558731066020073e+01,1.006725511869444034e+01
6.457559302657902833e+01,1.028088324562911637e+01
6.459559874249785594e+01,1.038063976817304734e+01
6.461560445841669775e+01,1.004339036381351846e+01
6.463561017433552536e+01,1.184817120931445089e+01
6.465561589025435296e+01,1.039712172307966043e+01
6.467562160617319478e+01,1.091311133346246898e+01
6.469562732209203659e+01,1.083153516989489162e+01
6.471563303801086420e+01,1.142146548346207169e+01
6.473563875392969180e+01,1.017205735901794306e+01
6.475564446984853362e+01,1.135223528153707129e+01
6.477565018576737543e+01,1.213577287405201943e+01
6.479565590168618883e+01,1.129033729581577461e+01
6.481566161760503064e+01,1.057767987909476837e+01
6.483566733352387246e+01,1.148361955429596826e+01
6.485567304944270006e+01,1.126689916500013666e+01
6.487567876536152767e+01,1.161676043111520151e+01
6.489568448128036948e+01,1.181599923986309797e+01
6.491569019719921130e+01,1.231538258830332389e+01
6.493569591311803890e+01,1.185772283184109455e+01
6.495570162903686651e+01,1.198638771503873102e+01
6.497570734495570832e+01,1.088918306365864375e+01
6.499571306087453593e+01,1.153416847409326174e+01
6.501571877679336353e+01,1.252165838646907936e+01
6.503572449271220535e+01,1.122954332582534498e+01
6.505573020863104716e+01,1.221220599986757627e+01
6.507573592454987477e+01,1.253811168786285002e+01
6.509574164046870237e+01,1.119438205549423415e+01
6.511574735638754419e+01,1.261714566362994461e+01
6.513575307230638600e+01,1.281406331342359373e+01
6.515575878822521361e+01,1.244523794447915854e+01
6.517576450414404121e+01,1.226985379017701661e+01
6.519577022006288303e+01,1.144232843009339540e+01
6.521577593598171063e+01,1.130526521641531623e+01
6.523578165190053824e+01,1.196468291020372909e+01
6.525578736781938005e+01,1.200724875856039553e+01
6.527579308373822187e+01,1.302886359759301627e+01
6.529579879965704947e+01,1.294224169971839800e+01
6.531580451557587708e+01,1.129074063707100706e+01
6.533581023149471889e+01,1.307861609058002550e+01
6.535581594741354650e+01,1.151010170106760988e+01
6.537582166333237410e+01,1.252506322126274085e+01
6.539582737925121592e+01,1.281577700992795066e+01
6.541583309517005773e+01,1.324785286787774830e+01
6.543583881108888534e+01,1.248586957567596833e+01
6.545584452700771294e+01,1.220619674603816662e+01
6.547585024292655476e+01,1.236235496997547223e+01
6.549585595884539657e+01,1.186748294819084393e+01
6.551586167476422418e+01,1.325422678281353228e+01
6.553586739068305178e+01,1.251951190104155209e+01
6.555587310660189360e+01,1.272743435672770218e+01
6.557587882252072120e+01,1.285157792473028948e+01
6.559588453843954881e+01,1.300643825293496825e+01
6.561589025435839062e+01,1.184006513905164226e+01
6.563589597027723244e+01,1.232250445660312366e+01
6.565590168619606004e+01,1.260033272826457917e+01
6.567590740211488765e+01,1.227484025969901005e+01
6.569591311803372946e+01,1.258725459465698826e+01
6.571591883395257128e+01,1.223038571690093512e+01
6.573592454987138467e+01,1.242402894749488773e+01
6.575593026579022649e+01,1.106383710750729144e+01
6.577593598170906830e+01,1.133573811514381369e+01
6.579594169762789591e+01,1.188736308088109261e+01
6.581594741354672351e+01,1.186677211700767920e+01
6.583595312946556533e+01,1.147993796011039080e+01
6.585595884538440714e+01,1.052163642909365748e+01
6.587596456130323475e+01,1.060461483951363881e+01
6.589597027722206235e+01,1.154988749349257837e+01
6.591597599314090417e+01,1.082583859799595594e+01
6.593598170905973177e+01,9.699923050241620714e+00
6.595598742497855937e+01,9.527509871909424888e+00
6.597599314089740119e+01,1.041933897775456153e+01
6.599599885681624301e+01,1.077269379840473995e+01
6.601600457273507061e+01,9.831377843978010844e+00
6.603601028865389821e+01,9.444477627025177568e+00
6.605601600457274003e+01,9.309693288143636281e+00
6.607602172049158185e+01,9.701509914850309002e+00
6.609602743641040945e+01,8.517938915073630213e+00
6.611603315232923705e+01,8.518937736250615345e+00
6.613603886824807887e+01,8.402391921730897550e+00
6.615604458416690647e+01,8.542659442944376735e+00
6.617605030008573408e+01,9.425411510909949442e+00
6.619605601600457589e+01,8.512485378786394108e+00
6.621606173192341771e+01,9.412669678003037887e+00
6.623606744784224531e+01,8.365055160903578368e+00
6.625607316376107292e+01,8.427064735710709797e+00
6.627607887967991473e+01,9.438645441835028294e+00
6.629608459559874234e+01,7.993392818243068909e+00
6.631609031151756994e+01,7.661326373893374786e+00
6.633609602743641176e+01,7.805456335294709724e+00
6.635610174335525357e+01,9.503749627876356243e+00
6.637610745927408118e+01,9.508185444427953215e+00
6.639611317519290878e+01,9.196193861435718375e+00
6.641611889111175060e+01,7.733767739368749616e+00
6.643612460703059241e+01,9.415951139826331584e+00
6.645613032294942002e+01,7.818429893106161543e+00
6.647613603886824762e+01,7.892720909381081285e+00
6.649614175478708944e+01,9.337249248795728818e+00
6.651614747070591704e+01,8.040923468195872559e+00
6.653615318662474465e+01,8.233003655044964120e+00
6.655615890254358646e+01,9.246579054677070530e+00
6.657616461846242828e+01,9.200260572869142450e+00
6.659617033438125588e+01,9.394492575629888265e+00
6.661617605030008349e+01,9.387872393851434794e+00
6.663618176621892530e+01,8.867377138763616884e+00
6.665618748213776712e+01,8.485084189433111490e+00
6.667619319805658051e+01,8.976062026639663571e+00
6.669619891397542233e+01,9.659772842844205343e+00
6.671620462989426414e+01,8.769681464367181434e+00
6.673621034581309175e+01,9.745607915293238221e+00
6.675621606173191935e+01,8.519032631336767025e+00
6.677622177765076117e+01,9.697764412825709002e+00
6.679622749356960298e+01,9.864261566778651513e+00
6.681623320948843059e+01,8.487528434020720880e+00
6.683623892540725819e+01,9.027627030452512358e+00
6.685624464132610001e+01,8.983671484154607256e+00
6.687625035724492761e+01,8.288117007351509358e+00
6.689625607316375522e+01,9.218139743052660151e+00
6.691626178908259703e+01,9.231439192112148362e+00
6.693626750500143885e+01,9.634360832765091587e+00
6.695627322092026645e+01,8.814844132391993270e+00
6.697627893683909406e+01,9.527826842432682852e+00
6.699628465275793587e+01,9.211610182499928356e+00
6.701629036867677769e+01,8.589502248374534688e+00
6.703629608459560529e+01,8.920803981511854275e+00
6.705630180051443290e+01,8.449610889376199196e+00
6.707630751643327471e+01,8.146181525787463684e+00
6.709631323235210232e+01,9.509878647556938347e+00
6.711631894827092992e+01,8.378032861652686236e+00
6.713632466418977174e+01,8.901841561696928196e+00
6.715633038010861355e+01,8.969157538332217072e+00
6.717633609602744116e+01,8.836889532385065138e+00
6.719634181194626876e+01,8.934287920576215569e+00
6.721634752786511058e+01,8.895271806678058724e+00
6.723635324378393818e+01,8.970579688883658420e+00
6.725635895970276579e+01,7.714258130925128576e+00
6.727636467562160760e+01,7.776796285903472494e+00
6.729637039154044942e+01,8.563328529037811165e+00
6.731637610745927702e+01,8.543430338147514291e+00
6.733638182337810463e+01,8.786234373697761058e+00
6.735638753929694644e+01,7.820117385334811821e+00
6.737639325521578826e+01,8.879328678652530726e+00
6.739639897113461586e+01,9.566836299116291187e+00
6.741640468705344347e+01,8.908296632087921552e+00
6.743641040297228528e+01,9.095996663970527862e+00
6.745641611889111289e+01,8.724091566474713844e+00
6.747642183480994049e+01,9.427520961850234471e+00
6.749642755072878231e+01,9.575478281835604122e+00
6.751643326664762412e+01,9.785956679040012318e+00
6.753643898256645173e+01,7.947546899571002577e+00
6.755644469848527933e+01,8.324984356895832605e+00
6.757645041440412115e+01,9.588916510296584761e+00
6.759645613032296296e+01,9.714043585738240338e+00
6.761646184624177636e+01,9.469627461987633055e+00
6.763646756216061817e+01,9.755548780643639617e+00
6.765647327807945999e+01,8.815749193053193267e+00
6.767647899399828759e+01,7.992160267252903516e+00
6.769648470991711520e+01,9.406573458402931465e+00
6.771649042583595701e+01,8.853201188295464874e+00
6.773649614175479883e+01,8.630074760194126782e+00
6.775650185767362643e+01,9.196562692377284520e+00
6.777650757359245404e+01,8.694958297617255027e+00
6.779651328951129585e+01,8.632395596289654804e+00
6.781651900543012346e+01,8.575226102763517488e+00
6.783652472134895106e+01,8.039465628616090598e+00
6.785653043726779288e+01,9.384526578931184915e+00
6.787653615318663469e+01,8.022210968284081645e+00
6.789654186910546230e+01,7.751273922817894402e+00
6.791654758502428990e+01,7.825134186732467967e+00
6.793655330094313172e+01,9.042356272274696849e+00
6.795655901686197353e+01,8.353872523134265649e+00
6.797656473278080114e+01,7.870103174108237454e+00
6.799657044869962874e+01,9.316459692727331543e+00
6.801657616461847056e+01,7.821427318051197730e+00
6.803658188053729816e+01,7.374327974056704704e+00
6.805658759645612577e+01,7.424589373513738266e+00
6.807659331237496758e+01,7.419051336823514475e+00
6.809659902829380940e+01,7.877094010941465108e+00
6.811660474421263700e+01,7.539280441425832535e+00
6.813661046013146461e+01,9.042786342418876799e+00
6.815661617605030642e+01,8.807937727161975872e+00
6.817662189196913403e+01,7.869654179275786809e+00
6.819662760788796163e+01,8.475934531904288249e+00
6.821663332380680345e+01,9.016723776519773637e+00
6.823663903972564526e+01,8.937260250029385844e+00
6.825664475564447287e+01,9.011904576279498258e+00
6.827665047156330047e+01,8.310190922559193893e+00
6.829665618748214229e+01,9.171708997307533195e+00
6.831666190340098410e+01,8.727458490841671690e+00
6.833666761931981171e+01,8.516355753529278871e+00
6.835667333523863931e+01,8.313496934067526212e+00
6.837667905115748113e+01,8.025390997317238373e+00
6.839668476707630873e+01,9.100071754212059716e+00
6.841669048299513634e+01,7.982386210744049748e+00
6.843669619891397815e+01,9.203448911339290106e+00
6.845670191483281997e+01,9.244231710163742122e+00
6.847670763075164757e+01,7.937482470385657685e+00
6.849671334667047518e+01,9.219731261747126538e+00
6.851671906258931699e+01,9.426892413683431116e+00
6.853672477850815881e+01,8.066532390181899714e+00
6.855673049442697220e+01,8.625162630199460168e+00
6.857673621034581402e+01,8.047245236445073502e+00
6.859674192626465583e+01,8.944215887343299087e+00
6.861674764218348344e+01,8.753645046803026020e+00
6.863675335810231104e+01,8.838049442301114667e+00
6.865675907402115286e+01,8.464032940089213142e+00
6.867676478993999467e+01,9.015390027234767345e+00
6.869677050585882228e+01,8.967083197833161989e+00
6.871677622177764988e+01,8.342359266827763520e+00
6.873678193769649170e+01,8.073433461793348087e+00
6.875678765361531930e+01,7.668719842078270510e+00
6.877679336953414690e+01,7.652211879234721792e+00
6.879679908545298872e+01,7.975438270832462706e+00
6.881680480137183054e+01,7.723342359906165910e+00
6.883681051729065814e+01,8.665425638551850440e+00
6.885681623320948574e+01,8.760536993415280804e+00
6.887682194912832756e+01,7.224218750451538718e+00
6.889682766504716938e+01,8.135757387933507445e+00
6.891683338096599698e+01,7.985543612197363750e+00
6.893683909688482458e+01,8.905931334894125584e+00
6.895684481280366640e+01,7.216736609945034076e+00
6.897685052872249400e+01,8.801551255737495083e+00
6.899685624464132161e+01,8.046934083250405934e+00
6.901686196056016342e+01,8.452321526843610044e+00
6.903686767647900524e+01,7.177950931353464625e+00
6.905687339239783284e+01,6.977392247405241221e+00
6.907687910831666045e+01,7.604840132712697098e+00
6.909688482423550226e+01,7.878615637240174330e+00
6.911689054015432987e+01,6.921492208107678401e+00
6.913689625607315747e+01,7.225678358113538202e+00
6.915690197199199929e+01,8.571664586938515740e+00
6.917690768791084110e+01,7.571282951318201171e+00
6.919691340382966871e+01,7.726968831571583429e+00
6.921691911974849631e+01,7.182743926739641793e+00
6.923692483566733813e+01,7.039088857434657953e+00
6.925693055158617994e+01,7.500033970778117620e+00
6.927693626750500755e+01,8.354030346253988881e+00
6.929694198342383515e+01,8.239389920884908847e+00
6.931694769934267697e+01,7.855386519100891363e+00
6.933695341526150457e+01,7.259907810624310898e+00
6.935695913118033218e+01,7.136591613145321311e+00
6.937696484709917399e+01,8.370456724870503962e+00
6.939697056301801581e+01,7.378446096546382726e+00
6.941697627893684341e+01,8.267706163382923634e+00
6.943698199485567102e+01,7.889864130382679974e+00
6.945698771077451283e+01,8.335519918599272771e+00
6.947699342669335465e+01,8.913697016851774180e+00
6.949699914261216804e+01,9.337720100798588163e+00
6.951700485853100986e+01,7.596605145881947685e+00
6.953701057444985167e+01,8.952883072296911493e+00
6.955701629036867928e+01,8.243977857610696347e+00
6.957702200628750688e+01,8.690733406095102254e+00
6.959702772220634870e+01,8.611184973310008317e+00
6.961703343812519051e+01,8.972541026722794300e+00
6.963703915404401812e+01,9.647746803545555139e+00
6.965704486996284572e+01,9.542830011307481541e+00
6.967705058588168754e+01,8.485164833376595439e+00
6.969705630180051514e+01,9.972151742207604030e+00
6.971706201771934275e+01,9.574468156644147854e+00
6.973706773363818456e+01,9.655665550030578359e+00
6.975707344955702638e+01,8.423269914254426283e+00
6.977707916547585398e+01,1.012665869732101598e+01
6.979708488139468159e+01,9.362902120745554058e+00
6.981709059731352340e+01,1.016735958006592710e+01
6.983709631323236522e+01,8.805896502945996573e+00
6.985710202915119282e+01,8.704843647503810899e+00
6.987710774507002043e+01,1.012406545969686000e+01
6.989711346098886224e+01,9.583759563538745141e+00
6.991711917690768985e+01,1.024971203809446152e+01
6.993712489282651745e+01,1.067865687896165916e+01
6.995713060874535927e+01,9.429466009080424982e+00
6.997713632466420108e+01,9.766970246366035724e+00
6.999714204058302869e+01,9.964822108381564902e+00
7.001714775650185629e+01,9.989527308778203718e+00
7.003715347242069811e+01,1.040871994108054821e+01
7.005715918833952571e+01,1.058273666058540741e+01
7.007716490425835332e+01,9.406784643083094366e+00
7.009717062017719513e+01,1.109696266210273841e+01
7.011717633609603695e+01,1.045856926054500668e+01
7.013718205201486455e+01,9.476792545253168498e+00
7.015718776793369216e+01,1.071863023874704623e+01
7.017719348385253397e+01,9.757283767995645007e+00
7.019719919977137579e+01,1.072314395074809745e+01
7.021720491569020339e+01,1.004568150694726647e+01
7.023721063160903100e+01,1.066713035172701041e+01
7.025721634752787281e+01,1.133057430834994506e+01
7.027722206344670042e+01,1.001710686482505785e+01
7.029722777936552802e+01,1.193685778198635106e+01
7.031723349528436984e+01,1.208042611541619848e+01
7.033723921120321165e+01,1.117430814578069409e+01
7.035724492712203926e+01,1.074262429235523264e+01
7.037725064304086686e+01,1.204630921006660849e+01
7.039725635895970868e+01,1.101002355468767391e+01
7.041726207487855049e+01,1.094910544121806417e+01
7.043726779079736389e+01,1.149069081388407554e+01
7.045727350671620570e+01,1.262044417274809405e+01
7.047727922263504752e+01,1.168881941338215036e+01
7.049728493855387512e+01,1.242357367604910934e+01
7.051729065447270273e+01,1.123411864097462853e+01
7.053729637039154454e+01,1.237102254664888257e+01
7.055730208631038636e+01,1.152354630021237014e+01
7.057730780222921396e+01,1.223901678032733287e+01
7.059731351814804157e+01,1.150227282685575858e+01
7.061731923406688338e+01,1.249252390396905454e+01
7.063732494998571099e+01,1.211760561594320329e+01
7.065733066590453859e+01,1.271452392128067288e+01
7.067733638182338041e+01,1.159596527652841225e+01
7.069734209774222222e+01,1.204360915777660246e+01
7.071734781366104983e+01,1.285791339634383412e+01
7.073735352957987743e+01,1.308095159337563196e+01
7.075735924549871925e+01,1.297846919692843493e+01
7.077736496141756106e+01,1.174078221001598266e+01
7.079737067733638867e+01,1.160271627856997156e+01
7.081737639325521627e+01,1.327277960982501170e+01
7.083738210917405809e+01,1.177960241132422503e+01
7.085738782509288569e+01,1.236044503581348764e+01
7.087739354101171330e+01,1.264172543454691500e+01
7.089739925693055511e+01,1.262385020438789773e+01
7.091740497284939693e+01,1.270087847024566940e+01
7.093741068876822453e+01,1.234113160780533569e+01
7.095741640468705214e+01,1.255114516583870099e+01
7.097742212060589395e+01,1.173731941628946451e+01
7.099742783652472156e+01,1.088621906284507546e+01
7.101743355244354916e+01,1.163487756760621572e+01
7.103743926836239098e+01,1.216215156369309724e+01
7.105744498428123279e+01,1.152663309512362311e+01
7.107745070020006040e+01,1.196938376676021853e+01
7.109745641611888800e+01,1.204941259187017799e+01
7.111746213203772982e+01,1.114991678277924336e+01
7.113746784795657163e+01,1.083473005666829891e+01
7.115747356387539924e+01,1.172892029947570869e+01
7.117747927979422684e+01,1.014033198603932817e+01
7.119748499571306866e+01,1.054974511871607135e+01
7.121749071163189626e+01,1.101214435712480544e+01
7.123749642755072387e+01,1.001063314142970917e+01
7.125750214346956568e+01,9.401095214765101460e+00
7.127750785938840750e+01,1.071892793061374505e+01
7.129751357530723510e+01,1.048986670147163025e+01
7.131751929122606271e+01,9.201064572079687309e+00
7.133752500714490452e+01,9.369704690282839366e+00
7.135753072306374634e+01,1.013135887300827953e+01
7.137753643898255973e+01,1.049269448226775303e+01
7.139754215490140155e+01,9.541775941815165751e+00
7.141754787082024336e+01,9.102174219915296405e+00
7.143755358673907097e+01,1.064657804881304060e+01
7.145755930265789857e+01,9.542209286571647908e+00
7.147756501857674039e+01,9.730776007735304489e+00
7.149757073449558220e+01,9.398386936397690405e+00
7.151757645041440981e+01,1.015321914701011430e+01
7.153758216633323741e+01,8.610024295564306485e+00
7.155758788225207923e+01,8.651656752800858996e+00
7.157759359817090683e+01,9.201353825451443313e+00
7.159759931408973443e+01,8.932100540680783851e+00
7.161760503000857625e+01,8.476803132655685857e+00
7.163761074592741807e+01,9.265731940416557677e+00
7.165761646184624567e+01,9.027639246216505597e+00
7.167762217776507327e+01,9.859623091809631035e+00
7.169762789368391509e+01,9.837956202558316932e+00
7.171763360960275691e+01,9.860007131457562579e+00
7.173763932552158451e+01,9.964521675122641753e+00
7.175764504144041211e+01,9.978239943341538520e+00
7.177765075735925393e+01,1.023589249315828198e+01
7.179765647327808153e+01,1.000763992696865934e+01
7.181766218919690914e+01,9.214126499953172456e+00
7.183766790511575095e+01,9.421333686856989686e+00
7.185767362103459277e+01,1.011688983352213000e+01
7.187767933695342037e+01,9.308378041982937390e+00
7.189768505287224798e+01,9.807944839270573922e+00
7.191769076879108979e+01,1.047478120162757165e+01
7.193769648470991740e+01,1.042457591527164418e+01
7.195770220062874500e+01,1.003035807119957568e+01
7.197770791654758682e+01,1.104668753860074659e+01
7.199771363246642863e+01,1.001868475540941006e+01
7.201771934838525624e+01,1.106663560536497748e+01
7.203772506430408384e+01,1.017165031133448672e+01
7.205773078022292566e+01,1.105058508485303470e+01
7.207773649614176747e+01,1.068993987219794839e+01
7.209774221206059508e+01,1.074984289164229168e+01
7.211774792797942268e+01,1.210666183983969546e+01
7.213775364389826450e+01,1.164967722668044736e+01
7.215775935981709210e+01,1.100678515633205734e+01
7.217776507573591971e+01,1.056493220706068747e+01
7.219777079165476152e+01,1.213351565484843597e+01
7.221777650757360334e+01,1.080792162696621261e+01
7.223778222349243094e+01,1.114563472465565752e+01
7.225778793941125855e+01,1.212758418451736553e+01
7.227779365533010036e+01,1.252099773126724891e+01
7.229779937124894218e+01,1.196543494803286656e+01
7.231780508716775557e+01,1.235263775732747504e+01
7.233781080308659739e+01,1.082496950165146110e+01
7.235781651900543920e+01,1.152033805348601803e+01
7.237782223492426681e+01,1.207214253874677290e+01
7.239782795084309441e+01,1.128095650680082684e+01
7.241783366676193623e+01,1.167871141863663276e+01
7.243783938268077804e+01,1.179518159256631904e+01
7.245784509859960565e+01,1.205183792047883706e+01
7.247785081451843325e+01,1.229598448812861911e+01
7.249785653043727507e+01,1.046740363703962906e+01
7.251786224635610267e+01,1.140880191656794906e+01
7.253786796227493028e+01,1.145668117103535444e+01
7.255787367819377209e+01,1.187063545207141324e+01
7.257787939411261391e+01,1.062869513092981855e+01
7.259788511003144151e+01,9.880208849850761865e+00
7.261789082595026912e+01,1.132281775631328991e+01
7.263789654186911093e+01,9.919079717203798552e+00
7.265790225778795275e+01,1.005912005961818245e+01
7.267790797370678035e+01,1.005531906155212063e+01
7.269791368962560796e+01,1.011476706624293520e+01
7.271791940554444977e+01,1.006521940533342274e+01
7.273792512146327738e+01,1.012374675776647770e+01
7.275793083738210498e+01,1.002266614512409681e+01
7.277793655330094680e+01,1.078002918496992457e+01
7.279794226921978861e+01,1.082550611554661479e+01
7.281794798513861622e+01,9.655470827497332209e+00
7.283795370105744382e+01,1.005788362025905336e+01
7.285795941697628564e+01,1.029585307336618172e+01
7.287796513289511324e+01,9.908115900121647002e+00
7.289797084881394085e+01,9.942042964020313178e+00
7.291797656473278266e+01,9.302159502376447620e+00
7.293798228065162448e+01,1.023844915595991623e+01
7.295798799657045208e+01,1.007408692405029704e+01
7.297799371248927969e+01,1.023497569433631860e+01
7.299799942840812150e+01,9.263407554592980375e+00
7.301800514432696332e+01,1.001290666026056719e+01
7.303801086024579092e+01,1.126579221339069292e+01
7.305801657616461853e+01,9.529210993847724964e+00
7.307802229208346034e+01,9.862383578097613679e+00
7.309802800800228795e+01,1.043800207088608190e+01
7.311803372392111555e+01,1.067225206676220139e+01
7.313803943983995737e+01,1.030238781921229752e+01
7.315804515575879918e+01,1.099169851693518396e+01
7.317805087167762679e+01,1.141836064569049647e+01
7.319805658759645439e+01,1.216700615922060003e+01
7.321806230351529621e+01,1.153836984915585262e+01
7.323806801943413802e+01,1.167313860486763843e+01
7.325807373535295142e+01,1.133179200551343335e+01
7.327807945127179323e+01,1.103051681129152684e+01
7.329808516719063505e+01,1.290563777140428492e+01
7.331809088310946265e+01,1.141552190898775443e+01
7.333809659902829026e+01,1.282652739423958366e+01
7.335810231494713207e+01,1.170925569706271396e+01
7.337810803086597389e+01,1.302326194720453323e+01
7.339811374678480149e+01,1.275732288287033889e+01
7.341811946270362910e+01,1.191675770866481265e+01
7.343812517862247091e+01,1.269608178310384794e+01
7.345813089454129852e+01,1.283843501069456394e+01
7.347813661046012612e+01,1.310543086725624029e+01
7.349814232637896794e+01,1.364188918212627932e+01
7.351814804229780975e+01,1.209635937178805598e+01
7.353815375821663736e+01,1.396313548730076093e+01
7.355815947413546496e+01,1.393197670932518228e+01
7.357816519005430678e+01,1.405891633497692794e+01
7.359817090597314859e+01,1.377039325889389509e+01
7.361817662189197620e+01,1.363125674799726816e+01
7.363818233781080380e+01,1.330901327586602356e+01
7.365818805372964562e+01,1.350731516733108784e+01
7.367819376964847322e+01,1.263582237883258941e+01
7.369819948556730083e+01,1.391995344005894708e+01
7.371820520148614264e+01,1.332132162401207687e+01
7.373821091740498446e+01,1.306587713857272171e+01
7.375821663332381206e+01,1.301597939657447611e+01
7.377822234924263967e+01,1.312521317516784691e+01
7.379822806516148148e+01,1.329154910705828030e+01
7.381823378108030909e+01,1.406697899914077610e+01
7.383823949699913669e+01,1.354241030504689292e+01
7.385824521291797851e+01,1.493621122115235345e+01
7.387825092883682032e+01,1.493139895856080024e+01
7.389825664475564793e+01,1.352982618501435752e+01
7.391826236067447553e+01,1.502519030989275706e+01
7.393826807659331735e+01,1.396576782949682283e+01
7.395827379251215916e+01,1.533878421848944740e+01
7.397827950843098677e+01,1.405897496633177290e+01
7.399828522434981437e+01,1.394561805714963931e+01
7.401829094026865619e+01,1.391047464460477201e+01
7.403829665618748379e+01,1.552270240897327902e+01
7.405830237210632561e+01,1.549073332006122961e+01
7.407830808802515321e+01,1.442489552453798929e+01
7.409831380394398082e+01,1.537983657970789686e+01
7.411831951986282263e+01,1.443675510869002743e+01
7.413832523578165024e+01,1.540774581527117704e+01
7.415833095170049205e+01,1.506192306544676640e+01
7.417833666761931966e+01,1.642472230164059610e+01
7.419834238353816147e+01,1.555685142357154582e+01
7.421834809945698908e+01,1.584215639823984034e+01
7.423835381537583089e+01,1.498714848498806518e+01
7.425835953129465850e+01,1.544655009129378698e+01
7.427836524721348610e+01,1.559947255883370687e+01
7.429837096313232792e+01,1.542029377876198204e+01
7.431837667905115552e+01,1.560382367856051111e+01
7.433838239496999734e+01,1.584760390924229156e+01
7.435838811088882494e+01,1.554753157528470631e+01
7.437839382680766676e+01,1.548089429054412314e+01
7.439839954272649436e+01,1.457007042506853800e+01
7.441840525864533618e+01,1.586985467169698261e+01
7.443841097456416378e+01,1.557749893400727004e+01
7.445841669048300560e+01,1.486949715512807479e+01
7.447842240640183320e+01,1.511001843825242830e+01
7.449842812232066080e+01,1.396454850268184167e+01
7.451843383823950262e+01,1.451245946552086608e+01
7.453843955415833022e+01,1.393913253691757426e+01
7.455844527007717204e+01,1.465765719795051325e+01
7.457845098599599964e+01,1.373391230098127380e+01
7.459845670191484146e+01,1.390050248385631981e+01
7.461846241783366906e+01,1.448094608397084215e+01
7.463846813375251088e+01,1.292746622923234590e+01
7.465847384967133848e+01,1.471204750405746964e+01
7.467847956559016609e+01,1.437347251528101211e+01
7.469848528150900790e+01,1.282167079737558169e+01
7.471849099742783551e+01,1.329128432099343549e+01
7.473849671334667732e+01,1.398334009627416386e+01
7.475850242926550493e+01,1.415615260531824582e+01
7.477850814518434674e+01,1.356963029624185069e+01
7.479851386110317435e+01,1.336089824217179256e+01
7.481851957702201616e+01,1.455395479529605041e+01
7.483852529294084377e+01,1.436734147423633878e+01
7.485853100885967137e+01,1.464345018081225547e+01
7.487853672477851319e+01,1.472161315458273201e+01
7.489854244069734079e+01,1.445066227014036997e+01
7.491854815661618261e+01,1.439701510805485718e+01
7.493855387253501021e+01,1.512216450971202697e+01
7.495855958845385203e+01,1.550828780924376638e+01
7.497856530437267963e+01,1.446722423195709695e+01
7.499857102029152145e+01,1.397507084794368559e+01
7.501857673621034905e+01,1.425187407060459677e+01
7.503858245212917666e+01,1.547006249427267477e+01
7.505858816804801847e+01,1.522874133892884529e+01
7.507859388396684608e+01,1.539169502869077277e+01
7.509859959988568789e+01,1.579940161518037556e+01
7.511860531580451550e+01,1.501641644683278543e+01
7.513861103172335731e+01,1.428640299028700511e+01
7.515861674764218492e+01,1.420903120128620678e+01
7.517862246356102673e+01,1.446481818994192459e+01
7.519862817947985434e+01,1.456455377728128298e+01
7.521863389539868194e+01,1.486333412541392107e+01
7.523863961131752376e+01,1.429156830250823873e+01
7.525864532723635136e+01,1.403869389264149348e+01
7.527865104315519318e+01,1.373787155743424648e+01
7.529865675907402078e+01,1.438078268994179965e+01
7.531866247499286260e+01,1.399256419071297408e+01
7.533866819091169020e+01,1.389952457681892994e+01
7.535867390683053202e+01,1.433566810033766181e+01
7.537867962274935962e+01,1.278353609729887097e+01
7.539868533866820144e+01,1.239855927858986462e+01
7.541869105458702904e+01,1.284076658916522717e+01
7.543869677050585665e+01,1.279332471996173126e+01
7.545870248642469846e+01,1.222908300708617269e+01
7.547870820234352607e+01,1.287008161613182189e+01
7.549871391826236788e+01,1.269756888550713292e+01
7.551871963418119549e+01,1.126056168578726258e+01
7.553872535010003730e+01,1.195537022760761658e+01
7.555873106601886491e+01,1.085264730877239359e+01
7.557873678193770672e+01,1.144775343480639229e+01
7.559874249785653433e+01,1.053836659292574573e+01
7.561874821377536193e+01,1.215427248580003727e+01
7.563875392969420375e+01,1.184927318458333723e+01
7.565875964561303135e+01,1.087875949004116549e+01
7.567876536153187317e+01,1.088002968621019662e+01
7.569877107745070077e+01,1.095452737485716099e+01
7.571877679336954259e+01,1.009898780843534993e+01
7.573878250928837019e+01,1.094022145311525129e+01
7.575878822520721201e+01,1.171660886369787669e+01
7.577879394112603961e+01,1.012086117861062640e+01
7.579879965704486722e+01,1.073869810004309855e+01
7.581880537296370903e+01,1.192223774953952820e+01
7.583881108888253664e+01,1.141160998262218840e+01
7.585881680480137845e+01,1.119397675838672512e+01
7.587882252072020606e+01,1.087439104607638107e+01
7.589882823663904787e+01,1.034999123306967306e+01
7.591883395255787548e+01,1.168431896695319416e+01
7.593883966847671729e+01,1.029226191600715623e+01
7.595884538439554490e+01,1.147553789615573194e+01
7.597885110031437250e+01,1.174315595418191727e+01
7.599885681623321432e+01,1.146122781293435722e+01
7.601886253215204192e+01,1.229502943772201640e+01
7.603886824807088374e+01,1.171203113729904821e+01
7.605887396398971134e+01,1.177956790433666967e+01
7.607887967990855316e+01,1.062485710417832685e+01
7.609888539582738076e+01,1.073082124766329137e+01
7.611889111174622258e+01,1.110709425708537701e+01
7.613889682766505018e+01,1.099644820887821339e+01
7.615890254358387779e+01,1.143844796087243942e+01
7.617890825950271960e+01,1.138229320643922726e+01
7.619891397542154721e+01,1.245611648414594619e+01
7.621891969134038902e+01,1.160913983064386557e+01
7.623892540725921663e+01,1.151965471762544801e+01
7.625893112317805844e+01,1.088124980662347951e+01
7.627893683909688605e+01,1.264340138661810187e+01
7.629894255501572786e+01,1.286393394816401781e+01
7.631894827093455547e+01,1.267981098332282386e+01
7.633895398685339728e+01,1.275942383305891248e+01
7.635895970277222489e+01,1.265529949931345399e+01
7.637896541869105249e+01,1.258903524299903509e+01
7.639897113460989431e+01,1.306272964963181948e+01
7.641897685052872191e+01,1.257038453324023308e+01
7.643898256644756373e+01,1.156958984677258861e+01
7.645898828236639133e+01,1.250631759609821181e+01
7.647899399828523315e+01,1.292149596626206076e+01
7.649899971420406075e+01,1.287208486369510574e+01
7.651900543012290257e+01,1.207548335267408213e+01
7.653901114604173017e+01,1.183650009661999114e+01
7.655901686196055778e+01,1.214391871114676569e+01
7.657902257787939959e+01,1.168356764962919669e+01
7.659902829379822720e+01,1.299541564847647734e+01
7.661903400971706901e+01,1.259659385047741154e+01
7.663903972563589662e+01,1.337888895184412874e+01
7.665904544155473843e+01,1.179339152729223272e+01
7.667905115747356604e+01,1.319100558114704214e+01
7.669905687339240785e+01,1.228033689549080165e+01
7.671906258931123546e+01,1.222096940366680329e+01
7.673906830523006306e+01,1.217539174855211925e+01
7.675907402114890488e+01,1.154912900365093620e+01
7.677907973706773248e+01,1.330421540543215286e+01
7.679908545298657430e+01,1.268027089393064344e+01
7.681909116890540190e+01,1.150510253991330956e+01
7.683909688482424372e+01,1.268670291844601650e+01
7.685910260074307132e+01,1.302570799157487791e+01
7.687910831666191314e+01,1.182292061353504131e+01
7.689911403258074074e+01,1.256066919688397299e+01
7.691911974849956835e+01,1.275540875254336370e+01
7.693912546441841016e+01,1.277542878259215620e+01
7.695913118033723777e+01,1.225409704475904960e+01
7.697913689625607958e+01,1.238599110258346769e+01
7.699914261217490719e+01,1.164516743170381829e+01
7.701914832809374900e+01,1.210641362195127968e+01
7.703915404401257661e+01,1.218277023853314667e+01
7.705915975993141842e+01,1.181546643856902179e+01
7.707916547585024603e+01,1.198991432544792701e+01
7.709917119176907363e+01,1.134602722244895467e+01
7.711917690768791545e+01,1.014562060694749590e+01
7.713918262360674305e+01,1.004761158520617670e+01
7.715918833952558487e+01,1.133809598236814509e+01
7.717919405544441247e+01,1.033975932417796706e+01
7.719919977136325429e+01,1.103090258319045347e+01
7.721920548728208189e+01,9.256293902467309209e+00
7.723921120320092371e+01,9.774995679264119275e+00
7.725921691911975131e+01,9.048792409577851359e+00
7.727922263503859313e+01,1.041771617295984775e+01
7.729922835095742073e+01,9.642814513771194029e+00
7.731923406687624833e+01,9.990358892818784753e+00
7.733923978279509015e+01,9.887675485721928226e+00
7.735924549871391775e+01,1.007261667153805007e+01
7.737925121463275957e+01,1.004966774837287602e+01
7.739925693055158717e+01,9.588163441655824570e+00
7.741926264647042899e+01,8.304552059289113330e+00
7.743926836238925659e+01,9.267810732061944279e+00
7.745927407830809841e+01,8.804206074301529128e+00
7.747927979422692601e+01,8.112575622056141356e+00
7.749928551014575362e+01,7.891117183547919467e+00
7.751929122606459543e+01,8.835441722912094065e+00
7.753929694198342304e+01,8.253357167166061714e+00
7.755930265790226485e+01,9.325290600674547292e+00
7.757930837382109246e+01,8.714955153986483793e+00
7.759931408973993427e+01,8.103543112580922525e+00
7.761931980565876188e+01,7.855569783802615724e+00
7.763932552157760369e+01,8.690383122786414560e+00
7.765933123749643130e+01,8.181851087022776525e+00
7.767933695341525890e+01,8.490432035345854445e+00
7.769934266933410072e+01,8.376894141343177225e+00
7.771934838525292832e+01,8.446624258739820590e+00
7.773935410117177014e+01,7.862773942420965945e+00
7.775935981709059774e+01,9.008389673398047748e+00
7.777936553300943956e+01,7.735413101492754961e+00
7.779937124892826716e+01,8.644309955331451079e+00
7.781937696484710898e+01,7.587393419725089849e+00
7.783938268076593658e+01,9.050712152546024569e+00
7.785938839668476419e+01,9.246719560313810149e+00
7.787939411260360600e+01,7.446215245439868013e+00
7.789939982852243361e+01,7.483339482749819638e+00
7.791940554444127542e+01,8.621866726681703952e+00
7.793941126036010303e+01,7.694192432094124179e+00
7.795941697627894484e+01,9.055062517462022953e+00
7.797942269219777245e+01,9.414192646342668169e+00
7.799942840811661426e+01,8.539288107621898050e+00
7.801943412403544187e+01,8.734641917876762918e+00
7.803943983995426947e+01,8.502404103074304942e+00
7.805944555587311129e+01,8.596583941695826070e+00
7.807945127179193889e+01,9.165595217978051323e+00
7.809945698771078071e+01,8.665312253599447345e+00
7.811946270362960831e+01,8.552175015485392606e+00
7.813946841954845013e+01,7.693272918380308134e+00
7.815947413546727773e+01,7.706727800724576305e+00
7.817947985138611955e+01,7.897768578173749887e+00
7.819948556730494715e+01,7.905024049520052110e+00
7.821949128322378897e+01,7.516606886682013489e+00
7.823949699914261657e+01,9.149153878803225837e+00
7.825950271506144418e+01,9.304247407045615148e+00
7.827950843098028599e+01,7.543923952497040730e+00
7.829951414689911360e+01,8.423506443882645911e+00
7.831951986281795541e+01,9.033783120571209579e+00
7.833952557873678302e+01,8.488138282264285905e+00
7.835953129465562483e+01,8.442182301528310617e+00
7.837953701057445244e+01,7.507312869790499832e+00
7.839954272649329425e+01,8.386049051924699071e+00
7.841954844241212186e+01,7.704541636122028692e+00
7.843955415833094946e+01,7.856778798707338751e+00
7.845955987424979128e+01,8.346747307159747109e+00
7.847956559016861888e+01,9.063620526255453669e+00
7.849957130608746070e+01,8.788992484999175403e+00
7.851957702200628830e+01,9.216102591906041752e+00
7.853958273792513012e+01,8.336348487787216044e+00
7.855958845384395772e+01,8.217033358267761045e+00
7.857959416976279954e+01,7.762958467098162174e+00
7.859959988568162714e+01,8.097972322174586068e+00
7.861960560160045475e+01,9.287789991506716802e+00
7.863961131751929656e+01,8.278565514800190428e+00
7.865961703343812417e+01,8.205829032485768337e+00
7.867962274935696598e+01,7.850830167843406926e+00
7.869962846527579359e+01,7.447590989542202777e+00
7.871963418119463540e+01,8.688674292759877460e+00
7.873963989711346301e+01,8.577044849034606955e+00
7.875964561303230482e+01,8.494559336036143549e+00
7.877965132895113243e+01,8.413043295545245215e+00
7.879965704486996003e+01,8.291441336360289682e+00
7.881966276078880185e+01,9.198322315871978461e+00
7.883966847670762945e+01,7.953012977077584367e+00
7.885967419262647127e+01,8.478883733142613011e+00
7.887967990854529887e+01,8.840720832993671507e+00
7.889968562446414069e+01,8.656481214497418364e+00
7.891969134038296829e+01,8.972059511028350087e+00
7.893969705630181011e+01,9.204682597361799168e+00
7.895970277222063771e+01,9.295640859788941057e+00
7.897970848813946532e+01,8.860746209732448975e+00
7.899971420405830713e+01,8.978284870650272254e+00
7.901971991997713474e+01,8.744154568226568003e+00
7.903972563589597655e+01,8.041191644465936150e+00
7.905973135181480416e+01,7.929715293545077870e+00
7.907973706773364597e+01,9.307717706553068737e+00
7.909974278365247358e+01,9.557667258797767573e+00
7.911974849957131539e+01,8.754861144365611025e+00
7.913975421549014300e+01,8.860749646224835629e+00
7.915975993140898481e+01,8.429428038910746324e+00
7.917976564732781242e+01,8.340294571302914406e+00
7.919977136324664002e+01,8.082363986606079465e+00
7.921977707916548184e+01,9.626584321688611112e+00
7.923978279508430944e+01,8.380509375889651835e+00
7.925978851100315126e+01,8.970306545576255175e+00
7.927979422692197886e+01,7.882976021218184748e+00
7.929979994284082068e+01,9.180506127643548453e+00
7.931980565875964828e+01,9.361820695163505235e+00
7.933981137467849010e+01,8.123743694111675850e+00
7.935981709059731770e+01,8.917500718150929373e+00
7.937982280651614531e+01,9.171090069357774155e+00
7.939982852243498712e+01,8.279361573954007625e+00
7.941983423835381473e+01,8.325761110433328227e+00
7.943983995427265654e+01,9.077690943358307507e+00
7.945984567019148415e+01,9.395157236721761507e+00
7.947985138611032596e+01,8.185183077642991023e+00
7.949985710202915357e+01,9.102544359492712900e+00
7.951986281794799538e+01,8.356163763921239607e+00
7.953986853386682299e+01,8.943477816044378415e+00
7.955987424978565059e+01,8.191798705804695047e+00
7.957987996570449241e+01,7.861171600663413805e+00
7.959988568162332001e+01,7.794678560335381867e+00
7.961989139754216183e+01,7.183529557622621020e+00
7.963989711346098943e+01,7.638180750952173526e+00
7.965990282937983125e+01,7.133417139345395341e+00
7.967990854529865885e+01,8.289871293812964836e+00
7.969991426121750067e+01,8.785063894733593060e+00
7.971991997713632827e+01,7.960983937492336793e+00
7.973992569305515588e+01,6.882791941961150073e+00
7.975993140897399769e+01,8.144618881437363456e+00
7.977993712489282530e+01,8.309963113278509894e+00
7.979994284081166711e+01,8.540017303035098095e+00
7.981994855673049472e+01,8.468729145078777165e+00
7.983995427264933653e+01,8.202319455944561355e+00
7.985995998856816414e+01,8.161387093649086211e+00
7.987996570448700595e+01,7.763888214815231947e+00
7.989997142040583356e+01,6.879390798683956199e+00
7.991997713632466116e+01,7.268287509528282619e+00
7.993998285224350298e+01,7.116023692988451721e+00
7.995998856816233058e+01,6.989604132091544741e+00
7.997999428408117240e+01,7.211564994328051981e+00
8.000000000000000000e+01,6.510126349900221321e+00
