angle,intensity
1.000000000000000000e+01,3.381194378465317563e+00
1.002000571591883471e+01,3.142266273766656681e+00
1.004001143183766764e+01,3.598028156803113831e+00
1.006001714775650235e+01,3.692894014336272512e+00
1.008002286367533529e+01,3.539144500177889618e+00
1.010002857959417000e+01,3.964115821135131057e+00
1.012003429551300293e+01,4.133538738422317671e+00
1.014004001143183764e+01,4.196540178521019904e+00
1.016004572735067235e+01,4.242977790847467290e+00
1.018005144326950528e+01,3.283206428478647965e+00
1.020005715918833999e+01,3.991566793810597424e+00
1.022006287510717293e+01,4.050115702792689731e+00
1.024006859102600764e+01,3.579169472611004821e+00
1.026007430694484057e+01,3.129792288016728374e+00
1.028008002286367528e+01,3.946473627905483283e+00
1.030008573878250999e+01,4.383787810547405073e+00
1.032009145470134293e+01,3.818284952733362214e+00
1.034009717062017764e+01,3.983535938193751846e+00
1.036010288653901057e+01,3.859348153826852812e+00
1.038010860245784528e+01,4.302877926147994359e+00
1.040011431837667999e+01,3.890446513242022952e+00
1.042012003429551292e+01,3.364371426268003340e+00
1.044012575021434763e+01,3.224035035546120476e+00
1.046013146613318057e+01,4.333506353101606479e+00
1.048013718205201528e+01,4.098194876971065881e+00
1.050014289797084821e+01,4.084806990204910448e+00
1.052014861388968292e+01,3.812511838250237872e+00
1.054015432980851585e+01,3.667263114526251755e+00
1.056016004572735056e+01,3.891029113650372295e+00
1.058016576164618527e+01,3.573038387385512049e+00
1.060017147756501821e+01,4.652327278668376920e+00
1.062017719348385292e+01,4.362155768862658434e+00
1.064018290940268585e+01,3.903883774824426389e+00
1.066018862532152056e+01,4.337837598062852962e+00
1.068019434124035527e+01,3.876364571079667698e+00
1.070020005715918820e+01,4.372826094137563402e+00
1.072020577307802292e+01,4.768607154681767213e+00
1.074021148899685585e+01,4.703727433149374804e+00
1.076021720491569056e+01,3.875790980071343039e+00
1.078022292083452349e+01,4.862752541801718564e+00
1.080022863675335820e+01,4.384502304757944557e+00
1.082023435267219291e+01,3.886992336157584660e+00
1.084024006859102585e+01,3.899518404909977587e+00
1.086024578450986056e+01,4.617519550951916685e+00
1.088025150042869349e+01,4.743114904906730267e+00
1.090025721634752820e+01,3.593971049915696270e+00
1.092026293226636113e+01,3.843878489295628142e+00
1.094026864818519584e+01,4.481811954744532756e+00
1.096027436410403055e+01,4.051511841435658567e+00
1.098028008002286349e+01,4.632595978765450262e+00
1.100028579594169820e+01,4.354958223356336866e+00
1.102029151186053113e+01,4.517130046788083497e+00
1.104029722777936584e+01,3.539071635976594798e+00
1.106030294369819877e+01,4.222644734701165525e+00
1.108030865961703348e+01,4.581824016722920945e+00
1.110031437553586819e+01,5.016555409186735481e+00
1.112032009145470113e+01,4.354465061570649276e+00
1.114032580737353584e+01,4.508681371916874348e+00
1.116033152329236877e+01,3.897587367421487148e+00
1.118033723921120348e+01,4.415097139234025470e+00
1.120034295513003642e+01,4.359778914120886917e+00
1.122034867104887113e+01,4.113557011746802772e+00
1.124035438696770584e+01,3.918030207171123713e+00
1.126036010288653877e+01,4.819059113821794860e+00
1.128036581880537348e+01,3.851804353604799225e+00
1.130037153472420641e+01,4.949167946626873871e+00
1.132037725064304112e+01,4.543391226700512320e+00
1.134038296656187583e+01,4.086359319762609132e+00
1.136038868248070877e+01,4.427364245416955946e+00
1.138039439839954348e+01,4.305263477496223956e+00
1.140040011431837641e+01,4.417565772850714723e+00
1.142040583023721112e+01,5.226158848328061879e+00
1.144041154615604405e+01,4.600899426134875903e+00
1.146041726207487876e+01,4.448090107788368108e+00
1.148042297799371170e+01,4.342423270297136817e+00
1.150042869391254641e+01,3.789361179361273813e+00
1.152043440983138112e+01,4.173017061688812035e+00
1.154044012575021405e+01,4.274995536413619845e+00
1.156044584166904876e+01,4.255675344598564891e+00
1.158045155758788169e+01,4.559170431840798621e+00
1.160045727350671640e+01,4.000067294457378075e+00
1.162046298942555111e+01,4.538406821719800810e+00
1.164046870534438405e+01,4.318137985704060711e+00
1.166047442126321876e+01,4.082936921553614873e+00
1.168048013718205169e+01,3.495716065930689176e+00
1.170048585310088640e+01,4.475292459919957722e+00
1.172049156901971934e+01,4.126499400943943741e+00
1.174049728493855405e+01,4.165836890688925820e+00
1.176050300085738698e+01,4.239044784782393549e+00
1.178050871677622169e+01,3.747915136908878342e+00
1.180051443269505640e+01,4.229923122570192540e+00
1.182052014861388933e+01,4.253235627845575628e+00
1.184052586453272404e+01,4.015801012003381132e+00
1.186053158045155698e+01,3.689865678736476085e+00
1.188053729637039169e+01,3.710137049373281926e+00
1.190054301228922640e+01,3.953525849854867324e+00
1.192054872820805933e+01,4.105896958233163474e+00
1.194055444412689404e+01,3.607635694534641058e+00
1.196056016004572697e+01,4.420483496957233527e+00
1.198056587596456168e+01,3.762831180327608216e+00
1.200057159188339639e+01,3.667122979177994679e+00
1.202057730780222933e+01,4.138065088498910526e+00
1.204058302372106226e+01,3.315672707040393075e+00
1.206058873963989697e+01,3.368882854908691549e+00
1.208059445555873168e+01,3.959026317970119724e+00
1.210060017147756461e+01,4.400990485231837113e+00
1.212060588739639932e+01,3.138137742256732921e+00
1.214061160331523226e+01,3.595988461282908499e+00
1.216061731923406697e+01,3.566828874461220877e+00
1.218062303515290168e+01,3.410257108634862977e+00
1.220062875107173461e+01,3.499479464671061191e+00
1.222063446699056932e+01,3.475177571185438907e+00
1.224064018290940226e+01,3.923838637958223519e+00
1.226064589882823697e+01,2.829371814817214670e+00
1.228065161474707168e+01,3.810591761040661218e+00
1.230065733066590461e+01,3.964199052558774472e+00
1.232066304658473754e+01,3.416290801292011903e+00
1.234066876250357225e+01,3.237484032928216848e+00
1.236067447842240696e+01,3.653779737523890958e+00
1.238068019434123990e+01,4.351156092900721362e+00
1.240068591026007461e+01,2.782547147971749624e+00
1.242069162617890754e+01,3.973965029604160204e+00
1.244069734209774225e+01,3.379751194175974582e+00
1.246070305801657696e+01,3.097000887897915611e+00
1.248070877393540989e+01,3.378119694330446343e+00
1.250071448985424460e+01,4.009098500137977084e+00
1.252072020577307754e+01,3.887206740945060801e+00
1.254072592169191225e+01,3.562969200082443333e+00
1.256073163761074696e+01,4.357378945961286831e+00
1.258073735352957989e+01,3.211519640560380306e+00
1.260074306944841460e+01,3.597661327829372979e+00
1.262074878536724754e+01,3.882820326299189162e+00
1.264075450128608225e+01,3.523127728648969281e+00
1.266076021720491518e+01,3.662718143949388327e+00
1.268076593312374989e+01,4.311108463832482585e+00
1.270077164904258282e+01,3.512018861774920175e+00
1.272077736496141753e+01,3.739843639371007278e+00
1.274078308088025224e+01,4.341872069976121296e+00
1.276078879679908518e+01,3.649615463370122548e+00
1.278079451271791989e+01,3.652946994240652501e+00
1.280080022863675282e+01,4.333435138100931283e+00
1.282080594455558753e+01,4.069025715238345775e+00
1.284081166047442224e+01,3.601954696406615142e+00
1.286081737639325517e+01,3.396375398585816274e+00
1.288082309231208988e+01,4.300983240497506799e+00
1.290082880823092282e+01,3.246840756861407939e+00
1.292083452414975753e+01,4.446130703061756506e+00
1.294084024006859224e+01,3.759842598270719982e+00
1.296084595598742517e+01,3.615537890445377656e+00
1.298085167190625810e+01,3.447961717485955369e+00
1.300085738782509281e+01,3.821259626944990107e+00
1.302086310374392752e+01,3.568008834663205064e+00
1.304086881966276046e+01,4.015557567373448045e+00
1.306087453558159517e+01,3.347981643248489902e+00
1.308088025150042810e+01,3.679923287560142420e+00
1.310088596741926281e+01,3.608709961580084613e+00
1.312089168333809752e+01,3.706271457001174774e+00
1.314089739925693046e+01,3.360354236377810722e+00
1.316090311517576517e+01,3.574213838546340227e+00
1.318090883109459810e+01,3.925386373793238182e+00
1.320091454701343281e+01,3.866697106067982226e+00
1.322092026293226752e+01,3.706967138472578860e+00
1.324092597885110045e+01,4.530191001004333806e+00
1.326093169476993339e+01,4.311835205485861522e+00
1.328093741068876810e+01,4.335225605881397826e+00
1.330094312660760281e+01,3.584324956243106541e+00
1.332094884252643574e+01,3.972064217145241827e+00
1.334095455844527045e+01,3.787482293069304617e+00
1.336096027436410338e+01,4.118008815155500102e+00
1.338096599028293809e+01,3.872374636423477234e+00
1.340097170620177280e+01,3.729737142398458882e+00
1.342097742212060574e+01,4.143183152816933834e+00
1.344098313803944045e+01,3.456214911377204491e+00
1.346098885395827338e+01,4.001967398375579243e+00
1.348099456987710809e+01,4.122748983917427168e+00
1.350100028579594280e+01,4.044887975546106240e+00
1.352100600171477573e+01,3.895458688477448916e+00
1.354101171763361044e+01,3.960848799235297424e+00
1.356101743355244338e+01,3.856745531502076219e+00
1.358102314947127809e+01,4.130573653163083669e+00
1.360102886539011102e+01,3.450496674522874674e+00
1.362103458130894573e+01,3.562765929965739709e+00
1.364104029722777867e+01,3.467437600144192000e+00
1.366104601314661338e+01,4.415110930828575420e+00
1.368105172906544809e+01,4.221177760458479256e+00
1.370105744498428102e+01,3.553845591540469862e+00
1.372106316090311573e+01,4.085858322647537122e+00
1.374106887682194866e+01,4.182304634550982669e+00
1.376107459274078337e+01,4.304267627294479759e+00
1.378108030865961808e+01,4.407115389314498088e+00
1.380108602457845102e+01,4.310191084865907740e+00
1.382109174049728573e+01,3.802464061659775574e+00
1.384109745641611866e+01,4.667526467674777635e+00
1.386110317233495337e+01,4.789998974083106376e+00
1.388110888825378808e+01,3.673369275990019833e+00
1.390111460417262101e+01,4.391370223247665017e+00
1.392112032009145395e+01,4.510576631339317188e+00
1.394112603601028866e+01,4.875805980450341970e+00
1.396113175192912337e+01,4.540641209198081896e+00
1.398113746784795630e+01,4.336906127793466403e+00
1.400114318376679101e+01,4.352597451368195536e+00
1.402114889968562395e+01,3.752471061212617531e+00
1.404115461560445866e+01,4.788799998992046447e+00
1.406116033152329337e+01,4.684101390208022409e+00
1.408116604744212630e+01,4.900463468455482641e+00
1.410117176336095923e+01,5.005067935189815742e+00
1.412117747927979394e+01,5.404844050979138892e+00
1.414118319519862865e+01,4.865212689017456071e+00
1.416118891111746336e+01,4.824842838497606756e+00
1.418119462703629630e+01,3.980402138799237655e+00
1.420120034295512923e+01,4.634761874318213515e+00
1.422120605887396394e+01,5.599376824487128701e+00
1.424121177479279865e+01,4.254911071967898195e+00
1.426121749071163336e+01,5.058354997167302969e+00
1.428122320663046629e+01,4.903858352110344931e+00
1.430122892254929923e+01,4.312936345214841261e+00
1.432123463846813394e+01,4.845817458083483409e+00
1.434124035438696865e+01,5.291096307807774402e+00
1.436124607030580158e+01,5.125505146230101339e+00
1.438125178622463629e+01,4.834497248657783963e+00
1.440125750214346922e+01,5.835423729734473319e+00
1.442126321806230393e+01,4.644341903879013245e+00
1.444126893398113864e+01,5.015306517031683065e+00
1.446127464989997158e+01,5.631956197329387237e+00
1.448128036581880451e+01,4.753567197287139834e+00
1.450128608173763922e+01,4.456717872582830253e+00
1.452129179765647393e+01,5.100986616535083229e+00
1.454129751357530864e+01,4.382512824988150868e+00
1.456130322949414158e+01,5.352988518586468736e+00
1.458130894541297451e+01,4.794910887071948125e+00
1.460131466133180922e+01,5.768910372024578237e+00
1.462132037725064393e+01,4.430998107879613457e+00
1.464132609316947686e+01,5.033809684077895419e+00
1.466133180908831157e+01,4.758878666921873446e+00
1.468133752500714451e+01,4.095377812626260550e+00
1.470134324092597922e+01,4.721698892220562271e+00
1.472134895684481393e+01,4.586321759724024894e+00
1.474135467276364686e+01,4.870161991092428977e+00
1.476136038868247979e+01,4.512844174056156454e+00
1.478136610460131450e+01,4.247206517643324908e+00
1.480137182052014921e+01,4.674622381018919803e+00
1.482137753643898392e+01,3.961259812141960435e+00
1.484138325235781686e+01,4.631724463684217419e+00
1.486138896827664979e+01,4.649049605123996898e+00
1.488139468419548450e+01,3.583885913323723749e+00
1.490140040011431921e+01,4.591212146530221361e+00
1.492140611603315392e+01,4.278060517760115644e+00
1.494141183195198685e+01,4.783203234151841343e+00
1.496141754787081979e+01,3.799984612431105191e+00
1.498142326378965450e+01,4.003536714192889256e+00
1.500142897970848921e+01,3.884652094614509110e+00
1.502143469562732214e+01,4.483305432493554399e+00
1.504144041154615508e+01,4.738140269356689416e+00
1.506144612746498979e+01,3.481832105048552339e+00
1.508145184338382450e+01,5.068759900319379064e+00
1.510145755930265921e+01,3.731763108487242242e+00
1.512146327522149214e+01,5.044090311823515194e+00
1.514146899114032507e+01,4.485606436480635395e+00
1.516147470705915978e+01,4.684981649346363852e+00
1.518148042297799449e+01,4.898858354907165591e+00
1.520148613889682920e+01,4.842907520027894819e+00
1.522149185481566214e+01,4.320969993616697202e+00
1.524149757073449507e+01,4.624748009813333560e+00
1.526150328665332978e+01,5.243529155498238836e+00
1.528150900257216449e+01,3.952961063824886434e+00
1.530151471849099742e+01,4.413676466474030669e+00
1.532152043440983036e+01,5.299419346073226400e+00
1.534152615032866507e+01,4.293279314515912937e+00
1.536153186624749978e+01,4.488798530055782443e+00
1.538153758216633449e+01,4.262671291730431911e+00
1.540154329808516742e+01,4.656790319755468310e+00
1.542154901400400036e+01,5.011524422975308646e+00
1.544155472992283507e+01,5.261865177183691955e+00
1.546156044584166978e+01,4.905148861565116647e+00
1.548156616176050449e+01,5.127469420184954885e+00
1.550157187767933742e+01,4.591566564825326324e+00
1.552157759359817035e+01,4.497217786203629331e+00
1.554158330951700506e+01,5.060980925614301462e+00
1.556158902543583977e+01,4.742186715569227218e+00
1.558159474135467271e+01,5.607937584138509735e+00
1.560160045727350742e+01,4.870393117533923899e+00
1.562160617319234035e+01,4.834930136993197181e+00
1.564161188911117506e+01,4.750976725212568752e+00
1.566161760503000977e+01,5.485300612017565136e+00
1.568162332094884270e+01,4.567741026586455533e+00
1.570162903686767564e+01,5.528312135877460953e+00
1.572163475278651035e+01,4.816483456152304221e+00
1.574164046870534506e+01,5.217635125038359689e+00
1.576164618462417977e+01,3.982206880391745862e+00
1.578165190054301270e+01,4.864778080912826930e+00
1.580165761646184563e+01,4.964501552996846812e+00
1.582166333238068034e+01,4.696097998735156764e+00
1.584166904829951505e+01,3.880994327814351053e+00
1.586167476421834799e+01,3.843324382533134465e+00
1.588168048013718270e+01,4.185644213795698398e+00
1.590168619605601563e+01,3.850750528220528324e+00
1.592169191197485034e+01,4.014951292248602144e+00
1.594169762789368505e+01,3.780627616190937346e+00
1.596170334381251799e+01,3.990664492649183437e+00
1.598170905973135092e+01,3.704101953035981332e+00
1.600171477565018563e+01,4.250780499422619485e+00
1.602172049156902034e+01,3.475898924869922801e+00
1.604172620748785505e+01,4.985911417252224531e+00
1.606173192340668976e+01,4.533254976412955273e+00
1.608173763932552092e+01,4.308229392010266778e+00
1.610174335524435563e+01,4.110187054250880934e+00
1.612174907116319034e+01,4.244126597906184628e+00
1.614175478708202505e+01,4.605708940390567108e+00
1.616176050300085620e+01,4.301977142282415123e+00
1.618176621891969091e+01,4.789203687218517302e+00
1.620177193483852562e+01,4.615769246894917188e+00
1.622177765075736033e+01,4.247344885597071240e+00
1.624178336667619504e+01,3.980652436253145687e+00
1.626178908259502620e+01,4.298146467090141698e+00
1.628179479851386091e+01,4.155708742970913860e+00
1.630180051443269562e+01,4.266280704317786387e+00
1.632180623035153033e+01,4.729434819617380548e+00
1.634181194627036149e+01,4.735199230617872956e+00
1.636181766218919620e+01,4.666259706123488726e+00
1.638182337810803091e+01,4.598574427637118767e+00
1.640182909402686562e+01,4.947649447305979109e+00
1.642183480994570033e+01,3.597373436210540287e+00
1.644184052586453504e+01,4.422986191939224376e+00
1.646184624178336620e+01,4.731431911966674342e+00
1.648185195770220091e+01,3.868676861373802289e+00
1.650185767362103562e+01,4.305595499122567560e+00
1.652186338953986677e+01,4.587997375643342757e+00
1.654186910545870148e+01,3.429626554475396993e+00
1.656187482137753619e+01,4.166094125771253154e+00
1.658188053729637090e+01,4.736748726084324623e+00
1.660188625321520561e+01,4.450135841041451989e+00
1.662189196913404032e+01,3.453355010441587325e+00
1.664189768505287148e+01,4.373929119091505946e+00
1.666190340097170619e+01,4.082766457822735617e+00
1.668190911689054090e+01,4.345826826696459477e+00
1.670191483280937561e+01,3.890433108057794520e+00
1.672192054872820677e+01,4.177264985252418406e+00
1.674192626464704148e+01,2.909428559232290823e+00
1.676193198056587619e+01,3.744961987082592536e+00
1.678193769648471090e+01,3.479523955006328162e+00
1.680194341240354561e+01,3.956902298478615521e+00
1.682194912832238032e+01,3.426520816965879845e+00
1.684195484424121148e+01,2.895798321487795590e+00
1.686196056016004619e+01,3.468897302173983732e+00
1.688196627607888090e+01,3.195486967498346154e+00
1.690197199199771205e+01,3.777775814728561610e+00
1.692197770791654676e+01,3.450458567928905040e+00
1.694198342383538147e+01,3.458694349387304356e+00
1.696198913975421618e+01,4.338521586425898136e+00
1.698199485567305089e+01,2.896926256740098182e+00
1.700200057159188560e+01,3.300184936157511295e+00
1.702200628751071676e+01,2.969749853059357569e+00
1.704201200342955147e+01,4.404493021456783453e+00
1.706201771934838618e+01,3.682048724462245737e+00
1.708202343526722089e+01,3.626936207972611292e+00
1.710202915118605205e+01,3.790162740379581230e+00
1.712203486710488676e+01,3.426114626297882548e+00
1.714204058302372147e+01,3.453430791828039581e+00
1.716204629894255618e+01,3.444818077618828411e+00
1.718205201486139089e+01,3.641251571424092504e+00
1.720205773078022204e+01,3.572193379014125370e+00
1.722206344669905675e+01,3.315177074294516579e+00
1.724206916261789146e+01,3.391872728859722130e+00
1.726207487853672617e+01,3.991518539191656778e+00
1.728208059445555733e+01,4.182684360554526748e+00
1.730208631037439204e+01,4.394140938301223542e+00
1.732209202629322675e+01,3.433093546235495008e+00
1.734209774221206146e+01,3.667615012907057714e+00
1.736210345813089617e+01,3.583044904725998236e+00
1.738210917404973088e+01,3.805083862422460328e+00
1.740211488996856204e+01,3.880828349082623419e+00
1.742212060588739675e+01,3.553161803501149407e+00
1.744212632180623146e+01,4.323557167343003549e+00
1.746213203772506262e+01,3.899909159060707342e+00
1.748213775364389733e+01,3.527165609921325551e+00
1.750214346956273204e+01,3.823783403855106844e+00
1.752214918548156675e+01,3.364839227212884865e+00
1.754215490140040146e+01,3.662268832320946466e+00
1.756216061731923617e+01,4.067512780843422604e+00
1.758216633323806732e+01,3.346675183002836285e+00
1.760217204915690203e+01,3.355501115715411764e+00
1.762217776507573674e+01,3.730066839650596933e+00
1.764218348099457145e+01,3.739236233453258507e+00
1.766218919691340261e+01,3.401620121553272202e+00
1.768219491283223732e+01,3.421363254157218314e+00
1.770220062875107203e+01,3.213390720805934020e+00
1.772220634466990674e+01,4.285349528028209676e+00
1.774221206058874145e+01,3.341778245771333644e+00
1.776221777650757616e+01,4.476200127580106880e+00
1.778222349242640732e+01,3.547097453201490502e+00
1.780222920834524203e+01,3.393964051269337645e+00
1.782223492426407674e+01,3.005773757969925519e+00
1.784224064018290790e+01,3.751147530895570625e+00
1.786224635610174261e+01,3.811723932249929003e+00
1.788225207202057732e+01,3.980860197507926745e+00
1.790225778793941203e+01,4.538398109255135537e+00
1.792226350385824674e+01,3.642067283032542235e+00
1.794226921977708145e+01,4.093348474448080587e+00
1.796227493569591260e+01,3.574992854734292180e+00
1.798228065161474731e+01,3.099351010392850991e+00
1.800228636753358202e+01,2.988628565644665169e+00
1.802229208345241318e+01,4.098743443298532796e+00
1.804229779937124789e+01,3.817380856801997790e+00
1.806230351529008260e+01,3.136039712246964761e+00
1.808230923120891731e+01,3.170684669351476970e+00
1.810231494712775202e+01,3.882102691667172145e+00
1.812232066304658673e+01,3.451428407997546799e+00
1.814232637896542144e+01,4.197682021780686057e+00
1.816233209488425260e+01,3.249361695936640260e+00
1.818233781080308731e+01,3.652155562056898397e+00
1.820234352672191847e+01,4.250394727525446115e+00
1.822234924264075318e+01,4.533615965596370145e+00
1.824235495855958789e+01,4.597730204166173174e+00
1.826236067447842260e+01,4.807768742799308548e+00
1.828236639039725731e+01,4.324840771507583170e+00
1.830237210631609202e+01,4.530631808768704971e+00
1.832237782223492673e+01,3.673723782867313936e+00
1.834238353815375788e+01,4.303617708359205096e+00
1.836238925407259259e+01,4.672728227535939638e+00
1.838239496999142730e+01,4.078906123891898439e+00
1.840240068591025846e+01,4.459393992218617875e+00
1.842240640182909317e+01,4.266731251699505734e+00
1.844241211774792788e+01,3.821463654947073074e+00
1.846241783366676259e+01,3.964391922374779220e+00
1.848242354958559730e+01,3.868685867713305804e+00
1.850242926550443201e+01,4.478853141537493698e+00
1.852243498142326672e+01,3.948566646550070391e+00
1.854244069734209788e+01,5.124782212502666745e+00
1.856244641326093259e+01,4.377837947233585325e+00
1.858245212917976374e+01,4.258672197737086940e+00
1.860245784509859845e+01,4.164046718643258593e+00
1.862246356101743316e+01,4.130772932662207353e+00
1.864246927693626787e+01,5.023900450953784791e+00
1.866247499285510258e+01,4.271346987951428531e+00
1.868248070877393729e+01,4.545883986801950272e+00
1.870248642469277200e+01,4.517134151817961296e+00
1.872249214061160316e+01,5.120230411047742791e+00
1.874249785653043787e+01,4.761896460122084562e+00
1.876250357244927258e+01,4.641855820017423362e+00
1.878250928836810374e+01,4.851873838383295556e+00
1.880251500428693845e+01,5.548484070843541005e+00
1.882252072020577316e+01,4.787933598136195457e+00
1.884252643612460787e+01,5.773041125876215318e+00
1.886253215204344258e+01,4.863566422063700045e+00
1.888253786796227729e+01,5.624664412263404856e+00
1.890254358388111200e+01,5.060867900630027449e+00
1.892254929979994316e+01,5.330105402937109105e+00
1.894255501571877787e+01,5.218338554288712849e+00
1.896256073163760902e+01,5.884100354012776535e+00
1.898256644755644373e+01,4.747226913994913922e+00
1.900257216347527844e+01,5.167082997227574914e+00
1.902257787939411315e+01,5.474686147416985449e+00
1.904258359531294786e+01,5.569013687813288094e+00
1.906258931123178257e+01,5.746365978387839135e+00
1.908259502715061728e+01,4.936273604064397524e+00
1.910260074306944844e+01,5.107679018137941895e+00
1.912260645898828315e+01,6.307252890967319559e+00
1.914261217490711431e+01,5.622441547523001404e+00
1.916261789082594902e+01,6.243274824203741247e+00
1.918262360674478373e+01,5.292803243118135548e+00
1.920262932266361844e+01,5.107269113489357970e+00
1.922263503858245315e+01,5.143500499544858329e+00
1.924264075450128786e+01,5.822747332381918994e+00
1.926264647042012257e+01,4.644430860094680646e+00
1.928265218633895373e+01,5.621164160098504503e+00
1.930265790225778844e+01,5.368881666106668504e+00
1.932266361817662315e+01,5.124443007232916791e+00
1.934266933409545430e+01,5.751315108637234275e+00
1.936267505001428901e+01,5.147061927878715082e+00
1.938268076593312372e+01,5.170347600208176075e+00
1.940268648185195843e+01,6.134796409712294007e+00
1.942269219777079314e+01,5.698749982368433109e+00
1.944269791368962785e+01,5.066760561277064312e+00
1.946270362960846256e+01,5.573979313227534149e+00
1.948270934552729372e+01,5.980942903325972893e+00
1.950271506144612843e+01,5.598206467947786535e+00
1.952272077736495959e+01,5.258952887795847353e+00
1.954272649328379430e+01,5.551060669421936211e+00
1.956273220920262901e+01,5.294533315589835532e+00
1.958273792512146372e+01,5.509024674893707285e+00
1.960274364104029843e+01,5.486591415888309342e+00
1.962274935695913314e+01,5.457715032644443909e+00
1.964275507287796785e+01,5.892955547338425859e+00
1.966276078879679901e+01,5.318985522704190672e+00
1.968276650471563372e+01,5.843082649576779808e+00
1.970277222063446487e+01,4.624578333383979611e+00
1.972277793655329958e+01,5.635428888273319004e+00
1.974278365247213429e+01,4.861524769339510499e+00
1.976278936839096900e+01,4.759301199987674202e+00
1.978279508430980371e+01,5.465685935344774649e+00
1.980280080022863842e+01,5.275700875893375219e+00
1.982280651614747313e+01,6.212220296456930413e+00
1.984281223206630784e+01,4.934590348142211980e+00
1.986281794798513900e+01,6.185305269848610621e+00
1.988282366390397371e+01,6.158610660803047310e+00
1.990282937982280487e+01,5.093001305688328983e+00
1.992283509574163958e+01,5.997726747497020838e+00
1.994284081166047429e+01,5.389541220690178491e+00
1.996284652757930900e+01,6.101661253468314783e+00
1.998285224349814371e+01,5.763386458718173344e+00
2.000285795941697842e+01,6.224309060575727415e+00
2.002286367533581313e+01,6.332891686747256443e+00
2.004286939125464428e+01,6.566698083351912629e+00
2.006287510717347899e+01,6.402687080123868668e+00
2.008288082309231015e+01,7.008887970814970281e+00
2.010288653901114486e+01,6.890827895850881291e+00
2.012289225492997957e+01,5.650659383891300180e+00
2.014289797084881428e+01,6.307453823176130570e+00
2.016290368676764899e+01,5.986516045315243950e+00
2.018290940268648370e+01,6.879783283210382017e+00
2.020291511860531841e+01,7.104730990236441279e+00
2.022292083452414957e+01,6.710851528490413997e+00
2.024292655044298428e+01,7.545919492114118832e+00
2.026293226636181899e+01,7.439946115531746784e+00
2.028293798228065015e+01,6.884546924085997333e+00
2.030294369819948486e+01,7.278302403890181793e+00
2.032294941411831957e+01,6.976486159130748987e+00
2.034295513003715428e+01,7.035179050327890593e+00
2.036296084595598899e+01,6.614256365676299154e+00
2.038296656187482370e+01,7.777008362592445323e+00
2.040297227779365841e+01,7.029329716713466070e+00
2.042297799371248956e+01,6.983909208514980094e+00
2.044298370963132427e+01,8.023465489551856678e+00
2.046298942555015543e+01,7.368324454471176566e+00
2.048299514146899014e+01,7.322266583337783352e+00
2.050300085738782485e+01,8.229908813921074540e+00
2.052300657330665956e+01,8.116699262608261023e+00
2.054301228922549427e+01,7.599048526902450362e+00
2.056301800514432898e+01,8.076531422649619429e+00
2.058302372106316369e+01,8.029117248718288025e+00
2.060302943698199485e+01,7.831314522766497532e+00
2.062303515290082956e+01,7.817306308710152862e+00
2.064304086881966072e+01,7.847717319600198138e+00
2.066304658473849543e+01,8.336586328864219908e+00
2.068305230065733014e+01,7.980122318618467325e+00
2.070305801657616485e+01,8.374978684963600983e+00
2.072306373249499956e+01,8.573652528281563434e+00
2.074306944841383427e+01,7.885063922439647044e+00
2.076307516433266898e+01,9.001565621376087734e+00
2.078308088025150369e+01,8.772170217782493395e+00
2.080308659617033484e+01,9.898284221415385886e+00
2.082309231208916955e+01,9.479424018838846777e+00
2.084309802800800071e+01,8.922523971667695619e+00
2.086310374392683542e+01,9.753126771031086051e+00
2.088310945984567013e+01,8.826549671228468341e+00
2.090311517576450484e+01,9.669985664031548467e+00
2.092312089168333955e+01,9.480316077123504215e+00
2.094312660760217426e+01,9.630089259474740260e+00
2.096313232352100897e+01,9.693627501624197507e+00
2.098313803943984013e+01,1.010876429157288747e+01
2.100314375535867484e+01,9.864749306099081849e+00
2.102314947127750600e+01,1.043253918067039265e+01
2.104315518719634071e+01,9.195825719945752041e+00
2.106316090311517542e+01,1.031115696747624710e+01
2.108316661903401013e+01,9.884340375859302696e+00
2.110317233495284484e+01,1.014280485083272509e+01
2.112317805087167955e+01,1.017163806474207455e+01
2.114318376679051426e+01,9.658413029207734368e+00
2.116318948270934541e+01,9.658571945272079518e+00
2.118319519862818012e+01,9.928270571624354446e+00
2.120320091454701483e+01,9.724974597184846914e+00
2.122320663046584599e+01,1.016228311686585783e+01
2.124321234638468070e+01,1.025317102314750706e+01
2.126321806230351541e+01,9.682925784006007675e+00
2.128322377822235012e+01,8.899285897488818264e+00
2.130322949414118483e+01,1.005333584864682628e+01
2.132323521006001954e+01,9.717959214173067295e+00
2.134324092597885425e+01,8.423235063934328082e+00
2.136324664189768541e+01,9.058732957035942945e+00
2.138325235781652012e+01,9.396370733044793866e+00
2.140325807373535127e+01,8.882557675260100538e+00
2.142326378965418598e+01,7.861677171910246287e+00
2.144326950557302069e+01,8.629580875017250463e+00
2.146327522149185540e+01,7.921031051756255437e+00
2.148328093741069011e+01,8.534463345576899229e+00
2.150328665332952482e+01,7.662377449137058427e+00
2.152329236924835953e+01,7.676246918140094522e+00
2.154329808516719069e+01,8.163217774998074105e+00
2.156330380108602540e+01,7.477446568770553803e+00
2.158330951700485656e+01,6.935796142919998353e+00
2.160331523292369127e+01,7.714752124396813571e+00
2.162332094884252598e+01,6.945137618866374041e+00
2.164332666476136069e+01,7.284665310347443246e+00
2.166333238068019540e+01,7.249673730214505341e+00
2.168333809659903011e+01,7.121691318310238827e+00
2.170334381251786482e+01,7.565698321317699815e+00
2.172334952843669598e+01,7.165093852448899625e+00
2.174335524435553069e+01,6.711515979090222572e+00
2.176336096027436540e+01,6.714197953121249896e+00
2.178336667619319655e+01,7.093770180876093789e+00
2.180337239211203126e+01,6.495254688341836058e+00
2.182337810803086597e+01,6.912777860341934755e+00
2.184338382394970068e+01,6.472976041837734229e+00
2.186338953986853539e+01,7.827465314160745535e+00
2.188339525578737010e+01,6.790737006368836148e+00
2.190340097170620481e+01,6.886988545946618245e+00
2.192340668762503597e+01,6.896182573670945004e+00
2.194341240354387068e+01,7.958041944278802404e+00
2.196341811946270184e+01,7.665938140044847415e+00
2.198342383538153655e+01,7.433701665918217572e+00
2.200342955130037126e+01,8.066238109845377480e+00
2.202343526721920597e+01,7.729454200547608345e+00
2.204344098313804068e+01,7.094051933577919300e+00
2.206344669905687539e+01,7.572059355460149632e+00
2.208345241497571010e+01,8.739106287693783059e+00
2.210345813089454126e+01,7.991857209636364701e+00
2.212346384681337597e+01,8.094838401896804925e+00
2.214346956273221068e+01,9.231895454205721663e+00
2.216347527865104183e+01,8.712253764042552362e+00
2.218348099456987654e+01,8.789577859363083334e+00
2.220348671048871125e+01,8.720745103579123025e+00
2.222349242640754596e+01,1.000531092368218467e+01
2.224349814232638067e+01,9.155651582023875079e+00
2.226350385824521538e+01,9.149971079164499699e+00
2.228350957416405009e+01,1.009976993109434318e+01
2.230351529008288125e+01,1.044029669422407736e+01
2.232352100600171596e+01,1.023376998968149998e+01
2.234352672192054712e+01,1.037551805996420917e+01
2.236353243783938183e+01,1.169388871337469737e+01
2.238353815375821654e+01,1.115564983306872726e+01
2.240354386967705125e+01,1.198124021011102869e+01
2.242354958559588596e+01,1.246338504163347594e+01
2.244355530151472067e+01,1.294601920623479430e+01
2.246356101743355538e+01,1.196780871135732482e+01
2.248356673335238654e+01,1.349709008895335316e+01
2.250357244927122125e+01,1.279520482236114276e+01
2.252357816519005240e+01,1.279310131744887435e+01
2.254358388110888711e+01,1.433201244538594210e+01
2.256358959702772182e+01,1.340051498169893307e+01
2.258359531294655653e+01,1.468846788422976246e+01
2.260360102886539124e+01,1.483801047893456015e+01
2.262360674478422595e+01,1.527701261314203762e+01
2.264361246070306066e+01,1.481161498432942203e+01
2.266361817662189182e+01,1.501673838652390813e+01
2.268362389254072653e+01,1.540910036453174037e+01
2.270362960845956124e+01,1.614424915147554529e+01
2.272363532437839240e+01,1.573568382102702756e+01
2.274364104029722711e+01,1.677414038264683782e+01
2.276364675621606182e+01,1.601900546533975600e+01
2.278365247213489653e+01,1.635904589637831563e+01
2.280365818805373124e+01,1.614542503952609565e+01
2.282366390397256595e+01,1.656674447570409825e+01
2.284366961989140066e+01,1.692833443230952639e+01
2.286367533581023181e+01,1.667832273400936316e+01
2.288368105172906652e+01,1.742054150331261297e+01
2.290368676764789768e+01,1.649353012068123547e+01
2.292369248356673239e+01,1.716628544593594086e+01
2.294369819948556710e+01,1.720769796731828194e+01
2.296370391540440181e+01,1.764979316930482511e+01
2.298370963132323652e+01,1.712516652025115604e+01
2.300371534724207123e+01,1.748995148532759458e+01
2.302372106316090594e+01,1.838135519311854438e+01
2.304372677907973710e+01,1.787879125424840154e+01
2.306373249499857181e+01,1.902061275753790071e+01
2.308373821091740652e+01,1.892665098024693648e+01
2.310374392683623768e+01,1.887390278947709277e+01
2.312374964275507239e+01,1.944377049841706295e+01
2.314375535867390710e+01,2.034485287722741731e+01
2.316376107459274181e+01,2.035055712742524037e+01
2.318376679051157652e+01,2.020223751588323680e+01
2.320377250643041123e+01,2.067053922352451423e+01
2.322377822234924594e+01,2.160001004945411296e+01
2.324378393826807709e+01,2.139066119916414976e+01
2.326378965418691180e+01,2.235556765652650313e+01
2.328379537010574296e+01,2.271072172922436394e+01
2.330380108602457767e+01,2.256018547819546427e+01
2.332380680194341238e+01,2.252376112999751001e+01
2.334381251786224709e+01,2.399378414705949680e+01
2.336381823378108180e+01,2.415260075657603878e+01
2.338382394969991651e+01,2.483413008613847239e+01
2.340382966561875122e+01,2.501572709896021252e+01
2.342383538153758238e+01,2.496487904462610885e+01
2.344384109745641709e+01,2.573390292513654742e+01
2.346384681337524825e+01,2.621007142388695144e+01
2.348385252929408296e+01,2.678568865160346490e+01
2.350385824521291767e+01,2.694639638709926643e+01
2.352386396113175238e+01,2.799940316838300447e+01
2.354386967705058709e+01,2.843398381366782246e+01
2.356387539296942180e+01,2.890176177807584068e+01
2.358388110888825651e+01,3.016158791900654634e+01
2.360388682480708766e+01,3.119337877757956790e+01
2.362389254072592237e+01,3.187402957092723810e+01
2.364389825664475708e+01,3.265651386065520967e+01
2.366390397256358824e+01,3.306036928214781767e+01
2.368390968848242295e+01,3.468334088657748282e+01
2.370391540440125766e+01,3.554941558996807771e+01
2.372392112032009237e+01,3.702663762128915437e+01
2.374392683623892708e+01,3.852789249167101815e+01
2.376393255215776179e+01,3.909265771532639633e+01
2.378393826807659650e+01,4.130125621322006424e+01
2.380394398399542766e+01,4.208007892584079457e+01
2.382394969991426237e+01,4.397408069116443130e+01
2.384395541583309353e+01,4.425319738163816652e+01
2.386396113175192824e+01,4.610972671844496773e+01
2.388396684767076295e+01,4.744796303584979569e+01
2.390397256358959766e+01,4.860940818520182205e+01
2.392397827950843237e+01,4.999312618019055066e+01
2.394398399542726708e+01,4.966860179878712245e+01
2.396398971134610179e+01,5.134859382499372771e+01
2.398399542726493294e+01,5.183810839180524965e+01
2.400400114318376765e+01,5.241261843337498050e+01
2.402400685910260236e+01,5.294790670712926328e+01
2.404401257502143352e+01,5.233396660826171143e+01
2.406401829094026823e+01,5.301154806694824373e+01
2.408402400685910294e+01,5.293490114709021555e+01
2.410402972277793765e+01,5.323952399499267329e+01
2.412403543869677236e+01,5.167712463375109877e+01
2.414404115461560707e+01,5.166723849050645612e+01
2.416404687053444178e+01,5.084455291805679167e+01
2.418405258645327294e+01,4.935195758691516232e+01
2.420405830237210765e+01,4.820157261741223920e+01
2.422406401829093880e+01,4.706148464740828530e+01
2.424406973420977351e+01,4.609087445611537959e+01
2.426407545012860822e+01,4.453170357900293652e+01
2.428408116604744293e+01,4.317640140390643211e+01
2.430408688196627764e+01,4.215872949876778364e+01
2.432409259788511235e+01,4.146561177485256877e+01
2.434409831380394706e+01,4.069845058622993150e+01
2.436410402972277822e+01,3.960330775633990896e+01
2.438410974564161293e+01,3.953019836338039994e+01
2.440411546156044409e+01,3.888310548145829415e+01
2.442412117747927880e+01,3.805052760165723669e+01
2.444412689339811351e+01,3.858841650222026232e+01
2.446413260931694822e+01,3.817727461569276670e+01
2.448413832523578293e+01,3.864792257422196542e+01
2.450414404115461764e+01,3.984472907986156542e+01
2.452414975707345235e+01,3.952476305317243543e+01
2.454415547299228351e+01,3.998561041891612433e+01
2.456416118891111822e+01,4.076880863507918917e+01
2.458416690482995293e+01,4.207492162818658699e+01
2.460417262074878408e+01,4.268876331192631568e+01
2.462417833666761879e+01,4.387937081429890895e+01
2.464418405258645350e+01,4.408520581770836344e+01
2.466418976850528821e+01,4.529193830877237303e+01
2.468419548442412292e+01,4.538102728213748094e+01
2.470420120034295763e+01,4.645564451252609217e+01
2.472420691626179234e+01,4.750060043483752992e+01
2.474421263218062350e+01,4.682816618263226616e+01
2.476421834809945821e+01,4.696079220999254744e+01
2.478422406401828937e+01,4.631002862368580253e+01
2.480422977993712408e+01,4.600232910848194479e+01
2.482423549585595879e+01,4.481025026580583415e+01
2.484424121177479350e+01,4.359714704090838922e+01
2.486424692769362821e+01,4.266851099930801183e+01
2.488425264361246292e+01,4.115573098578103384e+01
2.490425835953129763e+01,4.015942690653513125e+01
2.492426407545012879e+01,3.812549720353694482e+01
2.494426979136896350e+01,3.679291137690634628e+01
2.496427550728779821e+01,3.583772941237835852e+01
2.498428122320662936e+01,3.406467875276866408e+01
2.500428693912546407e+01,3.232410819829858895e+01
2.502429265504429878e+01,3.165054844268456691e+01
2.504429837096313349e+01,2.966745677535524095e+01
2.506430408688196820e+01,2.840759605207921368e+01
2.508430980280080291e+01,2.764301340957312902e+01
2.510431551871963762e+01,2.627200494058426017e+01
2.512432123463846878e+01,2.573215333632304080e+01
2.514432695055730349e+01,2.488835515100290507e+01
2.516433266647613465e+01,2.328559277850048659e+01
2.518433838239496936e+01,2.323353300262798626e+01
2.520434409831380407e+01,2.230287070195402777e+01
2.522434981423263878e+01,2.208629936950391937e+01
2.524435553015147349e+01,2.050473932486013595e+01
2.526436124607030820e+01,1.938712784934422473e+01
2.528436696198914291e+01,1.838422086406784928e+01
2.530437267790797407e+01,1.839278916452352064e+01
2.532437839382680878e+01,1.753821891148250600e+01
2.534438410974563993e+01,1.646966170552746078e+01
2.536438982566447464e+01,1.607455752070477573e+01
2.538439554158330935e+01,1.594139237009219556e+01
2.540440125750214406e+01,1.462668332765219503e+01
2.542440697342097877e+01,1.463708502672797707e+01
2.544441268933981348e+01,1.441452805070629495e+01
2.546441840525864819e+01,1.462701530569049346e+01
2.548442412117747935e+01,1.445337639817422115e+01
2.550442983709631406e+01,1.421995466280080933e+01
2.552443555301514877e+01,1.400514308942299380e+01
2.554444126893397993e+01,1.410943759676723985e+01
2.556444698485281464e+01,1.482971936328686802e+01
2.558445270077164935e+01,1.462985657885499258e+01
2.560445841669048406e+01,1.511147121564744111e+01
2.562446413260931877e+01,1.440227523086552175e+01
2.564446984852815348e+01,1.463223086622283375e+01
2.566447556444698819e+01,1.539192448561970750e+01
2.568448128036581934e+01,1.488002273371266959e+01
2.570448699628465405e+01,1.568977809918851030e+01
2.572449271220348521e+01,1.575020730889340470e+01
2.574449842812231992e+01,1.642555895316814230e+01
2.576450414404115463e+01,1.564884602117336065e+01
2.578450985995998934e+01,1.620042170607204213e+01
2.580451557587882405e+01,1.555201017242906403e+01
2.582452129179765876e+01,1.531329110753390488e+01
2.584452700771649347e+01,1.570147817246390609e+01
2.586453272363532463e+01,1.510696654333726485e+01
2.588453843955415934e+01,1.561182270235518743e+01
2.590454415547299405e+01,1.391721272851697933e+01
2.592454987139182521e+01,1.430979034141571304e+01
2.594455558731065992e+01,1.387159942523663680e+01
2.596456130322949463e+01,1.352885423974819901e+01
2.598456701914832934e+01,1.254899263235508045e+01
2.600457273506716405e+01,1.248213436507580631e+01
2.602457845098599520e+01,1.168488096990370018e+01
2.604458416690482991e+01,1.110790039468840185e+01
2.606458988282366462e+01,1.047606555986272170e+01
2.608459559874249933e+01,1.056495120452939673e+01
2.610460131466133404e+01,1.101619328044328583e+01
2.612460703058016520e+01,9.976484261134357823e+00
2.614461274649899991e+01,9.451526177762460179e+00
2.616461846241783462e+01,9.938273484062053242e+00
2.618462417833666933e+01,9.825466773285011612e+00
2.620462989425550404e+01,9.554823663315810123e+00
2.622463561017433520e+01,9.516624211087098217e+00
2.624464132609316991e+01,9.248347699872212502e+00
2.626464704201200462e+01,9.968557571838736919e+00
2.628465275793083933e+01,9.484235545235630838e+00
2.630465847384967049e+01,8.954803603631793507e+00
2.632466418976850520e+01,1.026260062510378290e+01
2.634466990568733991e+01,1.013806281854785496e+01
2.636467562160617462e+01,9.568888994467043219e+00
2.638468133752500933e+01,9.334483160112164057e+00
2.640468705344384048e+01,9.538067845009063461e+00
2.642469276936267519e+01,8.977912008641723673e+00
2.644469848528150990e+01,9.169926865117600912e+00
2.646470420120034461e+01,9.074234147271724282e+00
2.648470991711917932e+01,9.385720048270815852e+00
2.650471563303801048e+01,8.941848567622411537e+00
2.652472134895684519e+01,9.310666829038204639e+00
2.654472706487567990e+01,8.693040374057542152e+00
2.656473278079451461e+01,9.560305364884332135e+00
2.658473849671334932e+01,9.400122628144714554e+00
2.660474421263218048e+01,9.024979866327615952e+00
2.662474992855101519e+01,9.712841519884978680e+00
2.664475564446984990e+01,9.191790569037749492e+00
2.666476136038868461e+01,9.612366492833437803e+00
2.668476707630751577e+01,9.271013530440892936e+00
2.670477279222635048e+01,1.041525402014655022e+01
2.672477850814518519e+01,9.517541051057978763e+00
2.674478422406401990e+01,1.025280554767197216e+01
2.676478993998285461e+01,1.004747584051879628e+01
2.678479565590168576e+01,1.044263026100234804e+01
2.680480137182052047e+01,1.025534890883390560e+01
2.682480708773935518e+01,1.119655637734099862e+01
2.684481280365818989e+01,1.065414687379290726e+01
2.686481851957702460e+01,1.189994542172196113e+01
2.688482423549585576e+01,1.145622475163981235e+01
2.690482995141469047e+01,1.157113238508025788e+01
2.692483566733352518e+01,1.112339186210197894e+01
2.694484138325235989e+01,1.158976438720888957e+01
2.696484709917119105e+01,1.191569336179288285e+01
2.698485281509002576e+01,1.246344201005034336e+01
2.700485853100886047e+01,1.165817807689867180e+01
2.702486424692769518e+01,1.230779131182668351e+01
2.704486996284652989e+01,1.186815949653310831e+01
2.706487567876536104e+01,1.171393556455440432e+01
2.708488139468419575e+01,1.183860805437583785e+01
2.710488711060303046e+01,1.087639484416892621e+01
2.712489282652186517e+01,1.108665167540035590e+01
2.714489854244069988e+01,1.163824964361029402e+01
2.716490425835953104e+01,1.078003263705168635e+01
2.718490997427836575e+01,1.106373761931987509e+01
2.720491569019720046e+01,1.104613525915413241e+01
2.722492140611603517e+01,1.017228306330916610e+01
2.724492712203486633e+01,1.033103471527247663e+01
2.726493283795370104e+01,1.076636055093813660e+01
2.728493855387253575e+01,9.843322058696543309e+00
2.730494426979137046e+01,9.492106091229571163e+00
2.732494998571020517e+01,9.271314607866871782e+00
2.734495570162903633e+01,1.029982063472099618e+01
2.736496141754787104e+01,1.000333469344240811e+01
2.738496713346670575e+01,9.523329961125892140e+00
2.740497284938554046e+01,9.651390083381084395e+00
2.742497856530437517e+01,1.003725400076140062e+01
2.744498428122320632e+01,1.006909901919888028e+01
2.746498999714204103e+01,9.789242131019474158e+00
2.748499571306087574e+01,9.775034706764717640e+00
2.750500142897971045e+01,1.017290756014093489e+01
2.752500714489854516e+01,9.840106777714270336e+00
2.754501286081737632e+01,1.035004322363123563e+01
2.756501857673621103e+01,9.912174213325197769e+00
2.758502429265504574e+01,1.004371994036229054e+01
2.760503000857388045e+01,9.991258416584273050e+00
2.762503572449271161e+01,1.101245373175091302e+01
2.764504144041154632e+01,1.079767249356024372e+01
2.766504715633038103e+01,1.092848922043409132e+01
2.768505287224921574e+01,1.171461973128292300e+01
2.770505858816805045e+01,1.119261671808563818e+01
2.772506430408688161e+01,1.146651797760521774e+01
2.774507002000571632e+01,1.194193701216731895e+01
2.776507573592455103e+01,1.224747395926794979e+01
2.778508145184338574e+01,1.187062932891903699e+01
2.780508716776222045e+01,1.284989272525869097e+01
2.782509288368105160e+01,1.225596507745598629e+01
2.784509859959988631e+01,1.311105025161527493e+01
2.786510431551872102e+01,1.346023321095544745e+01
2.788511003143755573e+01,1.364769918877349930e+01
2.790511574735638689e+01,1.243874464427618776e+01
2.792512146327522160e+01,1.261113185207302934e+01
2.794512717919405631e+01,1.317444450347877449e+01
2.796513289511289102e+01,1.371542545145659275e+01
2.798513861103172573e+01,1.283012492724835774e+01
2.800514432695055689e+01,1.317960227977739507e+01
2.802515004286939160e+01,1.251514861949420165e+01
2.804515575878822631e+01,1.191824615394201459e+01
2.806516147470706102e+01,1.272638039760947670e+01
2.808516719062589573e+01,1.194151914950919391e+01
2.810517290654472689e+01,1.186783158398043625e+01
2.812517862246356160e+01,1.125469268827798786e+01
2.814518433838239631e+01,1.144502862827486034e+01
2.816519005430123102e+01,1.161246024145548361e+01
2.818519577022006217e+01,1.106626213584167573e+01
2.820520148613889688e+01,1.153111733557573970e+01
2.822520720205773159e+01,1.097682564157512175e+01
2.824521291797656630e+01,1.095461533522117215e+01
2.826521863389540101e+01,1.127282789146332931e+01
2.828522434981423217e+01,1.086323476354251838e+01
2.830523006573306688e+01,1.125508476774921007e+01
2.832523578165190159e+01,1.049966193008735438e+01
2.834524149757073630e+01,1.057743188147791891e+01
2.836524721348957101e+01,1.022260563216548768e+01
2.838525292940840217e+01,1.033224564337978713e+01
2.840525864532723688e+01,1.073089165883139628e+01
2.842526436124607159e+01,9.503065833222825276e+00
2.844527007716490630e+01,9.876249959271259371e+00
2.846527579308374101e+01,9.243417587563570237e+00
2.848528150900257216e+01,9.307644525835085503e+00
2.850528722492140687e+01,9.031558045424329606e+00
2.852529294084024158e+01,9.841307758036432318e+00
2.854529865675907629e+01,9.011287600226300043e+00
2.856530437267790745e+01,8.643203956260105514e+00
2.858531008859674216e+01,8.247068736778414788e+00
2.860531580451557687e+01,8.735425954479588029e+00
2.862532152043441158e+01,8.067134807424098497e+00
2.864532723635324629e+01,7.356938204771122258e+00
2.866533295227207745e+01,8.571545681553914164e+00
2.868533866819091216e+01,6.828549816062219335e+00
2.870534438410974687e+01,7.602195730093022519e+00
2.872535010002858158e+01,6.930937779788828301e+00
2.874535581594741629e+01,7.581783538727874472e+00
2.876536153186624745e+01,8.179807404549009675e+00
2.878536724778508216e+01,7.539498058889513743e+00
2.880537296370391687e+01,7.210584169335454874e+00
2.882537867962275158e+01,6.770597036141266400e+00
2.884538439554158273e+01,7.771919634426235568e+00
2.886539011146041744e+01,7.100533149050662018e+00
2.888539582737925215e+01,7.199679824241744797e+00
2.890540154329808686e+01,7.593040065462616894e+00
2.892540725921692157e+01,7.616656970880636202e+00
2.894541297513575273e+01,7.990641337725630677e+00
2.896541869105458744e+01,8.112411225192673214e+00
2.898542440697342215e+01,7.511563642253610951e+00
2.900543012289225686e+01,7.426466546499105092e+00
2.902543583881109157e+01,8.353508928216566432e+00
2.904544155472992273e+01,8.362734389054800488e+00
2.906544727064875744e+01,8.750417383092379708e+00
2.908545298656759215e+01,8.839855919521138361e+00
2.910545870248642686e+01,8.746480184997476925e+00
2.912546441840525802e+01,9.187651147908992399e+00
2.914547013432409273e+01,9.439448156738325935e+00
2.916547585024292744e+01,9.860494779842239765e+00
2.918548156616176215e+01,9.495364292713373899e+00
2.920548728208059686e+01,1.019839097687107632e+01
2.922549299799942801e+01,1.069375944240567833e+01
2.924549871391826272e+01,1.055928342321887925e+01
2.926550442983709743e+01,1.152928185759891555e+01
2.928551014575593214e+01,1.188087688415547305e+01
2.930551586167476685e+01,1.164813121352358927e+01
2.932552157759359801e+01,1.281718097406487011e+01
2.934552729351243272e+01,1.193316098835779115e+01
2.936553300943126743e+01,1.262955243327343879e+01
2.938553872535010214e+01,1.248264661718599022e+01
2.940554444126893330e+01,1.275200697114728143e+01
2.942555015718776801e+01,1.354578445483953786e+01
2.944555587310660272e+01,1.330813684534596675e+01
2.946556158902543743e+01,1.291285859863097052e+01
2.948556730494427214e+01,1.289972618941298421e+01
2.950557302086310330e+01,1.296790324710561215e+01
2.952557873678193801e+01,1.387582889975687728e+01
2.954558445270077272e+01,1.290586824164015134e+01
2.956559016861960743e+01,1.290375212838280561e+01
2.958559588453844214e+01,1.317278378612831702e+01
2.960560160045727329e+01,1.203978765658010630e+01
2.962560731637610800e+01,1.250151799105684880e+01
2.964561303229494271e+01,1.122557655803830912e+01
2.966561874821377742e+01,1.150436202744736747e+01
2.968562446413261213e+01,1.239750923557458506e+01
2.970563018005144329e+01,1.080074026654714459e+01
2.972563589597027800e+01,1.100039947999716361e+01
2.974564161188911271e+01,1.104144625540298286e+01
2.976564732780794742e+01,1.111936483396544695e+01
2.978565304372677858e+01,1.147460365494312562e+01
2.980565875964561329e+01,1.022659932271301564e+01
2.982566447556444800e+01,1.056407983990703769e+01
2.984567019148328271e+01,1.130210593394492591e+01
2.986567590740211742e+01,1.066385699025168776e+01
2.988568162332094857e+01,1.041909929812445057e+01
2.990568733923978328e+01,1.090784016623590880e+01
2.992569305515861799e+01,1.184018161757795085e+01
2.994569877107745270e+01,1.203121601745961655e+01
2.996570448699628741e+01,1.094839802557486585e+01
2.998571020291511857e+01,1.144807916611678245e+01
3.000571591883395328e+01,1.198749327594744685e+01
3.002572163475278799e+01,1.132480174704620168e+01
3.004572735067162270e+01,1.116065649835818263e+01
3.006573306659045386e+01,1.159986070152537430e+01
3.008573878250928857e+01,1.231242231851259739e+01
3.010574449842812328e+01,1.178329627710513350e+01
3.012575021434695799e+01,1.226987603914158953e+01
3.014575593026579270e+01,1.226841986718353184e+01
3.016576164618462386e+01,1.232499330510215607e+01
3.018576736210345857e+01,1.212008048308460673e+01
3.020577307802229328e+01,1.179972597679764590e+01
3.022577879394112799e+01,1.253920052461275425e+01
3.024578450985996270e+01,1.206124474251427259e+01
3.026579022577879385e+01,1.280711123492314130e+01
3.028579594169762856e+01,1.261131634572345206e+01
3.030580165761646327e+01,1.188852813221360805e+01
3.032580737353529798e+01,1.186429334277987024e+01
3.034581308945412914e+01,1.260101971777830521e+01
3.036581880537296385e+01,1.246975253379953763e+01
3.038582452129179856e+01,1.285584145054374616e+01
3.040583023721063327e+01,1.307686299164028476e+01
3.042583595312946798e+01,1.257549306697477753e+01
3.044584166904829914e+01,1.297127687109333394e+01
3.046584738496713385e+01,1.394633937374801036e+01
3.048585310088596856e+01,1.329348985851312293e+01
3.050585881680480327e+01,1.476573024495472097e+01
3.052586453272363798e+01,1.480153470651548275e+01
3.054587024864246914e+01,1.484414898152644646e+01
3.056587596456130385e+01,1.602163970400127369e+01
3.058588168048013856e+01,1.574008111534734056e+01
3.060588739639897327e+01,1.689256543653848297e+01
3.062589311231780798e+01,1.596100722135212635e+01
3.064589882823663913e+01,1.657248060903963349e+01
3.066590454415547384e+01,1.686506538405406630e+01
3.068591026007430855e+01,1.688675476728916891e+01
3.070591597599314326e+01,1.764987814251045251e+01
3.072592169191197442e+01,1.746629474905142132e+01
3.074592740783080913e+01,1.701108277040091465e+01
3.076593312374964384e+01,1.820280331055620593e+01
3.078593883966847855e+01,1.717769692868735376e+01
3.080594455558731326e+01,1.699017679864696362e+01
3.082595027150614442e+01,1.714776398066479857e+01
3.084595598742497913e+01,1.619205567465066409e+01
3.086596170334381384e+01,1.574798911342714902e+01
3.088596741926264855e+01,1.504506110984984701e+01
3.090597313518148326e+01,1.536570114405790832e+01
3.092597885110031442e+01,1.469053177330236792e+01
3.094598456701914913e+01,1.374167831881791102e+01
3.096599028293798384e+01,1.434437978888544407e+01
3.098599599885681855e+01,1.360885541723333780e+01
3.100600171477564970e+01,1.306800674910657989e+01
3.102600743069448441e+01,1.391789415534319474e+01
3.104601314661331912e+01,1.420693036392582087e+01
3.106601886253215383e+01,1.352992605063690235e+01
3.108602457845098854e+01,1.329699940545514281e+01
3.110603029436981970e+01,1.340613435975996737e+01
3.112603601028865441e+01,1.319764409120395143e+01
3.114604172620748912e+01,1.438078730374611425e+01
3.116604744212632383e+01,1.413788151890967626e+01
3.118605315804515854e+01,1.407910714043756784e+01
3.120605887396398970e+01,1.488943968923962302e+01
3.122606458988282441e+01,1.510323560656053132e+01
3.124607030580165912e+01,1.503727149876159608e+01
3.126607602172049383e+01,1.536149356608573413e+01
3.128608173763932498e+01,1.502422723713767638e+01
3.130608745355815969e+01,1.609650658194340167e+01
3.132609316947699440e+01,1.678422001032910060e+01
3.134609888539582911e+01,1.650307555987233243e+01
3.136610460131466382e+01,1.697114376245727385e+01
3.138611031723349498e+01,1.695607018756814099e+01
3.140611603315232969e+01,1.795955310757992862e+01
3.142612174907116440e+01,1.794018840726864639e+01
3.144612746498999911e+01,1.784205029566564349e+01
3.146613318090883382e+01,1.822626057329362936e+01
3.148613889682766498e+01,1.923273084139442801e+01
3.150614461274649969e+01,1.925126345647904458e+01
3.152615032866533440e+01,1.999026655887845294e+01
3.154615604458416911e+01,1.977743169473996687e+01
3.156616176050300382e+01,2.089527183367421515e+01
3.158616747642183498e+01,2.049295864901042208e+01
3.160617319234066969e+01,2.145077296681521517e+01
3.162617890825950440e+01,2.218690379152085512e+01
3.164618462417833911e+01,2.275264597315760540e+01
3.166619034009717026e+01,2.259372722501750275e+01
3.168619605601600497e+01,2.347071603713704135e+01
3.170620177193483968e+01,2.285300291843331166e+01
3.172620748785367439e+01,2.345308979980446651e+01
3.174621320377250910e+01,2.409833218961721002e+01
3.176621891969134026e+01,2.436232811850783975e+01
3.178622463561017497e+01,2.333164887965594403e+01
3.180623035152900968e+01,2.344643860292516990e+01
3.182623606744784439e+01,2.404104614548329977e+01
3.184624178336667910e+01,2.407899832828185183e+01
3.186624749928551026e+01,2.394760833309985060e+01
3.188625321520434497e+01,2.323148523378525709e+01
3.190625893112317968e+01,2.305756508035554120e+01
3.192626464704201439e+01,2.282163170475197234e+01
3.194627036296084555e+01,2.231080180178960504e+01
3.196627607887968026e+01,2.189874461077055656e+01
3.198628179479851497e+01,2.131450120689456185e+01
3.200628751071734968e+01,2.119404232047049064e+01
3.202629322663618439e+01,1.977741370906927898e+01
3.204629894255501199e+01,1.914146571510048389e+01
3.206630465847385381e+01,1.908842287409630245e+01
3.208631037439268141e+01,1.822447319750921579e+01
3.210631609031152323e+01,1.856898980818885647e+01
3.212632180623035083e+01,1.794101573489699319e+01
3.214632752214918554e+01,1.759112273865877185e+01
3.216633323806802025e+01,1.759324588650360255e+01
3.218633895398685496e+01,1.651841895957336703e+01
3.220634466990568967e+01,1.628501193348868270e+01
3.222635038582451728e+01,1.603151005030855103e+01
3.224635610174335909e+01,1.602083640676648457e+01
3.226636181766218670e+01,1.593804830912640114e+01
3.228636753358102851e+01,1.615281688625615786e+01
3.230637324949985612e+01,1.622707576938747565e+01
3.232637896541869083e+01,1.650612105762663262e+01
3.234638468133752554e+01,1.597854520458081851e+01
3.236639039725636025e+01,1.635275866234655950e+01
3.238639611317519496e+01,1.599100655403255189e+01
3.240640182909402967e+01,1.557794385036976870e+01
3.242640754501286438e+01,1.678917534432175884e+01
3.244641326093169198e+01,1.717281047507439951e+01
3.246641897685053380e+01,1.669759008005901890e+01
3.248642469276936140e+01,1.727682061536323488e+01
3.250643040868819611e+01,1.803427345555822114e+01
3.252643612460703082e+01,1.801804857530345316e+01
3.254644184052586553e+01,1.875468694069808961e+01
3.256644755644470024e+01,1.882963382858551427e+01
3.258645327236353495e+01,1.911320379761911781e+01
3.260645898828236966e+01,1.932764797816349756e+01
3.262646470420119726e+01,2.005339296204458321e+01
3.264647042012003908e+01,1.980409750270908376e+01
3.266647613603886668e+01,2.027859270944006553e+01
3.268648185195770850e+01,1.992663086273557838e+01
3.270648756787653610e+01,1.963609425625013927e+01
3.272649328379537081e+01,1.957356542664319932e+01
3.274649899971420552e+01,1.896708288307940649e+01
3.276650471563304023e+01,1.883339095811084718e+01
3.278651043155187494e+01,1.822643691902765539e+01
3.280651614747070255e+01,1.737552998872708443e+01
3.282652186338954436e+01,1.722870777947386500e+01
3.284652757930837197e+01,1.680526462165845913e+01
3.286653329522721378e+01,1.664977783063606154e+01
3.288653901114604139e+01,1.616576295361014814e+01
3.290654472706487610e+01,1.480783261719999722e+01
3.292655044298371081e+01,1.510643516783303042e+01
3.294655615890254552e+01,1.521301795147039471e+01
3.296656187482138023e+01,1.441785445151671041e+01
3.298656759074020783e+01,1.400480440927229608e+01
3.300657330665904965e+01,1.388271348020983886e+01
3.302657902257787725e+01,1.408998044970616981e+01
3.304658473849671907e+01,1.436988213900090727e+01
3.306659045441554667e+01,1.517097424770797076e+01
3.308659617033438138e+01,1.484897653584647514e+01
3.310660188625321609e+01,1.467179883887290970e+01
3.312660760217205080e+01,1.664386756373966847e+01
3.314661331809088551e+01,1.575498444024006695e+01
3.316661903400971312e+01,1.728570567762285393e+01
3.318662474992855493e+01,1.729841387976684786e+01
3.320663046584738254e+01,1.711561340898525430e+01
3.322663618176622435e+01,1.824863789287005744e+01
3.324664189768505196e+01,1.881546795925525828e+01
3.326664761360388667e+01,1.881646208247042296e+01
3.328665332952272138e+01,2.000416881704633099e+01
3.330665904544155609e+01,1.915976108295115310e+01
3.332666476136039080e+01,1.907735004832171199e+01
3.334667047727922551e+01,1.955358826156120955e+01
3.336667619319806022e+01,2.032758036510942645e+01
3.338668190911688782e+01,1.938910274149766266e+01
3.340668762503572964e+01,1.968857872860544944e+01
3.342669334095455724e+01,1.912777205972734862e+01
3.344669905687339195e+01,1.870429825519418898e+01
3.346670477279222666e+01,1.827493584276079375e+01
3.348671048871106137e+01,1.653467448415807439e+01
3.350671620462989608e+01,1.632300691937777515e+01
3.352672192054873079e+01,1.545992507593087950e+01
3.354672763646756550e+01,1.489106928308509481e+01
3.356673335238639311e+01,1.376888728456405175e+01
3.358673906830523492e+01,1.256864260927092580e+01
3.360674478422406253e+01,1.248586734432277012e+01
3.362675050014290434e+01,1.124868842207535380e+01
3.364675621606173195e+01,1.057753138488401135e+01
3.366676193198056666e+01,1.082026929636404233e+01
3.368676764789940137e+01,9.549239498068956777e+00
3.370677336381823608e+01,8.990926445360265973e+00
3.372677907973707079e+01,9.922749920598178619e+00
3.374678479565589839e+01,9.160588629198082700e+00
3.376679051157474021e+01,9.053602354045157341e+00
3.378679622749356781e+01,8.841360096361338350e+00
3.380680194341240963e+01,8.703812138204128246e+00
3.382680765933123723e+01,8.890786419624649994e+00
3.384681337525007194e+01,8.851927839344414295e+00
3.386681909116890665e+01,8.797697764633861439e+00
3.388682480708774136e+01,8.764421252614317481e+00
3.390683052300657607e+01,8.755428395645271422e+00
3.392683623892540368e+01,8.382063895298546896e+00
3.394684195484424549e+01,8.574299734652619520e+00
3.396684767076307310e+01,8.931311602129017757e+00
3.398685338668191491e+01,8.558788916280349213e+00
3.400685910260074252e+01,8.670103867325405389e+00
3.402686481851957723e+01,8.520886676175026153e+00
3.404687053443841194e+01,8.380849963590726759e+00
3.406687625035724665e+01,8.496153400581402337e+00
3.408688196627608136e+01,9.071052750127392983e+00
3.410688768219490896e+01,8.644613283745238519e+00
3.412689339811375078e+01,7.987338352050249668e+00
3.414689911403257838e+01,8.962442480172603254e+00
3.416690482995142020e+01,7.825290850912531404e+00
3.418691054587024780e+01,8.589780540673990217e+00
3.420691626178908251e+01,7.736004015795931110e+00
3.422692197770791722e+01,7.555919603932510498e+00
3.424692769362675193e+01,7.791239546133011729e+00
3.426693340954558664e+01,8.134294301206043798e+00
3.428693912546442135e+01,7.857044495388530336e+00
3.430694484138325606e+01,9.289195869407560480e+00
3.432695055730208367e+01,9.179418040199438522e+00
3.434695627322092548e+01,8.983036658956354614e+00
3.436696198913975309e+01,9.539224085643819961e+00
3.438696770505858780e+01,9.197957054260234244e+00
3.440697342097742251e+01,8.957099440071040419e+00
3.442697913689625722e+01,9.583291737703397928e+00
3.444698485281509193e+01,9.322388301271214317e+00
3.446699056873392664e+01,9.561658116932020945e+00
3.448699628465276135e+01,1.032114284580892161e+01
3.450700200057158895e+01,1.061449370268553949e+01
3.452700771649043077e+01,1.167868372214005213e+01
3.454701343240925837e+01,1.098789970658291537e+01
3.456701914832810019e+01,1.075219445011011921e+01
3.458702486424692779e+01,1.202707446804141256e+01
3.460703058016576250e+01,1.253722524794518023e+01
3.462703629608459721e+01,1.238108299328046158e+01
3.464704201200343192e+01,1.313096421793863655e+01
3.466704772792226663e+01,1.286408596730565534e+01
3.468705344384109424e+01,1.341786055297371050e+01
3.470705915975993605e+01,1.383739974924551674e+01
3.472706487567876366e+01,1.386544763079411524e+01
3.474707059159760547e+01,1.461747225557654595e+01
3.476707630751643308e+01,1.535195782990377822e+01
3.478708202343526779e+01,1.455557750146450502e+01
3.480708773935410250e+01,1.590676724021436073e+01
3.482709345527293721e+01,1.603501619636437070e+01
3.484709917119177192e+01,1.585050176018180501e+01
3.486710488711059952e+01,1.610622069135520107e+01
3.488711060302944134e+01,1.627867330628956566e+01
3.490711631894826894e+01,1.643393264293061051e+01
3.492712203486711076e+01,1.790131113676690688e+01
3.494712775078593836e+01,1.790139652562703887e+01
3.496713346670477307e+01,1.826772412740811546e+01
3.498713918262360778e+01,1.836647108858551292e+01
3.500714489854244249e+01,1.914213357608521449e+01
3.502715061446127720e+01,1.933663766095788716e+01
3.504715633038010481e+01,1.972952749415979312e+01
3.506716204629894662e+01,2.060720340711717924e+01
3.508716776221777423e+01,2.111122552276242459e+01
3.510717347813661604e+01,2.314164668301568994e+01
3.512717919405544365e+01,2.352139110076785045e+01
3.514718490997427836e+01,2.445079349274718439e+01
3.516719062589311307e+01,2.610430578121773237e+01
3.518719634181194778e+01,2.718221825255872659e+01
3.520720205773078249e+01,2.833856544696792668e+01
3.522720777364961720e+01,2.910911884452564280e+01
3.524721348956845191e+01,3.064900071249297753e+01
3.526721920548727951e+01,3.228945955107459298e+01
3.528722492140612133e+01,3.341478763840787281e+01
3.530723063732494893e+01,3.520160736883651964e+01
3.532723635324378364e+01,3.648626013705479210e+01
3.534724206916261835e+01,3.713446606782871129e+01
3.536724778508145306e+01,4.029523128572513002e+01
3.538725350100028777e+01,4.028505489664295425e+01
3.540725921691912248e+01,4.320252676986270046e+01
3.542726493283795719e+01,4.300374657888004037e+01
3.544727064875678479e+01,4.510734720217891436e+01
3.546727636467562661e+01,4.690206024834589016e+01
3.548728208059445421e+01,4.799234321487513455e+01
3.550728779651329603e+01,4.875735991498592625e+01
3.552729351243212363e+01,5.071905179363794502e+01
3.554729922835095834e+01,5.116767512726585210e+01
3.556730494426979305e+01,5.219336659865176387e+01
3.558731066018862776e+01,5.337335713734878340e+01
3.560731637610746247e+01,5.285570115078759557e+01
3.562732209202629008e+01,5.370070982220073574e+01
3.564732780794513189e+01,5.482985100391809397e+01
3.566733352386395950e+01,5.388251228312768148e+01
3.568733923978280131e+01,5.432228496195098444e+01
3.570734495570162892e+01,5.410492932080782680e+01
3.572735067162046363e+01,5.371853659881426779e+01
3.574735638753929834e+01,5.395991543221860809e+01
3.576736210345813305e+01,5.309951466177444956e+01
3.578736781937696776e+01,5.124472983173179585e+01
3.580737353529579536e+01,5.067477634014926480e+01
3.582737925121463718e+01,5.068777424539088372e+01
3.584738496713346478e+01,4.895942143131573232e+01
3.586739068305230660e+01,4.746497871696877269e+01
3.588739639897113420e+01,4.734465025955396555e+01
3.590740211488996891e+01,4.558602285398239928e+01
3.592740783080880362e+01,4.401973559413418258e+01
3.594741354672763833e+01,4.308240630745473254e+01
3.596741926264647304e+01,4.102879718075570281e+01
3.598742497856530065e+01,3.949503141307572918e+01
3.600743069448414246e+01,3.789021215911262885e+01
3.602743641040297007e+01,3.637443562753345816e+01
3.604744212632181188e+01,3.500331684488895689e+01
3.606744784224063949e+01,3.349424724588417490e+01
3.608745355815947420e+01,3.166050977725214111e+01
3.610745927407830891e+01,3.064342113155963432e+01
3.612746498999714362e+01,2.978394206155486046e+01
3.614747070591597833e+01,2.790550678602747325e+01
3.616747642183481304e+01,2.837533163149848647e+01
3.618748213775364775e+01,2.712439323521698142e+01
3.620748785367247535e+01,2.605740270291452276e+01
3.622749356959131717e+01,2.563275685868410037e+01
3.624749928551014477e+01,2.414699449098602457e+01
3.626750500142897948e+01,2.343066256351888299e+01
3.628751071734781419e+01,2.297796315517548393e+01
3.630751643326664890e+01,2.200966720434507096e+01
3.632752214918548361e+01,2.178815443871389235e+01
3.634752786510431832e+01,2.212628623621748858e+01
3.636753358102315303e+01,2.094115202069449566e+01
3.638753929694198064e+01,2.004534247389999280e+01
3.640754501286082245e+01,2.004783112645832688e+01
3.642755072877965006e+01,1.976036924288644769e+01
3.644755644469849187e+01,1.960362551655561703e+01
3.646756216061731948e+01,1.857620551982831003e+01
3.648756787653615419e+01,1.847262726919806397e+01
3.650757359245498890e+01,1.806358400546928067e+01
3.652757930837382361e+01,1.798834715794536976e+01
3.654758502429265832e+01,1.756832890795546476e+01
3.656759074021148592e+01,1.672960678597617701e+01
3.658759645613032774e+01,1.657644022676084816e+01
3.660760217204915534e+01,1.592403053373940480e+01
3.662760788796799716e+01,1.468997259138992462e+01
3.664761360388682476e+01,1.390381442459051797e+01
3.666761931980565947e+01,1.367977538353295941e+01
3.668762503572449418e+01,1.355412459019992610e+01
3.670763075164332889e+01,1.334877525527865139e+01
3.672763646756216360e+01,1.267604262357233758e+01
3.674764218348099121e+01,1.305276923556183633e+01
3.676764789939983302e+01,1.363783198189973334e+01
3.678765361531866063e+01,1.248420723546482947e+01
3.680765933123750244e+01,1.251059830572298637e+01
3.682766504715633005e+01,1.250432389973623870e+01
3.684767076307516476e+01,1.203032180424183473e+01
3.686767647899399947e+01,1.280041866185996113e+01
3.688768219491283418e+01,1.186636330742857481e+01
3.690768791083166889e+01,1.193988643350341761e+01
3.692769362675049649e+01,1.300184742726715648e+01
3.694769934266933831e+01,1.256966908704593422e+01
3.696770505858816591e+01,1.330625745754525369e+01
3.698771077450700773e+01,1.245412299038707005e+01
3.700771649042583533e+01,1.311948310145556462e+01
3.702772220634467004e+01,1.255211030856266419e+01
3.704772792226350475e+01,1.304672495887640693e+01
3.706773363818233946e+01,1.341934919302400786e+01
3.708773935410117417e+01,1.382534809401489362e+01
3.710774507002000888e+01,1.416181444422301539e+01
3.712775078593884359e+01,1.398968804890517426e+01
3.714775650185767120e+01,1.383945971579447054e+01
3.716776221777651301e+01,1.484913555757748682e+01
3.718776793369534062e+01,1.519938693285261522e+01
3.720777364961417533e+01,1.405806075772984620e+01
3.722777936553301004e+01,1.491045508572340772e+01
3.724778508145184475e+01,1.573914922777812819e+01
3.726779079737067946e+01,1.579365937318422475e+01
3.728779651328951417e+01,1.548975094199302660e+01
3.730780222920834888e+01,1.551352944525135058e+01
3.732780794512717648e+01,1.653791696287331803e+01
3.734781366104601830e+01,1.706298146929870185e+01
3.736781937696484590e+01,1.722307611833945984e+01
3.738782509288368772e+01,1.776751267187486860e+01
3.740783080880251532e+01,1.773263617540604287e+01
3.742783652472135003e+01,1.955495700164518524e+01
3.744784224064018474e+01,1.993123263510022625e+01
3.746784795655901945e+01,2.004876884240444568e+01
3.748785367247785416e+01,1.999504885937160736e+01
3.750785938839668177e+01,2.135276840905925866e+01
3.752786510431552358e+01,2.184356333237629144e+01
3.754787082023435119e+01,2.244944797683194793e+01
3.756787653615319300e+01,2.388080350321913414e+01
3.758788225207202061e+01,2.418360842045838410e+01
3.760788796799085532e+01,2.471839335673852389e+01
3.762789368390969003e+01,2.478478841831750401e+01
3.764789939982852474e+01,2.553507393772095924e+01
3.766790511574735945e+01,2.581648337687437333e+01
3.768791083166618705e+01,2.579762663779860787e+01
3.770791654758502887e+01,2.613996553319134364e+01
3.772792226350385647e+01,2.544574883438594526e+01
3.774792797942269829e+01,2.620732679387402442e+01
3.776793369534152589e+01,2.546443516086708669e+01
3.778793941126036060e+01,2.425903263697690448e+01
3.780794512717919531e+01,2.342921538741371279e+01
3.782795084309803002e+01,2.362364727667156927e+01
3.784795655901686473e+01,2.156014597729793181e+01
3.786796227493569234e+01,2.161767347377243453e+01
3.788796799085453415e+01,1.995934718625579052e+01
3.790797370677336176e+01,2.008237768079051122e+01
3.792797942269220357e+01,1.860012360216061822e+01
3.794798513861103118e+01,1.803803517571878245e+01
3.796799085452986589e+01,1.631802887548483127e+01
3.798799657044870060e+01,1.672295362458604018e+01
3.800800228636753531e+01,1.525475435876382413e+01
3.802800800228637002e+01,1.420185883952338202e+01
3.804801371820520473e+01,1.434623980618689743e+01
3.806801943412403944e+01,1.394539333556329730e+01
3.808802515004286704e+01,1.296387809232414767e+01
3.810803086596170886e+01,1.367279996225149574e+01
3.812803658188053646e+01,1.305901592960178803e+01
3.814804229779937117e+01,1.286077063301005374e+01
3.816804801371820588e+01,1.252044313150048538e+01
3.818805372963704059e+01,1.212576722503200521e+01
3.820805944555587530e+01,1.225953792696250488e+01
3.822806516147471001e+01,1.152784398621956186e+01
3.824807087739354472e+01,1.182451183257879457e+01
3.826807659331237232e+01,1.118443733332559376e+01
3.828808230923121414e+01,1.112465482929836114e+01
3.830808802515004174e+01,1.059665841655183094e+01
3.832809374106888356e+01,1.100192656751618081e+01
3.834809945698771116e+01,9.961986794969604375e+00
3.836810517290654587e+01,1.069365479235457883e+01
3.838811088882538058e+01,9.909905458371238041e+00
3.840811660474421529e+01,1.012129530141081801e+01
3.842812232066305000e+01,1.014073491697591578e+01
3.844812803658187761e+01,1.046348969822282982e+01
3.846813375250071942e+01,9.016098711283653699e+00
3.848813946841954703e+01,8.990526220672002466e+00
3.850814518433838884e+01,9.646100553336435013e+00
3.852815090025721645e+01,1.009380455149829814e+01
3.854815661617605116e+01,9.681337952989480300e+00
3.856816233209488587e+01,9.664507588500898194e+00
3.858816804801372058e+01,9.559851520895939814e+00
3.860817376393255529e+01,9.799766472445323728e+00
3.862817947985138289e+01,1.020578056258434962e+01
3.864818519577022471e+01,1.014839164941029637e+01
3.866819091168905231e+01,1.125810237841417560e+01
3.868819662760789413e+01,1.044859996144347214e+01
3.870820234352672173e+01,1.134122324629219491e+01
3.872820805944555644e+01,1.116393765207905986e+01
3.874821377536439115e+01,1.128796145599388367e+01
3.876821949128322586e+01,1.163872697907227582e+01
3.878822520720206057e+01,1.137146099339745042e+01
3.880823092312088818e+01,1.159166850608285415e+01
3.882823663903972999e+01,1.178586789649962796e+01
3.884824235495855760e+01,1.142790003793379583e+01
3.886824807087739941e+01,1.207215564800262797e+01
3.888825378679622702e+01,1.128167786974799114e+01
3.890825950271506173e+01,1.076462253675973457e+01
3.892826521863389644e+01,1.134602635124568693e+01
3.894827093455273115e+01,1.127458790584960546e+01
3.896827665047156586e+01,1.166015035023426805e+01
3.898828236639040057e+01,1.117047167604022206e+01
3.900828808230923528e+01,1.078114386580363693e+01
3.902829379822806288e+01,1.103370684873786445e+01
3.904829951414690470e+01,1.054003923615140792e+01
3.906830523006573230e+01,1.057779589700738754e+01
3.908831094598456701e+01,1.059524566489888286e+01
3.910831666190340172e+01,1.022586768198222806e+01
3.912832237782223643e+01,1.010524120066055076e+01
3.914832809374107114e+01,9.786222366970749320e+00
3.916833380965990585e+01,9.811063757542587638e+00
3.918833952557874056e+01,9.664809001955051215e+00
3.920834524149756817e+01,9.641147322750878601e+00
3.922835095741640998e+01,8.256804044673909715e+00
3.924835667333523759e+01,7.777121518213929718e+00
3.926836238925407940e+01,8.249288096176201179e+00
3.928836810517290701e+01,7.751046837614071983e+00
3.930837382109174172e+01,7.486163234038922809e+00
3.932837953701057643e+01,6.656307075728618017e+00
3.934838525292941114e+01,6.296761530668474549e+00
3.936839096884824585e+01,6.783763079880467117e+00
3.938839668476707345e+01,6.360563256963421175e+00
3.940840240068591527e+01,6.831838813697189039e+00
3.942840811660474287e+01,6.074286311598081411e+00
3.944841383252358469e+01,5.622558520208315258e+00
3.946841954844241229e+01,6.185329003352926236e+00
3.948842526436124700e+01,5.485188279327998906e+00
3.950843098028008171e+01,4.667087570175873168e+00
3.952843669619891642e+01,5.563590955428491469e+00
3.954844241211775113e+01,5.083989333102566732e+00
3.956844812803657874e+01,5.554208035636673202e+00
3.958845384395542055e+01,5.296319519323136049e+00
3.960845955987424816e+01,5.920430891477352908e+00
3.962846527579308997e+01,4.065149047542348626e+00
3.964847099171191758e+01,5.582161233127534317e+00
3.966847670763075229e+01,4.832588352237287666e+00
3.968848242354958700e+01,5.176266397569918354e+00
3.970848813946842171e+01,4.742188626142528562e+00
3.972849385538725642e+01,4.805772999749624574e+00
3.974849957130608402e+01,5.492856029554483932e+00
3.976850528722492584e+01,5.567723296007301315e+00
3.978851100314375344e+01,4.494651808158351081e+00
3.980851671906259526e+01,5.143703606286532448e+00
3.982852243498142286e+01,5.588627992062883187e+00
3.984852815090025757e+01,5.108399692513495793e+00
3.986853386681909228e+01,5.278663841530236489e+00
3.988853958273792699e+01,6.192622019269556688e+00
3.990854529865676170e+01,5.903110422743466756e+00
3.992855101457559641e+01,6.397873462110268861e+00
3.994855673049443112e+01,6.202807163472430219e+00
3.996856244641325873e+01,6.777633500259916843e+00
3.998856816233210054e+01,6.423021797761881757e+00
4.000857387825092815e+01,5.928977767562063406e+00
4.002857959416976286e+01,6.668286257863057287e+00
4.004858531008859757e+01,7.269549024296410700e+00
4.006859102600743228e+01,7.505756922027067013e+00
4.008859674192626699e+01,6.723736082627860711e+00
4.010860245784510170e+01,7.853651416929670503e+00
4.012860817376393641e+01,7.985119735030240307e+00
4.014861388968276401e+01,7.630269120968358187e+00
4.016861960560160583e+01,7.835508932828609829e+00
4.018862532152043343e+01,9.159632398230167283e+00
4.020863103743927525e+01,8.938900270144539917e+00
4.022863675335810285e+01,9.634840394774187189e+00
4.024864246927693756e+01,9.420056067685433021e+00
4.026864818519577227e+01,9.569844646516111553e+00
4.028865390111460698e+01,9.746369200631267660e+00
4.030865961703344169e+01,1.042542545829526368e+01
4.032866533295226930e+01,1.072151095713014435e+01
4.034867104887111111e+01,1.068558296450146550e+01
4.036867676478993872e+01,1.051137622211576250e+01
4.038868248070878053e+01,1.133636192081455896e+01
4.040868819662760814e+01,1.162471781559695927e+01
4.042869391254644285e+01,1.188702679715585120e+01
4.044869962846527756e+01,1.196399170370032117e+01
4.046870534438411227e+01,1.229175576411509141e+01
4.048871106030294698e+01,1.133414296202172977e+01
4.050871677622177458e+01,1.076229208952371152e+01
4.052872249214061640e+01,1.078706299974069260e+01
4.054872820805944400e+01,1.060587021157253673e+01
4.056873392397828582e+01,9.870550171417772134e+00
4.058873963989711342e+01,1.017146904712206101e+01
4.060874535581594813e+01,9.865070116709112824e+00
4.062875107173478284e+01,1.004177367062512261e+01
4.064875678765361755e+01,9.578872295917321367e+00
4.066876250357245226e+01,9.123623299317367596e+00
4.068876821949127986e+01,9.276901625199995394e+00
4.070877393541012168e+01,7.881065545315335541e+00
4.072877965132894929e+01,8.222278959614669702e+00
4.074878536724779110e+01,7.903504004962033314e+00
4.076879108316661871e+01,7.246899758531393232e+00
4.078879679908545342e+01,7.451550105502016130e+00
4.080880251500428813e+01,7.108844838129231292e+00
4.082880823092312284e+01,6.788614732400415797e+00
4.084881394684195755e+01,6.727555720021523911e+00
4.086881966276079226e+01,6.178809891039669822e+00
4.088882537867962697e+01,6.564908557480874762e+00
4.090883109459845457e+01,6.008093490052303309e+00
4.092883681051729639e+01,6.839405216255860509e+00
4.094884252643612399e+01,6.564417417298182400e+00
4.096884824235495870e+01,5.804798078639716863e+00
4.098885395827379341e+01,6.210915379580211670e+00
4.100885967419262812e+01,6.620764231519768117e+00
4.102886539011146283e+01,6.831597872277956895e+00
4.104887110603029754e+01,6.369867395926744891e+00
4.106887682194913225e+01,6.822141367297598791e+00
4.108888253786795985e+01,6.534562600173520863e+00
4.110888825378680167e+01,7.087717755658736962e+00
4.112889396970562927e+01,7.250815489993319929e+00
4.114889968562447109e+01,6.204526686745531094e+00
4.116890540154329869e+01,6.591249289875766415e+00
4.118891111746213340e+01,6.673730894992790041e+00
4.120891683338096811e+01,6.769844551794664156e+00
4.122892254929980282e+01,7.340201919687252108e+00
4.124892826521863753e+01,6.678355450402758464e+00
4.126893398113746514e+01,7.327354276196047067e+00
4.128893969705630695e+01,7.632355387944818048e+00
4.130894541297513456e+01,8.020464891274450281e+00
4.132895112889397637e+01,8.261482489268857421e+00
4.134895684481280398e+01,8.229676629057358639e+00
4.136896256073163869e+01,8.126472185984891183e+00
4.138896827665047340e+01,9.286158676050680683e+00
4.140897399256930811e+01,8.787595511406102844e+00
4.142897970848814282e+01,9.754168444662724369e+00
4.144898542440697042e+01,9.796404400443810445e+00
4.146899114032581224e+01,1.016659589495236560e+01
4.148899685624463984e+01,9.669295990981643385e+00
4.150900257216348166e+01,1.046323605450729488e+01
4.152900828808230926e+01,1.029130146908817167e+01
4.154901400400114397e+01,1.083123788792023134e+01
4.156901971991997868e+01,1.043400205233563405e+01
4.158902543583881339e+01,1.177358290875642410e+01
4.160903115175764810e+01,1.202780972185992425e+01
4.162903686767647571e+01,1.144292037795059791e+01
4.164904258359531752e+01,1.108356479782350945e+01
4.166904829951414513e+01,1.076129764907871511e+01
4.168905401543298694e+01,1.090402465400757848e+01
4.170905973135181455e+01,1.112167491100508876e+01
4.172906544727064926e+01,1.165630286302331697e+01
4.174907116318948397e+01,1.200989795468488452e+01
4.176907687910831868e+01,1.154137692272125193e+01
4.178908259502715339e+01,1.265410486823162728e+01
4.180908831094598810e+01,1.237609194880532115e+01
4.182909402686482281e+01,1.189718935997558447e+01
4.184909974278365041e+01,1.152602750414465760e+01
4.186910545870249223e+01,1.188047091405236166e+01
4.188911117462131983e+01,1.181450013476906058e+01
4.190911689054015454e+01,1.149989126101937842e+01
4.192912260645898925e+01,1.132248885588287379e+01
4.194912832237782396e+01,1.106554942292934918e+01
4.196913403829665867e+01,1.014837146442112115e+01
4.198913975421549338e+01,1.005407590556412600e+01
4.200914547013432809e+01,1.078261049231570645e+01
4.202915118605316280e+01,1.028765484377448480e+01
4.204915690197199041e+01,1.027436071571415255e+01
4.206916261789082512e+01,9.517276494229944817e+00
4.208916833380965983e+01,9.256461077325274900e+00
4.210917404972849454e+01,9.060817755983475053e+00
4.212917976564732925e+01,8.868948208227033447e+00
4.214918548156616396e+01,8.575975105652579700e+00
4.216919119748499867e+01,7.713002339116915351e+00
4.218919691340383338e+01,8.476650910303224151e+00
4.220920262932266809e+01,8.037339601135371936e+00
4.222920834524150280e+01,7.435785596138508424e+00
4.224921406116033040e+01,8.189867628187981197e+00
4.226921977707916511e+01,7.725954797419852582e+00
4.228922549299799982e+01,7.803102680107519618e+00
4.230923120891683453e+01,7.712057246939552968e+00
4.232923692483566924e+01,7.154333416787268973e+00
4.234924264075450395e+01,6.642986060663372605e+00
4.236924835667333866e+01,6.873960725435422248e+00
4.238925407259217337e+01,6.780010412036896916e+00
4.240925978851100808e+01,7.402693172384330111e+00
4.242926550442983569e+01,7.254165123675372584e+00
4.244927122034867040e+01,6.498244938616074329e+00
4.246927693626750511e+01,7.519658769867062276e+00
4.248928265218633982e+01,8.076022203596355808e+00
4.250928836810517453e+01,7.925599278046963292e+00
4.252929408402400924e+01,7.344205244738773786e+00
4.254929979994284395e+01,8.313042658064707879e+00
4.256930551586167866e+01,8.744258240768502333e+00
4.258931123178051337e+01,8.939826793342792399e+00
4.260931694769934097e+01,9.511530126619273773e+00
4.262932266361817568e+01,9.865345616628960812e+00
4.264932837953701039e+01,1.056274142650461911e+01
4.266933409545584510e+01,1.017140092324689959e+01
4.268933981137467981e+01,1.057006355073212234e+01
4.270934552729351452e+01,1.105718685669530288e+01
4.272935124321234923e+01,1.159075512454824342e+01
4.274935695913118394e+01,1.118943910492448879e+01
4.276936267505001865e+01,1.187440959672851193e+01
4.278936839096885336e+01,1.239369733406413765e+01
4.280937410688768097e+01,1.286418638780865109e+01
4.282937982280651568e+01,1.302415734583844298e+01
4.284938553872535039e+01,1.325913081240591751e+01
4.286939125464418510e+01,1.430722798946059626e+01
4.288939697056301981e+01,1.460791334399059060e+01
4.290940268648185452e+01,1.447017463920866120e+01
4.292940840240068923e+01,1.377048274531222916e+01
4.294941411831952394e+01,1.481585405927577881e+01
4.296941983423835865e+01,1.402456791814137205e+01
4.298942555015718625e+01,1.428149696797305523e+01
4.300943126607602096e+01,1.538604947891620256e+01
4.302943698199485567e+01,1.461246243030590364e+01
4.304944269791369038e+01,1.448360770766092465e+01
4.306944841383252509e+01,1.458549660970730777e+01
4.308945412975135980e+01,1.464262336296862976e+01
4.310945984567019451e+01,1.447453981175255500e+01
4.312946556158902922e+01,1.390102249932457923e+01
4.314947127750786393e+01,1.470464957027249575e+01
4.316947699342669864e+01,1.388135968616681026e+01
4.318948270934552625e+01,1.463820589155740848e+01
4.320948842526436096e+01,1.445939854931171098e+01
4.322949414118319567e+01,1.444125682388353837e+01
4.324949985710203038e+01,1.483847546090782288e+01
4.326950557302086509e+01,1.454991724704202127e+01
4.328951128893969980e+01,1.537146121185664249e+01
4.330951700485853451e+01,1.447476590794643592e+01
4.332952272077736922e+01,1.388878777453392210e+01
4.334952843669620393e+01,1.500440874169802896e+01
4.336953415261503153e+01,1.451889227949755679e+01
4.338953986853386624e+01,1.464302452741010541e+01
4.340954558445270095e+01,1.413560727362513525e+01
4.342955130037153566e+01,1.369290608999916792e+01
4.344955701629037037e+01,1.333490378872949655e+01
4.346956273220920508e+01,1.302625771626693485e+01
4.348956844812803979e+01,1.398471052351255395e+01
4.350957416404687450e+01,1.353719369875340917e+01
4.352957987996570921e+01,1.302013196346306323e+01
4.354958559588453681e+01,1.305513266194389388e+01
4.356959131180337153e+01,1.187948646637933336e+01
4.358959702772220624e+01,1.122095631116409642e+01
4.360960274364104095e+01,1.132573587319856756e+01
4.362960845955987566e+01,1.139233787979078372e+01
4.364961417547871037e+01,1.034882803871457746e+01
4.366961989139754508e+01,1.021473481243978121e+01
4.368962560731637979e+01,1.003991516796854988e+01
4.370963132323521450e+01,9.559448394941883365e+00
4.372963703915404921e+01,9.230749175983934407e+00
4.374964275507287681e+01,8.497790891881685127e+00
4.376964847099171152e+01,8.646153167753272584e+00
4.378965418691054623e+01,8.626174678634029647e+00
4.380965990282938094e+01,9.150535028719467334e+00
4.382966561874821565e+01,8.688241368297733302e+00
4.384967133466705036e+01,8.767317173712283918e+00
4.386967705058588507e+01,7.924265338976020701e+00
4.388968276650471978e+01,8.604323388315775034e+00
4.390968848242355449e+01,8.418906518185137244e+00
4.392969419834238209e+01,8.216005524684812045e+00
4.394969991426121680e+01,8.369873438945278465e+00
4.396970563018005151e+01,8.709143648435588858e+00
4.398971134609888622e+01,7.877695977168720276e+00
4.400971706201772093e+01,9.013465563665814528e+00
4.402972277793655564e+01,8.738964260820182517e+00
4.404972849385539035e+01,8.634709490727157544e+00
4.406973420977422506e+01,8.771148269906305472e+00
4.408973992569305977e+01,8.647395883791766380e+00
4.410974564161189448e+01,9.111326142220701030e+00
4.412975135753072209e+01,8.097215196535342940e+00
4.414975707344955680e+01,9.396357117624219768e+00
4.416976278936839151e+01,8.738765660620639864e+00
4.418976850528722622e+01,9.028388803389969297e+00
4.420977422120606093e+01,9.318443648672939617e+00
4.422977993712489564e+01,9.712111296759459833e+00
4.424978565304373035e+01,9.201362083584793794e+00
4.426979136896256506e+01,9.892430661899847877e+00
4.428979708488139977e+01,9.517460904539770894e+00
4.430980280080022737e+01,9.871275887813091288e+00
4.432980851671906208e+01,9.021556692964669111e+00
4.434981423263789679e+01,9.607555467907875624e+00
4.436981994855673150e+01,9.299347636631789982e+00
4.438982566447556621e+01,8.515720636477935201e+00
4.440983138039440092e+01,9.445173038792816556e+00
4.442983709631323563e+01,8.616698611843450095e+00
4.444984281223207034e+01,9.995581071724060962e+00
4.446984852815090505e+01,9.963736076922906193e+00
4.448985424406973266e+01,9.092604248991346338e+00
4.450985995998856737e+01,1.029771898994707158e+01
4.452986567590740208e+01,1.078325056959484840e+01
4.454987139182623679e+01,1.017219570919566252e+01
4.456987710774507150e+01,1.083337815897968426e+01
4.458988282366390621e+01,1.005847361436987697e+01
4.460988853958274092e+01,1.073937315655871316e+01
4.462989425550157563e+01,1.110965736739988330e+01
4.464989997142041034e+01,1.103611562871322960e+01
4.466990568733924505e+01,1.130773730061618210e+01
4.468991140325807265e+01,1.157047323781378267e+01
4.470991711917690736e+01,1.105932762366203015e+01
4.472992283509574207e+01,1.133798386777552736e+01
4.474992855101457678e+01,1.116071965855388193e+01
4.476993426693341149e+01,1.114746235653802486e+01
4.478993998285224620e+01,1.196549225167656871e+01
4.480994569877108091e+01,1.132613909833555610e+01
4.482995141468991562e+01,1.091681273025924526e+01
4.484995713060875033e+01,1.147061218215078249e+01
4.486996284652757794e+01,1.154944728868071735e+01
4.488996856244641265e+01,1.238446835714070993e+01
4.490997427836524736e+01,1.140388231656164741e+01
4.492997999428408207e+01,1.244207754415233325e+01
4.494998571020291678e+01,1.209054600038334115e+01
4.496999142612175149e+01,1.160886759341348551e+01
4.498999714204058620e+01,1.237193083085732859e+01
4.501000285795942091e+01,1.134901288723213497e+01
4.503000857387825562e+01,1.189678579806707859e+01
4.505001428979709033e+01,1.206729790342416742e+01
4.507002000571591793e+01,1.165232530881532824e+01
4.509002572163475264e+01,1.179369810515918715e+01
4.511003143755358735e+01,1.173158244187326460e+01
4.513003715347242206e+01,1.107326280188183532e+01
4.515004286939125677e+01,1.157457579492151112e+01
4.517004858531009148e+01,1.127695170380655298e+01
4.519005430122892619e+01,1.117322613392802033e+01
4.521006001714776090e+01,1.038979238720688514e+01
4.523006573306659561e+01,1.037403833526306585e+01
4.525007144898542322e+01,9.540179017919403037e+00
4.527007716490425793e+01,1.025128198173658767e+01
4.529008288082309264e+01,1.019018893333833198e+01
4.531008859674192735e+01,9.434810975411208389e+00
4.533009431266076206e+01,9.927446816791299256e+00
4.535010002857959677e+01,9.727624420206186784e+00
4.537010574449843148e+01,8.581196400232471433e+00
4.539011146041726619e+01,8.319432270639619986e+00
4.541011717633610090e+01,9.175664541381900463e+00
4.543012289225492850e+01,8.700669857387030248e+00
4.545012860817376321e+01,7.392163866115232906e+00
4.547013432409259792e+01,7.545303840857379818e+00
4.549014004001143263e+01,7.151536488033051420e+00
4.551014575593026734e+01,7.841061780854826857e+00
4.553015147184910205e+01,7.461882465649745555e+00
4.555015718776793676e+01,7.530700873896638115e+00
4.557016290368677147e+01,8.416196486359838858e+00
4.559016861960560618e+01,8.085304927089294935e+00
4.561017433552444089e+01,7.559770592680822077e+00
4.563018005144326850e+01,7.517855303172381376e+00
4.565018576736210321e+01,8.228001125632554036e+00
4.567019148328093792e+01,7.369324705600118541e+00
4.569019719919977263e+01,7.668408695873964120e+00
4.571020291511860734e+01,8.177645634665410057e+00
4.573020863103744205e+01,8.643016737579486630e+00
4.575021434695627676e+01,8.542643635786376421e+00
4.577022006287511147e+01,8.971280473325190741e+00
4.579022577879394618e+01,9.305035012778782644e+00
4.581023149471277378e+01,9.077483411083674625e+00
4.583023721063160849e+01,9.931629510020464124e+00
4.585024292655044320e+01,1.132546512041921360e+01
4.587024864246927791e+01,1.142150910022779442e+01
4.589025435838811262e+01,1.187971579539219924e+01
4.591026007430694733e+01,1.242438859312831667e+01
4.593026579022578204e+01,1.413411456018803136e+01
4.595027150614461675e+01,1.452831319711785163e+01
4.597027722206345146e+01,1.459975031867647211e+01
4.599028293798228617e+01,1.487475923421815160e+01
4.601028865390111378e+01,1.635607705618949836e+01
4.603029436981994849e+01,1.654048042087670467e+01
4.605030008573878320e+01,1.735049682285994521e+01
4.607030580165761791e+01,1.796878275357586929e+01
4.609031151757645262e+01,1.838732303202530716e+01
4.611031723349528733e+01,1.904645998204899371e+01
4.613032294941412204e+01,1.939778120121794558e+01
4.615032866533295675e+01,1.966920839002629151e+01
4.617033438125179146e+01,1.937841158352555837e+01
4.619034009717061906e+01,1.994309106538022647e+01
4.621034581308945377e+01,2.016286064330844141e+01
4.623035152900828848e+01,1.929776685038111594e+01
4.625035724492712319e+01,1.975385745189227649e+01
4.627036296084595790e+01,1.950045697582392279e+01
4.629036867676479261e+01,1.860196710668319398e+01
4.631037439268362732e+01,1.804058745055367297e+01
4.633038010860246203e+01,1.752866508704981641e+01
4.635038582452129674e+01,1.695484197267634130e+01
4.637039154044012434e+01,1.673829088552298572e+01
4.639039725635895905e+01,1.609563330289230620e+01
4.641040297227779376e+01,1.579642233659193984e+01
4.643040868819662847e+01,1.516329015395425728e+01
4.645041440411546319e+01,1.422597026748321625e+01
4.647042012003429790e+01,1.318588474908079000e+01
4.649042583595313261e+01,1.293081711494300556e+01
4.651043155187196732e+01,1.248996212142448847e+01
4.653043726779080203e+01,1.209743610395985947e+01
4.655044298370963674e+01,1.138586937818747025e+01
4.657044869962846434e+01,1.074439997621975351e+01
4.659045441554729905e+01,9.888311942571545998e+00
4.661046013146613376e+01,1.043273785496105432e+01
4.663046584738496847e+01,9.681662063016933217e+00
4.665047156330380318e+01,8.739524660991211391e+00
4.667047727922263789e+01,9.132895287235685444e+00
4.669048299514147260e+01,8.856335175344844046e+00
4.671048871106030731e+01,8.042526654383339135e+00
4.673049442697914202e+01,8.501041756175338193e+00
4.675050014289796962e+01,7.298035388572790438e+00
4.677050585881680433e+01,7.891659792930923345e+00
4.679051157473563904e+01,7.662530438270424682e+00
4.681051729065447375e+01,7.951728974491230062e+00
4.683052300657330846e+01,7.000460300338868791e+00
4.685052872249214317e+01,6.740008830713623666e+00
4.687053443841097788e+01,6.171675226369153222e+00
4.689054015432981259e+01,6.364512712243885595e+00
4.691054587024864730e+01,7.066102809469209767e+00
4.693055158616748201e+01,6.073286469781974617e+00
4.695055730208630962e+01,6.782879271368217999e+00
4.697056301800514433e+01,6.338117274953958713e+00
4.699056873392397904e+01,7.020602987349294111e+00
4.701057444984281375e+01,7.628904362933697669e+00
4.703058016576164846e+01,7.324900174586745472e+00
4.705058588168048317e+01,8.398041979422654180e+00
4.707059159759931788e+01,7.544590923835366780e+00
4.709059731351815259e+01,8.003128268712863758e+00
4.711060302943698730e+01,8.828315177158135185e+00
4.713060874535581490e+01,8.625815254582345659e+00
4.715061446127464961e+01,8.566929191189201376e+00
4.717062017719348432e+01,8.995622379290731274e+00
4.719062589311231903e+01,9.330408125843559830e+00
4.721063160903115374e+01,9.327802118088758476e+00
4.723063732494998845e+01,9.070763807287326230e+00
4.725064304086882316e+01,1.005111139496418815e+01
4.727064875678765787e+01,1.009227691014768524e+01
4.729065447270649258e+01,9.947590598782618088e+00
4.731066018862532019e+01,1.095641315024272799e+01
4.733066590454415490e+01,1.140692559740776346e+01
4.735067162046298961e+01,1.096863232848306424e+01
4.737067733638182432e+01,1.123496782413889861e+01
4.739068305230065903e+01,1.178068229846320847e+01
4.741068876821949374e+01,1.150947152622449110e+01
4.743069448413832845e+01,1.073766189218310174e+01
4.745070020005716316e+01,1.202101888647607453e+01
4.747070591597599787e+01,1.174920923918441318e+01
4.749071163189483258e+01,1.132675024272552733e+01
4.751071734781366018e+01,1.209197612734433136e+01
4.753072306373249489e+01,1.199438091078174651e+01
4.755072877965132960e+01,1.230654587719068260e+01
4.757073449557016431e+01,1.302007145511929131e+01
4.759074021148899902e+01,1.274662233693897306e+01
4.761074592740783373e+01,1.286400315580055143e+01
4.763075164332666844e+01,1.254825193606339440e+01
4.765075735924550315e+01,1.288403911930062051e+01
4.767076307516433786e+01,1.232232285635864244e+01
4.769076879108316547e+01,1.351963931949050490e+01
4.771077450700200018e+01,1.287175467901750991e+01
4.773078022292083489e+01,1.273287327087045284e+01
4.775078593883966960e+01,1.246841229884607927e+01
4.777079165475850431e+01,1.284016599942049908e+01
4.779079737067733902e+01,1.226277028958819848e+01
4.781080308659617373e+01,1.258264078735885150e+01
4.783080880251500844e+01,1.374026004707628168e+01
4.785081451843384315e+01,1.304055597772313035e+01
4.787082023435267075e+01,1.350892848307708682e+01
4.789082595027150546e+01,1.368249412011402910e+01
4.791083166619034017e+01,1.309381106763384395e+01
4.793083738210917488e+01,1.274630832628425026e+01
4.795084309802800959e+01,1.264037872377980243e+01
4.797084881394684430e+01,1.329236556492122823e+01
4.799085452986567901e+01,1.288991290837947901e+01
4.801086024578451372e+01,1.298021970527925362e+01
4.803086596170334843e+01,1.253849590349823373e+01
4.805087167762218314e+01,1.286854742370161553e+01
4.807087739354101075e+01,1.232218301076316891e+01
4.809088310945984546e+01,1.298157255940858334e+01
4.811088882537868017e+01,1.256354704433127623e+01
4.813089454129751488e+01,1.221965867030575481e+01
4.815090025721634959e+01,1.202037522589557028e+01
4.817090597313518430e+01,1.201109133615427105e+01
4.819091168905401901e+01,1.248874114750018904e+01
4.821091740497285372e+01,1.157565650650634481e+01
4.823092312089168843e+01,1.147553813386037191e+01
4.825092883681051603e+01,1.198569786589618147e+01
4.827093455272935074e+01,1.091797195662573117e+01
4.829094026864818545e+01,1.109914723735050401e+01
4.831094598456702016e+01,1.136848958732148951e+01
4.833095170048585487e+01,1.138297029056783671e+01
4.835095741640468958e+01,1.123759545970014884e+01
4.837096313232352429e+01,1.017017967203634754e+01
4.839096884824235900e+01,9.956605469238301254e+00
4.841097456416119371e+01,1.065532652624732890e+01
4.843098028008002842e+01,1.106569989620540895e+01
4.845098599599885603e+01,1.145895157929217412e+01
4.847099171191769074e+01,1.089849801435317644e+01
4.849099742783652545e+01,1.054212889417759946e+01
4.851100314375536016e+01,1.049795117410313416e+01
4.853100885967419487e+01,1.102507172461566043e+01
4.855101457559302958e+01,1.015552465081343847e+01
4.857102029151186429e+01,1.067314792593290207e+01
4.859102600743069900e+01,1.030465707478970394e+01
4.861103172334953371e+01,1.027553901992416741e+01
4.863103743926836131e+01,1.055779875648958033e+01
4.865104315518719602e+01,1.010801985173559814e+01
4.867104887110603073e+01,9.819379610703073524e+00
4.869105458702486544e+01,1.026054201561759172e+01
4.871106030294370015e+01,1.036847461662350689e+01
4.873106601886253486e+01,9.684361640019853112e+00
4.875107173478136957e+01,9.508176540104987140e+00
4.877107745070020428e+01,9.056016503959453345e+00
4.879108316661903899e+01,9.376841489558209730e+00
4.881108888253786660e+01,8.758555665326284156e+00
4.883109459845670131e+01,1.003586642563629816e+01
4.885110031437553602e+01,9.841921462395040621e+00
4.887110603029437073e+01,8.770627038196234793e+00
4.889111174621320544e+01,9.133030635743141445e+00
4.891111746213204015e+01,9.903657270843190474e+00
4.893112317805087486e+01,8.960279614448301899e+00
4.895112889396970957e+01,9.590784571139884918e+00
4.897113460988854428e+01,9.470348611368455849e+00
4.899114032580737899e+01,1.049454723003611178e+01
4.901114604172620659e+01,9.428354153538162308e+00
4.903115175764504130e+01,9.652074851844918868e+00
4.905115747356387601e+01,9.677262774626907316e+00
4.907116318948271072e+01,9.746691246568440548e+00
4.909116890540154543e+01,1.031972785878766352e+01
4.911117462132038014e+01,1.008979752233361893e+01
4.913118033723921485e+01,1.042868195807990439e+01
4.915118605315804956e+01,1.136536689512769982e+01
4.917119176907688427e+01,1.068046733586002794e+01
4.919119748499571187e+01,1.022679136166269132e+01
4.921120320091454658e+01,1.060313787549241660e+01
4.923120891683338129e+01,1.143521307814945231e+01
4.925121463275221600e+01,1.132078869315425429e+01
4.927122034867105071e+01,1.211759731277697405e+01
4.929122606458988542e+01,1.199167877312867780e+01
4.931123178050872014e+01,1.240177580783750955e+01
4.933123749642755485e+01,1.218658981103876293e+01
4.935124321234638956e+01,1.275918843530713076e+01
4.937124892826522427e+01,1.333203172950750215e+01
4.939125464418405187e+01,1.300894719746755968e+01
4.941126036010288658e+01,1.432605450887996312e+01
4.943126607602172129e+01,1.454604052092971678e+01
4.945127179194055600e+01,1.437710796217885800e+01
4.947127750785939071e+01,1.575290919623858343e+01
4.949128322377822542e+01,1.549501674748835356e+01
4.951128893969706013e+01,1.561386780771892901e+01
4.953129465561589484e+01,1.598673139649932651e+01
4.955130037153472955e+01,1.710944353946032948e+01
4.957130608745355715e+01,1.812056539495856100e+01
4.959131180337239186e+01,1.795336069941187063e+01
4.961131751929122657e+01,1.826731700619195564e+01
4.963132323521006128e+01,1.808467225899465802e+01
4.965132895112889599e+01,1.826128294551556763e+01
4.967133466704773070e+01,1.911110371176873457e+01
4.969134038296656541e+01,1.909788895871622572e+01
4.971134609888540012e+01,1.906224762806636264e+01
4.973135181480423483e+01,1.867243274150962051e+01
4.975135753072306244e+01,1.886859988688436829e+01
4.977136324664189715e+01,1.800573525634620609e+01
4.979136896256073186e+01,1.772563268128737590e+01
4.981137467847956657e+01,1.683084775923108367e+01
4.983138039439840128e+01,1.759390229386826121e+01
4.985138611031723599e+01,1.652348116984022752e+01
4.987139182623607070e+01,1.592401456614078370e+01
4.989139754215490541e+01,1.595845104531132819e+01
4.991140325807374012e+01,1.564154346973356624e+01
4.993140897399257483e+01,1.518073679717804936e+01
4.995141468991140243e+01,1.456980846633960880e+01
4.997142040583023714e+01,1.450680892175035908e+01
4.999142612174907185e+01,1.389222324673802333e+01
5.001143183766790656e+01,1.397583344737569355e+01
5.003143755358674127e+01,1.378786677902682101e+01
5.005144326950557598e+01,1.310205234878165292e+01
5.007144898542441069e+01,1.311575410124030405e+01
5.009145470134324540e+01,1.193314562623904251e+01
5.011146041726208011e+01,1.178279319927925428e+01
5.013146613318090772e+01,1.175099186366497861e+01
5.015147184909974243e+01,1.232804252723983751e+01
5.017147756501857714e+01,1.182483140153324364e+01
5.019148328093741185e+01,1.147477788630912166e+01
5.021148899685624656e+01,1.129833093802035648e+01
5.023149471277508127e+01,1.101757045961617365e+01
5.025150042869391598e+01,1.045996731133058688e+01
5.027150614461275069e+01,9.789864165607722768e+00
5.029151186053158540e+01,9.622959253993798256e+00
5.031151757645042011e+01,1.017304490221440361e+01
5.033152329236924771e+01,9.541506975179974148e+00
5.035152900828808242e+01,8.998075769568309568e+00
5.037153472420691713e+01,9.409524892703299059e+00
5.039154044012575184e+01,8.927702632411948613e+00
5.041154615604458655e+01,9.261775299233168113e+00
5.043155187196342126e+01,8.957841995738441199e+00
5.045155758788225597e+01,8.799026644580299816e+00
5.047156330380109068e+01,7.674311909466174697e+00
5.049156901971992539e+01,8.169716410551984609e+00
5.051157473563875300e+01,8.168097824183261579e+00
5.053158045155758771e+01,7.857030264256861685e+00
5.055158616747642242e+01,6.946267758726165198e+00
5.057159188339525713e+01,7.364059362488217353e+00
5.059159759931409184e+01,6.832981900716605494e+00
5.061160331523292655e+01,7.065179584178137517e+00
5.063160903115176126e+01,7.699604896032332668e+00
5.065161474707059597e+01,6.760857148806874051e+00
5.067162046298943068e+01,7.296569803278291744e+00
5.069162617890825828e+01,6.871638194265631050e+00
5.071163189482709299e+01,6.702249446529602750e+00
5.073163761074592770e+01,6.605170052068240594e+00
5.075164332666476241e+01,6.688828814740792161e+00
5.077164904258359712e+01,7.200898544278179436e+00
5.079165475850243183e+01,7.125161051430287884e+00
5.081166047442126654e+01,7.693728100345992971e+00
5.083166619034010125e+01,7.494552698386198308e+00
5.085167190625893596e+01,7.343461174579151596e+00
5.087167762217777067e+01,7.119547371918816481e+00
5.089168333809659828e+01,7.329921350535304470e+00
5.091168905401543299e+01,7.621001597807374850e+00
5.093169476993426770e+01,8.370333832254450712e+00
5.095170048585310241e+01,8.385840861237156219e+00
5.097170620177193712e+01,8.181075519183872657e+00
5.099171191769077183e+01,8.779905718981494189e+00
5.101171763360960654e+01,9.812239195210885612e+00
5.103172334952844125e+01,1.052905623603323448e+01
5.105172906544727596e+01,1.034728622554053246e+01
5.107173478136610356e+01,1.004979126268768397e+01
5.109174049728493827e+01,1.137510526905525587e+01
5.111174621320377298e+01,1.093314057783115345e+01
5.113175192912260769e+01,1.152275180418797085e+01
5.115175764504144240e+01,1.226893057228308592e+01
5.117176336096027711e+01,1.199033283616918411e+01
5.119176907687911182e+01,1.298279837129517134e+01
5.121177479279794653e+01,1.283518252279458238e+01
5.123178050871678124e+01,1.316126800859855805e+01
5.125178622463561595e+01,1.373929794237233892e+01
5.127179194055444356e+01,1.327318220069550492e+01
5.129179765647327827e+01,1.305254574105735266e+01
5.131180337239211298e+01,1.331043759922237157e+01
5.133180908831094769e+01,1.332559724910163546e+01
5.135181480422978240e+01,1.307535662162932510e+01
5.137182052014861711e+01,1.345125082221395374e+01
5.139182623606745182e+01,1.243528987549667164e+01
5.141183195198628653e+01,1.297613243874169875e+01
5.143183766790512124e+01,1.248630212238544068e+01
5.145184338382394884e+01,1.197046547222996438e+01
5.147184909974278355e+01,1.245075384490532855e+01
5.149185481566161826e+01,1.241437171070213097e+01
5.151186053158045297e+01,1.273619038069312026e+01
5.153186624749928768e+01,1.263635831956551669e+01
5.155187196341812239e+01,1.235478484351434325e+01
5.157187767933695710e+01,1.185019044992849402e+01
5.159188339525579181e+01,1.259817654686447241e+01
5.161188911117462652e+01,1.271368757707780617e+01
5.163189482709345413e+01,1.188824545715518077e+01
5.165190054301228884e+01,1.184576799591178187e+01
5.167190625893112355e+01,1.213108563597257472e+01
5.169191197484995826e+01,1.156680585354332536e+01
5.171191769076879297e+01,1.158711442045984263e+01
5.173192340668762768e+01,1.118516134349127711e+01
5.175192912260646239e+01,1.149102161863768323e+01
5.177193483852529710e+01,1.135844126877889870e+01
5.179194055444413181e+01,1.013522227141034726e+01
5.181194627036296652e+01,1.039590483222080053e+01
5.183195198628179412e+01,1.024784678752663503e+01
5.185195770220062883e+01,1.056088879232740929e+01
5.187196341811946354e+01,9.661056073362175312e+00
5.189196913403829825e+01,8.694635591980345524e+00
5.191197484995713296e+01,9.302840414937001867e+00
5.193198056587596767e+01,9.130585959607488533e+00
5.195198628179480238e+01,8.525881981796656461e+00
5.197199199771363709e+01,7.354037375776067975e+00
5.199199771363247180e+01,7.135382822696657357e+00
5.201200342955129940e+01,7.960951890472923509e+00
5.203200914547013411e+01,7.046998629495520028e+00
5.205201486138896882e+01,7.113238581396485571e+00
5.207202057730780353e+01,6.976404164232278049e+00
5.209202629322663824e+01,7.340647538541050565e+00
5.211203200914547295e+01,6.801555462888787318e+00
5.213203772506430766e+01,7.670985062850849800e+00
5.215204344098314237e+01,6.752227747880780839e+00
5.217204915690197708e+01,7.492709821863423159e+00
5.219205487282081180e+01,7.490695995424095699e+00
5.221206058873963940e+01,7.540142118221968559e+00
5.223206630465847411e+01,8.456016889985519924e+00
5.225207202057730882e+01,8.598294073433571327e+00
5.227207773649614353e+01,8.631887834590163067e+00
5.229208345241497824e+01,8.130885562573141101e+00
5.231208916833381295e+01,9.578241510075805820e+00
5.233209488425264766e+01,9.186342377220416466e+00
5.235210060017148237e+01,9.633709469066653597e+00
5.237210631609031708e+01,1.028005310923531646e+01
5.239211203200914468e+01,1.054600483944608413e+01
5.241211774792797939e+01,9.160098230325566249e+00
5.243212346384681410e+01,9.414017502634942858e+00
5.245212917976564881e+01,1.019826718594458903e+01
5.247213489568448352e+01,9.910868823503943048e+00
5.249214061160331823e+01,9.944657075714779637e+00
5.251214632752215294e+01,1.040202216413904779e+01
5.253215204344098765e+01,9.653867751813116627e+00
5.255215775935982236e+01,1.016677736906730800e+01
5.257216347527864997e+01,1.052170901500252853e+01
5.259216919119748468e+01,1.061333589177453263e+01
5.261217490711631939e+01,1.012589837942683602e+01
5.263218062303515410e+01,1.030347505353970661e+01
5.265218633895398881e+01,1.003170431029300858e+01
5.267219205487282352e+01,9.897584731465901342e+00
5.269219777079165823e+01,1.003629675262906495e+01
5.271220348671049294e+01,9.255567959576469050e+00
5.273220920262932765e+01,1.073825687447578758e+01
5.275221491854816236e+01,9.763352574623485935e+00
5.277222063446698996e+01,1.088431702618314034e+01
5.279222635038582467e+01,9.898758394416077522e+00
5.281223206630465938e+01,1.077257677267017399e+01
5.283223778222349409e+01,1.101355826492910417e+01
5.285224349814232880e+01,1.047020538829416125e+01
5.287224921406116351e+01,9.840489978673783611e+00
5.289225492997999822e+01,1.002489550997490397e+01
5.291226064589883293e+01,1.045530941814292447e+01
5.293226636181766764e+01,1.051431743075351655e+01
5.295227207773649525e+01,1.125773254619438291e+01
5.297227779365532996e+01,9.682492224012626991e+00
5.299228350957416467e+01,1.010355962246653583e+01
5.301228922549299938e+01,9.586222493949559720e+00
5.303229494141183409e+01,9.523617146168929182e+00
5.305230065733066880e+01,9.751672639425148503e+00
5.307230637324950351e+01,1.026371980713560816e+01
5.309231208916833822e+01,9.931573989390502177e+00
5.311231780508717293e+01,9.126848310453281599e+00
5.313232352100600764e+01,9.728211578322490283e+00
5.315232923692483524e+01,9.000156519957592138e+00
5.317233495284366995e+01,9.367625351546550405e+00
5.319234066876250466e+01,8.634329702597549172e+00
5.321234638468133937e+01,9.505440298290377399e+00
5.323235210060017408e+01,8.984676572992404076e+00
5.325235781651900879e+01,8.024158234133604850e+00
5.327236353243784350e+01,8.197100365421242429e+00
5.329236924835667821e+01,8.239554813809695233e+00
5.331237496427551292e+01,7.471808650840988442e+00
5.333238068019434053e+01,8.376235512614417900e+00
5.335238639611317524e+01,7.927512852789211806e+00
5.337239211203200995e+01,7.993809793832829413e+00
5.339239782795084466e+01,7.778792606042688185e+00
5.341240354386967937e+01,6.640807498407720111e+00
5.343240925978851408e+01,7.594651816925231280e+00
5.345241497570734879e+01,7.037294505615756535e+00
5.347242069162618350e+01,6.378838413642854199e+00
5.349242640754501821e+01,6.422431882025446903e+00
5.351243212346384581e+01,5.881010396348108848e+00
5.353243783938268052e+01,6.523521942904841886e+00
5.355244355530151523e+01,6.318324252335913549e+00
5.357244927122034994e+01,6.114661523846021574e+00
5.359245498713918465e+01,6.623361800789341558e+00
5.361246070305801936e+01,5.952864676462183091e+00
5.363246641897685407e+01,5.896717670235645414e+00
5.365247213489568878e+01,6.253681198308569833e+00
5.367247785081452349e+01,6.361811062686848040e+00
5.369248356673335820e+01,6.381996553051279442e+00
5.371248928265218581e+01,5.253926080554675693e+00
5.373249499857102052e+01,6.015354574458184445e+00
5.375250071448985523e+01,5.024284722669896119e+00
5.377250643040868994e+01,5.989841383276665709e+00
5.379251214632752465e+01,6.456477429520783851e+00
5.381251786224635936e+01,6.084280121482014358e+00
5.383252357816519407e+01,5.581600801032710280e+00
5.385252929408402878e+01,6.106566905059940709e+00
5.387253501000286349e+01,5.932184500281858952e+00
5.389254072592169109e+01,6.195720782406372251e+00
5.391254644184052580e+01,5.901376335360995817e+00
5.393255215775936051e+01,6.628987922884892470e+00
5.395255787367819522e+01,6.796092006594585122e+00
5.397256358959702993e+01,7.423787053530647384e+00
5.399256930551586464e+01,6.847207373107343287e+00
5.401257502143469935e+01,6.418369404973566006e+00
5.403258073735353406e+01,6.916955121963963116e+00
5.405258645327236877e+01,7.765193201840613568e+00
5.407259216919120348e+01,7.704974422510590060e+00
5.409259788511003109e+01,7.899429488972951496e+00
5.411260360102886580e+01,7.589145781997025608e+00
5.413260931694770051e+01,8.563903195758957310e+00
5.415261503286653522e+01,7.693598853407447535e+00
5.417262074878536993e+01,8.188289589401074764e+00
5.419262646470420464e+01,8.279572313793130078e+00
5.421263218062303935e+01,8.510960935373242719e+00
5.423263789654187406e+01,8.282466485984340210e+00
5.425264361246070877e+01,8.437307471104773526e+00
5.427264932837953637e+01,8.609953803477456091e+00
5.429265504429837108e+01,8.581905444599495780e+00
5.431266076021720579e+01,8.401683748514415129e+00
5.433266647613604050e+01,8.161006348284114864e+00
5.435267219205487521e+01,8.435548050705872214e+00
5.437267790797370992e+01,7.203390832381138864e+00
5.439268362389254463e+01,7.497083465831859250e+00
5.441268933981137934e+01,7.225354348892071954e+00
5.443269505573021405e+01,7.601125630228580121e+00
5.445270077164904166e+01,8.104847855559111025e+00
5.447270648756787637e+01,7.055797071384384722e+00
5.449271220348671108e+01,7.843209632275742749e+00
5.451271791940554579e+01,7.031646059704299567e+00
5.453272363532438050e+01,7.127686515610057505e+00
5.455272935124321521e+01,5.992774065229435010e+00
5.457273506716204992e+01,6.499361767145110491e+00
5.459274078308088463e+01,6.899096445931879984e+00
5.461274649899971934e+01,6.980204545837246144e+00
5.463275221491855405e+01,6.228939228941317907e+00
5.465275793083738165e+01,6.313980033808022085e+00
5.467276364675621636e+01,5.423073438537665325e+00
5.469276936267505107e+01,6.416849283155240613e+00
5.471277507859388578e+01,5.914923698589352519e+00
5.473278079451272049e+01,5.615709381246226428e+00
5.475278651043155520e+01,6.195565923342385872e+00
5.477279222635038991e+01,6.083378015565798158e+00
5.479279794226922462e+01,5.171541755191115364e+00
5.481280365818805933e+01,6.153864766651599538e+00
5.483280937410688693e+01,6.448639441648973403e+00
5.485281509002572164e+01,6.544918282724927039e+00
5.487282080594455635e+01,5.663580455669258384e+00
5.489282652186339106e+01,7.033550229627274497e+00
5.491283223778222577e+01,7.135225952023533935e+00
5.493283795370106048e+01,7.088762172262717876e+00
5.495284366961989519e+01,7.243854579854458464e+00
5.497284938553872990e+01,6.000093417496403347e+00
5.499285510145756461e+01,7.192710179404818049e+00
5.501286081737639222e+01,6.940582061629212873e+00
5.503286653329522693e+01,6.489005627122590880e+00
5.505287224921406164e+01,7.057784093669114078e+00
5.507287796513289635e+01,7.292173933144960429e+00
5.509288368105173106e+01,7.488643627836277794e+00
5.511288939697056577e+01,7.560367422225992229e+00
5.513289511288940048e+01,6.705575861521937853e+00
5.515290082880823519e+01,6.819416823147827600e+00
5.517290654472706990e+01,6.617856161620851552e+00
5.519291226064590461e+01,7.137785958249819984e+00
5.521291797656473221e+01,7.074982265750074717e+00
5.523292369248356692e+01,6.257158828220063640e+00
5.525292940840240163e+01,6.955019839742208276e+00
5.527293512432123634e+01,6.884617022740156855e+00
5.529294084024007105e+01,6.857550300698082246e+00
5.531294655615890576e+01,6.258076829133447205e+00
5.533295227207774047e+01,7.031515182716434609e+00
5.535295798799657518e+01,6.208153733558489762e+00
5.537296370391540989e+01,6.459514628264797054e+00
5.539296941983423750e+01,6.711682030394178433e+00
5.541297513575307221e+01,6.428997010330433248e+00
5.543298085167190692e+01,6.134456324102770530e+00
5.545298656759074163e+01,6.635193563538942740e+00
5.547299228350957634e+01,6.519501424084438668e+00
5.549299799942841105e+01,7.031989327662714118e+00
5.551300371534724576e+01,6.562756218586268453e+00
5.553300943126608047e+01,6.981467303150772352e+00
5.555301514718491518e+01,7.103001086867159586e+00
5.557302086310374989e+01,7.305157900802357496e+00
5.559302657902257749e+01,6.499248837165062298e+00
5.561303229494141220e+01,7.826239401081894975e+00
5.563303801086024691e+01,7.447617124834001956e+00
5.565304372677908162e+01,7.538451911629881153e+00
5.567304944269791633e+01,7.735817974644255912e+00
5.569305515861675104e+01,8.320213356570231866e+00
5.571306087453558575e+01,7.531676486037717666e+00
5.573306659045442046e+01,8.098340051044248256e+00
5.575307230637325517e+01,8.632395154094190559e+00
5.577307802229208278e+01,9.040635749139756427e+00
5.579308373821091749e+01,8.247596039958345671e+00
5.581308945412975220e+01,9.320007847017288682e+00
5.583309517004858691e+01,8.482265239702625692e+00
5.585310088596742162e+01,8.090234242423923305e+00
5.587310660188625633e+01,9.002743451412236197e+00
5.589311231780509104e+01,9.424119888113816401e+00
5.591311803372392575e+01,8.681686004935412981e+00
5.593312374964276046e+01,9.038769589207973354e+00
5.595312946556158806e+01,8.580248711487454827e+00
5.597313518148042277e+01,8.504518240108790650e+00
5.599314089739925748e+01,8.626113024091768722e+00
5.601314661331809219e+01,8.617972442818000900e+00
5.603315232923692690e+01,8.629492695355523324e+00
5.605315804515576161e+01,8.183160711709103197e+00
5.607316376107459632e+01,8.411411013344034515e+00
5.609316947699343103e+01,8.124438099669168523e+00
5.611317519291226574e+01,8.595331349398698251e+00
5.613318090883110045e+01,8.450685505266768871e+00
5.615318662474992806e+01,8.466909471950541999e+00
5.617319234066876277e+01,7.899777381982927338e+00
5.619319805658759748e+01,9.151359000214085881e+00
5.621320377250643219e+01,8.696225720563480976e+00
5.623320948842526690e+01,7.917072626532594803e+00
5.625321520434410161e+01,8.666510912176505599e+00
5.627322092026293632e+01,8.530480658011846629e+00
5.629322663618177103e+01,8.963887046094409783e+00
5.631323235210060574e+01,9.436990850730149205e+00
5.633323806801943334e+01,9.058414434435203333e+00
5.635324378393826805e+01,8.892866408642735365e+00
5.637324949985710276e+01,9.615285002980890283e+00
5.639325521577593747e+01,9.601510624839876940e+00
5.641326093169477218e+01,8.808024997647990517e+00
5.643326664761360689e+01,8.440243342876676991e+00
5.645327236353244160e+01,8.820729674690063860e+00
5.647327807945127631e+01,8.980100558727308169e+00
5.649328379537011102e+01,9.210022255653363743e+00
5.651328951128894573e+01,8.736616258964822634e+00
5.653329522720777334e+01,8.002265172879756250e+00
5.655330094312660805e+01,9.089657205799278827e+00
5.657330665904544276e+01,8.859485049436640836e+00
5.659331237496427747e+01,8.804347643863939865e+00
5.661331809088311218e+01,8.458087514790001649e+00
5.663332380680194689e+01,8.315574013324864566e+00
5.665332952272078160e+01,8.166344812716864965e+00
5.667333523863961631e+01,8.064605758057606266e+00
5.669334095455845102e+01,8.697397989010084984e+00
5.671334667047727862e+01,7.556778868292755469e+00
5.673335238639611333e+01,7.636055586170005682e+00
5.675335810231494804e+01,7.775534420642559397e+00
5.677336381823378275e+01,8.224838261050571475e+00
5.679336953415261746e+01,7.863166398898748355e+00
5.681337525007145217e+01,8.352457940020238780e+00
5.683338096599028688e+01,7.995243647901785877e+00
5.685338668190912159e+01,7.388967014300342306e+00
5.687339239782795630e+01,6.940154222611822021e+00
5.689339811374678391e+01,8.419448753772071470e+00
5.691340382966561862e+01,7.481684838734935283e+00
5.693340954558445333e+01,7.191356184200531132e+00
5.695341526150328804e+01,6.883180924482313223e+00
5.697342097742212275e+01,7.600559676897055361e+00
5.699342669334095746e+01,8.194615630720800681e+00
5.701343240925979217e+01,7.546299534264788278e+00
5.703343812517862688e+01,6.811640388751413866e+00
5.705344384109746159e+01,6.804413910290326051e+00
5.707344955701629630e+01,7.592757063694675068e+00
5.709345527293512390e+01,7.349580963174129344e+00
5.711346098885395861e+01,6.586394117272551085e+00
5.713346670477279332e+01,7.624858399543149368e+00
5.715347242069162803e+01,7.437667693464669938e+00
5.717347813661046274e+01,6.657025418603240041e+00
5.719348385252929745e+01,7.631476839039995852e+00
5.721348956844813216e+01,7.617714196865315479e+00
5.723349528436696687e+01,7.125649977755958986e+00
5.725350100028580158e+01,7.521074003633358096e+00
5.727350671620462919e+01,7.184887079160957590e+00
5.729351243212346390e+01,7.885483552775895078e+00
5.731351814804229861e+01,8.393952456294574205e+00
5.733352386396113332e+01,8.487669869764257413e+00
5.735352957987996803e+01,8.576376078517101931e+00
5.737353529579880274e+01,7.865629996580558725e+00
5.739354101171763745e+01,8.001117475007946567e+00
5.741354672763647216e+01,8.225843508387773895e+00
5.743355244355530687e+01,9.287652553142299539e+00
5.745355815947414158e+01,8.233205250997166047e+00
5.747356387539296918e+01,8.725152307749921121e+00
5.749356959131180389e+01,8.518312759713545290e+00
5.751357530723063860e+01,9.578854928161639748e+00
5.753358102314947331e+01,8.800537717268735349e+00
5.755358673906830802e+01,8.633127881474603527e+00
5.757359245498714273e+01,8.783795590193186342e+00
5.759359817090597744e+01,8.534879300409988545e+00
5.761360388682481215e+01,8.908426569736469958e+00
5.763360960274364686e+01,8.905108242553971820e+00
5.765361531866247446e+01,9.414689585731210286e+00
5.767362103458130917e+01,8.387137013788198203e+00
5.769362675050014388e+01,7.910921915782862968e+00
5.771363246641897859e+01,7.991337738801549406e+00
5.773363818233781330e+01,8.533890065750091125e+00
5.775364389825664801e+01,7.280609946265203192e+00
5.777364961417548272e+01,7.975024164066097931e+00
5.779365533009431743e+01,6.999494821552277202e+00
5.781366104601315214e+01,8.023738127204739001e+00
5.783366676193197975e+01,6.833707043536255910e+00
5.785367247785081446e+01,7.214557544251121612e+00
5.787367819376964917e+01,7.138778513300017892e+00
5.789368390968848388e+01,6.640717609215750272e+00
5.791368962560731859e+01,6.850042799530809745e+00
5.793369534152615330e+01,6.450107654113796052e+00
5.795370105744498801e+01,6.589345306609222241e+00
5.797370677336382272e+01,5.472154203334415712e+00
5.799371248928265743e+01,5.997156971988101049e+00
5.801371820520149214e+01,6.369841338939968622e+00
5.803372392112031974e+01,6.431998021381998498e+00
5.805372963703915445e+01,6.123569472413677772e+00
5.807373535295798916e+01,5.531075793810723340e+00
5.809374106887682387e+01,5.911538350922084462e+00
5.811374678479565858e+01,6.577167268270027733e+00
5.813375250071449329e+01,6.310948906040787953e+00
5.815375821663332800e+01,6.806462209209312775e+00
5.817376393255216271e+01,7.238939734829181738e+00
5.819376964847099742e+01,6.320343643268430789e+00
5.821377536438982503e+01,6.617711996497515514e+00
5.823378108030865974e+01,6.751510080354102605e+00
5.825378679622749445e+01,7.202936044113245728e+00
5.827379251214632916e+01,7.266477932631604020e+00
5.829379822806516387e+01,7.791661222132690412e+00
5.831380394398399858e+01,7.682586476608905812e+00
5.833380965990283329e+01,7.655280641513748208e+00
5.835381537582166800e+01,7.464102258875829676e+00
5.837382109174050271e+01,8.012763626468071720e+00
5.839382680765933742e+01,7.717598477275227964e+00
5.841383252357816502e+01,8.916353726671207625e+00
5.843383823949699973e+01,7.712763693771938378e+00
5.845384395541583444e+01,8.399341893376643498e+00
5.847384967133466915e+01,8.700117950367321384e+00
5.849385538725350386e+01,8.553242314865510565e+00
5.851386110317233857e+01,8.952527298472032768e+00
5.853386681909117328e+01,8.503727102224960532e+00
5.855387253501000799e+01,9.161825474263064706e+00
5.857387825092884270e+01,8.566298709180589555e+00
5.859388396684767031e+01,8.927056303203977805e+00
5.861388968276650502e+01,8.517906516244925896e+00
5.863389539868533973e+01,8.422033473409626936e+00
5.865390111460417444e+01,8.507982593226616430e+00
5.867390683052300915e+01,9.043975539791521356e+00
5.869391254644184386e+01,8.479732476599100011e+00
5.871391826236067857e+01,8.049324220893055326e+00
5.873392397827951328e+01,8.703114164416547283e+00
5.875392969419834799e+01,8.030265707475667369e+00
5.877393541011717559e+01,9.142906590236293596e+00
5.879394112603601030e+01,8.746364957039906685e+00
5.881394684195484501e+01,9.558878987552514417e+00
5.883395255787367972e+01,8.586586995724038829e+00
5.885395827379251443e+01,8.904020334592891217e+00
5.887396398971134914e+01,9.582738387046953576e+00
5.889396970563018385e+01,8.939381805594702968e+00
5.891397542154901856e+01,9.194304573302883199e+00
5.893398113746785327e+01,9.705125316592793538e+00
5.895398685338668798e+01,1.047419310307133244e+01
5.897399256930551559e+01,9.875670679162240617e+00
5.899399828522435030e+01,1.043136400619325954e+01
5.901400400114318501e+01,9.421951750802206149e+00
5.903400971706201972e+01,9.916611876844831031e+00
5.905401543298085443e+01,9.580243465919489054e+00
5.907402114889968914e+01,9.837402190404876734e+00
5.909402686481852385e+01,9.500849475577155090e+00
5.911403258073735856e+01,9.727283994169354742e+00
5.913403829665619327e+01,9.507372620498991012e+00
5.915404401257502087e+01,9.627822050074342997e+00
5.917404972849385558e+01,9.373352631014537195e+00
5.919405544441269029e+01,9.498736457858147020e+00
5.921406116033152500e+01,9.648931982536613106e+00
5.923406687625035971e+01,8.617044262897447737e+00
5.925407259216919442e+01,8.727631676247646908e+00
5.927407830808802913e+01,8.899378892419527176e+00
5.929408402400686384e+01,8.096822418860915249e+00
5.931408973992569855e+01,7.495881750856922210e+00
5.933409545584453326e+01,9.100080007788097447e+00
5.935410117176336087e+01,7.354127155864928156e+00
5.937410688768219558e+01,8.692128249727964828e+00
5.939411260360103029e+01,7.341168501926954804e+00
5.941411831951986500e+01,7.222648715641081019e+00
5.943412403543869971e+01,7.439963852883418660e+00
5.945412975135753442e+01,7.487610050850475929e+00
5.947413546727636913e+01,7.658702473284939138e+00
5.949414118319520384e+01,7.394367369951645230e+00
5.951414689911403855e+01,7.828468537963148677e+00
5.953415261503286615e+01,7.545794401219566794e+00
5.955415833095170086e+01,8.083895594202218149e+00
5.957416404687053557e+01,8.867892346380941149e+00
5.959416976278937028e+01,7.964213113152379009e+00
5.961417547870820499e+01,8.282565558820136786e+00
5.963418119462703970e+01,8.745488646322186810e+00
5.965418691054587441e+01,9.422623900840379818e+00
5.967419262646470912e+01,8.982771051853472244e+00
5.969419834238354383e+01,9.498507167099111470e+00
5.971420405830237144e+01,9.960311524242417391e+00
5.973420977422120615e+01,9.665136435583931984e+00
5.975421549014004086e+01,9.774921309425595339e+00
5.977422120605887557e+01,9.293776843369151663e+00
5.979422692197771028e+01,9.652759715691413334e+00
5.981423263789654499e+01,1.026495669686189594e+01
5.983423835381537970e+01,1.025548282210253959e+01
5.985424406973421441e+01,9.435675612844899973e+00
5.987424978565304912e+01,1.001955774073624994e+01
5.989425550157188383e+01,9.834906685024643380e+00
5.991426121749071143e+01,9.536779507655925414e+00
5.993426693340954614e+01,9.522703596891025413e+00
5.995427264932838085e+01,9.950887309263293901e+00
5.997427836524721556e+01,9.460628486406070792e+00
5.999428408116605027e+01,9.639679470992547294e+00
6.001428979708488498e+01,8.965113653310867292e+00
6.003429551300371969e+01,9.164745948275813348e+00
6.005430122892255440e+01,9.937767661209505832e+00
6.007430694484138911e+01,8.965945713771095171e+00
6.009431266076021672e+01,9.133503690687536647e+00
6.011431837667905143e+01,8.402682097866303934e+00
6.013432409259788614e+01,8.874129821082766156e+00
6.015432980851672085e+01,8.227463967774333753e+00
6.017433552443555556e+01,8.925501559965592691e+00
6.019434124035439027e+01,8.783168484956799915e+00
6.021434695627322498e+01,7.738079334591149383e+00
6.023435267219205969e+01,7.947209186139520654e+00
6.025435838811089440e+01,8.492347855251342281e+00
6.027436410402972911e+01,7.992553985306695807e+00
6.029436981994855671e+01,8.082696510703646808e+00
6.031437553586739142e+01,6.808291266749611381e+00
6.033438125178622613e+01,6.737804091597775269e+00
6.035438696770506084e+01,8.069660389713057214e+00
6.037439268362389555e+01,6.951207518433021093e+00
6.039439839954273026e+01,7.356506750948447859e+00
6.041440411546156497e+01,6.857148178800219540e+00
6.043440983138039968e+01,6.850094431572540721e+00
6.045441554729923439e+01,6.695006732237750668e+00
6.047442126321806199e+01,5.853878322225336994e+00
6.049442697913689670e+01,6.560138525458615533e+00
6.051443269505573141e+01,6.737656025619229716e+00
6.053443841097456612e+01,6.840504494936777036e+00
6.055444412689340083e+01,6.165180186399514817e+00
6.057444984281223554e+01,6.570950958760110261e+00
6.059445555873107025e+01,6.053951824981655072e+00
6.061446127464990496e+01,6.221613963656791313e+00
6.063446699056873967e+01,6.390869242885796275e+00
6.065447270648756728e+01,6.442629256628949364e+00
6.067447842240640199e+01,6.659115077087454537e+00
6.069448413832523670e+01,6.164964825176621588e+00
6.071448985424407141e+01,6.139596995488466824e+00
6.073449557016290612e+01,6.986937664481356336e+00
6.075450128608174083e+01,6.248127984079269837e+00
6.077450700200057554e+01,6.345115919123029968e+00
6.079451271791941025e+01,6.963305641253999312e+00
6.081451843383824496e+01,6.259019075232116869e+00
6.083452414975707967e+01,6.573517553985164241e+00
6.085452986567590727e+01,6.607812293367299361e+00
6.087453558159474198e+01,5.880738079470625657e+00
6.089454129751357669e+01,6.358928596707984937e+00
6.091454701343241140e+01,6.669246940767248333e+00
6.093455272935124611e+01,6.890289595750539675e+00
6.095455844527008082e+01,7.191771809068473686e+00
6.097456416118891553e+01,7.206535795005372336e+00
6.099456987710775024e+01,7.289802520624770743e+00
6.101457559302658495e+01,7.232397106485649374e+00
6.103458130894541256e+01,7.150608539315262746e+00
6.105458702486424727e+01,7.958723561426898740e+00
6.107459274078308198e+01,8.329016668706156423e+00
6.109459845670191669e+01,8.989684329687479547e+00
6.111460417262075140e+01,9.112946326293343446e+00
6.113460988853958611e+01,8.448699265249452139e+00
6.115461560445842082e+01,7.941408446849564484e+00
6.117462132037725553e+01,8.803777136255584779e+00
6.119462703629609024e+01,8.966708443122181293e+00
6.121463275221492495e+01,9.059172543637405539e+00
6.123463846813375255e+01,8.753488368977402345e+00
6.125464418405258726e+01,8.484909850046559399e+00
6.127464989997142197e+01,8.689831811010321871e+00
6.129465561589025668e+01,8.233440402842436612e+00
6.131466133180909139e+01,8.572872140436352595e+00
6.133466704772792610e+01,8.532701137872773955e+00
6.135467276364676081e+01,7.358225621522589854e+00
6.137467847956559552e+01,7.855688406982517691e+00
6.139468419548443023e+01,7.166059008484539916e+00
6.141468991140325784e+01,7.095664671178534277e+00
6.143469562732209255e+01,7.469216982392317128e+00
6.145470134324092726e+01,6.506141061942125603e+00
6.147470705915976197e+01,6.717975774373538655e+00
6.149471277507859668e+01,6.265635371280376731e+00
6.151471849099743139e+01,5.718602251514322887e+00
6.153472420691626610e+01,6.195330139958673321e+00
6.155472992283510081e+01,6.639432087837553453e+00
6.157473563875393552e+01,5.920365253087297219e+00
6.159474135467276312e+01,6.217151441080303265e+00
6.161474707059159783e+01,6.374500782367054086e+00
6.163475278651043254e+01,4.965532467131219541e+00
6.165475850242926725e+01,5.417402463708247851e+00
6.167476421834810196e+01,5.576387186834889320e+00
6.169476993426693667e+01,6.140752320207511161e+00
6.171477565018577138e+01,6.006488036405128739e+00
6.173478136610460609e+01,5.400992802268008930e+00
6.175478708202344080e+01,6.102841210573252795e+00
6.177479279794227551e+01,6.052409727049688826e+00
6.179479851386110312e+01,6.245966717123312861e+00
6.181480422977993783e+01,6.371212188730387638e+00
6.183480994569877254e+01,6.411258418818831295e+00
6.185481566161760725e+01,6.816656962074020498e+00
6.187482137753644196e+01,6.018708211213028569e+00
6.189482709345527667e+01,7.147022108617919756e+00
6.191483280937411138e+01,6.424305470738101320e+00
6.193483852529294609e+01,7.262458892787581277e+00
6.195484424121178080e+01,7.147766118121453793e+00
6.197484995713060840e+01,7.654273700189540008e+00
6.199485567304944311e+01,7.588283444816807943e+00
6.201486138896827782e+01,7.987932284766099400e+00
6.203486710488711253e+01,8.178281845569410180e+00
6.205487282080594724e+01,8.601839268165511143e+00
6.207487853672478195e+01,9.576461554421372924e+00
6.209488425264361666e+01,8.611802701998772847e+00
6.211488996856245137e+01,8.518347634110238431e+00
6.213489568448128608e+01,9.521785272542443224e+00
6.215490140040011369e+01,9.629962207319664458e+00
6.217490711631894840e+01,9.863971859089232908e+00
6.219491283223778311e+01,9.750346140899797120e+00
6.221491854815661782e+01,1.013203548380870167e+01
6.223492426407545253e+01,1.064483320844575331e+01
6.225492997999428724e+01,1.018583956444786409e+01
6.227493569591312195e+01,9.307484763086010915e+00
6.229494141183195666e+01,9.944741415803182605e+00
6.231494712775079137e+01,9.836083850164420994e+00
6.233495284366962608e+01,9.306729563435448327e+00
6.235495855958845368e+01,9.827888779522366391e+00
6.237496427550728839e+01,9.679174577535365032e+00
6.239496999142612310e+01,9.145363632673593202e+00
6.241497570734495781e+01,9.151671948224427311e+00
6.243498142326379252e+01,9.006940692226976353e+00
6.245498713918262723e+01,9.730708736034415551e+00
6.247499285510146194e+01,8.964975203961561334e+00
6.249499857102029665e+01,9.221004999240541622e+00
6.251500428693913136e+01,8.290607460711767018e+00
6.253501000285795897e+01,8.470976008272597113e+00
6.255501571877679368e+01,8.351544069866235986e+00
6.257502143469562839e+01,7.890725615959505390e+00
6.259502715061446310e+01,8.574226731596057860e+00
6.261503286653329781e+01,8.400248192807389103e+00
6.263503858245213252e+01,8.246550832648532392e+00
6.265504429837096723e+01,7.392632920530978424e+00
6.267505001428980194e+01,7.185699307903789190e+00
6.269505573020863665e+01,6.779012274943718275e+00
6.271506144612747136e+01,7.262279963215970469e+00
6.273506716204629896e+01,7.423851175979040207e+00
6.275507287796513367e+01,7.596245497769849919e+00
6.277507859388396838e+01,8.135804011606623476e+00
6.279508430980280309e+01,7.685377847983014377e+00
6.281509002572163780e+01,7.447841077620974914e+00
6.283509574164047251e+01,7.673294762826387228e+00
6.285510145755930722e+01,7.606443342094056703e+00
6.287510717347814193e+01,7.956035353573195579e+00
6.289511288939697664e+01,7.908791292190215039e+00
6.291511860531580425e+01,7.846516542214803103e+00
6.293512432123463896e+01,9.213257012305103189e+00
6.295513003715347367e+01,8.328859153472444987e+00
6.297513575307230838e+01,9.365671940564563869e+00
6.299514146899114309e+01,8.329798332543546735e+00
6.301514718490997780e+01,8.909629485596614273e+00
6.303515290082881251e+01,8.828332847920755455e+00
6.305515861674764722e+01,9.442900778033942899e+00
6.307516433266648193e+01,8.881974096190468515e+00
6.309517004858530953e+01,8.420842993997853299e+00
6.311517576450414424e+01,9.055633616760573545e+00
6.313518148042297895e+01,8.672470734986967855e+00
6.315518719634181366e+01,9.055314399843801709e+00
6.317519291226064837e+01,8.923099997366428227e+00
6.319519862817948308e+01,8.388490685096632760e+00
6.321520434409831779e+01,8.680636161890056712e+00
6.323521006001715250e+01,9.479808898888276048e+00
6.325521577593598721e+01,8.448729363154301453e+00
6.327522149185482192e+01,8.892801349232016150e+00
6.329522720777364952e+01,8.390655216306686981e+00
6.331523292369248423e+01,7.335183683642666708e+00
6.333523863961131894e+01,7.933899492312147750e+00
6.335524435553015365e+01,7.448867351357968403e+00
6.337525007144898836e+01,7.277004891373083595e+00
6.339525578736782307e+01,7.777527370582642874e+00
6.341526150328665778e+01,6.733448610157514835e+00
6.343526721920549249e+01,7.049095063186141985e+00
6.345527293512432720e+01,7.499667418091048532e+00
6.347527865104315481e+01,7.136231430162238709e+00
6.349528436696198952e+01,7.150700491867506337e+00
6.351529008288082423e+01,6.087905502353415876e+00
6.353529579879965894e+01,6.289803967484333569e+00
6.355530151471849365e+01,7.647911634472785991e+00
6.357530723063732836e+01,7.320989361387344019e+00
6.359531294655616307e+01,6.720016461143400122e+00
6.361531866247499778e+01,6.504160328171952443e+00
6.363532437839383249e+01,7.404900771701230511e+00
6.365533009431266720e+01,7.288570027203692625e+00
6.367533581023149480e+01,6.853549238480404426e+00
6.369534152615032951e+01,7.718158893421312783e+00
6.371534724206916422e+01,7.152974114451932763e+00
6.373535295798799893e+01,7.211033267621499654e+00
6.375535867390683364e+01,7.294867070415371302e+00
6.377536438982566835e+01,7.193713086961114556e+00
6.379537010574450306e+01,7.551678550522670008e+00
6.381537582166333777e+01,7.190496583296164701e+00
6.383538153758217248e+01,8.052950524921737241e+00
6.385538725350100009e+01,7.616360054280540304e+00
6.387539296941983480e+01,8.270288850876998055e+00
6.389539868533866951e+01,7.849048048282183387e+00
6.391540440125750422e+01,8.386028205530783097e+00
6.393541011717633893e+01,8.629895569833911040e+00
6.395541583309517364e+01,8.064690470512040577e+00
6.397542154901400835e+01,9.307620068784402179e+00
6.399542726493284306e+01,8.577781849123748970e+00
6.401543298085167066e+01,9.246415797198789477e+00
6.403543869677051248e+01,8.754336855986661448e+00
6.405544441268934008e+01,9.705406592862210857e+00
6.407545012860816769e+01,1.074061857098036299e+01
6.409545584452700950e+01,1.062853288945031238e+01
6.411546156044585132e+01,1.074596863584873319e+01
6.413546727636467892e+01,1.132651089943376199e+01
6.415547299228350653e+01,1.115231654383892135e+01
6.417547870820234834e+01,1.155572251957601182e+01
6.419548442412119016e+01,1.164577475415007513e+01
6.421549014004001776e+01,1.092298660971730939e+01
6.423549585595884537e+01,1.147535965003735114e+01
6.425550157187768718e+01,1.171786190967052832e+01
6.427550728779651479e+01,1.189346697469938263e+01
6.429551300371534239e+01,1.113101096071510021e+01
6.431551871963418421e+01,1.193817641599315138e+01
6.433552443555302602e+01,1.081843922484930687e+01
6.435553015147185363e+01,1.149678041993922584e+01
6.437553586739068123e+01,1.099115241578410895e+01
6.439554158330952305e+01,1.182985261873043470e+01
6.441554729922835065e+01,1.111910107318483121e+01
6.443555301514717826e+01,1.094679297754427338e+01
6.445555873106602007e+01,1.102046856652025397e+01
6.447556444698486189e+01,1.078799428819618811e+01
6.449557016290368949e+01,1.093084201625226370e+01
6.451557587882251710e+01,1.107403754370350768e+01
6.453558159474135891e+01,1.099692592656175805e+01
6.455558731066020073e+01,1.002548517707142572e+01
6.457559302657902833e+01,1.087086907074752773e+01
6.459559874249785594e+01,1.083978817899219216e+01
6.461560445841669775e+01,1.150167592329950850e+01
6.463561017433552536e+01,1.072996266697893475e+01
6.465561589025435296e+01,1.085809454098697557e+01
6.467562160617319478e+01,1.157807735732709808e+01
6.469562732209203659e+01,1.103599373990722121e+01
6.471563303801086420e+01,1.158528113999916442e+01
6.473563875392969180e+01,1.107916420025200210e+01
6.475564446984853362e+01,1.027180833134837457e+01
6.477565018576737543e+01,1.021950766792133614e+01
6.479565590168618883e+01,1.081682031309461145e+01
6.481566161760503064e+01,1.106210702470650631e+01
6.483566733352387246e+01,1.097724388741139379e+01
6.485567304944270006e+01,1.052835412328992959e+01
6.487567876536152767e+01,1.099170058247833737e+01
6.489568448128036948e+01,1.054406974111048356e+01
6.491569019719921130e+01,1.052214225047700680e+01
6.493569591311803890e+01,1.098170259876041399e+01
6.495570162903686651e+01,1.097409792103544390e+01
6.497570734495570832e+01,1.096729207881879375e+01
6.499571306087453593e+01,1.108214499775345629e+01
6.501571877679336353e+01,9.964011521549632988e+00
6.503572449271220535e+01,1.054799036551813174e+01
6.505573020863104716e+01,9.991277686394894886e+00
6.507573592454987477e+01,1.017895194190048080e+01
6.509574164046870237e+01,1.064406804234355519e+01
6.511574735638754419e+01,1.086256112419406605e+01
6.513575307230638600e+01,1.014488849132750659e+01
6.515575878822521361e+01,1.070636918472388111e+01
6.517576450414404121e+01,9.843265131212618257e+00
6.519577022006288303e+01,9.769458103623046341e+00
6.521577593598171063e+01,9.989121227541657433e+00
6.523578165190053824e+01,9.239874010215762823e+00
6.525578736781938005e+01,9.515034848954279312e+00
6.527579308373822187e+01,9.446364310689023824e+00
6.529579879965704947e+01,1.005187654606606529e+01
6.531580451557587708e+01,8.886927717040432384e+00
6.533581023149471889e+01,1.014260771730617883e+01
6.535581594741354650e+01,9.897384918811464871e+00
6.537582166333237410e+01,9.712319356824824723e+00
6.539582737925121592e+01,9.620551061501544154e+00
6.541583309517005773e+01,9.259747961787414994e+00
6.543583881108888534e+01,9.397136997794163449e+00
6.545584452700771294e+01,1.002455984398223521e+01
6.547585024292655476e+01,1.007100036435018886e+01
6.549585595884539657e+01,9.556459957104761926e+00
6.551586167476422418e+01,8.948279858886021287e+00
6.553586739068305178e+01,1.026799593956644330e+01
6.555587310660189360e+01,9.923559904903889617e+00
6.557587882252072120e+01,9.676554651628631376e+00
6.559588453843954881e+01,9.700645112563732297e+00
6.561589025435839062e+01,1.009398538646991561e+01
6.563589597027723244e+01,9.847763944868368924e+00
6.565590168619606004e+01,9.759020298875782373e+00
6.567590740211488765e+01,9.906112199076062552e+00
6.569591311803372946e+01,9.902663312416498442e+00
6.571591883395257128e+01,1.017895571701592772e+01
6.573592454987138467e+01,9.698713214541061944e+00
6.575593026579022649e+01,9.307493003211320115e+00
6.577593598170906830e+01,1.033558750142639227e+01
6.579594169762789591e+01,9.525368988526272673e+00
6.581594741354672351e+01,9.566680829105786543e+00
6.583595312946556533e+01,9.644287179921956721e+00
6.585595884538440714e+01,9.855911110281326160e+00
6.587596456130323475e+01,1.051272798327645575e+01
6.589597027722206235e+01,9.873691518595327565e+00
6.591597599314090417e+01,9.523185894488969794e+00
6.593598170905973177e+01,9.714174476935834690e+00
6.595598742497855937e+01,1.019210695169460124e+01
6.597599314089740119e+01,9.692803963122759825e+00
6.599599885681624301e+01,9.350464188757214856e+00
6.601600457273507061e+01,8.721149190829889264e+00
6.603601028865389821e+01,9.807063878441450555e+00
6.605601600457274003e+01,8.479937209507379947e+00
6.607602172049158185e+01,9.398117757391720062e+00
6.609602743641040945e+01,9.372435139940051840e+00
6.611603315232923705e+01,9.245726056146375882e+00
6.613603886824807887e+01,1.009941871921876810e+01
6.615604458416690647e+01,9.913378155519282586e+00
6.617605030008573408e+01,1.016286898042502962e+01
6.619605601600457589e+01,1.085770217254920667e+01
6.621606173192341771e+01,1.053950385619298658e+01
6.623606744784224531e+01,1.089027772002632943e+01
6.625607316376107292e+01,1.085825049611885973e+01
6.627607887967991473e+01,1.087080762989971738e+01
6.629608459559874234e+01,1.115315962220111601e+01
6.631609031151756994e+01,1.266950239619335861e+01
6.633609602743641176e+01,1.231267687675190459e+01
6.635610174335525357e+01,1.249231813578126982e+01
6.637610745927408118e+01,1.217019270649027263e+01
6.639611317519290878e+01,1.217212604409789201e+01
6.641611889111175060e+01,1.229533797189252198e+01
6.643612460703059241e+01,1.258382823233805681e+01
6.645613032294942002e+01,1.317451245428188500e+01
6.647613603886824762e+01,1.302229045622159731e+01
6.649614175478708944e+01,1.275052512626015755e+01
6.651614747070591704e+01,1.187244281443419425e+01
6.653615318662474465e+01,1.246746023439841267e+01
6.655615890254358646e+01,1.231739505401779766e+01
6.657616461846242828e+01,1.220822785019034740e+01
6.659617033438125588e+01,1.202125300458288493e+01
6.661617605030008349e+01,1.188471344783340911e+01
6.663618176621892530e+01,1.168254808419264279e+01
6.665618748213776712e+01,1.119252420071824261e+01
6.667619319805658051e+01,1.197518770708554037e+01
6.669619891397542233e+01,1.139107858315376376e+01
6.671620462989426414e+01,1.010004907041187749e+01
6.673621034581309175e+01,1.085067870866968676e+01
6.675621606173191935e+01,9.759885963671479203e+00
6.677622177765076117e+01,1.010370156497672234e+01
6.679622749356960298e+01,9.631358289403266326e+00
6.681623320948843059e+01,1.023034997014597813e+01
6.683623892540725819e+01,9.936620964910694909e+00
6.685624464132610001e+01,9.149527827563826321e+00
6.687625035724492761e+01,8.996924387357392305e+00
6.689625607316375522e+01,8.271380603590369418e+00
6.691626178908259703e+01,8.905504418026378488e+00
6.693626750500143885e+01,7.701198806860739765e+00
6.695627322092026645e+01,7.917204539832134458e+00
6.697627893683909406e+01,7.487401474405801061e+00
6.699628465275793587e+01,7.905819993163124337e+00
6.701629036867677769e+01,7.832917470535202042e+00
6.703629608459560529e+01,7.404861566957269936e+00
6.705630180051443290e+01,7.754215457665422306e+00
6.707630751643327471e+01,6.798850727029840613e+00
6.709631323235210232e+01,7.340160680757481515e+00
6.711631894827092992e+01,6.519280587510960956e+00
6.713632466418977174e+01,7.061146109506536206e+00
6.715633038010861355e+01,6.976938928671975404e+00
6.717633609602744116e+01,6.921897646696500317e+00
6.719634181194626876e+01,6.492043217900715035e+00
6.721634752786511058e+01,6.330226586730396399e+00
6.723635324378393818e+01,6.679735466726961945e+00
6.725635895970276579e+01,6.147779022181913078e+00
6.727636467562160760e+01,6.537235605210606870e+00
6.729637039154044942e+01,6.986101798455676359e+00
6.731637610745927702e+01,6.331185446822273022e+00
6.733638182337810463e+01,7.085550511383080341e+00
6.735638753929694644e+01,5.615673263425795980e+00
6.737639325521578826e+01,6.118639884538693785e+00
6.739639897113461586e+01,6.850389444980194753e+00
6.741640468705344347e+01,5.931523401387845951e+00
6.743641040297228528e+01,5.869122582347276129e+00
6.745641611889111289e+01,6.010196441922412980e+00
6.747642183480994049e+01,6.341808376181067075e+00
6.749642755072878231e+01,6.492100746772290876e+00
6.751643326664762412e+01,5.687797309412507829e+00
6.753643898256645173e+01,6.601906043956069503e+00
6.755644469848527933e+01,5.605021328798620139e+00
6.757645041440412115e+01,6.782222909639003205e+00
6.759645613032296296e+01,5.642804385215601570e+00
6.761646184624177636e+01,6.006238905162948782e+00
6.763646756216061817e+01,6.074049571091304500e+00
6.765647327807945999e+01,6.361507364494112693e+00
6.767647899399828759e+01,6.514143225839787554e+00
6.769648470991711520e+01,6.014595923141667022e+00
6.771649042583595701e+01,6.030088743652346039e+00
6.773649614175479883e+01,7.072755572176141925e+00
6.775650185767362643e+01,6.598753517282721859e+00
6.777650757359245404e+01,7.101950736192072178e+00
6.779651328951129585e+01,7.116016873473834714e+00
6.781651900543012346e+01,6.545051012059015072e+00
6.783652472134895106e+01,7.476649663079300012e+00
6.785653043726779288e+01,6.423975747511590839e+00
6.787653615318663469e+01,7.474577583014912818e+00
6.789654186910546230e+01,6.895968271543315709e+00
6.791654758502428990e+01,8.040258156269954881e+00
6.793655330094313172e+01,6.861243285446914086e+00
6.795655901686197353e+01,7.401545139598846745e+00
6.797656473278080114e+01,7.918415183021798143e+00
6.799657044869962874e+01,8.374250184143939180e+00
6.801657616461847056e+01,8.329910971044377277e+00
6.803658188053729816e+01,7.866212867858872748e+00
6.805658759645612577e+01,8.147304586125732939e+00
6.807659331237496758e+01,8.345093655102086672e+00
6.809659902829380940e+01,8.393303272336336107e+00
6.811660474421263700e+01,7.829116469031450976e+00
6.813661046013146461e+01,8.912255172713553719e+00
6.815661617605030642e+01,9.821583448674104488e+00
6.817662189196913403e+01,8.592314210036978039e+00
6.819662760788796163e+01,8.963612011279415981e+00
6.821663332380680345e+01,9.314275286358547845e+00
6.823663903972564526e+01,8.902989471091967033e+00
6.825664475564447287e+01,9.976251792830142406e+00
6.827665047156330047e+01,9.734857609242933307e+00
6.829665618748214229e+01,9.817427620686233425e+00
6.831666190340098410e+01,9.268655591576253627e+00
6.833666761931981171e+01,8.964723470066060074e+00
6.835667333523863931e+01,9.183497260929026851e+00
6.837667905115748113e+01,9.123767241273618822e+00
6.839668476707630873e+01,9.121041624400643144e+00
6.841669048299513634e+01,8.712125093155108857e+00
6.843669619891397815e+01,8.890791809861010364e+00
6.845670191483281997e+01,7.627691486609326610e+00
6.847670763075164757e+01,8.038620152667894203e+00
6.849671334667047518e+01,8.369819529597316787e+00
6.851671906258931699e+01,8.072229404665055341e+00
6.853672477850815881e+01,8.183365033863848836e+00
6.855673049442697220e+01,7.587493506433782287e+00
6.857673621034581402e+01,7.419632993018387523e+00
6.859674192626465583e+01,6.809604181530568567e+00
6.861674764218348344e+01,7.056226855947212329e+00
6.863675335810231104e+01,6.938243934322466444e+00
6.865675907402115286e+01,6.917824907408370194e+00
6.867676478993999467e+01,6.845403569632983576e+00
6.869677050585882228e+01,6.674586708339052876e+00
6.871677622177764988e+01,6.975349494534542671e+00
6.873678193769649170e+01,6.269251747926386287e+00
6.875678765361531930e+01,6.313452533133824041e+00
6.877679336953414690e+01,6.195721070582547618e+00
6.879679908545298872e+01,6.307900199245272788e+00
6.881680480137183054e+01,6.708589026276004397e+00
6.883681051729065814e+01,6.208389332425528373e+00
6.885681623320948574e+01,6.272031953377129376e+00
6.887682194912832756e+01,5.693953035686069697e+00
6.889682766504716938e+01,6.823003191260452738e+00
6.891683338096599698e+01,7.286199281875726186e+00
6.893683909688482458e+01,6.576676160312975306e+00
6.895684481280366640e+01,5.923932338783235885e+00
6.897685052872249400e+01,5.879100438962447939e+00
6.899685624464132161e+01,6.538190867795198535e+00
6.901686196056016342e+01,5.909952652930925865e+00
6.903686767647900524e+01,6.099305647677960351e+00
6.905687339239783284e+01,5.977233217193437476e+00
6.907687910831666045e+01,6.378623509346365239e+00
6.909688482423550226e+01,5.631705844339503386e+00
6.911689054015432987e+01,6.363037407322174488e+00
6.913689625607315747e+01,6.207025902136516393e+00
6.915690197199199929e+01,5.700376327600875648e+00
6.917690768791084110e+01,5.660881383728455063e+00
6.919691340382966871e+01,6.106103262280601740e+00
6.921691911974849631e+01,5.837350359968163538e+00
6.923692483566733813e+01,5.542742097516190292e+00
6.925693055158617994e+01,6.029994054023724459e+00
6.927693626750500755e+01,6.985924503357697546e+00
6.929694198342383515e+01,6.874767872703754890e+00
6.931694769934267697e+01,6.633351466103830418e+00
6.933695341526150457e+01,6.662422112489057469e+00
6.935695913118033218e+01,6.443589996407418141e+00
6.937696484709917399e+01,6.038327719175253350e+00
6.939697056301801581e+01,6.200811791236677806e+00
6.941697627893684341e+01,6.509082246414076067e+00
6.943698199485567102e+01,7.588504152371143618e+00
6.945698771077451283e+01,7.034656530235942284e+00
6.947699342669335465e+01,7.213165363205110481e+00
6.949699914261216804e+01,7.771989459047474291e+00
6.951700485853100986e+01,7.237028465082804729e+00
6.953701057444985167e+01,7.066442481490806671e+00
6.955701629036867928e+01,7.250223725634908689e+00
6.957702200628750688e+01,7.987972736372332960e+00
6.959702772220634870e+01,8.041282320750802626e+00
6.961703343812519051e+01,7.525667741332273231e+00
6.963703915404401812e+01,7.363904841033575011e+00
6.965704486996284572e+01,7.370896034839603317e+00
6.967705058588168754e+01,7.471394345513948210e+00
6.969705630180051514e+01,7.538282765266464125e+00
6.971706201771934275e+01,6.835577751498041366e+00
6.973706773363818456e+01,7.604391419118267770e+00
6.975707344955702638e+01,7.247851100731271146e+00
6.977707916547585398e+01,7.108579848343484997e+00
6.979708488139468159e+01,7.343600764570719974e+00
6.981709059731352340e+01,6.265692778204901003e+00
6.983709631323236522e+01,7.418384245419286316e+00
6.985710202915119282e+01,6.531914125799997528e+00
6.987710774507002043e+01,5.843580900698421843e+00
6.989711346098886224e+01,6.408478093588936275e+00
6.991711917690768985e+01,5.405251790776896215e+00
6.993712489282651745e+01,5.666417584971846111e+00
6.995713060874535927e+01,6.518615464876159393e+00
6.997713632466420108e+01,5.720453235625463151e+00
6.999714204058302869e+01,5.408670876805409478e+00
7.001714775650185629e+01,5.514191116944031634e+00
7.003715347242069811e+01,6.124231221279222481e+00
7.005715918833952571e+01,6.354247103548471998e+00
7.007716490425835332e+01,6.428712714999749167e+00
7.009717062017719513e+01,4.972922966605183959e+00
7.011717633609603695e+01,5.152489357684958193e+00
7.013718205201486455e+01,5.721512991743182397e+00
7.015718776793369216e+01,5.678484587156220620e+00
7.017719348385253397e+01,6.181359895860406795e+00
7.019719919977137579e+01,6.493152094789711448e+00
7.021720491569020339e+01,6.434483746642557733e+00
7.023721063160903100e+01,6.193930140229687353e+00
7.025721634752787281e+01,6.870008199764932044e+00
7.027722206344670042e+01,7.503797523258726621e+00
7.029722777936552802e+01,7.275686593708323713e+00
7.031723349528436984e+01,7.085846404080844430e+00
7.033723921120321165e+01,7.132125924609702849e+00
7.035724492712203926e+01,7.008698023314368086e+00
7.037725064304086686e+01,7.795055592671788602e+00
7.039725635895970868e+01,6.635080313425593346e+00
7.041726207487855049e+01,6.655272045161650496e+00
7.043726779079736389e+01,6.729645911346748832e+00
7.045727350671620570e+01,6.913704441319370453e+00
7.047727922263504752e+01,6.873130709821765549e+00
7.049728493855387512e+01,6.329231410751035902e+00
7.051729065447270273e+01,6.279443527745575793e+00
7.053729637039154454e+01,6.749191734077619742e+00
7.055730208631038636e+01,6.167841934786412850e+00
7.057730780222921396e+01,7.100360287683755267e+00
7.059731351814804157e+01,5.874946477117884314e+00
7.061731923406688338e+01,6.435625418569431488e+00
7.063732494998571099e+01,6.647575695236098703e+00
7.065733066590453859e+01,6.657322266836509073e+00
7.067733638182338041e+01,5.158109990816462265e+00
7.069734209774222222e+01,5.874817564193762109e+00
7.071734781366104983e+01,6.778805049809577987e+00
7.073735352957987743e+01,5.980956837950072824e+00
7.075735924549871925e+01,5.698116535889711898e+00
7.077736496141756106e+01,5.844738711715768531e+00
7.079737067733638867e+01,5.867166032576067281e+00
7.081737639325521627e+01,6.498598222004449809e+00
7.083738210917405809e+01,5.521723405074649094e+00
7.085738782509288569e+01,5.326304840268170082e+00
7.087739354101171330e+01,5.466449035558653691e+00
7.089739925693055511e+01,6.328052727988980664e+00
7.091740497284939693e+01,5.974072594181217610e+00
7.093741068876822453e+01,5.675701968577030243e+00
7.095741640468705214e+01,5.485763874494075765e+00
7.097742212060589395e+01,5.538575725512377090e+00
7.099742783652472156e+01,5.783050921852044723e+00
7.101743355244354916e+01,5.265568179476403543e+00
7.103743926836239098e+01,5.184517754295723257e+00
7.105744498428123279e+01,5.073374922220096117e+00
7.107745070020006040e+01,4.884869425422005307e+00
7.109745641611888800e+01,5.173254051629868400e+00
7.111746213203772982e+01,5.030245217480102227e+00
7.113746784795657163e+01,5.013191253296971794e+00
7.115747356387539924e+01,4.840419415923440383e+00
7.117747927979422684e+01,4.831064944863097566e+00
7.119748499571306866e+01,5.460181106889786307e+00
7.121749071163189626e+01,5.394692392356875033e+00
7.123749642755072387e+01,5.241420288102006886e+00
7.125750214346956568e+01,4.863516927242152121e+00
7.127750785938840750e+01,5.324916865968238433e+00
7.129751357530723510e+01,5.295065272969877057e+00
7.131751929122606271e+01,5.317542794087987801e+00
7.133752500714490452e+01,5.501637048087287596e+00
7.135753072306374634e+01,5.651867784360435465e+00
7.137753643898255973e+01,5.346547930575026086e+00
7.139754215490140155e+01,6.047436627470483828e+00
7.141754787082024336e+01,6.215039604640367088e+00
7.143755358673907097e+01,6.436839547046097287e+00
7.145755930265789857e+01,6.424119990687437998e+00
7.147756501857674039e+01,5.584255725868809250e+00
7.149757073449558220e+01,6.305352360923249577e+00
7.151757645041440981e+01,5.716861126650190528e+00
7.153758216633323741e+01,6.409109689532863641e+00
7.155758788225207923e+01,6.643528086919917364e+00
7.157759359817090683e+01,6.361337454125539637e+00
7.159759931408973443e+01,6.446173190209894877e+00
7.161760503000857625e+01,7.018484946647417289e+00
7.163761074592741807e+01,5.766760426685761942e+00
7.165761646184624567e+01,7.573469591536871270e+00
7.167762217776507327e+01,6.176099389943681572e+00
7.169762789368391509e+01,7.091743175045361447e+00
7.171763360960275691e+01,6.126013828356372315e+00
7.173763932552158451e+01,6.371005982802493861e+00
7.175764504144041211e+01,7.595738340926074805e+00
7.177765075735925393e+01,6.739875935395453155e+00
7.179765647327808153e+01,6.596380298315123625e+00
7.181766218919690914e+01,7.356892720017455645e+00
7.183766790511575095e+01,7.130691480164483842e+00
7.185767362103459277e+01,7.736820788416213901e+00
7.187767933695342037e+01,7.719881683010836326e+00
7.189768505287224798e+01,7.457336092928513516e+00
7.191769076879108979e+01,7.576577467066539562e+00
7.193769648470991740e+01,6.625274665564537813e+00
7.195770220062874500e+01,7.815803618143777776e+00
7.197770791654758682e+01,7.302059627239259498e+00
7.199771363246642863e+01,7.231389996645962270e+00
7.201771934838525624e+01,7.789717387916514468e+00
7.203772506430408384e+01,8.289221855397828520e+00
7.205773078022292566e+01,7.853229049756155433e+00
7.207773649614176747e+01,7.824978468662271425e+00
7.209774221206059508e+01,7.128649125670236231e+00
7.211774792797942268e+01,7.236014842426426341e+00
7.213775364389826450e+01,7.778676738238797128e+00
7.215775935981709210e+01,8.057037959219407242e+00
7.217776507573591971e+01,7.709511859574179837e+00
7.219777079165476152e+01,7.621907144948942836e+00
7.221777650757360334e+01,7.604557948513630095e+00
7.223778222349243094e+01,6.813776898686461081e+00
7.225778793941125855e+01,7.072596615298411216e+00
7.227779365533010036e+01,7.128639784191790341e+00
7.229779937124894218e+01,7.803703456269545313e+00
7.231780508716775557e+01,7.900019824250303913e+00
7.233781080308659739e+01,7.856277932761191352e+00
7.235781651900543920e+01,7.058727599476080528e+00
7.237782223492426681e+01,7.449282599426533480e+00
7.239782795084309441e+01,7.251716658341388566e+00
7.241783366676193623e+01,7.714465041134689116e+00
7.243783938268077804e+01,7.122761306365250178e+00
7.245784509859960565e+01,7.786331644901096638e+00
7.247785081451843325e+01,8.317385884729906920e+00
7.249785653043727507e+01,7.375319088445055904e+00
7.251786224635610267e+01,7.574308136084877852e+00
7.253786796227493028e+01,7.115719431766505565e+00
7.255787367819377209e+01,7.479490189592006288e+00
7.257787939411261391e+01,7.336235776818289089e+00
7.259788511003144151e+01,6.947950781998492253e+00
7.261789082595026912e+01,7.873054708000838176e+00
7.263789654186911093e+01,7.500142465185108520e+00
7.265790225778795275e+01,8.496174186451257881e+00
7.267790797370678035e+01,7.770649435041485198e+00
7.269791368962560796e+01,8.246965698336616413e+00
7.271791940554444977e+01,7.388872808092589395e+00
7.273792512146327738e+01,7.539373853013678684e+00
7.275793083738210498e+01,7.790764517526339361e+00
7.277793655330094680e+01,7.692759719075658253e+00
7.279794226921978861e+01,7.836169690625403916e+00
7.281794798513861622e+01,8.009999043836931065e+00
7.283795370105744382e+01,7.776626433323690080e+00
7.285795941697628564e+01,8.111827978904806002e+00
7.287796513289511324e+01,7.780528336494097807e+00
7.289797084881394085e+01,8.435125870781623902e+00
7.291797656473278266e+01,8.665602304420950475e+00
7.293798228065162448e+01,7.865094879855364596e+00
7.295798799657045208e+01,8.058462996756919239e+00
7.297799371248927969e+01,7.342667313768030724e+00
7.299799942840812150e+01,7.959287130585053660e+00
7.301800514432696332e+01,7.880294161525235097e+00
7.303801086024579092e+01,7.595769265855032870e+00
7.305801657616461853e+01,7.529745318937875354e+00
7.307802229208346034e+01,7.788091499241671656e+00
7.309802800800228795e+01,7.209328342292298686e+00
7.311803372392111555e+01,7.619885481773055247e+00
7.313803943983995737e+01,7.934552176318963035e+00
7.315804515575879918e+01,6.879735611503300596e+00
7.317805087167762679e+01,7.432936636068473213e+00
7.319805658759645439e+01,7.006298236463525342e+00
7.321806230351529621e+01,6.470171238983960293e+00
7.323806801943413802e+01,6.546611352235560233e+00
7.325807373535295142e+01,6.796937936210916575e+00
7.327807945127179323e+01,6.417784092827327314e+00
7.329808516719063505e+01,6.707754149914658015e+00
7.331809088310946265e+01,7.016351006607196794e+00
7.333809659902829026e+01,7.012395662960771325e+00
7.335810231494713207e+01,6.486332048361173719e+00
7.337810803086597389e+01,5.774703515840915458e+00
7.339811374678480149e+01,5.707762842345496246e+00
7.341811946270362910e+01,6.434690819544676366e+00
7.343812517862247091e+01,6.420804243791500276e+00
7.345813089454129852e+01,6.030417711537345404e+00
7.347813661046012612e+01,5.531024190771610449e+00
7.349814232637896794e+01,6.568614061690254857e+00
7.351814804229780975e+01,6.116935941703768087e+00
7.353815375821663736e+01,5.921253258695312383e+00
7.355815947413546496e+01,6.730961389685043983e+00
7.357816519005430678e+01,6.105102615820704237e+00
7.359817090597314859e+01,5.737654977234234011e+00
7.361817662189197620e+01,6.105067423879501298e+00
7.363818233781080380e+01,6.089856759442987766e+00
7.365818805372964562e+01,6.775077741354619931e+00
7.367819376964847322e+01,6.304829762314379415e+00
7.369819948556730083e+01,6.034705647860644007e+00
7.371820520148614264e+01,6.626568297427319010e+00
7.373821091740498446e+01,5.847566431946694010e+00
7.375821663332381206e+01,5.513025306257830493e+00
7.377822234924263967e+01,6.631737737017980194e+00
7.379822806516148148e+01,5.081961070393159474e+00
7.381823378108030909e+01,5.809924322132260954e+00
7.383823949699913669e+01,6.079085701778734752e+00
7.385824521291797851e+01,5.500846845447380673e+00
7.387825092883682032e+01,5.855693420010164019e+00
7.389825664475564793e+01,5.872203262847347283e+00
7.391826236067447553e+01,6.702590128950514980e+00
7.393826807659331735e+01,6.401556975570814600e+00
7.395827379251215916e+01,6.171520836058322246e+00
7.397827950843098677e+01,5.556420759082511651e+00
7.399828522434981437e+01,6.748881991111947976e+00
7.401829094026865619e+01,5.367479897280645673e+00
7.403829665618748379e+01,5.591489455070606240e+00
7.405830237210632561e+01,5.915641424837010831e+00
7.407830808802515321e+01,6.327518249071591327e+00
7.409831380394398082e+01,6.397442256162001684e+00
7.411831951986282263e+01,6.782037543974730909e+00
7.413832523578165024e+01,6.745712142016122570e+00
7.415833095170049205e+01,6.629761561474767362e+00
7.417833666761931966e+01,6.583875081630645276e+00
7.419834238353816147e+01,6.669139970094482450e+00
7.421834809945698908e+01,7.271721436618777901e+00
7.423835381537583089e+01,7.357771868869043885e+00
7.425835953129465850e+01,6.489800114135930720e+00
7.427836524721348610e+01,7.523533437250254252e+00
7.429837096313232792e+01,7.562754305999870752e+00
7.431837667905115552e+01,7.464886155458428263e+00
7.433838239496999734e+01,8.135872082847436459e+00
7.435838811088882494e+01,8.328468905238667119e+00
7.437839382680766676e+01,8.016817850425210779e+00
7.439839954272649436e+01,7.719658862339226602e+00
7.441840525864533618e+01,8.279247300410686350e+00
7.443841097456416378e+01,7.939216812609076079e+00
7.445841669048300560e+01,8.676775398222556390e+00
7.447842240640183320e+01,8.722733754676191609e+00
7.449842812232066080e+01,8.559109792736332878e+00
7.451843383823950262e+01,8.633379952567359794e+00
7.453843955415833022e+01,8.422953113816314286e+00
7.455844527007717204e+01,8.669756233917830457e+00
7.457845098599599964e+01,8.072610288532683143e+00
7.459845670191484146e+01,9.197966246037873717e+00
7.461846241783366906e+01,9.068378982937007393e+00
7.463846813375251088e+01,8.615339814495406756e+00
7.465847384967133848e+01,8.751689930690496055e+00
7.467847956559016609e+01,8.496986978380627775e+00
7.469848528150900790e+01,9.258982150303033620e+00
7.471849099742783551e+01,9.398401404596516073e+00
7.473849671334667732e+01,8.399110392406242909e+00
7.475850242926550493e+01,8.811512050228602178e+00
7.477850814518434674e+01,8.823427248224994912e+00
7.479851386110317435e+01,8.739466300335443805e+00
7.481851957702201616e+01,8.866881643044106198e+00
7.483852529294084377e+01,8.587502659894095558e+00
7.485853100885967137e+01,8.932980535505642194e+00
7.487853672477851319e+01,7.969284883300571387e+00
7.489854244069734079e+01,8.423558515477925113e+00
7.491854815661618261e+01,7.498942018015323008e+00
7.493855387253501021e+01,8.300067207476352849e+00
7.495855958845385203e+01,7.575476822323594206e+00
7.497856530437267963e+01,7.488911564352514816e+00
7.499857102029152145e+01,7.456660277012065130e+00
7.501857673621034905e+01,8.088335093629174466e+00
7.503858245212917666e+01,7.655207988411159903e+00
7.505858816804801847e+01,7.326681265395613707e+00
7.507859388396684608e+01,7.607422334909738737e+00
7.509859959988568789e+01,7.041754555557059092e+00
7.511860531580451550e+01,7.729381243912700761e+00
7.513861103172335731e+01,6.433012183662026651e+00
7.515861674764218492e+01,7.450365909099643247e+00
7.517862246356102673e+01,7.357228515635806154e+00
7.519862817947985434e+01,6.283568385159935765e+00
7.521863389539868194e+01,6.965653961065612521e+00
7.523863961131752376e+01,7.307635221684313898e+00
7.525864532723635136e+01,6.789818627492833158e+00
7.527865104315519318e+01,7.738576936356365010e+00
7.529865675907402078e+01,6.862993827864159790e+00
7.531866247499286260e+01,6.869627711638266021e+00
7.533866819091169020e+01,7.718891821739786607e+00
7.535867390683053202e+01,7.216511278429836196e+00
7.537867962274935962e+01,7.021204359507580151e+00
7.539868533866820144e+01,6.979403121017693223e+00
7.541869105458702904e+01,6.644729711470789724e+00
7.543869677050585665e+01,7.199645874614643226e+00
7.545870248642469846e+01,7.080579154599719871e+00
7.547870820234352607e+01,6.678981686448286048e+00
7.549871391826236788e+01,6.426346422280703408e+00
7.551871963418119549e+01,6.317462431317486526e+00
7.553872535010003730e+01,6.891303974214731731e+00
7.555873106601886491e+01,6.323370786663696563e+00
7.557873678193770672e+01,6.789986625152062416e+00
7.559874249785653433e+01,6.444721367948445412e+00
7.561874821377536193e+01,7.083158143597743539e+00
7.563875392969420375e+01,6.351973379386665286e+00
7.565875964561303135e+01,6.369497722305834664e+00
7.567876536153187317e+01,7.278451268833707744e+00
7.569877107745070077e+01,7.190628600811714399e+00
7.571877679336954259e+01,7.315990435294053462e+00
7.573878250928837019e+01,7.137069120245170595e+00
7.575878822520721201e+01,6.463462625036790143e+00
7.577879394112603961e+01,7.456133209946590235e+00
7.579879965704486722e+01,8.019030880283457563e+00
7.581880537296370903e+01,7.571571601827554510e+00
7.583881108888253664e+01,7.191456071942555539e+00
7.585881680480137845e+01,7.893156257521678043e+00
7.587882252072020606e+01,7.090619190111747905e+00
7.589882823663904787e+01,7.649365290966322561e+00
7.591883395255787548e+01,7.401469012429682692e+00
7.593883966847671729e+01,7.756953144049706594e+00
7.595884538439554490e+01,8.660421681345718881e+00
7.597885110031437250e+01,8.123628420391526106e+00
7.599885681623321432e+01,8.373738851362723778e+00
7.601886253215204192e+01,8.227030555997412620e+00
7.603886824807088374e+01,9.057510116423486579e+00
7.605887396398971134e+01,7.994212196486227384e+00
7.607887967990855316e+01,7.876692990001540551e+00
7.609888539582738076e+01,7.701753351458958008e+00
7.611889111174622258e+01,7.950023113879969294e+00
7.613889682766505018e+01,7.924290517013008461e+00
7.615890254358387779e+01,8.107378859105356383e+00
7.617890825950271960e+01,7.994549432060154004e+00
7.619891397542154721e+01,8.891188654099339672e+00
7.621891969134038902e+01,8.072722661764036189e+00
7.623892540725921663e+01,7.972601381237241824e+00
7.625893112317805844e+01,7.799305375562877174e+00
7.627893683909688605e+01,8.054221379646344658e+00
7.629894255501572786e+01,7.519734233757993991e+00
7.631894827093455547e+01,8.148720360826001041e+00
7.633895398685339728e+01,7.516585078429715239e+00
7.635895970277222489e+01,7.578354833145420244e+00
7.637896541869105249e+01,7.014582661776078254e+00
7.639897113460989431e+01,6.412504282528894706e+00
7.641897685052872191e+01,7.135394096408938402e+00
7.643898256644756373e+01,6.961771894372752456e+00
7.645898828236639133e+01,7.560528572819634974e+00
7.647899399828523315e+01,7.401212602508459248e+00
7.649899971420406075e+01,6.453213107411023941e+00
7.651900543012290257e+01,7.424621683256571458e+00
7.653901114604173017e+01,6.893340638748133742e+00
7.655901686196055778e+01,7.009758716529402633e+00
7.657902257787939959e+01,7.390997760309622855e+00
7.659902829379822720e+01,8.085160766151322065e+00
7.661903400971706901e+01,8.128121376731654024e+00
7.663903972563589662e+01,8.031267609042744837e+00
7.665904544155473843e+01,8.134885281178057426e+00
7.667905115747356604e+01,8.999875788496488838e+00
7.669905687339240785e+01,8.715792009595144663e+00
7.671906258931123546e+01,9.777648187153284098e+00
7.673906830523006306e+01,1.007280114224840339e+01
7.675907402114890488e+01,9.945830146539941907e+00
7.677907973706773248e+01,1.016373471687512087e+01
7.679908545298657430e+01,9.951692819721419170e+00
7.681909116890540190e+01,1.066318883643738680e+01
7.683909688482424372e+01,1.054221794900622911e+01
7.685910260074307132e+01,1.058061222905552157e+01
7.687910831666191314e+01,1.136366414488276888e+01
7.689911403258074074e+01,1.050213350292366421e+01
7.691911974849956835e+01,1.085717817679100605e+01
7.693912546441841016e+01,1.098728800242256298e+01
7.695913118033723777e+01,1.126018892197249599e+01
7.697913689625607958e+01,1.172033473043840601e+01
7.699914261217490719e+01,1.125230458342026552e+01
7.701914832809374900e+01,1.107492375097791104e+01
7.703915404401257661e+01,1.123049799368711277e+01
7.705915975993141842e+01,1.139557746663795257e+01
7.707916547585024603e+01,1.171623327271868220e+01
7.709917119176907363e+01,1.124383090810166408e+01
7.711917690768791545e+01,1.144818784964190783e+01
7.713918262360674305e+01,1.100051994214844520e+01
7.715918833952558487e+01,1.098023385904041938e+01
7.717919405544441247e+01,1.084564636775969859e+01
7.719919977136325429e+01,1.028957958494308578e+01
7.721920548728208189e+01,1.085854203346779911e+01
7.723921120320092371e+01,1.066687686543351887e+01
7.725921691911975131e+01,1.084253817491321925e+01
7.727922263503859313e+01,1.035946158143441664e+01
7.729922835095742073e+01,9.739696186711483961e+00
7.731923406687624833e+01,9.819982865322110399e+00
7.733923978279509015e+01,1.080570982233640187e+01
7.735924549871391775e+01,9.998246519654545139e+00
7.737925121463275957e+01,9.633797610548308299e+00
7.739925693055158717e+01,9.768801810343742176e+00
7.741926264647042899e+01,8.972585429859165629e+00
7.743926836238925659e+01,9.329802733542962301e+00
7.745927407830809841e+01,9.598431881104923846e+00
7.747927979422692601e+01,9.485534747381606735e+00
7.749928551014575362e+01,8.446197883395758055e+00
7.751929122606459543e+01,8.658779427989184541e+00
7.753929694198342304e+01,8.748531503553927280e+00
7.755930265790226485e+01,9.497548831469874386e+00
7.757930837382109246e+01,9.063334010653733230e+00
7.759931408973993427e+01,9.026124016411795736e+00
7.761931980565876188e+01,8.838482341747269544e+00
7.763932552157760369e+01,8.575688379471518630e+00
7.765933123749643130e+01,8.466788018242491276e+00
7.767933695341525890e+01,8.647479167605231609e+00
7.769934266933410072e+01,8.286559674752256299e+00
7.771934838525292832e+01,8.206123682252485452e+00
7.773935410117177014e+01,7.794567007984580798e+00
7.775935981709059774e+01,7.981348384658538464e+00
7.777936553300943956e+01,8.085388366252932002e+00
7.779937124892826716e+01,7.888149086526319742e+00
7.781937696484710898e+01,8.166988216269414735e+00
7.783938268076593658e+01,7.178973009236250036e+00
7.785938839668476419e+01,7.530061547916096387e+00
7.787939411260360600e+01,7.929749551812627750e+00
7.789939982852243361e+01,7.861466500389164835e+00
7.791940554444127542e+01,8.003953285980186294e+00
7.793941126036010303e+01,8.111170584952118290e+00
7.795941697627894484e+01,7.705468000694253305e+00
7.797942269219777245e+01,6.963982590451285759e+00
7.799942840811661426e+01,7.706751738426772746e+00
7.801943412403544187e+01,7.255818556729417779e+00
7.803943983995426947e+01,6.379369505101797344e+00
7.805944555587311129e+01,6.682002035649290406e+00
7.807945127179193889e+01,6.529044612340145548e+00
7.809945698771078071e+01,7.019404321179333550e+00
7.811946270362960831e+01,6.823801324699765303e+00
7.813946841954845013e+01,6.459451203233905758e+00
7.815947413546727773e+01,6.213278980596152579e+00
7.817947985138611955e+01,6.723255335028398783e+00
7.819948556730494715e+01,6.492086347649852485e+00
7.821949128322378897e+01,6.509269278575537498e+00
7.823949699914261657e+01,6.156538315368717207e+00
7.825950271506144418e+01,5.600287263914967006e+00
7.827950843098028599e+01,6.267010363661251304e+00
7.829951414689911360e+01,5.554544233753530236e+00
7.831951986281795541e+01,5.417558511163742985e+00
7.833952557873678302e+01,5.921547033688607797e+00
7.835953129465562483e+01,5.499191374814218491e+00
7.837953701057445244e+01,5.439527032908650916e+00
7.839954272649329425e+01,5.424953276265921609e+00
7.841954844241212186e+01,5.627767914342516775e+00
7.843955415833094946e+01,4.433711826961383551e+00
7.845955987424979128e+01,4.960561245537431496e+00
7.847956559016861888e+01,5.477260576963994154e+00
7.849957130608746070e+01,5.432664221283517669e+00
7.851957702200628830e+01,5.400598753302529254e+00
7.853958273792513012e+01,4.215017126834612604e+00
7.855958845384395772e+01,5.438333764395290260e+00
7.857959416976279954e+01,4.956625425627960269e+00
7.859959988568162714e+01,4.807669313548124990e+00
7.861960560160045475e+01,4.751844934229739970e+00
7.863961131751929656e+01,5.256362062902230292e+00
7.865961703343812417e+01,5.362843710104542971e+00
7.867962274935696598e+01,4.879047830187001722e+00
7.869962846527579359e+01,5.025821538600165894e+00
7.871963418119463540e+01,5.070005969892073416e+00
7.873963989711346301e+01,4.836735907663375578e+00
7.875964561303230482e+01,4.833552744330018136e+00
7.877965132895113243e+01,5.056264440817560768e+00
7.879965704486996003e+01,5.413839081082081783e+00
7.881966276078880185e+01,5.116798007007805182e+00
7.883966847670762945e+01,5.574600917878285600e+00
7.885967419262647127e+01,4.549751472425492160e+00
7.887967990854529887e+01,4.775228615149526235e+00
7.889968562446414069e+01,4.356518973170028453e+00
7.891969134038296829e+01,4.320895387450459424e+00
7.893969705630181011e+01,4.251850535947959919e+00
7.895970277222063771e+01,4.849009242919067653e+00
7.897970848813946532e+01,3.881968489182838766e+00
7.899971420405830713e+01,5.009549578382926249e+00
7.901971991997713474e+01,4.540782389738738267e+00
7.903972563589597655e+01,4.261220039527192860e+00
7.905973135181480416e+01,5.072704107151103869e+00
7.907973706773364597e+01,4.297463835974268065e+00
7.909974278365247358e+01,4.301316509215019401e+00
7.911974849957131539e+01,4.424057741144218348e+00
7.913975421549014300e+01,4.088784435534448924e+00
7.915975993140898481e+01,4.179294577286196244e+00
7.917976564732781242e+01,5.035610109940145129e+00
7.919977136324664002e+01,4.907144107709048519e+00
7.921977707916548184e+01,4.766348081227222089e+00
7.923978279508430944e+01,5.101904830975620087e+00
7.925978851100315126e+01,4.709344597903807106e+00
7.927979422692197886e+01,4.809086129796920517e+00
7.929979994284082068e+01,5.201332449511642864e+00
7.931980565875964828e+01,4.607742129457220059e+00
7.933981137467849010e+01,5.336638096221514083e+00
7.935981709059731770e+01,4.374588012461138042e+00
7.937982280651614531e+01,5.190379286485538479e+00
7.939982852243498712e+01,5.933536924903960674e+00
7.941983423835381473e+01,5.364590754896624958e+00
7.943983995427265654e+01,5.813064035509393435e+00
7.945984567019148415e+01,4.772810235597187756e+00
7.947985138611032596e+01,5.221596569222894502e+00
7.949985710202915357e+01,5.803881074935352657e+00
7.951986281794799538e+01,5.181249019060398808e+00
7.953986853386682299e+01,5.298636446843826064e+00
7.955987424978565059e+01,5.438304130607762410e+00
7.957987996570449241e+01,6.093375808223774115e+00
7.959988568162332001e+01,4.931992938307552699e+00
7.961989139754216183e+01,5.261409432651456441e+00
7.963989711346098943e+01,5.342152196924576657e+00
7.965990282937983125e+01,5.776778604672673012e+00
7.967990854529865885e+01,5.057444644747203455e+00
7.969991426121750067e+01,5.839615149509176817e+00
7.971991997713632827e+01,4.752052329107828044e+00
7.973992569305515588e+01,5.484364343350350168e+00
7.975993140897399769e+01,5.121395862703962187e+00
7.977993712489282530e+01,5.028051385715123445e+00
7.979994284081166711e+01,4.598283929232230172e+00
7.981994855673049472e+01,4.126909586393063378e+00
7.983995427264933653e+01,4.439675439010121849e+00
7.985995998856816414e+01,4.879043700327045485e+00
7.987996570448700595e+01,4.247425421060903261e+00
7.989997142040583356e+01,4.504524850917299261e+00
7.991997713632466116e+01,4.301266265041260084e+00
7.993998285224350298e+01,4.682071835910251778e+00
7.995998856816233058e+01,4.538362712807449739e+00
7.997999428408117240e+01,4.130517526338883805e+00
8.000000000000000000e+01,3.118045980009379825e+00
