angle,intensity
1.000000000000000000e+01,3.751536743317924305e+00
1.002000571591883471e+01,3.067630777497987626e+00
1.004001143183766764e+01,3.918730232974842576e+00
1.006001714775650235e+01,3.431254601655738590e+00
1.008002286367533529e+01,3.417707625200945287e+00
1.010002857959417000e+01,3.226327323197309305e+00
1.012003429551300293e+01,3.324254398075700223e+00
1.014004001143183764e+01,3.000768855829839321e+00
1.016004572735067235e+01,3.987406217427202471e+00
1.018005144326950528e+01,3.042487562140614887e+00
1.020005715918833999e+01,3.329262058038390482e+00
1.022006287510717293e+01,3.046587511791426284e+00
1.024006859102600764e+01,3.565221871095460848e+00
1.026007430694484057e+01,3.855390705862548284e+00
1.028008002286367528e+01,3.389599370490315788e+00
1.030008573878250999e+01,3.413439555800750647e+00
1.032009145470134293e+01,3.135329732821260151e+00
1.034009717062017764e+01,3.473227928682158794e+00
1.036010288653901057e+01,3.303959176785750351e+00
1.038010860245784528e+01,3.226324584714117982e+00
1.040011431837667999e+01,3.540855716380721052e+00
1.042012003429551292e+01,4.143962995896520063e+00
1.044012575021434763e+01,3.385422752080922137e+00
1.046013146613318057e+01,2.722282481620204031e+00
1.048013718205201528e+01,3.207785440204053540e+00
1.050014289797084821e+01,3.146728951000420604e+00
1.052014861388968292e+01,3.209542297740272332e+00
1.054015432980851585e+01,2.641783292365350366e+00
1.056016004572735056e+01,4.354838402608073089e+00
1.058016576164618527e+01,2.742219076807637546e+00
1.060017147756501821e+01,3.230054037459925365e+00
1.062017719348385292e+01,3.720109999832364345e+00
1.064018290940268585e+01,3.719586749601326403e+00
1.066018862532152056e+01,3.330985187073620235e+00
1.068019434124035527e+01,3.272670936174683298e+00
1.070020005715918820e+01,3.197946771719046843e+00
1.072020577307802292e+01,3.634779526180635489e+00
1.074021148899685585e+01,2.996139600647610202e+00
1.076021720491569056e+01,4.024750336197849165e+00
1.078022292083452349e+01,3.612284359110977228e+00
1.080022863675335820e+01,3.858380365160815728e+00
1.082023435267219291e+01,3.772293156940498271e+00
1.084024006859102585e+01,3.507077401441422992e+00
1.086024578450986056e+01,3.392203458474372990e+00
1.088025150042869349e+01,3.798876496919099122e+00
1.090025721634752820e+01,3.913445544740824289e+00
1.092026293226636113e+01,3.291148525162063798e+00
1.094026864818519584e+01,3.162928882147541199e+00
1.096027436410403055e+01,3.420470810420016772e+00
1.098028008002286349e+01,3.238516740704173280e+00
1.100028579594169820e+01,3.023780759472662449e+00
1.102029151186053113e+01,3.179233335375499792e+00
1.104029722777936584e+01,3.635693868029655995e+00
1.106030294369819877e+01,2.977946278687568338e+00
1.108030865961703348e+01,3.493034062645179461e+00
1.110031437553586819e+01,3.372153145973245891e+00
1.112032009145470113e+01,3.360802609586744705e+00
1.114032580737353584e+01,2.971011082689448468e+00
1.116033152329236877e+01,3.484590115702558943e+00
1.118033723921120348e+01,3.255863289352247669e+00
1.120034295513003642e+01,3.354446465987300563e+00
1.122034867104887113e+01,3.285584035180017626e+00
1.124035438696770584e+01,3.346264603751283317e+00
1.126036010288653877e+01,3.501494643518074934e+00
1.128036581880537348e+01,4.201450553196467652e+00
1.130037153472420641e+01,3.723450692764435743e+00
1.132037725064304112e+01,3.999981993422886628e+00
1.134038296656187583e+01,3.374294529010072097e+00
1.136038868248070877e+01,3.071623415426758541e+00
1.138039439839954348e+01,3.444746299292026581e+00
1.140040011431837641e+01,3.270031280002399843e+00
1.142040583023721112e+01,3.635551148249628106e+00
1.144041154615604405e+01,2.761913192044694210e+00
1.146041726207487876e+01,3.589605942787501114e+00
1.148042297799371170e+01,2.814862103377776315e+00
1.150042869391254641e+01,3.046708381123529819e+00
1.152043440983138112e+01,2.911750256060709141e+00
1.154044012575021405e+01,3.299220093786177532e+00
1.156044584166904876e+01,3.653604293672302106e+00
1.158045155758788169e+01,3.363750687352044189e+00
1.160045727350671640e+01,4.062953935644838310e+00
1.162046298942555111e+01,3.911561420757966090e+00
1.164046870534438405e+01,3.335976492228670320e+00
1.166047442126321876e+01,4.112774436450099991e+00
1.168048013718205169e+01,3.401107700715751747e+00
1.170048585310088640e+01,4.072005727693777999e+00
1.172049156901971934e+01,3.652103453410761702e+00
1.174049728493855405e+01,3.273371740840872235e+00
1.176050300085738698e+01,2.985894614003473002e+00
1.178050871677622169e+01,3.099071205961491771e+00
1.180051443269505640e+01,3.891109762828024898e+00
1.182052014861388933e+01,3.951437619621588571e+00
1.184052586453272404e+01,4.238275885317445812e+00
1.186053158045155698e+01,3.973528162522767637e+00
1.188053729637039169e+01,3.754089847354063814e+00
1.190054301228922640e+01,3.956164879359813202e+00
1.192054872820805933e+01,2.908000948720389278e+00
1.194055444412689404e+01,3.305944656721047981e+00
1.196056016004572697e+01,3.131338060032129444e+00
1.198056587596456168e+01,3.615509825196811189e+00
1.200057159188339639e+01,3.156462442024364989e+00
1.202057730780222933e+01,3.825655158433990177e+00
1.204058302372106226e+01,3.452389943682861340e+00
1.206058873963989697e+01,3.645200346188421037e+00
1.208059445555873168e+01,3.312914420144943861e+00
1.210060017147756461e+01,3.105604610597449522e+00
1.212060588739639932e+01,3.112456301080889887e+00
1.214061160331523226e+01,3.362408157869416492e+00
1.216061731923406697e+01,3.815756418283868356e+00
1.218062303515290168e+01,3.735902896456476885e+00
1.220062875107173461e+01,3.624007513081608955e+00
1.222063446699056932e+01,3.242780689914553705e+00
1.224064018290940226e+01,3.132757431037429097e+00
1.226064589882823697e+01,2.744339574979722585e+00
1.228065161474707168e+01,2.907810370258559374e+00
1.230065733066590461e+01,3.188141010938937647e+00
1.232066304658473754e+01,3.628356377129583699e+00
1.234066876250357225e+01,3.474319160189253797e+00
1.236067447842240696e+01,3.257331960463662135e+00
1.238068019434123990e+01,3.053023537610814131e+00
1.240068591026007461e+01,3.959187872007647435e+00
1.242069162617890754e+01,2.714595778306188034e+00
1.244069734209774225e+01,3.449535312924638220e+00
1.246070305801657696e+01,3.556278718625134339e+00
1.248070877393540989e+01,3.395232732242326801e+00
1.250071448985424460e+01,2.833707311736572088e+00
1.252072020577307754e+01,3.573880688004194894e+00
1.254072592169191225e+01,3.942743834956594640e+00
1.256073163761074696e+01,3.187779283791585705e+00
1.258073735352957989e+01,3.139300612504650534e+00
1.260074306944841460e+01,3.452469513135095980e+00
1.262074878536724754e+01,4.007430856700912258e+00
1.264075450128608225e+01,3.222669103212653319e+00
1.266076021720491518e+01,3.542161256116720391e+00
1.268076593312374989e+01,3.675830750193838536e+00
1.270077164904258282e+01,4.220431121523583684e+00
1.272077736496141753e+01,3.840379629883593715e+00
1.274078308088025224e+01,3.760137821744427455e+00
1.276078879679908518e+01,3.376042517624080030e+00
1.278079451271791989e+01,3.371720346094218002e+00
1.280080022863675282e+01,3.538281624883087950e+00
1.282080594455558753e+01,3.868789869677643267e+00
1.284081166047442224e+01,2.981712410662822332e+00
1.286081737639325517e+01,3.979259401660964812e+00
1.288082309231208988e+01,3.048092060373867263e+00
1.290082880823092282e+01,3.184056553397453193e+00
1.292083452414975753e+01,4.107991045697133359e+00
1.294084024006859224e+01,3.422180812927045235e+00
1.296084595598742517e+01,2.783760210111936750e+00
1.298085167190625810e+01,3.883677103997325908e+00
1.300085738782509281e+01,3.055067425232646183e+00
1.302086310374392752e+01,4.012757045139887069e+00
1.304086881966276046e+01,3.564831364463931784e+00
1.306087453558159517e+01,3.654370745123996400e+00
1.308088025150042810e+01,4.038984575396385779e+00
1.310088596741926281e+01,3.280011607520227912e+00
1.312089168333809752e+01,4.177959284853018929e+00
1.314089739925693046e+01,3.268315690389826056e+00
1.316090311517576517e+01,2.760558671588855706e+00
1.318090883109459810e+01,3.530254791036269602e+00
1.320091454701343281e+01,3.195711887567361131e+00
1.322092026293226752e+01,3.130123495906994791e+00
1.324092597885110045e+01,3.479982045510700228e+00
1.326093169476993339e+01,4.043310175874706758e+00
1.328093741068876810e+01,3.869377228472924202e+00
1.330094312660760281e+01,3.274106276286396167e+00
1.332094884252643574e+01,3.531854266485789928e+00
1.334095455844527045e+01,3.342131109012893120e+00
1.336096027436410338e+01,3.723765097125508294e+00
1.338096599028293809e+01,3.810031731681789324e+00
1.340097170620177280e+01,2.645132545746263553e+00
1.342097742212060574e+01,3.434137079312440388e+00
1.344098313803944045e+01,3.542885330854548265e+00
1.346098885395827338e+01,3.654689366468313327e+00
1.348099456987710809e+01,3.353454883153186294e+00
1.350100028579594280e+01,3.514090023891073500e+00
1.352100600171477573e+01,3.212190002199296401e+00
1.354101171763361044e+01,3.966376590154795156e+00
1.356101743355244338e+01,2.629886574657717802e+00
1.358102314947127809e+01,3.634542303690468934e+00
1.360102886539011102e+01,2.816830129314067843e+00
1.362103458130894573e+01,3.757366885614402019e+00
1.364104029722777867e+01,4.089625970322461335e+00
1.366104601314661338e+01,4.001783405199636157e+00
1.368105172906544809e+01,4.308268720919459227e+00
1.370105744498428102e+01,3.616854667175002813e+00
1.372106316090311573e+01,3.414667177900364337e+00
1.374106887682194866e+01,2.665077182651834242e+00
1.376107459274078337e+01,3.351979990110388385e+00
1.378108030865961808e+01,3.169837746747107499e+00
1.380108602457845102e+01,3.950787718274319182e+00
1.382109174049728573e+01,2.865784358107338115e+00
1.384109745641611866e+01,3.487715879768625626e+00
1.386110317233495337e+01,4.115952003254457203e+00
1.388110888825378808e+01,3.531016310248540790e+00
1.390111460417262101e+01,2.813154224630960432e+00
1.392112032009145395e+01,3.255552846002157441e+00
1.394112603601028866e+01,3.574174353299807372e+00
1.396113175192912337e+01,3.624698457335463253e+00
1.398113746784795630e+01,2.841836134589848406e+00
1.400114318376679101e+01,3.074122415354494375e+00
1.402114889968562395e+01,3.331663169307829797e+00
1.404115461560445866e+01,3.914432359899712388e+00
1.406116033152329337e+01,4.126986278993294732e+00
1.408116604744212630e+01,3.872134508861483582e+00
1.410117176336095923e+01,3.167614682894965838e+00
1.412117747927979394e+01,3.693640053838075588e+00
1.414118319519862865e+01,3.537893489313886697e+00
1.416118891111746336e+01,3.364431558776249886e+00
1.418119462703629630e+01,4.248745969941723821e+00
1.420120034295512923e+01,3.592364502457512376e+00
1.422120605887396394e+01,2.943861975925647023e+00
1.424121177479279865e+01,3.404770961502691318e+00
1.426121749071163336e+01,3.711829868805489596e+00
1.428122320663046629e+01,3.827512522282638052e+00
1.430122892254929923e+01,3.058863172836647770e+00
1.432123463846813394e+01,2.848187784439675241e+00
1.434124035438696865e+01,3.085336248118057512e+00
1.436124607030580158e+01,3.824201284907041476e+00
1.438125178622463629e+01,3.452966611818352405e+00
1.440125750214346922e+01,3.715318326759009970e+00
1.442126321806230393e+01,3.823220455173361731e+00
1.444126893398113864e+01,3.323026879884544371e+00
1.446127464989997158e+01,3.640577009966828204e+00
1.448128036581880451e+01,3.727807153143277041e+00
1.450128608173763922e+01,3.659163308116295976e+00
1.452129179765647393e+01,2.947654143693887452e+00
1.454129751357530864e+01,4.298642811175334977e+00
1.456130322949414158e+01,3.452514976854543782e+00
1.458130894541297451e+01,4.065026639979945955e+00
1.460131466133180922e+01,3.692654365315664933e+00
1.462132037725064393e+01,3.698992944179780640e+00
1.464132609316947686e+01,3.413963309879670671e+00
1.466133180908831157e+01,3.707875415224911819e+00
1.468133752500714451e+01,3.577790300541442203e+00
1.470134324092597922e+01,4.061715143209587708e+00
1.472134895684481393e+01,3.054318095202587457e+00
1.474135467276364686e+01,2.900450156923579215e+00
1.476136038868247979e+01,3.976048034077586113e+00
1.478136610460131450e+01,3.874565062935396043e+00
1.480137182052014921e+01,3.799468934630511718e+00
1.482137753643898392e+01,3.834283276776659033e+00
1.484138325235781686e+01,3.631244276857160003e+00
1.486138896827664979e+01,4.237344573147541205e+00
1.488139468419548450e+01,3.682900178187946238e+00
1.490140040011431921e+01,4.009190238530468520e+00
1.492140611603315392e+01,3.427749456241657722e+00
1.494141183195198685e+01,2.801477198825470083e+00
1.496141754787081979e+01,3.767680168666041940e+00
1.498142326378965450e+01,3.084863993493875967e+00
1.500142897970848921e+01,3.620036354094423370e+00
1.502143469562732214e+01,3.666151184991619516e+00
1.504144041154615508e+01,3.812754549677371152e+00
1.506144612746498979e+01,3.346612793262829566e+00
1.508145184338382450e+01,4.038776409804518686e+00
1.510145755930265921e+01,3.266777138015069859e+00
1.512146327522149214e+01,2.996697776317260420e+00
1.514146899114032507e+01,3.823493957408811816e+00
1.516147470705915978e+01,3.697167483267983723e+00
1.518148042297799449e+01,3.504079728117196701e+00
1.520148613889682920e+01,4.056273266225758789e+00
1.522149185481566214e+01,3.783899120438742880e+00
1.524149757073449507e+01,3.244333130633607620e+00
1.526150328665332978e+01,2.971586143969771499e+00
1.528150900257216449e+01,3.435465142871861222e+00
1.530151471849099742e+01,3.400089192396034576e+00
1.532152043440983036e+01,4.274986286078572562e+00
1.534152615032866507e+01,2.958469421435111713e+00
1.536153186624749978e+01,4.199734190901364350e+00
1.538153758216633449e+01,4.069944928150494690e+00
1.540154329808516742e+01,3.610367005039663901e+00
1.542154901400400036e+01,3.716139183013148273e+00
1.544155472992283507e+01,3.336656052734967126e+00
1.546156044584166978e+01,3.580435237309712804e+00
1.548156616176050449e+01,3.845119832741322519e+00
1.550157187767933742e+01,3.344052873540919180e+00
1.552157759359817035e+01,3.185035933462296853e+00
1.554158330951700506e+01,3.798978797999472690e+00
1.556158902543583977e+01,3.537751585932224607e+00
1.558159474135467271e+01,2.872115826982938547e+00
1.560160045727350742e+01,4.043861163943131665e+00
1.562160617319234035e+01,3.502257184649340882e+00
1.564161188911117506e+01,3.411608847574764347e+00
1.566161760503000977e+01,2.931448519585808654e+00
1.568162332094884270e+01,3.880798824864364782e+00
1.570162903686767564e+01,2.904214061111559886e+00
1.572163475278651035e+01,3.805147218010185739e+00
1.574164046870534506e+01,3.944408905025477807e+00
1.576164618462417977e+01,3.672626087338506373e+00
1.578165190054301270e+01,3.270755257268119109e+00
1.580165761646184563e+01,3.426901919772750826e+00
1.582166333238068034e+01,2.985437121994218401e+00
1.584166904829951505e+01,2.968584549275351314e+00
1.586167476421834799e+01,3.668605278932991709e+00
1.588168048013718270e+01,3.727549404691742563e+00
1.590168619605601563e+01,2.837695855807705669e+00
1.592169191197485034e+01,3.128212176231756736e+00
1.594169762789368505e+01,3.567560850747486967e+00
1.596170334381251799e+01,3.391033577302591695e+00
1.598170905973135092e+01,3.082810666803578847e+00
1.600171477565018563e+01,3.623603108575598419e+00
1.602172049156902034e+01,2.876737458753113152e+00
1.604172620748785505e+01,3.582762131861173316e+00
1.606173192340668976e+01,3.225434482354253785e+00
1.608173763932552092e+01,3.433278693459008046e+00
1.610174335524435563e+01,3.900966043921154203e+00
1.612174907116319034e+01,2.791296493856301630e+00
1.614175478708202505e+01,4.019760641763872044e+00
1.616176050300085620e+01,3.985293696613160463e+00
1.618176621891969091e+01,3.529625351005178491e+00
1.620177193483852562e+01,3.334956732534552604e+00
1.622177765075736033e+01,3.937119712836431251e+00
1.624178336667619504e+01,3.466343220894757327e+00
1.626178908259502620e+01,3.335252539327350885e+00
1.628179479851386091e+01,3.128332251137983633e+00
1.630180051443269562e+01,3.358051257061236861e+00
1.632180623035153033e+01,3.267482584289877146e+00
1.634181194627036149e+01,3.623472080849469812e+00
1.636181766218919620e+01,3.777659132353080373e+00
1.638182337810803091e+01,3.172413538657020915e+00
1.640182909402686562e+01,3.650891330024465198e+00
1.642183480994570033e+01,2.891440110469456481e+00
1.644184052586453504e+01,3.518105671239706744e+00
1.646184624178336620e+01,4.027841508273290572e+00
1.648185195770220091e+01,3.632539507320654337e+00
1.650185767362103562e+01,3.759941300162005007e+00
1.652186338953986677e+01,3.555766867193998593e+00
1.654186910545870148e+01,4.032987618392930074e+00
1.656187482137753619e+01,3.847828486838742457e+00
1.658188053729637090e+01,4.125906891254470743e+00
1.660188625321520561e+01,4.346586664437310787e+00
1.662189196913404032e+01,3.998649812927268510e+00
1.664189768505287148e+01,3.880805886443945418e+00
1.666190340097170619e+01,3.075054865273340265e+00
1.668190911689054090e+01,4.157330467724664302e+00
1.670191483280937561e+01,4.354121250133466958e+00
1.672192054872820677e+01,3.596116323706496587e+00
1.674192626464704148e+01,3.481734521459663778e+00
1.676193198056587619e+01,3.665581590251033361e+00
1.678193769648471090e+01,3.136053542148114825e+00
1.680194341240354561e+01,3.603014034242078445e+00
1.682194912832238032e+01,4.752025032905313751e+00
1.684195484424121148e+01,3.710588078024229297e+00
1.686196056016004619e+01,3.856606426782591690e+00
1.688196627607888090e+01,3.885873664868452870e+00
1.690197199199771205e+01,4.872734467321004459e+00
1.692197770791654676e+01,3.679301468694827548e+00
1.694198342383538147e+01,4.227495712083975121e+00
1.696198913975421618e+01,4.477708217303130844e+00
1.698199485567305089e+01,3.945631741931796999e+00
1.700200057159188560e+01,5.031354722988529815e+00
1.702200628751071676e+01,4.996170942431830575e+00
1.704201200342955147e+01,3.777218461502212854e+00
1.706201771934838618e+01,4.405465108338180613e+00
1.708202343526722089e+01,4.424280975085462586e+00
1.710202915118605205e+01,4.754941023561244151e+00
1.712203486710488676e+01,3.786658338698881465e+00
1.714204058302372147e+01,4.621105206377915664e+00
1.716204629894255618e+01,3.747018154761752040e+00
1.718205201486139089e+01,4.426720767959507086e+00
1.720205773078022204e+01,4.288490242034587396e+00
1.722206344669905675e+01,4.194310278298447159e+00
1.724206916261789146e+01,4.073932458306255278e+00
1.726207487853672617e+01,4.229561452692264467e+00
1.728208059445555733e+01,5.043178682995539397e+00
1.730208631037439204e+01,5.113896299389984357e+00
1.732209202629322675e+01,5.280268119463220167e+00
1.734209774221206146e+01,5.672632860227978746e+00
1.736210345813089617e+01,4.707132486106937463e+00
1.738210917404973088e+01,5.138055521737644682e+00
1.740211488996856204e+01,5.624839838373958401e+00
1.742212060588739675e+01,4.671627059253399494e+00
1.744212632180623146e+01,5.004540872850522959e+00
1.746213203772506262e+01,5.410292821806732988e+00
1.748213775364389733e+01,5.206115789824078632e+00
1.750214346956273204e+01,4.958021188562946158e+00
1.752214918548156675e+01,5.806898266549687548e+00
1.754215490140040146e+01,5.531865368667757465e+00
1.756216061731923617e+01,5.654064470664067699e+00
1.758216633323806732e+01,5.221298665440495590e+00
1.760217204915690203e+01,5.576716273814145808e+00
1.762217776507573674e+01,5.294063701999148996e+00
1.764218348099457145e+01,5.660650373300073035e+00
1.766218919691340261e+01,5.545779348999325009e+00
1.768219491283223732e+01,5.946944983731842882e+00
1.770220062875107203e+01,6.340871557470972419e+00
1.772220634466990674e+01,5.493754894412157697e+00
1.774221206058874145e+01,5.409606148306946416e+00
1.776221777650757616e+01,5.641114681062756375e+00
1.778222349242640732e+01,5.524066990738584870e+00
1.780222920834524203e+01,5.887068294598609697e+00
1.782223492426407674e+01,5.488028030712440497e+00
1.784224064018290790e+01,5.306648760019829325e+00
1.786224635610174261e+01,5.542788555355054214e+00
1.788225207202057732e+01,5.546618648375222449e+00
1.790225778793941203e+01,5.084742721999489845e+00
1.792226350385824674e+01,5.142523610321328320e+00
1.794226921977708145e+01,5.472008929110169007e+00
1.796227493569591260e+01,4.760679501179307493e+00
1.798228065161474731e+01,4.305258862824289601e+00
1.800228636753358202e+01,4.312247576483047240e+00
1.802229208345241318e+01,4.469581231373416230e+00
1.804229779937124789e+01,5.086181797596971421e+00
1.806230351529008260e+01,5.222341318335773863e+00
1.808230923120891731e+01,4.281644019620867603e+00
1.810231494712775202e+01,4.161068670828129257e+00
1.812232066304658673e+01,4.111137618162548080e+00
1.814232637896542144e+01,4.881504169029725837e+00
1.816233209488425260e+01,4.318478009565418496e+00
1.818233781080308731e+01,3.915624209452267301e+00
1.820234352672191847e+01,3.977052370594680752e+00
1.822234924264075318e+01,4.497884339893161609e+00
1.824235495855958789e+01,3.588764896121833026e+00
1.826236067447842260e+01,4.076659014366703637e+00
1.828236639039725731e+01,3.322079504770615532e+00
1.830237210631609202e+01,3.810089136842528035e+00
1.832237782223492673e+01,3.276283101090799121e+00
1.834238353815375788e+01,3.846046758209712202e+00
1.836238925407259259e+01,3.967266449234678305e+00
1.838239496999142730e+01,3.322036740406024702e+00
1.840240068591025846e+01,4.257220761078147397e+00
1.842240640182909317e+01,3.376864269958960385e+00
1.844241211774792788e+01,4.215527999996080410e+00
1.846241783366676259e+01,3.777246176683868306e+00
1.848242354958559730e+01,3.203821004253251559e+00
1.850242926550443201e+01,4.221405619461595649e+00
1.852243498142326672e+01,3.528384803579598827e+00
1.854244069734209788e+01,3.239713508888712568e+00
1.856244641326093259e+01,4.152004453806730666e+00
1.858245212917976374e+01,3.897761726104689295e+00
1.860245784509859845e+01,3.614496712706954717e+00
1.862246356101743316e+01,4.169790370386815326e+00
1.864246927693626787e+01,4.136380670565227291e+00
1.866247499285510258e+01,3.648178767234146580e+00
1.868248070877393729e+01,3.282992981619954342e+00
1.870248642469277200e+01,3.844773699368132291e+00
1.872249214061160316e+01,4.227775055091379741e+00
1.874249785653043787e+01,4.110360048616586326e+00
1.876250357244927258e+01,3.904239868505902766e+00
1.878250928836810374e+01,3.374101300322386976e+00
1.880251500428693845e+01,3.878989440558214596e+00
1.882252072020577316e+01,4.064145664328279395e+00
1.884252643612460787e+01,4.522495524218136609e+00
1.886253215204344258e+01,3.500295678525635612e+00
1.888253786796227729e+01,3.928464198631877125e+00
1.890254358388111200e+01,3.357570349963479917e+00
1.892254929979994316e+01,4.502451194974331550e+00
1.894255501571877787e+01,3.933951215274134050e+00
1.896256073163760902e+01,3.410373003854672014e+00
1.898256644755644373e+01,3.444852469903564085e+00
1.900257216347527844e+01,3.554771018828156048e+00
1.902257787939411315e+01,4.144732101364111188e+00
1.904258359531294786e+01,3.709618535686488805e+00
1.906258931123178257e+01,3.451889064418949715e+00
1.908259502715061728e+01,4.464386859315427003e+00
1.910260074306944844e+01,3.585738799475385541e+00
1.912260645898828315e+01,3.153167081215483503e+00
1.914261217490711431e+01,3.846598384926434022e+00
1.916261789082594902e+01,3.397829376357524467e+00
1.918262360674478373e+01,3.338348768452777726e+00
1.920262932266361844e+01,3.140394801066727748e+00
1.922263503858245315e+01,3.267427739092926053e+00
1.924264075450128786e+01,3.876787129623731509e+00
1.926264647042012257e+01,3.878643304435613004e+00
1.928265218633895373e+01,4.485174531286864053e+00
1.930265790225778844e+01,4.129296478129203862e+00
1.932266361817662315e+01,3.200527493290167058e+00
1.934266933409545430e+01,3.728939947270276445e+00
1.936267505001428901e+01,3.603304989720770735e+00
1.938268076593312372e+01,4.009839421566818274e+00
1.940268648185195843e+01,4.262780308609567470e+00
1.942269219777079314e+01,2.956987232491784301e+00
1.944269791368962785e+01,3.595282012550390149e+00
1.946270362960846256e+01,3.479735072966947396e+00
1.948270934552729372e+01,3.522433997193186173e+00
1.950271506144612843e+01,3.698110897975658951e+00
1.952272077736495959e+01,4.231662503307930479e+00
1.954272649328379430e+01,4.315515489950619177e+00
1.956273220920262901e+01,3.906223247747270921e+00
1.958273792512146372e+01,4.000863759392236041e+00
1.960274364104029843e+01,4.221232905573812921e+00
1.962274935695913314e+01,3.990887106225198266e+00
1.964275507287796785e+01,3.556350647791808761e+00
1.966276078879679901e+01,4.101933404522240423e+00
1.968276650471563372e+01,4.076242201195130477e+00
1.970277222063446487e+01,4.249143174016401403e+00
1.972277793655329958e+01,4.025052530491072922e+00
1.974278365247213429e+01,3.491539098557717047e+00
1.976278936839096900e+01,3.802739671181710968e+00
1.978279508430980371e+01,3.117367287641572116e+00
1.980280080022863842e+01,3.479843829425477875e+00
1.982280651614747313e+01,3.476965431391414008e+00
1.984281223206630784e+01,4.049168781906447911e+00
1.986281794798513900e+01,4.057222945005620751e+00
1.988282366390397371e+01,3.360996951017942713e+00
1.990282937982280487e+01,4.763339849714316898e+00
1.992283509574163958e+01,4.567224500468485715e+00
1.994284081166047429e+01,3.745360088917886188e+00
1.996284652757930900e+01,4.333021634631579744e+00
1.998285224349814371e+01,4.726716779223975706e+00
2.000285795941697842e+01,3.967206736247183230e+00
2.002286367533581313e+01,4.813606170900581738e+00
2.004286939125464428e+01,3.769349401545582623e+00
2.006287510717347899e+01,4.438026804018810445e+00
2.008288082309231015e+01,4.633380525508719927e+00
2.010288653901114486e+01,3.982380175460454197e+00
2.012289225492997957e+01,4.439556734443792507e+00
2.014289797084881428e+01,3.815431318480886347e+00
2.016290368676764899e+01,3.588958651424321022e+00
2.018290940268648370e+01,4.314343725462196133e+00
2.020291511860531841e+01,4.103805375574307135e+00
2.022292083452414957e+01,4.064059099224839322e+00
2.024292655044298428e+01,4.280504129603285968e+00
2.026293226636181899e+01,3.733824889947186421e+00
2.028293798228065015e+01,3.893462211321657485e+00
2.030294369819948486e+01,4.197248633638952953e+00
2.032294941411831957e+01,4.539602263970968998e+00
2.034295513003715428e+01,4.615718544338492713e+00
2.036296084595598899e+01,3.591019554842934891e+00
2.038296656187482370e+01,4.249718333164722139e+00
2.040297227779365841e+01,4.383768069265629563e+00
2.042297799371248956e+01,4.724974910514829318e+00
2.044298370963132427e+01,3.930932362388034118e+00
2.046298942555015543e+01,3.715865702438208462e+00
2.048299514146899014e+01,4.173588755792505545e+00
2.050300085738782485e+01,3.839368771371733935e+00
2.052300657330665956e+01,4.176961770933596441e+00
2.054301228922549427e+01,4.144271505558787538e+00
2.056301800514432898e+01,4.100797424501295474e+00
2.058302372106316369e+01,4.447919817224966543e+00
2.060302943698199485e+01,3.954325961648273768e+00
2.062303515290082956e+01,4.319190317671458779e+00
2.064304086881966072e+01,3.461997580633743077e+00
2.066304658473849543e+01,3.814944549951043928e+00
2.068305230065733014e+01,4.851481093356758478e+00
2.070305801657616485e+01,4.367103075083916153e+00
2.072306373249499956e+01,3.760772514562357838e+00
2.074306944841383427e+01,4.830214734122042053e+00
2.076307516433266898e+01,4.916638063153707883e+00
2.078308088025150369e+01,4.063885263213883547e+00
2.080308659617033484e+01,4.307393985081981569e+00
2.082309231208916955e+01,4.872743561672816526e+00
2.084309802800800071e+01,4.182411049400177383e+00
2.086310374392683542e+01,3.668855923052040779e+00
2.088310945984567013e+01,3.933109286140551220e+00
2.090311517576450484e+01,4.907944911868902693e+00
2.092312089168333955e+01,4.253128745569678237e+00
2.094312660760217426e+01,5.120363616108695837e+00
2.096313232352100897e+01,4.931653167103152491e+00
2.098313803943984013e+01,4.212922614297275103e+00
2.100314375535867484e+01,4.356421027112979516e+00
2.102314947127750600e+01,4.239986303470947071e+00
2.104315518719634071e+01,4.477658233630537055e+00
2.106316090311517542e+01,4.890848916935739865e+00
2.108316661903401013e+01,5.199582697916703466e+00
2.110317233495284484e+01,4.465172132770907965e+00
2.112317805087167955e+01,4.863403875447085412e+00
2.114318376679051426e+01,4.684757723154979736e+00
2.116318948270934541e+01,4.285877574580533533e+00
2.118319519862818012e+01,5.136100078175173778e+00
2.120320091454701483e+01,5.079102869092817940e+00
2.122320663046584599e+01,5.300251015750323980e+00
2.124321234638468070e+01,4.880997607573064556e+00
2.126321806230351541e+01,4.784472167486287120e+00
2.128322377822235012e+01,4.854119680661370673e+00
2.130322949414118483e+01,5.573026090397773302e+00
2.132323521006001954e+01,5.247279179456919351e+00
2.134324092597885425e+01,6.070635931349331216e+00
2.136324664189768541e+01,5.343970277961439308e+00
2.138325235781652012e+01,4.616768235050690450e+00
2.140325807373535127e+01,5.756026321313321148e+00
2.142326378965418598e+01,5.063748189224156704e+00
2.144326950557302069e+01,4.596509189967290077e+00
2.146327522149185540e+01,5.278760248830645097e+00
2.148328093741069011e+01,5.231116595049455142e+00
2.150328665332952482e+01,5.464628225022680752e+00
2.152329236924835953e+01,5.717327155542632156e+00
2.154329808516719069e+01,5.444511229739843472e+00
2.156330380108602540e+01,5.925934332387942760e+00
2.158330951700485656e+01,5.922917492583881227e+00
2.160331523292369127e+01,6.377666693430803058e+00
2.162332094884252598e+01,6.476842618610866076e+00
2.164332666476136069e+01,6.231318107232930892e+00
2.166333238068019540e+01,6.351343343956571630e+00
2.168333809659903011e+01,6.663495714604149356e+00
2.170334381251786482e+01,6.537548875594685782e+00
2.172334952843669598e+01,6.519334187713542228e+00
2.174335524435553069e+01,6.147694144766310487e+00
2.176336096027436540e+01,6.643534634469903111e+00
2.178336667619319655e+01,6.794792244687484661e+00
2.180337239211203126e+01,7.036463023198861855e+00
2.182337810803086597e+01,7.006283595500434558e+00
2.184338382394970068e+01,7.237601691847031837e+00
2.186338953986853539e+01,7.507960569964469144e+00
2.188339525578737010e+01,7.374592016070605993e+00
2.190340097170620481e+01,7.784848045035570152e+00
2.192340668762503597e+01,7.372514493085632559e+00
2.194341240354387068e+01,7.634485688169382556e+00
2.196341811946270184e+01,8.249657155311505008e+00
2.198342383538153655e+01,8.390927789259123415e+00
2.200342955130037126e+01,8.349403060990580272e+00
2.202343526721920597e+01,9.282891739602213477e+00
2.204344098313804068e+01,8.796398488663657034e+00
2.206344669905687539e+01,8.634423602195459679e+00
2.208345241497571010e+01,8.942201007991249284e+00
2.210345813089454126e+01,9.964978437832066049e+00
2.212346384681337597e+01,1.005925102978283547e+01
2.214346956273221068e+01,1.026741956414389634e+01
2.216347527865104183e+01,1.057132999661525119e+01
2.218348099456987654e+01,1.038519359165871236e+01
2.220348671048871125e+01,1.096227869350421713e+01
2.222349242640754596e+01,1.165545483699925100e+01
2.224349814232638067e+01,1.131341252116033580e+01
2.226350385824521538e+01,1.204950795796063368e+01
2.228350957416405009e+01,1.361872917217768375e+01
2.230351529008288125e+01,1.344312945532215053e+01
2.232352100600171596e+01,1.401341517038553697e+01
2.234352672192054712e+01,1.455706134501289384e+01
2.236353243783938183e+01,1.522598951237473131e+01
2.238353815375821654e+01,1.436847678967646580e+01
2.240354386967705125e+01,1.618215035548623959e+01
2.242354958559588596e+01,1.608236858028542571e+01
2.244355530151472067e+01,1.696356491788748500e+01
2.246356101743355538e+01,1.809550677059308299e+01
2.248356673335238654e+01,1.848782209337310434e+01
2.250357244927122125e+01,1.873287251439251122e+01
2.252357816519005240e+01,1.920932586926977947e+01
2.254358388110888711e+01,1.978545245077222958e+01
2.256358959702772182e+01,2.121154356612443337e+01
2.258359531294655653e+01,2.100005696611669137e+01
2.260360102886539124e+01,2.277800133986418984e+01
2.262360674478422595e+01,2.369098914327522820e+01
2.264361246070306066e+01,2.397349731041551024e+01
2.266361817662189182e+01,2.456517252164397291e+01
2.268362389254072653e+01,2.571774681674244789e+01
2.270362960845956124e+01,2.644029037640918745e+01
2.272363532437839240e+01,2.747949159795033225e+01
2.274364104029722711e+01,2.828716906984448798e+01
2.276364675621606182e+01,2.941096851762246445e+01
2.278365247213489653e+01,3.092663845826034219e+01
2.280365818805373124e+01,3.175877049768317306e+01
2.282366390397256595e+01,3.195516945216735394e+01
2.284366961989140066e+01,3.392184535554085301e+01
2.286367533581023181e+01,3.497250445367166094e+01
2.288368105172906652e+01,3.488003167633583956e+01
2.290368676764789768e+01,3.665944114855491165e+01
2.292369248356673239e+01,3.833054739343307915e+01
2.294369819948556710e+01,3.943635067240771264e+01
2.296370391540440181e+01,3.967924064958663166e+01
2.298370963132323652e+01,4.102686475562310875e+01
2.300371534724207123e+01,4.124287080368129921e+01
2.302372106316090594e+01,4.334246531865942842e+01
2.304372677907973710e+01,4.446654600171764571e+01
2.306373249499857181e+01,4.471522785622867957e+01
2.308373821091740652e+01,4.638876224373858292e+01
2.310374392683623768e+01,4.713214430217711026e+01
2.312374964275507239e+01,4.781293810744388395e+01
2.314375535867390710e+01,4.871521115563888316e+01
2.316376107459274181e+01,4.902470874112243848e+01
2.318376679051157652e+01,5.015881628644003598e+01
2.320377250643041123e+01,5.017438401623559940e+01
2.322377822234924594e+01,5.053449012770355608e+01
2.324378393826807709e+01,5.133695692234336860e+01
2.326378965418691180e+01,5.115816269362881030e+01
2.328379537010574296e+01,5.162211201786754344e+01
2.330380108602457767e+01,5.209884849905022719e+01
2.332380680194341238e+01,5.142092086626033876e+01
2.334381251786224709e+01,5.203292805241719066e+01
2.336381823378108180e+01,5.187404884829573604e+01
2.338382394969991651e+01,5.164621412249971399e+01
2.340382966561875122e+01,5.017813988484227394e+01
2.342383538153758238e+01,5.041833003265558943e+01
2.344384109745641709e+01,4.965469599220998020e+01
2.346384681337524825e+01,4.908551340844626765e+01
2.348385252929408296e+01,4.834805090857902599e+01
2.350385824521291767e+01,4.691439047023914100e+01
2.352386396113175238e+01,4.676994009379635031e+01
2.354386967705058709e+01,4.531725779248344566e+01
2.356387539296942180e+01,4.443094866953020983e+01
2.358388110888825651e+01,4.241825490363481066e+01
2.360388682480708766e+01,4.206384261561090909e+01
2.362389254072592237e+01,4.009404032175856258e+01
2.364389825664475708e+01,3.957286290052176270e+01
2.366390397256358824e+01,3.836283986765148768e+01
2.368390968848242295e+01,3.637738668528081831e+01
2.370391540440125766e+01,3.526853979607755463e+01
2.372392112032009237e+01,3.340029666833552113e+01
2.374392683623892708e+01,3.251301347791925167e+01
2.376393255215776179e+01,3.162680643123528412e+01
2.378393826807659650e+01,3.000196728208359787e+01
2.380394398399542766e+01,2.875982835990819098e+01
2.382394969991426237e+01,2.800683212385905563e+01
2.384395541583309353e+01,2.728517864765518652e+01
2.386396113175192824e+01,2.550400861975134603e+01
2.388396684767076295e+01,2.518529416722496705e+01
2.390397256358959766e+01,2.318548956983651621e+01
2.392397827950843237e+01,2.234125096454107862e+01
2.394398399542726708e+01,2.203104390698212001e+01
2.396398971134610179e+01,2.111232061197184962e+01
2.398399542726493294e+01,1.973581087958076807e+01
2.400400114318376765e+01,1.819076330897427241e+01
2.402400685910260236e+01,1.755939778351394054e+01
2.404401257502143352e+01,1.716020052117074712e+01
2.406401829094026823e+01,1.662981628909616916e+01
2.408402400685910294e+01,1.637480053397730728e+01
2.410402972277793765e+01,1.532180740448357170e+01
2.412403543869677236e+01,1.526136247449953842e+01
2.414404115461560707e+01,1.408669670369870097e+01
2.416404687053444178e+01,1.376923093293965650e+01
2.418405258645327294e+01,1.281814667868902546e+01
2.420405830237210765e+01,1.338666229519246720e+01
2.422406401829093880e+01,1.235588236203936319e+01
2.424406973420977351e+01,1.208267925008638244e+01
2.426407545012860822e+01,1.072051429351576246e+01
2.428408116604744293e+01,1.092216653485956002e+01
2.430408688196627764e+01,1.042993239414778728e+01
2.432409259788511235e+01,9.672286154425158600e+00
2.434409831380394706e+01,1.050332923791695450e+01
2.436410402972277822e+01,1.026516274175231302e+01
2.438410974564161293e+01,8.828917672441445319e+00
2.440411546156044409e+01,9.191003846078285022e+00
2.442412117747927880e+01,9.327847784226019456e+00
2.444412689339811351e+01,8.360398772435091885e+00
2.446413260931694822e+01,8.181583358588582655e+00
2.448413832523578293e+01,9.004837844383990486e+00
2.450414404115461764e+01,7.282445410124163132e+00
2.452414975707345235e+01,7.544035705706846784e+00
2.454415547299228351e+01,8.410502947367227478e+00
2.456416118891111822e+01,7.667489333061793033e+00
2.458416690482995293e+01,7.950957332829190705e+00
2.460417262074878408e+01,7.132776350175747737e+00
2.462417833666761879e+01,7.289277744459395691e+00
2.464418405258645350e+01,7.197959911763451402e+00
2.466418976850528821e+01,7.020363279831839165e+00
2.468419548442412292e+01,7.067419647433270669e+00
2.470420120034295763e+01,6.545281710269817310e+00
2.472420691626179234e+01,6.186041136877398650e+00
2.474421263218062350e+01,7.084853984804036386e+00
2.476421834809945821e+01,6.598268523638219918e+00
2.478422406401828937e+01,6.387933328360979601e+00
2.480422977993712408e+01,6.314569246801740476e+00
2.482423549585595879e+01,5.380900557168594389e+00
2.484424121177479350e+01,6.797026146247654665e+00
2.486424692769362821e+01,5.724049359853097485e+00
2.488425264361246292e+01,5.566821622635776734e+00
2.490425835953129763e+01,6.434134653630369627e+00
2.492426407545012879e+01,5.144388522025759691e+00
2.494426979136896350e+01,6.522838951232159843e+00
2.496427550728779821e+01,6.405143892829963548e+00
2.498428122320662936e+01,6.046518730323939828e+00
2.500428693912546407e+01,6.091648041819690107e+00
2.502429265504429878e+01,5.732502575028957992e+00
2.504429837096313349e+01,6.278700447760330761e+00
2.506430408688196820e+01,5.119661888020279328e+00
2.508430980280080291e+01,5.253928328364622757e+00
2.510431551871963762e+01,6.030431703352560291e+00
2.512432123463846878e+01,5.066167250502100927e+00
2.514432695055730349e+01,4.972691064330743593e+00
2.516433266647613465e+01,5.794434568921944972e+00
2.518433838239496936e+01,5.775519689268906021e+00
2.520434409831380407e+01,5.558402025062928686e+00
2.522434981423263878e+01,5.510489098112466344e+00
2.524435553015147349e+01,4.907223605371045849e+00
2.526436124607030820e+01,4.714656310420426877e+00
2.528436696198914291e+01,5.018709109302580629e+00
2.530437267790797407e+01,4.907823956377503016e+00
2.532437839382680878e+01,5.737359320336965496e+00
2.534438410974563993e+01,5.656776262997011528e+00
2.536438982566447464e+01,5.473406181960191574e+00
2.538439554158330935e+01,5.355560394099347477e+00
2.540440125750214406e+01,4.933511777548151400e+00
2.542440697342097877e+01,4.370807492149248574e+00
2.544441268933981348e+01,4.429845175367489674e+00
2.546441840525864819e+01,4.577859249816004450e+00
2.548442412117747935e+01,5.277040536489868927e+00
2.550442983709631406e+01,5.000594518037088321e+00
2.552443555301514877e+01,4.903143182783070486e+00
2.554444126893397993e+01,4.995062442661730273e+00
2.556444698485281464e+01,5.110985099986983471e+00
2.558445270077164935e+01,5.577580113613983315e+00
2.560445841669048406e+01,4.851699815977283947e+00
2.562446413260931877e+01,4.769623581090487008e+00
2.564446984852815348e+01,4.937435395962939566e+00
2.566447556444698819e+01,4.837626968442111597e+00
2.568448128036581934e+01,5.042489995036833150e+00
2.570448699628465405e+01,4.366676333919504494e+00
2.572449271220348521e+01,5.226757548589648472e+00
2.574449842812231992e+01,5.028049617802087923e+00
2.576450414404115463e+01,5.101637167945494156e+00
2.578450985995998934e+01,5.044398159528325820e+00
2.580451557587882405e+01,5.488362468045580478e+00
2.582452129179765876e+01,4.731825924689745833e+00
2.584452700771649347e+01,5.734253996456610381e+00
2.586453272363532463e+01,4.656649064909003322e+00
2.588453843955415934e+01,5.060235432929540700e+00
2.590454415547299405e+01,4.668227896168938962e+00
2.592454987139182521e+01,4.702324467613528292e+00
2.594455558731065992e+01,5.897271843638807631e+00
2.596456130322949463e+01,5.526626847533544939e+00
2.598456701914832934e+01,6.110722968987326809e+00
2.600457273506716405e+01,5.958910216101001467e+00
2.602457845098599520e+01,5.956343075520896591e+00
2.604458416690482991e+01,5.684953297739289368e+00
2.606458988282366462e+01,5.446434965265630090e+00
2.608459559874249933e+01,6.559219748365340052e+00
2.610460131466133404e+01,6.310906621250265580e+00
2.612460703058016520e+01,6.506390567916881196e+00
2.614461274649899991e+01,7.020160231631241032e+00
2.616461846241783462e+01,6.460501630893657143e+00
2.618462417833666933e+01,7.132412655883101138e+00
2.620462989425550404e+01,6.726244909400533878e+00
2.622463561017433520e+01,7.501786433566688395e+00
2.624464132609316991e+01,6.807194951735576538e+00
2.626464704201200462e+01,7.787290756338142828e+00
2.628465275793083933e+01,7.813914082122987992e+00
2.630465847384967049e+01,6.976276076296105799e+00
2.632466418976850520e+01,7.627850003565313841e+00
2.634466990568733991e+01,8.967478206259894336e+00
2.636467562160617462e+01,7.851603160814043747e+00
2.638468133752500933e+01,8.670053538754231681e+00
2.640468705344384048e+01,9.098909614141209801e+00
2.642469276936267519e+01,9.305441265283700858e+00
2.644469848528150990e+01,8.942840085926242466e+00
2.646470420120034461e+01,9.292001036838023253e+00
2.648470991711917932e+01,9.379177821185777475e+00
2.650471563303801048e+01,8.452019107670215803e+00
2.652472134895684519e+01,8.765428650885704442e+00
2.654472706487567990e+01,9.197462838397695961e+00
2.656473278079451461e+01,8.235407025729635677e+00
2.658473849671334932e+01,7.947078859695264619e+00
2.660474421263218048e+01,7.844902008543335192e+00
2.662474992855101519e+01,7.355946714172452161e+00
2.664475564446984990e+01,6.690061681609090094e+00
2.666476136038868461e+01,6.721190868753751602e+00
2.668476707630751577e+01,6.087745567085562470e+00
2.670477279222635048e+01,6.414210890997186887e+00
2.672477850814518519e+01,6.555887732944787771e+00
2.674478422406401990e+01,5.059985586828661397e+00
2.676478993998285461e+01,5.017535788928256579e+00
2.678479565590168576e+01,4.999077200732022774e+00
2.680480137182052047e+01,4.727503905983010846e+00
2.682480708773935518e+01,4.698182073932765768e+00
2.684481280365818989e+01,4.851408062153530487e+00
2.686481851957702460e+01,4.026328325077294323e+00
2.688482423549585576e+01,3.391305359416454834e+00
2.690482995141469047e+01,4.491639933589429035e+00
2.692483566733352518e+01,3.820948573850816210e+00
2.694484138325235989e+01,4.765453069830717148e+00
2.696484709917119105e+01,3.547574648563711630e+00
2.698485281509002576e+01,4.772557144193839918e+00
2.700485853100886047e+01,4.404034116736180948e+00
2.702486424692769518e+01,4.648251820100707477e+00
2.704486996284652989e+01,3.528780336704527620e+00
2.706487567876536104e+01,3.847180841410800411e+00
2.708488139468419575e+01,4.051886967851875632e+00
2.710488711060303046e+01,3.640915953227361168e+00
2.712489282652186517e+01,4.115455997036978175e+00
2.714489854244069988e+01,4.702286319636869827e+00
2.716490425835953104e+01,3.827333760561954179e+00
2.718490997427836575e+01,4.673159335248842083e+00
2.720491569019720046e+01,4.393002543537766869e+00
2.722492140611603517e+01,3.329457938724602606e+00
2.724492712203486633e+01,4.368918816607552102e+00
2.726493283795370104e+01,3.182239858253245401e+00
2.728493855387253575e+01,4.672294829134039595e+00
2.730494426979137046e+01,3.716415539056101114e+00
2.732494998571020517e+01,3.188208609279223893e+00
2.734495570162903633e+01,3.973996279165193712e+00
2.736496141754787104e+01,3.325239349740134465e+00
2.738496713346670575e+01,4.066333588787205855e+00
2.740497284938554046e+01,4.015682047186205139e+00
2.742497856530437517e+01,4.304751085517037446e+00
2.744498428122320632e+01,3.520636783691338145e+00
2.746498999714204103e+01,4.092199382706649402e+00
2.748499571306087574e+01,3.759476311005709892e+00
2.750500142897971045e+01,3.534469540392204401e+00
2.752500714489854516e+01,3.518899668153725457e+00
2.754501286081737632e+01,3.304925126878132779e+00
2.756501857673621103e+01,3.436751260873410097e+00
2.758502429265504574e+01,4.396506252420977923e+00
2.760503000857388045e+01,3.490413945830905806e+00
2.762503572449271161e+01,3.267138311224808689e+00
2.764504144041154632e+01,3.884744468134348594e+00
2.766504715633038103e+01,3.827725118640956659e+00
2.768505287224921574e+01,4.131160439372063564e+00
2.770505858816805045e+01,4.193554607546923663e+00
2.772506430408688161e+01,3.961474030931811718e+00
2.774507002000571632e+01,3.744812719923238831e+00
2.776507573592455103e+01,3.334056168658291686e+00
2.778508145184338574e+01,3.357785173676190560e+00
2.780508716776222045e+01,3.925619952839643378e+00
2.782509288368105160e+01,3.842290037627071886e+00
2.784509859959988631e+01,3.811877868951079051e+00
2.786510431551872102e+01,4.658760889673113859e+00
2.788511003143755573e+01,4.098939051399472788e+00
2.790511574735638689e+01,3.544102314151817534e+00
2.792512146327522160e+01,3.013021521994698304e+00
2.794512717919405631e+01,3.729923348842519193e+00
2.796513289511289102e+01,3.351816593811384859e+00
2.798513861103172573e+01,3.812968326184311696e+00
2.800514432695055689e+01,3.735822991386909209e+00
2.802515004286939160e+01,3.906490313456475238e+00
2.804515575878822631e+01,3.676008584207168362e+00
2.806516147470706102e+01,3.962190115909804966e+00
2.808516719062589573e+01,3.623029883884802071e+00
2.810517290654472689e+01,3.467394920437976147e+00
2.812517862246356160e+01,4.289392181841843232e+00
2.814518433838239631e+01,3.938131089213616320e+00
2.816519005430123102e+01,3.884277580470433477e+00
2.818519577022006217e+01,3.460350769931704207e+00
2.820520148613889688e+01,4.488552289708410470e+00
2.822520720205773159e+01,3.431630640852086245e+00
2.824521291797656630e+01,3.609694818046926823e+00
2.826521863389540101e+01,4.104967691623783388e+00
2.828522434981423217e+01,3.794237676192544484e+00
2.830523006573306688e+01,4.118660525438253117e+00
2.832523578165190159e+01,3.496785861069303891e+00
2.834524149757073630e+01,4.101217009276425074e+00
2.836524721348957101e+01,3.138509030105190334e+00
2.838525292940840217e+01,3.457150779013486108e+00
2.840525864532723688e+01,4.725610283641351828e+00
2.842526436124607159e+01,4.290718714776516229e+00
2.844527007716490630e+01,3.264863406943666835e+00
2.846527579308374101e+01,3.520752370072438353e+00
2.848528150900257216e+01,3.579420644658001471e+00
2.850528722492140687e+01,3.470692518163855489e+00
2.852529294084024158e+01,3.448029984864271036e+00
2.854529865675907629e+01,4.438239945746317083e+00
2.856530437267790745e+01,3.904726343016600154e+00
2.858531008859674216e+01,4.222915986303542368e+00
2.860531580451557687e+01,3.245905256478830658e+00
2.862532152043441158e+01,3.566350086908056660e+00
2.864532723635324629e+01,3.849222241393156274e+00
2.866533295227207745e+01,3.612790423722314515e+00
2.868533866819091216e+01,4.218840743435520402e+00
2.870534438410974687e+01,3.984684231192002102e+00
2.872535010002858158e+01,4.140626160841206271e+00
2.874535581594741629e+01,3.985532300278570084e+00
2.876536153186624745e+01,3.609177697314374100e+00
2.878536724778508216e+01,4.401266524209090925e+00
2.880537296370391687e+01,3.071137788399437962e+00
2.882537867962275158e+01,4.335333046842697158e+00
2.884538439554158273e+01,3.606312579601863355e+00
2.886539011146041744e+01,3.445795800018099264e+00
2.888539582737925215e+01,3.988798298688935873e+00
2.890540154329808686e+01,3.644778880876256899e+00
2.892540725921692157e+01,3.763786152474741797e+00
2.894541297513575273e+01,3.453769122797030633e+00
2.896541869105458744e+01,4.283187869764550015e+00
2.898542440697342215e+01,3.011752095751425884e+00
2.900543012289225686e+01,3.751945537136296416e+00
2.902543583881109157e+01,2.955358788247176349e+00
2.904544155472992273e+01,3.274460852066383154e+00
2.906544727064875744e+01,3.474585220321066537e+00
2.908545298656759215e+01,4.507468207442146380e+00
2.910545870248642686e+01,4.012588367329532169e+00
2.912546441840525802e+01,3.908174442371848301e+00
2.914547013432409273e+01,4.109041676684888955e+00
2.916547585024292744e+01,3.247631309255735843e+00
2.918548156616176215e+01,4.539140559444004630e+00
2.920548728208059686e+01,3.734137091943282805e+00
2.922549299799942801e+01,3.930121172607053293e+00
2.924549871391826272e+01,3.757932703075633540e+00
2.926550442983709743e+01,4.053756759645924745e+00
2.928551014575593214e+01,4.398184284846466952e+00
2.930551586167476685e+01,4.288216734636341343e+00
2.932552157759359801e+01,3.666695894912941789e+00
2.934552729351243272e+01,3.802590923738199180e+00
2.936553300943126743e+01,4.265998802920965005e+00
2.938553872535010214e+01,3.876244280134642395e+00
2.940554444126893330e+01,3.555351320396512804e+00
2.942555015718776801e+01,4.555880640949315108e+00
2.944555587310660272e+01,4.023442282084300992e+00
2.946556158902543743e+01,3.777176658679715970e+00
2.948556730494427214e+01,4.223900550157073219e+00
2.950557302086310330e+01,4.329875120264921051e+00
2.952557873678193801e+01,4.380406383004584292e+00
2.954558445270077272e+01,3.439294048033837647e+00
2.956559016861960743e+01,4.058500763309279336e+00
2.958559588453844214e+01,4.093251984327454629e+00
2.960560160045727329e+01,4.107426788197078515e+00
2.962560731637610800e+01,3.889469342779555472e+00
2.964561303229494271e+01,3.911640635755128770e+00
2.966561874821377742e+01,3.849593416890432440e+00
2.968562446413261213e+01,3.417315584014756435e+00
2.970563018005144329e+01,3.624155778506730652e+00
2.972563589597027800e+01,4.190955082075222826e+00
2.974564161188911271e+01,4.018885266247849586e+00
2.976564732780794742e+01,3.994695229824872573e+00
2.978565304372677858e+01,3.995628756021309513e+00
2.980565875964561329e+01,4.603180511991481261e+00
2.982566447556444800e+01,4.102823650861639138e+00
2.984567019148328271e+01,4.821260130367510222e+00
2.986567590740211742e+01,4.767234421932633026e+00
2.988568162332094857e+01,4.097596284599051231e+00
2.990568733923978328e+01,4.885339343236397625e+00
2.992569305515861799e+01,3.515923348638151147e+00
2.994569877107745270e+01,4.151195813698334014e+00
2.996570448699628741e+01,5.025032293553757690e+00
2.998571020291511857e+01,3.670145638182749082e+00
3.000571591883395328e+01,4.187172856239832264e+00
3.002572163475278799e+01,4.530987911580431238e+00
3.004572735067162270e+01,4.279884919886247197e+00
3.006573306659045386e+01,5.145787418999220542e+00
3.008573878250928857e+01,5.760871759080984589e+00
3.010574449842812328e+01,5.834304211540482399e+00
3.012575021434695799e+01,4.608692423106639957e+00
3.014575593026579270e+01,5.510891632632549886e+00
3.016576164618462386e+01,5.089663918645754848e+00
3.018576736210345857e+01,6.304088047779433879e+00
3.020577307802229328e+01,5.960255724206239947e+00
3.022577879394112799e+01,5.533084241719463670e+00
3.024578450985996270e+01,5.995673825138490898e+00
3.026579022577879385e+01,7.495503488610288478e+00
3.028579594169762856e+01,7.657504743396323477e+00
3.030580165761646327e+01,8.093894370326832899e+00
3.032580737353529798e+01,7.137379294031167554e+00
3.034581308945412914e+01,7.378270099656673686e+00
3.036581880537296385e+01,7.955115503005704802e+00
3.038582452129179856e+01,9.209515648060232706e+00
3.040583023721063327e+01,8.917323802337065786e+00
3.042583595312946798e+01,9.233791040430039843e+00
3.044584166904829914e+01,1.054085893114718608e+01
3.046584738496713385e+01,1.065297948057187583e+01
3.048585310088596856e+01,1.117505078968537902e+01
3.050585881680480327e+01,1.161573973201083199e+01
3.052586453272363798e+01,1.289555752391768095e+01
3.054587024864246914e+01,1.393091173540868333e+01
3.056587596456130385e+01,1.348266324996274967e+01
3.058588168048013856e+01,1.454116887071120345e+01
3.060588739639897327e+01,1.510966376929632915e+01
3.062589311231780798e+01,1.614305082100344535e+01
3.064589882823663913e+01,1.670132189476937512e+01
3.066590454415547384e+01,1.782765464028880942e+01
3.068591026007430855e+01,1.772495082289504609e+01
3.070591597599314326e+01,1.944523032340794799e+01
3.072592169191197442e+01,2.009101986059467038e+01
3.074592740783080913e+01,2.043363895912442629e+01
3.076593312374964384e+01,2.116520874216334747e+01
3.078593883966847855e+01,2.175768592734226914e+01
3.080594455558731326e+01,2.150421155657865668e+01
3.082595027150614442e+01,2.116187641743923820e+01
3.084595598742497913e+01,2.106309348724511565e+01
3.086596170334381384e+01,2.072645542521071960e+01
3.088596741926264855e+01,2.031110830549292245e+01
3.090597313518148326e+01,2.013142449355704144e+01
3.092597885110031442e+01,2.020727100262560327e+01
3.094598456701914913e+01,1.925726427023640497e+01
3.096599028293798384e+01,1.808100743012584388e+01
3.098599599885681855e+01,1.693564448938375833e+01
3.100600171477564970e+01,1.622106275002810349e+01
3.102600743069448441e+01,1.657974837336780283e+01
3.104601314661331912e+01,1.639733292929367892e+01
3.106601886253215383e+01,1.504251711402368841e+01
3.108602457845098854e+01,1.493988334437158727e+01
3.110603029436981970e+01,1.545776415816142269e+01
3.112603601028865441e+01,1.496857587312477023e+01
3.114604172620748912e+01,1.553453718702107800e+01
3.116604744212632383e+01,1.546144867647698362e+01
3.118605315804515854e+01,1.615148244792876397e+01
3.120605887396398970e+01,1.743466474948180789e+01
3.122606458988282441e+01,1.689605136301185340e+01
3.124607030580165912e+01,1.804215063095453431e+01
3.126607602172049383e+01,1.761352744524769776e+01
3.128608173763932498e+01,1.798300229384939897e+01
3.130608745355815969e+01,1.925788758733746775e+01
3.132609316947699440e+01,1.798458159412641066e+01
3.134609888539582911e+01,1.805648230939391397e+01
3.136610460131466382e+01,1.744412388970887307e+01
3.138611031723349498e+01,1.869455395729966085e+01
3.140611603315232969e+01,1.733517420334060688e+01
3.142612174907116440e+01,1.594817769682842368e+01
3.144612746498999911e+01,1.683412076557222647e+01
3.146613318090883382e+01,1.477357719781877599e+01
3.148613889682766498e+01,1.461103772384248067e+01
3.150614461274649969e+01,1.243993283489835910e+01
3.152615032866533440e+01,1.238142281048413373e+01
3.154615604458416911e+01,1.068520600900019701e+01
3.156616176050300382e+01,1.039603963153754584e+01
3.158616747642183498e+01,9.107000505561355652e+00
3.160617319234066969e+01,8.013482029941718210e+00
3.162617890825950440e+01,7.632711909604799061e+00
3.164618462417833911e+01,8.105166496151339217e+00
3.166619034009717026e+01,6.191508033594331550e+00
3.168619605601600497e+01,6.548410934252350657e+00
3.170620177193483968e+01,6.128195277437288979e+00
3.172620748785367439e+01,5.554294180153556582e+00
3.174621320377250910e+01,6.091012923044697658e+00
3.176621891969134026e+01,6.298520601416043974e+00
3.178622463561017497e+01,5.596901963001171154e+00
3.180623035152900968e+01,5.848776162459246919e+00
3.182623606744784439e+01,4.673829786962510724e+00
3.184624178336667910e+01,5.477492974535708825e+00
3.186624749928551026e+01,5.611834648279385718e+00
3.188625321520434497e+01,4.892932552060960560e+00
3.190625893112317968e+01,5.762979801219575648e+00
3.192626464704201439e+01,5.012114989208496851e+00
3.194627036296084555e+01,4.752819511756436910e+00
3.196627607887968026e+01,5.341254925869497683e+00
3.198628179479851497e+01,5.195714565607572055e+00
3.200628751071734968e+01,5.064873417690042068e+00
3.202629322663618439e+01,5.963003291183114563e+00
3.204629894255501199e+01,5.329089332590474903e+00
3.206630465847385381e+01,5.998437320131234429e+00
3.208631037439268141e+01,6.137538327922658965e+00
3.210631609031152323e+01,5.523009506279299430e+00
3.212632180623035083e+01,6.050997223130402780e+00
3.214632752214918554e+01,5.632411864557717252e+00
3.216633323806802025e+01,5.920986875334476096e+00
3.218633895398685496e+01,5.744509654184997594e+00
3.220634466990568967e+01,5.040355057919974513e+00
3.222635038582451728e+01,6.040393324613155812e+00
3.224635610174335909e+01,5.643651359730258221e+00
3.226636181766218670e+01,6.057759903635075993e+00
3.228636753358102851e+01,6.015625995855087282e+00
3.230637324949985612e+01,5.933986321677213738e+00
3.232637896541869083e+01,6.322257585227785803e+00
3.234638468133752554e+01,5.412715013700264421e+00
3.236639039725636025e+01,6.030046619127227281e+00
3.238639611317519496e+01,5.857960914981473088e+00
3.240640182909402967e+01,6.724482088157347270e+00
3.242640754501286438e+01,5.978977875466733316e+00
3.244641326093169198e+01,6.797335517464855315e+00
3.246641897685053380e+01,6.724634799639373384e+00
3.248642469276936140e+01,6.727508883081775082e+00
3.250643040868819611e+01,6.582636410115516590e+00
3.252643612460703082e+01,7.504156290605310531e+00
3.254644184052586553e+01,7.867769910099386088e+00
3.256644755644470024e+01,7.346026341844082097e+00
3.258645327236353495e+01,7.698292446291952196e+00
3.260645898828236966e+01,7.269878664557868575e+00
3.262646470420119726e+01,7.846332924998248970e+00
3.264647042012003908e+01,8.958261798827910738e+00
3.266647613603886668e+01,8.380874278709923075e+00
3.268648185195770850e+01,9.509556745119146726e+00
3.270648756787653610e+01,9.261508446800167604e+00
3.272649328379537081e+01,9.772853957423080828e+00
3.274649899971420552e+01,9.141192662955434756e+00
3.276650471563304023e+01,9.800440015144850747e+00
3.278651043155187494e+01,1.032115348567621993e+01
3.280651614747070255e+01,9.995727747029697241e+00
3.282652186338954436e+01,1.004639949946678890e+01
3.284652757930837197e+01,1.038681095104456809e+01
3.286653329522721378e+01,1.119605798866374258e+01
3.288653901114604139e+01,1.171587709161437729e+01
3.290654472706487610e+01,1.217127410295680789e+01
3.292655044298371081e+01,1.317349090638542286e+01
3.294655615890254552e+01,1.352724510347832521e+01
3.296656187482138023e+01,1.380743456669113556e+01
3.298656759074020783e+01,1.438377059560164284e+01
3.300657330665904965e+01,1.572996675507025088e+01
3.302657902257787725e+01,1.515372637096297126e+01
3.304658473849671907e+01,1.621321104293597415e+01
3.306659045441554667e+01,1.762877423241711128e+01
3.308659617033438138e+01,1.837115179054090675e+01
3.310660188625321609e+01,1.802332249934498165e+01
3.312660760217205080e+01,1.902790489103789895e+01
3.314661331809088551e+01,1.922535954143940273e+01
3.316661903400971312e+01,2.116238367738945669e+01
3.318662474992855493e+01,2.224898920807903124e+01
3.320663046584738254e+01,2.270887804486998363e+01
3.322663618176622435e+01,2.355129525646040278e+01
3.324664189768505196e+01,2.454454384830143709e+01
3.326664761360388667e+01,2.516227629179354253e+01
3.328665332952272138e+01,2.644107568688642118e+01
3.330665904544155609e+01,2.719324770039066408e+01
3.332666476136039080e+01,2.799274217826219058e+01
3.334667047727922551e+01,2.823475168865900287e+01
3.336667619319806022e+01,3.001146643576759487e+01
3.338668190911688782e+01,3.098951567486827940e+01
3.340668762503572964e+01,3.113017372955467721e+01
3.342669334095455724e+01,3.318463393100762460e+01
3.344669905687339195e+01,3.268176961327600338e+01
3.346670477279222666e+01,3.409801696779060620e+01
3.348671048871106137e+01,3.541708616335459681e+01
3.350671620462989608e+01,3.582964355299889547e+01
3.352672192054873079e+01,3.669120833849634522e+01
3.354672763646756550e+01,3.708950663402577419e+01
3.356673335238639311e+01,3.694530698570899574e+01
3.358673906830523492e+01,3.738849771679127798e+01
3.360674478422406253e+01,3.834812093346494066e+01
3.362675050014290434e+01,3.801927989399185748e+01
3.364675621606173195e+01,3.792853702179230169e+01
3.366676193198056666e+01,3.838617788267525555e+01
3.368676764789940137e+01,3.870219655704833173e+01
3.370677336381823608e+01,3.802852893210853580e+01
3.372677907973707079e+01,3.809647311408529902e+01
3.374678479565589839e+01,3.793357142791974468e+01
3.376679051157474021e+01,3.727302691688689151e+01
3.378679622749356781e+01,3.694960995049201813e+01
3.380680194341240963e+01,3.646778817208408441e+01
3.382680765933123723e+01,3.492128098049028750e+01
3.384681337525007194e+01,3.489091383759461706e+01
3.386681909116890665e+01,3.363618068297630259e+01
3.388682480708774136e+01,3.280210166889030887e+01
3.390683052300657607e+01,3.173653922577563691e+01
3.392683623892540368e+01,3.032378601036685595e+01
3.394684195484424549e+01,3.022578003418620796e+01
3.396684767076307310e+01,2.866783068699514558e+01
3.398685338668191491e+01,2.806035773943051481e+01
3.400685910260074252e+01,2.695818422315906204e+01
3.402686481851957723e+01,2.482528389208188102e+01
3.404687053443841194e+01,2.450170194098123844e+01
3.406687625035724665e+01,2.315603880023185468e+01
3.408688196627608136e+01,2.189959728167464803e+01
3.410688768219490896e+01,2.121799581292594539e+01
3.412689339811375078e+01,2.007305044077804013e+01
3.414689911403257838e+01,1.944847451401287586e+01
3.416690482995142020e+01,1.800539417788352381e+01
3.418691054587024780e+01,1.793341408554904248e+01
3.420691626178908251e+01,1.692720867600482748e+01
3.422692197770791722e+01,1.600693928575107350e+01
3.424692769362675193e+01,1.511059868847005916e+01
3.426693340954558664e+01,1.490772574921019888e+01
3.428693912546442135e+01,1.428222578499665474e+01
3.430694484138325606e+01,1.366767485722604469e+01
3.432695055730208367e+01,1.357997412585482522e+01
3.434695627322092548e+01,1.197064137061459377e+01
3.436696198913975309e+01,1.194835087081288982e+01
3.438696770505858780e+01,1.183064700999726782e+01
3.440697342097742251e+01,1.124875415390327404e+01
3.442697913689625722e+01,1.020934689520286831e+01
3.444698485281509193e+01,1.109194873460464059e+01
3.446699056873392664e+01,1.085971240854796882e+01
3.448699628465276135e+01,9.155686415221946817e+00
3.450700200057158895e+01,9.768526460751456142e+00
3.452700771649043077e+01,8.863996356177910485e+00
3.454701343240925837e+01,8.588867791785048666e+00
3.456701914832810019e+01,8.811538383865370250e+00
3.458702486424692779e+01,8.197150876225306249e+00
3.460703058016576250e+01,7.793384291864335012e+00
3.462703629608459721e+01,7.329315542880266321e+00
3.464704201200343192e+01,7.992592776726318959e+00
3.466704772792226663e+01,7.678322084447378515e+00
3.468705344384109424e+01,6.629788348039635792e+00
3.470705915975993605e+01,7.252130082745109618e+00
3.472706487567876366e+01,7.645267912629243767e+00
3.474707059159760547e+01,7.030518280654511010e+00
3.476707630751643308e+01,7.141427500176648735e+00
3.478708202343526779e+01,6.696572898887394487e+00
3.480708773935410250e+01,6.958917670229095798e+00
3.482709345527293721e+01,6.118645793403333144e+00
3.484709917119177192e+01,6.644494687116313969e+00
3.486710488711059952e+01,5.975317359043241794e+00
3.488711060302944134e+01,6.262078642399831807e+00
3.490711631894826894e+01,5.811510934585703225e+00
3.492712203486711076e+01,6.223273549900126156e+00
3.494712775078593836e+01,5.671844507710917860e+00
3.496713346670477307e+01,5.939932427644427193e+00
3.498713918262360778e+01,5.387588930963231881e+00
3.500714489854244249e+01,5.684792484644329846e+00
3.502715061446127720e+01,5.217768408100159405e+00
3.504715633038010481e+01,5.210753214881322926e+00
3.506716204629894662e+01,5.093103473041875162e+00
3.508716776221777423e+01,5.814063726197981730e+00
3.510717347813661604e+01,4.791424289279119897e+00
3.512717919405544365e+01,5.613216328152347501e+00
3.514718490997427836e+01,4.865977993904176735e+00
3.516719062589311307e+01,4.767568600981436866e+00
3.518719634181194778e+01,5.387190566640519762e+00
3.520720205773078249e+01,4.524880039934879861e+00
3.522720777364961720e+01,4.893495559969913700e+00
3.524721348956845191e+01,5.219923571435414189e+00
3.526721920548727951e+01,4.896063543662036999e+00
3.528722492140612133e+01,4.795207384997799416e+00
3.530723063732494893e+01,5.274218009103257110e+00
3.532723635324378364e+01,4.863934301309924990e+00
3.534724206916261835e+01,4.945775807119594525e+00
3.536724778508145306e+01,5.633977101415400313e+00
3.538725350100028777e+01,5.048559649830360208e+00
3.540725921691912248e+01,4.706541666225510845e+00
3.542726493283795719e+01,4.554058979287880504e+00
3.544727064875678479e+01,5.501682180838164626e+00
3.546727636467562661e+01,4.669775490608815360e+00
3.548728208059445421e+01,4.454047443208803969e+00
3.550728779651329603e+01,4.392536274945133101e+00
3.552729351243212363e+01,4.104646172219602818e+00
3.554729922835095834e+01,5.341982747894681083e+00
3.556730494426979305e+01,4.937907751129067435e+00
3.558731066018862776e+01,5.191309325833118216e+00
3.560731637610746247e+01,5.439312768517686081e+00
3.562732209202629008e+01,4.160471685815396725e+00
3.564732780794513189e+01,3.859706012290776034e+00
3.566733352386395950e+01,4.784640293063907812e+00
3.568733923978280131e+01,4.611634069220776233e+00
3.570734495570162892e+01,4.776142436994925689e+00
3.572735067162046363e+01,4.229677728666714209e+00
3.574735638753929834e+01,4.937037160485819420e+00
3.576736210345813305e+01,4.303670140447875880e+00
3.578736781937696776e+01,5.330833927008725048e+00
3.580737353529579536e+01,5.019536883905193925e+00
3.582737925121463718e+01,4.694371365559912412e+00
3.584738496713346478e+01,4.571619014405688297e+00
3.586739068305230660e+01,4.533138758787857547e+00
3.588739639897113420e+01,4.956470159094035211e+00
3.590740211488996891e+01,5.002721791547444674e+00
3.592740783080880362e+01,4.751975424165165052e+00
3.594741354672763833e+01,4.072792410920763828e+00
3.596741926264647304e+01,4.691416539460835367e+00
3.598742497856530065e+01,4.729745436466778585e+00
3.600743069448414246e+01,4.689155001630981090e+00
3.602743641040297007e+01,4.402502894479860984e+00
3.604744212632181188e+01,4.204227217342157985e+00
3.606744784224063949e+01,4.911319742987082293e+00
3.608745355815947420e+01,5.765239063369755002e+00
3.610745927407830891e+01,5.079333979655837439e+00
3.612746498999714362e+01,4.713073463926219731e+00
3.614747070591597833e+01,4.893818663053075113e+00
3.616747642183481304e+01,4.884359478582911862e+00
3.618748213775364775e+01,6.248967000766003643e+00
3.620748785367247535e+01,5.255009406615076983e+00
3.622749356959131717e+01,6.203786673151014952e+00
3.624749928551014477e+01,6.551591423748694076e+00
3.626750500142897948e+01,5.847858966439358319e+00
3.628751071734781419e+01,7.220214523800979833e+00
3.630751643326664890e+01,7.489996967589018340e+00
3.632752214918548361e+01,8.092084059092252701e+00
3.634752786510431832e+01,7.784508691879512554e+00
3.636753358102315303e+01,7.883082198063075197e+00
3.638753929694198064e+01,8.060258734079736698e+00
3.640754501286082245e+01,9.173003220284003945e+00
3.642755072877965006e+01,8.469101583119023502e+00
3.644755644469849187e+01,9.741877409545656619e+00
3.646756216061731948e+01,1.053930411404849821e+01
3.648756787653615419e+01,1.061700773017295063e+01
3.650757359245498890e+01,1.076679693057547027e+01
3.652757930837382361e+01,1.268448946775975550e+01
3.654758502429265832e+01,1.336391976934405434e+01
3.656759074021148592e+01,1.310921464570342110e+01
3.658759645613032774e+01,1.402889417244395887e+01
3.660760217204915534e+01,1.463254047865747687e+01
3.662760788796799716e+01,1.579534937814014661e+01
3.664761360388682476e+01,1.606228191993703192e+01
3.666761931980565947e+01,1.742600301332712220e+01
3.668762503572449418e+01,1.800539710923196068e+01
3.670763075164332889e+01,1.849019520737978795e+01
3.672763646756216360e+01,1.950894142131360809e+01
3.674764218348099121e+01,2.009299185448475455e+01
3.676764789939983302e+01,2.103281997770377743e+01
3.678765361531866063e+01,2.171496033114538449e+01
3.680765933123750244e+01,2.294782587788728279e+01
3.682766504715633005e+01,2.278722143935726763e+01
3.684767076307516476e+01,2.322072428093282070e+01
3.686767647899399947e+01,2.418560582178115581e+01
3.688768219491283418e+01,2.484657886683933725e+01
3.690768791083166889e+01,2.606137211630791839e+01
3.692769362675049649e+01,2.611500850181553091e+01
3.694769934266933831e+01,2.753478311494084352e+01
3.696770505858816591e+01,2.820633949691186260e+01
3.698771077450700773e+01,2.901588083619517278e+01
3.700771649042583533e+01,3.022917752904983146e+01
3.702772220634467004e+01,3.178110244052582800e+01
3.704772792226350475e+01,3.356067425967422935e+01
3.706773363818233946e+01,3.548467056409670306e+01
3.708773935410117417e+01,3.702098561799921583e+01
3.710774507002000888e+01,3.970468911535912326e+01
3.712775078593884359e+01,4.158574161245017109e+01
3.714775650185767120e+01,4.390056159143303205e+01
3.716776221777651301e+01,4.645235534912797704e+01
3.718776793369534062e+01,4.792223844026595003e+01
3.720777364961417533e+01,4.910566494992006881e+01
3.722777936553301004e+01,5.062187346334177107e+01
3.724778508145184475e+01,5.128925096135773742e+01
3.726779079737067946e+01,5.114177112481945642e+01
3.728779651328951417e+01,5.079414277602739247e+01
3.730780222920834888e+01,4.967342621735078723e+01
3.732780794512717648e+01,4.852208931921367707e+01
3.734781366104601830e+01,4.578376320131289390e+01
3.736781937696484590e+01,4.207346974120584804e+01
3.738782509288368772e+01,3.998505074650443447e+01
3.740783080880251532e+01,3.571139147386247004e+01
3.742783652472135003e+01,3.257786233203216142e+01
3.744784224064018474e+01,2.883378856881886421e+01
3.746784795655901945e+01,2.557544187769725852e+01
3.748785367247785416e+01,2.195994578965586186e+01
3.750785938839668177e+01,1.904350292361975150e+01
3.752786510431552358e+01,1.577479565935606232e+01
3.754787082023435119e+01,1.371066147500464893e+01
3.756787653615319300e+01,1.199052091437410006e+01
3.758788225207202061e+01,1.067049436641175397e+01
3.760788796799085532e+01,9.897879936921912147e+00
3.762789368390969003e+01,9.205618119601696847e+00
3.764789939982852474e+01,7.280598656755566722e+00
3.766790511574735945e+01,7.238010477586554359e+00
3.768791083166618705e+01,6.881714132174854726e+00
3.770791654758502887e+01,5.726856703699756856e+00
3.772792226350385647e+01,5.568189364432507560e+00
3.774792797942269829e+01,4.889141346552036360e+00
3.776793369534152589e+01,4.533624162867606167e+00
3.778793941126036060e+01,4.825711588295872545e+00
3.780794512717919531e+01,5.057191724952338596e+00
3.782795084309803002e+01,4.918688559891640999e+00
3.784795655901686473e+01,4.658541034380211165e+00
3.786796227493569234e+01,4.447205839092840840e+00
3.788796799085453415e+01,5.359877246359078917e+00
3.790797370677336176e+01,4.407284190927956757e+00
3.792797942269220357e+01,4.281488411749041489e+00
3.794798513861103118e+01,5.088490376814839955e+00
3.796799085452986589e+01,4.748572327330800924e+00
3.798799657044870060e+01,3.696729338294071354e+00
3.800800228636753531e+01,4.576461280789918540e+00
3.802800800228637002e+01,4.880092159993339784e+00
3.804801371820520473e+01,3.690618465699298856e+00
3.806801943412403944e+01,3.840871535399960290e+00
3.808802515004286704e+01,4.444950278846016900e+00
3.810803086596170886e+01,4.803904696300847377e+00
3.812803658188053646e+01,4.084327974631237979e+00
3.814804229779937117e+01,3.562152264204959007e+00
3.816804801371820588e+01,3.952353633158476320e+00
3.818805372963704059e+01,4.738176432686580952e+00
3.820805944555587530e+01,4.039775198055366445e+00
3.822806516147471001e+01,4.421595352432818871e+00
3.824807087739354472e+01,4.666041082830227005e+00
3.826807659331237232e+01,4.171954121845120156e+00
3.828808230923121414e+01,4.358750828041882741e+00
3.830808802515004174e+01,3.792053588122640484e+00
3.832809374106888356e+01,4.467296163890219773e+00
3.834809945698771116e+01,4.250569693544163918e+00
3.836810517290654587e+01,3.372340462869609201e+00
3.838811088882538058e+01,4.215763894423728786e+00
3.840811660474421529e+01,3.657604741342667776e+00
3.842812232066305000e+01,3.632212958554579707e+00
3.844812803658187761e+01,4.361702582327248834e+00
3.846813375250071942e+01,4.607153390971125972e+00
3.848813946841954703e+01,4.035964116667980051e+00
3.850814518433838884e+01,3.307477622293470976e+00
3.852815090025721645e+01,4.172175896349022750e+00
3.854815661617605116e+01,4.651739384604541172e+00
3.856816233209488587e+01,4.400527196884293168e+00
3.858816804801372058e+01,3.267299291828792196e+00
3.860817376393255529e+01,4.544574381733186286e+00
3.862817947985138289e+01,4.808672322150152389e+00
3.864818519577022471e+01,3.949491356488549876e+00
3.866819091168905231e+01,3.921388198794395485e+00
3.868819662760789413e+01,3.719133034200762022e+00
3.870820234352672173e+01,4.098907397504948591e+00
3.872820805944555644e+01,3.660680388278350073e+00
3.874821377536439115e+01,4.438362392520661892e+00
3.876821949128322586e+01,4.537101807751179550e+00
3.878822520720206057e+01,3.588742714862657834e+00
3.880823092312088818e+01,4.039527241419770043e+00
3.882823663903972999e+01,4.310183365790154930e+00
3.884824235495855760e+01,4.165725339232446700e+00
3.886824807087739941e+01,3.454482469542885958e+00
3.888825378679622702e+01,3.511988322296575316e+00
3.890825950271506173e+01,3.999675760216019338e+00
3.892826521863389644e+01,4.382510348876589745e+00
3.894827093455273115e+01,4.238509654394538195e+00
3.896827665047156586e+01,4.535025955989453017e+00
3.898828236639040057e+01,4.540302348425516499e+00
3.900828808230923528e+01,3.947556331039954181e+00
3.902829379822806288e+01,4.227259354851929274e+00
3.904829951414690470e+01,4.566160851400006493e+00
3.906830523006573230e+01,4.360531117029570858e+00
3.908831094598456701e+01,5.043123260529309704e+00
3.910831666190340172e+01,4.246355103058199632e+00
3.912832237782223643e+01,4.445095894272538928e+00
3.914832809374107114e+01,4.329836519037988829e+00
3.916833380965990585e+01,4.800385336212958265e+00
3.918833952557874056e+01,4.832593172389488601e+00
3.920834524149756817e+01,4.671270165289138632e+00
3.922835095741640998e+01,5.544663797923317539e+00
3.924835667333523759e+01,4.630107785751304661e+00
3.926836238925407940e+01,5.758765682460414759e+00
3.928836810517290701e+01,5.898836922905643654e+00
3.930837382109174172e+01,5.572795240663522165e+00
3.932837953701057643e+01,5.444765555097109910e+00
3.934838525292941114e+01,7.203079898794631397e+00
3.936839096884824585e+01,6.984109085818883678e+00
3.938839668476707345e+01,7.003303649764815120e+00
3.940840240068591527e+01,7.358196935505267433e+00
3.942840811660474287e+01,8.293447896125289986e+00
3.944841383252358469e+01,8.194745995769434188e+00
3.946841954844241229e+01,9.035407832417037710e+00
3.948842526436124700e+01,8.995887375560737809e+00
3.950843098028008171e+01,1.044632357059494510e+01
3.952843669619891642e+01,1.026149990637098242e+01
3.954844241211775113e+01,1.110513179191050170e+01
3.956844812803657874e+01,1.163425277349884190e+01
3.958845384395542055e+01,1.193378344704129290e+01
3.960845955987424816e+01,1.284418811004872296e+01
3.962846527579308997e+01,1.382963446526025564e+01
3.964847099171191758e+01,1.434984326196916626e+01
3.966847670763075229e+01,1.504667839437636090e+01
3.968848242354958700e+01,1.611131379070678804e+01
3.970848813946842171e+01,1.579167469246410782e+01
3.972849385538725642e+01,1.664142741634538325e+01
3.974849957130608402e+01,1.718443275231968315e+01
3.976850528722492584e+01,1.742523087253266922e+01
3.978851100314375344e+01,1.693558142082694573e+01
3.980851671906259526e+01,1.714871929914595228e+01
3.982852243498142286e+01,1.641772466361248206e+01
3.984852815090025757e+01,1.557325522695416531e+01
3.986853386681909228e+01,1.503207934854968286e+01
3.988853958273792699e+01,1.426308928072677062e+01
3.990854529865676170e+01,1.318837954652400946e+01
3.992855101457559641e+01,1.254567727741109096e+01
3.994855673049443112e+01,1.193094272897711150e+01
3.996856244641325873e+01,1.129271547394779773e+01
3.998856816233210054e+01,9.301840509941657231e+00
4.000857387825092815e+01,9.158696749502759360e+00
4.002857959416976286e+01,8.621092965249161466e+00
4.004858531008859757e+01,7.514203230833917502e+00
4.006859102600743228e+01,7.299210988693316082e+00
4.008859674192626699e+01,6.882421275073390632e+00
4.010860245784510170e+01,6.996135599116258597e+00
4.012860817376393641e+01,6.670825089672550945e+00
4.014861388968276401e+01,6.008368872062984423e+00
4.016861960560160583e+01,6.595445845361263437e+00
4.018862532152043343e+01,6.164289133811266197e+00
4.020863103743927525e+01,5.920198772567894174e+00
4.022863675335810285e+01,5.648216922774221160e+00
4.024864246927693756e+01,6.612263316051818052e+00
4.026864818519577227e+01,6.597878798364843256e+00
4.028865390111460698e+01,5.925157533110990471e+00
4.030865961703344169e+01,5.716566367276785243e+00
4.032866533295226930e+01,6.261744317222923684e+00
4.034867104887111111e+01,6.789357400293294376e+00
4.036867676478993872e+01,6.903777999584421288e+00
4.038868248070878053e+01,7.459004033869733874e+00
4.040868819662760814e+01,6.510672112836168424e+00
4.042869391254644285e+01,7.234837739195768336e+00
4.044869962846527756e+01,7.711995093434749649e+00
4.046870534438411227e+01,7.777914479247591828e+00
4.048871106030294698e+01,7.800504489960840004e+00
4.050871677622177458e+01,7.753135554290164322e+00
4.052872249214061640e+01,8.480198916709383639e+00
4.054872820805944400e+01,9.031151243099497350e+00
4.056873392397828582e+01,8.723115499468748979e+00
4.058873963989711342e+01,9.254293883176268665e+00
4.060874535581594813e+01,9.447784252782433612e+00
4.062875107173478284e+01,1.026695091051580810e+01
4.064875678765361755e+01,9.559174397488089170e+00
4.066876250357245226e+01,1.048905780043664748e+01
4.068876821949127986e+01,1.079033069870426154e+01
4.070877393541012168e+01,1.103197131640207296e+01
4.072877965132894929e+01,1.120642844081853085e+01
4.074878536724779110e+01,1.145179917238709244e+01
4.076879108316661871e+01,1.186769093384921092e+01
4.078879679908545342e+01,1.356032543171576421e+01
4.080880251500428813e+01,1.272771940845326988e+01
4.082880823092312284e+01,1.361200116367633051e+01
4.084881394684195755e+01,1.361288702846544041e+01
4.086881966276079226e+01,1.406347275801322105e+01
4.088882537867962697e+01,1.502073400492025357e+01
4.090883109459845457e+01,1.567858084276005393e+01
4.092883681051729639e+01,1.589154364828005583e+01
4.094884252643612399e+01,1.652519037871118357e+01
4.096884824235495870e+01,1.688859069276232105e+01
4.098885395827379341e+01,1.725959880845431371e+01
4.100885967419262812e+01,1.756895143360177158e+01
4.102886539011146283e+01,1.837460839630382026e+01
4.104887110603029754e+01,1.773860463949887389e+01
4.106887682194913225e+01,1.881298557992180065e+01
4.108888253786795985e+01,1.830516573658648127e+01
4.110888825378680167e+01,1.911066523407523476e+01
4.112889396970562927e+01,1.903900732303924315e+01
4.114889968562447109e+01,1.954062519240596174e+01
4.116890540154329869e+01,1.975458156072477323e+01
4.118891111746213340e+01,1.940068034604013292e+01
4.120891683338096811e+01,2.003436524368291316e+01
4.122892254929980282e+01,2.016469629715692946e+01
4.124892826521863753e+01,1.927795529610910563e+01
4.126893398113746514e+01,2.006886154879280681e+01
4.128893969705630695e+01,1.937741289927343402e+01
4.130894541297513456e+01,1.916516011627065552e+01
4.132895112889397637e+01,1.909135403719070467e+01
4.134895684481280398e+01,1.932869906236781787e+01
4.136896256073163869e+01,1.840044997852456987e+01
4.138896827665047340e+01,1.754489902051053463e+01
4.140897399256930811e+01,1.735400189842796337e+01
4.142897970848814282e+01,1.652547160662987125e+01
4.144898542440697042e+01,1.621241210686559597e+01
4.146899114032581224e+01,1.584893186631540907e+01
4.148899685624463984e+01,1.507512513995883729e+01
4.150900257216348166e+01,1.479739623835452988e+01
4.152900828808230926e+01,1.351155747699520937e+01
4.154901400400114397e+01,1.288787602841763302e+01
4.156901971991997868e+01,1.332084048431123691e+01
4.158902543583881339e+01,1.297630549449666582e+01
4.160903115175764810e+01,1.199367544222510773e+01
4.162903686767647571e+01,1.178025036884141663e+01
4.164904258359531752e+01,1.136299549913643503e+01
4.166904829951414513e+01,1.028266335385346864e+01
4.168905401543298694e+01,1.003644844301500605e+01
4.170905973135181455e+01,9.686275652576808781e+00
4.172906544727064926e+01,9.234550101354628282e+00
4.174907116318948397e+01,8.749520126391050923e+00
4.176907687910831868e+01,8.741693973554365726e+00
4.178908259502715339e+01,8.088302122319250387e+00
4.180908831094598810e+01,8.247145602014835930e+00
4.182909402686482281e+01,7.434985723246320788e+00
4.184909974278365041e+01,7.140003700430962219e+00
4.186910545870249223e+01,6.913672598137372560e+00
4.188911117462131983e+01,7.039166678242793296e+00
4.190911689054015454e+01,6.898289982242019391e+00
4.192912260645898925e+01,6.638315474185001008e+00
4.194912832237782396e+01,6.412098590585454616e+00
4.196913403829665867e+01,6.625714082099399604e+00
4.198913975421549338e+01,6.734870816849678477e+00
4.200914547013432809e+01,6.753261741601079393e+00
4.202915118605316280e+01,5.727175843444891612e+00
4.204915690197199041e+01,6.075699662981412175e+00
4.206916261789082512e+01,5.422549427834102431e+00
4.208916833380965983e+01,4.959118220585064130e+00
4.210917404972849454e+01,5.925914020687831574e+00
4.212917976564732925e+01,5.852776733009291021e+00
4.214918548156616396e+01,5.854313268687684868e+00
4.216919119748499867e+01,5.502149016249291869e+00
4.218919691340383338e+01,5.219842506920322478e+00
4.220920262932266809e+01,5.219766001620214091e+00
4.222920834524150280e+01,4.849499205763025955e+00
4.224921406116033040e+01,4.514558374357294568e+00
4.226921977707916511e+01,5.221640873164227870e+00
4.228922549299799982e+01,5.240776095351074026e+00
4.230923120891683453e+01,4.245411328822379815e+00
4.232923692483566924e+01,4.726358157125225112e+00
4.234924264075450395e+01,5.183684096789159312e+00
4.236924835667333866e+01,5.045561903522658653e+00
4.238925407259217337e+01,3.964959019180689825e+00
4.240925978851100808e+01,4.666519766436524108e+00
4.242926550442983569e+01,4.804849015947035618e+00
4.244927122034867040e+01,3.941688377470508264e+00
4.246927693626750511e+01,3.735062577518064586e+00
4.248928265218633982e+01,4.283249742410323968e+00
4.250928836810517453e+01,3.919667250004432724e+00
4.252929408402400924e+01,4.582743510897951289e+00
4.254929979994284395e+01,4.957807416266357237e+00
4.256930551586167866e+01,4.170928654036817562e+00
4.258931123178051337e+01,4.610325257373820484e+00
4.260931694769934097e+01,4.620258746250938131e+00
4.262932266361817568e+01,3.852855074883192010e+00
4.264932837953701039e+01,4.353117049408654182e+00
4.266933409545584510e+01,4.516501476091617562e+00
4.268933981137467981e+01,4.348916245308059203e+00
4.270934552729351452e+01,4.389417671279670863e+00
4.272935124321234923e+01,3.618440170125077238e+00
4.274935695913118394e+01,4.802436041823799684e+00
4.276936267505001865e+01,4.080427056972352418e+00
4.278936839096885336e+01,3.965815038520848379e+00
4.280937410688768097e+01,3.853822098474152469e+00
4.282937982280651568e+01,3.431250178752669910e+00
4.284938553872535039e+01,4.251814422228136436e+00
4.286939125464418510e+01,4.035389674804664040e+00
4.288939697056301981e+01,3.974278173520002788e+00
4.290940268648185452e+01,4.366091985985309343e+00
4.292940840240068923e+01,3.832520771689110539e+00
4.294941411831952394e+01,3.558720971946774725e+00
4.296941983423835865e+01,4.545774862557417251e+00
4.298942555015718625e+01,4.324941669508550746e+00
4.300943126607602096e+01,3.765413722060080737e+00
4.302943698199485567e+01,3.955992146080746785e+00
4.304944269791369038e+01,3.442073917319787846e+00
4.306944841383252509e+01,3.612013770087197706e+00
4.308945412975135980e+01,4.155911842540405132e+00
4.310945984567019451e+01,3.997893066375444615e+00
4.312946556158902922e+01,3.142159346295257727e+00
4.314947127750786393e+01,3.673866620866223620e+00
4.316947699342669864e+01,4.042774297352451640e+00
4.318948270934552625e+01,3.882453456498879518e+00
4.320948842526436096e+01,3.844676566098470083e+00
4.322949414118319567e+01,3.898870639434711016e+00
4.324949985710203038e+01,3.428964496627604497e+00
4.326950557302086509e+01,4.182722860339014304e+00
4.328951128893969980e+01,3.849514493041976237e+00
4.330951700485853451e+01,3.872511873165356278e+00
4.332952272077736922e+01,4.854775400456405876e+00
4.334952843669620393e+01,4.166569093181641925e+00
4.336953415261503153e+01,3.977424789027523389e+00
4.338953986853386624e+01,3.858057955996835542e+00
4.340954558445270095e+01,3.998295606633256227e+00
4.342955130037153566e+01,4.180686906868143815e+00
4.344955701629037037e+01,3.875959601176347302e+00
4.346956273220920508e+01,4.260947098486949969e+00
4.348956844812803979e+01,3.926861409079385190e+00
4.350957416404687450e+01,4.417189636632269156e+00
4.352957987996570921e+01,4.729244852270113597e+00
4.354958559588453681e+01,3.796514553843955753e+00
4.356959131180337153e+01,4.438077994091051970e+00
4.358959702772220624e+01,4.259824905253773331e+00
4.360960274364104095e+01,3.634712621183649350e+00
4.362960845955987566e+01,4.286304626574601429e+00
4.364961417547871037e+01,5.038981334531120737e+00
4.366961989139754508e+01,4.826730140163119742e+00
4.368962560731637979e+01,3.723200253564893814e+00
4.370963132323521450e+01,4.635828010229375629e+00
4.372963703915404921e+01,4.033492712464140872e+00
4.374964275507287681e+01,5.365049423522147087e+00
4.376964847099171152e+01,5.370995296960081156e+00
4.378965418691054623e+01,6.108829175604554074e+00
4.380965990282938094e+01,5.093067824340118399e+00
4.382966561874821565e+01,6.181629514975991668e+00
4.384967133466705036e+01,5.703543817869382693e+00
4.386967705058588507e+01,5.790300297389046058e+00
4.388968276650471978e+01,5.767115662257517705e+00
4.390968848242355449e+01,6.142145922983935691e+00
4.392969419834238209e+01,6.483128108269284873e+00
4.394969991426121680e+01,5.983361201240118277e+00
4.396970563018005151e+01,6.489215741133603110e+00
4.398971134609888622e+01,6.641251284454559922e+00
4.400971706201772093e+01,6.936096514570873950e+00
4.402972277793655564e+01,5.973996234401339755e+00
4.404972849385539035e+01,6.209866988764232154e+00
4.406973420977422506e+01,6.186172316996612963e+00
4.408973992569305977e+01,6.482953082496058173e+00
4.410974564161189448e+01,5.372305926840334145e+00
4.412975135753072209e+01,5.670684506384848333e+00
4.414975707344955680e+01,5.762397406012033763e+00
4.416976278936839151e+01,5.816082067238482978e+00
4.418976850528722622e+01,5.338228275790079635e+00
4.420977422120606093e+01,4.822468664848218900e+00
4.422977993712489564e+01,4.870388359025686675e+00
4.424978565304373035e+01,4.440778235876451596e+00
4.426979136896256506e+01,4.972712838963312620e+00
4.428979708488139977e+01,3.624683608583936234e+00
4.430980280080022737e+01,4.905780597225593453e+00
4.432980851671906208e+01,4.564469542415004355e+00
4.434981423263789679e+01,3.769634200138897384e+00
4.436981994855673150e+01,4.506576006377660093e+00
4.438982566447556621e+01,4.158234092773316348e+00
4.440983138039440092e+01,3.864529140385804418e+00
4.442983709631323563e+01,3.900603503556681950e+00
4.444984281223207034e+01,4.404097824118865745e+00
4.446984852815090505e+01,3.672706023453375490e+00
4.448985424406973266e+01,4.434936859133955522e+00
4.450985995998856737e+01,4.443037283365651291e+00
4.452986567590740208e+01,3.132475267515793860e+00
4.454987139182623679e+01,2.996242807976309042e+00
4.456987710774507150e+01,3.444032462124018590e+00
4.458988282366390621e+01,3.673458814966751085e+00
4.460988853958274092e+01,3.200403976023241448e+00
4.462989425550157563e+01,2.945213178047916713e+00
4.464989997142041034e+01,3.232890739587030549e+00
4.466990568733924505e+01,4.275777565388513501e+00
4.468991140325807265e+01,3.724831452917589214e+00
4.470991711917690736e+01,4.014394389196962898e+00
4.472992283509574207e+01,3.944616510197380244e+00
4.474992855101457678e+01,3.803804045965380798e+00
4.476993426693341149e+01,3.639928257608419759e+00
4.478993998285224620e+01,4.230613558803711705e+00
4.480994569877108091e+01,3.835293066522061256e+00
4.482995141468991562e+01,3.290851303083472956e+00
4.484995713060875033e+01,4.021556119628865389e+00
4.486996284652757794e+01,3.765278510083737373e+00
4.488996856244641265e+01,3.029713812097464487e+00
4.490997427836524736e+01,4.104608187351318271e+00
4.492997999428408207e+01,3.856264190581065954e+00
4.494998571020291678e+01,3.760266894203045052e+00
4.496999142612175149e+01,3.616508017431239175e+00
4.498999714204058620e+01,3.364702176129758637e+00
4.501000285795942091e+01,3.666229773242462464e+00
4.503000857387825562e+01,4.061424724102563388e+00
4.505001428979709033e+01,3.610132702105145697e+00
4.507002000571591793e+01,3.755112981258863059e+00
4.509002572163475264e+01,3.921068568901880269e+00
4.511003143755358735e+01,3.603241088153715133e+00
4.513003715347242206e+01,3.779113124022202896e+00
4.515004286939125677e+01,3.308075183768535155e+00
4.517004858531009148e+01,3.204567986196212637e+00
4.519005430122892619e+01,3.966311549479814680e+00
4.521006001714776090e+01,4.078738563969796616e+00
4.523006573306659561e+01,4.169315854765429208e+00
4.525007144898542322e+01,4.092276305481513887e+00
4.527007716490425793e+01,3.793154726148201927e+00
4.529008288082309264e+01,4.380779254649016075e+00
4.531008859674192735e+01,3.843391733117822007e+00
4.533009431266076206e+01,3.835453305883894437e+00
4.535010002857959677e+01,3.421966035251140958e+00
4.537010574449843148e+01,3.786556839645184969e+00
4.539011146041726619e+01,4.112945895943076025e+00
4.541011717633610090e+01,4.320390255814738900e+00
4.543012289225492850e+01,3.994807412816686387e+00
4.545012860817376321e+01,3.570680215943133895e+00
4.547013432409259792e+01,3.938676242075837663e+00
4.549014004001143263e+01,3.670987029092553922e+00
4.551014575593026734e+01,3.595321601147158930e+00
4.553015147184910205e+01,3.403718227519588080e+00
4.555015718776793676e+01,2.843865154707495346e+00
4.557016290368677147e+01,4.460537647599559286e+00
4.559016861960560618e+01,3.345862668060763045e+00
4.561017433552444089e+01,4.379973777771994037e+00
4.563018005144326850e+01,3.430553895042080192e+00
4.565018576736210321e+01,4.307321180081592260e+00
4.567019148328093792e+01,3.753227000670706026e+00
4.569019719919977263e+01,3.407621133103160282e+00
4.571020291511860734e+01,4.279529189864591743e+00
4.573020863103744205e+01,3.290787696765137049e+00
4.575021434695627676e+01,3.730050985305768396e+00
4.577022006287511147e+01,4.128755253940074255e+00
4.579022577879394618e+01,3.143469042057300378e+00
4.581023149471277378e+01,3.780709880800712686e+00
4.583023721063160849e+01,4.015082718436168818e+00
4.585024292655044320e+01,4.030715975558015529e+00
4.587024864246927791e+01,4.121178492738755139e+00
4.589025435838811262e+01,4.236652138096610010e+00
4.591026007430694733e+01,3.660710332526749156e+00
4.593026579022578204e+01,3.524094485920500119e+00
4.595027150614461675e+01,3.402546779956796996e+00
4.597027722206345146e+01,3.792840496181834276e+00
4.599028293798228617e+01,3.994847939842072648e+00
4.601028865390111378e+01,4.168397658002628958e+00
4.603029436981994849e+01,4.061873809323674145e+00
4.605030008573878320e+01,3.354601553970510963e+00
4.607030580165761791e+01,4.073359811924833096e+00
4.609031151757645262e+01,3.704805273755298778e+00
4.611031723349528733e+01,3.411564967975837970e+00
4.613032294941412204e+01,3.728364538450284371e+00
4.615032866533295675e+01,4.648808616863663978e+00
4.617033438125179146e+01,4.443193491456508326e+00
4.619034009717061906e+01,3.269553458809227653e+00
4.621034581308945377e+01,4.697395971324117347e+00
4.623035152900828848e+01,4.246857241798156046e+00
4.625035724492712319e+01,4.581445536925327744e+00
4.627036296084595790e+01,3.228167141642550142e+00
4.629036867676479261e+01,4.041691529949376971e+00
4.631037439268362732e+01,4.022795163936148555e+00
4.633038010860246203e+01,3.612896215303264658e+00
4.635038582452129674e+01,3.663122162885253719e+00
4.637039154044012434e+01,4.423567541989188001e+00
4.639039725635895905e+01,4.123288013972103982e+00
4.641040297227779376e+01,3.805227470724223515e+00
4.643040868819662847e+01,3.623506792971404877e+00
4.645041440411546319e+01,3.284757320093472543e+00
4.647042012003429790e+01,4.467681420468059272e+00
4.649042583595313261e+01,4.165585339141685495e+00
4.651043155187196732e+01,3.830152719696527264e+00
4.653043726779080203e+01,4.073787825020598774e+00
4.655044298370963674e+01,4.600931567289588742e+00
4.657044869962846434e+01,4.239047351481470827e+00
4.659045441554729905e+01,3.922112013364997818e+00
4.661046013146613376e+01,4.085531176432552591e+00
4.663046584738496847e+01,4.048965059430934765e+00
4.665047156330380318e+01,4.522888396269920008e+00
4.667047727922263789e+01,3.945805861305125006e+00
4.669048299514147260e+01,3.400013581594369505e+00
4.671048871106030731e+01,3.819143791532406240e+00
4.673049442697914202e+01,3.569335465390011120e+00
4.675050014289796962e+01,4.407688534240115530e+00
4.677050585881680433e+01,4.379760420602302418e+00
4.679051157473563904e+01,4.320498768104500620e+00
4.681051729065447375e+01,4.721499058595052034e+00
4.683052300657330846e+01,4.000344795465420766e+00
4.685052872249214317e+01,4.180237667826625980e+00
4.687053443841097788e+01,3.919205515374206694e+00
4.689054015432981259e+01,4.829852724451392021e+00
4.691054587024864730e+01,5.091601097749186344e+00
4.693055158616748201e+01,4.767805870544933100e+00
4.695055730208630962e+01,4.175197653076891946e+00
4.697056301800514433e+01,3.784983237360997954e+00
4.699056873392397904e+01,4.587770034003746389e+00
4.701057444984281375e+01,4.635067340259110935e+00
4.703058016576164846e+01,4.406102593442911441e+00
4.705058588168048317e+01,4.242109581330716139e+00
4.707059159759931788e+01,5.092081321323236764e+00
4.709059731351815259e+01,5.211138797567619108e+00
4.711060302943698730e+01,4.841431417368427859e+00
4.713060874535581490e+01,4.614197982215307192e+00
4.715061446127464961e+01,5.905117069357729953e+00
4.717062017719348432e+01,5.011951862403794422e+00
4.719062589311231903e+01,4.855178731000155956e+00
4.721063160903115374e+01,5.217342777603695581e+00
4.723063732494998845e+01,5.439296064096369676e+00
4.725064304086882316e+01,5.278934628159671405e+00
4.727064875678765787e+01,5.892287461060524478e+00
4.729065447270649258e+01,5.607962119432007064e+00
4.731066018862532019e+01,6.151371670616084586e+00
4.733066590454415490e+01,6.228973252229717872e+00
4.735067162046298961e+01,6.867196011462279870e+00
4.737067733638182432e+01,6.737259958249053327e+00
4.739068305230065903e+01,6.616299155992265923e+00
4.741068876821949374e+01,6.258767303544933824e+00
4.743069448413832845e+01,6.181893847385751428e+00
4.745070020005716316e+01,6.958729792414322546e+00
4.747070591597599787e+01,7.144974232804980119e+00
4.749071163189483258e+01,7.881093509502564487e+00
4.751071734781366018e+01,7.728711145871902666e+00
4.753072306373249489e+01,8.048244518230402988e+00
4.755072877965132960e+01,7.663317534460300173e+00
4.757073449557016431e+01,8.274492085921117734e+00
4.759074021148899902e+01,8.932853607999867052e+00
4.761074592740783373e+01,9.248929284100142922e+00
4.763075164332666844e+01,9.125143730260404595e+00
4.765075735924550315e+01,1.033603262256947453e+01
4.767076307516433786e+01,1.075036942662161366e+01
4.769076879108316547e+01,1.082929115965602129e+01
4.771077450700200018e+01,1.092242520385813975e+01
4.773078022292083489e+01,1.138038303288440467e+01
4.775078593883966960e+01,1.205667995572186157e+01
4.777079165475850431e+01,1.195136638907073490e+01
4.779079737067733902e+01,1.243785234653049443e+01
4.781080308659617373e+01,1.306589755135117770e+01
4.783080880251500844e+01,1.322004621697256255e+01
4.785081451843384315e+01,1.384010293332061359e+01
4.787082023435267075e+01,1.375073206320592689e+01
4.789082595027150546e+01,1.421638479791614884e+01
4.791083166619034017e+01,1.507387812025435281e+01
4.793083738210917488e+01,1.485767989144543400e+01
4.795084309802800959e+01,1.578215246142457673e+01
4.797084881394684430e+01,1.513379700883937318e+01
4.799085452986567901e+01,1.641894900082129283e+01
4.801086024578451372e+01,1.568473553334458970e+01
4.803086596170334843e+01,1.583885160054955321e+01
4.805087167762218314e+01,1.617789532914290618e+01
4.807087739354101075e+01,1.602126711045099583e+01
4.809088310945984546e+01,1.672510298054118394e+01
4.811088882537868017e+01,1.622834187719615429e+01
4.813089454129751488e+01,1.575633046247246227e+01
4.815090025721634959e+01,1.572914518729136013e+01
4.817090597313518430e+01,1.572514283045452821e+01
4.819091168905401901e+01,1.564362154988581821e+01
4.821091740497285372e+01,1.449822522415008841e+01
4.823092312089168843e+01,1.509446396470808516e+01
4.825092883681051603e+01,1.505526486281748078e+01
4.827093455272935074e+01,1.516188657542503648e+01
4.829094026864818545e+01,1.480207578713277172e+01
4.831094598456702016e+01,1.446624996064807434e+01
4.833095170048585487e+01,1.378927095530027991e+01
4.835095741640468958e+01,1.431179908227512065e+01
4.837096313232352429e+01,1.395838691973232315e+01
4.839096884824235900e+01,1.346321734773501078e+01
4.841097456416119371e+01,1.341279693990377275e+01
4.843098028008002842e+01,1.400414250592419307e+01
4.845098599599885603e+01,1.319438700060268133e+01
4.847099171191769074e+01,1.249778632977265858e+01
4.849099742783652545e+01,1.316613099077414439e+01
4.851100314375536016e+01,1.190802828288001791e+01
4.853100885967419487e+01,1.253981550736765982e+01
4.855101457559302958e+01,1.205475075082571479e+01
4.857102029151186429e+01,1.269944084244776761e+01
4.859102600743069900e+01,1.196077704910637074e+01
4.861103172334953371e+01,1.185024917204898998e+01
4.863103743926836131e+01,1.119887984451972684e+01
4.865104315518719602e+01,1.100593357712607911e+01
4.867104887110603073e+01,1.169198029064183508e+01
4.869105458702486544e+01,1.045692575006384217e+01
4.871106030294370015e+01,1.013673174676959121e+01
4.873106601886253486e+01,1.055778695415927615e+01
4.875107173478136957e+01,9.972891574940321746e+00
4.877107745070020428e+01,1.067326043539773295e+01
4.879108316661903899e+01,8.899195943341288384e+00
4.881108888253786660e+01,9.490196065057711294e+00
4.883109459845670131e+01,9.024246457504375485e+00
4.885110031437553602e+01,9.403023476409149595e+00
4.887110603029437073e+01,9.650124314169385542e+00
4.889111174621320544e+01,8.798591095071772727e+00
4.891111746213204015e+01,9.694497091820110768e+00
4.893112317805087486e+01,9.302054844354255891e+00
4.895112889396970957e+01,9.555173006844242423e+00
4.897113460988854428e+01,8.254649336726476605e+00
4.899114032580737899e+01,8.252356422548263737e+00
4.901114604172620659e+01,8.888676107640451463e+00
4.903115175764504130e+01,8.195522483266980629e+00
4.905115747356387601e+01,8.587797681690609863e+00
4.907116318948271072e+01,8.194510652617315927e+00
4.909116890540154543e+01,7.838171972069143401e+00
4.911117462132038014e+01,7.539004563081286747e+00
4.913118033723921485e+01,6.699484476612097339e+00
4.915118605315804956e+01,7.526325291363708203e+00
4.917119176907688427e+01,7.703569981945054046e+00
4.919119748499571187e+01,7.600771099840793354e+00
4.921120320091454658e+01,7.649335550429674946e+00
4.923120891683338129e+01,7.227141838884719505e+00
4.925121463275221600e+01,7.329166741531400575e+00
4.927122034867105071e+01,6.819038597402597546e+00
4.929122606458988542e+01,6.755422411400209270e+00
4.931123178050872014e+01,5.953327538369331151e+00
4.933123749642755485e+01,5.943964708441169087e+00
4.935124321234638956e+01,6.230899225204460379e+00
4.937124892826522427e+01,5.872637728454485284e+00
4.939125464418405187e+01,6.353524245086390465e+00
4.941126036010288658e+01,6.153603522633630973e+00
4.943126607602172129e+01,5.452506959225392968e+00
4.945127179194055600e+01,5.063066318652724718e+00
4.947127750785939071e+01,5.569203806354988018e+00
4.949128322377822542e+01,5.875532379435862040e+00
4.951128893969706013e+01,5.343702968685724031e+00
4.953129465561589484e+01,4.999186375529979465e+00
4.955130037153472955e+01,5.266578571364012973e+00
4.957130608745355715e+01,5.671687602294403163e+00
4.959131180337239186e+01,4.598003552693302964e+00
4.961131751929122657e+01,5.546461082743023852e+00
4.963132323521006128e+01,4.613503834276034610e+00
4.965132895112889599e+01,5.022586998999559071e+00
4.967133466704773070e+01,4.773548991402240205e+00
4.969134038296656541e+01,3.848271651805945215e+00
4.971134609888540012e+01,4.566930711531657749e+00
4.973135181480423483e+01,4.675437900944199754e+00
4.975135753072306244e+01,4.836404839883285511e+00
4.977136324664189715e+01,5.303296457291102328e+00
4.979136896256073186e+01,4.262157778856766832e+00
4.981137467847956657e+01,3.778608207911413608e+00
4.983138039439840128e+01,5.051974367868278470e+00
4.985138611031723599e+01,3.833831035578035618e+00
4.987139182623607070e+01,4.083439631977702433e+00
4.989139754215490541e+01,4.535378101162076625e+00
4.991140325807374012e+01,3.895709163222584870e+00
4.993140897399257483e+01,4.084006579620313993e+00
4.995141468991140243e+01,4.275621091333418278e+00
4.997142040583023714e+01,4.623931067417617946e+00
4.999142612174907185e+01,5.098310568191924297e+00
5.001143183766790656e+01,4.630391867875329304e+00
5.003143755358674127e+01,4.566921299877029661e+00
5.005144326950557598e+01,4.201077864865558453e+00
5.007144898542441069e+01,4.420103893322992583e+00
5.009145470134324540e+01,4.747020190534268380e+00
5.011146041726208011e+01,3.710535251184598593e+00
5.013146613318090772e+01,3.999449777598299782e+00
5.015147184909974243e+01,4.849795718170518022e+00
5.017147756501857714e+01,4.541020888796537314e+00
5.019148328093741185e+01,4.002254013295676316e+00
5.021148899685624656e+01,3.546917473340539306e+00
5.023149471277508127e+01,4.624759312524107102e+00
5.025150042869391598e+01,3.897262245130776570e+00
5.027150614461275069e+01,3.598145844147377037e+00
5.029151186053158540e+01,4.112347652067205317e+00
5.031151757645042011e+01,4.066302952144204674e+00
5.033152329236924771e+01,4.612279711379418501e+00
5.035152900828808242e+01,3.580847114505498752e+00
5.037153472420691713e+01,3.524972387132722318e+00
5.039154044012575184e+01,3.476309999408528473e+00
5.041154615604458655e+01,3.949477146661905191e+00
5.043155187196342126e+01,3.966838884851179081e+00
5.045155758788225597e+01,4.220310443463748840e+00
5.047156330380109068e+01,4.194282231133121819e+00
5.049156901971992539e+01,3.781290039575671003e+00
5.051157473563875300e+01,4.513289730643249342e+00
5.053158045155758771e+01,3.947282756035243256e+00
5.055158616747642242e+01,3.767367497136149268e+00
5.057159188339525713e+01,3.949514612374175115e+00
5.059159759931409184e+01,3.881899620561143571e+00
5.061160331523292655e+01,4.021834696114066077e+00
5.063160903115176126e+01,3.270986719999948278e+00
5.065161474707059597e+01,3.395233725886794396e+00
5.067162046298943068e+01,4.523568416680047832e+00
5.069162617890825828e+01,3.489414965315408956e+00
5.071163189482709299e+01,3.784093685952198083e+00
5.073163761074592770e+01,4.036434434572361951e+00
5.075164332666476241e+01,3.650354912360596504e+00
5.077164904258359712e+01,4.485204190552501302e+00
5.079165475850243183e+01,4.891048453346244607e+00
5.081166047442126654e+01,5.032882294650760535e+00
5.083166619034010125e+01,4.547037271830929761e+00
5.085167190625893596e+01,4.559444459587644438e+00
5.087167762217777067e+01,5.768102798363587524e+00
5.089168333809659828e+01,4.852018819547827988e+00
5.091168905401543299e+01,4.585520358413694986e+00
5.093169476993426770e+01,5.652246680680672597e+00
5.095170048585310241e+01,5.840206948940653398e+00
5.097170620177193712e+01,7.234076362105666291e+00
5.099171191769077183e+01,6.151186808700879638e+00
5.101171763360960654e+01,6.644120443224149852e+00
5.103172334952844125e+01,7.053277318834090259e+00
5.105172906544727596e+01,8.407285586925528520e+00
5.107173478136610356e+01,8.805767015657263386e+00
5.109174049728493827e+01,9.753357456142506265e+00
5.111174621320377298e+01,1.040112353180325933e+01
5.113175192912260769e+01,1.078168890259507151e+01
5.115175764504144240e+01,1.072430316234209791e+01
5.117176336096027711e+01,1.123429959882915341e+01
5.119176907687911182e+01,1.178726449634799422e+01
5.121177479279794653e+01,1.209790966242846721e+01
5.123178050871678124e+01,1.321073467300857374e+01
5.125178622463561595e+01,1.246726004119894426e+01
5.127179194055444356e+01,1.275721961811351868e+01
5.129179765647327827e+01,1.290674763518294554e+01
5.131180337239211298e+01,1.207073692411061572e+01
5.133180908831094769e+01,1.251000992589630023e+01
5.135181480422978240e+01,1.231271596316280892e+01
5.137182052014861711e+01,1.084551458651930922e+01
5.139182623606745182e+01,1.083079447078461754e+01
5.141183195198628653e+01,1.035606868200002140e+01
5.143183766790512124e+01,1.037274525649764989e+01
5.145184338382394884e+01,9.574376047733853312e+00
5.147184909974278355e+01,9.597175406220090466e+00
5.149185481566161826e+01,8.663363869939839645e+00
5.151186053158045297e+01,9.397158841638724169e+00
5.153186624749928768e+01,9.769736035465079738e+00
5.155187196341812239e+01,9.088246969835534372e+00
5.157187767933695710e+01,9.395378181402982420e+00
5.159188339525579181e+01,9.879729439653869960e+00
5.161188911117462652e+01,9.082156591510177179e+00
5.163189482709345413e+01,8.746790050356652912e+00
5.165190054301228884e+01,9.061564591196082930e+00
5.167190625893112355e+01,8.835833031152741768e+00
5.169191197484995826e+01,8.696628436841248089e+00
5.171191769076879297e+01,7.837850491017086085e+00
5.173192340668762768e+01,7.066622055923672541e+00
5.175192912260646239e+01,7.272252422981592801e+00
5.177193483852529710e+01,6.387225025856605676e+00
5.179194055444413181e+01,5.896436354887895526e+00
5.181194627036296652e+01,5.442179081170760213e+00
5.183195198628179412e+01,5.460639341114208456e+00
5.185195770220062883e+01,5.257911173010574757e+00
5.187196341811946354e+01,4.538568264095342641e+00
5.189196913403829825e+01,4.567545710600223963e+00
5.191197484995713296e+01,4.557497115745771765e+00
5.193198056587596767e+01,3.932810685760642855e+00
5.195198628179480238e+01,4.309836629893156079e+00
5.197199199771363709e+01,4.597259698970480812e+00
5.199199771363247180e+01,3.740507042060367215e+00
5.201200342955129940e+01,4.272971019166294404e+00
5.203200914547013411e+01,4.214115964698263994e+00
5.205201486138896882e+01,3.809343251190315804e+00
5.207202057730780353e+01,4.741310628961405094e+00
5.209202629322663824e+01,3.515665911559186174e+00
5.211203200914547295e+01,4.038753836828221644e+00
5.213203772506430766e+01,3.692055100590942995e+00
5.215204344098314237e+01,4.734841420790816713e+00
5.217204915690197708e+01,3.723087732194032107e+00
5.219205487282081180e+01,4.663272533163052458e+00
5.221206058873963940e+01,4.343918797889626759e+00
5.223206630465847411e+01,4.251583806852058167e+00
5.225207202057730882e+01,4.430014004763633828e+00
5.227207773649614353e+01,4.439668674026113315e+00
5.229208345241497824e+01,4.968102980382135492e+00
5.231208916833381295e+01,4.067089087201329889e+00
5.233209488425264766e+01,4.373613041793632306e+00
5.235210060017148237e+01,4.581920817454573580e+00
5.237210631609031708e+01,4.008480561329600178e+00
5.239211203200914468e+01,4.338192101394149347e+00
5.241211774792797939e+01,3.821717180044651219e+00
5.243212346384681410e+01,4.747689105537549636e+00
5.245212917976564881e+01,4.768810974742302200e+00
5.247213489568448352e+01,4.111075685235633159e+00
5.249214061160331823e+01,4.228681010085612257e+00
5.251214632752215294e+01,4.933699970112535027e+00
5.253215204344098765e+01,4.994082954558948018e+00
5.255215775935982236e+01,4.391589044021115384e+00
5.257216347527864997e+01,3.716055513318179848e+00
5.259216919119748468e+01,4.098536005969718232e+00
5.261217490711631939e+01,4.339689742899207836e+00
5.263218062303515410e+01,4.646429945397692052e+00
5.265218633895398881e+01,5.200872886202640544e+00
5.267219205487282352e+01,4.402017647972127357e+00
5.269219777079165823e+01,5.260596215168163781e+00
5.271220348671049294e+01,5.069675604907209809e+00
5.273220920262932765e+01,5.283239660248367997e+00
5.275221491854816236e+01,5.619991635798838203e+00
5.277222063446698996e+01,5.882367005045431085e+00
5.279222635038582467e+01,5.731988941057560183e+00
5.281223206630465938e+01,5.675789863468263086e+00
5.283223778222349409e+01,6.473162134046025251e+00
5.285224349814232880e+01,6.552509801329631678e+00
5.287224921406116351e+01,7.482727242158036418e+00
5.289225492997999822e+01,7.732464930103203571e+00
5.291226064589883293e+01,6.772309557315716155e+00
5.293226636181766764e+01,6.822009989369850480e+00
5.295227207773649525e+01,7.893760484836787050e+00
5.297227779365532996e+01,7.150644238708036227e+00
5.299228350957416467e+01,7.575313284356498755e+00
5.301228922549299938e+01,6.536941707988847661e+00
5.303229494141183409e+01,7.221570032936625694e+00
5.305230065733066880e+01,7.154682922637844555e+00
5.307230637324950351e+01,7.590113703166229797e+00
5.309231208916833822e+01,6.849648989030695745e+00
5.311231780508717293e+01,6.346860010793978546e+00
5.313232352100600764e+01,6.445519186785221066e+00
5.315232923692483524e+01,5.564732768815620290e+00
5.317233495284366995e+01,6.107351412234422128e+00
5.319234066876250466e+01,5.509858931882895661e+00
5.321234638468133937e+01,5.772442932890122336e+00
5.323235210060017408e+01,6.051140410053471363e+00
5.325235781651900879e+01,5.264542831178105509e+00
5.327236353243784350e+01,5.207975898035415163e+00
5.329236924835667821e+01,5.870351045072448315e+00
5.331237496427551292e+01,6.218542757232899731e+00
5.333238068019434053e+01,5.582948587543949515e+00
5.335238639611317524e+01,5.571480156218275859e+00
5.337239211203200995e+01,5.613248956374688348e+00
5.339239782795084466e+01,4.788428131487997952e+00
5.341240354386967937e+01,5.273864221395114349e+00
5.343240925978851408e+01,5.519385472409569893e+00
5.345241497570734879e+01,5.338334039633696904e+00
5.347242069162618350e+01,6.093081021204060477e+00
5.349242640754501821e+01,6.233623035628887976e+00
5.351243212346384581e+01,4.884687494447306655e+00
5.353243783938268052e+01,6.404099903445651165e+00
5.355244355530151523e+01,5.710708489052935377e+00
5.357244927122034994e+01,5.663861809411508297e+00
5.359245498713918465e+01,5.077085963172690342e+00
5.361246070305801936e+01,5.310344377272981475e+00
5.363246641897685407e+01,5.467737362495508791e+00
5.365247213489568878e+01,6.170401281487984058e+00
5.367247785081452349e+01,6.607542185550258296e+00
5.369248356673335820e+01,5.821792227513860496e+00
5.371248928265218581e+01,6.943692991836750039e+00
5.373249499857102052e+01,6.088890824213585518e+00
5.375250071448985523e+01,7.029942115828459848e+00
5.377250643040868994e+01,7.282386070997850069e+00
5.379251214632752465e+01,7.024978853024684611e+00
5.381251786224635936e+01,6.584161732144017343e+00
5.383252357816519407e+01,7.288765800446210363e+00
5.385252929408402878e+01,7.590544515684069182e+00
5.387253501000286349e+01,7.193185804338425804e+00
5.389254072592169109e+01,8.212376791655888297e+00
5.391254644184052580e+01,8.164609015977545070e+00
5.393255215775936051e+01,8.048280064374408127e+00
5.395255787367819522e+01,8.495701609459775483e+00
5.397256358959702993e+01,9.130144646444483314e+00
5.399256930551586464e+01,9.068981729873826225e+00
5.401257502143469935e+01,8.796979128811537763e+00
5.403258073735353406e+01,1.000304589463341287e+01
5.405258645327236877e+01,9.423107274148460277e+00
5.407259216919120348e+01,1.043269479864153126e+01
5.409259788511003109e+01,1.013340887774651122e+01
5.411260360102886580e+01,1.046218639558557228e+01
5.413260931694770051e+01,1.075025348158725080e+01
5.415261503286653522e+01,1.085356188996360061e+01
5.417262074878536993e+01,1.193949638372827415e+01
5.419262646470420464e+01,1.150398880081989716e+01
5.421263218062303935e+01,1.243933660380046824e+01
5.423263789654187406e+01,1.242169067128088678e+01
5.425264361246070877e+01,1.195616887616064261e+01
5.427264932837953637e+01,1.287302742863444927e+01
5.429265504429837108e+01,1.246466511709204106e+01
5.431266076021720579e+01,1.250154585104691307e+01
5.433266647613604050e+01,1.321065445196692423e+01
5.435267219205487521e+01,1.315531236005501370e+01
5.437267790797370992e+01,1.296399557066492569e+01
5.439268362389254463e+01,1.419697555375022446e+01
5.441268933981137934e+01,1.384551522440205318e+01
5.443269505573021405e+01,1.443728364103477624e+01
5.445270077164904166e+01,1.374390971568813846e+01
5.447270648756787637e+01,1.359782443003230590e+01
5.449271220348671108e+01,1.422585011113518050e+01
5.451271791940554579e+01,1.407393061978715032e+01
5.453272363532438050e+01,1.485868811192359296e+01
5.455272935124321521e+01,1.515366325013228632e+01
5.457273506716204992e+01,1.505907729615091917e+01
5.459274078308088463e+01,1.457591318271383329e+01
5.461274649899971934e+01,1.563270915231833769e+01
5.463275221491855405e+01,1.580546909984388293e+01
5.465275793083738165e+01,1.560936124248183354e+01
5.467276364675621636e+01,1.507401503231319140e+01
5.469276936267505107e+01,1.590872596044669685e+01
5.471277507859388578e+01,1.568287914232107028e+01
5.473278079451272049e+01,1.627016841751381548e+01
5.475278651043155520e+01,1.574793235363104849e+01
5.477279222635038991e+01,1.556314712004672174e+01
5.479279794226922462e+01,1.643497848280896534e+01
5.481280365818805933e+01,1.636655286439006929e+01
5.483280937410688693e+01,1.546613817730549201e+01
5.485281509002572164e+01,1.666731631346098652e+01
5.487282080594455635e+01,1.655499077636491023e+01
5.489282652186339106e+01,1.622272886562533856e+01
5.491283223778222577e+01,1.591918025919446222e+01
5.493283795370106048e+01,1.616599222873378139e+01
5.495284366961989519e+01,1.697036404832058665e+01
5.497284938553872990e+01,1.646368824100905925e+01
5.499285510145756461e+01,1.700845064500145298e+01
5.501286081737639222e+01,1.764287228696061760e+01
5.503286653329522693e+01,1.854467430922925075e+01
5.505287224921406164e+01,1.895516795223609563e+01
5.507287796513289635e+01,1.910901066040644736e+01
5.509288368105173106e+01,2.060214935096587396e+01
5.511288939697056577e+01,2.124938450824815916e+01
5.513289511288940048e+01,2.151712479041720627e+01
5.515290082880823519e+01,2.324159814935678980e+01
5.517290654472706990e+01,2.456109474340007637e+01
5.519291226064590461e+01,2.390094983055641009e+01
5.521291797656473221e+01,2.399274551990474436e+01
5.523292369248356692e+01,2.457419521942441776e+01
5.525292940840240163e+01,2.465345742626168857e+01
5.527293512432123634e+01,2.449349041993281162e+01
5.529294084024007105e+01,2.310965034062615331e+01
5.531294655615890576e+01,2.297441395668233355e+01
5.533295227207774047e+01,2.208920550439726682e+01
5.535295798799657518e+01,2.048608511041929248e+01
5.537296370391540989e+01,1.954336937661150486e+01
5.539296941983423750e+01,1.771147673653585031e+01
5.541297513575307221e+01,1.600175915904492285e+01
5.543298085167190692e+01,1.459412358134542487e+01
5.545298656759074163e+01,1.322548315662706742e+01
5.547299228350957634e+01,1.208751428318117327e+01
5.549299799942841105e+01,1.072082666480023150e+01
5.551300371534724576e+01,1.037656450730166391e+01
5.553300943126608047e+01,9.184037376468786817e+00
5.555301514718491518e+01,8.982354120832647837e+00
5.557302086310374989e+01,8.210661845502915668e+00
5.559302657902257749e+01,7.215883850516106257e+00
5.561303229494141220e+01,6.976515094060014022e+00
5.563303801086024691e+01,6.901310821721704514e+00
5.565304372677908162e+01,6.835614206556149597e+00
5.567304944269791633e+01,6.195089790924438233e+00
5.569305515861675104e+01,6.233682525506313077e+00
5.571306087453558575e+01,5.756032425493645022e+00
5.573306659045442046e+01,6.013263110420806967e+00
5.575307230637325517e+01,5.936236488938042122e+00
5.577307802229208278e+01,5.279241076442019676e+00
5.579308373821091749e+01,5.689472488149628582e+00
5.581308945412975220e+01,5.775236934640450848e+00
5.583309517004858691e+01,5.324334374612389453e+00
5.585310088596742162e+01,5.027313090574235588e+00
5.587310660188625633e+01,5.391761460459660427e+00
5.589311231780509104e+01,5.260074000584383569e+00
5.591311803372392575e+01,5.314476131441004725e+00
5.593312374964276046e+01,5.172882964868974476e+00
5.595312946556158806e+01,5.439243388932379020e+00
5.597313518148042277e+01,5.529642213025529607e+00
5.599314089739925748e+01,6.006280582492738773e+00
5.601314661331809219e+01,5.300271588149106705e+00
5.603315232923692690e+01,6.239965519150258544e+00
5.605315804515576161e+01,6.390434398326987342e+00
5.607316376107459632e+01,6.140742514880638048e+00
5.609316947699343103e+01,6.913722779350505832e+00
5.611317519291226574e+01,7.712036233802695762e+00
5.613318090883110045e+01,8.046521699790760707e+00
5.615318662474992806e+01,7.631743550814540811e+00
5.617319234066876277e+01,8.263345679308567782e+00
5.619319805658759748e+01,9.260169947610968677e+00
5.621320377250643219e+01,9.108639039460825870e+00
5.623320948842526690e+01,9.658991974012733905e+00
5.625321520434410161e+01,1.005942924073186440e+01
5.627322092026293632e+01,1.083979150001237990e+01
5.629322663618177103e+01,1.025280087439429799e+01
5.631323235210060574e+01,1.097195695014447558e+01
5.633323806801943334e+01,1.035082515075194642e+01
5.635324378393826805e+01,1.043564851507150060e+01
5.637324949985710276e+01,9.678772218984558862e+00
5.639325521577593747e+01,9.774277816780974959e+00
5.641326093169477218e+01,9.450848480662410012e+00
5.643326664761360689e+01,8.676895205685269730e+00
5.645327236353244160e+01,7.991889362849017964e+00
5.647327807945127631e+01,7.563560253348176055e+00
5.649328379537011102e+01,7.256744233796747601e+00
5.651328951128894573e+01,6.231402787639495955e+00
5.653329522720777334e+01,6.429299934767326086e+00
5.655330094312660805e+01,5.972468285242926278e+00
5.657330665904544276e+01,5.200988140632647472e+00
5.659331237496427747e+01,4.961941731043310710e+00
5.661331809088311218e+01,4.324879722267164439e+00
5.663332380680194689e+01,4.618546955796816178e+00
5.665332952272078160e+01,4.482889026877041161e+00
5.667333523863961631e+01,4.006344943668227465e+00
5.669334095455845102e+01,4.287493279572686333e+00
5.671334667047727862e+01,3.966602024447026142e+00
5.673335238639611333e+01,4.386996254936901707e+00
5.675335810231494804e+01,4.416745830562181396e+00
5.677336381823378275e+01,4.493578600054121353e+00
5.679336953415261746e+01,3.322957755208323150e+00
5.681337525007145217e+01,3.890228692842450098e+00
5.683338096599028688e+01,3.385017043507425605e+00
5.685338668190912159e+01,4.295037901865618402e+00
5.687339239782795630e+01,4.455819390868213326e+00
5.689339811374678391e+01,3.394603300201704865e+00
5.691340382966561862e+01,3.601458978541631772e+00
5.693340954558445333e+01,4.709760112353844619e+00
5.695341526150328804e+01,4.070103563372003741e+00
5.697342097742212275e+01,4.165731780093935299e+00
5.699342669334095746e+01,3.845615629779118194e+00
5.701343240925979217e+01,3.592282826000368523e+00
5.703343812517862688e+01,3.838964685035891833e+00
5.705344384109746159e+01,4.495095205442654951e+00
5.707344955701629630e+01,4.062817597531828362e+00
5.709345527293512390e+01,3.846261751948334862e+00
5.711346098885395861e+01,4.603523260879537560e+00
5.713346670477279332e+01,3.251693672726104101e+00
5.715347242069162803e+01,3.807986360461311115e+00
5.717347813661046274e+01,3.562528552774645529e+00
5.719348385252929745e+01,3.688158649042773796e+00
5.721348956844813216e+01,3.028183287439199400e+00
5.723349528436696687e+01,3.953173167727722426e+00
5.725350100028580158e+01,3.491832732681595886e+00
5.727350671620462919e+01,4.217689562163439376e+00
5.729351243212346390e+01,4.265695164414522011e+00
5.731351814804229861e+01,4.047106469478237045e+00
5.733352386396113332e+01,3.355394556688881647e+00
5.735352957987996803e+01,3.678705308248663819e+00
5.737353529579880274e+01,3.405964394893287839e+00
5.739354101171763745e+01,2.829946620406200708e+00
5.741354672763647216e+01,3.026061670759934152e+00
5.743355244355530687e+01,4.479104183898669156e+00
5.745355815947414158e+01,3.003560816687222079e+00
5.747356387539296918e+01,3.855269631570894084e+00
5.749356959131180389e+01,4.460056210429012680e+00
5.751357530723063860e+01,3.724894148988670217e+00
5.753358102314947331e+01,3.975216230334020828e+00
5.755358673906830802e+01,3.810697607896293526e+00
5.757359245498714273e+01,4.384913093308275833e+00
5.759359817090597744e+01,3.410670420264121816e+00
5.761360388682481215e+01,3.612702371230773757e+00
5.763360960274364686e+01,3.677165464395457661e+00
5.765361531866247446e+01,3.613793280439324906e+00
5.767362103458130917e+01,3.781954624225481343e+00
5.769362675050014388e+01,3.298342167182235940e+00
5.771363246641897859e+01,3.224346323149285709e+00
5.773363818233781330e+01,3.948972764945310132e+00
5.775364389825664801e+01,4.114508579043340220e+00
5.777364961417548272e+01,4.413779103759845945e+00
5.779365533009431743e+01,3.699956574819249777e+00
5.781366104601315214e+01,2.928948088681291750e+00
5.783366676193197975e+01,3.325656930057985239e+00
5.785367247785081446e+01,3.439952619244737608e+00
5.787367819376964917e+01,3.595368908124796814e+00
5.789368390968848388e+01,2.782419382242857342e+00
5.791368962560731859e+01,3.412767677137984457e+00
5.793369534152615330e+01,3.609916551668225893e+00
5.795370105744498801e+01,3.730494727298729885e+00
5.797370677336382272e+01,4.176179168707942146e+00
5.799371248928265743e+01,3.796088839099079681e+00
5.801371820520149214e+01,3.063225966167576697e+00
5.803372392112031974e+01,3.219738222892493784e+00
5.805372963703915445e+01,3.525262884004163322e+00
5.807373535295798916e+01,3.511175427374648272e+00
5.809374106887682387e+01,3.929960066483610071e+00
5.811374678479565858e+01,4.312942337280799343e+00
5.813375250071449329e+01,4.216954210835357486e+00
5.815375821663332800e+01,3.710619574817215049e+00
5.817376393255216271e+01,4.201112743571772334e+00
5.819376964847099742e+01,3.549411992215547151e+00
5.821377536438982503e+01,3.379119385536618392e+00
5.823378108030865974e+01,3.950814924234160141e+00
5.825378679622749445e+01,3.265084021993390984e+00
5.827379251214632916e+01,3.984020084504935610e+00
5.829379822806516387e+01,3.762903752257485746e+00
5.831380394398399858e+01,3.741789111742853002e+00
5.833380965990283329e+01,3.421524565125374284e+00
5.835381537582166800e+01,3.276028414880197470e+00
5.837382109174050271e+01,3.654546696215952295e+00
5.839382680765933742e+01,3.338705298293341617e+00
5.841383252357816502e+01,3.161246887446112375e+00
5.843383823949699973e+01,4.051394263711011412e+00
5.845384395541583444e+01,3.493882014292391425e+00
5.847384967133466915e+01,3.827701590953549893e+00
5.849385538725350386e+01,3.240120626618351984e+00
5.851386110317233857e+01,2.866049118075427948e+00
5.853386681909117328e+01,3.815749206392660575e+00
5.855387253501000799e+01,3.210804792933062757e+00
5.857387825092884270e+01,3.497790279743936193e+00
5.859388396684767031e+01,3.937953351917451439e+00
5.861388968276650502e+01,3.934797598129484264e+00
5.863389539868533973e+01,3.342986604745754597e+00
5.865390111460417444e+01,4.398580831350094478e+00
5.867390683052300915e+01,3.046004026831295342e+00
5.869391254644184386e+01,3.524544239036762061e+00
5.871391826236067857e+01,3.196594306970938604e+00
5.873392397827951328e+01,3.827766136186097068e+00
5.875392969419834799e+01,3.201366121256044028e+00
5.877393541011717559e+01,3.851228881709684693e+00
5.879394112603601030e+01,3.645172358510346378e+00
5.881394684195484501e+01,3.738831698389766700e+00
5.883395255787367972e+01,3.774163311716795199e+00
5.885395827379251443e+01,3.483772245161953052e+00
5.887396398971134914e+01,3.610575595979346630e+00
5.889396970563018385e+01,4.679761140442844081e+00
5.891397542154901856e+01,3.354761358696515039e+00
5.893398113746785327e+01,3.251478434451653854e+00
5.895398685338668798e+01,4.248226665437929483e+00
5.897399256930551559e+01,5.099588545996118327e+00
5.899399828522435030e+01,4.496728739214800541e+00
5.901400400114318501e+01,4.438406453652175898e+00
5.903400971706201972e+01,4.409160169846479072e+00
5.905401543298085443e+01,5.159897252911720855e+00
5.907402114889968914e+01,5.271027305994095968e+00
5.909402686481852385e+01,5.482250567367394467e+00
5.911403258073735856e+01,5.269632939298865892e+00
5.913403829665619327e+01,6.730595279995486457e+00
5.915404401257502087e+01,5.704241435272234817e+00
5.917404972849385558e+01,5.838386258624201908e+00
5.919405544441269029e+01,7.093833124621278685e+00
5.921406116033152500e+01,6.883721461231738559e+00
5.923406687625035971e+01,7.301785843428635125e+00
5.925407259216919442e+01,6.839198464104331521e+00
5.927407830808802913e+01,7.643865986479761787e+00
5.929408402400686384e+01,6.487070235873212631e+00
5.931408973992569855e+01,6.174631028820330769e+00
5.933409545584453326e+01,5.861866588799597544e+00
5.935410117176336087e+01,7.061305713524687278e+00
5.937410688768219558e+01,5.822768379278305595e+00
5.939411260360103029e+01,5.501758071565748587e+00
5.941411831951986500e+01,5.052471774539155192e+00
5.943412403543869971e+01,5.218484603983773340e+00
5.945412975135753442e+01,4.717383385635866233e+00
5.947413546727636913e+01,5.268284079793426500e+00
5.949414118319520384e+01,4.593406681593521057e+00
5.951414689911403855e+01,4.752469809397206646e+00
5.953415261503286615e+01,4.290310617592142606e+00
5.955415833095170086e+01,3.898836556183807200e+00
5.957416404687053557e+01,3.822475349934686406e+00
5.959416976278937028e+01,4.140391988243180776e+00
5.961417547870820499e+01,3.333896681610215573e+00
5.963418119462703970e+01,3.699471289874694868e+00
5.965418691054587441e+01,2.755571432496852768e+00
5.967419262646470912e+01,3.163909948185433141e+00
5.969419834238354383e+01,3.044151607033096063e+00
5.971420405830237144e+01,4.111128517069253974e+00
5.973420977422120615e+01,3.550876988385536670e+00
5.975421549014004086e+01,3.494504279734123475e+00
5.977422120605887557e+01,4.341772261578011438e+00
5.979422692197771028e+01,3.793033655088705824e+00
5.981423263789654499e+01,3.307486445626839799e+00
5.983423835381537970e+01,3.120261330440663894e+00
5.985424406973421441e+01,3.605593210406145666e+00
5.987424978565304912e+01,3.574953040219621236e+00
5.989425550157188383e+01,3.590191677131609360e+00
5.991426121749071143e+01,3.448096185215298259e+00
5.993426693340954614e+01,3.024142665291726040e+00
5.995427264932838085e+01,3.607229562593675887e+00
5.997427836524721556e+01,3.769214876301437922e+00
5.999428408116605027e+01,3.585164786941042347e+00
6.001428979708488498e+01,3.790753485215430985e+00
6.003429551300371969e+01,3.819477566087694065e+00
6.005430122892255440e+01,2.668139009879664680e+00
6.007430694484138911e+01,3.937542869318328975e+00
6.009431266076021672e+01,3.267390451783855454e+00
6.011431837667905143e+01,4.243329208666954067e+00
6.013432409259788614e+01,3.090637908489406893e+00
6.015432980851672085e+01,3.096457074631788764e+00
6.017433552443555556e+01,3.181839914169742656e+00
6.019434124035439027e+01,3.515144527060044766e+00
6.021434695627322498e+01,3.747454059223123135e+00
6.023435267219205969e+01,4.078150289908182735e+00
6.025435838811089440e+01,3.004392736046502144e+00
6.027436410402972911e+01,4.143413432461525048e+00
6.029436981994855671e+01,3.674782399207734418e+00
6.031437553586739142e+01,2.947073865074104848e+00
6.033438125178622613e+01,3.626990611759380201e+00
6.035438696770506084e+01,3.379403878000210248e+00
6.037439268362389555e+01,3.243024414378975706e+00
6.039439839954273026e+01,4.142317995795375296e+00
6.041440411546156497e+01,2.989137401137436090e+00
6.043440983138039968e+01,3.298098612192837287e+00
6.045441554729923439e+01,3.212113711453320253e+00
6.047442126321806199e+01,3.581188734356745229e+00
6.049442697913689670e+01,3.458072420213404996e+00
6.051443269505573141e+01,3.148897650039583329e+00
6.053443841097456612e+01,4.103005444157704851e+00
6.055444412689340083e+01,3.190907797511842947e+00
6.057444984281223554e+01,3.762633285980330644e+00
6.059445555873107025e+01,2.918261414797505449e+00
6.061446127464990496e+01,3.394493982431753931e+00
6.063446699056873967e+01,3.489789841391648384e+00
6.065447270648756728e+01,3.387668297738507750e+00
6.067447842240640199e+01,3.190386382393698206e+00
6.069448413832523670e+01,3.449079711352631250e+00
6.071448985424407141e+01,2.846497721495302446e+00
6.073449557016290612e+01,3.182701727972994554e+00
6.075450128608174083e+01,3.576455241385223083e+00
6.077450700200057554e+01,3.185694271838669600e+00
6.079451271791941025e+01,3.430868230178949929e+00
6.081451843383824496e+01,3.334803159996613697e+00
6.083452414975707967e+01,3.533379966109391646e+00
6.085452986567590727e+01,3.513244070629563787e+00
6.087453558159474198e+01,3.624336800801231551e+00
6.089454129751357669e+01,2.977071862159285764e+00
6.091454701343241140e+01,3.519150902999658825e+00
6.093455272935124611e+01,3.909544158878873077e+00
6.095455844527008082e+01,3.407842834378310037e+00
6.097456416118891553e+01,4.083524728670279380e+00
6.099456987710775024e+01,3.127446990592611442e+00
6.101457559302658495e+01,3.494676324485376018e+00
6.103458130894541256e+01,3.595956586169842595e+00
6.105458702486424727e+01,3.641196821462554745e+00
6.107459274078308198e+01,4.272843212168077720e+00
6.109459845670191669e+01,3.674470578413649324e+00
6.111460417262075140e+01,3.113549914011115582e+00
6.113460988853958611e+01,3.179293729205577623e+00
6.115461560445842082e+01,3.508323019722374259e+00
6.117462132037725553e+01,3.679254261625524602e+00
6.119462703629609024e+01,3.160013780728167632e+00
6.121463275221492495e+01,3.275510471021900294e+00
6.123463846813375255e+01,3.757929730709517635e+00
6.125464418405258726e+01,3.402997170440855257e+00
6.127464989997142197e+01,3.249815428027211350e+00
6.129465561589025668e+01,3.504213265290886614e+00
6.131466133180909139e+01,2.608941647706528588e+00
6.133466704772792610e+01,3.771995546920072329e+00
6.135467276364676081e+01,3.393736289812398166e+00
6.137467847956559552e+01,3.685777031772336620e+00
6.139468419548443023e+01,3.546431687799346477e+00
6.141468991140325784e+01,3.337363144343321597e+00
6.143469562732209255e+01,3.287023055515878145e+00
6.145470134324092726e+01,3.469689608402036995e+00
6.147470705915976197e+01,3.597899773634160692e+00
6.149471277507859668e+01,4.283542564995581614e+00
6.151471849099743139e+01,3.310893052414086490e+00
6.153472420691626610e+01,3.995411325054843754e+00
6.155472992283510081e+01,4.072963695392036954e+00
6.157473563875393552e+01,3.950282125880109962e+00
6.159474135467276312e+01,3.090316589463523833e+00
6.161474707059159783e+01,3.320056824277061391e+00
6.163475278651043254e+01,3.613121374044853340e+00
6.165475850242926725e+01,3.220394312545073578e+00
6.167476421834810196e+01,3.548955845074066140e+00
6.169476993426693667e+01,3.082609280546301900e+00
6.171477565018577138e+01,3.586401687993725940e+00
6.173478136610460609e+01,3.627694241640121664e+00
6.175478708202344080e+01,2.894328114992683609e+00
6.177479279794227551e+01,3.462229491743858745e+00
6.179479851386110312e+01,3.520095291915107616e+00
6.181480422977993783e+01,3.604482657292342740e+00
6.183480994569877254e+01,3.356130461276235710e+00
6.185481566161760725e+01,3.444680988294265944e+00
6.187482137753644196e+01,3.516761166030190289e+00
6.189482709345527667e+01,4.048395220080829304e+00
6.191483280937411138e+01,3.616463894402564438e+00
6.193483852529294609e+01,3.395763585262880913e+00
6.195484424121178080e+01,4.068440795484986161e+00
6.197484995713060840e+01,3.336078652758060592e+00
6.199485567304944311e+01,3.822326696011393743e+00
6.201486138896827782e+01,4.033511991656365758e+00
6.203486710488711253e+01,3.166852126955454594e+00
6.205487282080594724e+01,2.949559982102484934e+00
6.207487853672478195e+01,3.908389741848100840e+00
6.209488425264361666e+01,3.027465422695954533e+00
6.211488996856245137e+01,3.066220431230555210e+00
6.213489568448128608e+01,3.985580895750685304e+00
6.215490140040011369e+01,3.774153852931364739e+00
6.217490711631894840e+01,3.946952469202686054e+00
6.219491283223778311e+01,3.779238182927957990e+00
6.221491854815661782e+01,4.464221187090755549e+00
6.223492426407545253e+01,3.210838453313971552e+00
6.225492997999428724e+01,3.556645889194966159e+00
6.227493569591312195e+01,3.348153734858127173e+00
6.229494141183195666e+01,3.762530207661067827e+00
6.231494712775079137e+01,3.280262166610106611e+00
6.233495284366962608e+01,3.226081891433804305e+00
6.235495855958845368e+01,3.655040087089413525e+00
6.237496427550728839e+01,4.174950525334784501e+00
6.239496999142612310e+01,3.544176846285826521e+00
6.241497570734495781e+01,2.899478245806049514e+00
6.243498142326379252e+01,3.633989709612687857e+00
6.245498713918262723e+01,3.292669904773818601e+00
6.247499285510146194e+01,3.886406798599635337e+00
6.249499857102029665e+01,3.405205742858155915e+00
6.251500428693913136e+01,3.453505889283498664e+00
6.253501000285795897e+01,3.505816419576525789e+00
6.255501571877679368e+01,3.423510574813459328e+00
6.257502143469562839e+01,4.254871703672279182e+00
6.259502715061446310e+01,4.266621778367214901e+00
6.261503286653329781e+01,3.760074649817691128e+00
6.263503858245213252e+01,4.312355375255398471e+00
6.265504429837096723e+01,2.954172818403021150e+00
6.267505001428980194e+01,3.580131000894417603e+00
6.269505573020863665e+01,4.167990760617997559e+00
6.271506144612747136e+01,3.401030439756307366e+00
6.273506716204629896e+01,3.362269581973215349e+00
6.275507287796513367e+01,3.085583407552098478e+00
6.277507859388396838e+01,3.980699500393069634e+00
6.279508430980280309e+01,3.824817982411431228e+00
6.281509002572163780e+01,3.664573110189505378e+00
6.283509574164047251e+01,3.597455956696602897e+00
6.285510145755930722e+01,4.164637938852936649e+00
6.287510717347814193e+01,3.843554401807600662e+00
6.289511288939697664e+01,3.958798077465845111e+00
6.291511860531580425e+01,3.037909641756732171e+00
6.293512432123463896e+01,4.171994875814950987e+00
6.295513003715347367e+01,4.241830090291309752e+00
6.297513575307230838e+01,3.111858189914684658e+00
6.299514146899114309e+01,3.478923975540872071e+00
6.301514718490997780e+01,4.142668733186774865e+00
6.303515290082881251e+01,3.635079988935897788e+00
6.305515861674764722e+01,2.850575901991306171e+00
6.307516433266648193e+01,3.824736847813489327e+00
6.309517004858530953e+01,3.746904472871152247e+00
6.311517576450414424e+01,2.894574659202440614e+00
6.313518148042297895e+01,3.764116389844689436e+00
6.315518719634181366e+01,3.259092927718640009e+00
6.317519291226064837e+01,4.209334298406329111e+00
6.319519862817948308e+01,3.148439463735598576e+00
6.321520434409831779e+01,4.195946043750870658e+00
6.323521006001715250e+01,3.700924161391395906e+00
6.325521577593598721e+01,3.041503654157301284e+00
6.327522149185482192e+01,3.874556343892145094e+00
6.329522720777364952e+01,3.184466602740632979e+00
6.331523292369248423e+01,4.018763085455999473e+00
6.333523863961131894e+01,2.829367802618733219e+00
6.335524435553015365e+01,3.495777626796033655e+00
6.337525007144898836e+01,3.496529348071033994e+00
6.339525578736782307e+01,3.149295355058079338e+00
6.341526150328665778e+01,3.086339075725728076e+00
6.343526721920549249e+01,3.572651740139265453e+00
6.345527293512432720e+01,3.482361413053619792e+00
6.347527865104315481e+01,4.517661604414408671e+00
6.349528436696198952e+01,3.447359225109697611e+00
6.351529008288082423e+01,3.845890695236312329e+00
6.353529579879965894e+01,4.316847711514675723e+00
6.355530151471849365e+01,3.742277022790437613e+00
6.357530723063732836e+01,3.192070609484939148e+00
6.359531294655616307e+01,4.153121838053449366e+00
6.361531866247499778e+01,3.695654309286735995e+00
6.363532437839383249e+01,4.054519417150311611e+00
6.365533009431266720e+01,4.404628251842360953e+00
6.367533581023149480e+01,4.549295584632176315e+00
6.369534152615032951e+01,4.230660236831735865e+00
6.371534724206916422e+01,3.845533347537993585e+00
6.373535295798799893e+01,3.918794401176111997e+00
6.375535867390683364e+01,4.083697390723467713e+00
6.377536438982566835e+01,4.717411153013210345e+00
6.379537010574450306e+01,3.940625010256891159e+00
6.381537582166333777e+01,4.297496368402113021e+00
6.383538153758217248e+01,4.478641575862742030e+00
6.385538725350100009e+01,4.976227766216775095e+00
6.387539296941983480e+01,3.786408499348083101e+00
6.389539868533866951e+01,4.739855896807171121e+00
6.391540440125750422e+01,4.029233228703885672e+00
6.393541011717633893e+01,4.305289541238484397e+00
6.395541583309517364e+01,5.036561656633441686e+00
6.397542154901400835e+01,4.728544926304221185e+00
6.399542726493284306e+01,5.390732514741754855e+00
6.401543298085167066e+01,5.394646232232101823e+00
6.403543869677051248e+01,6.161018292568218868e+00
6.405544441268934008e+01,5.855046579407099827e+00
6.407545012860816769e+01,6.501484100224081075e+00
6.409545584452700950e+01,6.529004962375191568e+00
6.411546156044585132e+01,6.498544033132259479e+00
6.413546727636467892e+01,6.165417655283566667e+00
6.415547299228350653e+01,6.442701942417398797e+00
6.417547870820234834e+01,7.115233020731527525e+00
6.419548442412119016e+01,5.988292201165460682e+00
6.421549014004001776e+01,6.595556277640931775e+00
6.423549585595884537e+01,6.365356970412365811e+00
6.425550157187768718e+01,6.525437957065998162e+00
6.427550728779651479e+01,7.013237413976530554e+00
6.429551300371534239e+01,6.209028801515315443e+00
6.431551871963418421e+01,6.110618787821978870e+00
6.433552443555302602e+01,6.222542370656332977e+00
6.435553015147185363e+01,6.362254788548837858e+00
6.437553586739068123e+01,6.090253123633091903e+00
6.439554158330952305e+01,7.179940367851433969e+00
6.441554729922835065e+01,7.181834255721609495e+00
6.443555301514717826e+01,7.945303107759434269e+00
6.445555873106602007e+01,7.353645216040721522e+00
6.447556444698486189e+01,7.912767279569263401e+00
6.449557016290368949e+01,7.929439891313521116e+00
6.451557587882251710e+01,8.625725697310903328e+00
6.453558159474135891e+01,8.584932617290505164e+00
6.455558731066020073e+01,9.078465896734172702e+00
6.457559302657902833e+01,8.869180304677810156e+00
6.459559874249785594e+01,9.924783718920194175e+00
6.461560445841669775e+01,9.848156047925554546e+00
6.463561017433552536e+01,8.960376265672490348e+00
6.465561589025435296e+01,9.392185628075303327e+00
6.467562160617319478e+01,8.647310706138910064e+00
6.469562732209203659e+01,9.533364882892367831e+00
6.471563303801086420e+01,8.712963873147890226e+00
6.473563875392969180e+01,8.204699296273069820e+00
6.475564446984853362e+01,8.352362756553439738e+00
6.477565018576737543e+01,7.756884249154554212e+00
6.479565590168618883e+01,8.247764655088904107e+00
6.481566161760503064e+01,7.368824004619257018e+00
6.483566733352387246e+01,8.034352749254336956e+00
6.485567304944270006e+01,7.622121980887604842e+00
6.487567876536152767e+01,7.927045324049629471e+00
6.489568448128036948e+01,8.138007111989379538e+00
6.491569019719921130e+01,7.630445683524780698e+00
6.493569591311803890e+01,7.483539167643631806e+00
6.495570162903686651e+01,8.478130054778572955e+00
6.497570734495570832e+01,8.335541994990862236e+00
6.499571306087453593e+01,7.311451777926572859e+00
6.501571877679336353e+01,8.082931252376246434e+00
6.503572449271220535e+01,8.073603798710967894e+00
6.505573020863104716e+01,8.320902381603831444e+00
6.507573592454987477e+01,8.913486679708260141e+00
6.509574164046870237e+01,8.879308908278046530e+00
6.511574735638754419e+01,8.141748246904008113e+00
6.513575307230638600e+01,9.505693854189020797e+00
6.515575878822521361e+01,8.807305648387588448e+00
6.517576450414404121e+01,9.041580758847118204e+00
6.519577022006288303e+01,8.844260228584644778e+00
6.521577593598171063e+01,9.662442861177140685e+00
6.523578165190053824e+01,9.208899705010463066e+00
6.525578736781938005e+01,9.644168611960544979e+00
6.527579308373822187e+01,1.041800738373020252e+01
6.529579879965704947e+01,9.834371324221681476e+00
6.531580451557587708e+01,1.089787089611646920e+01
6.533581023149471889e+01,1.066603570113278820e+01
6.535581594741354650e+01,1.038709612483009970e+01
6.537582166333237410e+01,1.048237416292436563e+01
6.539582737925121592e+01,1.093061430008200574e+01
6.541583309517005773e+01,1.147197775848987433e+01
6.543583881108888534e+01,1.227634935233730751e+01
6.545584452700771294e+01,1.249786360301910904e+01
6.547585024292655476e+01,1.312189281305800748e+01
6.549585595884539657e+01,1.272452447114344309e+01
6.551586167476422418e+01,1.285032899611738344e+01
6.553586739068305178e+01,1.395860196146837851e+01
6.555587310660189360e+01,1.388258618891006968e+01
6.557587882252072120e+01,1.428971669264871380e+01
6.559588453843954881e+01,1.391432467897688596e+01
6.561589025435839062e+01,1.369595697121211586e+01
6.563589597027723244e+01,1.334497036138419190e+01
6.565590168619606004e+01,1.367703551624337521e+01
6.567590740211488765e+01,1.276911396081631622e+01
6.569591311803372946e+01,1.186936040053494068e+01
6.571591883395257128e+01,1.260384386749767494e+01
6.573592454987138467e+01,1.202279030376689661e+01
6.575593026579022649e+01,1.192375659981762226e+01
6.577593598170906830e+01,1.107305559241746806e+01
6.579594169762789591e+01,1.222770322142453203e+01
6.581594741354672351e+01,1.162920876921412194e+01
6.583595312946556533e+01,1.178081692093693889e+01
6.585595884538440714e+01,1.167839014049459401e+01
6.587596456130323475e+01,1.067094667222431426e+01
6.589597027722206235e+01,1.069908856069399050e+01
6.591597599314090417e+01,1.115325547310708387e+01
6.593598170905973177e+01,1.110237344709318563e+01
6.595598742497855937e+01,1.123313717703969417e+01
6.597599314089740119e+01,1.019017631485078290e+01
6.599599885681624301e+01,1.044309267633869709e+01
6.601600457273507061e+01,1.037359802800647124e+01
6.603601028865389821e+01,1.048469398992025248e+01
6.605601600457274003e+01,9.697492397964612820e+00
6.607602172049158185e+01,1.043905420583504906e+01
6.609602743641040945e+01,1.036108366715025042e+01
6.611603315232923705e+01,9.956628906058913486e+00
6.613603886824807887e+01,1.027538744659222658e+01
6.615604458416690647e+01,1.048470807629952795e+01
6.617605030008573408e+01,1.020610584333267923e+01
6.619605601600457589e+01,9.377304485138438395e+00
6.621606173192341771e+01,8.638663531057346745e+00
6.623606744784224531e+01,9.455350842384131482e+00
6.625607316376107292e+01,8.924644632467838790e+00
6.627607887967991473e+01,8.002584381164426830e+00
6.629608459559874234e+01,8.777017483794686825e+00
6.631609031151756994e+01,8.612192221881555199e+00
6.633609602743641176e+01,8.081416335646954607e+00
6.635610174335525357e+01,7.964454347333060014e+00
6.637610745927408118e+01,7.594833617347232391e+00
6.639611317519290878e+01,7.062740730551116286e+00
6.641611889111175060e+01,6.871683853698045574e+00
6.643612460703059241e+01,7.120392212106398944e+00
6.645613032294942002e+01,6.467285073860059796e+00
6.647613603886824762e+01,6.734264075998523502e+00
6.649614175478708944e+01,6.258547544265712581e+00
6.651614747070591704e+01,6.505262405533399850e+00
6.653615318662474465e+01,6.271611697968167753e+00
6.655615890254358646e+01,5.542822725618705704e+00
6.657616461846242828e+01,5.699794964107936401e+00
6.659617033438125588e+01,6.303802412305266500e+00
6.661617605030008349e+01,6.087622796485828047e+00
6.663618176621892530e+01,5.569276187806350364e+00
6.665618748213776712e+01,6.129224641993104683e+00
6.667619319805658051e+01,5.192456455381384117e+00
6.669619891397542233e+01,5.827070433100391966e+00
6.671620462989426414e+01,5.477748847094653151e+00
6.673621034581309175e+01,5.219489281392451829e+00
6.675621606173191935e+01,4.891610719053041123e+00
6.677622177765076117e+01,4.844975949039421081e+00
6.679622749356960298e+01,5.014816400468061097e+00
6.681623320948843059e+01,4.914872340146667185e+00
6.683623892540725819e+01,5.201519307827073391e+00
6.685624464132610001e+01,5.586416363727659373e+00
6.687625035724492761e+01,3.947359443792201272e+00
6.689625607316375522e+01,4.434268381539801851e+00
6.691626178908259703e+01,5.292573379665372002e+00
6.693626750500143885e+01,4.871160016813499638e+00
6.695627322092026645e+01,3.700948074615869832e+00
6.697627893683909406e+01,4.395008604178032741e+00
6.699628465275793587e+01,4.099394669818186010e+00
6.701629036867677769e+01,4.436343631997928583e+00
6.703629608459560529e+01,5.195726699939056559e+00
6.705630180051443290e+01,4.205534205091904454e+00
6.707630751643327471e+01,4.672003891493502259e+00
6.709631323235210232e+01,4.718441104904332661e+00
6.711631894827092992e+01,4.373990279505579615e+00
6.713632466418977174e+01,4.468438441321056942e+00
6.715633038010861355e+01,4.325353181399109737e+00
6.717633609602744116e+01,4.350489352142482780e+00
6.719634181194626876e+01,4.185701189709687853e+00
6.721634752786511058e+01,4.480009424114834715e+00
6.723635324378393818e+01,4.615852567264463246e+00
6.725635895970276579e+01,4.320062981663835622e+00
6.727636467562160760e+01,4.687393206695308123e+00
6.729637039154044942e+01,3.516972144425923652e+00
6.731637610745927702e+01,4.400498047676991042e+00
6.733638182337810463e+01,4.378454504794479618e+00
6.735638753929694644e+01,3.968853663643371110e+00
6.737639325521578826e+01,4.435613903142456849e+00
6.739639897113461586e+01,4.186881544672041322e+00
6.741640468705344347e+01,4.952086657197725117e+00
6.743641040297228528e+01,3.847689867589607182e+00
6.745641611889111289e+01,4.187726483783686504e+00
6.747642183480994049e+01,4.195155077594876047e+00
6.749642755072878231e+01,4.183703572850715702e+00
6.751643326664762412e+01,4.208496208605161826e+00
6.753643898256645173e+01,3.963010040311935711e+00
6.755644469848527933e+01,4.384113270869788970e+00
6.757645041440412115e+01,4.032395397315764463e+00
6.759645613032296296e+01,3.804925656609315254e+00
6.761646184624177636e+01,4.358656129145654035e+00
6.763646756216061817e+01,4.774043086807717273e+00
6.765647327807945999e+01,4.654953651729019981e+00
6.767647899399828759e+01,5.161374124907583294e+00
6.769648470991711520e+01,4.503522552578192339e+00
6.771649042583595701e+01,4.838623395544432881e+00
6.773649614175479883e+01,4.729988498344006587e+00
6.775650185767362643e+01,4.816806167841069630e+00
6.777650757359245404e+01,5.515537655865377253e+00
6.779651328951129585e+01,6.034050135782074165e+00
6.781651900543012346e+01,6.104092514933475044e+00
6.783652472134895106e+01,6.132298717807969979e+00
6.785653043726779288e+01,6.428570468183732345e+00
6.787653615318663469e+01,7.501121992823636120e+00
6.789654186910546230e+01,8.426053985822829162e+00
6.791654758502428990e+01,9.184543172291251167e+00
6.793655330094313172e+01,9.412582050574929582e+00
6.795655901686197353e+01,9.004738256668783691e+00
6.797656473278080114e+01,1.046052522386717953e+01
6.799657044869962874e+01,1.085252938374646625e+01
6.801657616461847056e+01,1.127880606706467148e+01
6.803658188053729816e+01,9.967597000219186043e+00
6.805658759645612577e+01,1.045826441050915001e+01
6.807659331237496758e+01,1.042300679177244405e+01
6.809659902829380940e+01,1.067986260597647785e+01
6.811660474421263700e+01,9.046048404602522908e+00
6.813661046013146461e+01,8.829344227911860798e+00
6.815661617605030642e+01,8.462892000973448958e+00
6.817662189196913403e+01,7.661368580625458335e+00
6.819662760788796163e+01,6.921643034938064432e+00
6.821663332380680345e+01,6.559339925204363375e+00
6.823663903972564526e+01,6.547345329147557180e+00
6.825664475564447287e+01,6.292030961622850249e+00
6.827665047156330047e+01,5.127470321850314150e+00
6.829665618748214229e+01,5.293322212388650527e+00
6.831666190340098410e+01,4.587797426652612920e+00
6.833666761931981171e+01,4.766236680375052437e+00
6.835667333523863931e+01,4.440620962875551747e+00
6.837667905115748113e+01,4.975457238676635363e+00
6.839668476707630873e+01,4.148266860326986993e+00
6.841669048299513634e+01,5.021831963371496954e+00
6.843669619891397815e+01,3.854695141378496892e+00
6.845670191483281997e+01,4.187636983462394547e+00
6.847670763075164757e+01,4.245412465512481859e+00
6.849671334667047518e+01,4.583336006531379070e+00
6.851671906258931699e+01,3.751255409493510662e+00
6.853672477850815881e+01,4.585030301296908917e+00
6.855673049442697220e+01,3.170458350840808404e+00
6.857673621034581402e+01,4.987014361970755871e+00
6.859674192626465583e+01,4.101631916493795771e+00
6.861674764218348344e+01,4.247050134683588496e+00
6.863675335810231104e+01,4.599676632517176067e+00
6.865675907402115286e+01,4.378052972128185338e+00
6.867676478993999467e+01,3.568908297410901209e+00
6.869677050585882228e+01,4.148916922248248262e+00
6.871677622177764988e+01,4.421673730674520186e+00
6.873678193769649170e+01,4.003236727235405468e+00
6.875678765361531930e+01,4.423913111833992495e+00
6.877679336953414690e+01,4.157828654495547838e+00
6.879679908545298872e+01,4.479363520759646278e+00
6.881680480137183054e+01,5.029826610800051334e+00
6.883681051729065814e+01,4.499366856633837841e+00
6.885681623320948574e+01,4.449025987532367665e+00
6.887682194912832756e+01,3.866394670838201097e+00
6.889682766504716938e+01,4.783552006197551165e+00
6.891683338096599698e+01,4.950987571979194257e+00
6.893683909688482458e+01,4.478339465471925962e+00
6.895684481280366640e+01,4.997570607935303499e+00
6.897685052872249400e+01,4.626170341809031861e+00
6.899685624464132161e+01,5.358720591513681519e+00
6.901686196056016342e+01,5.383066429976746115e+00
6.903686767647900524e+01,5.800714618993051630e+00
6.905687339239783284e+01,6.294563546736036130e+00
6.907687910831666045e+01,6.422929231423823992e+00
6.909688482423550226e+01,6.555318182029832741e+00
6.911689054015432987e+01,7.084879866770402934e+00
6.913689625607315747e+01,7.310913079344209642e+00
6.915690197199199929e+01,7.121779651897708341e+00
6.917690768791084110e+01,8.239545508521510797e+00
6.919691340382966871e+01,7.568821515523807442e+00
6.921691911974849631e+01,8.470164481487655550e+00
6.923692483566733813e+01,8.360047799016930625e+00
6.925693055158617994e+01,7.659716479835323888e+00
6.927693626750500755e+01,8.177421648896695316e+00
6.929694198342383515e+01,7.957457880430718333e+00
6.931694769934267697e+01,7.540098434517023662e+00
6.933695341526150457e+01,6.849487614349892617e+00
6.935695913118033218e+01,7.436564404140900031e+00
6.937696484709917399e+01,7.595932781408645695e+00
6.939697056301801581e+01,6.031896859140739586e+00
6.941697627893684341e+01,6.441129750118679276e+00
6.943698199485567102e+01,6.277413662096058111e+00
6.945698771077451283e+01,6.237852940350625985e+00
6.947699342669335465e+01,4.913164080831245784e+00
6.949699914261216804e+01,5.131423288428335283e+00
6.951700485853100986e+01,5.596814715267584006e+00
6.953701057444985167e+01,5.966190651306133574e+00
6.955701629036867928e+01,5.299210780763731421e+00
6.957702200628750688e+01,5.415483431580502049e+00
6.959702772220634870e+01,5.750716372863912795e+00
6.961703343812519051e+01,4.515303555810669778e+00
6.963703915404401812e+01,5.527195840735224408e+00
6.965704486996284572e+01,5.066468024036458573e+00
6.967705058588168754e+01,4.941032045736716505e+00
6.969705630180051514e+01,5.689598456907029700e+00
6.971706201771934275e+01,5.412494840826699516e+00
6.973706773363818456e+01,5.100824308813387553e+00
6.975707344955702638e+01,5.736127712813257062e+00
6.977707916547585398e+01,6.006460847211712917e+00
6.979708488139468159e+01,5.564809707389500204e+00
6.981709059731352340e+01,5.745058209969728935e+00
6.983709631323236522e+01,6.796636947650446459e+00
6.985710202915119282e+01,6.674121593405559771e+00
6.987710774507002043e+01,6.926736736629532487e+00
6.989711346098886224e+01,7.245822256953019291e+00
6.991711917690768985e+01,7.508485790232036550e+00
6.993712489282651745e+01,8.190548133150238996e+00
6.995713060874535927e+01,8.265650651523817061e+00
6.997713632466420108e+01,9.158124278171118959e+00
6.999714204058302869e+01,9.909133233317561462e+00
7.001714775650185629e+01,1.025483684275416962e+01
7.003715347242069811e+01,1.085861152086447845e+01
7.005715918833952571e+01,1.163160264005611566e+01
7.007716490425835332e+01,1.411574395751461708e+01
7.009717062017719513e+01,1.447851265476336380e+01
7.011717633609603695e+01,1.576462864727962554e+01
7.013718205201486455e+01,1.676112444715738548e+01
7.015718776793369216e+01,1.820682332442056861e+01
7.017719348385253397e+01,1.987299121943474134e+01
7.019719919977137579e+01,1.971598965217017962e+01
7.021720491569020339e+01,2.083019583881989334e+01
7.023721063160903100e+01,2.125442905826209028e+01
7.025721634752787281e+01,2.241728576902955083e+01
7.027722206344670042e+01,2.232493043733571270e+01
7.029722777936552802e+01,2.163293495947164757e+01
7.031723349528436984e+01,2.176218658003643469e+01
7.033723921120321165e+01,2.123267048418416181e+01
7.035724492712203926e+01,2.056739564196151093e+01
7.037725064304086686e+01,1.939687595052898672e+01
7.039725635895970868e+01,1.919987605850340628e+01
7.041726207487855049e+01,1.867337165284482481e+01
7.043726779079736389e+01,1.805240433906120145e+01
7.045727350671620570e+01,1.826642218570032128e+01
7.047727922263504752e+01,1.732980758644507091e+01
7.049728493855387512e+01,1.669827123938254942e+01
7.051729065447270273e+01,1.609919560000357208e+01
7.053729637039154454e+01,1.604375926836635102e+01
7.055730208631038636e+01,1.660819678568711311e+01
7.057730780222921396e+01,1.635253148715907656e+01
7.059731351814804157e+01,1.597043538028817267e+01
7.061731923406688338e+01,1.652372458502997432e+01
7.063732494998571099e+01,1.700331666801599795e+01
7.065733066590453859e+01,1.739824915234635938e+01
7.067733638182338041e+01,1.712148072049862435e+01
7.069734209774222222e+01,1.801643367721337441e+01
7.071734781366104983e+01,1.762321007288995389e+01
7.073735352957987743e+01,1.805347472256769947e+01
7.075735924549871925e+01,1.717879426572614676e+01
7.077736496141756106e+01,1.715765152262082438e+01
7.079737067733638867e+01,1.613904332185099122e+01
7.081737639325521627e+01,1.586347598928283631e+01
7.083738210917405809e+01,1.607007130623539126e+01
7.085738782509288569e+01,1.479423785459610130e+01
7.087739354101171330e+01,1.471187411757743746e+01
7.089739925693055511e+01,1.420147271692285074e+01
7.091740497284939693e+01,1.440642589886105895e+01
7.093741068876822453e+01,1.270411325693774884e+01
7.095741640468705214e+01,1.343160309197118707e+01
7.097742212060589395e+01,1.287221904964800245e+01
7.099742783652472156e+01,1.303556416244922644e+01
7.101743355244354916e+01,1.244459095575853169e+01
7.103743926836239098e+01,1.215950325133203336e+01
7.105744498428123279e+01,1.345895860720664672e+01
7.107745070020006040e+01,1.395841068187584710e+01
7.109745641611888800e+01,1.412763898985655331e+01
7.111746213203772982e+01,1.361563300684307798e+01
7.113746784795657163e+01,1.520223283489269051e+01
7.115747356387539924e+01,1.463687402959399364e+01
7.117747927979422684e+01,1.498730226410994248e+01
7.119748499571306866e+01,1.515218363266620116e+01
7.121749071163189626e+01,1.416968258444755691e+01
7.123749642755072387e+01,1.523822832315256903e+01
7.125750214346956568e+01,1.358814577069117746e+01
7.127750785938840750e+01,1.448562039981660021e+01
7.129751357530723510e+01,1.282025160439749811e+01
7.131751929122606271e+01,1.242142746945227749e+01
7.133752500714490452e+01,1.293821632781511966e+01
7.135753072306374634e+01,1.228872868489065340e+01
7.137753643898255973e+01,1.115085784207103003e+01
7.139754215490140155e+01,1.016526648349815076e+01
7.141754787082024336e+01,9.465650058589593741e+00
7.143755358673907097e+01,9.232793188468450651e+00
7.145755930265789857e+01,7.757451849595190296e+00
7.147756501857674039e+01,7.615254308263327943e+00
7.149757073449558220e+01,7.533015105941013090e+00
7.151757645041440981e+01,7.614862028375450009e+00
7.153758216633323741e+01,6.696518715622554296e+00
7.155758788225207923e+01,6.841850513060121486e+00
7.157759359817090683e+01,5.762988375577400291e+00
7.159759931408973443e+01,6.031473378905377380e+00
7.161760503000857625e+01,5.998541167378063754e+00
7.163761074592741807e+01,6.107121474781170178e+00
7.165761646184624567e+01,6.164468808850872783e+00
7.167762217776507327e+01,6.020062694236984591e+00
7.169762789368391509e+01,5.290993424141118950e+00
7.171763360960275691e+01,5.240837076829853558e+00
7.173763932552158451e+01,5.630863826649679993e+00
7.175764504144041211e+01,6.075914757908320141e+00
7.177765075735925393e+01,5.727122166782390167e+00
7.179765647327808153e+01,4.996749013271655215e+00
7.181766218919690914e+01,5.894147437088822272e+00
7.183766790511575095e+01,5.240466830125450670e+00
7.185767362103459277e+01,5.492708052049948719e+00
7.187767933695342037e+01,4.554582452732455877e+00
7.189768505287224798e+01,5.431670024450454548e+00
7.191769076879108979e+01,4.989296021581603569e+00
7.193769648470991740e+01,4.731640785680661487e+00
7.195770220062874500e+01,4.467393378216974575e+00
7.197770791654758682e+01,4.616601961431306300e+00
7.199771363246642863e+01,5.222303075942084760e+00
7.201771934838525624e+01,4.734853349627694108e+00
7.203772506430408384e+01,5.045008261672181860e+00
7.205773078022292566e+01,4.489022289845434166e+00
7.207773649614176747e+01,3.557936023039545592e+00
7.209774221206059508e+01,4.973822977239292342e+00
7.211774792797942268e+01,3.892730803499483194e+00
7.213775364389826450e+01,4.983946259143149149e+00
7.215775935981709210e+01,3.705385973195151283e+00
7.217776507573591971e+01,4.251267683116259910e+00
7.219777079165476152e+01,4.715344017811782251e+00
7.221777650757360334e+01,4.157055948291806580e+00
7.223778222349243094e+01,4.337251208710521944e+00
7.225778793941125855e+01,4.222396381890084704e+00
7.227779365533010036e+01,4.788102310743816759e+00
7.229779937124894218e+01,4.182073498364560216e+00
7.231780508716775557e+01,3.724953147233517115e+00
7.233781080308659739e+01,4.581168072088613208e+00
7.235781651900543920e+01,4.198813632512798044e+00
7.237782223492426681e+01,4.235754836441941507e+00
7.239782795084309441e+01,5.653169833642029296e+00
7.241783366676193623e+01,4.994983303009048470e+00
7.243783938268077804e+01,5.255000041694873225e+00
7.245784509859960565e+01,4.797990144232535670e+00
7.247785081451843325e+01,5.460007569585107134e+00
7.249785653043727507e+01,5.657688182769234686e+00
7.251786224635610267e+01,4.794039867173720104e+00
7.253786796227493028e+01,5.782502083099643642e+00
7.255787367819377209e+01,6.297239943241939031e+00
7.257787939411261391e+01,5.205677150869230552e+00
7.259788511003144151e+01,5.507660136006259144e+00
7.261789082595026912e+01,5.118260571972744088e+00
7.263789654186911093e+01,4.660520423313267102e+00
7.265790225778795275e+01,5.758542908097969537e+00
7.267790797370678035e+01,5.126902997469874990e+00
7.269791368962560796e+01,5.050232613904523937e+00
7.271791940554444977e+01,4.610715429434563362e+00
7.273792512146327738e+01,5.389063330312437117e+00
7.275793083738210498e+01,3.992393218204934868e+00
7.277793655330094680e+01,3.897354386130702064e+00
7.279794226921978861e+01,3.454700051756675716e+00
7.281794798513861622e+01,3.651061991793608463e+00
7.283795370105744382e+01,4.007797206837657278e+00
7.285795941697628564e+01,3.902164219574649096e+00
7.287796513289511324e+01,4.465020985839184497e+00
7.289797084881394085e+01,3.979863237485308236e+00
7.291797656473278266e+01,4.002877686649929601e+00
7.293798228065162448e+01,3.944045630452149620e+00
7.295798799657045208e+01,3.945965762636630458e+00
7.297799371248927969e+01,3.998262644868897375e+00
7.299799942840812150e+01,3.922011950278100567e+00
7.301800514432696332e+01,4.425707817890624618e+00
7.303801086024579092e+01,4.495186246641255323e+00
7.305801657616461853e+01,3.401200259473895926e+00
7.307802229208346034e+01,3.698853682123637743e+00
7.309802800800228795e+01,4.168711553201009501e+00
7.311803372392111555e+01,4.313504293661533318e+00
7.313803943983995737e+01,4.047345063173025892e+00
7.315804515575879918e+01,4.006788979437529541e+00
7.317805087167762679e+01,3.480180627826198414e+00
7.319805658759645439e+01,4.521281469060241420e+00
7.321806230351529621e+01,4.721221882330169706e+00
7.323806801943413802e+01,5.257556384220719359e+00
7.325807373535295142e+01,4.660807419801861862e+00
7.327807945127179323e+01,5.029422874116016295e+00
7.329808516719063505e+01,5.565184746915480929e+00
7.331809088310946265e+01,4.617313849347146615e+00
7.333809659902829026e+01,4.447775879019675749e+00
7.335810231494713207e+01,5.084796705918892989e+00
7.337810803086597389e+01,5.869119837703934195e+00
7.339811374678480149e+01,5.532854533706727196e+00
7.341811946270362910e+01,5.783878051929796094e+00
7.343812517862247091e+01,4.910536301312171226e+00
7.345813089454129852e+01,4.989523118533496060e+00
7.347813661046012612e+01,4.140480660662604784e+00
7.349814232637896794e+01,4.909725523794558733e+00
7.351814804229780975e+01,4.785450561801942726e+00
7.353815375821663736e+01,4.368314171536067825e+00
7.355815947413546496e+01,4.556838755092675441e+00
7.357816519005430678e+01,4.392084369549458245e+00
7.359817090597314859e+01,4.833059987175277961e+00
7.361817662189197620e+01,4.417133248448314120e+00
7.363818233781080380e+01,4.104738103825937401e+00
7.365818805372964562e+01,3.577304808789588453e+00
7.367819376964847322e+01,4.352962003659108348e+00
7.369819948556730083e+01,3.753908181058534410e+00
7.371820520148614264e+01,3.071823306836209078e+00
7.373821091740498446e+01,4.184228814374408856e+00
7.375821663332381206e+01,4.362264314025972034e+00
7.377822234924263967e+01,3.292792728923220391e+00
7.379822806516148148e+01,3.421055656063694883e+00
7.381823378108030909e+01,3.740371668591633281e+00
7.383823949699913669e+01,3.805468085749494023e+00
7.385824521291797851e+01,3.927816704206598786e+00
7.387825092883682032e+01,4.216859242927214702e+00
7.389825664475564793e+01,2.950231247620286990e+00
7.391826236067447553e+01,3.798473831604074036e+00
7.393826807659331735e+01,3.636388672615209927e+00
7.395827379251215916e+01,3.015227240526176633e+00
7.397827950843098677e+01,3.762066544426031278e+00
7.399828522434981437e+01,3.821778218505368585e+00
7.401829094026865619e+01,4.274153946368342893e+00
7.403829665618748379e+01,3.225261535561371851e+00
7.405830237210632561e+01,3.434554632112532868e+00
7.407830808802515321e+01,3.420702947608849520e+00
7.409831380394398082e+01,3.498086172456732701e+00
7.411831951986282263e+01,3.129568115672605622e+00
7.413832523578165024e+01,3.526145093513040951e+00
7.415833095170049205e+01,3.729142320743023653e+00
7.417833666761931966e+01,3.156328101992444068e+00
7.419834238353816147e+01,3.821672356973135010e+00
7.421834809945698908e+01,3.766388372270143670e+00
7.423835381537583089e+01,3.987281863868186171e+00
7.425835953129465850e+01,3.140476299303514018e+00
7.427836524721348610e+01,3.552673778731673337e+00
7.429837096313232792e+01,3.798410617475487250e+00
7.431837667905115552e+01,3.445953971412762940e+00
7.433838239496999734e+01,3.758888460524508091e+00
7.435838811088882494e+01,4.045367925445624735e+00
7.437839382680766676e+01,4.592758477046950283e+00
7.439839954272649436e+01,4.000262666227266450e+00
7.441840525864533618e+01,4.170062747065395037e+00
7.443841097456416378e+01,3.952958260525010203e+00
7.445841669048300560e+01,4.245871276372019665e+00
7.447842240640183320e+01,3.697861961205300751e+00
7.449842812232066080e+01,3.685671371676491503e+00
7.451843383823950262e+01,4.156286324136297949e+00
7.453843955415833022e+01,4.354078215815577302e+00
7.455844527007717204e+01,4.019250079940476894e+00
7.457845098599599964e+01,4.193890069964750111e+00
7.459845670191484146e+01,3.406656935237931449e+00
7.461846241783366906e+01,4.435296529984366742e+00
7.463846813375251088e+01,3.735364908747444090e+00
7.465847384967133848e+01,4.446277936460927727e+00
7.467847956559016609e+01,4.197349377368642998e+00
7.469848528150900790e+01,4.353590564234040450e+00
7.471849099742783551e+01,4.470675857445771229e+00
7.473849671334667732e+01,4.435543658674673928e+00
7.475850242926550493e+01,4.614751776500948921e+00
7.477850814518434674e+01,4.288613451571565705e+00
7.479851386110317435e+01,3.928042204787897340e+00
7.481851957702201616e+01,4.640589574936220707e+00
7.483852529294084377e+01,4.415798643453697991e+00
7.485853100885967137e+01,4.701869496546521532e+00
7.487853672477851319e+01,4.576127065695787088e+00
7.489854244069734079e+01,4.666267739089748012e+00
7.491854815661618261e+01,4.874736750466041713e+00
7.493855387253501021e+01,4.844529280863881127e+00
7.495855958845385203e+01,5.060812936310290944e+00
7.497856530437267963e+01,5.014150281158697986e+00
7.499857102029152145e+01,4.871451457088036285e+00
7.501857673621034905e+01,4.687486707253401441e+00
7.503858245212917666e+01,5.367325746934998421e+00
7.505858816804801847e+01,4.381527906791865767e+00
7.507859388396684608e+01,5.307035377228720208e+00
7.509859959988568789e+01,5.604401220790511395e+00
7.511860531580451550e+01,5.481415028782839372e+00
7.513861103172335731e+01,5.544275274675142029e+00
7.515861674764218492e+01,5.229459776167855622e+00
7.517862246356102673e+01,5.366165791736400514e+00
7.519862817947985434e+01,4.873550518076861238e+00
7.521863389539868194e+01,5.156620140820304954e+00
7.523863961131752376e+01,6.003370843698011328e+00
7.525864532723635136e+01,5.572425163326761854e+00
7.527865104315519318e+01,4.958603988154252740e+00
7.529865675907402078e+01,5.679415430152882749e+00
7.531866247499286260e+01,5.567557358084229691e+00
7.533866819091169020e+01,5.606863429945869726e+00
7.535867390683053202e+01,5.990350724538311411e+00
7.537867962274935962e+01,5.777097798618966884e+00
7.539868533866820144e+01,5.338041795909020948e+00
7.541869105458702904e+01,6.036350302623684883e+00
7.543869677050585665e+01,5.698770124329421094e+00
7.545870248642469846e+01,4.929395509153469135e+00
7.547870820234352607e+01,4.800618881569537422e+00
7.549871391826236788e+01,5.522313867916243346e+00
7.551871963418119549e+01,5.202820034133845084e+00
7.553872535010003730e+01,5.206880561107654515e+00
7.555873106601886491e+01,5.639616120291019108e+00
7.557873678193770672e+01,5.216991613557090623e+00
7.559874249785653433e+01,5.341882774220136909e+00
7.561874821377536193e+01,5.724664477029337561e+00
7.563875392969420375e+01,5.195509742169175382e+00
7.565875964561303135e+01,4.805786001742745839e+00
7.567876536153187317e+01,4.961691956297948458e+00
7.569877107745070077e+01,5.102341622588561165e+00
7.571877679336954259e+01,4.739377302392984603e+00
7.573878250928837019e+01,4.799407059759356997e+00
7.575878822520721201e+01,4.686016830566058999e+00
7.577879394112603961e+01,4.206307744894807854e+00
7.579879965704486722e+01,4.229548603877854696e+00
7.581880537296370903e+01,4.297554776355012152e+00
7.583881108888253664e+01,4.184652685965188468e+00
7.585881680480137845e+01,4.351287496424896872e+00
7.587882252072020606e+01,3.704763549149988400e+00
7.589882823663904787e+01,3.895401674811764359e+00
7.591883395255787548e+01,3.665942962711527642e+00
7.593883966847671729e+01,3.330699158436039475e+00
7.595884538439554490e+01,4.690169126118567178e+00
7.597885110031437250e+01,3.920451111203883343e+00
7.599885681623321432e+01,3.495080523851564536e+00
7.601886253215204192e+01,3.710186545399943636e+00
7.603886824807088374e+01,3.373204025585832433e+00
7.605887396398971134e+01,4.527208843892367440e+00
7.607887967990855316e+01,4.533259046537149395e+00
7.609888539582738076e+01,4.086490715639496507e+00
7.611889111174622258e+01,4.075956258179006753e+00
7.613889682766505018e+01,3.725457729704902299e+00
7.615890254358387779e+01,3.277969422243586894e+00
7.617890825950271960e+01,3.574622359305158703e+00
7.619891397542154721e+01,4.617646595894495221e+00
7.621891969134038902e+01,3.714612097495103349e+00
7.623892540725921663e+01,4.358222996839978158e+00
7.625893112317805844e+01,4.387494096418313561e+00
7.627893683909688605e+01,3.893590914952358872e+00
7.629894255501572786e+01,3.007409014120752122e+00
7.631894827093455547e+01,3.765573044732490882e+00
7.633895398685339728e+01,3.929093559550143944e+00
7.635895970277222489e+01,4.585254954582331344e+00
7.637896541869105249e+01,4.389290695502315209e+00
7.639897113460989431e+01,3.358805559243398964e+00
7.641897685052872191e+01,3.542881749706016326e+00
7.643898256644756373e+01,3.640553800658784755e+00
7.645898828236639133e+01,3.394758298674069863e+00
7.647899399828523315e+01,3.503687040141638676e+00
7.649899971420406075e+01,3.871691725809099260e+00
7.651900543012290257e+01,3.990750459300979713e+00
7.653901114604173017e+01,3.632255179524914723e+00
7.655901686196055778e+01,4.516878046225393462e+00
7.657902257787939959e+01,3.996055880730621013e+00
7.659902829379822720e+01,3.750994212154084018e+00
7.661903400971706901e+01,4.150731931364786576e+00
7.663903972563589662e+01,3.551702387867022637e+00
7.665904544155473843e+01,3.673783440985113558e+00
7.667905115747356604e+01,3.576714339299902790e+00
7.669905687339240785e+01,3.591698672834325201e+00
7.671906258931123546e+01,3.188173478678245409e+00
7.673906830523006306e+01,4.140528412322524332e+00
7.675907402114890488e+01,3.123307655631339941e+00
7.677907973706773248e+01,4.541752499940685972e+00
7.679908545298657430e+01,4.436800352560473115e+00
7.681909116890540190e+01,3.799915437822582120e+00
7.683909688482424372e+01,3.222279228855165378e+00
7.685910260074307132e+01,3.798046806121197605e+00
7.687910831666191314e+01,4.317752986424719275e+00
7.689911403258074074e+01,4.524225190183460477e+00
7.691911974849956835e+01,3.235464763001185684e+00
7.693912546441841016e+01,4.312695129017042106e+00
7.695913118033723777e+01,4.491029052253631804e+00
7.697913689625607958e+01,3.477701689721308220e+00
7.699914261217490719e+01,3.647820837324894150e+00
7.701914832809374900e+01,3.933314312348366037e+00
7.703915404401257661e+01,3.686608513473975446e+00
7.705915975993141842e+01,4.051637509343170684e+00
7.707916547585024603e+01,3.225589251527535950e+00
7.709917119176907363e+01,3.811840348071601881e+00
7.711917690768791545e+01,4.050788732235360179e+00
7.713918262360674305e+01,4.283489648460217403e+00
7.715918833952558487e+01,3.635311824311916684e+00
7.717919405544441247e+01,3.518005323980066823e+00
7.719919977136325429e+01,4.289049212991284499e+00
7.721920548728208189e+01,3.324044295296129548e+00
7.723921120320092371e+01,3.510730643308706433e+00
7.725921691911975131e+01,4.202971857977415127e+00
7.727922263503859313e+01,2.759323903113776844e+00
7.729922835095742073e+01,3.537519063945025799e+00
7.731923406687624833e+01,3.116782004718287702e+00
7.733923978279509015e+01,4.178529459098910159e+00
7.735924549871391775e+01,3.006480179159340960e+00
7.737925121463275957e+01,3.558206455478227337e+00
7.739925693055158717e+01,2.838103482391755694e+00
7.741926264647042899e+01,3.973797549013956321e+00
7.743926836238925659e+01,2.946834452696029949e+00
7.745927407830809841e+01,2.783637240621027686e+00
7.747927979422692601e+01,3.844495723750711136e+00
7.749928551014575362e+01,3.806951802678618435e+00
7.751929122606459543e+01,3.043273084716956678e+00
7.753929694198342304e+01,3.368305906667855787e+00
7.755930265790226485e+01,3.421868307173094870e+00
7.757930837382109246e+01,3.925517481859759794e+00
7.759931408973993427e+01,3.144472371942446998e+00
7.761931980565876188e+01,3.217088824767628807e+00
7.763932552157760369e+01,3.977543878414223855e+00
7.765933123749643130e+01,4.015313169584084463e+00
7.767933695341525890e+01,2.901169213461670449e+00
7.769934266933410072e+01,3.932277035829003342e+00
7.771934838525292832e+01,3.461946321082950639e+00
7.773935410117177014e+01,4.179034869579528078e+00
7.775935981709059774e+01,3.191768938441441605e+00
7.777936553300943956e+01,3.647729026154187260e+00
7.779937124892826716e+01,3.624992698077775799e+00
7.781937696484710898e+01,3.629310477989804884e+00
7.783938268076593658e+01,3.263964565953889618e+00
7.785938839668476419e+01,3.184507089466376506e+00
7.787939411260360600e+01,2.816060006870509280e+00
7.789939982852243361e+01,3.527002660177764426e+00
7.791940554444127542e+01,3.913476926614332108e+00
7.793941126036010303e+01,3.950721909145836541e+00
7.795941697627894484e+01,2.974331678299261483e+00
7.797942269219777245e+01,3.066446420839312292e+00
7.799942840811661426e+01,3.043979151704394592e+00
7.801943412403544187e+01,3.983860689161717428e+00
7.803943983995426947e+01,3.645675973132273651e+00
7.805944555587311129e+01,3.770557075827870808e+00
7.807945127179193889e+01,3.614684749463421554e+00
7.809945698771078071e+01,3.508777279029966500e+00
7.811946270362960831e+01,3.129284176354643066e+00
7.813946841954845013e+01,2.730590484026713227e+00
7.815947413546727773e+01,4.153168888583411267e+00
7.817947985138611955e+01,3.044051115616472902e+00
7.819948556730494715e+01,3.346617382822731024e+00
7.821949128322378897e+01,3.368679550649777532e+00
7.823949699914261657e+01,3.645238709435253188e+00
7.825950271506144418e+01,3.265156931776717730e+00
7.827950843098028599e+01,2.882431649392522832e+00
7.829951414689911360e+01,3.176182644502693275e+00
7.831951986281795541e+01,3.401304110304774309e+00
7.833952557873678302e+01,3.571516078713157683e+00
7.835953129465562483e+01,3.908927707072331170e+00
7.837953701057445244e+01,3.964149965729334202e+00
7.839954272649329425e+01,3.456590695904235400e+00
7.841954844241212186e+01,3.558475113787695321e+00
7.843955415833094946e+01,3.799817096631702640e+00
7.845955987424979128e+01,2.755143039334404520e+00
7.847956559016861888e+01,3.493461160856043080e+00
7.849957130608746070e+01,3.704375623778593418e+00
7.851957702200628830e+01,3.381351947804076552e+00
7.853958273792513012e+01,3.522687880399513194e+00
7.855958845384395772e+01,3.103330095592611748e+00
7.857959416976279954e+01,4.301731663863220589e+00
7.859959988568162714e+01,3.837729350341829715e+00
7.861960560160045475e+01,4.147121835047379967e+00
7.863961131751929656e+01,3.674300202055766462e+00
7.865961703343812417e+01,3.481055725602499429e+00
7.867962274935696598e+01,3.452919000567045593e+00
7.869962846527579359e+01,3.522239892297469588e+00
7.871963418119463540e+01,3.376683119449286341e+00
7.873963989711346301e+01,3.478675659507557860e+00
7.875964561303230482e+01,2.855879922202412047e+00
7.877965132895113243e+01,3.372582925844567647e+00
7.879965704486996003e+01,3.525158837919329713e+00
7.881966276078880185e+01,3.415316435858156918e+00
7.883966847670762945e+01,4.297647113904083938e+00
7.885967419262647127e+01,2.736406665066397181e+00
7.887967990854529887e+01,3.554293272676098070e+00
7.889968562446414069e+01,4.123761824121099373e+00
7.891969134038296829e+01,3.657956781766070975e+00
7.893969705630181011e+01,3.339291690991573525e+00
7.895970277222063771e+01,3.505817855368729585e+00
7.897970848813946532e+01,3.737580488081519103e+00
7.899971420405830713e+01,3.687516586544045794e+00
7.901971991997713474e+01,2.931133024499847473e+00
7.903972563589597655e+01,3.190215756959468685e+00
7.905973135181480416e+01,3.724920724943472372e+00
7.907973706773364597e+01,3.816361246424994746e+00
7.909974278365247358e+01,3.511931028795636678e+00
7.911974849957131539e+01,3.652437366520238538e+00
7.913975421549014300e+01,3.647653247646908792e+00
7.915975993140898481e+01,3.196331957164874282e+00
7.917976564732781242e+01,3.267199194859063738e+00
7.919977136324664002e+01,4.009659576940299175e+00
7.921977707916548184e+01,3.428187886857130717e+00
7.923978279508430944e+01,4.205209131186110838e+00
7.925978851100315126e+01,3.993094073870464555e+00
7.927979422692197886e+01,3.502858359508926434e+00
7.929979994284082068e+01,4.228233118125445777e+00
7.931980565875964828e+01,3.044493997715087996e+00
7.933981137467849010e+01,4.059660295017682330e+00
7.935981709059731770e+01,3.987514446471066343e+00
7.937982280651614531e+01,3.930548187324045983e+00
7.939982852243498712e+01,4.066870103498792410e+00
7.941983423835381473e+01,3.958630984491471771e+00
7.943983995427265654e+01,5.179552461593761592e+00
7.945984567019148415e+01,4.549307167314641909e+00
7.947985138611032596e+01,5.759132935903893191e+00
7.949985710202915357e+01,5.187553771653310442e+00
7.951986281794799538e+01,5.941558100972792467e+00
7.953986853386682299e+01,5.937128068613274579e+00
7.955987424978565059e+01,6.811086758681939912e+00
7.957987996570449241e+01,6.885994578546190681e+00
7.959988568162332001e+01,6.744637354280909491e+00
7.961989139754216183e+01,7.193186303403684256e+00
7.963989711346098943e+01,7.325972038651471507e+00
7.965990282937983125e+01,6.724608159250273332e+00
7.967990854529865885e+01,7.712089823093375429e+00
7.969991426121750067e+01,6.714183457307217218e+00
7.971991997713632827e+01,6.804935665877719586e+00
7.973992569305515588e+01,6.359350971465620006e+00
7.975993140897399769e+01,6.096126347525182787e+00
7.977993712489282530e+01,5.527195075634034893e+00
7.979994284081166711e+01,5.198091211664778832e+00
7.981994855673049472e+01,5.321772088863531813e+00
7.983995427264933653e+01,5.255308398252185320e+00
7.985995998856816414e+01,5.694368878410156931e+00
7.987996570448700595e+01,4.799072315592807669e+00
7.989997142040583356e+01,4.172117615670396518e+00
7.991997713632466116e+01,4.474083305886176198e+00
7.993998285224350298e+01,5.175160724760333508e+00
7.995998856816233058e+01,5.111237213251477840e+00
7.997999428408117240e+01,4.296117159766209781e+00
8.000000000000000000e+01,3.625257856745339513e+00
