angle,intensity
1.000000000000000000e+01,9.705438641832653257e-01
1.002000571591883471e+01,1.624101256145476624e+00
1.004001143183766764e+01,1.176132217245199785e+00
1.006001714775650235e+01,1.139150024034942588e+00
1.008002286367533529e+01,1.757984089035596220e+00
1.010002857959417000e+01,1.301818038699961377e+00
1.012003429551300293e+01,1.056368473079073222e+00
1.014004001143183764e+01,1.293977126886327600e+00
1.016004572735067235e+01,8.765620751368752295e-01
1.018005144326950528e+01,1.094677328574590991e+00
1.020005715918833999e+01,1.526816984003144917e+00
1.022006287510717293e+01,2.013322881928052865e+00
1.024006859102600764e+01,1.521960817987262793e+00
1.026007430694484057e+01,1.705611221364313312e+00
1.028008002286367528e+01,7.292330903191081015e-01
1.030008573878250999e+01,5.534241750820952932e-01
1.032009145470134293e+01,1.380638164067985230e+00
1.034009717062017764e+01,1.129525792868639300e+00
1.036010288653901057e+01,1.525492909230347749e+00
1.038010860245784528e+01,1.119044338457436005e+00
1.040011431837667999e+01,8.414931811214141355e-01
1.042012003429551292e+01,1.708175845803127757e+00
1.044012575021434763e+01,1.568995163445022989e+00
1.046013146613318057e+01,1.146315907020202030e+00
1.048013718205201528e+01,1.860140660187350914e+00
1.050014289797084821e+01,1.709788113015903832e+00
1.052014861388968292e+01,1.792692149857576744e+00
1.054015432980851585e+01,1.076016886362349601e+00
1.056016004572735056e+01,1.619049027990303813e+00
1.058016576164618527e+01,1.137659366940618977e+00
1.060017147756501821e+01,1.360970312120699077e+00
1.062017719348385292e+01,1.938038880054703039e+00
1.064018290940268585e+01,1.343979020929541024e+00
1.066018862532152056e+01,3.606018453123403522e-01
1.068019434124035527e+01,1.252273359503500050e+00
1.070020005715918820e+01,9.147663316231975372e-01
1.072020577307802292e+01,8.925362331519011150e-01
1.074021148899685585e+01,8.005721929505016377e-01
1.076021720491569056e+01,1.275468124091720501e+00
1.078022292083452349e+01,1.533315641750369496e+00
1.080022863675335820e+01,7.133210818443238566e-01
1.082023435267219291e+01,1.063408028582063292e+00
1.084024006859102585e+01,1.181518224582875698e+00
1.086024578450986056e+01,1.388630123692198737e+00
1.088025150042869349e+01,5.215847994562627932e-01
1.090025721634752820e+01,7.823277732414859464e-01
1.092026293226636113e+01,1.836655655304648249e+00
1.094026864818519584e+01,1.508946662150224993e+00
1.096027436410403055e+01,1.825537316007407540e+00
1.098028008002286349e+01,5.668708062955114535e-01
1.100028579594169820e+01,1.406802894387257474e+00
1.102029151186053113e+01,1.451046687741998520e+00
1.104029722777936584e+01,1.648096229878931007e+00
1.106030294369819877e+01,1.016332242460878721e+00
1.108030865961703348e+01,1.145099335058797241e+00
1.110031437553586819e+01,1.478342667306120628e+00
1.112032009145470113e+01,2.054865945512885261e+00
1.114032580737353584e+01,9.096945024230616017e-01
1.116033152329236877e+01,1.155003700447986059e+00
1.118033723921120348e+01,8.053429243681565763e-01
1.120034295513003642e+01,1.573121328172327082e+00
1.122034867104887113e+01,2.132056221988568367e+00
1.124035438696770584e+01,1.214334806245068510e+00
1.126036010288653877e+01,1.970681854811861200e+00
1.128036581880537348e+01,1.417521253631774059e+00
1.130037153472420641e+01,1.440319296981097619e+00
1.132037725064304112e+01,9.423628341596224089e-01
1.134038296656187583e+01,7.693976290352129155e-01
1.136038868248070877e+01,1.309878550031521094e+00
1.138039439839954348e+01,1.255703359678652875e+00
1.140040011431837641e+01,8.024072264167207980e-01
1.142040583023721112e+01,1.225350532169827478e+00
1.144041154615604405e+01,7.667176442980376816e-01
1.146041726207487876e+01,2.332427543291865302e+00
1.148042297799371170e+01,1.630679328569616615e+00
1.150042869391254641e+01,1.782553072436283248e+00
1.152043440983138112e+01,1.495673368937012526e+00
1.154044012575021405e+01,1.837850067729763115e+00
1.156044584166904876e+01,1.512766207249457651e+00
1.158045155758788169e+01,8.738876525525525185e-01
1.160045727350671640e+01,1.210811252022953699e+00
1.162046298942555111e+01,1.452822096740215230e+00
1.164046870534438405e+01,1.365054881832555411e+00
1.166047442126321876e+01,2.105489928744717076e+00
1.168048013718205169e+01,1.969711578019966325e+00
1.170048585310088640e+01,1.618346160484065210e+00
1.172049156901971934e+01,1.686402286618717161e+00
1.174049728493855405e+01,1.322347711636691514e+00
1.176050300085738698e+01,1.172050856270568264e+00
1.178050871677622169e+01,1.595862355819479994e+00
1.180051443269505640e+01,1.190358121739231168e+00
1.182052014861388933e+01,1.331917575086762895e+00
1.184052586453272404e+01,1.295488531801509469e+00
1.186053158045155698e+01,1.656568975370235064e+00
1.188053729637039169e+01,2.098140616881031484e+00
1.190054301228922640e+01,1.442327465312954970e+00
1.192054872820805933e+01,2.541019587851268469e+00
1.194055444412689404e+01,1.709651350267308967e+00
1.196056016004572697e+01,8.863531465512448637e-01
1.198056587596456168e+01,2.053993802811794112e+00
1.200057159188339639e+01,1.529940389260198597e+00
1.202057730780222933e+01,2.074794805072594173e+00
1.204058302372106226e+01,1.526308738185750080e+00
1.206058873963989697e+01,1.238186027568770164e+00
1.208059445555873168e+01,1.794610691649051848e+00
1.210060017147756461e+01,1.571581631150245073e+00
1.212060588739639932e+01,2.012349304806373418e+00
1.214061160331523226e+01,1.851460632976701604e+00
1.216061731923406697e+01,1.350777248878131553e+00
1.218062303515290168e+01,2.107086056927266249e+00
1.220062875107173461e+01,2.271336743950508108e+00
1.222063446699056932e+01,1.583286067408185005e+00
1.224064018290940226e+01,1.392157479600601100e+00
1.226064589882823697e+01,2.148339086269177134e+00
1.228065161474707168e+01,1.120817851283860023e+00
1.230065733066590461e+01,1.793798231932384635e+00
1.232066304658473754e+01,2.122099067392282379e+00
1.234066876250357225e+01,1.630820923235908104e+00
1.236067447842240696e+01,2.160388138702839189e+00
1.238068019434123990e+01,1.734829021321017350e+00
1.240068591026007461e+01,1.311336545831678801e+00
1.242069162617890754e+01,2.008949346351229792e+00
1.244069734209774225e+01,1.566263771429162066e+00
1.246070305801657696e+01,1.496197739877005439e+00
1.248070877393540989e+01,1.622264149748189777e+00
1.250071448985424460e+01,1.806319950240188099e+00
1.252072020577307754e+01,1.998684905093685682e+00
1.254072592169191225e+01,1.672222904541474264e+00
1.256073163761074696e+01,2.301414921261290658e+00
1.258073735352957989e+01,2.604887945732347720e+00
1.260074306944841460e+01,1.666903416460593146e+00
1.262074878536724754e+01,1.650203799878543043e+00
1.264075450128608225e+01,2.212141553365732705e+00
1.266076021720491518e+01,1.997346681562331749e+00
1.268076593312374989e+01,1.687087797871851702e+00
1.270077164904258282e+01,2.647658152351883842e+00
1.272077736496141753e+01,2.222791546455154865e+00
1.274078308088025224e+01,1.608129515706655299e+00
1.276078879679908518e+01,2.165277923608102562e+00
1.278079451271791989e+01,2.712320659035585280e+00
1.280080022863675282e+01,2.452383686133105201e+00
1.282080594455558753e+01,1.838181786426192899e+00
1.284081166047442224e+01,2.300565341888550996e+00
1.286081737639325517e+01,1.344349292142952734e+00
1.288082309231208988e+01,2.105362065488836976e+00
1.290082880823092282e+01,2.924245541363551748e+00
1.292083452414975753e+01,2.682207825542260338e+00
1.294084024006859224e+01,2.756810299445266565e+00
1.296084595598742517e+01,1.406435526726216079e+00
1.298085167190625810e+01,2.940766580328518565e+00
1.300085738782509281e+01,2.316365023158153846e+00
1.302086310374392752e+01,2.002077363028829993e+00
1.304086881966276046e+01,2.864759079348716764e+00
1.306087453558159517e+01,2.149000911195001251e+00
1.308088025150042810e+01,2.579640537426318048e+00
1.310088596741926281e+01,2.199864888962198783e+00
1.312089168333809752e+01,2.462114358509500889e+00
1.314089739925693046e+01,1.561301986186540702e+00
1.316090311517576517e+01,2.627122698364274811e+00
1.318090883109459810e+01,2.398518801183539662e+00
1.320091454701343281e+01,2.897662089669863938e+00
1.322092026293226752e+01,2.651750150285350216e+00
1.324092597885110045e+01,2.436265811418004468e+00
1.326093169476993339e+01,2.006962489180037057e+00
1.328093741068876810e+01,1.939941443993368875e+00
1.330094312660760281e+01,2.605601418177963868e+00
1.332094884252643574e+01,2.599659138898408273e+00
1.334095455844527045e+01,2.207942472959510738e+00
1.336096027436410338e+01,2.382236569363643586e+00
1.338096599028293809e+01,2.346886347674142836e+00
1.340097170620177280e+01,2.383385788248331583e+00
1.342097742212060574e+01,1.818251306570670467e+00
1.344098313803944045e+01,2.785944906374945962e+00
1.346098885395827338e+01,2.882995641779958707e+00
1.348099456987710809e+01,2.200910160116098968e+00
1.350100028579594280e+01,2.603171260133275489e+00
1.352100600171477573e+01,1.435827388305688457e+00
1.354101171763361044e+01,1.859382160923882754e+00
1.356101743355244338e+01,2.470055505106211413e+00
1.358102314947127809e+01,2.265230308517131697e+00
1.360102886539011102e+01,1.699801096726627936e+00
1.362103458130894573e+01,2.289617362449301474e+00
1.364104029722777867e+01,2.770491610357714407e+00
1.366104601314661338e+01,2.063120161809349540e+00
1.368105172906544809e+01,2.115516755601329457e+00
1.370105744498428102e+01,2.784842631136024149e+00
1.372106316090311573e+01,2.933280901498446003e+00
1.374106887682194866e+01,3.009309197826304683e+00
1.376107459274078337e+01,2.573240777100713306e+00
1.378108030865961808e+01,2.848334716840524194e+00
1.380108602457845102e+01,2.216334130834184180e+00
1.382109174049728573e+01,1.601457699076971330e+00
1.384109745641611866e+01,1.993529968840828337e+00
1.386110317233495337e+01,2.631150556706687738e+00
1.388110888825378808e+01,2.199259211886048782e+00
1.390111460417262101e+01,2.465558708003516397e+00
1.392112032009145395e+01,2.055641468537563910e+00
1.394112603601028866e+01,1.779433433463601055e+00
1.396113175192912337e+01,2.544889460355974187e+00
1.398113746784795630e+01,3.114597748938772170e+00
1.400114318376679101e+01,2.479606950914100771e+00
1.402114889968562395e+01,1.952668486854713281e+00
1.404115461560445866e+01,2.126412085788762951e+00
1.406116033152329337e+01,2.612270699570903520e+00
1.408116604744212630e+01,2.799503418493288542e+00
1.410117176336095923e+01,3.249706802132747985e+00
1.412117747927979394e+01,2.500207940476134816e+00
1.414118319519862865e+01,2.599326090993420380e+00
1.416118891111746336e+01,2.607293940099449259e+00
1.418119462703629630e+01,2.256183946630484716e+00
1.420120034295512923e+01,2.924222058588955342e+00
1.422120605887396394e+01,2.883855877009279034e+00
1.424121177479279865e+01,2.907374672795392190e+00
1.426121749071163336e+01,3.354021872558471173e+00
1.428122320663046629e+01,3.222539825649485046e+00
1.430122892254929923e+01,3.295905411298095444e+00
1.432123463846813394e+01,2.481258049636191565e+00
1.434124035438696865e+01,2.785809392525820272e+00
1.436124607030580158e+01,2.410046262515690874e+00
1.438125178622463629e+01,3.064930723253302958e+00
1.440125750214346922e+01,3.269115309193784125e+00
1.442126321806230393e+01,3.547366937384692775e+00
1.444126893398113864e+01,2.708316951183655341e+00
1.446127464989997158e+01,2.951376029609913410e+00
1.448128036581880451e+01,3.323138282155966294e+00
1.450128608173763922e+01,3.424185488021514345e+00
1.452129179765647393e+01,3.418022232052979170e+00
1.454129751357530864e+01,3.036613736745881642e+00
1.456130322949414158e+01,3.425270370256249031e+00
1.458130894541297451e+01,3.400462930832754083e+00
1.460131466133180922e+01,3.336935088914919412e+00
1.462132037725064393e+01,3.546594803845459332e+00
1.464132609316947686e+01,4.059998465143197066e+00
1.466133180908831157e+01,3.517613126928460510e+00
1.468133752500714451e+01,3.231792498788207624e+00
1.470134324092597922e+01,3.674386982369094667e+00
1.472134895684481393e+01,3.912656919616092743e+00
1.474135467276364686e+01,3.771861056004643498e+00
1.476136038868247979e+01,4.505012971115492704e+00
1.478136610460131450e+01,4.312877736033363441e+00
1.480137182052014921e+01,4.254631212518741989e+00
1.482137753643898392e+01,3.799564392014365133e+00
1.484138325235781686e+01,4.435800920172661144e+00
1.486138896827664979e+01,4.035673766247443339e+00
1.488139468419548450e+01,3.369507398750410054e+00
1.490140040011431921e+01,4.562639027338393660e+00
1.492140611603315392e+01,4.625267322158424399e+00
1.494141183195198685e+01,3.863917569051258383e+00
1.496141754787081979e+01,4.234435579252785686e+00
1.498142326378965450e+01,3.931305269932516833e+00
1.500142897970848921e+01,4.058016697617659929e+00
1.502143469562732214e+01,4.547841482037513039e+00
1.504144041154615508e+01,4.246221360429863090e+00
1.506144612746498979e+01,4.292582910958586240e+00
1.508145184338382450e+01,4.220815070131936686e+00
1.510145755930265921e+01,4.495138490757653926e+00
1.512146327522149214e+01,4.599227522082349751e+00
1.514146899114032507e+01,4.888613199083842176e+00
1.516147470705915978e+01,4.665377319688157165e+00
1.518148042297799449e+01,4.391977828552750651e+00
1.520148613889682920e+01,4.306025823138086572e+00
1.522149185481566214e+01,4.532861604098183506e+00
1.524149757073449507e+01,4.884607462390168742e+00
1.526150328665332978e+01,4.921749084499229099e+00
1.528150900257216449e+01,4.449136782810830582e+00
1.530151471849099742e+01,4.969319597902215335e+00
1.532152043440983036e+01,5.744813179780099865e+00
1.534152615032866507e+01,5.349016590314612074e+00
1.536153186624749978e+01,5.605192220497238864e+00
1.538153758216633449e+01,5.527065489271830501e+00
1.540154329808516742e+01,6.246611920637483273e+00
1.542154901400400036e+01,5.965713143694415521e+00
1.544155472992283507e+01,5.845510609256390211e+00
1.546156044584166978e+01,6.203941073057785971e+00
1.548156616176050449e+01,6.277671033602796768e+00
1.550157187767933742e+01,5.342523914963725140e+00
1.552157759359817035e+01,6.424187369993993535e+00
1.554158330951700506e+01,5.121760307067305895e+00
1.556158902543583977e+01,5.860576013873878054e+00
1.558159474135467271e+01,5.127246417857514338e+00
1.560160045727350742e+01,5.964523426962449193e+00
1.562160617319234035e+01,5.692346465880420148e+00
1.564161188911117506e+01,6.004727197011857420e+00
1.566161760503000977e+01,5.577791059631100445e+00
1.568162332094884270e+01,4.917231380365909565e+00
1.570162903686767564e+01,5.052968096145246335e+00
1.572163475278651035e+01,5.431213308714131216e+00
1.574164046870534506e+01,4.940930374326864438e+00
1.576164618462417977e+01,5.236381679485083041e+00
1.578165190054301270e+01,4.158771905400932667e+00
1.580165761646184563e+01,4.575090782787125221e+00
1.582166333238068034e+01,4.042564847428618435e+00
1.584166904829951505e+01,3.630530550414194479e+00
1.586167476421834799e+01,3.092539752664527963e+00
1.588168048013718270e+01,3.190349616887878881e+00
1.590168619605601563e+01,3.087737891714013916e+00
1.592169191197485034e+01,2.979277648945274581e+00
1.594169762789368505e+01,3.972901285189171183e+00
1.596170334381251799e+01,3.043181559346985310e+00
1.598170905973135092e+01,2.865464649609771985e+00
1.600171477565018563e+01,3.219681418304924048e+00
1.602172049156902034e+01,3.769588478910259166e+00
1.604172620748785505e+01,3.521593276333578437e+00
1.606173192340668976e+01,2.730562561653777642e+00
1.608173763932552092e+01,2.926249736408780500e+00
1.610174335524435563e+01,3.212404049106031056e+00
1.612174907116319034e+01,3.299163241338581187e+00
1.614175478708202505e+01,2.802148661562612553e+00
1.616176050300085620e+01,3.430391236232988472e+00
1.618176621891969091e+01,2.943711122862361584e+00
1.620177193483852562e+01,3.268872975304635276e+00
1.622177765075736033e+01,3.581668420531559427e+00
1.624178336667619504e+01,3.050713127994371110e+00
1.626178908259502620e+01,3.298209975968732444e+00
1.628179479851386091e+01,2.847436623475680939e+00
1.630180051443269562e+01,3.433555975216889156e+00
1.632180623035153033e+01,3.872065816198622556e+00
1.634181194627036149e+01,3.408083123130375203e+00
1.636181766218919620e+01,3.713857508957980169e+00
1.638182337810803091e+01,3.334813586685474895e+00
1.640182909402686562e+01,3.520442083646384557e+00
1.642183480994570033e+01,3.061902514103582273e+00
1.644184052586453504e+01,2.770729479390573680e+00
1.646184624178336620e+01,3.291379194244236306e+00
1.648185195770220091e+01,3.334379214663136359e+00
1.650185767362103562e+01,3.340617056411026020e+00
1.652186338953986677e+01,3.384870057439167468e+00
1.654186910545870148e+01,3.356240221713230110e+00
1.656187482137753619e+01,2.717500132664080859e+00
1.658188053729637090e+01,4.598740788725986128e+00
1.660188625321520561e+01,4.240507352116292594e+00
1.662189196913404032e+01,4.170442483313676618e+00
1.664189768505287148e+01,3.865734208917154469e+00
1.666190340097170619e+01,4.061349025249619160e+00
1.668190911689054090e+01,3.650107013138093048e+00
1.670191483280937561e+01,3.922755851832653295e+00
1.672192054872820677e+01,3.492347349557145098e+00
1.674192626464704148e+01,4.203969295568352749e+00
1.676193198056587619e+01,3.563116868518157343e+00
1.678193769648471090e+01,4.384117399800528503e+00
1.680194341240354561e+01,4.718964341059965761e+00
1.682194912832238032e+01,4.509034215075827134e+00
1.684195484424121148e+01,4.506398599753367762e+00
1.686196056016004619e+01,5.147831024006348066e+00
1.688196627607888090e+01,5.226735149089607013e+00
1.690197199199771205e+01,4.902812865019876121e+00
1.692197770791654676e+01,4.605908202716337385e+00
1.694198342383538147e+01,5.501129355507536900e+00
1.696198913975421618e+01,5.254188956006952793e+00
1.698199485567305089e+01,4.966163462107740401e+00
1.700200057159188560e+01,5.883837525512250366e+00
1.702200628751071676e+01,5.738867269191570308e+00
1.704201200342955147e+01,5.948681379078047726e+00
1.706201771934838618e+01,6.004695337886830409e+00
1.708202343526722089e+01,6.050436256328671547e+00
1.710202915118605205e+01,5.840983944307723164e+00
1.712203486710488676e+01,6.562500998555023557e+00
1.714204058302372147e+01,7.082876735414761704e+00
1.716204629894255618e+01,6.571329101229464342e+00
1.718205201486139089e+01,7.291474605280476418e+00
1.720205773078022204e+01,6.569080476392070267e+00
1.722206344669905675e+01,6.984060285745394836e+00
1.724206916261789146e+01,7.342894649805354668e+00
1.726207487853672617e+01,8.325205979130968714e+00
1.728208059445555733e+01,8.699002088537712396e+00
1.730208631037439204e+01,7.784690061133372474e+00
1.732209202629322675e+01,8.753681731922279496e+00
1.734209774221206146e+01,8.512440558142172264e+00
1.736210345813089617e+01,8.898651199435848369e+00
1.738210917404973088e+01,8.666196648003161584e+00
1.740211488996856204e+01,9.158002473080777861e+00
1.742212060588739675e+01,1.016878836312633183e+01
1.744212632180623146e+01,1.026472019106063271e+01
1.746213203772506262e+01,9.947119678170540880e+00
1.748213775364389733e+01,9.800662832054026552e+00
1.750214346956273204e+01,1.054236024437203234e+01
1.752214918548156675e+01,1.052901701433131976e+01
1.754215490140040146e+01,1.084466094249652990e+01
1.756216061731923617e+01,1.194671306479912332e+01
1.758216633323806732e+01,1.236560171057188384e+01
1.760217204915690203e+01,1.193409961703222599e+01
1.762217776507573674e+01,1.308513384484584918e+01
1.764218348099457145e+01,1.322166854639002231e+01
1.766218919691340261e+01,1.318869052272449238e+01
1.768219491283223732e+01,1.290763332792324292e+01
1.770220062875107203e+01,1.381673918269904000e+01
1.772220634466990674e+01,1.491731161965964958e+01
1.774221206058874145e+01,1.421458682296025167e+01
1.776221777650757616e+01,1.587863064358684184e+01
1.778222349242640732e+01,1.516763638635919698e+01
1.780222920834524203e+01,1.559748787144041948e+01
1.782223492426407674e+01,1.553230260146334274e+01
1.784224064018290790e+01,1.613918551390501932e+01
1.786224635610174261e+01,1.743730040431699990e+01
1.788225207202057732e+01,1.690983666659005280e+01
1.790225778793941203e+01,1.766557059787557904e+01
1.792226350385824674e+01,1.774424930856262250e+01
1.794226921977708145e+01,1.750575676603588704e+01
1.796227493569591260e+01,1.751165978257938249e+01
1.798228065161474731e+01,1.728705915881760546e+01
1.800228636753358202e+01,1.756873719645863474e+01
1.802229208345241318e+01,1.764235339988456985e+01
1.804229779937124789e+01,1.744004714251348176e+01
1.806230351529008260e+01,1.743318048836877665e+01
1.808230923120891731e+01,1.659574201627705037e+01
1.810231494712775202e+01,1.581267679288238348e+01
1.812232066304658673e+01,1.531713282270097842e+01
1.814232637896542144e+01,1.546525999107184646e+01
1.816233209488425260e+01,1.518344442506377590e+01
1.818233781080308731e+01,1.554797520063504379e+01
1.820234352672191847e+01,1.449228165414050551e+01
1.822234924264075318e+01,1.374116004209719932e+01
1.824235495855958789e+01,1.320386352934493779e+01
1.826236067447842260e+01,1.182186514445094616e+01
1.828236639039725731e+01,1.211767570016608708e+01
1.830237210631609202e+01,1.169929698993678713e+01
1.832237782223492673e+01,1.093886151240756277e+01
1.834238353815375788e+01,1.034872058904981529e+01
1.836238925407259259e+01,1.042496580274469231e+01
1.838239496999142730e+01,1.050717291811205456e+01
1.840240068591025846e+01,8.720374386425675084e+00
1.842240640182909317e+01,9.339416694218479975e+00
1.844241211774792788e+01,9.230577152387560602e+00
1.846241783366676259e+01,7.704982918875540321e+00
1.848242354958559730e+01,8.268858057000020523e+00
1.850242926550443201e+01,7.755440382609359418e+00
1.852243498142326672e+01,7.118450120620792632e+00
1.854244069734209788e+01,6.989663763371950722e+00
1.856244641326093259e+01,6.941878177445323317e+00
1.858245212917976374e+01,7.177592626555350463e+00
1.860245784509859845e+01,6.495137482722766364e+00
1.862246356101743316e+01,5.982371124017781483e+00
1.864246927693626787e+01,7.055049062010856353e+00
1.866247499285510258e+01,6.890100476304491295e+00
1.868248070877393729e+01,6.566989145358526514e+00
1.870248642469277200e+01,5.992904213433763339e+00
1.872249214061160316e+01,5.902599696108759453e+00
1.874249785653043787e+01,6.734473106043170176e+00
1.876250357244927258e+01,7.013376678727517799e+00
1.878250928836810374e+01,6.818466978691356317e+00
1.880251500428693845e+01,6.436406377340258445e+00
1.882252072020577316e+01,6.904811438091873477e+00
1.884252643612460787e+01,7.346948672782942502e+00
1.886253215204344258e+01,6.669115913514380267e+00
1.888253786796227729e+01,7.721967479275077650e+00
1.890254358388111200e+01,7.311346012919148762e+00
1.892254929979994316e+01,6.981436797512607484e+00
1.894255501571877787e+01,7.701281192704009015e+00
1.896256073163760902e+01,7.201808105898084733e+00
1.898256644755644373e+01,8.067593794741732438e+00
1.900257216347527844e+01,7.951953710865926617e+00
1.902257787939411315e+01,8.047664396435198597e+00
1.904258359531294786e+01,7.944305478199781945e+00
1.906258931123178257e+01,7.466768817896728194e+00
1.908259502715061728e+01,8.741176802131930046e+00
1.910260074306944844e+01,8.309047571076265015e+00
1.912260645898828315e+01,8.164359177387689570e+00
1.914261217490711431e+01,9.023605256221756576e+00
1.916261789082594902e+01,8.563263929401351504e+00
1.918262360674478373e+01,7.737766416264840075e+00
1.920262932266361844e+01,8.412539518417533557e+00
1.922263503858245315e+01,7.989965007442719092e+00
1.924264075450128786e+01,8.612167673000516999e+00
1.926264647042012257e+01,8.000264387643236219e+00
1.928265218633895373e+01,7.980958846504998760e+00
1.930265790225778844e+01,7.449199964557548626e+00
1.932266361817662315e+01,7.757424842269461607e+00
1.934266933409545430e+01,7.289801012511664347e+00
1.936267505001428901e+01,6.769425646830569576e+00
1.938268076593312372e+01,6.686801162066869253e+00
1.940268648185195843e+01,6.766140768309331754e+00
1.942269219777079314e+01,6.761046873022783288e+00
1.944269791368962785e+01,6.001987892112788714e+00
1.946270362960846256e+01,6.026926971934985389e+00
1.948270934552729372e+01,5.910420846526029948e+00
1.950271506144612843e+01,5.734799283704462347e+00
1.952272077736495959e+01,5.186187933099896341e+00
1.954272649328379430e+01,5.155895694463332291e+00
1.956273220920262901e+01,4.299429571746140155e+00
1.958273792512146372e+01,4.547037601347686753e+00
1.960274364104029843e+01,4.200247975417423341e+00
1.962274935695913314e+01,4.424365213101431493e+00
1.964275507287796785e+01,4.544612355062495723e+00
1.966276078879679901e+01,4.662187784344997254e+00
1.968276650471563372e+01,4.508686018415657415e+00
1.970277222063446487e+01,3.795141927306764806e+00
1.972277793655329958e+01,4.499682947457309012e+00
1.974278365247213429e+01,3.835024823237522362e+00
1.976278936839096900e+01,3.481268455685293972e+00
1.978279508430980371e+01,3.765260659652118758e+00
1.980280080022863842e+01,3.476552208305084157e+00
1.982280651614747313e+01,3.496729559990360947e+00
1.984281223206630784e+01,3.784523247809073343e+00
1.986281794798513900e+01,4.200686480507170195e+00
1.988282366390397371e+01,3.699016795630109655e+00
1.990282937982280487e+01,3.262908020827391731e+00
1.992283509574163958e+01,3.673151968590440575e+00
1.994284081166047429e+01,3.964810928458764039e+00
1.996284652757930900e+01,3.654188729273945668e+00
1.998285224349814371e+01,3.845540299578722454e+00
2.000285795941697842e+01,4.543294306237585012e+00
2.002286367533581313e+01,3.892901926350049280e+00
2.004286939125464428e+01,3.401607895313904173e+00
2.006287510717347899e+01,3.071210614952498474e+00
2.008288082309231015e+01,3.879630371336031835e+00
2.010288653901114486e+01,3.962726129835686173e+00
2.012289225492997957e+01,3.989006865276388147e+00
2.014289797084881428e+01,3.124812630527945778e+00
2.016290368676764899e+01,4.393368991414407176e+00
2.018290940268648370e+01,4.058633194698336943e+00
2.020291511860531841e+01,3.486127945933193750e+00
2.022292083452414957e+01,3.505855232399990307e+00
2.024292655044298428e+01,4.175489326886896002e+00
2.026293226636181899e+01,3.833468028911171999e+00
2.028293798228065015e+01,4.084149214531366923e+00
2.030294369819948486e+01,4.163733056272652000e+00
2.032294941411831957e+01,3.934042566646980710e+00
2.034295513003715428e+01,3.986997926825329497e+00
2.036296084595598899e+01,4.180499746097926739e+00
2.038296656187482370e+01,4.220693011620357815e+00
2.040297227779365841e+01,4.069637767268762474e+00
2.042297799371248956e+01,4.901157361675851476e+00
2.044298370963132427e+01,4.969332413655606295e+00
2.046298942555015543e+01,4.216281517568494230e+00
2.048299514146899014e+01,4.261127108034447275e+00
2.050300085738782485e+01,3.752161285773630617e+00
2.052300657330665956e+01,4.178253120488054861e+00
2.054301228922549427e+01,4.342572946799057476e+00
2.056301800514432898e+01,3.813329825235237891e+00
2.058302372106316369e+01,4.656184777464035918e+00
2.060302943698199485e+01,4.125034251864865276e+00
2.062303515290082956e+01,5.089406973723809458e+00
2.064304086881966072e+01,4.646909465418000096e+00
2.066304658473849543e+01,4.561801107552136969e+00
2.068305230065733014e+01,5.133607011328225056e+00
2.070305801657616485e+01,4.894469250165744079e+00
2.072306373249499956e+01,5.217865143320238097e+00
2.074306944841383427e+01,4.818494144228566256e+00
2.076307516433266898e+01,5.269780362093952952e+00
2.078308088025150369e+01,5.062106674183079136e+00
2.080308659617033484e+01,5.217529498936807286e+00
2.082309231208916955e+01,4.995166020625374514e+00
2.084309802800800071e+01,5.412856286683236817e+00
2.086310374392683542e+01,5.344584691143372090e+00
2.088310945984567013e+01,5.393664800411074545e+00
2.090311517576450484e+01,4.910382327338412622e+00
2.092312089168333955e+01,4.991763805883812744e+00
2.094312660760217426e+01,5.799668156191991386e+00
2.096313232352100897e+01,5.594922446924263326e+00
2.098313803943984013e+01,5.468551691385754587e+00
2.100314375535867484e+01,5.806658386401961636e+00
2.102314947127750600e+01,6.373059080495953488e+00
2.104315518719634071e+01,6.387203064819887643e+00
2.106316090311517542e+01,5.717224148652158000e+00
2.108316661903401013e+01,6.334827610833668743e+00
2.110317233495284484e+01,6.618675237167582992e+00
2.112317805087167955e+01,6.777077134863390029e+00
2.114318376679051426e+01,6.847990597906483679e+00
2.116318948270934541e+01,7.146470684261064577e+00
2.118319519862818012e+01,6.292548553319485372e+00
2.120320091454701483e+01,7.309618612244251246e+00
2.122320663046584599e+01,7.592607012838668901e+00
2.124321234638468070e+01,7.897119118838970664e+00
2.126321806230351541e+01,7.246931193480497413e+00
2.128322377822235012e+01,8.696402680033472166e+00
2.130322949414118483e+01,7.957911075740536688e+00
2.132323521006001954e+01,8.628443227378504332e+00
2.134324092597885425e+01,8.366433531768898035e+00
2.136324664189768541e+01,8.169820297630259631e+00
2.138325235781652012e+01,8.039916859493040135e+00
2.140325807373535127e+01,8.588802112322667881e+00
2.142326378965418598e+01,9.706975226547744029e+00
2.144326950557302069e+01,9.351054131961081595e+00
2.146327522149185540e+01,8.774130786765619305e+00
2.148328093741069011e+01,9.856356619124920115e+00
2.150328665332952482e+01,8.952483397218466976e+00
2.152329236924835953e+01,9.242584863160555386e+00
2.154329808516719069e+01,9.243504813668643294e+00
2.156330380108602540e+01,9.381975902463098649e+00
2.158330951700485656e+01,9.529457922635293343e+00
2.160331523292369127e+01,9.421704978244507700e+00
2.162332094884252598e+01,9.400194908976342134e+00
2.164332666476136069e+01,8.895223258928544041e+00
2.166333238068019540e+01,9.001742866091898776e+00
2.168333809659903011e+01,9.254966436838440558e+00
2.170334381251786482e+01,8.688592703923665894e+00
2.172334952843669598e+01,8.456423364911996643e+00
2.174335524435553069e+01,8.472883435519392492e+00
2.176336096027436540e+01,9.143074534869668923e+00
2.178336667619319655e+01,8.781463909317583472e+00
2.180337239211203126e+01,7.394262783714824039e+00
2.182337810803086597e+01,7.725196326650589640e+00
2.184338382394970068e+01,7.912758898669130403e+00
2.186338953986853539e+01,8.005561850856500072e+00
2.188339525578737010e+01,7.065268255302527223e+00
2.190340097170620481e+01,7.232599208674279190e+00
2.192340668762503597e+01,7.104041500533735842e+00
2.194341240354387068e+01,6.588502332912201886e+00
2.196341811946270184e+01,6.310975109314266973e+00
2.198342383538153655e+01,6.449717090558348076e+00
2.200342955130037126e+01,5.688141481864303906e+00
2.202343526721920597e+01,5.405849421358245976e+00
2.204344098313804068e+01,6.121083723888403938e+00
2.206344669905687539e+01,5.700782122260898532e+00
2.208345241497571010e+01,5.545439498363959885e+00
2.210345813089454126e+01,5.219870737795483606e+00
2.212346384681337597e+01,5.254140851146863689e+00
2.214346956273221068e+01,5.089199446513861247e+00
2.216347527865104183e+01,4.879889596271616448e+00
2.218348099456987654e+01,4.461433322240820232e+00
2.220348671048871125e+01,5.155104911640766119e+00
2.222349242640754596e+01,4.170095200699797111e+00
2.224349814232638067e+01,5.101007650072316046e+00
2.226350385824521538e+01,4.805617908148944295e+00
2.228350957416405009e+01,4.454866008185452309e+00
2.230351529008288125e+01,5.062558258800340383e+00
2.232352100600171596e+01,4.600882775217555398e+00
2.234352672192054712e+01,3.933574981920371805e+00
2.236353243783938183e+01,4.230797241189515390e+00
2.238353815375821654e+01,4.637583671276502173e+00
2.240354386967705125e+01,3.658765154139120845e+00
2.242354958559588596e+01,4.132283784608009825e+00
2.244355530151472067e+01,4.352568032556505706e+00
2.246356101743355538e+01,4.466103755167062594e+00
2.248356673335238654e+01,4.503419933961865240e+00
2.250357244927122125e+01,4.584826941739388317e+00
2.252357816519005240e+01,3.942967871580551176e+00
2.254358388110888711e+01,4.338869837063345614e+00
2.256358959702772182e+01,4.839405399216611059e+00
2.258359531294655653e+01,4.657101387787898616e+00
2.260360102886539124e+01,4.644411078901531376e+00
2.262360674478422595e+01,4.311646273254639006e+00
2.264361246070306066e+01,4.192549362688633430e+00
2.266361817662189182e+01,4.425630246505448007e+00
2.268362389254072653e+01,3.925851160948894414e+00
2.270362960845956124e+01,4.617805188322667398e+00
2.272363532437839240e+01,4.745910764155024886e+00
2.274364104029722711e+01,5.314611047543807310e+00
2.276364675621606182e+01,4.750193415430388200e+00
2.278365247213489653e+01,4.828418957768777275e+00
2.280365818805373124e+01,4.364605025155224638e+00
2.282366390397256595e+01,4.163429902176170927e+00
2.284366961989140066e+01,4.472722940288071491e+00
2.286367533581023181e+01,4.269537889521303420e+00
2.288368105172906652e+01,4.782003703841867903e+00
2.290368676764789768e+01,4.615349687097298315e+00
2.292369248356673239e+01,5.440871064252990053e+00
2.294369819948556710e+01,4.981581477204201747e+00
2.296370391540440181e+01,5.268421473205103567e+00
2.298370963132323652e+01,4.520689044173487048e+00
2.300371534724207123e+01,5.388857166666381815e+00
2.302372106316090594e+01,4.642150570413036803e+00
2.304372677907973710e+01,4.843711538938858752e+00
2.306373249499857181e+01,4.929124811378263971e+00
2.308373821091740652e+01,4.291439367873722155e+00
2.310374392683623768e+01,5.324278049541353752e+00
2.312374964275507239e+01,5.890041795253475598e+00
2.314375535867390710e+01,5.903967782001168452e+00
2.316376107459274181e+01,5.885171811011486120e+00
2.318376679051157652e+01,5.117575760394243112e+00
2.320377250643041123e+01,5.553956431750167511e+00
2.322377822234924594e+01,5.212572983716130537e+00
2.324378393826807709e+01,5.881406358451993555e+00
2.326378965418691180e+01,5.898417918272777172e+00
2.328379537010574296e+01,6.077507682015356849e+00
2.330380108602457767e+01,6.441416588860385595e+00
2.332380680194341238e+01,6.229572819637025916e+00
2.334381251786224709e+01,6.141605601975530959e+00
2.336381823378108180e+01,6.514325843730075505e+00
2.338382394969991651e+01,5.682218100454941023e+00
2.340382966561875122e+01,6.164472628942549548e+00
2.342383538153758238e+01,6.300495482841959038e+00
2.344384109745641709e+01,7.076897415655727386e+00
2.346384681337524825e+01,6.875973373802640509e+00
2.348385252929408296e+01,7.344532112742111707e+00
2.350385824521291767e+01,7.455333037230563953e+00
2.352386396113175238e+01,6.717844658536275659e+00
2.354386967705058709e+01,7.516731737059880736e+00
2.356387539296942180e+01,6.939436090828902337e+00
2.358388110888825651e+01,6.663743766391692525e+00
2.360388682480708766e+01,7.116406901058605072e+00
2.362389254072592237e+01,7.735984628799142726e+00
2.364389825664475708e+01,7.512278478515194813e+00
2.366390397256358824e+01,7.735751030210039403e+00
2.368390968848242295e+01,7.057668900530277512e+00
2.370391540440125766e+01,6.956555072022062802e+00
2.372392112032009237e+01,6.759011207888532269e+00
2.374392683623892708e+01,7.305006694677242507e+00
2.376393255215776179e+01,7.760034822985907077e+00
2.378393826807659650e+01,7.372160540906183002e+00
2.380394398399542766e+01,7.687633357678870460e+00
2.382394969991426237e+01,8.203930970262803157e+00
2.384395541583309353e+01,8.372264354369818307e+00
2.386396113175192824e+01,7.526355564174162183e+00
2.388396684767076295e+01,8.759316083973118339e+00
2.390397256358959766e+01,8.734829844288519496e+00
2.392397827950843237e+01,8.106667768691080411e+00
2.394398399542726708e+01,8.719520832949925193e+00
2.396398971134610179e+01,9.132322542575263213e+00
2.398399542726493294e+01,9.115210576200063031e+00
2.400400114318376765e+01,9.533885054982290441e+00
2.402400685910260236e+01,9.921120231567394754e+00
2.404401257502143352e+01,9.589787713152414739e+00
2.406401829094026823e+01,9.891483703547770290e+00
2.408402400685910294e+01,9.158773468259905570e+00
2.410402972277793765e+01,1.010490872856517619e+01
2.412403543869677236e+01,9.346482613029749587e+00
2.414404115461560707e+01,9.620551313187062803e+00
2.416404687053444178e+01,9.687516625608580512e+00
2.418405258645327294e+01,1.028509879498999879e+01
2.420405830237210765e+01,1.056646448993708987e+01
2.422406401829093880e+01,1.046149801774621224e+01
2.424406973420977351e+01,1.128712352154166254e+01
2.426407545012860822e+01,1.029597057768287449e+01
2.428408116604744293e+01,1.021350030570011569e+01
2.430408688196627764e+01,1.060499588264186421e+01
2.432409259788511235e+01,1.105631910104328064e+01
2.434409831380394706e+01,1.066470496196011375e+01
2.436410402972277822e+01,1.075099362988017404e+01
2.438410974564161293e+01,1.115046000741534016e+01
2.440411546156044409e+01,1.191042863624575965e+01
2.442412117747927880e+01,1.217506751096757789e+01
2.444412689339811351e+01,1.171592441902297921e+01
2.446413260931694822e+01,1.162008498446478555e+01
2.448413832523578293e+01,1.209321218550528698e+01
2.450414404115461764e+01,1.136857002405169936e+01
2.452414975707345235e+01,1.226043806484427634e+01
2.454415547299228351e+01,1.232237652055861687e+01
2.456416118891111822e+01,1.317929890955067407e+01
2.458416690482995293e+01,1.360295504434642311e+01
2.460417262074878408e+01,1.297709105116717510e+01
2.462417833666761879e+01,1.308027914515616175e+01
2.464418405258645350e+01,1.398994128439490581e+01
2.466418976850528821e+01,1.447572929438204703e+01
2.468419548442412292e+01,1.369518962261338046e+01
2.470420120034295763e+01,1.468780001875436625e+01
2.472420691626179234e+01,1.382931398020494207e+01
2.474421263218062350e+01,1.431475432180627294e+01
2.476421834809945821e+01,1.496816629666902188e+01
2.478422406401828937e+01,1.476666488862552029e+01
2.480422977993712408e+01,1.376565531976462253e+01
2.482423549585595879e+01,1.388462493454425584e+01
2.484424121177479350e+01,1.448378227206918467e+01
2.486424692769362821e+01,1.429278667576772932e+01
2.488425264361246292e+01,1.405352506064512141e+01
2.490425835953129763e+01,1.403847118154402374e+01
2.492426407545012879e+01,1.386169390340431207e+01
2.494426979136896350e+01,1.406483020391750571e+01
2.496427550728779821e+01,1.339505961619880736e+01
2.498428122320662936e+01,1.266259491572329665e+01
2.500428693912546407e+01,1.259572285363841715e+01
2.502429265504429878e+01,1.280326901884892798e+01
2.504429837096313349e+01,1.226352744195570743e+01
2.506430408688196820e+01,1.218384587806091091e+01
2.508430980280080291e+01,1.157769848606142560e+01
2.510431551871963762e+01,1.109740226904247073e+01
2.512432123463846878e+01,1.087716268882588722e+01
2.514432695055730349e+01,1.041826607356010115e+01
2.516433266647613465e+01,9.961792515461210584e+00
2.518433838239496936e+01,9.570151379877898989e+00
2.520434409831380407e+01,9.035164583472008459e+00
2.522434981423263878e+01,8.913546344522018217e+00
2.524435553015147349e+01,7.743727027194401202e+00
2.526436124607030820e+01,7.994674148045723072e+00
2.528436696198914291e+01,6.993547431739999709e+00
2.530437267790797407e+01,7.598019344801528518e+00
2.532437839382680878e+01,7.468887809572066772e+00
2.534438410974563993e+01,7.841948281009160304e+00
2.536438982566447464e+01,7.167130732251887792e+00
2.538439554158330935e+01,6.545748479689908805e+00
2.540440125750214406e+01,6.812976902795544021e+00
2.542440697342097877e+01,6.333153344154329289e+00
2.544441268933981348e+01,6.712301703566955879e+00
2.546441840525864819e+01,6.304592927253944268e+00
2.548442412117747935e+01,7.097873549049578124e+00
2.550442983709631406e+01,6.777511849956605161e+00
2.552443555301514877e+01,6.271318969582651448e+00
2.554444126893397993e+01,7.298488454089982369e+00
2.556444698485281464e+01,6.444228080964379046e+00
2.558445270077164935e+01,7.033316600339320601e+00
2.560445841669048406e+01,7.898623452145613122e+00
2.562446413260931877e+01,6.751830900911789612e+00
2.564446984852815348e+01,7.018453851105903141e+00
2.566447556444698819e+01,7.310796414925865960e+00
2.568448128036581934e+01,7.333672010943927511e+00
2.570448699628465405e+01,7.581940407074851507e+00
2.572449271220348521e+01,8.750158896330274771e+00
2.574449842812231992e+01,8.907996034243794270e+00
2.576450414404115463e+01,8.341124896283847789e+00
2.578450985995998934e+01,8.663416452686881541e+00
2.580451557587882405e+01,9.519966815609558708e+00
2.582452129179765876e+01,8.891530745598418051e+00
2.584452700771649347e+01,9.109822649957111551e+00
2.586453272363532463e+01,8.892216123784683290e+00
2.588453843955415934e+01,1.026677953642593977e+01
2.590454415547299405e+01,9.310744580171736118e+00
2.592454987139182521e+01,1.030046293153075965e+01
2.594455558731065992e+01,9.554787634417486686e+00
2.596456130322949463e+01,1.002651212278766479e+01
2.598456701914832934e+01,1.065732291593852388e+01
2.600457273506716405e+01,1.058637022959991114e+01
2.602457845098599520e+01,1.039552605024980814e+01
2.604458416690482991e+01,9.674943908496686618e+00
2.606458988282366462e+01,9.940570622159603076e+00
2.608459559874249933e+01,1.017827713501866782e+01
2.610460131466133404e+01,1.007129295374417666e+01
2.612460703058016520e+01,9.527524802757071143e+00
2.614461274649899991e+01,9.177344354020320338e+00
2.616461846241783462e+01,9.428556181176219297e+00
2.618462417833666933e+01,8.922759757442458195e+00
2.620462989425550404e+01,8.663118479497324387e+00
2.622463561017433520e+01,8.387859959613551908e+00
2.624464132609316991e+01,8.308514211824492790e+00
2.626464704201200462e+01,7.182407824792890416e+00
2.628465275793083933e+01,7.877450774282371171e+00
2.630465847384967049e+01,6.641057150125725173e+00
2.632466418976850520e+01,6.188075831523512704e+00
2.634466990568733991e+01,6.775754705694972735e+00
2.636467562160617462e+01,7.032204091901525622e+00
2.638468133752500933e+01,6.040195438152506036e+00
2.640468705344384048e+01,6.323248607365453466e+00
2.642469276936267519e+01,6.486240061551196590e+00
2.644469848528150990e+01,5.614856928447812479e+00
2.646470420120034461e+01,5.531732666606657745e+00
2.648470991711917932e+01,5.602824227242733102e+00
2.650471563303801048e+01,5.686226803562309584e+00
2.652472134895684519e+01,5.484829457733907176e+00
2.654472706487567990e+01,6.205883843163072733e+00
2.656473278079451461e+01,6.073269452562996662e+00
2.658473849671334932e+01,6.440821568808376085e+00
2.660474421263218048e+01,6.567582301676297973e+00
2.662474992855101519e+01,5.204897829436417211e+00
2.664475564446984990e+01,5.962015034234347866e+00
2.666476136038868461e+01,5.854380579942208840e+00
2.668476707630751577e+01,6.387564002676549890e+00
2.670477279222635048e+01,6.157053400173118085e+00
2.672477850814518519e+01,6.406505144280490782e+00
2.674478422406401990e+01,7.227816466918611127e+00
2.676478993998285461e+01,6.939237386144834652e+00
2.678479565590168576e+01,7.433559199018704433e+00
2.680480137182052047e+01,7.779418991402563321e+00
2.682480708773935518e+01,7.367813361739855793e+00
2.684481280365818989e+01,7.247889890447050121e+00
2.686481851957702460e+01,7.596751188416067890e+00
2.688482423549585576e+01,8.021925254284335338e+00
2.690482995141469047e+01,7.751966324776994099e+00
2.692483566733352518e+01,9.117892380573255906e+00
2.694484138325235989e+01,9.254550763480850151e+00
2.696484709917119105e+01,9.891396130381108875e+00
2.698485281509002576e+01,1.049404015401275636e+01
2.700485853100886047e+01,1.112593751651449736e+01
2.702486424692769518e+01,1.138284665641603333e+01
2.704486996284652989e+01,1.162867342987061292e+01
2.706487567876536104e+01,1.297674516558479141e+01
2.708488139468419575e+01,1.327164690960666604e+01
2.710488711060303046e+01,1.384646494035894371e+01
2.712489282652186517e+01,1.368581016463206268e+01
2.714489854244069988e+01,1.473458628364618406e+01
2.716490425835953104e+01,1.591918193806729143e+01
2.718490997427836575e+01,1.664834406050091076e+01
2.720491569019720046e+01,1.769309196914811011e+01
2.722492140611603517e+01,1.803310541133871325e+01
2.724492712203486633e+01,1.912296110398452598e+01
2.726493283795370104e+01,1.974284659702681921e+01
2.728493855387253575e+01,2.166804534873951127e+01
2.730494426979137046e+01,2.226230185696809727e+01
2.732494998571020517e+01,2.273824978067031566e+01
2.734495570162903633e+01,2.481702536524749192e+01
2.736496141754787104e+01,2.622679534630326259e+01
2.738496713346670575e+01,2.746257750636013739e+01
2.740497284938554046e+01,2.796675190510467246e+01
2.742497856530437517e+01,3.019229170669770568e+01
2.744498428122320632e+01,3.148174892204302111e+01
2.746498999714204103e+01,3.286604343115726579e+01
2.748499571306087574e+01,3.444854818372894556e+01
2.750500142897971045e+01,3.606332096259235698e+01
2.752500714489854516e+01,3.785189988693041840e+01
2.754501286081737632e+01,3.879454676340589714e+01
2.756501857673621103e+01,4.142414783779613430e+01
2.758502429265504574e+01,4.302582666062499328e+01
2.760503000857388045e+01,4.432302022578271306e+01
2.762503572449271161e+01,4.547582319799780493e+01
2.764504144041154632e+01,4.703228096497591793e+01
2.766504715633038103e+01,4.716527829986718956e+01
2.768505287224921574e+01,4.885526666275336538e+01
2.770505858816805045e+01,4.932627249434029437e+01
2.772506430408688161e+01,4.866487463037369565e+01
2.774507002000571632e+01,4.884415708394388389e+01
2.776507573592455103e+01,4.821393739123199396e+01
2.778508145184338574e+01,4.713855504079572967e+01
2.780508716776222045e+01,4.604275133656737751e+01
2.782509288368105160e+01,4.426009775375850097e+01
2.784509859959988631e+01,4.204688360619945087e+01
2.786510431551872102e+01,4.020919206071300778e+01
2.788511003143755573e+01,3.663546650616406453e+01
2.790511574735638689e+01,3.475804720722846497e+01
2.792512146327522160e+01,3.295938598710146294e+01
2.794512717919405631e+01,2.973520931677720469e+01
2.796513289511289102e+01,2.792321084525082497e+01
2.798513861103172573e+01,2.607372125181526812e+01
2.800514432695055689e+01,2.406117647568586193e+01
2.802515004286939160e+01,2.301809420023784014e+01
2.804515575878822631e+01,2.163080398498309265e+01
2.806516147470706102e+01,2.095180619838016511e+01
2.808516719062589573e+01,2.056238498793314662e+01
2.810517290654472689e+01,2.023874569018124703e+01
2.812517862246356160e+01,1.921000080143429756e+01
2.814518433838239631e+01,2.001647209258112170e+01
2.816519005430123102e+01,1.968182930983337542e+01
2.818519577022006217e+01,1.986091843484183528e+01
2.820520148613889688e+01,2.052700465437519384e+01
2.822520720205773159e+01,2.043296520914147862e+01
2.824521291797656630e+01,2.183484039541339428e+01
2.826521863389540101e+01,2.286811242533831035e+01
2.828522434981423217e+01,2.339829077531506840e+01
2.830523006573306688e+01,2.355597630421162592e+01
2.832523578165190159e+01,2.511007912192235025e+01
2.834524149757073630e+01,2.631576105422598744e+01
2.836524721348957101e+01,2.745311047506898916e+01
2.838525292940840217e+01,2.825066925686894947e+01
2.840525864532723688e+01,2.967257393881044436e+01
2.842526436124607159e+01,3.123030309246723135e+01
2.844527007716490630e+01,3.159752099463140596e+01
2.846527579308374101e+01,3.332209981278681710e+01
2.848528150900257216e+01,3.295454121882137599e+01
2.850528722492140687e+01,3.388672844348870683e+01
2.852529294084024158e+01,3.484802018998149009e+01
2.854529865675907629e+01,3.525200390951917484e+01
2.856530437267790745e+01,3.531458857201278789e+01
2.858531008859674216e+01,3.495778650433822321e+01
2.860531580451557687e+01,3.463729202562718257e+01
2.862532152043441158e+01,3.424931881712590354e+01
2.864532723635324629e+01,3.210762844917957892e+01
2.866533295227207745e+01,3.107145250097402922e+01
2.868533866819091216e+01,2.971133693050884261e+01
2.870534438410974687e+01,2.847967055310263618e+01
2.872535010002858158e+01,2.657485944352662699e+01
2.874535581594741629e+01,2.481349467860322022e+01
2.876536153186624745e+01,2.476877362921425174e+01
2.878536724778508216e+01,2.212468646759846891e+01
2.880537296370391687e+01,2.155161885295085256e+01
2.882537867962275158e+01,2.045477656816058243e+01
2.884538439554158273e+01,1.994651922202181282e+01
2.886539011146041744e+01,1.835071638157370444e+01
2.888539582737925215e+01,1.870958209370036229e+01
2.890540154329808686e+01,1.808005658983526587e+01
2.892540725921692157e+01,1.753726192429589759e+01
2.894541297513575273e+01,1.828343948008110686e+01
2.896541869105458744e+01,1.876694243367388282e+01
2.898542440697342215e+01,1.904006807674243618e+01
2.900543012289225686e+01,1.900227124371814114e+01
2.902543583881109157e+01,1.924538702691256375e+01
2.904544155472992273e+01,2.018736284209307286e+01
2.906544727064875744e+01,1.969221441610761758e+01
2.908545298656759215e+01,2.175344506816979617e+01
2.910545870248642686e+01,2.184037122613820259e+01
2.912546441840525802e+01,2.279244756934866345e+01
2.914547013432409273e+01,2.291657314161900771e+01
2.916547585024292744e+01,2.410011216410063994e+01
2.918548156616176215e+01,2.451808033420279287e+01
2.920548728208059686e+01,2.588745942757754648e+01
2.922549299799942801e+01,2.630290750617705697e+01
2.924549871391826272e+01,2.742221881111312953e+01
2.926550442983709743e+01,2.775759644108403990e+01
2.928551014575593214e+01,2.779719671240943768e+01
2.930551586167476685e+01,2.782223114115316065e+01
2.932552157759359801e+01,2.769720753461513141e+01
2.934552729351243272e+01,2.857619030602297627e+01
2.936553300943126743e+01,2.892395315802744094e+01
2.938553872535010214e+01,2.690854099959904033e+01
2.940554444126893330e+01,2.717036617372696838e+01
2.942555015718776801e+01,2.609424229855850896e+01
2.944555587310660272e+01,2.594119481125005677e+01
2.946556158902543743e+01,2.521987549220693126e+01
2.948556730494427214e+01,2.486111112973205550e+01
2.950557302086310330e+01,2.380054658753017094e+01
2.952557873678193801e+01,2.229193623624242093e+01
2.954558445270077272e+01,2.094369634781550360e+01
2.956559016861960743e+01,2.111355237026274878e+01
2.958559588453844214e+01,2.021923025402582041e+01
2.960560160045727329e+01,2.004730557521065393e+01
2.962560731637610800e+01,2.092807234408164874e+01
2.964561303229494271e+01,1.981774408206682736e+01
2.966561874821377742e+01,2.000065615413715037e+01
2.968562446413261213e+01,2.065655001487871090e+01
2.970563018005144329e+01,2.244173060389816854e+01
2.972563589597027800e+01,2.220083885438290849e+01
2.974564161188911271e+01,2.391579221724176207e+01
2.976564732780794742e+01,2.376318503337953558e+01
2.978565304372677858e+01,2.519855693574920252e+01
2.980565875964561329e+01,2.706477920791790126e+01
2.982566447556444800e+01,2.870242019083061891e+01
2.984567019148328271e+01,2.930245616456006985e+01
2.986567590740211742e+01,3.022233545820991907e+01
2.988568162332094857e+01,3.221016054649819438e+01
2.990568733923978328e+01,3.408598468616421684e+01
2.992569305515861799e+01,3.633584876781394968e+01
2.994569877107745270e+01,3.821974237054379842e+01
2.996570448699628741e+01,3.970442380719233455e+01
2.998571020291511857e+01,4.265833077331616607e+01
3.000571591883395328e+01,4.397765853807399594e+01
3.002572163475278799e+01,4.610869582987101012e+01
3.004572735067162270e+01,4.743242492778179553e+01
3.006573306659045386e+01,4.997841602170124276e+01
3.008573878250928857e+01,5.146503662374618671e+01
3.010574449842812328e+01,5.319781682166195935e+01
3.012575021434695799e+01,5.440286820784171340e+01
3.014575593026579270e+01,5.430954228910907489e+01
3.016576164618462386e+01,5.430075632865627711e+01
3.018576736210345857e+01,5.385245116836470913e+01
3.020577307802229328e+01,5.310521397128626830e+01
3.022577879394112799e+01,5.137854897899218543e+01
3.024578450985996270e+01,4.974885709717003834e+01
3.026579022577879385e+01,4.819158247509545134e+01
3.028579594169762856e+01,4.452350259558640744e+01
3.030580165761646327e+01,4.145337201289754603e+01
3.032580737353529798e+01,3.861318713298645378e+01
3.034581308945412914e+01,3.436052113737939351e+01
3.036581880537296385e+01,3.150145346161782456e+01
3.038582452129179856e+01,2.813221022189597065e+01
3.040583023721063327e+01,2.472665664471471914e+01
3.042583595312946798e+01,2.297476243378306293e+01
3.044584166904829914e+01,2.065268884138875904e+01
3.046584738496713385e+01,1.849458324041610524e+01
3.048585310088596856e+01,1.700354876629697287e+01
3.050585881680480327e+01,1.502548460344974046e+01
3.052586453272363798e+01,1.525280745998594689e+01
3.054587024864246914e+01,1.315293030009213027e+01
3.056587596456130385e+01,1.289651079248775645e+01
3.058588168048013856e+01,1.300879369443981126e+01
3.060588739639897327e+01,1.236256407131341817e+01
3.062589311231780798e+01,1.186099618836218283e+01
3.064589882823663913e+01,1.206336904383852904e+01
3.066590454415547384e+01,1.191249857950605673e+01
3.068591026007430855e+01,1.212840376060040626e+01
3.070591597599314326e+01,1.262739234230693697e+01
3.072592169191197442e+01,1.275684960099328968e+01
3.074592740783080913e+01,1.232278847283533096e+01
3.076593312374964384e+01,1.314215938004846151e+01
3.078593883966847855e+01,1.358957374163336418e+01
3.080594455558731326e+01,1.315950983769414329e+01
3.082595027150614442e+01,1.337636180032171751e+01
3.084595598742497913e+01,1.417995520728824488e+01
3.086596170334381384e+01,1.406451217323668601e+01
3.088596741926264855e+01,1.535586140081780293e+01
3.090597313518148326e+01,1.587830912776185421e+01
3.092597885110031442e+01,1.691149559369703326e+01
3.094598456701914913e+01,1.704237628538885474e+01
3.096599028293798384e+01,1.822038662179949497e+01
3.098599599885681855e+01,1.847459225996805543e+01
3.100600171477564970e+01,1.970484629350128714e+01
3.102600743069448441e+01,2.012607254878410856e+01
3.104601314661331912e+01,2.126016829197700275e+01
3.106601886253215383e+01,2.186054328932754487e+01
3.108602457845098854e+01,2.387830631367511813e+01
3.110603029436981970e+01,2.407212799648031876e+01
3.112603601028865441e+01,2.415880078962247524e+01
3.114604172620748912e+01,2.482279920418943320e+01
3.116604744212632383e+01,2.597280631725350375e+01
3.118605315804515854e+01,2.705937384259106437e+01
3.120605887396398970e+01,2.781707055190492639e+01
3.122606458988282441e+01,2.800544285321024063e+01
3.124607030580165912e+01,2.976792983791062142e+01
3.126607602172049383e+01,3.057828585637191310e+01
3.128608173763932498e+01,3.195013039690533674e+01
3.130608745355815969e+01,3.215208028967711584e+01
3.132609316947699440e+01,3.377399675035137960e+01
3.134609888539582911e+01,3.447674707008777517e+01
3.136610460131466382e+01,3.570185702961531149e+01
3.138611031723349498e+01,3.747889288192551760e+01
3.140611603315232969e+01,3.889561803162163045e+01
3.142612174907116440e+01,4.013223066362599667e+01
3.144612746498999911e+01,4.166818480252334922e+01
3.146613318090883382e+01,4.237140962592906135e+01
3.148613889682766498e+01,4.372073431700272295e+01
3.150614461274649969e+01,4.449610053681411159e+01
3.152615032866533440e+01,4.485559475673141350e+01
3.154615604458416911e+01,4.658534068225510083e+01
3.156616176050300382e+01,4.653828357002647920e+01
3.158616747642183498e+01,4.716743168413010068e+01
3.160617319234066969e+01,4.809858739521897775e+01
3.162617890825950440e+01,4.873061446357263549e+01
3.164618462417833911e+01,4.890697872035512717e+01
3.166619034009717026e+01,5.068499457525938112e+01
3.168619605601600497e+01,5.141129471210898316e+01
3.170620177193483968e+01,5.082657436281410668e+01
3.172620748785367439e+01,5.147118854075282002e+01
3.174621320377250910e+01,5.216392619633710837e+01
3.176621891969134026e+01,5.274809213699804644e+01
3.178622463561017497e+01,5.337373730641625968e+01
3.180623035152900968e+01,5.415811568983367863e+01
3.182623606744784439e+01,5.351091896403044501e+01
3.184624178336667910e+01,5.331339290678106124e+01
3.186624749928551026e+01,5.328706971264272596e+01
3.188625321520434497e+01,5.308576346298129067e+01
3.190625893112317968e+01,5.190641135777922699e+01
3.192626464704201439e+01,5.039350780763177795e+01
3.194627036296084555e+01,4.924598351641355265e+01
3.196627607887968026e+01,4.784018677182078250e+01
3.198628179479851497e+01,4.516818158838739095e+01
3.200628751071734968e+01,4.377279540373190514e+01
3.202629322663618439e+01,4.216644331672802792e+01
3.204629894255501199e+01,3.964671464461848416e+01
3.206630465847385381e+01,3.703487199417288167e+01
3.208631037439268141e+01,3.409299890970419966e+01
3.210631609031152323e+01,3.234089910199047324e+01
3.212632180623035083e+01,2.981218952891917695e+01
3.214632752214918554e+01,2.697827716788337327e+01
3.216633323806802025e+01,2.529344293720314241e+01
3.218633895398685496e+01,2.281335664165462518e+01
3.220634466990568967e+01,2.128264338190565041e+01
3.222635038582451728e+01,2.018397147385573831e+01
3.224635610174335909e+01,1.885215089822353107e+01
3.226636181766218670e+01,1.853910715676277476e+01
3.228636753358102851e+01,1.734116103581558832e+01
3.230637324949985612e+01,1.667622288169215139e+01
3.232637896541869083e+01,1.511762713814231418e+01
3.234638468133752554e+01,1.495896834387430907e+01
3.236639039725636025e+01,1.382758234079500070e+01
3.238639611317519496e+01,1.326646714230762747e+01
3.240640182909402967e+01,1.269078596872165576e+01
3.242640754501286438e+01,1.277108846698249778e+01
3.244641326093169198e+01,1.160179502330522539e+01
3.246641897685053380e+01,1.225038417741860819e+01
3.248642469276936140e+01,1.031686147491834227e+01
3.250643040868819611e+01,1.136062705649750626e+01
3.252643612460703082e+01,1.109549310951274492e+01
3.254644184052586553e+01,1.005790052949846647e+01
3.256644755644470024e+01,9.564849061455804602e+00
3.258645327236353495e+01,9.025517945342151904e+00
3.260645898828236966e+01,9.525636575430201702e+00
3.262646470420119726e+01,9.399681550245929884e+00
3.264647042012003908e+01,8.785206405552770548e+00
3.266647613603886668e+01,8.837826088880703423e+00
3.268648185195770850e+01,9.051646600584689395e+00
3.270648756787653610e+01,9.825630946661556564e+00
3.272649328379537081e+01,1.015796257666615077e+01
3.274649899971420552e+01,9.446573429712039172e+00
3.276650471563304023e+01,9.196978470443095688e+00
3.278651043155187494e+01,9.032998776922536166e+00
3.280651614747070255e+01,9.377951097316506335e+00
3.282652186338954436e+01,9.698333537001118998e+00
3.284652757930837197e+01,1.007308337175968482e+01
3.286653329522721378e+01,9.550787351044078832e+00
3.288653901114604139e+01,8.883007409622894812e+00
3.290654472706487610e+01,9.772029053017522671e+00
3.292655044298371081e+01,9.521115073974772969e+00
3.294655615890254552e+01,8.765587816974958812e+00
3.296656187482138023e+01,9.245711449354818257e+00
3.298656759074020783e+01,8.312277793896999611e+00
3.300657330665904965e+01,8.283517880471228167e+00
3.302657902257787725e+01,7.972892749482589636e+00
3.304658473849671907e+01,7.984108242782866682e+00
3.306659045441554667e+01,7.474921392850257362e+00
3.308659617033438138e+01,7.425245630519003548e+00
3.310660188625321609e+01,7.300486873836419477e+00
3.312660760217205080e+01,7.101030048112396464e+00
3.314661331809088551e+01,7.029183660241408838e+00
3.316661903400971312e+01,7.007689628342239629e+00
3.318662474992855493e+01,5.838862126341378023e+00
3.320663046584738254e+01,6.296572274929477686e+00
3.322663618176622435e+01,6.669838704505453464e+00
3.324664189768505196e+01,6.419300659347570104e+00
3.326664761360388667e+01,6.088267467877156669e+00
3.328665332952272138e+01,6.900359122083465024e+00
3.330665904544155609e+01,5.566431828424731165e+00
3.332666476136039080e+01,5.693825320824254632e+00
3.334667047727922551e+01,6.238397809823148066e+00
3.336667619319806022e+01,6.704936987780355295e+00
3.338668190911688782e+01,6.056135886200822327e+00
3.340668762503572964e+01,6.376714190124180170e+00
3.342669334095455724e+01,6.668221943023555198e+00
3.344669905687339195e+01,6.267769619008879189e+00
3.346670477279222666e+01,6.437762429615721871e+00
3.348671048871106137e+01,6.609797389157844094e+00
3.350671620462989608e+01,6.001377066161913021e+00
3.352672192054873079e+01,5.936929995524995007e+00
3.354672763646756550e+01,5.761887910297874171e+00
3.356673335238639311e+01,5.254925804519062993e+00
3.358673906830523492e+01,5.980753260291583828e+00
3.360674478422406253e+01,6.133325734263804563e+00
3.362675050014290434e+01,6.702277462954167930e+00
3.364675621606173195e+01,6.245397475014588196e+00
3.366676193198056666e+01,6.408723534574848557e+00
3.368676764789940137e+01,5.978062190706377343e+00
3.370677336381823608e+01,6.165829518057171832e+00
3.372677907973707079e+01,6.884675393769516205e+00
3.374678479565589839e+01,6.819042594307614280e+00
3.376679051157474021e+01,6.398356052521154247e+00
3.378679622749356781e+01,6.400042044624266069e+00
3.380680194341240963e+01,6.263100825028904417e+00
3.382680765933123723e+01,6.673575215910824809e+00
3.384681337525007194e+01,6.975266995219707944e+00
3.386681909116890665e+01,7.538618350429766579e+00
3.388682480708774136e+01,6.928409329789243287e+00
3.390683052300657607e+01,7.310513699741216342e+00
3.392683623892540368e+01,7.060118216428256765e+00
3.394684195484424549e+01,7.631175461213309141e+00
3.396684767076307310e+01,7.475086708627662446e+00
3.398685338668191491e+01,7.906359010099055951e+00
3.400685910260074252e+01,7.746464945206920305e+00
3.402686481851957723e+01,8.084952999673811647e+00
3.404687053443841194e+01,8.630277367171631298e+00
3.406687625035724665e+01,8.391284112342919599e+00
3.408688196627608136e+01,9.401135421681420468e+00
3.410688768219490896e+01,9.399896281841709111e+00
3.412689339811375078e+01,1.000923034648350196e+01
3.414689911403257838e+01,1.005427040320425291e+01
3.416690482995142020e+01,1.058857857917050715e+01
3.418691054587024780e+01,1.015553816375661000e+01
3.420691626178908251e+01,1.149296494141311697e+01
3.422692197770791722e+01,1.233512002839704280e+01
3.424692769362675193e+01,1.331002628849980596e+01
3.426693340954558664e+01,1.277258232773094448e+01
3.428693912546442135e+01,1.407331475645637653e+01
3.430694484138325606e+01,1.454708439728871738e+01
3.432695055730208367e+01,1.585643557741689413e+01
3.434695627322092548e+01,1.691276061108718665e+01
3.436696198913975309e+01,1.765625708488538947e+01
3.438696770505858780e+01,1.908211063534570329e+01
3.440697342097742251e+01,2.022442137536241802e+01
3.442697913689625722e+01,2.091308405528695857e+01
3.444698485281509193e+01,2.283440218622406448e+01
3.446699056873392664e+01,2.359876245698136898e+01
3.448699628465276135e+01,2.512627609183204314e+01
3.450700200057158895e+01,2.711874929363104059e+01
3.452700771649043077e+01,2.908141555688412083e+01
3.454701343240925837e+01,2.988507444762529275e+01
3.456701914832810019e+01,3.185569831327568480e+01
3.458702486424692779e+01,3.367689893001021062e+01
3.460703058016576250e+01,3.424784515602671320e+01
3.462703629608459721e+01,3.681132035022759652e+01
3.464704201200343192e+01,3.757550561667596156e+01
3.466704772792226663e+01,3.935001743600017221e+01
3.468705344384109424e+01,3.999469034760006281e+01
3.470705915975993605e+01,4.226160847486586647e+01
3.472706487567876366e+01,4.174904771745977428e+01
3.474707059159760547e+01,4.329503161197510508e+01
3.476707630751643308e+01,4.401583340693333923e+01
3.478708202343526779e+01,4.449556343664539781e+01
3.480708773935410250e+01,4.422457047542788189e+01
3.482709345527293721e+01,4.450611150545846328e+01
3.484709917119177192e+01,4.341055386216404344e+01
3.486710488711059952e+01,4.283396237781518323e+01
3.488711060302944134e+01,4.151295674604158137e+01
3.490711631894826894e+01,3.970197593881582065e+01
3.492712203486711076e+01,3.757501099479916462e+01
3.494712775078593836e+01,3.447541102578149719e+01
3.496713346670477307e+01,3.300874357809803428e+01
3.498713918262360778e+01,3.000622697808346828e+01
3.500714489854244249e+01,2.780492305365971362e+01
3.502715061446127720e+01,2.438046973985846932e+01
3.504715633038010481e+01,2.275917589444257771e+01
3.506716204629894662e+01,1.957632790507674514e+01
3.508716776221777423e+01,1.839913789718018222e+01
3.510717347813661604e+01,1.665002443347710681e+01
3.512717919405544365e+01,1.400177913465109114e+01
3.514718490997427836e+01,1.311742005891195006e+01
3.516719062589311307e+01,1.195288574632821543e+01
3.518719634181194778e+01,1.156805391548048689e+01
3.520720205773078249e+01,1.059490694151178758e+01
3.522720777364961720e+01,9.953416814334490326e+00
3.524721348956845191e+01,9.497393089378164177e+00
3.526721920548727951e+01,9.143749429345922053e+00
3.528722492140612133e+01,8.758983272595109781e+00
3.530723063732494893e+01,8.973489015844890559e+00
3.532723635324378364e+01,8.835138878404350748e+00
3.534724206916261835e+01,8.707386416002066198e+00
3.536724778508145306e+01,8.668793658652608869e+00
3.538725350100028777e+01,8.674827888312194091e+00
3.540725921691912248e+01,7.164709361115312092e+00
3.542726493283795719e+01,7.380335673689693010e+00
3.544727064875678479e+01,7.699198837015906349e+00
3.546727636467562661e+01,8.109293901258990189e+00
3.548728208059445421e+01,7.247779899571735740e+00
3.550728779651329603e+01,6.931998189301962654e+00
3.552729351243212363e+01,6.845865696847649673e+00
3.554729922835095834e+01,6.806064997190889088e+00
3.556730494426979305e+01,6.693886656103454236e+00
3.558731066018862776e+01,6.852954702639308948e+00
3.560731637610746247e+01,6.723489386157419645e+00
3.562732209202629008e+01,7.066860753055797417e+00
3.564732780794513189e+01,6.315883103452968328e+00
3.566733352386395950e+01,7.335241891395191338e+00
3.568733923978280131e+01,6.543331712737649575e+00
3.570734495570162892e+01,6.275179666089337083e+00
3.572735067162046363e+01,6.951441966231747038e+00
3.574735638753929834e+01,6.188513086610946345e+00
3.576736210345813305e+01,7.705480394513608999e+00
3.578736781937696776e+01,7.686797104165749239e+00
3.580737353529579536e+01,6.737342082380175512e+00
3.582737925121463718e+01,6.675012193890979439e+00
3.584738496713346478e+01,7.212673099010380007e+00
3.586739068305230660e+01,6.988267884012458353e+00
3.588739639897113420e+01,7.022502277756785816e+00
3.590740211488996891e+01,8.111952738572563604e+00
3.592740783080880362e+01,8.258737276984746245e+00
3.594741354672763833e+01,8.004244388181257719e+00
3.596741926264647304e+01,8.172455925468643301e+00
3.598742497856530065e+01,7.455343204189407658e+00
3.600743069448414246e+01,8.551728835601743128e+00
3.602743641040297007e+01,8.093648716110950048e+00
3.604744212632181188e+01,9.415450033542159147e+00
3.606744784224063949e+01,9.764594292956916277e+00
3.608745355815947420e+01,9.677643577201573422e+00
3.610745927407830891e+01,9.424708388544749127e+00
3.612746498999714362e+01,9.684130224327846648e+00
3.614747070591597833e+01,1.089706910982243926e+01
3.616747642183481304e+01,9.994828468887480000e+00
3.618748213775364775e+01,1.050570911768712534e+01
3.620748785367247535e+01,1.158260977975805517e+01
3.622749356959131717e+01,1.160503424542269713e+01
3.624749928551014477e+01,1.197594199800342096e+01
3.626750500142897948e+01,1.314990118793110341e+01
3.628751071734781419e+01,1.276498478056798014e+01
3.630751643326664890e+01,1.281433087916522418e+01
3.632752214918548361e+01,1.385845458038246569e+01
3.634752786510431832e+01,1.423789436828213972e+01
3.636753358102315303e+01,1.445073680953552753e+01
3.638753929694198064e+01,1.396150912348687001e+01
3.640754501286082245e+01,1.451636907041994462e+01
3.642755072877965006e+01,1.509489556296245283e+01
3.644755644469849187e+01,1.433637722205990883e+01
3.646756216061731948e+01,1.407658045511985279e+01
3.648756787653615419e+01,1.338260698525132142e+01
3.650757359245498890e+01,1.306844744684805448e+01
3.652757930837382361e+01,1.335813238353203936e+01
3.654758502429265832e+01,1.243994760320319770e+01
3.656759074021148592e+01,1.168283496257256004e+01
3.658759645613032774e+01,1.193364315886881677e+01
3.660760217204915534e+01,1.204493473345345933e+01
3.662760788796799716e+01,1.005389214317853686e+01
3.664761360388682476e+01,1.051422298954374313e+01
3.666761931980565947e+01,1.033085422737104686e+01
3.668762503572449418e+01,9.270597524340061568e+00
3.670763075164332889e+01,9.933443220729719414e+00
3.672763646756216360e+01,9.287694656825390638e+00
3.674764218348099121e+01,9.581068968364364835e+00
3.676764789939983302e+01,9.651540524211675631e+00
3.678765361531866063e+01,8.943518014994058518e+00
3.680765933123750244e+01,9.606173730305309633e+00
3.682766504715633005e+01,9.511406753284010307e+00
3.684767076307516476e+01,1.028285325960388619e+01
3.686767647899399947e+01,9.745307191882281117e+00
3.688768219491283418e+01,9.540953431829905185e+00
3.690768791083166889e+01,1.006125915206505894e+01
3.692769362675049649e+01,1.053445807827821668e+01
3.694769934266933831e+01,1.076986598784250404e+01
3.696770505858816591e+01,1.163264651599712352e+01
3.698771077450700773e+01,1.193235057619438777e+01
3.700771649042583533e+01,1.146670185257852914e+01
3.702772220634467004e+01,1.157008242649228080e+01
3.704772792226350475e+01,1.242504378178145608e+01
3.706773363818233946e+01,1.249305336962009427e+01
3.708773935410117417e+01,1.245103152103659738e+01
3.710774507002000888e+01,1.271600852028640105e+01
3.712775078593884359e+01,1.281474668671798867e+01
3.714775650185767120e+01,1.191384164195378403e+01
3.716776221777651301e+01,1.213986917918885133e+01
3.718776793369534062e+01,1.266870270735205750e+01
3.720777364961417533e+01,1.279751000019350826e+01
3.722777936553301004e+01,1.249542443816186577e+01
3.724778508145184475e+01,1.154078000661561987e+01
3.726779079737067946e+01,1.235174866824120699e+01
3.728779651328951417e+01,1.159243474044224698e+01
3.730780222920834888e+01,1.123447868255514948e+01
3.732780794512717648e+01,1.095317782991991429e+01
3.734781366104601830e+01,1.175812787375275548e+01
3.736781937696484590e+01,1.074780961295127746e+01
3.738782509288368772e+01,9.807729880816458135e+00
3.740783080880251532e+01,1.060389184807124074e+01
3.742783652472135003e+01,1.022320081284711435e+01
3.744784224064018474e+01,1.030721830635899572e+01
3.746784795655901945e+01,1.003126390197577500e+01
3.748785367247785416e+01,9.553841818859183377e+00
3.750785938839668177e+01,9.698147052931460621e+00
3.752786510431552358e+01,9.662069295268459257e+00
3.754787082023435119e+01,9.346088560804517442e+00
3.756787653615319300e+01,9.488330977813655309e+00
3.758788225207202061e+01,9.016970117541072582e+00
3.760788796799085532e+01,1.006907857270713436e+01
3.762789368390969003e+01,9.860548964595388099e+00
3.764789939982852474e+01,9.624135764193528786e+00
3.766790511574735945e+01,1.013691129363735044e+01
3.768791083166618705e+01,1.153056210869377196e+01
3.770791654758502887e+01,1.165750051068639870e+01
3.772792226350385647e+01,1.070107042096309158e+01
3.774792797942269829e+01,1.089006393506816650e+01
3.776793369534152589e+01,1.148048300578791014e+01
3.778793941126036060e+01,1.140341955887316949e+01
3.780794512717919531e+01,1.128910431502407974e+01
3.782795084309803002e+01,1.133057082705224161e+01
3.784795655901686473e+01,1.214691765868800033e+01
3.786796227493569234e+01,1.152637032026429509e+01
3.788796799085453415e+01,1.104397737859293471e+01
3.790797370677336176e+01,1.135901223552723849e+01
3.792797942269220357e+01,1.086261334334869844e+01
3.794798513861103118e+01,1.093984623016606150e+01
3.796799085452986589e+01,1.143292876647521439e+01
3.798799657044870060e+01,1.078369259532580138e+01
3.800800228636753531e+01,1.024089686729595172e+01
3.802800800228637002e+01,1.025540827274431521e+01
3.804801371820520473e+01,9.943309168432353573e+00
3.806801943412403944e+01,1.006421724893892211e+01
3.808802515004286704e+01,9.493247092022365052e+00
3.810803086596170886e+01,8.646206044297642279e+00
3.812803658188053646e+01,9.918145202461889909e+00
3.814804229779937117e+01,9.161681480324965321e+00
3.816804801371820588e+01,9.213113830103434765e+00
3.818805372963704059e+01,8.587719060895629752e+00
3.820805944555587530e+01,9.017302849107942109e+00
3.822806516147471001e+01,9.236027594756100356e+00
3.824807087739354472e+01,8.861574530882702305e+00
3.826807659331237232e+01,8.713041536021879807e+00
3.828808230923121414e+01,8.486817180796016657e+00
3.830808802515004174e+01,8.385424723593896346e+00
3.832809374106888356e+01,7.855706711124774699e+00
3.834809945698771116e+01,7.593200849211639181e+00
3.836810517290654587e+01,7.421447846957613947e+00
3.838811088882538058e+01,8.430716972622473548e+00
3.840811660474421529e+01,7.615225981449685655e+00
3.842812232066305000e+01,7.818612509848891889e+00
3.844812803658187761e+01,6.543726461967759533e+00
3.846813375250071942e+01,7.298595575407581748e+00
3.848813946841954703e+01,7.425374501019813778e+00
3.850814518433838884e+01,7.290378029267689186e+00
3.852815090025721645e+01,6.941231107827551483e+00
3.854815661617605116e+01,6.977772002522804051e+00
3.856816233209488587e+01,6.728231400809912444e+00
3.858816804801372058e+01,7.579653174078581301e+00
3.860817376393255529e+01,7.754226891263336974e+00
3.862817947985138289e+01,7.561332376236534536e+00
3.864818519577022471e+01,7.606306432672262474e+00
3.866819091168905231e+01,7.182390705172943868e+00
3.868819662760789413e+01,7.320087720445494384e+00
3.870820234352672173e+01,7.204112088105246059e+00
3.872820805944555644e+01,7.568340879177550384e+00
3.874821377536439115e+01,7.399375166121968661e+00
3.876821949128322586e+01,7.893878045778423669e+00
3.878822520720206057e+01,7.258032977825507714e+00
3.880823092312088818e+01,8.011303527194677088e+00
3.882823663903972999e+01,7.618300347848611764e+00
3.884824235495855760e+01,8.198237947165445405e+00
3.886824807087739941e+01,7.495141621804448206e+00
3.888825378679622702e+01,7.390792640943098846e+00
3.890825950271506173e+01,8.017070787234356288e+00
3.892826521863389644e+01,8.120299413343673223e+00
3.894827093455273115e+01,8.258786364034195415e+00
3.896827665047156586e+01,8.837006048994741292e+00
3.898828236639040057e+01,8.441052258869609304e+00
3.900828808230923528e+01,8.934797045104067692e+00
3.902829379822806288e+01,9.162387902872811907e+00
3.904829951414690470e+01,8.943655423139068361e+00
3.906830523006573230e+01,8.973250638366341292e+00
3.908831094598456701e+01,8.455851158540610868e+00
3.910831666190340172e+01,9.187490546416766435e+00
3.912832237782223643e+01,9.581015871792059713e+00
3.914832809374107114e+01,9.055174776087282495e+00
3.916833380965990585e+01,9.789810873812676562e+00
3.918833952557874056e+01,9.302918072702594188e+00
3.920834524149756817e+01,9.330876367871832500e+00
3.922835095741640998e+01,9.710890358315086957e+00
3.924835667333523759e+01,8.939619047915030592e+00
3.926836238925407940e+01,8.837631901567746695e+00
3.928836810517290701e+01,9.786035019091842813e+00
3.930837382109174172e+01,9.524489678400048120e+00
3.932837953701057643e+01,9.772718210694030461e+00
3.934838525292941114e+01,1.087614027396486449e+01
3.936839096884824585e+01,1.101278623696260439e+01
3.938839668476707345e+01,1.063701012920265043e+01
3.940840240068591527e+01,1.141049754537138305e+01
3.942840811660474287e+01,1.089178985103305308e+01
3.944841383252358469e+01,1.142915557414223748e+01
3.946841954844241229e+01,1.232209176445366339e+01
3.948842526436124700e+01,1.302323298487170611e+01
3.950843098028008171e+01,1.338053191601227709e+01
3.952843669619891642e+01,1.375046531022386276e+01
3.954844241211775113e+01,1.439537489262025360e+01
3.956844812803657874e+01,1.467620572252492650e+01
3.958845384395542055e+01,1.450396015144740858e+01
3.960845955987424816e+01,1.513694855885225188e+01
3.962846527579308997e+01,1.447384376315504184e+01
3.964847099171191758e+01,1.546952339990145120e+01
3.966847670763075229e+01,1.605709108308236921e+01
3.968848242354958700e+01,1.558365287920542919e+01
3.970848813946842171e+01,1.435795320063710179e+01
3.972849385538725642e+01,1.542668300727777719e+01
3.974849957130608402e+01,1.541565790631445054e+01
3.976850528722492584e+01,1.490478580210122139e+01
3.978851100314375344e+01,1.232569253152632527e+01
3.980851671906259526e+01,1.331388595159905819e+01
3.982852243498142286e+01,1.274262437337506526e+01
3.984852815090025757e+01,1.173303301950542377e+01
3.986853386681909228e+01,1.078413324027969722e+01
3.988853958273792699e+01,1.081119748315768092e+01
3.990854529865676170e+01,9.505315110582401417e+00
3.992855101457559641e+01,8.948588981656621755e+00
3.994855673049443112e+01,7.933287570120201693e+00
3.996856244641325873e+01,8.402649397121605190e+00
3.998856816233210054e+01,7.533632363800894183e+00
4.000857387825092815e+01,7.433625695122348276e+00
4.002857959416976286e+01,7.779596831015931357e+00
4.004858531008859757e+01,7.150792010063794280e+00
4.006859102600743228e+01,7.142342666437954790e+00
4.008859674192626699e+01,7.737041051922290968e+00
4.010860245784510170e+01,6.971909404502124374e+00
4.012860817376393641e+01,6.984523765262037998e+00
4.014861388968276401e+01,6.989430691798892425e+00
4.016861960560160583e+01,6.650338300856363460e+00
4.018862532152043343e+01,6.608101864908308087e+00
4.020863103743927525e+01,6.560877766735160321e+00
4.022863675335810285e+01,7.019827850999008412e+00
4.024864246927693756e+01,6.883727711619157752e+00
4.026864818519577227e+01,7.537281192605282953e+00
4.028865390111460698e+01,6.801448642898249020e+00
4.030865961703344169e+01,8.206945559936478674e+00
4.032866533295226930e+01,8.124429991504038995e+00
4.034867104887111111e+01,7.971459115503049198e+00
4.036867676478993872e+01,7.847405988427704315e+00
4.038868248070878053e+01,8.227149533694518624e+00
4.040868819662760814e+01,7.650545737679234293e+00
4.042869391254644285e+01,7.365669277873239551e+00
4.044869962846527756e+01,8.404228788125655214e+00
4.046870534438411227e+01,8.191340365341837071e+00
4.048871106030294698e+01,8.302316020307095812e+00
4.050871677622177458e+01,8.298433141928274637e+00
4.052872249214061640e+01,8.412164109034803161e+00
4.054872820805944400e+01,7.977884686566198980e+00
4.056873392397828582e+01,8.135033167958150457e+00
4.058873963989711342e+01,8.000765856271463861e+00
4.060874535581594813e+01,8.086749148042331470e+00
4.062875107173478284e+01,7.645823244776694949e+00
4.064875678765361755e+01,8.088546712093807045e+00
4.066876250357245226e+01,8.310858852566354926e+00
4.068876821949127986e+01,7.827899272238851403e+00
4.070877393541012168e+01,8.471944215972497361e+00
4.072877965132894929e+01,7.773465183173856374e+00
4.074878536724779110e+01,7.484769280021996707e+00
4.076879108316661871e+01,8.274733091206154967e+00
4.078879679908545342e+01,8.490145500441098392e+00
4.080880251500428813e+01,8.846034586924261589e+00
4.082880823092312284e+01,8.938496163824446228e+00
4.084881394684195755e+01,8.281130692460751064e+00
4.086881966276079226e+01,9.221633481784639486e+00
4.088882537867962697e+01,8.961482750963259747e+00
4.090883109459845457e+01,9.334698750104053033e+00
4.092883681051729639e+01,8.460656909950026616e+00
4.094884252643612399e+01,9.758789008511174146e+00
4.096884824235495870e+01,9.321669569437363023e+00
4.098885395827379341e+01,8.897674686476795713e+00
4.100885967419262812e+01,8.926171091161467785e+00
4.102886539011146283e+01,8.904019752632766682e+00
4.104887110603029754e+01,9.280989432893427704e+00
4.106887682194913225e+01,9.160725050224524324e+00
4.108888253786795985e+01,9.018846591154407122e+00
4.110888825378680167e+01,9.195833720192414518e+00
4.112889396970562927e+01,8.562308160535284429e+00
4.114889968562447109e+01,8.775030844357280202e+00
4.116890540154329869e+01,8.146984322749853291e+00
4.118891111746213340e+01,7.535558307714268267e+00
4.120891683338096811e+01,7.221579773945777880e+00
4.122892254929980282e+01,7.597428800868367915e+00
4.124892826521863753e+01,7.634177565068180904e+00
4.126893398113746514e+01,6.978824596473291564e+00
4.128893969705630695e+01,7.415115864613470720e+00
4.130894541297513456e+01,7.104454895372960266e+00
4.132895112889397637e+01,6.984287242486614034e+00
4.134895684481280398e+01,6.868492718204777248e+00
4.136896256073163869e+01,7.382443592187497572e+00
4.138896827665047340e+01,7.147321895203480935e+00
4.140897399256930811e+01,6.552616963449217735e+00
4.142897970848814282e+01,7.647409460411212834e+00
4.144898542440697042e+01,6.824665255575776968e+00
4.146899114032581224e+01,6.853181845893351998e+00
4.148899685624463984e+01,6.882256677379423593e+00
4.150900257216348166e+01,7.613389124670220554e+00
4.152900828808230926e+01,7.936025277774161779e+00
4.154901400400114397e+01,7.485580756244595513e+00
4.156901971991997868e+01,7.793842046206812313e+00
4.158902543583881339e+01,7.960615737632958044e+00
4.160903115175764810e+01,8.260033322984602577e+00
4.162903686767647571e+01,8.927949515534127300e+00
4.164904258359531752e+01,8.069884276145778301e+00
4.166904829951414513e+01,7.998995769662872846e+00
4.168905401543298694e+01,8.555288794525417018e+00
4.170905973135181455e+01,9.026641857854462714e+00
4.172906544727064926e+01,8.509592335296513710e+00
4.174907116318948397e+01,8.053705873551127326e+00
4.176907687910831868e+01,8.166182428651660885e+00
4.178908259502715339e+01,8.072237028595038666e+00
4.180908831094598810e+01,7.813330022318028867e+00
4.182909402686482281e+01,7.668926893510650267e+00
4.184909974278365041e+01,7.675499094292456803e+00
4.186910545870249223e+01,7.972585787849205019e+00
4.188911117462131983e+01,6.511704290599064748e+00
4.190911689054015454e+01,7.234237782572114028e+00
4.192912260645898925e+01,6.682521261740194340e+00
4.194912832237782396e+01,7.066025323964213456e+00
4.196913403829665867e+01,6.676811357826043292e+00
4.198913975421549338e+01,7.127051424665508783e+00
4.200914547013432809e+01,6.377620514222130055e+00
4.202915118605316280e+01,6.654336800873135616e+00
4.204915690197199041e+01,7.256188661677547280e+00
4.206916261789082512e+01,6.937248786394198063e+00
4.208916833380965983e+01,6.867744921505845923e+00
4.210917404972849454e+01,7.498403200182857553e+00
4.212917976564732925e+01,7.349110758769398899e+00
4.214918548156616396e+01,7.259076196952415572e+00
4.216919119748499867e+01,7.399705885890647039e+00
4.218919691340383338e+01,7.851196262192589259e+00
4.220920262932266809e+01,7.708279072865736659e+00
4.222920834524150280e+01,7.362378026596639202e+00
4.224921406116033040e+01,8.301075584968888421e+00
4.226921977707916511e+01,7.542444992225497913e+00
4.228922549299799982e+01,8.268762340596081728e+00
4.230923120891683453e+01,8.523333059416719593e+00
4.232923692483566924e+01,9.134422601233277206e+00
4.234924264075450395e+01,9.291114886437508602e+00
4.236924835667333866e+01,1.012748084797834913e+01
4.238925407259217337e+01,9.578994950913248374e+00
4.240925978851100808e+01,9.746866129746329932e+00
4.242926550442983569e+01,1.054049129611407842e+01
4.244927122034867040e+01,9.609580998504437588e+00
4.246927693626750511e+01,1.049004143984718951e+01
4.248928265218633982e+01,1.059866321689919033e+01
4.250928836810517453e+01,1.140698858246224034e+01
4.252929408402400924e+01,1.119411363440260843e+01
4.254929979994284395e+01,1.173060773054822548e+01
4.256930551586167866e+01,1.134037062813990815e+01
4.258931123178051337e+01,1.141827588778056501e+01
4.260931694769934097e+01,1.099788696800546894e+01
4.262932266361817568e+01,1.130045215824983629e+01
4.264932837953701039e+01,1.129942865294734489e+01
4.266933409545584510e+01,1.077929415078780728e+01
4.268933981137467981e+01,1.066072400897743755e+01
4.270934552729351452e+01,1.123565451737501064e+01
4.272935124321234923e+01,1.088860505672439949e+01
4.274935695913118394e+01,9.847839818766990660e+00
4.276936267505001865e+01,9.668199991248936698e+00
4.278936839096885336e+01,9.682918134493686324e+00
4.280937410688768097e+01,9.647200956484539347e+00
4.282937982280651568e+01,9.477467409370376572e+00
4.284938553872535039e+01,8.930547582301789689e+00
4.286939125464418510e+01,9.041400235645330241e+00
4.288939697056301981e+01,8.414724427623458070e+00
4.290940268648185452e+01,8.638858930362257382e+00
4.292940840240068923e+01,8.396743234491900409e+00
4.294941411831952394e+01,8.442089154903719361e+00
4.296941983423835865e+01,9.059067582048353273e+00
4.298942555015718625e+01,8.605205187045628534e+00
4.300943126607602096e+01,8.658810270009112742e+00
4.302943698199485567e+01,9.494216181911298236e+00
4.304944269791369038e+01,9.058516401443288402e+00
4.306944841383252509e+01,9.181312378653073480e+00
4.308945412975135980e+01,1.052252366896340163e+01
4.310945984567019451e+01,1.022668514839927312e+01
4.312946556158902922e+01,1.066137004693013779e+01
4.314947127750786393e+01,1.009497478606532361e+01
4.316947699342669864e+01,1.041694218041015318e+01
4.318948270934552625e+01,1.036768346649392569e+01
4.320948842526436096e+01,1.139239379250186701e+01
4.322949414118319567e+01,1.071192944295746408e+01
4.324949985710203038e+01,1.115982822069288005e+01
4.326950557302086509e+01,1.079733406348124802e+01
4.328951128893969980e+01,1.190131792791535936e+01
4.330951700485853451e+01,1.151668107414794129e+01
4.332952272077736922e+01,1.151652320859347789e+01
4.334952843669620393e+01,1.110034982751492194e+01
4.336953415261503153e+01,1.209227821275808523e+01
4.338953986853386624e+01,1.130908612146968650e+01
4.340954558445270095e+01,1.140793181951081614e+01
4.342955130037153566e+01,1.134557393698409555e+01
4.344955701629037037e+01,1.074606836415616584e+01
4.346956273220920508e+01,1.107657556285296785e+01
4.348956844812803979e+01,1.080766686719480774e+01
4.350957416404687450e+01,9.903039951510429262e+00
4.352957987996570921e+01,1.067848513227915319e+01
4.354958559588453681e+01,1.059003952120378145e+01
4.356959131180337153e+01,9.666566241092677814e+00
4.358959702772220624e+01,9.093974572513843668e+00
4.360960274364104095e+01,8.286780492797916509e+00
4.362960845955987566e+01,8.696829867591761243e+00
4.364961417547871037e+01,8.213200305469728235e+00
4.366961989139754508e+01,8.131270446648100503e+00
4.368962560731637979e+01,8.551979714624645013e+00
4.370963132323521450e+01,7.987036515183270069e+00
4.372963703915404921e+01,7.896300607697479990e+00
4.374964275507287681e+01,7.649803337597418817e+00
4.376964847099171152e+01,7.499784319797221599e+00
4.378965418691054623e+01,7.203980193917230324e+00
4.380965990282938094e+01,7.300347584884796959e+00
4.382966561874821565e+01,7.354916131090489806e+00
4.384967133466705036e+01,7.398723056858960589e+00
4.386967705058588507e+01,7.780924526352687387e+00
4.388968276650471978e+01,6.739105916946519059e+00
4.390968848242355449e+01,6.382948709138160481e+00
4.392969419834238209e+01,7.196116520813967909e+00
4.394969991426121680e+01,6.696992227066601799e+00
4.396970563018005151e+01,7.243567539702974400e+00
4.398971134609888622e+01,6.455102104379555783e+00
4.400971706201772093e+01,6.780489774567314498e+00
4.402972277793655564e+01,7.494852333540912070e+00
4.404972849385539035e+01,6.122831296382777566e+00
4.406973420977422506e+01,6.817433750644733337e+00
4.408973992569305977e+01,6.929070613171418813e+00
4.410974564161189448e+01,6.980357363519289926e+00
4.412975135753072209e+01,7.511152034953397560e+00
4.414975707344955680e+01,7.292515841636518559e+00
4.416976278936839151e+01,6.986660088856766926e+00
4.418976850528722622e+01,7.047100295957477556e+00
4.420977422120606093e+01,7.423971542642890498e+00
4.422977993712489564e+01,8.272521716003421233e+00
4.424978565304373035e+01,8.513016556536229018e+00
4.426979136896256506e+01,8.218851574645851699e+00
4.428979708488139977e+01,8.321816766290393019e+00
4.430980280080022737e+01,8.926518362581976618e+00
4.432980851671906208e+01,8.676664567492355928e+00
4.434981423263789679e+01,8.353436514874514884e+00
4.436981994855673150e+01,8.946978369211713300e+00
4.438982566447556621e+01,8.483212001217330211e+00
4.440983138039440092e+01,8.933485826264947249e+00
4.442983709631323563e+01,9.183607304927395631e+00
4.444984281223207034e+01,9.412372571281817812e+00
4.446984852815090505e+01,8.865612857805707847e+00
4.448985424406973266e+01,9.131342059875187545e+00
4.450985995998856737e+01,9.939139049831577921e+00
4.452986567590740208e+01,8.799052613932797584e+00
4.454987139182623679e+01,9.912850607703678207e+00
4.456987710774507150e+01,9.518007315987823347e+00
4.458988282366390621e+01,1.060429055486619987e+01
4.460988853958274092e+01,1.131004472761279267e+01
4.462989425550157563e+01,1.107008617262388128e+01
4.464989997142041034e+01,1.158964107055395942e+01
4.466990568733924505e+01,1.187805092175769062e+01
4.468991140325807265e+01,1.227644024546740020e+01
4.470991711917690736e+01,1.297660937315259133e+01
4.472992283509574207e+01,1.322932179402873487e+01
4.474992855101457678e+01,1.387380988353549682e+01
4.476993426693341149e+01,1.455665319690452719e+01
4.478993998285224620e+01,1.507684359005229169e+01
4.480994569877108091e+01,1.560945671466041240e+01
4.482995141468991562e+01,1.599542419784986791e+01
4.484995713060875033e+01,1.667805560116398311e+01
4.486996284652757794e+01,1.796002442068744287e+01
4.488996856244641265e+01,1.788959602679358341e+01
4.490997427836524736e+01,1.865966478943252227e+01
4.492997999428408207e+01,1.963876373990373381e+01
4.494998571020291678e+01,1.966153998426558402e+01
4.496999142612175149e+01,2.051916141896167645e+01
4.498999714204058620e+01,1.993259336759170708e+01
4.501000285795942091e+01,2.076566594986579872e+01
4.503000857387825562e+01,2.060532533567206315e+01
4.505001428979709033e+01,1.989787426517493785e+01
4.507002000571591793e+01,1.981754969489840335e+01
4.509002572163475264e+01,2.027409356387983763e+01
4.511003143755358735e+01,1.931850386709370682e+01
4.513003715347242206e+01,1.895557167561931777e+01
4.515004286939125677e+01,1.843672399072234924e+01
4.517004858531009148e+01,1.782227544997616064e+01
4.519005430122892619e+01,1.697761265782835594e+01
4.521006001714776090e+01,1.681415051023002860e+01
4.523006573306659561e+01,1.668965057393198848e+01
4.525007144898542322e+01,1.506144850726821360e+01
4.527007716490425793e+01,1.541392454275161938e+01
4.529008288082309264e+01,1.493629605826959583e+01
4.531008859674192735e+01,1.427491721921633072e+01
4.533009431266076206e+01,1.386323935231677673e+01
4.535010002857959677e+01,1.307693856880003125e+01
4.537010574449843148e+01,1.337409686276684262e+01
4.539011146041726619e+01,1.352571227267458198e+01
4.541011717633610090e+01,1.290020110356085503e+01
4.543012289225492850e+01,1.294804842313530813e+01
4.545012860817376321e+01,1.302335219186317516e+01
4.547013432409259792e+01,1.293605831521510297e+01
4.549014004001143263e+01,1.422966744702529240e+01
4.551014575593026734e+01,1.457011592391888755e+01
4.553015147184910205e+01,1.471209944153357263e+01
4.555015718776793676e+01,1.558949508072493906e+01
4.557016290368677147e+01,1.488137990506830555e+01
4.559016861960560618e+01,1.561186738753757552e+01
4.561017433552444089e+01,1.677529856112924023e+01
4.563018005144326850e+01,1.720559829367164895e+01
4.565018576736210321e+01,1.769596763783135174e+01
4.567019148328093792e+01,1.855381493803994886e+01
4.569019719919977263e+01,1.845781418870729240e+01
4.571020291511860734e+01,1.937692630311158126e+01
4.573020863103744205e+01,2.016890101693187631e+01
4.575021434695627676e+01,2.002007190118905910e+01
4.577022006287511147e+01,2.043476521386377698e+01
4.579022577879394618e+01,1.933877788733317615e+01
4.581023149471277378e+01,1.974150322625743215e+01
4.583023721063160849e+01,2.024768952137925737e+01
4.585024292655044320e+01,2.039658915102016579e+01
4.587024864246927791e+01,2.113974589958817063e+01
4.589025435838811262e+01,2.087054040921904274e+01
4.591026007430694733e+01,2.187272191338461269e+01
4.593026579022578204e+01,2.151384701723958415e+01
4.595027150614461675e+01,2.133038316291633762e+01
4.597027722206345146e+01,2.133722604289893354e+01
4.599028293798228617e+01,2.161130718374727877e+01
4.601028865390111378e+01,2.241339694782407221e+01
4.603029436981994849e+01,2.196371199050308221e+01
4.605030008573878320e+01,2.301963160156401500e+01
4.607030580165761791e+01,2.267688722259563860e+01
4.609031151757645262e+01,2.207052544741380018e+01
4.611031723349528733e+01,2.176306610052647628e+01
4.613032294941412204e+01,2.198529932135776477e+01
4.615032866533295675e+01,2.204713614317818227e+01
4.617033438125179146e+01,2.165190304928055198e+01
4.619034009717061906e+01,2.192891267925018894e+01
4.621034581308945377e+01,2.173191614220103673e+01
4.623035152900828848e+01,2.155427486605377752e+01
4.625035724492712319e+01,2.084637760966951348e+01
4.627036296084595790e+01,2.144695230722722457e+01
4.629036867676479261e+01,2.143063099516247405e+01
4.631037439268362732e+01,2.288612384859693805e+01
4.633038010860246203e+01,2.283339237415867728e+01
4.635038582452129674e+01,2.328861582571767741e+01
4.637039154044012434e+01,2.339982516130607593e+01
4.639039725635895905e+01,2.302758834111958564e+01
4.641040297227779376e+01,2.308981533837239652e+01
4.643040868819662847e+01,2.281778488467150368e+01
4.645041440411546319e+01,2.255252303259426583e+01
4.647042012003429790e+01,2.198922362191904156e+01
4.649042583595313261e+01,2.095892874978390807e+01
4.651043155187196732e+01,2.007476090108272260e+01
4.653043726779080203e+01,1.951652940456848739e+01
4.655044298370963674e+01,1.787076504285386847e+01
4.657044869962846434e+01,1.603520437440398894e+01
4.659045441554729905e+01,1.465652932088714522e+01
4.661046013146613376e+01,1.429470299227110530e+01
4.663046584738496847e+01,1.258330725838786535e+01
4.665047156330380318e+01,1.175873601110734512e+01
4.667047727922263789e+01,1.106116712629044230e+01
4.669048299514147260e+01,1.088272423345125617e+01
4.671048871106030731e+01,9.946443938600882717e+00
4.673049442697914202e+01,9.110086692117551621e+00
4.675050014289796962e+01,8.280203870812856692e+00
4.677050585881680433e+01,9.270998617752939097e+00
4.679051157473563904e+01,8.248488001194637320e+00
4.681051729065447375e+01,8.208830413509208057e+00
4.683052300657330846e+01,8.751402293043039293e+00
4.685052872249214317e+01,7.783447012210974236e+00
4.687053443841097788e+01,8.362730721819591651e+00
4.689054015432981259e+01,7.349797095639074129e+00
4.691054587024864730e+01,8.298959651930383430e+00
4.693055158616748201e+01,7.671913780163009733e+00
4.695055730208630962e+01,8.975873969578536560e+00
4.697056301800514433e+01,8.045316183618046679e+00
4.699056873392397904e+01,8.790787988137644504e+00
4.701057444984281375e+01,8.397549948064797931e+00
4.703058016576164846e+01,9.027374441148138473e+00
4.705058588168048317e+01,9.518589691002421915e+00
4.707059159759931788e+01,9.372831179999309370e+00
4.709059731351815259e+01,1.064180092598554772e+01
4.711060302943698730e+01,9.831419913314451975e+00
4.713060874535581490e+01,1.074178650596295981e+01
4.715061446127464961e+01,1.202524226869481438e+01
4.717062017719348432e+01,1.200934837587271886e+01
4.719062589311231903e+01,1.210571512648943227e+01
4.721063160903115374e+01,1.296403390374430131e+01
4.723063732494998845e+01,1.278704967032775386e+01
4.725064304086882316e+01,1.272590139685948785e+01
4.727064875678765787e+01,1.232145091046716523e+01
4.729065447270649258e+01,1.327487208353462123e+01
4.731066018862532019e+01,1.302667253614738918e+01
4.733066590454415490e+01,1.254326294825158428e+01
4.735067162046298961e+01,1.386253746178353552e+01
4.737067733638182432e+01,1.367981660158871193e+01
4.739068305230065903e+01,1.358193369760917513e+01
4.741068876821949374e+01,1.288057793438562371e+01
4.743069448413832845e+01,1.241999962537962787e+01
4.745070020005716316e+01,1.290728057339990897e+01
4.747070591597599787e+01,1.156216420941050771e+01
4.749071163189483258e+01,1.141435260828875897e+01
4.751071734781366018e+01,1.072261841853528708e+01
4.753072306373249489e+01,1.020290122153987689e+01
4.755072877965132960e+01,1.025174039957711969e+01
4.757073449557016431e+01,9.930027626532275775e+00
4.759074021148899902e+01,9.819140999431130723e+00
4.761074592740783373e+01,8.969910601111644510e+00
4.763075164332666844e+01,8.078076791634936527e+00
4.765075735924550315e+01,8.444376634815490945e+00
4.767076307516433786e+01,8.225030351630612913e+00
4.769076879108316547e+01,8.450320694492365448e+00
4.771077450700200018e+01,7.509531319599156873e+00
4.773078022292083489e+01,8.174347276177316601e+00
4.775078593883966960e+01,7.533693123748535392e+00
4.777079165475850431e+01,7.827443457352808664e+00
4.779079737067733902e+01,7.621784605383094657e+00
4.781080308659617373e+01,7.521661894961132688e+00
4.783080880251500844e+01,8.506650819444773859e+00
4.785081451843384315e+01,8.097315571952695024e+00
4.787082023435267075e+01,8.228136076463041348e+00
4.789082595027150546e+01,8.246681783150584977e+00
4.791083166619034017e+01,8.416407139768775636e+00
4.793083738210917488e+01,8.117260339008732117e+00
4.795084309802800959e+01,8.249665696537537229e+00
4.797084881394684430e+01,8.616675604967618085e+00
4.799085452986567901e+01,8.744849842687255403e+00
4.801086024578451372e+01,8.967145166311551563e+00
4.803086596170334843e+01,9.546582423880872526e+00
4.805087167762218314e+01,9.319147958924753894e+00
4.807087739354101075e+01,9.560199359155376442e+00
4.809088310945984546e+01,9.993633179621298268e+00
4.811088882537868017e+01,1.078591530378044183e+01
4.813089454129751488e+01,1.098664586571380397e+01
4.815090025721634959e+01,1.109941881013425302e+01
4.817090597313518430e+01,1.120844607822630223e+01
4.819091168905401901e+01,1.233199456764430479e+01
4.821091740497285372e+01,1.223332080052249538e+01
4.823092312089168843e+01,1.331918162807050976e+01
4.825092883681051603e+01,1.374870473311871422e+01
4.827093455272935074e+01,1.434596217904745430e+01
4.829094026864818545e+01,1.429225484383160705e+01
4.831094598456702016e+01,1.523259804575759091e+01
4.833095170048585487e+01,1.504666832809076737e+01
4.835095741640468958e+01,1.585285899669981191e+01
4.837096313232352429e+01,1.540935410944817363e+01
4.839096884824235900e+01,1.602387887284561785e+01
4.841097456416119371e+01,1.676825261992218685e+01
4.843098028008002842e+01,1.595208825829833543e+01
4.845098599599885603e+01,1.600037581711720946e+01
4.847099171191769074e+01,1.539097632997630072e+01
4.849099742783652545e+01,1.563436015203281215e+01
4.851100314375536016e+01,1.495072995324506060e+01
4.853100885967419487e+01,1.521712812714086205e+01
4.855101457559302958e+01,1.408927177274719433e+01
4.857102029151186429e+01,1.388394651357444332e+01
4.859102600743069900e+01,1.404377071163450275e+01
4.861103172334953371e+01,1.358355442890537290e+01
4.863103743926836131e+01,1.333356205058031563e+01
4.865104315518719602e+01,1.283229376556882428e+01
4.867104887110603073e+01,1.383563765874519191e+01
4.869105458702486544e+01,1.300551939686529046e+01
4.871106030294370015e+01,1.327321516867864659e+01
4.873106601886253486e+01,1.325625687642634531e+01
4.875107173478136957e+01,1.236262903876777841e+01
4.877107745070020428e+01,1.193916247174151302e+01
4.879108316661903899e+01,1.241129026729787554e+01
4.881108888253786660e+01,1.206187419104660918e+01
4.883109459845670131e+01,1.135792418025286210e+01
4.885110031437553602e+01,1.139195961188594808e+01
4.887110603029437073e+01,1.175131059406101208e+01
4.889111174621320544e+01,1.050153075087244403e+01
4.891111746213204015e+01,1.064731649816201475e+01
4.893112317805087486e+01,1.051180128399255942e+01
4.895112889396970957e+01,9.744169861071169336e+00
4.897113460988854428e+01,9.433493467636390406e+00
4.899114032580737899e+01,8.901748602813665201e+00
4.901114604172620659e+01,7.941427321108573523e+00
4.903115175764504130e+01,8.261358208329950159e+00
4.905115747356387601e+01,8.655743027421767266e+00
4.907116318948271072e+01,8.566764562223834645e+00
4.909116890540154543e+01,7.659737419942342029e+00
4.911117462132038014e+01,8.812654783417430693e+00
4.913118033723921485e+01,8.095465405491111710e+00
4.915118605315804956e+01,8.777944406311295467e+00
4.917119176907688427e+01,8.177078361377189353e+00
4.919119748499571187e+01,8.230397151596378080e+00
4.921120320091454658e+01,9.618896316658037904e+00
4.923120891683338129e+01,9.553616621886554583e+00
4.925121463275221600e+01,9.344809675561995377e+00
4.927122034867105071e+01,1.038286030002023708e+01
4.929122606458988542e+01,9.861878324266399432e+00
4.931123178050872014e+01,1.120049657260533493e+01
4.933123749642755485e+01,1.097434086136493470e+01
4.935124321234638956e+01,1.109609203164498048e+01
4.937124892826522427e+01,1.108956219800737486e+01
4.939125464418405187e+01,1.097338301478680656e+01
4.941126036010288658e+01,1.071123375965469293e+01
4.943126607602172129e+01,1.022492754426276917e+01
4.945127179194055600e+01,1.075047741497032838e+01
4.947127750785939071e+01,1.108884921958481939e+01
4.949128322377822542e+01,1.061408853738682012e+01
4.951128893969706013e+01,1.057639783122262500e+01
4.953129465561589484e+01,1.018376857554681791e+01
4.955130037153472955e+01,1.093380694038495093e+01
4.957130608745355715e+01,1.103103465453216359e+01
4.959131180337239186e+01,1.095285808620097612e+01
4.961131751929122657e+01,1.054754273948994125e+01
4.963132323521006128e+01,1.065931875324087308e+01
4.965132895112889599e+01,1.124233412587410186e+01
4.967133466704773070e+01,1.120616175961913896e+01
4.969134038296656541e+01,1.101993207539007891e+01
4.971134609888540012e+01,1.096829202485107757e+01
4.973135181480423483e+01,1.234209339192710075e+01
4.975135753072306244e+01,1.176480948770258195e+01
4.977136324664189715e+01,1.280538373371627081e+01
4.979136896256073186e+01,1.312937249082421864e+01
4.981137467847956657e+01,1.321928699301755117e+01
4.983138039439840128e+01,1.393407014435118718e+01
4.985138611031723599e+01,1.391526478103025966e+01
4.987139182623607070e+01,1.520128741101876457e+01
4.989139754215490541e+01,1.419247904733850163e+01
4.991140325807374012e+01,1.461647936551938365e+01
4.993140897399257483e+01,1.633929688563583937e+01
4.995141468991140243e+01,1.576593590941608980e+01
4.997142040583023714e+01,1.694390377467259867e+01
4.999142612174907185e+01,1.667436603711482235e+01
5.001143183766790656e+01,1.678598246225105228e+01
5.003143755358674127e+01,1.696711016724812282e+01
5.005144326950557598e+01,1.729697922347247641e+01
5.007144898542441069e+01,1.587935126371012018e+01
5.009145470134324540e+01,1.610542161781209458e+01
5.011146041726208011e+01,1.591581486773590370e+01
5.013146613318090772e+01,1.459145430521179243e+01
5.015147184909974243e+01,1.361248252034894968e+01
5.017147756501857714e+01,1.356789389605298624e+01
5.019148328093741185e+01,1.280472888571826928e+01
5.021148899685624656e+01,1.164193770457549348e+01
5.023149471277508127e+01,1.114303463137996175e+01
5.025150042869391598e+01,1.070683261022386290e+01
5.027150614461275069e+01,1.002853757586098737e+01
5.029151186053158540e+01,9.758331451096108111e+00
5.031151757645042011e+01,8.725419243615565534e+00
5.033152329236924771e+01,8.713312729180753280e+00
5.035152900828808242e+01,8.325988660932392094e+00
5.037153472420691713e+01,8.093622708895885864e+00
5.039154044012575184e+01,8.383602675334978827e+00
5.041154615604458655e+01,8.837019585614907413e+00
5.043155187196342126e+01,9.335516653583567859e+00
5.045155758788225597e+01,8.477030281983743976e+00
5.047156330380109068e+01,9.444038583772988105e+00
5.049156901971992539e+01,1.002510150511803033e+01
5.051157473563875300e+01,9.658887517336619766e+00
5.053158045155758771e+01,1.104651315734525063e+01
5.055158616747642242e+01,1.141361731243252109e+01
5.057159188339525713e+01,1.145742074126757259e+01
5.059159759931409184e+01,1.299693955210586438e+01
5.061160331523292655e+01,1.399311697530080778e+01
5.063160903115176126e+01,1.358187104908994769e+01
5.065161474707059597e+01,1.457579972694000148e+01
5.067162046298943068e+01,1.509897864842726101e+01
5.069162617890825828e+01,1.649942630229561757e+01
5.071163189482709299e+01,1.651857829476423234e+01
5.073163761074592770e+01,1.670051743426063240e+01
5.075164332666476241e+01,1.785661048482323565e+01
5.077164904258359712e+01,1.807837189294595959e+01
5.079165475850243183e+01,1.892037933227716451e+01
5.081166047442126654e+01,1.922770057898405938e+01
5.083166619034010125e+01,1.832964715690959778e+01
5.085167190625893596e+01,1.909383895176002355e+01
5.087167762217777067e+01,1.803919389117420380e+01
5.089168333809659828e+01,1.760840438606323488e+01
5.091168905401543299e+01,1.826253039991269844e+01
5.093169476993426770e+01,1.815619004514201151e+01
5.095170048585310241e+01,1.730989508986213821e+01
5.097170620177193712e+01,1.646589253334295222e+01
5.099171191769077183e+01,1.605822113753872671e+01
5.101171763360960654e+01,1.666923379773601965e+01
5.103172334952844125e+01,1.556477057378603135e+01
5.105172906544727596e+01,1.527683595062566368e+01
5.107173478136610356e+01,1.500935408365924317e+01
5.109174049728493827e+01,1.420824473925343767e+01
5.111174621320377298e+01,1.386588302448627985e+01
5.113175192912260769e+01,1.340353245540132043e+01
5.115175764504144240e+01,1.353736349730379729e+01
5.117176336096027711e+01,1.333468113238015995e+01
5.119176907687911182e+01,1.300859879657423690e+01
5.121177479279794653e+01,1.305597790948030656e+01
5.123178050871678124e+01,1.260865419716971125e+01
5.125178622463561595e+01,1.201972993246357291e+01
5.127179194055444356e+01,1.261359466530911888e+01
5.129179765647327827e+01,1.241353353849437369e+01
5.131180337239211298e+01,1.267291132265992992e+01
5.133180908831094769e+01,1.187111706573630698e+01
5.135181480422978240e+01,1.216138873351849270e+01
5.137182052014861711e+01,1.202146557121104919e+01
5.139182623606745182e+01,1.247049417149830219e+01
5.141183195198628653e+01,1.162437443811866800e+01
5.143183766790512124e+01,1.264488775532752385e+01
5.145184338382394884e+01,1.189836255101870321e+01
5.147184909974278355e+01,1.263411112666652869e+01
5.149185481566161826e+01,1.151857579487804095e+01
5.151186053158045297e+01,1.261092418660452097e+01
5.153186624749928768e+01,1.153985981969025687e+01
5.155187196341812239e+01,1.135027579130672315e+01
5.157187767933695710e+01,1.130416585313303734e+01
5.159188339525579181e+01,1.162804619722422927e+01
5.161188911117462652e+01,1.066830563478488614e+01
5.163189482709345413e+01,1.124516221349427880e+01
5.165190054301228884e+01,1.087810358847359993e+01
5.167190625893112355e+01,9.841787310803727706e+00
5.169191197484995826e+01,9.640626114658585877e+00
5.171191769076879297e+01,9.912773041692101827e+00
5.173192340668762768e+01,1.024240984138906541e+01
5.175192912260646239e+01,9.704196804796252351e+00
5.177193483852529710e+01,9.448913698369832304e+00
5.179194055444413181e+01,9.735188417533066740e+00
5.181194627036296652e+01,9.414745875180507539e+00
5.183195198628179412e+01,9.733126410139092854e+00
5.185195770220062883e+01,9.612142654416409471e+00
5.187196341811946354e+01,9.171609762839343816e+00
5.189196913403829825e+01,9.700434772920690563e+00
5.191197484995713296e+01,1.015171733014286559e+01
5.193198056587596767e+01,9.249670318029609817e+00
5.195198628179480238e+01,1.043597696381155338e+01
5.197199199771363709e+01,9.506035313401810072e+00
5.199199771363247180e+01,1.066719641189994050e+01
5.201200342955129940e+01,9.743896783217042668e+00
5.203200914547013411e+01,9.944313263722200702e+00
5.205201486138896882e+01,1.048249787890411788e+01
5.207202057730780353e+01,1.054185092144183322e+01
5.209202629322663824e+01,1.123005904100994101e+01
5.211203200914547295e+01,1.143102057473222999e+01
5.213203772506430766e+01,1.222533758563418260e+01
5.215204344098314237e+01,1.243400142565348077e+01
5.217204915690197708e+01,1.290229355513690912e+01
5.219205487282081180e+01,1.317229045661649778e+01
5.221206058873963940e+01,1.406415688582617740e+01
5.223206630465847411e+01,1.428556806953082159e+01
5.225207202057730882e+01,1.319053881279562290e+01
5.227207773649614353e+01,1.337098229531457605e+01
5.229208345241497824e+01,1.400949238736228253e+01
5.231208916833381295e+01,1.383254652637054072e+01
5.233209488425264766e+01,1.382959026398347646e+01
5.235210060017148237e+01,1.327244918054212164e+01
5.237210631609031708e+01,1.310075118903741398e+01
5.239211203200914468e+01,1.300897854307659429e+01
5.241211774792797939e+01,1.323761256869237357e+01
5.243212346384681410e+01,1.287258880269393480e+01
5.245212917976564881e+01,1.184773999812339262e+01
5.247213489568448352e+01,1.127303609622725133e+01
5.249214061160331823e+01,1.243294956585711830e+01
5.251214632752215294e+01,1.222294189848702040e+01
5.253215204344098765e+01,1.162986991783521162e+01
5.255215775935982236e+01,1.114311258250680581e+01
5.257216347527864997e+01,1.166879872237006310e+01
5.259216919119748468e+01,1.142888988786587490e+01
5.261217490711631939e+01,1.150588865886217249e+01
5.263218062303515410e+01,1.207641216912522708e+01
5.265218633895398881e+01,1.258888837946206607e+01
5.267219205487282352e+01,1.268234092465395513e+01
5.269219777079165823e+01,1.214453037850039330e+01
5.271220348671049294e+01,1.234878324367638669e+01
5.273220920262932765e+01,1.183737238884991783e+01
5.275221491854816236e+01,1.176007250257913839e+01
5.277222063446698996e+01,1.083721050891343829e+01
5.279222635038582467e+01,1.148991560107874754e+01
5.281223206630465938e+01,1.065384518008444026e+01
5.283223778222349409e+01,1.002032779082383485e+01
5.285224349814232880e+01,9.576305802547111057e+00
5.287224921406116351e+01,9.479088954175542980e+00
5.289225492997999822e+01,8.619570652529588983e+00
5.291226064589883293e+01,9.175077122022223364e+00
5.293226636181766764e+01,8.908246403103891708e+00
5.295227207773649525e+01,9.201815429540360469e+00
5.297227779365532996e+01,8.336975462791206937e+00
5.299228350957416467e+01,8.807655320133321197e+00
5.301228922549299938e+01,8.569330077067906615e+00
5.303229494141183409e+01,8.885851434697446649e+00
5.305230065733066880e+01,8.744694269468711312e+00
5.307230637324950351e+01,8.850526696641850322e+00
5.309231208916833822e+01,8.140824364926325885e+00
5.311231780508717293e+01,8.499172839351192721e+00
5.313232352100600764e+01,8.736836623131850388e+00
5.315232923692483524e+01,9.307939855007278496e+00
5.317233495284366995e+01,9.379268882758701409e+00
5.319234066876250466e+01,9.047211180096017102e+00
5.321234638468133937e+01,9.551551311143441580e+00
5.323235210060017408e+01,8.960212031535693455e+00
5.325235781651900879e+01,9.559241655446335528e+00
5.327236353243784350e+01,9.267291393820695333e+00
5.329236924835667821e+01,9.687353796530707939e+00
5.331237496427551292e+01,1.012510290995032136e+01
5.333238068019434053e+01,9.588877200967033332e+00
5.335238639611317524e+01,9.880892812096195854e+00
5.337239211203200995e+01,9.832641740325467339e+00
5.339239782795084466e+01,1.029332710853053534e+01
5.341240354386967937e+01,1.040430529780456403e+01
5.343240925978851408e+01,1.103151149352381921e+01
5.345241497570734879e+01,1.034926139836823289e+01
5.347242069162618350e+01,1.185906625000769665e+01
5.349242640754501821e+01,1.198831185114315545e+01
5.351243212346384581e+01,1.254117746823120072e+01
5.353243783938268052e+01,1.219159401827595879e+01
5.355244355530151523e+01,1.338136840295939578e+01
5.357244927122034994e+01,1.352196137844793000e+01
5.359245498713918465e+01,1.462992709374112366e+01
5.361246070305801936e+01,1.545372062150589798e+01
5.363246641897685407e+01,1.615632191118388761e+01
5.365247213489568878e+01,1.634909102214965770e+01
5.367247785081452349e+01,1.695174517294856642e+01
5.369248356673335820e+01,1.784424691321345691e+01
5.371248928265218581e+01,1.774587326103608831e+01
5.373249499857102052e+01,1.836128749455991027e+01
5.375250071448985523e+01,1.871120117161575536e+01
5.377250643040868994e+01,1.925786249483520862e+01
5.379251214632752465e+01,1.935486330069917216e+01
5.381251786224635936e+01,1.902973536966618440e+01
5.383252357816519407e+01,1.827129231559803202e+01
5.385252929408402878e+01,1.779710659957412133e+01
5.387253501000286349e+01,1.793935335632047412e+01
5.389254072592169109e+01,1.763418069489918949e+01
5.391254644184052580e+01,1.788012010761550030e+01
5.393255215775936051e+01,1.713509215176487999e+01
5.395255787367819522e+01,1.687916115321550947e+01
5.397256358959702993e+01,1.638033520340630389e+01
5.399256930551586464e+01,1.568169628825035389e+01
5.401257502143469935e+01,1.548530427020881817e+01
5.403258073735353406e+01,1.624930516157717619e+01
5.405258645327236877e+01,1.615170722614560361e+01
5.407259216919120348e+01,1.551879642759628375e+01
5.409259788511003109e+01,1.530767218332876212e+01
5.411260360102886580e+01,1.550953730889105309e+01
5.413260931694770051e+01,1.502499164921731456e+01
5.415261503286653522e+01,1.448411250789705917e+01
5.417262074878536993e+01,1.343480091405949395e+01
5.419262646470420464e+01,1.386007440646152844e+01
5.421263218062303935e+01,1.314614573969706157e+01
5.423263789654187406e+01,1.307952235615882586e+01
5.425264361246070877e+01,1.278192886073267687e+01
5.427264932837953637e+01,1.273111782836561368e+01
5.429265504429837108e+01,1.174371463399536530e+01
5.431266076021720579e+01,1.180637122494199431e+01
5.433266647613604050e+01,1.125971315902226522e+01
5.435267219205487521e+01,9.876564357372579650e+00
5.437267790797370992e+01,1.041663009149989527e+01
5.439268362389254463e+01,1.036435923035009843e+01
5.441268933981137934e+01,9.369469613527847685e+00
5.443269505573021405e+01,8.315000715942501230e+00
5.445270077164904166e+01,8.044805900235699525e+00
5.447270648756787637e+01,8.503407009983948939e+00
5.449271220348671108e+01,8.499597448700015434e+00
5.451271791940554579e+01,7.798513342930718295e+00
5.453272363532438050e+01,8.238653342628937892e+00
5.455272935124321521e+01,7.370114043462677067e+00
5.457273506716204992e+01,7.332625532971752236e+00
5.459274078308088463e+01,7.526454382472554272e+00
5.461274649899971934e+01,7.751671384630556716e+00
5.463275221491855405e+01,7.930564068655584720e+00
5.465275793083738165e+01,8.192750465230604462e+00
5.467276364675621636e+01,8.148531212923586509e+00
5.469276936267505107e+01,8.775183033760935558e+00
5.471277507859388578e+01,8.840813769714356951e+00
5.473278079451272049e+01,8.832533943764545370e+00
5.475278651043155520e+01,8.664888070945595544e+00
5.477279222635038991e+01,9.160040178817190792e+00
5.479279794226922462e+01,9.734977731060350692e+00
5.481280365818805933e+01,1.021113525206418160e+01
5.483280937410688693e+01,1.047287670260157100e+01
5.485281509002572164e+01,1.104718433149363399e+01
5.487282080594455635e+01,1.143370879364433890e+01
5.489282652186339106e+01,1.189207490982493809e+01
5.491283223778222577e+01,1.298475763973627117e+01
5.493283795370106048e+01,1.297108228148940157e+01
5.495284366961989519e+01,1.385230553281899191e+01
5.497284938553872990e+01,1.367743029237293229e+01
5.499285510145756461e+01,1.499343706158131795e+01
5.501286081737639222e+01,1.499928171512943642e+01
5.503286653329522693e+01,1.499598501845661325e+01
5.505287224921406164e+01,1.499964912640793280e+01
5.507287796513289635e+01,1.545704935941359714e+01
5.509288368105173106e+01,1.449760295283636147e+01
5.511288939697056577e+01,1.534311100104630654e+01
5.513289511288940048e+01,1.444306477752337514e+01
5.515290082880823519e+01,1.430265754931093092e+01
5.517290654472706990e+01,1.301843929063182870e+01
5.519291226064590461e+01,1.317391052265039164e+01
5.521291797656473221e+01,1.301760373548829897e+01
5.523292369248356692e+01,1.137052483486416499e+01
5.525292940840240163e+01,1.091577453220634197e+01
5.527293512432123634e+01,1.063840538479791320e+01
5.529294084024007105e+01,9.453112200813551524e+00
5.531294655615890576e+01,9.008127308827145185e+00
5.533295227207774047e+01,9.537272093013131169e+00
5.535295798799657518e+01,8.933994375662852150e+00
5.537296370391540989e+01,8.301042770666452242e+00
5.539296941983423750e+01,8.452325143435286847e+00
5.541297513575307221e+01,8.342723111511965328e+00
5.543298085167190692e+01,8.355118286483907752e+00
5.545298656759074163e+01,8.805242511425795726e+00
5.547299228350957634e+01,8.769423234216141338e+00
5.549299799942841105e+01,9.260443122343685829e+00
5.551300371534724576e+01,9.067209910642313631e+00
5.553300943126608047e+01,9.258123492750904404e+00
5.555301514718491518e+01,9.578583018497475621e+00
5.557302086310374989e+01,1.025861523947163079e+01
5.559302657902257749e+01,1.097918919116832548e+01
5.561303229494141220e+01,1.072659095486410052e+01
5.563303801086024691e+01,1.140450445963951864e+01
5.565304372677908162e+01,1.099881766342055123e+01
5.567304944269791633e+01,1.123374107396709576e+01
5.569305515861675104e+01,1.157658673231028779e+01
5.571306087453558575e+01,1.135215118595979256e+01
5.573306659045442046e+01,1.207073536335641251e+01
5.575307230637325517e+01,1.177588817171152336e+01
5.577307802229208278e+01,1.216521914399317517e+01
5.579308373821091749e+01,1.106103776706397568e+01
5.581308945412975220e+01,1.064517398686273175e+01
5.583309517004858691e+01,1.115457906123577381e+01
5.585310088596742162e+01,1.114235030645528113e+01
5.587310660188625633e+01,1.030087815079082780e+01
5.589311231780509104e+01,1.086467985381571744e+01
5.591311803372392575e+01,1.027213575843176585e+01
5.593312374964276046e+01,1.132008894908286578e+01
5.595312946556158806e+01,1.082993290901824146e+01
5.597313518148042277e+01,1.099890480622908306e+01
5.599314089739925748e+01,1.138388398638511134e+01
5.601314661331809219e+01,1.097623306871266813e+01
5.603315232923692690e+01,1.044768383236187503e+01
5.605315804515576161e+01,1.171160498760129975e+01
5.607316376107459632e+01,1.140732786200773674e+01
5.609316947699343103e+01,1.069793573077694049e+01
5.611317519291226574e+01,1.125402973733803158e+01
5.613318090883110045e+01,1.039617646679041485e+01
5.615318662474992806e+01,1.159249060144603405e+01
5.617319234066876277e+01,1.008060627587996194e+01
5.619319805658759748e+01,1.018666278293383165e+01
5.621320377250643219e+01,1.069222746403085367e+01
5.623320948842526690e+01,1.011834413379399145e+01
5.625321520434410161e+01,9.214552587180120824e+00
5.627322092026293632e+01,9.176459680312046174e+00
5.629322663618177103e+01,9.054563412283316737e+00
5.631323235210060574e+01,8.891004854387226430e+00
5.633323806801943334e+01,8.559232873290937960e+00
5.635324378393826805e+01,8.682909898268405868e+00
5.637324949985710276e+01,8.253091474332224564e+00
5.639325521577593747e+01,7.140080814544520038e+00
5.641326093169477218e+01,7.211841178217744286e+00
5.643326664761360689e+01,8.309172370002544383e+00
5.645327236353244160e+01,7.322962800428904018e+00
5.647327807945127631e+01,8.243042824257299728e+00
5.649328379537011102e+01,7.250920745626297403e+00
5.651328951128894573e+01,7.577573059369367314e+00
5.653329522720777334e+01,7.848722412468963405e+00
5.655330094312660805e+01,6.881158083563705397e+00
5.657330665904544276e+01,7.747855011429766847e+00
5.659331237496427747e+01,7.313811912766080781e+00
5.661331809088311218e+01,7.200951950835541737e+00
5.663332380680194689e+01,8.040241649545576408e+00
5.665332952272078160e+01,7.575816386232738786e+00
5.667333523863961631e+01,7.327293887027003905e+00
5.669334095455845102e+01,7.176078800639440480e+00
5.671334667047727862e+01,7.301448320653149082e+00
5.673335238639611333e+01,7.520629610575966240e+00
5.675335810231494804e+01,7.315844350499701498e+00
5.677336381823378275e+01,7.080307121494003653e+00
5.679336953415261746e+01,7.331359236074826313e+00
5.681337525007145217e+01,6.917844408997377847e+00
5.683338096599028688e+01,7.530398477868564200e+00
5.685338668190912159e+01,6.137924682293350642e+00
5.687339239782795630e+01,6.919477429125052481e+00
5.689339811374678391e+01,7.482153124021385437e+00
5.691340382966561862e+01,6.334181062633634340e+00
5.693340954558445333e+01,6.948791190596558920e+00
5.695341526150328804e+01,6.852778930460242890e+00
5.697342097742212275e+01,7.193790059561655070e+00
5.699342669334095746e+01,7.402656309773230525e+00
5.701343240925979217e+01,7.697776237798771071e+00
5.703343812517862688e+01,7.717508482554870319e+00
5.705344384109746159e+01,7.573704992297776606e+00
5.707344955701629630e+01,7.269333310672180914e+00
5.709345527293512390e+01,8.089457770823910820e+00
5.711346098885395861e+01,7.079515305165436700e+00
5.713346670477279332e+01,7.886454675537901693e+00
5.715347242069162803e+01,7.150087932022119119e+00
5.717347813661046274e+01,7.115079199903600049e+00
5.719348385252929745e+01,7.576450346015224824e+00
5.721348956844813216e+01,7.312141006514306873e+00
5.723349528436696687e+01,8.375003901789863647e+00
5.725350100028580158e+01,7.266684599975625325e+00
5.727350671620462919e+01,6.919270588052657267e+00
5.729351243212346390e+01,7.663910383729775511e+00
5.731351814804229861e+01,7.466140210586626580e+00
5.733352386396113332e+01,7.811466029336086692e+00
5.735352957987996803e+01,8.518116078631173593e+00
5.737353529579880274e+01,7.909170921631312190e+00
5.739354101171763745e+01,8.159298244034399517e+00
5.741354672763647216e+01,8.911631365648659653e+00
5.743355244355530687e+01,8.775537976411865060e+00
5.745355815947414158e+01,9.814365576580183159e+00
5.747356387539296918e+01,9.771356538067834663e+00
5.749356959131180389e+01,9.867489794308520246e+00
5.751357530723063860e+01,1.020029586334209881e+01
5.753358102314947331e+01,1.049292468537930212e+01
5.755358673906830802e+01,9.662228411237654413e+00
5.757359245498714273e+01,1.025629648733854182e+01
5.759359817090597744e+01,9.859295257626476072e+00
5.761360388682481215e+01,9.840199187178013673e+00
5.763360960274364686e+01,1.026264016327231410e+01
5.765361531866247446e+01,9.452061291623415684e+00
5.767362103458130917e+01,9.747992123129566977e+00
5.769362675050014388e+01,1.029219393240839509e+01
5.771363246641897859e+01,9.808062945515796827e+00
5.773363818233781330e+01,9.726533479918611391e+00
5.775364389825664801e+01,1.003963491628267946e+01
5.777364961417548272e+01,1.014430210449813430e+01
5.779365533009431743e+01,1.073286639590109992e+01
5.781366104601315214e+01,9.685996500646291807e+00
5.783366676193197975e+01,1.110847382105028913e+01
5.785367247785081446e+01,1.085842053012950537e+01
5.787367819376964917e+01,1.155021762287030107e+01
5.789368390968848388e+01,1.094645866763091213e+01
5.791368962560731859e+01,1.051040891261719423e+01
5.793369534152615330e+01,1.161655922783354633e+01
5.795370105744498801e+01,1.153072133316207015e+01
5.797370677336382272e+01,1.256056575186326185e+01
5.799371248928265743e+01,1.160688079676972961e+01
5.801371820520149214e+01,1.193316403936487724e+01
5.803372392112031974e+01,1.129432488476933116e+01
5.805372963703915445e+01,1.228235591369624835e+01
5.807373535295798916e+01,1.107684092821672905e+01
5.809374106887682387e+01,1.152861889257033212e+01
5.811374678479565858e+01,1.131863437733666444e+01
5.813375250071449329e+01,1.137732381362569711e+01
5.815375821663332800e+01,1.043781200107549978e+01
5.817376393255216271e+01,1.052278044562085846e+01
5.819376964847099742e+01,1.051852335986622400e+01
5.821377536438982503e+01,1.013308994196613178e+01
5.823378108030865974e+01,1.069405767793408657e+01
5.825378679622749445e+01,9.440164837159583655e+00
5.827379251214632916e+01,9.830612930060539156e+00
5.829379822806516387e+01,9.882649002218769851e+00
5.831380394398399858e+01,9.234871906027001032e+00
5.833380965990283329e+01,9.927532959187747252e+00
5.835381537582166800e+01,9.649547707979079902e+00
5.837382109174050271e+01,9.464368671291753188e+00
5.839382680765933742e+01,9.175520048116242222e+00
5.841383252357816502e+01,9.650341875861261798e+00
5.843383823949699973e+01,8.825825475361043004e+00
5.845384395541583444e+01,8.626474205151938079e+00
5.847384967133466915e+01,8.426879076739211882e+00
5.849385538725350386e+01,7.988482956456699924e+00
5.851386110317233857e+01,8.601538848764640477e+00
5.853386681909117328e+01,7.487953306265556996e+00
5.855387253501000799e+01,7.668289203762453710e+00
5.857387825092884270e+01,7.338690022592674111e+00
5.859388396684767031e+01,7.498967484364328584e+00
5.861388968276650502e+01,7.539936362847907247e+00
5.863389539868533973e+01,8.097545321555754683e+00
5.865390111460417444e+01,7.851807304405071797e+00
5.867390683052300915e+01,7.277478080371475144e+00
5.869391254644184386e+01,8.169734263977277422e+00
5.871391826236067857e+01,7.516487575819342126e+00
5.873392397827951328e+01,7.561949890824747555e+00
5.875392969419834799e+01,8.019539633655991651e+00
5.877393541011717559e+01,7.950991501296946318e+00
5.879394112603601030e+01,8.948978280397094309e+00
5.881394684195484501e+01,8.631947204865761947e+00
5.883395255787367972e+01,8.048687029194637077e+00
5.885395827379251443e+01,8.504807313590376339e+00
5.887396398971134914e+01,8.985118842141950779e+00
5.889396970563018385e+01,8.969027285095346969e+00
5.891397542154901856e+01,9.177209876046610759e+00
5.893398113746785327e+01,1.012011774498670391e+01
5.895398685338668798e+01,9.959507991158179863e+00
5.897399256930551559e+01,1.056203346768995388e+01
5.899399828522435030e+01,1.030305638193607010e+01
5.901400400114318501e+01,9.865348782878076150e+00
5.903400971706201972e+01,9.545721991511246785e+00
5.905401543298085443e+01,9.744733622675379792e+00
5.907402114889968914e+01,1.069040908649336430e+01
5.909402686481852385e+01,1.086785863984419365e+01
5.911403258073735856e+01,1.020567572354014274e+01
5.913403829665619327e+01,1.002310217834228823e+01
5.915404401257502087e+01,1.035632022266158003e+01
5.917404972849385558e+01,1.084842171175539960e+01
5.919405544441269029e+01,1.037808361407875601e+01
5.921406116033152500e+01,1.019078713560707605e+01
5.923406687625035971e+01,1.028693172678544521e+01
5.925407259216919442e+01,1.019324361273949364e+01
5.927407830808802913e+01,1.051626011551544337e+01
5.929408402400686384e+01,9.712994026654980573e+00
5.931408973992569855e+01,1.014790921740484464e+01
5.933409545584453326e+01,1.090633800232780892e+01
5.935410117176336087e+01,1.088361756651763024e+01
5.937410688768219558e+01,1.030911581392083320e+01
5.939411260360103029e+01,1.104848054416619796e+01
5.941411831951986500e+01,1.017584395803565656e+01
5.943412403543869971e+01,1.046297055468484771e+01
5.945412975135753442e+01,1.023263592479143824e+01
5.947413546727636913e+01,1.052860601055450473e+01
5.949414118319520384e+01,9.891626149428320858e+00
5.951414689911403855e+01,1.042001306932380800e+01
5.953415261503286615e+01,1.044266671491529763e+01
5.955415833095170086e+01,1.103563946049657751e+01
5.957416404687053557e+01,1.008292991254865356e+01
5.959416976278937028e+01,9.534155206268145832e+00
5.961417547870820499e+01,1.015369838027994120e+01
5.963418119462703970e+01,9.919067092874687575e+00
5.965418691054587441e+01,1.044821157085940655e+01
5.967419262646470912e+01,9.979423394287511684e+00
5.969419834238354383e+01,9.798247960565776182e+00
5.971420405830237144e+01,9.821040380948065973e+00
5.973420977422120615e+01,9.372628135887548950e+00
5.975421549014004086e+01,9.344330360178449979e+00
5.977422120605887557e+01,9.572587122322703479e+00
5.979422692197771028e+01,8.796171581029060604e+00
5.981423263789654499e+01,8.868877405546610859e+00
5.983423835381537970e+01,8.454958494796517954e+00
5.985424406973421441e+01,8.265508374883765441e+00
5.987424978565304912e+01,7.500877905303025450e+00
5.989425550157188383e+01,8.217013267482393246e+00
5.991426121749071143e+01,8.008417125738283460e+00
5.993426693340954614e+01,7.923042640902039579e+00
5.995427264932838085e+01,7.609853027763392674e+00
5.997427836524721556e+01,8.132423038762492951e+00
5.999428408116605027e+01,7.799916039707841975e+00
6.001428979708488498e+01,7.692914216049911325e+00
6.003429551300371969e+01,7.627875447211330595e+00
6.005430122892255440e+01,8.050286217293066926e+00
6.007430694484138911e+01,7.522197545146640962e+00
6.009431266076021672e+01,7.959229252506911934e+00
6.011431837667905143e+01,7.502178476145175523e+00
6.013432409259788614e+01,7.834708663519862171e+00
6.015432980851672085e+01,7.270163978689078377e+00
6.017433552443555556e+01,8.092495984189076452e+00
6.019434124035439027e+01,7.957363734638540187e+00
6.021434695627322498e+01,7.914391068910436644e+00
6.023435267219205969e+01,8.591375946966227417e+00
6.025435838811089440e+01,8.233666137161643306e+00
6.027436410402972911e+01,8.563882001595702675e+00
6.029436981994855671e+01,7.979130176948904918e+00
6.031437553586739142e+01,8.067217856382988828e+00
6.033438125178622613e+01,8.571474510722040918e+00
6.035438696770506084e+01,9.741755594896261528e+00
6.037439268362389555e+01,9.279206387587780824e+00
6.039439839954273026e+01,8.898140186476204860e+00
6.041440411546156497e+01,9.891644553632685799e+00
6.043440983138039968e+01,9.092995533394741869e+00
6.045441554729923439e+01,1.018707462643473072e+01
6.047442126321806199e+01,9.564976496296997865e+00
6.049442697913689670e+01,1.012393878273729264e+01
6.051443269505573141e+01,1.092534275619013329e+01
6.053443841097456612e+01,1.132055037483722870e+01
6.055444412689340083e+01,1.130607297482218065e+01
6.057444984281223554e+01,1.192886027425597462e+01
6.059445555873107025e+01,1.142993692142774442e+01
6.061446127464990496e+01,1.181099426999892188e+01
6.063446699056873967e+01,1.365600439216982664e+01
6.065447270648756728e+01,1.355237662206532789e+01
6.067447842240640199e+01,1.469029159173631172e+01
6.069448413832523670e+01,1.465389380715134671e+01
6.071448985424407141e+01,1.402104432248641430e+01
6.073449557016290612e+01,1.460481239727039338e+01
6.075450128608174083e+01,1.443835761282713293e+01
6.077450700200057554e+01,1.523036535338945541e+01
6.079451271791941025e+01,1.482833544477268006e+01
6.081451843383824496e+01,1.451638237541315135e+01
6.083452414975707967e+01,1.451964060369421361e+01
6.085452986567590727e+01,1.460674549886526208e+01
6.087453558159474198e+01,1.456817238152764915e+01
6.089454129751357669e+01,1.413796204886387109e+01
6.091454701343241140e+01,1.458224097483284964e+01
6.093455272935124611e+01,1.399547555800164744e+01
6.095455844527008082e+01,1.233246177468033089e+01
6.097456416118891553e+01,1.341089243090646121e+01
6.099456987710775024e+01,1.218773801135084334e+01
6.101457559302658495e+01,1.194899165110859052e+01
6.103458130894541256e+01,1.184283399438448470e+01
6.105458702486424727e+01,1.097083583202046064e+01
6.107459274078308198e+01,1.156829289696963947e+01
6.109459845670191669e+01,1.070486421455185599e+01
6.111460417262075140e+01,1.126718310246909027e+01
6.113460988853958611e+01,1.025156899675995348e+01
6.115461560445842082e+01,1.052581826288458977e+01
6.117462132037725553e+01,1.016137466056196992e+01
6.119462703629609024e+01,1.037536346526270314e+01
6.121463275221492495e+01,9.982012145039679041e+00
6.123463846813375255e+01,9.675347111081137541e+00
6.125464418405258726e+01,9.161713150408390405e+00
6.127464989997142197e+01,9.746134477987915545e+00
6.129465561589025668e+01,9.687374190209608216e+00
6.131466133180909139e+01,9.692569837957041301e+00
6.133466704772792610e+01,9.628480266385462727e+00
6.135467276364676081e+01,9.351354524969075044e+00
6.137467847956559552e+01,9.521869832606551398e+00
6.139468419548443023e+01,9.210092519829361279e+00
6.141468991140325784e+01,8.980783096855160963e+00
6.143469562732209255e+01,9.071794879638343190e+00
6.145470134324092726e+01,8.693606690844600138e+00
6.147470705915976197e+01,7.849444245969380951e+00
6.149471277507859668e+01,7.516922006041810711e+00
6.151471849099743139e+01,7.803806113656310828e+00
6.153472420691626610e+01,8.640492939757475455e+00
6.155472992283510081e+01,7.335735458569617506e+00
6.157473563875393552e+01,7.416425829061355834e+00
6.159474135467276312e+01,7.388791741885611053e+00
6.161474707059159783e+01,6.856323747828698245e+00
6.163475278651043254e+01,7.270243760246325238e+00
6.165475850242926725e+01,7.193809692441544001e+00
6.167476421834810196e+01,7.365432609572581946e+00
6.169476993426693667e+01,7.927418074780043789e+00
6.171477565018577138e+01,8.151604040515094241e+00
6.173478136610460609e+01,7.945791080565227205e+00
6.175478708202344080e+01,8.624278075748367911e+00
6.177479279794227551e+01,9.767911150712642154e+00
6.179479851386110312e+01,8.882992577067534867e+00
6.181480422977993783e+01,9.549505890254710749e+00
6.183480994569877254e+01,9.837372088637497569e+00
6.185481566161760725e+01,1.122125540912213815e+01
6.187482137753644196e+01,1.182335333214948925e+01
6.189482709345527667e+01,1.173313943999161602e+01
6.191483280937411138e+01,1.227756548295535310e+01
6.193483852529294609e+01,1.337071008774105607e+01
6.195484424121178080e+01,1.270005241183186229e+01
6.197484995713060840e+01,1.431397411951844845e+01
6.199485567304944311e+01,1.356567863072099023e+01
6.201486138896827782e+01,1.372594296416734849e+01
6.203486710488711253e+01,1.449500790511737947e+01
6.205487282080594724e+01,1.423363285773740117e+01
6.207487853672478195e+01,1.444753766826933550e+01
6.209488425264361666e+01,1.400789642394724233e+01
6.211488996856245137e+01,1.389475364952290448e+01
6.213489568448128608e+01,1.399957490785516612e+01
6.215490140040011369e+01,1.322502677760741818e+01
6.217490711631894840e+01,1.269516844550870616e+01
6.219491283223778311e+01,1.273505945968094721e+01
6.221491854815661782e+01,1.222475134656315987e+01
6.223492426407545253e+01,1.083451052894240085e+01
6.225492997999428724e+01,1.162489044562159535e+01
6.227493569591312195e+01,1.097848897779294219e+01
6.229494141183195666e+01,1.081890553424441137e+01
6.231494712775079137e+01,9.634723906407392846e+00
6.233495284366962608e+01,9.024151730780854308e+00
6.235495855958845368e+01,9.713332247370548345e+00
6.237496427550728839e+01,9.185048456287397300e+00
6.239496999142612310e+01,9.968343192321579949e+00
6.241497570734495781e+01,8.944856441748076037e+00
6.243498142326379252e+01,9.464857140452579642e+00
6.245498713918262723e+01,8.714441362560137350e+00
6.247499285510146194e+01,9.791764203086209761e+00
6.249499857102029665e+01,9.512349566322933825e+00
6.251500428693913136e+01,9.414774397253122373e+00
6.253501000285795897e+01,9.153325898702028951e+00
6.255501571877679368e+01,1.009002891069409813e+01
6.257502143469562839e+01,9.687576596956466446e+00
6.259502715061446310e+01,1.023042605287376716e+01
6.261503286653329781e+01,1.060423106375368363e+01
6.263503858245213252e+01,1.001674034604193153e+01
6.265504429837096723e+01,1.135066518242485500e+01
6.267505001428980194e+01,1.075363752963784947e+01
6.269505573020863665e+01,1.090794742563875985e+01
6.271506144612747136e+01,1.156522703320647238e+01
6.273506716204629896e+01,1.241645898490905786e+01
6.275507287796513367e+01,1.245074905078610605e+01
6.277507859388396838e+01,1.245130736603680965e+01
6.279508430980280309e+01,1.150246906444984241e+01
6.281509002572163780e+01,1.267902586417030619e+01
6.283509574164047251e+01,1.305055258371226046e+01
6.285510145755930722e+01,1.218868386480439980e+01
6.287510717347814193e+01,1.284207184134190882e+01
6.289511288939697664e+01,1.164742880915347989e+01
6.291511860531580425e+01,1.145415847838981094e+01
6.293512432123463896e+01,1.104976297780631000e+01
6.295513003715347367e+01,1.155110328122395558e+01
6.297513575307230838e+01,1.095581162128510044e+01
6.299514146899114309e+01,1.121143972372934527e+01
6.301514718490997780e+01,1.042781631795276098e+01
6.303515290082881251e+01,1.075242680239388093e+01
6.305515861674764722e+01,1.078656139392568036e+01
6.307516433266648193e+01,1.021891182090871908e+01
6.309517004858530953e+01,1.049431766406344835e+01
6.311517576450414424e+01,1.056530900779124060e+01
6.313518148042297895e+01,9.807598420967522657e+00
6.315518719634181366e+01,1.041156937543691896e+01
6.317519291226064837e+01,9.644126331901624383e+00
6.319519862817948308e+01,9.713685426230558306e+00
6.321520434409831779e+01,1.003040718775479334e+01
6.323521006001715250e+01,9.149880128613318675e+00
6.325521577593598721e+01,9.209678299495038800e+00
6.327522149185482192e+01,9.179233337833563766e+00
6.329522720777364952e+01,8.753765188298810784e+00
6.331523292369248423e+01,8.264745122484443485e+00
6.333523863961131894e+01,8.174342183473314094e+00
6.335524435553015365e+01,8.631449514838942960e+00
6.337525007144898836e+01,9.008207661421891999e+00
6.339525578736782307e+01,7.579857185882756809e+00
6.341526150328665778e+01,8.336427700554185805e+00
6.343526721920549249e+01,8.488401973028043557e+00
6.345527293512432720e+01,8.247424278329045677e+00
6.347527865104315481e+01,8.664217174084893003e+00
6.349528436696198952e+01,9.660410914308265262e+00
6.351529008288082423e+01,9.471046356061583182e+00
6.353529579879965894e+01,9.522540156402733658e+00
6.355530151471849365e+01,9.135829591452939269e+00
6.357530723063732836e+01,9.525277884842637377e+00
6.359531294655616307e+01,1.045426628256013402e+01
6.361531866247499778e+01,9.699211006910953614e+00
6.363532437839383249e+01,1.003516871482443484e+01
6.365533009431266720e+01,1.041944566519418913e+01
6.367533581023149480e+01,1.006345402423923119e+01
6.369534152615032951e+01,1.016047251611673730e+01
6.371534724206916422e+01,1.075527843338533529e+01
6.373535295798799893e+01,1.098805763195749918e+01
6.375535867390683364e+01,1.152027235189736665e+01
6.377536438982566835e+01,1.012200065862185561e+01
6.379537010574450306e+01,1.108284591293432086e+01
6.381537582166333777e+01,1.096918024782836731e+01
6.383538153758217248e+01,1.147639061329677546e+01
6.385538725350100009e+01,1.133217165581189434e+01
6.387539296941983480e+01,1.121787712643301305e+01
6.389539868533866951e+01,1.210363206943742043e+01
6.391540440125750422e+01,1.150710627665197805e+01
6.393541011717633893e+01,1.158325096940828480e+01
6.395541583309517364e+01,1.090401245618778248e+01
6.397542154901400835e+01,1.214030329719466827e+01
6.399542726493284306e+01,1.204665833930001284e+01
6.401543298085167066e+01,1.243387159479458859e+01
6.403543869677051248e+01,1.190725554058749402e+01
6.405544441268934008e+01,1.224842345724848691e+01
6.407545012860816769e+01,1.132746979618555727e+01
6.409545584452700950e+01,1.258890950664520503e+01
6.411546156044585132e+01,1.215423547585937669e+01
6.413546727636467892e+01,1.106174001851196564e+01
6.415547299228350653e+01,1.197194374526517535e+01
6.417547870820234834e+01,1.189169276091629790e+01
6.419548442412119016e+01,1.121227482877874415e+01
6.421549014004001776e+01,1.185845480054554812e+01
6.423549585595884537e+01,1.093960799972579423e+01
6.425550157187768718e+01,1.051480126309242280e+01
6.427550728779651479e+01,1.104919378723836054e+01
6.429551300371534239e+01,1.112596944233272112e+01
6.431551871963418421e+01,1.057431975314247907e+01
6.433552443555302602e+01,1.035483052381340308e+01
6.435553015147185363e+01,9.943602179464743784e+00
6.437553586739068123e+01,1.030079286498921221e+01
6.439554158330952305e+01,1.064041051442512043e+01
6.441554729922835065e+01,1.045118032302262279e+01
6.443555301514717826e+01,9.765715904100504829e+00
6.445555873106602007e+01,1.017704235932069778e+01
6.447556444698486189e+01,1.010574876611821260e+01
6.449557016290368949e+01,9.721437122060789804e+00
6.451557587882251710e+01,9.885750346182597070e+00
6.453558159474135891e+01,1.010146189257532789e+01
6.455558731066020073e+01,9.697080640556833941e+00
6.457559302657902833e+01,1.028699080769706065e+01
6.459559874249785594e+01,9.585801791571100239e+00
6.461560445841669775e+01,9.668550273049838495e+00
6.463561017433552536e+01,9.802147216961095921e+00
6.465561589025435296e+01,1.007979130561286851e+01
6.467562160617319478e+01,8.640359841230736748e+00
6.469562732209203659e+01,8.837148716979465135e+00
6.471563303801086420e+01,8.611494445146615107e+00
6.473563875392969180e+01,8.522021972117709510e+00
6.475564446984853362e+01,8.774910769186526238e+00
6.477565018576737543e+01,8.465121517687844488e+00
6.479565590168618883e+01,8.383679540233661243e+00
6.481566161760503064e+01,8.073025926669581409e+00
6.483566733352387246e+01,8.362953630017642581e+00
6.485567304944270006e+01,8.277813207371700344e+00
6.487567876536152767e+01,8.735838728103392015e+00
6.489568448128036948e+01,9.301560779558577963e+00
6.491569019719921130e+01,9.443927084951351247e+00
6.493569591311803890e+01,8.810463082060872253e+00
6.495570162903686651e+01,9.597509565190103231e+00
6.497570734495570832e+01,8.996888021689475323e+00
6.499571306087453593e+01,9.415265572287665918e+00
6.501571877679336353e+01,9.597801592731460829e+00
6.503572449271220535e+01,8.818922754195879676e+00
6.505573020863104716e+01,1.014205903610081982e+01
6.507573592454987477e+01,8.838854734704607807e+00
6.509574164046870237e+01,9.777145708174465710e+00
6.511574735638754419e+01,9.176478297459189193e+00
6.513575307230638600e+01,9.481907487701359827e+00
6.515575878822521361e+01,9.595574891759564906e+00
6.517576450414404121e+01,8.753930281734310981e+00
6.519577022006288303e+01,8.810359259451699288e+00
6.521577593598171063e+01,7.740395848545706059e+00
6.523578165190053824e+01,8.093572528176849801e+00
6.525578736781938005e+01,8.957640106396663526e+00
6.527579308373822187e+01,8.187112714931714663e+00
6.529579879965704947e+01,8.176906175680029421e+00
6.531580451557587708e+01,8.059352410205317341e+00
6.533581023149471889e+01,8.707636214354709026e+00
6.535581594741354650e+01,7.960250260395074662e+00
6.537582166333237410e+01,8.056917284499755638e+00
6.539582737925121592e+01,8.128915035201242034e+00
6.541583309517005773e+01,7.800002629490722761e+00
6.543583881108888534e+01,8.461174511497702611e+00
6.545584452700771294e+01,7.887545576222064980e+00
6.547585024292655476e+01,7.865919454403122124e+00
6.549585595884539657e+01,7.954379026956479137e+00
6.551586167476422418e+01,8.838482806575949979e+00
6.553586739068305178e+01,9.205197976330651954e+00
6.555587310660189360e+01,9.220229633022086091e+00
6.557587882252072120e+01,9.426509547591738425e+00
6.559588453843954881e+01,9.088283106002336353e+00
6.561589025435839062e+01,9.299201232553308216e+00
6.563589597027723244e+01,8.507288387494554627e+00
6.565590168619606004e+01,9.264267235009523205e+00
6.567590740211488765e+01,9.436656146120050437e+00
6.569591311803372946e+01,9.742091630149447568e+00
6.571591883395257128e+01,1.041981898758738545e+01
6.573592454987138467e+01,1.026601498672003920e+01
6.575593026579022649e+01,9.934064507187505555e+00
6.577593598170906830e+01,1.075090071381717394e+01
6.579594169762789591e+01,1.038586436422472659e+01
6.581594741354672351e+01,1.067632985709414228e+01
6.583595312946556533e+01,1.033301505732747394e+01
6.585595884538440714e+01,1.086591451546906839e+01
6.587596456130323475e+01,9.884976143440429297e+00
6.589597027722206235e+01,1.024336161401281231e+01
6.591597599314090417e+01,1.095352562214661418e+01
6.593598170905973177e+01,1.019326059820750707e+01
6.595598742497855937e+01,1.024864074702095706e+01
6.597599314089740119e+01,9.695173185937584037e+00
6.599599885681624301e+01,1.005988461688080626e+01
6.601600457273507061e+01,9.795557490156834746e+00
6.603601028865389821e+01,9.491197546379336103e+00
6.605601600457274003e+01,8.520083203156023188e+00
6.607602172049158185e+01,8.807627560140746326e+00
6.609602743641040945e+01,9.433845360533220870e+00
6.611603315232923705e+01,9.130292478284738777e+00
6.613603886824807887e+01,9.571477734898124368e+00
6.615604458416690647e+01,8.683122077471052691e+00
6.617605030008573408e+01,8.944175659522606736e+00
6.619605601600457589e+01,9.265328937002937693e+00
6.621606173192341771e+01,8.862706860879328019e+00
6.623606744784224531e+01,9.093405799153973845e+00
6.625607316376107292e+01,8.284497830724859568e+00
6.627607887967991473e+01,8.141037965329832815e+00
6.629608459559874234e+01,8.393611756971766980e+00
6.631609031151756994e+01,9.048208503066724973e+00
6.633609602743641176e+01,8.474551861797792185e+00
6.635610174335525357e+01,8.307640554575611347e+00
6.637610745927408118e+01,8.874812306712053456e+00
6.639611317519290878e+01,7.733422149602414919e+00
6.641611889111175060e+01,8.650471367598731476e+00
6.643612460703059241e+01,9.273008902061459224e+00
6.645613032294942002e+01,8.136995330399445336e+00
6.647613603886824762e+01,8.290434924100200220e+00
6.649614175478708944e+01,8.429573184364738125e+00
6.651614747070591704e+01,9.018158422708514976e+00
6.653615318662474465e+01,8.302500378205088793e+00
6.655615890254358646e+01,8.121119661340948426e+00
6.657616461846242828e+01,8.757156994244336801e+00
6.659617033438125588e+01,8.103878893283017248e+00
6.661617605030008349e+01,8.949999182585294477e+00
6.663618176621892530e+01,8.846212830409356798e+00
6.665618748213776712e+01,8.660949438221990704e+00
6.667619319805658051e+01,8.474981196484689505e+00
6.669619891397542233e+01,1.006896365134542748e+01
6.671620462989426414e+01,9.727902340743197485e+00
6.673621034581309175e+01,1.064523832138688419e+01
6.675621606173191935e+01,1.085542206076870819e+01
6.677622177765076117e+01,1.095084639748378308e+01
6.679622749356960298e+01,1.139509716454885613e+01
6.681623320948843059e+01,1.185524373591862002e+01
6.683623892540725819e+01,1.202478729880834507e+01
6.685624464132610001e+01,1.232463729216358495e+01
6.687625035724492761e+01,1.212713579843590139e+01
6.689625607316375522e+01,1.253732380833035975e+01
6.691626178908259703e+01,1.357462222863046541e+01
6.693626750500143885e+01,1.308100901190407761e+01
6.695627322092026645e+01,1.302655882090063955e+01
6.697627893683909406e+01,1.369439011930674255e+01
6.699628465275793587e+01,1.344539625179446141e+01
6.701629036867677769e+01,1.341571193865344291e+01
6.703629608459560529e+01,1.315630622168546537e+01
6.705630180051443290e+01,1.227066841509081385e+01
6.707630751643327471e+01,1.310936101084015348e+01
6.709631323235210232e+01,1.251600970011795155e+01
6.711631894827092992e+01,1.189469333718487398e+01
6.713632466418977174e+01,1.261715487773229860e+01
6.715633038010861355e+01,1.240133485587487705e+01
6.717633609602744116e+01,1.272211255707744471e+01
6.719634181194626876e+01,1.216055419548831296e+01
6.721634752786511058e+01,1.268108674985465711e+01
6.723635324378393818e+01,1.227257618926793015e+01
6.725635895970276579e+01,1.298137896590530360e+01
6.727636467562160760e+01,1.287616845195680781e+01
6.729637039154044942e+01,1.236768710976178554e+01
6.731637610745927702e+01,1.160847814430687208e+01
6.733638182337810463e+01,1.133836590557600488e+01
6.735638753929694644e+01,1.188280877575679106e+01
6.737639325521578826e+01,1.087471822964759482e+01
6.739639897113461586e+01,1.037372461140999036e+01
6.741640468705344347e+01,1.088091722279730433e+01
6.743641040297228528e+01,1.088315672426189629e+01
6.745641611889111289e+01,9.709193059664045222e+00
6.747642183480994049e+01,1.013688870158004640e+01
6.749642755072878231e+01,9.495150138663818851e+00
6.751643326664762412e+01,9.783036137973557089e+00
6.753643898256645173e+01,1.061188526663666210e+01
6.755644469848527933e+01,9.879851318549857098e+00
6.757645041440412115e+01,1.016490397606426477e+01
6.759645613032296296e+01,1.006403797684706980e+01
6.761646184624177636e+01,1.080002070833581129e+01
6.763646756216061817e+01,1.038486357793013681e+01
6.765647327807945999e+01,1.025134778833622562e+01
6.767647899399828759e+01,1.081071263971742269e+01
6.769648470991711520e+01,1.118626720928661200e+01
6.771649042583595701e+01,1.058454487034676106e+01
6.773649614175479883e+01,1.088259307462221770e+01
6.775650185767362643e+01,1.052722477793237488e+01
6.777650757359245404e+01,1.119849513158434640e+01
6.779651328951129585e+01,1.004111714821472034e+01
6.781651900543012346e+01,1.077590529950596654e+01
6.783652472134895106e+01,1.007646548549542587e+01
6.785653043726779288e+01,1.059421721819931150e+01
6.787653615318663469e+01,9.711491568410473008e+00
6.789654186910546230e+01,9.983258666713393126e+00
6.791654758502428990e+01,9.872371174975825170e+00
6.793655330094313172e+01,1.045021029626084896e+01
6.795655901686197353e+01,9.826885063944104104e+00
6.797656473278080114e+01,9.544972352746146527e+00
6.799657044869962874e+01,9.469777911166298523e+00
6.801657616461847056e+01,1.001078673067986635e+01
6.803658188053729816e+01,9.432585729084468795e+00
6.805658759645612577e+01,9.284348535778715217e+00
6.807659331237496758e+01,9.237874337656148072e+00
6.809659902829380940e+01,9.365805859736717309e+00
6.811660474421263700e+01,9.782986727535947225e+00
6.813661046013146461e+01,9.272883239684652779e+00
6.815661617605030642e+01,8.866364994051032511e+00
6.817662189196913403e+01,8.658527508226839586e+00
6.819662760788796163e+01,9.522332674169231126e+00
6.821663332380680345e+01,9.243249085468431048e+00
6.823663903972564526e+01,8.006171852949366397e+00
6.825664475564447287e+01,8.616012757250567589e+00
6.827665047156330047e+01,8.407715466672389226e+00
6.829665618748214229e+01,7.461506202194946979e+00
6.831666190340098410e+01,8.224914539889145004e+00
6.833666761931981171e+01,7.928158095806868033e+00
6.835667333523863931e+01,7.529513968068851426e+00
6.837667905115748113e+01,7.928534535611323264e+00
6.839668476707630873e+01,8.604308228508624978e+00
6.841669048299513634e+01,7.333957735748237283e+00
6.843669619891397815e+01,8.982899650321868990e+00
6.845670191483281997e+01,9.093105249739082296e+00
6.847670763075164757e+01,9.580769542219240265e+00
6.849671334667047518e+01,8.960168899048916558e+00
6.851671906258931699e+01,9.049936678698909276e+00
6.853672477850815881e+01,9.946823638275585466e+00
6.855673049442697220e+01,9.868648366026501861e+00
6.857673621034581402e+01,1.039214707002848570e+01
6.859674192626465583e+01,1.076043370862747750e+01
6.861674764218348344e+01,1.159968999699077585e+01
6.863675335810231104e+01,1.180299525787703985e+01
6.865675907402115286e+01,1.193846774082668283e+01
6.867676478993999467e+01,1.206398622288616629e+01
6.869677050585882228e+01,1.187340872666986158e+01
6.871677622177764988e+01,1.188939232723585526e+01
6.873678193769649170e+01,1.239762308272309710e+01
6.875678765361531930e+01,1.207557754587547194e+01
6.877679336953414690e+01,1.268563301939087040e+01
6.879679908545298872e+01,1.282626154452486489e+01
6.881680480137183054e+01,1.179623212481492089e+01
6.883681051729065814e+01,1.174002895947044145e+01
6.885681623320948574e+01,1.180344696673088301e+01
6.887682194912832756e+01,1.067622018768915915e+01
6.889682766504716938e+01,1.197062809446028098e+01
6.891683338096599698e+01,1.035566989686954642e+01
6.893683909688482458e+01,9.738313660995689958e+00
6.895684481280366640e+01,1.065178377911701979e+01
6.897685052872249400e+01,9.506270606304152437e+00
6.899685624464132161e+01,9.136394965859304662e+00
6.901686196056016342e+01,9.519339881029864614e+00
6.903686767647900524e+01,8.684643100811957339e+00
6.905687339239783284e+01,7.700050234236390345e+00
6.907687910831666045e+01,8.565576004186350900e+00
6.909688482423550226e+01,8.219155591989551368e+00
6.911689054015432987e+01,8.007395848423932705e+00
6.913689625607315747e+01,7.093549293947652323e+00
6.915690197199199929e+01,8.072469816631478778e+00
6.917690768791084110e+01,7.322742224015342138e+00
6.919691340382966871e+01,7.601181507843362439e+00
6.921691911974849631e+01,6.603679298619371529e+00
6.923692483566733813e+01,6.723066684836878970e+00
6.925693055158617994e+01,6.691892353156193352e+00
6.927693626750500755e+01,7.878476889075354705e+00
6.929694198342383515e+01,7.077667370266768287e+00
6.931694769934267697e+01,7.401378030931745400e+00
6.933695341526150457e+01,7.445211683851390205e+00
6.935695913118033218e+01,7.983175604969093619e+00
6.937696484709917399e+01,7.562352646290477765e+00
6.939697056301801581e+01,7.373950173603391889e+00
6.941697627893684341e+01,7.579726225278126783e+00
6.943698199485567102e+01,6.774330520365465347e+00
6.945698771077451283e+01,6.862826041938935973e+00
6.947699342669335465e+01,6.408015523839688754e+00
6.949699914261216804e+01,6.716973053165827601e+00
6.951700485853100986e+01,6.603160677108400378e+00
6.953701057444985167e+01,6.757198386295765857e+00
6.955701629036867928e+01,6.257713066824597270e+00
6.957702200628750688e+01,7.440893009132558689e+00
6.959702772220634870e+01,7.268058614621370594e+00
6.961703343812519051e+01,7.179822215152691811e+00
6.963703915404401812e+01,6.658146801538608273e+00
6.965704486996284572e+01,7.233479946213055456e+00
6.967705058588168754e+01,6.869831803850185992e+00
6.969705630180051514e+01,6.757284385826174855e+00
6.971706201771934275e+01,6.724358881220567241e+00
6.973706773363818456e+01,7.207967990051754370e+00
6.975707344955702638e+01,6.178715615845217002e+00
6.977707916547585398e+01,6.990124812900104345e+00
6.979708488139468159e+01,6.336953353061107741e+00
6.981709059731352340e+01,7.028571704913787244e+00
6.983709631323236522e+01,7.533130351157462101e+00
6.985710202915119282e+01,7.206615289437845462e+00
6.987710774507002043e+01,7.184675576614577786e+00
6.989711346098886224e+01,7.297389870325773131e+00
6.991711917690768985e+01,7.521531112304023381e+00
6.993712489282651745e+01,8.205370169608816155e+00
6.995713060874535927e+01,8.799578707871944516e+00
6.997713632466420108e+01,8.750271070552713581e+00
6.999714204058302869e+01,8.829951065999456006e+00
7.001714775650185629e+01,8.894345282848503231e+00
7.003715347242069811e+01,1.022978409518605147e+01
7.005715918833952571e+01,9.582561447265920407e+00
7.007716490425835332e+01,1.100145710264016152e+01
7.009717062017719513e+01,1.089146264971915201e+01
7.011717633609603695e+01,1.090985199879616552e+01
7.013718205201486455e+01,1.034830760405649919e+01
7.015718776793369216e+01,9.225221001289057199e+00
7.017719348385253397e+01,9.400017164426449412e+00
7.019719919977137579e+01,8.993516679847630257e+00
7.021720491569020339e+01,8.824155800636239277e+00
7.023721063160903100e+01,9.376454693639121984e+00
7.025721634752787281e+01,8.051296818482329698e+00
7.027722206344670042e+01,8.164054059262859653e+00
7.029722777936552802e+01,8.052234373227522113e+00
7.031723349528436984e+01,7.387448251327191961e+00
7.033723921120321165e+01,7.679747167764247706e+00
7.035724492712203926e+01,7.619580787120663778e+00
7.037725064304086686e+01,6.941652950487807061e+00
7.039725635895970868e+01,6.432633661654053370e+00
7.041726207487855049e+01,7.161964953971274639e+00
7.043726779079736389e+01,7.846469436938997788e+00
7.045727350671620570e+01,7.656502198613231336e+00
7.047727922263504752e+01,7.068630352465509858e+00
7.049728493855387512e+01,6.589143939206985934e+00
7.051729065447270273e+01,6.644555729607148464e+00
7.053729637039154454e+01,7.513114621012376482e+00
7.055730208631038636e+01,7.732353967744082901e+00
7.057730780222921396e+01,6.688931138452453240e+00
7.059731351814804157e+01,7.333153903086369496e+00
7.061731923406688338e+01,6.390091140471286124e+00
7.063732494998571099e+01,7.015952960349366663e+00
7.065733066590453859e+01,6.431661922582591728e+00
7.067733638182338041e+01,7.613430200584115681e+00
7.069734209774222222e+01,7.128128650051639426e+00
7.071734781366104983e+01,7.667104922820973556e+00
7.073735352957987743e+01,7.306286637955933472e+00
7.075735924549871925e+01,6.512985160943622454e+00
7.077736496141756106e+01,6.946267305969552552e+00
7.079737067733638867e+01,6.488619841046943115e+00
7.081737639325521627e+01,6.341908726743247016e+00
7.083738210917405809e+01,6.091023472321606569e+00
7.085738782509288569e+01,7.218394383868435682e+00
7.087739354101171330e+01,6.520509253618680390e+00
7.089739925693055511e+01,6.354885530575383079e+00
7.091740497284939693e+01,6.615819439481905206e+00
7.093741068876822453e+01,7.276862322318346621e+00
7.095741640468705214e+01,6.703837541153099266e+00
7.097742212060589395e+01,6.925203234344945002e+00
7.099742783652472156e+01,6.350842126485892081e+00
7.101743355244354916e+01,7.299905041377620307e+00
7.103743926836239098e+01,7.067454909088994874e+00
7.105744498428123279e+01,7.122883825662541746e+00
7.107745070020006040e+01,7.266335604578830321e+00
7.109745641611888800e+01,6.979601438440344197e+00
7.111746213203772982e+01,7.204167976283439856e+00
7.113746784795657163e+01,7.214346780468655851e+00
7.115747356387539924e+01,7.125762644736878926e+00
7.117747927979422684e+01,6.924385609189193325e+00
7.119748499571306866e+01,7.812523908694256392e+00
7.121749071163189626e+01,7.204968610561255815e+00
7.123749642755072387e+01,8.274693979979492298e+00
7.125750214346956568e+01,7.667985940125444877e+00
7.127750785938840750e+01,7.052770293863479978e+00
7.129751357530723510e+01,7.674487343920262994e+00
7.131751929122606271e+01,7.812315247102245230e+00
7.133752500714490452e+01,7.813086670435232861e+00
7.135753072306374634e+01,7.995103239894667979e+00
7.137753643898255973e+01,7.285843703984076214e+00
7.139754215490140155e+01,7.956256715758796005e+00
7.141754787082024336e+01,7.053569184349626653e+00
7.143755358673907097e+01,7.022536553786875579e+00
7.145755930265789857e+01,7.235484065653163377e+00
7.147756501857674039e+01,6.935425034951111734e+00
7.149757073449558220e+01,6.549323859777244294e+00
7.151757645041440981e+01,7.215048306403129885e+00
7.153758216633323741e+01,6.979410432018832822e+00
7.155758788225207923e+01,6.950551577275559723e+00
7.157759359817090683e+01,6.894606085385357019e+00
7.159759931408973443e+01,7.640337736080202724e+00
7.161760503000857625e+01,6.889438089574444035e+00
7.163761074592741807e+01,7.335291101973634653e+00
7.165761646184624567e+01,7.396123964118304528e+00
7.167762217776507327e+01,6.932771455806296501e+00
7.169762789368391509e+01,7.746117974952975160e+00
7.171763360960275691e+01,8.069095193523189380e+00
7.173763932552158451e+01,8.227450896254394408e+00
7.175764504144041211e+01,7.578062716527966813e+00
7.177765075735925393e+01,8.201125798378727794e+00
7.179765647327808153e+01,8.174073391311681647e+00
7.181766218919690914e+01,8.226485323780515557e+00
7.183766790511575095e+01,7.573935305525324679e+00
7.185767362103459277e+01,8.648157317061034632e+00
7.187767933695342037e+01,8.289299272069737157e+00
7.189768505287224798e+01,8.330358626944828870e+00
7.191769076879108979e+01,7.696095981711740031e+00
7.193769648470991740e+01,7.781990799852891882e+00
7.195770220062874500e+01,7.897353489926416614e+00
7.197770791654758682e+01,7.942012441431494096e+00
7.199771363246642863e+01,7.687557991081031439e+00
7.201771934838525624e+01,6.598170151770620606e+00
7.203772506430408384e+01,7.769096637356023294e+00
7.205773078022292566e+01,7.293847386879587447e+00
7.207773649614176747e+01,7.187382631182901882e+00
7.209774221206059508e+01,7.007840463793188590e+00
7.211774792797942268e+01,6.611659716647542595e+00
7.213775364389826450e+01,6.036128407670338980e+00
7.215775935981709210e+01,6.620997074797447368e+00
7.217776507573591971e+01,6.637887387683282903e+00
7.219777079165476152e+01,6.726608727664767251e+00
7.221777650757360334e+01,7.344139182782949860e+00
7.223778222349243094e+01,7.258677822596490081e+00
7.225778793941125855e+01,7.287125462488938332e+00
7.227779365533010036e+01,6.798381705106320894e+00
7.229779937124894218e+01,7.796729703401563683e+00
7.231780508716775557e+01,6.997078474798566816e+00
7.233781080308659739e+01,7.344227889469506110e+00
7.235781651900543920e+01,7.607838369718459504e+00
7.237782223492426681e+01,7.419361501301629858e+00
7.239782795084309441e+01,7.721975266827083573e+00
7.241783366676193623e+01,7.928404259469794546e+00
7.243783938268077804e+01,8.962818945129939152e+00
7.245784509859960565e+01,8.453442776449804796e+00
7.247785081451843325e+01,8.472396701129886409e+00
7.249785653043727507e+01,8.006466302688401981e+00
7.251786224635610267e+01,8.679430543969356648e+00
7.253786796227493028e+01,8.365435269639259985e+00
7.255787367819377209e+01,9.254663717164563153e+00
7.257787939411261391e+01,8.450788992057123750e+00
7.259788511003144151e+01,8.906603955078931989e+00
7.261789082595026912e+01,8.017019495591769740e+00
7.263789654186911093e+01,8.036485470860760927e+00
7.265790225778795275e+01,7.461631140280380770e+00
7.267790797370678035e+01,8.249389909685898914e+00
7.269791368962560796e+01,7.750026017206076645e+00
7.271791940554444977e+01,7.286314898871395940e+00
7.273792512146327738e+01,8.063035721764538977e+00
7.275793083738210498e+01,7.430389204174722373e+00
7.277793655330094680e+01,8.072713372340469817e+00
7.279794226921978861e+01,8.080645915016615888e+00
7.281794798513861622e+01,7.726523614567085474e+00
7.283795370105744382e+01,7.806965755811222429e+00
7.285795941697628564e+01,8.046096468991180473e+00
7.287796513289511324e+01,8.752307543739132001e+00
7.289797084881394085e+01,9.568786916133655396e+00
7.291797656473278266e+01,1.018588155318753152e+01
7.293798228065162448e+01,1.037959851168692538e+01
7.295798799657045208e+01,1.033309561824687250e+01
7.297799371248927969e+01,1.133732603102493997e+01
7.299799942840812150e+01,1.079620713080635674e+01
7.301800514432696332e+01,1.110042253126325917e+01
7.303801086024579092e+01,1.208800702180496955e+01
7.305801657616461853e+01,1.140261417778348729e+01
7.307802229208346034e+01,1.119579550465031836e+01
7.309802800800228795e+01,1.175626266120797858e+01
7.311803372392111555e+01,1.143048601956382093e+01
7.313803943983995737e+01,1.121850664289265964e+01
7.315804515575879918e+01,1.121614851447273153e+01
7.317805087167762679e+01,1.096971577986566970e+01
7.319805658759645439e+01,1.069278975214212046e+01
7.321806230351529621e+01,1.060783338231440354e+01
7.323806801943413802e+01,1.002070456837451928e+01
7.325807373535295142e+01,1.009669544023975263e+01
7.327807945127179323e+01,1.021381330714730495e+01
7.329808516719063505e+01,8.967694467837770134e+00
7.331809088310946265e+01,9.135416298435826477e+00
7.333809659902829026e+01,8.832079714324009956e+00
7.335810231494713207e+01,8.705860988306213244e+00
7.337810803086597389e+01,8.290556159894066468e+00
7.339811374678480149e+01,7.974974339175949112e+00
7.341811946270362910e+01,8.106939040883395009e+00
7.343812517862247091e+01,9.010994646736190106e+00
7.345813089454129852e+01,8.798036660021907096e+00
7.347813661046012612e+01,8.319361066682020578e+00
7.349814232637896794e+01,8.149018642523717659e+00
7.351814804229780975e+01,8.743414394213617769e+00
7.353815375821663736e+01,8.975348434668303454e+00
7.355815947413546496e+01,9.014613637137749436e+00
7.357816519005430678e+01,9.342108111611313603e+00
7.359817090597314859e+01,9.507409425679259840e+00
7.361817662189197620e+01,9.453261003181541611e+00
7.363818233781080380e+01,9.513145435325606414e+00
7.365818805372964562e+01,1.005782801027146789e+01
7.367819376964847322e+01,1.036616382235073175e+01
7.369819948556730083e+01,1.037988556676116048e+01
7.371820520148614264e+01,1.061957399052092654e+01
7.373821091740498446e+01,1.127155391419833741e+01
7.375821663332381206e+01,1.173123524308059018e+01
7.377822234924263967e+01,1.208510793066229461e+01
7.379822806516148148e+01,1.200799095257202787e+01
7.381823378108030909e+01,1.279134830553848445e+01
7.383823949699913669e+01,1.290256432754397764e+01
7.385824521291797851e+01,1.329757788837401122e+01
7.387825092883682032e+01,1.363577166054684220e+01
7.389825664475564793e+01,1.247271710268404732e+01
7.391826236067447553e+01,1.330945001458651333e+01
7.393826807659331735e+01,1.264686343279037928e+01
7.395827379251215916e+01,1.323014392611819545e+01
7.397827950843098677e+01,1.289253579893334667e+01
7.399828522434981437e+01,1.222464659431284417e+01
7.401829094026865619e+01,1.248570606868484667e+01
7.403829665618748379e+01,1.139640582388669188e+01
7.405830237210632561e+01,1.116130043549139828e+01
7.407830808802515321e+01,1.089169750313446450e+01
7.409831380394398082e+01,9.507907849868702854e+00
7.411831951986282263e+01,9.517024762646052238e+00
7.413832523578165024e+01,9.949802518042398347e+00
7.415833095170049205e+01,1.005238492688850727e+01
7.417833666761931966e+01,8.309355514393361730e+00
7.419834238353816147e+01,8.981710457924659607e+00
7.421834809945698908e+01,8.558441281861428607e+00
7.423835381537583089e+01,8.218927276871077936e+00
7.425835953129465850e+01,8.025026677087904403e+00
7.427836524721348610e+01,8.560807010567492270e+00
7.429837096313232792e+01,7.536015860002978073e+00
7.431837667905115552e+01,8.581479598798564368e+00
7.433838239496999734e+01,8.957370679805649161e+00
7.435838811088882494e+01,8.136315167386406699e+00
7.437839382680766676e+01,9.726961368191034296e+00
7.439839954272649436e+01,9.550029055890943752e+00
7.441840525864533618e+01,9.751734011880559549e+00
7.443841097456416378e+01,9.566443320066092326e+00
7.445841669048300560e+01,1.059035643325215226e+01
7.447842240640183320e+01,9.720845392088669712e+00
7.449842812232066080e+01,1.077458963364561839e+01
7.451843383823950262e+01,1.052987177049793033e+01
7.453843955415833022e+01,1.072497863936927764e+01
7.455844527007717204e+01,1.093960401012200734e+01
7.457845098599599964e+01,1.046667648234254600e+01
7.459845670191484146e+01,1.080350421973015429e+01
7.461846241783366906e+01,1.022148568941130797e+01
7.463846813375251088e+01,1.031099227219799275e+01
7.465847384967133848e+01,9.913504768547788615e+00
7.467847956559016609e+01,1.043433458260792790e+01
7.469848528150900790e+01,1.000967994903495928e+01
7.471849099742783551e+01,9.675622214052065573e+00
7.473849671334667732e+01,9.422447261092942838e+00
7.475850242926550493e+01,8.717458361393127575e+00
7.477850814518434674e+01,8.872987860893339018e+00
7.479851386110317435e+01,9.113262144838827794e+00
7.481851957702201616e+01,9.528501981596603443e+00
7.483852529294084377e+01,8.760701447409521947e+00
7.485853100885967137e+01,9.012386246792377875e+00
7.487853672477851319e+01,9.175300762458793002e+00
7.489854244069734079e+01,8.865781474919526062e+00
7.491854815661618261e+01,9.566177999403102206e+00
7.493855387253501021e+01,9.062918213138607015e+00
7.495855958845385203e+01,9.128616647197775436e+00
7.497856530437267963e+01,8.640305179204418096e+00
7.499857102029152145e+01,7.809782493568015127e+00
7.501857673621034905e+01,8.236978762526630859e+00
7.503858245212917666e+01,7.820855487751961377e+00
7.505858816804801847e+01,8.305304540659420809e+00
7.507859388396684608e+01,7.817371085448211687e+00
7.509859959988568789e+01,7.354092349840957610e+00
7.511860531580451550e+01,7.311155484456443254e+00
7.513861103172335731e+01,7.836201286000630262e+00
7.515861674764218492e+01,8.092206582425703232e+00
7.517862246356102673e+01,8.468326847230692067e+00
7.519862817947985434e+01,8.237755622276008438e+00
7.521863389539868194e+01,7.145979374456797650e+00
7.523863961131752376e+01,7.606025568185311059e+00
7.525864532723635136e+01,7.725688298999145331e+00
7.527865104315519318e+01,7.696052420339130506e+00
7.529865675907402078e+01,7.311285217683991533e+00
7.531866247499286260e+01,7.566689560078874166e+00
7.533866819091169020e+01,7.608092296676765010e+00
7.535867390683053202e+01,7.147456873695558599e+00
7.537867962274935962e+01,6.700352756495341566e+00
7.539868533866820144e+01,7.884856946784015719e+00
7.541869105458702904e+01,7.002015680265860631e+00
7.543869677050585665e+01,7.302547813399310250e+00
7.545870248642469846e+01,7.099209236406341716e+00
7.547870820234352607e+01,7.427613254398997000e+00
7.549871391826236788e+01,8.234155773251586652e+00
7.551871963418119549e+01,6.665130797155761400e+00
7.553872535010003730e+01,7.433220647813274518e+00
7.555873106601886491e+01,7.647651174491203463e+00
7.557873678193770672e+01,7.520451570912506156e+00
7.559874249785653433e+01,7.913501621504581252e+00
7.561874821377536193e+01,7.202851976439026416e+00
7.563875392969420375e+01,7.922345028217661067e+00
7.565875964561303135e+01,8.356210992501519996e+00
7.567876536153187317e+01,7.843712837024114037e+00
7.569877107745070077e+01,7.605049128014853110e+00
7.571877679336954259e+01,7.896467261497436496e+00
7.573878250928837019e+01,8.366732628133945582e+00
7.575878822520721201e+01,7.890461330353711666e+00
7.577879394112603961e+01,7.838362110118502812e+00
7.579879965704486722e+01,8.617042282387933128e+00
7.581880537296370903e+01,8.714738801150007319e+00
7.583881108888253664e+01,8.265177943520159332e+00
7.585881680480137845e+01,9.001002606791088212e+00
7.587882252072020606e+01,8.273690998023528920e+00
7.589882823663904787e+01,8.065519934460521512e+00
7.591883395255787548e+01,8.752353846521661040e+00
7.593883966847671729e+01,9.411875181415023661e+00
7.595884538439554490e+01,9.008543237967495898e+00
7.597885110031437250e+01,8.666848643813702679e+00
7.599885681623321432e+01,8.085599111148084717e+00
7.601886253215204192e+01,9.060186860577090329e+00
7.603886824807088374e+01,7.788465034127048270e+00
7.605887396398971134e+01,7.821856873124280796e+00
7.607887967990855316e+01,7.555327263502865875e+00
7.609888539582738076e+01,8.111816065996260150e+00
7.611889111174622258e+01,8.346928030795686126e+00
7.613889682766505018e+01,7.672552755680634995e+00
7.615890254358387779e+01,7.504454449758391377e+00
7.617890825950271960e+01,7.192002706140407042e+00
7.619891397542154721e+01,7.230682760895431826e+00
7.621891969134038902e+01,7.305997726616580756e+00
7.623892540725921663e+01,7.165175532498908595e+00
7.625893112317805844e+01,8.223530061820362391e+00
7.627893683909688605e+01,8.085154985822292417e+00
7.629894255501572786e+01,8.219810318538119276e+00
7.631894827093455547e+01,7.740804046509000891e+00
7.633895398685339728e+01,8.037139383869599030e+00
7.635895970277222489e+01,7.495870393220370076e+00
7.637896541869105249e+01,7.576241482064877353e+00
7.639897113460989431e+01,7.790081914435926791e+00
7.641897685052872191e+01,9.065343251190924434e+00
7.643898256644756373e+01,8.313492882821503116e+00
7.645898828236639133e+01,8.322668325630473873e+00
7.647899399828523315e+01,9.370200076498992559e+00
7.649899971420406075e+01,8.600981655007796434e+00
7.651900543012290257e+01,8.701702081487608709e+00
7.653901114604173017e+01,9.006825992356890964e+00
7.655901686196055778e+01,9.035843214313025840e+00
7.657902257787939959e+01,8.155300206749567238e+00
7.659902829379822720e+01,8.649593182390717061e+00
7.661903400971706901e+01,8.490716498685459968e+00
7.663903972563589662e+01,7.844514039214754320e+00
7.665904544155473843e+01,8.312182096514156626e+00
7.667905115747356604e+01,8.727536164117491779e+00
7.669905687339240785e+01,8.427443153443892498e+00
7.671906258931123546e+01,8.419634050219441335e+00
7.673906830523006306e+01,7.534464932992605668e+00
7.675907402114890488e+01,7.936693994745448677e+00
7.677907973706773248e+01,8.270868288240912136e+00
7.679908545298657430e+01,8.021783981792072638e+00
7.681909116890540190e+01,8.419778844368860149e+00
7.683909688482424372e+01,8.670615218383005640e+00
7.685910260074307132e+01,8.394912739109543054e+00
7.687910831666191314e+01,8.156283033064639199e+00
7.689911403258074074e+01,8.523326453376657952e+00
7.691911974849956835e+01,8.141250118408194680e+00
7.693912546441841016e+01,9.089748691444377471e+00
7.695913118033723777e+01,9.457786265160859074e+00
7.697913689625607958e+01,8.350399687023749351e+00
7.699914261217490719e+01,9.480005615632263627e+00
7.701914832809374900e+01,9.613843392404671562e+00
7.703915404401257661e+01,9.761362882527322427e+00
7.705915975993141842e+01,8.529946464030027542e+00
7.707916547585024603e+01,9.364266366719929735e+00
7.709917119176907363e+01,9.029580555059435909e+00
7.711917690768791545e+01,9.215434157731376530e+00
7.713918262360674305e+01,8.657344428172859097e+00
7.715918833952558487e+01,8.775985621801996928e+00
7.717919405544441247e+01,8.999017177547226964e+00
7.719919977136325429e+01,8.858874951425235622e+00
7.721920548728208189e+01,7.916274587121598927e+00
7.723921120320092371e+01,8.020712717618541987e+00
7.725921691911975131e+01,7.831091320731452754e+00
7.727922263503859313e+01,7.858909122049994700e+00
7.729922835095742073e+01,7.333121624666052440e+00
7.731923406687624833e+01,8.432630792737906944e+00
7.733923978279509015e+01,8.302842440254025291e+00
7.735924549871391775e+01,7.969449296915300351e+00
7.737925121463275957e+01,8.409118101617902852e+00
7.739925693055158717e+01,8.666508274728768058e+00
7.741926264647042899e+01,8.397110439636389145e+00
7.743926836238925659e+01,8.892292389666160091e+00
7.745927407830809841e+01,9.215593329484772056e+00
7.747927979422692601e+01,9.350151525670515440e+00
7.749928551014575362e+01,8.232042835331586872e+00
7.751929122606459543e+01,9.630969393311577420e+00
7.753929694198342304e+01,8.616755134043181386e+00
7.755930265790226485e+01,9.444968819079466726e+00
7.757930837382109246e+01,9.557978869778223086e+00
7.759931408973993427e+01,9.953165214922041315e+00
7.761931980565876188e+01,9.207656399867403252e+00
7.763932552157760369e+01,9.096235083130185473e+00
7.765933123749643130e+01,9.312223831557869147e+00
7.767933695341525890e+01,8.438207643022119342e+00
7.769934266933410072e+01,9.390694131361996710e+00
7.771934838525292832e+01,8.546810126240577787e+00
7.773935410117177014e+01,9.468699609525874195e+00
7.775935981709059774e+01,8.684041635661987613e+00
7.777936553300943956e+01,9.156344135345605650e+00
7.779937124892826716e+01,8.658007227853431687e+00
7.781937696484710898e+01,7.616583922492006664e+00
7.783938268076593658e+01,8.473435902679103293e+00
7.785938839668476419e+01,8.880185550115264448e+00
7.787939411260360600e+01,7.940596690968201088e+00
7.789939982852243361e+01,8.646028650944241889e+00
7.791940554444127542e+01,9.227404373090760004e+00
7.793941126036010303e+01,8.205353943422416307e+00
7.795941697627894484e+01,8.610787517517566769e+00
7.797942269219777245e+01,8.520555738717384031e+00
7.799942840811661426e+01,8.895897391070441529e+00
7.801943412403544187e+01,8.381873914350819632e+00
7.803943983995426947e+01,8.836995411784752008e+00
7.805944555587311129e+01,8.707843326547941132e+00
7.807945127179193889e+01,8.315060787936332076e+00
7.809945698771078071e+01,9.406810199680478490e+00
7.811946270362960831e+01,8.260293447388448840e+00
7.813946841954845013e+01,8.405083507136080101e+00
7.815947413546727773e+01,7.448987358939672454e+00
7.817947985138611955e+01,7.880246496243589860e+00
7.819948556730494715e+01,7.991991706819543850e+00
7.821949128322378897e+01,8.047079283622908363e+00
7.823949699914261657e+01,7.918865103287443752e+00
7.825950271506144418e+01,7.756464718525995394e+00
7.827950843098028599e+01,7.520891855276986782e+00
7.829951414689911360e+01,7.327726812221587060e+00
7.831951986281795541e+01,7.279150326353571288e+00
7.833952557873678302e+01,7.278811407256279509e+00
7.835953129465562483e+01,6.676560423859809745e+00
7.837953701057445244e+01,6.727560860768553752e+00
7.839954272649329425e+01,6.821103912226385013e+00
7.841954844241212186e+01,6.429372921656995921e+00
7.843955415833094946e+01,6.731201446076633843e+00
7.845955987424979128e+01,7.453711382493006354e+00
7.847956559016861888e+01,6.500579087153518287e+00
7.849957130608746070e+01,7.097207485589342113e+00
7.851957702200628830e+01,7.352947275970629804e+00
7.853958273792513012e+01,6.111512854490664282e+00
7.855958845384395772e+01,6.326688521111504926e+00
7.857959416976279954e+01,6.929154260544581945e+00
7.859959988568162714e+01,6.727532672525876833e+00
7.861960560160045475e+01,6.693114848121314964e+00
7.863961131751929656e+01,6.372670058246994174e+00
7.865961703343812417e+01,6.763532686422445650e+00
7.867962274935696598e+01,6.738315133772061039e+00
7.869962846527579359e+01,7.177122220029299449e+00
7.871963418119463540e+01,7.695197323371303355e+00
7.873963989711346301e+01,7.554591541502105656e+00
7.875964561303230482e+01,8.176559798909833532e+00
7.877965132895113243e+01,8.638856693559286981e+00
7.879965704486996003e+01,8.103231902634615125e+00
7.881966276078880185e+01,7.748531549406631136e+00
7.883966847670762945e+01,8.006941096296566585e+00
7.885967419262647127e+01,8.439862239204897421e+00
7.887967990854529887e+01,8.745440940542831498e+00
7.889968562446414069e+01,8.338066353878039294e+00
7.891969134038296829e+01,9.737206779441798687e+00
7.893969705630181011e+01,9.186096736641907512e+00
7.895970277222063771e+01,8.643505429679567698e+00
7.897970848813946532e+01,9.675244832226070457e+00
7.899971420405830713e+01,8.890525809476345742e+00
7.901971991997713474e+01,1.025989633235456111e+01
7.903972563589597655e+01,8.913987441370005982e+00
7.905973135181480416e+01,8.786226442779909718e+00
7.907973706773364597e+01,9.004871272100963608e+00
7.909974278365247358e+01,9.130304826536121965e+00
7.911974849957131539e+01,9.877676021239940596e+00
7.913975421549014300e+01,9.946995834011907789e+00
7.915975993140898481e+01,9.400609223366013012e+00
7.917976564732781242e+01,9.403983311771757059e+00
7.919977136324664002e+01,9.002767077168641663e+00
7.921977707916548184e+01,8.945789081647992802e+00
7.923978279508430944e+01,9.099443430195588434e+00
7.925978851100315126e+01,9.440005229179082136e+00
7.927979422692197886e+01,8.761877462747676759e+00
7.929979994284082068e+01,9.573270297685406049e+00
7.931980565875964828e+01,8.922496433462431042e+00
7.933981137467849010e+01,8.847290970100747387e+00
7.935981709059731770e+01,8.696378116584925877e+00
7.937982280651614531e+01,9.115188312885036837e+00
7.939982852243498712e+01,9.244436256167412935e+00
7.941983423835381473e+01,8.882271309752400867e+00
7.943983995427265654e+01,8.935009664462340240e+00
7.945984567019148415e+01,8.710745855157298934e+00
7.947985138611032596e+01,8.666794361726966045e+00
7.949985710202915357e+01,9.342526854261137714e+00
7.951986281794799538e+01,9.406351386318734242e+00
7.953986853386682299e+01,9.073285643996893413e+00
7.955987424978565059e+01,9.057083251862874107e+00
7.957987996570449241e+01,9.176324600893327244e+00
7.959988568162332001e+01,8.930033209622662227e+00
7.961989139754216183e+01,9.382796489856591649e+00
7.963989711346098943e+01,9.475764871311621818e+00
7.965990282937983125e+01,8.850254797955386721e+00
7.967990854529865885e+01,9.954407874189445948e+00
7.969991426121750067e+01,9.577101553115850763e+00
7.971991997713632827e+01,9.664229281591335763e+00
7.973992569305515588e+01,9.440698125710779820e+00
7.975993140897399769e+01,1.036170854820973553e+01
7.977993712489282530e+01,9.788761298881308193e+00
7.979994284081166711e+01,1.019580407702518521e+01
7.981994855673049472e+01,1.025777201672016936e+01
7.983995427264933653e+01,1.061810802231731898e+01
7.985995998856816414e+01,1.005262772009911032e+01
7.987996570448700595e+01,1.024821160543131349e+01
7.989997142040583356e+01,1.023128162038207023e+01
7.991997713632466116e+01,9.771240302129626798e+00
7.993998285224350298e+01,9.677332444519965549e+00
7.995998856816233058e+01,9.455127584976095179e+00
7.997999428408117240e+01,8.993563330047805948e+00
8.000000000000000000e+01,7.508081669250023182e+00
