angle,intensity
1.000000000000000000e+01,5.229410460911172898e+00
1.002000571591883471e+01,5.608057546364140222e+00
1.004001143183766764e+01,6.609757187675635137e+00
1.006001714775650235e+01,6.561990670730947883e+00
1.008002286367533529e+01,5.917938186430821368e+00
1.010002857959417000e+01,6.112622743311877826e+00
1.012003429551300293e+01,6.414150220615438158e+00
1.014004001143183764e+01,6.010740891199187530e+00
1.016004572735067235e+01,5.675319545824718759e+00
1.018005144326950528e+01,5.783463812955948136e+00
1.020005715918833999e+01,5.917589904581347149e+00
1.022006287510717293e+01,5.970575406174818411e+00
1.024006859102600764e+01,5.680479725080503250e+00
1.026007430694484057e+01,5.467278399565397962e+00
1.028008002286367528e+01,6.502201337787841595e+00
1.030008573878250999e+01,6.414976841961319565e+00
1.032009145470134293e+01,6.885915762012828623e+00
1.034009717062017764e+01,6.684724652963286218e+00
1.036010288653901057e+01,5.362210327699011181e+00
1.038010860245784528e+01,6.243436331261481342e+00
1.040011431837667999e+01,5.172897945541963693e+00
1.042012003429551292e+01,5.728685956175366023e+00
1.044012575021434763e+01,5.921191449183830890e+00
1.046013146613318057e+01,5.644893550070390731e+00
1.048013718205201528e+01,5.436688600111890146e+00
1.050014289797084821e+01,6.040465716279321384e+00
1.052014861388968292e+01,5.567629443513689935e+00
1.054015432980851585e+01,5.638041530231053144e+00
1.056016004572735056e+01,6.444235663595245356e+00
1.058016576164618527e+01,5.523897256916688647e+00
1.060017147756501821e+01,5.479502969409340452e+00
1.062017719348385292e+01,5.961858559855664375e+00
1.064018290940268585e+01,5.966450594919319173e+00
1.066018862532152056e+01,5.396192042442873316e+00
1.068019434124035527e+01,5.315698838668554416e+00
1.070020005715918820e+01,5.494857011394227442e+00
1.072020577307802292e+01,6.549296363895019901e+00
1.074021148899685585e+01,5.445075981252939457e+00
1.076021720491569056e+01,5.940219190286250672e+00
1.078022292083452349e+01,5.593043739213090504e+00
1.080022863675335820e+01,5.392482011447802037e+00
1.082023435267219291e+01,6.307684826047317728e+00
1.084024006859102585e+01,6.091718748447628506e+00
1.086024578450986056e+01,5.231195685365245041e+00
1.088025150042869349e+01,5.455507002176992692e+00
1.090025721634752820e+01,6.421351795120703976e+00
1.092026293226636113e+01,5.711596643779298432e+00
1.094026864818519584e+01,5.544960349506016684e+00
1.096027436410403055e+01,6.044987980033702968e+00
1.098028008002286349e+01,6.094860968895245534e+00
1.100028579594169820e+01,5.811623792612337525e+00
1.102029151186053113e+01,5.693242615199823220e+00
1.104029722777936584e+01,5.967925147603549085e+00
1.106030294369819877e+01,6.071720562387083575e+00
1.108030865961703348e+01,6.197664872993858154e+00
1.110031437553586819e+01,5.809160109862363086e+00
1.112032009145470113e+01,6.286626657942205654e+00
1.114032580737353584e+01,5.972925259242160223e+00
1.116033152329236877e+01,5.768855194590231328e+00
1.118033723921120348e+01,5.652155802991675415e+00
1.120034295513003642e+01,5.974462617155024802e+00
1.122034867104887113e+01,5.599979368031100080e+00
1.124035438696770584e+01,5.879488589545736943e+00
1.126036010288653877e+01,6.037100889140313953e+00
1.128036581880537348e+01,6.060753529527434402e+00
1.130037153472420641e+01,6.209042723909686146e+00
1.132037725064304112e+01,5.505721357466642374e+00
1.134038296656187583e+01,5.667308021605375501e+00
1.136038868248070877e+01,5.695008280457330763e+00
1.138039439839954348e+01,5.860135311156953186e+00
1.140040011431837641e+01,6.438083691552156651e+00
1.142040583023721112e+01,6.051248944425797305e+00
1.144041154615604405e+01,6.622580300158798394e+00
1.146041726207487876e+01,5.810451193779874401e+00
1.148042297799371170e+01,5.374639142123496249e+00
1.150042869391254641e+01,6.795772944630732226e+00
1.152043440983138112e+01,5.679991864272407653e+00
1.154044012575021405e+01,6.351708472478544643e+00
1.156044584166904876e+01,6.433801704621997963e+00
1.158045155758788169e+01,6.583997718557554890e+00
1.160045727350671640e+01,6.749494361171320733e+00
1.162046298942555111e+01,5.887198554276581675e+00
1.164046870534438405e+01,6.821906878376927885e+00
1.166047442126321876e+01,6.414639902166365815e+00
1.168048013718205169e+01,7.369142385686277663e+00
1.170048585310088640e+01,7.071683463430574079e+00
1.172049156901971934e+01,7.480015340815984182e+00
1.174049728493855405e+01,6.673770278660188460e+00
1.176050300085738698e+01,7.301315601181442183e+00
1.178050871677622169e+01,7.100968782110241406e+00
1.180051443269505640e+01,7.075727947228191539e+00
1.182052014861388933e+01,7.205567928363118213e+00
1.184052586453272404e+01,7.802531526263910777e+00
1.186053158045155698e+01,7.063208943697473430e+00
1.188053729637039169e+01,8.307671583846232721e+00
1.190054301228922640e+01,7.228428671154192742e+00
1.192054872820805933e+01,7.270893408142693914e+00
1.194055444412689404e+01,7.900884268631367391e+00
1.196056016004572697e+01,7.836371807041294879e+00
1.198056587596456168e+01,8.368056308025204615e+00
1.200057159188339639e+01,8.209034448317709121e+00
1.202057730780222933e+01,8.756038877526743036e+00
1.204058302372106226e+01,8.183288967318940621e+00
1.206058873963989697e+01,8.933772479872445160e+00
1.208059445555873168e+01,8.559548347219683606e+00
1.210060017147756461e+01,9.124485461978867562e+00
1.212060588739639932e+01,9.001513230337241822e+00
1.214061160331523226e+01,9.727447346660703431e+00
1.216061731923406697e+01,9.750652175438307978e+00
1.218062303515290168e+01,9.409063085024605755e+00
1.220062875107173461e+01,1.018772640933869411e+01
1.222063446699056932e+01,1.021531783389037784e+01
1.224064018290940226e+01,9.878627119279865809e+00
1.226064589882823697e+01,1.059073273416672656e+01
1.228065161474707168e+01,1.060572532259778811e+01
1.230065733066590461e+01,1.127007916596994264e+01
1.232066304658473754e+01,1.072322639756195173e+01
1.234066876250357225e+01,1.172930908297344033e+01
1.236067447842240696e+01,1.179135225449923396e+01
1.238068019434123990e+01,1.238008865057791752e+01
1.240068591026007461e+01,1.222708901457764696e+01
1.242069162617890754e+01,1.238758224137174935e+01
1.244069734209774225e+01,1.286682776493035796e+01
1.246070305801657696e+01,1.280942609394908693e+01
1.248070877393540989e+01,1.334145930273932734e+01
1.250071448985424460e+01,1.376218001159902471e+01
1.252072020577307754e+01,1.372825364087265854e+01
1.254072592169191225e+01,1.416834385891545978e+01
1.256073163761074696e+01,1.449658209891699912e+01
1.258073735352957989e+01,1.464337481734986568e+01
1.260074306944841460e+01,1.520309543967437804e+01
1.262074878536724754e+01,1.534380594308990808e+01
1.264075450128608225e+01,1.573312072105115789e+01
1.266076021720491518e+01,1.616911209362610791e+01
1.268076593312374989e+01,1.707223556723972280e+01
1.270077164904258282e+01,1.754096523370185778e+01
1.272077736496141753e+01,1.738969811079250860e+01
1.274078308088025224e+01,1.715323784855622335e+01
1.276078879679908518e+01,1.826753696884272671e+01
1.278079451271791989e+01,1.818636485222833699e+01
1.280080022863675282e+01,1.945806445906193360e+01
1.282080594455558753e+01,1.898151026591252588e+01
1.284081166047442224e+01,1.964264802156679224e+01
1.286081737639325517e+01,2.029201522522819445e+01
1.288082309231208988e+01,2.037243685589409736e+01
1.290082880823092282e+01,2.085283389849138658e+01
1.292083452414975753e+01,2.154944618625370722e+01
1.294084024006859224e+01,2.245837174163608552e+01
1.296084595598742517e+01,2.292641336163228516e+01
1.298085167190625810e+01,2.309629267730706204e+01
1.300085738782509281e+01,2.432387176485236324e+01
1.302086310374392752e+01,2.442199875250064522e+01
1.304086881966276046e+01,2.502113022910436513e+01
1.306087453558159517e+01,2.525392586235990677e+01
1.308088025150042810e+01,2.605178268951140552e+01
1.310088596741926281e+01,2.628812129551496213e+01
1.312089168333809752e+01,2.758486719483921235e+01
1.314089739925693046e+01,2.822791418651188522e+01
1.316090311517576517e+01,2.860859166441728973e+01
1.318090883109459810e+01,2.905374311967146284e+01
1.320091454701343281e+01,2.969546496793561374e+01
1.322092026293226752e+01,3.070753884955573909e+01
1.324092597885110045e+01,3.134356475651966178e+01
1.326093169476993339e+01,3.180435444783330112e+01
1.328093741068876810e+01,3.225281184518031097e+01
1.330094312660760281e+01,3.342768640282815795e+01
1.332094884252643574e+01,3.497616871602976119e+01
1.334095455844527045e+01,3.555574478171966035e+01
1.336096027436410338e+01,3.652396101857947031e+01
1.338096599028293809e+01,3.743308604913726612e+01
1.340097170620177280e+01,3.793804266847602236e+01
1.342097742212060574e+01,3.944857882862199006e+01
1.344098313803944045e+01,3.984581585126137782e+01
1.346098885395827338e+01,4.134257928454675124e+01
1.348099456987710809e+01,4.117590440642555905e+01
1.350100028579594280e+01,4.342466819808482370e+01
1.352100600171477573e+01,4.347415383578768910e+01
1.354101171763361044e+01,4.478945112707948795e+01
1.356101743355244338e+01,4.608322665986699462e+01
1.358102314947127809e+01,4.714939618308785896e+01
1.360102886539011102e+01,4.855638784592898105e+01
1.362103458130894573e+01,4.878597012368499719e+01
1.364104029722777867e+01,5.044177110368632810e+01
1.366104601314661338e+01,5.116498938005840103e+01
1.368105172906544809e+01,5.257744441307606564e+01
1.370105744498428102e+01,5.387701438428232592e+01
1.372106316090311573e+01,5.461659943876478707e+01
1.374106887682194866e+01,5.454033811020151745e+01
1.376107459274078337e+01,5.578724077179343510e+01
1.378108030865961808e+01,5.653525782712814873e+01
1.380108602457845102e+01,5.712769738067496661e+01
1.382109174049728573e+01,5.713345743396921961e+01
1.384109745641611866e+01,5.792850468004928643e+01
1.386110317233495337e+01,5.778150886943491571e+01
1.388110888825378808e+01,5.739685645042356299e+01
1.390111460417262101e+01,5.678020584832682260e+01
1.392112032009145395e+01,5.659274519436928585e+01
1.394112603601028866e+01,5.486486484982730616e+01
1.396113175192912337e+01,5.296270177884018437e+01
1.398113746784795630e+01,5.163974556775795577e+01
1.400114318376679101e+01,5.003100437890329033e+01
1.402114889968562395e+01,4.683544355066923259e+01
1.404115461560445866e+01,4.436276883204020294e+01
1.406116033152329337e+01,4.236321315092708062e+01
1.408116604744212630e+01,4.044743422910469377e+01
1.410117176336095923e+01,3.606946056108176180e+01
1.412117747927979394e+01,3.303343422664597995e+01
1.414118319519862865e+01,3.139838389036982846e+01
1.416118891111746336e+01,2.777191605502570937e+01
1.418119462703629630e+01,2.631256630139714758e+01
1.420120034295512923e+01,2.384726371812671886e+01
1.422120605887396394e+01,2.172963259864030050e+01
1.424121177479279865e+01,1.986167720611961585e+01
1.426121749071163336e+01,1.904130092061954826e+01
1.428122320663046629e+01,1.887097554474271277e+01
1.430122892254929923e+01,1.661319705252628864e+01
1.432123463846813394e+01,1.627916378680636456e+01
1.434124035438696865e+01,1.642153149261892509e+01
1.436124607030580158e+01,1.561950664244046116e+01
1.438125178622463629e+01,1.553949015008927503e+01
1.440125750214346922e+01,1.631718080243246760e+01
1.442126321806230393e+01,1.606205607530868917e+01
1.444126893398113864e+01,1.595213083802795495e+01
1.446127464989997158e+01,1.648996010384450983e+01
1.448128036581880451e+01,1.643047083043707346e+01
1.450128608173763922e+01,1.616796818948706260e+01
1.452129179765647393e+01,1.660887200762038063e+01
1.454129751357530864e+01,1.697054319085138374e+01
1.456130322949414158e+01,1.687849048608505598e+01
1.458130894541297451e+01,1.705137227870257277e+01
1.460131466133180922e+01,1.773034667105897810e+01
1.462132037725064393e+01,1.775022686280642148e+01
1.464132609316947686e+01,1.823305655186447183e+01
1.466133180908831157e+01,1.859707544295201842e+01
1.468133752500714451e+01,2.004408080213756449e+01
1.470134324092597922e+01,1.992459310236260706e+01
1.472134895684481393e+01,1.981782274809253153e+01
1.474135467276364686e+01,2.071762299042175215e+01
1.476136038868247979e+01,2.201294078403227417e+01
1.478136610460131450e+01,2.217956887001890820e+01
1.480137182052014921e+01,2.227342584527379898e+01
1.482137753643898392e+01,2.335223268411758113e+01
1.484138325235781686e+01,2.379576946524886338e+01
1.486138896827664979e+01,2.473940023906146735e+01
1.488139468419548450e+01,2.418666345490535718e+01
1.490140040011431921e+01,2.594563205001484363e+01
1.492140611603315392e+01,2.669176181754379229e+01
1.494141183195198685e+01,2.676323778434540657e+01
1.496141754787081979e+01,2.775345026668524895e+01
1.498142326378965450e+01,2.810287475668476631e+01
1.500142897970848921e+01,2.818191620147243981e+01
1.502143469562732214e+01,2.996648229345201031e+01
1.504144041154615508e+01,3.002175416171486688e+01
1.506144612746498979e+01,3.152875034700985424e+01
1.508145184338382450e+01,3.186396035611257815e+01
1.510145755930265921e+01,3.267119274641746074e+01
1.512146327522149214e+01,3.342004356581693258e+01
1.514146899114032507e+01,3.452928821523660474e+01
1.516147470705915978e+01,3.536524036624979317e+01
1.518148042297799449e+01,3.635216592793615575e+01
1.520148613889682920e+01,3.726353095374804525e+01
1.522149185481566214e+01,3.850266013133780518e+01
1.524149757073449507e+01,3.912295366035381505e+01
1.526150328665332978e+01,3.948559966109135644e+01
1.528150900257216449e+01,4.134242675011576296e+01
1.530151471849099742e+01,4.169944957480473136e+01
1.532152043440983036e+01,4.357440243557115878e+01
1.534152615032866507e+01,4.376761244272118034e+01
1.536153186624749978e+01,4.438437209227780755e+01
1.538153758216633449e+01,4.505748977979863668e+01
1.540154329808516742e+01,4.593766723779285854e+01
1.542154901400400036e+01,4.694073933769529106e+01
1.544155472992283507e+01,4.634575674493700603e+01
1.546156044584166978e+01,4.687355932944196013e+01
1.548156616176050449e+01,4.623638240621424700e+01
1.550157187767933742e+01,4.637546189314279133e+01
1.552157759359817035e+01,4.656257155639909229e+01
1.554158330951700506e+01,4.624569264081533504e+01
1.556158902543583977e+01,4.442160995271311208e+01
1.558159474135467271e+01,4.290407384963167203e+01
1.560160045727350742e+01,4.208716762451354043e+01
1.562160617319234035e+01,4.046528599228015821e+01
1.564161188911117506e+01,3.751585837013418256e+01
1.566161760503000977e+01,3.503715033512690979e+01
1.568162332094884270e+01,3.261771132986051214e+01
1.570162903686767564e+01,3.059072843414410414e+01
1.572163475278651035e+01,2.725059608398519373e+01
1.574164046870534506e+01,2.489419743565438381e+01
1.576164618462417977e+01,2.190135838386453315e+01
1.578165190054301270e+01,2.019484148178485583e+01
1.580165761646184563e+01,1.756648979367766117e+01
1.582166333238068034e+01,1.569966235251103370e+01
1.584166904829951505e+01,1.359839250405100053e+01
1.586167476421834799e+01,1.292410298834963456e+01
1.588168048013718270e+01,1.087945107937330391e+01
1.590168619605601563e+01,9.841563553869850267e+00
1.592169191197485034e+01,8.349115123284310158e+00
1.594169762789368505e+01,8.598693606981472115e+00
1.596170334381251799e+01,7.683941743198106522e+00
1.598170905973135092e+01,7.087984892593420128e+00
1.600171477565018563e+01,6.773982113387347681e+00
1.602172049156902034e+01,5.998642772993639127e+00
1.604172620748785505e+01,6.513722059214723359e+00
1.606173192340668976e+01,6.206353268104186860e+00
1.608173763932552092e+01,6.550859584449550965e+00
1.610174335524435563e+01,5.449577681058832113e+00
1.612174907116319034e+01,5.885217225149139253e+00
1.614175478708202505e+01,6.541030448817259035e+00
1.616176050300085620e+01,5.194801225025921454e+00
1.618176621891969091e+01,5.380061384507307309e+00
1.620177193483852562e+01,5.170533740828215485e+00
1.622177765075736033e+01,5.723294988041308429e+00
1.624178336667619504e+01,6.075293462264883537e+00
1.626178908259502620e+01,5.840442458717620688e+00
1.628179479851386091e+01,5.275203228446978088e+00
1.630180051443269562e+01,5.357274534938246902e+00
1.632180623035153033e+01,5.461847609540061654e+00
1.634181194627036149e+01,5.458222102270215537e+00
1.636181766218919620e+01,5.500100581743699202e+00
1.638182337810803091e+01,5.004485436186262959e+00
1.640182909402686562e+01,5.501328935686297328e+00
1.642183480994570033e+01,5.699233283757074275e+00
1.644184052586453504e+01,5.885327168612676019e+00
1.646184624178336620e+01,5.560349702793387472e+00
1.648185195770220091e+01,5.470337716793833849e+00
1.650185767362103562e+01,6.739529226826655339e+00
1.652186338953986677e+01,6.131220305796199810e+00
1.654186910545870148e+01,5.906616635977123053e+00
1.656187482137753619e+01,6.473066785522840760e+00
1.658188053729637090e+01,5.983408973256872265e+00
1.660188625321520561e+01,6.014038632096085024e+00
1.662189196913404032e+01,6.218828078127257797e+00
1.664189768505287148e+01,6.298324155799077673e+00
1.666190340097170619e+01,6.710343781194552548e+00
1.668190911689054090e+01,6.769127401464843707e+00
1.670191483280937561e+01,5.775820884969466107e+00
1.672192054872820677e+01,6.597530899744908695e+00
1.674192626464704148e+01,6.515583349679236136e+00
1.676193198056587619e+01,7.356525800132625470e+00
1.678193769648471090e+01,6.904915343545174444e+00
1.680194341240354561e+01,7.106234932415843808e+00
1.682194912832238032e+01,7.400712497634302167e+00
1.684195484424121148e+01,7.505388480866119316e+00
1.686196056016004619e+01,7.540237228344579989e+00
1.688196627607888090e+01,7.215020499391664899e+00
1.690197199199771205e+01,7.106575978117476211e+00
1.692197770791654676e+01,7.357055619199753593e+00
1.694198342383538147e+01,7.748163798866654517e+00
1.696198913975421618e+01,7.769268396241733043e+00
1.698199485567305089e+01,7.706710052652766763e+00
1.700200057159188560e+01,7.271383414455360850e+00
1.702200628751071676e+01,8.248349484965419975e+00
1.704201200342955147e+01,8.370181404377957435e+00
1.706201771934838618e+01,8.453436185076071752e+00
1.708202343526722089e+01,8.635114799752130921e+00
1.710202915118605205e+01,8.909750811733122333e+00
1.712203486710488676e+01,8.981969448321883931e+00
1.714204058302372147e+01,9.105309689200241863e+00
1.716204629894255618e+01,9.273381382091226754e+00
1.718205201486139089e+01,8.697706365471168155e+00
1.720205773078022204e+01,9.541641828809749981e+00
1.722206344669905675e+01,9.451001129653748833e+00
1.724206916261789146e+01,9.659423013076011699e+00
1.726207487853672617e+01,1.020296436071625124e+01
1.728208059445555733e+01,9.939184865606641495e+00
1.730208631037439204e+01,1.099273984543954796e+01
1.732209202629322675e+01,1.029922350851034807e+01
1.734209774221206146e+01,1.054438479429834175e+01
1.736210345813089617e+01,1.039216150671015626e+01
1.738210917404973088e+01,1.063999816048374036e+01
1.740211488996856204e+01,1.142166456697090737e+01
1.742212060588739675e+01,1.083178854710228656e+01
1.744212632180623146e+01,1.109891893246584971e+01
1.746213203772506262e+01,1.059070048324514524e+01
1.748213775364389733e+01,1.080361044650382851e+01
1.750214346956273204e+01,1.141632718254795797e+01
1.752214918548156675e+01,1.079723553765595234e+01
1.754215490140040146e+01,1.064017149528040207e+01
1.756216061731923617e+01,1.005839268531045860e+01
1.758216633323806732e+01,9.825741022776611544e+00
1.760217204915690203e+01,1.004111219060321503e+01
1.762217776507573674e+01,9.067729257810249521e+00
1.764218348099457145e+01,9.035975793405292222e+00
1.766218919691340261e+01,7.852685304111397535e+00
1.768219491283223732e+01,7.048109106692383108e+00
1.770220062875107203e+01,7.152292627172140094e+00
1.772220634466990674e+01,7.327042095270689614e+00
1.774221206058874145e+01,6.213700910032240010e+00
1.776221777650757616e+01,5.572637614887197444e+00
1.778222349242640732e+01,6.085994161747865228e+00
1.780222920834524203e+01,5.676116384021017147e+00
1.782223492426407674e+01,5.224392858489855129e+00
1.784224064018290790e+01,5.245096259178753328e+00
1.786224635610174261e+01,4.123081280215208366e+00
1.788225207202057732e+01,5.403773722910070632e+00
1.790225778793941203e+01,4.038365361493939432e+00
1.792226350385824674e+01,4.928329340492211941e+00
1.794226921977708145e+01,4.377332171703594454e+00
1.796227493569591260e+01,3.296726947258853624e+00
1.798228065161474731e+01,3.856049018593473932e+00
1.800228636753358202e+01,4.336747757772545064e+00
1.802229208345241318e+01,3.795074679190430178e+00
1.804229779937124789e+01,3.874413545728478070e+00
1.806230351529008260e+01,3.507051766571446905e+00
1.808230923120891731e+01,4.151283058864139619e+00
1.810231494712775202e+01,3.238072035085715505e+00
1.812232066304658673e+01,4.024729059463838965e+00
1.814232637896542144e+01,3.849448759774380058e+00
1.816233209488425260e+01,3.892137734412102645e+00
1.818233781080308731e+01,3.534548216877206883e+00
1.820234352672191847e+01,3.546459422031777109e+00
1.822234924264075318e+01,4.248975257001623262e+00
1.824235495855958789e+01,3.247939823390891156e+00
1.826236067447842260e+01,3.930924280264646242e+00
1.828236639039725731e+01,3.936070160191018630e+00
1.830237210631609202e+01,3.683368052294658135e+00
1.832237782223492673e+01,3.516799335572377672e+00
1.834238353815375788e+01,3.746736969797732186e+00
1.836238925407259259e+01,3.864692708077559935e+00
1.838239496999142730e+01,3.700913554769808655e+00
1.840240068591025846e+01,3.626847929259584546e+00
1.842240640182909317e+01,4.307652516828717637e+00
1.844241211774792788e+01,3.980839101791533885e+00
1.846241783366676259e+01,4.173317465994925257e+00
1.848242354958559730e+01,3.560168349861581039e+00
1.850242926550443201e+01,3.851630502314198345e+00
1.852243498142326672e+01,3.447809523470332316e+00
1.854244069734209788e+01,4.097680272090421738e+00
1.856244641326093259e+01,4.551078285477797358e+00
1.858245212917976374e+01,3.444347470089295093e+00
1.860245784509859845e+01,3.144346067676217604e+00
1.862246356101743316e+01,3.360152816748680049e+00
1.864246927693626787e+01,3.775542539682759546e+00
1.866247499285510258e+01,3.522730368319950234e+00
1.868248070877393729e+01,3.320293794262607179e+00
1.870248642469277200e+01,3.372157884707501552e+00
1.872249214061160316e+01,3.571405077553718499e+00
1.874249785653043787e+01,3.497280641428080372e+00
1.876250357244927258e+01,3.599271443972339668e+00
1.878250928836810374e+01,3.067671590933893633e+00
1.880251500428693845e+01,3.257654404669050319e+00
1.882252072020577316e+01,3.287428873393720252e+00
1.884252643612460787e+01,3.171782702202340154e+00
1.886253215204344258e+01,3.453745947396625660e+00
1.888253786796227729e+01,4.026920992403048238e+00
1.890254358388111200e+01,3.104657520927973202e+00
1.892254929979994316e+01,3.160899142333692957e+00
1.894255501571877787e+01,3.892705185814598678e+00
1.896256073163760902e+01,3.573341439473022074e+00
1.898256644755644373e+01,3.546275612214804251e+00
1.900257216347527844e+01,3.838514494618129103e+00
1.902257787939411315e+01,4.041429423635219287e+00
1.904258359531294786e+01,3.427885362927829416e+00
1.906258931123178257e+01,2.981184498604432687e+00
1.908259502715061728e+01,3.758635641800172067e+00
1.910260074306944844e+01,3.651544316178727101e+00
1.912260645898828315e+01,3.681454137011228589e+00
1.914261217490711431e+01,3.365707000369938307e+00
1.916261789082594902e+01,3.337073977122924084e+00
1.918262360674478373e+01,3.550166074280452388e+00
1.920262932266361844e+01,3.886473326673661965e+00
1.922263503858245315e+01,3.991944163024414571e+00
1.924264075450128786e+01,3.582583507246694055e+00
1.926264647042012257e+01,3.648020032950987535e+00
1.928265218633895373e+01,3.152343366519746226e+00
1.930265790225778844e+01,4.067503492752878813e+00
1.932266361817662315e+01,3.427001834424818760e+00
1.934266933409545430e+01,3.418154599012323658e+00
1.936267505001428901e+01,3.247908694081618641e+00
1.938268076593312372e+01,2.705846463151267756e+00
1.940268648185195843e+01,2.753352861252956973e+00
1.942269219777079314e+01,3.134778521184646394e+00
1.944269791368962785e+01,3.146197369855391113e+00
1.946270362960846256e+01,2.969732034765118378e+00
1.948270934552729372e+01,3.975321891710825284e+00
1.950271506144612843e+01,4.076495335166018030e+00
1.952272077736495959e+01,2.874856063969151165e+00
1.954272649328379430e+01,3.508426196389102358e+00
1.956273220920262901e+01,3.569843519117309683e+00
1.958273792512146372e+01,2.670501617240264913e+00
1.960274364104029843e+01,4.214496505823058570e+00
1.962274935695913314e+01,3.259407268286824255e+00
1.964275507287796785e+01,3.058964112636205712e+00
1.966276078879679901e+01,3.631118030106009975e+00
1.968276650471563372e+01,2.795558109967709370e+00
1.970277222063446487e+01,3.205015092502625507e+00
1.972277793655329958e+01,3.859891389519338745e+00
1.974278365247213429e+01,3.582796826054509332e+00
1.976278936839096900e+01,3.611685111203045917e+00
1.978279508430980371e+01,2.644997640173012865e+00
1.980280080022863842e+01,3.770964529166766166e+00
1.982280651614747313e+01,3.046167160984886380e+00
1.984281223206630784e+01,2.486769967237475232e+00
1.986281794798513900e+01,3.538419424966808613e+00
1.988282366390397371e+01,3.494876470737811047e+00
1.990282937982280487e+01,3.036239234992988312e+00
1.992283509574163958e+01,3.419136454901637201e+00
1.994284081166047429e+01,3.499076862994574544e+00
1.996284652757930900e+01,3.657658211648968205e+00
1.998285224349814371e+01,3.656425590918573221e+00
2.000285795941697842e+01,3.538219276374747757e+00
2.002286367533581313e+01,3.097059961680620255e+00
2.004286939125464428e+01,3.112151417626520811e+00
2.006287510717347899e+01,3.301236591803810683e+00
2.008288082309231015e+01,3.478674102065521190e+00
2.010288653901114486e+01,3.647632495508838169e+00
2.012289225492997957e+01,4.040095177074670474e+00
2.014289797084881428e+01,3.859024651500914338e+00
2.016290368676764899e+01,3.542004143793852755e+00
2.018290940268648370e+01,3.873854141876903689e+00
2.020291511860531841e+01,2.661577561191194707e+00
2.022292083452414957e+01,3.926720953807224745e+00
2.024292655044298428e+01,3.847696116441618130e+00
2.026293226636181899e+01,3.066012062612828437e+00
2.028293798228065015e+01,2.304995761600061144e+00
2.030294369819948486e+01,3.510204525180325774e+00
2.032294941411831957e+01,2.468719808801622229e+00
2.034295513003715428e+01,2.475939169323620348e+00
2.036296084595598899e+01,3.757668411690199051e+00
2.038296656187482370e+01,2.822034185116886640e+00
2.040297227779365841e+01,2.725124587201785964e+00
2.042297799371248956e+01,3.648038193989636913e+00
2.044298370963132427e+01,2.631434450525110158e+00
2.046298942555015543e+01,2.594467884082462650e+00
2.048299514146899014e+01,2.318654607761266639e+00
2.050300085738782485e+01,3.064193282771617177e+00
2.052300657330665956e+01,2.964358441799599397e+00
2.054301228922549427e+01,2.392608274448686956e+00
2.056301800514432898e+01,3.393021478294598214e+00
2.058302372106316369e+01,2.821728792988561274e+00
2.060302943698199485e+01,2.845189097238866260e+00
2.062303515290082956e+01,3.670908881114256506e+00
2.064304086881966072e+01,3.294629871421208556e+00
2.066304658473849543e+01,3.217379421209241031e+00
2.068305230065733014e+01,2.419710002075264210e+00
2.070305801657616485e+01,3.358351640324293452e+00
2.072306373249499956e+01,3.406639377958045500e+00
2.074306944841383427e+01,2.796523531722673539e+00
2.076307516433266898e+01,2.604013262156832376e+00
2.078308088025150369e+01,3.715820035901828522e+00
2.080308659617033484e+01,3.672099543196022609e+00
2.082309231208916955e+01,3.374708491402206079e+00
2.084309802800800071e+01,3.844089859952303456e+00
2.086310374392683542e+01,2.822164666919435128e+00
2.088310945984567013e+01,3.056788547046539239e+00
2.090311517576450484e+01,3.056971052207227757e+00
2.092312089168333955e+01,2.939149774105565438e+00
2.094312660760217426e+01,3.281361547345949425e+00
2.096313232352100897e+01,3.425812224329353839e+00
2.098313803943984013e+01,3.425813701884887763e+00
2.100314375535867484e+01,2.945369391203654708e+00
2.102314947127750600e+01,3.630675869986768056e+00
2.104315518719634071e+01,3.214008005513913080e+00
2.106316090311517542e+01,2.607429016925508769e+00
2.108316661903401013e+01,2.801397217420236174e+00
2.110317233495284484e+01,3.248313990790614447e+00
2.112317805087167955e+01,2.569884904810537218e+00
2.114318376679051426e+01,2.741398973592558352e+00
2.116318948270934541e+01,2.266074926668238287e+00
2.118319519862818012e+01,2.681612183175198894e+00
2.120320091454701483e+01,2.712167537166154219e+00
2.122320663046584599e+01,2.815251458771509618e+00
2.124321234638468070e+01,2.624856517870210126e+00
2.126321806230351541e+01,2.809300983614694935e+00
2.128322377822235012e+01,3.275101967256524027e+00
2.130322949414118483e+01,3.419829559078206849e+00
2.132323521006001954e+01,3.509337251749681030e+00
2.134324092597885425e+01,3.484520270111622686e+00
2.136324664189768541e+01,2.859257539202005205e+00
2.138325235781652012e+01,3.404939754801579621e+00
2.140325807373535127e+01,2.673692313207624238e+00
2.142326378965418598e+01,2.875366647724650448e+00
2.144326950557302069e+01,3.560907964304892204e+00
2.146327522149185540e+01,2.562950669875205811e+00
2.148328093741069011e+01,2.720936308422129191e+00
2.150328665332952482e+01,3.273441701568931883e+00
2.152329236924835953e+01,3.188809933521952189e+00
2.154329808516719069e+01,2.960949250495195972e+00
2.156330380108602540e+01,3.105817233000212063e+00
2.158330951700485656e+01,3.165450062134372189e+00
2.160331523292369127e+01,2.576668030227423856e+00
2.162332094884252598e+01,3.730552203177811776e+00
2.164332666476136069e+01,2.953382635238291254e+00
2.166333238068019540e+01,2.635897794547220840e+00
2.168333809659903011e+01,3.044991116420493249e+00
2.170334381251786482e+01,2.677339160067725210e+00
2.172334952843669598e+01,2.484037839373554934e+00
2.174335524435553069e+01,2.030257428966145028e+00
2.176336096027436540e+01,3.170163536551175554e+00
2.178336667619319655e+01,2.524973482604564445e+00
2.180337239211203126e+01,2.868259750025065280e+00
2.182337810803086597e+01,2.879046504088789149e+00
2.184338382394970068e+01,3.302221472337407704e+00
2.186338953986853539e+01,3.206069430025916489e+00
2.188339525578737010e+01,3.330478378320362420e+00
2.190340097170620481e+01,2.935734704886463931e+00
2.192340668762503597e+01,3.496207960707651274e+00
2.194341240354387068e+01,2.589121103789783440e+00
2.196341811946270184e+01,2.591953580145364366e+00
2.198342383538153655e+01,2.598208869087910156e+00
2.200342955130037126e+01,3.264531830826216563e+00
2.202343526721920597e+01,2.226199780070782008e+00
2.204344098313804068e+01,2.696366643616109116e+00
2.206344669905687539e+01,2.065368352690011733e+00
2.208345241497571010e+01,2.614243829071674519e+00
2.210345813089454126e+01,2.690683955061693666e+00
2.212346384681337597e+01,3.343576098925438611e+00
2.214346956273221068e+01,2.847311137398019554e+00
2.216347527865104183e+01,3.054674287976702818e+00
2.218348099456987654e+01,3.386231331326201577e+00
2.220348671048871125e+01,2.857747016717396171e+00
2.222349242640754596e+01,2.929598524993694220e+00
2.224349814232638067e+01,2.182333686177994281e+00
2.226350385824521538e+01,3.092812924418434584e+00
2.228350957416405009e+01,3.800891338514424955e+00
2.230351529008288125e+01,2.894061783375808439e+00
2.232352100600171596e+01,2.315819388758527886e+00
2.234352672192054712e+01,3.460464612215722990e+00
2.236353243783938183e+01,3.423017501530114970e+00
2.238353815375821654e+01,2.727995198719810332e+00
2.240354386967705125e+01,3.228752034085298206e+00
2.242354958559588596e+01,2.509640937023808860e+00
2.244355530151472067e+01,2.239685904501499625e+00
2.246356101743355538e+01,3.113500921623935103e+00
2.248356673335238654e+01,2.613212807059033249e+00
2.250357244927122125e+01,3.321579767460705490e+00
2.252357816519005240e+01,2.237581182960509896e+00
2.254358388110888711e+01,3.166163873603542900e+00
2.256358959702772182e+01,2.032043906475843542e+00
2.258359531294655653e+01,2.208889934391480736e+00
2.260360102886539124e+01,2.961270815130857770e+00
2.262360674478422595e+01,2.789566661967769257e+00
2.264361246070306066e+01,2.847254040878546277e+00
2.266361817662189182e+01,3.493483958765092989e+00
2.268362389254072653e+01,2.585278819233736591e+00
2.270362960845956124e+01,2.837746738081598608e+00
2.272363532437839240e+01,3.199757292473201176e+00
2.274364104029722711e+01,2.690539491209515077e+00
2.276364675621606182e+01,2.930831075340151859e+00
2.278365247213489653e+01,3.037388094448308262e+00
2.280365818805373124e+01,2.898525311889583733e+00
2.282366390397256595e+01,3.668012658826250494e+00
2.284366961989140066e+01,3.112335028155417849e+00
2.286367533581023181e+01,2.700912513515861590e+00
2.288368105172906652e+01,3.013299561855907527e+00
2.290368676764789768e+01,3.007374547820319322e+00
2.292369248356673239e+01,2.909725167839070537e+00
2.294369819948556710e+01,3.924838503570182269e+00
2.296370391540440181e+01,3.449419143132662846e+00
2.298370963132323652e+01,3.823989973196956882e+00
2.300371534724207123e+01,3.513627197223566867e+00
2.302372106316090594e+01,4.377790691228809372e+00
2.304372677907973710e+01,3.726599577360006244e+00
2.306373249499857181e+01,3.850327358019507429e+00
2.308373821091740652e+01,3.166339934958338098e+00
2.310374392683623768e+01,3.988537010055498655e+00
2.312374964275507239e+01,4.166325307662941846e+00
2.314375535867390710e+01,4.665910225832029745e+00
2.316376107459274181e+01,4.118952317324195533e+00
2.318376679051157652e+01,4.739590874333509340e+00
2.320377250643041123e+01,4.999947112793028836e+00
2.322377822234924594e+01,4.853247460182476658e+00
2.324378393826807709e+01,5.401092157588344378e+00
2.326378965418691180e+01,4.927918518659281766e+00
2.328379537010574296e+01,4.572402751849733882e+00
2.330380108602457767e+01,4.634667606062331302e+00
2.332380680194341238e+01,5.471909138920263871e+00
2.334381251786224709e+01,5.447919781331226119e+00
2.336381823378108180e+01,5.973288012796029278e+00
2.338382394969991651e+01,5.802811860197030214e+00
2.340382966561875122e+01,6.295913964840757160e+00
2.342383538153758238e+01,5.969165412818129290e+00
2.344384109745641709e+01,6.289870306797109123e+00
2.346384681337524825e+01,6.701821558746944518e+00
2.348385252929408296e+01,6.702963599849416809e+00
2.350385824521291767e+01,6.957023186314280849e+00
2.352386396113175238e+01,7.217311884334232985e+00
2.354386967705058709e+01,7.588127451693363668e+00
2.356387539296942180e+01,8.092807582685274781e+00
2.358388110888825651e+01,7.260316924975562358e+00
2.360388682480708766e+01,8.194845328111410865e+00
2.362389254072592237e+01,9.171928270096383784e+00
2.364389825664475708e+01,9.115265543433284989e+00
2.366390397256358824e+01,9.952747219813549151e+00
2.368390968848242295e+01,1.044816299937973447e+01
2.370391540440125766e+01,9.854989724838159049e+00
2.372392112032009237e+01,1.099751713016172161e+01
2.374392683623892708e+01,1.042302075048846888e+01
2.376393255215776179e+01,1.088725199375349462e+01
2.378393826807659650e+01,1.088047642576332663e+01
2.380394398399542766e+01,1.098282799459828851e+01
2.382394969991426237e+01,1.247216007098983326e+01
2.384395541583309353e+01,1.205538997864789863e+01
2.386396113175192824e+01,1.242892396624473328e+01
2.388396684767076295e+01,1.151477873762290116e+01
2.390397256358959766e+01,1.255594178616606804e+01
2.392397827950843237e+01,1.229500785257129891e+01
2.394398399542726708e+01,1.122718708617099992e+01
2.396398971134610179e+01,1.222729203245351037e+01
2.398399542726493294e+01,1.137994261462428014e+01
2.400400114318376765e+01,1.053406702622119795e+01
2.402400685910260236e+01,1.055686413393789103e+01
2.404401257502143352e+01,9.777812357175779567e+00
2.406401829094026823e+01,9.491591459666096853e+00
2.408402400685910294e+01,8.414158511062261425e+00
2.410402972277793765e+01,8.515360616338167432e+00
2.412403543869677236e+01,8.500828756444303025e+00
2.414404115461560707e+01,6.911499012344819448e+00
2.416404687053444178e+01,6.167818636299552182e+00
2.418405258645327294e+01,6.056363515595442060e+00
2.420405830237210765e+01,5.416769732716554486e+00
2.422406401829093880e+01,5.248877471133217121e+00
2.424406973420977351e+01,3.766495349170555063e+00
2.426407545012860822e+01,4.526048475636053503e+00
2.428408116604744293e+01,3.339863373400496549e+00
2.430408688196627764e+01,3.161621686093519124e+00
2.432409259788511235e+01,3.391679568958934077e+00
2.434409831380394706e+01,3.250855542957391098e+00
2.436410402972277822e+01,3.111357841642849564e+00
2.438410974564161293e+01,3.452018647329359702e+00
2.440411546156044409e+01,3.129190578724752925e+00
2.442412117747927880e+01,2.639930882061057638e+00
2.444412689339811351e+01,3.146568997719068506e+00
2.446413260931694822e+01,3.595626653889407276e+00
2.448413832523578293e+01,2.865263292775853898e+00
2.450414404115461764e+01,2.327162027263229849e+00
2.452414975707345235e+01,2.841135986106408495e+00
2.454415547299228351e+01,1.996843955473685206e+00
2.456416118891111822e+01,2.241642535645997469e+00
2.458416690482995293e+01,2.037253482748123901e+00
2.460417262074878408e+01,2.248300421153392126e+00
2.462417833666761879e+01,3.337149857922634855e+00
2.464418405258645350e+01,2.767675565864980314e+00
2.466418976850528821e+01,2.263837387913772758e+00
2.468419548442412292e+01,3.004715855474241692e+00
2.470420120034295763e+01,3.374048939995980767e+00
2.472420691626179234e+01,2.610718388418390656e+00
2.474421263218062350e+01,2.928571933049906484e+00
2.476421834809945821e+01,3.029369331010792976e+00
2.478422406401828937e+01,2.852195579433515427e+00
2.480422977993712408e+01,3.141012974048671413e+00
2.482423549585595879e+01,2.527050906081762971e+00
2.484424121177479350e+01,2.920553666868599407e+00
2.486424692769362821e+01,2.727639623564026117e+00
2.488425264361246292e+01,2.518174995545952477e+00
2.490425835953129763e+01,2.186875227098953989e+00
2.492426407545012879e+01,2.798115256673590956e+00
2.494426979136896350e+01,1.997208928951951457e+00
2.496427550728779821e+01,3.306761312365218863e+00
2.498428122320662936e+01,2.662015369409544974e+00
2.500428693912546407e+01,2.932598620193105354e+00
2.502429265504429878e+01,2.639186606575988581e+00
2.504429837096313349e+01,2.765053451966446474e+00
2.506430408688196820e+01,2.431591179415263149e+00
2.508430980280080291e+01,2.344639591490244257e+00
2.510431551871963762e+01,2.954619554471540788e+00
2.512432123463846878e+01,3.329402054470874894e+00
2.514432695055730349e+01,2.746256749454506263e+00
2.516433266647613465e+01,2.384437203330288746e+00
2.518433838239496936e+01,3.234293906500724791e+00
2.520434409831380407e+01,2.051111345645506567e+00
2.522434981423263878e+01,3.181289498764103385e+00
2.524435553015147349e+01,2.852863867571080014e+00
2.526436124607030820e+01,2.516173022842321583e+00
2.528436696198914291e+01,2.711725027433439461e+00
2.530437267790797407e+01,3.326414251971956837e+00
2.532437839382680878e+01,2.778770772234957498e+00
2.534438410974563993e+01,2.411295023412931560e+00
2.536438982566447464e+01,2.407645052462742630e+00
2.538439554158330935e+01,2.760075699128198501e+00
2.540440125750214406e+01,2.696048710333756482e+00
2.542440697342097877e+01,3.290410297910547399e+00
2.544441268933981348e+01,2.985079487721404412e+00
2.546441840525864819e+01,3.174375110674302114e+00
2.548442412117747935e+01,2.527346667132482683e+00
2.550442983709631406e+01,2.562178939188696880e+00
2.552443555301514877e+01,3.345098949447540271e+00
2.554444126893397993e+01,2.494697995992861017e+00
2.556444698485281464e+01,3.100713243323653501e+00
2.558445270077164935e+01,2.696635494983373071e+00
2.560445841669048406e+01,2.114314709642148848e+00
2.562446413260931877e+01,2.955295790087722363e+00
2.564446984852815348e+01,2.335084979306681241e+00
2.566447556444698819e+01,2.996857838677492225e+00
2.568448128036581934e+01,2.954848485431822436e+00
2.570448699628465405e+01,2.749777079688583648e+00
2.572449271220348521e+01,3.243256673310639382e+00
2.574449842812231992e+01,3.772224667986154856e+00
2.576450414404115463e+01,3.816700600619483907e+00
2.578450985995998934e+01,3.892335451223974729e+00
2.580451557587882405e+01,2.743617721336796933e+00
2.582452129179765876e+01,3.150206565536188386e+00
2.584452700771649347e+01,2.628142390335716616e+00
2.586453272363532463e+01,3.108781330531235731e+00
2.588453843955415934e+01,3.983958412453104003e+00
2.590454415547299405e+01,2.303808808807869646e+00
2.592454987139182521e+01,2.753594973318743921e+00
2.594455558731065992e+01,3.488483426027856993e+00
2.596456130322949463e+01,2.836047041104887256e+00
2.598456701914832934e+01,3.359519299912426593e+00
2.600457273506716405e+01,2.897532472576558327e+00
2.602457845098599520e+01,3.217218425525125269e+00
2.604458416690482991e+01,2.920175018055008564e+00
2.606458988282366462e+01,2.264280589160214241e+00
2.608459559874249933e+01,2.257638543155510824e+00
2.610460131466133404e+01,2.893299476730029518e+00
2.612460703058016520e+01,3.069847751042551032e+00
2.614461274649899991e+01,2.271440352777707616e+00
2.616461846241783462e+01,2.532194483375342919e+00
2.618462417833666933e+01,2.622095909783166867e+00
2.620462989425550404e+01,2.252921115966930898e+00
2.622463561017433520e+01,3.088493289035224798e+00
2.624464132609316991e+01,2.530336157896218907e+00
2.626464704201200462e+01,2.520021489400528392e+00
2.628465275793083933e+01,1.912648185624933772e+00
2.630465847384967049e+01,2.691283896119426977e+00
2.632466418976850520e+01,2.004550285421146327e+00
2.634466990568733991e+01,2.495806942731880973e+00
2.636467562160617462e+01,2.985507237023686589e+00
2.638468133752500933e+01,2.379217289549447223e+00
2.640468705344384048e+01,1.851117033265026190e+00
2.642469276936267519e+01,2.485377966276240080e+00
2.644469848528150990e+01,1.634114774305251316e+00
2.646470420120034461e+01,2.097182476741902946e+00
2.648470991711917932e+01,2.232529802337608338e+00
2.650471563303801048e+01,2.808476860037402378e+00
2.652472134895684519e+01,2.655289343559723569e+00
2.654472706487567990e+01,2.289724577688669882e+00
2.656473278079451461e+01,2.900457986788651077e+00
2.658473849671334932e+01,2.545666237890192640e+00
2.660474421263218048e+01,2.933016128145794710e+00
2.662474992855101519e+01,2.486959063287838223e+00
2.664475564446984990e+01,2.119904706487619528e+00
2.666476136038868461e+01,2.944208441214614336e+00
2.668476707630751577e+01,2.557145517321126604e+00
2.670477279222635048e+01,3.045301829688281892e+00
2.672477850814518519e+01,2.833575672490036723e+00
2.674478422406401990e+01,2.594909918615377009e+00
2.676478993998285461e+01,2.731752390045229184e+00
2.678479565590168576e+01,2.633946596467339418e+00
2.680480137182052047e+01,3.031919024467056190e+00
2.682480708773935518e+01,2.774007424981811187e+00
2.684481280365818989e+01,2.977849225704059855e+00
2.686481851957702460e+01,2.996684604097948235e+00
2.688482423549585576e+01,2.873756856669727355e+00
2.690482995141469047e+01,2.336588743974662208e+00
2.692483566733352518e+01,3.020740203800702517e+00
2.694484138325235989e+01,2.958631486487055096e+00
2.696484709917119105e+01,3.598705053210750293e+00
2.698485281509002576e+01,3.710147021974206094e+00
2.700485853100886047e+01,3.431338278652103835e+00
2.702486424692769518e+01,3.968248566905255625e+00
2.704486996284652989e+01,3.358939105545786674e+00
2.706487567876536104e+01,3.509032645242096571e+00
2.708488139468419575e+01,4.196827854990271334e+00
2.710488711060303046e+01,4.566511928299106238e+00
2.712489282652186517e+01,4.345248974890630222e+00
2.714489854244069988e+01,5.385608851991408486e+00
2.716490425835953104e+01,5.274304930840633787e+00
2.718490997427836575e+01,4.734784595636704729e+00
2.720491569019720046e+01,5.860124177655951172e+00
2.722492140611603517e+01,5.450411157656429140e+00
2.724492712203486633e+01,6.431061907003321920e+00
2.726493283795370104e+01,6.598428271272729795e+00
2.728493855387253575e+01,6.495078168532232077e+00
2.730494426979137046e+01,6.577458036887811943e+00
2.732494998571020517e+01,7.047957034431326484e+00
2.734495570162903633e+01,7.257583765130969589e+00
2.736496141754787104e+01,7.853113574973647815e+00
2.738496713346670575e+01,8.636721053513328528e+00
2.740497284938554046e+01,8.787754441798174554e+00
2.742497856530437517e+01,1.051891353127825468e+01
2.744498428122320632e+01,1.043334540889887307e+01
2.746498999714204103e+01,1.054363008746432051e+01
2.748499571306087574e+01,1.101634335262455267e+01
2.750500142897971045e+01,1.191971342630694330e+01
2.752500714489854516e+01,1.296462849412813156e+01
2.754501286081737632e+01,1.313555008049256934e+01
2.756501857673621103e+01,1.333930404542110892e+01
2.758502429265504574e+01,1.412117631062810474e+01
2.760503000857388045e+01,1.544107247007639572e+01
2.762503572449271161e+01,1.668094795526634044e+01
2.764504144041154632e+01,1.702960487978767290e+01
2.766504715633038103e+01,1.761853585620366758e+01
2.768505287224921574e+01,1.818147266626414194e+01
2.770505858816805045e+01,1.904775896490841092e+01
2.772506430408688161e+01,1.969475195264251610e+01
2.774507002000571632e+01,1.996542431268262874e+01
2.776507573592455103e+01,2.147157497706638196e+01
2.778508145184338574e+01,2.115526657663068022e+01
2.780508716776222045e+01,2.199690010693571907e+01
2.782509288368105160e+01,2.119081528699653916e+01
2.784509859959988631e+01,2.211684184382033891e+01
2.786510431551872102e+01,2.198114182712536291e+01
2.788511003143755573e+01,2.234321380400288248e+01
2.790511574735638689e+01,2.235374174406539538e+01
2.792512146327522160e+01,2.177615523405910380e+01
2.794512717919405631e+01,2.052881775801049713e+01
2.796513289511289102e+01,2.035074355624123754e+01
2.798513861103172573e+01,2.002109993101617746e+01
2.800514432695055689e+01,1.983065216649093898e+01
2.802515004286939160e+01,1.990012597886177304e+01
2.804515575878822631e+01,1.810272116102061801e+01
2.806516147470706102e+01,1.799493753250497363e+01
2.808516719062589573e+01,1.714641276783265056e+01
2.810517290654472689e+01,1.693337338629780930e+01
2.812517862246356160e+01,1.474882196895823228e+01
2.814518433838239631e+01,1.515304065893693775e+01
2.816519005430123102e+01,1.407525763868447655e+01
2.818519577022006217e+01,1.372290930077877746e+01
2.820520148613889688e+01,1.279114359872939310e+01
2.822520720205773159e+01,1.179137111289837492e+01
2.824521291797656630e+01,1.166577409123695475e+01
2.826521863389540101e+01,1.132022459302926265e+01
2.828522434981423217e+01,9.830319138502304099e+00
2.830523006573306688e+01,9.988089424079152678e+00
2.832523578165190159e+01,9.641360441435217865e+00
2.834524149757073630e+01,8.544010447872645742e+00
2.836524721348957101e+01,8.136938187734259031e+00
2.838525292940840217e+01,8.219070682084190338e+00
2.840525864532723688e+01,6.564485404066214613e+00
2.842526436124607159e+01,7.086520739507311539e+00
2.844527007716490630e+01,6.672793840486031414e+00
2.846527579308374101e+01,5.364646607009100343e+00
2.848528150900257216e+01,4.773835360764668856e+00
2.850528722492140687e+01,4.160505446882623914e+00
2.852529294084024158e+01,5.006687699259388502e+00
2.854529865675907629e+01,4.447496164675078134e+00
2.856530437267790745e+01,4.603802242348447926e+00
2.858531008859674216e+01,3.624271753175974276e+00
2.860531580451557687e+01,3.703055301813129141e+00
2.862532152043441158e+01,4.738827794607414212e+00
2.864532723635324629e+01,4.089353330637620410e+00
2.866533295227207745e+01,4.017163241365230952e+00
2.868533866819091216e+01,3.812357667106628600e+00
2.870534438410974687e+01,4.708648438044386708e+00
2.872535010002858158e+01,4.275798253106809277e+00
2.874535581594741629e+01,3.719523543206514571e+00
2.876536153186624745e+01,4.864544950326720851e+00
2.878536724778508216e+01,5.257910568146102470e+00
2.880537296370391687e+01,5.019221286045755903e+00
2.882537867962275158e+01,5.297896634618972200e+00
2.884538439554158273e+01,5.572881219801421260e+00
2.886539011146041744e+01,5.410057942062584502e+00
2.888539582737925215e+01,5.999694174248143774e+00
2.890540154329808686e+01,6.702035896695333506e+00
2.892540725921692157e+01,6.932657656213662811e+00
2.894541297513575273e+01,8.057482309346518434e+00
2.896541869105458744e+01,8.519220158770407281e+00
2.898542440697342215e+01,9.486281866904262117e+00
2.900543012289225686e+01,9.099955222650674358e+00
2.902543583881109157e+01,9.717443620696244011e+00
2.904544155472992273e+01,1.109793394401029332e+01
2.906544727064875744e+01,1.221013776629163772e+01
2.908545298656759215e+01,1.214713494808835215e+01
2.910545870248642686e+01,1.359014146310740045e+01
2.912546441840525802e+01,1.376274800474551796e+01
2.914547013432409273e+01,1.478044690851799103e+01
2.916547585024292744e+01,1.525165714452406363e+01
2.918548156616176215e+01,1.664722554749040739e+01
2.920548728208059686e+01,1.757170154240445470e+01
2.922549299799942801e+01,1.913853405190441492e+01
2.924549871391826272e+01,1.981850323508467326e+01
2.926550442983709743e+01,2.134361157780563190e+01
2.928551014575593214e+01,2.244231871912970533e+01
2.930551586167476685e+01,2.430409782395110341e+01
2.932552157759359801e+01,2.503562793801854980e+01
2.934552729351243272e+01,2.635697204775031111e+01
2.936553300943126743e+01,2.841161094645865148e+01
2.938553872535010214e+01,2.921954724413302529e+01
2.940554444126893330e+01,3.063790490073774109e+01
2.942555015718776801e+01,3.227682581677804308e+01
2.944555587310660272e+01,3.291233672321925496e+01
2.946556158902543743e+01,3.507887267960087030e+01
2.948556730494427214e+01,3.504515314941191662e+01
2.950557302086310330e+01,3.560855481462063210e+01
2.952557873678193801e+01,3.611910728887619371e+01
2.954558445270077272e+01,3.707555399675501917e+01
2.956559016861960743e+01,3.617358428395161241e+01
2.958559588453844214e+01,3.681151748766318121e+01
2.960560160045727329e+01,3.568748615345701580e+01
2.962560731637610800e+01,3.528300629825430690e+01
2.964561303229494271e+01,3.443356790141035617e+01
2.966561874821377742e+01,3.359902715208981760e+01
2.968562446413261213e+01,3.143504034250149459e+01
2.970563018005144329e+01,3.065061613088811399e+01
2.972563589597027800e+01,2.928566594674590107e+01
2.974564161188911271e+01,2.784938193078308544e+01
2.976564732780794742e+01,2.546576902277816146e+01
2.978565304372677858e+01,2.495696280915595722e+01
2.980565875964561329e+01,2.410830063121439792e+01
2.982566447556444800e+01,2.376857660598024680e+01
2.984567019148328271e+01,2.301959375303038513e+01
2.986567590740211742e+01,2.225221161948129378e+01
2.988568162332094857e+01,2.263357572385789496e+01
2.990568733923978328e+01,2.253511576234840064e+01
2.992569305515861799e+01,2.313722203012714118e+01
2.994569877107745270e+01,2.314255616182229858e+01
2.996570448699628741e+01,2.378688663327607600e+01
2.998571020291511857e+01,2.470583569808112046e+01
3.000571591883395328e+01,2.605010123489746121e+01
3.002572163475278799e+01,2.681895875104649463e+01
3.004572735067162270e+01,2.802782695652724598e+01
3.006573306659045386e+01,2.933265254056203020e+01
3.008573878250928857e+01,3.110260176834082557e+01
3.010574449842812328e+01,3.313858271635137953e+01
3.012575021434695799e+01,3.418745804064175786e+01
3.014575593026579270e+01,3.687664633025596572e+01
3.016576164618462386e+01,3.852389212080900904e+01
3.018576736210345857e+01,4.160337900752426776e+01
3.020577307802229328e+01,4.350991545418195017e+01
3.022577879394112799e+01,4.595959728211394690e+01
3.024578450985996270e+01,4.732128378910748268e+01
3.026579022577879385e+01,4.884643789489348364e+01
3.028579594169762856e+01,5.117255771758652116e+01
3.030580165761646327e+01,5.186844144922793021e+01
3.032580737353529798e+01,5.298317387102241582e+01
3.034581308945412914e+01,5.441555953753415054e+01
3.036581880537296385e+01,5.399999046592370888e+01
3.038582452129179856e+01,5.453790278754136978e+01
3.040583023721063327e+01,5.361980599913114531e+01
3.042583595312946798e+01,5.242998005904362202e+01
3.044584166904829914e+01,5.130975477432802023e+01
3.046584738496713385e+01,4.892697853956006782e+01
3.048585310088596856e+01,4.724849228757833686e+01
3.050585881680480327e+01,4.407244071877105540e+01
3.052586453272363798e+01,4.103863282444592642e+01
3.054587024864246914e+01,3.728733232708622580e+01
3.056587596456130385e+01,3.480632331269347901e+01
3.058588168048013856e+01,3.083202828610743751e+01
3.060588739639897327e+01,2.755247649858502257e+01
3.062589311231780798e+01,2.491071433904027543e+01
3.064589882823663913e+01,2.221801441095206542e+01
3.066590454415547384e+01,2.011122540441574458e+01
3.068591026007430855e+01,1.643698025883535152e+01
3.070591597599314326e+01,1.422343039562329636e+01
3.072592169191197442e+01,1.248093141554577912e+01
3.074592740783080913e+01,1.171570696336121031e+01
3.076593312374964384e+01,9.733736492558159981e+00
3.078593883966847855e+01,9.196601136044858293e+00
3.080594455558731326e+01,8.689355892699690997e+00
3.082595027150614442e+01,7.894648124182584326e+00
3.084595598742497913e+01,7.767522610379367975e+00
3.086596170334381384e+01,7.855214215828336677e+00
3.088596741926264855e+01,7.571411589874097459e+00
3.090597313518148326e+01,7.198184393371823475e+00
3.092597885110031442e+01,7.342513545039671463e+00
3.094598456701914913e+01,7.936439316571755498e+00
3.096599028293798384e+01,8.559022967985459474e+00
3.098599599885681855e+01,8.111724454973366250e+00
3.100600171477564970e+01,8.763715244733791820e+00
3.102600743069448441e+01,9.816539051476389943e+00
3.104601314661331912e+01,9.390949910988670268e+00
3.106601886253215383e+01,1.065489658984906640e+01
3.108602457845098854e+01,1.064124054448691403e+01
3.110603029436981970e+01,1.139052466382916506e+01
3.112603601028865441e+01,1.179600002082693067e+01
3.114604172620748912e+01,1.383536516411042072e+01
3.116604744212632383e+01,1.349115484475143312e+01
3.118605315804515854e+01,1.440169711796830931e+01
3.120605887396398970e+01,1.518226578193456788e+01
3.122606458988282441e+01,1.658062899210333185e+01
3.124607030580165912e+01,1.827909049230758853e+01
3.126607602172049383e+01,1.819354062949333084e+01
3.128608173763932498e+01,1.843890278736731858e+01
3.130608745355815969e+01,2.020978036177208992e+01
3.132609316947699440e+01,2.106007821651030198e+01
3.134609888539582911e+01,2.173998621219286065e+01
3.136610460131466382e+01,2.305218648984450525e+01
3.138611031723349498e+01,2.441246872183994654e+01
3.140611603315232969e+01,2.453278468497982345e+01
3.142612174907116440e+01,2.491376445193881750e+01
3.144612746498999911e+01,2.486072834508383522e+01
3.146613318090883382e+01,2.512012240826808807e+01
3.148613889682766498e+01,2.510408318888606161e+01
3.150614461274649969e+01,2.582724860549703649e+01
3.152615032866533440e+01,2.425446167428595245e+01
3.154615604458416911e+01,2.381573634838468223e+01
3.156616176050300382e+01,2.344385110914382153e+01
3.158616747642183498e+01,2.298886773398230332e+01
3.160617319234066969e+01,2.122085826705902889e+01
3.162617890825950440e+01,1.981936355488821633e+01
3.164618462417833911e+01,1.870478311679464056e+01
3.166619034009717026e+01,1.711407523865030100e+01
3.168619605601600497e+01,1.577493673450558731e+01
3.170620177193483968e+01,1.497900922900418408e+01
3.172620748785367439e+01,1.421487553853777897e+01
3.174621320377250910e+01,1.274179672625928816e+01
3.176621891969134026e+01,1.112663298602821804e+01
3.178622463561017497e+01,9.685113115490279867e+00
3.180623035152900968e+01,8.536188524550503587e+00
3.182623606744784439e+01,8.102337488774297825e+00
3.184624178336667910e+01,6.576062927782354350e+00
3.186624749928551026e+01,5.770861459765794343e+00
3.188625321520434497e+01,5.131234753602594623e+00
3.190625893112317968e+01,4.325416144312171696e+00
3.192626464704201439e+01,4.688401021866475560e+00
3.194627036296084555e+01,4.061829796412821381e+00
3.196627607887968026e+01,3.711997959134480496e+00
3.198628179479851497e+01,4.259075315346339430e+00
3.200628751071734968e+01,3.273011715565387725e+00
3.202629322663618439e+01,3.339069792218160693e+00
3.204629894255501199e+01,2.346623196455387195e+00
3.206630465847385381e+01,3.236384448447972240e+00
3.208631037439268141e+01,2.324226597375400161e+00
3.210631609031152323e+01,2.922036109597180520e+00
3.212632180623035083e+01,2.249295018726596762e+00
3.214632752214918554e+01,2.556245936908676963e+00
3.216633323806802025e+01,2.384411540745323688e+00
3.218633895398685496e+01,2.286451963351429306e+00
3.220634466990568967e+01,2.428983370019237142e+00
3.222635038582451728e+01,2.435374795831450001e+00
3.224635610174335909e+01,2.533584568331538556e+00
3.226636181766218670e+01,1.899134814802395432e+00
3.228636753358102851e+01,1.630532838034653764e+00
3.230637324949985612e+01,2.582071682822364878e+00
3.232637896541869083e+01,2.321649094353047893e+00
3.234638468133752554e+01,2.365430826197541414e+00
3.236639039725636025e+01,1.722469868882500199e+00
3.238639611317519496e+01,2.023321381035461553e+00
3.240640182909402967e+01,1.602337160864057974e+00
3.242640754501286438e+01,1.914405689556990309e+00
3.244641326093169198e+01,2.839709118552124600e+00
3.246641897685053380e+01,2.423560505661060738e+00
3.248642469276936140e+01,2.183388444248613780e+00
3.250643040868819611e+01,1.206293225719626161e+00
3.252643612460703082e+01,1.686287959156310912e+00
3.254644184052586553e+01,1.422974947317425798e+00
3.256644755644470024e+01,1.492859169582990031e+00
3.258645327236353495e+01,1.617219838406735777e+00
3.260645898828236966e+01,1.903892813492098934e+00
3.262646470420119726e+01,2.209709930781888598e+00
3.264647042012003908e+01,1.767796566057362018e+00
3.266647613603886668e+01,1.819858008412313044e+00
3.268648185195770850e+01,1.623118166042989863e+00
3.270648756787653610e+01,1.963504469792640483e+00
3.272649328379537081e+01,1.664466081406179354e+00
3.274649899971420552e+01,2.288583999531453195e+00
3.276650471563304023e+01,1.058640062400677095e+00
3.278651043155187494e+01,1.821426254168502012e+00
3.280651614747070255e+01,1.484941356363006282e+00
3.282652186338954436e+01,1.853647962240461577e+00
3.284652757930837197e+01,1.091475945839339268e+00
3.286653329522721378e+01,2.142853870158536012e+00
3.288653901114604139e+01,1.887543289292063831e+00
3.290654472706487610e+01,1.714821528376536675e+00
3.292655044298371081e+01,2.474761594548922972e+00
3.294655615890254552e+01,1.697861871855074423e+00
3.296656187482138023e+01,1.398906704343882534e+00
3.298656759074020783e+01,2.408499381683788965e+00
3.300657330665904965e+01,1.501503654700848234e+00
3.302657902257787725e+01,1.240094059958350536e+00
3.304658473849671907e+01,1.546857334246072080e+00
3.306659045441554667e+01,2.123071567911186008e+00
3.308659617033438138e+01,1.324226159796070945e+00
3.310660188625321609e+01,2.736645088094371570e+00
3.312660760217205080e+01,2.262795593607600075e+00
3.314661331809088551e+01,1.939348497377685554e+00
3.316661903400971312e+01,2.192138418520226839e+00
3.318662474992855493e+01,1.935577279455003019e+00
3.320663046584738254e+01,2.680500813865286158e+00
3.322663618176622435e+01,2.308748888472490712e+00
3.324664189768505196e+01,2.162681418630610697e+00
3.326664761360388667e+01,1.295309785516454149e+00
3.328665332952272138e+01,2.523097169168669218e+00
3.330665904544155609e+01,1.079221641945173893e+00
3.332666476136039080e+01,2.470202335642961433e+00
3.334667047727922551e+01,1.404424421168075199e+00
3.336667619319806022e+01,1.839089527675649371e+00
3.338668190911688782e+01,1.112369064693237819e+00
3.340668762503572964e+01,2.000557403155394098e+00
3.342669334095455724e+01,1.617004025552415181e+00
3.344669905687339195e+01,2.284611696663321201e+00
3.346670477279222666e+01,2.488216327035074116e+00
3.348671048871106137e+01,2.353610549424431930e+00
3.350671620462989608e+01,1.606178923854111540e+00
3.352672192054873079e+01,2.347194069583831144e+00
3.354672763646756550e+01,2.688274825559591186e+00
3.356673335238639311e+01,2.298192821044990009e+00
3.358673906830523492e+01,2.562457433940642737e+00
3.360674478422406253e+01,1.896316909666747375e+00
3.362675050014290434e+01,1.625611068016947547e+00
3.364675621606173195e+01,1.800967261220908666e+00
3.366676193198056666e+01,2.014471107201909916e+00
3.368676764789940137e+01,2.067023650215925823e+00
3.370677336381823608e+01,2.284336092390607753e+00
3.372677907973707079e+01,1.365884905952861494e+00
3.374678479565589839e+01,2.455698714883830291e+00
3.376679051157474021e+01,1.905801406468483838e+00
3.378679622749356781e+01,1.845367434359619363e+00
3.380680194341240963e+01,1.663325958641766800e+00
3.382680765933123723e+01,1.638184029338917824e+00
3.384681337525007194e+01,1.786365524079684297e+00
3.386681909116890665e+01,2.367440934968041866e+00
3.388682480708774136e+01,2.505590877825563112e+00
3.390683052300657607e+01,2.249975788587088132e+00
3.392683623892540368e+01,2.555969429672770410e+00
3.394684195484424549e+01,2.497119344865872392e+00
3.396684767076307310e+01,2.057454713061887652e+00
3.398685338668191491e+01,2.560861604269713432e+00
3.400685910260074252e+01,1.550287087311158940e+00
3.402686481851957723e+01,2.511696520876735228e+00
3.404687053443841194e+01,2.038866479194075598e+00
3.406687625035724665e+01,2.179258165056095375e+00
3.408688196627608136e+01,1.720105780533566442e+00
3.410688768219490896e+01,2.111309982467297175e+00
3.412689339811375078e+01,2.277021716489213699e+00
3.414689911403257838e+01,1.986904286870514236e+00
3.416690482995142020e+01,1.895103733734735618e+00
3.418691054587024780e+01,1.509598553926457143e+00
3.420691626178908251e+01,1.902903339381885495e+00
3.422692197770791722e+01,2.155943612584344748e+00
3.424692769362675193e+01,2.420757489602769930e+00
3.426693340954558664e+01,2.637622555915210221e+00
3.428693912546442135e+01,1.567354776282610329e+00
3.430694484138325606e+01,2.318744805655292396e+00
3.432695055730208367e+01,1.419052476804769869e+00
3.434695627322092548e+01,1.851830007976377424e+00
3.436696198913975309e+01,1.611769146742322301e+00
3.438696770505858780e+01,2.089111385835555446e+00
3.440697342097742251e+01,2.812550493528545026e+00
3.442697913689625722e+01,1.775748293145478662e+00
3.444698485281509193e+01,2.283572828831484713e+00
3.446699056873392664e+01,2.930336586338338378e+00
3.448699628465276135e+01,1.983794889902632086e+00
3.450700200057158895e+01,1.963729549952673459e+00
3.452700771649043077e+01,2.971406306229370298e+00
3.454701343240925837e+01,3.266636128049750454e+00
3.456701914832810019e+01,1.888448315325502058e+00
3.458702486424692779e+01,2.586124447785261182e+00
3.460703058016576250e+01,2.600622534304960265e+00
3.462703629608459721e+01,2.957529756332688997e+00
3.464704201200343192e+01,2.901484222588324169e+00
3.466704772792226663e+01,2.830726778142052424e+00
3.468705344384109424e+01,2.744194944344848341e+00
3.470705915975993605e+01,3.047985830925380224e+00
3.472706487567876366e+01,3.828032164552955585e+00
3.474707059159760547e+01,3.266508846190025128e+00
3.476707630751643308e+01,3.433883518282043301e+00
3.478708202343526779e+01,3.837798902419386593e+00
3.480708773935410250e+01,4.442132676512819955e+00
3.482709345527293721e+01,4.624389195124817498e+00
3.484709917119177192e+01,5.168998722305432558e+00
3.486710488711059952e+01,5.415814488274624416e+00
3.488711060302944134e+01,5.444112097126498462e+00
3.490711631894826894e+01,7.184224638223236425e+00
3.492712203486711076e+01,7.209112336577896407e+00
3.494712775078593836e+01,8.323778445249995883e+00
3.496713346670477307e+01,8.999338860000019480e+00
3.498713918262360778e+01,9.521096162310461963e+00
3.500714489854244249e+01,1.076651666103346017e+01
3.502715061446127720e+01,1.141916464972199741e+01
3.504715633038010481e+01,1.319978209289642734e+01
3.506716204629894662e+01,1.469404813169318658e+01
3.508716776221777423e+01,1.698823524108050975e+01
3.510717347813661604e+01,1.880378645867333276e+01
3.512717919405544365e+01,1.995174704528104925e+01
3.514718490997427836e+01,2.305970239514599029e+01
3.516719062589311307e+01,2.432859858461675984e+01
3.518719634181194778e+01,2.661889824935961002e+01
3.520720205773078249e+01,2.896409668969312179e+01
3.522720777364961720e+01,3.265632267362515506e+01
3.524721348956845191e+01,3.514715139980350500e+01
3.526721920548727951e+01,3.945750169185157574e+01
3.528722492140612133e+01,4.287442839535010108e+01
3.530723063732494893e+01,4.618346696122235784e+01
3.532723635324378364e+01,5.031223135299890714e+01
3.534724206916261835e+01,5.438050991726650096e+01
3.536724778508145306e+01,5.783375968807060730e+01
3.538725350100028777e+01,6.255723087952874550e+01
3.540725921691912248e+01,6.672949426710566456e+01
3.542726493283795719e+01,7.051047355203907330e+01
3.544727064875678479e+01,7.511926301894013136e+01
3.546727636467562661e+01,7.905970878860532025e+01
3.548728208059445421e+01,8.361632546882503902e+01
3.550728779651329603e+01,8.702795664656758845e+01
3.552729351243212363e+01,8.969626148796579912e+01
3.554729922835095834e+01,9.189707358930300529e+01
3.556730494426979305e+01,9.427919953274269460e+01
3.558731066018862776e+01,9.468106613854584452e+01
3.560731637610746247e+01,9.532327261896384130e+01
3.562732209202629008e+01,9.460904540290935927e+01
3.564732780794513189e+01,9.376499835169472874e+01
3.566733352386395950e+01,9.104516488420566134e+01
3.568733923978280131e+01,8.749814206258344029e+01
3.570734495570162892e+01,8.464104860458955670e+01
3.572735067162046363e+01,8.006462106934681344e+01
3.574735638753929834e+01,7.552808658692238453e+01
3.576736210345813305e+01,6.949829159215751417e+01
3.578736781937696776e+01,6.451488734802215674e+01
3.580737353529579536e+01,5.868428676584990455e+01
3.582737925121463718e+01,5.364925166286919733e+01
3.584738496713346478e+01,4.746628209089203665e+01
3.586739068305230660e+01,4.281442409586135511e+01
3.588739639897113420e+01,3.786283753203831992e+01
3.590740211488996891e+01,3.312762846745705758e+01
3.592740783080880362e+01,2.855964386755936957e+01
3.594741354672763833e+01,2.435738700838318849e+01
3.596741926264647304e+01,2.185367026260264112e+01
3.598742497856530065e+01,1.875275257252676653e+01
3.600743069448414246e+01,1.553223242834736517e+01
3.602743641040297007e+01,1.343455942404354353e+01
3.604744212632181188e+01,1.136080139237706632e+01
3.606744784224063949e+01,1.035698056446051574e+01
3.608745355815947420e+01,9.390102573687670429e+00
3.610745927407830891e+01,9.345286250255949057e+00
3.612746498999714362e+01,7.374811507939246447e+00
3.614747070591597833e+01,7.727584789761998252e+00
3.616747642183481304e+01,6.770226574632037142e+00
3.618748213775364775e+01,6.275722010504585668e+00
3.620748785367247535e+01,7.238716616103525681e+00
3.622749356959131717e+01,6.978092537448233657e+00
3.624749928551014477e+01,6.937303505405366444e+00
3.626750500142897948e+01,6.784670334839125516e+00
3.628751071734781419e+01,5.910541099668530585e+00
3.630751643326664890e+01,5.830037356114875280e+00
3.632752214918548361e+01,6.175190144695655192e+00
3.634752786510431832e+01,5.994461499076233935e+00
3.636753358102315303e+01,6.048180865528885342e+00
3.638753929694198064e+01,5.458570908932391497e+00
3.640754501286082245e+01,5.968205468878670317e+00
3.642755072877965006e+01,6.295492618876236790e+00
3.644755644469849187e+01,5.551112025904771485e+00
3.646756216061731948e+01,5.395490910421997910e+00
3.648756787653615419e+01,4.736159041923290403e+00
3.650757359245498890e+01,5.025059093561607959e+00
3.652757930837382361e+01,5.499862696848083488e+00
3.654758502429265832e+01,5.065699441202245801e+00
3.656759074021148592e+01,4.161929643516054433e+00
3.658759645613032774e+01,5.189420581563686241e+00
3.660760217204915534e+01,5.101888301657652391e+00
3.662760788796799716e+01,3.849489033651452452e+00
3.664761360388682476e+01,3.417501146334796847e+00
3.666761931980565947e+01,3.809288893399309650e+00
3.668762503572449418e+01,3.976003335374249659e+00
3.670763075164332889e+01,3.778377078330037442e+00
3.672763646756216360e+01,2.766207383149589472e+00
3.674764218348099121e+01,3.695573885821215931e+00
3.676764789939983302e+01,3.359334960250039082e+00
3.678765361531866063e+01,3.106221902533361057e+00
3.680765933123750244e+01,2.293828249735662794e+00
3.682766504715633005e+01,2.920799264935193040e+00
3.684767076307516476e+01,1.964715775612740689e+00
3.686767647899399947e+01,2.133799759240994742e+00
3.688768219491283418e+01,2.175644269368060435e+00
3.690768791083166889e+01,2.450571100014022008e+00
3.692769362675049649e+01,1.315462989884797596e+00
3.694769934266933831e+01,2.508625139099779133e+00
3.696770505858816591e+01,2.265502680604675412e+00
3.698771077450700773e+01,1.542775198903588052e+00
3.700771649042583533e+01,2.043964924754517298e+00
3.702772220634467004e+01,1.714816120829627977e+00
3.704772792226350475e+01,1.819421292530942313e+00
3.706773363818233946e+01,1.766548619076889537e+00
3.708773935410117417e+01,1.965262268713831695e+00
3.710774507002000888e+01,1.978778137309580298e+00
3.712775078593884359e+01,2.202314465402778865e+00
3.714775650185767120e+01,2.202805592299208470e+00
3.716776221777651301e+01,2.280721796503976329e+00
3.718776793369534062e+01,1.907414451967188285e+00
3.720777364961417533e+01,1.972562301534918960e+00
3.722777936553301004e+01,2.230736716568231692e+00
3.724778508145184475e+01,1.687189534133900715e+00
3.726779079737067946e+01,2.517125638890817640e+00
3.728779651328951417e+01,1.603008101228102111e+00
3.730780222920834888e+01,2.139492926396276307e+00
3.732780794512717648e+01,1.430601738326034988e+00
3.734781366104601830e+01,1.902607370623926375e+00
3.736781937696484590e+01,1.301066621947643220e+00
3.738782509288368772e+01,1.485379654783050452e+00
3.740783080880251532e+01,1.817592823299085003e+00
3.742783652472135003e+01,1.810063013564683132e+00
3.744784224064018474e+01,1.778501087616980225e+00
3.746784795655901945e+01,2.401605351579095160e+00
3.748785367247785416e+01,1.434110300668810956e+00
3.750785938839668177e+01,1.300619136409351118e+00
3.752786510431552358e+01,1.931576661850274323e+00
3.754787082023435119e+01,2.202070173329187863e+00
3.756787653615319300e+01,2.193790112304698781e+00
3.758788225207202061e+01,1.821596485241249397e+00
3.760788796799085532e+01,1.469991092465066096e+00
3.762789368390969003e+01,2.318885406706571839e+00
3.764789939982852474e+01,1.665858201140526962e+00
3.766790511574735945e+01,2.588720828781136074e+00
3.768791083166618705e+01,2.565090823524316832e+00
3.770791654758502887e+01,1.748365683629358180e+00
3.772792226350385647e+01,2.646772451148066807e+00
3.774792797942269829e+01,1.982909207815567676e+00
3.776793369534152589e+01,3.129148269038702246e+00
3.778793941126036060e+01,3.290486749378466413e+00
3.780794512717919531e+01,3.584970342948829103e+00
3.782795084309803002e+01,3.148420085057795248e+00
3.784795655901686473e+01,3.301364817727418632e+00
3.786796227493569234e+01,3.421476848706912044e+00
3.788796799085453415e+01,4.061972023586870151e+00
3.790797370677336176e+01,4.198952046881704980e+00
3.792797942269220357e+01,5.448932327492559402e+00
3.794798513861103118e+01,5.657927495234177151e+00
3.796799085452986589e+01,6.142127371728521190e+00
3.798799657044870060e+01,7.039360320211100586e+00
3.800800228636753531e+01,7.147389354253363081e+00
3.802800800228637002e+01,6.911743370069762804e+00
3.804801371820520473e+01,7.624776576779520809e+00
3.806801943412403944e+01,9.504893440683925832e+00
3.808802515004286704e+01,8.880873899794213600e+00
3.810803086596170886e+01,1.024773352455548547e+01
3.812803658188053646e+01,1.145630317966548972e+01
3.814804229779937117e+01,1.202717955218905033e+01
3.816804801371820588e+01,1.327775077250402802e+01
3.818805372963704059e+01,1.438602434174836375e+01
3.820805944555587530e+01,1.511462640022398674e+01
3.822806516147471001e+01,1.665340219108273345e+01
3.824807087739354472e+01,1.700096813536289631e+01
3.826807659331237232e+01,1.861549492353544011e+01
3.828808230923121414e+01,1.966258215165562717e+01
3.830808802515004174e+01,1.984887757736062497e+01
3.832809374106888356e+01,2.096903301937608433e+01
3.834809945698771116e+01,2.182317615945202149e+01
3.836810517290654587e+01,2.194274420435327499e+01
3.838811088882538058e+01,2.214134713929404796e+01
3.840811660474421529e+01,2.202365622194771788e+01
3.842812232066305000e+01,2.197922657258339996e+01
3.844812803658187761e+01,2.181583747572275911e+01
3.846813375250071942e+01,2.201147828005802154e+01
3.848813946841954703e+01,2.081402411711350453e+01
3.850814518433838884e+01,2.114534100409697359e+01
3.852815090025721645e+01,2.020006673054262691e+01
3.854815661617605116e+01,2.014358774021054188e+01
3.856816233209488587e+01,1.926838127625310193e+01
3.858816804801372058e+01,1.800498682434414022e+01
3.860817376393255529e+01,1.797350794733056034e+01
3.862817947985138289e+01,1.586152095396184336e+01
3.864818519577022471e+01,1.519096207676512122e+01
3.866819091168905231e+01,1.435819427694186956e+01
3.868819662760789413e+01,1.379591547906796301e+01
3.870820234352672173e+01,1.196774918798383602e+01
3.872820805944555644e+01,1.139937838506472367e+01
3.874821377536439115e+01,1.014477539511330306e+01
3.876821949128322586e+01,9.604226544991286474e+00
3.878822520720206057e+01,8.486672844067516763e+00
3.880823092312088818e+01,8.488514541311650063e+00
3.882823663903972999e+01,6.742566523294252434e+00
3.884824235495855760e+01,7.452286437276704589e+00
3.886824807087739941e+01,6.160281765054684833e+00
3.888825378679622702e+01,5.993550672261767964e+00
3.890825950271506173e+01,4.831401555525926206e+00
3.892826521863389644e+01,4.206254313973595949e+00
3.894827093455273115e+01,3.200559621823722001e+00
3.896827665047156586e+01,4.106816075623402895e+00
3.898828236639040057e+01,3.416243794418056812e+00
3.900828808230923528e+01,3.305579611858572076e+00
3.902829379822806288e+01,2.328651921965440241e+00
3.904829951414690470e+01,3.507978372197772199e+00
3.906830523006573230e+01,2.505821940501783196e+00
3.908831094598456701e+01,2.202804794176165260e+00
3.910831666190340172e+01,2.227262496665261438e+00
3.912832237782223643e+01,1.986574596034753393e+00
3.914832809374107114e+01,1.728477239282583788e+00
3.916833380965990585e+01,1.635348674660990209e+00
3.918833952557874056e+01,1.435789329562484840e+00
3.920834524149756817e+01,1.572341525173347909e+00
3.922835095741640998e+01,1.834694251359345607e+00
3.924835667333523759e+01,1.332291925995223281e+00
3.926836238925407940e+01,1.687022745428387704e+00
3.928836810517290701e+01,1.996222768887462307e+00
3.930837382109174172e+01,1.924610160878751142e+00
3.932837953701057643e+01,1.596101800390718584e+00
3.934838525292941114e+01,1.780458862330699166e+00
3.936839096884824585e+01,1.238206253075355701e+00
3.938839668476707345e+01,1.703952673471894830e+00
3.940840240068591527e+01,1.165629752498377636e+00
3.942840811660474287e+01,9.520200993293561620e-01
3.944841383252358469e+01,1.348499048980050574e+00
3.946841954844241229e+01,1.656025767547888439e+00
3.948842526436124700e+01,1.375641765621707702e+00
3.950843098028008171e+01,1.765016514035963269e+00
3.952843669619891642e+01,1.535053657999269072e+00
3.954844241211775113e+01,2.029166430118683806e+00
3.956844812803657874e+01,1.571778619427215196e+00
3.958845384395542055e+01,2.194281796205499901e+00
3.960845955987424816e+01,1.654421426978806231e+00
3.962846527579308997e+01,1.310449411351541471e+00
3.964847099171191758e+01,1.440030132397102758e+00
3.966847670763075229e+01,1.380230816354356849e+00
3.968848242354958700e+01,1.880143261032430013e+00
3.970848813946842171e+01,2.239675612008051431e+00
3.972849385538725642e+01,1.173148859445386716e+00
3.974849957130608402e+01,1.720982320781879071e+00
3.976850528722492584e+01,1.975494987045064210e+00
3.978851100314375344e+01,2.040709451303988509e+00
3.980851671906259526e+01,1.810468923429044086e+00
3.982852243498142286e+01,1.882451106332111879e+00
3.984852815090025757e+01,1.963275280078991880e+00
3.986853386681909228e+01,2.127672066711354226e+00
3.988853958273792699e+01,1.890500476793353313e+00
3.990854529865676170e+01,2.620717257142503698e+00
3.992855101457559641e+01,2.802452934948643559e+00
3.994855673049443112e+01,2.260936973194493937e+00
3.996856244641325873e+01,2.784292075693096002e+00
3.998856816233210054e+01,3.128391817912941519e+00
4.000857387825092815e+01,2.618675285421739218e+00
4.002857959416976286e+01,2.716344262890446615e+00
4.004858531008859757e+01,2.941702200266604006e+00
4.006859102600743228e+01,3.686609511366891745e+00
4.008859674192626699e+01,3.670281369603165533e+00
4.010860245784510170e+01,3.063399974295433648e+00
4.012860817376393641e+01,3.065410883625906191e+00
4.014861388968276401e+01,4.079023354549217828e+00
4.016861960560160583e+01,4.267397708767115105e+00
4.018862532152043343e+01,3.809084303069009358e+00
4.020863103743927525e+01,4.918325745273505412e+00
4.022863675335810285e+01,4.869665625761485650e+00
4.024864246927693756e+01,4.548973996991277247e+00
4.026864818519577227e+01,5.014427540160546926e+00
4.028865390111460698e+01,4.895769430577594505e+00
4.030865961703344169e+01,5.390785673015097146e+00
4.032866533295226930e+01,5.367792399719911067e+00
4.034867104887111111e+01,5.323386069810633003e+00
4.036867676478993872e+01,5.584209923629186889e+00
4.038868248070878053e+01,6.173418454432351155e+00
4.040868819662760814e+01,5.369277199651552479e+00
4.042869391254644285e+01,5.728855378690743017e+00
4.044869962846527756e+01,6.035795295508378011e+00
4.046870534438411227e+01,6.252619151207722936e+00
4.048871106030294698e+01,5.393085561688714336e+00
4.050871677622177458e+01,4.952980641227712866e+00
4.052872249214061640e+01,5.430412663557253161e+00
4.054872820805944400e+01,4.761603614981619437e+00
4.056873392397828582e+01,4.263329032550582376e+00
4.058873963989711342e+01,4.761592368071550396e+00
4.060874535581594813e+01,4.329925632077165076e+00
4.062875107173478284e+01,3.962370373674252821e+00
4.064875678765361755e+01,3.549992893140252459e+00
4.066876250357245226e+01,3.452679374450913219e+00
4.068876821949127986e+01,3.512605679968509698e+00
4.070877393541012168e+01,3.605087314690178957e+00
4.072877965132894929e+01,2.595951477841299315e+00
4.074878536724779110e+01,2.721064739660004062e+00
4.076879108316661871e+01,3.839883729382300270e+00
4.078879679908545342e+01,2.403058639319512135e+00
4.080880251500428813e+01,2.583650110952654622e+00
4.082880823092312284e+01,2.474648772342226799e+00
4.084881394684195755e+01,2.964209249242922617e+00
4.086881966276079226e+01,2.604466406276967128e+00
4.088882537867962697e+01,2.124291962146056534e+00
4.090883109459845457e+01,3.271403231666627498e+00
4.092883681051729639e+01,2.812900220645359717e+00
4.094884252643612399e+01,3.227826920041345193e+00
4.096884824235495870e+01,2.593185830201716335e+00
4.098885395827379341e+01,3.641414587662051616e+00
4.100885967419262812e+01,2.562711775023267080e+00
4.102886539011146283e+01,3.413392644129568332e+00
4.104887110603029754e+01,3.420482021984961207e+00
4.106887682194913225e+01,3.378292677727197990e+00
4.108888253786795985e+01,4.454492699387982313e+00
4.110888825378680167e+01,4.196777443816983144e+00
4.112889396970562927e+01,4.145258580362516376e+00
4.114889968562447109e+01,4.587948578259055665e+00
4.116890540154329869e+01,4.793583525017787395e+00
4.118891111746213340e+01,4.382003634815681892e+00
4.120891683338096811e+01,3.646042395645654466e+00
4.122892254929980282e+01,4.172934028524931449e+00
4.124892826521863753e+01,3.632014784989261891e+00
4.126893398113746514e+01,4.303867993917187107e+00
4.128893969705630695e+01,4.181330962912793936e+00
4.130894541297513456e+01,3.577219963120503721e+00
4.132895112889397637e+01,3.040078011372767897e+00
4.134895684481280398e+01,3.982524835897719662e+00
4.136896256073163869e+01,4.001781190051072912e+00
4.138896827665047340e+01,3.619866908109326431e+00
4.140897399256930811e+01,3.143738341368218947e+00
4.142897970848814282e+01,2.918790576310578366e+00
4.144898542440697042e+01,3.061933001926611553e+00
4.146899114032581224e+01,2.659948846981670112e+00
4.148899685624463984e+01,2.690983587507730146e+00
4.150900257216348166e+01,2.562556427139360160e+00
4.152900828808230926e+01,2.152181297103548996e+00
4.154901400400114397e+01,2.479483221997846432e+00
4.156901971991997868e+01,2.597062070938924716e+00
4.158902543583881339e+01,2.090686212594413895e+00
4.160903115175764810e+01,1.871806772371452432e+00
4.162903686767647571e+01,1.620947981299538654e+00
4.164904258359531752e+01,1.764239432008943176e+00
4.166904829951414513e+01,2.246139335790995339e+00
4.168905401543298694e+01,2.037573732723032549e+00
4.170905973135181455e+01,1.180631666361001253e+00
4.172906544727064926e+01,1.788265902987319134e+00
4.174907116318948397e+01,1.600194842426277742e+00
4.176907687910831868e+01,1.829937880901207237e+00
4.178908259502715339e+01,1.046497716027924962e+00
4.180908831094598810e+01,1.347865533295579343e+00
4.182909402686482281e+01,1.496744773009531349e+00
4.184909974278365041e+01,1.554330959594186323e+00
4.186910545870249223e+01,2.189394453029228416e+00
4.188911117462131983e+01,1.866984564882910869e+00
4.190911689054015454e+01,2.243190571967049962e+00
4.192912260645898925e+01,2.119897824721046931e+00
4.194912832237782396e+01,1.903260786012578976e+00
4.196913403829665867e+01,7.398870738677268966e-01
4.198913975421549338e+01,1.755471493311244968e+00
4.200914547013432809e+01,9.304138838193403149e-01
4.202915118605316280e+01,1.239148150376699009e+00
4.204915690197199041e+01,1.846019179682276912e+00
4.206916261789082512e+01,1.755645327968735625e+00
4.208916833380965983e+01,1.133059284284591017e+00
4.210917404972849454e+01,1.725827962521977010e+00
4.212917976564732925e+01,1.281429954568640950e+00
4.214918548156616396e+01,1.139423629259094906e+00
4.216919119748499867e+01,1.501279541858602684e+00
4.218919691340383338e+01,1.443174770181030908e+00
4.220920262932266809e+01,2.073953993575645249e+00
4.222920834524150280e+01,1.445956625002622342e+00
4.224921406116033040e+01,1.529550792331019871e+00
4.226921977707916511e+01,1.517923320914721597e+00
4.228922549299799982e+01,1.760537852711270279e+00
4.230923120891683453e+01,1.463497992759023703e+00
4.232923692483566924e+01,1.643061872234377940e+00
4.234924264075450395e+01,1.299239632317077842e+00
4.236924835667333866e+01,1.749391788412469673e+00
4.238925407259217337e+01,2.605304448646648563e+00
4.240925978851100808e+01,2.136394070923182120e+00
4.242926550442983569e+01,2.154465202234872478e+00
4.244927122034867040e+01,2.038914922653786377e+00
4.246927693626750511e+01,3.037950389270482887e+00
4.248928265218633982e+01,2.944849858650443686e+00
4.250928836810517453e+01,2.886897251892059479e+00
4.252929408402400924e+01,2.731532753472890374e+00
4.254929979994284395e+01,3.399906872194215168e+00
4.256930551586167866e+01,3.436057419810116365e+00
4.258931123178051337e+01,3.657410850749680087e+00
4.260931694769934097e+01,3.925520052961817719e+00
4.262932266361817568e+01,4.391374230511191357e+00
4.264932837953701039e+01,4.578526203926500671e+00
4.266933409545584510e+01,5.322539002837586963e+00
4.268933981137467981e+01,4.642531838324170046e+00
4.270934552729351452e+01,5.539021666941897237e+00
4.272935124321234923e+01,6.303749231913377216e+00
4.274935695913118394e+01,5.672207680325063173e+00
4.276936267505001865e+01,6.858934805964920223e+00
4.278936839096885336e+01,6.211216665511404500e+00
4.280937410688768097e+01,6.773912303619422204e+00
4.282937982280651568e+01,5.632462005880112699e+00
4.284938553872535039e+01,6.827631860722653379e+00
4.286939125464418510e+01,6.593941547894881516e+00
4.288939697056301981e+01,6.592253980061195229e+00
4.290940268648185452e+01,6.324244165614433477e+00
4.292940840240068923e+01,6.620282055867725113e+00
4.294941411831952394e+01,5.835663033907042774e+00
4.296941983423835865e+01,5.634915004370290248e+00
4.298942555015718625e+01,6.192892103498891743e+00
4.300943126607602096e+01,5.966775232355004732e+00
4.302943698199485567e+01,5.383597907503763658e+00
4.304944269791369038e+01,5.999154311160932451e+00
4.306944841383252509e+01,5.721739804513033434e+00
4.308945412975135980e+01,4.827637376190677010e+00
4.310945984567019451e+01,5.103489789882156735e+00
4.312946556158902922e+01,4.782400463402782798e+00
4.314947127750786393e+01,4.715714718607576295e+00
4.316947699342669864e+01,4.447770965292456857e+00
4.318948270934552625e+01,4.364741568606447686e+00
4.320948842526436096e+01,3.438073783879665335e+00
4.322949414118319567e+01,4.025985252073813747e+00
4.324949985710203038e+01,3.574478642637435755e+00
4.326950557302086509e+01,2.263146132220924756e+00
4.328951128893969980e+01,2.556597088877494706e+00
4.330951700485853451e+01,2.148117929712701546e+00
4.332952272077736922e+01,2.287192791442227424e+00
4.334952843669620393e+01,2.171173728867546338e+00
4.336953415261503153e+01,2.080036307918568639e+00
4.338953986853386624e+01,1.825044417929480911e+00
4.340954558445270095e+01,9.177945636266804375e-01
4.342955130037153566e+01,1.343231200618568488e+00
4.344955701629037037e+01,1.114159857573176815e+00
4.346956273220920508e+01,1.962541729211908947e+00
4.348956844812803979e+01,2.190399017167717677e+00
4.350957416404687450e+01,1.610313695779733045e+00
4.352957987996570921e+01,8.359469180687191248e-01
4.354958559588453681e+01,2.278346578339256467e+00
4.356959131180337153e+01,1.649177756488604096e+00
4.358959702772220624e+01,1.197864673957612869e+00
4.360960274364104095e+01,1.310225773980104202e+00
4.362960845955987566e+01,1.193148260091682289e+00
4.364961417547871037e+01,1.046097278589880997e+00
4.366961989139754508e+01,1.337066741833413452e+00
4.368962560731637979e+01,1.443929737390764689e+00
4.370963132323521450e+01,1.883617476356094222e+00
4.372963703915404921e+01,1.683751756351494322e+00
4.374964275507287681e+01,1.335790178623890156e+00
4.376964847099171152e+01,1.700274033462330303e+00
4.378965418691054623e+01,1.951552804268646080e+00
4.380965990282938094e+01,1.977744076619268210e+00
4.382966561874821565e+01,1.823877699659554263e+00
4.384967133466705036e+01,1.171785114058507826e+00
4.386967705058588507e+01,1.278572017376517156e+00
4.388968276650471978e+01,1.792301560682639128e+00
4.390968848242355449e+01,5.111570369069563524e-01
4.392969419834238209e+01,1.098690955069922648e+00
4.394969991426121680e+01,1.232178138293769543e+00
4.396970563018005151e+01,2.096409542127526837e+00
4.398971134609888622e+01,2.237829668554307538e+00
4.400971706201772093e+01,1.460397087751917899e+00
4.402972277793655564e+01,1.374500255868198684e+00
4.404972849385539035e+01,1.989443967078742936e+00
4.406973420977422506e+01,1.157061839061942932e+00
4.408973992569305977e+01,1.677401093349995209e+00
4.410974564161189448e+01,1.919039258515056856e+00
4.412975135753072209e+01,1.899630034596926809e+00
4.414975707344955680e+01,2.069527864472722634e+00
4.416976278936839151e+01,2.236189403658183750e+00
4.418976850528722622e+01,2.368199874297975072e+00
4.420977422120606093e+01,2.444848681051842831e+00
4.422977993712489564e+01,3.074123537232672732e+00
4.424978565304373035e+01,2.185116959055926955e+00
4.426979136896256506e+01,2.165065328476163842e+00
4.428979708488139977e+01,3.651715799666982676e+00
4.430980280080022737e+01,3.332201900856779808e+00
4.432980851671906208e+01,3.075258554211902418e+00
4.434981423263789679e+01,3.240651170820970428e+00
4.436981994855673150e+01,4.453743932438551489e+00
4.438982566447556621e+01,4.188775080405446438e+00
4.440983138039440092e+01,4.535589416102726368e+00
4.442983709631323563e+01,4.719534390034309190e+00
4.444984281223207034e+01,5.055990913979995227e+00
4.446984852815090505e+01,5.401872284672824875e+00
4.448985424406973266e+01,5.690068283531237725e+00
4.450985995998856737e+01,5.479316632503215878e+00
4.452986567590740208e+01,5.551813477151386067e+00
4.454987139182623679e+01,6.227537839763286343e+00
4.456987710774507150e+01,5.930431946319114189e+00
4.458988282366390621e+01,6.491964995236540581e+00
4.460988853958274092e+01,5.654979860090094235e+00
4.462989425550157563e+01,6.310631394585113796e+00
4.464989997142041034e+01,6.001563783729141122e+00
4.466990568733924505e+01,6.722143790443022127e+00
4.468991140325807265e+01,5.270028729906789167e+00
4.470991711917690736e+01,5.812491542933292621e+00
4.472992283509574207e+01,5.838783766108250006e+00
4.474992855101457678e+01,5.255620530297305137e+00
4.476993426693341149e+01,6.594442416010386943e+00
4.478993998285224620e+01,6.372589134807922662e+00
4.480994569877108091e+01,6.190303750953065176e+00
4.482995141468991562e+01,6.203769822013429192e+00
4.484995713060875033e+01,6.883427183799168958e+00
4.486996284652757794e+01,6.060392611023896592e+00
4.488996856244641265e+01,7.296944697996048390e+00
4.490997427836524736e+01,8.394588733733769459e+00
4.492997999428408207e+01,8.618385266371957343e+00
4.494998571020291678e+01,8.821487578433941934e+00
4.496999142612175149e+01,9.637122842492523489e+00
4.498999714204058620e+01,1.053096305881270034e+01
4.501000285795942091e+01,1.168372444145109235e+01
4.503000857387825562e+01,1.259702826219559135e+01
4.505001428979709033e+01,1.328838674173289469e+01
4.507002000571591793e+01,1.463070406822227554e+01
4.509002572163475264e+01,1.554156408467197892e+01
4.511003143755358735e+01,1.691855880378833277e+01
4.513003715347242206e+01,1.720258895886165007e+01
4.515004286939125677e+01,1.711937045314446237e+01
4.517004858531009148e+01,1.876863125831973633e+01
4.519005430122892619e+01,1.942274040353473197e+01
4.521006001714776090e+01,2.018169780555336246e+01
4.523006573306659561e+01,2.099607215011931771e+01
4.525007144898542322e+01,2.025739370741722922e+01
4.527007716490425793e+01,2.082599235804381976e+01
4.529008288082309264e+01,2.100911694117260708e+01
4.531008859674192735e+01,2.110625298215748202e+01
4.533009431266076206e+01,2.019454332341555869e+01
4.535010002857959677e+01,2.041665378982256485e+01
4.537010574449843148e+01,1.956304877219017158e+01
4.539011146041726619e+01,1.854620466781643273e+01
4.541011717633610090e+01,1.782160539751799178e+01
4.543012289225492850e+01,1.703060340783960669e+01
4.545012860817376321e+01,1.603241280773627153e+01
4.547013432409259792e+01,1.427248986489373550e+01
4.549014004001143263e+01,1.311097496200425816e+01
4.551014575593026734e+01,1.188876166201159634e+01
4.553015147184910205e+01,1.121489807568071129e+01
4.555015718776793676e+01,1.001584199921494189e+01
4.557016290368677147e+01,9.670008117542694848e+00
4.559016861960560618e+01,8.031081702042605741e+00
4.561017433552444089e+01,6.928546786617779674e+00
4.563018005144326850e+01,6.480853611121125013e+00
4.565018576736210321e+01,5.771885162660534085e+00
4.567019148328093792e+01,5.244800110875873500e+00
4.569019719919977263e+01,4.457641885444566299e+00
4.571020291511860734e+01,3.646932589945246939e+00
4.573020863103744205e+01,4.205001343625621502e+00
4.575021434695627676e+01,2.775132195651214051e+00
4.577022006287511147e+01,2.902531881249862611e+00
4.579022577879394618e+01,3.334763078892065025e+00
4.581023149471277378e+01,3.070368477822942754e+00
4.583023721063160849e+01,3.215341418218871539e+00
4.585024292655044320e+01,2.643883516431688285e+00
4.587024864246927791e+01,2.682694173477458754e+00
4.589025435838811262e+01,2.209172215658037786e+00
4.591026007430694733e+01,1.939742444876537242e+00
4.593026579022578204e+01,1.958278035503882908e+00
4.595027150614461675e+01,2.089180719913941164e+00
4.597027722206345146e+01,2.566731307945980589e+00
4.599028293798228617e+01,2.377703236260376940e+00
4.601028865390111378e+01,2.441440276400153930e+00
4.603029436981994849e+01,1.715752047720562778e+00
4.605030008573878320e+01,2.312360476950685584e+00
4.607030580165761791e+01,1.722273537511580077e+00
4.609031151757645262e+01,1.898581381164231585e+00
4.611031723349528733e+01,1.507197906464687875e+00
4.613032294941412204e+01,1.567826018044094827e+00
4.615032866533295675e+01,2.472169389576697185e+00
4.617033438125179146e+01,2.477147006594175416e+00
4.619034009717061906e+01,1.818489389842485648e+00
4.621034581308945377e+01,1.613384606218358996e+00
4.623035152900828848e+01,1.508105413873378930e+00
4.625035724492712319e+01,1.335681735940882131e+00
4.627036296084595790e+01,2.310976373183647681e+00
4.629036867676479261e+01,1.362288289460812596e+00
4.631037439268362732e+01,1.386138800979858754e+00
4.633038010860246203e+01,1.746472502287104600e+00
4.635038582452129674e+01,1.881604840526394762e+00
4.637039154044012434e+01,2.530558225405211026e+00
4.639039725635895905e+01,2.081832052843384240e+00
4.641040297227779376e+01,2.161266832226994339e+00
4.643040868819662847e+01,1.827324343261963691e+00
4.645041440411546319e+01,2.160192370556462294e+00
4.647042012003429790e+01,3.074312614678437861e+00
4.649042583595313261e+01,2.712374099941874839e+00
4.651043155187196732e+01,3.186264895837270128e+00
4.653043726779080203e+01,2.455339754979264377e+00
4.655044298370963674e+01,3.646798013463418364e+00
4.657044869962846434e+01,4.714179727985650104e+00
4.659045441554729905e+01,3.975110124412812418e+00
4.661046013146613376e+01,4.276794111379016883e+00
4.663046584738496847e+01,5.024140304143743130e+00
4.665047156330380318e+01,5.562606769092274916e+00
4.667047727922263789e+01,6.350680852487080585e+00
4.669048299514147260e+01,7.524267935653584871e+00
4.671048871106030731e+01,8.009543762285321833e+00
4.673049442697914202e+01,8.179680168943647800e+00
4.675050014289796962e+01,9.409042645570412589e+00
4.677050585881680433e+01,1.081284578294602028e+01
4.679051157473563904e+01,1.131366230885854129e+01
4.681051729065447375e+01,1.238462808054818964e+01
4.683052300657330846e+01,1.167930567473371006e+01
4.685052872249214317e+01,1.255656185167725880e+01
4.687053443841097788e+01,1.418060682456379595e+01
4.689054015432981259e+01,1.419392535494488428e+01
4.691054587024864730e+01,1.539664999156547864e+01
4.693055158616748201e+01,1.635191261347331704e+01
4.695055730208630962e+01,1.627237274387690746e+01
4.697056301800514433e+01,1.543385977701634282e+01
4.699056873392397904e+01,1.653562517391812747e+01
4.701057444984281375e+01,1.631018481092429084e+01
4.703058016576164846e+01,1.581015224227763127e+01
4.705058588168048317e+01,1.622785685599828298e+01
4.707059159759931788e+01,1.605211264260171333e+01
4.709059731351815259e+01,1.546772697457583057e+01
4.711060302943698730e+01,1.422525428977142425e+01
4.713060874535581490e+01,1.436200992576892332e+01
4.715061446127464961e+01,1.274441559761234544e+01
4.717062017719348432e+01,1.189707540060827995e+01
4.719062589311231903e+01,1.123641651710958556e+01
4.721063160903115374e+01,1.087437287640251427e+01
4.723063732494998845e+01,1.005830376355572042e+01
4.725064304086882316e+01,8.700301272290070997e+00
4.727064875678765787e+01,8.400162447122561105e+00
4.729065447270649258e+01,7.012718004376280234e+00
4.731066018862532019e+01,7.171288873356640003e+00
4.733066590454415490e+01,6.439034866527979517e+00
4.735067162046298961e+01,5.738235991298911820e+00
4.737067733638182432e+01,5.164685534019057833e+00
4.739068305230065903e+01,4.768705445779142238e+00
4.741068876821949374e+01,4.130569684205410041e+00
4.743069448413832845e+01,4.602594452473218745e+00
4.745070020005716316e+01,4.414176360081439654e+00
4.747070591597599787e+01,3.411265591730828550e+00
4.749071163189483258e+01,3.088841816173959032e+00
4.751071734781366018e+01,3.313851133324512421e+00
4.753072306373249489e+01,3.548023673699217007e+00
4.755072877965132960e+01,3.204174316065069306e+00
4.757073449557016431e+01,2.411771111246126864e+00
4.759074021148899902e+01,3.047148433198520578e+00
4.761074592740783373e+01,2.687630197539832011e+00
4.763075164332666844e+01,3.012628336127907591e+00
4.765075735924550315e+01,2.335132561054619860e+00
4.767076307516433786e+01,3.607280739506740108e+00
4.769076879108316547e+01,3.491639416408657937e+00
4.771077450700200018e+01,3.172025473462656286e+00
4.773078022292083489e+01,4.014791529344076793e+00
4.775078593883966960e+01,3.136093743018342206e+00
4.777079165475850431e+01,4.285425598323731045e+00
4.779079737067733902e+01,5.206292102494108676e+00
4.781080308659617373e+01,4.276802835046936480e+00
4.783080880251500844e+01,5.619761492731550234e+00
4.785081451843384315e+01,5.319965163498594052e+00
4.787082023435267075e+01,5.761259582485742214e+00
4.789082595027150546e+01,6.375711121175042351e+00
4.791083166619034017e+01,7.145372880075668398e+00
4.793083738210917488e+01,7.555650089619966536e+00
4.795084309802800959e+01,8.305869032349129100e+00
4.797084881394684430e+01,8.704701582033640861e+00
4.799085452986567901e+01,9.093916157620652641e+00
4.801086024578451372e+01,9.455741683261823738e+00
4.803086596170334843e+01,9.108521614124295951e+00
4.805087167762218314e+01,9.949451411453509309e+00
4.807087739354101075e+01,1.079758906815786013e+01
4.809088310945984546e+01,1.095648796630510624e+01
4.811088882537868017e+01,1.081029810362502630e+01
4.813089454129751488e+01,1.083020111887805115e+01
4.815090025721634959e+01,1.070746633794285785e+01
4.817090597313518430e+01,1.159698563829308426e+01
4.819091168905401901e+01,9.652487642913108346e+00
4.821091740497285372e+01,9.804810310295527742e+00
4.823092312089168843e+01,1.068396481726665570e+01
4.825092883681051603e+01,1.018967999591764340e+01
4.827093455272935074e+01,8.997619106103199371e+00
4.829094026864818545e+01,9.419945638976551905e+00
4.831094598456702016e+01,9.151099890997734576e+00
4.833095170048585487e+01,8.604323244692439587e+00
4.835095741640468958e+01,8.173832021135432058e+00
4.837096313232352429e+01,7.983605120085174534e+00
4.839096884824235900e+01,7.464022028797256070e+00
4.841097456416119371e+01,6.033797717564718610e+00
4.843098028008002842e+01,5.676632964558466554e+00
4.845098599599885603e+01,5.362146157848176387e+00
4.847099171191769074e+01,5.803440150753347737e+00
4.849099742783652545e+01,4.099000550932810683e+00
4.851100314375536016e+01,4.891376673370242401e+00
4.853100885967419487e+01,3.895318048382587328e+00
4.855101457559302958e+01,4.335683869506468113e+00
4.857102029151186429e+01,4.367481281185512820e+00
4.859102600743069900e+01,4.839967540738156160e+00
4.861103172334953371e+01,3.723241683141231384e+00
4.863103743926836131e+01,4.003232849858157749e+00
4.865104315518719602e+01,4.475115483465862631e+00
4.867104887110603073e+01,5.031286099417243918e+00
4.869105458702486544e+01,5.446755698263629597e+00
4.871106030294370015e+01,5.980702341577023518e+00
4.873106601886253486e+01,6.973843243051248031e+00
4.875107173478136957e+01,7.250026137648399427e+00
4.877107745070020428e+01,8.996823396053578392e+00
4.879108316661903899e+01,1.051851125637522166e+01
4.881108888253786660e+01,1.097122971661951318e+01
4.883109459845670131e+01,1.199039776561292925e+01
4.885110031437553602e+01,1.422551734670793877e+01
4.887110603029437073e+01,1.595156287619299995e+01
4.889111174621320544e+01,1.818817924747247616e+01
4.891111746213204015e+01,2.109659368768915044e+01
4.893112317805087486e+01,2.291560323141240829e+01
4.895112889396970957e+01,2.517328026063925606e+01
4.897113460988854428e+01,2.734198231538853818e+01
4.899114032580737899e+01,2.993733836335959708e+01
4.901114604172620659e+01,3.159510443017475367e+01
4.903115175764504130e+01,3.448426162478581602e+01
4.905115747356387601e+01,3.633533306455123579e+01
4.907116318948271072e+01,3.782031552616115277e+01
4.909116890540154543e+01,3.909558149333044241e+01
4.911117462132038014e+01,4.030581040511975033e+01
4.913118033723921485e+01,4.185106910234424049e+01
4.915118605315804956e+01,4.177116969305128436e+01
4.917119176907688427e+01,4.165181303934483736e+01
4.919119748499571187e+01,4.160222326081461830e+01
4.921120320091454658e+01,4.196337621319064226e+01
4.923120891683338129e+01,4.061374491711112000e+01
4.925121463275221600e+01,4.029607694688967712e+01
4.927122034867105071e+01,3.880582289768932469e+01
4.929122606458988542e+01,3.812316475418757733e+01
4.931123178050872014e+01,3.710075159239938358e+01
4.933123749642755485e+01,3.537944711599342895e+01
4.935124321234638956e+01,3.433204199628631414e+01
4.937124892826522427e+01,3.251767878262224798e+01
4.939125464418405187e+01,3.118080118103712195e+01
4.941126036010288658e+01,2.922127549944737979e+01
4.943126607602172129e+01,2.745034779882525555e+01
4.945127179194055600e+01,2.637645582011028011e+01
4.947127750785939071e+01,2.336176123979439367e+01
4.949128322377822542e+01,2.070982613718307874e+01
4.951128893969706013e+01,1.869770280277956331e+01
4.953129465561589484e+01,1.723765907618995996e+01
4.955130037153472955e+01,1.524860618556756187e+01
4.957130608745355715e+01,1.377422998556017752e+01
4.959131180337239186e+01,1.089461484794165003e+01
4.961131751929122657e+01,9.664380428673402079e+00
4.963132323521006128e+01,8.166377712116702270e+00
4.965132895112889599e+01,7.452789161734738599e+00
4.967133466704773070e+01,6.015629347770902413e+00
4.969134038296656541e+01,4.854710122934816852e+00
4.971134609888540012e+01,4.425624810456018743e+00
4.973135181480423483e+01,4.369106159923088484e+00
4.975135753072306244e+01,4.081379052834035903e+00
4.977136324664189715e+01,2.550905374568592343e+00
4.979136896256073186e+01,2.441883371808494019e+00
4.981137467847956657e+01,2.868269714265888837e+00
4.983138039439840128e+01,2.353944549304790357e+00
4.985138611031723599e+01,2.757384733061519988e+00
4.987139182623607070e+01,1.661222255409499304e+00
4.989139754215490541e+01,2.201178514766958028e+00
4.991140325807374012e+01,1.639140103148798211e+00
4.993140897399257483e+01,2.181178305359154912e+00
4.995141468991140243e+01,2.673419195497703349e+00
4.997142040583023714e+01,1.581650233167114727e+00
4.999142612174907185e+01,1.537783520922719749e+00
5.001143183766790656e+01,1.320474021948711663e+00
5.003143755358674127e+01,2.092002324859550288e+00
5.005144326950557598e+01,1.812828892916670709e+00
5.007144898542441069e+01,2.103671199097147948e+00
5.009145470134324540e+01,2.509526500175430552e+00
5.011146041726208011e+01,2.031994125352414304e+00
5.013146613318090772e+01,2.202184768806342063e+00
5.015147184909974243e+01,1.721167556665046838e+00
5.017147756501857714e+01,2.099521322703259862e+00
5.019148328093741185e+01,2.399180390023496479e+00
5.021148899685624656e+01,1.999663070707328405e+00
5.023149471277508127e+01,2.046265632637286558e+00
5.025150042869391598e+01,2.836214162013630968e+00
5.027150614461275069e+01,2.129655343318957783e+00
5.029151186053158540e+01,2.938439565382262142e+00
5.031151757645042011e+01,2.532046408289824857e+00
5.033152329236924771e+01,1.932529541051830835e+00
5.035152900828808242e+01,2.403804796500922158e+00
5.037153472420691713e+01,2.108147473835531027e+00
5.039154044012575184e+01,2.826219123487542451e+00
5.041154615604458655e+01,3.102986413946347444e+00
5.043155187196342126e+01,2.466088759713062295e+00
5.045155758788225597e+01,2.345519811590625281e+00
5.047156330380109068e+01,2.781184070695565946e+00
5.049156901971992539e+01,3.148391556559622551e+00
5.051157473563875300e+01,3.770809309300398038e+00
5.053158045155758771e+01,3.962955852498819098e+00
5.055158616747642242e+01,4.056869324884618599e+00
5.057159188339525713e+01,3.437070836507728266e+00
5.059159759931409184e+01,3.483738812938931950e+00
5.061160331523292655e+01,4.491305263738839315e+00
5.063160903115176126e+01,4.632421526674064260e+00
5.065161474707059597e+01,5.225305909075096622e+00
5.067162046298943068e+01,5.501213769279967636e+00
5.069162617890825828e+01,5.318241037094791679e+00
5.071163189482709299e+01,5.588750822784358974e+00
5.073163761074592770e+01,5.972179311260452650e+00
5.075164332666476241e+01,5.179962032094477031e+00
5.077164904258359712e+01,6.811275164232402091e+00
5.079165475850243183e+01,6.407679911242376569e+00
5.081166047442126654e+01,6.479796318050393467e+00
5.083166619034010125e+01,6.014414817946251546e+00
5.085167190625893596e+01,5.764720196191406743e+00
5.087167762217777067e+01,5.912127550642150453e+00
5.089168333809659828e+01,5.642378149209547722e+00
5.091168905401543299e+01,6.195997477441916423e+00
5.093169476993426770e+01,5.796603707301390074e+00
5.095170048585310241e+01,5.917197298038379571e+00
5.097170620177193712e+01,6.391412442579063935e+00
5.099171191769077183e+01,5.980371301939443995e+00
5.101171763360960654e+01,5.174268134980812839e+00
5.103172334952844125e+01,5.243132769455828956e+00
5.105172906544727596e+01,5.899804625342353503e+00
5.107173478136610356e+01,4.167642618732250170e+00
5.109174049728493827e+01,5.044028102072783071e+00
5.111174621320377298e+01,5.051329810555366784e+00
5.113175192912260769e+01,4.517795472842689009e+00
5.115175764504144240e+01,4.180614290702623137e+00
5.117176336096027711e+01,3.884516267555397029e+00
5.119176907687911182e+01,3.367104272671380016e+00
5.121177479279794653e+01,3.041044500504646919e+00
5.123178050871678124e+01,3.646657457480706466e+00
5.125178622463561595e+01,3.120904027627426469e+00
5.127179194055444356e+01,2.438733461287408311e+00
5.129179765647327827e+01,1.710526541464735040e+00
5.131180337239211298e+01,2.086569268742617389e+00
5.133180908831094769e+01,1.874571240337055134e+00
5.135181480422978240e+01,1.350218373381113057e+00
5.137182052014861711e+01,1.658397142578361905e+00
5.139182623606745182e+01,2.516567301268090251e+00
5.141183195198628653e+01,2.195931910462652681e+00
5.143183766790512124e+01,1.339403917071459782e+00
5.145184338382394884e+01,1.673705710215001474e+00
5.147184909974278355e+01,1.917164317887728675e+00
5.149185481566161826e+01,1.707580307527545305e+00
5.151186053158045297e+01,1.325712654572034133e+00
5.153186624749928768e+01,1.924747792959326631e+00
5.155187196341812239e+01,1.386473932885127658e+00
5.157187767933695710e+01,1.209565439944483511e+00
5.159188339525579181e+01,1.230271743302509213e+00
5.161188911117462652e+01,1.405146818878810544e+00
5.163189482709345413e+01,9.901306367050248802e-01
5.165190054301228884e+01,1.606419265683729725e+00
5.167190625893112355e+01,8.360508197823242060e-01
5.169191197484995826e+01,1.217490676332477317e+00
5.171191769076879297e+01,1.414217874160780930e+00
5.173192340668762768e+01,1.365702122926734097e+00
5.175192912260646239e+01,1.238751142837777763e+00
5.177193483852529710e+01,1.314079570823385890e+00
5.179194055444413181e+01,2.060799002591446438e+00
5.181194627036296652e+01,9.944961212556024943e-01
5.183195198628179412e+01,1.187395892425803012e+00
5.185195770220062883e+01,1.700987841973755188e+00
5.187196341811946354e+01,8.463771884074571261e-01
5.189196913403829825e+01,1.698600471290935054e+00
5.191197484995713296e+01,2.225312199723127993e+00
5.193198056587596767e+01,1.975562376315734170e+00
5.195198628179480238e+01,1.315080171626739736e+00
5.197199199771363709e+01,1.010747777605648601e+00
5.199199771363247180e+01,1.192597714908465889e+00
5.201200342955129940e+01,1.239381166473282558e+00
5.203200914547013411e+01,9.097205760034698940e-01
5.205201486138896882e+01,1.104542014297278829e+00
5.207202057730780353e+01,1.411049054907743461e+00
5.209202629322663824e+01,1.102521083887481268e+00
5.211203200914547295e+01,1.139904410946932956e+00
5.213203772506430766e+01,1.198535551999667659e+00
5.215204344098314237e+01,1.547247402792876425e+00
5.217204915690197708e+01,8.857726037798047125e-01
5.219205487282081180e+01,1.081041288983501714e+00
5.221206058873963940e+01,1.935127609595516107e+00
5.223206630465847411e+01,9.647191484567440023e-01
5.225207202057730882e+01,1.305594206542008529e+00
5.227207773649614353e+01,1.366986354351086952e+00
5.229208345241497824e+01,1.455748654330930814e+00
5.231208916833381295e+01,2.041431490850373009e+00
5.233209488425264766e+01,1.614841360868076281e+00
5.235210060017148237e+01,2.084778950106964235e+00
5.237210631609031708e+01,2.231151002887933110e+00
5.239211203200914468e+01,2.140568169663819020e+00
5.241211774792797939e+01,1.861297444381078137e+00
5.243212346384681410e+01,1.585998410122007485e+00
5.245212917976564881e+01,1.821127711910623503e+00
5.247213489568448352e+01,1.777629792912392315e+00
5.249214061160331823e+01,2.206952724979807101e+00
5.251214632752215294e+01,1.773519826893722673e+00
5.253215204344098765e+01,2.774666961053940728e+00
5.255215775935982236e+01,2.561197065582594412e+00
5.257216347527864997e+01,2.992158947580105810e+00
5.259216919119748468e+01,3.488139737982106414e+00
5.261217490711631939e+01,2.609581672750122650e+00
5.263218062303515410e+01,3.269080900161637437e+00
5.265218633895398881e+01,2.448769947788497880e+00
5.267219205487282352e+01,3.784339149392991430e+00
5.269219777079165823e+01,4.273764340612791202e+00
5.271220348671049294e+01,4.079196199973099901e+00
5.273220920262932765e+01,4.836687187959203271e+00
5.275221491854816236e+01,5.417439619918915206e+00
5.277222063446698996e+01,5.299317551789262559e+00
5.279222635038582467e+01,5.742290899958101491e+00
5.281223206630465938e+01,5.863485555573651808e+00
5.283223778222349409e+01,5.942506859493004612e+00
5.285224349814232880e+01,7.014352741453805606e+00
5.287224921406116351e+01,7.651984496876304220e+00
5.289225492997999822e+01,8.174405233198342557e+00
5.291226064589883293e+01,8.876575171456924096e+00
5.293226636181766764e+01,8.837903396489402041e+00
5.295227207773649525e+01,9.606890691492314005e+00
5.297227779365532996e+01,1.020198811954910845e+01
5.299228350957416467e+01,9.764165384020930816e+00
5.301228922549299938e+01,1.043667240737309854e+01
5.303229494141183409e+01,1.150253751038282779e+01
5.305230065733066880e+01,1.358098053136469829e+01
5.307230637324950351e+01,1.283107892547930184e+01
5.309231208916833822e+01,1.452084409189556169e+01
5.311231780508717293e+01,1.577507308648086237e+01
5.313232352100600764e+01,1.709526365655622726e+01
5.315232923692483524e+01,1.855777971575555085e+01
5.317233495284366995e+01,2.024717407395642965e+01
5.319234066876250466e+01,2.242079534976634392e+01
5.321234638468133937e+01,2.416025126905015696e+01
5.323235210060017408e+01,2.615529863623658713e+01
5.325235781651900879e+01,2.663761809119842638e+01
5.327236353243784350e+01,2.907446760480991088e+01
5.329236924835667821e+01,3.022589070637462072e+01
5.331237496427551292e+01,3.201810744031904221e+01
5.333238068019434053e+01,3.333861521592778843e+01
5.335238639611317524e+01,3.370041293710814045e+01
5.337239211203200995e+01,3.448226578037480294e+01
5.339239782795084466e+01,3.425679565499660839e+01
5.341240354386967937e+01,3.431141989764606137e+01
5.343240925978851408e+01,3.281840167886377913e+01
5.345241497570734879e+01,3.279670097663682071e+01
5.347242069162618350e+01,3.113706321839271851e+01
5.349242640754501821e+01,2.975031726071903293e+01
5.351243212346384581e+01,2.759315087564948143e+01
5.353243783938268052e+01,2.588075485795318542e+01
5.355244355530151523e+01,2.447119924585452466e+01
5.357244927122034994e+01,2.261079669366895928e+01
5.359245498713918465e+01,2.161200010600406785e+01
5.361246070305801936e+01,1.867115710802744744e+01
5.363246641897685407e+01,1.794095027387177765e+01
5.365247213489568878e+01,1.691585127976007641e+01
5.367247785081452349e+01,1.648473144751032748e+01
5.369248356673335820e+01,1.506502293529671199e+01
5.371248928265218581e+01,1.424778530314685376e+01
5.373249499857102052e+01,1.317513606486636846e+01
5.375250071448985523e+01,1.217658582797516331e+01
5.377250643040868994e+01,1.140662486400526099e+01
5.379251214632752465e+01,9.975022208351749242e+00
5.381251786224635936e+01,9.464625539697832934e+00
5.383252357816519407e+01,9.289101890610142576e+00
5.385252929408402878e+01,7.297203125413447289e+00
5.387253501000286349e+01,6.094895748004212521e+00
5.389254072592169109e+01,5.042431679620182905e+00
5.391254644184052580e+01,4.808681746423337344e+00
5.393255215775936051e+01,5.045622933507831753e+00
5.395255787367819522e+01,4.367757913879177778e+00
5.397256358959702993e+01,3.408020991593041060e+00
5.399256930551586464e+01,3.548222763366183141e+00
5.401257502143469935e+01,1.988957094440304774e+00
5.403258073735353406e+01,1.920387208032845461e+00
5.405258645327236877e+01,2.659657541754828713e+00
5.407259216919120348e+01,1.742009693833833861e+00
5.409259788511003109e+01,1.677756344525330512e+00
5.411260360102886580e+01,1.444056262856439954e+00
5.413260931694770051e+01,2.774190698702328817e+00
5.415261503286653522e+01,2.038908743407553903e+00
5.417262074878536993e+01,1.878838475032948541e+00
5.419262646470420464e+01,2.003327703437213891e+00
5.421263218062303935e+01,1.942727398815328410e+00
5.423263789654187406e+01,2.210605870589747557e+00
5.425264361246070877e+01,2.341801658760616967e+00
5.427264932837953637e+01,1.899460331655295597e+00
5.429265504429837108e+01,2.255712301747962556e+00
5.431266076021720579e+01,1.518183835918681890e+00
5.433266647613604050e+01,1.401476543858904522e+00
5.435267219205487521e+01,1.742665460196985983e+00
5.437267790797370992e+01,2.710835711436385242e+00
5.439268362389254463e+01,1.297005808829759577e+00
5.441268933981137934e+01,2.030216233165341055e+00
5.443269505573021405e+01,1.793453907878375997e+00
5.445270077164904166e+01,1.415285065202908310e+00
5.447270648756787637e+01,1.643010675978330282e+00
5.449271220348671108e+01,2.174559061849977937e+00
5.451271791940554579e+01,2.096315205589958097e+00
5.453272363532438050e+01,2.293882071763833075e+00
5.455272935124321521e+01,1.632860630681546521e+00
5.457273506716204992e+01,1.940185416935239271e+00
5.459274078308088463e+01,2.289136893725770783e+00
5.461274649899971934e+01,2.376129971288887699e+00
5.463275221491855405e+01,2.784055624895255932e+00
5.465275793083738165e+01,2.593281138844550249e+00
5.467276364675621636e+01,2.099179633587880733e+00
5.469276936267505107e+01,2.129915566785343994e+00
5.471277507859388578e+01,2.379393221037914063e+00
5.473278079451272049e+01,2.010967652676011852e+00
5.475278651043155520e+01,2.535553146259881263e+00
5.477279222635038991e+01,1.728530924721654483e+00
5.479279794226922462e+01,1.739236863826533863e+00
5.481280365818805933e+01,2.686926734787203230e+00
5.483280937410688693e+01,2.371168543649864624e+00
5.485281509002572164e+01,2.093327702643736909e+00
5.487282080594455635e+01,1.820917589775851386e+00
5.489282652186339106e+01,2.424024012219304858e+00
5.491283223778222577e+01,2.568579453287593850e+00
5.493283795370106048e+01,2.218195611818369883e+00
5.495284366961989519e+01,2.314675034801396691e+00
5.497284938553872990e+01,2.840993756861705410e+00
5.499285510145756461e+01,3.144879143836459168e+00
5.501286081737639222e+01,2.205759214058087725e+00
5.503286653329522693e+01,3.601720049561612846e+00
5.505287224921406164e+01,3.153673211663012399e+00
5.507287796513289635e+01,3.842184544045378125e+00
5.509288368105173106e+01,4.194816474911200466e+00
5.511288939697056577e+01,4.501958268902972904e+00
5.513289511288940048e+01,5.238999253837962833e+00
5.515290082880823519e+01,5.487462247491205147e+00
5.517290654472706990e+01,6.261811761391333775e+00
5.519291226064590461e+01,6.380647996890911777e+00
5.521291797656473221e+01,6.889526724896890997e+00
5.523292369248356692e+01,8.295520685665145777e+00
5.525292940840240163e+01,9.885684419249356480e+00
5.527293512432123634e+01,1.021053997900271249e+01
5.529294084024007105e+01,1.209078601883286552e+01
5.531294655615890576e+01,1.209662436977210120e+01
5.533295227207774047e+01,1.411267244888353289e+01
5.535295798799657518e+01,1.499748946390749538e+01
5.537296370391540989e+01,1.440639373500418685e+01
5.539296941983423750e+01,1.642589301961177384e+01
5.541297513575307221e+01,1.673915759697230854e+01
5.543298085167190692e+01,1.736074364980600748e+01
5.545298656759074163e+01,1.829359497229324205e+01
5.547299228350957634e+01,1.875188720006661214e+01
5.549299799942841105e+01,1.928161624799935936e+01
5.551300371534724576e+01,1.806638964345575360e+01
5.553300943126608047e+01,1.823118032394302901e+01
5.555301514718491518e+01,1.806396377730807856e+01
5.557302086310374989e+01,1.737344837837564882e+01
5.559302657902257749e+01,1.741963384679085181e+01
5.561303229494141220e+01,1.637034708710697117e+01
5.563303801086024691e+01,1.562434065864522914e+01
5.565304372677908162e+01,1.537835596925053494e+01
5.567304944269791633e+01,1.549777624671739495e+01
5.569305515861675104e+01,1.456021854453693720e+01
5.571306087453558575e+01,1.396179726274020183e+01
5.573306659045442046e+01,1.359577286332138080e+01
5.575307230637325517e+01,1.360227705285251965e+01
5.577307802229208278e+01,1.393577480089711784e+01
5.579308373821091749e+01,1.279626246120167288e+01
5.581308945412975220e+01,1.260799283412234395e+01
5.583309517004858691e+01,1.231454285529972026e+01
5.585310088596742162e+01,1.236102288010184580e+01
5.587310660188625633e+01,1.052464901401284791e+01
5.589311231780509104e+01,1.080183559188590436e+01
5.591311803372392575e+01,1.039233063747379582e+01
5.593312374964276046e+01,9.533855446929127453e+00
5.595312946556158806e+01,8.981625461544261668e+00
5.597313518148042277e+01,8.418432989202720762e+00
5.599314089739925748e+01,8.608268159451615276e+00
5.601314661331809219e+01,7.787692008954907763e+00
5.603315232923692690e+01,7.793037538782797924e+00
5.605315804515576161e+01,6.031274628078014288e+00
5.607316376107459632e+01,6.484349915195499747e+00
5.609316947699343103e+01,5.780858488843826137e+00
5.611317519291226574e+01,5.264224133679023865e+00
5.613318090883110045e+01,5.039845646969391524e+00
5.615318662474992806e+01,5.830025537334692309e+00
5.617319234066876277e+01,4.463408791315557345e+00
5.619319805658759748e+01,4.856385549743221119e+00
5.621320377250643219e+01,5.403291050493371550e+00
5.623320948842526690e+01,3.729746924753442272e+00
5.625321520434410161e+01,4.016983108552641291e+00
5.627322092026293632e+01,3.247571052457777441e+00
5.629322663618177103e+01,3.778654161366792330e+00
5.631323235210060574e+01,2.946607677673087622e+00
5.633323806801943334e+01,3.603714270149662724e+00
5.635324378393826805e+01,4.130444704600939154e+00
5.637324949985710276e+01,4.144583810011102543e+00
5.639325521577593747e+01,3.510271315883589871e+00
5.641326093169477218e+01,3.212823693650304957e+00
5.643326664761360689e+01,3.553436415147788185e+00
5.645327236353244160e+01,3.260469558174171389e+00
5.647327807945127631e+01,3.300468142053126996e+00
5.649328379537011102e+01,2.444915657720724944e+00
5.651328951128894573e+01,2.463438630890107284e+00
5.653329522720777334e+01,2.859477657298396647e+00
5.655330094312660805e+01,2.911886382405784790e+00
5.657330665904544276e+01,3.308253546094206410e+00
5.659331237496427747e+01,3.783937591420192703e+00
5.661331809088311218e+01,3.558140858011185514e+00
5.663332380680194689e+01,3.403956947277115397e+00
5.665332952272078160e+01,2.711101625882367472e+00
5.667333523863961631e+01,3.427243130922648540e+00
5.669334095455845102e+01,2.472109505105395399e+00
5.671334667047727862e+01,2.484708377562855119e+00
5.673335238639611333e+01,3.189540714217316442e+00
5.675335810231494804e+01,3.536026450355050255e+00
5.677336381823378275e+01,2.863594672837396882e+00
5.679336953415261746e+01,2.777618548611359373e+00
5.681337525007145217e+01,2.720467594831376346e+00
5.683338096599028688e+01,1.974293123322722332e+00
5.685338668190912159e+01,2.083529149925887225e+00
5.687339239782795630e+01,3.399081768707132856e+00
5.689339811374678391e+01,1.599860569461887705e+00
5.691340382966561862e+01,2.747771443899413857e+00
5.693340954558445333e+01,2.465713245754869831e+00
5.695341526150328804e+01,1.601180944859129873e+00
5.697342097742212275e+01,2.375677539205176103e+00
5.699342669334095746e+01,1.932012346875663145e+00
5.701343240925979217e+01,2.323522063206542754e+00
5.703343812517862688e+01,2.367021081390114468e+00
5.705344384109746159e+01,2.170707183226463943e+00
5.707344955701629630e+01,2.798136413699538583e+00
5.709345527293512390e+01,2.645955396991094055e+00
5.711346098885395861e+01,2.041532665224802479e+00
5.713346670477279332e+01,1.631429493900891980e+00
5.715347242069162803e+01,1.332826884264651124e+00
5.717347813661046274e+01,1.882709287689735556e+00
5.719348385252929745e+01,1.984112550426094579e+00
5.721348956844813216e+01,1.784346407794624945e+00
5.723349528436696687e+01,1.713354976300613286e+00
5.725350100028580158e+01,1.977042462377983423e+00
5.727350671620462919e+01,2.405993826758719756e+00
5.729351243212346390e+01,2.573877061234302488e+00
5.731351814804229861e+01,2.172030399022527369e+00
5.733352386396113332e+01,2.178687903560557526e+00
5.735352957987996803e+01,1.927090758435846318e+00
5.737353529579880274e+01,3.306541358667558939e+00
5.739354101171763745e+01,2.687475653130660724e+00
5.741354672763647216e+01,3.546957425529514651e+00
5.743355244355530687e+01,3.210350797067952122e+00
5.745355815947414158e+01,2.599059532381906124e+00
5.747356387539296918e+01,4.004434002229825040e+00
5.749356959131180389e+01,4.172576667780616866e+00
5.751357530723063860e+01,3.077640202473949316e+00
5.753358102314947331e+01,4.038309943618580533e+00
5.755358673906830802e+01,3.574451344841594214e+00
5.757359245498714273e+01,4.207764720319142171e+00
5.759359817090597744e+01,4.041832762075691754e+00
5.761360388682481215e+01,4.189143658499707712e+00
5.763360960274364686e+01,4.143504705158651547e+00
5.765361531866247446e+01,4.799856108043304204e+00
5.767362103458130917e+01,4.348093623250454343e+00
5.769362675050014388e+01,4.444984516753624604e+00
5.771363246641897859e+01,4.085642690636180241e+00
5.773363818233781330e+01,4.235915672020114542e+00
5.775364389825664801e+01,4.501712264015952591e+00
5.777364961417548272e+01,4.618186252121131652e+00
5.779365533009431743e+01,4.123992368078976511e+00
5.781366104601315214e+01,4.149790591528276451e+00
5.783366676193197975e+01,4.852132670019851268e+00
5.785367247785081446e+01,4.846014499068557413e+00
5.787367819376964917e+01,5.198031257162297081e+00
5.789368390968848388e+01,4.907741254574579770e+00
5.791368962560731859e+01,4.961782590611323762e+00
5.793369534152615330e+01,5.372363377821278263e+00
5.795370105744498801e+01,5.674462075398813532e+00
5.797370677336382272e+01,5.298412983078313765e+00
5.799371248928265743e+01,5.809678950301586653e+00
5.801371820520149214e+01,5.852283055546650736e+00
5.803372392112031974e+01,5.041539404210842790e+00
5.805372963703915445e+01,6.160081531527438869e+00
5.807373535295798916e+01,5.135940226534163600e+00
5.809374106887682387e+01,6.213173169139399654e+00
5.811374678479565858e+01,5.903249589840710243e+00
5.813375250071449329e+01,6.897745996274242231e+00
5.815375821663332800e+01,7.020990117031361777e+00
5.817376393255216271e+01,7.072726748457522916e+00
5.819376964847099742e+01,7.289529849007664986e+00
5.821377536438982503e+01,6.534701557383074011e+00
5.823378108030865974e+01,6.925876092359098735e+00
5.825378679622749445e+01,6.715883289370939480e+00
5.827379251214632916e+01,6.744571752673790499e+00
5.829379822806516387e+01,6.136720588525505171e+00
5.831380394398399858e+01,6.008006556599665871e+00
5.833380965990283329e+01,5.578468409400966443e+00
5.835381537582166800e+01,5.466057201823315559e+00
5.837382109174050271e+01,4.939460857478008116e+00
5.839382680765933742e+01,5.169298178071136007e+00
5.841383252357816502e+01,3.965532357223066295e+00
5.843383823949699973e+01,4.697851332740830443e+00
5.845384395541583444e+01,4.311393547067135401e+00
5.847384967133466915e+01,3.913824352720132183e+00
5.849385538725350386e+01,4.014577318062039879e+00
5.851386110317233857e+01,5.123720088684912355e+00
5.853386681909117328e+01,4.750261454889918689e+00
5.855387253501000799e+01,4.493792999082316442e+00
5.857387825092884270e+01,4.631100552563472306e+00
5.859388396684767031e+01,4.629607701329475411e+00
5.861388968276650502e+01,5.223909604109820748e+00
5.863389539868533973e+01,6.220081058868546009e+00
5.865390111460417444e+01,6.289393189070797696e+00
5.867390683052300915e+01,6.244154308581189916e+00
5.869391254644184386e+01,5.697939961164392386e+00
5.871391826236067857e+01,5.290153436119809705e+00
5.873392397827951328e+01,5.731938177981385607e+00
5.875392969419834799e+01,5.056052958530492525e+00
5.877393541011717559e+01,4.964758930672666715e+00
5.879394112603601030e+01,4.932419375933424277e+00
5.881394684195484501e+01,4.465300401600259761e+00
5.883395255787367972e+01,3.818990901099884816e+00
5.885395827379251443e+01,4.110843643213085485e+00
5.887396398971134914e+01,4.121901858026291166e+00
5.889396970563018385e+01,2.723624234385233045e+00
5.891397542154901856e+01,2.732134960591599437e+00
5.893398113746785327e+01,2.641707493907751392e+00
5.895398685338668798e+01,1.830984671528828267e+00
5.897399256930551559e+01,1.871949230291884980e+00
5.899399828522435030e+01,1.973711071792222604e+00
5.901400400114318501e+01,1.986426632867996922e+00
5.903400971706201972e+01,1.595219040477231953e+00
5.905401543298085443e+01,1.828703435206346040e+00
5.907402114889968914e+01,2.434073245588539880e+00
5.909402686481852385e+01,2.203321801060737606e+00
5.911403258073735856e+01,2.237533830952827429e+00
5.913403829665619327e+01,1.490370251083518838e+00
5.915404401257502087e+01,1.406135953519697779e+00
5.917404972849385558e+01,2.286479613238083353e+00
5.919405544441269029e+01,2.792970667841940369e+00
5.921406116033152500e+01,1.789837317571513431e+00
5.923406687625035971e+01,2.369984915794828950e+00
5.925407259216919442e+01,2.131916970861779781e+00
5.927407830808802913e+01,1.714866794411805451e+00
5.929408402400686384e+01,2.192227601493050848e+00
5.931408973992569855e+01,1.746788591360066700e+00
5.933409545584453326e+01,1.352668184248069227e+00
5.935410117176336087e+01,2.118423097248146814e+00
5.937410688768219558e+01,2.388364850355489288e+00
5.939411260360103029e+01,2.007937873916145755e+00
5.941411831951986500e+01,2.448447180549806479e+00
5.943412403543869971e+01,2.948517709334363524e+00
5.945412975135753442e+01,2.120475155308240822e+00
5.947413546727636913e+01,2.512042511227156716e+00
5.949414118319520384e+01,1.447554716262534846e+00
5.951414689911403855e+01,1.571439000162436761e+00
5.953415261503286615e+01,2.432252165775768304e+00
5.955415833095170086e+01,1.774110021982314711e+00
5.957416404687053557e+01,1.208420462911324655e+00
5.959416976278937028e+01,1.892444030918997377e+00
5.961417547870820499e+01,2.161114587089466355e+00
5.963418119462703970e+01,1.886452746705562067e+00
5.965418691054587441e+01,1.800972713243413015e+00
5.967419262646470912e+01,8.360221217358494439e-01
5.969419834238354383e+01,1.461624053993576089e+00
5.971420405830237144e+01,1.139584617759695551e+00
5.973420977422120615e+01,2.032140949707306188e+00
5.975421549014004086e+01,1.114216459490455780e+00
5.977422120605887557e+01,1.765290075894463406e+00
5.979422692197771028e+01,1.664327340183129111e+00
5.981423263789654499e+01,1.239527590926642553e+00
5.983423835381537970e+01,1.666923286305099783e+00
5.985424406973421441e+01,1.208720333472595332e+00
5.987424978565304912e+01,1.663976066571343448e+00
5.989425550157188383e+01,1.263187277997348534e+00
5.991426121749071143e+01,1.510911632845798103e+00
5.993426693340954614e+01,1.534725028816356085e+00
5.995427264932838085e+01,1.495179833090512611e+00
5.997427836524721556e+01,1.041719124749673764e+00
5.999428408116605027e+01,1.039202699734860458e+00
6.001428979708488498e+01,1.127979791132348142e+00
6.003429551300371969e+01,8.950318181401430984e-01
6.005430122892255440e+01,1.663308341804623058e+00
6.007430694484138911e+01,1.181361900287201117e+00
6.009431266076021672e+01,1.066438320338789936e+00
6.011431837667905143e+01,6.921888944193108628e-01
6.013432409259788614e+01,2.062912632914985611e+00
6.015432980851672085e+01,1.395857516047437130e+00
6.017433552443555556e+01,2.673019376093642152e-01
6.019434124035439027e+01,1.086151331965314659e+00
6.021434695627322498e+01,1.062710353736777691e+00
6.023435267219205969e+01,1.648830643278216268e+00
6.025435838811089440e+01,1.475528538197647066e+00
6.027436410402972911e+01,1.062551976932086806e+00
6.029436981994855671e+01,1.949458913237273272e+00
6.031437553586739142e+01,1.695873301155476298e+00
6.033438125178622613e+01,1.118149237229860482e+00
6.035438696770506084e+01,8.553509566276821241e-01
6.037439268362389555e+01,1.020060373492158279e+00
6.039439839954273026e+01,8.394143996755929482e-01
6.041440411546156497e+01,9.783818865484665839e-01
6.043440983138039968e+01,1.386293514858312204e+00
6.045441554729923439e+01,1.262411779685213009e+00
6.047442126321806199e+01,1.008454800081839187e+00
6.049442697913689670e+01,1.247336445605512267e+00
6.051443269505573141e+01,7.920438257463381371e-01
6.053443841097456612e+01,1.486033241429182805e+00
6.055444412689340083e+01,1.402873823052769753e+00
6.057444984281223554e+01,1.329460721014961599e+00
6.059445555873107025e+01,1.130856603808900740e+00
6.061446127464990496e+01,5.251318152717523446e-01
6.063446699056873967e+01,1.890861111782041970e+00
6.065447270648756728e+01,8.669458024771657945e-01
6.067447842240640199e+01,1.099501517754267077e+00
6.069448413832523670e+01,4.385696144301288735e-01
6.071448985424407141e+01,5.481342162165451226e-01
6.073449557016290612e+01,6.812998723238750109e-01
6.075450128608174083e+01,8.648087930840672177e-01
6.077450700200057554e+01,1.477753653006726786e+00
6.079451271791941025e+01,1.028188209408545051e+00
6.081451843383824496e+01,1.357529248766229601e+00
6.083452414975707967e+01,2.035751903072352320e+00
6.085452986567590727e+01,1.021635482376913595e+00
6.087453558159474198e+01,1.499123989075171970e+00
6.089454129751357669e+01,1.988765761443117563e+00
6.091454701343241140e+01,2.214929520264884211e+00
6.093455272935124611e+01,1.374204216705162018e+00
6.095455844527008082e+01,1.756937490066644347e+00
6.097456416118891553e+01,2.210961098077797171e+00
6.099456987710775024e+01,1.698148943576614389e+00
6.101457559302658495e+01,3.284163808610413238e+00
6.103458130894541256e+01,2.935915854795885238e+00
6.105458702486424727e+01,2.797185607969058907e+00
6.107459274078308198e+01,3.023611308252322605e+00
6.109459845670191669e+01,3.957425464016051997e+00
6.111460417262075140e+01,4.082495598592722708e+00
6.113460988853958611e+01,5.384328162759106640e+00
6.115461560445842082e+01,6.391681089379348535e+00
6.117462132037725553e+01,6.007418006708531877e+00
6.119462703629609024e+01,6.983503142976998035e+00
6.121463275221492495e+01,7.161213858673459498e+00
6.123463846813375255e+01,8.303264354162127603e+00
6.125464418405258726e+01,9.143853988266773314e+00
6.127464989997142197e+01,9.548622947987439602e+00
6.129465561589025668e+01,9.019593808308169258e+00
6.131466133180909139e+01,1.027388496321623812e+01
6.133466704772792610e+01,1.129880430925195256e+01
6.135467276364676081e+01,1.117041521684237892e+01
6.137467847956559552e+01,1.179712070147963487e+01
6.139468419548443023e+01,1.217567715536329231e+01
6.141468991140325784e+01,1.271207863670781890e+01
6.143469562732209255e+01,1.263115332007877711e+01
6.145470134324092726e+01,1.210836435628042906e+01
6.147470705915976197e+01,1.362635742193236865e+01
6.149471277507859668e+01,1.262468902913458280e+01
6.151471849099743139e+01,1.191546267016874694e+01
6.153472420691626610e+01,1.217023725676618895e+01
6.155472992283510081e+01,1.204033382992496115e+01
6.157473563875393552e+01,1.237137669052701128e+01
6.159474135467276312e+01,1.075232994117356533e+01
6.161474707059159783e+01,1.055620493011421246e+01
6.163475278651043254e+01,1.072494677608595559e+01
6.165475850242926725e+01,1.036618140913072850e+01
6.167476421834810196e+01,9.189450388079714926e+00
6.169476993426693667e+01,9.179391261674613389e+00
6.171477565018577138e+01,7.369952155317964326e+00
6.173478136610460609e+01,7.656561069503974082e+00
6.175478708202344080e+01,6.872757213821451217e+00
6.177479279794227551e+01,6.269444767462632129e+00
6.179479851386110312e+01,6.347045595176132871e+00
6.181480422977993783e+01,5.321182625660004106e+00
6.183480994569877254e+01,6.070619693078265655e+00
6.185481566161760725e+01,6.283715632360113545e+00
6.187482137753644196e+01,5.649015851144038258e+00
6.189482709345527667e+01,5.685417805874378949e+00
6.191483280937411138e+01,5.764906003014134583e+00
6.193483852529294609e+01,5.220833197693830918e+00
6.195484424121178080e+01,6.115784339816136672e+00
6.197484995713060840e+01,5.284160834882722924e+00
6.199485567304944311e+01,5.402369153843134875e+00
6.201486138896827782e+01,6.088005993591958820e+00
6.203486710488711253e+01,6.483342104505138259e+00
6.205487282080594724e+01,6.329589674483447226e+00
6.207487853672478195e+01,6.125490040268939396e+00
6.209488425264361666e+01,6.409782282835342571e+00
6.211488996856245137e+01,6.487128179520525784e+00
6.213489568448128608e+01,6.425691485855773877e+00
6.215490140040011369e+01,6.042744098067354130e+00
6.217490711631894840e+01,5.368154802459395469e+00
6.219491283223778311e+01,5.536034552043176404e+00
6.221491854815661782e+01,5.547036704956246567e+00
6.223492426407545253e+01,4.798376922215158658e+00
6.225492997999428724e+01,5.777801547198444965e+00
6.227493569591312195e+01,5.121628112916134512e+00
6.229494141183195666e+01,5.855696043442902621e+00
6.231494712775079137e+01,4.652780911969466970e+00
6.233495284366962608e+01,5.731217538605511308e+00
6.235495855958845368e+01,5.545278139548744711e+00
6.237496427550728839e+01,5.224600629381356498e+00
6.239496999142612310e+01,6.012178425992326325e+00
6.241497570734495781e+01,6.299206272705913712e+00
6.243498142326379252e+01,6.239938962031918557e+00
6.245498713918262723e+01,7.532437145077558682e+00
6.247499285510146194e+01,8.411601627555320704e+00
6.249499857102029665e+01,8.198320694673494557e+00
6.251500428693913136e+01,8.609590112368724846e+00
6.253501000285795897e+01,9.184087471741261055e+00
6.255501571877679368e+01,9.447854161133642847e+00
6.257502143469562839e+01,9.529202391915122305e+00
6.259502715061446310e+01,1.020093457358648337e+01
6.261503286653329781e+01,9.255135471973314765e+00
6.263503858245213252e+01,9.892614833097372440e+00
6.265504429837096723e+01,9.672592262079941605e+00
6.267505001428980194e+01,8.670439237360140439e+00
6.269505573020863665e+01,8.900622388772172044e+00
6.271506144612747136e+01,8.679474786002446152e+00
6.273506716204629896e+01,8.302424093167758201e+00
6.275507287796513367e+01,8.865525285075854356e+00
6.277507859388396838e+01,7.093452075441300408e+00
6.279508430980280309e+01,8.371141967520514982e+00
6.281509002572163780e+01,6.682155566591953644e+00
6.283509574164047251e+01,6.584090097256632745e+00
6.285510145755930722e+01,7.327064521745622727e+00
6.287510717347814193e+01,7.085174464181657861e+00
6.289511288939697664e+01,7.098164236223138523e+00
6.291511860531580425e+01,6.897981745463609649e+00
6.293512432123463896e+01,7.364436233524677355e+00
6.295513003715347367e+01,6.880459131271874362e+00
6.297513575307230838e+01,7.052846236143873959e+00
6.299514146899114309e+01,6.754103193424343843e+00
6.301514718490997780e+01,6.733175031192634385e+00
6.303515290082881251e+01,6.895181658840545680e+00
6.305515861674764722e+01,5.740797195816825571e+00
6.307516433266648193e+01,5.810042860155729016e+00
6.309517004858530953e+01,6.398065247088407403e+00
6.311517576450414424e+01,5.910951009419690649e+00
6.313518148042297895e+01,6.425876941204041515e+00
6.315518719634181366e+01,5.425224466187405170e+00
6.317519291226064837e+01,5.950702850266146982e+00
6.319519862817948308e+01,5.030826726029989260e+00
6.321520434409831779e+01,5.414656521333963468e+00
6.323521006001715250e+01,4.715119169300145074e+00
6.325521577593598721e+01,4.120636902791734002e+00
6.327522149185482192e+01,3.931257778824855720e+00
6.329522720777364952e+01,4.397587665500333642e+00
6.331523292369248423e+01,3.539210360962912638e+00
6.333523863961131894e+01,4.852778453656936719e+00
6.335524435553015365e+01,4.709108455392831516e+00
6.337525007144898836e+01,3.702068783286603715e+00
6.339525578736782307e+01,4.236743114554651690e+00
6.341526150328665778e+01,3.083102244274675385e+00
6.343526721920549249e+01,3.564109380300791496e+00
6.345527293512432720e+01,3.589417346602760794e+00
6.347527865104315481e+01,3.478823756387913413e+00
6.349528436696198952e+01,4.138148945962946357e+00
6.351529008288082423e+01,3.517617840971777099e+00
6.353529579879965894e+01,4.131083815256317848e+00
6.355530151471849365e+01,4.430994617904717714e+00
6.357530723063732836e+01,4.003587619063210035e+00
6.359531294655616307e+01,3.741307934991548567e+00
6.361531866247499778e+01,3.882867804963041181e+00
6.363532437839383249e+01,4.496365052786932104e+00
6.365533009431266720e+01,4.053198514460063073e+00
6.367533581023149480e+01,3.660497876166113329e+00
6.369534152615032951e+01,4.249259534745501554e+00
6.371534724206916422e+01,2.884622280880869472e+00
6.373535295798799893e+01,3.272782476668198992e+00
6.375535867390683364e+01,3.146193402512877046e+00
6.377536438982566835e+01,2.800683852934836349e+00
6.379537010574450306e+01,2.185006855650652557e+00
6.381537582166333777e+01,2.616792146785984041e+00
6.383538153758217248e+01,2.668535879495270269e+00
6.385538725350100009e+01,1.662009972204060215e+00
6.387539296941983480e+01,2.114692052759472141e+00
6.389539868533866951e+01,2.091841837643926727e+00
6.391540440125750422e+01,9.400390899553789925e-01
6.393541011717633893e+01,1.130926289963429809e+00
6.395541583309517364e+01,1.662710083358442725e+00
6.397542154901400835e+01,2.446783696605490110e+00
6.399542726493284306e+01,2.364173191056379686e+00
6.401543298085167066e+01,1.098896643237824655e+00
6.403543869677051248e+01,2.245799168200551588e+00
6.405544441268934008e+01,2.154355322594411426e+00
6.407545012860816769e+01,1.928187581800395733e+00
6.409545584452700950e+01,1.794730426383364108e+00
6.411546156044585132e+01,9.070362405273231232e-01
6.413546727636467892e+01,1.846462507397128805e+00
6.415547299228350653e+01,2.301427840068095421e+00
6.417547870820234834e+01,1.615413971435003981e+00
6.419548442412119016e+01,2.306081400253783276e+00
6.421549014004001776e+01,2.929699175685902102e+00
6.423549585595884537e+01,1.725067938942038026e+00
6.425550157187768718e+01,2.358232098721017689e+00
6.427550728779651479e+01,2.461078035345070525e+00
6.429551300371534239e+01,3.036599003476780467e+00
6.431551871963418421e+01,3.027412377393205567e+00
6.433552443555302602e+01,2.508974647289151871e+00
6.435553015147185363e+01,2.906725347877824106e+00
6.437553586739068123e+01,3.235785747789011957e+00
6.439554158330952305e+01,3.255905186729359357e+00
6.441554729922835065e+01,3.475629057599805005e+00
6.443555301514717826e+01,3.872055530489001196e+00
6.445555873106602007e+01,3.507002943669157879e+00
6.447556444698486189e+01,3.802431563908244883e+00
6.449557016290368949e+01,4.142117289818556536e+00
6.451557587882251710e+01,3.496426265715173010e+00
6.453558159474135891e+01,3.776559298111717311e+00
6.455558731066020073e+01,3.616200604362331816e+00
6.457559302657902833e+01,4.143670318014353704e+00
6.459559874249785594e+01,4.077766653667829644e+00
6.461560445841669775e+01,4.707523780596799767e+00
6.463561017433552536e+01,4.411497874825654364e+00
6.465561589025435296e+01,3.763546799045072611e+00
6.467562160617319478e+01,4.196063607070709800e+00
6.469562732209203659e+01,4.684174321776287897e+00
6.471563303801086420e+01,4.421065949891707092e+00
6.473563875392969180e+01,4.146019385788122236e+00
6.475564446984853362e+01,3.789379584989464256e+00
6.477565018576737543e+01,4.199914178941121179e+00
6.479565590168618883e+01,4.046821387695644034e+00
6.481566161760503064e+01,4.530615860844769749e+00
6.483566733352387246e+01,3.319232577725348854e+00
6.485567304944270006e+01,3.612362469745773907e+00
6.487567876536152767e+01,3.340538977157818223e+00
6.489568448128036948e+01,3.194892291912715621e+00
6.491569019719921130e+01,3.068413662982537371e+00
6.493569591311803890e+01,3.262714624858773504e+00
6.495570162903686651e+01,3.395512789658921449e+00
6.497570734495570832e+01,3.936157236973955253e+00
6.499571306087453593e+01,2.364707977034480990e+00
6.501571877679336353e+01,3.007344915066259006e+00
6.503572449271220535e+01,2.535125469332790260e+00
6.505573020863104716e+01,2.171896201091386480e+00
6.507573592454987477e+01,2.327844126567163663e+00
6.509574164046870237e+01,2.967495945334528429e+00
6.511574735638754419e+01,2.268538709022287048e+00
6.513575307230638600e+01,3.240737843415535835e+00
6.515575878822521361e+01,2.681855329941343236e+00
6.517576450414404121e+01,3.100972947862903339e+00
6.519577022006288303e+01,2.971488690510177388e+00
6.521577593598171063e+01,3.217414979554465759e+00
6.523578165190053824e+01,2.244897908078416826e+00
6.525578736781938005e+01,2.082084817241688590e+00
6.527579308373822187e+01,2.563813769611495985e+00
6.529579879965704947e+01,2.029103795541259192e+00
6.531580451557587708e+01,2.658779726053173142e+00
6.533581023149471889e+01,2.264409900850352209e+00
6.535581594741354650e+01,2.331199222578611785e+00
6.537582166333237410e+01,2.210722080505401088e+00
6.539582737925121592e+01,2.247730387563450449e+00
6.541583309517005773e+01,3.579315755091360352e+00
6.543583881108888534e+01,4.011121905695513412e+00
6.545584452700771294e+01,3.126821689186813025e+00
6.547585024292655476e+01,3.550076900721646833e+00
6.549585595884539657e+01,4.014833292782811647e+00
6.551586167476422418e+01,4.830605218443830395e+00
6.553586739068305178e+01,4.669404661879124063e+00
6.555587310660189360e+01,5.359525127216916651e+00
6.557587882252072120e+01,5.781361461610762476e+00
6.559588453843954881e+01,7.340948177615604919e+00
6.561589025435839062e+01,6.878157404939463149e+00
6.563589597027723244e+01,8.357031454150041228e+00
6.565590168619606004e+01,8.744555601101986042e+00
6.567590740211488765e+01,9.326001837885137036e+00
6.569591311803372946e+01,1.078398524604391184e+01
6.571591883395257128e+01,1.050883312418417148e+01
6.573592454987138467e+01,1.109795932090556647e+01
6.575593026579022649e+01,1.169631010638744328e+01
6.577593598170906830e+01,1.146585360569094192e+01
6.579594169762789591e+01,1.230207673485495690e+01
6.581594741354672351e+01,1.189833464394617835e+01
6.583595312946556533e+01,1.230336979362955319e+01
6.585595884538440714e+01,1.157117946157057808e+01
6.587596456130323475e+01,1.122768704837673326e+01
6.589597027722206235e+01,1.107626559931149224e+01
6.591597599314090417e+01,1.076678831987617002e+01
6.593598170905973177e+01,9.880958200285663295e+00
6.595598742497855937e+01,1.089409969324092131e+01
6.597599314089740119e+01,1.025879056750852314e+01
6.599599885681624301e+01,9.809705490838737774e+00
6.601600457273507061e+01,1.027185883385489973e+01
6.603601028865389821e+01,1.051701338127107377e+01
6.605601600457274003e+01,9.755973637436596846e+00
6.607602172049158185e+01,1.050096591779634991e+01
6.609602743641040945e+01,9.873651939611022499e+00
6.611603315232923705e+01,9.864111152137382987e+00
6.613603886824807887e+01,1.083115805073243898e+01
6.615604458416690647e+01,1.101046862206803567e+01
6.617605030008573408e+01,1.003132296263506440e+01
6.619605601600457589e+01,1.033092367846809978e+01
6.621606173192341771e+01,1.007735660628712182e+01
6.623606744784224531e+01,9.206114986538400657e+00
6.625607316376107292e+01,9.581382025258974977e+00
6.627607887967991473e+01,9.305182735030088637e+00
6.629608459559874234e+01,8.850635772795719447e+00
6.631609031151756994e+01,8.652173332552882457e+00
6.633609602743641176e+01,7.567058689970773244e+00
6.635610174335525357e+01,6.897575836859556553e+00
6.637610745927408118e+01,7.082293787479164493e+00
6.639611317519290878e+01,6.189288129641294489e+00
6.641611889111175060e+01,6.270810101911414414e+00
6.643612460703059241e+01,5.022580551945825533e+00
6.645613032294942002e+01,4.900192812374045026e+00
6.647613603886824762e+01,4.071235297803894149e+00
6.649614175478708944e+01,4.279317648398255791e+00
6.651614747070591704e+01,3.955011688966492134e+00
6.653615318662474465e+01,3.313204423719736003e+00
6.655615890254358646e+01,2.768409895188330694e+00
6.657616461846242828e+01,2.489319025878626412e+00
6.659617033438125588e+01,2.638463487779820760e+00
6.661617605030008349e+01,2.848472958365133145e+00
6.663618176621892530e+01,1.541807089960821164e+00
6.665618748213776712e+01,2.362961114791731987e+00
6.667619319805658051e+01,2.060657309928335845e+00
6.669619891397542233e+01,2.112009805737380841e+00
6.671620462989426414e+01,1.303489868023367748e+00
6.673621034581309175e+01,1.795296857838653670e+00
6.675621606173191935e+01,1.741637216983263681e+00
6.677622177765076117e+01,2.067516818604140383e+00
6.679622749356960298e+01,1.368352230725928154e+00
6.681623320948843059e+01,1.648055576678237211e+00
6.683623892540725819e+01,9.060634802346746453e-01
6.685624464132610001e+01,7.939273265349741093e-01
6.687625035724492761e+01,1.932344109035000201e+00
6.689625607316375522e+01,9.278756667932613889e-01
6.691626178908259703e+01,2.322231487567495645e+00
6.693626750500143885e+01,1.922365672354478416e+00
6.695627322092026645e+01,1.157267042755864006e+00
6.697627893683909406e+01,1.088108249137952122e+00
6.699628465275793587e+01,1.127103918330113475e+00
6.701629036867677769e+01,1.857899028927562313e+00
6.703629608459560529e+01,1.715908397544856356e+00
6.705630180051443290e+01,1.248024424498521689e+00
6.707630751643327471e+01,1.398482283995135855e+00
6.709631323235210232e+01,1.463897999572493003e+00
6.711631894827092992e+01,7.511807569848786281e-01
6.713632466418977174e+01,1.087985382743797524e+00
6.715633038010861355e+01,1.389765244200171335e+00
6.717633609602744116e+01,1.367234252794079730e+00
6.719634181194626876e+01,8.468545978032213650e-01
6.721634752786511058e+01,1.746135750483484017e+00
6.723635324378393818e+01,1.011683306903717661e+00
6.725635895970276579e+01,1.198155220772509244e+00
6.727636467562160760e+01,1.234845892610496376e+00
6.729637039154044942e+01,1.951782128562115748e+00
6.731637610745927702e+01,1.162001217634057504e+00
6.733638182337810463e+01,2.284052123329601169e+00
6.735638753929694644e+01,1.870267843523204521e+00
6.737639325521578826e+01,1.745325349919041091e+00
6.739639897113461586e+01,1.800974296834820798e+00
6.741640468705344347e+01,1.653685596868758934e+00
6.743641040297228528e+01,1.864500459938271293e+00
6.745641611889111289e+01,2.214734934845128844e+00
6.747642183480994049e+01,2.706457494368946115e+00
6.749642755072878231e+01,3.214740721569270043e+00
6.751643326664762412e+01,2.743640417197089842e+00
6.753643898256645173e+01,2.629789428710968657e+00
6.755644469848527933e+01,3.199775951303680976e+00
6.757645041440412115e+01,2.893620558345864069e+00
6.759645613032296296e+01,3.302029788614166073e+00
6.761646184624177636e+01,3.138206783061544325e+00
6.763646756216061817e+01,4.292689791370135843e+00
6.765647327807945999e+01,3.819787903326155920e+00
6.767647899399828759e+01,2.918179364157286848e+00
6.769648470991711520e+01,3.551979471305576119e+00
6.771649042583595701e+01,3.212684436953398670e+00
6.773649614175479883e+01,3.823943773356541787e+00
6.775650185767362643e+01,4.494493589179390014e+00
6.777650757359245404e+01,3.634551601575143565e+00
6.779651328951129585e+01,3.499080938399293572e+00
6.781651900543012346e+01,3.355702541607737288e+00
6.783652472134895106e+01,3.417937579848148832e+00
6.785653043726779288e+01,4.015021688669545341e+00
6.787653615318663469e+01,4.154291613429929697e+00
6.789654186910546230e+01,3.444409813911512686e+00
6.791654758502428990e+01,2.941834264891043826e+00
6.793655330094313172e+01,4.259433176462302129e+00
6.795655901686197353e+01,4.106804152465315383e+00
6.797656473278080114e+01,3.951205861308664247e+00
6.799657044869962874e+01,3.629158771760304436e+00
6.801657616461847056e+01,3.867083842558974638e+00
6.803658188053729816e+01,3.762054707411726540e+00
6.805658759645612577e+01,4.348089097206790044e+00
6.807659331237496758e+01,3.478829800783322490e+00
6.809659902829380940e+01,3.947173278298221621e+00
6.811660474421263700e+01,2.734070233262527516e+00
6.813661046013146461e+01,2.204930759898557469e+00
6.815661617605030642e+01,3.020673759144906434e+00
6.817662189196913403e+01,2.925263431879486564e+00
6.819662760788796163e+01,3.046222823558561554e+00
6.821663332380680345e+01,3.141501468379136686e+00
6.823663903972564526e+01,2.529876279600796085e+00
6.825664475564447287e+01,1.428437312359545741e+00
6.827665047156330047e+01,2.099587438542883877e+00
6.829665618748214229e+01,2.246046158234857870e+00
6.831666190340098410e+01,1.317645701559250426e+00
6.833666761931981171e+01,1.606743929362954404e+00
6.835667333523863931e+01,1.737700588944133706e+00
6.837667905115748113e+01,2.489414632189359544e+00
6.839668476707630873e+01,2.260172565063552241e+00
6.841669048299513634e+01,1.426390018408572491e+00
6.843669619891397815e+01,2.084819003113757674e+00
6.845670191483281997e+01,1.667671062440499785e+00
6.847670763075164757e+01,3.140345276229856708e+00
6.849671334667047518e+01,2.057946917557553324e+00
6.851671906258931699e+01,2.116624330945834132e+00
6.853672477850815881e+01,1.709640950211033683e+00
6.855673049442697220e+01,2.057063976235900871e+00
6.857673621034581402e+01,2.389364484945827538e+00
6.859674192626465583e+01,1.827283210944407266e+00
6.861674764218348344e+01,2.384445112498079666e+00
6.863675335810231104e+01,2.858813807142267294e+00
6.865675907402115286e+01,2.632128462336673191e+00
6.867676478993999467e+01,2.295088626679302912e+00
6.869677050585882228e+01,2.262378764820164534e+00
6.871677622177764988e+01,2.869292684078981637e+00
6.873678193769649170e+01,3.060146084386989429e+00
6.875678765361531930e+01,3.023461735476666412e+00
6.877679336953414690e+01,3.457120534355861086e+00
6.879679908545298872e+01,3.860482564365517621e+00
6.881680480137183054e+01,3.799505411537255739e+00
6.883681051729065814e+01,3.909638452445710399e+00
6.885681623320948574e+01,4.087394210406648298e+00
6.887682194912832756e+01,4.260626514552929400e+00
6.889682766504716938e+01,4.825755296754914880e+00
6.891683338096599698e+01,4.943684330722875941e+00
6.893683909688482458e+01,4.257455631569064813e+00
6.895684481280366640e+01,4.908683965967162166e+00
6.897685052872249400e+01,4.314092831453701038e+00
6.899685624464132161e+01,5.053474153007936565e+00
6.901686196056016342e+01,4.714204801751170848e+00
6.903686767647900524e+01,4.620603418976596544e+00
6.905687339239783284e+01,5.147340359457773573e+00
6.907687910831666045e+01,4.347207559037698843e+00
6.909688482423550226e+01,4.835995159795061227e+00
6.911689054015432987e+01,4.443035254967830028e+00
6.913689625607315747e+01,3.964730070971549836e+00
6.915690197199199929e+01,4.654228730472912190e+00
6.917690768791084110e+01,4.539505324856538238e+00
6.919691340382966871e+01,3.993996014566045361e+00
6.921691911974849631e+01,3.585519241397282730e+00
6.923692483566733813e+01,3.713911057096334289e+00
6.925693055158617994e+01,3.501215258297880162e+00
6.927693626750500755e+01,3.656903289964046344e+00
6.929694198342383515e+01,2.996926210468188412e+00
6.931694769934267697e+01,3.147934769383199161e+00
6.933695341526150457e+01,3.064939590510842304e+00
6.935695913118033218e+01,3.162737411017956912e+00
6.937696484709917399e+01,3.013420251182693743e+00
6.939697056301801581e+01,2.928014042207867984e+00
6.941697627893684341e+01,2.799733322216358733e+00
6.943698199485567102e+01,2.969423001765429948e+00
6.945698771077451283e+01,2.937120781884820175e+00
6.947699342669335465e+01,3.294862674495635080e+00
6.949699914261216804e+01,2.835959154192199350e+00
6.951700485853100986e+01,2.528925633150320262e+00
6.953701057444985167e+01,3.072688646759830000e+00
6.955701629036867928e+01,2.498408330705792046e+00
6.957702200628750688e+01,2.979274989719818301e+00
6.959702772220634870e+01,2.761316357218762008e+00
6.961703343812519051e+01,1.942459341365877723e+00
6.963703915404401812e+01,2.869875139290309018e+00
6.965704486996284572e+01,1.620119854225211098e+00
6.967705058588168754e+01,1.848951311023606214e+00
6.969705630180051514e+01,2.458667738310012396e+00
6.971706201771934275e+01,2.605700849400748087e+00
6.973706773363818456e+01,1.240058422914927849e+00
6.975707344955702638e+01,1.945610871566997302e+00
6.977707916547585398e+01,1.190828612183147506e+00
6.979708488139468159e+01,1.677335235958107518e+00
6.981709059731352340e+01,1.008096454890843541e+00
6.983709631323236522e+01,1.406091289303734060e+00
6.985710202915119282e+01,9.606250692188109674e-01
6.987710774507002043e+01,1.030960094694886031e+00
6.989711346098886224e+01,1.758796778987172793e+00
6.991711917690768985e+01,2.040574221488244522e+00
6.993712489282651745e+01,1.909241976929684892e+00
6.995713060874535927e+01,1.432820553434211774e+00
6.997713632466420108e+01,1.733093506923378158e+00
6.999714204058302869e+01,1.584458169268431416e+00
7.001714775650185629e+01,1.264286915230464770e+00
7.003715347242069811e+01,1.586106491761414272e+00
7.005715918833952571e+01,8.016243264556028869e-01
7.007716490425835332e+01,1.772830538631614106e+00
7.009717062017719513e+01,1.556426187605763012e+00
7.011717633609603695e+01,7.757804018983274208e-01
7.013718205201486455e+01,1.651436581358832534e+00
7.015718776793369216e+01,1.197299330531453876e+00
7.017719348385253397e+01,1.493691412574733590e+00
7.019719919977137579e+01,1.555758453044981504e+00
7.021720491569020339e+01,1.762265804620605003e+00
7.023721063160903100e+01,1.293555284243601777e+00
7.025721634752787281e+01,1.153430714840898652e+00
7.027722206344670042e+01,1.378785058297478550e+00
7.029722777936552802e+01,6.142346181847668785e-01
7.031723349528436984e+01,1.173638192334487629e+00
7.033723921120321165e+01,7.699512240492618620e-01
7.035724492712203926e+01,1.267553040353343263e+00
7.037725064304086686e+01,1.072045271278188050e+00
7.039725635895970868e+01,1.127756802132225733e+00
7.041726207487855049e+01,1.415544474622829618e+00
7.043726779079736389e+01,1.815269810681203300e+00
7.045727350671620570e+01,1.904429187458838602e+00
7.047727922263504752e+01,1.731446921351234902e+00
7.049728493855387512e+01,2.661800490625126692e+00
7.051729065447270273e+01,2.294383193279561972e+00
7.053729637039154454e+01,3.039963840050505794e+00
7.055730208631038636e+01,2.669900433156012109e+00
7.057730780222921396e+01,3.022299973269396922e+00
7.059731351814804157e+01,3.326510762862398884e+00
7.061731923406688338e+01,3.238667891853679315e+00
7.063732494998571099e+01,4.426284207877488441e+00
7.065733066590453859e+01,4.749504055253170876e+00
7.067733638182338041e+01,5.373328664715439906e+00
7.069734209774222222e+01,5.090548273441759086e+00
7.071734781366104983e+01,6.070286333192466799e+00
7.073735352957987743e+01,5.874592292145489836e+00
7.075735924549871925e+01,6.540132892836056477e+00
7.077736496141756106e+01,6.960249690441552062e+00
7.079737067733638867e+01,6.941656275695994083e+00
7.081737639325521627e+01,7.651326939787619352e+00
7.083738210917405809e+01,7.978499015624218593e+00
7.085738782509288569e+01,7.522649250353323325e+00
7.087739354101171330e+01,8.110724656790868181e+00
7.089739925693055511e+01,8.444005722814573289e+00
7.091740497284939693e+01,8.751494349460534394e+00
7.093741068876822453e+01,9.190809247756753564e+00
7.095741640468705214e+01,8.680341942963400115e+00
7.097742212060589395e+01,8.167647093356796617e+00
7.099742783652472156e+01,7.817680246874493477e+00
7.101743355244354916e+01,7.668541816818345680e+00
7.103743926836239098e+01,6.866038903911082514e+00
7.105744498428123279e+01,7.065781369294020564e+00
7.107745070020006040e+01,7.185183167547229743e+00
7.109745641611888800e+01,7.337184221330247169e+00
7.111746213203772982e+01,6.467916722952274711e+00
7.113746784795657163e+01,5.826448699591253444e+00
7.115747356387539924e+01,5.622042341944252897e+00
7.117747927979422684e+01,5.310511563277735547e+00
7.119748499571306866e+01,5.051997159338077026e+00
7.121749071163189626e+01,5.118297229124298298e+00
7.123749642755072387e+01,4.142610083304554713e+00
7.125750214346956568e+01,4.546302779740056366e+00
7.127750785938840750e+01,4.395292799752995805e+00
7.129751357530723510e+01,4.612360966268256313e+00
7.131751929122606271e+01,3.897067023481389558e+00
7.133752500714490452e+01,3.721497716190970362e+00
7.135753072306374634e+01,4.142427636887933140e+00
7.137753643898255973e+01,2.965913357966993402e+00
7.139754215490140155e+01,3.647717028102567483e+00
7.141754787082024336e+01,2.266981135339058984e+00
7.143755358673907097e+01,2.253468037282262415e+00
7.145755930265789857e+01,2.595308368341749272e+00
7.147756501857674039e+01,3.041762338195356463e+00
7.149757073449558220e+01,2.109267640517868081e+00
7.151757645041440981e+01,2.014430871831156988e+00
7.153758216633323741e+01,2.085291759478633988e+00
7.155758788225207923e+01,1.169317508612312873e+00
7.157759359817090683e+01,2.378456394890299030e+00
7.159759931408973443e+01,1.833279965942173018e+00
7.161760503000857625e+01,1.908026807559977112e+00
7.163761074592741807e+01,1.946153362906446915e+00
7.165761646184624567e+01,1.780393474705369794e+00
7.167762217776507327e+01,1.940403283018599101e+00
7.169762789368391509e+01,2.395413584658946604e+00
7.171763360960275691e+01,2.434592330657429304e+00
7.173763932552158451e+01,1.387501823044249960e+00
7.175764504144041211e+01,1.850799109985636015e+00
7.177765075735925393e+01,1.929047389851705985e+00
7.179765647327808153e+01,2.454421313196030852e+00
7.181766218919690914e+01,2.108188022765346226e+00
7.183766790511575095e+01,2.897068269033428400e+00
7.185767362103459277e+01,3.074338989246592213e+00
7.187767933695342037e+01,2.672658367174059801e+00
7.189768505287224798e+01,3.301903008122432759e+00
7.191769076879108979e+01,3.201507226705866849e+00
7.193769648470991740e+01,3.904096932009989196e+00
7.195770220062874500e+01,3.312904350338880644e+00
7.197770791654758682e+01,4.350236139883421949e+00
7.199771363246642863e+01,3.721746364725681211e+00
7.201771934838525624e+01,3.314499358590661693e+00
7.203772506430408384e+01,4.509788205486315427e+00
7.205773078022292566e+01,3.909110831162127209e+00
7.207773649614176747e+01,4.088764045426377614e+00
7.209774221206059508e+01,4.293690648229605777e+00
7.211774792797942268e+01,4.101195038414208405e+00
7.213775364389826450e+01,3.874979110495193169e+00
7.215775935981709210e+01,4.291032768085032423e+00
7.217776507573591971e+01,3.298921768133063814e+00
7.219777079165476152e+01,3.943795238631832234e+00
7.221777650757360334e+01,3.959339250371909813e+00
7.223778222349243094e+01,4.343311531260927616e+00
7.225778793941125855e+01,3.437043552820535641e+00
7.227779365533010036e+01,3.776213429199625438e+00
7.229779937124894218e+01,3.887138717185795400e+00
7.231780508716775557e+01,4.524585874611284808e+00
7.233781080308659739e+01,4.989300086517932442e+00
7.235781651900543920e+01,4.810299727249736534e+00
7.237782223492426681e+01,5.765394318100517168e+00
7.239782795084309441e+01,5.407381377479432594e+00
7.241783366676193623e+01,6.061339626831040661e+00
7.243783938268077804e+01,6.412378953926559433e+00
7.245784509859960565e+01,7.338394605165994733e+00
7.247785081451843325e+01,7.061473223397953802e+00
7.249785653043727507e+01,6.766491652931948764e+00
7.251786224635610267e+01,7.908841713826647357e+00
7.253786796227493028e+01,7.919257779535104014e+00
7.255787367819377209e+01,6.991157307731175052e+00
7.257787939411261391e+01,6.969224331808083761e+00
7.259788511003144151e+01,5.988386899523440832e+00
7.261789082595026912e+01,6.366867481389935080e+00
7.263789654186911093e+01,6.547565412014838770e+00
7.265790225778795275e+01,6.007252737454195746e+00
7.267790797370678035e+01,5.385207637054282515e+00
7.269791368962560796e+01,5.084229026632726800e+00
7.271791940554444977e+01,5.182280793909178840e+00
7.273792512146327738e+01,5.083603414822452038e+00
7.275793083738210498e+01,4.774409928882272780e+00
7.277793655330094680e+01,4.391899928623767657e+00
7.279794226921978861e+01,4.398719523165830481e+00
7.281794798513861622e+01,3.944678358806454455e+00
7.283795370105744382e+01,4.263857751411554986e+00
7.285795941697628564e+01,3.541791499058223103e+00
7.287796513289511324e+01,4.059425042309616316e+00
7.289797084881394085e+01,4.125516350884177896e+00
7.291797656473278266e+01,4.481501239867215602e+00
7.293798228065162448e+01,3.667105816263320328e+00
7.295798799657045208e+01,3.889267871466120852e+00
7.297799371248927969e+01,3.616648218196451214e+00
7.299799942840812150e+01,3.354881518047542421e+00
7.301800514432696332e+01,3.093245292828538773e+00
7.303801086024579092e+01,3.277838513993833303e+00
7.305801657616461853e+01,3.365991861027206156e+00
7.307802229208346034e+01,2.853166961382457067e+00
7.309802800800228795e+01,2.968846350101612686e+00
7.311803372392111555e+01,2.892132661390229398e+00
7.313803943983995737e+01,2.319948311381386574e+00
7.315804515575879918e+01,2.937723403443744274e+00
7.317805087167762679e+01,2.067701974184937175e+00
7.319805658759645439e+01,2.678646407688030973e+00
7.321806230351529621e+01,2.199519664951029796e+00
7.323806801943413802e+01,1.330005181095104572e+00
7.325807373535295142e+01,2.130631049798169308e+00
7.327807945127179323e+01,1.297377248308358544e+00
7.329808516719063505e+01,1.339139915012041326e+00
7.331809088310946265e+01,1.210191180910483055e+00
7.333809659902829026e+01,7.569366897262708171e-01
7.335810231494713207e+01,1.415079265539495701e+00
7.337810803086597389e+01,1.103060111195075521e+00
7.339811374678480149e+01,1.272418977357966607e+00
7.341811946270362910e+01,2.013948512955085146e+00
7.343812517862247091e+01,1.473551917636910291e+00
7.345813089454129852e+01,1.183903848954600768e+00
7.347813661046012612e+01,7.664791311729731715e-01
7.349814232637896794e+01,1.291284027176149873e+00
7.351814804229780975e+01,7.407077566168740468e-01
7.353815375821663736e+01,7.467986715649791440e-01
7.355815947413546496e+01,1.432091269597348449e+00
7.357816519005430678e+01,1.522968327415897605e+00
7.359817090597314859e+01,1.027612233918751450e+00
7.361817662189197620e+01,1.288249142749673615e+00
7.363818233781080380e+01,1.317106909268129566e+00
7.365818805372964562e+01,2.049149357569307384e+00
7.367819376964847322e+01,1.242626899743496383e+00
7.369819948556730083e+01,8.281549152213638632e-01
7.371820520148614264e+01,1.468660196959975295e+00
7.373821091740498446e+01,2.088633018632952698e+00
7.375821663332381206e+01,2.062166084760007401e+00
7.377822234924263967e+01,1.938929443943004038e+00
7.379822806516148148e+01,1.423021125243698837e+00
7.381823378108030909e+01,2.131923508201718054e+00
7.383823949699913669e+01,1.521573629285003282e+00
7.385824521291797851e+01,1.963320170052071933e+00
7.387825092883682032e+01,1.693789298310677705e+00
7.389825664475564793e+01,2.129483366589777216e+00
7.391826236067447553e+01,2.093450301713041917e+00
7.393826807659331735e+01,1.717891433962858816e+00
7.395827379251215916e+01,2.526373542944726047e+00
7.397827950843098677e+01,1.901946555541628836e+00
7.399828522434981437e+01,2.091723704779757664e+00
7.401829094026865619e+01,2.119030075838213456e+00
7.403829665618748379e+01,2.424824730997639399e+00
7.405830237210632561e+01,1.478588298432083503e+00
7.407830808802515321e+01,1.056976733988592265e+00
7.409831380394398082e+01,1.738249350185213649e+00
7.411831951986282263e+01,1.115106397964584772e+00
7.413832523578165024e+01,1.763131041509578223e+00
7.415833095170049205e+01,1.812174001314405647e+00
7.417833666761931966e+01,2.237013593181877091e+00
7.419834238353816147e+01,1.409484344842364401e+00
7.421834809945698908e+01,1.774548341350944858e+00
7.423835381537583089e+01,2.550822362200566573e+00
7.425835953129465850e+01,2.301681368821127727e+00
7.427836524721348610e+01,1.729414892164687023e+00
7.429837096313232792e+01,1.771240002501333732e+00
7.431837667905115552e+01,2.150941391592283036e+00
7.433838239496999734e+01,2.495007234911355454e+00
7.435838811088882494e+01,2.167128550534438425e+00
7.437839382680766676e+01,2.226753254403031512e+00
7.439839954272649436e+01,2.167067529841379958e+00
7.441840525864533618e+01,2.358772219473040721e+00
7.443841097456416378e+01,2.809609865832714881e+00
7.445841669048300560e+01,2.695348024110268526e+00
7.447842240640183320e+01,3.306232720877776643e+00
7.449842812232066080e+01,3.305386207437281509e+00
7.451843383823950262e+01,3.346811071808135196e+00
7.453843955415833022e+01,3.270808241669784344e+00
7.455844527007717204e+01,3.876159489657942991e+00
7.457845098599599964e+01,4.457434245899980496e+00
7.459845670191484146e+01,4.897262443656796194e+00
7.461846241783366906e+01,4.378922318826699467e+00
7.463846813375251088e+01,3.927423006915476300e+00
7.465847384967133848e+01,4.599659635883840636e+00
7.467847956559016609e+01,4.620317274962475018e+00
7.469848528150900790e+01,4.341283460174475195e+00
7.471849099742783551e+01,4.619783000489775304e+00
7.473849671334667732e+01,4.475889831460774460e+00
7.475850242926550493e+01,4.002528340274509766e+00
7.477850814518434674e+01,4.000803014522572809e+00
7.479851386110317435e+01,4.529592721973358493e+00
7.481851957702201616e+01,3.899118756858370283e+00
7.483852529294084377e+01,4.384728999635997937e+00
7.485853100885967137e+01,4.526128671483297339e+00
7.487853672477851319e+01,4.166288399942059684e+00
7.489854244069734079e+01,4.934755862926671455e+00
7.491854815661618261e+01,4.333219719664151981e+00
7.493855387253501021e+01,4.434090875227975737e+00
7.495855958845385203e+01,4.544269934221897955e+00
7.497856530437267963e+01,5.630266455844783025e+00
7.499857102029152145e+01,5.228756387339499767e+00
7.501857673621034905e+01,5.145062674636180944e+00
7.503858245212917666e+01,4.756332780469877619e+00
7.505858816804801847e+01,5.618248886432407829e+00
7.507859388396684608e+01,4.623703087451025873e+00
7.509859959988568789e+01,4.875910904047680461e+00
7.511860531580451550e+01,4.289214953518285967e+00
7.513861103172335731e+01,4.643305717720046744e+00
7.515861674764218492e+01,4.926153596005824475e+00
7.517862246356102673e+01,4.885800593334659325e+00
7.519862817947985434e+01,4.917071498188033019e+00
7.521863389539868194e+01,5.575763511527533467e+00
7.523863961131752376e+01,5.597163023160785400e+00
7.525864532723635136e+01,4.996411451610667243e+00
7.527865104315519318e+01,5.177599259078457195e+00
7.529865675907402078e+01,5.369901714537451909e+00
7.531866247499286260e+01,6.121527292237901818e+00
7.533866819091169020e+01,6.606386487795701257e+00
7.535867390683053202e+01,6.684928377564029134e+00
7.537867962274935962e+01,6.999582298345369935e+00
7.539868533866820144e+01,8.128078648828921615e+00
7.541869105458702904e+01,8.134819970853811810e+00
7.543869677050585665e+01,7.733294539155651570e+00
7.545870248642469846e+01,8.084317138423688931e+00
7.547870820234352607e+01,8.250864614840178746e+00
7.549871391826236788e+01,7.830357374309516061e+00
7.551871963418119549e+01,9.225947498508471512e+00
7.553872535010003730e+01,9.502143727741378498e+00
7.555873106601886491e+01,9.389792910209354915e+00
7.557873678193770672e+01,9.353366976147874823e+00
7.559874249785653433e+01,9.279828014083948418e+00
7.561874821377536193e+01,8.934099214781488385e+00
7.563875392969420375e+01,9.172231425347359135e+00
7.565875964561303135e+01,9.863417072829664178e+00
7.567876536153187317e+01,9.077317129897142678e+00
7.569877107745070077e+01,8.239267915947877441e+00
7.571877679336954259e+01,8.237708044722735323e+00
7.573878250928837019e+01,9.199427382823316179e+00
7.575878822520721201e+01,8.382753903523109784e+00
7.577879394112603961e+01,7.650743905926179700e+00
7.579879965704486722e+01,8.037997400498579026e+00
7.581880537296370903e+01,7.704688880495702996e+00
7.583881108888253664e+01,8.424796620909784650e+00
7.585881680480137845e+01,8.628264894209042524e+00
7.587882252072020606e+01,7.884810447377322618e+00
7.589882823663904787e+01,7.283230609080811213e+00
7.591883395255787548e+01,8.197081332989673896e+00
7.593883966847671729e+01,6.766012714798559813e+00
7.595884538439554490e+01,6.745049315217106489e+00
7.597885110031437250e+01,6.254999809630864327e+00
7.599885681623321432e+01,6.626433378284014353e+00
7.601886253215204192e+01,5.576556419294280253e+00
7.603886824807088374e+01,5.007148878887877963e+00
7.605887396398971134e+01,4.536249441061316112e+00
7.607887967990855316e+01,4.159651490352804792e+00
7.609888539582738076e+01,3.562704678442062178e+00
7.611889111174622258e+01,4.260532630713388613e+00
7.613889682766505018e+01,3.236453918063088686e+00
7.615890254358387779e+01,2.077670959791189098e+00
7.617890825950271960e+01,2.295963805299284566e+00
7.619891397542154721e+01,2.918607304716408279e+00
7.621891969134038902e+01,2.306891506365678524e+00
7.623892540725921663e+01,2.311553644180038614e+00
7.625893112317805844e+01,2.612276182017874149e+00
7.627893683909688605e+01,1.840813115448310278e+00
7.629894255501572786e+01,1.741948238613330924e+00
7.631894827093455547e+01,1.665483807984353470e+00
7.633895398685339728e+01,1.873376895472890435e+00
7.635895970277222489e+01,1.926345613396605039e+00
7.637896541869105249e+01,1.586408784907316516e+00
7.639897113460989431e+01,1.461870714436316332e+00
7.641897685052872191e+01,1.658978144713585179e+00
7.643898256644756373e+01,2.060323948923499238e+00
7.645898828236639133e+01,1.600457327854353018e+00
7.647899399828523315e+01,9.628725759294164410e-01
7.649899971420406075e+01,2.153965170318764333e+00
7.651900543012290257e+01,1.440549212980934746e+00
7.653901114604173017e+01,2.017657249617651249e+00
7.655901686196055778e+01,1.542704454154003146e+00
7.657902257787939959e+01,1.372108060198090840e+00
7.659902829379822720e+01,2.301424600984911084e+00
7.661903400971706901e+01,1.343215490591417982e+00
7.663903972563589662e+01,1.572583136818308525e+00
7.665904544155473843e+01,1.632816397940530351e+00
7.667905115747356604e+01,1.664742118425117212e+00
7.669905687339240785e+01,1.787861484382704091e+00
7.671906258931123546e+01,1.734916457965728576e+00
7.673906830523006306e+01,1.381843415989830293e+00
7.675907402114890488e+01,1.573251792214344968e+00
7.677907973706773248e+01,1.382562896717982159e+00
7.679908545298657430e+01,1.732986230716941467e+00
7.681909116890540190e+01,1.261982846822465643e+00
7.683909688482424372e+01,1.983781920150111455e+00
7.685910260074307132e+01,1.266854720654197797e+00
7.687910831666191314e+01,1.670964396844119015e+00
7.689911403258074074e+01,1.881617299835826707e+00
7.691911974849956835e+01,1.162272179005101158e+00
7.693912546441841016e+01,1.241089886957051469e+00
7.695913118033723777e+01,1.571809452941375529e+00
7.697913689625607958e+01,2.136033654313498786e+00
7.699914261217490719e+01,1.813024089899072600e+00
7.701914832809374900e+01,2.666978904253230365e+00
7.703915404401257661e+01,2.770697727368729879e+00
7.705915975993141842e+01,2.397054907983005911e+00
7.707916547585024603e+01,1.883219528696125078e+00
7.709917119176907363e+01,2.427562608882886330e+00
7.711917690768791545e+01,2.300091580078599485e+00
7.713918262360674305e+01,2.515953916309340954e+00
7.715918833952558487e+01,3.241021749728132395e+00
7.717919405544441247e+01,2.545750921499792874e+00
7.719919977136325429e+01,2.272712463677573957e+00
7.721920548728208189e+01,2.513455693074941877e+00
7.723921120320092371e+01,2.912832107737254539e+00
7.725921691911975131e+01,2.133229572765953819e+00
7.727922263503859313e+01,3.367367908962397571e+00
7.729922835095742073e+01,3.287552814162655768e+00
7.731923406687624833e+01,3.016000584549769936e+00
7.733923978279509015e+01,2.916879226551964965e+00
7.735924549871391775e+01,3.159684955817634311e+00
7.737925121463275957e+01,2.653890938560141244e+00
7.739925693055158717e+01,2.814210957338577845e+00
7.741926264647042899e+01,3.007537139326811104e+00
7.743926836238925659e+01,2.052948454984520943e+00
7.745927407830809841e+01,2.227855992103083160e+00
7.747927979422692601e+01,2.381999471482795450e+00
7.749928551014575362e+01,1.969328831530192669e+00
7.751929122606459543e+01,2.770667297244318483e+00
7.753929694198342304e+01,2.800276997271565094e+00
7.755930265790226485e+01,2.138431093755158940e+00
7.757930837382109246e+01,2.438153320517499889e+00
7.759931408973993427e+01,1.661344011920137476e+00
7.761931980565876188e+01,2.193011924648220923e+00
7.763932552157760369e+01,2.198496630043488054e+00
7.765933123749643130e+01,1.669658011871715697e+00
7.767933695341525890e+01,2.539985332001188922e+00
7.769934266933410072e+01,2.774885339919444860e+00
7.771934838525292832e+01,1.736215391361010774e+00
7.773935410117177014e+01,2.508397863465955169e+00
7.775935981709059774e+01,2.851272506783566030e+00
7.777936553300943956e+01,2.652983630971012641e+00
7.779937124892826716e+01,2.137447018973974266e+00
7.781937696484710898e+01,2.632768977498062934e+00
7.783938268076593658e+01,3.481066673978588710e+00
7.785938839668476419e+01,2.871230694648356341e+00
7.787939411260360600e+01,3.108174377201687211e+00
7.789939982852243361e+01,2.879269970743718154e+00
7.791940554444127542e+01,3.493058001982579874e+00
7.793941126036010303e+01,3.451850191421217851e+00
7.795941697627894484e+01,3.542640280017659293e+00
7.797942269219777245e+01,3.605880811327470070e+00
7.799942840811661426e+01,2.828672602548186976e+00
7.801943412403544187e+01,3.593856345833421173e+00
7.803943983995426947e+01,3.351871815203473215e+00
7.805944555587311129e+01,2.768703148689477533e+00
7.807945127179193889e+01,2.986641623117303634e+00
7.809945698771078071e+01,2.866586447151663108e+00
7.811946270362960831e+01,2.451926228655937567e+00
7.813946841954845013e+01,2.092447060550666205e+00
7.815947413546727773e+01,2.904737920575651167e+00
7.817947985138611955e+01,1.992780149234038678e+00
7.819948556730494715e+01,2.131707737541939096e+00
7.821949128322378897e+01,1.971255679192998933e+00
7.823949699914261657e+01,1.377272877134262608e+00
7.825950271506144418e+01,1.999136596615354478e+00
7.827950843098028599e+01,2.691286119805668786e+00
7.829951414689911360e+01,2.327456049703961583e+00
7.831951986281795541e+01,2.125162922716095970e+00
7.833952557873678302e+01,1.819658442767404960e+00
7.835953129465562483e+01,2.010969795968781337e+00
7.837953701057445244e+01,2.368113719841775655e+00
7.839954272649329425e+01,2.569197143295571806e+00
7.841954844241212186e+01,2.504285533324895674e+00
7.843955415833094946e+01,2.654113578927653982e+00
7.845955987424979128e+01,1.442181640868918313e+00
7.847956559016861888e+01,1.829767837983472312e+00
7.849957130608746070e+01,2.700663629251827125e+00
7.851957702200628830e+01,1.793884776917182400e+00
7.853958273792513012e+01,1.509727483668141801e+00
7.855958845384395772e+01,1.961393535658666254e+00
7.857959416976279954e+01,1.401134945122074926e+00
7.859959988568162714e+01,2.266411726455789921e+00
7.861960560160045475e+01,1.926025214311398281e+00
7.863961131751929656e+01,2.341148332238996321e+00
7.865961703343812417e+01,2.058026111097474242e+00
7.867962274935696598e+01,2.464692161407158189e+00
7.869962846527579359e+01,1.398684259252739093e+00
7.871963418119463540e+01,1.655654911498780413e+00
7.873963989711346301e+01,2.128675153026549083e+00
7.875964561303230482e+01,9.532074243904473665e-01
7.877965132895113243e+01,2.270143154421813136e+00
7.879965704486996003e+01,1.849394789858641364e+00
7.881966276078880185e+01,1.643068251474495423e+00
7.883966847670762945e+01,2.112490500324132547e+00
7.885967419262647127e+01,1.854282996107156745e+00
7.887967990854529887e+01,1.161829717234241111e+00
7.889968562446414069e+01,1.312857851385389463e+00
7.891969134038296829e+01,1.302711227335694666e+00
7.893969705630181011e+01,1.216496882000591473e+00
7.895970277222063771e+01,1.022061499118982919e+00
7.897970848813946532e+01,8.839264200776931757e-01
7.899971420405830713e+01,1.320865467479691802e+00
7.901971991997713474e+01,1.843725376360696000e+00
7.903972563589597655e+01,1.031149729449227115e+00
7.905973135181480416e+01,1.406761892165490746e+00
7.907973706773364597e+01,8.873300344219039459e-01
7.909974278365247358e+01,6.387550018073846481e-01
7.911974849957131539e+01,1.104778656977407625e+00
7.913975421549014300e+01,7.250512401237589888e-01
7.915975993140898481e+01,1.369483963501723078e+00
7.917976564732781242e+01,4.895249415152386208e-01
7.919977136324664002e+01,1.463030542343727980e+00
7.921977707916548184e+01,7.139748571795537790e-01
7.923978279508430944e+01,9.644172701324880137e-01
7.925978851100315126e+01,6.742988387357463642e-01
7.927979422692197886e+01,9.140399997466692739e-01
7.929979994284082068e+01,6.535794374419523489e-01
7.931980565875964828e+01,9.357866626779692831e-01
7.933981137467849010e+01,9.322552806653607860e-01
7.935981709059731770e+01,1.262194927042511017e+00
7.937982280651614531e+01,1.144759720612827714e+00
7.939982852243498712e+01,8.661805858093606370e-01
7.941983423835381473e+01,1.142492679477213668e+00
7.943983995427265654e+01,5.115707094325419035e-01
7.945984567019148415e+01,3.916789871490773955e-01
7.947985138611032596e+01,1.127623018581932479e+00
7.949985710202915357e+01,6.855914235565570003e-01
7.951986281794799538e+01,8.127552355404439322e-01
7.953986853386682299e+01,1.526277118438903013e+00
7.955987424978565059e+01,5.580891055553349744e-01
7.957987996570449241e+01,6.789292176867566253e-01
7.959988568162332001e+01,1.433460151771513313e+00
7.961989139754216183e+01,1.910610672990301850e+00
7.963989711346098943e+01,1.203591019095387349e+00
7.965990282937983125e+01,1.461140176565252968e+00
7.967990854529865885e+01,1.229392768226110322e+00
7.969991426121750067e+01,6.789708097051023739e-01
7.971991997713632827e+01,1.463617264919009564e+00
7.973992569305515588e+01,1.198799729644193013e+00
7.975993140897399769e+01,8.859892690463413434e-01
7.977993712489282530e+01,1.492758752569793401e+00
7.979994284081166711e+01,1.181946485266389679e+00
7.981994855673049472e+01,1.373132673522615033e+00
7.983995427264933653e+01,2.220308463303679147e+00
7.985995998856816414e+01,1.619621194245158380e+00
7.987996570448700595e+01,1.029538624793604473e+00
7.989997142040583356e+01,1.405217042613557732e+00
7.991997713632466116e+01,1.288053708351332149e+00
7.993998285224350298e+01,1.720201028080452721e+00
7.995998856816233058e+01,1.431885047809047462e+00
7.997999428408117240e+01,8.666392671317385554e-01
8.000000000000000000e+01,1.159419311462125846e+00
