angle,intensity
1.000000000000000000e+01,4.450199382028042550e+00
1.002000571591883471e+01,4.639638165815809678e+00
1.004001143183766764e+01,4.271948422851278515e+00
1.006001714775650235e+01,4.254224697635962116e+00
1.008002286367533529e+01,4.014086330530478364e+00
1.010002857959417000e+01,4.888811995285138323e+00
1.012003429551300293e+01,4.528102642322870963e+00
1.014004001143183764e+01,4.377726052992737316e+00
1.016004572735067235e+01,4.329198923143608546e+00
1.018005144326950528e+01,3.608267452586085167e+00
1.020005715918833999e+01,4.720342675957910572e+00
1.022006287510717293e+01,4.782173135145060705e+00
1.024006859102600764e+01,4.413484076142389689e+00
1.026007430694484057e+01,4.589165082222933734e+00
1.028008002286367528e+01,4.252436510175296114e+00
1.030008573878250999e+01,5.118134349845714581e+00
1.032009145470134293e+01,4.473853571732842482e+00
1.034009717062017764e+01,4.287991538584184248e+00
1.036010288653901057e+01,5.002248025695798184e+00
1.038010860245784528e+01,4.852140533693101609e+00
1.040011431837667999e+01,4.012319457654496269e+00
1.042012003429551292e+01,4.004833605361727500e+00
1.044012575021434763e+01,5.466179476622817113e+00
1.046013146613318057e+01,4.285796386820448944e+00
1.048013718205201528e+01,4.606569544047713016e+00
1.050014289797084821e+01,4.222293215667121125e+00
1.052014861388968292e+01,4.986289656435493711e+00
1.054015432980851585e+01,4.661757054802503575e+00
1.056016004572735056e+01,4.719539200009852387e+00
1.058016576164618527e+01,4.761612692786187928e+00
1.060017147756501821e+01,4.654011133895918917e+00
1.062017719348385292e+01,4.248174025540938814e+00
1.064018290940268585e+01,4.814667010000585279e+00
1.066018862532152056e+01,4.808317559357498716e+00
1.068019434124035527e+01,4.764470862120280259e+00
1.070020005715918820e+01,5.076741235822222365e+00
1.072020577307802292e+01,5.345126079655879714e+00
1.074021148899685585e+01,4.514902267564750993e+00
1.076021720491569056e+01,5.465473187218035989e+00
1.078022292083452349e+01,5.491794868462904766e+00
1.080022863675335820e+01,4.433689229981860436e+00
1.082023435267219291e+01,4.691835779760507030e+00
1.084024006859102585e+01,5.099053082360677003e+00
1.086024578450986056e+01,4.521925511749774529e+00
1.088025150042869349e+01,4.368890012382290244e+00
1.090025721634752820e+01,4.788837003062380582e+00
1.092026293226636113e+01,4.748130374624637717e+00
1.094026864818519584e+01,4.727043469128083153e+00
1.096027436410403055e+01,4.155981696809567971e+00
1.098028008002286349e+01,3.968805865850638881e+00
1.100028579594169820e+01,4.832747632977463681e+00
1.102029151186053113e+01,4.412761486979477787e+00
1.104029722777936584e+01,4.623655376276844642e+00
1.106030294369819877e+01,4.563882228570903976e+00
1.108030865961703348e+01,4.511146310347528221e+00
1.110031437553586819e+01,5.222078689675483609e+00
1.112032009145470113e+01,4.343921204924844126e+00
1.114032580737353584e+01,5.036962582878707906e+00
1.116033152329236877e+01,5.133008315956122836e+00
1.118033723921120348e+01,4.359417794214861530e+00
1.120034295513003642e+01,4.751631082731511135e+00
1.122034867104887113e+01,4.546699163149479084e+00
1.124035438696770584e+01,4.542640221783989851e+00
1.126036010288653877e+01,4.163827920620181366e+00
1.128036581880537348e+01,4.711394659745123725e+00
1.130037153472420641e+01,4.894972919178248283e+00
1.132037725064304112e+01,4.287970752277059816e+00
1.134038296656187583e+01,4.592828493649396826e+00
1.136038868248070877e+01,4.513606272547442622e+00
1.138039439839954348e+01,4.633532709545567840e+00
1.140040011431837641e+01,5.282162640091772943e+00
1.142040583023721112e+01,3.921137487186220572e+00
1.144041154615604405e+01,4.577089533320576109e+00
1.146041726207487876e+01,4.840921607310676222e+00
1.148042297799371170e+01,3.838589560532319922e+00
1.150042869391254641e+01,4.721835024608925124e+00
1.152043440983138112e+01,4.544387214014849796e+00
1.154044012575021405e+01,4.996365312661769309e+00
1.156044584166904876e+01,4.213070329580757445e+00
1.158045155758788169e+01,4.236233284761898865e+00
1.160045727350671640e+01,4.284011377769315843e+00
1.162046298942555111e+01,4.508855270207451582e+00
1.164046870534438405e+01,4.381340315666320429e+00
1.166047442126321876e+01,3.961539876009892325e+00
1.168048013718205169e+01,4.639307676768473776e+00
1.170048585310088640e+01,3.586964439486965972e+00
1.172049156901971934e+01,4.039389343306377889e+00
1.174049728493855405e+01,3.342269546924035328e+00
1.176050300085738698e+01,4.062815452236226754e+00
1.178050871677622169e+01,3.763576687338378690e+00
1.180051443269505640e+01,4.067090098101512119e+00
1.182052014861388933e+01,3.788400960888321123e+00
1.184052586453272404e+01,3.869053992754079019e+00
1.186053158045155698e+01,3.506758871796289423e+00
1.188053729637039169e+01,4.097868419795501538e+00
1.190054301228922640e+01,3.575447557739558135e+00
1.192054872820805933e+01,3.241477914803774674e+00
1.194055444412689404e+01,3.914435411163704082e+00
1.196056016004572697e+01,3.042422820787415993e+00
1.198056587596456168e+01,4.186986889318689897e+00
1.200057159188339639e+01,3.727109842312458454e+00
1.202057730780222933e+01,3.919947834097135875e+00
1.204058302372106226e+01,3.170280007463430749e+00
1.206058873963989697e+01,3.914064700097698246e+00
1.208059445555873168e+01,2.982712661634101536e+00
1.210060017147756461e+01,3.996876809833405986e+00
1.212060588739639932e+01,3.613266900072292120e+00
1.214061160331523226e+01,3.265628986462868255e+00
1.216061731923406697e+01,4.198238427302665166e+00
1.218062303515290168e+01,3.397703230208212855e+00
1.220062875107173461e+01,3.179117123205690731e+00
1.222063446699056932e+01,3.830529342591872499e+00
1.224064018290940226e+01,3.733097636125382035e+00
1.226064589882823697e+01,3.676885021435024825e+00
1.228065161474707168e+01,3.570314812158113860e+00
1.230065733066590461e+01,3.523931786866602245e+00
1.232066304658473754e+01,4.181476292761474589e+00
1.234066876250357225e+01,3.486962725731125978e+00
1.236067447842240696e+01,3.852285123674863421e+00
1.238068019434123990e+01,4.167590975943249454e+00
1.240068591026007461e+01,4.031972114739757806e+00
1.242069162617890754e+01,3.783430430387047405e+00
1.244069734209774225e+01,3.227991558852041365e+00
1.246070305801657696e+01,4.120398304699882885e+00
1.248070877393540989e+01,4.201478527257031637e+00
1.250071448985424460e+01,4.290820667216236117e+00
1.252072020577307754e+01,3.786547383231269048e+00
1.254072592169191225e+01,3.719692460075413099e+00
1.256073163761074696e+01,4.048876444835015853e+00
1.258073735352957989e+01,4.414535780174831281e+00
1.260074306944841460e+01,4.150793487733223763e+00
1.262074878536724754e+01,4.093925400727957964e+00
1.264075450128608225e+01,4.227899387656891328e+00
1.266076021720491518e+01,4.190710945185165848e+00
1.268076593312374989e+01,4.720243842857402505e+00
1.270077164904258282e+01,4.583508229335408579e+00
1.272077736496141753e+01,3.602993835157935365e+00
1.274078308088025224e+01,4.433086198114623677e+00
1.276078879679908518e+01,3.694342786811350976e+00
1.278079451271791989e+01,4.415910519359806052e+00
1.280080022863675282e+01,4.364139077273292422e+00
1.282080594455558753e+01,4.420964278882829390e+00
1.284081166047442224e+01,4.292148467828581282e+00
1.286081737639325517e+01,4.308815925879478925e+00
1.288082309231208988e+01,3.884903675067576501e+00
1.290082880823092282e+01,4.032136845099103084e+00
1.292083452414975753e+01,4.380954984427305909e+00
1.294084024006859224e+01,3.932341070618164736e+00
1.296084595598742517e+01,3.995490642045124385e+00
1.298085167190625810e+01,5.297143746795288877e+00
1.300085738782509281e+01,4.699947945535342342e+00
1.302086310374392752e+01,4.505291643613748676e+00
1.304086881966276046e+01,5.413413519123557727e+00
1.306087453558159517e+01,5.958044085585166627e+00
1.308088025150042810e+01,4.967641620341042952e+00
1.310088596741926281e+01,4.385886233341739882e+00
1.312089168333809752e+01,5.281285306563377802e+00
1.314089739925693046e+01,5.286360940785618467e+00
1.316090311517576517e+01,5.883828988394327553e+00
1.318090883109459810e+01,5.272857283218068680e+00
1.320091454701343281e+01,5.144458825673083879e+00
1.322092026293226752e+01,5.691301362925859308e+00
1.324092597885110045e+01,5.730661322251230594e+00
1.326093169476993339e+01,6.034771991841719085e+00
1.328093741068876810e+01,5.921532127357623132e+00
1.330094312660760281e+01,6.442526307136343000e+00
1.332094884252643574e+01,6.892461779046367809e+00
1.334095455844527045e+01,6.620563791421199440e+00
1.336096027436410338e+01,6.985693599792759834e+00
1.338096599028293809e+01,6.456708531597867839e+00
1.340097170620177280e+01,6.435452379421585434e+00
1.342097742212060574e+01,7.145966692094250838e+00
1.344098313803944045e+01,7.083375551396239089e+00
1.346098885395827338e+01,7.113376800677652767e+00
1.348099456987710809e+01,7.381342514553863587e+00
1.350100028579594280e+01,7.052723528792877339e+00
1.352100600171477573e+01,7.787451448171855972e+00
1.354101171763361044e+01,6.948066871867634831e+00
1.356101743355244338e+01,7.050990594593180560e+00
1.358102314947127809e+01,8.416337965329525161e+00
1.360102886539011102e+01,8.658826680082732707e+00
1.362103458130894573e+01,8.160808327677326446e+00
1.364104029722777867e+01,7.983725326694671054e+00
1.366104601314661338e+01,8.663810194143511723e+00
1.368105172906544809e+01,9.187328710900640516e+00
1.370105744498428102e+01,8.867091755551623322e+00
1.372106316090311573e+01,9.566883731574751693e+00
1.374106887682194866e+01,9.505985820833551259e+00
1.376107459274078337e+01,9.710870732738783317e+00
1.378108030865961808e+01,1.004455897171187395e+01
1.380108602457845102e+01,8.907034460372607043e+00
1.382109174049728573e+01,1.051190100113324633e+01
1.384109745641611866e+01,1.082446826046788857e+01
1.386110317233495337e+01,1.084936186556585369e+01
1.388110888825378808e+01,1.137796524346449800e+01
1.390111460417262101e+01,1.022953602301287290e+01
1.392112032009145395e+01,1.099643680513067601e+01
1.394112603601028866e+01,1.149788407837717585e+01
1.396113175192912337e+01,1.238284806228635127e+01
1.398113746784795630e+01,1.175405654184984883e+01
1.400114318376679101e+01,1.225659792724696828e+01
1.402114889968562395e+01,1.176851988577982411e+01
1.404115461560445866e+01,1.229849674195155451e+01
1.406116033152329337e+01,1.315715005409889926e+01
1.408116604744212630e+01,1.362194439027212312e+01
1.410117176336095923e+01,1.386024062846880867e+01
1.412117747927979394e+01,1.325786928246638041e+01
1.414118319519862865e+01,1.383860707633267850e+01
1.416118891111746336e+01,1.439585447959944275e+01
1.418119462703629630e+01,1.455762750389813931e+01
1.420120034295512923e+01,1.540875400311876220e+01
1.422120605887396394e+01,1.507240027094838553e+01
1.424121177479279865e+01,1.525496028236416635e+01
1.426121749071163336e+01,1.560422362835267407e+01
1.428122320663046629e+01,1.645349629697444271e+01
1.430122892254929923e+01,1.648996242115983080e+01
1.432123463846813394e+01,1.654089505438279417e+01
1.434124035438696865e+01,1.694024473073647741e+01
1.436124607030580158e+01,1.780356075823019779e+01
1.438125178622463629e+01,1.770328215623401036e+01
1.440125750214346922e+01,1.796773629827859509e+01
1.442126321806230393e+01,1.850106975416833421e+01
1.444126893398113864e+01,1.935662668405831255e+01
1.446127464989997158e+01,1.911119121584850689e+01
1.448128036581880451e+01,1.884047909113812125e+01
1.450128608173763922e+01,2.019241167724069896e+01
1.452129179765647393e+01,2.020679320123119993e+01
1.454129751357530864e+01,1.976033986070196136e+01
1.456130322949414158e+01,1.966213489139989434e+01
1.458130894541297451e+01,2.037777388918322430e+01
1.460131466133180922e+01,1.984029512649614446e+01
1.462132037725064393e+01,1.933295912689301588e+01
1.464132609316947686e+01,1.953592854309919957e+01
1.466133180908831157e+01,1.890864597449570539e+01
1.468133752500714451e+01,1.871758334852691519e+01
1.470134324092597922e+01,1.881912691923205472e+01
1.472134895684481393e+01,1.833554407590284541e+01
1.474135467276364686e+01,1.657070299697116411e+01
1.476136038868247979e+01,1.587906594169598051e+01
1.478136610460131450e+01,1.486224713818912946e+01
1.480137182052014921e+01,1.355923358963577385e+01
1.482137753643898392e+01,1.352696976417137975e+01
1.484138325235781686e+01,1.262800788007831088e+01
1.486138896827664979e+01,1.086662178680765578e+01
1.488139468419548450e+01,1.053430051656201982e+01
1.490140040011431921e+01,9.889485257071635615e+00
1.492140611603315392e+01,8.420751766010962314e+00
1.494141183195198685e+01,8.070454698001473304e+00
1.496141754787081979e+01,6.518598404753239706e+00
1.498142326378965450e+01,6.795325926824300922e+00
1.500142897970848921e+01,5.386761000608124128e+00
1.502143469562732214e+01,5.688511992159897446e+00
1.504144041154615508e+01,5.010520718982095723e+00
1.506144612746498979e+01,5.581390059325446629e+00
1.508145184338382450e+01,5.355619412194540629e+00
1.510145755930265921e+01,5.226712685596712760e+00
1.512146327522149214e+01,5.016334771671324688e+00
1.514146899114032507e+01,4.271110004119225145e+00
1.516147470705915978e+01,5.180378806591626528e+00
1.518148042297799449e+01,4.798852327939613360e+00
1.520148613889682920e+01,4.181230517396652857e+00
1.522149185481566214e+01,4.775047121972786357e+00
1.524149757073449507e+01,3.888133121190842090e+00
1.526150328665332978e+01,5.096997113657129042e+00
1.528150900257216449e+01,3.979911092798563033e+00
1.530151471849099742e+01,4.424269163928334692e+00
1.532152043440983036e+01,3.906754772574216883e+00
1.534152615032866507e+01,3.679132772227817760e+00
1.536153186624749978e+01,5.025492161367521859e+00
1.538153758216633449e+01,4.194691485315886759e+00
1.540154329808516742e+01,4.233856436814614099e+00
1.542154901400400036e+01,4.073999642704326796e+00
1.544155472992283507e+01,3.948559137530886609e+00
1.546156044584166978e+01,4.384432263813321740e+00
1.548156616176050449e+01,4.602883978543454546e+00
1.550157187767933742e+01,3.851085218474570304e+00
1.552157759359817035e+01,4.275967848319994324e+00
1.554158330951700506e+01,3.669309287923629981e+00
1.556158902543583977e+01,4.232150647561722323e+00
1.558159474135467271e+01,3.727497491242200756e+00
1.560160045727350742e+01,3.593390428700277806e+00
1.562160617319234035e+01,3.941503175912605350e+00
1.564161188911117506e+01,5.070571669354679400e+00
1.566161760503000977e+01,5.052256321485915080e+00
1.568162332094884270e+01,4.525245662145449543e+00
1.570162903686767564e+01,4.432371108721718578e+00
1.572163475278651035e+01,4.833311722881175498e+00
1.574164046870534506e+01,4.686929316352460795e+00
1.576164618462417977e+01,4.218595959160830411e+00
1.578165190054301270e+01,4.344291432432998867e+00
1.580165761646184563e+01,3.981492491576910986e+00
1.582166333238068034e+01,4.148888710045917527e+00
1.584166904829951505e+01,4.305552863120253981e+00
1.586167476421834799e+01,4.524053717531657526e+00
1.588168048013718270e+01,4.035804595350631629e+00
1.590168619605601563e+01,3.902903124114589950e+00
1.592169191197485034e+01,3.636943721391947548e+00
1.594169762789368505e+01,4.231203240799959353e+00
1.596170334381251799e+01,3.575769574198131018e+00
1.598170905973135092e+01,3.898747607570977269e+00
1.600171477565018563e+01,3.845226282901190284e+00
1.602172049156902034e+01,3.824520634032349431e+00
1.604172620748785505e+01,4.834312765702206249e+00
1.606173192340668976e+01,4.201554019783365845e+00
1.608173763932552092e+01,3.841126697388743239e+00
1.610174335524435563e+01,4.013102485448380996e+00
1.612174907116319034e+01,3.959281115410928198e+00
1.614175478708202505e+01,3.477043678346053213e+00
1.616176050300085620e+01,4.325961477096361918e+00
1.618176621891969091e+01,3.812733320969882378e+00
1.620177193483852562e+01,4.641313414629527401e+00
1.622177765075736033e+01,4.518606629608804326e+00
1.624178336667619504e+01,4.287509129796848839e+00
1.626178908259502620e+01,4.329967421610957601e+00
1.628179479851386091e+01,4.239308380208548499e+00
1.630180051443269562e+01,3.693704839414655439e+00
1.632180623035153033e+01,4.223635868127463056e+00
1.634181194627036149e+01,4.101902052684327060e+00
1.636181766218919620e+01,4.883704408626725169e+00
1.638182337810803091e+01,4.468603078721146815e+00
1.640182909402686562e+01,4.530440132578487322e+00
1.642183480994570033e+01,3.955677523494600223e+00
1.644184052586453504e+01,4.628833920850411232e+00
1.646184624178336620e+01,4.569704715777354487e+00
1.648185195770220091e+01,4.171090478936918977e+00
1.650185767362103562e+01,5.085388662265353688e+00
1.652186338953986677e+01,4.602436598690568204e+00
1.654186910545870148e+01,5.265595441687910494e+00
1.656187482137753619e+01,4.289814318239287161e+00
1.658188053729637090e+01,4.789847610126967581e+00
1.660188625321520561e+01,4.935313364861448449e+00
1.662189196913404032e+01,4.457198130675440240e+00
1.664189768505287148e+01,4.201965077718234909e+00
1.666190340097170619e+01,4.744835076000143204e+00
1.668190911689054090e+01,4.994617367656765339e+00
1.670191483280937561e+01,5.194312617172123225e+00
1.672192054872820677e+01,4.786793090079864754e+00
1.674192626464704148e+01,5.168228331116544005e+00
1.676193198056587619e+01,4.857445616839969560e+00
1.678193769648471090e+01,5.966005197437080909e+00
1.680194341240354561e+01,5.785377950796121382e+00
1.682194912832238032e+01,5.367778994036507711e+00
1.684195484424121148e+01,5.405380120811738465e+00
1.686196056016004619e+01,5.609928613448012413e+00
1.688196627607888090e+01,5.952782333019381866e+00
1.690197199199771205e+01,6.092125135421595061e+00
1.692197770791654676e+01,6.225105666518430780e+00
1.694198342383538147e+01,6.081532813571955742e+00
1.696198913975421618e+01,6.049764745501879482e+00
1.698199485567305089e+01,6.277675913118327955e+00
1.700200057159188560e+01,7.087725155605852478e+00
1.702200628751071676e+01,6.699858018113819647e+00
1.704201200342955147e+01,7.109556547263739645e+00
1.706201771934838618e+01,7.575907036015985696e+00
1.708202343526722089e+01,7.099133421335636740e+00
1.710202915118605205e+01,8.363129443285167497e+00
1.712203486710488676e+01,7.820661690170487290e+00
1.714204058302372147e+01,8.529969704246676443e+00
1.716204629894255618e+01,7.973552648620360728e+00
1.718205201486139089e+01,9.003442389868769880e+00
1.720205773078022204e+01,8.882470341966529404e+00
1.722206344669905675e+01,9.352649463275881203e+00
1.724206916261789146e+01,9.511032719466712138e+00
1.726207487853672617e+01,9.888055128693416407e+00
1.728208059445555733e+01,1.043503938089163441e+01
1.730208631037439204e+01,1.036801440635649385e+01
1.732209202629322675e+01,1.032964265830323214e+01
1.734209774221206146e+01,1.027026087952093647e+01
1.736210345813089617e+01,1.049730120542329814e+01
1.738210917404973088e+01,1.113116150411681815e+01
1.740211488996856204e+01,1.111809032493815153e+01
1.742212060588739675e+01,1.189764000050096016e+01
1.744212632180623146e+01,1.168889308068663802e+01
1.746213203772506262e+01,1.154147223870272754e+01
1.748213775364389733e+01,1.196408071818866148e+01
1.750214346956273204e+01,1.296193866198134970e+01
1.752214918548156675e+01,1.173834186278659786e+01
1.754215490140040146e+01,1.234671489241593001e+01
1.756216061731923617e+01,1.265502782829128670e+01
1.758216633323806732e+01,1.350203762958761011e+01
1.760217204915690203e+01,1.396810931710933801e+01
1.762217776507573674e+01,1.431819460379161590e+01
1.764218348099457145e+01,1.456573046179385855e+01
1.766218919691340261e+01,1.328916001167033301e+01
1.768219491283223732e+01,1.427828136429995354e+01
1.770220062875107203e+01,1.513576663192669969e+01
1.772220634466990674e+01,1.568779865578214228e+01
1.774221206058874145e+01,1.536766501471797319e+01
1.776221777650757616e+01,1.601757473574361157e+01
1.778222349242640732e+01,1.713070407665673400e+01
1.780222920834524203e+01,1.733750790493468230e+01
1.782223492426407674e+01,1.808918299627360682e+01
1.784224064018290790e+01,1.801399694180937061e+01
1.786224635610174261e+01,1.881871371104955060e+01
1.788225207202057732e+01,1.978402686954471790e+01
1.790225778793941203e+01,2.034007357154809625e+01
1.792226350385824674e+01,2.088001052119977885e+01
1.794226921977708145e+01,2.181776873552288265e+01
1.796227493569591260e+01,2.290968463896533791e+01
1.798228065161474731e+01,2.270318695959530686e+01
1.800228636753358202e+01,2.416794513619020890e+01
1.802229208345241318e+01,2.500416923623608767e+01
1.804229779937124789e+01,2.584795617952831748e+01
1.806230351529008260e+01,2.590723478336256846e+01
1.808230923120891731e+01,2.717309113775928253e+01
1.810231494712775202e+01,2.863351310724054599e+01
1.812232066304658673e+01,2.991682874412686743e+01
1.814232637896542144e+01,2.985872930731014918e+01
1.816233209488425260e+01,3.121981593008583644e+01
1.818233781080308731e+01,3.296709998927870799e+01
1.820234352672191847e+01,3.304218981000690292e+01
1.822234924264075318e+01,3.451942514066836054e+01
1.824235495855958789e+01,3.585933156043020631e+01
1.826236067447842260e+01,3.591087204847510606e+01
1.828236639039725731e+01,3.766104291188236886e+01
1.830237210631609202e+01,3.858167686014438402e+01
1.832237782223492673e+01,3.989517531598230704e+01
1.834238353815375788e+01,4.065865835030979270e+01
1.836238925407259259e+01,4.184741800382578703e+01
1.838239496999142730e+01,4.332374650926320925e+01
1.840240068591025846e+01,4.364591866661687192e+01
1.842240640182909317e+01,4.504477670088927255e+01
1.844241211774792788e+01,4.396894237685907569e+01
1.846241783366676259e+01,4.490238098043263903e+01
1.848242354958559730e+01,4.497085331248334228e+01
1.850242926550443201e+01,4.535675299406085514e+01
1.852243498142326672e+01,4.436013980011171043e+01
1.854244069734209788e+01,4.337620199112185304e+01
1.856244641326093259e+01,4.291597751790362025e+01
1.858245212917976374e+01,4.040527594538713885e+01
1.860245784509859845e+01,4.045746948900297468e+01
1.862246356101743316e+01,3.773668301195468189e+01
1.864246927693626787e+01,3.544904589138995732e+01
1.866247499285510258e+01,3.325734127625899816e+01
1.868248070877393729e+01,2.972188967453605457e+01
1.870248642469277200e+01,2.827912155416769480e+01
1.872249214061160316e+01,2.549638215887825510e+01
1.874249785653043787e+01,2.314395917285259685e+01
1.876250357244927258e+01,2.123284734628038350e+01
1.878250928836810374e+01,1.952770359418536827e+01
1.880251500428693845e+01,1.740159094617269631e+01
1.882252072020577316e+01,1.522666217211820694e+01
1.884252643612460787e+01,1.392396876917745629e+01
1.886253215204344258e+01,1.267067695397890503e+01
1.888253786796227729e+01,1.127403690897606126e+01
1.890254358388111200e+01,9.786570580974764511e+00
1.892254929979994316e+01,1.020175192867391445e+01
1.894255501571877787e+01,9.656851586195866588e+00
1.896256073163760902e+01,8.901378202937141992e+00
1.898256644755644373e+01,8.594497803553640125e+00
1.900257216347527844e+01,7.459351921022052245e+00
1.902257787939411315e+01,8.485431282057959379e+00
1.904258359531294786e+01,7.509724497164357970e+00
1.906258931123178257e+01,7.898474450118426304e+00
1.908259502715061728e+01,7.792550068095920324e+00
1.910260074306944844e+01,7.613390057439884728e+00
1.912260645898828315e+01,7.755354995873477542e+00
1.914261217490711431e+01,7.772027375797838644e+00
1.916261789082594902e+01,7.392844838585775236e+00
1.918262360674478373e+01,6.710739958792506954e+00
1.920262932266361844e+01,6.793290757298389160e+00
1.922263503858245315e+01,6.391559280556698752e+00
1.924264075450128786e+01,7.798632121869576217e+00
1.926264647042012257e+01,6.835571168674862363e+00
1.928265218633895373e+01,6.957680091221943641e+00
1.930265790225778844e+01,6.394540487779069693e+00
1.932266361817662315e+01,6.587731705537905214e+00
1.934266933409545430e+01,6.739116029836337063e+00
1.936267505001428901e+01,5.893802557725702940e+00
1.938268076593312372e+01,6.441414820427367793e+00
1.940268648185195843e+01,5.462085213225106983e+00
1.942269219777079314e+01,6.281132338722708042e+00
1.944269791368962785e+01,5.075781339264120007e+00
1.946270362960846256e+01,4.934224934679280139e+00
1.948270934552729372e+01,5.119496255076038338e+00
1.950271506144612843e+01,5.663755182016156908e+00
1.952272077736495959e+01,4.938274878134286894e+00
1.954272649328379430e+01,5.231674045426167652e+00
1.956273220920262901e+01,5.182245448123866893e+00
1.958273792512146372e+01,4.469064648301260156e+00
1.960274364104029843e+01,5.002560376146290011e+00
1.962274935695913314e+01,3.834717241656400155e+00
1.964275507287796785e+01,4.198771575876792284e+00
1.966276078879679901e+01,4.306894120258380809e+00
1.968276650471563372e+01,3.769455296941109701e+00
1.970277222063446487e+01,4.546789265047912920e+00
1.972277793655329958e+01,4.633405474716834505e+00
1.974278365247213429e+01,4.680676517249851898e+00
1.976278936839096900e+01,3.642000360368493617e+00
1.978279508430980371e+01,3.869695636129502958e+00
1.980280080022863842e+01,4.310276220348317366e+00
1.982280651614747313e+01,3.520796960329399372e+00
1.984281223206630784e+01,4.298350801104662722e+00
1.986281794798513900e+01,4.452779645274327791e+00
1.988282366390397371e+01,4.385548007498245582e+00
1.990282937982280487e+01,4.672366096647428968e+00
1.992283509574163958e+01,4.251880811714446651e+00
1.994284081166047429e+01,4.506828994178218473e+00
1.996284652757930900e+01,3.758628537949261883e+00
1.998285224349814371e+01,4.633287088296060396e+00
2.000285795941697842e+01,4.312180122226977552e+00
2.002286367533581313e+01,4.801009933751529069e+00
2.004286939125464428e+01,4.680535747460459639e+00
2.006287510717347899e+01,4.499761693413436348e+00
2.008288082309231015e+01,4.348941301162227546e+00
2.010288653901114486e+01,5.194512347622645798e+00
2.012289225492997957e+01,4.644712181843955179e+00
2.014289797084881428e+01,5.411983691669322916e+00
2.016290368676764899e+01,4.602793367505743305e+00
2.018290940268648370e+01,5.330233281336395734e+00
2.020291511860531841e+01,4.945312491016169432e+00
2.022292083452414957e+01,4.472932126993788948e+00
2.024292655044298428e+01,4.917467365609756058e+00
2.026293226636181899e+01,5.013563559662799207e+00
2.028293798228065015e+01,4.838903104978133030e+00
2.030294369819948486e+01,5.456700180831252744e+00
2.032294941411831957e+01,4.941438507246586731e+00
2.034295513003715428e+01,4.872799416223980273e+00
2.036296084595598899e+01,5.027216842194882851e+00
2.038296656187482370e+01,5.628055733146560158e+00
2.040297227779365841e+01,4.479715806589116056e+00
2.042297799371248956e+01,5.646343820870011854e+00
2.044298370963132427e+01,4.425386379127481007e+00
2.046298942555015543e+01,5.280675349045851341e+00
2.048299514146899014e+01,5.496339122455188964e+00
2.050300085738782485e+01,5.222871116069324415e+00
2.052300657330665956e+01,5.315835602715193176e+00
2.054301228922549427e+01,5.606979704956378541e+00
2.056301800514432898e+01,5.825901068295250340e+00
2.058302372106316369e+01,5.235455937634014845e+00
2.060302943698199485e+01,5.258988293519173851e+00
2.062303515290082956e+01,4.675499709898717882e+00
2.064304086881966072e+01,4.851821904146079056e+00
2.066304658473849543e+01,6.130951715048059469e+00
2.068305230065733014e+01,5.345895282476904598e+00
2.070305801657616485e+01,5.787620567160038476e+00
2.072306373249499956e+01,4.969660778965970138e+00
2.074306944841383427e+01,6.075153897312453033e+00
2.076307516433266898e+01,5.716360111455425219e+00
2.078308088025150369e+01,6.056730211763300176e+00
2.080308659617033484e+01,4.908407734140939560e+00
2.082309231208916955e+01,5.488828330306699144e+00
2.084309802800800071e+01,5.587437405354766184e+00
2.086310374392683542e+01,4.770958226881804265e+00
2.088310945984567013e+01,5.428535799584059518e+00
2.090311517576450484e+01,5.602420529568252761e+00
2.092312089168333955e+01,5.260251831675943457e+00
2.094312660760217426e+01,6.136879363583691571e+00
2.096313232352100897e+01,5.692205958973762137e+00
2.098313803943984013e+01,5.489685829296050201e+00
2.100314375535867484e+01,5.593683217084668868e+00
2.102314947127750600e+01,5.088886060900938091e+00
2.104315518719634071e+01,6.218215730991512480e+00
2.106316090311517542e+01,5.628451909709534462e+00
2.108316661903401013e+01,5.129182871740082916e+00
2.110317233495284484e+01,5.126611127748482488e+00
2.112317805087167955e+01,5.292275534437293594e+00
2.114318376679051426e+01,5.932595677329301154e+00
2.116318948270934541e+01,6.139213824934723007e+00
2.118319519862818012e+01,6.189743210515887384e+00
2.120320091454701483e+01,5.685970728059888124e+00
2.122320663046584599e+01,6.429276459055658144e+00
2.124321234638468070e+01,6.107758104231232998e+00
2.126321806230351541e+01,6.155642758343873311e+00
2.128322377822235012e+01,5.531782498414004934e+00
2.130322949414118483e+01,5.885510057008184859e+00
2.132323521006001954e+01,5.924052417058570441e+00
2.134324092597885425e+01,6.644519874280602423e+00
2.136324664189768541e+01,5.425508803719498729e+00
2.138325235781652012e+01,5.426131848438537020e+00
2.140325807373535127e+01,5.640366027045544683e+00
2.142326378965418598e+01,5.582513711701554193e+00
2.144326950557302069e+01,5.431214680519921956e+00
2.146327522149185540e+01,5.504567367217548579e+00
2.148328093741069011e+01,5.897508140733096482e+00
2.150328665332952482e+01,5.405287500276625856e+00
2.152329236924835953e+01,5.078625621055772754e+00
2.154329808516719069e+01,4.928057661375083498e+00
2.156330380108602540e+01,5.879175104972413912e+00
2.158330951700485656e+01,6.167357048322419821e+00
2.160331523292369127e+01,4.450203918922541746e+00
2.162332094884252598e+01,5.443612179703745113e+00
2.164332666476136069e+01,5.331278599591099621e+00
2.166333238068019540e+01,5.122496112744660657e+00
2.168333809659903011e+01,5.897115535041274725e+00
2.170334381251786482e+01,6.502347332558188420e+00
2.172334952843669598e+01,6.370288784334466214e+00
2.174335524435553069e+01,6.180823734902409328e+00
2.176336096027436540e+01,6.891483087438286859e+00
2.178336667619319655e+01,6.106948282446380993e+00
2.180337239211203126e+01,7.083428666918642591e+00
2.182337810803086597e+01,8.026517959373306255e+00
2.184338382394970068e+01,7.238469435568243071e+00
2.186338953986853539e+01,7.563725719500072664e+00
2.188339525578737010e+01,8.996574671023150671e+00
2.190340097170620481e+01,8.683681043832201851e+00
2.192340668762503597e+01,9.355408261625939303e+00
2.194341240354387068e+01,9.496233284026628141e+00
2.196341811946270184e+01,1.008448988098580656e+01
2.198342383538153655e+01,1.013361606376324886e+01
2.200342955130037126e+01,1.076963825546792464e+01
2.202343526721920597e+01,1.161324920023687213e+01
2.204344098313804068e+01,1.201834778489104849e+01
2.206344669905687539e+01,1.168447519313187755e+01
2.208345241497571010e+01,1.241283645658267787e+01
2.210345813089454126e+01,1.388227099212302207e+01
2.212346384681337597e+01,1.353686887080921863e+01
2.214346956273221068e+01,1.495957491377813042e+01
2.216347527865104183e+01,1.563915847007527304e+01
2.218348099456987654e+01,1.675853790812999833e+01
2.220348671048871125e+01,1.603840990868016192e+01
2.222349242640754596e+01,1.660617699139184111e+01
2.224349814232638067e+01,1.823004065306334098e+01
2.226350385824521538e+01,1.895568526593044112e+01
2.228350957416405009e+01,1.918891149537514451e+01
2.230351529008288125e+01,2.104477697317899043e+01
2.232352100600171596e+01,2.247594266318700562e+01
2.234352672192054712e+01,2.373745753348019605e+01
2.236353243783938183e+01,2.323599260182314907e+01
2.238353815375821654e+01,2.504800356980552323e+01
2.240354386967705125e+01,2.582024014052500149e+01
2.242354958559588596e+01,2.737212745980535544e+01
2.244355530151472067e+01,2.822652125856021144e+01
2.246356101743355538e+01,3.021730171611584481e+01
2.248356673335238654e+01,3.074130638364362156e+01
2.250357244927122125e+01,3.189011491853715796e+01
2.252357816519005240e+01,3.345372946015359616e+01
2.254358388110888711e+01,3.526831395595864649e+01
2.256358959702772182e+01,3.608888639218569949e+01
2.258359531294655653e+01,3.846225889531061171e+01
2.260360102886539124e+01,4.010449513893325957e+01
2.262360674478422595e+01,4.160125725631307603e+01
2.264361246070306066e+01,4.317807770561624636e+01
2.266361817662189182e+01,4.499447233067263596e+01
2.268362389254072653e+01,4.694427215677832521e+01
2.270362960845956124e+01,4.773315266328898332e+01
2.272363532437839240e+01,4.980786390608142256e+01
2.274364104029722711e+01,5.073955739852284808e+01
2.276364675621606182e+01,5.260737817358153734e+01
2.278365247213489653e+01,5.410790325685119484e+01
2.280365818805373124e+01,5.457193208784570970e+01
2.282366390397256595e+01,5.567085560062140814e+01
2.284366961989140066e+01,5.680086393376134168e+01
2.286367533581023181e+01,5.676306589053089624e+01
2.288368105172906652e+01,5.613915263719533755e+01
2.290368676764789768e+01,5.555550646523148828e+01
2.292369248356673239e+01,5.465931543207941701e+01
2.294369819948556710e+01,5.393039216169538008e+01
2.296370391540440181e+01,5.199678743502241218e+01
2.298370963132323652e+01,4.979728256714932400e+01
2.300371534724207123e+01,4.629451287023494643e+01
2.302372106316090594e+01,4.449488207236267101e+01
2.304372677907973710e+01,4.183474923403502999e+01
2.306373249499857181e+01,3.914925934215052195e+01
2.308373821091740652e+01,3.599667609633555543e+01
2.310374392683623768e+01,3.336628087260063324e+01
2.312374964275507239e+01,3.146049186257870645e+01
2.314375535867390710e+01,2.976225537779348684e+01
2.316376107459274181e+01,2.836440387093836435e+01
2.318376679051157652e+01,2.713113575553014201e+01
2.320377250643041123e+01,2.644082083417255191e+01
2.322377822234924594e+01,2.496255270214795985e+01
2.324378393826807709e+01,2.494355989574627586e+01
2.326378965418691180e+01,2.519639634756821422e+01
2.328379537010574296e+01,2.614166686059558486e+01
2.330380108602457767e+01,2.577895445639830285e+01
2.332380680194341238e+01,2.634270124406923586e+01
2.334381251786224709e+01,2.743516817745796743e+01
2.336381823378108180e+01,2.768948401992989616e+01
2.338382394969991651e+01,2.848857674834403753e+01
2.340382966561875122e+01,2.954980533011708133e+01
2.342383538153758238e+01,3.070178043549059055e+01
2.344384109745641709e+01,3.014441547778375607e+01
2.346384681337524825e+01,3.239798926907090504e+01
2.348385252929408296e+01,3.377693049936097935e+01
2.350385824521291767e+01,3.407245587047558644e+01
2.352386396113175238e+01,3.549911503378554301e+01
2.354386967705058709e+01,3.685558320996867820e+01
2.356387539296942180e+01,3.789015057457974933e+01
2.358388110888825651e+01,3.908648577016280967e+01
2.360388682480708766e+01,4.072896495381539239e+01
2.362389254072592237e+01,4.203749823244574202e+01
2.364389825664475708e+01,4.287356623676558343e+01
2.366390397256358824e+01,4.440076874939821039e+01
2.368390968848242295e+01,4.465375306840687841e+01
2.370391540440125766e+01,4.526954571439278396e+01
2.372392112032009237e+01,4.671861723034558622e+01
2.374392683623892708e+01,4.611093668575026072e+01
2.376393255215776179e+01,4.616811305026814694e+01
2.378393826807659650e+01,4.567324818480651061e+01
2.380394398399542766e+01,4.455874771676275259e+01
2.382394969991426237e+01,4.384915670298956059e+01
2.384395541583309353e+01,4.281200705651783522e+01
2.386396113175192824e+01,4.133927078568995483e+01
2.388396684767076295e+01,3.838090917801284263e+01
2.390397256358959766e+01,3.669769655709594502e+01
2.392397827950843237e+01,3.294399258235515049e+01
2.394398399542726708e+01,3.149032983858653267e+01
2.396398971134610179e+01,2.893033297973065032e+01
2.398399542726493294e+01,2.626037167491004709e+01
2.400400114318376765e+01,2.337872173033401779e+01
2.402400685910260236e+01,2.168104314544462952e+01
2.404401257502143352e+01,1.906367339871214739e+01
2.406401829094026823e+01,1.800590920686461160e+01
2.408402400685910294e+01,1.501318940501995236e+01
2.410402972277793765e+01,1.383011666294192210e+01
2.412403543869677236e+01,1.255653904521788711e+01
2.414404115461560707e+01,1.109427402327532874e+01
2.416404687053444178e+01,1.020191530030082561e+01
2.418405258645327294e+01,9.506942326286473843e+00
2.420405830237210765e+01,8.923326960617654180e+00
2.422406401829093880e+01,7.940668562381537399e+00
2.424406973420977351e+01,7.617097897200716616e+00
2.426407545012860822e+01,6.859171818169340185e+00
2.428408116604744293e+01,6.629783603463484276e+00
2.430408688196627764e+01,7.126638947857845352e+00
2.432409259788511235e+01,6.492318725322489215e+00
2.434409831380394706e+01,6.728461346014556810e+00
2.436410402972277822e+01,5.559407543982217703e+00
2.438410974564161293e+01,5.554768806532116798e+00
2.440411546156044409e+01,6.125895284353738646e+00
2.442412117747927880e+01,5.750875225435474469e+00
2.444412689339811351e+01,5.637127866297607426e+00
2.446413260931694822e+01,5.441059603207230921e+00
2.448413832523578293e+01,5.892122139035112838e+00
2.450414404115461764e+01,5.358112102400321319e+00
2.452414975707345235e+01,5.950755449971691036e+00
2.454415547299228351e+01,5.146931001248818305e+00
2.456416118891111822e+01,5.131558718023949694e+00
2.458416690482995293e+01,5.520110112703603633e+00
2.460417262074878408e+01,5.120767314294190520e+00
2.462417833666761879e+01,5.083885256949282727e+00
2.464418405258645350e+01,4.642114373425841656e+00
2.466418976850528821e+01,4.816446266019802636e+00
2.468419548442412292e+01,5.461125593105600196e+00
2.470420120034295763e+01,5.022818827395818531e+00
2.472420691626179234e+01,4.533319222870559884e+00
2.474421263218062350e+01,4.986960656031484973e+00
2.476421834809945821e+01,4.889435327353865546e+00
2.478422406401828937e+01,5.335564435725208554e+00
2.480422977993712408e+01,5.233409612560775415e+00
2.482423549585595879e+01,4.864117242248027217e+00
2.484424121177479350e+01,5.257010270848176958e+00
2.486424692769362821e+01,4.526411892177268470e+00
2.488425264361246292e+01,4.138739348253913874e+00
2.490425835953129763e+01,5.251852007678154521e+00
2.492426407545012879e+01,4.379036680337460297e+00
2.494426979136896350e+01,3.987638980318476634e+00
2.496427550728779821e+01,4.894555429375952116e+00
2.498428122320662936e+01,4.268706075663141419e+00
2.500428693912546407e+01,4.375752251174082730e+00
2.502429265504429878e+01,4.613910982303274011e+00
2.504429837096313349e+01,4.464837652303723203e+00
2.506430408688196820e+01,5.146049359166315007e+00
2.508430980280080291e+01,3.942220015659252397e+00
2.510431551871963762e+01,4.241190365973386278e+00
2.512432123463846878e+01,3.789164679083955711e+00
2.514432695055730349e+01,4.428369955951545478e+00
2.516433266647613465e+01,3.786590270387550916e+00
2.518433838239496936e+01,4.014405564650722624e+00
2.520434409831380407e+01,4.690584590402389509e+00
2.522434981423263878e+01,3.745839324771441881e+00
2.524435553015147349e+01,4.529079898644078561e+00
2.526436124607030820e+01,4.131534667668868011e+00
2.528436696198914291e+01,3.496422375087937962e+00
2.530437267790797407e+01,3.719746348257162438e+00
2.532437839382680878e+01,3.963020934150264907e+00
2.534438410974563993e+01,3.943598890542669544e+00
2.536438982566447464e+01,3.507614635904714451e+00
2.538439554158330935e+01,3.228546601650057024e+00
2.540440125750214406e+01,4.284262941639816802e+00
2.542440697342097877e+01,3.957566560260867838e+00
2.544441268933981348e+01,4.134503827899771444e+00
2.546441840525864819e+01,3.478678001121799923e+00
2.548442412117747935e+01,4.091043089498860752e+00
2.550442983709631406e+01,3.611712435973519320e+00
2.552443555301514877e+01,4.023883236524246954e+00
2.554444126893397993e+01,3.985624838817596327e+00
2.556444698485281464e+01,3.852683216763093554e+00
2.558445270077164935e+01,2.913721408174529071e+00
2.560445841669048406e+01,4.197816744427299795e+00
2.562446413260931877e+01,4.096395180854246476e+00
2.564446984852815348e+01,3.695341105288550310e+00
2.566447556444698819e+01,3.559877934092075868e+00
2.568448128036581934e+01,3.784641405498287980e+00
2.570448699628465405e+01,3.414948421301125414e+00
2.572449271220348521e+01,4.185250150750203346e+00
2.574449842812231992e+01,3.432219181418283416e+00
2.576450414404115463e+01,3.461142087039387860e+00
2.578450985995998934e+01,4.062471839956602437e+00
2.580451557587882405e+01,3.721804206670156656e+00
2.582452129179765876e+01,4.200592091172797637e+00
2.584452700771649347e+01,3.736066023865503904e+00
2.586453272363532463e+01,3.134820390652515165e+00
2.588453843955415934e+01,3.641206365896158204e+00
2.590454415547299405e+01,3.757377308965096585e+00
2.592454987139182521e+01,4.120306746025345745e+00
2.594455558731065992e+01,3.590325864133202316e+00
2.596456130322949463e+01,3.152769758690150415e+00
2.598456701914832934e+01,4.291361487724465462e+00
2.600457273506716405e+01,4.221554769044253419e+00
2.602457845098599520e+01,3.302909166710382927e+00
2.604458416690482991e+01,3.342846934730931530e+00
2.606458988282366462e+01,4.158856626766946007e+00
2.608459559874249933e+01,3.648019148040073656e+00
2.610460131466133404e+01,3.259881312571772050e+00
2.612460703058016520e+01,3.424807163763537332e+00
2.614461274649899991e+01,3.565597071137984742e+00
2.616461846241783462e+01,3.855933736615015928e+00
2.618462417833666933e+01,3.096634311743539314e+00
2.620462989425550404e+01,4.046508385425719112e+00
2.622463561017433520e+01,3.091423138901948864e+00
2.624464132609316991e+01,3.347890054202112609e+00
2.626464704201200462e+01,3.234359934615989474e+00
2.628465275793083933e+01,3.287911518358148211e+00
2.630465847384967049e+01,4.415705752660217698e+00
2.632466418976850520e+01,4.224521068053911144e+00
2.634466990568733991e+01,3.457514520224228338e+00
2.636467562160617462e+01,3.824418911889737593e+00
2.638468133752500933e+01,3.543819471282121381e+00
2.640468705344384048e+01,3.996304968584782902e+00
2.642469276936267519e+01,3.978446085567861168e+00
2.644469848528150990e+01,4.272316197966809170e+00
2.646470420120034461e+01,3.968372395828617893e+00
2.648470991711917932e+01,4.515596778947892354e+00
2.650471563303801048e+01,3.658710891666343556e+00
2.652472134895684519e+01,4.704535493600523921e+00
2.654472706487567990e+01,3.766160877767581461e+00
2.656473278079451461e+01,3.142204738886213988e+00
2.658473849671334932e+01,3.098124444276424416e+00
2.660474421263218048e+01,4.020237000899705038e+00
2.662474992855101519e+01,4.389965181666653393e+00
2.664475564446984990e+01,3.468452523791686559e+00
2.666476136038868461e+01,3.588163624359892445e+00
2.668476707630751577e+01,4.497694730238719352e+00
2.670477279222635048e+01,4.355562220313238697e+00
2.672477850814518519e+01,3.715523911381556577e+00
2.674478422406401990e+01,3.564142385962293158e+00
2.676478993998285461e+01,4.284571723172025948e+00
2.678479565590168576e+01,3.145573880116497634e+00
2.680480137182052047e+01,3.866729901348394449e+00
2.682480708773935518e+01,3.869060923113187389e+00
2.684481280365818989e+01,3.714387586596135549e+00
2.686481851957702460e+01,3.425617476473271417e+00
2.688482423549585576e+01,3.818384768269592833e+00
2.690482995141469047e+01,3.251660865905284581e+00
2.692483566733352518e+01,3.573272875741075438e+00
2.694484138325235989e+01,4.279956055022791972e+00
2.696484709917119105e+01,3.569597152715697774e+00
2.698485281509002576e+01,4.210471016684518730e+00
2.700485853100886047e+01,4.587029498261346205e+00
2.702486424692769518e+01,4.667510886674365977e+00
2.704486996284652989e+01,4.113624242052851265e+00
2.706487567876536104e+01,4.012931461643766795e+00
2.708488139468419575e+01,3.083352756208919132e+00
2.710488711060303046e+01,3.620214640733547817e+00
2.712489282652186517e+01,4.070286768354879570e+00
2.714489854244069988e+01,3.898962451916006877e+00
2.716490425835953104e+01,3.212006369891304836e+00
2.718490997427836575e+01,4.204720308561737063e+00
2.720491569019720046e+01,4.018677176064230139e+00
2.722492140611603517e+01,4.048828726979468939e+00
2.724492712203486633e+01,4.537044743062658370e+00
2.726493283795370104e+01,4.261759502068163563e+00
2.728493855387253575e+01,4.676948205636132450e+00
2.730494426979137046e+01,4.017780039301150907e+00
2.732494998571020517e+01,4.462761505486030345e+00
2.734495570162903633e+01,3.720720006574445904e+00
2.736496141754787104e+01,4.054754673730160519e+00
2.738496713346670575e+01,4.533601161256832768e+00
2.740497284938554046e+01,4.145304882508751732e+00
2.742497856530437517e+01,4.092301685371793063e+00
2.744498428122320632e+01,4.832837164959395082e+00
2.746498999714204103e+01,3.867131102011901689e+00
2.748499571306087574e+01,3.825995762247412557e+00
2.750500142897971045e+01,4.254257197000547386e+00
2.752500714489854516e+01,4.579063324858242190e+00
2.754501286081737632e+01,5.082044444026148078e+00
2.756501857673621103e+01,4.855265148853973756e+00
2.758502429265504574e+01,4.265532571418098051e+00
2.760503000857388045e+01,4.554803382991978289e+00
2.762503572449271161e+01,4.706375376000851318e+00
2.764504144041154632e+01,4.428539623726446273e+00
2.766504715633038103e+01,3.985609935318699115e+00
2.768505287224921574e+01,4.173337647528459371e+00
2.770505858816805045e+01,4.975682279091352633e+00
2.772506430408688161e+01,4.532563838624476205e+00
2.774507002000571632e+01,4.772808619910692940e+00
2.776507573592455103e+01,4.816186486746413919e+00
2.778508145184338574e+01,4.798503784207239775e+00
2.780508716776222045e+01,4.486317513690998737e+00
2.782509288368105160e+01,5.623124832462909950e+00
2.784509859959988631e+01,5.180758636642003978e+00
2.786510431551872102e+01,5.443226862772919006e+00
2.788511003143755573e+01,5.115069488905882089e+00
2.790511574735638689e+01,4.832278695497216781e+00
2.792512146327522160e+01,5.470887639299725436e+00
2.794512717919405631e+01,6.170661337472850505e+00
2.796513289511289102e+01,6.651492346550183399e+00
2.798513861103172573e+01,5.661377394972928911e+00
2.800514432695055689e+01,6.047770855815127078e+00
2.802515004286939160e+01,6.721938542056764554e+00
2.804515575878822631e+01,7.748847847786013432e+00
2.806516147470706102e+01,7.680598246237601678e+00
2.808516719062589573e+01,7.932859274942011929e+00
2.810517290654472689e+01,8.217965577130064148e+00
2.812517862246356160e+01,9.325069098005741353e+00
2.814518433838239631e+01,9.766553038915482432e+00
2.816519005430123102e+01,1.040355710191929006e+01
2.818519577022006217e+01,9.933551812981065154e+00
2.820520148613889688e+01,1.119015774674494779e+01
2.822520720205773159e+01,1.284305654852094492e+01
2.824521291797656630e+01,1.268311131038123918e+01
2.826521863389540101e+01,1.355557573655426928e+01
2.828522434981423217e+01,1.480694913501158894e+01
2.830523006573306688e+01,1.555406945622133819e+01
2.832523578165190159e+01,1.686548942118281502e+01
2.834524149757073630e+01,1.779579350475557220e+01
2.836524721348957101e+01,1.828924215751696281e+01
2.838525292940840217e+01,1.998234148118657316e+01
2.840525864532723688e+01,2.145827167899344801e+01
2.842526436124607159e+01,2.277394173976666281e+01
2.844527007716490630e+01,2.355881870971697722e+01
2.846527579308374101e+01,2.525475297496227256e+01
2.848528150900257216e+01,2.738710455252688547e+01
2.850528722492140687e+01,2.882018181388082212e+01
2.852529294084024158e+01,3.091573905644933973e+01
2.854529865675907629e+01,3.328018831178592052e+01
2.856530437267790745e+01,3.584789947915457020e+01
2.858531008859674216e+01,3.720853431198592887e+01
2.860531580451557687e+01,3.993782903704790499e+01
2.862532152043441158e+01,4.252111066986709886e+01
2.864532723635324629e+01,4.494137177304569519e+01
2.866533295227207745e+01,4.727906384928715511e+01
2.868533866819091216e+01,5.029644545834263880e+01
2.870534438410974687e+01,5.293994636309500379e+01
2.872535010002858158e+01,5.655271147674908150e+01
2.874535581594741629e+01,5.952735865579430197e+01
2.876536153186624745e+01,6.309197742693430655e+01
2.878536724778508216e+01,6.680633634856003766e+01
2.880537296370391687e+01,7.046245473514156288e+01
2.882537867962275158e+01,7.334994216356577112e+01
2.884538439554158273e+01,7.796016974324862758e+01
2.886539011146041744e+01,8.097146695349675838e+01
2.888539582737925215e+01,8.462372333282375791e+01
2.890540154329808686e+01,8.767008511979639707e+01
2.892540725921692157e+01,8.962310400189223003e+01
2.894541297513575273e+01,9.306029570609695156e+01
2.896541869105458744e+01,9.396932301343080951e+01
2.898542440697342215e+01,9.608286009032093489e+01
2.900543012289225686e+01,9.686285301625352417e+01
2.902543583881109157e+01,9.579419573754378803e+01
2.904544155472992273e+01,9.485498171148378788e+01
2.906544727064875744e+01,9.275078565199532932e+01
2.908545298656759215e+01,8.937493048106210836e+01
2.910545870248642686e+01,8.696383690670202782e+01
2.912546441840525802e+01,8.237159221826033217e+01
2.914547013432409273e+01,7.733061685540667440e+01
2.916547585024292744e+01,7.191764587308448142e+01
2.918548156616176215e+01,6.726996031747458460e+01
2.920548728208059686e+01,6.200100702225608984e+01
2.922549299799942801e+01,5.737291282810792836e+01
2.924549871391826272e+01,5.207953848016947518e+01
2.926550442983709743e+01,4.708149503003973280e+01
2.928551014575593214e+01,4.253779255609394028e+01
2.930551586167476685e+01,3.981387296113413043e+01
2.932552157759359801e+01,3.671165817189513803e+01
2.934552729351243272e+01,3.350265731962933557e+01
2.936553300943126743e+01,3.213200699867527277e+01
2.938553872535010214e+01,2.960447195136823240e+01
2.940554444126893330e+01,2.807915218399883983e+01
2.942555015718776801e+01,2.735354975845613268e+01
2.944555587310660272e+01,2.786609560848462763e+01
2.946556158902543743e+01,2.689509428587717466e+01
2.948556730494427214e+01,2.715186774206030407e+01
2.950557302086310330e+01,2.757203583458306184e+01
2.952557873678193801e+01,2.803279008386074622e+01
2.954558445270077272e+01,2.910859700582683729e+01
2.956559016861960743e+01,3.003638292454166248e+01
2.958559588453844214e+01,3.021035504611635858e+01
2.960560160045727329e+01,3.116793627515614418e+01
2.962560731637610800e+01,3.268483481536747348e+01
2.964561303229494271e+01,3.325697263981294327e+01
2.966561874821377742e+01,3.508883917585952616e+01
2.968562446413261213e+01,3.585294534275690381e+01
2.970563018005144329e+01,3.621209348441219333e+01
2.972563589597027800e+01,3.703349396353182499e+01
2.974564161188911271e+01,3.879958314265920194e+01
2.976564732780794742e+01,3.845775181763065120e+01
2.978565304372677858e+01,3.947740648020588594e+01
2.980565875964561329e+01,4.053844248542552009e+01
2.982566447556444800e+01,4.133810787707982115e+01
2.984567019148328271e+01,4.271689079752410123e+01
2.986567590740211742e+01,4.276943769652854854e+01
2.988568162332094857e+01,4.427472637042838244e+01
2.990568733923978328e+01,4.481760290390920431e+01
2.992569305515861799e+01,4.647010129428475977e+01
2.994569877107745270e+01,4.880301926060514006e+01
2.996570448699628741e+01,4.925924139857028194e+01
2.998571020291511857e+01,5.245777696076492447e+01
3.000571591883395328e+01,5.484058455711273439e+01
3.002572163475278799e+01,5.662983969139418150e+01
3.004572735067162270e+01,5.942445023909440494e+01
3.006573306659045386e+01,6.227867979121251096e+01
3.008573878250928857e+01,6.630527684156801627e+01
3.010574449842812328e+01,6.911223319490278527e+01
3.012575021434695799e+01,7.151444510048720815e+01
3.014575593026579270e+01,7.517041032305328940e+01
3.016576164618462386e+01,7.812888035058364267e+01
3.018576736210345857e+01,8.038906568474030223e+01
3.020577307802229328e+01,8.319013427409183237e+01
3.022577879394112799e+01,8.591580277008962696e+01
3.024578450985996270e+01,8.659113484379740555e+01
3.026579022577879385e+01,8.827971970167408244e+01
3.028579594169762856e+01,8.867349128373862754e+01
3.030580165761646327e+01,8.809369054811659794e+01
3.032580737353529798e+01,8.568281312279958684e+01
3.034581308945412914e+01,8.324188656429437572e+01
3.036581880537296385e+01,7.981176763669564878e+01
3.038582452129179856e+01,7.629401412323073828e+01
3.040583023721063327e+01,7.159452010958482049e+01
3.042583595312946798e+01,6.639602955474458668e+01
3.044584166904829914e+01,6.068871343516708095e+01
3.046584738496713385e+01,5.480354744404097289e+01
3.048585310088596856e+01,4.851188531371806079e+01
3.050585881680480327e+01,4.292634853519673754e+01
3.052586453272363798e+01,3.771065095650583032e+01
3.054587024864246914e+01,3.272954492807171789e+01
3.056587596456130385e+01,2.812133941435573803e+01
3.058588168048013856e+01,2.402838920984437721e+01
3.060588739639897327e+01,2.130503771750885988e+01
3.062589311231780798e+01,1.757808700352178022e+01
3.064589882823663913e+01,1.612187705432432239e+01
3.066590454415547384e+01,1.403244508288138093e+01
3.068591026007430855e+01,1.246768026372571647e+01
3.070591597599314326e+01,1.152127332089497358e+01
3.072592169191197442e+01,1.054483211063917203e+01
3.074592740783080913e+01,8.656933163032171308e+00
3.076593312374964384e+01,8.345936758216602414e+00
3.078593883966847855e+01,7.824404739793848762e+00
3.080594455558731326e+01,8.097753862826333915e+00
3.082595027150614442e+01,7.680589363496190813e+00
3.084595598742497913e+01,6.495359141095859101e+00
3.086596170334381384e+01,6.890257614987175927e+00
3.088596741926264855e+01,6.244198073104442415e+00
3.090597313518148326e+01,6.401448808675238134e+00
3.092597885110031442e+01,6.704405927136955157e+00
3.094598456701914913e+01,5.944295420191489043e+00
3.096599028293798384e+01,6.224661418184670225e+00
3.098599599885681855e+01,6.554295908650828117e+00
3.100600171477564970e+01,5.253935531221786803e+00
3.102600743069448441e+01,4.669246275296006665e+00
3.104601314661331912e+01,5.222319993867765575e+00
3.106601886253215383e+01,5.021772486040694261e+00
3.108602457845098854e+01,5.073868185337257586e+00
3.110603029436981970e+01,5.159169711136481595e+00
3.112603601028865441e+01,4.927771674059426843e+00
3.114604172620748912e+01,5.536516999216233081e+00
3.116604744212632383e+01,4.793441769791733975e+00
3.118605315804515854e+01,5.133707958872069099e+00
3.120605887396398970e+01,5.146029838892598463e+00
3.122606458988282441e+01,5.687478360263995114e+00
3.124607030580165912e+01,4.607929748833853978e+00
3.126607602172049383e+01,4.671980294608676587e+00
3.128608173763932498e+01,4.541390106628565349e+00
3.130608745355815969e+01,4.878679593828350924e+00
3.132609316947699440e+01,4.426240159379074335e+00
3.134609888539582911e+01,4.328470086212039547e+00
3.136610460131466382e+01,4.736024669538011267e+00
3.138611031723349498e+01,5.244830024782525690e+00
3.140611603315232969e+01,4.500294648012555854e+00
3.142612174907116440e+01,5.446276073362689374e+00
3.144612746498999911e+01,4.843032859362839559e+00
3.146613318090883382e+01,5.323128226763548909e+00
3.148613889682766498e+01,4.327519148360572387e+00
3.150614461274649969e+01,4.381368566706108858e+00
3.152615032866533440e+01,4.229322537541978733e+00
3.154615604458416911e+01,5.274805903376391214e+00
3.156616176050300382e+01,4.622294033188805606e+00
3.158616747642183498e+01,5.788891392855266105e+00
3.160617319234066969e+01,4.896845524869565480e+00
3.162617890825950440e+01,5.273603668059969607e+00
3.164618462417833911e+01,5.410736517064242967e+00
3.166619034009717026e+01,5.528858116790946298e+00
3.168619605601600497e+01,5.305676127389403973e+00
3.170620177193483968e+01,5.885183859434070186e+00
3.172620748785367439e+01,6.159648256872596761e+00
3.174621320377250910e+01,5.574646239136521686e+00
3.176621891969134026e+01,5.499655149644476992e+00
3.178622463561017497e+01,5.989800279210115264e+00
3.180623035152900968e+01,4.838480114442589297e+00
3.182623606744784439e+01,5.078872723106617748e+00
3.184624178336667910e+01,6.004354885720179169e+00
3.186624749928551026e+01,5.451273607725497072e+00
3.188625321520434497e+01,4.936202415343569072e+00
3.190625893112317968e+01,4.709647365228021521e+00
3.192626464704201439e+01,5.657842485334478866e+00
3.194627036296084555e+01,5.441663545971142213e+00
3.196627607887968026e+01,5.216639984776365147e+00
3.198628179479851497e+01,5.178908604457365783e+00
3.200628751071734968e+01,5.431567786070628401e+00
3.202629322663618439e+01,4.957463176916720116e+00
3.204629894255501199e+01,4.941489309824431686e+00
3.206630465847385381e+01,4.925994470930598723e+00
3.208631037439268141e+01,4.586645765972491517e+00
3.210631609031152323e+01,4.431628993052946441e+00
3.212632180623035083e+01,3.926238502630820193e+00
3.214632752214918554e+01,5.058059872618075659e+00
3.216633323806802025e+01,4.272907337485314372e+00
3.218633895398685496e+01,4.214731311696739979e+00
3.220634466990568967e+01,3.966370819192701624e+00
3.222635038582451728e+01,4.274947819305614516e+00
3.224635610174335909e+01,3.801443497518401493e+00
3.226636181766218670e+01,3.913016083749263796e+00
3.228636753358102851e+01,4.243683361562387013e+00
3.230637324949985612e+01,4.558056720244780813e+00
3.232637896541869083e+01,4.270590846461693957e+00
3.234638468133752554e+01,3.105191816593263709e+00
3.236639039725636025e+01,4.106149069044917610e+00
3.238639611317519496e+01,4.583507610092747875e+00
3.240640182909402967e+01,3.631020111547489382e+00
3.242640754501286438e+01,3.652381836393217895e+00
3.244641326093169198e+01,3.118539288337470516e+00
3.246641897685053380e+01,3.708944370575039784e+00
3.248642469276936140e+01,4.270468556057124943e+00
3.250643040868819611e+01,4.172176235859425653e+00
3.252643612460703082e+01,4.646752034806358900e+00
3.254644184052586553e+01,4.176924575651860039e+00
3.256644755644470024e+01,4.390670475727932676e+00
3.258645327236353495e+01,4.325783195981157903e+00
3.260645898828236966e+01,4.064499950493554614e+00
3.262646470420119726e+01,3.780342522788238568e+00
3.264647042012003908e+01,3.503509367469458180e+00
3.266647613603886668e+01,4.078095736302407737e+00
3.268648185195770850e+01,3.984178743383426369e+00
3.270648756787653610e+01,4.024207523572728817e+00
3.272649328379537081e+01,4.278204789608829550e+00
3.274649899971420552e+01,4.996886346176146354e+00
3.276650471563304023e+01,4.072342693748590037e+00
3.278651043155187494e+01,4.293976504678632011e+00
3.280651614747070255e+01,3.779388237885501489e+00
3.282652186338954436e+01,4.351834974518197008e+00
3.284652757930837197e+01,4.431168102994843316e+00
3.286653329522721378e+01,4.574324936265324659e+00
3.288653901114604139e+01,5.102648350021738999e+00
3.290654472706487610e+01,4.538498278670584973e+00
3.292655044298371081e+01,4.527598047426447891e+00
3.294655615890254552e+01,4.263659146139851863e+00
3.296656187482138023e+01,4.654609106398785556e+00
3.298656759074020783e+01,4.493886932568807779e+00
3.300657330665904965e+01,3.859899379707360190e+00
3.302657902257787725e+01,4.239450564881502181e+00
3.304658473849671907e+01,4.341442462869647301e+00
3.306659045441554667e+01,3.561625939700569177e+00
3.308659617033438138e+01,4.359103444744990341e+00
3.310660188625321609e+01,4.344084171915854498e+00
3.312660760217205080e+01,4.314767327284600995e+00
3.314661331809088551e+01,4.428341200968541003e+00
3.316661903400971312e+01,4.454252681081755760e+00
3.318662474992855493e+01,4.795292245063046188e+00
3.320663046584738254e+01,4.108472183566757252e+00
3.322663618176622435e+01,4.945496571843328582e+00
3.324664189768505196e+01,3.885034390067367838e+00
3.326664761360388667e+01,4.678052182741478049e+00
3.328665332952272138e+01,4.411820533703632918e+00
3.330665904544155609e+01,4.227945795595440259e+00
3.332666476136039080e+01,3.600588709388012010e+00
3.334667047727922551e+01,3.799861469809737269e+00
3.336667619319806022e+01,3.972621600445464640e+00
3.338668190911688782e+01,4.634432181604493550e+00
3.340668762503572964e+01,4.906821480784113731e+00
3.342669334095455724e+01,3.726381937453616011e+00
3.344669905687339195e+01,4.724756661740070030e+00
3.346670477279222666e+01,4.344815526096451386e+00
3.348671048871106137e+01,3.794842998473489715e+00
3.350671620462989608e+01,4.373094738224104105e+00
3.352672192054873079e+01,5.022800815462092672e+00
3.354672763646756550e+01,4.760828308241836559e+00
3.356673335238639311e+01,4.655520211270660624e+00
3.358673906830523492e+01,4.246631964306089912e+00
3.360674478422406253e+01,4.624237260786419057e+00
3.362675050014290434e+01,5.038983692796380254e+00
3.364675621606173195e+01,3.783754025494821427e+00
3.366676193198056666e+01,4.827029141886388430e+00
3.368676764789940137e+01,4.978265458257498111e+00
3.370677336381823608e+01,4.836786243219703962e+00
3.372677907973707079e+01,5.472139127336326681e+00
3.374678479565589839e+01,4.901132313066439039e+00
3.376679051157474021e+01,4.679206254870755366e+00
3.378679622749356781e+01,4.346217869468239847e+00
3.380680194341240963e+01,4.986100395549263098e+00
3.382680765933123723e+01,5.363875874760513973e+00
3.384681337525007194e+01,5.546153470371793404e+00
3.386681909116890665e+01,5.163999682526128510e+00
3.388682480708774136e+01,6.196389245634057907e+00
3.390683052300657607e+01,5.429926331852441557e+00
3.392683623892540368e+01,6.672077994114999910e+00
3.394684195484424549e+01,6.160058929268164896e+00
3.396684767076307310e+01,7.302238804280431594e+00
3.398685338668191491e+01,6.888495734968442363e+00
3.400685910260074252e+01,8.176865139622561784e+00
3.402686481851957723e+01,8.099957197305727163e+00
3.404687053443841194e+01,8.300607332448972642e+00
3.406687625035724665e+01,8.743479749362311537e+00
3.408688196627608136e+01,9.317940383414656580e+00
3.410688768219490896e+01,1.048184190002285732e+01
3.412689339811375078e+01,1.125911620909700517e+01
3.414689911403257838e+01,1.187286827159313063e+01
3.416690482995142020e+01,1.258419852503207892e+01
3.418691054587024780e+01,1.322029075739358106e+01
3.420691626178908251e+01,1.450963620998379611e+01
3.422692197770791722e+01,1.577093907205217960e+01
3.424692769362675193e+01,1.697994426461390205e+01
3.426693340954558664e+01,1.708635421700934032e+01
3.428693912546442135e+01,1.892320479982802794e+01
3.430694484138325606e+01,2.021546819137423512e+01
3.432695055730208367e+01,2.148748765962000107e+01
3.434695627322092548e+01,2.331175639002262301e+01
3.436696198913975309e+01,2.456364299380624061e+01
3.438696770505858780e+01,2.634772721388306138e+01
3.440697342097742251e+01,2.791907241445218091e+01
3.442697913689625722e+01,2.945930130430637917e+01
3.444698485281509193e+01,3.187123628284565058e+01
3.446699056873392664e+01,3.309948026696810786e+01
3.448699628465276135e+01,3.420399019331412660e+01
3.450700200057158895e+01,3.675380159203295705e+01
3.452700771649043077e+01,3.794229117861994638e+01
3.454701343240925837e+01,3.958375175128493595e+01
3.456701914832810019e+01,4.030240074182015064e+01
3.458702486424692779e+01,4.125447455894946103e+01
3.460703058016576250e+01,4.196982652310049389e+01
3.462703629608459721e+01,4.237235019735516062e+01
3.464704201200343192e+01,4.259149170788966643e+01
3.466704772792226663e+01,4.223731086577946314e+01
3.468705344384109424e+01,4.244009210005420130e+01
3.470705915975993605e+01,4.218860866870470261e+01
3.472706487567876366e+01,4.136191799938202962e+01
3.474707059159760547e+01,3.922175544487852505e+01
3.476707630751643308e+01,3.857819126117168196e+01
3.478708202343526779e+01,3.770765984862813980e+01
3.480708773935410250e+01,3.523762885283876756e+01
3.482709345527293721e+01,3.484704876642982896e+01
3.484709917119177192e+01,3.261103467324664962e+01
3.486710488711059952e+01,3.150875148408778870e+01
3.488711060302944134e+01,3.049274446761908663e+01
3.490711631894826894e+01,3.002687446197538890e+01
3.492712203486711076e+01,2.930929092059248831e+01
3.494712775078593836e+01,2.855900564627683025e+01
3.496713346670477307e+01,2.889852961044654123e+01
3.498713918262360778e+01,2.834483883222057798e+01
3.500714489854244249e+01,2.835690296097241259e+01
3.502715061446127720e+01,2.883270662173850241e+01
3.504715633038010481e+01,2.962515463564605511e+01
3.506716204629894662e+01,3.070867811101314615e+01
3.508716776221777423e+01,3.230699241680050449e+01
3.510717347813661604e+01,3.310435396555670451e+01
3.512717919405544365e+01,3.394266975088439153e+01
3.514718490997427836e+01,3.513175544930576422e+01
3.516719062589311307e+01,3.611916825999549019e+01
3.518719634181194778e+01,3.697258295353929469e+01
3.520720205773078249e+01,3.837145685044585264e+01
3.522720777364961720e+01,3.869073813619488078e+01
3.524721348956845191e+01,3.810522709859843360e+01
3.526721920548727951e+01,3.880014589675830905e+01
3.528722492140612133e+01,3.780878529925473686e+01
3.530723063732494893e+01,3.647031382699906743e+01
3.532723635324378364e+01,3.578883275714364487e+01
3.534724206916261835e+01,3.434922676911434536e+01
3.536724778508145306e+01,3.166959822707996608e+01
3.538725350100028777e+01,2.991465135993438906e+01
3.540725921691912248e+01,2.793872472611789348e+01
3.542726493283795719e+01,2.532826407540965619e+01
3.544727064875678479e+01,2.264557303459618964e+01
3.546727636467562661e+01,2.037363394524185267e+01
3.548728208059445421e+01,1.870025493671498751e+01
3.550728779651329603e+01,1.698006890239082622e+01
3.552729351243212363e+01,1.587077731484330556e+01
3.554729922835095834e+01,1.341897845039439119e+01
3.556730494426979305e+01,1.254696731356978034e+01
3.558731066018862776e+01,1.154032374987463605e+01
3.560731637610746247e+01,1.021569878092452299e+01
3.562732209202629008e+01,9.902808631137212103e+00
3.564732780794513189e+01,9.023900382173550838e+00
3.566733352386395950e+01,8.401400391666713929e+00
3.568733923978280131e+01,7.747520184779460806e+00
3.570734495570162892e+01,7.024466655156873074e+00
3.572735067162046363e+01,8.001748279019199828e+00
3.574735638753929834e+01,6.928243212623819147e+00
3.576736210345813305e+01,7.613602763836643916e+00
3.578736781937696776e+01,6.893982239053714878e+00
3.580737353529579536e+01,7.077101082193911985e+00
3.582737925121463718e+01,6.293003444501493959e+00
3.584738496713346478e+01,5.461341824137626588e+00
3.586739068305230660e+01,5.807121525968801379e+00
3.588739639897113420e+01,6.051171835144945277e+00
3.590740211488996891e+01,5.977106178213205112e+00
3.592740783080880362e+01,5.131435302644026919e+00
3.594741354672763833e+01,6.004615221516729662e+00
3.596741926264647304e+01,5.197543155186957975e+00
3.598742497856530065e+01,5.086264486074016489e+00
3.600743069448414246e+01,5.023045601701822349e+00
3.602743641040297007e+01,4.187212395965024037e+00
3.604744212632181188e+01,4.657675303174570125e+00
3.606744784224063949e+01,4.084498359178885707e+00
3.608745355815947420e+01,4.725028610526896600e+00
3.610745927407830891e+01,4.073077863433852031e+00
3.612746498999714362e+01,4.225221364323502371e+00
3.614747070591597833e+01,4.215663395715170125e+00
3.616747642183481304e+01,4.672967703225324065e+00
3.618748213775364775e+01,3.685893998686962547e+00
3.620748785367247535e+01,3.583397951640394208e+00
3.622749356959131717e+01,3.918761074870427130e+00
3.624749928551014477e+01,4.784805718704397748e+00
3.626750500142897948e+01,4.405342582668237306e+00
3.628751071734781419e+01,3.556774825896071413e+00
3.630751643326664890e+01,4.210317530845506973e+00
3.632752214918548361e+01,4.219590286101180254e+00
3.634752786510431832e+01,4.153335391653087960e+00
3.636753358102315303e+01,3.746201372154738696e+00
3.638753929694198064e+01,4.083771581509150650e+00
3.640754501286082245e+01,3.374792466163560434e+00
3.642755072877965006e+01,4.410122077901418081e+00
3.644755644469849187e+01,4.221571955336492543e+00
3.646756216061731948e+01,3.920824400587214598e+00
3.648756787653615419e+01,3.869578173462848270e+00
3.650757359245498890e+01,4.285053470863905645e+00
3.652757930837382361e+01,4.002711140984827942e+00
3.654758502429265832e+01,3.517554328312044731e+00
3.656759074021148592e+01,3.680370045482318719e+00
3.658759645613032774e+01,3.257665386297195820e+00
3.660760217204915534e+01,3.450538696356478141e+00
3.662760788796799716e+01,3.874777222054488934e+00
3.664761360388682476e+01,3.186585084485076269e+00
3.666761931980565947e+01,4.010185727578742920e+00
3.668762503572449418e+01,4.285957780317394494e+00
3.670763075164332889e+01,3.833527015073880939e+00
3.672763646756216360e+01,4.110968915090182030e+00
3.674764218348099121e+01,4.083823775148299973e+00
3.676764789939983302e+01,3.222421165569638202e+00
3.678765361531866063e+01,3.797754177765378714e+00
3.680765933123750244e+01,3.634090671115770554e+00
3.682766504715633005e+01,3.680324342856192921e+00
3.684767076307516476e+01,4.501615977161931959e+00
3.686767647899399947e+01,3.855652245498631281e+00
3.688768219491283418e+01,3.729344538236134543e+00
3.690768791083166889e+01,4.090067571635414012e+00
3.692769362675049649e+01,3.791605928882179732e+00
3.694769934266933831e+01,4.479830467252861936e+00
3.696770505858816591e+01,3.991064948734310835e+00
3.698771077450700773e+01,4.357557749630676547e+00
3.700771649042583533e+01,4.334051418051255489e+00
3.702772220634467004e+01,4.954944363294976561e+00
3.704772792226350475e+01,4.272974974237722989e+00
3.706773363818233946e+01,4.373890561490341611e+00
3.708773935410117417e+01,5.251553412411473332e+00
3.710774507002000888e+01,5.204596941670904364e+00
3.712775078593884359e+01,4.913068639894581757e+00
3.714775650185767120e+01,5.664876827826871519e+00
3.716776221777651301e+01,5.415163912014786973e+00
3.718776793369534062e+01,6.048271128409748343e+00
3.720777364961417533e+01,5.578722517937068304e+00
3.722777936553301004e+01,6.682883714285580368e+00
3.724778508145184475e+01,6.075549922934291303e+00
3.726779079737067946e+01,6.866634532533579360e+00
3.728779651328951417e+01,7.821251902261472821e+00
3.730780222920834888e+01,7.090087316405245588e+00
3.732780794512717648e+01,8.000578879649170361e+00
3.734781366104601830e+01,8.331405061046904592e+00
3.736781937696484590e+01,8.792035742191579573e+00
3.738782509288368772e+01,9.494270469918788535e+00
3.740783080880251532e+01,1.053577070406645788e+01
3.742783652472135003e+01,1.030964989098722739e+01
3.744784224064018474e+01,1.026666521361889650e+01
3.746784795655901945e+01,1.229452952961983314e+01
3.748785367247785416e+01,1.224427842467852301e+01
3.750785938839668177e+01,1.380825688875703250e+01
3.752786510431552358e+01,1.400096889261444133e+01
3.754787082023435119e+01,1.497920579680637765e+01
3.756787653615319300e+01,1.552437439424070398e+01
3.758788225207202061e+01,1.638923893813296928e+01
3.760788796799085532e+01,1.730445203668001142e+01
3.762789368390969003e+01,1.785090195983223538e+01
3.764789939982852474e+01,1.836682472879978434e+01
3.766790511574735945e+01,1.922689114364134255e+01
3.768791083166618705e+01,1.942832418007679252e+01
3.770791654758502887e+01,1.968619294380872731e+01
3.772792226350385647e+01,1.960781937064163571e+01
3.774792797942269829e+01,1.926446670794730309e+01
3.776793369534152589e+01,1.872734364726948542e+01
3.778793941126036060e+01,1.874445959328736677e+01
3.780794512717919531e+01,1.752956351692580483e+01
3.782795084309803002e+01,1.787116122382327887e+01
3.784795655901686473e+01,1.621834829740647166e+01
3.786796227493569234e+01,1.500378089347686839e+01
3.788796799085453415e+01,1.479306772192616570e+01
3.790797370677336176e+01,1.333913708139009202e+01
3.792797942269220357e+01,1.226396266533012280e+01
3.794798513861103118e+01,1.205212105043959525e+01
3.796799085452986589e+01,1.063998003874550413e+01
3.798799657044870060e+01,9.620996087489553261e+00
3.800800228636753531e+01,8.695026381111263802e+00
3.802800800228637002e+01,9.007534651185951091e+00
3.804801371820520473e+01,7.039735715231380198e+00
3.806801943412403944e+01,8.105145446548512211e+00
3.808802515004286704e+01,7.599812331306034174e+00
3.810803086596170886e+01,6.326894410671259017e+00
3.812803658188053646e+01,7.307826588609897200e+00
3.814804229779937117e+01,6.552864081053126455e+00
3.816804801371820588e+01,5.869594555792498447e+00
3.818805372963704059e+01,6.255397366655230940e+00
3.820805944555587530e+01,6.761137179947459330e+00
3.822806516147471001e+01,6.656446756584441182e+00
3.824807087739354472e+01,6.539873217886510659e+00
3.826807659331237232e+01,6.707463103674655258e+00
3.828808230923121414e+01,5.884269970543144268e+00
3.830808802515004174e+01,6.498604050974797985e+00
3.832809374106888356e+01,6.081222464881568257e+00
3.834809945698771116e+01,7.478133734468550564e+00
3.836810517290654587e+01,7.169383261178452038e+00
3.838811088882538058e+01,6.644832365894810522e+00
3.840811660474421529e+01,6.816389480092757580e+00
3.842812232066305000e+01,7.010411481103187015e+00
3.844812803658187761e+01,7.914132430740948188e+00
3.846813375250071942e+01,7.516348561716192478e+00
3.848813946841954703e+01,7.572905451396898080e+00
3.850814518433838884e+01,7.341713742015830491e+00
3.852815090025721645e+01,7.881376467533105057e+00
3.854815661617605116e+01,7.896355885591031409e+00
3.856816233209488587e+01,7.077292607865638630e+00
3.858816804801372058e+01,7.861358363447010333e+00
3.860817376393255529e+01,7.629741923617713972e+00
3.862817947985138289e+01,8.014534130540589274e+00
3.864818519577022471e+01,6.879786491106040458e+00
3.866819091168905231e+01,8.481113981777134825e+00
3.868819662760789413e+01,7.531976546614211898e+00
3.870820234352672173e+01,8.242032176495264650e+00
3.872820805944555644e+01,7.918133014559630034e+00
3.874821377536439115e+01,8.297462928577591157e+00
3.876821949128322586e+01,9.216069849599083597e+00
3.878822520720206057e+01,8.810888033879008319e+00
3.880823092312088818e+01,9.128286403765111245e+00
3.882823663903972999e+01,1.031065704569389219e+01
3.884824235495855760e+01,1.062781010148031235e+01
3.886824807087739941e+01,1.093564459266304212e+01
3.888825378679622702e+01,1.138675206044114319e+01
3.890825950271506173e+01,1.215585573002196362e+01
3.892826521863389644e+01,1.334950634509507239e+01
3.894827093455273115e+01,1.422358647338213089e+01
3.896827665047156586e+01,1.544616588879264896e+01
3.898828236639040057e+01,1.651877964065142379e+01
3.900828808230923528e+01,1.727761450700161205e+01
3.902829379822806288e+01,1.786985573769502622e+01
3.904829951414690470e+01,1.930481247739912476e+01
3.906830523006573230e+01,1.970482377559581266e+01
3.908831094598456701e+01,1.979476105106104100e+01
3.910831666190340172e+01,2.059435715421595603e+01
3.912832237782223643e+01,2.078090105254457498e+01
3.914832809374107114e+01,2.097986071213625081e+01
3.916833380965990585e+01,2.137857721160720814e+01
3.918833952557874056e+01,2.197500835647093709e+01
3.920834524149756817e+01,2.150782570365308999e+01
3.922835095741640998e+01,2.109529832017990003e+01
3.924835667333523759e+01,2.106910501043727990e+01
3.926836238925407940e+01,1.941707558001267131e+01
3.928836810517290701e+01,1.861735303377875184e+01
3.930837382109174172e+01,1.825481194599548473e+01
3.932837953701057643e+01,1.814043252730715139e+01
3.934838525292941114e+01,1.624483828059932122e+01
3.936839096884824585e+01,1.632980839763962777e+01
3.938839668476707345e+01,1.502983134026528766e+01
3.940840240068591527e+01,1.502956134860020576e+01
3.942840811660474287e+01,1.423446991874700451e+01
3.944841383252358469e+01,1.298413860762532579e+01
3.946841954844241229e+01,1.291988883018622758e+01
3.948842526436124700e+01,1.198143131601676714e+01
3.950843098028008171e+01,1.076225342487409264e+01
3.952843669619891642e+01,1.012564392853733253e+01
3.954844241211775113e+01,9.630036833136337293e+00
3.956844812803657874e+01,9.821862584891283277e+00
3.958845384395542055e+01,8.943148230196680259e+00
3.960845955987424816e+01,9.433554372711739688e+00
3.962846527579308997e+01,9.504012552045089990e+00
3.964847099171191758e+01,9.437380352545945428e+00
3.966847670763075229e+01,9.215134518558059540e+00
3.968848242354958700e+01,9.943818764922447428e+00
3.970848813946842171e+01,1.024763399932825081e+01
3.972849385538725642e+01,1.081099901793798068e+01
3.974849957130608402e+01,1.241129128892271893e+01
3.976850528722492584e+01,1.286552498001037392e+01
3.978851100314375344e+01,1.346793985940048266e+01
3.980851671906259526e+01,1.392461213483899130e+01
3.982852243498142286e+01,1.531365713941022477e+01
3.984852815090025757e+01,1.681261609598853113e+01
3.986853386681909228e+01,1.729462585531847196e+01
3.988853958273792699e+01,1.919087772079503651e+01
3.990854529865676170e+01,2.062720947934845483e+01
3.992855101457559641e+01,2.182008966421673790e+01
3.994855673049443112e+01,2.373539454502623158e+01
3.996856244641325873e+01,2.514783574916870634e+01
3.998856816233210054e+01,2.688999372995684922e+01
4.000857387825092815e+01,2.785445795303483152e+01
4.002857959416976286e+01,2.929533926711850356e+01
4.004858531008859757e+01,3.135054791131950580e+01
4.006859102600743228e+01,3.265752505001863426e+01
4.008859674192626699e+01,3.369496240601968395e+01
4.010860245784510170e+01,3.443082293346349587e+01
4.012860817376393641e+01,3.523285243431884339e+01
4.014861388968276401e+01,3.650983569365601511e+01
4.016861960560160583e+01,3.465996656566401413e+01
4.018862532152043343e+01,3.501576221154572011e+01
4.020863103743927525e+01,3.411783063497848190e+01
4.022863675335810285e+01,3.355355172869539615e+01
4.024864246927693756e+01,3.263076936019653829e+01
4.026864818519577227e+01,3.171836017908831451e+01
4.028865390111460698e+01,2.978369591539724581e+01
4.030865961703344169e+01,2.797260554537696464e+01
4.032866533295226930e+01,2.599988092480290902e+01
4.034867104887111111e+01,2.412852168618933746e+01
4.036867676478993872e+01,2.232479460830831641e+01
4.038868248070878053e+01,1.984039538325188801e+01
4.040868819662760814e+01,1.863030557883152483e+01
4.042869391254644285e+01,1.675956915125346569e+01
4.044869962846527756e+01,1.484311014163536058e+01
4.046870534438411227e+01,1.412443620064370897e+01
4.048871106030294698e+01,1.282794859841683888e+01
4.050871677622177458e+01,1.156251228813417775e+01
4.052872249214061640e+01,1.139949053586843597e+01
4.054872820805944400e+01,9.975102487026699549e+00
4.056873392397828582e+01,1.063924406473862128e+01
4.058873963989711342e+01,9.807189406157256428e+00
4.060874535581594813e+01,9.807345605670141353e+00
4.062875107173478284e+01,8.542907427084500682e+00
4.064875678765361755e+01,9.174836021587639223e+00
4.066876250357245226e+01,9.497985523535529495e+00
4.068876821949127986e+01,9.583202434471067122e+00
4.070877393541012168e+01,9.125725380635749673e+00
4.072877965132894929e+01,8.551989918761661258e+00
4.074878536724779110e+01,8.691122145316679592e+00
4.076879108316661871e+01,8.714804422721556421e+00
4.078879679908545342e+01,8.425733407854901102e+00
4.080880251500428813e+01,8.241381335426048338e+00
4.082880823092312284e+01,9.117101355363470105e+00
4.084881394684195755e+01,8.445949344293520511e+00
4.086881966276079226e+01,8.777888666400196271e+00
4.088882537867962697e+01,8.204832269007628298e+00
4.090883109459845457e+01,8.866493583157716074e+00
4.092883681051729639e+01,8.206290691059001219e+00
4.094884252643612399e+01,7.350829660588876102e+00
4.096884824235495870e+01,7.825551960450660260e+00
4.098885395827379341e+01,7.553524044196009868e+00
4.100885967419262812e+01,7.815186034849650909e+00
4.102886539011146283e+01,7.613080356164550366e+00
4.104887110603029754e+01,7.065072691495640100e+00
4.106887682194913225e+01,7.582801198379167218e+00
4.108888253786795985e+01,6.807217846398929240e+00
4.110888825378680167e+01,7.456841774558804481e+00
4.112889396970562927e+01,6.842776694225841005e+00
4.114889968562447109e+01,7.324773432642228244e+00
4.116890540154329869e+01,6.710981176721265484e+00
4.118891111746213340e+01,6.451170170582506636e+00
4.120891683338096811e+01,7.633918099931056744e+00
4.122892254929980282e+01,6.953367857417107167e+00
4.124892826521863753e+01,7.052610900693704110e+00
4.126893398113746514e+01,6.343918920851894683e+00
4.128893969705630695e+01,6.501422850722354596e+00
4.130894541297513456e+01,6.143255891159796533e+00
4.132895112889397637e+01,6.909988339120998191e+00
4.134895684481280398e+01,6.345598905799001876e+00
4.136896256073163869e+01,6.548138764271234535e+00
4.138896827665047340e+01,5.987942410867681531e+00
4.140897399256930811e+01,6.090279797302022402e+00
4.142897970848814282e+01,5.276514972811753523e+00
4.144898542440697042e+01,5.856693997087377923e+00
4.146899114032581224e+01,5.432961008441107964e+00
4.148899685624463984e+01,5.846159635562910850e+00
4.150900257216348166e+01,5.887283448044577483e+00
4.152900828808230926e+01,4.846141407178409466e+00
4.154901400400114397e+01,5.093780000654551721e+00
4.156901971991997868e+01,5.437779883540422077e+00
4.158902543583881339e+01,5.265514382307459051e+00
4.160903115175764810e+01,5.257573341895623642e+00
4.162903686767647571e+01,4.742272697609563714e+00
4.164904258359531752e+01,5.024083268916543332e+00
4.166904829951414513e+01,5.458965744186823343e+00
4.168905401543298694e+01,5.124199642742022220e+00
4.170905973135181455e+01,5.548750170057394016e+00
4.172906544727064926e+01,5.138442702530917394e+00
4.174907116318948397e+01,6.367479249933241547e+00
4.176907687910831868e+01,6.171201411203491638e+00
4.178908259502715339e+01,6.206022426818099902e+00
4.180908831094598810e+01,6.336305644560008332e+00
4.182909402686482281e+01,6.383382616642068186e+00
4.184909974278365041e+01,7.408790298249735784e+00
4.186910545870249223e+01,7.024101457907718782e+00
4.188911117462131983e+01,8.189148136280788748e+00
4.190911689054015454e+01,7.932866426640304169e+00
4.192912260645898925e+01,7.886605011529934650e+00
4.194912832237782396e+01,9.355095015771649258e+00
4.196913403829665867e+01,8.780514935717119940e+00
4.198913975421549338e+01,9.512547789480514382e+00
4.200914547013432809e+01,9.783538042057704942e+00
4.202915118605316280e+01,9.648030631096403908e+00
4.204915690197199041e+01,1.047369072923763689e+01
4.206916261789082512e+01,1.017286822993319717e+01
4.208916833380965983e+01,1.064246571843357003e+01
4.210917404972849454e+01,1.039292183821129534e+01
4.212917976564732925e+01,1.110026932955874557e+01
4.214918548156616396e+01,1.021719861848774791e+01
4.216919119748499867e+01,1.077119667601737873e+01
4.218919691340383338e+01,1.072674589675433410e+01
4.220920262932266809e+01,9.343945127324538191e+00
4.222920834524150280e+01,9.653742758286224301e+00
4.224921406116033040e+01,8.939920258364782768e+00
4.226921977707916511e+01,9.049073856076587319e+00
4.228922549299799982e+01,8.635863672262564350e+00
4.230923120891683453e+01,8.809010585329893672e+00
4.232923692483566924e+01,7.837007487193551114e+00
4.234924264075450395e+01,8.071224143187176736e+00
4.236924835667333866e+01,7.158553029874569873e+00
4.238925407259217337e+01,6.938209944463025636e+00
4.240925978851100808e+01,6.343759603677932901e+00
4.242926550442983569e+01,6.354931340535111772e+00
4.244927122034867040e+01,6.058441768374033032e+00
4.246927693626750511e+01,4.841580353640264178e+00
4.248928265218633982e+01,5.719865203312553881e+00
4.250928836810517453e+01,4.895616886861758665e+00
4.252929408402400924e+01,5.816103273749053670e+00
4.254929979994284395e+01,4.689118732986120364e+00
4.256930551586167866e+01,4.491089956511891579e+00
4.258931123178051337e+01,4.074641215074258582e+00
4.260931694769934097e+01,4.754587580666312263e+00
4.262932266361817568e+01,4.361342029292631928e+00
4.264932837953701039e+01,4.850934955790517478e+00
4.266933409545584510e+01,4.952937089353006250e+00
4.268933981137467981e+01,5.243096739139534890e+00
4.270934552729351452e+01,4.397077851128733172e+00
4.272935124321234923e+01,4.039776757727244316e+00
4.274935695913118394e+01,4.260203892870810805e+00
4.276936267505001865e+01,4.486842293000029791e+00
4.278936839096885336e+01,4.810344184947435764e+00
4.280937410688768097e+01,4.060659710768613095e+00
4.282937982280651568e+01,3.839306501680229911e+00
4.284938553872535039e+01,3.749371788302350073e+00
4.286939125464418510e+01,3.922548250456553198e+00
4.288939697056301981e+01,3.860790742129759145e+00
4.290940268648185452e+01,3.730595244385003451e+00
4.292940840240068923e+01,4.340529861307362403e+00
4.294941411831952394e+01,4.479925014932871541e+00
4.296941983423835865e+01,5.049856267385972153e+00
4.298942555015718625e+01,4.544266425882359073e+00
4.300943126607602096e+01,4.461412478029860296e+00
4.302943698199485567e+01,4.390963071559000674e+00
4.304944269791369038e+01,4.188299762979984742e+00
4.306944841383252509e+01,3.828593109704978126e+00
4.308945412975135980e+01,3.609034111549715096e+00
4.310945984567019451e+01,3.901517043913775407e+00
4.312946556158902922e+01,4.481540036135488236e+00
4.314947127750786393e+01,4.381559732945330410e+00
4.316947699342669864e+01,4.716614145912866540e+00
4.318948270934552625e+01,4.738002376140754812e+00
4.320948842526436096e+01,4.212935767440442625e+00
4.322949414118319567e+01,5.239967168106634432e+00
4.324949985710203038e+01,4.739943767503233651e+00
4.326950557302086509e+01,4.851193049220467124e+00
4.328951128893969980e+01,4.384117275099624678e+00
4.330951700485853451e+01,5.520556137835209931e+00
4.332952272077736922e+01,5.616721236676927020e+00
4.334952843669620393e+01,5.624697883988259761e+00
4.336953415261503153e+01,6.140020219939849255e+00
4.338953986853386624e+01,5.323248640810520627e+00
4.340954558445270095e+01,7.162481330130029633e+00
4.342955130037153566e+01,7.059902106003935529e+00
4.344955701629037037e+01,7.119017022569249065e+00
4.346956273220920508e+01,7.769351291212693411e+00
4.348956844812803979e+01,7.910194464433285333e+00
4.350957416404687450e+01,8.242777588107177422e+00
4.352957987996570921e+01,8.668444515146568108e+00
4.354958559588453681e+01,9.041604991182968121e+00
4.356959131180337153e+01,9.077025295849075803e+00
4.358959702772220624e+01,9.888186564011572699e+00
4.360960274364104095e+01,1.008684201390173740e+01
4.362960845955987566e+01,1.049761531989703656e+01
4.364961417547871037e+01,1.148396614010526307e+01
4.366961989139754508e+01,1.177801471023120428e+01
4.368962560731637979e+01,1.170653630007724288e+01
4.370963132323521450e+01,1.139055469936826448e+01
4.372963703915404921e+01,1.330833677064947551e+01
4.374964275507287681e+01,1.350655113060593493e+01
4.376964847099171152e+01,1.331693720661693447e+01
4.378965418691054623e+01,1.374943202807933673e+01
4.380965990282938094e+01,1.281138508892111538e+01
4.382966561874821565e+01,1.342997687709575416e+01
4.384967133466705036e+01,1.389659874190360966e+01
4.386967705058588507e+01,1.341420910709061332e+01
4.388968276650471978e+01,1.412884773249971104e+01
4.390968848242355449e+01,1.494137675050919967e+01
4.392969419834238209e+01,1.434802373227107353e+01
4.394969991426121680e+01,1.385505426293193310e+01
4.396970563018005151e+01,1.323432948691322153e+01
4.398971134609888622e+01,1.402158428866573558e+01
4.400971706201772093e+01,1.363878484091350707e+01
4.402972277793655564e+01,1.235425885940686896e+01
4.404972849385539035e+01,1.262040247830118389e+01
4.406973420977422506e+01,1.217064483544246656e+01
4.408973992569305977e+01,1.201715569920697391e+01
4.410974564161189448e+01,1.097868429622712227e+01
4.412975135753072209e+01,9.958811515546219795e+00
4.414975707344955680e+01,9.628893415993978522e+00
4.416976278936839151e+01,9.097273403548495452e+00
4.418976850528722622e+01,8.715715052302455135e+00
4.420977422120606093e+01,7.678882418216995021e+00
4.422977993712489564e+01,8.195967372097708648e+00
4.424978565304373035e+01,7.126302473913741942e+00
4.426979136896256506e+01,6.441406324732420252e+00
4.428979708488139977e+01,6.926067984261739419e+00
4.430980280080022737e+01,5.079679279162685468e+00
4.432980851671906208e+01,5.417725487744242230e+00
4.434981423263789679e+01,5.202550381998366724e+00
4.436981994855673150e+01,5.112059897967593969e+00
4.438982566447556621e+01,4.341029262968757685e+00
4.440983138039440092e+01,4.515633522291249591e+00
4.442983709631323563e+01,5.267646679122446329e+00
4.444984281223207034e+01,3.955509783311747185e+00
4.446984852815090505e+01,4.567029132407519398e+00
4.448985424406973266e+01,5.081966161676971794e+00
4.450985995998856737e+01,4.067375851907645057e+00
4.452986567590740208e+01,4.376109821547865764e+00
4.454987139182623679e+01,4.288050899693270246e+00
4.456987710774507150e+01,4.492296291322727342e+00
4.458988282366390621e+01,4.220801803389379714e+00
4.460988853958274092e+01,4.624644289711874912e+00
4.462989425550157563e+01,4.822582734664584869e+00
4.464989997142041034e+01,3.753180081977318672e+00
4.466990568733924505e+01,4.031831803892226063e+00
4.468991140325807265e+01,5.018443880297682291e+00
4.470991711917690736e+01,4.941666767962604290e+00
4.472992283509574207e+01,4.738006306310965421e+00
4.474992855101457678e+01,4.661581743602528860e+00
4.476993426693341149e+01,4.478938864207793635e+00
4.478993998285224620e+01,4.503532603583769500e+00
4.480994569877108091e+01,5.590876226293143070e+00
4.482995141468991562e+01,4.966437342643526875e+00
4.484995713060875033e+01,5.529780676775056136e+00
4.486996284652757794e+01,5.416163271805978674e+00
4.488996856244641265e+01,5.652130611697474549e+00
4.490997427836524736e+01,5.367460704395826454e+00
4.492997999428408207e+01,5.738146256772910903e+00
4.494998571020291678e+01,6.000169319090771225e+00
4.496999142612175149e+01,6.192760499319216905e+00
4.498999714204058620e+01,7.240636276334234012e+00
4.501000285795942091e+01,7.566890659178866940e+00
4.503000857387825562e+01,7.293789012213682810e+00
4.505001428979709033e+01,8.360492454283413366e+00
4.507002000571591793e+01,7.791746484800165184e+00
4.509002572163475264e+01,9.044484748896483239e+00
4.511003143755358735e+01,9.473158628184432217e+00
4.513003715347242206e+01,9.606536414893373177e+00
4.515004286939125677e+01,9.833269535925941440e+00
4.517004858531009148e+01,1.079144788670311250e+01
4.519005430122892619e+01,1.191480894330053530e+01
4.521006001714776090e+01,1.232054649235407950e+01
4.523006573306659561e+01,1.269566907674279221e+01
4.525007144898542322e+01,1.257497105969716955e+01
4.527007716490425793e+01,1.332466281270466268e+01
4.529008288082309264e+01,1.353257277031728378e+01
4.531008859674192735e+01,1.435296333632340904e+01
4.533009431266076206e+01,1.439529303409797123e+01
4.535010002857959677e+01,1.482220080816986574e+01
4.537010574449843148e+01,1.451138941181374342e+01
4.539011146041726619e+01,1.399645683701783838e+01
4.541011717633610090e+01,1.446412847097759347e+01
4.543012289225492850e+01,1.492018899392628484e+01
4.545012860817376321e+01,1.496919861651260675e+01
4.547013432409259792e+01,1.488167407269586029e+01
4.549014004001143263e+01,1.475795013438294312e+01
4.551014575593026734e+01,1.418559410198579940e+01
4.553015147184910205e+01,1.416554828960710566e+01
4.555015718776793676e+01,1.381449401996292359e+01
4.557016290368677147e+01,1.294132474634520946e+01
4.559016861960560618e+01,1.294495278274394856e+01
4.561017433552444089e+01,1.280969717266481744e+01
4.563018005144326850e+01,1.224470465518779605e+01
4.565018576736210321e+01,1.143212315250022115e+01
4.567019148328093792e+01,1.105583382686542748e+01
4.569019719919977263e+01,1.028052967002262008e+01
4.571020291511860734e+01,1.023444242135076721e+01
4.573020863103744205e+01,9.968590056019401402e+00
4.575021434695627676e+01,9.203930870551403132e+00
4.577022006287511147e+01,8.350223136736042662e+00
4.579022577879394618e+01,8.155561756199480428e+00
4.581023149471277378e+01,7.404458534226194821e+00
4.583023721063160849e+01,8.145029344425079643e+00
4.585024292655044320e+01,6.617291396587257069e+00
4.587024864246927791e+01,7.249914349972303995e+00
4.589025435838811262e+01,6.256156223380218151e+00
4.591026007430694733e+01,6.225595324729477298e+00
4.593026579022578204e+01,5.372639936093539959e+00
4.595027150614461675e+01,5.633965096449384369e+00
4.597027722206345146e+01,5.510622230831438095e+00
4.599028293798228617e+01,5.085013963823576510e+00
4.601028865390111378e+01,6.003584874730876209e+00
4.603029436981994849e+01,4.824056335458007716e+00
4.605030008573878320e+01,5.535412030876267764e+00
4.607030580165761791e+01,5.109952862331347490e+00
4.609031151757645262e+01,4.738957243019886967e+00
4.611031723349528733e+01,4.931113772577589316e+00
4.613032294941412204e+01,4.609163290712298355e+00
4.615032866533295675e+01,4.852183398387536428e+00
4.617033438125179146e+01,4.380143898290430826e+00
4.619034009717061906e+01,5.065306178322709130e+00
4.621034581308945377e+01,5.646629118290952931e+00
4.623035152900828848e+01,4.287361474739038947e+00
4.625035724492712319e+01,5.531416701192037877e+00
4.627036296084595790e+01,4.697181664271549373e+00
4.629036867676479261e+01,4.961811557405941819e+00
4.631037439268362732e+01,5.036441442837288562e+00
4.633038010860246203e+01,5.203635786117371431e+00
4.635038582452129674e+01,5.451968435417626324e+00
4.637039154044012434e+01,5.712709418541609629e+00
4.639039725635895905e+01,5.339606350888461250e+00
4.641040297227779376e+01,5.608728358611175580e+00
4.643040868819662847e+01,6.072526134582215462e+00
4.645041440411546319e+01,6.462354242201879373e+00
4.647042012003429790e+01,6.522265860693492456e+00
4.649042583595313261e+01,6.390975469579258217e+00
4.651043155187196732e+01,6.535632767058643822e+00
4.653043726779080203e+01,7.002246366550060941e+00
4.655044298370963674e+01,7.202660450001272530e+00
4.657044869962846434e+01,7.376931712763301618e+00
4.659045441554729905e+01,8.366538996272673501e+00
4.661046013146613376e+01,8.464275370311520774e+00
4.663046584738496847e+01,9.456799561728871595e+00
4.665047156330380318e+01,1.083557470440734427e+01
4.667047727922263789e+01,1.111524468236437890e+01
4.669048299514147260e+01,1.133373127466617447e+01
4.671048871106030731e+01,1.236770280533026245e+01
4.673049442697914202e+01,1.260782203103585886e+01
4.675050014289796962e+01,1.339897918770280860e+01
4.677050585881680433e+01,1.325436283496157053e+01
4.679051157473563904e+01,1.424582918412847121e+01
4.681051729065447375e+01,1.466992077563069508e+01
4.683052300657330846e+01,1.591547351510502217e+01
4.685052872249214317e+01,1.523092686541609453e+01
4.687053443841097788e+01,1.610175864790882372e+01
4.689054015432981259e+01,1.577087984326016112e+01
4.691054587024864730e+01,1.517945972996446358e+01
4.693055158616748201e+01,1.472221831050995888e+01
4.695055730208630962e+01,1.492786760661802248e+01
4.697056301800514433e+01,1.455544691209973074e+01
4.699056873392397904e+01,1.441381488348040385e+01
4.701057444984281375e+01,1.341347727603624485e+01
4.703058016576164846e+01,1.174952474623197141e+01
4.705058588168048317e+01,1.143445537959896896e+01
4.707059159759931788e+01,1.084863485714202191e+01
4.709059731351815259e+01,1.042029799098033038e+01
4.711060302943698730e+01,1.013130114068181697e+01
4.713060874535581490e+01,8.396143554290279809e+00
4.715061446127464961e+01,8.368635815731538585e+00
4.717062017719348432e+01,7.402558264479544903e+00
4.719062589311231903e+01,7.867101048457217694e+00
4.721063160903115374e+01,7.959319976979511324e+00
4.723063732494998845e+01,7.290813514474591805e+00
4.725064304086882316e+01,7.247337278744179656e+00
4.727064875678765787e+01,6.520456605711393294e+00
4.729065447270649258e+01,7.273003600182992301e+00
4.731066018862532019e+01,6.862994609574435856e+00
4.733066590454415490e+01,6.559329105336550114e+00
4.735067162046298961e+01,5.899984081493636623e+00
4.737067733638182432e+01,5.208006651666270415e+00
4.739068305230065903e+01,5.739589149189223249e+00
4.741068876821949374e+01,5.895749338428553088e+00
4.743069448413832845e+01,5.076558645595810049e+00
4.745070020005716316e+01,4.543640449304337636e+00
4.747070591597599787e+01,5.984639587482428524e+00
4.749071163189483258e+01,5.114358575569076137e+00
4.751071734781366018e+01,4.961013023531548605e+00
4.753072306373249489e+01,5.221464677564910062e+00
4.755072877965132960e+01,5.090567230423687306e+00
4.757073449557016431e+01,4.544867190283094160e+00
4.759074021148899902e+01,4.220758429205702100e+00
4.761074592740783373e+01,4.312804723230268422e+00
4.763075164332666844e+01,4.103423660324465594e+00
4.765075735924550315e+01,4.117581509359368397e+00
4.767076307516433786e+01,4.323627182822219694e+00
4.769076879108316547e+01,4.086758968324636143e+00
4.771077450700200018e+01,3.902707393553729531e+00
4.773078022292083489e+01,5.006934056286619139e+00
4.775078593883966960e+01,4.627702563833645755e+00
4.777079165475850431e+01,3.647448214623745244e+00
4.779079737067733902e+01,4.341186452324855338e+00
4.781080308659617373e+01,4.079254893300104712e+00
4.783080880251500844e+01,4.551957387651969000e+00
4.785081451843384315e+01,3.902933944769530150e+00
4.787082023435267075e+01,4.384535993351627248e+00
4.789082595027150546e+01,3.356249902617678860e+00
4.791083166619034017e+01,3.341393494260421093e+00
4.793083738210917488e+01,4.763509194008292980e+00
4.795084309802800959e+01,3.364659650392809009e+00
4.797084881394684430e+01,4.540345292466598792e+00
4.799085452986567901e+01,3.762052799751484766e+00
4.801086024578451372e+01,3.629346710383345886e+00
4.803086596170334843e+01,4.299394075720708308e+00
4.805087167762218314e+01,3.860904475838291550e+00
4.807087739354101075e+01,4.611029454224908619e+00
4.809088310945984546e+01,4.288678716545168079e+00
4.811088882537868017e+01,3.608121375045766577e+00
4.813089454129751488e+01,4.254165822787873807e+00
4.815090025721634959e+01,5.214309118163354739e+00
4.817090597313518430e+01,5.229327383264093854e+00
4.819091168905401901e+01,5.064693962799970528e+00
4.821091740497285372e+01,4.204362966244437949e+00
4.823092312089168843e+01,4.160666188597276438e+00
4.825092883681051603e+01,5.106448528561152500e+00
4.827093455272935074e+01,4.344587209674446449e+00
4.829094026864818545e+01,5.015895422667921544e+00
4.831094598456702016e+01,5.596333123429763745e+00
4.833095170048585487e+01,4.926353847377701101e+00
4.835095741640468958e+01,4.815829371147197335e+00
4.837096313232352429e+01,5.276948872458269157e+00
4.839096884824235900e+01,5.815016921120306215e+00
4.841097456416119371e+01,5.994951677955678626e+00
4.843098028008002842e+01,5.663545426772873981e+00
4.845098599599885603e+01,6.327169752092550503e+00
4.847099171191769074e+01,6.934643498964737418e+00
4.849099742783652545e+01,7.194865385569131355e+00
4.851100314375536016e+01,7.200169978451055108e+00
4.853100885967419487e+01,7.612406556317056427e+00
4.855101457559302958e+01,8.611601068251491853e+00
4.857102029151186429e+01,9.098980185070097093e+00
4.859102600743069900e+01,8.926425445865952213e+00
4.861103172334953371e+01,9.575805160399232463e+00
4.863103743926836131e+01,1.042451230466714485e+01
4.865104315518719602e+01,1.102678888574617133e+01
4.867104887110603073e+01,1.189348876487463968e+01
4.869105458702486544e+01,1.226444412923788363e+01
4.871106030294370015e+01,1.375296640115966795e+01
4.873106601886253486e+01,1.383646199642332952e+01
4.875107173478136957e+01,1.394338177223935027e+01
4.877107745070020428e+01,1.504514766834813777e+01
4.879108316661903899e+01,1.583020058471355895e+01
4.881108888253786660e+01,1.478751784616498455e+01
4.883109459845670131e+01,1.528834810800341515e+01
4.885110031437553602e+01,1.531686113349184097e+01
4.887110603029437073e+01,1.641463284109455856e+01
4.889111174621320544e+01,1.626974165186864241e+01
4.891111746213204015e+01,1.653310156252768692e+01
4.893112317805087486e+01,1.768170969777534651e+01
4.895112889396970957e+01,1.679044568919610114e+01
4.897113460988854428e+01,1.678339123559557322e+01
4.899114032580737899e+01,1.806780390173961592e+01
4.901114604172620659e+01,1.783386365481652547e+01
4.903115175764504130e+01,1.897708418332587144e+01
4.905115747356387601e+01,1.877619416120477425e+01
4.907116318948271072e+01,1.925852509260554513e+01
4.909116890540154543e+01,2.027588688161889507e+01
4.911117462132038014e+01,2.079796331785686192e+01
4.913118033723921485e+01,2.134269883740106621e+01
4.915118605315804956e+01,2.205381466893788911e+01
4.917119176907688427e+01,2.321440560656628804e+01
4.919119748499571187e+01,2.402388559241168409e+01
4.921120320091454658e+01,2.640548224788872389e+01
4.923120891683338129e+01,2.652687848758589695e+01
4.925121463275221600e+01,2.762109719000052976e+01
4.927122034867105071e+01,2.875034221299580395e+01
4.929122606458988542e+01,2.931541492770301005e+01
4.931123178050872014e+01,3.040005822675060188e+01
4.933123749642755485e+01,2.957502648348527430e+01
4.935124321234638956e+01,2.986989625308825680e+01
4.937124892826522427e+01,2.904812043340157146e+01
4.939125464418405187e+01,2.920458862939914013e+01
4.941126036010288658e+01,2.877418527668535830e+01
4.943126607602172129e+01,2.690268939783784674e+01
4.945127179194055600e+01,2.610706094817161471e+01
4.947127750785939071e+01,2.334019749807519162e+01
4.949128322377822542e+01,2.311549408008229634e+01
4.951128893969706013e+01,2.054631911875634387e+01
4.953129465561589484e+01,1.864268077451198735e+01
4.955130037153472955e+01,1.736131251469966230e+01
4.957130608745355715e+01,1.653518197066573592e+01
4.959131180337239186e+01,1.520100116101116328e+01
4.961131751929122657e+01,1.271462031642852786e+01
4.963132323521006128e+01,1.218207690891351902e+01
4.965132895112889599e+01,1.121182223334804107e+01
4.967133466704773070e+01,9.826589651262430891e+00
4.969134038296656541e+01,9.268720700607691043e+00
4.971134609888540012e+01,8.278518024958710697e+00
4.973135181480423483e+01,7.931148188814014510e+00
4.975135753072306244e+01,7.805526186308933134e+00
4.977136324664189715e+01,7.014973151603143720e+00
4.979136896256073186e+01,6.712707868660126920e+00
4.981137467847956657e+01,6.500762086305662990e+00
4.983138039439840128e+01,7.128944917395958036e+00
4.985138611031723599e+01,6.437183809882695229e+00
4.987139182623607070e+01,7.003751724416906299e+00
4.989139754215490541e+01,6.522733560316293477e+00
4.991140325807374012e+01,6.562444404567417067e+00
4.993140897399257483e+01,6.327842187314701938e+00
4.995141468991140243e+01,6.605144760654940050e+00
4.997142040583023714e+01,7.610661100895113051e+00
4.999142612174907185e+01,7.839027520284735928e+00
5.001143183766790656e+01,7.181422897289865936e+00
5.003143755358674127e+01,7.486590195270496295e+00
5.005144326950557598e+01,7.073230259408408216e+00
5.007144898542441069e+01,7.831306827711870255e+00
5.009145470134324540e+01,8.010085406849690060e+00
5.011146041726208011e+01,6.592033700522144102e+00
5.013146613318090772e+01,6.744465872959560571e+00
5.015147184909974243e+01,7.772348148967608950e+00
5.017147756501857714e+01,7.557282713624513981e+00
5.019148328093741185e+01,6.562397240539228349e+00
5.021148899685624656e+01,6.635739565646777471e+00
5.023149471277508127e+01,6.099324371425209890e+00
5.025150042869391598e+01,6.439233548740402213e+00
5.027150614461275069e+01,6.453490418389742800e+00
5.029151186053158540e+01,6.697158778801320267e+00
5.031151757645042011e+01,6.173681966817284206e+00
5.033152329236924771e+01,5.803846504522629068e+00
5.035152900828808242e+01,5.865436588643694549e+00
5.037153472420691713e+01,5.757863998430477359e+00
5.039154044012575184e+01,5.403123657636445643e+00
5.041154615604458655e+01,5.806645626229566481e+00
5.043155187196342126e+01,5.314368590262544600e+00
5.045155758788225597e+01,5.713291416542758405e+00
5.047156330380109068e+01,4.516686849296737805e+00
5.049156901971992539e+01,5.376459528633059648e+00
5.051157473563875300e+01,5.873599340763551169e+00
5.053158045155758771e+01,5.117231216139817462e+00
5.055158616747642242e+01,5.336664396750560257e+00
5.057159188339525713e+01,4.985931753693684243e+00
5.059159759931409184e+01,4.719698319457923397e+00
5.061160331523292655e+01,5.925834026115768260e+00
5.063160903115176126e+01,5.586358562824767837e+00
5.065161474707059597e+01,6.258454388573156280e+00
5.067162046298943068e+01,5.959403072203944163e+00
5.069162617890825828e+01,6.289118430771581281e+00
5.071163189482709299e+01,5.984460052341743719e+00
5.073163761074592770e+01,7.401721961920225468e+00
5.075164332666476241e+01,7.550735993827992765e+00
5.077164904258359712e+01,7.488078596949761412e+00
5.079165475850243183e+01,8.449198607466605893e+00
5.081166047442126654e+01,8.953239304834283985e+00
5.083166619034010125e+01,9.648393968181826708e+00
5.085167190625893596e+01,1.112676489357494525e+01
5.087167762217777067e+01,1.129017160336553083e+01
5.089168333809659828e+01,1.222093951875462281e+01
5.091168905401543299e+01,1.268167234434431734e+01
5.093169476993426770e+01,1.381882203842754464e+01
5.095170048585310241e+01,1.547075531494434131e+01
5.097170620177193712e+01,1.548300119618376414e+01
5.099171191769077183e+01,1.687979291690276895e+01
5.101171763360960654e+01,1.801049896411677764e+01
5.103172334952844125e+01,1.817485401818204238e+01
5.105172906544727596e+01,1.937637814168912342e+01
5.107173478136610356e+01,2.031331450935358518e+01
5.109174049728493827e+01,2.027262831463758275e+01
5.111174621320377298e+01,2.133644489188231574e+01
5.113175192912260769e+01,2.224183797480381486e+01
5.115175764504144240e+01,2.191136531849452851e+01
5.117176336096027711e+01,2.262311872891804754e+01
5.119176907687911182e+01,2.368479813393397393e+01
5.121177479279794653e+01,2.269371184600838021e+01
5.123178050871678124e+01,2.423230751513857228e+01
5.125178622463561595e+01,2.430206907593546362e+01
5.127179194055444356e+01,2.483770244470129285e+01
5.129179765647327827e+01,2.469823320082164742e+01
5.131180337239211298e+01,2.478004597675644760e+01
5.133180908831094769e+01,2.556771392919986141e+01
5.135181480422978240e+01,2.485322610396679721e+01
5.137182052014861711e+01,2.487744098715321428e+01
5.139182623606745182e+01,2.424357240258464330e+01
5.141183195198628653e+01,2.293586809910010516e+01
5.143183766790512124e+01,2.331484062439024285e+01
5.145184338382394884e+01,2.239304681914705952e+01
5.147184909974278355e+01,2.202547541852324287e+01
5.149185481566161826e+01,2.144727528769554681e+01
5.151186053158045297e+01,2.089117412100516802e+01
5.153186624749928768e+01,2.131606994755515316e+01
5.155187196341812239e+01,1.996428291858965665e+01
5.157187767933695710e+01,1.960714812468577151e+01
5.159188339525579181e+01,1.936987417027512848e+01
5.161188911117462652e+01,1.866280056295304846e+01
5.163189482709345413e+01,1.850968177125005454e+01
5.165190054301228884e+01,1.776426389922986360e+01
5.167190625893112355e+01,1.714003261214653762e+01
5.169191197484995826e+01,1.697331111092855949e+01
5.171191769076879297e+01,1.531422601413607154e+01
5.173192340668762768e+01,1.549554195657342603e+01
5.175192912260646239e+01,1.411966140594765307e+01
5.177193483852529710e+01,1.353915990684765802e+01
5.179194055444413181e+01,1.206476067882666570e+01
5.181194627036296652e+01,1.104067752010399239e+01
5.183195198628179412e+01,1.061701603946466399e+01
5.185195770220062883e+01,9.610566263006553811e+00
5.187196341811946354e+01,9.393067907475305844e+00
5.189196913403829825e+01,9.184696574977611050e+00
5.191197484995713296e+01,7.684859076171665748e+00
5.193198056587596767e+01,7.624219898855824518e+00
5.195198628179480238e+01,7.350142172693999498e+00
5.197199199771363709e+01,6.418586156115384966e+00
5.199199771363247180e+01,6.383820761438272484e+00
5.201200342955129940e+01,5.764544862408635062e+00
5.203200914547013411e+01,6.654806867179341445e+00
5.205201486138896882e+01,6.768136459677696948e+00
5.207202057730780353e+01,6.419195232210666013e+00
5.209202629322663824e+01,5.736073383413120119e+00
5.211203200914547295e+01,5.849380331528452714e+00
5.213203772506430766e+01,5.511446449208901477e+00
5.215204344098314237e+01,5.485923566999657552e+00
5.217204915690197708e+01,5.145352439463478866e+00
5.219205487282081180e+01,6.048932921251678252e+00
5.221206058873963940e+01,5.793904161023148092e+00
5.223206630465847411e+01,7.022498272185175416e+00
5.225207202057730882e+01,6.692444951542479536e+00
5.227207773649614353e+01,5.686756636006613519e+00
5.229208345241497824e+01,6.050601546742496950e+00
5.231208916833381295e+01,6.169395484116375172e+00
5.233209488425264766e+01,6.089940781680947879e+00
5.235210060017148237e+01,7.172206997544583018e+00
5.237210631609031708e+01,6.974995241100753418e+00
5.239211203200914468e+01,6.430156606475435410e+00
5.241211774792797939e+01,7.766705495275660454e+00
5.243212346384681410e+01,6.847393301025384460e+00
5.245212917976564881e+01,7.338090343798381987e+00
5.247213489568448352e+01,6.798090943429382804e+00
5.249214061160331823e+01,7.033499171518220905e+00
5.251214632752215294e+01,6.721063297903790534e+00
5.253215204344098765e+01,6.666877465566283689e+00
5.255215775935982236e+01,7.406349324107550203e+00
5.257216347527864997e+01,7.134772847621905889e+00
5.259216919119748468e+01,7.324853205163757153e+00
5.261217490711631939e+01,7.302250176232645273e+00
5.263218062303515410e+01,7.186719834527456996e+00
5.265218633895398881e+01,8.344455560349848255e+00
5.267219205487282352e+01,7.416581911004596073e+00
5.269219777079165823e+01,8.404419300463533915e+00
5.271220348671049294e+01,8.813728545994827357e+00
5.273220920262932765e+01,9.921227099334259947e+00
5.275221491854816236e+01,9.377101160788029688e+00
5.277222063446698996e+01,1.070756215898957109e+01
5.279222635038582467e+01,1.188639913148803906e+01
5.281223206630465938e+01,1.284647738032138697e+01
5.283223778222349409e+01,1.353185328627536421e+01
5.285224349814232880e+01,1.457042790189093751e+01
5.287224921406116351e+01,1.504721761601386198e+01
5.289225492997999822e+01,1.624435096726140770e+01
5.291226064589883293e+01,1.714314552779620726e+01
5.293226636181766764e+01,1.805311253488861212e+01
5.295227207773649525e+01,1.964238564887838834e+01
5.297227779365532996e+01,1.942626762375190808e+01
5.299228350957416467e+01,2.067972161510483531e+01
5.301228922549299938e+01,2.142279279190333696e+01
5.303229494141183409e+01,2.248443713567716884e+01
5.305230065733066880e+01,2.164585089455977140e+01
5.307230637324950351e+01,2.178179850750037616e+01
5.309231208916833822e+01,2.260931788460527869e+01
5.311231780508717293e+01,2.348524120061416198e+01
5.313232352100600764e+01,2.221315823814466484e+01
5.315232923692483524e+01,2.188176940823661809e+01
5.317233495284366995e+01,2.163800257264121640e+01
5.319234066876250466e+01,2.141781044387612098e+01
5.321234638468133937e+01,2.107526856547456617e+01
5.323235210060017408e+01,2.009641758379883214e+01
5.325235781651900879e+01,1.976059076573197970e+01
5.327236353243784350e+01,1.923079716744018697e+01
5.329236924835667821e+01,1.714445938697650362e+01
5.331237496427551292e+01,1.657491189444238699e+01
5.333238068019434053e+01,1.510996557727227341e+01
5.335238639611317524e+01,1.471213338824038708e+01
5.337239211203200995e+01,1.256191411860614338e+01
5.339239782795084466e+01,1.279720052594739066e+01
5.341240354386967937e+01,1.155418202059830790e+01
5.343240925978851408e+01,1.100637825320345442e+01
5.345241497570734879e+01,1.004465586892303897e+01
5.347242069162618350e+01,9.434404132574789159e+00
5.349242640754501821e+01,9.099532077154300680e+00
5.351243212346384581e+01,8.151763135829561691e+00
5.353243783938268052e+01,7.847432280925348280e+00
5.355244355530151523e+01,8.187127987901558157e+00
5.357244927122034994e+01,6.804560280181636500e+00
5.359245498713918465e+01,6.748306542706071554e+00
5.361246070305801936e+01,6.849108027683444178e+00
5.363246641897685407e+01,6.702264725726193362e+00
5.365247213489568878e+01,6.793173889872347715e+00
5.367247785081452349e+01,6.693687375950539753e+00
5.369248356673335820e+01,5.636740065149606238e+00
5.371248928265218581e+01,6.501893026051213553e+00
5.373249499857102052e+01,6.417573727372976933e+00
5.375250071448985523e+01,5.956850232002091516e+00
5.377250643040868994e+01,6.195682173219666744e+00
5.379251214632752465e+01,5.749827465669609339e+00
5.381251786224635936e+01,5.341394108697600451e+00
5.383252357816519407e+01,5.775691807466918348e+00
5.385252929408402878e+01,5.176463454439049094e+00
5.387253501000286349e+01,5.820175855613997307e+00
5.389254072592169109e+01,5.112370779966899370e+00
5.391254644184052580e+01,5.979291402257544519e+00
5.393255215775936051e+01,5.410949188396205756e+00
5.395255787367819522e+01,5.704797869394787391e+00
5.397256358959702993e+01,6.856186356433603635e+00
5.399256930551586464e+01,6.536166080466604633e+00
5.401257502143469935e+01,6.306525407712671338e+00
5.403258073735353406e+01,7.565367185705432540e+00
5.405258645327236877e+01,7.327002177667464089e+00
5.407259216919120348e+01,8.325621181578332752e+00
5.409259788511003109e+01,8.423633330183044166e+00
5.411260360102886580e+01,8.963480364371042342e+00
5.413260931694770051e+01,1.048098059881087885e+01
5.415261503286653522e+01,1.096257753372084665e+01
5.417262074878536993e+01,1.086827252821028189e+01
5.419262646470420464e+01,1.117610892280091939e+01
5.421263218062303935e+01,1.234283032859410056e+01
5.423263789654187406e+01,1.331535385338402833e+01
5.425264361246070877e+01,1.356126850512411686e+01
5.427264932837953637e+01,1.339333544329405257e+01
5.429265504429837108e+01,1.455000106803329274e+01
5.431266076021720579e+01,1.320886350905278839e+01
5.433266647613604050e+01,1.351888264099670778e+01
5.435267219205487521e+01,1.341060110529435434e+01
5.437267790797370992e+01,1.303407943291381343e+01
5.439268362389254463e+01,1.266680182526253162e+01
5.441268933981137934e+01,1.231508848433908199e+01
5.443269505573021405e+01,1.153446442968705554e+01
5.445270077164904166e+01,1.087878983073530748e+01
5.447270648756787637e+01,9.859465862196902464e+00
5.449271220348671108e+01,9.144054998092155273e+00
5.451271791940554579e+01,9.276348996576533779e+00
5.453272363532438050e+01,9.075310005153333748e+00
5.455272935124321521e+01,7.849511363510218942e+00
5.457273506716204992e+01,7.504937081730126636e+00
5.459274078308088463e+01,7.109179972089393118e+00
5.461274649899971934e+01,6.835379876108800268e+00
5.463275221491855405e+01,6.234160653889651016e+00
5.465275793083738165e+01,5.985040823403255494e+00
5.467276364675621636e+01,5.518591047647998238e+00
5.469276936267505107e+01,5.851385495086608657e+00
5.471277507859388578e+01,5.508949009396729934e+00
5.473278079451272049e+01,5.852734794474766744e+00
5.475278651043155520e+01,5.461893319786707224e+00
5.477279222635038991e+01,4.835620762595756794e+00
5.479279794226922462e+01,5.800478483115986350e+00
5.481280365818805933e+01,4.495677268621025569e+00
5.483280937410688693e+01,5.184048445099596947e+00
5.485281509002572164e+01,4.553256806458943373e+00
5.487282080594455635e+01,4.857258539910351836e+00
5.489282652186339106e+01,4.674475059240629449e+00
5.491283223778222577e+01,4.956474464608936259e+00
5.493283795370106048e+01,5.165370734428927690e+00
5.495284366961989519e+01,4.660636194874399507e+00
5.497284938553872990e+01,4.254136939764626923e+00
5.499285510145756461e+01,4.614474807875309281e+00
5.501286081737639222e+01,4.790433502043281777e+00
5.503286653329522693e+01,4.877816663486902904e+00
5.505287224921406164e+01,5.134102532564320143e+00
5.507287796513289635e+01,4.019194589477930180e+00
5.509288368105173106e+01,4.791698570677862534e+00
5.511288939697056577e+01,4.109901250120361560e+00
5.513289511288940048e+01,4.480450902722205697e+00
5.515290082880823519e+01,3.996662145728477888e+00
5.517290654472706990e+01,3.989378095875885322e+00
5.519291226064590461e+01,4.260196202023593948e+00
5.521291797656473221e+01,3.974229809630040133e+00
5.523292369248356692e+01,4.350631869570976917e+00
5.525292940840240163e+01,4.105790039751675558e+00
5.527293512432123634e+01,3.729245525750600088e+00
5.529294084024007105e+01,4.376187327075216515e+00
5.531294655615890576e+01,3.617112573926534846e+00
5.533295227207774047e+01,3.578691738949283607e+00
5.535295798799657518e+01,3.059896305520712456e+00
5.537296370391540989e+01,3.697908244597559957e+00
5.539296941983423750e+01,3.758956722166226339e+00
5.541297513575307221e+01,3.881401929845756715e+00
5.543298085167190692e+01,4.022947726760389919e+00
5.545298656759074163e+01,3.554037106827575343e+00
5.547299228350957634e+01,3.714711538512629474e+00
5.549299799942841105e+01,4.080437385411690876e+00
5.551300371534724576e+01,3.605448641159130219e+00
5.553300943126608047e+01,4.133222165090513656e+00
5.555301514718491518e+01,4.450288813765608253e+00
5.557302086310374989e+01,3.580194066171307199e+00
5.559302657902257749e+01,3.844543682295614939e+00
5.561303229494141220e+01,3.663673161548655077e+00
5.563303801086024691e+01,3.680303348415930209e+00
5.565304372677908162e+01,3.959853691669914966e+00
5.567304944269791633e+01,4.331811719950271033e+00
5.569305515861675104e+01,3.702999391794104866e+00
5.571306087453558575e+01,4.042763143232185108e+00
5.573306659045442046e+01,3.932709087512950674e+00
5.575307230637325517e+01,3.553108057667480502e+00
5.577307802229208278e+01,4.158625017223264386e+00
5.579308373821091749e+01,3.997896227804091485e+00
5.581308945412975220e+01,3.552078569269076169e+00
5.583309517004858691e+01,4.404622888698590977e+00
5.585310088596742162e+01,3.930766373992861773e+00
5.587310660188625633e+01,3.495297181895030025e+00
5.589311231780509104e+01,4.127444516614836800e+00
5.591311803372392575e+01,4.624244973864389152e+00
5.593312374964276046e+01,4.183094257079950751e+00
5.595312946556158806e+01,4.496361158837131278e+00
5.597313518148042277e+01,4.771988670681897027e+00
5.599314089739925748e+01,3.904050613961364213e+00
5.601314661331809219e+01,4.082619731401445407e+00
5.603315232923692690e+01,3.692433401326543851e+00
5.605315804515576161e+01,3.781943450756422465e+00
5.607316376107459632e+01,4.422004030920859918e+00
5.609316947699343103e+01,4.016936822517158667e+00
5.611317519291226574e+01,4.505603788455264436e+00
5.613318090883110045e+01,4.319445933827196882e+00
5.615318662474992806e+01,4.351121411898071223e+00
5.617319234066876277e+01,4.212656465725583388e+00
5.619319805658759748e+01,4.545424055287496046e+00
5.621320377250643219e+01,4.489740206167903480e+00
5.623320948842526690e+01,5.420573654359144733e+00
5.625321520434410161e+01,4.684783434322810081e+00
5.627322092026293632e+01,4.883179282800695020e+00
5.629322663618177103e+01,6.047840745835398657e+00
5.631323235210060574e+01,5.646147197228329695e+00
5.633323806801943334e+01,6.406943194175268808e+00
5.635324378393826805e+01,7.152430407300373716e+00
5.637324949985710276e+01,7.424714851640529467e+00
5.639325521577593747e+01,8.208753947004321816e+00
5.641326093169477218e+01,7.776118840443957403e+00
5.643326664761360689e+01,7.590229423125528285e+00
5.645327236353244160e+01,9.588238471985077283e+00
5.647327807945127631e+01,9.346247793016978278e+00
5.649328379537011102e+01,9.040140330677035152e+00
5.651328951128894573e+01,9.315732176596073444e+00
5.653329522720777334e+01,1.057625642512071451e+01
5.655330094312660805e+01,9.881698017618356644e+00
5.657330665904544276e+01,1.005403657086088387e+01
5.659331237496427747e+01,9.542957586239145584e+00
5.661331809088311218e+01,1.014499817490562883e+01
5.663332380680194689e+01,9.617552667256470400e+00
5.665332952272078160e+01,9.780065693512721481e+00
5.667333523863961631e+01,8.938816683005162744e+00
5.669334095455845102e+01,8.722969644385731414e+00
5.671334667047727862e+01,8.104672506767636619e+00
5.673335238639611333e+01,7.841338913674572808e+00
5.675335810231494804e+01,7.684422090266481931e+00
5.677336381823378275e+01,7.561045388422149571e+00
5.679336953415261746e+01,6.950537412888041722e+00
5.681337525007145217e+01,5.969307228739435089e+00
5.683338096599028688e+01,6.421701232569844819e+00
5.685338668190912159e+01,6.154005678014058844e+00
5.687339239782795630e+01,5.539128021585318251e+00
5.689339811374678391e+01,6.090149772680635287e+00
5.691340382966561862e+01,4.897927359860251961e+00
5.693340954558445333e+01,5.702973718155108784e+00
5.695341526150328804e+01,4.655688828524101375e+00
5.697342097742212275e+01,5.092298284519499063e+00
5.699342669334095746e+01,4.763866099606502758e+00
5.701343240925979217e+01,4.539513889022874338e+00
5.703343812517862688e+01,4.368318694013913372e+00
5.705344384109746159e+01,4.455780413207098611e+00
5.707344955701629630e+01,4.941473045877565973e+00
5.709345527293512390e+01,3.672180517448264681e+00
5.711346098885395861e+01,4.351638330490474438e+00
5.713346670477279332e+01,3.970855582053160582e+00
5.715347242069162803e+01,4.074340764015502714e+00
5.717347813661046274e+01,4.172882619473121224e+00
5.719348385252929745e+01,4.735299345504360602e+00
5.721348956844813216e+01,4.287988290805810898e+00
5.723349528436696687e+01,4.829191897672673761e+00
5.725350100028580158e+01,4.153131932874438270e+00
5.727350671620462919e+01,4.857555887132942729e+00
5.729351243212346390e+01,4.706419846366107329e+00
5.731351814804229861e+01,3.954896127614568435e+00
5.733352386396113332e+01,4.320046650750430928e+00
5.735352957987996803e+01,4.659957661083053537e+00
5.737353529579880274e+01,4.186331347641699452e+00
5.739354101171763745e+01,4.800023880007895372e+00
5.741354672763647216e+01,4.787044225194161839e+00
5.743355244355530687e+01,4.256826231058681742e+00
5.745355815947414158e+01,4.686729350515710379e+00
5.747356387539296918e+01,4.028996337205748901e+00
5.749356959131180389e+01,4.564118806039441090e+00
5.751357530723063860e+01,4.311870566716739184e+00
5.753358102314947331e+01,4.288701009970093736e+00
5.755358673906830802e+01,4.441081323167805017e+00
5.757359245498714273e+01,3.602253287323632147e+00
5.759359817090597744e+01,4.171604152808030541e+00
5.761360388682481215e+01,4.176564131693527138e+00
5.763360960274364686e+01,4.251172233990232030e+00
5.765361531866247446e+01,3.722098988499821459e+00
5.767362103458130917e+01,3.716772142584532812e+00
5.769362675050014388e+01,4.118762236979774727e+00
5.771363246641897859e+01,4.142062986903328081e+00
5.773363818233781330e+01,3.840912733744418439e+00
5.775364389825664801e+01,3.781695598877683473e+00
5.777364961417548272e+01,4.379202504128955731e+00
5.779365533009431743e+01,4.808539611564730976e+00
5.781366104601315214e+01,4.496745371292386828e+00
5.783366676193197975e+01,5.139670759699942693e+00
5.785367247785081446e+01,4.742046576227910037e+00
5.787367819376964917e+01,4.645838793548016099e+00
5.789368390968848388e+01,4.909695250421089341e+00
5.791368962560731859e+01,5.106384522956789240e+00
5.793369534152615330e+01,4.607383931374579689e+00
5.795370105744498801e+01,4.958905997267140542e+00
5.797370677336382272e+01,5.085264968995066859e+00
5.799371248928265743e+01,5.087762066827577812e+00
5.801371820520149214e+01,5.116698352623691548e+00
5.803372392112031974e+01,5.162297463802501873e+00
5.805372963703915445e+01,5.816556876155643430e+00
5.807373535295798916e+01,4.950105668233333311e+00
5.809374106887682387e+01,4.836183033975888002e+00
5.811374678479565858e+01,4.913400829661149771e+00
5.813375250071449329e+01,4.630396967455300938e+00
5.815375821663332800e+01,6.090702461425902214e+00
5.817376393255216271e+01,5.548016273020475175e+00
5.819376964847099742e+01,6.104604520966915970e+00
5.821377536438982503e+01,5.286985331077833195e+00
5.823378108030865974e+01,5.524560053808422744e+00
5.825378679622749445e+01,5.861507452670720042e+00
5.827379251214632916e+01,5.469075024202292745e+00
5.829379822806516387e+01,5.302111620939239600e+00
5.831380394398399858e+01,5.711623233668943200e+00
5.833380965990283329e+01,6.156500323792334584e+00
5.835381537582166800e+01,5.912347464404165365e+00
5.837382109174050271e+01,5.730036391186722255e+00
5.839382680765933742e+01,5.697697646725582210e+00
5.841383252357816502e+01,6.111677263025638851e+00
5.843383823949699973e+01,6.446787422908164089e+00
5.845384395541583444e+01,6.106737681196470646e+00
5.847384967133466915e+01,6.894169482976137076e+00
5.849385538725350386e+01,7.245939039667707249e+00
5.851386110317233857e+01,6.788395209428870203e+00
5.853386681909117328e+01,7.266912716440472764e+00
5.855387253501000799e+01,8.169972099143496536e+00
5.857387825092884270e+01,7.808867512068937700e+00
5.859388396684767031e+01,9.459048487420169238e+00
5.861388968276650502e+01,9.450640128170935128e+00
5.863389539868533973e+01,1.010365730820248764e+01
5.865390111460417444e+01,1.125418058409460897e+01
5.867390683052300915e+01,1.154302640987705431e+01
5.869391254644184386e+01,1.244263978931879677e+01
5.871391826236067857e+01,1.343328318975357050e+01
5.873392397827951328e+01,1.386606654056476629e+01
5.875392969419834799e+01,1.463047207338550137e+01
5.877393541011717559e+01,1.507364991677459543e+01
5.879394112603601030e+01,1.592640109314628383e+01
5.881394684195484501e+01,1.685483127403198367e+01
5.883395255787367972e+01,1.820606498460022493e+01
5.885395827379251443e+01,1.852402261260693805e+01
5.887396398971134914e+01,1.935793483009195626e+01
5.889396970563018385e+01,2.000640624791394373e+01
5.891397542154901856e+01,1.996570010726800248e+01
5.893398113746785327e+01,2.051805884009745995e+01
5.895398685338668798e+01,1.985141136309893284e+01
5.897399256930551559e+01,2.032523819377259855e+01
5.899399828522435030e+01,2.067813593650844695e+01
5.901400400114318501e+01,2.024815820128834787e+01
5.903400971706201972e+01,1.978206682220265478e+01
5.905401543298085443e+01,1.977749138277649621e+01
5.907402114889968914e+01,1.884826487082783686e+01
5.909402686481852385e+01,1.796255336303765660e+01
5.911403258073735856e+01,1.675598529469344555e+01
5.913403829665619327e+01,1.642498859861454719e+01
5.915404401257502087e+01,1.570115525751378982e+01
5.917404972849385558e+01,1.513951978724735881e+01
5.919405544441269029e+01,1.459350673315187308e+01
5.921406116033152500e+01,1.302889846314752553e+01
5.923406687625035971e+01,1.256379654786418953e+01
5.925407259216919442e+01,1.166941390639844123e+01
5.927407830808802913e+01,1.013472622928135358e+01
5.929408402400686384e+01,1.009413605295105043e+01
5.931408973992569855e+01,8.946467836421099662e+00
5.933409545584453326e+01,8.539329294640241486e+00
5.935410117176336087e+01,8.493258556917462343e+00
5.937410688768219558e+01,7.397000886441940537e+00
5.939411260360103029e+01,6.897634602973751861e+00
5.941411831951986500e+01,6.656047997173026864e+00
5.943412403543869971e+01,5.484617789886332417e+00
5.945412975135753442e+01,5.659090384562462717e+00
5.947413546727636913e+01,5.294899200153642127e+00
5.949414118319520384e+01,5.139158872635064768e+00
5.951414689911403855e+01,4.859130241379118864e+00
5.953415261503286615e+01,4.916126691418131855e+00
5.955415833095170086e+01,4.835707634375228992e+00
5.957416404687053557e+01,4.768978945547562631e+00
5.959416976278937028e+01,4.327131337109509701e+00
5.961417547870820499e+01,4.549189109389245367e+00
5.963418119462703970e+01,4.536915952988509915e+00
5.965418691054587441e+01,4.824690153398188741e+00
5.967419262646470912e+01,3.951326286230349982e+00
5.969419834238354383e+01,4.944969729375074508e+00
5.971420405830237144e+01,5.430625641475555376e+00
5.973420977422120615e+01,4.603797689482985511e+00
5.975421549014004086e+01,4.712019116169717137e+00
5.977422120605887557e+01,4.855381344519949849e+00
5.979422692197771028e+01,4.724717570631850272e+00
5.981423263789654499e+01,4.029824281247494255e+00
5.983423835381537970e+01,4.626593353249196738e+00
5.985424406973421441e+01,4.903721708703049131e+00
5.987424978565304912e+01,4.979494141744456037e+00
5.989425550157188383e+01,5.430645255817879047e+00
5.991426121749071143e+01,5.633354809558262843e+00
5.993426693340954614e+01,5.643471383555549892e+00
5.995427264932838085e+01,5.792562056533540726e+00
5.997427836524721556e+01,5.401519697431763412e+00
5.999428408116605027e+01,6.855637767140160932e+00
6.001428979708488498e+01,5.956674280165205282e+00
6.003429551300371969e+01,6.855543269780338456e+00
6.005430122892255440e+01,7.246055989674976772e+00
6.007430694484138911e+01,8.438746495341002074e+00
6.009431266076021672e+01,7.750815214731821001e+00
6.011431837667905143e+01,9.067040034557571460e+00
6.013432409259788614e+01,9.692080440642531158e+00
6.015432980851672085e+01,9.248045186734808354e+00
6.017433552443555556e+01,1.053307951900864303e+01
6.019434124035439027e+01,1.116798869789392690e+01
6.021434695627322498e+01,1.157872308357645075e+01
6.023435267219205969e+01,1.212988235248433000e+01
6.025435838811089440e+01,1.217405357512252806e+01
6.027436410402972911e+01,1.305527475262354464e+01
6.029436981994855671e+01,1.287016176083201735e+01
6.031437553586739142e+01,1.292754251665382625e+01
6.033438125178622613e+01,1.288879671164588103e+01
6.035438696770506084e+01,1.371858597336855468e+01
6.037439268362389555e+01,1.358390559480944049e+01
6.039439839954273026e+01,1.303323421282171779e+01
6.041440411546156497e+01,1.325996940284496617e+01
6.043440983138039968e+01,1.319988423837199676e+01
6.045441554729923439e+01,1.277296533058140149e+01
6.047442126321806199e+01,1.260692887151730623e+01
6.049442697913689670e+01,1.288047759951676419e+01
6.051443269505573141e+01,1.302747639333924567e+01
6.053443841097456612e+01,1.187890492016943256e+01
6.055444412689340083e+01,1.220852873646076731e+01
6.057444984281223554e+01,1.147878255586819840e+01
6.059445555873107025e+01,1.235519325007747149e+01
6.061446127464990496e+01,1.191881191852997368e+01
6.063446699056873967e+01,1.063192676744754550e+01
6.065447270648756728e+01,1.032627245425982565e+01
6.067447842240640199e+01,1.047066734443852098e+01
6.069448413832523670e+01,1.005168786369854850e+01
6.071448985424407141e+01,9.235778005893893194e+00
6.073449557016290612e+01,8.961845689777209856e+00
6.075450128608174083e+01,8.609515750056573324e+00
6.077450700200057554e+01,7.781045746485756531e+00
6.079451271791941025e+01,8.472243847515080972e+00
6.081451843383824496e+01,8.516394521429738518e+00
6.083452414975707967e+01,7.604078913757715164e+00
6.085452986567590727e+01,8.180397831882743276e+00
6.087453558159474198e+01,8.713277706728311145e+00
6.089454129751357669e+01,8.405333099407652497e+00
6.091454701343241140e+01,8.811269361346145246e+00
6.093455272935124611e+01,8.989680022311308250e+00
6.095455844527008082e+01,9.558699694610588438e+00
6.097456416118891553e+01,1.048273871926361167e+01
6.099456987710775024e+01,1.066749636864648920e+01
6.101457559302658495e+01,1.174002666974656783e+01
6.103458130894541256e+01,1.252692696721164900e+01
6.105458702486424727e+01,1.244366903670987767e+01
6.107459274078308198e+01,1.388612104626597699e+01
6.109459845670191669e+01,1.459771099625870683e+01
6.111460417262075140e+01,1.568855751606831817e+01
6.113460988853958611e+01,1.562646805224123625e+01
6.115461560445842082e+01,1.647339723950699053e+01
6.117462132037725553e+01,1.714542351786229091e+01
6.119462703629609024e+01,1.726216812238684639e+01
6.121463275221492495e+01,1.755650078772586653e+01
6.123463846813375255e+01,1.765867168498225936e+01
6.125464418405258726e+01,1.758071707379022186e+01
6.127464989997142197e+01,1.800546630680372218e+01
6.129465561589025668e+01,1.859263940334056642e+01
6.131466133180909139e+01,1.793092234320573297e+01
6.133466704772792610e+01,1.820227333035599315e+01
6.135467276364676081e+01,1.815446340153062721e+01
6.137467847956559552e+01,1.798731162625868762e+01
6.139468419548443023e+01,1.802234483933774811e+01
6.141468991140325784e+01,1.824384393273109950e+01
6.143469562732209255e+01,1.834500572130696483e+01
6.145470134324092726e+01,1.861725590163437616e+01
6.147470705915976197e+01,1.768681141649259558e+01
6.149471277507859668e+01,1.782820579433769836e+01
6.151471849099743139e+01,1.836111123791097555e+01
6.153472420691626610e+01,1.810636869244496694e+01
6.155472992283510081e+01,1.816810853945278126e+01
6.157473563875393552e+01,1.814260360860465937e+01
6.159474135467276312e+01,1.746482620285479115e+01
6.161474707059159783e+01,1.792267535752946728e+01
6.163475278651043254e+01,1.750746443244570827e+01
6.165475850242926725e+01,1.777293196236938044e+01
6.167476421834810196e+01,1.708294178637986604e+01
6.169476993426693667e+01,1.681154100828522857e+01
6.171477565018577138e+01,1.562282028047965454e+01
6.173478136610460609e+01,1.577432743348084720e+01
6.175478708202344080e+01,1.527241460048022503e+01
6.177479279794227551e+01,1.430784566197633012e+01
6.179479851386110312e+01,1.295922458403650523e+01
6.181480422977993783e+01,1.362747528393347807e+01
6.183480994569877254e+01,1.260272758677265514e+01
6.185481566161760725e+01,1.207090987899723089e+01
6.187482137753644196e+01,1.137032101255829630e+01
6.189482709345527667e+01,1.119259186250541305e+01
6.191483280937411138e+01,1.146346004965791110e+01
6.193483852529294609e+01,1.080861722911474843e+01
6.195484424121178080e+01,1.120222224818781775e+01
6.197484995713060840e+01,1.145163793756173121e+01
6.199485567304944311e+01,1.123061852477951916e+01
6.201486138896827782e+01,1.245707599942134536e+01
6.203486710488711253e+01,1.195530504059419741e+01
6.205487282080594724e+01,1.270165901097859695e+01
6.207487853672478195e+01,1.175105369730201055e+01
6.209488425264361666e+01,1.237554152269380836e+01
6.211488996856245137e+01,1.154939203182314955e+01
6.213489568448128608e+01,1.169050394309629581e+01
6.215490140040011369e+01,1.117774940710180154e+01
6.217490711631894840e+01,1.175273668078460254e+01
6.219491283223778311e+01,1.102795844139861181e+01
6.221491854815661782e+01,1.095954882253922236e+01
6.223492426407545253e+01,1.064912949045048407e+01
6.225492997999428724e+01,1.093773018574270495e+01
6.227493569591312195e+01,1.020994449842540064e+01
6.229494141183195666e+01,1.085782572191826034e+01
6.231494712775079137e+01,9.495005246551508904e+00
6.233495284366962608e+01,1.151978429227195377e+01
6.235495855958845368e+01,1.013955159859331445e+01
6.237496427550728839e+01,1.131039125126151745e+01
6.239496999142612310e+01,1.265384409488076400e+01
6.241497570734495781e+01,1.200496878619851415e+01
6.243498142326379252e+01,1.220378231564386162e+01
6.245498713918262723e+01,1.330802683209462955e+01
6.247499285510146194e+01,1.358533209679431764e+01
6.249499857102029665e+01,1.380403394952205787e+01
6.251500428693913136e+01,1.395205469945936194e+01
6.253501000285795897e+01,1.416979503293697995e+01
6.255501571877679368e+01,1.366743191950449265e+01
6.257502143469562839e+01,1.451754512017799925e+01
6.259502715061446310e+01,1.433583655201548623e+01
6.261503286653329781e+01,1.368868184893982054e+01
6.263503858245213252e+01,1.406987824875922044e+01
6.265504429837096723e+01,1.371136906478906070e+01
6.267505001428980194e+01,1.383668115665196297e+01
6.269505573020863665e+01,1.353635804819169053e+01
6.271506144612747136e+01,1.430593543572630111e+01
6.273506716204629896e+01,1.480784635849321873e+01
6.275507287796513367e+01,1.518897592674711561e+01
6.277507859388396838e+01,1.573860806931234357e+01
6.279508430980280309e+01,1.579206470657198125e+01
6.281509002572163780e+01,1.629771339078403258e+01
6.283509574164047251e+01,1.633897125558933894e+01
6.285510145755930722e+01,1.752352914835841347e+01
6.287510717347814193e+01,1.891867304771576741e+01
6.289511288939697664e+01,1.885120994246058856e+01
6.291511860531580425e+01,2.016914238875261134e+01
6.293512432123463896e+01,2.160784124165394360e+01
6.295513003715347367e+01,2.143755194524279517e+01
6.297513575307230838e+01,2.266790362569143369e+01
6.299514146899114309e+01,2.452251546218380440e+01
6.301514718490997780e+01,2.502617924847523412e+01
6.303515290082881251e+01,2.533612642565157813e+01
6.305515861674764722e+01,2.669245279386064595e+01
6.307516433266648193e+01,2.752619561413570182e+01
6.309517004858530953e+01,2.722885132412562115e+01
6.311517576450414424e+01,2.755750558142876372e+01
6.313518148042297895e+01,2.817043389371411166e+01
6.315518719634181366e+01,2.677981591616675416e+01
6.317519291226064837e+01,2.678171176566154799e+01
6.319519862817948308e+01,2.582005331368876710e+01
6.321520434409831779e+01,2.382073144278812293e+01
6.323521006001715250e+01,2.212682228548496610e+01
6.325521577593598721e+01,2.067018769063545136e+01
6.327522149185482192e+01,2.018168702853845176e+01
6.329522720777364952e+01,1.838802518276725451e+01
6.331523292369248423e+01,1.702452236941226005e+01
6.333523863961131894e+01,1.585906801615592698e+01
6.335524435553015365e+01,1.425658997944459472e+01
6.337525007144898836e+01,1.221407973473749564e+01
6.339525578736782307e+01,1.201851995324623346e+01
6.341526150328665778e+01,1.054332031136911674e+01
6.343526721920549249e+01,9.883212514810598037e+00
6.345527293512432720e+01,9.341595053897279399e+00
6.347527865104315481e+01,8.251420663062297933e+00
6.349528436696198952e+01,7.930255750205844834e+00
6.351529008288082423e+01,7.336308832049730277e+00
6.353529579879965894e+01,7.266620086309679927e+00
6.355530151471849365e+01,6.115712206686634289e+00
6.357530723063732836e+01,5.901377682502841893e+00
6.359531294655616307e+01,6.799802825489448921e+00
6.361531866247499778e+01,5.830147087136617223e+00
6.363532437839383249e+01,5.825038983452942354e+00
6.365533009431266720e+01,6.176708917872810289e+00
6.367533581023149480e+01,5.316101611049937503e+00
6.369534152615032951e+01,5.440139578598618186e+00
6.371534724206916422e+01,6.216674380130976729e+00
6.373535295798799893e+01,5.811728515744583490e+00
6.375535867390683364e+01,4.905822231701924885e+00
6.377536438982566835e+01,5.204078467284218412e+00
6.379537010574450306e+01,4.918928543232058637e+00
6.381537582166333777e+01,5.017156488448156537e+00
6.383538153758217248e+01,5.355991121170605496e+00
6.385538725350100009e+01,5.562063928112635836e+00
6.387539296941983480e+01,4.719411250071647856e+00
6.389539868533866951e+01,5.106404541939735253e+00
6.391540440125750422e+01,5.352823423155117943e+00
6.393541011717633893e+01,5.579384136221356982e+00
6.395541583309517364e+01,5.580338481203305889e+00
6.397542154901400835e+01,5.493918200860282042e+00
6.399542726493284306e+01,6.022787241520157764e+00
6.401543298085167066e+01,6.518050184613924714e+00
6.403543869677051248e+01,6.520472030765780858e+00
6.405544441268934008e+01,6.693315668453916345e+00
6.407545012860816769e+01,6.838163490282608947e+00
6.409545584452700950e+01,7.396448871562914640e+00
6.411546156044585132e+01,7.606082367797546873e+00
6.413546727636467892e+01,7.858702421755420886e+00
6.415547299228350653e+01,8.310978593436505690e+00
6.417547870820234834e+01,9.177330546411162970e+00
6.419548442412119016e+01,9.932519493084384976e+00
6.421549014004001776e+01,1.085167562943574104e+01
6.423549585595884537e+01,1.091607243852473985e+01
6.425550157187768718e+01,1.034687826535095567e+01
6.427550728779651479e+01,1.058012694451002567e+01
6.429551300371534239e+01,1.102824676374960511e+01
6.431551871963418421e+01,1.116552121451287860e+01
6.433552443555302602e+01,1.222361752124318279e+01
6.435553015147185363e+01,1.160628140917576623e+01
6.437553586739068123e+01,1.195997568382952814e+01
6.439554158330952305e+01,1.290750334105857355e+01
6.441554729922835065e+01,1.363332482124052270e+01
6.443555301514717826e+01,1.371577489020708640e+01
6.445555873106602007e+01,1.442419868450235754e+01
6.447556444698486189e+01,1.466781744774481311e+01
6.449557016290368949e+01,1.596196987820224678e+01
6.451557587882251710e+01,1.600592895048161068e+01
6.453558159474135891e+01,1.682142094060105819e+01
6.455558731066020073e+01,1.715441218018890623e+01
6.457559302657902833e+01,1.696637883063268504e+01
6.459559874249785594e+01,1.816572970225527683e+01
6.461560445841669775e+01,1.736027904598851990e+01
6.463561017433552536e+01,1.769143301404252000e+01
6.465561589025435296e+01,1.756124607001910931e+01
6.467562160617319478e+01,1.710100620717360442e+01
6.469562732209203659e+01,1.638009529676844522e+01
6.471563303801086420e+01,1.529661704853422144e+01
6.473563875392969180e+01,1.531268944638170915e+01
6.475564446984853362e+01,1.415765977573933121e+01
6.477565018576737543e+01,1.340038345347360860e+01
6.479565590168618883e+01,1.298061846996286306e+01
6.481566161760503064e+01,1.258503694740982226e+01
6.483566733352387246e+01,1.300263952167877690e+01
6.485567304944270006e+01,1.253626475402448293e+01
6.487567876536152767e+01,1.140070824778712577e+01
6.489568448128036948e+01,1.231123745073424303e+01
6.491569019719921130e+01,1.242711341366656086e+01
6.493569591311803890e+01,1.170034061775447931e+01
6.495570162903686651e+01,1.247006371824319793e+01
6.497570734495570832e+01,1.138113184020597579e+01
6.499571306087453593e+01,1.213174111822790735e+01
6.501571877679336353e+01,1.070928477254490474e+01
6.503572449271220535e+01,1.173800881560001130e+01
6.505573020863104716e+01,1.010728547894794715e+01
6.507573592454987477e+01,9.803256132634206921e+00
6.509574164046870237e+01,1.000542385323020156e+01
6.511574735638754419e+01,9.850729724381352526e+00
6.513575307230638600e+01,8.978193078158673401e+00
6.515575878822521361e+01,8.327948851001407249e+00
6.517576450414404121e+01,7.915485080312373967e+00
6.519577022006288303e+01,8.604165085939971647e+00
6.521577593598171063e+01,8.156775213194707774e+00
6.523578165190053824e+01,8.044346284288812043e+00
6.525578736781938005e+01,7.616839457582388562e+00
6.527579308373822187e+01,8.139631642058159144e+00
6.529579879965704947e+01,7.433677995001819916e+00
6.531580451557587708e+01,7.694975925171810616e+00
6.533581023149471889e+01,7.638207146706103678e+00
6.535581594741354650e+01,6.972683927207508070e+00
6.537582166333237410e+01,7.730087369196268376e+00
6.539582737925121592e+01,7.976343682159516391e+00
6.541583309517005773e+01,7.487532250876794748e+00
6.543583881108888534e+01,7.251733285923194217e+00
6.545584452700771294e+01,7.204750170416237331e+00
6.547585024292655476e+01,7.180570275270472536e+00
6.549585595884539657e+01,7.251997930121129698e+00
6.551586167476422418e+01,7.497906792802986331e+00
6.553586739068305178e+01,6.738865894684757940e+00
6.555587310660189360e+01,6.897732771767175919e+00
6.557587882252072120e+01,6.721745725583629039e+00
6.559588453843954881e+01,6.160837917412122167e+00
6.561589025435839062e+01,6.088440411129663055e+00
6.563589597027723244e+01,5.957430503408301270e+00
6.565590168619606004e+01,5.467235667913955766e+00
6.567590740211488765e+01,5.863477162934737308e+00
6.569591311803372946e+01,5.417806738644255660e+00
6.571591883395257128e+01,4.821227573475104222e+00
6.573592454987138467e+01,5.013016395002011905e+00
6.575593026579022649e+01,5.052949468891916318e+00
6.577593598170906830e+01,4.759075556968243248e+00
6.579594169762789591e+01,4.778159083519978090e+00
6.581594741354672351e+01,4.390832954853397752e+00
6.583595312946556533e+01,3.383571112939776526e+00
6.585595884538440714e+01,4.678959331385274645e+00
6.587596456130323475e+01,3.409804652707289829e+00
6.589597027722206235e+01,4.737335671604087750e+00
6.591597599314090417e+01,3.827789640128703486e+00
6.593598170905973177e+01,3.525086048673340855e+00
6.595598742497855937e+01,3.767251096211182038e+00
6.597599314089740119e+01,3.342124459152647553e+00
6.599599885681624301e+01,4.684645884218478606e+00
6.601600457273507061e+01,3.620485032158559768e+00
6.603601028865389821e+01,4.420130410974074664e+00
6.605601600457274003e+01,4.121844162711265191e+00
6.607602172049158185e+01,3.375189472247561717e+00
6.609602743641040945e+01,3.410062135287289742e+00
6.611603315232923705e+01,3.441849941054458739e+00
6.613603886824807887e+01,3.846455424146506097e+00
6.615604458416690647e+01,3.814976205645117968e+00
6.617605030008573408e+01,4.602201485188118113e+00
6.619605601600457589e+01,4.136265610403754067e+00
6.621606173192341771e+01,3.805813624541991125e+00
6.623606744784224531e+01,3.498241860532070646e+00
6.625607316376107292e+01,3.968469725023934913e+00
6.627607887967991473e+01,3.521428745713421904e+00
6.629608459559874234e+01,4.641727835552564407e+00
6.631609031151756994e+01,4.404222613098100148e+00
6.633609602743641176e+01,3.987946535673419390e+00
6.635610174335525357e+01,4.107353552809183128e+00
6.637610745927408118e+01,3.928813989863759737e+00
6.639611317519290878e+01,4.157857595372489001e+00
6.641611889111175060e+01,4.042634326922156518e+00
6.643612460703059241e+01,3.817909472920954173e+00
6.645613032294942002e+01,4.479642060490808930e+00
6.647613603886824762e+01,4.330406640994977963e+00
6.649614175478708944e+01,5.186200498594582875e+00
6.651614747070591704e+01,4.348930097231169078e+00
6.653615318662474465e+01,3.995389429277046212e+00
6.655615890254358646e+01,3.883693104759200487e+00
6.657616461846242828e+01,4.539811416990836790e+00
6.659617033438125588e+01,3.943401756030958438e+00
6.661617605030008349e+01,4.522061541395697049e+00
6.663618176621892530e+01,5.254980748254558520e+00
6.665618748213776712e+01,4.551066710817351257e+00
6.667619319805658051e+01,4.046121288793858461e+00
6.669619891397542233e+01,4.617121476556397930e+00
6.671620462989426414e+01,4.046261386213623190e+00
6.673621034581309175e+01,4.292958301129841558e+00
6.675621606173191935e+01,4.537624443054153467e+00
6.677622177765076117e+01,4.852542209476604640e+00
6.679622749356960298e+01,5.008226082656710432e+00
6.681623320948843059e+01,4.649637007925775833e+00
6.683623892540725819e+01,4.186136936350039583e+00
6.685624464132610001e+01,5.025181164902136288e+00
6.687625035724492761e+01,5.330960195653427824e+00
6.689625607316375522e+01,5.489981407542710912e+00
6.691626178908259703e+01,4.949445221523498084e+00
6.693626750500143885e+01,4.460417975599326290e+00
6.695627322092026645e+01,4.811637412169841532e+00
6.697627893683909406e+01,4.947253949241126492e+00
6.699628465275793587e+01,5.304947771508034648e+00
6.701629036867677769e+01,4.922934197326488182e+00
6.703629608459560529e+01,5.128311534194991417e+00
6.705630180051443290e+01,4.783226979758495645e+00
6.707630751643327471e+01,4.662097844916294420e+00
6.709631323235210232e+01,4.200130557638247275e+00
6.711631894827092992e+01,5.479232309980195836e+00
6.713632466418977174e+01,4.625916854625089947e+00
6.715633038010861355e+01,4.453826010122758916e+00
6.717633609602744116e+01,5.189775639945489516e+00
6.719634181194626876e+01,4.365318618068759093e+00
6.721634752786511058e+01,4.612471573752882747e+00
6.723635324378393818e+01,4.213702121694079317e+00
6.725635895970276579e+01,5.210208674397468265e+00
6.727636467562160760e+01,5.601392115862964260e+00
6.729637039154044942e+01,5.188689312764170225e+00
6.731637610745927702e+01,5.791493826613999474e+00
6.733638182337810463e+01,6.622300342196413503e+00
6.735638753929694644e+01,6.211670621085202626e+00
6.737639325521578826e+01,6.617518861282727372e+00
6.739639897113461586e+01,6.937138500789387763e+00
6.741640468705344347e+01,7.228809354824536904e+00
6.743641040297228528e+01,7.441196373411214537e+00
6.745641611889111289e+01,7.648214078485513490e+00
6.747642183480994049e+01,6.968919735402495874e+00
6.749642755072878231e+01,8.172744471103895236e+00
6.751643326664762412e+01,8.182716411700660331e+00
6.753643898256645173e+01,7.893675111089764940e+00
6.755644469848527933e+01,8.655512049788285367e+00
6.757645041440412115e+01,8.608508755821722147e+00
6.759645613032296296e+01,9.587344647972832590e+00
6.761646184624177636e+01,8.328850003558393666e+00
6.763646756216061817e+01,8.996380977381543076e+00
6.765647327807945999e+01,8.565536958331517070e+00
6.767647899399828759e+01,9.239708533271425495e+00
6.769648470991711520e+01,9.260972449384404115e+00
6.771649042583595701e+01,8.410738829643058523e+00
6.773649614175479883e+01,9.008754275914432341e+00
6.775650185767362643e+01,8.957955341949528361e+00
6.777650757359245404e+01,8.966703474842072197e+00
6.779651328951129585e+01,8.988601779147890269e+00
6.781651900543012346e+01,8.852487938743569984e+00
6.783652472134895106e+01,9.056713441580164670e+00
6.785653043726779288e+01,8.689165300099586986e+00
6.787653615318663469e+01,8.260989486518122149e+00
6.789654186910546230e+01,8.778299991283052606e+00
6.791654758502428990e+01,9.136188112422003016e+00
6.793655330094313172e+01,8.813620444365998452e+00
6.795655901686197353e+01,8.952002737212168881e+00
6.797656473278080114e+01,7.994950522621634192e+00
6.799657044869962874e+01,7.852117838549069084e+00
6.801657616461847056e+01,8.418278723203506786e+00
6.803658188053729816e+01,8.647462217424752851e+00
6.805658759645612577e+01,8.667181448184383186e+00
6.807659331237496758e+01,7.955597204848102066e+00
6.809659902829380940e+01,7.759569584767521455e+00
6.811660474421263700e+01,9.002845746529022364e+00
6.813661046013146461e+01,8.928484418880099582e+00
6.815661617605030642e+01,8.979879697223680068e+00
6.817662189196913403e+01,9.302519763143964227e+00
6.819662760788796163e+01,9.010349269173488551e+00
6.821663332380680345e+01,9.145599560189978661e+00
6.823663903972564526e+01,9.976092139570994277e+00
6.825664475564447287e+01,9.029058904486314319e+00
6.827665047156330047e+01,1.014468204508495042e+01
6.829665618748214229e+01,9.787866036682043358e+00
6.831666190340098410e+01,9.258934280229233593e+00
6.833666761931981171e+01,1.002908914006344787e+01
6.835667333523863931e+01,9.485548081690538424e+00
6.837667905115748113e+01,9.586575895078109255e+00
6.839668476707630873e+01,9.153356363563075249e+00
6.841669048299513634e+01,9.012082329601927455e+00
6.843669619891397815e+01,8.541893323961893714e+00
6.845670191483281997e+01,8.705267300697475008e+00
6.847670763075164757e+01,8.592679775743835791e+00
6.849671334667047518e+01,7.963321356269364770e+00
6.851671906258931699e+01,8.053472028834264052e+00
6.853672477850815881e+01,7.835269679806794230e+00
6.855673049442697220e+01,8.146576906586339817e+00
6.857673621034581402e+01,8.105831103319037112e+00
6.859674192626465583e+01,8.178763873026163367e+00
6.861674764218348344e+01,7.857622747882516911e+00
6.863675335810231104e+01,8.552234295105858308e+00
6.865675907402115286e+01,7.401055330178430758e+00
6.867676478993999467e+01,7.817022733579564786e+00
6.869677050585882228e+01,6.848804725907582380e+00
6.871677622177764988e+01,7.621296744943135693e+00
6.873678193769649170e+01,7.527106367552002020e+00
6.875678765361531930e+01,7.591818494870413048e+00
6.877679336953414690e+01,7.539992468351049304e+00
6.879679908545298872e+01,7.483729762756027526e+00
6.881680480137183054e+01,6.931486129709707456e+00
6.883681051729065814e+01,6.942649234974451744e+00
6.885681623320948574e+01,6.591381582669939121e+00
6.887682194912832756e+01,6.698424335404254748e+00
6.889682766504716938e+01,6.269802900616613606e+00
6.891683338096599698e+01,5.974484396618110260e+00
6.893683909688482458e+01,5.767068007607369928e+00
6.895684481280366640e+01,5.720877366328510405e+00
6.897685052872249400e+01,4.953291111185607498e+00
6.899685624464132161e+01,5.633948537950614011e+00
6.901686196056016342e+01,5.198782919788598633e+00
6.903686767647900524e+01,4.797697564347533472e+00
6.905687339239783284e+01,5.237926283921987114e+00
6.907687910831666045e+01,4.083923238441422576e+00
6.909688482423550226e+01,4.015808599436487825e+00
6.911689054015432987e+01,4.597130771272547989e+00
6.913689625607315747e+01,4.450399358076730039e+00
6.915690197199199929e+01,4.595670668589851182e+00
6.917690768791084110e+01,4.952546006114978638e+00
6.919691340382966871e+01,4.261082862548844830e+00
6.921691911974849631e+01,3.585786600177006456e+00
6.923692483566733813e+01,4.407071693315515404e+00
6.925693055158617994e+01,3.988827478591728593e+00
6.927693626750500755e+01,3.827425523194801560e+00
6.929694198342383515e+01,3.314387488097138679e+00
6.931694769934267697e+01,4.714781549865522337e+00
6.933695341526150457e+01,3.555659698140425373e+00
6.935695913118033218e+01,4.659573341181276973e+00
6.937696484709917399e+01,4.561203413839677978e+00
6.939697056301801581e+01,4.345544264724011008e+00
6.941697627893684341e+01,4.337457054005017909e+00
6.943698199485567102e+01,4.048064193261711630e+00
6.945698771077451283e+01,3.857184383873539790e+00
6.947699342669335465e+01,3.900075075113159428e+00
6.949699914261216804e+01,4.093275191876830199e+00
6.951700485853100986e+01,4.632263284713291185e+00
6.953701057444985167e+01,4.101347006667870332e+00
6.955701629036867928e+01,4.290135034914348999e+00
6.957702200628750688e+01,4.371336840081532671e+00
6.959702772220634870e+01,4.481415534625045716e+00
6.961703343812519051e+01,4.780091377844055245e+00
6.963703915404401812e+01,4.735352933515693863e+00
6.965704486996284572e+01,5.114970892945102321e+00
6.967705058588168754e+01,4.530890230607915292e+00
6.969705630180051514e+01,5.209675647171957635e+00
6.971706201771934275e+01,5.319084933973771356e+00
6.973706773363818456e+01,5.386602816554324491e+00
6.975707344955702638e+01,4.676234840697139461e+00
6.977707916547585398e+01,5.767115197977260799e+00
6.979708488139468159e+01,5.008004199754435781e+00
6.981709059731352340e+01,4.932965806775359674e+00
6.983709631323236522e+01,5.476561938259225215e+00
6.985710202915119282e+01,5.965940111045687999e+00
6.987710774507002043e+01,4.967673327412342132e+00
6.989711346098886224e+01,5.248068835984864400e+00
6.991711917690768985e+01,4.586951528466631345e+00
6.993712489282651745e+01,5.356654586155807252e+00
6.995713060874535927e+01,5.754178976060223327e+00
6.997713632466420108e+01,5.363504588524160788e+00
6.999714204058302869e+01,5.169611202222308854e+00
7.001714775650185629e+01,5.597495094045926933e+00
7.003715347242069811e+01,5.526286795422866049e+00
7.005715918833952571e+01,5.196662526378336366e+00
7.007716490425835332e+01,4.875541668582119570e+00
7.009717062017719513e+01,4.964501597146188772e+00
7.011717633609603695e+01,6.366892149447645366e+00
7.013718205201486455e+01,6.100594298471861521e+00
7.015718776793369216e+01,5.976449258357606986e+00
7.017719348385253397e+01,5.589713013596732338e+00
7.019719919977137579e+01,5.731490871354813166e+00
7.021720491569020339e+01,5.413843328479785555e+00
7.023721063160903100e+01,5.857857380398373337e+00
7.025721634752787281e+01,5.137128073758630009e+00
7.027722206344670042e+01,5.930215469460950573e+00
7.029722777936552802e+01,5.790805294406164094e+00
7.031723349528436984e+01,6.432510820135663998e+00
7.033723921120321165e+01,6.326621516652050303e+00
7.035724492712203926e+01,5.272759546940909203e+00
7.037725064304086686e+01,5.827162340816537167e+00
7.039725635895970868e+01,6.195194724880879633e+00
7.041726207487855049e+01,5.450220294254137343e+00
7.043726779079736389e+01,6.059751939971520507e+00
7.045727350671620570e+01,5.793579059468149772e+00
7.047727922263504752e+01,5.792286336444344208e+00
7.049728493855387512e+01,6.922573201397321796e+00
7.051729065447270273e+01,5.829897504216289050e+00
7.053729637039154454e+01,6.416058660939313540e+00
7.055730208631038636e+01,6.641004538872959273e+00
7.057730780222921396e+01,6.675144726117030913e+00
7.059731351814804157e+01,6.167599250482603601e+00
7.061731923406688338e+01,7.222141245302072576e+00
7.063732494998571099e+01,7.433775184934725999e+00
7.065733066590453859e+01,7.744511991469276602e+00
7.067733638182338041e+01,6.886227307997419445e+00
7.069734209774222222e+01,7.274116177203874045e+00
7.071734781366104983e+01,7.535707958551968844e+00
7.073735352957987743e+01,7.047734563510103634e+00
7.075735924549871925e+01,7.337226652225581347e+00
7.077736496141756106e+01,6.954881101350035344e+00
7.079737067733638867e+01,6.711121696552286409e+00
7.081737639325521627e+01,7.371478084468277459e+00
7.083738210917405809e+01,6.912932721633833211e+00
7.085738782509288569e+01,7.430555721060180474e+00
7.087739354101171330e+01,7.061384627580416407e+00
7.089739925693055511e+01,7.478307420872474687e+00
7.091740497284939693e+01,7.451772645311731225e+00
7.093741068876822453e+01,7.429215245357799979e+00
7.095741640468705214e+01,7.689967973713140559e+00
7.097742212060589395e+01,6.212906432109083887e+00
7.099742783652472156e+01,6.180749697276739951e+00
7.101743355244354916e+01,7.151813400264449783e+00
7.103743926836239098e+01,6.013949140527703463e+00
7.105744498428123279e+01,6.089107665706718464e+00
7.107745070020006040e+01,5.769950357077755498e+00
7.109745641611888800e+01,5.410997135307678008e+00
7.111746213203772982e+01,5.041114135395700302e+00
7.113746784795657163e+01,5.736373433535288058e+00
7.115747356387539924e+01,4.690480973435430023e+00
7.117747927979422684e+01,4.859217778706152124e+00
7.119748499571306866e+01,4.461742464497424621e+00
7.121749071163189626e+01,4.162613136739361508e+00
7.123749642755072387e+01,4.646829587984085741e+00
7.125750214346956568e+01,4.378590291690819924e+00
7.127750785938840750e+01,4.083323288220833014e+00
7.129751357530723510e+01,3.941596081815532226e+00
7.131751929122606271e+01,4.123352226615689453e+00
7.133752500714490452e+01,4.670362378930025926e+00
7.135753072306374634e+01,4.528780746452613748e+00
7.137753643898255973e+01,3.873531744226765383e+00
7.139754215490140155e+01,4.143332112913875598e+00
7.141754787082024336e+01,4.605657485502969273e+00
7.143755358673907097e+01,3.475730102814148736e+00
7.145755930265789857e+01,4.801789884542452036e+00
7.147756501857674039e+01,4.260630762133516214e+00
7.149757073449558220e+01,4.052183813632535880e+00
7.151757645041440981e+01,3.644854015151643534e+00
7.153758216633323741e+01,4.209328275113946916e+00
7.155758788225207923e+01,4.228851620253596622e+00
7.157759359817090683e+01,3.974835848538356142e+00
7.159759931408973443e+01,3.709904526386123891e+00
7.161760503000857625e+01,4.306133171161561357e+00
7.163761074592741807e+01,3.839322676518065691e+00
7.165761646184624567e+01,4.617070560555207592e+00
7.167762217776507327e+01,4.556843966100362131e+00
7.169762789368391509e+01,4.945736294851753811e+00
7.171763360960275691e+01,4.568621667481081339e+00
7.173763932552158451e+01,4.612138816259728102e+00
7.175764504144041211e+01,4.027423652951142685e+00
7.177765075735925393e+01,5.007089484837969451e+00
7.179765647327808153e+01,5.911883577125492728e+00
7.181766218919690914e+01,5.310316221592548125e+00
7.183766790511575095e+01,6.139344485060516554e+00
7.185767362103459277e+01,5.881505083607200035e+00
7.187767933695342037e+01,5.901445297022783976e+00
7.189768505287224798e+01,5.598420433669568652e+00
7.191769076879108979e+01,6.779133273111654034e+00
7.193769648470991740e+01,6.497414140671528671e+00
7.195770220062874500e+01,6.897192067628927781e+00
7.197770791654758682e+01,7.599021086937505665e+00
7.199771363246642863e+01,7.493085142661151110e+00
7.201771934838525624e+01,7.248340809934498807e+00
7.203772506430408384e+01,6.699376242445525875e+00
7.205773078022292566e+01,7.070319788914572356e+00
7.207773649614176747e+01,6.828422216736484529e+00
7.209774221206059508e+01,7.099502648519682602e+00
7.211774792797942268e+01,7.151528577371863094e+00
7.213775364389826450e+01,7.955658128166243515e+00
7.215775935981709210e+01,7.239804217469163028e+00
7.217776507573591971e+01,6.522730743015682009e+00
7.219777079165476152e+01,6.885959627741465638e+00
7.221777650757360334e+01,5.802033777159639527e+00
7.223778222349243094e+01,6.301329029445502883e+00
7.225778793941125855e+01,5.914368225720629368e+00
7.227779365533010036e+01,5.791686459068572823e+00
7.229779937124894218e+01,5.470355051779050903e+00
7.231780508716775557e+01,4.676714816412523845e+00
7.233781080308659739e+01,5.269823675520607154e+00
7.235781651900543920e+01,5.485117990423138856e+00
7.237782223492426681e+01,5.622250939424619176e+00
7.239782795084309441e+01,4.442278488545909454e+00
7.241783366676193623e+01,4.347401039701113135e+00
7.243783938268077804e+01,4.827004645130980265e+00
7.245784509859960565e+01,3.829306500123363488e+00
7.247785081451843325e+01,4.939638811839751398e+00
7.249785653043727507e+01,4.479470247520084492e+00
7.251786224635610267e+01,3.666396799520637906e+00
7.253786796227493028e+01,3.774557169063077922e+00
7.255787367819377209e+01,4.031855910123938180e+00
7.257787939411261391e+01,4.076506285165553578e+00
7.259788511003144151e+01,4.483493746530003321e+00
7.261789082595026912e+01,4.074584013886664913e+00
7.263789654186911093e+01,4.290198773448220315e+00
7.265790225778795275e+01,4.122757134453694405e+00
7.267790797370678035e+01,3.709524731491496308e+00
7.269791368962560796e+01,3.868561569666958189e+00
7.271791940554444977e+01,4.137090245879751826e+00
7.273792512146327738e+01,3.935785430541490104e+00
7.275793083738210498e+01,4.245004397078713687e+00
7.277793655330094680e+01,4.297740223728999887e+00
7.279794226921978861e+01,3.934138845740219548e+00
7.281794798513861622e+01,4.916411407520930865e+00
7.283795370105744382e+01,4.102926166290957077e+00
7.285795941697628564e+01,3.511617450683377939e+00
7.287796513289511324e+01,4.154806292375615051e+00
7.289797084881394085e+01,3.860270095554374947e+00
7.291797656473278266e+01,4.090844176594878867e+00
7.293798228065162448e+01,3.623634014155768135e+00
7.295798799657045208e+01,4.675005345854255090e+00
7.297799371248927969e+01,4.364616925164106931e+00
7.299799942840812150e+01,5.368558825222175201e+00
7.301800514432696332e+01,5.320237299390109698e+00
7.303801086024579092e+01,4.296591542491690952e+00
7.305801657616461853e+01,4.995630646875281577e+00
7.307802229208346034e+01,4.112159451625634787e+00
7.309802800800228795e+01,5.430006786713445166e+00
7.311803372392111555e+01,5.613424849893622337e+00
7.313803943983995737e+01,5.261675924155325035e+00
7.315804515575879918e+01,4.860709226306571651e+00
7.317805087167762679e+01,5.435461478788120360e+00
7.319805658759645439e+01,6.439882343637195916e+00
7.321806230351529621e+01,5.584096056089096649e+00
7.323806801943413802e+01,6.218986743745575474e+00
7.325807373535295142e+01,5.060876217937234856e+00
7.327807945127179323e+01,6.027017288992961852e+00
7.329808516719063505e+01,5.849720117499197514e+00
7.331809088310946265e+01,5.692637514925233511e+00
7.333809659902829026e+01,5.796274875319232578e+00
7.335810231494713207e+01,5.205990987841037310e+00
7.337810803086597389e+01,5.596747596498261146e+00
7.339811374678480149e+01,5.649632032291066253e+00
7.341811946270362910e+01,5.352723406932248906e+00
7.343812517862247091e+01,6.275051748896315118e+00
7.345813089454129852e+01,6.308465695143819829e+00
7.347813661046012612e+01,5.747280050195254120e+00
7.349814232637896794e+01,5.852512455319401674e+00
7.351814804229780975e+01,6.179098457903316799e+00
7.353815375821663736e+01,5.905252084358911802e+00
7.355815947413546496e+01,5.648664247695516671e+00
7.357816519005430678e+01,5.971690218876268830e+00
7.359817090597314859e+01,5.487921450132761336e+00
7.361817662189197620e+01,5.471344600910434508e+00
7.363818233781080380e+01,6.034475037362255101e+00
7.365818805372964562e+01,5.547665254386066280e+00
7.367819376964847322e+01,5.516586129887960155e+00
7.369819948556730083e+01,5.626606704576611051e+00
7.371820520148614264e+01,6.421285451777862363e+00
7.373821091740498446e+01,5.298359306321938966e+00
7.375821663332381206e+01,6.024086586885509575e+00
7.377822234924263967e+01,5.872017384891002223e+00
7.379822806516148148e+01,6.350892144974019438e+00
7.381823378108030909e+01,6.838911902765970829e+00
7.383823949699913669e+01,6.288935460269370559e+00
7.385824521291797851e+01,6.438546419626920425e+00
7.387825092883682032e+01,6.739125233073800736e+00
7.389825664475564793e+01,6.907163529866695129e+00
7.391826236067447553e+01,7.672741329994068771e+00
7.393826807659331735e+01,6.443729419338168007e+00
7.395827379251215916e+01,7.361482376920593040e+00
7.397827950843098677e+01,6.616484484878577987e+00
7.399828522434981437e+01,7.734100131183460292e+00
7.401829094026865619e+01,7.350590913740217225e+00
7.403829665618748379e+01,6.838547397054405508e+00
7.405830237210632561e+01,7.398445030061224337e+00
7.407830808802515321e+01,7.715162105005275883e+00
7.409831380394398082e+01,6.421059031377668092e+00
7.411831951986282263e+01,7.377881658296614020e+00
7.413832523578165024e+01,7.793959085865828307e+00
7.415833095170049205e+01,7.329842476124174055e+00
7.417833666761931966e+01,7.006399714283540803e+00
7.419834238353816147e+01,6.773567106929943016e+00
7.421834809945698908e+01,8.131271630439208309e+00
7.423835381537583089e+01,7.925079749147405650e+00
7.425835953129465850e+01,7.323725190502177185e+00
7.427836524721348610e+01,7.246120031498564096e+00
7.429837096313232792e+01,6.313796974111520299e+00
7.431837667905115552e+01,5.869087696638791485e+00
7.433838239496999734e+01,6.466144143137734446e+00
7.435838811088882494e+01,6.707813599526228465e+00
7.437839382680766676e+01,5.532106336307169414e+00
7.439839954272649436e+01,4.775240465804460044e+00
7.441840525864533618e+01,5.774869373713279685e+00
7.443841097456416378e+01,5.154686251534205788e+00
7.445841669048300560e+01,5.479643733583076326e+00
7.447842240640183320e+01,5.138007770218118608e+00
7.449842812232066080e+01,5.197656660004329687e+00
7.451843383823950262e+01,4.942069323147840976e+00
7.453843955415833022e+01,5.776310937379951937e+00
7.455844527007717204e+01,4.424870796109498627e+00
7.457845098599599964e+01,5.711465302344947759e+00
7.459845670191484146e+01,4.535915025899589281e+00
7.461846241783366906e+01,5.641954504596061071e+00
7.463846813375251088e+01,5.087722640299092269e+00
7.465847384967133848e+01,5.932820427420129050e+00
7.467847956559016609e+01,5.302251709652125555e+00
7.469848528150900790e+01,5.692882871446901305e+00
7.471849099742783551e+01,5.976500273251570405e+00
7.473849671334667732e+01,5.882941581686778498e+00
7.475850242926550493e+01,6.427057240626626644e+00
7.477850814518434674e+01,7.014410005971766005e+00
7.479851386110317435e+01,7.200074179699337051e+00
7.481851957702201616e+01,6.949512546018089765e+00
7.483852529294084377e+01,7.194915538850242598e+00
7.485853100885967137e+01,7.653255660095554802e+00
7.487853672477851319e+01,7.192393688345797287e+00
7.489854244069734079e+01,7.288761506933740364e+00
7.491854815661618261e+01,7.291684213289901351e+00
7.493855387253501021e+01,7.519519627729794209e+00
7.495855958845385203e+01,7.658206658108676734e+00
7.497856530437267963e+01,7.640799209307601814e+00
7.499857102029152145e+01,7.345616793239935660e+00
7.501857673621034905e+01,6.890598560065354761e+00
7.503858245212917666e+01,7.045823575139870343e+00
7.505858816804801847e+01,6.216509945306142981e+00
7.507859388396684608e+01,6.161136461103197348e+00
7.509859959988568789e+01,6.222851209874228573e+00
7.511860531580451550e+01,5.553229661682166807e+00
7.513861103172335731e+01,5.546105400829285159e+00
7.515861674764218492e+01,5.253895611134247190e+00
7.517862246356102673e+01,5.510496960531971133e+00
7.519862817947985434e+01,5.252765835673757877e+00
7.521863389539868194e+01,5.202448225471447252e+00
7.523863961131752376e+01,4.680438808514288063e+00
7.525864532723635136e+01,5.155115959013757632e+00
7.527865104315519318e+01,4.729226172754426472e+00
7.529865675907402078e+01,4.176016387598971313e+00
7.531866247499286260e+01,3.997351112701591269e+00
7.533866819091169020e+01,3.894481611636098961e+00
7.535867390683053202e+01,4.256442008063261895e+00
7.537867962274935962e+01,4.494428204010862515e+00
7.539868533866820144e+01,3.495442945428900661e+00
7.541869105458702904e+01,3.453059575193054620e+00
7.543869677050585665e+01,3.416686204669610483e+00
7.545870248642469846e+01,4.403531490969606388e+00
7.547870820234352607e+01,4.472213093654893612e+00
7.549871391826236788e+01,4.514059312622011433e+00
7.551871963418119549e+01,3.710072008029627444e+00
7.553872535010003730e+01,3.910838405336131807e+00
7.555873106601886491e+01,4.286811069870053892e+00
7.557873678193770672e+01,4.569867400511922639e+00
7.559874249785653433e+01,4.340069412863925002e+00
7.561874821377536193e+01,4.626613539194258884e+00
7.563875392969420375e+01,4.570963717005977145e+00
7.565875964561303135e+01,5.067920694662092274e+00
7.567876536153187317e+01,4.646216262362249161e+00
7.569877107745070077e+01,4.566391847290828032e+00
7.571877679336954259e+01,5.243104255498419519e+00
7.573878250928837019e+01,4.706238573257329527e+00
7.575878822520721201e+01,5.358104738890814289e+00
7.577879394112603961e+01,4.395313628423307861e+00
7.579879965704486722e+01,5.195299831913332333e+00
7.581880537296370903e+01,4.967018906149485602e+00
7.583881108888253664e+01,4.481375606109873289e+00
7.585881680480137845e+01,4.503882635814277613e+00
7.587882252072020606e+01,4.986739197613585084e+00
7.589882823663904787e+01,5.674108535542388587e+00
7.591883395255787548e+01,4.421990415116298756e+00
7.593883966847671729e+01,4.702984408841535569e+00
7.595884538439554490e+01,5.297878357877961797e+00
7.597885110031437250e+01,5.397607029989895722e+00
7.599885681623321432e+01,4.822141948862753935e+00
7.601886253215204192e+01,5.454561588312726528e+00
7.603886824807088374e+01,4.987774864045565693e+00
7.605887396398971134e+01,4.284972049425889828e+00
7.607887967990855316e+01,5.817384928789135046e+00
7.609888539582738076e+01,5.159011864563320948e+00
7.611889111174622258e+01,4.861836964638067471e+00
7.613889682766505018e+01,5.266873863895696672e+00
7.615890254358387779e+01,4.753538592115809536e+00
7.617890825950271960e+01,4.627741839964548021e+00
7.619891397542154721e+01,5.661120152139110573e+00
7.621891969134038902e+01,4.327123900679773705e+00
7.623892540725921663e+01,4.902157199595912118e+00
7.625893112317805844e+01,4.239131918959495593e+00
7.627893683909688605e+01,5.104429281914029559e+00
7.629894255501572786e+01,5.647242181105459835e+00
7.631894827093455547e+01,4.892988746864865846e+00
7.633895398685339728e+01,5.485688105729533248e+00
7.635895970277222489e+01,5.056478271480104425e+00
7.637896541869105249e+01,5.749541082762902100e+00
7.639897113460989431e+01,6.753344165156704548e+00
7.641897685052872191e+01,6.042306345592797001e+00
7.643898256644756373e+01,6.836899036322700240e+00
7.645898828236639133e+01,7.131104434642946188e+00
7.647899399828523315e+01,7.212896569884152953e+00
7.649899971420406075e+01,7.848725026109320879e+00
7.651900543012290257e+01,8.341667945117606564e+00
7.653901114604173017e+01,8.693863353712199427e+00
7.655901686196055778e+01,8.811724124296260285e+00
7.657902257787939959e+01,8.645373087893633013e+00
7.659902829379822720e+01,8.442322736837047259e+00
7.661903400971706901e+01,8.233994441023837041e+00
7.663903972563589662e+01,9.374795423521758764e+00
7.665904544155473843e+01,9.474227708499581624e+00
7.667905115747356604e+01,9.252298042912645570e+00
7.669905687339240785e+01,9.038662312659457854e+00
7.671906258931123546e+01,9.158332728666849221e+00
7.673906830523006306e+01,9.781621086071069726e+00
7.675907402114890488e+01,9.174369730973840120e+00
7.677907973706773248e+01,9.913506893574979273e+00
7.679908545298657430e+01,1.102703675991789112e+01
7.681909116890540190e+01,9.979598493633599077e+00
7.683909688482424372e+01,9.979527423448361745e+00
7.685910260074307132e+01,1.024127671224459135e+01
7.687910831666191314e+01,1.025634909173412268e+01
7.689911403258074074e+01,1.026767783240843457e+01
7.691911974849956835e+01,1.113171728474503652e+01
7.693912546441841016e+01,1.126732187790626938e+01
7.695913118033723777e+01,1.054869190689597502e+01
7.697913689625607958e+01,1.135494096009425036e+01
7.699914261217490719e+01,1.084384726339316174e+01
7.701914832809374900e+01,1.163303846376740935e+01
7.703915404401257661e+01,1.183198623653307635e+01
7.705915975993141842e+01,1.125870752209141301e+01
7.707916547585024603e+01,1.156924745047276204e+01
7.709917119176907363e+01,1.124447915616523730e+01
7.711917690768791545e+01,1.041732035810990808e+01
7.713918262360674305e+01,1.144744253372252984e+01
7.715918833952558487e+01,1.082102370026752425e+01
7.717919405544441247e+01,9.687270105602168613e+00
7.719919977136325429e+01,9.734334834149956706e+00
7.721920548728208189e+01,9.989382395131887193e+00
7.723921120320092371e+01,9.148802836313155495e+00
7.725921691911975131e+01,8.649714192485774333e+00
7.727922263503859313e+01,8.953387428383654978e+00
7.729922835095742073e+01,7.578753771394596939e+00
7.731923406687624833e+01,7.852289703809278265e+00
7.733923978279509015e+01,6.942414063452001294e+00
7.735924549871391775e+01,7.296388867371714326e+00
7.737925121463275957e+01,5.820309692323352380e+00
7.739925693055158717e+01,6.046184159991213392e+00
7.741926264647042899e+01,6.224755608637917881e+00
7.743926836238925659e+01,5.867683490390581014e+00
7.745927407830809841e+01,5.188366318623691242e+00
7.747927979422692601e+01,5.462446911716689613e+00
7.749928551014575362e+01,4.395896903407721545e+00
7.751929122606459543e+01,5.158589036177895437e+00
7.753929694198342304e+01,4.466953316109850469e+00
7.755930265790226485e+01,4.515711080195460525e+00
7.757930837382109246e+01,4.956670974140428676e+00
7.759931408973993427e+01,5.813825133176472093e+00
7.761931980565876188e+01,4.957615952676229121e+00
7.763932552157760369e+01,4.771890916944657057e+00
7.765933123749643130e+01,4.119167636489427409e+00
7.767933695341525890e+01,5.466218710843188333e+00
7.769934266933410072e+01,4.833392291680024044e+00
7.771934838525292832e+01,5.629571442859197639e+00
7.773935410117177014e+01,5.761863201867335249e+00
7.775935981709059774e+01,5.939526295226774444e+00
7.777936553300943956e+01,5.825269228377879749e+00
7.779937124892826716e+01,5.814273463005022791e+00
7.781937696484710898e+01,6.373696041036754245e+00
7.783938268076593658e+01,6.698119165389151419e+00
7.785938839668476419e+01,7.030245558802585393e+00
7.787939411260360600e+01,7.063775254220331590e+00
7.789939982852243361e+01,8.117723576240413408e+00
7.791940554444127542e+01,7.008238680059172054e+00
7.793941126036010303e+01,8.056995469104640151e+00
7.795941697627894484e+01,8.013462926576419676e+00
7.797942269219777245e+01,8.763563304413764854e+00
7.799942840811661426e+01,8.121529319756266574e+00
7.801943412403544187e+01,8.419594128585126569e+00
7.803943983995426947e+01,9.024798119879921643e+00
7.805944555587311129e+01,8.195856352176710047e+00
7.807945127179193889e+01,8.280010245802669644e+00
7.809945698771078071e+01,8.067366549540279763e+00
7.811946270362960831e+01,7.849749680734330326e+00
7.813946841954845013e+01,7.925673832171898248e+00
7.815947413546727773e+01,8.119149033707147467e+00
7.817947985138611955e+01,7.676147899574690570e+00
7.819948556730494715e+01,6.957578687641403192e+00
7.821949128322378897e+01,7.139165155218905490e+00
7.823949699914261657e+01,6.988468930435121074e+00
7.825950271506144418e+01,6.321677006460513226e+00
7.827950843098028599e+01,7.036727171205128251e+00
7.829951414689911360e+01,6.366136226803465803e+00
7.831951986281795541e+01,6.634634549515910251e+00
7.833952557873678302e+01,7.840984822964616185e+00
7.835953129465562483e+01,6.775356402885556406e+00
7.837953701057445244e+01,7.278116957032084500e+00
7.839954272649329425e+01,7.292171526802758486e+00
7.841954844241212186e+01,7.317487011094147675e+00
7.843955415833094946e+01,7.127666146756855170e+00
7.845955987424979128e+01,7.896129476298807681e+00
7.847956559016861888e+01,6.425978199272247338e+00
7.849957130608746070e+01,6.961465812600797776e+00
7.851957702200628830e+01,6.184227425262127653e+00
7.853958273792513012e+01,7.065258816155363775e+00
7.855958845384395772e+01,6.301630007306886938e+00
7.857959416976279954e+01,6.140386797245448669e+00
7.859959988568162714e+01,6.104149176234916041e+00
7.861960560160045475e+01,5.404030200561611430e+00
7.863961131751929656e+01,5.588000909743522371e+00
7.865961703343812417e+01,5.479845815164918754e+00
7.867962274935696598e+01,5.424979927961278925e+00
7.869962846527579359e+01,5.533377064846712656e+00
7.871963418119463540e+01,5.771618533336876133e+00
7.873963989711346301e+01,5.367727096226045269e+00
7.875964561303230482e+01,5.471984030317449843e+00
7.877965132895113243e+01,5.024148403472553426e+00
7.879965704486996003e+01,5.606968749222476234e+00
7.881966276078880185e+01,4.537868968163533800e+00
7.883966847670762945e+01,4.808441188507213582e+00
7.885967419262647127e+01,5.700945991960188586e+00
7.887967990854529887e+01,5.697946797432656751e+00
7.889968562446414069e+01,4.515153594528642955e+00
7.891969134038296829e+01,4.661288202312729112e+00
7.893969705630181011e+01,4.454310602010409070e+00
7.895970277222063771e+01,5.397735046818367799e+00
7.897970848813946532e+01,4.722035772695543976e+00
7.899971420405830713e+01,4.806255768997113265e+00
7.901971991997713474e+01,4.421958782304808544e+00
7.903972563589597655e+01,5.119580912489562152e+00
7.905973135181480416e+01,4.257266261184591727e+00
7.907973706773364597e+01,4.791879614406205690e+00
7.909974278365247358e+01,4.725795459311042279e+00
7.911974849957131539e+01,4.324905145123762118e+00
7.913975421549014300e+01,4.395492358303982883e+00
7.915975993140898481e+01,4.764806146763734596e+00
7.917976564732781242e+01,5.009370705214072572e+00
7.919977136324664002e+01,4.291579666136943416e+00
7.921977707916548184e+01,5.150086519362226056e+00
7.923978279508430944e+01,5.337543101882211261e+00
7.925978851100315126e+01,4.970997855357719430e+00
7.927979422692197886e+01,4.944202112403139893e+00
7.929979994284082068e+01,5.619120104452067999e+00
7.931980565875964828e+01,5.375760198139737156e+00
7.933981137467849010e+01,5.109199756547919691e+00
7.935981709059731770e+01,5.240652693069424828e+00
7.937982280651614531e+01,4.589265553026988798e+00
7.939982852243498712e+01,5.500994716541930174e+00
7.941983423835381473e+01,4.794846550800762053e+00
7.943983995427265654e+01,4.588649300997241554e+00
7.945984567019148415e+01,5.134787032143026231e+00
7.947985138611032596e+01,4.558336423871975462e+00
7.949985710202915357e+01,4.470508113433186104e+00
7.951986281794799538e+01,5.160920755447777175e+00
7.953986853386682299e+01,5.117526993081124687e+00
7.955987424978565059e+01,4.103956189449794678e+00
7.957987996570449241e+01,4.177013695873720067e+00
7.959988568162332001e+01,4.140918211484438061e+00
7.961989139754216183e+01,4.785848729849833560e+00
7.963989711346098943e+01,3.883365922870910314e+00
7.965990282937983125e+01,4.663198957947543910e+00
7.967990854529865885e+01,4.094483023754398765e+00
7.969991426121750067e+01,3.883016958859109469e+00
7.971991997713632827e+01,3.728307029666384054e+00
7.973992569305515588e+01,3.406566865025290269e+00
7.975993140897399769e+01,4.407825571283130017e+00
7.977993712489282530e+01,4.207513759329199132e+00
7.979994284081166711e+01,3.962107751243988396e+00
7.981994855673049472e+01,3.737623464149198771e+00
7.983995427264933653e+01,3.495431900835097583e+00
7.985995998856816414e+01,4.112886693132716154e+00
7.987996570448700595e+01,3.465619530179633756e+00
7.989997142040583356e+01,4.336511267028027028e+00
7.991997713632466116e+01,3.989409003411243493e+00
7.993998285224350298e+01,4.309467119728049411e+00
7.995998856816233058e+01,3.865203161815995436e+00
7.997999428408117240e+01,3.674117147695024954e+00
8.000000000000000000e+01,3.687434588348286191e+00
