angle,intensity
1.000000000000000000e+01,1.310349381318115958e+00
1.002000571591883471e+01,1.317513605002293531e+00
1.004001143183766764e+01,1.459646957344007179e+00
1.006001714775650235e+01,1.223413509475587801e+00
1.008002286367533529e+01,4.275797426395570588e-01
1.010002857959417000e+01,1.268036722577458475e+00
1.012003429551300293e+01,7.253666454389129381e-01
1.014004001143183764e+01,4.589597122587558142e-01
1.016004572735067235e+01,9.461808456160285541e-01
1.018005144326950528e+01,1.116242462117719159e+00
1.020005715918833999e+01,2.171542963193501041e+00
1.022006287510717293e+01,1.730381511925031868e+00
1.024006859102600764e+01,1.645161367187538692e+00
1.026007430694484057e+01,1.190487443446529348e+00
1.028008002286367528e+01,1.250132580449557107e+00
1.030008573878250999e+01,1.260521001241040828e+00
1.032009145470134293e+01,1.769048925714433285e+00
1.034009717062017764e+01,8.669040387667410474e-01
1.036010288653901057e+01,1.357761734564114420e+00
1.038010860245784528e+01,1.321463846964892719e+00
1.040011431837667999e+01,6.376479771334937485e-01
1.042012003429551292e+01,6.840409420695092724e-01
1.044012575021434763e+01,7.359174799346753781e-01
1.046013146613318057e+01,1.062944580993639754e+00
1.048013718205201528e+01,1.420482256656888209e+00
1.050014289797084821e+01,1.786091541363370006e+00
1.052014861388968292e+01,2.311534535858919437e+00
1.054015432980851585e+01,1.806823369862431417e+00
1.056016004572735056e+01,6.772813982538148370e-01
1.058016576164618527e+01,5.603466730933074347e-01
1.060017147756501821e+01,6.165694806129262684e-01
1.062017719348385292e+01,2.228162700872341251e+00
1.064018290940268585e+01,1.482142292470892020e+00
1.066018862532152056e+01,2.365171291114919416e+00
1.068019434124035527e+01,1.787826792803166143e+00
1.070020005715918820e+01,5.915456326922151620e-01
1.072020577307802292e+01,1.821899859201173255e+00
1.074021148899685585e+01,8.600941652465387000e-01
1.076021720491569056e+01,2.296122540067817575e+00
1.078022292083452349e+01,1.014840359492172883e+00
1.080022863675335820e+01,1.484066130846571019e+00
1.082023435267219291e+01,1.007296144895498902e+00
1.084024006859102585e+01,2.480071772397205887e+00
1.086024578450986056e+01,7.486749138256697522e-01
1.088025150042869349e+01,7.239161301612373478e-01
1.090025721634752820e+01,2.226153833514548097e+00
1.092026293226636113e+01,1.521604926527567958e+00
1.094026864818519584e+01,2.141705970117913527e+00
1.096027436410403055e+01,2.018266224374571927e+00
1.098028008002286349e+01,7.733536830018019614e-01
1.100028579594169820e+01,1.613106140257651422e+00
1.102029151186053113e+01,1.980814913741785199e+00
1.104029722777936584e+01,1.595624953308634630e+00
1.106030294369819877e+01,1.141402353932744029e+00
1.108030865961703348e+01,2.201982729201205302e+00
1.110031437553586819e+01,1.618852228812785121e+00
1.112032009145470113e+01,1.000504958473112049e+00
1.114032580737353584e+01,1.207433324370712047e+00
1.116033152329236877e+01,1.739904695408789781e+00
1.118033723921120348e+01,1.861495462792339461e+00
1.120034295513003642e+01,9.412720746951896977e-01
1.122034867104887113e+01,2.273334004029474276e+00
1.124035438696770584e+01,1.809352909399143394e+00
1.126036010288653877e+01,2.544083130923197267e+00
1.128036581880537348e+01,1.218344266149766542e+00
1.130037153472420641e+01,2.606909157936730725e+00
1.132037725064304112e+01,2.019121146483019658e+00
1.134038296656187583e+01,1.524055062451197484e+00
1.136038868248070877e+01,1.975701135302658562e+00
1.138039439839954348e+01,2.324045417090513599e+00
1.140040011431837641e+01,1.778180951406713728e+00
1.142040583023721112e+01,2.590009299257281850e+00
1.144041154615604405e+01,1.467932995092677606e+00
1.146041726207487876e+01,1.799364600348422716e+00
1.148042297799371170e+01,1.215569901220778792e+00
1.150042869391254641e+01,2.174070771421055870e+00
1.152043440983138112e+01,1.735702520252507597e+00
1.154044012575021405e+01,1.902966619815494198e+00
1.156044584166904876e+01,2.436391689983633313e+00
1.158045155758788169e+01,1.226143440260482276e+00
1.160045727350671640e+01,1.827832102435761996e+00
1.162046298942555111e+01,1.268367836192674236e+00
1.164046870534438405e+01,2.881388400507675751e+00
1.166047442126321876e+01,1.521701119132188973e+00
1.168048013718205169e+01,2.615813807559146387e+00
1.170048585310088640e+01,2.442942421027315181e+00
1.172049156901971934e+01,2.864309489998484892e+00
1.174049728493855405e+01,2.711478906167261282e+00
1.176050300085738698e+01,1.565749427567338925e+00
1.178050871677622169e+01,2.338816702075312115e+00
1.180051443269505640e+01,2.288932894892361070e+00
1.182052014861388933e+01,2.755357629498504934e+00
1.184052586453272404e+01,2.460467270147866703e+00
1.186053158045155698e+01,2.889972768159500660e+00
1.188053729637039169e+01,2.184830269036777572e+00
1.190054301228922640e+01,2.005302836817867806e+00
1.192054872820805933e+01,2.780053036643478581e+00
1.194055444412689404e+01,2.751317396164367324e+00
1.196056016004572697e+01,2.937210872773132309e+00
1.198056587596456168e+01,2.317079683673384238e+00
1.200057159188339639e+01,1.905059568267728709e+00
1.202057730780222933e+01,2.801436349763354983e+00
1.204058302372106226e+01,2.837825399204512600e+00
1.206058873963989697e+01,2.145763449392840361e+00
1.208059445555873168e+01,1.384019076264876302e+00
1.210060017147756461e+01,2.485656425590682339e+00
1.212060588739639932e+01,3.059240153989285727e+00
1.214061160331523226e+01,1.743818667489609453e+00
1.216061731923406697e+01,1.882941116248750157e+00
1.218062303515290168e+01,1.980855499884208060e+00
1.220062875107173461e+01,1.877639322549052192e+00
1.222063446699056932e+01,3.094495031044808275e+00
1.224064018290940226e+01,2.157112022019625375e+00
1.226064589882823697e+01,2.462804724168434767e+00
1.228065161474707168e+01,2.613784224966791303e+00
1.230065733066590461e+01,2.026469134955332763e+00
1.232066304658473754e+01,1.984392848886326499e+00
1.234066876250357225e+01,1.964615183670880949e+00
1.236067447842240696e+01,2.871066014800874200e+00
1.238068019434123990e+01,2.550164861418013018e+00
1.240068591026007461e+01,2.508646871515040733e+00
1.242069162617890754e+01,2.222110033348563718e+00
1.244069734209774225e+01,1.680867979882802787e+00
1.246070305801657696e+01,3.296282100578597607e+00
1.248070877393540989e+01,2.550535758757360050e+00
1.250071448985424460e+01,2.366256499019600223e+00
1.252072020577307754e+01,2.125602582871149782e+00
1.254072592169191225e+01,2.929962621675764822e+00
1.256073163761074696e+01,3.141818925219999503e+00
1.258073735352957989e+01,3.061701411185157706e+00
1.260074306944841460e+01,3.338059101083802549e+00
1.262074878536724754e+01,2.212571031943396882e+00
1.264075450128608225e+01,1.791129564961059240e+00
1.266076021720491518e+01,2.239687166559694464e+00
1.268076593312374989e+01,2.521218963058223572e+00
1.270077164904258282e+01,2.240063054114165730e+00
1.272077736496141753e+01,2.872580814232671198e+00
1.274078308088025224e+01,2.977098261652309397e+00
1.276078879679908518e+01,3.444758192114764750e+00
1.278079451271791989e+01,2.337430713118910930e+00
1.280080022863675282e+01,1.890256460095111057e+00
1.282080594455558753e+01,3.583751099901215209e+00
1.284081166047442224e+01,3.254373132512168532e+00
1.286081737639325517e+01,3.177396942036097016e+00
1.288082309231208988e+01,2.560954200641328615e+00
1.290082880823092282e+01,2.593827500737404090e+00
1.292083452414975753e+01,3.643090124372582395e+00
1.294084024006859224e+01,2.791250394916596989e+00
1.296084595598742517e+01,2.328932377853151880e+00
1.298085167190625810e+01,2.266053698218110757e+00
1.300085738782509281e+01,3.857885705529006337e+00
1.302086310374392752e+01,2.910001457389466584e+00
1.304086881966276046e+01,3.464560469535073572e+00
1.306087453558159517e+01,3.565566730462133460e+00
1.308088025150042810e+01,2.393710934521624978e+00
1.310088596741926281e+01,3.046655482468055176e+00
1.312089168333809752e+01,3.431601877979617576e+00
1.314089739925693046e+01,2.886402310691593698e+00
1.316090311517576517e+01,2.428383318824920867e+00
1.318090883109459810e+01,3.273470318868997975e+00
1.320091454701343281e+01,3.829494346554773720e+00
1.322092026293226752e+01,2.888169477437325217e+00
1.324092597885110045e+01,3.285671616867850808e+00
1.326093169476993339e+01,3.554786325725233453e+00
1.328093741068876810e+01,3.677511737014015125e+00
1.330094312660760281e+01,3.657343146005289203e+00
1.332094884252643574e+01,3.441858410033713067e+00
1.334095455844527045e+01,3.826103390603319276e+00
1.336096027436410338e+01,2.788463069919241200e+00
1.338096599028293809e+01,3.802002720121732793e+00
1.340097170620177280e+01,3.256579627896538653e+00
1.342097742212060574e+01,3.851775228810675689e+00
1.344098313803944045e+01,3.165292544827482679e+00
1.346098885395827338e+01,4.139793975520011493e+00
1.348099456987710809e+01,2.446532580952799574e+00
1.350100028579594280e+01,2.649105507058497899e+00
1.352100600171477573e+01,2.485239889482989462e+00
1.354101171763361044e+01,3.076532051736498463e+00
1.356101743355244338e+01,2.390254980388671235e+00
1.358102314947127809e+01,4.150776154753246239e+00
1.360102886539011102e+01,3.988493469376592770e+00
1.362103458130894573e+01,4.143077805697366500e+00
1.364104029722777867e+01,2.816569664440318199e+00
1.366104601314661338e+01,4.185257394701022093e+00
1.368105172906544809e+01,3.552525175536851876e+00
1.370105744498428102e+01,3.033147894023948687e+00
1.372106316090311573e+01,2.900322924229908672e+00
1.374106887682194866e+01,3.512616135292999431e+00
1.376107459274078337e+01,2.358750089744467537e+00
1.378108030865961808e+01,2.487331371182694983e+00
1.380108602457845102e+01,3.504851249741082864e+00
1.382109174049728573e+01,3.219820037178136474e+00
1.384109745641611866e+01,3.699781649674447781e+00
1.386110317233495337e+01,2.837957006046522235e+00
1.388110888825378808e+01,3.867008509244245662e+00
1.390111460417262101e+01,2.589813283436158020e+00
1.392112032009145395e+01,2.672633678052559691e+00
1.394112603601028866e+01,3.802905638736042260e+00
1.396113175192912337e+01,3.683753998161487964e+00
1.398113746784795630e+01,3.307301349454093042e+00
1.400114318376679101e+01,3.190320054079292866e+00
1.402114889968562395e+01,3.407181331085359144e+00
1.404115461560445866e+01,2.518579276873477379e+00
1.406116033152329337e+01,3.483574216588008365e+00
1.408116604744212630e+01,2.493030730939935324e+00
1.410117176336095923e+01,3.962421130078849885e+00
1.412117747927979394e+01,3.123407554507395822e+00
1.414118319519862865e+01,3.678018292740740325e+00
1.416118891111746336e+01,3.748364405179250181e+00
1.418119462703629630e+01,3.335427315001130211e+00
1.420120034295512923e+01,3.870972805981907072e+00
1.422120605887396394e+01,3.310977648913579152e+00
1.424121177479279865e+01,4.027994152189501520e+00
1.426121749071163336e+01,2.994869191692703936e+00
1.428122320663046629e+01,3.449931062971549611e+00
1.430122892254929923e+01,3.847761731793267970e+00
1.432123463846813394e+01,4.107749055682327288e+00
1.434124035438696865e+01,4.185323872539830958e+00
1.436124607030580158e+01,3.036027932851244060e+00
1.438125178622463629e+01,3.186741413005592438e+00
1.440125750214346922e+01,2.590000537944205483e+00
1.442126321806230393e+01,4.373904119394245171e+00
1.444126893398113864e+01,3.265080759465006199e+00
1.446127464989997158e+01,3.455962235809118877e+00
1.448128036581880451e+01,4.231779112611536497e+00
1.450128608173763922e+01,2.986910600975064334e+00
1.452129179765647393e+01,3.009377072461345115e+00
1.454129751357530864e+01,3.765132566064595121e+00
1.456130322949414158e+01,3.285361803039050344e+00
1.458130894541297451e+01,3.894474238289749923e+00
1.460131466133180922e+01,3.820976491915948792e+00
1.462132037725064393e+01,3.560234453203614091e+00
1.464132609316947686e+01,3.339156297051335986e+00
1.466133180908831157e+01,2.838705858430875306e+00
1.468133752500714451e+01,4.527363949880792937e+00
1.470134324092597922e+01,2.928890641201563394e+00
1.472134895684481393e+01,3.754256144052662947e+00
1.474135467276364686e+01,4.177794956059295295e+00
1.476136038868247979e+01,4.251369633763729894e+00
1.478136610460131450e+01,3.750476512198973378e+00
1.480137182052014921e+01,3.742234288638458306e+00
1.482137753643898392e+01,4.239151831393503933e+00
1.484138325235781686e+01,3.895058897366911133e+00
1.486138896827664979e+01,4.180974530732006755e+00
1.488139468419548450e+01,2.847383560898745003e+00
1.490140040011431921e+01,3.726339833215973840e+00
1.492140611603315392e+01,3.937503393541083252e+00
1.494141183195198685e+01,3.205593441708317393e+00
1.496141754787081979e+01,3.496129332064518813e+00
1.498142326378965450e+01,4.382275947275621419e+00
1.500142897970848921e+01,3.538631964060655832e+00
1.502143469562732214e+01,3.641431902831788303e+00
1.504144041154615508e+01,3.357617902603127646e+00
1.506144612746498979e+01,4.251014557809907224e+00
1.508145184338382450e+01,3.360343552863667593e+00
1.510145755930265921e+01,4.610790064403262001e+00
1.512146327522149214e+01,3.180288926742258049e+00
1.514146899114032507e+01,3.149296757721059770e+00
1.516147470705915978e+01,4.011831672759256229e+00
1.518148042297799449e+01,4.250164335420176798e+00
1.520148613889682920e+01,3.382834364588777731e+00
1.522149185481566214e+01,4.120986432710422420e+00
1.524149757073449507e+01,3.245056697446265570e+00
1.526150328665332978e+01,4.887111972718041208e+00
1.528150900257216449e+01,4.498809723361656410e+00
1.530151471849099742e+01,4.731766419275320601e+00
1.532152043440983036e+01,4.271599601285958059e+00
1.534152615032866507e+01,4.045362066652726796e+00
1.536153186624749978e+01,3.505704339436202410e+00
1.538153758216633449e+01,3.630809253839414108e+00
1.540154329808516742e+01,4.629617979774801384e+00
1.542154901400400036e+01,5.063286562147806258e+00
1.544155472992283507e+01,4.197940690219091664e+00
1.546156044584166978e+01,4.108055869111040259e+00
1.548156616176050449e+01,5.335169008056812601e+00
1.550157187767933742e+01,4.943148960384880830e+00
1.552157759359817035e+01,3.875299997877331037e+00
1.554158330951700506e+01,4.205479353627792349e+00
1.556158902543583977e+01,4.922949704255819015e+00
1.558159474135467271e+01,5.376487808098010746e+00
1.560160045727350742e+01,4.920027421860701189e+00
1.562160617319234035e+01,4.815020354696613047e+00
1.564161188911117506e+01,4.028922474625754369e+00
1.566161760503000977e+01,5.439502068134236978e+00
1.568162332094884270e+01,5.818319697712777128e+00
1.570162903686767564e+01,4.947278699324910711e+00
1.572163475278651035e+01,5.685250347028839357e+00
1.574164046870534506e+01,5.356311428729663149e+00
1.576164618462417977e+01,4.988680645044423656e+00
1.578165190054301270e+01,5.641753562543518896e+00
1.580165761646184563e+01,5.363073371908103404e+00
1.582166333238068034e+01,5.131270388814360039e+00
1.584166904829951505e+01,5.107168195126332577e+00
1.586167476421834799e+01,6.005228603148243138e+00
1.588168048013718270e+01,4.967287188018180366e+00
1.590168619605601563e+01,4.993195677896273388e+00
1.592169191197485034e+01,6.538631526092038015e+00
1.594169762789368505e+01,6.433948035387341058e+00
1.596170334381251799e+01,5.406428483778976890e+00
1.598170905973135092e+01,5.455200921850364537e+00
1.600171477565018563e+01,6.028921353263720029e+00
1.602172049156902034e+01,6.951396721787201471e+00
1.604172620748785505e+01,5.698798463813531612e+00
1.606173192340668976e+01,5.409556203301488786e+00
1.608173763932552092e+01,7.056731368963544249e+00
1.610174335524435563e+01,7.337302651679257437e+00
1.612174907116319034e+01,6.974047966102961738e+00
1.614175478708202505e+01,6.022088904256017727e+00
1.616176050300085620e+01,7.210101908269418658e+00
1.618176621891969091e+01,6.986847860891496786e+00
1.620177193483852562e+01,7.515431381104685116e+00
1.622177765075736033e+01,7.935220712604031945e+00
1.624178336667619504e+01,7.312515323773340903e+00
1.626178908259502620e+01,8.336908935159867085e+00
1.628179479851386091e+01,7.874993662020450813e+00
1.630180051443269562e+01,7.931630298931994005e+00
1.632180623035153033e+01,8.703787262207185904e+00
1.634181194627036149e+01,7.212127246361065502e+00
1.636181766218919620e+01,7.429887656148187247e+00
1.638182337810803091e+01,9.147939669722902067e+00
1.640182909402686562e+01,8.032911363365172974e+00
1.642183480994570033e+01,8.595573341870137440e+00
1.644184052586453504e+01,9.632163801782478885e+00
1.646184624178336620e+01,9.554298372332638678e+00
1.648185195770220091e+01,9.667015662986834457e+00
1.650185767362103562e+01,9.495189567549838117e+00
1.652186338953986677e+01,1.042867937634610875e+01
1.654186910545870148e+01,9.728475899491744627e+00
1.656187482137753619e+01,1.061517713368260907e+01
1.658188053729637090e+01,1.069545942466513466e+01
1.660188625321520561e+01,1.195510841334179020e+01
1.662189196913404032e+01,1.189255469209768101e+01
1.664189768505287148e+01,1.216126002121165506e+01
1.666190340097170619e+01,1.217039688056343572e+01
1.668190911689054090e+01,1.232701113824567685e+01
1.670191483280937561e+01,1.266877183307936683e+01
1.672192054872820677e+01,1.306672026694539568e+01
1.674192626464704148e+01,1.466702799800323298e+01
1.676193198056587619e+01,1.457861962763900010e+01
1.678193769648471090e+01,1.570278561214627722e+01
1.680194341240354561e+01,1.553111913532373300e+01
1.682194912832238032e+01,1.649771195929594469e+01
1.684195484424121148e+01,1.637627716823930513e+01
1.686196056016004619e+01,1.665043015074567023e+01
1.688196627607888090e+01,1.760022052436929485e+01
1.690197199199771205e+01,1.931810716614184997e+01
1.692197770791654676e+01,1.893706575556152316e+01
1.694198342383538147e+01,1.986160584868517276e+01
1.696198913975421618e+01,2.133327730454625026e+01
1.698199485567305089e+01,2.034554922135281529e+01
1.700200057159188560e+01,2.272056208683351741e+01
1.702200628751071676e+01,2.300806352714451819e+01
1.704201200342955147e+01,2.398391399916707911e+01
1.706201771934838618e+01,2.434489938915520213e+01
1.708202343526722089e+01,2.433089819716254354e+01
1.710202915118605205e+01,2.662115501689426011e+01
1.712203486710488676e+01,2.658968632947402710e+01
1.714204058302372147e+01,2.725597710591287992e+01
1.716204629894255618e+01,2.940192026176122653e+01
1.718205201486139089e+01,2.885886047759012385e+01
1.720205773078022204e+01,3.169786501683006463e+01
1.722206344669905675e+01,3.161051696182213888e+01
1.724206916261789146e+01,3.344246202360246656e+01
1.726207487853672617e+01,3.485580778225105547e+01
1.728208059445555733e+01,3.591333945753487455e+01
1.730208631037439204e+01,3.583007723996854565e+01
1.732209202629322675e+01,3.831886213847496236e+01
1.734209774221206146e+01,3.912136742371712472e+01
1.736210345813089617e+01,4.048571289522597993e+01
1.738210917404973088e+01,4.109243409289336313e+01
1.740211488996856204e+01,4.276954212110023690e+01
1.742212060588739675e+01,4.500855251990473249e+01
1.744212632180623146e+01,4.544440337937206920e+01
1.746213203772506262e+01,4.701851800250506130e+01
1.748213775364389733e+01,4.969397181324592339e+01
1.750214346956273204e+01,5.049214449479915601e+01
1.752214918548156675e+01,5.249454825680572156e+01
1.754215490140040146e+01,5.356411365405018898e+01
1.756216061731923617e+01,5.568062422083679763e+01
1.758216633323806732e+01,5.742840438952170956e+01
1.760217204915690203e+01,5.889228759561135718e+01
1.762217776507573674e+01,5.995549513222152882e+01
1.764218348099457145e+01,6.225461431936869161e+01
1.766218919691340261e+01,6.480957974485494333e+01
1.768219491283223732e+01,6.484706213083072157e+01
1.770220062875107203e+01,6.758104304348535152e+01
1.772220634466990674e+01,6.880004032623851629e+01
1.774221206058874145e+01,7.093230977469127652e+01
1.776221777650757616e+01,7.360439698659750718e+01
1.778222349242640732e+01,7.485014228257450952e+01
1.780222920834524203e+01,7.753402330571789491e+01
1.782223492426407674e+01,7.914541766891716179e+01
1.784224064018290790e+01,8.042263410978209492e+01
1.786224635610174261e+01,8.152566925854640090e+01
1.788225207202057732e+01,8.298161431404061261e+01
1.790225778793941203e+01,8.549328094377332832e+01
1.792226350385824674e+01,8.694279240532999609e+01
1.794226921977708145e+01,8.866337783491188418e+01
1.796227493569591260e+01,8.962115557016035439e+01
1.798228065161474731e+01,9.092531794601055140e+01
1.800228636753358202e+01,9.308946251958555251e+01
1.802229208345241318e+01,9.437833103232627252e+01
1.804229779937124789e+01,9.490829337159254919e+01
1.806230351529008260e+01,9.640693828362687157e+01
1.808230923120891731e+01,9.702753127570161951e+01
1.810231494712775202e+01,9.797025039349914266e+01
1.812232066304658673e+01,9.914041745822993335e+01
1.814232637896542144e+01,9.951114648293608411e+01
1.816233209488425260e+01,9.871367221228730671e+01
1.818233781080308731e+01,9.978503703454191509e+01
1.820234352672191847e+01,9.939209416013068221e+01
1.822234924264075318e+01,9.934699035756166552e+01
1.824235495855958789e+01,1.000000000000000000e+02
1.826236067447842260e+01,9.994951909620117192e+01
1.828236639039725731e+01,9.986478687078734140e+01
1.830237210631609202e+01,9.932380101310771181e+01
1.832237782223492673e+01,9.738348089420526321e+01
1.834238353815375788e+01,9.697015618788208258e+01
1.836238925407259259e+01,9.568755918014386452e+01
1.838239496999142730e+01,9.545637220596402983e+01
1.840240068591025846e+01,9.457927254154920149e+01
1.842240640182909317e+01,9.356044884435488029e+01
1.844241211774792788e+01,9.198198841246713187e+01
1.846241783366676259e+01,9.123425014968771052e+01
1.848242354958559730e+01,8.925586736388730458e+01
1.850242926550443201e+01,8.960779810034108550e+01
1.852243498142326672e+01,8.786813925695300043e+01
1.854244069734209788e+01,8.640366028735289206e+01
1.856244641326093259e+01,8.439808199203977779e+01
1.858245212917976374e+01,8.216847318707394265e+01
1.860245784509859845e+01,8.155217840579739175e+01
1.862246356101743316e+01,7.969280515150040856e+01
1.864246927693626787e+01,7.781648240097997871e+01
1.866247499285510258e+01,7.675945802021259112e+01
1.868248070877393729e+01,7.339349753957962719e+01
1.870248642469277200e+01,7.238818953529644773e+01
1.872249214061160316e+01,7.002034790542056442e+01
1.874249785653043787e+01,6.808018471597900145e+01
1.876250357244927258e+01,6.639646262583512737e+01
1.878250928836810374e+01,6.382131487614135068e+01
1.880251500428693845e+01,6.260492698477555962e+01
1.882252072020577316e+01,6.078305858505447645e+01
1.884252643612460787e+01,5.811663972487795604e+01
1.886253215204344258e+01,5.519269867200250701e+01
1.888253786796227729e+01,5.315382674716371980e+01
1.890254358388111200e+01,5.036525262503778322e+01
1.892254929979994316e+01,4.908701280934752020e+01
1.894255501571877787e+01,4.605922695376293774e+01
1.896256073163760902e+01,4.473121182661445516e+01
1.898256644755644373e+01,4.214420322199298852e+01
1.900257216347527844e+01,4.052579172169208022e+01
1.902257787939411315e+01,3.842744650250924821e+01
1.904258359531294786e+01,3.708796333633470255e+01
1.906258931123178257e+01,3.538568779506014295e+01
1.908259502715061728e+01,3.319089183088292572e+01
1.910260074306944844e+01,3.138101939705594035e+01
1.912260645898828315e+01,3.085043841934608011e+01
1.914261217490711431e+01,2.820494532105776386e+01
1.916261789082594902e+01,2.706802744385860748e+01
1.918262360674478373e+01,2.633043572262985776e+01
1.920262932266361844e+01,2.412609608834958408e+01
1.922263503858245315e+01,2.382256753429802743e+01
1.924264075450128786e+01,2.250176829912167875e+01
1.926264647042012257e+01,2.069177492959175169e+01
1.928265218633895373e+01,2.040495873859545028e+01
1.930265790225778844e+01,1.931660818966422255e+01
1.932266361817662315e+01,1.883303835596830567e+01
1.934266933409545430e+01,1.729844694032125574e+01
1.936267505001428901e+01,1.669766102718640965e+01
1.938268076593312372e+01,1.714334571786271511e+01
1.940268648185195843e+01,1.653900604496152482e+01
1.942269219777079314e+01,1.489569956687506824e+01
1.944269791368962785e+01,1.562550089322810898e+01
1.946270362960846256e+01,1.336740380337784195e+01
1.948270934552729372e+01,1.299220622520499191e+01
1.950271506144612843e+01,1.326121142394208796e+01
1.952272077736495959e+01,1.229570265653489969e+01
1.954272649328379430e+01,1.340622894067657178e+01
1.956273220920262901e+01,1.166669665923515531e+01
1.958273792512146372e+01,1.291677633463604913e+01
1.960274364104029843e+01,1.131839253178160831e+01
1.962274935695913314e+01,1.116595132196667706e+01
1.964275507287796785e+01,1.040616502360316709e+01
1.966276078879679901e+01,1.104931685956146303e+01
1.968276650471563372e+01,1.047205524235925722e+01
1.970277222063446487e+01,9.799211401859007964e+00
1.972277793655329958e+01,1.116186999139367408e+01
1.974278365247213429e+01,1.001090302349513550e+01
1.976278936839096900e+01,1.018568727286825570e+01
1.978279508430980371e+01,9.864493547620728719e+00
1.980280080022863842e+01,1.047028551994857004e+01
1.982280651614747313e+01,9.434108425585813862e+00
1.984281223206630784e+01,8.530569068564862079e+00
1.986281794798513900e+01,9.449859400073199467e+00
1.988282366390397371e+01,8.160627622970784145e+00
1.990282937982280487e+01,8.874221492415930612e+00
1.992283509574163958e+01,9.618341090979599883e+00
1.994284081166047429e+01,8.806148258014834695e+00
1.996284652757930900e+01,8.627703367981117921e+00
1.998285224349814371e+01,8.730406243277482048e+00
2.000285795941697842e+01,7.540325384271963749e+00
2.002286367533581313e+01,8.296054249925093771e+00
2.004286939125464428e+01,7.486246360841485092e+00
2.006287510717347899e+01,7.127647926258721789e+00
2.008288082309231015e+01,7.175279673588946139e+00
2.010288653901114486e+01,7.569045909531021188e+00
2.012289225492997957e+01,7.683133903320823244e+00
2.014289797084881428e+01,7.568114559451246670e+00
2.016290368676764899e+01,7.767205557602738786e+00
2.018290940268648370e+01,7.847055592115821376e+00
2.020291511860531841e+01,7.320295146261535990e+00
2.022292083452414957e+01,7.918034856944265343e+00
2.024292655044298428e+01,7.552468268697764664e+00
2.026293226636181899e+01,6.780769854377926009e+00
2.028293798228065015e+01,7.910471308492637910e+00
2.030294369819948486e+01,7.939110835481704598e+00
2.032294941411831957e+01,7.236154492710645592e+00
2.034295513003715428e+01,7.313658535558572815e+00
2.036296084595598899e+01,6.185678693560586083e+00
2.038296656187482370e+01,8.014951525076671857e+00
2.040297227779365841e+01,6.605337311930894018e+00
2.042297799371248956e+01,7.670131099853698231e+00
2.044298370963132427e+01,7.002727411344772612e+00
2.046298942555015543e+01,6.337208232845366496e+00
2.048299514146899014e+01,7.433096218589174242e+00
2.050300085738782485e+01,6.662710659158158855e+00
2.052300657330665956e+01,5.873743452061716219e+00
2.054301228922549427e+01,6.321600032363773103e+00
2.056301800514432898e+01,7.181143042829919665e+00
2.058302372106316369e+01,6.451164717918937974e+00
2.060302943698199485e+01,6.671844508698391962e+00
2.062303515290082956e+01,6.051670323850471434e+00
2.064304086881966072e+01,6.083387998294695009e+00
2.066304658473849543e+01,6.216813245074484406e+00
2.068305230065733014e+01,6.685811985602478025e+00
2.070305801657616485e+01,6.594750665722750149e+00
2.072306373249499956e+01,7.515448623044033383e+00
2.074306944841383427e+01,5.877434328767232152e+00
2.076307516433266898e+01,6.929138266479551334e+00
2.078308088025150369e+01,7.103072097413881458e+00
2.080308659617033484e+01,7.184256535641950769e+00
2.082309231208916955e+01,7.042217761813263976e+00
2.084309802800800071e+01,6.410501863070432904e+00
2.086310374392683542e+01,6.102887877635222225e+00
2.088310945984567013e+01,6.590330638966647392e+00
2.090311517576450484e+01,7.474914727553072957e+00
2.092312089168333955e+01,6.025029318637876941e+00
2.094312660760217426e+01,5.895490566737049853e+00
2.096313232352100897e+01,7.414923110034659537e+00
2.098313803943984013e+01,5.656427418834256926e+00
2.100314375535867484e+01,6.673333899384719992e+00
2.102314947127750600e+01,6.156144132425533044e+00
2.104315518719634071e+01,6.442366861035210057e+00
2.106316090311517542e+01,7.550571480249462120e+00
2.108316661903401013e+01,6.949163744622588013e+00
2.110317233495284484e+01,5.858692686089784551e+00
2.112317805087167955e+01,6.652194949763218901e+00
2.114318376679051426e+01,7.321716249446144964e+00
2.116318948270934541e+01,6.572821192540276414e+00
2.118319519862818012e+01,5.843144649075145303e+00
2.120320091454701483e+01,7.244196913325082754e+00
2.122320663046584599e+01,7.577931018035538813e+00
2.124321234638468070e+01,7.195574362093243082e+00
2.126321806230351541e+01,7.762164011361649685e+00
2.128322377822235012e+01,6.263238308910699992e+00
2.130322949414118483e+01,6.804107036908225936e+00
2.132323521006001954e+01,6.146890540213601817e+00
2.134324092597885425e+01,6.710202451904709875e+00
2.136324664189768541e+01,6.637371577767427588e+00
2.138325235781652012e+01,7.134665077575166769e+00
2.140325807373535127e+01,7.092099866807196840e+00
2.142326378965418598e+01,7.549897904748368305e+00
2.144326950557302069e+01,6.620528071601872178e+00
2.146327522149185540e+01,6.701552009768438900e+00
2.148328093741069011e+01,7.322394229158741830e+00
2.150328665332952482e+01,8.391592693163451244e+00
2.152329236924835953e+01,8.322823915426420527e+00
2.154329808516719069e+01,8.167029486954406892e+00
2.156330380108602540e+01,7.585451674563026714e+00
2.158330951700485656e+01,8.186072355309153892e+00
2.160331523292369127e+01,8.163838893365358729e+00
2.162332094884252598e+01,7.851589292401394360e+00
2.164332666476136069e+01,7.539352803703855521e+00
2.166333238068019540e+01,8.006816635968098339e+00
2.168333809659903011e+01,8.812739680712130763e+00
2.170334381251786482e+01,9.673345481027078918e+00
2.172334952843669598e+01,9.831840432059372858e+00
2.174335524435553069e+01,8.547782193774517978e+00
2.176336096027436540e+01,1.016563230587950351e+01
2.178336667619319655e+01,8.749090421442309307e+00
2.180337239211203126e+01,9.545921138843429077e+00
2.182337810803086597e+01,9.634366769028087418e+00
2.184338382394970068e+01,9.749432671560107622e+00
2.186338953986853539e+01,1.052902583494044997e+01
2.188339525578737010e+01,1.010034051009403022e+01
2.190340097170620481e+01,9.928374618606270019e+00
2.192340668762503597e+01,1.028993035396689137e+01
2.194341240354387068e+01,1.130654003777326189e+01
2.196341811946270184e+01,1.257651999600934722e+01
2.198342383538153655e+01,1.173658931584116161e+01
2.200342955130037126e+01,1.197818255209839577e+01
2.202343526721920597e+01,1.223023337039577996e+01
2.204344098313804068e+01,1.234467850970744252e+01
2.206344669905687539e+01,1.293451427219454430e+01
2.208345241497571010e+01,1.395273063111499390e+01
2.210345813089454126e+01,1.387468394547201100e+01
2.212346384681337597e+01,1.348414043613158242e+01
2.214346956273221068e+01,1.395274970720951480e+01
2.216347527865104183e+01,1.610004910652834553e+01
2.218348099456987654e+01,1.555109947440208451e+01
2.220348671048871125e+01,1.637075574972062597e+01
2.222349242640754596e+01,1.593583846768476597e+01
2.224349814232638067e+01,1.744499653706051134e+01
2.226350385824521538e+01,1.703652958045198673e+01
2.228350957416405009e+01,1.848899819463224503e+01
2.230351529008288125e+01,1.814008524056786698e+01
2.232352100600171596e+01,1.905429178241693577e+01
2.234352672192054712e+01,2.031726294925470100e+01
2.236353243783938183e+01,2.010626739430761845e+01
2.238353815375821654e+01,2.081584909027446884e+01
2.240354386967705125e+01,2.129239575000150708e+01
2.242354958559588596e+01,2.166673686152433831e+01
2.244355530151472067e+01,2.245839823333260554e+01
2.246356101743355538e+01,2.225257530984504584e+01
2.248356673335238654e+01,2.400875141884932873e+01
2.250357244927122125e+01,2.469875546898134644e+01
2.252357816519005240e+01,2.421241654146855282e+01
2.254358388110888711e+01,2.504628512162080867e+01
2.256358959702772182e+01,2.545116047336500387e+01
2.258359531294655653e+01,2.617034884774745152e+01
2.260360102886539124e+01,2.564601952959300846e+01
2.262360674478422595e+01,2.755515289692613834e+01
2.264361246070306066e+01,2.812069421406138403e+01
2.266361817662189182e+01,2.746854906312939093e+01
2.268362389254072653e+01,2.850861486926525856e+01
2.270362960845956124e+01,2.905589176741999324e+01
2.272363532437839240e+01,2.910758517752696406e+01
2.274364104029722711e+01,2.922809321778065694e+01
2.276364675621606182e+01,2.880302166837495292e+01
2.278365247213489653e+01,2.881465181371346063e+01
2.280365818805373124e+01,2.933725715383803845e+01
2.282366390397256595e+01,2.973896220980378757e+01
2.284366961989140066e+01,2.858243573557089334e+01
2.286367533581023181e+01,2.877576370165501629e+01
2.288368105172906652e+01,2.943277377496400860e+01
2.290368676764789768e+01,2.761262628243648010e+01
2.292369248356673239e+01,2.882395677488440100e+01
2.294369819948556710e+01,2.743429111057167091e+01
2.296370391540440181e+01,2.688976916532068984e+01
2.298370963132323652e+01,2.555540926218913356e+01
2.300371534724207123e+01,2.650524282042117008e+01
2.302372106316090594e+01,2.442412642828313807e+01
2.304372677907973710e+01,2.380148777498805401e+01
2.306373249499857181e+01,2.409848931193524990e+01
2.308373821091740652e+01,2.273399856202385294e+01
2.310374392683623768e+01,2.288978380321360717e+01
2.312374964275507239e+01,2.111464385002537725e+01
2.314375535867390710e+01,2.080513843773105265e+01
2.316376107459274181e+01,2.054898891343605882e+01
2.318376679051157652e+01,1.972494429981200170e+01
2.320377250643041123e+01,1.881954407128176143e+01
2.322377822234924594e+01,1.772144963948658614e+01
2.324378393826807709e+01,1.656706820548321346e+01
2.326378965418691180e+01,1.668006230216003871e+01
2.328379537010574296e+01,1.570550432231692106e+01
2.330380108602457767e+01,1.512585309633369057e+01
2.332380680194341238e+01,1.454318880703088901e+01
2.334381251786224709e+01,1.372527010266873937e+01
2.336381823378108180e+01,1.283642685770604253e+01
2.338382394969991651e+01,1.268711376733179996e+01
2.340382966561875122e+01,1.187814847293403453e+01
2.342383538153758238e+01,1.216912165350252195e+01
2.344384109745641709e+01,1.154459673725635582e+01
2.346384681337524825e+01,1.121435126142330674e+01
2.348385252929408296e+01,1.003937097222948438e+01
2.350385824521291767e+01,1.160329260608519064e+01
2.352386396113175238e+01,9.974875271669068511e+00
2.354386967705058709e+01,1.072582103436330847e+01
2.356387539296942180e+01,9.718421197349773166e+00
2.358388110888825651e+01,1.036532934785779325e+01
2.360388682480708766e+01,1.022961931789413192e+01
2.362389254072592237e+01,9.535780108485331752e+00
2.364389825664475708e+01,8.640067246118174893e+00
2.366390397256358824e+01,9.920659045558020139e+00
2.368390968848242295e+01,8.584500175690706669e+00
2.370391540440125766e+01,8.726987082658162365e+00
2.372392112032009237e+01,7.938537277218505217e+00
2.374392683623892708e+01,8.404075955470982962e+00
2.376393255215776179e+01,8.183876957149355036e+00
2.378393826807659650e+01,8.329054306234757732e+00
2.380394398399542766e+01,8.500988267884384442e+00
2.382394969991426237e+01,8.535073893187938410e+00
2.384395541583309353e+01,7.644574207687525380e+00
2.386396113175192824e+01,8.985150866042554085e+00
2.388396684767076295e+01,8.442261272763175839e+00
2.390397256358959766e+01,8.794325661847034681e+00
2.392397827950843237e+01,8.281051501435834794e+00
2.394398399542726708e+01,8.256885966534243337e+00
2.396398971134610179e+01,7.701985893277067063e+00
2.398399542726493294e+01,8.434136628057855134e+00
2.400400114318376765e+01,9.042516555750335527e+00
2.402400685910260236e+01,8.520334188934567621e+00
2.404401257502143352e+01,8.003357179637669461e+00
2.406401829094026823e+01,7.829875507041773375e+00
2.408402400685910294e+01,8.892480565444030205e+00
2.410402972277793765e+01,8.635245492172177961e+00
2.412403543869677236e+01,8.223313852639401844e+00
2.414404115461560707e+01,8.311907779495967930e+00
2.416404687053444178e+01,8.363702145777070385e+00
2.418405258645327294e+01,8.663322084452913074e+00
2.420405830237210765e+01,9.283142848350053100e+00
2.422406401829093880e+01,8.546682707964386339e+00
2.424406973420977351e+01,8.623328760720319508e+00
2.426407545012860822e+01,9.206608633526435881e+00
2.428408116604744293e+01,8.797611568520233405e+00
2.430408688196627764e+01,7.751714484564720564e+00
2.432409259788511235e+01,7.989382406368184419e+00
2.434409831380394706e+01,8.347971456466952489e+00
2.436410402972277822e+01,9.062168952855204296e+00
2.438410974564161293e+01,8.084695898502284095e+00
2.440411546156044409e+01,9.853162697934747527e+00
2.442412117747927880e+01,9.943299041605557775e+00
2.444412689339811351e+01,9.352943591209076146e+00
2.446413260931694822e+01,9.366125152448111280e+00
2.448413832523578293e+01,9.258425706945921263e+00
2.450414404115461764e+01,9.072547809360917981e+00
2.452414975707345235e+01,1.039236173553852893e+01
2.454415547299228351e+01,1.035236709705772107e+01
2.456416118891111822e+01,9.720332118616672901e+00
2.458416690482995293e+01,1.015947829919461931e+01
2.460417262074878408e+01,1.032267732750303324e+01
2.462417833666761879e+01,1.044296050296618006e+01
2.464418405258645350e+01,1.096178373529731509e+01
2.466418976850528821e+01,1.041058004543971549e+01
2.468419548442412292e+01,1.185990700479601045e+01
2.470420120034295763e+01,1.155668617485197380e+01
2.472420691626179234e+01,1.203801866977006085e+01
2.474421263218062350e+01,1.217057044150397260e+01
2.476421834809945821e+01,1.176158674648960378e+01
2.478422406401828937e+01,1.233439356451035529e+01
2.480422977993712408e+01,1.199833195570863253e+01
2.482423549585595879e+01,1.299032772774818945e+01
2.484424121177479350e+01,1.361851420871018092e+01
2.486424692769362821e+01,1.360758603752904605e+01
2.488425264361246292e+01,1.460781369891031645e+01
2.490425835953129763e+01,1.387799296806352523e+01
2.492426407545012879e+01,1.501416908680791984e+01
2.494426979136896350e+01,1.422670425936784611e+01
2.496427550728779821e+01,1.443275182775334464e+01
2.498428122320662936e+01,1.547538111826475493e+01
2.500428693912546407e+01,1.591464766700667788e+01
2.502429265504429878e+01,1.634369947833575409e+01
2.504429837096313349e+01,1.631167114599349333e+01
2.506430408688196820e+01,1.801143671599134066e+01
2.508430980280080291e+01,1.749553682121122122e+01
2.510431551871963762e+01,1.818078999459596545e+01
2.512432123463846878e+01,1.826400649461126235e+01
2.514432695055730349e+01,1.921360397042905177e+01
2.516433266647613465e+01,2.014475868389454050e+01
2.518433838239496936e+01,2.085108914365900290e+01
2.520434409831380407e+01,2.142558759745019970e+01
2.522434981423263878e+01,2.200504640388271227e+01
2.524435553015147349e+01,2.187780392011741881e+01
2.526436124607030820e+01,2.417871808848519422e+01
2.528436696198914291e+01,2.420011241500197485e+01
2.530437267790797407e+01,2.487322011408002709e+01
2.532437839382680878e+01,2.508392370311410957e+01
2.534438410974563993e+01,2.688692170563466632e+01
2.536438982566447464e+01,2.710514945608779769e+01
2.538439554158330935e+01,2.757183240359119836e+01
2.540440125750214406e+01,2.897065883717773715e+01
2.542440697342097877e+01,2.906069219471154241e+01
2.544441268933981348e+01,2.927258503981874327e+01
2.546441840525864819e+01,3.003242395815541954e+01
2.548442412117747935e+01,3.024146414910103786e+01
2.550442983709631406e+01,3.139705776568048989e+01
2.552443555301514877e+01,3.289639784593003213e+01
2.554444126893397993e+01,3.339439266449979016e+01
2.556444698485281464e+01,3.395838477031149694e+01
2.558445270077164935e+01,3.367728823341489175e+01
2.560445841669048406e+01,3.561668308376847136e+01
2.562446413260931877e+01,3.619168410781391287e+01
2.564446984852815348e+01,3.550330020599080427e+01
2.566447556444698819e+01,3.683216311486035721e+01
2.568448128036581934e+01,3.829222554887138585e+01
2.570448699628465405e+01,3.715765900144711509e+01
2.572449271220348521e+01,3.862056135629674714e+01
2.574449842812231992e+01,3.924159325412715305e+01
2.576450414404115463e+01,4.029322895282467698e+01
2.578450985995998934e+01,3.963882399206440965e+01
2.580451557587882405e+01,4.051025058304341542e+01
2.582452129179765876e+01,4.170815699047883385e+01
2.584452700771649347e+01,4.233178204300057246e+01
2.586453272363532463e+01,4.309428658617524377e+01
2.588453843955415934e+01,4.371035323731354794e+01
2.590454415547299405e+01,4.514962008561575146e+01
2.592454987139182521e+01,4.482305795581584817e+01
2.594455558731065992e+01,4.624067594165691730e+01
2.596456130322949463e+01,4.695471117966575747e+01
2.598456701914832934e+01,4.812576041757778711e+01
2.600457273506716405e+01,4.882542926938055672e+01
2.602457845098599520e+01,5.103264320681976329e+01
2.604458416690482991e+01,5.146311746721028157e+01
2.606458988282366462e+01,5.200281100857096561e+01
2.608459559874249933e+01,5.345364805023188381e+01
2.610460131466133404e+01,5.619528502161087857e+01
2.612460703058016520e+01,5.652215680207800119e+01
2.614461274649899991e+01,5.735464186757318572e+01
2.616461846241783462e+01,5.968056753844150109e+01
2.618462417833666933e+01,6.126859008391334527e+01
2.620462989425550404e+01,6.320041073132473741e+01
2.622463561017433520e+01,6.447820688972691983e+01
2.624464132609316991e+01,6.468906611239130200e+01
2.626464704201200462e+01,6.610036555943743508e+01
2.628465275793083933e+01,6.737129986261268755e+01
2.630465847384967049e+01,6.921636213661706449e+01
2.632466418976850520e+01,7.183403665805248295e+01
2.634466990568733991e+01,7.286612954241604712e+01
2.636467562160617462e+01,7.370553495749115314e+01
2.638468133752500933e+01,7.394396758025303029e+01
2.640468705344384048e+01,7.543439010488373242e+01
2.642469276936267519e+01,7.616831308741194562e+01
2.644469848528150990e+01,7.677800081321652215e+01
2.646470420120034461e+01,7.719080265317825251e+01
2.648470991711917932e+01,7.700504565419304015e+01
2.650471563303801048e+01,7.803712630387492766e+01
2.652472134895684519e+01,7.916240619003936274e+01
2.654472706487567990e+01,7.911344542499527677e+01
2.656473278079451461e+01,7.884752293217609065e+01
2.658473849671334932e+01,7.829341768460055562e+01
2.660474421263218048e+01,7.927357134346392797e+01
2.662474992855101519e+01,7.801737522073550224e+01
2.664475564446984990e+01,7.780591254404518509e+01
2.666476136038868461e+01,7.654178126150944195e+01
2.668476707630751577e+01,7.699658156560300881e+01
2.670477279222635048e+01,7.523401886929433147e+01
2.672477850814518519e+01,7.524525002537784246e+01
2.674478422406401990e+01,7.543105646451482471e+01
2.676478993998285461e+01,7.352779808378421933e+01
2.678479565590168576e+01,7.276010996125911845e+01
2.680480137182052047e+01,7.137698013810920372e+01
2.682480708773935518e+01,7.062752054419094350e+01
2.684481280365818989e+01,7.041718463006388617e+01
2.686481851957702460e+01,6.926075773915388822e+01
2.688482423549585576e+01,6.727940168911048602e+01
2.690482995141469047e+01,6.536914806020763535e+01
2.692483566733352518e+01,6.378282861195025077e+01
2.694484138325235989e+01,6.346751294674789534e+01
2.696484709917119105e+01,6.191506137932920240e+01
2.698485281509002576e+01,6.031045183685000666e+01
2.700485853100886047e+01,5.826491526633119378e+01
2.702486424692769518e+01,5.871831932011837551e+01
2.704486996284652989e+01,5.717075138118811140e+01
2.706487567876536104e+01,5.407279081936997045e+01
2.708488139468419575e+01,5.357912261180334923e+01
2.710488711060303046e+01,5.195126411580719861e+01
2.712489282652186517e+01,5.130995407722038948e+01
2.714489854244069988e+01,4.968537748256287756e+01
2.716490425835953104e+01,4.808362968847520591e+01
2.718490997427836575e+01,4.534791859477815024e+01
2.720491569019720046e+01,4.534538957455159647e+01
2.722492140611603517e+01,4.368171807670326245e+01
2.724492712203486633e+01,4.249181908274905339e+01
2.726493283795370104e+01,4.017925536557819299e+01
2.728493855387253575e+01,3.956759074666799592e+01
2.730494426979137046e+01,3.729685723863264712e+01
2.732494998571020517e+01,3.555890707133389839e+01
2.734495570162903633e+01,3.448158156288051401e+01
2.736496141754787104e+01,3.464003157180457038e+01
2.738496713346670575e+01,3.300803320474962987e+01
2.740497284938554046e+01,3.119709871962150061e+01
2.742497856530437517e+01,3.125767429264123720e+01
2.744498428122320632e+01,2.860055772270261443e+01
2.746498999714204103e+01,2.922877440608198540e+01
2.748499571306087574e+01,2.676451345047217956e+01
2.750500142897971045e+01,2.628317370488525384e+01
2.752500714489854516e+01,2.484428733852996274e+01
2.754501286081737632e+01,2.477302675283986133e+01
2.756501857673621103e+01,2.441455477395021134e+01
2.758502429265504574e+01,2.377408852583463528e+01
2.760503000857388045e+01,2.341283470924362220e+01
2.762503572449271161e+01,2.238471489459397290e+01
2.764504144041154632e+01,2.085004628115574121e+01
2.766504715633038103e+01,2.165968069119209716e+01
2.768505287224921574e+01,2.096788389530264851e+01
2.770505858816805045e+01,1.935961656496288086e+01
2.772506430408688161e+01,1.938224971827333931e+01
2.774507002000571632e+01,1.980611808636409776e+01
2.776507573592455103e+01,1.933886490675433123e+01
2.778508145184338574e+01,1.818889960748978041e+01
2.780508716776222045e+01,1.912661822172978887e+01
2.782509288368105160e+01,1.815281425190861597e+01
2.784509859959988631e+01,1.847012830582389142e+01
2.786510431551872102e+01,1.863366893373740396e+01
2.788511003143755573e+01,1.735085074493571256e+01
2.790511574735638689e+01,1.762755003261110076e+01
2.792512146327522160e+01,1.873494805932084262e+01
2.794512717919405631e+01,1.814311103908859835e+01
2.796513289511289102e+01,1.756220242832598188e+01
2.798513861103172573e+01,1.944200091809129205e+01
2.800514432695055689e+01,1.779769416615704003e+01
2.802515004286939160e+01,1.879159806399548671e+01
2.804515575878822631e+01,1.914491872483732848e+01
2.806516147470706102e+01,1.868504734724790950e+01
2.808516719062589573e+01,2.032455348640141679e+01
2.810517290654472689e+01,2.037167198553433778e+01
2.812517862246356160e+01,2.086242007145965260e+01
2.814518433838239631e+01,2.119060748520642790e+01
2.816519005430123102e+01,2.170721666677997064e+01
2.818519577022006217e+01,2.240780991668952282e+01
2.820520148613889688e+01,2.271516602502865467e+01
2.822520720205773159e+01,2.376494562358744389e+01
2.824521291797656630e+01,2.446115774597823744e+01
2.826521863389540101e+01,2.414361401766883475e+01
2.828522434981423217e+01,2.633296278183156858e+01
2.830523006573306688e+01,2.740799588418163069e+01
2.832523578165190159e+01,2.752588380562596626e+01
2.834524149757073630e+01,2.849176850243967962e+01
2.836524721348957101e+01,2.952215656734171034e+01
2.838525292940840217e+01,3.030866661300424170e+01
2.840525864532723688e+01,3.304511444733261527e+01
2.842526436124607159e+01,3.247677457495280606e+01
2.844527007716490630e+01,3.413139115125157019e+01
2.846527579308374101e+01,3.544341621130199371e+01
2.848528150900257216e+01,3.823892236634989672e+01
2.850528722492140687e+01,3.960861960356915290e+01
2.852529294084024158e+01,4.027523148865142844e+01
2.854529865675907629e+01,4.150841435496406717e+01
2.856530437267790745e+01,4.315515894016478882e+01
2.858531008859674216e+01,4.623745813134288341e+01
2.860531580451557687e+01,4.715158270920333905e+01
2.862532152043441158e+01,4.865767614379601724e+01
2.864532723635324629e+01,5.057829410086549160e+01
2.866533295227207745e+01,5.132414193201007180e+01
2.868533866819091216e+01,5.443634228538592623e+01
2.870534438410974687e+01,5.559538733086007056e+01
2.872535010002858158e+01,5.683710606451342073e+01
2.874535581594741629e+01,5.907802831344736916e+01
2.876536153186624745e+01,6.153803364686301336e+01
2.878536724778508216e+01,6.236405429908937492e+01
2.880537296370391687e+01,6.450242766091987789e+01
2.882537867962275158e+01,6.684491304673139211e+01
2.884538439554158273e+01,6.780745640608947156e+01
2.886539011146041744e+01,6.816461850428368052e+01
2.888539582737925215e+01,7.084226982513780513e+01
2.890540154329808686e+01,7.117680900100157260e+01
2.892540725921692157e+01,7.194954628431263188e+01
2.894541297513575273e+01,7.358491411178002295e+01
2.896541869105458744e+01,7.250441230968095851e+01
2.898542440697342215e+01,7.409356689302875054e+01
2.900543012289225686e+01,7.336756455724592740e+01
2.902543583881109157e+01,7.382918222051154089e+01
2.904544155472992273e+01,7.317091170781804976e+01
2.906544727064875744e+01,7.362187863576137659e+01
2.908545298656759215e+01,7.266152136004637896e+01
2.910545870248642686e+01,7.135941863307256483e+01
2.912546441840525802e+01,7.021798680938802306e+01
2.914547013432409273e+01,6.868781282711408664e+01
2.916547585024292744e+01,6.700184082048694734e+01
2.918548156616176215e+01,6.656414411693596378e+01
2.920548728208059686e+01,6.412964591026062067e+01
2.922549299799942801e+01,6.142087533214511552e+01
2.924549871391826272e+01,5.866585374692306232e+01
2.926550442983709743e+01,5.719085848991267085e+01
2.928551014575593214e+01,5.594576881589221529e+01
2.930551586167476685e+01,5.220567158844984590e+01
2.932552157759359801e+01,5.134290627943128271e+01
2.934552729351243272e+01,4.776057575360905361e+01
2.936553300943126743e+01,4.665045248890711349e+01
2.938553872535010214e+01,4.403669329212003447e+01
2.940554444126893330e+01,4.111502549186705124e+01
2.942555015718776801e+01,3.884788219158573241e+01
2.944555587310660272e+01,3.620291045817155862e+01
2.946556158902543743e+01,3.430278941609655874e+01
2.948556730494427214e+01,3.405508665402751944e+01
2.950557302086310330e+01,3.201197355738627692e+01
2.952557873678193801e+01,2.997111280353787421e+01
2.954558445270077272e+01,2.742581323638146884e+01
2.956559016861960743e+01,2.761565466166059579e+01
2.958559588453844214e+01,2.526301826233847692e+01
2.960560160045727329e+01,2.390413116588033304e+01
2.962560731637610800e+01,2.364676057361916506e+01
2.964561303229494271e+01,2.102120757782585869e+01
2.966561874821377742e+01,2.026242234530687014e+01
2.968562446413261213e+01,2.019438572796586229e+01
2.970563018005144329e+01,1.941445124951663814e+01
2.972563589597027800e+01,1.875227056843188223e+01
2.974564161188911271e+01,1.769224289675133832e+01
2.976564732780794742e+01,1.679835938188437439e+01
2.978565304372677858e+01,1.563772793231002645e+01
2.980565875964561329e+01,1.620522474699781412e+01
2.982566447556444800e+01,1.589968078376362293e+01
2.984567019148328271e+01,1.485925866384662797e+01
2.986567590740211742e+01,1.374202980619416437e+01
2.988568162332094857e+01,1.409527300139788331e+01
2.990568733923978328e+01,1.301279011071628844e+01
2.992569305515861799e+01,1.305474330859784970e+01
2.994569877107745270e+01,1.321776546754848525e+01
2.996570448699628741e+01,1.302710318769664255e+01
2.998571020291511857e+01,1.236102469228313083e+01
3.000571591883395328e+01,1.170640333167097324e+01
3.002572163475278799e+01,1.236105549078300037e+01
3.004572735067162270e+01,1.192093825934335349e+01
3.006573306659045386e+01,1.135714722377051444e+01
3.008573878250928857e+01,1.026906972159298270e+01
3.010574449842812328e+01,1.088399640218076492e+01
3.012575021434695799e+01,1.003593780404921887e+01
3.014575593026579270e+01,1.055490234355971779e+01
3.016576164618462386e+01,9.982285584370103493e+00
3.018576736210345857e+01,9.246921611594165924e+00
3.020577307802229328e+01,1.000126198154175938e+01
3.022577879394112799e+01,1.081773827363032225e+01
3.024578450985996270e+01,9.040934996225322706e+00
3.026579022577879385e+01,8.874581112861164911e+00
3.028579594169762856e+01,9.447594703670885607e+00
3.030580165761646327e+01,1.007670345147042568e+01
3.032580737353529798e+01,8.817020871884475142e+00
3.034581308945412914e+01,8.931506533608761345e+00
3.036581880537296385e+01,8.446920641710283562e+00
3.038582452129179856e+01,8.950272127914592701e+00
3.040583023721063327e+01,9.631960190766454488e+00
3.042583595312946798e+01,8.433585847558349613e+00
3.044584166904829914e+01,8.713652441100173007e+00
3.046584738496713385e+01,7.798184788665333933e+00
3.048585310088596856e+01,8.775492367669020410e+00
3.050585881680480327e+01,7.734279980507369423e+00
3.052586453272363798e+01,8.528711048878298229e+00
3.054587024864246914e+01,9.176444551271879746e+00
3.056587596456130385e+01,8.040282540947297107e+00
3.058588168048013856e+01,7.414973896742981907e+00
3.060588739639897327e+01,8.507139166790318896e+00
3.062589311231780798e+01,8.211391629516052504e+00
3.064589882823663913e+01,8.401306754085885231e+00
3.066590454415547384e+01,8.635935683695457499e+00
3.068591026007430855e+01,7.056713877004156643e+00
3.070591597599314326e+01,8.321978433622867044e+00
3.072592169191197442e+01,8.190712013814415826e+00
3.074592740783080913e+01,7.459126642089946024e+00
3.076593312374964384e+01,6.985598590065112745e+00
3.078593883966847855e+01,8.483028906713453665e+00
3.080594455558731326e+01,7.352415359187600252e+00
3.082595027150614442e+01,6.731933246939735049e+00
3.084595598742497913e+01,6.636670156198250403e+00
3.086596170334381384e+01,7.094304838345879105e+00
3.088596741926264855e+01,8.147529396040946281e+00
3.090597313518148326e+01,8.198324019093803372e+00
3.092597885110031442e+01,7.098145642784126963e+00
3.094598456701914913e+01,8.036983845291551631e+00
3.096599028293798384e+01,6.515164737871781853e+00
3.098599599885681855e+01,8.302433491585796688e+00
3.100600171477564970e+01,7.631660313959852893e+00
3.102600743069448441e+01,7.793653443510593526e+00
3.104601314661331912e+01,6.797647319670427457e+00
3.106601886253215383e+01,7.212978992920335841e+00
3.108602457845098854e+01,7.339365501387324464e+00
3.110603029436981970e+01,6.282881845973201429e+00
3.112603601028865441e+01,6.289390976373089082e+00
3.114604172620748912e+01,6.509518507131916820e+00
3.116604744212632383e+01,7.782552457679726921e+00
3.118605315804515854e+01,6.339249743390344527e+00
3.120605887396398970e+01,6.788667375997937015e+00
3.122606458988282441e+01,6.355598681127294647e+00
3.124607030580165912e+01,7.314065840850953570e+00
3.126607602172049383e+01,6.888943160984022818e+00
3.128608173763932498e+01,6.087303567979274632e+00
3.130608745355815969e+01,7.218848823182964836e+00
3.132609316947699440e+01,7.576149638702510458e+00
3.134609888539582911e+01,6.558301359293421839e+00
3.136610460131466382e+01,7.236854860851770432e+00
3.138611031723349498e+01,6.083453883527000450e+00
3.140611603315232969e+01,6.049236853205306907e+00
3.142612174907116440e+01,7.521292929702233288e+00
3.144612746498999911e+01,7.395031778176853976e+00
3.146613318090883382e+01,6.167775058232717988e+00
3.148613889682766498e+01,6.565347049640745780e+00
3.150614461274649969e+01,6.385131854448855115e+00
3.152615032866533440e+01,7.064518197907544206e+00
3.154615604458416911e+01,6.304390308375657170e+00
3.156616176050300382e+01,6.564895716726018904e+00
3.158616747642183498e+01,7.589110065566299745e+00
3.160617319234066969e+01,6.033864367526331485e+00
3.162617890825950440e+01,6.415152046493679983e+00
3.164618462417833911e+01,7.245307373003767815e+00
3.166619034009717026e+01,5.782437664894906071e+00
3.168619605601600497e+01,6.704195266895054850e+00
3.170620177193483968e+01,6.949966435062475689e+00
3.172620748785367439e+01,7.196591370677494659e+00
3.174621320377250910e+01,7.278276024846570991e+00
3.176621891969134026e+01,6.779508889061183652e+00
3.178622463561017497e+01,7.238112529096712322e+00
3.180623035152900968e+01,6.085348914523510011e+00
3.182623606744784439e+01,6.654585157985057009e+00
3.184624178336667910e+01,5.879434246623508997e+00
3.186624749928551026e+01,6.684005718689439490e+00
3.188625321520434497e+01,7.087431955426978014e+00
3.190625893112317968e+01,5.737618726103341338e+00
3.192626464704201439e+01,6.733639320760580027e+00
3.194627036296084555e+01,7.241397564026751610e+00
3.196627607887968026e+01,5.975085610616416076e+00
3.198628179479851497e+01,6.460492620188004409e+00
3.200628751071734968e+01,7.210104208075016174e+00
3.202629322663618439e+01,6.341185951437560142e+00
3.204629894255501199e+01,7.002173280609872208e+00
3.206630465847385381e+01,6.174367797785780709e+00
3.208631037439268141e+01,7.371339073135353637e+00
3.210631609031152323e+01,7.501840357985780194e+00
3.212632180623035083e+01,6.499563651839947553e+00
3.214632752214918554e+01,7.439167527047865214e+00
3.216633323806802025e+01,6.457973097177128530e+00
3.218633895398685496e+01,5.686238105245952745e+00
3.220634466990568967e+01,5.652252269519654426e+00
3.222635038582451728e+01,7.486527660890303970e+00
3.224635610174335909e+01,5.784073913994340899e+00
3.226636181766218670e+01,6.474442250307057556e+00
3.228636753358102851e+01,6.582333491510751422e+00
3.230637324949985612e+01,6.560927398809498712e+00
3.232637896541869083e+01,5.731962772814684470e+00
3.234638468133752554e+01,5.720154464109757697e+00
3.236639039725636025e+01,7.299457358070983837e+00
3.238639611317519496e+01,6.902463842979834396e+00
3.240640182909402967e+01,6.619659706364966034e+00
3.242640754501286438e+01,5.896282650413042781e+00
3.244641326093169198e+01,6.919166902857454282e+00
3.246641897685053380e+01,7.070015530004209126e+00
3.248642469276936140e+01,5.799964269858835841e+00
3.250643040868819611e+01,6.582339044653468640e+00
3.252643612460703082e+01,7.125759215544724690e+00
3.254644184052586553e+01,6.207683067292572687e+00
3.256644755644470024e+01,6.495015010427002800e+00
3.258645327236353495e+01,6.034502801554388896e+00
3.260645898828236966e+01,5.717860801640217261e+00
3.262646470420119726e+01,6.677874959938305821e+00
3.264647042012003908e+01,6.949663714980845342e+00
3.266647613603886668e+01,6.942738656018832444e+00
3.268648185195770850e+01,7.104946180276215273e+00
3.270648756787653610e+01,5.910742914769257617e+00
3.272649328379537081e+01,6.208131121305811462e+00
3.274649899971420552e+01,7.444189863292274723e+00
3.276650471563304023e+01,6.771162415548390712e+00
3.278651043155187494e+01,6.423654168631850681e+00
3.280651614747070255e+01,5.662132939173427637e+00
3.282652186338954436e+01,7.498204843153628119e+00
3.284652757930837197e+01,7.256304169941613758e+00
3.286653329522721378e+01,5.686357552303366703e+00
3.288653901114604139e+01,7.493840336231485821e+00
3.290654472706487610e+01,7.129617414313615065e+00
3.292655044298371081e+01,7.133343073456213546e+00
3.294655615890254552e+01,7.272235899318694408e+00
3.296656187482138023e+01,5.793464260003496236e+00
3.298656759074020783e+01,5.756315014813465858e+00
3.300657330665904965e+01,6.484258794377415036e+00
3.302657902257787725e+01,7.183868545226467006e+00
3.304658473849671907e+01,6.658804764271768484e+00
3.306659045441554667e+01,6.586954106115532781e+00
3.308659617033438138e+01,7.554053104278762198e+00
3.310660188625321609e+01,7.527879135529905952e+00
3.312660760217205080e+01,6.742035798390055845e+00
3.314661331809088551e+01,7.490071020818291458e+00
3.316661903400971312e+01,7.307977351779382680e+00
3.318662474992855493e+01,6.632925783584615154e+00
3.320663046584738254e+01,6.305585321890856854e+00
3.322663618176622435e+01,6.292601015967056455e+00
3.324664189768505196e+01,7.580075792625640574e+00
3.326664761360388667e+01,7.251586504625992191e+00
3.328665332952272138e+01,7.659925830619197740e+00
3.330665904544155609e+01,7.798196694771147186e+00
3.332666476136039080e+01,6.693580186083450734e+00
3.334667047727922551e+01,7.188649867089806023e+00
3.336667619319806022e+01,7.407110313814984970e+00
3.338668190911688782e+01,7.268423042372398335e+00
3.340668762503572964e+01,8.036783964965199090e+00
3.342669334095455724e+01,7.968340374398514392e+00
3.344669905687339195e+01,7.081499175274847957e+00
3.346670477279222666e+01,6.854548250625833283e+00
3.348671048871106137e+01,7.478488719836868803e+00
3.350671620462989608e+01,7.817305380493757561e+00
3.352672192054873079e+01,7.257188420983278654e+00
3.354672763646756550e+01,7.764327445226510527e+00
3.356673335238639311e+01,7.336748733892154206e+00
3.358673906830523492e+01,8.332433693897083771e+00
3.360674478422406253e+01,7.183448428113657691e+00
3.362675050014290434e+01,7.800681156228829849e+00
3.364675621606173195e+01,8.061682237047206101e+00
3.366676193198056666e+01,8.482530920407402419e+00
3.368676764789940137e+01,7.990744004430714753e+00
3.370677336381823608e+01,8.531562676330603168e+00
3.372677907973707079e+01,8.472422986898521913e+00
3.374678479565589839e+01,8.795318165914979502e+00
3.376679051157474021e+01,7.977775516076088813e+00
3.378679622749356781e+01,8.008914140767068091e+00
3.380680194341240963e+01,8.394917735245483570e+00
3.382680765933123723e+01,8.976930428567365894e+00
3.384681337525007194e+01,7.688874417679449458e+00
3.386681909116890665e+01,9.261706726795310374e+00
3.388682480708774136e+01,7.873837320303936238e+00
3.390683052300657607e+01,8.212457080834699497e+00
3.392683623892540368e+01,7.900721127305083691e+00
3.394684195484424549e+01,8.455888653564009871e+00
3.396684767076307310e+01,8.194283243234490755e+00
3.398685338668191491e+01,8.553729125242492515e+00
3.400685910260074252e+01,8.720404013294702494e+00
3.402686481851957723e+01,9.524976974967341192e+00
3.404687053443841194e+01,9.336005937990998760e+00
3.406687625035724665e+01,9.640128045866536155e+00
3.408688196627608136e+01,9.401687760750844447e+00
3.410688768219490896e+01,8.099976459603853485e+00
3.412689339811375078e+01,9.045610760230980318e+00
3.414689911403257838e+01,8.948313781708792547e+00
3.416690482995142020e+01,9.505010112811635992e+00
3.418691054587024780e+01,8.440780799105914056e+00
3.420691626178908251e+01,8.490579773885334802e+00
3.422692197770791722e+01,8.731862798823586402e+00
3.424692769362675193e+01,8.746011518533160611e+00
3.426693340954558664e+01,8.599786230776770068e+00
3.428693912546442135e+01,8.071314921834575884e+00
3.430694484138325606e+01,8.355873372302745850e+00
3.432695055730208367e+01,8.272901194405248404e+00
3.434695627322092548e+01,9.081764803275817144e+00
3.436696198913975309e+01,7.705012507162639857e+00
3.438696770505858780e+01,9.389302599772223701e+00
3.440697342097742251e+01,9.277193393972099855e+00
3.442697913689625722e+01,7.807881720250106738e+00
3.444698485281509193e+01,8.285503211742410556e+00
3.446699056873392664e+01,8.545010272177401944e+00
3.448699628465276135e+01,8.104303843450026079e+00
3.450700200057158895e+01,7.834300665336561664e+00
3.452700771649043077e+01,8.920192131925050560e+00
3.454701343240925837e+01,8.398786213337690043e+00
3.456701914832810019e+01,9.433714547681264051e+00
3.458702486424692779e+01,8.074552702188421804e+00
3.460703058016576250e+01,7.975016163251220647e+00
3.462703629608459721e+01,9.059702222392418847e+00
3.464704201200343192e+01,8.754239094247143527e+00
3.466704772792226663e+01,8.399385224020626595e+00
3.468705344384109424e+01,9.948064838033165103e+00
3.470705915975993605e+01,1.022098932328374943e+01
3.472706487567876366e+01,9.524659678353266656e+00
3.474707059159760547e+01,9.655451747099490944e+00
3.476707630751643308e+01,9.350128515117708261e+00
3.478708202343526779e+01,1.012164392502791976e+01
3.480708773935410250e+01,1.061772854364661711e+01
3.482709345527293721e+01,9.497069555902815097e+00
3.484709917119177192e+01,1.019784723501916623e+01
3.486710488711059952e+01,1.055702651464993203e+01
3.488711060302944134e+01,1.118295671019481219e+01
3.490711631894826894e+01,1.021514322417809062e+01
3.492712203486711076e+01,1.044994353761240724e+01
3.494712775078593836e+01,1.210628769476290856e+01
3.496713346670477307e+01,1.217110213714239642e+01
3.498713918262360778e+01,1.175057981541799279e+01
3.500714489854244249e+01,1.235034542349265152e+01
3.502715061446127720e+01,1.325616604172809687e+01
3.504715633038010481e+01,1.243727622325334536e+01
3.506716204629894662e+01,1.235335548252579763e+01
3.508716776221777423e+01,1.289356383376910209e+01
3.510717347813661604e+01,1.244209605769962579e+01
3.512717919405544365e+01,1.417072404324844115e+01
3.514718490997427836e+01,1.451209401642158703e+01
3.516719062589311307e+01,1.461180972506422471e+01
3.518719634181194778e+01,1.481082043416362204e+01
3.520720205773078249e+01,1.389323336609606052e+01
3.522720777364961720e+01,1.407959358420862905e+01
3.524721348956845191e+01,1.588926019090821029e+01
3.526721920548727951e+01,1.599907240232941064e+01
3.528722492140612133e+01,1.537223166554623432e+01
3.530723063732494893e+01,1.551203700572445499e+01
3.532723635324378364e+01,1.684342874179703742e+01
3.534724206916261835e+01,1.675432999748738183e+01
3.536724778508145306e+01,1.744691922016359698e+01
3.538725350100028777e+01,1.723984624830807633e+01
3.540725921691912248e+01,1.618951978506803258e+01
3.542726493283795719e+01,1.667048230681731269e+01
3.544727064875678479e+01,1.689209273214859763e+01
3.546727636467562661e+01,1.775468693995793501e+01
3.548728208059445421e+01,1.741755315486665623e+01
3.550728779651329603e+01,1.715912331330257956e+01
3.552729351243212363e+01,1.691217097840492301e+01
3.554729922835095834e+01,1.706175770684573934e+01
3.556730494426979305e+01,1.663668422271376102e+01
3.558731066018862776e+01,1.786692184583882437e+01
3.560731637610746247e+01,1.841707190242525627e+01
3.562732209202629008e+01,1.660832570720150869e+01
3.564732780794513189e+01,1.659282780221362685e+01
3.566733352386395950e+01,1.800916970060729838e+01
3.568733923978280131e+01,1.644695824715036281e+01
3.570734495570162892e+01,1.652371784325509552e+01
3.572735067162046363e+01,1.723699940820452525e+01
3.574735638753929834e+01,1.712641857936679202e+01
3.576736210345813305e+01,1.682395859356887158e+01
3.578736781937696776e+01,1.660955947729349447e+01
3.580737353529579536e+01,1.676872961027089914e+01
3.582737925121463718e+01,1.629965929630186139e+01
3.584738496713346478e+01,1.656515065884640237e+01
3.586739068305230660e+01,1.757451541212641999e+01
3.588739639897113420e+01,1.596773823210654619e+01
3.590740211488996891e+01,1.642384046319038049e+01
3.592740783080880362e+01,1.675999848940179504e+01
3.594741354672763833e+01,1.679987816254368482e+01
3.596741926264647304e+01,1.635526190868154828e+01
3.598742497856530065e+01,1.745414575278214997e+01
3.600743069448414246e+01,1.691845630648075272e+01
3.602743641040297007e+01,1.798241016949456750e+01
3.604744212632181188e+01,1.701769257195868335e+01
3.606744784224063949e+01,1.794516250695672355e+01
3.608745355815947420e+01,1.781923990847679917e+01
3.610745927407830891e+01,1.822429084607098915e+01
3.612746498999714362e+01,1.850433433245868287e+01
3.614747070591597833e+01,1.912168214113108178e+01
3.616747642183481304e+01,1.885372521585212979e+01
3.618748213775364775e+01,1.981552680526095145e+01
3.620748785367247535e+01,2.038495133521029601e+01
3.622749356959131717e+01,2.201239133026443184e+01
3.624749928551014477e+01,2.198278708063524078e+01
3.626750500142897948e+01,2.212245775504331391e+01
3.628751071734781419e+01,2.418927306109968711e+01
3.630751643326664890e+01,2.418216424633208206e+01
3.632752214918548361e+01,2.546953679109898872e+01
3.634752786510431832e+01,2.600437053357229900e+01
3.636753358102315303e+01,2.561016429840982411e+01
3.638753929694198064e+01,2.622392141329190451e+01
3.640754501286082245e+01,2.892375137485666059e+01
3.642755072877965006e+01,2.929072880567971282e+01
3.644755644469849187e+01,2.933561711260756866e+01
3.646756216061731948e+01,3.137859330642775646e+01
3.648756787653615419e+01,3.135004884123722846e+01
3.650757359245498890e+01,3.195115673359780928e+01
3.652757930837382361e+01,3.267778476476394900e+01
3.654758502429265832e+01,3.412103257881938134e+01
3.656759074021148592e+01,3.568050124782436683e+01
3.658759645613032774e+01,3.633325579878437139e+01
3.660760217204915534e+01,3.610542761573575632e+01
3.662760788796799716e+01,3.835651158074051637e+01
3.664761360388682476e+01,3.868116847429143235e+01
3.666761931980565947e+01,3.928597130696216766e+01
3.668762503572449418e+01,4.018846463168726757e+01
3.670763075164332889e+01,4.136485984801616667e+01
3.672763646756216360e+01,4.156149184536930363e+01
3.674764218348099121e+01,4.129258932675662663e+01
3.676764789939983302e+01,4.218847447758108160e+01
3.678765361531866063e+01,4.374308965428285489e+01
3.680765933123750244e+01,4.422622931781054234e+01
3.682766504715633005e+01,4.489187666591082859e+01
3.684767076307516476e+01,4.392238027058096606e+01
3.686767647899399947e+01,4.496361310356319763e+01
3.688768219491283418e+01,4.502441911399171914e+01
3.690768791083166889e+01,4.641145337192904208e+01
3.692769362675049649e+01,4.562756466574142422e+01
3.694769934266933831e+01,4.788350297587435023e+01
3.696770505858816591e+01,4.816538543305692599e+01
3.698771077450700773e+01,4.797144407393879106e+01
3.700771649042583533e+01,4.870915162165964318e+01
3.702772220634467004e+01,4.937960894637949139e+01
3.704772792226350475e+01,4.864572423205123641e+01
3.706773363818233946e+01,5.012393602227967193e+01
3.708773935410117417e+01,4.979357474148970653e+01
3.710774507002000888e+01,5.022894169188933944e+01
3.712775078593884359e+01,5.153647093608622498e+01
3.714775650185767120e+01,5.052322723501553270e+01
3.716776221777651301e+01,5.154928514223126967e+01
3.718776793369534062e+01,5.165175472173805105e+01
3.720777364961417533e+01,5.288188923849122602e+01
3.722777936553301004e+01,5.225491016545431222e+01
3.724778508145184475e+01,5.295501257944790297e+01
3.726779079737067946e+01,5.408149578934383328e+01
3.728779651328951417e+01,5.412781385858244221e+01
3.730780222920834888e+01,5.456314204534011481e+01
3.732780794512717648e+01,5.482984566283406025e+01
3.734781366104601830e+01,5.424399862641715231e+01
3.736781937696484590e+01,5.360545056054814950e+01
3.738782509288368772e+01,5.495354355922184908e+01
3.740783080880251532e+01,5.499543654028284578e+01
3.742783652472135003e+01,5.489297268890807402e+01
3.744784224064018474e+01,5.478596543812063402e+01
3.746784795655901945e+01,5.406036817193406563e+01
3.748785367247785416e+01,5.397739924581001247e+01
3.750785938839668177e+01,5.439281071251628674e+01
3.752786510431552358e+01,5.445561598017698657e+01
3.754787082023435119e+01,5.343501685094680909e+01
3.756787653615319300e+01,5.398302834998127508e+01
3.758788225207202061e+01,5.397108887677058675e+01
3.760788796799085532e+01,5.239942342519091056e+01
3.762789368390969003e+01,5.331898031131952109e+01
3.764789939982852474e+01,5.222423609691219326e+01
3.766790511574735945e+01,5.153546244890232231e+01
3.768791083166618705e+01,5.243346995159498647e+01
3.770791654758502887e+01,5.071354531832266588e+01
3.772792226350385647e+01,5.068756848293380557e+01
3.774792797942269829e+01,5.087712804957083534e+01
3.776793369534152589e+01,5.223706604370460838e+01
3.778793941126036060e+01,5.189289190073515101e+01
3.780794512717919531e+01,5.093295554619558629e+01
3.782795084309803002e+01,5.182921852584151878e+01
3.784795655901686473e+01,5.119209165487293234e+01
3.786796227493569234e+01,5.328602267300122008e+01
3.788796799085453415e+01,5.334488213275954394e+01
3.790797370677336176e+01,5.336426919532155466e+01
3.792797942269220357e+01,5.491953281173000079e+01
3.794798513861103118e+01,5.453633314504748597e+01
3.796799085452986589e+01,5.654173759777673780e+01
3.798799657044870060e+01,5.655023939794370591e+01
3.800800228636753531e+01,5.679658278092828994e+01
3.802800800228637002e+01,5.815620760183065130e+01
3.804801371820520473e+01,5.884067123524845755e+01
3.806801943412403944e+01,6.133873846384497597e+01
3.808802515004286704e+01,6.210995335853265686e+01
3.810803086596170886e+01,6.275513093328060421e+01
3.812803658188053646e+01,6.394028915847471239e+01
3.814804229779937117e+01,6.623934391583399872e+01
3.816804801371820588e+01,6.748640111403430808e+01
3.818805372963704059e+01,6.826033865811552914e+01
3.820805944555587530e+01,7.031100535753087399e+01
3.822806516147471001e+01,7.119324267943351003e+01
3.824807087739354472e+01,7.253727515099714651e+01
3.826807659331237232e+01,7.371964845059531513e+01
3.828808230923121414e+01,7.344212584290379198e+01
3.830808802515004174e+01,7.466412216858802253e+01
3.832809374106888356e+01,7.706968921247191417e+01
3.834809945698771116e+01,7.728535410150291796e+01
3.836810517290654587e+01,7.859081943905039225e+01
3.838811088882538058e+01,7.838366976035226230e+01
3.840811660474421529e+01,7.853997673366454535e+01
3.842812232066305000e+01,7.998051880493424903e+01
3.844812803658187761e+01,8.006079594361587226e+01
3.846813375250071942e+01,7.986947780392164020e+01
3.848813946841954703e+01,8.049086027857399017e+01
3.850814518433838884e+01,7.961128679150053244e+01
3.852815090025721645e+01,7.916644487907888106e+01
3.854815661617605116e+01,7.900546786134239596e+01
3.856816233209488587e+01,7.829533470029939224e+01
3.858816804801372058e+01,7.939418662909972113e+01
3.860817376393255529e+01,7.819402865651487389e+01
3.862817947985138289e+01,7.664745788997559828e+01
3.864818519577022471e+01,7.555643667218507176e+01
3.866819091168905231e+01,7.593393593586117163e+01
3.868819662760789413e+01,7.481531157361828832e+01
3.870820234352672173e+01,7.366643695486163779e+01
3.872820805944555644e+01,7.164026820076159652e+01
3.874821377536439115e+01,7.064596503144473161e+01
3.876821949128322586e+01,6.796694905984271884e+01
3.878822520720206057e+01,6.780746408918712120e+01
3.880823092312088818e+01,6.521077653968261245e+01
3.882823663903972999e+01,6.308946732107144584e+01
3.884824235495855760e+01,6.203296892419035657e+01
3.886824807087739941e+01,5.985275198058545953e+01
3.888825378679622702e+01,5.756098152376385002e+01
3.890825950271506173e+01,5.595443114373475879e+01
3.892826521863389644e+01,5.510618070904564547e+01
3.894827093455273115e+01,5.234830941592488074e+01
3.896827665047156586e+01,5.041072257660167111e+01
3.898828236639040057e+01,4.985259545893570987e+01
3.900828808230923528e+01,4.725073653990972389e+01
3.902829379822806288e+01,4.514530504972831437e+01
3.904829951414690470e+01,4.422552046072753740e+01
3.906830523006573230e+01,4.256364815043633598e+01
3.908831094598456701e+01,4.029907418158055776e+01
3.910831666190340172e+01,3.925479232238478744e+01
3.912832237782223643e+01,3.667632646626030635e+01
3.914832809374107114e+01,3.658447097618298471e+01
3.916833380965990585e+01,3.486844879793022756e+01
3.918833952557874056e+01,3.240118434886868215e+01
3.920834524149756817e+01,3.157119419542775418e+01
3.922835095741640998e+01,2.990168332080214242e+01
3.924835667333523759e+01,2.838562288258313515e+01
3.926836238925407940e+01,2.798623017164904780e+01
3.928836810517290701e+01,2.664005443448381172e+01
3.930837382109174172e+01,2.524496850041852980e+01
3.932837953701057643e+01,2.396978500659151123e+01
3.934838525292941114e+01,2.421478166641978902e+01
3.936839096884824585e+01,2.195770230133599910e+01
3.938839668476707345e+01,2.180670153374840226e+01
3.940840240068591527e+01,2.198234339297240680e+01
3.942840811660474287e+01,2.068805782651712022e+01
3.944841383252358469e+01,2.016571376503914692e+01
3.946841954844241229e+01,1.936994573862951796e+01
3.948842526436124700e+01,1.901695476924535555e+01
3.950843098028008171e+01,1.881482318442164114e+01
3.952843669619891642e+01,1.787654283614657658e+01
3.954844241211775113e+01,1.787035022765793713e+01
3.956844812803657874e+01,1.761701374258990427e+01
3.958845384395542055e+01,1.679472741322094720e+01
3.960845955987424816e+01,1.638688400899614450e+01
3.962846527579308997e+01,1.500993002573125068e+01
3.964847099171191758e+01,1.623759284973037254e+01
3.966847670763075229e+01,1.584869064755346812e+01
3.968848242354958700e+01,1.408187824636848617e+01
3.970848813946842171e+01,1.444792572935887343e+01
3.972849385538725642e+01,1.523869132905454116e+01
3.974849957130608402e+01,1.504568530317277286e+01
3.976850528722492584e+01,1.469547956825606505e+01
3.978851100314375344e+01,1.300747793386468665e+01
3.980851671906259526e+01,1.321941154853288580e+01
3.982852243498142286e+01,1.385792088510264541e+01
3.984852815090025757e+01,1.320940502454131149e+01
3.986853386681909228e+01,1.374703926759020689e+01
3.988853958273792699e+01,1.424799816296515509e+01
3.990854529865676170e+01,1.311116893967155583e+01
3.992855101457559641e+01,1.354916020061533999e+01
3.994855673049443112e+01,1.373519861301361367e+01
3.996856244641325873e+01,1.248902181527788358e+01
3.998856816233210054e+01,1.319643638656581963e+01
4.000857387825092815e+01,1.340551676453145724e+01
4.002857959416976286e+01,1.245973392513694122e+01
4.004858531008859757e+01,1.311013152870463294e+01
4.006859102600743228e+01,1.289609776181401379e+01
4.008859674192626699e+01,1.303012460624155899e+01
4.010860245784510170e+01,1.326237799015035890e+01
4.012860817376393641e+01,1.406528483823652387e+01
4.014861388968276401e+01,1.268232747520989179e+01
4.016861960560160583e+01,1.420028895436426630e+01
4.018862532152043343e+01,1.423058498501977098e+01
4.020863103743927525e+01,1.423432737538758985e+01
4.022863675335810285e+01,1.475997461840069569e+01
4.024864246927693756e+01,1.475251630241307232e+01
4.026864818519577227e+01,1.538762682948700800e+01
4.028865390111460698e+01,1.406118914579505130e+01
4.030865961703344169e+01,1.489163770575158274e+01
4.032866533295226930e+01,1.532344105775928256e+01
4.034867104887111111e+01,1.566223841598363187e+01
4.036867676478993872e+01,1.604955066047757128e+01
4.038868248070878053e+01,1.665918425670695058e+01
4.040868819662760814e+01,1.689359708700507667e+01
4.042869391254644285e+01,1.858485830887472900e+01
4.044869962846527756e+01,1.792685769581466459e+01
4.046870534438411227e+01,1.926349989346868696e+01
4.048871106030294698e+01,2.025357958536800140e+01
4.050871677622177458e+01,2.043564012746347913e+01
4.052872249214061640e+01,2.073870272599157971e+01
4.054872820805944400e+01,2.081300405948323018e+01
4.056873392397828582e+01,2.174034444184097481e+01
4.058873963989711342e+01,2.244891682336713501e+01
4.060874535581594813e+01,2.451863770110644225e+01
4.062875107173478284e+01,2.533899605665788002e+01
4.064875678765361755e+01,2.654418806949012222e+01
4.066876250357245226e+01,2.719877623877399486e+01
4.068876821949127986e+01,2.742300463012084322e+01
4.070877393541012168e+01,2.887120874873642151e+01
4.072877965132894929e+01,2.995413705097057999e+01
4.074878536724779110e+01,2.896337994482557576e+01
4.076879108316661871e+01,3.164972519453210609e+01
4.078879679908545342e+01,3.144781540003456044e+01
4.080880251500428813e+01,3.230511022390242459e+01
4.082880823092312284e+01,3.264979688176646277e+01
4.084881394684195755e+01,3.345964209283487634e+01
4.086881966276079226e+01,3.435425602355164187e+01
4.088882537867962697e+01,3.427777355967329243e+01
4.090883109459845457e+01,3.411885085953925056e+01
4.092883681051729639e+01,3.487229282059253421e+01
4.094884252643612399e+01,3.630988296690212280e+01
4.096884824235495870e+01,3.515364819576549138e+01
4.098885395827379341e+01,3.584894889331861378e+01
4.100885967419262812e+01,3.566268872509986920e+01
4.102886539011146283e+01,3.490410180003642893e+01
4.104887110603029754e+01,3.559990889241548473e+01
4.106887682194913225e+01,3.505721881052193822e+01
4.108888253786795985e+01,3.461873990678210333e+01
4.110888825378680167e+01,3.489900386291048306e+01
4.112889396970562927e+01,3.425812487848263999e+01
4.114889968562447109e+01,3.341618421660624705e+01
4.116890540154329869e+01,3.281638096013595884e+01
4.118891111746213340e+01,3.245962270159430574e+01
4.120891683338096811e+01,3.119870674290360668e+01
4.122892254929980282e+01,3.057071669163919125e+01
4.124892826521863753e+01,2.862042858921834920e+01
4.126893398113746514e+01,2.914380628118334116e+01
4.128893969705630695e+01,2.866298797661202258e+01
4.130894541297513456e+01,2.720651711384735449e+01
4.132895112889397637e+01,2.578370520051545611e+01
4.134895684481280398e+01,2.596014423956548356e+01
4.136896256073163869e+01,2.548166983505030814e+01
4.138896827665047340e+01,2.565037008626817538e+01
4.140897399256930811e+01,2.475753709776872924e+01
4.142897970848814282e+01,2.347153268646283664e+01
4.144898542440697042e+01,2.352611346316455254e+01
4.146899114032581224e+01,2.303695980447201208e+01
4.148899685624463984e+01,2.226834781242900263e+01
4.150900257216348166e+01,2.311933199303640052e+01
4.152900828808230926e+01,2.290157654020091371e+01
4.154901400400114397e+01,2.270286058424378339e+01
4.156901971991997868e+01,2.278277080241614883e+01
4.158902543583881339e+01,2.130468353964167250e+01
4.160903115175764810e+01,2.115785662941024015e+01
4.162903686767647571e+01,2.134261418813076361e+01
4.164904258359531752e+01,2.175582276673110371e+01
4.166904829951414513e+01,2.203411936809003180e+01
4.168905401543298694e+01,2.203971438398324167e+01
4.170905973135181455e+01,2.022852706751776708e+01
4.172906544727064926e+01,2.110199632202942510e+01
4.174907116318948397e+01,2.001024954555538216e+01
4.176907687910831868e+01,2.020317086102832249e+01
4.178908259502715339e+01,2.132214656647011708e+01
4.180908831094598810e+01,2.089146416981409260e+01
4.182909402686482281e+01,1.943916122562632864e+01
4.184909974278365041e+01,2.003192973932718601e+01
4.186910545870249223e+01,1.911333875211093769e+01
4.188911117462131983e+01,1.891495553337348312e+01
4.190911689054015454e+01,1.908395905548748317e+01
4.192912260645898925e+01,1.898884316391136196e+01
4.194912832237782396e+01,1.883993256462515120e+01
4.196913403829665867e+01,1.871599731187331983e+01
4.198913975421549338e+01,1.806588731991243080e+01
4.200914547013432809e+01,1.823868508292781954e+01
4.202915118605316280e+01,1.654473752062574476e+01
4.204915690197199041e+01,1.695246649258494998e+01
4.206916261789082512e+01,1.616250164361736097e+01
4.208916833380965983e+01,1.507004342359793192e+01
4.210917404972849454e+01,1.628411212273212527e+01
4.212917976564732925e+01,1.462333525401959555e+01
4.214918548156616396e+01,1.478278116935233832e+01
4.216919119748499867e+01,1.400534479741911476e+01
4.218919691340383338e+01,1.503811779808929394e+01
4.220920262932266809e+01,1.344591748895398986e+01
4.222920834524150280e+01,1.316575111356010908e+01
4.224921406116033040e+01,1.390052214327698010e+01
4.226921977707916511e+01,1.370310644959946877e+01
4.228922549299799982e+01,1.191163915429264542e+01
4.230923120891683453e+01,1.283803183709020423e+01
4.232923692483566924e+01,1.190026277600630067e+01
4.234924264075450395e+01,1.249247732397707367e+01
4.236924835667333866e+01,1.203313679097243316e+01
4.238925407259217337e+01,1.058566131703827295e+01
4.240925978851100808e+01,1.062000589485617219e+01
4.242926550442983569e+01,1.035970110203238370e+01
4.244927122034867040e+01,1.142438236675239160e+01
4.246927693626750511e+01,1.121967502644536019e+01
4.248928265218633982e+01,1.053601491480674568e+01
4.250928836810517453e+01,1.043911972230191765e+01
4.252929408402400924e+01,9.890532580820638131e+00
4.254929979994284395e+01,1.070043598766424608e+01
4.256930551586167866e+01,1.095192363419674209e+01
4.258931123178051337e+01,1.027594036781820463e+01
4.260931694769934097e+01,8.980471968242561331e+00
4.262932266361817568e+01,9.072923612595667819e+00
4.264932837953701039e+01,9.509933406005389500e+00
4.266933409545584510e+01,9.617784052526159755e+00
4.268933981137467981e+01,1.052896792665544368e+01
4.270934552729351452e+01,1.029729496586957005e+01
4.272935124321234923e+01,8.809480258162906807e+00
4.274935695913118394e+01,9.300810888516398478e+00
4.276936267505001865e+01,1.018048693495391177e+01
4.278936839096885336e+01,9.022603985233439872e+00
4.280937410688768097e+01,8.552357877242936723e+00
4.282937982280651568e+01,8.515892454764697916e+00
4.284938553872535039e+01,8.626291076052082119e+00
4.286939125464418510e+01,9.967715581035086814e+00
4.288939697056301981e+01,9.991005588165299045e+00
4.290940268648185452e+01,9.009212459126219485e+00
4.292940840240068923e+01,1.003310511502897739e+01
4.294941411831952394e+01,8.387340872283015614e+00
4.296941983423835865e+01,9.586288068724838851e+00
4.298942555015718625e+01,8.421464217044125178e+00
4.300943126607602096e+01,8.544432106878319999e+00
4.302943698199485567e+01,9.544535972575626914e+00
4.304944269791369038e+01,8.019680149282869763e+00
4.306944841383252509e+01,9.630486035922228183e+00
4.308945412975135980e+01,8.325507396047695963e+00
4.310945984567019451e+01,8.642528304694403474e+00
4.312946556158902922e+01,9.500673596564411127e+00
4.314947127750786393e+01,9.604613382604144434e+00
4.316947699342669864e+01,7.916578273953747136e+00
4.318948270934552625e+01,8.566725170714230231e+00
4.320948842526436096e+01,9.719426347228587559e+00
4.322949414118319567e+01,8.635706094812567457e+00
4.324949985710203038e+01,7.951678900991969279e+00
4.326950557302086509e+01,9.291932314969383100e+00
4.328951128893969980e+01,7.972891193828865575e+00
4.330951700485853451e+01,8.314150391004332619e+00
4.332952272077736922e+01,8.652952224689732574e+00
4.334952843669620393e+01,8.351648261227005321e+00
4.336953415261503153e+01,8.469056637024117151e+00
4.338953986853386624e+01,8.706906213941275396e+00
4.340954558445270095e+01,9.003703202813708728e+00
4.342955130037153566e+01,8.608336957054127936e+00
4.344955701629037037e+01,9.769290796458339088e+00
4.346956273220920508e+01,8.368768879245886083e+00
4.348956844812803979e+01,9.771997376939117075e+00
4.350957416404687450e+01,1.030799472143948137e+01
4.352957987996570921e+01,8.816691782703092173e+00
4.354958559588453681e+01,1.006423458925985770e+01
4.356959131180337153e+01,1.075300647228757533e+01
4.358959702772220624e+01,9.459496579856010001e+00
4.360960274364104095e+01,9.249665373371984245e+00
4.362960845955987566e+01,9.740487657287317802e+00
4.364961417547871037e+01,9.604288534115628551e+00
4.366961989139754508e+01,1.113353914736379124e+01
4.368962560731637979e+01,1.031744975559560551e+01
4.370963132323521450e+01,9.990765150045843868e+00
4.372963703915404921e+01,1.113364280008592111e+01
4.374964275507287681e+01,1.115426002710387365e+01
4.376964847099171152e+01,1.216538053337117198e+01
4.378965418691054623e+01,1.085586740535664596e+01
4.380965990282938094e+01,1.195212725211013627e+01
4.382966561874821565e+01,1.154013904851700723e+01
4.384967133466705036e+01,1.228680663889081259e+01
4.386967705058588507e+01,1.149852325131515052e+01
4.388968276650471978e+01,1.236423187051278028e+01
4.390968848242355449e+01,1.360927302262170890e+01
4.392969419834238209e+01,1.312303041936365133e+01
4.394969991426121680e+01,1.361252416964752321e+01
4.396970563018005151e+01,1.351941757445228554e+01
4.398971134609888622e+01,1.458388345803424535e+01
4.400971706201772093e+01,1.420147668836202470e+01
4.402972277793655564e+01,1.426165450339099117e+01
4.404972849385539035e+01,1.376265045727382486e+01
4.406973420977422506e+01,1.491753375899207690e+01
4.408973992569305977e+01,1.436697258969595481e+01
4.410974564161189448e+01,1.387294803222938100e+01
4.412975135753072209e+01,1.530300018276804330e+01
4.414975707344955680e+01,1.425554341629757360e+01
4.416976278936839151e+01,1.421416818966686435e+01
4.418976850528722622e+01,1.541326199398593566e+01
4.420977422120606093e+01,1.519485324225436074e+01
4.422977993712489564e+01,1.465626760953044361e+01
4.424978565304373035e+01,1.646966768234648981e+01
4.426979136896256506e+01,1.596150082616485300e+01
4.428979708488139977e+01,1.623811130428247296e+01
4.430980280080022737e+01,1.640947877208304462e+01
4.432980851671906208e+01,1.509755327657757284e+01
4.434981423263789679e+01,1.659323775594091188e+01
4.436981994855673150e+01,1.500665703292244046e+01
4.438982566447556621e+01,1.557130744353362317e+01
4.440983138039440092e+01,1.588213648243234921e+01
4.442983709631323563e+01,1.652188526057560125e+01
4.444984281223207034e+01,1.537423789497272075e+01
4.446984852815090505e+01,1.610360876605727398e+01
4.448985424406973266e+01,1.536579939792302163e+01
4.450985995998856737e+01,1.529402733076460841e+01
4.452986567590740208e+01,1.638245275558068315e+01
4.454987139182623679e+01,1.672430872690539871e+01
4.456987710774507150e+01,1.636852113301194933e+01
4.458988282366390621e+01,1.708380217751969710e+01
4.460988853958274092e+01,1.631732906414733364e+01
4.462989425550157563e+01,1.636194236688989534e+01
4.464989997142041034e+01,1.722086861246325284e+01
4.466990568733924505e+01,1.720109969273942951e+01
4.468991140325807265e+01,1.643295163326882147e+01
4.470991711917690736e+01,1.611831028289156720e+01
4.472992283509574207e+01,1.717163688230242968e+01
4.474992855101457678e+01,1.700573554525281494e+01
4.476993426693341149e+01,1.693482209663827831e+01
4.478993998285224620e+01,1.616171642390992602e+01
4.480994569877108091e+01,1.620457889449143707e+01
4.482995141468991562e+01,1.684351233540072812e+01
4.484995713060875033e+01,1.610985817797304165e+01
4.486996284652757794e+01,1.581182517765768658e+01
4.488996856244641265e+01,1.621400955248565268e+01
4.490997427836524736e+01,1.669844927534086310e+01
4.492997999428408207e+01,1.596007397902428693e+01
4.494998571020291678e+01,1.563269828640717485e+01
4.496999142612175149e+01,1.645135080537013650e+01
4.498999714204058620e+01,1.543423174022099964e+01
4.501000285795942091e+01,1.679358746930353163e+01
4.503000857387825562e+01,1.654872286333092291e+01
4.505001428979709033e+01,1.579518604099490453e+01
4.507002000571591793e+01,1.644932788537940738e+01
4.509002572163475264e+01,1.569353916979575025e+01
4.511003143755358735e+01,1.620779436012055541e+01
4.513003715347242206e+01,1.624843046918890366e+01
4.515004286939125677e+01,1.686980391261779388e+01
4.517004858531009148e+01,1.704467191077487698e+01
4.519005430122892619e+01,1.694770207571984244e+01
4.521006001714776090e+01,1.666276526242613443e+01
4.523006573306659561e+01,1.784331502309922612e+01
4.525007144898542322e+01,1.867177839611391121e+01
4.527007716490425793e+01,1.841420425004380945e+01
4.529008288082309264e+01,1.847811771864682129e+01
4.531008859674192735e+01,1.977322595544683281e+01
4.533009431266076206e+01,1.976418241097050199e+01
4.535010002857959677e+01,2.061812816708149754e+01
4.537010574449843148e+01,2.051759516705526565e+01
4.539011146041726619e+01,2.143559207830094238e+01
4.541011717633610090e+01,2.146116601148365888e+01
4.543012289225492850e+01,2.242743371947994646e+01
4.545012860817376321e+01,2.466126821623196719e+01
4.547013432409259792e+01,2.468805778398572670e+01
4.549014004001143263e+01,2.455938162819206383e+01
4.551014575593026734e+01,2.719180499356497549e+01
4.553015147184910205e+01,2.806388201473528099e+01
4.555015718776793676e+01,2.827576118713185949e+01
4.557016290368677147e+01,2.914974568660988297e+01
4.559016861960560618e+01,3.051933493507553763e+01
4.561017433552444089e+01,3.070937836015954758e+01
4.563018005144326850e+01,3.102585517868809006e+01
4.565018576736210321e+01,3.239113057992480549e+01
4.567019148328093792e+01,3.369331510702296129e+01
4.569019719919977263e+01,3.399227876468600584e+01
4.571020291511860734e+01,3.525389637781323415e+01
4.573020863103744205e+01,3.495866498791820476e+01
4.575021434695627676e+01,3.623115640598212650e+01
4.577022006287511147e+01,3.759143611716660871e+01
4.579022577879394618e+01,3.828294227429705643e+01
4.581023149471277378e+01,3.750288479728700963e+01
4.583023721063160849e+01,3.975017365633353705e+01
4.585024292655044320e+01,3.954675126493355464e+01
4.587024864246927791e+01,4.062129397936943320e+01
4.589025435838811262e+01,3.949087765048446386e+01
4.591026007430694733e+01,4.067682401765463140e+01
4.593026579022578204e+01,4.116442698985420634e+01
4.595027150614461675e+01,4.059312815068437175e+01
4.597027722206345146e+01,4.076784875609240544e+01
4.599028293798228617e+01,4.003768182715833746e+01
4.601028865390111378e+01,4.075603680626713299e+01
4.603029436981994849e+01,4.113728057669405302e+01
4.605030008573878320e+01,3.998596169124675725e+01
4.607030580165761791e+01,3.906800372609970395e+01
4.609031151757645262e+01,3.870575262867993160e+01
4.611031723349528733e+01,3.861000519897980610e+01
4.613032294941412204e+01,3.770712136994114161e+01
4.615032866533295675e+01,3.701211482860966129e+01
4.617033438125179146e+01,3.654693022967770588e+01
4.619034009717061906e+01,3.554563427966764522e+01
4.621034581308945377e+01,3.421288621851044098e+01
4.623035152900828848e+01,3.385669973764283469e+01
4.625035724492712319e+01,3.340715450114585394e+01
4.627036296084595790e+01,3.303392511302001822e+01
4.629036867676479261e+01,3.139512684715234414e+01
4.631037439268362732e+01,2.971514908840167379e+01
4.633038010860246203e+01,2.879801280537071406e+01
4.635038582452129674e+01,2.785421303391235881e+01
4.637039154044012434e+01,2.819333679789129832e+01
4.639039725635895905e+01,2.763258851099588398e+01
4.641040297227779376e+01,2.538424698646207034e+01
4.643040868819662847e+01,2.501906910649037030e+01
4.645041440411546319e+01,2.473503516361782317e+01
4.647042012003429790e+01,2.338980084086900391e+01
4.649042583595313261e+01,2.293868903930410141e+01
4.651043155187196732e+01,2.204404852684524130e+01
4.653043726779080203e+01,2.231064019180463021e+01
4.655044298370963674e+01,2.216330160725405563e+01
4.657044869962846434e+01,2.044063215877148920e+01
4.659045441554729905e+01,2.105042581472612895e+01
4.661046013146613376e+01,2.034264782749130518e+01
4.663046584738496847e+01,2.035018939836795226e+01
4.665047156330380318e+01,1.913935981354747184e+01
4.667047727922263789e+01,1.893868828605978294e+01
4.669048299514147260e+01,1.892621713928420846e+01
4.671048871106030731e+01,1.815560135821618815e+01
4.673049442697914202e+01,1.874278945873389901e+01
4.675050014289796962e+01,1.799429243961442992e+01
4.677050585881680433e+01,1.867408681087502842e+01
4.679051157473563904e+01,1.745472861292697431e+01
4.681051729065447375e+01,1.799579290458645531e+01
4.683052300657330846e+01,1.683639409249775198e+01
4.685052872249214317e+01,1.814718816331628659e+01
4.687053443841097788e+01,1.751828602698551052e+01
4.689054015432981259e+01,1.798322270644972676e+01
4.691054587024864730e+01,1.770305418796908725e+01
4.693055158616748201e+01,1.708800403010826585e+01
4.695055730208630962e+01,1.664706551933342027e+01
4.697056301800514433e+01,1.663689233503226816e+01
4.699056873392397904e+01,1.667101373622459448e+01
4.701057444984281375e+01,1.667494894993915722e+01
4.703058016576164846e+01,1.634241601260598742e+01
4.705058588168048317e+01,1.501972236476202305e+01
4.707059159759931788e+01,1.548862753596616493e+01
4.709059731351815259e+01,1.517545837724567370e+01
4.711060302943698730e+01,1.517631324935830861e+01
4.713060874535581490e+01,1.408389984366811376e+01
4.715061446127464961e+01,1.414401673801986803e+01
4.717062017719348432e+01,1.378857235328722552e+01
4.719062589311231903e+01,1.357565775673712949e+01
4.721063160903115374e+01,1.313727492659420193e+01
4.723063732494998845e+01,1.194377313232184257e+01
4.725064304086882316e+01,1.211895208943424862e+01
4.727064875678765787e+01,1.266906031114310593e+01
4.729065447270649258e+01,1.155585207724068120e+01
4.731066018862532019e+01,1.213695559484157727e+01
4.733066590454415490e+01,1.048813269121015423e+01
4.735067162046298961e+01,1.163363134036205082e+01
4.737067733638182432e+01,1.021945891589655453e+01
4.739068305230065903e+01,1.086149821743743260e+01
4.741068876821949374e+01,1.130986306868724256e+01
4.743069448413832845e+01,1.048659103164562545e+01
4.745070020005716316e+01,1.029223960513641067e+01
4.747070591597599787e+01,9.905477569483188915e+00
4.749071163189483258e+01,1.055847134650749553e+01
4.751071734781366018e+01,9.392149340164193561e+00
4.753072306373249489e+01,1.060627632478241900e+01
4.755072877965132960e+01,1.054684594459912539e+01
4.757073449557016431e+01,1.050746700984991122e+01
4.759074021148899902e+01,8.708476000517228144e+00
4.761074592740783373e+01,1.029633433511311225e+01
4.763075164332666844e+01,9.502775669838777972e+00
4.765075735924550315e+01,8.710750033292267602e+00
4.767076307516433786e+01,9.176894527289574555e+00
4.769076879108316547e+01,8.794316662404272122e+00
4.771077450700200018e+01,1.001391149490842913e+01
4.773078022292083489e+01,9.473550584590752166e+00
4.775078593883966960e+01,8.228594386590925680e+00
4.777079165475850431e+01,9.616898603592158423e+00
4.779079737067733902e+01,9.724502562985685827e+00
4.781080308659617373e+01,8.651147491198203809e+00
4.783080880251500844e+01,9.590827376108745028e+00
4.785081451843384315e+01,9.110702522950889559e+00
4.787082023435267075e+01,9.690492395456695718e+00
4.789082595027150546e+01,8.052842273244417370e+00
4.791083166619034017e+01,9.638971219107217436e+00
4.793083738210917488e+01,9.086819988006913817e+00
4.795084309802800959e+01,9.603496449015187508e+00
4.797084881394684430e+01,8.702097260888333352e+00
4.799085452986567901e+01,8.218941963733769285e+00
4.801086024578451372e+01,9.374128094863120708e+00
4.803086596170334843e+01,8.425023763834532886e+00
4.805087167762218314e+01,8.143180320330237976e+00
4.807087739354101075e+01,9.034914934667817477e+00
4.809088310945984546e+01,8.441206693897358448e+00
4.811088882537868017e+01,8.357061255419168333e+00
4.813089454129751488e+01,8.896697213346156374e+00
4.815090025721634959e+01,9.647834447687369419e+00
4.817090597313518430e+01,7.849041548958970438e+00
4.819091168905401901e+01,7.882718517272323311e+00
4.821091740497285372e+01,9.779147630302821526e+00
4.823092312089168843e+01,9.162536877000443170e+00
4.825092883681051603e+01,9.140581108038643876e+00
4.827093455272935074e+01,9.856251835154917984e+00
4.829094026864818545e+01,1.000579455300256981e+01
4.831094598456702016e+01,8.314216922470533788e+00
4.833095170048585487e+01,8.742004165765631996e+00
4.835095741640468958e+01,1.014504617755132188e+01
4.837096313232352429e+01,9.794097272534726173e+00
4.839096884824235900e+01,1.004962157782183674e+01
4.841097456416119371e+01,1.023997205449655645e+01
4.843098028008002842e+01,1.067821564683853985e+01
4.845098599599885603e+01,1.001312193575219389e+01
4.847099171191769074e+01,9.758843763415663730e+00
4.849099742783652545e+01,9.912907202337548185e+00
4.851100314375536016e+01,9.888050389531635176e+00
4.853100885967419487e+01,1.049311471752508496e+01
4.855101457559302958e+01,1.033607968927600140e+01
4.857102029151186429e+01,1.152150698986989497e+01
4.859102600743069900e+01,1.179177426145495389e+01
4.861103172334953371e+01,1.226301971532218715e+01
4.863103743926836131e+01,1.175138638053170581e+01
4.865104315518719602e+01,1.231927241922646310e+01
4.867104887110603073e+01,1.277768400864929710e+01
4.869105458702486544e+01,1.258528627289770085e+01
4.871106030294370015e+01,1.196201382225689613e+01
4.873106601886253486e+01,1.348605077840885968e+01
4.875107173478136957e+01,1.204609845502317356e+01
4.877107745070020428e+01,1.234561139993470391e+01
4.879108316661903899e+01,1.387874025830260649e+01
4.881108888253786660e+01,1.282732949338245199e+01
4.883109459845670131e+01,1.386973509435173035e+01
4.885110031437553602e+01,1.277879468668856688e+01
4.887110603029437073e+01,1.407600294426860721e+01
4.889111174621320544e+01,1.454453162360535501e+01
4.891111746213204015e+01,1.407922992141401686e+01
4.893112317805087486e+01,1.360969365079573201e+01
4.895112889396970957e+01,1.276590490950737333e+01
4.897113460988854428e+01,1.283142997451833800e+01
4.899114032580737899e+01,1.368576294394541470e+01
4.901114604172620659e+01,1.331281577653428627e+01
4.903115175764504130e+01,1.412487872336087591e+01
4.905115747356387601e+01,1.266434774150859965e+01
4.907116318948271072e+01,1.243366338554513995e+01
4.909116890540154543e+01,1.292002886979256715e+01
4.911117462132038014e+01,1.259556118895322641e+01
4.913118033723921485e+01,1.227542302261434770e+01
4.915118605315804956e+01,1.269660666429146367e+01
4.917119176907688427e+01,1.320109146302607250e+01
4.919119748499571187e+01,1.308058457610462355e+01
4.921120320091454658e+01,1.237197214887199692e+01
4.923120891683338129e+01,1.329794405787903777e+01
4.925121463275221600e+01,1.192242184319420240e+01
4.927122034867105071e+01,1.245657143392591237e+01
4.929122606458988542e+01,1.205231799125222025e+01
4.931123178050872014e+01,1.243521119304779887e+01
4.933123749642755485e+01,1.202878165422279721e+01
4.935124321234638956e+01,1.168930630249850822e+01
4.937124892826522427e+01,1.166916493600984417e+01
4.939125464418405187e+01,1.308136080813750368e+01
4.941126036010288658e+01,1.141534159708566065e+01
4.943126607602172129e+01,1.164619714557497332e+01
4.945127179194055600e+01,1.323333907970668122e+01
4.947127750785939071e+01,1.212023509067566174e+01
4.949128322377822542e+01,1.257414283450888526e+01
4.951128893969706013e+01,1.294368576349272892e+01
4.953129465561589484e+01,1.250729062045542328e+01
4.955130037153472955e+01,1.213785289816790858e+01
4.957130608745355715e+01,1.252226435543170879e+01
4.959131180337239186e+01,1.187942071179280568e+01
4.961131751929122657e+01,1.279966887325009139e+01
4.963132323521006128e+01,1.291426117734503087e+01
4.965132895112889599e+01,1.229089820772723307e+01
4.967133466704773070e+01,1.291692087139870182e+01
4.969134038296656541e+01,1.260962601406060024e+01
4.971134609888540012e+01,1.228288874163390432e+01
4.973135181480423483e+01,1.326243434814965738e+01
4.975135753072306244e+01,1.324577540241621421e+01
4.977136324664189715e+01,1.325068664317830880e+01
4.979136896256073186e+01,1.335884428674587276e+01
4.981137467847956657e+01,1.346143996999259684e+01
4.983138039439840128e+01,1.395692043529758486e+01
4.985138611031723599e+01,1.345628772700434261e+01
4.987139182623607070e+01,1.439662298855451716e+01
4.989139754215490541e+01,1.507998154368101140e+01
4.991140325807374012e+01,1.572411455530170699e+01
4.993140897399257483e+01,1.544534097724507227e+01
4.995141468991140243e+01,1.539830025337996666e+01
4.997142040583023714e+01,1.542355938690370998e+01
4.999142612174907185e+01,1.564054552131539211e+01
5.001143183766790656e+01,1.444928173356481160e+01
5.003143755358674127e+01,1.542414786609995581e+01
5.005144326950557598e+01,1.609316724210455618e+01
5.007144898542441069e+01,1.540893432142526187e+01
5.009145470134324540e+01,1.554894169145017813e+01
5.011146041726208011e+01,1.589530712534696200e+01
5.013146613318090772e+01,1.420425506148207440e+01
5.015147184909974243e+01,1.451326903807261992e+01
5.017147756501857714e+01,1.404596890093782768e+01
5.019148328093741185e+01,1.554235220477171886e+01
5.021148899685624656e+01,1.410145911004994623e+01
5.023149471277508127e+01,1.484779889368625660e+01
5.025150042869391598e+01,1.370947831387283600e+01
5.027150614461275069e+01,1.299278881320179480e+01
5.029151186053158540e+01,1.337885323898631462e+01
5.031151757645042011e+01,1.397321195794627080e+01
5.033152329236924771e+01,1.365257401542137750e+01
5.035152900828808242e+01,1.194605637815792676e+01
5.037153472420691713e+01,1.206619436367514098e+01
5.039154044012575184e+01,1.189712759367126615e+01
5.041154615604458655e+01,1.222646538610027278e+01
5.043155187196342126e+01,1.118094647882416481e+01
5.045155758788225597e+01,1.080557334552017146e+01
5.047156330380109068e+01,1.065044181121942657e+01
5.049156901971992539e+01,1.162408772911576982e+01
5.051157473563875300e+01,1.141884626719096474e+01
5.053158045155758771e+01,9.721903987873742992e+00
5.055158616747642242e+01,9.491697431572408306e+00
5.057159188339525713e+01,1.025345324653813250e+01
5.059159759931409184e+01,1.048333890329847584e+01
5.061160331523292655e+01,1.001320024556227750e+01
5.063160903115176126e+01,8.721072460606663412e+00
5.065161474707059597e+01,9.274708999014235289e+00
5.067162046298943068e+01,1.007577821732346735e+01
5.069162617890825828e+01,9.261756907938266892e+00
5.071163189482709299e+01,9.597685552989938529e+00
5.073163761074592770e+01,8.662922779029919695e+00
5.075164332666476241e+01,9.106029505384514167e+00
5.077164904258359712e+01,7.963581563404334318e+00
5.079165475850243183e+01,9.224823412778858867e+00
5.081166047442126654e+01,8.307767922525933102e+00
5.083166619034010125e+01,8.699468991514532235e+00
5.085167190625893596e+01,8.718045735930097351e+00
5.087167762217777067e+01,9.251575993722811475e+00
5.089168333809659828e+01,8.497230240950790048e+00
5.091168905401543299e+01,7.991566818126631944e+00
5.093169476993426770e+01,8.261629805702044749e+00
5.095170048585310241e+01,8.221910142500524543e+00
5.097170620177193712e+01,9.267911044862330527e+00
5.099171191769077183e+01,7.511980420517970991e+00
5.101171763360960654e+01,7.595128890097675445e+00
5.103172334952844125e+01,8.020302943132550766e+00
5.105172906544727596e+01,8.163781125882263012e+00
5.107173478136610356e+01,9.051296563884282165e+00
5.109174049728493827e+01,8.604903940117891281e+00
5.111174621320377298e+01,7.976562195848089232e+00
5.113175192912260769e+01,8.573537770127908075e+00
5.115175764504144240e+01,8.275125755881607148e+00
5.117176336096027711e+01,8.470653229924007377e+00
5.119176907687911182e+01,8.462031002898216414e+00
5.121177479279794653e+01,8.745103468376242972e+00
5.123178050871678124e+01,8.579105231331231707e+00
5.125178622463561595e+01,9.254890664980690573e+00
5.127179194055444356e+01,8.276813079380191951e+00
5.129179765647327827e+01,8.340871758951141857e+00
5.131180337239211298e+01,9.694751249440615837e+00
5.133180908831094769e+01,9.361721904177191078e+00
5.135181480422978240e+01,8.067259210103108202e+00
5.137182052014861711e+01,9.648320322868698895e+00
5.139182623606745182e+01,9.433301459706850522e+00
5.141183195198628653e+01,8.964955270021084388e+00
5.143183766790512124e+01,9.981505032232503183e+00
5.145184338382394884e+01,9.732644918747439533e+00
5.147184909974278355e+01,8.974351475603985051e+00
5.149185481566161826e+01,8.625562458121477150e+00
5.151186053158045297e+01,8.859540922042633326e+00
5.153186624749928768e+01,1.030181607760470719e+01
5.155187196341812239e+01,8.955919120031628822e+00
5.157187767933695710e+01,9.646277281569135553e+00
5.159188339525579181e+01,1.057591124564766361e+01
5.161188911117462652e+01,9.524044356105104470e+00
5.163189482709345413e+01,9.667018550331702542e+00
5.165190054301228884e+01,1.078595134800476885e+01
5.167190625893112355e+01,9.748215092431914641e+00
5.169191197484995826e+01,1.077718402917063045e+01
5.171191769076879297e+01,1.091309123117649449e+01
5.173192340668762768e+01,1.056049621969182262e+01
5.175192912260646239e+01,9.905384527472637757e+00
5.177193483852529710e+01,1.017621312042252590e+01
5.179194055444413181e+01,1.114306430788941604e+01
5.181194627036296652e+01,1.157075505433028262e+01
5.183195198628179412e+01,1.208674825244399287e+01
5.185195770220062883e+01,1.100818762596990119e+01
5.187196341811946354e+01,1.222604762645570808e+01
5.189196913403829825e+01,1.231725719980343570e+01
5.191197484995713296e+01,1.222823183468238106e+01
5.193198056587596767e+01,1.192034857287798033e+01
5.195198628179480238e+01,1.277965848993130926e+01
5.197199199771363709e+01,1.288008002189527801e+01
5.199199771363247180e+01,1.283113604452825562e+01
5.201200342955129940e+01,1.283025290378912153e+01
5.203200914547013411e+01,1.279586709628250496e+01
5.205201486138896882e+01,1.407203994774572386e+01
5.207202057730780353e+01,1.455575096060498730e+01
5.209202629322663824e+01,1.453841145613685981e+01
5.211203200914547295e+01,1.419187953710708072e+01
5.213203772506430766e+01,1.316258866392972671e+01
5.215204344098314237e+01,1.451461278138595112e+01
5.217204915690197708e+01,1.426853993011578403e+01
5.219205487282081180e+01,1.411214449419014016e+01
5.221206058873963940e+01,1.525786340509650962e+01
5.223206630465847411e+01,1.387084596645392764e+01
5.225207202057730882e+01,1.403801270718945560e+01
5.227207773649614353e+01,1.441579973039400464e+01
5.229208345241497824e+01,1.492957633937680484e+01
5.231208916833381295e+01,1.488009971737292680e+01
5.233209488425264766e+01,1.434214394993473363e+01
5.235210060017148237e+01,1.540281257812167226e+01
5.237210631609031708e+01,1.488900531115442583e+01
5.239211203200914468e+01,1.405556671194291063e+01
5.241211774792797939e+01,1.487430431989030311e+01
5.243212346384681410e+01,1.480190960767015085e+01
5.245212917976564881e+01,1.493986272638858281e+01
5.247213489568448352e+01,1.383842115652675453e+01
5.249214061160331823e+01,1.381897423019249160e+01
5.251214632752215294e+01,1.445100495129362983e+01
5.253215204344098765e+01,1.354367321090496112e+01
5.255215775935982236e+01,1.459152472427816249e+01
5.257216347527864997e+01,1.448117877716916979e+01
5.259216919119748468e+01,1.491765102263374665e+01
5.261217490711631939e+01,1.386430630096781513e+01
5.263218062303515410e+01,1.458668487717593010e+01
5.265218633895398881e+01,1.436255543654533007e+01
5.267219205487282352e+01,1.430179860456143537e+01
5.269219777079165823e+01,1.404186352140209415e+01
5.271220348671049294e+01,1.250503234999684743e+01
5.273220920262932765e+01,1.299149157758810524e+01
5.275221491854816236e+01,1.232451188107189211e+01
5.277222063446698996e+01,1.303251531856256129e+01
5.279222635038582467e+01,1.348398045318334404e+01
5.281223206630465938e+01,1.337638519101052026e+01
5.283223778222349409e+01,1.338582156031571557e+01
5.285224349814232880e+01,1.346650069172082986e+01
5.287224921406116351e+01,1.352094806940270999e+01
5.289225492997999822e+01,1.179222710149239184e+01
5.291226064589883293e+01,1.307033916205871549e+01
5.293226636181766764e+01,1.188303497398683461e+01
5.295227207773649525e+01,1.300727288060959985e+01
5.297227779365532996e+01,1.165705643091891730e+01
5.299228350957416467e+01,1.171976891898614603e+01
5.301228922549299938e+01,1.266530932621759931e+01
5.303229494141183409e+01,1.126494683141508446e+01
5.305230065733066880e+01,1.132984256584450655e+01
5.307230637324950351e+01,1.279684272635714137e+01
5.309231208916833822e+01,1.140880327338006062e+01
5.311231780508717293e+01,1.274846922015402839e+01
5.313232352100600764e+01,1.214940171610942699e+01
5.315232923692483524e+01,1.212591127978144279e+01
5.317233495284366995e+01,1.235932044721815970e+01
5.319234066876250466e+01,1.128033617484967799e+01
5.321234638468133937e+01,1.113825010963360462e+01
5.323235210060017408e+01,1.143775486560690524e+01
5.325235781651900879e+01,1.207558556820086615e+01
5.327236353243784350e+01,1.099714511247363546e+01
5.329236924835667821e+01,1.241034926026274121e+01
5.331237496427551292e+01,1.066647523278312981e+01
5.333238068019434053e+01,1.052758838398946217e+01
5.335238639611317524e+01,1.041947808304221645e+01
5.337239211203200995e+01,1.109586414008705546e+01
5.339239782795084466e+01,1.134460719326736111e+01
5.341240354386967937e+01,1.099094680910187627e+01
5.343240925978851408e+01,1.031405148341885969e+01
5.345241497570734879e+01,1.099523243979242437e+01
5.347242069162618350e+01,1.085033307483616483e+01
5.349242640754501821e+01,1.042882924195242467e+01
5.351243212346384581e+01,1.169870895203266414e+01
5.353243783938268052e+01,1.150905004274824428e+01
5.355244355530151523e+01,1.157752826371974564e+01
5.357244927122034994e+01,1.034095410803282533e+01
5.359245498713918465e+01,1.011124717467838963e+01
5.361246070305801936e+01,1.084274870716406447e+01
5.363246641897685407e+01,1.130950646364894396e+01
5.365247213489568878e+01,1.078989199115313191e+01
5.367247785081452349e+01,1.188724614432791782e+01
5.369248356673335820e+01,1.187287439748993734e+01
5.371248928265218581e+01,1.185888308121838541e+01
5.373249499857102052e+01,1.151537728645727476e+01
5.375250071448985523e+01,1.184605285295387134e+01
5.377250643040868994e+01,1.169285398903083184e+01
5.379251214632752465e+01,1.188079525944690751e+01
5.381251786224635936e+01,1.250783009830403003e+01
5.383252357816519407e+01,1.165787244929055966e+01
5.385252929408402878e+01,1.174341256615405982e+01
5.387253501000286349e+01,1.288508350377378697e+01
5.389254072592169109e+01,1.307389777703553868e+01
5.391254644184052580e+01,1.333255266790855487e+01
5.393255215775936051e+01,1.292073136125764954e+01
5.395255787367819522e+01,1.305597044679045560e+01
5.397256358959702993e+01,1.493156489439478563e+01
5.399256930551586464e+01,1.396584085295708455e+01
5.401257502143469935e+01,1.572357096413641919e+01
5.403258073735353406e+01,1.497964802047768273e+01
5.405258645327236877e+01,1.621365486216037866e+01
5.407259216919120348e+01,1.593984054230497627e+01
5.409259788511003109e+01,1.760218741953633881e+01
5.411260360102886580e+01,1.757993066412161198e+01
5.413260931694770051e+01,1.782687870238297023e+01
5.415261503286653522e+01,1.876656916620817128e+01
5.417262074878536993e+01,1.883757132933542877e+01
5.419262646470420464e+01,2.008364679210593096e+01
5.421263218062303935e+01,2.134121938853353839e+01
5.423263789654187406e+01,2.101141924782659842e+01
5.425264361246070877e+01,2.127757152007565367e+01
5.427264932837953637e+01,2.163993567649549377e+01
5.429265504429837108e+01,2.381672067675936333e+01
5.431266076021720579e+01,2.455002833486610569e+01
5.433266647613604050e+01,2.440004047402122112e+01
5.435267219205487521e+01,2.576696185095392622e+01
5.437267790797370992e+01,2.636964810018266192e+01
5.439268362389254463e+01,2.751544774041806818e+01
5.441268933981137934e+01,2.711403993294576509e+01
5.443269505573021405e+01,2.791492380837738452e+01
5.445270077164904166e+01,2.994579708461272816e+01
5.447270648756787637e+01,3.094570674995942383e+01
5.449271220348671108e+01,3.157473505906326494e+01
5.451271791940554579e+01,3.190373255015086329e+01
5.453272363532438050e+01,3.131662586946755766e+01
5.455272935124321521e+01,3.233763136428854068e+01
5.457273506716204992e+01,3.209594967498523488e+01
5.459274078308088463e+01,3.262472966944472574e+01
5.461274649899971934e+01,3.363367081531859526e+01
5.463275221491855405e+01,3.436867054468185501e+01
5.465275793083738165e+01,3.415851710820709286e+01
5.467276364675621636e+01,3.515717124422485540e+01
5.469276936267505107e+01,3.459195000429964040e+01
5.471277507859388578e+01,3.516287113502737327e+01
5.473278079451272049e+01,3.448673726491373515e+01
5.475278651043155520e+01,3.485508445029451252e+01
5.477279222635038991e+01,3.493784303900984867e+01
5.479279794226922462e+01,3.456585559468565094e+01
5.481280365818805933e+01,3.486452632609722713e+01
5.483280937410688693e+01,3.455495777347528730e+01
5.485281509002572164e+01,3.434112379287289230e+01
5.487282080594455635e+01,3.347360483848076740e+01
5.489282652186339106e+01,3.369951026425854224e+01
5.491283223778222577e+01,3.350696036539518730e+01
5.493283795370106048e+01,3.304177060824954282e+01
5.495284366961989519e+01,3.156494509809086324e+01
5.497284938553872990e+01,3.207241493596300330e+01
5.499285510145756461e+01,3.211804177943690064e+01
5.501286081737639222e+01,2.999512404372902452e+01
5.503286653329522693e+01,3.105994688605433041e+01
5.505287224921406164e+01,2.929448453308352995e+01
5.507287796513289635e+01,2.970729630730322768e+01
5.509288368105173106e+01,2.832474629292339330e+01
5.511288939697056577e+01,2.828498668908753189e+01
5.513289511288940048e+01,2.823739344246330063e+01
5.515290082880823519e+01,2.626887734017259390e+01
5.517290654472706990e+01,2.649626733008669177e+01
5.519291226064590461e+01,2.495776955627421145e+01
5.521291797656473221e+01,2.469787718534824350e+01
5.523292369248356692e+01,2.408494207554934619e+01
5.525292940840240163e+01,2.355701711962706213e+01
5.527293512432123634e+01,2.322049386041638996e+01
5.529294084024007105e+01,2.371629409725196780e+01
5.531294655615890576e+01,2.257235928520944768e+01
5.533295227207774047e+01,2.228486863760349479e+01
5.535295798799657518e+01,2.283470112544916475e+01
5.537296370391540989e+01,2.151283073577234362e+01
5.539296941983423750e+01,2.094866703333529045e+01
5.541297513575307221e+01,2.164215616650777818e+01
5.543298085167190692e+01,2.015731246028164136e+01
5.545298656759074163e+01,2.110744625928322549e+01
5.547299228350957634e+01,2.042878092153731018e+01
5.549299799942841105e+01,1.977451972900001920e+01
5.551300371534724576e+01,1.905931907290274907e+01
5.553300943126608047e+01,2.028389490915117932e+01
5.555301514718491518e+01,1.922360533455341525e+01
5.557302086310374989e+01,1.982825914427545300e+01
5.559302657902257749e+01,1.839516924895543681e+01
5.561303229494141220e+01,1.789890749308000295e+01
5.563303801086024691e+01,1.866459777943190090e+01
5.565304372677908162e+01,1.897013624109307273e+01
5.567304944269791633e+01,1.909231362395862774e+01
5.569305515861675104e+01,1.767864978494506900e+01
5.571306087453558575e+01,1.817416483122431714e+01
5.573306659045442046e+01,1.759843141614410555e+01
5.575307230637325517e+01,1.843078733407593361e+01
5.577307802229208278e+01,1.855883813050317954e+01
5.579308373821091749e+01,1.914641155805060180e+01
5.581308945412975220e+01,1.865933761917305489e+01
5.583309517004858691e+01,1.920673655231789922e+01
5.585310088596742162e+01,1.755637955404665007e+01
5.587310660188625633e+01,1.857321039449434608e+01
5.589311231780509104e+01,1.864456897860095808e+01
5.591311803372392575e+01,1.755778262759198682e+01
5.593312374964276046e+01,1.833282546408121050e+01
5.595312946556158806e+01,1.709962829893055059e+01
5.597313518148042277e+01,1.857868759431431371e+01
5.599314089739925748e+01,1.753702787332145974e+01
5.601314661331809219e+01,1.837666045604578713e+01
5.603315232923692690e+01,1.845097528601210612e+01
5.605315804515576161e+01,1.708353707067158211e+01
5.607316376107459632e+01,1.733050331851922010e+01
5.609316947699343103e+01,1.793454005675057772e+01
5.611317519291226574e+01,1.820607301531775235e+01
5.613318090883110045e+01,1.695589807307495533e+01
5.615318662474992806e+01,1.666008763879894872e+01
5.617319234066876277e+01,1.648093460549997147e+01
5.619319805658759748e+01,1.669732415571359851e+01
5.621320377250643219e+01,1.702778392432809085e+01
5.623320948842526690e+01,1.757360149578130759e+01
5.625321520434410161e+01,1.678284721128953905e+01
5.627322092026293632e+01,1.789341342165409188e+01
5.629322663618177103e+01,1.693643065749927601e+01
5.631323235210060574e+01,1.756191978150719279e+01
5.633323806801943334e+01,1.772422224854722117e+01
5.635324378393826805e+01,1.802832926086634302e+01
5.637324949985710276e+01,1.836054471353070028e+01
5.639325521577593747e+01,1.676375935821880248e+01
5.641326093169477218e+01,1.748426664400367869e+01
5.643326664761360689e+01,1.904018617338343233e+01
5.645327236353244160e+01,1.797259807098418705e+01
5.647327807945127631e+01,1.838231423313898460e+01
5.649328379537011102e+01,1.875791556598285226e+01
5.651328951128894573e+01,1.871619613429381346e+01
5.653329522720777334e+01,1.949416656132021686e+01
5.655330094312660805e+01,1.958374996434009674e+01
5.657330665904544276e+01,2.105962734849063267e+01
5.659331237496427747e+01,2.145058158181651820e+01
5.661331809088311218e+01,2.194863824727939416e+01
5.663332380680194689e+01,2.181650455614754591e+01
5.665332952272078160e+01,2.154409765930119391e+01
5.667333523863961631e+01,2.288044379271908113e+01
5.669334095455845102e+01,2.305169228682423110e+01
5.671334667047727862e+01,2.448887827495953573e+01
5.673335238639611333e+01,2.471331082847117244e+01
5.675335810231494804e+01,2.488200385170656048e+01
5.677336381823378275e+01,2.428852109647832691e+01
5.679336953415261746e+01,2.475195808758317995e+01
5.681337525007145217e+01,2.508424433831580558e+01
5.683338096599028688e+01,2.541367743567574422e+01
5.685338668190912159e+01,2.667893544240578407e+01
5.687339239782795630e+01,2.679520679197696964e+01
5.689339811374678391e+01,2.729699497020328991e+01
5.691340382966561862e+01,2.786429480637609046e+01
5.693340954558445333e+01,2.744258923921911730e+01
5.695341526150328804e+01,2.768522846926346759e+01
5.697342097742212275e+01,2.868534370244674037e+01
5.699342669334095746e+01,2.765286399447005650e+01
5.701343240925979217e+01,2.944001181580228632e+01
5.703343812517862688e+01,2.778326609891896837e+01
5.705344384109746159e+01,2.934664023570623925e+01
5.707344955701629630e+01,2.852164520094807187e+01
5.709345527293512390e+01,2.828254670377970825e+01
5.711346098885395861e+01,2.928270616908915258e+01
5.713346670477279332e+01,2.961507137564171188e+01
5.715347242069162803e+01,2.871472267686063162e+01
5.717347813661046274e+01,2.956598075358674649e+01
5.719348385252929745e+01,2.891678577021825802e+01
5.721348956844813216e+01,2.881507657272835843e+01
5.723349528436696687e+01,2.874150402752096056e+01
5.725350100028580158e+01,2.963804064532155991e+01
5.727350671620462919e+01,2.999486137922469453e+01
5.729351243212346390e+01,2.914154679397955761e+01
5.731351814804229861e+01,2.999862873549956177e+01
5.733352386396113332e+01,3.057404191963970064e+01
5.735352957987996803e+01,3.001999419041888473e+01
5.737353529579880274e+01,3.076256083662325125e+01
5.739354101171763745e+01,2.991446661334857282e+01
5.741354672763647216e+01,2.967828315601314770e+01
5.743355244355530687e+01,2.995185614407690622e+01
5.745355815947414158e+01,2.879852949943807872e+01
5.747356387539296918e+01,3.018696839383120079e+01
5.749356959131180389e+01,2.999667885066717332e+01
5.751357530723063860e+01,2.868814421840957607e+01
5.753358102314947331e+01,2.922714033214927909e+01
5.755358673906830802e+01,2.939345019563053185e+01
5.757359245498714273e+01,2.868614286685419046e+01
5.759359817090597744e+01,2.792246391773137404e+01
5.761360388682481215e+01,2.670293364281778636e+01
5.763360960274364686e+01,2.752768996158842185e+01
5.765361531866247446e+01,2.606544264176164560e+01
5.767362103458130917e+01,2.639644013218315521e+01
5.769362675050014388e+01,2.581907833197475810e+01
5.771363246641897859e+01,2.468034384520044711e+01
5.773363818233781330e+01,2.427045187858450959e+01
5.775364389825664801e+01,2.414452834722392183e+01
5.777364961417548272e+01,2.342707781443591841e+01
5.779365533009431743e+01,2.480810013466973274e+01
5.781366104601315214e+01,2.333108280923653766e+01
5.783366676193197975e+01,2.295697740504140683e+01
5.785367247785081446e+01,2.236875210268367553e+01
5.787367819376964917e+01,2.205869667815382229e+01
5.789368390968848388e+01,2.199188998655972682e+01
5.791368962560731859e+01,2.149367926305513166e+01
5.793369534152615330e+01,2.198463870892077310e+01
5.795370105744498801e+01,2.072433062436677886e+01
5.797370677336382272e+01,2.185022872021790619e+01
5.799371248928265743e+01,2.121412575675408263e+01
5.801371820520149214e+01,2.054735835009304878e+01
5.803372392112031974e+01,1.970543925769073113e+01
5.805372963703915445e+01,2.057363056675827551e+01
5.807373535295798916e+01,1.944012899687743356e+01
5.809374106887682387e+01,2.000204029687465024e+01
5.811374678479565858e+01,1.937283539520605302e+01
5.813375250071449329e+01,1.962098795308491361e+01
5.815375821663332800e+01,1.936749811088329665e+01
5.817376393255216271e+01,1.782281723884878133e+01
5.819376964847099742e+01,1.916792819393334923e+01
5.821377536438982503e+01,1.752623951391225177e+01
5.823378108030865974e+01,1.849321402581198370e+01
5.825378679622749445e+01,1.822025376849411415e+01
5.827379251214632916e+01,1.693778993595641325e+01
5.829379822806516387e+01,1.660818756897770498e+01
5.831380394398399858e+01,1.721567018090039980e+01
5.833380965990283329e+01,1.675955765518835960e+01
5.835381537582166800e+01,1.584244479363154845e+01
5.837382109174050271e+01,1.444460170332074789e+01
5.839382680765933742e+01,1.527876355524593599e+01
5.841383252357816502e+01,1.565641178018148594e+01
5.843383823949699973e+01,1.375586494235704471e+01
5.845384395541583444e+01,1.400661394471614685e+01
5.847384967133466915e+01,1.479963102122962582e+01
5.849385538725350386e+01,1.399959240508039393e+01
5.851386110317233857e+01,1.292211056097219313e+01
5.853386681909117328e+01,1.398784438951665621e+01
5.855387253501000799e+01,1.258554457544324023e+01
5.857387825092884270e+01,1.281128681362816657e+01
5.859388396684767031e+01,1.244228804444018799e+01
5.861388968276650502e+01,1.219105719748490380e+01
5.863389539868533973e+01,1.329536735461326202e+01
5.865390111460417444e+01,1.144953765965126458e+01
5.867390683052300915e+01,1.136022126879014138e+01
5.869391254644184386e+01,1.203763636642407420e+01
5.871391826236067857e+01,1.197583017391521309e+01
5.873392397827951328e+01,1.154379171717109820e+01
5.875392969419834799e+01,1.157955326112544014e+01
5.877393541011717559e+01,1.137179532340121746e+01
5.879394112603601030e+01,1.151419611041850111e+01
5.881394684195484501e+01,1.325621509000094989e+01
5.883395255787367972e+01,1.173881188651571605e+01
5.885395827379251443e+01,1.302814721193996306e+01
5.887396398971134914e+01,1.339825322115584250e+01
5.889396970563018385e+01,1.232245486331071049e+01
5.891397542154901856e+01,1.258063988773388964e+01
5.893398113746785327e+01,1.219886890380437627e+01
5.895398685338668798e+01,1.410512314952210389e+01
5.897399256930551559e+01,1.294911197209017395e+01
5.899399828522435030e+01,1.380038178408799965e+01
5.901400400114318501e+01,1.490314566582873113e+01
5.903400971706201972e+01,1.364450941433908149e+01
5.905401543298085443e+01,1.525791244222785004e+01
5.907402114889968914e+01,1.496618775436038362e+01
5.909402686481852385e+01,1.468818427820741590e+01
5.911403258073735856e+01,1.462034476863607324e+01
5.913403829665619327e+01,1.590743773251916160e+01
5.915404401257502087e+01,1.544574532025436220e+01
5.917404972849385558e+01,1.541233637941370205e+01
5.919405544441269029e+01,1.639627189766779125e+01
5.921406116033152500e+01,1.667948723029329727e+01
5.923406687625035971e+01,1.712843129379283624e+01
5.925407259216919442e+01,1.585945760481481948e+01
5.927407830808802913e+01,1.665732663277423242e+01
5.929408402400686384e+01,1.781435114210138337e+01
5.931408973992569855e+01,1.617151883580135063e+01
5.933409545584453326e+01,1.659319916199933687e+01
5.935410117176336087e+01,1.713697837522748912e+01
5.937410688768219558e+01,1.813087831476150669e+01
5.939411260360103029e+01,1.673186009684637909e+01
5.941411831951986500e+01,1.751069204148786440e+01
5.943412403543869971e+01,1.648016061647827968e+01
5.945412975135753442e+01,1.671283285305658595e+01
5.947413546727636913e+01,1.730716614929045605e+01
5.949414118319520384e+01,1.723668220510334592e+01
5.951414689911403855e+01,1.749782973682392040e+01
5.953415261503286615e+01,1.562344849473203112e+01
5.955415833095170086e+01,1.670546235675231728e+01
5.957416404687053557e+01,1.600768585698506996e+01
5.959416976278937028e+01,1.663168107652632699e+01
5.961417547870820499e+01,1.628505542528790784e+01
5.963418119462703970e+01,1.485087768228487093e+01
5.965418691054587441e+01,1.621868546362109598e+01
5.967419262646470912e+01,1.569360184070063191e+01
5.969419834238354383e+01,1.531210547515976650e+01
5.971420405830237144e+01,1.416949384341717177e+01
5.973420977422120615e+01,1.536442395513339676e+01
5.975421549014004086e+01,1.409865025190227783e+01
5.977422120605887557e+01,1.366195307572555073e+01
5.979422692197771028e+01,1.414049124970285831e+01
5.981423263789654499e+01,1.320773537206454584e+01
5.983423835381537970e+01,1.339670391775715963e+01
5.985424406973421441e+01,1.402531061640407550e+01
5.987424978565304912e+01,1.471499992795586742e+01
5.989425550157188383e+01,1.425896754646794307e+01
5.991426121749071143e+01,1.280037226460796695e+01
5.993426693340954614e+01,1.358157794924327888e+01
5.995427264932838085e+01,1.411191671641950229e+01
5.997427836524721556e+01,1.297315993670886058e+01
5.999428408116605027e+01,1.426467282410845705e+01
6.001428979708488498e+01,1.374386856784041377e+01
6.003429551300371969e+01,1.400416205957315618e+01
6.005430122892255440e+01,1.410242127798062661e+01
6.007430694484138911e+01,1.427098863142491680e+01
6.009431266076021672e+01,1.560262055775410062e+01
6.011431837667905143e+01,1.578085606437860733e+01
6.013432409259788614e+01,1.491167729498312511e+01
6.015432980851672085e+01,1.644388639853341161e+01
6.017433552443555556e+01,1.642453879848927301e+01
6.019434124035439027e+01,1.676488425163614338e+01
6.021434695627322498e+01,1.665374458963627546e+01
6.023435267219205969e+01,1.606240069558127104e+01
6.025435838811089440e+01,1.652203546639717047e+01
6.027436410402972911e+01,1.647669785315802926e+01
6.029436981994855671e+01,1.723205317298724282e+01
6.031437553586739142e+01,1.844237087831141508e+01
6.033438125178622613e+01,1.714858502013325037e+01
6.035438696770506084e+01,1.897542210763635850e+01
6.037439268362389555e+01,1.753696977667590673e+01
6.039439839954273026e+01,1.810438462132126602e+01
6.041440411546156497e+01,1.854041175699993005e+01
6.043440983138039968e+01,1.945565830356288117e+01
6.045441554729923439e+01,1.906162327853747485e+01
6.047442126321806199e+01,1.813379552755145951e+01
6.049442697913689670e+01,1.923606170485685141e+01
6.051443269505573141e+01,1.895787263360385566e+01
6.053443841097456612e+01,1.921854778173667810e+01
6.055444412689340083e+01,1.924787195648285376e+01
6.057444984281223554e+01,1.822695817713856670e+01
6.059445555873107025e+01,1.842534796301816513e+01
6.061446127464990496e+01,1.979455501318315669e+01
6.063446699056873967e+01,1.899422832891170998e+01
6.065447270648756728e+01,1.840828793587257906e+01
6.067447842240640199e+01,1.776535536689018713e+01
6.069448413832523670e+01,1.821006448964285696e+01
6.071448985424407141e+01,1.951539617141506255e+01
6.073449557016290612e+01,1.773054380310943046e+01
6.075450128608174083e+01,1.841410149268827467e+01
6.077450700200057554e+01,1.917059224465397804e+01
6.079451271791941025e+01,1.767926852197079768e+01
6.081451843383824496e+01,1.744287650981291193e+01
6.083452414975707967e+01,1.830021050266067562e+01
6.085452986567590727e+01,1.814773871260921112e+01
6.087453558159474198e+01,1.875874946509797425e+01
6.089454129751357669e+01,1.857495275005011948e+01
6.091454701343241140e+01,1.865428701244304932e+01
6.093455272935124611e+01,1.798490946791918788e+01
6.095455844527008082e+01,1.918402808339027388e+01
6.097456416118891553e+01,1.847540989019185531e+01
6.099456987710775024e+01,1.937555442273112405e+01
6.101457559302658495e+01,1.914576058159608252e+01
6.103458130894541256e+01,1.808747228654569739e+01
6.105458702486424727e+01,1.766210890738479478e+01
6.107459274078308198e+01,1.820364917908067071e+01
6.109459845670191669e+01,1.922440763488881643e+01
6.111460417262075140e+01,1.877503037312437684e+01
6.113460988853958611e+01,1.807130638513918797e+01
6.115461560445842082e+01,1.880059829080810729e+01
6.117462132037725553e+01,1.808339097541950835e+01
6.119462703629609024e+01,1.733987891752023813e+01
6.121463275221492495e+01,1.774940735910215039e+01
6.123463846813375255e+01,1.742148201733479951e+01
6.125464418405258726e+01,1.758637351861473874e+01
6.127464989997142197e+01,1.822454240169974682e+01
6.129465561589025668e+01,1.801648860411198072e+01
6.131466133180909139e+01,1.712027719475071663e+01
6.133466704772792610e+01,1.662038525861910543e+01
6.135467276364676081e+01,1.793191324334909353e+01
6.137467847956559552e+01,1.672277487747451019e+01
6.139468419548443023e+01,1.782717317689559167e+01
6.141468991140325784e+01,1.641425855210479767e+01
6.143469562732209255e+01,1.745325992035257201e+01
6.145470134324092726e+01,1.702691695031662533e+01
6.147470705915976197e+01,1.735925679121349319e+01
6.149471277507859668e+01,1.599988855007313759e+01
6.151471849099743139e+01,1.608452762867861452e+01
6.153472420691626610e+01,1.586883814770534862e+01
6.155472992283510081e+01,1.688351912923714693e+01
6.157473563875393552e+01,1.542799344901888681e+01
6.159474135467276312e+01,1.632012786835981188e+01
6.161474707059159783e+01,1.692447058182208508e+01
6.163475278651043254e+01,1.551789782371169046e+01
6.165475850242926725e+01,1.537466731899776207e+01
6.167476421834810196e+01,1.555031328477619823e+01
6.169476993426693667e+01,1.587684810219906772e+01
6.171477565018577138e+01,1.452332543882760163e+01
6.173478136610460609e+01,1.530895716668646855e+01
6.175478708202344080e+01,1.512708739508574141e+01
6.177479279794227551e+01,1.426124366388451037e+01
6.179479851386110312e+01,1.393394611493138946e+01
6.181480422977993783e+01,1.471405166242595541e+01
6.183480994569877254e+01,1.422821277500586135e+01
6.185481566161760725e+01,1.392194652607561167e+01
6.187482137753644196e+01,1.423010803504744537e+01
6.189482709345527667e+01,1.394616532812348630e+01
6.191483280937411138e+01,1.373364879969716235e+01
6.193483852529294609e+01,1.351869215846887151e+01
6.195484424121178080e+01,1.455888464332227628e+01
6.197484995713060840e+01,1.323541476654397542e+01
6.199485567304944311e+01,1.405703218634249119e+01
6.201486138896827782e+01,1.446300174480349554e+01
6.203486710488711253e+01,1.319609673131469485e+01
6.205487282080594724e+01,1.298498771725251366e+01
6.207487853672478195e+01,1.416458390423060543e+01
6.209488425264361666e+01,1.355351038879124737e+01
6.211488996856245137e+01,1.405988612611573352e+01
6.213489568448128608e+01,1.338870439965874759e+01
6.215490140040011369e+01,1.332581518744328442e+01
6.217490711631894840e+01,1.359986634103186098e+01
6.219491283223778311e+01,1.335803134325582064e+01
6.221491854815661782e+01,1.387773942767451985e+01
6.223492426407545253e+01,1.463091969123449054e+01
6.225492997999428724e+01,1.351291727780034257e+01
6.227493569591312195e+01,1.402060236700280349e+01
6.229494141183195666e+01,1.380920858140361318e+01
6.231494712775079137e+01,1.364802707009633487e+01
6.233495284366962608e+01,1.330819168336364555e+01
6.235495855958845368e+01,1.454881410563558752e+01
6.237496427550728839e+01,1.356460249447011535e+01
6.239496999142612310e+01,1.498552474908617071e+01
6.241497570734495781e+01,1.357106223287604152e+01
6.243498142326379252e+01,1.349765024303732908e+01
6.245498713918262723e+01,1.347067190930726532e+01
6.247499285510146194e+01,1.482122090205750631e+01
6.249499857102029665e+01,1.382295275800943024e+01
6.251500428693913136e+01,1.380044147355320128e+01
6.253501000285795897e+01,1.391495665989967101e+01
6.255501571877679368e+01,1.309869396534175046e+01
6.257502143469562839e+01,1.382096873702619000e+01
6.259502715061446310e+01,1.413726412535123167e+01
6.261503286653329781e+01,1.269792853038508618e+01
6.263503858245213252e+01,1.367674809515460055e+01
6.265504429837096723e+01,1.423458756601930553e+01
6.267505001428980194e+01,1.244409819089698743e+01
6.269505573020863665e+01,1.335589596908112675e+01
6.271506144612747136e+01,1.383224817012794361e+01
6.273506716204629896e+01,1.299467505876313567e+01
6.275507287796513367e+01,1.295350848033405278e+01
6.277507859388396838e+01,1.241694931030095184e+01
6.279508430980280309e+01,1.272001532612891062e+01
6.281509002572163780e+01,1.359075665075962114e+01
6.283509574164047251e+01,1.256132507559281741e+01
6.285510145755930722e+01,1.336292530423768099e+01
6.287510717347814193e+01,1.280532863262459742e+01
6.289511288939697664e+01,1.208218745159715724e+01
6.291511860531580425e+01,1.240057373799160523e+01
6.293512432123463896e+01,1.184254518418535973e+01
6.295513003715347367e+01,1.206937683338072453e+01
6.297513575307230838e+01,1.113400275480764456e+01
6.299514146899114309e+01,1.172152193141087473e+01
6.301514718490997780e+01,1.274549439486379576e+01
6.303515290082881251e+01,1.201724618174516657e+01
6.305515861674764722e+01,1.141899001910797651e+01
6.307516433266648193e+01,1.168940903236395989e+01
6.309517004858530953e+01,1.225283142674498293e+01
6.311517576450414424e+01,1.232330227850490623e+01
6.313518148042297895e+01,1.122757821603011941e+01
6.315518719634181366e+01,1.089539527094109594e+01
6.317519291226064837e+01,1.208832687794095406e+01
6.319519862817948308e+01,1.144504177053185323e+01
6.321520434409831779e+01,1.124073646954860628e+01
6.323521006001715250e+01,1.200747492830794982e+01
6.325521577593598721e+01,1.282871569028319136e+01
6.327522149185482192e+01,1.216182878409454204e+01
6.329522720777364952e+01,1.219567343439883800e+01
6.331523292369248423e+01,1.169172832214879776e+01
6.333523863961131894e+01,1.202709748108566146e+01
6.335524435553015365e+01,1.268182983727882096e+01
6.337525007144898836e+01,1.172410100516733600e+01
6.339525578736782307e+01,1.356056562025318790e+01
6.341526150328665778e+01,1.220005626302487123e+01
6.343526721920549249e+01,1.379274156812405039e+01
6.345527293512432720e+01,1.309287190674320556e+01
6.347527865104315481e+01,1.294974012684887299e+01
6.349528436696198952e+01,1.435390042355510509e+01
6.351529008288082423e+01,1.364470691011344705e+01
6.353529579879965894e+01,1.515855948783804230e+01
6.355530151471849365e+01,1.415734447670886631e+01
6.357530723063732836e+01,1.517783304583680781e+01
6.359531294655616307e+01,1.473933743525547690e+01
6.361531866247499778e+01,1.572499908326681251e+01
6.363532437839383249e+01,1.592143779154677752e+01
6.365533009431266720e+01,1.568455165345879010e+01
6.367533581023149480e+01,1.684391168320501819e+01
6.369534152615032951e+01,1.702395802834657701e+01
6.371534724206916422e+01,1.748631383625833990e+01
6.373535295798799893e+01,1.804058173635885609e+01
6.375535867390683364e+01,1.797967910431970040e+01
6.377536438982566835e+01,1.863440730075400964e+01
6.379537010574450306e+01,1.884205160263530843e+01
6.381537582166333777e+01,1.857920489365238481e+01
6.383538153758217248e+01,1.927686567052603550e+01
6.385538725350100009e+01,1.902151951616434999e+01
6.387539296941983480e+01,1.942704423416894244e+01
6.389539868533866951e+01,2.028577075894067505e+01
6.391540440125750422e+01,1.928231668435347146e+01
6.393541011717633893e+01,1.988582750143157085e+01
6.395541583309517364e+01,1.955000578106737663e+01
6.397542154901400835e+01,1.953553517318310639e+01
6.399542726493284306e+01,2.055588374221220249e+01
6.401543298085167066e+01,2.055617090122856183e+01
6.403543869677051248e+01,2.179575036429933377e+01
6.405544441268934008e+01,2.107978659092676210e+01
6.407545012860816769e+01,2.018781068901929387e+01
6.409545584452700950e+01,2.116026344147829974e+01
6.411546156044585132e+01,2.101340857257389416e+01
6.413546727636467892e+01,2.172306588931119009e+01
6.415547299228350653e+01,2.193865625998398983e+01
6.417547870820234834e+01,2.230675665487141757e+01
6.419548442412119016e+01,2.234698972086065538e+01
6.421549014004001776e+01,2.273489522916840855e+01
6.423549585595884537e+01,2.231853876430869121e+01
6.425550157187768718e+01,2.165775065937338439e+01
6.427550728779651479e+01,2.164041762395265067e+01
6.429551300371534239e+01,2.225099136740898587e+01
6.431551871963418421e+01,2.372005697960065973e+01
6.433552443555302602e+01,2.240471394869950572e+01
6.435553015147185363e+01,2.277680209645572518e+01
6.437553586739068123e+01,2.304410892899770857e+01
6.439554158330952305e+01,2.386743748253676856e+01
6.441554729922835065e+01,2.453488593088777137e+01
6.443555301514717826e+01,2.399756888513994468e+01
6.445555873106602007e+01,2.397348463822818943e+01
6.447556444698486189e+01,2.320517938924801271e+01
6.449557016290368949e+01,2.486934286565618279e+01
6.451557587882251710e+01,2.423826157455470209e+01
6.453558159474135891e+01,2.486101558210395268e+01
6.455558731066020073e+01,2.374279375943400794e+01
6.457559302657902833e+01,2.307424255111037681e+01
6.459559874249785594e+01,2.330442112809854649e+01
6.461560445841669775e+01,2.445706121292798940e+01
6.463561017433552536e+01,2.366702308553437817e+01
6.465561589025435296e+01,2.347803124584577006e+01
6.467562160617319478e+01,2.283414188651561005e+01
6.469562732209203659e+01,2.424305466510897489e+01
6.471563303801086420e+01,2.271676849089530137e+01
6.473563875392969180e+01,2.296703952702625529e+01
6.475564446984853362e+01,2.299970606561119268e+01
6.477565018576737543e+01,2.328781760023004921e+01
6.479565590168618883e+01,2.305489390541143635e+01
6.481566161760503064e+01,2.318142407631257385e+01
6.483566733352387246e+01,2.258485647239108118e+01
6.485567304944270006e+01,2.175693458030002247e+01
6.487567876536152767e+01,2.157182536186186894e+01
6.489568448128036948e+01,2.227084893924243048e+01
6.491569019719921130e+01,2.079585223939899308e+01
6.493569591311803890e+01,2.175283388897424786e+01
6.495570162903686651e+01,2.107214061011153206e+01
6.497570734495570832e+01,2.110912514028420617e+01
6.499571306087453593e+01,2.112885895639568901e+01
6.501571877679336353e+01,2.117448049193879100e+01
6.503572449271220535e+01,2.118429700622422729e+01
6.505573020863104716e+01,2.008035285432787376e+01
6.507573592454987477e+01,2.023332304423165695e+01
6.509574164046870237e+01,2.013933216385153813e+01
6.511574735638754419e+01,1.947901227889873255e+01
6.513575307230638600e+01,1.935162092899070174e+01
6.515575878822521361e+01,1.868817127963937708e+01
6.517576450414404121e+01,1.930332567546926370e+01
6.519577022006288303e+01,1.919445784519901110e+01
6.521577593598171063e+01,1.868901234872476991e+01
6.523578165190053824e+01,1.822853785912233349e+01
6.525578736781938005e+01,1.830578038216833292e+01
6.527579308373822187e+01,1.716050426398379258e+01
6.529579879965704947e+01,1.804146491876969804e+01
6.531580451557587708e+01,1.661090631265127726e+01
6.533581023149471889e+01,1.659172635470523360e+01
6.535581594741354650e+01,1.578545505391949000e+01
6.537582166333237410e+01,1.725800394239793789e+01
6.539582737925121592e+01,1.568950136301288723e+01
6.541583309517005773e+01,1.608242633314218040e+01
6.543583881108888534e+01,1.616827683359603185e+01
6.545584452700771294e+01,1.644717837911384350e+01
6.547585024292655476e+01,1.557094485619879443e+01
6.549585595884539657e+01,1.524256085407265182e+01
6.551586167476422418e+01,1.515818633765564982e+01
6.553586739068305178e+01,1.456713202493404857e+01
6.555587310660189360e+01,1.450491932230703540e+01
6.557587882252072120e+01,1.359164064045009468e+01
6.559588453843954881e+01,1.473548264862981938e+01
6.561589025435839062e+01,1.309639755944151673e+01
6.563589597027723244e+01,1.423280743740745535e+01
6.565590168619606004e+01,1.318736020459191316e+01
6.567590740211488765e+01,1.391441005649548046e+01
6.569591311803372946e+01,1.254669664982922228e+01
6.571591883395257128e+01,1.300727736810301138e+01
6.573592454987138467e+01,1.349208429876471449e+01
6.575593026579022649e+01,1.312909795567988525e+01
6.577593598170906830e+01,1.275639398284912041e+01
6.579594169762789591e+01,1.187348513869533662e+01
6.581594741354672351e+01,1.198079701923014895e+01
6.583595312946556533e+01,1.167723418506604993e+01
6.585595884538440714e+01,1.242806934598280932e+01
6.587596456130323475e+01,1.220929051520443309e+01
6.589597027722206235e+01,1.167422731893857879e+01
6.591597599314090417e+01,1.195685018697752966e+01
6.593598170905973177e+01,1.221257060543153727e+01
6.595598742497855937e+01,1.063667140171698833e+01
6.597599314089740119e+01,1.165602008834332715e+01
6.599599885681624301e+01,1.113865101906971056e+01
6.601600457273507061e+01,1.031378291753881093e+01
6.603601028865389821e+01,1.070958376655491229e+01
6.605601600457274003e+01,1.103778547274185939e+01
6.607602172049158185e+01,1.132359634182429176e+01
6.609602743641040945e+01,9.738094352180526769e+00
6.611603315232923705e+01,1.113226060318275756e+01
6.613603886824807887e+01,1.109328751434677152e+01
6.615604458416690647e+01,1.031846230870339909e+01
6.617605030008573408e+01,9.640188848813433964e+00
6.619605601600457589e+01,1.055973375136008841e+01
6.621606173192341771e+01,1.047485172506332773e+01
6.623606744784224531e+01,1.095559175722635814e+01
6.625607316376107292e+01,1.055912812514490362e+01
6.627607887967991473e+01,9.664440865619079446e+00
6.629608459559874234e+01,9.650955557436509125e+00
6.631609031151756994e+01,1.103812194935127344e+01
6.633609602743641176e+01,1.068788175785531180e+01
6.635610174335525357e+01,1.123817394593868357e+01
6.637610745927408118e+01,1.026187193976609713e+01
6.639611317519290878e+01,1.050172064649605730e+01
6.641611889111175060e+01,1.023139716913951780e+01
6.643612460703059241e+01,1.168668747931782015e+01
6.645613032294942002e+01,1.141474645669058141e+01
6.647613603886824762e+01,1.074811477678531979e+01
6.649614175478708944e+01,1.154126966832550849e+01
6.651614747070591704e+01,1.191597726130945745e+01
6.653615318662474465e+01,1.216137815157700075e+01
6.655615890254358646e+01,1.099877671947911573e+01
6.657616461846242828e+01,1.124252275105145138e+01
6.659617033438125588e+01,1.236198058818232681e+01
6.661617605030008349e+01,1.231705720701623719e+01
6.663618176621892530e+01,1.093183657593831271e+01
6.665618748213776712e+01,1.119571014664115438e+01
6.667619319805658051e+01,1.189790998151878831e+01
6.669619891397542233e+01,1.093981477414154213e+01
6.671620462989426414e+01,1.090336109258873165e+01
6.673621034581309175e+01,1.215663918164245949e+01
6.675621606173191935e+01,1.274122783403244163e+01
6.677622177765076117e+01,1.283103025622927618e+01
6.679622749356960298e+01,1.098462611030531022e+01
6.681623320948843059e+01,1.253611205542916807e+01
6.683623892540725819e+01,1.175183120033321948e+01
6.685624464132610001e+01,1.275835949339461450e+01
6.687625035724492761e+01,1.270367712223619883e+01
6.689625607316375522e+01,1.271898360784988924e+01
6.691626178908259703e+01,1.110703429465046455e+01
6.693626750500143885e+01,1.279805987852908977e+01
6.695627322092026645e+01,1.145134482905245576e+01
6.697627893683909406e+01,1.102064487744614496e+01
6.699628465275793587e+01,1.191195622427079037e+01
6.701629036867677769e+01,1.281416800904638720e+01
6.703629608459560529e+01,1.242383896012596090e+01
6.705630180051443290e+01,1.236468853870015749e+01
6.707630751643327471e+01,1.270567660904223395e+01
6.709631323235210232e+01,1.115253390547779233e+01
6.711631894827092992e+01,1.203403054415528750e+01
6.713632466418977174e+01,1.160681478967989655e+01
6.715633038010861355e+01,1.246930973334923110e+01
6.717633609602744116e+01,1.286939482705330740e+01
6.719634181194626876e+01,1.282991816474238256e+01
6.721634752786511058e+01,1.185676361622578767e+01
6.723635324378393818e+01,1.253728285162327971e+01
6.725635895970276579e+01,1.193358930466704493e+01
6.727636467562160760e+01,1.187951124249700641e+01
6.729637039154044942e+01,1.181972703547600467e+01
6.731637610745927702e+01,1.122297520623741640e+01
6.733638182337810463e+01,1.258645313302970514e+01
6.735638753929694644e+01,1.267911273836047670e+01
6.737639325521578826e+01,1.139737286513925874e+01
6.739639897113461586e+01,1.238244993312895303e+01
6.741640468705344347e+01,1.300299312285495823e+01
6.743641040297228528e+01,1.143529399015829640e+01
6.745641611889111289e+01,1.241037657161016838e+01
6.747642183480994049e+01,1.281614828478598156e+01
6.749642755072878231e+01,1.208345512746453387e+01
6.751643326664762412e+01,1.181670862273316303e+01
6.753643898256645173e+01,1.264821201529914774e+01
6.755644469848527933e+01,1.341587179652075434e+01
6.757645041440412115e+01,1.299945803070911410e+01
6.759645613032296296e+01,1.277737352741539212e+01
6.761646184624177636e+01,1.246126130437131430e+01
6.763646756216061817e+01,1.187213679199267702e+01
6.765647327807945999e+01,1.339295392519306738e+01
6.767647899399828759e+01,1.341448667390192284e+01
6.769648470991711520e+01,1.291184748682787564e+01
6.771649042583595701e+01,1.401696953134427837e+01
6.773649614175479883e+01,1.409117756419467682e+01
6.775650185767362643e+01,1.311997620995136948e+01
6.777650757359245404e+01,1.450082474514490194e+01
6.779651328951129585e+01,1.370016157658537637e+01
6.781651900543012346e+01,1.357029342643483183e+01
6.783652472134895106e+01,1.461622493261419997e+01
6.785653043726779288e+01,1.437611340265974924e+01
6.787653615318663469e+01,1.356229003150459889e+01
6.789654186910546230e+01,1.488932921632146744e+01
6.791654758502428990e+01,1.429730172379944086e+01
6.793655330094313172e+01,1.488969919634687500e+01
6.795655901686197353e+01,1.347426097165414483e+01
6.797656473278080114e+01,1.418382475259867093e+01
6.799657044869962874e+01,1.467717757743642260e+01
6.801657616461847056e+01,1.500431772170387923e+01
6.803658188053729816e+01,1.414783797192424508e+01
6.805658759645612577e+01,1.406867050802191699e+01
6.807659331237496758e+01,1.491342614690988455e+01
6.809659902829380940e+01,1.384477102991636244e+01
6.811660474421263700e+01,1.361476369696687350e+01
6.813661046013146461e+01,1.337363256018675273e+01
6.815661617605030642e+01,1.428188430546771137e+01
6.817662189196913403e+01,1.453496158557791951e+01
6.819662760788796163e+01,1.393972173379673229e+01
6.821663332380680345e+01,1.409800698194048429e+01
6.823663903972564526e+01,1.438815765185435325e+01
6.825664475564447287e+01,1.375900260040681289e+01
6.827665047156330047e+01,1.381552039254986397e+01
6.829665618748214229e+01,1.363360692743394686e+01
6.831666190340098410e+01,1.327203429347663288e+01
6.833666761931981171e+01,1.250325949527427127e+01
6.835667333523863931e+01,1.285185648333906983e+01
6.837667905115748113e+01,1.301753658079393006e+01
6.839668476707630873e+01,1.283222234112400173e+01
6.841669048299513634e+01,1.230233012473098242e+01
6.843669619891397815e+01,1.282218581936082913e+01
6.845670191483281997e+01,1.273388653533172743e+01
6.847670763075164757e+01,1.372576953338324479e+01
6.849671334667047518e+01,1.346421828634195172e+01
6.851671906258931699e+01,1.316515077116300425e+01
6.853672477850815881e+01,1.256052668024769403e+01
6.855673049442697220e+01,1.210623040847100818e+01
6.857673621034581402e+01,1.272901256295485339e+01
6.859674192626465583e+01,1.377720879694673606e+01
6.861674764218348344e+01,1.321781069583203561e+01
6.863675335810231104e+01,1.259380788927295391e+01
6.865675907402115286e+01,1.267222842867882271e+01
6.867676478993999467e+01,1.365188234747681584e+01
6.869677050585882228e+01,1.357020092724113702e+01
6.871677622177764988e+01,1.401361865991751188e+01
6.873678193769649170e+01,1.302124983998293573e+01
6.875678765361531930e+01,1.291212217310658694e+01
6.877679336953414690e+01,1.231440836520727089e+01
6.879679908545298872e+01,1.384548377585974599e+01
6.881680480137183054e+01,1.220252773399330337e+01
6.883681051729065814e+01,1.333381483490231290e+01
6.885681623320948574e+01,1.402214144197881751e+01
6.887682194912832756e+01,1.346484658940048185e+01
6.889682766504716938e+01,1.380178452799137290e+01
6.891683338096599698e+01,1.265124473875982858e+01
6.893683909688482458e+01,1.202094699808261424e+01
6.895684481280366640e+01,1.259170549324238131e+01
6.897685052872249400e+01,1.340083349858477568e+01
6.899685624464132161e+01,1.176643785584119506e+01
6.901686196056016342e+01,1.206430973697130149e+01
6.903686767647900524e+01,1.208597312823676972e+01
6.905687339239783284e+01,1.190357763307666339e+01
6.907687910831666045e+01,1.144440775312346759e+01
6.909688482423550226e+01,1.178090092898268892e+01
6.911689054015432987e+01,1.234452536259741429e+01
6.913689625607315747e+01,1.137900922006154758e+01
6.915690197199199929e+01,1.234302015766290594e+01
6.917690768791084110e+01,1.221090976719377430e+01
6.919691340382966871e+01,1.041912526220925628e+01
6.921691911974849631e+01,1.100733796520656327e+01
6.923692483566733813e+01,1.158996135891229606e+01
6.925693055158617994e+01,1.140569285915237074e+01
6.927693626750500755e+01,1.055795472797123047e+01
6.929694198342383515e+01,9.796007737133482607e+00
6.931694769934267697e+01,1.113300832773396465e+01
6.933695341526150457e+01,1.027675935045694899e+01
6.935695913118033218e+01,1.055014116960366088e+01
6.937696484709917399e+01,1.103671793939030898e+01
6.939697056301801581e+01,1.084194809674010251e+01
6.941697627893684341e+01,9.681012052691928105e+00
6.943698199485567102e+01,1.040992656979540243e+01
6.945698771077451283e+01,9.564527589813774711e+00
6.947699342669335465e+01,9.769957272765148915e+00
6.949699914261216804e+01,9.738958049995327215e+00
6.951700485853100986e+01,1.056595171331421312e+01
6.953701057444985167e+01,1.039491207075920620e+01
6.955701629036867928e+01,1.084773898193821751e+01
6.957702200628750688e+01,9.962663854007105968e+00
6.959702772220634870e+01,9.424991309320024158e+00
6.961703343812519051e+01,9.262105605728200075e+00
6.963703915404401812e+01,9.907178782202052503e+00
6.965704486996284572e+01,1.072574979761929370e+01
6.967705058588168754e+01,1.098648709251910915e+01
6.969705630180051514e+01,9.505758908119924300e+00
6.971706201771934275e+01,9.559827963831713404e+00
6.973706773363818456e+01,1.101903101474038849e+01
6.975707344955702638e+01,1.115058176523230316e+01
6.977707916547585398e+01,1.023732363317150806e+01
6.979708488139468159e+01,9.472290576169122289e+00
6.981709059731352340e+01,1.123274697287869905e+01
6.983709631323236522e+01,9.735346323371198096e+00
6.985710202915119282e+01,1.107718682815501943e+01
6.987710774507002043e+01,1.036035838355869032e+01
6.989711346098886224e+01,9.975109430351285056e+00
6.991711917690768985e+01,1.026099909653078335e+01
6.993712489282651745e+01,1.069883774395673903e+01
6.995713060874535927e+01,1.036228820557231955e+01
6.997713632466420108e+01,1.159777254765442756e+01
6.999714204058302869e+01,1.128616126429141353e+01
7.001714775650185629e+01,1.129276773872359385e+01
7.003715347242069811e+01,1.078053023948458389e+01
7.005715918833952571e+01,1.111586776684558764e+01
7.007716490425835332e+01,1.118296017387078223e+01
7.009717062017719513e+01,1.102394934252209602e+01
7.011717633609603695e+01,1.062168859768157780e+01
7.013718205201486455e+01,1.119142903905365394e+01
7.015718776793369216e+01,1.155999249570905185e+01
7.017719348385253397e+01,1.171634427577040150e+01
7.019719919977137579e+01,1.248327983270936414e+01
7.021720491569020339e+01,1.159311187919223229e+01
7.023721063160903100e+01,1.245997428031538412e+01
7.025721634752787281e+01,1.194678019116515166e+01
7.027722206344670042e+01,1.154093928496437371e+01
7.029722777936552802e+01,1.212755336517357740e+01
7.031723349528436984e+01,1.246233690475287403e+01
7.033723921120321165e+01,1.407467119879645168e+01
7.035724492712203926e+01,1.409840488375959744e+01
7.037725064304086686e+01,1.279126204880051354e+01
7.039725635895970868e+01,1.417362968132143308e+01
7.041726207487855049e+01,1.460081257965343582e+01
7.043726779079736389e+01,1.535539127596208608e+01
7.045727350671620570e+01,1.479077167220530420e+01
7.047727922263504752e+01,1.502548670759924576e+01
7.049728493855387512e+01,1.599631530916869870e+01
7.051729065447270273e+01,1.545549738523332017e+01
7.053729637039154454e+01,1.624906466740347355e+01
7.055730208631038636e+01,1.681443386391988781e+01
7.057730780222921396e+01,1.544478413546130646e+01
7.059731351814804157e+01,1.563061585875559700e+01
7.061731923406688338e+01,1.753614590564352937e+01
7.063732494998571099e+01,1.615518230491075258e+01
7.065733066590453859e+01,1.783211739382393901e+01
7.067733638182338041e+01,1.788496202726668827e+01
7.069734209774222222e+01,1.789898488202524973e+01
7.071734781366104983e+01,1.844698678896801880e+01
7.073735352957987743e+01,1.785728341833587862e+01
7.075735924549871925e+01,1.813938633867106986e+01
7.077736496141756106e+01,1.758124962536502167e+01
7.079737067733638867e+01,1.836650457584724450e+01
7.081737639325521627e+01,1.719400315198030427e+01
7.083738210917405809e+01,1.842754952163811666e+01
7.085738782509288569e+01,1.726984766423989726e+01
7.087739354101171330e+01,1.853385422284379302e+01
7.089739925693055511e+01,1.819226024277501708e+01
7.091740497284939693e+01,1.824530567917681623e+01
7.093741068876822453e+01,1.710180394940219273e+01
7.095741640468705214e+01,1.721610322273316029e+01
7.097742212060589395e+01,1.732368505987367158e+01
7.099742783652472156e+01,1.656640149581889077e+01
7.101743355244354916e+01,1.743395955638926509e+01
7.103743926836239098e+01,1.634443704967901212e+01
7.105744498428123279e+01,1.610217651770864578e+01
7.107745070020006040e+01,1.704958229252134672e+01
7.109745641611888800e+01,1.715353545092658649e+01
7.111746213203772982e+01,1.615560804905437209e+01
7.113746784795657163e+01,1.692027133855995302e+01
7.115747356387539924e+01,1.573893251175225849e+01
7.117747927979422684e+01,1.540332709668518874e+01
7.119748499571306866e+01,1.565698315061803925e+01
7.121749071163189626e+01,1.561817782696659407e+01
7.123749642755072387e+01,1.576639631494471772e+01
7.125750214346956568e+01,1.564633374348125017e+01
7.127750785938840750e+01,1.413453847782787598e+01
7.129751357530723510e+01,1.484566171123333866e+01
7.131751929122606271e+01,1.459833026741470086e+01
7.133752500714490452e+01,1.436535638751893273e+01
7.135753072306374634e+01,1.472292504956094028e+01
7.137753643898255973e+01,1.486850352689016042e+01
7.139754215490140155e+01,1.355911303524989719e+01
7.141754787082024336e+01,1.365168643829534112e+01
7.143755358673907097e+01,1.380839499323852770e+01
7.145755930265789857e+01,1.419664782011174786e+01
7.147756501857674039e+01,1.357665451809175394e+01
7.149757073449558220e+01,1.325138867802639098e+01
7.151757645041440981e+01,1.421028370541177743e+01
7.153758216633323741e+01,1.363911058441698110e+01
7.155758788225207923e+01,1.335217336307772840e+01
7.157759359817090683e+01,1.334722606579712334e+01
7.159759931408973443e+01,1.271822923505928138e+01
7.161760503000857625e+01,1.329667055595415803e+01
7.163761074592741807e+01,1.467207990372394733e+01
7.165761646184624567e+01,1.479853264070194641e+01
7.167762217776507327e+01,1.497173513126484856e+01
7.169762789368391509e+01,1.480035333524715391e+01
7.171763360960275691e+01,1.512379246912210107e+01
7.173763932552158451e+01,1.377702097262531034e+01
7.175764504144041211e+01,1.438216575915384787e+01
7.177765075735925393e+01,1.470519119356690396e+01
7.179765647327808153e+01,1.414782446518216830e+01
7.181766218919690914e+01,1.416261254278865778e+01
7.183766790511575095e+01,1.529805254728049491e+01
7.185767362103459277e+01,1.540233210231973793e+01
7.187767933695342037e+01,1.554702405869268844e+01
7.189768505287224798e+01,1.557272977422952742e+01
7.191769076879108979e+01,1.478943603543856788e+01
7.193769648470991740e+01,1.541911620643355540e+01
7.195770220062874500e+01,1.604921904449829384e+01
7.197770791654758682e+01,1.608440091596482446e+01
7.199771363246642863e+01,1.531781170854583252e+01
7.201771934838525624e+01,1.655583070931887235e+01
7.203772506430408384e+01,1.553473929995309000e+01
7.205773078022292566e+01,1.640093226749541699e+01
7.207773649614176747e+01,1.506837003840931999e+01
7.209774221206059508e+01,1.578763670233173322e+01
7.211774792797942268e+01,1.674938047114891049e+01
7.213775364389826450e+01,1.595669630507659420e+01
7.215775935981709210e+01,1.463935073722495694e+01
7.217776507573591971e+01,1.635583979516247055e+01
7.219777079165476152e+01,1.625629075002582979e+01
7.221777650757360334e+01,1.455689056009554605e+01
7.223778222349243094e+01,1.528051922998631973e+01
7.225778793941125855e+01,1.513321678240025392e+01
7.227779365533010036e+01,1.391218258684776998e+01
7.229779937124894218e+01,1.528126570954360375e+01
7.231780508716775557e+01,1.369716524111540679e+01
7.233781080308659739e+01,1.472344597881719608e+01
7.235781651900543920e+01,1.503262951751678145e+01
7.237782223492426681e+01,1.401210878488619471e+01
7.239782795084309441e+01,1.482135736910168511e+01
7.241783366676193623e+01,1.341894040654227105e+01
7.243783938268077804e+01,1.342371671937248223e+01
7.245784509859960565e+01,1.418080938643754862e+01
7.247785081451843325e+01,1.321715601097970882e+01
7.249785653043727507e+01,1.317127853478006827e+01
7.251786224635610267e+01,1.344172284600622547e+01
7.253786796227493028e+01,1.442949262889191964e+01
7.255787367819377209e+01,1.348481853665009034e+01
7.257787939411261391e+01,1.467745241666489164e+01
7.259788511003144151e+01,1.289405456814564843e+01
7.261789082595026912e+01,1.292425201491189313e+01
7.263789654186911093e+01,1.429303915002881986e+01
7.265790225778795275e+01,1.427306488041994292e+01
7.267790797370678035e+01,1.355706005568507422e+01
7.269791368962560796e+01,1.379691132540845011e+01
7.271791940554444977e+01,1.384755401912642014e+01
7.273792512146327738e+01,1.406514951551028680e+01
7.275793083738210498e+01,1.451726120798188724e+01
7.277793655330094680e+01,1.286889720336569098e+01
7.279794226921978861e+01,1.350405774633846789e+01
7.281794798513861622e+01,1.427527048947507460e+01
7.283795370105744382e+01,1.401903942503271949e+01
7.285795941697628564e+01,1.347274639507197946e+01
7.287796513289511324e+01,1.342343424257600581e+01
7.289797084881394085e+01,1.435331165482562810e+01
7.291797656473278266e+01,1.272021764290865953e+01
7.293798228065162448e+01,1.318292243638664907e+01
7.295798799657045208e+01,1.271736499954180211e+01
7.297799371248927969e+01,1.226579951250535494e+01
7.299799942840812150e+01,1.222070096909422965e+01
7.301800514432696332e+01,1.294961182889282370e+01
7.303801086024579092e+01,1.231604637553748915e+01
7.305801657616461853e+01,1.175340319011854362e+01
7.307802229208346034e+01,1.159910550372985405e+01
7.309802800800228795e+01,1.322209460533909287e+01
7.311803372392111555e+01,1.288792051922128401e+01
7.313803943983995737e+01,1.266435205857716362e+01
7.315804515575879918e+01,1.161994872791840372e+01
7.317805087167762679e+01,1.135663405835710371e+01
7.319805658759645439e+01,1.118174577465006081e+01
7.321806230351529621e+01,1.091685528130620142e+01
7.323806801943413802e+01,1.113102253587837431e+01
7.325807373535295142e+01,1.166035504745319962e+01
7.327807945127179323e+01,1.154803916417250065e+01
7.329808516719063505e+01,1.114291569769709689e+01
7.331809088310946265e+01,1.197894387704032226e+01
7.333809659902829026e+01,1.061395377245525573e+01
7.335810231494713207e+01,1.128413103718880528e+01
7.337810803086597389e+01,1.028839301844770837e+01
7.339811374678480149e+01,1.103317332142060536e+01
7.341811946270362910e+01,1.055695699351717565e+01
7.343812517862247091e+01,1.044809841078106416e+01
7.345813089454129852e+01,9.970491359980339752e+00
7.347813661046012612e+01,1.177932351038155012e+01
7.349814232637896794e+01,1.051346676831186855e+01
7.351814804229780975e+01,9.882103428155263103e+00
7.353815375821663736e+01,1.109121990373502697e+01
7.355815947413546496e+01,1.037362458840461166e+01
7.357816519005430678e+01,1.086379546698284493e+01
7.359817090597314859e+01,1.139252375484012880e+01
7.361817662189197620e+01,1.136788525337624911e+01
7.363818233781080380e+01,9.893667601266779243e+00
7.365818805372964562e+01,9.504063988258883100e+00
7.367819376964847322e+01,1.056659983940349967e+01
7.369819948556730083e+01,1.009971924836735369e+01
7.371820520148614264e+01,1.091236384117844871e+01
7.373821091740498446e+01,1.096466107106710730e+01
7.375821663332381206e+01,9.454133986523464372e+00
7.377822234924263967e+01,1.086154668917091826e+01
7.379822806516148148e+01,1.006884941917359200e+01
7.381823378108030909e+01,9.253070612568855324e+00
7.383823949699913669e+01,9.940890376202956347e+00
7.385824521291797851e+01,8.954790407683699272e+00
7.387825092883682032e+01,9.943447191680414576e+00
7.389825664475564793e+01,9.440167021194543651e+00
7.391826236067447553e+01,1.040257285006309829e+01
7.393826807659331735e+01,1.012220011411701570e+01
7.395827379251215916e+01,9.745699415144439826e+00
7.397827950843098677e+01,9.333231290674996572e+00
7.399828522434981437e+01,9.516545817597581447e+00
7.401829094026865619e+01,8.719724558856368546e+00
7.403829665618748379e+01,1.007755831559867943e+01
7.405830237210632561e+01,8.923943336134232851e+00
7.407830808802515321e+01,9.477735925340320833e+00
7.409831380394398082e+01,8.397171201794190409e+00
7.411831951986282263e+01,9.761780813536805823e+00
7.413832523578165024e+01,9.647094434867398149e+00
7.415833095170049205e+01,9.588738571232317653e+00
7.417833666761931966e+01,9.120199082144610614e+00
7.419834238353816147e+01,9.376168981077741549e+00
7.421834809945698908e+01,9.139644008841804279e+00
7.423835381537583089e+01,8.280802109752125162e+00
7.425835953129465850e+01,9.375737023929197278e+00
7.427836524721348610e+01,9.274613408397790693e+00
7.429837096313232792e+01,9.731321746573607712e+00
7.431837667905115552e+01,8.992704297348574016e+00
7.433838239496999734e+01,8.536616920087288563e+00
7.435838811088882494e+01,8.182427625039881747e+00
7.437839382680766676e+01,8.378694172591277578e+00
7.439839954272649436e+01,8.700609740950975279e+00
7.441840525864533618e+01,9.240676784709586755e+00
7.443841097456416378e+01,9.058477838095173595e+00
7.445841669048300560e+01,8.446310312275258525e+00
7.447842240640183320e+01,7.963652360756537263e+00
7.449842812232066080e+01,8.986684187272050650e+00
7.451843383823950262e+01,9.616740218241108806e+00
7.453843955415833022e+01,8.029866507875292214e+00
7.455844527007717204e+01,9.709109351134836530e+00
7.457845098599599964e+01,8.186015693578589492e+00
7.459845670191484146e+01,9.437572289820421290e+00
7.461846241783366906e+01,9.516470046395335558e+00
7.463846813375251088e+01,9.466256829527122107e+00
7.465847384967133848e+01,9.741082936610714782e+00
7.467847956559016609e+01,8.435808307281810414e+00
7.469848528150900790e+01,9.914384480227731444e+00
7.471849099742783551e+01,8.699713166445484092e+00
7.473849671334667732e+01,9.846323556737365479e+00
7.475850242926550493e+01,9.935822582948192760e+00
7.477850814518434674e+01,8.429004734415290301e+00
7.479851386110317435e+01,8.432105195393877040e+00
7.481851957702201616e+01,9.897617975524839906e+00
7.483852529294084377e+01,9.688319966639880931e+00
7.485853100885967137e+01,9.250122636366493012e+00
7.487853672477851319e+01,8.428957474828287388e+00
7.489854244069734079e+01,9.526490478977434506e+00
7.491854815661618261e+01,8.327525448376851713e+00
7.493855387253501021e+01,8.843300716822405150e+00
7.495855958845385203e+01,9.953237781208274626e+00
7.497856530437267963e+01,9.647607578142167739e+00
7.499857102029152145e+01,9.844030850517505371e+00
7.501857673621034905e+01,8.393893839198792506e+00
7.503858245212917666e+01,8.469182029782738041e+00
7.505858816804801847e+01,8.813765797715555905e+00
7.507859388396684608e+01,9.224865699799158492e+00
7.509859959988568789e+01,9.068132227477791574e+00
7.511860531580451550e+01,9.649543309167858851e+00
7.513861103172335731e+01,9.035620045992100557e+00
7.515861674764218492e+01,9.663060194180703277e+00
7.517862246356102673e+01,8.394244060529189255e+00
7.519862817947985434e+01,8.359971113028937140e+00
7.521863389539868194e+01,8.507241175329559368e+00
7.523863961131752376e+01,8.427091859118901240e+00
7.525864532723635136e+01,9.846079697407086329e+00
7.527865104315519318e+01,8.727854796950470728e+00
7.529865675907402078e+01,9.587370166995768272e+00
7.531866247499286260e+01,8.384227737420653526e+00
7.533866819091169020e+01,8.917543900665789280e+00
7.535867390683053202e+01,1.000441594885871588e+01
7.537867962274935962e+01,8.673543811191931852e+00
7.539868533866820144e+01,9.666088264884400871e+00
7.541869105458702904e+01,8.917664341759397928e+00
7.543869677050585665e+01,9.535273029067541373e+00
7.545870248642469846e+01,1.031819316680354781e+01
7.547870820234352607e+01,1.007578059756095001e+01
7.549871391826236788e+01,9.187195968860716988e+00
7.551871963418119549e+01,1.014719777765688669e+01
7.553872535010003730e+01,1.063016884769494119e+01
7.555873106601886491e+01,9.391342024430304747e+00
7.557873678193770672e+01,9.738495126982890326e+00
7.559874249785653433e+01,1.011350788835914827e+01
7.561874821377536193e+01,9.789379716270527609e+00
7.563875392969420375e+01,1.012102475302926052e+01
7.565875964561303135e+01,9.666993882373775548e+00
7.567876536153187317e+01,1.018459377464513693e+01
7.569877107745070077e+01,1.118844017787192691e+01
7.571877679336954259e+01,1.008599625942179934e+01
7.573878250928837019e+01,1.153785219228088899e+01
7.575878822520721201e+01,9.947184452999877635e+00
7.577879394112603961e+01,1.175404110373034250e+01
7.579879965704486722e+01,1.101082938369265563e+01
7.581880537296370903e+01,1.130751151405329225e+01
7.583881108888253664e+01,1.188130574942897510e+01
7.585881680480137845e+01,1.058333287000929523e+01
7.587882252072020606e+01,1.147914943521247011e+01
7.589882823663904787e+01,1.118027827584822909e+01
7.591883395255787548e+01,1.207050313389656893e+01
7.593883966847671729e+01,1.133557616873178198e+01
7.595884538439554490e+01,1.197787464719568540e+01
7.597885110031437250e+01,1.138876276526513642e+01
7.599885681623321432e+01,1.250904882771409632e+01
7.601886253215204192e+01,1.176154662083520286e+01
7.603886824807088374e+01,1.201990498132186502e+01
7.605887396398971134e+01,1.174515723270102008e+01
7.607887967990855316e+01,1.137820191579367091e+01
7.609888539582738076e+01,1.247379927052121928e+01
7.611889111174622258e+01,1.138785641076860955e+01
7.613889682766505018e+01,1.224635739122312117e+01
7.615890254358387779e+01,1.212848358529987003e+01
7.617890825950271960e+01,1.319423641588082319e+01
7.619891397542154721e+01,1.244605203458946008e+01
7.621891969134038902e+01,1.293909392203516084e+01
7.623892540725921663e+01,1.273247096203823858e+01
7.625893112317805844e+01,1.260058387491073262e+01
7.627893683909688605e+01,1.308647047414135578e+01
7.629894255501572786e+01,1.275782666694266254e+01
7.631894827093455547e+01,1.280391414507625036e+01
7.633895398685339728e+01,1.169870781826553063e+01
7.635895970277222489e+01,1.284233605324127403e+01
7.637896541869105249e+01,1.241262238918543304e+01
7.639897113460989431e+01,1.248150423974370504e+01
7.641897685052872191e+01,1.157583882355754845e+01
7.643898256644756373e+01,1.290209643134224926e+01
7.645898828236639133e+01,1.112568606263548787e+01
7.647899399828523315e+01,1.152196169027214268e+01
7.649899971420406075e+01,1.110069027148108134e+01
7.651900543012290257e+01,1.232319584348367059e+01
7.653901114604173017e+01,1.189761661832057271e+01
7.655901686196055778e+01,1.150968164975566665e+01
7.657902257787939959e+01,1.200182110775632616e+01
7.659902829379822720e+01,1.071179454834960332e+01
7.661903400971706901e+01,1.064680261841667708e+01
7.663903972563589662e+01,1.149979670832473744e+01
7.665904544155473843e+01,1.018185879147672956e+01
7.667905115747356604e+01,1.153697026394956460e+01
7.669905687339240785e+01,1.133699144683155779e+01
7.671906258931123546e+01,1.052375394857972424e+01
7.673906830523006306e+01,9.912169593035976334e+00
7.675907402114890488e+01,9.885644938176538332e+00
7.677907973706773248e+01,9.488576017462632350e+00
7.679908545298657430e+01,1.039159020413100087e+01
7.681909116890540190e+01,9.630877467738768516e+00
7.683909688482424372e+01,9.370969819738933282e+00
7.685910260074307132e+01,9.175804378831614372e+00
7.687910831666191314e+01,1.010966983544251185e+01
7.689911403258074074e+01,8.897735432990794280e+00
7.691911974849956835e+01,9.314985076833254496e+00
7.693912546441841016e+01,8.986671852806917826e+00
7.695913118033723777e+01,8.516190253619575046e+00
7.697913689625607958e+01,9.282550998141253729e+00
7.699914261217490719e+01,9.672462039708928927e+00
7.701914832809374900e+01,8.294721357688562335e+00
7.703915404401257661e+01,9.728960121861309318e+00
7.705915975993141842e+01,8.130044830855636562e+00
7.707916547585024603e+01,8.140360642215368259e+00
7.709917119176907363e+01,9.196974699216083238e+00
7.711917690768791545e+01,9.512788776531335699e+00
7.713918262360674305e+01,8.862599007652381289e+00
7.715918833952558487e+01,9.277833751673965068e+00
7.717919405544441247e+01,8.258033159950583624e+00
7.719919977136325429e+01,9.349565940714644086e+00
7.721920548728208189e+01,9.049953270796208926e+00
7.723921120320092371e+01,9.318630015684458812e+00
7.725921691911975131e+01,9.138265251864769567e+00
7.727922263503859313e+01,9.088113728393881985e+00
7.729922835095742073e+01,9.157916533995152264e+00
7.731923406687624833e+01,8.756322189203149975e+00
7.733923978279509015e+01,7.725590061782908080e+00
7.735924549871391775e+01,7.731453160886854192e+00
7.737925121463275957e+01,8.021881615025630907e+00
7.739925693055158717e+01,8.758404830308700539e+00
7.741926264647042899e+01,9.337284585418300864e+00
7.743926836238925659e+01,9.250110341057903085e+00
7.745927407830809841e+01,8.430301235748403954e+00
7.747927979422692601e+01,8.770559443265613098e+00
7.749928551014575362e+01,8.913500156839720745e+00
7.751929122606459543e+01,8.096959796787853492e+00
7.753929694198342304e+01,9.704667893689082447e+00
7.755930265790226485e+01,8.736747374342842321e+00
7.757930837382109246e+01,9.890707366788394239e+00
7.759931408973993427e+01,8.571646345678511025e+00
7.761931980565876188e+01,8.958829814373837408e+00
7.763932552157760369e+01,1.014582643701137954e+01
7.765933123749643130e+01,9.803548497827259567e+00
7.767933695341525890e+01,9.214392256440468998e+00
7.769934266933410072e+01,9.487152840170562484e+00
7.771934838525292832e+01,8.928529599091914903e+00
7.773935410117177014e+01,9.419445012862263766e+00
7.775935981709059774e+01,1.060354591342771080e+01
7.777936553300943956e+01,9.391015465633188342e+00
7.779937124892826716e+01,9.482228557610152819e+00
7.781937696484710898e+01,1.042308683654416690e+01
7.783938268076593658e+01,1.035738770937430964e+01
7.785938839668476419e+01,1.006577280373145733e+01
7.787939411260360600e+01,1.064684790783270252e+01
7.789939982852243361e+01,1.048044997937076772e+01
7.791940554444127542e+01,1.072907670054389406e+01
7.793941126036010303e+01,1.031408539617971698e+01
7.795941697627894484e+01,1.136013579815957897e+01
7.797942269219777245e+01,1.072002078136933356e+01
7.799942840811661426e+01,1.080962797360132477e+01
7.801943412403544187e+01,1.163614792048341151e+01
7.803943983995426947e+01,1.016303746905476224e+01
7.805944555587311129e+01,1.050998276722636326e+01
7.807945127179193889e+01,1.017029401744845707e+01
7.809945698771078071e+01,1.152790140726888524e+01
7.811946270362960831e+01,1.132942567314456106e+01
7.813946841954845013e+01,1.056153482417930967e+01
7.815947413546727773e+01,1.120899538715931776e+01
7.817947985138611955e+01,1.113716622169071435e+01
7.819948556730494715e+01,1.079064530673102240e+01
7.821949128322378897e+01,1.125628052956714420e+01
7.823949699914261657e+01,1.131688375996109919e+01
7.825950271506144418e+01,1.143095254032846242e+01
7.827950843098028599e+01,1.007162141887685358e+01
7.829951414689911360e+01,1.105220655257671858e+01
7.831951986281795541e+01,1.165729722999279261e+01
7.833952557873678302e+01,1.029316808073438061e+01
7.835953129465562483e+01,1.024127023126415104e+01
7.837953701057445244e+01,1.167406832469896294e+01
7.839954272649329425e+01,1.128804559532765950e+01
7.841954844241212186e+01,1.051339677079536195e+01
7.843955415833094946e+01,1.152072110690988005e+01
7.845955987424979128e+01,1.185118417531110069e+01
7.847956559016861888e+01,1.247211009933863579e+01
7.849957130608746070e+01,1.106432917079694356e+01
7.851957702200628830e+01,1.216943280358238866e+01
7.853958273792513012e+01,1.162156592166281044e+01
7.855958845384395772e+01,1.241511778468197669e+01
7.857959416976279954e+01,1.153098447662636339e+01
7.859959988568162714e+01,1.214263014363598003e+01
7.861960560160045475e+01,1.271336465720197850e+01
7.863961131751929656e+01,1.202245053439664879e+01
7.865961703343812417e+01,1.236938180503408624e+01
7.867962274935696598e+01,1.314337812583156051e+01
7.869962846527579359e+01,1.229465475365925187e+01
7.871963418119463540e+01,1.312483845871479105e+01
7.873963989711346301e+01,1.209369441701242920e+01
7.875964561303230482e+01,1.199077610485181999e+01
7.877965132895113243e+01,1.208108644373580454e+01
7.879965704486996003e+01,1.345209052735011213e+01
7.881966276078880185e+01,1.372039136181631669e+01
7.883966847670762945e+01,1.250706748925481904e+01
7.885967419262647127e+01,1.291990069258395479e+01
7.887967990854529887e+01,1.244267453177022276e+01
7.889968562446414069e+01,1.238999241278068553e+01
7.891969134038296829e+01,1.179074942007212812e+01
7.893969705630181011e+01,1.287819578167158063e+01
7.895970277222063771e+01,1.296005616053503395e+01
7.897970848813946532e+01,1.302673400593844022e+01
7.899971420405830713e+01,1.301261953961728857e+01
7.901971991997713474e+01,1.244366985949588056e+01
7.903972563589597655e+01,1.243596577613487852e+01
7.905973135181480416e+01,1.286795274413292667e+01
7.907973706773364597e+01,1.278965390474686892e+01
7.909974278365247358e+01,1.141946526019526509e+01
7.911974849957131539e+01,1.225364430912534885e+01
7.913975421549014300e+01,1.195181696307858843e+01
7.915975993140898481e+01,1.073740743857330671e+01
7.917976564732781242e+01,1.147226296928678302e+01
7.919977136324664002e+01,1.205343437085968539e+01
7.921977707916548184e+01,1.060929019502988524e+01
7.923978279508430944e+01,1.132037910378152823e+01
7.925978851100315126e+01,1.081842373381332578e+01
7.927979422692197886e+01,1.173089249811128809e+01
7.929979994284082068e+01,1.144258999036476432e+01
7.931980565875964828e+01,9.940689500494196196e+00
7.933981137467849010e+01,1.006245535484355713e+01
7.935981709059731770e+01,1.093264190471743014e+01
7.937982280651614531e+01,1.007363230726058312e+01
7.939982852243498712e+01,1.003629399233008357e+01
7.941983423835381473e+01,9.694111673478696289e+00
7.943983995427265654e+01,1.046011446671989731e+01
7.945984567019148415e+01,9.620220505156105162e+00
7.947985138611032596e+01,1.034872409624722067e+01
7.949985710202915357e+01,1.068225674771792022e+01
7.951986281794799538e+01,9.531989891895554123e+00
7.953986853386682299e+01,1.065419073848253717e+01
7.955987424978565059e+01,9.244033196423263377e+00
7.957987996570449241e+01,9.379975257275633638e+00
7.959988568162332001e+01,9.924989710494033446e+00
7.961989139754216183e+01,1.026224872562527501e+01
7.963989711346098943e+01,9.791747867608155076e+00
7.965990282937983125e+01,9.713302599750452515e+00
7.967990854529865885e+01,9.803198902807432447e+00
7.969991426121750067e+01,8.805694095032887247e+00
7.971991997713632827e+01,1.008997947179803312e+01
7.973992569305515588e+01,8.617505340505935862e+00
7.975993140897399769e+01,9.572514876931373706e+00
7.977993712489282530e+01,8.194976295726432269e+00
7.979994284081166711e+01,8.360324146659204203e+00
7.981994855673049472e+01,9.108675032041388064e+00
7.983995427264933653e+01,9.589855885680080405e+00
7.985995998856816414e+01,8.367713467173755859e+00
7.987996570448700595e+01,8.039843420243496297e+00
7.989997142040583356e+01,9.211601701699187572e+00
7.991997713632466116e+01,8.296277784279221024e+00
7.993998285224350298e+01,7.751705283195547302e+00
7.995998856816233058e+01,9.099751854171051590e+00
7.997999428408117240e+01,9.234959166651776741e+00
8.000000000000000000e+01,5.481730831187999087e+00
