angle,intensity
1.000000000000000000e+01,8.949517956756778414e-01
1.002000571591883471e+01,1.188543864005706885e+00
1.004001143183766764e+01,9.865308799078016389e-01
1.006001714775650235e+01,8.839867642522138969e-01
1.008002286367533529e+01,7.828080457414838822e-01
1.010002857959417000e+01,1.018157809563470906e+00
1.012003429551300293e+01,6.351835146384029462e-01
1.014004001143183764e+01,6.703274386658200079e-01
1.016004572735067235e+01,1.137026245569842109e+00
1.018005144326950528e+01,6.949171267719014278e-01
1.020005715918833999e+01,1.234516458236979641e+00
1.022006287510717293e+01,1.490930398428965242e+00
1.024006859102600764e+01,1.775681844255440733e+00
1.026007430694484057e+01,7.479057676468784388e-01
1.028008002286367528e+01,1.112475608563823215e+00
1.030008573878250999e+01,1.458238623452317917e+00
1.032009145470134293e+01,5.893882139269920328e-01
1.034009717062017764e+01,7.824237244120947343e-01
1.036010288653901057e+01,8.019410324992770622e-01
1.038010860245784528e+01,1.075582819817822999e+00
1.040011431837667999e+01,1.858702254604672532e+00
1.042012003429551292e+01,1.113163194017253277e+00
1.044012575021434763e+01,6.687875794758871839e-01
1.046013146613318057e+01,9.788343636594309949e-01
1.048013718205201528e+01,1.505757927167212795e+00
1.050014289797084821e+01,1.688136282372536101e+00
1.052014861388968292e+01,8.785513610769439818e-01
1.054015432980851585e+01,1.945972514348058624e+00
1.056016004572735056e+01,1.734072839395976562e+00
1.058016576164618527e+01,9.285865271849146341e-01
1.060017147756501821e+01,1.366265431534841035e+00
1.062017719348385292e+01,8.294483492831494775e-01
1.064018290940268585e+01,4.335019775887769544e-01
1.066018862532152056e+01,5.684464869935969000e-01
1.068019434124035527e+01,1.487927700434810596e+00
1.070020005715918820e+01,1.278175538290336588e+00
1.072020577307802292e+01,1.126397769334954946e+00
1.074021148899685585e+01,1.498912786107692519e+00
1.076021720491569056e+01,1.057323649336386229e+00
1.078022292083452349e+01,7.197721610836538275e-01
1.080022863675335820e+01,2.109745074217238781e+00
1.082023435267219291e+01,1.684407480755352626e+00
1.084024006859102585e+01,1.525022773058716918e+00
1.086024578450986056e+01,1.445058678877072289e+00
1.088025150042869349e+01,1.911315927341018739e+00
1.090025721634752820e+01,1.946900627280274243e+00
1.092026293226636113e+01,1.701648220296126723e+00
1.094026864818519584e+01,1.193852594538556522e+00
1.096027436410403055e+01,1.097809743043161923e+00
1.098028008002286349e+01,1.633987853932378220e+00
1.100028579594169820e+01,1.268015917600531228e+00
1.102029151186053113e+01,9.172363947879573765e-01
1.104029722777936584e+01,1.853281012187362631e+00
1.106030294369819877e+01,1.061483101281793351e+00
1.108030865961703348e+01,1.923941008691999022e+00
1.110031437553586819e+01,1.386698254501319116e+00
1.112032009145470113e+01,1.044437022009918170e+00
1.114032580737353584e+01,1.474822115317173665e+00
1.116033152329236877e+01,1.281552599127600889e+00
1.118033723921120348e+01,1.948735682620355680e+00
1.120034295513003642e+01,1.276257324820513350e+00
1.122034867104887113e+01,9.552175816741657055e-01
1.124035438696770584e+01,2.342518251112862604e+00
1.126036010288653877e+01,1.958177970684425340e+00
1.128036581880537348e+01,1.358841250728969552e+00
1.130037153472420641e+01,7.923252379297147652e-01
1.132037725064304112e+01,1.448800266669440617e+00
1.134038296656187583e+01,1.129989471260664846e+00
1.136038868248070877e+01,2.145267260257753161e+00
1.138039439839954348e+01,1.480778268524245433e+00
1.140040011431837641e+01,1.640548010720240368e+00
1.142040583023721112e+01,2.084539805702428250e+00
1.144041154615604405e+01,1.531985628385226450e+00
1.146041726207487876e+01,9.801144766954876797e-01
1.148042297799371170e+01,1.190478466686756054e+00
1.150042869391254641e+01,1.907824463892328293e+00
1.152043440983138112e+01,1.235498490217957990e+00
1.154044012575021405e+01,1.374527534902757697e+00
1.156044584166904876e+01,1.567889429925267919e+00
1.158045155758788169e+01,1.246102694921074949e+00
1.160045727350671640e+01,2.385430577197630519e+00
1.162046298942555111e+01,2.007367692964032724e+00
1.164046870534438405e+01,1.367254945013760326e+00
1.166047442126321876e+01,1.850694743948416932e+00
1.168048013718205169e+01,1.783096895076707877e+00
1.170048585310088640e+01,1.724423432910422438e+00
1.172049156901971934e+01,1.405836605506206594e+00
1.174049728493855405e+01,1.910544838233395604e+00
1.176050300085738698e+01,2.122680104839066217e+00
1.178050871677622169e+01,1.959410103839172912e+00
1.180051443269505640e+01,2.459792832233856252e+00
1.182052014861388933e+01,1.830745691338558245e+00
1.184052586453272404e+01,2.074226480228669622e+00
1.186053158045155698e+01,1.338393178701771324e+00
1.188053729637039169e+01,1.574658042602914865e+00
1.190054301228922640e+01,2.504394508791794038e+00
1.192054872820805933e+01,2.663079063012297354e+00
1.194055444412689404e+01,2.463130669059300892e+00
1.196056016004572697e+01,2.106813055782450483e+00
1.198056587596456168e+01,1.885936549788678640e+00
1.200057159188339639e+01,1.524564800830173539e+00
1.202057730780222933e+01,1.541913196791431906e+00
1.204058302372106226e+01,1.599677452485171347e+00
1.206058873963989697e+01,1.999336891126503257e+00
1.208059445555873168e+01,2.363453737322473103e+00
1.210060017147756461e+01,1.932119359638065248e+00
1.212060588739639932e+01,1.836304482213637845e+00
1.214061160331523226e+01,1.899706075835631003e+00
1.216061731923406697e+01,2.238694209853175465e+00
1.218062303515290168e+01,2.364914100105356631e+00
1.220062875107173461e+01,2.059908881832048344e+00
1.222063446699056932e+01,2.476571480353455978e+00
1.224064018290940226e+01,2.161998358181727919e+00
1.226064589882823697e+01,2.426558133190229505e+00
1.228065161474707168e+01,2.140941202273749511e+00
1.230065733066590461e+01,1.892912301796555452e+00
1.232066304658473754e+01,2.439285992767141309e+00
1.234066876250357225e+01,2.934986451371495164e+00
1.236067447842240696e+01,3.381126181079453730e+00
1.238068019434123990e+01,2.326049114242274118e+00
1.240068591026007461e+01,2.674235418442530321e+00
1.242069162617890754e+01,3.278435018426104186e+00
1.244069734209774225e+01,3.044260441398829009e+00
1.246070305801657696e+01,3.579955100346856600e+00
1.248070877393540989e+01,3.306921817631475413e+00
1.250071448985424460e+01,2.863382419701928416e+00
1.252072020577307754e+01,3.597395716107485431e+00
1.254072592169191225e+01,3.540152937649362119e+00
1.256073163761074696e+01,3.303763753009524962e+00
1.258073735352957989e+01,3.881107159904147341e+00
1.260074306944841460e+01,3.737296038066123760e+00
1.262074878536724754e+01,3.253026744709643481e+00
1.264075450128608225e+01,4.783400727700649391e+00
1.266076021720491518e+01,4.354667851242553844e+00
1.268076593312374989e+01,4.256298630972553454e+00
1.270077164904258282e+01,4.548508159586075017e+00
1.272077736496141753e+01,4.112578806380193797e+00
1.274078308088025224e+01,4.658293534003006720e+00
1.276078879679908518e+01,5.035594311720524630e+00
1.278079451271791989e+01,4.943141294255702256e+00
1.280080022863675282e+01,5.357673893072810500e+00
1.282080594455558753e+01,4.906418560243091420e+00
1.284081166047442224e+01,6.369652700623559483e+00
1.286081737639325517e+01,5.352008971420973538e+00
1.288082309231208988e+01,5.907564709661414781e+00
1.290082880823092282e+01,5.518631539467824254e+00
1.292083452414975753e+01,6.867453869883195949e+00
1.294084024006859224e+01,6.360464267042869047e+00
1.296084595598742517e+01,6.713177982561973955e+00
1.298085167190625810e+01,6.496415267957566186e+00
1.300085738782509281e+01,7.575366441731812728e+00
1.302086310374392752e+01,7.308104873368638010e+00
1.304086881966276046e+01,7.264055298261277827e+00
1.306087453558159517e+01,8.070141398976629077e+00
1.308088025150042810e+01,8.093782313149766594e+00
1.310088596741926281e+01,7.947758698084752993e+00
1.312089168333809752e+01,8.080891127043647870e+00
1.314089739925693046e+01,9.101222017616809268e+00
1.316090311517576517e+01,8.661905977106357568e+00
1.318090883109459810e+01,9.497633905823414935e+00
1.320091454701343281e+01,9.761073264632063484e+00
1.322092026293226752e+01,9.507903552745160525e+00
1.324092597885110045e+01,1.019087317601224818e+01
1.326093169476993339e+01,1.074247614005120965e+01
1.328093741068876810e+01,1.077840801307014829e+01
1.330094312660760281e+01,1.078201198606783073e+01
1.332094884252643574e+01,1.198209969106752659e+01
1.334095455844527045e+01,1.245264279700790944e+01
1.336096027436410338e+01,1.224706701585550483e+01
1.338096599028293809e+01,1.283123008905511497e+01
1.340097170620177280e+01,1.295558629980429721e+01
1.342097742212060574e+01,1.393347807820410722e+01
1.344098313803944045e+01,1.370171985720292973e+01
1.346098885395827338e+01,1.398826912052111560e+01
1.348099456987710809e+01,1.400318220213708642e+01
1.350100028579594280e+01,1.547048343172632379e+01
1.352100600171477573e+01,1.509651401152409989e+01
1.354101171763361044e+01,1.563158559212520515e+01
1.356101743355244338e+01,1.656985534848177011e+01
1.358102314947127809e+01,1.698646769975260185e+01
1.360102886539011102e+01,1.673350921794110135e+01
1.362103458130894573e+01,1.802040929564554972e+01
1.364104029722777867e+01,1.754814406650898917e+01
1.366104601314661338e+01,1.871092503176881294e+01
1.368105172906544809e+01,1.916208749303595127e+01
1.370105744498428102e+01,1.916247940602624666e+01
1.372106316090311573e+01,2.029443411666154873e+01
1.374106887682194866e+01,2.101305477715902015e+01
1.376107459274078337e+01,2.157672395818901379e+01
1.378108030865961808e+01,2.281252127918862627e+01
1.380108602457845102e+01,2.246049667749224810e+01
1.382109174049728573e+01,2.309615916858039597e+01
1.384109745641611866e+01,2.397101182047115486e+01
1.386110317233495337e+01,2.382346921825436326e+01
1.388110888825378808e+01,2.486791099755219037e+01
1.390111460417262101e+01,2.557500283492882431e+01
1.392112032009145395e+01,2.697627241378675578e+01
1.394112603601028866e+01,2.734721655411382457e+01
1.396113175192912337e+01,2.802128141195521138e+01
1.398113746784795630e+01,2.859614666942152539e+01
1.400114318376679101e+01,2.892673327795838745e+01
1.402114889968562395e+01,3.000661363323296271e+01
1.404115461560445866e+01,3.110696659170051248e+01
1.406116033152329337e+01,3.211936104616564336e+01
1.408116604744212630e+01,3.288730031567563827e+01
1.410117176336095923e+01,3.327097252413430084e+01
1.412117747927979394e+01,3.350583647680767285e+01
1.414118319519862865e+01,3.470512962255192235e+01
1.416118891111746336e+01,3.555935645491752695e+01
1.418119462703629630e+01,3.658120000034538322e+01
1.420120034295512923e+01,3.713627754116564716e+01
1.422120605887396394e+01,3.891815036868801059e+01
1.424121177479279865e+01,3.960076767428341071e+01
1.426121749071163336e+01,3.951379068262242811e+01
1.428122320663046629e+01,4.046564866067552657e+01
1.430122892254929923e+01,4.225327014709063178e+01
1.432123463846813394e+01,4.292745034842270968e+01
1.434124035438696865e+01,4.389810706686543540e+01
1.436124607030580158e+01,4.322773172996514290e+01
1.438125178622463629e+01,4.457190465885014419e+01
1.440125750214346922e+01,4.549438852890223473e+01
1.442126321806230393e+01,4.593453505499225997e+01
1.444126893398113864e+01,4.589370308754945427e+01
1.446127464989997158e+01,4.517033895512375352e+01
1.448128036581880451e+01,4.510484782922478075e+01
1.450128608173763922e+01,4.416928077858780455e+01
1.452129179765647393e+01,4.288647823539776027e+01
1.454129751357530864e+01,4.231150825188476006e+01
1.456130322949414158e+01,4.167938723128375500e+01
1.458130894541297451e+01,3.985003071389374441e+01
1.460131466133180922e+01,3.776003645549957355e+01
1.462132037725064393e+01,3.592926926928291209e+01
1.464132609316947686e+01,3.271420499094950429e+01
1.466133180908831157e+01,3.093184483640268922e+01
1.468133752500714451e+01,2.928741988768295101e+01
1.470134324092597922e+01,2.603317312418426610e+01
1.472134895684481393e+01,2.408341960776580493e+01
1.474135467276364686e+01,2.087742368445188745e+01
1.476136038868247979e+01,1.856773044884469215e+01
1.478136610460131450e+01,1.673827095212051574e+01
1.480137182052014921e+01,1.440962906199818327e+01
1.482137753643898392e+01,1.263911100787856157e+01
1.484138325235781686e+01,1.099222926087675667e+01
1.486138896827664979e+01,1.019840417265023014e+01
1.488139468419548450e+01,8.628858376926404006e+00
1.490140040011431921e+01,7.167599080280993462e+00
1.492140611603315392e+01,7.102868741971181343e+00
1.494141183195198685e+01,6.797070382168046265e+00
1.496141754787081979e+01,5.652732349772163545e+00
1.498142326378965450e+01,5.369004025648298928e+00
1.500142897970848921e+01,5.375037119616725256e+00
1.502143469562732214e+01,5.709494357995436253e+00
1.504144041154615508e+01,5.334070055254464648e+00
1.506144612746498979e+01,5.613148665848445518e+00
1.508145184338382450e+01,5.737702723795255366e+00
1.510145755930265921e+01,5.000736324183467474e+00
1.512146327522149214e+01,5.483591352022115117e+00
1.514146899114032507e+01,4.931340974687964618e+00
1.516147470705915978e+01,5.325972312367177608e+00
1.518148042297799449e+01,5.832693970305936837e+00
1.520148613889682920e+01,4.636811046677338233e+00
1.522149185481566214e+01,5.406210388760714025e+00
1.524149757073449507e+01,5.095334828166722119e+00
1.526150328665332978e+01,5.453834746135639122e+00
1.528150900257216449e+01,4.662001839827253136e+00
1.530151471849099742e+01,5.270910575362956152e+00
1.532152043440983036e+01,5.336802996476096794e+00
1.534152615032866507e+01,5.599509148255795488e+00
1.536153186624749978e+01,5.255423367928663936e+00
1.538153758216633449e+01,5.086383510561178767e+00
1.540154329808516742e+01,5.769599465860601128e+00
1.542154901400400036e+01,4.989297822337705135e+00
1.544155472992283507e+01,5.380192755454308084e+00
1.546156044584166978e+01,5.322062653013986733e+00
1.548156616176050449e+01,6.084236708965426565e+00
1.550157187767933742e+01,6.177971176683248800e+00
1.552157759359817035e+01,6.362371198525773153e+00
1.554158330951700506e+01,6.221847695753135454e+00
1.556158902543583977e+01,6.932211146725896889e+00
1.558159474135467271e+01,6.690328607535546368e+00
1.560160045727350742e+01,7.031656435222368273e+00
1.562160617319234035e+01,6.779498285039954553e+00
1.564161188911117506e+01,6.658339081621328148e+00
1.566161760503000977e+01,6.145461141118790493e+00
1.568162332094884270e+01,5.980505871319436118e+00
1.570162903686767564e+01,7.183211045376686421e+00
1.572163475278651035e+01,6.705476289826173719e+00
1.574164046870534506e+01,7.319696674867944175e+00
1.576164618462417977e+01,7.203900560986518542e+00
1.578165190054301270e+01,6.837963079329563598e+00
1.580165761646184563e+01,6.941796068070814840e+00
1.582166333238068034e+01,7.361332845488117727e+00
1.584166904829951505e+01,7.955477901714594680e+00
1.586167476421834799e+01,8.011804840888601120e+00
1.588168048013718270e+01,8.391126915423370747e+00
1.590168619605601563e+01,8.149679685328065304e+00
1.592169191197485034e+01,8.603959821601080193e+00
1.594169762789368505e+01,8.330842674126063940e+00
1.596170334381251799e+01,8.818622433613683143e+00
1.598170905973135092e+01,8.611502356721910445e+00
1.600171477565018563e+01,9.178862675677587291e+00
1.602172049156902034e+01,8.897198940490989472e+00
1.604172620748785505e+01,8.964744159429807624e+00
1.606173192340668976e+01,1.025935421398845726e+01
1.608173763932552092e+01,1.037946519354538566e+01
1.610174335524435563e+01,1.041048382672456363e+01
1.612174907116319034e+01,9.913981345014743596e+00
1.614175478708202505e+01,1.020211781557299169e+01
1.616176050300085620e+01,9.801188444859034732e+00
1.618176621891969091e+01,1.149534806989619895e+01
1.620177193483852562e+01,1.196119642329657928e+01
1.622177765075736033e+01,1.107599416334275944e+01
1.624178336667619504e+01,1.131540148287337644e+01
1.626178908259502620e+01,1.130714902162283941e+01
1.628179479851386091e+01,1.200462232616127167e+01
1.630180051443269562e+01,1.226139875183863381e+01
1.632180623035153033e+01,1.162694175329447965e+01
1.634181194627036149e+01,1.248475274640574284e+01
1.636181766218919620e+01,1.128052695668024086e+01
1.638182337810803091e+01,1.151413535669836286e+01
1.640182909402686562e+01,1.173886563631750057e+01
1.642183480994570033e+01,1.141125056241390467e+01
1.644184052586453504e+01,1.139990358520341118e+01
1.646184624178336620e+01,9.745243906760816088e+00
1.648185195770220091e+01,1.073337043409766878e+01
1.650185767362103562e+01,8.728064290270173942e+00
1.652186338953986677e+01,9.832669291922732313e+00
1.654186910545870148e+01,8.668469925128817977e+00
1.656187482137753619e+01,7.760712423155863959e+00
1.658188053729637090e+01,7.356314383398741441e+00
1.660188625321520561e+01,6.595385296904669126e+00
1.662189196913404032e+01,6.391318654314069647e+00
1.664189768505287148e+01,5.903457085197410414e+00
1.666190340097170619e+01,6.180787497864658420e+00
1.668190911689054090e+01,4.791100746551081535e+00
1.670191483280937561e+01,4.885255536909552276e+00
1.672192054872820677e+01,4.699729195048139907e+00
1.674192626464704148e+01,4.070807932775760918e+00
1.676193198056587619e+01,4.226709351285251159e+00
1.678193769648471090e+01,3.836278450166197729e+00
1.680194341240354561e+01,4.499120999022463430e+00
1.682194912832238032e+01,3.570357390782801232e+00
1.684195484424121148e+01,4.712074991883974384e+00
1.686196056016004619e+01,3.537505954096917371e+00
1.688196627607888090e+01,3.481608139022465576e+00
1.690197199199771205e+01,3.111663500659386905e+00
1.692197770791654676e+01,3.252724948343759692e+00
1.694198342383538147e+01,3.635634018209852769e+00
1.696198913975421618e+01,3.280933781805781102e+00
1.698199485567305089e+01,3.285982616193593664e+00
1.700200057159188560e+01,3.350579227353066791e+00
1.702200628751071676e+01,3.871862570733283881e+00
1.704201200342955147e+01,3.392501616245211515e+00
1.706201771934838618e+01,3.771009984084614963e+00
1.708202343526722089e+01,3.293241305453241008e+00
1.710202915118605205e+01,4.397841082302427651e+00
1.712203486710488676e+01,3.722781474349232234e+00
1.714204058302372147e+01,3.973795256778528184e+00
1.716204629894255618e+01,3.708675292970997184e+00
1.718205201486139089e+01,4.358465735298316268e+00
1.720205773078022204e+01,4.725065885293641799e+00
1.722206344669905675e+01,4.044608087547985953e+00
1.724206916261789146e+01,3.481927699297157730e+00
1.726207487853672617e+01,4.424408838035477132e+00
1.728208059445555733e+01,3.956340502707456519e+00
1.730208631037439204e+01,4.055308560968215126e+00
1.732209202629322675e+01,3.707889886540240099e+00
1.734209774221206146e+01,4.488617223642092924e+00
1.736210345813089617e+01,4.142200951841751078e+00
1.738210917404973088e+01,4.995298262881888718e+00
1.740211488996856204e+01,4.421958267629495509e+00
1.742212060588739675e+01,4.673253840475905641e+00
1.744212632180623146e+01,4.475378044497029251e+00
1.746213203772506262e+01,4.667021460808831179e+00
1.748213775364389733e+01,4.789569931542935421e+00
1.750214346956273204e+01,4.396924485220418788e+00
1.752214918548156675e+01,5.103986192416888557e+00
1.754215490140040146e+01,4.549341235387348803e+00
1.756216061731923617e+01,4.350550589226704012e+00
1.758216633323806732e+01,4.652330715065200906e+00
1.760217204915690203e+01,4.634753194761522366e+00
1.762217776507573674e+01,5.128690661734808032e+00
1.764218348099457145e+01,4.715486654053339777e+00
1.766218919691340261e+01,4.863819781921548291e+00
1.768219491283223732e+01,4.858246173999788198e+00
1.770220062875107203e+01,5.413781778388637278e+00
1.772220634466990674e+01,5.143601553996575149e+00
1.774221206058874145e+01,4.875939349147944135e+00
1.776221777650757616e+01,4.994028211075745460e+00
1.778222349242640732e+01,5.586336333179537483e+00
1.780222920834524203e+01,4.879842865645474426e+00
1.782223492426407674e+01,4.855417348573026537e+00
1.784224064018290790e+01,4.398391433696197339e+00
1.786224635610174261e+01,4.526743364297457717e+00
1.788225207202057732e+01,4.988231648632592830e+00
1.790225778793941203e+01,5.245673192883973712e+00
1.792226350385824674e+01,4.653594763792895606e+00
1.794226921977708145e+01,4.130337759899369132e+00
1.796227493569591260e+01,4.190619542979347578e+00
1.798228065161474731e+01,4.484662540695394384e+00
1.800228636753358202e+01,4.184125557181902266e+00
1.802229208345241318e+01,4.913443510697015348e+00
1.804229779937124789e+01,4.417084527354152357e+00
1.806230351529008260e+01,3.811303320675428985e+00
1.808230923120891731e+01,4.234858422670143341e+00
1.810231494712775202e+01,4.223525278681677264e+00
1.812232066304658673e+01,3.787459227433901177e+00
1.814232637896542144e+01,3.198282486994445950e+00
1.816233209488425260e+01,3.584830510183943719e+00
1.818233781080308731e+01,3.700664241529686649e+00
1.820234352672191847e+01,2.884216930985864735e+00
1.822234924264075318e+01,3.489509884204442081e+00
1.824235495855958789e+01,3.327930610463186945e+00
1.826236067447842260e+01,2.849492194355561558e+00
1.828236639039725731e+01,3.443425453348296639e+00
1.830237210631609202e+01,3.360904388218937111e+00
1.832237782223492673e+01,3.786852577239031348e+00
1.834238353815375788e+01,2.923878138402253857e+00
1.836238925407259259e+01,3.334285700663319751e+00
1.838239496999142730e+01,2.743782151946223546e+00
1.840240068591025846e+01,3.831239574519764712e+00
1.842240640182909317e+01,3.142503016789086168e+00
1.844241211774792788e+01,3.737449186771827581e+00
1.846241783366676259e+01,2.945340616305142323e+00
1.848242354958559730e+01,3.265869179396723165e+00
1.850242926550443201e+01,3.776935789585803782e+00
1.852243498142326672e+01,2.953439980968655121e+00
1.854244069734209788e+01,3.554718964679040027e+00
1.856244641326093259e+01,4.043815941067821385e+00
1.858245212917976374e+01,3.856070239234236308e+00
1.860245784509859845e+01,3.408807056281701442e+00
1.862246356101743316e+01,3.347310111162547841e+00
1.864246927693626787e+01,3.691411193337267971e+00
1.866247499285510258e+01,3.687003806863393685e+00
1.868248070877393729e+01,4.239309031363019287e+00
1.870248642469277200e+01,2.998695404036291201e+00
1.872249214061160316e+01,3.598671319560223125e+00
1.874249785653043787e+01,3.509777330711955745e+00
1.876250357244927258e+01,3.735907851109880884e+00
1.878250928836810374e+01,3.451221028264478630e+00
1.880251500428693845e+01,3.237444378880490969e+00
1.882252072020577316e+01,3.006291743114433146e+00
1.884252643612460787e+01,3.937782614578629659e+00
1.886253215204344258e+01,3.457165478145120652e+00
1.888253786796227729e+01,3.511043823035325140e+00
1.890254358388111200e+01,3.334077445855751165e+00
1.892254929979994316e+01,3.261501815836848728e+00
1.894255501571877787e+01,3.833032420678550878e+00
1.896256073163760902e+01,3.824298027552750945e+00
1.898256644755644373e+01,3.037405751702664247e+00
1.900257216347527844e+01,3.488512019282296706e+00
1.902257787939411315e+01,3.779977350306126027e+00
1.904258359531294786e+01,3.836029144123783041e+00
1.906258931123178257e+01,3.856570139964482280e+00
1.908259502715061728e+01,3.571339935215771533e+00
1.910260074306944844e+01,3.286978881773168659e+00
1.912260645898828315e+01,3.197223496774482143e+00
1.914261217490711431e+01,3.799917253280932883e+00
1.916261789082594902e+01,2.924774019356465526e+00
1.918262360674478373e+01,3.321152873550078599e+00
1.920262932266361844e+01,4.261518906547286711e+00
1.922263503858245315e+01,3.688215795166007727e+00
1.924264075450128786e+01,3.886002856324681787e+00
1.926264647042012257e+01,3.782007267238043369e+00
1.928265218633895373e+01,4.096774555482210367e+00
1.930265790225778844e+01,4.538322876815595208e+00
1.932266361817662315e+01,3.585661495370737306e+00
1.934266933409545430e+01,4.004579021386789783e+00
1.936267505001428901e+01,3.904636843663721102e+00
1.938268076593312372e+01,3.686026140364059955e+00
1.940268648185195843e+01,3.351605041257083251e+00
1.942269219777079314e+01,3.562331120851198740e+00
1.944269791368962785e+01,3.728274278154787957e+00
1.946270362960846256e+01,4.041899475952134502e+00
1.948270934552729372e+01,3.024361960157075480e+00
1.950271506144612843e+01,3.283971454467788931e+00
1.952272077736495959e+01,4.014876643739858864e+00
1.954272649328379430e+01,3.341489951727623087e+00
1.956273220920262901e+01,4.506441439615941569e+00
1.958273792512146372e+01,4.167316668237580402e+00
1.960274364104029843e+01,3.302981285616427343e+00
1.962274935695913314e+01,3.295190635019116243e+00
1.964275507287796785e+01,3.575448881149231539e+00
1.966276078879679901e+01,4.128355855526938178e+00
1.968276650471563372e+01,3.495731962395923098e+00
1.970277222063446487e+01,3.722500832828508521e+00
1.972277793655329958e+01,3.834011145789061992e+00
1.974278365247213429e+01,3.932681570147261496e+00
1.976278936839096900e+01,4.093049641192840760e+00
1.978279508430980371e+01,4.425225639604729366e+00
1.980280080022863842e+01,4.393453955537002464e+00
1.982280651614747313e+01,3.913102787478534239e+00
1.984281223206630784e+01,3.232223715035005718e+00
1.986281794798513900e+01,4.113786274769354989e+00
1.988282366390397371e+01,3.257725043220869754e+00
1.990282937982280487e+01,3.558886945135428359e+00
1.992283509574163958e+01,4.241721164389167242e+00
1.994284081166047429e+01,3.391483136023966338e+00
1.996284652757930900e+01,2.932716060512736700e+00
1.998285224349814371e+01,4.018860586134723967e+00
2.000285795941697842e+01,3.529099211741677955e+00
2.002286367533581313e+01,4.038592070568615355e+00
2.004286939125464428e+01,3.364324627747903751e+00
2.006287510717347899e+01,3.703585887476689376e+00
2.008288082309231015e+01,4.289403033670774690e+00
2.010288653901114486e+01,3.380480048744106014e+00
2.012289225492997957e+01,3.824720876305085504e+00
2.014289797084881428e+01,3.914628081981278207e+00
2.016290368676764899e+01,3.971017288198434692e+00
2.018290940268648370e+01,3.542095291864361783e+00
2.020291511860531841e+01,4.252389742645831916e+00
2.022292083452414957e+01,4.936508944730828574e+00
2.024292655044298428e+01,4.075854457526232544e+00
2.026293226636181899e+01,4.800605822266264866e+00
2.028293798228065015e+01,3.599822458111720191e+00
2.030294369819948486e+01,4.462411100277540399e+00
2.032294941411831957e+01,3.663479009961631672e+00
2.034295513003715428e+01,4.391493499427010505e+00
2.036296084595598899e+01,4.149355187918144061e+00
2.038296656187482370e+01,4.363920165134937079e+00
2.040297227779365841e+01,4.836888136175847563e+00
2.042297799371248956e+01,4.330131032842271743e+00
2.044298370963132427e+01,4.330669799664934594e+00
2.046298942555015543e+01,4.915645949291961969e+00
2.048299514146899014e+01,3.866834251396200184e+00
2.050300085738782485e+01,3.960759261467953429e+00
2.052300657330665956e+01,3.559291280487644649e+00
2.054301228922549427e+01,3.726153297985455026e+00
2.056301800514432898e+01,4.567720789812981685e+00
2.058302372106316369e+01,4.664798100177509177e+00
2.060302943698199485e+01,4.027196512479405577e+00
2.062303515290082956e+01,4.810147151892562256e+00
2.064304086881966072e+01,3.878322261086100120e+00
2.066304658473849543e+01,4.792108983963608182e+00
2.068305230065733014e+01,3.477067564546595158e+00
2.070305801657616485e+01,3.644220414939835173e+00
2.072306373249499956e+01,4.226267346149757742e+00
2.074306944841383427e+01,4.007939217693881062e+00
2.076307516433266898e+01,4.670966721673957878e+00
2.078308088025150369e+01,3.802814938519490262e+00
2.080308659617033484e+01,4.299036248581574959e+00
2.082309231208916955e+01,4.394748214071777070e+00
2.084309802800800071e+01,4.219353804589983881e+00
2.086310374392683542e+01,4.035086941050842313e+00
2.088310945984567013e+01,4.245740158075870241e+00
2.090311517576450484e+01,4.252604968016478360e+00
2.092312089168333955e+01,4.459905814283438907e+00
2.094312660760217426e+01,4.373722094915796887e+00
2.096313232352100897e+01,3.448375647389668508e+00
2.098313803943984013e+01,3.981348456432756144e+00
2.100314375535867484e+01,3.719924721420761582e+00
2.102314947127750600e+01,3.641004070962748695e+00
2.104315518719634071e+01,4.039129033631578380e+00
2.106316090311517542e+01,4.069866229719338868e+00
2.108316661903401013e+01,4.412615233011154103e+00
2.110317233495284484e+01,4.205936488006592811e+00
2.112317805087167955e+01,3.099884599724987311e+00
2.114318376679051426e+01,3.475429311536875510e+00
2.116318948270934541e+01,3.897011024206084251e+00
2.118319519862818012e+01,3.994606080787450608e+00
2.120320091454701483e+01,3.349504792381859275e+00
2.122320663046584599e+01,3.390519561605358945e+00
2.124321234638468070e+01,3.882817435010817775e+00
2.126321806230351541e+01,3.757647208517189696e+00
2.128322377822235012e+01,4.475387783168758737e+00
2.130322949414118483e+01,4.530348944962138802e+00
2.132323521006001954e+01,3.301732776851439954e+00
2.134324092597885425e+01,4.303766770329167990e+00
2.136324664189768541e+01,3.773219905766905136e+00
2.138325235781652012e+01,4.053083827295400177e+00
2.140325807373535127e+01,4.757779105779521345e+00
2.142326378965418598e+01,4.543197955848945924e+00
2.144326950557302069e+01,3.773118842420258190e+00
2.146327522149185540e+01,4.445077034252662429e+00
2.148328093741069011e+01,3.520051345452699376e+00
2.150328665332952482e+01,4.045113322781149989e+00
2.152329236924835953e+01,3.809904666007635221e+00
2.154329808516719069e+01,3.648652826500733859e+00
2.156330380108602540e+01,3.961666726254710724e+00
2.158330951700485656e+01,4.298035193611864813e+00
2.160331523292369127e+01,3.767244341425102228e+00
2.162332094884252598e+01,3.581523021868661782e+00
2.164332666476136069e+01,3.621479238389238020e+00
2.166333238068019540e+01,3.611770265477217468e+00
2.168333809659903011e+01,3.570309284151874429e+00
2.170334381251786482e+01,3.895430735738266925e+00
2.172334952843669598e+01,3.923848704842489710e+00
2.174335524435553069e+01,3.886881291168601926e+00
2.176336096027436540e+01,3.673046096079072065e+00
2.178336667619319655e+01,4.009439573094153886e+00
2.180337239211203126e+01,4.494334268518596076e+00
2.182337810803086597e+01,3.748076035050705634e+00
2.184338382394970068e+01,3.989393215203940191e+00
2.186338953986853539e+01,4.101141725321740594e+00
2.188339525578737010e+01,4.333517703738937854e+00
2.190340097170620481e+01,4.152841886148840089e+00
2.192340668762503597e+01,4.101040615827583835e+00
2.194341240354387068e+01,3.332151226496871566e+00
2.196341811946270184e+01,3.894275069275850321e+00
2.198342383538153655e+01,4.421185288845475014e+00
2.200342955130037126e+01,4.274395566128006863e+00
2.202343526721920597e+01,3.473947367649373064e+00
2.204344098313804068e+01,4.778347720226514106e+00
2.206344669905687539e+01,3.928783180136312225e+00
2.208345241497571010e+01,3.427127976021733691e+00
2.210345813089454126e+01,3.445543035817803190e+00
2.212346384681337597e+01,4.401281331228789284e+00
2.214346956273221068e+01,4.134727782303175836e+00
2.216347527865104183e+01,3.335327474937404446e+00
2.218348099456987654e+01,4.404008820637848487e+00
2.220348671048871125e+01,4.444653185348935054e+00
2.222349242640754596e+01,3.982138899470238691e+00
2.224349814232638067e+01,4.574675552395614631e+00
2.226350385824521538e+01,4.363729793918099453e+00
2.228350957416405009e+01,4.587398988757763973e+00
2.230351529008288125e+01,3.582530045633742333e+00
2.232352100600171596e+01,3.396652518598723525e+00
2.234352672192054712e+01,4.328530625052237291e+00
2.236353243783938183e+01,4.177953591581057502e+00
2.238353815375821654e+01,4.687587904361746993e+00
2.240354386967705125e+01,4.367692767788867059e+00
2.242354958559588596e+01,3.956564851963397800e+00
2.244355530151472067e+01,4.540628813203769987e+00
2.246356101743355538e+01,3.937810127837051866e+00
2.248356673335238654e+01,3.800406588660255824e+00
2.250357244927122125e+01,4.427674556574780595e+00
2.252357816519005240e+01,4.999619258806556665e+00
2.254358388110888711e+01,3.741956413799929937e+00
2.256358959702772182e+01,4.471243312032456174e+00
2.258359531294655653e+01,3.865868261298895714e+00
2.260360102886539124e+01,4.300473628650459901e+00
2.262360674478422595e+01,4.318846137285103026e+00
2.264361246070306066e+01,4.809026223049400528e+00
2.266361817662189182e+01,4.389270939938594296e+00
2.268362389254072653e+01,4.647384752535964836e+00
2.270362960845956124e+01,3.964864733196891144e+00
2.272363532437839240e+01,4.170702660810906792e+00
2.274364104029722711e+01,4.084655800585432317e+00
2.276364675621606182e+01,4.483604860338191500e+00
2.278365247213489653e+01,4.387325357670118997e+00
2.280365818805373124e+01,4.643597344824028639e+00
2.282366390397256595e+01,4.549134666802939542e+00
2.284366961989140066e+01,4.206007826757605983e+00
2.286367533581023181e+01,4.551473950112454148e+00
2.288368105172906652e+01,4.527298125089469494e+00
2.290368676764789768e+01,4.101662369699150545e+00
2.292369248356673239e+01,4.659701902105306104e+00
2.294369819948556710e+01,5.290934398435918951e+00
2.296370391540440181e+01,4.137291654763128435e+00
2.298370963132323652e+01,4.007888675526272593e+00
2.300371534724207123e+01,4.217691975444299857e+00
2.302372106316090594e+01,5.077847200972454900e+00
2.304372677907973710e+01,4.384554310292951840e+00
2.306373249499857181e+01,5.570625974618176102e+00
2.308373821091740652e+01,4.607211665842575243e+00
2.310374392683623768e+01,4.862006330571522206e+00
2.312374964275507239e+01,3.924256829334474173e+00
2.314375535867390710e+01,4.288968727125827662e+00
2.316376107459274181e+01,4.949834853659483613e+00
2.318376679051157652e+01,4.646067055951940361e+00
2.320377250643041123e+01,4.534343263231528809e+00
2.322377822234924594e+01,5.332540662850666635e+00
2.324378393826807709e+01,4.980824885802523028e+00
2.326378965418691180e+01,4.583996015342102659e+00
2.328379537010574296e+01,4.998720094897127098e+00
2.330380108602457767e+01,5.218704116903213119e+00
2.332380680194341238e+01,4.350523098786458931e+00
2.334381251786224709e+01,5.574211302414175506e+00
2.336381823378108180e+01,4.307155665929248478e+00
2.338382394969991651e+01,5.023506682712234550e+00
2.340382966561875122e+01,4.265477626723258808e+00
2.342383538153758238e+01,5.160718336369547465e+00
2.344384109745641709e+01,5.702023372910021592e+00
2.346384681337524825e+01,5.550578817180687352e+00
2.348385252929408296e+01,5.493299967076858081e+00
2.350385824521291767e+01,5.058508058815085029e+00
2.352386396113175238e+01,5.165736091398711594e+00
2.354386967705058709e+01,6.174485273605291979e+00
2.356387539296942180e+01,5.472049521402572836e+00
2.358388110888825651e+01,5.888880712529508621e+00
2.360388682480708766e+01,6.524566272990990790e+00
2.362389254072592237e+01,5.964126279743999781e+00
2.364389825664475708e+01,6.147578687094263472e+00
2.366390397256358824e+01,7.211408906861256796e+00
2.368390968848242295e+01,6.778661514904598562e+00
2.370391540440125766e+01,6.561431335938745946e+00
2.372392112032009237e+01,6.336302737629770476e+00
2.374392683623892708e+01,6.779228016010423019e+00
2.376393255215776179e+01,6.761475473298691696e+00
2.378393826807659650e+01,7.201484266088282737e+00
2.380394398399542766e+01,6.635500608440048964e+00
2.382394969991426237e+01,7.007434679195554850e+00
2.384395541583309353e+01,8.161843273015932709e+00
2.386396113175192824e+01,7.790212299733300760e+00
2.388396684767076295e+01,8.250462089471261251e+00
2.390397256358959766e+01,8.679151895385574633e+00
2.392397827950843237e+01,8.590879834389509639e+00
2.394398399542726708e+01,9.249723066873098531e+00
2.396398971134610179e+01,8.722288822976199896e+00
2.398399542726493294e+01,1.001761640358191130e+01
2.400400114318376765e+01,9.932872990184616668e+00
2.402400685910260236e+01,9.586038580433003276e+00
2.404401257502143352e+01,1.009186721972877798e+01
2.406401829094026823e+01,1.064903655407037597e+01
2.408402400685910294e+01,1.147001165251720600e+01
2.410402972277793765e+01,1.158953632442146109e+01
2.412403543869677236e+01,1.149713343929937892e+01
2.414404115461560707e+01,1.230327696949390948e+01
2.416404687053444178e+01,1.279519769972767307e+01
2.418405258645327294e+01,1.317628359666892024e+01
2.420405830237210765e+01,1.300982379165844094e+01
2.422406401829093880e+01,1.419007990612812797e+01
2.424406973420977351e+01,1.413869402623422999e+01
2.426407545012860822e+01,1.502668039517304344e+01
2.428408116604744293e+01,1.469984291022014133e+01
2.430408688196627764e+01,1.607793115109569726e+01
2.432409259788511235e+01,1.600380861337583482e+01
2.434409831380394706e+01,1.660202386627984694e+01
2.436410402972277822e+01,1.615832444330545314e+01
2.438410974564161293e+01,1.609930755082528364e+01
2.440411546156044409e+01,1.625820518503930856e+01
2.442412117747927880e+01,1.612846770220151171e+01
2.444412689339811351e+01,1.585821097655501966e+01
2.446413260931694822e+01,1.658516083151992859e+01
2.448413832523578293e+01,1.580296376749672582e+01
2.450414404115461764e+01,1.480105825389338747e+01
2.452414975707345235e+01,1.519657164163974983e+01
2.454415547299228351e+01,1.578200696427419913e+01
2.456416118891111822e+01,1.502448806090641220e+01
2.458416690482995293e+01,1.484393105472880237e+01
2.460417262074878408e+01,1.449792871406548755e+01
2.462417833666761879e+01,1.473665043673218378e+01
2.464418405258645350e+01,1.446490236632254245e+01
2.466418976850528821e+01,1.452993291539139875e+01
2.468419548442412292e+01,1.394518579046718365e+01
2.470420120034295763e+01,1.467225836656273863e+01
2.472420691626179234e+01,1.525889521231844093e+01
2.474421263218062350e+01,1.518762827686304995e+01
2.476421834809945821e+01,1.584612177377182896e+01
2.478422406401828937e+01,1.615375818983224576e+01
2.480422977993712408e+01,1.663086964081145425e+01
2.482423549585595879e+01,1.750466548924924837e+01
2.484424121177479350e+01,1.811770028448786363e+01
2.486424692769362821e+01,1.903388009636295308e+01
2.488425264361246292e+01,2.041635858203314768e+01
2.490425835953129763e+01,2.093566211157019907e+01
2.492426407545012879e+01,2.153638607578200492e+01
2.494426979136896350e+01,2.279841840015370380e+01
2.496427550728779821e+01,2.362453189530824815e+01
2.498428122320662936e+01,2.501745595744493755e+01
2.500428693912546407e+01,2.594811122334380826e+01
2.502429265504429878e+01,2.787166215935208768e+01
2.504429837096313349e+01,2.901818903658013227e+01
2.506430408688196820e+01,3.001243223108747316e+01
2.508430980280080291e+01,3.087780375827454193e+01
2.510431551871963762e+01,3.229251781555739598e+01
2.512432123463846878e+01,3.402932453952045222e+01
2.514432695055730349e+01,3.580050986222435938e+01
2.516433266647613465e+01,3.748153594903977393e+01
2.518433838239496936e+01,3.932373063136066094e+01
2.520434409831380407e+01,4.085644475266224873e+01
2.522434981423263878e+01,4.244810391355012058e+01
2.524435553015147349e+01,4.351031615085170756e+01
2.526436124607030820e+01,4.592411052974208019e+01
2.528436696198914291e+01,4.701040871668990206e+01
2.530437267790797407e+01,4.890160877815956297e+01
2.532437839382680878e+01,5.054805616746136820e+01
2.534438410974563993e+01,5.138490330562024866e+01
2.536438982566447464e+01,5.153651116965185253e+01
2.538439554158330935e+01,5.161720119171823029e+01
2.540440125750214406e+01,5.255120369897533550e+01
2.542440697342097877e+01,5.189493712315524476e+01
2.544441268933981348e+01,5.140959899928873256e+01
2.546441840525864819e+01,4.982108607798907229e+01
2.548442412117747935e+01,4.899147324908530265e+01
2.550442983709631406e+01,4.700211446193294762e+01
2.552443555301514877e+01,4.471282779526631401e+01
2.554444126893397993e+01,4.259227983094036318e+01
2.556444698485281464e+01,3.915095989122318088e+01
2.558445270077164935e+01,3.600402725339928622e+01
2.560445841669048406e+01,3.320731870394143925e+01
2.562446413260931877e+01,2.984373826838397648e+01
2.564446984852815348e+01,2.738493773071126824e+01
2.566447556444698819e+01,2.499872566040926358e+01
2.568448128036581934e+01,2.198278653236257085e+01
2.570448699628465405e+01,1.909430928592193766e+01
2.572449271220348521e+01,1.760876926490420047e+01
2.574449842812231992e+01,1.530999777806412609e+01
2.576450414404115463e+01,1.380990090054565300e+01
2.578450985995998934e+01,1.261975441306266710e+01
2.580451557587882405e+01,1.197206198936774513e+01
2.582452129179765876e+01,1.115383461592542602e+01
2.584452700771649347e+01,1.011664982829231008e+01
2.586453272363532463e+01,1.034927319271004187e+01
2.588453843955415934e+01,9.019041855245495398e+00
2.590454415547299405e+01,9.541075560503745834e+00
2.592454987139182521e+01,9.152970555853855217e+00
2.594455558731065992e+01,9.429141526555204322e+00
2.596456130322949463e+01,9.490141497210649035e+00
2.598456701914832934e+01,9.011728853874188871e+00
2.600457273506716405e+01,9.413609330127245656e+00
2.602457845098599520e+01,9.111033562999583779e+00
2.604458416690482991e+01,9.102240214196854140e+00
2.606458988282366462e+01,8.982734191718140693e+00
2.608459559874249933e+01,9.889139370071525548e+00
2.610460131466133404e+01,9.671683209961038585e+00
2.612460703058016520e+01,1.006773877170794407e+01
2.614461274649899991e+01,1.084286616751712984e+01
2.616461846241783462e+01,1.014773839683493684e+01
2.618462417833666933e+01,1.086620588593341097e+01
2.620462989425550404e+01,1.113572368539129265e+01
2.622463561017433520e+01,1.149246023661976324e+01
2.624464132609316991e+01,1.181222126230482772e+01
2.626464704201200462e+01,1.236544803822007133e+01
2.628465275793083933e+01,1.143636825680307822e+01
2.630465847384967049e+01,1.192054864534342684e+01
2.632466418976850520e+01,1.311410808071078193e+01
2.634466990568733991e+01,1.310023979590406107e+01
2.636467562160617462e+01,1.331040784014571088e+01
2.638468133752500933e+01,1.346568498068253206e+01
2.640468705344384048e+01,1.393504419766048308e+01
2.642469276936267519e+01,1.431949025138482234e+01
2.644469848528150990e+01,1.494054122599335344e+01
2.646470420120034461e+01,1.513909612832839002e+01
2.648470991711917932e+01,1.552103970817187673e+01
2.650471563303801048e+01,1.493179223155140534e+01
2.652472134895684519e+01,1.543678296421773943e+01
2.654472706487567990e+01,1.577079394611263119e+01
2.656473278079451461e+01,1.552247836796339797e+01
2.658473849671334932e+01,1.522194940482774150e+01
2.660474421263218048e+01,1.532984709635396392e+01
2.662474992855101519e+01,1.467237652915794044e+01
2.664475564446984990e+01,1.379938805656208878e+01
2.666476136038868461e+01,1.380815041865888126e+01
2.668476707630751577e+01,1.332860501443631662e+01
2.670477279222635048e+01,1.117262584911524748e+01
2.672477850814518519e+01,1.123666866135474685e+01
2.674478422406401990e+01,1.051382627187240004e+01
2.676478993998285461e+01,1.025167359010661983e+01
2.678479565590168576e+01,9.398602961422662716e+00
2.680480137182052047e+01,8.302322495558641435e+00
2.682480708773935518e+01,7.456061249429344784e+00
2.684481280365818989e+01,6.493424076215122298e+00
2.686481851957702460e+01,6.615761598434005464e+00
2.688482423549585576e+01,6.213164217121523336e+00
2.690482995141469047e+01,6.369732985504896305e+00
2.692483566733352518e+01,5.884759349845980481e+00
2.694484138325235989e+01,6.367675428576752950e+00
2.696484709917119105e+01,5.759327248589062087e+00
2.698485281509002576e+01,5.459205185534178995e+00
2.700485853100886047e+01,5.995182691222444404e+00
2.702486424692769518e+01,5.533059766596441165e+00
2.704486996284652989e+01,4.834088199815607112e+00
2.706487567876536104e+01,5.191922419270014188e+00
2.708488139468419575e+01,5.200956655719203070e+00
2.710488711060303046e+01,5.062476860475122464e+00
2.712489282652186517e+01,4.744688992797044591e+00
2.714489854244069988e+01,4.691732476758472714e+00
2.716490425835953104e+01,4.719268697713483895e+00
2.718490997427836575e+01,5.868217678709033436e+00
2.720491569019720046e+01,5.674763991604500291e+00
2.722492140611603517e+01,4.735493789239662021e+00
2.724492712203486633e+01,5.244404282827549224e+00
2.726493283795370104e+01,4.698000198192078258e+00
2.728493855387253575e+01,5.719287332723798301e+00
2.730494426979137046e+01,5.439941325467328781e+00
2.732494998571020517e+01,5.344205985448486018e+00
2.734495570162903633e+01,4.832793254096834801e+00
2.736496141754787104e+01,4.660065736027421579e+00
2.738496713346670575e+01,4.532866640516417078e+00
2.740497284938554046e+01,4.825950634474306611e+00
2.742497856530437517e+01,4.702371953249365077e+00
2.744498428122320632e+01,4.192666192235078526e+00
2.746498999714204103e+01,4.497678093659657428e+00
2.748499571306087574e+01,5.069133768473093049e+00
2.750500142897971045e+01,4.913912347107284972e+00
2.752500714489854516e+01,4.977930728111313208e+00
2.754501286081737632e+01,5.165311288610448415e+00
2.756501857673621103e+01,5.422440417248905575e+00
2.758502429265504574e+01,5.437903540500304445e+00
2.760503000857388045e+01,5.547189794811655972e+00
2.762503572449271161e+01,5.345303274711193708e+00
2.764504144041154632e+01,4.683996335953111156e+00
2.766504715633038103e+01,4.578049590547927039e+00
2.768505287224921574e+01,4.771175422857703907e+00
2.770505858816805045e+01,4.418181569894664484e+00
2.772506430408688161e+01,5.413775296820533711e+00
2.774507002000571632e+01,4.386920769625100469e+00
2.776507573592455103e+01,5.064867048369595892e+00
2.778508145184338574e+01,4.968256967644455457e+00
2.780508716776222045e+01,4.526950625313505228e+00
2.782509288368105160e+01,5.259535066161056704e+00
2.784509859959988631e+01,5.277533324274973126e+00
2.786510431551872102e+01,5.051637064427854540e+00
2.788511003143755573e+01,5.477974123029250464e+00
2.790511574735638689e+01,5.407815430564809844e+00
2.792512146327522160e+01,5.040247792279513028e+00
2.794512717919405631e+01,4.581750848764187367e+00
2.796513289511289102e+01,5.433258881669354778e+00
2.798513861103172573e+01,5.358595853557713617e+00
2.800514432695055689e+01,5.384780364911312844e+00
2.802515004286939160e+01,4.789319344890014207e+00
2.804515575878822631e+01,5.842832712267874484e+00
2.806516147470706102e+01,5.922632352737839945e+00
2.808516719062589573e+01,5.164830156668507755e+00
2.810517290654472689e+01,5.649142948344007209e+00
2.812517862246356160e+01,5.273013911305307388e+00
2.814518433838239631e+01,5.044760157547771406e+00
2.816519005430123102e+01,5.140717025171174015e+00
2.818519577022006217e+01,4.796351372981979111e+00
2.820520148613889688e+01,6.000092263798924463e+00
2.822520720205773159e+01,6.067960139263654185e+00
2.824521291797656630e+01,6.050011965066904196e+00
2.826521863389540101e+01,5.325318815652744675e+00
2.828522434981423217e+01,5.184867516986350289e+00
2.830523006573306688e+01,6.209810139274462237e+00
2.832523578165190159e+01,6.504022954277145274e+00
2.834524149757073630e+01,5.600439869063061238e+00
2.836524721348957101e+01,5.770396756440740127e+00
2.838525292940840217e+01,5.875833780181283217e+00
2.840525864532723688e+01,5.577642964949458104e+00
2.842526436124607159e+01,6.613784905301617556e+00
2.844527007716490630e+01,6.865486313014649511e+00
2.846527579308374101e+01,6.543647806059188277e+00
2.848528150900257216e+01,6.903739992578758589e+00
2.850528722492140687e+01,6.903229713868419992e+00
2.852529294084024158e+01,6.879638777012878847e+00
2.854529865675907629e+01,7.982269314177623087e+00
2.856530437267790745e+01,7.445410573124215503e+00
2.858531008859674216e+01,7.989266644134120021e+00
2.860531580451557687e+01,8.980302538943703894e+00
2.862532152043441158e+01,9.125136298091877762e+00
2.864532723635324629e+01,9.630801285280339741e+00
2.866533295227207745e+01,9.826847897905928164e+00
2.868533866819091216e+01,1.076735867365482591e+01
2.870534438410974687e+01,1.101687713061283702e+01
2.872535010002858158e+01,1.160902656805434674e+01
2.874535581594741629e+01,1.247138493847734253e+01
2.876536153186624745e+01,1.365476888748161599e+01
2.878536724778508216e+01,1.467592693962029493e+01
2.880537296370391687e+01,1.472265917138347291e+01
2.882537867962275158e+01,1.585271255098549226e+01
2.884538439554158273e+01,1.673404347139520709e+01
2.886539011146041744e+01,1.716268237904012040e+01
2.888539582737925215e+01,1.863011700046669006e+01
2.890540154329808686e+01,2.023574121436661244e+01
2.892540725921692157e+01,2.183192718271528676e+01
2.894541297513575273e+01,2.243001627315166147e+01
2.896541869105458744e+01,2.345536668638047217e+01
2.898542440697342215e+01,2.503409602486557617e+01
2.900543012289225686e+01,2.675822082358307341e+01
2.902543583881109157e+01,2.737226937209690547e+01
2.904544155472992273e+01,2.970408898227708150e+01
2.906544727064875744e+01,3.150221674404362560e+01
2.908545298656759215e+01,3.398008914491595789e+01
2.910545870248642686e+01,3.574988370440847518e+01
2.912546441840525802e+01,3.738100175960452987e+01
2.914547013432409273e+01,3.979105717556030442e+01
2.916547585024292744e+01,4.149867728179496140e+01
2.918548156616176215e+01,4.363033743423584809e+01
2.920548728208059686e+01,4.625777946607362878e+01
2.922549299799942801e+01,4.744738997490295418e+01
2.924549871391826272e+01,5.070718609153693990e+01
2.926550442983709743e+01,5.168941332884171658e+01
2.928551014575593214e+01,5.387472709721971142e+01
2.930551586167476685e+01,5.599936843909708983e+01
2.932552157759359801e+01,5.794482198556975305e+01
2.934552729351243272e+01,5.876069604875582542e+01
2.936553300943126743e+01,5.925633635264354382e+01
2.938553872535010214e+01,5.978450859361751668e+01
2.940554444126893330e+01,5.974160806377504684e+01
2.942555015718776801e+01,5.863302454997995738e+01
2.944555587310660272e+01,5.836517901065416680e+01
2.946556158902543743e+01,5.697887147511337957e+01
2.948556730494427214e+01,5.456700660226137956e+01
2.950557302086310330e+01,5.155194289518357920e+01
2.952557873678193801e+01,4.917477285640465823e+01
2.954558445270077272e+01,4.623756913482701236e+01
2.956559016861960743e+01,4.236393953050571781e+01
2.958559588453844214e+01,3.951686877332345915e+01
2.960560160045727329e+01,3.546482548937406420e+01
2.962560731637610800e+01,3.171711825156634035e+01
2.964561303229494271e+01,2.963594112270893532e+01
2.966561874821377742e+01,2.653067300157451314e+01
2.968562446413261213e+01,2.323585946889732057e+01
2.970563018005144329e+01,2.140957127384857728e+01
2.972563589597027800e+01,1.826716177128850660e+01
2.974564161188911271e+01,1.703437160096615344e+01
2.976564732780794742e+01,1.546220436048882618e+01
2.978565304372677858e+01,1.404680694656950202e+01
2.980565875964561329e+01,1.367287558084966470e+01
2.982566447556444800e+01,1.237976161465062219e+01
2.984567019148328271e+01,1.178001707313491409e+01
2.986567590740211742e+01,1.244948898075500310e+01
2.988568162332094857e+01,1.111566933699567983e+01
2.990568733923978328e+01,1.166304327990683198e+01
2.992569305515861799e+01,1.156411829583497486e+01
2.994569877107745270e+01,1.217634462986226218e+01
2.996570448699628741e+01,1.230196112746370218e+01
2.998571020291511857e+01,1.232887847632230915e+01
3.000571591883395328e+01,1.227719720460044073e+01
3.002572163475278799e+01,1.223592656971588077e+01
3.004572735067162270e+01,1.296453040140437984e+01
3.006573306659045386e+01,1.380845129887575773e+01
3.008573878250928857e+01,1.455390189839324222e+01
3.010574449842812328e+01,1.421671574469716148e+01
3.012575021434695799e+01,1.488189288434085711e+01
3.014575593026579270e+01,1.570344334589271185e+01
3.016576164618462386e+01,1.564501873860583103e+01
3.018576736210345857e+01,1.615982600808339242e+01
3.020577307802229328e+01,1.685333284076412141e+01
3.022577879394112799e+01,1.728767251888155343e+01
3.024578450985996270e+01,1.850236794240628768e+01
3.026579022577879385e+01,1.843877610507327347e+01
3.028579594169762856e+01,1.933290369561621347e+01
3.030580165761646327e+01,2.041207424199632925e+01
3.032580737353529798e+01,2.149736437189613270e+01
3.034581308945412914e+01,2.171930373133149672e+01
3.036581880537296385e+01,2.271272717396300322e+01
3.038582452129179856e+01,2.273492056267147987e+01
3.040583023721063327e+01,2.352493606316201991e+01
3.042583595312946798e+01,2.315606926056379322e+01
3.044584166904829914e+01,2.362113631125022906e+01
3.046584738496713385e+01,2.269787323559301484e+01
3.048585310088596856e+01,2.291261265628717680e+01
3.050585881680480327e+01,2.155504055213044268e+01
3.052586453272363798e+01,2.165925762646875441e+01
3.054587024864246914e+01,1.997903695377628708e+01
3.056587596456130385e+01,2.036043827159681285e+01
3.058588168048013856e+01,1.884133130950602109e+01
3.060588739639897327e+01,1.719974822061386632e+01
3.062589311231780798e+01,1.631165566983116477e+01
3.064589882823663913e+01,1.525210392828759076e+01
3.066590454415547384e+01,1.344532186338065216e+01
3.068591026007430855e+01,1.294984404459578542e+01
3.070591597599314326e+01,1.221171240939346347e+01
3.072592169191197442e+01,1.059241395329490132e+01
3.074592740783080913e+01,9.979845037836792443e+00
3.076593312374964384e+01,9.042464283135867475e+00
3.078593883966847855e+01,7.992025513976630080e+00
3.080594455558731326e+01,8.043138511628402654e+00
3.082595027150614442e+01,7.929845253949384443e+00
3.084595598742497913e+01,7.163654414504721402e+00
3.086596170334381384e+01,7.238441201396781821e+00
3.088596741926264855e+01,6.169453687321380997e+00
3.090597313518148326e+01,6.938419120938289275e+00
3.092597885110031442e+01,6.387832696260931087e+00
3.094598456701914913e+01,6.631855398687036995e+00
3.096599028293798384e+01,5.837812923197875037e+00
3.098599599885681855e+01,5.804505529686837306e+00
3.100600171477564970e+01,5.559071852010911030e+00
3.102600743069448441e+01,5.904677030617238920e+00
3.104601314661331912e+01,6.509557984230529115e+00
3.106601886253215383e+01,5.874402744480953231e+00
3.108602457845098854e+01,6.352715504760829468e+00
3.110603029436981970e+01,6.530990420558776322e+00
3.112603601028865441e+01,5.759540766087845043e+00
3.114604172620748912e+01,6.007257768232332040e+00
3.116604744212632383e+01,6.073369297884693374e+00
3.118605315804515854e+01,6.225198140114779122e+00
3.120605887396398970e+01,6.913767639692560252e+00
3.122606458988282441e+01,6.745088195483736726e+00
3.124607030580165912e+01,6.077394732667883659e+00
3.126607602172049383e+01,5.534009194171559010e+00
3.128608173763932498e+01,5.385922755085262636e+00
3.130608745355815969e+01,6.856615849623440617e+00
3.132609316947699440e+01,6.144913815139974922e+00
3.134609888539582911e+01,5.741157164344446784e+00
3.136610460131466382e+01,6.495085640819933559e+00
3.138611031723349498e+01,6.241097008601468765e+00
3.140611603315232969e+01,6.126220597706983462e+00
3.142612174907116440e+01,6.500204910171271777e+00
3.144612746498999911e+01,6.166185319378828744e+00
3.146613318090883382e+01,6.133937955268312869e+00
3.148613889682766498e+01,6.338787925164576009e+00
3.150614461274649969e+01,6.015906033138675113e+00
3.152615032866533440e+01,6.498977683003195338e+00
3.154615604458416911e+01,6.600758995518546612e+00
3.156616176050300382e+01,6.220309453915467301e+00
3.158616747642183498e+01,6.088739821428871934e+00
3.160617319234066969e+01,7.062568653717056222e+00
3.162617890825950440e+01,6.504498789046191831e+00
3.164618462417833911e+01,7.585515852805032821e+00
3.166619034009717026e+01,7.373688908431549116e+00
3.168619605601600497e+01,7.929508641533255187e+00
3.170620177193483968e+01,7.809206998543535505e+00
3.172620748785367439e+01,8.221362637301110610e+00
3.174621320377250910e+01,7.897638175752979883e+00
3.176621891969134026e+01,8.994352675292846655e+00
3.178622463561017497e+01,9.346621205504698437e+00
3.180623035152900968e+01,9.231417394399475285e+00
3.182623606744784439e+01,9.550771071168080439e+00
3.184624178336667910e+01,1.085164186584475665e+01
3.186624749928551026e+01,1.030162759622413304e+01
3.188625321520434497e+01,1.145859804985557950e+01
3.190625893112317968e+01,1.175877958124690714e+01
3.192626464704201439e+01,1.316877383597816298e+01
3.194627036296084555e+01,1.346217219144375932e+01
3.196627607887968026e+01,1.451194963571855467e+01
3.198628179479851497e+01,1.483048401575763187e+01
3.200628751071734968e+01,1.642881646607230195e+01
3.202629322663618439e+01,1.698613487298170810e+01
3.204629894255501199e+01,1.774189308879215332e+01
3.206630465847385381e+01,1.853790363124685925e+01
3.208631037439268141e+01,1.979919308417232315e+01
3.210631609031152323e+01,1.980498697704265254e+01
3.212632180623035083e+01,2.138571980864709587e+01
3.214632752214918554e+01,2.227616243213362068e+01
3.216633323806802025e+01,2.317318122407251835e+01
3.218633895398685496e+01,2.461738767771151259e+01
3.220634466990568967e+01,2.620711139019064007e+01
3.222635038582451728e+01,2.665019957165164044e+01
3.224635610174335909e+01,2.728721112803900084e+01
3.226636181766218670e+01,2.828023353961187070e+01
3.228636753358102851e+01,2.935091871887849990e+01
3.230637324949985612e+01,2.905666159039152063e+01
3.232637896541869083e+01,2.955694578674031803e+01
3.234638468133752554e+01,2.972874651915933697e+01
3.236639039725636025e+01,2.996847430277009039e+01
3.238639611317519496e+01,2.989854701513317181e+01
3.240640182909402967e+01,2.838770735181877569e+01
3.242640754501286438e+01,2.724275784531370093e+01
3.244641326093169198e+01,2.675002909562597253e+01
3.246641897685053380e+01,2.425617854004514484e+01
3.248642469276936140e+01,2.311560889623435955e+01
3.250643040868819611e+01,2.218296758333769603e+01
3.252643612460703082e+01,2.000021939431562856e+01
3.254644184052586553e+01,1.784481460595174696e+01
3.256644755644470024e+01,1.602866422877663766e+01
3.258645327236353495e+01,1.502155343224519513e+01
3.260645898828236966e+01,1.300683449622091814e+01
3.262646470420119726e+01,1.136413598736605834e+01
3.264647042012003908e+01,1.076247394809422886e+01
3.266647613603886668e+01,9.779062208148239677e+00
3.268648185195770850e+01,8.750513460172708591e+00
3.270648756787653610e+01,8.626843631915377841e+00
3.272649328379537081e+01,8.107705341391010734e+00
3.274649899971420552e+01,7.288341933345933832e+00
3.276650471563304023e+01,7.288933438719505276e+00
3.278651043155187494e+01,6.663041748038405210e+00
3.280651614747070255e+01,7.300847200820063776e+00
3.282652186338954436e+01,6.175262902040349999e+00
3.284652757930837197e+01,6.622337742008078898e+00
3.286653329522721378e+01,6.065626783572680480e+00
3.288653901114604139e+01,5.893247267433205039e+00
3.290654472706487610e+01,6.486715293998757126e+00
3.292655044298371081e+01,6.228282778014860632e+00
3.294655615890254552e+01,6.169418243546964220e+00
3.296656187482138023e+01,6.255119626306967717e+00
3.298656759074020783e+01,5.441013449476275632e+00
3.300657330665904965e+01,5.439453424418100980e+00
3.302657902257787725e+01,5.842397366701078454e+00
3.304658473849671907e+01,5.727815417617489580e+00
3.306659045441554667e+01,6.492839856416093625e+00
3.308659617033438138e+01,5.847384331518895806e+00
3.310660188625321609e+01,6.025187036412837926e+00
3.312660760217205080e+01,5.759851211856132025e+00
3.314661331809088551e+01,5.509234714490489182e+00
3.316661903400971312e+01,5.772856929675773685e+00
3.318662474992855493e+01,6.584896586385121431e+00
3.320663046584738254e+01,5.858066054447732540e+00
3.322663618176622435e+01,5.190923214169778532e+00
3.324664189768505196e+01,5.271536769202874062e+00
3.326664761360388667e+01,6.187877160921914310e+00
3.328665332952272138e+01,6.344174366799366638e+00
3.330665904544155609e+01,5.765103807031841221e+00
3.332666476136039080e+01,6.064783192862370775e+00
3.334667047727922551e+01,5.210703694132071462e+00
3.336667619319806022e+01,5.267484872306130050e+00
3.338668190911688782e+01,5.698889586855578671e+00
3.340668762503572964e+01,5.623034340358288752e+00
3.342669334095455724e+01,5.374881668289710035e+00
3.344669905687339195e+01,5.705537190597658181e+00
3.346670477279222666e+01,5.575257918645558419e+00
3.348671048871106137e+01,5.118208165211877159e+00
3.350671620462989608e+01,5.948472330624605675e+00
3.352672192054873079e+01,5.063894606287494327e+00
3.354672763646756550e+01,6.080653390511825407e+00
3.356673335238639311e+01,5.563937091190955364e+00
3.358673906830523492e+01,4.667764980632174598e+00
3.360674478422406253e+01,4.988414754498011305e+00
3.362675050014290434e+01,5.073835128736245537e+00
3.364675621606173195e+01,5.856256263180469546e+00
3.366676193198056666e+01,5.289288006607177905e+00
3.368676764789940137e+01,5.316665436274359280e+00
3.370677336381823608e+01,5.567830833633333754e+00
3.372677907973707079e+01,5.287441339255304129e+00
3.374678479565589839e+01,5.116331242199285256e+00
3.376679051157474021e+01,4.678769693483499914e+00
3.378679622749356781e+01,5.740659232929037792e+00
3.380680194341240963e+01,5.379200824921531066e+00
3.382680765933123723e+01,5.393777173825412774e+00
3.384681337525007194e+01,5.831549713717299355e+00
3.386681909116890665e+01,5.604997043328820538e+00
3.388682480708774136e+01,5.885942151389141230e+00
3.390683052300657607e+01,4.966196158968040564e+00
3.392683623892540368e+01,5.336907453189495776e+00
3.394684195484424549e+01,5.979235893008297609e+00
3.396684767076307310e+01,5.564938813852410071e+00
3.398685338668191491e+01,5.605779160539589689e+00
3.400685910260074252e+01,6.077297314424464858e+00
3.402686481851957723e+01,5.736813782259451600e+00
3.404687053443841194e+01,6.199522632537334488e+00
3.406687625035724665e+01,5.065549156707232825e+00
3.408688196627608136e+01,4.809176501704458317e+00
3.410688768219490896e+01,5.424115107570063543e+00
3.412689339811375078e+01,5.882979363814637708e+00
3.414689911403257838e+01,5.605695854197771943e+00
3.416690482995142020e+01,6.000575279967229392e+00
3.418691054587024780e+01,5.751750172099055369e+00
3.420691626178908251e+01,5.696706996237932863e+00
3.422692197770791722e+01,5.714362627485115809e+00
3.424692769362675193e+01,5.901427779850012101e+00
3.426693340954558664e+01,6.525527816758351918e+00
3.428693912546442135e+01,6.397247329752975276e+00
3.430694484138325606e+01,6.668339208331340195e+00
3.432695055730208367e+01,5.619803764241821042e+00
3.434695627322092548e+01,6.872010226383198805e+00
3.436696198913975309e+01,6.447660479141783085e+00
3.438696770505858780e+01,6.427668751674923797e+00
3.440697342097742251e+01,6.485366615836796633e+00
3.442697913689625722e+01,6.685513529547685962e+00
3.444698485281509193e+01,6.110086541478452205e+00
3.446699056873392664e+01,6.769198185464535555e+00
3.448699628465276135e+01,6.986140218816781378e+00
3.450700200057158895e+01,7.169937786885103748e+00
3.452700771649043077e+01,7.203486840277631309e+00
3.454701343240925837e+01,6.655844632146427742e+00
3.456701914832810019e+01,7.946166436605819783e+00
3.458702486424692779e+01,7.485300433108200480e+00
3.460703058016576250e+01,7.038231544237694592e+00
3.462703629608459721e+01,7.599221046252311318e+00
3.464704201200343192e+01,7.415986044255481247e+00
3.466704772792226663e+01,7.583199016424241989e+00
3.468705344384109424e+01,6.823655572136665626e+00
3.470705915975993605e+01,7.229616551325646512e+00
3.472706487567876366e+01,8.030171174206632401e+00
3.474707059159760547e+01,7.127508568923806465e+00
3.476707630751643308e+01,7.684532945317323005e+00
3.478708202343526779e+01,7.443003943983658388e+00
3.480708773935410250e+01,7.404853734740823867e+00
3.482709345527293721e+01,6.953912105370124053e+00
3.484709917119177192e+01,7.545940472027504953e+00
3.486710488711059952e+01,6.205856551475920746e+00
3.488711060302944134e+01,7.245407462462841508e+00
3.490711631894826894e+01,6.433756289435219600e+00
3.492712203486711076e+01,6.308987874846003763e+00
3.494712775078593836e+01,7.356941052031384487e+00
3.496713346670477307e+01,6.756825371832723803e+00
3.498713918262360778e+01,6.105825972385352074e+00
3.500714489854244249e+01,6.802540412365511102e+00
3.502715061446127720e+01,6.325217815426506185e+00
3.504715633038010481e+01,7.360610751443406485e+00
3.506716204629894662e+01,6.408516273356921644e+00
3.508716776221777423e+01,7.792656682464302875e+00
3.510717347813661604e+01,7.821925130835687412e+00
3.512717919405544365e+01,7.723276360057230505e+00
3.514718490997427836e+01,7.279133431715819391e+00
3.516719062589311307e+01,7.589024203897386300e+00
3.518719634181194778e+01,7.943344323652024030e+00
3.520720205773078249e+01,8.769939762145007478e+00
3.522720777364961720e+01,8.331627118820634337e+00
3.524721348956845191e+01,8.266911768035292596e+00
3.526721920548727951e+01,9.543584708919246040e+00
3.528722492140612133e+01,1.064802655881217852e+01
3.530723063732494893e+01,9.974981355557821061e+00
3.532723635324378364e+01,1.088024977759289413e+01
3.534724206916261835e+01,1.073209744441540359e+01
3.536724778508145306e+01,1.188466175157678606e+01
3.538725350100028777e+01,1.177414561383586999e+01
3.540725921691912248e+01,1.243805008788687694e+01
3.542726493283795719e+01,1.340491423480324329e+01
3.544727064875678479e+01,1.426530018017702162e+01
3.546727636467562661e+01,1.518458900274501744e+01
3.548728208059445421e+01,1.525107015641363262e+01
3.550728779651329603e+01,1.602759017875451875e+01
3.552729351243212363e+01,1.620610702745005582e+01
3.554729922835095834e+01,1.773855091579414278e+01
3.556730494426979305e+01,1.844386663476386090e+01
3.558731066018862776e+01,1.825892192979782536e+01
3.560731637610746247e+01,1.936169950890403513e+01
3.562732209202629008e+01,1.891131975666679921e+01
3.564732780794513189e+01,1.965295360183699458e+01
3.566733352386395950e+01,1.855766350304484646e+01
3.568733923978280131e+01,1.931202479262952920e+01
3.570734495570162892e+01,1.827514154515355216e+01
3.572735067162046363e+01,1.795281596492040066e+01
3.574735638753929834e+01,1.798373927518282045e+01
3.576736210345813305e+01,1.663426983232001177e+01
3.578736781937696776e+01,1.643598321636878623e+01
3.580737353529579536e+01,1.492991772929789107e+01
3.582737925121463718e+01,1.366896069002519809e+01
3.584738496713346478e+01,1.241805441570328838e+01
3.586739068305230660e+01,1.195902761098527201e+01
3.588739639897113420e+01,1.082048948630427709e+01
3.590740211488996891e+01,1.023650454126746112e+01
3.592740783080880362e+01,9.409051312318160498e+00
3.594741354672763833e+01,8.770740804108756450e+00
3.596741926264647304e+01,8.553661215359159797e+00
3.598742497856530065e+01,7.895420123978800220e+00
3.600743069448414246e+01,7.507857575057261812e+00
3.602743641040297007e+01,7.541361012050516344e+00
3.604744212632181188e+01,7.005433863720700316e+00
3.606744784224063949e+01,6.525265443920977404e+00
3.608745355815947420e+01,6.283187744767901428e+00
3.610745927407830891e+01,6.878814725259113416e+00
3.612746498999714362e+01,5.608189060168315976e+00
3.614747070591597833e+01,6.511430871853291613e+00
3.616747642183481304e+01,5.887602363423590113e+00
3.618748213775364775e+01,6.385321143390452647e+00
3.620748785367247535e+01,5.552538700843484776e+00
3.622749356959131717e+01,6.346068580611232690e+00
3.624749928551014477e+01,5.807024231595022457e+00
3.626750500142897948e+01,5.777693200346954328e+00
3.628751071734781419e+01,6.569583267741332833e+00
3.630751643326664890e+01,5.472102530042562307e+00
3.632752214918548361e+01,6.404658732348911698e+00
3.634752786510431832e+01,6.376078869703585283e+00
3.636753358102315303e+01,5.910345159926396974e+00
3.638753929694198064e+01,6.226677748444028104e+00
3.640754501286082245e+01,6.103664448710448553e+00
3.642755072877965006e+01,6.335897052428087761e+00
3.644755644469849187e+01,6.622797399789165596e+00
3.646756216061731948e+01,6.174950944469820513e+00
3.648756787653615419e+01,6.083942806776171608e+00
3.650757359245498890e+01,7.157206486451552330e+00
3.652757930837382361e+01,6.382142631834306634e+00
3.654758502429265832e+01,7.216601591427699525e+00
3.656759074021148592e+01,7.161654993995812291e+00
3.658759645613032774e+01,7.121598814577502878e+00
3.660760217204915534e+01,7.112032699797179447e+00
3.662760788796799716e+01,8.336291582025715741e+00
3.664761360388682476e+01,8.060381102193815650e+00
3.666761931980565947e+01,8.401132121880863224e+00
3.668762503572449418e+01,8.291161466284030723e+00
3.670763075164332889e+01,9.205778915135393703e+00
3.672763646756216360e+01,1.026031979470649169e+01
3.674764218348099121e+01,1.005147852147567633e+01
3.676764789939983302e+01,1.073314629053062497e+01
3.678765361531866063e+01,1.129689702915197813e+01
3.680765933123750244e+01,1.219262906041463879e+01
3.682766504715633005e+01,1.213239839831020106e+01
3.684767076307516476e+01,1.358037415506042933e+01
3.686767647899399947e+01,1.358714640193466749e+01
3.688768219491283418e+01,1.563154491627008902e+01
3.690768791083166889e+01,1.586922648438657646e+01
3.692769362675049649e+01,1.623544989192817667e+01
3.694769934266933831e+01,1.802643460704120670e+01
3.696770505858816591e+01,1.851563649361862929e+01
3.698771077450700773e+01,1.952723323594781135e+01
3.700771649042583533e+01,2.115131063635377728e+01
3.702772220634467004e+01,2.097511116756349026e+01
3.704772792226350475e+01,2.320934562519126132e+01
3.706773363818233946e+01,2.355026627200842881e+01
3.708773935410117417e+01,2.483415102217984938e+01
3.710774507002000888e+01,2.593381659565202568e+01
3.712775078593884359e+01,2.737110062186160064e+01
3.714775650185767120e+01,2.713444610627747267e+01
3.716776221777651301e+01,2.761964748859818286e+01
3.718776793369534062e+01,2.895963744544197738e+01
3.720777364961417533e+01,2.795848613086934975e+01
3.722777936553301004e+01,2.835539517996991421e+01
3.724778508145184475e+01,2.688242518850691809e+01
3.726779079737067946e+01,2.719333666546753037e+01
3.728779651328951417e+01,2.564417757121547226e+01
3.730780222920834888e+01,2.412433504831415121e+01
3.732780794512717648e+01,2.231837906971455610e+01
3.734781366104601830e+01,2.096690577924286458e+01
3.736781937696484590e+01,1.993622673189299377e+01
3.738782509288368772e+01,1.738245185908661838e+01
3.740783080880251532e+01,1.612432606794172685e+01
3.742783652472135003e+01,1.449279898355825580e+01
3.744784224064018474e+01,1.340391774260152324e+01
3.746784795655901945e+01,1.175716055945589389e+01
3.748785367247785416e+01,1.182246807192290916e+01
3.750785938839668177e+01,1.056579565423415268e+01
3.752786510431552358e+01,9.375068783257232141e+00
3.754787082023435119e+01,9.129361839588614913e+00
3.756787653615319300e+01,8.252470944305310141e+00
3.758788225207202061e+01,7.531881797565654679e+00
3.760788796799085532e+01,8.088113484084923144e+00
3.762789368390969003e+01,7.272120518311794513e+00
3.764789939982852474e+01,7.217292842665132824e+00
3.766790511574735945e+01,6.414536675649275210e+00
3.768791083166618705e+01,6.775883907125875183e+00
3.770791654758502887e+01,6.936589553291809374e+00
3.772792226350385647e+01,6.870008998651266907e+00
3.774792797942269829e+01,6.933403685020206098e+00
3.776793369534152589e+01,6.575616343122881347e+00
3.778793941126036060e+01,6.174739079360904270e+00
3.780794512717919531e+01,6.166723540235839351e+00
3.782795084309803002e+01,6.220322033960856700e+00
3.784795655901686473e+01,5.806183972223449175e+00
3.786796227493569234e+01,6.571509790452054744e+00
3.788796799085453415e+01,5.692462308934663540e+00
3.790797370677336176e+01,6.033517708618499675e+00
3.792797942269220357e+01,6.134718701892400539e+00
3.794798513861103118e+01,5.387447930698927578e+00
3.796799085452986589e+01,6.036400546020710856e+00
3.798799657044870060e+01,6.406724289376708903e+00
3.800800228636753531e+01,5.918603586607659395e+00
3.802800800228637002e+01,6.015258779105339570e+00
3.804801371820520473e+01,6.512142028232501545e+00
3.806801943412403944e+01,5.981490777826232730e+00
3.808802515004286704e+01,5.837132042303782242e+00
3.810803086596170886e+01,5.471154428181465690e+00
3.812803658188053646e+01,6.484879686341221472e+00
3.814804229779937117e+01,5.684971985751174017e+00
3.816804801371820588e+01,5.415928432113780389e+00
3.818805372963704059e+01,5.409040666976160594e+00
3.820805944555587530e+01,4.984506222336202441e+00
3.822806516147471001e+01,5.415930745651298395e+00
3.824807087739354472e+01,6.416452589690234909e+00
3.826807659331237232e+01,5.634998014561407587e+00
3.828808230923121414e+01,6.113140634354888192e+00
3.830808802515004174e+01,5.540842198518790340e+00
3.832809374106888356e+01,6.158261144086157657e+00
3.834809945698771116e+01,5.414995437711629833e+00
3.836810517290654587e+01,6.129482665940326314e+00
3.838811088882538058e+01,6.287065943023367964e+00
3.840811660474421529e+01,5.759166894203998410e+00
3.842812232066305000e+01,6.081525662546405364e+00
3.844812803658187761e+01,5.815974153609211328e+00
3.846813375250071942e+01,6.084409421549555219e+00
3.848813946841954703e+01,5.752669556795893868e+00
3.850814518433838884e+01,6.043800044707117181e+00
3.852815090025721645e+01,6.468282333740916989e+00
3.854815661617605116e+01,6.061042538892325027e+00
3.856816233209488587e+01,5.719988474978357829e+00
3.858816804801372058e+01,6.069344961363144719e+00
3.860817376393255529e+01,5.863949698347681760e+00
3.862817947985138289e+01,5.295410639633651328e+00
3.864818519577022471e+01,6.217689484667493716e+00
3.866819091168905231e+01,6.530921152041356592e+00
3.868819662760789413e+01,6.724438387951545693e+00
3.870820234352672173e+01,6.441116919718888667e+00
3.872820805944555644e+01,6.195397290171419158e+00
3.874821377536439115e+01,6.832962175825654683e+00
3.876821949128322586e+01,7.196326533558131899e+00
3.878822520720206057e+01,7.231124978157856376e+00
3.880823092312088818e+01,7.379102985052563568e+00
3.882823663903972999e+01,7.588396615737332596e+00
3.884824235495855760e+01,8.759465881676987919e+00
3.886824807087739941e+01,8.389858784127145697e+00
3.888825378679622702e+01,8.814513632497453344e+00
3.890825950271506173e+01,8.466037483324392099e+00
3.892826521863389644e+01,1.011596516468040541e+01
3.894827093455273115e+01,1.034551190087190520e+01
3.896827665047156586e+01,1.044895860142781352e+01
3.898828236639040057e+01,1.035505654862982183e+01
3.900828808230923528e+01,1.126485509212476899e+01
3.902829379822806288e+01,1.145221191491617141e+01
3.904829951414690470e+01,1.281322124026485909e+01
3.906830523006573230e+01,1.375703646116012280e+01
3.908831094598456701e+01,1.389221086124152471e+01
3.910831666190340172e+01,1.397629193486048216e+01
3.912832237782223643e+01,1.429405981303943207e+01
3.914832809374107114e+01,1.519641501746012935e+01
3.916833380965990585e+01,1.668190642875840624e+01
3.918833952557874056e+01,1.661363715183624734e+01
3.920834524149756817e+01,1.775716056384992925e+01
3.922835095741640998e+01,1.787668118093084857e+01
3.924835667333523759e+01,1.780500830178111116e+01
3.926836238925407940e+01,1.897236202741389732e+01
3.928836810517290701e+01,1.815845161293363219e+01
3.930837382109174172e+01,1.910030219224384140e+01
3.932837953701057643e+01,1.893075262565690409e+01
3.934838525292941114e+01,1.815056810715556423e+01
3.936839096884824585e+01,1.807780807238980714e+01
3.938839668476707345e+01,1.709654569113159539e+01
3.940840240068591527e+01,1.698024245817695999e+01
3.942840811660474287e+01,1.588945393643372306e+01
3.944841383252358469e+01,1.455695533448330892e+01
3.946841954844241229e+01,1.410612781669779636e+01
3.948842526436124700e+01,1.362514857824785075e+01
3.950843098028008171e+01,1.147024355270550089e+01
3.952843669619891642e+01,1.132325224774673345e+01
3.954844241211775113e+01,1.114699629986358076e+01
3.956844812803657874e+01,1.020983898355329700e+01
3.958845384395542055e+01,8.938855505393943801e+00
3.960845955987424816e+01,9.653263621816538631e+00
3.962846527579308997e+01,8.809852380261100180e+00
3.964847099171191758e+01,8.708538600537037766e+00
3.966847670763075229e+01,8.647255845620694714e+00
3.968848242354958700e+01,8.336470292102399426e+00
3.970848813946842171e+01,7.584591851894643355e+00
3.972849385538725642e+01,8.528907858883629345e+00
3.974849957130608402e+01,7.840563812774680841e+00
3.976850528722492584e+01,8.231738219072747498e+00
3.978851100314375344e+01,9.205649131533132135e+00
3.980851671906259526e+01,9.240772381071616692e+00
3.982852243498142286e+01,8.175717264915164151e+00
3.984852815090025757e+01,8.902926293757184695e+00
3.986853386681909228e+01,9.220047760985348617e+00
3.988853958273792699e+01,9.450183182959902339e+00
3.990854529865676170e+01,9.566351196932908252e+00
3.992855101457559641e+01,1.078847497948856393e+01
3.994855673049443112e+01,1.196008944312101008e+01
3.996856244641325873e+01,1.182448455697179668e+01
3.998856816233210054e+01,1.277146082160666651e+01
4.000857387825092815e+01,1.248598263913219952e+01
4.002857959416976286e+01,1.346525914631866172e+01
4.004858531008859757e+01,1.435747732303198987e+01
4.006859102600743228e+01,1.447957334392260798e+01
4.008859674192626699e+01,1.575535624401794443e+01
4.010860245784510170e+01,1.678848225413764794e+01
4.012860817376393641e+01,1.712223713817728665e+01
4.014861388968276401e+01,1.704720884349172394e+01
4.016861960560160583e+01,1.760402367976712412e+01
4.018862532152043343e+01,1.861287587264210330e+01
4.020863103743927525e+01,1.879399750946764414e+01
4.022863675335810285e+01,1.912366772487473199e+01
4.024864246927693756e+01,1.841885732620298199e+01
4.026864818519577227e+01,1.884923452442426139e+01
4.028865390111460698e+01,1.825080673999823588e+01
4.030865961703344169e+01,1.846331881282956289e+01
4.032866533295226930e+01,1.734232006738780996e+01
4.034867104887111111e+01,1.623609401188533496e+01
4.036867676478993872e+01,1.539264261688489022e+01
4.038868248070878053e+01,1.476766579691525827e+01
4.040868819662760814e+01,1.407332219222691805e+01
4.042869391254644285e+01,1.332283730663783317e+01
4.044869962846527756e+01,1.250608756834554747e+01
4.046870534438411227e+01,1.173895821509584358e+01
4.048871106030294698e+01,1.083809476619737033e+01
4.050871677622177458e+01,9.285928753705443128e+00
4.052872249214061640e+01,8.885477677141428998e+00
4.054872820805944400e+01,8.572121064215638242e+00
4.056873392397828582e+01,7.976176316127888910e+00
4.058873963989711342e+01,7.686059858545859491e+00
4.060874535581594813e+01,7.016572085608693499e+00
4.062875107173478284e+01,7.438704333956447812e+00
4.064875678765361755e+01,6.420804580926196437e+00
4.066876250357245226e+01,6.708083999212373527e+00
4.068876821949127986e+01,6.596434957629794482e+00
4.070877393541012168e+01,5.816189844745366599e+00
4.072877965132894929e+01,5.415275637005505516e+00
4.074878536724779110e+01,6.697783584994216000e+00
4.076879108316661871e+01,5.932466012785834408e+00
4.078879679908545342e+01,6.029070888396055317e+00
4.080880251500428813e+01,6.858633222755162073e+00
4.082880823092312284e+01,5.398095227734429180e+00
4.084881394684195755e+01,6.648300407168733273e+00
4.086881966276079226e+01,5.132965226330700403e+00
4.088882537867962697e+01,6.222363861888311476e+00
4.090883109459845457e+01,6.048142058242898855e+00
4.092883681051729639e+01,5.840967554182705079e+00
4.094884252643612399e+01,5.967464932499028762e+00
4.096884824235495870e+01,6.692861261115787386e+00
4.098885395827379341e+01,5.879729776724760271e+00
4.100885967419262812e+01,6.159024608656553212e+00
4.102886539011146283e+01,5.273438480252739424e+00
4.104887110603029754e+01,6.652777479831957663e+00
4.106887682194913225e+01,6.028822576649224274e+00
4.108888253786795985e+01,5.980231847403432610e+00
4.110888825378680167e+01,5.907101038326322495e+00
4.112889396970562927e+01,5.560527771687863385e+00
4.114889968562447109e+01,6.168387991858624630e+00
4.116890540154329869e+01,5.677589920480745178e+00
4.118891111746213340e+01,6.187154111985317506e+00
4.120891683338096811e+01,5.907230571562802623e+00
4.122892254929980282e+01,5.779507029808099716e+00
4.124892826521863753e+01,6.052193367098278820e+00
4.126893398113746514e+01,5.806614159078948845e+00
4.128893969705630695e+01,5.843279295007345553e+00
4.130894541297513456e+01,6.106745112837407063e+00
4.132895112889397637e+01,6.244061810831059489e+00
4.134895684481280398e+01,6.846770478374706315e+00
4.136896256073163869e+01,6.431763167751061161e+00
4.138896827665047340e+01,5.639354025255817859e+00
4.140897399256930811e+01,6.566387010292940474e+00
4.142897970848814282e+01,6.345031084427622758e+00
4.144898542440697042e+01,6.235813378864400569e+00
4.146899114032581224e+01,6.642686614888419605e+00
4.148899685624463984e+01,7.069368557478272308e+00
4.150900257216348166e+01,6.571759077929789861e+00
4.152900828808230926e+01,7.514511958162650274e+00
4.154901400400114397e+01,6.981256540293004242e+00
4.156901971991997868e+01,7.372283935635344676e+00
4.158902543583881339e+01,6.722416357066441250e+00
4.160903115175764810e+01,7.241482673366841816e+00
4.162903686767647571e+01,8.437883942691042805e+00
4.164904258359531752e+01,7.793275892347089950e+00
4.166904829951414513e+01,8.526894494990054696e+00
4.168905401543298694e+01,9.047918628887666515e+00
4.170905973135181455e+01,8.064843235248989828e+00
4.172906544727064926e+01,8.745058864378520980e+00
4.174907116318948397e+01,9.565547534733060075e+00
4.176907687910831868e+01,9.565323476151439408e+00
4.178908259502715339e+01,9.775526836570829659e+00
4.180908831094598810e+01,9.800383954287179122e+00
4.182909402686482281e+01,1.115150215649505938e+01
4.184909974278365041e+01,1.149451270669552194e+01
4.186910545870249223e+01,1.250968823692549314e+01
4.188911117462131983e+01,1.267080888184039011e+01
4.190911689054015454e+01,1.306195416264885267e+01
4.192912260645898925e+01,1.333463135450758053e+01
4.194912832237782396e+01,1.344119832666525838e+01
4.196913403829665867e+01,1.401859927644898107e+01
4.198913975421549338e+01,1.391249254694219495e+01
4.200914547013432809e+01,1.516299974532576300e+01
4.202915118605316280e+01,1.585839468058451018e+01
4.204915690197199041e+01,1.527667345199839666e+01
4.206916261789082512e+01,1.589231200676885081e+01
4.208916833380965983e+01,1.615546551905279671e+01
4.210917404972849454e+01,1.618379289341078930e+01
4.212917976564732925e+01,1.631429295770682231e+01
4.214918548156616396e+01,1.665405334171866514e+01
4.216919119748499867e+01,1.634113324377393184e+01
4.218919691340383338e+01,1.728293348098556592e+01
4.220920262932266809e+01,1.657204287313236790e+01
4.222920834524150280e+01,1.653316376850719394e+01
4.224921406116033040e+01,1.696211690967178143e+01
4.226921977707916511e+01,1.669048284294387585e+01
4.228922549299799982e+01,1.630048063841406147e+01
4.230923120891683453e+01,1.536627131015130665e+01
4.232923692483566924e+01,1.504126343036342206e+01
4.234924264075450395e+01,1.416298603495426178e+01
4.236924835667333866e+01,1.449935522586308068e+01
4.238925407259217337e+01,1.393580417943991101e+01
4.240925978851100808e+01,1.247268773675427234e+01
4.242926550442983569e+01,1.125317299214895606e+01
4.244927122034867040e+01,1.129285240533462797e+01
4.246927693626750511e+01,9.767111515710244163e+00
4.248928265218633982e+01,9.700042046353669178e+00
4.250928836810517453e+01,8.488972022600615119e+00
4.252929408402400924e+01,8.461020061985088603e+00
4.254929979994284395e+01,7.890188740103289078e+00
4.256930551586167866e+01,7.271110701786920316e+00
4.258931123178051337e+01,7.212668974852117998e+00
4.260931694769934097e+01,7.764215122155916582e+00
4.262932266361817568e+01,6.500179958974447558e+00
4.264932837953701039e+01,6.817353300376522540e+00
4.266933409545584510e+01,6.589410948126650069e+00
4.268933981137467981e+01,5.559803801155212000e+00
4.270934552729351452e+01,5.687763485980664058e+00
4.272935124321234923e+01,6.397639748317185848e+00
4.274935695913118394e+01,6.568362096264874772e+00
4.276936267505001865e+01,6.926995968277500637e+00
4.278936839096885336e+01,6.429090261346732227e+00
4.280937410688768097e+01,6.895568879857268740e+00
4.282937982280651568e+01,6.101303183768349570e+00
4.284938553872535039e+01,5.174567897788940662e+00
4.286939125464418510e+01,6.072285357836371134e+00
4.288939697056301981e+01,6.163449630597718887e+00
4.290940268648185452e+01,5.935733295333468718e+00
4.292940840240068923e+01,6.365517698570158700e+00
4.294941411831952394e+01,6.444912560176996763e+00
4.296941983423835865e+01,5.696816240956785293e+00
4.298942555015718625e+01,5.553934572635768951e+00
4.300943126607602096e+01,5.925562846518046101e+00
4.302943698199485567e+01,6.473080102860588880e+00
4.304944269791369038e+01,5.777657499389762030e+00
4.306944841383252509e+01,5.679533041187848852e+00
4.308945412975135980e+01,6.561084386781594446e+00
4.310945984567019451e+01,5.952861227769318475e+00
4.312946556158902922e+01,5.366206507664398551e+00
4.314947127750786393e+01,6.623707847904571011e+00
4.316947699342669864e+01,6.318801086905607711e+00
4.318948270934552625e+01,5.402756653970159917e+00
4.320948842526436096e+01,6.427903573529389014e+00
4.322949414118319567e+01,6.385886233286749203e+00
4.324949985710203038e+01,6.389632738533253864e+00
4.326950557302086509e+01,6.327636027013060271e+00
4.328951128893969980e+01,7.098590542528185665e+00
4.330951700485853451e+01,6.355349923283915459e+00
4.332952272077736922e+01,7.038632088741236359e+00
4.334952843669620393e+01,6.083041123388868598e+00
4.336953415261503153e+01,6.803032541698989633e+00
4.338953986853386624e+01,6.859258486059010451e+00
4.340954558445270095e+01,5.921357929516418039e+00
4.342955130037153566e+01,6.354000244994713498e+00
4.344955701629037037e+01,6.530128438131111324e+00
4.346956273220920508e+01,6.301113942100441179e+00
4.348956844812803979e+01,6.433485499590974044e+00
4.350957416404687450e+01,6.000384337307632876e+00
4.352957987996570921e+01,6.171343152941496157e+00
4.354958559588453681e+01,6.326729581270582159e+00
4.356959131180337153e+01,6.319434847351705464e+00
4.358959702772220624e+01,6.594348178588091969e+00
4.360960274364104095e+01,6.581140605443456693e+00
4.362960845955987566e+01,6.316413315080339430e+00
4.364961417547871037e+01,5.946975126136520906e+00
4.366961989139754508e+01,6.099515895440630331e+00
4.368962560731637979e+01,7.086491918326968786e+00
4.370963132323521450e+01,6.790343130798238924e+00
4.372963703915404921e+01,6.425027275736381327e+00
4.374964275507287681e+01,6.909411684055859482e+00
4.376964847099171152e+01,7.116501672309725635e+00
4.378965418691054623e+01,6.602165172945046123e+00
4.380965990282938094e+01,6.893079841095469007e+00
4.382966561874821565e+01,6.296896492524927780e+00
4.384967133466705036e+01,7.342558915029110622e+00
4.386967705058588507e+01,7.287415064299045397e+00
4.388968276650471978e+01,7.586326848442887183e+00
4.390968848242355449e+01,6.950564293330061538e+00
4.392969419834238209e+01,6.898600799591141808e+00
4.394969991426121680e+01,8.008456487377520361e+00
4.396970563018005151e+01,7.507588414208440142e+00
4.398971134609888622e+01,8.871711530300602888e+00
4.400971706201772093e+01,8.464852519878752091e+00
4.402972277793655564e+01,1.011421146608482324e+01
4.404972849385539035e+01,9.281322497763918378e+00
4.406973420977422506e+01,9.691605466567215998e+00
4.408973992569305977e+01,1.032174172066715734e+01
4.410974564161189448e+01,1.092394337507760227e+01
4.412975135753072209e+01,1.148956042358006790e+01
4.414975707344955680e+01,1.101064609459632493e+01
4.416976278936839151e+01,1.199282753153800307e+01
4.418976850528722622e+01,1.166156029874010613e+01
4.420977422120606093e+01,1.248184736822932628e+01
4.422977993712489564e+01,1.247017658759538250e+01
4.424978565304373035e+01,1.225273981483712404e+01
4.426979136896256506e+01,1.339445495296022770e+01
4.428979708488139977e+01,1.254438310811786295e+01
4.430980280080022737e+01,1.230476646234223814e+01
4.432980851671906208e+01,1.239438690732061943e+01
4.434981423263789679e+01,1.267755360839915113e+01
4.436981994855673150e+01,1.184358182932832548e+01
4.438982566447556621e+01,1.141540109809478132e+01
4.440983138039440092e+01,1.127558162363603067e+01
4.442983709631323563e+01,1.113524028468699534e+01
4.444984281223207034e+01,1.146936249640081940e+01
4.446984852815090505e+01,1.033338683164112481e+01
4.448985424406973266e+01,1.029280329555155760e+01
4.450985995998856737e+01,1.077072417957124806e+01
4.452986567590740208e+01,1.049456798439352312e+01
4.454987139182623679e+01,1.095945844342710629e+01
4.456987710774507150e+01,1.105236972041511834e+01
4.458988282366390621e+01,1.145493012157187529e+01
4.460988853958274092e+01,1.159681357644923771e+01
4.462989425550157563e+01,1.248048358253484835e+01
4.464989997142041034e+01,1.299646508502509867e+01
4.466990568733924505e+01,1.390204594941575067e+01
4.468991140325807265e+01,1.459853108258349863e+01
4.470991711917690736e+01,1.518020768663344455e+01
4.472992283509574207e+01,1.638124385457827259e+01
4.474992855101457678e+01,1.719761567872723163e+01
4.476993426693341149e+01,1.822603403192024984e+01
4.478993998285224620e+01,1.887105546120362121e+01
4.480994569877108091e+01,2.077203801860552446e+01
4.482995141468991562e+01,2.161500591840573549e+01
4.484995713060875033e+01,2.190385637629758619e+01
4.486996284652757794e+01,2.337660142261338336e+01
4.488996856244641265e+01,2.318278250798882212e+01
4.490997427836524736e+01,2.504656158354162798e+01
4.492997999428408207e+01,2.544318889330020994e+01
4.494998571020291678e+01,2.537019849995035869e+01
4.496999142612175149e+01,2.514943984449704217e+01
4.498999714204058620e+01,2.511383423082190802e+01
4.501000285795942091e+01,2.531714795927247508e+01
4.503000857387825562e+01,2.442219168073691193e+01
4.505001428979709033e+01,2.275565080060399126e+01
4.507002000571591793e+01,2.278059601873690809e+01
4.509002572163475264e+01,2.201516836243941455e+01
4.511003143755358735e+01,1.976583742297298585e+01
4.513003715347242206e+01,1.865252729548070576e+01
4.515004286939125677e+01,1.757666055225371338e+01
4.517004858531009148e+01,1.652987838589657343e+01
4.519005430122892619e+01,1.475257293546970416e+01
4.521006001714776090e+01,1.338186571631309718e+01
4.523006573306659561e+01,1.326293005276730597e+01
4.525007144898542322e+01,1.185694068782415833e+01
4.527007716490425793e+01,1.225666539263517052e+01
4.529008288082309264e+01,1.145473598718274388e+01
4.531008859674192735e+01,1.158064207634293474e+01
4.533009431266076206e+01,1.127331317125180732e+01
4.535010002857959677e+01,1.184462527422025957e+01
4.537010574449843148e+01,1.199889038181495238e+01
4.539011146041726619e+01,1.200300298198545690e+01
4.541011717633610090e+01,1.199555358755466905e+01
4.543012289225492850e+01,1.251422727992324191e+01
4.545012860817376321e+01,1.394454872956200830e+01
4.547013432409259792e+01,1.405789082857032035e+01
4.549014004001143263e+01,1.565574086052646230e+01
4.551014575593026734e+01,1.626775778091693070e+01
4.553015147184910205e+01,1.741156100145897767e+01
4.555015718776793676e+01,1.850291643801923414e+01
4.557016290368677147e+01,1.903178399269006604e+01
4.559016861960560618e+01,1.918142184184128496e+01
4.561017433552444089e+01,2.036974020223907544e+01
4.563018005144326850e+01,2.095215844821739637e+01
4.565018576736210321e+01,2.245186535659139437e+01
4.567019148328093792e+01,2.248084961783873581e+01
4.569019719919977263e+01,2.169119043823224047e+01
4.571020291511860734e+01,2.203467387932647981e+01
4.573020863103744205e+01,2.163161857097080443e+01
4.575021434695627676e+01,2.179913115764279041e+01
4.577022006287511147e+01,2.102031087731035441e+01
4.579022577879394618e+01,1.967787044158264820e+01
4.581023149471277378e+01,1.948207963944177834e+01
4.583023721063160849e+01,1.749592804468150931e+01
4.585024292655044320e+01,1.700491265651944062e+01
4.587024864246927791e+01,1.606343760679589039e+01
4.589025435838811262e+01,1.431140123342040305e+01
4.591026007430694733e+01,1.274684109831496137e+01
4.593026579022578204e+01,1.250268856668638406e+01
4.595027150614461675e+01,1.100367390351641816e+01
4.597027722206345146e+01,1.062357333058221798e+01
4.599028293798228617e+01,1.020289993154601937e+01
4.601028865390111378e+01,9.127062031008318144e+00
4.603029436981994849e+01,9.843478952666274040e+00
4.605030008573878320e+01,9.064074322125637906e+00
4.607030580165761791e+01,8.139649608916192491e+00
4.609031151757645262e+01,8.192286393830091384e+00
4.611031723349528733e+01,8.077272714071884963e+00
4.613032294941412204e+01,7.465799550785765959e+00
4.615032866533295675e+01,7.448344907210869614e+00
4.617033438125179146e+01,7.206511185006005071e+00
4.619034009717061906e+01,6.485387241444062312e+00
4.621034581308945377e+01,7.791758764139053994e+00
4.623035152900828848e+01,7.559420127135273226e+00
4.625035724492712319e+01,7.122775997194258579e+00
4.627036296084595790e+01,6.729245734139410295e+00
4.629036867676479261e+01,6.863596043975917382e+00
4.631037439268362732e+01,7.312753081148459344e+00
4.633038010860246203e+01,7.357694079274439858e+00
4.635038582452129674e+01,5.856644503237250277e+00
4.637039154044012434e+01,6.683085531736509211e+00
4.639039725635895905e+01,6.389478081959409472e+00
4.641040297227779376e+01,6.025347656594331802e+00
4.643040868819662847e+01,6.413471401520661530e+00
4.645041440411546319e+01,5.579430282481219194e+00
4.647042012003429790e+01,5.716456014285720144e+00
4.649042583595313261e+01,6.025796870618973955e+00
4.651043155187196732e+01,6.916459849830609130e+00
4.653043726779080203e+01,5.872644369584932633e+00
4.655044298370963674e+01,6.052341081469661432e+00
4.657044869962846434e+01,6.010181321152676226e+00
4.659045441554729905e+01,6.141733205779412508e+00
4.661046013146613376e+01,5.894440935603523002e+00
4.663046584738496847e+01,6.269156784363899781e+00
4.665047156330380318e+01,6.352352142793257883e+00
4.667047727922263789e+01,5.641158915860806644e+00
4.669048299514147260e+01,6.348117540083511479e+00
4.671048871106030731e+01,6.083852412302508839e+00
4.673049442697914202e+01,6.455899082012757972e+00
4.675050014289796962e+01,5.903265151223166640e+00
4.677050585881680433e+01,5.964735837442638910e+00
4.679051157473563904e+01,6.265989780901081829e+00
4.681051729065447375e+01,5.517908486790541467e+00
4.683052300657330846e+01,6.584694121569557801e+00
4.685052872249214317e+01,6.234947973173092350e+00
4.687053443841097788e+01,5.765887832860926210e+00
4.689054015432981259e+01,5.610058551491887258e+00
4.691054587024864730e+01,6.538307750240182514e+00
4.693055158616748201e+01,5.661055866268910108e+00
4.695055730208630962e+01,5.941947916707785105e+00
4.697056301800514433e+01,6.730473726999631978e+00
4.699056873392397904e+01,5.907246324266843374e+00
4.701057444984281375e+01,6.720317583925265126e+00
4.703058016576164846e+01,6.684668689820941090e+00
4.705058588168048317e+01,6.776310377993975287e+00
4.707059159759931788e+01,5.586485525241865702e+00
4.709059731351815259e+01,6.752489906389518737e+00
4.711060302943698730e+01,6.524972249426705062e+00
4.713060874535581490e+01,7.140523349710621304e+00
4.715061446127464961e+01,6.540608854552122153e+00
4.717062017719348432e+01,6.876360797170905315e+00
4.719062589311231903e+01,6.517883187808096501e+00
4.721063160903115374e+01,6.705136136782210876e+00
4.723063732494998845e+01,6.962685910501329900e+00
4.725064304086882316e+01,5.919910950652941040e+00
4.727064875678765787e+01,6.710856559260029108e+00
4.729065447270649258e+01,6.638828789471010516e+00
4.731066018862532019e+01,6.685341396080639598e+00
4.733066590454415490e+01,6.614981847906479473e+00
4.735067162046298961e+01,6.711399406307936744e+00
4.737067733638182432e+01,7.300056309097707086e+00
4.739068305230065903e+01,6.808425003085761595e+00
4.741068876821949374e+01,7.095560357303584809e+00
4.743069448413832845e+01,6.845137511200784175e+00
4.745070020005716316e+01,6.567167128745200699e+00
4.747070591597599787e+01,6.710821090250854937e+00
4.749071163189483258e+01,6.489203183414245402e+00
4.751071734781366018e+01,6.529493794960579578e+00
4.753072306373249489e+01,6.263651010219495774e+00
4.755072877965132960e+01,7.513121020133725736e+00
4.757073449557016431e+01,6.386680329814463875e+00
4.759074021148899902e+01,6.592028619091198749e+00
4.761074592740783373e+01,7.123144368227094958e+00
4.763075164332666844e+01,7.151127402020913237e+00
4.765075735924550315e+01,7.496303537031856479e+00
4.767076307516433786e+01,7.363896468647563864e+00
4.769076879108316547e+01,7.420602413294855815e+00
4.771077450700200018e+01,7.805453547011881987e+00
4.773078022292083489e+01,8.404653423066276829e+00
4.775078593883966960e+01,8.334662028072035156e+00
4.777079165475850431e+01,8.641072766660375493e+00
4.779079737067733902e+01,8.290136436139825094e+00
4.781080308659617373e+01,9.262599953144377452e+00
4.783080880251500844e+01,9.572052848869684993e+00
4.785081451843384315e+01,1.004972351950836362e+01
4.787082023435267075e+01,1.025557635673187562e+01
4.789082595027150546e+01,1.160354352808019485e+01
4.791083166619034017e+01,1.205173445802133259e+01
4.793083738210917488e+01,1.342497895006042619e+01
4.795084309802800959e+01,1.428892381165098158e+01
4.797084881394684430e+01,1.440856908352484034e+01
4.799085452986567901e+01,1.593554984981540557e+01
4.801086024578451372e+01,1.590097153547483266e+01
4.803086596170334843e+01,1.791688529157838872e+01
4.805087167762218314e+01,1.813682506381964998e+01
4.807087739354101075e+01,1.875773646358160818e+01
4.809088310945984546e+01,1.948382342713274795e+01
4.811088882537868017e+01,2.055137293639542406e+01
4.813089454129751488e+01,2.070134681459499149e+01
4.815090025721634959e+01,2.016342591364346859e+01
4.817090597313518430e+01,2.042913126308841498e+01
4.819091168905401901e+01,2.026861734076002008e+01
4.821091740497285372e+01,2.057871467551912303e+01
4.823092312089168843e+01,1.927852820730836925e+01
4.825092883681051603e+01,1.888979932816598861e+01
4.827093455272935074e+01,1.787205661430079218e+01
4.829094026864818545e+01,1.682463648941600809e+01
4.831094598456702016e+01,1.543852832826155108e+01
4.833095170048585487e+01,1.538764249222096936e+01
4.835095741640468958e+01,1.373254678608233981e+01
4.837096313232352429e+01,1.302959255741171951e+01
4.839096884824235900e+01,1.238416029702296406e+01
4.841097456416119371e+01,1.073865474001059184e+01
4.843098028008002842e+01,1.075317193786102798e+01
4.845098599599885603e+01,9.563724340532491652e+00
4.847099171191769074e+01,8.722637396524376641e+00
4.849099742783652545e+01,8.481408226577592302e+00
4.851100314375536016e+01,7.694135892227767393e+00
4.853100885967419487e+01,7.801971394387637204e+00
4.855101457559302958e+01,7.670958924862716799e+00
4.857102029151186429e+01,7.925003365732413485e+00
4.859102600743069900e+01,7.306078693114836042e+00
4.861103172334953371e+01,7.670580422732034442e+00
4.863103743926836131e+01,7.463468612935638014e+00
4.865104315518719602e+01,7.021155221847648065e+00
4.867104887110603073e+01,7.425506456206132810e+00
4.869105458702486544e+01,6.404319133784682094e+00
4.871106030294370015e+01,7.547138253080414749e+00
4.873106601886253486e+01,7.203227234955268621e+00
4.875107173478136957e+01,7.725301102249574114e+00
4.877107745070020428e+01,6.695295326676635739e+00
4.879108316661903899e+01,6.277261145979261769e+00
4.881108888253786660e+01,7.425330384847443455e+00
4.883109459845670131e+01,6.651776845392077142e+00
4.885110031437553602e+01,6.418811449222498133e+00
4.887110603029437073e+01,6.555999597190632855e+00
4.889111174621320544e+01,6.945060509728810061e+00
4.891111746213204015e+01,6.657676726446051241e+00
4.893112317805087486e+01,6.667278112256340705e+00
4.895112889396970957e+01,6.341025495061299644e+00
4.897113460988854428e+01,6.781115910505336686e+00
4.899114032580737899e+01,6.501988431945191493e+00
4.901114604172620659e+01,7.538572092525035906e+00
4.903115175764504130e+01,7.114191619818996060e+00
4.905115747356387601e+01,6.891852418953404502e+00
4.907116318948271072e+01,6.838828160965633174e+00
4.909116890540154543e+01,7.342696458851462715e+00
4.911117462132038014e+01,7.015670039823055149e+00
4.913118033723921485e+01,7.667787996386476124e+00
4.915118605315804956e+01,8.522511580748378890e+00
4.917119176907688427e+01,8.022946280046044265e+00
4.919119748499571187e+01,9.204734339823021472e+00
4.921120320091454658e+01,9.164696945100404335e+00
4.923120891683338129e+01,1.010729830371692906e+01
4.925121463275221600e+01,1.093562065487147805e+01
4.927122034867105071e+01,1.066532114257350194e+01
4.929122606458988542e+01,1.215749011562437154e+01
4.931123178050872014e+01,1.307869553289599374e+01
4.933123749642755485e+01,1.354571661271068628e+01
4.935124321234638956e+01,1.420202844444006196e+01
4.937124892826522427e+01,1.493882755455636158e+01
4.939125464418405187e+01,1.649350885659855592e+01
4.941126036010288658e+01,1.742165038024961277e+01
4.943126607602172129e+01,1.863137636792378160e+01
4.945127179194055600e+01,1.990620471363394728e+01
4.947127750785939071e+01,2.115557736530453425e+01
4.949128322377822542e+01,2.131275614660513185e+01
4.951128893969706013e+01,2.205664084681409420e+01
4.953129465561589484e+01,2.311712019151229214e+01
4.955130037153472955e+01,2.268938122578904171e+01
4.957130608745355715e+01,2.303879918716566877e+01
4.959131180337239186e+01,2.382061998022903992e+01
4.961131751929122657e+01,2.299947180343525233e+01
4.963132323521006128e+01,2.168404500826120085e+01
4.965132895112889599e+01,2.150268235932238170e+01
4.967133466704773070e+01,2.103451001158437350e+01
4.969134038296656541e+01,1.988454756856773642e+01
4.971134609888540012e+01,1.833447609289935443e+01
4.973135181480423483e+01,1.697671659710051983e+01
4.975135753072306244e+01,1.632327622064980943e+01
4.977136324664189715e+01,1.469785864597146485e+01
4.979136896256073186e+01,1.286269024062500321e+01
4.981137467847956657e+01,1.247747700965362938e+01
4.983138039439840128e+01,1.091067858391096301e+01
4.985138611031723599e+01,1.084615051552112952e+01
4.987139182623607070e+01,9.085069597611395764e+00
4.989139754215490541e+01,8.949483625975780399e+00
4.991140325807374012e+01,8.893125193010806839e+00
4.993140897399257483e+01,7.842814325748959092e+00
4.995141468991140243e+01,7.916748854036105953e+00
4.997142040583023714e+01,7.846568015315283695e+00
4.999142612174907185e+01,7.723177917988499175e+00
5.001143183766790656e+01,7.018077294398585408e+00
5.003143755358674127e+01,6.721554923814077043e+00
5.005144326950557598e+01,6.310429442896357877e+00
5.007144898542441069e+01,7.564481313855033306e+00
5.009145470134324540e+01,6.361565613725638002e+00
5.011146041726208011e+01,6.039629477678183811e+00
5.013146613318090772e+01,6.396509857092434359e+00
5.015147184909974243e+01,6.688234411744828023e+00
5.017147756501857714e+01,6.351720973211726573e+00
5.019148328093741185e+01,6.611885141592943604e+00
5.021148899685624656e+01,6.720648476653940939e+00
5.023149471277508127e+01,6.401125312920914467e+00
5.025150042869391598e+01,6.242438573538733770e+00
5.027150614461275069e+01,6.516532433652886702e+00
5.029151186053158540e+01,6.091414615674178634e+00
5.031151757645042011e+01,5.586038484069504761e+00
5.033152329236924771e+01,6.331754535823380436e+00
5.035152900828808242e+01,5.862073293158267973e+00
5.037153472420691713e+01,5.729091566840743610e+00
5.039154044012575184e+01,5.889686431380395604e+00
5.041154615604458655e+01,6.343857233857647770e+00
5.043155187196342126e+01,5.984953492585160184e+00
5.045155758788225597e+01,5.521331044479326877e+00
5.047156330380109068e+01,6.617575242639698985e+00
5.049156901971992539e+01,6.561739712849073314e+00
5.051157473563875300e+01,6.558370246715657714e+00
5.053158045155758771e+01,6.230656884095994386e+00
5.055158616747642242e+01,6.004652293289536757e+00
5.057159188339525713e+01,6.681041160042108906e+00
5.059159759931409184e+01,6.049070659533873240e+00
5.061160331523292655e+01,6.589833925614154708e+00
5.063160903115176126e+01,5.833213519287726356e+00
5.065161474707059597e+01,7.202821811527616802e+00
5.067162046298943068e+01,6.732966151708308367e+00
5.069162617890825828e+01,6.637922503557521559e+00
5.071163189482709299e+01,6.517856777931430479e+00
5.073163761074592770e+01,6.857206587038652934e+00
5.075164332666476241e+01,6.706808103624076089e+00
5.077164904258359712e+01,6.891791944885419241e+00
5.079165475850243183e+01,7.133522472955243110e+00
5.081166047442126654e+01,7.431084251035392718e+00
5.083166619034010125e+01,7.930180652499159599e+00
5.085167190625893596e+01,6.632012828928864678e+00
5.087167762217777067e+01,7.203074509163274186e+00
5.089168333809659828e+01,6.869716145650272665e+00
5.091168905401543299e+01,7.311196423606260097e+00
5.093169476993426770e+01,6.899972966577216482e+00
5.095170048585310241e+01,6.512475028536227839e+00
5.097170620177193712e+01,6.940002022769099277e+00
5.099171191769077183e+01,7.327689659932429933e+00
5.101171763360960654e+01,6.925416814898672335e+00
5.103172334952844125e+01,5.943251491531237107e+00
5.105172906544727596e+01,7.230263533299502221e+00
5.107173478136610356e+01,6.125943567187066563e+00
5.109174049728493827e+01,6.399663030689460186e+00
5.111174621320377298e+01,6.171471103401467317e+00
5.113175192912260769e+01,6.133236108611679782e+00
5.115175764504144240e+01,6.665287858681332445e+00
5.117176336096027711e+01,6.214145158685321135e+00
5.119176907687911182e+01,7.125059219976861868e+00
5.121177479279794653e+01,6.836074840828159083e+00
5.123178050871678124e+01,6.436355408944470113e+00
5.125178622463561595e+01,5.857150298497124652e+00
5.127179194055444356e+01,6.496819333126047979e+00
5.129179765647327827e+01,6.967059748482981263e+00
5.131180337239211298e+01,6.557110138355662698e+00
5.133180908831094769e+01,6.102303010479805501e+00
5.135181480422978240e+01,6.146758506254200505e+00
5.137182052014861711e+01,7.077332382155750778e+00
5.139182623606745182e+01,6.458434737589017871e+00
5.141183195198628653e+01,5.922304903310520174e+00
5.143183766790512124e+01,7.322170635791115600e+00
5.145184338382394884e+01,6.237641107201001844e+00
5.147184909974278355e+01,6.485058820092163501e+00
5.149185481566161826e+01,7.416848481576328922e+00
5.151186053158045297e+01,7.653397823291935964e+00
5.153186624749928768e+01,7.504824701602981207e+00
5.155187196341812239e+01,7.012450620361422970e+00
5.157187767933695710e+01,6.600346155488871602e+00
5.159188339525579181e+01,7.111404161970012794e+00
5.161188911117462652e+01,7.782167576261205255e+00
5.163189482709345413e+01,7.467211634709753909e+00
5.165190054301228884e+01,8.970689264579220890e+00
5.167190625893112355e+01,8.521814884411849533e+00
5.169191197484995826e+01,9.180106910114661289e+00
5.171191769076879297e+01,9.676238464931454786e+00
5.173192340668762768e+01,1.022255319932269302e+01
5.175192912260646239e+01,9.904360050007394278e+00
5.177193483852529710e+01,1.082613911479072755e+01
5.179194055444413181e+01,1.168345397663277652e+01
5.181194627036296652e+01,1.305592646465405693e+01
5.183195198628179412e+01,1.225557949217538578e+01
5.185195770220062883e+01,1.309837110184567521e+01
5.187196341811946354e+01,1.512388922118935142e+01
5.189196913403829825e+01,1.539261407274560511e+01
5.191197484995713296e+01,1.561701026758750999e+01
5.193198056587596767e+01,1.616129496715351266e+01
5.195198628179480238e+01,1.789649083535763197e+01
5.197199199771363709e+01,1.837344770505047009e+01
5.199199771363247180e+01,1.953536972494223889e+01
5.201200342955129940e+01,2.106177406309619826e+01
5.203200914547013411e+01,2.133327229303957040e+01
5.205201486138896882e+01,2.239488137775165910e+01
5.207202057730780353e+01,2.380601486330123961e+01
5.209202629322663824e+01,2.516565427969759128e+01
5.211203200914547295e+01,2.587468666618435265e+01
5.213203772506430766e+01,2.735021169413998621e+01
5.215204344098314237e+01,2.828117846311535999e+01
5.217204915690197708e+01,2.938417698487675978e+01
5.219205487282081180e+01,3.131628070780053719e+01
5.221206058873963940e+01,3.174773839076689796e+01
5.223206630465847411e+01,3.366193154760338047e+01
5.225207202057730882e+01,3.392012753807485126e+01
5.227207773649614353e+01,3.514081569515747105e+01
5.229208345241497824e+01,3.600738299242527773e+01
5.231208916833381295e+01,3.650613726192879938e+01
5.233209488425264766e+01,3.657212552845930986e+01
5.235210060017148237e+01,3.679533526315146474e+01
5.237210631609031708e+01,3.617642794968216435e+01
5.239211203200914468e+01,3.579497957478122316e+01
5.241211774792797939e+01,3.376710742327351511e+01
5.243212346384681410e+01,3.352840315580143482e+01
5.245212917976564881e+01,3.211938400801393811e+01
5.247213489568448352e+01,3.028280241361382963e+01
5.249214061160331823e+01,2.833081531366530470e+01
5.251214632752215294e+01,2.628815490054647341e+01
5.253215204344098765e+01,2.452143059981561635e+01
5.255215775935982236e+01,2.230743306771707068e+01
5.257216347527864997e+01,2.064523985917952587e+01
5.259216919119748468e+01,1.892222370132737552e+01
5.261217490711631939e+01,1.705866375291669357e+01
5.263218062303515410e+01,1.566105903439752112e+01
5.265218633895398881e+01,1.437284591470407946e+01
5.267219205487282352e+01,1.303700993745423631e+01
5.269219777079165823e+01,1.225786584256483991e+01
5.271220348671049294e+01,1.062283258754073501e+01
5.273220920262932765e+01,1.020903581757608158e+01
5.275221491854816236e+01,1.035174810728555883e+01
5.277222063446698996e+01,9.098912570806138689e+00
5.279222635038582467e+01,9.418358289325752253e+00
5.281223206630465938e+01,8.918824946906500628e+00
5.283223778222349409e+01,8.465955584730899375e+00
5.285224349814232880e+01,8.263742733445635480e+00
5.287224921406116351e+01,8.378753032867079398e+00
5.289225492997999822e+01,8.395563378102327334e+00
5.291226064589883293e+01,7.202407821624605688e+00
5.293226636181766764e+01,8.497062332581956312e+00
5.295227207773649525e+01,8.119735572257610556e+00
5.297227779365532996e+01,8.416495454054286895e+00
5.299228350957416467e+01,7.814372231240884759e+00
5.301228922549299938e+01,9.384248070423083732e+00
5.303229494141183409e+01,9.145592620820915286e+00
5.305230065733066880e+01,8.824090823205306577e+00
5.307230637324950351e+01,9.512472227730548013e+00
5.309231208916833822e+01,9.946646402825038535e+00
5.311231780508717293e+01,9.197474852906346143e+00
5.313232352100600764e+01,1.023366346220411316e+01
5.315232923692483524e+01,9.991085514396388589e+00
5.317233495284366995e+01,9.747756937516481202e+00
5.319234066876250466e+01,9.955267227005085928e+00
5.321234638468133937e+01,1.018355630431092962e+01
5.323235210060017408e+01,9.617061782938986170e+00
5.325235781651900879e+01,9.738727548258728106e+00
5.327236353243784350e+01,9.855604067279470470e+00
5.329236924835667821e+01,9.390409982533766353e+00
5.331237496427551292e+01,8.932072450446375100e+00
5.333238068019434053e+01,9.215709780553819286e+00
5.335238639611317524e+01,8.768463733897991830e+00
5.337239211203200995e+01,8.250087674644564828e+00
5.339239782795084466e+01,7.297953530542334200e+00
5.341240354386967937e+01,8.015441640890459851e+00
5.343240925978851408e+01,7.144845272488435484e+00
5.345241497570734879e+01,6.777930929310952202e+00
5.347242069162618350e+01,7.126581253233657876e+00
5.349242640754501821e+01,6.975516488441367180e+00
5.351243212346384581e+01,6.914764665750380068e+00
5.353243783938268052e+01,7.169698233913440966e+00
5.355244355530151523e+01,6.081303098257464512e+00
5.357244927122034994e+01,6.489778593859893085e+00
5.359245498713918465e+01,5.532459392825717970e+00
5.361246070305801936e+01,6.456359270909995729e+00
5.363246641897685407e+01,6.872087852857693413e+00
5.365247213489568878e+01,6.849086658780497494e+00
5.367247785081452349e+01,6.304269367999045137e+00
5.369248356673335820e+01,5.863675247029607185e+00
5.371248928265218581e+01,5.564336823070864746e+00
5.373249499857102052e+01,6.608584298977900673e+00
5.375250071448985523e+01,6.354877154376270099e+00
5.377250643040868994e+01,6.526432741592320674e+00
5.379251214632752465e+01,5.368847610946245297e+00
5.381251786224635936e+01,5.205993298166957217e+00
5.383252357816519407e+01,5.732817099406182670e+00
5.385252929408402878e+01,6.519584079369524332e+00
5.387253501000286349e+01,5.828535204421140037e+00
5.389254072592169109e+01,6.305503611435173461e+00
5.391254644184052580e+01,5.687224123961666322e+00
5.393255215775936051e+01,5.593885292023045963e+00
5.395255787367819522e+01,5.808352546686239570e+00
5.397256358959702993e+01,5.652787596844775386e+00
5.399256930551586464e+01,5.467032407230180802e+00
5.401257502143469935e+01,5.984397436026761774e+00
5.403258073735353406e+01,6.571729772461358365e+00
5.405258645327236877e+01,5.756008077357659403e+00
5.407259216919120348e+01,6.049283797757922798e+00
5.409259788511003109e+01,6.455842131399426975e+00
5.411260360102886580e+01,6.343799686181398556e+00
5.413260931694770051e+01,5.755769606866728338e+00
5.415261503286653522e+01,6.544439050919888423e+00
5.417262074878536993e+01,5.757776496649746889e+00
5.419262646470420464e+01,6.320587748476082623e+00
5.421263218062303935e+01,6.290696204126803082e+00
5.423263789654187406e+01,6.295271764253133284e+00
5.425264361246070877e+01,6.450552931968661419e+00
5.427264932837953637e+01,6.424240091058462276e+00
5.429265504429837108e+01,6.779692307056605749e+00
5.431266076021720579e+01,7.130247650589677022e+00
5.433266647613604050e+01,6.910114044101256958e+00
5.435267219205487521e+01,7.112285696384402556e+00
5.437267790797370992e+01,7.534584580814494892e+00
5.439268362389254463e+01,7.578284148876287318e+00
5.441268933981137934e+01,8.521365635002688066e+00
5.443269505573021405e+01,8.832158597025914659e+00
5.445270077164904166e+01,8.689105911259735748e+00
5.447270648756787637e+01,9.666398145262029118e+00
5.449271220348671108e+01,9.850052610726747204e+00
5.451271791940554579e+01,1.010017508268633080e+01
5.453272363532438050e+01,1.168631308026276550e+01
5.455272935124321521e+01,1.135905606220875796e+01
5.457273506716204992e+01,1.183318731005211610e+01
5.459274078308088463e+01,1.207335360931302937e+01
5.461274649899971934e+01,1.256158136624290655e+01
5.463275221491855405e+01,1.420393463039343551e+01
5.465275793083738165e+01,1.391903739416120800e+01
5.467276364675621636e+01,1.530216958257002346e+01
5.469276936267505107e+01,1.519742199411536809e+01
5.471277507859388578e+01,1.643218517412428881e+01
5.473278079451272049e+01,1.575868237290137230e+01
5.475278651043155520e+01,1.614734298189473449e+01
5.477279222635038991e+01,1.663050889039728020e+01
5.479279794226922462e+01,1.637949887839513252e+01
5.481280365818805933e+01,1.515912114492867424e+01
5.483280937410688693e+01,1.436792242612560599e+01
5.485281509002572164e+01,1.449917152638346884e+01
5.487282080594455635e+01,1.416466993996057155e+01
5.489282652186339106e+01,1.334774481146411063e+01
5.491283223778222577e+01,1.280707829677917253e+01
5.493283795370106048e+01,1.247406068241698840e+01
5.495284366961989519e+01,1.128508592474444505e+01
5.497284938553872990e+01,1.086020973134473877e+01
5.499285510145756461e+01,1.066567219743313544e+01
5.501286081737639222e+01,1.045945102118739101e+01
5.503286653329522693e+01,9.841936556004483805e+00
5.505287224921406164e+01,9.860134008200919453e+00
5.507287796513289635e+01,9.964332368450074640e+00
5.509288368105173106e+01,1.022608691653054436e+01
5.511288939697056577e+01,1.070843463010353602e+01
5.513289511288940048e+01,1.104004477700053677e+01
5.515290082880823519e+01,1.197510426391663785e+01
5.517290654472706990e+01,1.248736856864510969e+01
5.519291226064590461e+01,1.247850828174190596e+01
5.521291797656473221e+01,1.356734935130371866e+01
5.523292369248356692e+01,1.381259591833457456e+01
5.525292940840240163e+01,1.315300031534490266e+01
5.527293512432123634e+01,1.436030217732102443e+01
5.529294084024007105e+01,1.365902270749189817e+01
5.531294655615890576e+01,1.381679624133280626e+01
5.533295227207774047e+01,1.512020862888576822e+01
5.535295798799657518e+01,1.436865146164674201e+01
5.537296370391540989e+01,1.359008641231954329e+01
5.539296941983423750e+01,1.319045954414426802e+01
5.541297513575307221e+01,1.298953380882690567e+01
5.543298085167190692e+01,1.317680518657177124e+01
5.545298656759074163e+01,1.218563130945392103e+01
5.547299228350957634e+01,1.221701783192403212e+01
5.549299799942841105e+01,1.154401954663328489e+01
5.551300371534724576e+01,1.059797320626983819e+01
5.553300943126608047e+01,9.891084817008673369e+00
5.555301514718491518e+01,1.010868192389266618e+01
5.557302086310374989e+01,9.078530808960499243e+00
5.559302657902257749e+01,8.351543204760631056e+00
5.561303229494141220e+01,7.912203079137295703e+00
5.563303801086024691e+01,7.205587408630759860e+00
5.565304372677908162e+01,7.373086716470659496e+00
5.567304944269791633e+01,7.003293727026738580e+00
5.569305515861675104e+01,7.122902897264827615e+00
5.571306087453558575e+01,7.965250159677959019e+00
5.573306659045442046e+01,8.075770949574570423e+00
5.575307230637325517e+01,7.013090580098944926e+00
5.577307802229208278e+01,7.380235058889952349e+00
5.579308373821091749e+01,7.319208774438264342e+00
5.581308945412975220e+01,7.504829060675703545e+00
5.583309517004858691e+01,7.123319303348170095e+00
5.585310088596742162e+01,7.004862048735638780e+00
5.587310660188625633e+01,7.027594575171329794e+00
5.589311231780509104e+01,6.768478475324618771e+00
5.591311803372392575e+01,7.161964970550526388e+00
5.593312374964276046e+01,7.008591539457570185e+00
5.595312946556158806e+01,7.848327632636600271e+00
5.597313518148042277e+01,7.108287783929224446e+00
5.599314089739925748e+01,7.301063952299429616e+00
5.601314661331809219e+01,7.263144915829842674e+00
5.603315232923692690e+01,7.342360986674848711e+00
5.605315804515576161e+01,7.261852068091934953e+00
5.607316376107459632e+01,7.605425188458113439e+00
5.609316947699343103e+01,7.546126654526569055e+00
5.611317519291226574e+01,8.080518270271555892e+00
5.613318090883110045e+01,8.356495926134815733e+00
5.615318662474992806e+01,9.377096258281195418e+00
5.617319234066876277e+01,8.764101599967998979e+00
5.619319805658759748e+01,1.014738709729790145e+01
5.621320377250643219e+01,1.058803221254602533e+01
5.623320948842526690e+01,1.179303555655903679e+01
5.625321520434410161e+01,1.239092249590535744e+01
5.627322092026293632e+01,1.289296355866478550e+01
5.629322663618177103e+01,1.368627245043451168e+01
5.631323235210060574e+01,1.444575054704750627e+01
5.633323806801943334e+01,1.453469794752012767e+01
5.635324378393826805e+01,1.582165899794787123e+01
5.637324949985710276e+01,1.521913079810857283e+01
5.639325521577593747e+01,1.709920817632032808e+01
5.641326093169477218e+01,1.703536060696126242e+01
5.643326664761360689e+01,1.661397822015926096e+01
5.645327236353244160e+01,1.705973609564967575e+01
5.647327807945127631e+01,1.698143184798384198e+01
5.649328379537011102e+01,1.602987773093076029e+01
5.651328951128894573e+01,1.596558038101342447e+01
5.653329522720777334e+01,1.555753080408912581e+01
5.655330094312660805e+01,1.499916129686427624e+01
5.657330665904544276e+01,1.298558730306951503e+01
5.659331237496427747e+01,1.335561255890516819e+01
5.661331809088311218e+01,1.228695677611865023e+01
5.663332380680194689e+01,1.070004422778949760e+01
5.665332952272078160e+01,1.041556925212628748e+01
5.667333523863961631e+01,1.007604843847276932e+01
5.669334095455845102e+01,9.968664756835913465e+00
5.671334667047727862e+01,9.808517677181489702e+00
5.673335238639611333e+01,8.989101039582813257e+00
5.675335810231494804e+01,8.427222887483875269e+00
5.677336381823378275e+01,7.440821185413284411e+00
5.679336953415261746e+01,8.497177483207366322e+00
5.681337525007145217e+01,7.980523763411544458e+00
5.683338096599028688e+01,7.217803497811404512e+00
5.685338668190912159e+01,7.001876136492040104e+00
5.687339239782795630e+01,7.011919597028805740e+00
5.689339811374678391e+01,6.365552642665611494e+00
5.691340382966561862e+01,6.949790730331881328e+00
5.693340954558445333e+01,6.372098222506371812e+00
5.695341526150328804e+01,6.108221843663860895e+00
5.697342097742212275e+01,6.828008365783925449e+00
5.699342669334095746e+01,6.053442419737654845e+00
5.701343240925979217e+01,5.998706012515625297e+00
5.703343812517862688e+01,6.108749923775167900e+00
5.705344384109746159e+01,5.858616342381067099e+00
5.707344955701629630e+01,6.074739865293063978e+00
5.709345527293512390e+01,6.273225260649208934e+00
5.711346098885395861e+01,5.975231100420707264e+00
5.713346670477279332e+01,5.690399081949298221e+00
5.715347242069162803e+01,5.963300234333751781e+00
5.717347813661046274e+01,5.666545875925503850e+00
5.719348385252929745e+01,5.684975630380862732e+00
5.721348956844813216e+01,5.418241928551589481e+00
5.723349528436696687e+01,5.207822090665128023e+00
5.725350100028580158e+01,5.858828913902950575e+00
5.727350671620462919e+01,6.024197061653666196e+00
5.729351243212346390e+01,6.006024272294927968e+00
5.731351814804229861e+01,6.182421927463359168e+00
5.733352386396113332e+01,6.143337613642128048e+00
5.735352957987996803e+01,5.506689332301201389e+00
5.737353529579880274e+01,6.386837903467070809e+00
5.739354101171763745e+01,5.872136436470476895e+00
5.741354672763647216e+01,5.812121582264194508e+00
5.743355244355530687e+01,5.679116577328066739e+00
5.745355815947414158e+01,5.732073283465847879e+00
5.747356387539296918e+01,6.032342475046578834e+00
5.749356959131180389e+01,5.838821920311461966e+00
5.751357530723063860e+01,6.544084600023559517e+00
5.753358102314947331e+01,5.196096992205688991e+00
5.755358673906830802e+01,6.217185664019632796e+00
5.757359245498714273e+01,5.171480740840166845e+00
5.759359817090597744e+01,6.085629839407468822e+00
5.761360388682481215e+01,5.754855887086174349e+00
5.763360960274364686e+01,6.352875221879296319e+00
5.765361531866247446e+01,6.413393028308371768e+00
5.767362103458130917e+01,5.605615733952094892e+00
5.769362675050014388e+01,5.557805800133730045e+00
5.771363246641897859e+01,6.569973784394568916e+00
5.773363818233781330e+01,5.825900241741837959e+00
5.775364389825664801e+01,5.885105131905064013e+00
5.777364961417548272e+01,6.201888483279526021e+00
5.779365533009431743e+01,6.346826025389070480e+00
5.781366104601315214e+01,6.202247099020879340e+00
5.783366676193197975e+01,5.671066726713242190e+00
5.785367247785081446e+01,6.320207430734733123e+00
5.787367819376964917e+01,6.012242695528984271e+00
5.789368390968848388e+01,6.317642695998021196e+00
5.791368962560731859e+01,6.609029851025358226e+00
5.793369534152615330e+01,6.390797821149126534e+00
5.795370105744498801e+01,5.346249591636136778e+00
5.797370677336382272e+01,5.955549703583152166e+00
5.799371248928265743e+01,5.525542726469065968e+00
5.801371820520149214e+01,6.246215890213759003e+00
5.803372392112031974e+01,6.087447404499043202e+00
5.805372963703915445e+01,5.343232054242358586e+00
5.807373535295798916e+01,5.690164212382841313e+00
5.809374106887682387e+01,6.188038022248067982e+00
5.811374678479565858e+01,5.725177193435627920e+00
5.813375250071449329e+01,6.828337643148691072e+00
5.815375821663332800e+01,6.263007487815038132e+00
5.817376393255216271e+01,5.959541138137026905e+00
5.819376964847099742e+01,5.545760012237619385e+00
5.821377536438982503e+01,5.997251655425843708e+00
5.823378108030865974e+01,5.494415965082955822e+00
5.825378679622749445e+01,5.877452388346579681e+00
5.827379251214632916e+01,6.391117105187246850e+00
5.829379822806516387e+01,6.142305287412812120e+00
5.831380394398399858e+01,5.992130865871478029e+00
5.833380965990283329e+01,5.636473205556789878e+00
5.835381537582166800e+01,5.772864194229498480e+00
5.837382109174050271e+01,5.070344286833764258e+00
5.839382680765933742e+01,5.550096392361622222e+00
5.841383252357816502e+01,6.095856500759785135e+00
5.843383823949699973e+01,6.052459570784325393e+00
5.845384395541583444e+01,5.716922051173874308e+00
5.847384967133466915e+01,5.537421594073077102e+00
5.849385538725350386e+01,5.871562176487474360e+00
5.851386110317233857e+01,6.011891462867016145e+00
5.853386681909117328e+01,6.271712377776589520e+00
5.855387253501000799e+01,5.981547298188354844e+00
5.857387825092884270e+01,6.155287519164314602e+00
5.859388396684767031e+01,5.623220299288167467e+00
5.861388968276650502e+01,5.598117544293195635e+00
5.863389539868533973e+01,5.927518823692565775e+00
5.865390111460417444e+01,5.866828136217762335e+00
5.867390683052300915e+01,5.819794195465807007e+00
5.869391254644184386e+01,5.857134890389390947e+00
5.871391826236067857e+01,5.448310462917673291e+00
5.873392397827951328e+01,5.907266288442151847e+00
5.875392969419834799e+01,6.538721912928910029e+00
5.877393541011717559e+01,5.695462737928757235e+00
5.879394112603601030e+01,6.044017549471044859e+00
5.881394684195484501e+01,5.940276694123204138e+00
5.883395255787367972e+01,5.598805835851344170e+00
5.885395827379251443e+01,5.679471566062185062e+00
5.887396398971134914e+01,6.485661338165164658e+00
5.889396970563018385e+01,5.877472360125251427e+00
5.891397542154901856e+01,6.165390346149554723e+00
5.893398113746785327e+01,5.912112046073410454e+00
5.895398685338668798e+01,6.733444990333077307e+00
5.897399256930551559e+01,5.878214419207367314e+00
5.899399828522435030e+01,5.633606091522874948e+00
5.901400400114318501e+01,6.142465869059479999e+00
5.903400971706201972e+01,5.274866588804987266e+00
5.905401543298085443e+01,4.879242842746776887e+00
5.907402114889968914e+01,5.268964142375338611e+00
5.909402686481852385e+01,6.137894820936828033e+00
5.911403258073735856e+01,6.307213853873001597e+00
5.913403829665619327e+01,6.195596140673554686e+00
5.915404401257502087e+01,5.888268383554645879e+00
5.917404972849385558e+01,6.439260975900522155e+00
5.919405544441269029e+01,5.517979111945060744e+00
5.921406116033152500e+01,6.124807634796232136e+00
5.923406687625035971e+01,5.969950548997269735e+00
5.925407259216919442e+01,5.747150287234452648e+00
5.927407830808802913e+01,5.551877156027577698e+00
5.929408402400686384e+01,5.201377134258070356e+00
5.931408973992569855e+01,5.850022982083105560e+00
5.933409545584453326e+01,5.851383456118144366e+00
5.935410117176336087e+01,5.522544384441255616e+00
5.937410688768219558e+01,5.425462132208829225e+00
5.939411260360103029e+01,6.402161821692703647e+00
5.941411831951986500e+01,5.615278951160854959e+00
5.943412403543869971e+01,6.418142978338941873e+00
5.945412975135753442e+01,6.426884277538972512e+00
5.947413546727636913e+01,5.719824543156823538e+00
5.949414118319520384e+01,5.417447167152097620e+00
5.951414689911403855e+01,5.540232547681368303e+00
5.953415261503286615e+01,5.162461338378234288e+00
5.955415833095170086e+01,6.109015485960485492e+00
5.957416404687053557e+01,5.604816904566686020e+00
5.959416976278937028e+01,5.698387320149571167e+00
5.961417547870820499e+01,6.359649868172454035e+00
5.963418119462703970e+01,5.833110320625594980e+00
5.965418691054587441e+01,5.986666470976883758e+00
5.967419262646470912e+01,6.852491059578638577e+00
5.969419834238354383e+01,6.054625236765942553e+00
5.971420405830237144e+01,6.226250342462739340e+00
5.973420977422120615e+01,6.750314606639584269e+00
5.975421549014004086e+01,6.711196373699927165e+00
5.977422120605887557e+01,6.198856660695685861e+00
5.979422692197771028e+01,6.030932368021517220e+00
5.981423263789654499e+01,6.180315583426539305e+00
5.983423835381537970e+01,6.295141083915490654e+00
5.985424406973421441e+01,7.025804014846654511e+00
5.987424978565304912e+01,6.824353143547599032e+00
5.989425550157188383e+01,6.375499903957944525e+00
5.991426121749071143e+01,6.288905766067101055e+00
5.993426693340954614e+01,7.166098964361896861e+00
5.995427264932838085e+01,7.413074886961165788e+00
5.997427836524721556e+01,6.649148953559547159e+00
5.999428408116605027e+01,7.356792470896871272e+00
6.001428979708488498e+01,6.543977376893776565e+00
6.003429551300371969e+01,7.437743506311955244e+00
6.005430122892255440e+01,6.573512521581275081e+00
6.007430694484138911e+01,6.500406546042833078e+00
6.009431266076021672e+01,6.226592761548644717e+00
6.011431837667905143e+01,6.734736029364382759e+00
6.013432409259788614e+01,6.572161803941886760e+00
6.015432980851672085e+01,6.017125365328389819e+00
6.017433552443555556e+01,6.256855956263516205e+00
6.019434124035439027e+01,6.391027315714916668e+00
6.021434695627322498e+01,6.660922589875273303e+00
6.023435267219205969e+01,5.365289122123936494e+00
6.025435838811089440e+01,5.949960640324720273e+00
6.027436410402972911e+01,6.206351180731513928e+00
6.029436981994855671e+01,5.928526538032969029e+00
6.031437553586739142e+01,5.565142311432332178e+00
6.033438125178622613e+01,5.989346818700578723e+00
6.035438696770506084e+01,5.954131103205197562e+00
6.037439268362389555e+01,6.220411154987973035e+00
6.039439839954273026e+01,6.340598543466635206e+00
6.041440411546156497e+01,6.544131132187201771e+00
6.043440983138039968e+01,6.176016217447088508e+00
6.045441554729923439e+01,6.291008275941422312e+00
6.047442126321806199e+01,5.164642286102491653e+00
6.049442697913689670e+01,6.025882838643578765e+00
6.051443269505573141e+01,6.731411289325283320e+00
6.053443841097456612e+01,6.494813390897842709e+00
6.055444412689340083e+01,5.332218156003518672e+00
6.057444984281223554e+01,6.271255954661084431e+00
6.059445555873107025e+01,6.095926090607056480e+00
6.061446127464990496e+01,6.217608942949437889e+00
6.063446699056873967e+01,5.537901783829054736e+00
6.065447270648756728e+01,6.690319324187949945e+00
6.067447842240640199e+01,6.064074738923348917e+00
6.069448413832523670e+01,7.076629257772975912e+00
6.071448985424407141e+01,6.406310872960871983e+00
6.073449557016290612e+01,6.936416769897493673e+00
6.075450128608174083e+01,6.097468427287612514e+00
6.077450700200057554e+01,6.919716339526346793e+00
6.079451271791941025e+01,6.846880100630332144e+00
6.081451843383824496e+01,7.611734372933903536e+00
6.083452414975707967e+01,7.166930102054522855e+00
6.085452986567590727e+01,8.539186789023158752e+00
6.087453558159474198e+01,8.796568421735651455e+00
6.089454129751357669e+01,8.282562316785124779e+00
6.091454701343241140e+01,9.298420260485171340e+00
6.093455272935124611e+01,1.053103155358659571e+01
6.095455844527008082e+01,9.851814704092751285e+00
6.097456416118891553e+01,1.062602541807018142e+01
6.099456987710775024e+01,1.144482038237418564e+01
6.101457559302658495e+01,1.208643125448690725e+01
6.103458130894541256e+01,1.301029655487779912e+01
6.105458702486424727e+01,1.351757620898965229e+01
6.107459274078308198e+01,1.378066095935446711e+01
6.109459845670191669e+01,1.417417483250530097e+01
6.111460417262075140e+01,1.419579697290931364e+01
6.113460988853958611e+01,1.424138062174045949e+01
6.115461560445842082e+01,1.509266304875040454e+01
6.117462132037725553e+01,1.531525829874659905e+01
6.119462703629609024e+01,1.533069378379190084e+01
6.121463275221492495e+01,1.464036587235961129e+01
6.123463846813375255e+01,1.466866000986500396e+01
6.125464418405258726e+01,1.419431073084349393e+01
6.127464989997142197e+01,1.413593999285394176e+01
6.129465561589025668e+01,1.290736967073929975e+01
6.131466133180909139e+01,1.324692150862491857e+01
6.133466704772792610e+01,1.309074889211141368e+01
6.135467276364676081e+01,1.290707275074903748e+01
6.137467847956559552e+01,1.230436739700548543e+01
6.139468419548443023e+01,1.263439687865570349e+01
6.141468991140325784e+01,1.123014268935707882e+01
6.143469562732209255e+01,1.121278194268196415e+01
6.145470134324092726e+01,1.147733594399150725e+01
6.147470705915976197e+01,1.165564001215873802e+01
6.149471277507859668e+01,1.105577499069506686e+01
6.151471849099743139e+01,1.094281071135212358e+01
6.153472420691626610e+01,1.100987269538722124e+01
6.155472992283510081e+01,1.168179018113896461e+01
6.157473563875393552e+01,1.125843426133269176e+01
6.159474135467276312e+01,1.116036887633286057e+01
6.161474707059159783e+01,1.110057432045012149e+01
6.163475278651043254e+01,1.132095755201284959e+01
6.165475850242926725e+01,1.063476359880428390e+01
6.167476421834810196e+01,1.091337836469291211e+01
6.169476993426693667e+01,1.145404146022241676e+01
6.171477565018577138e+01,1.031247407446602793e+01
6.173478136610460609e+01,1.138648711167366478e+01
6.175478708202344080e+01,1.134865260199579318e+01
6.177479279794227551e+01,1.119428530723877202e+01
6.179479851386110312e+01,1.075228688453029946e+01
6.181480422977993783e+01,1.082606250349603627e+01
6.183480994569877254e+01,1.038882794942184518e+01
6.185481566161760725e+01,9.940365742424773998e+00
6.187482137753644196e+01,9.565344125406742393e+00
6.189482709345527667e+01,9.482328603068848949e+00
6.191483280937411138e+01,8.741381326943308494e+00
6.193483852529294609e+01,9.535285421886069201e+00
6.195484424121178080e+01,9.165110954137290378e+00
6.197484995713060840e+01,8.945599562044922237e+00
6.199485567304944311e+01,8.925295503270419317e+00
6.201486138896827782e+01,8.368043164771185261e+00
6.203486710488711253e+01,8.182835302357542417e+00
6.205487282080594724e+01,8.528180806883613130e+00
6.207487853672478195e+01,8.601371895710725468e+00
6.209488425264361666e+01,8.239871948005951907e+00
6.211488996856245137e+01,7.819438717391575366e+00
6.213489568448128608e+01,8.324455484823428009e+00
6.215490140040011369e+01,7.976219897996988273e+00
6.217490711631894840e+01,8.244416991884037316e+00
6.219491283223778311e+01,7.878000041959326794e+00
6.221491854815661782e+01,7.820925689402329795e+00
6.223492426407545253e+01,6.892417670652713824e+00
6.225492997999428724e+01,7.244167070507051776e+00
6.227493569591312195e+01,7.168721955887873420e+00
6.229494141183195666e+01,6.697386932752445787e+00
6.231494712775079137e+01,6.484581166130626961e+00
6.233495284366962608e+01,6.968771664129716825e+00
6.235495855958845368e+01,6.625449900775842949e+00
6.237496427550728839e+01,6.740417356612109501e+00
6.239496999142612310e+01,6.465026375576122142e+00
6.241497570734495781e+01,6.810005197939570820e+00
6.243498142326379252e+01,5.360290474113368120e+00
6.245498713918262723e+01,6.662957044862203304e+00
6.247499285510146194e+01,6.223387708321700629e+00
6.249499857102029665e+01,5.601491551904278943e+00
6.251500428693913136e+01,5.758199968069755315e+00
6.253501000285795897e+01,6.499439362725984992e+00
6.255501571877679368e+01,5.861567878939759169e+00
6.257502143469562839e+01,6.859878325457619219e+00
6.259502715061446310e+01,6.551874301368202147e+00
6.261503286653329781e+01,6.621491248536445440e+00
6.263503858245213252e+01,6.649591858522843069e+00
6.265504429837096723e+01,6.325293536354929635e+00
6.267505001428980194e+01,5.964178999725429087e+00
6.269505573020863665e+01,5.850503450140399408e+00
6.271506144612747136e+01,6.218454059685482704e+00
6.273506716204629896e+01,6.518942642227927742e+00
6.275507287796513367e+01,6.689547070878088419e+00
6.277507859388396838e+01,6.745764375487128817e+00
6.279508430980280309e+01,7.061412582115775827e+00
6.281509002572163780e+01,6.458001707852293549e+00
6.283509574164047251e+01,7.588539754689568539e+00
6.285510145755930722e+01,7.152414629216302444e+00
6.287510717347814193e+01,7.540134506050728547e+00
6.289511288939697664e+01,7.644857177290584005e+00
6.291511860531580425e+01,7.209214688789817416e+00
6.293512432123463896e+01,7.570080621257968545e+00
6.295513003715347367e+01,7.643266520968332145e+00
6.297513575307230838e+01,8.110306791354677358e+00
6.299514146899114309e+01,8.403535004307403966e+00
6.301514718490997780e+01,8.258134321353718832e+00
6.303515290082881251e+01,7.823000778911653796e+00
6.305515861674764722e+01,8.737921550498715106e+00
6.307516433266648193e+01,8.351800066211767515e+00
6.309517004858530953e+01,7.373304671002111732e+00
6.311517576450414424e+01,7.907527374993486902e+00
6.313518148042297895e+01,7.567688971652584584e+00
6.315518719634181366e+01,7.565326852513843292e+00
6.317519291226064837e+01,7.260564516470746632e+00
6.319519862817948308e+01,7.288904732023006261e+00
6.321520434409831779e+01,7.375281758274025989e+00
6.323521006001715250e+01,6.135934371178140445e+00
6.325521577593598721e+01,7.110506880721784384e+00
6.327522149185482192e+01,6.849081230551606225e+00
6.329522720777364952e+01,6.232330502482967383e+00
6.331523292369248423e+01,7.031941818913159281e+00
6.333523863961131894e+01,6.795191047273570817e+00
6.335524435553015365e+01,6.646366539967145215e+00
6.337525007144898836e+01,6.862613326607922559e+00
6.339525578736782307e+01,6.518557815259031329e+00
6.341526150328665778e+01,6.465921577515512553e+00
6.343526721920549249e+01,5.886657437015730743e+00
6.345527293512432720e+01,6.226591817371904369e+00
6.347527865104315481e+01,6.961102713528678265e+00
6.349528436696198952e+01,6.165169260594682399e+00
6.351529008288082423e+01,7.644872070145204646e+00
6.353529579879965894e+01,7.250051806880231986e+00
6.355530151471849365e+01,7.821449204496804697e+00
6.357530723063732836e+01,8.053113088553741861e+00
6.359531294655616307e+01,7.454577329628484961e+00
6.361531866247499778e+01,8.185604881428613311e+00
6.363532437839383249e+01,7.827770530765606694e+00
6.365533009431266720e+01,8.750031826414918612e+00
6.367533581023149480e+01,8.996549097774202863e+00
6.369534152615032951e+01,9.152821912904624213e+00
6.371534724206916422e+01,8.749121143622900831e+00
6.373535295798799893e+01,9.798373482212227259e+00
6.375535867390683364e+01,9.541228002022046795e+00
6.377536438982566835e+01,9.574140458020771405e+00
6.379537010574450306e+01,9.164927723551089755e+00
6.381537582166333777e+01,8.698493156624550693e+00
6.383538153758217248e+01,8.903829087112420382e+00
6.385538725350100009e+01,9.385953460695130701e+00
6.387539296941983480e+01,9.508009707313409109e+00
6.389539868533866951e+01,8.961219647016795520e+00
6.391540440125750422e+01,8.544492396572405113e+00
6.393541011717633893e+01,7.772314316742082951e+00
6.395541583309517364e+01,7.715019819764448172e+00
6.397542154901400835e+01,8.454456376929329053e+00
6.399542726493284306e+01,7.660376336487297877e+00
6.401543298085167066e+01,7.660986888741962098e+00
6.403543869677051248e+01,7.482706076737322576e+00
6.405544441268934008e+01,7.622974260895464482e+00
6.407545012860816769e+01,7.294869223563141603e+00
6.409545584452700950e+01,6.533897270776808597e+00
6.411546156044585132e+01,6.971427415404775729e+00
6.413546727636467892e+01,6.785039377248980763e+00
6.415547299228350653e+01,6.658055564948003990e+00
6.417547870820234834e+01,6.697291038035108279e+00
6.419548442412119016e+01,6.345577692165134565e+00
6.421549014004001776e+01,6.397512321210766295e+00
6.423549585595884537e+01,6.662716456700600531e+00
6.425550157187768718e+01,6.576033893551370468e+00
6.427550728779651479e+01,7.018868051654056472e+00
6.429551300371534239e+01,7.157685654575714373e+00
6.431551871963418421e+01,6.330706784107323237e+00
6.433552443555302602e+01,6.891836963964850682e+00
6.435553015147185363e+01,6.697523896767089369e+00
6.437553586739068123e+01,5.998451176903907722e+00
6.439554158330952305e+01,5.895787329975513913e+00
6.441554729922835065e+01,5.969170120026726423e+00
6.443555301514717826e+01,6.066471437287716206e+00
6.445555873106602007e+01,6.001999119424265672e+00
6.447556444698486189e+01,6.124964625458527934e+00
6.449557016290368949e+01,6.382600217695442169e+00
6.451557587882251710e+01,6.526245188115598950e+00
6.453558159474135891e+01,7.123167144319349831e+00
6.455558731066020073e+01,6.758426372272785088e+00
6.457559302657902833e+01,6.110957610715784583e+00
6.459559874249785594e+01,6.270796561128682001e+00
6.461560445841669775e+01,5.981420593754547710e+00
6.463561017433552536e+01,6.444490356166864942e+00
6.465561589025435296e+01,6.037992092909226116e+00
6.467562160617319478e+01,6.434100456803800938e+00
6.469562732209203659e+01,6.127534584445289312e+00
6.471563303801086420e+01,6.558855202290671649e+00
6.473563875392969180e+01,6.447176553416984923e+00
6.475564446984853362e+01,6.852631914435125537e+00
6.477565018576737543e+01,6.177989612186264523e+00
6.479565590168618883e+01,6.384467566564500984e+00
6.481566161760503064e+01,5.991255936114086467e+00
6.483566733352387246e+01,7.078815459782610731e+00
6.485567304944270006e+01,6.519599900948875870e+00
6.487567876536152767e+01,7.460250224410922115e+00
6.489568448128036948e+01,7.541067227243984483e+00
6.491569019719921130e+01,7.239663279819657404e+00
6.493569591311803890e+01,7.690585650509014215e+00
6.495570162903686651e+01,7.279260678230837556e+00
6.497570734495570832e+01,7.514347942182958207e+00
6.499571306087453593e+01,7.960626989543587051e+00
6.501571877679336353e+01,7.921883342212233892e+00
6.503572449271220535e+01,8.352688935907270462e+00
6.505573020863104716e+01,7.845129344537416394e+00
6.507573592454987477e+01,7.969123961674007717e+00
6.509574164046870237e+01,8.949927967149189811e+00
6.511574735638754419e+01,8.685142925566157857e+00
6.513575307230638600e+01,8.682870094464171018e+00
6.515575878822521361e+01,8.276268728777099071e+00
6.517576450414404121e+01,7.918980279445242410e+00
6.519577022006288303e+01,8.415830252048374760e+00
6.521577593598171063e+01,8.492884894104387072e+00
6.523578165190053824e+01,7.711053083628600646e+00
6.525578736781938005e+01,8.018446131089321582e+00
6.527579308373822187e+01,7.923548939392057733e+00
6.529579879965704947e+01,6.829368048279906844e+00
6.531580451557587708e+01,7.182657295142140796e+00
6.533581023149471889e+01,6.636906996998063413e+00
6.535581594741354650e+01,6.330712808705999173e+00
6.537582166333237410e+01,6.653437684739392566e+00
6.539582737925121592e+01,6.917358443498329734e+00
6.541583309517005773e+01,7.459246777619798152e+00
6.543583881108888534e+01,6.403201133031398484e+00
6.545584452700771294e+01,6.203216074146839176e+00
6.547585024292655476e+01,7.087766548906344610e+00
6.549585595884539657e+01,6.843377237305807270e+00
6.551586167476422418e+01,6.644378880403863263e+00
6.553586739068305178e+01,6.740499731062394417e+00
6.555587310660189360e+01,6.716206847063332930e+00
6.557587882252072120e+01,6.849146995134804072e+00
6.559588453843954881e+01,6.813448432048735626e+00
6.561589025435839062e+01,6.544981706102911190e+00
6.563589597027723244e+01,6.056811041042699628e+00
6.565590168619606004e+01,6.610781471142907151e+00
6.567590740211488765e+01,7.077933133137264576e+00
6.569591311803372946e+01,6.641283145638887220e+00
6.571591883395257128e+01,6.509913016624182980e+00
6.573592454987138467e+01,6.348118102876853186e+00
6.575593026579022649e+01,6.692977356592921367e+00
6.577593598170906830e+01,6.253931338296433218e+00
6.579594169762789591e+01,6.729490986595809687e+00
6.581594741354672351e+01,7.170539447532274124e+00
6.583595312946556533e+01,7.341763132430349614e+00
6.585595884538440714e+01,7.720458375160111686e+00
6.587596456130323475e+01,8.013400207706881773e+00
6.589597027722206235e+01,8.111219655806216622e+00
6.591597599314090417e+01,8.610392185648578334e+00
6.593598170905973177e+01,9.535567699428931121e+00
6.595598742497855937e+01,9.441159255457414190e+00
6.597599314089740119e+01,1.048270004052096738e+01
6.599599885681624301e+01,1.204430108117167642e+01
6.601600457273507061e+01,1.227334965199580274e+01
6.603601028865389821e+01,1.280766387255346750e+01
6.605601600457274003e+01,1.395993095975434706e+01
6.607602172049158185e+01,1.381666560512277897e+01
6.609602743641040945e+01,1.490588562765193181e+01
6.611603315232923705e+01,1.528249062663956614e+01
6.613603886824807887e+01,1.561299585842679782e+01
6.615604458416690647e+01,1.621810161014888152e+01
6.617605030008573408e+01,1.646941226962882965e+01
6.619605601600457589e+01,1.587867308654833209e+01
6.621606173192341771e+01,1.577544523055646053e+01
6.623606744784224531e+01,1.490046846772171563e+01
6.625607316376107292e+01,1.485042438633548478e+01
6.627607887967991473e+01,1.380349494302614133e+01
6.629608459559874234e+01,1.351911398950062093e+01
6.631609031151756994e+01,1.293802293005821902e+01
6.633609602743641176e+01,1.178959438272887539e+01
6.635610174335525357e+01,1.119456946389784591e+01
6.637610745927408118e+01,1.007665994423940603e+01
6.639611317519290878e+01,9.876399175504444017e+00
6.641611889111175060e+01,9.552583425440667853e+00
6.643612460703059241e+01,8.570515061445094673e+00
6.645613032294942002e+01,7.924257009476411540e+00
6.647613603886824762e+01,7.413761853110654165e+00
6.649614175478708944e+01,7.987671550033298651e+00
6.651614747070591704e+01,7.255817789603765888e+00
6.653615318662474465e+01,6.696231799226612935e+00
6.655615890254358646e+01,7.401147427038379689e+00
6.657616461846242828e+01,7.325388646223732536e+00
6.659617033438125588e+01,5.907795513554310318e+00
6.661617605030008349e+01,6.969882081907599058e+00
6.663618176621892530e+01,7.104787851306250346e+00
6.665618748213776712e+01,6.116479697943080218e+00
6.667619319805658051e+01,5.818957841901863048e+00
6.669619891397542233e+01,5.738777807150329480e+00
6.671620462989426414e+01,6.239606833728677415e+00
6.673621034581309175e+01,6.087806137989455024e+00
6.675621606173191935e+01,6.524691186754376204e+00
6.677622177765076117e+01,6.447368815858357749e+00
6.679622749356960298e+01,6.565729710670786368e+00
6.681623320948843059e+01,6.575483951480145528e+00
6.683623892540725819e+01,6.138993581905879182e+00
6.685624464132610001e+01,6.784275422458072136e+00
6.687625035724492761e+01,5.877557808226463010e+00
6.689625607316375522e+01,6.310838920465798196e+00
6.691626178908259703e+01,5.776744021228489956e+00
6.693626750500143885e+01,6.822881611386423018e+00
6.695627322092026645e+01,6.981993352790107465e+00
6.697627893683909406e+01,6.236928277471367466e+00
6.699628465275793587e+01,5.955960039036194864e+00
6.701629036867677769e+01,5.802169662279090367e+00
6.703629608459560529e+01,5.820137419022991310e+00
6.705630180051443290e+01,5.706503912095756803e+00
6.707630751643327471e+01,6.705318146017679837e+00
6.709631323235210232e+01,6.844086065902860838e+00
6.711631894827092992e+01,7.258041894145852879e+00
6.713632466418977174e+01,6.978739705462018605e+00
6.715633038010861355e+01,7.489193392605619337e+00
6.717633609602744116e+01,7.097707688432493001e+00
6.719634181194626876e+01,7.348431591442835753e+00
6.721634752786511058e+01,7.080728877845848146e+00
6.723635324378393818e+01,8.456728085035813081e+00
6.725635895970276579e+01,8.063629531123433836e+00
6.727636467562160760e+01,8.127515175466529129e+00
6.729637039154044942e+01,9.128610902102566982e+00
6.731637610745927702e+01,8.617949596246226918e+00
6.733638182337810463e+01,8.208580581613638572e+00
6.735638753929694644e+01,9.155644427618824466e+00
6.737639325521578826e+01,9.377498424222746820e+00
6.739639897113461586e+01,9.172112081157575147e+00
6.741640468705344347e+01,9.531878216687724503e+00
6.743641040297228528e+01,9.537492819402459077e+00
6.745641611889111289e+01,9.069388230716548094e+00
6.747642183480994049e+01,9.210358297301693753e+00
6.749642755072878231e+01,9.693452357223453220e+00
6.751643326664762412e+01,9.495992345677422009e+00
6.753643898256645173e+01,9.664598818641785272e+00
6.755644469848527933e+01,1.063103177598286564e+01
6.757645041440412115e+01,1.055436967182677144e+01
6.759645613032296296e+01,1.120078220702690786e+01
6.761646184624177636e+01,1.055810635271140718e+01
6.763646756216061817e+01,1.097979314055770317e+01
6.765647327807945999e+01,1.194265342165905253e+01
6.767647899399828759e+01,1.229845957802086076e+01
6.769648470991711520e+01,1.316513562023881079e+01
6.771649042583595701e+01,1.358171144052986179e+01
6.773649614175479883e+01,1.437580105903890093e+01
6.775650185767362643e+01,1.538804975378254625e+01
6.777650757359245404e+01,1.595988581053767597e+01
6.779651328951129585e+01,1.630706606165806605e+01
6.781651900543012346e+01,1.691272167651513669e+01
6.783652472134895106e+01,1.770004733631243710e+01
6.785653043726779288e+01,1.760920335197840814e+01
6.787653615318663469e+01,1.851446521150930025e+01
6.789654186910546230e+01,1.771651371289406640e+01
6.791654758502428990e+01,1.760882654957393711e+01
6.793655330094313172e+01,1.676801911488500352e+01
6.795655901686197353e+01,1.710711812778706076e+01
6.797656473278080114e+01,1.537091568244239603e+01
6.799657044869962874e+01,1.500807314683603266e+01
6.801657616461847056e+01,1.432010405236821349e+01
6.803658188053729816e+01,1.267390938985160531e+01
6.805658759645612577e+01,1.303618726122715366e+01
6.807659331237496758e+01,1.145776441824696334e+01
6.809659902829380940e+01,1.119508099021768643e+01
6.811660474421263700e+01,9.858692317469063937e+00
6.813661046013146461e+01,1.004140846654164676e+01
6.815661617605030642e+01,8.867421177860876469e+00
6.817662189196913403e+01,8.111315242657179070e+00
6.819662760788796163e+01,7.485240365955172948e+00
6.821663332380680345e+01,7.550939031189162876e+00
6.823663903972564526e+01,7.050476747411268619e+00
6.825664475564447287e+01,7.214685890223206499e+00
6.827665047156330047e+01,6.540507230178449483e+00
6.829665618748214229e+01,6.336606909466214077e+00
6.831666190340098410e+01,6.028600162161489529e+00
6.833666761931981171e+01,6.541315501198003091e+00
6.835667333523863931e+01,7.222797046659350073e+00
6.837667905115748113e+01,7.303019652868134592e+00
6.839668476707630873e+01,6.477034699165605147e+00
6.841669048299513634e+01,7.021402354017860503e+00
6.843669619891397815e+01,7.006392385578281257e+00
6.845670191483281997e+01,7.031641223779692140e+00
6.847670763075164757e+01,6.083688200988311756e+00
6.849671334667047518e+01,5.799923282566297189e+00
6.851671906258931699e+01,6.190105563232739527e+00
6.853672477850815881e+01,6.352874677903084688e+00
6.855673049442697220e+01,5.709658458016212634e+00
6.857673621034581402e+01,6.230575062339578807e+00
6.859674192626465583e+01,6.158829383113367584e+00
6.861674764218348344e+01,6.733127503888971077e+00
6.863675335810231104e+01,6.556777518554703477e+00
6.865675907402115286e+01,6.235889270493656156e+00
6.867676478993999467e+01,6.635992019843386380e+00
6.869677050585882228e+01,6.978976384638988506e+00
6.871677622177764988e+01,6.808905537655657980e+00
6.873678193769649170e+01,6.917503511307248942e+00
6.875678765361531930e+01,7.335025185355634747e+00
6.877679336953414690e+01,6.322503586695754407e+00
6.879679908545298872e+01,7.038697777719361781e+00
6.881680480137183054e+01,7.827459126390877486e+00
6.883681051729065814e+01,7.650741424639702082e+00
6.885681623320948574e+01,8.459457528055807529e+00
6.887682194912832756e+01,9.433528679076378154e+00
6.889682766504716938e+01,8.770394421792362394e+00
6.891683338096599698e+01,9.047553298101846053e+00
6.893683909688482458e+01,1.077016263813065144e+01
6.895684481280366640e+01,1.071779892062956208e+01
6.897685052872249400e+01,1.161956510861588576e+01
6.899685624464132161e+01,1.247575358111211230e+01
6.901686196056016342e+01,1.315491694444686388e+01
6.903686767647900524e+01,1.326844222282962882e+01
6.905687339239783284e+01,1.346984901204392493e+01
6.907687910831666045e+01,1.407740825119821437e+01
6.909688482423550226e+01,1.356019560499867360e+01
6.911689054015432987e+01,1.412039429768770660e+01
6.913689625607315747e+01,1.344473195186546199e+01
6.915690197199199929e+01,1.338280930139466030e+01
6.917690768791084110e+01,1.264823987819382367e+01
6.919691340382966871e+01,1.259196851163109088e+01
6.921691911974849631e+01,1.172354978517637925e+01
6.923692483566733813e+01,1.218743337204666943e+01
6.925693055158617994e+01,1.124821180496462425e+01
6.927693626750500755e+01,1.127763547930503840e+01
6.929694198342383515e+01,1.046207729567501232e+01
6.931694769934267697e+01,1.063247830932155757e+01
6.933695341526150457e+01,9.992216818552410729e+00
6.935695913118033218e+01,1.004657493609716745e+01
6.937696484709917399e+01,1.000733412026450964e+01
6.939697056301801581e+01,1.083711384571240544e+01
6.941697627893684341e+01,1.123593167865555031e+01
6.943698199485567102e+01,1.066994554281767904e+01
6.945698771077451283e+01,1.079952195437594398e+01
6.947699342669335465e+01,1.077990899028461058e+01
6.949699914261216804e+01,1.137080133565977391e+01
6.951700485853100986e+01,1.145186297490219474e+01
6.953701057444985167e+01,1.137980010919455509e+01
6.955701629036867928e+01,1.121300494696011896e+01
6.957702200628750688e+01,1.111100907502997615e+01
6.959702772220634870e+01,1.161816677240903850e+01
6.961703343812519051e+01,1.155967932867931403e+01
6.963703915404401812e+01,1.110081716513762906e+01
6.965704486996284572e+01,1.122521359376492001e+01
6.967705058588168754e+01,1.066783005101227921e+01
6.969705630180051514e+01,1.039475977522204886e+01
6.971706201771934275e+01,1.090365817236157753e+01
6.973706773363818456e+01,9.797003016746256066e+00
6.975707344955702638e+01,1.019121138535903803e+01
6.977707916547585398e+01,9.647503905526109591e+00
6.979708488139468159e+01,9.826770801427059610e+00
6.981709059731352340e+01,1.039648763921104901e+01
6.983709631323236522e+01,9.250218661878367499e+00
6.985710202915119282e+01,9.241659376254572678e+00
6.987710774507002043e+01,8.652880795060118757e+00
6.989711346098886224e+01,9.386672722212210829e+00
6.991711917690768985e+01,8.367950211684689776e+00
6.993712489282651745e+01,8.217790368154938463e+00
6.995713060874535927e+01,8.364501861712955844e+00
6.997713632466420108e+01,8.159089265762959897e+00
6.999714204058302869e+01,7.835932043442737083e+00
7.001714775650185629e+01,7.299064166563366207e+00
7.003715347242069811e+01,7.813809890413200065e+00
7.005715918833952571e+01,6.589004857267663162e+00
7.007716490425835332e+01,6.942453415068078115e+00
7.009717062017719513e+01,6.519212335037797956e+00
7.011717633609603695e+01,7.328885649636594835e+00
7.013718205201486455e+01,7.251535762103601179e+00
7.015718776793369216e+01,6.565460184500207852e+00
7.017719348385253397e+01,7.173212790040218501e+00
7.019719919977137579e+01,6.207746923498682179e+00
7.021720491569020339e+01,6.277437989954685271e+00
7.023721063160903100e+01,6.277500421766054828e+00
7.025721634752787281e+01,6.738159715857751308e+00
7.027722206344670042e+01,5.998232124197928172e+00
7.029722777936552802e+01,6.657300844734450607e+00
7.031723349528436984e+01,6.545556647673979711e+00
7.033723921120321165e+01,6.343406764995988212e+00
7.035724492712203926e+01,6.777167437153948093e+00
7.037725064304086686e+01,6.279869142504727719e+00
7.039725635895970868e+01,6.120581154038399418e+00
7.041726207487855049e+01,6.148661471845393578e+00
7.043726779079736389e+01,6.599711130365212952e+00
7.045727350671620570e+01,6.740020122198988162e+00
7.047727922263504752e+01,6.542066642311843871e+00
7.049728493855387512e+01,5.974365952972341631e+00
7.051729065447270273e+01,5.778553725418468900e+00
7.053729637039154454e+01,6.607538082865612061e+00
7.055730208631038636e+01,6.304993200180391000e+00
7.057730780222921396e+01,6.596415519796396509e+00
7.059731351814804157e+01,6.221257665044655383e+00
7.061731923406688338e+01,7.408831582743233390e+00
7.063732494998571099e+01,6.926648979836182995e+00
7.065733066590453859e+01,7.463462017643477608e+00
7.067733638182338041e+01,7.427404995520513253e+00
7.069734209774222222e+01,7.873599242746180948e+00
7.071734781366104983e+01,8.043282184315533101e+00
7.073735352957987743e+01,8.017655244963414418e+00
7.075735924549871925e+01,7.964205461168679001e+00
7.077736496141756106e+01,8.082670168993946191e+00
7.079737067733638867e+01,8.614110738035929415e+00
7.081737639325521627e+01,9.494105814417592271e+00
7.083738210917405809e+01,1.023439640422472152e+01
7.085738782509288569e+01,1.115420538684108465e+01
7.087739354101171330e+01,1.001687366251519684e+01
7.089739925693055511e+01,1.091925529360297098e+01
7.091740497284939693e+01,1.146101997716309384e+01
7.093741068876822453e+01,1.147918615345845694e+01
7.095741640468705214e+01,1.165936686427048130e+01
7.097742212060589395e+01,1.137207973644940218e+01
7.099742783652472156e+01,1.079338722697331576e+01
7.101743355244354916e+01,1.077622106616487230e+01
7.103743926836239098e+01,1.111288029109724107e+01
7.105744498428123279e+01,1.070057028006634248e+01
7.107745070020006040e+01,1.047911729071978115e+01
7.109745641611888800e+01,1.001680706377912600e+01
7.111746213203772982e+01,9.248515238547540207e+00
7.113746784795657163e+01,9.214838339008000645e+00
7.115747356387539924e+01,9.320983819912946444e+00
7.117747927979422684e+01,9.194775481299798159e+00
7.119748499571306866e+01,9.335154069791563813e+00
7.121749071163189626e+01,8.472430557022345710e+00
7.123749642755072387e+01,9.368472203330259873e+00
7.125750214346956568e+01,8.243982762344936432e+00
7.127750785938840750e+01,8.791627933714233123e+00
7.129751357530723510e+01,8.824021356715658015e+00
7.131751929122606271e+01,9.398732415247051719e+00
7.133752500714490452e+01,9.058593088070935551e+00
7.135753072306374634e+01,1.055200911579295564e+01
7.137753643898255973e+01,9.960369776069452286e+00
7.139754215490140155e+01,1.056947471152091644e+01
7.141754787082024336e+01,1.049317833057326688e+01
7.143755358673907097e+01,1.006237820329133648e+01
7.145755930265789857e+01,1.100685313779104035e+01
7.147756501857674039e+01,1.141771470041271819e+01
7.149757073449558220e+01,1.093222811762558067e+01
7.151757645041440981e+01,1.190512263999817932e+01
7.153758216633323741e+01,1.085231351071085015e+01
7.155758788225207923e+01,1.120193297206169092e+01
7.157759359817090683e+01,1.066527812755735916e+01
7.159759931408973443e+01,1.072068604336224595e+01
7.161760503000857625e+01,1.019750288849039777e+01
7.163761074592741807e+01,1.074072622748974126e+01
7.165761646184624567e+01,1.036054400524595920e+01
7.167762217776507327e+01,9.378886563265941945e+00
7.169762789368391509e+01,9.341283403181154910e+00
7.171763360960275691e+01,9.116926686839928351e+00
7.173763932552158451e+01,8.525365325352105117e+00
7.175764504144041211e+01,8.594059080555563668e+00
7.177765075735925393e+01,8.441450697705237260e+00
7.179765647327808153e+01,7.083574286134882492e+00
7.181766218919690914e+01,6.926568118925283457e+00
7.183766790511575095e+01,6.959107101564740105e+00
7.185767362103459277e+01,7.098013828799899727e+00
7.187767933695342037e+01,7.120228635768952152e+00
7.189768505287224798e+01,6.131197569714244011e+00
7.191769076879108979e+01,6.479579211649166837e+00
7.193769648470991740e+01,6.624804450786120569e+00
7.195770220062874500e+01,7.038781105046936659e+00
7.197770791654758682e+01,6.305729328700794056e+00
7.199771363246642863e+01,6.763270464537538551e+00
7.201771934838525624e+01,6.833926275877530543e+00
7.203772506430408384e+01,7.150371204041958251e+00
7.205773078022292566e+01,7.391942757300759226e+00
7.207773649614176747e+01,7.092693775889268082e+00
7.209774221206059508e+01,7.070953920818840999e+00
7.211774792797942268e+01,6.452139067795208405e+00
7.213775364389826450e+01,6.620155278568777391e+00
7.215775935981709210e+01,7.462998534713161547e+00
7.217776507573591971e+01,7.416434476344909932e+00
7.219777079165476152e+01,6.219544056474200389e+00
7.221777650757360334e+01,7.395239671273282411e+00
7.223778222349243094e+01,7.375135325880508574e+00
7.225778793941125855e+01,6.790834207349783824e+00
7.227779365533010036e+01,6.516248726769048538e+00
7.229779937124894218e+01,7.386253353809321354e+00
7.231780508716775557e+01,6.246231781983109244e+00
7.233781080308659739e+01,7.335960952351113562e+00
7.235781651900543920e+01,6.572203646441293401e+00
7.237782223492426681e+01,6.539104553472926185e+00
7.239782795084309441e+01,6.315081860428733762e+00
7.241783366676193623e+01,6.969287262328355936e+00
7.243783938268077804e+01,6.910416861068533478e+00
7.245784509859960565e+01,5.755948144035788694e+00
7.247785081451843325e+01,6.176422224620690571e+00
7.249785653043727507e+01,6.016406145514244130e+00
7.251786224635610267e+01,6.278933900241453259e+00
7.253786796227493028e+01,5.973468693808241525e+00
7.255787367819377209e+01,5.523449860509886733e+00
7.257787939411261391e+01,5.602191766600299161e+00
7.259788511003144151e+01,6.924158462061761554e+00
7.261789082595026912e+01,5.715968545438768089e+00
7.263789654186911093e+01,6.265152967052552313e+00
7.265790225778795275e+01,6.508794601655710999e+00
7.267790797370678035e+01,6.392303461053864488e+00
7.269791368962560796e+01,5.881382696289398027e+00
7.271791940554444977e+01,5.256980551189139206e+00
7.273792512146327738e+01,6.402941294091309743e+00
7.275793083738210498e+01,6.009047814734420179e+00
7.277793655330094680e+01,5.578591820498256304e+00
7.279794226921978861e+01,5.927900101940084099e+00
7.281794798513861622e+01,6.366022592558882920e+00
7.283795370105744382e+01,5.791670923281190930e+00
7.285795941697628564e+01,5.350026425623079618e+00
7.287796513289511324e+01,5.709398433111561033e+00
7.289797084881394085e+01,5.557385180268019198e+00
7.291797656473278266e+01,6.256503533525467731e+00
7.293798228065162448e+01,5.052739405545443319e+00
7.295798799657045208e+01,5.291974782707571379e+00
7.297799371248927969e+01,5.825417670193766106e+00
7.299799942840812150e+01,6.111422032854676445e+00
7.301800514432696332e+01,5.829503691942782950e+00
7.303801086024579092e+01,6.173421813789451207e+00
7.305801657616461853e+01,5.761173016850198891e+00
7.307802229208346034e+01,6.103214283475390189e+00
7.309802800800228795e+01,6.019359095818996863e+00
7.311803372392111555e+01,5.882494626782929892e+00
7.313803943983995737e+01,5.885477648359030312e+00
7.315804515575879918e+01,6.021657628559117903e+00
7.317805087167762679e+01,5.970165276483657024e+00
7.319805658759645439e+01,6.564545502095978868e+00
7.321806230351529621e+01,6.379248307155611641e+00
7.323806801943413802e+01,5.712334330371841240e+00
7.325807373535295142e+01,5.474537550654668294e+00
7.327807945127179323e+01,6.353438687833005361e+00
7.329808516719063505e+01,5.289171957327245543e+00
7.331809088310946265e+01,5.058505275934193079e+00
7.333809659902829026e+01,5.901694277972154623e+00
7.335810231494713207e+01,5.411521149097276329e+00
7.337810803086597389e+01,6.273100383566776017e+00
7.339811374678480149e+01,6.167921386282795737e+00
7.341811946270362910e+01,6.205032684300423540e+00
7.343812517862247091e+01,5.963930208183701787e+00
7.345813089454129852e+01,5.162266288467129982e+00
7.347813661046012612e+01,5.690459098676560856e+00
7.349814232637896794e+01,5.149074159282782226e+00
7.351814804229780975e+01,5.172321583714560411e+00
7.353815375821663736e+01,5.314728014645284659e+00
7.355815947413546496e+01,5.815969284615768231e+00
7.357816519005430678e+01,5.644590622147168446e+00
7.359817090597314859e+01,6.058884569652903451e+00
7.361817662189197620e+01,5.830782888922021456e+00
7.363818233781080380e+01,6.051899802760876135e+00
7.365818805372964562e+01,5.946947706761014807e+00
7.367819376964847322e+01,5.319042136464281256e+00
7.369819948556730083e+01,6.066201172423821397e+00
7.371820520148614264e+01,6.391638886035427625e+00
7.373821091740498446e+01,6.414923399574687934e+00
7.375821663332381206e+01,5.914418725288768997e+00
7.377822234924263967e+01,6.102748580091200026e+00
7.379822806516148148e+01,6.767096950090083496e+00
7.381823378108030909e+01,6.853414407488353177e+00
7.383823949699913669e+01,6.353813499508927265e+00
7.385824521291797851e+01,6.737163333523319864e+00
7.387825092883682032e+01,7.004960603502519589e+00
7.389825664475564793e+01,7.617235196404162245e+00
7.391826236067447553e+01,7.550323539073004575e+00
7.393826807659331735e+01,7.412582056966343202e+00
7.395827379251215916e+01,7.478623123324177335e+00
7.397827950843098677e+01,7.879404854103483125e+00
7.399828522434981437e+01,8.660573570793850706e+00
7.401829094026865619e+01,8.747505596717925158e+00
7.403829665618748379e+01,9.487568438993589481e+00
7.405830237210632561e+01,8.858581906582713827e+00
7.407830808802515321e+01,8.800525999396118237e+00
7.409831380394398082e+01,9.336391816933469201e+00
7.411831951986282263e+01,9.412932175648803579e+00
7.413832523578165024e+01,8.516790215046222912e+00
7.415833095170049205e+01,9.441224732358437066e+00
7.417833666761931966e+01,9.135710671637525593e+00
7.419834238353816147e+01,9.579893797136177724e+00
7.421834809945698908e+01,9.094687528053190917e+00
7.423835381537583089e+01,7.966481462117922518e+00
7.425835953129465850e+01,8.295279065546226960e+00
7.427836524721348610e+01,8.118637300849515626e+00
7.429837096313232792e+01,8.445460296702218983e+00
7.431837667905115552e+01,8.190754027863032860e+00
7.433838239496999734e+01,7.541554758779069445e+00
7.435838811088882494e+01,6.797293450522388092e+00
7.437839382680766676e+01,7.159387930833495339e+00
7.439839954272649436e+01,7.265708364620664383e+00
7.441840525864533618e+01,6.167710413768358713e+00
7.443841097456416378e+01,6.217486490312024827e+00
7.445841669048300560e+01,6.889565705505118487e+00
7.447842240640183320e+01,6.355303644218134096e+00
7.449842812232066080e+01,5.881610562707457746e+00
7.451843383823950262e+01,6.545465430616268065e+00
7.453843955415833022e+01,6.454793856679449604e+00
7.455844527007717204e+01,6.423030959948691887e+00
7.457845098599599964e+01,6.211676143814055528e+00
7.459845670191484146e+01,7.013442702512936222e+00
7.461846241783366906e+01,6.355555646936570824e+00
7.463846813375251088e+01,5.923607688126327986e+00
7.465847384967133848e+01,6.427831758837111664e+00
7.467847956559016609e+01,5.373249087193304518e+00
7.469848528150900790e+01,6.094781558150983436e+00
7.471849099742783551e+01,5.878139192966191473e+00
7.473849671334667732e+01,5.144707545994900322e+00
7.475850242926550493e+01,6.607079276696762982e+00
7.477850814518434674e+01,5.992973557063963952e+00
7.479851386110317435e+01,6.869098697218932514e+00
7.481851957702201616e+01,6.474245058829662725e+00
7.483852529294084377e+01,5.784691189682733992e+00
7.485853100885967137e+01,6.632475744351351565e+00
7.487853672477851319e+01,6.255541835179876387e+00
7.489854244069734079e+01,5.635136475313350601e+00
7.491854815661618261e+01,5.866931802210309854e+00
7.493855387253501021e+01,6.555923422533076916e+00
7.495855958845385203e+01,6.903979823704956331e+00
7.497856530437267963e+01,5.848648668753394730e+00
7.499857102029152145e+01,7.055933235838665496e+00
7.501857673621034905e+01,7.286039745853477356e+00
7.503858245212917666e+01,6.699050430617805141e+00
7.505858816804801847e+01,7.226366273015704778e+00
7.507859388396684608e+01,7.155055435612405645e+00
7.509859959988568789e+01,7.329067894008534978e+00
7.511860531580451550e+01,7.273259767869232562e+00
7.513861103172335731e+01,6.806565160681986804e+00
7.515861674764218492e+01,7.383328764042831338e+00
7.517862246356102673e+01,6.547057751330033426e+00
7.519862817947985434e+01,7.524420186439225944e+00
7.521863389539868194e+01,7.427823208601530780e+00
7.523863961131752376e+01,7.322106155048648368e+00
7.525864532723635136e+01,7.451300372113927040e+00
7.527865104315519318e+01,6.770309733127499285e+00
7.529865675907402078e+01,7.329180106311104836e+00
7.531866247499286260e+01,7.459578628604107919e+00
7.533866819091169020e+01,6.657709785231109123e+00
7.535867390683053202e+01,7.323516095770655099e+00
7.537867962274935962e+01,6.343211374172726735e+00
7.539868533866820144e+01,6.533866341237223985e+00
7.541869105458702904e+01,7.535695596183604295e+00
7.543869677050585665e+01,6.749790065112337700e+00
7.545870248642469846e+01,6.492892745161388035e+00
7.547870820234352607e+01,7.047846308807150351e+00
7.549871391826236788e+01,7.401648647165142592e+00
7.551871963418119549e+01,7.862132140392150248e+00
7.553872535010003730e+01,7.715322966796704485e+00
7.555873106601886491e+01,8.446170729535353416e+00
7.557873678193770672e+01,8.723889289622981380e+00
7.559874249785653433e+01,7.583729788453783982e+00
7.561874821377536193e+01,8.479464109685803663e+00
7.563875392969420375e+01,9.230606522691209292e+00
7.565875964561303135e+01,9.062420309521078465e+00
7.567876536153187317e+01,8.675881314513091525e+00
7.569877107745070077e+01,9.686095743496190735e+00
7.571877679336954259e+01,9.932317001155198000e+00
7.573878250928837019e+01,8.791458599035674837e+00
7.575878822520721201e+01,1.032797946088885865e+01
7.577879394112603961e+01,9.316168439987887240e+00
7.579879965704486722e+01,8.699097220987649592e+00
7.581880537296370903e+01,9.615839497439637285e+00
7.583881108888253664e+01,8.539857474606034060e+00
7.585881680480137845e+01,8.991189047475945273e+00
7.587882252072020606e+01,8.557372131314231467e+00
7.589882823663904787e+01,7.717169329324822691e+00
7.591883395255787548e+01,7.903592838279628552e+00
7.593883966847671729e+01,7.252225358835433511e+00
7.595884538439554490e+01,7.629564110336692018e+00
7.597885110031437250e+01,6.938534901200290150e+00
7.599885681623321432e+01,7.440470032767795061e+00
7.601886253215204192e+01,7.061995734576116845e+00
7.603886824807088374e+01,6.824861338563769309e+00
7.605887396398971134e+01,5.940006315192128739e+00
7.607887967990855316e+01,5.907862718017983461e+00
7.609888539582738076e+01,6.231230825333678780e+00
7.611889111174622258e+01,6.555566668684450704e+00
7.613889682766505018e+01,6.206506803307008546e+00
7.615890254358387779e+01,6.299722047500073252e+00
7.617890825950271960e+01,6.421624705372714459e+00
7.619891397542154721e+01,6.418638526510084930e+00
7.621891969134038902e+01,6.563887514112664689e+00
7.623892540725921663e+01,6.025362357907185995e+00
7.625893112317805844e+01,5.368202864901675753e+00
7.627893683909688605e+01,5.957465504940583578e+00
7.629894255501572786e+01,5.487528002515981385e+00
7.631894827093455547e+01,6.066467169915921609e+00
7.633895398685339728e+01,5.990092906629877589e+00
7.635895970277222489e+01,5.351215974301824829e+00
7.637896541869105249e+01,6.628928030695199425e+00
7.639897113460989431e+01,6.301562127876024988e+00
7.641897685052872191e+01,5.944281861182808768e+00
7.643898256644756373e+01,5.593656710339866223e+00
7.645898828236639133e+01,5.529077938476207876e+00
7.647899399828523315e+01,6.438796664865900965e+00
7.649899971420406075e+01,5.804558007759588634e+00
7.651900543012290257e+01,5.530861645156152306e+00
7.653901114604173017e+01,5.683421160419538154e+00
7.655901686196055778e+01,6.335186142389544806e+00
7.657902257787939959e+01,6.405484369088533469e+00
7.659902829379822720e+01,6.267937890303763915e+00
7.661903400971706901e+01,7.068122541030093409e+00
7.663903972563589662e+01,6.040883515573952423e+00
7.665904544155473843e+01,7.478457200750359135e+00
7.667905115747356604e+01,6.660618335918431221e+00
7.669905687339240785e+01,7.514818601142017940e+00
7.671906258931123546e+01,6.657011780969190440e+00
7.673906830523006306e+01,6.806546304645118894e+00
7.675907402114890488e+01,7.203090503827391800e+00
7.677907973706773248e+01,7.626229244047227240e+00
7.679908545298657430e+01,8.137999845512823072e+00
7.681909116890540190e+01,7.247727520221429742e+00
7.683909688482424372e+01,8.125005611412912998e+00
7.685910260074307132e+01,7.657967412874342017e+00
7.687910831666191314e+01,8.165827581926496492e+00
7.689911403258074074e+01,8.236035366818788006e+00
7.691911974849956835e+01,9.135519286660050753e+00
7.693912546441841016e+01,8.470418599991560882e+00
7.695913118033723777e+01,9.944828092370444850e+00
7.697913689625607958e+01,9.496212557090160544e+00
7.699914261217490719e+01,8.837934872567327460e+00
7.701914832809374900e+01,9.173374114492771625e+00
7.703915404401257661e+01,1.067990616771190915e+01
7.705915975993141842e+01,9.992795648687863519e+00
7.707916547585024603e+01,1.047483061712030761e+01
7.709917119176907363e+01,1.007152213536673813e+01
7.711917690768791545e+01,9.500263843963804078e+00
7.713918262360674305e+01,9.356488637922687701e+00
7.715918833952558487e+01,9.377641995128563224e+00
7.717919405544441247e+01,9.913753082793380855e+00
7.719919977136325429e+01,9.163393119485771621e+00
7.721920548728208189e+01,8.526020383049385032e+00
7.723921120320092371e+01,8.957927680585438424e+00
7.725921691911975131e+01,8.485398351509392256e+00
7.727922263503859313e+01,8.912862735376624101e+00
7.729922835095742073e+01,8.506323222140231621e+00
7.731923406687624833e+01,7.279502154180924833e+00
7.733923978279509015e+01,7.613012571402465234e+00
7.735924549871391775e+01,6.967145280607108582e+00
7.737925121463275957e+01,6.863779592560762310e+00
7.739925693055158717e+01,6.600293396646048194e+00
7.741926264647042899e+01,6.570622745913551555e+00
7.743926836238925659e+01,6.630277330341211695e+00
7.745927407830809841e+01,6.559129716240338581e+00
7.747927979422692601e+01,6.034295493138847277e+00
7.749928551014575362e+01,5.985869288933574950e+00
7.751929122606459543e+01,7.304575841611621101e+00
7.753929694198342304e+01,6.453396841013168128e+00
7.755930265790226485e+01,6.150062529415720292e+00
7.757930837382109246e+01,6.088367144556629640e+00
7.759931408973993427e+01,6.861386659715217107e+00
7.761931980565876188e+01,6.568026667379325723e+00
7.763932552157760369e+01,6.300742433583700119e+00
7.765933123749643130e+01,7.054605219420983175e+00
7.767933695341525890e+01,6.709106885743780779e+00
7.769934266933410072e+01,6.336263403197937905e+00
7.771934838525292832e+01,6.160432201003930963e+00
7.773935410117177014e+01,6.211017451829774494e+00
7.775935981709059774e+01,6.581391132047309078e+00
7.777936553300943956e+01,6.749986800787876717e+00
7.779937124892826716e+01,7.505585439507038714e+00
7.781937696484710898e+01,6.040245943982467836e+00
7.783938268076593658e+01,6.240670673845617245e+00
7.785938839668476419e+01,6.122032702924857794e+00
7.787939411260360600e+01,6.828762007371897980e+00
7.789939982852243361e+01,6.394571534719860395e+00
7.791940554444127542e+01,6.866255497968285937e+00
7.793941126036010303e+01,5.728492707197721856e+00
7.795941697627894484e+01,6.804645377391955741e+00
7.797942269219777245e+01,6.621347641517748350e+00
7.799942840811661426e+01,5.787885011587611928e+00
7.801943412403544187e+01,6.512589859182821073e+00
7.803943983995426947e+01,5.672269134378282729e+00
7.805944555587311129e+01,6.906412993693143321e+00
7.807945127179193889e+01,6.503458684742436269e+00
7.809945698771078071e+01,6.818945912465975034e+00
7.811946270362960831e+01,6.969271493105948068e+00
7.813946841954845013e+01,6.578887054693901781e+00
7.815947413546727773e+01,6.134607336249254139e+00
7.817947985138611955e+01,5.864325463035360286e+00
7.819948556730494715e+01,5.863573714225511324e+00
7.821949128322378897e+01,6.022549679660168742e+00
7.823949699914261657e+01,6.601826423605637650e+00
7.825950271506144418e+01,5.900776047692151138e+00
7.827950843098028599e+01,6.080039368187870608e+00
7.829951414689911360e+01,6.007899036438606899e+00
7.831951986281795541e+01,6.011833756464711520e+00
7.833952557873678302e+01,6.901112756317745678e+00
7.835953129465562483e+01,6.295161089725931802e+00
7.837953701057445244e+01,6.119311259365434630e+00
7.839954272649329425e+01,6.206352059600260596e+00
7.841954844241212186e+01,6.838753779091709006e+00
7.843955415833094946e+01,5.416096977394660783e+00
7.845955987424979128e+01,5.778157633207078092e+00
7.847956559016861888e+01,5.985655700930024636e+00
7.849957130608746070e+01,5.609926415122188814e+00
7.851957702200628830e+01,5.981299677044594532e+00
7.853958273792513012e+01,5.827628672470920534e+00
7.855958845384395772e+01,5.974967839443034556e+00
7.857959416976279954e+01,6.161901475672147299e+00
7.859959988568162714e+01,6.414287170481763667e+00
7.861960560160045475e+01,5.856597178485676736e+00
7.863961131751929656e+01,5.874856512856057478e+00
7.865961703343812417e+01,6.122494044766357391e+00
7.867962274935696598e+01,5.804916370180989382e+00
7.869962846527579359e+01,5.827136282097404418e+00
7.871963418119463540e+01,6.827577179196625323e+00
7.873963989711346301e+01,6.753668200536395716e+00
7.875964561303230482e+01,6.779656058157231158e+00
7.877965132895113243e+01,6.812285104202222996e+00
7.879965704486996003e+01,6.522757303623585301e+00
7.881966276078880185e+01,6.276674889018448056e+00
7.883966847670762945e+01,6.427980399142892765e+00
7.885967419262647127e+01,6.781830101044834080e+00
7.887967990854529887e+01,6.923752903199073216e+00
7.889968562446414069e+01,6.467422357539328814e+00
7.891969134038296829e+01,6.296485920465373809e+00
7.893969705630181011e+01,6.732264970039151031e+00
7.895970277222063771e+01,6.402250606990570247e+00
7.897970848813946532e+01,7.184149808640109214e+00
7.899971420405830713e+01,6.852620144757886500e+00
7.901971991997713474e+01,7.198249098020577996e+00
7.903972563589597655e+01,6.524683311441735967e+00
7.905973135181480416e+01,6.737419971371152450e+00
7.907973706773364597e+01,7.109159614967559548e+00
7.909974278365247358e+01,6.589059629198119161e+00
7.911974849957131539e+01,7.573320887958374215e+00
7.913975421549014300e+01,7.539124907840903944e+00
7.915975993140898481e+01,6.442483659973083476e+00
7.917976564732781242e+01,6.927922054656391992e+00
7.919977136324664002e+01,7.103939069116334437e+00
7.921977707916548184e+01,7.166543548432479760e+00
7.923978279508430944e+01,7.536890368956795427e+00
7.925978851100315126e+01,7.641015230627140831e+00
7.927979422692197886e+01,8.158922297919936284e+00
7.929979994284082068e+01,7.315794515624371996e+00
7.931980565875964828e+01,8.355907540823618973e+00
7.933981137467849010e+01,8.275732858166913175e+00
7.935981709059731770e+01,8.478541163193396457e+00
7.937982280651614531e+01,8.801925366201221124e+00
7.939982852243498712e+01,9.536090830843816590e+00
7.941983423835381473e+01,9.469822984916095976e+00
7.943983995427265654e+01,1.046401396924502514e+01
7.945984567019148415e+01,1.138879993243345545e+01
7.947985138611032596e+01,1.144933659025407202e+01
7.949985710202915357e+01,1.117398403531623785e+01
7.951986281794799538e+01,1.083756650823564271e+01
7.953986853386682299e+01,1.152780236772373357e+01
7.955987424978565059e+01,1.204097580783506771e+01
7.957987996570449241e+01,1.172595018618374496e+01
7.959988568162332001e+01,1.171456353728470567e+01
7.961989139754216183e+01,1.194126437742126789e+01
7.963989711346098943e+01,1.166988312451043974e+01
7.965990282937983125e+01,1.154539357911963648e+01
7.967990854529865885e+01,1.134905621312571888e+01
7.969991426121750067e+01,1.131485636068433109e+01
7.971991997713632827e+01,1.067524255136024181e+01
7.973992569305515588e+01,1.036557911703654078e+01
7.975993140897399769e+01,1.017009321451064352e+01
7.977993712489282530e+01,9.691897491097240191e+00
7.979994284081166711e+01,9.673800126463826032e+00
7.981994855673049472e+01,8.755046685922353689e+00
7.983995427264933653e+01,9.107783722990880904e+00
7.985995998856816414e+01,8.266798633959790976e+00
7.987996570448700595e+01,7.343643027775928367e+00
7.989997142040583356e+01,8.323594934965575121e+00
7.991997713632466116e+01,7.827864721753019950e+00
7.993998285224350298e+01,7.676847424090585292e+00
7.995998856816233058e+01,7.198175878399360350e+00
7.997999428408117240e+01,6.583141615668887781e+00
8.000000000000000000e+01,6.312756027308005002e+00
