angle,intensity
1.000000000000000000e+01,4.398413374407074805e+00
1.002000571591883471e+01,4.918924547595577401e+00
1.004001143183766764e+01,4.969345915407118675e+00
1.006001714775650235e+01,5.116474797139993314e+00
1.008002286367533529e+01,4.925670073207062849e+00
1.010002857959417000e+01,5.093724491151618849e+00
1.012003429551300293e+01,5.141825707596803241e+00
1.014004001143183764e+01,5.307201185306658076e+00
1.016004572735067235e+01,4.917505980932245002e+00
1.018005144326950528e+01,4.771853453834524750e+00
1.020005715918833999e+01,4.444351510601986632e+00
1.022006287510717293e+01,4.181772222333857592e+00
1.024006859102600764e+01,4.772382615884080970e+00
1.026007430694484057e+01,5.007977448620264838e+00
1.028008002286367528e+01,5.262868806157796620e+00
1.030008573878250999e+01,4.719142725551145112e+00
1.032009145470134293e+01,5.767947179188945839e+00
1.034009717062017764e+01,5.099767825346089190e+00
1.036010288653901057e+01,4.601012482885381338e+00
1.038010860245784528e+01,4.928838088908061188e+00
1.040011431837667999e+01,5.086571023634367528e+00
1.042012003429551292e+01,4.836577007914770299e+00
1.044012575021434763e+01,5.443383284790860976e+00
1.046013146613318057e+01,5.412692116477100690e+00
1.048013718205201528e+01,5.264692375713036832e+00
1.050014289797084821e+01,4.794819921711453325e+00
1.052014861388968292e+01,5.154333240310039699e+00
1.054015432980851585e+01,5.421768608435579395e+00
1.056016004572735056e+01,5.261376244720576523e+00
1.058016576164618527e+01,5.239121462300959209e+00
1.060017147756501821e+01,5.760822083999257437e+00
1.062017719348385292e+01,5.910119995127839587e+00
1.064018290940268585e+01,5.533695132649766535e+00
1.066018862532152056e+01,5.969507953479431528e+00
1.068019434124035527e+01,5.639994496445219774e+00
1.070020005715918820e+01,5.901646043041732348e+00
1.072020577307802292e+01,6.175383343221950483e+00
1.074021148899685585e+01,6.423574019909689348e+00
1.076021720491569056e+01,5.108443393670680344e+00
1.078022292083452349e+01,5.639918333990943999e+00
1.080022863675335820e+01,5.438170364603336360e+00
1.082023435267219291e+01,5.335574121410351367e+00
1.084024006859102585e+01,5.134759198564458949e+00
1.086024578450986056e+01,5.904803913187095965e+00
1.088025150042869349e+01,5.331910143686311443e+00
1.090025721634752820e+01,5.576610600410166541e+00
1.092026293226636113e+01,5.417534884140833285e+00
1.094026864818519584e+01,4.941243313483779431e+00
1.096027436410403055e+01,5.493405962461806347e+00
1.098028008002286349e+01,6.088361734122239355e+00
1.100028579594169820e+01,5.053863687946794414e+00
1.102029151186053113e+01,5.462621485291693446e+00
1.104029722777936584e+01,5.718365244802662062e+00
1.106030294369819877e+01,4.465041869025514032e+00
1.108030865961703348e+01,4.462983470960621091e+00
1.110031437553586819e+01,4.690688820651450541e+00
1.112032009145470113e+01,4.588380437094197184e+00
1.114032580737353584e+01,4.931804398139695067e+00
1.116033152329236877e+01,4.755043530463195722e+00
1.118033723921120348e+01,4.440110754996440257e+00
1.120034295513003642e+01,4.633020650015995834e+00
1.122034867104887113e+01,3.237290625522569520e+00
1.124035438696770584e+01,3.942995875777932646e+00
1.126036010288653877e+01,3.864922835519566835e+00
1.128036581880537348e+01,3.829482377645906599e+00
1.130037153472420641e+01,3.573000075354439975e+00
1.132037725064304112e+01,4.387127380608902172e+00
1.134038296656187583e+01,3.620823411045928530e+00
1.136038868248070877e+01,3.911463239516267620e+00
1.138039439839954348e+01,3.657580734346519868e+00
1.140040011431837641e+01,3.561340586301332767e+00
1.142040583023721112e+01,4.048268034922130276e+00
1.144041154615604405e+01,3.913634222181884503e+00
1.146041726207487876e+01,3.538159998047873067e+00
1.148042297799371170e+01,3.125162650272363951e+00
1.150042869391254641e+01,3.852934067780148908e+00
1.152043440983138112e+01,3.688864969888214773e+00
1.154044012575021405e+01,2.861240523126869828e+00
1.156044584166904876e+01,2.920363949653945745e+00
1.158045155758788169e+01,3.661027160991721541e+00
1.160045727350671640e+01,3.474139442795208144e+00
1.162046298942555111e+01,3.009640291703717274e+00
1.164046870534438405e+01,3.619890411350491277e+00
1.166047442126321876e+01,3.058260335992467827e+00
1.168048013718205169e+01,3.682886355862793781e+00
1.170048585310088640e+01,3.385847363901576479e+00
1.172049156901971934e+01,3.521268843605284804e+00
1.174049728493855405e+01,3.810546984562748651e+00
1.176050300085738698e+01,3.511535636717010522e+00
1.178050871677622169e+01,3.641937167391525954e+00
1.180051443269505640e+01,4.058739563054154509e+00
1.182052014861388933e+01,3.365867257684476144e+00
1.184052586453272404e+01,3.262016764037064753e+00
1.186053158045155698e+01,3.197862808296301651e+00
1.188053729637039169e+01,3.619304933307031291e+00
1.190054301228922640e+01,3.295000641101286654e+00
1.192054872820805933e+01,3.633576991217934982e+00
1.194055444412689404e+01,3.906735974402164580e+00
1.196056016004572697e+01,3.418712250087257765e+00
1.198056587596456168e+01,2.667285185227885602e+00
1.200057159188339639e+01,3.296815827592430637e+00
1.202057730780222933e+01,3.780497119319405464e+00
1.204058302372106226e+01,3.254385395801859815e+00
1.206058873963989697e+01,3.719158093460229075e+00
1.208059445555873168e+01,3.335256548582389069e+00
1.210060017147756461e+01,2.891738708323202456e+00
1.212060588739639932e+01,3.600011054205534133e+00
1.214061160331523226e+01,2.941157307653939679e+00
1.216061731923406697e+01,3.596335990248926695e+00
1.218062303515290168e+01,4.020212581166245691e+00
1.220062875107173461e+01,3.854070689853080545e+00
1.222063446699056932e+01,2.693046513447163282e+00
1.224064018290940226e+01,3.040324279610552960e+00
1.226064589882823697e+01,2.939433844570982224e+00
1.228065161474707168e+01,2.743925273969788137e+00
1.230065733066590461e+01,3.250149510381605822e+00
1.232066304658473754e+01,3.567649505935059473e+00
1.234066876250357225e+01,3.980593050356865170e+00
1.236067447842240696e+01,3.597114280155355281e+00
1.238068019434123990e+01,3.260474821599681938e+00
1.240068591026007461e+01,2.616650526216007133e+00
1.242069162617890754e+01,2.699582671370306386e+00
1.244069734209774225e+01,3.062826731537791947e+00
1.246070305801657696e+01,3.199064018986254698e+00
1.248070877393540989e+01,3.785797098915306691e+00
1.250071448985424460e+01,3.562650103332736684e+00
1.252072020577307754e+01,3.435356540784281876e+00
1.254072592169191225e+01,3.947264864910779991e+00
1.256073163761074696e+01,3.859254751616914447e+00
1.258073735352957989e+01,3.298791062259093021e+00
1.260074306944841460e+01,3.613608466969516542e+00
1.262074878536724754e+01,2.840020363886806454e+00
1.264075450128608225e+01,3.308140591574896927e+00
1.266076021720491518e+01,3.344245741064892918e+00
1.268076593312374989e+01,3.676085506302407602e+00
1.270077164904258282e+01,3.202337669566783340e+00
1.272077736496141753e+01,2.916687092005054716e+00
1.274078308088025224e+01,3.385164321373533625e+00
1.276078879679908518e+01,2.828570953344582861e+00
1.278079451271791989e+01,4.075393057925156270e+00
1.280080022863675282e+01,2.850329312830346407e+00
1.282080594455558753e+01,3.621016121033643564e+00
1.284081166047442224e+01,3.981868065834525794e+00
1.286081737639325517e+01,3.912754411764804541e+00
1.288082309231208988e+01,3.652380083710377701e+00
1.290082880823092282e+01,3.011859945567183505e+00
1.292083452414975753e+01,3.516006107325377439e+00
1.294084024006859224e+01,3.340214690054695623e+00
1.296084595598742517e+01,3.159753074240057025e+00
1.298085167190625810e+01,3.167267130650269991e+00
1.300085738782509281e+01,3.430508558895271065e+00
1.302086310374392752e+01,3.825871194708504230e+00
1.304086881966276046e+01,2.923282727649500146e+00
1.306087453558159517e+01,3.552747161633742046e+00
1.308088025150042810e+01,3.487663661066308318e+00
1.310088596741926281e+01,2.924667757193692097e+00
1.312089168333809752e+01,4.048977807881781743e+00
1.314089739925693046e+01,3.217411529983365881e+00
1.316090311517576517e+01,3.610590810149951757e+00
1.318090883109459810e+01,3.165846544163195109e+00
1.320091454701343281e+01,4.142287731221728109e+00
1.322092026293226752e+01,3.613855420211593561e+00
1.324092597885110045e+01,3.358178156805927017e+00
1.326093169476993339e+01,3.648809891875584022e+00
1.328093741068876810e+01,3.297279028836129999e+00
1.330094312660760281e+01,3.710555041252047381e+00
1.332094884252643574e+01,3.139501091939169264e+00
1.334095455844527045e+01,3.098957065699210034e+00
1.336096027436410338e+01,2.733547637043359124e+00
1.338096599028293809e+01,4.062831020485583977e+00
1.340097170620177280e+01,3.523047370326847894e+00
1.342097742212060574e+01,3.507658097841884093e+00
1.344098313803944045e+01,2.870634200970327399e+00
1.346098885395827338e+01,3.837880935969475438e+00
1.348099456987710809e+01,3.345950297143421182e+00
1.350100028579594280e+01,3.656294743019330884e+00
1.352100600171477573e+01,3.173112896789707982e+00
1.354101171763361044e+01,3.338034920252518578e+00
1.356101743355244338e+01,4.091905910389977308e+00
1.358102314947127809e+01,2.906995035471839905e+00
1.360102886539011102e+01,3.797548689183314785e+00
1.362103458130894573e+01,3.319997589074645816e+00
1.364104029722777867e+01,3.461346286322198651e+00
1.366104601314661338e+01,3.749864882022615475e+00
1.368105172906544809e+01,3.710231900447945819e+00
1.370105744498428102e+01,3.392606932215720406e+00
1.372106316090311573e+01,2.902535084008816657e+00
1.374106887682194866e+01,3.231428943559267353e+00
1.376107459274078337e+01,2.850295889542425964e+00
1.378108030865961808e+01,4.102125052607413558e+00
1.380108602457845102e+01,3.669712563933116733e+00
1.382109174049728573e+01,3.663917632031695071e+00
1.384109745641611866e+01,3.725982918844533032e+00
1.386110317233495337e+01,3.536076346966818384e+00
1.388110888825378808e+01,3.134463555413964375e+00
1.390111460417262101e+01,3.635262229211073226e+00
1.392112032009145395e+01,2.758060315007465402e+00
1.394112603601028866e+01,3.583430697295244549e+00
1.396113175192912337e+01,3.768761809760281078e+00
1.398113746784795630e+01,3.049065377273576516e+00
1.400114318376679101e+01,3.289999627130138826e+00
1.402114889968562395e+01,4.161726764852483385e+00
1.404115461560445866e+01,4.055407853528913975e+00
1.406116033152329337e+01,3.243422122431982135e+00
1.408116604744212630e+01,4.145207527028842875e+00
1.410117176336095923e+01,3.413013459922658921e+00
1.412117747927979394e+01,2.864105561549847412e+00
1.414118319519862865e+01,3.498976836377045707e+00
1.416118891111746336e+01,2.930299038289409630e+00
1.418119462703629630e+01,3.273986077372087244e+00
1.420120034295512923e+01,2.804809240510532042e+00
1.422120605887396394e+01,4.260094744939271649e+00
1.424121177479279865e+01,4.264323655608000863e+00
1.426121749071163336e+01,3.442987693675370053e+00
1.428122320663046629e+01,2.901581494123898430e+00
1.430122892254929923e+01,3.070856819337445032e+00
1.432123463846813394e+01,3.355971593012450960e+00
1.434124035438696865e+01,3.263465094054009086e+00
1.436124607030580158e+01,4.025984567975170236e+00
1.438125178622463629e+01,2.790161515342191478e+00
1.440125750214346922e+01,3.099633063378664843e+00
1.442126321806230393e+01,3.829455848650523464e+00
1.444126893398113864e+01,3.092235380252244425e+00
1.446127464989997158e+01,2.612806011565655062e+00
1.448128036581880451e+01,3.643852296066424579e+00
1.450128608173763922e+01,3.636829501467001347e+00
1.452129179765647393e+01,3.012159348553309801e+00
1.454129751357530864e+01,3.541297692498048377e+00
1.456130322949414158e+01,3.696652163073982145e+00
1.458130894541297451e+01,3.429179812379717696e+00
1.460131466133180922e+01,3.940976890224939577e+00
1.462132037725064393e+01,2.994003018534682425e+00
1.464132609316947686e+01,3.800393439210024482e+00
1.466133180908831157e+01,3.771996239742131607e+00
1.468133752500714451e+01,3.876514480436921595e+00
1.470134324092597922e+01,3.591341558251511579e+00
1.472134895684481393e+01,3.618991648819389617e+00
1.474135467276364686e+01,3.714684796091683339e+00
1.476136038868247979e+01,3.336954331454966560e+00
1.478136610460131450e+01,4.390266803905930715e+00
1.480137182052014921e+01,3.870257195209608980e+00
1.482137753643898392e+01,3.733439821255846613e+00
1.484138325235781686e+01,3.602000342857079929e+00
1.486138896827664979e+01,4.540873158951712618e+00
1.488139468419548450e+01,3.489137594699664113e+00
1.490140040011431921e+01,3.719890418139185417e+00
1.492140611603315392e+01,3.651401801311242146e+00
1.494141183195198685e+01,4.313338464513694959e+00
1.496141754787081979e+01,3.694776404315378571e+00
1.498142326378965450e+01,3.663299546804931861e+00
1.500142897970848921e+01,3.885381846174758902e+00
1.502143469562732214e+01,4.266807970697930052e+00
1.504144041154615508e+01,3.829968308054562343e+00
1.506144612746498979e+01,4.401345359424378323e+00
1.508145184338382450e+01,3.976414651229230657e+00
1.510145755930265921e+01,3.366997494392531820e+00
1.512146327522149214e+01,3.862505438470051899e+00
1.514146899114032507e+01,4.186781991223821997e+00
1.516147470705915978e+01,4.058168104211257621e+00
1.518148042297799449e+01,3.993734123229864430e+00
1.520148613889682920e+01,3.958065940899532009e+00
1.522149185481566214e+01,4.189342991247387182e+00
1.524149757073449507e+01,3.723691206611468463e+00
1.526150328665332978e+01,3.076401133591758263e+00
1.528150900257216449e+01,3.255422815308415707e+00
1.530151471849099742e+01,3.527173786599259397e+00
1.532152043440983036e+01,3.608922432588858697e+00
1.534152615032866507e+01,3.720067941718379068e+00
1.536153186624749978e+01,4.183420734553946474e+00
1.538153758216633449e+01,4.041639795659689227e+00
1.540154329808516742e+01,4.719012223762829805e+00
1.542154901400400036e+01,3.854256362845804862e+00
1.544155472992283507e+01,3.678578845954930898e+00
1.546156044584166978e+01,3.692857686577139198e+00
1.548156616176050449e+01,4.027825467591108932e+00
1.550157187767933742e+01,4.119511651942147523e+00
1.552157759359817035e+01,4.392234965205495278e+00
1.554158330951700506e+01,3.958866553985584513e+00
1.556158902543583977e+01,3.934482105755269021e+00
1.558159474135467271e+01,4.288426297496260808e+00
1.560160045727350742e+01,4.483320866810197813e+00
1.562160617319234035e+01,4.011752764488640821e+00
1.564161188911117506e+01,3.427542771428071955e+00
1.566161760503000977e+01,4.480775390539906589e+00
1.568162332094884270e+01,4.082402745259384957e+00
1.570162903686767564e+01,4.680724357342925579e+00
1.572163475278651035e+01,4.409999469262361416e+00
1.574164046870534506e+01,4.371180941476279891e+00
1.576164618462417977e+01,4.922618523131377266e+00
1.578165190054301270e+01,4.414418679805304890e+00
1.580165761646184563e+01,4.701761929666323780e+00
1.582166333238068034e+01,4.456016785277922665e+00
1.584166904829951505e+01,4.719360778538217005e+00
1.586167476421834799e+01,4.156954363883493819e+00
1.588168048013718270e+01,5.041081116409282359e+00
1.590168619605601563e+01,5.189065410993247696e+00
1.592169191197485034e+01,4.726497664348118910e+00
1.594169762789368505e+01,4.856696351956945712e+00
1.596170334381251799e+01,4.426645261630070216e+00
1.598170905973135092e+01,4.455836172292592323e+00
1.600171477565018563e+01,4.702964709104395347e+00
1.602172049156902034e+01,4.978485150484580402e+00
1.604172620748785505e+01,4.373611104890535728e+00
1.606173192340668976e+01,4.705630592232453502e+00
1.608173763932552092e+01,4.558418787930243354e+00
1.610174335524435563e+01,4.844800786090048383e+00
1.612174907116319034e+01,4.065446836302342604e+00
1.614175478708202505e+01,4.191001683700219971e+00
1.616176050300085620e+01,4.383800795148342644e+00
1.618176621891969091e+01,4.158233019028347854e+00
1.620177193483852562e+01,4.278206668219493025e+00
1.622177765075736033e+01,4.592995037756455012e+00
1.624178336667619504e+01,3.504138222258595281e+00
1.626178908259502620e+01,4.490015689046135350e+00
1.628179479851386091e+01,4.536143930615784470e+00
1.630180051443269562e+01,3.761614329676838508e+00
1.632180623035153033e+01,3.996270332265113190e+00
1.634181194627036149e+01,4.150551123126604125e+00
1.636181766218919620e+01,4.611955438636178073e+00
1.638182337810803091e+01,4.463513042659014829e+00
1.640182909402686562e+01,3.748682968232864177e+00
1.642183480994570033e+01,4.000622618090732274e+00
1.644184052586453504e+01,3.952353306696039681e+00
1.646184624178336620e+01,3.634165453947936442e+00
1.648185195770220091e+01,4.512731120916647853e+00
1.650185767362103562e+01,3.782002833960190991e+00
1.652186338953986677e+01,3.694366496066695760e+00
1.654186910545870148e+01,4.489854764745679461e+00
1.656187482137753619e+01,3.628545828300137721e+00
1.658188053729637090e+01,3.745969253045382530e+00
1.660188625321520561e+01,4.406209848811496244e+00
1.662189196913404032e+01,3.832128498751572021e+00
1.664189768505287148e+01,3.198748942077489055e+00
1.666190340097170619e+01,3.848241008910009420e+00
1.668190911689054090e+01,4.017543578715786268e+00
1.670191483280937561e+01,4.118894953595802377e+00
1.672192054872820677e+01,4.459023540849526235e+00
1.674192626464704148e+01,3.384978306854997676e+00
1.676193198056587619e+01,3.876950065410315727e+00
1.678193769648471090e+01,3.648844268060296159e+00
1.680194341240354561e+01,3.604105983151113080e+00
1.682194912832238032e+01,3.673555908146027171e+00
1.684195484424121148e+01,4.033763570289705669e+00
1.686196056016004619e+01,3.366018312358549203e+00
1.688196627607888090e+01,4.131953839430200226e+00
1.690197199199771205e+01,4.476497046646581879e+00
1.692197770791654676e+01,3.492392406668388460e+00
1.694198342383538147e+01,4.244735236546082646e+00
1.696198913975421618e+01,3.553328272061954785e+00
1.698199485567305089e+01,3.967302290899837214e+00
1.700200057159188560e+01,3.774957352773347541e+00
1.702200628751071676e+01,3.712883672409180491e+00
1.704201200342955147e+01,4.244805469391383923e+00
1.706201771934838618e+01,3.115295691689309976e+00
1.708202343526722089e+01,3.564519402640939028e+00
1.710202915118605205e+01,3.503280898171157176e+00
1.712203486710488676e+01,3.805599306224744183e+00
1.714204058302372147e+01,4.036774956634573641e+00
1.716204629894255618e+01,4.019694722347602500e+00
1.718205201486139089e+01,3.601316740165367403e+00
1.720205773078022204e+01,3.551405872365934080e+00
1.722206344669905675e+01,3.678036089267935793e+00
1.724206916261789146e+01,3.392081654865435780e+00
1.726207487853672617e+01,3.086513928690299835e+00
1.728208059445555733e+01,4.354952160994485233e+00
1.730208631037439204e+01,3.761670258498923225e+00
1.732209202629322675e+01,3.138289119428136154e+00
1.734209774221206146e+01,3.364453958028510439e+00
1.736210345813089617e+01,3.857974731723797568e+00
1.738210917404973088e+01,3.188960774676134591e+00
1.740211488996856204e+01,3.498648971718487211e+00
1.742212060588739675e+01,4.016240481147560715e+00
1.744212632180623146e+01,3.990352900767221378e+00
1.746213203772506262e+01,3.993816790658465621e+00
1.748213775364389733e+01,3.841401770593453335e+00
1.750214346956273204e+01,3.701268674328003883e+00
1.752214918548156675e+01,4.182627440306884381e+00
1.754215490140040146e+01,3.456291263597167873e+00
1.756216061731923617e+01,3.361583350743045706e+00
1.758216633323806732e+01,3.562407541254142274e+00
1.760217204915690203e+01,4.330121574922102923e+00
1.762217776507573674e+01,4.385499358835595274e+00
1.764218348099457145e+01,4.806221122341594487e+00
1.766218919691340261e+01,3.943080450251117419e+00
1.768219491283223732e+01,4.021454655978419446e+00
1.770220062875107203e+01,4.216661262465023263e+00
1.772220634466990674e+01,3.812801709625031954e+00
1.774221206058874145e+01,4.622462962007594989e+00
1.776221777650757616e+01,4.090659834408659989e+00
1.778222349242640732e+01,4.767107421250729615e+00
1.780222920834524203e+01,5.029197439651041712e+00
1.782223492426407674e+01,4.614811154494224965e+00
1.784224064018290790e+01,4.883836193885638721e+00
1.786224635610174261e+01,4.359005784660640259e+00
1.788225207202057732e+01,4.536314040652275281e+00
1.790225778793941203e+01,4.416077729137567687e+00
1.792226350385824674e+01,4.647812704803123474e+00
1.794226921977708145e+01,4.531992159700345191e+00
1.796227493569591260e+01,5.007274427872902223e+00
1.798228065161474731e+01,5.240064779793730310e+00
1.800228636753358202e+01,5.238088486956684164e+00
1.802229208345241318e+01,5.178080005716202194e+00
1.804229779937124789e+01,6.145818964511393645e+00
1.806230351529008260e+01,5.104498472913848950e+00
1.808230923120891731e+01,6.262321813088536970e+00
1.810231494712775202e+01,5.930427965156281900e+00
1.812232066304658673e+01,5.499084878574294066e+00
1.814232637896542144e+01,5.373064080894272898e+00
1.816233209488425260e+01,6.149904336800020133e+00
1.818233781080308731e+01,5.869373759605110763e+00
1.820234352672191847e+01,6.436814433438549088e+00
1.822234924264075318e+01,6.132056187366052846e+00
1.824235495855958789e+01,6.120143953736358000e+00
1.826236067447842260e+01,6.216712290820384901e+00
1.828236639039725731e+01,6.371569777714155336e+00
1.830237210631609202e+01,6.979165490238495195e+00
1.832237782223492673e+01,7.174956954408179932e+00
1.834238353815375788e+01,8.306954320450870455e+00
1.836238925407259259e+01,8.373143756932766024e+00
1.838239496999142730e+01,8.287928381451060034e+00
1.840240068591025846e+01,8.826549233724323429e+00
1.842240640182909317e+01,8.315651652974056063e+00
1.844241211774792788e+01,8.040828391200369296e+00
1.846241783366676259e+01,9.666894961092964422e+00
1.848242354958559730e+01,9.211467763841152845e+00
1.850242926550443201e+01,9.489255392826596136e+00
1.852243498142326672e+01,9.336015473394610353e+00
1.854244069734209788e+01,9.490406415413909613e+00
1.856244641326093259e+01,1.064427980107789296e+01
1.858245212917976374e+01,1.088419146816323391e+01
1.860245784509859845e+01,1.100351626588460263e+01
1.862246356101743316e+01,1.057776163940972580e+01
1.864246927693626787e+01,1.202675892351388853e+01
1.866247499285510258e+01,1.114298536194636036e+01
1.868248070877393729e+01,1.229002200226902097e+01
1.870248642469277200e+01,1.207290867839763315e+01
1.872249214061160316e+01,1.301989660721947395e+01
1.874249785653043787e+01,1.276242593037838091e+01
1.876250357244927258e+01,1.362991877220566650e+01
1.878250928836810374e+01,1.326565712448503298e+01
1.880251500428693845e+01,1.410092661601512454e+01
1.882252072020577316e+01,1.425179289465069665e+01
1.884252643612460787e+01,1.543439127744857231e+01
1.886253215204344258e+01,1.566952604264556292e+01
1.888253786796227729e+01,1.560442631150318249e+01
1.890254358388111200e+01,1.659718360296519180e+01
1.892254929979994316e+01,1.676704609170499793e+01
1.894255501571877787e+01,1.676667458892760365e+01
1.896256073163760902e+01,1.737975100105051496e+01
1.898256644755644373e+01,1.788826683475092949e+01
1.900257216347527844e+01,1.729485370329991767e+01
1.902257787939411315e+01,1.782980832671388427e+01
1.904258359531294786e+01,1.910775871925933345e+01
1.906258931123178257e+01,1.856187983015809451e+01
1.908259502715061728e+01,1.886709583168034143e+01
1.910260074306944844e+01,1.859716588261939663e+01
1.912260645898828315e+01,1.892637673230953155e+01
1.914261217490711431e+01,1.981979554173721070e+01
1.916261789082594902e+01,1.920714014720577723e+01
1.918262360674478373e+01,1.895063515291112211e+01
1.920262932266361844e+01,1.923986910132764905e+01
1.922263503858245315e+01,1.915623719791455670e+01
1.924264075450128786e+01,1.931168524844263246e+01
1.926264647042012257e+01,1.889743485717387728e+01
1.928265218633895373e+01,1.842157285896418983e+01
1.930265790225778844e+01,1.835532416586127269e+01
1.932266361817662315e+01,1.831063636914441872e+01
1.934266933409545430e+01,1.759098499616155920e+01
1.936267505001428901e+01,1.813676895828384517e+01
1.938268076593312372e+01,1.720126591989716047e+01
1.940268648185195843e+01,1.629014187625680776e+01
1.942269219777079314e+01,1.619795220754815190e+01
1.944269791368962785e+01,1.657461674002000507e+01
1.946270362960846256e+01,1.614670257229322559e+01
1.948270934552729372e+01,1.617486412812219498e+01
1.950271506144612843e+01,1.535920400224116378e+01
1.952272077736495959e+01,1.524572748168360903e+01
1.954272649328379430e+01,1.467051401752147655e+01
1.956273220920262901e+01,1.408827862319036939e+01
1.958273792512146372e+01,1.395503233066015980e+01
1.960274364104029843e+01,1.462807368670430819e+01
1.962274935695913314e+01,1.433105724164123629e+01
1.964275507287796785e+01,1.305509455239274708e+01
1.966276078879679901e+01,1.268956262714423033e+01
1.968276650471563372e+01,1.299500942074389798e+01
1.970277222063446487e+01,1.248658312469559384e+01
1.972277793655329958e+01,1.287431647989266814e+01
1.974278365247213429e+01,1.200597014261215101e+01
1.976278936839096900e+01,1.217047896182788236e+01
1.978279508430980371e+01,1.261563187164839661e+01
1.980280080022863842e+01,1.278423750014722060e+01
1.982280651614747313e+01,1.183517935769111418e+01
1.984281223206630784e+01,1.185138152008480361e+01
1.986281794798513900e+01,1.163601818429035717e+01
1.988282366390397371e+01,1.157898392585981284e+01
1.990282937982280487e+01,1.156610313578197413e+01
1.992283509574163958e+01,1.114470282132617562e+01
1.994284081166047429e+01,1.047681453394030271e+01
1.996284652757930900e+01,1.057514250138360978e+01
1.998285224349814371e+01,9.829582642044385921e+00
2.000285795941697842e+01,9.324221833079150201e+00
2.002286367533581313e+01,9.069324522075527639e+00
2.004286939125464428e+01,8.702344655905633886e+00
2.006287510717347899e+01,8.382112416509908570e+00
2.008288082309231015e+01,7.414607230316546449e+00
2.010288653901114486e+01,7.366496052900657787e+00
2.012289225492997957e+01,7.094989297785476268e+00
2.014289797084881428e+01,7.270928687063573648e+00
2.016290368676764899e+01,6.052838837820223361e+00
2.018290940268648370e+01,5.478194612306249489e+00
2.020291511860531841e+01,5.910548394542076700e+00
2.022292083452414957e+01,5.380724511588966585e+00
2.024292655044298428e+01,5.014863441727156257e+00
2.026293226636181899e+01,4.280572832630671343e+00
2.028293798228065015e+01,5.488074532049768806e+00
2.030294369819948486e+01,4.187167655263552390e+00
2.032294941411831957e+01,5.306584782535068712e+00
2.034295513003715428e+01,4.360576791869224422e+00
2.036296084595598899e+01,5.111031491778138758e+00
2.038296656187482370e+01,4.832402138864649643e+00
2.040297227779365841e+01,4.617920895453073271e+00
2.042297799371248956e+01,4.578393919399953660e+00
2.044298370963132427e+01,3.810592861094347139e+00
2.046298942555015543e+01,4.357490827853244042e+00
2.048299514146899014e+01,4.079582947812514071e+00
2.050300085738782485e+01,4.792225836451956766e+00
2.052300657330665956e+01,4.664293121329233571e+00
2.054301228922549427e+01,4.472176626490863782e+00
2.056301800514432898e+01,4.262036515991606045e+00
2.058302372106316369e+01,4.351936525197489303e+00
2.060302943698199485e+01,4.583399361470270605e+00
2.062303515290082956e+01,4.394282495966783664e+00
2.064304086881966072e+01,4.471563082024277769e+00
2.066304658473849543e+01,4.713968886541939796e+00
2.068305230065733014e+01,4.314949520368237756e+00
2.070305801657616485e+01,4.994440547724670942e+00
2.072306373249499956e+01,4.467901290395804637e+00
2.074306944841383427e+01,5.197786360167375719e+00
2.076307516433266898e+01,5.374747907480439402e+00
2.078308088025150369e+01,4.463823647211647483e+00
2.080308659617033484e+01,4.746544872220241906e+00
2.082309231208916955e+01,5.038555271833491389e+00
2.084309802800800071e+01,3.984964559276187757e+00
2.086310374392683542e+01,4.453280096636918373e+00
2.088310945984567013e+01,4.732422201201046619e+00
2.090311517576450484e+01,4.781465307060638992e+00
2.092312089168333955e+01,4.753178109505155291e+00
2.094312660760217426e+01,4.963898950714174418e+00
2.096313232352100897e+01,5.030795628855796231e+00
2.098313803943984013e+01,5.018768813642623172e+00
2.100314375535867484e+01,4.668860769235422481e+00
2.102314947127750600e+01,5.288911210318731904e+00
2.104315518719634071e+01,5.442718774122214498e+00
2.106316090311517542e+01,4.479900704182846916e+00
2.108316661903401013e+01,5.042720357332306946e+00
2.110317233495284484e+01,5.921870994469038862e+00
2.112317805087167955e+01,5.513210875669337874e+00
2.114318376679051426e+01,5.031168096558413794e+00
2.116318948270934541e+01,5.098505511198297313e+00
2.118319519862818012e+01,5.199111264685279288e+00
2.120320091454701483e+01,5.583383433978763577e+00
2.122320663046584599e+01,5.310466993812195113e+00
2.124321234638468070e+01,4.791127677264382712e+00
2.126321806230351541e+01,6.021753336804589019e+00
2.128322377822235012e+01,6.015337331983470648e+00
2.130322949414118483e+01,4.978817140954516773e+00
2.132323521006001954e+01,5.925571523390159356e+00
2.134324092597885425e+01,4.847770427082203071e+00
2.136324664189768541e+01,5.911000489655159562e+00
2.138325235781652012e+01,5.812798191621185495e+00
2.140325807373535127e+01,6.237278258061452085e+00
2.142326378965418598e+01,6.458755923815848732e+00
2.144326950557302069e+01,6.318732308267613007e+00
2.146327522149185540e+01,6.285013121148065096e+00
2.148328093741069011e+01,5.691913369358735153e+00
2.150328665332952482e+01,6.181266532284424464e+00
2.152329236924835953e+01,6.008038871630549949e+00
2.154329808516719069e+01,6.592778899547981908e+00
2.156330380108602540e+01,6.063276618363723003e+00
2.158330951700485656e+01,4.908687330338459276e+00
2.160331523292369127e+01,4.894549937325634481e+00
2.162332094884252598e+01,5.068744242797643906e+00
2.164332666476136069e+01,4.913674620058099407e+00
2.166333238068019540e+01,5.703990655861446157e+00
2.168333809659903011e+01,5.258101175502412516e+00
2.170334381251786482e+01,5.014937533095805478e+00
2.172334952843669598e+01,5.520421406621615290e+00
2.174335524435553069e+01,5.389592411188187882e+00
2.176336096027436540e+01,4.806891258982383341e+00
2.178336667619319655e+01,5.034843980781879225e+00
2.180337239211203126e+01,5.547801970316798226e+00
2.182337810803086597e+01,5.486510963114072048e+00
2.184338382394970068e+01,5.541255004684312979e+00
2.186338953986853539e+01,4.787161840412540670e+00
2.188339525578737010e+01,5.088386406123782457e+00
2.190340097170620481e+01,4.225710809586939121e+00
2.192340668762503597e+01,4.970442474517088982e+00
2.194341240354387068e+01,4.625722308238342961e+00
2.196341811946270184e+01,4.749905775212992509e+00
2.198342383538153655e+01,5.547706856796281727e+00
2.200342955130037126e+01,5.108177265743773177e+00
2.202343526721920597e+01,5.298348343835813878e+00
2.204344098313804068e+01,4.497271287254186234e+00
2.206344669905687539e+01,4.907187922985232653e+00
2.208345241497571010e+01,5.179739805340226155e+00
2.210345813089454126e+01,4.545494740841203196e+00
2.212346384681337597e+01,5.070709439639092153e+00
2.214346956273221068e+01,5.443665449475320273e+00
2.216347527865104183e+01,5.924159717419447801e+00
2.218348099456987654e+01,5.750673808641669993e+00
2.220348671048871125e+01,5.430414277542658930e+00
2.222349242640754596e+01,4.958598122926937357e+00
2.224349814232638067e+01,4.929932721994726208e+00
2.226350385824521538e+01,5.302970958499911625e+00
2.228350957416405009e+01,5.682078990552483333e+00
2.230351529008288125e+01,5.026805793120900034e+00
2.232352100600171596e+01,5.800991580353940691e+00
2.234352672192054712e+01,5.574380714655340796e+00
2.236353243783938183e+01,5.551200982980949661e+00
2.238353815375821654e+01,6.173852067364251184e+00
2.240354386967705125e+01,6.287292393275172309e+00
2.242354958559588596e+01,5.975451510117592235e+00
2.244355530151472067e+01,5.959546704983237575e+00
2.246356101743355538e+01,6.225439837919364727e+00
2.248356673335238654e+01,6.568550671990273315e+00
2.250357244927122125e+01,6.843212183927646741e+00
2.252357816519005240e+01,6.472303604426214996e+00
2.254358388110888711e+01,6.249917827533158388e+00
2.256358959702772182e+01,6.691914356519493623e+00
2.258359531294655653e+01,6.674625171014691105e+00
2.260360102886539124e+01,6.800963332869139677e+00
2.262360674478422595e+01,7.717940634491994523e+00
2.264361246070306066e+01,8.402004170128256177e+00
2.266361817662189182e+01,7.744509747384951126e+00
2.268362389254072653e+01,8.727027256634098507e+00
2.270362960845956124e+01,8.336220359870692320e+00
2.272363532437839240e+01,9.244004622054875497e+00
2.274364104029722711e+01,9.060266783255622514e+00
2.276364675621606182e+01,9.233640190154448035e+00
2.278365247213489653e+01,1.000060534582514649e+01
2.280365818805373124e+01,9.651934619518552694e+00
2.282366390397256595e+01,9.392260855568881794e+00
2.284366961989140066e+01,1.065086982896476364e+01
2.286367533581023181e+01,1.074655167330137928e+01
2.288368105172906652e+01,1.121749495440322164e+01
2.290368676764789768e+01,1.058095161577083765e+01
2.292369248356673239e+01,1.143681486137849035e+01
2.294369819948556710e+01,1.166767711659743867e+01
2.296370391540440181e+01,1.165336693330812068e+01
2.298370963132323652e+01,1.210467930223635058e+01
2.300371534724207123e+01,1.175293670478076358e+01
2.302372106316090594e+01,1.279494472395219873e+01
2.304372677907973710e+01,1.335082882549475158e+01
2.306373249499857181e+01,1.337145720630191548e+01
2.308373821091740652e+01,1.439050100451697389e+01
2.310374392683623768e+01,1.404549564084145175e+01
2.312374964275507239e+01,1.346073461899115564e+01
2.314375535867390710e+01,1.497872072813876265e+01
2.316376107459274181e+01,1.553537324657350460e+01
2.318376679051157652e+01,1.532910548708976073e+01
2.320377250643041123e+01,1.512753730355498938e+01
2.322377822234924594e+01,1.568376872243256059e+01
2.324378393826807709e+01,1.475526424330310959e+01
2.326378965418691180e+01,1.539644630020761618e+01
2.328379537010574296e+01,1.547096493931064032e+01
2.330380108602457767e+01,1.539006366109820867e+01
2.332380680194341238e+01,1.581793924943304042e+01
2.334381251786224709e+01,1.619490231146349757e+01
2.336381823378108180e+01,1.478974808295982690e+01
2.338382394969991651e+01,1.440450032909151901e+01
2.340382966561875122e+01,1.465183771324929829e+01
2.342383538153758238e+01,1.441724056949137633e+01
2.344384109745641709e+01,1.402159238661374907e+01
2.346384681337524825e+01,1.319595978788621871e+01
2.348385252929408296e+01,1.256277288124590896e+01
2.350385824521291767e+01,1.264027072135799656e+01
2.352386396113175238e+01,1.196264024817616800e+01
2.354386967705058709e+01,1.149798973229528798e+01
2.356387539296942180e+01,1.130358949426928561e+01
2.358388110888825651e+01,9.635842075563845199e+00
2.360388682480708766e+01,8.821610103944440340e+00
2.362389254072592237e+01,9.507214550148313847e+00
2.364389825664475708e+01,8.594553984900699106e+00
2.366390397256358824e+01,7.984059926494665227e+00
2.368390968848242295e+01,7.413197114694112244e+00
2.370391540440125766e+01,7.265673057597658691e+00
2.372392112032009237e+01,6.798355048891151498e+00
2.374392683623892708e+01,5.875541596428151436e+00
2.376393255215776179e+01,5.609764468164681439e+00
2.378393826807659650e+01,6.132141630574532876e+00
2.380394398399542766e+01,5.473657433924132398e+00
2.382394969991426237e+01,6.177541382029549055e+00
2.384395541583309353e+01,5.593986724497353791e+00
2.386396113175192824e+01,5.494342701954831654e+00
2.388396684767076295e+01,5.816595579116113690e+00
2.390397256358959766e+01,4.529282279462160332e+00
2.392397827950843237e+01,4.717191531904286528e+00
2.394398399542726708e+01,4.664611436260685196e+00
2.396398971134610179e+01,5.042679399572602250e+00
2.398399542726493294e+01,4.398250053406879800e+00
2.400400114318376765e+01,4.710290022597763304e+00
2.402400685910260236e+01,5.164139178668241570e+00
2.404401257502143352e+01,4.301898617376003209e+00
2.406401829094026823e+01,4.690577953497327535e+00
2.408402400685910294e+01,5.170048285188464376e+00
2.410402972277793765e+01,4.918206396127335900e+00
2.412403543869677236e+01,5.037477427775547412e+00
2.414404115461560707e+01,4.699185901400244170e+00
2.416404687053444178e+01,5.265830377682291896e+00
2.418405258645327294e+01,5.046027555223858485e+00
2.420405830237210765e+01,5.055207427250341112e+00
2.422406401829093880e+01,4.843064391792866630e+00
2.424406973420977351e+01,5.415179855850203339e+00
2.426407545012860822e+01,4.624949036240845857e+00
2.428408116604744293e+01,4.167855859059842238e+00
2.430408688196627764e+01,5.451457050360400736e+00
2.432409259788511235e+01,4.894748001473838706e+00
2.434409831380394706e+01,4.889832483722628353e+00
2.436410402972277822e+01,4.803811611317442498e+00
2.438410974564161293e+01,4.587433305243888704e+00
2.440411546156044409e+01,5.335835136326046779e+00
2.442412117747927880e+01,4.911398947764679335e+00
2.444412689339811351e+01,4.876923453398552155e+00
2.446413260931694822e+01,5.685277616922116195e+00
2.448413832523578293e+01,6.188649060028011739e+00
2.450414404115461764e+01,5.368200051535565009e+00
2.452414975707345235e+01,6.081174019538250874e+00
2.454415547299228351e+01,6.182838184215604826e+00
2.456416118891111822e+01,5.935268160579962426e+00
2.458416690482995293e+01,7.139905226422345486e+00
2.460417262074878408e+01,6.273123181939388004e+00
2.462417833666761879e+01,7.292848604037959426e+00
2.464418405258645350e+01,7.029575775981514951e+00
2.466418976850528821e+01,7.290888849310340092e+00
2.468419548442412292e+01,7.328236932933862136e+00
2.470420120034295763e+01,7.753542242836068077e+00
2.472420691626179234e+01,8.675790156381431473e+00
2.474421263218062350e+01,8.497483228392722410e+00
2.476421834809945821e+01,8.426957193958061865e+00
2.478422406401828937e+01,8.351267610177231404e+00
2.480422977993712408e+01,9.949419441518756457e+00
2.482423549585595879e+01,1.023918036497191153e+01
2.484424121177479350e+01,1.094671663551216056e+01
2.486424692769362821e+01,1.142665325174562163e+01
2.488425264361246292e+01,1.181433104629315700e+01
2.490425835953129763e+01,1.235137825378360255e+01
2.492426407545012879e+01,1.254646831601583656e+01
2.494426979136896350e+01,1.336631252289286387e+01
2.496427550728779821e+01,1.440026696942493523e+01
2.498428122320662936e+01,1.484716270588476128e+01
2.500428693912546407e+01,1.544100884174847899e+01
2.502429265504429878e+01,1.643650795570988166e+01
2.504429837096313349e+01,1.691714972491771718e+01
2.506430408688196820e+01,1.781116500971431904e+01
2.508430980280080291e+01,1.891220890766288321e+01
2.510431551871963762e+01,1.929440195111965295e+01
2.512432123463846878e+01,2.092119830578311124e+01
2.514432695055730349e+01,2.121901661694622021e+01
2.516433266647613465e+01,2.176030207814261530e+01
2.518433838239496936e+01,2.289877104487888815e+01
2.520434409831380407e+01,2.424831944740478562e+01
2.522434981423263878e+01,2.532499214958861344e+01
2.524435553015147349e+01,2.706827667223745237e+01
2.526436124607030820e+01,2.788527428610075276e+01
2.528436696198914291e+01,2.813678454487964942e+01
2.530437267790797407e+01,3.076523709673980278e+01
2.532437839382680878e+01,3.127120088126263653e+01
2.534438410974563993e+01,3.242989901483061033e+01
2.536438982566447464e+01,3.340698283817087599e+01
2.538439554158330935e+01,3.453987166632344241e+01
2.540440125750214406e+01,3.602872475259894713e+01
2.542440697342097877e+01,3.693636668468236195e+01
2.544441268933981348e+01,3.840415726342972391e+01
2.546441840525864819e+01,3.923025178612443398e+01
2.548442412117747935e+01,4.045281833631509016e+01
2.550442983709631406e+01,4.168979659238169688e+01
2.552443555301514877e+01,4.215924905066991357e+01
2.554444126893397993e+01,4.314007207862966453e+01
2.556444698485281464e+01,4.378087776843809564e+01
2.558445270077164935e+01,4.418494071293337555e+01
2.560445841669048406e+01,4.485113585715392759e+01
2.562446413260931877e+01,4.561925513852604297e+01
2.564446984852815348e+01,4.778333439119618475e+01
2.566447556444698819e+01,4.819453739269665249e+01
2.568448128036581934e+01,4.830614571346761466e+01
2.570448699628465405e+01,4.827867816227228559e+01
2.572449271220348521e+01,4.951434680023140800e+01
2.574449842812231992e+01,4.956807796469130523e+01
2.576450414404115463e+01,4.961050622433359081e+01
2.578450985995998934e+01,4.906568678322090449e+01
2.580451557587882405e+01,4.834560615345250056e+01
2.582452129179765876e+01,4.791360228501415719e+01
2.584452700771649347e+01,4.654813573918234937e+01
2.586453272363532463e+01,4.581404209962510521e+01
2.588453843955415934e+01,4.474089881680541936e+01
2.590454415547299405e+01,4.333789251677027465e+01
2.592454987139182521e+01,4.084534788109837677e+01
2.594455558731065992e+01,4.016635044409665056e+01
2.596456130322949463e+01,3.709253572337369320e+01
2.598456701914832934e+01,3.553088480398921689e+01
2.600457273506716405e+01,3.300619060862933907e+01
2.602457845098599520e+01,3.078429223623875544e+01
2.604458416690482991e+01,2.802409463956695745e+01
2.606458988282366462e+01,2.661812231642698023e+01
2.608459559874249933e+01,2.448505357144860284e+01
2.610460131466133404e+01,2.220251923363576552e+01
2.612460703058016520e+01,2.010385868515730934e+01
2.614461274649899991e+01,1.895011149574995812e+01
2.616461846241783462e+01,1.753593293011953946e+01
2.618462417833666933e+01,1.596720183213570365e+01
2.620462989425550404e+01,1.511868312356934929e+01
2.622463561017433520e+01,1.426402615336397872e+01
2.624464132609316991e+01,1.393989535696536031e+01
2.626464704201200462e+01,1.258409015877140824e+01
2.628465275793083933e+01,1.254678531622462856e+01
2.630465847384967049e+01,1.169185337140721614e+01
2.632466418976850520e+01,1.151421411008462670e+01
2.634466990568733991e+01,1.114653032789206932e+01
2.636467562160617462e+01,1.077650501219137524e+01
2.638468133752500933e+01,1.127976449870605258e+01
2.640468705344384048e+01,1.105522456886017579e+01
2.642469276936267519e+01,1.159488321360096919e+01
2.644469848528150990e+01,1.066241213082592765e+01
2.646470420120034461e+01,1.070595801732546448e+01
2.648470991711917932e+01,1.119945655742248647e+01
2.650471563303801048e+01,1.087144305044411041e+01
2.652472134895684519e+01,1.188510776037519889e+01
2.654472706487567990e+01,1.065561877105325728e+01
2.656473278079451461e+01,1.130332051137644456e+01
2.658473849671334932e+01,1.087371865738698951e+01
2.660474421263218048e+01,1.149408899712001819e+01
2.662474992855101519e+01,1.214730470185056888e+01
2.664475564446984990e+01,1.154861694553082074e+01
2.666476136038868461e+01,1.218272935453876116e+01
2.668476707630751577e+01,1.260313051586465960e+01
2.670477279222635048e+01,1.265918410999952926e+01
2.672477850814518519e+01,1.182763750246364864e+01
2.674478422406401990e+01,1.124471111583142502e+01
2.676478993998285461e+01,1.101285583787346134e+01
2.678479565590168576e+01,1.058514826992033520e+01
2.680480137182052047e+01,9.588309748299288060e+00
2.682480708773935518e+01,1.040973732358417259e+01
2.684481280365818989e+01,1.004339436879719116e+01
2.686481851957702460e+01,8.852699795455654552e+00
2.688482423549585576e+01,8.481551072280117509e+00
2.690482995141469047e+01,7.526811547792276791e+00
2.692483566733352518e+01,8.884136183084480720e+00
2.694484138325235989e+01,7.622453881048912194e+00
2.696484709917119105e+01,6.958082819460019941e+00
2.698485281509002576e+01,6.766961564584984323e+00
2.700485853100886047e+01,6.710349318305306454e+00
2.702486424692769518e+01,5.763629601611800268e+00
2.704486996284652989e+01,6.208309750114258563e+00
2.706487567876536104e+01,5.816463962496000839e+00
2.708488139468419575e+01,6.153272553386435639e+00
2.710488711060303046e+01,6.561966224150262761e+00
2.712489282652186517e+01,5.359523082182101383e+00
2.714489854244069988e+01,5.787703211694539718e+00
2.716490425835953104e+01,6.587870666822898791e+00
2.718490997427836575e+01,5.536610811650110264e+00
2.720491569019720046e+01,6.453304124272786879e+00
2.722492140611603517e+01,5.933470504392691858e+00
2.724492712203486633e+01,6.250252223998110424e+00
2.726493283795370104e+01,6.909188151682530865e+00
2.728493855387253575e+01,6.524098096632844346e+00
2.730494426979137046e+01,5.888948535922405192e+00
2.732494998571020517e+01,6.738557205810439932e+00
2.734495570162903633e+01,7.620357159766539823e+00
2.736496141754787104e+01,6.478094626056561722e+00
2.738496713346670575e+01,6.845372179516063582e+00
2.740497284938554046e+01,6.639712508850676542e+00
2.742497856530437517e+01,7.474649447966408289e+00
2.744498428122320632e+01,7.225952623887573978e+00
2.746498999714204103e+01,8.010206783150168874e+00
2.748499571306087574e+01,7.860003499770454205e+00
2.750500142897971045e+01,7.616916676275929277e+00
2.752500714489854516e+01,7.773878849741491237e+00
2.754501286081737632e+01,7.491855067539071378e+00
2.756501857673621103e+01,7.427738227955926753e+00
2.758502429265504574e+01,7.983363203257341389e+00
2.760503000857388045e+01,8.027210466192595817e+00
2.762503572449271161e+01,8.664450943847104014e+00
2.764504144041154632e+01,8.124037684576890683e+00
2.766504715633038103e+01,7.702072156589551355e+00
2.768505287224921574e+01,7.776786594174324385e+00
2.770505858816805045e+01,8.118514115589290370e+00
2.772506430408688161e+01,7.428186436369584200e+00
2.774507002000571632e+01,7.195207503397974769e+00
2.776507573592455103e+01,7.580639014918583385e+00
2.778508145184338574e+01,6.527776349251283250e+00
2.780508716776222045e+01,6.841910592108071398e+00
2.782509288368105160e+01,6.769172978821710984e+00
2.784509859959988631e+01,6.405702887240452448e+00
2.786510431551872102e+01,6.244635953891370939e+00
2.788511003143755573e+01,6.723267322420428016e+00
2.790511574735638689e+01,6.418188865767330498e+00
2.792512146327522160e+01,5.865022612516557210e+00
2.794512717919405631e+01,5.350368933696072027e+00
2.796513289511289102e+01,5.767497665330196810e+00
2.798513861103172573e+01,5.123051161637244277e+00
2.800514432695055689e+01,5.484416964991662979e+00
2.802515004286939160e+01,5.118798941831020244e+00
2.804515575878822631e+01,5.092840894546974084e+00
2.806516147470706102e+01,5.210162183473927122e+00
2.808516719062589573e+01,4.821484383484917480e+00
2.810517290654472689e+01,5.592795924021106480e+00
2.812517862246356160e+01,5.278298670588309704e+00
2.814518433838239631e+01,5.760423455638579604e+00
2.816519005430123102e+01,5.863060184786590412e+00
2.818519577022006217e+01,6.370227886985892596e+00
2.820520148613889688e+01,5.780828694191862738e+00
2.822520720205773159e+01,5.643846647696921792e+00
2.824521291797656630e+01,6.336015913742633288e+00
2.826521863389540101e+01,5.466384899818394594e+00
2.828522434981423217e+01,6.217690911755473060e+00
2.830523006573306688e+01,7.093895903649355184e+00
2.832523578165190159e+01,6.379627739952684173e+00
2.834524149757073630e+01,6.713921309535213489e+00
2.836524721348957101e+01,7.039420090494159510e+00
2.838525292940840217e+01,7.426928805592582172e+00
2.840525864532723688e+01,7.196206712309232145e+00
2.842526436124607159e+01,7.654422121096599696e+00
2.844527007716490630e+01,8.486822210447677151e+00
2.846527579308374101e+01,9.043734999253455697e+00
2.848528150900257216e+01,9.244392333013973229e+00
2.850528722492140687e+01,9.072041141052988422e+00
2.852529294084024158e+01,9.786061804511723139e+00
2.854529865675907629e+01,9.997564198613545727e+00
2.856530437267790745e+01,1.070565493525641720e+01
2.858531008859674216e+01,1.064218381912290212e+01
2.860531580451557687e+01,1.158515795331639353e+01
2.862532152043441158e+01,1.194963392861995999e+01
2.864532723635324629e+01,1.265227092116248642e+01
2.866533295227207745e+01,1.340110244559437014e+01
2.868533866819091216e+01,1.334785831415427992e+01
2.870534438410974687e+01,1.443348146392006726e+01
2.872535010002858158e+01,1.496655512852888137e+01
2.874535581594741629e+01,1.512968410514052131e+01
2.876536153186624745e+01,1.599895854352787872e+01
2.878536724778508216e+01,1.710095898701395001e+01
2.880537296370391687e+01,1.719174674103278022e+01
2.882537867962275158e+01,1.774355439676189050e+01
2.884538439554158273e+01,1.917305965109412824e+01
2.886539011146041744e+01,1.935585477253431463e+01
2.888539582737925215e+01,2.013008430086505030e+01
2.890540154329808686e+01,2.078812186537981432e+01
2.892540725921692157e+01,2.072237475683531827e+01
2.894541297513575273e+01,2.173630477343189327e+01
2.896541869105458744e+01,2.230326746625469170e+01
2.898542440697342215e+01,2.186189252204298583e+01
2.900543012289225686e+01,2.280319912513585479e+01
2.902543583881109157e+01,2.246271835899926828e+01
2.904544155472992273e+01,2.252196251930475057e+01
2.906544727064875744e+01,2.210921606917534987e+01
2.908545298656759215e+01,2.200176141232146421e+01
2.910545870248642686e+01,2.156482758186946924e+01
2.912546441840525802e+01,2.122067720856245643e+01
2.914547013432409273e+01,2.099324649133050613e+01
2.916547585024292744e+01,2.042801909593683263e+01
2.918548156616176215e+01,1.939930124862343774e+01
2.920548728208059686e+01,1.936464737927785151e+01
2.922549299799942801e+01,1.787348951288443999e+01
2.924549871391826272e+01,1.687331499690618486e+01
2.926550442983709743e+01,1.609463107158466144e+01
2.928551014575593214e+01,1.567683033283745075e+01
2.930551586167476685e+01,1.419631931264942715e+01
2.932552157759359801e+01,1.294854675786412201e+01
2.934552729351243272e+01,1.346803192993909271e+01
2.936553300943126743e+01,1.229024448446510220e+01
2.938553872535010214e+01,1.169488310746734605e+01
2.940554444126893330e+01,1.130635380816539737e+01
2.942555015718776801e+01,1.045273789135648457e+01
2.944555587310660272e+01,1.045336322647368377e+01
2.946556158902543743e+01,1.000248247863213891e+01
2.948556730494427214e+01,8.258351022345312487e+00
2.950557302086310330e+01,8.147211038406776851e+00
2.952557873678193801e+01,7.934418310187515644e+00
2.954558445270077272e+01,8.197459349207576906e+00
2.956559016861960743e+01,7.893224334787516838e+00
2.958559588453844214e+01,7.766599143587997744e+00
2.960560160045727329e+01,7.866206999508484898e+00
2.962560731637610800e+01,8.001616227897439870e+00
2.964561303229494271e+01,6.683230808059133388e+00
2.966561874821377742e+01,6.825439898793556281e+00
2.968562446413261213e+01,7.273372847949294950e+00
2.970563018005144329e+01,7.047907536912481063e+00
2.972563589597027800e+01,6.021501614600798469e+00
2.974564161188911271e+01,6.661983311046725476e+00
2.976564732780794742e+01,6.839613346062792587e+00
2.978565304372677858e+01,6.141933120697609993e+00
2.980565875964561329e+01,7.468801421717849109e+00
2.982566447556444800e+01,6.375953180480317783e+00
2.984567019148328271e+01,6.077856224764101256e+00
2.986567590740211742e+01,6.177063626650326711e+00
2.988568162332094857e+01,6.715898694670148217e+00
2.990568733923978328e+01,6.936238978388775678e+00
2.992569305515861799e+01,6.833326518952251405e+00
2.994569877107745270e+01,7.284136631602143197e+00
2.996570448699628741e+01,6.863746745869340415e+00
2.998571020291511857e+01,6.014624451524608340e+00
3.000571591883395328e+01,6.514063115941325144e+00
3.002572163475278799e+01,6.889808521049610945e+00
3.004572735067162270e+01,6.557574308872565538e+00
3.006573306659045386e+01,6.846644649009615335e+00
3.008573878250928857e+01,6.151243437432219352e+00
3.010574449842812328e+01,6.121724541355293425e+00
3.012575021434695799e+01,6.493609648606187612e+00
3.014575593026579270e+01,5.394489373191707848e+00
3.016576164618462386e+01,5.285470231263743379e+00
3.018576736210345857e+01,4.945798842800481765e+00
3.020577307802229328e+01,5.187151515050539174e+00
3.022577879394112799e+01,4.852869186829161130e+00
3.024578450985996270e+01,4.105881247284091984e+00
3.026579022577879385e+01,4.610937959559903376e+00
3.028579594169762856e+01,5.025430229749398237e+00
3.030580165761646327e+01,4.782223636008255063e+00
3.032580737353529798e+01,4.973199376868745247e+00
3.034581308945412914e+01,5.020478208968112810e+00
3.036581880537296385e+01,4.760630451898290261e+00
3.038582452129179856e+01,5.254978158154552048e+00
3.040583023721063327e+01,4.217874208310528061e+00
3.042583595312946798e+01,4.363820826924621699e+00
3.044584166904829914e+01,5.136665972833755589e+00
3.046584738496713385e+01,5.493499836511135825e+00
3.048585310088596856e+01,5.289383181868537065e+00
3.050585881680480327e+01,5.519529681124581089e+00
3.052586453272363798e+01,5.162706556291736248e+00
3.054587024864246914e+01,4.149480217262138559e+00
3.056587596456130385e+01,5.160798036874525430e+00
3.058588168048013856e+01,5.621615329817891471e+00
3.060588739639897327e+01,5.815533672927283959e+00
3.062589311231780798e+01,5.584755702163439750e+00
3.064589882823663913e+01,4.680008043201844714e+00
3.066590454415547384e+01,5.112824724165634827e+00
3.068591026007430855e+01,5.416508121568295309e+00
3.070591597599314326e+01,4.696988964232800434e+00
3.072592169191197442e+01,5.362646992488302011e+00
3.074592740783080913e+01,5.256158751471375901e+00
3.076593312374964384e+01,4.704895008145882684e+00
3.078593883966847855e+01,4.970079922905733305e+00
3.080594455558731326e+01,5.292211685936393017e+00
3.082595027150614442e+01,5.729900500010516318e+00
3.084595598742497913e+01,4.916918025063647057e+00
3.086596170334381384e+01,5.838254013969701006e+00
3.088596741926264855e+01,5.179932949157334932e+00
3.090597313518148326e+01,4.769127182339904181e+00
3.092597885110031442e+01,5.354398748537491315e+00
3.094598456701914913e+01,5.410716771786756141e+00
3.096599028293798384e+01,5.424105765472493346e+00
3.098599599885681855e+01,4.703253385632397254e+00
3.100600171477564970e+01,5.549881671271410077e+00
3.102600743069448441e+01,4.574733637744236248e+00
3.104601314661331912e+01,5.321335190931748116e+00
3.106601886253215383e+01,5.169546413319838329e+00
3.108602457845098854e+01,4.859997455029168023e+00
3.110603029436981970e+01,5.450133807024807986e+00
3.112603601028865441e+01,5.810298323185788760e+00
3.114604172620748912e+01,5.459433615682128149e+00
3.116604744212632383e+01,5.545380229250520543e+00
3.118605315804515854e+01,5.416011502550639456e+00
3.120605887396398970e+01,4.958378968638581519e+00
3.122606458988282441e+01,5.471774691856429840e+00
3.124607030580165912e+01,5.756204129567070282e+00
3.126607602172049383e+01,5.821464330992311531e+00
3.128608173763932498e+01,5.384004822407281843e+00
3.130608745355815969e+01,5.621686402573617514e+00
3.132609316947699440e+01,5.980503729069358343e+00
3.134609888539582911e+01,5.549694655078530658e+00
3.136610460131466382e+01,6.045437184754627324e+00
3.138611031723349498e+01,6.088721026573942652e+00
3.140611603315232969e+01,5.109920994510092740e+00
3.142612174907116440e+01,5.842148984520971311e+00
3.144612746498999911e+01,6.728481102849728224e+00
3.146613318090883382e+01,6.179408697298329756e+00
3.148613889682766498e+01,6.836255171346491188e+00
3.150614461274649969e+01,6.820136102144227053e+00
3.152615032866533440e+01,7.461499551907408545e+00
3.154615604458416911e+01,6.991762313331713941e+00
3.156616176050300382e+01,7.596871475244889815e+00
3.158616747642183498e+01,7.599471426658649165e+00
3.160617319234066969e+01,7.174025114413792537e+00
3.162617890825950440e+01,8.069155137287969737e+00
3.164618462417833911e+01,8.013471664757194191e+00
3.166619034009717026e+01,9.428335637283977277e+00
3.168619605601600497e+01,1.014995213331688539e+01
3.170620177193483968e+01,9.568376701243714422e+00
3.172620748785367439e+01,1.073190686367588320e+01
3.174621320377250910e+01,1.106262092979547873e+01
3.176621891969134026e+01,1.224321163763170262e+01
3.178622463561017497e+01,1.231022967831878390e+01
3.180623035152900968e+01,1.273573399389376348e+01
3.182623606744784439e+01,1.333712435569081833e+01
3.184624178336667910e+01,1.437712954904619522e+01
3.186624749928551026e+01,1.555514557824278299e+01
3.188625321520434497e+01,1.638921783412030209e+01
3.190625893112317968e+01,1.744676117464957699e+01
3.192626464704201439e+01,1.711013794114461817e+01
3.194627036296084555e+01,1.918889062095253450e+01
3.196627607887968026e+01,2.075287320149392301e+01
3.198628179479851497e+01,2.024320574973216580e+01
3.200628751071734968e+01,2.191280793426446394e+01
3.202629322663618439e+01,2.354581181143341340e+01
3.204629894255501199e+01,2.504377508090209048e+01
3.206630465847385381e+01,2.611503472254412728e+01
3.208631037439268141e+01,2.713053998309442605e+01
3.210631609031152323e+01,2.898991232539094298e+01
3.212632180623035083e+01,3.067890520136964483e+01
3.214632752214918554e+01,3.079019396712109824e+01
3.216633323806802025e+01,3.200260785044692113e+01
3.218633895398685496e+01,3.419470284981231600e+01
3.220634466990568967e+01,3.575119237413701967e+01
3.222635038582451728e+01,3.631338576431711118e+01
3.224635610174335909e+01,3.856058813906189897e+01
3.226636181766218670e+01,4.056133490497047944e+01
3.228636753358102851e+01,4.146335576421098068e+01
3.230637324949985612e+01,4.300840510587821797e+01
3.232637896541869083e+01,4.458706948279840532e+01
3.234638468133752554e+01,4.606604512074082436e+01
3.236639039725636025e+01,4.731561373596406384e+01
3.238639611317519496e+01,4.930563345334334713e+01
3.240640182909402967e+01,4.919944400635988302e+01
3.242640754501286438e+01,5.094551954994940246e+01
3.244641326093169198e+01,5.107165493903988107e+01
3.246641897685053380e+01,5.110816515668434334e+01
3.248642469276936140e+01,5.192872789087346774e+01
3.250643040868819611e+01,5.117791490891889339e+01
3.252643612460703082e+01,5.094267680794547459e+01
3.254644184052586553e+01,5.075478264145691298e+01
3.256644755644470024e+01,5.021788189643493894e+01
3.258645327236353495e+01,4.829970962265039702e+01
3.260645898828236966e+01,4.751746470550705936e+01
3.262646470420119726e+01,4.587848664357817086e+01
3.264647042012003908e+01,4.317649721571138599e+01
3.266647613603886668e+01,4.132118663105006817e+01
3.268648185195770850e+01,4.008453795877456827e+01
3.270648756787653610e+01,3.829110676766235599e+01
3.272649328379537081e+01,3.477552708522824076e+01
3.274649899971420552e+01,3.391863909157903834e+01
3.276650471563304023e+01,3.146630004148509130e+01
3.278651043155187494e+01,2.928367303663999266e+01
3.280651614747070255e+01,2.824947246132074596e+01
3.282652186338954436e+01,2.677170610086034586e+01
3.284652757930837197e+01,2.524645981475974921e+01
3.286653329522721378e+01,2.310675180885987601e+01
3.288653901114604139e+01,2.305808552499002317e+01
3.290654472706487610e+01,2.185887053065050623e+01
3.292655044298371081e+01,2.190933438273865264e+01
3.294655615890254552e+01,2.105450021882228384e+01
3.296656187482138023e+01,2.094433665091249708e+01
3.298656759074020783e+01,2.109689358421083227e+01
3.300657330665904965e+01,2.133932825547199030e+01
3.302657902257787725e+01,2.164750699676790902e+01
3.304658473849671907e+01,2.237902722840834713e+01
3.306659045441554667e+01,2.322281665624391067e+01
3.308659617033438138e+01,2.458268761536709235e+01
3.310660188625321609e+01,2.545372700646948871e+01
3.312660760217205080e+01,2.710712631087875124e+01
3.314661331809088551e+01,2.855499157168550184e+01
3.316661903400971312e+01,3.037150699069295001e+01
3.318662474992855493e+01,3.187589380435102271e+01
3.320663046584738254e+01,3.369077894341938872e+01
3.322663618176622435e+01,3.584876989770560840e+01
3.324664189768505196e+01,3.847126263997287765e+01
3.326664761360388667e+01,4.092518519255182241e+01
3.328665332952272138e+01,4.367950048170645516e+01
3.330665904544155609e+01,4.631810434925013453e+01
3.332666476136039080e+01,4.920984400286698701e+01
3.334667047727922551e+01,5.291998696274833947e+01
3.336667619319806022e+01,5.556715604488706362e+01
3.338668190911688782e+01,5.855151606725533497e+01
3.340668762503572964e+01,6.237493564219052189e+01
3.342669334095455724e+01,6.615047568925574240e+01
3.344669905687339195e+01,6.846660425157455165e+01
3.346670477279222666e+01,7.226069846979390832e+01
3.348671048871106137e+01,7.527901730802848590e+01
3.350671620462989608e+01,7.790166300700252577e+01
3.352672192054873079e+01,8.071093474846696836e+01
3.354672763646756550e+01,8.190322373530713662e+01
3.356673335238639311e+01,8.433108335560970659e+01
3.358673906830523492e+01,8.440022526104124267e+01
3.360674478422406253e+01,8.481878321685752553e+01
3.362675050014290434e+01,8.443854970329087450e+01
3.364675621606173195e+01,8.303260752160394986e+01
3.366676193198056666e+01,8.253562642722734211e+01
3.368676764789940137e+01,7.952136623219948319e+01
3.370677336381823608e+01,7.697747070451865170e+01
3.372677907973707079e+01,7.526987625297431350e+01
3.374678479565589839e+01,7.179123052609232047e+01
3.376679051157474021e+01,6.844788570440690023e+01
3.378679622749356781e+01,6.481824441837356687e+01
3.380680194341240963e+01,6.220153333318357625e+01
3.382680765933123723e+01,5.906102240445957818e+01
3.384681337525007194e+01,5.606002585257141391e+01
3.386681909116890665e+01,5.418806885035129284e+01
3.388682480708774136e+01,5.099783096535032456e+01
3.390683052300657607e+01,4.840909568819814979e+01
3.392683623892540368e+01,4.628892620909520161e+01
3.394684195484424549e+01,4.305605809418948127e+01
3.396684767076307310e+01,4.046251606460307926e+01
3.398685338668191491e+01,3.898083595656694911e+01
3.400685910260074252e+01,3.634949450053855458e+01
3.402686481851957723e+01,3.454899229642952463e+01
3.404687053443841194e+01,3.260246774384999213e+01
3.406687625035724665e+01,3.127603744899990446e+01
3.408688196627608136e+01,2.830776946648057191e+01
3.410688768219490896e+01,2.701424868943981039e+01
3.412689339811375078e+01,2.561558791369057531e+01
3.414689911403257838e+01,2.424455405096690441e+01
3.416690482995142020e+01,2.351501616993283150e+01
3.418691054587024780e+01,2.163712190386784329e+01
3.420691626178908251e+01,2.035865514394329168e+01
3.422692197770791722e+01,1.976355180798516997e+01
3.424692769362675193e+01,1.912966046699718703e+01
3.426693340954558664e+01,1.822142888848270914e+01
3.428693912546442135e+01,1.768474283870256514e+01
3.430694484138325606e+01,1.678208209085435243e+01
3.432695055730208367e+01,1.717115557152225591e+01
3.434695627322092548e+01,1.710875386294582867e+01
3.436696198913975309e+01,1.681147552570423898e+01
3.438696770505858780e+01,1.632392743322895967e+01
3.440697342097742251e+01,1.713173016319942832e+01
3.442697913689625722e+01,1.728482883884748134e+01
3.444698485281509193e+01,1.707691851877038047e+01
3.446699056873392664e+01,1.694599595384617885e+01
3.448699628465276135e+01,1.689466562025365448e+01
3.450700200057158895e+01,1.812485112711330260e+01
3.452700771649043077e+01,1.908238030951436315e+01
3.454701343240925837e+01,1.908896333066694595e+01
3.456701914832810019e+01,1.922400998341424483e+01
3.458702486424692779e+01,2.081209054444540385e+01
3.460703058016576250e+01,2.041805921348493058e+01
3.462703629608459721e+01,2.145917779606776676e+01
3.464704201200343192e+01,2.167426277159213299e+01
3.466704772792226663e+01,2.247896407670376817e+01
3.468705344384109424e+01,2.331142860329302380e+01
3.470705915975993605e+01,2.395058879883752567e+01
3.472706487567876366e+01,2.581941936278451166e+01
3.474707059159760547e+01,2.611347323657117769e+01
3.476707630751643308e+01,2.775385265662202272e+01
3.478708202343526779e+01,2.810573075904085627e+01
3.480708773935410250e+01,2.946312020829881106e+01
3.482709345527293721e+01,3.018923350811155615e+01
3.484709917119177192e+01,3.191548218873008125e+01
3.486710488711059952e+01,3.296769068497881250e+01
3.488711060302944134e+01,3.310228406253963840e+01
3.490711631894826894e+01,3.462368925101131367e+01
3.492712203486711076e+01,3.484494007704216756e+01
3.494712775078593836e+01,3.593356876795427013e+01
3.496713346670477307e+01,3.594704655706269847e+01
3.498713918262360778e+01,3.538390979427774141e+01
3.500714489854244249e+01,3.549658657146471796e+01
3.502715061446127720e+01,3.584007216939806995e+01
3.504715633038010481e+01,3.403066904788916958e+01
3.506716204629894662e+01,3.259947216152374949e+01
3.508716776221777423e+01,3.212465498857212509e+01
3.510717347813661604e+01,3.029276310177863962e+01
3.512717919405544365e+01,2.848347233225897668e+01
3.514718490997427836e+01,2.672550797803620526e+01
3.516719062589311307e+01,2.405745698555934808e+01
3.518719634181194778e+01,2.223980184998723786e+01
3.520720205773078249e+01,2.111256505586791832e+01
3.522720777364961720e+01,1.939158979671870853e+01
3.524721348956845191e+01,1.806833343683137372e+01
3.526721920548727951e+01,1.647687114833669142e+01
3.528722492140612133e+01,1.538280410004997556e+01
3.530723063732494893e+01,1.416695944616682290e+01
3.532723635324378364e+01,1.334740009421829221e+01
3.534724206916261835e+01,1.192473323060168156e+01
3.536724778508145306e+01,1.065438014530685606e+01
3.538725350100028777e+01,1.030161995409478592e+01
3.540725921691912248e+01,9.503357591509894675e+00
3.542726493283795719e+01,1.040611333872564437e+01
3.544727064875678479e+01,8.452572105702291339e+00
3.546727636467562661e+01,8.725674007787665332e+00
3.548728208059445421e+01,7.575656660587243962e+00
3.550728779651329603e+01,7.983696413695433591e+00
3.552729351243212363e+01,7.973865416292863273e+00
3.554729922835095834e+01,7.668221321455592765e+00
3.556730494426979305e+01,7.571405858337885597e+00
3.558731066018862776e+01,7.708646971083339849e+00
3.560731637610746247e+01,7.302961603775353971e+00
3.562732209202629008e+01,6.813756383560728658e+00
3.564732780794513189e+01,6.605358178395619895e+00
3.566733352386395950e+01,6.343653934408813200e+00
3.568733923978280131e+01,6.702825633354900781e+00
3.570734495570162892e+01,6.270197030164325724e+00
3.572735067162046363e+01,6.226413983335676861e+00
3.574735638753929834e+01,6.712924555551142092e+00
3.576736210345813305e+01,6.245152868005990676e+00
3.578736781937696776e+01,6.604421998604093957e+00
3.580737353529579536e+01,5.650073268277655103e+00
3.582737925121463718e+01,6.031999027246604861e+00
3.584738496713346478e+01,5.356838919331941895e+00
3.586739068305230660e+01,6.016015819608045767e+00
3.588739639897113420e+01,6.144414714760992879e+00
3.590740211488996891e+01,5.617602318178310128e+00
3.592740783080880362e+01,5.771004164109125867e+00
3.594741354672763833e+01,5.815160394417160816e+00
3.596741926264647304e+01,5.918470274402001685e+00
3.598742497856530065e+01,5.675685204423615460e+00
3.600743069448414246e+01,6.408980284324528931e+00
3.602743641040297007e+01,6.579616117626972738e+00
3.604744212632181188e+01,6.289152172648041272e+00
3.606744784224063949e+01,6.231792724690395247e+00
3.608745355815947420e+01,6.920264909970625489e+00
3.610745927407830891e+01,7.228044303880613697e+00
3.612746498999714362e+01,6.957346551825168035e+00
3.614747070591597833e+01,8.445568140242100341e+00
3.616747642183481304e+01,8.601850870353018763e+00
3.618748213775364775e+01,8.048750242005736411e+00
3.620748785367247535e+01,8.979115126932322610e+00
3.622749356959131717e+01,8.946034310921966437e+00
3.624749928551014477e+01,9.214643946824086385e+00
3.626750500142897948e+01,1.003781750418232122e+01
3.628751071734781419e+01,1.029350260435313658e+01
3.630751643326664890e+01,1.040287262750264752e+01
3.632752214918548361e+01,1.085138174473121531e+01
3.634752786510431832e+01,1.148733164342594826e+01
3.636753358102315303e+01,1.164432037484980853e+01
3.638753929694198064e+01,1.176508287573637901e+01
3.640754501286082245e+01,1.217171445080990821e+01
3.642755072877965006e+01,1.318029630617944292e+01
3.644755644469849187e+01,1.408931984696511819e+01
3.646756216061731948e+01,1.398116059363142938e+01
3.648756787653615419e+01,1.450563480096254310e+01
3.650757359245498890e+01,1.490283141239265419e+01
3.652757930837382361e+01,1.595512775948778739e+01
3.654758502429265832e+01,1.662193292541154577e+01
3.656759074021148592e+01,1.578391542845250761e+01
3.658759645613032774e+01,1.651793983790673792e+01
3.660760217204915534e+01,1.738495076321178701e+01
3.662760788796799716e+01,1.697539135180207381e+01
3.664761360388682476e+01,1.744148392808370218e+01
3.666761931980565947e+01,1.725798436042400397e+01
3.668762503572449418e+01,1.713058069424485197e+01
3.670763075164332889e+01,1.779737420188407526e+01
3.672763646756216360e+01,1.759377687382955457e+01
3.674764218348099121e+01,1.688309413057117681e+01
3.676764789939983302e+01,1.626032579798473066e+01
3.678765361531866063e+01,1.665138496250219191e+01
3.680765933123750244e+01,1.573561382136736420e+01
3.682766504715633005e+01,1.568934951722928162e+01
3.684767076307516476e+01,1.554707851274528352e+01
3.686767647899399947e+01,1.501089149102620546e+01
3.688768219491283418e+01,1.465064723936017543e+01
3.690768791083166889e+01,1.417693822150683758e+01
3.692769362675049649e+01,1.414554919658287346e+01
3.694769934266933831e+01,1.349426249074464401e+01
3.696770505858816591e+01,1.397190063628902124e+01
3.698771077450700773e+01,1.277203080175774019e+01
3.700771649042583533e+01,1.163254617019841675e+01
3.702772220634467004e+01,1.166958751231412350e+01
3.704772792226350475e+01,1.089920148797331478e+01
3.706773363818233946e+01,1.077855594414637608e+01
3.708773935410117417e+01,1.039533915876684667e+01
3.710774507002000888e+01,1.013259472441416520e+01
3.712775078593884359e+01,9.864409852918729626e+00
3.714775650185767120e+01,9.687113952201265477e+00
3.716776221777651301e+01,9.283665314401876145e+00
3.718776793369534062e+01,8.937504713406777768e+00
3.720777364961417533e+01,8.401072144756774662e+00
3.722777936553301004e+01,8.760857497156983698e+00
3.724778508145184475e+01,7.445475485382434755e+00
3.726779079737067946e+01,8.314784144519720144e+00
3.728779651328951417e+01,7.301850719599904060e+00
3.730780222920834888e+01,7.596845968840839625e+00
3.732780794512717648e+01,7.082442956456417527e+00
3.734781366104601830e+01,7.084330186649157923e+00
3.736781937696484590e+01,7.779633858113943035e+00
3.738782509288368772e+01,6.504422613308009637e+00
3.740783080880251532e+01,7.533928925143669630e+00
3.742783652472135003e+01,6.727656954454561244e+00
3.744784224064018474e+01,7.073835290896475669e+00
3.746784795655901945e+01,7.357138709968815249e+00
3.748785367247785416e+01,7.640490292590272681e+00
3.750785938839668177e+01,7.491756770867032067e+00
3.752786510431552358e+01,6.428676829244238888e+00
3.754787082023435119e+01,7.812686477585103262e+00
3.756787653615319300e+01,7.886988012585000263e+00
3.758788225207202061e+01,7.230810128173122742e+00
3.760788796799085532e+01,6.596182174817727173e+00
3.762789368390969003e+01,6.734971682236819746e+00
3.764789939982852474e+01,6.125696094994827590e+00
3.766790511574735945e+01,6.555087848773686332e+00
3.768791083166618705e+01,5.969904768870501144e+00
3.770791654758502887e+01,5.690368821297242974e+00
3.772792226350385647e+01,6.244820985226251508e+00
3.774792797942269829e+01,5.939423208075044869e+00
3.776793369534152589e+01,5.460079763165126110e+00
3.778793941126036060e+01,5.333429108879274239e+00
3.780794512717919531e+01,5.997971983294370091e+00
3.782795084309803002e+01,5.371828137184623486e+00
3.784795655901686473e+01,5.599495386105966865e+00
3.786796227493569234e+01,5.801837536269294660e+00
3.788796799085453415e+01,4.423188606797312517e+00
3.790797370677336176e+01,4.162653615324763301e+00
3.792797942269220357e+01,4.426296413701487076e+00
3.794798513861103118e+01,5.483856877263933782e+00
3.796799085452986589e+01,4.579830972451466309e+00
3.798799657044870060e+01,4.811146371368257846e+00
3.800800228636753531e+01,4.476675509240219064e+00
3.802800800228637002e+01,4.233461158730675855e+00
3.804801371820520473e+01,4.256211748114773208e+00
3.806801943412403944e+01,4.876135995753032581e+00
3.808802515004286704e+01,5.259609509243536429e+00
3.810803086596170886e+01,4.828591552038386858e+00
3.812803658188053646e+01,5.058924271533070005e+00
3.814804229779937117e+01,5.404567292948219581e+00
3.816804801371820588e+01,4.349581409323876713e+00
3.818805372963704059e+01,5.820252043032414946e+00
3.820805944555587530e+01,5.210668360242202368e+00
3.822806516147471001e+01,5.494914445163064265e+00
3.824807087739354472e+01,5.148441036436937068e+00
3.826807659331237232e+01,6.689493600030929521e+00
3.828808230923121414e+01,5.766081615938428939e+00
3.830808802515004174e+01,6.287092663475920773e+00
3.832809374106888356e+01,6.787102741963332520e+00
3.834809945698771116e+01,7.550953046128078938e+00
3.836810517290654587e+01,7.554651218790578326e+00
3.838811088882538058e+01,7.895312823881605269e+00
3.840811660474421529e+01,8.178032806601951421e+00
3.842812232066305000e+01,8.411818557934729768e+00
3.844812803658187761e+01,8.841457664146954443e+00
3.846813375250071942e+01,9.211530751193105715e+00
3.848813946841954703e+01,8.993880570850397049e+00
3.850814518433838884e+01,9.511523395941999581e+00
3.852815090025721645e+01,1.025820397447331089e+01
3.854815661617605116e+01,1.101501129323109218e+01
3.856816233209488587e+01,1.021967958919213615e+01
3.858816804801372058e+01,1.089041214005357361e+01
3.860817376393255529e+01,1.205286708509641258e+01
3.862817947985138289e+01,1.170657216346852891e+01
3.864818519577022471e+01,1.182431305924862741e+01
3.866819091168905231e+01,1.246981748021646652e+01
3.868819662760789413e+01,1.183472690568482832e+01
3.870820234352672173e+01,1.233578474750515497e+01
3.872820805944555644e+01,1.238192035552532744e+01
3.874821377536439115e+01,1.144250830442278755e+01
3.876821949128322586e+01,1.057994092377749240e+01
3.878822520720206057e+01,1.131711276801918586e+01
3.880823092312088818e+01,1.065188929203323376e+01
3.882823663903972999e+01,1.090949665811723612e+01
3.884824235495855760e+01,1.114489903005238425e+01
3.886824807087739941e+01,1.117422192987874396e+01
3.888825378679622702e+01,1.045894286584776012e+01
3.890825950271506173e+01,1.132011675754691282e+01
3.892826521863389644e+01,1.163924524454020215e+01
3.894827093455273115e+01,1.097743122549069028e+01
3.896827665047156586e+01,1.143318779137901586e+01
3.898828236639040057e+01,1.274820792169625605e+01
3.900828808230923528e+01,1.298561488055643665e+01
3.902829379822806288e+01,1.375454127416241334e+01
3.904829951414690470e+01,1.415247910946879273e+01
3.906830523006573230e+01,1.505170773544442042e+01
3.908831094598456701e+01,1.574562003348042438e+01
3.910831666190340172e+01,1.668091484099598887e+01
3.912832237782223643e+01,1.746801189435731771e+01
3.914832809374107114e+01,1.740519571573446456e+01
3.916833380965990585e+01,1.853712373703254457e+01
3.918833952557874056e+01,2.032001381466326961e+01
3.920834524149756817e+01,2.021676334169108458e+01
3.922835095741640998e+01,2.075482458980341249e+01
3.924835667333523759e+01,2.172322092138226068e+01
3.926836238925407940e+01,2.265165347669815787e+01
3.928836810517290701e+01,2.281807078757419660e+01
3.930837382109174172e+01,2.310303961541803019e+01
3.932837953701057643e+01,2.295673519232119730e+01
3.934838525292941114e+01,2.242119325272555486e+01
3.936839096884824585e+01,2.185331042821787051e+01
3.938839668476707345e+01,2.124949479661704288e+01
3.940840240068591527e+01,1.981813386095045360e+01
3.942840811660474287e+01,1.960099302000183030e+01
3.944841383252358469e+01,1.759038420721458706e+01
3.946841954844241229e+01,1.721675082478100194e+01
3.948842526436124700e+01,1.557533089167114326e+01
3.950843098028008171e+01,1.401273245393666933e+01
3.952843669619891642e+01,1.280720330642517979e+01
3.954844241211775113e+01,1.099385598706465572e+01
3.956844812803657874e+01,1.003894192345802239e+01
3.958845384395542055e+01,9.667783792595983527e+00
3.960845955987424816e+01,9.429166773293999881e+00
3.962846527579308997e+01,8.351662100639067887e+00
3.964847099171191758e+01,7.325757860342347882e+00
3.966847670763075229e+01,6.278961432041424651e+00
3.968848242354958700e+01,5.709220404399999893e+00
3.970848813946842171e+01,6.171608085346137251e+00
3.972849385538725642e+01,5.891720900611277401e+00
3.974849957130608402e+01,5.563303250319912685e+00
3.976850528722492584e+01,5.375130700789778615e+00
3.978851100314375344e+01,5.067158307432846343e+00
3.980851671906259526e+01,4.811297351763961672e+00
3.982852243498142286e+01,4.197324963904629946e+00
3.984852815090025757e+01,4.846995962249290635e+00
3.986853386681909228e+01,4.866422997616375312e+00
3.988853958273792699e+01,4.528430895418391167e+00
3.990854529865676170e+01,4.543800506948353579e+00
3.992855101457559641e+01,5.185667386162595704e+00
3.994855673049443112e+01,4.778764617218123512e+00
3.996856244641325873e+01,5.191618617954484094e+00
3.998856816233210054e+01,4.596772517252333046e+00
4.000857387825092815e+01,4.527865922153266887e+00
4.002857959416976286e+01,5.118347992264663304e+00
4.004858531008859757e+01,4.625874938579452866e+00
4.006859102600743228e+01,4.991677934325334576e+00
4.008859674192626699e+01,5.272402224154758343e+00
4.010860245784510170e+01,5.130204956979253161e+00
4.012860817376393641e+01,5.861236360437365178e+00
4.014861388968276401e+01,6.136900238350422754e+00
4.016861960560160583e+01,6.316696818819387715e+00
4.018862532152043343e+01,6.462152984650836984e+00
4.020863103743927525e+01,6.358356798455678138e+00
4.022863675335810285e+01,7.149533809135916407e+00
4.024864246927693756e+01,6.400808321848465710e+00
4.026864818519577227e+01,7.291277778073774307e+00
4.028865390111460698e+01,8.369284394483926803e+00
4.030865961703344169e+01,8.563732021222538293e+00
4.032866533295226930e+01,8.643611137213097706e+00
4.034867104887111111e+01,8.780086351125641286e+00
4.036867676478993872e+01,9.719319516908816681e+00
4.038868248070878053e+01,1.089509613484808170e+01
4.040868819662760814e+01,1.054351233899786067e+01
4.042869391254644285e+01,1.077717045312736133e+01
4.044869962846527756e+01,1.221050558020457544e+01
4.046870534438411227e+01,1.170307337202197928e+01
4.048871106030294698e+01,1.299139122034864968e+01
4.050871677622177458e+01,1.292064255059096212e+01
4.052872249214061640e+01,1.302927694702786710e+01
4.054872820805944400e+01,1.328707185256788925e+01
4.056873392397828582e+01,1.402292516141783096e+01
4.058873963989711342e+01,1.349663161190652438e+01
4.060874535581594813e+01,1.383000037708767138e+01
4.062875107173478284e+01,1.257225335545250822e+01
4.064875678765361755e+01,1.313294175808021258e+01
4.066876250357245226e+01,1.264229212716089989e+01
4.068876821949127986e+01,1.200438338404929972e+01
4.070877393541012168e+01,1.144658646524145240e+01
4.072877965132894929e+01,1.048325297781735799e+01
4.074878536724779110e+01,1.016128390351395439e+01
4.076879108316661871e+01,9.085118417186356155e+00
4.078879679908545342e+01,8.638949368353667779e+00
4.080880251500428813e+01,8.295068571179774253e+00
4.082880823092312284e+01,7.851085025427662956e+00
4.084881394684195755e+01,7.279513307024980229e+00
4.086881966276079226e+01,7.178848592379155846e+00
4.088882537867962697e+01,6.963399566538559071e+00
4.090883109459845457e+01,6.569202804020390474e+00
4.092883681051729639e+01,6.745799659307521345e+00
4.094884252643612399e+01,7.356600772605503380e+00
4.096884824235495870e+01,6.234777323334898647e+00
4.098885395827379341e+01,6.507185752013751490e+00
4.100885967419262812e+01,7.450725080864243566e+00
4.102886539011146283e+01,6.712394819420181236e+00
4.104887110603029754e+01,6.343790234510800374e+00
4.106887682194913225e+01,6.791075936858153916e+00
4.108888253786795985e+01,7.412108534062343601e+00
4.110888825378680167e+01,7.475734997083630873e+00
4.112889396970562927e+01,7.741710030735790227e+00
4.114889968562447109e+01,8.232909139199040993e+00
4.116890540154329869e+01,8.707144615721905012e+00
4.118891111746213340e+01,8.833755828835185397e+00
4.120891683338096811e+01,8.934188462100298267e+00
4.122892254929980282e+01,9.093418818208281351e+00
4.124892826521863753e+01,9.075335529940588231e+00
4.126893398113746514e+01,9.442006847278705095e+00
4.128893969705630695e+01,9.786809646319930778e+00
4.130894541297513456e+01,9.796768672693781710e+00
4.132895112889397637e+01,9.826984717113411705e+00
4.134895684481280398e+01,1.032033427157901784e+01
4.136896256073163869e+01,1.063290619940395842e+01
4.138896827665047340e+01,1.064456197078571975e+01
4.140897399256930811e+01,1.060897208295631700e+01
4.142897970848814282e+01,1.054620796429565388e+01
4.144898542440697042e+01,1.127686720310525104e+01
4.146899114032581224e+01,1.071343693806846531e+01
4.148899685624463984e+01,1.116360060907313922e+01
4.150900257216348166e+01,1.114472179767454918e+01
4.152900828808230926e+01,1.134949212133108531e+01
4.154901400400114397e+01,1.098657566334275337e+01
4.156901971991997868e+01,1.090251926253701242e+01
4.158902543583881339e+01,1.022946061228735992e+01
4.160903115175764810e+01,1.048135232917189619e+01
4.162903686767647571e+01,1.055809532649378468e+01
4.164904258359531752e+01,9.928249279815430484e+00
4.166904829951414513e+01,9.583665860510437895e+00
4.168905401543298694e+01,8.893958156884561816e+00
4.170905973135181455e+01,9.539147774742957608e+00
4.172906544727064926e+01,7.831508287044293581e+00
4.174907116318948397e+01,8.671142724710552585e+00
4.176907687910831868e+01,8.386010781634208655e+00
4.178908259502715339e+01,7.913986504713854231e+00
4.180908831094598810e+01,8.133978701333294481e+00
4.182909402686482281e+01,8.424684253123876587e+00
4.184909974278365041e+01,7.560911454893297190e+00
4.186910545870249223e+01,7.787803040951406075e+00
4.188911117462131983e+01,7.023297333936660891e+00
4.190911689054015454e+01,7.438936368674555766e+00
4.192912260645898925e+01,8.599300217429172832e+00
4.194912832237782396e+01,8.349836511396741656e+00
4.196913403829665867e+01,8.259496882742105583e+00
4.198913975421549338e+01,8.594820970766692270e+00
4.200914547013432809e+01,8.164952276776578088e+00
4.202915118605316280e+01,9.407256721704140290e+00
4.204915690197199041e+01,9.138849770239581005e+00
4.206916261789082512e+01,1.057301902589986753e+01
4.208916833380965983e+01,1.045877886818688829e+01
4.210917404972849454e+01,1.114951736556613682e+01
4.212917976564732925e+01,1.202521036580732883e+01
4.214918548156616396e+01,1.249740464330220746e+01
4.216919119748499867e+01,1.317812897422675000e+01
4.218919691340383338e+01,1.490073657689368503e+01
4.220920262932266809e+01,1.528494131574198001e+01
4.222920834524150280e+01,1.645365025923377544e+01
4.224921406116033040e+01,1.656343009071741434e+01
4.226921977707916511e+01,1.790468982172715329e+01
4.228922549299799982e+01,1.946273084777956086e+01
4.230923120891683453e+01,1.990645335430163598e+01
4.232923692483566924e+01,2.086932338784795249e+01
4.234924264075450395e+01,2.199154585764922842e+01
4.236924835667333866e+01,2.256542713464894234e+01
4.238925407259217337e+01,2.247860571036633104e+01
4.240925978851100808e+01,2.305166463084048800e+01
4.242926550442983569e+01,2.166806334375224452e+01
4.244927122034867040e+01,2.161683519656351748e+01
4.246927693626750511e+01,2.085477983266905255e+01
4.248928265218633982e+01,1.984788600799072000e+01
4.250928836810517453e+01,1.865383565236604113e+01
4.252929408402400924e+01,1.791073971954955013e+01
4.254929979994284395e+01,1.721267297133427476e+01
4.256930551586167866e+01,1.615265446016981343e+01
4.258931123178051337e+01,1.494930658741939311e+01
4.260931694769934097e+01,1.358364694027721065e+01
4.262932266361817568e+01,1.227138849285490352e+01
4.264932837953701039e+01,1.174493257854207329e+01
4.266933409545584510e+01,1.091968819017395020e+01
4.268933981137467981e+01,9.820014639358845443e+00
4.270934552729351452e+01,9.390753346724082462e+00
4.272935124321234923e+01,8.817831276868142609e+00
4.274935695913118394e+01,8.786504182348783942e+00
4.276936267505001865e+01,9.885095140580890671e+00
4.278936839096885336e+01,9.184561181110924011e+00
4.280937410688768097e+01,9.302969090985182987e+00
4.282937982280651568e+01,9.302827654432888949e+00
4.284938553872535039e+01,9.454132490710438930e+00
4.286939125464418510e+01,8.696194789879797327e+00
4.288939697056301981e+01,9.764452898114289070e+00
4.290940268648185452e+01,9.937992681971897113e+00
4.292940840240068923e+01,1.010105915877310423e+01
4.294941411831952394e+01,9.484591223526038561e+00
4.296941983423835865e+01,9.755089575541857627e+00
4.298942555015718625e+01,9.813086558281685967e+00
4.300943126607602096e+01,9.606754860843004451e+00
4.302943698199485567e+01,1.046903538235776310e+01
4.304944269791369038e+01,9.580737574937183254e+00
4.306944841383252509e+01,9.829775671860096153e+00
4.308945412975135980e+01,9.912790921525168386e+00
4.310945984567019451e+01,9.442517672168378340e+00
4.312946556158902922e+01,9.700893969781152038e+00
4.314947127750786393e+01,9.200754164156316861e+00
4.316947699342669864e+01,9.597961276197072067e+00
4.318948270934552625e+01,9.414597411181464537e+00
4.320948842526436096e+01,8.236149645404864827e+00
4.322949414118319567e+01,7.827291628397103018e+00
4.324949985710203038e+01,7.719870315863261112e+00
4.326950557302086509e+01,8.121977641341485921e+00
4.328951128893969980e+01,7.316795483172926495e+00
4.330951700485853451e+01,7.729225065063456412e+00
4.332952272077736922e+01,7.594546480097241314e+00
4.334952843669620393e+01,8.137631718057706465e+00
4.336953415261503153e+01,6.337635592315242761e+00
4.338953986853386624e+01,7.239310305236619669e+00
4.340954558445270095e+01,6.749632709987006152e+00
4.342955130037153566e+01,7.535975252031700933e+00
4.344955701629037037e+01,6.321448026452556768e+00
4.346956273220920508e+01,6.674731203486198972e+00
4.348956844812803979e+01,5.948198621343328441e+00
4.350957416404687450e+01,6.280982778849522497e+00
4.352957987996570921e+01,5.350632018262000855e+00
4.354958559588453681e+01,5.917360377666776472e+00
4.356959131180337153e+01,5.621543448678901100e+00
4.358959702772220624e+01,6.038313307781148609e+00
4.360960274364104095e+01,6.323291279924669439e+00
4.362960845955987566e+01,5.725668855611019126e+00
4.364961417547871037e+01,5.399716676101302681e+00
4.366961989139754508e+01,6.097571876302323446e+00
4.368962560731637979e+01,5.000156328993107024e+00
4.370963132323521450e+01,6.139081946791042910e+00
4.372963703915404921e+01,5.292096179527149502e+00
4.374964275507287681e+01,5.703021421041257533e+00
4.376964847099171152e+01,5.656669792132888119e+00
4.378965418691054623e+01,5.488319604836848775e+00
4.380965990282938094e+01,5.688525759974789153e+00
4.382966561874821565e+01,6.480924536907023636e+00
4.384967133466705036e+01,5.312345882537855779e+00
4.386967705058588507e+01,5.890132251337705682e+00
4.388968276650471978e+01,6.398606162770152039e+00
4.390968848242355449e+01,5.740429156632098184e+00
4.392969419834238209e+01,5.938882870304222017e+00
4.394969991426121680e+01,6.662021380851363972e+00
4.396970563018005151e+01,6.866469739513678228e+00
4.398971134609888622e+01,6.148143014268629081e+00
4.400971706201772093e+01,6.259216353958117374e+00
4.402972277793655564e+01,6.750822928805125578e+00
4.404972849385539035e+01,7.319084217349823618e+00
4.406973420977422506e+01,7.971124876008496507e+00
4.408973992569305977e+01,8.218584434978172482e+00
4.410974564161189448e+01,7.739117549180363653e+00
4.412975135753072209e+01,8.553475379357344366e+00
4.414975707344955680e+01,8.695742383743999326e+00
4.416976278936839151e+01,8.122945045880602066e+00
4.418976850528722622e+01,7.579716518512625179e+00
4.420977422120606093e+01,7.481326226427485793e+00
4.422977993712489564e+01,7.637121155681500184e+00
4.424978565304373035e+01,7.675804533221266546e+00
4.426979136896256506e+01,8.281038979440896952e+00
4.428979708488139977e+01,7.971891723526188578e+00
4.430980280080022737e+01,7.813999794794653120e+00
4.432980851671906208e+01,8.331424837876721057e+00
4.434981423263789679e+01,8.654334011550597339e+00
4.436981994855673150e+01,8.015854194771330654e+00
4.438982566447556621e+01,8.470858094310814934e+00
4.440983138039440092e+01,7.719684926991761564e+00
4.442983709631323563e+01,7.819230256048339989e+00
4.444984281223207034e+01,8.086190950009942924e+00
4.446984852815090505e+01,7.761346922410165661e+00
4.448985424406973266e+01,7.533438174970716439e+00
4.450985995998856737e+01,7.734053395032169931e+00
4.452986567590740208e+01,7.327243793025472129e+00
4.454987139182623679e+01,7.801568949045974755e+00
4.456987710774507150e+01,7.904171933331504363e+00
4.458988282366390621e+01,8.314240094743025722e+00
4.460988853958274092e+01,7.970799794159088236e+00
4.462989425550157563e+01,8.393032710813091768e+00
4.464989997142041034e+01,8.503304151409247780e+00
4.466990568733924505e+01,8.407995596805101002e+00
4.468991140325807265e+01,1.001776521601520287e+01
4.470991711917690736e+01,9.673279504157807906e+00
4.472992283509574207e+01,9.858308701359124626e+00
4.474992855101457678e+01,1.116895927498632801e+01
4.476993426693341149e+01,1.099202968325065655e+01
4.478993998285224620e+01,1.150099616889450616e+01
4.480994569877108091e+01,1.134275959316578053e+01
4.482995141468991562e+01,1.200924672884034194e+01
4.484995713060875033e+01,1.180500887761978035e+01
4.486996284652757794e+01,1.125166989989573096e+01
4.488996856244641265e+01,1.142986954797511778e+01
4.490997427836524736e+01,1.261849540512699797e+01
4.492997999428408207e+01,1.121775924500116162e+01
4.494998571020291678e+01,1.227558892922523981e+01
4.496999142612175149e+01,1.185539556618216750e+01
4.498999714204058620e+01,1.102876924511892121e+01
4.501000285795942091e+01,1.075484877329062172e+01
4.503000857387825562e+01,1.061336485874960189e+01
4.505001428979709033e+01,9.345013057518729127e+00
4.507002000571591793e+01,8.353421080097207962e+00
4.509002572163475264e+01,8.342560243083596561e+00
4.511003143755358735e+01,7.523106829032603748e+00
4.513003715347242206e+01,7.789680731718795492e+00
4.515004286939125677e+01,7.392259482294139872e+00
4.517004858531009148e+01,6.454738019737360055e+00
4.519005430122892619e+01,6.680448757491511458e+00
4.521006001714776090e+01,5.710854450998356313e+00
4.523006573306659561e+01,6.464434074800669450e+00
4.525007144898542322e+01,5.324451978297361165e+00
4.527007716490425793e+01,5.340417015779222787e+00
4.529008288082309264e+01,5.135880512010240651e+00
4.531008859674192735e+01,4.712798366715942322e+00
4.533009431266076206e+01,5.053420271482308657e+00
4.535010002857959677e+01,4.846141591372427726e+00
4.537010574449843148e+01,5.393476224283431542e+00
4.539011146041726619e+01,4.862235579519358808e+00
4.541011717633610090e+01,4.658988030437473782e+00
4.543012289225492850e+01,3.865558321338020686e+00
4.545012860817376321e+01,5.006253763158523995e+00
4.547013432409259792e+01,5.042491564956431915e+00
4.549014004001143263e+01,3.813219310347615743e+00
4.551014575593026734e+01,4.374251280962162092e+00
4.553015147184910205e+01,3.962574424853359645e+00
4.555015718776793676e+01,4.721154302688422177e+00
4.557016290368677147e+01,4.551545849041422009e+00
4.559016861960560618e+01,4.715739874385628028e+00
4.561017433552444089e+01,4.745712390641277700e+00
4.563018005144326850e+01,4.718238307062054382e+00
4.565018576736210321e+01,5.412763566722702535e+00
4.567019148328093792e+01,4.646037181891080614e+00
4.569019719919977263e+01,5.542860332264149648e+00
4.571020291511860734e+01,5.095262664631301064e+00
4.573020863103744205e+01,5.101483075683390211e+00
4.575021434695627676e+01,4.487304415905600585e+00
4.577022006287511147e+01,4.222732224171791060e+00
4.579022577879394618e+01,4.546577360764568532e+00
4.581023149471277378e+01,5.675807095840446515e+00
4.583023721063160849e+01,4.761814875555121063e+00
4.585024292655044320e+01,4.397551863373459824e+00
4.587024864246927791e+01,4.879954991262546393e+00
4.589025435838811262e+01,5.067062664850702447e+00
4.591026007430694733e+01,5.029573714271005969e+00
4.593026579022578204e+01,5.104914868072095047e+00
4.595027150614461675e+01,5.954893128496982158e+00
4.597027722206345146e+01,5.006419973449911076e+00
4.599028293798228617e+01,5.064019697515699470e+00
4.601028865390111378e+01,5.205693096816665033e+00
4.603029436981994849e+01,4.744175962947680958e+00
4.605030008573878320e+01,4.412528501171297357e+00
4.607030580165761791e+01,4.574138776987996202e+00
4.609031151757645262e+01,4.476574086034139199e+00
4.611031723349528733e+01,5.130966119683143312e+00
4.613032294941412204e+01,5.111666638159144682e+00
4.615032866533295675e+01,4.698663764108957253e+00
4.617033438125179146e+01,4.804235537934217426e+00
4.619034009717061906e+01,5.052688521357140417e+00
4.621034581308945377e+01,5.469771351352408217e+00
4.623035152900828848e+01,6.078201631938934923e+00
4.625035724492712319e+01,5.574465651113824194e+00
4.627036296084595790e+01,5.601167125971089789e+00
4.629036867676479261e+01,6.146593258686730010e+00
4.631037439268362732e+01,5.774951443824893005e+00
4.633038010860246203e+01,5.644987836619830723e+00
4.635038582452129674e+01,6.107473118570424298e+00
4.637039154044012434e+01,6.098658115780185796e+00
4.639039725635895905e+01,6.160511310836071175e+00
4.641040297227779376e+01,6.592486367225115274e+00
4.643040868819662847e+01,6.707611541546445011e+00
4.645041440411546319e+01,7.095869733991790440e+00
4.647042012003429790e+01,7.592552231885708380e+00
4.649042583595313261e+01,7.072136843673064277e+00
4.651043155187196732e+01,6.706858978285091588e+00
4.653043726779080203e+01,7.081594600525063399e+00
4.655044298370963674e+01,7.014993549216917756e+00
4.657044869962846434e+01,7.310672189580504465e+00
4.659045441554729905e+01,7.147262826287891002e+00
4.661046013146613376e+01,6.659285900650398382e+00
4.663046584738496847e+01,7.337595017568508737e+00
4.665047156330380318e+01,7.180953395326529431e+00
4.667047727922263789e+01,6.831039948013144070e+00
4.669048299514147260e+01,7.110522358186864622e+00
4.671048871106030731e+01,6.278528033276495002e+00
4.673049442697914202e+01,6.799609280283295476e+00
4.675050014289796962e+01,7.339267672062122827e+00
4.677050585881680433e+01,6.765853496822339608e+00
4.679051157473563904e+01,7.216146398002373452e+00
4.681051729065447375e+01,7.108126402316280235e+00
4.683052300657330846e+01,7.167501864924474830e+00
4.685052872249214317e+01,7.609396779490543494e+00
4.687053443841097788e+01,7.856805784890037003e+00
4.689054015432981259e+01,7.033458192667424669e+00
4.691054587024864730e+01,7.990147190770631624e+00
4.693055158616748201e+01,7.256158085113318279e+00
4.695055730208630962e+01,7.090122352866304212e+00
4.697056301800514433e+01,7.700781665866774262e+00
4.699056873392397904e+01,7.658316598328974933e+00
4.701057444984281375e+01,7.615715497164048386e+00
4.703058016576164846e+01,8.312775353599588968e+00
4.705058588168048317e+01,8.395439725953979249e+00
4.707059159759931788e+01,7.786217450412496355e+00
4.709059731351815259e+01,8.267025034769861946e+00
4.711060302943698730e+01,9.247701294701453634e+00
4.713060874535581490e+01,8.449084929872894278e+00
4.715061446127464961e+01,9.476828985594039523e+00
4.717062017719348432e+01,9.723131895012370407e+00
4.719062589311231903e+01,8.867862383295673112e+00
4.721063160903115374e+01,9.878366764127415323e+00
4.723063732494998845e+01,1.058412945369797420e+01
4.725064304086882316e+01,1.147109276315686799e+01
4.727064875678765787e+01,1.169823052822569664e+01
4.729065447270649258e+01,1.127361375653267928e+01
4.731066018862532019e+01,1.286699954594156381e+01
4.733066590454415490e+01,1.331652016654327753e+01
4.735067162046298961e+01,1.328341219018801844e+01
4.737067733638182432e+01,1.421462556333067084e+01
4.739068305230065903e+01,1.515841977768704396e+01
4.741068876821949374e+01,1.606262481314076851e+01
4.743069448413832845e+01,1.660568634472033622e+01
4.745070020005716316e+01,1.806165397854158883e+01
4.747070591597599787e+01,1.790454317946242568e+01
4.749071163189483258e+01,1.941370073842326960e+01
4.751071734781366018e+01,2.072586357053536688e+01
4.753072306373249489e+01,2.145048428868414092e+01
4.755072877965132960e+01,2.254012614791752256e+01
4.757073449557016431e+01,2.324604714535319161e+01
4.759074021148899902e+01,2.516020874580530631e+01
4.761074592740783373e+01,2.597266158917921786e+01
4.763075164332666844e+01,2.618195342877088549e+01
4.765075735924550315e+01,2.812054857235134975e+01
4.767076307516433786e+01,2.875429008975932277e+01
4.769076879108316547e+01,2.939716457411805806e+01
4.771077450700200018e+01,3.013791579291856593e+01
4.773078022292083489e+01,3.014337529525163717e+01
4.775078593883966960e+01,3.110998979712273282e+01
4.777079165475850431e+01,3.190693032498736059e+01
4.779079737067733902e+01,3.138239928321768701e+01
4.781080308659617373e+01,3.070031819978136767e+01
4.783080880251500844e+01,3.135254013836315679e+01
4.785081451843384315e+01,2.981274933968201424e+01
4.787082023435267075e+01,2.882231153916919553e+01
4.789082595027150546e+01,2.822379122018230646e+01
4.791083166619034017e+01,2.737435243021756293e+01
4.793083738210917488e+01,2.725722397940788966e+01
4.795084309802800959e+01,2.600040499635855795e+01
4.797084881394684430e+01,2.413986805570050009e+01
4.799085452986567901e+01,2.291775259257664743e+01
4.801086024578451372e+01,2.167623565914164274e+01
4.803086596170334843e+01,2.018185869767952312e+01
4.805087167762218314e+01,1.927056337672015474e+01
4.807087739354101075e+01,1.792054206091911084e+01
4.809088310945984546e+01,1.752160257315202330e+01
4.811088882537868017e+01,1.649849494631130042e+01
4.813089454129751488e+01,1.469292362853349765e+01
4.815090025721634959e+01,1.415283250569477147e+01
4.817090597313518430e+01,1.383533158826079124e+01
4.819091168905401901e+01,1.185294300452666860e+01
4.821091740497285372e+01,1.173746392732174115e+01
4.823092312089168843e+01,1.068663870534747318e+01
4.825092883681051603e+01,1.020744644457296957e+01
4.827093455272935074e+01,9.842842655269549823e+00
4.829094026864818545e+01,8.348878644488086920e+00
4.831094598456702016e+01,9.167539236877225051e+00
4.833095170048585487e+01,8.596632431216463033e+00
4.835095741640468958e+01,8.131102702191737919e+00
4.837096313232352429e+01,7.725005398911976684e+00
4.839096884824235900e+01,7.137639096586473997e+00
4.841097456416119371e+01,6.239570888852647101e+00
4.843098028008002842e+01,6.550982540346034888e+00
4.845098599599885603e+01,6.345957277682741093e+00
4.847099171191769074e+01,5.413236556989176940e+00
4.849099742783652545e+01,5.780690803823290480e+00
4.851100314375536016e+01,5.360287198842328849e+00
4.853100885967419487e+01,4.867068829488292891e+00
4.855101457559302958e+01,5.319112283666290075e+00
4.857102029151186429e+01,5.762429542703276120e+00
4.859102600743069900e+01,6.008319584958886850e+00
4.861103172334953371e+01,5.527909174184640229e+00
4.863103743926836131e+01,4.918525941775818922e+00
4.865104315518719602e+01,5.697999912671821932e+00
4.867104887110603073e+01,6.168104386109365400e+00
4.869105458702486544e+01,5.603971381239378324e+00
4.871106030294370015e+01,5.200930200967611938e+00
4.873106601886253486e+01,5.651318852594348741e+00
4.875107173478136957e+01,5.357406081078737614e+00
4.877107745070020428e+01,5.658095449204296301e+00
4.879108316661903899e+01,4.879326438547436418e+00
4.881108888253786660e+01,5.763570912663376511e+00
4.883109459845670131e+01,5.616091716605158268e+00
4.885110031437553602e+01,5.090302962895743022e+00
4.887110603029437073e+01,5.278261531202658396e+00
4.889111174621320544e+01,6.490990408120172361e+00
4.891111746213204015e+01,6.433904046192172821e+00
4.893112317805087486e+01,6.692102694120144690e+00
4.895112889396970957e+01,6.275875664690396150e+00
4.897113460988854428e+01,7.666151730804787512e+00
4.899114032580737899e+01,7.311811447520541130e+00
4.901114604172620659e+01,8.659024764550505182e+00
4.903115175764504130e+01,8.602040438344648265e+00
4.905115747356387601e+01,9.472330802356482948e+00
4.907116318948271072e+01,1.012566756044841298e+01
4.909116890540154543e+01,1.019204859152342202e+01
4.911117462132038014e+01,1.158207930220784121e+01
4.913118033723921485e+01,1.162728039393021717e+01
4.915118605315804956e+01,1.240448319561656554e+01
4.917119176907688427e+01,1.288173714115227675e+01
4.919119748499571187e+01,1.412672140839471524e+01
4.921120320091454658e+01,1.512986170882444625e+01
4.923120891683338129e+01,1.569062328577146559e+01
4.925121463275221600e+01,1.638995751145855451e+01
4.927122034867105071e+01,1.689528196889948219e+01
4.929122606458988542e+01,1.724513212469445378e+01
4.931123178050872014e+01,1.728237264540757323e+01
4.933123749642755485e+01,1.792074256381560815e+01
4.935124321234638956e+01,1.720377404389493137e+01
4.937124892826522427e+01,1.714443275509779951e+01
4.939125464418405187e+01,1.645864413051276287e+01
4.941126036010288658e+01,1.625024773213955598e+01
4.943126607602172129e+01,1.573969287735457279e+01
4.945127179194055600e+01,1.587044152845922618e+01
4.947127750785939071e+01,1.446324715275148876e+01
4.949128322377822542e+01,1.442832664868918258e+01
4.951128893969706013e+01,1.326992214010007487e+01
4.953129465561589484e+01,1.318800731771336032e+01
4.955130037153472955e+01,1.297901557785628768e+01
4.957130608745355715e+01,1.324264964605997719e+01
4.959131180337239186e+01,1.258476926437796095e+01
4.961131751929122657e+01,1.227036067179275314e+01
4.963132323521006128e+01,1.286718474111109956e+01
4.965132895112889599e+01,1.351302858410089058e+01
4.967133466704773070e+01,1.415633131365775910e+01
4.969134038296656541e+01,1.377589082596413661e+01
4.971134609888540012e+01,1.451886682608701662e+01
4.973135181480423483e+01,1.413608068432417753e+01
4.975135753072306244e+01,1.524573369542903478e+01
4.977136324664189715e+01,1.473323297454283853e+01
4.979136896256073186e+01,1.520990963182558886e+01
4.981137467847956657e+01,1.507043245546328691e+01
4.983138039439840128e+01,1.605301202474744571e+01
4.985138611031723599e+01,1.602321747782681882e+01
4.987139182623607070e+01,1.594785181294777487e+01
4.989139754215490541e+01,1.545431766519758554e+01
4.991140325807374012e+01,1.489678732661673877e+01
4.993140897399257483e+01,1.514366830342926207e+01
4.995141468991140243e+01,1.464725512000455332e+01
4.997142040583023714e+01,1.354044448277025836e+01
4.999142612174907185e+01,1.335075764633025130e+01
5.001143183766790656e+01,1.248648066455619343e+01
5.003143755358674127e+01,1.112099495698710605e+01
5.005144326950557598e+01,1.089529713090096230e+01
5.007144898542441069e+01,9.863310084760518848e+00
5.009145470134324540e+01,8.990687158315493477e+00
5.011146041726208011e+01,8.975836845398131203e+00
5.013146613318090772e+01,7.589177095014914443e+00
5.015147184909974243e+01,7.492862239706673755e+00
5.017147756501857714e+01,7.658336901769491334e+00
5.019148328093741185e+01,6.626414483973132263e+00
5.021148899685624656e+01,6.643189145953921404e+00
5.023149471277508127e+01,7.056554464142347882e+00
5.025150042869391598e+01,6.916849752540398022e+00
5.027150614461275069e+01,5.781936588062070115e+00
5.029151186053158540e+01,6.255291529885507629e+00
5.031151757645042011e+01,6.688588755494516924e+00
5.033152329236924771e+01,6.047795400614942807e+00
5.035152900828808242e+01,5.813113835886387193e+00
5.037153472420691713e+01,6.164165382357593259e+00
5.039154044012575184e+01,5.955369762365214648e+00
5.041154615604458655e+01,6.336631558573547096e+00
5.043155187196342126e+01,5.839215261633429854e+00
5.045155758788225597e+01,6.266023383085016718e+00
5.047156330380109068e+01,5.027388123108444518e+00
5.049156901971992539e+01,5.533775960003658234e+00
5.051157473563875300e+01,5.437910376237035770e+00
5.053158045155758771e+01,5.236208022568679787e+00
5.055158616747642242e+01,4.186527293844362063e+00
5.057159188339525713e+01,5.021404269340202120e+00
5.059159759931409184e+01,4.880181749470382968e+00
5.061160331523292655e+01,4.963874702052180510e+00
5.063160903115176126e+01,4.286167718628983714e+00
5.065161474707059597e+01,3.594434475761012493e+00
5.067162046298943068e+01,4.169267573986017439e+00
5.069162617890825828e+01,4.221898386365996458e+00
5.071163189482709299e+01,4.355836782720692746e+00
5.073163761074592770e+01,4.422668518397685489e+00
5.075164332666476241e+01,4.435231369102581311e+00
5.077164904258359712e+01,3.662735156264676384e+00
5.079165475850243183e+01,3.615739044404109315e+00
5.081166047442126654e+01,3.605988537707720987e+00
5.083166619034010125e+01,4.418323582678491235e+00
5.085167190625893596e+01,4.170973318394684881e+00
5.087167762217777067e+01,4.467989986346081466e+00
5.089168333809659828e+01,3.352156329169403648e+00
5.091168905401543299e+01,3.623164630576347633e+00
5.093169476993426770e+01,4.536104725892474931e+00
5.095170048585310241e+01,4.387457891982563751e+00
5.097170620177193712e+01,4.011940934518000823e+00
5.099171191769077183e+01,4.400708033141701669e+00
5.101171763360960654e+01,4.599691193156334457e+00
5.103172334952844125e+01,3.935763448184279589e+00
5.105172906544727596e+01,4.071187248830375971e+00
5.107173478136610356e+01,4.257107250990044278e+00
5.109174049728493827e+01,4.044577428367251315e+00
5.111174621320377298e+01,4.444160946839527782e+00
5.113175192912260769e+01,4.351229732955028240e+00
5.115175764504144240e+01,3.731498233852432733e+00
5.117176336096027711e+01,4.701408535702273461e+00
5.119176907687911182e+01,4.503501149932159109e+00
5.121177479279794653e+01,4.906464547592708669e+00
5.123178050871678124e+01,5.596725780298379860e+00
5.125178622463561595e+01,5.278179407290277680e+00
5.127179194055444356e+01,5.271785715171813713e+00
5.129179765647327827e+01,5.022208041247087529e+00
5.131180337239211298e+01,4.534974371347376909e+00
5.133180908831094769e+01,5.652765683611183256e+00
5.135181480422978240e+01,5.623595320738520975e+00
5.137182052014861711e+01,6.147871155379236896e+00
5.139182623606745182e+01,5.980809631689510297e+00
5.141183195198628653e+01,6.775505667422433653e+00
5.143183766790512124e+01,6.516683415390982503e+00
5.145184338382394884e+01,6.499540262050358841e+00
5.147184909974278355e+01,7.546753032691137619e+00
5.149185481566161826e+01,7.972381139009013573e+00
5.151186053158045297e+01,8.420708489463532231e+00
5.153186624749928768e+01,8.796765063237701909e+00
5.155187196341812239e+01,8.648398169982177919e+00
5.157187767933695710e+01,9.467435123166529465e+00
5.159188339525579181e+01,9.995528861775515139e+00
5.161188911117462652e+01,1.057139982174127546e+01
5.163189482709345413e+01,1.027610879789459197e+01
5.165190054301228884e+01,1.104981464242567313e+01
5.167190625893112355e+01,1.046479305154659478e+01
5.169191197484995826e+01,1.170373627944292672e+01
5.171191769076879297e+01,1.196216099631404006e+01
5.173192340668762768e+01,1.131603590680420623e+01
5.175192912260646239e+01,1.136106829878010949e+01
5.177193483852529710e+01,1.195131626622472965e+01
5.179194055444413181e+01,1.062460525186378923e+01
5.181194627036296652e+01,1.020345809982123164e+01
5.183195198628179412e+01,1.040982048183356135e+01
5.185195770220062883e+01,1.033100524431936051e+01
5.187196341811946354e+01,1.053266182041139665e+01
5.189196913403829825e+01,9.705742864531856640e+00
5.191197484995713296e+01,8.917490039868150475e+00
5.193198056587596767e+01,9.151409667343662235e+00
5.195198628179480238e+01,9.124445456779266550e+00
5.197199199771363709e+01,8.026189197027310485e+00
5.199199771363247180e+01,7.841995756131865392e+00
5.201200342955129940e+01,7.396036504896509101e+00
5.203200914547013411e+01,7.271376338031778630e+00
5.205201486138896882e+01,6.558460197847642448e+00
5.207202057730780353e+01,6.688875835283273119e+00
5.209202629322663824e+01,5.881506517742391082e+00
5.211203200914547295e+01,6.659960741505894788e+00
5.213203772506430766e+01,6.298426163832528957e+00
5.215204344098314237e+01,6.814259334581476146e+00
5.217204915690197708e+01,5.757077813113944842e+00
5.219205487282081180e+01,6.510649631071253829e+00
5.221206058873963940e+01,6.305143397762321023e+00
5.223206630465847411e+01,6.898038503222594819e+00
5.225207202057730882e+01,6.225762246020012824e+00
5.227207773649614353e+01,6.808738767216603094e+00
5.229208345241497824e+01,7.144399903629304660e+00
5.231208916833381295e+01,6.713800143464387027e+00
5.233209488425264766e+01,6.598085397249921158e+00
5.235210060017148237e+01,6.933928793989782235e+00
5.237210631609031708e+01,7.170899599850899087e+00
5.239211203200914468e+01,7.759475940221006063e+00
5.241211774792797939e+01,7.814724053166690609e+00
5.243212346384681410e+01,7.664024078590754741e+00
5.245212917976564881e+01,8.130689988698415860e+00
5.247213489568448352e+01,8.224268935749634579e+00
5.249214061160331823e+01,8.849947898754983555e+00
5.251214632752215294e+01,9.009016199008732073e+00
5.253215204344098765e+01,8.860456451372352049e+00
5.255215775935982236e+01,9.785567364999646855e+00
5.257216347527864997e+01,9.482656509415303248e+00
5.259216919119748468e+01,9.712114403399741747e+00
5.261217490711631939e+01,9.710452519103112579e+00
5.263218062303515410e+01,1.001441940229517868e+01
5.265218633895398881e+01,1.094747122313890308e+01
5.267219205487282352e+01,1.107828680712973579e+01
5.269219777079165823e+01,1.036506924601553159e+01
5.271220348671049294e+01,1.095285861734076249e+01
5.273220920262932765e+01,1.040975772447376713e+01
5.275221491854816236e+01,1.103587364932929660e+01
5.277222063446698996e+01,1.162606387934298802e+01
5.279222635038582467e+01,1.027479382623186410e+01
5.281223206630465938e+01,1.145408149193107761e+01
5.283223778222349409e+01,1.178159542109861491e+01
5.285224349814232880e+01,1.173166161718857836e+01
5.287224921406116351e+01,1.269927301171045109e+01
5.289225492997999822e+01,1.214890937773708401e+01
5.291226064589883293e+01,1.221124052575921937e+01
5.293226636181766764e+01,1.217455345859266025e+01
5.295227207773649525e+01,1.273289592492199596e+01
5.297227779365532996e+01,1.408608273255730303e+01
5.299228350957416467e+01,1.433015272784095373e+01
5.301228922549299938e+01,1.449312922027157136e+01
5.303229494141183409e+01,1.409504592489534502e+01
5.305230065733066880e+01,1.487933284763116681e+01
5.307230637324950351e+01,1.646344835029576359e+01
5.309231208916833822e+01,1.721724229700535247e+01
5.311231780508717293e+01,1.624288110096093973e+01
5.313232352100600764e+01,1.782099664134089778e+01
5.315232923692483524e+01,1.804567988671418632e+01
5.317233495284366995e+01,1.835127358915763551e+01
5.319234066876250466e+01,1.912041783859531563e+01
5.321234638468133937e+01,1.964199300803797854e+01
5.323235210060017408e+01,1.932575209139868022e+01
5.325235781651900879e+01,2.055347479770303210e+01
5.327236353243784350e+01,1.997001635014674292e+01
5.329236924835667821e+01,2.019757471808506466e+01
5.331237496427551292e+01,1.934845260269808165e+01
5.333238068019434053e+01,1.888683601652574495e+01
5.335238639611317524e+01,1.953072379138912140e+01
5.337239211203200995e+01,1.831958469704217762e+01
5.339239782795084466e+01,1.760115683543408949e+01
5.341240354386967937e+01,1.821376830604950925e+01
5.343240925978851408e+01,1.746185612608657323e+01
5.345241497570734879e+01,1.618599634882978222e+01
5.347242069162618350e+01,1.547543682377593832e+01
5.349242640754501821e+01,1.415110207146864063e+01
5.351243212346384581e+01,1.405014528245286343e+01
5.353243783938268052e+01,1.283544922964515678e+01
5.355244355530151523e+01,1.204965213464019413e+01
5.357244927122034994e+01,1.228125414471255894e+01
5.359245498713918465e+01,1.152446474143920696e+01
5.361246070305801936e+01,1.094055030610366153e+01
5.363246641897685407e+01,9.701137089424033633e+00
5.365247213489568878e+01,9.846865108679835998e+00
5.367247785081452349e+01,8.979730681352608102e+00
5.369248356673335820e+01,8.994897671811148854e+00
5.371248928265218581e+01,9.140835453814265321e+00
5.373249499857102052e+01,8.508589967667237630e+00
5.375250071448985523e+01,8.179183524739691791e+00
5.377250643040868994e+01,7.840345192282691222e+00
5.379251214632752465e+01,7.819998938894191731e+00
5.381251786224635936e+01,6.781657374041543562e+00
5.383252357816519407e+01,7.360059024551423690e+00
5.385252929408402878e+01,6.769122094817122459e+00
5.387253501000286349e+01,7.501936883736901152e+00
5.389254072592169109e+01,6.415217263003262893e+00
5.391254644184052580e+01,7.228630174558530186e+00
5.393255215775936051e+01,6.499200780305542935e+00
5.395255787367819522e+01,6.882341171785406608e+00
5.397256358959702993e+01,6.951454061358831815e+00
5.399256930551586464e+01,7.138331724242865661e+00
5.401257502143469935e+01,7.354652961080886620e+00
5.403258073735353406e+01,6.821424230294485191e+00
5.405258645327236877e+01,6.875404197704261477e+00
5.407259216919120348e+01,7.293258381938838575e+00
5.409259788511003109e+01,6.830353402736452750e+00
5.411260360102886580e+01,7.367741372036070935e+00
5.413260931694770051e+01,7.251957765714402093e+00
5.415261503286653522e+01,7.288096936809041360e+00
5.417262074878536993e+01,6.915498683432627303e+00
5.419262646470420464e+01,8.230645676822994972e+00
5.421263218062303935e+01,8.296111765589238018e+00
5.423263789654187406e+01,8.240976930427832414e+00
5.425264361246070877e+01,8.427875941226643519e+00
5.427264932837953637e+01,8.766678975927774786e+00
5.429265504429837108e+01,8.376465406668970104e+00
5.431266076021720579e+01,8.483441337561812290e+00
5.433266647613604050e+01,9.256558035271298834e+00
5.435267219205487521e+01,9.467087929338296348e+00
5.437267790797370992e+01,9.937771719374453028e+00
5.439268362389254463e+01,1.021733921446297977e+01
5.441268933981137934e+01,1.041067932673176699e+01
5.443269505573021405e+01,1.061504577818242900e+01
5.445270077164904166e+01,1.064044364461993375e+01
5.447270648756787637e+01,1.047115332369449447e+01
5.449271220348671108e+01,1.082919797578521326e+01
5.451271791940554579e+01,1.124516465089142336e+01
5.453272363532438050e+01,1.190011914584716379e+01
5.455272935124321521e+01,1.276838009812489005e+01
5.457273506716204992e+01,1.298984232228600533e+01
5.459274078308088463e+01,1.270738606102831625e+01
5.461274649899971934e+01,1.349077980452185344e+01
5.463275221491855405e+01,1.325415851845292181e+01
5.465275793083738165e+01,1.332881525619286833e+01
5.467276364675621636e+01,1.420549925842574623e+01
5.469276936267505107e+01,1.367022385881174174e+01
5.471277507859388578e+01,1.372528780916868385e+01
5.473278079451272049e+01,1.332208789616377942e+01
5.475278651043155520e+01,1.306204509089855748e+01
5.477279222635038991e+01,1.301745238471870536e+01
5.479279794226922462e+01,1.220283257830119616e+01
5.481280365818805933e+01,1.238215276301796308e+01
5.483280937410688693e+01,1.121135232768820700e+01
5.485281509002572164e+01,1.123278179103766661e+01
5.487282080594455635e+01,1.116810709620254372e+01
5.489282652186339106e+01,1.108379803995575941e+01
5.491283223778222577e+01,1.033815228788164831e+01
5.493283795370106048e+01,1.002287568589785849e+01
5.495284366961989519e+01,9.367072064776413853e+00
5.497284938553872990e+01,9.814756992487156495e+00
5.499285510145756461e+01,9.632567565071109783e+00
5.501286081737639222e+01,9.794090203224721236e+00
5.503286653329522693e+01,9.048021328467990898e+00
5.505287224921406164e+01,9.324452945510964597e+00
5.507287796513289635e+01,9.759630858884065674e+00
5.509288368105173106e+01,9.705107115400871010e+00
5.511288939697056577e+01,9.333676124295458010e+00
5.513289511288940048e+01,9.472469463722033467e+00
5.515290082880823519e+01,9.555845862624465781e+00
5.517290654472706990e+01,9.597026270483722143e+00
5.519291226064590461e+01,9.634394460339960276e+00
5.521291797656473221e+01,9.129534353690523574e+00
5.523292369248356692e+01,9.694528448849045077e+00
5.525292940840240163e+01,8.875548178272024913e+00
5.527293512432123634e+01,9.793546571330427497e+00
5.529294084024007105e+01,9.551679896683978654e+00
5.531294655615890576e+01,9.504174597731525509e+00
5.533295227207774047e+01,9.569059707317446595e+00
5.535295798799657518e+01,8.730796530749532991e+00
5.537296370391540989e+01,8.722113592220816614e+00
5.539296941983423750e+01,9.189612508442174033e+00
5.541297513575307221e+01,8.521498320050600483e+00
5.543298085167190692e+01,7.860730818176048906e+00
5.545298656759074163e+01,7.871989128155949089e+00
5.547299228350957634e+01,8.052070049261157436e+00
5.549299799942841105e+01,9.013680859396609790e+00
5.551300371534724576e+01,8.232654069051477563e+00
5.553300943126608047e+01,7.472698162047500148e+00
5.555301514718491518e+01,7.945949399275463954e+00
5.557302086310374989e+01,7.765297627530275193e+00
5.559302657902257749e+01,8.269730625843333627e+00
5.561303229494141220e+01,8.903124585994810047e+00
5.563303801086024691e+01,7.933038458059495923e+00
5.565304372677908162e+01,8.878488962594069278e+00
5.567304944269791633e+01,8.517735080058363550e+00
5.569305515861675104e+01,8.749599930501950951e+00
5.571306087453558575e+01,9.059925593677222722e+00
5.573306659045442046e+01,9.220230538710822543e+00
5.575307230637325517e+01,9.139720302569257271e+00
5.577307802229208278e+01,1.034456353974702125e+01
5.579308373821091749e+01,1.109490319547953163e+01
5.581308945412975220e+01,1.051857802451911184e+01
5.583309517004858691e+01,1.077529316553717464e+01
5.585310088596742162e+01,1.140915180282248187e+01
5.587310660188625633e+01,1.131724880407989886e+01
5.589311231780509104e+01,1.315504836101364639e+01
5.591311803372392575e+01,1.325203346132019000e+01
5.593312374964276046e+01,1.330419379661115897e+01
5.595312946556158806e+01,1.398099257824300068e+01
5.597313518148042277e+01,1.340052057278257891e+01
5.599314089739925748e+01,1.301581177288382740e+01
5.601314661331809219e+01,1.310449929070519914e+01
5.603315232923692690e+01,1.280628973302437856e+01
5.605315804515576161e+01,1.284731946149921811e+01
5.607316376107459632e+01,1.220013239113650272e+01
5.609316947699343103e+01,1.197720376202961923e+01
5.611317519291226574e+01,1.046783091687068534e+01
5.613318090883110045e+01,1.023133568121752113e+01
5.615318662474992806e+01,9.366007501596222085e+00
5.617319234066876277e+01,8.907907720451444078e+00
5.619319805658759748e+01,8.557486743393962314e+00
5.621320377250643219e+01,8.038920123201469536e+00
5.623320948842526690e+01,7.564837043959375507e+00
5.625321520434410161e+01,6.938935572841911537e+00
5.627322092026293632e+01,7.181169901050431292e+00
5.629322663618177103e+01,5.858566161072360501e+00
5.631323235210060574e+01,6.831351620417192905e+00
5.633323806801943334e+01,6.041120283127570545e+00
5.635324378393826805e+01,5.887518975346905492e+00
5.637324949985710276e+01,5.746469104564186026e+00
5.639325521577593747e+01,6.072776028642845603e+00
5.641326093169477218e+01,6.006234093322746048e+00
5.643326664761360689e+01,6.065450848753396684e+00
5.645327236353244160e+01,5.971984602718627855e+00
5.647327807945127631e+01,5.885915838844068659e+00
5.649328379537011102e+01,5.759117628382812271e+00
5.651328951128894573e+01,5.800994374982159307e+00
5.653329522720777334e+01,6.201219491498537018e+00
5.655330094312660805e+01,6.870723791862721974e+00
5.657330665904544276e+01,5.831465596453658584e+00
5.659331237496427747e+01,6.212869611236897960e+00
5.661331809088311218e+01,6.828255651212097987e+00
5.663332380680194689e+01,6.632904577843219407e+00
5.665332952272078160e+01,6.967135507679798501e+00
5.667333523863961631e+01,7.231660046600611125e+00
5.669334095455845102e+01,6.336189026613057607e+00
5.671334667047727862e+01,7.311622422693359269e+00
5.673335238639611333e+01,6.867491522359896905e+00
5.675335810231494804e+01,7.197902282392636408e+00
5.677336381823378275e+01,7.092378131735569191e+00
5.679336953415261746e+01,6.815883727177437734e+00
5.681337525007145217e+01,8.174415591436289930e+00
5.683338096599028688e+01,8.262464674555060284e+00
5.685338668190912159e+01,7.003590068268848334e+00
5.687339239782795630e+01,7.739361275361867243e+00
5.689339811374678391e+01,7.285925532261660287e+00
5.691340382966561862e+01,7.467049666710543043e+00
5.693340954558445333e+01,7.851367234655709737e+00
5.695341526150328804e+01,7.643017931756840078e+00
5.697342097742212275e+01,7.919724807224722163e+00
5.699342669334095746e+01,7.524181087462232576e+00
5.701343240925979217e+01,7.330644439694011361e+00
5.703343812517862688e+01,7.300207106076503472e+00
5.705344384109746159e+01,7.475547649591410604e+00
5.707344955701629630e+01,7.760958077123835785e+00
5.709345527293512390e+01,7.210049090789699910e+00
5.711346098885395861e+01,7.526597648943162966e+00
5.713346670477279332e+01,7.861963360476496021e+00
5.715347242069162803e+01,7.014798341170372709e+00
5.717347813661046274e+01,6.632449718563584895e+00
5.719348385252929745e+01,7.027667951338325558e+00
5.721348956844813216e+01,7.363597068763564124e+00
5.723349528436696687e+01,7.372829217729332640e+00
5.725350100028580158e+01,6.936417971049493758e+00
5.727350671620462919e+01,7.356047753956270974e+00
5.729351243212346390e+01,6.292247767959376681e+00
5.731351814804229861e+01,6.108671052927906686e+00
5.733352386396113332e+01,6.792393783382529193e+00
5.735352957987996803e+01,6.664655449120511221e+00
5.737353529579880274e+01,6.699606601524282112e+00
5.739354101171763745e+01,5.194935600185191404e+00
5.741354672763647216e+01,5.804974516836366227e+00
5.743355244355530687e+01,5.666842775858920156e+00
5.745355815947414158e+01,5.219316690247420176e+00
5.747356387539296918e+01,5.691518267795089514e+00
5.749356959131180389e+01,5.688956586566109586e+00
5.751357530723063860e+01,5.132331137080663019e+00
5.753358102314947331e+01,5.576983338269728918e+00
5.755358673906830802e+01,5.160535346595602313e+00
5.757359245498714273e+01,5.217484167805561235e+00
5.759359817090597744e+01,5.057605997813876542e+00
5.761360388682481215e+01,4.496582111896781697e+00
5.763360960274364686e+01,4.943996351702834247e+00
5.765361531866247446e+01,4.829939242814604405e+00
5.767362103458130917e+01,5.230822458448185941e+00
5.769362675050014388e+01,4.695087759132262839e+00
5.771363246641897859e+01,4.489150265865533562e+00
5.773363818233781330e+01,5.400668739040435540e+00
5.775364389825664801e+01,5.121395580129236791e+00
5.777364961417548272e+01,5.478377350778297128e+00
5.779365533009431743e+01,6.050240168245375472e+00
5.781366104601315214e+01,6.211238104774464475e+00
5.783366676193197975e+01,5.843834230264143947e+00
5.785367247785081446e+01,6.304135639528311685e+00
5.787367819376964917e+01,6.702643954530927317e+00
5.789368390968848388e+01,6.761817348340863454e+00
5.791368962560731859e+01,7.118932165802826617e+00
5.793369534152615330e+01,7.812241437125429400e+00
5.795370105744498801e+01,7.734551877534861397e+00
5.797370677336382272e+01,7.861055808886479923e+00
5.799371248928265743e+01,7.682004348640997016e+00
5.801371820520149214e+01,7.668367745501905475e+00
5.803372392112031974e+01,8.013487849160336296e+00
5.805372963703915445e+01,8.250482842580758813e+00
5.807373535295798916e+01,8.047190531728505292e+00
5.809374106887682387e+01,7.879040075826591938e+00
5.811374678479565858e+01,7.201266676413786705e+00
5.813375250071449329e+01,7.146809492330104874e+00
5.815375821663332800e+01,6.647645314513463077e+00
5.817376393255216271e+01,7.157050707000681022e+00
5.819376964847099742e+01,7.507186866084627930e+00
5.821377536438982503e+01,6.889024401064238745e+00
5.823378108030865974e+01,6.147095428001165374e+00
5.825378679622749445e+01,5.582758048233171344e+00
5.827379251214632916e+01,5.969875774416884440e+00
5.829379822806516387e+01,5.108308236771309296e+00
5.831380394398399858e+01,5.809010201812627727e+00
5.833380965990283329e+01,5.229645105068298605e+00
5.835381537582166800e+01,4.857160958273603057e+00
5.837382109174050271e+01,5.243744736108272519e+00
5.839382680765933742e+01,5.339826640606832875e+00
5.841383252357816502e+01,4.923547446188635490e+00
5.843383823949699973e+01,5.426380707838081463e+00
5.845384395541583444e+01,4.347654484491298099e+00
5.847384967133466915e+01,4.887482578534012134e+00
5.849385538725350386e+01,4.809340828459808925e+00
5.851386110317233857e+01,4.467079392945166205e+00
5.853386681909117328e+01,4.061465734528118432e+00
5.855387253501000799e+01,4.228588647424482261e+00
5.857387825092884270e+01,4.135272899894999910e+00
5.859388396684767031e+01,4.470604137630927788e+00
5.861388968276650502e+01,4.673691921322276066e+00
5.863389539868533973e+01,5.098355201607917664e+00
5.865390111460417444e+01,4.222948468020658375e+00
5.867390683052300915e+01,4.767140758707908432e+00
5.869391254644184386e+01,4.643107631910430300e+00
5.871391826236067857e+01,3.991148827184396009e+00
5.873392397827951328e+01,4.159401872718778037e+00
5.875392969419834799e+01,4.365240286694200833e+00
5.877393541011717559e+01,4.607724051283316413e+00
5.879394112603601030e+01,4.434603224881428218e+00
5.881394684195484501e+01,3.949774710413211931e+00
5.883395255787367972e+01,4.818213047966124485e+00
5.885395827379251443e+01,4.373982612301793083e+00
5.887396398971134914e+01,4.111418341301856572e+00
5.889396970563018385e+01,5.052021233982909365e+00
5.891397542154901856e+01,5.929516301061035222e+00
5.893398113746785327e+01,5.229833095119839292e+00
5.895398685338668798e+01,5.157036773601625157e+00
5.897399256930551559e+01,5.579753948008528752e+00
5.899399828522435030e+01,5.572804381644758109e+00
5.901400400114318501e+01,6.100444388996125511e+00
5.903400971706201972e+01,6.467984496232757508e+00
5.905401543298085443e+01,6.802919027288114151e+00
5.907402114889968914e+01,7.216394680091759106e+00
5.909402686481852385e+01,7.716740808007456209e+00
5.911403258073735856e+01,8.771460891511495106e+00
5.913403829665619327e+01,8.820938287022574542e+00
5.915404401257502087e+01,9.582719020838226243e+00
5.917404972849385558e+01,1.068962962625356816e+01
5.919405544441269029e+01,1.112718826156262253e+01
5.921406116033152500e+01,1.189578325595978114e+01
5.923406687625035971e+01,1.210119099211276072e+01
5.925407259216919442e+01,1.341683941438641270e+01
5.927407830808802913e+01,1.360670964779872349e+01
5.929408402400686384e+01,1.467191756528979241e+01
5.931408973992569855e+01,1.544490131178458547e+01
5.933409545584453326e+01,1.507482932227716432e+01
5.935410117176336087e+01,1.534277631731325897e+01
5.937410688768219558e+01,1.637532084907735452e+01
5.939411260360103029e+01,1.578344181911325528e+01
5.941411831951986500e+01,1.605273618596604024e+01
5.943412403543869971e+01,1.587658728584875689e+01
5.945412975135753442e+01,1.567568602408060841e+01
5.947413546727636913e+01,1.515014740115859126e+01
5.949414118319520384e+01,1.455815640281777767e+01
5.951414689911403855e+01,1.427418073517895181e+01
5.953415261503286615e+01,1.341562830492665448e+01
5.955415833095170086e+01,1.345426343927709745e+01
5.957416404687053557e+01,1.319646379414803228e+01
5.959416976278937028e+01,1.252587344310489215e+01
5.961417547870820499e+01,1.218071670858665101e+01
5.963418119462703970e+01,1.227352054626951094e+01
5.965418691054587441e+01,1.180070224780488175e+01
5.967419262646470912e+01,1.201175157615252864e+01
5.969419834238354383e+01,1.138081808903233139e+01
5.971420405830237144e+01,1.249575571924271600e+01
5.973420977422120615e+01,1.197022708534895052e+01
5.975421549014004086e+01,1.202740527891416100e+01
5.977422120605887557e+01,1.245650605194268401e+01
5.979422692197771028e+01,1.197005279989325999e+01
5.981423263789654499e+01,1.152897147840404912e+01
5.983423835381537970e+01,1.259085239451963822e+01
5.985424406973421441e+01,1.243492623911856754e+01
5.987424978565304912e+01,1.225934600559291709e+01
5.989425550157188383e+01,1.284352229221483555e+01
5.991426121749071143e+01,1.178485735614349750e+01
5.993426693340954614e+01,1.242449957230404678e+01
5.995427264932838085e+01,1.297629305504724151e+01
5.997427836524721556e+01,1.295138009951311986e+01
5.999428408116605027e+01,1.346951332042130112e+01
6.001428979708488498e+01,1.358386995473969705e+01
6.003429551300371969e+01,1.455905875924853277e+01
6.005430122892255440e+01,1.479463694477495039e+01
6.007430694484138911e+01,1.390239661174723373e+01
6.009431266076021672e+01,1.466767596100128834e+01
6.011431837667905143e+01,1.569773697373286936e+01
6.013432409259788614e+01,1.657448970906419561e+01
6.015432980851672085e+01,1.603142034347894906e+01
6.017433552443555556e+01,1.598398610889504212e+01
6.019434124035439027e+01,1.621619087310228480e+01
6.021434695627322498e+01,1.659080250021479586e+01
6.023435267219205969e+01,1.568778345122950313e+01
6.025435838811089440e+01,1.637732944254179301e+01
6.027436410402972911e+01,1.633508110901589916e+01
6.029436981994855671e+01,1.496099675842970456e+01
6.031437553586739142e+01,1.416061264061438507e+01
6.033438125178622613e+01,1.429418648560038463e+01
6.035438696770506084e+01,1.417732200820240962e+01
6.037439268362389555e+01,1.356925319200783875e+01
6.039439839954273026e+01,1.259627647011999407e+01
6.041440411546156497e+01,1.166157306175017716e+01
6.043440983138039968e+01,1.081496791476715558e+01
6.045441554729923439e+01,1.033115834121919718e+01
6.047442126321806199e+01,8.855223900727489550e+00
6.049442697913689670e+01,9.060098510025705210e+00
6.051443269505573141e+01,8.691182242018834714e+00
6.053443841097456612e+01,7.646540576429826430e+00
6.055444412689340083e+01,7.915047642422094576e+00
6.057444984281223554e+01,7.724329279088826716e+00
6.059445555873107025e+01,7.449900316468942130e+00
6.061446127464990496e+01,6.670756732127227195e+00
6.063446699056873967e+01,6.950376931472369790e+00
6.065447270648756728e+01,6.410024849183122875e+00
6.067447842240640199e+01,6.873895879511678686e+00
6.069448413832523670e+01,6.577067466282349173e+00
6.071448985424407141e+01,7.263563607505687969e+00
6.073449557016290612e+01,6.662853511240211191e+00
6.075450128608174083e+01,6.356509124786221321e+00
6.077450700200057554e+01,7.041729571352568939e+00
6.079451271791941025e+01,7.401816511001989340e+00
6.081451843383824496e+01,8.212512215847192820e+00
6.083452414975707967e+01,7.246535550447398499e+00
6.085452986567590727e+01,8.136480085051488231e+00
6.087453558159474198e+01,7.663875182941206177e+00
6.089454129751357669e+01,7.512081742404610907e+00
6.091454701343241140e+01,7.165414495272049322e+00
6.093455272935124611e+01,7.535213730388195863e+00
6.095455844527008082e+01,7.556283675614257511e+00
6.097456416118891553e+01,7.699422324765219372e+00
6.099456987710775024e+01,6.950124037338191840e+00
6.101457559302658495e+01,7.636565246551537456e+00
6.103458130894541256e+01,7.288159801693985251e+00
6.105458702486424727e+01,6.537760287860320041e+00
6.107459274078308198e+01,6.254260129695843773e+00
6.109459845670191669e+01,5.832014147031313378e+00
6.111460417262075140e+01,6.732626723991214313e+00
6.113460988853958611e+01,6.410155906330955666e+00
6.115461560445842082e+01,6.514344508984707183e+00
6.117462132037725553e+01,6.377407706667383991e+00
6.119462703629609024e+01,6.389631046096353906e+00
6.121463275221492495e+01,6.955831560420531190e+00
6.123463846813375255e+01,6.098167154453635774e+00
6.125464418405258726e+01,6.116498139818412838e+00
6.127464989997142197e+01,6.716331411581048627e+00
6.129465561589025668e+01,6.492848160576540906e+00
6.131466133180909139e+01,6.322038352871937938e+00
6.133466704772792610e+01,6.639358501139410507e+00
6.135467276364676081e+01,7.108465897283427815e+00
6.137467847956559552e+01,7.142973361425033474e+00
6.139468419548443023e+01,6.596363067871647168e+00
6.141468991140325784e+01,6.758212547449787166e+00
6.143469562732209255e+01,6.500291663934584463e+00
6.145470134324092726e+01,6.987505456889011590e+00
6.147470705915976197e+01,6.947550520025261633e+00
6.149471277507859668e+01,7.098244865777822987e+00
6.151471849099743139e+01,7.055443262171690932e+00
6.153472420691626610e+01,6.867140678786643804e+00
6.155472992283510081e+01,6.499804945734172890e+00
6.157473563875393552e+01,6.333952901846394923e+00
6.159474135467276312e+01,6.543723331050074421e+00
6.161474707059159783e+01,5.710179960876837768e+00
6.163475278651043254e+01,6.660171955342772954e+00
6.165475850242926725e+01,7.137924973999677292e+00
6.167476421834810196e+01,6.887554038490341313e+00
6.169476993426693667e+01,6.704485589048092109e+00
6.171477565018577138e+01,6.029182260910022961e+00
6.173478136610460609e+01,6.671573903391950111e+00
6.175478708202344080e+01,6.120626452956404506e+00
6.177479279794227551e+01,6.414098437975704670e+00
6.179479851386110312e+01,7.031442957423463369e+00
6.181480422977993783e+01,6.798644787781828569e+00
6.183480994569877254e+01,7.172497080518982493e+00
6.185481566161760725e+01,7.978491757357628167e+00
6.187482137753644196e+01,8.232047636626798948e+00
6.189482709345527667e+01,7.930149584910935801e+00
6.191483280937411138e+01,8.449269665414611552e+00
6.193483852529294609e+01,8.057258455062880742e+00
6.195484424121178080e+01,8.761930334746232063e+00
6.197484995713060840e+01,9.128628790987812991e+00
6.199485567304944311e+01,8.637260867179701762e+00
6.201486138896827782e+01,9.671699584327729582e+00
6.203486710488711253e+01,9.931297371976240740e+00
6.205487282080594724e+01,9.895217524724236213e+00
6.207487853672478195e+01,8.888365029430097763e+00
6.209488425264361666e+01,8.669459707544529437e+00
6.211488996856245137e+01,9.995147117543673687e+00
6.213489568448128608e+01,9.680606972742472394e+00
6.215490140040011369e+01,1.030122535558288632e+01
6.217490711631894840e+01,9.889488744569785439e+00
6.219491283223778311e+01,9.604916100514682142e+00
6.221491854815661782e+01,9.560908903218784616e+00
6.223492426407545253e+01,9.559331416262512704e+00
6.225492997999428724e+01,1.003734296722754671e+01
6.227493569591312195e+01,9.689827867565544040e+00
6.229494141183195666e+01,9.335137950234296156e+00
6.231494712775079137e+01,8.877067525295739614e+00
6.233495284366962608e+01,9.767915817281501489e+00
6.235495855958845368e+01,8.836540551503039964e+00
6.237496427550728839e+01,8.866354512926843512e+00
6.239496999142612310e+01,9.116837066357124542e+00
6.241497570734495781e+01,9.084698049161318067e+00
6.243498142326379252e+01,8.059423337309622681e+00
6.245498713918262723e+01,8.252465795355465872e+00
6.247499285510146194e+01,8.549715750844555373e+00
6.249499857102029665e+01,8.702481444294294377e+00
6.251500428693913136e+01,7.029672305541862620e+00
6.253501000285795897e+01,7.657188168773398473e+00
6.255501571877679368e+01,7.493413580776521421e+00
6.257502143469562839e+01,6.844879196669805488e+00
6.259502715061446310e+01,6.902518497886419802e+00
6.261503286653329781e+01,7.223257995825653310e+00
6.263503858245213252e+01,6.902920017992949298e+00
6.265504429837096723e+01,7.132214474721219943e+00
6.267505001428980194e+01,7.315367139657514173e+00
6.269505573020863665e+01,6.869059067281703790e+00
6.271506144612747136e+01,7.780850136272942308e+00
6.273506716204629896e+01,6.630388424237137812e+00
6.275507287796513367e+01,7.796927550369757043e+00
6.277507859388396838e+01,7.240593666058841471e+00
6.279508430980280309e+01,8.259104740907933007e+00
6.281509002572163780e+01,7.674141440286767590e+00
6.283509574164047251e+01,8.346073846041004884e+00
6.285510145755930722e+01,8.226133594914193381e+00
6.287510717347814193e+01,9.419635248283624307e+00
6.289511288939697664e+01,8.263291759933325764e+00
6.291511860531580425e+01,8.608322919010502616e+00
6.293512432123463896e+01,8.925206731514865766e+00
6.295513003715347367e+01,8.739731613324936532e+00
6.297513575307230838e+01,8.463387631258649790e+00
6.299514146899114309e+01,8.689996114195823296e+00
6.301514718490997780e+01,7.729000631736282045e+00
6.303515290082881251e+01,7.827635387149101120e+00
6.305515861674764722e+01,7.665829896609929861e+00
6.307516433266648193e+01,8.092932931977880884e+00
6.309517004858530953e+01,7.258593443708375226e+00
6.311517576450414424e+01,6.889000742318606818e+00
6.313518148042297895e+01,7.057280887659146629e+00
6.315518719634181366e+01,6.577730800765936969e+00
6.317519291226064837e+01,6.002808829661532286e+00
6.319519862817948308e+01,5.638768245096964726e+00
6.321520434409831779e+01,5.825276844679452282e+00
6.323521006001715250e+01,5.412868856415014918e+00
6.325521577593598721e+01,5.146502520306563966e+00
6.327522149185482192e+01,5.080371003273899788e+00
6.329522720777364952e+01,5.074263008359816141e+00
6.331523292369248423e+01,5.249351725092397558e+00
6.333523863961131894e+01,4.730391346514261741e+00
6.335524435553015365e+01,5.808322239025713429e+00
6.337525007144898836e+01,4.789834359984505241e+00
6.339525578736782307e+01,4.772868326494339897e+00
6.341526150328665778e+01,4.725106198586542128e+00
6.343526721920549249e+01,3.956698173812885688e+00
6.345527293512432720e+01,4.955701782266705990e+00
6.347527865104315481e+01,4.594750736320575513e+00
6.349528436696198952e+01,3.748249156837058838e+00
6.351529008288082423e+01,4.680280288918153175e+00
6.353529579879965894e+01,3.916783685576852303e+00
6.355530151471849365e+01,3.953423434148763960e+00
6.357530723063732836e+01,5.043032986117204963e+00
6.359531294655616307e+01,3.933768932190695455e+00
6.361531866247499778e+01,5.296618100554219666e+00
6.363532437839383249e+01,4.784761657852034666e+00
6.365533009431266720e+01,4.502991241392578559e+00
6.367533581023149480e+01,4.997113695908557141e+00
6.369534152615032951e+01,5.739390239897153911e+00
6.371534724206916422e+01,4.955791680059594917e+00
6.373535295798799893e+01,5.277626824022882523e+00
6.375535867390683364e+01,5.236202257512820424e+00
6.377536438982566835e+01,5.612508492885181610e+00
6.379537010574450306e+01,5.887300016566563876e+00
6.381537582166333777e+01,6.356451531254743159e+00
6.383538153758217248e+01,5.954327142546461893e+00
6.385538725350100009e+01,6.198475399187511670e+00
6.387539296941983480e+01,5.552101366290155937e+00
6.389539868533866951e+01,6.174514045388981742e+00
6.391540440125750422e+01,6.582548545305216159e+00
6.393541011717633893e+01,6.656088561519533542e+00
6.395541583309517364e+01,6.072931070858762936e+00
6.397542154901400835e+01,5.479315445866476786e+00
6.399542726493284306e+01,6.169169918545592601e+00
6.401543298085167066e+01,6.247960866028750004e+00
6.403543869677051248e+01,6.241158180028819835e+00
6.405544441268934008e+01,6.081030154995971770e+00
6.407545012860816769e+01,5.685374390321145555e+00
6.409545584452700950e+01,6.481370543983286936e+00
6.411546156044585132e+01,5.760681174221489620e+00
6.413546727636467892e+01,5.427445623970052146e+00
6.415547299228350653e+01,5.767506875462053095e+00
6.417547870820234834e+01,5.977933392039203042e+00
6.419548442412119016e+01,5.686725165372571666e+00
6.421549014004001776e+01,6.390372110408813811e+00
6.423549585595884537e+01,6.531103938708104906e+00
6.425550157187768718e+01,6.483713510480536790e+00
6.427550728779651479e+01,6.171516533339207911e+00
6.429551300371534239e+01,6.117264756507807100e+00
6.431551871963418421e+01,6.136786032325049156e+00
6.433552443555302602e+01,7.542203153412750716e+00
6.435553015147185363e+01,6.646818589117308385e+00
6.437553586739068123e+01,7.426896944154322888e+00
6.439554158330952305e+01,7.568939407328684865e+00
6.441554729922835065e+01,7.934479505879714623e+00
6.443555301514717826e+01,8.401631649605393548e+00
6.445555873106602007e+01,8.698758214857303273e+00
6.447556444698486189e+01,1.011284328453303516e+01
6.449557016290368949e+01,1.018607235579502479e+01
6.451557587882251710e+01,1.002712463411540611e+01
6.453558159474135891e+01,1.061682081232044617e+01
6.455558731066020073e+01,1.159839516352172950e+01
6.457559302657902833e+01,1.059737635067228645e+01
6.459559874249785594e+01,1.152124301537715034e+01
6.461560445841669775e+01,1.200978658533204069e+01
6.463561017433552536e+01,1.268462022165700986e+01
6.465561589025435296e+01,1.258470235073718690e+01
6.467562160617319478e+01,1.214703747106578824e+01
6.469562732209203659e+01,1.332191592454078410e+01
6.471563303801086420e+01,1.317693683419942374e+01
6.473563875392969180e+01,1.297964093247331796e+01
6.475564446984853362e+01,1.362237209349388323e+01
6.477565018576737543e+01,1.347258310924119407e+01
6.479565590168618883e+01,1.389184495397895880e+01
6.481566161760503064e+01,1.346526917263522982e+01
6.483566733352387246e+01,1.313479003798572364e+01
6.485567304944270006e+01,1.340391968324220962e+01
6.487567876536152767e+01,1.296932613331710193e+01
6.489568448128036948e+01,1.228894760629465388e+01
6.491569019719921130e+01,1.155521503257279115e+01
6.493569591311803890e+01,1.164012154593214277e+01
6.495570162903686651e+01,1.144648674012028344e+01
6.497570734495570832e+01,1.066183494684995559e+01
6.499571306087453593e+01,1.075479025021947166e+01
6.501571877679336353e+01,1.128233939548359999e+01
6.503572449271220535e+01,1.059984096492473071e+01
6.505573020863104716e+01,1.011046589131673024e+01
6.507573592454987477e+01,1.022323029755775181e+01
6.509574164046870237e+01,9.627098380344557782e+00
6.511574735638754419e+01,9.454006657716586659e+00
6.513575307230638600e+01,9.749406769942570605e+00
6.515575878822521361e+01,9.641379619298758641e+00
6.517576450414404121e+01,9.251369873315674397e+00
6.519577022006288303e+01,9.652046917160777895e+00
6.521577593598171063e+01,8.636279055761214352e+00
6.523578165190053824e+01,8.827627655420997144e+00
6.525578736781938005e+01,9.354555263662742703e+00
6.527579308373822187e+01,9.048404454299300070e+00
6.529579879965704947e+01,9.443987338367358930e+00
6.531580451557587708e+01,9.591518074480209322e+00
6.533581023149471889e+01,8.798840874935937251e+00
6.535581594741354650e+01,9.572864690494172990e+00
6.537582166333237410e+01,9.093822903337569485e+00
6.539582737925121592e+01,9.679275056285682410e+00
6.541583309517005773e+01,9.584240307546487259e+00
6.543583881108888534e+01,8.929851920760139450e+00
6.545584452700771294e+01,9.394026458290493764e+00
6.547585024292655476e+01,9.348913741772927111e+00
6.549585595884539657e+01,9.802745379466879072e+00
6.551586167476422418e+01,7.984501728795887487e+00
6.553586739068305178e+01,9.294197980255098912e+00
6.555587310660189360e+01,7.841037197832588568e+00
6.557587882252072120e+01,8.704118818188293361e+00
6.559588453843954881e+01,7.506156977760647386e+00
6.561589025435839062e+01,8.237195796963668215e+00
6.563589597027723244e+01,7.654456868118393764e+00
6.565590168619606004e+01,7.469721044850207825e+00
6.567590740211488765e+01,6.200468953238119418e+00
6.569591311803372946e+01,7.145721876815307461e+00
6.571591883395257128e+01,7.258418213231619731e+00
6.573592454987138467e+01,6.664556607424139578e+00
6.575593026579022649e+01,6.913058656399948099e+00
6.577593598170906830e+01,6.485220706372599508e+00
6.579594169762789591e+01,5.828220056799371385e+00
6.581594741354672351e+01,5.054882274309462353e+00
6.583595312946556533e+01,5.879833148416688360e+00
6.585595884538440714e+01,5.466166029067214716e+00
6.587596456130323475e+01,5.347523811698287943e+00
6.589597027722206235e+01,5.118369988275039972e+00
6.591597599314090417e+01,4.697293523980945906e+00
6.593598170905973177e+01,5.256051467680364908e+00
6.595598742497855937e+01,5.108812073723571601e+00
6.597599314089740119e+01,5.025160226278681641e+00
6.599599885681624301e+01,4.388013805294913361e+00
6.601600457273507061e+01,4.251431095390682202e+00
6.603601028865389821e+01,4.641140257659881030e+00
6.605601600457274003e+01,4.822172400381346868e+00
6.607602172049158185e+01,4.847010141228872193e+00
6.609602743641040945e+01,4.461540962933884913e+00
6.611603315232923705e+01,3.926226943378730461e+00
6.613603886824807887e+01,4.040817525368069596e+00
6.615604458416690647e+01,3.562895627726211156e+00
6.617605030008573408e+01,4.620539466131379669e+00
6.619605601600457589e+01,4.273061934711625653e+00
6.621606173192341771e+01,4.025408108903856252e+00
6.623606744784224531e+01,4.561859325089139716e+00
6.625607316376107292e+01,3.861900459703234034e+00
6.627607887967991473e+01,3.702330264817100147e+00
6.629608459559874234e+01,3.614536375503609733e+00
6.631609031151756994e+01,4.131568061928437174e+00
6.633609602743641176e+01,4.841143582274753498e+00
6.635610174335525357e+01,4.676106299468408167e+00
6.637610745927408118e+01,3.445247181413614523e+00
6.639611317519290878e+01,4.217843312422359325e+00
6.641611889111175060e+01,4.361532990226715256e+00
6.643612460703059241e+01,3.623625110672279437e+00
6.645613032294942002e+01,4.020293816623466299e+00
6.647613603886824762e+01,4.572898315263103086e+00
6.649614175478708944e+01,3.943776017601317463e+00
6.651614747070591704e+01,4.902930073055008720e+00
6.653615318662474465e+01,4.344357563213348428e+00
6.655615890254358646e+01,4.585195151945697489e+00
6.657616461846242828e+01,4.172444295448161533e+00
6.659617033438125588e+01,4.286005464893293038e+00
6.661617605030008349e+01,4.533943751086741969e+00
6.663618176621892530e+01,3.672296813455008024e+00
6.665618748213776712e+01,5.062871631874841682e+00
6.667619319805658051e+01,4.585488678572543719e+00
6.669619891397542233e+01,4.167565005811446177e+00
6.671620462989426414e+01,4.274821261317546472e+00
6.673621034581309175e+01,4.455485763982138359e+00
6.675621606173191935e+01,3.821672818922619008e+00
6.677622177765076117e+01,4.765373406063125650e+00
6.679622749356960298e+01,5.054328218814536200e+00
6.681623320948843059e+01,4.861404762698148474e+00
6.683623892540725819e+01,3.873722671622912728e+00
6.685624464132610001e+01,4.835463340670855814e+00
6.687625035724492761e+01,4.660232159881136482e+00
6.689625607316375522e+01,4.494997624433104022e+00
6.691626178908259703e+01,4.158459595974369982e+00
6.693626750500143885e+01,4.592045988617243779e+00
6.695627322092026645e+01,4.991811945357318869e+00
6.697627893683909406e+01,4.605726564820244562e+00
6.699628465275793587e+01,4.884883115299194500e+00
6.701629036867677769e+01,5.176543892290283999e+00
6.703629608459560529e+01,4.614786238017020814e+00
6.705630180051443290e+01,4.796274952073741993e+00
6.707630751643327471e+01,5.108525688407929977e+00
6.709631323235210232e+01,5.394544617376492823e+00
6.711631894827092992e+01,4.260482055733109341e+00
6.713632466418977174e+01,5.449783267324258773e+00
6.715633038010861355e+01,6.002342973350565991e+00
6.717633609602744116e+01,5.865084984232027843e+00
6.719634181194626876e+01,5.641224253937360267e+00
6.721634752786511058e+01,5.280552289823880585e+00
6.723635324378393818e+01,6.027194930551932117e+00
6.725635895970276579e+01,6.575646703778714297e+00
6.727636467562160760e+01,6.311230474412373503e+00
6.729637039154044942e+01,6.472738464991678597e+00
6.731637610745927702e+01,7.689150249144168114e+00
6.733638182337810463e+01,7.896972685916429313e+00
6.735638753929694644e+01,8.240475522183839274e+00
6.737639325521578826e+01,9.093356602975134706e+00
6.739639897113461586e+01,9.924148394728417699e+00
6.741640468705344347e+01,1.031922260023293703e+01
6.743641040297228528e+01,1.159811480483594082e+01
6.745641611889111289e+01,1.189036796626092851e+01
6.747642183480994049e+01,1.349009706911188644e+01
6.749642755072878231e+01,1.343369054417879838e+01
6.751643326664762412e+01,1.410890121065235903e+01
6.753643898256645173e+01,1.446135706691935852e+01
6.755644469848527933e+01,1.429676447533624106e+01
6.757645041440412115e+01,1.443506213709141761e+01
6.759645613032296296e+01,1.412737754127558532e+01
6.761646184624177636e+01,1.409375195398827074e+01
6.763646756216061817e+01,1.442665677852321338e+01
6.765647327807945999e+01,1.299522143498347049e+01
6.767647899399828759e+01,1.330103400448027529e+01
6.769648470991711520e+01,1.395979930533320790e+01
6.771649042583595701e+01,1.298059976658638348e+01
6.773649614175479883e+01,1.243771776251342231e+01
6.775650185767362643e+01,1.175522665397419431e+01
6.777650757359245404e+01,1.170537391747388867e+01
6.779651328951129585e+01,1.246626427508101287e+01
6.781651900543012346e+01,1.114258892492853903e+01
6.783652472134895106e+01,1.116112628526854067e+01
6.785653043726779288e+01,1.157011385366181067e+01
6.787653615318663469e+01,1.219376408239097742e+01
6.789654186910546230e+01,1.189201117131958441e+01
6.791654758502428990e+01,1.259494764483341100e+01
6.793655330094313172e+01,1.247063252502047526e+01
6.795655901686197353e+01,1.245051713795468018e+01
6.797656473278080114e+01,1.205633320563205046e+01
6.799657044869962874e+01,1.189001601089491444e+01
6.801657616461847056e+01,1.219716246006064075e+01
6.803658188053729816e+01,1.116205748833224831e+01
6.805658759645612577e+01,1.121754888694384178e+01
6.807659331237496758e+01,1.051035498477671837e+01
6.809659902829380940e+01,1.181189518327822974e+01
6.811660474421263700e+01,1.034995292779612264e+01
6.813661046013146461e+01,1.031378484368397430e+01
6.815661617605030642e+01,1.031850658793249664e+01
6.817662189196913403e+01,9.783156949193090313e+00
6.819662760788796163e+01,9.635823880299479782e+00
6.821663332380680345e+01,9.393414687788705919e+00
6.823663903972564526e+01,8.800546407391022896e+00
6.825664475564447287e+01,9.371239485510361789e+00
6.827665047156330047e+01,7.989149480210951282e+00
6.829665618748214229e+01,8.183547054434807677e+00
6.831666190340098410e+01,8.616822181540214842e+00
6.833666761931981171e+01,8.492226569738292596e+00
6.835667333523863931e+01,8.604024916322124739e+00
6.837667905115748113e+01,7.439334062921255430e+00
6.839668476707630873e+01,7.277108855094343909e+00
6.841669048299513634e+01,7.729853189003369707e+00
6.843669619891397815e+01,7.672402463950798612e+00
6.845670191483281997e+01,8.091169275609377820e+00
6.847670763075164757e+01,7.584929763606878872e+00
6.849671334667047518e+01,6.797959763951753054e+00
6.851671906258931699e+01,7.395255847630245682e+00
6.853672477850815881e+01,6.216234650920876348e+00
6.855673049442697220e+01,7.404065691531767079e+00
6.857673621034581402e+01,5.978108763251743341e+00
6.859674192626465583e+01,5.971537838173374801e+00
6.861674764218348344e+01,5.541737768113293328e+00
6.863675335810231104e+01,5.604893483557933820e+00
6.865675907402115286e+01,5.610689179252009495e+00
6.867676478993999467e+01,5.307298909100455653e+00
6.869677050585882228e+01,5.632914460507802090e+00
6.871677622177764988e+01,5.956205379605619576e+00
6.873678193769649170e+01,5.006349668435094102e+00
6.875678765361531930e+01,5.233573317287068427e+00
6.877679336953414690e+01,4.620392490096462801e+00
6.879679908545298872e+01,4.105964295119926000e+00
6.881680480137183054e+01,4.637112012814322171e+00
6.883681051729065814e+01,4.633495808872423183e+00
6.885681623320948574e+01,5.087588263249862131e+00
6.887682194912832756e+01,4.817257655013515993e+00
6.889682766504716938e+01,4.352399617583867730e+00
6.891683338096599698e+01,5.100110201310872782e+00
6.893683909688482458e+01,4.434078423336533348e+00
6.895684481280366640e+01,4.303032483231865157e+00
6.897685052872249400e+01,4.635956854156851215e+00
6.899685624464132161e+01,4.786400623121373599e+00
6.901686196056016342e+01,4.652505439841655210e+00
6.903686767647900524e+01,4.660002183555073785e+00
6.905687339239783284e+01,4.830757992244808285e+00
6.907687910831666045e+01,4.544913797849108761e+00
6.909688482423550226e+01,5.218763218000735726e+00
6.911689054015432987e+01,5.105640157201577267e+00
6.913689625607315747e+01,5.482319299767892673e+00
6.915690197199199929e+01,6.005654470800715572e+00
6.917690768791084110e+01,6.227242463373717563e+00
6.919691340382966871e+01,6.423899335309847913e+00
6.921691911974849631e+01,7.147019745758118603e+00
6.923692483566733813e+01,7.439521033104549375e+00
6.925693055158617994e+01,8.481908282409944988e+00
6.927693626750500755e+01,8.897503277903886953e+00
6.929694198342383515e+01,9.880671506459075104e+00
6.931694769934267697e+01,1.043159274764808409e+01
6.933695341526150457e+01,1.157197439144635887e+01
6.935695913118033218e+01,1.249465283778907398e+01
6.937696484709917399e+01,1.404104002230123527e+01
6.939697056301801581e+01,1.342593818104004022e+01
6.941697627893684341e+01,1.539428178940632286e+01
6.943698199485567102e+01,1.484454162546771450e+01
6.945698771077451283e+01,1.558825403696775069e+01
6.947699342669335465e+01,1.574878225013733157e+01
6.949699914261216804e+01,1.627286674807041322e+01
6.951700485853100986e+01,1.592273446123341785e+01
6.953701057444985167e+01,1.592884135477878260e+01
6.955701629036867928e+01,1.575752679118543043e+01
6.957702200628750688e+01,1.498318674594181665e+01
6.959702772220634870e+01,1.293469695119488705e+01
6.961703343812519051e+01,1.259282780855516570e+01
6.963703915404401812e+01,1.191802601651736815e+01
6.965704486996284572e+01,1.071145299016301600e+01
6.967705058588168754e+01,9.470825805786109441e+00
6.969705630180051514e+01,9.084914364116446706e+00
6.971706201771934275e+01,8.148837936651501579e+00
6.973706773363818456e+01,7.991585041919796240e+00
6.975707344955702638e+01,7.729732309281154734e+00
6.977707916547585398e+01,6.450113768217205390e+00
6.979708488139468159e+01,5.942998859542328205e+00
6.981709059731352340e+01,5.897769931795256326e+00
6.983709631323236522e+01,5.458880705201009320e+00
6.985710202915119282e+01,5.301706181464099110e+00
6.987710774507002043e+01,4.652201275675888148e+00
6.989711346098886224e+01,4.992819070584269880e+00
6.991711917690768985e+01,4.160734323588179961e+00
6.993712489282651745e+01,4.725392921343860131e+00
6.995713060874535927e+01,3.995236782079761628e+00
6.997713632466420108e+01,4.504391039949382503e+00
6.999714204058302869e+01,4.575622589561703535e+00
7.001714775650185629e+01,4.232476171885815042e+00
7.003715347242069811e+01,4.069989725030334959e+00
7.005715918833952571e+01,4.296971863662074398e+00
7.007716490425835332e+01,4.606011277408903482e+00
7.009717062017719513e+01,4.310817566276345936e+00
7.011717633609603695e+01,4.381538740393651210e+00
7.013718205201486455e+01,4.934050303516606562e+00
7.015718776793369216e+01,4.859954591510496691e+00
7.017719348385253397e+01,5.770009612459303661e+00
7.019719919977137579e+01,4.910678008144364171e+00
7.021720491569020339e+01,5.231822273491494535e+00
7.023721063160903100e+01,4.599743939087819200e+00
7.025721634752787281e+01,5.229840539548223255e+00
7.027722206344670042e+01,5.780250202770497836e+00
7.029722777936552802e+01,5.642707765534497710e+00
7.031723349528436984e+01,5.823562418150116216e+00
7.033723921120321165e+01,5.452977835754670544e+00
7.035724492712203926e+01,5.864626469399564890e+00
7.037725064304086686e+01,5.231065713486802160e+00
7.039725635895970868e+01,5.568599844921157782e+00
7.041726207487855049e+01,5.376530928615705918e+00
7.043726779079736389e+01,5.352483397256426301e+00
7.045727350671620570e+01,4.705646752965130908e+00
7.047727922263504752e+01,5.813387716232352176e+00
7.049728493855387512e+01,5.680888178107510456e+00
7.051729065447270273e+01,5.728882437046627807e+00
7.053729637039154454e+01,5.472694619675200656e+00
7.055730208631038636e+01,5.514120539739204574e+00
7.057730780222921396e+01,5.797773692607750995e+00
7.059731351814804157e+01,5.353834002640329714e+00
7.061731923406688338e+01,6.481017028321211626e+00
7.063732494998571099e+01,5.740281914805771990e+00
7.065733066590453859e+01,6.504586237400420856e+00
7.067733638182338041e+01,7.284752053691043727e+00
7.069734209774222222e+01,7.309208741998991066e+00
7.071734781366104983e+01,6.861533865435344381e+00
7.073735352957987743e+01,7.613352248898948460e+00
7.075735924549871925e+01,8.176528946510369877e+00
7.077736496141756106e+01,8.716047203322297321e+00
7.079737067733638867e+01,7.765114353689824611e+00
7.081737639325521627e+01,8.202377820375371442e+00
7.083738210917405809e+01,8.591305031618992061e+00
7.085738782509288569e+01,8.657498474053479498e+00
7.087739354101171330e+01,8.437415103339622746e+00
7.089739925693055511e+01,8.429488653103813789e+00
7.091740497284939693e+01,8.082668091161849588e+00
7.093741068876822453e+01,8.172143138420796760e+00
7.095741640468705214e+01,7.778517278943586355e+00
7.097742212060589395e+01,7.575638187273734836e+00
7.099742783652472156e+01,8.128371497860094053e+00
7.101743355244354916e+01,7.226803919110277974e+00
7.103743926836239098e+01,7.099734839190205093e+00
7.105744498428123279e+01,7.098153045886480328e+00
7.107745070020006040e+01,7.039446444755538934e+00
7.109745641611888800e+01,6.749189689683856130e+00
7.111746213203772982e+01,7.099528593152511391e+00
7.113746784795657163e+01,6.499020896731781960e+00
7.115747356387539924e+01,5.776090806665133748e+00
7.117747927979422684e+01,5.928739807113728943e+00
7.119748499571306866e+01,6.453364864164688797e+00
7.121749071163189626e+01,6.335395973564218686e+00
7.123749642755072387e+01,6.164162089556924684e+00
7.125750214346956568e+01,6.352911710713385673e+00
7.127750785938840750e+01,6.382548695725575705e+00
7.129751357530723510e+01,7.353561397833688673e+00
7.131751929122606271e+01,7.715462271224508228e+00
7.133752500714490452e+01,7.802948937402273799e+00
7.135753072306374634e+01,8.659918425910104745e+00
7.137753643898255973e+01,7.712071552324195167e+00
7.139754215490140155e+01,9.123018835168540619e+00
7.141754787082024336e+01,8.331916270947960612e+00
7.143755358673907097e+01,8.703443861638564982e+00
7.145755930265789857e+01,9.478101341730003071e+00
7.147756501857674039e+01,9.026742095497191087e+00
7.149757073449558220e+01,9.682809298111020979e+00
7.151757645041440981e+01,9.645849123537990621e+00
7.153758216633323741e+01,1.035433981868951747e+01
7.155758788225207923e+01,1.140788479142862855e+01
7.157759359817090683e+01,1.183109273586167554e+01
7.159759931408973443e+01,1.205718499632743601e+01
7.161760503000857625e+01,1.137799861386423927e+01
7.163761074592741807e+01,1.267960988683174506e+01
7.165761646184624567e+01,1.343878136717988170e+01
7.167762217776507327e+01,1.246522707545984332e+01
7.169762789368391509e+01,1.331234244116094345e+01
7.171763360960275691e+01,1.287864317127420399e+01
7.173763932552158451e+01,1.318980577787329622e+01
7.175764504144041211e+01,1.273407410898422754e+01
7.177765075735925393e+01,1.198751807468747188e+01
7.179765647327808153e+01,1.195854625144967720e+01
7.181766218919690914e+01,1.146844474498180233e+01
7.183766790511575095e+01,9.987492849663404115e+00
7.185767362103459277e+01,1.066973125792910082e+01
7.187767933695342037e+01,1.002404669979770091e+01
7.189768505287224798e+01,9.150516397602736163e+00
7.191769076879108979e+01,8.763696307236111593e+00
7.193769648470991740e+01,8.404464004997294069e+00
7.195770220062874500e+01,9.105445928674292588e+00
7.197770791654758682e+01,9.166554826838105186e+00
7.199771363246642863e+01,8.984892605371017638e+00
7.201771934838525624e+01,9.174155954425692983e+00
7.203772506430408384e+01,8.985373786680799668e+00
7.205773078022292566e+01,9.323489706247084285e+00
7.207773649614176747e+01,9.950376998939173490e+00
7.209774221206059508e+01,9.366613430568083487e+00
7.211774792797942268e+01,9.803080690423144006e+00
7.213775364389826450e+01,1.062860265057342879e+01
7.215775935981709210e+01,1.100063173384962312e+01
7.217776507573591971e+01,1.059847170451424248e+01
7.219777079165476152e+01,1.056519445548565272e+01
7.221777650757360334e+01,1.052327465006069218e+01
7.223778222349243094e+01,1.006507728150394954e+01
7.225778793941125855e+01,9.597239305395621756e+00
7.227779365533010036e+01,9.193208994367683573e+00
7.229779937124894218e+01,9.326781067494204436e+00
7.231780508716775557e+01,8.775075298736462415e+00
7.233781080308659739e+01,8.556873595313451375e+00
7.235781651900543920e+01,7.570336615183564710e+00
7.237782223492426681e+01,7.894608033891811871e+00
7.239782795084309441e+01,7.169720927850155689e+00
7.241783366676193623e+01,6.930611945460848133e+00
7.243783938268077804e+01,7.291663138397719734e+00
7.245784509859960565e+01,6.423721043402341735e+00
7.247785081451843325e+01,6.494055513790037537e+00
7.249785653043727507e+01,6.375697660728702587e+00
7.251786224635610267e+01,5.654245154048284761e+00
7.253786796227493028e+01,5.411977783252153174e+00
7.255787367819377209e+01,4.986527822253724374e+00
7.257787939411261391e+01,4.751940797008914252e+00
7.259788511003144151e+01,4.911621653395016551e+00
7.261789082595026912e+01,4.922309812863655765e+00
7.263789654186911093e+01,4.951161390685562935e+00
7.265790225778795275e+01,5.180506288447957353e+00
7.267790797370678035e+01,4.986991190839081156e+00
7.269791368962560796e+01,5.939657330457105644e+00
7.271791940554444977e+01,5.098176072899634370e+00
7.273792512146327738e+01,5.662457831176222811e+00
7.275793083738210498e+01,5.642465835397351803e+00
7.277793655330094680e+01,5.359314852319492672e+00
7.279794226921978861e+01,5.386958210393572699e+00
7.281794798513861622e+01,5.300451204883597001e+00
7.283795370105744382e+01,6.230972915107704679e+00
7.285795941697628564e+01,6.831353714300401947e+00
7.287796513289511324e+01,7.220358635944688963e+00
7.289797084881394085e+01,7.240779276998221548e+00
7.291797656473278266e+01,6.527300946642169421e+00
7.293798228065162448e+01,7.242912778229189996e+00
7.295798799657045208e+01,7.348157892212523024e+00
7.297799371248927969e+01,8.340905075938017887e+00
7.299799942840812150e+01,7.360001538035676916e+00
7.301800514432696332e+01,8.587704601796794179e+00
7.303801086024579092e+01,8.492795795860644148e+00
7.305801657616461853e+01,7.797786388667345747e+00
7.307802229208346034e+01,8.007952679295636145e+00
7.309802800800228795e+01,7.766536454666820077e+00
7.311803372392111555e+01,7.335954225757571834e+00
7.313803943983995737e+01,8.018772165489368220e+00
7.315804515575879918e+01,6.691771283229622114e+00
7.317805087167762679e+01,6.363263974437268544e+00
7.319805658759645439e+01,7.068861910582549868e+00
7.321806230351529621e+01,7.040137176516498840e+00
7.323806801943413802e+01,6.061948832775451379e+00
7.325807373535295142e+01,5.759669186399186458e+00
7.327807945127179323e+01,6.169697843131965342e+00
7.329808516719063505e+01,5.742491441068420244e+00
7.331809088310946265e+01,6.077218147340867738e+00
7.333809659902829026e+01,5.188721348665638722e+00
7.335810231494713207e+01,4.859405120140423584e+00
7.337810803086597389e+01,5.202320004167093614e+00
7.339811374678480149e+01,5.429978649276406166e+00
7.341811946270362910e+01,4.885606328998544967e+00
7.343812517862247091e+01,5.125473617079364885e+00
7.345813089454129852e+01,5.504170804414440177e+00
7.347813661046012612e+01,4.990988028918305730e+00
7.349814232637896794e+01,5.437102068865740101e+00
7.351814804229780975e+01,5.207544192038627173e+00
7.353815375821663736e+01,5.329733367086243234e+00
7.355815947413546496e+01,4.836392756107178670e+00
7.357816519005430678e+01,5.655796185369148965e+00
7.359817090597314859e+01,4.405054356310728281e+00
7.361817662189197620e+01,4.915295084662027136e+00
7.363818233781080380e+01,5.053204525728506979e+00
7.365818805372964562e+01,5.134624157840292469e+00
7.367819376964847322e+01,5.853395943406597191e+00
7.369819948556730083e+01,5.714341299556683573e+00
7.371820520148614264e+01,4.843001513489914700e+00
7.373821091740498446e+01,6.292751183832421269e+00
7.375821663332381206e+01,4.628217485164207723e+00
7.377822234924263967e+01,6.177954196833974621e+00
7.379822806516148148e+01,5.917776719604049163e+00
7.381823378108030909e+01,5.301205756930637669e+00
7.383823949699913669e+01,5.915936197233421012e+00
7.385824521291797851e+01,5.669623292632791411e+00
7.387825092883682032e+01,5.257171321714703360e+00
7.389825664475564793e+01,6.941672461822381734e+00
7.391826236067447553e+01,6.489298452955425844e+00
7.393826807659331735e+01,7.123470167034530398e+00
7.395827379251215916e+01,6.065094720591027944e+00
7.397827950843098677e+01,6.720898311625649768e+00
7.399828522434981437e+01,6.646815113141028242e+00
7.401829094026865619e+01,6.356415170634075018e+00
7.403829665618748379e+01,7.171292919269386168e+00
7.405830237210632561e+01,6.612898907335069687e+00
7.407830808802515321e+01,6.343219632581022616e+00
7.409831380394398082e+01,6.842954890668688783e+00
7.411831951986282263e+01,7.194284091244471213e+00
7.413832523578165024e+01,6.182700615666898436e+00
7.415833095170049205e+01,6.077361576028668111e+00
7.417833666761931966e+01,6.447419604531820170e+00
7.419834238353816147e+01,5.947971794629513198e+00
7.421834809945698908e+01,6.415553526076827495e+00
7.423835381537583089e+01,6.479271771345645803e+00
7.425835953129465850e+01,5.737661973154652983e+00
7.427836524721348610e+01,5.455714512314046694e+00
7.429837096313232792e+01,6.539081957122098387e+00
7.431837667905115552e+01,5.800717132346585814e+00
7.433838239496999734e+01,6.038430121608717727e+00
7.435838811088882494e+01,6.237705362905765938e+00
7.437839382680766676e+01,5.631637567614694362e+00
7.439839954272649436e+01,5.575718298639150916e+00
7.441840525864533618e+01,5.249434722921719754e+00
7.443841097456416378e+01,4.751864708258175973e+00
7.445841669048300560e+01,4.837114170423324921e+00
7.447842240640183320e+01,4.523456271645348359e+00
7.449842812232066080e+01,4.635594434785881290e+00
7.451843383823950262e+01,5.459980077611928273e+00
7.453843955415833022e+01,4.860192283635907273e+00
7.455844527007717204e+01,4.972084199367452939e+00
7.457845098599599964e+01,4.671234340918461569e+00
7.459845670191484146e+01,4.556087667072337588e+00
7.461846241783366906e+01,3.969112423541919732e+00
7.463846813375251088e+01,4.140083550394669132e+00
7.465847384967133848e+01,4.395047090716475147e+00
7.467847956559016609e+01,3.520023614669899992e+00
7.469848528150900790e+01,4.409237122546710630e+00
7.471849099742783551e+01,4.248808626008049316e+00
7.473849671334667732e+01,4.026746188357334333e+00
7.475850242926550493e+01,3.882076242235942942e+00
7.477850814518434674e+01,4.362924103170411350e+00
7.479851386110317435e+01,3.965979972204721982e+00
7.481851957702201616e+01,3.628389521370451121e+00
7.483852529294084377e+01,4.382828861244350449e+00
7.485853100885967137e+01,4.127593062425480852e+00
7.487853672477851319e+01,4.669203811529518688e+00
7.489854244069734079e+01,3.627896846719137702e+00
7.491854815661618261e+01,4.604490920676154175e+00
7.493855387253501021e+01,4.760013309437530538e+00
7.495855958845385203e+01,5.108281819475612551e+00
7.497856530437267963e+01,4.909285140477500420e+00
7.499857102029152145e+01,4.340005506256533252e+00
7.501857673621034905e+01,5.716133022004576070e+00
7.503858245212917666e+01,5.714334201769507793e+00
7.505858816804801847e+01,6.307707354848865577e+00
7.507859388396684608e+01,6.043264163285782864e+00
7.509859959988568789e+01,5.995569109172601330e+00
7.511860531580451550e+01,5.774334545424512299e+00
7.513861103172335731e+01,7.378170279842917623e+00
7.515861674764218492e+01,6.520756063351326404e+00
7.517862246356102673e+01,7.245224128987095114e+00
7.519862817947985434e+01,6.850591340221537706e+00
7.521863389539868194e+01,8.112744499399029863e+00
7.523863961131752376e+01,8.111032852446335539e+00
7.525864532723635136e+01,8.079645506464947502e+00
7.527865104315519318e+01,7.426428315377638256e+00
7.529865675907402078e+01,7.931605142681802612e+00
7.531866247499286260e+01,6.867955977487906871e+00
7.533866819091169020e+01,6.742545910705876722e+00
7.535867390683053202e+01,7.680941806059023769e+00
7.537867962274935962e+01,6.846925719229330909e+00
7.539868533866820144e+01,7.543963842590134306e+00
7.541869105458702904e+01,6.637820404411638009e+00
7.543869677050585665e+01,6.676470824621317135e+00
7.545870248642469846e+01,5.776971175180227291e+00
7.547870820234352607e+01,5.753344559035204142e+00
7.549871391826236788e+01,5.840444287631356701e+00
7.551871963418119549e+01,5.630292502691322198e+00
7.553872535010003730e+01,5.646198952341329402e+00
7.555873106601886491e+01,5.721434027325423166e+00
7.557873678193770672e+01,4.385196074364025698e+00
7.559874249785653433e+01,5.670072115991727557e+00
7.561874821377536193e+01,5.494551067703920211e+00
7.563875392969420375e+01,5.000443070752026209e+00
7.565875964561303135e+01,4.393925370404932806e+00
7.567876536153187317e+01,5.094179521197066407e+00
7.569877107745070077e+01,5.514049641490434972e+00
7.571877679336954259e+01,5.120888530255876425e+00
7.573878250928837019e+01,4.516657416062511032e+00
7.575878822520721201e+01,5.501507985155154934e+00
7.577879394112603961e+01,5.239447305317678882e+00
7.579879965704486722e+01,5.896223007792912085e+00
7.581880537296370903e+01,5.064567882356438844e+00
7.583881108888253664e+01,5.168912485640512422e+00
7.585881680480137845e+01,5.113758427516119198e+00
7.587882252072020606e+01,5.442922254242590796e+00
7.589882823663904787e+01,5.260679314228332792e+00
7.591883395255787548e+01,6.075448219160401564e+00
7.593883966847671729e+01,4.729889516608413835e+00
7.595884538439554490e+01,6.279269389810470336e+00
7.597885110031437250e+01,5.154913526149786485e+00
7.599885681623321432e+01,4.940734425404635033e+00
7.601886253215204192e+01,5.323349836057897022e+00
7.603886824807088374e+01,5.261315042668489816e+00
7.605887396398971134e+01,6.152178997831947882e+00
7.607887967990855316e+01,5.298773221579725856e+00
7.609888539582738076e+01,5.424313086260743155e+00
7.611889111174622258e+01,4.994881541670650904e+00
7.613889682766505018e+01,5.361056550100388840e+00
7.615890254358387779e+01,5.079605415136600577e+00
7.617890825950271960e+01,5.030851222641239850e+00
7.619891397542154721e+01,4.607574178843319324e+00
7.621891969134038902e+01,5.246923403995728208e+00
7.623892540725921663e+01,5.168078093255353167e+00
7.625893112317805844e+01,5.227732198964199384e+00
7.627893683909688605e+01,5.137787954808849200e+00
7.629894255501572786e+01,5.414669511147518932e+00
7.631894827093455547e+01,4.835848943274354994e+00
7.633895398685339728e+01,4.788760019645489585e+00
7.635895970277222489e+01,5.161764461647334379e+00
7.637896541869105249e+01,5.052224090022036762e+00
7.639897113460989431e+01,4.490391703328139528e+00
7.641897685052872191e+01,4.839179081766616264e+00
7.643898256644756373e+01,4.298965279419521224e+00
7.645898828236639133e+01,4.249360478766270433e+00
7.647899399828523315e+01,4.988428066644036818e+00
7.649899971420406075e+01,5.146136159065035187e+00
7.651900543012290257e+01,4.481141683402503517e+00
7.653901114604173017e+01,4.172073596077560786e+00
7.655901686196055778e+01,4.713437687412110222e+00
7.657902257787939959e+01,4.741747676925945676e+00
7.659902829379822720e+01,4.991822295380714536e+00
7.661903400971706901e+01,4.927900049619529099e+00
7.663903972563589662e+01,4.973644837399721297e+00
7.665904544155473843e+01,5.450873146225061028e+00
7.667905115747356604e+01,5.790304494447230610e+00
7.669905687339240785e+01,5.418878366781953559e+00
7.671906258931123546e+01,6.041492393855712351e+00
7.673906830523006306e+01,5.461756948314203441e+00
7.675907402114890488e+01,5.645412282572358720e+00
7.677907973706773248e+01,6.233728986617297352e+00
7.679908545298657430e+01,6.207065822887949835e+00
7.681909116890540190e+01,5.950732320401784570e+00
7.683909688482424372e+01,6.696553247137781995e+00
7.685910260074307132e+01,6.118744534377333011e+00
7.687910831666191314e+01,6.597565339239311655e+00
7.689911403258074074e+01,6.513900700067488003e+00
7.691911974849956835e+01,6.720402963001574470e+00
7.693912546441841016e+01,6.484747222212150497e+00
7.695913118033723777e+01,7.032165962241473167e+00
7.697913689625607958e+01,6.423130722807524506e+00
7.699914261217490719e+01,6.913987171003878274e+00
7.701914832809374900e+01,7.123838052122168030e+00
7.703915404401257661e+01,6.366932150693116910e+00
7.705915975993141842e+01,6.574107968009760050e+00
7.707916547585024603e+01,6.475742007095092845e+00
7.709917119176907363e+01,6.233647294169902153e+00
7.711917690768791545e+01,6.896773634120219043e+00
7.713918262360674305e+01,5.931512204606433691e+00
7.715918833952558487e+01,5.929190977513514760e+00
7.717919405544441247e+01,5.959462062153993323e+00
7.719919977136325429e+01,6.189691370163705741e+00
7.721920548728208189e+01,5.773268930396790566e+00
7.723921120320092371e+01,4.929607365746098147e+00
7.725921691911975131e+01,5.664264624343995358e+00
7.727922263503859313e+01,5.430003975288332896e+00
7.729922835095742073e+01,5.384786022494638225e+00
7.731923406687624833e+01,5.713718316906573946e+00
7.733923978279509015e+01,4.597954418158330725e+00
7.735924549871391775e+01,6.027865877277815088e+00
7.737925121463275957e+01,5.226496552190672773e+00
7.739925693055158717e+01,5.721860927176694034e+00
7.741926264647042899e+01,5.224554843192088072e+00
7.743926836238925659e+01,6.201332311004565057e+00
7.745927407830809841e+01,5.581173197703141575e+00
7.747927979422692601e+01,5.619319145294079831e+00
7.749928551014575362e+01,6.223204316529220570e+00
7.751929122606459543e+01,5.994065900295919569e+00
7.753929694198342304e+01,6.468822698140197502e+00
7.755930265790226485e+01,6.511635704500646327e+00
7.757930837382109246e+01,7.246150319155240105e+00
7.759931408973993427e+01,6.961259453557913091e+00
7.761931980565876188e+01,7.099946156746058001e+00
7.763932552157760369e+01,7.664682128415089224e+00
7.765933123749643130e+01,7.334466558195011920e+00
7.767933695341525890e+01,7.288794761422684232e+00
7.769934266933410072e+01,7.188853180180989177e+00
7.771934838525292832e+01,7.368853603056944479e+00
7.773935410117177014e+01,7.718340395071512816e+00
7.775935981709059774e+01,7.998959824972079247e+00
7.777936553300943956e+01,7.166486559217706720e+00
7.779937124892826716e+01,6.236190222255961757e+00
7.781937696484710898e+01,6.863527756600423579e+00
7.783938268076593658e+01,6.656143377540130857e+00
7.785938839668476419e+01,6.078721620746683207e+00
7.787939411260360600e+01,6.472519892887778958e+00
7.789939982852243361e+01,6.200047075658188689e+00
7.791940554444127542e+01,6.332015226893162207e+00
7.793941126036010303e+01,5.761319065563440311e+00
7.795941697627894484e+01,5.346565741135909100e+00
7.797942269219777245e+01,5.115507113416283502e+00
7.799942840811661426e+01,5.568030755790297270e+00
7.801943412403544187e+01,5.832844957669252040e+00
7.803943983995426947e+01,5.889789364880116729e+00
7.805944555587311129e+01,4.945804781039591091e+00
7.807945127179193889e+01,5.180689901238570982e+00
7.809945698771078071e+01,5.335348939746680230e+00
7.811946270362960831e+01,6.064756704289824718e+00
7.813946841954845013e+01,5.663507717021830423e+00
7.815947413546727773e+01,5.267634400085330348e+00
7.817947985138611955e+01,5.309371671035598261e+00
7.819948556730494715e+01,5.406721245078417226e+00
7.821949128322378897e+01,5.839072811114685457e+00
7.823949699914261657e+01,5.856102414083511398e+00
7.825950271506144418e+01,5.377304417987781804e+00
7.827950843098028599e+01,5.697387284529471074e+00
7.829951414689911360e+01,5.140334575038514764e+00
7.831951986281795541e+01,6.130552493838051120e+00
7.833952557873678302e+01,5.880092585976520958e+00
7.835953129465562483e+01,6.744821149446362796e+00
7.837953701057445244e+01,6.055006623125475329e+00
7.839954272649329425e+01,5.586194149633745276e+00
7.841954844241212186e+01,5.579677611844363838e+00
7.843955415833094946e+01,5.650556370031052822e+00
7.845955987424979128e+01,6.477586354645015199e+00
7.847956559016861888e+01,6.698065236359139973e+00
7.849957130608746070e+01,6.308982223752266805e+00
7.851957702200628830e+01,6.546220150535026150e+00
7.853958273792513012e+01,5.615165701749092797e+00
7.855958845384395772e+01,6.289495778499065715e+00
7.857959416976279954e+01,5.276914441268901079e+00
7.859959988568162714e+01,6.293230041194945557e+00
7.861960560160045475e+01,5.824753058581035425e+00
7.863961131751929656e+01,5.152600005339841971e+00
7.865961703343812417e+01,5.681471265635865464e+00
7.867962274935696598e+01,5.294866846795834192e+00
7.869962846527579359e+01,5.355077984061797025e+00
7.871963418119463540e+01,4.876510006870613090e+00
7.873963989711346301e+01,5.004383536092620766e+00
7.875964561303230482e+01,5.139990360916649514e+00
7.877965132895113243e+01,5.164879877649506845e+00
7.879965704486996003e+01,4.420616169169148790e+00
7.881966276078880185e+01,3.994922962187671622e+00
7.883966847670762945e+01,4.845590445065885987e+00
7.885967419262647127e+01,4.588564374749546815e+00
7.887967990854529887e+01,4.553174638999201385e+00
7.889968562446414069e+01,4.481146227807649929e+00
7.891969134038296829e+01,4.663710237612292531e+00
7.893969705630181011e+01,3.710271076688601344e+00
7.895970277222063771e+01,3.999406779695553915e+00
7.897970848813946532e+01,4.746720844448651278e+00
7.899971420405830713e+01,3.571104501073897097e+00
7.901971991997713474e+01,4.508753378032239745e+00
7.903972563589597655e+01,4.001857916455104913e+00
7.905973135181480416e+01,4.742324640148965820e+00
7.907973706773364597e+01,4.221302401581533914e+00
7.909974278365247358e+01,3.731945716799632162e+00
7.911974849957131539e+01,3.986641219886314591e+00
7.913975421549014300e+01,4.836085892722110202e+00
7.915975993140898481e+01,3.880819256335614753e+00
7.917976564732781242e+01,4.089423165626066670e+00
7.919977136324664002e+01,3.979083636205134056e+00
7.921977707916548184e+01,4.136951828253423891e+00
7.923978279508430944e+01,4.343859434975686717e+00
7.925978851100315126e+01,4.170181544509411253e+00
7.927979422692197886e+01,3.793976651282798596e+00
7.929979994284082068e+01,4.182048202257874436e+00
7.931980565875964828e+01,4.357721945297275745e+00
7.933981137467849010e+01,4.486060879307126825e+00
7.935981709059731770e+01,4.110243762407066015e+00
7.937982280651614531e+01,3.641295687561578731e+00
7.939982852243498712e+01,3.885694273363397677e+00
7.941983423835381473e+01,4.331824902608694572e+00
7.943983995427265654e+01,5.144712407790643205e+00
7.945984567019148415e+01,4.095335915945969241e+00
7.947985138611032596e+01,3.923786697024262082e+00
7.949985710202915357e+01,3.902079832076263965e+00
7.951986281794799538e+01,3.962729236016615531e+00
7.953986853386682299e+01,4.278133931508943277e+00
7.955987424978565059e+01,4.513283351737686466e+00
7.957987996570449241e+01,4.067044603124649882e+00
7.959988568162332001e+01,4.107320732760886273e+00
7.961989139754216183e+01,4.605612884639281646e+00
7.963989711346098943e+01,4.977074209258846693e+00
7.965990282937983125e+01,4.792164164966841611e+00
7.967990854529865885e+01,4.321949316204941383e+00
7.969991426121750067e+01,4.175318919203230728e+00
7.971991997713632827e+01,4.102110406104429785e+00
7.973992569305515588e+01,4.742988174915691246e+00
7.975993140897399769e+01,4.538006057136391824e+00
7.977993712489282530e+01,4.591444182963436482e+00
7.979994284081166711e+01,4.350200981788505672e+00
7.981994855673049472e+01,4.231809698157588784e+00
7.983995427264933653e+01,5.009238828738109106e+00
7.985995998856816414e+01,4.849256197461880191e+00
7.987996570448700595e+01,4.035533935759541002e+00
7.989997142040583356e+01,3.753130123933152262e+00
7.991997713632466116e+01,4.556495068668882986e+00
7.993998285224350298e+01,3.622120753186040432e+00
7.995998856816233058e+01,4.139676614791708786e+00
7.997999428408117240e+01,4.275106337645696364e+00
8.000000000000000000e+01,3.678023254045871049e+00
