angle,intensity
1.000000000000000000e+01,6.584151419297088026e+00
1.002000571591883471e+01,7.595579300846939219e+00
1.004001143183766764e+01,7.791808772828257901e+00
1.006001714775650235e+01,7.678821683948283905e+00
1.008002286367533529e+01,7.340648473285352082e+00
1.010002857959417000e+01,7.710409272612004372e+00
1.012003429551300293e+01,8.342909480497002761e+00
1.014004001143183764e+01,7.315073846742661701e+00
1.016004572735067235e+01,8.336383901533322316e+00
1.018005144326950528e+01,7.894963580241745937e+00
1.020005715918833999e+01,8.388406685591988321e+00
1.022006287510717293e+01,7.647073441063961141e+00
1.024006859102600764e+01,7.868122448085591358e+00
1.026007430694484057e+01,8.421526006382149987e+00
1.028008002286367528e+01,8.678808176458892021e+00
1.030008573878250999e+01,8.398032153380798448e+00
1.032009145470134293e+01,8.673998912399756733e+00
1.034009717062017764e+01,9.186425090099163526e+00
1.036010288653901057e+01,8.273171734245998721e+00
1.038010860245784528e+01,8.233393506662970651e+00
1.040011431837667999e+01,8.967557308769613655e+00
1.042012003429551292e+01,8.832006063083067460e+00
1.044012575021434763e+01,8.878575287857522369e+00
1.046013146613318057e+01,9.256224731428591923e+00
1.048013718205201528e+01,9.210120588261618835e+00
1.050014289797084821e+01,9.482848795550768983e+00
1.052014861388968292e+01,9.766061349588728291e+00
1.054015432980851585e+01,1.034206865030826350e+01
1.056016004572735056e+01,9.381992898027942118e+00
1.058016576164618527e+01,9.542985673114582568e+00
1.060017147756501821e+01,1.052176507052537602e+01
1.062017719348385292e+01,1.003564313652740125e+01
1.064018290940268585e+01,1.010725361605585348e+01
1.066018862532152056e+01,1.044915719833599432e+01
1.068019434124035527e+01,1.112603920174850458e+01
1.070020005715918820e+01,1.127028011416219222e+01
1.072020577307802292e+01,1.102801183470943158e+01
1.074021148899685585e+01,1.077952870815890840e+01
1.076021720491569056e+01,1.170948844975713321e+01
1.078022292083452349e+01,1.135880460816439808e+01
1.080022863675335820e+01,1.160776706991532947e+01
1.082023435267219291e+01,1.174701612061759093e+01
1.084024006859102585e+01,1.244083747703064446e+01
1.086024578450986056e+01,1.196164172662992975e+01
1.088025150042869349e+01,1.227535543601962686e+01
1.090025721634752820e+01,1.219056793494437940e+01
1.092026293226636113e+01,1.282485046231178849e+01
1.094026864818519584e+01,1.225333372848092495e+01
1.096027436410403055e+01,1.328049683103649059e+01
1.098028008002286349e+01,1.313624496189940416e+01
1.100028579594169820e+01,1.292851322724877150e+01
1.102029151186053113e+01,1.393645323536107483e+01
1.104029722777936584e+01,1.351988085300317444e+01
1.106030294369819877e+01,1.416262551882179110e+01
1.108030865961703348e+01,1.421440855950152482e+01
1.110031437553586819e+01,1.415110232129786461e+01
1.112032009145470113e+01,1.499505403751679999e+01
1.114032580737353584e+01,1.455655067466895147e+01
1.116033152329236877e+01,1.533654695506973198e+01
1.118033723921120348e+01,1.498774452349397990e+01
1.120034295513003642e+01,1.530112043730204796e+01
1.122034867104887113e+01,1.599971403586810936e+01
1.124035438696770584e+01,1.622457408857565753e+01
1.126036010288653877e+01,1.588148632473344790e+01
1.128036581880537348e+01,1.705645390678135698e+01
1.130037153472420641e+01,1.623336235722395315e+01
1.132037725064304112e+01,1.691201188787199428e+01
1.134038296656187583e+01,1.772686934148112314e+01
1.136038868248070877e+01,1.767893811299119733e+01
1.138039439839954348e+01,1.793328443851088494e+01
1.140040011431837641e+01,1.838698367839859671e+01
1.142040583023721112e+01,1.836974767937542907e+01
1.144041154615604405e+01,1.832500702934358117e+01
1.146041726207487876e+01,1.930008769497735699e+01
1.148042297799371170e+01,1.953199480894792828e+01
1.150042869391254641e+01,1.984219669830031307e+01
1.152043440983138112e+01,2.001344622176755195e+01
1.154044012575021405e+01,2.032578660742836263e+01
1.156044584166904876e+01,2.042725507670414231e+01
1.158045155758788169e+01,2.135427297666702273e+01
1.160045727350671640e+01,2.079702515040013111e+01
1.162046298942555111e+01,2.219995579909570438e+01
1.164046870534438405e+01,2.179840402108452935e+01
1.166047442126321876e+01,2.207294821168263610e+01
1.168048013718205169e+01,2.278398658010075906e+01
1.170048585310088640e+01,2.229190954294116267e+01
1.172049156901971934e+01,2.355075109180726400e+01
1.174049728493855405e+01,2.363575127101279350e+01
1.176050300085738698e+01,2.377003400799991084e+01
1.178050871677622169e+01,2.439535464254730357e+01
1.180051443269505640e+01,2.450799147602663197e+01
1.182052014861388933e+01,2.555366024589491758e+01
1.184052586453272404e+01,2.490341726302454717e+01
1.186053158045155698e+01,2.671507360732779546e+01
1.188053729637039169e+01,2.615228821667699322e+01
1.190054301228922640e+01,2.714209802882638911e+01
1.192054872820805933e+01,2.733970581879791695e+01
1.194055444412689404e+01,2.764936647743911635e+01
1.196056016004572697e+01,2.829167327960279010e+01
1.198056587596456168e+01,2.813644676442248738e+01
1.200057159188339639e+01,2.920236807862084305e+01
1.202057730780222933e+01,2.999201662555032044e+01
1.204058302372106226e+01,2.965713438222007881e+01
1.206058873963989697e+01,3.017752001177598231e+01
1.208059445555873168e+01,3.135999208475438493e+01
1.210060017147756461e+01,3.047132043420062786e+01
1.212060588739639932e+01,3.212142385883956308e+01
1.214061160331523226e+01,3.227789578172020413e+01
1.216061731923406697e+01,3.123335711703790096e+01
1.218062303515290168e+01,3.182385847885736752e+01
1.220062875107173461e+01,3.183202577817492340e+01
1.222063446699056932e+01,3.193507794458218285e+01
1.224064018290940226e+01,3.302183311197248372e+01
1.226064589882823697e+01,3.207280753273256835e+01
1.228065161474707168e+01,3.173816359412641930e+01
1.230065733066590461e+01,3.177918902696811898e+01
1.232066304658473754e+01,3.127088743642902813e+01
1.234066876250357225e+01,3.068796114668474928e+01
1.236067447842240696e+01,3.028420531374152347e+01
1.238068019434123990e+01,2.965886474774948312e+01
1.240068591026007461e+01,2.875662595742536354e+01
1.242069162617890754e+01,2.776966517977218984e+01
1.244069734209774225e+01,2.725749755504901373e+01
1.246070305801657696e+01,2.640017057655802546e+01
1.248070877393540989e+01,2.500658714748113454e+01
1.250071448985424460e+01,2.332370898359144462e+01
1.252072020577307754e+01,2.242826887114705414e+01
1.254072592169191225e+01,2.126464135589549542e+01
1.256073163761074696e+01,1.967968021112871568e+01
1.258073735352957989e+01,1.829521994910156479e+01
1.260074306944841460e+01,1.747834796811701707e+01
1.262074878536724754e+01,1.562939020041990901e+01
1.264075450128608225e+01,1.435032298022139940e+01
1.266076021720491518e+01,1.475403670187479932e+01
1.268076593312374989e+01,1.263198739908969692e+01
1.270077164904258282e+01,1.208149883926455104e+01
1.272077736496141753e+01,1.121071176725186902e+01
1.274078308088025224e+01,1.166128609765540247e+01
1.276078879679908518e+01,1.015829557487867874e+01
1.278079451271791989e+01,1.038125735083069934e+01
1.280080022863675282e+01,9.793749336919129078e+00
1.282080594455558753e+01,9.416575190774853610e+00
1.284081166047442224e+01,9.408981696810377215e+00
1.286081737639325517e+01,8.564399762669031801e+00
1.288082309231208988e+01,8.395693962478970818e+00
1.290082880823092282e+01,8.016269854018830188e+00
1.292083452414975753e+01,7.506924168147227405e+00
1.294084024006859224e+01,6.981150546226745135e+00
1.296084595598742517e+01,6.927126270006199960e+00
1.298085167190625810e+01,6.607081710314024470e+00
1.300085738782509281e+01,7.471957211902369167e+00
1.302086310374392752e+01,7.248173586183295214e+00
1.304086881966276046e+01,6.647372180461299074e+00
1.306087453558159517e+01,6.498675732134657324e+00
1.308088025150042810e+01,7.170546338001170028e+00
1.310088596741926281e+01,6.452088118191937838e+00
1.312089168333809752e+01,7.238926127336172911e+00
1.314089739925693046e+01,6.212387180132424191e+00
1.316090311517576517e+01,6.877725597981752870e+00
1.318090883109459810e+01,5.900440505699252824e+00
1.320091454701343281e+01,6.701339384025408741e+00
1.322092026293226752e+01,6.738229281234843882e+00
1.324092597885110045e+01,5.918696502030599049e+00
1.326093169476993339e+01,7.098365916062693515e+00
1.328093741068876810e+01,7.246708209277671564e+00
1.330094312660760281e+01,7.177604332637018025e+00
1.332094884252643574e+01,6.306266796394494278e+00
1.334095455844527045e+01,5.880259133619972545e+00
1.336096027436410338e+01,5.749549413732458092e+00
1.338096599028293809e+01,6.671041235595897234e+00
1.340097170620177280e+01,6.172001548817281247e+00
1.342097742212060574e+01,6.831722613154200374e+00
1.344098313803944045e+01,6.495619255416366755e+00
1.346098885395827338e+01,6.606762020065422902e+00
1.348099456987710809e+01,7.159311491153898643e+00
1.350100028579594280e+01,7.448723428365591204e+00
1.352100600171477573e+01,6.579740681015668002e+00
1.354101171763361044e+01,7.283887930906375985e+00
1.356101743355244338e+01,7.206643494620332824e+00
1.358102314947127809e+01,5.873467431470768219e+00
1.360102886539011102e+01,6.798296709747893907e+00
1.362103458130894573e+01,7.376000479774973861e+00
1.364104029722777867e+01,6.626279366829161077e+00
1.366104601314661338e+01,6.876327133972749195e+00
1.368105172906544809e+01,6.757195429798418473e+00
1.370105744498428102e+01,6.577000288627132818e+00
1.372106316090311573e+01,6.548936099264709654e+00
1.374106887682194866e+01,6.541833824651210882e+00
1.376107459274078337e+01,6.830180719327070271e+00
1.378108030865961808e+01,7.597578532438314269e+00
1.380108602457845102e+01,5.938309949478583150e+00
1.382109174049728573e+01,6.964756900101834347e+00
1.384109745641611866e+01,6.446293750852659876e+00
1.386110317233495337e+01,7.280599820362279928e+00
1.388110888825378808e+01,7.725377144393514861e+00
1.390111460417262101e+01,6.957982792656845383e+00
1.392112032009145395e+01,6.600068571802485629e+00
1.394112603601028866e+01,6.900081697148312543e+00
1.396113175192912337e+01,6.394076540077046289e+00
1.398113746784795630e+01,7.240483949633570226e+00
1.400114318376679101e+01,6.909858840160469029e+00
1.402114889968562395e+01,7.623058710348908917e+00
1.404115461560445866e+01,7.202167330001205237e+00
1.406116033152329337e+01,7.188938779915578614e+00
1.408116604744212630e+01,7.764863223384322666e+00
1.410117176336095923e+01,7.286111738546212635e+00
1.412117747927979394e+01,6.894145271100923011e+00
1.414118319519862865e+01,7.430321925689809426e+00
1.416118891111746336e+01,8.194198549295087730e+00
1.418119462703629630e+01,7.877640980290334660e+00
1.420120034295512923e+01,8.403577419206140320e+00
1.422120605887396394e+01,7.900902315688236754e+00
1.424121177479279865e+01,7.665991426778638207e+00
1.426121749071163336e+01,7.916021320112957227e+00
1.428122320663046629e+01,7.168916805948935433e+00
1.430122892254929923e+01,7.856150249292502608e+00
1.432123463846813394e+01,8.414449636413277034e+00
1.434124035438696865e+01,7.602030635308292261e+00
1.436124607030580158e+01,8.057935097307865391e+00
1.438125178622463629e+01,7.340702461721710037e+00
1.440125750214346922e+01,7.327515476336769140e+00
1.442126321806230393e+01,7.239750767891356631e+00
1.444126893398113864e+01,7.603646547700162017e+00
1.446127464989997158e+01,8.362254514627021962e+00
1.448128036581880451e+01,7.009547275144218936e+00
1.450128608173763922e+01,7.558637432956833990e+00
1.452129179765647393e+01,7.011600611478444378e+00
1.454129751357530864e+01,7.723652967495914012e+00
1.456130322949414158e+01,7.295737057007938731e+00
1.458130894541297451e+01,6.606861763613594007e+00
1.460131466133180922e+01,7.506505276782519331e+00
1.462132037725064393e+01,7.110169378301021581e+00
1.464132609316947686e+01,6.428195171120292706e+00
1.466133180908831157e+01,6.904780275783489074e+00
1.468133752500714451e+01,6.901904068545327675e+00
1.470134324092597922e+01,5.658455699749725731e+00
1.472134895684481393e+01,5.874966509873711829e+00
1.474135467276364686e+01,6.214507170460324303e+00
1.476136038868247979e+01,4.874195832151270835e+00
1.478136610460131450e+01,5.366972827559762571e+00
1.480137182052014921e+01,6.179604252775135365e+00
1.482137753643898392e+01,5.409620775545793236e+00
1.484138325235781686e+01,5.283379539185260931e+00
1.486138896827664979e+01,5.811730555685603150e+00
1.488139468419548450e+01,5.368162880386533331e+00
1.490140040011431921e+01,4.968699483486163970e+00
1.492140611603315392e+01,4.949514299727042044e+00
1.494141183195198685e+01,5.030548963886605662e+00
1.496141754787081979e+01,4.462549771188268011e+00
1.498142326378965450e+01,4.638267069595084280e+00
1.500142897970848921e+01,4.503131502457643265e+00
1.502143469562732214e+01,5.362654371936663722e+00
1.504144041154615508e+01,4.711192584811787043e+00
1.506144612746498979e+01,4.474503925225747025e+00
1.508145184338382450e+01,5.207765789086828079e+00
1.510145755930265921e+01,5.670153440944429413e+00
1.512146327522149214e+01,4.916179002370486550e+00
1.514146899114032507e+01,5.030990440574047540e+00
1.516147470705915978e+01,4.787281695406222504e+00
1.518148042297799449e+01,4.381649961160768214e+00
1.520148613889682920e+01,5.319666607197258479e+00
1.522149185481566214e+01,4.782779150703836635e+00
1.524149757073449507e+01,4.222824621694123870e+00
1.526150328665332978e+01,5.079013793425341206e+00
1.528150900257216449e+01,4.792041223927657967e+00
1.530151471849099742e+01,4.722416423071734926e+00
1.532152043440983036e+01,5.430301632147200408e+00
1.534152615032866507e+01,5.257336383302183336e+00
1.536153186624749978e+01,5.057291058547514595e+00
1.538153758216633449e+01,4.943079987596346925e+00
1.540154329808516742e+01,4.832439369594238698e+00
1.542154901400400036e+01,4.550123236063152277e+00
1.544155472992283507e+01,4.793015302486184126e+00
1.546156044584166978e+01,4.198983260430989795e+00
1.548156616176050449e+01,4.369472552209689553e+00
1.550157187767933742e+01,5.057747009498424262e+00
1.552157759359817035e+01,4.522548691756533401e+00
1.554158330951700506e+01,5.025154081874413592e+00
1.556158902543583977e+01,4.512331972026215610e+00
1.558159474135467271e+01,5.737517632068168894e+00
1.560160045727350742e+01,5.159857449692110798e+00
1.562160617319234035e+01,4.497862231560365132e+00
1.564161188911117506e+01,4.862964993204739628e+00
1.566161760503000977e+01,5.025276429448936710e+00
1.568162332094884270e+01,4.366029537423589346e+00
1.570162903686767564e+01,5.080819603805760920e+00
1.572163475278651035e+01,4.734888898546319780e+00
1.574164046870534506e+01,4.851555743825933575e+00
1.576164618462417977e+01,5.064634699842648580e+00
1.578165190054301270e+01,4.651859550971426671e+00
1.580165761646184563e+01,4.949859955708252102e+00
1.582166333238068034e+01,4.469080606159396396e+00
1.584166904829951505e+01,4.198124824208485428e+00
1.586167476421834799e+01,5.123547435312008069e+00
1.588168048013718270e+01,4.984919797864217017e+00
1.590168619605601563e+01,5.085011750931133889e+00
1.592169191197485034e+01,5.163571003010615001e+00
1.594169762789368505e+01,5.644470326646891856e+00
1.596170334381251799e+01,5.359974750684630251e+00
1.598170905973135092e+01,4.708875048414759235e+00
1.600171477565018563e+01,5.091303481570212952e+00
1.602172049156902034e+01,5.642474665205066131e+00
1.604172620748785505e+01,5.089805739260357953e+00
1.606173192340668976e+01,5.556153751855863909e+00
1.608173763932552092e+01,5.486413815082383572e+00
1.610174335524435563e+01,5.004350793197081870e+00
1.612174907116319034e+01,6.010423670742842894e+00
1.614175478708202505e+01,5.142013913747238263e+00
1.616176050300085620e+01,5.601105217405885739e+00
1.618176621891969091e+01,6.613151714327412556e+00
1.620177193483852562e+01,5.437630294235658468e+00
1.622177765075736033e+01,6.595398372631146700e+00
1.624178336667619504e+01,6.071622733372525005e+00
1.626178908259502620e+01,6.177847092737131618e+00
1.628179479851386091e+01,7.154917583656186686e+00
1.630180051443269562e+01,6.735109976935284237e+00
1.632180623035153033e+01,6.195278923582814734e+00
1.634181194627036149e+01,6.039909870134481551e+00
1.636181766218919620e+01,6.697795868586144508e+00
1.638182337810803091e+01,7.189460195981654422e+00
1.640182909402686562e+01,6.759426541893080120e+00
1.642183480994570033e+01,7.319494249169355982e+00
1.644184052586453504e+01,7.768801316671849477e+00
1.646184624178336620e+01,6.762382613919614371e+00
1.648185195770220091e+01,8.521203613807767141e+00
1.650185767362103562e+01,8.436228497047780550e+00
1.652186338953986677e+01,8.022111179638214296e+00
1.654186910545870148e+01,8.354982320451144417e+00
1.656187482137753619e+01,8.868915007289416508e+00
1.658188053729637090e+01,8.556273961348043855e+00
1.660188625321520561e+01,8.910765538895061511e+00
1.662189196913404032e+01,9.036778140503940904e+00
1.664189768505287148e+01,9.195293919158654461e+00
1.666190340097170619e+01,9.312145325131767848e+00
1.668190911689054090e+01,9.048440963650463686e+00
1.670191483280937561e+01,1.054574999313576456e+01
1.672192054872820677e+01,1.021964229144981928e+01
1.674192626464704148e+01,1.068592241984502778e+01
1.676193198056587619e+01,1.031152749717179873e+01
1.678193769648471090e+01,1.057596464043725248e+01
1.680194341240354561e+01,1.055090021540435075e+01
1.682194912832238032e+01,1.136483825288401661e+01
1.684195484424121148e+01,1.189085292342491584e+01
1.686196056016004619e+01,1.226505383177844166e+01
1.688196627607888090e+01,1.289045595823384360e+01
1.690197199199771205e+01,1.171612751504493666e+01
1.692197770791654676e+01,1.316063600057781180e+01
1.694198342383538147e+01,1.308524971163725681e+01
1.696198913975421618e+01,1.391706480358888953e+01
1.698199485567305089e+01,1.364788055854831939e+01
1.700200057159188560e+01,1.434688632198273517e+01
1.702200628751071676e+01,1.463244820580239569e+01
1.704201200342955147e+01,1.573606176191023032e+01
1.706201771934838618e+01,1.576259746444153009e+01
1.708202343526722089e+01,1.589666494842647637e+01
1.710202915118605205e+01,1.591505908338372777e+01
1.712203486710488676e+01,1.619507214774438708e+01
1.714204058302372147e+01,1.734188684019825288e+01
1.716204629894255618e+01,1.724951047593678766e+01
1.718205201486139089e+01,1.877313865565755790e+01
1.720205773078022204e+01,1.869089542674909410e+01
1.722206344669905675e+01,1.899273081315404710e+01
1.724206916261789146e+01,1.972586957480678294e+01
1.726207487853672617e+01,1.933573466336081381e+01
1.728208059445555733e+01,2.074528169357409979e+01
1.730208631037439204e+01,2.056643908377629870e+01
1.732209202629322675e+01,2.054678062637777103e+01
1.734209774221206146e+01,2.209224107954765515e+01
1.736210345813089617e+01,2.296523815087184772e+01
1.738210917404973088e+01,2.294439633982372584e+01
1.740211488996856204e+01,2.372274551277718757e+01
1.742212060588739675e+01,2.400749880169884065e+01
1.744212632180623146e+01,2.354072135492064177e+01
1.746213203772506262e+01,2.481212157551656006e+01
1.748213775364389733e+01,2.599275749949218905e+01
1.750214346956273204e+01,2.588097215643298910e+01
1.752214918548156675e+01,2.641376294682211068e+01
1.754215490140040146e+01,2.708625866754541534e+01
1.756216061731923617e+01,2.640253040878457114e+01
1.758216633323806732e+01,2.678129033904614076e+01
1.760217204915690203e+01,2.704396290335677833e+01
1.762217776507573674e+01,2.641773461661335176e+01
1.764218348099457145e+01,2.700625070610649914e+01
1.766218919691340261e+01,2.734839101871246925e+01
1.768219491283223732e+01,2.692632895545173000e+01
1.770220062875107203e+01,2.620908204389966301e+01
1.772220634466990674e+01,2.599899482940656270e+01
1.774221206058874145e+01,2.482958307949227361e+01
1.776221777650757616e+01,2.438847832727515907e+01
1.778222349242640732e+01,2.386940814010291234e+01
1.780222920834524203e+01,2.211156446852991309e+01
1.782223492426407674e+01,2.119276927879068495e+01
1.784224064018290790e+01,2.012689666303892722e+01
1.786224635610174261e+01,1.892868726185995243e+01
1.788225207202057732e+01,1.721305159186688272e+01
1.790225778793941203e+01,1.750090030371008609e+01
1.792226350385824674e+01,1.530206611034172326e+01
1.794226921977708145e+01,1.401974546258646193e+01
1.796227493569591260e+01,1.356547469973736142e+01
1.798228065161474731e+01,1.258845780712280771e+01
1.800228636753358202e+01,1.141332800351397125e+01
1.802229208345241318e+01,1.007567273640623284e+01
1.804229779937124789e+01,1.000172655128797317e+01
1.806230351529008260e+01,9.971814461924852324e+00
1.808230923120891731e+01,8.969577880469401521e+00
1.810231494712775202e+01,8.680734846502158319e+00
1.812232066304658673e+01,8.014884782389179563e+00
1.814232637896542144e+01,7.497602447803437542e+00
1.816233209488425260e+01,7.848397683951048975e+00
1.818233781080308731e+01,6.931835122565331631e+00
1.820234352672191847e+01,7.152654875492953757e+00
1.822234924264075318e+01,6.967026227728447374e+00
1.824235495855958789e+01,6.333302122940050793e+00
1.826236067447842260e+01,7.121215641481091652e+00
1.828236639039725731e+01,5.847729063165660435e+00
1.830237210631609202e+01,5.801264169557969197e+00
1.832237782223492673e+01,6.049440354008839726e+00
1.834238353815375788e+01,6.071333206268284322e+00
1.836238925407259259e+01,5.647380588974868942e+00
1.838239496999142730e+01,5.446222181052384315e+00
1.840240068591025846e+01,6.093351205540863624e+00
1.842240640182909317e+01,6.151958417344073560e+00
1.844241211774792788e+01,6.106184271409986764e+00
1.846241783366676259e+01,5.572644602699583061e+00
1.848242354958559730e+01,6.131423547975381361e+00
1.850242926550443201e+01,5.948673089165582795e+00
1.852243498142326672e+01,6.125177395500030819e+00
1.854244069734209788e+01,5.444458804253834217e+00
1.856244641326093259e+01,6.231949874972811720e+00
1.858245212917976374e+01,6.572928067336462732e+00
1.860245784509859845e+01,5.836359261749342053e+00
1.862246356101743316e+01,6.014259342999077163e+00
1.864246927693626787e+01,6.607781182522256103e+00
1.866247499285510258e+01,5.743671616224427012e+00
1.868248070877393729e+01,6.575395337432804688e+00
1.870248642469277200e+01,6.616431655586645810e+00
1.872249214061160316e+01,7.331055814137002358e+00
1.874249785653043787e+01,6.626417358595162455e+00
1.876250357244927258e+01,6.658439317615767905e+00
1.878250928836810374e+01,7.275586493034410296e+00
1.880251500428693845e+01,7.188140967572502760e+00
1.882252072020577316e+01,7.090633637491233543e+00
1.884252643612460787e+01,6.232751102673818266e+00
1.886253215204344258e+01,7.483360788486504767e+00
1.888253786796227729e+01,6.618231691895651636e+00
1.890254358388111200e+01,7.930141916266089552e+00
1.892254929979994316e+01,7.464470721408209108e+00
1.894255501571877787e+01,7.205217468598039687e+00
1.896256073163760902e+01,7.503526919330891332e+00
1.898256644755644373e+01,7.585806140630264593e+00
1.900257216347527844e+01,7.597874767018218733e+00
1.902257787939411315e+01,8.185323489841907829e+00
1.904258359531294786e+01,8.455446472524288382e+00
1.906258931123178257e+01,7.887610296296587720e+00
1.908259502715061728e+01,7.620212812605323016e+00
1.910260074306944844e+01,8.133175014033511729e+00
1.912260645898828315e+01,8.685451273383858251e+00
1.914261217490711431e+01,7.677515277075174893e+00
1.916261789082594902e+01,7.264728121441355491e+00
1.918262360674478373e+01,8.114945157094636485e+00
1.920262932266361844e+01,7.928970231752609621e+00
1.922263503858245315e+01,8.018964771963265292e+00
1.924264075450128786e+01,7.363870092265353939e+00
1.926264647042012257e+01,8.847382153973171626e+00
1.928265218633895373e+01,7.619250010396640960e+00
1.930265790225778844e+01,8.079405736930175053e+00
1.932266361817662315e+01,7.153160470430163898e+00
1.934266933409545430e+01,7.629894852848660314e+00
1.936267505001428901e+01,8.108165338906427877e+00
1.938268076593312372e+01,8.074683880898250621e+00
1.940268648185195843e+01,7.489882942299482593e+00
1.942269219777079314e+01,7.485775776687995986e+00
1.944269791368962785e+01,7.780011462975930492e+00
1.946270362960846256e+01,8.599198832736918874e+00
1.948270934552729372e+01,8.219781948216169809e+00
1.950271506144612843e+01,8.928464366712528744e+00
1.952272077736495959e+01,8.697094308040906441e+00
1.954272649328379430e+01,8.671670939835879111e+00
1.956273220920262901e+01,8.723151201196198912e+00
1.958273792512146372e+01,9.542900638572671568e+00
1.960274364104029843e+01,9.138722453444916738e+00
1.962274935695913314e+01,8.846225164516486217e+00
1.964275507287796785e+01,9.443256412636177544e+00
1.966276078879679901e+01,8.877452570726799053e+00
1.968276650471563372e+01,9.848359233369912147e+00
1.970277222063446487e+01,1.028717354294930786e+01
1.972277793655329958e+01,1.059292560609006451e+01
1.974278365247213429e+01,1.033183141871516675e+01
1.976278936839096900e+01,1.041168547748188011e+01
1.978279508430980371e+01,1.094110866932971504e+01
1.980280080022863842e+01,1.119483355201901631e+01
1.982280651614747313e+01,1.076283128285024304e+01
1.984281223206630784e+01,1.052803878019805239e+01
1.986281794798513900e+01,1.194303038870619460e+01
1.988282366390397371e+01,1.194891906790114788e+01
1.990282937982280487e+01,1.156292754046690163e+01
1.992283509574163958e+01,1.183806789243244495e+01
1.994284081166047429e+01,1.258969205642951650e+01
1.996284652757930900e+01,1.233116146465070173e+01
1.998285224349814371e+01,1.195250277473859413e+01
2.000285795941697842e+01,1.154010257052888733e+01
2.002286367533581313e+01,1.275410244568949025e+01
2.004286939125464428e+01,1.161375206832145857e+01
2.006287510717347899e+01,1.199473987189237612e+01
2.008288082309231015e+01,1.211143935416046702e+01
2.010288653901114486e+01,1.112905443598251054e+01
2.012289225492997957e+01,1.079237606738772470e+01
2.014289797084881428e+01,1.036524323589484808e+01
2.016290368676764899e+01,1.033692213234423107e+01
2.018290940268648370e+01,9.419250073930999889e+00
2.020291511860531841e+01,9.515366454832484777e+00
2.022292083452414957e+01,8.519357909495370862e+00
2.024292655044298428e+01,7.891189555861554794e+00
2.026293226636181899e+01,7.828240513703496717e+00
2.028293798228065015e+01,7.529491268219356215e+00
2.030294369819948486e+01,7.213598647170915257e+00
2.032294941411831957e+01,6.371077364010540478e+00
2.034295513003715428e+01,6.658028619263355097e+00
2.036296084595598899e+01,6.571464448307062334e+00
2.038296656187482370e+01,5.618436082757826355e+00
2.040297227779365841e+01,5.453367826808587893e+00
2.042297799371248956e+01,5.158168553815766444e+00
2.044298370963132427e+01,4.584665885328996993e+00
2.046298942555015543e+01,5.354078083511899067e+00
2.048299514146899014e+01,4.731676960733508963e+00
2.050300085738782485e+01,4.397581532562480966e+00
2.052300657330665956e+01,4.803413247797282182e+00
2.054301228922549427e+01,4.233726399945664909e+00
2.056301800514432898e+01,4.822534120116034551e+00
2.058302372106316369e+01,4.525367817814041516e+00
2.060302943698199485e+01,4.630564009956922078e+00
2.062303515290082956e+01,4.418222471654121186e+00
2.064304086881966072e+01,4.876035009945931087e+00
2.066304658473849543e+01,4.251223338585514711e+00
2.068305230065733014e+01,4.728356583134322833e+00
2.070305801657616485e+01,4.695634930632939685e+00
2.072306373249499956e+01,5.449652430023444794e+00
2.074306944841383427e+01,4.678017503403561150e+00
2.076307516433266898e+01,3.992475877326889577e+00
2.078308088025150369e+01,5.069146157621831073e+00
2.080308659617033484e+01,5.103286279137971171e+00
2.082309231208916955e+01,4.287652951276480273e+00
2.084309802800800071e+01,5.255384265779298403e+00
2.086310374392683542e+01,4.908656698556653097e+00
2.088310945984567013e+01,4.327755325619569327e+00
2.090311517576450484e+01,4.605110892079053997e+00
2.092312089168333955e+01,5.046588402712048449e+00
2.094312660760217426e+01,5.093389633526404836e+00
2.096313232352100897e+01,5.175230944905474750e+00
2.098313803943984013e+01,5.735335584580225188e+00
2.100314375535867484e+01,5.945450968430808558e+00
2.102314947127750600e+01,5.799195702694774468e+00
2.104315518719634071e+01,5.493546980331215579e+00
2.106316090311517542e+01,5.752358200785861797e+00
2.108316661903401013e+01,5.945221478391340852e+00
2.110317233495284484e+01,6.288092114534018506e+00
2.112317805087167955e+01,5.827425936771939874e+00
2.114318376679051426e+01,6.397220051796722373e+00
2.116318948270934541e+01,6.052621129661886812e+00
2.118319519862818012e+01,5.608107120134926404e+00
2.120320091454701483e+01,6.919447432438113665e+00
2.122320663046584599e+01,6.312337305978015678e+00
2.124321234638468070e+01,6.644823917911175215e+00
2.126321806230351541e+01,7.269175602586506635e+00
2.128322377822235012e+01,6.719473892031846418e+00
2.130322949414118483e+01,6.185162261754449275e+00
2.132323521006001954e+01,6.293454038781218784e+00
2.134324092597885425e+01,7.841572932790750627e+00
2.136324664189768541e+01,6.496546483270123851e+00
2.138325235781652012e+01,7.066278072201437332e+00
2.140325807373535127e+01,8.151515759212294654e+00
2.142326378965418598e+01,7.872480963753313077e+00
2.144326950557302069e+01,8.102466949967620735e+00
2.146327522149185540e+01,7.571243718372334897e+00
2.148328093741069011e+01,8.148642622878849551e+00
2.150328665332952482e+01,8.598677287730525975e+00
2.152329236924835953e+01,8.172946158824203167e+00
2.154329808516719069e+01,7.978991458541866422e+00
2.156330380108602540e+01,8.832870215673338521e+00
2.158330951700485656e+01,8.773446242851299814e+00
2.160331523292369127e+01,8.302714727516871562e+00
2.162332094884252598e+01,8.411647212715537947e+00
2.164332666476136069e+01,8.601613931835704108e+00
2.166333238068019540e+01,8.212528351285820705e+00
2.168333809659903011e+01,7.395759806213949794e+00
2.170334381251786482e+01,7.830346041684944858e+00
2.172334952843669598e+01,7.569916973890578049e+00
2.174335524435553069e+01,8.162289924170680777e+00
2.176336096027436540e+01,7.835940766728398010e+00
2.178336667619319655e+01,7.511292354957383566e+00
2.180337239211203126e+01,6.520419377313656284e+00
2.182337810803086597e+01,7.711939936213846991e+00
2.184338382394970068e+01,7.625584025542338829e+00
2.186338953986853539e+01,7.013934890474692097e+00
2.188339525578737010e+01,6.919278530190895005e+00
2.190340097170620481e+01,6.490579412764119205e+00
2.192340668762503597e+01,6.189557675520786617e+00
2.194341240354387068e+01,6.147187765765869116e+00
2.196341811946270184e+01,5.998862000974324538e+00
2.198342383538153655e+01,5.632601334609496746e+00
2.200342955130037126e+01,6.634972107441891254e+00
2.202343526721920597e+01,6.121368803121923108e+00
2.204344098313804068e+01,5.742763256952772011e+00
2.206344669905687539e+01,5.958937287222680013e+00
2.208345241497571010e+01,6.730972941919338481e+00
2.210345813089454126e+01,6.637645787776309092e+00
2.212346384681337597e+01,6.435732487437001659e+00
2.214346956273221068e+01,6.979585730596330251e+00
2.216347527865104183e+01,7.523878542288841231e+00
2.218348099456987654e+01,7.641188544602407262e+00
2.220348671048871125e+01,6.702838782385404315e+00
2.222349242640754596e+01,7.626922641544208403e+00
2.224349814232638067e+01,7.330266539145875448e+00
2.226350385824521538e+01,8.138539043281125984e+00
2.228350957416405009e+01,7.597494579979975349e+00
2.230351529008288125e+01,7.575168671449180380e+00
2.232352100600171596e+01,7.374451027444864692e+00
2.234352672192054712e+01,8.309942450077059561e+00
2.236353243783938183e+01,7.908423415531071754e+00
2.238353815375821654e+01,8.373525054740996509e+00
2.240354386967705125e+01,8.965139852243094509e+00
2.242354958559588596e+01,8.454443072044938390e+00
2.244355530151472067e+01,9.254382251739476928e+00
2.246356101743355538e+01,8.458965412580194965e+00
2.248356673335238654e+01,8.617334920301230383e+00
2.250357244927122125e+01,8.814858885942037148e+00
2.252357816519005240e+01,8.300588187828569886e+00
2.254358388110888711e+01,9.535170595309672592e+00
2.256358959702772182e+01,1.001842482465970541e+01
2.258359531294655653e+01,8.651029536681907217e+00
2.260360102886539124e+01,9.168831748935449610e+00
2.262360674478422595e+01,8.937179513235735229e+00
2.264361246070306066e+01,8.796784569928437492e+00
2.266361817662189182e+01,9.388526919733978460e+00
2.268362389254072653e+01,8.408965731342608052e+00
2.270362960845956124e+01,7.765960567910996204e+00
2.272363532437839240e+01,9.266185764211797959e+00
2.274364104029722711e+01,8.111696679999250037e+00
2.276364675621606182e+01,8.429310948518358160e+00
2.278365247213489653e+01,8.510308793568643893e+00
2.280365818805373124e+01,7.428716928164021738e+00
2.282366390397256595e+01,8.040145308372393274e+00
2.284366961989140066e+01,7.532290307034351429e+00
2.286367533581023181e+01,7.343335240792017160e+00
2.288368105172906652e+01,7.633749641916723228e+00
2.290368676764789768e+01,7.473238357794711462e+00
2.292369248356673239e+01,7.433064859230187338e+00
2.294369819948556710e+01,6.895882554744042992e+00
2.296370391540440181e+01,6.262856896829916309e+00
2.298370963132323652e+01,6.633601150578519956e+00
2.300371534724207123e+01,6.566596896356662327e+00
2.302372106316090594e+01,6.216835307731320093e+00
2.304372677907973710e+01,5.940829301171776322e+00
2.306373249499857181e+01,4.848699039224533713e+00
2.308373821091740652e+01,6.064438294671482765e+00
2.310374392683623768e+01,4.940762175914030330e+00
2.312374964275507239e+01,5.155318956374443040e+00
2.314375535867390710e+01,5.487731326907804075e+00
2.316376107459274181e+01,4.181995554723243025e+00
2.318376679051157652e+01,4.865148776942619158e+00
2.320377250643041123e+01,4.157586671266940925e+00
2.322377822234924594e+01,5.283309148353783513e+00
2.324378393826807709e+01,4.564885212173176221e+00
2.326378965418691180e+01,3.718881632424236194e+00
2.328379537010574296e+01,4.750448143485306751e+00
2.330380108602457767e+01,3.993081303345016764e+00
2.332380680194341238e+01,4.827724812153146416e+00
2.334381251786224709e+01,4.400143571948577303e+00
2.336381823378108180e+01,4.892351322467420438e+00
2.338382394969991651e+01,4.118375137396366625e+00
2.340382966561875122e+01,3.988457941637077120e+00
2.342383538153758238e+01,3.932764660429277193e+00
2.344384109745641709e+01,3.920732056469426130e+00
2.346384681337524825e+01,3.657500001785111365e+00
2.348385252929408296e+01,3.532752286999019997e+00
2.350385824521291767e+01,3.738294608476103065e+00
2.352386396113175238e+01,4.185207225152104193e+00
2.354386967705058709e+01,4.660276995200694827e+00
2.356387539296942180e+01,4.544182615147197346e+00
2.358388110888825651e+01,4.399992702732297367e+00
2.360388682480708766e+01,4.646146331650491845e+00
2.362389254072592237e+01,4.973020796779914932e+00
2.364389825664475708e+01,5.115323722765335646e+00
2.366390397256358824e+01,5.252833254121107132e+00
2.368390968848242295e+01,4.536169996200845489e+00
2.370391540440125766e+01,4.606398420175657371e+00
2.372392112032009237e+01,5.127992068472575937e+00
2.374392683623892708e+01,4.324071605755362313e+00
2.376393255215776179e+01,4.405057626714107499e+00
2.378393826807659650e+01,4.919785254538894925e+00
2.380394398399542766e+01,5.218920477463804275e+00
2.382394969991426237e+01,5.113158139054711171e+00
2.384395541583309353e+01,5.240009503157904369e+00
2.386396113175192824e+01,5.505476234308424921e+00
2.388396684767076295e+01,4.421404622947271434e+00
2.390397256358959766e+01,5.038898786476963210e+00
2.392397827950843237e+01,5.618651975386422137e+00
2.394398399542726708e+01,5.321745767184751230e+00
2.396398971134610179e+01,5.371739920603722851e+00
2.398399542726493294e+01,5.000633006299614713e+00
2.400400114318376765e+01,5.686033551773616246e+00
2.402400685910260236e+01,5.798577712068571088e+00
2.404401257502143352e+01,5.954806325241786880e+00
2.406401829094026823e+01,5.626805627732460735e+00
2.408402400685910294e+01,5.936886308443947158e+00
2.410402972277793765e+01,6.594542530239360545e+00
2.412403543869677236e+01,6.489366745799551417e+00
2.414404115461560707e+01,6.495553595764965493e+00
2.416404687053444178e+01,6.519724013514515804e+00
2.418405258645327294e+01,6.756119912876139111e+00
2.420405830237210765e+01,7.142190589769194631e+00
2.422406401829093880e+01,8.391246424346622490e+00
2.424406973420977351e+01,8.495457676040336636e+00
2.426407545012860822e+01,9.157893833362891201e+00
2.428408116604744293e+01,8.680342726651179674e+00
2.430408688196627764e+01,9.275870474861914516e+00
2.432409259788511235e+01,9.138991282229655511e+00
2.434409831380394706e+01,9.905282551691705351e+00
2.436410402972277822e+01,1.012879991907567678e+01
2.438410974564161293e+01,1.121292056113279401e+01
2.440411546156044409e+01,1.120353580781094571e+01
2.442412117747927880e+01,1.204679430329917622e+01
2.444412689339811351e+01,1.192215722651971355e+01
2.446413260931694822e+01,1.255759362776263899e+01
2.448413832523578293e+01,1.283983521367109759e+01
2.450414404115461764e+01,1.317499559218260785e+01
2.452414975707345235e+01,1.436901561487655066e+01
2.454415547299228351e+01,1.392805690377562300e+01
2.456416118891111822e+01,1.481597659528869571e+01
2.458416690482995293e+01,1.584411009881554477e+01
2.460417262074878408e+01,1.726182944263118912e+01
2.462417833666761879e+01,1.767151427150218623e+01
2.464418405258645350e+01,1.773547046477777656e+01
2.466418976850528821e+01,1.874985773830715630e+01
2.468419548442412292e+01,2.027274155826206226e+01
2.470420120034295763e+01,2.072421876005253338e+01
2.472420691626179234e+01,2.081192468696082187e+01
2.474421263218062350e+01,2.215806978818042694e+01
2.476421834809945821e+01,2.261389766176338156e+01
2.478422406401828937e+01,2.422307720434452705e+01
2.480422977993712408e+01,2.401847973176801787e+01
2.482423549585595879e+01,2.511117134168904386e+01
2.484424121177479350e+01,2.641127132421328128e+01
2.486424692769362821e+01,2.706526301981877225e+01
2.488425264361246292e+01,2.742452394234725688e+01
2.490425835953129763e+01,2.799950144928167717e+01
2.492426407545012879e+01,2.802558659347266712e+01
2.494426979136896350e+01,2.887347003798358358e+01
2.496427550728779821e+01,2.935248919860938344e+01
2.498428122320662936e+01,2.935385203801712350e+01
2.500428693912546407e+01,2.966527112218415141e+01
2.502429265504429878e+01,2.851953068234083588e+01
2.504429837096313349e+01,2.842316227568656473e+01
2.506430408688196820e+01,2.899233358274990024e+01
2.508430980280080291e+01,2.785531155640358492e+01
2.510431551871963762e+01,2.646318084532276060e+01
2.512432123463846878e+01,2.629290369169445896e+01
2.514432695055730349e+01,2.531650452636288406e+01
2.516433266647613465e+01,2.379944627879289243e+01
2.518433838239496936e+01,2.336060251491812778e+01
2.520434409831380407e+01,2.143836215806689438e+01
2.522434981423263878e+01,2.014364587671878226e+01
2.524435553015147349e+01,1.971544919002935359e+01
2.526436124607030820e+01,1.960102020218411667e+01
2.528436696198914291e+01,1.763194279907894213e+01
2.530437267790797407e+01,1.745472285092716547e+01
2.532437839382680878e+01,1.598327667983544131e+01
2.534438410974563993e+01,1.523207226978605178e+01
2.536438982566447464e+01,1.550993861836845689e+01
2.538439554158330935e+01,1.404722300583752315e+01
2.540440125750214406e+01,1.371322740988991740e+01
2.542440697342097877e+01,1.388128038400584785e+01
2.544441268933981348e+01,1.293480983684561991e+01
2.546441840525864819e+01,1.274108745253007413e+01
2.548442412117747935e+01,1.169263882580877656e+01
2.550442983709631406e+01,1.108697992605445037e+01
2.552443555301514877e+01,1.177365785743559456e+01
2.554444126893397993e+01,1.057207004576016907e+01
2.556444698485281464e+01,1.014080303451324205e+01
2.558445270077164935e+01,1.073352948123583950e+01
2.560445841669048406e+01,1.009919316172781834e+01
2.562446413260931877e+01,9.849562162189613446e+00
2.564446984852815348e+01,9.517524420582175182e+00
2.566447556444698819e+01,9.533981938052860983e+00
2.568448128036581934e+01,9.791127484299734007e+00
2.570448699628465405e+01,9.931119730644676125e+00
2.572449271220348521e+01,9.610538875862470576e+00
2.574449842812231992e+01,1.030807438044692859e+01
2.576450414404115463e+01,9.932735230035454776e+00
2.578450985995998934e+01,1.033265989266695861e+01
2.580451557587882405e+01,1.059410470150244166e+01
2.582452129179765876e+01,1.063039162104436386e+01
2.584452700771649347e+01,1.077280395975590999e+01
2.586453272363532463e+01,1.143052059463748193e+01
2.588453843955415934e+01,1.181406720469453653e+01
2.590454415547299405e+01,1.210026513747849464e+01
2.592454987139182521e+01,1.205677118872451814e+01
2.594455558731065992e+01,1.263227453447495918e+01
2.596456130322949463e+01,1.350402012489717052e+01
2.598456701914832934e+01,1.328261931817004005e+01
2.600457273506716405e+01,1.397054394613377681e+01
2.602457845098599520e+01,1.442350739234630908e+01
2.604458416690482991e+01,1.483901603804824276e+01
2.606458988282366462e+01,1.441303641936579538e+01
2.608459559874249933e+01,1.472220320802565752e+01
2.610460131466133404e+01,1.617491398110501777e+01
2.612460703058016520e+01,1.620257248205220435e+01
2.614461274649899991e+01,1.693124001961459157e+01
2.616461846241783462e+01,1.659742434533895405e+01
2.618462417833666933e+01,1.776410142961683292e+01
2.620462989425550404e+01,1.824603025070150153e+01
2.622463561017433520e+01,1.883946926753013429e+01
2.624464132609316991e+01,1.900227141327170344e+01
2.626464704201200462e+01,1.998901662230792908e+01
2.628465275793083933e+01,2.057422588147336029e+01
2.630465847384967049e+01,2.183235905602699134e+01
2.632466418976850520e+01,2.250323946896011051e+01
2.634466990568733991e+01,2.339683218074739557e+01
2.636467562160617462e+01,2.414946799543880473e+01
2.638468133752500933e+01,2.491367930025427313e+01
2.640468705344384048e+01,2.686701854006112811e+01
2.642469276936267519e+01,2.803289096291037907e+01
2.644469848528150990e+01,2.885557573885633786e+01
2.646470420120034461e+01,3.011522541262247898e+01
2.648470991711917932e+01,3.191959365564529350e+01
2.650471563303801048e+01,3.193305118061279302e+01
2.652472134895684519e+01,3.475951000373741095e+01
2.654472706487567990e+01,3.611382316014128691e+01
2.656473278079451461e+01,3.718814003872137874e+01
2.658473849671334932e+01,3.902893182924570681e+01
2.660474421263218048e+01,3.961998234585968248e+01
2.662474992855101519e+01,4.115335143762478509e+01
2.664475564446984990e+01,4.405131079383760095e+01
2.666476136038868461e+01,4.601529914075715766e+01
2.668476707630751577e+01,4.755816795635630712e+01
2.670477279222635048e+01,4.943971061666108113e+01
2.672477850814518519e+01,5.182223898939207629e+01
2.674478422406401990e+01,5.434834539535613374e+01
2.676478993998285461e+01,5.537883128847197156e+01
2.678479565590168576e+01,5.802624882701948650e+01
2.680480137182052047e+01,5.998858208065556141e+01
2.682480708773935518e+01,6.109615140410841150e+01
2.684481280365818989e+01,6.322784841711298753e+01
2.686481851957702460e+01,6.477406511884079521e+01
2.688482423549585576e+01,6.601126171993901437e+01
2.690482995141469047e+01,6.671096343127778994e+01
2.692483566733352518e+01,6.735919580145318264e+01
2.694484138325235989e+01,6.818025259145295536e+01
2.696484709917119105e+01,6.802503047462326435e+01
2.698485281509002576e+01,6.821121696891498232e+01
2.700485853100886047e+01,6.670625275250455388e+01
2.702486424692769518e+01,6.473211572810112102e+01
2.704486996284652989e+01,6.424313048954476812e+01
2.706487567876536104e+01,6.113875559195558651e+01
2.708488139468419575e+01,5.925270912879652485e+01
2.710488711060303046e+01,5.634624740397001830e+01
2.712489282652186517e+01,5.335225284665555989e+01
2.714489854244069988e+01,5.021431153070039954e+01
2.716490425835953104e+01,4.771992729212900741e+01
2.718490997427836575e+01,4.435373491723561301e+01
2.720491569019720046e+01,4.201271264555921903e+01
2.722492140611603517e+01,3.857395012383189936e+01
2.724492712203486633e+01,3.595264858270194708e+01
2.726493283795370104e+01,3.433580285446977598e+01
2.728493855387253575e+01,3.251922201346856411e+01
2.730494426979137046e+01,3.162327741277568549e+01
2.732494998571020517e+01,3.040252162400128100e+01
2.734495570162903633e+01,2.997944934245486337e+01
2.736496141754787104e+01,2.989781998466726876e+01
2.738496713346670575e+01,2.846201073387651803e+01
2.740497284938554046e+01,2.903195723775579040e+01
2.742497856530437517e+01,2.879518486425503099e+01
2.744498428122320632e+01,2.910416286804658270e+01
2.746498999714204103e+01,3.083549987969122697e+01
2.748499571306087574e+01,3.033067829285747052e+01
2.750500142897971045e+01,3.216307943304068573e+01
2.752500714489854516e+01,3.333662945117844600e+01
2.754501286081737632e+01,3.476509161821786620e+01
2.756501857673621103e+01,3.569856083906690003e+01
2.758502429265504574e+01,3.804049413845842054e+01
2.760503000857388045e+01,3.887494452326093608e+01
2.762503572449271161e+01,4.096796584959423626e+01
2.764504144041154632e+01,4.292245856461966014e+01
2.766504715633038103e+01,4.428889223068696168e+01
2.768505287224921574e+01,4.707072598527089013e+01
2.770505858816805045e+01,4.863442072882924094e+01
2.772506430408688161e+01,5.231354580857542658e+01
2.774507002000571632e+01,5.467049688661062135e+01
2.776507573592455103e+01,5.804437608078334421e+01
2.778508145184338574e+01,6.019464594506947464e+01
2.780508716776222045e+01,6.279325308673472250e+01
2.782509288368105160e+01,6.607088738992216292e+01
2.784509859959988631e+01,6.859540687298749617e+01
2.786510431551872102e+01,7.226409718947832062e+01
2.788511003143755573e+01,7.469552005369695280e+01
2.790511574735638689e+01,7.858332946942678632e+01
2.792512146327522160e+01,8.199359816238035137e+01
2.794512717919405631e+01,8.505343183777176819e+01
2.796513289511289102e+01,8.737886575837475789e+01
2.798513861103172573e+01,9.096595705666689469e+01
2.800514432695055689e+01,9.261997133900459289e+01
2.802515004286939160e+01,9.561505205483325653e+01
2.804515575878822631e+01,9.697217303138558009e+01
2.806516147470706102e+01,9.898686686645075383e+01
2.808516719062589573e+01,9.923820776427550072e+01
2.810517290654472689e+01,9.957899832380060445e+01
2.812517862246356160e+01,9.879863755330498520e+01
2.814518433838239631e+01,9.770813560958724509e+01
2.816519005430123102e+01,9.694159056606511626e+01
2.818519577022006217e+01,9.449408765266130672e+01
2.820520148613889688e+01,9.153520502856869712e+01
2.822520720205773159e+01,8.895493608147566533e+01
2.824521291797656630e+01,8.538145864150413900e+01
2.826521863389540101e+01,8.217482839858706711e+01
2.828522434981423217e+01,7.785505511800532474e+01
2.830523006573306688e+01,7.377060562436579971e+01
2.832523578165190159e+01,6.904592305198804070e+01
2.834524149757073630e+01,6.521080409893006902e+01
2.836524721348957101e+01,6.149238433751911259e+01
2.838525292940840217e+01,5.707038530089864992e+01
2.840525864532723688e+01,5.332862146773794620e+01
2.842526436124607159e+01,5.094633428562386257e+01
2.844527007716490630e+01,4.735968372858220476e+01
2.846527579308374101e+01,4.595715177441292099e+01
2.848528150900257216e+01,4.241142945244255458e+01
2.850528722492140687e+01,4.075881415959021581e+01
2.852529294084024158e+01,3.956753762659930374e+01
2.854529865675907629e+01,3.774594553011127118e+01
2.856530437267790745e+01,3.572736748825293773e+01
2.858531008859674216e+01,3.526230912196368195e+01
2.860531580451557687e+01,3.404497468134483285e+01
2.862532152043441158e+01,3.253948950954342934e+01
2.864532723635324629e+01,3.283610612149634278e+01
2.866533295227207745e+01,3.261076074526339852e+01
2.868533866819091216e+01,3.260479393421734073e+01
2.870534438410974687e+01,3.266544018527479665e+01
2.872535010002858158e+01,3.195907744588272692e+01
2.874535581594741629e+01,3.324467674788976979e+01
2.876536153186624745e+01,3.346145783820054476e+01
2.878536724778508216e+01,3.444237747593975030e+01
2.880537296370391687e+01,3.441648684545103265e+01
2.882537867962275158e+01,3.516961702455729721e+01
2.884538439554158273e+01,3.620300270177348523e+01
2.886539011146041744e+01,3.758207476252339063e+01
2.888539582737925215e+01,3.765684065591183582e+01
2.890540154329808686e+01,3.800015546448416615e+01
2.892540725921692157e+01,3.941509688672449840e+01
2.894541297513575273e+01,3.909067899712889016e+01
2.896541869105458744e+01,3.943635768446984002e+01
2.898542440697342215e+01,3.894922018157882349e+01
2.900543012289225686e+01,3.985302966554769455e+01
2.902543583881109157e+01,3.918253179827381416e+01
2.904544155472992273e+01,3.897984495963949314e+01
2.906544727064875744e+01,3.876091639567209768e+01
2.908545298656759215e+01,3.802755654351976489e+01
2.910545870248642686e+01,3.739391544128856282e+01
2.912546441840525802e+01,3.670578814374935916e+01
2.914547013432409273e+01,3.559354275255376621e+01
2.916547585024292744e+01,3.515565338311174770e+01
2.918548156616176215e+01,3.478760829267677224e+01
2.920548728208059686e+01,3.376621670762090588e+01
2.922549299799942801e+01,3.349262502952862519e+01
2.924549871391826272e+01,3.286722530195246605e+01
2.926550442983709743e+01,3.244265353162357002e+01
2.928551014575593214e+01,3.250397493240382119e+01
2.930551586167476685e+01,3.167589356824404945e+01
2.932552157759359801e+01,3.186817866675550803e+01
2.934552729351243272e+01,3.228510781611410607e+01
2.936553300943126743e+01,3.241477431699995293e+01
2.938553872535010214e+01,3.341612292594446387e+01
2.940554444126893330e+01,3.373793866989692702e+01
2.942555015718776801e+01,3.455282138543800841e+01
2.944555587310660272e+01,3.478761512628445729e+01
2.946556158902543743e+01,3.605247507010106744e+01
2.948556730494427214e+01,3.711444582299034778e+01
2.950557302086310330e+01,3.795763083513789837e+01
2.952557873678193801e+01,3.915321196472893917e+01
2.954558445270077272e+01,3.898183469948941138e+01
2.956559016861960743e+01,4.024572279651943063e+01
2.958559588453844214e+01,4.121569740974228324e+01
2.960560160045727329e+01,4.053715449032250717e+01
2.962560731637610800e+01,4.187729404560165136e+01
2.964561303229494271e+01,4.172852172940626048e+01
2.966561874821377742e+01,4.200879428317287534e+01
2.968562446413261213e+01,4.153992390189964112e+01
2.970563018005144329e+01,4.070623080934838356e+01
2.972563589597027800e+01,4.028479848866427915e+01
2.974564161188911271e+01,3.827086635638576695e+01
2.976564732780794742e+01,3.659689736110292557e+01
2.978565304372677858e+01,3.519416415221117944e+01
2.980565875964561329e+01,3.345002656265685914e+01
2.982566447556444800e+01,3.215159479408029597e+01
2.984567019148328271e+01,2.915649257033683028e+01
2.986567590740211742e+01,2.800251826458464421e+01
2.988568162332094857e+01,2.626175022823806415e+01
2.990568733923978328e+01,2.315038040472150982e+01
2.992569305515861799e+01,2.171300108543438157e+01
2.994569877107745270e+01,2.042065681223626328e+01
2.996570448699628741e+01,1.872482384755488738e+01
2.998571020291511857e+01,1.737979173207773442e+01
3.000571591883395328e+01,1.467546747643237026e+01
3.002572163475278799e+01,1.490639625804414692e+01
3.004572735067162270e+01,1.362106412453545978e+01
3.006573306659045386e+01,1.137556170642114850e+01
3.008573878250928857e+01,1.115896260898295900e+01
3.010574449842812328e+01,1.048381407021823364e+01
3.012575021434695799e+01,9.249634644030749087e+00
3.014575593026579270e+01,8.719678251086660836e+00
3.016576164618462386e+01,7.822272945934588328e+00
3.018576736210345857e+01,7.782670877578484081e+00
3.020577307802229328e+01,7.624122627388671525e+00
3.022577879394112799e+01,7.301825321753241838e+00
3.024578450985996270e+01,7.218170919824364873e+00
3.026579022577879385e+01,6.679603280719803138e+00
3.028579594169762856e+01,6.290048015125110581e+00
3.030580165761646327e+01,6.132552780033987183e+00
3.032580737353529798e+01,6.378938637914475684e+00
3.034581308945412914e+01,5.559029955924033040e+00
3.036581880537296385e+01,5.617062259051118112e+00
3.038582452129179856e+01,5.624567603706955410e+00
3.040583023721063327e+01,4.967414188408067588e+00
3.042583595312946798e+01,4.771415998379317180e+00
3.044584166904829914e+01,4.901184142583717041e+00
3.046584738496713385e+01,4.819763917283614418e+00
3.048585310088596856e+01,5.105649289033923566e+00
3.050585881680480327e+01,4.834661997558132640e+00
3.052586453272363798e+01,5.185425022891435809e+00
3.054587024864246914e+01,4.993898812250289865e+00
3.056587596456130385e+01,5.225326353855543893e+00
3.058588168048013856e+01,4.203789172528898277e+00
3.060588739639897327e+01,4.235130120314351210e+00
3.062589311231780798e+01,5.129577199848426083e+00
3.064589882823663913e+01,4.875475689293309323e+00
3.066590454415547384e+01,4.160983223930559305e+00
3.068591026007430855e+01,3.866812137501148605e+00
3.070591597599314326e+01,4.445200326718535599e+00
3.072592169191197442e+01,3.978468340479109244e+00
3.074592740783080913e+01,4.068506679978523444e+00
3.076593312374964384e+01,4.358235343339801560e+00
3.078593883966847855e+01,4.463142363703786586e+00
3.080594455558731326e+01,4.024966292374409171e+00
3.082595027150614442e+01,4.345236050979716325e+00
3.084595598742497913e+01,4.296959292092232374e+00
3.086596170334381384e+01,4.264005375822377708e+00
3.088596741926264855e+01,4.755329752102785967e+00
3.090597313518148326e+01,3.997384177212847778e+00
3.092597885110031442e+01,4.455563452773732891e+00
3.094598456701914913e+01,4.742229080407873276e+00
3.096599028293798384e+01,4.778906265289845301e+00
3.098599599885681855e+01,5.038440556470315634e+00
3.100600171477564970e+01,4.739446364381515231e+00
3.102600743069448441e+01,5.372166276941882757e+00
3.104601314661331912e+01,5.164298758375901244e+00
3.106601886253215383e+01,4.928879396861232109e+00
3.108602457845098854e+01,5.296547324323340078e+00
3.110603029436981970e+01,5.706677131405783143e+00
3.112603601028865441e+01,6.335246327827412927e+00
3.114604172620748912e+01,6.164069104191997717e+00
3.116604744212632383e+01,5.527314096663179299e+00
3.118605315804515854e+01,5.648532171076965369e+00
3.120605887396398970e+01,6.546359177127183848e+00
3.122606458988282441e+01,7.105261724650554278e+00
3.124607030580165912e+01,6.772438359013740694e+00
3.126607602172049383e+01,7.698588926903611629e+00
3.128608173763932498e+01,7.641013251787475369e+00
3.130608745355815969e+01,8.329059279579361430e+00
3.132609316947699440e+01,8.535569195034511836e+00
3.134609888539582911e+01,9.345390626332726214e+00
3.136610460131466382e+01,9.433432143457416430e+00
3.138611031723349498e+01,1.029481109720946108e+01
3.140611603315232969e+01,1.093533870433709154e+01
3.142612174907116440e+01,1.046043650965542327e+01
3.144612746498999911e+01,1.091347119006847777e+01
3.146613318090883382e+01,1.203047003279930749e+01
3.148613889682766498e+01,1.235223630965768749e+01
3.150614461274649969e+01,1.320770840946638280e+01
3.152615032866533440e+01,1.364065321410279452e+01
3.154615604458416911e+01,1.454974043936590000e+01
3.156616176050300382e+01,1.431477448700881183e+01
3.158616747642183498e+01,1.565413860163106108e+01
3.160617319234066969e+01,1.584460661458158448e+01
3.162617890825950440e+01,1.750242789017740108e+01
3.164618462417833911e+01,1.697113787659529649e+01
3.166619034009717026e+01,1.898627054696488159e+01
3.168619605601600497e+01,1.847865545024638578e+01
3.170620177193483968e+01,1.988457698909626004e+01
3.172620748785367439e+01,1.990412622560828027e+01
3.174621320377250910e+01,2.084763795722896518e+01
3.176621891969134026e+01,2.146192337549737061e+01
3.178622463561017497e+01,2.156814777127402039e+01
3.180623035152900968e+01,2.204566196723230576e+01
3.182623606744784439e+01,2.221021910891691675e+01
3.184624178336667910e+01,2.255392031659325980e+01
3.186624749928551026e+01,2.361015709188320955e+01
3.188625321520434497e+01,2.317812072909996601e+01
3.190625893112317968e+01,2.347176958298099692e+01
3.192626464704201439e+01,2.348272480768569892e+01
3.194627036296084555e+01,2.412941131447453103e+01
3.196627607887968026e+01,2.352557584918004352e+01
3.198628179479851497e+01,2.300276570880087235e+01
3.200628751071734968e+01,2.435449182525123035e+01
3.202629322663618439e+01,2.309345255731769697e+01
3.204629894255501199e+01,2.321615604003811839e+01
3.206630465847385381e+01,2.306149184202223523e+01
3.208631037439268141e+01,2.274297394041591147e+01
3.210631609031152323e+01,2.290896129511704515e+01
3.212632180623035083e+01,2.224644071957456859e+01
3.214632752214918554e+01,2.182034557176313783e+01
3.216633323806802025e+01,2.219544042744980672e+01
3.218633895398685496e+01,2.229451768935859235e+01
3.220634466990568967e+01,2.216394004801438200e+01
3.222635038582451728e+01,2.279281786799580090e+01
3.224635610174335909e+01,2.294983478716588365e+01
3.226636181766218670e+01,2.256050459214761972e+01
3.228636753358102851e+01,2.429178885390212628e+01
3.230637324949985612e+01,2.450669226354541763e+01
3.232637896541869083e+01,2.509926024106752607e+01
3.234638468133752554e+01,2.463195087433302533e+01
3.236639039725636025e+01,2.533578920348494279e+01
3.238639611317519496e+01,2.675253686585931945e+01
3.240640182909402967e+01,2.702355950814632735e+01
3.242640754501286438e+01,2.647307448062562685e+01
3.244641326093169198e+01,2.710383477880594683e+01
3.246641897685053380e+01,2.729374510040694446e+01
3.248642469276936140e+01,2.728717612030944650e+01
3.250643040868819611e+01,2.694022626268957410e+01
3.252643612460703082e+01,2.675501731844680364e+01
3.254644184052586553e+01,2.652997167837413883e+01
3.256644755644470024e+01,2.618904387892848007e+01
3.258645327236353495e+01,2.472171592455818612e+01
3.260645898828236966e+01,2.431868284535478253e+01
3.262646470420119726e+01,2.438124470202886585e+01
3.264647042012003908e+01,2.317761046155665028e+01
3.266647613603886668e+01,2.210549667881954861e+01
3.268648185195770850e+01,2.158942750153440926e+01
3.270648756787653610e+01,2.102317924174326791e+01
3.272649328379537081e+01,1.953252079602071944e+01
3.274649899971420552e+01,1.925495938730063017e+01
3.276650471563304023e+01,1.793507721329947557e+01
3.278651043155187494e+01,1.765541196420259240e+01
3.280651614747070255e+01,1.675469219205423244e+01
3.282652186338954436e+01,1.631371470078944697e+01
3.284652757930837197e+01,1.525927964696821704e+01
3.286653329522721378e+01,1.356481921136063207e+01
3.288653901114604139e+01,1.304627481676959277e+01
3.290654472706487610e+01,1.276649228136965775e+01
3.292655044298371081e+01,1.153167572730864165e+01
3.294655615890254552e+01,1.127242542748731680e+01
3.296656187482138023e+01,1.130896034789666871e+01
3.298656759074020783e+01,1.095609898815065897e+01
3.300657330665904965e+01,1.040869048187500745e+01
3.302657902257787725e+01,9.805049851408133677e+00
3.304658473849671907e+01,9.148148093856665497e+00
3.306659045441554667e+01,8.614752135677385070e+00
3.308659617033438138e+01,9.080032120875999979e+00
3.310660188625321609e+01,9.316121509441265047e+00
3.312660760217205080e+01,8.338675413751523990e+00
3.314661331809088551e+01,8.754701797898228222e+00
3.316661903400971312e+01,8.886933662003004386e+00
3.318662474992855493e+01,9.297130136610405771e+00
3.320663046584738254e+01,8.934859308933081223e+00
3.322663618176622435e+01,8.937635967745633181e+00
3.324664189768505196e+01,8.684116349916212840e+00
3.326664761360388667e+01,9.053882937869452974e+00
3.328665332952272138e+01,8.988282916338446782e+00
3.330665904544155609e+01,9.748667153695881993e+00
3.332666476136039080e+01,9.741615817764392560e+00
3.334667047727922551e+01,9.796546525146988316e+00
3.336667619319806022e+01,1.026674026252206673e+01
3.338668190911688782e+01,1.011917886857733073e+01
3.340668762503572964e+01,1.003871652984901353e+01
3.342669334095455724e+01,9.785531134666303643e+00
3.344669905687339195e+01,8.784123039338972205e+00
3.346670477279222666e+01,9.415733468126704864e+00
3.348671048871106137e+01,9.179872242347956401e+00
3.350671620462989608e+01,9.179152057654320629e+00
3.352672192054873079e+01,9.539957013234275252e+00
3.354672763646756550e+01,9.046226148677201095e+00
3.356673335238639311e+01,9.118680001275681235e+00
3.358673906830523492e+01,8.187632131704765115e+00
3.360674478422406253e+01,8.975347386614267009e+00
3.362675050014290434e+01,8.770669525067122052e+00
3.364675621606173195e+01,8.977114906183938814e+00
3.366676193198056666e+01,8.116829100162892274e+00
3.368676764789940137e+01,9.175781168511104369e+00
3.370677336381823608e+01,9.458623206166411279e+00
3.372677907973707079e+01,9.381529265579649390e+00
3.374678479565589839e+01,8.946981176399722457e+00
3.376679051157474021e+01,8.874236640772949158e+00
3.378679622749356781e+01,8.315234427180005383e+00
3.380680194341240963e+01,8.794994295726729305e+00
3.382680765933123723e+01,8.804860179784430585e+00
3.384681337525007194e+01,9.704661939169966445e+00
3.386681909116890665e+01,9.195088354295940292e+00
3.388682480708774136e+01,9.623033929022653865e+00
3.390683052300657607e+01,9.471377893779568069e+00
3.392683623892540368e+01,1.051569386857329746e+01
3.394684195484424549e+01,9.902423842589193725e+00
3.396684767076307310e+01,9.364658400477999578e+00
3.398685338668191491e+01,1.017566888961706439e+01
3.400685910260074252e+01,1.020560981448263860e+01
3.402686481851957723e+01,1.015104979107612948e+01
3.404687053443841194e+01,1.019257846520341992e+01
3.406687625035724665e+01,9.680872185680172493e+00
3.408688196627608136e+01,9.864709551203137750e+00
3.410688768219490896e+01,8.871528045767870907e+00
3.412689339811375078e+01,9.879902744564937223e+00
3.414689911403257838e+01,9.339267195009487210e+00
3.416690482995142020e+01,8.894373373066301269e+00
3.418691054587024780e+01,8.351336841675040645e+00
3.420691626178908251e+01,7.949605416988179130e+00
3.422692197770791722e+01,7.707286527955570676e+00
3.424692769362675193e+01,7.798941690810933025e+00
3.426693340954558664e+01,8.230131249000288918e+00
3.428693912546442135e+01,7.745790820754643313e+00
3.430694484138325606e+01,7.306685113505961837e+00
3.432695055730208367e+01,7.025781167255852111e+00
3.434695627322092548e+01,6.440365625196871946e+00
3.436696198913975309e+01,7.285522352001191138e+00
3.438696770505858780e+01,6.610679508214248656e+00
3.440697342097742251e+01,6.317829431867114209e+00
3.442697913689625722e+01,6.155161638243785482e+00
3.444698485281509193e+01,5.205954186621152502e+00
3.446699056873392664e+01,5.762795376375890122e+00
3.448699628465276135e+01,5.637149172169372058e+00
3.450700200057158895e+01,5.724309390337824155e+00
3.452700771649043077e+01,5.726322291665450592e+00
3.454701343240925837e+01,5.277494687817378072e+00
3.456701914832810019e+01,5.293904918385072378e+00
3.458702486424692779e+01,5.142716489574906902e+00
3.460703058016576250e+01,5.192608517052557104e+00
3.462703629608459721e+01,5.608124313862659527e+00
3.464704201200343192e+01,5.763942650384954902e+00
3.466704772792226663e+01,5.779802076253067966e+00
3.468705344384109424e+01,5.306696370240842953e+00
3.470705915975993605e+01,6.545918962447201395e+00
3.472706487567876366e+01,6.916192193692008772e+00
3.474707059159760547e+01,7.109536443538322814e+00
3.476707630751643308e+01,6.392381291014851641e+00
3.478708202343526779e+01,6.808963337195084620e+00
3.480708773935410250e+01,6.926403092678171447e+00
3.482709345527293721e+01,7.260149245888273484e+00
3.484709917119177192e+01,6.952980645783267022e+00
3.486710488711059952e+01,7.465602765108933170e+00
3.488711060302944134e+01,8.417199935781816578e+00
3.490711631894826894e+01,7.904746799964766701e+00
3.492712203486711076e+01,8.475120339612754350e+00
3.494712775078593836e+01,7.950414640782094367e+00
3.496713346670477307e+01,8.359200210919397023e+00
3.498713918262360778e+01,8.199977804098704581e+00
3.500714489854244249e+01,8.424603600661118463e+00
3.502715061446127720e+01,8.888071966348721986e+00
3.504715633038010481e+01,8.645375118065665276e+00
3.506716204629894662e+01,9.355976767693537255e+00
3.508716776221777423e+01,9.002173368256192632e+00
3.510717347813661604e+01,9.673463431039127869e+00
3.512717919405544365e+01,9.452970019420167347e+00
3.514718490997427836e+01,9.686136342570623725e+00
3.516719062589311307e+01,9.820853488065141690e+00
3.518719634181194778e+01,9.392049596176384796e+00
3.520720205773078249e+01,9.626381110365752392e+00
3.522720777364961720e+01,8.966678890471648344e+00
3.524721348956845191e+01,9.972482600624172022e+00
3.526721920548727951e+01,9.493266773843894057e+00
3.528722492140612133e+01,9.916285915261807915e+00
3.530723063732494893e+01,1.037284618585691476e+01
3.532723635324378364e+01,1.090086173838248840e+01
3.534724206916261835e+01,1.087966259022544335e+01
3.536724778508145306e+01,1.118358056782094678e+01
3.538725350100028777e+01,1.194339318422340135e+01
3.540725921691912248e+01,1.183204111354686994e+01
3.542726493283795719e+01,1.316987719122099776e+01
3.544727064875678479e+01,1.259365269315711444e+01
3.546727636467562661e+01,1.381367179344458052e+01
3.548728208059445421e+01,1.512273814391279458e+01
3.550728779651329603e+01,1.535788306226627675e+01
3.552729351243212363e+01,1.718940552635562824e+01
3.554729922835095834e+01,1.733353808456321588e+01
3.556730494426979305e+01,1.871704854895646619e+01
3.558731066018862776e+01,2.028210049415307026e+01
3.560731637610746247e+01,2.202002221312000074e+01
3.562732209202629008e+01,2.263379157773281491e+01
3.564732780794513189e+01,2.418698888737286268e+01
3.566733352386395950e+01,2.498690598070133717e+01
3.568733923978280131e+01,2.748988869708571769e+01
3.570734495570162892e+01,2.901726613730126658e+01
3.572735067162046363e+01,3.074074023810905487e+01
3.574735638753929834e+01,3.195472418005139303e+01
3.576736210345813305e+01,3.447702867028672813e+01
3.578736781937696776e+01,3.628875987824145710e+01
3.580737353529579536e+01,3.771090022906246730e+01
3.582737925121463718e+01,3.861122661556590430e+01
3.584738496713346478e+01,4.122083242408288584e+01
3.586739068305230660e+01,4.151737568422899471e+01
3.588739639897113420e+01,4.261499002398018376e+01
3.590740211488996891e+01,4.423600607340713253e+01
3.592740783080880362e+01,4.362596044681619389e+01
3.594741354672763833e+01,4.413371115448261151e+01
3.596741926264647304e+01,4.427220266778000024e+01
3.598742497856530065e+01,4.333207338645861739e+01
3.600743069448414246e+01,4.231539555443116285e+01
3.602743641040297007e+01,4.043191994962741376e+01
3.604744212632181188e+01,3.853399704668101577e+01
3.606744784224063949e+01,3.655010464231200729e+01
3.608745355815947420e+01,3.540012792481547166e+01
3.610745927407830891e+01,3.315582627029174034e+01
3.612746498999714362e+01,3.047711631338704308e+01
3.614747070591597833e+01,2.841814099257343784e+01
3.616747642183481304e+01,2.599078663437304826e+01
3.618748213775364775e+01,2.389141843959242095e+01
3.620748785367247535e+01,2.149254398849981484e+01
3.622749356959131717e+01,1.981888988529489737e+01
3.624749928551014477e+01,1.788599660180720008e+01
3.626750500142897948e+01,1.710793333957816742e+01
3.628751071734781419e+01,1.563669223409179310e+01
3.630751643326664890e+01,1.505877442462662685e+01
3.632752214918548361e+01,1.400713737084996779e+01
3.634752786510431832e+01,1.358052950823103089e+01
3.636753358102315303e+01,1.192075674682022779e+01
3.638753929694198064e+01,1.146007033812295717e+01
3.640754501286082245e+01,1.132544427986550239e+01
3.642755072877965006e+01,1.118425375752363493e+01
3.644755644469849187e+01,1.061214565620845107e+01
3.646756216061731948e+01,1.069050336920904520e+01
3.648756787653615419e+01,9.515197510082934684e+00
3.650757359245498890e+01,9.693740438205644239e+00
3.652757930837382361e+01,9.898865150638927801e+00
3.654758502429265832e+01,1.008916453242723144e+01
3.656759074021148592e+01,9.992189531460958563e+00
3.658759645613032774e+01,9.791424133072293756e+00
3.660760217204915534e+01,1.060306853111916325e+01
3.662760788796799716e+01,1.043325650793115855e+01
3.664761360388682476e+01,1.036334399267402873e+01
3.666761931980565947e+01,1.057256619385247021e+01
3.668762503572449418e+01,1.037373038460438224e+01
3.670763075164332889e+01,1.079251850635463406e+01
3.672763646756216360e+01,1.005106973327927378e+01
3.674764218348099121e+01,1.056607196299640883e+01
3.676764789939983302e+01,1.052083365758128153e+01
3.678765361531866063e+01,1.096650066474661855e+01
3.680765933123750244e+01,1.069081682363454533e+01
3.682766504715633005e+01,1.057069531267909213e+01
3.684767076307516476e+01,1.092239254802283988e+01
3.686767647899399947e+01,1.064729139317677031e+01
3.688768219491283418e+01,1.118378135782204907e+01
3.690768791083166889e+01,1.080769856509648541e+01
3.692769362675049649e+01,1.153885214123630654e+01
3.694769934266933831e+01,1.196299079718082403e+01
3.696770505858816591e+01,1.144071589575830217e+01
3.698771077450700773e+01,1.114763795446269157e+01
3.700771649042583533e+01,1.143206898262278237e+01
3.702772220634467004e+01,1.206721691082661252e+01
3.704772792226350475e+01,1.285762906369884107e+01
3.706773363818233946e+01,1.242112056719120616e+01
3.708773935410117417e+01,1.267245531365642819e+01
3.710774507002000888e+01,1.283239715388780766e+01
3.712775078593884359e+01,1.339497444686683814e+01
3.714775650185767120e+01,1.356972749806707945e+01
3.716776221777651301e+01,1.376699309730186016e+01
3.718776793369534062e+01,1.394855156369471949e+01
3.720777364961417533e+01,1.455493016593072930e+01
3.722777936553301004e+01,1.354826284297794636e+01
3.724778508145184475e+01,1.408139090785613057e+01
3.726779079737067946e+01,1.377796453838836044e+01
3.728779651328951417e+01,1.333538373708516467e+01
3.730780222920834888e+01,1.362940822729709822e+01
3.732780794512717648e+01,1.309124690972270599e+01
3.734781366104601830e+01,1.248179037143844106e+01
3.736781937696484590e+01,1.169478119137848537e+01
3.738782509288368772e+01,1.185552018500300875e+01
3.740783080880251532e+01,1.178266917625774290e+01
3.742783652472135003e+01,1.142681153198677535e+01
3.744784224064018474e+01,1.220165029463789175e+01
3.746784795655901945e+01,1.153867516904727175e+01
3.748785367247785416e+01,1.094028518289804808e+01
3.750785938839668177e+01,1.136171953622838871e+01
3.752786510431552358e+01,1.066953142323577453e+01
3.754787082023435119e+01,1.152796278449227785e+01
3.756787653615319300e+01,1.039465623263175686e+01
3.758788225207202061e+01,1.055963833557495590e+01
3.760788796799085532e+01,1.156137173820662767e+01
3.762789368390969003e+01,1.101628669920891923e+01
3.764789939982852474e+01,1.158041248708116733e+01
3.766790511574735945e+01,1.131895422929727602e+01
3.768791083166618705e+01,1.191388355616675909e+01
3.770791654758502887e+01,1.192905591319305358e+01
3.772792226350385647e+01,1.345153137039985225e+01
3.774792797942269829e+01,1.319372206974549933e+01
3.776793369534152589e+01,1.352668901809751745e+01
3.778793941126036060e+01,1.379889045079128707e+01
3.780794512717919531e+01,1.456972607101870310e+01
3.782795084309803002e+01,1.504912376838161947e+01
3.784795655901686473e+01,1.486072346435490310e+01
3.786796227493569234e+01,1.585448086302136339e+01
3.788796799085453415e+01,1.598844083162176233e+01
3.790797370677336176e+01,1.667601135288206393e+01
3.792797942269220357e+01,1.728884811707958136e+01
3.794798513861103118e+01,1.620038680790987939e+01
3.796799085452986589e+01,1.690177819660755887e+01
3.798799657044870060e+01,1.660274355271904057e+01
3.800800228636753531e+01,1.645250113090560617e+01
3.802800800228637002e+01,1.614236734036703780e+01
3.804801371820520473e+01,1.532956335404709947e+01
3.806801943412403944e+01,1.561874131362791118e+01
3.808802515004286704e+01,1.462135446294954377e+01
3.810803086596170886e+01,1.433765458075614063e+01
3.812803658188053646e+01,1.377751723531928718e+01
3.814804229779937117e+01,1.315535097394108988e+01
3.816804801371820588e+01,1.186109763245825732e+01
3.818805372963704059e+01,1.195963815090992810e+01
3.820805944555587530e+01,1.135375062434485116e+01
3.822806516147471001e+01,1.056432310338581360e+01
3.824807087739354472e+01,1.003214182618950545e+01
3.826807659331237232e+01,1.002233011883979330e+01
3.828808230923121414e+01,9.906354297957978616e+00
3.830808802515004174e+01,9.633024539360000915e+00
3.832809374106888356e+01,8.843536963842646870e+00
3.834809945698771116e+01,9.473903878094024122e+00
3.836810517290654587e+01,9.348613803840134295e+00
3.838811088882538058e+01,9.645066077455862086e+00
3.840811660474421529e+01,1.046198408045831485e+01
3.842812232066305000e+01,1.044483824593085330e+01
3.844812803658187761e+01,9.346031526252412291e+00
3.846813375250071942e+01,1.034384537234510049e+01
3.848813946841954703e+01,1.030025447786293569e+01
3.850814518433838884e+01,1.049458211975925082e+01
3.852815090025721645e+01,1.076310487064312937e+01
3.854815661617605116e+01,1.172091034039512181e+01
3.856816233209488587e+01,1.105866126617490508e+01
3.858816804801372058e+01,1.172025658812867732e+01
3.860817376393255529e+01,1.133452376424725472e+01
3.862817947985138289e+01,1.208810853451510070e+01
3.864818519577022471e+01,1.199330796003280319e+01
3.866819091168905231e+01,1.273582795612026075e+01
3.868819662760789413e+01,1.254323781269665972e+01
3.870820234352672173e+01,1.305948329515779704e+01
3.872820805944555644e+01,1.224952186406549615e+01
3.874821377536439115e+01,1.272601907268260213e+01
3.876821949128322586e+01,1.211288945108909587e+01
3.878822520720206057e+01,1.226110541132377918e+01
3.880823092312088818e+01,1.285073522578705507e+01
3.882823663903972999e+01,1.261538723930786077e+01
3.884824235495855760e+01,1.236589484292790431e+01
3.886824807087739941e+01,1.129984549919061010e+01
3.888825378679622702e+01,1.153193926672023828e+01
3.890825950271506173e+01,1.123156217805011181e+01
3.892826521863389644e+01,9.841301380017281275e+00
3.894827093455273115e+01,9.807790850350659895e+00
3.896827665047156586e+01,9.508001698076711250e+00
3.898828236639040057e+01,9.421101195824842733e+00
3.900828808230923528e+01,9.426511380343423951e+00
3.902829379822806288e+01,8.937176015037227472e+00
3.904829951414690470e+01,8.539118873783381858e+00
3.906830523006573230e+01,8.877637274545698176e+00
3.908831094598456701e+01,7.582200502565425992e+00
3.910831666190340172e+01,8.199378209113691085e+00
3.912832237782223643e+01,8.136523687251001391e+00
3.914832809374107114e+01,7.534919371773614039e+00
3.916833380965990585e+01,7.758088589554233749e+00
3.918833952557874056e+01,8.180278768756060970e+00
3.920834524149756817e+01,7.863439860430599282e+00
3.922835095741640998e+01,7.758596364266342249e+00
3.924835667333523759e+01,7.267555716501264307e+00
3.926836238925407940e+01,7.048137249307979246e+00
3.928836810517290701e+01,6.026893836289264783e+00
3.930837382109174172e+01,6.438411002973524866e+00
3.932837953701057643e+01,6.938528670984965174e+00
3.934838525292941114e+01,6.355019159110162796e+00
3.936839096884824585e+01,6.283844420773089468e+00
3.938839668476707345e+01,5.662825896018108374e+00
3.940840240068591527e+01,5.458955999006218640e+00
3.942840811660474287e+01,5.529279322703700039e+00
3.944841383252358469e+01,4.441874957661852363e+00
3.946841954844241229e+01,4.413063342219216700e+00
3.948842526436124700e+01,4.722022741553693947e+00
3.950843098028008171e+01,4.058219442072454441e+00
3.952843669619891642e+01,4.492298860410567585e+00
3.954844241211775113e+01,3.867166618303352621e+00
3.956844812803657874e+01,3.486951684315336308e+00
3.958845384395542055e+01,4.237997688413114972e+00
3.960845955987424816e+01,4.407161463603626039e+00
3.962846527579308997e+01,4.466574430809342466e+00
3.964847099171191758e+01,3.556856185808668691e+00
3.966847670763075229e+01,3.710150105376653684e+00
3.968848242354958700e+01,3.266485760591466114e+00
3.970848813946842171e+01,3.938375840289677132e+00
3.972849385538725642e+01,3.907670361513221557e+00
3.974849957130608402e+01,3.574027249598296319e+00
3.976850528722492584e+01,4.290947681115277135e+00
3.978851100314375344e+01,4.622439059344036316e+00
3.980851671906259526e+01,4.245329609205771959e+00
3.982852243498142286e+01,4.284692796131634118e+00
3.984852815090025757e+01,4.682003807477764568e+00
3.986853386681909228e+01,4.652427142835364293e+00
3.988853958273792699e+01,4.756100009914987048e+00
3.990854529865676170e+01,4.622846304782013860e+00
3.992855101457559641e+01,4.265072136089141708e+00
3.994855673049443112e+01,5.572353455523861854e+00
3.996856244641325873e+01,5.334245749230213107e+00
3.998856816233210054e+01,5.464592833540775629e+00
4.000857387825092815e+01,5.979473464607745647e+00
4.002857959416976286e+01,6.311379042517353710e+00
4.004858531008859757e+01,5.385910619811602018e+00
4.006859102600743228e+01,5.752419362058610375e+00
4.008859674192626699e+01,6.287639214174449265e+00
4.010860245784510170e+01,6.192654761918701567e+00
4.012860817376393641e+01,6.265280359109186570e+00
4.014861388968276401e+01,6.710170096951708629e+00
4.016861960560160583e+01,6.339692263357659563e+00
4.018862532152043343e+01,6.637456414270211269e+00
4.020863103743927525e+01,6.857200092197494712e+00
4.022863675335810285e+01,6.695498206805449826e+00
4.024864246927693756e+01,6.040339570691028115e+00
4.026864818519577227e+01,6.946383806125284721e+00
4.028865390111460698e+01,6.533611410868839897e+00
4.030865961703344169e+01,7.032714861464897993e+00
4.032866533295226930e+01,6.809525809557420928e+00
4.034867104887111111e+01,7.247573818143294488e+00
4.036867676478993872e+01,6.328638218991732955e+00
4.038868248070878053e+01,6.685946683066162244e+00
4.040868819662760814e+01,6.043852867791277284e+00
4.042869391254644285e+01,7.135088476849341887e+00
4.044869962846527756e+01,7.008544545307394458e+00
4.046870534438411227e+01,7.534808638756900656e+00
4.048871106030294698e+01,7.358980617209944342e+00
4.050871677622177458e+01,7.505896577981696183e+00
4.052872249214061640e+01,8.124731257785208882e+00
4.054872820805944400e+01,7.914106581446255007e+00
4.056873392397828582e+01,8.420487418851486439e+00
4.058873963989711342e+01,8.073362377826686753e+00
4.060874535581594813e+01,8.837090098062176935e+00
4.062875107173478284e+01,8.813772037129297132e+00
4.064875678765361755e+01,8.479965321602506378e+00
4.066876250357245226e+01,9.479773868112779667e+00
4.068876821949127986e+01,1.019775140374009226e+01
4.070877393541012168e+01,1.028235239204286877e+01
4.072877965132894929e+01,1.090188637263159066e+01
4.074878536724779110e+01,1.057307118552666658e+01
4.076879108316661871e+01,1.132424590683824306e+01
4.078879679908545342e+01,1.106309404876732039e+01
4.080880251500428813e+01,1.079022427599689316e+01
4.082880823092312284e+01,1.198633849528054895e+01
4.084881394684195755e+01,1.246962730209277126e+01
4.086881966276079226e+01,1.213102695826826505e+01
4.088882537867962697e+01,1.291893710080971402e+01
4.090883109459845457e+01,1.291626489425648927e+01
4.092883681051729639e+01,1.367305634346951670e+01
4.094884252643612399e+01,1.323097557336678776e+01
4.096884824235495870e+01,1.325436171520903983e+01
4.098885395827379341e+01,1.378688972861547413e+01
4.100885967419262812e+01,1.364860032664763168e+01
4.102886539011146283e+01,1.410092731391652521e+01
4.104887110603029754e+01,1.326442080468634543e+01
4.106887682194913225e+01,1.337760083274028133e+01
4.108888253786795985e+01,1.335981101520957104e+01
4.110888825378680167e+01,1.431880283171940960e+01
4.112889396970562927e+01,1.355343560657484758e+01
4.114889968562447109e+01,1.480958917631457439e+01
4.116890540154329869e+01,1.427744653574900191e+01
4.118891111746213340e+01,1.416280942537844112e+01
4.120891683338096811e+01,1.408431090246699924e+01
4.122892254929980282e+01,1.448887098387023187e+01
4.124892826521863753e+01,1.456621231517836534e+01
4.126893398113746514e+01,1.436515630949169520e+01
4.128893969705630695e+01,1.535829790269420769e+01
4.130894541297513456e+01,1.554881692938529980e+01
4.132895112889397637e+01,1.589986169502330604e+01
4.134895684481280398e+01,1.564387758724868682e+01
4.136896256073163869e+01,1.667988484992525500e+01
4.138896827665047340e+01,1.639934218192598081e+01
4.140897399256930811e+01,1.625999800582043164e+01
4.142897970848814282e+01,1.716233248782342358e+01
4.144898542440697042e+01,1.705163173348826788e+01
4.146899114032581224e+01,1.726737846212315475e+01
4.148899685624463984e+01,1.623018562228105210e+01
4.150900257216348166e+01,1.694960744905032968e+01
4.152900828808230926e+01,1.765996923025367948e+01
4.154901400400114397e+01,1.700987153449611000e+01
4.156901971991997868e+01,1.704175628745391791e+01
4.158902543583881339e+01,1.723927735668470618e+01
4.160903115175764810e+01,1.756340484075012043e+01
4.162903686767647571e+01,1.741421724989732667e+01
4.164904258359531752e+01,1.693459872108604714e+01
4.166904829951414513e+01,1.765924372802339093e+01
4.168905401543298694e+01,1.809556574298463261e+01
4.170905973135181455e+01,1.780524136104585864e+01
4.172906544727064926e+01,1.715585368752950757e+01
4.174907116318948397e+01,1.668004946808279954e+01
4.176907687910831868e+01,1.617214604522552790e+01
4.178908259502715339e+01,1.589659330903925571e+01
4.180908831094598810e+01,1.532551768384426971e+01
4.182909402686482281e+01,1.539583008980596901e+01
4.184909974278365041e+01,1.461856263619102947e+01
4.186910545870249223e+01,1.453515362053181903e+01
4.188911117462131983e+01,1.415792302879095388e+01
4.190911689054015454e+01,1.403035885451917686e+01
4.192912260645898925e+01,1.472922447309536764e+01
4.194912832237782396e+01,1.401986285963931067e+01
4.196913403829665867e+01,1.501159525988950882e+01
4.198913975421549338e+01,1.450352451877158799e+01
4.200914547013432809e+01,1.615691486746350236e+01
4.202915118605316280e+01,1.622612132790136741e+01
4.204915690197199041e+01,1.747979812516391718e+01
4.206916261789082512e+01,1.838202149513063333e+01
4.208916833380965983e+01,1.880340282495249582e+01
4.210917404972849454e+01,2.062310205076218494e+01
4.212917976564732925e+01,2.197234457039578359e+01
4.214918548156616396e+01,2.373228111653358496e+01
4.216919119748499867e+01,2.452067263360758886e+01
4.218919691340383338e+01,2.647302973879670063e+01
4.220920262932266809e+01,2.742437003080282665e+01
4.222920834524150280e+01,2.842045419530495565e+01
4.224921406116033040e+01,2.980541706921718514e+01
4.226921977707916511e+01,3.163882950986563003e+01
4.228922549299799982e+01,3.181388643772575264e+01
4.230923120891683453e+01,3.398628676962659512e+01
4.232923692483566924e+01,3.459416819398610698e+01
4.234924264075450395e+01,3.525131171552816767e+01
4.236924835667333866e+01,3.614644672198329545e+01
4.238925407259217337e+01,3.626883051699134342e+01
4.240925978851100808e+01,3.588089709970904551e+01
4.242926550442983569e+01,3.462040781414843593e+01
4.244927122034867040e+01,3.430793929506431539e+01
4.246927693626750511e+01,3.319032747976015685e+01
4.248928265218633982e+01,3.068513948452443074e+01
4.250928836810517453e+01,3.025435188123226382e+01
4.252929408402400924e+01,2.854242569518824979e+01
4.254929979994284395e+01,2.684652908590120290e+01
4.256930551586167866e+01,2.513362258209409106e+01
4.258931123178051337e+01,2.361802180849667820e+01
4.260931694769934097e+01,2.148426378101413547e+01
4.262932266361817568e+01,1.989089330444991433e+01
4.264932837953701039e+01,1.937935529479272390e+01
4.266933409545584510e+01,1.846487859662972753e+01
4.268933981137467981e+01,1.725648530504420464e+01
4.270934552729351452e+01,1.650156304214041825e+01
4.272935124321234923e+01,1.594491020047934704e+01
4.274935695913118394e+01,1.520527290323325786e+01
4.276936267505001865e+01,1.470711279767846236e+01
4.278936839096885336e+01,1.343079475334784156e+01
4.280937410688768097e+01,1.363128015911551216e+01
4.282937982280651568e+01,1.397424221273038647e+01
4.284938553872535039e+01,1.349305680594923729e+01
4.286939125464418510e+01,1.332010960877882511e+01
4.288939697056301981e+01,1.283615168802266027e+01
4.290940268648185452e+01,1.246072975553524032e+01
4.292940840240068923e+01,1.247085221818236178e+01
4.294941411831952394e+01,1.267562195402811476e+01
4.296941983423835865e+01,1.187413147795825807e+01
4.298942555015718625e+01,1.232021752157767125e+01
4.300943126607602096e+01,1.179955411939089416e+01
4.302943698199485567e+01,1.222405232568861777e+01
4.304944269791369038e+01,1.298664028210397348e+01
4.306944841383252509e+01,1.277017638016231871e+01
4.308945412975135980e+01,1.255555448300292909e+01
4.310945984567019451e+01,1.294366565173206496e+01
4.312946556158902922e+01,1.327706842531014075e+01
4.314947127750786393e+01,1.313239745997212182e+01
4.316947699342669864e+01,1.208969396246627781e+01
4.318948270934552625e+01,1.293282888460240088e+01
4.320948842526436096e+01,1.343298518379842932e+01
4.322949414118319567e+01,1.378171563060821825e+01
4.324949985710203038e+01,1.363307569942389286e+01
4.326950557302086509e+01,1.480493724661602428e+01
4.328951128893969980e+01,1.457311645506078968e+01
4.330951700485853451e+01,1.451236562022589283e+01
4.332952272077736922e+01,1.486024813472568162e+01
4.334952843669620393e+01,1.561029847238721757e+01
4.336953415261503153e+01,1.515687468436510521e+01
4.338953986853386624e+01,1.491277559629381955e+01
4.340954558445270095e+01,1.578547722952945165e+01
4.342955130037153566e+01,1.508144472856609042e+01
4.344955701629037037e+01,1.510738568994182529e+01
4.346956273220920508e+01,1.464434369000991865e+01
4.348956844812803979e+01,1.500782436990203195e+01
4.350957416404687450e+01,1.470139228115341723e+01
4.352957987996570921e+01,1.414032700005373044e+01
4.354958559588453681e+01,1.321835614303443762e+01
4.356959131180337153e+01,1.367916356410162670e+01
4.358959702772220624e+01,1.428899593514306687e+01
4.360960274364104095e+01,1.334031645103387120e+01
4.362960845955987566e+01,1.301941004381061262e+01
4.364961417547871037e+01,1.363612996792203091e+01
4.366961989139754508e+01,1.364076225294419586e+01
4.368962560731637979e+01,1.274499958952929290e+01
4.370963132323521450e+01,1.322144835825864817e+01
4.372963703915404921e+01,1.340847603609768335e+01
4.374964275507287681e+01,1.401752023879951814e+01
4.376964847099171152e+01,1.344539631544239811e+01
4.378965418691054623e+01,1.377790459753103391e+01
4.380965990282938094e+01,1.364421963542952554e+01
4.382966561874821565e+01,1.459725917676329843e+01
4.384967133466705036e+01,1.481139093341342594e+01
4.386967705058588507e+01,1.527285635949907672e+01
4.388968276650471978e+01,1.615958899834089024e+01
4.390968848242355449e+01,1.672153043345087298e+01
4.392969419834238209e+01,1.616495053740703725e+01
4.394969991426121680e+01,1.703809373661860604e+01
4.396970563018005151e+01,1.836959011711913803e+01
4.398971134609888622e+01,1.968665763939166169e+01
4.400971706201772093e+01,1.944413477655383815e+01
4.402972277793655564e+01,1.953803183525833376e+01
4.404972849385539035e+01,2.050710383815192017e+01
4.406973420977422506e+01,2.219949445258426124e+01
4.408973992569305977e+01,2.197110821155658300e+01
4.410974564161189448e+01,2.290315849211667398e+01
4.412975135753072209e+01,2.243475485293678418e+01
4.414975707344955680e+01,2.377944822352543497e+01
4.416976278936839151e+01,2.332246240037398621e+01
4.418976850528722622e+01,2.235608846406326933e+01
4.420977422120606093e+01,2.284606516065760928e+01
4.422977993712489564e+01,2.164450188540105557e+01
4.424978565304373035e+01,2.180331140359327691e+01
4.426979136896256506e+01,2.141471620382749919e+01
4.428979708488139977e+01,2.115985174072682184e+01
4.430980280080022737e+01,1.911757347080222047e+01
4.432980851671906208e+01,1.847500513641567110e+01
4.434981423263789679e+01,1.803751434584319924e+01
4.436981994855673150e+01,1.785005020860270619e+01
4.438982566447556621e+01,1.679701464562573676e+01
4.440983138039440092e+01,1.694820154344832730e+01
4.442983709631323563e+01,1.663147234559639998e+01
4.444984281223207034e+01,1.655874274368505894e+01
4.446984852815090505e+01,1.544917266119031396e+01
4.448985424406973266e+01,1.453257856003457249e+01
4.450985995998856737e+01,1.495408169056730685e+01
4.452986567590740208e+01,1.480151011285873608e+01
4.454987139182623679e+01,1.526157498793621414e+01
4.456987710774507150e+01,1.400282056654568485e+01
4.458988282366390621e+01,1.465998353911005836e+01
4.460988853958274092e+01,1.423212009696667835e+01
4.462989425550157563e+01,1.510524311622384275e+01
4.464989997142041034e+01,1.490740242119988679e+01
4.466990568733924505e+01,1.374281192267155838e+01
4.468991140325807265e+01,1.396536269649067030e+01
4.470991711917690736e+01,1.424515092493418678e+01
4.472992283509574207e+01,1.364694041419347670e+01
4.474992855101457678e+01,1.416605806390107603e+01
4.476993426693341149e+01,1.324088555874659079e+01
4.478993998285224620e+01,1.353269318621564388e+01
4.480994569877108091e+01,1.254506815172813106e+01
4.482995141468991562e+01,1.265866291441531644e+01
4.484995713060875033e+01,1.255441900808932942e+01
4.486996284652757794e+01,1.221275844104470210e+01
4.488996856244641265e+01,1.243207313579656592e+01
4.490997427836524736e+01,1.217545084913732190e+01
4.492997999428408207e+01,1.187080562157626318e+01
4.494998571020291678e+01,1.199450040727710842e+01
4.496999142612175149e+01,1.190810277127040351e+01
4.498999714204058620e+01,1.176452572836258170e+01
4.501000285795942091e+01,1.245168668854526928e+01
4.503000857387825562e+01,1.143650151768556533e+01
4.505001428979709033e+01,1.228996751884712069e+01
4.507002000571591793e+01,1.162380094903616268e+01
4.509002572163475264e+01,1.166003018534488866e+01
4.511003143755358735e+01,1.150103370378540646e+01
4.513003715347242206e+01,1.210644715020449702e+01
4.515004286939125677e+01,1.195891640499888098e+01
4.517004858531009148e+01,1.258060737795479511e+01
4.519005430122892619e+01,1.185142487438696790e+01
4.521006001714776090e+01,1.232204181416230426e+01
4.523006573306659561e+01,1.300276388338081901e+01
4.525007144898542322e+01,1.368656765208821469e+01
4.527007716490425793e+01,1.247941306270810458e+01
4.529008288082309264e+01,1.326528710978165471e+01
4.531008859674192735e+01,1.348720794807678125e+01
4.533009431266076206e+01,1.360816395213118213e+01
4.535010002857959677e+01,1.301365172406883985e+01
4.537010574449843148e+01,1.323906438722613466e+01
4.539011146041726619e+01,1.343970253881158428e+01
4.541011717633610090e+01,1.318231596618455725e+01
4.543012289225492850e+01,1.265113560615854027e+01
4.545012860817376321e+01,1.242164852582910761e+01
4.547013432409259792e+01,1.196156622310111395e+01
4.549014004001143263e+01,1.237925132134084194e+01
4.551014575593026734e+01,1.178887909515708010e+01
4.553015147184910205e+01,1.220839006241902780e+01
4.555015718776793676e+01,1.197771890992189903e+01
4.557016290368677147e+01,1.147873697994381814e+01
4.559016861960560618e+01,1.091601977234465437e+01
4.561017433552444089e+01,1.107565213006424898e+01
4.563018005144326850e+01,1.087780672429374107e+01
4.565018576736210321e+01,1.172216182712220345e+01
4.567019148328093792e+01,1.071480033560599310e+01
4.569019719919977263e+01,1.108125253888982087e+01
4.571020291511860734e+01,1.075170786242477305e+01
4.573020863103744205e+01,1.153298694371218858e+01
4.575021434695627676e+01,1.098902051190676943e+01
4.577022006287511147e+01,1.165640915431246682e+01
4.579022577879394618e+01,1.172989651431394975e+01
4.581023149471277378e+01,1.291166423686971854e+01
4.583023721063160849e+01,1.360877583061971308e+01
4.585024292655044320e+01,1.332726968373168219e+01
4.587024864246927791e+01,1.435763834218111157e+01
4.589025435838811262e+01,1.581739577169284416e+01
4.591026007430694733e+01,1.689450603245635563e+01
4.593026579022578204e+01,1.689573885634959538e+01
4.595027150614461675e+01,1.850913411912399908e+01
4.597027722206345146e+01,1.971244668935270994e+01
4.599028293798228617e+01,2.120743224526731296e+01
4.601028865390111378e+01,2.236484523608007180e+01
4.603029436981994849e+01,2.333040457934895073e+01
4.605030008573878320e+01,2.474626411590683972e+01
4.607030580165761791e+01,2.505632422578377216e+01
4.609031151757645262e+01,2.639653639822816444e+01
4.611031723349528733e+01,2.762399069098914595e+01
4.613032294941412204e+01,2.826502037175827553e+01
4.615032866533295675e+01,2.993679694461099672e+01
4.617033438125179146e+01,3.079098064226364784e+01
4.619034009717061906e+01,3.122520168805926488e+01
4.621034581308945377e+01,3.273914257763207303e+01
4.623035152900828848e+01,3.278837203189965521e+01
4.625035724492712319e+01,3.320960196578627688e+01
4.627036296084595790e+01,3.330898128782837375e+01
4.629036867676479261e+01,3.359292251690644093e+01
4.631037439268362732e+01,3.317890863725347117e+01
4.633038010860246203e+01,3.381406358634031051e+01
4.635038582452129674e+01,3.305120672044248664e+01
4.637039154044012434e+01,3.329231908029967713e+01
4.639039725635895905e+01,3.292394795477464697e+01
4.641040297227779376e+01,3.248712120386367985e+01
4.643040868819662847e+01,3.274510362377517936e+01
4.645041440411546319e+01,3.183219016314165017e+01
4.647042012003429790e+01,3.184317489641030363e+01
4.649042583595313261e+01,3.125427320485649929e+01
4.651043155187196732e+01,3.012158669514714049e+01
4.653043726779080203e+01,3.065331817377231971e+01
4.655044298370963674e+01,2.969411609360755477e+01
4.657044869962846434e+01,2.981210290835680965e+01
4.659045441554729905e+01,2.866052125896163716e+01
4.661046013146613376e+01,2.792089400176551806e+01
4.663046584738496847e+01,2.777118308777941991e+01
4.665047156330380318e+01,2.672163087693375161e+01
4.667047727922263789e+01,2.625090571535407236e+01
4.669048299514147260e+01,2.600879578151393900e+01
4.671048871106030731e+01,2.415404478740528660e+01
4.673049442697914202e+01,2.392101212717038550e+01
4.675050014289796962e+01,2.276521729542534800e+01
4.677050585881680433e+01,2.216961476937026276e+01
4.679051157473563904e+01,2.064068271564682533e+01
4.681051729065447375e+01,1.960462837966176863e+01
4.683052300657330846e+01,1.945880095323222037e+01
4.685052872249214317e+01,1.706607949478526365e+01
4.687053443841097788e+01,1.751417991598928126e+01
4.689054015432981259e+01,1.665768071699775987e+01
4.691054587024864730e+01,1.512220421482175503e+01
4.693055158616748201e+01,1.418118329436869196e+01
4.695055730208630962e+01,1.385680568290178627e+01
4.697056301800514433e+01,1.293669926361725508e+01
4.699056873392397904e+01,1.194032559991383380e+01
4.701057444984281375e+01,1.133971135879934877e+01
4.703058016576164846e+01,1.110802843203375545e+01
4.705058588168048317e+01,1.074766542825474147e+01
4.707059159759931788e+01,1.057949796536913212e+01
4.709059731351815259e+01,9.695401734413234607e+00
4.711060302943698730e+01,9.148480376621488830e+00
4.713060874535581490e+01,9.225610402158959999e+00
4.715061446127464961e+01,8.166374903435714927e+00
4.717062017719348432e+01,8.794665751167940471e+00
4.719062589311231903e+01,7.746315682741386155e+00
4.721063160903115374e+01,7.574403599082259575e+00
4.723063732494998845e+01,6.936083063393789772e+00
4.725064304086882316e+01,6.692319343026578160e+00
4.727064875678765787e+01,6.713635491284508205e+00
4.729065447270649258e+01,6.050113931453211080e+00
4.731066018862532019e+01,5.700848193723922819e+00
4.733066590454415490e+01,5.143985283678972564e+00
4.735067162046298961e+01,5.911863610304916250e+00
4.737067733638182432e+01,4.787309169226853456e+00
4.739068305230065903e+01,4.956132762038810924e+00
4.741068876821949374e+01,4.882508257356979797e+00
4.743069448413832845e+01,4.794116806962643196e+00
4.745070020005716316e+01,4.617939210847355369e+00
4.747070591597599787e+01,4.952286346460091693e+00
4.749071163189483258e+01,3.829020798059570296e+00
4.751071734781366018e+01,4.812642170998129743e+00
4.753072306373249489e+01,4.319838670367157185e+00
4.755072877965132960e+01,4.919088288485887084e+00
4.757073449557016431e+01,4.698380704857937573e+00
4.759074021148899902e+01,4.060231286098954229e+00
4.761074592740783373e+01,4.592145364571294408e+00
4.763075164332666844e+01,4.859985034020723127e+00
4.765075735924550315e+01,4.524858298744911522e+00
4.767076307516433786e+01,5.160455528502208011e+00
4.769076879108316547e+01,5.310515836824703406e+00
4.771077450700200018e+01,5.035304305495846400e+00
4.773078022292083489e+01,5.916625554327933578e+00
4.775078593883966960e+01,5.947688584227621256e+00
4.777079165475850431e+01,6.323998453806710884e+00
4.779079737067733902e+01,6.604205799805091814e+00
4.781080308659617373e+01,6.702153667257134906e+00
4.783080880251500844e+01,7.279919191948519774e+00
4.785081451843384315e+01,6.761890227180261448e+00
4.787082023435267075e+01,6.261204802107059209e+00
4.789082595027150546e+01,6.849781186349872542e+00
4.791083166619034017e+01,7.154254455483100017e+00
4.793083738210917488e+01,6.501710545326035984e+00
4.795084309802800959e+01,6.843452522478225220e+00
4.797084881394684430e+01,6.815583555040721997e+00
4.799085452986567901e+01,6.984813092277262214e+00
4.801086024578451372e+01,6.765196348910937019e+00
4.803086596170334843e+01,6.692156897921083925e+00
4.805087167762218314e+01,5.938115147939710070e+00
4.807087739354101075e+01,5.740389910501315640e+00
4.809088310945984546e+01,6.877446358866193599e+00
4.811088882537868017e+01,6.433114490802582353e+00
4.813089454129751488e+01,5.984492565854495183e+00
4.815090025721634959e+01,5.898259875480958314e+00
4.817090597313518430e+01,5.476560557017625896e+00
4.819091168905401901e+01,5.053449022298161175e+00
4.821091740497285372e+01,4.983171379388566358e+00
4.823092312089168843e+01,4.906838671718782408e+00
4.825092883681051603e+01,4.496340096141280718e+00
4.827093455272935074e+01,5.675177571928406550e+00
4.829094026864818545e+01,5.861174614259913263e+00
4.831094598456702016e+01,5.552851512746473261e+00
4.833095170048585487e+01,5.217157533654141588e+00
4.835095741640468958e+01,5.735909771472385899e+00
4.837096313232352429e+01,6.096911901368533115e+00
4.839096884824235900e+01,5.310948262551492327e+00
4.841097456416119371e+01,6.144398269181372996e+00
4.843098028008002842e+01,5.689219571258866459e+00
4.845098599599885603e+01,6.197662329275040349e+00
4.847099171191769074e+01,6.070020006482890196e+00
4.849099742783652545e+01,6.576521001559646251e+00
4.851100314375536016e+01,7.454090949648948694e+00
4.853100885967419487e+01,7.745401388047584490e+00
4.855101457559302958e+01,7.584536467127421133e+00
4.857102029151186429e+01,7.230651507044740356e+00
4.859102600743069900e+01,7.658319430287567897e+00
4.861103172334953371e+01,8.210079197039426901e+00
4.863103743926836131e+01,9.647196521403156311e+00
4.865104315518719602e+01,8.770163786237567649e+00
4.867104887110603073e+01,8.668957763904700187e+00
4.869105458702486544e+01,1.063183577310938510e+01
4.871106030294370015e+01,1.047993396363188978e+01
4.873106601886253486e+01,1.097649963134186279e+01
4.875107173478136957e+01,1.108099934912267059e+01
4.877107745070020428e+01,1.155366034515321161e+01
4.879108316661903899e+01,1.178097336213143542e+01
4.881108888253786660e+01,1.240223796213197005e+01
4.883109459845670131e+01,1.364665210688850472e+01
4.885110031437553602e+01,1.395840698964124016e+01
4.887110603029437073e+01,1.360546620379591332e+01
4.889111174621320544e+01,1.410777214486313902e+01
4.891111746213204015e+01,1.590333488860080990e+01
4.893112317805087486e+01,1.635756534628927383e+01
4.895112889396970957e+01,1.617306829264329338e+01
4.897113460988854428e+01,1.658634279895694874e+01
4.899114032580737899e+01,1.742071540938479046e+01
4.901114604172620659e+01,1.673806228711544719e+01
4.903115175764504130e+01,1.734128300381517107e+01
4.905115747356387601e+01,1.586128351669917080e+01
4.907116318948271072e+01,1.705293599446160613e+01
4.909116890540154543e+01,1.560695460903055576e+01
4.911117462132038014e+01,1.478031372328297799e+01
4.913118033723921485e+01,1.585983544364945530e+01
4.915118605315804956e+01,1.423560853573308016e+01
4.917119176907688427e+01,1.385712695614009959e+01
4.919119748499571187e+01,1.417329893685105091e+01
4.921120320091454658e+01,1.267078157751104328e+01
4.923120891683338129e+01,1.207775404903366834e+01
4.925121463275221600e+01,1.153357085525350456e+01
4.927122034867105071e+01,1.060306780569723628e+01
4.929122606458988542e+01,1.041380616534691050e+01
4.931123178050872014e+01,1.040169687467463433e+01
4.933123749642755485e+01,9.722167468919643341e+00
4.935124321234638956e+01,9.568825721380253668e+00
4.937124892826522427e+01,8.038462737988066209e+00
4.939125464418405187e+01,7.953111352153331204e+00
4.941126036010288658e+01,7.255964560238632899e+00
4.943126607602172129e+01,7.389226322815618531e+00
4.945127179194055600e+01,6.749006030585331217e+00
4.947127750785939071e+01,6.128347565434733468e+00
4.949128322377822542e+01,6.007936237594203810e+00
4.951128893969706013e+01,5.604401477140708465e+00
4.953129465561589484e+01,4.625721996458379337e+00
4.955130037153472955e+01,5.187668972672810241e+00
4.957130608745355715e+01,4.584865164465107057e+00
4.959131180337239186e+01,4.263001106301322451e+00
4.961131751929122657e+01,3.992818027998574326e+00
4.963132323521006128e+01,3.701211758727886547e+00
4.965132895112889599e+01,3.245338929269794725e+00
4.967133466704773070e+01,3.563280034793702811e+00
4.969134038296656541e+01,2.997088485561066218e+00
4.971134609888540012e+01,3.323149373253576400e+00
4.973135181480423483e+01,2.474561440281857205e+00
4.975135753072306244e+01,3.364061950393537614e+00
4.977136324664189715e+01,3.012924600488537941e+00
4.979136896256073186e+01,2.686965177107950353e+00
4.981137467847956657e+01,3.188417687893530417e+00
4.983138039439840128e+01,3.416002966010491804e+00
4.985138611031723599e+01,2.430805748486035256e+00
4.987139182623607070e+01,3.072063408372587290e+00
4.989139754215490541e+01,3.355791360539591039e+00
4.991140325807374012e+01,3.160830238708755235e+00
4.993140897399257483e+01,2.764780009471385469e+00
4.995141468991140243e+01,2.521531603524294951e+00
4.997142040583023714e+01,3.103816164408915945e+00
4.999142612174907185e+01,3.034118629509920950e+00
5.001143183766790656e+01,3.272254663263720609e+00
5.003143755358674127e+01,3.918861129851509695e+00
5.005144326950557598e+01,3.538009923905553578e+00
5.007144898542441069e+01,4.451559833969023217e+00
5.009145470134324540e+01,3.436970776854574527e+00
5.011146041726208011e+01,4.050604737495953955e+00
5.013146613318090772e+01,4.042741015836819329e+00
5.015147184909974243e+01,4.742297535812676657e+00
5.017147756501857714e+01,4.351929587129092170e+00
5.019148328093741185e+01,3.873328696824582806e+00
5.021148899685624656e+01,4.605907415896593804e+00
5.023149471277508127e+01,4.781609115302840607e+00
5.025150042869391598e+01,4.487697584392255301e+00
5.027150614461275069e+01,4.949484161082896350e+00
5.029151186053158540e+01,5.590724527394016263e+00
5.031151757645042011e+01,5.951940365649269538e+00
5.033152329236924771e+01,5.411422658183784762e+00
5.035152900828808242e+01,5.481885217909612251e+00
5.037153472420691713e+01,4.989519505621263562e+00
5.039154044012575184e+01,5.384287272575685179e+00
5.041154615604458655e+01,5.578449114752986659e+00
5.043155187196342126e+01,4.604004262751962173e+00
5.045155758788225597e+01,4.264161487496997971e+00
5.047156330380109068e+01,5.168358208288410971e+00
5.049156901971992539e+01,5.542180279209161675e+00
5.051157473563875300e+01,4.470825234150097138e+00
5.053158045155758771e+01,4.712709127347801896e+00
5.055158616747642242e+01,4.541492816937549470e+00
5.057159188339525713e+01,4.382164510081175024e+00
5.059159759931409184e+01,3.831325639818951245e+00
5.061160331523292655e+01,4.329499778458542281e+00
5.063160903115176126e+01,4.441829717889136830e+00
5.065161474707059597e+01,4.774352382027146291e+00
5.067162046298943068e+01,5.119617579236366289e+00
5.069162617890825828e+01,4.715953611764508224e+00
5.071163189482709299e+01,5.019430472329762694e+00
5.073163761074592770e+01,3.973971684795510662e+00
5.075164332666476241e+01,4.319064561187857976e+00
5.077164904258359712e+01,5.613411033568915798e+00
5.079165475850243183e+01,5.273767851699028952e+00
5.081166047442126654e+01,5.563041093821601280e+00
5.083166619034010125e+01,5.096781440025802468e+00
5.085167190625893596e+01,4.911312052528913341e+00
5.087167762217777067e+01,6.243057450947981479e+00
5.089168333809659828e+01,6.319260663618663898e+00
5.091168905401543299e+01,6.538464527198156517e+00
5.093169476993426770e+01,6.745242348208197569e+00
5.095170048585310241e+01,7.072623784277192627e+00
5.097170620177193712e+01,7.551228500886666417e+00
5.099171191769077183e+01,6.889177163442028018e+00
5.101171763360960654e+01,7.238174616668926475e+00
5.103172334952844125e+01,7.875760657444638824e+00
5.105172906544727596e+01,7.495819584713002470e+00
5.107173478136610356e+01,7.155331883340316779e+00
5.109174049728493827e+01,8.592189567543377038e+00
5.111174621320377298e+01,7.880137844209094133e+00
5.113175192912260769e+01,8.179344934253128585e+00
5.115175764504144240e+01,8.311644346631865687e+00
5.117176336096027711e+01,8.215483119677067236e+00
5.119176907687911182e+01,8.212876981999958304e+00
5.121177479279794653e+01,8.459426832577893407e+00
5.123178050871678124e+01,8.314089913888013328e+00
5.125178622463561595e+01,8.664721237676786814e+00
5.127179194055444356e+01,8.452380424382710089e+00
5.129179765647327827e+01,9.828252634471727589e+00
5.131180337239211298e+01,8.765186385470006059e+00
5.133180908831094769e+01,9.752547404560790056e+00
5.135181480422978240e+01,1.000431075413603210e+01
5.137182052014861711e+01,1.108949954136801708e+01
5.139182623606745182e+01,1.141225005687643979e+01
5.141183195198628653e+01,1.185476113663572306e+01
5.143183766790512124e+01,1.279517004418430304e+01
5.145184338382394884e+01,1.265568477718864315e+01
5.147184909974278355e+01,1.261743953596834800e+01
5.149185481566161826e+01,1.443180653020158388e+01
5.151186053158045297e+01,1.321574258437160765e+01
5.153186624749928768e+01,1.468952196403978405e+01
5.155187196341812239e+01,1.448951601692406399e+01
5.157187767933695710e+01,1.512465769129158666e+01
5.159188339525579181e+01,1.527431763468842263e+01
5.161188911117462652e+01,1.451942061740020051e+01
5.163189482709345413e+01,1.434608468138049986e+01
5.165190054301228884e+01,1.449108186973150936e+01
5.167190625893112355e+01,1.553526724723765007e+01
5.169191197484995826e+01,1.448064556290894700e+01
5.171191769076879297e+01,1.448973571057401166e+01
5.173192340668762768e+01,1.480369275433891829e+01
5.175192912260646239e+01,1.445305449760496685e+01
5.177193483852529710e+01,1.419734024407836870e+01
5.179194055444413181e+01,1.391266926012325200e+01
5.181194627036296652e+01,1.442472796823741099e+01
5.183195198628179412e+01,1.369625811316485553e+01
5.185195770220062883e+01,1.501473346204266690e+01
5.187196341811946354e+01,1.415307227865158168e+01
5.189196913403829825e+01,1.420800386805383297e+01
5.191197484995713296e+01,1.503316348497563126e+01
5.193198056587596767e+01,1.454746250152710907e+01
5.195198628179480238e+01,1.547373599648035736e+01
5.197199199771363709e+01,1.600273560037195963e+01
5.199199771363247180e+01,1.572227452197573072e+01
5.201200342955129940e+01,1.616125207255582552e+01
5.203200914547013411e+01,1.639273961098992771e+01
5.205201486138896882e+01,1.688699469876552328e+01
5.207202057730780353e+01,1.806869270859844079e+01
5.209202629322663824e+01,1.840717292608957933e+01
5.211203200914547295e+01,1.924636408733819337e+01
5.213203772506430766e+01,1.969402337401684377e+01
5.215204344098314237e+01,2.009347128294195528e+01
5.217204915690197708e+01,2.143497374747555639e+01
5.219205487282081180e+01,2.146605420406508458e+01
5.221206058873963940e+01,2.103991702219082782e+01
5.223206630465847411e+01,2.196075727248138776e+01
5.225207202057730882e+01,2.266633024322285195e+01
5.227207773649614353e+01,2.207951208248276487e+01
5.229208345241497824e+01,2.261349298520741513e+01
5.231208916833381295e+01,2.154785817144595228e+01
5.233209488425264766e+01,2.235912915679212887e+01
5.235210060017148237e+01,2.183237559403657002e+01
5.237210631609031708e+01,2.110529130619534044e+01
5.239211203200914468e+01,2.097014198640887983e+01
5.241211774792797939e+01,2.059058326814237461e+01
5.243212346384681410e+01,1.992579353949833632e+01
5.245212917976564881e+01,2.001460163471159959e+01
5.247213489568448352e+01,1.951359611577828090e+01
5.249214061160331823e+01,1.998325831202435054e+01
5.251214632752215294e+01,2.038291067871129769e+01
5.253215204344098765e+01,1.906527709893397571e+01
5.255215775935982236e+01,2.018513639423836281e+01
5.257216347527864997e+01,1.916577017286743967e+01
5.259216919119748468e+01,1.869580808079106760e+01
5.261217490711631939e+01,1.927246832381279518e+01
5.263218062303515410e+01,1.862565940845000512e+01
5.265218633895398881e+01,1.885409750010306240e+01
5.267219205487282352e+01,1.767295642975874159e+01
5.269219777079165823e+01,1.861108726541711533e+01
5.271220348671049294e+01,1.784219127576646358e+01
5.273220920262932765e+01,1.791650610507959485e+01
5.275221491854816236e+01,1.729264008169156597e+01
5.277222063446698996e+01,1.785271465884590114e+01
5.279222635038582467e+01,1.692932855901465672e+01
5.281223206630465938e+01,1.733644635194179529e+01
5.283223778222349409e+01,1.709255279309669007e+01
5.285224349814232880e+01,1.590088055255984401e+01
5.287224921406116351e+01,1.634875143691598254e+01
5.289225492997999822e+01,1.581559888387700497e+01
5.291226064589883293e+01,1.688487270754207259e+01
5.293226636181766764e+01,1.691763520559437950e+01
5.295227207773649525e+01,1.686461446189662539e+01
5.297227779365532996e+01,1.649967759700543013e+01
5.299228350957416467e+01,1.714483619432208172e+01
5.301228922549299938e+01,1.619776617328209412e+01
5.303229494141183409e+01,1.693849792264516196e+01
5.305230065733066880e+01,1.778664609403283237e+01
5.307230637324950351e+01,1.796340940379274542e+01
5.309231208916833822e+01,1.798740114035020810e+01
5.311231780508717293e+01,1.834504532497048146e+01
5.313232352100600764e+01,1.836084266391780062e+01
5.315232923692483524e+01,1.851578238141166466e+01
5.317233495284366995e+01,1.838974069433908909e+01
5.319234066876250466e+01,1.845232397386802958e+01
5.321234638468133937e+01,1.877973380458217179e+01
5.323235210060017408e+01,1.834398907394633227e+01
5.325235781651900879e+01,1.815695048428423775e+01
5.327236353243784350e+01,1.769442414160214128e+01
5.329236924835667821e+01,1.790115423563569408e+01
5.331237496427551292e+01,1.681608192953361680e+01
5.333238068019434053e+01,1.679102999560693377e+01
5.335238639611317524e+01,1.607904347865125771e+01
5.337239211203200995e+01,1.565357372579210349e+01
5.339239782795084466e+01,1.520989899818787272e+01
5.341240354386967937e+01,1.507291215311435906e+01
5.343240925978851408e+01,1.480290714689144949e+01
5.345241497570734879e+01,1.357582337086790503e+01
5.347242069162618350e+01,1.356225702338190686e+01
5.349242640754501821e+01,1.295235468668500900e+01
5.351243212346384581e+01,1.204146401987210879e+01
5.353243783938268052e+01,1.214563184821288999e+01
5.355244355530151523e+01,1.304807640648015266e+01
5.357244927122034994e+01,1.236824995892853352e+01
5.359245498713918465e+01,1.243794484717073878e+01
5.361246070305801936e+01,1.226963516626390849e+01
5.363246641897685407e+01,1.331642624279402298e+01
5.365247213489568878e+01,1.306464933363349346e+01
5.367247785081452349e+01,1.352554986545018068e+01
5.369248356673335820e+01,1.419078155976253619e+01
5.371248928265218581e+01,1.396644243682588105e+01
5.373249499857102052e+01,1.443064948801533021e+01
5.375250071448985523e+01,1.415270616305715023e+01
5.377250643040868994e+01,1.484946124680544521e+01
5.379251214632752465e+01,1.570232605443289309e+01
5.381251786224635936e+01,1.648064682324597996e+01
5.383252357816519407e+01,1.622884588876553025e+01
5.385252929408402878e+01,1.603131923379175561e+01
5.387253501000286349e+01,1.711046973681465033e+01
5.389254072592169109e+01,1.653303946793009516e+01
5.391254644184052580e+01,1.784645930272731462e+01
5.393255215775936051e+01,1.743537220793076870e+01
5.395255787367819522e+01,1.792630784747064610e+01
5.397256358959702993e+01,1.779284537780586462e+01
5.399256930551586464e+01,1.795278060265489728e+01
5.401257502143469935e+01,1.700124309531405942e+01
5.403258073735353406e+01,1.772138375929451826e+01
5.405258645327236877e+01,1.683412151726519568e+01
5.407259216919120348e+01,1.752082320361853363e+01
5.409259788511003109e+01,1.662550071334965907e+01
5.411260360102886580e+01,1.592112746185592087e+01
5.413260931694770051e+01,1.580620745151728102e+01
5.415261503286653522e+01,1.501135538709142914e+01
5.417262074878536993e+01,1.473034651546298512e+01
5.419262646470420464e+01,1.416231710201748584e+01
5.421263218062303935e+01,1.349989520127989095e+01
5.423263789654187406e+01,1.385908894978944694e+01
5.425264361246070877e+01,1.319146517577117450e+01
5.427264932837953637e+01,1.194797525857266152e+01
5.429265504429837108e+01,1.191378182480870151e+01
5.431266076021720579e+01,1.196892727447406912e+01
5.433266647613604050e+01,1.142986193438200360e+01
5.435267219205487521e+01,1.049429539220394680e+01
5.437267790797370992e+01,1.012004950955568106e+01
5.439268362389254463e+01,1.019272576730281088e+01
5.441268933981137934e+01,9.451156065756526559e+00
5.443269505573021405e+01,9.947024870586766099e+00
5.445270077164904166e+01,1.015562381031571526e+01
5.447270648756787637e+01,1.081979600363399641e+01
5.449271220348671108e+01,1.027641081612718210e+01
5.451271791940554579e+01,1.022343054730510481e+01
5.453272363532438050e+01,1.098850226335899016e+01
5.455272935124321521e+01,1.123936514020908461e+01
5.457273506716204992e+01,1.151390001875007485e+01
5.459274078308088463e+01,1.162203743309960657e+01
5.461274649899971934e+01,1.173979517903538650e+01
5.463275221491855405e+01,1.238006040741488789e+01
5.465275793083738165e+01,1.254356684424202228e+01
5.467276364675621636e+01,1.233401422661080815e+01
5.469276936267505107e+01,1.278011313181445985e+01
5.471277507859388578e+01,1.283584917906442513e+01
5.473278079451272049e+01,1.291319278779468149e+01
5.475278651043155520e+01,1.218935800736427311e+01
5.477279222635038991e+01,1.269470712368364218e+01
5.479279794226922462e+01,1.186084505541902345e+01
5.481280365818805933e+01,1.245751129017046743e+01
5.483280937410688693e+01,1.230758161044016674e+01
5.485281509002572164e+01,1.190301180689560212e+01
5.487282080594455635e+01,1.077091181697571187e+01
5.489282652186339106e+01,1.017748638974278563e+01
5.491283223778222577e+01,9.722373956458090660e+00
5.493283795370106048e+01,9.809325668269579523e+00
5.495284366961989519e+01,8.635488553418737112e+00
5.497284938553872990e+01,8.826116453148497243e+00
5.499285510145756461e+01,8.996957381898145201e+00
5.501286081737639222e+01,8.678638309549540963e+00
5.503286653329522693e+01,7.775835698466512014e+00
5.505287224921406164e+01,9.100310959858830984e+00
5.507287796513289635e+01,7.921176091711078726e+00
5.509288368105173106e+01,8.684815621848976264e+00
5.511288939697056577e+01,8.512798453354610828e+00
5.513289511288940048e+01,8.452452336169038460e+00
5.515290082880823519e+01,9.975931628758996084e+00
5.517290654472706990e+01,9.097523105645915820e+00
5.519291226064590461e+01,1.034174040361628144e+01
5.521291797656473221e+01,1.083876520449263481e+01
5.523292369248356692e+01,1.041900045227106197e+01
5.525292940840240163e+01,1.065765282535915581e+01
5.527293512432123634e+01,1.121096285719633556e+01
5.529294084024007105e+01,1.086796054872314699e+01
5.531294655615890576e+01,1.163468857170418858e+01
5.533295227207774047e+01,1.175098180714986640e+01
5.535295798799657518e+01,1.180828046185551727e+01
5.537296370391540989e+01,1.197366338553416476e+01
5.539296941983423750e+01,1.248263055575893254e+01
5.541297513575307221e+01,1.144168705705595990e+01
5.543298085167190692e+01,1.175347290972384329e+01
5.545298656759074163e+01,1.132221561634147022e+01
5.547299228350957634e+01,1.147713904739980251e+01
5.549299799942841105e+01,1.147891883067159213e+01
5.551300371534724576e+01,1.177859462154295578e+01
5.553300943126608047e+01,1.185997176617377136e+01
5.555301514718491518e+01,1.245609376602545382e+01
5.557302086310374989e+01,1.080616189279654549e+01
5.559302657902257749e+01,1.152567228371605168e+01
5.561303229494141220e+01,1.153157823380454872e+01
5.563303801086024691e+01,1.203885490083221121e+01
5.565304372677908162e+01,1.231915638216005959e+01
5.567304944269791633e+01,1.251717996812305955e+01
5.569305515861675104e+01,1.293234207831742921e+01
5.571306087453558575e+01,1.307127252323222777e+01
5.573306659045442046e+01,1.379449785604837686e+01
5.575307230637325517e+01,1.455473353382129176e+01
5.577307802229208278e+01,1.459607759005233163e+01
5.579308373821091749e+01,1.570739888919342064e+01
5.581308945412975220e+01,1.620677561533974398e+01
5.583309517004858691e+01,1.552669803316709363e+01
5.585310088596742162e+01,1.707764024073415499e+01
5.587310660188625633e+01,1.735420642824299264e+01
5.589311231780509104e+01,1.739149443710360998e+01
5.591311803372392575e+01,1.700091405411961176e+01
5.593312374964276046e+01,1.750836430902850083e+01
5.595312946556158806e+01,1.718739105163594871e+01
5.597313518148042277e+01,1.708820054892666818e+01
5.599314089739925748e+01,1.691595881987138128e+01
5.601314661331809219e+01,1.620342539137201854e+01
5.603315232923692690e+01,1.677788435958959923e+01
5.605315804515576161e+01,1.608785480321028416e+01
5.607316376107459632e+01,1.539227565454983448e+01
5.609316947699343103e+01,1.445799722921720942e+01
5.611317519291226574e+01,1.476386952651905204e+01
5.613318090883110045e+01,1.440818838635655297e+01
5.615318662474992806e+01,1.373314001192349920e+01
5.617319234066876277e+01,1.354623278018266852e+01
5.619319805658759748e+01,1.214185161798603829e+01
5.621320377250643219e+01,1.227929058530949291e+01
5.623320948842526690e+01,1.225775991665769915e+01
5.625321520434410161e+01,1.156331400166275358e+01
5.627322092026293632e+01,1.117091476785864756e+01
5.629322663618177103e+01,1.073450643976593710e+01
5.631323235210060574e+01,1.016374069568150418e+01
5.633323806801943334e+01,1.053299650829210066e+01
5.635324378393826805e+01,1.041772455855088708e+01
5.637324949985710276e+01,1.051817008192593761e+01
5.639325521577593747e+01,9.430457668731879295e+00
5.641326093169477218e+01,1.049567992934630567e+01
5.643326664761360689e+01,9.481719707718369250e+00
5.645327236353244160e+01,9.779125105003206642e+00
5.647327807945127631e+01,9.481148398614278605e+00
5.649328379537011102e+01,9.577727459642922270e+00
5.651328951128894573e+01,9.368548986211663987e+00
5.653329522720777334e+01,9.180106340665762588e+00
5.655330094312660805e+01,8.805775671269735483e+00
5.657330665904544276e+01,8.139504436407259291e+00
5.659331237496427747e+01,8.012380474303094857e+00
5.661331809088311218e+01,7.227802966519849548e+00
5.663332380680194689e+01,7.565440184232166132e+00
5.665332952272078160e+01,6.792668763314870795e+00
5.667333523863961631e+01,6.330513277493514224e+00
5.669334095455845102e+01,6.277406776370714425e+00
5.671334667047727862e+01,5.604320546881406351e+00
5.673335238639611333e+01,5.248974318865944788e+00
5.675335810231494804e+01,5.322883640191815147e+00
5.677336381823378275e+01,5.356111246268525861e+00
5.679336953415261746e+01,5.979012462493388469e+00
5.681337525007145217e+01,5.537059320249305472e+00
5.683338096599028688e+01,4.848815590440722190e+00
5.685338668190912159e+01,5.168074032632999248e+00
5.687339239782795630e+01,5.089062899499499082e+00
5.689339811374678391e+01,5.307572410726176138e+00
5.691340382966561862e+01,4.688571561050705050e+00
5.693340954558445333e+01,4.439812223406903513e+00
5.695341526150328804e+01,4.886420067348121954e+00
5.697342097742212275e+01,4.878717352254746231e+00
5.699342669334095746e+01,4.850616933896342076e+00
5.701343240925979217e+01,4.022576542440938319e+00
5.703343812517862688e+01,4.509661738095649852e+00
5.705344384109746159e+01,5.343812241781996875e+00
5.707344955701629630e+01,4.778968565938011892e+00
5.709345527293512390e+01,4.844620655031549816e+00
5.711346098885395861e+01,5.089508951068861364e+00
5.713346670477279332e+01,4.831794888216402128e+00
5.715347242069162803e+01,5.081489844383234811e+00
5.717347813661046274e+01,5.595539956501637491e+00
5.719348385252929745e+01,5.305303144020967920e+00
5.721348956844813216e+01,5.327731534049997109e+00
5.723349528436696687e+01,6.218876760754822541e+00
5.725350100028580158e+01,5.391106384552726283e+00
5.727350671620462919e+01,6.538688483581280408e+00
5.729351243212346390e+01,6.095213863973050650e+00
5.731351814804229861e+01,6.702331366424406411e+00
5.733352386396113332e+01,6.392678230522125027e+00
5.735352957987996803e+01,6.822616553307618403e+00
5.737353529579880274e+01,7.269930605315815697e+00
5.739354101171763745e+01,7.163838791219387048e+00
5.741354672763647216e+01,7.003258299244274454e+00
5.743355244355530687e+01,7.916830876548360152e+00
5.745355815947414158e+01,7.589617567629372452e+00
5.747356387539296918e+01,7.880889785259922675e+00
5.749356959131180389e+01,7.382240382950024049e+00
5.751357530723063860e+01,8.205481284204930503e+00
5.753358102314947331e+01,7.986281540812125712e+00
5.755358673906830802e+01,7.580099559321112679e+00
5.757359245498714273e+01,7.607539582321318328e+00
5.759359817090597744e+01,7.037185236759841089e+00
5.761360388682481215e+01,6.586174882847888767e+00
5.763360960274364686e+01,5.934368172327651791e+00
5.765361531866247446e+01,6.181021035158090982e+00
5.767362103458130917e+01,5.711846666575228326e+00
5.769362675050014388e+01,5.685810277231491128e+00
5.771363246641897859e+01,6.155721277831817773e+00
5.773363818233781330e+01,5.203822429996325383e+00
5.775364389825664801e+01,5.092706527349134760e+00
5.777364961417548272e+01,4.924159809801324172e+00
5.779365533009431743e+01,3.710733687228542355e+00
5.781366104601315214e+01,4.658699021901678172e+00
5.783366676193197975e+01,4.090054477733350957e+00
5.785367247785081446e+01,3.958939975830165103e+00
5.787367819376964917e+01,4.478095635180290301e+00
5.789368390968848388e+01,4.739130013393012320e+00
5.791368962560731859e+01,5.024191392910557497e+00
5.793369534152615330e+01,3.815904400879279734e+00
5.795370105744498801e+01,4.706242215971188969e+00
5.797370677336382272e+01,4.507050727749074781e+00
5.799371248928265743e+01,5.574418066418539652e+00
5.801371820520149214e+01,5.342516894483402723e+00
5.803372392112031974e+01,6.281314234985424072e+00
5.805372963703915445e+01,5.698045737646029174e+00
5.807373535295798916e+01,5.422441644739437905e+00
5.809374106887682387e+01,5.832511815545124989e+00
5.811374678479565858e+01,6.144171016096022342e+00
5.813375250071449329e+01,6.915927177062263453e+00
5.815375821663332800e+01,7.183348737919653892e+00
5.817376393255216271e+01,7.089981807087784915e+00
5.819376964847099742e+01,7.348444597834104641e+00
5.821377536438982503e+01,7.694110702556058001e+00
5.823378108030865974e+01,7.916401376915798593e+00
5.825378679622749445e+01,8.080313553347124866e+00
5.827379251214632916e+01,7.764277370411445389e+00
5.829379822806516387e+01,8.323199111722463073e+00
5.831380394398399858e+01,7.503911502873669370e+00
5.833380965990283329e+01,7.404986405658304349e+00
5.835381537582166800e+01,7.458303027382205741e+00
5.837382109174050271e+01,7.688095874940266583e+00
5.839382680765933742e+01,6.759488155658855746e+00
5.841383252357816502e+01,7.218569722801786881e+00
5.843383823949699973e+01,6.586533076329793346e+00
5.845384395541583444e+01,6.492148171402575940e+00
5.847384967133466915e+01,6.055261970130906946e+00
5.849385538725350386e+01,5.950038376154168418e+00
5.851386110317233857e+01,6.341640677123368874e+00
5.853386681909117328e+01,5.426238917985304333e+00
5.855387253501000799e+01,5.202295417452318382e+00
5.857387825092884270e+01,5.215187976436336470e+00
5.859388396684767031e+01,5.638158544824009688e+00
5.861388968276650502e+01,5.546627467036968184e+00
5.863389539868533973e+01,5.645303660856631822e+00
5.865390111460417444e+01,6.333754543295913919e+00
5.867390683052300915e+01,5.801143951334490012e+00
5.869391254644184386e+01,5.466918873495002273e+00
5.871391826236067857e+01,5.536830568366784888e+00
5.873392397827951328e+01,6.225977198214989627e+00
5.875392969419834799e+01,7.025467406736569664e+00
5.877393541011717559e+01,6.158382300200639037e+00
5.879394112603601030e+01,6.820048756234850629e+00
5.881394684195484501e+01,6.701463494863239667e+00
5.883395255787367972e+01,7.333059000328113086e+00
5.885395827379251443e+01,6.822133407662304805e+00
5.887396398971134914e+01,7.098484347477421963e+00
5.889396970563018385e+01,6.787288903161254439e+00
5.891397542154901856e+01,6.720011828225253225e+00
5.893398113746785327e+01,6.813360708869211635e+00
5.895398685338668798e+01,7.608388721707218139e+00
5.897399256930551559e+01,7.701818780343336890e+00
5.899399828522435030e+01,7.040483746958329903e+00
5.901400400114318501e+01,7.320790909348923847e+00
5.903400971706201972e+01,7.291933914451388610e+00
5.905401543298085443e+01,7.136548687906278943e+00
5.907402114889968914e+01,7.530562220718562294e+00
5.909402686481852385e+01,7.109769715598767803e+00
5.911403258073735856e+01,7.626581879833737254e+00
5.913403829665619327e+01,7.232385723014383316e+00
5.915404401257502087e+01,6.452701955658607602e+00
5.917404972849385558e+01,7.019553518567426487e+00
5.919405544441269029e+01,6.441238805950826318e+00
5.921406116033152500e+01,6.189087759411430412e+00
5.923406687625035971e+01,5.850776315597117971e+00
5.925407259216919442e+01,6.248353863211839609e+00
5.927407830808802913e+01,5.695761046352056489e+00
5.929408402400686384e+01,5.685307856614592481e+00
5.931408973992569855e+01,4.915083182858301925e+00
5.933409545584453326e+01,5.777700440351959621e+00
5.935410117176336087e+01,5.121875328331813471e+00
5.937410688768219558e+01,6.183963095843745705e+00
5.939411260360103029e+01,4.853733093928910947e+00
5.941411831951986500e+01,5.748099078560039210e+00
5.943412403543869971e+01,4.700172061851768390e+00
5.945412975135753442e+01,4.842763403301684200e+00
5.947413546727636913e+01,4.446003030456338934e+00
5.949414118319520384e+01,4.311790835743637196e+00
5.951414689911403855e+01,5.095369334628084168e+00
5.953415261503286615e+01,4.528258535777847982e+00
5.955415833095170086e+01,5.244573575310515601e+00
5.957416404687053557e+01,4.761022106514147367e+00
5.959416976278937028e+01,3.832782846961082512e+00
5.961417547870820499e+01,4.553251620035145386e+00
5.963418119462703970e+01,4.757234066964384667e+00
5.965418691054587441e+01,4.060274964429685163e+00
5.967419262646470912e+01,4.230699487497564526e+00
5.969419834238354383e+01,5.235691796903991779e+00
5.971420405830237144e+01,5.080499507062617326e+00
5.973420977422120615e+01,4.639939872647813601e+00
5.975421549014004086e+01,4.374400924736484342e+00
5.977422120605887557e+01,4.723014070214293980e+00
5.979422692197771028e+01,4.627326447727917014e+00
5.981423263789654499e+01,5.721682671478190763e+00
5.983423835381537970e+01,5.141928603478847393e+00
5.985424406973421441e+01,5.238149187132431273e+00
5.987424978565304912e+01,4.809754546733875813e+00
5.989425550157188383e+01,5.116872936261867011e+00
5.991426121749071143e+01,5.686080571809016604e+00
5.993426693340954614e+01,6.295534854464353458e+00
5.995427264932838085e+01,5.909920343894908612e+00
5.997427836524721556e+01,6.949414516948579035e+00
5.999428408116605027e+01,6.772814030596236989e+00
6.001428979708488498e+01,6.976575091441281629e+00
6.003429551300371969e+01,6.818734482728281421e+00
6.005430122892255440e+01,6.818023029267930468e+00
6.007430694484138911e+01,6.762421793140612536e+00
6.009431266076021672e+01,7.834298809173024125e+00
6.011431837667905143e+01,7.305721124930208532e+00
6.013432409259788614e+01,7.400249493980675553e+00
6.015432980851672085e+01,8.164274714428042756e+00
6.017433552443555556e+01,7.756927511298320255e+00
6.019434124035439027e+01,7.277606058986420656e+00
6.021434695627322498e+01,7.585386407875000181e+00
6.023435267219205969e+01,7.058846425668123814e+00
6.025435838811089440e+01,6.924216297911378604e+00
6.027436410402972911e+01,7.734693247678855244e+00
6.029436981994855671e+01,8.048894992413845983e+00
6.031437553586739142e+01,7.945793657305792124e+00
6.033438125178622613e+01,7.984318200007909816e+00
6.035438696770506084e+01,8.352794923706902352e+00
6.037439268362389555e+01,7.512655970725553800e+00
6.039439839954273026e+01,8.002498982883093248e+00
6.041440411546156497e+01,7.079387821530380265e+00
6.043440983138039968e+01,6.515924372206444382e+00
6.045441554729923439e+01,7.035208554335577347e+00
6.047442126321806199e+01,7.197590639225589726e+00
6.049442697913689670e+01,7.582207445863238249e+00
6.051443269505573141e+01,7.050194793824723583e+00
6.053443841097456612e+01,7.511290427527875124e+00
6.055444412689340083e+01,7.027388985776428676e+00
6.057444984281223554e+01,6.100660754838288291e+00
6.059445555873107025e+01,5.995849434387149124e+00
6.061446127464990496e+01,6.734937205299326379e+00
6.063446699056873967e+01,6.310181416787902897e+00
6.065447270648756728e+01,5.893515248642782645e+00
6.067447842240640199e+01,5.774433980076716821e+00
6.069448413832523670e+01,5.899658412408087749e+00
6.071448985424407141e+01,6.366674419044878519e+00
6.073449557016290612e+01,5.893083755579941574e+00
6.075450128608174083e+01,6.790923624799418690e+00
6.077450700200057554e+01,5.330356999774279458e+00
6.079451271791941025e+01,5.915156382353488951e+00
6.081451843383824496e+01,5.677959511414330862e+00
6.083452414975707967e+01,4.871418218059708316e+00
6.085452986567590727e+01,5.810183525181376041e+00
6.087453558159474198e+01,5.939294697285278701e+00
6.089454129751357669e+01,5.826669583191707247e+00
6.091454701343241140e+01,5.518762663733261853e+00
6.093455272935124611e+01,6.360881271353475697e+00
6.095455844527008082e+01,6.715337532808776544e+00
6.097456416118891553e+01,6.567872196597319245e+00
6.099456987710775024e+01,7.119574671170900260e+00
6.101457559302658495e+01,6.998612105815329443e+00
6.103458130894541256e+01,6.508307372336197716e+00
6.105458702486424727e+01,6.918950148878758810e+00
6.107459274078308198e+01,7.175412407116882996e+00
6.109459845670191669e+01,7.856571097480488319e+00
6.111460417262075140e+01,8.041964692940965165e+00
6.113460988853958611e+01,7.474893386024174191e+00
6.115461560445842082e+01,6.752156348949949205e+00
6.117462132037725553e+01,7.369956313160127337e+00
6.119462703629609024e+01,7.772079359824775935e+00
6.121463275221492495e+01,6.965985709751985056e+00
6.123463846813375255e+01,7.072909948816295866e+00
6.125464418405258726e+01,6.602760653501322352e+00
6.127464989997142197e+01,6.468988209863516303e+00
6.129465561589025668e+01,6.631783391336536049e+00
6.131466133180909139e+01,6.402531787190862467e+00
6.133466704772792610e+01,6.216856378664880722e+00
6.135467276364676081e+01,5.453935378832376557e+00
6.137467847956559552e+01,6.003949231807352405e+00
6.139468419548443023e+01,5.759857408611527063e+00
6.141468991140325784e+01,5.648760509354357140e+00
6.143469562732209255e+01,5.155053356796384101e+00
6.145470134324092726e+01,5.336331271391108189e+00
6.147470705915976197e+01,5.129411904410192236e+00
6.149471277507859668e+01,5.050238334797225725e+00
6.151471849099743139e+01,4.478478050189200310e+00
6.153472420691626610e+01,4.108671861262883418e+00
6.155472992283510081e+01,4.879547182552127715e+00
6.157473563875393552e+01,4.367339398162715547e+00
6.159474135467276312e+01,4.981276171079761284e+00
6.161474707059159783e+01,5.105957150533143363e+00
6.163475278651043254e+01,4.112797318418833115e+00
6.165475850242926725e+01,4.333586133570506149e+00
6.167476421834810196e+01,4.258923607680845436e+00
6.169476993426693667e+01,4.230589431123950028e+00
6.171477565018577138e+01,4.303007543837812143e+00
6.173478136610460609e+01,3.987450444821902806e+00
6.175478708202344080e+01,4.349002531199005261e+00
6.177479279794227551e+01,4.001941130806146774e+00
6.179479851386110312e+01,3.298380642221894643e+00
6.181480422977993783e+01,3.808598063802769218e+00
6.183480994569877254e+01,3.942667131081762033e+00
6.185481566161760725e+01,4.145886517649407743e+00
6.187482137753644196e+01,4.469646609896617662e+00
6.189482709345527667e+01,4.373555874959272671e+00
6.191483280937411138e+01,4.774758938439529032e+00
6.193483852529294609e+01,4.933816685614868192e+00
6.195484424121178080e+01,4.204318200255794835e+00
6.197484995713060840e+01,5.531719887980175443e+00
6.199485567304944311e+01,5.616176896560245879e+00
6.201486138896827782e+01,6.357006646615676715e+00
6.203486710488711253e+01,5.749406594942334081e+00
6.205487282080594724e+01,7.067703961588819084e+00
6.207487853672478195e+01,6.694108838046498811e+00
6.209488425264361666e+01,7.515473551177340283e+00
6.211488996856245137e+01,7.326452202696478011e+00
6.213489568448128608e+01,9.130026755480725953e+00
6.215490140040011369e+01,8.709847017074590525e+00
6.217490711631894840e+01,9.243466745335521040e+00
6.219491283223778311e+01,1.029899111178699123e+01
6.221491854815661782e+01,1.030537808291501634e+01
6.223492426407545253e+01,1.034502990992956484e+01
6.225492997999428724e+01,1.128661108590137729e+01
6.227493569591312195e+01,1.149472418926342598e+01
6.229494141183195666e+01,1.188680104934099901e+01
6.231494712775079137e+01,1.205597815542193985e+01
6.233495284366962608e+01,1.221186069774805460e+01
6.235495855958845368e+01,1.280201967793736273e+01
6.237496427550728839e+01,1.309874692558666709e+01
6.239496999142612310e+01,1.308022961441084320e+01
6.241497570734495781e+01,1.267419566031005296e+01
6.243498142326379252e+01,1.359433042980897710e+01
6.245498713918262723e+01,1.211680396199319176e+01
6.247499285510146194e+01,1.299689006879505015e+01
6.249499857102029665e+01,1.240164652769545128e+01
6.251500428693913136e+01,1.244574283383249380e+01
6.253501000285795897e+01,1.192819122331034443e+01
6.255501571877679368e+01,1.099151751564285462e+01
6.257502143469562839e+01,1.100091705493121097e+01
6.259502715061446310e+01,1.078343534387450475e+01
6.261503286653329781e+01,1.036073638043115608e+01
6.263503858245213252e+01,1.014574242480857080e+01
6.265504429837096723e+01,9.678170803224711349e+00
6.267505001428980194e+01,1.034931433379379584e+01
6.269505573020863665e+01,9.354191105802044603e+00
6.271506144612747136e+01,9.850595968669203728e+00
6.273506716204629896e+01,9.540205622963178200e+00
6.275507287796513367e+01,9.836892496740638592e+00
6.277507859388396838e+01,1.081917917236548554e+01
6.279508430980280309e+01,9.893095518462018845e+00
6.281509002572163780e+01,1.032086874919453123e+01
6.283509574164047251e+01,1.144807063371648326e+01
6.285510145755930722e+01,1.123266950337349002e+01
6.287510717347814193e+01,1.170490772065494411e+01
6.289511288939697664e+01,1.162693800712789560e+01
6.291511860531580425e+01,1.173196551911434860e+01
6.293512432123463896e+01,1.226391864905421691e+01
6.295513003715347367e+01,1.209748414839128827e+01
6.297513575307230838e+01,1.175232068868755775e+01
6.299514146899114309e+01,1.213610850455020795e+01
6.301514718490997780e+01,1.274178479904400163e+01
6.303515290082881251e+01,1.200748495681669326e+01
6.305515861674764722e+01,1.187387191946820408e+01
6.307516433266648193e+01,1.163091293483671862e+01
6.309517004858530953e+01,1.117162532272910802e+01
6.311517576450414424e+01,1.102632302383049634e+01
6.313518148042297895e+01,1.022620457968706376e+01
6.315518719634181366e+01,1.136229158755339341e+01
6.317519291226064837e+01,1.063712075004058732e+01
6.319519862817948308e+01,1.013162151201240668e+01
6.321520434409831779e+01,1.063182017302348470e+01
6.323521006001715250e+01,1.067884197282894831e+01
6.325521577593598721e+01,1.088698319421418503e+01
6.327522149185482192e+01,1.064763166117266557e+01
6.329522720777364952e+01,1.004653998417605010e+01
6.331523292369248423e+01,1.026474698098256511e+01
6.333523863961131894e+01,1.105338445292864868e+01
6.335524435553015365e+01,1.066321009349358917e+01
6.337525007144898836e+01,1.172026698005623757e+01
6.339525578736782307e+01,1.077889359819574544e+01
6.341526150328665778e+01,1.176219046581768524e+01
6.343526721920549249e+01,1.110102490479501824e+01
6.345527293512432720e+01,1.062403950357885307e+01
6.347527865104315481e+01,1.182869400052245368e+01
6.349528436696198952e+01,1.103164400107855059e+01
6.351529008288082423e+01,1.104256592700397022e+01
6.353529579879965894e+01,1.004528179873672045e+01
6.355530151471849365e+01,1.047709045182417498e+01
6.357530723063732836e+01,1.036026846576542582e+01
6.359531294655616307e+01,1.039212610480080556e+01
6.361531866247499778e+01,1.059795730210369236e+01
6.363532437839383249e+01,9.261323868928672098e+00
6.365533009431266720e+01,8.669269151386881589e+00
6.367533581023149480e+01,8.778953413548313378e+00
6.369534152615032951e+01,8.313440530330288070e+00
6.371534724206916422e+01,7.725152396445800207e+00
6.373535295798799893e+01,7.664183782479780938e+00
6.375535867390683364e+01,7.626336491185988997e+00
6.377536438982566835e+01,7.465016422955855546e+00
6.379537010574450306e+01,6.928751946946111850e+00
6.381537582166333777e+01,6.590195723428111663e+00
6.383538153758217248e+01,6.303932313850707736e+00
6.385538725350100009e+01,6.378111871512002651e+00
6.387539296941983480e+01,6.200219161387361844e+00
6.389539868533866951e+01,6.038189013363642665e+00
6.391540440125750422e+01,5.995789164159726958e+00
6.393541011717633893e+01,5.106432781472133087e+00
6.395541583309517364e+01,4.878389566753771334e+00
6.397542154901400835e+01,5.048275403790849936e+00
6.399542726493284306e+01,4.823048863069768544e+00
6.401543298085167066e+01,4.777059287461145942e+00
6.403543869677051248e+01,4.260107627717234280e+00
6.405544441268934008e+01,3.853276833070235163e+00
6.407545012860816769e+01,3.452318249956318752e+00
6.409545584452700950e+01,4.199755396819395692e+00
6.411546156044585132e+01,4.465553881125049251e+00
6.413546727636467892e+01,3.700386495737803205e+00
6.415547299228350653e+01,3.616557226745648279e+00
6.417547870820234834e+01,3.027364171269762760e+00
6.419548442412119016e+01,2.231803079168233506e+00
6.421549014004001776e+01,2.158997824043887181e+00
6.423549585595884537e+01,2.452080934804189649e+00
6.425550157187768718e+01,3.078685827242765072e+00
6.427550728779651479e+01,1.806404280221574288e+00
6.429551300371534239e+01,2.623749637386653788e+00
6.431551871963418421e+01,2.236007390604632050e+00
6.433552443555302602e+01,2.743491093503156897e+00
6.435553015147185363e+01,2.191228815035176858e+00
6.437553586739068123e+01,2.217301223007067890e+00
6.439554158330952305e+01,2.373922118727997521e+00
6.441554729922835065e+01,2.087502070293869139e+00
6.443555301514717826e+01,2.155115562417615038e+00
6.445555873106602007e+01,2.823191733808275927e+00
6.447556444698486189e+01,2.929142082434883498e+00
6.449557016290368949e+01,2.544214401176764895e+00
6.451557587882251710e+01,2.644336333122741856e+00
6.453558159474135891e+01,2.539575437236430311e+00
6.455558731066020073e+01,1.714578246288081198e+00
6.457559302657902833e+01,1.736361137268396693e+00
6.459559874249785594e+01,2.008142904593228195e+00
6.461560445841669775e+01,2.066375820232304150e+00
6.463561017433552536e+01,2.719833151277406103e+00
6.465561589025435296e+01,2.793160850338654022e+00
6.467562160617319478e+01,2.496961384626688485e+00
6.469562732209203659e+01,1.937895250267075209e+00
6.471563303801086420e+01,2.106565604877012277e+00
6.473563875392969180e+01,1.360229666595600406e+00
6.475564446984853362e+01,2.360846680633761352e+00
6.477565018576737543e+01,2.144833933709572094e+00
6.479565590168618883e+01,2.013192372582292666e+00
6.481566161760503064e+01,2.481373073704268961e+00
6.483566733352387246e+01,2.645399405999357523e+00
6.485567304944270006e+01,2.084949856910140120e+00
6.487567876536152767e+01,1.948136926349855802e+00
6.489568448128036948e+01,2.459107872736623346e+00
6.491569019719921130e+01,2.352778058533562255e+00
6.493569591311803890e+01,2.220919115812720168e+00
6.495570162903686651e+01,2.873951731072550864e+00
6.497570734495570832e+01,3.018861111865766222e+00
6.499571306087453593e+01,3.118611364873846270e+00
6.501571877679336353e+01,2.771123560510547978e+00
6.503572449271220535e+01,2.880400914250951239e+00
6.505573020863104716e+01,2.570661977686916622e+00
6.507573592454987477e+01,2.861428401034757485e+00
6.509574164046870237e+01,3.633481454380150133e+00
6.511574735638754419e+01,3.218570204366812071e+00
6.513575307230638600e+01,3.718959456440450673e+00
6.515575878822521361e+01,3.204292742187652365e+00
6.517576450414404121e+01,3.622315684196537156e+00
6.519577022006288303e+01,3.386298290249794007e+00
6.521577593598171063e+01,3.386102590814751068e+00
6.523578165190053824e+01,3.348482774173919374e+00
6.525578736781938005e+01,2.732447078394295126e+00
6.527579308373822187e+01,3.353445645056309932e+00
6.529579879965704947e+01,3.370082619245445166e+00
6.531580451557587708e+01,3.686754743214883501e+00
6.533581023149471889e+01,3.138800386501945816e+00
6.535581594741354650e+01,3.493631034763130749e+00
6.537582166333237410e+01,4.139475293178957571e+00
6.539582737925121592e+01,3.539784388214609834e+00
6.541583309517005773e+01,3.317316315929900838e+00
6.543583881108888534e+01,3.633926720511186481e+00
6.545584452700771294e+01,3.883452009292012175e+00
6.547585024292655476e+01,3.584135051441652564e+00
6.549585595884539657e+01,3.451178252640635158e+00
6.551586167476422418e+01,3.798073044372266782e+00
6.553586739068305178e+01,4.024884397572767725e+00
6.555587310660189360e+01,3.526799407475329051e+00
6.557587882252072120e+01,4.488587056990189339e+00
6.559588453843954881e+01,3.757386635317868873e+00
6.561589025435839062e+01,4.988350270866684255e+00
6.563589597027723244e+01,4.862608710924565258e+00
6.565590168619606004e+01,4.981034389282537944e+00
6.567590740211488765e+01,5.081693154822655600e+00
6.569591311803372946e+01,4.854899644264178526e+00
6.571591883395257128e+01,5.747416458017232443e+00
6.573592454987138467e+01,5.566925295586912625e+00
6.575593026579022649e+01,5.993894556945575047e+00
6.577593598170906830e+01,5.097721369712237660e+00
6.579594169762789591e+01,6.155450478252626922e+00
6.581594741354672351e+01,5.677228449213819417e+00
6.583595312946556533e+01,5.040423192639888583e+00
6.585595884538440714e+01,4.899530067435899028e+00
6.587596456130323475e+01,5.400087752828994780e+00
6.589597027722206235e+01,5.773608518661618838e+00
6.591597599314090417e+01,6.027949478150913976e+00
6.593598170905973177e+01,6.317959226485480251e+00
6.595598742497855937e+01,5.563204275638121032e+00
6.597599314089740119e+01,6.533791352065134284e+00
6.599599885681624301e+01,5.780556232203531764e+00
6.601600457273507061e+01,6.135945852661969013e+00
6.603601028865389821e+01,5.302351663119512892e+00
6.605601600457274003e+01,5.930270665742562564e+00
6.607602172049158185e+01,6.366260445268569157e+00
6.609602743641040945e+01,6.533406078610543233e+00
6.611603315232923705e+01,5.805260671019095042e+00
6.613603886824807887e+01,6.837856748612390234e+00
6.615604458416690647e+01,6.861689531175612089e+00
6.617605030008573408e+01,7.324394666910659879e+00
6.619605601600457589e+01,6.751976165375923600e+00
6.621606173192341771e+01,7.484699886200913532e+00
6.623606744784224531e+01,7.360661449441410653e+00
6.625607316376107292e+01,6.626169088843225197e+00
6.627607887967991473e+01,6.915000351134082734e+00
6.629608459559874234e+01,6.968372353464861391e+00
6.631609031151756994e+01,8.095686772874813641e+00
6.633609602743641176e+01,7.895511718287433922e+00
6.635610174335525357e+01,8.732684919401886958e+00
6.637610745927408118e+01,8.641127640584269187e+00
6.639611317519290878e+01,8.480537549253545748e+00
6.641611889111175060e+01,9.173382865908628503e+00
6.643612460703059241e+01,8.957599581692710089e+00
6.645613032294942002e+01,8.054984931169933304e+00
6.647613603886824762e+01,8.875447311836552444e+00
6.649614175478708944e+01,9.419179731678083201e+00
6.651614747070591704e+01,9.146487091915812329e+00
6.653615318662474465e+01,8.845978828916923220e+00
6.655615890254358646e+01,9.571787646987914400e+00
6.657616461846242828e+01,9.163118836957869107e+00
6.659617033438125588e+01,8.294690755884179367e+00
6.661617605030008349e+01,9.068667638844466694e+00
6.663618176621892530e+01,8.480209157566685363e+00
6.665618748213776712e+01,9.296486270620601289e+00
6.667619319805658051e+01,8.508704474376873605e+00
6.669619891397542233e+01,8.308671120074762939e+00
6.671620462989426414e+01,8.794035987590984149e+00
6.673621034581309175e+01,7.729387510186773724e+00
6.675621606173191935e+01,7.736504550151517279e+00
6.677622177765076117e+01,6.949892002161506710e+00
6.679622749356960298e+01,6.565920555080443144e+00
6.681623320948843059e+01,6.932801331925646515e+00
6.683623892540725819e+01,6.864690998197510829e+00
6.685624464132610001e+01,6.342928490128009855e+00
6.687625035724492761e+01,7.126861525428482835e+00
6.689625607316375522e+01,6.519919419875240152e+00
6.691626178908259703e+01,6.575616884783210381e+00
6.693626750500143885e+01,6.394095339213096807e+00
6.695627322092026645e+01,5.682989086892467512e+00
6.697627893683909406e+01,5.237601115333436752e+00
6.699628465275793587e+01,5.525252369857168944e+00
6.701629036867677769e+01,6.523577216157129932e+00
6.703629608459560529e+01,5.577522569566629507e+00
6.705630180051443290e+01,5.899790982015472807e+00
6.707630751643327471e+01,5.248688700325738310e+00
6.709631323235210232e+01,4.524440236995063813e+00
6.711631894827092992e+01,5.620107068253060945e+00
6.713632466418977174e+01,6.024714737871811110e+00
6.715633038010861355e+01,5.672088118907284482e+00
6.717633609602744116e+01,4.675874094816874660e+00
6.719634181194626876e+01,5.922389302205653294e+00
6.721634752786511058e+01,4.427469060686574309e+00
6.723635324378393818e+01,5.595941708131174863e+00
6.725635895970276579e+01,5.647106205253132671e+00
6.727636467562160760e+01,5.358842425491612715e+00
6.729637039154044942e+01,5.491307828818682069e+00
6.731637610745927702e+01,4.939938580818905578e+00
6.733638182337810463e+01,5.063139023527207350e+00
6.735638753929694644e+01,5.171155962398624517e+00
6.737639325521578826e+01,5.080114864163459920e+00
6.739639897113461586e+01,5.410399245713135130e+00
6.741640468705344347e+01,5.029155036644043619e+00
6.743641040297228528e+01,5.043661282654765543e+00
6.745641611889111289e+01,4.567899395799565276e+00
6.747642183480994049e+01,5.799096227266806736e+00
6.749642755072878231e+01,4.728721424961936926e+00
6.751643326664762412e+01,5.721242094019389768e+00
6.753643898256645173e+01,4.293433269259841367e+00
6.755644469848527933e+01,4.767016939031606171e+00
6.757645041440412115e+01,4.841770668665871469e+00
6.759645613032296296e+01,5.362732028984964927e+00
6.761646184624177636e+01,5.147106237425434827e+00
6.763646756216061817e+01,5.014163205542883084e+00
6.765647327807945999e+01,5.789463700076224129e+00
6.767647899399828759e+01,5.300786640168479558e+00
6.769648470991711520e+01,5.087252889150378543e+00
6.771649042583595701e+01,5.628718239352171082e+00
6.773649614175479883e+01,5.508158927872305988e+00
6.775650185767362643e+01,5.190401487790855306e+00
6.777650757359245404e+01,5.949185812270242124e+00
6.779651328951129585e+01,5.909597918345222745e+00
6.781651900543012346e+01,6.420253397991993793e+00
6.783652472134895106e+01,7.121612345312014369e+00
6.785653043726779288e+01,6.168383894794512656e+00
6.787653615318663469e+01,7.041427992748122477e+00
6.789654186910546230e+01,7.733442350238305174e+00
6.791654758502428990e+01,7.528591087722967146e+00
6.793655330094313172e+01,8.698947934632862200e+00
6.795655901686197353e+01,8.227064579573177383e+00
6.797656473278080114e+01,8.938579724911868141e+00
6.799657044869962874e+01,9.202066136082873271e+00
6.801657616461847056e+01,9.973690912561625765e+00
6.803658188053729816e+01,1.057350942465755494e+01
6.805658759645612577e+01,1.012614134551128231e+01
6.807659331237496758e+01,1.070534346076789589e+01
6.809659902829380940e+01,1.191626827937660948e+01
6.811660474421263700e+01,1.088983441791042139e+01
6.813661046013146461e+01,1.262236212146079772e+01
6.815661617605030642e+01,1.189101022269863961e+01
6.817662189196913403e+01,1.288886790105697067e+01
6.819662760788796163e+01,1.287014582190011858e+01
6.821663332380680345e+01,1.252053374415225129e+01
6.823663903972564526e+01,1.242613999059913965e+01
6.825664475564447287e+01,1.272674862083178837e+01
6.827665047156330047e+01,1.135103206493564088e+01
6.829665618748214229e+01,1.191275046267674398e+01
6.831666190340098410e+01,1.174003732507218700e+01
6.833666761931981171e+01,1.208878944672379063e+01
6.835667333523863931e+01,1.177928802081529014e+01
6.837667905115748113e+01,1.069167483801708407e+01
6.839668476707630873e+01,1.113796894591259701e+01
6.841669048299513634e+01,1.058094891063954179e+01
6.843669619891397815e+01,1.049247673358148170e+01
6.845670191483281997e+01,1.013897564672374685e+01
6.847670763075164757e+01,1.049732391116286578e+01
6.849671334667047518e+01,1.075533434804864186e+01
6.851671906258931699e+01,9.606253276275616315e+00
6.853672477850815881e+01,1.021819674910490328e+01
6.855673049442697220e+01,1.022264383245972397e+01
6.857673621034581402e+01,1.055661450791210498e+01
6.859674192626465583e+01,1.028346250265791539e+01
6.861674764218348344e+01,1.044027627484301135e+01
6.863675335810231104e+01,1.073625955467914217e+01
6.865675907402115286e+01,1.025053315095142814e+01
6.867676478993999467e+01,1.021392087870555976e+01
6.869677050585882228e+01,9.543830620461131176e+00
6.871677622177764988e+01,9.639369213299049832e+00
6.873678193769649170e+01,8.781318265593938577e+00
6.875678765361531930e+01,9.638595930510170717e+00
6.877679336953414690e+01,7.925442855714200263e+00
6.879679908545298872e+01,8.237405417199649804e+00
6.881680480137183054e+01,7.857071478922321717e+00
6.883681051729065814e+01,7.359784858592826495e+00
6.885681623320948574e+01,7.467060962023973403e+00
6.887682194912832756e+01,6.552013704798252292e+00
6.889682766504716938e+01,5.945770551090141964e+00
6.891683338096599698e+01,7.425136122709533382e+00
6.893683909688482458e+01,6.884156472092197276e+00
6.895684481280366640e+01,6.523672605896306820e+00
6.897685052872249400e+01,5.710670978125865105e+00
6.899685624464132161e+01,5.951672867026045921e+00
6.901686196056016342e+01,5.743430109591828980e+00
6.903686767647900524e+01,5.577100180777620153e+00
6.905687339239783284e+01,5.385210067754274021e+00
6.907687910831666045e+01,5.796004523814779930e+00
6.909688482423550226e+01,5.857938702017673194e+00
6.911689054015432987e+01,4.869600936200487951e+00
6.913689625607315747e+01,5.332579730401951323e+00
6.915690197199199929e+01,5.135966183770560356e+00
6.917690768791084110e+01,4.878697987967889560e+00
6.919691340382966871e+01,4.375422776992989427e+00
6.921691911974849631e+01,4.884749182209970009e+00
6.923692483566733813e+01,4.539266252124890322e+00
6.925693055158617994e+01,4.670994949800540752e+00
6.927693626750500755e+01,4.423643318889125098e+00
6.929694198342383515e+01,3.778048144850719936e+00
6.931694769934267697e+01,3.758551348620260857e+00
6.933695341526150457e+01,4.841220958662438179e+00
6.935695913118033218e+01,3.860178382474007908e+00
6.937696484709917399e+01,4.636596722335014853e+00
6.939697056301801581e+01,4.318714074692151073e+00
6.941697627893684341e+01,3.644966675818759327e+00
6.943698199485567102e+01,3.870394374745021793e+00
6.945698771077451283e+01,3.871528235230497828e+00
6.947699342669335465e+01,3.583862509162635490e+00
6.949699914261216804e+01,3.377276346149807651e+00
6.951700485853100986e+01,3.118854510184072559e+00
6.953701057444985167e+01,3.034721887814145980e+00
6.955701629036867928e+01,3.559044851692140909e+00
6.957702200628750688e+01,3.652148340688398775e+00
6.959702772220634870e+01,2.509282151402113303e+00
6.961703343812519051e+01,3.424737728209231058e+00
6.963703915404401812e+01,3.322834316492951690e+00
6.965704486996284572e+01,2.843006774094683387e+00
6.967705058588168754e+01,3.524163306644600979e+00
6.969705630180051514e+01,3.769568781801547086e+00
6.971706201771934275e+01,2.996832954218577427e+00
6.973706773363818456e+01,2.214611761331633399e+00
6.975707344955702638e+01,3.359421795891853080e+00
6.977707916547585398e+01,3.237653598070977967e+00
6.979708488139468159e+01,3.055248007465116267e+00
6.981709059731352340e+01,3.437356043132622219e+00
6.983709631323236522e+01,2.575092375625372743e+00
6.985710202915119282e+01,3.181322669202724107e+00
6.987710774507002043e+01,2.437867541154261630e+00
6.989711346098886224e+01,3.225625113939367239e+00
6.991711917690768985e+01,3.799627559448623515e+00
6.993712489282651745e+01,4.045537324367446175e+00
6.995713060874535927e+01,4.100186147840238604e+00
6.997713632466420108e+01,3.104637631947162912e+00
6.999714204058302869e+01,3.815006905746286758e+00
7.001714775650185629e+01,3.995891400063620758e+00
7.003715347242069811e+01,4.140334022974983874e+00
7.005715918833952571e+01,3.810478466568845590e+00
7.007716490425835332e+01,4.575679027860354076e+00
7.009717062017719513e+01,4.501627336983059280e+00
7.011717633609603695e+01,3.622427043213094944e+00
7.013718205201486455e+01,5.365774155368118414e+00
7.015718776793369216e+01,4.784303157560245268e+00
7.017719348385253397e+01,4.243265220320648012e+00
7.019719919977137579e+01,5.191871083874842085e+00
7.021720491569020339e+01,4.267157143627752447e+00
7.023721063160903100e+01,4.927781106926255816e+00
7.025721634752787281e+01,4.236875353842807002e+00
7.027722206344670042e+01,4.766385256872064602e+00
7.029722777936552802e+01,4.448450689694741556e+00
7.031723349528436984e+01,4.331854860330057733e+00
7.033723921120321165e+01,4.269438327108067810e+00
7.035724492712203926e+01,4.613697712465682166e+00
7.037725064304086686e+01,4.206106737366991588e+00
7.039725635895970868e+01,4.501268091883824596e+00
7.041726207487855049e+01,4.733540281599990962e+00
7.043726779079736389e+01,4.207346381508750177e+00
7.045727350671620570e+01,4.103242363320491748e+00
7.047727922263504752e+01,5.040726509148354850e+00
7.049728493855387512e+01,4.476088936528289430e+00
7.051729065447270273e+01,4.006310505810573019e+00
7.053729637039154454e+01,4.873356921972417766e+00
7.055730208631038636e+01,4.764123018523450881e+00
7.057730780222921396e+01,5.019428548189215356e+00
7.059731351814804157e+01,5.065942194478315841e+00
7.061731923406688338e+01,5.031768721018635482e+00
7.063732494998571099e+01,5.306499159144528299e+00
7.065733066590453859e+01,5.861135375824759741e+00
7.067733638182338041e+01,6.381576900722279788e+00
7.069734209774222222e+01,5.807391118867689883e+00
7.071734781366104983e+01,6.665710089192565135e+00
7.073735352957987743e+01,5.683028631905445494e+00
7.075735924549871925e+01,6.091045741762060928e+00
7.077736496141756106e+01,6.869605047270026077e+00
7.079737067733638867e+01,6.810449463660090963e+00
7.081737639325521627e+01,7.213934043202851143e+00
7.083738210917405809e+01,6.475959279027117432e+00
7.085738782509288569e+01,6.574593269422079445e+00
7.087739354101171330e+01,6.856896965532282451e+00
7.089739925693055511e+01,6.312156586346464593e+00
7.091740497284939693e+01,7.735976371074899660e+00
7.093741068876822453e+01,7.853095974508335075e+00
7.095741640468705214e+01,7.091072818673318068e+00
7.097742212060589395e+01,7.290537944942022008e+00
7.099742783652472156e+01,7.396545541064383222e+00
7.101743355244354916e+01,7.694455837750979299e+00
7.103743926836239098e+01,8.018859318147940840e+00
7.105744498428123279e+01,7.422417937233568352e+00
7.107745070020006040e+01,8.225518804147943897e+00
7.109745641611888800e+01,8.290087016875677506e+00
7.111746213203772982e+01,8.309027879810331640e+00
7.113746784795657163e+01,8.210069958702831627e+00
7.115747356387539924e+01,8.687413220125794311e+00
7.117747927979422684e+01,9.032535741935706852e+00
7.119748499571306866e+01,8.293053592235988702e+00
7.121749071163189626e+01,9.129560915829756595e+00
7.123749642755072387e+01,8.884402046438843570e+00
7.125750214346956568e+01,9.135551519895672712e+00
7.127750785938840750e+01,9.047914624457259691e+00
7.129751357530723510e+01,9.555279896368748638e+00
7.131751929122606271e+01,8.722103778921407979e+00
7.133752500714490452e+01,8.862905427680157544e+00
7.135753072306374634e+01,8.575694841750610919e+00
7.137753643898255973e+01,8.969439041078137720e+00
7.139754215490140155e+01,9.375974079827374297e+00
7.141754787082024336e+01,9.511001125985245608e+00
7.143755358673907097e+01,9.212349901123261020e+00
7.145755930265789857e+01,8.362023976962685623e+00
7.147756501857674039e+01,9.140887382156176244e+00
7.149757073449558220e+01,9.813377130082946209e+00
7.151757645041440981e+01,1.002423935808294786e+01
7.153758216633323741e+01,9.869148428420032815e+00
7.155758788225207923e+01,1.074677681092406800e+01
7.157759359817090683e+01,1.014823090249741533e+01
7.159759931408973443e+01,1.013922763739369515e+01
7.161760503000857625e+01,9.554305906028705664e+00
7.163761074592741807e+01,1.076231301266513540e+01
7.165761646184624567e+01,1.077365451728784507e+01
7.167762217776507327e+01,9.887404243914179602e+00
7.169762789368391509e+01,9.191283949426868105e+00
7.171763360960275691e+01,9.353399297213933039e+00
7.173763932552158451e+01,9.684547541176357299e+00
7.175764504144041211e+01,8.767673450057507978e+00
7.177765075735925393e+01,7.875678048714205737e+00
7.179765647327808153e+01,8.179335596464998304e+00
7.181766218919690914e+01,7.799134568327884764e+00
7.183766790511575095e+01,6.960314380125942613e+00
7.185767362103459277e+01,6.712591209760514488e+00
7.187767933695342037e+01,7.751550110685377248e+00
7.189768505287224798e+01,6.992701017368332828e+00
7.191769076879108979e+01,7.554495478247918783e+00
7.193769648470991740e+01,6.407193888502401791e+00
7.195770220062874500e+01,7.055701197180320960e+00
7.197770791654758682e+01,6.381628736965683224e+00
7.199771363246642863e+01,7.130798750950017251e+00
7.201771934838525624e+01,6.601446651017763401e+00
7.203772506430408384e+01,6.472422699186578754e+00
7.205773078022292566e+01,6.745914491287164694e+00
7.207773649614176747e+01,6.552260352808959354e+00
7.209774221206059508e+01,6.171274685867114584e+00
7.211774792797942268e+01,6.538127107366701551e+00
7.213775364389826450e+01,6.576871480469778319e+00
7.215775935981709210e+01,7.298727510307198685e+00
7.217776507573591971e+01,6.441352150917685648e+00
7.219777079165476152e+01,7.576131975197381685e+00
7.221777650757360334e+01,6.560219559527504352e+00
7.223778222349243094e+01,6.914763402606716625e+00
7.225778793941125855e+01,7.466539936374273267e+00
7.227779365533010036e+01,6.479649336990397579e+00
7.229779937124894218e+01,6.892670420649766427e+00
7.231780508716775557e+01,7.124414533590005760e+00
7.233781080308659739e+01,6.954250459880110924e+00
7.235781651900543920e+01,6.596965878799386118e+00
7.237782223492426681e+01,6.557696240619826256e+00
7.239782795084309441e+01,6.723012644203627985e+00
7.241783366676193623e+01,6.807655107920601800e+00
7.243783938268077804e+01,7.130395545854043782e+00
7.245784509859960565e+01,7.549535300450736841e+00
7.247785081451843325e+01,7.268403931741571178e+00
7.249785653043727507e+01,6.957265395612328263e+00
7.251786224635610267e+01,7.029841877586354038e+00
7.253786796227493028e+01,7.769408527501576955e+00
7.255787367819377209e+01,6.848540717913905063e+00
7.257787939411261391e+01,6.961876653420965511e+00
7.259788511003144151e+01,7.495049921734841192e+00
7.261789082595026912e+01,6.968026362043167055e+00
7.263789654186911093e+01,7.699568745822166882e+00
7.265790225778795275e+01,6.925957865758260112e+00
7.267790797370678035e+01,7.717193456647684968e+00
7.269791368962560796e+01,7.770923838840763764e+00
7.271791940554444977e+01,7.406096380493983666e+00
7.273792512146327738e+01,7.872614807551977734e+00
7.275793083738210498e+01,7.521239125456304464e+00
7.277793655330094680e+01,7.230696113520812318e+00
7.279794226921978861e+01,7.979466865940338494e+00
7.281794798513861622e+01,7.750306074272218737e+00
7.283795370105744382e+01,7.605906980945180251e+00
7.285795941697628564e+01,7.678244067725739086e+00
7.287796513289511324e+01,8.012637504100599273e+00
7.289797084881394085e+01,7.346922543957139951e+00
7.291797656473278266e+01,8.336449830845507947e+00
7.293798228065162448e+01,8.021282899616844375e+00
7.295798799657045208e+01,8.679442805085567869e+00
7.297799371248927969e+01,7.636844001642864477e+00
7.299799942840812150e+01,7.314415484269380485e+00
7.301800514432696332e+01,7.709245260353768003e+00
7.303801086024579092e+01,7.843467058891727461e+00
7.305801657616461853e+01,7.918391855333871021e+00
7.307802229208346034e+01,7.562574666405756929e+00
7.309802800800228795e+01,7.291829967129750401e+00
7.311803372392111555e+01,7.013138548361808944e+00
7.313803943983995737e+01,7.821138183887657469e+00
7.315804515575879918e+01,6.793379997049219909e+00
7.317805087167762679e+01,6.963959081791041505e+00
7.319805658759645439e+01,6.964154801363878988e+00
7.321806230351529621e+01,7.761444069581157734e+00
7.323806801943413802e+01,7.181748801626072876e+00
7.325807373535295142e+01,7.334967533646266524e+00
7.327807945127179323e+01,6.769034451966323473e+00
7.329808516719063505e+01,6.844819151160401738e+00
7.331809088310946265e+01,7.304223439033201259e+00
7.333809659902829026e+01,7.260224189144464546e+00
7.335810231494713207e+01,6.805961642408534296e+00
7.337810803086597389e+01,6.319514785705688809e+00
7.339811374678480149e+01,6.581740983218825392e+00
7.341811946270362910e+01,6.926686979098647612e+00
7.343812517862247091e+01,6.578217210665042280e+00
7.345813089454129852e+01,6.660384935380438520e+00
7.347813661046012612e+01,6.797232896222476839e+00
7.349814232637896794e+01,7.098683593838508443e+00
7.351814804229780975e+01,6.021924166463177741e+00
7.353815375821663736e+01,5.614876192592161530e+00
7.355815947413546496e+01,5.493656998474308217e+00
7.357816519005430678e+01,6.194862345064970022e+00
7.359817090597314859e+01,5.851949698074044193e+00
7.361817662189197620e+01,6.104017005694002407e+00
7.363818233781080380e+01,5.751340781650617018e+00
7.365818805372964562e+01,5.176800200972357047e+00
7.367819376964847322e+01,4.941063258182758489e+00
7.369819948556730083e+01,5.515179109007156910e+00
7.371820520148614264e+01,5.124956366121820039e+00
7.373821091740498446e+01,4.885431732803056093e+00
7.375821663332381206e+01,4.669441514576440966e+00
7.377822234924263967e+01,5.918103216604976069e+00
7.379822806516148148e+01,5.514977938502388710e+00
7.381823378108030909e+01,5.755892329944241048e+00
7.383823949699913669e+01,5.596108093034883879e+00
7.385824521291797851e+01,5.851224273707337886e+00
7.387825092883682032e+01,4.764549444784769605e+00
7.389825664475564793e+01,5.085697773503252250e+00
7.391826236067447553e+01,4.673465213258076290e+00
7.393826807659331735e+01,5.238795980768266247e+00
7.395827379251215916e+01,4.800029074691247288e+00
7.397827950843098677e+01,4.973241332742912135e+00
7.399828522434981437e+01,4.690873788211126438e+00
7.401829094026865619e+01,4.881829106510235938e+00
7.403829665618748379e+01,4.566696506140523582e+00
7.405830237210632561e+01,4.927308830715345422e+00
7.407830808802515321e+01,4.385672037901885645e+00
7.409831380394398082e+01,4.046826871046430796e+00
7.411831951986282263e+01,3.876243549259180021e+00
7.413832523578165024e+01,3.459004371498509034e+00
7.415833095170049205e+01,4.150403412444145346e+00
7.417833666761931966e+01,4.204651330870736281e+00
7.419834238353816147e+01,3.961947065316293148e+00
7.421834809945698908e+01,4.051993734679530945e+00
7.423835381537583089e+01,3.466357409894153641e+00
7.425835953129465850e+01,4.631793362745601605e+00
7.427836524721348610e+01,3.304464029082850196e+00
7.429837096313232792e+01,4.016963807932454777e+00
7.431837667905115552e+01,4.414523758907686002e+00
7.433838239496999734e+01,4.381820705725909981e+00
7.435838811088882494e+01,4.344253655638967260e+00
7.437839382680766676e+01,3.633066382712501152e+00
7.439839954272649436e+01,4.585016349240738975e+00
7.441840525864533618e+01,3.623389733197365459e+00
7.443841097456416378e+01,4.345025742058873597e+00
7.445841669048300560e+01,3.642122121777325638e+00
7.447842240640183320e+01,4.392553687756479697e+00
7.449842812232066080e+01,4.746491708760494532e+00
7.451843383823950262e+01,4.214872504255141372e+00
7.453843955415833022e+01,4.911290207489694026e+00
7.455844527007717204e+01,4.358343994376362218e+00
7.457845098599599964e+01,3.821865468835952129e+00
7.459845670191484146e+01,4.584335830882197982e+00
7.461846241783366906e+01,4.397494550487730081e+00
7.463846813375251088e+01,5.329043878472131901e+00
7.465847384967133848e+01,4.355524073323934431e+00
7.467847956559016609e+01,5.133439595461631200e+00
7.469848528150900790e+01,4.758100380886874703e+00
7.471849099742783551e+01,3.946219828635607829e+00
7.473849671334667732e+01,4.504904151489005137e+00
7.475850242926550493e+01,4.976492142175412248e+00
7.477850814518434674e+01,4.727083686832250109e+00
7.479851386110317435e+01,3.974672975769147687e+00
7.481851957702201616e+01,4.228725375577431222e+00
7.483852529294084377e+01,4.377117630362263867e+00
7.485853100885967137e+01,4.274820442054346969e+00
7.487853672477851319e+01,4.215982807986422998e+00
7.489854244069734079e+01,3.726449728283018459e+00
7.491854815661618261e+01,4.514306720215821578e+00
7.493855387253501021e+01,3.987780222978148714e+00
7.495855958845385203e+01,4.262577418414260855e+00
7.497856530437267963e+01,4.145070270415806668e+00
7.499857102029152145e+01,5.171385678313603407e+00
7.501857673621034905e+01,4.430260028065831968e+00
7.503858245212917666e+01,4.647434221275235089e+00
7.505858816804801847e+01,5.038724844441636819e+00
7.507859388396684608e+01,5.307913889376726146e+00
7.509859959988568789e+01,5.677351933012893426e+00
7.511860531580451550e+01,5.264181846243920049e+00
7.513861103172335731e+01,5.282063926304748414e+00
7.515861674764218492e+01,5.038800544692815464e+00
7.517862246356102673e+01,6.207720194080907916e+00
7.519862817947985434e+01,6.031140420116241074e+00
7.521863389539868194e+01,6.684527880381582854e+00
7.523863961131752376e+01,6.564373512689986256e+00
7.525864532723635136e+01,6.941877843704491013e+00
7.527865104315519318e+01,6.702523836443179839e+00
7.529865675907402078e+01,6.637093834192294040e+00
7.531866247499286260e+01,6.191807142175374423e+00
7.533866819091169020e+01,6.357109965447564903e+00
7.535867390683053202e+01,6.778319899203006926e+00
7.537867962274935962e+01,6.609533529899804805e+00
7.539868533866820144e+01,6.112041585409532907e+00
7.541869105458702904e+01,5.864589577805784160e+00
7.543869677050585665e+01,5.444172530880153182e+00
7.545870248642469846e+01,5.506323989441362698e+00
7.547870820234352607e+01,5.815938880078897810e+00
7.549871391826236788e+01,4.821505722141649741e+00
7.551871963418119549e+01,6.198640034786963682e+00
7.553872535010003730e+01,5.533412694550667865e+00
7.555873106601886491e+01,4.829747124478265263e+00
7.557873678193770672e+01,5.095956231884733789e+00
7.559874249785653433e+01,4.411598134885901246e+00
7.561874821377536193e+01,4.794486095528001535e+00
7.563875392969420375e+01,3.941646268866568992e+00
7.565875964561303135e+01,4.243276283768195434e+00
7.567876536153187317e+01,3.662949224967307682e+00
7.569877107745070077e+01,3.974807865757230552e+00
7.571877679336954259e+01,3.831439218652150203e+00
7.573878250928837019e+01,3.398982814988173118e+00
7.575878822520721201e+01,4.247737987889358635e+00
7.577879394112603961e+01,3.442015774435790210e+00
7.579879965704486722e+01,2.694838588999171058e+00
7.581880537296370903e+01,3.171587608136958281e+00
7.583881108888253664e+01,3.487870243384248781e+00
7.585881680480137845e+01,3.310270881405772414e+00
7.587882252072020606e+01,3.434322777992494302e+00
7.589882823663904787e+01,2.558382063400405304e+00
7.591883395255787548e+01,3.222312945437686871e+00
7.593883966847671729e+01,3.560123508252591940e+00
7.595884538439554490e+01,2.747081293560408977e+00
7.597885110031437250e+01,2.788704945425137804e+00
7.599885681623321432e+01,3.617150552315397061e+00
7.601886253215204192e+01,3.147284724998058447e+00
7.603886824807088374e+01,3.058085191358846266e+00
7.605887396398971134e+01,3.649192425362103975e+00
7.607887967990855316e+01,3.489335136323038711e+00
7.609888539582738076e+01,3.683379470167591041e+00
7.611889111174622258e+01,3.339267878672472545e+00
7.613889682766505018e+01,3.113047846130153840e+00
7.615890254358387779e+01,2.988504615209751414e+00
7.617890825950271960e+01,3.537121325014198625e+00
7.619891397542154721e+01,2.851439070181296387e+00
7.621891969134038902e+01,2.925178271378473305e+00
7.623892540725921663e+01,3.473561143995339773e+00
7.625893112317805844e+01,3.400720742103795047e+00
7.627893683909688605e+01,4.288186408860982013e+00
7.629894255501572786e+01,3.829099089033291214e+00
7.631894827093455547e+01,3.368897896186984653e+00
7.633895398685339728e+01,4.368986622513002516e+00
7.635895970277222489e+01,3.907645459326053672e+00
7.637896541869105249e+01,4.731281412507268413e+00
7.639897113460989431e+01,4.316249317323389789e+00
7.641897685052872191e+01,5.034362682604466066e+00
7.643898256644756373e+01,4.489882545443531825e+00
7.645898828236639133e+01,5.996234772475585117e+00
7.647899399828523315e+01,5.449911961669565486e+00
7.649899971420406075e+01,6.337919425893753456e+00
7.651900543012290257e+01,5.749278783035977725e+00
7.653901114604173017e+01,5.483705009421971255e+00
7.655901686196055778e+01,5.874274979160341026e+00
7.657902257787939959e+01,6.028997609213138986e+00
7.659902829379822720e+01,6.848031554827699985e+00
7.661903400971706901e+01,5.721915179309096544e+00
7.663903972563589662e+01,6.974327198239645753e+00
7.665904544155473843e+01,7.071317317125291879e+00
7.667905115747356604e+01,5.986345520048462987e+00
7.669905687339240785e+01,6.553490948340410682e+00
7.671906258931123546e+01,6.806561265269753136e+00
7.673906830523006306e+01,7.238566034001434168e+00
7.675907402114890488e+01,7.755638186014792268e+00
7.677907973706773248e+01,7.245725472986746851e+00
7.679908545298657430e+01,6.760623133852304179e+00
7.681909116890540190e+01,8.218764727295118533e+00
7.683909688482424372e+01,6.836654028641870440e+00
7.685910260074307132e+01,6.701664959748347528e+00
7.687910831666191314e+01,6.903633108799134277e+00
7.689911403258074074e+01,6.633032393424739936e+00
7.691911974849956835e+01,6.853098189696828157e+00
7.693912546441841016e+01,7.666990763406585252e+00
7.695913118033723777e+01,6.489894050560613081e+00
7.697913689625607958e+01,6.397102840610081387e+00
7.699914261217490719e+01,6.680277384967837406e+00
7.701914832809374900e+01,6.669823140926585125e+00
7.703915404401257661e+01,6.433780856204520227e+00
7.705915975993141842e+01,6.432879007726173270e+00
7.707916547585024603e+01,5.571018130813017777e+00
7.709917119176907363e+01,5.844449843595089789e+00
7.711917690768791545e+01,5.019883490571998230e+00
7.713918262360674305e+01,4.684777723802303839e+00
7.715918833952558487e+01,4.489827569587343525e+00
7.717919405544441247e+01,5.070898540454111370e+00
7.719919977136325429e+01,4.861459350291822190e+00
7.721920548728208189e+01,4.243330147697006005e+00
7.723921120320092371e+01,4.251393227025054955e+00
7.725921691911975131e+01,4.139434330916975213e+00
7.727922263503859313e+01,4.669570595064231000e+00
7.729922835095742073e+01,3.893261499618088095e+00
7.731923406687624833e+01,4.710969033982651766e+00
7.733923978279509015e+01,4.020029463149357163e+00
7.735924549871391775e+01,4.438855810606399110e+00
7.737925121463275957e+01,3.876580211216723360e+00
7.739925693055158717e+01,4.322205730252905553e+00
7.741926264647042899e+01,3.686652680994876086e+00
7.743926836238925659e+01,4.564355138861165173e+00
7.745927407830809841e+01,4.549109677310193334e+00
7.747927979422692601e+01,4.547607890680673393e+00
7.749928551014575362e+01,4.323826082064899268e+00
7.751929122606459543e+01,3.788528938932177681e+00
7.753929694198342304e+01,4.559550726104129481e+00
7.755930265790226485e+01,4.993524254372097460e+00
7.757930837382109246e+01,4.838695124923567015e+00
7.759931408973993427e+01,5.259937450427852212e+00
7.761931980565876188e+01,4.973922473775854058e+00
7.763932552157760369e+01,4.805959104237650159e+00
7.765933123749643130e+01,4.936648935970623597e+00
7.767933695341525890e+01,5.316994512966807918e+00
7.769934266933410072e+01,5.935559027900700002e+00
7.771934838525292832e+01,5.746263031316257930e+00
7.773935410117177014e+01,5.844006904073808073e+00
7.775935981709059774e+01,6.234816210566762607e+00
7.777936553300943956e+01,6.236033000174834307e+00
7.779937124892826716e+01,7.004628681438267890e+00
7.781937696484710898e+01,6.765799067160161329e+00
7.783938268076593658e+01,6.326844079890580730e+00
7.785938839668476419e+01,6.802617370815294606e+00
7.787939411260360600e+01,6.550694573860988967e+00
7.789939982852243361e+01,7.311554775587023158e+00
7.791940554444127542e+01,6.790587164712890811e+00
7.793941126036010303e+01,7.879180461073895358e+00
7.795941697627894484e+01,8.558763435393389685e+00
7.797942269219777245e+01,8.757298760680416905e+00
7.799942840811661426e+01,9.148580970577285143e+00
7.801943412403544187e+01,8.293079740124788657e+00
7.803943983995426947e+01,8.847593273004896730e+00
7.805944555587311129e+01,8.145042788843742443e+00
7.807945127179193889e+01,9.085114972829671842e+00
7.809945698771078071e+01,9.085579592782462299e+00
7.811946270362960831e+01,8.801908928272727195e+00
7.813946841954845013e+01,8.368458108928654937e+00
7.815947413546727773e+01,8.302966254530886658e+00
7.817947985138611955e+01,7.966995663712660658e+00
7.819948556730494715e+01,8.032137558198819249e+00
7.821949128322378897e+01,7.252369463669770866e+00
7.823949699914261657e+01,6.836164553520649889e+00
7.825950271506144418e+01,6.823131044270395407e+00
7.827950843098028599e+01,7.949748573163864407e+00
7.829951414689911360e+01,6.630726157645418617e+00
7.831951986281795541e+01,7.083047016870009926e+00
7.833952557873678302e+01,7.229806519780606067e+00
7.835953129465562483e+01,5.921310781999497230e+00
7.837953701057445244e+01,6.257162515553238435e+00
7.839954272649329425e+01,6.624204676981801043e+00
7.841954844241212186e+01,5.618543875361975637e+00
7.843955415833094946e+01,5.747452512494831467e+00
7.845955987424979128e+01,6.178852697699337426e+00
7.847956559016861888e+01,5.473529521214995697e+00
7.849957130608746070e+01,4.116997399449283002e+00
7.851957702200628830e+01,4.538991972632130611e+00
7.853958273792513012e+01,5.026683710732111621e+00
7.855958845384395772e+01,4.176369371581458267e+00
7.857959416976279954e+01,3.660103344846499240e+00
7.859959988568162714e+01,4.514022875726932504e+00
7.861960560160045475e+01,4.244427329564060436e+00
7.863961131751929656e+01,4.557638511592671193e+00
7.865961703343812417e+01,3.816975932071849265e+00
7.867962274935696598e+01,4.039215708214468847e+00
7.869962846527579359e+01,3.052764444213146966e+00
7.871963418119463540e+01,3.798598456859222594e+00
7.873963989711346301e+01,3.117430595046612130e+00
7.875964561303230482e+01,4.074587953719068345e+00
7.877965132895113243e+01,2.988748666039343860e+00
7.879965704486996003e+01,3.873093598387084668e+00
7.881966276078880185e+01,3.750137550943631659e+00
7.883966847670762945e+01,4.621721361313315235e+00
7.885967419262647127e+01,3.784524041810751527e+00
7.887967990854529887e+01,3.949667080291992427e+00
7.889968562446414069e+01,4.196918210391668680e+00
7.891969134038296829e+01,4.200477466866429310e+00
7.893969705630181011e+01,3.998434665242188935e+00
7.895970277222063771e+01,4.971822722117103410e+00
7.897970848813946532e+01,4.928020071492124288e+00
7.899971420405830713e+01,4.570040069972096219e+00
7.901971991997713474e+01,5.341068397046010219e+00
7.903972563589597655e+01,4.319200054169852088e+00
7.905973135181480416e+01,4.397836226639082469e+00
7.907973706773364597e+01,4.824699768478085460e+00
7.909974278365247358e+01,5.542731617580978210e+00
7.911974849957131539e+01,5.451826153882222137e+00
7.913975421549014300e+01,5.533738702339807247e+00
7.915975993140898481e+01,5.731397643195373703e+00
7.917976564732781242e+01,5.959475354242472989e+00
7.919977136324664002e+01,6.019675582941141911e+00
7.921977707916548184e+01,6.293105034558217348e+00
7.923978279508430944e+01,6.142001645432098478e+00
7.925978851100315126e+01,6.114272807448502434e+00
7.927979422692197886e+01,5.838849346959777975e+00
7.929979994284082068e+01,5.985503648169613555e+00
7.931980565875964828e+01,6.078959426213462081e+00
7.933981137467849010e+01,6.368648944077339280e+00
7.935981709059731770e+01,6.099502824605888662e+00
7.937982280651614531e+01,6.114919278059247176e+00
7.939982852243498712e+01,5.810769168535110829e+00
7.941983423835381473e+01,5.937344994509713203e+00
7.943983995427265654e+01,5.883190975152526647e+00
7.945984567019148415e+01,5.890659705074874353e+00
7.947985138611032596e+01,5.826930375157626685e+00
7.949985710202915357e+01,5.087097424094513265e+00
7.951986281794799538e+01,4.611484013986601127e+00
7.953986853386682299e+01,5.435786283141772479e+00
7.955987424978565059e+01,4.734993067511792830e+00
7.957987996570449241e+01,4.324813541070709810e+00
7.959988568162332001e+01,4.717247854579666999e+00
7.961989139754216183e+01,4.184885202789450531e+00
7.963989711346098943e+01,3.827993251530854568e+00
7.965990282937983125e+01,4.121065539898995489e+00
7.967990854529865885e+01,4.379185695595713135e+00
7.969991426121750067e+01,4.736867891592347668e+00
7.971991997713632827e+01,4.156181713760512153e+00
7.973992569305515588e+01,4.350185802369827215e+00
7.975993140897399769e+01,4.598249549505867506e+00
7.977993712489282530e+01,3.819450751477651451e+00
7.979994284081166711e+01,4.998417589168580477e+00
7.981994855673049472e+01,5.045963098077307585e+00
7.983995427264933653e+01,4.009353237033887574e+00
7.985995998856816414e+01,3.427887223500133196e+00
7.987996570448700595e+01,4.470739440561255051e+00
7.989997142040583356e+01,3.710078364395706707e+00
7.991997713632466116e+01,3.352642222952278317e+00
7.993998285224350298e+01,3.378037944120370284e+00
7.995998856816233058e+01,3.851817183942974676e+00
7.997999428408117240e+01,2.985409465769586213e+00
8.000000000000000000e+01,1.359053394715084018e+00
