angle,intensity
1.000000000000000000e+01,5.044651517100790628e+00
1.002000571591883471e+01,5.804726930208541802e+00
1.004001143183766764e+01,6.361929516161415776e+00
1.006001714775650235e+01,5.332115118058407432e+00
1.008002286367533529e+01,5.906267352152234196e+00
1.010002857959417000e+01,5.676297987885928542e+00
1.012003429551300293e+01,6.285944834843782303e+00
1.014004001143183764e+01,5.562240790190550399e+00
1.016004572735067235e+01,6.139444798901751099e+00
1.018005144326950528e+01,5.193734576193694608e+00
1.020005715918833999e+01,5.442893744943843259e+00
1.022006287510717293e+01,5.951483417487432703e+00
1.024006859102600764e+01,5.757590128843895982e+00
1.026007430694484057e+01,5.776366163931081488e+00
1.028008002286367528e+01,5.563046531826322472e+00
1.030008573878250999e+01,5.123175837571869451e+00
1.032009145470134293e+01,6.201942977083612973e+00
1.034009717062017764e+01,6.528612483501532893e+00
1.036010288653901057e+01,6.131935826300995984e+00
1.038010860245784528e+01,6.451157253975078554e+00
1.040011431837667999e+01,6.454578686017296008e+00
1.042012003429551292e+01,5.449709763680488983e+00
1.044012575021434763e+01,6.450154163929548545e+00
1.046013146613318057e+01,5.661603617168455393e+00
1.048013718205201528e+01,5.218654227496672071e+00
1.050014289797084821e+01,5.813503676261023045e+00
1.052014861388968292e+01,5.312090884819996361e+00
1.054015432980851585e+01,6.040935815323265956e+00
1.056016004572735056e+01,6.117820413887388398e+00
1.058016576164618527e+01,5.423708279044213931e+00
1.060017147756501821e+01,6.148385608233548183e+00
1.062017719348385292e+01,5.737490673880321523e+00
1.064018290940268585e+01,5.081649214216332311e+00
1.066018862532152056e+01,5.161786813635395710e+00
1.068019434124035527e+01,5.625394232167244546e+00
1.070020005715918820e+01,6.043275119585601374e+00
1.072020577307802292e+01,4.793094019505792502e+00
1.074021148899685585e+01,6.002804730527306454e+00
1.076021720491569056e+01,5.019708809415698525e+00
1.078022292083452349e+01,5.892160289361730641e+00
1.080022863675335820e+01,5.526663413286767579e+00
1.082023435267219291e+01,5.447985962439114260e+00
1.084024006859102585e+01,5.079407537371283254e+00
1.086024578450986056e+01,5.492896479888512928e+00
1.088025150042869349e+01,5.243019357862902297e+00
1.090025721634752820e+01,5.900448207655919930e+00
1.092026293226636113e+01,5.998636224679281703e+00
1.094026864818519584e+01,6.068614341751115582e+00
1.096027436410403055e+01,5.704572417608051893e+00
1.098028008002286349e+01,5.450898082690208035e+00
1.100028579594169820e+01,5.419930225921905098e+00
1.102029151186053113e+01,5.786074673754510123e+00
1.104029722777936584e+01,5.377156929831539145e+00
1.106030294369819877e+01,5.108483844899319060e+00
1.108030865961703348e+01,5.437169654167679056e+00
1.110031437553586819e+01,6.198994489158405230e+00
1.112032009145470113e+01,5.866366940096964910e+00
1.114032580737353584e+01,5.753495061882035522e+00
1.116033152329236877e+01,5.679310436210801782e+00
1.118033723921120348e+01,5.762565059495358355e+00
1.120034295513003642e+01,5.740462346867124310e+00
1.122034867104887113e+01,5.879286512957245137e+00
1.124035438696770584e+01,5.487899659797357721e+00
1.126036010288653877e+01,4.732632749138206307e+00
1.128036581880537348e+01,5.931830495779877310e+00
1.130037153472420641e+01,5.290213197204800544e+00
1.132037725064304112e+01,5.945898219975068955e+00
1.134038296656187583e+01,5.720988241197256130e+00
1.136038868248070877e+01,5.795251201125546814e+00
1.138039439839954348e+01,5.491782959696832833e+00
1.140040011431837641e+01,5.124849971398975690e+00
1.142040583023721112e+01,5.238540590131272268e+00
1.144041154615604405e+01,5.216271111858956644e+00
1.146041726207487876e+01,5.903677690259669930e+00
1.148042297799371170e+01,5.639246425697809428e+00
1.150042869391254641e+01,5.141378200709331381e+00
1.152043440983138112e+01,5.096043373121432296e+00
1.154044012575021405e+01,5.820860170080287332e+00
1.156044584166904876e+01,5.200402645754048869e+00
1.158045155758788169e+01,5.166135801487148349e+00
1.160045727350671640e+01,5.407227632658118566e+00
1.162046298942555111e+01,4.757746732617251340e+00
1.164046870534438405e+01,5.573300452895505686e+00
1.166047442126321876e+01,5.109045227718196358e+00
1.168048013718205169e+01,5.113567165267147274e+00
1.170048585310088640e+01,5.301625775558487241e+00
1.172049156901971934e+01,5.418752025025453278e+00
1.174049728493855405e+01,4.775199622820565537e+00
1.176050300085738698e+01,5.563301950897291626e+00
1.178050871677622169e+01,5.682956194920620874e+00
1.180051443269505640e+01,5.776043691270034586e+00
1.182052014861388933e+01,4.495013598786675502e+00
1.184052586453272404e+01,5.384371096908163068e+00
1.186053158045155698e+01,5.394521651539684548e+00
1.188053729637039169e+01,5.246959448634041401e+00
1.190054301228922640e+01,5.581375809070316940e+00
1.192054872820805933e+01,6.078014908038275266e+00
1.194055444412689404e+01,5.240106587935050797e+00
1.196056016004572697e+01,5.060579697943627053e+00
1.198056587596456168e+01,5.468540763975852315e+00
1.200057159188339639e+01,5.706041687544969321e+00
1.202057730780222933e+01,5.897027515052474911e+00
1.204058302372106226e+01,5.243269803804624374e+00
1.206058873963989697e+01,5.260806159201742105e+00
1.208059445555873168e+01,5.920483611186454276e+00
1.210060017147756461e+01,5.191871720398584245e+00
1.212060588739639932e+01,4.880419853515553186e+00
1.214061160331523226e+01,5.202357171100167932e+00
1.216061731923406697e+01,4.675237284687705497e+00
1.218062303515290168e+01,4.438612700035932335e+00
1.220062875107173461e+01,5.326979193848476513e+00
1.222063446699056932e+01,5.561114236386990761e+00
1.224064018290940226e+01,4.874591622633919208e+00
1.226064589882823697e+01,5.489178864461202068e+00
1.228065161474707168e+01,5.741090653591429671e+00
1.230065733066590461e+01,5.636259985360107194e+00
1.232066304658473754e+01,5.129353250713521106e+00
1.234066876250357225e+01,4.596136802722327275e+00
1.236067447842240696e+01,5.133176150704807483e+00
1.238068019434123990e+01,5.182781166405373341e+00
1.240068591026007461e+01,5.606217046854924391e+00
1.242069162617890754e+01,5.076697188090522062e+00
1.244069734209774225e+01,5.205661541308767681e+00
1.246070305801657696e+01,5.698735528469343947e+00
1.248070877393540989e+01,5.206084175722615726e+00
1.250071448985424460e+01,5.624697434810308927e+00
1.252072020577307754e+01,5.297347106803899308e+00
1.254072592169191225e+01,4.925154079644583405e+00
1.256073163761074696e+01,4.922810532874759559e+00
1.258073735352957989e+01,5.091539816881841318e+00
1.260074306944841460e+01,5.158033650086441213e+00
1.262074878536724754e+01,4.639185866902122868e+00
1.264075450128608225e+01,5.665703838603715958e+00
1.266076021720491518e+01,4.982810554870569675e+00
1.268076593312374989e+01,5.574950511247617868e+00
1.270077164904258282e+01,5.487518549235145926e+00
1.272077736496141753e+01,4.393156628248016560e+00
1.274078308088025224e+01,5.192446501743953391e+00
1.276078879679908518e+01,5.662767463334522411e+00
1.278079451271791989e+01,5.876541867209546410e+00
1.280080022863675282e+01,5.045231055674733511e+00
1.282080594455558753e+01,5.909067519035756000e+00
1.284081166047442224e+01,5.318238411175984837e+00
1.286081737639325517e+01,5.324378914431625809e+00
1.288082309231208988e+01,5.520747186204848944e+00
1.290082880823092282e+01,5.136173468995888669e+00
1.292083452414975753e+01,5.299261833499678609e+00
1.294084024006859224e+01,4.965588491173654972e+00
1.296084595598742517e+01,5.386985842818641679e+00
1.298085167190625810e+01,5.749334680262344399e+00
1.300085738782509281e+01,4.666562747643192566e+00
1.302086310374392752e+01,5.570382704152311959e+00
1.304086881966276046e+01,4.738346571985958988e+00
1.306087453558159517e+01,5.054417580822590850e+00
1.308088025150042810e+01,4.859276866453558164e+00
1.310088596741926281e+01,4.997757169898875418e+00
1.312089168333809752e+01,5.283656528120800999e+00
1.314089739925693046e+01,4.888283167051961087e+00
1.316090311517576517e+01,5.510738884838955798e+00
1.318090883109459810e+01,5.136437361750746611e+00
1.320091454701343281e+01,5.006148855776704210e+00
1.322092026293226752e+01,5.272529191256889902e+00
1.324092597885110045e+01,5.578699177965047440e+00
1.326093169476993339e+01,4.434890663527223609e+00
1.328093741068876810e+01,5.477139553662570215e+00
1.330094312660760281e+01,4.828732137046799266e+00
1.332094884252643574e+01,5.014250232363622217e+00
1.334095455844527045e+01,4.469975425631975696e+00
1.336096027436410338e+01,4.254138203137113550e+00
1.338096599028293809e+01,4.574513933580643510e+00
1.340097170620177280e+01,4.907406219963870164e+00
1.342097742212060574e+01,5.302974825626497690e+00
1.344098313803944045e+01,5.233259209963860847e+00
1.346098885395827338e+01,4.877221531496877205e+00
1.348099456987710809e+01,4.926008575016114222e+00
1.350100028579594280e+01,5.114985589673537447e+00
1.352100600171477573e+01,5.508374926803972116e+00
1.354101171763361044e+01,4.959223283944361071e+00
1.356101743355244338e+01,5.373765686803729125e+00
1.358102314947127809e+01,5.361859292366021990e+00
1.360102886539011102e+01,4.535328996931109913e+00
1.362103458130894573e+01,5.840749206949182870e+00
1.364104029722777867e+01,5.324540309706492280e+00
1.366104601314661338e+01,5.712697761667468122e+00
1.368105172906544809e+01,4.767776426627502673e+00
1.370105744498428102e+01,5.084063589964952001e+00
1.372106316090311573e+01,5.694148238519423089e+00
1.374106887682194866e+01,5.662682947879265072e+00
1.376107459274078337e+01,5.365161741018183328e+00
1.378108030865961808e+01,5.621404506852691441e+00
1.380108602457845102e+01,4.752274440245381371e+00
1.382109174049728573e+01,5.315246480610261059e+00
1.384109745641611866e+01,5.245317176536527626e+00
1.386110317233495337e+01,6.007006672386275170e+00
1.388110888825378808e+01,5.651382266614056959e+00
1.390111460417262101e+01,5.616863380348043222e+00
1.392112032009145395e+01,5.458012281242398345e+00
1.394112603601028866e+01,5.333259470921619005e+00
1.396113175192912337e+01,5.156926414628990152e+00
1.398113746784795630e+01,5.928673516458866644e+00
1.400114318376679101e+01,5.036496834839658376e+00
1.402114889968562395e+01,5.635565978376105178e+00
1.404115461560445866e+01,5.663575285146598581e+00
1.406116033152329337e+01,5.721622809362970408e+00
1.408116604744212630e+01,5.618728111131344960e+00
1.410117176336095923e+01,5.656215464679462457e+00
1.412117747927979394e+01,6.459843826460044625e+00
1.414118319519862865e+01,6.035448378833796923e+00
1.416118891111746336e+01,6.440296953636144295e+00
1.418119462703629630e+01,6.447759615020522972e+00
1.420120034295512923e+01,5.999463995721544762e+00
1.422120605887396394e+01,6.069952854098514372e+00
1.424121177479279865e+01,6.354845309340922732e+00
1.426121749071163336e+01,5.958817449198068772e+00
1.428122320663046629e+01,6.697209880159501694e+00
1.430122892254929923e+01,6.069394941245382924e+00
1.432123463846813394e+01,6.223336670076893284e+00
1.434124035438696865e+01,6.377727162888034762e+00
1.436124607030580158e+01,6.464707968180022135e+00
1.438125178622463629e+01,6.330842825204141988e+00
1.440125750214346922e+01,7.162068360817320567e+00
1.442126321806230393e+01,6.420293245194381271e+00
1.444126893398113864e+01,6.087796440783902696e+00
1.446127464989997158e+01,6.436764136990401397e+00
1.448128036581880451e+01,5.864403075315878233e+00
1.450128608173763922e+01,6.401276318944975507e+00
1.452129179765647393e+01,6.259250784801507095e+00
1.454129751357530864e+01,6.570110369133187689e+00
1.456130322949414158e+01,6.825015086706230250e+00
1.458130894541297451e+01,6.931979791795161994e+00
1.460131466133180922e+01,6.001747518747961863e+00
1.462132037725064393e+01,6.981520272600147514e+00
1.464132609316947686e+01,6.682447767788080917e+00
1.466133180908831157e+01,6.890033732802787192e+00
1.468133752500714451e+01,6.319564552575307914e+00
1.470134324092597922e+01,6.544096531448143850e+00
1.472134895684481393e+01,6.448703740336874546e+00
1.474135467276364686e+01,6.500009564257963390e+00
1.476136038868247979e+01,6.687239242810303352e+00
1.478136610460131450e+01,6.095605030285806691e+00
1.480137182052014921e+01,5.563472889652471665e+00
1.482137753643898392e+01,6.590142085805050343e+00
1.484138325235781686e+01,5.390863813089895373e+00
1.486138896827664979e+01,5.581750858132409121e+00
1.488139468419548450e+01,6.361088377355278212e+00
1.490140040011431921e+01,5.725249993758980693e+00
1.492140611603315392e+01,6.016142978725431689e+00
1.494141183195198685e+01,4.893206704008257191e+00
1.496141754787081979e+01,5.294763139894127058e+00
1.498142326378965450e+01,5.520694982595628630e+00
1.500142897970848921e+01,5.322252804931967951e+00
1.502143469562732214e+01,5.766561139167542649e+00
1.504144041154615508e+01,5.416543081979591889e+00
1.506144612746498979e+01,5.038026962812910625e+00
1.508145184338382450e+01,5.758823934485736373e+00
1.510145755930265921e+01,5.853833312106294429e+00
1.512146327522149214e+01,4.680019954852800979e+00
1.514146899114032507e+01,5.068003638181715509e+00
1.516147470705915978e+01,5.056397360557000731e+00
1.518148042297799449e+01,5.320183639821947530e+00
1.520148613889682920e+01,5.212058488155861369e+00
1.522149185481566214e+01,4.896452940763123429e+00
1.524149757073449507e+01,5.761645680218885346e+00
1.526150328665332978e+01,5.412296431355882120e+00
1.528150900257216449e+01,5.205582145473461431e+00
1.530151471849099742e+01,4.777897695014301505e+00
1.532152043440983036e+01,4.815562293937065697e+00
1.534152615032866507e+01,5.820993721234467344e+00
1.536153186624749978e+01,5.883392666306765939e+00
1.538153758216633449e+01,5.622304402898447684e+00
1.540154329808516742e+01,5.815727268424957686e+00
1.542154901400400036e+01,5.536868125734256907e+00
1.544155472992283507e+01,5.173047542195392090e+00
1.546156044584166978e+01,5.499186057744308798e+00
1.548156616176050449e+01,5.941997066286542228e+00
1.550157187767933742e+01,4.448586032920188060e+00
1.552157759359817035e+01,5.464811861822662209e+00
1.554158330951700506e+01,5.380445137490819540e+00
1.556158902543583977e+01,5.881078292151735276e+00
1.558159474135467271e+01,5.961097221918017830e+00
1.560160045727350742e+01,5.382102470843054931e+00
1.562160617319234035e+01,5.138098830566924846e+00
1.564161188911117506e+01,4.775208574175630716e+00
1.566161760503000977e+01,4.618162949437440545e+00
1.568162332094884270e+01,4.675726119867587016e+00
1.570162903686767564e+01,4.274874003648053034e+00
1.572163475278651035e+01,4.438301890891080959e+00
1.574164046870534506e+01,4.889583932739338223e+00
1.576164618462417977e+01,4.245690554708005493e+00
1.578165190054301270e+01,4.002764049011057423e+00
1.580165761646184563e+01,3.978486850752064541e+00
1.582166333238068034e+01,4.685800703423577573e+00
1.584166904829951505e+01,3.682137663500550939e+00
1.586167476421834799e+01,4.603284946543951150e+00
1.588168048013718270e+01,3.497384247431035043e+00
1.590168619605601563e+01,4.618627043662216991e+00
1.592169191197485034e+01,4.253415157618409381e+00
1.594169762789368505e+01,4.843152088912678899e+00
1.596170334381251799e+01,4.133960206641654089e+00
1.598170905973135092e+01,4.497313807899660176e+00
1.600171477565018563e+01,3.489362456252927736e+00
1.602172049156902034e+01,4.774607871396881364e+00
1.604172620748785505e+01,4.169207147138171976e+00
1.606173192340668976e+01,4.038664623484764959e+00
1.608173763932552092e+01,3.837754466288116895e+00
1.610174335524435563e+01,3.387132548846348179e+00
1.612174907116319034e+01,4.185307345141051627e+00
1.614175478708202505e+01,3.844695398232601757e+00
1.616176050300085620e+01,3.542976980277577681e+00
1.618176621891969091e+01,4.023477852262813848e+00
1.620177193483852562e+01,3.962482939624804690e+00
1.622177765075736033e+01,4.533615284953214086e+00
1.624178336667619504e+01,3.545674284903320483e+00
1.626178908259502620e+01,3.590459545072171466e+00
1.628179479851386091e+01,3.321121987410470489e+00
1.630180051443269562e+01,4.399609656571099592e+00
1.632180623035153033e+01,3.830006736343669616e+00
1.634181194627036149e+01,3.799142632783924611e+00
1.636181766218919620e+01,3.442696873937530100e+00
1.638182337810803091e+01,4.250485372886865676e+00
1.640182909402686562e+01,4.068672800650448451e+00
1.642183480994570033e+01,3.508878995543193380e+00
1.644184052586453504e+01,3.482098439575847415e+00
1.646184624178336620e+01,3.906831450278645423e+00
1.648185195770220091e+01,3.325992597801864736e+00
1.650185767362103562e+01,4.120561336873602265e+00
1.652186338953986677e+01,4.620382179692583691e+00
1.654186910545870148e+01,4.533146108526691975e+00
1.656187482137753619e+01,4.700788351592636971e+00
1.658188053729637090e+01,4.030778595150059651e+00
1.660188625321520561e+01,3.715101415688846664e+00
1.662189196913404032e+01,3.816518300761738480e+00
1.664189768505287148e+01,3.784053092002304997e+00
1.666190340097170619e+01,3.519017767216610970e+00
1.668190911689054090e+01,3.267292843334881347e+00
1.670191483280937561e+01,3.792728221015295276e+00
1.672192054872820677e+01,3.703816360307321087e+00
1.674192626464704148e+01,4.083611918772266591e+00
1.676193198056587619e+01,4.269624809234298546e+00
1.678193769648471090e+01,3.832132527460920812e+00
1.680194341240354561e+01,4.164755220988148210e+00
1.682194912832238032e+01,3.217076368757174620e+00
1.684195484424121148e+01,3.691259481130911624e+00
1.686196056016004619e+01,3.772653314666719826e+00
1.688196627607888090e+01,4.290227745847133178e+00
1.690197199199771205e+01,4.192714164868813320e+00
1.692197770791654676e+01,4.283998779573231275e+00
1.694198342383538147e+01,3.703602248382549256e+00
1.696198913975421618e+01,3.455586675205691627e+00
1.698199485567305089e+01,3.566010404265646194e+00
1.700200057159188560e+01,3.407092869295950344e+00
1.702200628751071676e+01,3.618904566052186134e+00
1.704201200342955147e+01,3.329115912519865716e+00
1.706201771934838618e+01,4.445335156164745172e+00
1.708202343526722089e+01,4.290933966233261287e+00
1.710202915118605205e+01,4.121160748774945759e+00
1.712203486710488676e+01,4.368225760652842737e+00
1.714204058302372147e+01,4.272132430286934124e+00
1.716204629894255618e+01,3.836509973015178154e+00
1.718205201486139089e+01,3.315090176684735379e+00
1.720205773078022204e+01,4.323842201093594184e+00
1.722206344669905675e+01,3.855923681776316059e+00
1.724206916261789146e+01,4.615031956794908297e+00
1.726207487853672617e+01,3.852536811773476177e+00
1.728208059445555733e+01,4.190348449545641785e+00
1.730208631037439204e+01,3.622923429244457871e+00
1.732209202629322675e+01,3.158244209230616661e+00
1.734209774221206146e+01,4.520672858044401110e+00
1.736210345813089617e+01,3.559604127975050325e+00
1.738210917404973088e+01,3.957410619444639899e+00
1.740211488996856204e+01,4.310717114645752801e+00
1.742212060588739675e+01,4.198594402526645730e+00
1.744212632180623146e+01,4.080002004317926811e+00
1.746213203772506262e+01,4.025273094734538759e+00
1.748213775364389733e+01,3.859900257577409732e+00
1.750214346956273204e+01,3.928796986052558893e+00
1.752214918548156675e+01,3.718383568019005381e+00
1.754215490140040146e+01,3.886682299721274880e+00
1.756216061731923617e+01,3.803950448803536499e+00
1.758216633323806732e+01,3.851135979160837053e+00
1.760217204915690203e+01,3.530062159090463503e+00
1.762217776507573674e+01,3.995123490682564338e+00
1.764218348099457145e+01,4.469233545134835950e+00
1.766218919691340261e+01,3.178194965658453164e+00
1.768219491283223732e+01,3.879180434555706825e+00
1.770220062875107203e+01,3.856722161069402688e+00
1.772220634466990674e+01,3.926427268329735654e+00
1.774221206058874145e+01,3.925235194764927993e+00
1.776221777650757616e+01,3.329600821467139760e+00
1.778222349242640732e+01,3.481538070185655975e+00
1.780222920834524203e+01,4.013852689558542686e+00
1.782223492426407674e+01,4.583480875435862245e+00
1.784224064018290790e+01,3.076125524943884137e+00
1.786224635610174261e+01,3.694446976199674548e+00
1.788225207202057732e+01,4.181208869770813408e+00
1.790225778793941203e+01,3.982805625611400835e+00
1.792226350385824674e+01,3.903798280706826773e+00
1.794226921977708145e+01,4.361298674524654473e+00
1.796227493569591260e+01,3.810752029854752365e+00
1.798228065161474731e+01,4.403020708161406560e+00
1.800228636753358202e+01,4.410800346408588091e+00
1.802229208345241318e+01,3.432476644080714401e+00
1.804229779937124789e+01,4.547404359610638380e+00
1.806230351529008260e+01,4.368289687768704965e+00
1.808230923120891731e+01,4.267180767123565310e+00
1.810231494712775202e+01,4.747134119520161732e+00
1.812232066304658673e+01,4.745282456057346110e+00
1.814232637896542144e+01,3.715800397846462655e+00
1.816233209488425260e+01,4.068791050709066326e+00
1.818233781080308731e+01,3.970106777022424538e+00
1.820234352672191847e+01,5.316147249064031577e+00
1.822234924264075318e+01,4.681602285638461147e+00
1.824235495855958789e+01,4.570628725272515069e+00
1.826236067447842260e+01,5.004543680404888839e+00
1.828236639039725731e+01,4.943022564223818804e+00
1.830237210631609202e+01,4.752232540937417760e+00
1.832237782223492673e+01,5.349148797027153179e+00
1.834238353815375788e+01,5.979298157830425176e+00
1.836238925407259259e+01,5.233953978462345447e+00
1.838239496999142730e+01,5.865702377953258662e+00
1.840240068591025846e+01,5.803549448424732304e+00
1.842240640182909317e+01,6.488755789751883718e+00
1.844241211774792788e+01,6.357405359259669986e+00
1.846241783366676259e+01,6.912559227591718702e+00
1.848242354958559730e+01,7.229625181751679008e+00
1.850242926550443201e+01,6.985237106864621737e+00
1.852243498142326672e+01,7.255976792476277026e+00
1.854244069734209788e+01,6.579132538400816799e+00
1.856244641326093259e+01,7.358639128858914802e+00
1.858245212917976374e+01,7.712529727659994450e+00
1.860245784509859845e+01,8.011687063543167397e+00
1.862246356101743316e+01,8.103400644585075696e+00
1.864246927693626787e+01,8.900852552748739654e+00
1.866247499285510258e+01,8.805646463923249456e+00
1.868248070877393729e+01,9.365535040736778782e+00
1.870248642469277200e+01,9.621363578049583865e+00
1.872249214061160316e+01,1.018155269457733958e+01
1.874249785653043787e+01,9.731597893821737344e+00
1.876250357244927258e+01,1.074923709692936136e+01
1.878250928836810374e+01,1.053493278084127738e+01
1.880251500428693845e+01,1.080044079557002412e+01
1.882252072020577316e+01,1.105225700907025832e+01
1.884252643612460787e+01,1.151607039618065897e+01
1.886253215204344258e+01,1.212202500054132592e+01
1.888253786796227729e+01,1.212938720338811294e+01
1.890254358388111200e+01,1.219458359038617523e+01
1.892254929979994316e+01,1.396349781199480589e+01
1.894255501571877787e+01,1.360915375315327758e+01
1.896256073163760902e+01,1.485231352588552234e+01
1.898256644755644373e+01,1.456924487432200799e+01
1.900257216347527844e+01,1.514079971335825547e+01
1.902257787939411315e+01,1.571142469396427366e+01
1.904258359531294786e+01,1.546101693473213068e+01
1.906258931123178257e+01,1.701867384337103672e+01
1.908259502715061728e+01,1.729338849590209648e+01
1.910260074306944844e+01,1.875853102640146730e+01
1.912260645898828315e+01,1.852109650275016506e+01
1.914261217490711431e+01,1.886547443608724706e+01
1.916261789082594902e+01,1.949442361616648611e+01
1.918262360674478373e+01,2.047464769629978321e+01
1.920262932266361844e+01,2.114310483485450476e+01
1.922263503858245315e+01,2.205689688827220252e+01
1.924264075450128786e+01,2.292701270411377834e+01
1.926264647042012257e+01,2.310450516042667957e+01
1.928265218633895373e+01,2.493424561058363409e+01
1.930265790225778844e+01,2.559703126606008183e+01
1.932266361817662315e+01,2.597688555907683039e+01
1.934266933409545430e+01,2.649596515683575149e+01
1.936267505001428901e+01,2.828978776204291989e+01
1.938268076593312372e+01,2.887981448528550388e+01
1.940268648185195843e+01,2.954808904583013529e+01
1.942269219777079314e+01,2.989614464965617557e+01
1.944269791368962785e+01,3.109631594017684364e+01
1.946270362960846256e+01,3.139369894800443461e+01
1.948270934552729372e+01,3.115159022739130279e+01
1.950271506144612843e+01,3.235887781899315740e+01
1.952272077736495959e+01,3.262789991432460823e+01
1.954272649328379430e+01,3.313880172289903925e+01
1.956273220920262901e+01,3.258089582614486091e+01
1.958273792512146372e+01,3.247086690987413249e+01
1.960274364104029843e+01,3.225716079051586149e+01
1.962274935695913314e+01,3.098656198254179728e+01
1.964275507287796785e+01,2.960578870339335467e+01
1.966276078879679901e+01,2.879613317726266430e+01
1.968276650471563372e+01,2.757306211838286103e+01
1.970277222063446487e+01,2.521545699848559252e+01
1.972277793655329958e+01,2.349205003742748232e+01
1.974278365247213429e+01,2.122163897780790265e+01
1.976278936839096900e+01,1.914901706492709721e+01
1.978279508430980371e+01,1.740957845112511748e+01
1.980280080022863842e+01,1.536106085253329745e+01
1.982280651614747313e+01,1.432340900507696091e+01
1.984281223206630784e+01,1.161145884560747277e+01
1.986281794798513900e+01,1.108386036952953724e+01
1.988282366390397371e+01,8.772524067469262832e+00
1.990282937982280487e+01,8.561111943988294115e+00
1.992283509574163958e+01,6.747014751677594901e+00
1.994284081166047429e+01,6.587174931734799621e+00
1.996284652757930900e+01,6.131871586498682802e+00
1.998285224349814371e+01,5.885772735394098731e+00
2.000285795941697842e+01,5.099359529450008921e+00
2.002286367533581313e+01,4.349784875554771446e+00
2.004286939125464428e+01,5.212784173839718704e+00
2.006287510717347899e+01,4.019942311871612439e+00
2.008288082309231015e+01,3.455486536655074659e+00
2.010288653901114486e+01,4.320642986152833487e+00
2.012289225492997957e+01,3.729073823283290956e+00
2.014289797084881428e+01,3.557458310376380162e+00
2.016290368676764899e+01,4.582725757726116456e+00
2.018290940268648370e+01,3.895798740398799254e+00
2.020291511860531841e+01,4.547159789711464839e+00
2.022292083452414957e+01,3.466065067556696633e+00
2.024292655044298428e+01,3.281626193699136440e+00
2.026293226636181899e+01,3.462784531549293110e+00
2.028293798228065015e+01,3.893171290508378846e+00
2.030294369819948486e+01,3.397077154605265825e+00
2.032294941411831957e+01,3.404633658046702038e+00
2.034295513003715428e+01,3.063488040601608731e+00
2.036296084595598899e+01,3.260664295880110419e+00
2.038296656187482370e+01,3.199476158411783899e+00
2.040297227779365841e+01,3.698920442975321521e+00
2.042297799371248956e+01,4.032669992717005769e+00
2.044298370963132427e+01,3.497712829631465681e+00
2.046298942555015543e+01,3.970527871280072674e+00
2.048299514146899014e+01,3.762452585366194313e+00
2.050300085738782485e+01,4.064751817887248819e+00
2.052300657330665956e+01,3.187521724806084311e+00
2.054301228922549427e+01,4.322476980229165378e+00
2.056301800514432898e+01,4.012630679754288110e+00
2.058302372106316369e+01,2.913233851744263969e+00
2.060302943698199485e+01,3.471612159510828466e+00
2.062303515290082956e+01,4.593485569548382941e+00
2.064304086881966072e+01,4.105839488428879136e+00
2.066304658473849543e+01,3.544919625134406171e+00
2.068305230065733014e+01,3.753735737700836239e+00
2.070305801657616485e+01,3.899927241353707608e+00
2.072306373249499956e+01,4.278378714693461760e+00
2.074306944841383427e+01,3.185558831922191025e+00
2.076307516433266898e+01,3.451115752773319834e+00
2.078308088025150369e+01,3.756546184832442847e+00
2.080308659617033484e+01,3.870455361939472816e+00
2.082309231208916955e+01,4.102413028082219526e+00
2.084309802800800071e+01,4.566278527326783632e+00
2.086310374392683542e+01,3.844729079665381910e+00
2.088310945984567013e+01,3.967291291997351088e+00
2.090311517576450484e+01,3.930793790802308951e+00
2.092312089168333955e+01,4.500202495961385551e+00
2.094312660760217426e+01,4.548075171265790750e+00
2.096313232352100897e+01,4.514463795266689949e+00
2.098313803943984013e+01,5.009362928074111210e+00
2.100314375535867484e+01,4.778552967935994822e+00
2.102314947127750600e+01,4.754649011220070776e+00
2.104315518719634071e+01,5.193898713496812647e+00
2.106316090311517542e+01,5.031040132283191468e+00
2.108316661903401013e+01,5.172126383437669617e+00
2.110317233495284484e+01,5.089990297543621089e+00
2.112317805087167955e+01,4.825233717756752583e+00
2.114318376679051426e+01,5.330546785438334823e+00
2.116318948270934541e+01,4.999699323358946401e+00
2.118319519862818012e+01,4.781856337776685173e+00
2.120320091454701483e+01,5.642744548678875205e+00
2.122320663046584599e+01,6.229062500977669892e+00
2.124321234638468070e+01,5.825664696177020652e+00
2.126321806230351541e+01,5.983604486242666276e+00
2.128322377822235012e+01,6.104867679869117936e+00
2.130322949414118483e+01,5.973674400358227388e+00
2.132323521006001954e+01,5.807021098273625448e+00
2.134324092597885425e+01,6.444302995093476483e+00
2.136324664189768541e+01,5.839937771105141451e+00
2.138325235781652012e+01,6.661949608762228969e+00
2.140325807373535127e+01,6.519785430584249752e+00
2.142326378965418598e+01,6.484786736668024076e+00
2.144326950557302069e+01,6.536625824440312371e+00
2.146327522149185540e+01,6.660650012036479772e+00
2.148328093741069011e+01,5.497232087459721583e+00
2.150328665332952482e+01,6.281592618617487744e+00
2.152329236924835953e+01,5.828333678636286486e+00
2.154329808516719069e+01,6.171664030679457014e+00
2.156330380108602540e+01,5.912794213578447255e+00
2.158330951700485656e+01,6.562915186569759918e+00
2.160331523292369127e+01,4.782391261272523231e+00
2.162332094884252598e+01,5.218823637647379776e+00
2.164332666476136069e+01,5.066985045837757440e+00
2.166333238068019540e+01,4.761800716410915513e+00
2.168333809659903011e+01,4.661127255810400882e+00
2.170334381251786482e+01,4.713256476912402348e+00
2.172334952843669598e+01,3.471439459837474040e+00
2.174335524435553069e+01,3.820279289033639891e+00
2.176336096027436540e+01,3.896189200611258840e+00
2.178336667619319655e+01,3.774194703373217052e+00
2.180337239211203126e+01,3.610306268659341455e+00
2.182337810803086597e+01,4.075146713774316254e+00
2.184338382394970068e+01,3.592540875622313390e+00
2.186338953986853539e+01,2.824957586498754836e+00
2.188339525578737010e+01,2.895789758137431669e+00
2.190340097170620481e+01,3.958433763352205315e+00
2.192340668762503597e+01,3.278035922675921920e+00
2.194341240354387068e+01,3.397575882506949529e+00
2.196341811946270184e+01,2.429775527791302459e+00
2.198342383538153655e+01,2.574214697717506439e+00
2.200342955130037126e+01,2.921806387215870160e+00
2.202343526721920597e+01,3.006155846847944346e+00
2.204344098313804068e+01,3.600517877312104265e+00
2.206344669905687539e+01,2.989722333306508162e+00
2.208345241497571010e+01,2.882987462391965128e+00
2.210345813089454126e+01,3.508579390522767572e+00
2.212346384681337597e+01,2.246212479441875409e+00
2.214346956273221068e+01,2.521377730469128053e+00
2.216347527865104183e+01,3.193479675223751535e+00
2.218348099456987654e+01,2.895281175916679217e+00
2.220348671048871125e+01,2.921163233651459024e+00
2.222349242640754596e+01,2.472327673126315517e+00
2.224349814232638067e+01,3.463853583200808828e+00
2.226350385824521538e+01,3.617717918675076305e+00
2.228350957416405009e+01,2.979041890583040697e+00
2.230351529008288125e+01,2.750106552514941960e+00
2.232352100600171596e+01,2.423837967522584069e+00
2.234352672192054712e+01,2.825231111071900614e+00
2.236353243783938183e+01,3.031209182320047990e+00
2.238353815375821654e+01,2.682159377504598208e+00
2.240354386967705125e+01,3.741278879829670778e+00
2.242354958559588596e+01,2.110266552367221937e+00
2.244355530151472067e+01,2.677655056070515904e+00
2.246356101743355538e+01,3.613987237860226465e+00
2.248356673335238654e+01,2.791017546539914740e+00
2.250357244927122125e+01,2.505166168498431212e+00
2.252357816519005240e+01,3.112049406749223479e+00
2.254358388110888711e+01,2.149196453992330280e+00
2.256358959702772182e+01,2.587328074338701711e+00
2.258359531294655653e+01,2.976714430201518269e+00
2.260360102886539124e+01,3.134977886402261493e+00
2.262360674478422595e+01,2.870558480879878971e+00
2.264361246070306066e+01,2.708714394050124596e+00
2.266361817662189182e+01,3.170786404685491000e+00
2.268362389254072653e+01,2.570717473818590726e+00
2.270362960845956124e+01,2.228854991576528555e+00
2.272363532437839240e+01,2.584961988054979454e+00
2.274364104029722711e+01,2.222919024737096905e+00
2.276364675621606182e+01,3.323348485102888716e+00
2.278365247213489653e+01,2.677198917866044248e+00
2.280365818805373124e+01,2.779416540474430430e+00
2.282366390397256595e+01,2.157385870617305912e+00
2.284366961989140066e+01,2.714903071627821962e+00
2.286367533581023181e+01,2.711211497419774297e+00
2.288368105172906652e+01,2.525880882786872395e+00
2.290368676764789768e+01,3.194763264630839483e+00
2.292369248356673239e+01,2.959835172673329851e+00
2.294369819948556710e+01,2.280256490633508992e+00
2.296370391540440181e+01,2.846478672984142477e+00
2.298370963132323652e+01,3.127341281674477003e+00
2.300371534724207123e+01,2.811679522227557015e+00
2.302372106316090594e+01,2.642294311428675435e+00
2.304372677907973710e+01,3.275394133730409774e+00
2.306373249499857181e+01,3.293805629455655470e+00
2.308373821091740652e+01,2.833482167773827776e+00
2.310374392683623768e+01,2.153917558878092997e+00
2.312374964275507239e+01,3.398729427162114014e+00
2.314375535867390710e+01,2.731943795549505616e+00
2.316376107459274181e+01,2.375549093701696979e+00
2.318376679051157652e+01,3.504935680833053624e+00
2.320377250643041123e+01,3.351094446920874326e+00
2.322377822234924594e+01,3.046437046828430972e+00
2.324378393826807709e+01,3.536648993727322221e+00
2.326378965418691180e+01,2.884303663000140183e+00
2.328379537010574296e+01,3.353674919228643247e+00
2.330380108602457767e+01,3.778063361630744410e+00
2.332380680194341238e+01,3.407680103884181300e+00
2.334381251786224709e+01,3.829189162416142711e+00
2.336381823378108180e+01,3.651200884348158482e+00
2.338382394969991651e+01,3.313206280773964174e+00
2.340382966561875122e+01,4.069341074517825341e+00
2.342383538153758238e+01,4.149438186909806703e+00
2.344384109745641709e+01,3.551518054654534851e+00
2.346384681337524825e+01,4.408601383824226616e+00
2.348385252929408296e+01,3.867357298704940938e+00
2.350385824521291767e+01,3.542627964116705108e+00
2.352386396113175238e+01,4.816729820910673254e+00
2.354386967705058709e+01,4.529124352389944264e+00
2.356387539296942180e+01,4.057084928421440750e+00
2.358388110888825651e+01,4.381874436490746483e+00
2.360388682480708766e+01,4.406591023321633216e+00
2.362389254072592237e+01,5.206616514159081888e+00
2.364389825664475708e+01,4.776426831186995514e+00
2.366390397256358824e+01,5.719932258226910093e+00
2.368390968848242295e+01,5.892247047809047622e+00
2.370391540440125766e+01,4.332271971662630783e+00
2.372392112032009237e+01,4.724315318812887909e+00
2.374392683623892708e+01,5.749258783603153233e+00
2.376393255215776179e+01,5.455529645310058129e+00
2.378393826807659650e+01,5.618789319883662259e+00
2.380394398399542766e+01,5.598944917037173674e+00
2.382394969991426237e+01,6.233439895401128084e+00
2.384395541583309353e+01,6.375761280539091302e+00
2.386396113175192824e+01,6.868531936022231221e+00
2.388396684767076295e+01,6.040910318581540928e+00
2.390397256358959766e+01,6.976741510700438909e+00
2.392397827950843237e+01,6.585198214064439171e+00
2.394398399542726708e+01,7.474538863662020027e+00
2.396398971134610179e+01,8.170097088584542533e+00
2.398399542726493294e+01,8.247964348947421698e+00
2.400400114318376765e+01,8.134814149442627595e+00
2.402400685910260236e+01,8.530543838009856827e+00
2.404401257502143352e+01,8.265257826421422038e+00
2.406401829094026823e+01,8.884902262609879031e+00
2.408402400685910294e+01,8.462312493539215552e+00
2.410402972277793765e+01,9.656595972312461029e+00
2.412403543869677236e+01,1.021509713071196934e+01
2.414404115461560707e+01,8.956227075456816067e+00
2.416404687053444178e+01,1.001743655157547863e+01
2.418405258645327294e+01,9.831210028045999749e+00
2.420405830237210765e+01,1.002554972583268089e+01
2.422406401829093880e+01,1.041304274133152497e+01
2.424406973420977351e+01,9.679364093642806921e+00
2.426407545012860822e+01,9.457660206245947165e+00
2.428408116604744293e+01,8.742733768268847072e+00
2.430408688196627764e+01,8.372424739650760728e+00
2.432409259788511235e+01,8.524857352497631879e+00
2.434409831380394706e+01,7.173092610992970464e+00
2.436410402972277822e+01,7.759016027500825530e+00
2.438410974564161293e+01,6.625548574251272527e+00
2.440411546156044409e+01,6.387410865632622503e+00
2.442412117747927880e+01,6.042494274312260494e+00
2.444412689339811351e+01,5.532987344167546340e+00
2.446413260931694822e+01,4.823778244525636971e+00
2.448413832523578293e+01,5.301742233514740832e+00
2.450414404115461764e+01,3.859287652020033654e+00
2.452414975707345235e+01,4.065366314678469095e+00
2.454415547299228351e+01,3.335177480030709241e+00
2.456416118891111822e+01,3.904008777844214073e+00
2.458416690482995293e+01,3.337709054769108619e+00
2.460417262074878408e+01,3.240921316867078961e+00
2.462417833666761879e+01,2.899788176991983768e+00
2.464418405258645350e+01,2.413201174070630728e+00
2.466418976850528821e+01,2.559350393009509173e+00
2.468419548442412292e+01,2.370243407137972991e+00
2.470420120034295763e+01,2.919426246671505076e+00
2.472420691626179234e+01,2.223907309243508212e+00
2.474421263218062350e+01,2.726185179558353155e+00
2.476421834809945821e+01,2.656128696172724180e+00
2.478422406401828937e+01,1.935741018934053148e+00
2.480422977993712408e+01,3.024573461503577754e+00
2.482423549585595879e+01,2.683098792717363512e+00
2.484424121177479350e+01,2.609184579901839385e+00
2.486424692769362821e+01,2.844430089883216439e+00
2.488425264361246292e+01,2.665169936947203944e+00
2.490425835953129763e+01,1.669211643696773661e+00
2.492426407545012879e+01,1.779792775943946692e+00
2.494426979136896350e+01,2.397101284893210060e+00
2.496427550728779821e+01,2.650675537106932822e+00
2.498428122320662936e+01,2.172292289723486647e+00
2.500428693912546407e+01,2.234482766411810317e+00
2.502429265504429878e+01,1.933274546174975850e+00
2.504429837096313349e+01,1.920565894545467334e+00
2.506430408688196820e+01,2.616426271329443942e+00
2.508430980280080291e+01,2.493842544043775256e+00
2.510431551871963762e+01,2.674959119279592734e+00
2.512432123463846878e+01,1.880585259975067869e+00
2.514432695055730349e+01,1.756629810182220641e+00
2.516433266647613465e+01,2.473824731547748623e+00
2.518433838239496936e+01,2.309259202422453416e+00
2.520434409831380407e+01,1.683728400794454405e+00
2.522434981423263878e+01,2.239543312459424840e+00
2.524435553015147349e+01,2.495605983096233160e+00
2.526436124607030820e+01,2.688461037902355244e+00
2.528436696198914291e+01,2.545512801342663778e+00
2.530437267790797407e+01,2.267731886231244331e+00
2.532437839382680878e+01,2.169349373402371217e+00
2.534438410974563993e+01,2.593138857954432108e+00
2.536438982566447464e+01,2.828826611437592398e+00
2.538439554158330935e+01,2.197016186027131113e+00
2.540440125750214406e+01,2.702051821827176958e+00
2.542440697342097877e+01,2.692839958473174367e+00
2.544441268933981348e+01,2.459675695662679296e+00
2.546441840525864819e+01,2.456689347291287184e+00
2.548442412117747935e+01,2.743649499147361226e+00
2.550442983709631406e+01,2.292619811236513705e+00
2.552443555301514877e+01,2.283469419393910460e+00
2.554444126893397993e+01,2.253160361314383575e+00
2.556444698485281464e+01,1.939796750096312472e+00
2.558445270077164935e+01,2.575526085290727352e+00
2.560445841669048406e+01,1.595366404589949383e+00
2.562446413260931877e+01,2.399077377341916950e+00
2.564446984852815348e+01,1.786154754633387576e+00
2.566447556444698819e+01,2.101676524779401589e+00
2.568448128036581934e+01,1.964138757364462418e+00
2.570448699628465405e+01,2.304973793912513003e+00
2.572449271220348521e+01,1.740193695949689534e+00
2.574449842812231992e+01,1.728173015974781457e+00
2.576450414404115463e+01,2.261581519747239977e+00
2.578450985995998934e+01,2.444293874851154236e+00
2.580451557587882405e+01,1.879105944573330689e+00
2.582452129179765876e+01,2.779185421213156815e+00
2.584452700771649347e+01,3.065002338036555862e+00
2.586453272363532463e+01,1.895653465892491729e+00
2.588453843955415934e+01,1.850763312104952485e+00
2.590454415547299405e+01,2.688937921076115956e+00
2.592454987139182521e+01,2.794181564548646524e+00
2.594455558731065992e+01,2.516673740185350727e+00
2.596456130322949463e+01,1.943305423763370676e+00
2.598456701914832934e+01,2.415488383790125759e+00
2.600457273506716405e+01,2.138859319042070606e+00
2.602457845098599520e+01,2.882418624618849456e+00
2.604458416690482991e+01,2.973754641468085325e+00
2.606458988282366462e+01,2.237125196085241186e+00
2.608459559874249933e+01,2.237700127123450233e+00
2.610460131466133404e+01,1.719027042095451208e+00
2.612460703058016520e+01,2.526349872663053553e+00
2.614461274649899991e+01,2.929635243098440256e+00
2.616461846241783462e+01,2.216732146839801132e+00
2.618462417833666933e+01,3.218756188102032567e+00
2.620462989425550404e+01,1.941093790365213234e+00
2.622463561017433520e+01,2.448685346488393755e+00
2.624464132609316991e+01,1.649939473323395855e+00
2.626464704201200462e+01,1.636245350147475186e+00
2.628465275793083933e+01,2.694118845527598616e+00
2.630465847384967049e+01,2.288864496051934427e+00
2.632466418976850520e+01,2.586001593177891245e+00
2.634466990568733991e+01,2.638102912113750698e+00
2.636467562160617462e+01,2.868376132705290793e+00
2.638468133752500933e+01,2.452571249363946659e+00
2.640468705344384048e+01,1.936069351519653203e+00
2.642469276936267519e+01,2.455469399415898479e+00
2.644469848528150990e+01,2.863359570239549790e+00
2.646470420120034461e+01,2.472275084883172269e+00
2.648470991711917932e+01,2.606062523296658107e+00
2.650471563303801048e+01,1.698671249033630204e+00
2.652472134895684519e+01,2.119885737203631049e+00
2.654472706487567990e+01,2.453944878986127343e+00
2.656473278079451461e+01,1.975320035128957930e+00
2.658473849671334932e+01,2.405755962392987612e+00
2.660474421263218048e+01,2.088530449079669005e+00
2.662474992855101519e+01,2.823283956992744592e+00
2.664475564446984990e+01,2.662677624818510225e+00
2.666476136038868461e+01,2.166879412078349887e+00
2.668476707630751577e+01,3.241908401509403070e+00
2.670477279222635048e+01,2.739676600973520948e+00
2.672477850814518519e+01,2.346081306253329224e+00
2.674478422406401990e+01,2.542875512124738613e+00
2.676478993998285461e+01,2.045396059226448848e+00
2.678479565590168576e+01,2.602152911600758678e+00
2.680480137182052047e+01,2.462939971581601384e+00
2.682480708773935518e+01,2.896741723301387239e+00
2.684481280365818989e+01,2.907110768919626942e+00
2.686481851957702460e+01,2.697552989997670903e+00
2.688482423549585576e+01,2.385989267745448394e+00
2.690482995141469047e+01,2.247170882888794630e+00
2.692483566733352518e+01,3.499921374914625183e+00
2.694484138325235989e+01,3.126343386787486800e+00
2.696484709917119105e+01,3.442063522636931161e+00
2.698485281509002576e+01,2.681023631078113478e+00
2.700485853100886047e+01,3.361984673409398550e+00
2.702486424692769518e+01,3.507293055263382531e+00
2.704486996284652989e+01,3.887470900935895646e+00
2.706487567876536104e+01,3.325828283101906369e+00
2.708488139468419575e+01,3.036267670994718504e+00
2.710488711060303046e+01,3.126549495571086634e+00
2.712489282652186517e+01,4.157389959761546905e+00
2.714489854244069988e+01,3.243301805729429166e+00
2.716490425835953104e+01,3.575787895382553039e+00
2.718490997427836575e+01,3.209958563080426597e+00
2.720491569019720046e+01,3.864169513245724552e+00
2.722492140611603517e+01,3.521235767018974450e+00
2.724492712203486633e+01,3.724633645471837617e+00
2.726493283795370104e+01,3.175659788521665305e+00
2.728493855387253575e+01,4.650880771902889066e+00
2.730494426979137046e+01,3.553208546001444645e+00
2.732494998571020517e+01,3.637182737718344328e+00
2.734495570162903633e+01,3.134578035652755723e+00
2.736496141754787104e+01,3.263003299435297322e+00
2.738496713346670575e+01,3.271687501986022539e+00
2.740497284938554046e+01,3.695537052196281369e+00
2.742497856530437517e+01,4.157139319725324356e+00
2.744498428122320632e+01,4.043646024832746377e+00
2.746498999714204103e+01,3.288535189050316276e+00
2.748499571306087574e+01,3.224700267462909498e+00
2.750500142897971045e+01,3.524317959171194836e+00
2.752500714489854516e+01,3.651672453589291933e+00
2.754501286081737632e+01,3.793458918740188146e+00
2.756501857673621103e+01,2.886906343813303799e+00
2.758502429265504574e+01,3.533957742506068200e+00
2.760503000857388045e+01,3.189132662329861923e+00
2.762503572449271161e+01,3.431468709314597909e+00
2.764504144041154632e+01,3.073781958263507086e+00
2.766504715633038103e+01,3.210895905132149508e+00
2.768505287224921574e+01,3.310185407525494838e+00
2.770505858816805045e+01,2.717954341794103446e+00
2.772506430408688161e+01,3.502992508804761762e+00
2.774507002000571632e+01,2.261843652547400829e+00
2.776507573592455103e+01,3.156882120389842061e+00
2.778508145184338574e+01,3.140702997809122543e+00
2.780508716776222045e+01,3.447635138776748320e+00
2.782509288368105160e+01,1.982177077704988744e+00
2.784509859959988631e+01,2.520322198639095124e+00
2.786510431551872102e+01,2.546604720307892755e+00
2.788511003143755573e+01,2.343392345533469090e+00
2.790511574735638689e+01,2.366114706325912032e+00
2.792512146327522160e+01,2.631224751552436736e+00
2.794512717919405631e+01,2.126327503882912140e+00
2.796513289511289102e+01,1.716651576643368315e+00
2.798513861103172573e+01,1.769517454742459250e+00
2.800514432695055689e+01,2.682978799792428148e+00
2.802515004286939160e+01,1.688728796662880782e+00
2.804515575878822631e+01,2.487660658369005517e+00
2.806516147470706102e+01,2.132402442998295733e+00
2.808516719062589573e+01,2.370794937212662656e+00
2.810517290654472689e+01,2.198763561776853948e+00
2.812517862246356160e+01,2.065787663389307749e+00
2.814518433838239631e+01,2.453445064720802371e+00
2.816519005430123102e+01,2.166866440099420643e+00
2.818519577022006217e+01,2.383276299678925625e+00
2.820520148613889688e+01,2.212144959471002537e+00
2.822520720205773159e+01,2.490196057103988281e+00
2.824521291797656630e+01,2.408530142381432260e+00
2.826521863389540101e+01,2.507786683219778823e+00
2.828522434981423217e+01,2.201146793683301794e+00
2.830523006573306688e+01,2.273349162010058322e+00
2.832523578165190159e+01,2.338065073217672207e+00
2.834524149757073630e+01,3.034525797461583796e+00
2.836524721348957101e+01,2.043124803667166756e+00
2.838525292940840217e+01,2.732517615351983231e+00
2.840525864532723688e+01,1.912405666860977016e+00
2.842526436124607159e+01,2.154452906545891278e+00
2.844527007716490630e+01,2.243032072266950117e+00
2.846527579308374101e+01,2.886226681597483967e+00
2.848528150900257216e+01,1.903821525629183498e+00
2.850528722492140687e+01,2.385302726781007188e+00
2.852529294084024158e+01,3.269397664702182738e+00
2.854529865675907629e+01,2.994993939869226907e+00
2.856530437267790745e+01,2.034581360897133706e+00
2.858531008859674216e+01,2.315777372295220182e+00
2.860531580451557687e+01,2.254234891074630376e+00
2.862532152043441158e+01,2.680756703068133628e+00
2.864532723635324629e+01,2.595481967781141819e+00
2.866533295227207745e+01,2.124463453816301861e+00
2.868533866819091216e+01,2.224658889628588376e+00
2.870534438410974687e+01,2.268340815519574782e+00
2.872535010002858158e+01,3.016033346404812576e+00
2.874535581594741629e+01,2.218744561412628435e+00
2.876536153186624745e+01,3.782415709267218595e+00
2.878536724778508216e+01,3.361364939634253979e+00
2.880537296370391687e+01,3.866132344342575244e+00
2.882537867962275158e+01,3.618756393600554233e+00
2.884538439554158273e+01,4.068431171709917749e+00
2.886539011146041744e+01,3.584348769723322281e+00
2.888539582737925215e+01,3.880115303671945348e+00
2.890540154329808686e+01,3.851118971742315988e+00
2.892540725921692157e+01,3.798825764409464512e+00
2.894541297513575273e+01,4.739236782169752971e+00
2.896541869105458744e+01,3.742250307631665773e+00
2.898542440697342215e+01,4.353211180818174597e+00
2.900543012289225686e+01,4.318731498319309026e+00
2.902543583881109157e+01,4.633699450428626854e+00
2.904544155472992273e+01,4.870585673352996636e+00
2.906544727064875744e+01,4.483314019881920132e+00
2.908545298656759215e+01,4.765340170144660270e+00
2.910545870248642686e+01,5.459071056458020266e+00
2.912546441840525802e+01,5.658672926482915422e+00
2.914547013432409273e+01,6.175457449210975724e+00
2.916547585024292744e+01,7.132092047930257195e+00
2.918548156616176215e+01,7.368664465878944192e+00
2.920548728208059686e+01,6.669155923738805392e+00
2.922549299799942801e+01,7.438100087329488908e+00
2.924549871391826272e+01,7.798466764271767993e+00
2.926550442983709743e+01,8.531164945644654551e+00
2.928551014575593214e+01,9.244636666252525004e+00
2.930551586167476685e+01,9.686088729105545525e+00
2.932552157759359801e+01,9.599587316465715503e+00
2.934552729351243272e+01,1.043943877608823456e+01
2.936553300943126743e+01,1.167749540412096998e+01
2.938553872535010214e+01,1.227417287420752068e+01
2.940554444126893330e+01,1.252548137953372454e+01
2.942555015718776801e+01,1.336179293950265290e+01
2.944555587310660272e+01,1.450280009185325270e+01
2.946556158902543743e+01,1.527822220243248807e+01
2.948556730494427214e+01,1.547466221039851675e+01
2.950557302086310330e+01,1.634453372449778996e+01
2.952557873678193801e+01,1.728033082713702129e+01
2.954558445270077272e+01,1.789996662445143016e+01
2.956559016861960743e+01,1.931862815974481151e+01
2.958559588453844214e+01,2.065704518276545798e+01
2.960560160045727329e+01,2.026214242871694893e+01
2.962560731637610800e+01,2.117794902315021943e+01
2.964561303229494271e+01,2.205237603505916866e+01
2.966561874821377742e+01,2.275372264994321014e+01
2.968562446413261213e+01,2.288333901837848572e+01
2.970563018005144329e+01,2.263236446770304156e+01
2.972563589597027800e+01,2.239960162815882327e+01
2.974564161188911271e+01,2.198937674088337246e+01
2.976564732780794742e+01,2.145882047307647511e+01
2.978565304372677858e+01,2.023873931327612041e+01
2.980565875964561329e+01,1.887404267205775454e+01
2.982566447556444800e+01,1.823407724470848734e+01
2.984567019148328271e+01,1.742959961491262888e+01
2.986567590740211742e+01,1.482507273325822794e+01
2.988568162332094857e+01,1.400474184113388176e+01
2.990568733923978328e+01,1.233946707273976529e+01
2.992569305515861799e+01,1.197375539003968825e+01
2.994569877107745270e+01,9.931589198968424625e+00
2.996570448699628741e+01,9.238616022302544195e+00
2.998571020291511857e+01,8.518869593716047461e+00
3.000571591883395328e+01,6.885797954195034265e+00
3.002572163475278799e+01,5.034866051123390029e+00
3.004572735067162270e+01,6.036284313918185873e+00
3.006573306659045386e+01,3.736015358193987890e+00
3.008573878250928857e+01,3.866801543594050372e+00
3.010574449842812328e+01,3.621545784227568010e+00
3.012575021434695799e+01,3.858921236186329207e+00
3.014575593026579270e+01,3.225305229035613230e+00
3.016576164618462386e+01,3.006437252997480325e+00
3.018576736210345857e+01,3.137802050253189812e+00
3.020577307802229328e+01,2.623799348067675119e+00
3.022577879394112799e+01,2.239023687017542841e+00
3.024578450985996270e+01,1.977412081953239475e+00
3.026579022577879385e+01,2.708538678483022100e+00
3.028579594169762856e+01,2.222005470655640025e+00
3.030580165761646327e+01,3.063167141203294364e+00
3.032580737353529798e+01,3.122704699765073144e+00
3.034581308945412914e+01,2.650448400105755109e+00
3.036581880537296385e+01,2.947686023924468213e+00
3.038582452129179856e+01,2.531618929248870664e+00
3.040583023721063327e+01,2.282209990204712824e+00
3.042583595312946798e+01,2.788621570297472374e+00
3.044584166904829914e+01,1.608525988912815841e+00
3.046584738496713385e+01,1.944329261634752948e+00
3.048585310088596856e+01,3.039192615319114665e+00
3.050585881680480327e+01,2.116623471124824629e+00
3.052586453272363798e+01,3.230342228136947380e+00
3.054587024864246914e+01,2.666163032688722012e+00
3.056587596456130385e+01,2.516899723772639597e+00
3.058588168048013856e+01,2.751989931250999000e+00
3.060588739639897327e+01,2.174133685655137427e+00
3.062589311231780798e+01,3.629723944787457413e+00
3.064589882823663913e+01,3.741095602869545900e+00
3.066590454415547384e+01,3.479289918071136967e+00
3.068591026007430855e+01,3.421615944418251232e+00
3.070591597599314326e+01,2.802499696352941605e+00
3.072592169191197442e+01,3.262190259969314443e+00
3.074592740783080913e+01,3.842296217328432739e+00
3.076593312374964384e+01,3.317543866204427871e+00
3.078593883966847855e+01,3.798218654720398213e+00
3.080594455558731326e+01,4.381560718501331664e+00
3.082595027150614442e+01,4.320445533092578394e+00
3.084595598742497913e+01,5.020946597358117991e+00
3.086596170334381384e+01,4.495917504412492605e+00
3.088596741926264855e+01,5.714380707470323451e+00
3.090597313518148326e+01,5.874402941231937625e+00
3.092597885110031442e+01,5.933133123918164387e+00
3.094598456701914913e+01,6.093724733837079910e+00
3.096599028293798384e+01,6.174119037651720987e+00
3.098599599885681855e+01,6.165707991086517126e+00
3.100600171477564970e+01,7.067792281562309320e+00
3.102600743069448441e+01,7.378418656646615226e+00
3.104601314661331912e+01,8.515749703934694992e+00
3.106601886253215383e+01,8.844977184828762162e+00
3.108602457845098854e+01,9.833751604269487245e+00
3.110603029436981970e+01,1.039829572625158605e+01
3.112603601028865441e+01,9.803730062510453536e+00
3.114604172620748912e+01,1.103759324498934369e+01
3.116604744212632383e+01,1.152051602541295594e+01
3.118605315804515854e+01,1.322973748688529128e+01
3.120605887396398970e+01,1.311621008756918449e+01
3.122606458988282441e+01,1.401989435526947325e+01
3.124607030580165912e+01,1.536263995538249638e+01
3.126607602172049383e+01,1.524717538250218141e+01
3.128608173763932498e+01,1.636798676846339262e+01
3.130608745355815969e+01,1.713417823443055710e+01
3.132609316947699440e+01,1.752336802012734296e+01
3.134609888539582911e+01,1.827418601379821794e+01
3.136610460131466382e+01,1.964008939801167486e+01
3.138611031723349498e+01,1.891825973308877806e+01
3.140611603315232969e+01,1.985499286763606364e+01
3.142612174907116440e+01,1.939694846240804438e+01
3.144612746498999911e+01,1.995092024714131540e+01
3.146613318090883382e+01,1.994868167105351731e+01
3.148613889682766498e+01,1.920028032572959731e+01
3.150614461274649969e+01,1.926452571750839127e+01
3.152615032866533440e+01,1.846444227268278482e+01
3.154615604458416911e+01,1.735631259939914628e+01
3.156616176050300382e+01,1.643005399380212950e+01
3.158616747642183498e+01,1.636670408245217345e+01
3.160617319234066969e+01,1.488583592156781243e+01
3.162617890825950440e+01,1.396155353597361959e+01
3.164618462417833911e+01,1.339104160253478426e+01
3.166619034009717026e+01,1.273097104207307417e+01
3.168619605601600497e+01,1.222362495737053578e+01
3.170620177193483968e+01,1.156064018095061563e+01
3.172620748785367439e+01,1.038891591671971959e+01
3.174621320377250910e+01,9.491418528653618125e+00
3.176621891969134026e+01,8.526201710730965999e+00
3.178622463561017497e+01,9.054636283317723411e+00
3.180623035152900968e+01,7.894504233869380272e+00
3.182623606744784439e+01,7.097740333427959847e+00
3.184624178336667910e+01,7.056553497241955242e+00
3.186624749928551026e+01,6.535452653111992305e+00
3.188625321520434497e+01,5.840130480529472479e+00
3.190625893112317968e+01,5.999052157605857971e+00
3.192626464704201439e+01,4.331190528448727761e+00
3.194627036296084555e+01,4.222818587069679275e+00
3.196627607887968026e+01,3.872951341770441314e+00
3.198628179479851497e+01,3.535342884245438633e+00
3.200628751071734968e+01,3.614765135909395966e+00
3.202629322663618439e+01,3.676389526733329305e+00
3.204629894255501199e+01,3.304683007302526399e+00
3.206630465847385381e+01,3.917614187669701487e+00
3.208631037439268141e+01,3.215586933080464060e+00
3.210631609031152323e+01,3.350949310882972210e+00
3.212632180623035083e+01,2.783219778351741169e+00
3.214632752214918554e+01,2.958259495147814278e+00
3.216633323806802025e+01,2.631797426283172925e+00
3.218633895398685496e+01,2.119747477943663583e+00
3.220634466990568967e+01,3.312560705788017756e+00
3.222635038582451728e+01,2.583538093455658213e+00
3.224635610174335909e+01,3.327933311183331799e+00
3.226636181766218670e+01,2.993187320021587716e+00
3.228636753358102851e+01,2.043514497434262722e+00
3.230637324949985612e+01,2.124124241575673810e+00
3.232637896541869083e+01,3.261552460928917263e+00
3.234638468133752554e+01,2.233594048153713985e+00
3.236639039725636025e+01,1.826613049759781005e+00
3.238639611317519496e+01,2.910629010625267910e+00
3.240640182909402967e+01,1.496682583179353987e+00
3.242640754501286438e+01,2.275891247432734410e+00
3.244641326093169198e+01,2.215466253171127775e+00
3.246641897685053380e+01,2.078672306809971726e+00
3.248642469276936140e+01,2.456554330036372580e+00
3.250643040868819611e+01,1.792218454114063331e+00
3.252643612460703082e+01,2.420236485281897387e+00
3.254644184052586553e+01,1.755155518837180573e+00
3.256644755644470024e+01,1.960516803579483769e+00
3.258645327236353495e+01,2.335680998922908813e+00
3.260645898828236966e+01,2.351596867701927440e+00
3.262646470420119726e+01,1.999022641063528782e+00
3.264647042012003908e+01,2.351440738141693299e+00
3.266647613603886668e+01,2.121748557778064370e+00
3.268648185195770850e+01,2.457619881048993982e+00
3.270648756787653610e+01,1.787654847501741751e+00
3.272649328379537081e+01,2.741874570973912739e+00
3.274649899971420552e+01,1.989946395087096143e+00
3.276650471563304023e+01,2.075496035080735879e+00
3.278651043155187494e+01,2.104207790392008892e+00
3.280651614747070255e+01,2.248599015849763738e+00
3.282652186338954436e+01,2.283207639553215706e+00
3.284652757930837197e+01,1.736414422735398810e+00
3.286653329522721378e+01,3.144962350237322291e+00
3.288653901114604139e+01,1.909586534305320660e+00
3.290654472706487610e+01,2.464363833931690451e+00
3.292655044298371081e+01,3.032364217581795973e+00
3.294655615890254552e+01,2.691269507146202500e+00
3.296656187482138023e+01,2.573721651392750331e+00
3.298656759074020783e+01,2.107147627235970599e+00
3.300657330665904965e+01,2.629328000263183807e+00
3.302657902257787725e+01,2.978963100630592109e+00
3.304658473849671907e+01,3.336906875262981576e+00
3.306659045441554667e+01,2.820821016132675219e+00
3.308659617033438138e+01,3.240229758273228011e+00
3.310660188625321609e+01,3.468958570807387787e+00
3.312660760217205080e+01,3.413843540925242337e+00
3.314661331809088551e+01,2.687694979109132465e+00
3.316661903400971312e+01,3.074204496013511978e+00
3.318662474992855493e+01,4.371856008794294368e+00
3.320663046584738254e+01,3.422538384816442569e+00
3.322663618176622435e+01,4.285132744793532567e+00
3.324664189768505196e+01,4.492820094089702287e+00
3.326664761360388667e+01,3.665738193192827676e+00
3.328665332952272138e+01,4.419260428836029320e+00
3.330665904544155609e+01,5.143435367459048280e+00
3.332666476136039080e+01,5.433739123385513459e+00
3.334667047727922551e+01,5.578341861098932597e+00
3.336667619319806022e+01,6.965147308945867977e+00
3.338668190911688782e+01,6.358920568771674553e+00
3.340668762503572964e+01,8.124793544864527206e+00
3.342669334095455724e+01,8.083543545216540949e+00
3.344669905687339195e+01,9.177073947834792023e+00
3.346670477279222666e+01,1.014447250007488321e+01
3.348671048871106137e+01,1.090749861245175723e+01
3.350671620462989608e+01,1.190366047161314000e+01
3.352672192054873079e+01,1.206649425676859622e+01
3.354672763646756550e+01,1.349936671618900874e+01
3.356673335238639311e+01,1.488691802968907218e+01
3.358673906830523492e+01,1.665354988317857377e+01
3.360674478422406253e+01,1.731879114411379916e+01
3.362675050014290434e+01,1.839390851362342971e+01
3.364675621606173195e+01,1.963015673228762026e+01
3.366676193198056666e+01,2.167584701084605925e+01
3.368676764789940137e+01,2.323505057854032074e+01
3.370677336381823608e+01,2.356764872674047595e+01
3.372677907973707079e+01,2.520344271350419163e+01
3.374678479565589839e+01,2.686208375955167682e+01
3.376679051157474021e+01,2.934157271501428355e+01
3.378679622749356781e+01,3.059882961868984808e+01
3.380680194341240963e+01,3.287541488880891194e+01
3.382680765933123723e+01,3.471587038242874712e+01
3.384681337525007194e+01,3.639093842403497803e+01
3.386681909116890665e+01,3.915494802352363735e+01
3.388682480708774136e+01,4.095660977181570672e+01
3.390683052300657607e+01,4.294005794442039559e+01
3.392683623892540368e+01,4.561048073257529722e+01
3.394684195484424549e+01,4.743603429307172803e+01
3.396684767076307310e+01,4.877952900364851985e+01
3.398685338668191491e+01,4.979675742156872786e+01
3.400685910260074252e+01,5.208267611923537288e+01
3.402686481851957723e+01,5.239493124888915787e+01
3.404687053443841194e+01,5.294531770515309432e+01
3.406687625035724665e+01,5.350909156915493270e+01
3.408688196627608136e+01,5.294000593188241766e+01
3.410688768219490896e+01,5.135860548022789374e+01
3.412689339811375078e+01,4.993896290607734301e+01
3.414689911403257838e+01,4.871639341161035475e+01
3.416690482995142020e+01,4.652196535169996139e+01
3.418691054587024780e+01,4.613934808936949850e+01
3.420691626178908251e+01,4.415025725904448706e+01
3.422692197770791722e+01,4.347562739491741013e+01
3.424692769362675193e+01,4.137486447383395216e+01
3.426693340954558664e+01,4.098603019500424693e+01
3.428693912546442135e+01,4.126376583227784067e+01
3.430694484138325606e+01,4.087468488069301742e+01
3.432695055730208367e+01,4.135739825489127242e+01
3.434695627322092548e+01,4.290651452443054126e+01
3.436696198913975309e+01,4.366878784180131134e+01
3.438696770505858780e+01,4.542328185011413666e+01
3.440697342097742251e+01,4.647630302869026764e+01
3.442697913689625722e+01,4.879740733830704613e+01
3.444698485281509193e+01,5.087555292432123366e+01
3.446699056873392664e+01,5.186960701822128783e+01
3.448699628465276135e+01,5.246705930412681340e+01
3.450700200057158895e+01,5.426303736410726231e+01
3.452700771649043077e+01,5.472626347987113604e+01
3.454701343240925837e+01,5.616920214228935038e+01
3.456701914832810019e+01,5.592989652391069910e+01
3.458702486424692779e+01,5.752744130105347153e+01
3.460703058016576250e+01,5.883916413500062248e+01
3.462703629608459721e+01,5.814898969138616280e+01
3.464704201200343192e+01,5.818392783003257307e+01
3.466704772792226663e+01,5.950057733046347153e+01
3.468705344384109424e+01,5.890931899296941765e+01
3.470705915975993605e+01,5.937881943317285049e+01
3.472706487567876366e+01,5.986961906417693768e+01
3.474707059159760547e+01,5.913968245228055309e+01
3.476707630751643308e+01,5.893613428736349391e+01
3.478708202343526779e+01,5.701067151843347602e+01
3.480708773935410250e+01,5.595225011650522617e+01
3.482709345527293721e+01,5.272505806967912889e+01
3.484709917119177192e+01,5.035048081491896710e+01
3.486710488711059952e+01,4.714180551464654201e+01
3.488711060302944134e+01,4.340113420293447177e+01
3.490711631894826894e+01,3.957183532652689451e+01
3.492712203486711076e+01,3.532006878060760613e+01
3.494712775078593836e+01,3.051501333231860968e+01
3.496713346670477307e+01,2.712605000694923518e+01
3.498713918262360778e+01,2.338395875446508398e+01
3.500714489854244249e+01,2.042500382369302514e+01
3.502715061446127720e+01,1.734049213557121760e+01
3.504715633038010481e+01,1.435059670647460806e+01
3.506716204629894662e+01,1.339610869885327737e+01
3.508716776221777423e+01,1.072032356719699564e+01
3.510717347813661604e+01,9.130663421577024152e+00
3.512717919405544365e+01,8.997848737923124673e+00
3.514718490997427836e+01,8.507980328456572039e+00
3.516719062589311307e+01,6.850544979817545510e+00
3.518719634181194778e+01,7.074592559403114933e+00
3.520720205773078249e+01,6.769690033942132423e+00
3.522720777364961720e+01,6.583509807475225628e+00
3.524721348956845191e+01,5.738817368716388145e+00
3.526721920548727951e+01,5.699711688521520436e+00
3.528722492140612133e+01,5.959676918756666275e+00
3.530723063732494893e+01,5.284577421662156382e+00
3.532723635324378364e+01,5.500435291962951112e+00
3.534724206916261835e+01,5.708825658891322874e+00
3.536724778508145306e+01,5.912308339851326089e+00
3.538725350100028777e+01,4.837148076641913264e+00
3.540725921691912248e+01,5.135871246713269223e+00
3.542726493283795719e+01,3.818411645188952264e+00
3.544727064875678479e+01,4.027765935981469703e+00
3.546727636467562661e+01,4.221500286539064284e+00
3.548728208059445421e+01,4.807733270481844734e+00
3.550728779651329603e+01,3.857771363807758647e+00
3.552729351243212363e+01,4.283695366423879491e+00
3.554729922835095834e+01,3.449520445894442844e+00
3.556730494426979305e+01,3.629635487578386943e+00
3.558731066018862776e+01,3.632419680098399439e+00
3.560731637610746247e+01,3.402672723134396282e+00
3.562732209202629008e+01,4.065321709364063452e+00
3.564732780794513189e+01,3.059396286706689061e+00
3.566733352386395950e+01,2.727567953021368563e+00
3.568733923978280131e+01,3.256390737842904226e+00
3.570734495570162892e+01,3.241177527483365406e+00
3.572735067162046363e+01,3.061688917645382979e+00
3.574735638753929834e+01,2.923040779572503300e+00
3.576736210345813305e+01,2.818754255212285731e+00
3.578736781937696776e+01,2.379095582013972532e+00
3.580737353529579536e+01,2.361039205031677746e+00
3.582737925121463718e+01,3.088363940789347506e+00
3.584738496713346478e+01,2.429029314997002142e+00
3.586739068305230660e+01,3.039558954889028719e+00
3.588739639897113420e+01,2.393391757090082894e+00
3.590740211488996891e+01,1.910349960673288994e+00
3.592740783080880362e+01,2.997703568902270632e+00
3.594741354672763833e+01,2.378589392018929161e+00
3.596741926264647304e+01,2.589247776892711350e+00
3.598742497856530065e+01,1.931535417653313047e+00
3.600743069448414246e+01,2.152797095407627204e+00
3.602743641040297007e+01,1.772983601203414805e+00
3.604744212632181188e+01,2.527522206528759696e+00
3.606744784224063949e+01,2.566503381667738726e+00
3.608745355815947420e+01,2.616370032774872456e+00
3.610745927407830891e+01,2.686837739794475155e+00
3.612746498999714362e+01,2.539797480399716090e+00
3.614747070591597833e+01,2.180189438191635354e+00
3.616747642183481304e+01,3.000417887662438776e+00
3.618748213775364775e+01,2.500327262596897526e+00
3.620748785367247535e+01,2.950119765518179893e+00
3.622749356959131717e+01,3.234172966100643976e+00
3.624749928551014477e+01,3.729464523802951348e+00
3.626750500142897948e+01,4.038312395341586480e+00
3.628751071734781419e+01,3.675342460050636362e+00
3.630751643326664890e+01,3.330843124204871941e+00
3.632752214918548361e+01,3.682844926901826632e+00
3.634752786510431832e+01,4.612037372398126500e+00
3.636753358102315303e+01,4.312350705734716350e+00
3.638753929694198064e+01,4.713620191874516863e+00
3.640754501286082245e+01,4.517828660987772693e+00
3.642755072877965006e+01,5.229798025557149899e+00
3.644755644469849187e+01,5.978433733132353822e+00
3.646756216061731948e+01,6.367268039549871972e+00
3.648756787653615419e+01,5.933462867679976327e+00
3.650757359245498890e+01,6.716745552629426186e+00
3.652757930837382361e+01,7.232181490988399020e+00
3.654758502429265832e+01,6.790617469535853878e+00
3.656759074021148592e+01,7.667714222005322711e+00
3.658759645613032774e+01,7.330641285068596247e+00
3.660760217204915534e+01,7.718050395035199074e+00
3.662760788796799716e+01,8.399384984941091759e+00
3.664761360388682476e+01,7.778401979931292232e+00
3.666761931980565947e+01,7.521076162088125017e+00
3.668762503572449418e+01,7.311247567962016802e+00
3.670763075164332889e+01,7.629843483177210395e+00
3.672763646756216360e+01,6.735994281299766406e+00
3.674764218348099121e+01,6.725971531227660449e+00
3.676764789939983302e+01,7.087635206020490131e+00
3.678765361531866063e+01,5.598081471915984153e+00
3.680765933123750244e+01,5.816667689541189290e+00
3.682766504715633005e+01,4.848080676436627101e+00
3.684767076307516476e+01,5.099899363760304283e+00
3.686767647899399947e+01,3.683079671410218303e+00
3.688768219491283418e+01,4.169016593319231134e+00
3.690768791083166889e+01,4.073171431860169278e+00
3.692769362675049649e+01,3.270516324858550483e+00
3.694769934266933831e+01,3.244921854621496848e+00
3.696770505858816591e+01,3.192756401862492321e+00
3.698771077450700773e+01,2.625319347571662298e+00
3.700771649042583533e+01,2.375245376752856963e+00
3.702772220634467004e+01,2.562218260858272423e+00
3.704772792226350475e+01,2.066774838134346037e+00
3.706773363818233946e+01,2.095561104056574475e+00
3.708773935410117417e+01,1.418142026502148934e+00
3.710774507002000888e+01,1.934616621005777581e+00
3.712775078593884359e+01,1.467305678034957372e+00
3.714775650185767120e+01,1.874203196056931420e+00
3.716776221777651301e+01,2.112552019605205444e+00
3.718776793369534062e+01,9.945603164249670058e-01
3.720777364961417533e+01,2.460530832413868829e+00
3.722777936553301004e+01,1.781632563683076542e+00
3.724778508145184475e+01,1.802605485468316004e+00
3.726779079737067946e+01,1.654246769940632689e+00
3.728779651328951417e+01,1.905042220860588165e+00
3.730780222920834888e+01,1.428931856152676261e+00
3.732780794512717648e+01,1.538995354098876112e+00
3.734781366104601830e+01,1.518349979572086283e+00
3.736781937696484590e+01,1.516926217124835663e+00
3.738782509288368772e+01,1.546630128879975974e+00
3.740783080880251532e+01,2.127554531647870117e+00
3.742783652472135003e+01,1.667696003163213536e+00
3.744784224064018474e+01,1.979135018868277918e+00
3.746784795655901945e+01,1.762990556171083245e+00
3.748785367247785416e+01,1.180017070981644212e+00
3.750785938839668177e+01,2.185884995819537213e+00
3.752786510431552358e+01,2.178386839211764681e+00
3.754787082023435119e+01,8.930558206750851546e-01
3.756787653615319300e+01,1.000460500498472349e+00
3.758788225207202061e+01,1.556478107491137797e+00
3.760788796799085532e+01,1.357534103861666841e+00
3.762789368390969003e+01,1.265597168772719439e+00
3.764789939982852474e+01,1.269890249869462195e+00
3.766790511574735945e+01,9.872671449402989907e-01
3.768791083166618705e+01,1.187173062649902633e+00
3.770791654758502887e+01,1.588070914786289034e+00
3.772792226350385647e+01,1.814560194374888358e+00
3.774792797942269829e+01,1.185853538290621012e+00
3.776793369534152589e+01,1.901020881150806918e+00
3.778793941126036060e+01,1.987513717067096453e+00
3.780794512717919531e+01,1.098196020466627898e+00
3.782795084309803002e+01,1.123085704536138874e+00
3.784795655901686473e+01,1.585265315659116991e+00
3.786796227493569234e+01,1.446212993055309592e+00
3.788796799085453415e+01,1.729105454160392297e+00
3.790797370677336176e+01,8.811415486566844812e-01
3.792797942269220357e+01,1.783260841109285177e+00
3.794798513861103118e+01,1.703035032093762613e+00
3.796799085452986589e+01,1.464558041079699446e+00
3.798799657044870060e+01,5.762269600813361148e-01
3.800800228636753531e+01,1.755149284378312080e+00
3.802800800228637002e+01,1.686029269139193154e+00
3.804801371820520473e+01,1.219027724538730428e+00
3.806801943412403944e+01,1.546233664655767281e+00
3.808802515004286704e+01,2.107812413547242247e+00
3.810803086596170886e+01,1.158801779943798405e+00
3.812803658188053646e+01,1.213407259494629464e+00
3.814804229779937117e+01,1.095138808635465866e+00
3.816804801371820588e+01,1.919160992683392575e+00
3.818805372963704059e+01,2.002610718415196889e+00
3.820805944555587530e+01,1.202358593201038772e+00
3.822806516147471001e+01,1.298686490409461936e+00
3.824807087739354472e+01,1.580700782025132423e+00
3.826807659331237232e+01,1.800386204417815827e+00
3.828808230923121414e+01,1.727044773669964339e+00
3.830808802515004174e+01,1.051213532984579757e+00
3.832809374106888356e+01,6.298465486649182932e-01
3.834809945698771116e+01,2.170589618909727569e+00
3.836810517290654587e+01,1.364461519575383530e+00
3.838811088882538058e+01,1.642730993457268251e+00
3.840811660474421529e+01,1.906908968073737221e+00
3.842812232066305000e+01,2.354957597648727585e+00
3.844812803658187761e+01,1.071569936181285598e+00
3.846813375250071942e+01,1.155612058129351194e+00
3.848813946841954703e+01,1.531681365268349193e+00
3.850814518433838884e+01,1.160065802615247055e+00
3.852815090025721645e+01,1.102978785962672958e+00
3.854815661617605116e+01,9.081846571826626136e-01
3.856816233209488587e+01,1.731119718143647068e+00
3.858816804801372058e+01,2.226655245483883494e+00
3.860817376393255529e+01,1.214272438306429613e+00
3.862817947985138289e+01,1.528205067509572190e+00
3.864818519577022471e+01,1.277253782845015229e+00
3.866819091168905231e+01,1.699839854661541860e+00
3.868819662760789413e+01,1.834199115812352510e+00
3.870820234352672173e+01,1.608070629446850752e+00
3.872820805944555644e+01,1.803095001020264210e+00
3.874821377536439115e+01,7.739775573150214916e-01
3.876821949128322586e+01,2.289231895429654440e+00
3.878822520720206057e+01,1.652263022006977389e+00
3.880823092312088818e+01,2.121370921954618183e+00
3.882823663903972999e+01,1.766117399882716432e+00
3.884824235495855760e+01,2.466153414828579304e+00
3.886824807087739941e+01,1.900912456691783436e+00
3.888825378679622702e+01,2.242794835499217321e+00
3.890825950271506173e+01,2.304239019330887484e+00
3.892826521863389644e+01,1.601760646431720225e+00
3.894827093455273115e+01,1.393563529902137166e+00
3.896827665047156586e+01,1.243542725771298540e+00
3.898828236639040057e+01,2.087825448813708462e+00
3.900828808230923528e+01,2.170411424525243049e+00
3.902829379822806288e+01,1.908762369317559937e+00
3.904829951414690470e+01,1.452835757540279493e+00
3.906830523006573230e+01,1.540641770246340414e+00
3.908831094598456701e+01,2.360458987770942763e+00
3.910831666190340172e+01,2.454513651178654055e+00
3.912832237782223643e+01,1.268761410232216225e+00
3.914832809374107114e+01,1.035757921745899202e+00
3.916833380965990585e+01,1.812635648029695901e+00
3.918833952557874056e+01,1.783180381416803684e+00
3.920834524149756817e+01,1.326797201573000740e+00
3.922835095741640998e+01,1.715014456631895445e+00
3.924835667333523759e+01,1.521646585210159497e+00
3.926836238925407940e+01,1.194133223805185384e+00
3.928836810517290701e+01,1.990770214532065818e+00
3.930837382109174172e+01,2.183412416129780098e+00
3.932837953701057643e+01,2.123236794344535383e+00
3.934838525292941114e+01,1.201257977863585680e+00
3.936839096884824585e+01,1.242359003000326645e+00
3.938839668476707345e+01,1.761887914354122397e+00
3.940840240068591527e+01,1.565969398925189715e+00
3.942840811660474287e+01,2.066929729568871998e+00
3.944841383252358469e+01,1.897590621615126816e+00
3.946841954844241229e+01,2.087010582957657956e+00
3.948842526436124700e+01,1.779970317600295893e+00
3.950843098028008171e+01,2.314635624624830967e+00
3.952843669619891642e+01,1.351987127443622150e+00
3.954844241211775113e+01,1.597039665246479334e+00
3.956844812803657874e+01,2.619964155437802589e+00
3.958845384395542055e+01,2.275264648726664340e+00
3.960845955987424816e+01,1.841393181463809370e+00
3.962846527579308997e+01,1.238076634265798281e+00
3.964847099171191758e+01,2.997470005858228426e+00
3.966847670763075229e+01,2.610836743137602944e+00
3.968848242354958700e+01,2.998956917508234898e+00
3.970848813946842171e+01,2.488233265279073070e+00
3.972849385538725642e+01,3.671425231718993043e+00
3.974849957130608402e+01,3.498328999408744533e+00
3.976850528722492584e+01,3.043814351397164053e+00
3.978851100314375344e+01,3.012785789104635903e+00
3.980851671906259526e+01,4.722802616316949198e+00
3.982852243498142286e+01,4.282668895621151606e+00
3.984852815090025757e+01,3.081915246588240898e+00
3.986853386681909228e+01,3.504934154788950540e+00
3.988853958273792699e+01,4.343003536546797605e+00
3.990854529865676170e+01,5.592224420767461623e+00
3.992855101457559641e+01,3.917132335211516825e+00
3.994855673049443112e+01,4.493930720801815326e+00
3.996856244641325873e+01,6.518932461938739209e+00
3.998856816233210054e+01,6.779379315905355696e+00
4.000857387825092815e+01,4.286974258600076304e+00
4.002857959416976286e+01,4.442296719981611020e+00
4.004858531008859757e+01,7.157695270172625968e+00
4.006859102600743228e+01,6.649066194224178439e+00
4.008859674192626699e+01,3.110579750346452954e+00
4.010860245784510170e+01,6.125085152233959107e+00
4.012860817376393641e+01,7.261341639007121707e+00
4.014861388968276401e+01,6.325154592710005019e+00
4.016861960560160583e+01,3.377573521122565037e+00
4.018862532152043343e+01,5.019098575455871902e+00
4.020863103743927525e+01,5.608254994927888148e+00
4.022863675335810285e+01,5.680097378442942713e+00
4.024864246927693756e+01,3.073421854519415852e+00
4.026864818519577227e+01,4.889629131209304980e+00
4.028865390111460698e+01,4.938263114991937819e+00
4.030865961703344169e+01,5.312315688001304714e+00
4.032866533295226930e+01,4.181855988249677303e+00
4.034867104887111111e+01,5.229470348819469372e+00
4.036867676478993872e+01,5.146643065629596947e+00
4.038868248070878053e+01,4.646105507897541287e+00
4.040868819662760814e+01,4.860117589504366897e+00
4.042869391254644285e+01,5.779034457722085349e+00
4.044869962846527756e+01,5.301999435560388996e+00
4.046870534438411227e+01,5.423661226982908978e+00
4.048871106030294698e+01,4.590175360236559143e+00
4.050871677622177458e+01,5.344417530493377200e+00
4.052872249214061640e+01,5.739998066359101259e+00
4.054872820805944400e+01,5.639420769959296642e+00
4.056873392397828582e+01,4.350471306332318377e+00
4.058873963989711342e+01,4.234349276678555540e+00
4.060874535581594813e+01,4.574847838036243175e+00
4.062875107173478284e+01,4.351910212675151435e+00
4.064875678765361755e+01,4.814947448391897034e+00
4.066876250357245226e+01,4.119211122584300000e+00
4.068876821949127986e+01,4.252888712482824296e+00
4.070877393541012168e+01,4.142284867736636400e+00
4.072877965132894929e+01,4.249159799231096102e+00
4.074878536724779110e+01,4.143710428843863092e+00
4.076879108316661871e+01,3.967661322290576553e+00
4.078879679908545342e+01,3.857945461788487851e+00
4.080880251500428813e+01,3.712173169295349684e+00
4.082880823092312284e+01,4.179532811307339557e+00
4.084881394684195755e+01,3.722484927598024740e+00
4.086881966276079226e+01,4.738569645628669669e+00
4.088882537867962697e+01,5.215069673451210086e+00
4.090883109459845457e+01,4.482968237474840301e+00
4.092883681051729639e+01,4.474494865504508923e+00
4.094884252643612399e+01,4.515857412055795272e+00
4.096884824235495870e+01,5.076517005558513596e+00
4.098885395827379341e+01,5.442619005339652816e+00
4.100885967419262812e+01,5.768972287314809044e+00
4.102886539011146283e+01,5.858394225431995395e+00
4.104887110603029754e+01,5.357167303939292857e+00
4.106887682194913225e+01,5.653474443215753098e+00
4.108888253786795985e+01,6.131784992982132643e+00
4.110888825378680167e+01,5.150076137507165974e+00
4.112889396970562927e+01,5.873715721172371396e+00
4.114889968562447109e+01,6.042636125672633085e+00
4.116890540154329869e+01,6.095797683531092304e+00
4.118891111746213340e+01,5.961371079843009291e+00
4.120891683338096811e+01,5.687728551794160481e+00
4.122892254929980282e+01,6.261568331351436534e+00
4.124892826521863753e+01,6.311381625378443161e+00
4.126893398113746514e+01,6.106701947024588684e+00
4.128893969705630695e+01,5.839227832698053788e+00
4.130894541297513456e+01,6.187665986180682864e+00
4.132895112889397637e+01,6.154617441467379990e+00
4.134895684481280398e+01,6.622442927116931166e+00
4.136896256073163869e+01,6.141931698838213549e+00
4.138896827665047340e+01,6.289539067580066423e+00
4.140897399256930811e+01,6.382692116728415854e+00
4.142897970848814282e+01,7.639163803987178092e+00
4.144898542440697042e+01,7.931889520597625420e+00
4.146899114032581224e+01,7.676768433738789810e+00
4.148899685624463984e+01,7.915085116630394602e+00
4.150900257216348166e+01,6.763074100131539090e+00
4.152900828808230926e+01,7.214132987868460134e+00
4.154901400400114397e+01,6.420255696571021353e+00
4.156901971991997868e+01,7.041892607768912349e+00
4.158902543583881339e+01,6.970675789291272295e+00
4.160903115175764810e+01,7.254070974493532553e+00
4.162903686767647571e+01,7.270137923976584204e+00
4.164904258359531752e+01,7.252125004835360933e+00
4.166904829951414513e+01,7.987151240539131614e+00
4.168905401543298694e+01,7.481370531791515788e+00
4.170905973135181455e+01,8.114689765794892651e+00
4.172906544727064926e+01,7.418519937590116520e+00
4.174907116318948397e+01,8.255715504992462428e+00
4.176907687910831868e+01,7.074054868365181825e+00
4.178908259502715339e+01,7.158618971443980072e+00
4.180908831094598810e+01,7.387901312490183336e+00
4.182909402686482281e+01,6.886276990933982489e+00
4.184909974278365041e+01,6.779874107341832712e+00
4.186910545870249223e+01,6.049241520037600850e+00
4.188911117462131983e+01,6.047459006166926443e+00
4.190911689054015454e+01,5.473370989693744804e+00
4.192912260645898925e+01,4.921282209955553100e+00
4.194912832237782396e+01,5.255990694481156744e+00
4.196913403829665867e+01,4.679166803125516694e+00
4.198913975421549338e+01,4.849354351500752891e+00
4.200914547013432809e+01,4.127464935734383999e+00
4.202915118605316280e+01,4.062536150578170968e+00
4.204915690197199041e+01,4.010065131435074370e+00
4.206916261789082512e+01,4.003165179505725924e+00
4.208916833380965983e+01,3.952987115880903790e+00
4.210917404972849454e+01,2.587655551180762181e+00
4.212917976564732925e+01,3.379742588731325270e+00
4.214918548156616396e+01,3.051125864341292626e+00
4.216919119748499867e+01,3.588670932794419954e+00
4.218919691340383338e+01,3.462857510382542525e+00
4.220920262932266809e+01,3.791758003844138081e+00
4.222920834524150280e+01,4.889530327288246880e+00
4.224921406116033040e+01,4.973287876118160256e+00
4.226921977707916511e+01,5.195133306507317528e+00
4.228922549299799982e+01,5.358882136899689286e+00
4.230923120891683453e+01,6.859691089533577646e+00
4.232923692483566924e+01,7.296359373002616167e+00
4.234924264075450395e+01,7.629585839995777441e+00
4.236924835667333866e+01,8.680652561231422482e+00
4.238925407259217337e+01,1.028558343363154037e+01
4.240925978851100808e+01,1.028125433978973469e+01
4.242926550442983569e+01,1.143487689487538184e+01
4.244927122034867040e+01,1.291632216691161261e+01
4.246927693626750511e+01,1.387656126191919626e+01
4.248928265218633982e+01,1.557234952868085642e+01
4.250928836810517453e+01,1.626271965360350791e+01
4.252929408402400924e+01,1.869922497386767546e+01
4.254929979994284395e+01,2.054612519287240957e+01
4.256930551586167866e+01,2.134641159325476423e+01
4.258931123178051337e+01,2.403320324682871956e+01
4.260931694769934097e+01,2.379786715284846466e+01
4.262932266361817568e+01,2.525562426593201693e+01
4.264932837953701039e+01,2.720432768014682168e+01
4.266933409545584510e+01,2.755006610677119738e+01
4.268933981137467981e+01,2.903587959591140333e+01
4.270934552729351452e+01,2.791451221814493522e+01
4.272935124321234923e+01,2.825760575938832275e+01
4.274935695913118394e+01,2.731904296539325472e+01
4.276936267505001865e+01,2.611594631028592062e+01
4.278936839096885336e+01,2.490397051251624561e+01
4.280937410688768097e+01,2.338291713032882768e+01
4.282937982280651568e+01,2.186700690276349235e+01
4.284938553872535039e+01,1.993919355318990227e+01
4.286939125464418510e+01,1.772838563182667926e+01
4.288939697056301981e+01,1.554007079614979858e+01
4.290940268648185452e+01,1.348644394276770520e+01
4.292940840240068923e+01,1.245647744731713402e+01
4.294941411831952394e+01,1.007392722804911500e+01
4.296941983423835865e+01,9.274924695703683497e+00
4.298942555015718625e+01,6.757508759811287291e+00
4.300943126607602096e+01,7.074094581937677262e+00
4.302943698199485567e+01,6.074839011558423429e+00
4.304944269791369038e+01,5.573547779081066800e+00
4.306944841383252509e+01,4.622046334493067121e+00
4.308945412975135980e+01,3.634250582840599098e+00
4.310945984567019451e+01,3.066120323524642810e+00
4.312946556158902922e+01,2.393442150272345081e+00
4.314947127750786393e+01,2.996562419220631934e+00
4.316947699342669864e+01,3.014567272952189292e+00
4.318948270934552625e+01,2.509108573059888769e+00
4.320948842526436096e+01,2.172188942703016323e+00
4.322949414118319567e+01,2.161853222436894484e+00
4.324949985710203038e+01,2.143642763887303904e+00
4.326950557302086509e+01,1.829683965493368980e+00
4.328951128893969980e+01,1.857168149036070748e+00
4.330951700485853451e+01,1.905184844858010429e+00
4.332952272077736922e+01,2.457366593510271535e+00
4.334952843669620393e+01,2.947354129109473142e+00
4.336953415261503153e+01,1.788481769697292112e+00
4.338953986853386624e+01,3.158239726810880388e+00
4.340954558445270095e+01,2.657358982281104787e+00
4.342955130037153566e+01,3.095529242547585547e+00
4.344955701629037037e+01,2.647010782911004334e+00
4.346956273220920508e+01,3.600657982632269771e+00
4.348956844812803979e+01,2.993335626744284550e+00
4.350957416404687450e+01,2.475010342566259514e+00
4.352957987996570921e+01,3.580779272139853475e+00
4.354958559588453681e+01,3.214574552897172754e+00
4.356959131180337153e+01,3.533470150276506683e+00
4.358959702772220624e+01,3.211866688894658317e+00
4.360960274364104095e+01,4.243829585216012390e+00
4.362960845955987566e+01,3.667128418581512506e+00
4.364961417547871037e+01,3.702323090356216539e+00
4.366961989139754508e+01,4.147869521329693221e+00
4.368962560731637979e+01,4.892474070493654459e+00
4.370963132323521450e+01,5.092286864481733843e+00
4.372963703915404921e+01,5.127272372546064716e+00
4.374964275507287681e+01,5.268547864194585983e+00
4.376964847099171152e+01,5.275877251559434988e+00
4.378965418691054623e+01,5.067954183680909885e+00
4.380965990282938094e+01,4.769405384610409193e+00
4.382966561874821565e+01,5.225994784014989847e+00
4.384967133466705036e+01,5.008530969613816275e+00
4.386967705058588507e+01,5.193553946901424467e+00
4.388968276650471978e+01,4.499985168975512373e+00
4.390968848242355449e+01,3.527449784465862326e+00
4.392969419834238209e+01,4.122401515633676183e+00
4.394969991426121680e+01,3.999497167494939553e+00
4.396970563018005151e+01,3.004872721244422173e+00
4.398971134609888622e+01,3.293089794522846336e+00
4.400971706201772093e+01,3.574948076231583727e+00
4.402972277793655564e+01,3.127369825284620042e+00
4.404972849385539035e+01,2.671921599815717308e+00
4.406973420977422506e+01,2.539725580776720282e+00
4.408973992569305977e+01,2.510133728712332868e+00
4.410974564161189448e+01,2.280617291377175171e+00
4.412975135753072209e+01,2.661915030319184083e+00
4.414975707344955680e+01,1.858267281438474416e+00
4.416976278936839151e+01,2.995504583486870764e+00
4.418976850528722622e+01,2.416213380333959826e+00
4.420977422120606093e+01,2.166771436430125153e+00
4.422977993712489564e+01,2.797938259199988842e+00
4.424978565304373035e+01,1.974183823264327620e+00
4.426979136896256506e+01,2.318467236661912345e+00
4.428979708488139977e+01,2.905414987010336070e+00
4.430980280080022737e+01,2.940133504428201761e+00
4.432980851671906208e+01,4.060053083402173080e+00
4.434981423263789679e+01,4.060412874502249636e+00
4.436981994855673150e+01,4.234235678411335968e+00
4.438982566447556621e+01,4.779336008870949115e+00
4.440983138039440092e+01,4.984098545667639435e+00
4.442983709631323563e+01,5.894404443070624389e+00
4.444984281223207034e+01,5.929484474194629762e+00
4.446984852815090505e+01,6.394830687232236244e+00
4.448985424406973266e+01,6.751156059496909556e+00
4.450985995998856737e+01,8.206189762028047952e+00
4.452986567590740208e+01,8.275837975415894832e+00
4.454987139182623679e+01,9.103792164745907911e+00
4.456987710774507150e+01,1.013148501718707628e+01
4.458988282366390621e+01,1.130181264193002200e+01
4.460988853958274092e+01,1.176408729905211281e+01
4.462989425550157563e+01,1.256102900945480272e+01
4.464989997142041034e+01,1.323553727795080626e+01
4.466990568733924505e+01,1.384522084887303173e+01
4.468991140325807265e+01,1.438100338154743696e+01
4.470991711917690736e+01,1.439111130925645909e+01
4.472992283509574207e+01,1.549529264432336362e+01
4.474992855101457678e+01,1.446431938756863289e+01
4.476993426693341149e+01,1.405510980363044560e+01
4.478993998285224620e+01,1.424180470977994872e+01
4.480994569877108091e+01,1.355574138229398606e+01
4.482995141468991562e+01,1.273869064761044356e+01
4.484995713060875033e+01,1.208517733259502158e+01
4.486996284652757794e+01,1.164951051073941635e+01
4.488996856244641265e+01,1.031639612351819579e+01
4.490997427836524736e+01,1.046188273766265198e+01
4.492997999428408207e+01,8.085941698208673145e+00
4.494998571020291678e+01,7.720100967272447434e+00
4.496999142612175149e+01,7.670977815579849590e+00
4.498999714204058620e+01,6.643580918049266870e+00
4.501000285795942091e+01,6.947797668828725293e+00
4.503000857387825562e+01,5.690399737266148783e+00
4.505001428979709033e+01,4.909506141097680576e+00
4.507002000571591793e+01,4.555402876733961826e+00
4.509002572163475264e+01,4.331463610302718870e+00
4.511003143755358735e+01,4.387618712516898611e+00
4.513003715347242206e+01,3.484406490275520074e+00
4.515004286939125677e+01,2.900119807999203658e+00
4.517004858531009148e+01,2.939659274629154329e+00
4.519005430122892619e+01,2.383668072151029271e+00
4.521006001714776090e+01,3.338592935612837209e+00
4.523006573306659561e+01,1.917900656455517661e+00
4.525007144898542322e+01,2.487941801599975911e+00
4.527007716490425793e+01,1.781673540976301151e+00
4.529008288082309264e+01,1.285762024263858994e+00
4.531008859674192735e+01,1.879844147238946883e+00
4.533009431266076206e+01,1.167541591296165526e+00
4.535010002857959677e+01,1.179536204176702130e+00
4.537010574449843148e+01,1.340105977961854933e+00
4.539011146041726619e+01,1.329147673435929544e+00
4.541011717633610090e+01,1.737210770740903021e+00
4.543012289225492850e+01,2.353097264346554418e+00
4.545012860817376321e+01,2.453592987547684512e+00
4.547013432409259792e+01,1.923446282851702716e+00
4.549014004001143263e+01,1.483598459122217328e+00
4.551014575593026734e+01,1.981715352094659988e+00
4.553015147184910205e+01,1.963544677217839318e+00
4.555015718776793676e+01,1.647469592005956329e+00
4.557016290368677147e+01,1.370397332780071142e+00
4.559016861960560618e+01,1.640412125806519850e+00
4.561017433552444089e+01,2.791713052855445021e+00
4.563018005144326850e+01,2.164067316613884184e+00
4.565018576736210321e+01,2.880721467673641456e+00
4.567019148328093792e+01,2.509279637279850483e+00
4.569019719919977263e+01,2.610139607137496043e+00
4.571020291511860734e+01,3.895114231279502182e+00
4.573020863103744205e+01,3.726738710540551835e+00
4.575021434695627676e+01,4.020906240473612669e+00
4.577022006287511147e+01,4.574841589327114377e+00
4.579022577879394618e+01,5.444247317215002546e+00
4.581023149471277378e+01,6.050325092078301381e+00
4.583023721063160849e+01,6.266839749685796157e+00
4.585024292655044320e+01,6.852317464422251980e+00
4.587024864246927791e+01,7.373966870648604122e+00
4.589025435838811262e+01,8.411919341991699994e+00
4.591026007430694733e+01,9.036430044127756744e+00
4.593026579022578204e+01,1.047703746971319205e+01
4.595027150614461675e+01,1.059379592175373119e+01
4.597027722206345146e+01,1.137074647379864345e+01
4.599028293798228617e+01,1.201140921708413956e+01
4.601028865390111378e+01,1.362345089482843008e+01
4.603029436981994849e+01,1.391919069133651199e+01
4.605030008573878320e+01,1.519859802708374730e+01
4.607030580165761791e+01,1.528812736762763436e+01
4.609031151757645262e+01,1.556877244213170641e+01
4.611031723349528733e+01,1.610647901792008696e+01
4.613032294941412204e+01,1.570415957872171120e+01
4.615032866533295675e+01,1.540108133760061371e+01
4.617033438125179146e+01,1.525408419532366366e+01
4.619034009717061906e+01,1.444072226220979971e+01
4.621034581308945377e+01,1.269014908469213765e+01
4.623035152900828848e+01,1.202536880327802749e+01
4.625035724492712319e+01,1.092805971389061881e+01
4.627036296084595790e+01,9.980234376534440344e+00
4.629036867676479261e+01,8.449166101523687189e+00
4.631037439268362732e+01,8.650334924376554824e+00
4.633038010860246203e+01,6.625896048184251264e+00
4.635038582452129674e+01,5.884374332472569691e+00
4.637039154044012434e+01,4.765007042593174980e+00
4.639039725635895905e+01,4.787871618058356482e+00
4.641040297227779376e+01,3.348522622491633793e+00
4.643040868819662847e+01,4.441167469610622476e+00
4.645041440411546319e+01,3.344700308590798699e+00
4.647042012003429790e+01,3.677119520618554738e+00
4.649042583595313261e+01,2.055887935591818039e+00
4.651043155187196732e+01,2.518433970973682268e+00
4.653043726779080203e+01,2.614731166378812421e+00
4.655044298370963674e+01,2.315768618565732240e+00
4.657044869962846434e+01,1.938597019624703544e+00
4.659045441554729905e+01,2.847490920264304393e+00
4.661046013146613376e+01,2.525740815309699627e+00
4.663046584738496847e+01,2.255229654370736192e+00
4.665047156330380318e+01,1.841630414594491061e+00
4.667047727922263789e+01,2.957046555941268196e+00
4.669048299514147260e+01,3.015439383236301119e+00
4.671048871106030731e+01,3.264672632918419914e+00
4.673049442697914202e+01,3.591893392098768345e+00
4.675050014289796962e+01,2.832994928317889460e+00
4.677050585881680433e+01,3.160881454173528837e+00
4.679051157473563904e+01,4.475944587867171975e+00
4.681051729065447375e+01,4.019202834128743795e+00
4.683052300657330846e+01,4.941437887933153306e+00
4.685052872249214317e+01,4.743219663016684962e+00
4.687053443841097788e+01,5.822429119211620652e+00
4.689054015432981259e+01,5.809699392266263196e+00
4.691054587024864730e+01,6.658894658533285771e+00
4.693055158616748201e+01,6.435394296264739467e+00
4.695055730208630962e+01,7.194160307166553636e+00
4.697056301800514433e+01,8.432656920381344179e+00
4.699056873392397904e+01,9.684756040010407574e+00
4.701057444984281375e+01,9.273682497583449091e+00
4.703058016576164846e+01,1.003223136556173856e+01
4.705058588168048317e+01,1.164645754705072989e+01
4.707059159759931788e+01,1.151536073882076394e+01
4.709059731351815259e+01,1.229455429658104038e+01
4.711060302943698730e+01,1.231731133563503100e+01
4.713060874535581490e+01,1.288317207617390991e+01
4.715061446127464961e+01,1.263672842311020972e+01
4.717062017719348432e+01,1.264927020560194215e+01
4.719062589311231903e+01,1.137772307482912026e+01
4.721063160903115374e+01,1.059534037700422537e+01
4.723063732494998845e+01,1.020580813366144213e+01
4.725064304086882316e+01,9.418598746011463518e+00
4.727064875678765787e+01,8.545426244538822047e+00
4.729065447270649258e+01,6.599432467563126181e+00
4.731066018862532019e+01,6.694812140044481552e+00
4.733066590454415490e+01,5.697254028309237661e+00
4.735067162046298961e+01,5.394309070107277115e+00
4.737067733638182432e+01,4.242984667041840297e+00
4.739068305230065903e+01,2.974621488157521032e+00
4.741068876821949374e+01,3.864441719450844914e+00
4.743069448413832845e+01,3.053227904689460370e+00
4.745070020005716316e+01,2.848248768061921954e+00
4.747070591597599787e+01,2.203651057962312088e+00
4.749071163189483258e+01,2.270843700521031572e+00
4.751071734781366018e+01,2.070369540612962744e+00
4.753072306373249489e+01,1.559952494298545211e+00
4.755072877965132960e+01,2.343713019867522007e+00
4.757073449557016431e+01,2.661054995383643984e+00
4.759074021148899902e+01,1.902474344699517150e+00
4.761074592740783373e+01,2.404161585478942875e+00
4.763075164332666844e+01,1.263568116439755196e+00
4.765075735924550315e+01,1.736972446168398854e+00
4.767076307516433786e+01,1.673340158885647355e+00
4.769076879108316547e+01,2.325820817297466370e+00
4.771077450700200018e+01,2.510404723636801005e+00
4.773078022292083489e+01,2.284190433521009034e+00
4.775078593883966960e+01,1.757610288951798827e+00
4.777079165475850431e+01,3.214692431043823628e+00
4.779079737067733902e+01,1.824824215424485363e+00
4.781080308659617373e+01,2.367529517512921622e+00
4.783080880251500844e+01,2.074056054178989861e+00
4.785081451843384315e+01,3.065287952778319447e+00
4.787082023435267075e+01,2.783992680937033448e+00
4.789082595027150546e+01,2.341830824755086304e+00
4.791083166619034017e+01,2.973160007105865255e+00
4.793083738210917488e+01,3.885017584672850965e+00
4.795084309802800959e+01,2.908234077475969404e+00
4.797084881394684430e+01,3.357125043065484427e+00
4.799085452986567901e+01,3.282307560969100368e+00
4.801086024578451372e+01,2.899191595251269238e+00
4.803086596170334843e+01,2.796332280393929892e+00
4.805087167762218314e+01,1.985671255364582999e+00
4.807087739354101075e+01,3.234325158861644400e+00
4.809088310945984546e+01,1.770243426918071128e+00
4.811088882537868017e+01,3.161308443973374960e+00
4.813089454129751488e+01,2.688902153699850750e+00
4.815090025721634959e+01,2.388060629055260176e+00
4.817090597313518430e+01,2.037669031144066167e+00
4.819091168905401901e+01,2.163264755561088659e+00
4.821091740497285372e+01,1.442328009737473105e+00
4.823092312089168843e+01,2.464020836188339558e+00
4.825092883681051603e+01,2.566560588880576699e+00
4.827093455272935074e+01,2.630766594456662943e+00
4.829094026864818545e+01,2.369495057434289453e+00
4.831094598456702016e+01,2.087367176954614045e+00
4.833095170048585487e+01,3.350246725011818860e+00
4.835095741640468958e+01,2.635064684223916487e+00
4.837096313232352429e+01,2.550608078391603861e+00
4.839096884824235900e+01,2.942088325699318663e+00
4.841097456416119371e+01,3.057755202251015270e+00
4.843098028008002842e+01,3.427384371618543035e+00
4.845098599599885603e+01,4.675321745763085346e+00
4.847099171191769074e+01,4.763846785039556053e+00
4.849099742783652545e+01,5.208604385118251301e+00
4.851100314375536016e+01,6.028266987312260738e+00
4.853100885967419487e+01,6.201181348538469251e+00
4.855101457559302958e+01,7.372848089902081625e+00
4.857102029151186429e+01,7.402661318094468257e+00
4.859102600743069900e+01,7.592759833871458142e+00
4.861103172334953371e+01,8.836029121756507010e+00
4.863103743926836131e+01,9.400785701152326368e+00
4.865104315518719602e+01,9.359732537793586715e+00
4.867104887110603073e+01,1.037111997980981215e+01
4.869105458702486544e+01,1.066005915333187559e+01
4.871106030294370015e+01,1.070942069122545881e+01
4.873106601886253486e+01,1.052454026059070813e+01
4.875107173478136957e+01,1.018541315897399535e+01
4.877107745070020428e+01,9.378173511566101794e+00
4.879108316661903899e+01,9.784354475241000770e+00
4.881108888253786660e+01,8.973443302263284238e+00
4.883109459845670131e+01,9.103392368794906986e+00
4.885110031437553602e+01,8.346619775061761004e+00
4.887110603029437073e+01,6.733928271290538170e+00
4.889111174621320544e+01,6.049646363741265631e+00
4.891111746213204015e+01,6.830547549645186400e+00
4.893112317805087486e+01,6.017955629266815265e+00
4.895112889396970957e+01,4.802592476488521278e+00
4.897113460988854428e+01,4.423644957926712529e+00
4.899114032580737899e+01,4.995792661233346976e+00
4.901114604172620659e+01,4.061832352443278893e+00
4.903115175764504130e+01,3.333134187674100080e+00
4.905115747356387601e+01,3.746617048153226825e+00
4.907116318948271072e+01,2.848719546597946017e+00
4.909116890540154543e+01,3.704288718422505511e+00
4.911117462132038014e+01,2.704015973529240835e+00
4.913118033723921485e+01,3.008316927777518135e+00
4.915118605315804956e+01,2.507776157442701326e+00
4.917119176907688427e+01,2.377634005005793583e+00
4.919119748499571187e+01,2.126318116833551208e+00
4.921120320091454658e+01,1.394859623865253972e+00
4.923120891683338129e+01,2.330847537653474522e+00
4.925121463275221600e+01,2.481482718007574029e+00
4.927122034867105071e+01,1.695918674689402383e+00
4.929122606458988542e+01,2.209390707079590399e+00
4.931123178050872014e+01,1.901449018432570970e+00
4.933123749642755485e+01,2.321232755025023131e+00
4.935124321234638956e+01,1.766122492186749326e+00
4.937124892826522427e+01,2.159015181750641332e+00
4.939125464418405187e+01,2.088168014370405334e+00
4.941126036010288658e+01,1.832615006388660817e+00
4.943126607602172129e+01,1.309859452141167502e+00
4.945127179194055600e+01,1.217697333425110884e+00
4.947127750785939071e+01,1.746044290553697920e+00
4.949128322377822542e+01,2.247751151150889637e+00
4.951128893969706013e+01,2.343497841972485674e+00
4.953129465561589484e+01,2.025213007768187357e+00
4.955130037153472955e+01,2.749071114557957607e+00
4.957130608745355715e+01,2.646257264745149662e+00
4.959131180337239186e+01,1.915473855969458850e+00
4.961131751929122657e+01,2.490529420410492190e+00
4.963132323521006128e+01,2.484584039457983451e+00
4.965132895112889599e+01,3.452694364298821927e+00
4.967133466704773070e+01,3.838126662640666709e+00
4.969134038296656541e+01,2.737817029831946414e+00
4.971134609888540012e+01,3.182581648286118448e+00
4.973135181480423483e+01,3.125302221292957761e+00
4.975135753072306244e+01,3.276789723401511090e+00
4.977136324664189715e+01,4.351937656539871746e+00
4.979136896256073186e+01,4.033240571834141974e+00
4.981137467847956657e+01,3.639470170977386232e+00
4.983138039439840128e+01,3.558939869060098182e+00
4.985138611031723599e+01,3.305690178819058023e+00
4.987139182623607070e+01,3.649306197251322992e+00
4.989139754215490541e+01,4.398195111196971041e+00
4.991140325807374012e+01,3.273900287738527481e+00
4.993140897399257483e+01,3.751360652254983385e+00
4.995141468991140243e+01,4.764459790704715481e+00
4.997142040583023714e+01,3.655062781310731701e+00
4.999142612174907185e+01,4.972020973339475347e+00
5.001143183766790656e+01,4.470483269253009873e+00
5.003143755358674127e+01,4.700197243547438397e+00
5.005144326950557598e+01,5.192710975371658932e+00
5.007144898542441069e+01,5.323201325689455921e+00
5.009145470134324540e+01,5.648903540420289637e+00
5.011146041726208011e+01,5.377105133042012319e+00
5.013146613318090772e+01,5.772473485206129240e+00
5.015147184909974243e+01,6.081157845652459315e+00
5.017147756501857714e+01,5.983862517821524563e+00
5.019148328093741185e+01,6.526137342412845044e+00
5.021148899685624656e+01,5.825111017660077550e+00
5.023149471277508127e+01,5.646618095079418254e+00
5.025150042869391598e+01,5.988457371481089808e+00
5.027150614461275069e+01,5.326077804710187991e+00
5.029151186053158540e+01,6.139879967359878066e+00
5.031151757645042011e+01,5.924103039576610996e+00
5.033152329236924771e+01,5.502249923690902378e+00
5.035152900828808242e+01,5.653039720092206011e+00
5.037153472420691713e+01,5.897179311329477258e+00
5.039154044012575184e+01,5.998388915517960385e+00
5.041154615604458655e+01,5.322728101651615695e+00
5.043155187196342126e+01,6.213830496003164505e+00
5.045155758788225597e+01,6.149575686192260804e+00
5.047156330380109068e+01,6.150414059564052849e+00
5.049156901971992539e+01,5.660689354253344518e+00
5.051157473563875300e+01,6.694920140724968327e+00
5.053158045155758771e+01,6.084107450837133335e+00
5.055158616747642242e+01,6.484311749346280962e+00
5.057159188339525713e+01,5.620946569070245147e+00
5.059159759931409184e+01,5.646962399398906207e+00
5.061160331523292655e+01,5.295848881804303687e+00
5.063160903115176126e+01,5.518351670077408677e+00
5.065161474707059597e+01,4.996683604782456101e+00
5.067162046298943068e+01,4.443854351095859023e+00
5.069162617890825828e+01,4.803799559260871987e+00
5.071163189482709299e+01,3.621681531541045551e+00
5.073163761074592770e+01,4.542327789787395709e+00
5.075164332666476241e+01,3.508069516015023925e+00
5.077164904258359712e+01,3.659277408198899906e+00
5.079165475850243183e+01,2.527618051182196179e+00
5.081166047442126654e+01,2.250590389483432485e+00
5.083166619034010125e+01,2.778308739193978028e+00
5.085167190625893596e+01,2.100396242139164205e+00
5.087167762217777067e+01,2.143618138797109829e+00
5.089168333809659828e+01,2.864503118260596448e+00
5.091168905401543299e+01,2.608623923356280461e+00
5.093169476993426770e+01,1.953573825730787750e+00
5.095170048585310241e+01,1.897288891250835441e+00
5.097170620177193712e+01,2.437316820819185104e+00
5.099171191769077183e+01,1.549131706523211971e+00
5.101171763360960654e+01,2.147159354712122159e+00
5.103172334952844125e+01,1.789770953217466154e+00
5.105172906544727596e+01,1.964797775631014209e+00
5.107173478136610356e+01,1.545367325714155804e+00
5.109174049728493827e+01,1.696161558805847847e+00
5.111174621320377298e+01,1.426947862140875323e+00
5.113175192912260769e+01,1.058883663277214282e+00
5.115175764504144240e+01,1.048534058373899125e+00
5.117176336096027711e+01,1.512086319256029654e+00
5.119176907687911182e+01,1.120127880946608201e+00
5.121177479279794653e+01,7.335111443887438742e-01
5.123178050871678124e+01,1.711435174199596343e+00
5.125178622463561595e+01,1.845363879458336687e+00
5.127179194055444356e+01,1.325078664591365252e+00
5.129179765647327827e+01,1.405558995779661258e+00
5.131180337239211298e+01,9.295166783845600911e-01
5.133180908831094769e+01,6.643749861599062001e-01
5.135181480422978240e+01,1.215578176422304368e+00
5.137182052014861711e+01,1.322652637446766422e+00
5.139182623606745182e+01,1.968080674965587029e+00
5.141183195198628653e+01,1.984325402837423535e+00
5.143183766790512124e+01,2.021008177593430766e+00
5.145184338382394884e+01,1.125019743704848585e+00
5.147184909974278355e+01,1.775957679927390176e+00
5.149185481566161826e+01,1.323319762865589055e+00
5.151186053158045297e+01,1.400247394244430676e+00
5.153186624749928768e+01,1.842065264814484848e+00
5.155187196341812239e+01,1.593204894056564402e+00
5.157187767933695710e+01,1.654573086344465871e+00
5.159188339525579181e+01,1.594785870268027095e+00
5.161188911117462652e+01,1.024890029925462631e+00
5.163189482709345413e+01,8.406668467150923973e-01
5.165190054301228884e+01,1.412282679881892156e+00
5.167190625893112355e+01,1.527285910453543227e+00
5.169191197484995826e+01,1.286082904564681328e+00
5.171191769076879297e+01,1.530750369753885121e+00
5.173192340668762768e+01,1.681009311469106926e+00
5.175192912260646239e+01,1.395345604328799283e+00
5.177193483852529710e+01,1.672957490628476318e+00
5.179194055444413181e+01,2.046708376154678710e+00
5.181194627036296652e+01,1.780943814951928994e+00
5.183195198628179412e+01,1.579973134939363311e+00
5.185195770220062883e+01,1.715542998429936405e+00
5.187196341811946354e+01,1.568432246209694014e+00
5.189196913403829825e+01,2.055902825842095716e+00
5.191197484995713296e+01,1.696530058141088482e+00
5.193198056587596767e+01,1.539055780273895779e+00
5.195198628179480238e+01,2.922882244213141245e+00
5.197199199771363709e+01,1.793594081665736750e+00
5.199199771363247180e+01,2.042872308434043660e+00
5.201200342955129940e+01,2.480400483640448073e+00
5.203200914547013411e+01,2.679921316569421119e+00
5.205201486138896882e+01,2.715048487849660575e+00
5.207202057730780353e+01,1.773522358027738166e+00
5.209202629322663824e+01,1.922445332563289089e+00
5.211203200914547295e+01,1.475578708983243503e+00
5.213203772506430766e+01,1.728677898604181085e+00
5.215204344098314237e+01,1.674860278970488059e+00
5.217204915690197708e+01,1.729177701376739984e+00
5.219205487282081180e+01,2.348323321585540135e+00
5.221206058873963940e+01,1.559672354060111177e+00
5.223206630465847411e+01,2.113188995443302076e+00
5.225207202057730882e+01,2.265085764309127558e+00
5.227207773649614353e+01,1.810983137897384188e+00
5.229208345241497824e+01,3.081015432877709070e+00
5.231208916833381295e+01,2.169292730709342809e+00
5.233209488425264766e+01,2.436112994350764449e+00
5.235210060017148237e+01,3.253287141561252316e+00
5.237210631609031708e+01,3.004738688590752105e+00
5.239211203200914468e+01,3.939644785937073124e+00
5.241211774792797939e+01,3.289409676215899303e+00
5.243212346384681410e+01,3.923566694022826873e+00
5.245212917976564881e+01,3.833708013924611802e+00
5.247213489568448352e+01,4.310504363468595557e+00
5.249214061160331823e+01,3.770134868382946536e+00
5.251214632752215294e+01,4.440486533680489956e+00
5.253215204344098765e+01,4.081062329279913747e+00
5.255215775935982236e+01,4.376403738462157911e+00
5.257216347527864997e+01,4.589457201344586679e+00
5.259216919119748468e+01,3.893422666355375927e+00
5.261217490711631939e+01,4.270074943622419461e+00
5.263218062303515410e+01,4.312520923517328519e+00
5.265218633895398881e+01,4.740955526107671680e+00
5.267219205487282352e+01,3.822564833659939598e+00
5.269219777079165823e+01,2.985123504259627580e+00
5.271220348671049294e+01,3.996798901574051044e+00
5.273220920262932765e+01,3.239031913405761465e+00
5.275221491854816236e+01,3.294867745860472930e+00
5.277222063446698996e+01,3.032040467140170392e+00
5.279222635038582467e+01,3.214307301345101564e+00
5.281223206630465938e+01,3.017620477607942497e+00
5.283223778222349409e+01,3.740551024958528537e+00
5.285224349814232880e+01,3.944570463585019837e+00
5.287224921406116351e+01,3.632539745588224900e+00
5.289225492997999822e+01,4.214872312134382071e+00
5.291226064589883293e+01,4.674957088395596649e+00
5.293226636181766764e+01,5.428416394209118145e+00
5.295227207773649525e+01,5.234921661669931225e+00
5.297227779365532996e+01,6.282341154393287219e+00
5.299228350957416467e+01,6.106797775686911400e+00
5.301228922549299938e+01,6.626194558902760434e+00
5.303229494141183409e+01,5.922298654162210241e+00
5.305230065733066880e+01,6.546482129029325137e+00
5.307230637324950351e+01,6.830162970968823188e+00
5.309231208916833822e+01,6.703046382025091177e+00
5.311231780508717293e+01,6.633970485994269417e+00
5.313232352100600764e+01,7.985701354855486045e+00
5.315232923692483524e+01,7.356694367048790539e+00
5.317233495284366995e+01,7.265578048601614825e+00
5.319234066876250466e+01,7.459583659306451509e+00
5.321234638468133937e+01,7.614756529151571307e+00
5.323235210060017408e+01,7.734235119387642854e+00
5.325235781651900879e+01,6.852360372818484535e+00
5.327236353243784350e+01,6.204922182842764755e+00
5.329236924835667821e+01,6.216923999460145289e+00
5.331237496427551292e+01,5.975609102117149796e+00
5.333238068019434053e+01,6.155943949564864681e+00
5.335238639611317524e+01,5.080063121621321898e+00
5.337239211203200995e+01,4.676215851814557567e+00
5.339239782795084466e+01,4.255437692917545256e+00
5.341240354386967937e+01,4.166132478450057519e+00
5.343240925978851408e+01,4.385232182738683981e+00
5.345241497570734879e+01,3.565387181487380985e+00
5.347242069162618350e+01,4.216351223557315286e+00
5.349242640754501821e+01,3.213026200378004127e+00
5.351243212346384581e+01,3.015575521421577143e+00
5.353243783938268052e+01,2.731857847295631192e+00
5.355244355530151523e+01,2.801403076258295322e+00
5.357244927122034994e+01,2.598213938205587326e+00
5.359245498713918465e+01,2.164629428068003847e+00
5.361246070305801936e+01,1.412388548068345795e+00
5.363246641897685407e+01,1.837999814922743891e+00
5.365247213489568878e+01,9.000083542223060729e-01
5.367247785081452349e+01,2.004591437722621272e+00
5.369248356673335820e+01,1.490290433790107505e+00
5.371248928265218581e+01,1.549966602818645622e+00
5.373249499857102052e+01,1.178495179126772374e+00
5.375250071448985523e+01,9.922602680787948604e-01
5.377250643040868994e+01,1.348979023948943201e+00
5.379251214632752465e+01,1.677595927020476552e+00
5.381251786224635936e+01,1.109944680498573977e+00
5.383252357816519407e+01,1.306426563819134801e+00
5.385252929408402878e+01,1.803325574347683258e+00
5.387253501000286349e+01,7.940780897355470547e-01
5.389254072592169109e+01,7.424179992567500053e-01
5.391254644184052580e+01,1.222002585250293816e+00
5.393255215775936051e+01,6.095656818487605877e-01
5.395255787367819522e+01,1.160529051374621368e+00
5.397256358959702993e+01,1.618765122996988826e+00
5.399256930551586464e+01,1.445371603103972724e+00
5.401257502143469935e+01,1.336946536701778765e+00
5.403258073735353406e+01,1.788873158459096224e+00
5.405258645327236877e+01,1.278275270227917648e+00
5.407259216919120348e+01,1.724902506276873471e+00
5.409259788511003109e+01,1.290674701101769628e+00
5.411260360102886580e+01,1.212763316061253205e+00
5.413260931694770051e+01,1.209297782439927138e+00
5.415261503286653522e+01,1.426772403135064593e+00
5.417262074878536993e+01,5.355278774041921652e-01
5.419262646470420464e+01,1.488902404925534162e+00
5.421263218062303935e+01,1.319168566797676689e+00
5.423263789654187406e+01,1.970179165007388100e+00
5.425264361246070877e+01,1.041620457808209999e+00
5.427264932837953637e+01,1.002232151796323745e+00
5.429265504429837108e+01,8.849672185919141842e-01
5.431266076021720579e+01,2.032940373981355187e+00
5.433266647613604050e+01,1.428039216224748387e+00
5.435267219205487521e+01,2.126480958775775143e+00
5.437267790797370992e+01,1.411240957282416719e+00
5.439268362389254463e+01,1.125403473967148571e+00
5.441268933981137934e+01,1.704054201205463359e+00
5.443269505573021405e+01,1.252023345180890646e+00
5.445270077164904166e+01,2.052897369899450819e+00
5.447270648756787637e+01,1.449042190380360751e+00
5.449271220348671108e+01,2.676257619355119743e+00
5.451271791940554579e+01,1.689676815324917758e+00
5.453272363532438050e+01,1.911015492159838125e+00
5.455272935124321521e+01,2.093769774995221766e+00
5.457273506716204992e+01,2.623155182619424597e+00
5.459274078308088463e+01,2.726964607015736508e+00
5.461274649899971934e+01,1.418982277492802702e+00
5.463275221491855405e+01,1.854054754789018267e+00
5.465275793083738165e+01,2.652261068791380794e+00
5.467276364675621636e+01,2.529081776740550680e+00
5.469276936267505107e+01,3.016062118842271378e+00
5.471277507859388578e+01,2.659398203826977891e+00
5.473278079451272049e+01,2.271292390871391120e+00
5.475278651043155520e+01,2.845816227505639340e+00
5.477279222635038991e+01,1.989805475308274563e+00
5.479279794226922462e+01,1.275272433017484053e+00
5.481280365818805933e+01,1.944701351651488608e+00
5.483280937410688693e+01,1.865308798886943231e+00
5.485281509002572164e+01,1.547543237197045229e+00
5.487282080594455635e+01,1.904462158543244854e+00
5.489282652186339106e+01,2.302735923021868913e+00
5.491283223778222577e+01,1.568267581900450347e+00
5.493283795370106048e+01,1.410191865785078047e+00
5.495284366961989519e+01,1.419881405875872193e+00
5.497284938553872990e+01,1.876485651813647904e+00
5.499285510145756461e+01,1.136616153822127329e+00
5.501286081737639222e+01,1.220918947978695712e+00
5.503286653329522693e+01,1.127483887558994535e+00
5.505287224921406164e+01,1.212265584935603657e+00
5.507287796513289635e+01,1.633214088503704087e+00
5.509288368105173106e+01,3.697335617741252523e-01
5.511288939697056577e+01,9.626326100993127799e-01
5.513289511288940048e+01,1.685515280996074949e+00
5.515290082880823519e+01,7.931522064719436216e-01
5.517290654472706990e+01,1.301481256419873445e+00
5.519291226064590461e+01,9.127688411878692731e-01
5.521291797656473221e+01,1.298510536846700036e+00
5.523292369248356692e+01,1.015519080066177082e+00
5.525292940840240163e+01,1.602505386302654600e+00
5.527293512432123634e+01,9.156090190789503147e-01
5.529294084024007105e+01,1.234504106301293369e+00
5.531294655615890576e+01,6.221586835184345077e-01
5.533295227207774047e+01,1.004679583562108292e+00
5.535295798799657518e+01,1.207490565752611822e+00
5.537296370391540989e+01,1.309990211549324712e+00
5.539296941983423750e+01,6.829991565908450912e-01
5.541297513575307221e+01,1.259961779680046856e+00
5.543298085167190692e+01,1.866426857190750521e+00
5.545298656759074163e+01,1.667498695421320898e+00
5.547299228350957634e+01,1.368055144708768101e+00
5.549299799942841105e+01,7.086838667104824463e-01
5.551300371534724576e+01,2.192039804007992032e+00
5.553300943126608047e+01,9.590430269234733185e-01
5.555301514718491518e+01,1.268078483035983917e+00
5.557302086310374989e+01,2.191850879518168149e+00
5.559302657902257749e+01,1.684563834229485302e+00
5.561303229494141220e+01,1.416095534274647294e+00
5.563303801086024691e+01,1.682344409071014013e+00
5.565304372677908162e+01,1.922108764028769734e+00
5.567304944269791633e+01,1.855903246770737702e+00
5.569305515861675104e+01,2.275831258730694362e+00
5.571306087453558575e+01,2.290156588788986980e+00
5.573306659045442046e+01,2.631531449466581574e+00
5.575307230637325517e+01,2.480641018296247502e+00
5.577307802229208278e+01,2.795214169531095472e+00
5.579308373821091749e+01,3.124954616157098908e+00
5.581308945412975220e+01,2.401349078604733123e+00
5.583309517004858691e+01,2.092581360190713724e+00
5.585310088596742162e+01,1.678041405842112921e+00
5.587310660188625633e+01,3.186927935543435009e+00
5.589311231780509104e+01,3.493177148387692110e+00
5.591311803372392575e+01,2.352348028268865576e+00
5.593312374964276046e+01,2.976927233181835497e+00
5.595312946556158806e+01,3.047091251056698979e+00
5.597313518148042277e+01,3.919897953365031107e+00
5.599314089739925748e+01,4.782987530910207674e+00
5.601314661331809219e+01,4.939571424257605869e+00
5.603315232923692690e+01,5.900168832717319845e+00
5.605315804515576161e+01,5.926494556535673475e+00
5.607316376107459632e+01,7.166461534615631734e+00
5.609316947699343103e+01,8.223734112698748433e+00
5.611317519291226574e+01,8.582029127341961328e+00
5.613318090883110045e+01,1.089217184941447059e+01
5.615318662474992806e+01,1.125279387642492601e+01
5.617319234066876277e+01,1.231166259484206726e+01
5.619319805658759748e+01,1.351157547323729702e+01
5.621320377250643219e+01,1.506265224904063160e+01
5.623320948842526690e+01,1.545148005942114544e+01
5.625321520434410161e+01,1.681162918509489401e+01
5.627322092026293632e+01,1.642854873448256114e+01
5.629322663618177103e+01,1.739182798976859701e+01
5.631323235210060574e+01,1.749972771151912809e+01
5.633323806801943334e+01,1.783310810304539018e+01
5.635324378393826805e+01,1.703524065316007352e+01
5.637324949985710276e+01,1.620714959069590222e+01
5.639325521577593747e+01,1.552124733010786173e+01
5.641326093169477218e+01,1.479510907827492261e+01
5.643326664761360689e+01,1.316335055252356412e+01
5.645327236353244160e+01,1.224982855945943250e+01
5.647327807945127631e+01,1.169195931169538838e+01
5.649328379537011102e+01,1.140682983078054669e+01
5.651328951128894573e+01,1.038445826280322493e+01
5.653329522720777334e+01,9.508153851422690650e+00
5.655330094312660805e+01,7.894914537216603634e+00
5.657330665904544276e+01,8.033445744338294503e+00
5.659331237496427747e+01,7.720008830311401837e+00
5.661331809088311218e+01,7.919755689034909452e+00
5.663332380680194689e+01,7.373745374938084574e+00
5.665332952272078160e+01,6.463093929226614520e+00
5.667333523863961631e+01,7.369246935789627528e+00
5.669334095455845102e+01,7.258578026628389246e+00
5.671334667047727862e+01,7.929606496032798546e+00
5.673335238639611333e+01,7.768533542761594468e+00
5.675335810231494804e+01,8.501306243576813415e+00
5.677336381823378275e+01,7.684884699412600995e+00
5.679336953415261746e+01,9.107734749014229081e+00
5.681337525007145217e+01,9.163154671633073178e+00
5.683338096599028688e+01,9.470413749107567725e+00
5.685338668190912159e+01,9.413750684140346436e+00
5.687339239782795630e+01,9.154397387428232946e+00
5.689339811374678391e+01,9.073700788122938121e+00
5.691340382966561862e+01,8.445003705999226895e+00
5.693340954558445333e+01,9.155149642448838776e+00
5.695341526150328804e+01,9.618631221859791580e+00
5.697342097742212275e+01,8.966695956607566131e+00
5.699342669334095746e+01,8.787667795713536734e+00
5.701343240925979217e+01,8.021253424815093069e+00
5.703343812517862688e+01,8.000501962392096544e+00
5.705344384109746159e+01,7.518137931646379890e+00
5.707344955701629630e+01,7.785963967121328544e+00
5.709345527293512390e+01,7.406370010036882334e+00
5.711346098885395861e+01,6.960859307653407768e+00
5.713346670477279332e+01,7.398148003183243837e+00
5.715347242069162803e+01,7.599603713886932788e+00
5.717347813661046274e+01,7.152262044898346716e+00
5.719348385252929745e+01,7.592168266282340205e+00
5.721348956844813216e+01,7.520209845607297439e+00
5.723349528436696687e+01,8.777159415629892436e+00
5.725350100028580158e+01,9.368503245355363163e+00
5.727350671620462919e+01,1.002490478524239492e+01
5.729351243212346390e+01,1.082757214964098225e+01
5.731351814804229861e+01,1.149016159010065685e+01
5.733352386396113332e+01,1.271945805324898160e+01
5.735352957987996803e+01,1.432072738491533492e+01
5.737353529579880274e+01,1.375508583979726929e+01
5.739354101171763745e+01,1.433888889198920502e+01
5.741354672763647216e+01,1.517066809087768675e+01
5.743355244355530687e+01,1.514715734843623451e+01
5.745355815947414158e+01,1.664284113269879839e+01
5.747356387539296918e+01,1.570453364047045852e+01
5.749356959131180389e+01,1.446801510403612134e+01
5.751357530723063860e+01,1.426056934127548637e+01
5.753358102314947331e+01,1.383456977431027823e+01
5.755358673906830802e+01,1.283811837876180029e+01
5.757359245498714273e+01,1.143078862724422429e+01
5.759359817090597744e+01,1.037078854357503843e+01
5.761360388682481215e+01,9.361250162992048374e+00
5.763360960274364686e+01,7.909409682764414029e+00
5.765361531866247446e+01,7.353775061770730481e+00
5.767362103458130917e+01,6.863919777507039299e+00
5.769362675050014388e+01,5.692366753058840878e+00
5.771363246641897859e+01,5.159515977903296857e+00
5.773363818233781330e+01,4.513209874605625949e+00
5.775364389825664801e+01,3.156894324839948585e+00
5.777364961417548272e+01,3.572925789533951679e+00
5.779365533009431743e+01,3.410431423029509634e+00
5.781366104601315214e+01,3.049186741347301055e+00
5.783366676193197975e+01,2.676741643458591113e+00
5.785367247785081446e+01,2.403030199746658990e+00
5.787367819376964917e+01,3.130192518734884466e+00
5.789368390968848388e+01,4.278731126243334515e+00
5.791368962560731859e+01,3.763164243934074449e+00
5.793369534152615330e+01,3.201776076074476673e+00
5.795370105744498801e+01,4.092864063117188422e+00
5.797370677336382272e+01,5.373429590617005758e+00
5.799371248928265743e+01,4.535328614633686861e+00
5.801371820520149214e+01,4.959804763990908860e+00
5.803372392112031974e+01,5.543550506111719400e+00
5.805372963703915445e+01,5.289079483839820739e+00
5.807373535295798916e+01,5.139397390652765907e+00
5.809374106887682387e+01,5.548176124321327229e+00
5.811374678479565858e+01,5.313633130529954229e+00
5.813375250071449329e+01,4.984679393132719127e+00
5.815375821663332800e+01,5.278674074691110718e+00
5.817376393255216271e+01,4.894426675416984729e+00
5.819376964847099742e+01,3.892141583207850974e+00
5.821377536438982503e+01,3.910383188443430136e+00
5.823378108030865974e+01,3.769599307949164313e+00
5.825378679622749445e+01,3.115301962104034761e+00
5.827379251214632916e+01,2.939175451216021084e+00
5.829379822806516387e+01,2.818141167235763245e+00
5.831380394398399858e+01,2.578434131759853809e+00
5.833380965990283329e+01,2.711634435912936958e+00
5.835381537582166800e+01,2.843996762039228354e+00
5.837382109174050271e+01,2.461052985100143697e+00
5.839382680765933742e+01,2.292836986824046352e+00
5.841383252357816502e+01,2.437856064882293783e+00
5.843383823949699973e+01,2.536698329011572994e+00
5.845384395541583444e+01,2.474034337949011064e+00
5.847384967133466915e+01,1.462705702755821235e+00
5.849385538725350386e+01,2.559868082952369228e+00
5.851386110317233857e+01,1.836614174605545990e+00
5.853386681909117328e+01,2.290440129647179468e+00
5.855387253501000799e+01,3.111685119674175048e+00
5.857387825092884270e+01,2.166073722138262880e+00
5.859388396684767031e+01,2.975986122346063301e+00
5.861388968276650502e+01,2.996057950498135281e+00
5.863389539868533973e+01,1.787422769541941125e+00
5.865390111460417444e+01,1.885970640801169829e+00
5.867390683052300915e+01,2.221302800704439750e+00
5.869391254644184386e+01,1.767735762695102242e+00
5.871391826236067857e+01,2.962861997336833753e+00
5.873392397827951328e+01,1.328595773021068238e+00
5.875392969419834799e+01,1.966480972386853709e+00
5.877393541011717559e+01,1.714264644013888006e+00
5.879394112603601030e+01,1.440149695198825963e+00
5.881394684195484501e+01,2.047149310271589862e+00
5.883395255787367972e+01,1.455741674369716243e+00
5.885395827379251443e+01,1.047938381192403900e+00
5.887396398971134914e+01,1.770086948439296037e+00
5.889396970563018385e+01,2.186134353332840341e+00
5.891397542154901856e+01,1.340282349434834819e+00
5.893398113746785327e+01,1.693465121102461168e+00
5.895398685338668798e+01,1.391916363339268159e+00
5.897399256930551559e+01,1.872060117111168154e+00
5.899399828522435030e+01,1.773278684173727138e+00
5.901400400114318501e+01,2.122279937629319768e+00
5.903400971706201972e+01,1.560949738686217669e+00
5.905401543298085443e+01,1.774917118325566090e+00
5.907402114889968914e+01,1.443692485722125607e+00
5.909402686481852385e+01,1.388934319074334178e+00
5.911403258073735856e+01,2.489226142193417424e+00
5.913403829665619327e+01,2.254590553478266202e+00
5.915404401257502087e+01,2.908580099333923030e+00
5.917404972849385558e+01,1.722035047469727909e+00
5.919405544441269029e+01,2.093208815644973964e+00
5.921406116033152500e+01,2.095913335837054525e+00
5.923406687625035971e+01,1.639255873253671947e+00
5.925407259216919442e+01,2.106955426123289676e+00
5.927407830808802913e+01,1.318719948626013050e+00
5.929408402400686384e+01,1.845140533632135371e+00
5.931408973992569855e+01,2.778642141241281394e+00
5.933409545584453326e+01,1.771259157828550368e+00
5.935410117176336087e+01,3.093257344768338690e+00
5.937410688768219558e+01,2.952462846811861219e+00
5.939411260360103029e+01,1.404181074542396157e+00
5.941411831951986500e+01,2.904950224298971317e+00
5.943412403543869971e+01,1.465629446413490244e+00
5.945412975135753442e+01,1.620500703285566058e+00
5.947413546727636913e+01,2.397063568367890696e+00
5.949414118319520384e+01,2.732356334080895177e+00
5.951414689911403855e+01,1.794084853166744153e+00
5.953415261503286615e+01,3.503092018043177269e+00
5.955415833095170086e+01,3.046716278374894671e+00
5.957416404687053557e+01,3.733254762279567096e+00
5.959416976278937028e+01,3.464842381991023235e+00
5.961417547870820499e+01,3.482189977978764173e+00
5.963418119462703970e+01,4.308366349483022439e+00
5.965418691054587441e+01,4.066471324445521951e+00
5.967419262646470912e+01,4.551438623965406549e+00
5.969419834238354383e+01,5.440345673595847309e+00
5.971420405830237144e+01,5.247278944086649410e+00
5.973420977422120615e+01,5.864121975758529892e+00
5.975421549014004086e+01,6.243866472498543985e+00
5.977422120605887557e+01,7.061337365785048448e+00
5.979422692197771028e+01,7.345398031645832937e+00
5.981423263789654499e+01,8.231290249381352453e+00
5.983423835381537970e+01,7.783492015862000457e+00
5.985424406973421441e+01,8.376381782591282743e+00
5.987424978565304912e+01,8.803002233799357867e+00
5.989425550157188383e+01,8.056035840106316570e+00
5.991426121749071143e+01,7.941456018772334424e+00
5.993426693340954614e+01,7.794650695764348214e+00
5.995427264932838085e+01,7.201362319844531790e+00
5.997427836524721556e+01,7.852817810901758122e+00
5.999428408116605027e+01,6.240808785437524264e+00
6.001428979708488498e+01,5.982702680639415682e+00
6.003429551300371969e+01,6.156569252285274629e+00
6.005430122892255440e+01,6.293875313225690604e+00
6.007430694484138911e+01,6.404490742298033723e+00
6.009431266076021672e+01,5.757460082382667821e+00
6.011431837667905143e+01,6.096840739965565525e+00
6.013432409259788614e+01,6.863356663706176697e+00
6.015432980851672085e+01,6.620014471503790965e+00
6.017433552443555556e+01,7.423576334684560685e+00
6.019434124035439027e+01,7.187233936494117792e+00
6.021434695627322498e+01,6.782578030353772824e+00
6.023435267219205969e+01,7.006686706074123805e+00
6.025435838811089440e+01,7.228134332775759674e+00
6.027436410402972911e+01,7.794958862350185314e+00
6.029436981994855671e+01,7.756261768872328766e+00
6.031437553586739142e+01,8.017774478076207245e+00
6.033438125178622613e+01,7.936701842886276559e+00
6.035438696770506084e+01,7.944349257159805333e+00
6.037439268362389555e+01,8.643395480296186761e+00
6.039439839954273026e+01,8.951464569642617164e+00
6.041440411546156497e+01,8.865698211052846389e+00
6.043440983138039968e+01,8.958184527103240313e+00
6.045441554729923439e+01,8.857502028384381276e+00
6.047442126321806199e+01,9.063082237558695908e+00
6.049442697913689670e+01,9.879918078487706978e+00
6.051443269505573141e+01,1.018278411248154569e+01
6.053443841097456612e+01,1.109825878892709383e+01
6.055444412689340083e+01,1.210130451439292898e+01
6.057444984281223554e+01,1.207877053828684311e+01
6.059445555873107025e+01,1.232687698669182730e+01
6.061446127464990496e+01,1.279449561987670769e+01
6.063446699056873967e+01,1.208728275029915622e+01
6.065447270648756728e+01,1.178740599351372254e+01
6.067447842240640199e+01,1.106797027101948494e+01
6.069448413832523670e+01,1.126331972586906538e+01
6.071448985424407141e+01,9.923552373586218778e+00
6.073449557016290612e+01,9.601836137823829276e+00
6.075450128608174083e+01,9.015169433145048927e+00
6.077450700200057554e+01,8.380986828399231925e+00
6.079451271791941025e+01,7.471258613153855421e+00
6.081451843383824496e+01,7.096828729475413766e+00
6.083452414975707967e+01,6.612080007298723139e+00
6.085452986567590727e+01,5.173292591031267484e+00
6.087453558159474198e+01,5.040172814524808587e+00
6.089454129751357669e+01,4.418519125705087980e+00
6.091454701343241140e+01,4.459826419647510143e+00
6.093455272935124611e+01,3.602032945533454100e+00
6.095455844527008082e+01,3.278560531796082422e+00
6.097456416118891553e+01,2.758265312914558898e+00
6.099456987710775024e+01,2.372478394034406524e+00
6.101457559302658495e+01,2.359101060393460347e+00
6.103458130894541256e+01,2.058723486600173569e+00
6.105458702486424727e+01,2.662938121036586114e+00
6.107459274078308198e+01,1.150661643773525533e+00
6.109459845670191669e+01,2.204911085578570962e+00
6.111460417262075140e+01,1.115942778631997978e+00
6.113460988853958611e+01,2.280252106947904256e+00
6.115461560445842082e+01,2.331517749448860588e+00
6.117462132037725553e+01,2.338876687206074223e+00
6.119462703629609024e+01,1.490211117077837377e+00
6.121463275221492495e+01,2.162037670633879305e+00
6.123463846813375255e+01,2.693619641582697621e+00
6.125464418405258726e+01,2.511490239382076162e+00
6.127464989997142197e+01,2.560861496818878535e+00
6.129465561589025668e+01,2.483429672372717167e+00
6.131466133180909139e+01,2.929110814863475465e+00
6.133466704772792610e+01,3.032112012062843753e+00
6.135467276364676081e+01,3.763163224538502050e+00
6.137467847956559552e+01,3.833966907891259268e+00
6.139468419548443023e+01,4.686885461641929318e+00
6.141468991140325784e+01,5.513266593771176893e+00
6.143469562732209255e+01,5.256398175881807688e+00
6.145470134324092726e+01,5.814204680582470530e+00
6.147470705915976197e+01,7.234533391872240315e+00
6.149471277507859668e+01,7.823080115889422537e+00
6.151471849099743139e+01,8.514777598485945731e+00
6.153472420691626610e+01,8.464942198116236938e+00
6.155472992283510081e+01,8.652293277963615026e+00
6.157473563875393552e+01,9.017038755276390205e+00
6.159474135467276312e+01,8.863592237494291481e+00
6.161474707059159783e+01,8.899695705490477948e+00
6.163475278651043254e+01,8.729099261287821321e+00
6.165475850242926725e+01,8.518429407956350730e+00
6.167476421834810196e+01,8.083946348078956845e+00
6.169476993426693667e+01,7.861736528477750952e+00
6.171477565018577138e+01,8.048370973681183926e+00
6.173478136610460609e+01,7.707218318622571118e+00
6.175478708202344080e+01,6.844656024440156195e+00
6.177479279794227551e+01,6.338070866456352093e+00
6.179479851386110312e+01,6.752523180185688645e+00
6.181480422977993783e+01,7.121839908830980725e+00
6.183480994569877254e+01,5.912196612871552404e+00
6.185481566161760725e+01,6.380757330559484686e+00
6.187482137753644196e+01,6.104651813431607010e+00
6.189482709345527667e+01,6.270125933082894676e+00
6.191483280937411138e+01,5.257830476419722565e+00
6.193483852529294609e+01,5.711404707489619703e+00
6.195484424121178080e+01,5.773662360689594486e+00
6.197484995713060840e+01,5.202204079940557335e+00
6.199485567304944311e+01,5.823134537766748942e+00
6.201486138896827782e+01,4.728819532708694595e+00
6.203486710488711253e+01,5.190162902958284974e+00
6.205487282080594724e+01,4.186667041273508971e+00
6.207487853672478195e+01,3.176793797743285186e+00
6.209488425264361666e+01,3.822017909751346032e+00
6.211488996856245137e+01,3.557592615161565330e+00
6.213489568448128608e+01,3.024684701690803390e+00
6.215490140040011369e+01,2.992780657941824352e+00
6.217490711631894840e+01,1.877778130873218876e+00
6.219491283223778311e+01,2.329877843663811454e+00
6.221491854815661782e+01,1.749759298410781927e+00
6.223492426407545253e+01,1.998397290081737054e+00
6.225492997999428724e+01,2.054179309777335316e+00
6.227493569591312195e+01,2.124979734832058931e+00
6.229494141183195666e+01,1.327766654763194554e+00
6.231494712775079137e+01,1.024704141996731988e+00
6.233495284366962608e+01,1.606423801070595792e+00
6.235495855958845368e+01,1.498345949823395529e+00
6.237496427550728839e+01,1.407728413916594423e+00
6.239496999142612310e+01,8.118972322136164266e-01
6.241497570734495781e+01,1.742617920105576701e+00
6.243498142326379252e+01,1.311250859393370716e+00
6.245498713918262723e+01,1.515673219476312727e+00
6.247499285510146194e+01,9.093810249212412877e-01
6.249499857102029665e+01,6.591632913267080340e-01
6.251500428693913136e+01,2.162303057858362187e+00
6.253501000285795897e+01,1.131689027654737334e+00
6.255501571877679368e+01,1.239950561827134923e+00
6.257502143469562839e+01,1.404783650402382955e+00
6.259502715061446310e+01,7.421611537790890889e-01
6.261503286653329781e+01,8.492833273662429017e-01
6.263503858245213252e+01,1.121073244774066335e+00
6.265504429837096723e+01,6.090518236505420013e-01
6.267505001428980194e+01,1.506215721171162203e+00
6.269505573020863665e+01,1.441503942321599840e+00
6.271506144612747136e+01,9.282015770493972084e-01
6.273506716204629896e+01,1.350279501014193473e+00
6.275507287796513367e+01,1.628645637018607317e+00
6.277507859388396838e+01,1.892202304749077246e+00
6.279508430980280309e+01,1.433785533486859221e+00
6.281509002572163780e+01,1.377771080513257473e+00
6.283509574164047251e+01,9.972650647159075898e-01
6.285510145755930722e+01,1.857504632660142985e+00
6.287510717347814193e+01,9.092498230650376545e-01
6.289511288939697664e+01,8.518737382683119197e-01
6.291511860531580425e+01,9.637874290169083924e-01
6.293512432123463896e+01,1.421808236413106385e+00
6.295513003715347367e+01,1.042650921017119092e+00
6.297513575307230838e+01,5.547577919046171591e-01
6.299514146899114309e+01,8.140705888080220776e-01
6.301514718490997780e+01,8.391907249721968221e-01
6.303515290082881251e+01,1.242511234012272370e+00
6.305515861674764722e+01,1.102778105419843335e+00
6.307516433266648193e+01,1.330786764499626518e+00
6.309517004858530953e+01,1.222040118240859119e+00
6.311517576450414424e+01,6.946035904562570806e-01
6.313518148042297895e+01,1.657677699014306505e+00
6.315518719634181366e+01,1.529894994965229627e+00
6.317519291226064837e+01,1.085104008455558322e+00
6.319519862817948308e+01,1.475738734952599440e+00
6.321520434409831779e+01,1.392371625667804036e+00
6.323521006001715250e+01,1.060376168895863280e+00
6.325521577593598721e+01,5.952898144796813229e-01
6.327522149185482192e+01,1.945944383420657564e+00
6.329522720777364952e+01,1.753142887034031983e+00
6.331523292369248423e+01,1.068322372694594957e+00
6.333523863961131894e+01,1.402388758732044050e+00
6.335524435553015365e+01,1.831105799124703060e+00
6.337525007144898836e+01,1.658103238514755606e+00
6.339525578736782307e+01,1.255825821215784233e+00
6.341526150328665778e+01,2.810931227277492228e-01
6.343526721920549249e+01,1.028042953300976059e+00
6.345527293512432720e+01,1.381059065601602853e+00
6.347527865104315481e+01,1.487008209578350115e+00
6.349528436696198952e+01,1.971551448860551448e+00
6.351529008288082423e+01,5.336162057611228970e-01
6.353529579879965894e+01,1.511306536624198005e+00
6.355530151471849365e+01,1.214634540900384252e+00
6.357530723063732836e+01,1.201109284174840086e+00
6.359531294655616307e+01,1.627310245012552503e+00
6.361531866247499778e+01,2.327492917084801327e+00
6.363532437839383249e+01,2.287663265259495038e+00
6.365533009431266720e+01,2.586560714306467279e+00
6.367533581023149480e+01,2.867289727166292046e+00
6.369534152615032951e+01,1.952389532641052750e+00
6.371534724206916422e+01,2.583131536273327367e+00
6.373535295798799893e+01,2.599276062878991933e+00
6.375535867390683364e+01,2.398465941823463954e+00
6.377536438982566835e+01,2.532169965018683300e+00
6.379537010574450306e+01,3.058926518784422122e+00
6.381537582166333777e+01,3.297788378395841491e+00
6.383538153758217248e+01,3.632797433038597035e+00
6.385538725350100009e+01,3.070534916082413801e+00
6.387539296941983480e+01,3.851995531873025236e+00
6.389539868533866951e+01,2.675940940016269476e+00
6.391540440125750422e+01,2.837670543166441739e+00
6.393541011717633893e+01,3.319353974897145676e+00
6.395541583309517364e+01,2.708447121676816671e+00
6.397542154901400835e+01,2.128532727796647706e+00
6.399542726493284306e+01,2.313250913932659358e+00
6.401543298085167066e+01,2.780993430189978355e+00
6.403543869677051248e+01,2.872878123518449733e+00
6.405544441268934008e+01,1.684555341222183422e+00
6.407545012860816769e+01,2.212388899479208693e+00
6.409545584452700950e+01,2.369891016568451469e+00
6.411546156044585132e+01,1.771617820961465917e+00
6.413546727636467892e+01,1.872680077756401218e+00
6.415547299228350653e+01,1.521839195149208068e+00
6.417547870820234834e+01,1.746241302063178846e+00
6.419548442412119016e+01,1.407011979335743845e+00
6.421549014004001776e+01,1.651523867511030863e+00
6.423549585595884537e+01,1.429004109274178536e+00
6.425550157187768718e+01,9.818265336450895386e-01
6.427550728779651479e+01,1.454212647124578206e+00
6.429551300371534239e+01,1.924861926084338926e+00
6.431551871963418421e+01,9.042097765741142767e-01
6.433552443555302602e+01,1.903025416016089988e+00
6.435553015147185363e+01,1.049147208717304380e+00
6.437553586739068123e+01,9.311207543426178734e-01
6.439554158330952305e+01,1.310857203927972670e+00
6.441554729922835065e+01,1.816560102358815598e+00
6.443555301514717826e+01,1.076932959226551523e+00
6.445555873106602007e+01,1.084115272759093029e+00
6.447556444698486189e+01,1.304366518509899375e+00
6.449557016290368949e+01,1.149669687411444485e+00
6.451557587882251710e+01,1.592437762959312053e+00
6.453558159474135891e+01,1.609344092901981549e+00
6.455558731066020073e+01,1.339784816460831696e+00
6.457559302657902833e+01,1.636958251025603772e+00
6.459559874249785594e+01,1.883283109512329467e+00
6.461560445841669775e+01,8.862075374192626143e-01
6.463561017433552536e+01,1.238441450371972286e+00
6.465561589025435296e+01,1.373704717279651266e+00
6.467562160617319478e+01,5.387045362555934469e-01
6.469562732209203659e+01,9.697739148846875601e-01
6.471563303801086420e+01,1.991814779915929812e+00
6.473563875392969180e+01,2.402995359537908104e+00
6.475564446984853362e+01,1.845453083270906625e+00
6.477565018576737543e+01,9.913840785229441899e-01
6.479565590168618883e+01,1.642217731407696890e+00
6.481566161760503064e+01,1.786726357703079859e+00
6.483566733352387246e+01,2.296532804603188538e+00
6.485567304944270006e+01,2.121935493430846087e+00
6.487567876536152767e+01,1.948496386553927096e+00
6.489568448128036948e+01,2.606337929844150025e+00
6.491569019719921130e+01,1.669927362267781268e+00
6.493569591311803890e+01,2.835818071930055861e+00
6.495570162903686651e+01,2.370286371257988911e+00
6.497570734495570832e+01,2.895292354953120650e+00
6.499571306087453593e+01,2.991777428294253305e+00
6.501571877679336353e+01,3.633001766145903311e+00
6.503572449271220535e+01,2.453180320011850934e+00
6.505573020863104716e+01,3.881494118675674621e+00
6.507573592454987477e+01,3.001132249565282351e+00
6.509574164046870237e+01,3.747433512012720236e+00
6.511574735638754419e+01,4.148584163386676238e+00
6.513575307230638600e+01,4.368673087107330488e+00
6.515575878822521361e+01,4.185499456639057314e+00
6.517576450414404121e+01,4.271047407029346488e+00
6.519577022006288303e+01,3.716511555975447578e+00
6.521577593598171063e+01,2.977255568861184809e+00
6.523578165190053824e+01,2.901371769458215955e+00
6.525578736781938005e+01,3.352914933805143605e+00
6.527579308373822187e+01,3.280850164685366721e+00
6.529579879965704947e+01,2.161518054850863457e+00
6.531580451557587708e+01,2.852510989837805155e+00
6.533581023149471889e+01,2.859453051035106164e+00
6.535581594741354650e+01,1.840709873139330099e+00
6.537582166333237410e+01,1.313670543255264667e+00
6.539582737925121592e+01,1.631217575252768226e+00
6.541583309517005773e+01,2.420977877355094066e+00
6.543583881108888534e+01,1.867396851456585516e+00
6.545584452700771294e+01,1.490725980029142583e+00
6.547585024292655476e+01,1.646195848743014611e+00
6.549585595884539657e+01,1.829604656811647967e+00
6.551586167476422418e+01,1.988736334831106234e+00
6.553586739068305178e+01,1.417949503230479191e+00
6.555587310660189360e+01,2.062579438381282770e+00
6.557587882252072120e+01,1.181720593560918520e+00
6.559588453843954881e+01,1.805154920119998119e+00
6.561589025435839062e+01,1.825302701532590444e+00
6.563589597027723244e+01,1.481854453674552152e+00
6.565590168619606004e+01,1.906589960035114606e+00
6.567590740211488765e+01,1.430533560692147876e+00
6.569591311803372946e+01,1.658091828589572936e+00
6.571591883395257128e+01,2.090763248307154765e+00
6.573592454987138467e+01,1.448813916012552827e+00
6.575593026579022649e+01,1.761655694970641006e+00
6.577593598170906830e+01,1.710477847071612878e+00
6.579594169762789591e+01,1.122216488119587741e+00
6.581594741354672351e+01,1.092467700345614245e+00
6.583595312946556533e+01,2.148900842602149197e+00
6.585595884538440714e+01,2.375636729320750540e+00
6.587596456130323475e+01,2.300899336009065710e+00
6.589597027722206235e+01,2.378971002872516394e+00
6.591597599314090417e+01,1.637980200187687529e+00
6.593598170905973177e+01,2.435484585058981022e+00
6.595598742497855937e+01,2.013554514943593166e+00
6.597599314089740119e+01,2.676274273484036570e+00
6.599599885681624301e+01,1.782357417976736969e+00
6.601600457273507061e+01,2.514901292004023681e+00
6.603601028865389821e+01,2.132483077936397464e+00
6.605601600457274003e+01,2.358439237973795510e+00
6.607602172049158185e+01,2.398124030417351893e+00
6.609602743641040945e+01,2.864742350248514757e+00
6.611603315232923705e+01,3.020274710301911636e+00
6.613603886824807887e+01,2.479188764476920603e+00
6.615604458416690647e+01,3.077646180207759929e+00
6.617605030008573408e+01,3.161556547119581229e+00
6.619605601600457589e+01,3.046626705479765995e+00
6.621606173192341771e+01,2.723740433833317542e+00
6.623606744784224531e+01,3.360073407539732937e+00
6.625607316376107292e+01,3.266658111295484890e+00
6.627607887967991473e+01,3.166013704653549254e+00
6.629608459559874234e+01,3.890573980660015696e+00
6.631609031151756994e+01,4.084642912731335507e+00
6.633609602743641176e+01,4.430836899605894885e+00
6.635610174335525357e+01,3.580277655319071162e+00
6.637610745927408118e+01,3.613992597912355720e+00
6.639611317519290878e+01,2.723907895896603204e+00
6.641611889111175060e+01,2.906093841434581382e+00
6.643612460703059241e+01,3.287805719878707400e+00
6.645613032294942002e+01,2.133963965524349859e+00
6.647613603886824762e+01,2.637096352461066662e+00
6.649614175478708944e+01,3.142506846608468241e+00
6.651614747070591704e+01,2.226308499109333816e+00
6.653615318662474465e+01,2.358074818747468271e+00
6.655615890254358646e+01,2.465815037294067036e+00
6.657616461846242828e+01,1.310971809030227142e+00
6.659617033438125588e+01,1.297184142294949716e+00
6.661617605030008349e+01,2.254121452511422596e+00
6.663618176621892530e+01,2.302558888857082486e+00
6.665618748213776712e+01,1.488130982502646749e+00
6.667619319805658051e+01,1.794551274188980639e+00
6.669619891397542233e+01,2.056874973903296766e+00
6.671620462989426414e+01,1.009009326235219994e+00
6.673621034581309175e+01,1.290801273475930655e+00
6.675621606173191935e+01,1.464124184090337844e+00
6.677622177765076117e+01,1.690387656991286569e+00
6.679622749356960298e+01,1.950383182443021779e+00
6.681623320948843059e+01,2.340554337353276892e+00
6.683623892540725819e+01,3.038772234075951317e+00
6.685624464132610001e+01,2.326779403104888289e+00
6.687625035724492761e+01,2.532612876700245597e+00
6.689625607316375522e+01,2.397921972355524289e+00
6.691626178908259703e+01,2.571108840725213174e+00
6.693626750500143885e+01,3.159323586574423359e+00
6.695627322092026645e+01,2.935007906313579440e+00
6.697627893683909406e+01,3.028477798499691787e+00
6.699628465275793587e+01,3.150861218171259637e+00
6.701629036867677769e+01,3.944575195260616951e+00
6.703629608459560529e+01,3.565292602684738021e+00
6.705630180051443290e+01,2.899500824426452628e+00
6.707630751643327471e+01,3.595979520283629771e+00
6.709631323235210232e+01,3.531258793069236734e+00
6.711631894827092992e+01,3.009972461807682187e+00
6.713632466418977174e+01,2.344827227828405025e+00
6.715633038010861355e+01,3.298633522051485301e+00
6.717633609602744116e+01,2.617091325045719952e+00
6.719634181194626876e+01,2.684362273928450726e+00
6.721634752786511058e+01,3.004847220651515993e+00
6.723635324378393818e+01,3.010573075952592603e+00
6.725635895970276579e+01,2.267854862199649713e+00
6.727636467562160760e+01,2.229725693097427186e+00
6.729637039154044942e+01,2.554133052294565331e+00
6.731637610745927702e+01,2.745812475512848572e+00
6.733638182337810463e+01,2.984830473432257048e+00
6.735638753929694644e+01,3.128605522938834316e+00
6.737639325521578826e+01,2.110597112358357563e+00
6.739639897113461586e+01,2.611806366873788310e+00
6.741640468705344347e+01,2.358616490192095849e+00
6.743641040297228528e+01,2.863397117039448325e+00
6.745641611889111289e+01,3.580629723966754163e+00
6.747642183480994049e+01,3.171002193535150226e+00
6.749642755072878231e+01,3.332202180751952625e+00
6.751643326664762412e+01,4.370960913950872495e+00
6.753643898256645173e+01,5.062969107656937418e+00
6.755644469848527933e+01,4.806693603234831080e+00
6.757645041440412115e+01,5.424727446972278599e+00
6.759645613032296296e+01,5.176687936511600974e+00
6.761646184624177636e+01,5.806613386873719307e+00
6.763646756216061817e+01,6.002789431099479600e+00
6.765647327807945999e+01,6.485054549765083109e+00
6.767647899399828759e+01,6.183652107506183881e+00
6.769648470991711520e+01,5.818764941376825206e+00
6.771649042583595701e+01,5.328141666513961816e+00
6.773649614175479883e+01,5.488849196527969987e+00
6.775650185767362643e+01,5.483391400536441473e+00
6.777650757359245404e+01,4.738960939695090246e+00
6.779651328951129585e+01,4.541977359226653910e+00
6.781651900543012346e+01,3.993496508359935859e+00
6.783652472134895106e+01,4.975492022799657299e+00
6.785653043726779288e+01,3.566974585219026217e+00
6.787653615318663469e+01,3.444926438682784919e+00
6.789654186910546230e+01,3.875604500313186485e+00
6.791654758502428990e+01,3.828806265971941070e+00
6.793655330094313172e+01,4.771635336717105602e+00
6.795655901686197353e+01,4.471484847695831988e+00
6.797656473278080114e+01,5.412763116408062736e+00
6.799657044869962874e+01,5.335713124453334011e+00
6.801657616461847056e+01,6.304370983961906205e+00
6.803658188053729816e+01,7.565413851353215868e+00
6.805658759645612577e+01,8.857107237642296127e+00
6.807659331237496758e+01,1.023648600992425273e+01
6.809659902829380940e+01,1.105414540258949607e+01
6.811660474421263700e+01,1.212282212558084282e+01
6.813661046013146461e+01,1.313568385934926397e+01
6.815661617605030642e+01,1.463383328715556253e+01
6.817662189196913403e+01,1.562460649817846559e+01
6.819662760788796163e+01,1.597684048680304869e+01
6.821663332380680345e+01,1.608758377975742704e+01
6.823663903972564526e+01,1.568675048297991204e+01
6.825664475564447287e+01,1.605841186536085274e+01
6.827665047156330047e+01,1.587033296791095083e+01
6.829665618748214229e+01,1.614964681544912395e+01
6.831666190340098410e+01,1.424349796042435656e+01
6.833666761931981171e+01,1.348448637757363144e+01
6.835667333523863931e+01,1.214666290965898554e+01
6.837667905115748113e+01,1.198208503310849338e+01
6.839668476707630873e+01,1.002759355441622091e+01
6.841669048299513634e+01,9.655761261748166291e+00
6.843669619891397815e+01,8.029753605944296879e+00
6.845670191483281997e+01,7.875099253339751471e+00
6.847670763075164757e+01,6.934438032349933501e+00
6.849671334667047518e+01,5.893342862442411345e+00
6.851671906258931699e+01,5.398416341291445875e+00
6.853672477850815881e+01,4.645080499367867155e+00
6.855673049442697220e+01,4.311276248850619552e+00
6.857673621034581402e+01,4.526531221872646782e+00
6.859674192626465583e+01,3.633880364438342614e+00
6.861674764218348344e+01,2.973870854812418862e+00
6.863675335810231104e+01,2.306794697243373271e+00
6.865675907402115286e+01,1.861282982674891118e+00
6.867676478993999467e+01,2.045417272491699912e+00
6.869677050585882228e+01,2.959769784365599676e+00
6.871677622177764988e+01,2.443792165448178455e+00
6.873678193769649170e+01,2.521734694847978631e+00
6.875678765361531930e+01,2.002537970869237682e+00
6.877679336953414690e+01,2.062038677513394092e+00
6.879679908545298872e+01,2.341823991352183221e+00
6.881680480137183054e+01,2.954907323264196251e+00
6.883681051729065814e+01,2.646756067615323005e+00
6.885681623320948574e+01,2.033532512385370250e+00
6.887682194912832756e+01,2.582728502611748134e+00
6.889682766504716938e+01,2.420275580528027159e+00
6.891683338096599698e+01,1.928479731824598531e+00
6.893683909688482458e+01,2.751469493495247054e+00
6.895684481280366640e+01,2.840848836518059972e+00
6.897685052872249400e+01,1.408384056730258571e+00
6.899685624464132161e+01,2.554503365405387694e+00
6.901686196056016342e+01,1.773160415341588081e+00
6.903686767647900524e+01,1.467077776412613721e+00
6.905687339239783284e+01,1.871339693503728974e+00
6.907687910831666045e+01,2.407214626308228134e+00
6.909688482423550226e+01,1.510276581548506192e+00
6.911689054015432987e+01,1.178069611512316817e+00
6.913689625607315747e+01,1.999207943618436900e+00
6.915690197199199929e+01,1.864794191609566276e+00
6.917690768791084110e+01,1.642952584779644010e+00
6.919691340382966871e+01,2.124767149658438825e+00
6.921691911974849631e+01,1.351991109608347230e+00
6.923692483566733813e+01,1.642849692848544985e+00
6.925693055158617994e+01,1.461185179008365420e+00
6.927693626750500755e+01,1.828831037543248161e+00
6.929694198342383515e+01,1.595282834353591639e+00
6.931694769934267697e+01,1.646549157316202994e+00
6.933695341526150457e+01,2.361490527196460576e+00
6.935695913118033218e+01,2.204454282776337593e+00
6.937696484709917399e+01,1.404798474536999464e+00
6.939697056301801581e+01,1.539105623428998149e+00
6.941697627893684341e+01,2.737756699946231720e+00
6.943698199485567102e+01,1.122311192648019151e+00
6.945698771077451283e+01,1.569161307389181026e+00
6.947699342669335465e+01,1.865451783946731723e+00
6.949699914261216804e+01,2.302438635262581634e+00
6.951700485853100986e+01,2.207781996541595237e+00
6.953701057444985167e+01,2.337472112143939462e+00
6.955701629036867928e+01,2.373511565934092182e+00
6.957702200628750688e+01,3.078233976318420773e+00
6.959702772220634870e+01,2.530888165449994620e+00
6.961703343812519051e+01,3.371813698120297076e+00
6.963703915404401812e+01,3.497986092905412292e+00
6.965704486996284572e+01,2.483648100727780417e+00
6.967705058588168754e+01,3.139841017717404092e+00
6.969705630180051514e+01,3.206780373865853573e+00
6.971706201771934275e+01,2.961032381521293111e+00
6.973706773363818456e+01,3.099187613713392242e+00
6.975707344955702638e+01,2.849361342423669896e+00
6.977707916547585398e+01,3.514248112995304041e+00
6.979708488139468159e+01,3.889461922960959050e+00
6.981709059731352340e+01,4.546965101099756268e+00
6.983709631323236522e+01,4.256777908457497261e+00
6.985710202915119282e+01,4.506488198582747629e+00
6.987710774507002043e+01,4.884637672112419615e+00
6.989711346098886224e+01,4.459007594897240523e+00
6.991711917690768985e+01,5.824579775086776046e+00
6.993712489282651745e+01,4.674907437766785634e+00
6.995713060874535927e+01,5.143958168210344795e+00
6.997713632466420108e+01,5.769719464022501576e+00
6.999714204058302869e+01,4.598187678953223667e+00
7.001714775650185629e+01,4.518145120726536845e+00
7.003715347242069811e+01,5.157278800701545762e+00
7.005715918833952571e+01,4.576130565419061824e+00
7.007716490425835332e+01,4.421729326740275745e+00
7.009717062017719513e+01,3.492615888904628818e+00
7.011717633609603695e+01,3.665331016200674696e+00
7.013718205201486455e+01,3.333407653422737482e+00
7.015718776793369216e+01,2.784898494577730421e+00
7.017719348385253397e+01,2.520732594644292668e+00
7.019719919977137579e+01,2.323502606716864705e+00
7.021720491569020339e+01,1.707291015324666539e+00
7.023721063160903100e+01,2.309800508164980393e+00
7.025721634752787281e+01,1.337693972613711146e+00
7.027722206344670042e+01,1.949939175069467456e+00
7.029722777936552802e+01,9.709236315837728171e-01
7.031723349528436984e+01,1.963188071587929073e+00
7.033723921120321165e+01,9.059116775033786428e-01
7.035724492712203926e+01,1.683929817161247566e+00
7.037725064304086686e+01,8.733666350861134520e-01
7.039725635895970868e+01,2.126011019683629044e+00
7.041726207487855049e+01,1.620580678237697914e+00
7.043726779079736389e+01,1.962378508998413595e+00
7.045727350671620570e+01,1.415953812272696011e+00
7.047727922263504752e+01,1.815068681865013911e+00
7.049728493855387512e+01,2.335183297206194108e+00
7.051729065447270273e+01,1.041994466345533832e+00
7.053729637039154454e+01,2.161294446220916488e+00
7.055730208631038636e+01,2.769298340993821661e+00
7.057730780222921396e+01,2.478585972829051798e+00
7.059731351814804157e+01,2.320415835865413889e+00
7.061731923406688338e+01,3.082326766592520695e+00
7.063732494998571099e+01,2.423092013535316891e+00
7.065733066590453859e+01,2.905574938906919868e+00
7.067733638182338041e+01,2.931370528676166209e+00
7.069734209774222222e+01,2.136853944487630663e+00
7.071734781366104983e+01,3.138338308515332908e+00
7.073735352957987743e+01,3.397889485712773272e+00
7.075735924549871925e+01,3.846897031608451201e+00
7.077736496141756106e+01,3.247435100684673781e+00
7.079737067733638867e+01,3.539646391990880048e+00
7.081737639325521627e+01,3.768385457590866849e+00
7.083738210917405809e+01,3.830959252810227422e+00
7.085738782509288569e+01,3.852772809881218841e+00
7.087739354101171330e+01,4.267443391358144211e+00
7.089739925693055511e+01,3.415046940427459710e+00
7.091740497284939693e+01,3.901600879499870445e+00
7.093741068876822453e+01,4.047584619439632547e+00
7.095741640468705214e+01,3.986997243901241994e+00
7.097742212060589395e+01,3.316660604127287026e+00
7.099742783652472156e+01,4.211690893585362083e+00
7.101743355244354916e+01,4.196348217336550057e+00
7.103743926836239098e+01,3.770072395183636793e+00
7.105744498428123279e+01,3.948140337099611319e+00
7.107745070020006040e+01,4.381908829423307949e+00
7.109745641611888800e+01,3.850357425396802924e+00
7.111746213203772982e+01,3.413820883038764187e+00
7.113746784795657163e+01,3.309918244676322896e+00
7.115747356387539924e+01,3.379880060397931096e+00
7.117747927979422684e+01,3.946861699720130900e+00
7.119748499571306866e+01,3.644077181234837148e+00
7.121749071163189626e+01,3.262551552063897908e+00
7.123749642755072387e+01,3.314288144965916505e+00
7.125750214346956568e+01,2.566456406410737134e+00
7.127750785938840750e+01,2.855170820834051604e+00
7.129751357530723510e+01,2.699348411665088321e+00
7.131751929122606271e+01,2.794894376958986459e+00
7.133752500714490452e+01,2.402924160874880144e+00
7.135753072306374634e+01,1.960271432084786047e+00
7.137753643898255973e+01,2.578369376838364424e+00
7.139754215490140155e+01,2.729078709982692530e+00
7.141754787082024336e+01,1.790328671913145042e+00
7.143755358673907097e+01,2.711092687414186742e+00
7.145755930265789857e+01,2.364587965878470310e+00
7.147756501857674039e+01,2.731301580725102873e+00
7.149757073449558220e+01,2.463721127344279616e+00
7.151757645041440981e+01,2.592579339225242752e+00
7.153758216633323741e+01,3.660821856867665591e+00
7.155758788225207923e+01,3.881785930111477434e+00
7.157759359817090683e+01,3.398718246530435749e+00
7.159759931408973443e+01,3.075970842526973836e+00
7.161760503000857625e+01,3.183800393126497763e+00
7.163761074592741807e+01,3.214668738365421774e+00
7.165761646184624567e+01,3.397358760526613342e+00
7.167762217776507327e+01,3.802467060351629069e+00
7.169762789368391509e+01,3.861278011150625744e+00
7.171763360960275691e+01,4.005385412777725307e+00
7.173763932552158451e+01,3.675490248490291378e+00
7.175764504144041211e+01,4.179251504818200402e+00
7.177765075735925393e+01,3.458418099144285218e+00
7.179765647327808153e+01,3.799095292835992232e+00
7.181766218919690914e+01,3.953438857744504542e+00
7.183766790511575095e+01,3.648343035267243017e+00
7.185767362103459277e+01,3.931901126031637883e+00
7.187767933695342037e+01,3.634084614599998542e+00
7.189768505287224798e+01,3.329890595027146016e+00
7.191769076879108979e+01,2.783489055284984026e+00
7.193769648470991740e+01,2.493099193580686102e+00
7.195770220062874500e+01,3.013031829851445131e+00
7.197770791654758682e+01,2.918447146702085160e+00
7.199771363246642863e+01,3.573285338031074510e+00
7.201771934838525624e+01,2.221215188307408717e+00
7.203772506430408384e+01,2.949248578653682173e+00
7.205773078022292566e+01,2.666219351759782086e+00
7.207773649614176747e+01,2.543901059624576799e+00
7.209774221206059508e+01,2.506799199101637399e+00
7.211774792797942268e+01,1.398613235719648351e+00
7.213775364389826450e+01,1.890103484844552595e+00
7.215775935981709210e+01,2.080450396121828138e+00
7.217776507573591971e+01,1.869060740699069356e+00
7.219777079165476152e+01,1.480172537499981456e+00
7.221777650757360334e+01,1.366346543958139037e+00
7.223778222349243094e+01,2.352453869117450580e+00
7.225778793941125855e+01,1.535560249833512358e+00
7.227779365533010036e+01,1.875415738183933589e+00
7.229779937124894218e+01,1.724329714327709207e+00
7.231780508716775557e+01,1.786416525776298281e+00
7.233781080308659739e+01,1.436204205160769742e+00
7.235781651900543920e+01,1.954738918435122930e+00
7.237782223492426681e+01,2.466220373011831057e+00
7.239782795084309441e+01,2.435149750606939723e+00
7.241783366676193623e+01,2.703649571567221965e+00
7.243783938268077804e+01,3.086061015564232513e+00
7.245784509859960565e+01,3.321018935660089877e+00
7.247785081451843325e+01,2.716227312706568142e+00
7.249785653043727507e+01,2.826482645013417283e+00
7.251786224635610267e+01,3.876209782083322342e+00
7.253786796227493028e+01,3.823826215119918714e+00
7.255787367819377209e+01,4.367171070472777750e+00
7.257787939411261391e+01,3.876263721217544145e+00
7.259788511003144151e+01,4.202509024998827059e+00
7.261789082595026912e+01,3.519812191264835466e+00
7.263789654186911093e+01,3.745410011697178465e+00
7.265790225778795275e+01,4.397093259988718472e+00
7.267790797370678035e+01,4.123775738153495851e+00
7.269791368962560796e+01,3.936840895859034628e+00
7.271791940554444977e+01,3.668732105935355037e+00
7.273792512146327738e+01,3.752258205562847948e+00
7.275793083738210498e+01,3.760954770535657410e+00
7.277793655330094680e+01,4.134965577250542701e+00
7.279794226921978861e+01,3.278616491808315381e+00
7.281794798513861622e+01,4.124957911762894724e+00
7.283795370105744382e+01,3.356441781809901492e+00
7.285795941697628564e+01,3.432848386067887780e+00
7.287796513289511324e+01,4.474636368289722554e+00
7.289797084881394085e+01,3.841643005926266952e+00
7.291797656473278266e+01,4.468528747396590006e+00
7.293798228065162448e+01,4.552773566583059761e+00
7.295798799657045208e+01,5.462517273161852316e+00
7.297799371248927969e+01,6.163096710179308602e+00
7.299799942840812150e+01,7.983040238021508195e+00
7.301800514432696332e+01,7.478853560081073049e+00
7.303801086024579092e+01,8.795467929252675177e+00
7.305801657616461853e+01,1.027238327761807035e+01
7.307802229208346034e+01,1.068347218554962375e+01
7.309802800800228795e+01,1.230009855066292346e+01
7.311803372392111555e+01,1.271328619107538849e+01
7.313803943983995737e+01,1.233333072982796530e+01
7.315804515575879918e+01,1.312077133156113895e+01
7.317805087167762679e+01,1.332799385148211258e+01
7.319805658759645439e+01,1.309115593136692013e+01
7.321806230351529621e+01,1.277781768984014832e+01
7.323806801943413802e+01,1.301821222371963138e+01
7.325807373535295142e+01,1.225317185192848157e+01
7.327807945127179323e+01,1.168968845565779802e+01
7.329808516719063505e+01,1.147096559037738750e+01
7.331809088310946265e+01,1.071429802458733604e+01
7.333809659902829026e+01,1.037939485173171406e+01
7.335810231494713207e+01,8.248804241788377567e+00
7.337810803086597389e+01,7.367643481156608054e+00
7.339811374678480149e+01,7.306231458386960753e+00
7.341811946270362910e+01,6.933137178998954653e+00
7.343812517862247091e+01,6.566493152965078295e+00
7.345813089454129852e+01,6.518435828867448656e+00
7.347813661046012612e+01,5.592332435617093367e+00
7.349814232637896794e+01,5.574304274519612079e+00
7.351814804229780975e+01,5.134086815420635830e+00
7.353815375821663736e+01,5.120670975290449789e+00
7.355815947413546496e+01,4.843868638268617133e+00
7.357816519005430678e+01,5.084394518080208591e+00
7.359817090597314859e+01,4.850281351345240743e+00
7.361817662189197620e+01,4.486555387645437598e+00
7.363818233781080380e+01,4.827949817040617653e+00
7.365818805372964562e+01,4.612495692401928693e+00
7.367819376964847322e+01,4.515301493283754297e+00
7.369819948556730083e+01,4.035534123896413305e+00
7.371820520148614264e+01,3.644949466477097832e+00
7.373821091740498446e+01,4.490401682553477158e+00
7.375821663332381206e+01,4.269196486647158117e+00
7.377822234924263967e+01,3.815325496107969450e+00
7.379822806516148148e+01,4.252449240169445588e+00
7.381823378108030909e+01,4.334037002685605877e+00
7.383823949699913669e+01,4.590436937613267432e+00
7.385824521291797851e+01,3.475342686816678572e+00
7.387825092883682032e+01,3.375421843855794357e+00
7.389825664475564793e+01,3.999020361792336775e+00
7.391826236067447553e+01,3.251376752260923375e+00
7.393826807659331735e+01,2.926291040106275609e+00
7.395827379251215916e+01,3.082426150093824369e+00
7.397827950843098677e+01,2.244447290669400630e+00
7.399828522434981437e+01,1.965349938927642981e+00
7.401829094026865619e+01,2.435440898189772163e+00
7.403829665618748379e+01,2.302496433788517205e+00
7.405830237210632561e+01,1.910745647435079464e+00
7.407830808802515321e+01,1.761968314851378281e+00
7.409831380394398082e+01,2.151123010875052088e+00
7.411831951986282263e+01,1.118202271270798409e+00
7.413832523578165024e+01,1.447832379672226999e+00
7.415833095170049205e+01,1.122464670788339447e+00
7.417833666761931966e+01,1.569133391269639244e+00
7.419834238353816147e+01,1.181006586715040108e+00
7.421834809945698908e+01,6.216046995583285328e-01
7.423835381537583089e+01,1.187657296652925742e+00
7.425835953129465850e+01,1.117812260777384159e+00
7.427836524721348610e+01,1.176622675292794185e+00
7.429837096313232792e+01,9.871069382945529824e-01
7.431837667905115552e+01,1.995128781519940109e+00
7.433838239496999734e+01,1.897621700313515181e+00
7.435838811088882494e+01,1.174468859727223702e+00
7.437839382680766676e+01,1.911868505461596701e+00
7.439839954272649436e+01,2.282807584350739827e+00
7.441840525864533618e+01,2.567554902241534265e+00
7.443841097456416378e+01,1.508722444856912315e+00
7.445841669048300560e+01,1.510898053352273340e+00
7.447842240640183320e+01,1.526240597727079651e+00
7.449842812232066080e+01,2.908777067644916947e+00
7.451843383823950262e+01,2.726814254702365492e+00
7.453843955415833022e+01,2.783090640484775058e+00
7.455844527007717204e+01,3.204508332116269731e+00
7.457845098599599964e+01,3.697526863360550031e+00
7.459845670191484146e+01,3.492760002822365539e+00
7.461846241783366906e+01,3.128017049652656922e+00
7.463846813375251088e+01,3.057543046144893584e+00
7.465847384967133848e+01,3.868679200062326462e+00
7.467847956559016609e+01,3.263222110287734345e+00
7.469848528150900790e+01,2.287199524751295066e+00
7.471849099742783551e+01,2.888165637832126542e+00
7.473849671334667732e+01,2.200990774887891188e+00
7.475850242926550493e+01,2.640574171111623514e+00
7.477850814518434674e+01,2.760703327444834709e+00
7.479851386110317435e+01,2.029799899937852814e+00
7.481851957702201616e+01,1.699942653121253144e+00
7.483852529294084377e+01,2.248002133890101728e+00
7.485853100885967137e+01,2.462461243296582669e+00
7.487853672477851319e+01,9.438741474218117489e-01
7.489854244069734079e+01,1.044408030979383284e+00
7.491854815661618261e+01,8.640447813159231050e-01
7.493855387253501021e+01,1.620092772550976612e+00
7.495855958845385203e+01,1.015008395867638136e+00
7.497856530437267963e+01,9.020518731491766751e-01
7.499857102029152145e+01,1.273402628645369905e+00
7.501857673621034905e+01,1.295561299178614956e+00
7.503858245212917666e+01,1.911406845422248590e+00
7.505858816804801847e+01,1.180589319089772715e+00
7.507859388396684608e+01,1.796871134738889042e+00
7.509859959988568789e+01,4.626948702296880267e-01
7.511860531580451550e+01,1.742632109361992976e+00
7.513861103172335731e+01,8.414126397637736732e-01
7.515861674764218492e+01,8.443011723983215866e-01
7.517862246356102673e+01,1.271534131339694174e+00
7.519862817947985434e+01,5.035039843540427551e-01
7.521863389539868194e+01,5.203827603688757630e-01
7.523863961131752376e+01,1.988137016302567783e+00
7.525864532723635136e+01,3.826711859980481689e-01
7.527865104315519318e+01,1.182017310586405134e+00
7.529865675907402078e+01,1.124669459900976776e+00
7.531866247499286260e+01,1.507915838078669246e+00
7.533866819091169020e+01,8.590866924249406233e-01
7.535867390683053202e+01,1.107310617395605545e+00
7.537867962274935962e+01,1.559952742901318690e+00
7.539868533866820144e+01,9.453339616023179737e-01
7.541869105458702904e+01,1.664359738569617830e+00
7.543869677050585665e+01,1.247634958694682439e+00
7.545870248642469846e+01,1.274337529502679089e+00
7.547870820234352607e+01,8.683158777103450188e-01
7.549871391826236788e+01,9.042078432098189511e-01
7.551871963418119549e+01,4.131137391451136232e-01
7.553872535010003730e+01,9.293241444088053971e-01
7.555873106601886491e+01,1.777779925205148270e+00
7.557873678193770672e+01,1.457092559638353269e+00
7.559874249785653433e+01,1.548289632059898668e+00
7.561874821377536193e+01,1.231219367026799905e+00
7.563875392969420375e+01,2.019840742236056474e+00
7.565875964561303135e+01,1.179639966425204411e+00
7.567876536153187317e+01,1.674242098847561255e+00
7.569877107745070077e+01,1.383307964079293351e+00
7.571877679336954259e+01,1.779644820171919273e+00
7.573878250928837019e+01,1.174819444738716578e+00
7.575878822520721201e+01,9.292080207797657199e-01
7.577879394112603961e+01,1.560548686017211528e+00
7.579879965704486722e+01,1.175360198727787520e+00
7.581880537296370903e+01,1.168924950132154805e+00
7.583881108888253664e+01,1.211906498418688249e+00
7.585881680480137845e+01,8.480498554699618108e-01
7.587882252072020606e+01,2.042282132403476780e+00
7.589882823663904787e+01,1.805514480032100355e+00
7.591883395255787548e+01,1.442309266252264743e+00
7.593883966847671729e+01,6.777803414149651262e-01
7.595884538439554490e+01,2.020962253247081897e+00
7.597885110031437250e+01,1.254361778604832445e+00
7.599885681623321432e+01,1.496308588724019284e+00
7.601886253215204192e+01,2.654249548613352605e+00
7.603886824807088374e+01,1.678717579930329773e+00
7.605887396398971134e+01,2.042578138242879593e+00
7.607887967990855316e+01,2.379858035226602553e+00
7.609888539582738076e+01,2.022917280230972281e+00
7.611889111174622258e+01,2.277292753538761261e+00
7.613889682766505018e+01,1.660539599514704534e+00
7.615890254358387779e+01,3.117585887006367074e+00
7.617890825950271960e+01,2.493661582040694213e+00
7.619891397542154721e+01,2.586845699665512033e+00
7.621891969134038902e+01,2.723727976629765735e+00
7.623892540725921663e+01,2.275198031054889380e+00
7.625893112317805844e+01,2.238295176718522406e+00
7.627893683909688605e+01,2.367558437856382980e+00
7.629894255501572786e+01,1.454424775972044115e+00
7.631894827093455547e+01,1.948729245095849993e+00
7.633895398685339728e+01,1.330961174468663799e+00
7.635895970277222489e+01,1.911002568235496302e+00
7.637896541869105249e+01,1.860529788862590905e+00
7.639897113460989431e+01,1.341838645397420926e+00
7.641897685052872191e+01,2.149026358716219498e+00
7.643898256644756373e+01,1.975743505378495080e+00
7.645898828236639133e+01,1.400660227189634011e+00
7.647899399828523315e+01,1.759336110021801236e+00
7.649899971420406075e+01,1.135132758499983519e+00
7.651900543012290257e+01,1.435481462339190051e+00
7.653901114604173017e+01,1.414518387054507720e+00
7.655901686196055778e+01,9.701614241431408825e-01
7.657902257787939959e+01,2.136317523882004465e+00
7.659902829379822720e+01,2.263308252181848168e+00
7.661903400971706901e+01,2.052462956847580067e+00
7.663903972563589662e+01,1.820644329671083028e+00
7.665904544155473843e+01,2.119787132697080079e+00
7.667905115747356604e+01,1.738827276335492167e+00
7.669905687339240785e+01,2.932583796507906460e+00
7.671906258931123546e+01,2.512781532495729220e+00
7.673906830523006306e+01,1.933461575745175409e+00
7.675907402114890488e+01,2.216382524963550260e+00
7.677907973706773248e+01,2.829791822103607579e+00
7.679908545298657430e+01,3.002163346794170184e+00
7.681909116890540190e+01,3.667917328457185544e+00
7.683909688482424372e+01,3.142427147316950276e+00
7.685910260074307132e+01,2.934756322521256067e+00
7.687910831666191314e+01,3.051142970064930182e+00
7.689911403258074074e+01,2.625176988210525586e+00
7.691911974849956835e+01,2.997733153265262018e+00
7.693912546441841016e+01,2.842596221644987597e+00
7.695913118033723777e+01,2.443544929542252220e+00
7.697913689625607958e+01,2.391786031839371329e+00
7.699914261217490719e+01,2.160066105107417034e+00
7.701914832809374900e+01,2.240804149805631251e+00
7.703915404401257661e+01,2.250537250954382174e+00
7.705915975993141842e+01,1.952281346562185993e+00
7.707916547585024603e+01,1.475239282391984208e+00
7.709917119176907363e+01,1.571810059412140248e+00
7.711917690768791545e+01,1.479361259510985960e+00
7.713918262360674305e+01,1.275813253344703746e+00
7.715918833952558487e+01,1.339963848785780565e+00
7.717919405544441247e+01,1.390966606978333076e+00
7.719919977136325429e+01,9.687287831806914440e-01
7.721920548728208189e+01,8.383891633375273322e-01
7.723921120320092371e+01,1.699927657392376723e+00
7.725921691911975131e+01,1.288278194900092322e+00
7.727922263503859313e+01,8.100001943977168661e-01
7.729922835095742073e+01,7.178162201695602596e-01
7.731923406687624833e+01,1.824463244754372493e+00
7.733923978279509015e+01,5.959965250878053178e-01
7.735924549871391775e+01,1.920076414069386894e+00
7.737925121463275957e+01,1.272635441255246969e+00
7.739925693055158717e+01,1.462171674819370271e+00
7.741926264647042899e+01,1.988613992027947530e+00
7.743926836238925659e+01,8.007347743643141724e-01
7.745927407830809841e+01,1.626803683251852428e+00
7.747927979422692601e+01,2.343023695232075543e+00
7.749928551014575362e+01,1.606261829281560249e+00
7.751929122606459543e+01,1.499706017129247115e+00
7.753929694198342304e+01,1.577614151307795254e+00
7.755930265790226485e+01,1.678494471482494754e+00
7.757930837382109246e+01,7.589837687853908665e-01
7.759931408973993427e+01,1.413864562371437206e+00
7.761931980565876188e+01,2.045661988441679568e+00
7.763932552157760369e+01,1.412067368663563638e+00
7.765933123749643130e+01,1.123638358259558601e+00
7.767933695341525890e+01,2.017822136310904568e+00
7.769934266933410072e+01,2.286061083444496767e+00
7.771934838525292832e+01,1.524947625177508037e+00
7.773935410117177014e+01,2.248959316263009267e+00
7.775935981709059774e+01,1.860705954653232297e+00
7.777936553300943956e+01,1.292072857078916170e+00
7.779937124892826716e+01,1.707635971836902744e+00
7.781937696484710898e+01,2.626532821248109162e+00
7.783938268076593658e+01,1.776033329164771413e+00
7.785938839668476419e+01,2.701045726291850801e+00
7.787939411260360600e+01,3.158359479845286977e+00
7.789939982852243361e+01,2.946679946993258081e+00
7.791940554444127542e+01,3.304265894825510141e+00
7.793941126036010303e+01,3.334996028038721416e+00
7.795941697627894484e+01,3.388011969248552191e+00
7.797942269219777245e+01,3.546932549606899521e+00
7.799942840811661426e+01,3.092709406141382011e+00
7.801943412403544187e+01,4.113163464967334981e+00
7.803943983995426947e+01,3.305350854125775673e+00
7.805944555587311129e+01,4.469605911819392929e+00
7.807945127179193889e+01,4.382832350000907873e+00
7.809945698771078071e+01,3.907058611960639194e+00
7.811946270362960831e+01,4.373282516651317842e+00
7.813946841954845013e+01,3.900191123009014937e+00
7.815947413546727773e+01,4.880651769102025028e+00
7.817947985138611955e+01,5.010395230766111041e+00
7.819948556730494715e+01,5.682738547273910257e+00
7.821949128322378897e+01,4.571927919040208899e+00
7.823949699914261657e+01,4.567317022654640013e+00
7.825950271506144418e+01,5.161405392005317339e+00
7.827950843098028599e+01,4.714702951218418647e+00
7.829951414689911360e+01,5.859927031490844485e+00
7.831951986281795541e+01,5.688540187762296974e+00
7.833952557873678302e+01,5.214291083923702885e+00
7.835953129465562483e+01,5.020244410456011330e+00
7.837953701057445244e+01,5.467185471952676679e+00
7.839954272649329425e+01,4.737040886833867148e+00
7.841954844241212186e+01,4.964647412448367270e+00
7.843955415833094946e+01,3.647263054985981690e+00
7.845955987424979128e+01,4.172870468906504371e+00
7.847956559016861888e+01,3.450580275350257242e+00
7.849957130608746070e+01,3.772489136604713522e+00
7.851957702200628830e+01,2.821479053309332130e+00
7.853958273792513012e+01,3.006904080333663742e+00
7.855958845384395772e+01,2.757840706306608602e+00
7.857959416976279954e+01,2.448502577723522311e+00
7.859959988568162714e+01,1.573384915670994921e+00
7.861960560160045475e+01,1.986794749432916340e+00
7.863961131751929656e+01,1.959944694869700133e+00
7.865961703343812417e+01,1.542876937225863720e+00
7.867962274935696598e+01,2.268247846154407110e+00
7.869962846527579359e+01,1.051233349370675141e+00
7.871963418119463540e+01,1.346792338581260129e+00
7.873963989711346301e+01,1.314129847625941983e+00
7.875964561303230482e+01,1.781233905787310334e+00
7.877965132895113243e+01,1.792042589388582297e+00
7.879965704486996003e+01,9.680256215171070266e-01
7.881966276078880185e+01,2.427404002504365721e+00
7.883966847670762945e+01,1.714396058067161999e+00
7.885967419262647127e+01,1.945185270273317002e+00
7.887967990854529887e+01,1.401902399482261252e+00
7.889968562446414069e+01,2.306259420973785002e+00
7.891969134038296829e+01,1.625676962192118102e+00
7.893969705630181011e+01,1.228648169266776780e+00
7.895970277222063771e+01,1.827597774457129898e+00
7.897970848813946532e+01,1.476736113929328020e+00
7.899971420405830713e+01,1.172880713400698438e+00
7.901971991997713474e+01,1.690106305245409724e+00
7.903972563589597655e+01,1.319534634842513432e+00
7.905973135181480416e+01,2.232595124548563348e+00
7.907973706773364597e+01,1.751710089478342391e+00
7.909974278365247358e+01,8.225641055169818916e-01
7.911974849957131539e+01,1.289281214462170810e+00
7.913975421549014300e+01,1.433164726752866880e+00
7.915975993140898481e+01,1.822258331330559145e+00
7.917976564732781242e+01,1.868521513051027760e+00
7.919977136324664002e+01,1.607440612637539123e+00
7.921977707916548184e+01,1.905691819269436760e+00
7.923978279508430944e+01,1.597839647269577945e+00
7.925978851100315126e+01,1.072868661235288901e+00
7.927979422692197886e+01,1.662255689199972020e+00
7.929979994284082068e+01,8.045393041582316052e-01
7.931980565875964828e+01,1.825592330844624023e+00
7.933981137467849010e+01,2.323658307941916412e+00
7.935981709059731770e+01,1.925556278721551440e+00
7.937982280651614531e+01,1.592551474035732717e+00
7.939982852243498712e+01,6.897466430933143489e-01
7.941983423835381473e+01,1.150674215883654705e+00
7.943983995427265654e+01,9.655909065248862166e-01
7.945984567019148415e+01,1.194785086784666328e+00
7.947985138611032596e+01,1.017466131152616526e+00
7.949985710202915357e+01,1.481586253498941463e+00
7.951986281794799538e+01,2.104836515758593318e+00
7.953986853386682299e+01,1.216963462047303768e+00
7.955987424978565059e+01,1.147079465512815144e+00
7.957987996570449241e+01,1.110510355281157935e+00
7.959988568162332001e+01,1.580392091035432989e+00
7.961989139754216183e+01,1.660195175700636128e+00
7.963989711346098943e+01,1.201988675451785227e+00
7.965990282937983125e+01,1.898456221428689528e+00
7.967990854529865885e+01,2.321928966864630794e+00
7.969991426121750067e+01,1.211353903766899442e+00
7.971991997713632827e+01,1.050281078239247101e+00
7.973992569305515588e+01,1.737562849126403464e+00
7.975993140897399769e+01,1.288738149348892748e+00
7.977993712489282530e+01,2.458978199981090462e+00
7.979994284081166711e+01,2.041868679807644416e+00
7.981994855673049472e+01,2.349495591453283350e+00
7.983995427264933653e+01,1.461132521649194604e+00
7.985995998856816414e+01,1.325120201988490454e+00
7.987996570448700595e+01,2.007881911376429684e+00
7.989997142040583356e+01,2.496634870897756819e+00
7.991997713632466116e+01,1.572356661576076675e+00
7.993998285224350298e+01,1.915940427586579231e+00
7.995998856816233058e+01,1.717070094220499721e+00
7.997999428408117240e+01,1.649857094317432882e+00
8.000000000000000000e+01,1.352239987928607556e+00
