angle,intensity
1.000000000000000000e+01,3.488405910312679215e+00
1.002000571591883471e+01,3.992357531713869534e+00
1.004001143183766764e+01,4.198418169260164312e+00
1.006001714775650235e+01,4.843791671178200531e+00
1.008002286367533529e+01,3.343116076456339236e+00
1.010002857959417000e+01,3.587730580865533536e+00
1.012003429551300293e+01,3.329904547481559174e+00
1.014004001143183764e+01,3.930657019275257458e+00
1.016004572735067235e+01,4.156738273286496366e+00
1.018005144326950528e+01,4.070410098382014397e+00
1.020005715918833999e+01,3.382169911978591070e+00
1.022006287510717293e+01,3.883296872171305925e+00
1.024006859102600764e+01,4.646814142820587357e+00
1.026007430694484057e+01,3.505481969728124536e+00
1.028008002286367528e+01,4.251770412812363453e+00
1.030008573878250999e+01,3.432151681970971868e+00
1.032009145470134293e+01,4.833018501799638322e+00
1.034009717062017764e+01,4.086292582291179087e+00
1.036010288653901057e+01,4.321042861416400704e+00
1.038010860245784528e+01,3.770816228097210843e+00
1.040011431837667999e+01,4.827121545950928905e+00
1.042012003429551292e+01,4.844914223094174410e+00
1.044012575021434763e+01,3.623577301565841680e+00
1.046013146613318057e+01,4.622281143252403801e+00
1.048013718205201528e+01,3.757435016657773907e+00
1.050014289797084821e+01,4.068944708428189116e+00
1.052014861388968292e+01,4.200498195836436466e+00
1.054015432980851585e+01,3.607447525300045310e+00
1.056016004572735056e+01,4.270223508676342483e+00
1.058016576164618527e+01,4.887968255798719852e+00
1.060017147756501821e+01,4.450448772668059050e+00
1.062017719348385292e+01,4.711691489512702447e+00
1.064018290940268585e+01,4.993905471327112267e+00
1.066018862532152056e+01,4.783614154750866376e+00
1.068019434124035527e+01,3.814095509190430278e+00
1.070020005715918820e+01,4.879183445463944224e+00
1.072020577307802292e+01,4.054937106711904882e+00
1.074021148899685585e+01,4.303527125275936172e+00
1.076021720491569056e+01,4.474320018180939051e+00
1.078022292083452349e+01,4.815543013910348336e+00
1.080022863675335820e+01,4.785419031610288698e+00
1.082023435267219291e+01,5.236890719410741468e+00
1.084024006859102585e+01,4.767330779907388738e+00
1.086024578450986056e+01,4.912925223974856870e+00
1.088025150042869349e+01,5.309418799092828323e+00
1.090025721634752820e+01,4.691319080276386444e+00
1.092026293226636113e+01,4.243753651012401207e+00
1.094026864818519584e+01,5.185278898084017207e+00
1.096027436410403055e+01,4.729436370119717736e+00
1.098028008002286349e+01,4.544088781078555961e+00
1.100028579594169820e+01,4.841180681694071453e+00
1.102029151186053113e+01,5.253352163247143380e+00
1.104029722777936584e+01,5.570503211593494264e+00
1.106030294369819877e+01,4.770871675903171294e+00
1.108030865961703348e+01,4.688934793437521620e+00
1.110031437553586819e+01,5.447215345456781321e+00
1.112032009145470113e+01,6.320588408435190431e+00
1.114032580737353584e+01,5.981454178240872110e+00
1.116033152329236877e+01,5.733627055344655332e+00
1.118033723921120348e+01,5.452202986820468666e+00
1.120034295513003642e+01,5.774659969165708340e+00
1.122034867104887113e+01,5.663071000749210882e+00
1.124035438696770584e+01,5.688634195792070969e+00
1.126036010288653877e+01,5.386600309472720838e+00
1.128036581880537348e+01,6.433359552002654524e+00
1.130037153472420641e+01,5.606969083328376513e+00
1.132037725064304112e+01,6.664736612150624850e+00
1.134038296656187583e+01,6.220331166092881503e+00
1.136038868248070877e+01,6.175255993741639138e+00
1.138039439839954348e+01,5.731179916986883782e+00
1.140040011431837641e+01,7.079923720493109585e+00
1.142040583023721112e+01,6.895327148364263081e+00
1.144041154615604405e+01,6.296099866988635441e+00
1.146041726207487876e+01,6.887635541325327182e+00
1.148042297799371170e+01,6.152074798022379554e+00
1.150042869391254641e+01,6.513200551906297875e+00
1.152043440983138112e+01,6.925230983558929410e+00
1.154044012575021405e+01,7.049549739428309536e+00
1.156044584166904876e+01,6.716524923279914461e+00
1.158045155758788169e+01,6.047754520025010017e+00
1.160045727350671640e+01,7.397854912497450641e+00
1.162046298942555111e+01,7.295825689154287197e+00
1.164046870534438405e+01,6.545259414085109917e+00
1.166047442126321876e+01,7.264929409880604538e+00
1.168048013718205169e+01,7.470882330882916200e+00
1.170048585310088640e+01,7.468739664167153514e+00
1.172049156901971934e+01,7.839952545957817875e+00
1.174049728493855405e+01,7.207223104877561681e+00
1.176050300085738698e+01,7.916258836733058857e+00
1.178050871677622169e+01,7.985903518697457848e+00
1.180051443269505640e+01,7.312661231936727901e+00
1.182052014861388933e+01,8.223953907240119321e+00
1.184052586453272404e+01,7.192991824038857729e+00
1.186053158045155698e+01,7.799675925792985964e+00
1.188053729637039169e+01,7.926114843834030310e+00
1.190054301228922640e+01,8.099030175057738035e+00
1.192054872820805933e+01,8.679163274661922500e+00
1.194055444412689404e+01,8.581491541891001162e+00
1.196056016004572697e+01,8.401036180312519974e+00
1.198056587596456168e+01,8.325130775604067779e+00
1.200057159188339639e+01,8.769287689702064625e+00
1.202057730780222933e+01,8.570134817579994291e+00
1.204058302372106226e+01,8.713023772833839331e+00
1.206058873963989697e+01,8.610089911577889055e+00
1.208059445555873168e+01,9.228828415261313367e+00
1.210060017147756461e+01,9.826295179362517729e+00
1.212060588739639932e+01,9.422492260530544783e+00
1.214061160331523226e+01,9.722811049366974601e+00
1.216061731923406697e+01,9.336687381162676047e+00
1.218062303515290168e+01,9.642736292776280749e+00
1.220062875107173461e+01,9.316085869429933553e+00
1.222063446699056932e+01,9.325628625458481480e+00
1.224064018290940226e+01,9.866089422800001785e+00
1.226064589882823697e+01,9.685134026317095746e+00
1.228065161474707168e+01,1.016212821410944755e+01
1.230065733066590461e+01,1.023169966766779204e+01
1.232066304658473754e+01,1.012272565123618051e+01
1.234066876250357225e+01,1.117009823712711025e+01
1.236067447842240696e+01,1.030552005010271266e+01
1.238068019434123990e+01,1.003253576891786381e+01
1.240068591026007461e+01,1.112759317694589001e+01
1.242069162617890754e+01,1.067851872894583565e+01
1.244069734209774225e+01,1.110387604295639008e+01
1.246070305801657696e+01,1.038882434118462328e+01
1.248070877393540989e+01,1.079476316772546518e+01
1.250071448985424460e+01,1.092236446358812962e+01
1.252072020577307754e+01,1.066989853298486324e+01
1.254072592169191225e+01,1.080227541356728160e+01
1.256073163761074696e+01,1.086069404853478915e+01
1.258073735352957989e+01,1.090157633397050851e+01
1.260074306944841460e+01,1.137369411127567531e+01
1.262074878536724754e+01,1.147355025785073579e+01
1.264075450128608225e+01,1.130119680502699175e+01
1.266076021720491518e+01,1.144229522740068461e+01
1.268076593312374989e+01,1.136610359425857020e+01
1.270077164904258282e+01,1.187771865480187827e+01
1.272077736496141753e+01,1.068180994088745450e+01
1.274078308088025224e+01,1.152607255487208349e+01
1.276078879679908518e+01,1.156459216082442509e+01
1.278079451271791989e+01,1.126697606029042120e+01
1.280080022863675282e+01,1.107483111168413359e+01
1.282080594455558753e+01,1.098867092870296602e+01
1.284081166047442224e+01,1.109219849574044758e+01
1.286081737639325517e+01,1.047024468662223562e+01
1.288082309231208988e+01,1.084409466005893385e+01
1.290082880823092282e+01,1.078484593775520750e+01
1.292083452414975753e+01,1.031805659166919042e+01
1.294084024006859224e+01,9.734823032353375538e+00
1.296084595598742517e+01,1.090404640905043543e+01
1.298085167190625810e+01,1.008332860414440724e+01
1.300085738782509281e+01,9.602083750786180261e+00
1.302086310374392752e+01,1.006266289147223603e+01
1.304086881966276046e+01,1.005798086177432538e+01
1.306087453558159517e+01,8.888761130967203883e+00
1.308088025150042810e+01,9.196019479439708988e+00
1.310088596741926281e+01,9.452491593703559403e+00
1.312089168333809752e+01,8.779082843030661110e+00
1.314089739925693046e+01,9.542440568311345572e+00
1.316090311517576517e+01,8.780040607640470895e+00
1.318090883109459810e+01,8.998458667407879474e+00
1.320091454701343281e+01,7.640526391025847630e+00
1.322092026293226752e+01,8.712938510019343497e+00
1.324092597885110045e+01,7.996598175752096083e+00
1.326093169476993339e+01,8.606755738633964370e+00
1.328093741068876810e+01,7.812025852103953838e+00
1.330094312660760281e+01,8.029927105810731547e+00
1.332094884252643574e+01,8.097815696636349259e+00
1.334095455844527045e+01,6.730574549885377067e+00
1.336096027436410338e+01,6.926801479522534777e+00
1.338096599028293809e+01,6.692483474957837686e+00
1.340097170620177280e+01,6.394276551482255933e+00
1.342097742212060574e+01,6.108300568446918710e+00
1.344098313803944045e+01,6.709544497172339916e+00
1.346098885395827338e+01,6.719281100321643052e+00
1.348099456987710809e+01,6.721890443091514733e+00
1.350100028579594280e+01,5.932300037964814976e+00
1.352100600171477573e+01,6.593837307195686392e+00
1.354101171763361044e+01,5.777932564953868422e+00
1.356101743355244338e+01,5.866867580716014885e+00
1.358102314947127809e+01,5.495644341742575101e+00
1.360102886539011102e+01,5.881050717763912417e+00
1.362103458130894573e+01,4.607564087220451299e+00
1.364104029722777867e+01,5.454061197926110438e+00
1.366104601314661338e+01,5.706723924231700273e+00
1.368105172906544809e+01,4.861187283341720899e+00
1.370105744498428102e+01,5.181343870064118562e+00
1.372106316090311573e+01,4.505889340250064379e+00
1.374106887682194866e+01,5.386443000156535987e+00
1.376107459274078337e+01,5.251088214422120259e+00
1.378108030865961808e+01,4.472402361751887767e+00
1.380108602457845102e+01,4.623620065629868492e+00
1.382109174049728573e+01,4.477177852820153348e+00
1.384109745641611866e+01,4.097920074777473332e+00
1.386110317233495337e+01,5.081444624948089128e+00
1.388110888825378808e+01,4.761224720372251973e+00
1.390111460417262101e+01,4.901043464913495740e+00
1.392112032009145395e+01,4.816251780145980099e+00
1.394112603601028866e+01,4.357386735707473591e+00
1.396113175192912337e+01,4.904748216616002132e+00
1.398113746784795630e+01,4.750750480272028398e+00
1.400114318376679101e+01,4.443876587575992687e+00
1.402114889968562395e+01,5.192812024354156009e+00
1.404115461560445866e+01,4.756198357820040634e+00
1.406116033152329337e+01,4.018712406253055036e+00
1.408116604744212630e+01,4.196830956188309258e+00
1.410117176336095923e+01,3.892148642097249756e+00
1.412117747927979394e+01,3.995235357032530299e+00
1.414118319519862865e+01,4.151869919157894273e+00
1.416118891111746336e+01,4.547290504227323282e+00
1.418119462703629630e+01,4.570074728187261570e+00
1.420120034295512923e+01,3.980445737852705168e+00
1.422120605887396394e+01,3.753229110463127682e+00
1.424121177479279865e+01,3.325044313793522832e+00
1.426121749071163336e+01,4.846574895767806979e+00
1.428122320663046629e+01,4.181946400145264420e+00
1.430122892254929923e+01,3.620773120449292115e+00
1.432123463846813394e+01,3.723728223362820167e+00
1.434124035438696865e+01,3.652497155892381997e+00
1.436124607030580158e+01,4.288214637684451880e+00
1.438125178622463629e+01,4.360804303712955132e+00
1.440125750214346922e+01,4.606226474360150647e+00
1.442126321806230393e+01,4.095748823782897396e+00
1.444126893398113864e+01,4.527378736111952406e+00
1.446127464989997158e+01,3.838310633328514410e+00
1.448128036581880451e+01,4.621297336215144824e+00
1.450128608173763922e+01,3.572315924354223959e+00
1.452129179765647393e+01,4.338577575416797671e+00
1.454129751357530864e+01,3.873331482500915079e+00
1.456130322949414158e+01,3.503408335982123756e+00
1.458130894541297451e+01,3.982507664351165211e+00
1.460131466133180922e+01,3.931479732994475285e+00
1.462132037725064393e+01,3.377022430722093294e+00
1.464132609316947686e+01,3.881776166580046095e+00
1.466133180908831157e+01,3.641205376654854220e+00
1.468133752500714451e+01,3.337344531603369191e+00
1.470134324092597922e+01,3.496731090530643904e+00
1.472134895684481393e+01,4.125699197717310973e+00
1.474135467276364686e+01,3.441087221329597323e+00
1.476136038868247979e+01,3.693977268787894452e+00
1.478136610460131450e+01,3.511395359949548656e+00
1.480137182052014921e+01,4.295259694828946984e+00
1.482137753643898392e+01,3.986859095625959082e+00
1.484138325235781686e+01,4.170856286119486001e+00
1.486138896827664979e+01,3.888920181170158585e+00
1.488139468419548450e+01,4.248054281244478148e+00
1.490140040011431921e+01,3.052437840452681961e+00
1.492140611603315392e+01,4.012621194273751968e+00
1.494141183195198685e+01,3.928041122427807785e+00
1.496141754787081979e+01,4.212481125604402799e+00
1.498142326378965450e+01,3.846364198304283555e+00
1.500142897970848921e+01,4.575342449212077334e+00
1.502143469562732214e+01,4.210864379002651425e+00
1.504144041154615508e+01,3.925406775320474662e+00
1.506144612746498979e+01,4.599394119244281320e+00
1.508145184338382450e+01,3.823255696271110615e+00
1.510145755930265921e+01,3.317559888066959672e+00
1.512146327522149214e+01,4.320458833598255666e+00
1.514146899114032507e+01,4.452498088708612300e+00
1.516147470705915978e+01,3.915266764402890232e+00
1.518148042297799449e+01,3.725189397541902814e+00
1.520148613889682920e+01,4.109606152929431211e+00
1.522149185481566214e+01,3.921686733345508991e+00
1.524149757073449507e+01,4.440679419514713011e+00
1.526150328665332978e+01,4.404872613710304918e+00
1.528150900257216449e+01,3.399708446303254750e+00
1.530151471849099742e+01,3.421895785532687029e+00
1.532152043440983036e+01,3.830913196738275239e+00
1.534152615032866507e+01,4.072627257224086250e+00
1.536153186624749978e+01,3.112238865805825760e+00
1.538153758216633449e+01,3.628364087477427891e+00
1.540154329808516742e+01,3.756145541968425761e+00
1.542154901400400036e+01,4.002401331621854297e+00
1.544155472992283507e+01,2.875717445538389150e+00
1.546156044584166978e+01,3.164874581089043293e+00
1.548156616176050449e+01,3.835006416609185731e+00
1.550157187767933742e+01,3.873715508553785103e+00
1.552157759359817035e+01,3.934868679527772084e+00
1.554158330951700506e+01,4.262608432013025528e+00
1.556158902543583977e+01,3.736223076514347152e+00
1.558159474135467271e+01,2.932846287270335139e+00
1.560160045727350742e+01,4.061587417265992705e+00
1.562160617319234035e+01,3.989279156750960453e+00
1.564161188911117506e+01,3.656479717103462868e+00
1.566161760503000977e+01,3.139466012292932984e+00
1.568162332094884270e+01,2.911456952477500248e+00
1.570162903686767564e+01,3.496218339823967014e+00
1.572163475278651035e+01,3.343665643359933881e+00
1.574164046870534506e+01,3.926474239300012048e+00
1.576164618462417977e+01,3.071439112855885334e+00
1.578165190054301270e+01,4.192944040103918191e+00
1.580165761646184563e+01,3.994565661854319494e+00
1.582166333238068034e+01,3.520967872414629163e+00
1.584166904829951505e+01,3.980981333182332715e+00
1.586167476421834799e+01,3.384112448845987942e+00
1.588168048013718270e+01,2.988111436929830944e+00
1.590168619605601563e+01,3.788773947802101638e+00
1.592169191197485034e+01,3.600729827636505398e+00
1.594169762789368505e+01,3.286171313690299023e+00
1.596170334381251799e+01,3.978880167177639926e+00
1.598170905973135092e+01,3.641239169780759788e+00
1.600171477565018563e+01,3.784663554850927092e+00
1.602172049156902034e+01,4.003806457300759902e+00
1.604172620748785505e+01,3.565598019757663550e+00
1.606173192340668976e+01,4.133450530347756668e+00
1.608173763932552092e+01,3.352283666467376744e+00
1.610174335524435563e+01,4.216000424535718771e+00
1.612174907116319034e+01,3.567187847326053429e+00
1.614175478708202505e+01,3.842745078702468398e+00
1.616176050300085620e+01,3.347422664323938868e+00
1.618176621891969091e+01,3.157139420139775776e+00
1.620177193483852562e+01,3.775291124998113368e+00
1.622177765075736033e+01,3.969873993295141013e+00
1.624178336667619504e+01,3.710518460787257666e+00
1.626178908259502620e+01,2.780016700486290127e+00
1.628179479851386091e+01,3.139893290510562540e+00
1.630180051443269562e+01,3.334721401831519216e+00
1.632180623035153033e+01,2.928311773468873724e+00
1.634181194627036149e+01,3.976089425171168479e+00
1.636181766218919620e+01,3.312830436394717193e+00
1.638182337810803091e+01,4.028005181313432104e+00
1.640182909402686562e+01,3.946876428026674155e+00
1.642183480994570033e+01,3.662721880883906156e+00
1.644184052586453504e+01,3.675741673704081336e+00
1.646184624178336620e+01,3.764855759731725815e+00
1.648185195770220091e+01,4.293598414751066628e+00
1.650185767362103562e+01,4.035268381558896778e+00
1.652186338953986677e+01,3.786310314329191407e+00
1.654186910545870148e+01,3.665232239093121791e+00
1.656187482137753619e+01,4.215956742576263849e+00
1.658188053729637090e+01,3.163770614346991472e+00
1.660188625321520561e+01,2.973549672244723663e+00
1.662189196913404032e+01,3.122921368935343445e+00
1.664189768505287148e+01,3.687692903039284875e+00
1.666190340097170619e+01,3.910231199244849520e+00
1.668190911689054090e+01,4.259421100053909726e+00
1.670191483280937561e+01,3.468892831858957138e+00
1.672192054872820677e+01,4.298705289342428237e+00
1.674192626464704148e+01,3.939227138772658066e+00
1.676193198056587619e+01,3.603444574186974947e+00
1.678193769648471090e+01,3.658818629409117396e+00
1.680194341240354561e+01,3.202757114419835460e+00
1.682194912832238032e+01,3.434505498005692381e+00
1.684195484424121148e+01,3.637539060222910070e+00
1.686196056016004619e+01,3.413260145895216091e+00
1.688196627607888090e+01,3.975052343637846874e+00
1.690197199199771205e+01,3.817754409420182959e+00
1.692197770791654676e+01,3.949533545500812703e+00
1.694198342383538147e+01,3.668393606393624662e+00
1.696198913975421618e+01,4.305974581909943311e+00
1.698199485567305089e+01,3.463451324897751427e+00
1.700200057159188560e+01,3.433143312384340007e+00
1.702200628751071676e+01,3.793008860199736709e+00
1.704201200342955147e+01,4.309493615996654370e+00
1.706201771934838618e+01,3.539704112969054961e+00
1.708202343526722089e+01,3.931315586156968855e+00
1.710202915118605205e+01,2.960183133505901232e+00
1.712203486710488676e+01,3.719483267091842293e+00
1.714204058302372147e+01,4.121562656586756468e+00
1.716204629894255618e+01,3.195695224356760900e+00
1.718205201486139089e+01,4.236702636687083690e+00
1.720205773078022204e+01,3.514446370850331292e+00
1.722206344669905675e+01,3.994067333349614390e+00
1.724206916261789146e+01,3.308681336702949061e+00
1.726207487853672617e+01,3.480383439125643630e+00
1.728208059445555733e+01,3.623856782596214465e+00
1.730208631037439204e+01,4.047362845076417415e+00
1.732209202629322675e+01,3.575239382874404015e+00
1.734209774221206146e+01,3.350613980252060919e+00
1.736210345813089617e+01,3.427589729649532124e+00
1.738210917404973088e+01,3.798627551241731126e+00
1.740211488996856204e+01,3.557892291186000921e+00
1.742212060588739675e+01,3.229025782291913504e+00
1.744212632180623146e+01,3.550727602447365960e+00
1.746213203772506262e+01,3.973415242251251200e+00
1.748213775364389733e+01,3.181787222083739763e+00
1.750214346956273204e+01,3.377528084450403867e+00
1.752214918548156675e+01,3.184150401684242127e+00
1.754215490140040146e+01,4.449028352280850029e+00
1.756216061731923617e+01,3.895838394700144480e+00
1.758216633323806732e+01,2.908136344437511678e+00
1.760217204915690203e+01,3.785222536597059761e+00
1.762217776507573674e+01,3.876843008788897205e+00
1.764218348099457145e+01,3.528244382100625742e+00
1.766218919691340261e+01,3.585317901335388413e+00
1.768219491283223732e+01,3.714272398722108015e+00
1.770220062875107203e+01,4.417463579543113639e+00
1.772220634466990674e+01,3.386504088469368234e+00
1.774221206058874145e+01,3.089307475284022608e+00
1.776221777650757616e+01,3.661596005677481891e+00
1.778222349242640732e+01,3.779699121843137277e+00
1.780222920834524203e+01,3.421033747272167691e+00
1.782223492426407674e+01,2.849139638718354739e+00
1.784224064018290790e+01,4.220058727572922663e+00
1.786224635610174261e+01,3.927992265704273400e+00
1.788225207202057732e+01,4.029043253166652683e+00
1.790225778793941203e+01,3.542563956391653779e+00
1.792226350385824674e+01,2.847627767848641245e+00
1.794226921977708145e+01,3.398359628024379298e+00
1.796227493569591260e+01,3.261349483888164258e+00
1.798228065161474731e+01,4.116350094160596385e+00
1.800228636753358202e+01,3.590592085448657045e+00
1.802229208345241318e+01,4.061687158455393742e+00
1.804229779937124789e+01,3.889422489513727044e+00
1.806230351529008260e+01,4.019832387311352839e+00
1.808230923120891731e+01,3.470169457523782253e+00
1.810231494712775202e+01,3.149946781546767660e+00
1.812232066304658673e+01,4.209623735125389565e+00
1.814232637896542144e+01,3.953615766683421739e+00
1.816233209488425260e+01,3.506976839390915757e+00
1.818233781080308731e+01,4.009103868091902001e+00
1.820234352672191847e+01,3.786938655858987257e+00
1.822234924264075318e+01,3.438814666109776486e+00
1.824235495855958789e+01,3.832123651127107955e+00
1.826236067447842260e+01,3.892170486072262570e+00
1.828236639039725731e+01,3.667350636280880760e+00
1.830237210631609202e+01,3.820395817192453691e+00
1.832237782223492673e+01,3.993215252224663558e+00
1.834238353815375788e+01,3.067192522545713729e+00
1.836238925407259259e+01,3.849819676292029591e+00
1.838239496999142730e+01,3.682710057529408054e+00
1.840240068591025846e+01,3.383228997613259459e+00
1.842240640182909317e+01,3.346855435438779836e+00
1.844241211774792788e+01,2.886430248653666375e+00
1.846241783366676259e+01,2.951543221845143172e+00
1.848242354958559730e+01,3.875107280026139467e+00
1.850242926550443201e+01,4.058298620397824408e+00
1.852243498142326672e+01,3.153270136712962746e+00
1.854244069734209788e+01,4.141243929166022575e+00
1.856244641326093259e+01,3.442870976781152059e+00
1.858245212917976374e+01,4.447657959027230490e+00
1.860245784509859845e+01,3.914486497159342271e+00
1.862246356101743316e+01,4.177974265170494306e+00
1.864246927693626787e+01,4.180228750915758518e+00
1.866247499285510258e+01,3.261473263206563278e+00
1.868248070877393729e+01,3.508487864834294534e+00
1.870248642469277200e+01,3.481127510030053607e+00
1.872249214061160316e+01,3.478389708955983206e+00
1.874249785653043787e+01,4.342121807391515986e+00
1.876250357244927258e+01,3.761413575567900125e+00
1.878250928836810374e+01,3.267188200286140543e+00
1.880251500428693845e+01,3.887265022870999509e+00
1.882252072020577316e+01,3.203538841484525612e+00
1.884252643612460787e+01,3.369933226414245198e+00
1.886253215204344258e+01,4.096884277930218587e+00
1.888253786796227729e+01,3.159876791355439973e+00
1.890254358388111200e+01,3.109935588729505263e+00
1.892254929979994316e+01,2.882255495559394198e+00
1.894255501571877787e+01,3.127249134280628340e+00
1.896256073163760902e+01,3.649013476036297554e+00
1.898256644755644373e+01,3.625604462156968744e+00
1.900257216347527844e+01,3.279569994231315455e+00
1.902257787939411315e+01,3.896271549470480267e+00
1.904258359531294786e+01,3.813522365167549388e+00
1.906258931123178257e+01,3.825866107829940965e+00
1.908259502715061728e+01,3.218414033128083496e+00
1.910260074306944844e+01,4.431530017253423992e+00
1.912260645898828315e+01,3.474234692399268631e+00
1.914261217490711431e+01,3.731702639770170471e+00
1.916261789082594902e+01,4.345387855803457988e+00
1.918262360674478373e+01,4.239071333705584976e+00
1.920262932266361844e+01,4.503662460794561895e+00
1.922263503858245315e+01,3.988220625378185336e+00
1.924264075450128786e+01,3.574963646776621040e+00
1.926264647042012257e+01,3.383368754708132364e+00
1.928265218633895373e+01,4.550544160406650995e+00
1.930265790225778844e+01,4.278157472680298667e+00
1.932266361817662315e+01,3.876525426126070428e+00
1.934266933409545430e+01,3.410596716823799390e+00
1.936267505001428901e+01,3.567122085037799373e+00
1.938268076593312372e+01,4.205654149601215863e+00
1.940268648185195843e+01,3.728563008537868484e+00
1.942269219777079314e+01,3.978477409640751361e+00
1.944269791368962785e+01,3.682244384776557133e+00
1.946270362960846256e+01,3.926516828241335855e+00
1.948270934552729372e+01,3.812096258051792752e+00
1.950271506144612843e+01,4.235957574808724146e+00
1.952272077736495959e+01,4.010511227635586096e+00
1.954272649328379430e+01,3.707108498831495957e+00
1.956273220920262901e+01,4.011003596635076995e+00
1.958273792512146372e+01,4.461292740990009165e+00
1.960274364104029843e+01,3.409208114174258064e+00
1.962274935695913314e+01,3.890798157583498451e+00
1.964275507287796785e+01,4.708702962201919640e+00
1.966276078879679901e+01,3.137391431281143284e+00
1.968276650471563372e+01,3.964516066140088224e+00
1.970277222063446487e+01,4.434479040629073054e+00
1.972277793655329958e+01,3.563123629471092180e+00
1.974278365247213429e+01,4.070254990717971921e+00
1.976278936839096900e+01,3.576035286836842353e+00
1.978279508430980371e+01,3.756880028455394704e+00
1.980280080022863842e+01,4.092492823805443436e+00
1.982280651614747313e+01,3.895725168647603542e+00
1.984281223206630784e+01,3.815167632728369895e+00
1.986281794798513900e+01,4.273192787776551427e+00
1.988282366390397371e+01,4.254324418578506517e+00
1.990282937982280487e+01,4.820903983072398979e+00
1.992283509574163958e+01,4.226570830893858322e+00
1.994284081166047429e+01,3.779421393120949269e+00
1.996284652757930900e+01,4.459983533365035058e+00
1.998285224349814371e+01,4.258678510062582134e+00
2.000285795941697842e+01,4.391161117841879680e+00
2.002286367533581313e+01,4.595574411348035682e+00
2.004286939125464428e+01,5.289505877244423004e+00
2.006287510717347899e+01,4.866230346149317043e+00
2.008288082309231015e+01,4.398550616140987302e+00
2.010288653901114486e+01,4.014734937190876707e+00
2.012289225492997957e+01,4.650363060822886752e+00
2.014289797084881428e+01,4.632723387257138725e+00
2.016290368676764899e+01,4.936412183537087550e+00
2.018290940268648370e+01,4.150478378581005323e+00
2.020291511860531841e+01,5.037165936066262617e+00
2.022292083452414957e+01,4.986972056060752223e+00
2.024292655044298428e+01,5.089007871557990725e+00
2.026293226636181899e+01,5.116156170942838699e+00
2.028293798228065015e+01,5.002847015245993845e+00
2.030294369819948486e+01,4.877808441986037025e+00
2.032294941411831957e+01,4.858086206345258340e+00
2.034295513003715428e+01,4.734572886574435202e+00
2.036296084595598899e+01,5.516577662870362886e+00
2.038296656187482370e+01,4.595275166773132192e+00
2.040297227779365841e+01,4.356732953519376395e+00
2.042297799371248956e+01,4.498721262704359347e+00
2.044298370963132427e+01,4.613969085769311640e+00
2.046298942555015543e+01,5.278863553651953922e+00
2.048299514146899014e+01,5.019665939073819416e+00
2.050300085738782485e+01,5.049034823445325060e+00
2.052300657330665956e+01,4.636585065673246575e+00
2.054301228922549427e+01,4.964023612760654736e+00
2.056301800514432898e+01,4.187921885010634782e+00
2.058302372106316369e+01,4.439021350039428881e+00
2.060302943698199485e+01,4.514014076619509375e+00
2.062303515290082956e+01,4.566301175262748480e+00
2.064304086881966072e+01,4.209602282153573682e+00
2.066304658473849543e+01,4.064566514250150142e+00
2.068305230065733014e+01,4.359332515129986874e+00
2.070305801657616485e+01,4.211337627323508137e+00
2.072306373249499956e+01,3.550233571983397063e+00
2.074306944841383427e+01,3.368633941422716660e+00
2.076307516433266898e+01,3.631133784175156975e+00
2.078308088025150369e+01,3.317362887521732695e+00
2.080308659617033484e+01,3.900897618171184522e+00
2.082309231208916955e+01,3.780614108278680607e+00
2.084309802800800071e+01,3.191927478160565101e+00
2.086310374392683542e+01,4.285547431354951087e+00
2.088310945984567013e+01,3.534871535082559024e+00
2.090311517576450484e+01,3.123586248744527616e+00
2.092312089168333955e+01,4.135853084015781889e+00
2.094312660760217426e+01,3.581958026240393611e+00
2.096313232352100897e+01,3.602458019648027587e+00
2.098313803943984013e+01,3.596043466559287971e+00
2.100314375535867484e+01,3.170917301207885508e+00
2.102314947127750600e+01,4.046124507670798565e+00
2.104315518719634071e+01,4.075976561218743299e+00
2.106316090311517542e+01,4.087780294148817717e+00
2.108316661903401013e+01,4.573879824857648657e+00
2.110317233495284484e+01,3.599828745872554858e+00
2.112317805087167955e+01,4.600556392226282654e+00
2.114318376679051426e+01,3.347501298993556862e+00
2.116318948270934541e+01,3.872121609478604398e+00
2.118319519862818012e+01,3.853386408922402140e+00
2.120320091454701483e+01,4.339878935534243531e+00
2.122320663046584599e+01,3.728277737556548121e+00
2.124321234638468070e+01,3.434561798045603354e+00
2.126321806230351541e+01,3.522422883814317451e+00
2.128322377822235012e+01,4.426534527514320416e+00
2.130322949414118483e+01,3.450066990760653596e+00
2.132323521006001954e+01,3.703051252248845682e+00
2.134324092597885425e+01,3.263265988221960345e+00
2.136324664189768541e+01,3.640257847865527197e+00
2.138325235781652012e+01,4.131544626952118549e+00
2.140325807373535127e+01,4.616468652318372001e+00
2.142326378965418598e+01,3.870227611351028330e+00
2.144326950557302069e+01,3.601061612764325126e+00
2.146327522149185540e+01,3.718438944458369200e+00
2.148328093741069011e+01,4.678592461239310829e+00
2.150328665332952482e+01,4.219535657010577978e+00
2.152329236924835953e+01,3.166650499657118090e+00
2.154329808516719069e+01,3.901135149643090827e+00
2.156330380108602540e+01,4.385013039547120073e+00
2.158330951700485656e+01,3.425657165415790573e+00
2.160331523292369127e+01,3.871112047812708568e+00
2.162332094884252598e+01,3.615195142202788148e+00
2.164332666476136069e+01,4.259620233407416912e+00
2.166333238068019540e+01,3.947193367269798081e+00
2.168333809659903011e+01,3.671519945099166460e+00
2.170334381251786482e+01,4.038216992714051656e+00
2.172334952843669598e+01,3.642077594995366319e+00
2.174335524435553069e+01,4.131000740456072684e+00
2.176336096027436540e+01,3.997602330580961372e+00
2.178336667619319655e+01,3.497361797601851841e+00
2.180337239211203126e+01,4.173842054686845771e+00
2.182337810803086597e+01,4.135699203953429048e+00
2.184338382394970068e+01,3.488736025691182796e+00
2.186338953986853539e+01,3.885587397873539572e+00
2.188339525578737010e+01,4.001193476372780111e+00
2.190340097170620481e+01,3.492209287266212492e+00
2.192340668762503597e+01,4.055778971997326288e+00
2.194341240354387068e+01,3.925039251890316550e+00
2.196341811946270184e+01,3.663029874753896298e+00
2.198342383538153655e+01,4.063634028768012385e+00
2.200342955130037126e+01,4.330200071187558564e+00
2.202343526721920597e+01,4.026096083190813246e+00
2.204344098313804068e+01,3.773076848364559588e+00
2.206344669905687539e+01,4.002963007145381447e+00
2.208345241497571010e+01,4.169175331777166704e+00
2.210345813089454126e+01,3.814317223495919507e+00
2.212346384681337597e+01,3.841236740380314263e+00
2.214346956273221068e+01,4.410782605374644838e+00
2.216347527865104183e+01,3.503100878878066204e+00
2.218348099456987654e+01,3.060984671402435353e+00
2.220348671048871125e+01,4.032160902681969361e+00
2.222349242640754596e+01,3.260028062656088466e+00
2.224349814232638067e+01,3.975754802505488072e+00
2.226350385824521538e+01,4.075829200564214716e+00
2.228350957416405009e+01,4.055244637196247837e+00
2.230351529008288125e+01,3.912011806650181445e+00
2.232352100600171596e+01,3.553453861229334265e+00
2.234352672192054712e+01,4.357860111429092242e+00
2.236353243783938183e+01,4.009489581782615275e+00
2.238353815375821654e+01,4.136600887666968873e+00
2.240354386967705125e+01,4.073186724042703766e+00
2.242354958559588596e+01,4.128763650613797687e+00
2.244355530151472067e+01,4.157896603059544560e+00
2.246356101743355538e+01,4.268225524684583938e+00
2.248356673335238654e+01,4.422702376340592600e+00
2.250357244927122125e+01,4.555634552064264042e+00
2.252357816519005240e+01,4.290191687940062337e+00
2.254358388110888711e+01,3.374833810161759651e+00
2.256358959702772182e+01,4.496992604000641158e+00
2.258359531294655653e+01,4.194807578600713960e+00
2.260360102886539124e+01,4.341412476085348970e+00
2.262360674478422595e+01,4.015872900539470436e+00
2.264361246070306066e+01,3.441765639689185363e+00
2.266361817662189182e+01,4.122177152360016805e+00
2.268362389254072653e+01,3.521863352497287991e+00
2.270362960845956124e+01,3.452465989357662579e+00
2.272363532437839240e+01,3.154815518710619937e+00
2.274364104029722711e+01,3.700327958967925657e+00
2.276364675621606182e+01,4.524754494633602242e+00
2.278365247213489653e+01,3.693049445873586301e+00
2.280365818805373124e+01,4.768853190847282875e+00
2.282366390397256595e+01,4.093197966111842057e+00
2.284366961989140066e+01,4.718964498692376885e+00
2.286367533581023181e+01,4.268103748720614377e+00
2.288368105172906652e+01,3.510921598162644486e+00
2.290368676764789768e+01,4.043759622512268948e+00
2.292369248356673239e+01,4.030687633437132433e+00
2.294369819948556710e+01,4.099597354249596037e+00
2.296370391540440181e+01,4.768743192543150045e+00
2.298370963132323652e+01,3.895712199131177833e+00
2.300371534724207123e+01,3.635376957756695226e+00
2.302372106316090594e+01,3.689921331497476586e+00
2.304372677907973710e+01,3.847380922968196781e+00
2.306373249499857181e+01,3.311333677531760333e+00
2.308373821091740652e+01,4.795216216371333218e+00
2.310374392683623768e+01,4.166733299208644326e+00
2.312374964275507239e+01,3.377970458727597158e+00
2.314375535867390710e+01,4.029921554021828278e+00
2.316376107459274181e+01,3.688362257765877228e+00
2.318376679051157652e+01,4.090254486790688482e+00
2.320377250643041123e+01,4.115194492322629571e+00
2.322377822234924594e+01,4.380564288131874484e+00
2.324378393826807709e+01,4.031863085374052247e+00
2.326378965418691180e+01,3.640141336781603787e+00
2.328379537010574296e+01,4.320202644639998368e+00
2.330380108602457767e+01,3.813146089889075885e+00
2.332380680194341238e+01,4.439746916272896193e+00
2.334381251786224709e+01,4.180166491603260148e+00
2.336381823378108180e+01,4.256850962694144869e+00
2.338382394969991651e+01,3.996498827939355181e+00
2.340382966561875122e+01,4.363798965752995862e+00
2.342383538153758238e+01,4.042764725032647277e+00
2.344384109745641709e+01,4.509170452631451553e+00
2.346384681337524825e+01,5.095173953763526775e+00
2.348385252929408296e+01,3.592931869713575921e+00
2.350385824521291767e+01,4.157116321912642576e+00
2.352386396113175238e+01,4.401385015883706231e+00
2.354386967705058709e+01,4.144936097612393233e+00
2.356387539296942180e+01,4.601925543881838720e+00
2.358388110888825651e+01,4.724133113104541870e+00
2.360388682480708766e+01,4.377580491795307616e+00
2.362389254072592237e+01,3.938055128689048168e+00
2.364389825664475708e+01,4.871064687680553007e+00
2.366390397256358824e+01,4.476136704848232561e+00
2.368390968848242295e+01,4.361264126925450846e+00
2.370391540440125766e+01,3.808232342106633084e+00
2.372392112032009237e+01,4.698887062725863650e+00
2.374392683623892708e+01,4.781856752117538356e+00
2.376393255215776179e+01,4.508095151848998228e+00
2.378393826807659650e+01,3.841063529772839491e+00
2.380394398399542766e+01,4.081765105997778420e+00
2.382394969991426237e+01,4.075618480380942543e+00
2.384395541583309353e+01,4.204580438917480123e+00
2.386396113175192824e+01,4.914133062970436505e+00
2.388396684767076295e+01,4.011616882449724031e+00
2.390397256358959766e+01,4.342013854746053170e+00
2.392397827950843237e+01,4.597346059903646420e+00
2.394398399542726708e+01,4.869060605649724316e+00
2.396398971134610179e+01,4.510818504579537702e+00
2.398399542726493294e+01,5.197228503418079626e+00
2.400400114318376765e+01,5.347824604518253366e+00
2.402400685910260236e+01,4.739068059800762178e+00
2.404401257502143352e+01,5.018660550684041155e+00
2.406401829094026823e+01,4.929431468777535130e+00
2.408402400685910294e+01,5.153707577621831959e+00
2.410402972277793765e+01,4.351430298052174628e+00
2.412403543869677236e+01,4.431056704287352765e+00
2.414404115461560707e+01,4.897446042951822065e+00
2.416404687053444178e+01,4.857839060678663223e+00
2.418405258645327294e+01,4.602123898582588524e+00
2.420405830237210765e+01,4.653595955101794246e+00
2.422406401829093880e+01,5.210244761883792819e+00
2.424406973420977351e+01,5.233973756395999821e+00
2.426407545012860822e+01,5.044780094205663090e+00
2.428408116604744293e+01,5.241419487321270942e+00
2.430408688196627764e+01,5.082606103627405503e+00
2.432409259788511235e+01,4.841056077817387227e+00
2.434409831380394706e+01,5.531088886148782358e+00
2.436410402972277822e+01,5.448202178579251154e+00
2.438410974564161293e+01,5.020607805906802668e+00
2.440411546156044409e+01,5.706077877918266594e+00
2.442412117747927880e+01,5.470624948799392762e+00
2.444412689339811351e+01,5.810920758361642235e+00
2.446413260931694822e+01,4.555303145982951385e+00
2.448413832523578293e+01,6.254909546310237545e+00
2.450414404115461764e+01,4.691479901227082472e+00
2.452414975707345235e+01,5.472118640702715808e+00
2.454415547299228351e+01,5.070843892147213872e+00
2.456416118891111822e+01,6.182674828103472464e+00
2.458416690482995293e+01,6.287956143126069541e+00
2.460417262074878408e+01,5.769818097440049698e+00
2.462417833666761879e+01,6.235513240352562825e+00
2.464418405258645350e+01,5.147037475851417909e+00
2.466418976850528821e+01,5.300075393310699212e+00
2.468419548442412292e+01,5.399826417259716571e+00
2.470420120034295763e+01,6.097159167620558762e+00
2.472420691626179234e+01,6.049132615130041302e+00
2.474421263218062350e+01,6.248337640621651090e+00
2.476421834809945821e+01,6.671160989478204684e+00
2.478422406401828937e+01,7.302853191075906913e+00
2.480422977993712408e+01,6.306515506488802103e+00
2.482423549585595879e+01,6.078897798425201060e+00
2.484424121177479350e+01,6.681810935017277409e+00
2.486424692769362821e+01,7.174506800522734373e+00
2.488425264361246292e+01,6.756668174864322474e+00
2.490425835953129763e+01,7.330683202692473088e+00
2.492426407545012879e+01,7.178731481398807013e+00
2.494426979136896350e+01,7.565898309724468973e+00
2.496427550728779821e+01,7.623848956696621215e+00
2.498428122320662936e+01,8.471131129258901993e+00
2.500428693912546407e+01,8.433072702853849023e+00
2.502429265504429878e+01,7.298277969952662758e+00
2.504429837096313349e+01,7.600862570497826987e+00
2.506430408688196820e+01,8.872332530320539590e+00
2.508430980280080291e+01,8.223012437214748616e+00
2.510431551871963762e+01,9.168221416223845566e+00
2.512432123463846878e+01,8.884331332721842500e+00
2.514432695055730349e+01,8.715492483147096792e+00
2.516433266647613465e+01,9.598449733184336807e+00
2.518433838239496936e+01,9.401915367830014247e+00
2.520434409831380407e+01,1.047252628826986509e+01
2.522434981423263878e+01,9.816349756604708432e+00
2.524435553015147349e+01,1.038006572930346749e+01
2.526436124607030820e+01,1.081398018480487266e+01
2.528436696198914291e+01,1.140931182441136116e+01
2.530437267790797407e+01,1.106058380854716816e+01
2.532437839382680878e+01,1.173074694354655279e+01
2.534438410974563993e+01,1.202658661227074788e+01
2.536438982566447464e+01,1.209096768006436662e+01
2.538439554158330935e+01,1.295565273652058025e+01
2.540440125750214406e+01,1.218560851157397629e+01
2.542440697342097877e+01,1.290832449312141428e+01
2.544441268933981348e+01,1.270835711355060660e+01
2.546441840525864819e+01,1.316379415380231421e+01
2.548442412117747935e+01,1.293673637792115905e+01
2.550442983709631406e+01,1.313417094712283273e+01
2.552443555301514877e+01,1.347588764627988489e+01
2.554444126893397993e+01,1.492701984574923024e+01
2.556444698485281464e+01,1.438633787507727924e+01
2.558445270077164935e+01,1.439039656764937902e+01
2.560445841669048406e+01,1.486987295627896266e+01
2.562446413260931877e+01,1.422618842628367553e+01
2.564446984852815348e+01,1.498965938177122581e+01
2.566447556444698819e+01,1.593021064147958121e+01
2.568448128036581934e+01,1.647273416633196419e+01
2.570448699628465405e+01,1.636195816638074518e+01
2.572449271220348521e+01,1.608184377712185764e+01
2.574449842812231992e+01,1.680628450992483280e+01
2.576450414404115463e+01,1.739431347170770081e+01
2.578450985995998934e+01,1.733515754691112676e+01
2.580451557587882405e+01,1.757992877969807566e+01
2.582452129179765876e+01,1.843782040549812606e+01
2.584452700771649347e+01,1.816430231308756760e+01
2.586453272363532463e+01,1.814713646590513818e+01
2.588453843955415934e+01,1.859254527770910670e+01
2.590454415547299405e+01,2.006856565883346377e+01
2.592454987139182521e+01,1.934382976438234536e+01
2.594455558731065992e+01,1.987866113176423255e+01
2.596456130322949463e+01,1.969995323841233770e+01
2.598456701914832934e+01,2.020906932731917038e+01
2.600457273506716405e+01,2.155644870775640598e+01
2.602457845098599520e+01,2.112526491916215576e+01
2.604458416690482991e+01,2.092796020160869830e+01
2.606458988282366462e+01,2.106954322944991986e+01
2.608459559874249933e+01,2.143759214415694814e+01
2.610460131466133404e+01,2.158136636466519676e+01
2.612460703058016520e+01,2.173926615742239932e+01
2.614461274649899991e+01,2.185183318749251669e+01
2.616461846241783462e+01,2.137822113627041531e+01
2.618462417833666933e+01,2.126073961721545658e+01
2.620462989425550404e+01,2.195288036252873809e+01
2.622463561017433520e+01,2.251685249527822918e+01
2.624464132609316991e+01,2.174264329350934943e+01
2.626464704201200462e+01,2.150176937895507123e+01
2.628465275793083933e+01,2.231428718452295357e+01
2.630465847384967049e+01,2.212635807268670973e+01
2.632466418976850520e+01,2.254544599846911979e+01
2.634466990568733991e+01,2.197120887823191993e+01
2.636467562160617462e+01,2.285943623023470295e+01
2.638468133752500933e+01,2.282211322448667090e+01
2.640468705344384048e+01,2.142077149599606756e+01
2.642469276936267519e+01,2.182150862982134853e+01
2.644469848528150990e+01,2.141948794376304122e+01
2.646470420120034461e+01,2.250427843910889081e+01
2.648470991711917932e+01,2.230825693265113685e+01
2.650471563303801048e+01,2.213508076044349338e+01
2.652472134895684519e+01,2.207960726112269256e+01
2.654472706487567990e+01,2.167675313413108285e+01
2.656473278079451461e+01,2.224746276801392497e+01
2.658473849671334932e+01,2.192072811565560997e+01
2.660474421263218048e+01,2.195848259766892241e+01
2.662474992855101519e+01,2.215787642448410466e+01
2.664475564446984990e+01,2.228430754861268070e+01
2.666476136038868461e+01,2.187595536724913359e+01
2.668476707630751577e+01,2.238505477478174299e+01
2.670477279222635048e+01,2.308032434917284803e+01
2.672477850814518519e+01,2.231279898376521587e+01
2.674478422406401990e+01,2.241006136275828453e+01
2.676478993998285461e+01,2.257450674059949236e+01
2.678479565590168576e+01,2.365847513938342317e+01
2.680480137182052047e+01,2.255802047180862147e+01
2.682480708773935518e+01,2.354977226503301324e+01
2.684481280365818989e+01,2.382743767506064003e+01
2.686481851957702460e+01,2.422604463858928625e+01
2.688482423549585576e+01,2.373956667310008939e+01
2.690482995141469047e+01,2.326653413763597911e+01
2.692483566733352518e+01,2.423875811421646986e+01
2.694484138325235989e+01,2.522448635261755001e+01
2.696484709917119105e+01,2.445847682702743953e+01
2.698485281509002576e+01,2.537295818804398095e+01
2.700485853100886047e+01,2.524509915963901463e+01
2.702486424692769518e+01,2.692748409887385819e+01
2.704486996284652989e+01,2.664453701037723476e+01
2.706487567876536104e+01,2.754995407169252175e+01
2.708488139468419575e+01,2.760046302038556476e+01
2.710488711060303046e+01,2.804610431635889611e+01
2.712489282652186517e+01,2.850557209393418390e+01
2.714489854244069988e+01,2.931163316624509463e+01
2.716490425835953104e+01,3.004741678018826434e+01
2.718490997427836575e+01,3.072974017712445871e+01
2.720491569019720046e+01,3.047532500820441825e+01
2.722492140611603517e+01,3.228176174123573361e+01
2.724492712203486633e+01,3.261141167663653562e+01
2.726493283795370104e+01,3.266200897702058370e+01
2.728493855387253575e+01,3.434940504995063293e+01
2.730494426979137046e+01,3.426870647583016449e+01
2.732494998571020517e+01,3.492776048023058166e+01
2.734495570162903633e+01,3.587611041594233541e+01
2.736496141754787104e+01,3.704358166552167830e+01
2.738496713346670575e+01,3.814557981934401454e+01
2.740497284938554046e+01,3.923514053916794353e+01
2.742497856530437517e+01,3.954048989597301045e+01
2.744498428122320632e+01,4.039513215178407535e+01
2.746498999714204103e+01,4.071472143918465747e+01
2.748499571306087574e+01,4.133363009704044089e+01
2.750500142897971045e+01,4.229739367765650826e+01
2.752500714489854516e+01,4.306236015955695962e+01
2.754501286081737632e+01,4.412441208588025887e+01
2.756501857673621103e+01,4.478206775114915672e+01
2.758502429265504574e+01,4.570499262174806887e+01
2.760503000857388045e+01,4.679080782415315554e+01
2.762503572449271161e+01,4.708921307000089485e+01
2.764504144041154632e+01,4.833212872569909990e+01
2.766504715633038103e+01,4.823412954736553360e+01
2.768505287224921574e+01,4.914068395931090549e+01
2.770505858816805045e+01,4.923407129401469717e+01
2.772506430408688161e+01,4.916208019089618375e+01
2.774507002000571632e+01,5.043103479505555953e+01
2.776507573592455103e+01,5.096397471083909636e+01
2.778508145184338574e+01,5.123686284074140929e+01
2.780508716776222045e+01,4.996386228710904476e+01
2.782509288368105160e+01,5.025501515647283668e+01
2.784509859959988631e+01,5.043958168980703505e+01
2.786510431551872102e+01,5.050378934930623132e+01
2.788511003143755573e+01,4.986010810217872091e+01
2.790511574735638689e+01,4.991433433286417909e+01
2.792512146327522160e+01,4.942624679906198537e+01
2.794512717919405631e+01,4.964916367242296502e+01
2.796513289511289102e+01,4.897084779247661146e+01
2.798513861103172573e+01,4.846225611190966021e+01
2.800514432695055689e+01,4.766916371318042422e+01
2.802515004286939160e+01,4.620531677142717086e+01
2.804515575878822631e+01,4.584355121097686236e+01
2.806516147470706102e+01,4.473596657647417629e+01
2.808516719062589573e+01,4.410587607493462770e+01
2.810517290654472689e+01,4.262764618283893014e+01
2.812517862246356160e+01,4.208193271071201025e+01
2.814518433838239631e+01,4.072149308044016180e+01
2.816519005430123102e+01,3.963850463749044195e+01
2.818519577022006217e+01,3.820727339078388951e+01
2.820520148613889688e+01,3.785924045462880372e+01
2.822520720205773159e+01,3.730779764548875477e+01
2.824521291797656630e+01,3.574353911370718606e+01
2.826521863389540101e+01,3.399320432963799021e+01
2.828522434981423217e+01,3.312181378034930646e+01
2.830523006573306688e+01,3.160940723139677289e+01
2.832523578165190159e+01,3.032159471212441559e+01
2.834524149757073630e+01,3.002410941601152672e+01
2.836524721348957101e+01,2.820608005954734665e+01
2.838525292940840217e+01,2.840490491420824171e+01
2.840525864532723688e+01,2.664558360914525181e+01
2.842526436124607159e+01,2.588515719759219280e+01
2.844527007716490630e+01,2.469941220688810191e+01
2.846527579308374101e+01,2.318618563374466390e+01
2.848528150900257216e+01,2.269654669132274805e+01
2.850528722492140687e+01,2.259535433940786575e+01
2.852529294084024158e+01,2.129860872715379472e+01
2.854529865675907629e+01,2.006497716112840379e+01
2.856530437267790745e+01,2.016617218152694235e+01
2.858531008859674216e+01,1.887059122827671942e+01
2.860531580451557687e+01,1.842181471990043917e+01
2.862532152043441158e+01,1.697157662552305268e+01
2.864532723635324629e+01,1.644683690343502391e+01
2.866533295227207745e+01,1.638716016222682015e+01
2.868533866819091216e+01,1.643041473835799948e+01
2.870534438410974687e+01,1.595307046476584567e+01
2.872535010002858158e+01,1.517156368499609265e+01
2.874535581594741629e+01,1.491939515422861362e+01
2.876536153186624745e+01,1.459002102634926601e+01
2.878536724778508216e+01,1.380091251229707972e+01
2.880537296370391687e+01,1.284487380905022391e+01
2.882537867962275158e+01,1.229770012478510033e+01
2.884538439554158273e+01,1.301589931526837596e+01
2.886539011146041744e+01,1.260117184258059631e+01
2.888539582737925215e+01,1.208394346165922784e+01
2.890540154329808686e+01,1.220729553728244099e+01
2.892540725921692157e+01,1.086716020328141319e+01
2.894541297513575273e+01,1.128161055312886418e+01
2.896541869105458744e+01,1.067291352627069756e+01
2.898542440697342215e+01,1.085030693509452071e+01
2.900543012289225686e+01,1.092574668106244928e+01
2.902543583881109157e+01,1.034003384829446581e+01
2.904544155472992273e+01,1.060771055471805902e+01
2.906544727064875744e+01,9.372956627537869068e+00
2.908545298656759215e+01,9.974089481218971542e+00
2.910545870248642686e+01,9.157020618190092165e+00
2.912546441840525802e+01,1.013465815206846976e+01
2.914547013432409273e+01,8.972326061523968832e+00
2.916547585024292744e+01,9.119259557462294552e+00
2.918548156616176215e+01,9.380255308450074381e+00
2.920548728208059686e+01,8.946349325706838940e+00
2.922549299799942801e+01,9.027854286593402833e+00
2.924549871391826272e+01,9.162328950705060038e+00
2.926550442983709743e+01,8.267555976911836524e+00
2.928551014575593214e+01,7.876726855933285698e+00
2.930551586167476685e+01,8.192500396275711694e+00
2.932552157759359801e+01,8.052490227317086635e+00
2.934552729351243272e+01,8.332862722003937961e+00
2.936553300943126743e+01,7.447762768971805336e+00
2.938553872535010214e+01,8.425109068000100621e+00
2.940554444126893330e+01,7.202124155338798239e+00
2.942555015718776801e+01,7.810763422704380510e+00
2.944555587310660272e+01,7.183484656495495280e+00
2.946556158902543743e+01,7.201203410143016015e+00
2.948556730494427214e+01,7.464487069569537780e+00
2.950557302086310330e+01,7.488114826248393641e+00
2.952557873678193801e+01,8.164698632541824708e+00
2.954558445270077272e+01,7.179451440525397743e+00
2.956559016861960743e+01,7.521455343326286069e+00
2.958559588453844214e+01,7.650397219028155504e+00
2.960560160045727329e+01,7.600302301104280289e+00
2.962560731637610800e+01,7.344737313347652119e+00
2.964561303229494271e+01,7.452560530595964572e+00
2.966561874821377742e+01,6.480007687033321417e+00
2.968562446413261213e+01,7.020244290418087729e+00
2.970563018005144329e+01,6.553950452389168291e+00
2.972563589597027800e+01,6.412322187248013172e+00
2.974564161188911271e+01,6.685159632340545777e+00
2.976564732780794742e+01,7.000391992852226686e+00
2.978565304372677858e+01,7.238442858819853498e+00
2.980565875964561329e+01,6.882603828889463315e+00
2.982566447556444800e+01,5.999166938162598939e+00
2.984567019148328271e+01,6.921528152245702614e+00
2.986567590740211742e+01,7.310819184198695808e+00
2.988568162332094857e+01,6.642250830219638580e+00
2.990568733923978328e+01,6.837626251005411326e+00
2.992569305515861799e+01,6.438168831319978302e+00
2.994569877107745270e+01,6.074951666127610395e+00
2.996570448699628741e+01,6.933350316354627729e+00
2.998571020291511857e+01,6.259769074286914758e+00
3.000571591883395328e+01,6.159878370219923127e+00
3.002572163475278799e+01,6.883573879156066333e+00
3.004572735067162270e+01,6.681374388743235748e+00
3.006573306659045386e+01,7.009480528246569087e+00
3.008573878250928857e+01,6.832990745157943024e+00
3.010574449842812328e+01,6.536840545823546123e+00
3.012575021434695799e+01,6.382552706507340190e+00
3.014575593026579270e+01,6.276581948739094585e+00
3.016576164618462386e+01,6.625347997751156015e+00
3.018576736210345857e+01,6.700719588423729611e+00
3.020577307802229328e+01,6.104352676213363971e+00
3.022577879394112799e+01,6.540846079612526509e+00
3.024578450985996270e+01,6.184530587623650710e+00
3.026579022577879385e+01,6.569338997068358665e+00
3.028579594169762856e+01,6.495645584642726789e+00
3.030580165761646327e+01,7.543585668165377456e+00
3.032580737353529798e+01,6.487114452249353569e+00
3.034581308945412914e+01,6.331302067541267675e+00
3.036581880537296385e+01,6.692198509521415595e+00
3.038582452129179856e+01,7.451018542012851853e+00
3.040583023721063327e+01,6.224084728733797256e+00
3.042583595312946798e+01,6.978854437290195278e+00
3.044584166904829914e+01,7.203730625897533990e+00
3.046584738496713385e+01,7.023988628370540610e+00
3.048585310088596856e+01,7.213271556693769071e+00
3.050585881680480327e+01,6.877998408251150053e+00
3.052586453272363798e+01,6.660847512106814250e+00
3.054587024864246914e+01,7.228504036036879299e+00
3.056587596456130385e+01,7.528447265320847848e+00
3.058588168048013856e+01,7.488447496223366251e+00
3.060588739639897327e+01,7.382486844655543834e+00
3.062589311231780798e+01,7.356155183145365761e+00
3.064589882823663913e+01,8.427071312971071038e+00
3.066590454415547384e+01,7.534156199451661706e+00
3.068591026007430855e+01,7.760869982304414272e+00
3.070591597599314326e+01,8.334988989980063323e+00
3.072592169191197442e+01,8.380502775719904207e+00
3.074592740783080913e+01,7.796602067721707385e+00
3.076593312374964384e+01,7.533139104279493736e+00
3.078593883966847855e+01,8.481490671801314107e+00
3.080594455558731326e+01,8.262043435862221230e+00
3.082595027150614442e+01,8.925589991466697626e+00
3.084595598742497913e+01,8.444246095555808296e+00
3.086596170334381384e+01,9.169840968156533378e+00
3.088596741926264855e+01,9.230243599649698538e+00
3.090597313518148326e+01,9.894071623623609923e+00
3.092597885110031442e+01,9.824775904337398558e+00
3.094598456701914913e+01,9.586660266711771072e+00
3.096599028293798384e+01,9.577322695007177700e+00
3.098599599885681855e+01,9.274919085555048071e+00
3.100600171477564970e+01,9.572554681873425508e+00
3.102600743069448441e+01,1.094301208480954202e+01
3.104601314661331912e+01,1.044098305619439060e+01
3.106601886253215383e+01,1.130179673000552754e+01
3.108602457845098854e+01,1.116695104526353077e+01
3.110603029436981970e+01,1.178329335361295094e+01
3.112603601028865441e+01,1.198589906198623467e+01
3.114604172620748912e+01,1.208272267151110846e+01
3.116604744212632383e+01,1.269660816413050597e+01
3.118605315804515854e+01,1.206207026476041833e+01
3.120605887396398970e+01,1.304708929507171788e+01
3.122606458988282441e+01,1.278398467844128028e+01
3.124607030580165912e+01,1.371091450878368256e+01
3.126607602172049383e+01,1.329725846396658184e+01
3.128608173763932498e+01,1.502958032951018552e+01
3.130608745355815969e+01,1.433718925663569976e+01
3.132609316947699440e+01,1.481425441263716891e+01
3.134609888539582911e+01,1.595408823284360089e+01
3.136610460131466382e+01,1.596088264437642934e+01
3.138611031723349498e+01,1.630395427569541766e+01
3.140611603315232969e+01,1.663006283479059277e+01
3.142612174907116440e+01,1.659681390316799465e+01
3.144612746498999911e+01,1.741242126232338094e+01
3.146613318090883382e+01,1.807048366416166729e+01
3.148613889682766498e+01,1.869917040683175813e+01
3.150614461274649969e+01,1.874187143214646412e+01
3.152615032866533440e+01,1.990636870020843574e+01
3.154615604458416911e+01,2.015742226906596102e+01
3.156616176050300382e+01,2.088070758387535264e+01
3.158616747642183498e+01,2.045239073832090781e+01
3.160617319234066969e+01,2.175014925867971272e+01
3.162617890825950440e+01,2.134016886490120868e+01
3.164618462417833911e+01,2.149595966400689662e+01
3.166619034009717026e+01,2.268861564008483001e+01
3.168619605601600497e+01,2.188821921675931037e+01
3.170620177193483968e+01,2.270144206274020604e+01
3.172620748785367439e+01,2.366428546878836414e+01
3.174621320377250910e+01,2.227751708165494904e+01
3.176621891969134026e+01,2.375094878247242036e+01
3.178622463561017497e+01,2.323633275870718506e+01
3.180623035152900968e+01,2.334975904550211467e+01
3.182623606744784439e+01,2.378818949473051703e+01
3.184624178336667910e+01,2.325713515734167913e+01
3.186624749928551026e+01,2.367375540731669759e+01
3.188625321520434497e+01,2.408280529780255108e+01
3.190625893112317968e+01,2.339914375509844646e+01
3.192626464704201439e+01,2.386879231121406164e+01
3.194627036296084555e+01,2.367750127320007536e+01
3.196627607887968026e+01,2.413362663342470427e+01
3.198628179479851497e+01,2.334579822839316421e+01
3.200628751071734968e+01,2.332155941037424185e+01
3.202629322663618439e+01,2.370151689008693197e+01
3.204629894255501199e+01,2.302789625565217690e+01
3.206630465847385381e+01,2.287785359451376266e+01
3.208631037439268141e+01,2.275794611320594996e+01
3.210631609031152323e+01,2.293816332635089950e+01
3.212632180623035083e+01,2.249493400256501019e+01
3.214632752214918554e+01,2.231891989756343975e+01
3.216633323806802025e+01,2.261035748762964204e+01
3.218633895398685496e+01,2.173168397880090552e+01
3.220634466990568967e+01,2.254128724206224632e+01
3.222635038582451728e+01,2.230832540928895824e+01
3.224635610174335909e+01,2.260522397724911059e+01
3.226636181766218670e+01,2.280463545207639342e+01
3.228636753358102851e+01,2.277094965510603686e+01
3.230637324949985612e+01,2.377276640528996410e+01
3.232637896541869083e+01,2.377450925814198257e+01
3.234638468133752554e+01,2.431492453942629339e+01
3.236639039725636025e+01,2.504644370688624377e+01
3.238639611317519496e+01,2.420957004745735119e+01
3.240640182909402967e+01,2.552102763192821300e+01
3.242640754501286438e+01,2.648629628004515979e+01
3.244641326093169198e+01,2.743993932409862069e+01
3.246641897685053380e+01,2.814716023126882050e+01
3.248642469276936140e+01,2.961393856746430231e+01
3.250643040868819611e+01,3.059336309616883653e+01
3.252643612460703082e+01,3.180812238636570299e+01
3.254644184052586553e+01,3.328597375886386800e+01
3.256644755644470024e+01,3.539034367607440856e+01
3.258645327236353495e+01,3.602160152412674421e+01
3.260645898828236966e+01,3.762589320045162822e+01
3.262646470420119726e+01,3.953575541625244938e+01
3.264647042012003908e+01,4.210529265877981686e+01
3.266647613603886668e+01,4.301394556497686494e+01
3.268648185195770850e+01,4.515057449382793209e+01
3.270648756787653610e+01,4.680716661205920559e+01
3.272649328379537081e+01,5.000839504984904949e+01
3.274649899971420552e+01,5.165734219864306453e+01
3.276650471563304023e+01,5.312713664457446328e+01
3.278651043155187494e+01,5.465687340225451152e+01
3.280651614747070255e+01,5.566122390189234181e+01
3.282652186338954436e+01,5.697583842820247924e+01
3.284652757930837197e+01,5.843302794694479019e+01
3.286653329522721378e+01,5.788556277700276098e+01
3.288653901114604139e+01,5.736791566649292662e+01
3.290654472706487610e+01,5.654086934157866295e+01
3.292655044298371081e+01,5.460602030026829823e+01
3.294655615890254552e+01,5.280647320529528344e+01
3.296656187482138023e+01,4.979827768761806084e+01
3.298656759074020783e+01,4.756840744876039651e+01
3.300657330665904965e+01,4.368498749554095895e+01
3.302657902257787725e+01,4.001013681678956857e+01
3.304658473849671907e+01,3.669488032496494867e+01
3.306659045441554667e+01,3.257610808494177235e+01
3.308659617033438138e+01,2.998263188089783426e+01
3.310660188625321609e+01,2.711277017078003837e+01
3.312660760217205080e+01,2.281008432733954905e+01
3.314661331809088551e+01,2.085058389517347877e+01
3.316661903400971312e+01,1.881827857380385893e+01
3.318662474992855493e+01,1.718145712718755647e+01
3.320663046584738254e+01,1.521516562348778656e+01
3.322663618176622435e+01,1.447067560339653092e+01
3.324664189768505196e+01,1.339568447596764500e+01
3.326664761360388667e+01,1.370084149194899403e+01
3.328665332952272138e+01,1.277732584003044103e+01
3.330665904544155609e+01,1.279303905626320592e+01
3.332666476136039080e+01,1.238416598356539033e+01
3.334667047727922551e+01,1.178052275834386009e+01
3.336667619319806022e+01,1.163123078803023525e+01
3.338668190911688782e+01,1.211508077410204542e+01
3.340668762503572964e+01,1.263624256606274088e+01
3.342669334095455724e+01,1.207338237427414640e+01
3.344669905687339195e+01,1.198487795531861622e+01
3.346670477279222666e+01,1.229118068858716839e+01
3.348671048871106137e+01,1.320301384574656645e+01
3.350671620462989608e+01,1.257816701747184673e+01
3.352672192054873079e+01,1.316246950295075280e+01
3.354672763646756550e+01,1.333121329977613456e+01
3.356673335238639311e+01,1.390614127248505305e+01
3.358673906830523492e+01,1.430135323172322970e+01
3.360674478422406253e+01,1.442355001840484618e+01
3.362675050014290434e+01,1.400706002957251428e+01
3.364675621606173195e+01,1.428869076727098530e+01
3.366676193198056666e+01,1.467381660332253368e+01
3.368676764789940137e+01,1.572201083445410141e+01
3.370677336381823608e+01,1.671692486712754189e+01
3.372677907973707079e+01,1.610810368579026530e+01
3.374678479565589839e+01,1.659527445277568347e+01
3.376679051157474021e+01,1.729349553205584655e+01
3.378679622749356781e+01,1.760453348688348996e+01
3.380680194341240963e+01,1.808214045862933617e+01
3.382680765933123723e+01,1.884309524966780103e+01
3.384681337525007194e+01,2.017609724892686174e+01
3.386681909116890665e+01,1.955364515371713452e+01
3.388682480708774136e+01,2.037091612888544745e+01
3.390683052300657607e+01,2.146754261692444032e+01
3.392683623892540368e+01,2.234495726435233109e+01
3.394684195484424549e+01,2.243352031595918206e+01
3.396684767076307310e+01,2.284489357854352320e+01
3.398685338668191491e+01,2.389965988977359146e+01
3.400685910260074252e+01,2.429978823845614144e+01
3.402686481851957723e+01,2.517728316474035566e+01
3.404687053443841194e+01,2.594565821572969710e+01
3.406687625035724665e+01,2.685136210647744548e+01
3.408688196627608136e+01,2.801711920181371696e+01
3.410688768219490896e+01,2.809124186557824743e+01
3.412689339811375078e+01,2.889822591439714117e+01
3.414689911403257838e+01,2.930670456212274999e+01
3.416690482995142020e+01,3.034407529951410609e+01
3.418691054587024780e+01,3.108323467521447370e+01
3.420691626178908251e+01,3.164130128708495704e+01
3.422692197770791722e+01,3.261182950599349795e+01
3.424692769362675193e+01,3.324779228724281666e+01
3.426693340954558664e+01,3.367783647999761598e+01
3.428693912546442135e+01,3.416467578665411509e+01
3.430694484138325606e+01,3.476723210438187550e+01
3.432695055730208367e+01,3.504221285513522588e+01
3.434695627322092548e+01,3.495917958408819715e+01
3.436696198913975309e+01,3.641646120300987377e+01
3.438696770505858780e+01,3.595136874082828626e+01
3.440697342097742251e+01,3.582578431766955163e+01
3.442697913689625722e+01,3.620967310258931349e+01
3.444698485281509193e+01,3.662172806635209099e+01
3.446699056873392664e+01,3.706614382785490847e+01
3.448699628465276135e+01,3.676562829461519044e+01
3.450700200057158895e+01,3.638296238317128228e+01
3.452700771649043077e+01,3.607700065818258395e+01
3.454701343240925837e+01,3.560676416765195995e+01
3.456701914832810019e+01,3.597889099066488683e+01
3.458702486424692779e+01,3.554205783897646143e+01
3.460703058016576250e+01,3.501170609200861605e+01
3.462703629608459721e+01,3.406406670008546911e+01
3.464704201200343192e+01,3.464723784240590732e+01
3.466704772792226663e+01,3.343395880615928206e+01
3.468705344384109424e+01,3.252865337598033335e+01
3.470705915975993605e+01,3.271683666336416252e+01
3.472706487567876366e+01,3.228457279269554903e+01
3.474707059159760547e+01,3.132564537659428083e+01
3.476707630751643308e+01,3.055338118727706487e+01
3.478708202343526779e+01,2.991744748626118522e+01
3.480708773935410250e+01,2.936534406157075594e+01
3.482709345527293721e+01,2.781990639085285366e+01
3.484709917119177192e+01,2.746209318675498778e+01
3.486710488711059952e+01,2.677200599607816400e+01
3.488711060302944134e+01,2.523481346034655814e+01
3.490711631894826894e+01,2.462869096864947238e+01
3.492712203486711076e+01,2.472220826135667338e+01
3.494712775078593836e+01,2.380943000311057745e+01
3.496713346670477307e+01,2.299644328117313563e+01
3.498713918262360778e+01,2.249445292437919264e+01
3.500714489854244249e+01,2.073187222080665393e+01
3.502715061446127720e+01,2.145005879287643680e+01
3.504715633038010481e+01,2.032845594327093153e+01
3.506716204629894662e+01,1.985426123858001191e+01
3.508716776221777423e+01,1.910156565267412532e+01
3.510717347813661604e+01,1.941931405600572802e+01
3.512717919405544365e+01,1.872680288706276741e+01
3.514718490997427836e+01,1.774137446735700507e+01
3.516719062589311307e+01,1.773546937022885928e+01
3.518719634181194778e+01,1.787230212464363177e+01
3.520720205773078249e+01,1.688715145493573644e+01
3.522720777364961720e+01,1.700759773529024343e+01
3.524721348956845191e+01,1.762164359093361554e+01
3.526721920548727951e+01,1.628436003154528322e+01
3.528722492140612133e+01,1.723676654218280646e+01
3.530723063732494893e+01,1.793226537150202660e+01
3.532723635324378364e+01,1.702224786273812285e+01
3.534724206916261835e+01,1.797625425585770742e+01
3.536724778508145306e+01,1.769456035731736065e+01
3.538725350100028777e+01,1.883053093889007812e+01
3.540725921691912248e+01,1.935377892805601618e+01
3.542726493283795719e+01,1.900119450173447433e+01
3.544727064875678479e+01,2.056510882687301844e+01
3.546727636467562661e+01,2.140229850910415621e+01
3.548728208059445421e+01,2.219607177003246790e+01
3.550728779651329603e+01,2.318957900995172139e+01
3.552729351243212363e+01,2.383968138677845161e+01
3.554729922835095834e+01,2.555099884328567228e+01
3.556730494426979305e+01,2.643848558263852411e+01
3.558731066018862776e+01,2.714154600169749543e+01
3.560731637610746247e+01,2.881532459758187770e+01
3.562732209202629008e+01,3.152169357414503281e+01
3.564732780794513189e+01,3.280124378236982352e+01
3.566733352386395950e+01,3.455960097629137096e+01
3.568733923978280131e+01,3.547799035530754708e+01
3.570734495570162892e+01,3.717374161159293777e+01
3.572735067162046363e+01,3.879124174649196277e+01
3.574735638753929834e+01,4.019959411655737824e+01
3.576736210345813305e+01,4.182104265205826721e+01
3.578736781937696776e+01,4.205730474258748330e+01
3.580737353529579536e+01,4.357843708588164588e+01
3.582737925121463718e+01,4.380623819702952915e+01
3.584738496713346478e+01,4.275076571731744934e+01
3.586739068305230660e+01,4.392795632133853445e+01
3.588739639897113420e+01,4.258944363944080180e+01
3.590740211488996891e+01,4.119398913948596430e+01
3.592740783080880362e+01,3.990704893503371409e+01
3.594741354672763833e+01,3.788787773257259772e+01
3.596741926264647304e+01,3.611305221605630322e+01
3.598742497856530065e+01,3.410074771899991219e+01
3.600743069448414246e+01,3.246556185617419032e+01
3.602743641040297007e+01,2.936783673155972352e+01
3.604744212632181188e+01,2.781137249426353009e+01
3.606744784224063949e+01,2.492958508572304410e+01
3.608745355815947420e+01,2.204172588961570511e+01
3.610745927407830891e+01,2.021358589531736527e+01
3.612746498999714362e+01,1.859251907675846383e+01
3.614747070591597833e+01,1.649308868040394671e+01
3.616747642183481304e+01,1.527912950439914042e+01
3.618748213775364775e+01,1.324069276930930705e+01
3.620748785367247535e+01,1.267380360023657104e+01
3.622749356959131717e+01,1.092102150864424992e+01
3.624749928551014477e+01,9.613587587044531091e+00
3.626750500142897948e+01,9.727357308714168482e+00
3.628751071734781419e+01,8.004503520864769683e+00
3.630751643326664890e+01,8.136836868320715510e+00
3.632752214918548361e+01,7.748223615466155678e+00
3.634752786510431832e+01,7.645946889720415030e+00
3.636753358102315303e+01,6.739688881517380104e+00
3.638753929694198064e+01,6.483849523234100687e+00
3.640754501286082245e+01,7.475762515170048417e+00
3.642755072877965006e+01,7.213357207011936723e+00
3.644755644469849187e+01,6.267281486628322185e+00
3.646756216061731948e+01,6.204574908469615124e+00
3.648756787653615419e+01,6.109536539360377994e+00
3.650757359245498890e+01,6.269022386799642632e+00
3.652757930837382361e+01,6.120330532627050957e+00
3.654758502429265832e+01,6.029871918595097746e+00
3.656759074021148592e+01,5.896297091850406069e+00
3.658759645613032774e+01,5.246590546108361508e+00
3.660760217204915534e+01,5.217650106186971115e+00
3.662760788796799716e+01,5.841024584666123509e+00
3.664761360388682476e+01,6.406901470336908488e+00
3.666761931980565947e+01,5.708330752795002461e+00
3.668762503572449418e+01,5.611282720822513781e+00
3.670763075164332889e+01,6.002654795378710162e+00
3.672763646756216360e+01,5.309298724388995971e+00
3.674764218348099121e+01,5.585875946084124521e+00
3.676764789939983302e+01,5.455689680673907915e+00
3.678765361531866063e+01,5.874285826450690529e+00
3.680765933123750244e+01,4.707809354443948990e+00
3.682766504715633005e+01,5.590632943616696160e+00
3.684767076307516476e+01,5.300240724121391800e+00
3.686767647899399947e+01,5.023595733349940140e+00
3.688768219491283418e+01,5.167084938833376384e+00
3.690768791083166889e+01,5.687905751737020843e+00
3.692769362675049649e+01,5.127754715636045013e+00
3.694769934266933831e+01,5.471906573567100196e+00
3.696770505858816591e+01,5.341349981609277542e+00
3.698771077450700773e+01,5.539446134625717555e+00
3.700771649042583533e+01,5.166928821693586471e+00
3.702772220634467004e+01,5.482246233163030169e+00
3.704772792226350475e+01,5.320641943696869269e+00
3.706773363818233946e+01,4.931740164615734834e+00
3.708773935410117417e+01,5.006762536632264116e+00
3.710774507002000888e+01,5.110270754631911494e+00
3.712775078593884359e+01,5.484129000499819107e+00
3.714775650185767120e+01,4.636555500918509765e+00
3.716776221777651301e+01,5.085834295621738832e+00
3.718776793369534062e+01,5.832191273193046754e+00
3.720777364961417533e+01,4.455040348573387377e+00
3.722777936553301004e+01,4.958380441594931298e+00
3.724778508145184475e+01,5.160829138983432429e+00
3.726779079737067946e+01,4.677216469338182137e+00
3.728779651328951417e+01,5.502243126271957330e+00
3.730780222920834888e+01,4.463641459463561389e+00
3.732780794512717648e+01,4.910061572138001651e+00
3.734781366104601830e+01,5.253609887696400804e+00
3.736781937696484590e+01,4.841286463671056417e+00
3.738782509288368772e+01,5.077208928366983898e+00
3.740783080880251532e+01,4.751085733908187336e+00
3.742783652472135003e+01,5.622233885194574121e+00
3.744784224064018474e+01,5.344262737559568599e+00
3.746784795655901945e+01,4.883180661047780369e+00
3.748785367247785416e+01,5.373311897337390342e+00
3.750785938839668177e+01,5.535110936059899345e+00
3.752786510431552358e+01,4.891912292729717393e+00
3.754787082023435119e+01,5.262536494459246761e+00
3.756787653615319300e+01,5.202398413582859149e+00
3.758788225207202061e+01,5.063427906510168164e+00
3.760788796799085532e+01,5.206036889322334993e+00
3.762789368390969003e+01,5.197205959654874974e+00
3.764789939982852474e+01,5.196033636431319103e+00
3.766790511574735945e+01,5.004640896487462243e+00
3.768791083166618705e+01,4.711849708822772875e+00
3.770791654758502887e+01,5.008305103244016010e+00
3.772792226350385647e+01,5.282777857107171293e+00
3.774792797942269829e+01,4.745102891065399398e+00
3.776793369534152589e+01,4.808685038948805612e+00
3.778793941126036060e+01,5.029788889107233985e+00
3.780794512717919531e+01,5.518734069299980227e+00
3.782795084309803002e+01,5.046140634543728964e+00
3.784795655901686473e+01,5.795619558604364840e+00
3.786796227493569234e+01,5.473187418931381387e+00
3.788796799085453415e+01,4.583510429009562515e+00
3.790797370677336176e+01,5.326378821284241560e+00
3.792797942269220357e+01,5.200995333422385514e+00
3.794798513861103118e+01,5.917501188212757057e+00
3.796799085452986589e+01,5.710871724085309964e+00
3.798799657044870060e+01,4.933226934057663549e+00
3.800800228636753531e+01,5.529572953739187113e+00
3.802800800228637002e+01,5.114789570818890851e+00
3.804801371820520473e+01,4.664731677587312220e+00
3.806801943412403944e+01,5.599231170298772930e+00
3.808802515004286704e+01,6.090525497888071627e+00
3.810803086596170886e+01,4.643797861574023855e+00
3.812803658188053646e+01,5.843590052618084840e+00
3.814804229779937117e+01,5.224489009150880214e+00
3.816804801371820588e+01,5.228840920943232717e+00
3.818805372963704059e+01,5.061016240393991339e+00
3.820805944555587530e+01,4.754224225092417377e+00
3.822806516147471001e+01,5.383162168236466982e+00
3.824807087739354472e+01,5.879952486829227887e+00
3.826807659331237232e+01,5.279203864168136917e+00
3.828808230923121414e+01,5.678231339317988180e+00
3.830808802515004174e+01,5.083031704345446933e+00
3.832809374106888356e+01,5.244881461880911644e+00
3.834809945698771116e+01,5.282578873350814774e+00
3.836810517290654587e+01,6.285059194312863973e+00
3.838811088882538058e+01,5.062751531853654008e+00
3.840811660474421529e+01,6.114986066107086948e+00
3.842812232066305000e+01,6.251927670009934879e+00
3.844812803658187761e+01,6.146642823346984308e+00
3.846813375250071942e+01,6.066985139262048854e+00
3.848813946841954703e+01,5.262284584014202515e+00
3.850814518433838884e+01,6.425478147318381517e+00
3.852815090025721645e+01,6.328949317776368488e+00
3.854815661617605116e+01,6.402661845532412244e+00
3.856816233209488587e+01,6.323849210297082024e+00
3.858816804801372058e+01,6.060013183023652772e+00
3.860817376393255529e+01,7.154911389413795675e+00
3.862817947985138289e+01,6.066430917069870254e+00
3.864818519577022471e+01,6.981884516839330423e+00
3.866819091168905231e+01,6.601114663147367168e+00
3.868819662760789413e+01,6.430816358482936757e+00
3.870820234352672173e+01,7.559724205778164396e+00
3.872820805944555644e+01,6.944218836369054237e+00
3.874821377536439115e+01,7.517602298806294492e+00
3.876821949128322586e+01,6.704898695409731602e+00
3.878822520720206057e+01,6.795207515374151797e+00
3.880823092312088818e+01,7.876830474714879848e+00
3.882823663903972999e+01,6.958799074774659310e+00
3.884824235495855760e+01,7.626598209947689888e+00
3.886824807087739941e+01,7.902937826890827466e+00
3.888825378679622702e+01,7.209888208029753720e+00
3.890825950271506173e+01,7.960321028377123298e+00
3.892826521863389644e+01,8.558022287565387742e+00
3.894827093455273115e+01,8.420714897836573343e+00
3.896827665047156586e+01,8.854764831010218273e+00
3.898828236639040057e+01,8.975370783547884201e+00
3.900828808230923528e+01,8.621745025013010988e+00
3.902829379822806288e+01,8.841405290011850937e+00
3.904829951414690470e+01,1.017203535100262357e+01
3.906830523006573230e+01,9.819349076001310905e+00
3.908831094598456701e+01,1.001242462476576911e+01
3.910831666190340172e+01,1.005496849534879367e+01
3.912832237782223643e+01,1.052202875714775843e+01
3.914832809374107114e+01,1.149709148166064132e+01
3.916833380965990585e+01,1.143112867652980569e+01
3.918833952557874056e+01,1.205447375317280567e+01
3.920834524149756817e+01,1.124652585706822272e+01
3.922835095741640998e+01,1.230354627927460065e+01
3.924835667333523759e+01,1.221563071061559924e+01
3.926836238925407940e+01,1.280730361712866738e+01
3.928836810517290701e+01,1.336898621058936421e+01
3.930837382109174172e+01,1.346016022677863155e+01
3.932837953701057643e+01,1.431661149682633472e+01
3.934838525292941114e+01,1.424769644734464258e+01
3.936839096884824585e+01,1.483241382570382960e+01
3.938839668476707345e+01,1.507388956560301629e+01
3.940840240068591527e+01,1.591808419262734375e+01
3.942840811660474287e+01,1.565243330637701291e+01
3.944841383252358469e+01,1.580546693911296785e+01
3.946841954844241229e+01,1.655400194747324250e+01
3.948842526436124700e+01,1.745132452077634966e+01
3.950843098028008171e+01,1.727222515284777060e+01
3.952843669619891642e+01,1.801234643829045012e+01
3.954844241211775113e+01,1.740066622796139839e+01
3.956844812803657874e+01,1.859205263317527823e+01
3.958845384395542055e+01,1.840734588441766562e+01
3.960845955987424816e+01,1.832860242661215366e+01
3.962846527579308997e+01,1.916589860114219945e+01
3.964847099171191758e+01,1.997623705477859701e+01
3.966847670763075229e+01,1.880061936804334977e+01
3.968848242354958700e+01,1.906587180968319473e+01
3.970848813946842171e+01,1.915787222691855263e+01
3.972849385538725642e+01,1.918434201712008047e+01
3.974849957130608402e+01,2.066428175146621982e+01
3.976850528722492584e+01,2.053867921029330290e+01
3.978851100314375344e+01,1.926856440658142589e+01
3.980851671906259526e+01,1.997323877987320273e+01
3.982852243498142286e+01,2.002359486847275249e+01
3.984852815090025757e+01,1.997215190632407200e+01
3.986853386681909228e+01,1.885306404796360980e+01
3.988853958273792699e+01,1.986506425139781840e+01
3.990854529865676170e+01,1.975184523738625941e+01
3.992855101457559641e+01,1.906360012550506866e+01
3.994855673049443112e+01,1.888756009583331519e+01
3.996856244641325873e+01,1.794807906012919929e+01
3.998856816233210054e+01,1.789972828970544327e+01
4.000857387825092815e+01,1.782726306706350172e+01
4.002857959416976286e+01,1.853719625774363067e+01
4.004858531008859757e+01,1.709047406938837810e+01
4.006859102600743228e+01,1.778340415989959666e+01
4.008859674192626699e+01,1.780524919959080421e+01
4.010860245784510170e+01,1.761185541926619891e+01
4.012860817376393641e+01,1.625001593422944879e+01
4.014861388968276401e+01,1.620200614973096265e+01
4.016861960560160583e+01,1.591427141257109668e+01
4.018862532152043343e+01,1.635116391543480319e+01
4.020863103743927525e+01,1.559421072112005646e+01
4.022863675335810285e+01,1.583326194811627374e+01
4.024864246927693756e+01,1.501261012245354287e+01
4.026864818519577227e+01,1.478296207663313666e+01
4.028865390111460698e+01,1.456955928933383326e+01
4.030865961703344169e+01,1.489081564178147943e+01
4.032866533295226930e+01,1.431620571972284495e+01
4.034867104887111111e+01,1.393490043189587269e+01
4.036867676478993872e+01,1.494272551074771549e+01
4.038868248070878053e+01,1.410238850576600811e+01
4.040868819662760814e+01,1.382445033542659196e+01
4.042869391254644285e+01,1.377915368635730253e+01
4.044869962846527756e+01,1.415106363653778310e+01
4.046870534438411227e+01,1.347528430637520991e+01
4.048871106030294698e+01,1.415936926773450644e+01
4.050871677622177458e+01,1.380685771142055884e+01
4.052872249214061640e+01,1.427200605981006731e+01
4.054872820805944400e+01,1.430586265359989007e+01
4.056873392397828582e+01,1.421574287859109553e+01
4.058873963989711342e+01,1.402185281868421640e+01
4.060874535581594813e+01,1.437337687124187724e+01
4.062875107173478284e+01,1.382456806811878813e+01
4.064875678765361755e+01,1.484765113313525831e+01
4.066876250357245226e+01,1.491878764903526466e+01
4.068876821949127986e+01,1.490957422278624733e+01
4.070877393541012168e+01,1.493994293222190706e+01
4.072877965132894929e+01,1.500643197819863772e+01
4.074878536724779110e+01,1.461549569222987799e+01
4.076879108316661871e+01,1.568659579987983932e+01
4.078879679908545342e+01,1.516451760636663160e+01
4.080880251500428813e+01,1.519599921846856283e+01
4.082880823092312284e+01,1.546743207780043683e+01
4.084881394684195755e+01,1.532386680848983573e+01
4.086881966276079226e+01,1.631827806553523885e+01
4.088882537867962697e+01,1.510146074002045857e+01
4.090883109459845457e+01,1.614122095351639885e+01
4.092883681051729639e+01,1.596236826859309410e+01
4.094884252643612399e+01,1.556535155812088433e+01
4.096884824235495870e+01,1.598865443547949461e+01
4.098885395827379341e+01,1.553743922387170251e+01
4.100885967419262812e+01,1.539981072103824999e+01
4.102886539011146283e+01,1.582420708918669305e+01
4.104887110603029754e+01,1.555334914696386051e+01
4.106887682194913225e+01,1.604183950448074825e+01
4.108888253786795985e+01,1.479860884980592850e+01
4.110888825378680167e+01,1.562225046255711192e+01
4.112889396970562927e+01,1.517828839311895273e+01
4.114889968562447109e+01,1.495215887283282186e+01
4.116890540154329869e+01,1.439856715181387337e+01
4.118891111746213340e+01,1.518537132891886898e+01
4.120891683338096811e+01,1.474324110233498075e+01
4.122892254929980282e+01,1.493665172420193521e+01
4.124892826521863753e+01,1.413354792147216088e+01
4.126893398113746514e+01,1.331024396701904422e+01
4.128893969705630695e+01,1.389438427833474599e+01
4.130894541297513456e+01,1.393679543652018182e+01
4.132895112889397637e+01,1.306245756021112570e+01
4.134895684481280398e+01,1.266307691513144462e+01
4.136896256073163869e+01,1.301322381421455532e+01
4.138896827665047340e+01,1.285577870184570770e+01
4.140897399256930811e+01,1.230317670170873789e+01
4.142897970848814282e+01,1.154354623663275703e+01
4.144898542440697042e+01,1.182891643220737166e+01
4.146899114032581224e+01,1.069589961236064113e+01
4.148899685624463984e+01,1.102665522213805360e+01
4.150900257216348166e+01,1.087009805796285100e+01
4.152900828808230926e+01,9.637920910187345314e+00
4.154901400400114397e+01,1.042862488057754256e+01
4.156901971991997868e+01,1.024086235309184012e+01
4.158902543583881339e+01,9.532209021488341705e+00
4.160903115175764810e+01,1.011948532380352894e+01
4.162903686767647571e+01,9.095544615069362848e+00
4.164904258359531752e+01,8.882572898432114172e+00
4.166904829951414513e+01,8.771661429559856060e+00
4.168905401543298694e+01,8.334207100405055968e+00
4.170905973135181455e+01,8.196648030491944681e+00
4.172906544727064926e+01,8.756112449163881095e+00
4.174907116318948397e+01,8.618402574741367062e+00
4.176907687910831868e+01,7.988166532964485533e+00
4.178908259502715339e+01,8.717864212436277072e+00
4.180908831094598810e+01,7.256304814939628756e+00
4.182909402686482281e+01,7.446415987052631635e+00
4.184909974278365041e+01,7.123584053080874057e+00
4.186910545870249223e+01,7.190595073900615475e+00
4.188911117462131983e+01,7.704784120099533062e+00
4.190911689054015454e+01,6.855059933934765759e+00
4.192912260645898925e+01,7.214576593433007723e+00
4.194912832237782396e+01,6.791307807791394424e+00
4.196913403829665867e+01,6.940727480306994934e+00
4.198913975421549338e+01,6.977494453861027068e+00
4.200914547013432809e+01,6.774624694547961568e+00
4.202915118605316280e+01,6.837672468481707178e+00
4.204915690197199041e+01,6.595960963272060162e+00
4.206916261789082512e+01,5.654782217850355508e+00
4.208916833380965983e+01,5.530593610070354771e+00
4.210917404972849454e+01,6.042540723202598940e+00
4.212917976564732925e+01,5.558313816359921944e+00
4.214918548156616396e+01,5.838572438834519929e+00
4.216919119748499867e+01,6.414580083223112794e+00
4.218919691340383338e+01,6.288033448917408563e+00
4.220920262932266809e+01,6.424615715571212249e+00
4.222920834524150280e+01,5.366339024728071116e+00
4.224921406116033040e+01,5.176192249754191010e+00
4.226921977707916511e+01,5.922849701945141376e+00
4.228922549299799982e+01,5.670544516398973833e+00
4.230923120891683453e+01,5.383808277568719269e+00
4.232923692483566924e+01,5.978567212982789592e+00
4.234924264075450395e+01,4.996018158716876378e+00
4.236924835667333866e+01,5.644192565936673844e+00
4.238925407259217337e+01,5.152869108233606887e+00
4.240925978851100808e+01,6.379843566662573018e+00
4.242926550442983569e+01,6.012775394344713753e+00
4.244927122034867040e+01,5.188346575212245959e+00
4.246927693626750511e+01,5.791452829999765406e+00
4.248928265218633982e+01,4.701902079480144714e+00
4.250928836810517453e+01,5.191095515968178198e+00
4.252929408402400924e+01,5.229759268773001679e+00
4.254929979994284395e+01,5.537813746629572265e+00
4.256930551586167866e+01,5.652896534103123649e+00
4.258931123178051337e+01,5.358133597520378544e+00
4.260931694769934097e+01,4.886754127928612412e+00
4.262932266361817568e+01,6.085487360998280693e+00
4.264932837953701039e+01,6.257284991071369262e+00
4.266933409545584510e+01,5.286281316622417847e+00
4.268933981137467981e+01,6.042158994698299423e+00
4.270934552729351452e+01,6.507068029703928502e+00
4.272935124321234923e+01,5.190208414842186535e+00
4.274935695913118394e+01,5.441869204681157868e+00
4.276936267505001865e+01,4.914732887453150845e+00
4.278936839096885336e+01,5.776754836155316930e+00
4.280937410688768097e+01,5.286790884268393498e+00
4.282937982280651568e+01,6.024490354509199008e+00
4.284938553872535039e+01,5.164490614124340517e+00
4.286939125464418510e+01,5.587477266926480723e+00
4.288939697056301981e+01,5.512465836555313636e+00
4.290940268648185452e+01,5.381114535140399724e+00
4.292940840240068923e+01,6.318533269591236845e+00
4.294941411831952394e+01,6.052575739145400924e+00
4.296941983423835865e+01,6.061131554222168205e+00
4.298942555015718625e+01,5.462015445374230005e+00
4.300943126607602096e+01,5.566552940494364776e+00
4.302943698199485567e+01,6.505024260723828000e+00
4.304944269791369038e+01,6.091782090448665699e+00
4.306944841383252509e+01,5.778880154621075071e+00
4.308945412975135980e+01,5.804556943404422853e+00
4.310945984567019451e+01,5.586467260522439027e+00
4.312946556158902922e+01,5.087443371707752959e+00
4.314947127750786393e+01,5.796734412753822951e+00
4.316947699342669864e+01,6.580594018436251247e+00
4.318948270934552625e+01,6.082114350842952710e+00
4.320948842526436096e+01,6.432062641866071573e+00
4.322949414118319567e+01,6.408740508725221829e+00
4.324949985710203038e+01,6.127345026538107753e+00
4.326950557302086509e+01,6.457832293243049193e+00
4.328951128893969980e+01,6.254403620000241304e+00
4.330951700485853451e+01,5.431588867218024141e+00
4.332952272077736922e+01,6.153441652358969449e+00
4.334952843669620393e+01,6.463338130058338571e+00
4.336953415261503153e+01,6.070027226229193218e+00
4.338953986853386624e+01,6.334883023130796431e+00
4.340954558445270095e+01,6.274790428888660898e+00
4.342955130037153566e+01,6.951158968671817817e+00
4.344955701629037037e+01,6.612078044015576417e+00
4.346956273220920508e+01,6.326948121027697880e+00
4.348956844812803979e+01,7.372993739994759821e+00
4.350957416404687450e+01,6.915701747283400813e+00
4.352957987996570921e+01,7.631077185150409115e+00
4.354958559588453681e+01,6.879565299639676113e+00
4.356959131180337153e+01,6.780713385964666884e+00
4.358959702772220624e+01,7.505182973895835552e+00
4.360960274364104095e+01,7.642159051818809168e+00
4.362960845955987566e+01,7.681625968043625186e+00
4.364961417547871037e+01,7.729725627156303069e+00
4.366961989139754508e+01,7.880590974145990302e+00
4.368962560731637979e+01,7.858709686358858804e+00
4.370963132323521450e+01,8.078664866892106389e+00
4.372963703915404921e+01,8.992632234153102644e+00
4.374964275507287681e+01,8.076213625712641786e+00
4.376964847099171152e+01,8.310047830264913671e+00
4.378965418691054623e+01,8.310042148666724415e+00
4.380965990282938094e+01,8.831858166930949494e+00
4.382966561874821565e+01,9.575077096219613892e+00
4.384967133466705036e+01,1.001125408947726037e+01
4.386967705058588507e+01,1.017490698748993161e+01
4.388968276650471978e+01,9.542677175662042544e+00
4.390968848242355449e+01,1.030444228644631188e+01
4.392969419834238209e+01,1.058307337279836702e+01
4.394969991426121680e+01,1.134612609111758985e+01
4.396970563018005151e+01,1.080942675053453605e+01
4.398971134609888622e+01,1.088173611950480613e+01
4.400971706201772093e+01,1.161122755716346511e+01
4.402972277793655564e+01,1.238209380392854797e+01
4.404972849385539035e+01,1.298293690064549288e+01
4.406973420977422506e+01,1.212873250871398589e+01
4.408973992569305977e+01,1.310956475093021645e+01
4.410974564161189448e+01,1.385202568722821148e+01
4.412975135753072209e+01,1.381259613911544548e+01
4.414975707344955680e+01,1.353648027913179774e+01
4.416976278936839151e+01,1.450475705174163643e+01
4.418976850528722622e+01,1.535931267353953977e+01
4.420977422120606093e+01,1.603359679780115243e+01
4.422977993712489564e+01,1.623367515910773307e+01
4.424978565304373035e+01,1.675928457785316894e+01
4.426979136896256506e+01,1.640104034417397827e+01
4.428979708488139977e+01,1.752348616080287513e+01
4.430980280080022737e+01,1.805205626071729341e+01
4.432980851671906208e+01,1.885908750368677289e+01
4.434981423263789679e+01,1.936565775997512517e+01
4.436981994855673150e+01,1.927162162667575984e+01
4.438982566447556621e+01,2.036869955492187501e+01
4.440983138039440092e+01,1.977206393951556151e+01
4.442983709631323563e+01,2.026021531091811312e+01
4.444984281223207034e+01,2.089533819213205845e+01
4.446984852815090505e+01,2.117229402912177960e+01
4.448985424406973266e+01,2.179400661394709360e+01
4.450985995998856737e+01,2.176106997904733831e+01
4.452986567590740208e+01,2.230937584304930610e+01
4.454987139182623679e+01,2.244473353892725953e+01
4.456987710774507150e+01,2.203994884272962906e+01
4.458988282366390621e+01,2.172640235397721042e+01
4.460988853958274092e+01,2.170170923584665346e+01
4.462989425550157563e+01,2.194018378250949652e+01
4.464989997142041034e+01,2.219738892739065506e+01
4.466990568733924505e+01,2.196092199616159135e+01
4.468991140325807265e+01,2.186471685308047341e+01
4.470991711917690736e+01,2.196265374183230179e+01
4.472992283509574207e+01,2.151102585184675675e+01
4.474992855101457678e+01,2.130052703733711184e+01
4.476993426693341149e+01,2.152841770842399427e+01
4.478993998285224620e+01,2.088039393055699122e+01
4.480994569877108091e+01,2.014144688557826868e+01
4.482995141468991562e+01,1.954368154075580222e+01
4.484995713060875033e+01,2.060901032549654843e+01
4.486996284652757794e+01,1.998901589848889060e+01
4.488996856244641265e+01,1.881322882402137608e+01
4.490997427836524736e+01,1.914145539654109740e+01
4.492997999428408207e+01,1.823092958001401698e+01
4.494998571020291678e+01,1.781065761678377513e+01
4.496999142612175149e+01,1.831846082125898434e+01
4.498999714204058620e+01,1.740831418410525444e+01
4.501000285795942091e+01,1.667726894009892291e+01
4.503000857387825562e+01,1.617048666034173365e+01
4.505001428979709033e+01,1.616487336965776223e+01
4.507002000571591793e+01,1.645181294139911188e+01
4.509002572163475264e+01,1.556604736446746884e+01
4.511003143755358735e+01,1.528948887764823183e+01
4.513003715347242206e+01,1.548004959079243648e+01
4.515004286939125677e+01,1.521422352893564600e+01
4.517004858531009148e+01,1.467330340578341996e+01
4.519005430122892619e+01,1.456585989016070393e+01
4.521006001714776090e+01,1.385768036978613083e+01
4.523006573306659561e+01,1.368055962508236512e+01
4.525007144898542322e+01,1.268716167087309721e+01
4.527007716490425793e+01,1.253355718299101440e+01
4.529008288082309264e+01,1.264222396475573085e+01
4.531008859674192735e+01,1.221378345110328034e+01
4.533009431266076206e+01,1.193439175093298843e+01
4.535010002857959677e+01,1.288120065599791353e+01
4.537010574449843148e+01,1.181720577542770556e+01
4.539011146041726619e+01,1.209872385349229873e+01
4.541011717633610090e+01,1.146143373048053249e+01
4.543012289225492850e+01,1.188571879243055918e+01
4.545012860817376321e+01,1.114926515121083384e+01
4.547013432409259792e+01,1.053782716455050128e+01
4.549014004001143263e+01,1.090095202898214488e+01
4.551014575593026734e+01,1.126684676683149533e+01
4.553015147184910205e+01,1.065803318171932723e+01
4.555015718776793676e+01,1.073982603341601383e+01
4.557016290368677147e+01,1.125252739696008319e+01
4.559016861960560618e+01,1.035652287101622804e+01
4.561017433552444089e+01,1.082198076281301624e+01
4.563018005144326850e+01,1.125499021878144745e+01
4.565018576736210321e+01,1.174005245972736944e+01
4.567019148328093792e+01,1.106083197582536215e+01
4.569019719919977263e+01,1.165057023894844335e+01
4.571020291511860734e+01,1.184238055763130681e+01
4.573020863103744205e+01,1.124871620464882582e+01
4.575021434695627676e+01,1.145920558858073512e+01
4.577022006287511147e+01,1.202502517401569193e+01
4.579022577879394618e+01,1.163261927585547006e+01
4.581023149471277378e+01,1.150250126147773599e+01
4.583023721063160849e+01,1.209766837402604445e+01
4.585024292655044320e+01,1.195582754227219269e+01
4.587024864246927791e+01,1.173964903206154275e+01
4.589025435838811262e+01,1.233365125329631695e+01
4.591026007430694733e+01,1.306658446462528467e+01
4.593026579022578204e+01,1.400240573072814065e+01
4.595027150614461675e+01,1.355887480471963613e+01
4.597027722206345146e+01,1.348309372276312601e+01
4.599028293798228617e+01,1.431045512881080306e+01
4.601028865390111378e+01,1.419286784188337691e+01
4.603029436981994849e+01,1.479597397067111331e+01
4.605030008573878320e+01,1.539739394716571397e+01
4.607030580165761791e+01,1.602191629128719086e+01
4.609031151757645262e+01,1.644820077547743864e+01
4.611031723349528733e+01,1.641689740427249689e+01
4.613032294941412204e+01,1.778222942263317918e+01
4.615032866533295675e+01,1.756066038398793694e+01
4.617033438125179146e+01,1.773740588645140193e+01
4.619034009717061906e+01,1.919815956906231591e+01
4.621034581308945377e+01,1.892115066491286512e+01
4.623035152900828848e+01,1.968283000021747853e+01
4.625035724492712319e+01,2.056270818711058013e+01
4.627036296084595790e+01,2.135521336459597563e+01
4.629036867676479261e+01,2.181150373599158954e+01
4.631037439268362732e+01,2.276154064948146427e+01
4.633038010860246203e+01,2.405144450397942535e+01
4.635038582452129674e+01,2.499919118539956031e+01
4.637039154044012434e+01,2.539271636396902565e+01
4.639039725635895905e+01,2.596620584529693687e+01
4.641040297227779376e+01,2.635492915586940654e+01
4.643040868819662847e+01,2.810167909173093648e+01
4.645041440411546319e+01,2.818269337812394326e+01
4.647042012003429790e+01,2.852140653184885366e+01
4.649042583595313261e+01,3.027584532830143260e+01
4.651043155187196732e+01,3.148117339648267077e+01
4.653043726779080203e+01,3.185561240239066194e+01
4.655044298370963674e+01,3.249373574591773917e+01
4.657044869962846434e+01,3.252155140299660019e+01
4.659045441554729905e+01,3.493173639277103604e+01
4.661046013146613376e+01,3.483589526000716319e+01
4.663046584738496847e+01,3.591488823586104928e+01
4.665047156330380318e+01,3.578403006905430317e+01
4.667047727922263789e+01,3.663955323932874819e+01
4.669048299514147260e+01,3.758750896843402245e+01
4.671048871106030731e+01,3.826736425518056706e+01
4.673049442697914202e+01,3.845468362754487401e+01
4.675050014289796962e+01,3.843287987700216490e+01
4.677050585881680433e+01,3.860574081401234992e+01
4.679051157473563904e+01,3.909544718153605913e+01
4.681051729065447375e+01,3.915265677571472480e+01
4.683052300657330846e+01,3.913261994487615425e+01
4.685052872249214317e+01,4.032725069127106821e+01
4.687053443841097788e+01,4.011331054743005353e+01
4.689054015432981259e+01,3.966934218336562878e+01
4.691054587024864730e+01,3.960162815992022445e+01
4.693055158616748201e+01,3.924337059036955822e+01
4.695055730208630962e+01,3.892423326469079825e+01
4.697056301800514433e+01,3.936429435531187693e+01
4.699056873392397904e+01,3.757523588371828538e+01
4.701057444984281375e+01,3.764622872060703429e+01
4.703058016576164846e+01,3.706159392399769814e+01
4.705058588168048317e+01,3.677218519523935925e+01
4.707059159759931788e+01,3.552533053287820053e+01
4.709059731351815259e+01,3.529933016869831164e+01
4.711060302943698730e+01,3.446305409180844492e+01
4.713060874535581490e+01,3.273982591687909149e+01
4.715061446127464961e+01,3.249333312929239526e+01
4.717062017719348432e+01,3.150375964858984901e+01
4.719062589311231903e+01,3.093854278283779990e+01
4.721063160903115374e+01,2.928318101247363359e+01
4.723063732494998845e+01,2.878612983441664497e+01
4.725064304086882316e+01,2.844986652030628349e+01
4.727064875678765787e+01,2.669761902993761638e+01
4.729065447270649258e+01,2.579684533875282426e+01
4.731066018862532019e+01,2.566174924833883608e+01
4.733066590454415490e+01,2.446913275865239967e+01
4.735067162046298961e+01,2.394264157495703316e+01
4.737067733638182432e+01,2.341294994639711291e+01
4.739068305230065903e+01,2.205707349083971991e+01
4.741068876821949374e+01,2.167090559054894783e+01
4.743069448413832845e+01,2.036328614785280067e+01
4.745070020005716316e+01,2.005807335849846140e+01
4.747070591597599787e+01,1.901788680425143951e+01
4.749071163189483258e+01,1.931901305214856635e+01
4.751071734781366018e+01,1.754617727454590792e+01
4.753072306373249489e+01,1.698621824667374369e+01
4.755072877965132960e+01,1.715534322914777476e+01
4.757073449557016431e+01,1.646543825842492836e+01
4.759074021148899902e+01,1.583930848384903101e+01
4.761074592740783373e+01,1.457722499557953455e+01
4.763075164332666844e+01,1.457942446681905224e+01
4.765075735924550315e+01,1.468512701684620048e+01
4.767076307516433786e+01,1.311943851195548483e+01
4.769076879108316547e+01,1.361941972083578989e+01
4.771077450700200018e+01,1.277183009925998647e+01
4.773078022292083489e+01,1.268840338907501675e+01
4.775078593883966960e+01,1.256030005004686068e+01
4.777079165475850431e+01,1.136095234010888610e+01
4.779079737067733902e+01,1.203838566305335078e+01
4.781080308659617373e+01,1.097414700003219856e+01
4.783080880251500844e+01,1.063323927241189359e+01
4.785081451843384315e+01,1.087064940265349477e+01
4.787082023435267075e+01,1.068129635107730380e+01
4.789082595027150546e+01,9.684717417326337952e+00
4.791083166619034017e+01,1.009753601177287052e+01
4.793083738210917488e+01,9.858135845641482931e+00
4.795084309802800959e+01,9.733592143620947823e+00
4.797084881394684430e+01,9.352401471736230931e+00
4.799085452986567901e+01,9.395582768996536771e+00
4.801086024578451372e+01,8.868978585340309806e+00
4.803086596170334843e+01,8.490113647495567406e+00
4.805087167762218314e+01,9.100849020839966386e+00
4.807087739354101075e+01,9.424136190939433888e+00
4.809088310945984546e+01,8.298842868181310450e+00
4.811088882537868017e+01,8.733179550373069588e+00
4.813089454129751488e+01,9.221015457703192197e+00
4.815090025721634959e+01,8.631239020578663101e+00
4.817090597313518430e+01,8.874360888561451333e+00
4.819091168905401901e+01,7.866060129203082063e+00
4.821091740497285372e+01,8.652515995720941433e+00
4.823092312089168843e+01,7.154626464435311917e+00
4.825092883681051603e+01,7.859941595072115206e+00
4.827093455272935074e+01,8.274582087087987148e+00
4.829094026864818545e+01,7.441597564985052315e+00
4.831094598456702016e+01,8.225413770055761020e+00
4.833095170048585487e+01,7.133913274973585850e+00
4.835095741640468958e+01,7.266143853060099467e+00
4.837096313232352429e+01,7.745368986517248366e+00
4.839096884824235900e+01,7.944000066012824490e+00
4.841097456416119371e+01,7.103318146145966239e+00
4.843098028008002842e+01,7.392645920581438546e+00
4.845098599599885603e+01,7.461317024737870618e+00
4.847099171191769074e+01,7.593369064664938328e+00
4.849099742783652545e+01,7.687785745326420894e+00
4.851100314375536016e+01,7.597666969684692795e+00
4.853100885967419487e+01,8.034280229109311833e+00
4.855101457559302958e+01,6.826081331166482968e+00
4.857102029151186429e+01,7.946176901840875217e+00
4.859102600743069900e+01,7.651627421418139008e+00
4.861103172334953371e+01,7.870353345424064173e+00
4.863103743926836131e+01,8.053748176483850330e+00
4.865104315518719602e+01,7.586773042416957047e+00
4.867104887110603073e+01,7.230881784791772127e+00
4.869105458702486544e+01,7.259659830338291542e+00
4.871106030294370015e+01,7.811588471992929605e+00
4.873106601886253486e+01,8.471931815459385007e+00
4.875107173478136957e+01,7.656111998102378635e+00
4.877107745070020428e+01,8.073527189362884826e+00
4.879108316661903899e+01,7.130957387635402434e+00
4.881108888253786660e+01,7.658580522266745128e+00
4.883109459845670131e+01,7.606488700435919625e+00
4.885110031437553602e+01,8.064396019997774445e+00
4.887110603029437073e+01,8.263964960522432790e+00
4.889111174621320544e+01,8.000997632413424654e+00
4.891111746213204015e+01,7.655674391906281961e+00
4.893112317805087486e+01,8.353276599493213439e+00
4.895112889396970957e+01,7.795757463645915486e+00
4.897113460988854428e+01,7.825138726258360933e+00
4.899114032580737899e+01,8.895157978354454542e+00
4.901114604172620659e+01,7.986882923117881283e+00
4.903115175764504130e+01,8.182010412290139811e+00
4.905115747356387601e+01,8.564859967245940453e+00
4.907116318948271072e+01,9.561805779573472108e+00
4.909116890540154543e+01,8.993642580099400874e+00
4.911117462132038014e+01,9.720420296840041274e+00
4.913118033723921485e+01,9.650222613050402742e+00
4.915118605315804956e+01,1.049334834223320456e+01
4.917119176907688427e+01,1.077703391686067214e+01
4.919119748499571187e+01,1.061812710437874330e+01
4.921120320091454658e+01,1.192029128090958956e+01
4.923120891683338129e+01,1.211991677567692882e+01
4.925121463275221600e+01,1.286074737095744958e+01
4.927122034867105071e+01,1.401396798631657070e+01
4.929122606458988542e+01,1.493264179584059193e+01
4.931123178050872014e+01,1.519867425474381584e+01
4.933123749642755485e+01,1.636354310017348723e+01
4.935124321234638956e+01,1.683102212918031881e+01
4.937124892826522427e+01,1.802565588900820615e+01
4.939125464418405187e+01,1.838105171221448231e+01
4.941126036010288658e+01,1.939608729705885892e+01
4.943126607602172129e+01,2.116527103852002156e+01
4.945127179194055600e+01,2.066647223292524060e+01
4.947127750785939071e+01,2.133881902769100591e+01
4.949128322377822542e+01,2.187598544782817811e+01
4.951128893969706013e+01,2.210212449641793953e+01
4.953129465561589484e+01,2.174090484816445468e+01
4.955130037153472955e+01,2.181490117227313519e+01
4.957130608745355715e+01,2.115038586416976329e+01
4.959131180337239186e+01,2.035208380912734327e+01
4.961131751929122657e+01,1.945293857376083579e+01
4.963132323521006128e+01,1.893615170144399684e+01
4.965132895112889599e+01,1.743315993267477992e+01
4.967133466704773070e+01,1.585199700164963943e+01
4.969134038296656541e+01,1.501356161288511615e+01
4.971134609888540012e+01,1.461480309871223326e+01
4.973135181480423483e+01,1.327218713910307812e+01
4.975135753072306244e+01,1.185776959137117359e+01
4.977136324664189715e+01,1.122961342723128020e+01
4.979136896256073186e+01,9.571500894484824329e+00
4.981137467847956657e+01,9.211692668834444930e+00
4.983138039439840128e+01,8.376839474909289152e+00
4.985138611031723599e+01,7.578674507437491492e+00
4.987139182623607070e+01,6.840297459237003608e+00
4.989139754215490541e+01,6.489406572848151811e+00
4.991140325807374012e+01,6.711971794000287872e+00
4.993140897399257483e+01,5.537252481939164639e+00
4.995141468991140243e+01,6.132787709757676176e+00
4.997142040583023714e+01,6.029915983333660634e+00
4.999142612174907185e+01,6.324484021297416270e+00
5.001143183766790656e+01,4.946810633126942136e+00
5.003143755358674127e+01,5.640403036234949319e+00
5.005144326950557598e+01,5.697393312508692631e+00
5.007144898542441069e+01,4.728302260947345736e+00
5.009145470134324540e+01,5.298004193705164511e+00
5.011146041726208011e+01,4.417387720140483864e+00
5.013146613318090772e+01,4.782462004970543745e+00
5.015147184909974243e+01,4.608298644566556135e+00
5.017147756501857714e+01,4.203220107458096599e+00
5.019148328093741185e+01,5.261644192301467626e+00
5.021148899685624656e+01,4.758199153508585688e+00
5.023149471277508127e+01,4.410222504480124428e+00
5.025150042869391598e+01,3.961843214852606820e+00
5.027150614461275069e+01,4.908211823789748074e+00
5.029151186053158540e+01,5.100325351591221690e+00
5.031151757645042011e+01,4.821172861246867392e+00
5.033152329236924771e+01,4.968031145118646741e+00
5.035152900828808242e+01,4.805826091559161739e+00
5.037153472420691713e+01,4.863959324786549132e+00
5.039154044012575184e+01,4.126260014442722834e+00
5.041154615604458655e+01,4.871836888858006809e+00
5.043155187196342126e+01,4.663376444530503484e+00
5.045155758788225597e+01,5.114799019452481943e+00
5.047156330380109068e+01,5.045241835231824012e+00
5.049156901971992539e+01,4.838908712938698287e+00
5.051157473563875300e+01,5.084236433451629011e+00
5.053158045155758771e+01,4.759211635381324079e+00
5.055158616747642242e+01,4.996853592556046664e+00
5.057159188339525713e+01,4.309080421688186391e+00
5.059159759931409184e+01,4.754822629846774618e+00
5.061160331523292655e+01,4.496783712117044196e+00
5.063160903115176126e+01,4.576079692173283142e+00
5.065161474707059597e+01,4.637843058320638256e+00
5.067162046298943068e+01,4.980676771734588115e+00
5.069162617890825828e+01,4.888744000032341219e+00
5.071163189482709299e+01,5.149525188593563563e+00
5.073163761074592770e+01,4.734082592738288575e+00
5.075164332666476241e+01,3.832959283330440226e+00
5.077164904258359712e+01,4.073468587870288538e+00
5.079165475850243183e+01,4.271356706828163041e+00
5.081166047442126654e+01,4.020691818112072546e+00
5.083166619034010125e+01,4.725964382513740958e+00
5.085167190625893596e+01,5.168471820922563964e+00
5.087167762217777067e+01,4.505894742985399937e+00
5.089168333809659828e+01,3.941140921878959258e+00
5.091168905401543299e+01,4.678525040369357235e+00
5.093169476993426770e+01,5.060815132521726767e+00
5.095170048585310241e+01,5.021788573245314247e+00
5.097170620177193712e+01,4.361119277142117667e+00
5.099171191769077183e+01,3.745962166400965909e+00
5.101171763360960654e+01,4.512583867607547816e+00
5.103172334952844125e+01,4.034774461399659451e+00
5.105172906544727596e+01,4.768714397263053684e+00
5.107173478136610356e+01,4.134794744262260124e+00
5.109174049728493827e+01,4.352549591244168070e+00
5.111174621320377298e+01,4.454819246487855544e+00
5.113175192912260769e+01,5.035517065591272434e+00
5.115175764504144240e+01,4.934010204203481464e+00
5.117176336096027711e+01,4.395717665885511494e+00
5.119176907687911182e+01,4.830592386787329495e+00
5.121177479279794653e+01,4.853003040664305878e+00
5.123178050871678124e+01,4.711319534877430826e+00
5.125178622463561595e+01,5.044182961866226833e+00
5.127179194055444356e+01,4.528723763791040469e+00
5.129179765647327827e+01,4.897827278880834356e+00
5.131180337239211298e+01,5.109668370337866250e+00
5.133180908831094769e+01,5.162867220732931806e+00
5.135181480422978240e+01,4.300549708502539481e+00
5.137182052014861711e+01,4.725211778312543132e+00
5.139182623606745182e+01,4.620926391922255405e+00
5.141183195198628653e+01,4.174839149065038946e+00
5.143183766790512124e+01,4.583764509745105187e+00
5.145184338382394884e+01,4.412192317671946640e+00
5.147184909974278355e+01,4.755423344016951326e+00
5.149185481566161826e+01,4.734814293834844534e+00
5.151186053158045297e+01,4.578182811300647082e+00
5.153186624749928768e+01,5.012821281918134808e+00
5.155187196341812239e+01,4.475993842076377405e+00
5.157187767933695710e+01,5.130691073312137362e+00
5.159188339525579181e+01,4.532303922813026631e+00
5.161188911117462652e+01,5.370090019509675017e+00
5.163189482709345413e+01,4.869598626885591308e+00
5.165190054301228884e+01,5.882736754445749838e+00
5.167190625893112355e+01,5.085777207088060692e+00
5.169191197484995826e+01,5.683018685941418013e+00
5.171191769076879297e+01,5.863333156688326220e+00
5.173192340668762768e+01,5.150305105989627208e+00
5.175192912260646239e+01,5.102340254502464312e+00
5.177193483852529710e+01,5.622250204093803383e+00
5.179194055444413181e+01,4.926879531631062292e+00
5.181194627036296652e+01,5.536014731099182740e+00
5.183195198628179412e+01,5.778808584029244244e+00
5.185195770220062883e+01,5.438055545517105571e+00
5.187196341811946354e+01,6.105997347693619126e+00
5.189196913403829825e+01,5.558176123161013393e+00
5.191197484995713296e+01,5.581169044741295160e+00
5.193198056587596767e+01,5.906647229423024115e+00
5.195198628179480238e+01,6.769121441707939724e+00
5.197199199771363709e+01,6.082663611013657601e+00
5.199199771363247180e+01,7.230523646686729755e+00
5.201200342955129940e+01,7.764671995271267946e+00
5.203200914547013411e+01,7.826972597113760699e+00
5.205201486138896882e+01,7.146768275978552687e+00
5.207202057730780353e+01,7.515005833428374693e+00
5.209202629322663824e+01,8.126613710604637220e+00
5.211203200914547295e+01,7.931875716225874839e+00
5.213203772506430766e+01,8.770024960663095115e+00
5.215204344098314237e+01,9.079521434273907232e+00
5.217204915690197708e+01,1.012097601177968720e+01
5.219205487282081180e+01,1.025149977557514447e+01
5.221206058873963940e+01,9.880238956629430191e+00
5.223206630465847411e+01,1.054267756507514520e+01
5.225207202057730882e+01,1.178483303585471731e+01
5.227207773649614353e+01,1.124516696903622126e+01
5.229208345241497824e+01,1.172635663087786284e+01
5.231208916833381295e+01,1.249374958536105495e+01
5.233209488425264766e+01,1.175553000556490701e+01
5.235210060017148237e+01,1.214871219947000114e+01
5.237210631609031708e+01,1.180006048370721672e+01
5.239211203200914468e+01,1.153292998259806268e+01
5.241211774792797939e+01,1.101329087722322697e+01
5.243212346384681410e+01,1.171236505580525211e+01
5.245212917976564881e+01,1.077824074518759190e+01
5.247213489568448352e+01,1.060401430402771439e+01
5.249214061160331823e+01,1.045110937562090569e+01
5.251214632752215294e+01,9.654556960011365874e+00
5.253215204344098765e+01,9.162490489220473933e+00
5.255215775935982236e+01,9.602335881600753353e+00
5.257216347527864997e+01,9.179234311992074069e+00
5.259216919119748468e+01,8.831205887202791871e+00
5.261217490711631939e+01,8.499973023274488781e+00
5.263218062303515410e+01,7.878808538029509201e+00
5.265218633895398881e+01,9.153956789172243091e+00
5.267219205487282352e+01,8.522477838145213980e+00
5.269219777079165823e+01,8.204081542343617528e+00
5.271220348671049294e+01,8.592861383795096231e+00
5.273220920262932765e+01,8.333408499782683165e+00
5.275221491854816236e+01,8.426921499053504405e+00
5.277222063446698996e+01,7.618156358291853891e+00
5.279222635038582467e+01,7.406876009072715483e+00
5.281223206630465938e+01,7.777236614949960547e+00
5.283223778222349409e+01,7.880419989843995943e+00
5.285224349814232880e+01,7.789498821082141866e+00
5.287224921406116351e+01,8.140914250321065637e+00
5.289225492997999822e+01,8.108140337150015142e+00
5.291226064589883293e+01,7.135255526357646261e+00
5.293226636181766764e+01,7.145196193846373944e+00
5.295227207773649525e+01,7.995650072618024851e+00
5.297227779365532996e+01,7.198564013975023990e+00
5.299228350957416467e+01,6.502079367723201386e+00
5.301228922549299938e+01,7.776056693580051693e+00
5.303229494141183409e+01,7.795463943079580460e+00
5.305230065733066880e+01,7.096007415902982451e+00
5.307230637324950351e+01,7.254644432220291428e+00
5.309231208916833822e+01,6.823359012201067664e+00
5.311231780508717293e+01,6.492879734213727438e+00
5.313232352100600764e+01,6.467533297729231023e+00
5.315232923692483524e+01,6.407747750347096094e+00
5.317233495284366995e+01,7.004497949035573434e+00
5.319234066876250466e+01,7.140179979383886710e+00
5.321234638468133937e+01,6.129079156077375856e+00
5.323235210060017408e+01,7.008397469951241021e+00
5.325235781651900879e+01,6.430984609211808589e+00
5.327236353243784350e+01,6.596809847529703674e+00
5.329236924835667821e+01,6.483770745780516265e+00
5.331237496427551292e+01,6.156843914016893571e+00
5.333238068019434053e+01,6.815251725324340093e+00
5.335238639611317524e+01,7.056637076914896056e+00
5.337239211203200995e+01,6.772639201860651603e+00
5.339239782795084466e+01,6.815666731680751766e+00
5.341240354386967937e+01,6.691360478531078293e+00
5.343240925978851408e+01,5.985457486865126242e+00
5.345241497570734879e+01,6.554153967680565351e+00
5.347242069162618350e+01,7.243893772967623157e+00
5.349242640754501821e+01,6.034031207636418870e+00
5.351243212346384581e+01,7.237681018267088540e+00
5.353243783938268052e+01,7.439530084644247587e+00
5.355244355530151523e+01,6.421588582888493768e+00
5.357244927122034994e+01,7.611896324545349479e+00
5.359245498713918465e+01,7.236606652218997127e+00
5.361246070305801936e+01,7.273251976500361593e+00
5.363246641897685407e+01,7.062981334606931227e+00
5.365247213489568878e+01,7.942849321047956934e+00
5.367247785081452349e+01,7.567615312829999219e+00
5.369248356673335820e+01,7.726158941275247827e+00
5.371248928265218581e+01,7.320718075849619311e+00
5.373249499857102052e+01,8.244818680532956634e+00
5.375250071448985523e+01,7.537982421571021163e+00
5.377250643040868994e+01,8.405428957009641877e+00
5.379251214632752465e+01,8.565005663783976431e+00
5.381251786224635936e+01,8.777233505164558025e+00
5.383252357816519407e+01,9.174481974885669189e+00
5.385252929408402878e+01,9.582235158416764875e+00
5.387253501000286349e+01,9.370241323611416817e+00
5.389254072592169109e+01,9.300245573739561067e+00
5.391254644184052580e+01,9.919156721289644096e+00
5.393255215775936051e+01,9.125094778728023215e+00
5.395255787367819522e+01,9.940255023338284701e+00
5.397256358959702993e+01,1.020531924234672871e+01
5.399256930551586464e+01,1.070945388488321015e+01
5.401257502143469935e+01,1.017428360635647699e+01
5.403258073735353406e+01,1.044185752968441072e+01
5.405258645327236877e+01,1.098641407635897416e+01
5.407259216919120348e+01,1.142334230308129683e+01
5.409259788511003109e+01,1.205384107277733641e+01
5.411260360102886580e+01,1.174181506512914375e+01
5.413260931694770051e+01,1.196588753538166117e+01
5.415261503286653522e+01,1.268778646056048665e+01
5.417262074878536993e+01,1.252273719144882946e+01
5.419262646470420464e+01,1.254212134992496175e+01
5.421263218062303935e+01,1.279064906431386994e+01
5.423263789654187406e+01,1.332064196864593697e+01
5.425264361246070877e+01,1.353129402281329341e+01
5.427264932837953637e+01,1.479233433986384050e+01
5.429265504429837108e+01,1.505246658924232506e+01
5.431266076021720579e+01,1.518637601089899825e+01
5.433266647613604050e+01,1.563286040311201752e+01
5.435267219205487521e+01,1.519884321368434144e+01
5.437267790797370992e+01,1.529481251517761464e+01
5.439268362389254463e+01,1.499354623163536537e+01
5.441268933981137934e+01,1.571474438136547391e+01
5.443269505573021405e+01,1.567273343906119543e+01
5.445270077164904166e+01,1.584358631573250342e+01
5.447270648756787637e+01,1.695540586669092065e+01
5.449271220348671108e+01,1.624064426502904368e+01
5.451271791940554579e+01,1.667113847247452441e+01
5.453272363532438050e+01,1.720341971844312923e+01
5.455272935124321521e+01,1.695489335769351058e+01
5.457273506716204992e+01,1.609117658137720142e+01
5.459274078308088463e+01,1.740914173786153896e+01
5.461274649899971934e+01,1.744154531807857822e+01
5.463275221491855405e+01,1.710597604386483894e+01
5.465275793083738165e+01,1.710694515500655655e+01
5.467276364675621636e+01,1.691265866133518969e+01
5.469276936267505107e+01,1.636509201471056940e+01
5.471277507859388578e+01,1.717035422902620923e+01
5.473278079451272049e+01,1.648070021283183451e+01
5.475278651043155520e+01,1.645830867233886963e+01
5.477279222635038991e+01,1.663391775994890409e+01
5.479279794226922462e+01,1.640112301759767632e+01
5.481280365818805933e+01,1.656687881761215664e+01
5.483280937410688693e+01,1.554080617200888703e+01
5.485281509002572164e+01,1.685678843647380276e+01
5.487282080594455635e+01,1.634626382928719224e+01
5.489282652186339106e+01,1.613491291243749970e+01
5.491283223778222577e+01,1.528306932100903381e+01
5.493283795370106048e+01,1.465365983783215320e+01
5.495284366961989519e+01,1.515209817151247940e+01
5.497284938553872990e+01,1.556053761689563331e+01
5.499285510145756461e+01,1.535001028594834871e+01
5.501286081737639222e+01,1.489252462760197560e+01
5.503286653329522693e+01,1.546945585549845248e+01
5.505287224921406164e+01,1.482952113654274839e+01
5.507287796513289635e+01,1.503982691687588691e+01
5.509288368105173106e+01,1.388604812847432690e+01
5.511288939697056577e+01,1.449562666469088157e+01
5.513289511288940048e+01,1.421496524710053677e+01
5.515290082880823519e+01,1.501153223394947922e+01
5.517290654472706990e+01,1.454738170895256921e+01
5.519291226064590461e+01,1.455673579538962770e+01
5.521291797656473221e+01,1.373160064355169574e+01
5.523292369248356692e+01,1.361851977346944764e+01
5.525292940840240163e+01,1.362408024515875837e+01
5.527293512432123634e+01,1.380225067825406704e+01
5.529294084024007105e+01,1.404847762954756618e+01
5.531294655615890576e+01,1.393960837058076585e+01
5.533295227207774047e+01,1.311305379772118762e+01
5.535295798799657518e+01,1.399116814324375824e+01
5.537296370391540989e+01,1.432942654694687334e+01
5.539296941983423750e+01,1.322371134505883461e+01
5.541297513575307221e+01,1.383871920421652746e+01
5.543298085167190692e+01,1.317907171336362460e+01
5.545298656759074163e+01,1.260950263157953088e+01
5.547299228350957634e+01,1.342597385786334385e+01
5.549299799942841105e+01,1.313047528006135778e+01
5.551300371534724576e+01,1.260326499809085021e+01
5.553300943126608047e+01,1.258459060829834897e+01
5.555301514718491518e+01,1.306206061745620417e+01
5.557302086310374989e+01,1.289428828917585079e+01
5.559302657902257749e+01,1.273572204074171665e+01
5.561303229494141220e+01,1.220407212378939654e+01
5.563303801086024691e+01,1.319850116268964157e+01
5.565304372677908162e+01,1.304061581534504732e+01
5.567304944269791633e+01,1.299282220158121426e+01
5.569305515861675104e+01,1.287714712964194774e+01
5.571306087453558575e+01,1.145105510408403227e+01
5.573306659045442046e+01,1.175863671272167998e+01
5.575307230637325517e+01,1.228139188757402955e+01
5.577307802229208278e+01,1.098628502872890245e+01
5.579308373821091749e+01,1.135819951556607954e+01
5.581308945412975220e+01,1.143431779416360605e+01
5.583309517004858691e+01,1.147081472833577820e+01
5.585310088596742162e+01,1.151490091732184773e+01
5.587310660188625633e+01,1.080152925782266671e+01
5.589311231780509104e+01,1.059866072593442965e+01
5.591311803372392575e+01,1.063126404049870999e+01
5.593312374964276046e+01,1.040220656603015925e+01
5.595312946556158806e+01,1.025661375524981622e+01
5.597313518148042277e+01,1.088481658250958262e+01
5.599314089739925748e+01,1.066819491142481091e+01
5.601314661331809219e+01,1.001764254575714297e+01
5.603315232923692690e+01,1.000832644759694290e+01
5.605315804515576161e+01,1.092230637317334363e+01
5.607316376107459632e+01,1.074047409893859495e+01
5.609316947699343103e+01,1.059788560808089386e+01
5.611317519291226574e+01,1.002053274002025063e+01
5.613318090883110045e+01,9.465046216315851524e+00
5.615318662474992806e+01,1.071374140403687392e+01
5.617319234066876277e+01,9.708867128103962685e+00
5.619319805658759748e+01,9.618952255093047299e+00
5.621320377250643219e+01,9.556692850675091222e+00
5.623320948842526690e+01,1.002267303339795390e+01
5.625321520434410161e+01,1.033992595214073695e+01
5.627322092026293632e+01,1.026256748827630005e+01
5.629322663618177103e+01,9.840020791600853300e+00
5.631323235210060574e+01,9.557675330502773292e+00
5.633323806801943334e+01,1.040303228413877790e+01
5.635324378393826805e+01,1.024879567821635717e+01
5.637324949985710276e+01,1.044716382071786320e+01
5.639325521577593747e+01,9.384640017124247890e+00
5.641326093169477218e+01,1.009273596243388482e+01
5.643326664761360689e+01,9.817624299432136326e+00
5.645327236353244160e+01,1.065774631197090017e+01
5.647327807945127631e+01,9.894478400112040717e+00
5.649328379537011102e+01,1.015385931919338347e+01
5.651328951128894573e+01,1.065833998578737862e+01
5.653329522720777334e+01,1.069914119613307157e+01
5.655330094312660805e+01,1.092320795249573706e+01
5.657330665904544276e+01,1.096601739000906583e+01
5.659331237496427747e+01,1.010514301993847752e+01
5.661331809088311218e+01,1.166802797823154592e+01
5.663332380680194689e+01,1.088570388686106760e+01
5.665332952272078160e+01,1.072909861162430367e+01
5.667333523863961631e+01,1.047496962776742890e+01
5.669334095455845102e+01,1.110801720230750611e+01
5.671334667047727862e+01,1.145124771572672628e+01
5.673335238639611333e+01,1.128743260927936376e+01
5.675335810231494804e+01,1.133321179213197816e+01
5.677336381823378275e+01,1.090370828411749748e+01
5.679336953415261746e+01,1.144640181302862203e+01
5.681337525007145217e+01,1.155712732925054986e+01
5.683338096599028688e+01,1.097933688980375422e+01
5.685338668190912159e+01,1.137775643242978418e+01
5.687339239782795630e+01,1.091654358239492417e+01
5.689339811374678391e+01,1.143806584276145166e+01
5.691340382966561862e+01,1.140057366366547242e+01
5.693340954558445333e+01,1.087126449615556112e+01
5.695341526150328804e+01,1.097677163778238629e+01
5.697342097742212275e+01,1.074793530316574319e+01
5.699342669334095746e+01,1.078306600866842579e+01
5.701343240925979217e+01,9.972231353408728793e+00
5.703343812517862688e+01,1.055122189448058023e+01
5.705344384109746159e+01,9.905807531442087921e+00
5.707344955701629630e+01,9.451377277904013496e+00
5.709345527293512390e+01,1.092353062928834007e+01
5.711346098885395861e+01,1.028085606959750109e+01
5.713346670477279332e+01,9.809009979064178708e+00
5.715347242069162803e+01,9.870574357974231106e+00
5.717347813661046274e+01,9.198573680460436108e+00
5.719348385252929745e+01,9.637331929856136625e+00
5.721348956844813216e+01,9.127476843132869888e+00
5.723349528436696687e+01,9.735354999731844927e+00
5.725350100028580158e+01,8.367867778532801282e+00
5.727350671620462919e+01,8.725736551063404178e+00
5.729351243212346390e+01,9.424708712558429013e+00
5.731351814804229861e+01,8.825070399177350922e+00
5.733352386396113332e+01,8.330475017988854702e+00
5.735352957987996803e+01,8.305743216953272778e+00
5.737353529579880274e+01,8.350537188524661758e+00
5.739354101171763745e+01,8.396484412321084889e+00
5.741354672763647216e+01,8.034468079806934782e+00
5.743355244355530687e+01,8.191900388670594779e+00
5.745355815947414158e+01,7.835455960711838586e+00
5.747356387539296918e+01,7.834659326835706317e+00
5.749356959131180389e+01,7.409793648278685474e+00
5.751357530723063860e+01,8.448555776406323048e+00
5.753358102314947331e+01,8.064172756286728472e+00
5.755358673906830802e+01,7.950735010220167709e+00
5.757359245498714273e+01,7.479487338240256911e+00
5.759359817090597744e+01,7.810242056131762922e+00
5.761360388682481215e+01,7.672365461569760292e+00
5.763360960274364686e+01,7.572417806359233339e+00
5.765361531866247446e+01,8.053999448214241852e+00
5.767362103458130917e+01,8.215168228893157121e+00
5.769362675050014388e+01,8.372988691826595442e+00
5.771363246641897859e+01,7.320171979137543694e+00
5.773363818233781330e+01,7.356718015600406169e+00
5.775364389825664801e+01,7.441770292805232501e+00
5.777364961417548272e+01,7.738711926487672699e+00
5.779365533009431743e+01,8.184600518981760331e+00
5.781366104601315214e+01,7.131796814787509931e+00
5.783366676193197975e+01,7.128227209464711223e+00
5.785367247785081446e+01,7.651791786915635996e+00
5.787367819376964917e+01,7.320992037518490925e+00
5.789368390968848388e+01,7.333515121960271443e+00
5.791368962560731859e+01,7.022632392611286356e+00
5.793369534152615330e+01,7.842003138629610959e+00
5.795370105744498801e+01,6.628216911723171734e+00
5.797370677336382272e+01,7.017242539616651342e+00
5.799371248928265743e+01,7.101984301095736640e+00
5.801371820520149214e+01,7.035983741844948014e+00
5.803372392112031974e+01,6.916393923008382849e+00
5.805372963703915445e+01,6.979865293813316995e+00
5.807373535295798916e+01,6.689462583078872093e+00
5.809374106887682387e+01,7.180970239559940183e+00
5.811374678479565858e+01,7.643661659716780576e+00
5.813375250071449329e+01,6.109548204395919946e+00
5.815375821663332800e+01,6.200192886455637264e+00
5.817376393255216271e+01,6.724393677476703246e+00
5.819376964847099742e+01,6.967006288484220100e+00
5.821377536438982503e+01,6.403782294308951961e+00
5.823378108030865974e+01,5.810549487049052608e+00
5.825378679622749445e+01,6.630759768724071357e+00
5.827379251214632916e+01,5.903923524513818855e+00
5.829379822806516387e+01,6.990850451581262170e+00
5.831380394398399858e+01,6.319401766343510474e+00
5.833380965990283329e+01,6.232036053144669907e+00
5.835381537582166800e+01,5.426265463310611104e+00
5.837382109174050271e+01,6.158225788260589084e+00
5.839382680765933742e+01,6.136931243564241356e+00
5.841383252357816502e+01,6.462495835142447298e+00
5.843383823949699973e+01,6.135413848669180048e+00
5.845384395541583444e+01,6.177379738848729041e+00
5.847384967133466915e+01,6.303531400127709183e+00
5.849385538725350386e+01,6.181423675864614609e+00
5.851386110317233857e+01,5.132710092334234808e+00
5.853386681909117328e+01,6.405209062244897389e+00
5.855387253501000799e+01,5.338870880822815579e+00
5.857387825092884270e+01,5.851357768945264937e+00
5.859388396684767031e+01,6.105593254838042938e+00
5.861388968276650502e+01,5.846517672273527921e+00
5.863389539868533973e+01,5.862018216117412805e+00
5.865390111460417444e+01,5.073959606543359868e+00
5.867390683052300915e+01,5.569878890793056314e+00
5.869391254644184386e+01,4.955316025777282363e+00
5.871391826236067857e+01,6.136458067257342996e+00
5.873392397827951328e+01,5.520558714964387548e+00
5.875392969419834799e+01,5.426503944513536126e+00
5.877393541011717559e+01,5.552403238735019286e+00
5.879394112603601030e+01,5.656130371272373836e+00
5.881394684195484501e+01,5.520824526474478411e+00
5.883395255787367972e+01,5.799045538846741898e+00
5.885395827379251443e+01,5.586572687548845728e+00
5.887396398971134914e+01,5.847759247304036734e+00
5.889396970563018385e+01,5.631706993233073000e+00
5.891397542154901856e+01,5.277243744198765185e+00
5.893398113746785327e+01,6.281014896002091952e+00
5.895398685338668798e+01,5.922944865717203022e+00
5.897399256930551559e+01,6.450419116965337096e+00
5.899399828522435030e+01,6.108213040806941940e+00
5.901400400114318501e+01,5.382340792060778867e+00
5.903400971706201972e+01,6.699095024578537227e+00
5.905401543298085443e+01,5.991202203138701776e+00
5.907402114889968914e+01,6.888744965608844417e+00
5.909402686481852385e+01,7.171098337459448580e+00
5.911403258073735856e+01,6.325001114545425018e+00
5.913403829665619327e+01,6.263565690518869467e+00
5.915404401257502087e+01,6.516814140447259263e+00
5.917404972849385558e+01,6.144830135212062672e+00
5.919405544441269029e+01,7.462709952250878409e+00
5.921406116033152500e+01,6.638592539095116152e+00
5.923406687625035971e+01,7.013633500419704347e+00
5.925407259216919442e+01,7.040139535971117191e+00
5.927407830808802913e+01,7.386844437452483092e+00
5.929408402400686384e+01,6.788518758392617869e+00
5.931408973992569855e+01,7.700766075331092253e+00
5.933409545584453326e+01,7.083826903421499566e+00
5.935410117176336087e+01,7.900789386799479175e+00
5.937410688768219558e+01,8.527686755691302523e+00
5.939411260360103029e+01,7.737155562904147743e+00
5.941411831951986500e+01,8.205454523512885956e+00
5.943412403543869971e+01,8.284275296731326677e+00
5.945412975135753442e+01,8.120714315947282103e+00
5.947413546727636913e+01,8.134082012432713782e+00
5.949414118319520384e+01,7.912653618732899297e+00
5.951414689911403855e+01,7.569562611143892283e+00
5.953415261503286615e+01,8.302439278501566378e+00
5.955415833095170086e+01,9.031159435400351043e+00
5.957416404687053557e+01,8.141078238331688866e+00
5.959416976278937028e+01,8.695419032851667396e+00
5.961417547870820499e+01,9.270707707815951437e+00
5.963418119462703970e+01,8.629865703268647437e+00
5.965418691054587441e+01,8.201898075680734479e+00
5.967419262646470912e+01,8.682334316665871299e+00
5.969419834238354383e+01,8.114188338708082426e+00
5.971420405830237144e+01,7.995664577931894890e+00
5.973420977422120615e+01,8.972529946863073036e+00
5.975421549014004086e+01,9.195158095692994138e+00
5.977422120605887557e+01,8.427254464889822216e+00
5.979422692197771028e+01,8.070245970486425335e+00
5.981423263789654499e+01,8.626670686472710514e+00
5.983423835381537970e+01,8.023391086841822784e+00
5.985424406973421441e+01,8.461360890708363058e+00
5.987424978565304912e+01,7.830148860848106018e+00
5.989425550157188383e+01,8.452316138938643419e+00
5.991426121749071143e+01,8.191267065119681945e+00
5.993426693340954614e+01,7.742762370283299944e+00
5.995427264932838085e+01,7.069739616521094838e+00
5.997427836524721556e+01,7.592234283275494100e+00
5.999428408116605027e+01,7.257256834686289793e+00
6.001428979708488498e+01,7.306812617597651993e+00
6.003429551300371969e+01,6.894900956309866658e+00
6.005430122892255440e+01,6.669304713508141802e+00
6.007430694484138911e+01,6.722251674026580304e+00
6.009431266076021672e+01,6.944260915289489411e+00
6.011431837667905143e+01,7.131118497156589520e+00
6.013432409259788614e+01,7.136116945139657552e+00
6.015432980851672085e+01,6.794933822597385209e+00
6.017433552443555556e+01,6.910246774419606552e+00
6.019434124035439027e+01,6.734809754699536910e+00
6.021434695627322498e+01,5.871147401756596551e+00
6.023435267219205969e+01,6.313607456982698984e+00
6.025435838811089440e+01,5.931764385539499251e+00
6.027436410402972911e+01,6.003898132111991082e+00
6.029436981994855671e+01,6.196679442621336520e+00
6.031437553586739142e+01,5.691073584062066537e+00
6.033438125178622613e+01,5.912885840624634959e+00
6.035438696770506084e+01,5.911298131161808911e+00
6.037439268362389555e+01,5.737453847506140292e+00
6.039439839954273026e+01,5.556530215790106197e+00
6.041440411546156497e+01,5.283321711718731883e+00
6.043440983138039968e+01,5.349288175824694846e+00
6.045441554729923439e+01,5.397504083409836007e+00
6.047442126321806199e+01,5.728812418233016679e+00
6.049442697913689670e+01,5.304775526172925915e+00
6.051443269505573141e+01,5.329667149676709847e+00
6.053443841097456612e+01,5.734735303573368803e+00
6.055444412689340083e+01,5.401529942248164851e+00
6.057444984281223554e+01,5.307025621439549923e+00
6.059445555873107025e+01,5.578659218121471142e+00
6.061446127464990496e+01,4.540865596356914224e+00
6.063446699056873967e+01,5.466510967274251342e+00
6.065447270648756728e+01,5.504892663296492294e+00
6.067447842240640199e+01,5.137553985042158544e+00
6.069448413832523670e+01,4.198178625683293141e+00
6.071448985424407141e+01,5.182233448780094065e+00
6.073449557016290612e+01,5.118292077930453488e+00
6.075450128608174083e+01,5.542551181202950872e+00
6.077450700200057554e+01,4.663445153013131339e+00
6.079451271791941025e+01,4.504809151698183634e+00
6.081451843383824496e+01,4.953802329353059086e+00
6.083452414975707967e+01,4.163846949600287672e+00
6.085452986567590727e+01,4.657334683988342050e+00
6.087453558159474198e+01,5.322944182390600965e+00
6.089454129751357669e+01,4.910334156955512341e+00
6.091454701343241140e+01,4.426839635975442278e+00
6.093455272935124611e+01,5.167391088077978090e+00
6.095455844527008082e+01,4.833826890125347830e+00
6.097456416118891553e+01,5.517019202622127416e+00
6.099456987710775024e+01,5.568921766469160595e+00
6.101457559302658495e+01,4.806684841212011783e+00
6.103458130894541256e+01,5.402629778339271382e+00
6.105458702486424727e+01,4.669061680048395502e+00
6.107459274078308198e+01,4.601343675042475212e+00
6.109459845670191669e+01,4.918001140510228630e+00
6.111460417262075140e+01,4.657148635305920159e+00
6.113460988853958611e+01,4.685917011360891671e+00
6.115461560445842082e+01,5.286807111083626332e+00
6.117462132037725553e+01,5.178469823075071865e+00
6.119462703629609024e+01,5.275800930748509643e+00
6.121463275221492495e+01,4.485049382976361798e+00
6.123463846813375255e+01,5.500562335218834420e+00
6.125464418405258726e+01,5.038501343485462414e+00
6.127464989997142197e+01,4.427932639685447036e+00
6.129465561589025668e+01,4.818067167202795709e+00
6.131466133180909139e+01,3.875834651628927929e+00
6.133466704772792610e+01,4.838357812590067475e+00
6.135467276364676081e+01,4.437023711156743211e+00
6.137467847956559552e+01,4.915150709684485975e+00
6.139468419548443023e+01,5.532700411324348089e+00
6.141468991140325784e+01,4.701650615822789980e+00
6.143469562732209255e+01,5.297121249890317962e+00
6.145470134324092726e+01,5.462803179545804078e+00
6.147470705915976197e+01,5.145092099367047034e+00
6.149471277507859668e+01,5.669278059139148951e+00
6.151471849099743139e+01,4.570996340190102813e+00
6.153472420691626610e+01,4.997813782375857272e+00
6.155472992283510081e+01,5.139777794735166161e+00
6.157473563875393552e+01,4.447298281569663558e+00
6.159474135467276312e+01,4.526940731895823689e+00
6.161474707059159783e+01,4.981632621164579611e+00
6.163475278651043254e+01,5.803667347627758488e+00
6.165475850242926725e+01,5.096413242550014822e+00
6.167476421834810196e+01,5.151966446741242933e+00
6.169476993426693667e+01,4.964474970720888614e+00
6.171477565018577138e+01,5.227137608115251410e+00
6.173478136610460609e+01,5.398768657296852069e+00
6.175478708202344080e+01,5.438164229409247596e+00
6.177479279794227551e+01,5.013716856715280557e+00
6.179479851386110312e+01,5.067656370001217603e+00
6.181480422977993783e+01,5.266126111200954973e+00
6.183480994569877254e+01,5.156012258237303136e+00
6.185481566161760725e+01,5.211955443094855589e+00
6.187482137753644196e+01,6.054141542548344468e+00
6.189482709345527667e+01,4.965394995743280582e+00
6.191483280937411138e+01,5.716826483367184686e+00
6.193483852529294609e+01,5.817949135569739916e+00
6.195484424121178080e+01,5.753553519629579505e+00
6.197484995713060840e+01,5.620957943701354154e+00
6.199485567304944311e+01,5.646837571754337759e+00
6.201486138896827782e+01,5.322772034143900655e+00
6.203486710488711253e+01,5.667040635803989090e+00
6.205487282080594724e+01,6.659533379126298946e+00
6.207487853672478195e+01,5.461142145856683783e+00
6.209488425264361666e+01,5.897227569002417624e+00
6.211488996856245137e+01,6.143573615287126088e+00
6.213489568448128608e+01,6.193668614701930863e+00
6.215490140040011369e+01,6.953445520952288739e+00
6.217490711631894840e+01,6.446439102458445092e+00
6.219491283223778311e+01,7.561126215658248384e+00
6.221491854815661782e+01,7.573709198416130661e+00
6.223492426407545253e+01,7.328108877755459716e+00
6.225492997999428724e+01,7.873962457117660740e+00
6.227493569591312195e+01,7.817661898012580046e+00
6.229494141183195666e+01,9.207621938755929492e+00
6.231494712775079137e+01,9.625304420317647214e+00
6.233495284366962608e+01,9.233522416325440574e+00
6.235495855958845368e+01,9.896292992707552472e+00
6.237496427550728839e+01,1.064648174334669761e+01
6.239496999142612310e+01,1.255677675191941489e+01
6.241497570734495781e+01,1.222751925492630320e+01
6.243498142326379252e+01,1.315943840266467646e+01
6.245498713918262723e+01,1.487322971312782727e+01
6.247499285510146194e+01,1.568564891695150365e+01
6.249499857102029665e+01,1.704886257425567919e+01
6.251500428693913136e+01,1.784931570596825168e+01
6.253501000285795897e+01,1.937304939341433041e+01
6.255501571877679368e+01,1.983418796375586268e+01
6.257502143469562839e+01,2.056481442659904957e+01
6.259502715061446310e+01,2.134973042399447962e+01
6.261503286653329781e+01,2.243781891051434485e+01
6.263503858245213252e+01,2.304089897159234113e+01
6.265504429837096723e+01,2.347808845388527388e+01
6.267505001428980194e+01,2.346937305140540175e+01
6.269505573020863665e+01,2.392248074124747603e+01
6.271506144612747136e+01,2.387245644362089791e+01
6.273506716204629896e+01,2.366674223398779731e+01
6.275507287796513367e+01,2.343043843833493511e+01
6.277507859388396838e+01,2.359401308318568624e+01
6.279508430980280309e+01,2.280658556307899687e+01
6.281509002572163780e+01,2.339836523335678820e+01
6.283509574164047251e+01,2.171929968414580259e+01
6.285510145755930722e+01,2.207620668706010747e+01
6.287510717347814193e+01,2.160458125803385343e+01
6.289511288939697664e+01,2.153430682382422390e+01
6.291511860531580425e+01,2.067684003624932032e+01
6.293512432123463896e+01,2.004203159398485568e+01
6.295513003715347367e+01,2.021285274184666747e+01
6.297513575307230838e+01,2.000361296854483228e+01
6.299514146899114309e+01,1.866912216235867561e+01
6.301514718490997780e+01,1.858856746987945741e+01
6.303515290082881251e+01,1.872079475583299413e+01
6.305515861674764722e+01,1.832819396020505920e+01
6.307516433266648193e+01,1.810956963638390249e+01
6.309517004858530953e+01,1.823693392354586251e+01
6.311517576450414424e+01,1.780212199567878883e+01
6.313518148042297895e+01,1.771094178571374655e+01
6.315518719634181366e+01,1.767237597930534321e+01
6.317519291226064837e+01,1.756272884144938473e+01
6.319519862817948308e+01,1.664101612719630552e+01
6.321520434409831779e+01,1.729243817140981321e+01
6.323521006001715250e+01,1.672290256259927332e+01
6.325521577593598721e+01,1.695409729714459957e+01
6.327522149185482192e+01,1.688308675092144284e+01
6.329522720777364952e+01,1.737714875900169176e+01
6.331523292369248423e+01,1.747944428463562261e+01
6.333523863961131894e+01,1.684409489763023871e+01
6.335524435553015365e+01,1.656653505972305851e+01
6.337525007144898836e+01,1.731316247548276976e+01
6.339525578736782307e+01,1.711531527233789518e+01
6.341526150328665778e+01,1.621121950915890508e+01
6.343526721920549249e+01,1.614146268605600909e+01
6.345527293512432720e+01,1.605154613357378679e+01
6.347527865104315481e+01,1.559588149363686682e+01
6.349528436696198952e+01,1.565675131165714973e+01
6.351529008288082423e+01,1.563612550279299818e+01
6.353529579879965894e+01,1.512060458465021817e+01
6.355530151471849365e+01,1.456860322752805281e+01
6.357530723063732836e+01,1.418415583845340500e+01
6.359531294655616307e+01,1.402514976501490551e+01
6.361531866247499778e+01,1.376223413427412368e+01
6.363532437839383249e+01,1.409298372710859582e+01
6.365533009431266720e+01,1.383380354065207918e+01
6.367533581023149480e+01,1.333879547242924701e+01
6.369534152615032951e+01,1.368096102886223520e+01
6.371534724206916422e+01,1.333223972614009512e+01
6.373535295798799893e+01,1.194125106678363579e+01
6.375535867390683364e+01,1.169796284753916282e+01
6.377536438982566835e+01,1.217813466373372222e+01
6.379537010574450306e+01,1.198916929444045287e+01
6.381537582166333777e+01,1.131054046133772673e+01
6.383538153758217248e+01,1.169628540358143098e+01
6.385538725350100009e+01,1.132634106716244737e+01
6.387539296941983480e+01,1.105271266473706859e+01
6.389539868533866951e+01,1.126865980192632577e+01
6.391540440125750422e+01,1.084901789201771649e+01
6.393541011717633893e+01,1.020040203489173791e+01
6.395541583309517364e+01,9.994784682640133866e+00
6.397542154901400835e+01,1.098421624407351871e+01
6.399542726493284306e+01,9.849569914644824564e+00
6.401543298085167066e+01,1.017623707419526013e+01
6.403543869677051248e+01,9.659006698727981899e+00
6.405544441268934008e+01,8.997398757307292883e+00
6.407545012860816769e+01,9.907151601333515245e+00
6.409545584452700950e+01,9.492512054682094913e+00
6.411546156044585132e+01,9.461879991681172442e+00
6.413546727636467892e+01,9.570710751627242274e+00
6.415547299228350653e+01,9.451882470049735474e+00
6.417547870820234834e+01,1.006373481609900722e+01
6.419548442412119016e+01,9.865516443635804933e+00
6.421549014004001776e+01,1.064212332588899201e+01
6.423549585595884537e+01,1.033646170947704412e+01
6.425550157187768718e+01,9.988300347978812610e+00
6.427550728779651479e+01,1.007074702565473601e+01
6.429551300371534239e+01,1.094305711160297889e+01
6.431551871963418421e+01,9.902588211737786139e+00
6.433552443555302602e+01,1.065172467515709087e+01
6.435553015147185363e+01,1.087648066781667744e+01
6.437553586739068123e+01,1.164383136081369763e+01
6.439554158330952305e+01,1.170616754234434431e+01
6.441554729922835065e+01,1.101234814264182660e+01
6.443555301514717826e+01,1.140591977089358977e+01
6.445555873106602007e+01,1.139864731666032327e+01
6.447556444698486189e+01,1.206682036186364293e+01
6.449557016290368949e+01,1.216911379593159914e+01
6.451557587882251710e+01,1.220821868671913180e+01
6.453558159474135891e+01,1.278959923881875405e+01
6.455558731066020073e+01,1.209760783368284542e+01
6.457559302657902833e+01,1.204260451420224953e+01
6.459559874249785594e+01,1.246106100359342328e+01
6.461560445841669775e+01,1.266453300792637826e+01
6.463561017433552536e+01,1.214381547339067779e+01
6.465561589025435296e+01,1.129533632483187588e+01
6.467562160617319478e+01,1.153687612982311705e+01
6.469562732209203659e+01,1.179818577458442164e+01
6.471563303801086420e+01,1.085855074124701325e+01
6.473563875392969180e+01,1.150681174530928530e+01
6.475564446984853362e+01,1.130567745117068945e+01
6.477565018576737543e+01,1.184855301374009073e+01
6.479565590168618883e+01,1.125889512969709827e+01
6.481566161760503064e+01,1.087227511974944960e+01
6.483566733352387246e+01,1.191782204251398447e+01
6.485567304944270006e+01,1.086803579506258366e+01
6.487567876536152767e+01,1.227594357151421889e+01
6.489568448128036948e+01,1.175318848030507546e+01
6.491569019719921130e+01,1.306035790366684957e+01
6.493569591311803890e+01,1.329358675969111658e+01
6.495570162903686651e+01,1.409664741562685286e+01
6.497570734495570832e+01,1.492135361785976677e+01
6.499571306087453593e+01,1.643339408076688457e+01
6.501571877679336353e+01,1.707460654195028127e+01
6.503572449271220535e+01,1.888632703017179537e+01
6.505573020863104716e+01,1.973567937006994555e+01
6.507573592454987477e+01,2.067590757316278527e+01
6.509574164046870237e+01,2.082794924814996662e+01
6.511574735638754419e+01,2.201046014997195499e+01
6.513575307230638600e+01,2.185052193862565062e+01
6.515575878822521361e+01,2.140767635027050630e+01
6.517576450414404121e+01,2.113301659439514424e+01
6.519577022006288303e+01,2.060216839235625486e+01
6.521577593598171063e+01,1.957778437552665096e+01
6.523578165190053824e+01,1.952634806329932360e+01
6.525578736781938005e+01,1.784244659212290074e+01
6.527579308373822187e+01,1.663050441477776786e+01
6.529579879965704947e+01,1.584509455472163708e+01
6.531580451557587708e+01,1.439926990531963824e+01
6.533581023149471889e+01,1.254277887700813920e+01
6.535581594741354650e+01,1.205711494279624674e+01
6.537582166333237410e+01,1.210404257970782282e+01
6.539582737925121592e+01,1.008256688945062152e+01
6.541583309517005773e+01,1.023137952202791290e+01
6.543583881108888534e+01,9.595772110255092358e+00
6.545584452700771294e+01,9.871122459488150369e+00
6.547585024292655476e+01,9.296425297668429621e+00
6.549585595884539657e+01,8.573149174882505719e+00
6.551586167476422418e+01,8.758457652870271559e+00
6.553586739068305178e+01,8.770870885924379579e+00
6.555587310660189360e+01,9.005430192752687191e+00
6.557587882252072120e+01,8.816816407485333684e+00
6.559588453843954881e+01,8.352988064921195388e+00
6.561589025435839062e+01,8.670696695993147074e+00
6.563589597027723244e+01,8.834668829891135999e+00
6.565590168619606004e+01,9.020712423394215307e+00
6.567590740211488765e+01,8.925327543664730356e+00
6.569591311803372946e+01,9.468769395554165413e+00
6.571591883395257128e+01,9.007044082744009472e+00
6.573592454987138467e+01,8.619670186984498272e+00
6.575593026579022649e+01,8.748819602452448052e+00
6.577593598170906830e+01,8.296306335786342245e+00
6.579594169762789591e+01,8.852915158982362698e+00
6.581594741354672351e+01,8.696996116508843855e+00
6.583595312946556533e+01,8.515729271342559414e+00
6.585595884538440714e+01,8.107471209424888414e+00
6.587596456130323475e+01,8.678210529465699707e+00
6.589597027722206235e+01,9.046655453119528900e+00
6.591597599314090417e+01,8.396910684652903356e+00
6.593598170905973177e+01,8.844654206783024719e+00
6.595598742497855937e+01,8.443922360924856818e+00
6.597599314089740119e+01,8.736849665392249165e+00
6.599599885681624301e+01,8.587686851948175715e+00
6.601600457273507061e+01,8.664612023743702096e+00
6.603601028865389821e+01,7.667734714621234460e+00
6.605601600457274003e+01,8.399980299824619578e+00
6.607602172049158185e+01,7.966147255314686149e+00
6.609602743641040945e+01,7.901372500580722935e+00
6.611603315232923705e+01,8.593728707562227953e+00
6.613603886824807887e+01,7.625014107290958520e+00
6.615604458416690647e+01,8.071181202232295959e+00
6.617605030008573408e+01,8.076965895400999074e+00
6.619605601600457589e+01,7.319030989416501320e+00
6.621606173192341771e+01,8.367447188445380490e+00
6.623606744784224531e+01,8.143857655398200279e+00
6.625607316376107292e+01,8.521497475998618398e+00
6.627607887967991473e+01,7.935132523551862604e+00
6.629608459559874234e+01,8.027176097056718973e+00
6.631609031151756994e+01,7.896770569030053366e+00
6.633609602743641176e+01,7.731222305442054576e+00
6.635610174335525357e+01,8.046231591698496999e+00
6.637610745927408118e+01,8.131566929061307292e+00
6.639611317519290878e+01,7.679785530393150594e+00
6.641611889111175060e+01,7.611498130581581201e+00
6.643612460703059241e+01,7.698619120284325490e+00
6.645613032294942002e+01,8.082145220716654421e+00
6.647613603886824762e+01,8.376061032697675657e+00
6.649614175478708944e+01,7.856779844714630201e+00
6.651614747070591704e+01,6.968155354047000927e+00
6.653615318662474465e+01,7.707567585822266309e+00
6.655615890254358646e+01,7.781133276983489111e+00
6.657616461846242828e+01,7.982099364535264030e+00
6.659617033438125588e+01,8.258774270601110246e+00
6.661617605030008349e+01,8.500290365418626592e+00
6.663618176621892530e+01,7.295630028679195966e+00
6.665618748213776712e+01,8.008997674498081309e+00
6.667619319805658051e+01,7.875898979085315332e+00
6.669619891397542233e+01,7.813542619565916780e+00
6.671620462989426414e+01,7.442996949567841192e+00
6.673621034581309175e+01,7.581116010564718621e+00
6.675621606173191935e+01,7.816759421766938942e+00
6.677622177765076117e+01,7.767388573249666806e+00
6.679622749356960298e+01,8.055370265459176338e+00
6.681623320948843059e+01,7.408331772028033946e+00
6.683623892540725819e+01,7.926320545655980432e+00
6.685624464132610001e+01,7.342858277883479445e+00
6.687625035724492761e+01,8.238259222754633626e+00
6.689625607316375522e+01,8.176705248944447391e+00
6.691626178908259703e+01,7.338156247096514484e+00
6.693626750500143885e+01,7.717084980179765630e+00
6.695627322092026645e+01,7.816971840869072707e+00
6.697627893683909406e+01,7.383961336591543301e+00
6.699628465275793587e+01,6.985696131446307078e+00
6.701629036867677769e+01,6.911361903589689604e+00
6.703629608459560529e+01,7.413007658243177644e+00
6.705630180051443290e+01,7.401674796504916998e+00
6.707630751643327471e+01,6.969231462890830286e+00
6.709631323235210232e+01,6.780651858394909581e+00
6.711631894827092992e+01,6.885987854996357349e+00
6.713632466418977174e+01,7.245995612022127830e+00
6.715633038010861355e+01,6.856667007551688009e+00
6.717633609602744116e+01,7.333750137068230757e+00
6.719634181194626876e+01,6.928479757915654957e+00
6.721634752786511058e+01,6.057233633744783852e+00
6.723635324378393818e+01,6.379309029444048207e+00
6.725635895970276579e+01,6.483573365432592439e+00
6.727636467562160760e+01,6.366600955752014457e+00
6.729637039154044942e+01,5.950147516441024464e+00
6.731637610745927702e+01,5.810106848440585559e+00
6.733638182337810463e+01,5.508845896841003231e+00
6.735638753929694644e+01,6.314075022249191704e+00
6.737639325521578826e+01,6.173005397394412341e+00
6.739639897113461586e+01,5.635422471437839143e+00
6.741640468705344347e+01,6.176723973740688045e+00
6.743641040297228528e+01,4.891888278844399807e+00
6.745641611889111289e+01,5.109084721271645257e+00
6.747642183480994049e+01,5.443461398058770939e+00
6.749642755072878231e+01,5.058681592663967663e+00
6.751643326664762412e+01,5.119510358297990393e+00
6.753643898256645173e+01,5.653901201827490119e+00
6.755644469848527933e+01,4.835149404636781334e+00
6.757645041440412115e+01,5.011642808762775125e+00
6.759645613032296296e+01,5.068702819168976248e+00
6.761646184624177636e+01,4.527132707208831874e+00
6.763646756216061817e+01,5.190169579119366716e+00
6.765647327807945999e+01,5.748106827097420712e+00
6.767647899399828759e+01,5.320573015904520808e+00
6.769648470991711520e+01,5.756334185623290800e+00
6.771649042583595701e+01,4.673954050011375649e+00
6.773649614175479883e+01,4.936027181569574651e+00
6.775650185767362643e+01,5.395030350258978480e+00
6.777650757359245404e+01,5.319910175126619123e+00
6.779651328951129585e+01,5.104138547766996936e+00
6.781651900543012346e+01,4.066343976116688630e+00
6.783652472134895106e+01,5.114314417759552533e+00
6.785653043726779288e+01,4.310304763754633228e+00
6.787653615318663469e+01,4.438022017976309463e+00
6.789654186910546230e+01,3.925329778473030107e+00
6.791654758502428990e+01,4.780529585546011262e+00
6.793655330094313172e+01,4.344728231095388971e+00
6.795655901686197353e+01,4.280747560151384690e+00
6.797656473278080114e+01,4.415845061500625945e+00
6.799657044869962874e+01,4.059515260881974008e+00
6.801657616461847056e+01,4.135799328142427456e+00
6.803658188053729816e+01,4.273212574283731691e+00
6.805658759645612577e+01,4.743907383068543204e+00
6.807659331237496758e+01,3.972772834520613028e+00
6.809659902829380940e+01,4.403625866541918121e+00
6.811660474421263700e+01,4.039241040355487478e+00
6.813661046013146461e+01,3.387209077082373732e+00
6.815661617605030642e+01,4.370318500590168576e+00
6.817662189196913403e+01,3.508912306133310732e+00
6.819662760788796163e+01,4.598885578886362069e+00
6.821663332380680345e+01,4.761453552797177302e+00
6.823663903972564526e+01,4.186178857085399052e+00
6.825664475564447287e+01,4.470712540184582195e+00
6.827665047156330047e+01,3.495570953258654523e+00
6.829665618748214229e+01,4.452213294110867636e+00
6.831666190340098410e+01,3.955434848219757882e+00
6.833666761931981171e+01,4.393445191913791348e+00
6.835667333523863931e+01,4.638427427764816535e+00
6.837667905115748113e+01,4.738599578995869699e+00
6.839668476707630873e+01,3.921300584907672970e+00
6.841669048299513634e+01,3.417672737705334640e+00
6.843669619891397815e+01,4.109454934338707233e+00
6.845670191483281997e+01,3.942621206208078988e+00
6.847670763075164757e+01,3.923217395614090108e+00
6.849671334667047518e+01,4.619197140413010771e+00
6.851671906258931699e+01,4.236154801780924295e+00
6.853672477850815881e+01,4.191276073549195402e+00
6.855673049442697220e+01,4.759450708171785394e+00
6.857673621034581402e+01,4.021230062612054290e+00
6.859674192626465583e+01,4.625733391635298730e+00
6.861674764218348344e+01,4.249871916537941274e+00
6.863675335810231104e+01,4.539760091246782814e+00
6.865675907402115286e+01,3.907112230672671771e+00
6.867676478993999467e+01,4.656181060030763597e+00
6.869677050585882228e+01,3.657564451864840915e+00
6.871677622177764988e+01,4.116793190337828534e+00
6.873678193769649170e+01,4.896699706324143975e+00
6.875678765361531930e+01,4.021381744918897105e+00
6.877679336953414690e+01,4.773616602084874039e+00
6.879679908545298872e+01,4.065507865289122336e+00
6.881680480137183054e+01,4.217565421359679156e+00
6.883681051729065814e+01,3.293557342783262509e+00
6.885681623320948574e+01,4.400860911781226292e+00
6.887682194912832756e+01,4.078339858752666913e+00
6.889682766504716938e+01,4.711394688536444164e+00
6.891683338096599698e+01,4.819971495912095172e+00
6.893683909688482458e+01,3.871104842647758559e+00
6.895684481280366640e+01,4.695201592673411639e+00
6.897685052872249400e+01,3.461831469823449581e+00
6.899685624464132161e+01,4.203101810276436368e+00
6.901686196056016342e+01,3.337394132126989099e+00
6.903686767647900524e+01,4.988653939061062914e+00
6.905687339239783284e+01,4.249522994144147248e+00
6.907687910831666045e+01,3.574928807581828849e+00
6.909688482423550226e+01,4.048998450593136234e+00
6.911689054015432987e+01,5.109458606996799546e+00
6.913689625607315747e+01,3.294243072364748226e+00
6.915690197199199929e+01,3.422506988256469374e+00
6.917690768791084110e+01,4.342166332314745247e+00
6.919691340382966871e+01,3.694767410129055296e+00
6.921691911974849631e+01,4.125902839785144494e+00
6.923692483566733813e+01,3.317148339426760906e+00
6.925693055158617994e+01,3.704453154244553126e+00
6.927693626750500755e+01,4.630325704769115980e+00
6.929694198342383515e+01,4.873039591396414849e+00
6.931694769934267697e+01,4.397660547260407782e+00
6.933695341526150457e+01,4.194148691890061009e+00
6.935695913118033218e+01,4.322197935682853043e+00
6.937696484709917399e+01,4.882916805003007177e+00
6.939697056301801581e+01,3.935059386008683102e+00
6.941697627893684341e+01,4.302607488939648839e+00
6.943698199485567102e+01,4.294446202431732473e+00
6.945698771077451283e+01,3.616101020566466762e+00
6.947699342669335465e+01,3.871399564949136618e+00
6.949699914261216804e+01,3.926960654769736436e+00
6.951700485853100986e+01,3.699317324774899607e+00
6.953701057444985167e+01,4.483855151191537658e+00
6.955701629036867928e+01,3.692680801992821227e+00
6.957702200628750688e+01,4.711064613782816934e+00
6.959702772220634870e+01,3.915153628095425109e+00
6.961703343812519051e+01,3.184149981841972732e+00
6.963703915404401812e+01,4.554425030378357775e+00
6.965704486996284572e+01,3.501899384225097833e+00
6.967705058588168754e+01,4.209723362066730701e+00
6.969705630180051514e+01,4.447850489830161180e+00
6.971706201771934275e+01,3.574184723773382366e+00
6.973706773363818456e+01,3.876510233802211047e+00
6.975707344955702638e+01,3.441394229011566885e+00
6.977707916547585398e+01,4.247617770805679704e+00
6.979708488139468159e+01,4.247710211213925113e+00
6.981709059731352340e+01,3.659970977684860571e+00
6.983709631323236522e+01,4.157564358847302799e+00
6.985710202915119282e+01,4.042557685351806818e+00
6.987710774507002043e+01,3.695968039021925389e+00
6.989711346098886224e+01,4.061331444544237002e+00
6.991711917690768985e+01,3.831490125144023207e+00
6.993712489282651745e+01,4.432089535954478521e+00
6.995713060874535927e+01,3.792350653321587828e+00
6.997713632466420108e+01,3.792173702065325003e+00
6.999714204058302869e+01,3.886630556196931874e+00
7.001714775650185629e+01,4.474205743986231276e+00
7.003715347242069811e+01,4.216648877536016471e+00
7.005715918833952571e+01,4.295332610227210246e+00
7.007716490425835332e+01,3.245964558918729814e+00
7.009717062017719513e+01,4.035414098856360710e+00
7.011717633609603695e+01,3.951890409087152278e+00
7.013718205201486455e+01,3.903860859979859210e+00
7.015718776793369216e+01,4.392555849498094744e+00
7.017719348385253397e+01,3.666096900910011058e+00
7.019719919977137579e+01,3.516523822645919228e+00
7.021720491569020339e+01,3.998020267813580553e+00
7.023721063160903100e+01,3.605053333957794148e+00
7.025721634752787281e+01,4.072544938797680203e+00
7.027722206344670042e+01,3.304849580031346878e+00
7.029722777936552802e+01,3.791408146392342804e+00
7.031723349528436984e+01,3.445783063164232551e+00
7.033723921120321165e+01,4.113334358082544107e+00
7.035724492712203926e+01,4.748237115607616410e+00
7.037725064304086686e+01,3.601845124970933565e+00
7.039725635895970868e+01,4.259619330935182191e+00
7.041726207487855049e+01,4.126676208208669649e+00
7.043726779079736389e+01,3.842702251918344469e+00
7.045727350671620570e+01,4.344890790594538643e+00
7.047727922263504752e+01,4.823513093190916479e+00
7.049728493855387512e+01,4.579670418704560930e+00
7.051729065447270273e+01,3.883354308827745349e+00
7.053729637039154454e+01,4.207186205551180613e+00
7.055730208631038636e+01,3.922366437812197404e+00
7.057730780222921396e+01,4.648075924731849717e+00
7.059731351814804157e+01,4.198884511411839604e+00
7.061731923406688338e+01,3.706387725294517210e+00
7.063732494998571099e+01,3.810141609421010767e+00
7.065733066590453859e+01,4.416885279383760299e+00
7.067733638182338041e+01,4.963557671561281026e+00
7.069734209774222222e+01,3.307200283500439042e+00
7.071734781366104983e+01,4.301269744169477605e+00
7.073735352957987743e+01,5.035478334803297429e+00
7.075735924549871925e+01,3.831747202289457199e+00
7.077736496141756106e+01,3.634274584393129004e+00
7.079737067733638867e+01,4.333868239351836849e+00
7.081737639325521627e+01,3.927038885663468371e+00
7.083738210917405809e+01,4.208698743855718405e+00
7.085738782509288569e+01,3.842301671067251956e+00
7.087739354101171330e+01,3.582568299408570134e+00
7.089739925693055511e+01,3.972239162630662346e+00
7.091740497284939693e+01,4.359803636174445884e+00
7.093741068876822453e+01,3.385407765024917914e+00
7.095741640468705214e+01,3.911586187233018208e+00
7.097742212060589395e+01,4.163883235746678402e+00
7.099742783652472156e+01,4.507818667327907036e+00
7.101743355244354916e+01,4.042509699847278704e+00
7.103743926836239098e+01,3.760696248974777500e+00
7.105744498428123279e+01,4.030093296965566729e+00
7.107745070020006040e+01,3.935235637940772691e+00
7.109745641611888800e+01,4.719461162617169414e+00
7.111746213203772982e+01,3.486682303729875532e+00
7.113746784795657163e+01,4.107216254670731814e+00
7.115747356387539924e+01,3.716385596016837045e+00
7.117747927979422684e+01,3.766370938709744820e+00
7.119748499571306866e+01,3.447191121535732705e+00
7.121749071163189626e+01,4.055064037143338851e+00
7.123749642755072387e+01,4.035275692786163937e+00
7.125750214346956568e+01,4.097528676598557240e+00
7.127750785938840750e+01,3.797628329763487631e+00
7.129751357530723510e+01,3.918197970279718056e+00
7.131751929122606271e+01,3.936884552347323929e+00
7.133752500714490452e+01,3.720773687724434176e+00
7.135753072306374634e+01,4.060142459056482522e+00
7.137753643898255973e+01,4.506413341569958320e+00
7.139754215490140155e+01,4.277572294695770161e+00
7.141754787082024336e+01,4.210200402850794887e+00
7.143755358673907097e+01,3.579974158961611863e+00
7.145755930265789857e+01,3.265664572657943410e+00
7.147756501857674039e+01,3.012385631864336943e+00
7.149757073449558220e+01,3.615270942136694643e+00
7.151757645041440981e+01,3.881641115096952976e+00
7.153758216633323741e+01,4.625701662185183416e+00
7.155758788225207923e+01,3.624065596815002621e+00
7.157759359817090683e+01,3.672579584410503806e+00
7.159759931408973443e+01,3.463694834302499359e+00
7.161760503000857625e+01,3.747703069441593815e+00
7.163761074592741807e+01,3.159989037595763772e+00
7.165761646184624567e+01,3.840898838755929301e+00
7.167762217776507327e+01,3.514208776786873933e+00
7.169762789368391509e+01,4.003688431682137505e+00
7.171763360960275691e+01,4.245079874592080138e+00
7.173763932552158451e+01,3.655209488635518866e+00
7.175764504144041211e+01,4.090972177995664261e+00
7.177765075735925393e+01,3.683743218690489929e+00
7.179765647327808153e+01,3.301336351069136921e+00
7.181766218919690914e+01,3.321552221699322072e+00
7.183766790511575095e+01,3.994280543136267791e+00
7.185767362103459277e+01,3.618710909073087567e+00
7.187767933695342037e+01,3.425126697571321266e+00
7.189768505287224798e+01,4.133668324162634633e+00
7.191769076879108979e+01,3.665023185746664414e+00
7.193769648470991740e+01,4.566720829719850272e+00
7.195770220062874500e+01,4.117159157923772739e+00
7.197770791654758682e+01,4.089474484191832460e+00
7.199771363246642863e+01,4.390163051196296351e+00
7.201771934838525624e+01,4.015996182773075240e+00
7.203772506430408384e+01,3.791032893988778518e+00
7.205773078022292566e+01,4.317615108451556161e+00
7.207773649614176747e+01,4.296850793183398132e+00
7.209774221206059508e+01,3.566582977431710155e+00
7.211774792797942268e+01,3.854115174350287720e+00
7.213775364389826450e+01,3.769119812228164168e+00
7.215775935981709210e+01,3.846744760779593264e+00
7.217776507573591971e+01,3.652008449763152420e+00
7.219777079165476152e+01,3.983666741221652430e+00
7.221777650757360334e+01,4.649865824008504234e+00
7.223778222349243094e+01,4.797657891702717059e+00
7.225778793941125855e+01,3.695998510798120140e+00
7.227779365533010036e+01,3.976244298835263979e+00
7.229779937124894218e+01,3.968118008456520407e+00
7.231780508716775557e+01,4.164524840677378492e+00
7.233781080308659739e+01,4.277869349734313431e+00
7.235781651900543920e+01,3.781539644919693632e+00
7.237782223492426681e+01,4.643757781418591080e+00
7.239782795084309441e+01,4.301626645801672311e+00
7.241783366676193623e+01,3.527174671601875922e+00
7.243783938268077804e+01,4.020025522947413776e+00
7.245784509859960565e+01,4.679879543316196155e+00
7.247785081451843325e+01,4.020347574110429534e+00
7.249785653043727507e+01,4.913543357036481041e+00
7.251786224635610267e+01,4.211284744965340998e+00
7.253786796227493028e+01,3.859047346625016583e+00
7.255787367819377209e+01,3.653324915606780632e+00
7.257787939411261391e+01,4.549160454713451429e+00
7.259788511003144151e+01,3.768098664788848140e+00
7.261789082595026912e+01,4.554611291802181938e+00
7.263789654186911093e+01,4.289449655027602226e+00
7.265790225778795275e+01,3.967423246033237039e+00
7.267790797370678035e+01,4.328486556280660480e+00
7.269791368962560796e+01,4.254509810874573361e+00
7.271791940554444977e+01,4.599438913742038615e+00
7.273792512146327738e+01,4.159327652735919756e+00
7.275793083738210498e+01,4.069647495297267881e+00
7.277793655330094680e+01,4.377196544298213254e+00
7.279794226921978861e+01,4.385284023767867190e+00
7.281794798513861622e+01,4.017009653699087579e+00
7.283795370105744382e+01,3.840502040780034765e+00
7.285795941697628564e+01,4.245611810347781123e+00
7.287796513289511324e+01,4.408793827918254138e+00
7.289797084881394085e+01,4.805764753736418982e+00
7.291797656473278266e+01,4.724644396829047466e+00
7.293798228065162448e+01,4.297104378622502274e+00
7.295798799657045208e+01,3.868875269834944675e+00
7.297799371248927969e+01,4.000107695933555974e+00
7.299799942840812150e+01,5.107747947506414476e+00
7.301800514432696332e+01,5.033623437401708145e+00
7.303801086024579092e+01,4.792138923410286466e+00
7.305801657616461853e+01,5.207305980365479314e+00
7.307802229208346034e+01,4.453848933297963164e+00
7.309802800800228795e+01,4.895892511156518800e+00
7.311803372392111555e+01,4.894951135118809304e+00
7.313803943983995737e+01,4.718844603767114343e+00
7.315804515575879918e+01,4.806011511811615122e+00
7.317805087167762679e+01,5.086282251022741008e+00
7.319805658759645439e+01,4.592843948210588501e+00
7.321806230351529621e+01,5.017533461424108054e+00
7.323806801943413802e+01,4.716930180765033676e+00
7.325807373535295142e+01,4.990967282204117339e+00
7.327807945127179323e+01,4.236888259942235280e+00
7.329808516719063505e+01,4.216256949580010627e+00
7.331809088310946265e+01,5.039581207150585662e+00
7.333809659902829026e+01,4.699340463762176512e+00
7.335810231494713207e+01,5.119649648044618750e+00
7.337810803086597389e+01,5.113432073610689521e+00
7.339811374678480149e+01,4.341679168874171602e+00
7.341811946270362910e+01,4.778663499000832537e+00
7.343812517862247091e+01,4.661307169997882305e+00
7.345813089454129852e+01,3.996681631857354589e+00
7.347813661046012612e+01,5.340180451277600326e+00
7.349814232637896794e+01,5.052114680180849859e+00
7.351814804229780975e+01,4.541859869287597107e+00
7.353815375821663736e+01,4.215066876037251831e+00
7.355815947413546496e+01,4.181207079219523060e+00
7.357816519005430678e+01,4.479269596265869069e+00
7.359817090597314859e+01,4.389308374083698006e+00
7.361817662189197620e+01,4.269447250416201101e+00
7.363818233781080380e+01,5.318847419662696474e+00
7.365818805372964562e+01,5.042048056871456296e+00
7.367819376964847322e+01,5.328230599197940620e+00
7.369819948556730083e+01,4.402403533537308178e+00
7.371820520148614264e+01,4.840816335157049011e+00
7.373821091740498446e+01,5.412992410423562717e+00
7.375821663332381206e+01,5.464983118883862012e+00
7.377822234924263967e+01,4.373583867417026205e+00
7.379822806516148148e+01,4.978753638119425062e+00
7.381823378108030909e+01,4.898731924100177437e+00
7.383823949699913669e+01,5.047358267698360379e+00
7.385824521291797851e+01,4.693415298160229732e+00
7.387825092883682032e+01,4.893453915805933363e+00
7.389825664475564793e+01,4.469390013806387785e+00
7.391826236067447553e+01,5.178785824542330829e+00
7.393826807659331735e+01,5.065889687818648568e+00
7.395827379251215916e+01,4.834897954996978164e+00
7.397827950843098677e+01,4.920988979288030585e+00
7.399828522434981437e+01,5.460473300003711117e+00
7.401829094026865619e+01,5.178514164391532226e+00
7.403829665618748379e+01,4.361867301071511882e+00
7.405830237210632561e+01,5.260329971970401530e+00
7.407830808802515321e+01,5.350863038023769391e+00
7.409831380394398082e+01,4.964722073908108158e+00
7.411831951986282263e+01,5.255542469254708138e+00
7.413832523578165024e+01,5.654941693633940503e+00
7.415833095170049205e+01,5.257065789736618200e+00
7.417833666761931966e+01,5.328648123193774566e+00
7.419834238353816147e+01,5.654904474554891536e+00
7.421834809945698908e+01,5.150105892631494875e+00
7.423835381537583089e+01,5.392533288736709451e+00
7.425835953129465850e+01,5.673491345193923507e+00
7.427836524721348610e+01,5.639004567216461261e+00
7.429837096313232792e+01,4.838384338195038659e+00
7.431837667905115552e+01,5.116015264230253656e+00
7.433838239496999734e+01,5.730840201653710331e+00
7.435838811088882494e+01,5.843311528549994804e+00
7.437839382680766676e+01,4.878906796921112843e+00
7.439839954272649436e+01,6.063410128330763982e+00
7.441840525864533618e+01,5.418070364722006538e+00
7.443841097456416378e+01,4.978771672750132993e+00
7.445841669048300560e+01,5.294899609701062992e+00
7.447842240640183320e+01,5.330939809427773568e+00
7.449842812232066080e+01,5.886484912661200219e+00
7.451843383823950262e+01,5.647856552892649873e+00
7.453843955415833022e+01,5.867329779038005455e+00
7.455844527007717204e+01,5.197954361090811659e+00
7.457845098599599964e+01,6.001685693740567373e+00
7.459845670191484146e+01,5.936824323367767775e+00
7.461846241783366906e+01,5.331671213267204834e+00
7.463846813375251088e+01,5.473035343000538511e+00
7.465847384967133848e+01,6.032301678889139041e+00
7.467847956559016609e+01,5.535797625917706632e+00
7.469848528150900790e+01,5.612221071865072020e+00
7.471849099742783551e+01,6.557066572251317282e+00
7.473849671334667732e+01,5.519408813855202212e+00
7.475850242926550493e+01,5.745636156492231805e+00
7.477850814518434674e+01,5.302772858440173209e+00
7.479851386110317435e+01,5.654376403870942092e+00
7.481851957702201616e+01,5.488994712459120962e+00
7.483852529294084377e+01,6.153891770443356890e+00
7.485853100885967137e+01,5.758694374118870307e+00
7.487853672477851319e+01,6.677788409540902137e+00
7.489854244069734079e+01,5.658009392453140940e+00
7.491854815661618261e+01,5.286278245207166826e+00
7.493855387253501021e+01,5.869283301795519492e+00
7.495855958845385203e+01,6.415671324922934460e+00
7.497856530437267963e+01,6.826642578778582049e+00
7.499857102029152145e+01,7.073990911808047954e+00
7.501857673621034905e+01,6.745148927190768973e+00
7.503858245212917666e+01,6.706477071417487501e+00
7.505858816804801847e+01,6.984059607498876332e+00
7.507859388396684608e+01,6.422332859903513658e+00
7.509859959988568789e+01,6.478809205643534241e+00
7.511860531580451550e+01,5.769894235335618404e+00
7.513861103172335731e+01,6.405445773130285403e+00
7.515861674764218492e+01,6.952577460237624685e+00
7.517862246356102673e+01,6.833092234515998342e+00
7.519862817947985434e+01,6.916015193515292481e+00
7.521863389539868194e+01,6.359791999542292906e+00
7.523863961131752376e+01,6.379157566779520394e+00
7.525864532723635136e+01,7.108989151201392964e+00
7.527865104315519318e+01,7.555625654829553284e+00
7.529865675907402078e+01,7.510788830024774043e+00
7.531866247499286260e+01,7.115659511913213997e+00
7.533866819091169020e+01,7.317846218099782085e+00
7.535867390683053202e+01,7.678929034517067542e+00
7.537867962274935962e+01,7.180203656558012071e+00
7.539868533866820144e+01,7.622439416883798557e+00
7.541869105458702904e+01,7.238255541806156046e+00
7.543869677050585665e+01,8.232279639250684511e+00
7.545870248642469846e+01,8.460831012577855859e+00
7.547870820234352607e+01,8.525140520723587301e+00
7.549871391826236788e+01,7.552650997973148428e+00
7.551871963418119549e+01,7.814406797400625493e+00
7.553872535010003730e+01,8.265007842766591395e+00
7.555873106601886491e+01,7.288258066105747446e+00
7.557873678193770672e+01,8.576539887489751379e+00
7.559874249785653433e+01,8.490222610851931861e+00
7.561874821377536193e+01,8.467327523565657543e+00
7.563875392969420375e+01,7.402206830356247380e+00
7.565875964561303135e+01,7.440333306995540852e+00
7.567876536153187317e+01,8.311684060922868156e+00
7.569877107745070077e+01,7.688734087748580137e+00
7.571877679336954259e+01,7.683085749487721827e+00
7.573878250928837019e+01,8.284923633545778543e+00
7.575878822520721201e+01,8.293314394524252009e+00
7.577879394112603961e+01,8.906948143056226286e+00
7.579879965704486722e+01,8.601287351236235779e+00
7.581880537296370903e+01,8.015421697690522151e+00
7.583881108888253664e+01,8.447282083298921052e+00
7.585881680480137845e+01,9.473127476358115473e+00
7.587882252072020606e+01,8.567255104328555859e+00
7.589882823663904787e+01,8.516538329266781560e+00
7.591883395255787548e+01,9.685135211135525779e+00
7.593883966847671729e+01,9.601838160054587235e+00
7.595884538439554490e+01,9.848359859038165354e+00
7.597885110031437250e+01,1.010033761293560062e+01
7.599885681623321432e+01,1.043635848687447876e+01
7.601886253215204192e+01,9.463960016086755189e+00
7.603886824807088374e+01,1.006939901052047937e+01
7.605887396398971134e+01,1.025712435246595611e+01
7.607887967990855316e+01,9.838382691967371585e+00
7.609888539582738076e+01,1.060540165123333800e+01
7.611889111174622258e+01,1.100045914335552055e+01
7.613889682766505018e+01,1.021189265447754835e+01
7.615890254358387779e+01,1.012021741338348768e+01
7.617890825950271960e+01,1.010908555403162623e+01
7.619891397542154721e+01,9.273061226359331499e+00
7.621891969134038902e+01,9.257924019085923106e+00
7.623892540725921663e+01,9.498942585938156213e+00
7.625893112317805844e+01,9.682349618458694351e+00
7.627893683909688605e+01,9.641225402417145318e+00
7.629894255501572786e+01,9.888778289253647102e+00
7.631894827093455547e+01,8.902130730862719332e+00
7.633895398685339728e+01,9.683968942269373770e+00
7.635895970277222489e+01,9.549296004403647231e+00
7.637896541869105249e+01,8.963023530415608064e+00
7.639897113460989431e+01,8.495093271376058297e+00
7.641897685052872191e+01,8.653977941726241241e+00
7.643898256644756373e+01,7.953659896797901752e+00
7.645898828236639133e+01,8.181449820445100940e+00
7.647899399828523315e+01,8.399023520683591926e+00
7.649899971420406075e+01,8.183172264726271905e+00
7.651900543012290257e+01,7.624229944539925086e+00
7.653901114604173017e+01,7.209207804335962422e+00
7.655901686196055778e+01,7.894825228304259035e+00
7.657902257787939959e+01,7.353356724855104609e+00
7.659902829379822720e+01,7.634603847330263982e+00
7.661903400971706901e+01,6.979103754076571242e+00
7.663903972563589662e+01,7.389021294103846671e+00
7.665904544155473843e+01,6.733462183104250265e+00
7.667905115747356604e+01,7.675732253076591682e+00
7.669905687339240785e+01,7.017693102738906674e+00
7.671906258931123546e+01,6.750902026937455780e+00
7.673906830523006306e+01,7.053741430778740273e+00
7.675907402114890488e+01,7.109850289509138221e+00
7.677907973706773248e+01,7.270428392242921589e+00
7.679908545298657430e+01,6.365637570215827878e+00
7.681909116890540190e+01,7.732716361420716389e+00
7.683909688482424372e+01,6.697249733657045567e+00
7.685910260074307132e+01,6.541579682575811461e+00
7.687910831666191314e+01,6.948860810346888073e+00
7.689911403258074074e+01,6.818889976264797426e+00
7.691911974849956835e+01,6.949768229240754991e+00
7.693912546441841016e+01,6.440315833615557040e+00
7.695913118033723777e+01,7.205135287281208889e+00
7.697913689625607958e+01,6.841907800007040130e+00
7.699914261217490719e+01,6.147466462239401075e+00
7.701914832809374900e+01,6.554561948679688221e+00
7.703915404401257661e+01,6.906618302120940633e+00
7.705915975993141842e+01,6.155353594724529920e+00
7.707916547585024603e+01,6.695051432075857178e+00
7.709917119176907363e+01,6.435520306444501237e+00
7.711917690768791545e+01,6.400762302278764082e+00
7.713918262360674305e+01,6.712237281932772248e+00
7.715918833952558487e+01,6.966159157028017468e+00
7.717919405544441247e+01,6.980014354259485465e+00
7.719919977136325429e+01,6.680960595588974371e+00
7.721920548728208189e+01,6.568793514397725630e+00
7.723921120320092371e+01,6.162550384934797343e+00
7.725921691911975131e+01,5.743429005232185247e+00
7.727922263503859313e+01,6.373896144033251332e+00
7.729922835095742073e+01,6.643286675444115552e+00
7.731923406687624833e+01,6.595024393104820248e+00
7.733923978279509015e+01,5.232944677389942179e+00
7.735924549871391775e+01,6.696228756265801607e+00
7.737925121463275957e+01,6.212285617939621751e+00
7.739925693055158717e+01,6.903865596097302770e+00
7.741926264647042899e+01,5.695629513350744411e+00
7.743926836238925659e+01,6.113224803256597895e+00
7.745927407830809841e+01,6.837117135133111034e+00
7.747927979422692601e+01,6.500158995245278959e+00
7.749928551014575362e+01,6.510550875861521369e+00
7.751929122606459543e+01,5.756784498907904890e+00
7.753929694198342304e+01,5.945632696321001553e+00
7.755930265790226485e+01,6.413635713332747734e+00
7.757930837382109246e+01,6.013706147827994286e+00
7.759931408973993427e+01,6.072147276227728874e+00
7.761931980565876188e+01,6.015359473688660863e+00
7.763932552157760369e+01,6.271478176869814014e+00
7.765933123749643130e+01,5.465424591753365036e+00
7.767933695341525890e+01,6.660066900599589168e+00
7.769934266933410072e+01,6.482701453085553567e+00
7.771934838525292832e+01,6.240513317246433544e+00
7.773935410117177014e+01,6.211821275042312074e+00
7.775935981709059774e+01,5.766303392486763713e+00
7.777936553300943956e+01,6.171713075964483153e+00
7.779937124892826716e+01,5.660399862123979275e+00
7.781937696484710898e+01,6.185679360583440811e+00
7.783938268076593658e+01,5.459730753690978489e+00
7.785938839668476419e+01,5.979980292090584904e+00
7.787939411260360600e+01,5.617067960001838500e+00
7.789939982852243361e+01,5.650955802929588323e+00
7.791940554444127542e+01,6.326053107574234780e+00
7.793941126036010303e+01,5.824004319297839238e+00
7.795941697627894484e+01,6.102068660293251234e+00
7.797942269219777245e+01,5.606406917403918833e+00
7.799942840811661426e+01,5.694295564909056750e+00
7.801943412403544187e+01,5.749564013080565417e+00
7.803943983995426947e+01,6.197655092044292324e+00
7.805944555587311129e+01,5.722691787153934229e+00
7.807945127179193889e+01,5.838983491560589378e+00
7.809945698771078071e+01,6.009755750449490286e+00
7.811946270362960831e+01,6.214192835642266211e+00
7.813946841954845013e+01,6.319875394338030361e+00
7.815947413546727773e+01,5.072598347930408202e+00
7.817947985138611955e+01,5.845189709340663065e+00
7.819948556730494715e+01,6.037318321408900346e+00
7.821949128322378897e+01,5.810043717511032213e+00
7.823949699914261657e+01,5.345581001494327467e+00
7.825950271506144418e+01,5.996269990092343072e+00
7.827950843098028599e+01,6.127114644888191464e+00
7.829951414689911360e+01,6.155726438155813440e+00
7.831951986281795541e+01,5.496032108181949205e+00
7.833952557873678302e+01,5.483527671951581972e+00
7.835953129465562483e+01,5.431356498047803960e+00
7.837953701057445244e+01,5.516248499952865814e+00
7.839954272649329425e+01,5.074380699564259523e+00
7.841954844241212186e+01,6.402992492417387993e+00
7.843955415833094946e+01,5.539376826063126202e+00
7.845955987424979128e+01,6.346133863052965118e+00
7.847956559016861888e+01,5.905292527555363158e+00
7.849957130608746070e+01,6.012140911548379485e+00
7.851957702200628830e+01,5.606964621937396309e+00
7.853958273792513012e+01,6.305431452212102883e+00
7.855958845384395772e+01,6.380394222214539113e+00
7.857959416976279954e+01,6.239428296270270735e+00
7.859959988568162714e+01,6.073172381686009480e+00
7.861960560160045475e+01,6.339392543412341929e+00
7.863961131751929656e+01,6.069323994562044966e+00
7.865961703343812417e+01,6.155176255638966865e+00
7.867962274935696598e+01,6.188889882207511128e+00
7.869962846527579359e+01,6.070948713327021018e+00
7.871963418119463540e+01,5.909494303728297204e+00
7.873963989711346301e+01,6.226465973235260520e+00
7.875964561303230482e+01,5.723464474271315439e+00
7.877965132895113243e+01,6.498151894303844323e+00
7.879965704486996003e+01,6.338599368048073224e+00
7.881966276078880185e+01,6.342409538160416638e+00
7.883966847670762945e+01,6.183474591792291974e+00
7.885967419262647127e+01,6.200199657322346347e+00
7.887967990854529887e+01,5.809283461227331635e+00
7.889968562446414069e+01,6.810844019072464839e+00
7.891969134038296829e+01,6.742892432860110752e+00
7.893969705630181011e+01,6.710320861725843855e+00
7.895970277222063771e+01,6.451146728402235020e+00
7.897970848813946532e+01,6.605736866124612305e+00
7.899971420405830713e+01,6.141256156973740943e+00
7.901971991997713474e+01,6.702500793113133959e+00
7.903972563589597655e+01,6.626455475666116257e+00
7.905973135181480416e+01,6.557227562910868279e+00
7.907973706773364597e+01,6.364876675170368259e+00
7.909974278365247358e+01,7.128176899287010038e+00
7.911974849957131539e+01,6.991238134220385980e+00
7.913975421549014300e+01,6.886361726884957513e+00
7.915975993140898481e+01,7.058719046713191503e+00
7.917976564732781242e+01,6.647411404426752490e+00
7.919977136324664002e+01,6.878083032460435398e+00
7.921977707916548184e+01,6.935686774677400912e+00
7.923978279508430944e+01,6.680902289946228478e+00
7.925978851100315126e+01,6.718198773477743302e+00
7.927979422692197886e+01,7.261405300649252048e+00
7.929979994284082068e+01,6.768705591315817394e+00
7.931980565875964828e+01,6.801396114905347012e+00
7.933981137467849010e+01,6.132481104763748192e+00
7.935981709059731770e+01,6.731451247322068454e+00
7.937982280651614531e+01,6.161584611539028700e+00
7.939982852243498712e+01,6.544051150435159947e+00
7.941983423835381473e+01,6.872740255791847552e+00
7.943983995427265654e+01,6.504900352182572121e+00
7.945984567019148415e+01,6.822384547622086792e+00
7.947985138611032596e+01,6.017762730853153386e+00
7.949985710202915357e+01,6.630932498768840055e+00
7.951986281794799538e+01,6.116804339190695217e+00
7.953986853386682299e+01,5.974064784457123523e+00
7.955987424978565059e+01,6.053358309146353200e+00
7.957987996570449241e+01,5.745465746489399450e+00
7.959988568162332001e+01,6.087798456936063474e+00
7.961989139754216183e+01,6.795063418119988263e+00
7.963989711346098943e+01,5.889043559671193862e+00
7.965990282937983125e+01,5.157582093700486148e+00
7.967990854529865885e+01,6.542343739561546023e+00
7.969991426121750067e+01,6.045819574372245597e+00
7.971991997713632827e+01,6.497799145622746408e+00
7.973992569305515588e+01,6.159688826677939488e+00
7.975993140897399769e+01,5.822634935655649713e+00
7.977993712489282530e+01,5.512934796213171396e+00
7.979994284081166711e+01,5.007988907458934769e+00
7.981994855673049472e+01,5.068605063285634316e+00
7.983995427264933653e+01,5.971140483800624565e+00
7.985995998856816414e+01,6.133656444444494760e+00
7.987996570448700595e+01,5.086003872516160484e+00
7.989997142040583356e+01,5.327054541524659292e+00
7.991997713632466116e+01,4.934198918215537688e+00
7.993998285224350298e+01,4.547592677580418297e+00
7.995998856816233058e+01,5.393253023446553662e+00
7.997999428408117240e+01,5.028538352363128183e+00
8.000000000000000000e+01,3.808167080945635607e+00
