angle,intensity
1.000000000000000000e+01,1.474097163921308606e+01
1.002000571591883471e+01,1.493393012953161225e+01
1.004001143183766764e+01,1.507797408589407517e+01
1.006001714775650235e+01,1.472700578828264284e+01
1.008002286367533529e+01,1.573842630123339426e+01
1.010002857959417000e+01,1.592421183160788623e+01
1.012003429551300293e+01,1.654301297729725562e+01
1.014004001143183764e+01,1.653426418298718659e+01
1.016004572735067235e+01,1.732646020892391547e+01
1.018005144326950528e+01,1.686610653224301615e+01
1.020005715918833999e+01,1.826017660159357803e+01
1.022006287510717293e+01,1.701028670796394948e+01
1.024006859102600764e+01,1.789592709556814754e+01
1.026007430694484057e+01,1.831125220959688349e+01
1.028008002286367528e+01,1.988827073766548281e+01
1.030008573878250999e+01,1.883962538642549589e+01
1.032009145470134293e+01,1.910349167690069905e+01
1.034009717062017764e+01,1.921922249704970298e+01
1.036010288653901057e+01,2.141192449366451456e+01
1.038010860245784528e+01,2.081122310053828883e+01
1.040011431837667999e+01,2.049355475910566682e+01
1.042012003429551292e+01,2.087444334418989911e+01
1.044012575021434763e+01,2.120684118764860671e+01
1.046013146613318057e+01,2.176938826962668827e+01
1.048013718205201528e+01,2.290176041605234047e+01
1.050014289797084821e+01,2.415822033935042512e+01
1.052014861388968292e+01,2.318047524982643992e+01
1.054015432980851585e+01,2.461776982586209073e+01
1.056016004572735056e+01,2.406585181071919877e+01
1.058016576164618527e+01,2.578340394246709266e+01
1.060017147756501821e+01,2.477084039112713398e+01
1.062017719348385292e+01,2.683908353472736508e+01
1.064018290940268585e+01,2.584417176296548035e+01
1.066018862532152056e+01,2.708666466408472928e+01
1.068019434124035527e+01,2.814418982462525776e+01
1.070020005715918820e+01,2.856008469633166769e+01
1.072020577307802292e+01,2.785980657380898862e+01
1.074021148899685585e+01,2.873742654535968910e+01
1.076021720491569056e+01,2.885868645052744696e+01
1.078022292083452349e+01,3.010094501978483095e+01
1.080022863675335820e+01,3.091044691008716327e+01
1.082023435267219291e+01,3.191494575177774706e+01
1.084024006859102585e+01,3.200786013692881227e+01
1.086024578450986056e+01,3.308125846490506916e+01
1.088025150042869349e+01,3.347053520519258285e+01
1.090025721634752820e+01,3.329538141189078715e+01
1.092026293226636113e+01,3.469498553714915090e+01
1.094026864818519584e+01,3.404729225422745031e+01
1.096027436410403055e+01,3.418259914656467657e+01
1.098028008002286349e+01,3.609127590199226177e+01
1.100028579594169820e+01,3.692904821408613003e+01
1.102029151186053113e+01,3.601379374884638196e+01
1.104029722777936584e+01,3.666081164160255668e+01
1.106030294369819877e+01,3.730185384486247813e+01
1.108030865961703348e+01,3.807076797197813534e+01
1.110031437553586819e+01,3.955507091998401847e+01
1.112032009145470113e+01,3.817856766821320491e+01
1.114032580737353584e+01,3.885276465154459657e+01
1.116033152329236877e+01,4.039031391522016889e+01
1.118033723921120348e+01,4.087428731164760620e+01
1.120034295513003642e+01,4.071401791370753642e+01
1.122034867104887113e+01,4.091637775645340724e+01
1.124035438696770584e+01,4.093947788167528756e+01
1.126036010288653877e+01,4.115041858399898445e+01
1.128036581880537348e+01,4.174953096026967359e+01
1.130037153472420641e+01,4.115501286169767070e+01
1.132037725064304112e+01,4.100154781131082871e+01
1.134038296656187583e+01,4.120209534308232691e+01
1.136038868248070877e+01,4.136313924620250049e+01
1.138039439839954348e+01,3.959184049947238293e+01
1.140040011431837641e+01,3.938905395277359389e+01
1.142040583023721112e+01,3.876520823557071083e+01
1.144041154615604405e+01,3.856703586526882077e+01
1.146041726207487876e+01,3.717814308191061912e+01
1.148042297799371170e+01,3.806528581949750389e+01
1.150042869391254641e+01,3.646472227870080474e+01
1.152043440983138112e+01,3.593729288493830154e+01
1.154044012575021405e+01,3.484874780822242712e+01
1.156044584166904876e+01,3.263104717465402871e+01
1.158045155758788169e+01,3.135364865964538339e+01
1.160045727350671640e+01,3.033861366217406896e+01
1.162046298942555111e+01,2.862766749215332851e+01
1.164046870534438405e+01,2.814074072446858210e+01
1.166047442126321876e+01,2.600453776379334414e+01
1.168048013718205169e+01,2.488264263390745157e+01
1.170048585310088640e+01,2.426815174494533167e+01
1.172049156901971934e+01,2.286721325348681333e+01
1.174049728493855405e+01,1.966118367084577656e+01
1.176050300085738698e+01,1.913011298675684912e+01
1.178050871677622169e+01,1.831508532909898790e+01
1.180051443269505640e+01,1.764753691395003798e+01
1.182052014861388933e+01,1.495229220505754597e+01
1.184052586453272404e+01,1.531100295308490189e+01
1.186053158045155698e+01,1.258798842909404492e+01
1.188053729637039169e+01,1.213865493756758873e+01
1.190054301228922640e+01,1.125882599286248720e+01
1.192054872820805933e+01,1.099350699413452226e+01
1.194055444412689404e+01,9.467612824342271693e+00
1.196056016004572697e+01,1.032197319868825680e+01
1.198056587596456168e+01,9.265871419570027356e+00
1.200057159188339639e+01,7.974818867753598717e+00
1.202057730780222933e+01,8.889902761017633992e+00
1.204058302372106226e+01,8.076511948144725395e+00
1.206058873963989697e+01,7.167606813666783871e+00
1.208059445555873168e+01,7.168774619510195123e+00
1.210060017147756461e+01,5.971952649868690344e+00
1.212060588739639932e+01,5.587400572896385142e+00
1.214061160331523226e+01,5.266763099419525140e+00
1.216061731923406697e+01,5.476868212102498745e+00
1.218062303515290168e+01,5.518240347481102148e+00
1.220062875107173461e+01,6.287081466650271899e+00
1.222063446699056932e+01,6.180807918567746029e+00
1.224064018290940226e+01,4.826201034754033614e+00
1.226064589882823697e+01,5.672811174165429904e+00
1.228065161474707168e+01,4.073391259802796149e+00
1.230065733066590461e+01,4.948565514903026319e+00
1.232066304658473754e+01,3.889110435596061510e+00
1.234066876250357225e+01,4.634128346551692701e+00
1.236067447842240696e+01,3.531529673002160141e+00
1.238068019434123990e+01,4.447843487032800525e+00
1.240068591026007461e+01,4.003174061410122775e+00
1.242069162617890754e+01,4.329275136174204341e+00
1.244069734209774225e+01,4.671412288212306585e+00
1.246070305801657696e+01,3.714301080723073856e+00
1.248070877393540989e+01,3.613365814428546763e+00
1.250071448985424460e+01,4.721894136308895540e+00
1.252072020577307754e+01,3.333059319215811112e+00
1.254072592169191225e+01,3.571973609409717199e+00
1.256073163761074696e+01,2.986042986253210518e+00
1.258073735352957989e+01,4.399531872054923909e+00
1.260074306944841460e+01,3.307780553301316484e+00
1.262074878536724754e+01,3.630975438946567824e+00
1.264075450128608225e+01,3.006838407431720483e+00
1.266076021720491518e+01,4.189613638620153679e+00
1.268076593312374989e+01,2.951169957552879364e+00
1.270077164904258282e+01,2.669953177139248179e+00
1.272077736496141753e+01,3.373642830953643923e+00
1.274078308088025224e+01,3.915566989960963085e+00
1.276078879679908518e+01,4.112250813879674283e+00
1.278079451271791989e+01,4.153305997854056741e+00
1.280080022863675282e+01,3.795972871320688835e+00
1.282080594455558753e+01,4.175820807429619030e+00
1.284081166047442224e+01,4.117652944300447260e+00
1.286081737639325517e+01,4.002824602547877753e+00
1.288082309231208988e+01,3.921703011686980211e+00
1.290082880823092282e+01,3.800918940585624739e+00
1.292083452414975753e+01,4.118600124228892767e+00
1.294084024006859224e+01,3.302950160147867464e+00
1.296084595598742517e+01,3.074123171432139756e+00
1.298085167190625810e+01,3.015965423745032403e+00
1.300085738782509281e+01,3.771473970740828907e+00
1.302086310374392752e+01,2.826894511989593184e+00
1.304086881966276046e+01,3.903125448736656011e+00
1.306087453558159517e+01,3.474576923123832373e+00
1.308088025150042810e+01,4.298623192810004490e+00
1.310088596741926281e+01,3.328304364113825908e+00
1.312089168333809752e+01,3.134426228064867370e+00
1.314089739925693046e+01,3.317889012609579247e+00
1.316090311517576517e+01,3.222419461890432490e+00
1.318090883109459810e+01,2.956617350410510880e+00
1.320091454701343281e+01,3.512450121732166419e+00
1.322092026293226752e+01,3.395047965335271645e+00
1.324092597885110045e+01,4.354720915846950646e+00
1.326093169476993339e+01,2.671682170533744127e+00
1.328093741068876810e+01,3.641826843055138596e+00
1.330094312660760281e+01,3.678008600109090143e+00
1.332094884252643574e+01,2.946172455702200654e+00
1.334095455844527045e+01,3.841687599826902666e+00
1.336096027436410338e+01,4.216478079730625161e+00
1.338096599028293809e+01,4.635378821941703364e+00
1.340097170620177280e+01,3.341721239485180739e+00
1.342097742212060574e+01,4.534595723675232115e+00
1.344098313803944045e+01,4.313961707219002406e+00
1.346098885395827338e+01,3.190548666746404916e+00
1.348099456987710809e+01,4.026777468786636227e+00
1.350100028579594280e+01,4.419826603205818216e+00
1.352100600171477573e+01,3.259957246756994831e+00
1.354101171763361044e+01,3.414338868061921772e+00
1.356101743355244338e+01,4.171327997248413411e+00
1.358102314947127809e+01,3.232904670257398028e+00
1.360102886539011102e+01,5.083849038053472214e+00
1.362103458130894573e+01,4.435467577520618043e+00
1.364104029722777867e+01,4.735884596205186092e+00
1.366104601314661338e+01,5.179864895978419703e+00
1.368105172906544809e+01,3.592580922189210657e+00
1.370105744498428102e+01,4.769259196706811643e+00
1.372106316090311573e+01,3.710078102496436880e+00
1.374106887682194866e+01,4.992599784963926979e+00
1.376107459274078337e+01,3.927265917671200590e+00
1.378108030865961808e+01,4.039546358674288129e+00
1.380108602457845102e+01,4.059471333956472527e+00
1.382109174049728573e+01,4.896477084149788439e+00
1.384109745641611866e+01,4.168946137764127258e+00
1.386110317233495337e+01,5.614763263322264386e+00
1.388110888825378808e+01,4.664465037563291894e+00
1.390111460417262101e+01,5.106890411397484897e+00
1.392112032009145395e+01,5.086159086678340380e+00
1.394112603601028866e+01,6.001026104436428810e+00
1.396113175192912337e+01,5.740907365949658114e+00
1.398113746784795630e+01,4.844226768820992568e+00
1.400114318376679101e+01,6.369866330775529661e+00
1.402114889968562395e+01,4.757360624172211061e+00
1.404115461560445866e+01,5.527347385344642205e+00
1.406116033152329337e+01,6.071962814353253357e+00
1.408116604744212630e+01,6.728431675561682646e+00
1.410117176336095923e+01,5.785371672843366397e+00
1.412117747927979394e+01,6.045318800448439944e+00
1.414118319519862865e+01,6.070618082795127712e+00
1.416118891111746336e+01,6.051017296846117333e+00
1.418119462703629630e+01,6.927679040069108396e+00
1.420120034295512923e+01,6.472142056449714964e+00
1.422120605887396394e+01,6.148202482723410078e+00
1.424121177479279865e+01,7.289468440128147542e+00
1.426121749071163336e+01,6.103603835558257806e+00
1.428122320663046629e+01,6.504666198768247476e+00
1.430122892254929923e+01,6.952766984663917960e+00
1.432123463846813394e+01,7.769164061569109769e+00
1.434124035438696865e+01,6.840411093717979618e+00
1.436124607030580158e+01,8.152735004674546815e+00
1.438125178622463629e+01,7.922616673691044831e+00
1.440125750214346922e+01,7.483884948093914247e+00
1.442126321806230393e+01,6.588621909313953751e+00
1.444126893398113864e+01,8.008063280956950081e+00
1.446127464989997158e+01,6.836033122116099037e+00
1.448128036581880451e+01,7.638151101447254732e+00
1.450128608173763922e+01,7.520836262656562354e+00
1.452129179765647393e+01,7.560248585348731787e+00
1.454129751357530864e+01,7.431798519057994490e+00
1.456130322949414158e+01,8.625813557284740085e+00
1.458130894541297451e+01,7.938001583453577759e+00
1.460131466133180922e+01,9.164194603495564806e+00
1.462132037725064393e+01,8.780831025781655086e+00
1.464132609316947686e+01,7.929553141225360591e+00
1.466133180908831157e+01,9.110754783002549928e+00
1.468133752500714451e+01,8.268735503402279363e+00
1.470134324092597922e+01,9.252501376798655031e+00
1.472134895684481393e+01,8.077154781395263328e+00
1.474135467276364686e+01,9.796648163873248549e+00
1.476136038868247979e+01,8.480197286644147070e+00
1.478136610460131450e+01,9.685236944078285504e+00
1.480137182052014921e+01,8.592205980862660297e+00
1.482137753643898392e+01,8.806644091086354820e+00
1.484138325235781686e+01,8.614393935705864536e+00
1.486138896827664979e+01,9.514087752201955794e+00
1.488139468419548450e+01,8.922914524701580419e+00
1.490140040011431921e+01,9.201049214398082654e+00
1.492140611603315392e+01,1.001340139804402440e+01
1.494141183195198685e+01,9.864686788616603863e+00
1.496141754787081979e+01,9.144028937143295011e+00
1.498142326378965450e+01,1.033307607831330621e+01
1.500142897970848921e+01,9.163225211570937390e+00
1.502143469562732214e+01,9.437675071207058508e+00
1.504144041154615508e+01,9.119211643114828902e+00
1.506144612746498979e+01,1.046240580910735929e+01
1.508145184338382450e+01,9.624035289778674951e+00
1.510145755930265921e+01,8.906541898723148165e+00
1.512146327522149214e+01,1.007724667595032209e+01
1.514146899114032507e+01,1.032281064894044498e+01
1.516147470705915978e+01,8.687876022677912147e+00
1.518148042297799449e+01,9.440608395153065047e+00
1.520148613889682920e+01,9.487325973677457114e+00
1.522149185481566214e+01,8.196477546918236712e+00
1.524149757073449507e+01,7.810711006737853346e+00
1.526150328665332978e+01,8.501720489486814358e+00
1.528150900257216449e+01,7.407745200392947815e+00
1.530151471849099742e+01,8.390040108054485302e+00
1.532152043440983036e+01,6.808071257738724569e+00
1.534152615032866507e+01,7.574203268732288663e+00
1.536153186624749978e+01,6.351822082681946036e+00
1.538153758216633449e+01,6.921866501754240453e+00
1.540154329808516742e+01,7.175771842222736119e+00
1.542154901400400036e+01,6.600658230478140709e+00
1.544155472992283507e+01,6.797946223849998582e+00
1.546156044584166978e+01,5.540792571658661458e+00
1.548156616176050449e+01,5.167043134741808430e+00
1.550157187767933742e+01,5.523772004973413807e+00
1.552157759359817035e+01,4.872262332349585279e+00
1.554158330951700506e+01,5.876083859463522963e+00
1.556158902543583977e+01,5.305700008502028275e+00
1.558159474135467271e+01,4.764202077555694359e+00
1.560160045727350742e+01,4.919019896222106780e+00
1.562160617319234035e+01,4.870390780450319035e+00
1.564161188911117506e+01,4.247996241838929876e+00
1.566161760503000977e+01,4.394554458663877838e+00
1.568162332094884270e+01,4.048479135002815532e+00
1.570162903686767564e+01,3.379354129059534362e+00
1.572163475278651035e+01,4.822180320718203461e+00
1.574164046870534506e+01,4.862578974314316405e+00
1.576164618462417977e+01,5.021767976689259783e+00
1.578165190054301270e+01,4.795822507218872488e+00
1.580165761646184563e+01,4.563803074770777179e+00
1.582166333238068034e+01,4.822828800898216528e+00
1.584166904829951505e+01,4.068010680432765369e+00
1.586167476421834799e+01,4.527751537578372343e+00
1.588168048013718270e+01,3.705640141799496856e+00
1.590168619605601563e+01,3.715440547759776724e+00
1.592169191197485034e+01,3.891926723364894869e+00
1.594169762789368505e+01,3.586052630023405019e+00
1.596170334381251799e+01,4.069422038723421231e+00
1.598170905973135092e+01,4.381123122106070689e+00
1.600171477565018563e+01,3.632151700582990195e+00
1.602172049156902034e+01,3.773889815723939556e+00
1.604172620748785505e+01,4.174637220770624602e+00
1.606173192340668976e+01,4.560987001071173275e+00
1.608173763932552092e+01,3.404042003095780533e+00
1.610174335524435563e+01,3.407885594766469683e+00
1.612174907116319034e+01,4.760686799650106771e+00
1.614175478708202505e+01,3.932628919266464518e+00
1.616176050300085620e+01,3.133119551869544939e+00
1.618176621891969091e+01,4.611268051891838304e+00
1.620177193483852562e+01,3.944659366973384707e+00
1.622177765075736033e+01,4.516282394110500142e+00
1.624178336667619504e+01,3.890934876045343493e+00
1.626178908259502620e+01,4.484801974047861961e+00
1.628179479851386091e+01,4.727781830321696077e+00
1.630180051443269562e+01,4.364972622330347107e+00
1.632180623035153033e+01,3.463531455574385021e+00
1.634181194627036149e+01,4.416326986353358741e+00
1.636181766218919620e+01,4.122768346796538808e+00
1.638182337810803091e+01,4.568251604992638271e+00
1.640182909402686562e+01,3.698669902385590902e+00
1.642183480994570033e+01,5.243327165619529495e+00
1.644184052586453504e+01,3.849866061104330939e+00
1.646184624178336620e+01,3.763686635589158502e+00
1.648185195770220091e+01,5.402969430806660256e+00
1.650185767362103562e+01,4.700407921602288042e+00
1.652186338953986677e+01,4.545580387803254574e+00
1.654186910545870148e+01,4.123961329146511368e+00
1.656187482137753619e+01,4.084535873122077554e+00
1.658188053729637090e+01,5.544242955134373929e+00
1.660188625321520561e+01,4.722080461996164047e+00
1.662189196913404032e+01,5.111285463232078996e+00
1.664189768505287148e+01,4.790475595203600001e+00
1.666190340097170619e+01,5.096018679769803050e+00
1.668190911689054090e+01,5.607897829280735102e+00
1.670191483280937561e+01,4.727139454673904062e+00
1.672192054872820677e+01,4.512347812490998145e+00
1.674192626464704148e+01,5.440702883122239264e+00
1.676193198056587619e+01,5.880454319287115261e+00
1.678193769648471090e+01,5.109496337337842142e+00
1.680194341240354561e+01,4.506809487288408356e+00
1.682194912832238032e+01,4.915558948339712408e+00
1.684195484424121148e+01,5.148503230583103552e+00
1.686196056016004619e+01,5.921339337969052430e+00
1.688196627607888090e+01,5.616216347250498231e+00
1.690197199199771205e+01,5.084425521564866379e+00
1.692197770791654676e+01,4.597640241649752824e+00
1.694198342383538147e+01,4.737524467843485354e+00
1.696198913975421618e+01,4.658083104700829757e+00
1.698199485567305089e+01,5.863506053260162609e+00
1.700200057159188560e+01,6.156097805431742565e+00
1.702200628751071676e+01,5.673740057007390369e+00
1.704201200342955147e+01,4.720306181289272374e+00
1.706201771934838618e+01,6.377811919336538793e+00
1.708202343526722089e+01,6.201846149399998787e+00
1.710202915118605205e+01,4.621865891204926413e+00
1.712203486710488676e+01,5.415475955890884485e+00
1.714204058302372147e+01,5.326914418448346566e+00
1.716204629894255618e+01,6.174543586323222755e+00
1.718205201486139089e+01,4.400989989134433067e+00
1.720205773078022204e+01,5.416975837589471432e+00
1.722206344669905675e+01,5.887938420076796575e+00
1.724206916261789146e+01,4.277815294510917354e+00
1.726207487853672617e+01,5.973809929035410526e+00
1.728208059445555733e+01,4.135345600452142278e+00
1.730208631037439204e+01,4.507909670378036360e+00
1.732209202629322675e+01,4.311798678049873601e+00
1.734209774221206146e+01,4.220159364873448560e+00
1.736210345813089617e+01,4.155878672872539425e+00
1.738210917404973088e+01,5.722583628808576073e+00
1.740211488996856204e+01,4.420990480562582370e+00
1.742212060588739675e+01,5.226712499952679281e+00
1.744212632180623146e+01,4.393764620507937479e+00
1.746213203772506262e+01,5.524694333246838340e+00
1.748213775364389733e+01,4.494359176836949743e+00
1.750214346956273204e+01,3.987790976290463085e+00
1.752214918548156675e+01,5.074580675713927569e+00
1.754215490140040146e+01,4.462441339166327126e+00
1.756216061731923617e+01,5.347811911452708067e+00
1.758216633323806732e+01,4.288427249254906037e+00
1.760217204915690203e+01,4.651519239437002184e+00
1.762217776507573674e+01,4.136149978327813947e+00
1.764218348099457145e+01,5.559777551158277653e+00
1.766218919691340261e+01,4.730720508768669674e+00
1.768219491283223732e+01,5.703722427471375589e+00
1.770220062875107203e+01,5.761122919090128747e+00
1.772220634466990674e+01,4.291144915463213749e+00
1.774221206058874145e+01,4.766276490890724027e+00
1.776221777650757616e+01,4.148134525123911232e+00
1.778222349242640732e+01,4.584864344112791201e+00
1.780222920834524203e+01,5.534863499914499663e+00
1.782223492426407674e+01,5.576741412295629807e+00
1.784224064018290790e+01,4.056588595846389644e+00
1.786224635610174261e+01,4.651064756016140223e+00
1.788225207202057732e+01,4.009120369252527460e+00
1.790225778793941203e+01,4.024165314830520757e+00
1.792226350385824674e+01,4.650261605477128413e+00
1.794226921977708145e+01,4.102800128725973217e+00
1.796227493569591260e+01,4.419897808163936404e+00
1.798228065161474731e+01,4.418861653080573326e+00
1.800228636753358202e+01,4.910770787758816702e+00
1.802229208345241318e+01,4.142666593359162874e+00
1.804229779937124789e+01,4.729562589082412671e+00
1.806230351529008260e+01,3.862934079019538114e+00
1.808230923120891731e+01,4.858414707007486122e+00
1.810231494712775202e+01,4.156998897052437414e+00
1.812232066304658673e+01,4.655746550883042012e+00
1.814232637896542144e+01,4.152465795567290563e+00
1.816233209488425260e+01,5.096033431692331028e+00
1.818233781080308731e+01,4.848270779969776179e+00
1.820234352672191847e+01,4.924379631680538161e+00
1.822234924264075318e+01,4.417302215471854865e+00
1.824235495855958789e+01,4.950695462968336180e+00
1.826236067447842260e+01,3.432227788642493671e+00
1.828236639039725731e+01,3.755756443312722404e+00
1.830237210631609202e+01,3.489851184584208621e+00
1.832237782223492673e+01,3.515934484457612363e+00
1.834238353815375788e+01,4.811836205479566253e+00
1.836238925407259259e+01,3.548189928852413022e+00
1.838239496999142730e+01,3.336167715677205159e+00
1.840240068591025846e+01,3.750294541108151414e+00
1.842240640182909317e+01,3.470174563634854437e+00
1.844241211774792788e+01,4.857859701765121940e+00
1.846241783366676259e+01,3.475275347241414181e+00
1.848242354958559730e+01,4.344765572285624877e+00
1.850242926550443201e+01,3.259156162807760104e+00
1.852243498142326672e+01,5.063260252343315670e+00
1.854244069734209788e+01,4.562877819504644883e+00
1.856244641326093259e+01,4.198091212784427206e+00
1.858245212917976374e+01,3.481264036449848831e+00
1.860245784509859845e+01,4.224813301051804970e+00
1.862246356101743316e+01,4.246620749421383678e+00
1.864246927693626787e+01,4.394095287453251508e+00
1.866247499285510258e+01,3.666625675888179448e+00
1.868248070877393729e+01,3.680644187869965833e+00
1.870248642469277200e+01,3.761079341512000962e+00
1.872249214061160316e+01,4.338274145122750447e+00
1.874249785653043787e+01,3.510991758980261057e+00
1.876250357244927258e+01,4.570910684851215322e+00
1.878250928836810374e+01,5.395290029227223449e+00
1.880251500428693845e+01,4.760310772136986834e+00
1.882252072020577316e+01,4.983935628879444302e+00
1.884252643612460787e+01,5.463212469054256282e+00
1.886253215204344258e+01,3.979020809950919002e+00
1.888253786796227729e+01,4.590986620809884400e+00
1.890254358388111200e+01,4.240109744631954669e+00
1.892254929979994316e+01,5.586729724137519781e+00
1.894255501571877787e+01,4.012645348699215297e+00
1.896256073163760902e+01,4.017191789583060668e+00
1.898256644755644373e+01,5.717083444578069162e+00
1.900257216347527844e+01,5.833575091535442070e+00
1.902257787939411315e+01,4.707609471509599075e+00
1.904258359531294786e+01,4.674856983907010211e+00
1.906258931123178257e+01,6.146995689257970241e+00
1.908259502715061728e+01,5.891833797162575159e+00
1.910260074306944844e+01,6.264929499221834064e+00
1.912260645898828315e+01,6.084315813740484913e+00
1.914261217490711431e+01,5.377416794413791834e+00
1.916261789082594902e+01,4.974810766089782454e+00
1.918262360674478373e+01,5.063300834324893529e+00
1.920262932266361844e+01,6.579596610272658630e+00
1.922263503858245315e+01,5.503889341306708261e+00
1.924264075450128786e+01,5.170407188386960229e+00
1.926264647042012257e+01,6.682911199489260490e+00
1.928265218633895373e+01,6.766830579684265601e+00
1.930265790225778844e+01,6.794845674694030890e+00
1.932266361817662315e+01,5.731727409527829664e+00
1.934266933409545430e+01,6.992662453847750648e+00
1.936267505001428901e+01,6.099970011365691391e+00
1.938268076593312372e+01,7.441253950250466431e+00
1.940268648185195843e+01,5.907786949139020471e+00
1.942269219777079314e+01,5.988984368005519698e+00
1.944269791368962785e+01,7.074991274288048970e+00
1.946270362960846256e+01,7.570197746528586791e+00
1.948270934552729372e+01,6.149339827147872306e+00
1.950271506144612843e+01,6.486583605191234447e+00
1.952272077736495959e+01,7.544629529201730911e+00
1.954272649328379430e+01,7.053476090588623570e+00
1.956273220920262901e+01,7.298902697084423075e+00
1.958273792512146372e+01,7.486359782583677180e+00
1.960274364104029843e+01,7.561774934153499217e+00
1.962274935695913314e+01,7.761705828079306535e+00
1.964275507287796785e+01,6.800776265433882806e+00
1.966276078879679901e+01,8.375136320623681740e+00
1.968276650471563372e+01,8.219224629821219708e+00
1.970277222063446487e+01,7.002253795873336628e+00
1.972277793655329958e+01,7.942326167265612469e+00
1.974278365247213429e+01,7.672645833516412495e+00
1.976278936839096900e+01,6.819303171664955698e+00
1.978279508430980371e+01,7.655908483093305961e+00
1.980280080022863842e+01,6.882373585999824073e+00
1.982280651614747313e+01,7.403284580898551681e+00
1.984281223206630784e+01,7.821507544809609414e+00
1.986281794798513900e+01,8.259490209956201312e+00
1.988282366390397371e+01,7.237867734901680450e+00
1.990282937982280487e+01,7.778906384967799958e+00
1.992283509574163958e+01,7.538222428292970179e+00
1.994284081166047429e+01,7.701398629035078436e+00
1.996284652757930900e+01,7.478786037883692117e+00
1.998285224349814371e+01,6.416943963236428239e+00
2.000285795941697842e+01,6.810179511004777808e+00
2.002286367533581313e+01,5.395644730937164901e+00
2.004286939125464428e+01,6.826924680898012632e+00
2.006287510717347899e+01,6.836318508860770748e+00
2.008288082309231015e+01,5.406052755736357796e+00
2.010288653901114486e+01,5.168854408047742766e+00
2.012289225492997957e+01,5.874823532057152242e+00
2.014289797084881428e+01,5.029029377147382185e+00
2.016290368676764899e+01,5.131770774658452439e+00
2.018290940268648370e+01,4.614948866628658664e+00
2.020291511860531841e+01,5.921095478581344551e+00
2.022292083452414957e+01,4.853646179453903642e+00
2.024292655044298428e+01,4.242603523147759681e+00
2.026293226636181899e+01,5.557711482289677818e+00
2.028293798228065015e+01,5.507661695369593602e+00
2.030294369819948486e+01,4.719490774558811275e+00
2.032294941411831957e+01,5.263328864724618583e+00
2.034295513003715428e+01,5.240881603363346741e+00
2.036296084595598899e+01,4.945493137392955596e+00
2.038296656187482370e+01,4.176586037525384043e+00
2.040297227779365841e+01,4.554832633071733028e+00
2.042297799371248956e+01,4.964741503159848079e+00
2.044298370963132427e+01,4.649122153354885434e+00
2.046298942555015543e+01,4.215082069886729066e+00
2.048299514146899014e+01,5.093460228439529835e+00
2.050300085738782485e+01,5.036330937309147160e+00
2.052300657330665956e+01,4.639170924733637236e+00
2.054301228922549427e+01,4.373783799220857915e+00
2.056301800514432898e+01,4.201214507594222880e+00
2.058302372106316369e+01,3.552738853578331302e+00
2.060302943698199485e+01,4.142728623513986186e+00
2.062303515290082956e+01,4.572346934240939298e+00
2.064304086881966072e+01,3.223420782394686768e+00
2.066304658473849543e+01,4.084233386973265212e+00
2.068305230065733014e+01,3.360847314435504440e+00
2.070305801657616485e+01,4.774659697380309709e+00
2.072306373249499956e+01,4.597978642217184664e+00
2.074306944841383427e+01,4.921888570997701606e+00
2.076307516433266898e+01,4.890312726963597534e+00
2.078308088025150369e+01,3.757293613016233547e+00
2.080308659617033484e+01,3.366957279768044042e+00
2.082309231208916955e+01,4.841793413249366296e+00
2.084309802800800071e+01,3.341366101339508177e+00
2.086310374392683542e+01,4.726407296128398272e+00
2.088310945984567013e+01,3.480626755681287321e+00
2.090311517576450484e+01,4.480092337107126177e+00
2.092312089168333955e+01,3.778440421183888898e+00
2.094312660760217426e+01,3.784180244987099151e+00
2.096313232352100897e+01,3.199679220445383887e+00
2.098313803943984013e+01,4.141895798850760535e+00
2.100314375535867484e+01,4.880836352444690718e+00
2.102314947127750600e+01,3.650070723303175502e+00
2.104315518719634071e+01,4.533541774687341430e+00
2.106316090311517542e+01,3.914053908890906097e+00
2.108316661903401013e+01,3.551035595516153442e+00
2.110317233495284484e+01,3.390171304414360431e+00
2.112317805087167955e+01,3.697618837271337444e+00
2.114318376679051426e+01,3.221645059308573256e+00
2.116318948270934541e+01,3.865602747520638260e+00
2.118319519862818012e+01,3.984152911925225915e+00
2.120320091454701483e+01,4.298450116773189222e+00
2.122320663046584599e+01,3.619208891420379270e+00
2.124321234638468070e+01,3.193683548529179017e+00
2.126321806230351541e+01,3.647854550269842733e+00
2.128322377822235012e+01,3.287341666609890023e+00
2.130322949414118483e+01,4.942314616601557908e+00
2.132323521006001954e+01,4.084062413463799501e+00
2.134324092597885425e+01,4.030416809124915289e+00
2.136324664189768541e+01,4.449994516790618526e+00
2.138325235781652012e+01,4.679145319402886471e+00
2.140325807373535127e+01,3.694706726544353170e+00
2.142326378965418598e+01,3.920014003870408104e+00
2.144326950557302069e+01,3.572471579979596523e+00
2.146327522149185540e+01,3.216710015092218100e+00
2.148328093741069011e+01,4.622407658755490978e+00
2.150328665332952482e+01,3.771570770762544544e+00
2.152329236924835953e+01,3.897411026769692199e+00
2.154329808516719069e+01,3.493197904722063374e+00
2.156330380108602540e+01,3.426165901256016166e+00
2.158330951700485656e+01,4.543853718368037420e+00
2.160331523292369127e+01,4.079625487704334752e+00
2.162332094884252598e+01,3.522133112629388219e+00
2.164332666476136069e+01,4.407475028314464360e+00
2.166333238068019540e+01,4.551788827122816627e+00
2.168333809659903011e+01,4.950292211677832732e+00
2.170334381251786482e+01,4.772886494596676243e+00
2.172334952843669598e+01,4.324528152749653742e+00
2.174335524435553069e+01,3.419229279751862194e+00
2.176336096027436540e+01,3.258635503637364650e+00
2.178336667619319655e+01,4.706959977626103964e+00
2.180337239211203126e+01,4.105433472625169777e+00
2.182337810803086597e+01,4.114765586345565218e+00
2.184338382394970068e+01,4.604336121344336341e+00
2.186338953986853539e+01,3.466254731363562325e+00
2.188339525578737010e+01,3.460355348235486961e+00
2.190340097170620481e+01,4.581404280608959212e+00
2.192340668762503597e+01,4.134168872428272579e+00
2.194341240354387068e+01,4.507241341814832047e+00
2.196341811946270184e+01,3.378831178033661953e+00
2.198342383538153655e+01,4.996455897185440698e+00
2.200342955130037126e+01,3.591530925233517912e+00
2.202343526721920597e+01,4.814244839062356895e+00
2.204344098313804068e+01,3.687946356240473289e+00
2.206344669905687539e+01,4.609657482740219692e+00
2.208345241497571010e+01,4.679499200433627770e+00
2.210345813089454126e+01,3.760144674486843197e+00
2.212346384681337597e+01,4.047807609297065845e+00
2.214346956273221068e+01,3.918161018338658153e+00
2.216347527865104183e+01,3.400774538920992907e+00
2.218348099456987654e+01,4.177736870152677362e+00
2.220348671048871125e+01,4.317923908817674850e+00
2.222349242640754596e+01,4.393828517841686043e+00
2.224349814232638067e+01,5.273809469544732842e+00
2.226350385824521538e+01,4.332052332096686165e+00
2.228350957416405009e+01,4.704564194720354919e+00
2.230351529008288125e+01,4.209201480679987561e+00
2.232352100600171596e+01,5.015150815994754652e+00
2.234352672192054712e+01,4.369987693229454351e+00
2.236353243783938183e+01,4.946002484100310959e+00
2.238353815375821654e+01,3.618138687472624682e+00
2.240354386967705125e+01,4.209016310664444482e+00
2.242354958559588596e+01,4.544906987112049102e+00
2.244355530151472067e+01,3.960691525386103251e+00
2.246356101743355538e+01,4.818403419897586915e+00
2.248356673335238654e+01,3.695146925450834896e+00
2.250357244927122125e+01,4.671577956206971471e+00
2.252357816519005240e+01,3.823214087742327738e+00
2.254358388110888711e+01,4.432349852158303349e+00
2.256358959702772182e+01,4.261173683509310806e+00
2.258359531294655653e+01,3.645388342710575103e+00
2.260360102886539124e+01,5.442716919255140340e+00
2.262360674478422595e+01,3.929156634480148735e+00
2.264361246070306066e+01,4.367961118255737851e+00
2.266361817662189182e+01,4.064376499855893776e+00
2.268362389254072653e+01,4.875691238781041825e+00
2.270362960845956124e+01,4.095176182539237431e+00
2.272363532437839240e+01,4.413723509186950444e+00
2.274364104029722711e+01,5.370019566522845622e+00
2.276364675621606182e+01,5.440635524902222464e+00
2.278365247213489653e+01,5.252199255119196053e+00
2.280365818805373124e+01,4.145093518168769364e+00
2.282366390397256595e+01,5.109517146177990909e+00
2.284366961989140066e+01,5.083654074774980991e+00
2.286367533581023181e+01,5.636817329977685809e+00
2.288368105172906652e+01,4.441878664085757933e+00
2.290368676764789768e+01,4.395396664258963249e+00
2.292369248356673239e+01,4.426424466365647348e+00
2.294369819948556710e+01,4.886352312375890961e+00
2.296370391540440181e+01,4.405805317059577675e+00
2.298370963132323652e+01,5.648300992672529830e+00
2.300371534724207123e+01,4.994993231417139690e+00
2.302372106316090594e+01,4.741889977859627514e+00
2.304372677907973710e+01,4.854977464045750146e+00
2.306373249499857181e+01,6.233222280862175779e+00
2.308373821091740652e+01,4.956915734064569534e+00
2.310374392683623768e+01,5.898062905452387206e+00
2.312374964275507239e+01,4.853507716051287169e+00
2.314375535867390710e+01,5.773170278991168303e+00
2.316376107459274181e+01,5.362371204411426895e+00
2.318376679051157652e+01,5.860097787941218606e+00
2.320377250643041123e+01,5.675798085684832905e+00
2.322377822234924594e+01,6.418301189097555870e+00
2.324378393826807709e+01,6.016657840517539491e+00
2.326378965418691180e+01,6.356280366019891659e+00
2.328379537010574296e+01,5.561743604581987022e+00
2.330380108602457767e+01,5.079208813947756695e+00
2.332380680194341238e+01,5.464990005294547259e+00
2.334381251786224709e+01,5.832432405813252174e+00
2.336381823378108180e+01,5.062512511218549172e+00
2.338382394969991651e+01,6.366226170043004728e+00
2.340382966561875122e+01,5.392414633005638613e+00
2.342383538153758238e+01,6.393226920973864580e+00
2.344384109745641709e+01,6.502816983110808913e+00
2.346384681337524825e+01,5.754865148514154427e+00
2.348385252929408296e+01,6.710493050932241133e+00
2.350385824521291767e+01,5.688497888082591381e+00
2.352386396113175238e+01,6.320569863681180678e+00
2.354386967705058709e+01,6.887734663454441630e+00
2.356387539296942180e+01,6.702865428899487554e+00
2.358388110888825651e+01,6.083366208420453169e+00
2.360388682480708766e+01,6.835592462031113037e+00
2.362389254072592237e+01,5.978435921969813549e+00
2.364389825664475708e+01,5.322755130830023163e+00
2.366390397256358824e+01,6.757214010502229584e+00
2.368390968848242295e+01,5.635692559485923070e+00
2.370391540440125766e+01,6.098813872969899741e+00
2.372392112032009237e+01,6.609619453719233206e+00
2.374392683623892708e+01,5.778816921247959648e+00
2.376393255215776179e+01,5.756236020288848287e+00
2.378393826807659650e+01,6.750816543989739849e+00
2.380394398399542766e+01,6.499073860214998888e+00
2.382394969991426237e+01,5.940443464830390319e+00
2.384395541583309353e+01,5.340960928835587929e+00
2.386396113175192824e+01,5.584449193408399736e+00
2.388396684767076295e+01,5.912612612920788990e+00
2.390397256358959766e+01,5.358104471781909517e+00
2.392397827950843237e+01,5.264239897745213170e+00
2.394398399542726708e+01,4.608284252342164322e+00
2.396398971134610179e+01,4.617726035537241813e+00
2.398399542726493294e+01,4.377704829921219343e+00
2.400400114318376765e+01,5.173839408648127858e+00
2.402400685910260236e+01,5.338431105878083116e+00
2.404401257502143352e+01,5.372662325394048644e+00
2.406401829094026823e+01,5.626941525234736119e+00
2.408402400685910294e+01,4.726911389474938829e+00
2.410402972277793765e+01,5.115276028711349454e+00
2.412403543869677236e+01,4.334076876594299854e+00
2.414404115461560707e+01,4.650277667072292509e+00
2.416404687053444178e+01,5.537430757368541734e+00
2.418405258645327294e+01,4.727762365075574458e+00
2.420405830237210765e+01,5.093641642417509274e+00
2.422406401829093880e+01,4.429484447810932757e+00
2.424406973420977351e+01,4.107712012565272630e+00
2.426407545012860822e+01,5.054738747796301723e+00
2.428408116604744293e+01,5.275459959459350756e+00
2.430408688196627764e+01,4.075953446086804099e+00
2.432409259788511235e+01,5.435048155769749201e+00
2.434409831380394706e+01,4.034230495539633310e+00
2.436410402972277822e+01,5.550524803634408144e+00
2.438410974564161293e+01,4.707248393725246061e+00
2.440411546156044409e+01,4.042144405153369924e+00
2.442412117747927880e+01,4.662759599016159662e+00
2.444412689339811351e+01,5.132691021600322756e+00
2.446413260931694822e+01,4.682930772714109402e+00
2.448413832523578293e+01,4.923189344753376773e+00
2.450414404115461764e+01,5.268234546465784263e+00
2.452414975707345235e+01,5.587990422524278245e+00
2.454415547299228351e+01,4.521044492998525399e+00
2.456416118891111822e+01,5.560031201913076870e+00
2.458416690482995293e+01,4.245937534720906292e+00
2.460417262074878408e+01,4.432817334470542825e+00
2.462417833666761879e+01,4.167327006634367059e+00
2.464418405258645350e+01,4.542874036994339448e+00
2.466418976850528821e+01,5.492649880298031029e+00
2.468419548442412292e+01,3.856831827369891386e+00
2.470420120034295763e+01,5.079474122242592316e+00
2.472420691626179234e+01,4.979859526826697191e+00
2.474421263218062350e+01,4.243109627021395269e+00
2.476421834809945821e+01,5.067100082379738524e+00
2.478422406401828937e+01,5.150856845336713619e+00
2.480422977993712408e+01,5.317186811249028366e+00
2.482423549585595879e+01,4.707266053150922502e+00
2.484424121177479350e+01,4.144773083801356783e+00
2.486424692769362821e+01,4.829656071439303311e+00
2.488425264361246292e+01,5.038180531336943879e+00
2.490425835953129763e+01,5.714472293936373681e+00
2.492426407545012879e+01,4.798378977911770704e+00
2.494426979136896350e+01,5.461964918893276177e+00
2.496427550728779821e+01,5.764159362604640791e+00
2.498428122320662936e+01,5.340862968390751142e+00
2.500428693912546407e+01,4.645437287482110378e+00
2.502429265504429878e+01,5.104131226894718765e+00
2.504429837096313349e+01,4.612814035523929768e+00
2.506430408688196820e+01,5.589733838265219745e+00
2.508430980280080291e+01,4.125649116294753505e+00
2.510431551871963762e+01,4.536762879397405079e+00
2.512432123463846878e+01,4.267026875287089460e+00
2.514432695055730349e+01,5.057453902080059294e+00
2.516433266647613465e+01,4.405679922500683965e+00
2.518433838239496936e+01,5.851026571922721686e+00
2.520434409831380407e+01,4.705380235358237684e+00
2.522434981423263878e+01,5.658515162667856480e+00
2.524435553015147349e+01,5.762840296907896231e+00
2.526436124607030820e+01,5.009267764046342997e+00
2.528436696198914291e+01,4.663152217226262053e+00
2.530437267790797407e+01,4.927997747890371372e+00
2.532437839382680878e+01,5.667541529989779114e+00
2.534438410974563993e+01,4.833832348732554074e+00
2.536438982566447464e+01,6.120545642571179279e+00
2.538439554158330935e+01,5.548481208314251845e+00
2.540440125750214406e+01,5.434094866939027213e+00
2.542440697342097877e+01,5.152904107712538817e+00
2.544441268933981348e+01,5.219237274645099234e+00
2.546441840525864819e+01,5.008664602106636998e+00
2.548442412117747935e+01,4.956244655372187502e+00
2.550442983709631406e+01,6.370372074360265202e+00
2.552443555301514877e+01,5.113959396349003761e+00
2.554444126893397993e+01,5.496451842141545363e+00
2.556444698485281464e+01,5.149547904624166783e+00
2.558445270077164935e+01,5.179325840682460047e+00
2.560445841669048406e+01,5.236911657722998825e+00
2.562446413260931877e+01,6.327238849912856899e+00
2.564446984852815348e+01,5.104959333069162497e+00
2.566447556444698819e+01,5.820493549583320991e+00
2.568448128036581934e+01,6.773109301243288805e+00
2.570448699628465405e+01,5.864260229523559076e+00
2.572449271220348521e+01,6.270032522685815124e+00
2.574449842812231992e+01,5.435929657193524278e+00
2.576450414404115463e+01,6.294960629996270818e+00
2.578450985995998934e+01,6.600425106874965309e+00
2.580451557587882405e+01,6.561817734051887285e+00
2.582452129179765876e+01,6.201686100212315367e+00
2.584452700771649347e+01,5.708936939044292558e+00
2.586453272363532463e+01,6.921234481765532465e+00
2.588453843955415934e+01,7.447992815846992798e+00
2.590454415547299405e+01,6.591319566932098084e+00
2.592454987139182521e+01,7.812152499286009188e+00
2.594455558731065992e+01,7.695714683669361733e+00
2.596456130322949463e+01,7.587804465130070675e+00
2.598456701914832934e+01,7.378130175719957329e+00
2.600457273506716405e+01,8.123042847771294817e+00
2.602457845098599520e+01,7.143086720655928090e+00
2.604458416690482991e+01,6.995285712579000226e+00
2.606458988282366462e+01,8.146846081167984366e+00
2.608459559874249933e+01,7.579694708855008400e+00
2.610460131466133404e+01,7.624732936422732088e+00
2.612460703058016520e+01,8.779253919829084651e+00
2.614461274649899991e+01,7.972036223134311150e+00
2.616461846241783462e+01,7.770254227195573016e+00
2.618462417833666933e+01,8.990290174318870342e+00
2.620462989425550404e+01,8.402165843676261403e+00
2.622463561017433520e+01,7.807484262775086670e+00
2.624464132609316991e+01,8.703633589912081803e+00
2.626464704201200462e+01,7.882312574949192019e+00
2.628465275793083933e+01,9.426836340092027200e+00
2.630465847384967049e+01,9.004440646839022122e+00
2.632466418976850520e+01,8.509363603854636082e+00
2.634466990568733991e+01,9.144348275648233937e+00
2.636467562160617462e+01,8.891414589856880824e+00
2.638468133752500933e+01,8.599476753423969555e+00
2.640468705344384048e+01,9.626960769621522473e+00
2.642469276936267519e+01,1.017789677970145057e+01
2.644469848528150990e+01,1.034092757980582356e+01
2.646470420120034461e+01,1.068530275497347937e+01
2.648470991711917932e+01,9.856844878368848484e+00
2.650471563303801048e+01,1.031463394896128349e+01
2.652472134895684519e+01,1.047298298266197669e+01
2.654472706487567990e+01,1.121920406818101767e+01
2.656473278079451461e+01,1.131051519458451615e+01
2.658473849671334932e+01,1.133942137485512269e+01
2.660474421263218048e+01,1.037200914103566873e+01
2.662474992855101519e+01,1.155446168944804342e+01
2.664475564446984990e+01,1.219236498825895865e+01
2.666476136038868461e+01,1.050712125820525422e+01
2.668476707630751577e+01,1.072923201525859049e+01
2.670477279222635048e+01,1.190206538234601474e+01
2.672477850814518519e+01,1.156084991798935135e+01
2.674478422406401990e+01,1.274446847444159125e+01
2.676478993998285461e+01,1.205683138258574338e+01
2.678479565590168576e+01,1.285685362919977415e+01
2.680480137182052047e+01,1.245281872575701954e+01
2.682480708773935518e+01,1.238493067190917252e+01
2.684481280365818989e+01,1.268909748959566919e+01
2.686481851957702460e+01,1.228382399554942062e+01
2.688482423549585576e+01,1.190221637565715440e+01
2.690482995141469047e+01,1.212211894359948339e+01
2.692483566733352518e+01,1.150519706337879811e+01
2.694484138325235989e+01,1.134790949393803849e+01
2.696484709917119105e+01,1.224837831699408319e+01
2.698485281509002576e+01,1.176891312397867395e+01
2.700485853100886047e+01,1.205414272924935837e+01
2.702486424692769518e+01,1.152422800192077901e+01
2.704486996284652989e+01,1.098985905605726288e+01
2.706487567876536104e+01,1.132923061590470404e+01
2.708488139468419575e+01,1.127262411224219463e+01
2.710488711060303046e+01,1.027677862138623865e+01
2.712489282652186517e+01,1.024708548142297815e+01
2.714489854244069988e+01,1.018709361029110383e+01
2.716490425835953104e+01,1.067675200374253386e+01
2.718490997427836575e+01,1.090415667817268996e+01
2.720491569019720046e+01,1.005318740532457511e+01
2.722492140611603517e+01,1.056645708432838404e+01
2.724492712203486633e+01,9.264986367865239103e+00
2.726493283795370104e+01,1.015970892706758733e+01
2.728493855387253575e+01,9.783741593947553383e+00
2.730494426979137046e+01,9.015117774039943299e+00
2.732494998571020517e+01,9.574738784845102657e+00
2.734495570162903633e+01,9.468574549209323621e+00
2.736496141754787104e+01,9.533019222995735120e+00
2.738496713346670575e+01,9.368388017338048712e+00
2.740497284938554046e+01,8.018687266833824268e+00
2.742497856530437517e+01,8.517452269868755366e+00
2.744498428122320632e+01,8.266004626725482751e+00
2.746498999714204103e+01,7.424159059586425968e+00
2.748499571306087574e+01,7.476313124068582283e+00
2.750500142897971045e+01,7.383666078944933986e+00
2.752500714489854516e+01,7.368610745720380883e+00
2.754501286081737632e+01,7.100504634093899092e+00
2.756501857673621103e+01,7.155912237793579322e+00
2.758502429265504574e+01,7.588908771973535750e+00
2.760503000857388045e+01,7.211617895571767356e+00
2.762503572449271161e+01,8.503861252229118151e+00
2.764504144041154632e+01,7.231186400381888646e+00
2.766504715633038103e+01,7.035511897912125612e+00
2.768505287224921574e+01,8.663798442614213613e+00
2.770505858816805045e+01,8.470777050689045851e+00
2.772506430408688161e+01,8.713650420842755651e+00
2.774507002000571632e+01,8.930185406766879552e+00
2.776507573592455103e+01,8.644238864647148191e+00
2.778508145184338574e+01,9.029180958781212851e+00
2.780508716776222045e+01,8.320612088488340774e+00
2.782509288368105160e+01,8.235398242853676720e+00
2.784509859959988631e+01,9.495472021583360345e+00
2.786510431551872102e+01,9.062417884371853916e+00
2.788511003143755573e+01,9.233170695657086924e+00
2.790511574735638689e+01,9.475352208798037523e+00
2.792512146327522160e+01,9.349785818227735135e+00
2.794512717919405631e+01,9.268993935422443542e+00
2.796513289511289102e+01,9.119861302150370719e+00
2.798513861103172573e+01,9.301171748023659092e+00
2.800514432695055689e+01,8.846172295107020744e+00
2.802515004286939160e+01,8.750367510011365368e+00
2.804515575878822631e+01,1.032327370087912755e+01
2.806516147470706102e+01,1.076957225575774757e+01
2.808516719062589573e+01,1.059214333708710143e+01
2.810517290654472689e+01,1.075456705115777112e+01
2.812517862246356160e+01,9.312147318752018066e+00
2.814518433838239631e+01,1.074742670381607113e+01
2.816519005430123102e+01,9.808746740089853589e+00
2.818519577022006217e+01,1.111745997376741713e+01
2.820520148613889688e+01,1.026833229819620108e+01
2.822520720205773159e+01,1.020146899229607840e+01
2.824521291797656630e+01,1.029839410728708415e+01
2.826521863389540101e+01,1.010419574657960418e+01
2.828522434981423217e+01,1.077596508455641811e+01
2.830523006573306688e+01,1.016302009187507238e+01
2.832523578165190159e+01,1.033847232241419078e+01
2.834524149757073630e+01,9.582314121610076896e+00
2.836524721348957101e+01,1.042279280151620746e+01
2.838525292940840217e+01,1.020421237150492111e+01
2.840525864532723688e+01,8.709914869493527334e+00
2.842526436124607159e+01,9.798547461643616785e+00
2.844527007716490630e+01,8.460248890842374081e+00
2.846527579308374101e+01,9.093269476792679384e+00
2.848528150900257216e+01,9.257942126886439027e+00
2.850528722492140687e+01,9.022515363998120819e+00
2.852529294084024158e+01,8.951611936813092640e+00
2.854529865675907629e+01,8.240192121514905210e+00
2.856530437267790745e+01,8.332879569824621413e+00
2.858531008859674216e+01,8.337768513090354716e+00
2.860531580451557687e+01,7.335630312805957232e+00
2.862532152043441158e+01,8.042137874063909564e+00
2.864532723635324629e+01,8.640064755965305210e+00
2.866533295227207745e+01,8.411647819230164913e+00
2.868533866819091216e+01,8.655557941333858807e+00
2.870534438410974687e+01,6.940725012728450771e+00
2.872535010002858158e+01,7.937474669329679600e+00
2.874535581594741629e+01,8.000679787783052888e+00
2.876536153186624745e+01,7.366462504571751779e+00
2.878536724778508216e+01,8.583168394871497853e+00
2.880537296370391687e+01,7.108779519485708853e+00
2.882537867962275158e+01,7.708559917315043641e+00
2.884538439554158273e+01,7.051513815778385208e+00
2.886539011146041744e+01,7.942188581552914961e+00
2.888539582737925215e+01,7.282788025358120976e+00
2.890540154329808686e+01,7.306439598345462194e+00
2.892540725921692157e+01,7.612846812993853796e+00
2.894541297513575273e+01,8.295835054415666932e+00
2.896541869105458744e+01,8.223420786726681087e+00
2.898542440697342215e+01,8.269012099324687171e+00
2.900543012289225686e+01,9.048782057448049088e+00
2.902543583881109157e+01,7.709890163768529092e+00
2.904544155472992273e+01,8.426638265742743883e+00
2.906544727064875744e+01,9.565646741365185335e+00
2.908545298656759215e+01,8.957846408172732922e+00
2.910545870248642686e+01,9.567225395219885797e+00
2.912546441840525802e+01,9.402585774560535015e+00
2.914547013432409273e+01,9.872033993032784949e+00
2.916547585024292744e+01,9.472008948794350403e+00
2.918548156616176215e+01,1.035123721211779291e+01
2.920548728208059686e+01,1.063151773970033176e+01
2.922549299799942801e+01,9.914249206773146028e+00
2.924549871391826272e+01,9.999745243393041605e+00
2.926550442983709743e+01,9.425923578821448601e+00
2.928551014575593214e+01,1.006035161925877652e+01
2.930551586167476685e+01,9.725371427000117919e+00
2.932552157759359801e+01,1.119386000559964423e+01
2.934552729351243272e+01,1.011118352579162405e+01
2.936553300943126743e+01,1.027700740248522493e+01
2.938553872535010214e+01,9.888870774502782623e+00
2.940554444126893330e+01,1.093517677123914567e+01
2.942555015718776801e+01,1.013934349070843943e+01
2.944555587310660272e+01,1.119411353022984734e+01
2.946556158902543743e+01,1.056446340086919378e+01
2.948556730494427214e+01,1.084324754533513513e+01
2.950557302086310330e+01,1.098641999418459747e+01
2.952557873678193801e+01,1.187110402171233936e+01
2.954558445270077272e+01,1.157748363309215733e+01
2.956559016861960743e+01,1.129554994163043879e+01
2.958559588453844214e+01,1.172438111514677495e+01
2.960560160045727329e+01,1.049890500708336916e+01
2.962560731637610800e+01,1.086855998862857220e+01
2.964561303229494271e+01,1.082801397713476099e+01
2.966561874821377742e+01,1.098717725526132227e+01
2.968562446413261213e+01,1.127105269557068823e+01
2.970563018005144329e+01,1.096829664351191269e+01
2.972563589597027800e+01,1.044264778581404940e+01
2.974564161188911271e+01,1.011923332207664394e+01
2.976564732780794742e+01,1.035716721410522823e+01
2.978565304372677858e+01,1.003904696571969524e+01
2.980565875964561329e+01,1.043096572646161846e+01
2.982566447556444800e+01,8.823494931827831067e+00
2.984567019148328271e+01,8.583413451655186321e+00
2.986567590740211742e+01,9.126239811362674814e+00
2.988568162332094857e+01,9.113297309090775400e+00
2.990568733923978328e+01,9.080660843208633537e+00
2.992569305515861799e+01,8.275618332689465007e+00
2.994569877107745270e+01,8.915585423264511533e+00
2.996570448699628741e+01,7.831741524635575047e+00
2.998571020291511857e+01,7.887224625097519315e+00
3.000571591883395328e+01,8.160043756906073753e+00
3.002572163475278799e+01,8.563768342132810574e+00
3.004572735067162270e+01,8.005801001927935090e+00
3.006573306659045386e+01,8.966215145498239281e+00
3.008573878250928857e+01,8.755816552668457931e+00
3.010574449842812328e+01,7.829719688572423841e+00
3.012575021434695799e+01,8.353115131480018718e+00
3.014575593026579270e+01,8.047142126253119088e+00
3.016576164618462386e+01,7.798821209402149179e+00
3.018576736210345857e+01,7.782839120147730050e+00
3.020577307802229328e+01,7.388458066856893325e+00
3.022577879394112799e+01,7.143638210894923013e+00
3.024578450985996270e+01,8.402200484682509796e+00
3.026579022577879385e+01,7.594952089313274257e+00
3.028579594169762856e+01,7.842651088138515192e+00
3.030580165761646327e+01,6.974600255115106506e+00
3.032580737353529798e+01,6.778729814904577822e+00
3.034581308945412914e+01,7.789607750869951275e+00
3.036581880537296385e+01,7.257432906410409501e+00
3.038582452129179856e+01,7.800556285494126385e+00
3.040583023721063327e+01,6.850271628406090052e+00
3.042583595312946798e+01,7.454068068239052103e+00
3.044584166904829914e+01,7.281924757928444514e+00
3.046584738496713385e+01,7.136293863150574346e+00
3.048585310088596856e+01,7.612504317472621018e+00
3.050585881680480327e+01,8.288092717490428640e+00
3.052586453272363798e+01,8.705534696630085278e+00
3.054587024864246914e+01,7.369607856595017381e+00
3.056587596456130385e+01,8.554419217019370691e+00
3.058588168048013856e+01,7.376990709838418425e+00
3.060588739639897327e+01,8.047561075186484558e+00
3.062589311231780798e+01,8.782060898262598059e+00
3.064589882823663913e+01,8.170610559313935539e+00
3.066590454415547384e+01,8.947203139457338139e+00
3.068591026007430855e+01,8.625244482678715130e+00
3.070591597599314326e+01,9.048837409451600422e+00
3.072592169191197442e+01,8.351639354854242470e+00
3.074592740783080913e+01,7.918484469935203052e+00
3.076593312374964384e+01,8.529495467357142147e+00
3.078593883966847855e+01,9.634393138597049600e+00
3.080594455558731326e+01,9.568479845654501048e+00
3.082595027150614442e+01,8.345911126008497050e+00
3.084595598742497913e+01,9.751512977683638894e+00
3.086596170334381384e+01,9.923751239347298636e+00
3.088596741926264855e+01,8.532979229037314539e+00
3.090597313518148326e+01,9.192002212064515732e+00
3.092597885110031442e+01,9.768223872339419245e+00
3.094598456701914913e+01,1.035475515189903639e+01
3.096599028293798384e+01,9.157016075354000861e+00
3.098599599885681855e+01,1.054383536777558916e+01
3.100600171477564970e+01,1.007545736488508048e+01
3.102600743069448441e+01,1.068058982218112796e+01
3.104601314661331912e+01,1.110292746937434138e+01
3.106601886253215383e+01,9.892789918982328956e+00
3.108602457845098854e+01,1.005381663635276013e+01
3.110603029436981970e+01,1.150014925971763446e+01
3.112603601028865441e+01,1.046927248469363647e+01
3.114604172620748912e+01,1.041516378659366282e+01
3.116604744212632383e+01,1.076995837995344552e+01
3.118605315804515854e+01,1.169177718033558833e+01
3.120605887396398970e+01,1.232813164790854721e+01
3.122606458988282441e+01,1.166427647205484064e+01
3.124607030580165912e+01,1.172998680468302091e+01
3.126607602172049383e+01,1.193451938091758180e+01
3.128608173763932498e+01,1.282484068164497160e+01
3.130608745355815969e+01,1.227452815400572739e+01
3.132609316947699440e+01,1.321207262856805187e+01
3.134609888539582911e+01,1.342328199538627409e+01
3.136610460131466382e+01,1.203463835015629257e+01
3.138611031723349498e+01,1.343243054291712646e+01
3.140611603315232969e+01,1.242493973372421046e+01
3.142612174907116440e+01,1.395790598599282895e+01
3.144612746498999911e+01,1.374677255122902153e+01
3.146613318090883382e+01,1.400116814198891113e+01
3.148613889682766498e+01,1.469787512547037700e+01
3.150614461274649969e+01,1.407728907585620703e+01
3.152615032866533440e+01,1.401463590955730254e+01
3.154615604458416911e+01,1.433703826391035285e+01
3.156616176050300382e+01,1.480144117332102915e+01
3.158616747642183498e+01,1.607799213255528059e+01
3.160617319234066969e+01,1.590466383690892194e+01
3.162617890825950440e+01,1.691200887920993168e+01
3.164618462417833911e+01,1.564894958751259146e+01
3.166619034009717026e+01,1.699503923954587492e+01
3.168619605601600497e+01,1.684242838228087180e+01
3.170620177193483968e+01,1.681154900287384635e+01
3.172620748785367439e+01,1.866444347745517263e+01
3.174621320377250910e+01,1.886742668210170493e+01
3.176621891969134026e+01,1.849983904721986860e+01
3.178622463561017497e+01,1.918607806153301709e+01
3.180623035152900968e+01,1.991289453471233628e+01
3.182623606744784439e+01,2.054306345807146528e+01
3.184624178336667910e+01,2.026230297336000419e+01
3.186624749928551026e+01,2.014175943369700761e+01
3.188625321520434497e+01,2.145737371511271618e+01
3.190625893112317968e+01,2.141470486599095580e+01
3.192626464704201439e+01,2.362180628064078647e+01
3.194627036296084555e+01,2.283928529837331567e+01
3.196627607887968026e+01,2.477679782998596991e+01
3.198628179479851497e+01,2.569595027301402013e+01
3.200628751071734968e+01,2.606393201348811317e+01
3.202629322663618439e+01,2.629571352293092090e+01
3.204629894255501199e+01,2.893088367803698446e+01
3.206630465847385381e+01,2.943637690074932678e+01
3.208631037439268141e+01,3.024015676141225129e+01
3.210631609031152323e+01,3.183255286189132249e+01
3.212632180623035083e+01,3.403804698433334153e+01
3.214632752214918554e+01,3.386195012833431406e+01
3.216633323806802025e+01,3.636392491434762064e+01
3.218633895398685496e+01,3.797828429366698799e+01
3.220634466990568967e+01,3.903430356708143734e+01
3.222635038582451728e+01,4.142539839934730850e+01
3.224635610174335909e+01,4.238463676673415392e+01
3.226636181766218670e+01,4.288642589270960315e+01
3.228636753358102851e+01,4.459239751106378691e+01
3.230637324949985612e+01,4.552259051149972890e+01
3.232637896541869083e+01,4.732170955178854399e+01
3.234638468133752554e+01,4.996968669329498169e+01
3.236639039725636025e+01,5.042049942743351920e+01
3.238639611317519496e+01,5.188857258009576157e+01
3.240640182909402967e+01,5.285774787688062304e+01
3.242640754501286438e+01,5.360873492192229151e+01
3.244641326093169198e+01,5.330415458196340950e+01
3.246641897685053380e+01,5.384167249364110575e+01
3.248642469276936140e+01,5.427202019040468883e+01
3.250643040868819611e+01,5.384923332151086584e+01
3.252643612460703082e+01,5.281886263747632881e+01
3.254644184052586553e+01,5.239813804120805685e+01
3.256644755644470024e+01,5.155756490977313433e+01
3.258645327236353495e+01,5.117884226678530979e+01
3.260645898828236966e+01,4.977121839024112404e+01
3.262646470420119726e+01,4.963146794107509407e+01
3.264647042012003908e+01,4.785442071808579101e+01
3.266647613603886668e+01,4.591240277098674483e+01
3.268648185195770850e+01,4.434804214025272273e+01
3.270648756787653610e+01,4.167931214818285923e+01
3.272649328379537081e+01,4.149271873517099607e+01
3.274649899971420552e+01,3.850194116017578949e+01
3.276650471563304023e+01,3.691242390888917413e+01
3.278651043155187494e+01,3.519500182927350096e+01
3.280651614747070255e+01,3.251867340761055658e+01
3.282652186338954436e+01,3.230430551005224515e+01
3.284652757930837197e+01,2.986525989441804541e+01
3.286653329522721378e+01,2.902361860737897814e+01
3.288653901114604139e+01,2.635350638129450829e+01
3.290654472706487610e+01,2.504522776607585755e+01
3.292655044298371081e+01,2.402366460953024685e+01
3.294655615890254552e+01,2.329515073544556714e+01
3.296656187482138023e+01,2.170457237752851753e+01
3.298656759074020783e+01,2.100521043532911492e+01
3.300657330665904965e+01,2.106861089894526629e+01
3.302657902257787725e+01,1.996284192380024791e+01
3.304658473849671907e+01,1.854069640209196734e+01
3.306659045441554667e+01,1.909290938572627283e+01
3.308659617033438138e+01,1.929750442023389922e+01
3.310660188625321609e+01,1.792033500538222413e+01
3.312660760217205080e+01,1.685089327140110171e+01
3.314661331809088551e+01,1.767843352115269795e+01
3.316661903400971312e+01,1.656888656618024669e+01
3.318662474992855493e+01,1.799164672693713740e+01
3.320663046584738254e+01,1.755739710795741360e+01
3.322663618176622435e+01,1.762544631098499437e+01
3.324664189768505196e+01,1.748408910921360970e+01
3.326664761360388667e+01,1.784985098622382083e+01
3.328665332952272138e+01,1.679155561126229657e+01
3.330665904544155609e+01,1.808193568285853203e+01
3.332666476136039080e+01,1.822759709127286243e+01
3.334667047727922551e+01,1.802863203570758088e+01
3.336667619319806022e+01,1.896919606840609873e+01
3.338668190911688782e+01,1.918812542428172563e+01
3.340668762503572964e+01,1.953496928654584863e+01
3.342669334095455724e+01,2.099321594557119042e+01
3.344669905687339195e+01,2.176456541055491556e+01
3.346670477279222666e+01,2.210893368811690252e+01
3.348671048871106137e+01,2.242818107846725795e+01
3.350671620462989608e+01,2.259368925746892742e+01
3.352672192054873079e+01,2.365758652170605103e+01
3.354672763646756550e+01,2.538225288037464011e+01
3.356673335238639311e+01,2.622762356504654946e+01
3.358673906830523492e+01,2.625542360858637281e+01
3.360674478422406253e+01,2.846664981394441440e+01
3.362675050014290434e+01,2.900324518170516441e+01
3.364675621606173195e+01,3.016923988419937075e+01
3.366676193198056666e+01,3.084693030434099015e+01
3.368676764789940137e+01,3.323917936859087519e+01
3.370677336381823608e+01,3.454221418208658889e+01
3.372677907973707079e+01,3.584013624892296690e+01
3.374678479565589839e+01,3.650006100433147083e+01
3.376679051157474021e+01,3.723504029206569754e+01
3.378679622749356781e+01,3.852352309300799504e+01
3.380680194341240963e+01,4.036034948046372506e+01
3.382680765933123723e+01,4.132239400116839079e+01
3.384681337525007194e+01,4.345981287512352509e+01
3.386681909116890665e+01,4.317498232552105719e+01
3.388682480708774136e+01,4.383151520528318201e+01
3.390683052300657607e+01,4.601872217957553346e+01
3.392683623892540368e+01,4.572305607016537010e+01
3.394684195484424549e+01,4.681304005458951423e+01
3.396684767076307310e+01,4.702359376583744677e+01
3.398685338668191491e+01,4.807995506525253404e+01
3.400685910260074252e+01,4.804295984504722128e+01
3.402686481851957723e+01,4.735686959059350443e+01
3.404687053443841194e+01,4.719014829943481004e+01
3.406687625035724665e+01,4.816413370043594000e+01
3.408688196627608136e+01,4.702018606997873462e+01
3.410688768219490896e+01,4.664846614284152793e+01
3.412689339811375078e+01,4.613607777725756165e+01
3.414689911403257838e+01,4.576088341430741480e+01
3.416690482995142020e+01,4.462660341661446495e+01
3.418691054587024780e+01,4.372729708194190579e+01
3.420691626178908251e+01,4.244792852447965714e+01
3.422692197770791722e+01,4.166892121904569990e+01
3.424692769362675193e+01,4.047671890037889142e+01
3.426693340954558664e+01,3.994496231195230251e+01
3.428693912546442135e+01,3.923643301709599029e+01
3.430694484138325606e+01,3.863145419112849765e+01
3.432695055730208367e+01,3.669526652016358526e+01
3.434695627322092548e+01,3.601504996007408721e+01
3.436696198913975309e+01,3.697628252939185245e+01
3.438696770505858780e+01,3.656626796622269637e+01
3.440697342097742251e+01,3.580921339374472723e+01
3.442697913689625722e+01,3.518050923832322496e+01
3.444698485281509193e+01,3.437356824545518919e+01
3.446699056873392664e+01,3.527006995239805320e+01
3.448699628465276135e+01,3.397229398226065200e+01
3.450700200057158895e+01,3.506755063346735568e+01
3.452700771649043077e+01,3.503897270390073260e+01
3.454701343240925837e+01,3.513090089177636344e+01
3.456701914832810019e+01,3.378294740926058637e+01
3.458702486424692779e+01,3.444193495116773818e+01
3.460703058016576250e+01,3.518341812556862180e+01
3.462703629608459721e+01,3.616279115573181713e+01
3.464704201200343192e+01,3.631508924609546796e+01
3.466704772792226663e+01,3.729302700651757618e+01
3.468705344384109424e+01,3.760552264697259517e+01
3.470705915975993605e+01,3.928430705710019311e+01
3.472706487567876366e+01,3.946266629128102466e+01
3.474707059159760547e+01,4.190934338459295105e+01
3.476707630751643308e+01,4.357623253615409453e+01
3.478708202343526779e+01,4.506624922493044494e+01
3.480708773935410250e+01,4.509018809667849581e+01
3.482709345527293721e+01,4.846645665905275280e+01
3.484709917119177192e+01,4.876854956873158642e+01
3.486710488711059952e+01,5.119809732380020506e+01
3.488711060302944134e+01,5.336681281843510050e+01
3.490711631894826894e+01,5.553050838759283181e+01
3.492712203486711076e+01,5.802542594031761780e+01
3.494712775078593836e+01,6.144825384996739359e+01
3.496713346670477307e+01,6.252041219046751763e+01
3.498713918262360778e+01,6.536481141842064346e+01
3.500714489854244249e+01,6.938268076030759346e+01
3.502715061446127720e+01,7.042077353595905720e+01
3.504715633038010481e+01,7.409178061264010751e+01
3.506716204629894662e+01,7.603364268604025256e+01
3.508716776221777423e+01,7.931043051866127769e+01
3.510717347813661604e+01,8.257107598974418750e+01
3.512717919405544365e+01,8.550486832051153385e+01
3.514718490997427836e+01,8.768930916502426953e+01
3.516719062589311307e+01,8.901873268029339670e+01
3.518719634181194778e+01,9.198128417579563632e+01
3.520720205773078249e+01,9.442361996796344670e+01
3.522720777364961720e+01,9.576553863039609382e+01
3.524721348956845191e+01,9.682176840931981587e+01
3.526721920548727951e+01,9.813533727150985442e+01
3.528722492140612133e+01,9.854826468397685346e+01
3.530723063732494893e+01,1.000000000000000000e+02
3.532723635324378364e+01,9.918345966647166279e+01
3.534724206916261835e+01,9.893689353845522305e+01
3.536724778508145306e+01,9.837137368528092907e+01
3.538725350100028777e+01,9.665042786268021757e+01
3.540725921691912248e+01,9.474874282066639353e+01
3.542726493283795719e+01,9.376590047083978163e+01
3.544727064875678479e+01,9.132116135918381872e+01
3.546727636467562661e+01,8.849553156310975055e+01
3.548728208059445421e+01,8.440419224464937997e+01
3.550728779651329603e+01,8.126049709159615020e+01
3.552729351243212363e+01,7.827511156083220101e+01
3.554729922835095834e+01,7.537871914091684289e+01
3.556730494426979305e+01,7.108245028923229825e+01
3.558731066018862776e+01,6.732436806413484476e+01
3.560731637610746247e+01,6.298013328791365240e+01
3.562732209202629008e+01,5.960765053414403525e+01
3.564732780794513189e+01,5.699281070182058073e+01
3.566733352386395950e+01,5.296142549882069517e+01
3.568733923978280131e+01,4.882470009721253490e+01
3.570734495570162892e+01,4.696222158991044893e+01
3.572735067162046363e+01,4.355094724382106364e+01
3.574735638753929834e+01,4.076782507942322553e+01
3.576736210345813305e+01,3.929280364750171373e+01
3.578736781937696776e+01,3.665791020401180589e+01
3.580737353529579536e+01,3.477201868323209766e+01
3.582737925121463718e+01,3.340005771815069124e+01
3.584738496713346478e+01,3.046349078977890201e+01
3.586739068305230660e+01,2.981822217012927467e+01
3.588739639897113420e+01,2.809155636198564565e+01
3.590740211488996891e+01,2.714098359865149845e+01
3.592740783080880362e+01,2.765589586778338216e+01
3.594741354672763833e+01,2.575459954145128805e+01
3.596741926264647304e+01,2.602491223856058866e+01
3.598742497856530065e+01,2.440662035347196834e+01
3.600743069448414246e+01,2.401517511458590448e+01
3.602743641040297007e+01,2.373409548090205234e+01
3.604744212632181188e+01,2.492745578344095847e+01
3.606744784224063949e+01,2.392457208604184515e+01
3.608745355815947420e+01,2.342747160605220103e+01
3.610745927407830891e+01,2.326372910388191428e+01
3.612746498999714362e+01,2.429742981570868920e+01
3.614747070591597833e+01,2.406864215392048933e+01
3.616747642183481304e+01,2.476071555643772726e+01
3.618748213775364775e+01,2.478938059061968247e+01
3.620748785367247535e+01,2.637781291503143422e+01
3.622749356959131717e+01,2.699965336930957704e+01
3.624749928551014477e+01,2.751076948516842080e+01
3.626750500142897948e+01,2.850442616262779794e+01
3.628751071734781419e+01,2.927652551850641771e+01
3.630751643326664890e+01,3.018556887346311512e+01
3.632752214918548361e+01,3.086349969671795179e+01
3.634752786510431832e+01,3.243612320723246967e+01
3.636753358102315303e+01,3.208738020525046863e+01
3.638753929694198064e+01,3.363957445641926824e+01
3.640754501286082245e+01,3.516137888655730848e+01
3.642755072877965006e+01,3.694986343787729766e+01
3.644755644469849187e+01,3.822953633557097675e+01
3.646756216061731948e+01,3.980184576128044682e+01
3.648756787653615419e+01,4.248806299265112330e+01
3.650757359245498890e+01,4.392613289312637193e+01
3.652757930837382361e+01,4.475547803695448579e+01
3.654758502429265832e+01,4.644107834821164715e+01
3.656759074021148592e+01,4.822902569552857699e+01
3.658759645613032774e+01,4.994455013068699856e+01
3.660760217204915534e+01,5.280430014358461932e+01
3.662760788796799716e+01,5.319877967539951413e+01
3.664761360388682476e+01,5.566020721941653449e+01
3.666761931980565947e+01,5.654417428147569069e+01
3.668762503572449418e+01,5.933117094009060821e+01
3.670763075164332889e+01,5.956071676504644330e+01
3.672763646756216360e+01,6.067216472694332907e+01
3.674764218348099121e+01,6.333414451239539744e+01
3.676764789939983302e+01,6.389074944167256120e+01
3.678765361531866063e+01,6.453962803935777970e+01
3.680765933123750244e+01,6.550577622821552382e+01
3.682766504715633005e+01,6.475202746260096376e+01
3.684767076307516476e+01,6.574707947783996076e+01
3.686767647899399947e+01,6.647669185324822649e+01
3.688768219491283418e+01,6.690254716442470340e+01
3.690768791083166889e+01,6.578833845806809677e+01
3.692769362675049649e+01,6.724804039982817017e+01
3.694769934266933831e+01,6.730033936855760146e+01
3.696770505858816591e+01,6.638675288421633525e+01
3.698771077450700773e+01,6.645245379962904053e+01
3.700771649042583533e+01,6.512031638236543074e+01
3.702772220634467004e+01,6.486416237338760027e+01
3.704772792226350475e+01,6.587082269245652810e+01
3.706773363818233946e+01,6.570836456795555591e+01
3.708773935410117417e+01,6.610398091015755995e+01
3.710774507002000888e+01,6.639898049179359418e+01
3.712775078593884359e+01,6.570185166345395089e+01
3.714775650185767120e+01,6.672919268786203872e+01
3.716776221777651301e+01,6.670453934672863738e+01
3.718776793369534062e+01,6.599499508316959862e+01
3.720777364961417533e+01,6.605066814383668827e+01
3.722777936553301004e+01,6.767709837279051044e+01
3.724778508145184475e+01,6.821612960875066278e+01
3.726779079737067946e+01,6.800473058426879902e+01
3.728779651328951417e+01,6.817725486396810197e+01
3.730780222920834888e+01,6.855695903218641263e+01
3.732780794512717648e+01,6.941872977501421360e+01
3.734781366104601830e+01,6.807129597194844450e+01
3.736781937696484590e+01,6.935599465125007157e+01
3.738782509288368772e+01,7.012242593187117734e+01
3.740783080880251532e+01,6.973154715384988833e+01
3.742783652472135003e+01,6.856789495360101228e+01
3.744784224064018474e+01,6.934397654429483282e+01
3.746784795655901945e+01,6.927435420676731326e+01
3.748785367247785416e+01,6.999161203900449379e+01
3.750785938839668177e+01,7.021833244695838516e+01
3.752786510431552358e+01,6.882804303558772574e+01
3.754787082023435119e+01,6.964170808241617294e+01
3.756787653615319300e+01,6.912987954557146963e+01
3.758788225207202061e+01,6.799012003224751766e+01
3.760788796799085532e+01,6.942481721853178556e+01
3.762789368390969003e+01,6.822519365668411240e+01
3.764789939982852474e+01,6.796274026804874779e+01
3.766790511574735945e+01,6.755173715138153057e+01
3.768791083166618705e+01,6.793381691796938071e+01
3.770791654758502887e+01,6.731328800037415760e+01
3.772792226350385647e+01,6.592562718101942210e+01
3.774792797942269829e+01,6.648907971015508167e+01
3.776793369534152589e+01,6.544475943689046460e+01
3.778793941126036060e+01,6.506857749388565537e+01
3.780794512717919531e+01,6.378477137148557574e+01
3.782795084309803002e+01,6.357259317295723378e+01
3.784795655901686473e+01,6.356659881124822675e+01
3.786796227493569234e+01,6.278629700354822774e+01
3.788796799085453415e+01,6.074690550032580916e+01
3.790797370677336176e+01,6.112977264495646068e+01
3.792797942269220357e+01,6.018494983313491531e+01
3.794798513861103118e+01,6.001889100785680853e+01
3.796799085452986589e+01,5.964131960287082279e+01
3.798799657044870060e+01,5.751876823791437943e+01
3.800800228636753531e+01,5.692971038693673336e+01
3.802800800228637002e+01,5.590421431239440153e+01
3.804801371820520473e+01,5.472163179653308163e+01
3.806801943412403944e+01,5.518534489770743079e+01
3.808802515004286704e+01,5.341968815159824402e+01
3.810803086596170886e+01,5.225937069774427357e+01
3.812803658188053646e+01,5.070979361948693054e+01
3.814804229779937117e+01,5.061939069363141641e+01
3.816804801371820588e+01,4.960344506473076365e+01
3.818805372963704059e+01,4.789112198262325393e+01
3.820805944555587530e+01,4.563531348725776127e+01
3.822806516147471001e+01,4.590318080670764544e+01
3.824807087739354472e+01,4.397623773808241765e+01
3.826807659331237232e+01,4.418361643275810025e+01
3.828808230923121414e+01,4.349678134217398906e+01
3.830808802515004174e+01,4.293936734042345194e+01
3.832809374106888356e+01,4.121296196729804251e+01
3.834809945698771116e+01,4.075410770849206443e+01
3.836810517290654587e+01,4.160969423545902401e+01
3.838811088882538058e+01,4.206751533783057795e+01
3.840811660474421529e+01,4.108701997197348277e+01
3.842812232066305000e+01,4.143772197483157527e+01
3.844812803658187761e+01,4.220350255261779893e+01
3.846813375250071942e+01,4.194907794863228645e+01
3.848813946841954703e+01,4.376991835456446012e+01
3.850814518433838884e+01,4.341343171979117699e+01
3.852815090025721645e+01,4.550131143136043477e+01
3.854815661617605116e+01,4.575875152466092288e+01
3.856816233209488587e+01,4.753238565812488758e+01
3.858816804801372058e+01,4.897234689035742861e+01
3.860817376393255529e+01,4.899736267914033050e+01
3.862817947985138289e+01,5.178453991047347671e+01
3.864818519577022471e+01,5.220358240358547874e+01
3.866819091168905231e+01,5.420222939564638409e+01
3.868819662760789413e+01,5.498572879463961982e+01
3.870820234352672173e+01,5.701245389224643390e+01
3.872820805944555644e+01,5.790391915828218572e+01
3.874821377536439115e+01,5.938581576463644041e+01
3.876821949128322586e+01,5.995321669648142660e+01
3.878822520720206057e+01,6.037526589828809165e+01
3.880823092312088818e+01,6.203997805792479880e+01
3.882823663903972999e+01,6.301958973982923595e+01
3.884824235495855760e+01,6.463254507908726509e+01
3.886824807087739941e+01,6.383723754477978929e+01
3.888825378679622702e+01,6.498454012544272018e+01
3.890825950271506173e+01,6.508860909662971039e+01
3.892826521863389644e+01,6.616729194375817258e+01
3.894827093455273115e+01,6.671681956207494579e+01
3.896827665047156586e+01,6.647430092133349433e+01
3.898828236639040057e+01,6.684007809823934565e+01
3.900828808230923528e+01,6.665435855891043104e+01
3.902829379822806288e+01,6.603776846068444684e+01
3.904829951414690470e+01,6.557710140589992420e+01
3.906830523006573230e+01,6.445943250382262590e+01
3.908831094598456701e+01,6.536041659272500226e+01
3.910831666190340172e+01,6.347116012006024022e+01
3.912832237782223643e+01,6.411893833177755653e+01
3.914832809374107114e+01,6.189659004569492140e+01
3.916833380965990585e+01,6.281802374350731810e+01
3.918833952557874056e+01,6.208059920546717336e+01
3.920834524149756817e+01,6.030718264089019698e+01
3.922835095741640998e+01,5.989611866937841711e+01
3.924835667333523759e+01,6.039197373212864051e+01
3.926836238925407940e+01,6.081184814732321087e+01
3.928836810517290701e+01,5.911065909566428189e+01
3.930837382109174172e+01,6.033669111010733843e+01
3.932837953701057643e+01,5.888244878764527357e+01
3.934838525292941114e+01,5.946728636472128926e+01
3.936839096884824585e+01,5.865796192300341971e+01
3.938839668476707345e+01,5.895313646279587516e+01
3.940840240068591527e+01,5.831106765134524750e+01
3.942840811660474287e+01,5.920062066620563712e+01
3.944841383252358469e+01,5.755292744676150107e+01
3.946841954844241229e+01,5.743343787981462611e+01
3.948842526436124700e+01,5.808898079908967560e+01
3.950843098028008171e+01,5.702687705563170084e+01
3.952843669619891642e+01,5.718078420099006109e+01
3.954844241211775113e+01,5.486957698147138274e+01
3.956844812803657874e+01,5.426943571340122219e+01
3.958845384395542055e+01,5.343704954814433705e+01
3.960845955987424816e+01,5.336867638311041873e+01
3.962846527579308997e+01,5.091656843408388511e+01
3.964847099171191758e+01,5.078467408797027360e+01
3.966847670763075229e+01,4.968238309329329638e+01
3.968848242354958700e+01,4.828659904335773945e+01
3.970848813946842171e+01,4.759727145649368651e+01
3.972849385538725642e+01,4.676922582328954547e+01
3.974849957130608402e+01,4.598822578431187935e+01
3.976850528722492584e+01,4.328136794075557248e+01
3.978851100314375344e+01,4.328942894376817208e+01
3.980851671906259526e+01,4.316182618962088924e+01
3.982852243498142286e+01,4.088312622326344581e+01
3.984852815090025757e+01,4.170582572267981192e+01
3.986853386681909228e+01,4.082294812185520527e+01
3.988853958273792699e+01,4.119206652363305210e+01
3.990854529865676170e+01,4.114569824839827561e+01
3.992855101457559641e+01,4.119492566547951640e+01
3.994855673049443112e+01,4.132404545758991077e+01
3.996856244641325873e+01,4.145178967718922536e+01
3.998856816233210054e+01,4.143037491064908551e+01
4.000857387825092815e+01,4.249599316676582106e+01
4.002857959416976286e+01,4.368932464957858741e+01
4.004858531008859757e+01,4.426243345663081641e+01
4.006859102600743228e+01,4.577118335909955960e+01
4.008859674192626699e+01,4.752483792362579607e+01
4.010860245784510170e+01,4.890676874967948606e+01
4.012860817376393641e+01,4.963231329589144281e+01
4.014861388968276401e+01,5.127384317067568276e+01
4.016861960560160583e+01,5.466947256639163299e+01
4.018862532152043343e+01,5.629643802627145988e+01
4.020863103743927525e+01,5.952586233436255725e+01
4.022863675335810285e+01,6.209231519103724395e+01
4.024864246927693756e+01,6.349253235577503318e+01
4.026864818519577227e+01,6.665216615429014269e+01
4.028865390111460698e+01,6.951214506248362568e+01
4.030865961703344169e+01,7.162071621246586517e+01
4.032866533295226930e+01,7.468586213684343988e+01
4.034867104887111111e+01,7.710744072796026671e+01
4.036867676478993872e+01,7.901628367135525366e+01
4.038868248070878053e+01,8.227990779573777047e+01
4.040868819662760814e+01,8.267867249448700306e+01
4.042869391254644285e+01,8.615069725502928577e+01
4.044869962846527756e+01,8.679741238623607558e+01
4.046870534438411227e+01,8.806393277142730369e+01
4.048871106030294698e+01,8.896672704899252437e+01
4.050871677622177458e+01,9.019034753011229100e+01
4.052872249214061640e+01,9.026843883140956848e+01
4.054872820805944400e+01,8.994786380986502650e+01
4.056873392397828582e+01,9.009340122307348508e+01
4.058873963989711342e+01,8.823307201356661267e+01
4.060874535581594813e+01,8.787039379290547458e+01
4.062875107173478284e+01,8.622854601674200126e+01
4.064875678765361755e+01,8.366642003872999567e+01
4.066876250357245226e+01,8.152176872653372186e+01
4.068876821949127986e+01,8.062920382468089997e+01
4.070877393541012168e+01,7.737462780606752233e+01
4.072877965132894929e+01,7.497396355674713675e+01
4.074878536724779110e+01,7.346846638401513019e+01
4.076879108316661871e+01,7.152970822123226924e+01
4.078879679908545342e+01,6.790667058170299697e+01
4.080880251500428813e+01,6.635480057736972981e+01
4.082880823092312284e+01,6.334052260343523955e+01
4.084881394684195755e+01,6.118799276733841452e+01
4.086881966276079226e+01,5.999349890157692755e+01
4.088882537867962697e+01,5.663195027889108246e+01
4.090883109459845457e+01,5.491049265383891509e+01
4.092883681051729639e+01,5.456385946881539439e+01
4.094884252643612399e+01,5.335668032687954110e+01
4.096884824235495870e+01,5.155157241088561193e+01
4.098885395827379341e+01,4.948138572980152361e+01
4.100885967419262812e+01,4.911272298584491125e+01
4.102886539011146283e+01,4.908940078757281356e+01
4.104887110603029754e+01,4.897410452372907486e+01
4.106887682194913225e+01,4.768658763284964408e+01
4.108888253786795985e+01,4.700316404482934729e+01
4.110888825378680167e+01,4.806015831615152223e+01
4.112889396970562927e+01,4.867803708883677416e+01
4.114889968562447109e+01,4.815092924676891073e+01
4.116890540154329869e+01,4.872981131456961634e+01
4.118891111746213340e+01,4.959837820896039062e+01
4.120891683338096811e+01,4.968222341624250049e+01
4.122892254929980282e+01,4.939627928643141530e+01
4.124892826521863753e+01,5.140760729112781746e+01
4.126893398113746514e+01,5.108113601914035229e+01
4.128893969705630695e+01,5.234116380365608023e+01
4.130894541297513456e+01,5.316767720210670234e+01
4.132895112889397637e+01,5.321919104272256362e+01
4.134895684481280398e+01,5.291174857684056576e+01
4.136896256073163869e+01,5.301867595333961702e+01
4.138896827665047340e+01,5.476112083545474718e+01
4.140897399256930811e+01,5.465073693242894848e+01
4.142897970848814282e+01,5.392488122355428004e+01
4.144898542440697042e+01,5.466650258423893405e+01
4.146899114032581224e+01,5.426222184694641726e+01
4.148899685624463984e+01,5.274266935804431711e+01
4.150900257216348166e+01,5.287524656232088205e+01
4.152900828808230926e+01,5.204138637084654562e+01
4.154901400400114397e+01,5.185873528917064590e+01
4.156901971991997868e+01,5.085589589175869918e+01
4.158902543583881339e+01,5.038262360650922744e+01
4.160903115175764810e+01,5.019182595334053332e+01
4.162903686767647571e+01,4.895393254490830515e+01
4.164904258359531752e+01,4.920294239399660086e+01
4.166904829951414513e+01,4.761518684280795100e+01
4.168905401543298694e+01,4.795678816247679066e+01
4.170905973135181455e+01,4.766202699995280767e+01
4.172906544727064926e+01,4.691523342265709573e+01
4.174907116318948397e+01,4.668979385339958554e+01
4.176907687910831868e+01,4.603627453569460215e+01
4.178908259502715339e+01,4.578023359719062313e+01
4.180908831094598810e+01,4.492557767735964802e+01
4.182909402686482281e+01,4.624223701204385151e+01
4.184909974278365041e+01,4.623555190640492185e+01
4.186910545870249223e+01,4.631666215364442252e+01
4.188911117462131983e+01,4.531514012361786570e+01
4.190911689054015454e+01,4.602201894998066223e+01
4.192912260645898925e+01,4.558293340400891225e+01
4.194912832237782396e+01,4.521785517008178346e+01
4.196913403829665867e+01,4.633813447066272317e+01
4.198913975421549338e+01,4.488901419748420096e+01
4.200914547013432809e+01,4.588786965355460268e+01
4.202915118605316280e+01,4.427051440736636323e+01
4.204915690197199041e+01,4.456097804585576228e+01
4.206916261789082512e+01,4.430188428084046848e+01
4.208916833380965983e+01,4.344405591641464781e+01
4.210917404972849454e+01,4.361304185130587285e+01
4.212917976564732925e+01,4.167272362254323070e+01
4.214918548156616396e+01,4.041493651939971699e+01
4.216919119748499867e+01,4.060290345848765980e+01
4.218919691340383338e+01,3.793967056878052091e+01
4.220920262932266809e+01,3.748622126028938339e+01
4.222920834524150280e+01,3.532608268165204635e+01
4.224921406116033040e+01,3.569646390004434977e+01
4.226921977707916511e+01,3.308217283829063149e+01
4.228922549299799982e+01,3.281515209535689337e+01
4.230923120891683453e+01,3.041016209681398763e+01
4.232923692483566924e+01,2.937708449625111129e+01
4.234924264075450395e+01,2.733953759377613935e+01
4.236924835667333866e+01,2.575227999983114202e+01
4.238925407259217337e+01,2.583321602489224489e+01
4.240925978851100808e+01,2.459078180311484374e+01
4.242926550442983569e+01,2.262494787562046739e+01
4.244927122034867040e+01,2.106997053558870903e+01
4.246927693626750511e+01,2.056307586894296691e+01
4.248928265218633982e+01,1.922441825515775804e+01
4.250928836810517453e+01,1.840489564622577490e+01
4.252929408402400924e+01,1.796879575987971478e+01
4.254929979994284395e+01,1.641507855206813460e+01
4.256930551586167866e+01,1.649178092505515991e+01
4.258931123178051337e+01,1.569294043979157571e+01
4.260931694769934097e+01,1.547439387364589969e+01
4.262932266361817568e+01,1.552911122697729951e+01
4.264932837953701039e+01,1.529210894216909900e+01
4.266933409545584510e+01,1.405734671191215490e+01
4.268933981137467981e+01,1.349572914924960010e+01
4.270934552729351452e+01,1.398771527311856389e+01
4.272935124321234923e+01,1.337334134803323415e+01
4.274935695913118394e+01,1.307174861252798514e+01
4.276936267505001865e+01,1.292473435644329349e+01
4.278936839096885336e+01,1.260855312007726248e+01
4.280937410688768097e+01,1.305684518252559378e+01
4.282937982280651568e+01,1.114115838879617293e+01
4.284938553872535039e+01,1.263240178832475813e+01
4.286939125464418510e+01,1.250005058638266853e+01
4.288939697056301981e+01,1.250120313480386258e+01
4.290940268648185452e+01,1.091268228427054865e+01
4.292940840240068923e+01,1.190714238781271561e+01
4.294941411831952394e+01,1.179374145891987524e+01
4.296941983423835865e+01,1.190331784669347215e+01
4.298942555015718625e+01,1.100768465979508370e+01
4.300943126607602096e+01,1.069119815821625075e+01
4.302943698199485567e+01,1.070962902023400787e+01
4.304944269791369038e+01,1.102865087944128852e+01
4.306944841383252509e+01,1.118988980241626763e+01
4.308945412975135980e+01,1.211095034139316695e+01
4.310945984567019451e+01,1.082017248835041912e+01
4.312946556158902922e+01,1.146038396826290651e+01
4.314947127750786393e+01,1.088723330413525048e+01
4.316947699342669864e+01,1.249226892881694262e+01
4.318948270934552625e+01,1.266769718829715785e+01
4.320948842526436096e+01,1.123932486041703527e+01
4.322949414118319567e+01,1.204462403536112447e+01
4.324949985710203038e+01,1.152039786675595501e+01
4.326950557302086509e+01,1.341287954340841715e+01
4.328951128893969980e+01,1.240258124939749962e+01
4.330951700485853451e+01,1.333238449886425236e+01
4.332952272077736922e+01,1.404331801607514230e+01
4.334952843669620393e+01,1.330728971213838818e+01
4.336953415261503153e+01,1.315632826410647027e+01
4.338953986853386624e+01,1.527177768849419337e+01
4.340954558445270095e+01,1.518445718019116697e+01
4.342955130037153566e+01,1.497850220409039679e+01
4.344955701629037037e+01,1.611107406398734199e+01
4.346956273220920508e+01,1.605167287910272478e+01
4.348956844812803979e+01,1.722392803417737994e+01
4.350957416404687450e+01,1.796736705272384427e+01
4.352957987996570921e+01,1.804595805952738274e+01
4.354958559588453681e+01,1.825528707801920092e+01
4.356959131180337153e+01,1.945648663688906765e+01
4.358959702772220624e+01,2.021621380561097325e+01
4.360960274364104095e+01,2.088140010837784288e+01
4.362960845955987566e+01,2.159903602938168632e+01
4.364961417547871037e+01,2.098572390021025313e+01
4.366961989139754508e+01,2.256165108621795312e+01
4.368962560731637979e+01,2.255130722566226709e+01
4.370963132323521450e+01,2.436031012107541827e+01
4.372963703915404921e+01,2.385241187137127739e+01
4.374964275507287681e+01,2.386386780131583762e+01
4.376964847099171152e+01,2.526695900564375918e+01
4.378965418691054623e+01,2.470014385147432634e+01
4.380965990282938094e+01,2.527682738382002015e+01
4.382966561874821565e+01,2.675643608473331270e+01
4.384967133466705036e+01,2.675326545412885793e+01
4.386967705058588507e+01,2.771408413477852761e+01
4.388968276650471978e+01,2.786113146647082317e+01
4.390968848242355449e+01,2.779895487340027671e+01
4.392969419834238209e+01,2.679016621088022632e+01
4.394969991426121680e+01,2.788104847580220991e+01
4.396970563018005151e+01,2.842343206475845463e+01
4.398971134609888622e+01,2.798121875314139828e+01
4.400971706201772093e+01,2.768764482751390688e+01
4.402972277793655564e+01,2.723592961143498314e+01
4.404972849385539035e+01,2.694335003379434923e+01
4.406973420977422506e+01,2.815699733725029574e+01
4.408973992569305977e+01,2.666672600771972768e+01
4.410974564161189448e+01,2.601778370021596132e+01
4.412975135753072209e+01,2.571692550680754508e+01
4.414975707344955680e+01,2.571421596069733795e+01
4.416976278936839151e+01,2.636323964364367001e+01
4.418976850528722622e+01,2.506297561448257127e+01
4.420977422120606093e+01,2.528398388357329551e+01
4.422977993712489564e+01,2.434763366779923288e+01
4.424978565304373035e+01,2.413914318707128359e+01
4.426979136896256506e+01,2.325834897720813288e+01
4.428979708488139977e+01,2.179209817125844140e+01
4.430980280080022737e+01,2.258966529932474998e+01
4.432980851671906208e+01,2.067593846614184017e+01
4.434981423263789679e+01,2.139248504515199301e+01
4.436981994855673150e+01,2.110183743626521036e+01
4.438982566447556621e+01,2.103420304235091010e+01
4.440983138039440092e+01,1.960120011550217001e+01
4.442983709631323563e+01,1.918136388529770997e+01
4.444984281223207034e+01,1.858093459721922258e+01
4.446984852815090505e+01,1.841831985668146388e+01
4.448985424406973266e+01,1.960426422041305727e+01
4.450985995998856737e+01,1.824383660398320828e+01
4.452986567590740208e+01,1.820410752472755789e+01
4.454987139182623679e+01,1.794744266490762641e+01
4.456987710774507150e+01,1.928605177621333056e+01
4.458988282366390621e+01,1.920418351105039534e+01
4.460988853958274092e+01,1.861077556365144403e+01
4.462989425550157563e+01,1.895316306537175421e+01
4.464989997142041034e+01,1.829434904233913883e+01
4.466990568733924505e+01,1.846023538889016891e+01
4.468991140325807265e+01,1.846060918540405282e+01
4.470991711917690736e+01,2.022070023230005020e+01
4.472992283509574207e+01,2.013635197191823067e+01
4.474992855101457678e+01,1.991857619668725476e+01
4.476993426693341149e+01,1.927428234720860090e+01
4.478993998285224620e+01,2.005583781708294566e+01
4.480994569877108091e+01,1.970258803278454351e+01
4.482995141468991562e+01,1.967274313696981380e+01
4.484995713060875033e+01,1.938223609809150361e+01
4.486996284652757794e+01,2.062296446977430620e+01
4.488996856244641265e+01,2.015692165390221646e+01
4.490997427836524736e+01,1.954575493956818377e+01
4.492997999428408207e+01,1.864371394343418231e+01
4.494998571020291678e+01,1.979559454332101254e+01
4.496999142612175149e+01,1.922987923259965370e+01
4.498999714204058620e+01,1.806006982357947166e+01
4.501000285795942091e+01,1.815162792235045330e+01
4.503000857387825562e+01,1.808084986478691647e+01
4.505001428979709033e+01,1.762460375604442930e+01
4.507002000571591793e+01,1.722931954589531145e+01
4.509002572163475264e+01,1.743776685497041967e+01
4.511003143755358735e+01,1.711797251255781660e+01
4.513003715347242206e+01,1.680067887579484776e+01
4.515004286939125677e+01,1.649954671315083488e+01
4.517004858531009148e+01,1.631335066027594394e+01
4.519005430122892619e+01,1.500188628379018319e+01
4.521006001714776090e+01,1.558630050081299778e+01
4.523006573306659561e+01,1.592973714977765276e+01
4.525007144898542322e+01,1.538139003976587027e+01
4.527007716490425793e+01,1.524408320568149655e+01
4.529008288082309264e+01,1.427291104652346476e+01
4.531008859674192735e+01,1.455438478479934439e+01
4.533009431266076206e+01,1.590592539759304813e+01
4.535010002857959677e+01,1.608621311058746528e+01
4.537010574449843148e+01,1.598608419087266697e+01
4.539011146041726619e+01,1.506847305778293844e+01
4.541011717633610090e+01,1.487961768337947532e+01
4.543012289225492850e+01,1.578567025254142386e+01
4.545012860817376321e+01,1.563321291615871900e+01
4.547013432409259792e+01,1.662646859796197418e+01
4.549014004001143263e+01,1.562520241825830425e+01
4.551014575593026734e+01,1.731912560563392844e+01
4.553015147184910205e+01,1.770272264226490222e+01
4.555015718776793676e+01,1.653287710323807502e+01
4.557016290368677147e+01,1.643633556565096043e+01
4.559016861960560618e+01,1.685532171079266917e+01
4.561017433552444089e+01,1.731428996446139834e+01
4.563018005144326850e+01,1.780155446904638694e+01
4.565018576736210321e+01,1.787511612973260711e+01
4.567019148328093792e+01,1.812141957764103140e+01
4.569019719919977263e+01,1.979419901206191668e+01
4.571020291511860734e+01,1.919067216084185645e+01
4.573020863103744205e+01,1.969231659813575774e+01
4.575021434695627676e+01,1.936790786989932656e+01
4.577022006287511147e+01,1.922169803854018966e+01
4.579022577879394618e+01,2.043753095654840379e+01
4.581023149471277378e+01,2.155092601075799053e+01
4.583023721063160849e+01,2.140650599456635206e+01
4.585024292655044320e+01,2.065582943375462577e+01
4.587024864246927791e+01,2.240321483828730820e+01
4.589025435838811262e+01,2.131429445382712728e+01
4.591026007430694733e+01,2.140280561753674959e+01
4.593026579022578204e+01,2.260366394731998696e+01
4.595027150614461675e+01,2.320214333162038045e+01
4.597027722206345146e+01,2.209519315047852572e+01
4.599028293798228617e+01,2.277551638721580574e+01
4.601028865390111378e+01,2.267021356286115719e+01
4.603029436981994849e+01,2.161401757792831901e+01
4.605030008573878320e+01,2.270457652367979406e+01
4.607030580165761791e+01,2.235707943690844601e+01
4.609031151757645262e+01,2.137947334119386156e+01
4.611031723349528733e+01,2.199245775225383426e+01
4.613032294941412204e+01,2.138342494969357332e+01
4.615032866533295675e+01,2.059044684708172213e+01
4.617033438125179146e+01,2.070043805782379565e+01
4.619034009717061906e+01,2.000517213557714413e+01
4.621034581308945377e+01,2.058392985797305386e+01
4.623035152900828848e+01,1.979188188164231832e+01
4.625035724492712319e+01,1.919151167344458031e+01
4.627036296084595790e+01,1.836052696328759026e+01
4.629036867676479261e+01,1.800173659863229503e+01
4.631037439268362732e+01,1.734511675043031076e+01
4.633038010860246203e+01,1.828427787883139999e+01
4.635038582452129674e+01,1.684748854654912975e+01
4.637039154044012434e+01,1.628564839343219006e+01
4.639039725635895905e+01,1.747141368371540793e+01
4.641040297227779376e+01,1.649036313685473942e+01
4.643040868819662847e+01,1.537251248190543329e+01
4.645041440411546319e+01,1.608729686979514284e+01
4.647042012003429790e+01,1.528512987334739037e+01
4.649042583595313261e+01,1.614012812021259080e+01
4.651043155187196732e+01,1.508001420274403337e+01
4.653043726779080203e+01,1.503623255565528360e+01
4.655044298370963674e+01,1.548793710164607162e+01
4.657044869962846434e+01,1.435614407651899960e+01
4.659045441554729905e+01,1.355347911655202964e+01
4.661046013146613376e+01,1.363376415406156283e+01
4.663046584738496847e+01,1.307850316638361221e+01
4.665047156330380318e+01,1.309485253940154692e+01
4.667047727922263789e+01,1.421780207978535771e+01
4.669048299514147260e+01,1.398625126901486837e+01
4.671048871106030731e+01,1.414933460029785373e+01
4.673049442697914202e+01,1.353158567610199547e+01
4.675050014289796962e+01,1.261337973646538835e+01
4.677050585881680433e+01,1.373033315872166682e+01
4.679051157473563904e+01,1.296714461605509605e+01
4.681051729065447375e+01,1.221949986513039654e+01
4.683052300657330846e+01,1.289090188479685217e+01
4.685052872249214317e+01,1.345218856561094078e+01
4.687053443841097788e+01,1.347426475045621785e+01
4.689054015432981259e+01,1.310743417497963215e+01
4.691054587024864730e+01,1.249462439181632156e+01
4.693055158616748201e+01,1.200684848552929296e+01
4.695055730208630962e+01,1.309276986332277382e+01
4.697056301800514433e+01,1.179467410643145264e+01
4.699056873392397904e+01,1.216133251736498266e+01
4.701057444984281375e+01,1.287573191601788913e+01
4.703058016576164846e+01,1.215947545185953338e+01
4.705058588168048317e+01,1.174494128889221223e+01
4.707059159759931788e+01,1.222992457934577715e+01
4.709059731351815259e+01,1.188977354436001299e+01
4.711060302943698730e+01,1.294247073460872421e+01
4.713060874535581490e+01,1.255592218184876430e+01
4.715061446127464961e+01,1.158914572797569242e+01
4.717062017719348432e+01,1.182645339585988609e+01
4.719062589311231903e+01,1.208333654373503485e+01
4.721063160903115374e+01,1.260226436384289173e+01
4.723063732494998845e+01,1.239480146125065652e+01
4.725064304086882316e+01,1.270982449328427855e+01
4.727064875678765787e+01,1.296525324102862520e+01
4.729065447270649258e+01,1.272477667268823787e+01
4.731066018862532019e+01,1.186590519023713775e+01
4.733066590454415490e+01,1.270414680036355115e+01
4.735067162046298961e+01,1.336559939478216208e+01
4.737067733638182432e+01,1.361841854780358219e+01
4.739068305230065903e+01,1.273886459367427726e+01
4.741068876821949374e+01,1.222598455498219217e+01
4.743069448413832845e+01,1.251542518500680146e+01
4.745070020005716316e+01,1.239870845885495498e+01
4.747070591597599787e+01,1.261470689537448386e+01
4.749071163189483258e+01,1.316040515506461261e+01
4.751071734781366018e+01,1.336745397919964518e+01
4.753072306373249489e+01,1.299682131353139880e+01
4.755072877965132960e+01,1.422382679179585452e+01
4.757073449557016431e+01,1.382393903548570258e+01
4.759074021148899902e+01,1.464863396783482052e+01
4.761074592740783373e+01,1.318414861002689520e+01
4.763075164332666844e+01,1.394977263227939090e+01
4.765075735924550315e+01,1.337086526861976132e+01
4.767076307516433786e+01,1.362873522993447395e+01
4.769076879108316547e+01,1.395788884563963883e+01
4.771077450700200018e+01,1.342153520867199390e+01
4.773078022292083489e+01,1.457394785973352036e+01
4.775078593883966960e+01,1.357301137796048707e+01
4.777079165475850431e+01,1.404106900106876132e+01
4.779079737067733902e+01,1.373338016877841739e+01
4.781080308659617373e+01,1.401523813936470830e+01
4.783080880251500844e+01,1.434706065126768948e+01
4.785081451843384315e+01,1.433239152402160599e+01
4.787082023435267075e+01,1.348791445395206168e+01
4.789082595027150546e+01,1.260004968602068764e+01
4.791083166619034017e+01,1.307036837834031040e+01
4.793083738210917488e+01,1.300191253467666463e+01
4.795084309802800959e+01,1.300914637121915973e+01
4.797084881394684430e+01,1.162258455560505332e+01
4.799085452986567901e+01,1.182236614510909867e+01
4.801086024578451372e+01,1.257503165110329668e+01
4.803086596170334843e+01,1.114890413921582102e+01
4.805087167762218314e+01,1.208707765282620450e+01
4.807087739354101075e+01,1.048111197810368900e+01
4.809088310945984546e+01,1.109639056544968660e+01
4.811088882537868017e+01,1.077735540237880230e+01
4.813089454129751488e+01,1.117640168237302767e+01
4.815090025721634959e+01,1.049687591977049372e+01
4.817090597313518430e+01,1.091266443382338203e+01
4.819091168905401901e+01,9.449773625654380282e+00
4.821091740497285372e+01,1.024983934259500096e+01
4.823092312089168843e+01,9.750210641555668190e+00
4.825092883681051603e+01,1.001489326781053713e+01
4.827093455272935074e+01,9.713357280150370698e+00
4.829094026864818545e+01,1.064135977681242728e+01
4.831094598456702016e+01,9.838476796843526273e+00
4.833095170048585487e+01,9.679896331460389192e+00
4.835095741640468958e+01,1.060567333834974413e+01
4.837096313232352429e+01,9.862217360423695567e+00
4.839096884824235900e+01,1.028602754416315079e+01
4.841097456416119371e+01,1.049121332862708300e+01
4.843098028008002842e+01,1.041332599172204709e+01
4.845098599599885603e+01,9.974831031304397300e+00
4.847099171191769074e+01,1.021814116465953504e+01
4.849099742783652545e+01,1.080253255795266654e+01
4.851100314375536016e+01,1.119344324147249026e+01
4.853100885967419487e+01,1.088481250278259971e+01
4.855101457559302958e+01,1.029112421686815360e+01
4.857102029151186429e+01,1.034702752643209145e+01
4.859102600743069900e+01,1.003616448177767495e+01
4.861103172334953371e+01,1.086864619866788928e+01
4.863103743926836131e+01,1.151395952556443980e+01
4.865104315518719602e+01,1.076904485044127391e+01
4.867104887110603073e+01,9.796070257425000705e+00
4.869105458702486544e+01,1.079213481253793105e+01
4.871106030294370015e+01,1.039478435490304697e+01
4.873106601886253486e+01,1.131854476859301606e+01
4.875107173478136957e+01,1.017964368585978363e+01
4.877107745070020428e+01,1.089888680685134226e+01
4.879108316661903899e+01,1.081089762662345422e+01
4.881108888253786660e+01,9.450684229179849183e+00
4.883109459845670131e+01,1.099162201719310517e+01
4.885110031437553602e+01,1.098111123383122667e+01
4.887110603029437073e+01,1.028914733461633979e+01
4.889111174621320544e+01,9.743053491967309299e+00
4.891111746213204015e+01,1.010108801813276358e+01
4.893112317805087486e+01,1.027093685585132299e+01
4.895112889396970957e+01,1.011420009992976787e+01
4.897113460988854428e+01,9.878458379598621164e+00
4.899114032580737899e+01,1.048583337236712865e+01
4.901114604172620659e+01,9.188367087543703349e+00
4.903115175764504130e+01,1.076494283752721692e+01
4.905115747356387601e+01,1.107411615813588135e+01
4.907116318948271072e+01,1.104265261343054405e+01
4.909116890540154543e+01,1.079595625738765641e+01
4.911117462132038014e+01,1.157119257277090441e+01
4.913118033723921485e+01,1.053385383545522380e+01
4.915118605315804956e+01,1.154863821333815466e+01
4.917119176907688427e+01,1.054620026927123000e+01
4.919119748499571187e+01,1.064561538926795059e+01
4.921120320091454658e+01,1.170702104913812569e+01
4.923120891683338129e+01,1.272095089759378261e+01
4.925121463275221600e+01,1.160217555660956812e+01
4.927122034867105071e+01,1.364800749718155259e+01
4.929122606458988542e+01,1.254496273734692124e+01
4.931123178050872014e+01,1.414051675072257552e+01
4.933123749642755485e+01,1.350707740013612224e+01
4.935124321234638956e+01,1.409149850105171708e+01
4.937124892826522427e+01,1.463369440689652734e+01
4.939125464418405187e+01,1.559961402008874565e+01
4.941126036010288658e+01,1.444668927505884071e+01
4.943126607602172129e+01,1.469770445232832756e+01
4.945127179194055600e+01,1.472034004369641735e+01
4.947127750785939071e+01,1.643272532044008827e+01
4.949128322377822542e+01,1.622912864025228075e+01
4.951128893969706013e+01,1.545368676915014028e+01
4.953129465561589484e+01,1.708094687241076315e+01
4.955130037153472955e+01,1.674300990997151573e+01
4.957130608745355715e+01,1.638716583967760343e+01
4.959131180337239186e+01,1.653794105888898258e+01
4.961131751929122657e+01,1.598478307420760558e+01
4.963132323521006128e+01,1.554493514248022734e+01
4.965132895112889599e+01,1.648928583417698590e+01
4.967133466704773070e+01,1.503886082028363802e+01
4.969134038296656541e+01,1.509880240023617404e+01
4.971134609888540012e+01,1.570964851346236202e+01
4.973135181480423483e+01,1.528803726618480496e+01
4.975135753072306244e+01,1.477969300150240706e+01
4.977136324664189715e+01,1.441558153147294874e+01
4.979136896256073186e+01,1.465065594984893238e+01
4.981137467847956657e+01,1.483522365997435521e+01
4.983138039439840128e+01,1.365548675676918577e+01
4.985138611031723599e+01,1.423063931354938916e+01
4.987139182623607070e+01,1.404196295722850607e+01
4.989139754215490541e+01,1.288626865438935098e+01
4.991140325807374012e+01,1.278907960055056847e+01
4.993140897399257483e+01,1.293902978408121918e+01
4.995141468991140243e+01,1.334173439144785966e+01
4.997142040583023714e+01,1.296719914068141932e+01
4.999142612174907185e+01,1.197422889343605235e+01
5.001143183766790656e+01,1.271526143852201329e+01
5.003143755358674127e+01,1.155946653969821369e+01
5.005144326950557598e+01,1.231529385200963134e+01
5.007144898542441069e+01,1.083783415461634725e+01
5.009145470134324540e+01,1.154139861601230876e+01
5.011146041726208011e+01,1.059886510843859675e+01
5.013146613318090772e+01,1.194735641584452246e+01
5.015147184909974243e+01,1.151600133835731121e+01
5.017147756501857714e+01,1.156727245664472825e+01
5.019148328093741185e+01,9.846755709330420103e+00
5.021148899685624656e+01,1.031246990093880633e+01
5.023149471277508127e+01,1.067365725024022893e+01
5.025150042869391598e+01,9.472296886231150737e+00
5.027150614461275069e+01,9.536160587908268482e+00
5.029151186053158540e+01,9.702373830892430107e+00
5.031151757645042011e+01,9.387861649179203738e+00
5.033152329236924771e+01,9.877376037296492939e+00
5.035152900828808242e+01,8.447801357980987191e+00
5.037153472420691713e+01,9.878956769543769667e+00
5.039154044012575184e+01,9.634492311619597515e+00
5.041154615604458655e+01,8.283251551046548755e+00
5.043155187196342126e+01,9.253065091399200526e+00
5.045155758788225597e+01,8.426125212937483511e+00
5.047156330380109068e+01,7.949330854185068240e+00
5.049156901971992539e+01,9.453456471465194966e+00
5.051157473563875300e+01,9.308659631282903746e+00
5.053158045155758771e+01,8.824296869059852000e+00
5.055158616747642242e+01,9.378860153094619179e+00
5.057159188339525713e+01,8.544490202684924540e+00
5.059159759931409184e+01,9.386566445322412022e+00
5.061160331523292655e+01,9.351909934160598681e+00
5.063160903115176126e+01,9.127427572747286888e+00
5.065161474707059597e+01,8.243860539970087942e+00
5.067162046298943068e+01,9.011451401563975949e+00
5.069162617890825828e+01,8.091062244376795221e+00
5.071163189482709299e+01,8.002190868641283927e+00
5.073163761074592770e+01,9.493160935183587057e+00
5.075164332666476241e+01,7.970896088464312079e+00
5.077164904258359712e+01,9.335078448576989985e+00
5.079165475850243183e+01,8.593257667942109990e+00
5.081166047442126654e+01,9.500724314363537815e+00
5.083166619034010125e+01,9.433781280484760501e+00
5.085167190625893596e+01,8.854764568240586442e+00
5.087167762217777067e+01,8.135148516293805088e+00
5.089168333809659828e+01,9.104360934812293138e+00
5.091168905401543299e+01,9.475391689163217279e+00
5.093169476993426770e+01,9.634408289857905316e+00
5.095170048585310241e+01,8.529886623579484350e+00
5.097170620177193712e+01,8.799825730885173058e+00
5.099171191769077183e+01,8.319066197821088693e+00
5.101171763360960654e+01,8.588901731358841829e+00
5.103172334952844125e+01,9.554148267233063763e+00
5.105172906544727596e+01,8.767504725034799051e+00
5.107173478136610356e+01,8.685479827847364831e+00
5.109174049728493827e+01,9.751633963224891843e+00
5.111174621320377298e+01,9.018223501959244714e+00
5.113175192912260769e+01,8.976737879832912270e+00
5.115175764504144240e+01,8.968885075090287984e+00
5.117176336096027711e+01,9.000995719711800902e+00
5.119176907687911182e+01,9.952641960024907419e+00
5.121177479279794653e+01,1.051318759018299964e+01
5.123178050871678124e+01,1.005073338717178899e+01
5.125178622463561595e+01,1.113871617533656000e+01
5.127179194055444356e+01,1.111711245569679996e+01
5.129179765647327827e+01,1.008247310469083757e+01
5.131180337239211298e+01,1.051227701647652957e+01
5.133180908831094769e+01,1.171034615614231456e+01
5.135181480422978240e+01,1.120115146761839853e+01
5.137182052014861711e+01,1.091923260573505949e+01
5.139182623606745182e+01,1.166083947650053076e+01
5.141183195198628653e+01,1.229289625839886035e+01
5.143183766790512124e+01,1.204940598522270889e+01
5.145184338382394884e+01,1.215133408351611166e+01
5.147184909974278355e+01,1.268074688335806144e+01
5.149185481566161826e+01,1.234528881200003880e+01
5.151186053158045297e+01,1.281884779886575210e+01
5.153186624749928768e+01,1.343825769374794454e+01
5.155187196341812239e+01,1.403198499760116036e+01
5.157187767933695710e+01,1.393598429457007803e+01
5.159188339525579181e+01,1.331710602847978997e+01
5.161188911117462652e+01,1.281250984281157734e+01
5.163189482709345413e+01,1.449101046551834138e+01
5.165190054301228884e+01,1.406755388918650951e+01
5.167190625893112355e+01,1.334234564378581389e+01
5.169191197484995826e+01,1.354812695658553956e+01
5.171191769076879297e+01,1.251390302087735584e+01
5.173192340668762768e+01,1.329496285738135164e+01
5.175192912260646239e+01,1.284813264492672680e+01
5.177193483852529710e+01,1.219351830888769861e+01
5.179194055444413181e+01,1.210670425348515700e+01
5.181194627036296652e+01,1.309288527459128382e+01
5.183195198628179412e+01,1.152041966861724198e+01
5.185195770220062883e+01,1.276333804782625059e+01
5.187196341811946354e+01,1.115472435450961441e+01
5.189196913403829825e+01,1.213244904716743733e+01
5.191197484995713296e+01,1.077714268331507164e+01
5.193198056587596767e+01,1.128833877920113160e+01
5.195198628179480238e+01,1.090203807508085632e+01
5.197199199771363709e+01,1.164968790398172160e+01
5.199199771363247180e+01,1.032523700124914079e+01
5.201200342955129940e+01,1.019960659555853688e+01
5.203200914547013411e+01,1.121923521535910950e+01
5.205201486138896882e+01,9.603091608542609237e+00
5.207202057730780353e+01,1.120771246693208134e+01
5.209202629322663824e+01,1.021931703246630363e+01
5.211203200914547295e+01,1.047758724900100802e+01
5.213203772506430766e+01,1.113877313659618729e+01
5.215204344098314237e+01,1.079661453413781835e+01
5.217204915690197708e+01,9.467632881194852246e+00
5.219205487282081180e+01,1.084766088006629126e+01
5.221206058873963940e+01,1.013742603659368768e+01
5.223206630465847411e+01,1.021743776110230328e+01
5.225207202057730882e+01,1.089771129093090707e+01
5.227207773649614353e+01,1.114197760739778786e+01
5.229208345241497824e+01,1.072894856305194899e+01
5.231208916833381295e+01,1.086170162784786264e+01
5.233209488425264766e+01,1.030936513803576560e+01
5.235210060017148237e+01,1.068546088013660089e+01
5.237210631609031708e+01,1.160571930940814767e+01
5.239211203200914468e+01,1.230731907785001944e+01
5.241211774792797939e+01,1.181050968146961111e+01
5.243212346384681410e+01,1.287890503562611855e+01
5.245212917976564881e+01,1.178738183427564223e+01
5.247213489568448352e+01,1.267259527693212640e+01
5.249214061160331823e+01,1.399261509692319194e+01
5.251214632752215294e+01,1.378329843040528679e+01
5.253215204344098765e+01,1.406984876796716044e+01
5.255215775935982236e+01,1.437893628373072374e+01
5.257216347527864997e+01,1.437166316870645666e+01
5.259216919119748468e+01,1.549155131744930003e+01
5.261217490711631939e+01,1.601245387521515795e+01
5.263218062303515410e+01,1.669163987430124152e+01
5.265218633895398881e+01,1.736056822908049568e+01
5.267219205487282352e+01,1.776128943135333316e+01
5.269219777079165823e+01,1.901526790959099600e+01
5.271220348671049294e+01,1.958910833421088071e+01
5.273220920262932765e+01,2.049297475546291025e+01
5.275221491854816236e+01,2.125723680459535814e+01
5.277222063446698996e+01,2.250960999938649820e+01
5.279222635038582467e+01,2.481731615151775472e+01
5.281223206630465938e+01,2.560692553705571584e+01
5.283223778222349409e+01,2.678629413072821208e+01
5.285224349814232880e+01,2.805428475852385262e+01
5.287224921406116351e+01,2.995393880818275889e+01
5.289225492997999822e+01,3.123442446695781172e+01
5.291226064589883293e+01,3.354603403748113521e+01
5.293226636181766764e+01,3.473275470572696833e+01
5.295227207773649525e+01,3.622703665109000326e+01
5.297227779365532996e+01,3.825445076172665182e+01
5.299228350957416467e+01,4.021578022716451528e+01
5.301228922549299938e+01,4.023010883869505960e+01
5.303229494141183409e+01,4.215209808839756533e+01
5.305230065733066880e+01,4.286425549818718395e+01
5.307230637324950351e+01,4.480840575344765853e+01
5.309231208916833822e+01,4.563665867595961601e+01
5.311231780508717293e+01,4.544594761447923048e+01
5.313232352100600764e+01,4.715019454128428578e+01
5.315232923692483524e+01,4.627478205110545417e+01
5.317233495284366995e+01,4.777612603950111492e+01
5.319234066876250466e+01,4.678714728779084453e+01
5.321234638468133937e+01,4.638488683943494806e+01
5.323235210060017408e+01,4.572662706180735626e+01
5.325235781651900879e+01,4.497910216841112430e+01
5.327236353243784350e+01,4.378946534886000563e+01
5.329236924835667821e+01,4.231541403468701645e+01
5.331237496427551292e+01,4.153452830824340936e+01
5.333238068019434053e+01,3.979667390286567752e+01
5.335238639611317524e+01,3.860201659157865350e+01
5.337239211203200995e+01,3.577241705184244580e+01
5.339239782795084466e+01,3.388290866986994843e+01
5.341240354386967937e+01,3.276589843160599713e+01
5.343240925978851408e+01,3.160683611467147358e+01
5.345241497570734879e+01,3.085057140125420005e+01
5.347242069162618350e+01,2.797933331684689406e+01
5.349242640754501821e+01,2.797739710066930030e+01
5.351243212346384581e+01,2.662591454457901818e+01
5.353243783938268052e+01,2.470965594592646042e+01
5.355244355530151523e+01,2.483807084967251555e+01
5.357244927122034994e+01,2.313690470672014499e+01
5.359245498713918465e+01,2.166926954650320525e+01
5.361246070305801936e+01,2.145747117898403644e+01
5.363246641897685407e+01,2.030715167050228231e+01
5.365247213489568878e+01,2.048117855352388617e+01
5.367247785081452349e+01,1.964418226502014164e+01
5.369248356673335820e+01,1.896672121293730839e+01
5.371248928265218581e+01,1.824195694747879060e+01
5.373249499857102052e+01,1.775938329945233463e+01
5.375250071448985523e+01,1.844309689127901919e+01
5.377250643040868994e+01,1.734328384775986365e+01
5.379251214632752465e+01,1.809424020331339023e+01
5.381251786224635936e+01,1.778104522784007813e+01
5.383252357816519407e+01,1.771420006276411385e+01
5.385252929408402878e+01,1.641488591268300112e+01
5.387253501000286349e+01,1.706235042081048903e+01
5.389254072592169109e+01,1.651175905647277986e+01
5.391254644184052580e+01,1.710192480115643221e+01
5.393255215775936051e+01,1.665575586585047319e+01
5.395255787367819522e+01,1.601064364919902516e+01
5.397256358959702993e+01,1.678567064345954662e+01
5.399256930551586464e+01,1.566770232029886500e+01
5.401257502143469935e+01,1.673160442334245346e+01
5.403258073735353406e+01,1.634384167693943368e+01
5.405258645327236877e+01,1.641169598523393347e+01
5.407259216919120348e+01,1.642260337008326587e+01
5.409259788511003109e+01,1.535805808993309363e+01
5.411260360102886580e+01,1.632708570128574621e+01
5.413260931694770051e+01,1.630541279473891692e+01
5.415261503286653522e+01,1.600535247167020714e+01
5.417262074878536993e+01,1.651683698648726306e+01
5.419262646470420464e+01,1.611201092274209401e+01
5.421263218062303935e+01,1.616430701771549039e+01
5.423263789654187406e+01,1.522204834406461060e+01
5.425264361246070877e+01,1.440139655781087669e+01
5.427264932837953637e+01,1.552224806911425148e+01
5.429265504429837108e+01,1.439988205402555721e+01
5.431266076021720579e+01,1.500125206643637377e+01
5.433266647613604050e+01,1.477575043859762616e+01
5.435267219205487521e+01,1.597736017510999673e+01
5.437267790797370992e+01,1.440564963693068101e+01
5.439268362389254463e+01,1.431564669663293721e+01
5.441268933981137934e+01,1.523402319818491435e+01
5.443269505573021405e+01,1.481590540926081090e+01
5.445270077164904166e+01,1.556467306672884554e+01
5.447270648756787637e+01,1.597182484710046957e+01
5.449271220348671108e+01,1.465533949864111030e+01
5.451271791940554579e+01,1.585240974224493549e+01
5.453272363532438050e+01,1.438761960873256029e+01
5.455272935124321521e+01,1.566727956102960206e+01
5.457273506716204992e+01,1.480568321610009264e+01
5.459274078308088463e+01,1.582894469998559117e+01
5.461274649899971934e+01,1.537601023100854469e+01
5.463275221491855405e+01,1.562725777888295831e+01
5.465275793083738165e+01,1.542790618897115884e+01
5.467276364675621636e+01,1.482034058371459473e+01
5.469276936267505107e+01,1.533308031404314420e+01
5.471277507859388578e+01,1.560163227787135654e+01
5.473278079451272049e+01,1.570891086339351261e+01
5.475278651043155520e+01,1.548201122959204135e+01
5.477279222635038991e+01,1.526462473106458795e+01
5.479279794226922462e+01,1.553886400831232173e+01
5.481280365818805933e+01,1.401241287604276131e+01
5.483280937410688693e+01,1.419483031642856119e+01
5.485281509002572164e+01,1.522568366466648904e+01
5.487282080594455635e+01,1.460986948370833716e+01
5.489282652186339106e+01,1.493442863044304758e+01
5.491283223778222577e+01,1.346762996817362890e+01
5.493283795370106048e+01,1.458697115549850132e+01
5.495284366961989519e+01,1.467686568713962103e+01
5.497284938553872990e+01,1.331198215664716500e+01
5.499285510145756461e+01,1.359337915604993263e+01
5.501286081737639222e+01,1.429231137990455380e+01
5.503286653329522693e+01,1.253886118098082925e+01
5.505287224921406164e+01,1.338576715563718089e+01
5.507287796513289635e+01,1.200809752459646162e+01
5.509288368105173106e+01,1.291487282458752972e+01
5.511288939697056577e+01,1.246257365508993509e+01
5.513289511288940048e+01,1.305447196951062772e+01
5.515290082880823519e+01,1.206290643707476740e+01
5.517290654472706990e+01,1.291848468276928408e+01
5.519291226064590461e+01,1.233546892193261257e+01
5.521291797656473221e+01,1.174042265126289308e+01
5.523292369248356692e+01,1.242438236102835525e+01
5.525292940840240163e+01,1.266495592486273658e+01
5.527293512432123634e+01,1.293848098739976926e+01
5.529294084024007105e+01,1.137707904699569994e+01
5.531294655615890576e+01,1.141475454872680295e+01
5.533295227207774047e+01,1.268216535684914170e+01
5.535295798799657518e+01,1.281713419155715705e+01
5.537296370391540989e+01,1.320531770635069613e+01
5.539296941983423750e+01,1.206615226566841059e+01
5.541297513575307221e+01,1.222430844420430951e+01
5.543298085167190692e+01,1.404098028218812644e+01
5.545298656759074163e+01,1.297472770743580917e+01
5.547299228350957634e+01,1.500210899732122805e+01
5.549299799942841105e+01,1.494949358915916626e+01
5.551300371534724576e+01,1.513326899307033813e+01
5.553300943126608047e+01,1.611422003685742155e+01
5.555301514718491518e+01,1.668920052014097877e+01
5.557302086310374989e+01,1.681751927114271794e+01
5.559302657902257749e+01,1.738709422321840137e+01
5.561303229494141220e+01,1.740962440533360223e+01
5.563303801086024691e+01,1.754222406078062235e+01
5.565304372677908162e+01,1.808543198389874007e+01
5.567304944269791633e+01,1.940455913203847516e+01
5.569305515861675104e+01,1.982508524179673515e+01
5.571306087453558575e+01,2.066768309989681640e+01
5.573306659045442046e+01,2.100445193751799522e+01
5.575307230637325517e+01,2.136760521132006829e+01
5.577307802229208278e+01,2.145223947025036182e+01
5.579308373821091749e+01,2.272056964736723117e+01
5.581308945412975220e+01,2.281645283832954263e+01
5.583309517004858691e+01,2.255781154086401230e+01
5.585310088596742162e+01,2.398636881163487899e+01
5.587310660188625633e+01,2.385927568529529097e+01
5.589311231780509104e+01,2.379248177861610714e+01
5.591311803372392575e+01,2.431723245107083642e+01
5.593312374964276046e+01,2.416941584823469213e+01
5.595312946556158806e+01,2.336659545040350849e+01
5.597313518148042277e+01,2.331212247057261067e+01
5.599314089739925748e+01,2.180400510409265991e+01
5.601314661331809219e+01,2.180837346643603780e+01
5.603315232923692690e+01,2.127975369965157881e+01
5.605315804515576161e+01,2.050232822297213175e+01
5.607316376107459632e+01,2.038756906475709840e+01
5.609316947699343103e+01,2.126370250525547689e+01
5.611317519291226574e+01,1.913750295273809598e+01
5.613318090883110045e+01,1.850014367688061867e+01
5.615318662474992806e+01,1.939613774195156992e+01
5.617319234066876277e+01,1.815063289660287538e+01
5.619319805658759748e+01,1.740107638534896850e+01
5.621320377250643219e+01,1.682422515931650153e+01
5.623320948842526690e+01,1.693140736066773044e+01
5.625321520434410161e+01,1.646579115893865364e+01
5.627322092026293632e+01,1.584148871467171205e+01
5.629322663618177103e+01,1.504130810483226277e+01
5.631323235210060574e+01,1.489471936439066546e+01
5.633323806801943334e+01,1.559360594082390072e+01
5.635324378393826805e+01,1.528027790030233390e+01
5.637324949985710276e+01,1.475285194281500978e+01
5.639325521577593747e+01,1.435952329183145793e+01
5.641326093169477218e+01,1.335085592711232039e+01
5.643326664761360689e+01,1.420991373982064587e+01
5.645327236353244160e+01,1.432248219981206994e+01
5.647327807945127631e+01,1.377079257761006659e+01
5.649328379537011102e+01,1.368558273550564053e+01
5.651328951128894573e+01,1.216609531534717270e+01
5.653329522720777334e+01,1.316641742480958399e+01
5.655330094312660805e+01,1.200502904098225976e+01
5.657330665904544276e+01,1.321741484139658063e+01
5.659331237496427747e+01,1.310007906596996996e+01
5.661331809088311218e+01,1.282791273186015957e+01
5.663332380680194689e+01,1.223692541623407237e+01
5.665332952272078160e+01,1.309133895434482042e+01
5.667333523863961631e+01,1.289172090324273867e+01
5.669334095455845102e+01,1.169712200685172299e+01
5.671334667047727862e+01,1.239122091405442383e+01
5.673335238639611333e+01,1.205989992563837632e+01
5.675335810231494804e+01,1.212582468380619893e+01
5.677336381823378275e+01,1.216870518746940988e+01
5.679336953415261746e+01,1.213446535534194837e+01
5.681337525007145217e+01,1.131914308650816814e+01
5.683338096599028688e+01,9.936809617680104623e+00
5.685338668190912159e+01,1.080662277338105071e+01
5.687339239782795630e+01,1.044458789018912448e+01
5.689339811374678391e+01,1.039860923412535954e+01
5.691340382966561862e+01,1.097393144355773664e+01
5.693340954558445333e+01,1.073531598407039489e+01
5.695341526150328804e+01,9.236467365986916533e+00
5.697342097742212275e+01,9.510264595140720090e+00
5.699342669334095746e+01,9.003819232949529905e+00
5.701343240925979217e+01,8.853863655876249794e+00
5.703343812517862688e+01,9.799704472034774128e+00
5.705344384109746159e+01,8.706580582624422249e+00
5.707344955701629630e+01,9.298817159697176038e+00
5.709345527293512390e+01,8.516659034283332375e+00
5.711346098885395861e+01,9.149177067079733661e+00
5.713346670477279332e+01,8.554352711184419533e+00
5.715347242069162803e+01,8.354758562270768962e+00
5.717347813661046274e+01,8.179838441894219159e+00
5.719348385252929745e+01,9.802205571485577806e+00
5.721348956844813216e+01,8.256294054091037893e+00
5.723349528436696687e+01,8.492796268280113026e+00
5.725350100028580158e+01,8.351192195927154671e+00
5.727350671620462919e+01,8.655482365869227479e+00
5.729351243212346390e+01,9.454049352867485823e+00
5.731351814804229861e+01,8.979718886063944083e+00
5.733352386396113332e+01,9.847702337912584980e+00
5.735352957987996803e+01,9.282999886841718507e+00
5.737353529579880274e+01,9.039358393441320416e+00
5.739354101171763745e+01,9.332208693118159815e+00
5.741354672763647216e+01,9.746921269459035031e+00
5.743355244355530687e+01,9.993851141216788747e+00
5.745355815947414158e+01,9.130768073336172463e+00
5.747356387539296918e+01,1.009082563513218744e+01
5.749356959131180389e+01,9.049828038614629477e+00
5.751357530723063860e+01,9.628403219184169970e+00
5.753358102314947331e+01,8.971533458983678599e+00
5.755358673906830802e+01,1.020469567697247015e+01
5.757359245498714273e+01,9.507402721266318579e+00
5.759359817090597744e+01,1.089470664454998428e+01
5.761360388682481215e+01,9.458583344056249231e+00
5.763360960274364686e+01,9.840767738758028571e+00
5.765361531866247446e+01,1.143118125387881712e+01
5.767362103458130917e+01,1.110812767742598517e+01
5.769362675050014388e+01,1.055236645453432232e+01
5.771363246641897859e+01,1.213652598866811338e+01
5.773363818233781330e+01,1.144707956198135790e+01
5.775364389825664801e+01,1.225886240669071370e+01
5.777364961417548272e+01,1.184669612964969510e+01
5.779365533009431743e+01,1.161685512585583169e+01
5.781366104601315214e+01,1.255182004458722922e+01
5.783366676193197975e+01,1.236531009997275099e+01
5.785367247785081446e+01,1.358950344385748110e+01
5.787367819376964917e+01,1.312007995224808710e+01
5.789368390968848388e+01,1.274916021561624113e+01
5.791368962560731859e+01,1.301769194258630158e+01
5.793369534152615330e+01,1.419489153216254529e+01
5.795370105744498801e+01,1.417295963269462078e+01
5.797370677336382272e+01,1.301007459274995526e+01
5.799371248928265743e+01,1.356248288761590359e+01
5.801371820520149214e+01,1.446508178748277373e+01
5.803372392112031974e+01,1.357225456098074545e+01
5.805372963703915445e+01,1.338715699348921007e+01
5.807373535295798916e+01,1.337258159466534835e+01
5.809374106887682387e+01,1.483720397030148241e+01
5.811374678479565858e+01,1.384651030805381033e+01
5.813375250071449329e+01,1.382504087538938009e+01
5.815375821663332800e+01,1.325415811565743240e+01
5.817376393255216271e+01,1.353754057243614461e+01
5.819376964847099742e+01,1.360014040484622022e+01
5.821377536438982503e+01,1.336862944538813203e+01
5.823378108030865974e+01,1.454985540131846022e+01
5.825378679622749445e+01,1.325741499967226034e+01
5.827379251214632916e+01,1.384342240761153064e+01
5.829379822806516387e+01,1.349402781444655730e+01
5.831380394398399858e+01,1.424540455017971041e+01
5.833380965990283329e+01,1.395165919391766884e+01
5.835381537582166800e+01,1.332881114604118977e+01
5.837382109174050271e+01,1.404768925403512370e+01
5.839382680765933742e+01,1.421080853555239010e+01
5.841383252357816502e+01,1.459678056737958585e+01
5.843383823949699973e+01,1.395866598392071189e+01
5.845384395541583444e+01,1.375873858777467973e+01
5.847384967133466915e+01,1.295531969546017770e+01
5.849385538725350386e+01,1.363304426949824233e+01
5.851386110317233857e+01,1.399298586684145818e+01
5.853386681909117328e+01,1.246042180231739849e+01
5.855387253501000799e+01,1.382831116965598639e+01
5.857387825092884270e+01,1.350796040857215985e+01
5.859388396684767031e+01,1.197457023512023255e+01
5.861388968276650502e+01,1.364896919390634267e+01
5.863389539868533973e+01,1.277366468045650727e+01
5.865390111460417444e+01,1.201524441632399309e+01
5.867390683052300915e+01,1.307672422558580472e+01
5.869391254644184386e+01,1.160261396031659231e+01
5.871391826236067857e+01,1.296869471278266772e+01
5.873392397827951328e+01,1.258302836179812445e+01
5.875392969419834799e+01,1.283758032653953940e+01
5.877393541011717559e+01,1.098814421207172565e+01
5.879394112603601030e+01,1.172852127611555417e+01
5.881394684195484501e+01,1.151018131026478208e+01
5.883395255787367972e+01,1.192551360272312522e+01
5.885395827379251443e+01,1.054517556595589056e+01
5.887396398971134914e+01,1.060266424339160807e+01
5.889396970563018385e+01,1.062266726237415426e+01
5.891397542154901856e+01,1.051908836745451481e+01
5.893398113746785327e+01,1.121858484363217023e+01
5.895398685338668798e+01,1.045053337405434846e+01
5.897399256930551559e+01,1.056174561594675154e+01
5.899399828522435030e+01,1.086639393505904394e+01
5.901400400114318501e+01,1.030784803562378471e+01
5.903400971706201972e+01,1.076826461665405965e+01
5.905401543298085443e+01,9.986266379516454350e+00
5.907402114889968914e+01,1.092642172727358307e+01
5.909402686481852385e+01,1.112486292332751958e+01
5.911403258073735856e+01,1.027100209190834867e+01
5.913403829665619327e+01,1.070918238789635168e+01
5.915404401257502087e+01,9.482608660666961953e+00
5.917404972849385558e+01,9.628556508017281246e+00
5.919405544441269029e+01,1.018689802576389702e+01
5.921406116033152500e+01,9.302097652256238192e+00
5.923406687625035971e+01,9.073289102677884799e+00
5.925407259216919442e+01,1.001737417921310858e+01
5.927407830808802913e+01,9.219107902725632187e+00
5.929408402400686384e+01,1.037891616213551060e+01
5.931408973992569855e+01,9.713930003138509406e+00
5.933409545584453326e+01,1.019524581306023592e+01
5.935410117176336087e+01,9.530609685317935842e+00
5.937410688768219558e+01,1.011648040487131972e+01
5.939411260360103029e+01,8.817424396725353830e+00
5.941411831951986500e+01,9.718480928194908941e+00
5.943412403543869971e+01,9.078648476970894166e+00
5.945412975135753442e+01,9.526788968649928080e+00
5.947413546727636913e+01,9.231511867080655520e+00
5.949414118319520384e+01,1.057989950260328627e+01
5.951414689911403855e+01,1.018537091565456976e+01
5.953415261503286615e+01,9.386230456777795439e+00
5.955415833095170086e+01,9.428381743997340081e+00
5.957416404687053557e+01,1.091845517206182592e+01
5.959416976278937028e+01,1.078220958531559859e+01
5.961417547870820499e+01,1.046671328612970164e+01
5.963418119462703970e+01,1.140817320224160802e+01
5.965418691054587441e+01,1.077269896850387987e+01
5.967419262646470912e+01,1.162504331649645728e+01
5.969419834238354383e+01,1.015469435825161426e+01
5.971420405830237144e+01,1.133274648456644229e+01
5.973420977422120615e+01,1.186993951151564808e+01
5.975421549014004086e+01,1.095927929393659817e+01
5.977422120605887557e+01,1.185117406717836275e+01
5.979422692197771028e+01,1.223642573665214073e+01
5.981423263789654499e+01,1.215211796841631653e+01
5.983423835381537970e+01,1.188494662077693143e+01
5.985424406973421441e+01,1.303159268585598340e+01
5.987424978565304912e+01,1.220183880833181611e+01
5.989425550157188383e+01,1.188447150226210525e+01
5.991426121749071143e+01,1.217831405979244330e+01
5.993426693340954614e+01,1.319247718452024998e+01
5.995427264932838085e+01,1.349325503938884907e+01
5.997427836524721556e+01,1.357697891297417669e+01
5.999428408116605027e+01,1.371063653514081970e+01
6.001428979708488498e+01,1.236026233758043702e+01
6.003429551300371969e+01,1.369195967059045849e+01
6.005430122892255440e+01,1.239380723336453372e+01
6.007430694484138911e+01,1.269836479492208170e+01
6.009431266076021672e+01,1.373790191148197515e+01
6.011431837667905143e+01,1.264051196121840803e+01
6.013432409259788614e+01,1.416469212550651235e+01
6.015432980851672085e+01,1.342684777520117478e+01
6.017433552443555556e+01,1.393966124084563951e+01
6.019434124035439027e+01,1.480546262796729096e+01
6.021434695627322498e+01,1.478736307956032014e+01
6.023435267219205969e+01,1.370280116940507753e+01
6.025435838811089440e+01,1.354856871944085128e+01
6.027436410402972911e+01,1.381685466304175591e+01
6.029436981994855671e+01,1.378777999133960463e+01
6.031437553586739142e+01,1.497216338911079880e+01
6.033438125178622613e+01,1.502820062057319106e+01
6.035438696770506084e+01,1.402659245333997440e+01
6.037439268362389555e+01,1.502727067497007063e+01
6.039439839954273026e+01,1.454889410411715822e+01
6.041440411546156497e+01,1.504777926451480319e+01
6.043440983138039968e+01,1.460427863541526605e+01
6.045441554729923439e+01,1.488332518147183769e+01
6.047442126321806199e+01,1.367751519867000098e+01
6.049442697913689670e+01,1.390328422758228477e+01
6.051443269505573141e+01,1.463960642168495419e+01
6.053443841097456612e+01,1.398237877072488189e+01
6.055444412689340083e+01,1.457519859455740452e+01
6.057444984281223554e+01,1.472927605798411754e+01
6.059445555873107025e+01,1.371761816964939307e+01
6.061446127464990496e+01,1.439640595640380383e+01
6.063446699056873967e+01,1.422772886808796144e+01
6.065447270648756728e+01,1.474688167741325451e+01
6.067447842240640199e+01,1.362551953307785091e+01
6.069448413832523670e+01,1.400150198643394894e+01
6.071448985424407141e+01,1.411628007319052536e+01
6.073449557016290612e+01,1.435065236693399804e+01
6.075450128608174083e+01,1.385795329306767520e+01
6.077450700200057554e+01,1.474482569329520842e+01
6.079451271791941025e+01,1.382724668865163764e+01
6.081451843383824496e+01,1.471427310896945606e+01
6.083452414975707967e+01,1.463641402805341940e+01
6.085452986567590727e+01,1.459847214138170379e+01
6.087453558159474198e+01,1.543332674094846091e+01
6.089454129751357669e+01,1.547800053314455226e+01
6.091454701343241140e+01,1.449349477470167180e+01
6.093455272935124611e+01,1.436331303946871962e+01
6.095455844527008082e+01,1.531991154861071891e+01
6.097456416118891553e+01,1.377697969143424039e+01
6.099456987710775024e+01,1.340287393129298366e+01
6.101457559302658495e+01,1.367199467007608327e+01
6.103458130894541256e+01,1.339952709598444258e+01
6.105458702486424727e+01,1.432838856307921027e+01
6.107459274078308198e+01,1.467485686398492106e+01
6.109459845670191669e+01,1.422383494517474389e+01
6.111460417262075140e+01,1.378979597071575114e+01
6.113460988853958611e+01,1.319097815642082239e+01
6.115461560445842082e+01,1.274052038483556792e+01
6.117462132037725553e+01,1.371382378661996349e+01
6.119462703629609024e+01,1.202614279342721915e+01
6.121463275221492495e+01,1.207060758566983338e+01
6.123463846813375255e+01,1.324918980848771710e+01
6.125464418405258726e+01,1.260873458846724127e+01
6.127464989997142197e+01,1.308361207557667072e+01
6.129465561589025668e+01,1.272930323317490853e+01
6.131466133180909139e+01,1.249406890740780440e+01
6.133466704772792610e+01,1.270163665291457811e+01
6.135467276364676081e+01,1.145215735166756765e+01
6.137467847956559552e+01,1.198332256836638976e+01
6.139468419548443023e+01,1.139952604948653203e+01
6.141468991140325784e+01,1.142258345958370036e+01
6.143469562732209255e+01,1.117219818234026896e+01
6.145470134324092726e+01,1.148319973698270147e+01
6.147470705915976197e+01,1.170686232733824461e+01
6.149471277507859668e+01,1.005526064335590775e+01
6.151471849099743139e+01,1.057082637963792138e+01
6.153472420691626610e+01,1.087835241430734357e+01
6.155472992283510081e+01,1.004386100452655128e+01
6.157473563875393552e+01,9.798691391762819336e+00
6.159474135467276312e+01,1.071391920879189286e+01
6.161474707059159783e+01,1.141439691579501492e+01
6.163475278651043254e+01,1.010010597756876827e+01
6.165475850242926725e+01,1.011501144686612541e+01
6.167476421834810196e+01,1.036032297660422863e+01
6.169476993426693667e+01,1.124365261110496661e+01
6.171477565018577138e+01,1.091511880754707775e+01
6.173478136610460609e+01,1.063995837512138820e+01
6.175478708202344080e+01,1.075084892178611895e+01
6.177479279794227551e+01,9.578859845419206209e+00
6.179479851386110312e+01,9.683389729855138128e+00
6.181480422977993783e+01,9.608056654519286255e+00
6.183480994569877254e+01,1.137336965441353698e+01
6.185481566161760725e+01,1.126184905324661578e+01
6.187482137753644196e+01,1.153777117626014537e+01
6.189482709345527667e+01,1.131261178396943379e+01
6.191483280937411138e+01,1.112118336399265495e+01
6.193483852529294609e+01,1.028183871602414712e+01
6.195484424121178080e+01,1.017532191208977288e+01
6.197484995713060840e+01,1.049483469008327674e+01
6.199485567304944311e+01,1.057300069959833699e+01
6.201486138896827782e+01,1.156571807144689501e+01
6.203486710488711253e+01,1.168517841976313143e+01
6.205487282080594724e+01,1.176199636843368168e+01
6.207487853672478195e+01,1.252928521359329217e+01
6.209488425264361666e+01,1.157465046413111232e+01
6.211488996856245137e+01,1.248672538622123085e+01
6.213489568448128608e+01,1.158556138369605115e+01
6.215490140040011369e+01,1.179938354005995649e+01
6.217490711631894840e+01,1.293811075552772039e+01
6.219491283223778311e+01,1.258615646631704443e+01
6.221491854815661782e+01,1.279949938572311119e+01
6.223492426407545253e+01,1.415048730790429765e+01
6.225492997999428724e+01,1.361610570171811574e+01
6.227493569591312195e+01,1.377336259628063253e+01
6.229494141183195666e+01,1.428437471832221384e+01
6.231494712775079137e+01,1.597958935635599254e+01
6.233495284366962608e+01,1.578940645372265017e+01
6.235495855958845368e+01,1.572667416775448856e+01
6.237496427550728839e+01,1.708483253261474388e+01
6.239496999142612310e+01,1.692884510974966616e+01
6.241497570734495781e+01,1.852545243527774943e+01
6.243498142326379252e+01,1.924866648054043594e+01
6.245498713918262723e+01,1.933770485622993718e+01
6.247499285510146194e+01,2.043490131780691144e+01
6.249499857102029665e+01,2.150792768685563416e+01
6.251500428693913136e+01,2.147627212046462475e+01
6.253501000285795897e+01,2.196580804798486142e+01
6.255501571877679368e+01,2.362308164005010624e+01
6.257502143469562839e+01,2.284252295770716756e+01
6.259502715061446310e+01,2.326687866935708016e+01
6.261503286653329781e+01,2.443350671436666843e+01
6.263503858245213252e+01,2.520833355277176224e+01
6.265504429837096723e+01,2.567066532607323737e+01
6.267505001428980194e+01,2.538011846456252840e+01
6.269505573020863665e+01,2.553908563575921775e+01
6.271506144612747136e+01,2.435894201043991458e+01
6.273506716204629896e+01,2.617052225029693702e+01
6.275507287796513367e+01,2.557709826219513261e+01
6.277507859388396838e+01,2.510087865815263797e+01
6.279508430980280309e+01,2.487553317582220558e+01
6.281509002572163780e+01,2.467007594561958328e+01
6.283509574164047251e+01,2.492465013522349793e+01
6.285510145755930722e+01,2.355469992542954927e+01
6.287510717347814193e+01,2.324741609771689355e+01
6.289511288939697664e+01,2.284242013708679409e+01
6.291511860531580425e+01,2.315834785108141247e+01
6.293512432123463896e+01,2.332847790430468748e+01
6.295513003715347367e+01,2.333115143081367648e+01
6.297513575307230838e+01,2.201112141782959242e+01
6.299514146899114309e+01,2.223009987092027018e+01
6.301514718490997780e+01,2.287480190302766303e+01
6.303515290082881251e+01,2.231981825124814023e+01
6.305515861674764722e+01,2.184503435857805442e+01
6.307516433266648193e+01,2.218655601981428305e+01
6.309517004858530953e+01,2.259125227565527538e+01
6.311517576450414424e+01,2.180702447220715356e+01
6.313518148042297895e+01,2.240565275947929536e+01
6.315518719634181366e+01,2.230790437604563081e+01
6.317519291226064837e+01,2.209238196020048051e+01
6.319519862817948308e+01,2.234482224536195005e+01
6.321520434409831779e+01,2.304548467356327990e+01
6.323521006001715250e+01,2.238292553504927440e+01
6.325521577593598721e+01,2.188918195912471631e+01
6.327522149185482192e+01,2.186523833780952941e+01
6.329522720777364952e+01,2.318521781496498946e+01
6.331523292369248423e+01,2.349669166063657144e+01
6.333523863961131894e+01,2.321544741781384502e+01
6.335524435553015365e+01,2.319256774100615814e+01
6.337525007144898836e+01,2.202728585663881589e+01
6.339525578736782307e+01,2.275894908270690209e+01
6.341526150328665778e+01,2.083946257988148787e+01
6.343526721920549249e+01,2.126133061059934803e+01
6.345527293512432720e+01,2.159817579654341202e+01
6.347527865104315481e+01,2.118964985741020612e+01
6.349528436696198952e+01,2.029842167605459480e+01
6.351529008288082423e+01,1.946979507145012533e+01
6.353529579879965894e+01,1.870695505052292162e+01
6.355530151471849365e+01,1.807209544590139316e+01
6.357530723063732836e+01,1.789406835603659829e+01
6.359531294655616307e+01,1.798466079652405014e+01
6.361531866247499778e+01,1.710064003678853339e+01
6.363532437839383249e+01,1.686896814964935487e+01
6.365533009431266720e+01,1.571214618061666535e+01
6.367533581023149480e+01,1.592848660900292401e+01
6.369534152615032951e+01,1.440780899587669062e+01
6.371534724206916422e+01,1.546958108679475785e+01
6.373535295798799893e+01,1.475577883244939237e+01
6.375535867390683364e+01,1.355340428465726177e+01
6.377536438982566835e+01,1.277218835330392466e+01
6.379537010574450306e+01,1.364490499804209911e+01
6.381537582166333777e+01,1.270142203137451453e+01
6.383538153758217248e+01,1.257425673520945431e+01
6.385538725350100009e+01,1.199890294284632120e+01
6.387539296941983480e+01,1.184875611707665932e+01
6.389539868533866951e+01,1.262205937874373340e+01
6.391540440125750422e+01,1.283476906902861181e+01
6.393541011717633893e+01,1.306040918955687502e+01
6.395541583309517364e+01,1.158444702499326695e+01
6.397542154901400835e+01,1.268420675410121845e+01
6.399542726493284306e+01,1.149289850879947750e+01
6.401543298085167066e+01,1.261555703004831486e+01
6.403543869677051248e+01,1.297977562231840487e+01
6.405544441268934008e+01,1.139218596745495127e+01
6.407545012860816769e+01,1.215072256581797028e+01
6.409545584452700950e+01,1.298616445206001835e+01
6.411546156044585132e+01,1.297398826015273343e+01
6.413546727636467892e+01,1.342083986387418015e+01
6.415547299228350653e+01,1.214881623201609351e+01
6.417547870820234834e+01,1.375646279789504867e+01
6.419548442412119016e+01,1.348852411571391485e+01
6.421549014004001776e+01,1.386405312619534058e+01
6.423549585595884537e+01,1.423852720029638874e+01
6.425550157187768718e+01,1.371838198280880761e+01
6.427550728779651479e+01,1.409415411515571037e+01
6.429551300371534239e+01,1.383628092581941260e+01
6.431551871963418421e+01,1.527958632437137965e+01
6.433552443555302602e+01,1.407665923270227459e+01
6.435553015147185363e+01,1.618892978093554191e+01
6.437553586739068123e+01,1.556848442588760761e+01
6.439554158330952305e+01,1.692828028682979280e+01
6.441554729922835065e+01,1.629391901803256459e+01
6.443555301514717826e+01,1.741398236189462878e+01
6.445555873106602007e+01,1.808039391040463428e+01
6.447556444698486189e+01,1.813436757636074503e+01
6.449557016290368949e+01,1.938639054961501174e+01
6.451557587882251710e+01,1.893344216275446357e+01
6.453558159474135891e+01,2.024468511180044317e+01
6.455558731066020073e+01,1.938642679699329818e+01
6.457559302657902833e+01,1.996684746743822814e+01
6.459559874249785594e+01,2.043116775545807684e+01
6.461560445841669775e+01,2.032890481410500527e+01
6.463561017433552536e+01,2.060769239485506787e+01
6.465561589025435296e+01,2.124655008190926253e+01
6.467562160617319478e+01,2.133228804540511092e+01
6.469562732209203659e+01,2.271478052952685545e+01
6.471563303801086420e+01,2.247819822348855112e+01
6.473563875392969180e+01,2.186041382783548315e+01
6.475564446984853362e+01,2.173602030714600275e+01
6.477565018576737543e+01,2.171559869625354011e+01
6.479565590168618883e+01,2.196848478910283120e+01
6.481566161760503064e+01,2.256084830199205982e+01
6.483566733352387246e+01,2.224414743285393214e+01
6.485567304944270006e+01,2.150545484990762191e+01
6.487567876536152767e+01,2.196911983354370079e+01
6.489568448128036948e+01,2.207077500050001717e+01
6.491569019719921130e+01,2.193796489895437674e+01
6.493569591311803890e+01,2.207952710572407184e+01
6.495570162903686651e+01,2.182113808704888669e+01
6.497570734495570832e+01,2.071881393892007139e+01
6.499571306087453593e+01,2.085355446792029355e+01
6.501571877679336353e+01,2.126280204372803340e+01
6.503572449271220535e+01,2.119562653093510107e+01
6.505573020863104716e+01,2.102150527722961471e+01
6.507573592454987477e+01,1.934620374997122028e+01
6.509574164046870237e+01,1.976729505246257901e+01
6.511574735638754419e+01,1.951969625909050166e+01
6.513575307230638600e+01,2.037150091127569240e+01
6.515575878822521361e+01,1.979275136026759441e+01
6.517576450414404121e+01,1.882906123400911724e+01
6.519577022006288303e+01,1.902138649511267587e+01
6.521577593598171063e+01,1.893757453732051843e+01
6.523578165190053824e+01,1.850264157538574494e+01
6.525578736781938005e+01,1.932113904631860990e+01
6.527579308373822187e+01,1.814841530755713350e+01
6.529579879965704947e+01,1.764510473961355430e+01
6.531580451557587708e+01,1.929753397905100343e+01
6.533581023149471889e+01,1.787199630650021831e+01
6.535581594741354650e+01,1.920520976711099337e+01
6.537582166333237410e+01,1.800347375776745906e+01
6.539582737925121592e+01,1.772541329672196397e+01
6.541583309517005773e+01,1.844437040425151864e+01
6.543583881108888534e+01,1.848469417368304946e+01
6.545584452700771294e+01,1.810203676183627408e+01
6.547585024292655476e+01,1.743544982595057391e+01
6.549585595884539657e+01,1.732043967723790345e+01
6.551586167476422418e+01,1.821484371433717797e+01
6.553586739068305178e+01,1.811829427485698574e+01
6.555587310660189360e+01,1.738146172343462226e+01
6.557587882252072120e+01,1.802402687783178337e+01
6.559588453843954881e+01,1.790119353377935241e+01
6.561589025435839062e+01,1.805564627598428729e+01
6.563589597027723244e+01,1.668011950923522946e+01
6.565590168619606004e+01,1.641190083279763812e+01
6.567590740211488765e+01,1.734703413393289395e+01
6.569591311803372946e+01,1.744970741382876867e+01
6.571591883395257128e+01,1.635175769853666239e+01
6.573592454987138467e+01,1.667461850168637127e+01
6.575593026579022649e+01,1.615987582106677678e+01
6.577593598170906830e+01,1.635268346447720234e+01
6.579594169762789591e+01,1.525665723794836914e+01
6.581594741354672351e+01,1.661925108503191595e+01
6.583595312946556533e+01,1.493350624419947081e+01
6.585595884538440714e+01,1.484543218300157186e+01
6.587596456130323475e+01,1.619726482327002159e+01
6.589597027722206235e+01,1.593017987160174798e+01
6.591597599314090417e+01,1.430240559875396222e+01
6.593598170905973177e+01,1.464583816937853911e+01
6.595598742497855937e+01,1.421355191565187859e+01
6.597599314089740119e+01,1.486871796539285739e+01
6.599599885681624301e+01,1.393405959149040463e+01
6.601600457273507061e+01,1.451161365818830085e+01
6.603601028865389821e+01,1.405876347723332387e+01
6.605601600457274003e+01,1.389351345088809886e+01
6.607602172049158185e+01,1.411334331092396255e+01
6.609602743641040945e+01,1.403123549532182679e+01
6.611603315232923705e+01,1.454776925012946442e+01
6.613603886824807887e+01,1.312746402742554963e+01
6.615604458416690647e+01,1.472322264994505936e+01
6.617605030008573408e+01,1.391292811081321901e+01
6.619605601600457589e+01,1.414051462915777968e+01
6.621606173192341771e+01,1.423647992195847145e+01
6.623606744784224531e+01,1.486112907849334874e+01
6.625607316376107292e+01,1.317250032960197181e+01
6.627607887967991473e+01,1.480161161174249429e+01
6.629608459559874234e+01,1.445651186771839214e+01
6.631609031151756994e+01,1.373327741077113551e+01
6.633609602743641176e+01,1.470194032855040689e+01
6.635610174335525357e+01,1.574177091804109807e+01
6.637610745927408118e+01,1.533462581558490356e+01
6.639611317519290878e+01,1.618525722611181195e+01
6.641611889111175060e+01,1.662678602873246092e+01
6.643612460703059241e+01,1.595454094230142239e+01
6.645613032294942002e+01,1.716107963119905833e+01
6.647613603886824762e+01,1.698979673867816942e+01
6.649614175478708944e+01,1.836046894333903268e+01
6.651614747070591704e+01,1.906845028230703676e+01
6.653615318662474465e+01,2.032807681668268174e+01
6.655615890254358646e+01,2.105501974274478982e+01
6.657616461846242828e+01,2.079006767383929954e+01
6.659617033438125588e+01,2.118343517944904875e+01
6.661617605030008349e+01,2.226594810852724393e+01
6.663618176621892530e+01,2.279026510960459717e+01
6.665618748213776712e+01,2.458255760726697403e+01
6.667619319805658051e+01,2.554952848200507276e+01
6.669619891397542233e+01,2.561757460660336605e+01
6.671620462989426414e+01,2.606340448071259530e+01
6.673621034581309175e+01,2.611796111679305810e+01
6.675621606173191935e+01,2.681210394981588507e+01
6.677622177765076117e+01,2.738772999154674892e+01
6.679622749356960298e+01,2.886716346770338149e+01
6.681623320948843059e+01,2.820150340227084840e+01
6.683623892540725819e+01,3.011135652269500085e+01
6.685624464132610001e+01,2.874180281799010217e+01
6.687625035724492761e+01,3.000220773668490892e+01
6.689625607316375522e+01,3.018989584692891981e+01
6.691626178908259703e+01,3.016909388218721944e+01
6.693626750500143885e+01,3.051617366540800447e+01
6.695627322092026645e+01,3.006266206867296020e+01
6.697627893683909406e+01,3.009244505983409823e+01
6.699628465275793587e+01,2.993438781600224274e+01
6.701629036867677769e+01,3.100791457899718040e+01
6.703629608459560529e+01,3.124001454938994371e+01
6.705630180051443290e+01,3.121374367284828111e+01
6.707630751643327471e+01,3.003832312012229622e+01
6.709631323235210232e+01,3.030509373259809536e+01
6.711631894827092992e+01,3.148609740337441210e+01
6.713632466418977174e+01,2.978458016759957516e+01
6.715633038010861355e+01,3.163113558281105142e+01
6.717633609602744116e+01,3.026661783274722950e+01
6.719634181194626876e+01,3.061236016480657796e+01
6.721634752786511058e+01,3.052448696681880946e+01
6.723635324378393818e+01,3.004152974650347474e+01
6.725635895970276579e+01,3.114148032914471997e+01
6.727636467562160760e+01,2.982076365567587928e+01
6.729637039154044942e+01,2.955247610994020846e+01
6.731637610745927702e+01,3.003626803184724281e+01
6.733638182337810463e+01,2.924795335792070361e+01
6.735638753929694644e+01,3.041581780423185677e+01
6.737639325521578826e+01,2.974015700676720542e+01
6.739639897113461586e+01,2.880108872758880167e+01
6.741640468705344347e+01,3.003618386030401055e+01
6.743641040297228528e+01,2.854124233624605722e+01
6.745641611889111289e+01,2.932914870828751575e+01
6.747642183480994049e+01,2.850746273800940145e+01
6.749642755072878231e+01,2.859194647776278941e+01
6.751643326664762412e+01,2.874500881888442194e+01
6.753643898256645173e+01,2.991385478963347566e+01
6.755644469848527933e+01,2.974627352910920663e+01
6.757645041440412115e+01,2.935474607450021978e+01
6.759645613032296296e+01,2.918256168254526983e+01
6.761646184624177636e+01,2.921030159921953739e+01
6.763646756216061817e+01,3.001272516211964003e+01
6.765647327807945999e+01,3.019133716780808996e+01
6.767647899399828759e+01,3.125686573608152230e+01
6.769648470991711520e+01,3.043939598846758443e+01
6.771649042583595701e+01,3.140310465403316798e+01
6.773649614175479883e+01,3.236009740229322063e+01
6.775650185767362643e+01,3.239744891650417458e+01
6.777650757359245404e+01,3.403811950606425540e+01
6.779651328951129585e+01,3.364926378048790667e+01
6.781651900543012346e+01,3.399508007522089059e+01
6.783652472134895106e+01,3.509754330125877431e+01
6.785653043726779288e+01,3.514938868460340160e+01
6.787653615318663469e+01,3.739485346470645055e+01
6.789654186910546230e+01,3.736601299444611612e+01
6.791654758502428990e+01,3.701220900938108826e+01
6.793655330094313172e+01,3.795370708011449068e+01
6.795655901686197353e+01,3.766639664178442359e+01
6.797656473278080114e+01,3.867286120094538404e+01
6.799657044869962874e+01,3.855044988844083065e+01
6.801657616461847056e+01,3.908938090958806555e+01
6.803658188053729816e+01,3.872233934086866469e+01
6.805658759645612577e+01,3.888140022479668545e+01
6.807659331237496758e+01,3.831982531021954941e+01
6.809659902829380940e+01,3.787499832666060939e+01
6.811660474421263700e+01,3.886218253923330224e+01
6.813661046013146461e+01,3.784498452260371693e+01
6.815661617605030642e+01,3.731994901633876793e+01
6.817662189196913403e+01,3.699456811271466705e+01
6.819662760788796163e+01,3.518395135421911846e+01
6.821663332380680345e+01,3.610744142195958517e+01
6.823663903972564526e+01,3.558945128651131284e+01
6.825664475564447287e+01,3.338145966421859612e+01
6.827665047156330047e+01,3.234893080479219662e+01
6.829665618748214229e+01,3.251362463515746981e+01
6.831666190340098410e+01,3.059174905200892880e+01
6.833666761931981171e+01,3.082108567248049980e+01
6.835667333523863931e+01,2.853166710440305565e+01
6.837667905115748113e+01,2.803739192772251343e+01
6.839668476707630873e+01,2.817463249325175312e+01
6.841669048299513634e+01,2.682700564421206835e+01
6.843669619891397815e+01,2.564166411579595106e+01
6.845670191483281997e+01,2.436997254583074479e+01
6.847670763075164757e+01,2.407816559050657546e+01
6.849671334667047518e+01,2.350359688260028435e+01
6.851671906258931699e+01,2.334050681233964397e+01
6.853672477850815881e+01,2.191949528063262420e+01
6.855673049442697220e+01,2.035821717600906311e+01
6.857673621034581402e+01,2.104801556319039335e+01
6.859674192626465583e+01,1.989485420910195401e+01
6.861674764218348344e+01,1.980422196416233405e+01
6.863675335810231104e+01,1.855560151341258646e+01
6.865675907402115286e+01,1.946052206569343568e+01
6.867676478993999467e+01,1.795577608814613768e+01
6.869677050585882228e+01,1.809813582033899948e+01
6.871677622177764988e+01,1.741894689534556306e+01
6.873678193769649170e+01,1.804269346541669350e+01
6.875678765361531930e+01,1.744118496428712106e+01
6.877679336953414690e+01,1.606927336249913907e+01
6.879679908545298872e+01,1.565310573502986458e+01
6.881680480137183054e+01,1.586151156588970679e+01
6.883681051729065814e+01,1.617154382280140013e+01
6.885681623320948574e+01,1.600271555207210028e+01
6.887682194912832756e+01,1.492524537810801455e+01
6.889682766504716938e+01,1.512810341068231246e+01
6.891683338096599698e+01,1.438282343285916198e+01
6.893683909688482458e+01,1.425096779342018394e+01
6.895684481280366640e+01,1.544560275985871378e+01
6.897685052872249400e+01,1.512672325005050489e+01
6.899685624464132161e+01,1.539891863499415336e+01
6.901686196056016342e+01,1.391860099306827969e+01
6.903686767647900524e+01,1.428436135867964651e+01
6.905687339239783284e+01,1.430878686608891748e+01
6.907687910831666045e+01,1.439344243218351949e+01
6.909688482423550226e+01,1.430728192936726018e+01
6.911689054015432987e+01,1.311397343540371807e+01
6.913689625607315747e+01,1.382394517471808904e+01
6.915690197199199929e+01,1.350754332980108430e+01
6.917690768791084110e+01,1.264874976170059107e+01
6.919691340382966871e+01,1.270055679601554033e+01
6.921691911974849631e+01,1.364333961398709860e+01
6.923692483566733813e+01,1.233529587863664112e+01
6.925693055158617994e+01,1.242462440817569203e+01
6.927693626750500755e+01,1.235066204990795846e+01
6.929694198342383515e+01,1.314974471262891598e+01
6.931694769934267697e+01,1.301587011547210437e+01
6.933695341526150457e+01,1.279126026033816821e+01
6.935695913118033218e+01,1.277328358343243053e+01
6.937696484709917399e+01,1.205630381112261595e+01
6.939697056301801581e+01,1.287382785927708184e+01
6.941697627893684341e+01,1.203205998549780453e+01
6.943698199485567102e+01,1.337843953646474482e+01
6.945698771077451283e+01,1.182897618509557525e+01
6.947699342669335465e+01,1.347700405772387811e+01
6.949699914261216804e+01,1.325436778370660207e+01
6.951700485853100986e+01,1.310124174524136187e+01
6.953701057444985167e+01,1.292203534351468441e+01
6.955701629036867928e+01,1.385340541476262821e+01
6.957702200628750688e+01,1.223045725816144547e+01
6.959702772220634870e+01,1.361596154891488908e+01
6.961703343812519051e+01,1.399275292243859425e+01
6.963703915404401812e+01,1.441006628632278641e+01
6.965704486996284572e+01,1.289185613432317545e+01
6.967705058588168754e+01,1.427073682439098690e+01
6.969705630180051514e+01,1.508738279141208238e+01
6.971706201771934275e+01,1.467598271250276198e+01
6.973706773363818456e+01,1.478644887859008072e+01
6.975707344955702638e+01,1.487171186413914903e+01
6.977707916547585398e+01,1.458090280401789407e+01
6.979708488139468159e+01,1.564673977697693275e+01
6.981709059731352340e+01,1.561027102894185958e+01
6.983709631323236522e+01,1.550047165365504398e+01
6.985710202915119282e+01,1.575367961602623446e+01
6.987710774507002043e+01,1.708983214836670328e+01
6.989711346098886224e+01,1.783854164429695643e+01
6.991711917690768985e+01,1.645456161998965783e+01
6.993712489282651745e+01,1.685970906426453553e+01
6.995713060874535927e+01,1.839405351714652426e+01
6.997713632466420108e+01,1.760603167405837155e+01
6.999714204058302869e+01,1.829947702552032851e+01
7.001714775650185629e+01,1.862740668756918794e+01
7.003715347242069811e+01,1.812845106341351809e+01
7.005715918833952571e+01,1.862981063502915546e+01
7.007716490425835332e+01,1.809658715539457319e+01
7.009717062017719513e+01,1.866061987959479751e+01
7.011717633609603695e+01,1.895127606783001895e+01
7.013718205201486455e+01,1.969002886752018000e+01
7.015718776793369216e+01,1.922251159697896483e+01
7.017719348385253397e+01,1.818076770311975920e+01
7.019719919977137579e+01,1.820644253315793293e+01
7.021720491569020339e+01,1.799763420428839211e+01
7.023721063160903100e+01,1.871762764110055954e+01
7.025721634752787281e+01,1.757204071905644938e+01
7.027722206344670042e+01,1.833672740766298404e+01
7.029722777936552802e+01,1.730826073027429857e+01
7.031723349528436984e+01,1.701222568536025292e+01
7.033723921120321165e+01,1.689228398952858257e+01
7.035724492712203926e+01,1.738952859743359269e+01
7.037725064304086686e+01,1.708753337834560426e+01
7.039725635895970868e+01,1.697713162167232070e+01
7.041726207487855049e+01,1.528786496863709310e+01
7.043726779079736389e+01,1.615014759107900844e+01
7.045727350671620570e+01,1.562595814443676190e+01
7.047727922263504752e+01,1.624321045246347239e+01
7.049728493855387512e+01,1.601382888874406163e+01
7.051729065447270273e+01,1.536272638644900823e+01
7.053729637039154454e+01,1.499435707023772757e+01
7.055730208631038636e+01,1.639044453893760789e+01
7.057730780222921396e+01,1.496998794195032900e+01
7.059731351814804157e+01,1.599670544904208924e+01
7.061731923406688338e+01,1.483383637016278200e+01
7.063732494998571099e+01,1.591726703146437849e+01
7.065733066590453859e+01,1.548844502760185904e+01
7.067733638182338041e+01,1.696163268466814245e+01
7.069734209774222222e+01,1.586758859549036238e+01
7.071734781366104983e+01,1.730770451056642401e+01
7.073735352957987743e+01,1.715120515152525016e+01
7.075735924549871925e+01,1.815948346055997575e+01
7.077736496141756106e+01,1.767640407053919205e+01
7.079737067733638867e+01,1.854893020335453357e+01
7.081737639325521627e+01,1.967335476900586144e+01
7.083738210917405809e+01,1.925862999399797104e+01
7.085738782509288569e+01,2.092527337172138502e+01
7.087739354101171330e+01,2.093067283909502763e+01
7.089739925693055511e+01,2.112482071876238621e+01
7.091740497284939693e+01,2.209518710867355296e+01
7.093741068876822453e+01,2.149168148427191483e+01
7.095741640468705214e+01,2.152698435935673515e+01
7.097742212060589395e+01,2.285805801103344592e+01
7.099742783652472156e+01,2.195515553975195644e+01
7.101743355244354916e+01,2.193400267546422810e+01
7.103743926836239098e+01,2.218452250159638695e+01
7.105744498428123279e+01,2.291506233941066739e+01
7.107745070020006040e+01,2.328762774694115834e+01
7.109745641611888800e+01,2.301120671324743228e+01
7.111746213203772982e+01,2.221667995638036075e+01
7.113746784795657163e+01,2.155418844324081107e+01
7.115747356387539924e+01,2.238990554459443771e+01
7.117747927979422684e+01,2.087886825262465962e+01
7.119748499571306866e+01,2.183514815034994783e+01
7.121749071163189626e+01,2.075962039430350359e+01
7.123749642755072387e+01,2.095716320359028728e+01
7.125750214346956568e+01,2.040613916893245161e+01
7.127750785938840750e+01,2.029313945843239253e+01
7.129751357530723510e+01,1.987342019202058196e+01
7.131751929122606271e+01,1.924206461999646933e+01
7.133752500714490452e+01,1.973424431177263472e+01
7.135753072306374634e+01,1.896522385628310303e+01
7.137753643898255973e+01,1.949030988031147871e+01
7.139754215490140155e+01,1.964384401236200617e+01
7.141754787082024336e+01,1.938724966134836691e+01
7.143755358673907097e+01,1.867859995860770184e+01
7.145755930265789857e+01,1.868982621244531828e+01
7.147756501857674039e+01,1.708264117686960049e+01
7.149757073449558220e+01,1.687232717979248875e+01
7.151757645041440981e+01,1.732266772723896864e+01
7.153758216633323741e+01,1.771203376065458457e+01
7.155758788225207923e+01,1.734387003887431433e+01
7.157759359817090683e+01,1.763782456201649396e+01
7.159759931408973443e+01,1.606681457177701233e+01
7.161760503000857625e+01,1.672370732355594924e+01
7.163761074592741807e+01,1.554439298078976606e+01
7.165761646184624567e+01,1.582431048377252658e+01
7.167762217776507327e+01,1.531044524929531647e+01
7.169762789368391509e+01,1.618044878417295607e+01
7.171763360960275691e+01,1.628383176146574840e+01
7.173763932552158451e+01,1.585461783645093270e+01
7.175764504144041211e+01,1.609543196279222244e+01
7.177765075735925393e+01,1.576804252059813471e+01
7.179765647327808153e+01,1.565832924492509370e+01
7.181766218919690914e+01,1.485603490126706028e+01
7.183766790511575095e+01,1.457667637479619316e+01
7.185767362103459277e+01,1.495675520599729147e+01
7.187767933695342037e+01,1.468116649939722151e+01
7.189768505287224798e+01,1.560539886654181529e+01
7.191769076879108979e+01,1.529934086841204710e+01
7.193769648470991740e+01,1.536860746316098592e+01
7.195770220062874500e+01,1.526555666062091454e+01
7.197770791654758682e+01,1.516584249250011140e+01
7.199771363246642863e+01,1.540978486485968268e+01
7.201771934838525624e+01,1.552326532479469634e+01
7.203772506430408384e+01,1.595346992419193732e+01
7.205773078022292566e+01,1.611523028097760246e+01
7.207773649614176747e+01,1.486395522204870012e+01
7.209774221206059508e+01,1.560354231989218654e+01
7.211774792797942268e+01,1.571426836004388505e+01
7.213775364389826450e+01,1.476446884737621978e+01
7.215775935981709210e+01,1.450402031386465573e+01
7.217776507573591971e+01,1.504876929639584482e+01
7.219777079165476152e+01,1.461358929422882014e+01
7.221777650757360334e+01,1.544964760918411351e+01
7.223778222349243094e+01,1.435019221161063996e+01
7.225778793941125855e+01,1.423661888112217788e+01
7.227779365533010036e+01,1.444897646292062454e+01
7.229779937124894218e+01,1.365034936230313889e+01
7.231780508716775557e+01,1.315730757257117922e+01
7.233781080308659739e+01,1.220782308711134689e+01
7.235781651900543920e+01,1.205907759351175912e+01
7.237782223492426681e+01,1.189032928928333988e+01
7.239782795084309441e+01,1.210309454226620929e+01
7.241783366676193623e+01,1.216778555121595318e+01
7.243783938268077804e+01,1.218661956215308173e+01
7.245784509859960565e+01,1.171051228252096621e+01
7.247785081451843325e+01,1.065151765944355766e+01
7.249785653043727507e+01,1.123912283161303449e+01
7.251786224635610267e+01,1.017847051458319285e+01
7.253786796227493028e+01,1.160132086220458447e+01
7.255787367819377209e+01,1.075956911223273949e+01
7.257787939411261391e+01,1.020857080939023120e+01
7.259788511003144151e+01,1.097556064010888477e+01
7.261789082595026912e+01,1.021379690599233392e+01
7.263789654186911093e+01,1.003574356273708368e+01
7.265790225778795275e+01,9.428407815247084045e+00
7.267790797370678035e+01,9.452639901780406362e+00
7.269791368962560796e+01,9.415810397670316689e+00
7.271791940554444977e+01,9.570118215719526589e+00
7.273792512146327738e+01,9.850828830217047027e+00
7.275793083738210498e+01,9.001009187009787027e+00
7.277793655330094680e+01,1.004325845591089639e+01
7.279794226921978861e+01,9.420124008730448750e+00
7.281794798513861622e+01,9.258066756967462396e+00
7.283795370105744382e+01,8.928658018657598561e+00
7.285795941697628564e+01,9.220174964641117299e+00
7.287796513289511324e+01,8.884451583442261935e+00
7.289797084881394085e+01,8.943652021382090922e+00
7.291797656473278266e+01,1.010906454642458563e+01
7.293798228065162448e+01,1.057225765975637621e+01
7.295798799657045208e+01,1.002164091907105004e+01
7.297799371248927969e+01,9.312931711042345739e+00
7.299799942840812150e+01,1.033817669885910817e+01
7.301800514432696332e+01,1.076509338259328530e+01
7.303801086024579092e+01,9.966474157053331950e+00
7.305801657616461853e+01,1.032796039850033232e+01
7.307802229208346034e+01,1.004846292926169227e+01
7.309802800800228795e+01,9.308811992087719034e+00
7.311803372392111555e+01,1.035461037453031174e+01
7.313803943983995737e+01,1.038208334515884168e+01
7.315804515575879918e+01,1.019200162954816236e+01
7.317805087167762679e+01,1.059002881600022050e+01
7.319805658759645439e+01,1.074754297024692562e+01
7.321806230351529621e+01,1.095898677903932672e+01
7.323806801943413802e+01,9.735624704941139740e+00
7.325807373535295142e+01,1.075668441205872661e+01
7.327807945127179323e+01,1.018280523142319360e+01
7.329808516719063505e+01,1.083037265242254321e+01
7.331809088310946265e+01,1.092455647554302089e+01
7.333809659902829026e+01,1.021368737083487055e+01
7.335810231494713207e+01,1.044167672388227253e+01
7.337810803086597389e+01,9.965244885823196341e+00
7.339811374678480149e+01,1.076182485307545100e+01
7.341811946270362910e+01,9.189935546956476742e+00
7.343812517862247091e+01,9.330678691927539958e+00
7.345813089454129852e+01,1.031845943988000514e+01
7.347813661046012612e+01,9.544468205099130742e+00
7.349814232637896794e+01,9.388403455331291170e+00
7.351814804229780975e+01,9.243770372993230566e+00
7.353815375821663736e+01,9.132221134003845719e+00
7.355815947413546496e+01,1.001630454921802205e+01
7.357816519005430678e+01,9.317762088435465273e+00
7.359817090597314859e+01,8.901335101863431021e+00
7.361817662189197620e+01,9.110399232655458590e+00
7.363818233781080380e+01,1.034330540370534557e+01
7.365818805372964562e+01,9.970037252084633650e+00
7.367819376964847322e+01,1.037956781935468875e+01
7.369819948556730083e+01,9.527227090263849618e+00
7.371820520148614264e+01,9.788447872901564040e+00
7.373821091740498446e+01,1.069545954565172430e+01
7.375821663332381206e+01,9.988184758255123086e+00
7.377822234924263967e+01,9.668142647381159804e+00
7.379822806516148148e+01,1.077694942337676842e+01
7.381823378108030909e+01,9.642309552750313983e+00
7.383823949699913669e+01,9.511976696114890828e+00
7.385824521291797851e+01,1.072200727470304393e+01
7.387825092883682032e+01,1.042720123475167604e+01
7.389825664475564793e+01,1.068208635757761193e+01
7.391826236067447553e+01,9.896582176007264309e+00
7.393826807659331735e+01,1.016559137442458649e+01
7.395827379251215916e+01,1.023503816840961456e+01
7.397827950843098677e+01,9.096363457645765038e+00
7.399828522434981437e+01,9.266479379935809391e+00
7.401829094026865619e+01,9.739165733905137401e+00
7.403829665618748379e+01,9.826312005013086548e+00
7.405830237210632561e+01,1.010613333455417440e+01
7.407830808802515321e+01,1.094175354032813807e+01
7.409831380394398082e+01,9.116094967095630608e+00
7.411831951986282263e+01,1.086516138123995390e+01
7.413832523578165024e+01,1.021154125950874025e+01
7.415833095170049205e+01,1.065525940323397158e+01
7.417833666761931966e+01,8.936386583983868093e+00
7.419834238353816147e+01,1.050962176538225634e+01
7.421834809945698908e+01,1.021522430271886783e+01
7.423835381537583089e+01,9.269930359337822168e+00
7.425835953129465850e+01,9.833984837984163008e+00
7.427836524721348610e+01,1.042625954327048987e+01
7.429837096313232792e+01,9.186814308430450993e+00
7.431837667905115552e+01,1.016214374509954155e+01
7.433838239496999734e+01,9.064855622633160692e+00
7.435838811088882494e+01,9.757933659627809675e+00
7.437839382680766676e+01,9.408123211189160173e+00
7.439839954272649436e+01,9.696626414057893939e+00
7.441840525864533618e+01,8.453474767797816369e+00
7.443841097456416378e+01,8.690968305568597785e+00
7.445841669048300560e+01,9.747607426085634685e+00
7.447842240640183320e+01,9.013546031848189699e+00
7.449842812232066080e+01,8.183629659453968586e+00
7.451843383823950262e+01,8.356269802525025270e+00
7.453843955415833022e+01,8.437148355408885081e+00
7.455844527007717204e+01,8.926660159543260420e+00
7.457845098599599964e+01,9.619027546276766927e+00
7.459845670191484146e+01,9.836895785281726035e+00
7.461846241783366906e+01,9.475865830644890409e+00
7.463846813375251088e+01,9.463366391485891427e+00
7.465847384967133848e+01,9.912974253856789986e+00
7.467847956559016609e+01,9.928386329313697800e+00
7.469848528150900790e+01,9.404038247968150799e+00
7.471849099742783551e+01,8.593745168641497401e+00
7.473849671334667732e+01,8.614485318474178754e+00
7.475850242926550493e+01,1.031920301073846780e+01
7.477850814518434674e+01,9.890052546914771980e+00
7.479851386110317435e+01,1.029988929605665504e+01
7.481851957702201616e+01,8.919938412937179706e+00
7.483852529294084377e+01,9.247659775130648185e+00
7.485853100885967137e+01,9.289156778135817305e+00
7.487853672477851319e+01,9.119082650345752938e+00
7.489854244069734079e+01,1.099930667364565728e+01
7.491854815661618261e+01,1.101825728604913479e+01
7.493855387253501021e+01,9.898669476968784409e+00
7.495855958845385203e+01,1.071722298224305625e+01
7.497856530437267963e+01,1.092221889107349675e+01
7.499857102029152145e+01,1.095361951671556611e+01
7.501857673621034905e+01,1.006544380003459871e+01
7.503858245212917666e+01,1.198082163117784305e+01
7.505858816804801847e+01,1.076319124533430660e+01
7.507859388396684608e+01,1.173421143852798387e+01
7.509859959988568789e+01,1.142634886786183301e+01
7.511860531580451550e+01,1.123753204663143102e+01
7.513861103172335731e+01,1.273785172408193311e+01
7.515861674764218492e+01,1.246471662957909388e+01
7.517862246356102673e+01,1.253945743314471173e+01
7.519862817947985434e+01,1.241791299864716436e+01
7.521863389539868194e+01,1.323796861289844706e+01
7.523863961131752376e+01,1.201054719650647762e+01
7.525864532723635136e+01,1.327067453948482445e+01
7.527865104315519318e+01,1.401052243829590971e+01
7.529865675907402078e+01,1.408266022008412932e+01
7.531866247499286260e+01,1.333726363670503545e+01
7.533866819091169020e+01,1.445055897234973052e+01
7.535867390683053202e+01,1.504864008635458461e+01
7.537867962274935962e+01,1.402888779262734964e+01
7.539868533866820144e+01,1.569822392412359413e+01
7.541869105458702904e+01,1.638381702767471282e+01
7.543869677050585665e+01,1.524696367114375484e+01
7.545870248642469846e+01,1.591555403006482727e+01
7.547870820234352607e+01,1.738142928315459201e+01
7.549871391826236788e+01,1.699674214328952360e+01
7.551871963418119549e+01,1.722739405353364006e+01
7.553872535010003730e+01,1.791556574544672031e+01
7.555873106601886491e+01,1.790627196559459477e+01
7.557873678193770672e+01,1.860698851811127952e+01
7.559874249785653433e+01,1.846539598770553070e+01
7.561874821377536193e+01,1.921146111950847057e+01
7.563875392969420375e+01,1.907218778358731015e+01
7.565875964561303135e+01,1.874621380976799756e+01
7.567876536153187317e+01,1.865260287556973395e+01
7.569877107745070077e+01,1.919286334814740869e+01
7.571877679336954259e+01,1.978379707401600385e+01
7.573878250928837019e+01,1.902720539461599003e+01
7.575878822520721201e+01,1.968083603659170322e+01
7.577879394112603961e+01,1.953871109071386769e+01
7.579879965704486722e+01,1.845938405355873257e+01
7.581880537296370903e+01,1.846770423379474479e+01
7.583881108888253664e+01,1.777177873055640944e+01
7.585881680480137845e+01,1.883199176828404831e+01
7.587882252072020606e+01,1.719087419734157862e+01
7.589882823663904787e+01,1.822147534480088993e+01
7.591883395255787548e+01,1.756901641397441338e+01
7.593883966847671729e+01,1.719500435207550026e+01
7.595884538439554490e+01,1.691772475764486217e+01
7.597885110031437250e+01,1.702193176249107864e+01
7.599885681623321432e+01,1.565354822857789507e+01
7.601886253215204192e+01,1.644797587719048337e+01
7.603886824807088374e+01,1.682495132274556937e+01
7.605887396398971134e+01,1.672585312078342668e+01
7.607887967990855316e+01,1.543117751932104831e+01
7.609888539582738076e+01,1.649933166714056654e+01
7.611889111174622258e+01,1.521641677215971811e+01
7.613889682766505018e+01,1.617387442180834256e+01
7.615890254358387779e+01,1.638797765611038670e+01
7.617890825950271960e+01,1.533365518688422213e+01
7.619891397542154721e+01,1.515051753207531249e+01
7.621891969134038902e+01,1.680599694521277243e+01
7.623892540725921663e+01,1.508075741194567598e+01
7.625893112317805844e+01,1.574408019352007670e+01
7.627893683909688605e+01,1.557041162937142076e+01
7.629894255501572786e+01,1.670105179775269733e+01
7.631894827093455547e+01,1.626343663478231605e+01
7.633895398685339728e+01,1.592680738044366962e+01
7.635895970277222489e+01,1.579686293312148493e+01
7.637896541869105249e+01,1.560161804016663645e+01
7.639897113460989431e+01,1.617163547532145884e+01
7.641897685052872191e+01,1.596102196341634993e+01
7.643898256644756373e+01,1.460779729362975310e+01
7.645898828236639133e+01,1.473731816800592043e+01
7.647899399828523315e+01,1.457597179393831333e+01
7.649899971420406075e+01,1.424198801277357873e+01
7.651900543012290257e+01,1.547578594680804187e+01
7.653901114604173017e+01,1.525320882243275200e+01
7.655901686196055778e+01,1.337983718626951379e+01
7.657902257787939959e+01,1.354609766383565095e+01
7.659902829379822720e+01,1.338912672010569871e+01
7.661903400971706901e+01,1.341703112499224382e+01
7.663903972563589662e+01,1.366231756237116102e+01
7.665904544155473843e+01,1.322246214452565560e+01
7.667905115747356604e+01,1.317770482335733995e+01
7.669905687339240785e+01,1.265710509723033894e+01
7.671906258931123546e+01,1.314481970737810634e+01
7.673906830523006306e+01,1.352150785104507769e+01
7.675907402114890488e+01,1.308802526173884573e+01
7.677907973706773248e+01,1.216678421384664865e+01
7.679908545298657430e+01,1.241271837892282903e+01
7.681909116890540190e+01,1.263775397135182388e+01
7.683909688482424372e+01,1.396464391366805735e+01
7.685910260074307132e+01,1.408483057111703829e+01
7.687910831666191314e+01,1.273730510175370156e+01
7.689911403258074074e+01,1.371065681075742049e+01
7.691911974849956835e+01,1.403977687287358123e+01
7.693912546441841016e+01,1.461901549234885600e+01
7.695913118033723777e+01,1.294858236603318780e+01
7.697913689625607958e+01,1.327517416699684105e+01
7.699914261217490719e+01,1.396814685607180095e+01
7.701914832809374900e+01,1.412424593837537934e+01
7.703915404401257661e+01,1.510230697164940672e+01
7.705915975993141842e+01,1.377407114938744925e+01
7.707916547585024603e+01,1.515862667652521800e+01
7.709917119176907363e+01,1.460730703998611446e+01
7.711917690768791545e+01,1.359513438325045342e+01
7.713918262360674305e+01,1.507655529048998488e+01
7.715918833952558487e+01,1.484703787375779527e+01
7.717919405544441247e+01,1.400288047218824161e+01
7.719919977136325429e+01,1.368620598543568789e+01
7.721920548728208189e+01,1.348023354494944392e+01
7.723921120320092371e+01,1.314156521706781611e+01
7.725921691911975131e+01,1.449278191094077251e+01
7.727922263503859313e+01,1.412294184036821676e+01
7.729922835095742073e+01,1.244810298039228869e+01
7.731923406687624833e+01,1.238319481251960497e+01
7.733923978279509015e+01,1.315522339765697701e+01
7.735924549871391775e+01,1.237280042686519543e+01
7.737925121463275957e+01,1.226178122060439790e+01
7.739925693055158717e+01,1.169829562183053717e+01
7.741926264647042899e+01,1.184289361442600885e+01
7.743926836238925659e+01,1.171322922183568416e+01
7.745927407830809841e+01,1.133565940661881299e+01
7.747927979422692601e+01,1.085146325346850205e+01
7.749928551014575362e+01,1.098020091761935291e+01
7.751929122606459543e+01,1.010066820380355423e+01
7.753929694198342304e+01,1.091057462291695401e+01
7.755930265790226485e+01,9.591371435634712839e+00
7.757930837382109246e+01,1.009844372781654975e+01
7.759931408973993427e+01,1.069293602624640904e+01
7.761931980565876188e+01,1.072093750918191368e+01
7.763932552157760369e+01,8.975028764263379699e+00
7.765933123749643130e+01,1.074935621474844538e+01
7.767933695341525890e+01,1.011376744652759641e+01
7.769934266933410072e+01,9.653346533758977444e+00
7.771934838525292832e+01,9.578631293732691177e+00
7.773935410117177014e+01,9.488828804948660434e+00
7.775935981709059774e+01,9.752878934662716048e+00
7.777936553300943956e+01,9.164648867506546281e+00
7.779937124892826716e+01,9.876896677594304563e+00
7.781937696484710898e+01,8.929135613342428002e+00
7.783938268076593658e+01,9.349565710882989933e+00
7.785938839668476419e+01,1.072980712492537592e+01
7.787939411260360600e+01,9.746543870340449445e+00
7.789939982852243361e+01,1.006421145552607044e+01
7.791940554444127542e+01,9.746995611227569967e+00
7.793941126036010303e+01,9.499234888459838544e+00
7.795941697627894484e+01,9.842130272836586258e+00
7.797942269219777245e+01,1.091943409691090494e+01
7.799942840811661426e+01,9.913535564587906634e+00
7.801943412403544187e+01,1.018136713979320618e+01
7.803943983995426947e+01,1.068622074608641448e+01
7.805944555587311129e+01,1.052028688950930047e+01
7.807945127179193889e+01,1.074973739456813604e+01
7.809945698771078071e+01,1.151543876017298729e+01
7.811946270362960831e+01,1.279573627587695306e+01
7.813946841954845013e+01,1.233004870876046510e+01
7.815947413546727773e+01,1.282191986338718870e+01
7.817947985138611955e+01,1.216177752685549684e+01
7.819948556730494715e+01,1.268601176566633448e+01
7.821949128322378897e+01,1.323466965076004342e+01
7.823949699914261657e+01,1.429340744677143249e+01
7.825950271506144418e+01,1.417743292758162887e+01
7.827950843098028599e+01,1.432885276156834742e+01
7.829951414689911360e+01,1.493073815762045520e+01
7.831951986281795541e+01,1.690923312291030456e+01
7.833952557873678302e+01,1.621428331615071627e+01
7.835953129465562483e+01,1.621470278950366506e+01
7.837953701057445244e+01,1.765675305335730627e+01
7.839954272649329425e+01,1.801824563885539021e+01
7.841954844241212186e+01,1.787080123061059211e+01
7.843955415833094946e+01,1.923438134589872917e+01
7.845955987424979128e+01,1.961629689622416706e+01
7.847956559016861888e+01,2.018284557158673564e+01
7.849957130608746070e+01,1.933538205954343780e+01
7.851957702200628830e+01,1.973578189892979751e+01
7.853958273792513012e+01,1.978098509141056027e+01
7.855958845384395772e+01,2.129345354550964586e+01
7.857959416976279954e+01,2.097823762964535632e+01
7.859959988568162714e+01,2.035700161385711482e+01
7.861960560160045475e+01,1.998952026068303311e+01
7.863961131751929656e+01,2.092063290433246436e+01
7.865961703343812417e+01,2.061433739667966591e+01
7.867962274935696598e+01,1.963471379110096748e+01
7.869962846527579359e+01,2.078975715830729243e+01
7.871963418119463540e+01,2.072493478489105811e+01
7.873963989711346301e+01,2.001844024448383763e+01
7.875964561303230482e+01,1.845494758810276892e+01
7.877965132895113243e+01,1.854683550735204633e+01
7.879965704486996003e+01,1.913563437319210081e+01
7.881966276078880185e+01,1.740898644499839065e+01
7.883966847670762945e+01,1.820473930769323800e+01
7.885967419262647127e+01,1.760860272990993991e+01
7.887967990854529887e+01,1.625720736961518753e+01
7.889968562446414069e+01,1.632499117979545034e+01
7.891969134038296829e+01,1.587730144809618693e+01
7.893969705630181011e+01,1.633515358950720753e+01
7.895970277222063771e+01,1.557422044281813989e+01
7.897970848813946532e+01,1.613385581734841523e+01
7.899971420405830713e+01,1.635592101336658288e+01
7.901971991997713474e+01,1.570694074550387320e+01
7.903972563589597655e+01,1.514233009922244655e+01
7.905973135181480416e+01,1.535268007605381513e+01
7.907973706773364597e+01,1.465152742073490089e+01
7.909974278365247358e+01,1.460509391588227324e+01
7.911974849957131539e+01,1.482196076096786008e+01
7.913975421549014300e+01,1.442834043438776348e+01
7.915975993140898481e+01,1.490186679095475419e+01
7.917976564732781242e+01,1.489032326106101856e+01
7.919977136324664002e+01,1.506885307290279208e+01
7.921977707916548184e+01,1.517885779671158986e+01
7.923978279508430944e+01,1.520999228768747003e+01
7.925978851100315126e+01,1.470834201826168908e+01
7.927979422692197886e+01,1.577186684327221755e+01
7.929979994284082068e+01,1.512017171055794940e+01
7.931980565875964828e+01,1.506937901868196761e+01
7.933981137467849010e+01,1.571535038477172463e+01
7.935981709059731770e+01,1.583386578312991944e+01
7.937982280651614531e+01,1.692443515286629108e+01
7.939982852243498712e+01,1.682180330814128766e+01
7.941983423835381473e+01,1.769041209829344652e+01
7.943983995427265654e+01,1.762447373293787933e+01
7.945984567019148415e+01,1.689502540300629718e+01
7.947985138611032596e+01,1.728764256671950861e+01
7.949985710202915357e+01,1.773102827772269663e+01
7.951986281794799538e+01,1.861047276929322081e+01
7.953986853386682299e+01,1.938955333236621215e+01
7.955987424978565059e+01,1.914338275925739552e+01
7.957987996570449241e+01,1.833738565674222798e+01
7.959988568162332001e+01,1.972444752781872879e+01
7.961989139754216183e+01,1.959262494228547169e+01
7.963989711346098943e+01,2.099587846650800671e+01
7.965990282937983125e+01,2.038804526403262685e+01
7.967990854529865885e+01,2.102679489632158649e+01
7.969991426121750067e+01,2.140562987093689529e+01
7.971991997713632827e+01,2.015601184048324512e+01
7.973992569305515588e+01,2.101893211819551865e+01
7.975993140897399769e+01,2.096754129017900681e+01
7.977993712489282530e+01,2.059762887805325349e+01
7.979994284081166711e+01,2.003812115788974069e+01
7.981994855673049472e+01,2.033682206713005058e+01
7.983995427264933653e+01,1.994349224795771036e+01
7.985995998856816414e+01,2.027958244765679297e+01
7.987996570448700595e+01,2.030842679584297983e+01
7.989997142040583356e+01,1.919276644366199847e+01
7.991997713632466116e+01,1.984060257960054230e+01
7.993998285224350298e+01,1.782416826417570022e+01
7.995998856816233058e+01,1.878581804566251634e+01
7.997999428408117240e+01,1.821585971237060519e+01
8.000000000000000000e+01,5.991998926690760285e+00
