angle,intensity
1.000000000000000000e+01,7.570363071365846519e-01
1.002000571591883471e+01,4.487048871434957675e+00
1.004001143183766764e+01,4.217403459928259046e+00
1.006001714775650235e+01,4.402210792216093793e+00
1.008002286367533529e+01,4.976276697551240247e+00
1.010002857959417000e+01,5.885872029277547490e+00
1.012003429551300293e+01,5.928306633314855745e+00
1.014004001143183764e+01,5.173791494106014355e+00
1.016004572735067235e+01,5.869737301719383460e+00
1.018005144326950528e+01,5.279115232415930059e+00
1.020005715918833999e+01,5.676614960556594092e+00
1.022006287510717293e+01,6.833121587702842170e+00
1.024006859102600764e+01,5.792019672180222400e+00
1.026007430694484057e+01,6.209149099420441686e+00
1.028008002286367528e+01,7.460703888654561133e+00
1.030008573878250999e+01,6.733728091932125182e+00
1.032009145470134293e+01,7.309840116117904962e+00
1.034009717062017764e+01,7.264057703571183744e+00
1.036010288653901057e+01,7.355739616138533776e+00
1.038010860245784528e+01,7.139837308873882904e+00
1.040011431837667999e+01,8.439833578571336759e+00
1.042012003429551292e+01,7.482325654649970126e+00
1.044012575021434763e+01,7.838702113442059805e+00
1.046013146613318057e+01,9.334296640189204908e+00
1.048013718205201528e+01,8.270597811590773674e+00
1.050014289797084821e+01,8.841673860230958581e+00
1.052014861388968292e+01,9.414881779043536625e+00
1.054015432980851585e+01,9.391997856360102759e+00
1.056016004572735056e+01,1.008822068579251230e+01
1.058016576164618527e+01,1.084143930443207893e+01
1.060017147756501821e+01,9.651477427867590109e+00
1.062017719348385292e+01,1.072760325536966874e+01
1.064018290940268585e+01,1.164031384951106851e+01
1.066018862532152056e+01,1.053166463094680516e+01
1.068019434124035527e+01,1.098239177794211230e+01
1.070020005715918820e+01,1.117165384473342726e+01
1.072020577307802292e+01,1.284245277143522479e+01
1.074021148899685585e+01,1.246676355444019180e+01
1.076021720491569056e+01,1.191167153957620428e+01
1.078022292083452349e+01,1.332721125008247220e+01
1.080022863675335820e+01,1.330724512539365278e+01
1.082023435267219291e+01,1.404048291282023797e+01
1.084024006859102585e+01,1.479298521172474068e+01
1.086024578450986056e+01,1.536768764342756555e+01
1.088025150042869349e+01,1.560221840923726333e+01
1.090025721634752820e+01,1.463173958384081885e+01
1.092026293226636113e+01,1.639868360263035285e+01
1.094026864818519584e+01,1.622361139101677452e+01
1.096027436410403055e+01,1.540033551173562643e+01
1.098028008002286349e+01,1.742568603596077281e+01
1.100028579594169820e+01,1.666305924205484956e+01
1.102029151186053113e+01,1.738829249523988452e+01
1.104029722777936584e+01,1.810892732731882049e+01
1.106030294369819877e+01,1.763354531093870037e+01
1.108030865961703348e+01,1.876772476180360272e+01
1.110031437553586819e+01,1.856185806152237205e+01
1.112032009145470113e+01,2.012195849637051026e+01
1.114032580737353584e+01,2.007162114935827191e+01
1.116033152329236877e+01,1.986183414123934909e+01
1.118033723921120348e+01,2.127129086887046583e+01
1.120034295513003642e+01,2.089322523981604363e+01
1.122034867104887113e+01,2.227416779271140612e+01
1.124035438696770584e+01,2.263258501399476330e+01
1.126036010288653877e+01,2.290553930797473470e+01
1.128036581880537348e+01,2.300174881147972172e+01
1.130037153472420641e+01,2.304610685850254370e+01
1.132037725064304112e+01,2.330430887648969218e+01
1.134038296656187583e+01,2.550942117351737437e+01
1.136038868248070877e+01,2.539907582989206958e+01
1.138039439839954348e+01,2.574186940779685173e+01
1.140040011431837641e+01,2.644454587352686303e+01
1.142040583023721112e+01,2.672128205498109921e+01
1.144041154615604405e+01,2.725434738636373666e+01
1.146041726207487876e+01,2.798796515588471223e+01
1.148042297799371170e+01,2.931855677173751573e+01
1.150042869391254641e+01,2.856647517211231246e+01
1.152043440983138112e+01,2.984645757719664871e+01
1.154044012575021405e+01,3.076245078431157154e+01
1.156044584166904876e+01,3.195205082831136778e+01
1.158045155758788169e+01,3.247366861323735776e+01
1.160045727350671640e+01,3.262593632932947685e+01
1.162046298942555111e+01,3.323447563352285528e+01
1.164046870534438405e+01,3.474044477964422839e+01
1.166047442126321876e+01,3.548026626785089377e+01
1.168048013718205169e+01,3.459866336044078139e+01
1.170048585310088640e+01,3.515404240661276702e+01
1.172049156901971934e+01,3.589707155917392356e+01
1.174049728493855405e+01,3.769158935876482985e+01
1.176050300085738698e+01,3.899243906988374420e+01
1.178050871677622169e+01,3.840558909317200431e+01
1.180051443269505640e+01,3.999130603094435088e+01
1.182052014861388933e+01,4.087614327738950948e+01
1.184052586453272404e+01,4.054814904523626495e+01
1.186053158045155698e+01,4.278128398567462654e+01
1.188053729637039169e+01,4.312806565414776827e+01
1.190054301228922640e+01,4.360118633847406500e+01
1.192054872820805933e+01,4.415611881538782768e+01
1.194055444412689404e+01,4.394746140311711713e+01
1.196056016004572697e+01,4.565086919467896109e+01
1.198056587596456168e+01,4.508068290817092105e+01
1.200057159188339639e+01,4.512134828710584600e+01
1.202057730780222933e+01,4.616392728851381122e+01
1.204058302372106226e+01,4.582250662130646646e+01
1.206058873963989697e+01,4.741749993249727879e+01
1.208059445555873168e+01,4.707221671381585537e+01
1.210060017147756461e+01,4.684429505937544747e+01
1.212060588739639932e+01,4.546962277421957310e+01
1.214061160331523226e+01,4.632681867183446656e+01
1.216061731923406697e+01,4.539144429107202683e+01
1.218062303515290168e+01,4.487966489756161792e+01
1.220062875107173461e+01,4.358789900377375659e+01
1.222063446699056932e+01,4.277827333885197447e+01
1.224064018290940226e+01,3.980614629825371509e+01
1.226064589882823697e+01,3.921697361203683130e+01
1.228065161474707168e+01,3.765522857392263489e+01
1.230065733066590461e+01,3.493335415558205170e+01
1.232066304658473754e+01,3.362915434427402772e+01
1.234066876250357225e+01,3.043588898073211624e+01
1.236067447842240696e+01,2.943326084280605670e+01
1.238068019434123990e+01,2.600667564293168610e+01
1.240068591026007461e+01,2.445200686090742792e+01
1.242069162617890754e+01,2.220150529208010326e+01
1.244069734209774225e+01,1.997671502984864844e+01
1.246070305801657696e+01,1.841807776859869605e+01
1.248070877393540989e+01,1.597813491309521972e+01
1.250071448985424460e+01,1.512619711981895776e+01
1.252072020577307754e+01,1.353076188542294922e+01
1.254072592169191225e+01,1.207027965436324024e+01
1.256073163761074696e+01,9.571170740710281066e+00
1.258073735352957989e+01,1.001340053064739166e+01
1.260074306944841460e+01,9.334942905991892914e+00
1.262074878536724754e+01,6.981644369589218080e+00
1.264075450128608225e+01,6.984599052799659979e+00
1.266076021720491518e+01,7.293587086173563883e+00
1.268076593312374989e+01,6.861535602144249069e+00
1.270077164904258282e+01,5.078724269833410077e+00
1.272077736496141753e+01,5.427880443742238548e+00
1.274078308088025224e+01,4.201054454646441449e+00
1.276078879679908518e+01,5.587458294229512568e+00
1.278079451271791989e+01,4.666068319919863150e+00
1.280080022863675282e+01,3.790238327464283241e+00
1.282080594455558753e+01,3.478265757715939710e+00
1.284081166047442224e+01,4.855602712088689543e+00
1.286081737639325517e+01,4.774236313935950271e+00
1.288082309231208988e+01,3.268937830014599033e+00
1.290082880823092282e+01,3.218004418140776757e+00
1.292083452414975753e+01,3.101679912942336248e+00
1.294084024006859224e+01,4.417664032212329062e+00
1.296084595598742517e+01,4.012545515286849884e+00
1.298085167190625810e+01,4.182597344887708957e+00
1.300085738782509281e+01,3.456180795241742043e+00
1.302086310374392752e+01,3.097160620640609263e+00
1.304086881966276046e+01,2.395903223131054194e+00
1.306087453558159517e+01,3.663603560404248505e+00
1.308088025150042810e+01,3.721013877890600341e+00
1.310088596741926281e+01,3.635360792710458533e+00
1.312089168333809752e+01,2.884693148323327350e+00
1.314089739925693046e+01,3.813562672405394149e+00
1.316090311517576517e+01,3.461806419689745340e+00
1.318090883109459810e+01,3.464605536683843301e+00
1.320091454701343281e+01,3.877259385574583384e+00
1.322092026293226752e+01,2.508522936171303730e+00
1.324092597885110045e+01,2.023671707182171708e+00
1.326093169476993339e+01,2.477394451597719982e+00
1.328093741068876810e+01,2.907138699529939529e+00
1.330094312660760281e+01,2.327762579118926922e+00
1.332094884252643574e+01,2.715794690085222118e+00
1.334095455844527045e+01,2.244487618653313366e+00
1.336096027436410338e+01,3.088607932707727599e+00
1.338096599028293809e+01,2.068219740648152172e+00
1.340097170620177280e+01,1.892076628734775445e+00
1.342097742212060574e+01,2.816878137917174563e+00
1.344098313803944045e+01,2.192196868940087917e+00
1.346098885395827338e+01,2.035998509515091648e+00
1.348099456987710809e+01,2.986678467226569378e+00
1.350100028579594280e+01,1.932336712783964128e+00
1.352100600171477573e+01,2.515350443918919154e+00
1.354101171763361044e+01,2.700968433229701926e+00
1.356101743355244338e+01,2.212992689880174613e+00
1.358102314947127809e+01,2.786738140346214809e+00
1.360102886539011102e+01,3.117485824865939392e+00
1.362103458130894573e+01,2.340849016286861151e+00
1.364104029722777867e+01,3.407727850593505803e+00
1.366104601314661338e+01,2.187945857679859163e+00
1.368105172906544809e+01,2.211504250966956242e+00
1.370105744498428102e+01,1.805358875640752814e+00
1.372106316090311573e+01,2.763406766991692631e+00
1.374106887682194866e+01,2.039982924514314622e+00
1.376107459274078337e+01,1.913359353620513348e+00
1.378108030865961808e+01,2.140140980303228524e+00
1.380108602457845102e+01,1.663566241572623561e+00
1.382109174049728573e+01,1.882275668904970223e+00
1.384109745641611866e+01,2.953454168002600078e+00
1.386110317233495337e+01,2.260287206340574784e+00
1.388110888825378808e+01,1.753319917297601060e+00
1.390111460417262101e+01,2.051911894470479503e+00
1.392112032009145395e+01,2.898314864992471485e+00
1.394112603601028866e+01,2.312758850723563242e+00
1.396113175192912337e+01,2.707444309989256670e+00
1.398113746784795630e+01,2.336863937839843253e+00
1.400114318376679101e+01,3.023743783400970830e+00
1.402114889968562395e+01,2.021786144084800618e+00
1.404115461560445866e+01,2.718145057234992557e+00
1.406116033152329337e+01,2.160586171915924059e+00
1.408116604744212630e+01,2.416429742159137195e+00
1.410117176336095923e+01,2.047975886657692257e+00
1.412117747927979394e+01,2.138881410622315293e+00
1.414118319519862865e+01,2.111067643232964475e+00
1.416118891111746336e+01,1.995664328859283909e+00
1.418119462703629630e+01,2.583224896198336396e+00
1.420120034295512923e+01,1.858058908743205118e+00
1.422120605887396394e+01,1.851342634889600713e+00
1.424121177479279865e+01,2.277553797239292521e+00
1.426121749071163336e+01,2.510292635592793253e+00
1.428122320663046629e+01,2.996810256419872864e+00
1.430122892254929923e+01,3.235832229505426483e+00
1.432123463846813394e+01,2.148283018666876210e+00
1.434124035438696865e+01,1.679485897346726597e+00
1.436124607030580158e+01,1.974394451993164656e+00
1.438125178622463629e+01,1.792517982213055694e+00
1.440125750214346922e+01,1.956807643506301764e+00
1.442126321806230393e+01,2.007793562032358370e+00
1.444126893398113864e+01,2.460703459920618563e+00
1.446127464989997158e+01,3.201376044708761359e+00
1.448128036581880451e+01,3.442922551206283543e+00
1.450128608173763922e+01,2.329321172986312138e+00
1.452129179765647393e+01,3.176075654223125877e+00
1.454129751357530864e+01,2.573616206782773030e+00
1.456130322949414158e+01,3.388151288008998563e+00
1.458130894541297451e+01,2.245855866955559943e+00
1.460131466133180922e+01,2.015391647861831448e+00
1.462132037725064393e+01,3.422533681357506019e+00
1.464132609316947686e+01,1.988926949434294489e+00
1.466133180908831157e+01,2.056952748344699433e+00
1.468133752500714451e+01,1.893171180767803552e+00
1.470134324092597922e+01,2.149537709686141440e+00
1.472134895684481393e+01,2.569684038944830551e+00
1.474135467276364686e+01,2.101861536728556690e+00
1.476136038868247979e+01,3.408990144790878141e+00
1.478136610460131450e+01,2.572845665170046203e+00
1.480137182052014921e+01,3.216537871769040269e+00
1.482137753643898392e+01,2.812782574635765531e+00
1.484138325235781686e+01,3.338169026999452615e+00
1.486138896827664979e+01,2.048049741570842297e+00
1.488139468419548450e+01,3.321604476902379588e+00
1.490140040011431921e+01,2.473347848473627764e+00
1.492140611603315392e+01,2.056465720576498235e+00
1.494141183195198685e+01,2.012344399588445576e+00
1.496141754787081979e+01,2.232552289812760993e+00
1.498142326378965450e+01,1.821642809997615187e+00
1.500142897970848921e+01,3.551912955997917010e+00
1.502143469562732214e+01,3.467575263757629145e+00
1.504144041154615508e+01,2.961716918722769432e+00
1.506144612746498979e+01,1.842022010171427970e+00
1.508145184338382450e+01,2.366152430033919174e+00
1.510145755930265921e+01,2.225565759771915619e+00
1.512146327522149214e+01,3.630352435723702698e+00
1.514146899114032507e+01,2.636965459173760795e+00
1.516147470705915978e+01,2.063540626481453533e+00
1.518148042297799449e+01,2.900480856913207450e+00
1.520148613889682920e+01,2.037320628838373171e+00
1.522149185481566214e+01,2.716117466038348027e+00
1.524149757073449507e+01,3.257689457016472279e+00
1.526150328665332978e+01,2.610269336335361512e+00
1.528150900257216449e+01,2.106415285641564328e+00
1.530151471849099742e+01,2.186491436663823507e+00
1.532152043440983036e+01,1.933671787298380629e+00
1.534152615032866507e+01,3.240953434829242141e+00
1.536153186624749978e+01,2.915292743068699899e+00
1.538153758216633449e+01,2.177653748509267295e+00
1.540154329808516742e+01,2.106323899432869684e+00
1.542154901400400036e+01,2.806273588846539102e+00
1.544155472992283507e+01,3.709312275448902518e+00
1.546156044584166978e+01,2.228491379916154980e+00
1.548156616176050449e+01,3.562294365722055822e+00
1.550157187767933742e+01,2.390403421550060248e+00
1.552157759359817035e+01,3.138911464220431213e+00
1.554158330951700506e+01,2.446698459270338244e+00
1.556158902543583977e+01,3.283630336165835217e+00
1.558159474135467271e+01,2.420780401730982412e+00
1.560160045727350742e+01,2.436869214861283606e+00
1.562160617319234035e+01,2.931376247053367745e+00
1.564161188911117506e+01,2.678764152544779620e+00
1.566161760503000977e+01,2.811007210998477390e+00
1.568162332094884270e+01,2.363995008773422946e+00
1.570162903686767564e+01,3.105035919202170813e+00
1.572163475278651035e+01,3.149650913376498718e+00
1.574164046870534506e+01,2.277585389034985308e+00
1.576164618462417977e+01,2.804214954369763202e+00
1.578165190054301270e+01,2.874515089967727643e+00
1.580165761646184563e+01,3.327917327233805178e+00
1.582166333238068034e+01,3.479694892544581641e+00
1.584166904829951505e+01,2.458527054414717750e+00
1.586167476421834799e+01,3.680529286307416825e+00
1.588168048013718270e+01,1.915102277330728464e+00
1.590168619605601563e+01,2.975324174113489928e+00
1.592169191197485034e+01,2.702205229289217137e+00
1.594169762789368505e+01,1.949701828190778308e+00
1.596170334381251799e+01,3.020840487302100641e+00
1.598170905973135092e+01,3.159260909286900176e+00
1.600171477565018563e+01,3.412802604625298830e+00
1.602172049156902034e+01,2.635029391558393996e+00
1.604172620748785505e+01,2.327050803650616118e+00
1.606173192340668976e+01,2.173593615735128104e+00
1.608173763932552092e+01,3.068338259948897306e+00
1.610174335524435563e+01,3.846135491537156170e+00
1.612174907116319034e+01,3.825885496299618271e+00
1.614175478708202505e+01,2.890184210276559362e+00
1.616176050300085620e+01,3.151642770774316649e+00
1.618176621891969091e+01,3.753558257285287691e+00
1.620177193483852562e+01,2.197951561070254467e+00
1.622177765075736033e+01,2.884756189323117503e+00
1.624178336667619504e+01,2.484603534291971449e+00
1.626178908259502620e+01,3.062938411130805338e+00
1.628179479851386091e+01,3.678624820189799749e+00
1.630180051443269562e+01,3.713233637517763253e+00
1.632180623035153033e+01,2.988339683562703630e+00
1.634181194627036149e+01,3.891448773620638235e+00
1.636181766218919620e+01,2.136517875605080441e+00
1.638182337810803091e+01,3.798616171748180115e+00
1.640182909402686562e+01,2.031580951508853428e+00
1.642183480994570033e+01,2.513555827455383085e+00
1.644184052586453504e+01,3.674223837327299069e+00
1.646184624178336620e+01,3.009792254703883341e+00
1.648185195770220091e+01,3.873207930542847510e+00
1.650185767362103562e+01,2.916183841168666468e+00
1.652186338953986677e+01,3.506679580362034088e+00
1.654186910545870148e+01,2.397676004233881830e+00
1.656187482137753619e+01,2.960027055232356208e+00
1.658188053729637090e+01,2.746269285590152265e+00
1.660188625321520561e+01,3.461543710137794605e+00
1.662189196913404032e+01,3.207878008090667254e+00
1.664189768505287148e+01,2.638632901696977395e+00
1.666190340097170619e+01,3.793552793674088708e+00
1.668190911689054090e+01,3.063297377410651112e+00
1.670191483280937561e+01,3.217304471681180722e+00
1.672192054872820677e+01,3.665699484606761427e+00
1.674192626464704148e+01,2.859361721901745756e+00
1.676193198056587619e+01,2.595247026617148567e+00
1.678193769648471090e+01,2.913553712362287662e+00
1.680194341240354561e+01,3.920526320700688405e+00
1.682194912832238032e+01,2.665047448286556264e+00
1.684195484424121148e+01,2.588240310250251142e+00
1.686196056016004619e+01,2.246498817275365489e+00
1.688196627607888090e+01,3.936531262847474455e+00
1.690197199199771205e+01,2.731745461209331260e+00
1.692197770791654676e+01,3.664466088806152211e+00
1.694198342383538147e+01,3.493208605119674903e+00
1.696198913975421618e+01,2.764458630933439576e+00
1.698199485567305089e+01,3.115287272314005484e+00
1.700200057159188560e+01,3.463518016353323681e+00
1.702200628751071676e+01,2.199811141633718492e+00
1.704201200342955147e+01,3.496861684176032714e+00
1.706201771934838618e+01,3.408692891479135678e+00
1.708202343526722089e+01,3.187428163980341456e+00
1.710202915118605205e+01,3.512448913870119149e+00
1.712203486710488676e+01,2.542987264642277090e+00
1.714204058302372147e+01,3.270315179856872145e+00
1.716204629894255618e+01,3.407609233481443844e+00
1.718205201486139089e+01,2.804956807911020977e+00
1.720205773078022204e+01,2.382481692969686371e+00
1.722206344669905675e+01,3.641545792599301112e+00
1.724206916261789146e+01,2.831180237135708211e+00
1.726207487853672617e+01,3.356353044809694985e+00
1.728208059445555733e+01,4.138834827543097283e+00
1.730208631037439204e+01,4.033694809025536010e+00
1.732209202629322675e+01,3.826328566536824738e+00
1.734209774221206146e+01,4.018682053140286925e+00
1.736210345813089617e+01,3.668983501024357441e+00
1.738210917404973088e+01,4.042442965619466477e+00
1.740211488996856204e+01,2.428022251804387022e+00
1.742212060588739675e+01,2.343894731863942926e+00
1.744212632180623146e+01,3.288097800439543139e+00
1.746213203772506262e+01,2.639213134225208091e+00
1.748213775364389733e+01,2.620116847310436814e+00
1.750214346956273204e+01,4.166748367000296049e+00
1.752214918548156675e+01,3.884546606816758008e+00
1.754215490140040146e+01,2.541503088234527308e+00
1.756216061731923617e+01,3.306760913034311411e+00
1.758216633323806732e+01,2.438311625578179154e+00
1.760217204915690203e+01,2.719337556012861867e+00
1.762217776507573674e+01,3.391571602752468717e+00
1.764218348099457145e+01,3.025937687067318915e+00
1.766218919691340261e+01,3.556403248376120541e+00
1.768219491283223732e+01,4.232479008145881849e+00
1.770220062875107203e+01,3.509342479833847506e+00
1.772220634466990674e+01,2.806948002091236294e+00
1.774221206058874145e+01,2.587931524654481397e+00
1.776221777650757616e+01,3.289435586985069548e+00
1.778222349242640732e+01,3.500350632994608358e+00
1.780222920834524203e+01,3.117252205949029964e+00
1.782223492426407674e+01,3.572778317534763382e+00
1.784224064018290790e+01,2.587353368873007931e+00
1.786224635610174261e+01,3.720363722120009875e+00
1.788225207202057732e+01,2.769986969544299349e+00
1.790225778793941203e+01,3.393037551340241542e+00
1.792226350385824674e+01,3.468363746494990796e+00
1.794226921977708145e+01,3.888804377490700848e+00
1.796227493569591260e+01,2.748212985667539243e+00
1.798228065161474731e+01,3.336544528152451061e+00
1.800228636753358202e+01,3.764678554995045889e+00
1.802229208345241318e+01,3.728699278638172299e+00
1.804229779937124789e+01,3.608344580094993592e+00
1.806230351529008260e+01,3.430643791551921673e+00
1.808230923120891731e+01,2.795820467360151884e+00
1.810231494712775202e+01,4.288405098922315695e+00
1.812232066304658673e+01,2.564641768534256183e+00
1.814232637896542144e+01,2.905358926907533057e+00
1.816233209488425260e+01,4.372836086165281522e+00
1.818233781080308731e+01,3.090074519821293997e+00
1.820234352672191847e+01,4.374879091288319977e+00
1.822234924264075318e+01,4.402701986316569283e+00
1.824235495855958789e+01,3.412293355951453666e+00
1.826236067447842260e+01,2.655241389027782173e+00
1.828236639039725731e+01,3.146341527962915219e+00
1.830237210631609202e+01,3.525052289542843109e+00
1.832237782223492673e+01,3.389042832815618134e+00
1.834238353815375788e+01,3.016037445718122711e+00
1.836238925407259259e+01,3.008914034430114626e+00
1.838239496999142730e+01,3.944720054672613330e+00
1.840240068591025846e+01,2.867385129552029621e+00
1.842240640182909317e+01,3.949757724692708472e+00
1.844241211774792788e+01,3.345326216305453126e+00
1.846241783366676259e+01,3.135907992510374775e+00
1.848242354958559730e+01,3.406149100944305008e+00
1.850242926550443201e+01,4.383348467377693680e+00
1.852243498142326672e+01,4.382823720839502890e+00
1.854244069734209788e+01,4.459466520361859310e+00
1.856244641326093259e+01,4.555698252412800464e+00
1.858245212917976374e+01,2.931020041414020838e+00
1.860245784509859845e+01,3.189565497353479273e+00
1.862246356101743316e+01,4.002453600185183369e+00
1.864246927693626787e+01,3.243528525595976930e+00
1.866247499285510258e+01,4.239078830453381741e+00
1.868248070877393729e+01,4.199581037576649578e+00
1.870248642469277200e+01,4.394337036994664381e+00
1.872249214061160316e+01,3.930154400816139315e+00
1.874249785653043787e+01,3.602330277002987913e+00
1.876250357244927258e+01,3.487395854926081729e+00
1.878250928836810374e+01,4.098949813824283694e+00
1.880251500428693845e+01,4.474990913942146875e+00
1.882252072020577316e+01,4.698007542248764601e+00
1.884252643612460787e+01,4.128259248601946929e+00
1.886253215204344258e+01,3.369900908190556432e+00
1.888253786796227729e+01,4.059953712437302187e+00
1.890254358388111200e+01,3.564741135454918997e+00
1.892254929979994316e+01,4.886882349493436806e+00
1.894255501571877787e+01,4.726220446906125972e+00
1.896256073163760902e+01,4.129613192331216709e+00
1.898256644755644373e+01,5.025429798062621245e+00
1.900257216347527844e+01,4.606288491783233852e+00
1.902257787939411315e+01,5.220673450077072175e+00
1.904258359531294786e+01,5.384753952734558702e+00
1.906258931123178257e+01,4.891441480553539556e+00
1.908259502715061728e+01,4.680856304944780000e+00
1.910260074306944844e+01,5.426046500626615199e+00
1.912260645898828315e+01,3.902895807625450519e+00
1.914261217490711431e+01,4.158658996876136271e+00
1.916261789082594902e+01,4.376501976460443366e+00
1.918262360674478373e+01,5.634093385536857568e+00
1.920262932266361844e+01,5.567807147691521408e+00
1.922263503858245315e+01,4.943632702722681849e+00
1.924264075450128786e+01,4.884538451118434210e+00
1.926264647042012257e+01,5.318605899315441476e+00
1.928265218633895373e+01,6.444292025386759271e+00
1.930265790225778844e+01,5.050076305462157578e+00
1.932266361817662315e+01,6.749834395110450913e+00
1.934266933409545430e+01,6.973925323730361114e+00
1.936267505001428901e+01,6.803163451699091091e+00
1.938268076593312372e+01,7.288442433344460625e+00
1.940268648185195843e+01,6.575772251304575100e+00
1.942269219777079314e+01,6.625518284952490511e+00
1.944269791368962785e+01,7.048591714502130401e+00
1.946270362960846256e+01,7.752357377715037856e+00
1.948270934552729372e+01,7.124500577048515915e+00
1.950271506144612843e+01,9.030371012360969729e+00
1.952272077736495959e+01,8.902842636252611186e+00
1.954272649328379430e+01,9.529879776375956624e+00
1.956273220920262901e+01,9.336669484288268706e+00
1.958273792512146372e+01,8.987425193504842369e+00
1.960274364104029843e+01,9.803542795164688073e+00
1.962274935695913314e+01,1.071316418938834580e+01
1.964275507287796785e+01,1.089070772828519118e+01
1.966276078879679901e+01,1.042602920058531879e+01
1.968276650471563372e+01,1.044765112837886178e+01
1.970277222063446487e+01,1.102281313750684077e+01
1.972277793655329958e+01,1.218872747817435176e+01
1.974278365247213429e+01,1.232767913619660405e+01
1.976278936839096900e+01,1.381338808883082692e+01
1.978279508430980371e+01,1.381564959092409950e+01
1.980280080022863842e+01,1.346160374821320715e+01
1.982280651614747313e+01,1.530024950594092914e+01
1.984281223206630784e+01,1.424993620672271533e+01
1.986281794798513900e+01,1.544906209056944846e+01
1.988282366390397371e+01,1.528540008462489830e+01
1.990282937982280487e+01,1.731986787451028675e+01
1.992283509574163958e+01,1.719301922708680763e+01
1.994284081166047429e+01,1.813875244129520681e+01
1.996284652757930900e+01,1.849417421614583290e+01
1.998285224349814371e+01,1.911057670121678953e+01
2.000285795941697842e+01,2.069395294454528766e+01
2.002286367533581313e+01,2.150634698715233029e+01
2.004286939125464428e+01,2.195855151448527565e+01
2.006287510717347899e+01,2.119158484136902132e+01
2.008288082309231015e+01,2.195241282061724064e+01
2.010288653901114486e+01,2.413817510189187132e+01
2.012289225492997957e+01,2.474801622535424528e+01
2.014289797084881428e+01,2.539882620215874809e+01
2.016290368676764899e+01,2.607807792541641945e+01
2.018290940268648370e+01,2.762143773238399191e+01
2.020291511860531841e+01,2.770301726054377056e+01
2.022292083452414957e+01,2.848098101449693687e+01
2.024292655044298428e+01,2.993755019122214378e+01
2.026293226636181899e+01,3.110707567256901385e+01
2.028293798228065015e+01,3.179234758273616634e+01
2.030294369819948486e+01,3.276969178495695445e+01
2.032294941411831957e+01,3.238544760608596107e+01
2.034295513003715428e+01,3.370186895107495673e+01
2.036296084595598899e+01,3.463592623731224052e+01
2.038296656187482370e+01,3.526259719598812836e+01
2.040297227779365841e+01,3.632698846214209709e+01
2.042297799371248956e+01,3.648352431508569538e+01
2.044298370963132427e+01,3.590843926004966136e+01
2.046298942555015543e+01,3.652237129043003705e+01
2.048299514146899014e+01,3.773000587470703948e+01
2.050300085738782485e+01,3.637428540060734150e+01
2.052300657330665956e+01,3.728550649619361224e+01
2.054301228922549427e+01,3.764338748659981349e+01
2.056301800514432898e+01,3.729791099471259486e+01
2.058302372106316369e+01,3.653564510620206107e+01
2.060302943698199485e+01,3.564806594390812933e+01
2.062303515290082956e+01,3.462274947889218879e+01
2.064304086881966072e+01,3.344606797577584700e+01
2.066304658473849543e+01,3.275970342621283748e+01
2.068305230065733014e+01,3.191387697784067967e+01
2.070305801657616485e+01,3.014380491675825624e+01
2.072306373249499956e+01,2.941688223844885641e+01
2.074306944841383427e+01,2.763228343303902435e+01
2.076307516433266898e+01,2.530566118172867718e+01
2.078308088025150369e+01,2.388829750417568576e+01
2.080308659617033484e+01,2.175988079175488465e+01
2.082309231208916955e+01,2.025011523938318092e+01
2.084309802800800071e+01,1.958700148727269053e+01
2.086310374392683542e+01,1.750571579073247008e+01
2.088310945984567013e+01,1.713636494961816581e+01
2.090311517576450484e+01,1.565122855733340224e+01
2.092312089168333955e+01,1.383708982562297152e+01
2.094312660760217426e+01,1.352694526696643784e+01
2.096313232352100897e+01,1.163183302199257518e+01
2.098313803943984013e+01,1.096834858716626826e+01
2.100314375535867484e+01,9.949739964586230556e+00
2.102314947127750600e+01,8.753078093956126793e+00
2.104315518719634071e+01,9.759120905141465130e+00
2.106316090311517542e+01,8.588699521693653693e+00
2.108316661903401013e+01,7.475504466031813955e+00
2.110317233495284484e+01,7.208571722365848089e+00
2.112317805087167955e+01,8.031670809167248848e+00
2.114318376679051426e+01,6.595895349662333373e+00
2.116318948270934541e+01,7.001402817783444199e+00
2.118319519862818012e+01,7.389563402138831449e+00
2.120320091454701483e+01,5.675243427919443029e+00
2.122320663046584599e+01,6.982495227184092101e+00
2.124321234638468070e+01,6.233877896743186930e+00
2.126321806230351541e+01,5.714505762324389337e+00
2.128322377822235012e+01,5.354307696049358967e+00
2.130322949414118483e+01,5.672848704425669908e+00
2.132323521006001954e+01,5.659801747613488310e+00
2.134324092597885425e+01,5.541323728540270110e+00
2.136324664189768541e+01,6.765754953104875291e+00
2.138325235781652012e+01,6.678032147535166274e+00
2.140325807373535127e+01,5.606112802282878782e+00
2.142326378965418598e+01,5.666265763004853184e+00
2.144326950557302069e+01,5.628616527236111722e+00
2.146327522149185540e+01,6.266311099672305041e+00
2.148328093741069011e+01,5.528071473150006909e+00
2.150328665332952482e+01,6.699005887947929949e+00
2.152329236924835953e+01,5.599781200495572264e+00
2.154329808516719069e+01,5.060900845657693381e+00
2.156330380108602540e+01,6.081517745250264007e+00
2.158330951700485656e+01,4.826902544770078407e+00
2.160331523292369127e+01,5.162775340350235886e+00
2.162332094884252598e+01,6.388098527807288818e+00
2.164332666476136069e+01,6.641152205536999809e+00
2.166333238068019540e+01,6.142092066830596941e+00
2.168333809659903011e+01,5.683154704700399407e+00
2.170334381251786482e+01,4.955568732921207697e+00
2.172334952843669598e+01,5.796662386010607904e+00
2.174335524435553069e+01,6.040903851551853165e+00
2.176336096027436540e+01,4.690857169575902930e+00
2.178336667619319655e+01,5.016069999609845453e+00
2.180337239211203126e+01,5.074137908089556781e+00
2.182337810803086597e+01,6.024337366035009467e+00
2.184338382394970068e+01,4.754932494720102376e+00
2.186338953986853539e+01,4.786107987098343841e+00
2.188339525578737010e+01,5.061388843846093444e+00
2.190340097170620481e+01,5.354214484722628065e+00
2.192340668762503597e+01,5.871803067312787228e+00
2.194341240354387068e+01,5.695087373744265768e+00
2.196341811946270184e+01,5.802511789764905004e+00
2.198342383538153655e+01,4.709887857474768680e+00
2.200342955130037126e+01,5.393451433007750317e+00
2.202343526721920597e+01,4.346124941433548550e+00
2.204344098313804068e+01,5.328822624965374288e+00
2.206344669905687539e+01,4.030095499741633169e+00
2.208345241497571010e+01,4.751768262652761976e+00
2.210345813089454126e+01,5.203222246556591379e+00
2.212346384681337597e+01,4.691933849636205522e+00
2.214346956273221068e+01,5.408735659335135892e+00
2.216347527865104183e+01,4.519999307491275431e+00
2.218348099456987654e+01,4.127831146994104472e+00
2.220348671048871125e+01,5.087377378238937098e+00
2.222349242640754596e+01,4.239435129618149389e+00
2.224349814232638067e+01,5.014930570000786680e+00
2.226350385824521538e+01,4.148542013739564993e+00
2.228350957416405009e+01,4.226725389126593235e+00
2.230351529008288125e+01,4.692564926754354104e+00
2.232352100600171596e+01,4.930304986650401844e+00
2.234352672192054712e+01,3.914600764007012401e+00
2.236353243783938183e+01,3.912215495066254434e+00
2.238353815375821654e+01,4.970166805970826829e+00
2.240354386967705125e+01,3.826249113961237125e+00
2.242354958559588596e+01,5.244146665089949977e+00
2.244355530151472067e+01,4.677628708141006619e+00
2.246356101743355538e+01,4.747527854803764491e+00
2.248356673335238654e+01,5.410403722154224049e+00
2.250357244927122125e+01,5.305350560539809024e+00
2.252357816519005240e+01,5.022260926362747568e+00
2.254358388110888711e+01,4.058105608794734920e+00
2.256358959702772182e+01,4.444949502005212771e+00
2.258359531294655653e+01,5.006101427780694557e+00
2.260360102886539124e+01,4.611408538384667466e+00
2.262360674478422595e+01,3.986620362520768790e+00
2.264361246070306066e+01,5.381271274520329051e+00
2.266361817662189182e+01,5.428207295210880190e+00
2.268362389254072653e+01,5.273124322016654375e+00
2.270362960845956124e+01,4.917795635029554191e+00
2.272363532437839240e+01,3.831586958179836078e+00
2.274364104029722711e+01,4.697557030311219073e+00
2.276364675621606182e+01,5.464362990784645824e+00
2.278365247213489653e+01,3.762153524658140125e+00
2.280365818805373124e+01,4.115248539164624297e+00
2.282366390397256595e+01,4.974111801489271123e+00
2.284366961989140066e+01,3.652165945615923004e+00
2.286367533581023181e+01,4.017636647174900766e+00
2.288368105172906652e+01,3.703892231755182785e+00
2.290368676764789768e+01,4.955257520852830666e+00
2.292369248356673239e+01,5.413078529924795212e+00
2.294369819948556710e+01,4.047649109973885828e+00
2.296370391540440181e+01,4.200450225453649544e+00
2.298370963132323652e+01,5.302678510774493148e+00
2.300371534724207123e+01,4.413267067288924039e+00
2.302372106316090594e+01,4.953671813188509354e+00
2.304372677907973710e+01,3.830078241345802326e+00
2.306373249499857181e+01,5.351891701717468308e+00
2.308373821091740652e+01,4.438778386922467512e+00
2.310374392683623768e+01,4.876358686064398817e+00
2.312374964275507239e+01,4.915247811962482061e+00
2.314375535867390710e+01,4.817785158426763026e+00
2.316376107459274181e+01,5.261032858336762708e+00
2.318376679051157652e+01,4.763612963831329594e+00
2.320377250643041123e+01,4.010112237671997981e+00
2.322377822234924594e+01,5.544162631200196145e+00
2.324378393826807709e+01,5.692459896814006548e+00
2.326378965418691180e+01,4.213031747966921259e+00
2.328379537010574296e+01,5.086142300551951045e+00
2.330380108602457767e+01,4.654464367792118473e+00
2.332380680194341238e+01,4.114349519782312115e+00
2.334381251786224709e+01,4.451938374652469221e+00
2.336381823378108180e+01,5.411457733470076192e+00
2.338382394969991651e+01,5.117412303296721809e+00
2.340382966561875122e+01,5.377151293536760690e+00
2.342383538153758238e+01,5.622197928317194560e+00
2.344384109745641709e+01,4.179112610085893742e+00
2.346384681337524825e+01,5.289304809328521984e+00
2.348385252929408296e+01,4.530249494737231153e+00
2.350385824521291767e+01,4.335274544912293138e+00
2.352386396113175238e+01,5.068441402704083387e+00
2.354386967705058709e+01,5.652668243188102792e+00
2.356387539296942180e+01,5.666902314150714659e+00
2.358388110888825651e+01,6.233216464333618312e+00
2.360388682480708766e+01,4.927420035887163152e+00
2.362389254072592237e+01,5.198002916238541715e+00
2.364389825664475708e+01,6.112978914698964594e+00
2.366390397256358824e+01,5.885179967455431260e+00
2.368390968848242295e+01,6.902558963251303581e+00
2.370391540440125766e+01,6.782685089050537464e+00
2.372392112032009237e+01,6.505499553674773949e+00
2.374392683623892708e+01,7.240005836328215594e+00
2.376393255215776179e+01,6.190628704401408555e+00
2.378393826807659650e+01,6.377395848098760922e+00
2.380394398399542766e+01,7.369785516391291758e+00
2.382394969991426237e+01,6.962672496329801675e+00
2.384395541583309353e+01,7.059069773085507649e+00
2.386396113175192824e+01,7.584241535486519581e+00
2.388396684767076295e+01,8.181430195067207478e+00
2.390397256358959766e+01,7.415932250845255425e+00
2.392397827950843237e+01,8.249445285650747195e+00
2.394398399542726708e+01,7.642296543295576505e+00
2.396398971134610179e+01,8.971795165149309526e+00
2.398399542726493294e+01,8.927286816976844008e+00
2.400400114318376765e+01,8.514864745063178475e+00
2.402400685910260236e+01,9.732534490170493768e+00
2.404401257502143352e+01,8.928210346363115946e+00
2.406401829094026823e+01,1.004663483765559562e+01
2.408402400685910294e+01,9.685663125736359902e+00
2.410402972277793765e+01,9.648868085687910323e+00
2.412403543869677236e+01,1.179386881770946793e+01
2.414404115461560707e+01,1.211209985496749830e+01
2.416404687053444178e+01,1.096102209508295466e+01
2.418405258645327294e+01,1.254452762815326672e+01
2.420405830237210765e+01,1.196577300562151969e+01
2.422406401829093880e+01,1.230122795632450305e+01
2.424406973420977351e+01,1.295239995727883731e+01
2.426407545012860822e+01,1.465987792894062203e+01
2.428408116604744293e+01,1.475391489531159905e+01
2.430408688196627764e+01,1.378309424170692132e+01
2.432409259788511235e+01,1.582247174301645920e+01
2.434409831380394706e+01,1.588651806235005637e+01
2.436410402972277822e+01,1.631605147264687972e+01
2.438410974564161293e+01,1.641213352867747233e+01
2.440411546156044409e+01,1.727601843513354041e+01
2.442412117747927880e+01,1.739048212070274246e+01
2.444412689339811351e+01,1.789837231471256374e+01
2.446413260931694822e+01,1.951069540499527477e+01
2.448413832523578293e+01,1.882213306819305743e+01
2.450414404115461764e+01,2.100236551739700985e+01
2.452414975707345235e+01,2.064530300965166276e+01
2.454415547299228351e+01,2.169667682474043602e+01
2.456416118891111822e+01,2.171744652726713909e+01
2.458416690482995293e+01,2.231993379457866666e+01
2.460417262074878408e+01,2.134838342805790745e+01
2.462417833666761879e+01,2.299476397364027846e+01
2.464418405258645350e+01,2.338692626993402968e+01
2.466418976850528821e+01,2.206331250862128357e+01
2.468419548442412292e+01,2.234168311546956431e+01
2.470420120034295763e+01,2.187851138362465875e+01
2.472420691626179234e+01,2.205274531601993360e+01
2.474421263218062350e+01,2.241957765565250327e+01
2.476421834809945821e+01,2.084313422829893270e+01
2.478422406401828937e+01,2.055189349785807451e+01
2.480422977993712408e+01,1.916817451188178367e+01
2.482423549585595879e+01,1.893657871139405913e+01
2.484424121177479350e+01,1.816611811894206951e+01
2.486424692769362821e+01,1.698106203490964816e+01
2.488425264361246292e+01,1.684925318691454876e+01
2.490425835953129763e+01,1.535852324677796155e+01
2.492426407545012879e+01,1.519116353468187519e+01
2.494426979136896350e+01,1.455023180294968554e+01
2.496427550728779821e+01,1.420092068109975791e+01
2.498428122320662936e+01,1.453100168521968172e+01
2.500428693912546407e+01,1.336335390385145594e+01
2.502429265504429878e+01,1.270985881013103835e+01
2.504429837096313349e+01,1.330402557138061503e+01
2.506430408688196820e+01,1.312059294155913314e+01
2.508430980280080291e+01,1.410340581537538185e+01
2.510431551871963762e+01,1.287955824605790767e+01
2.512432123463846878e+01,1.306145010984565857e+01
2.514432695055730349e+01,1.372483577218778095e+01
2.516433266647613465e+01,1.474911667250286307e+01
2.518433838239496936e+01,1.516198607121675224e+01
2.520434409831380407e+01,1.438630967949986506e+01
2.522434981423263878e+01,1.641539359722472824e+01
2.524435553015147349e+01,1.725792412188092584e+01
2.526436124607030820e+01,1.799568162093527590e+01
2.528436696198914291e+01,1.739918858278016245e+01
2.530437267790797407e+01,1.867352588447283779e+01
2.532437839382680878e+01,1.922759580187493000e+01
2.534438410974563993e+01,2.073605714591517923e+01
2.536438982566447464e+01,2.113822049113717583e+01
2.538439554158330935e+01,2.162611731158377992e+01
2.540440125750214406e+01,2.385738294240273660e+01
2.542440697342097877e+01,2.522258078261088343e+01
2.544441268933981348e+01,2.530551174075550236e+01
2.546441840525864819e+01,2.681216227530658713e+01
2.548442412117747935e+01,2.786004339137542374e+01
2.550442983709631406e+01,3.032399513276462955e+01
2.552443555301514877e+01,3.173380440806355196e+01
2.554444126893397993e+01,3.189880223948362215e+01
2.556444698485281464e+01,3.516238841434645934e+01
2.558445270077164935e+01,3.639617411978132111e+01
2.560445841669048406e+01,3.696705569573513372e+01
2.562446413260931877e+01,3.898814810800773500e+01
2.564446984852815348e+01,4.088738895738489987e+01
2.566447556444698819e+01,4.213214681248643245e+01
2.568448128036581934e+01,4.374721086529601877e+01
2.570448699628465405e+01,4.686116272640234115e+01
2.572449271220348521e+01,4.810226806591936821e+01
2.574449842812231992e+01,5.002849123734311831e+01
2.576450414404115463e+01,5.076524518887823945e+01
2.578450985995998934e+01,5.191677644191853602e+01
2.580451557587882405e+01,5.409512805554889070e+01
2.582452129179765876e+01,5.410076008801789271e+01
2.584452700771649347e+01,5.615340444802932041e+01
2.586453272363532463e+01,5.682851350000962043e+01
2.588453843955415934e+01,5.649007021005569129e+01
2.590454415547299405e+01,5.741930881409334830e+01
2.592454987139182521e+01,5.864427280619975136e+01
2.594455558731065992e+01,5.895382648197010411e+01
2.596456130322949463e+01,5.809659720483947609e+01
2.598456701914832934e+01,5.794847043564205080e+01
2.600457273506716405e+01,5.796363349843019108e+01
2.602457845098599520e+01,5.952813716805772515e+01
2.604458416690482991e+01,5.862341488800549172e+01
2.606458988282366462e+01,5.940556524876164701e+01
2.608459559874249933e+01,5.924818537130937557e+01
2.610460131466133404e+01,5.799038139554946270e+01
2.612460703058016520e+01,5.870826962228910162e+01
2.614461274649899991e+01,5.800691365445835146e+01
2.616461846241783462e+01,5.847010139661843198e+01
2.618462417833666933e+01,5.683714651376166671e+01
2.620462989425550404e+01,5.700405177224098452e+01
2.622463561017433520e+01,5.623929327261340205e+01
2.624464132609316991e+01,5.575290502940761428e+01
2.626464704201200462e+01,5.286448425790392491e+01
2.628465275793083933e+01,5.167134683523428151e+01
2.630465847384967049e+01,5.059420983928460203e+01
2.632466418976850520e+01,4.764059664744556954e+01
2.634466990568733991e+01,4.502484880918848376e+01
2.636467562160617462e+01,4.330503600285511823e+01
2.638468133752500933e+01,4.076158359499530093e+01
2.640468705344384048e+01,3.718379935749181442e+01
2.642469276936267519e+01,3.495503462714338383e+01
2.644469848528150990e+01,3.224590000228338482e+01
2.646470420120034461e+01,2.841248768634158850e+01
2.648470991711917932e+01,2.559055884337447750e+01
2.650471563303801048e+01,2.338918858191639316e+01
2.652472134895684519e+01,2.135612710990947960e+01
2.654472706487567990e+01,1.909740149135173937e+01
2.656473278079451461e+01,1.769027756555951925e+01
2.658473849671334932e+01,1.615638456027962633e+01
2.660474421263218048e+01,1.578997934477771103e+01
2.662474992855101519e+01,1.442590746038869476e+01
2.664475564446984990e+01,1.178510298716556903e+01
2.666476136038868461e+01,1.240832614394342137e+01
2.668476707630751577e+01,1.158193544021579946e+01
2.670477279222635048e+01,1.121000313789447134e+01
2.672477850814518519e+01,9.127303271590379907e+00
2.674478422406401990e+01,8.801425911179517669e+00
2.676478993998285461e+01,9.449638188496544799e+00
2.678479565590168576e+01,9.551447459603542356e+00
2.680480137182052047e+01,7.978783874867250603e+00
2.682480708773935518e+01,9.140519330157667710e+00
2.684481280365818989e+01,7.961822770033164076e+00
2.686481851957702460e+01,7.765648086383631465e+00
2.688482423549585576e+01,7.108776678553437200e+00
2.690482995141469047e+01,7.615078619607010602e+00
2.692483566733352518e+01,8.132960823413032614e+00
2.694484138325235989e+01,6.439765917146324625e+00
2.696484709917119105e+01,6.819043555358062392e+00
2.698485281509002576e+01,6.125369872072334410e+00
2.700485853100886047e+01,7.142952175323724617e+00
2.702486424692769518e+01,6.451909167552454250e+00
2.704486996284652989e+01,6.053616798988278092e+00
2.706487567876536104e+01,7.652844385771903291e+00
2.708488139468419575e+01,6.797088092781677027e+00
2.710488711060303046e+01,6.137139876241613834e+00
2.712489282652186517e+01,6.138143694932702843e+00
2.714489854244069988e+01,6.231510620374053566e+00
2.716490425835953104e+01,7.210981605108674586e+00
2.718490997427836575e+01,5.603435318866505810e+00
2.720491569019720046e+01,7.235743682053922043e+00
2.722492140611603517e+01,6.784639162380075916e+00
2.724492712203486633e+01,6.205358425377940357e+00
2.726493283795370104e+01,7.131713590562876348e+00
2.728493855387253575e+01,6.793065437176657007e+00
2.730494426979137046e+01,5.890263234291154504e+00
2.732494998571020517e+01,6.063202115408008908e+00
2.734495570162903633e+01,5.826674383445273442e+00
2.736496141754787104e+01,6.939701159221434601e+00
2.738496713346670575e+01,6.149689050299000925e+00
2.740497284938554046e+01,6.081938315605229128e+00
2.742497856530437517e+01,6.907355864949806801e+00
2.744498428122320632e+01,6.890654366298321065e+00
2.746498999714204103e+01,6.329451983903451762e+00
2.748499571306087574e+01,5.850871922980472206e+00
2.750500142897971045e+01,5.841979108048143132e+00
2.752500714489854516e+01,5.917895613125643273e+00
2.754501286081737632e+01,5.837775840093352819e+00
2.756501857673621103e+01,6.585673160415034921e+00
2.758502429265504574e+01,7.444839704724275364e+00
2.760503000857388045e+01,6.248700056846159256e+00
2.762503572449271161e+01,6.823990337741420831e+00
2.764504144041154632e+01,7.384110822600852053e+00
2.766504715633038103e+01,6.251964817360158300e+00
2.768505287224921574e+01,7.899115188457612291e+00
2.770505858816805045e+01,7.983472558424024257e+00
2.772506430408688161e+01,6.751629759038307199e+00
2.774507002000571632e+01,7.789277174988439967e+00
2.776507573592455103e+01,7.372800566466197303e+00
2.778508145184338574e+01,8.207510084975929487e+00
2.780508716776222045e+01,7.206636633362152544e+00
2.782509288368105160e+01,8.428838421923735780e+00
2.784509859959988631e+01,8.199047790486400089e+00
2.786510431551872102e+01,7.900202782900224818e+00
2.788511003143755573e+01,9.636885856136828465e+00
2.790511574735638689e+01,8.451165413344607913e+00
2.792512146327522160e+01,8.693450999958290737e+00
2.794512717919405631e+01,9.580957250653170831e+00
2.796513289511289102e+01,1.065748944365466500e+01
2.798513861103172573e+01,1.049629891797460068e+01
2.800514432695055689e+01,1.198523744842181671e+01
2.802515004286939160e+01,1.184505654112321160e+01
2.804515575878822631e+01,1.293265952198675173e+01
2.806516147470706102e+01,1.194021792128768134e+01
2.808516719062589573e+01,1.268840295999174472e+01
2.810517290654472689e+01,1.392676881891351570e+01
2.812517862246356160e+01,1.390057715926362114e+01
2.814518433838239631e+01,1.446179639195713840e+01
2.816519005430123102e+01,1.560719486761966834e+01
2.818519577022006217e+01,1.756453911911072296e+01
2.820520148613889688e+01,1.829020399447681910e+01
2.822520720205773159e+01,1.914712446031074933e+01
2.824521291797656630e+01,1.870038402275400813e+01
2.826521863389540101e+01,2.061150602307527180e+01
2.828522434981423217e+01,2.167379176415467157e+01
2.830523006573306688e+01,2.218900260340729602e+01
2.832523578165190159e+01,2.424269744131186144e+01
2.834524149757073630e+01,2.634187805470880051e+01
2.836524721348957101e+01,2.677034507081852865e+01
2.838525292940840217e+01,2.891394925545222350e+01
2.840525864532723688e+01,2.938212340377042153e+01
2.842526436124607159e+01,3.156268257640417829e+01
2.844527007716490630e+01,3.377420876761151192e+01
2.846527579308374101e+01,3.382579502602118993e+01
2.848528150900257216e+01,3.656504319695969230e+01
2.850528722492140687e+01,3.882959844259242033e+01
2.852529294084024158e+01,3.921172388059015645e+01
2.854529865675907629e+01,4.158060322165055567e+01
2.856530437267790745e+01,4.416456934262854617e+01
2.858531008859674216e+01,4.418448868083762449e+01
2.860531580451557687e+01,4.742911259662238166e+01
2.862532152043441158e+01,4.802418184724705696e+01
2.864532723635324629e+01,4.935190038745661667e+01
2.866533295227207745e+01,5.029593968548081051e+01
2.868533866819091216e+01,5.142965231564570416e+01
2.870534438410974687e+01,5.370832185443379103e+01
2.872535010002858158e+01,5.328960566392068898e+01
2.874535581594741629e+01,5.486985382955392510e+01
2.876536153186624745e+01,5.470998726844887017e+01
2.878536724778508216e+01,5.630314261867708581e+01
2.880537296370391687e+01,5.573184805878256043e+01
2.882537867962275158e+01,5.756206588925545020e+01
2.884538439554158273e+01,5.642957435843140246e+01
2.886539011146041744e+01,5.791180048327289853e+01
2.888539582737925215e+01,5.640296525141843631e+01
2.890540154329808686e+01,5.801057965932674421e+01
2.892540725921692157e+01,5.799411782902799928e+01
2.894541297513575273e+01,5.750033431780624227e+01
2.896541869105458744e+01,5.787040349836610886e+01
2.898542440697342215e+01,5.752265498910440300e+01
2.900543012289225686e+01,5.653387436186409332e+01
2.902543583881109157e+01,5.636936151691260477e+01
2.904544155472992273e+01,5.635827481654560245e+01
2.906544727064875744e+01,5.569350961039390313e+01
2.908545298656759215e+01,5.461738472550885604e+01
2.910545870248642686e+01,5.370155053691376423e+01
2.912546441840525802e+01,5.177949397880647808e+01
2.914547013432409273e+01,4.926846247342302121e+01
2.916547585024292744e+01,4.730082163613899127e+01
2.918548156616176215e+01,4.547857961966538198e+01
2.920548728208059686e+01,4.363257416962280644e+01
2.922549299799942801e+01,4.083187643698986591e+01
2.924549871391826272e+01,3.703789766361922631e+01
2.926550442983709743e+01,3.435491432694711733e+01
2.928551014575593214e+01,3.207982987987556811e+01
2.930551586167476685e+01,2.890315980512226091e+01
2.932552157759359801e+01,2.784025612594863119e+01
2.934552729351243272e+01,2.461762573461307468e+01
2.936553300943126743e+01,2.220122865136716328e+01
2.938553872535010214e+01,2.112442172844345833e+01
2.940554444126893330e+01,1.792812275041541525e+01
2.942555015718776801e+01,1.708794404845856363e+01
2.944555587310660272e+01,1.524176580481474019e+01
2.946556158902543743e+01,1.473902082060326713e+01
2.948556730494427214e+01,1.301258184086141867e+01
2.950557302086310330e+01,1.191701620856231614e+01
2.952557873678193801e+01,1.105241513645870022e+01
2.954558445270077272e+01,1.010369649955648796e+01
2.956559016861960743e+01,1.063299824083195588e+01
2.958559588453844214e+01,9.280922795135953862e+00
2.960560160045727329e+01,9.367383865388925202e+00
2.962560731637610800e+01,8.209292402010749612e+00
2.964561303229494271e+01,7.636725682408996185e+00
2.966561874821377742e+01,9.099359566354204176e+00
2.968562446413261213e+01,7.652207039442485481e+00
2.970563018005144329e+01,8.427670531825830480e+00
2.972563589597027800e+01,7.283972274433311078e+00
2.974564161188911271e+01,7.916305175709563713e+00
2.976564732780794742e+01,8.157981715656756450e+00
2.978565304372677858e+01,7.877709834332028649e+00
2.980565875964561329e+01,7.465342535740294494e+00
2.982566447556444800e+01,6.080475715290395655e+00
2.984567019148328271e+01,6.950651643870779495e+00
2.986567590740211742e+01,7.664581180689901352e+00
2.988568162332094857e+01,6.392573098649212859e+00
2.990568733923978328e+01,6.919631245021122368e+00
2.992569305515861799e+01,6.946568386095079539e+00
2.994569877107745270e+01,7.406296081492621752e+00
2.996570448699628741e+01,6.772098014960630685e+00
2.998571020291511857e+01,6.088175313843770198e+00
3.000571591883395328e+01,6.479626882354450501e+00
3.002572163475278799e+01,5.826809616408120895e+00
3.004572735067162270e+01,5.677691983881469895e+00
3.006573306659045386e+01,6.441880252936615925e+00
3.008573878250928857e+01,5.964304858141615817e+00
3.010574449842812328e+01,5.161261667216161975e+00
3.012575021434695799e+01,5.349445989520265066e+00
3.014575593026579270e+01,5.400406348702706971e+00
3.016576164618462386e+01,5.791178626097957860e+00
3.018576736210345857e+01,6.493254480388228167e+00
3.020577307802229328e+01,6.199038691054025385e+00
3.022577879394112799e+01,6.662689447473152171e+00
3.024578450985996270e+01,5.662155093461788802e+00
3.026579022577879385e+01,4.917400706847749881e+00
3.028579594169762856e+01,5.388859304619616708e+00
3.030580165761646327e+01,5.947199188690525773e+00
3.032580737353529798e+01,5.453480268892008986e+00
3.034581308945412914e+01,6.625800181452802917e+00
3.036581880537296385e+01,5.788493180090742207e+00
3.038582452129179856e+01,5.645028075826760805e+00
3.040583023721063327e+01,6.616872859477100022e+00
3.042583595312946798e+01,5.357449397160556792e+00
3.044584166904829914e+01,6.322238170211312180e+00
3.046584738496713385e+01,5.710837743538093925e+00
3.048585310088596856e+01,5.425357293033305162e+00
3.050585881680480327e+01,6.392013917027049352e+00
3.052586453272363798e+01,6.556467314211916531e+00
3.054587024864246914e+01,5.664653202374448249e+00
3.056587596456130385e+01,5.006801557788389090e+00
3.058588168048013856e+01,6.171442328735138538e+00
3.060588739639897327e+01,5.327083579524602541e+00
3.062589311231780798e+01,4.740107343010397933e+00
3.064589882823663913e+01,5.764738426509724789e+00
3.066590454415547384e+01,5.735857545903899180e+00
3.068591026007430855e+01,5.170320403542685739e+00
3.070591597599314326e+01,5.670311311071413840e+00
3.072592169191197442e+01,5.042973088020758610e+00
3.074592740783080913e+01,4.995227548088212011e+00
3.076593312374964384e+01,5.617606941200912196e+00
3.078593883966847855e+01,6.286331317919500172e+00
3.080594455558731326e+01,5.519431911246158506e+00
3.082595027150614442e+01,4.807769984615721803e+00
3.084595598742497913e+01,6.373476433881826608e+00
3.086596170334381384e+01,5.666080122228324356e+00
3.088596741926264855e+01,6.229485213849554448e+00
3.090597313518148326e+01,6.302279128624403093e+00
3.092597885110031442e+01,4.960201284069083449e+00
3.094598456701914913e+01,4.814022191292602670e+00
3.096599028293798384e+01,4.852886902313884754e+00
3.098599599885681855e+01,6.073704006653722232e+00
3.100600171477564970e+01,4.633420616762206734e+00
3.102600743069448441e+01,6.202795949601623171e+00
3.104601314661331912e+01,4.924663962949234808e+00
3.106601886253215383e+01,4.642325741555943353e+00
3.108602457845098854e+01,5.936547706711380101e+00
3.110603029436981970e+01,5.795893658088952627e+00
3.112603601028865441e+01,6.362346880359245560e+00
3.114604172620748912e+01,5.384449112343366650e+00
3.116604744212632383e+01,4.524145405499807815e+00
3.118605315804515854e+01,5.258285564187519689e+00
3.120605887396398970e+01,6.164595392234138771e+00
3.122606458988282441e+01,5.259637934873083509e+00
3.124607030580165912e+01,6.235023586794008921e+00
3.126607602172049383e+01,5.519184765054799158e+00
3.128608173763932498e+01,6.250610410291329799e+00
3.130608745355815969e+01,4.843492762301028876e+00
3.132609316947699440e+01,6.028756393144893977e+00
3.134609888539582911e+01,4.669883914082695320e+00
3.136610460131466382e+01,6.351881996098986960e+00
3.138611031723349498e+01,4.511307019737349044e+00
3.140611603315232969e+01,5.928392648229754869e+00
3.142612174907116440e+01,4.713152418316393977e+00
3.144612746498999911e+01,4.604611945223093805e+00
3.146613318090883382e+01,5.232364708842474954e+00
3.148613889682766498e+01,5.902674333667818019e+00
3.150614461274649969e+01,4.497811042158478934e+00
3.152615032866533440e+01,6.060627229548291695e+00
3.154615604458416911e+01,4.844805147879469587e+00
3.156616176050300382e+01,5.737267715513428179e+00
3.158616747642183498e+01,5.107144068352678978e+00
3.160617319234066969e+01,6.012173198228940585e+00
3.162617890825950440e+01,5.433313790141954591e+00
3.164618462417833911e+01,5.767601326901655945e+00
3.166619034009717026e+01,6.064978715053262803e+00
3.168619605601600497e+01,6.271314398237747056e+00
3.170620177193483968e+01,5.792307014723742320e+00
3.172620748785367439e+01,4.522185508716352054e+00
3.174621320377250910e+01,5.540772249740448352e+00
3.176621891969134026e+01,4.499988482540571155e+00
3.178622463561017497e+01,6.244535782631176701e+00
3.180623035152900968e+01,5.513678668579080622e+00
3.182623606744784439e+01,5.831811675157979380e+00
3.184624178336667910e+01,4.975527003542153714e+00
3.186624749928551026e+01,4.812304739971770218e+00
3.188625321520434497e+01,5.029654283585839103e+00
3.190625893112317968e+01,5.781512831406765862e+00
3.192626464704201439e+01,5.646657912738807461e+00
3.194627036296084555e+01,6.360924482376579370e+00
3.196627607887968026e+01,5.056300029772403448e+00
3.198628179479851497e+01,5.176487787652900963e+00
3.200628751071734968e+01,5.583388796576381097e+00
3.202629322663618439e+01,4.670343287384832287e+00
3.204629894255501199e+01,5.273578728403066407e+00
3.206630465847385381e+01,5.767816574544431418e+00
3.208631037439268141e+01,4.636437183874829948e+00
3.210631609031152323e+01,5.841568968904089054e+00
3.212632180623035083e+01,5.910090190646257291e+00
3.214632752214918554e+01,5.195150028594371250e+00
3.216633323806802025e+01,5.850557262827425831e+00
3.218633895398685496e+01,6.002339073990370366e+00
3.220634466990568967e+01,4.806783039023469151e+00
3.222635038582451728e+01,4.901508214933778085e+00
3.224635610174335909e+01,4.967778564191463353e+00
3.226636181766218670e+01,6.269237105702714530e+00
3.228636753358102851e+01,4.896346958743456490e+00
3.230637324949985612e+01,4.908692812599245947e+00
3.232637896541869083e+01,4.542245436266142633e+00
3.234638468133752554e+01,5.823315173988509841e+00
3.236639039725636025e+01,4.543557438366127244e+00
3.238639611317519496e+01,4.777028364009439976e+00
3.240640182909402967e+01,5.049499841842288284e+00
3.242640754501286438e+01,4.891000619642873914e+00
3.244641326093169198e+01,5.360406136810149214e+00
3.246641897685053380e+01,6.168484532475077664e+00
3.248642469276936140e+01,5.866480248022683419e+00
3.250643040868819611e+01,4.599732456688013116e+00
3.252643612460703082e+01,5.907261562321782122e+00
3.254644184052586553e+01,5.607751113914083874e+00
3.256644755644470024e+01,4.888693891951567672e+00
3.258645327236353495e+01,5.630112076597723281e+00
3.260645898828236966e+01,5.300427847661052461e+00
3.262646470420119726e+01,6.405535586746192500e+00
3.264647042012003908e+01,4.881507973309883397e+00
3.266647613603886668e+01,5.115617045120955275e+00
3.268648185195770850e+01,6.461482739100915751e+00
3.270648756787653610e+01,5.589785083388150611e+00
3.272649328379537081e+01,6.498703508074140878e+00
3.274649899971420552e+01,5.075681653057548814e+00
3.276650471563304023e+01,5.899360775761318010e+00
3.278651043155187494e+01,5.962730657575868065e+00
3.280651614747070255e+01,6.459843359272000818e+00
3.282652186338954436e+01,5.922065212122661571e+00
3.284652757930837197e+01,6.260217336301943547e+00
3.286653329522721378e+01,5.759594588190844355e+00
3.288653901114604139e+01,5.100623376794948705e+00
3.290654472706487610e+01,5.381907057536565731e+00
3.292655044298371081e+01,4.882490243716169687e+00
3.294655615890254552e+01,5.225785794372598936e+00
3.296656187482138023e+01,4.833560702382922791e+00
3.298656759074020783e+01,4.710865709751045571e+00
3.300657330665904965e+01,5.999005036172946781e+00
3.302657902257787725e+01,5.466552227218719473e+00
3.304658473849671907e+01,6.258781547652091604e+00
3.306659045441554667e+01,5.533702246177635509e+00
3.308659617033438138e+01,6.466574917356585850e+00
3.310660188625321609e+01,5.545600219945668208e+00
3.312660760217205080e+01,5.442778172897924982e+00
3.314661331809088551e+01,5.247304587467452208e+00
3.316661903400971312e+01,6.429806393059845249e+00
3.318662474992855493e+01,6.480161012413404364e+00
3.320663046584738254e+01,5.038748508337286935e+00
3.322663618176622435e+01,5.336208610232735516e+00
3.324664189768505196e+01,5.866957247922433893e+00
3.326664761360388667e+01,5.020422125708193128e+00
3.328665332952272138e+01,6.109317157098499429e+00
3.330665904544155609e+01,6.459384636500892007e+00
3.332666476136039080e+01,6.057320940199763193e+00
3.334667047727922551e+01,5.716912204449968726e+00
3.336667619319806022e+01,5.952758661785980010e+00
3.338668190911688782e+01,6.636316373175759509e+00
3.340668762503572964e+01,6.682325490683915348e+00
3.342669334095455724e+01,5.035037967213581211e+00
3.344669905687339195e+01,5.631947854040761925e+00
3.346670477279222666e+01,6.470101561187003192e+00
3.348671048871106137e+01,5.063857426386770832e+00
3.350671620462989608e+01,5.412088941222325644e+00
3.352672192054873079e+01,6.811114957944935711e+00
3.354672763646756550e+01,6.912026478233485705e+00
3.356673335238639311e+01,6.798438334898904145e+00
3.358673906830523492e+01,6.979127896597464797e+00
3.360674478422406253e+01,5.220478821639275679e+00
3.362675050014290434e+01,6.881186475607764308e+00
3.364675621606173195e+01,5.932904931005452909e+00
3.366676193198056666e+01,5.276193200746792655e+00
3.368676764789940137e+01,6.011643843286353039e+00
3.370677336381823608e+01,6.621661006193764187e+00
3.372677907973707079e+01,7.032151122985426994e+00
3.374678479565589839e+01,6.186784607031462713e+00
3.376679051157474021e+01,6.588052925109722402e+00
3.378679622749356781e+01,5.572802440891092779e+00
3.380680194341240963e+01,7.234489617067322520e+00
3.382680765933123723e+01,7.048652565886628807e+00
3.384681337525007194e+01,7.075992354596650991e+00
3.386681909116890665e+01,7.004801275333568000e+00
3.388682480708774136e+01,6.450423055958010465e+00
3.390683052300657607e+01,7.364922452008322296e+00
3.392683623892540368e+01,6.253900939925729041e+00
3.394684195484424549e+01,6.595466674577080468e+00
3.396684767076307310e+01,6.080560853216987027e+00
3.398685338668191491e+01,7.049197521686862089e+00
3.400685910260074252e+01,6.023886541243864912e+00
3.402686481851957723e+01,7.147677379283351229e+00
3.404687053443841194e+01,7.445068192737735124e+00
3.406687625035724665e+01,7.381312565900866041e+00
3.408688196627608136e+01,6.974138878275284448e+00
3.410688768219490896e+01,6.442712134961376513e+00
3.412689339811375078e+01,6.316156667638098021e+00
3.414689911403257838e+01,8.179784989121559491e+00
3.416690482995142020e+01,7.866632721652901061e+00
3.418691054587024780e+01,8.220680783354945120e+00
3.420691626178908251e+01,7.929327234600619612e+00
3.422692197770791722e+01,7.019120566914788917e+00
3.424692769362675193e+01,7.002340517205671411e+00
3.426693340954558664e+01,8.691921288383262834e+00
3.428693912546442135e+01,8.849266872184372801e+00
3.430694484138325606e+01,7.620367664003563135e+00
3.432695055730208367e+01,7.889385273613181759e+00
3.434695627322092548e+01,9.302840471711261827e+00
3.436696198913975309e+01,8.997603246000688060e+00
3.438696770505858780e+01,8.424090914522430751e+00
3.440697342097742251e+01,8.608682288948592998e+00
3.442697913689625722e+01,1.059200094020203942e+01
3.444698485281509193e+01,9.913886519784202989e+00
3.446699056873392664e+01,1.114263523853303184e+01
3.448699628465276135e+01,1.195725980540634126e+01
3.450700200057158895e+01,1.166337084152223014e+01
3.452700771649043077e+01,1.297096735751758523e+01
3.454701343240925837e+01,1.270677405822310035e+01
3.456701914832810019e+01,1.353994678352072434e+01
3.458702486424692779e+01,1.425915753351191029e+01
3.460703058016576250e+01,1.585339103179921061e+01
3.462703629608459721e+01,1.589419894917313947e+01
3.464704201200343192e+01,1.679190665552934902e+01
3.466704772792226663e+01,1.737530951600059126e+01
3.468705344384109424e+01,2.020334111854427661e+01
3.470705915975993605e+01,2.058851035578028998e+01
3.472706487567876366e+01,2.295539567640124545e+01
3.474707059159760547e+01,2.380976544417630336e+01
3.476707630751643308e+01,2.586554731863865442e+01
3.478708202343526779e+01,2.766201239661190669e+01
3.480708773935410250e+01,2.882852630797185611e+01
3.482709345527293721e+01,3.243636096248010858e+01
3.484709917119177192e+01,3.440439177373121282e+01
3.486710488711059952e+01,3.565291650012535740e+01
3.488711060302944134e+01,3.942701734063523133e+01
3.490711631894826894e+01,4.163517415203486394e+01
3.492712203486711076e+01,4.389998452923899208e+01
3.494712775078593836e+01,4.769473290947772881e+01
3.496713346670477307e+01,5.061463451324509322e+01
3.498713918262360778e+01,5.397120041941028745e+01
3.500714489854244249e+01,5.832308406723240779e+01
3.502715061446127720e+01,6.043540259297476780e+01
3.504715633038010481e+01,6.442439119494811450e+01
3.506716204629894662e+01,6.769361756688287812e+01
3.508716776221777423e+01,7.245227068377455737e+01
3.510717347813661604e+01,7.420888662386488477e+01
3.512717919405544365e+01,7.852117348189605650e+01
3.514718490997427836e+01,8.108238132629149675e+01
3.516719062589311307e+01,8.518688816816688814e+01
3.518719634181194778e+01,8.746653272664723033e+01
3.520720205773078249e+01,8.987121024030537342e+01
3.522720777364961720e+01,9.244807656604378110e+01
3.524721348956845191e+01,9.360972886003128224e+01
3.526721920548727951e+01,9.555266273218616391e+01
3.528722492140612133e+01,9.653362319956769966e+01
3.530723063732494893e+01,9.873602596857170965e+01
3.532723635324378364e+01,9.999999999999998579e+01
3.534724206916261835e+01,9.931738803166268781e+01
3.536724778508145306e+01,9.936879858671599663e+01
3.538725350100028777e+01,9.989075467847480638e+01
3.540725921691912248e+01,9.946918258526271472e+01
3.542726493283795719e+01,9.987873494404503560e+01
3.544727064875678479e+01,9.907555372983431141e+01
3.546727636467562661e+01,9.792485547749909358e+01
3.548728208059445421e+01,9.614103309499341776e+01
3.550728779651329603e+01,9.408947292092746295e+01
3.552729351243212363e+01,9.162139994072619231e+01
3.554729922835095834e+01,8.865749843534250374e+01
3.556730494426979305e+01,8.709690018559462032e+01
3.558731066018862776e+01,8.320602907986889818e+01
3.560731637610746247e+01,7.910089672309223374e+01
3.562732209202629008e+01,7.579883431157365692e+01
3.564732780794513189e+01,7.164466590189100259e+01
3.566733352386395950e+01,6.917560055804621300e+01
3.568733923978280131e+01,6.472188043551733472e+01
3.570734495570162892e+01,6.235140535099758097e+01
3.572735067162046363e+01,5.845473743236153297e+01
3.574735638753929834e+01,5.447547593007921307e+01
3.576736210345813305e+01,5.101804026628705202e+01
3.578736781937696776e+01,4.834774803140982868e+01
3.580737353529579536e+01,4.472659686356207231e+01
3.582737925121463718e+01,4.218500879926506997e+01
3.584738496713346478e+01,3.858659707872564582e+01
3.586739068305230660e+01,3.622214060644555644e+01
3.588739639897113420e+01,3.274646350013077267e+01
3.590740211488996891e+01,3.062150457517679314e+01
3.592740783080880362e+01,2.775177365558320730e+01
3.594741354672763833e+01,2.689147399033611308e+01
3.596741926264647304e+01,2.339080464046686458e+01
3.598742497856530065e+01,2.166145082062376304e+01
3.600743069448414246e+01,2.124393130106622962e+01
3.602743641040297007e+01,1.970824526385390385e+01
3.604744212632181188e+01,1.704644067073722269e+01
3.606744784224063949e+01,1.626739714708892492e+01
3.608745355815947420e+01,1.561230468437417862e+01
3.610745927407830891e+01,1.346697083850920151e+01
3.612746498999714362e+01,1.336715476469547070e+01
3.614747070591597833e+01,1.191018411031534541e+01
3.616747642183481304e+01,1.203399275194784046e+01
3.618748213775364775e+01,1.183393324681226488e+01
3.620748785367247535e+01,1.018121928388959141e+01
3.622749356959131717e+01,1.080981118033469990e+01
3.624749928551014477e+01,1.081649591670276678e+01
3.626750500142897948e+01,9.214541750010722510e+00
3.628751071734781419e+01,1.044881047663431239e+01
3.630751643326664890e+01,8.903564192540699196e+00
3.632752214918548361e+01,8.914988903900320949e+00
3.634752786510431832e+01,9.401655950722560107e+00
3.636753358102315303e+01,9.382024257243616105e+00
3.638753929694198064e+01,8.476438442920274596e+00
3.640754501286082245e+01,7.907722591575886639e+00
3.642755072877965006e+01,8.683932192649384874e+00
3.644755644469849187e+01,8.318093139077294751e+00
3.646756216061731948e+01,9.025471119096065920e+00
3.648756787653615419e+01,9.079507615198435744e+00
3.650757359245498890e+01,7.262537143520892080e+00
3.652757930837382361e+01,8.240227265351398600e+00
3.654758502429265832e+01,7.196762225388473766e+00
3.656759074021148592e+01,7.960702091899695354e+00
3.658759645613032774e+01,8.067403636036784675e+00
3.660760217204915534e+01,8.794785456093372034e+00
3.662760788796799716e+01,7.946832507866592010e+00
3.664761360388682476e+01,7.911164941819905039e+00
3.666761931980565947e+01,7.050431544062801592e+00
3.668762503572449418e+01,7.880955739119530179e+00
3.670763075164332889e+01,8.948571443231813305e+00
3.672763646756216360e+01,8.614074589564646445e+00
3.674764218348099121e+01,8.854849431758834655e+00
3.676764789939983302e+01,8.020878170962264520e+00
3.678765361531866063e+01,7.993991114852711632e+00
3.680765933123750244e+01,8.101679299003118118e+00
3.682766504715633005e+01,8.336889698582297115e+00
3.684767076307516476e+01,9.129775338706314969e+00
3.686767647899399947e+01,8.716306089140939406e+00
3.688768219491283418e+01,9.347384816803678831e+00
3.690768791083166889e+01,1.015125216265707842e+01
3.692769362675049649e+01,1.012264321971550096e+01
3.694769934266933831e+01,1.077610220299222021e+01
3.696770505858816591e+01,9.905189802316428427e+00
3.698771077450700773e+01,1.065149967095549144e+01
3.700771649042583533e+01,1.026345085605155383e+01
3.702772220634467004e+01,1.112804630535709727e+01
3.704772792226350475e+01,1.078013721682333959e+01
3.706773363818233946e+01,1.270778944071403416e+01
3.708773935410117417e+01,1.203439032675760245e+01
3.710774507002000888e+01,1.292390655876661221e+01
3.712775078593884359e+01,1.417649847176260636e+01
3.714775650185767120e+01,1.436858737882346126e+01
3.716776221777651301e+01,1.487677720907940149e+01
3.718776793369534062e+01,1.563917667399125300e+01
3.720777364961417533e+01,1.546227991980566507e+01
3.722777936553301004e+01,1.730864710118637007e+01
3.724778508145184475e+01,1.816845073035589664e+01
3.726779079737067946e+01,1.908359555505370864e+01
3.728779651328951417e+01,1.860616020014586169e+01
3.730780222920834888e+01,1.893360736779386144e+01
3.732780794512717648e+01,2.005279551393575233e+01
3.734781366104601830e+01,2.119805238953350113e+01
3.736781937696484590e+01,2.255429766266958680e+01
3.738782509288368772e+01,2.346799974835526115e+01
3.740783080880251532e+01,2.317738318768172689e+01
3.742783652472135003e+01,2.315340018118763865e+01
3.744784224064018474e+01,2.468984199316656714e+01
3.746784795655901945e+01,2.576926409291871778e+01
3.748785367247785416e+01,2.490761583566910886e+01
3.750785938839668177e+01,2.540172336622951121e+01
3.752786510431552358e+01,2.462321705952057727e+01
3.754787082023435119e+01,2.468908407773834313e+01
3.756787653615319300e+01,2.596934766366055669e+01
3.758788225207202061e+01,2.535135905824910196e+01
3.760788796799085532e+01,2.434452190023832330e+01
3.762789368390969003e+01,2.265330430261278494e+01
3.764789939982852474e+01,2.276510310975108098e+01
3.766790511574735945e+01,2.167673225966915496e+01
3.768791083166618705e+01,2.191044657716179955e+01
3.770791654758502887e+01,2.040865351258990046e+01
3.772792226350385647e+01,1.997984234094712264e+01
3.774792797942269829e+01,1.759223635256288887e+01
3.776793369534152589e+01,1.682065404634066397e+01
3.778793941126036060e+01,1.537333079528375812e+01
3.780794512717919531e+01,1.570321969749712387e+01
3.782795084309803002e+01,1.444898874075086326e+01
3.784795655901686473e+01,1.284685630209205520e+01
3.786796227493569234e+01,1.271924817474191904e+01
3.788796799085453415e+01,1.154100789124650106e+01
3.790797370677336176e+01,1.223286491522557284e+01
3.792797942269220357e+01,1.163783495620798902e+01
3.794798513861103118e+01,9.771906482641982805e+00
3.796799085452986589e+01,9.691914248569412749e+00
3.798799657044870060e+01,9.530273665444012110e+00
3.800800228636753531e+01,9.003583974489155040e+00
3.802800800228637002e+01,9.184580430739044843e+00
3.804801371820520473e+01,7.920146305477060444e+00
3.806801943412403944e+01,7.146412748646074675e+00
3.808802515004286704e+01,7.129885522794450203e+00
3.810803086596170886e+01,8.207978552881083800e+00
3.812803658188053646e+01,6.935118412851579706e+00
3.814804229779937117e+01,6.533500031367499794e+00
3.816804801371820588e+01,7.626326451054896260e+00
3.818805372963704059e+01,6.386417520043455198e+00
3.820805944555587530e+01,7.112296472468975672e+00
3.822806516147471001e+01,7.366309113418833654e+00
3.824807087739354472e+01,5.873473696507418573e+00
3.826807659331237232e+01,6.277158804549898719e+00
3.828808230923121414e+01,6.873514497304284099e+00
3.830808802515004174e+01,7.433176990672886397e+00
3.832809374106888356e+01,5.649209542156004460e+00
3.834809945698771116e+01,6.492784339827601947e+00
3.836810517290654587e+01,6.347323252955880513e+00
3.838811088882538058e+01,6.523298651083370814e+00
3.840811660474421529e+01,5.716583228994660537e+00
3.842812232066305000e+01,7.180756010367360886e+00
3.844812803658187761e+01,7.190450225358127945e+00
3.846813375250071942e+01,6.227920504012705472e+00
3.848813946841954703e+01,5.984509833517313915e+00
3.850814518433838884e+01,6.155084706218494794e+00
3.852815090025721645e+01,5.538752412571948724e+00
3.854815661617605116e+01,5.547119422765566021e+00
3.856816233209488587e+01,5.611775611194249613e+00
3.858816804801372058e+01,5.652271015797404985e+00
3.860817376393255529e+01,7.037692520815269859e+00
3.862817947985138289e+01,5.805770730587809680e+00
3.864818519577022471e+01,6.654776751002843937e+00
3.866819091168905231e+01,7.073056559804894228e+00
3.868819662760789413e+01,6.737260676884130994e+00
3.870820234352672173e+01,6.131265065873517273e+00
3.872820805944555644e+01,5.843970496031560380e+00
3.874821377536439115e+01,6.234675355987983281e+00
3.876821949128322586e+01,7.026566414044675746e+00
3.878822520720206057e+01,6.440308574752442006e+00
3.880823092312088818e+01,7.089912136954493072e+00
3.882823663903972999e+01,5.892508198917206563e+00
3.884824235495855760e+01,5.894702248898954444e+00
3.886824807087739941e+01,5.942153975895861251e+00
3.888825378679622702e+01,6.349893130370491967e+00
3.890825950271506173e+01,6.401268141919341126e+00
3.892826521863389644e+01,6.847478463027404594e+00
3.894827093455273115e+01,7.490646250962893049e+00
3.896827665047156586e+01,5.792914348856328388e+00
3.898828236639040057e+01,5.721099557660391355e+00
3.900828808230923528e+01,7.403773782990477947e+00
3.902829379822806288e+01,6.296001320956563063e+00
3.904829951414690470e+01,6.878300600055223590e+00
3.906830523006573230e+01,6.558204010980080767e+00
3.908831094598456701e+01,7.360036646862907261e+00
3.910831666190340172e+01,6.595998391688822515e+00
3.912832237782223643e+01,7.228306778133541499e+00
3.914832809374107114e+01,7.070280356215331352e+00
3.916833380965990585e+01,5.845166011867185318e+00
3.918833952557874056e+01,6.781499929109694236e+00
3.920834524149756817e+01,5.888764275344602339e+00
3.922835095741640998e+01,6.288398265435940715e+00
3.924835667333523759e+01,7.153628448002044671e+00
3.926836238925407940e+01,7.542982438649181276e+00
3.928836810517290701e+01,7.310382629158463708e+00
3.930837382109174172e+01,6.000108620057565290e+00
3.932837953701057643e+01,6.498933870035802585e+00
3.934838525292941114e+01,6.498108407400985165e+00
3.936839096884824585e+01,5.874039122435745774e+00
3.938839668476707345e+01,7.369761879506701696e+00
3.940840240068591527e+01,6.989725071109842425e+00
3.942840811660474287e+01,6.079241516804972711e+00
3.944841383252358469e+01,5.674204328374226058e+00
3.946841954844241229e+01,6.853640880612977604e+00
3.948842526436124700e+01,7.308958420865320882e+00
3.950843098028008171e+01,7.181381194005707513e+00
3.952843669619891642e+01,7.098645958361560204e+00
3.954844241211775113e+01,6.166859503341077797e+00
3.956844812803657874e+01,6.583321564367800249e+00
3.958845384395542055e+01,5.877225635239942569e+00
3.960845955987424816e+01,5.552235467074406294e+00
3.962846527579308997e+01,6.108984762387884793e+00
3.964847099171191758e+01,6.536182091566764996e+00
3.966847670763075229e+01,6.114421241475927360e+00
3.968848242354958700e+01,5.566408603070516214e+00
3.970848813946842171e+01,5.279604513674279964e+00
3.972849385538725642e+01,6.240768580216872863e+00
3.974849957130608402e+01,6.684784732261399576e+00
3.976850528722492584e+01,6.170274083393140430e+00
3.978851100314375344e+01,6.301133882795372010e+00
3.980851671906259526e+01,6.195267052894861237e+00
3.982852243498142286e+01,6.509196306562981427e+00
3.984852815090025757e+01,5.741203422358237773e+00
3.986853386681909228e+01,6.717803439832851886e+00
3.988853958273792699e+01,6.273563681677457815e+00
3.990854529865676170e+01,5.603094048252573067e+00
3.992855101457559641e+01,5.070789382683276614e+00
3.994855673049443112e+01,6.722468663787055654e+00
3.996856244641325873e+01,6.267971728704749168e+00
3.998856816233210054e+01,4.968077899124837771e+00
4.000857387825092815e+01,6.512353057274165913e+00
4.002857959416976286e+01,5.996489845138724739e+00
4.004858531008859757e+01,6.246861504410192723e+00
4.006859102600743228e+01,6.023700993376973400e+00
4.008859674192626699e+01,6.410682264474808711e+00
4.010860245784510170e+01,4.978915250678565663e+00
4.012860817376393641e+01,5.382226870114566353e+00
4.014861388968276401e+01,5.283409261123603429e+00
4.016861960560160583e+01,6.281877936197595602e+00
4.018862532152043343e+01,5.160911700324272822e+00
4.020863103743927525e+01,6.287130027140557686e+00
4.022863675335810285e+01,6.649554229792406623e+00
4.024864246927693756e+01,6.317763329295853936e+00
4.026864818519577227e+01,6.117470996204532163e+00
4.028865390111460698e+01,6.038978784697091484e+00
4.030865961703344169e+01,6.408875007626125608e+00
4.032866533295226930e+01,5.264356860887821732e+00
4.034867104887111111e+01,5.397911619036067421e+00
4.036867676478993872e+01,5.319455275526067339e+00
4.038868248070878053e+01,5.910959974436397424e+00
4.040868819662760814e+01,6.361783799269212558e+00
4.042869391254644285e+01,6.667599476047790574e+00
4.044869962846527756e+01,6.165693926176330386e+00
4.046870534438411227e+01,5.624657962695833291e+00
4.048871106030294698e+01,5.238655065052276960e+00
4.050871677622177458e+01,5.316567786145003360e+00
4.052872249214061640e+01,6.886852016721253023e+00
4.054872820805944400e+01,6.592914766679312422e+00
4.056873392397828582e+01,6.578453079394694036e+00
4.058873963989711342e+01,5.579200802915949886e+00
4.060874535581594813e+01,6.042755986711379812e+00
4.062875107173478284e+01,5.636231445755287339e+00
4.064875678765361755e+01,5.681626690537011193e+00
4.066876250357245226e+01,6.742010716886809085e+00
4.068876821949127986e+01,5.591337479348838180e+00
4.070877393541012168e+01,6.489899614618236612e+00
4.072877965132894929e+01,7.034493258176278019e+00
4.074878536724779110e+01,5.932479843693051258e+00
4.076879108316661871e+01,7.816098167462198099e+00
4.078879679908545342e+01,6.883976188154009357e+00
4.080880251500428813e+01,6.468335598148895471e+00
4.082880823092312284e+01,6.533004483991426525e+00
4.084881394684195755e+01,6.641487014540802036e+00
4.086881966276079226e+01,6.827675043903694174e+00
4.088882537867962697e+01,7.386213171450413562e+00
4.090883109459845457e+01,7.756421127257999260e+00
4.092883681051729639e+01,7.627376138434120989e+00
4.094884252643612399e+01,8.507436056729966722e+00
4.096884824235495870e+01,8.076991136844579700e+00
4.098885395827379341e+01,9.672254734621215988e+00
4.100885967419262812e+01,8.667008594247901598e+00
4.102886539011146283e+01,8.869141059861499699e+00
4.104887110603029754e+01,1.069365186707599769e+01
4.106887682194913225e+01,1.029393184393700444e+01
4.108888253786795985e+01,9.822707606771011513e+00
4.110888825378680167e+01,1.173014606852206043e+01
4.112889396970562927e+01,1.087400858504053680e+01
4.114889968562447109e+01,1.109407255475706400e+01
4.116890540154329869e+01,1.250416179894150304e+01
4.118891111746213340e+01,1.115212941237853528e+01
4.120891683338096811e+01,1.245355357843198618e+01
4.122892254929980282e+01,1.168151284887488650e+01
4.124892826521863753e+01,1.146403177453943911e+01
4.126893398113746514e+01,1.231640458419789219e+01
4.128893969705630695e+01,1.214443700703708018e+01
4.130894541297513456e+01,1.118714908787443640e+01
4.132895112889397637e+01,1.180796437190964809e+01
4.134895684481280398e+01,1.174351964995183195e+01
4.136896256073163869e+01,1.145137447638720829e+01
4.138896827665047340e+01,1.160834900740470310e+01
4.140897399256930811e+01,1.002128411452845036e+01
4.142897970848814282e+01,9.704007675497692276e+00
4.144898542440697042e+01,1.127827191372557358e+01
4.146899114032581224e+01,9.636605541172635014e+00
4.148899685624463984e+01,9.387712472756795989e+00
4.150900257216348166e+01,8.679259602268842855e+00
4.152900828808230926e+01,1.004034864081623013e+01
4.154901400400114397e+01,8.207408897845503759e+00
4.156901971991997868e+01,9.120043758285287794e+00
4.158902543583881339e+01,7.848918303261781304e+00
4.160903115175764810e+01,7.704930705545415037e+00
4.162903686767647571e+01,8.552174818373746490e+00
4.164904258359531752e+01,8.606761399936413426e+00
4.166904829951414513e+01,8.650184902405648302e+00
4.168905401543298694e+01,7.788095056823975071e+00
4.170905973135181455e+01,8.373728154669073831e+00
4.172906544727064926e+01,7.859184444126069202e+00
4.174907116318948397e+01,6.799905744657391615e+00
4.176907687910831868e+01,6.262687311520804379e+00
4.178908259502715339e+01,7.196134639183584980e+00
4.180908831094598810e+01,6.694765831608717299e+00
4.182909402686482281e+01,6.265830215434091244e+00
4.184909974278365041e+01,5.923921675554682409e+00
4.186910545870249223e+01,6.490331121331395892e+00
4.188911117462131983e+01,5.980302400613430436e+00
4.190911689054015454e+01,5.642485230895707637e+00
4.192912260645898925e+01,6.857660315847350141e+00
4.194912832237782396e+01,7.045638540799839866e+00
4.196913403829665867e+01,5.764574596297250331e+00
4.198913975421549338e+01,5.565030218601176415e+00
4.200914547013432809e+01,6.733471393683418960e+00
4.202915118605316280e+01,6.552846785544971908e+00
4.204915690197199041e+01,6.457430950465592012e+00
4.206916261789082512e+01,5.429583984598147062e+00
4.208916833380965983e+01,5.985237021586122808e+00
4.210917404972849454e+01,5.872575069901740719e+00
4.212917976564732925e+01,5.805073766663141122e+00
4.214918548156616396e+01,5.851867779696434901e+00
4.216919119748499867e+01,6.346729814564175065e+00
4.218919691340383338e+01,5.320531895384394083e+00
4.220920262932266809e+01,7.110599190864748564e+00
4.222920834524150280e+01,6.653965453656995876e+00
4.224921406116033040e+01,5.741114001659202160e+00
4.226921977707916511e+01,6.925448552394962931e+00
4.228922549299799982e+01,5.764382097220693169e+00
4.230923120891683453e+01,5.520887759211063894e+00
4.232923692483566924e+01,5.278892686063641371e+00
4.234924264075450395e+01,5.911246784148453060e+00
4.236924835667333866e+01,5.547897996840996271e+00
4.238925407259217337e+01,6.197371772824230796e+00
4.240925978851100808e+01,5.475908183574305532e+00
4.242926550442983569e+01,6.420541826830817200e+00
4.244927122034867040e+01,5.395834706098779243e+00
4.246927693626750511e+01,7.130609658599261991e+00
4.248928265218633982e+01,7.033134447386182764e+00
4.250928836810517453e+01,5.701060809446511612e+00
4.252929408402400924e+01,5.973006429786694049e+00
4.254929979994284395e+01,7.098439924200060425e+00
4.256930551586167866e+01,6.829302601596797473e+00
4.258931123178051337e+01,6.002730005729175033e+00
4.260931694769934097e+01,6.200386359834204164e+00
4.262932266361817568e+01,6.425975136464296078e+00
4.264932837953701039e+01,7.321119852742728362e+00
4.266933409545584510e+01,6.074369336511405315e+00
4.268933981137467981e+01,7.098582782573052086e+00
4.270934552729351452e+01,6.762266171742285614e+00
4.272935124321234923e+01,7.233144922320590808e+00
4.274935695913118394e+01,7.986921702841832449e+00
4.276936267505001865e+01,8.224993889614667708e+00
4.278936839096885336e+01,7.831786931502973559e+00
4.280937410688768097e+01,8.119107989163921957e+00
4.282937982280651568e+01,8.270088108995661713e+00
4.284938553872535039e+01,7.888481223067195458e+00
4.286939125464418510e+01,8.038284753026957219e+00
4.288939697056301981e+01,8.505389209656165406e+00
4.290940268648185452e+01,9.363696187296417506e+00
4.292940840240068923e+01,8.927155979783842454e+00
4.294941411831952394e+01,9.489089195191333204e+00
4.296941983423835865e+01,8.920098019738951223e+00
4.298942555015718625e+01,9.807192389951234546e+00
4.300943126607602096e+01,9.350683305130528922e+00
4.302943698199485567e+01,9.645312727273710252e+00
4.304944269791369038e+01,9.889667026479850520e+00
4.306944841383252509e+01,1.147131110393740627e+01
4.308945412975135980e+01,1.062053385317041254e+01
4.310945984567019451e+01,1.049828964060691661e+01
4.312946556158902922e+01,1.028217440349583534e+01
4.314947127750786393e+01,1.081287662200617028e+01
4.316947699342669864e+01,1.060932983334607016e+01
4.318948270934552625e+01,1.164082341455721092e+01
4.320948842526436096e+01,9.957265504641728882e+00
4.322949414118319567e+01,1.052238733033438756e+01
4.324949985710203038e+01,1.051771510414337740e+01
4.326950557302086509e+01,1.050944357384937256e+01
4.328951128893969980e+01,1.051420444902035989e+01
4.330951700485853451e+01,1.078953668417773315e+01
4.332952272077736922e+01,1.017841683620966009e+01
4.334952843669620393e+01,9.722236078032208795e+00
4.336953415261503153e+01,1.068514396603339378e+01
4.338953986853386624e+01,9.431267965458719260e+00
4.340954558445270095e+01,1.051163436402595153e+01
4.342955130037153566e+01,9.469031743535047951e+00
4.344955701629037037e+01,1.108063400412536481e+01
4.346956273220920508e+01,1.025009157797610193e+01
4.348956844812803979e+01,1.124295864908609133e+01
4.350957416404687450e+01,1.031692102149311552e+01
4.352957987996570921e+01,1.089350983771199566e+01
4.354958559588453681e+01,1.067247182223378132e+01
4.356959131180337153e+01,1.170652738059051323e+01
4.358959702772220624e+01,1.109257716796185811e+01
4.360960274364104095e+01,1.221045936956265798e+01
4.362960845955987566e+01,1.327675265974874463e+01
4.364961417547871037e+01,1.193817370578921455e+01
4.366961989139754508e+01,1.280744365279982588e+01
4.368962560731637979e+01,1.376764767882607465e+01
4.370963132323521450e+01,1.442752896422092590e+01
4.372963703915404921e+01,1.481948552991275392e+01
4.374964275507287681e+01,1.540188648870569565e+01
4.376964847099171152e+01,1.642591154383663010e+01
4.378965418691054623e+01,1.558801756602679767e+01
4.380965990282938094e+01,1.592898450459204263e+01
4.382966561874821565e+01,1.769346127938894497e+01
4.384967133466705036e+01,1.686597385797533022e+01
4.386967705058588507e+01,1.869161530427440354e+01
4.388968276650471978e+01,1.856174037356404583e+01
4.390968848242355449e+01,1.981668255143545210e+01
4.392969419834238209e+01,2.017800916509635911e+01
4.394969991426121680e+01,2.113644056085538381e+01
4.396970563018005151e+01,2.087066994301364176e+01
4.398971134609888622e+01,2.155901198175910594e+01
4.400971706201772093e+01,2.154488248316271282e+01
4.402972277793655564e+01,2.068713980601753022e+01
4.404972849385539035e+01,2.216088915009989790e+01
4.406973420977422506e+01,2.154266030041309676e+01
4.408973992569305977e+01,2.220988775581826857e+01
4.410974564161189448e+01,2.227704295105288068e+01
4.412975135753072209e+01,2.124329962661879989e+01
4.414975707344955680e+01,2.159899096731953705e+01
4.416976278936839151e+01,2.203626368110963796e+01
4.418976850528722622e+01,2.082920181189459186e+01
4.420977422120606093e+01,2.080095930234655199e+01
4.422977993712489564e+01,2.054724184495198713e+01
4.424978565304373035e+01,2.019903447184731959e+01
4.426979136896256506e+01,1.998840671288559179e+01
4.428979708488139977e+01,1.832940853358596200e+01
4.430980280080022737e+01,1.934948029350465148e+01
4.432980851671906208e+01,1.877327404462212712e+01
4.434981423263789679e+01,1.865313237006421687e+01
4.436981994855673150e+01,1.854097086813825968e+01
4.438982566447556621e+01,1.743951273016689996e+01
4.440983138039440092e+01,1.816635264592013499e+01
4.442983709631323563e+01,1.807254040718885335e+01
4.444984281223207034e+01,1.709081717681367252e+01
4.446984852815090505e+01,1.793200363682727527e+01
4.448985424406973266e+01,1.696338532353592043e+01
4.450985995998856737e+01,1.766177916598964615e+01
4.452986567590740208e+01,1.830555636472412573e+01
4.454987139182623679e+01,1.800358265756102227e+01
4.456987710774507150e+01,1.942561206195725987e+01
4.458988282366390621e+01,1.853158575215634940e+01
4.460988853958274092e+01,2.059814270012073578e+01
4.462989425550157563e+01,2.046911249676596967e+01
4.464989997142041034e+01,2.065433989944978421e+01
4.466990568733924505e+01,2.045253456841670214e+01
4.468991140325807265e+01,2.078467918784038559e+01
4.470991711917690736e+01,2.223295754337753749e+01
4.472992283509574207e+01,2.233549772984220283e+01
4.474992855101457678e+01,2.114567196481664979e+01
4.476993426693341149e+01,2.165172780101754668e+01
4.478993998285224620e+01,2.205758031239181705e+01
4.480994569877108091e+01,2.092928773592592151e+01
4.482995141468991562e+01,2.046402426003013630e+01
4.484995713060875033e+01,2.056712891175339664e+01
4.486996284652757794e+01,1.890477623808008900e+01
4.488996856244641265e+01,1.754638421748564525e+01
4.490997427836524736e+01,1.796901536630429419e+01
4.492997999428408207e+01,1.600936319929104101e+01
4.494998571020291678e+01,1.580271404708382299e+01
4.496999142612175149e+01,1.355005245488778698e+01
4.498999714204058620e+01,1.427779641139156652e+01
4.501000285795942091e+01,1.183239861514629432e+01
4.503000857387825562e+01,1.215398672826064796e+01
4.505001428979709033e+01,1.049796126500497806e+01
4.507002000571591793e+01,1.040395981078977705e+01
4.509002572163475264e+01,9.190248346670708557e+00
4.511003143755358735e+01,1.013561521282357702e+01
4.513003715347242206e+01,9.110473764344346748e+00
4.515004286939125677e+01,8.427036627317095352e+00
4.517004858531009148e+01,8.426375912528305534e+00
4.519005430122892619e+01,8.089822648486046930e+00
4.521006001714776090e+01,8.771320197901351534e+00
4.523006573306659561e+01,7.414154682486805648e+00
4.525007144898542322e+01,7.449413647307030040e+00
4.527007716490425793e+01,6.609777866190410300e+00
4.529008288082309264e+01,6.701079768621241328e+00
4.531008859674192735e+01,7.673379902537180719e+00
4.533009431266076206e+01,6.883287088030132672e+00
4.535010002857959677e+01,8.105224744440613804e+00
4.537010574449843148e+01,7.602873120699912057e+00
4.539011146041726619e+01,6.642016068346412005e+00
4.541011717633610090e+01,8.191405099016185076e+00
4.543012289225492850e+01,7.592967150578881608e+00
4.545012860817376321e+01,6.976242508442975776e+00
4.547013432409259792e+01,7.511285481462286029e+00
4.549014004001143263e+01,6.449689833739354228e+00
4.551014575593026734e+01,7.529551766908481270e+00
4.553015147184910205e+01,7.243613373277947076e+00
4.555015718776793676e+01,8.132184596801730336e+00
4.557016290368677147e+01,8.626399398834891485e+00
4.559016861960560618e+01,7.415893470278612121e+00
4.561017433552444089e+01,7.918982410566501429e+00
4.563018005144326850e+01,8.877878264682051324e+00
4.565018576736210321e+01,8.553764015943931653e+00
4.567019148328093792e+01,8.814900468866703420e+00
4.569019719919977263e+01,9.324710397921087690e+00
4.571020291511860734e+01,9.262226653127736853e+00
4.573020863103744205e+01,8.916811061853861631e+00
4.575021434695627676e+01,9.747539809018103796e+00
4.577022006287511147e+01,1.003166892027332402e+01
4.579022577879394618e+01,1.034994840988303544e+01
4.581023149471277378e+01,1.013011055520565762e+01
4.583023721063160849e+01,1.006652864829209726e+01
4.585024292655044320e+01,1.215688086365643272e+01
4.587024864246927791e+01,1.121060739893192881e+01
4.589025435838811262e+01,1.202799013667758032e+01
4.591026007430694733e+01,1.122767288337762892e+01
4.593026579022578204e+01,1.163017446938520294e+01
4.595027150614461675e+01,1.181060860195032269e+01
4.597027722206345146e+01,1.265576319673719929e+01
4.599028293798228617e+01,1.311716962599992264e+01
4.601028865390111378e+01,1.329573311105190747e+01
4.603029436981994849e+01,1.212300608822558345e+01
4.605030008573878320e+01,1.173872577145170126e+01
4.607030580165761791e+01,1.203599261192034220e+01
4.609031151757645262e+01,1.262791814561217407e+01
4.611031723349528733e+01,1.171417112203897304e+01
4.613032294941412204e+01,1.101738772308096870e+01
4.615032866533295675e+01,1.256322785870658976e+01
4.617033438125179146e+01,1.242748442925886820e+01
4.619034009717061906e+01,1.153122819825601297e+01
4.621034581308945377e+01,1.200571328355120926e+01
4.623035152900828848e+01,1.153120798381694101e+01
4.625035724492712319e+01,1.307424727390367103e+01
4.627036296084595790e+01,1.317373058144637099e+01
4.629036867676479261e+01,1.310050864750251698e+01
4.631037439268362732e+01,1.410940128820293715e+01
4.633038010860246203e+01,1.442537124483991917e+01
4.635038582452129674e+01,1.427164052610868339e+01
4.637039154044012434e+01,1.559144911881481299e+01
4.639039725635895905e+01,1.604092177797657115e+01
4.641040297227779376e+01,1.646667162086153269e+01
4.643040868819662847e+01,1.837766202584446518e+01
4.645041440411546319e+01,1.891533883247511483e+01
4.647042012003429790e+01,1.894041854719313278e+01
4.649042583595313261e+01,1.969241518833168314e+01
4.651043155187196732e+01,2.143189988137383750e+01
4.653043726779080203e+01,2.169703435092529276e+01
4.655044298370963674e+01,2.080087851355343531e+01
4.657044869962846434e+01,2.232646915439642754e+01
4.659045441554729905e+01,2.238347310309139360e+01
4.661046013146613376e+01,2.316983295885248140e+01
4.663046584738496847e+01,2.281785875426472998e+01
4.665047156330380318e+01,2.230994665196337579e+01
4.667047727922263789e+01,2.208942165365919408e+01
4.669048299514147260e+01,2.030425246694243313e+01
4.671048871106030731e+01,1.945201510957101121e+01
4.673049442697914202e+01,1.976108154110545811e+01
4.675050014289796962e+01,1.935544333794979011e+01
4.677050585881680433e+01,1.885736260256897978e+01
4.679051157473563904e+01,1.681849328834290347e+01
4.681051729065447375e+01,1.733515501977170814e+01
4.683052300657330846e+01,1.570778258796819493e+01
4.685052872249214317e+01,1.477411283744963555e+01
4.687053443841097788e+01,1.451391621810996035e+01
4.689054015432981259e+01,1.381547009393582748e+01
4.691054587024864730e+01,1.329313027930679070e+01
4.693055158616748201e+01,1.355922696542891792e+01
4.695055730208630962e+01,1.265715376525036184e+01
4.697056301800514433e+01,1.290966901800584132e+01
4.699056873392397904e+01,1.209779386604375695e+01
4.701057444984281375e+01,1.093684084910521115e+01
4.703058016576164846e+01,1.124122317961288964e+01
4.705058588168048317e+01,1.179629091498658866e+01
4.707059159759931788e+01,1.109519116239361836e+01
4.709059731351815259e+01,1.074212990742663187e+01
4.711060302943698730e+01,1.160992710753624380e+01
4.713060874535581490e+01,1.048895230678015800e+01
4.715061446127464961e+01,9.770110925624633680e+00
4.717062017719348432e+01,1.067889600005541340e+01
4.719062589311231903e+01,1.000814049773420500e+01
4.721063160903115374e+01,9.999588742300685951e+00
4.723063732494998845e+01,9.313666487749843625e+00
4.725064304086882316e+01,8.468089332456768759e+00
4.727064875678765787e+01,8.051794403081228069e+00
4.729065447270649258e+01,8.731282017791050620e+00
4.731066018862532019e+01,8.265165409783985950e+00
4.733066590454415490e+01,8.551032506201883265e+00
4.735067162046298961e+01,8.822501217622567893e+00
4.737067733638182432e+01,8.420026271170002019e+00
4.739068305230065903e+01,7.969234490506073243e+00
4.741068876821949374e+01,6.795857702504539688e+00
4.743069448413832845e+01,6.774697453938125946e+00
4.745070020005716316e+01,8.055416701649155797e+00
4.747070591597599787e+01,6.960067920975139266e+00
4.749071163189483258e+01,6.324998401092743805e+00
4.751071734781366018e+01,6.591809682068808129e+00
4.753072306373249489e+01,5.961582033149753101e+00
4.755072877965132960e+01,7.482290648664946531e+00
4.757073449557016431e+01,6.142752827677844252e+00
4.759074021148899902e+01,5.981388727196406130e+00
4.761074592740783373e+01,7.336845632255091232e+00
4.763075164332666844e+01,6.123711788630108011e+00
4.765075735924550315e+01,5.882792536743142620e+00
4.767076307516433786e+01,5.353573668806482999e+00
4.769076879108316547e+01,6.843947688382006511e+00
4.771077450700200018e+01,6.486237591365362931e+00
4.773078022292083489e+01,6.885863859965604128e+00
4.775078593883966960e+01,6.287315147889058764e+00
4.777079165475850431e+01,5.733438721196328913e+00
4.779079737067733902e+01,6.890718285113559993e+00
4.781080308659617373e+01,5.446951951704878780e+00
4.783080880251500844e+01,6.036947884461195457e+00
4.785081451843384315e+01,5.769400616627780920e+00
4.787082023435267075e+01,6.439548469826091193e+00
4.789082595027150546e+01,5.855845135858211314e+00
4.791083166619034017e+01,5.739603495222973528e+00
4.793083738210917488e+01,6.457377902970653061e+00
4.795084309802800959e+01,6.695653768473695422e+00
4.797084881394684430e+01,6.062433648060905789e+00
4.799085452986567901e+01,5.384873971634292822e+00
4.801086024578451372e+01,5.750690079937889720e+00
4.803086596170334843e+01,5.777326287809613881e+00
4.805087167762218314e+01,5.326211105699553805e+00
4.807087739354101075e+01,5.819553485593393027e+00
4.809088310945984546e+01,5.281044809282081864e+00
4.811088882537868017e+01,5.123231654674837543e+00
4.813089454129751488e+01,6.656811876241347292e+00
4.815090025721634959e+01,5.139619372166071898e+00
4.817090597313518430e+01,6.230194072075817324e+00
4.819091168905401901e+01,5.614380272525785642e+00
4.821091740497285372e+01,6.124577075515404978e+00
4.823092312089168843e+01,6.312739549693707097e+00
4.825092883681051603e+01,5.194955995329437748e+00
4.827093455272935074e+01,6.529300664454031455e+00
4.829094026864818545e+01,5.782637204898705363e+00
4.831094598456702016e+01,5.214298787921165079e+00
4.833095170048585487e+01,5.653940952867260172e+00
4.835095741640468958e+01,6.663634813580888938e+00
4.837096313232352429e+01,6.032840906078544840e+00
4.839096884824235900e+01,6.020297202408769088e+00
4.841097456416119371e+01,6.633932194808959792e+00
4.843098028008002842e+01,5.149965145936462818e+00
4.845098599599885603e+01,6.545894591914877658e+00
4.847099171191769074e+01,5.655869262233975903e+00
4.849099742783652545e+01,5.193710710529176211e+00
4.851100314375536016e+01,6.492821630345448902e+00
4.853100885967419487e+01,6.202561986553866369e+00
4.855101457559302958e+01,6.872128916789564279e+00
4.857102029151186429e+01,6.581108239667742055e+00
4.859102600743069900e+01,6.323247352997488413e+00
4.861103172334953371e+01,5.493311184834771765e+00
4.863103743926836131e+01,5.307442701898281712e+00
4.865104315518719602e+01,5.348376972420001429e+00
4.867104887110603073e+01,5.349213532061176224e+00
4.869105458702486544e+01,6.451390493839407547e+00
4.871106030294370015e+01,6.632367540545430984e+00
4.873106601886253486e+01,5.508125194378586720e+00
4.875107173478136957e+01,5.422955019310641056e+00
4.877107745070020428e+01,5.693528488033919643e+00
4.879108316661903899e+01,5.117287852928111391e+00
4.881108888253786660e+01,6.593182514671855898e+00
4.883109459845670131e+01,6.794738495465916017e+00
4.885110031437553602e+01,6.833737551155889989e+00
4.887110603029437073e+01,5.742909178647119361e+00
4.889111174621320544e+01,6.797703375188922870e+00
4.891111746213204015e+01,6.299662953581624869e+00
4.893112317805087486e+01,5.606668111181312142e+00
4.895112889396970957e+01,5.435311605395287238e+00
4.897113460988854428e+01,6.168199909136808934e+00
4.899114032580737899e+01,5.419107613392523781e+00
4.901114604172620659e+01,6.415418141592645895e+00
4.903115175764504130e+01,6.310307768782347004e+00
4.905115747356387601e+01,6.110876522451836657e+00
4.907116318948271072e+01,6.531137422604117226e+00
4.909116890540154543e+01,6.374299646157749244e+00
4.911117462132038014e+01,5.323745678959658001e+00
4.913118033723921485e+01,5.095586297974578294e+00
4.915118605315804956e+01,6.338286658900323722e+00
4.917119176907688427e+01,6.102526154336027631e+00
4.919119748499571187e+01,6.350423026019562656e+00
4.921120320091454658e+01,5.339614430823316660e+00
4.923120891683338129e+01,5.286820526311851509e+00
4.925121463275221600e+01,6.503855025192188499e+00
4.927122034867105071e+01,6.546413656427404248e+00
4.929122606458988542e+01,5.175587845825348587e+00
4.931123178050872014e+01,6.283111959860521623e+00
4.933123749642755485e+01,6.686032519731279322e+00
4.935124321234638956e+01,6.555243594275242280e+00
4.937124892826522427e+01,6.132927322553088700e+00
4.939125464418405187e+01,5.590262917833022982e+00
4.941126036010288658e+01,6.793006808846362432e+00
4.943126607602172129e+01,5.601610152398573739e+00
4.945127179194055600e+01,6.715600897374983447e+00
4.947127750785939071e+01,5.964977587543263127e+00
4.949128322377822542e+01,6.144324178953853632e+00
4.951128893969706013e+01,5.369555222395712590e+00
4.953129465561589484e+01,6.377915185798160635e+00
4.955130037153472955e+01,5.212907547192672908e+00
4.957130608745355715e+01,6.877083306443505961e+00
4.959131180337239186e+01,6.230881653283409705e+00
4.961131751929122657e+01,5.952198331180137636e+00
4.963132323521006128e+01,5.798710772470834662e+00
4.965132895112889599e+01,6.438747023877382070e+00
4.967133466704773070e+01,5.534227153647282016e+00
4.969134038296656541e+01,6.516712255372821616e+00
4.971134609888540012e+01,6.531732782449600094e+00
4.973135181480423483e+01,6.601069216232592574e+00
4.975135753072306244e+01,6.508140967602681570e+00
4.977136324664189715e+01,6.088401485595965390e+00
4.979136896256073186e+01,6.021447405127516639e+00
4.981137467847956657e+01,5.868917568323097633e+00
4.983138039439840128e+01,6.619599966139046998e+00
4.985138611031723599e+01,6.453802296158679397e+00
4.987139182623607070e+01,7.188685640641402586e+00
4.989139754215490541e+01,5.563580796533743822e+00
4.991140325807374012e+01,7.139226833998804089e+00
4.993140897399257483e+01,6.912855964350236526e+00
4.995141468991140243e+01,6.119002227409827022e+00
4.997142040583023714e+01,6.257894826140644184e+00
4.999142612174907185e+01,6.762594524147390374e+00
5.001143183766790656e+01,6.154698418034712404e+00
5.003143755358674127e+01,6.648058514320005052e+00
5.005144326950557598e+01,7.125831636066346064e+00
5.007144898542441069e+01,7.474188942578643413e+00
5.009145470134324540e+01,6.522630325476684199e+00
5.011146041726208011e+01,7.297818055558825456e+00
5.013146613318090772e+01,6.496735070609406471e+00
5.015147184909974243e+01,8.191715155084144939e+00
5.017147756501857714e+01,6.868453980427260852e+00
5.019148328093741185e+01,7.641990635568318702e+00
5.021148899685624656e+01,7.520936239838335702e+00
5.023149471277508127e+01,7.600690278837221925e+00
5.025150042869391598e+01,9.601143812057463478e+00
5.027150614461275069e+01,8.454539631416139400e+00
5.029151186053158540e+01,8.776440837927834693e+00
5.031151757645042011e+01,1.073418276187937082e+01
5.033152329236924771e+01,1.058252565599710948e+01
5.035152900828808242e+01,1.182296706651833240e+01
5.037153472420691713e+01,1.216358465973926428e+01
5.039154044012575184e+01,1.158354529598686966e+01
5.041154615604458655e+01,1.316819232423668673e+01
5.043155187196342126e+01,1.250580953052062583e+01
5.045155758788225597e+01,1.332455110032914902e+01
5.047156330380109068e+01,1.390331642092172615e+01
5.049156901971992539e+01,1.625496878342611495e+01
5.051157473563875300e+01,1.647971717807064707e+01
5.053158045155758771e+01,1.733956417138240980e+01
5.055158616747642242e+01,1.802561331264355005e+01
5.057159188339525713e+01,1.838968000375385259e+01
5.059159759931409184e+01,1.885491155896140825e+01
5.061160331523292655e+01,1.798521538299294065e+01
5.063160903115176126e+01,1.848605802226738959e+01
5.065161474707059597e+01,1.829389381562295114e+01
5.067162046298943068e+01,1.818282517640282236e+01
5.069162617890825828e+01,1.820822035335449129e+01
5.071163189482709299e+01,1.775340191378515797e+01
5.073163761074592770e+01,1.813000235450382291e+01
5.075164332666476241e+01,1.807337614404947956e+01
5.077164904258359712e+01,1.804369654464434092e+01
5.079165475850243183e+01,1.682414108110914697e+01
5.081166047442126654e+01,1.654791613573229014e+01
5.083166619034010125e+01,1.634248576630968230e+01
5.085167190625893596e+01,1.687537087962876114e+01
5.087167762217777067e+01,1.677659948939195189e+01
5.089168333809659828e+01,1.605958705964215483e+01
5.091168905401543299e+01,1.586860721489558834e+01
5.093169476993426770e+01,1.620150548288942360e+01
5.095170048585310241e+01,1.605300603494656997e+01
5.097170620177193712e+01,1.582247007609106149e+01
5.099171191769077183e+01,1.650649057771889616e+01
5.101171763360960654e+01,1.639677992024927278e+01
5.103172334952844125e+01,1.848958614694394953e+01
5.105172906544727596e+01,1.800224828603893101e+01
5.107173478136610356e+01,1.814168582184488088e+01
5.109174049728493827e+01,1.847746256368359496e+01
5.111174621320377298e+01,1.858928927980144152e+01
5.113175192912260769e+01,2.011895324858173950e+01
5.115175764504144240e+01,2.095555279151613703e+01
5.117176336096027711e+01,2.169608560817448151e+01
5.119176907687911182e+01,2.075229831562844396e+01
5.121177479279794653e+01,2.281658047082249041e+01
5.123178050871678124e+01,2.150895556717589940e+01
5.125178622463561595e+01,2.282502206807105694e+01
5.127179194055444356e+01,2.354861730978943513e+01
5.129179765647327827e+01,2.362388551059765618e+01
5.131180337239211298e+01,2.393939016078780213e+01
5.133180908831094769e+01,2.266033249612829437e+01
5.135181480422978240e+01,2.332568484295190103e+01
5.137182052014861711e+01,2.325540234038937015e+01
5.139182623606745182e+01,2.168679788013126242e+01
5.141183195198628653e+01,2.252013269388861261e+01
5.143183766790512124e+01,2.145458311923016836e+01
5.145184338382394884e+01,2.085125077483125366e+01
5.147184909974278355e+01,2.041324421003136180e+01
5.149185481566161826e+01,2.008627467388663135e+01
5.151186053158045297e+01,1.839630997298821313e+01
5.153186624749928768e+01,1.739859988822680492e+01
5.155187196341812239e+01,1.816497751657115600e+01
5.157187767933695710e+01,1.766904130731165523e+01
5.159188339525579181e+01,1.635416708820232756e+01
5.161188911117462652e+01,1.587189294678331564e+01
5.163189482709345413e+01,1.703881695782332528e+01
5.165190054301228884e+01,1.579494639223741359e+01
5.167190625893112355e+01,1.623666320779937067e+01
5.169191197484995826e+01,1.579192511575379854e+01
5.171191769076879297e+01,1.682838963884357142e+01
5.173192340668762768e+01,1.759518620431515146e+01
5.175192912260646239e+01,1.873485369292718161e+01
5.177193483852529710e+01,1.911300152902886396e+01
5.179194055444413181e+01,1.900528883008503556e+01
5.181194627036296652e+01,1.967534137843685826e+01
5.183195198628179412e+01,2.012954755461333889e+01
5.185195770220062883e+01,2.030631111887772633e+01
5.187196341811946354e+01,2.044667261269016834e+01
5.189196913403829825e+01,2.180996892776404650e+01
5.191197484995713296e+01,2.224479606752864314e+01
5.193198056587596767e+01,2.163122434079511436e+01
5.195198628179480238e+01,2.288361471178859574e+01
5.197199199771363709e+01,2.257688948416261354e+01
5.199199771363247180e+01,2.251646002020088844e+01
5.201200342955129940e+01,2.212413723024211265e+01
5.203200914547013411e+01,2.183920683515518135e+01
5.205201486138896882e+01,2.200889957035015954e+01
5.207202057730780353e+01,2.208157910949354630e+01
5.209202629322663824e+01,2.393884783911496328e+01
5.211203200914547295e+01,2.356636936465160304e+01
5.213203772506430766e+01,2.357036209528286719e+01
5.215204344098314237e+01,2.438170384850529970e+01
5.217204915690197708e+01,2.538005062875352280e+01
5.219205487282081180e+01,2.702901126561325285e+01
5.221206058873963940e+01,2.695699671762401550e+01
5.223206630465847411e+01,2.768372055903600071e+01
5.225207202057730882e+01,2.898369697358510066e+01
5.227207773649614353e+01,3.048474511967627265e+01
5.229208345241497824e+01,2.966974719978691155e+01
5.231208916833381295e+01,3.053590250625395086e+01
5.233209488425264766e+01,3.163016465433421587e+01
5.235210060017148237e+01,3.206622703572616473e+01
5.237210631609031708e+01,3.260479076272413579e+01
5.239211203200914468e+01,3.176955954872842725e+01
5.241211774792797939e+01,3.194247893792002913e+01
5.243212346384681410e+01,3.154704967506064861e+01
5.245212917976564881e+01,3.150893184894956178e+01
5.247213489568448352e+01,3.191943809334843607e+01
5.249214061160331823e+01,3.006909941118348684e+01
5.251214632752215294e+01,2.966142374269734816e+01
5.253215204344098765e+01,2.904564170427434533e+01
5.255215775935982236e+01,3.033135738074140164e+01
5.257216347527864997e+01,2.853389672837968050e+01
5.259216919119748468e+01,2.891102160211962868e+01
5.261217490711631939e+01,2.980705596347701558e+01
5.263218062303515410e+01,3.075581614910404582e+01
5.265218633895398881e+01,3.054632353135091094e+01
5.267219205487282352e+01,3.109303079048770968e+01
5.269219777079165823e+01,3.315261101156495016e+01
5.271220348671049294e+01,3.451975306653366005e+01
5.273220920262932765e+01,3.533647019611973406e+01
5.275221491854816236e+01,3.610961422291788381e+01
5.277222063446698996e+01,3.637969551362363774e+01
5.279222635038582467e+01,3.877040196738305866e+01
5.281223206630465938e+01,3.916394014327713080e+01
5.283223778222349409e+01,3.889553627140571734e+01
5.285224349814232880e+01,4.031309540875268027e+01
5.287224921406116351e+01,4.074048332004935702e+01
5.289225492997999822e+01,3.913947608003924472e+01
5.291226064589883293e+01,3.927902093076990298e+01
5.293226636181766764e+01,3.813689853662702944e+01
5.295227207773649525e+01,3.726337895587408866e+01
5.297227779365532996e+01,3.511860417820749092e+01
5.299228350957416467e+01,3.414620086171940727e+01
5.301228922549299938e+01,3.135383355510630921e+01
5.303229494141183409e+01,2.980802432999542617e+01
5.305230065733066880e+01,2.724906191831280822e+01
5.307230637324950351e+01,2.492252279277930782e+01
5.309231208916833822e+01,2.372733013160021898e+01
5.311231780508717293e+01,2.165176579839039306e+01
5.313232352100600764e+01,1.936923902806395503e+01
5.315232923692483524e+01,1.836063455690107560e+01
5.317233495284366995e+01,1.539022824789270416e+01
5.319234066876250466e+01,1.428468005880239389e+01
5.321234638468133937e+01,1.372113279603656188e+01
5.323235210060017408e+01,1.289489292559216160e+01
5.325235781651900879e+01,1.176752020141729815e+01
5.327236353243784350e+01,1.086271527536372972e+01
5.329236924835667821e+01,1.047621747601272446e+01
5.331237496427551292e+01,9.603212853754021339e+00
5.333238068019434053e+01,9.465231917995788891e+00
5.335238639611317524e+01,1.005686075672250723e+01
5.337239211203200995e+01,9.803696927003587192e+00
5.339239782795084466e+01,9.318571329127220082e+00
5.341240354386967937e+01,7.752833628178883885e+00
5.343240925978851408e+01,7.695828863737185443e+00
5.345241497570734879e+01,8.191195370926680042e+00
5.347242069162618350e+01,7.209037039302597982e+00
5.349242640754501821e+01,7.207489231713302580e+00
5.351243212346384581e+01,7.830273489772713091e+00
5.353243783938268052e+01,8.057199405341453513e+00
5.355244355530151523e+01,7.825600042318013649e+00
5.357244927122034994e+01,7.976772349406953566e+00
5.359245498713918465e+01,8.126747608806795142e+00
5.361246070305801936e+01,6.512581826921308270e+00
5.363246641897685407e+01,6.498247733506236301e+00
5.365247213489568878e+01,6.407615457879711762e+00
5.367247785081452349e+01,6.730774429456751307e+00
5.369248356673335820e+01,7.155373854548812140e+00
5.371248928265218581e+01,7.890427921823893520e+00
5.373249499857102052e+01,6.658384797768220231e+00
5.375250071448985523e+01,7.563624398969618134e+00
5.377250643040868994e+01,6.200398308577868889e+00
5.379251214632752465e+01,6.199567366771417731e+00
5.381251786224635936e+01,7.817984800627266750e+00
5.383252357816519407e+01,6.448479117290529139e+00
5.385252929408402878e+01,5.929841568763728255e+00
5.387253501000286349e+01,5.943459487587630541e+00
5.389254072592169109e+01,6.745108721484918135e+00
5.391254644184052580e+01,6.294240392800020345e+00
5.393255215775936051e+01,6.400645022226409075e+00
5.395255787367819522e+01,6.433355193215152035e+00
5.397256358959702993e+01,6.225475863528370013e+00
5.399256930551586464e+01,6.159731276715592507e+00
5.401257502143469935e+01,6.328522411026099803e+00
5.403258073735353406e+01,7.767558376935505215e+00
5.405258645327236877e+01,6.940380911753710969e+00
5.407259216919120348e+01,6.319913380664913483e+00
5.409259788511003109e+01,7.376706742910519310e+00
5.411260360102886580e+01,6.310532924771244723e+00
5.413260931694770051e+01,6.539637706708824716e+00
5.415261503286653522e+01,7.634430685713472720e+00
5.417262074878536993e+01,6.858433146588646778e+00
5.419262646470420464e+01,6.388656361127261540e+00
5.421263218062303935e+01,6.947885388193259182e+00
5.423263789654187406e+01,6.526393699436671803e+00
5.425264361246070877e+01,7.245803586040197253e+00
5.427264932837953637e+01,7.106937527978443470e+00
5.429265504429837108e+01,6.775408010534301972e+00
5.431266076021720579e+01,6.531783399841854632e+00
5.433266647613604050e+01,7.038417277741362277e+00
5.435267219205487521e+01,7.243769954870759697e+00
5.437267790797370992e+01,7.146178799615750421e+00
5.439268362389254463e+01,5.961907365737408426e+00
5.441268933981137934e+01,7.335664707379717875e+00
5.443269505573021405e+01,6.979302185911545386e+00
5.445270077164904166e+01,6.531323255463783894e+00
5.447270648756787637e+01,7.022444629459717369e+00
5.449271220348671108e+01,6.580150021832053220e+00
5.451271791940554579e+01,7.056049667845601725e+00
5.453272363532438050e+01,5.636072185455898165e+00
5.455272935124321521e+01,6.667063364460922514e+00
5.457273506716204992e+01,6.799536281700312657e+00
5.459274078308088463e+01,6.990494583497069314e+00
5.461274649899971934e+01,6.461259774814129386e+00
5.463275221491855405e+01,5.746824542741768127e+00
5.465275793083738165e+01,6.146913515559823793e+00
5.467276364675621636e+01,6.854702630712800726e+00
5.469276936267505107e+01,6.628612299492319337e+00
5.471277507859388578e+01,5.399341248746248212e+00
5.473278079451272049e+01,5.644158397268638439e+00
5.475278651043155520e+01,6.414654077244029473e+00
5.477279222635038991e+01,5.806154080566866327e+00
5.479279794226922462e+01,5.541690192569846296e+00
5.481280365818805933e+01,7.168101160179593201e+00
5.483280937410688693e+01,5.949947529023423165e+00
5.485281509002572164e+01,7.429240034396637604e+00
5.487282080594455635e+01,7.467698615668754591e+00
5.489282652186339106e+01,6.272281872646675360e+00
5.491283223778222577e+01,6.665662872379221504e+00
5.493283795370106048e+01,6.310323145350619889e+00
5.495284366961989519e+01,7.839391038657395505e+00
5.497284938553872990e+01,6.723322676020366373e+00
5.499285510145756461e+01,8.031755789873896489e+00
5.501286081737639222e+01,7.521281704749542385e+00
5.503286653329522693e+01,8.202746828821059211e+00
5.505287224921406164e+01,8.272031833949894164e+00
5.507287796513289635e+01,6.920126384426461996e+00
5.509288368105173106e+01,7.232637624525096953e+00
5.511288939697056577e+01,8.195284059067198257e+00
5.513289511288940048e+01,8.411129396393794977e+00
5.515290082880823519e+01,7.880567766263011364e+00
5.517290654472706990e+01,8.998597177144928239e+00
5.519291226064590461e+01,7.585519259019977589e+00
5.521291797656473221e+01,9.240006159480184778e+00
5.523292369248356692e+01,7.507767233993665634e+00
5.525292940840240163e+01,8.356041256393760719e+00
5.527293512432123634e+01,9.259141216705423005e+00
5.529294084024007105e+01,7.726870822701616071e+00
5.531294655615890576e+01,8.169270825822675164e+00
5.533295227207774047e+01,8.612505623016526002e+00
5.535295798799657518e+01,9.208134382134696594e+00
5.537296370391540989e+01,7.848061647628992610e+00
5.539296941983423750e+01,9.212921718056870546e+00
5.541297513575307221e+01,8.375080246127676986e+00
5.543298085167190692e+01,7.852109840174089861e+00
5.545298656759074163e+01,7.791160803630416964e+00
5.547299228350957634e+01,9.341723696748944761e+00
5.549299799942841105e+01,9.315735279530231949e+00
5.551300371534724576e+01,8.466525542390286319e+00
5.553300943126608047e+01,9.636032936851123054e+00
5.555301514718491518e+01,9.412102756495910327e+00
5.557302086310374989e+01,9.644645888941122180e+00
5.559302657902257749e+01,9.991533720002815144e+00
5.561303229494141220e+01,9.096719451332424100e+00
5.563303801086024691e+01,8.559357370037535162e+00
5.565304372677908162e+01,9.094279614714755766e+00
5.567304944269791633e+01,1.005320530311317206e+01
5.569305515861675104e+01,9.669132222400161680e+00
5.571306087453558575e+01,9.398304140718520827e+00
5.573306659045442046e+01,9.456562619436654771e+00
5.575307230637325517e+01,1.067766473182260079e+01
5.577307802229208278e+01,1.099427762699662203e+01
5.579308373821091749e+01,1.005649176307955450e+01
5.581308945412975220e+01,9.729889208222358477e+00
5.583309517004858691e+01,1.070314933088455867e+01
5.585310088596742162e+01,1.050752691791265470e+01
5.587310660188625633e+01,9.752362717436012574e+00
5.589311231780509104e+01,1.033761806350521084e+01
5.591311803372392575e+01,9.422115160493126140e+00
5.593312374964276046e+01,9.368744080941599606e+00
5.595312946556158806e+01,1.013400191521899352e+01
5.597313518148042277e+01,1.013328638199828546e+01
5.599314089739925748e+01,1.037289700408507009e+01
5.601314661331809219e+01,1.016194390130100977e+01
5.603315232923692690e+01,8.851036628898343750e+00
5.605315804515576161e+01,8.328223578455020260e+00
5.607316376107459632e+01,9.227357864008524757e+00
5.609316947699343103e+01,7.345215876742255290e+00
5.611317519291226574e+01,8.614622036231443403e+00
5.613318090883110045e+01,8.198740400513973015e+00
5.615318662474992806e+01,7.647228252070336296e+00
5.617319234066876277e+01,8.151147535371954689e+00
5.619319805658759748e+01,6.986168032392561678e+00
5.621320377250643219e+01,6.269741938239913104e+00
5.623320948842526690e+01,7.499905342508487394e+00
5.625321520434410161e+01,6.930144927393257603e+00
5.627322092026293632e+01,6.519115357892363072e+00
5.629322663618177103e+01,6.265545325476152172e+00
5.631323235210060574e+01,7.468445559885945606e+00
5.633323806801943334e+01,6.061866524642602450e+00
5.635324378393826805e+01,7.101933945977444651e+00
5.637324949985710276e+01,6.319445221878557284e+00
5.639325521577593747e+01,6.056879523923694109e+00
5.641326093169477218e+01,6.944749226646818485e+00
5.643326664761360689e+01,6.653393256054298099e+00
5.645327236353244160e+01,6.460143684165154276e+00
5.647327807945127631e+01,6.436411321530675522e+00
5.649328379537011102e+01,5.979922442199459454e+00
5.651328951128894573e+01,7.308663913075598373e+00
5.653329522720777334e+01,5.812346825486401691e+00
5.655330094312660805e+01,6.837488758915123199e+00
5.657330665904544276e+01,6.818183972141124372e+00
5.659331237496427747e+01,7.010994980876971816e+00
5.661331809088311218e+01,5.847544639052051352e+00
5.663332380680194689e+01,6.664053343643425720e+00
5.665332952272078160e+01,5.303428362652281791e+00
5.667333523863961631e+01,6.673137373004134787e+00
5.669334095455845102e+01,6.584931052132191986e+00
5.671334667047727862e+01,5.694124424443893773e+00
5.673335238639611333e+01,5.409943091197949805e+00
5.675335810231494804e+01,5.621905222562586957e+00
5.677336381823378275e+01,6.145134355270519322e+00
5.679336953415261746e+01,6.627988011954781378e+00
5.681337525007145217e+01,6.092990557657402384e+00
5.683338096599028688e+01,6.545019863292919737e+00
5.685338668190912159e+01,5.679239847392314466e+00
5.687339239782795630e+01,5.460872584120256334e+00
5.689339811374678391e+01,6.801321365973121758e+00
5.691340382966561862e+01,5.491898892929213183e+00
5.693340954558445333e+01,6.662010208924501242e+00
5.695341526150328804e+01,5.848032258916846082e+00
5.697342097742212275e+01,6.735893411557060340e+00
5.699342669334095746e+01,6.521348854007254836e+00
5.701343240925979217e+01,5.492847932202606032e+00
5.703343812517862688e+01,6.014865493063217272e+00
5.705344384109746159e+01,6.807567723911491342e+00
5.707344955701629630e+01,5.722184700629844301e+00
5.709345527293512390e+01,6.265742124055726059e+00
5.711346098885395861e+01,7.275279254268707696e+00
5.713346670477279332e+01,5.878996294424975844e+00
5.715347242069162803e+01,7.537595264142012752e+00
5.717347813661046274e+01,6.599941920342916823e+00
5.719348385252929745e+01,6.186068315116998839e+00
5.721348956844813216e+01,7.193793409742233358e+00
5.723349528436696687e+01,7.535933040019362927e+00
5.725350100028580158e+01,6.314795036100821157e+00
5.727350671620462919e+01,8.225974436243046028e+00
5.729351243212346390e+01,7.832038725655777078e+00
5.731351814804229861e+01,8.450936688899746585e+00
5.733352386396113332e+01,8.442560362838642973e+00
5.735352957987996803e+01,8.870929447100333931e+00
5.737353529579880274e+01,7.899473980063450362e+00
5.739354101171763745e+01,9.470373270700147117e+00
5.741354672763647216e+01,9.882708402782402146e+00
5.743355244355530687e+01,8.405559184692812380e+00
5.745355815947414158e+01,8.634264488174610008e+00
5.747356387539296918e+01,9.091173052213553873e+00
5.749356959131180389e+01,1.050130171466076234e+01
5.751357530723063860e+01,1.022441724451416079e+01
5.753358102314947331e+01,9.980511534149583142e+00
5.755358673906830802e+01,1.048017096107332513e+01
5.757359245498714273e+01,1.105313411058803652e+01
5.759359817090597744e+01,1.001491171162253657e+01
5.761360388682481215e+01,1.074754965418890151e+01
5.763360960274364686e+01,1.101175223854484742e+01
5.765361531866247446e+01,1.168048382124889351e+01
5.767362103458130917e+01,1.089777500181289227e+01
5.769362675050014388e+01,1.096303843203238415e+01
5.771363246641897859e+01,1.171290852957251616e+01
5.773363818233781330e+01,1.163075304767100882e+01
5.775364389825664801e+01,1.152350206739114213e+01
5.777364961417548272e+01,1.011797630816498916e+01
5.779365533009431743e+01,1.167021786815758766e+01
5.781366104601315214e+01,1.052965491371222306e+01
5.783366676193197975e+01,1.079388556284944656e+01
5.785367247785081446e+01,1.230510854560597167e+01
5.787367819376964917e+01,1.190161562571753606e+01
5.789368390968848388e+01,1.156478732221820493e+01
5.791368962560731859e+01,1.262568772999697053e+01
5.793369534152615330e+01,1.178865925867996722e+01
5.795370105744498801e+01,1.230261914286768388e+01
5.797370677336382272e+01,1.250002074920287320e+01
5.799371248928265743e+01,1.225437307319397995e+01
5.801371820520149214e+01,1.333531445509081514e+01
5.803372392112031974e+01,1.373793964401050083e+01
5.805372963703915445e+01,1.262164364068521571e+01
5.807373535295798916e+01,1.289409626483943860e+01
5.809374106887682387e+01,1.291331820011912335e+01
5.811374678479565858e+01,1.263288363153161242e+01
5.813375250071449329e+01,1.302707370284256783e+01
5.815375821663332800e+01,1.341468353166775174e+01
5.817376393255216271e+01,1.289354336871254070e+01
5.819376964847099742e+01,1.374319807719798270e+01
5.821377536438982503e+01,1.289298197495279474e+01
5.823378108030865974e+01,1.375803568097038720e+01
5.825378679622749445e+01,1.424288427588915873e+01
5.827379251214632916e+01,1.468011482360229181e+01
5.829379822806516387e+01,1.424525173457533178e+01
5.831380394398399858e+01,1.456873268804627664e+01
5.833380965990283329e+01,1.407507178826034533e+01
5.835381537582166800e+01,1.498594267178982875e+01
5.837382109174050271e+01,1.403483085601008717e+01
5.839382680765933742e+01,1.554287421135871128e+01
5.841383252357816502e+01,1.567748335080946021e+01
5.843383823949699973e+01,1.549512249472671499e+01
5.845384395541583444e+01,1.582424076672174706e+01
5.847384967133466915e+01,1.587971319316578622e+01
5.849385538725350386e+01,1.623952160369949738e+01
5.851386110317233857e+01,1.505127615998038770e+01
5.853386681909117328e+01,1.550624571062031265e+01
5.855387253501000799e+01,1.444548508797316266e+01
5.857387825092884270e+01,1.458405307886389579e+01
5.859388396684767031e+01,1.372448164147161087e+01
5.861388968276650502e+01,1.463440233781047795e+01
5.863389539868533973e+01,1.305819318636247495e+01
5.865390111460417444e+01,1.219401871946798721e+01
5.867390683052300915e+01,1.249871072232424751e+01
5.869391254644184386e+01,1.268987757682971740e+01
5.871391826236067857e+01,1.145974934586833349e+01
5.873392397827951328e+01,1.172999206971266339e+01
5.875392969419834799e+01,1.024639967808535346e+01
5.877393541011717559e+01,1.052512131443258525e+01
5.879394112603601030e+01,9.407378284876424246e+00
5.881394684195484501e+01,1.097856222111368751e+01
5.883395255787367972e+01,1.012782560846754265e+01
5.885395827379251443e+01,1.068646948560610532e+01
5.887396398971134914e+01,1.023996131330096127e+01
5.889396970563018385e+01,1.046555149175874533e+01
5.891397542154901856e+01,9.982277993719783638e+00
5.893398113746785327e+01,9.272919692953026427e+00
5.895398685338668798e+01,1.053070847401877508e+01
5.897399256930551559e+01,1.102647344876697311e+01
5.899399828522435030e+01,1.094534392231182096e+01
5.901400400114318501e+01,9.615441027027353371e+00
5.903400971706201972e+01,1.066695848895772514e+01
5.905401543298085443e+01,1.022812441759832502e+01
5.907402114889968914e+01,1.173494917236623714e+01
5.909402686481852385e+01,1.018858572546881192e+01
5.911403258073735856e+01,1.057530110589457450e+01
5.913403829665619327e+01,1.049280729190473949e+01
5.915404401257502087e+01,1.131480246448873572e+01
5.917404972849385558e+01,1.179618722419905730e+01
5.919405544441269029e+01,1.002617863932781894e+01
5.921406116033152500e+01,1.015036846809885240e+01
5.923406687625035971e+01,1.139435647225928605e+01
5.925407259216919442e+01,9.736779705377584193e+00
5.927407830808802913e+01,9.906028236383509267e+00
5.929408402400686384e+01,9.783996538208411309e+00
5.931408973992569855e+01,1.074377132122134881e+01
5.933409545584453326e+01,1.008053847690661264e+01
5.935410117176336087e+01,1.043780374992181059e+01
5.937410688768219558e+01,1.160492100338246502e+01
5.939411260360103029e+01,1.165348636115098202e+01
5.941411831951986500e+01,1.185712804328927206e+01
5.943412403543869971e+01,1.254081244553930752e+01
5.945412975135753442e+01,1.204296057771381356e+01
5.947413546727636913e+01,1.196626685463365369e+01
5.949414118319520384e+01,1.297984002540169080e+01
5.951414689911403855e+01,1.271217265941396413e+01
5.953415261503286615e+01,1.364449200542280138e+01
5.955415833095170086e+01,1.531337828622808139e+01
5.957416404687053557e+01,1.447902394935967507e+01
5.959416976278937028e+01,1.480137965846929582e+01
5.961417547870820499e+01,1.660374577412080299e+01
5.963418119462703970e+01,1.548183203097972971e+01
5.965418691054587441e+01,1.697014489797678038e+01
5.967419262646470912e+01,1.715797642553738811e+01
5.969419834238354383e+01,1.680340172369302465e+01
5.971420405830237144e+01,1.703223249041199949e+01
5.973420977422120615e+01,1.733453348483237377e+01
5.975421549014004086e+01,1.714969604188370766e+01
5.977422120605887557e+01,1.767893873386236692e+01
5.979422692197771028e+01,1.811679546977627453e+01
5.981423263789654499e+01,1.733979649574525794e+01
5.983423835381537970e+01,1.743969116833518740e+01
5.985424406973421441e+01,1.757792013582017532e+01
5.987424978565304912e+01,1.805502727723891354e+01
5.989425550157188383e+01,1.723607760598510197e+01
5.991426121749071143e+01,1.735416403490455650e+01
5.993426693340954614e+01,1.840756287146279391e+01
5.995427264932838085e+01,1.810064429351904280e+01
5.997427836524721556e+01,1.708879950878277398e+01
5.999428408116605027e+01,1.714039322828848100e+01
6.001428979708488498e+01,1.611317217527176027e+01
6.003429551300371969e+01,1.706914498327272156e+01
6.005430122892255440e+01,1.594508383290553333e+01
6.007430694484138911e+01,1.569493491799647700e+01
6.009431266076021672e+01,1.510249619702794277e+01
6.011431837667905143e+01,1.529080699443374058e+01
6.013432409259788614e+01,1.519649174364833755e+01
6.015432980851672085e+01,1.480537927463185888e+01
6.017433552443555556e+01,1.401259417860615208e+01
6.019434124035439027e+01,1.301346075991469498e+01
6.021434695627322498e+01,1.214347436352545095e+01
6.023435267219205969e+01,1.194368065172313820e+01
6.025435838811089440e+01,1.195263697794933044e+01
6.027436410402972911e+01,1.247541214986351221e+01
6.029436981994855671e+01,1.163966783125019511e+01
6.031437553586739142e+01,1.067934027650527362e+01
6.033438125178622613e+01,1.113764850683515384e+01
6.035438696770506084e+01,1.076779618618602541e+01
6.037439268362389555e+01,1.015715498068493616e+01
6.039439839954273026e+01,1.056999559882349615e+01
6.041440411546156497e+01,9.612464012388429069e+00
6.043440983138039968e+01,9.505817233725496251e+00
6.045441554729923439e+01,1.037608766601026034e+01
6.047442126321806199e+01,8.834876683549676812e+00
6.049442697913689670e+01,8.966763759924965882e+00
6.051443269505573141e+01,9.171517977892504447e+00
6.053443841097456612e+01,8.145333392462159594e+00
6.055444412689340083e+01,9.441039963746526098e+00
6.057444984281223554e+01,8.533862431573833618e+00
6.059445555873107025e+01,7.704235792630047541e+00
6.061446127464990496e+01,8.487975795610823937e+00
6.063446699056873967e+01,7.703857374708448447e+00
6.065447270648756728e+01,7.176103718961016398e+00
6.067447842240640199e+01,7.407782329133534738e+00
6.069448413832523670e+01,7.699935137992834022e+00
6.071448985424407141e+01,7.636087574325443939e+00
6.073449557016290612e+01,7.666889682668768025e+00
6.075450128608174083e+01,6.473598444450376022e+00
6.077450700200057554e+01,7.482517328469968199e+00
6.079451271791941025e+01,6.754458496403623613e+00
6.081451843383824496e+01,6.993149223831423456e+00
6.083452414975707967e+01,6.639578297593121015e+00
6.085452986567590727e+01,6.998495128255366460e+00
6.087453558159474198e+01,7.243687820938773392e+00
6.089454129751357669e+01,5.708235844425815664e+00
6.091454701343241140e+01,6.854327855938112890e+00
6.093455272935124611e+01,7.330766761052547764e+00
6.095455844527008082e+01,6.284818394276951103e+00
6.097456416118891553e+01,6.942483073578890718e+00
6.099456987710775024e+01,7.329498819561575118e+00
6.101457559302658495e+01,5.651655077195337107e+00
6.103458130894541256e+01,7.335976396093934149e+00
6.105458702486424727e+01,6.378855147256123459e+00
6.107459274078308198e+01,7.131059950594376140e+00
6.109459845670191669e+01,6.830054363610515544e+00
6.111460417262075140e+01,5.488682728490829277e+00
6.113460988853958611e+01,7.019892121237112370e+00
6.115461560445842082e+01,7.213454555790216105e+00
6.117462132037725553e+01,6.111270854660052265e+00
6.119462703629609024e+01,6.879875558452544837e+00
6.121463275221492495e+01,5.872380078526211911e+00
6.123463846813375255e+01,6.630841760819297548e+00
6.125464418405258726e+01,6.629020874625865645e+00
6.127464989997142197e+01,5.715493848520523557e+00
6.129465561589025668e+01,6.801652206833871617e+00
6.131466133180909139e+01,6.557471127351665707e+00
6.133466704772792610e+01,7.129379690052972229e+00
6.135467276364676081e+01,5.682293095250043002e+00
6.137467847956559552e+01,6.759399702620732420e+00
6.139468419548443023e+01,5.425575143716766746e+00
6.141468991140325784e+01,6.754666102598691602e+00
6.143469562732209255e+01,6.882000006658967273e+00
6.145470134324092726e+01,6.123524209268747853e+00
6.147470705915976197e+01,7.199189582028027168e+00
6.149471277507859668e+01,5.586502443775939852e+00
6.151471849099743139e+01,6.245602404997597112e+00
6.153472420691626610e+01,5.419564990096310986e+00
6.155472992283510081e+01,6.392007932633229750e+00
6.157473563875393552e+01,6.210425362053812570e+00
6.159474135467276312e+01,6.934113393023848104e+00
6.161474707059159783e+01,6.753577946813499544e+00
6.163475278651043254e+01,6.507816780799708489e+00
6.165475850242926725e+01,5.785313780625619628e+00
6.167476421834810196e+01,6.901716908159091446e+00
6.169476993426693667e+01,6.902596464609174198e+00
6.171477565018577138e+01,6.745190909245374122e+00
6.173478136610460609e+01,6.152269329751966609e+00
6.175478708202344080e+01,6.753666170933116497e+00
6.177479279794227551e+01,6.762661044654410425e+00
6.179479851386110312e+01,6.572400118773841449e+00
6.181480422977993783e+01,6.824891301057320447e+00
6.183480994569877254e+01,7.249260470666078149e+00
6.185481566161760725e+01,6.786472830674976642e+00
6.187482137753644196e+01,6.041431002543086848e+00
6.189482709345527667e+01,7.010457985579731321e+00
6.191483280937411138e+01,6.521465191745808632e+00
6.193483852529294609e+01,6.920158328701235817e+00
6.195484424121178080e+01,5.870903626543367615e+00
6.197484995713060840e+01,5.732037445839862855e+00
6.199485567304944311e+01,6.949462909716562997e+00
6.201486138896827782e+01,6.648132400159625810e+00
6.203486710488711253e+01,6.124200776044892436e+00
6.205487282080594724e+01,7.396605064972657573e+00
6.207487853672478195e+01,6.916135078374334277e+00
6.209488425264361666e+01,5.947578240692697804e+00
6.211488996856245137e+01,6.366725398597848695e+00
6.213489568448128608e+01,7.702419809848367827e+00
6.215490140040011369e+01,7.167351709764035128e+00
6.217490711631894840e+01,6.038368720191199301e+00
6.219491283223778311e+01,7.499981504449103831e+00
6.221491854815661782e+01,6.908388433267505846e+00
6.223492426407545253e+01,7.201439302429346156e+00
6.225492997999428724e+01,7.433437210174878906e+00
6.227493569591312195e+01,6.600388636982245316e+00
6.229494141183195666e+01,8.018883744717145490e+00
6.231494712775079137e+01,8.517931578682661709e+00
6.233495284366962608e+01,8.159968837624081317e+00
6.235495855958845368e+01,7.632422873357625370e+00
6.237496427550728839e+01,7.380318184640352719e+00
6.239496999142612310e+01,7.848866411872217341e+00
6.241497570734495781e+01,8.738176625699729527e+00
6.243498142326379252e+01,9.360003071621115112e+00
6.245498713918262723e+01,9.686177681044400245e+00
6.247499285510146194e+01,9.394360960708093344e+00
6.249499857102029665e+01,9.281646468304847630e+00
6.251500428693913136e+01,1.031411796508764667e+01
6.253501000285795897e+01,1.022769538015509916e+01
6.255501571877679368e+01,1.180712832862524841e+01
6.257502143469562839e+01,1.216297197664603758e+01
6.259502715061446310e+01,1.338277698790758130e+01
6.261503286653329781e+01,1.395593169429212033e+01
6.263503858245213252e+01,1.387321719643381535e+01
6.265504429837096723e+01,1.354994916918663783e+01
6.267505001428980194e+01,1.527891384628208016e+01
6.269505573020863665e+01,1.493377185508003357e+01
6.271506144612747136e+01,1.619566958012906710e+01
6.273506716204629896e+01,1.598381393080579294e+01
6.275507287796513367e+01,1.633254589653788003e+01
6.277507859388396838e+01,1.737227750231144086e+01
6.279508430980280309e+01,1.826613275316033835e+01
6.281509002572163780e+01,1.743823209058234269e+01
6.283509574164047251e+01,1.708173850570345564e+01
6.285510145755930722e+01,1.879008143560074018e+01
6.287510717347814193e+01,1.816205425846984056e+01
6.289511288939697664e+01,1.751205505365233606e+01
6.291511860531580425e+01,1.767154288140420704e+01
6.293512432123463896e+01,1.834186281550707776e+01
6.295513003715347367e+01,1.748835696125257400e+01
6.297513575307230838e+01,1.788876281422864878e+01
6.299514146899114309e+01,1.830634841639718502e+01
6.301514718490997780e+01,1.815653230398372386e+01
6.303515290082881251e+01,1.933376031808404960e+01
6.305515861674764722e+01,1.842780010112990396e+01
6.307516433266648193e+01,1.908533719050489452e+01
6.309517004858530953e+01,2.000628439104583833e+01
6.311517576450414424e+01,2.185084832420633560e+01
6.313518148042297895e+01,2.269039162045159230e+01
6.315518719634181366e+01,2.390172138152114911e+01
6.317519291226064837e+01,2.398444805559735826e+01
6.319519862817948308e+01,2.460906541411999982e+01
6.321520434409831779e+01,2.582269460401022698e+01
6.323521006001715250e+01,2.870856513769629004e+01
6.325521577593598721e+01,2.862550287530261883e+01
6.327522149185482192e+01,3.149344444340916738e+01
6.329522720777364952e+01,3.300944858899431011e+01
6.331523292369248423e+01,3.336778545151184971e+01
6.333523863961131894e+01,3.495217019045448836e+01
6.335524435553015365e+01,3.466580006784840151e+01
6.337525007144898836e+01,3.652879190008317067e+01
6.339525578736782307e+01,3.767439889020864996e+01
6.341526150328665778e+01,3.699157786520200375e+01
6.343526721920549249e+01,3.824921399635420016e+01
6.345527293512432720e+01,3.668681923378301235e+01
6.347527865104315481e+01,3.758087871087555953e+01
6.349528436696198952e+01,3.594835931547000030e+01
6.351529008288082423e+01,3.641934750358247186e+01
6.353529579879965894e+01,3.598235630397446982e+01
6.355530151471849365e+01,3.584696718285472627e+01
6.357530723063732836e+01,3.353447224996514109e+01
6.359531294655616307e+01,3.471910122632329632e+01
6.361531866247499778e+01,3.293906623936906186e+01
6.363532437839383249e+01,3.259993467544303769e+01
6.365533009431266720e+01,3.268259781153165022e+01
6.367533581023149480e+01,3.207819122305671300e+01
6.369534152615032951e+01,3.149278509921388292e+01
6.371534724206916422e+01,3.209639261732142046e+01
6.373535295798799893e+01,3.331024590451476541e+01
6.375535867390683364e+01,3.364488119296007795e+01
6.377536438982566835e+01,3.347307639885421082e+01
6.379537010574450306e+01,3.495549643394353723e+01
6.381537582166333777e+01,3.368775821764571532e+01
6.383538153758217248e+01,3.508870665763694063e+01
6.385538725350100009e+01,3.575860274271565942e+01
6.387539296941983480e+01,3.554339131095117210e+01
6.389539868533866951e+01,3.659281144750570292e+01
6.391540440125750422e+01,3.657032003420349042e+01
6.393541011717633893e+01,3.656480519471791979e+01
6.395541583309517364e+01,3.692409070865052456e+01
6.397542154901400835e+01,3.761022017953360574e+01
6.399542726493284306e+01,3.655616959738702576e+01
6.401543298085167066e+01,3.785662643945211414e+01
6.403543869677051248e+01,3.661581587410308458e+01
6.405544441268934008e+01,3.667159364938704158e+01
6.407545012860816769e+01,3.571729485693131778e+01
6.409545584452700950e+01,3.524982189980537584e+01
6.411546156044585132e+01,3.289199270666428276e+01
6.413546727636467892e+01,3.210671667812326291e+01
6.415547299228350653e+01,3.114310964759287259e+01
6.417547870820234834e+01,3.083249039755761345e+01
6.419548442412119016e+01,2.877614390494858654e+01
6.421549014004001776e+01,2.821727597846378544e+01
6.423549585595884537e+01,2.543230033340395480e+01
6.425550157187768718e+01,2.452258615499039607e+01
6.427550728779651479e+01,2.243003431347274557e+01
6.429551300371534239e+01,2.209742730379421616e+01
6.431551871963418421e+01,1.985309971468351264e+01
6.433552443555302602e+01,1.930602111860966019e+01
6.435553015147185363e+01,1.741406075972022549e+01
6.437553586739068123e+01,1.666600717218582872e+01
6.439554158330952305e+01,1.432430871842695375e+01
6.441554729922835065e+01,1.482601619152298156e+01
6.443555301514717826e+01,1.295510921356431844e+01
6.445555873106602007e+01,1.374081869733348960e+01
6.447556444698486189e+01,1.255983445397090925e+01
6.449557016290368949e+01,1.237360000420451911e+01
6.451557587882251710e+01,1.045283821919683120e+01
6.453558159474135891e+01,1.035199493034885343e+01
6.455558731066020073e+01,1.008165174084147431e+01
6.457559302657902833e+01,9.659047264824737411e+00
6.459559874249785594e+01,1.072192924250563273e+01
6.461560445841669775e+01,9.529981792945937613e+00
6.463561017433552536e+01,9.099471938539871019e+00
6.465561589025435296e+01,8.976425010856829090e+00
6.467562160617319478e+01,9.257852424888485032e+00
6.469562732209203659e+01,9.862453779987976787e+00
6.471563303801086420e+01,8.664806443339866604e+00
6.473563875392969180e+01,8.393535725806440695e+00
6.475564446984853362e+01,9.032461438112390439e+00
6.477565018576737543e+01,9.784027669749571388e+00
6.479565590168618883e+01,8.464464562925151370e+00
6.481566161760503064e+01,8.863853334207862034e+00
6.483566733352387246e+01,9.651143092717020977e+00
6.485567304944270006e+01,9.171856759608489895e+00
6.487567876536152767e+01,9.045671491886750459e+00
6.489568448128036948e+01,8.944483018869135549e+00
6.491569019719921130e+01,8.944163810964822048e+00
6.493569591311803890e+01,8.809965780861826801e+00
6.495570162903686651e+01,9.426407568949642268e+00
6.497570734495570832e+01,8.461494456467773873e+00
6.499571306087453593e+01,8.567167838114507106e+00
6.501571877679336353e+01,7.889862656547734332e+00
6.503572449271220535e+01,9.073897721988524623e+00
6.505573020863104716e+01,7.558889826901118880e+00
6.507573592454987477e+01,9.080552680352983685e+00
6.509574164046870237e+01,8.697197135535930101e+00
6.511574735638754419e+01,7.516534347294149043e+00
6.513575307230638600e+01,8.962615448916794847e+00
6.515575878822521361e+01,8.182461183288097573e+00
6.517576450414404121e+01,8.738349300204419023e+00
6.519577022006288303e+01,8.087034393470261762e+00
6.521577593598171063e+01,7.752632254982102289e+00
6.523578165190053824e+01,8.728521192174794052e+00
6.525578736781938005e+01,8.037923056284842716e+00
6.527579308373822187e+01,7.918564581277382608e+00
6.529579879965704947e+01,8.403263869704751698e+00
6.531580451557587708e+01,7.710888429209889594e+00
6.533581023149471889e+01,7.848388849352486929e+00
6.535581594741354650e+01,8.137606817907540702e+00
6.537582166333237410e+01,7.945151760173595257e+00
6.539582737925121592e+01,7.643712946961970012e+00
6.541583309517005773e+01,8.235908489468680926e+00
6.543583881108888534e+01,7.074831919758374887e+00
6.545584452700771294e+01,8.122313657693943867e+00
6.547585024292655476e+01,8.667616827233658228e+00
6.549585595884539657e+01,7.537719757269335297e+00
6.551586167476422418e+01,8.126983756160461425e+00
6.553586739068305178e+01,7.201716296440553222e+00
6.555587310660189360e+01,7.222563765824776993e+00
6.557587882252072120e+01,8.067988895717592257e+00
6.559588453843954881e+01,8.423175234977184900e+00
6.561589025435839062e+01,7.547544735086374246e+00
6.563589597027723244e+01,7.197049594493096336e+00
6.565590168619606004e+01,6.885009573613891654e+00
6.567590740211488765e+01,7.828269506825018098e+00
6.569591311803372946e+01,7.947409392907113457e+00
6.571591883395257128e+01,7.803102382099456946e+00
6.573592454987138467e+01,6.071512069954803970e+00
6.575593026579022649e+01,7.542683274106724234e+00
6.577593598170906830e+01,6.580835264130275419e+00
6.579594169762789591e+01,6.810432987089937384e+00
6.581594741354672351e+01,7.435935213490130202e+00
6.583595312946556533e+01,5.920792638263182361e+00
6.585595884538440714e+01,7.431692377318635856e+00
6.587596456130323475e+01,6.521808980761645280e+00
6.589597027722206235e+01,5.539593115099497922e+00
6.591597599314090417e+01,7.366519943377342727e+00
6.593598170905973177e+01,6.562187910567178761e+00
6.595598742497855937e+01,6.979180849630426842e+00
6.597599314089740119e+01,6.533639147152306315e+00
6.599599885681624301e+01,6.227982080274055754e+00
6.601600457273507061e+01,5.679767137977359326e+00
6.603601028865389821e+01,5.863775900131600771e+00
6.605601600457274003e+01,5.600970307787481062e+00
6.607602172049158185e+01,6.507008697574267586e+00
6.609602743641040945e+01,6.700672665041820686e+00
6.611603315232923705e+01,6.308965161419076040e+00
6.613603886824807887e+01,6.213537184936371638e+00
6.615604458416690647e+01,5.627402304020037604e+00
6.617605030008573408e+01,6.926509499199609010e+00
6.619605601600457589e+01,5.335279712366116200e+00
6.621606173192341771e+01,5.529115911190030097e+00
6.623606744784224531e+01,5.413218498295495174e+00
6.625607316376107292e+01,5.963081536916280179e+00
6.627607887967991473e+01,5.850278440109359934e+00
6.629608459559874234e+01,5.370167506263830326e+00
6.631609031151756994e+01,6.333228400403991820e+00
6.633609602743641176e+01,7.047288470652612880e+00
6.635610174335525357e+01,6.815799527389330592e+00
6.637610745927408118e+01,6.335461927296676343e+00
6.639611317519290878e+01,6.188041966529494786e+00
6.641611889111175060e+01,6.606622962698528667e+00
6.643612460703059241e+01,7.277721482824547117e+00
6.645613032294942002e+01,6.233986887684570988e+00
6.647613603886824762e+01,7.246094733208803262e+00
6.649614175478708944e+01,6.320183206893729810e+00
6.651614747070591704e+01,5.772705771185654200e+00
6.653615318662474465e+01,7.008392397897002191e+00
6.655615890254358646e+01,6.868118156905793192e+00
6.657616461846242828e+01,5.883755372415023999e+00
6.659617033438125588e+01,7.066773470212381447e+00
6.661617605030008349e+01,5.510211336354537082e+00
6.663618176621892530e+01,5.920965415262959830e+00
6.665618748213776712e+01,6.549529500873259025e+00
6.667619319805658051e+01,5.661397719885260749e+00
6.669619891397542233e+01,5.444777239573313388e+00
6.671620462989426414e+01,5.415104652556010478e+00
6.673621034581309175e+01,6.515915814962523811e+00
6.675621606173191935e+01,6.569166406383746271e+00
6.677622177765076117e+01,5.982601660403972232e+00
6.679622749356960298e+01,5.291940263070642914e+00
6.681623320948843059e+01,5.650569167013868466e+00
6.683623892540725819e+01,6.033713585401139667e+00
6.685624464132610001e+01,6.328502177209650803e+00
6.687625035724492761e+01,5.812104508455457008e+00
6.689625607316375522e+01,5.926948541291527484e+00
6.691626178908259703e+01,6.741419948558902142e+00
6.693626750500143885e+01,6.544326967026727893e+00
6.695627322092026645e+01,6.660192703172108430e+00
6.697627893683909406e+01,5.725355772468741833e+00
6.699628465275793587e+01,5.721454054300865621e+00
6.701629036867677769e+01,5.360249450308657515e+00
6.703629608459560529e+01,6.564824427901241322e+00
6.705630180051443290e+01,6.586102582245244363e+00
6.707630751643327471e+01,6.449572106626408008e+00
6.709631323235210232e+01,5.461367673398496159e+00
6.711631894827092992e+01,5.773426756804910909e+00
6.713632466418977174e+01,5.706908193957432651e+00
6.715633038010861355e+01,5.964225762272830522e+00
6.717633609602744116e+01,6.489368449750460677e+00
6.719634181194626876e+01,5.238782653657975352e+00
6.721634752786511058e+01,5.450618307418945818e+00
6.723635324378393818e+01,5.203806343315243943e+00
6.725635895970276579e+01,5.703080575339143365e+00
6.727636467562160760e+01,5.823681705883855031e+00
6.729637039154044942e+01,6.793371783862605540e+00
6.731637610745927702e+01,5.728481830556685139e+00
6.733638182337810463e+01,6.353324433101187552e+00
6.735638753929694644e+01,5.132321777927140616e+00
6.737639325521578826e+01,5.346149122115900099e+00
6.739639897113461586e+01,5.248267950370268942e+00
6.741640468705344347e+01,6.662561152000738396e+00
6.743641040297228528e+01,5.584577984144054597e+00
6.745641611889111289e+01,5.472830326116145727e+00
6.747642183480994049e+01,6.370540584974249576e+00
6.749642755072878231e+01,6.102420750240571401e+00
6.751643326664762412e+01,5.821616361167397891e+00
6.753643898256645173e+01,6.745498513990091816e+00
6.755644469848527933e+01,6.486129854725012578e+00
6.757645041440412115e+01,4.944485432695281624e+00
6.759645613032296296e+01,5.036826666932423535e+00
6.761646184624177636e+01,6.746731615025379547e+00
6.763646756216061817e+01,5.140014686706737557e+00
6.765647327807945999e+01,5.007574671411967770e+00
6.767647899399828759e+01,5.344900130900465562e+00
6.769648470991711520e+01,5.511263945130933095e+00
6.771649042583595701e+01,5.543597342644811299e+00
6.773649614175479883e+01,6.549819746903399853e+00
6.775650185767362643e+01,5.737972904215589587e+00
6.777650757359245404e+01,5.779059934513900210e+00
6.779651328951129585e+01,6.478094700830885344e+00
6.781651900543012346e+01,6.328197882916621886e+00
6.783652472134895106e+01,6.536748712497863600e+00
6.785653043726779288e+01,5.176795922081027790e+00
6.787653615318663469e+01,6.361921889099975580e+00
6.789654186910546230e+01,5.934751613358709932e+00
6.791654758502428990e+01,5.984378116087825994e+00
6.793655330094313172e+01,5.422551862559776836e+00
6.795655901686197353e+01,5.390403530439325408e+00
6.797656473278080114e+01,5.213976881620075332e+00
6.799657044869962874e+01,5.475045867161703939e+00
6.801657616461847056e+01,5.926988468064567250e+00
6.803658188053729816e+01,5.668902601784376216e+00
6.805658759645612577e+01,5.146643513170602091e+00
6.807659331237496758e+01,6.489349519315434911e+00
6.809659902829380940e+01,6.431932222156515166e+00
6.811660474421263700e+01,5.948411094745770455e+00
6.813661046013146461e+01,5.273098908574618271e+00
6.815661617605030642e+01,5.343986360302429794e+00
6.817662189196913403e+01,5.289970781806945688e+00
6.819662760788796163e+01,6.103094405636210418e+00
6.821663332380680345e+01,6.800608721051896843e+00
6.823663903972564526e+01,6.021003041119663557e+00
6.825664475564447287e+01,6.345116060098444422e+00
6.827665047156330047e+01,6.584776689396223404e+00
6.829665618748214229e+01,5.767145885373072822e+00
6.831666190340098410e+01,6.715797755577352923e+00
6.833666761931981171e+01,6.562621369912873703e+00
6.835667333523863931e+01,5.333796754670719231e+00
6.837667905115748113e+01,5.318119153854086179e+00
6.839668476707630873e+01,5.181499718150040401e+00
6.841669048299513634e+01,5.426162352993650906e+00
6.843669619891397815e+01,6.595615479714415308e+00
6.845670191483281997e+01,6.616911132341916968e+00
6.847670763075164757e+01,6.598922297559546735e+00
6.849671334667047518e+01,6.790610924034387708e+00
6.851671906258931699e+01,7.222224215394508207e+00
6.853672477850815881e+01,7.339959517951338164e+00
6.855673049442697220e+01,7.082820568436165587e+00
6.857673621034581402e+01,6.070453155564193182e+00
6.859674192626465583e+01,5.979592149665116985e+00
6.861674764218348344e+01,7.677419344061438444e+00
6.863675335810231104e+01,7.469455169280134754e+00
6.865675907402115286e+01,6.274139572175766233e+00
6.867676478993999467e+01,7.737041852259157082e+00
6.869677050585882228e+01,7.729927977249217541e+00
6.871677622177764988e+01,8.215363311980592442e+00
6.873678193769649170e+01,8.453605634961302684e+00
6.875678765361531930e+01,7.434795347989395786e+00
6.877679336953414690e+01,8.384993781757597020e+00
6.879679908545298872e+01,7.801049243445667081e+00
6.881680480137183054e+01,8.267351289421046800e+00
6.883681051729065814e+01,8.258664616208873710e+00
6.885681623320948574e+01,8.475745419928385260e+00
6.887682194912832756e+01,6.670443640662523599e+00
6.889682766504716938e+01,7.266219446975521912e+00
6.891683338096599698e+01,8.222528388900576246e+00
6.893683909688482458e+01,7.356345857047177361e+00
6.895684481280366640e+01,6.834332793750529156e+00
6.897685052872249400e+01,7.266472659167398263e+00
6.899685624464132161e+01,6.097230307961821971e+00
6.901686196056016342e+01,6.885045633003416654e+00
6.903686767647900524e+01,6.277541655197376613e+00
6.905687339239783284e+01,6.445230819635185959e+00
6.907687910831666045e+01,7.219832868550557947e+00
6.909688482423550226e+01,6.169586572686216464e+00
6.911689054015432987e+01,6.008741965696473564e+00
6.913689625607315747e+01,6.028282044434238429e+00
6.915690197199199929e+01,6.141291478507126200e+00
6.917690768791084110e+01,5.905489026073632353e+00
6.919691340382966871e+01,5.507750432115395611e+00
6.921691911974849631e+01,6.287645845462655814e+00
6.923692483566733813e+01,6.458904623232450959e+00
6.925693055158617994e+01,6.154500415999155649e+00
6.927693626750500755e+01,5.791263920612682803e+00
6.929694198342383515e+01,6.217451463135201806e+00
6.931694769934267697e+01,6.952063148979694240e+00
6.933695341526150457e+01,5.714191739924581626e+00
6.935695913118033218e+01,5.788756540457622890e+00
6.937696484709917399e+01,6.138734939887355857e+00
6.939697056301801581e+01,6.474088866489286609e+00
6.941697627893684341e+01,7.942591202232066827e+00
6.943698199485567102e+01,7.391791476513558834e+00
6.945698771077451283e+01,7.513880953895562875e+00
6.947699342669335465e+01,7.695347371383885360e+00
6.949699914261216804e+01,8.356747586515046677e+00
6.951700485853100986e+01,7.150122469021424898e+00
6.953701057444985167e+01,7.057031521730266377e+00
6.955701629036867928e+01,7.247084692781622373e+00
6.957702200628750688e+01,8.224360515506031533e+00
6.959702772220634870e+01,8.733934045974017124e+00
6.961703343812519051e+01,8.741347620613888481e+00
6.963703915404401812e+01,8.558492385887376486e+00
6.965704486996284572e+01,8.517634745524782502e+00
6.967705058588168754e+01,7.908218352070949031e+00
6.969705630180051514e+01,8.721621839451513480e+00
6.971706201771934275e+01,8.757165531184678997e+00
6.973706773363818456e+01,9.302173136433149025e+00
6.975707344955702638e+01,8.922618658706026551e+00
6.977707916547585398e+01,9.800871213013591543e+00
6.979708488139468159e+01,9.539279254023892207e+00
6.981709059731352340e+01,8.285150895116089487e+00
6.983709631323236522e+01,9.670274927959798816e+00
6.985710202915119282e+01,9.230455490668484586e+00
6.987710774507002043e+01,8.684624211324340592e+00
6.989711346098886224e+01,8.628143759734996365e+00
6.991711917690768985e+01,7.809487718926060751e+00
6.993712489282651745e+01,7.619844919335845290e+00
6.995713060874535927e+01,8.370114454762726197e+00
6.997713632466420108e+01,7.804421792936532931e+00
6.999714204058302869e+01,7.973910387480445117e+00
7.001714775650185629e+01,8.211824544246582036e+00
7.003715347242069811e+01,6.963309664078070504e+00
7.005715918833952571e+01,7.627323513762740426e+00
7.007716490425835332e+01,6.700282660873932983e+00
7.009717062017719513e+01,7.261466071637420860e+00
7.011717633609603695e+01,7.194101837880798378e+00
7.013718205201486455e+01,6.369627711819387805e+00
7.015718776793369216e+01,5.540217934106956399e+00
7.017719348385253397e+01,6.156606850705953704e+00
7.019719919977137579e+01,6.595226598582186739e+00
7.021720491569020339e+01,6.956507186858500447e+00
7.023721063160903100e+01,5.813953612524348280e+00
7.025721634752787281e+01,6.239236674893426482e+00
7.027722206344670042e+01,6.111908321569248237e+00
7.029722777936552802e+01,6.773492220304721201e+00
7.031723349528436984e+01,6.913729152839450443e+00
7.033723921120321165e+01,6.808030081514496068e+00
7.035724492712203926e+01,5.513709052684300893e+00
7.037725064304086686e+01,6.574576122642224796e+00
7.039725635895970868e+01,5.910156417611877266e+00
7.041726207487855049e+01,6.155522079074333242e+00
7.043726779079736389e+01,6.216080622947552037e+00
7.045727350671620570e+01,6.766871827976513210e+00
7.047727922263504752e+01,5.779434228695056852e+00
7.049728493855387512e+01,5.763171653245729331e+00
7.051729065447270273e+01,5.369470612624637873e+00
7.053729637039154454e+01,7.229869157511951805e+00
7.055730208631038636e+01,5.638989456690531199e+00
7.057730780222921396e+01,6.221852608233223059e+00
7.059731351814804157e+01,5.449288695398645466e+00
7.061731923406688338e+01,5.498977481520435084e+00
7.063732494998571099e+01,6.767325361294105335e+00
7.065733066590453859e+01,6.607167925422010590e+00
7.067733638182338041e+01,6.866448930513025850e+00
7.069734209774222222e+01,6.144984360747972829e+00
7.071734781366104983e+01,6.725606491799504205e+00
7.073735352957987743e+01,5.681491253544605158e+00
7.075735924549871925e+01,7.080580257178700876e+00
7.077736496141756106e+01,5.939865974231138601e+00
7.079737067733638867e+01,6.191939357899213903e+00
7.081737639325521627e+01,6.025862624508990351e+00
7.083738210917405809e+01,6.645381182621372673e+00
7.085738782509288569e+01,6.891544522942203876e+00
7.087739354101171330e+01,5.691423939067928650e+00
7.089739925693055511e+01,6.745085092865148013e+00
7.091740497284939693e+01,6.845684874702910427e+00
7.093741068876822453e+01,5.663299968368029624e+00
7.095741640468705214e+01,7.228910717521346285e+00
7.097742212060589395e+01,5.524130970011645658e+00
7.099742783652472156e+01,5.525985251177301549e+00
7.101743355244354916e+01,6.944898729578599550e+00
7.103743926836239098e+01,6.052122614596355810e+00
7.105744498428123279e+01,5.824739755560131016e+00
7.107745070020006040e+01,6.073808659815307820e+00
7.109745641611888800e+01,5.608101701084914126e+00
7.111746213203772982e+01,5.391156915065607791e+00
7.113746784795657163e+01,5.481635748250551110e+00
7.115747356387539924e+01,6.997267805435633647e+00
7.117747927979422684e+01,7.256564854441669432e+00
7.119748499571306866e+01,6.645105699345537964e+00
7.121749071163189626e+01,5.898582799044135960e+00
7.123749642755072387e+01,6.015001915802768551e+00
7.125750214346956568e+01,7.425082638316546912e+00
7.127750785938840750e+01,6.592831882087232032e+00
7.129751357530723510e+01,7.150949555733030927e+00
7.131751929122606271e+01,7.498493399242260438e+00
7.133752500714490452e+01,7.503421526216766502e+00
7.135753072306374634e+01,6.452237798125407764e+00
7.137753643898255973e+01,6.685763409111918243e+00
7.139754215490140155e+01,7.475875801946026300e+00
7.141754787082024336e+01,6.467645625730142456e+00
7.143755358673907097e+01,6.325262897555650632e+00
7.145755930265789857e+01,7.895742881590329887e+00
7.147756501857674039e+01,6.710940088780928292e+00
7.149757073449558220e+01,7.911208779984705508e+00
7.151757645041440981e+01,6.641714371710473408e+00
7.153758216633323741e+01,7.712520702505021752e+00
7.155758788225207923e+01,6.496202606511396027e+00
7.157759359817090683e+01,6.690568339023901245e+00
7.159759931408973443e+01,7.507353823899539869e+00
7.161760503000857625e+01,6.104057141775643736e+00
7.163761074592741807e+01,6.671215912493729583e+00
7.165761646184624567e+01,6.436229184917563018e+00
7.167762217776507327e+01,6.670669488319210139e+00
7.169762789368391509e+01,6.106803038882093304e+00
7.171763360960275691e+01,6.617823358174010018e+00
7.173763932552158451e+01,6.172168555361728259e+00
7.175764504144041211e+01,6.678213409065393513e+00
7.177765075735925393e+01,7.894556303283822629e+00
7.179765647327808153e+01,7.134871750168846560e+00
7.181766218919690914e+01,7.490407248658002004e+00
7.183766790511575095e+01,7.503537426963283075e+00
7.185767362103459277e+01,7.575315978723413224e+00
7.187767933695342037e+01,6.308223790056237235e+00
7.189768505287224798e+01,6.575782586391656359e+00
7.191769076879108979e+01,7.829653533892271255e+00
7.193769648470991740e+01,7.091731378860146151e+00
7.195770220062874500e+01,6.673055961029119132e+00
7.197770791654758682e+01,8.052810933697752915e+00
7.199771363246642863e+01,7.746804659276350868e+00
7.201771934838525624e+01,7.555461035651609869e+00
7.203772506430408384e+01,7.786107270312122353e+00
7.205773078022292566e+01,7.234509116243134308e+00
7.207773649614176747e+01,7.068731085740855846e+00
7.209774221206059508e+01,6.852669085612788535e+00
7.211774792797942268e+01,7.230121358236367257e+00
7.213775364389826450e+01,7.941484820463511340e+00
7.215775935981709210e+01,8.394829208079714888e+00
7.217776507573591971e+01,7.507173947508701595e+00
7.219777079165476152e+01,7.833025024649801438e+00
7.221777650757360334e+01,7.806781905139875022e+00
7.223778222349243094e+01,8.410397018606449393e+00
7.225778793941125855e+01,8.114899493748131576e+00
7.227779365533010036e+01,8.823926789320605479e+00
7.229779937124894218e+01,8.414514958091217522e+00
7.231780508716775557e+01,8.375582953522355822e+00
7.233781080308659739e+01,7.884648078982247732e+00
7.235781651900543920e+01,7.468292038053501614e+00
7.237782223492426681e+01,7.117789997120898882e+00
7.239782795084309441e+01,6.992432444865721131e+00
7.241783366676193623e+01,6.706071973214024595e+00
7.243783938268077804e+01,8.219806664411665409e+00
7.245784509859960565e+01,8.236533881416860936e+00
7.247785081451843325e+01,6.389312197526297865e+00
7.249785653043727507e+01,6.968312270151965748e+00
7.251786224635610267e+01,6.982758334552566559e+00
7.253786796227493028e+01,6.207388750196388472e+00
7.255787367819377209e+01,7.760248849341823352e+00
7.257787939411261391e+01,6.575559776068719664e+00
7.259788511003144151e+01,6.825948919002467363e+00
7.261789082595026912e+01,7.242113140856220710e+00
7.263789654186911093e+01,6.173301956053878214e+00
7.265790225778795275e+01,7.649041448410407007e+00
7.267790797370678035e+01,7.155994487615750188e+00
7.269791368962560796e+01,6.485736917740624996e+00
7.271791940554444977e+01,6.515666780756192544e+00
7.273792512146327738e+01,7.001665884258281736e+00
7.275793083738210498e+01,7.394895343330007975e+00
7.277793655330094680e+01,6.429231387242190898e+00
7.279794226921978861e+01,7.002597977999741374e+00
7.281794798513861622e+01,7.638416964476113513e+00
7.283795370105744382e+01,6.765315309685242084e+00
7.285795941697628564e+01,6.927472391985931566e+00
7.287796513289511324e+01,7.656207242251839240e+00
7.289797084881394085e+01,8.840665076343968920e+00
7.291797656473278266e+01,8.103524911189930791e+00
7.293798228065162448e+01,8.247328763434698118e+00
7.295798799657045208e+01,8.376220244930449255e+00
7.297799371248927969e+01,1.008702949593834219e+01
7.299799942840812150e+01,9.889713193278621972e+00
7.301800514432696332e+01,1.057422289224953360e+01
7.303801086024579092e+01,1.010162812989170789e+01
7.305801657616461853e+01,1.021652621881903222e+01
7.307802229208346034e+01,1.087573885949255015e+01
7.309802800800228795e+01,9.922853537465188722e+00
7.311803372392111555e+01,1.039909462846416943e+01
7.313803943983995737e+01,1.020202337714773932e+01
7.315804515575879918e+01,1.009422244415621250e+01
7.317805087167762679e+01,1.120304505953011898e+01
7.319805658759645439e+01,1.001743058751792859e+01
7.321806230351529621e+01,1.033424480390771549e+01
7.323806801943413802e+01,9.931407802546944552e+00
7.325807373535295142e+01,9.982807538493501553e+00
7.327807945127179323e+01,1.036813150402750416e+01
7.329808516719063505e+01,9.552522965784644882e+00
7.331809088310946265e+01,9.720300643699140153e+00
7.333809659902829026e+01,9.298910844632439776e+00
7.335810231494713207e+01,9.204618976773010885e+00
7.337810803086597389e+01,1.090453327135640649e+01
7.339811374678480149e+01,1.044319861887687750e+01
7.341811946270362910e+01,1.118855574185038648e+01
7.343812517862247091e+01,1.012916902200730718e+01
7.345813089454129852e+01,1.152890356726622301e+01
7.347813661046012612e+01,1.159463240287062114e+01
7.349814232637896794e+01,1.061178971253173309e+01
7.351814804229780975e+01,1.173353512800617615e+01
7.353815375821663736e+01,1.038325366609949008e+01
7.355815947413546496e+01,1.057228163939022281e+01
7.357816519005430678e+01,1.102994107408298952e+01
7.359817090597314859e+01,1.099196812510209043e+01
7.361817662189197620e+01,1.206804116703466967e+01
7.363818233781080380e+01,1.234586840885742376e+01
7.365818805372964562e+01,1.205002590361261561e+01
7.367819376964847322e+01,1.205871470952749824e+01
7.369819948556730083e+01,1.177603697327191767e+01
7.371820520148614264e+01,1.122335297894974993e+01
7.373821091740498446e+01,1.178834792255309871e+01
7.375821663332381206e+01,1.095543235223166079e+01
7.377822234924263967e+01,1.142298793958677017e+01
7.379822806516148148e+01,1.140143618336333020e+01
7.381823378108030909e+01,1.203006979981268643e+01
7.383823949699913669e+01,1.090802002458601905e+01
7.385824521291797851e+01,1.123475413531047806e+01
7.387825092883682032e+01,1.074044061238089931e+01
7.389825664475564793e+01,1.143757734040290508e+01
7.391826236067447553e+01,1.204188814827753085e+01
7.393826807659331735e+01,1.088287143920677735e+01
7.395827379251215916e+01,1.019856668038106129e+01
7.397827950843098677e+01,1.001429694214869137e+01
7.399828522434981437e+01,1.082694951850142928e+01
7.401829094026865619e+01,1.100120622601964016e+01
7.403829665618748379e+01,9.555238613348199905e+00
7.405830237210632561e+01,8.979655069165804804e+00
7.407830808802515321e+01,9.609288032758184883e+00
7.409831380394398082e+01,1.000434586222914390e+01
7.411831951986282263e+01,9.434629141050091761e+00
7.413832523578165024e+01,9.298641929309528820e+00
7.415833095170049205e+01,8.520558546403320221e+00
7.417833666761931966e+01,9.039530159783380370e+00
7.419834238353816147e+01,8.763782086691231044e+00
7.421834809945698908e+01,7.720896608254620652e+00
7.423835381537583089e+01,8.737197464593865703e+00
7.425835953129465850e+01,8.678854261442003448e+00
7.427836524721348610e+01,8.676751562863138645e+00
7.429837096313232792e+01,8.199139135234155162e+00
7.431837667905115552e+01,9.774448833430872341e+00
7.433838239496999734e+01,8.894007214442824605e+00
7.435838811088882494e+01,9.794277571917801239e+00
7.437839382680766676e+01,9.234399922037594521e+00
7.439839954272649436e+01,1.008838200862559020e+01
7.441840525864533618e+01,1.021485010394758675e+01
7.443841097456416378e+01,9.615340687900769012e+00
7.445841669048300560e+01,1.065071268122252768e+01
7.447842240640183320e+01,1.040404677081762586e+01
7.449842812232066080e+01,9.758979371794838542e+00
7.451843383823950262e+01,1.062031230527564674e+01
7.453843955415833022e+01,1.078354646084040702e+01
7.455844527007717204e+01,9.605930449570525553e+00
7.457845098599599964e+01,9.992089725180214543e+00
7.459845670191484146e+01,1.065596065369364887e+01
7.461846241783366906e+01,1.087927999877584639e+01
7.463846813375251088e+01,9.187009499633276732e+00
7.465847384967133848e+01,8.942974697676893570e+00
7.467847956559016609e+01,8.914928681613078609e+00
7.469848528150900790e+01,1.012953538898235450e+01
7.471849099742783551e+01,8.596849119295901787e+00
7.473849671334667732e+01,9.457159690089879334e+00
7.475850242926550493e+01,9.160246700807848086e+00
7.477850814518434674e+01,9.529411557953103795e+00
7.479851386110317435e+01,8.396801805477663194e+00
7.481851957702201616e+01,9.406459883060627192e+00
7.483852529294084377e+01,9.092746288527385090e+00
7.485853100885967137e+01,9.370257000063578090e+00
7.487853672477851319e+01,8.723071957465490911e+00
7.489854244069734079e+01,7.692997450205557364e+00
7.491854815661618261e+01,8.087660814125007036e+00
7.493855387253501021e+01,9.340797061163600645e+00
7.495855958845385203e+01,9.700290880610124233e+00
7.497856530437267963e+01,8.764203364442645139e+00
7.499857102029152145e+01,9.475160321042432443e+00
7.501857673621034905e+01,9.325553265718573570e+00
7.503858245212917666e+01,9.840772050110615510e+00
7.505858816804801847e+01,1.079109274437331223e+01
7.507859388396684608e+01,9.493196922828712303e+00
7.509859959988568789e+01,1.007174275436400990e+01
7.511860531580451550e+01,1.046141796432304893e+01
7.513861103172335731e+01,1.125813432230116895e+01
7.515861674764218492e+01,1.262960776553235931e+01
7.517862246356102673e+01,1.213348826556097038e+01
7.519862817947985434e+01,1.239796738809122445e+01
7.521863389539868194e+01,1.352857405245967115e+01
7.523863961131752376e+01,1.388993078825111560e+01
7.525864532723635136e+01,1.452943497579292398e+01
7.527865104315519318e+01,1.512250988992029654e+01
7.529865675907402078e+01,1.545331371902143225e+01
7.531866247499286260e+01,1.434595836736048469e+01
7.533866819091169020e+01,1.515778879780773103e+01
7.535867390683053202e+01,1.553067269515745785e+01
7.537867962274935962e+01,1.447964610640562100e+01
7.539868533866820144e+01,1.592469418786141766e+01
7.541869105458702904e+01,1.517281708672043905e+01
7.543869677050585665e+01,1.579249934065565419e+01
7.545870248642469846e+01,1.510668905406500073e+01
7.547870820234352607e+01,1.573725511349017836e+01
7.549871391826236788e+01,1.409936988099957844e+01
7.551871963418119549e+01,1.387910036832399285e+01
7.553872535010003730e+01,1.499009787982659780e+01
7.555873106601886491e+01,1.352751937222708989e+01
7.557873678193770672e+01,1.354465091641640839e+01
7.559874249785653433e+01,1.317085834843212844e+01
7.561874821377536193e+01,1.233079901388548372e+01
7.563875392969420375e+01,1.265709126489699798e+01
7.565875964561303135e+01,1.272667285570664752e+01
7.567876536153187317e+01,1.308326275032805164e+01
7.569877107745070077e+01,1.164822387537838999e+01
7.571877679336954259e+01,1.258779105329099934e+01
7.573878250928837019e+01,1.151400525869779656e+01
7.575878822520721201e+01,1.185426711818534962e+01
7.577879394112603961e+01,1.133966516630173693e+01
7.579879965704486722e+01,1.134072626957215135e+01
7.581880537296370903e+01,1.139895965310456738e+01
7.583881108888253664e+01,1.133581244067626415e+01
7.585881680480137845e+01,1.117824455894778524e+01
7.587882252072020606e+01,1.000821571492356377e+01
7.589882823663904787e+01,1.006610412553574108e+01
7.591883395255787548e+01,1.014864784197835945e+01
7.593883966847671729e+01,1.120821900123360493e+01
7.595884538439554490e+01,9.335766196103897130e+00
7.597885110031437250e+01,9.099869546773689422e+00
7.599885681623321432e+01,1.026166081724278811e+01
7.601886253215204192e+01,9.549303411432383371e+00
7.603886824807088374e+01,9.378222883301763346e+00
7.605887396398971134e+01,8.478046492105825394e+00
7.607887967990855316e+01,8.667507733799798331e+00
7.609888539582738076e+01,8.609333730571758991e+00
7.611889111174622258e+01,7.491382377202074672e+00
7.613889682766505018e+01,9.072603173610570337e+00
7.615890254358387779e+01,8.721238123425532507e+00
7.617890825950271960e+01,7.871192147710082132e+00
7.619891397542154721e+01,8.011837530414315012e+00
7.621891969134038902e+01,7.321387316787562050e+00
7.623892540725921663e+01,7.736249404272228958e+00
7.625893112317805844e+01,8.202191148890245032e+00
7.627893683909688605e+01,8.430166660159011727e+00
7.629894255501572786e+01,8.132351886645125205e+00
7.631894827093455547e+01,8.293310312866783107e+00
7.633895398685339728e+01,7.642973318148877482e+00
7.635895970277222489e+01,7.031424668907992448e+00
7.637896541869105249e+01,8.749625815552347419e+00
7.639897113460989431e+01,9.121277824686588431e+00
7.641897685052872191e+01,7.640430675586489251e+00
7.643898256644756373e+01,8.868605900004396858e+00
7.645898828236639133e+01,9.542093782808361624e+00
7.647899399828523315e+01,8.392247682322327762e+00
7.649899971420406075e+01,9.166053168018505559e+00
7.651900543012290257e+01,9.324441503076041471e+00
7.653901114604173017e+01,9.823704301741960521e+00
7.655901686196055778e+01,9.890812245932540492e+00
7.657902257787939959e+01,1.101397693641500197e+01
7.659902829379822720e+01,1.167920306779791062e+01
7.661903400971706901e+01,1.139921383891950590e+01
7.663903972563589662e+01,1.123470164730672316e+01
7.665904544155473843e+01,1.206987516111029102e+01
7.667905115747356604e+01,1.186216452161823831e+01
7.669905687339240785e+01,1.218506117011748380e+01
7.671906258931123546e+01,1.252142913235329225e+01
7.673906830523006306e+01,1.262141433304266336e+01
7.675907402114890488e+01,1.108674158446133973e+01
7.677907973706773248e+01,1.155992417486330659e+01
7.679908545298657430e+01,1.126628386909111690e+01
7.681909116890540190e+01,1.076727292259356084e+01
7.683909688482424372e+01,1.069577035783192720e+01
7.685910260074307132e+01,9.657044257844093593e+00
7.687910831666191314e+01,1.034447907460125649e+01
7.689911403258074074e+01,1.013212409634443745e+01
7.691911974849956835e+01,9.858529521884763724e+00
7.693912546441841016e+01,9.493856354697873812e+00
7.695913118033723777e+01,9.169316484533522882e+00
7.697913689625607958e+01,8.717401159258296062e+00
7.699914261217490719e+01,7.153734200436181467e+00
7.701914832809374900e+01,8.283046490223384239e+00
7.703915404401257661e+01,8.048189366330085193e+00
7.705915975993141842e+01,7.946768701342715069e+00
7.707916547585024603e+01,7.929811943322854439e+00
7.709917119176907363e+01,6.921902300354929594e+00
7.711917690768791545e+01,5.900107851021454408e+00
7.713918262360674305e+01,6.100761665534972344e+00
7.715918833952558487e+01,6.571553659773346823e+00
7.717919405544441247e+01,7.211788707622288186e+00
7.719919977136325429e+01,6.261996391965278796e+00
7.721920548728208189e+01,7.192288455075662057e+00
7.723921120320092371e+01,6.416750336505412378e+00
7.725921691911975131e+01,6.702647419537837159e+00
7.727922263503859313e+01,6.496824353567535404e+00
7.729922835095742073e+01,6.425762443217261755e+00
7.731923406687624833e+01,6.662108454010590819e+00
7.733923978279509015e+01,6.609375994384559583e+00
7.735924549871391775e+01,6.828935396495094068e+00
7.737925121463275957e+01,5.671505355142536509e+00
7.739925693055158717e+01,5.360413448980639650e+00
7.741926264647042899e+01,6.921541145323854671e+00
7.743926836238925659e+01,6.513456395425974321e+00
7.745927407830809841e+01,6.917390568759627989e+00
7.747927979422692601e+01,6.716978134791982136e+00
7.749928551014575362e+01,6.189707132640858589e+00
7.751929122606459543e+01,6.415589980918811719e+00
7.753929694198342304e+01,6.860001877687117222e+00
7.755930265790226485e+01,5.446858041518006566e+00
7.757930837382109246e+01,6.058655304946718445e+00
7.759931408973993427e+01,6.780971049761943981e+00
7.761931980565876188e+01,5.817253674080352432e+00
7.763932552157760369e+01,5.234594224019296860e+00
7.765933123749643130e+01,6.816098054166050524e+00
7.767933695341525890e+01,6.095955846461010630e+00
7.769934266933410072e+01,5.903612017613324880e+00
7.771934838525292832e+01,5.315023335944307981e+00
7.773935410117177014e+01,5.339434813639750033e+00
7.775935981709059774e+01,5.950657430867391184e+00
7.777936553300943956e+01,6.099395263026157643e+00
7.779937124892826716e+01,6.209869074558238999e+00
7.781937696484710898e+01,6.868477062384503284e+00
7.783938268076593658e+01,5.462186547728566488e+00
7.785938839668476419e+01,5.997154453998082779e+00
7.787939411260360600e+01,5.372899610056275144e+00
7.789939982852243361e+01,5.622635074348209194e+00
7.791940554444127542e+01,6.940472266833206838e+00
7.793941126036010303e+01,6.986722594654396268e+00
7.795941697627894484e+01,7.380915161543428304e+00
7.797942269219777245e+01,7.322972883497381069e+00
7.799942840811661426e+01,7.543879152746189476e+00
7.801943412403544187e+01,7.458686100204810820e+00
7.803943983995426947e+01,6.185870273962226662e+00
7.805944555587311129e+01,6.794045301829542360e+00
7.807945127179193889e+01,7.729410955613679413e+00
7.809945698771078071e+01,6.054573133425907194e+00
7.811946270362960831e+01,7.273047504480223857e+00
7.813946841954845013e+01,7.952883192057015549e+00
7.815947413546727773e+01,6.880029013585465592e+00
7.817947985138611955e+01,7.069057585134876476e+00
7.819948556730494715e+01,7.273082355568062596e+00
7.821949128322378897e+01,7.574236494274367182e+00
7.823949699914261657e+01,7.182698090894830578e+00
7.825950271506144418e+01,7.199326820998676268e+00
7.827950843098028599e+01,7.814391463220617950e+00
7.829951414689911360e+01,7.753144180748773984e+00
7.831951986281795541e+01,6.836877110401316848e+00
7.833952557873678302e+01,8.216167879141096364e+00
7.835953129465562483e+01,7.436320266778106536e+00
7.837953701057445244e+01,6.915979458462321539e+00
7.839954272649329425e+01,7.892291526688349990e+00
7.841954844241212186e+01,7.058941827064333374e+00
7.843955415833094946e+01,7.060203677184023086e+00
7.845955987424979128e+01,7.481503620095475426e+00
7.847956559016861888e+01,8.115237259072136666e+00
7.849957130608746070e+01,7.511539656341721383e+00
7.851957702200628830e+01,8.511305039368838976e+00
7.853958273792513012e+01,6.953204788357210120e+00
7.855958845384395772e+01,7.647971729619406744e+00
7.857959416976279954e+01,7.939943972193689525e+00
7.859959988568162714e+01,8.213240101911413404e+00
7.861960560160045475e+01,7.533324021613410970e+00
7.863961131751929656e+01,8.254650342386112172e+00
7.865961703343812417e+01,7.383777270163844442e+00
7.867962274935696598e+01,7.921925695725320793e+00
7.869962846527579359e+01,7.557929634342614555e+00
7.871963418119463540e+01,8.692138365567600999e+00
7.873963989711346301e+01,7.759727597771819418e+00
7.875964561303230482e+01,7.897814643867135054e+00
7.877965132895113243e+01,8.934896917873066613e+00
7.879965704486996003e+01,8.368753055056973977e+00
7.881966276078880185e+01,8.395740447719793664e+00
7.883966847670762945e+01,7.901580523658611632e+00
7.885967419262647127e+01,8.197538921564543557e+00
7.887967990854529887e+01,8.405634709530174220e+00
7.889968562446414069e+01,8.434673434741613463e+00
7.891969134038296829e+01,7.261219013714115711e+00
7.893969705630181011e+01,8.000727843786226146e+00
7.895970277222063771e+01,7.847450684027113432e+00
7.897970848813946532e+01,8.014597796521684359e+00
7.899971420405830713e+01,8.161607308271017658e+00
7.901971991997713474e+01,7.460448264180588929e+00
7.903972563589597655e+01,6.688409968416236140e+00
7.905973135181480416e+01,7.181854012307915092e+00
7.907973706773364597e+01,7.312918641357051719e+00
7.909974278365247358e+01,7.539067488617115842e+00
7.911974849957131539e+01,6.262277227886110076e+00
7.913975421549014300e+01,6.841471628905355651e+00
7.915975993140898481e+01,6.653709657241101638e+00
7.917976564732781242e+01,6.810400477195624802e+00
7.919977136324664002e+01,7.470414628001190493e+00
7.921977707916548184e+01,6.661374701147259714e+00
7.923978279508430944e+01,6.050782857982430762e+00
7.925978851100315126e+01,6.655840578124202267e+00
7.927979422692197886e+01,7.055367917248478449e+00
7.929979994284082068e+01,7.494404095544977551e+00
7.931980565875964828e+01,6.433703146707386189e+00
7.933981137467849010e+01,7.240822465101063976e+00
7.935981709059731770e+01,6.709549182147487301e+00
7.937982280651614531e+01,6.228891428157088406e+00
7.939982852243498712e+01,6.580160762726378287e+00
7.941983423835381473e+01,6.487928495149064112e+00
7.943983995427265654e+01,6.207010974961902683e+00
7.945984567019148415e+01,6.858777336648144818e+00
7.947985138611032596e+01,6.899856404855503555e+00
7.949985710202915357e+01,7.004021465238364996e+00
7.951986281794799538e+01,6.336832576550043505e+00
7.953986853386682299e+01,5.490406027256823585e+00
7.955987424978565059e+01,5.690307009532594051e+00
7.957987996570449241e+01,5.251670084519289183e+00
7.959988568162332001e+01,6.850657938149147697e+00
7.961989139754216183e+01,6.128739632488836797e+00
7.963989711346098943e+01,5.234498322535278803e+00
7.965990282937983125e+01,6.204800127849170011e+00
7.967990854529865885e+01,5.251990562067784474e+00
7.969991426121750067e+01,6.105816760249542341e+00
7.971991997713632827e+01,5.851316900741477589e+00
7.973992569305515588e+01,6.594053918587616359e+00
7.975993140897399769e+01,5.665881276335009709e+00
7.977993712489282530e+01,5.518319582719638738e+00
7.979994284081166711e+01,5.351853216403975821e+00
7.981994855673049472e+01,5.958894358175975015e+00
7.983995427264933653e+01,6.371097127981599328e+00
7.985995998856816414e+01,5.987170922575549170e+00
7.987996570448700595e+01,6.737580329611146723e+00
7.989997142040583356e+01,5.596216082383763890e+00
7.991997713632466116e+01,6.284124894581594845e+00
7.993998285224350298e+01,5.819938876001001127e+00
7.995998856816233058e+01,6.332228228264602521e+00
7.997999428408117240e+01,5.135569830689330040e+00
8.000000000000000000e+01,6.278818704984573174e+00
