angle,intensity
1.000000000000000000e+01,7.893368502527865260e+00
1.002000571591883471e+01,8.126669316126765352e+00
1.004001143183766764e+01,8.305345762931036546e+00
1.006001714775650235e+01,7.817470760661610285e+00
1.008002286367533529e+01,8.264254594654250496e+00
1.010002857959417000e+01,8.334815906595009594e+00
1.012003429551300293e+01,8.377436926840932330e+00
1.014004001143183764e+01,8.869758220861504228e+00
1.016004572735067235e+01,7.846546195441144178e+00
1.018005144326950528e+01,8.456043567934043992e+00
1.020005715918833999e+01,9.425057371048218613e+00
1.022006287510717293e+01,8.839333458936870613e+00
1.024006859102600764e+01,8.098125655849150561e+00
1.026007430694484057e+01,8.895221264324669974e+00
1.028008002286367528e+01,9.148983651877379941e+00
1.030008573878250999e+01,9.296079209594665826e+00
1.032009145470134293e+01,8.946302402224858952e+00
1.034009717062017764e+01,8.837756049681338766e+00
1.036010288653901057e+01,9.215817129582404732e+00
1.038010860245784528e+01,9.671286435620267241e+00
1.040011431837667999e+01,9.986128856422315181e+00
1.042012003429551292e+01,9.634618649178310790e+00
1.044012575021434763e+01,8.857145131584243103e+00
1.046013146613318057e+01,9.657545243630886844e+00
1.048013718205201528e+01,9.908482057952136657e+00
1.050014289797084821e+01,1.022722467489731279e+01
1.052014861388968292e+01,1.014489252327340196e+01
1.054015432980851585e+01,1.028923548263385435e+01
1.056016004572735056e+01,1.071868896673290905e+01
1.058016576164618527e+01,1.063156967236864148e+01
1.060017147756501821e+01,1.096797074452957510e+01
1.062017719348385292e+01,1.078392509991656567e+01
1.064018290940268585e+01,1.124784791306169396e+01
1.066018862532152056e+01,1.154433034212849307e+01
1.068019434124035527e+01,1.171261407198787552e+01
1.070020005715918820e+01,1.182155499722684766e+01
1.072020577307802292e+01,1.192680846243270842e+01
1.074021148899685585e+01,1.223250176986711146e+01
1.076021720491569056e+01,1.200327372216359656e+01
1.078022292083452349e+01,1.183121657124796400e+01
1.080022863675335820e+01,1.312940082618955806e+01
1.082023435267219291e+01,1.215873930642595546e+01
1.084024006859102585e+01,1.276205443372437642e+01
1.086024578450986056e+01,1.262241220045474499e+01
1.088025150042869349e+01,1.375018538211976349e+01
1.090025721634752820e+01,1.368168529566594493e+01
1.092026293226636113e+01,1.382796494691752542e+01
1.094026864818519584e+01,1.405751301741465653e+01
1.096027436410403055e+01,1.426007675838386568e+01
1.098028008002286349e+01,1.455909096334761443e+01
1.100028579594169820e+01,1.446632284622285169e+01
1.102029151186053113e+01,1.504787773086506952e+01
1.104029722777936584e+01,1.592863262665585822e+01
1.106030294369819877e+01,1.610755930353105825e+01
1.108030865961703348e+01,1.581043842697310886e+01
1.110031437553586819e+01,1.679516571155399873e+01
1.112032009145470113e+01,1.665159164868061126e+01
1.114032580737353584e+01,1.591234858684529208e+01
1.116033152329236877e+01,1.664938066722515941e+01
1.118033723921120348e+01,1.730906314174903216e+01
1.120034295513003642e+01,1.724973246152314488e+01
1.122034867104887113e+01,1.735336552600757898e+01
1.124035438696770584e+01,1.899020288464261697e+01
1.126036010288653877e+01,1.830814295688166382e+01
1.128036581880537348e+01,1.900716916450160454e+01
1.130037153472420641e+01,1.997384047430699283e+01
1.132037725064304112e+01,1.902378605817651547e+01
1.134038296656187583e+01,1.994396054440653998e+01
1.136038868248070877e+01,2.051516557615294190e+01
1.138039439839954348e+01,2.138658045865492241e+01
1.140040011431837641e+01,2.082782049760093912e+01
1.142040583023721112e+01,2.140911255693045234e+01
1.144041154615604405e+01,2.210315995431671965e+01
1.146041726207487876e+01,2.163935826997624190e+01
1.148042297799371170e+01,2.326584295981060180e+01
1.150042869391254641e+01,2.374615684115805436e+01
1.152043440983138112e+01,2.305145972053983172e+01
1.154044012575021405e+01,2.370556875670090946e+01
1.156044584166904876e+01,2.444865852036784304e+01
1.158045155758788169e+01,2.463685271521686104e+01
1.160045727350671640e+01,2.465864743559030714e+01
1.162046298942555111e+01,2.582611187066170189e+01
1.164046870534438405e+01,2.625066900336163300e+01
1.166047442126321876e+01,2.636958670356220580e+01
1.168048013718205169e+01,2.722708710555378886e+01
1.170048585310088640e+01,2.755647578647492324e+01
1.172049156901971934e+01,2.791579429417906866e+01
1.174049728493855405e+01,2.910843818542728556e+01
1.176050300085738698e+01,2.837557559466158708e+01
1.178050871677622169e+01,2.917143686139407066e+01
1.180051443269505640e+01,2.999595404707107704e+01
1.182052014861388933e+01,3.051096268958598401e+01
1.184052586453272404e+01,3.055177826590061940e+01
1.186053158045155698e+01,3.182110716640494630e+01
1.188053729637039169e+01,3.179140986946648439e+01
1.190054301228922640e+01,3.253715441574869516e+01
1.192054872820805933e+01,3.322343009186808160e+01
1.194055444412689404e+01,3.403089235537291302e+01
1.196056016004572697e+01,3.487111823949278033e+01
1.198056587596456168e+01,3.523782468077327223e+01
1.200057159188339639e+01,3.561925462293781663e+01
1.202057730780222933e+01,3.614277980229341125e+01
1.204058302372106226e+01,3.676499602448487991e+01
1.206058873963989697e+01,3.757592367572162573e+01
1.208059445555873168e+01,3.817089675293461681e+01
1.210060017147756461e+01,3.856506859566058409e+01
1.212060588739639932e+01,3.871426244016351603e+01
1.214061160331523226e+01,3.933072269149263889e+01
1.216061731923406697e+01,4.042301841853091560e+01
1.218062303515290168e+01,4.054627982048902624e+01
1.220062875107173461e+01,4.210940711782073009e+01
1.222063446699056932e+01,4.230881565489471541e+01
1.224064018290940226e+01,4.217030760608588480e+01
1.226064589882823697e+01,4.292693427904847425e+01
1.228065161474707168e+01,4.438273815018832380e+01
1.230065733066590461e+01,4.405399592025790412e+01
1.232066304658473754e+01,4.468970076909143785e+01
1.234066876250357225e+01,4.564069883902087099e+01
1.236067447842240696e+01,4.592713308491652668e+01
1.238068019434123990e+01,4.672215590214631931e+01
1.240068591026007461e+01,4.674747230007317000e+01
1.242069162617890754e+01,4.701068162663418093e+01
1.244069734209774225e+01,4.811592333485770467e+01
1.246070305801657696e+01,4.899250637308477963e+01
1.248070877393540989e+01,4.838562639529580878e+01
1.250071448985424460e+01,4.872563859936526143e+01
1.252072020577307754e+01,4.929057428364636451e+01
1.254072592169191225e+01,4.905305236247912148e+01
1.256073163761074696e+01,5.009472579713118279e+01
1.258073735352957989e+01,5.055513873830399518e+01
1.260074306944841460e+01,4.957850371340299489e+01
1.262074878536724754e+01,5.031031279896388497e+01
1.264075450128608225e+01,5.036257774319244618e+01
1.266076021720491518e+01,5.044034908756875524e+01
1.268076593312374989e+01,5.095935030488822548e+01
1.270077164904258282e+01,4.975364876689066307e+01
1.272077736496141753e+01,4.991837224770620907e+01
1.274078308088025224e+01,4.881083686763596319e+01
1.276078879679908518e+01,4.885154249693397333e+01
1.278079451271791989e+01,4.773552175473959380e+01
1.280080022863675282e+01,4.779764718214450170e+01
1.282080594455558753e+01,4.686587307933715607e+01
1.284081166047442224e+01,4.651011390671660450e+01
1.286081737639325517e+01,4.548085426547362431e+01
1.288082309231208988e+01,4.428331685346860525e+01
1.290082880823092282e+01,4.398821654026890116e+01
1.292083452414975753e+01,4.300542788052963061e+01
1.294084024006859224e+01,4.173486153146374278e+01
1.296084595598742517e+01,4.166701704519049798e+01
1.298085167190625810e+01,3.985993390792501145e+01
1.300085738782509281e+01,3.871910072167830918e+01
1.302086310374392752e+01,3.719373128626364178e+01
1.304086881966276046e+01,3.711753897009079139e+01
1.306087453558159517e+01,3.515276067203092936e+01
1.308088025150042810e+01,3.366225994571588842e+01
1.310088596741926281e+01,3.221839458955330571e+01
1.312089168333809752e+01,3.082345476445906129e+01
1.314089739925693046e+01,3.017601985950199861e+01
1.316090311517576517e+01,2.969128387038267647e+01
1.318090883109459810e+01,2.752121576130380731e+01
1.320091454701343281e+01,2.706961555682809362e+01
1.322092026293226752e+01,2.538961791848758764e+01
1.324092597885110045e+01,2.464794882607072424e+01
1.326093169476993339e+01,2.439235612925877916e+01
1.328093741068876810e+01,2.338096776400640664e+01
1.330094312660760281e+01,2.170445371950281910e+01
1.332094884252643574e+01,2.062572272518768912e+01
1.334095455844527045e+01,1.998396465017581036e+01
1.336096027436410338e+01,1.940300491999513000e+01
1.338096599028293809e+01,1.813943715324617401e+01
1.340097170620177280e+01,1.767753911660817678e+01
1.342097742212060574e+01,1.680409805253743016e+01
1.344098313803944045e+01,1.679552097503706420e+01
1.346098885395827338e+01,1.597643185314396419e+01
1.348099456987710809e+01,1.514686186256781930e+01
1.350100028579594280e+01,1.493945926840582317e+01
1.352100600171477573e+01,1.385940771794061277e+01
1.354101171763361044e+01,1.460776698639613613e+01
1.356101743355244338e+01,1.405471620236444075e+01
1.358102314947127809e+01,1.324041831918732193e+01
1.360102886539011102e+01,1.278582465465492746e+01
1.362103458130894573e+01,1.221770416274706506e+01
1.364104029722777867e+01,1.175378524350476894e+01
1.366104601314661338e+01,1.201895072576335366e+01
1.368105172906544809e+01,1.162224678891311846e+01
1.370105744498428102e+01,1.118754922663719498e+01
1.372106316090311573e+01,1.147570249682979160e+01
1.374106887682194866e+01,1.042738951574883899e+01
1.376107459274078337e+01,1.024517467516377245e+01
1.378108030865961808e+01,9.747230827248987595e+00
1.380108602457845102e+01,9.750863320991657091e+00
1.382109174049728573e+01,9.721315273366155196e+00
1.384109745641611866e+01,1.025096600778876521e+01
1.386110317233495337e+01,8.553632811431288729e+00
1.388110888825378808e+01,1.021477308317323818e+01
1.390111460417262101e+01,8.812159528720460600e+00
1.392112032009145395e+01,9.186921993328322600e+00
1.394112603601028866e+01,8.133206751119059774e+00
1.396113175192912337e+01,8.566818038793481804e+00
1.398113746784795630e+01,8.950437520743088626e+00
1.400114318376679101e+01,8.627882937022976151e+00
1.402114889968562395e+01,8.575148768789588871e+00
1.404115461560445866e+01,8.286563120313003239e+00
1.406116033152329337e+01,8.005870260205735889e+00
1.408116604744212630e+01,7.538857739355632859e+00
1.410117176336095923e+01,7.806662381750665958e+00
1.412117747927979394e+01,7.835278948493771267e+00
1.414118319519862865e+01,8.285821643922437474e+00
1.416118891111746336e+01,7.902354192903556118e+00
1.418119462703629630e+01,7.799722896531669392e+00
1.420120034295512923e+01,7.711171687161826327e+00
1.422120605887396394e+01,7.260114647701056967e+00
1.424121177479279865e+01,7.360000239642859654e+00
1.426121749071163336e+01,6.875057578042166995e+00
1.428122320663046629e+01,7.099493604291009063e+00
1.430122892254929923e+01,7.905127928959755579e+00
1.432123463846813394e+01,6.800184238035710038e+00
1.434124035438696865e+01,6.711536738312409156e+00
1.436124607030580158e+01,7.037375535691916539e+00
1.438125178622463629e+01,7.151488045140760974e+00
1.440125750214346922e+01,7.000925739236264711e+00
1.442126321806230393e+01,7.295018433490696452e+00
1.444126893398113864e+01,7.109043890463226489e+00
1.446127464989997158e+01,6.120617569598028496e+00
1.448128036581880451e+01,6.514060514845066763e+00
1.450128608173763922e+01,6.323419536010750797e+00
1.452129179765647393e+01,6.028668660320438910e+00
1.454129751357530864e+01,6.735152629328127638e+00
1.456130322949414158e+01,7.044132168897986546e+00
1.458130894541297451e+01,6.197932445792928569e+00
1.460131466133180922e+01,6.195671778866948642e+00
1.462132037725064393e+01,6.691388187556919220e+00
1.464132609316947686e+01,6.775910166813776669e+00
1.466133180908831157e+01,6.240571242304326027e+00
1.468133752500714451e+01,6.150448123571289116e+00
1.470134324092597922e+01,6.526943512361402355e+00
1.472134895684481393e+01,5.866149767365932632e+00
1.474135467276364686e+01,5.837318136381346889e+00
1.476136038868247979e+01,5.785928664365997953e+00
1.478136610460131450e+01,5.541986257080676381e+00
1.480137182052014921e+01,5.696418182123688112e+00
1.482137753643898392e+01,5.275963811111624935e+00
1.484138325235781686e+01,6.047510389255764451e+00
1.486138896827664979e+01,6.231695838471905446e+00
1.488139468419548450e+01,5.174603328218822185e+00
1.490140040011431921e+01,5.050429121111051245e+00
1.492140611603315392e+01,5.887324675815042596e+00
1.494141183195198685e+01,6.574168294653108369e+00
1.496141754787081979e+01,5.435976770803421232e+00
1.498142326378965450e+01,5.607943883836789212e+00
1.500142897970848921e+01,6.134304215327179399e+00
1.502143469562732214e+01,4.963604865802712318e+00
1.504144041154615508e+01,5.182169330816423169e+00
1.506144612746498979e+01,5.550639993718593068e+00
1.508145184338382450e+01,5.546105299061644622e+00
1.510145755930265921e+01,6.101582586605152514e+00
1.512146327522149214e+01,5.447856309788939200e+00
1.514146899114032507e+01,5.424011497013006888e+00
1.516147470705915978e+01,5.437580899084373698e+00
1.518148042297799449e+01,5.196837296419149155e+00
1.520148613889682920e+01,4.736405829983153737e+00
1.522149185481566214e+01,4.583341482571111847e+00
1.524149757073449507e+01,5.547614611190119227e+00
1.526150328665332978e+01,4.582547172650516920e+00
1.528150900257216449e+01,5.516900630705118047e+00
1.530151471849099742e+01,5.402029336172563312e+00
1.532152043440983036e+01,5.546629323471118589e+00
1.534152615032866507e+01,4.377741020893470392e+00
1.536153186624749978e+01,4.756211461198125434e+00
1.538153758216633449e+01,4.777908937669494094e+00
1.540154329808516742e+01,5.247955638350983776e+00
1.542154901400400036e+01,5.269082115461966254e+00
1.544155472992283507e+01,4.839260850726789798e+00
1.546156044584166978e+01,5.255250651618807112e+00
1.548156616176050449e+01,5.421737540228574126e+00
1.550157187767933742e+01,5.722659721146301059e+00
1.552157759359817035e+01,4.337106289340401766e+00
1.554158330951700506e+01,4.893449037535304136e+00
1.556158902543583977e+01,5.636547470773982660e+00
1.558159474135467271e+01,5.360157458832881083e+00
1.560160045727350742e+01,5.145518212278660464e+00
1.562160617319234035e+01,5.269129035525441651e+00
1.564161188911117506e+01,4.441893859588670779e+00
1.566161760503000977e+01,4.757775766263466544e+00
1.568162332094884270e+01,4.927031846239707136e+00
1.570162903686767564e+01,4.352024644947460885e+00
1.572163475278651035e+01,4.305221376164661606e+00
1.574164046870534506e+01,4.692296817061464509e+00
1.576164618462417977e+01,4.676739296296019255e+00
1.578165190054301270e+01,5.104360832245404822e+00
1.580165761646184563e+01,4.957935983593122486e+00
1.582166333238068034e+01,5.230077826286386511e+00
1.584166904829951505e+01,5.236461033873268889e+00
1.586167476421834799e+01,5.052705038411421157e+00
1.588168048013718270e+01,5.062489236742056420e+00
1.590168619605601563e+01,4.584683916477092502e+00
1.592169191197485034e+01,4.912054649997074307e+00
1.594169762789368505e+01,4.829605748313007041e+00
1.596170334381251799e+01,4.658437816942658571e+00
1.598170905973135092e+01,4.181571427942579078e+00
1.600171477565018563e+01,5.000938024546815797e+00
1.602172049156902034e+01,4.872823050986750282e+00
1.604172620748785505e+01,4.682881355180816385e+00
1.606173192340668976e+01,4.421752481819135383e+00
1.608173763932552092e+01,4.945005783542584687e+00
1.610174335524435563e+01,5.273561178590646215e+00
1.612174907116319034e+01,3.899739372844767793e+00
1.614175478708202505e+01,4.147788968894868589e+00
1.616176050300085620e+01,4.590697322713557682e+00
1.618176621891969091e+01,5.062667358460797296e+00
1.620177193483852562e+01,4.400496234438661780e+00
1.622177765075736033e+01,4.351839097348952912e+00
1.624178336667619504e+01,4.618164736151128658e+00
1.626178908259502620e+01,4.449600195601573382e+00
1.628179479851386091e+01,5.010622084279393817e+00
1.630180051443269562e+01,4.772008154383741818e+00
1.632180623035153033e+01,4.503728926886076955e+00
1.634181194627036149e+01,4.848328031152983719e+00
1.636181766218919620e+01,5.046950507966922572e+00
1.638182337810803091e+01,5.168113272121328983e+00
1.640182909402686562e+01,4.562207760299299864e+00
1.642183480994570033e+01,4.266964123245601037e+00
1.644184052586453504e+01,4.547699640228790585e+00
1.646184624178336620e+01,4.662740566857198843e+00
1.648185195770220091e+01,4.439481758804278755e+00
1.650185767362103562e+01,5.170768915955137324e+00
1.652186338953986677e+01,4.446180507431949813e+00
1.654186910545870148e+01,5.065400934044344439e+00
1.656187482137753619e+01,4.812569304821318283e+00
1.658188053729637090e+01,4.072543841902837691e+00
1.660188625321520561e+01,4.752928196899306457e+00
1.662189196913404032e+01,4.781269777085412898e+00
1.664189768505287148e+01,4.401741003750504255e+00
1.666190340097170619e+01,3.954827847598586743e+00
1.668190911689054090e+01,4.510400612875532289e+00
1.670191483280937561e+01,3.789330687835724021e+00
1.672192054872820677e+01,4.799502365001387716e+00
1.674192626464704148e+01,5.308638674854591954e+00
1.676193198056587619e+01,4.636101870998334817e+00
1.678193769648471090e+01,4.305756675685293189e+00
1.680194341240354561e+01,4.679057268717659035e+00
1.682194912832238032e+01,3.784942293572510774e+00
1.684195484424121148e+01,4.112700493120340361e+00
1.686196056016004619e+01,4.198502782695662461e+00
1.688196627607888090e+01,3.541941975123494402e+00
1.690197199199771205e+01,4.655121782856872059e+00
1.692197770791654676e+01,4.036021228810935391e+00
1.694198342383538147e+01,4.623507198612087699e+00
1.696198913975421618e+01,4.508187519557954381e+00
1.698199485567305089e+01,3.832011099026837009e+00
1.700200057159188560e+01,4.157816776695257843e+00
1.702200628751071676e+01,3.757992374947361824e+00
1.704201200342955147e+01,4.223883467573315897e+00
1.706201771934838618e+01,4.115713508501016804e+00
1.708202343526722089e+01,4.608086509676954101e+00
1.710202915118605205e+01,4.951729829723808152e+00
1.712203486710488676e+01,4.704388030311485558e+00
1.714204058302372147e+01,4.653766408557983070e+00
1.716204629894255618e+01,3.984981840355354965e+00
1.718205201486139089e+01,5.191379645393935149e+00
1.720205773078022204e+01,4.640535804296650468e+00
1.722206344669905675e+01,3.704482876253377022e+00
1.724206916261789146e+01,4.725140423803688705e+00
1.726207487853672617e+01,4.837882158195489168e+00
1.728208059445555733e+01,3.934453511255591174e+00
1.730208631037439204e+01,3.549961059100622762e+00
1.732209202629322675e+01,3.984321475309143601e+00
1.734209774221206146e+01,4.606254558351286832e+00
1.736210345813089617e+01,3.983086982917580787e+00
1.738210917404973088e+01,3.735052550567643515e+00
1.740211488996856204e+01,4.234065370323593314e+00
1.742212060588739675e+01,4.103578494836970236e+00
1.744212632180623146e+01,4.479145239704457993e+00
1.746213203772506262e+01,5.016901262688140406e+00
1.748213775364389733e+01,4.582543207250513895e+00
1.750214346956273204e+01,4.608463357736341415e+00
1.752214918548156675e+01,4.923841099889466832e+00
1.754215490140040146e+01,3.914383113038137907e+00
1.756216061731923617e+01,5.261872065615795790e+00
1.758216633323806732e+01,3.948452908324654231e+00
1.760217204915690203e+01,4.342364600873380276e+00
1.762217776507573674e+01,4.766127813072031927e+00
1.764218348099457145e+01,4.753212328995750191e+00
1.766218919691340261e+01,4.651991065156401817e+00
1.768219491283223732e+01,4.776808360353216543e+00
1.770220062875107203e+01,4.777316146257867935e+00
1.772220634466990674e+01,4.179000339178816859e+00
1.774221206058874145e+01,3.819236918357362676e+00
1.776221777650757616e+01,5.160750435644507306e+00
1.778222349242640732e+01,4.180615351450368777e+00
1.780222920834524203e+01,4.603472087642657584e+00
1.782223492426407674e+01,4.915096321396293710e+00
1.784224064018290790e+01,4.970408478935409491e+00
1.786224635610174261e+01,3.935788289930926886e+00
1.788225207202057732e+01,5.069655015974777967e+00
1.790225778793941203e+01,4.633878622469618236e+00
1.792226350385824674e+01,4.642292365560811263e+00
1.794226921977708145e+01,5.683178273611510178e+00
1.796227493569591260e+01,5.339882484928486939e+00
1.798228065161474731e+01,4.280225335469154402e+00
1.800228636753358202e+01,5.152922007990623499e+00
1.802229208345241318e+01,5.181886092995513060e+00
1.804229779937124789e+01,5.076133810130411206e+00
1.806230351529008260e+01,4.657189604406735128e+00
1.808230923120891731e+01,4.424460986464051615e+00
1.810231494712775202e+01,5.296015577646734585e+00
1.812232066304658673e+01,4.880807013379174109e+00
1.814232637896542144e+01,4.829895235659948938e+00
1.816233209488425260e+01,5.122740358246122838e+00
1.818233781080308731e+01,5.259545125055431924e+00
1.820234352672191847e+01,5.199669157635979033e+00
1.822234924264075318e+01,4.898330964564139300e+00
1.824235495855958789e+01,5.776322965614490990e+00
1.826236067447842260e+01,5.571395965539114314e+00
1.828236639039725731e+01,5.832441075103449002e+00
1.830237210631609202e+01,6.232333590836653059e+00
1.832237782223492673e+01,6.273578299415746073e+00
1.834238353815375788e+01,5.591079366176769483e+00
1.836238925407259259e+01,5.805437429872938537e+00
1.838239496999142730e+01,5.324641573944082218e+00
1.840240068591025846e+01,5.744188459347702391e+00
1.842240640182909317e+01,6.204131395448607478e+00
1.844241211774792788e+01,6.086499686513670682e+00
1.846241783366676259e+01,6.036793291436973519e+00
1.848242354958559730e+01,6.216503255161395458e+00
1.850242926550443201e+01,6.216866878161974697e+00
1.852243498142326672e+01,6.639280708225608230e+00
1.854244069734209788e+01,7.381293832848971448e+00
1.856244641326093259e+01,6.568937989839543690e+00
1.858245212917976374e+01,7.341522717436003376e+00
1.860245784509859845e+01,7.200615868927924268e+00
1.862246356101743316e+01,7.022436970615745011e+00
1.864246927693626787e+01,7.664549403562619823e+00
1.866247499285510258e+01,7.537660725066569256e+00
1.868248070877393729e+01,7.913636139834840932e+00
1.870248642469277200e+01,7.299052436295793811e+00
1.872249214061160316e+01,8.252666176473699267e+00
1.874249785653043787e+01,8.434084116065216463e+00
1.876250357244927258e+01,8.963371926843542781e+00
1.878250928836810374e+01,9.299083224258813729e+00
1.880251500428693845e+01,8.819830889607345625e+00
1.882252072020577316e+01,9.013086050219694556e+00
1.884252643612460787e+01,9.651860952853898112e+00
1.886253215204344258e+01,9.070866248268419696e+00
1.888253786796227729e+01,9.892728335628587999e+00
1.890254358388111200e+01,1.015006511579695569e+01
1.892254929979994316e+01,1.045133131383732383e+01
1.894255501571877787e+01,9.982599184578916152e+00
1.896256073163760902e+01,1.091887808729332221e+01
1.898256644755644373e+01,1.112115604623967968e+01
1.900257216347527844e+01,1.081321581905920937e+01
1.902257787939411315e+01,1.205064916419935805e+01
1.904258359531294786e+01,1.245370153581437833e+01
1.906258931123178257e+01,1.268455813559808476e+01
1.908259502715061728e+01,1.233792438015293769e+01
1.910260074306944844e+01,1.363419367113475111e+01
1.912260645898828315e+01,1.339006194745138245e+01
1.914261217490711431e+01,1.345556951489881925e+01
1.916261789082594902e+01,1.428643027872043803e+01
1.918262360674478373e+01,1.477707385760096415e+01
1.920262932266361844e+01,1.400507425748354962e+01
1.922263503858245315e+01,1.516957940676960348e+01
1.924264075450128786e+01,1.536496304413944003e+01
1.926264647042012257e+01,1.595454327470315903e+01
1.928265218633895373e+01,1.591452604320074826e+01
1.930265790225778844e+01,1.724076052567259865e+01
1.932266361817662315e+01,1.771920573928582598e+01
1.934266933409545430e+01,1.654139269547965085e+01
1.936267505001428901e+01,1.759996999810519824e+01
1.938268076593312372e+01,1.820581640727543515e+01
1.940268648185195843e+01,1.826608633452238095e+01
1.942269219777079314e+01,1.858612079945627826e+01
1.944269791368962785e+01,1.909692625987801762e+01
1.946270362960846256e+01,1.957168884573736278e+01
1.948270934552729372e+01,1.948018970432810093e+01
1.950271506144612843e+01,2.056110685699501062e+01
1.952272077736495959e+01,2.068044960310260905e+01
1.954272649328379430e+01,2.229174686460742194e+01
1.956273220920262901e+01,2.184633135370801327e+01
1.958273792512146372e+01,2.279433520909205413e+01
1.960274364104029843e+01,2.343589921307932400e+01
1.962274935695913314e+01,2.321410811636379989e+01
1.964275507287796785e+01,2.407236295564871753e+01
1.966276078879679901e+01,2.421713068761309628e+01
1.968276650471563372e+01,2.507011211805299666e+01
1.970277222063446487e+01,2.634259145426499416e+01
1.972277793655329958e+01,2.696574190938754967e+01
1.974278365247213429e+01,2.698352747764538151e+01
1.976278936839096900e+01,2.848565811494204780e+01
1.978279508430980371e+01,2.925606563663009041e+01
1.980280080022863842e+01,3.000457725237129836e+01
1.982280651614747313e+01,3.028694946024032930e+01
1.984281223206630784e+01,3.181263830367284129e+01
1.986281794798513900e+01,3.218525667933857193e+01
1.988282366390397371e+01,3.251363764597763151e+01
1.990282937982280487e+01,3.373470363115665549e+01
1.992283509574163958e+01,3.463308337803270831e+01
1.994284081166047429e+01,3.627618629218687119e+01
1.996284652757930900e+01,3.653981957950815485e+01
1.998285224349814371e+01,3.772248961844040593e+01
2.000285795941697842e+01,3.856596988448691121e+01
2.002286367533581313e+01,3.943242937817861105e+01
2.004286939125464428e+01,4.004291559735068518e+01
2.006287510717347899e+01,4.000292836152612352e+01
2.008288082309231015e+01,4.038074875556942089e+01
2.010288653901114486e+01,4.078761161526556123e+01
2.012289225492997957e+01,4.078831891220415429e+01
2.014289797084881428e+01,3.985812424918690056e+01
2.016290368676764899e+01,3.908149491408591558e+01
2.018290940268648370e+01,3.894467454714899901e+01
2.020291511860531841e+01,3.668108469664852578e+01
2.022292083452414957e+01,3.519081922711193755e+01
2.024292655044298428e+01,3.389049283206886543e+01
2.026293226636181899e+01,3.122943035016214708e+01
2.028293798228065015e+01,2.847752548448931620e+01
2.030294369819948486e+01,2.686697229351639749e+01
2.032294941411831957e+01,2.510227610912445328e+01
2.034295513003715428e+01,2.185536972395613375e+01
2.036296084595598899e+01,1.997844234607434899e+01
2.038296656187482370e+01,1.701617980444382283e+01
2.040297227779365841e+01,1.537660953702461875e+01
2.042297799371248956e+01,1.310573491302100457e+01
2.044298370963132427e+01,1.277605130344835871e+01
2.046298942555015543e+01,1.046780394228095190e+01
2.048299514146899014e+01,9.544123065181928212e+00
2.050300085738782485e+01,8.311068402670121813e+00
2.052300657330665956e+01,7.381688488724348574e+00
2.054301228922549427e+01,7.364555584026239998e+00
2.056301800514432898e+01,7.061768426973058510e+00
2.058302372106316369e+01,5.919300134501813915e+00
2.060302943698199485e+01,6.461295842555003333e+00
2.062303515290082956e+01,6.129435097484495110e+00
2.064304086881966072e+01,5.781749262874557260e+00
2.066304658473849543e+01,5.002761636547099933e+00
2.068305230065733014e+01,4.584073565791233484e+00
2.070305801657616485e+01,5.255558743748208528e+00
2.072306373249499956e+01,5.348068947392232708e+00
2.074306944841383427e+01,4.730088993384194751e+00
2.076307516433266898e+01,4.311082742141828739e+00
2.078308088025150369e+01,4.723336889530051153e+00
2.080308659617033484e+01,4.441489519425508625e+00
2.082309231208916955e+01,4.403590607117439326e+00
2.084309802800800071e+01,4.904658068832354445e+00
2.086310374392683542e+01,3.543005194027698757e+00
2.088310945984567013e+01,4.398107570952744183e+00
2.090311517576450484e+01,4.580256483236682996e+00
2.092312089168333955e+01,3.955297013366489089e+00
2.094312660760217426e+01,3.532896186919213921e+00
2.096313232352100897e+01,4.702879037241817883e+00
2.098313803943984013e+01,4.129134830881658225e+00
2.100314375535867484e+01,3.646845727281177396e+00
2.102314947127750600e+01,3.111535739492958363e+00
2.104315518719634071e+01,3.958912012252215007e+00
2.106316090311517542e+01,3.163607333119916376e+00
2.108316661903401013e+01,3.755244421478146855e+00
2.110317233495284484e+01,3.510528488625546562e+00
2.112317805087167955e+01,3.682188617816823495e+00
2.114318376679051426e+01,3.757879488071774521e+00
2.116318948270934541e+01,4.202044878636052694e+00
2.118319519862818012e+01,3.285373902643833333e+00
2.120320091454701483e+01,3.909605457280392660e+00
2.122320663046584599e+01,3.785953309129812094e+00
2.124321234638468070e+01,3.625139769957960389e+00
2.126321806230351541e+01,3.626292146569527475e+00
2.128322377822235012e+01,3.197324657524367453e+00
2.130322949414118483e+01,4.153305139188896433e+00
2.132323521006001954e+01,3.681481764835512038e+00
2.134324092597885425e+01,3.391712448665484381e+00
2.136324664189768541e+01,3.575164665858743707e+00
2.138325235781652012e+01,3.584263960869786381e+00
2.140325807373535127e+01,3.148933870528329848e+00
2.142326378965418598e+01,3.156065712358812725e+00
2.144326950557302069e+01,2.774981778749879169e+00
2.146327522149185540e+01,3.956651761777418397e+00
2.148328093741069011e+01,3.814983177060041086e+00
2.150328665332952482e+01,3.976938572851501874e+00
2.152329236924835953e+01,4.261387425233596815e+00
2.154329808516719069e+01,3.868642245006555846e+00
2.156330380108602540e+01,3.781482410725240939e+00
2.158330951700485656e+01,3.526912765473994682e+00
2.160331523292369127e+01,3.513870422119103054e+00
2.162332094884252598e+01,3.126145740474124857e+00
2.164332666476136069e+01,3.108891449074826063e+00
2.166333238068019540e+01,4.204459712760558077e+00
2.168333809659903011e+01,3.117084551814832238e+00
2.170334381251786482e+01,3.940295456723700074e+00
2.172334952843669598e+01,3.188490945107596009e+00
2.174335524435553069e+01,2.834959958524294166e+00
2.176336096027436540e+01,3.326024974351050822e+00
2.178336667619319655e+01,3.855594223451988434e+00
2.180337239211203126e+01,3.134119081593465417e+00
2.182337810803086597e+01,3.421319078951643888e+00
2.184338382394970068e+01,3.367914807258261867e+00
2.186338953986853539e+01,3.899071653063347576e+00
2.188339525578737010e+01,2.822231474933025730e+00
2.190340097170620481e+01,2.811877702998240025e+00
2.192340668762503597e+01,3.743672693188753620e+00
2.194341240354387068e+01,2.940390893532685901e+00
2.196341811946270184e+01,3.095721579779089794e+00
2.198342383538153655e+01,3.194833293753202241e+00
2.200342955130037126e+01,2.607182550951008704e+00
2.202343526721920597e+01,3.318718591009257590e+00
2.204344098313804068e+01,3.563551901700123370e+00
2.206344669905687539e+01,3.073222575513504751e+00
2.208345241497571010e+01,2.989121101982359363e+00
2.210345813089454126e+01,3.796018453228444223e+00
2.212346384681337597e+01,4.039503112873330082e+00
2.214346956273221068e+01,3.351458658760518183e+00
2.216347527865104183e+01,3.223511728520283448e+00
2.218348099456987654e+01,3.354242802818558911e+00
2.220348671048871125e+01,4.072060467911644999e+00
2.222349242640754596e+01,2.483781810170500037e+00
2.224349814232638067e+01,3.723266341804635005e+00
2.226350385824521538e+01,3.110532638823971130e+00
2.228350957416405009e+01,3.163967710578943660e+00
2.230351529008288125e+01,3.100486815840733712e+00
2.232352100600171596e+01,3.717522082774323167e+00
2.234352672192054712e+01,3.138011789433047039e+00
2.236353243783938183e+01,3.452918253447065489e+00
2.238353815375821654e+01,2.386801182590527759e+00
2.240354386967705125e+01,2.989118260690690754e+00
2.242354958559588596e+01,3.632170170360828010e+00
2.244355530151472067e+01,3.188825713342938517e+00
2.246356101743355538e+01,3.772354157680058773e+00
2.248356673335238654e+01,3.000084411129336548e+00
2.250357244927122125e+01,3.135646948327852179e+00
2.252357816519005240e+01,3.489729240247225306e+00
2.254358388110888711e+01,3.114902394139357433e+00
2.256358959702772182e+01,3.264494981654240569e+00
2.258359531294655653e+01,3.009080583105609108e+00
2.260360102886539124e+01,3.673575121711244229e+00
2.262360674478422595e+01,3.261381926437613821e+00
2.264361246070306066e+01,3.405916065216355815e+00
2.266361817662189182e+01,3.737197122039807695e+00
2.268362389254072653e+01,3.168532922424298182e+00
2.270362960845956124e+01,3.706562073092199761e+00
2.272363532437839240e+01,3.189923510784331562e+00
2.274364104029722711e+01,2.898901805850084834e+00
2.276364675621606182e+01,3.983470881294835841e+00
2.278365247213489653e+01,2.815046822286486172e+00
2.280365818805373124e+01,3.720251802231132832e+00
2.282366390397256595e+01,2.990902373857013075e+00
2.284366961989140066e+01,3.818886431116488289e+00
2.286367533581023181e+01,3.498001707444567288e+00
2.288368105172906652e+01,3.647240521858002626e+00
2.290368676764789768e+01,3.421482334552741200e+00
2.292369248356673239e+01,2.867003342166424495e+00
2.294369819948556710e+01,3.784967893424084906e+00
2.296370391540440181e+01,2.665383073718007090e+00
2.298370963132323652e+01,3.045894558836169441e+00
2.300371534724207123e+01,3.475994428810751380e+00
2.302372106316090594e+01,3.056454140927598928e+00
2.304372677907973710e+01,3.530952922101236346e+00
2.306373249499857181e+01,3.274812283153051951e+00
2.308373821091740652e+01,3.353672964049930094e+00
2.310374392683623768e+01,3.222638466285019376e+00
2.312374964275507239e+01,2.755665050431564289e+00
2.314375535867390710e+01,2.743954592734678233e+00
2.316376107459274181e+01,2.824739140465659659e+00
2.318376679051157652e+01,2.829658277692583823e+00
2.320377250643041123e+01,3.739010244946626482e+00
2.322377822234924594e+01,3.278241691249769385e+00
2.324378393826807709e+01,3.003687801676838021e+00
2.326378965418691180e+01,3.086258921819586831e+00
2.328379537010574296e+01,2.898967177102802495e+00
2.330380108602457767e+01,3.087845720587814480e+00
2.332380680194341238e+01,3.334874021064879734e+00
2.334381251786224709e+01,2.799442465691123871e+00
2.336381823378108180e+01,3.636217093634698916e+00
2.338382394969991651e+01,2.696477370218446357e+00
2.340382966561875122e+01,3.225177877959656492e+00
2.342383538153758238e+01,3.399065019302252466e+00
2.344384109745641709e+01,3.519500250446362166e+00
2.346384681337524825e+01,3.244895172797914285e+00
2.348385252929408296e+01,3.125380009258321934e+00
2.350385824521291767e+01,3.580247768136837649e+00
2.352386396113175238e+01,2.405859695379332308e+00
2.354386967705058709e+01,2.751875026879940123e+00
2.356387539296942180e+01,3.282718272513215574e+00
2.358388110888825651e+01,3.885905312890374219e+00
2.360388682480708766e+01,4.098707274638938358e+00
2.362389254072592237e+01,2.357476135779178694e+00
2.364389825664475708e+01,2.793201022623604590e+00
2.366390397256358824e+01,2.908464619017276043e+00
2.368390968848242295e+01,2.964686023232765866e+00
2.370391540440125766e+01,3.129976168623639587e+00
2.372392112032009237e+01,3.166753202467325501e+00
2.374392683623892708e+01,3.139469255712293183e+00
2.376393255215776179e+01,3.474109707735111297e+00
2.378393826807659650e+01,3.403303711074389781e+00
2.380394398399542766e+01,3.832255516605360235e+00
2.382394969991426237e+01,3.500236650347117173e+00
2.384395541583309353e+01,3.831619475856498536e+00
2.386396113175192824e+01,3.081410642871431627e+00
2.388396684767076295e+01,3.233874259957926878e+00
2.390397256358959766e+01,2.635924970465191919e+00
2.392397827950843237e+01,3.641384435452576618e+00
2.394398399542726708e+01,2.786507353789603236e+00
2.396398971134610179e+01,3.575087625811707248e+00
2.398399542726493294e+01,3.628112102585320908e+00
2.400400114318376765e+01,3.358133124228687372e+00
2.402400685910260236e+01,3.589197612733149079e+00
2.404401257502143352e+01,3.556023434453324139e+00
2.406401829094026823e+01,3.228599388350624988e+00
2.408402400685910294e+01,3.612450164377282391e+00
2.410402972277793765e+01,3.835222527650109292e+00
2.412403543869677236e+01,3.866864431494029475e+00
2.414404115461560707e+01,4.328507391175573815e+00
2.416404687053444178e+01,4.652731843001866707e+00
2.418405258645327294e+01,3.350238451723217104e+00
2.420405830237210765e+01,4.150284596407367133e+00
2.422406401829093880e+01,5.055697726816590354e+00
2.424406973420977351e+01,4.567978644183348536e+00
2.426407545012860822e+01,4.730061634371109491e+00
2.428408116604744293e+01,5.129147036554566164e+00
2.430408688196627764e+01,5.522375877056460602e+00
2.432409259788511235e+01,5.965331159147680751e+00
2.434409831380394706e+01,5.658302880243955890e+00
2.436410402972277822e+01,6.144249228505639593e+00
2.438410974564161293e+01,5.580046512718781493e+00
2.440411546156044409e+01,7.036824780826175463e+00
2.442412117747927880e+01,6.340034599416302541e+00
2.444412689339811351e+01,7.855388467189474255e+00
2.446413260931694822e+01,7.652610504790273716e+00
2.448413832523578293e+01,8.005845506874724293e+00
2.450414404115461764e+01,8.463024937143375226e+00
2.452414975707345235e+01,9.605679994631325158e+00
2.454415547299228351e+01,9.559919916536323115e+00
2.456416118891111822e+01,1.026316448260871184e+01
2.458416690482995293e+01,1.058732320666278603e+01
2.460417262074878408e+01,1.082527614338655653e+01
2.462417833666761879e+01,1.204595215643381323e+01
2.464418405258645350e+01,1.208582801079789171e+01
2.466418976850528821e+01,1.310327135668098109e+01
2.468419548442412292e+01,1.419697447716082728e+01
2.470420120034295763e+01,1.461561733358592541e+01
2.472420691626179234e+01,1.482521874357159142e+01
2.474421263218062350e+01,1.589915805358200096e+01
2.476421834809945821e+01,1.613967825536597189e+01
2.478422406401828937e+01,1.689701983710286015e+01
2.480422977993712408e+01,1.888460041257900457e+01
2.482423549585595879e+01,1.947266545529606674e+01
2.484424121177479350e+01,2.010008915397345675e+01
2.486424692769362821e+01,2.122647798596350199e+01
2.488425264361246292e+01,2.226616797326825647e+01
2.490425835953129763e+01,2.406365739994762976e+01
2.492426407545012879e+01,2.477507017301930148e+01
2.494426979136896350e+01,2.525115302577853171e+01
2.496427550728779821e+01,2.755078058753509751e+01
2.498428122320662936e+01,2.804471918293269539e+01
2.500428693912546407e+01,3.060171049196168624e+01
2.502429265504429878e+01,3.150917734463964948e+01
2.504429837096313349e+01,3.314745116761926624e+01
2.506430408688196820e+01,3.441037686089812553e+01
2.508430980280080291e+01,3.569340936744290360e+01
2.510431551871963762e+01,3.670291997058688338e+01
2.512432123463846878e+01,3.887657669774968383e+01
2.514432695055730349e+01,4.087646954957385503e+01
2.516433266647613465e+01,4.146126114626759573e+01
2.518433838239496936e+01,4.367436927125076807e+01
2.520434409831380407e+01,4.431588643166327302e+01
2.522434981423263878e+01,4.550693755233544380e+01
2.524435553015147349e+01,4.665402173562718957e+01
2.526436124607030820e+01,4.663228585732221632e+01
2.528436696198914291e+01,4.667795096289273715e+01
2.530437267790797407e+01,4.680293231903340256e+01
2.532437839382680878e+01,4.520269776070392709e+01
2.534438410974563993e+01,4.449411926296734521e+01
2.536438982566447464e+01,4.316027862365855583e+01
2.538439554158330935e+01,4.104772172064261326e+01
2.540440125750214406e+01,3.764956858568856291e+01
2.542440697342097877e+01,3.556318144906126832e+01
2.544441268933981348e+01,3.276672486903057546e+01
2.546441840525864819e+01,2.975123751839360153e+01
2.548442412117747935e+01,2.718034795824021899e+01
2.550442983709631406e+01,2.398978551724406927e+01
2.552443555301514877e+01,2.072998914944814786e+01
2.554444126893397993e+01,1.925683137090593533e+01
2.556444698485281464e+01,1.654204353134129590e+01
2.558445270077164935e+01,1.466972943968028886e+01
2.560445841669048406e+01,1.309071034255925703e+01
2.562446413260931877e+01,1.158798450119122592e+01
2.564446984852815348e+01,1.086653228559093520e+01
2.566447556444698819e+01,8.973087394561858332e+00
2.568448128036581934e+01,7.652919218322516315e+00
2.570448699628465405e+01,7.104964852438614642e+00
2.572449271220348521e+01,7.179043192155605269e+00
2.574449842812231992e+01,6.980999712942796975e+00
2.576450414404115463e+01,6.068355177529662470e+00
2.578450985995998934e+01,6.252913694098120700e+00
2.580451557587882405e+01,5.835456148518789021e+00
2.582452129179765876e+01,6.311654663424709710e+00
2.584452700771649347e+01,5.161952112512071977e+00
2.586453272363532463e+01,5.594619406996319988e+00
2.588453843955415934e+01,5.852569991830835150e+00
2.590454415547299405e+01,5.935089185329994521e+00
2.592454987139182521e+01,5.740386908794919307e+00
2.594455558731065992e+01,4.633137904661714934e+00
2.596456130322949463e+01,6.014592502225307058e+00
2.598456701914832934e+01,5.159956311196717493e+00
2.600457273506716405e+01,5.591311248023616898e+00
2.602457845098599520e+01,5.001667306730299245e+00
2.604458416690482991e+01,4.823412482786363142e+00
2.606458988282366462e+01,4.923238429410703887e+00
2.608459559874249933e+01,5.031596540347937463e+00
2.610460131466133404e+01,4.491769901835513501e+00
2.612460703058016520e+01,4.720078766722226149e+00
2.614461274649899991e+01,4.369577756836537930e+00
2.616461846241783462e+01,4.862330225422455854e+00
2.618462417833666933e+01,4.604623851332690698e+00
2.620462989425550404e+01,4.498452472782760836e+00
2.622463561017433520e+01,5.081258439659583459e+00
2.624464132609316991e+01,3.999084699867813342e+00
2.626464704201200462e+01,3.876314242385201503e+00
2.628465275793083933e+01,4.162555760814997896e+00
2.630465847384967049e+01,3.749370264197737335e+00
2.632466418976850520e+01,4.139701771941100006e+00
2.634466990568733991e+01,4.509196546662487926e+00
2.636467562160617462e+01,4.773901880268246245e+00
2.638468133752500933e+01,3.983124289146410923e+00
2.640468705344384048e+01,4.451264950368742035e+00
2.642469276936267519e+01,4.082297868770160321e+00
2.644469848528150990e+01,3.838096951891952102e+00
2.646470420120034461e+01,4.581704655408015192e+00
2.648470991711917932e+01,4.386337152483666735e+00
2.650471563303801048e+01,3.764196402764611094e+00
2.652472134895684519e+01,3.785426564829867946e+00
2.654472706487567990e+01,3.602791709856747460e+00
2.656473278079451461e+01,3.290394071560911904e+00
2.658473849671334932e+01,3.825842457646182915e+00
2.660474421263218048e+01,2.883920767438794996e+00
2.662474992855101519e+01,3.084689883835204149e+00
2.664475564446984990e+01,3.170802860138603130e+00
2.666476136038868461e+01,4.204068418573774224e+00
2.668476707630751577e+01,3.592140680712895495e+00
2.670477279222635048e+01,3.887189533441476996e+00
2.672477850814518519e+01,3.853300666597940349e+00
2.674478422406401990e+01,2.891967244644049195e+00
2.676478993998285461e+01,3.057001112126780384e+00
2.678479565590168576e+01,3.469167359824455232e+00
2.680480137182052047e+01,3.757973339961287351e+00
2.682480708773935518e+01,3.201069639571097802e+00
2.684481280365818989e+01,3.227410294019743553e+00
2.686481851957702460e+01,3.785934380281079648e+00
2.688482423549585576e+01,3.564449264078634272e+00
2.690482995141469047e+01,3.665380584533457053e+00
2.692483566733352518e+01,3.352171935151758930e+00
2.694484138325235989e+01,3.089405601042273020e+00
2.696484709917119105e+01,3.765205844457170770e+00
2.698485281509002576e+01,3.629662742953697840e+00
2.700485853100886047e+01,3.378102355044901195e+00
2.702486424692769518e+01,3.682988960819649549e+00
2.704486996284652989e+01,3.996001988198417010e+00
2.706487567876536104e+01,3.465465208057376678e+00
2.708488139468419575e+01,3.925566412575361319e+00
2.710488711060303046e+01,3.089051039950574395e+00
2.712489282652186517e+01,3.356982477477866045e+00
2.714489854244069988e+01,4.225512883604158887e+00
2.716490425835953104e+01,4.505909341941280566e+00
2.718490997427836575e+01,4.624233751721302355e+00
2.720491569019720046e+01,4.645510651678280922e+00
2.722492140611603517e+01,4.196338759973776256e+00
2.724492712203486633e+01,3.930235493447057582e+00
2.726493283795370104e+01,5.202444164045280317e+00
2.728493855387253575e+01,4.797980681194044195e+00
2.730494426979137046e+01,5.025707775207980177e+00
2.732494998571020517e+01,5.509646247627545179e+00
2.734495570162903633e+01,4.443599415522708540e+00
2.736496141754787104e+01,4.949837225836005494e+00
2.738496713346670575e+01,4.727733755583760633e+00
2.740497284938554046e+01,5.468067928177005044e+00
2.742497856530437517e+01,5.865783117009788938e+00
2.744498428122320632e+01,6.069665239268918988e+00
2.746498999714204103e+01,5.352286364169858146e+00
2.748499571306087574e+01,6.259014674052892246e+00
2.750500142897971045e+01,7.010076646361728336e+00
2.752500714489854516e+01,6.460865473792174463e+00
2.754501286081737632e+01,7.444902413169046440e+00
2.756501857673621103e+01,7.932775189240816260e+00
2.758502429265504574e+01,7.553057734282698554e+00
2.760503000857388045e+01,8.058159892885836229e+00
2.762503572449271161e+01,8.602138470659504321e+00
2.764504144041154632e+01,8.869704858623149946e+00
2.766504715633038103e+01,8.661480289555166578e+00
2.768505287224921574e+01,9.515311051407779885e+00
2.770505858816805045e+01,9.908480449711928983e+00
2.772506430408688161e+01,9.893324195350745143e+00
2.774507002000571632e+01,1.104232896761412519e+01
2.776507573592455103e+01,1.089156402783355659e+01
2.778508145184338574e+01,1.212712221456238382e+01
2.780508716776222045e+01,1.122763283675989143e+01
2.782509288368105160e+01,1.201081038664798228e+01
2.784509859959988631e+01,1.270650133062030918e+01
2.786510431551872102e+01,1.308736087573945284e+01
2.788511003143755573e+01,1.422481267915510017e+01
2.790511574735638689e+01,1.453055846301613485e+01
2.792512146327522160e+01,1.504750007548222968e+01
2.794512717919405631e+01,1.595399724014367493e+01
2.796513289511289102e+01,1.551980240650572185e+01
2.798513861103172573e+01,1.598223333717648487e+01
2.800514432695055689e+01,1.601636701794634732e+01
2.802515004286939160e+01,1.767806893749995822e+01
2.804515575878822631e+01,1.757945437639251551e+01
2.806516147470706102e+01,1.732560849067323971e+01
2.808516719062589573e+01,1.749607173527747150e+01
2.810517290654472689e+01,1.798770970275712244e+01
2.812517862246356160e+01,1.708221422450849403e+01
2.814518433838239631e+01,1.683590099516570504e+01
2.816519005430123102e+01,1.703071100978752028e+01
2.818519577022006217e+01,1.558598593726229709e+01
2.820520148613889688e+01,1.414606304428053640e+01
2.822520720205773159e+01,1.412883933813097137e+01
2.824521291797656630e+01,1.296642148050816701e+01
2.826521863389540101e+01,1.294529544783575759e+01
2.828522434981423217e+01,1.142427036234077420e+01
2.830523006573306688e+01,1.084601986011435315e+01
2.832523578165190159e+01,1.071922418082804640e+01
2.834524149757073630e+01,9.769515926662142746e+00
2.836524721348957101e+01,8.824509221164198891e+00
2.838525292940840217e+01,9.124297319064030631e+00
2.840525864532723688e+01,8.889959656635250340e+00
2.842526436124607159e+01,7.723488786468665879e+00
2.844527007716490630e+01,9.129699865307339124e+00
2.846527579308374101e+01,8.925681912754585667e+00
2.848528150900257216e+01,9.334872270763403534e+00
2.850528722492140687e+01,8.706402098940285939e+00
2.852529294084024158e+01,9.014603464052953541e+00
2.854529865675907629e+01,9.017912962999620419e+00
2.856530437267790745e+01,9.266538882088092066e+00
2.858531008859674216e+01,9.213121046301409933e+00
2.860531580451557687e+01,1.029651142137395858e+01
2.862532152043441158e+01,1.049843644942166421e+01
2.864532723635324629e+01,1.028160222100028776e+01
2.866533295227207745e+01,9.758024336922108688e+00
2.868533866819091216e+01,1.103438256852092714e+01
2.870534438410974687e+01,1.095362524456282394e+01
2.872535010002858158e+01,1.178590501265304091e+01
2.874535581594741629e+01,1.155414796243946185e+01
2.876536153186624745e+01,1.259123094789231700e+01
2.878536724778508216e+01,1.353161405407863072e+01
2.880537296370391687e+01,1.381752966093409718e+01
2.882537867962275158e+01,1.506244728933210375e+01
2.884538439554158273e+01,1.582868667720156708e+01
2.886539011146041744e+01,1.645126024893476213e+01
2.888539582737925215e+01,1.647032501772052626e+01
2.890540154329808686e+01,1.812432324422958629e+01
2.892540725921692157e+01,1.867671312363610525e+01
2.894541297513575273e+01,1.969245670931238124e+01
2.896541869105458744e+01,2.007311968771923816e+01
2.898542440697342215e+01,2.146215523909268796e+01
2.900543012289225686e+01,2.204337032340620794e+01
2.902543583881109157e+01,2.332664573526568219e+01
2.904544155472992273e+01,2.401623571922775469e+01
2.906544727064875744e+01,2.526028969193988161e+01
2.908545298656759215e+01,2.706423794167094954e+01
2.910545870248642686e+01,2.815579515712168757e+01
2.912546441840525802e+01,2.913045711336991062e+01
2.914547013432409273e+01,3.057230317004388098e+01
2.916547585024292744e+01,3.234375940947168004e+01
2.918548156616176215e+01,3.297447453024051356e+01
2.920548728208059686e+01,3.481121543210743852e+01
2.922549299799942801e+01,3.536065330892509451e+01
2.924549871391826272e+01,3.711035491507315243e+01
2.926550442983709743e+01,3.906547223137118152e+01
2.928551014575593214e+01,3.933096188738126386e+01
2.930551586167476685e+01,4.070268183473631751e+01
2.932552157759359801e+01,4.248639551184373175e+01
2.934552729351243272e+01,4.224999854782573294e+01
2.936553300943126743e+01,4.345886127488687833e+01
2.938553872535010214e+01,4.465024371403478654e+01
2.940554444126893330e+01,4.593447984425578312e+01
2.942555015718776801e+01,4.645777107477048418e+01
2.944555587310660272e+01,4.737572143887677356e+01
2.946556158902543743e+01,4.743465560678401971e+01
2.948556730494427214e+01,4.774143368126474485e+01
2.950557302086310330e+01,4.880107221748856716e+01
2.952557873678193801e+01,4.825608779345009935e+01
2.954558445270077272e+01,5.044950913051959418e+01
2.956559016861960743e+01,5.000203403810724723e+01
2.958559588453844214e+01,5.071953848861657832e+01
2.960560160045727329e+01,5.117459402476473684e+01
2.962560731637610800e+01,5.113754026664711461e+01
2.964561303229494271e+01,5.149705422879605976e+01
2.966561874821377742e+01,5.150873190690776227e+01
2.968562446413261213e+01,5.129282060184030456e+01
2.970563018005144329e+01,5.172165064784672239e+01
2.972563589597027800e+01,5.176042711561876786e+01
2.974564161188911271e+01,5.124262332030734513e+01
2.976564732780794742e+01,5.055467565390040363e+01
2.978565304372677858e+01,5.016002981503044111e+01
2.980565875964561329e+01,4.953944040632009660e+01
2.982566447556444800e+01,4.958445739981873857e+01
2.984567019148328271e+01,4.917222626155036380e+01
2.986567590740211742e+01,4.786708785825774726e+01
2.988568162332094857e+01,4.671513559114848135e+01
2.990568733923978328e+01,4.592487652053591773e+01
2.992569305515861799e+01,4.502926330177862013e+01
2.994569877107745270e+01,4.430367103009513841e+01
2.996570448699628741e+01,4.199873061882571790e+01
2.998571020291511857e+01,4.095419245699494581e+01
3.000571591883395328e+01,4.014645072803497783e+01
3.002572163475278799e+01,3.859292507306671638e+01
3.004572735067162270e+01,3.626922580393466689e+01
3.006573306659045386e+01,3.605318422494488573e+01
3.008573878250928857e+01,3.451259092422114350e+01
3.010574449842812328e+01,3.273892382216094177e+01
3.012575021434695799e+01,3.129946669116776903e+01
3.014575593026579270e+01,2.973200137409925503e+01
3.016576164618462386e+01,2.957744195224402262e+01
3.018576736210345857e+01,2.721322501767331303e+01
3.020577307802229328e+01,2.598748034358666459e+01
3.022577879394112799e+01,2.532208615233850679e+01
3.024578450985996270e+01,2.410877684230304396e+01
3.026579022577879385e+01,2.232916497611475037e+01
3.028579594169762856e+01,2.232863118477868269e+01
3.030580165761646327e+01,2.124338545449007754e+01
3.032580737353529798e+01,2.008198552256802216e+01
3.034581308945412914e+01,2.003395081904684005e+01
3.036581880537296385e+01,1.841746203684425964e+01
3.038582452129179856e+01,1.831355012581317609e+01
3.040583023721063327e+01,1.660556028089305869e+01
3.042583595312946798e+01,1.619205326312857807e+01
3.044584166904829914e+01,1.608858508192775005e+01
3.046584738496713385e+01,1.456098384983017446e+01
3.048585310088596856e+01,1.552964190903695219e+01
3.050585881680480327e+01,1.455786526543287529e+01
3.052586453272363798e+01,1.377854802047340854e+01
3.054587024864246914e+01,1.318766946193376022e+01
3.056587596456130385e+01,1.259271609344139087e+01
3.058588168048013856e+01,1.265488294754151966e+01
3.060588739639897327e+01,1.242382918242622480e+01
3.062589311231780798e+01,1.161523743301508915e+01
3.064589882823663913e+01,1.171919584826806116e+01
3.066590454415547384e+01,1.111413137569793186e+01
3.068591026007430855e+01,1.056253465141635317e+01
3.070591597599314326e+01,1.009703072025495096e+01
3.072592169191197442e+01,1.001793493199568985e+01
3.074592740783080913e+01,1.008216112124675234e+01
3.076593312374964384e+01,9.509398345333684333e+00
3.078593883966847855e+01,9.824347888929006345e+00
3.080594455558731326e+01,9.006517695419832492e+00
3.082595027150614442e+01,8.915018808922770432e+00
3.084595598742497913e+01,9.512945194365146406e+00
3.086596170334381384e+01,9.144074372647860827e+00
3.088596741926264855e+01,8.653294865132730607e+00
3.090597313518148326e+01,8.298050310403745300e+00
3.092597885110031442e+01,7.503779535315695526e+00
3.094598456701914913e+01,7.168407677847763892e+00
3.096599028293798384e+01,7.839846327624808708e+00
3.098599599885681855e+01,7.981786733206162054e+00
3.100600171477564970e+01,8.435320181275347551e+00
3.102600743069448441e+01,8.039719983822520177e+00
3.104601314661331912e+01,6.960016468535491718e+00
3.106601886253215383e+01,8.164593786424505950e+00
3.108602457845098854e+01,7.168336312089266471e+00
3.110603029436981970e+01,8.390305723428788554e+00
3.112603601028865441e+01,8.265398467150999906e+00
3.114604172620748912e+01,7.254094682190039833e+00
3.116604744212632383e+01,7.952788625882607043e+00
3.118605315804515854e+01,8.132629121070822364e+00
3.120605887396398970e+01,8.577868754481809077e+00
3.122606458988282441e+01,8.571206887460711243e+00
3.124607030580165912e+01,9.225184218976957951e+00
3.126607602172049383e+01,9.017076401151085108e+00
3.128608173763932498e+01,8.581376801660603348e+00
3.130608745355815969e+01,9.494113617987338216e+00
3.132609316947699440e+01,9.505899433125192033e+00
3.134609888539582911e+01,1.026434112986518699e+01
3.136610460131466382e+01,9.785382216822313239e+00
3.138611031723349498e+01,1.007079803550160690e+01
3.140611603315232969e+01,1.197903726137401215e+01
3.142612174907116440e+01,1.147779607587004413e+01
3.144612746498999911e+01,1.259287232713312044e+01
3.146613318090883382e+01,1.267215667213081964e+01
3.148613889682766498e+01,1.340509390045470184e+01
3.150614461274649969e+01,1.376547221765194351e+01
3.152615032866533440e+01,1.478516096891219078e+01
3.154615604458416911e+01,1.472059655553932700e+01
3.156616176050300382e+01,1.534992795233043417e+01
3.158616747642183498e+01,1.659824131875402742e+01
3.160617319234066969e+01,1.641018909937602999e+01
3.162617890825950440e+01,1.751502019669426247e+01
3.164618462417833911e+01,1.845702698710226386e+01
3.166619034009717026e+01,1.884099411764334064e+01
3.168619605601600497e+01,1.914822575772082303e+01
3.170620177193483968e+01,2.068228662500346360e+01
3.172620748785367439e+01,2.097421477125172373e+01
3.174621320377250910e+01,2.141524956216686348e+01
3.176621891969134026e+01,2.256247636663741929e+01
3.178622463561017497e+01,2.185905567382475567e+01
3.180623035152900968e+01,2.291197097479983213e+01
3.182623606744784439e+01,2.280845002294761059e+01
3.184624178336667910e+01,2.228106366764108515e+01
3.186624749928551026e+01,2.258197748727130616e+01
3.188625321520434497e+01,2.177453972441931640e+01
3.190625893112317968e+01,2.166421589509566914e+01
3.192626464704201439e+01,2.073504386810750333e+01
3.194627036296084555e+01,2.093732534161428305e+01
3.196627607887968026e+01,2.050702122731576793e+01
3.198628179479851497e+01,2.075008185436448116e+01
3.200628751071734968e+01,1.983225684467351613e+01
3.202629322663618439e+01,1.962253704079507344e+01
3.204629894255501199e+01,2.006025534308888325e+01
3.206630465847385381e+01,1.984203722193608499e+01
3.208631037439268141e+01,2.098792891124853099e+01
3.210631609031152323e+01,2.073534796888861109e+01
3.212632180623035083e+01,2.091218287476564086e+01
3.214632752214918554e+01,2.245191662550263345e+01
3.216633323806802025e+01,2.409183626860474803e+01
3.218633895398685496e+01,2.484797431253738864e+01
3.220634466990568967e+01,2.610078254355795480e+01
3.222635038582451728e+01,2.703885950194936072e+01
3.224635610174335909e+01,2.847178285336098114e+01
3.226636181766218670e+01,3.053432582123434713e+01
3.228636753358102851e+01,3.227424802302616058e+01
3.230637324949985612e+01,3.359314365947154357e+01
3.232637896541869083e+01,3.595503059230460963e+01
3.234638468133752554e+01,3.732115722466551944e+01
3.236639039725636025e+01,3.916088700116934973e+01
3.238639611317519496e+01,4.122172751056454132e+01
3.240640182909402967e+01,4.431802902827075741e+01
3.242640754501286438e+01,4.685817254744762295e+01
3.244641326093169198e+01,4.898783083631982294e+01
3.246641897685053380e+01,5.137560632843199926e+01
3.248642469276936140e+01,5.354804649561151564e+01
3.250643040868819611e+01,5.467279196085099358e+01
3.252643612460703082e+01,5.697139916482489497e+01
3.254644184052586553e+01,5.903952960061656086e+01
3.256644755644470024e+01,5.927130074153303951e+01
3.258645327236353495e+01,6.117685583725499043e+01
3.260645898828236966e+01,6.234646755497455217e+01
3.262646470420119726e+01,6.177817940125987661e+01
3.264647042012003908e+01,6.143328492451976786e+01
3.266647613603886668e+01,6.012068013013071521e+01
3.268648185195770850e+01,5.944983471070150216e+01
3.270648756787653610e+01,5.678364385920723123e+01
3.272649328379537081e+01,5.337878053760587704e+01
3.274649899971420552e+01,5.025588558813178253e+01
3.276650471563304023e+01,4.716689348449106234e+01
3.278651043155187494e+01,4.324229400171995508e+01
3.280651614747070255e+01,4.011301761430586055e+01
3.282652186338954436e+01,3.535424164955562532e+01
3.284652757930837197e+01,3.285575109302475028e+01
3.286653329522721378e+01,2.930389308101408474e+01
3.288653901114604139e+01,2.579098695963411814e+01
3.290654472706487610e+01,2.246778946682400147e+01
3.292655044298371081e+01,2.098783702975788401e+01
3.294655615890254552e+01,1.791674232229601671e+01
3.296656187482138023e+01,1.704049000213918674e+01
3.298656759074020783e+01,1.477359238966182176e+01
3.300657330665904965e+01,1.351292671358627118e+01
3.302657902257787725e+01,1.321291059442211058e+01
3.304658473849671907e+01,1.157903814191027791e+01
3.306659045441554667e+01,1.031159105114553221e+01
3.308659617033438138e+01,1.019762223083052533e+01
3.310660188625321609e+01,1.028852677331215304e+01
3.312660760217205080e+01,8.904087709605283507e+00
3.314661331809088551e+01,7.613371018306543725e+00
3.316661903400971312e+01,7.646660143410491273e+00
3.318662474992855493e+01,7.560384620368018282e+00
3.320663046584738254e+01,7.964546152604840223e+00
3.322663618176622435e+01,7.745240848107722620e+00
3.324664189768505196e+01,7.415326364666900538e+00
3.326664761360388667e+01,6.398888347251924458e+00
3.328665332952272138e+01,6.737793936249081739e+00
3.330665904544155609e+01,5.858814353510497064e+00
3.332666476136039080e+01,5.819396690716592602e+00
3.334667047727922551e+01,5.899550674903683678e+00
3.336667619319806022e+01,5.937628185352160415e+00
3.338668190911688782e+01,5.728450251377633862e+00
3.340668762503572964e+01,5.703664092886085335e+00
3.342669334095455724e+01,4.976525454346679922e+00
3.344669905687339195e+01,5.341928253602320709e+00
3.346670477279222666e+01,5.578776267838937208e+00
3.348671048871106137e+01,4.525198929839000073e+00
3.350671620462989608e+01,5.199702320786443011e+00
3.352672192054873079e+01,5.299267782682606232e+00
3.354672763646756550e+01,4.697048538878993540e+00
3.356673335238639311e+01,4.785493306012009285e+00
3.358673906830523492e+01,4.352910842045717210e+00
3.360674478422406253e+01,4.566611202655617596e+00
3.362675050014290434e+01,5.032106743571601370e+00
3.364675621606173195e+01,4.531804864819728884e+00
3.366676193198056666e+01,4.941430296342538497e+00
3.368676764789940137e+01,5.031168072858270612e+00
3.370677336381823608e+01,4.422153752513321656e+00
3.372677907973707079e+01,4.649436782258572265e+00
3.374678479565589839e+01,3.984799966664342108e+00
3.376679051157474021e+01,4.598848919827377202e+00
3.378679622749356781e+01,3.865650863327499742e+00
3.380680194341240963e+01,3.905416763130649560e+00
3.382680765933123723e+01,4.219860300859293645e+00
3.384681337525007194e+01,3.896713488153604299e+00
3.386681909116890665e+01,4.446449266419588930e+00
3.388682480708774136e+01,3.475289920058271420e+00
3.390683052300657607e+01,3.880947379231396877e+00
3.392683623892540368e+01,4.229452454034718478e+00
3.394684195484424549e+01,5.116622875197307962e+00
3.396684767076307310e+01,4.475921919528691006e+00
3.398685338668191491e+01,3.550906921539640493e+00
3.400685910260074252e+01,4.093542390940038800e+00
3.402686481851957723e+01,4.333546607288317531e+00
3.404687053443841194e+01,4.357112234562899644e+00
3.406687625035724665e+01,4.637171429991685301e+00
3.408688196627608136e+01,4.074564152438273190e+00
3.410688768219490896e+01,4.503381998774751871e+00
3.412689339811375078e+01,4.545267606781439262e+00
3.414689911403257838e+01,4.049012366173609934e+00
3.416690482995142020e+01,4.409840646547633192e+00
3.418691054587024780e+01,4.056893778844750109e+00
3.420691626178908251e+01,5.183469569246444308e+00
3.422692197770791722e+01,4.830358138499542875e+00
3.424692769362675193e+01,5.164327367855368500e+00
3.426693340954558664e+01,4.700933905921122147e+00
3.428693912546442135e+01,3.886838520128849339e+00
3.430694484138325606e+01,4.767122892399185297e+00
3.432695055730208367e+01,5.199339939037255220e+00
3.434695627322092548e+01,4.543846657083605578e+00
3.436696198913975309e+01,4.637340995642410313e+00
3.438696770505858780e+01,5.248704974059441142e+00
3.440697342097742251e+01,5.831590523999592435e+00
3.442697913689625722e+01,4.962416316173875686e+00
3.444698485281509193e+01,5.016920754114655878e+00
3.446699056873392664e+01,5.533399091230668532e+00
3.448699628465276135e+01,4.665921287811027440e+00
3.450700200057158895e+01,5.906047415776368936e+00
3.452700771649043077e+01,6.056846576861050657e+00
3.454701343240925837e+01,5.886420504265429621e+00
3.456701914832810019e+01,5.314255808118103275e+00
3.458702486424692779e+01,5.387485304280019704e+00
3.460703058016576250e+01,5.848416148631400802e+00
3.462703629608459721e+01,6.807209293481666812e+00
3.464704201200343192e+01,6.217998205080996321e+00
3.466704772792226663e+01,5.825322857964100542e+00
3.468705344384109424e+01,6.513785462279211735e+00
3.470705915975993605e+01,6.400175950504234379e+00
3.472706487567876366e+01,6.963097106993022756e+00
3.474707059159760547e+01,6.488582329481205946e+00
3.476707630751643308e+01,7.270509076187353870e+00
3.478708202343526779e+01,7.066055844362677085e+00
3.480708773935410250e+01,7.932067307064937012e+00
3.482709345527293721e+01,7.026397788340309702e+00
3.484709917119177192e+01,8.627861642788957397e+00
3.486710488711059952e+01,7.594262250626108823e+00
3.488711060302944134e+01,8.556918476412063157e+00
3.490711631894826894e+01,9.274545214118774084e+00
3.492712203486711076e+01,9.211536974170803305e+00
3.494712775078593836e+01,9.559481881020124305e+00
3.496713346670477307e+01,1.086401495941001016e+01
3.498713918262360778e+01,1.029904561723991741e+01
3.500714489854244249e+01,1.051102563916036026e+01
3.502715061446127720e+01,1.140663622972610547e+01
3.504715633038010481e+01,1.171124281054484229e+01
3.506716204629894662e+01,1.219131626646373512e+01
3.508716776221777423e+01,1.275784078131267663e+01
3.510717347813661604e+01,1.382797349199514514e+01
3.512717919405544365e+01,1.447355053162049998e+01
3.514718490997427836e+01,1.509705032137491187e+01
3.516719062589311307e+01,1.515133435966582987e+01
3.518719634181194778e+01,1.622106032224820282e+01
3.520720205773078249e+01,1.692038238528576244e+01
3.522720777364961720e+01,1.803830355852877432e+01
3.524721348956845191e+01,1.820271043230179586e+01
3.526721920548727951e+01,1.914468673736439541e+01
3.528722492140612133e+01,2.047240742508691369e+01
3.530723063732494893e+01,2.080864988399656212e+01
3.532723635324378364e+01,2.176595315280783893e+01
3.534724206916261835e+01,2.255036932301375074e+01
3.536724778508145306e+01,2.429763157736961077e+01
3.538725350100028777e+01,2.522345536199040694e+01
3.540725921691912248e+01,2.547236746016719522e+01
3.542726493283795719e+01,2.604930035971537094e+01
3.544727064875678479e+01,2.747331087359157920e+01
3.546727636467562661e+01,2.871155066114430809e+01
3.548728208059445421e+01,2.975657936112200730e+01
3.550728779651329603e+01,3.056874279000970773e+01
3.552729351243212363e+01,3.266632527323918822e+01
3.554729922835095834e+01,3.276991590168745461e+01
3.556730494426979305e+01,3.383757957605325117e+01
3.558731066018862776e+01,3.505092372928324806e+01
3.560731637610746247e+01,3.496681057161005413e+01
3.562732209202629008e+01,3.577589623952101050e+01
3.564732780794513189e+01,3.667318711301626166e+01
3.566733352386395950e+01,3.727412991655869945e+01
3.568733923978280131e+01,3.896123887319011203e+01
3.570734495570162892e+01,3.934432101410583016e+01
3.572735067162046363e+01,3.914572605256017113e+01
3.574735638753929834e+01,3.881129503922231549e+01
3.576736210345813305e+01,3.950612959801089374e+01
3.578736781937696776e+01,4.042663614141210360e+01
3.580737353529579536e+01,3.996263508301971967e+01
3.582737925121463718e+01,4.004040397722788924e+01
3.584738496713346478e+01,3.966163980357606533e+01
3.586739068305230660e+01,3.981708250453758779e+01
3.588739639897113420e+01,3.886223549641918851e+01
3.590740211488996891e+01,3.854303697864922640e+01
3.592740783080880362e+01,3.767237707435582195e+01
3.594741354672763833e+01,3.697888903981719011e+01
3.596741926264647304e+01,3.629536123331895681e+01
3.598742497856530065e+01,3.506094158535604777e+01
3.600743069448414246e+01,3.424917189396482087e+01
3.602743641040297007e+01,3.295774007338052058e+01
3.604744212632181188e+01,3.238816351029279872e+01
3.606744784224063949e+01,3.196755535032063378e+01
3.608745355815947420e+01,3.095020024170066009e+01
3.610745927407830891e+01,2.927570737211324925e+01
3.612746498999714362e+01,2.881067638278682352e+01
3.614747070591597833e+01,2.710090007888476649e+01
3.616747642183481304e+01,2.617317941764003564e+01
3.618748213775364775e+01,2.473870042035364492e+01
3.620748785367247535e+01,2.425199419057625150e+01
3.622749356959131717e+01,2.315904075072908697e+01
3.624749928551014477e+01,2.158990862723691961e+01
3.626750500142897948e+01,2.061370068837442204e+01
3.628751071734781419e+01,1.979446154581133399e+01
3.630751643326664890e+01,1.839747168803994626e+01
3.632752214918548361e+01,1.820237276878709309e+01
3.634752786510431832e+01,1.685887052151553434e+01
3.636753358102315303e+01,1.625025835817562125e+01
3.638753929694198064e+01,1.554102569384440180e+01
3.640754501286082245e+01,1.379238786019325325e+01
3.642755072877965006e+01,1.316858588058819812e+01
3.644755644469849187e+01,1.320002340201275182e+01
3.646756216061731948e+01,1.205112982771372110e+01
3.648756787653615419e+01,1.139839475384608924e+01
3.650757359245498890e+01,1.145481065042568503e+01
3.652757930837382361e+01,1.078969021903117032e+01
3.654758502429265832e+01,9.961370202164697929e+00
3.656759074021148592e+01,1.010533814112056383e+01
3.658759645613032774e+01,9.542675648203697847e+00
3.660760217204915534e+01,9.389688878405829442e+00
3.662760788796799716e+01,9.642773292474871027e+00
3.664761360388682476e+01,7.759838083214584792e+00
3.666761931980565947e+01,7.892577335589437304e+00
3.668762503572449418e+01,7.942234663779809800e+00
3.670763075164332889e+01,7.884496167567951019e+00
3.672763646756216360e+01,7.459687177337208652e+00
3.674764218348099121e+01,6.301189083238702970e+00
3.676764789939983302e+01,7.100759280100681359e+00
3.678765361531866063e+01,6.048993336617758843e+00
3.680765933123750244e+01,6.835855858544647390e+00
3.682766504715633005e+01,6.076947555994228090e+00
3.684767076307516476e+01,6.261956341808550874e+00
3.686767647899399947e+01,6.028013470288040132e+00
3.688768219491283418e+01,5.797008094889769758e+00
3.690768791083166889e+01,6.146761976319210063e+00
3.692769362675049649e+01,6.105158402412266483e+00
3.694769934266933831e+01,5.161543016287377661e+00
3.696770505858816591e+01,4.909733694749747634e+00
3.698771077450700773e+01,5.245775347910788255e+00
3.700771649042583533e+01,5.291192628589364233e+00
3.702772220634467004e+01,5.548556245925926333e+00
3.704772792226350475e+01,5.434769216108067624e+00
3.706773363818233946e+01,5.386458083836894062e+00
3.708773935410117417e+01,4.759284351186064299e+00
3.710774507002000888e+01,5.286850239253078065e+00
3.712775078593884359e+01,4.931304417889630365e+00
3.714775650185767120e+01,4.560314776827180339e+00
3.716776221777651301e+01,4.055427191064416625e+00
3.718776793369534062e+01,3.974807066130799704e+00
3.720777364961417533e+01,4.904317418910697057e+00
3.722777936553301004e+01,4.419526901792458773e+00
3.724778508145184475e+01,4.510754071750534777e+00
3.726779079737067946e+01,3.759086772939814303e+00
3.728779651328951417e+01,5.125831118930045172e+00
3.730780222920834888e+01,4.622459275214777286e+00
3.732780794512717648e+01,4.005081124147576332e+00
3.734781366104601830e+01,5.267907450095913546e+00
3.736781937696484590e+01,4.315954089340964472e+00
3.738782509288368772e+01,4.682026954092476601e+00
3.740783080880251532e+01,4.725313064543617436e+00
3.742783652472135003e+01,4.644638550269296395e+00
3.744784224064018474e+01,4.978067271833622520e+00
3.746784795655901945e+01,5.253241406601221186e+00
3.748785367247785416e+01,5.591751951818737965e+00
3.750785938839668177e+01,5.470303796701410093e+00
3.752786510431552358e+01,5.609690052323054843e+00
3.754787082023435119e+01,6.147670395891513095e+00
3.756787653615319300e+01,5.936856331471377146e+00
3.758788225207202061e+01,5.834438185416964018e+00
3.760788796799085532e+01,6.122036351787254915e+00
3.762789368390969003e+01,8.224439133925159240e+00
3.764789939982852474e+01,8.650060760922873015e+00
3.766790511574735945e+01,9.094540968082784005e+00
3.768791083166618705e+01,8.937817962141494377e+00
3.770791654758502887e+01,9.872713241136880313e+00
3.772792226350385647e+01,1.176957104125177622e+01
3.774792797942269829e+01,1.168798956719348858e+01
3.776793369534152589e+01,1.226209627601844865e+01
3.778793941126036060e+01,1.416870698448036769e+01
3.780794512717919531e+01,1.568014426901335412e+01
3.782795084309803002e+01,1.707251196181527675e+01
3.784795655901686473e+01,1.841978578743984230e+01
3.786796227493569234e+01,1.920805641241414108e+01
3.788796799085453415e+01,2.157363214335791213e+01
3.790797370677336176e+01,2.291970962468487016e+01
3.792797942269220357e+01,2.414207165427307444e+01
3.794798513861103118e+01,2.600168289589734982e+01
3.796799085452986589e+01,2.856519812240089351e+01
3.798799657044870060e+01,3.027213061895432133e+01
3.800800228636753531e+01,3.252102732160432197e+01
3.802800800228637002e+01,3.447546897379778130e+01
3.804801371820520473e+01,3.640064564381526679e+01
3.806801943412403944e+01,3.858610759511354615e+01
3.808802515004286704e+01,3.981418813810171287e+01
3.810803086596170886e+01,4.132509661141962454e+01
3.812803658188053646e+01,4.294631306581074170e+01
3.814804229779937117e+01,4.435362456370205564e+01
3.816804801371820588e+01,4.377730904512277732e+01
3.818805372963704059e+01,4.436344562973257410e+01
3.820805944555587530e+01,4.323759300720466570e+01
3.822806516147471001e+01,4.153177648284567880e+01
3.824807087739354472e+01,4.007154074247192455e+01
3.826807659331237232e+01,3.788917433871137064e+01
3.828808230923121414e+01,3.553159947241809391e+01
3.830808802515004174e+01,3.231334209547662084e+01
3.832809374106888356e+01,2.900872978072060349e+01
3.834809945698771116e+01,2.578882967590077513e+01
3.836810517290654587e+01,2.310713161179010555e+01
3.838811088882538058e+01,2.035784632239164083e+01
3.840811660474421529e+01,1.712599768625724650e+01
3.842812232066305000e+01,1.496128656459555195e+01
3.844812803658187761e+01,1.370958641807975908e+01
3.846813375250071942e+01,1.115068388467555494e+01
3.848813946841954703e+01,9.921647069427084631e+00
3.850814518433838884e+01,8.790822947276511812e+00
3.852815090025721645e+01,7.553077571213153263e+00
3.854815661617605116e+01,6.375621210401453354e+00
3.856816233209488587e+01,6.633791683287407537e+00
3.858816804801372058e+01,5.274372558971275105e+00
3.860817376393255529e+01,4.896648389098918308e+00
3.862817947985138289e+01,5.000020417694289065e+00
3.864818519577022471e+01,5.257948771255851028e+00
3.866819091168905231e+01,4.587302239143906668e+00
3.868819662760789413e+01,3.967591954460671033e+00
3.870820234352672173e+01,3.925072748407285150e+00
3.872820805944555644e+01,3.344776330458045344e+00
3.874821377536439115e+01,3.758913848674934499e+00
3.876821949128322586e+01,3.781227471690288944e+00
3.878822520720206057e+01,4.328296055530101327e+00
3.880823092312088818e+01,3.970223621002175740e+00
3.882823663903972999e+01,3.611462922518523300e+00
3.884824235495855760e+01,3.796253434269754479e+00
3.886824807087739941e+01,2.816099610840522516e+00
3.888825378679622702e+01,3.645814379297875440e+00
3.890825950271506173e+01,3.345914332277336367e+00
3.892826521863389644e+01,4.281224060613270765e+00
3.894827093455273115e+01,3.835100972381906725e+00
3.896827665047156586e+01,3.597281669943470206e+00
3.898828236639040057e+01,3.968855436489589827e+00
3.900828808230923528e+01,3.963494002375890446e+00
3.902829379822806288e+01,3.741894963474341029e+00
3.904829951414690470e+01,3.396581915829672838e+00
3.906830523006573230e+01,2.972640652071181222e+00
3.908831094598456701e+01,3.393239734058468127e+00
3.910831666190340172e+01,3.896808499047856422e+00
3.912832237782223643e+01,4.592865982140795111e+00
3.914832809374107114e+01,3.239352495881250071e+00
3.916833380965990585e+01,4.131093192734079267e+00
3.918833952557874056e+01,4.577575970251520410e+00
3.920834524149756817e+01,3.873395522449375683e+00
3.922835095741640998e+01,4.034669165830818471e+00
3.924835667333523759e+01,4.328352658558792143e+00
3.926836238925407940e+01,3.648478928164115676e+00
3.928836810517290701e+01,4.717365550690487908e+00
3.930837382109174172e+01,3.927508200015322082e+00
3.932837953701057643e+01,4.562162188070488789e+00
3.934838525292941114e+01,4.297738736233684520e+00
3.936839096884824585e+01,3.998721620668857391e+00
3.938839668476707345e+01,3.826059252149009104e+00
3.940840240068591527e+01,3.880957640358909444e+00
3.942840811660474287e+01,5.115000840919578629e+00
3.944841383252358469e+01,3.708607518888936472e+00
3.946841954844241229e+01,3.272296296929704251e+00
3.948842526436124700e+01,4.520143565076779169e+00
3.950843098028008171e+01,3.717012559978669195e+00
3.952843669619891642e+01,3.759845385932793604e+00
3.954844241211775113e+01,3.261552662533753644e+00
3.956844812803657874e+01,3.875835709729208212e+00
3.958845384395542055e+01,5.200266978410224894e+00
3.960845955987424816e+01,5.233894278154203050e+00
3.962846527579308997e+01,4.725149180307703034e+00
3.964847099171191758e+01,5.434637551293639568e+00
3.966847670763075229e+01,4.611407523778785489e+00
3.968848242354958700e+01,5.695706478816078722e+00
3.970848813946842171e+01,4.450724306981663325e+00
3.972849385538725642e+01,5.406598524037948827e+00
3.974849957130608402e+01,4.716667045039144135e+00
3.976850528722492584e+01,5.144119780941122322e+00
3.978851100314375344e+01,5.422670258913559138e+00
3.980851671906259526e+01,5.588062317982751992e+00
3.982852243498142286e+01,5.687716245079353250e+00
3.984852815090025757e+01,5.528531047116358010e+00
3.986853386681909228e+01,5.100915874396270588e+00
3.988853958273792699e+01,6.400187247712794125e+00
3.990854529865676170e+01,6.142556340348996891e+00
3.992855101457559641e+01,6.591236941595442822e+00
3.994855673049443112e+01,5.013783822763679510e+00
3.996856244641325873e+01,6.262299830832880332e+00
3.998856816233210054e+01,6.474691310484153917e+00
4.000857387825092815e+01,6.202093249094675187e+00
4.002857959416976286e+01,4.869721089653179291e+00
4.004858531008859757e+01,6.360308062741628632e+00
4.006859102600743228e+01,4.849979549188748074e+00
4.008859674192626699e+01,5.416208236222679773e+00
4.010860245784510170e+01,4.848335030938893730e+00
4.012860817376393641e+01,5.467696890034407176e+00
4.014861388968276401e+01,5.302593235565694840e+00
4.016861960560160583e+01,4.945608923819518665e+00
4.018862532152043343e+01,5.304634747611495449e+00
4.020863103743927525e+01,5.090030296637825025e+00
4.022863675335810285e+01,4.668038865318701269e+00
4.024864246927693756e+01,4.805099072399606541e+00
4.026864818519577227e+01,4.472526604576374964e+00
4.028865390111460698e+01,4.669064790587132308e+00
4.030865961703344169e+01,4.593090547595101825e+00
4.032866533295226930e+01,4.564494683532865693e+00
4.034867104887111111e+01,4.415101545647670100e+00
4.036867676478993872e+01,4.600240203643275905e+00
4.038868248070878053e+01,4.785904434512289640e+00
4.040868819662760814e+01,4.351444174426315925e+00
4.042869391254644285e+01,4.075714598068755024e+00
4.044869962846527756e+01,4.475239857167960800e+00
4.046870534438411227e+01,4.426232494574346532e+00
4.048871106030294698e+01,5.008075080736267282e+00
4.050871677622177458e+01,5.135160701393776783e+00
4.052872249214061640e+01,5.057155671641931249e+00
4.054872820805944400e+01,5.502954309897938323e+00
4.056873392397828582e+01,5.556243892859589195e+00
4.058873963989711342e+01,4.980850414544943483e+00
4.060874535581594813e+01,6.113383482822753123e+00
4.062875107173478284e+01,6.782624935622034279e+00
4.064875678765361755e+01,5.717808310704178609e+00
4.066876250357245226e+01,5.943258323687338418e+00
4.068876821949127986e+01,7.217321824968223609e+00
4.070877393541012168e+01,7.920776776884326686e+00
4.072877965132894929e+01,7.742325857107445586e+00
4.074878536724779110e+01,8.408640803982459389e+00
4.076879108316661871e+01,8.648274368329706974e+00
4.078879679908545342e+01,1.053436091536437935e+01
4.080880251500428813e+01,1.066305546574208307e+01
4.082880823092312284e+01,1.099530210319539592e+01
4.084881394684195755e+01,1.309136122457637263e+01
4.086881966276079226e+01,1.297984462407537620e+01
4.088882537867962697e+01,1.408475800650165510e+01
4.090883109459845457e+01,1.483734190367684214e+01
4.092883681051729639e+01,1.589082705175607657e+01
4.094884252643612399e+01,1.613246339932432605e+01
4.096884824235495870e+01,1.793594529432873586e+01
4.098885395827379341e+01,1.855180163495762713e+01
4.100885967419262812e+01,1.957040507086084702e+01
4.102886539011146283e+01,2.055463431962588672e+01
4.104887110603029754e+01,2.032382660732600499e+01
4.106887682194913225e+01,2.043396111038896379e+01
4.108888253786795985e+01,2.066879899628522566e+01
4.110888825378680167e+01,1.961835122084340099e+01
4.112889396970562927e+01,1.939417839542288391e+01
4.114889968562447109e+01,1.869438291080439640e+01
4.116890540154329869e+01,1.738596295091094035e+01
4.118891111746213340e+01,1.725947814106927325e+01
4.120891683338096811e+01,1.576284920698376979e+01
4.122892254929980282e+01,1.469005854257738264e+01
4.124892826521863753e+01,1.338321632731389776e+01
4.126893398113746514e+01,1.177102249221068142e+01
4.128893969705630695e+01,1.139823258612324253e+01
4.130894541297513456e+01,1.032998881113957168e+01
4.132895112889397637e+01,1.005432163500323384e+01
4.134895684481280398e+01,9.222170849258166214e+00
4.136896256073163869e+01,8.378588021343976067e+00
4.138896827665047340e+01,7.409199526079582654e+00
4.140897399256930811e+01,8.206076395922755395e+00
4.142897970848814282e+01,7.677806284534756109e+00
4.144898542440697042e+01,8.350919205051486216e+00
4.146899114032581224e+01,7.943887044866653646e+00
4.148899685624463984e+01,8.183716816184031018e+00
4.150900257216348166e+01,8.953076894312781420e+00
4.152900828808230926e+01,9.578669021648027027e+00
4.154901400400114397e+01,1.011881185165426089e+01
4.156901971991997868e+01,1.069107235055880523e+01
4.158902543583881339e+01,1.204328437684880448e+01
4.160903115175764810e+01,1.224958474822370569e+01
4.162903686767647571e+01,1.343548309931299478e+01
4.164904258359531752e+01,1.371164394955646770e+01
4.166904829951414513e+01,1.504562867979445606e+01
4.168905401543298694e+01,1.548558366534619068e+01
4.170905973135181455e+01,1.658524488560936305e+01
4.172906544727064926e+01,1.731002748401918367e+01
4.174907116318948397e+01,1.755657487812474926e+01
4.176907687910831868e+01,1.883734984018007097e+01
4.178908259502715339e+01,1.896163185335240442e+01
4.180908831094598810e+01,1.872798173099795349e+01
4.182909402686482281e+01,1.827722471369986224e+01
4.184909974278365041e+01,1.913541044287797988e+01
4.186910545870249223e+01,1.836673059979655420e+01
4.188911117462131983e+01,1.755009619236330565e+01
4.190911689054015454e+01,1.777039938305922107e+01
4.192912260645898925e+01,1.604014691825627992e+01
4.194912832237782396e+01,1.559342399473027463e+01
4.196913403829665867e+01,1.406056066377128388e+01
4.198913975421549338e+01,1.199369012223386655e+01
4.200914547013432809e+01,1.170207915409554467e+01
4.202915118605316280e+01,1.042481164592387444e+01
4.204915690197199041e+01,9.025588743600136965e+00
4.206916261789082512e+01,7.248662185397139801e+00
4.208916833380965983e+01,7.562584281589435520e+00
4.210917404972849454e+01,5.792678317892485218e+00
4.212917976564732925e+01,5.106551401682736469e+00
4.214918548156616396e+01,4.967830631426206622e+00
4.216919119748499867e+01,4.609651066412084219e+00
4.218919691340383338e+01,4.043391901147728618e+00
4.220920262932266809e+01,3.621290016301245807e+00
4.222920834524150280e+01,3.627026503960360415e+00
4.224921406116033040e+01,3.371045897286879978e+00
4.226921977707916511e+01,2.912703590006974430e+00
4.228922549299799982e+01,3.351645374875555028e+00
4.230923120891683453e+01,3.697296529142784394e+00
4.232923692483566924e+01,2.910993072784976654e+00
4.234924264075450395e+01,3.342309196110798908e+00
4.236924835667333866e+01,3.048765677983192646e+00
4.238925407259217337e+01,3.180615744308473936e+00
4.240925978851100808e+01,3.327938759358523235e+00
4.242926550442983569e+01,2.830366197072252454e+00
4.244927122034867040e+01,3.757226724065143575e+00
4.246927693626750511e+01,3.320664711873197561e+00
4.248928265218633982e+01,2.995818820113827829e+00
4.250928836810517453e+01,3.683735978703742475e+00
4.252929408402400924e+01,3.333386626230296912e+00
4.254929979994284395e+01,3.315679436805496927e+00
4.256930551586167866e+01,2.935184160253903496e+00
4.258931123178051337e+01,2.962813885691731652e+00
4.260931694769934097e+01,3.201037669098474758e+00
4.262932266361817568e+01,3.877299315570168492e+00
4.264932837953701039e+01,3.779521799442742136e+00
4.266933409545584510e+01,3.138123733475679078e+00
4.268933981137467981e+01,3.326637312164183236e+00
4.270934552729351452e+01,2.807887893562677650e+00
4.272935124321234923e+01,4.203879075327221493e+00
4.274935695913118394e+01,3.815650159659058183e+00
4.276936267505001865e+01,3.457704031941404743e+00
4.278936839096885336e+01,4.169989706182837708e+00
4.280937410688768097e+01,3.291030274698040436e+00
4.282937982280651568e+01,3.669930895977365104e+00
4.284938553872535039e+01,3.708550816751696733e+00
4.286939125464418510e+01,4.331027253163896695e+00
4.288939697056301981e+01,3.672509673656486839e+00
4.290940268648185452e+01,3.476529076042666588e+00
4.292940840240068923e+01,4.008723821238938001e+00
4.294941411831952394e+01,3.878367115042277824e+00
4.296941983423835865e+01,3.802722069612865852e+00
4.298942555015718625e+01,4.144552778631949153e+00
4.300943126607602096e+01,3.552313338886455174e+00
4.302943698199485567e+01,3.697029904616931706e+00
4.304944269791369038e+01,3.157346171839793492e+00
4.306944841383252509e+01,3.157834338646830830e+00
4.308945412975135980e+01,2.969275071846994241e+00
4.310945984567019451e+01,3.690275997161484689e+00
4.312946556158902922e+01,3.400060269587172890e+00
4.314947127750786393e+01,2.886977749157198403e+00
4.316947699342669864e+01,4.382368750601862928e+00
4.318948270934552625e+01,3.758676845334299355e+00
4.320948842526436096e+01,4.045279809271238314e+00
4.322949414118319567e+01,4.356962202597799205e+00
4.324949985710203038e+01,4.284895829088659625e+00
4.326950557302086509e+01,4.494833877029994262e+00
4.328951128893969980e+01,3.433338610151718040e+00
4.330951700485853451e+01,4.493255863538206718e+00
4.332952272077736922e+01,4.224801370833377590e+00
4.334952843669620393e+01,4.464577863985900841e+00
4.336953415261503153e+01,4.264161151153787799e+00
4.338953986853386624e+01,3.567828806413080756e+00
4.340954558445270095e+01,3.743190830382648215e+00
4.342955130037153566e+01,5.206472534524575480e+00
4.344955701629037037e+01,4.220108847993947698e+00
4.346956273220920508e+01,3.660771568246610208e+00
4.348956844812803979e+01,4.040815682357358440e+00
4.350957416404687450e+01,4.320685822171072665e+00
4.352957987996570921e+01,4.659545540834276522e+00
4.354958559588453681e+01,5.069987521592805635e+00
4.356959131180337153e+01,5.399554466982905865e+00
4.358959702772220624e+01,5.305918248735872034e+00
4.360960274364104095e+01,5.545371505872267903e+00
4.362960845955987566e+01,6.059152318098758983e+00
4.364961417547871037e+01,5.558059832066098771e+00
4.366961989139754508e+01,4.797677257348108348e+00
4.368962560731637979e+01,5.493000594987068830e+00
4.370963132323521450e+01,6.863626085776957098e+00
4.372963703915404921e+01,6.353456339337414605e+00
4.374964275507287681e+01,6.874842054737887231e+00
4.376964847099171152e+01,6.327559658233718132e+00
4.378965418691054623e+01,6.987330623740498403e+00
4.380965990282938094e+01,6.855473641529679085e+00
4.382966561874821565e+01,7.284841438765027100e+00
4.384967133466705036e+01,7.672320373524263104e+00
4.386967705058588507e+01,7.211911849683196429e+00
4.388968276650471978e+01,8.061885408058213187e+00
4.390968848242355449e+01,8.189126590733302180e+00
4.392969419834238209e+01,8.513685548919603718e+00
4.394969991426121680e+01,8.977732361913554726e+00
4.396970563018005151e+01,9.370934295321157848e+00
4.398971134609888622e+01,1.014702235701301980e+01
4.400971706201772093e+01,1.046448762198768101e+01
4.402972277793655564e+01,1.104748782829823384e+01
4.404972849385539035e+01,1.130634012727013626e+01
4.406973420977422506e+01,1.125709349056912956e+01
4.408973992569305977e+01,1.227810498269497153e+01
4.410974564161189448e+01,1.356979890578775283e+01
4.412975135753072209e+01,1.356646621300661337e+01
4.414975707344955680e+01,1.458086660404174140e+01
4.416976278936839151e+01,1.546339537813378584e+01
4.418976850528722622e+01,1.692390134024924464e+01
4.420977422120606093e+01,1.739667023269960211e+01
4.422977993712489564e+01,1.830074523087155569e+01
4.424978565304373035e+01,1.984697840802495961e+01
4.426979136896256506e+01,2.025348614062910713e+01
4.428979708488139977e+01,2.186278417900127735e+01
4.430980280080022737e+01,2.366848101987383757e+01
4.432980851671906208e+01,2.524057041080372343e+01
4.434981423263789679e+01,2.660473302063302015e+01
4.436981994855673150e+01,2.854389112194804312e+01
4.438982566447556621e+01,3.042506927029196362e+01
4.440983138039440092e+01,3.202657125890443268e+01
4.442983709631323563e+01,3.431465978215648249e+01
4.444984281223207034e+01,3.620946548034036994e+01
4.446984852815090505e+01,3.839229895466571918e+01
4.448985424406973266e+01,4.094387215284633186e+01
4.450985995998856737e+01,4.311418971496151187e+01
4.452986567590740208e+01,4.480638795594485657e+01
4.454987139182623679e+01,4.780342118909253202e+01
4.456987710774507150e+01,4.907287449720942618e+01
4.458988282366390621e+01,5.063104779907182262e+01
4.460988853958274092e+01,5.356110937802186100e+01
4.462989425550157563e+01,5.530109776861025495e+01
4.464989997142041034e+01,5.623717664169859631e+01
4.466990568733924505e+01,5.787544192821931688e+01
4.468991140325807265e+01,5.842367610221948837e+01
4.470991711917690736e+01,5.867293901309472659e+01
4.472992283509574207e+01,5.932501017264642940e+01
4.474992855101457678e+01,5.949260336858629472e+01
4.476993426693341149e+01,5.894601930377727683e+01
4.478993998285224620e+01,5.923020485081029562e+01
4.480994569877108091e+01,5.829311699568141591e+01
4.482995141468991562e+01,5.787110796162295401e+01
4.484995713060875033e+01,5.749258705305229711e+01
4.486996284652757794e+01,5.615018545905072500e+01
4.488996856244641265e+01,5.595951506264989916e+01
4.490997427836524736e+01,5.428050268093592479e+01
4.492997999428408207e+01,5.333815588668656460e+01
4.494998571020291678e+01,5.326368962808930263e+01
4.496999142612175149e+01,5.167393322750248785e+01
4.498999714204058620e+01,5.059518726512692410e+01
4.501000285795942091e+01,4.966294818111217779e+01
4.503000857387825562e+01,4.852991105238021419e+01
4.505001428979709033e+01,4.715189228375642472e+01
4.507002000571591793e+01,4.754317333346313745e+01
4.509002572163475264e+01,4.617794888396823438e+01
4.511003143755358735e+01,4.470308915712267606e+01
4.513003715347242206e+01,4.373493544984876991e+01
4.515004286939125677e+01,4.275507065481612301e+01
4.517004858531009148e+01,4.280863688118366639e+01
4.519005430122892619e+01,4.151117807153061534e+01
4.521006001714776090e+01,4.051271925660386586e+01
4.523006573306659561e+01,4.064596525875855804e+01
4.525007144898542322e+01,3.968619049503327290e+01
4.527007716490425793e+01,3.832254009818656471e+01
4.529008288082309264e+01,3.839594633386467137e+01
4.531008859674192735e+01,3.684913888902719492e+01
4.533009431266076206e+01,3.654110525009771493e+01
4.535010002857959677e+01,3.544100436935976006e+01
4.537010574449843148e+01,3.604963860870432768e+01
4.539011146041726619e+01,3.491844200224315387e+01
4.541011717633610090e+01,3.465963305575107256e+01
4.543012289225492850e+01,3.248458964095225809e+01
4.545012860817376321e+01,3.159278003221607634e+01
4.547013432409259792e+01,3.090143195109405028e+01
4.549014004001143263e+01,2.972832420852347113e+01
4.551014575593026734e+01,2.846398100814833754e+01
4.553015147184910205e+01,2.732189623890880270e+01
4.555015718776793676e+01,2.513574106877942071e+01
4.557016290368677147e+01,2.409319299892632671e+01
4.559016861960560618e+01,2.208601871447908849e+01
4.561017433552444089e+01,2.046117082930823727e+01
4.563018005144326850e+01,1.901578147652681494e+01
4.565018576736210321e+01,1.710604677337790491e+01
4.567019148328093792e+01,1.646092827653556157e+01
4.569019719919977263e+01,1.547136684729965239e+01
4.571020291511860734e+01,1.329111029685659418e+01
4.573020863103744205e+01,1.292462208455373585e+01
4.575021434695627676e+01,1.156660067308528461e+01
4.577022006287511147e+01,1.149104243287750116e+01
4.579022577879394618e+01,1.135433146660913195e+01
4.581023149471277378e+01,9.198168739698726171e+00
4.583023721063160849e+01,9.327461584691780772e+00
4.585024292655044320e+01,8.786238276227578581e+00
4.587024864246927791e+01,7.924855057262869984e+00
4.589025435838811262e+01,8.593276937339604515e+00
4.591026007430694733e+01,7.818781366956791601e+00
4.593026579022578204e+01,8.186620801349345555e+00
4.595027150614461675e+01,7.760650877226348499e+00
4.597027722206345146e+01,6.823785524541957415e+00
4.599028293798228617e+01,6.968773398441611810e+00
4.601028865390111378e+01,6.387875984958986564e+00
4.603029436981994849e+01,5.913980293075376871e+00
4.605030008573878320e+01,6.006420367170903774e+00
4.607030580165761791e+01,5.781649163042743567e+00
4.609031151757645262e+01,5.348663423978570641e+00
4.611031723349528733e+01,5.921113688878614667e+00
4.613032294941412204e+01,5.440069235469537468e+00
4.615032866533295675e+01,5.328392852638900834e+00
4.617033438125179146e+01,5.215019217958426268e+00
4.619034009717061906e+01,5.014514626194126024e+00
4.621034581308945377e+01,5.509212732240623467e+00
4.623035152900828848e+01,5.052905430376564588e+00
4.625035724492712319e+01,5.701666709696082691e+00
4.627036296084595790e+01,4.900215486597375047e+00
4.629036867676479261e+01,5.292823002096991303e+00
4.631037439268362732e+01,4.370960400070523555e+00
4.633038010860246203e+01,5.326651732390184080e+00
4.635038582452129674e+01,4.914759105469387990e+00
4.637039154044012434e+01,5.001698988096043408e+00
4.639039725635895905e+01,4.551645308689405311e+00
4.641040297227779376e+01,4.065002503198313022e+00
4.643040868819662847e+01,4.481688395807892356e+00
4.645041440411546319e+01,4.479258116714182947e+00
4.647042012003429790e+01,4.360132241498049233e+00
4.649042583595313261e+01,3.614047179577539293e+00
4.651043155187196732e+01,4.333279173910445259e+00
4.653043726779080203e+01,3.328259249608421566e+00
4.655044298370963674e+01,3.885402524430153992e+00
4.657044869962846434e+01,3.767703572361011499e+00
4.659045441554729905e+01,3.957486638641870336e+00
4.661046013146613376e+01,3.218744672552286357e+00
4.663046584738496847e+01,3.048416898281623766e+00
4.665047156330380318e+01,3.377321121062396347e+00
4.667047727922263789e+01,3.568831054562892735e+00
4.669048299514147260e+01,4.297618748152676638e+00
4.671048871106030731e+01,3.677802690545226127e+00
4.673049442697914202e+01,4.017598689306715265e+00
4.675050014289796962e+01,3.201732622420458974e+00
4.677050585881680433e+01,3.934306995999950374e+00
4.679051157473563904e+01,3.127984257975461091e+00
4.681051729065447375e+01,3.254088316144720494e+00
4.683052300657330846e+01,2.967982585529626238e+00
4.685052872249214317e+01,3.436573812117719395e+00
4.687053443841097788e+01,3.062210684980721354e+00
4.689054015432981259e+01,3.073506704618934382e+00
4.691054587024864730e+01,2.899669093383480334e+00
4.693055158616748201e+01,3.773914106132957080e+00
4.695055730208630962e+01,3.041545184159146320e+00
4.697056301800514433e+01,3.532193218896302334e+00
4.699056873392397904e+01,2.795972672658914249e+00
4.701057444984281375e+01,3.844570976985902888e+00
4.703058016576164846e+01,3.126880363127193085e+00
4.705058588168048317e+01,3.097729113954945657e+00
4.707059159759931788e+01,3.125094321347183790e+00
4.709059731351815259e+01,2.632495557543396814e+00
4.711060302943698730e+01,3.127267123277268190e+00
4.713060874535581490e+01,3.690988251769648620e+00
4.715061446127464961e+01,2.526375208202321865e+00
4.717062017719348432e+01,3.310500064823938438e+00
4.719062589311231903e+01,2.144012784881359046e+00
4.721063160903115374e+01,3.078522155642190672e+00
4.723063732494998845e+01,2.578053217621486759e+00
4.725064304086882316e+01,2.669093977405428308e+00
4.727064875678765787e+01,3.084670459341458670e+00
4.729065447270649258e+01,2.691141646639384710e+00
4.731066018862532019e+01,2.441293320932941491e+00
4.733066590454415490e+01,2.188940949487941268e+00
4.735067162046298961e+01,2.385913045936471022e+00
4.737067733638182432e+01,3.316836532518370628e+00
4.739068305230065903e+01,2.283926902430604144e+00
4.741068876821949374e+01,2.888445626013086631e+00
4.743069448413832845e+01,2.785851210875737394e+00
4.745070020005716316e+01,1.726467624104001564e+00
4.747070591597599787e+01,2.385424305848946602e+00
4.749071163189483258e+01,2.422584165764270381e+00
4.751071734781366018e+01,2.848107919171726898e+00
4.753072306373249489e+01,2.988406259279174471e+00
4.755072877965132960e+01,2.400048680215029595e+00
4.757073449557016431e+01,3.020596534435195935e+00
4.759074021148899902e+01,2.917950444956955103e+00
4.761074592740783373e+01,1.884677777884483874e+00
4.763075164332666844e+01,1.787098374318160321e+00
4.765075735924550315e+01,1.968914186745656991e+00
4.767076307516433786e+01,2.587340439917675372e+00
4.769076879108316547e+01,2.394493313949002555e+00
4.771077450700200018e+01,2.653752876537900374e+00
4.773078022292083489e+01,2.011196287768564517e+00
4.775078593883966960e+01,1.608862736564379947e+00
4.777079165475850431e+01,1.586946631378088668e+00
4.779079737067733902e+01,2.358967127035213274e+00
4.781080308659617373e+01,2.047152021760059171e+00
4.783080880251500844e+01,1.791027069200848310e+00
4.785081451843384315e+01,2.421243174228824291e+00
4.787082023435267075e+01,1.789373330816703245e+00
4.789082595027150546e+01,1.851855072576840788e+00
4.791083166619034017e+01,2.692287663794478814e+00
4.793083738210917488e+01,1.463397624578512524e+00
4.795084309802800959e+01,2.506922009271871588e+00
4.797084881394684430e+01,2.043070297219902187e+00
4.799085452986567901e+01,1.670412933552804624e+00
4.801086024578451372e+01,1.428300547954293620e+00
4.803086596170334843e+01,1.659201881635019804e+00
4.805087167762218314e+01,2.359155280456907366e+00
4.807087739354101075e+01,1.779081836585075571e+00
4.809088310945984546e+01,1.848635375482786003e+00
4.811088882537868017e+01,2.364193301240393730e+00
4.813089454129751488e+01,2.097256410876508603e+00
4.815090025721634959e+01,2.472283240406309535e+00
4.817090597313518430e+01,2.191464994023634372e+00
4.819091168905401901e+01,2.111968448436091883e+00
4.821091740497285372e+01,2.246996590526638471e+00
4.823092312089168843e+01,2.803192479884867083e+00
4.825092883681051603e+01,2.001689487520447841e+00
4.827093455272935074e+01,1.791059404100482810e+00
4.829094026864818545e+01,2.138307523245442265e+00
4.831094598456702016e+01,1.848903459339994004e+00
4.833095170048585487e+01,2.441337769625532950e+00
4.835095741640468958e+01,2.353183124171486895e+00
4.837096313232352429e+01,2.757979573330601397e+00
4.839096884824235900e+01,2.277301816685488145e+00
4.841097456416119371e+01,3.288499067862973746e+00
4.843098028008002842e+01,2.886911873006170026e+00
4.845098599599885603e+01,2.080116511194483486e+00
4.847099171191769074e+01,2.498703320883499224e+00
4.849099742783652545e+01,2.506916924559239757e+00
4.851100314375536016e+01,2.715430301348606523e+00
4.853100885967419487e+01,3.502138537870961521e+00
4.855101457559302958e+01,3.170741826456860757e+00
4.857102029151186429e+01,4.028159578158437171e+00
4.859102600743069900e+01,4.463610100797966496e+00
4.861103172334953371e+01,4.485058343237303013e+00
4.863103743926836131e+01,4.411174478915052433e+00
4.865104315518719602e+01,6.155333669011912257e+00
4.867104887110603073e+01,7.016815989161849565e+00
4.869105458702486544e+01,6.364810975120043679e+00
4.871106030294370015e+01,7.045199037477622994e+00
4.873106601886253486e+01,8.894901251241083884e+00
4.875107173478136957e+01,9.132456344531503234e+00
4.877107745070020428e+01,9.891341414112892139e+00
4.879108316661903899e+01,1.137066724307911336e+01
4.881108888253786660e+01,1.228617594435545790e+01
4.883109459845670131e+01,1.332982687447340986e+01
4.885110031437553602e+01,1.459139326925526703e+01
4.887110603029437073e+01,1.485703437615574884e+01
4.889111174621320544e+01,1.649880242047070311e+01
4.891111746213204015e+01,1.636546230255437351e+01
4.893112317805087486e+01,1.717245595698773997e+01
4.895112889396970957e+01,1.741891612377358101e+01
4.897113460988854428e+01,1.743625183555826652e+01
4.899114032580737899e+01,1.695316016574078333e+01
4.901114604172620659e+01,1.648796727556277730e+01
4.903115175764504130e+01,1.631029893653973062e+01
4.905115747356387601e+01,1.543125160250099981e+01
4.907116318948271072e+01,1.452295244537265617e+01
4.909116890540154543e+01,1.332463646218881159e+01
4.911117462132038014e+01,1.219389241445464478e+01
4.913118033723921485e+01,1.014218859022927077e+01
4.915118605315804956e+01,9.612648393541242342e+00
4.917119176907688427e+01,9.379301616228381988e+00
4.919119748499571187e+01,8.480372949184221909e+00
4.921120320091454658e+01,7.086648400184836660e+00
4.923120891683338129e+01,5.956160198466815103e+00
4.925121463275221600e+01,5.348978117590069914e+00
4.927122034867105071e+01,4.195581227554514570e+00
4.929122606458988542e+01,3.471120843124625654e+00
4.931123178050872014e+01,3.869720097365730638e+00
4.933123749642755485e+01,3.456377275671733695e+00
4.935124321234638956e+01,3.076266456022386464e+00
4.937124892826522427e+01,3.542586740238650833e+00
4.939125464418405187e+01,2.281421462265760702e+00
4.941126036010288658e+01,1.977432961877455542e+00
4.943126607602172129e+01,2.949365449765593450e+00
4.945127179194055600e+01,2.644040679171134389e+00
4.947127750785939071e+01,2.487373706214792701e+00
4.949128322377822542e+01,2.997645122844027732e+00
4.951128893969706013e+01,2.434662465831266331e+00
4.953129465561589484e+01,1.723109228184204422e+00
4.955130037153472955e+01,2.162699468629567967e+00
4.957130608745355715e+01,2.165233829286898892e+00
4.959131180337239186e+01,2.380449796338130142e+00
4.961131751929122657e+01,2.190184826736472079e+00
4.963132323521006128e+01,1.867686142203479172e+00
4.965132895112889599e+01,1.934873839564855480e+00
4.967133466704773070e+01,2.149805991731451815e+00
4.969134038296656541e+01,1.568936619953228861e+00
4.971134609888540012e+01,2.580024906892893988e+00
4.973135181480423483e+01,2.709943429294670025e+00
4.975135753072306244e+01,1.861176487345892250e+00
4.977136324664189715e+01,1.974495997919165413e+00
4.979136896256073186e+01,2.294019890170107878e+00
4.981137467847956657e+01,2.664876911947458460e+00
4.983138039439840128e+01,2.093567610738676699e+00
4.985138611031723599e+01,2.366300072529953447e+00
4.987139182623607070e+01,2.307144401754220642e+00
4.989139754215490541e+01,2.728100951911172523e+00
4.991140325807374012e+01,2.764470207633017207e+00
4.993140897399257483e+01,2.979474519620889605e+00
4.995141468991140243e+01,2.162769260943501415e+00
4.997142040583023714e+01,2.144897829658560351e+00
4.999142612174907185e+01,1.782557518852003975e+00
5.001143183766790656e+01,2.416494136020696182e+00
5.003143755358674127e+01,2.587859941735239921e+00
5.005144326950557598e+01,2.173528100908755256e+00
5.007144898542441069e+01,2.973551310105416068e+00
5.009145470134324540e+01,3.467724226934824294e+00
5.011146041726208011e+01,3.119834107423785419e+00
5.013146613318090772e+01,2.789485824141745063e+00
5.015147184909974243e+01,3.520960775432489420e+00
5.017147756501857714e+01,3.496701485875274962e+00
5.019148328093741185e+01,2.999120706355674404e+00
5.021148899685624656e+01,3.452760879563667729e+00
5.023149471277508127e+01,3.245900014246093868e+00
5.025150042869391598e+01,3.354527596375893594e+00
5.027150614461275069e+01,3.987940202389834710e+00
5.029151186053158540e+01,3.986795962697711193e+00
5.031151757645042011e+01,3.734880707678549072e+00
5.033152329236924771e+01,4.572377237755409496e+00
5.035152900828808242e+01,5.239550080292596057e+00
5.037153472420691713e+01,4.466996284123297301e+00
5.039154044012575184e+01,4.689661784972230407e+00
5.041154615604458655e+01,5.198024527719688592e+00
5.043155187196342126e+01,5.023142326689148618e+00
5.045155758788225597e+01,5.778397839085466892e+00
5.047156330380109068e+01,5.481655819508455707e+00
5.049156901971992539e+01,5.177071875227060360e+00
5.051157473563875300e+01,5.462132552169595812e+00
5.053158045155758771e+01,5.043032891441279197e+00
5.055158616747642242e+01,4.380007333533110447e+00
5.057159188339525713e+01,3.821729821887685397e+00
5.059159759931409184e+01,4.507211273748520597e+00
5.061160331523292655e+01,4.643782563087537341e+00
5.063160903115176126e+01,3.064377266710942571e+00
5.065161474707059597e+01,3.236938259341175073e+00
5.067162046298943068e+01,4.138505375198965552e+00
5.069162617890825828e+01,2.928443746047774354e+00
5.071163189482709299e+01,3.659051816756942799e+00
5.073163761074592770e+01,3.229317585034816140e+00
5.075164332666476241e+01,2.294630188632646117e+00
5.077164904258359712e+01,3.085642891364090090e+00
5.079165475850243183e+01,2.686779755481006227e+00
5.081166047442126654e+01,3.149191620971913075e+00
5.083166619034010125e+01,2.653773612898827849e+00
5.085167190625893596e+01,2.293189692001865509e+00
5.087167762217777067e+01,2.549903873514602903e+00
5.089168333809659828e+01,2.473599372590655765e+00
5.091168905401543299e+01,2.840049889927434457e+00
5.093169476993426770e+01,2.208391963553281379e+00
5.095170048585310241e+01,2.895275231137907745e+00
5.097170620177193712e+01,2.688823460499275342e+00
5.099171191769077183e+01,2.927196845389659074e+00
5.101171763360960654e+01,2.382275439310502119e+00
5.103172334952844125e+01,2.423398392915007360e+00
5.105172906544727596e+01,2.570228230808780268e+00
5.107173478136610356e+01,2.172017239496415009e+00
5.109174049728493827e+01,2.081236168828585420e+00
5.111174621320377298e+01,2.129247032332766576e+00
5.113175192912260769e+01,3.049346506018090874e+00
5.115175764504144240e+01,2.750150533037546641e+00
5.117176336096027711e+01,2.749522412286638406e+00
5.119176907687911182e+01,1.902022289470040484e+00
5.121177479279794653e+01,2.495175148985830482e+00
5.123178050871678124e+01,2.688414681087383684e+00
5.125178622463561595e+01,2.740378244823528320e+00
5.127179194055444356e+01,2.083770165411896080e+00
5.129179765647327827e+01,2.188810493826104597e+00
5.131180337239211298e+01,3.136094396713201782e+00
5.133180908831094769e+01,2.166752224661077975e+00
5.135181480422978240e+01,2.688768050165722734e+00
5.137182052014861711e+01,2.891551441265850730e+00
5.139182623606745182e+01,2.828941591161894031e+00
5.141183195198628653e+01,3.697500157170221513e+00
5.143183766790512124e+01,3.393600011074455303e+00
5.145184338382394884e+01,3.512059362197165857e+00
5.147184909974278355e+01,3.887930298554663544e+00
5.149185481566161826e+01,4.337925042516782348e+00
5.151186053158045297e+01,3.670271302038951688e+00
5.153186624749928768e+01,3.693218449561573635e+00
5.155187196341812239e+01,3.471104002719050285e+00
5.157187767933695710e+01,4.573593156767410406e+00
5.159188339525579181e+01,3.899095654077627593e+00
5.161188911117462652e+01,3.942754568107110558e+00
5.163189482709345413e+01,5.145779339329962454e+00
5.165190054301228884e+01,5.037567446188598197e+00
5.167190625893112355e+01,5.445242448150871439e+00
5.169191197484995826e+01,6.054240599937077860e+00
5.171191769076879297e+01,7.472702452282169006e+00
5.173192340668762768e+01,7.508052547047959990e+00
5.175192912260646239e+01,8.297022389646354412e+00
5.177193483852529710e+01,8.814991431107465303e+00
5.179194055444413181e+01,1.029324760880993850e+01
5.181194627036296652e+01,1.106510411334488708e+01
5.183195198628179412e+01,1.168591708758251002e+01
5.185195770220062883e+01,1.403549122676420424e+01
5.187196341811946354e+01,1.533609667363612417e+01
5.189196913403829825e+01,1.684978518738287434e+01
5.191197484995713296e+01,1.907659665828704121e+01
5.193198056587596767e+01,2.116773715275559198e+01
5.195198628179480238e+01,2.311515462161231227e+01
5.197199199771363709e+01,2.674663601714105354e+01
5.199199771363247180e+01,2.868895685237031401e+01
5.201200342955129940e+01,3.028145860546784007e+01
5.203200914547013411e+01,3.361177686779076623e+01
5.205201486138896882e+01,3.506665555948710988e+01
5.207202057730780353e+01,3.753799169895364685e+01
5.209202629322663824e+01,3.889892144960208498e+01
5.211203200914547295e+01,3.986910824920463625e+01
5.213203772506430766e+01,4.027615634590986105e+01
5.215204344098314237e+01,4.019951356416430599e+01
5.217204915690197708e+01,4.015978560546945175e+01
5.219205487282081180e+01,3.874757077448231257e+01
5.221206058873963940e+01,3.810330064906251124e+01
5.223206630465847411e+01,3.676605618549066889e+01
5.225207202057730882e+01,3.392715493179511554e+01
5.227207773649614353e+01,3.228205702359007034e+01
5.229208345241497824e+01,2.949096018314667589e+01
5.231208916833381295e+01,2.680051872262083634e+01
5.233209488425264766e+01,2.456106558884216184e+01
5.235210060017148237e+01,2.313759953300064609e+01
5.237210631609031708e+01,2.059312883439669406e+01
5.239211203200914468e+01,2.028504301796426290e+01
5.241211774792797939e+01,1.926126826935950120e+01
5.243212346384681410e+01,1.757544162407852895e+01
5.245212917976564881e+01,1.734966028233720081e+01
5.247213489568448352e+01,1.683220124531381146e+01
5.249214061160331823e+01,1.671749010379795308e+01
5.251214632752215294e+01,1.747677530169226401e+01
5.253215204344098765e+01,1.725694370862497351e+01
5.255215775935982236e+01,1.780555215342127084e+01
5.257216347527864997e+01,1.810686795739977129e+01
5.259216919119748468e+01,1.878561291690282431e+01
5.261217490711631939e+01,2.040115805612790467e+01
5.263218062303515410e+01,2.089982698692158181e+01
5.265218633895398881e+01,2.072351173260729951e+01
5.267219205487282352e+01,2.236812169628956681e+01
5.269219777079165823e+01,2.355766307858730713e+01
5.271220348671049294e+01,2.398648627381710696e+01
5.273220920262932765e+01,2.483479576924881371e+01
5.275221491854816236e+01,2.572134132761207326e+01
5.277222063446698996e+01,2.671461314609132387e+01
5.279222635038582467e+01,2.706371218428068914e+01
5.281223206630465938e+01,2.734056584799025558e+01
5.283223778222349409e+01,2.735344859134384166e+01
5.285224349814232880e+01,2.877040487512917366e+01
5.287224921406116351e+01,2.876613740249158013e+01
5.289225492997999822e+01,2.839413527096066758e+01
5.291226064589883293e+01,2.882728864016482362e+01
5.293226636181766764e+01,2.898443798049638787e+01
5.295227207773649525e+01,2.798148016429603047e+01
5.297227779365532996e+01,2.878938170159061372e+01
5.299228350957416467e+01,2.928313512305640032e+01
5.301228922549299938e+01,2.911936557494827582e+01
5.303229494141183409e+01,2.878161075068829788e+01
5.305230065733066880e+01,2.803145952346971725e+01
5.307230637324950351e+01,2.797358082402794821e+01
5.309231208916833822e+01,2.768118197903849875e+01
5.311231780508717293e+01,2.695211190592776163e+01
5.313232352100600764e+01,2.640280113580017129e+01
5.315232923692483524e+01,2.678385618652186295e+01
5.317233495284366995e+01,2.607428727642223976e+01
5.319234066876250466e+01,2.531061356213108482e+01
5.321234638468133937e+01,2.551954657034229612e+01
5.323235210060017408e+01,2.419693786938896451e+01
5.325235781651900879e+01,2.419909220465858368e+01
5.327236353243784350e+01,2.363558275937259268e+01
5.329236924835667821e+01,2.380706837450387070e+01
5.331237496427551292e+01,2.355311219341461992e+01
5.333238068019434053e+01,2.297955738990058094e+01
5.335238639611317524e+01,2.285117171200543140e+01
5.337239211203200995e+01,2.201935630049988646e+01
5.339239782795084466e+01,2.145754674128453487e+01
5.341240354386967937e+01,2.246084481969991842e+01
5.343240925978851408e+01,2.205152987749742621e+01
5.345241497570734879e+01,2.242546907401216316e+01
5.347242069162618350e+01,2.190073916197720649e+01
5.349242640754501821e+01,2.260955042388804159e+01
5.351243212346384581e+01,2.244504647993846191e+01
5.353243783938268052e+01,2.356456116144500967e+01
5.355244355530151523e+01,2.325292455250555435e+01
5.357244927122034994e+01,2.359603824555146190e+01
5.359245498713918465e+01,2.477139789253946134e+01
5.361246070305801936e+01,2.473516094263055010e+01
5.363246641897685407e+01,2.526280892001147649e+01
5.365247213489568878e+01,2.614233726652215140e+01
5.367247785081452349e+01,2.575908148977733703e+01
5.369248356673335820e+01,2.723228807762480841e+01
5.371248928265218581e+01,2.648516238732491956e+01
5.373249499857102052e+01,2.611727428728514511e+01
5.375250071448985523e+01,2.561715462133648913e+01
5.377250643040868994e+01,2.527921927553478909e+01
5.379251214632752465e+01,2.424531519764178711e+01
5.381251786224635936e+01,2.293934598503800260e+01
5.383252357816519407e+01,2.173797932750737516e+01
5.385252929408402878e+01,2.051313725560738277e+01
5.387253501000286349e+01,1.904382367655751196e+01
5.389254072592169109e+01,1.731061010364313546e+01
5.391254644184052580e+01,1.613257126079053094e+01
5.393255215775936051e+01,1.530180511020166101e+01
5.395255787367819522e+01,1.358287491916503242e+01
5.397256358959702993e+01,1.278100212234641830e+01
5.399256930551586464e+01,1.193905280240499067e+01
5.401257502143469935e+01,1.123974822140663221e+01
5.403258073735353406e+01,1.043188113718143306e+01
5.405258645327236877e+01,9.548322858477613195e+00
5.407259216919120348e+01,9.071182192213242956e+00
5.409259788511003109e+01,9.021027848193194032e+00
5.411260360102886580e+01,8.387481423256160085e+00
5.413260931694770051e+01,8.121535882446368149e+00
5.415261503286653522e+01,7.170091746740055783e+00
5.417262074878536993e+01,7.587962481784160218e+00
5.419262646470420464e+01,7.380397296752386538e+00
5.421263218062303935e+01,7.111444933888286357e+00
5.423263789654187406e+01,6.946740164371597359e+00
5.425264361246070877e+01,7.028540426902005755e+00
5.427264932837953637e+01,6.729149431702091455e+00
5.429265504429837108e+01,6.168239879054718600e+00
5.431266076021720579e+01,7.482235394924833471e+00
5.433266647613604050e+01,7.362408672614275673e+00
5.435267219205487521e+01,7.711735847735428528e+00
5.437267790797370992e+01,7.953694302394374027e+00
5.439268362389254463e+01,7.466485754562897981e+00
5.441268933981137934e+01,6.951847309974055200e+00
5.443269505573021405e+01,8.003478843843904400e+00
5.445270077164904166e+01,7.248508957814252085e+00
5.447270648756787637e+01,7.366248287966485009e+00
5.449271220348671108e+01,7.627999953754823537e+00
5.451271791940554579e+01,7.236133873179024789e+00
5.453272363532438050e+01,7.155511599730407291e+00
5.455272935124321521e+01,7.823463207776480743e+00
5.457273506716204992e+01,7.977163051975278307e+00
5.459274078308088463e+01,8.240706291129626493e+00
5.461274649899971934e+01,8.247929012935408366e+00
5.463275221491855405e+01,7.885108181172053143e+00
5.465275793083738165e+01,8.434198134439842676e+00
5.467276364675621636e+01,7.787398149101741218e+00
5.469276936267505107e+01,8.850223422085388592e+00
5.471277507859388578e+01,7.816950049008614343e+00
5.473278079451272049e+01,8.470560588593187390e+00
5.475278651043155520e+01,7.906240777262158126e+00
5.477279222635038991e+01,8.114320502614692288e+00
5.479279794226922462e+01,7.822042132638632239e+00
5.481280365818805933e+01,8.622890977811172419e+00
5.483280937410688693e+01,7.994090385359911899e+00
5.485281509002572164e+01,8.837991463622344668e+00
5.487282080594455635e+01,8.366522415213472286e+00
5.489282652186339106e+01,7.673760503419252643e+00
5.491283223778222577e+01,7.358114951097495471e+00
5.493283795370106048e+01,6.920585607366557035e+00
5.495284366961989519e+01,8.179929517751634904e+00
5.497284938553872990e+01,7.260077726413651789e+00
5.499285510145756461e+01,6.917474439576302814e+00
5.501286081737639222e+01,6.670345539151909975e+00
5.503286653329522693e+01,6.104124486271818917e+00
5.505287224921406164e+01,6.852769165954267550e+00
5.507287796513289635e+01,6.006639541360486056e+00
5.509288368105173106e+01,6.171206876486003523e+00
5.511288939697056577e+01,5.308607691499038772e+00
5.513289511288940048e+01,5.373429405724387209e+00
5.515290082880823519e+01,5.351940320748750146e+00
5.517290654472706990e+01,4.878528753533846185e+00
5.519291226064590461e+01,5.478909248975424084e+00
5.521291797656473221e+01,5.358515013737910060e+00
5.523292369248356692e+01,4.949939135220668973e+00
5.525292940840240163e+01,4.884930509685149858e+00
5.527293512432123634e+01,4.118968792326864303e+00
5.529294084024007105e+01,4.412058097095491682e+00
5.531294655615890576e+01,4.107218051159848393e+00
5.533295227207774047e+01,4.936097949370081395e+00
5.535295798799657518e+01,4.172251987579438826e+00
5.537296370391540989e+01,3.598067663999684029e+00
5.539296941983423750e+01,4.023134244886415800e+00
5.541297513575307221e+01,4.663460545888114872e+00
5.543298085167190692e+01,4.067773053040266262e+00
5.545298656759074163e+01,4.093331985901356163e+00
5.547299228350957634e+01,4.461009992476755670e+00
5.549299799942841105e+01,3.945308975558315723e+00
5.551300371534724576e+01,4.324103983142432384e+00
5.553300943126608047e+01,2.949646878757253621e+00
5.555301514718491518e+01,3.677669758695287783e+00
5.557302086310374989e+01,3.382462659337639455e+00
5.559302657902257749e+01,3.375024886487034692e+00
5.561303229494141220e+01,3.379866923048561844e+00
5.563303801086024691e+01,2.879603230582195472e+00
5.565304372677908162e+01,4.148916963909329070e+00
5.567304944269791633e+01,2.905217918821395351e+00
5.569305515861675104e+01,3.123737064365796012e+00
5.571306087453558575e+01,2.917197376897734173e+00
5.573306659045442046e+01,3.138580323190231613e+00
5.575307230637325517e+01,3.499622829487969877e+00
5.577307802229208278e+01,3.511505222923202219e+00
5.579308373821091749e+01,3.063454693472699386e+00
5.581308945412975220e+01,3.912638620073646489e+00
5.583309517004858691e+01,2.869400998047722418e+00
5.585310088596742162e+01,2.917246935840489996e+00
5.587310660188625633e+01,3.530255831682205692e+00
5.589311231780509104e+01,2.599874635438019777e+00
5.591311803372392575e+01,2.638021275059253767e+00
5.593312374964276046e+01,4.036533502637972504e+00
5.595312946556158806e+01,3.189668386446412818e+00
5.597313518148042277e+01,3.865474436825606652e+00
5.599314089739925748e+01,4.072589565135203316e+00
5.601314661331809219e+01,4.422299656897621389e+00
5.603315232923692690e+01,3.716979490310110101e+00
5.605315804515576161e+01,3.902275911454101909e+00
5.607316376107459632e+01,4.354829199755366531e+00
5.609316947699343103e+01,4.439418427190751970e+00
5.611317519291226574e+01,4.145146597079705231e+00
5.613318090883110045e+01,4.309990969926532856e+00
5.615318662474992806e+01,4.260227093079237193e+00
5.617319234066876277e+01,4.979799437934890882e+00
5.619319805658759748e+01,5.579653124230773642e+00
5.621320377250643219e+01,6.207698328699338575e+00
5.623320948842526690e+01,5.922658864384624522e+00
5.625321520434410161e+01,6.216242455895326202e+00
5.627322092026293632e+01,7.407580909004542136e+00
5.629322663618177103e+01,7.528959503501913453e+00
5.631323235210060574e+01,7.639185414614020786e+00
5.633323806801943334e+01,8.737648533632571102e+00
5.635324378393826805e+01,9.373655385617272628e+00
5.637324949985710276e+01,1.046234266772211008e+01
5.639325521577593747e+01,9.986090585008188469e+00
5.641326093169477218e+01,1.045364275638269902e+01
5.643326664761360689e+01,1.189927290185634945e+01
5.645327236353244160e+01,1.185447582856936855e+01
5.647327807945127631e+01,1.226341060406775973e+01
5.649328379537011102e+01,1.351627034068886957e+01
5.651328951128894573e+01,1.292145655253596814e+01
5.653329522720777334e+01,1.258663005154739523e+01
5.655330094312660805e+01,1.291876709393201139e+01
5.657330665904544276e+01,1.210912419595270428e+01
5.659331237496427747e+01,1.189142771756012529e+01
5.661331809088311218e+01,1.166577437475431189e+01
5.663332380680194689e+01,1.043777698497422257e+01
5.665332952272078160e+01,9.262916788219717645e+00
5.667333523863961631e+01,8.598784302530592782e+00
5.669334095455845102e+01,8.097517686800605574e+00
5.671334667047727862e+01,7.142463521271275262e+00
5.673335238639611333e+01,6.507576038783663641e+00
5.675335810231494804e+01,6.448132806963135621e+00
5.677336381823378275e+01,6.046022272435511269e+00
5.679336953415261746e+01,4.752751645644035960e+00
5.681337525007145217e+01,5.057535222229760485e+00
5.683338096599028688e+01,3.991610614498617426e+00
5.685338668190912159e+01,4.523704193697276388e+00
5.687339239782795630e+01,3.668073512586718987e+00
5.689339811374678391e+01,4.063229822579437212e+00
5.691340382966561862e+01,3.141563176772008692e+00
5.693340954558445333e+01,3.806919711432003695e+00
5.695341526150328804e+01,3.683868740741367276e+00
5.697342097742212275e+01,3.638524255971461230e+00
5.699342669334095746e+01,3.925443931293183031e+00
5.701343240925979217e+01,3.297545724167590286e+00
5.703343812517862688e+01,2.585390458657136570e+00
5.705344384109746159e+01,3.592625003912213622e+00
5.707344955701629630e+01,2.784101035863437712e+00
5.709345527293512390e+01,3.495221569312609411e+00
5.711346098885395861e+01,2.643604938244728864e+00
5.713346670477279332e+01,2.819475808098078851e+00
5.715347242069162803e+01,2.693556009988006039e+00
5.717347813661046274e+01,3.131979470716419023e+00
5.719348385252929745e+01,3.000113198625193434e+00
5.721348956844813216e+01,2.684213149206724491e+00
5.723349528436696687e+01,2.112128332319687551e+00
5.725350100028580158e+01,2.515741524323503064e+00
5.727350671620462919e+01,2.573880165080119298e+00
5.729351243212346390e+01,2.725809654806010229e+00
5.731351814804229861e+01,2.550322297839818120e+00
5.733352386396113332e+01,2.639156837288807456e+00
5.735352957987996803e+01,3.271165693289288967e+00
5.737353529579880274e+01,2.287039373239839968e+00
5.739354101171763745e+01,1.726805520109690351e+00
5.741354672763647216e+01,3.220730717592826142e+00
5.743355244355530687e+01,2.144059972403948411e+00
5.745355815947414158e+01,1.893334005127435216e+00
5.747356387539296918e+01,1.979297649639524703e+00
5.749356959131180389e+01,2.424874498088291475e+00
5.751357530723063860e+01,2.318688024295636918e+00
5.753358102314947331e+01,2.756941370756949894e+00
5.755358673906830802e+01,1.188591408497950308e+00
5.757359245498714273e+01,1.929367029458795901e+00
5.759359817090597744e+01,1.712145802629094771e+00
5.761360388682481215e+01,2.040383485227223126e+00
5.763360960274364686e+01,2.318237889042030098e+00
5.765361531866247446e+01,2.306206787986302853e+00
5.767362103458130917e+01,1.652097287221884203e+00
5.769362675050014388e+01,2.644588290090375882e+00
5.771363246641897859e+01,2.229469449238915324e+00
5.773363818233781330e+01,1.569474034587420519e+00
5.775364389825664801e+01,2.228415465213180013e+00
5.777364961417548272e+01,1.973359102309132140e+00
5.779365533009431743e+01,1.527564314573906845e+00
5.781366104601315214e+01,1.482315235621977978e+00
5.783366676193197975e+01,1.532982983241117036e+00
5.785367247785081446e+01,1.516842928942970348e+00
5.787367819376964917e+01,1.405175017037689766e+00
5.789368390968848388e+01,2.170543861639648853e+00
5.791368962560731859e+01,1.659288244519923516e+00
5.793369534152615330e+01,1.656005004296412064e+00
5.795370105744498801e+01,1.579367925045855214e+00
5.797370677336382272e+01,2.259366246453318183e+00
5.799371248928265743e+01,1.499272271607861251e+00
5.801371820520149214e+01,1.297316021037403289e+00
5.803372392112031974e+01,1.534981860301644296e+00
5.805372963703915445e+01,1.440723817468224865e+00
5.807373535295798916e+01,1.336974179133390006e+00
5.809374106887682387e+01,9.004920932663509348e-01
5.811374678479565858e+01,1.527336756273725449e+00
5.813375250071449329e+01,1.818545033743572237e+00
5.815375821663332800e+01,1.344577956289227272e+00
5.817376393255216271e+01,1.258056939202113256e+00
5.819376964847099742e+01,1.361910988074553686e+00
5.821377536438982503e+01,2.032597554031273734e+00
5.823378108030865974e+01,2.145959922209756510e+00
5.825378679622749445e+01,1.662340766474204035e+00
5.827379251214632916e+01,2.137080768641913320e+00
5.829379822806516387e+01,1.063713986217939667e+00
5.831380394398399858e+01,2.301792106271997262e+00
5.833380965990283329e+01,1.490100836782791260e+00
5.835381537582166800e+01,1.016955992374482642e+00
5.837382109174050271e+01,1.489792929890359163e+00
5.839382680765933742e+01,1.825686733750375268e+00
5.841383252357816502e+01,1.659941213541882288e+00
5.843383823949699973e+01,1.858189968814496495e+00
5.845384395541583444e+01,1.210781314178775103e+00
5.847384967133466915e+01,2.222050539730462404e+00
5.849385538725350386e+01,1.233310539270128015e+00
5.851386110317233857e+01,1.140278040690401173e+00
5.853386681909117328e+01,2.430975472531651249e+00
5.855387253501000799e+01,1.481845400068212637e+00
5.857387825092884270e+01,1.682316458616967658e+00
5.859388396684767031e+01,1.425635539826890730e+00
5.861388968276650502e+01,1.583133123387007180e+00
5.863389539868533973e+01,1.963723071227167827e+00
5.865390111460417444e+01,1.373606781161945456e+00
5.867390683052300915e+01,1.342071534661151588e+00
5.869391254644184386e+01,1.251117008177698775e+00
5.871391826236067857e+01,1.777968976854925165e+00
5.873392397827951328e+01,1.851028970796424034e+00
5.875392969419834799e+01,2.370451840712120894e+00
5.877393541011717559e+01,1.801438592266480843e+00
5.879394112603601030e+01,1.880268337216024044e+00
5.881394684195484501e+01,1.738523074506893806e+00
5.883395255787367972e+01,2.168793458021947451e+00
5.885395827379251443e+01,2.223615855627789184e+00
5.887396398971134914e+01,2.126622615928656312e+00
5.889396970563018385e+01,2.579699790121029679e+00
5.891397542154901856e+01,1.380631808161580709e+00
5.893398113746785327e+01,1.650424332049418297e+00
5.895398685338668798e+01,2.149151718704344294e+00
5.897399256930551559e+01,1.996197154407485463e+00
5.899399828522435030e+01,2.512122524749399677e+00
5.901400400114318501e+01,2.753763691569909078e+00
5.903400971706201972e+01,2.370267660182597158e+00
5.905401543298085443e+01,2.183156179643072292e+00
5.907402114889968914e+01,2.362201100527173914e+00
5.909402686481852385e+01,2.724551331833338086e+00
5.911403258073735856e+01,3.959097498443239882e+00
5.913403829665619327e+01,4.315995357969316437e+00
5.915404401257502087e+01,3.908966144598360337e+00
5.917404972849385558e+01,5.274451774134577775e+00
5.919405544441269029e+01,6.217166572915152400e+00
5.921406116033152500e+01,6.691590028215085084e+00
5.923406687625035971e+01,6.553404759992209172e+00
5.925407259216919442e+01,7.793703947521152031e+00
5.927407830808802913e+01,8.680610738531704840e+00
5.929408402400686384e+01,9.646837975117994901e+00
5.931408973992569855e+01,1.066617927707300062e+01
5.933409545584453326e+01,1.188147623661245511e+01
5.935410117176336087e+01,1.373550688028626610e+01
5.937410688768219558e+01,1.375906405300085211e+01
5.939411260360103029e+01,1.543681117386949708e+01
5.941411831951986500e+01,1.588997375992264871e+01
5.943412403543869971e+01,1.702355421419356318e+01
5.945412975135753442e+01,1.686904896465740933e+01
5.947413546727636913e+01,1.716482367618077021e+01
5.949414118319520384e+01,1.671695621371182483e+01
5.951414689911403855e+01,1.639048411410903228e+01
5.953415261503286615e+01,1.627704069011408805e+01
5.955415833095170086e+01,1.597847143996725450e+01
5.957416404687053557e+01,1.439712952176255456e+01
5.959416976278937028e+01,1.294552018582568209e+01
5.961417547870820499e+01,1.229906579681425249e+01
5.963418119462703970e+01,1.094361596403553349e+01
5.965418691054587441e+01,9.848267762878194276e+00
5.967419262646470912e+01,9.290776947339550063e+00
5.969419834238354383e+01,7.753045701290131930e+00
5.971420405830237144e+01,6.270318012326298707e+00
5.973420977422120615e+01,6.233250423295777054e+00
5.975421549014004086e+01,5.390270207073017517e+00
5.977422120605887557e+01,5.373151803071558597e+00
5.979422692197771028e+01,4.582295933063239346e+00
5.981423263789654499e+01,3.943566735811915525e+00
5.983423835381537970e+01,4.682157853034249584e+00
5.985424406973421441e+01,4.542244931556387755e+00
5.987424978565304912e+01,4.175672140736944371e+00
5.989425550157188383e+01,4.715746110635464561e+00
5.991426121749071143e+01,3.893002615999008320e+00
5.993426693340954614e+01,4.260449069194342187e+00
5.995427264932838085e+01,5.221953680889611427e+00
5.997427836524721556e+01,4.981436598715827557e+00
5.999428408116605027e+01,5.072106196330057770e+00
6.001428979708488498e+01,4.774303177960121047e+00
6.003429551300371969e+01,6.009521958860909230e+00
6.005430122892255440e+01,6.366435717585805065e+00
6.007430694484138911e+01,7.040178968806396043e+00
6.009431266076021672e+01,8.228672546695445789e+00
6.011431837667905143e+01,8.631193133352841329e+00
6.013432409259788614e+01,9.874980899040171067e+00
6.015432980851672085e+01,1.103709938788819755e+01
6.017433552443555556e+01,1.272470321245275215e+01
6.019434124035439027e+01,1.359734029835561309e+01
6.021434695627322498e+01,1.560707260418228159e+01
6.023435267219205969e+01,1.622172665000398695e+01
6.025435838811089440e+01,1.731908151986143096e+01
6.027436410402972911e+01,1.878015038970058725e+01
6.029436981994855671e+01,2.065544137595771090e+01
6.031437553586739142e+01,2.171442367147157881e+01
6.033438125178622613e+01,2.169558801302847684e+01
6.035438696770506084e+01,2.166116915090162465e+01
6.037439268362389555e+01,2.238310513247187927e+01
6.039439839954273026e+01,2.204814870264914717e+01
6.041440411546156497e+01,2.144609236409708330e+01
6.043440983138039968e+01,2.037386919207425606e+01
6.045441554729923439e+01,1.968472450585323230e+01
6.047442126321806199e+01,1.766144224474508206e+01
6.049442697913689670e+01,1.608481474989140025e+01
6.051443269505573141e+01,1.478764801747185054e+01
6.053443841097456612e+01,1.309576096984307725e+01
6.055444412689340083e+01,1.176778381169610910e+01
6.057444984281223554e+01,1.076810553507989177e+01
6.059445555873107025e+01,8.825210101688032438e+00
6.061446127464990496e+01,8.269495511795494025e+00
6.063446699056873967e+01,7.352151434933490215e+00
6.065447270648756728e+01,6.373456703171269666e+00
6.067447842240640199e+01,6.287592890381203503e+00
6.069448413832523670e+01,6.027374517560867062e+00
6.071448985424407141e+01,5.114174031488340155e+00
6.073449557016290612e+01,4.894193481361470255e+00
6.075450128608174083e+01,4.193950458550500748e+00
6.077450700200057554e+01,4.372473138713266927e+00
6.079451271791941025e+01,3.905266156323471627e+00
6.081451843383824496e+01,4.766408673307779509e+00
6.083452414975707967e+01,4.297295126618311478e+00
6.085452986567590727e+01,4.139837971072680034e+00
6.087453558159474198e+01,4.368365462397960641e+00
6.089454129751357669e+01,3.801525021056990639e+00
6.091454701343241140e+01,4.047975797777029427e+00
6.093455272935124611e+01,3.539219299065192281e+00
6.095455844527008082e+01,4.247791134612651121e+00
6.097456416118891553e+01,3.821323781711091438e+00
6.099456987710775024e+01,4.338583571318009646e+00
6.101457559302658495e+01,3.840526433129431982e+00
6.103458130894541256e+01,4.621761769665559960e+00
6.105458702486424727e+01,3.347799765812694339e+00
6.107459274078308198e+01,3.810395738539755328e+00
6.109459845670191669e+01,3.668057439281481091e+00
6.111460417262075140e+01,3.143313523469110748e+00
6.113460988853958611e+01,4.228777994722943134e+00
6.115461560445842082e+01,3.922702724906378613e+00
6.117462132037725553e+01,3.731276454139544896e+00
6.119462703629609024e+01,3.070316437909846208e+00
6.121463275221492495e+01,3.505641748352572140e+00
6.123463846813375255e+01,3.000949429404877744e+00
6.125464418405258726e+01,4.150163804895627528e+00
6.127464989997142197e+01,3.221674802412288319e+00
6.129465561589025668e+01,3.424242371376521099e+00
6.131466133180909139e+01,3.015374088685228049e+00
6.133466704772792610e+01,2.935577600789422537e+00
6.135467276364676081e+01,3.764065074937009481e+00
6.137467847956559552e+01,3.782094519062267235e+00
6.139468419548443023e+01,3.425322716854876770e+00
6.141468991140325784e+01,3.547679639596585943e+00
6.143469562732209255e+01,4.299678076149741734e+00
6.145470134324092726e+01,3.030249747224670109e+00
6.147470705915976197e+01,4.261431914337099336e+00
6.149471277507859668e+01,4.427500349164757765e+00
6.151471849099743139e+01,4.364651540021570852e+00
6.153472420691626610e+01,3.968282286640510748e+00
6.155472992283510081e+01,4.766940028815229269e+00
6.157473563875393552e+01,3.616540281150549596e+00
6.159474135467276312e+01,4.158836002088001749e+00
6.161474707059159783e+01,4.183455873558346916e+00
6.163475278651043254e+01,3.730587624598523444e+00
6.165475850242926725e+01,4.623254176559338013e+00
6.167476421834810196e+01,4.723538403454179857e+00
6.169476993426693667e+01,4.774545317637057806e+00
6.171477565018577138e+01,5.035932836573074667e+00
6.173478136610460609e+01,5.698123282272868906e+00
6.175478708202344080e+01,5.443456570537815509e+00
6.177479279794227551e+01,5.378607133566221776e+00
6.179479851386110312e+01,6.115459827677048210e+00
6.181480422977993783e+01,5.483408350285895239e+00
6.183480994569877254e+01,6.839757386752301827e+00
6.185481566161760725e+01,6.486898939778201978e+00
6.187482137753644196e+01,6.371227983996121225e+00
6.189482709345527667e+01,6.877863236638352973e+00
6.191483280937411138e+01,7.369453593409552639e+00
6.193483852529294609e+01,7.295586866310747709e+00
6.195484424121178080e+01,6.809050651669899423e+00
6.197484995713060840e+01,6.781216153597790175e+00
6.199485567304944311e+01,7.083448811717384608e+00
6.201486138896827782e+01,8.044813346244534813e+00
6.203486710488711253e+01,7.815130114613159762e+00
6.205487282080594724e+01,8.001521129374488339e+00
6.207487853672478195e+01,8.455495817949437054e+00
6.209488425264361666e+01,7.697220123124042246e+00
6.211488996856245137e+01,8.978935301791926449e+00
6.213489568448128608e+01,8.386269612249089178e+00
6.215490140040011369e+01,9.330665162076257957e+00
6.217490711631894840e+01,9.298996923776151391e+00
6.219491283223778311e+01,1.016760593434982951e+01
6.221491854815661782e+01,9.956401287343098261e+00
6.223492426407545253e+01,1.021961404062964007e+01
6.225492997999428724e+01,1.080773456699991897e+01
6.227493569591312195e+01,1.073351064222577733e+01
6.229494141183195666e+01,1.185985228547087189e+01
6.231494712775079137e+01,1.212110875183331515e+01
6.233495284366962608e+01,1.210965587280836431e+01
6.235495855958845368e+01,1.329739730312405754e+01
6.237496427550728839e+01,1.396896004047300721e+01
6.239496999142612310e+01,1.446980997000241587e+01
6.241497570734495781e+01,1.456498316223676426e+01
6.243498142326379252e+01,1.484008395780865897e+01
6.245498713918262723e+01,1.362956813192507965e+01
6.247499285510146194e+01,1.501067248157798062e+01
6.249499857102029665e+01,1.446037773439431007e+01
6.251500428693913136e+01,1.327806952532889539e+01
6.253501000285795897e+01,1.364508374820973913e+01
6.255501571877679368e+01,1.313126253370685781e+01
6.257502143469562839e+01,1.367966857202333841e+01
6.259502715061446310e+01,1.308866537367100591e+01
6.261503286653329781e+01,1.222033552895470976e+01
6.263503858245213252e+01,1.202978204626226955e+01
6.265504429837096723e+01,1.155178521164208227e+01
6.267505001428980194e+01,1.187387690225908976e+01
6.269505573020863665e+01,1.163105907503563685e+01
6.271506144612747136e+01,1.127991949576591679e+01
6.273506716204629896e+01,1.268928164899584843e+01
6.275507287796513367e+01,1.212480823927085893e+01
6.277507859388396838e+01,1.242044413563523975e+01
6.279508430980280309e+01,1.329663992587767751e+01
6.281509002572163780e+01,1.453687892092264455e+01
6.283509574164047251e+01,1.506735402538878610e+01
6.285510145755930722e+01,1.535362945643510990e+01
6.287510717347814193e+01,1.583812094814288507e+01
6.289511288939697664e+01,1.658595215716766447e+01
6.291511860531580425e+01,1.579018426643794015e+01
6.293512432123463896e+01,1.593075328539443447e+01
6.295513003715347367e+01,1.624582039186349647e+01
6.297513575307230838e+01,1.652207148082796095e+01
6.299514146899114309e+01,1.537158276586570160e+01
6.301514718490997780e+01,1.505405495495044832e+01
6.303515290082881251e+01,1.437234335020019671e+01
6.305515861674764722e+01,1.353283893900338342e+01
6.307516433266648193e+01,1.202477432315108530e+01
6.309517004858530953e+01,1.139491135325022597e+01
6.311517576450414424e+01,1.071772971631957461e+01
6.313518148042297895e+01,9.781330626898038005e+00
6.315518719634181366e+01,8.730697169470795771e+00
6.317519291226064837e+01,8.048778993928632275e+00
6.319519862817948308e+01,7.912730886246304607e+00
6.321520434409831779e+01,6.048093820514598207e+00
6.323521006001715250e+01,6.159252830597292672e+00
6.325521577593598721e+01,5.699954571062191278e+00
6.327522149185482192e+01,5.268194967259336892e+00
6.329522720777364952e+01,5.624935181979942911e+00
6.331523292369248423e+01,4.805173596927515334e+00
6.333523863961131894e+01,4.469088430609350127e+00
6.335524435553015365e+01,4.131505639364013049e+00
6.337525007144898836e+01,4.204484606125060253e+00
6.339525578736782307e+01,4.607449224141964450e+00
6.341526150328665778e+01,4.019386080309747200e+00
6.343526721920549249e+01,4.176900967352926486e+00
6.345527293512432720e+01,3.685317860413186875e+00
6.347527865104315481e+01,4.457867959454681284e+00
6.349528436696198952e+01,4.840147068007847331e+00
6.351529008288082423e+01,4.090773689711489247e+00
6.353529579879965894e+01,4.415123914636058799e+00
6.355530151471849365e+01,4.675690906002754055e+00
6.357530723063732836e+01,4.860189324180462123e+00
6.359531294655616307e+01,4.770097323367666675e+00
6.361531866247499778e+01,5.428158715591663963e+00
6.363532437839383249e+01,4.531293860258990946e+00
6.365533009431266720e+01,4.587094587688791414e+00
6.367533581023149480e+01,4.156959314913934556e+00
6.369534152615032951e+01,4.533567578979546653e+00
6.371534724206916422e+01,4.146868427209906116e+00
6.373535295798799893e+01,4.510509642335458480e+00
6.375535867390683364e+01,4.393089327830740132e+00
6.377536438982566835e+01,3.962385476623990321e+00
6.379537010574450306e+01,3.172908840584583778e+00
6.381537582166333777e+01,3.907234440757240801e+00
6.383538153758217248e+01,3.342984163727551916e+00
6.385538725350100009e+01,3.553611744434769903e+00
6.387539296941983480e+01,2.772854604961257685e+00
6.389539868533866951e+01,3.013855551003608468e+00
6.391540440125750422e+01,3.144484175930260861e+00
6.393541011717633893e+01,3.249119419851255408e+00
6.395541583309517364e+01,3.301410276353955897e+00
6.397542154901400835e+01,3.358680799475637802e+00
6.399542726493284306e+01,2.677828670865440852e+00
6.401543298085167066e+01,2.868412929326240146e+00
6.403543869677051248e+01,2.599071590042229651e+00
6.405544441268934008e+01,2.957239130397027349e+00
6.407545012860816769e+01,2.859185169638955415e+00
6.409545584452700950e+01,2.573081054284016123e+00
6.411546156044585132e+01,2.624524344206911941e+00
6.413546727636467892e+01,3.092087587054879627e+00
6.415547299228350653e+01,2.851726569418409518e+00
6.417547870820234834e+01,3.025929908445752936e+00
6.419548442412119016e+01,3.799157365062169944e+00
6.421549014004001776e+01,2.519972715616140668e+00
6.423549585595884537e+01,3.376838221264204520e+00
6.425550157187768718e+01,3.108358155258085898e+00
6.427550728779651479e+01,3.846406215558400454e+00
6.429551300371534239e+01,3.793621928585715342e+00
6.431551871963418421e+01,3.531725261108393354e+00
6.433552443555302602e+01,4.576339288673361594e+00
6.435553015147185363e+01,4.926040156176005880e+00
6.437553586739068123e+01,5.240441032153461798e+00
6.439554158330952305e+01,6.240151202309011325e+00
6.441554729922835065e+01,6.559544599518863706e+00
6.443555301514717826e+01,7.659885469196622942e+00
6.445555873106602007e+01,7.680155479539635621e+00
6.447556444698486189e+01,7.863872875775316906e+00
6.449557016290368949e+01,8.832573627934266369e+00
6.451557587882251710e+01,9.094734565430369955e+00
6.453558159474135891e+01,1.010219663509926491e+01
6.455558731066020073e+01,9.823904754068022882e+00
6.457559302657902833e+01,9.927849590970803106e+00
6.459559874249785594e+01,9.404604585575652820e+00
6.461560445841669775e+01,9.425871277196289810e+00
6.463561017433552536e+01,8.614097801178695946e+00
6.465561589025435296e+01,9.072367042328092879e+00
6.467562160617319478e+01,8.314623350232361432e+00
6.469562732209203659e+01,7.390351721161922072e+00
6.471563303801086420e+01,6.944952489862219913e+00
6.473563875392969180e+01,6.348237994465879552e+00
6.475564446984853362e+01,5.745292321528513213e+00
6.477565018576737543e+01,5.750370821623971729e+00
6.479565590168618883e+01,4.981048273647274094e+00
6.481566161760503064e+01,5.115906862808667022e+00
6.483566733352387246e+01,4.317471960241736184e+00
6.485567304944270006e+01,3.939098922001046610e+00
6.487567876536152767e+01,3.969390594668460892e+00
6.489568448128036948e+01,3.153771413980489768e+00
6.491569019719921130e+01,3.266187984718818882e+00
6.493569591311803890e+01,3.376255795713166030e+00
6.495570162903686651e+01,3.749575294804099457e+00
6.497570734495570832e+01,2.929460397009467254e+00
6.499571306087453593e+01,2.868770477605731006e+00
6.501571877679336353e+01,3.854031794289353829e+00
6.503572449271220535e+01,3.404735774934382064e+00
6.505573020863104716e+01,2.603659854274223306e+00
6.507573592454987477e+01,3.202113778647135867e+00
6.509574164046870237e+01,3.485475407482873322e+00
6.511574735638754419e+01,3.610593330517978039e+00
6.513575307230638600e+01,3.922293069836855661e+00
6.515575878822521361e+01,3.316286708981147857e+00
6.517576450414404121e+01,4.441108796504172673e+00
6.519577022006288303e+01,4.092367594264337605e+00
6.521577593598171063e+01,4.366570466123660843e+00
6.523578165190053824e+01,3.939248098616147775e+00
6.525578736781938005e+01,3.597051038290957958e+00
6.527579308373822187e+01,4.398764896372874489e+00
6.529579879965704947e+01,4.514749388278278985e+00
6.531580451557587708e+01,4.813735298471017998e+00
6.533581023149471889e+01,4.921449033873595447e+00
6.535581594741354650e+01,4.528826890624374713e+00
6.537582166333237410e+01,5.145953872989344369e+00
6.539582737925121592e+01,5.642492951177445981e+00
6.541583309517005773e+01,5.443653300222121239e+00
6.543583881108888534e+01,6.008034884532216680e+00
6.545584452700771294e+01,4.916587554777414937e+00
6.547585024292655476e+01,5.926638519428516716e+00
6.549585595884539657e+01,6.314454494771872817e+00
6.551586167476422418e+01,5.787246621759599918e+00
6.553586739068305178e+01,6.875870059148260438e+00
6.555587310660189360e+01,6.390897989617778663e+00
6.557587882252072120e+01,6.208503145989775263e+00
6.559588453843954881e+01,6.814180595840402255e+00
6.561589025435839062e+01,5.901886551923347213e+00
6.563589597027723244e+01,6.385194147543813870e+00
6.565590168619606004e+01,6.911230150057084742e+00
6.567590740211488765e+01,6.286619641994682262e+00
6.569591311803372946e+01,6.026446760750337361e+00
6.571591883395257128e+01,7.409973414612779585e+00
6.573592454987138467e+01,6.166716218962075224e+00
6.575593026579022649e+01,6.603456529854947021e+00
6.577593598170906830e+01,6.377428374672326150e+00
6.579594169762789591e+01,6.358931675385129267e+00
6.581594741354672351e+01,6.738670884655010518e+00
6.583595312946556533e+01,6.036755154985766758e+00
6.585595884538440714e+01,6.038943529117096531e+00
6.587596456130323475e+01,5.690749906275428316e+00
6.589597027722206235e+01,5.947202612001692756e+00
6.591597599314090417e+01,5.904803101064540982e+00
6.593598170905973177e+01,5.592676154671272215e+00
6.595598742497855937e+01,5.333712781940956660e+00
6.597599314089740119e+01,4.895182564151489224e+00
6.599599885681624301e+01,4.705528832067321865e+00
6.601600457273507061e+01,4.841999413040935174e+00
6.603601028865389821e+01,5.086531991352486237e+00
6.605601600457274003e+01,4.602893768635789584e+00
6.607602172049158185e+01,3.941016231235393352e+00
6.609602743641040945e+01,5.176970212807532334e+00
6.611603315232923705e+01,4.198227554581938747e+00
6.613603886824807887e+01,4.532507019675141358e+00
6.615604458416690647e+01,4.618805585811546877e+00
6.617605030008573408e+01,4.189355561181892007e+00
6.619605601600457589e+01,4.594924381022285509e+00
6.621606173192341771e+01,3.840036745092550774e+00
6.623606744784224531e+01,3.675664693814869821e+00
6.625607316376107292e+01,3.596439877079999459e+00
6.627607887967991473e+01,4.091953126269748608e+00
6.629608459559874234e+01,3.664019808126560918e+00
6.631609031151756994e+01,4.070711203132161060e+00
6.633609602743641176e+01,3.670666234898228186e+00
6.635610174335525357e+01,4.253702564478511583e+00
6.637610745927408118e+01,3.707647616106205746e+00
6.639611317519290878e+01,3.189261778006097892e+00
6.641611889111175060e+01,3.359952868002167747e+00
6.643612460703059241e+01,3.027225964422213700e+00
6.645613032294942002e+01,3.699670342772702902e+00
6.647613603886824762e+01,4.261869095988756406e+00
6.649614175478708944e+01,3.303837089169779251e+00
6.651614747070591704e+01,4.050047845031328642e+00
6.653615318662474465e+01,4.013869963745154479e+00
6.655615890254358646e+01,4.694459936428980740e+00
6.657616461846242828e+01,4.662801036459502946e+00
6.659617033438125588e+01,4.080883968111965743e+00
6.661617605030008349e+01,4.178423566119599641e+00
6.663618176621892530e+01,4.532315059612116670e+00
6.665618748213776712e+01,3.719203141839407145e+00
6.667619319805658051e+01,4.137873576509684348e+00
6.669619891397542233e+01,3.807055270938274560e+00
6.671620462989426414e+01,4.275248780323906317e+00
6.673621034581309175e+01,3.465044490041111480e+00
6.675621606173191935e+01,3.905634134927647771e+00
6.677622177765076117e+01,3.600828701385603736e+00
6.679622749356960298e+01,2.820204256177087032e+00
6.681623320948843059e+01,2.986677941367262612e+00
6.683623892540725819e+01,2.386815450651924575e+00
6.685624464132610001e+01,2.552702599889310697e+00
6.687625035724492761e+01,2.493040055855015424e+00
6.689625607316375522e+01,2.478466505344468551e+00
6.691626178908259703e+01,2.507673136303850914e+00
6.693626750500143885e+01,2.257699845673120986e+00
6.695627322092026645e+01,2.701638675578287963e+00
6.697627893683909406e+01,1.924771506116062625e+00
6.699628465275793587e+01,1.667913284488155679e+00
6.701629036867677769e+01,1.808612866632033134e+00
6.703629608459560529e+01,2.044560164284985326e+00
6.705630180051443290e+01,2.133420328551665079e+00
6.707630751643327471e+01,1.882782818793046653e+00
6.709631323235210232e+01,1.520042433824800865e+00
6.711631894827092992e+01,1.879237677093796188e+00
6.713632466418977174e+01,2.296016078032019792e+00
6.715633038010861355e+01,2.148560233379002149e+00
6.717633609602744116e+01,1.062499429305529652e+00
6.719634181194626876e+01,1.470255461954933507e+00
6.721634752786511058e+01,1.685712411669646915e+00
6.723635324378393818e+01,2.151601201080675096e+00
6.725635895970276579e+01,1.045767883296421896e+00
6.727636467562160760e+01,1.531246545437568773e+00
6.729637039154044942e+01,1.471784635633887728e+00
6.731637610745927702e+01,2.188386852778847036e+00
6.733638182337810463e+01,1.472122846674095431e+00
6.735638753929694644e+01,8.501747295200355881e-01
6.737639325521578826e+01,1.769689108997411164e+00
6.739639897113461586e+01,1.853684282643304648e+00
6.741640468705344347e+01,2.208870843349513002e+00
6.743641040297228528e+01,2.132106964290546358e+00
6.745641611889111289e+01,1.770478217681418664e+00
6.747642183480994049e+01,1.456805988263681906e+00
6.749642755072878231e+01,1.537735444870035995e+00
6.751643326664762412e+01,1.035424945168463839e+00
6.753643898256645173e+01,1.718218390687278774e+00
6.755644469848527933e+01,1.265948292042762047e+00
6.757645041440412115e+01,1.451033831096080196e+00
6.759645613032296296e+01,1.789790206421838725e+00
6.761646184624177636e+01,2.052283947854769863e+00
6.763646756216061817e+01,1.671630141299332628e+00
6.765647327807945999e+01,1.907264109356661130e+00
6.767647899399828759e+01,1.396155658135706190e+00
6.769648470991711520e+01,1.585867375673130519e+00
6.771649042583595701e+01,2.358001344702461033e+00
6.773649614175479883e+01,1.989325148506912555e+00
6.775650185767362643e+01,1.274935104950470244e+00
6.777650757359245404e+01,1.955837893146440631e+00
6.779651328951129585e+01,1.856248002245633799e+00
6.781651900543012346e+01,2.274317026938863950e+00
6.783652472134895106e+01,1.419646319841003645e+00
6.785653043726779288e+01,1.108254886972475761e+00
6.787653615318663469e+01,1.611952261040674905e+00
6.789654186910546230e+01,2.805634312661879903e+00
6.791654758502428990e+01,2.249376128835532285e+00
6.793655330094313172e+01,2.655150000003100086e+00
6.795655901686197353e+01,1.703124590561963192e+00
6.797656473278080114e+01,1.897307930406394227e+00
6.799657044869962874e+01,2.131288439442022842e+00
6.801657616461847056e+01,2.333966779557541393e+00
6.803658188053729816e+01,2.339722173792084359e+00
6.805658759645612577e+01,2.963931875305852337e+00
6.807659331237496758e+01,2.242568992476214884e+00
6.809659902829380940e+01,2.925057496334043883e+00
6.811660474421263700e+01,1.635104046198892824e+00
6.813661046013146461e+01,2.001910656607865047e+00
6.815661617605030642e+01,2.364463147141403265e+00
6.817662189196913403e+01,2.943846347669962338e+00
6.819662760788796163e+01,2.751679747547912669e+00
6.821663332380680345e+01,2.639090691631163388e+00
6.823663903972564526e+01,3.442097064412938501e+00
6.825664475564447287e+01,4.133865026361672079e+00
6.827665047156330047e+01,3.346049751786605242e+00
6.829665618748214229e+01,3.845625985755169118e+00
6.831666190340098410e+01,3.562968011722126960e+00
6.833666761931981171e+01,4.788449027210084807e+00
6.835667333523863931e+01,5.061767393734132980e+00
6.837667905115748113e+01,5.538184852739092889e+00
6.839668476707630873e+01,5.315732838892689216e+00
6.841669048299513634e+01,5.327762863912005820e+00
6.843669619891397815e+01,6.787117553761686572e+00
6.845670191483281997e+01,6.506212766655771418e+00
6.847670763075164757e+01,7.275050265247079651e+00
6.849671334667047518e+01,7.498897614690939406e+00
6.851671906258931699e+01,8.165313068885641457e+00
6.853672477850815881e+01,8.295175953913298983e+00
6.855673049442697220e+01,8.272479622853625258e+00
6.857673621034581402e+01,7.508394374735708254e+00
6.859674192626465583e+01,8.651631276174450491e+00
6.861674764218348344e+01,7.145330597731903488e+00
6.863675335810231104e+01,8.123447325865116753e+00
6.865675907402115286e+01,7.924794092101418386e+00
6.867676478993999467e+01,7.197585304323096622e+00
6.869677050585882228e+01,7.555742271806749066e+00
6.871677622177764988e+01,7.235723726716832616e+00
6.873678193769649170e+01,7.324678743204883880e+00
6.875678765361531930e+01,7.010823870655936929e+00
6.877679336953414690e+01,6.649753607536574407e+00
6.879679908545298872e+01,7.526159263330926663e+00
6.881680480137183054e+01,7.569938146132177081e+00
6.883681051729065814e+01,8.481658479875740397e+00
6.885681623320948574e+01,7.974953523463343075e+00
6.887682194912832756e+01,8.466164897152580693e+00
6.889682766504716938e+01,8.573659064515611661e+00
6.891683338096599698e+01,9.385793898526310741e+00
6.893683909688482458e+01,8.680578776040450251e+00
6.895684481280366640e+01,9.155786264359370819e+00
6.897685052872249400e+01,9.448054102699492418e+00
6.899685624464132161e+01,9.648920730124496359e+00
6.901686196056016342e+01,9.256477523269733609e+00
6.903686767647900524e+01,8.781396439684861832e+00
6.905687339239783284e+01,9.278912146445536635e+00
6.907687910831666045e+01,8.471597179549512191e+00
6.909688482423550226e+01,7.694174533033356411e+00
6.911689054015432987e+01,7.521417904948888733e+00
6.913689625607315747e+01,6.240809620875179320e+00
6.915690197199199929e+01,5.873680615112752079e+00
6.917690768791084110e+01,5.786836076678978813e+00
6.919691340382966871e+01,4.980353758162966216e+00
6.921691911974849631e+01,5.178027376737394327e+00
6.923692483566733813e+01,4.873705146922338471e+00
6.925693055158617994e+01,3.279866205713155125e+00
6.927693626750500755e+01,3.036930685763532090e+00
6.929694198342383515e+01,3.176013146511153629e+00
6.931694769934267697e+01,3.384877444110736988e+00
6.933695341526150457e+01,3.569642307458154473e+00
6.935695913118033218e+01,2.732416202199898780e+00
6.937696484709917399e+01,2.776229350542728014e+00
6.939697056301801581e+01,2.534205024567082187e+00
6.941697627893684341e+01,2.782665033015319977e+00
6.943698199485567102e+01,3.260195599251574095e+00
6.945698771077451283e+01,2.807389780643304356e+00
6.947699342669335465e+01,2.682448935531807077e+00
6.949699914261216804e+01,2.867007460856660472e+00
6.951700485853100986e+01,2.144164708505095440e+00
6.953701057444985167e+01,2.113408874389579140e+00
6.955701629036867928e+01,3.017312472408304913e+00
6.957702200628750688e+01,3.322324511674756398e+00
6.959702772220634870e+01,2.644657869905072012e+00
6.961703343812519051e+01,3.016747497448301729e+00
6.963703915404401812e+01,2.612450984581521141e+00
6.965704486996284572e+01,2.854950705965088265e+00
6.967705058588168754e+01,2.956463390869518371e+00
6.969705630180051514e+01,2.892636915261668218e+00
6.971706201771934275e+01,3.519826195027258464e+00
6.973706773363818456e+01,2.467762021176072906e+00
6.975707344955702638e+01,3.150488676884299899e+00
6.977707916547585398e+01,3.337810142923378187e+00
6.979708488139468159e+01,2.725755148024892272e+00
6.981709059731352340e+01,2.699074874697730664e+00
6.983709631323236522e+01,2.400544954444796097e+00
6.985710202915119282e+01,3.148015381771212429e+00
6.987710774507002043e+01,2.586291545651390855e+00
6.989711346098886224e+01,2.389813755322207633e+00
6.991711917690768985e+01,1.962842483306631358e+00
6.993712489282651745e+01,2.863183348749399393e+00
6.995713060874535927e+01,2.442929367375092919e+00
6.997713632466420108e+01,2.231094957990347183e+00
6.999714204058302869e+01,2.703765055393751560e+00
7.001714775650185629e+01,2.704533518146932991e+00
7.003715347242069811e+01,2.230677252492993201e+00
7.005715918833952571e+01,1.895435301843633624e+00
7.007716490425835332e+01,1.894395395470250598e+00
7.009717062017719513e+01,2.620881438649816708e+00
7.011717633609603695e+01,1.874557223209451839e+00
7.013718205201486455e+01,2.182464097373282730e+00
7.015718776793369216e+01,1.508577144469632980e+00
7.017719348385253397e+01,2.251545291394143611e+00
7.019719919977137579e+01,1.843218499587948589e+00
7.021720491569020339e+01,1.425032415874964986e+00
7.023721063160903100e+01,2.624318077947516592e+00
7.025721634752787281e+01,2.163491244917396195e+00
7.027722206344670042e+01,2.058618550131404490e+00
7.029722777936552802e+01,1.584644231853482577e+00
7.031723349528436984e+01,2.393150952736010417e+00
7.033723921120321165e+01,1.938081126672046572e+00
7.035724492712203926e+01,1.201560173175930668e+00
7.037725064304086686e+01,1.518141582981667570e+00
7.039725635895970868e+01,1.422725078281663391e+00
7.041726207487855049e+01,2.294941694345865812e+00
7.043726779079736389e+01,1.483475013668670517e+00
7.045727350671620570e+01,1.962727698300720691e+00
7.047727922263504752e+01,2.246506697809615982e+00
7.049728493855387512e+01,2.129569200739937163e+00
7.051729065447270273e+01,2.176112742903439923e+00
7.053729637039154454e+01,1.561765908930055069e+00
7.055730208631038636e+01,1.900694987837964423e+00
7.057730780222921396e+01,2.110652255330299099e+00
7.059731351814804157e+01,1.629665919894321302e+00
7.061731923406688338e+01,2.780010294101399548e+00
7.063732494998571099e+01,2.549823526054637135e+00
7.065733066590453859e+01,1.394123609788549878e+00
7.067733638182338041e+01,2.058494329815019341e+00
7.069734209774222222e+01,2.963094362431272000e+00
7.071734781366104983e+01,3.087385157432887439e+00
7.073735352957987743e+01,2.469664908391233205e+00
7.075735924549871925e+01,3.267469499426783219e+00
7.077736496141756106e+01,3.224367563777042811e+00
7.079737067733638867e+01,3.391552715496830572e+00
7.081737639325521627e+01,2.524912611552707187e+00
7.083738210917405809e+01,3.482319678811625963e+00
7.085738782509288569e+01,3.675853776896889080e+00
7.087739354101171330e+01,3.271779184589117762e+00
7.089739925693055511e+01,4.415849614260289435e+00
7.091740497284939693e+01,4.890034076219533787e+00
7.093741068876822453e+01,4.586149987821166008e+00
7.095741640468705214e+01,5.299612952648485198e+00
7.097742212060589395e+01,5.321664847084608851e+00
7.099742783652472156e+01,5.811771233984858398e+00
7.101743355244354916e+01,6.931071768246260589e+00
7.103743926836239098e+01,7.367917867679340205e+00
7.105744498428123279e+01,8.388763132932425037e+00
7.107745070020006040e+01,8.715302831226303226e+00
7.109745641611888800e+01,8.512355401109374498e+00
7.111746213203772982e+01,9.564608851861859051e+00
7.113746784795657163e+01,9.602961785227899227e+00
7.115747356387539924e+01,9.739259104046064763e+00
7.117747927979422684e+01,9.647951627309977241e+00
7.119748499571306866e+01,9.684876720004476525e+00
7.121749071163189626e+01,1.014910877843095705e+01
7.123749642755072387e+01,9.513528079588603248e+00
7.125750214346956568e+01,9.943418356201407349e+00
7.127750785938840750e+01,8.830019557097186222e+00
7.129751357530723510e+01,8.791251120106833739e+00
7.131751929122606271e+01,8.124577040065874556e+00
7.133752500714490452e+01,7.941305937398260184e+00
7.135753072306374634e+01,7.753309381899079256e+00
7.137753643898255973e+01,7.651768904349051326e+00
7.139754215490140155e+01,8.052611004669468997e+00
7.141754787082024336e+01,7.806142653891416927e+00
7.143755358673907097e+01,7.326744118368004877e+00
7.145755930265789857e+01,8.233225731219876664e+00
7.147756501857674039e+01,8.891891456577823760e+00
7.149757073449558220e+01,9.235617374845229932e+00
7.151757645041440981e+01,1.017048069055177351e+01
7.153758216633323741e+01,1.076976999232482157e+01
7.155758788225207923e+01,1.107548084037992453e+01
7.157759359817090683e+01,1.121814204900784162e+01
7.159759931408973443e+01,1.253849158802903396e+01
7.161760503000857625e+01,1.305217057901290190e+01
7.163761074592741807e+01,1.357453229578983311e+01
7.165761646184624567e+01,1.421827893259653131e+01
7.167762217776507327e+01,1.456947939404580694e+01
7.169762789368391509e+01,1.517906614064479953e+01
7.171763360960275691e+01,1.545244917272272644e+01
7.173763932552158451e+01,1.558069005672116702e+01
7.175764504144041211e+01,1.408435208187286847e+01
7.177765075735925393e+01,1.396968809072684259e+01
7.179765647327808153e+01,1.430790728983861726e+01
7.181766218919690914e+01,1.389273958178872093e+01
7.183766790511575095e+01,1.296748949651740901e+01
7.185767362103459277e+01,1.274871093777735709e+01
7.187767933695342037e+01,1.187023380646069626e+01
7.189768505287224798e+01,1.208512014171606452e+01
7.191769076879108979e+01,1.115455728025964532e+01
7.193769648470991740e+01,1.072816533145826767e+01
7.195770220062874500e+01,1.020614462206415318e+01
7.197770791654758682e+01,1.087343763997303725e+01
7.199771363246642863e+01,1.063600980843367516e+01
7.201771934838525624e+01,9.417667782915382091e+00
7.203772506430408384e+01,9.788763415959339298e+00
7.205773078022292566e+01,9.596750585513859733e+00
7.207773649614176747e+01,9.279904066735211288e+00
7.209774221206059508e+01,1.030997159295879584e+01
7.211774792797942268e+01,1.000191752187576455e+01
7.213775364389826450e+01,9.235909251221317007e+00
7.215775935981709210e+01,9.809543690410674088e+00
7.217776507573591971e+01,8.877821914754065347e+00
7.219777079165476152e+01,8.633886344544377422e+00
7.221777650757360334e+01,9.187720676188771307e+00
7.223778222349243094e+01,8.745864298762901612e+00
7.225778793941125855e+01,9.279732752848914856e+00
7.227779365533010036e+01,9.041912133041453359e+00
7.229779937124894218e+01,9.245021805527171566e+00
7.231780508716775557e+01,9.130169606359954670e+00
7.233781080308659739e+01,1.037149005501683874e+01
7.235781651900543920e+01,1.019177652349953966e+01
7.237782223492426681e+01,1.014040913484086204e+01
7.239782795084309441e+01,1.055440270530177926e+01
7.241783366676193623e+01,1.196031713816965691e+01
7.243783938268077804e+01,1.177820395228206252e+01
7.245784509859960565e+01,1.091493237579753028e+01
7.247785081451843325e+01,1.189901720353262071e+01
7.249785653043727507e+01,1.203285094491133123e+01
7.251786224635610267e+01,1.171899266725131561e+01
7.253786796227493028e+01,1.170729272991301784e+01
7.255787367819377209e+01,1.146513957806431705e+01
7.257787939411261391e+01,1.099768810638267169e+01
7.259788511003144151e+01,9.948250594283873482e+00
7.261789082595026912e+01,1.038483562541323479e+01
7.263789654186911093e+01,9.092657963639714680e+00
7.265790225778795275e+01,8.650707667436133619e+00
7.267790797370678035e+01,7.541401576565495368e+00
7.269791368962560796e+01,7.283254668658226905e+00
7.271791940554444977e+01,6.644681600371026065e+00
7.273792512146327738e+01,6.369266532137834780e+00
7.275793083738210498e+01,5.678135715621005275e+00
7.277793655330094680e+01,5.487707739356881831e+00
7.279794226921978861e+01,4.808451996639189652e+00
7.281794798513861622e+01,4.990557504702671565e+00
7.283795370105744382e+01,4.433931414333619259e+00
7.285795941697628564e+01,4.062126861599967498e+00
7.287796513289511324e+01,3.941984449882115271e+00
7.289797084881394085e+01,3.560826164209772493e+00
7.291797656473278266e+01,4.143151770593129335e+00
7.293798228065162448e+01,4.040719684458214722e+00
7.295798799657045208e+01,3.011927696030904489e+00
7.297799371248927969e+01,3.011561251898909219e+00
7.299799942840812150e+01,3.699603401784836265e+00
7.301800514432696332e+01,3.867319538362931297e+00
7.303801086024579092e+01,3.068614176851993225e+00
7.305801657616461853e+01,2.355766136905891095e+00
7.307802229208346034e+01,3.460927241190188575e+00
7.309802800800228795e+01,3.447129772784548241e+00
7.311803372392111555e+01,2.276630429636124830e+00
7.313803943983995737e+01,2.734658705513254962e+00
7.315804515575879918e+01,2.924891351608596146e+00
7.317805087167762679e+01,2.239760049645855844e+00
7.319805658759645439e+01,3.097523394153852472e+00
7.321806230351529621e+01,2.346045082931444536e+00
7.323806801943413802e+01,3.014382182788626352e+00
7.325807373535295142e+01,3.039917740183711192e+00
7.327807945127179323e+01,2.401022003604547983e+00
7.329808516719063505e+01,2.197445910020338289e+00
7.331809088310946265e+01,2.673357708022920498e+00
7.333809659902829026e+01,1.734200564975315606e+00
7.335810231494713207e+01,2.404307086054041864e+00
7.337810803086597389e+01,1.896380960131383464e+00
7.339811374678480149e+01,2.182598557728542943e+00
7.341811946270362910e+01,2.134341068326841118e+00
7.343812517862247091e+01,2.355091413638009890e+00
7.345813089454129852e+01,2.795053599376096543e+00
7.347813661046012612e+01,1.503312517483759603e+00
7.349814232637896794e+01,1.785815748453433383e+00
7.351814804229780975e+01,2.163188972868005600e+00
7.353815375821663736e+01,1.081725343518938010e+00
7.355815947413546496e+01,1.867103385272754767e+00
7.357816519005430678e+01,1.183315511142839505e+00
7.359817090597314859e+01,1.627477356252596152e+00
7.361817662189197620e+01,2.052996471009364221e+00
7.363818233781080380e+01,2.239529481117712884e+00
7.365818805372964562e+01,2.084762392015387267e+00
7.367819376964847322e+01,2.194761858672544363e+00
7.369819948556730083e+01,2.064120254754264305e+00
7.371820520148614264e+01,2.300583188000469015e+00
7.373821091740498446e+01,1.344789000260359302e+00
7.375821663332381206e+01,1.881843453560441803e+00
7.377822234924263967e+01,2.030506554814997866e+00
7.379822806516148148e+01,1.298765423588490453e+00
7.381823378108030909e+01,1.652400039460248049e+00
7.383823949699913669e+01,1.344657971600332402e+00
7.385824521291797851e+01,2.504343201374797268e+00
7.387825092883682032e+01,1.264503975846596795e+00
7.389825664475564793e+01,1.644150010301330678e+00
7.391826236067447553e+01,1.749839319777808377e+00
7.393826807659331735e+01,2.020498870397312352e+00
7.395827379251215916e+01,1.391508559661362554e+00
7.397827950843098677e+01,1.768413399765686345e+00
7.399828522434981437e+01,2.183050165522801400e+00
7.401829094026865619e+01,2.291344912673594081e+00
7.403829665618748379e+01,1.650102406604908811e+00
7.405830237210632561e+01,2.039320454424018436e+00
7.407830808802515321e+01,2.166997137576624155e+00
7.409831380394398082e+01,2.626103660488633196e+00
7.411831951986282263e+01,2.681099485243598757e+00
7.413832523578165024e+01,1.599524169658294914e+00
7.415833095170049205e+01,2.582396264570335553e+00
7.417833666761931966e+01,2.731554085745854898e+00
7.419834238353816147e+01,2.556739271148279258e+00
7.421834809945698908e+01,3.117110489437990850e+00
7.423835381537583089e+01,3.916024710790086960e+00
7.425835953129465850e+01,3.058648171350013101e+00
7.427836524721348610e+01,3.108970336487325348e+00
7.429837096313232792e+01,3.377932267301726021e+00
7.431837667905115552e+01,4.377565880504043605e+00
7.433838239496999734e+01,3.966647345838477445e+00
7.435838811088882494e+01,4.284250502973827146e+00
7.437839382680766676e+01,4.093305432038964575e+00
7.439839954272649436e+01,4.287353231704238432e+00
7.441840525864533618e+01,4.154396180775925984e+00
7.443841097456416378e+01,3.721961189145725157e+00
7.445841669048300560e+01,3.732299904052266637e+00
7.447842240640183320e+01,3.414866792448144839e+00
7.449842812232066080e+01,3.309137237189099690e+00
7.451843383823950262e+01,2.897488354866426086e+00
7.453843955415833022e+01,2.736813151572570657e+00
7.455844527007717204e+01,2.698412118103694191e+00
7.457845098599599964e+01,2.443354099489822850e+00
7.459845670191484146e+01,2.246986179717561427e+00
7.461846241783366906e+01,2.891296108040428692e+00
7.463846813375251088e+01,2.620472751299149916e+00
7.465847384967133848e+01,2.653713699511853541e+00
7.467847956559016609e+01,2.151355772378872988e+00
7.469848528150900790e+01,1.672004591852925603e+00
7.471849099742783551e+01,1.407079748046495382e+00
7.473849671334667732e+01,1.619262552567607427e+00
7.475850242926550493e+01,1.793008871658370751e+00
7.477850814518434674e+01,1.684371668333524807e+00
7.479851386110317435e+01,1.317616010044289521e+00
7.481851957702201616e+01,1.183676556935693513e+00
7.483852529294084377e+01,1.720604254282138701e+00
7.485853100885967137e+01,1.914070204447380963e+00
7.487853672477851319e+01,1.665732109161931707e+00
7.489854244069734079e+01,2.067209280912523539e+00
7.491854815661618261e+01,1.845398182567797640e+00
7.493855387253501021e+01,1.641601032411807326e+00
7.495855958845385203e+01,1.965632654442468263e+00
7.497856530437267963e+01,1.560038347755823729e+00
7.499857102029152145e+01,2.036217299364360134e+00
7.501857673621034905e+01,1.741245307779919260e+00
7.503858245212917666e+01,1.631126105454090647e+00
7.505858816804801847e+01,1.202858825174729196e+00
7.507859388396684608e+01,1.960706570175023256e+00
7.509859959988568789e+01,1.805886398322929409e+00
7.511860531580451550e+01,1.699005404234440686e+00
7.513861103172335731e+01,1.639461285642855204e+00
7.515861674764218492e+01,1.329538941326223522e+00
7.517862246356102673e+01,2.374289767239375237e+00
7.519862817947985434e+01,8.962888703421059144e-01
7.521863389539868194e+01,1.323242489094960117e+00
7.523863961131752376e+01,1.533608604287995725e+00
7.525864532723635136e+01,1.213075434007613973e+00
7.527865104315519318e+01,1.506842555359114266e+00
7.529865675907402078e+01,1.724705187099825121e+00
7.531866247499286260e+01,1.369677792314142328e+00
7.533866819091169020e+01,1.273400134329489841e+00
7.535867390683053202e+01,9.811561835812676602e-01
7.537867962274935962e+01,1.660826085508600336e+00
7.539868533866820144e+01,1.857477219684235070e+00
7.541869105458702904e+01,1.013927494190180134e+00
7.543869677050585665e+01,1.546591217849873967e+00
7.545870248642469846e+01,2.006186265004912261e+00
7.547870820234352607e+01,5.843185478774992614e-01
7.549871391826236788e+01,1.327409320956155714e+00
7.551871963418119549e+01,1.611733642421394164e+00
7.553872535010003730e+01,2.260440330921024810e+00
7.555873106601886491e+01,1.826710222414139606e+00
7.557873678193770672e+01,1.969097701858885996e+00
7.559874249785653433e+01,1.730638502684644919e+00
7.561874821377536193e+01,2.128630613849603392e+00
7.563875392969420375e+01,1.637700219777113775e+00
7.565875964561303135e+01,1.496096260064831540e+00
7.567876536153187317e+01,1.435617027165861703e+00
7.569877107745070077e+01,2.001964538402387195e+00
7.571877679336954259e+01,1.630095509346709548e+00
7.573878250928837019e+01,1.930032879530951817e+00
7.575878822520721201e+01,1.649370241634295020e+00
7.577879394112603961e+01,1.554596467792816572e+00
7.579879965704486722e+01,1.780577905376439674e+00
7.581880537296370903e+01,2.173569310071832739e+00
7.583881108888253664e+01,1.679029531027182109e+00
7.585881680480137845e+01,1.777344006573057911e+00
7.587882252072020606e+01,1.817257088937114240e+00
7.589882823663904787e+01,2.512563339598773648e+00
7.591883395255787548e+01,1.864917775308822856e+00
7.593883966847671729e+01,2.739276232453535798e+00
7.595884538439554490e+01,1.203385080393787110e+00
7.597885110031437250e+01,2.057180418481535877e+00
7.599885681623321432e+01,2.030346904387815066e+00
7.601886253215204192e+01,2.678197631441789461e+00
7.603886824807088374e+01,1.972231334534302771e+00
7.605887396398971134e+01,2.580971044978112250e+00
7.607887967990855316e+01,2.560941297745935152e+00
7.609888539582738076e+01,2.855967501972071165e+00
7.611889111174622258e+01,2.922483056257641376e+00
7.613889682766505018e+01,3.162606086546910333e+00
7.615890254358387779e+01,4.194489840348276211e+00
7.617890825950271960e+01,4.055691315204195568e+00
7.619891397542154721e+01,4.302085266565626398e+00
7.621891969134038902e+01,3.725800941747667405e+00
7.623892540725921663e+01,4.976428197008288201e+00
7.625893112317805844e+01,5.506859714159542563e+00
7.627893683909688605e+01,6.423079017487358655e+00
7.629894255501572786e+01,6.285453315598118706e+00
7.631894827093455547e+01,7.360697821540365560e+00
7.633895398685339728e+01,6.330283268927145102e+00
7.635895970277222489e+01,6.893383507521313014e+00
7.637896541869105249e+01,7.527722864626055888e+00
7.639897113460989431e+01,6.877728785447893678e+00
7.641897685052872191e+01,7.009547373831482631e+00
7.643898256644756373e+01,7.857808929754728666e+00
7.645898828236639133e+01,7.095346880594685324e+00
7.647899399828523315e+01,6.236791368721140927e+00
7.649899971420406075e+01,6.916766727793956626e+00
7.651900543012290257e+01,5.833540666385526485e+00
7.653901114604173017e+01,6.182293031433555797e+00
7.655901686196055778e+01,5.811917489033931794e+00
7.657902257787939959e+01,4.730960751233485695e+00
7.659902829379822720e+01,5.359786779759353692e+00
7.661903400971706901e+01,5.158699952801129918e+00
7.663903972563589662e+01,4.249340147625749964e+00
7.665904544155473843e+01,4.856589596250787011e+00
7.667905115747356604e+01,5.064885171102872619e+00
7.669905687339240785e+01,4.982256928660856232e+00
7.671906258931123546e+01,5.551627807675322934e+00
7.673906830523006306e+01,5.482105538600956507e+00
7.675907402114890488e+01,5.647152051489749525e+00
7.677907973706773248e+01,6.189323055291941600e+00
7.679908545298657430e+01,6.422038293464008341e+00
7.681909116890540190e+01,6.802805848395779620e+00
7.683909688482424372e+01,6.087745420795735996e+00
7.685910260074307132e+01,6.555476546901079615e+00
7.687910831666191314e+01,6.858090623678457121e+00
7.689911403258074074e+01,6.578477893009173627e+00
7.691911974849956835e+01,6.309143975430291817e+00
7.693912546441841016e+01,5.855195221267679884e+00
7.695913118033723777e+01,6.229550912289164799e+00
7.697913689625607958e+01,4.684321173171131392e+00
7.699914261217490719e+01,5.181325850430728686e+00
7.701914832809374900e+01,4.389820617597665731e+00
7.703915404401257661e+01,4.520693508216755419e+00
7.705915975993141842e+01,3.923834211104911596e+00
7.707916547585024603e+01,3.853301178588405929e+00
7.709917119176907363e+01,3.955321168043495650e+00
7.711917690768791545e+01,3.823581137705611699e+00
7.713918262360674305e+01,3.248972486128632653e+00
7.715918833952558487e+01,3.750839294921297640e+00
7.717919405544441247e+01,3.129465385568876545e+00
7.719919977136325429e+01,2.954412962659166197e+00
7.721920548728208189e+01,3.712935960364078802e+00
7.723921120320092371e+01,2.418012633432138792e+00
7.725921691911975131e+01,3.129799304977483487e+00
7.727922263503859313e+01,3.214405698980956849e+00
7.729922835095742073e+01,3.730359844947727321e+00
7.731923406687624833e+01,3.411582609686667933e+00
7.733923978279509015e+01,3.997796497563493645e+00
7.735924549871391775e+01,4.104186419832158705e+00
7.737925121463275957e+01,3.747749535866970128e+00
7.739925693055158717e+01,4.008454735490640353e+00
7.741926264647042899e+01,4.149173362252360775e+00
7.743926836238925659e+01,4.092445849135089908e+00
7.745927407830809841e+01,4.730813344244406693e+00
7.747927979422692601e+01,4.185735335741918028e+00
7.749928551014575362e+01,4.653035956180343824e+00
7.751929122606459543e+01,4.427212042517893131e+00
7.753929694198342304e+01,3.381607230957090593e+00
7.755930265790226485e+01,4.004202904340830038e+00
7.757930837382109246e+01,4.051624156894578554e+00
7.759931408973993427e+01,3.621515392158813018e+00
7.761931980565876188e+01,3.234253088051923353e+00
7.763932552157760369e+01,3.546023355096581398e+00
7.765933123749643130e+01,3.345650540026139375e+00
7.767933695341525890e+01,2.477684670809883194e+00
7.769934266933410072e+01,2.116196169241360892e+00
7.771934838525292832e+01,2.930810671716175264e+00
7.773935410117177014e+01,3.104227513494672852e+00
7.775935981709059774e+01,2.792076328088822557e+00
7.777936553300943956e+01,3.470038387598474827e+00
7.779937124892826716e+01,2.647266468061523881e+00
7.781937696484710898e+01,2.818499994249171081e+00
7.783938268076593658e+01,3.479980474525728340e+00
7.785938839668476419e+01,2.942778153865927671e+00
7.787939411260360600e+01,3.149134640948004549e+00
7.789939982852243361e+01,3.676981002590797409e+00
7.791940554444127542e+01,3.786242409052571922e+00
7.793941126036010303e+01,4.287156982418381723e+00
7.795941697627894484e+01,5.503266660408354660e+00
7.797942269219777245e+01,5.096223592895174903e+00
7.799942840811661426e+01,5.443302403350571694e+00
7.801943412403544187e+01,6.420098679544818054e+00
7.803943983995426947e+01,7.374237946856288417e+00
7.805944555587311129e+01,8.642307967478926045e+00
7.807945127179193889e+01,8.393977205114550699e+00
7.809945698771078071e+01,1.002993582810412931e+01
7.811946270362960831e+01,1.045471580114341492e+01
7.813946841954845013e+01,1.047766759479657495e+01
7.815947413546727773e+01,1.088230408148470651e+01
7.817947985138611955e+01,1.102742461049147238e+01
7.819948556730494715e+01,1.234349286444922811e+01
7.821949128322378897e+01,1.192848590359934491e+01
7.823949699914261657e+01,1.186879919005676420e+01
7.825950271506144418e+01,1.189884624973202421e+01
7.827950843098028599e+01,1.117084066015731914e+01
7.829951414689911360e+01,1.089626190405152428e+01
7.831951986281795541e+01,1.025785268228793434e+01
7.833952557873678302e+01,9.061536877145618618e+00
7.835953129465562483e+01,8.780868378096341687e+00
7.837953701057445244e+01,8.011446528611864792e+00
7.839954272649329425e+01,7.762837719943114223e+00
7.841954844241212186e+01,7.958504839646740159e+00
7.843955415833094946e+01,6.613070937194424737e+00
7.845955987424979128e+01,7.444577824447135228e+00
7.847956559016861888e+01,6.080833100942513170e+00
7.849957130608746070e+01,6.340939391925969559e+00
7.851957702200628830e+01,6.192998789423956651e+00
7.853958273792513012e+01,5.998225997892314254e+00
7.855958845384395772e+01,5.150464061534106186e+00
7.857959416976279954e+01,5.188045356247151574e+00
7.859959988568162714e+01,5.840178089924928706e+00
7.861960560160045475e+01,5.581033487203656662e+00
7.863961131751929656e+01,5.616915468434360292e+00
7.865961703343812417e+01,5.495094209603395008e+00
7.867962274935696598e+01,5.791941210897814329e+00
7.869962846527579359e+01,5.419424014538861911e+00
7.871963418119463540e+01,5.846871599249213958e+00
7.873963989711346301e+01,6.322145920561423438e+00
7.875964561303230482e+01,5.219082402493017803e+00
7.877965132895113243e+01,6.155745738679919477e+00
7.879965704486996003e+01,6.699280540919747118e+00
7.881966276078880185e+01,6.129844810773860786e+00
7.883966847670762945e+01,5.857488746574913918e+00
7.885967419262647127e+01,6.098014809078779130e+00
7.887967990854529887e+01,5.826356253831834309e+00
7.889968562446414069e+01,6.101283720441884384e+00
7.891969134038296829e+01,5.515513973156470406e+00
7.893969705630181011e+01,6.042430145522134310e+00
7.895970277222063771e+01,5.651486769525160270e+00
7.897970848813946532e+01,6.360230729614238854e+00
7.899971420405830713e+01,5.895690341896631104e+00
7.901971991997713474e+01,5.355896235633966107e+00
7.903972563589597655e+01,5.147366446308155652e+00
7.905973135181480416e+01,5.416006574287450803e+00
7.907973706773364597e+01,6.135013637360275496e+00
7.909974278365247358e+01,5.305843308035369077e+00
7.911974849957131539e+01,4.755348565804082384e+00
7.913975421549014300e+01,4.869601476453126132e+00
7.915975993140898481e+01,5.358426511416330307e+00
7.917976564732781242e+01,4.880595005715957058e+00
7.919977136324664002e+01,4.146186698713323793e+00
7.921977707916548184e+01,4.836239235010331150e+00
7.923978279508430944e+01,4.562679619298116052e+00
7.925978851100315126e+01,4.594135537248865475e+00
7.927979422692197886e+01,4.196903911022032752e+00
7.929979994284082068e+01,3.966664201970128811e+00
7.931980565875964828e+01,4.294853397235310233e+00
7.933981137467849010e+01,4.656956188599401081e+00
7.935981709059731770e+01,3.854030826096913831e+00
7.937982280651614531e+01,3.495373905598340603e+00
7.939982852243498712e+01,3.309460210002237446e+00
7.941983423835381473e+01,3.771197262080946189e+00
7.943983995427265654e+01,3.414086739279182492e+00
7.945984567019148415e+01,3.287258029549718685e+00
7.947985138611032596e+01,3.003475090913231060e+00
7.949985710202915357e+01,3.983665940929279170e+00
7.951986281794799538e+01,2.552041728063760839e+00
7.953986853386682299e+01,2.994291597606854261e+00
7.955987424978565059e+01,3.157425928017322470e+00
7.957987996570449241e+01,2.720675274115972986e+00
7.959988568162332001e+01,2.308213982486427174e+00
7.961989139754216183e+01,2.091041883741052487e+00
7.963989711346098943e+01,2.507844777389403479e+00
7.965990282937983125e+01,2.454902308566160762e+00
7.967990854529865885e+01,2.193074554576355251e+00
7.969991426121750067e+01,3.098296487856335713e+00
7.971991997713632827e+01,1.893535748699830989e+00
7.973992569305515588e+01,2.394709355941054163e+00
7.975993140897399769e+01,2.127611749666631802e+00
7.977993712489282530e+01,2.091181586376106072e+00
7.979994284081166711e+01,2.375644053180824500e+00
7.981994855673049472e+01,2.606343305649839071e+00
7.983995427264933653e+01,1.922646153046907669e+00
7.985995998856816414e+01,2.127053774495201388e+00
7.987996570448700595e+01,2.578445525217595513e+00
7.989997142040583356e+01,1.141635463390491267e+00
7.991997713632466116e+01,9.490816254365066484e-01
7.993998285224350298e+01,1.726265242965880020e+00
7.995998856816233058e+01,1.528930659317047969e+00
7.997999428408117240e+01,1.623773245809345234e+00
8.000000000000000000e+01,9.577225550454976366e-01
