angle,intensity
1.000000000000000000e+01,4.417038915438403990e+00
1.002000571591883471e+01,4.061374197942221542e+00
1.004001143183766764e+01,4.493759082733586041e+00
1.006001714775650235e+01,3.780118869832606254e+00
1.008002286367533529e+01,3.297317384511239791e+00
1.010002857959417000e+01,3.446686623914240410e+00
1.012003429551300293e+01,3.899972970983008214e+00
1.014004001143183764e+01,3.686457173671367826e+00
1.016004572735067235e+01,4.090848088134911187e+00
1.018005144326950528e+01,2.943909939299378831e+00
1.020005715918833999e+01,3.982902519846994505e+00
1.022006287510717293e+01,3.990148961531302163e+00
1.024006859102600764e+01,2.933117952069069556e+00
1.026007430694484057e+01,3.184176630056080093e+00
1.028008002286367528e+01,3.891482529982056793e+00
1.030008573878250999e+01,3.771444341555703517e+00
1.032009145470134293e+01,3.535934100915802514e+00
1.034009717062017764e+01,4.388132577564856085e+00
1.036010288653901057e+01,3.800669514410426331e+00
1.038010860245784528e+01,3.860030312855350143e+00
1.040011431837667999e+01,3.504802389771246585e+00
1.042012003429551292e+01,3.869161196260784585e+00
1.044012575021434763e+01,4.375639007505968792e+00
1.046013146613318057e+01,3.931915805737804526e+00
1.048013718205201528e+01,3.129960591583896612e+00
1.050014289797084821e+01,3.424002050073426950e+00
1.052014861388968292e+01,3.075490780536606295e+00
1.054015432980851585e+01,4.086338955813392460e+00
1.056016004572735056e+01,3.544321532116604612e+00
1.058016576164618527e+01,3.849474617452109726e+00
1.060017147756501821e+01,3.968398827603011547e+00
1.062017719348385292e+01,3.974680298322050831e+00
1.064018290940268585e+01,3.392095485634028407e+00
1.066018862532152056e+01,4.299796183861375631e+00
1.068019434124035527e+01,3.383164891352723025e+00
1.070020005715918820e+01,2.996259723937354735e+00
1.072020577307802292e+01,3.755858883126280912e+00
1.074021148899685585e+01,4.019216731758938010e+00
1.076021720491569056e+01,3.580720714403999416e+00
1.078022292083452349e+01,4.229204857467893319e+00
1.080022863675335820e+01,3.599914839759626339e+00
1.082023435267219291e+01,4.270266822760456549e+00
1.084024006859102585e+01,3.742912592853577358e+00
1.086024578450986056e+01,4.263043733389406675e+00
1.088025150042869349e+01,3.217486334021524286e+00
1.090025721634752820e+01,3.798556336968065494e+00
1.092026293226636113e+01,4.051714722395393764e+00
1.094026864818519584e+01,4.004007776896067128e+00
1.096027436410403055e+01,3.784157157373100322e+00
1.098028008002286349e+01,4.239420138491168721e+00
1.100028579594169820e+01,4.570255592015413093e+00
1.102029151186053113e+01,3.956346231947819980e+00
1.104029722777936584e+01,4.332888719160133739e+00
1.106030294369819877e+01,3.867765636094975257e+00
1.108030865961703348e+01,3.940219396731788670e+00
1.110031437553586819e+01,4.298348079771447061e+00
1.112032009145470113e+01,3.717883022467038057e+00
1.114032580737353584e+01,3.448969426443455166e+00
1.116033152329236877e+01,4.066778687498938005e+00
1.118033723921120348e+01,4.456572487143209749e+00
1.120034295513003642e+01,3.999706095802466610e+00
1.122034867104887113e+01,4.167846814414245316e+00
1.124035438696770584e+01,3.409464348432283742e+00
1.126036010288653877e+01,4.244331935301948633e+00
1.128036581880537348e+01,4.020581806768761979e+00
1.130037153472420641e+01,4.110160092525079634e+00
1.132037725064304112e+01,3.891317017532275102e+00
1.134038296656187583e+01,4.432103654363419132e+00
1.136038868248070877e+01,4.675267922383255836e+00
1.138039439839954348e+01,4.850288397948943953e+00
1.140040011431837641e+01,3.744295738122237260e+00
1.142040583023721112e+01,4.253810899769969289e+00
1.144041154615604405e+01,3.655044776679190477e+00
1.146041726207487876e+01,4.667448268872624872e+00
1.148042297799371170e+01,4.938067710795297494e+00
1.150042869391254641e+01,4.300592411972663065e+00
1.152043440983138112e+01,5.325568720236649511e+00
1.154044012575021405e+01,5.073801328315144410e+00
1.156044584166904876e+01,5.131928869462580423e+00
1.158045155758788169e+01,4.156016783476165877e+00
1.160045727350671640e+01,4.433061350163775671e+00
1.162046298942555111e+01,3.973009811206470232e+00
1.164046870534438405e+01,4.379729697838969038e+00
1.166047442126321876e+01,4.654126642135951286e+00
1.168048013718205169e+01,5.095439245801571815e+00
1.170048585310088640e+01,4.245295910609861778e+00
1.172049156901971934e+01,4.683706431600901610e+00
1.174049728493855405e+01,5.243120021907888173e+00
1.176050300085738698e+01,5.173525116495335752e+00
1.178050871677622169e+01,4.971101709301434468e+00
1.180051443269505640e+01,4.542084570036408309e+00
1.182052014861388933e+01,5.242172065084918842e+00
1.184052586453272404e+01,5.258873794054168549e+00
1.186053158045155698e+01,5.042104313125142845e+00
1.188053729637039169e+01,4.935948285395665991e+00
1.190054301228922640e+01,5.569917496454271699e+00
1.192054872820805933e+01,4.720843626439862106e+00
1.194055444412689404e+01,5.993672715974793341e+00
1.196056016004572697e+01,5.680388919413823956e+00
1.198056587596456168e+01,5.633670346942825091e+00
1.200057159188339639e+01,5.667232114506498775e+00
1.202057730780222933e+01,6.265937386304169188e+00
1.204058302372106226e+01,5.681581214356885567e+00
1.206058873963989697e+01,5.775113984389736999e+00
1.208059445555873168e+01,5.468355431756657836e+00
1.210060017147756461e+01,5.823832931976411942e+00
1.212060588739639932e+01,6.256153889202066054e+00
1.214061160331523226e+01,6.806672531148363348e+00
1.216061731923406697e+01,5.908965216248647678e+00
1.218062303515290168e+01,6.254868137480951162e+00
1.220062875107173461e+01,6.423566074906908341e+00
1.222063446699056932e+01,6.277650436050340232e+00
1.224064018290940226e+01,6.465638115773709949e+00
1.226064589882823697e+01,6.637943414568511002e+00
1.228065161474707168e+01,7.364407283733327425e+00
1.230065733066590461e+01,7.099179610029541010e+00
1.232066304658473754e+01,7.244178630565384580e+00
1.234066876250357225e+01,6.499628175230190763e+00
1.236067447842240696e+01,7.874643598286239055e+00
1.238068019434123990e+01,7.201594392321736926e+00
1.240068591026007461e+01,6.978021539022398301e+00
1.242069162617890754e+01,6.916777124802772292e+00
1.244069734209774225e+01,7.335189433595647124e+00
1.246070305801657696e+01,8.250811896856937722e+00
1.248070877393540989e+01,7.417321050947751182e+00
1.250071448985424460e+01,7.603003651436230470e+00
1.252072020577307754e+01,7.990420262588121325e+00
1.254072592169191225e+01,8.680217094142157919e+00
1.256073163761074696e+01,8.194489562517436099e+00
1.258073735352957989e+01,8.270351564440506564e+00
1.260074306944841460e+01,9.029570246575026715e+00
1.262074878536724754e+01,8.680333555350548735e+00
1.264075450128608225e+01,8.869869334844244335e+00
1.266076021720491518e+01,9.133020362102937995e+00
1.268076593312374989e+01,9.124598891343552509e+00
1.270077164904258282e+01,9.694743720966270573e+00
1.272077736496141753e+01,9.538048839852951488e+00
1.274078308088025224e+01,9.672372279299793263e+00
1.276078879679908518e+01,9.682252165887044626e+00
1.278079451271791989e+01,9.581093419592704663e+00
1.280080022863675282e+01,1.041194212649376105e+01
1.282080594455558753e+01,1.008098361504723428e+01
1.284081166047442224e+01,1.065125685350737150e+01
1.286081737639325517e+01,1.143216944659366341e+01
1.288082309231208988e+01,1.130146756058758406e+01
1.290082880823092282e+01,1.084598513561908462e+01
1.292083452414975753e+01,1.164069874566732921e+01
1.294084024006859224e+01,1.066212225653957191e+01
1.296084595598742517e+01,1.167459010571698386e+01
1.298085167190625810e+01,1.186600425239775269e+01
1.300085738782509281e+01,1.281007056921512621e+01
1.302086310374392752e+01,1.187474305405952357e+01
1.304086881966276046e+01,1.181243734652800015e+01
1.306087453558159517e+01,1.309164794315856284e+01
1.308088025150042810e+01,1.302734368725500502e+01
1.310088596741926281e+01,1.274766547015511975e+01
1.312089168333809752e+01,1.298434591264091686e+01
1.314089739925693046e+01,1.375233065827772805e+01
1.316090311517576517e+01,1.346512609619900225e+01
1.318090883109459810e+01,1.312794708255640153e+01
1.320091454701343281e+01,1.343100543222305276e+01
1.322092026293226752e+01,1.384624438500251031e+01
1.324092597885110045e+01,1.400856530989914539e+01
1.326093169476993339e+01,1.335630509393417142e+01
1.328093741068876810e+01,1.325157672274867515e+01
1.330094312660760281e+01,1.285952648496448703e+01
1.332094884252643574e+01,1.280436190248565964e+01
1.334095455844527045e+01,1.320248176725454314e+01
1.336096027436410338e+01,1.298760725643180436e+01
1.338096599028293809e+01,1.275444878368993074e+01
1.340097170620177280e+01,1.179111721624552445e+01
1.342097742212060574e+01,1.159884555801015082e+01
1.344098313803944045e+01,9.941930310694781170e+00
1.346098885395827338e+01,1.021089273057347313e+01
1.348099456987710809e+01,9.588245035680641237e+00
1.350100028579594280e+01,8.177718366039558262e+00
1.352100600171477573e+01,7.774961880543409087e+00
1.354101171763361044e+01,7.881748224054394569e+00
1.356101743355244338e+01,7.299859309479351133e+00
1.358102314947127809e+01,7.025950960413899438e+00
1.360102886539011102e+01,6.031148954602812751e+00
1.362103458130894573e+01,6.293516579860809479e+00
1.364104029722777867e+01,5.642884617606682696e+00
1.366104601314661338e+01,4.996726811454443862e+00
1.368105172906544809e+01,4.893702456964499348e+00
1.370105744498428102e+01,4.809991021922354726e+00
1.372106316090311573e+01,4.223858872866034453e+00
1.374106887682194866e+01,3.419708840724072552e+00
1.376107459274078337e+01,4.238472901335796017e+00
1.378108030865961808e+01,4.646923397863716332e+00
1.380108602457845102e+01,3.990125273139462081e+00
1.382109174049728573e+01,4.282422307035647080e+00
1.384109745641611866e+01,4.256957863071463954e+00
1.386110317233495337e+01,4.591458113057403700e+00
1.388110888825378808e+01,3.992761923338977503e+00
1.390111460417262101e+01,3.320939469786655884e+00
1.392112032009145395e+01,4.347155914436048540e+00
1.394112603601028866e+01,3.902096179782343022e+00
1.396113175192912337e+01,4.285869751359381752e+00
1.398113746784795630e+01,4.217265790581384621e+00
1.400114318376679101e+01,3.100206076995052129e+00
1.402114889968562395e+01,3.356396317836234822e+00
1.404115461560445866e+01,3.859232938034161453e+00
1.406116033152329337e+01,3.571434764464259448e+00
1.408116604744212630e+01,3.879883151914560013e+00
1.410117176336095923e+01,3.060806096835150925e+00
1.412117747927979394e+01,3.705919527489110799e+00
1.414118319519862865e+01,3.820856202951200764e+00
1.416118891111746336e+01,3.070506019274828358e+00
1.418119462703629630e+01,3.627647982797276072e+00
1.420120034295512923e+01,3.457716804269054922e+00
1.422120605887396394e+01,4.227354168785410593e+00
1.424121177479279865e+01,3.076177134890307308e+00
1.426121749071163336e+01,3.286546526588493222e+00
1.428122320663046629e+01,3.685981137408252728e+00
1.430122892254929923e+01,4.032055444995231497e+00
1.432123463846813394e+01,4.237174551001650080e+00
1.434124035438696865e+01,3.545173906298100697e+00
1.436124607030580158e+01,2.814481426508398609e+00
1.438125178622463629e+01,3.308838983897216757e+00
1.440125750214346922e+01,2.837754378296075686e+00
1.442126321806230393e+01,3.296049297627840158e+00
1.444126893398113864e+01,3.752312569955343680e+00
1.446127464989997158e+01,2.906378727277826979e+00
1.448128036581880451e+01,3.285226307589056205e+00
1.450128608173763922e+01,4.082801035553197622e+00
1.452129179765647393e+01,3.503302744850060879e+00
1.454129751357530864e+01,4.032596847950179253e+00
1.456130322949414158e+01,3.221455497434886350e+00
1.458130894541297451e+01,3.418803248183127863e+00
1.460131466133180922e+01,4.198525395286995199e+00
1.462132037725064393e+01,3.570731441751352264e+00
1.464132609316947686e+01,3.463313023575029792e+00
1.466133180908831157e+01,3.565399057935064953e+00
1.468133752500714451e+01,3.646100334432655465e+00
1.470134324092597922e+01,3.187541434365764648e+00
1.472134895684481393e+01,3.421269382538743020e+00
1.474135467276364686e+01,3.548055267705442883e+00
1.476136038868247979e+01,3.018868491207410187e+00
1.478136610460131450e+01,3.086220506186762247e+00
1.480137182052014921e+01,3.040208359043594655e+00
1.482137753643898392e+01,4.385894468314276651e+00
1.484138325235781686e+01,3.755208259063663512e+00
1.486138896827664979e+01,3.361682422267061821e+00
1.488139468419548450e+01,3.711944475051274672e+00
1.490140040011431921e+01,3.570833166873718767e+00
1.492140611603315392e+01,3.430662538393638883e+00
1.494141183195198685e+01,2.968930748174309464e+00
1.496141754787081979e+01,3.379827603606905040e+00
1.498142326378965450e+01,3.731776987209300067e+00
1.500142897970848921e+01,3.813212052234417282e+00
1.502143469562732214e+01,3.493205122264400053e+00
1.504144041154615508e+01,4.126164805220708942e+00
1.506144612746498979e+01,3.487599615081427906e+00
1.508145184338382450e+01,3.870603064216243006e+00
1.510145755930265921e+01,3.420108931345873238e+00
1.512146327522149214e+01,3.523484064419941220e+00
1.514146899114032507e+01,3.625408613951867309e+00
1.516147470705915978e+01,4.031150763000059811e+00
1.518148042297799449e+01,3.319221286405210414e+00
1.520148613889682920e+01,3.751286929730899278e+00
1.522149185481566214e+01,2.974757080843649870e+00
1.524149757073449507e+01,3.749130621623075754e+00
1.526150328665332978e+01,3.238573984445592302e+00
1.528150900257216449e+01,3.804366927070315541e+00
1.530151471849099742e+01,4.200228706626243813e+00
1.532152043440983036e+01,3.166644480387239557e+00
1.534152615032866507e+01,2.988302695422496491e+00
1.536153186624749978e+01,3.676032457302010670e+00
1.538153758216633449e+01,3.203724052868801575e+00
1.540154329808516742e+01,3.238434379364603544e+00
1.542154901400400036e+01,3.314604101927168145e+00
1.544155472992283507e+01,3.627794315331450914e+00
1.546156044584166978e+01,3.868334958778413935e+00
1.548156616176050449e+01,3.790752882889909081e+00
1.550157187767933742e+01,3.394448791728805759e+00
1.552157759359817035e+01,3.371386995155396082e+00
1.554158330951700506e+01,3.338161828555092470e+00
1.556158902543583977e+01,3.464117156712950063e+00
1.558159474135467271e+01,3.701189458705296254e+00
1.560160045727350742e+01,4.144479038130556070e+00
1.562160617319234035e+01,3.016355038334646466e+00
1.564161188911117506e+01,3.976330471661037258e+00
1.566161760503000977e+01,3.915673945461002781e+00
1.568162332094884270e+01,3.860397487082835255e+00
1.570162903686767564e+01,3.460278230893035989e+00
1.572163475278651035e+01,3.719858923837707110e+00
1.574164046870534506e+01,3.932773885975568984e+00
1.576164618462417977e+01,4.137850127317265425e+00
1.578165190054301270e+01,4.241271060031875706e+00
1.580165761646184563e+01,3.236904069242587223e+00
1.582166333238068034e+01,4.296996426269699576e+00
1.584166904829951505e+01,3.928704039373350998e+00
1.586167476421834799e+01,3.305240291150477461e+00
1.588168048013718270e+01,3.898916934303681803e+00
1.590168619605601563e+01,3.824859600196982790e+00
1.592169191197485034e+01,3.783710998667635383e+00
1.594169762789368505e+01,2.928724114247762245e+00
1.596170334381251799e+01,3.215815582616886381e+00
1.598170905973135092e+01,4.311523699145604738e+00
1.600171477565018563e+01,3.497289864392320702e+00
1.602172049156902034e+01,3.463459574726347689e+00
1.604172620748785505e+01,4.186395829543582359e+00
1.606173192340668976e+01,4.178354688168697706e+00
1.608173763932552092e+01,4.257302292826439682e+00
1.610174335524435563e+01,3.425923854919553868e+00
1.612174907116319034e+01,3.189204779768864295e+00
1.614175478708202505e+01,3.804744992972614259e+00
1.616176050300085620e+01,3.781181614653864820e+00
1.618176621891969091e+01,3.905988822808633465e+00
1.620177193483852562e+01,3.654406372583996809e+00
1.622177765075736033e+01,3.285823096298106982e+00
1.624178336667619504e+01,3.195350200303948895e+00
1.626178908259502620e+01,3.968674157783887324e+00
1.628179479851386091e+01,4.151467820431976818e+00
1.630180051443269562e+01,3.382241876072079378e+00
1.632180623035153033e+01,2.941082330896922947e+00
1.634181194627036149e+01,4.163901518548231095e+00
1.636181766218919620e+01,3.669582502973593119e+00
1.638182337810803091e+01,3.143966403130297849e+00
1.640182909402686562e+01,3.170459458280967091e+00
1.642183480994570033e+01,4.461058908468729101e+00
1.644184052586453504e+01,3.774379052819238023e+00
1.646184624178336620e+01,2.935040855004896088e+00
1.648185195770220091e+01,3.657266491236434547e+00
1.650185767362103562e+01,3.038252590116166107e+00
1.652186338953986677e+01,3.687832356924928501e+00
1.654186910545870148e+01,3.390040394322389794e+00
1.656187482137753619e+01,3.416923807836115046e+00
1.658188053729637090e+01,3.652571407775653256e+00
1.660188625321520561e+01,3.105575290403856492e+00
1.662189196913404032e+01,3.521912177385913889e+00
1.664189768505287148e+01,4.377199684866179830e+00
1.666190340097170619e+01,3.853237187705985889e+00
1.668190911689054090e+01,3.650307413438055537e+00
1.670191483280937561e+01,3.343313782175427740e+00
1.672192054872820677e+01,3.807977378433464288e+00
1.674192626464704148e+01,4.004029320070137565e+00
1.676193198056587619e+01,4.261920856226554477e+00
1.678193769648471090e+01,3.845896440029798580e+00
1.680194341240354561e+01,3.484082123293457567e+00
1.682194912832238032e+01,4.407708688512922635e+00
1.684195484424121148e+01,4.368547983785586730e+00
1.686196056016004619e+01,2.920858584651393031e+00
1.688196627607888090e+01,4.238541658377771526e+00
1.690197199199771205e+01,3.334527554878493838e+00
1.692197770791654676e+01,4.192064537290443482e+00
1.694198342383538147e+01,3.811025574731589316e+00
1.696198913975421618e+01,3.204167341048977047e+00
1.698199485567305089e+01,3.976266436617841293e+00
1.700200057159188560e+01,4.173450746603129424e+00
1.702200628751071676e+01,4.015646640907112541e+00
1.704201200342955147e+01,3.883116811275240998e+00
1.706201771934838618e+01,4.242301245507521301e+00
1.708202343526722089e+01,3.912833913189889046e+00
1.710202915118605205e+01,3.695010384763028899e+00
1.712203486710488676e+01,4.535834436617526499e+00
1.714204058302372147e+01,3.498180082685609982e+00
1.716204629894255618e+01,3.915341081366944920e+00
1.718205201486139089e+01,4.828522530804725932e+00
1.720205773078022204e+01,4.668603942790185535e+00
1.722206344669905675e+01,4.902146666190256852e+00
1.724206916261789146e+01,5.033045044544165236e+00
1.726207487853672617e+01,4.073631792133369345e+00
1.728208059445555733e+01,4.639580149028473599e+00
1.730208631037439204e+01,4.702723165421557994e+00
1.732209202629322675e+01,5.964836377415242197e+00
1.734209774221206146e+01,5.321869661108185490e+00
1.736210345813089617e+01,5.250433245545513827e+00
1.738210917404973088e+01,6.251365052943121725e+00
1.740211488996856204e+01,5.991599486591494994e+00
1.742212060588739675e+01,6.460280937574918170e+00
1.744212632180623146e+01,5.968075232938758745e+00
1.746213203772506262e+01,7.044163096591296025e+00
1.748213775364389733e+01,7.305527991134585619e+00
1.750214346956273204e+01,7.914080981869975773e+00
1.752214918548156675e+01,7.282372328405905648e+00
1.754215490140040146e+01,8.071568840946468981e+00
1.756216061731923617e+01,8.837337257569480187e+00
1.758216633323806732e+01,8.206924172214874247e+00
1.760217204915690203e+01,9.392111807367996335e+00
1.762217776507573674e+01,9.264566259963348926e+00
1.764218348099457145e+01,1.015217330089817693e+01
1.766218919691340261e+01,1.048273260391256478e+01
1.768219491283223732e+01,1.116009379274411017e+01
1.770220062875107203e+01,1.127171508617717954e+01
1.772220634466990674e+01,1.183276797738119157e+01
1.774221206058874145e+01,1.287073322116763130e+01
1.776221777650757616e+01,1.323653176961179589e+01
1.778222349242640732e+01,1.336814555908703284e+01
1.780222920834524203e+01,1.389620113100301957e+01
1.782223492426407674e+01,1.439963011137047921e+01
1.784224064018290790e+01,1.610713394780691843e+01
1.786224635610174261e+01,1.638797768275904332e+01
1.788225207202057732e+01,1.756229115851318667e+01
1.790225778793941203e+01,1.764948672261539286e+01
1.792226350385824674e+01,1.849140521555486316e+01
1.794226921977708145e+01,1.976045949147701464e+01
1.796227493569591260e+01,1.975006409224521065e+01
1.798228065161474731e+01,2.082504769575499282e+01
1.800228636753358202e+01,2.246595936180248287e+01
1.802229208345241318e+01,2.224939966993204266e+01
1.804229779937124789e+01,2.394227245649361890e+01
1.806230351529008260e+01,2.517017814919482177e+01
1.808230923120891731e+01,2.609274603831215700e+01
1.810231494712775202e+01,2.734852176307436622e+01
1.812232066304658673e+01,2.815108549525676906e+01
1.814232637896542144e+01,2.926615666945769334e+01
1.816233209488425260e+01,3.109695269622621083e+01
1.818233781080308731e+01,3.128939130638369903e+01
1.820234352672191847e+01,3.273337230045633817e+01
1.822234924264075318e+01,3.416134826240273981e+01
1.824235495855958789e+01,3.516251873276385709e+01
1.826236067447842260e+01,3.671195102442733571e+01
1.828236639039725731e+01,3.871239806283355733e+01
1.830237210631609202e+01,4.014861260363595363e+01
1.832237782223492673e+01,4.048933719343567361e+01
1.834238353815375788e+01,4.317624905257248713e+01
1.836238925407259259e+01,4.412459176916219405e+01
1.838239496999142730e+01,4.623910535891025120e+01
1.840240068591025846e+01,4.824865357399383470e+01
1.842240640182909317e+01,5.004332554289337054e+01
1.844241211774792788e+01,5.121833642180553170e+01
1.846241783366676259e+01,5.396263119338424730e+01
1.848242354958559730e+01,5.559186235153521238e+01
1.850242926550443201e+01,5.716532779070273307e+01
1.852243498142326672e+01,5.940546596583839545e+01
1.854244069734209788e+01,6.167067251608644085e+01
1.856244641326093259e+01,6.341848138415229386e+01
1.858245212917976374e+01,6.580467712736913199e+01
1.860245784509859845e+01,6.846328454852209688e+01
1.862246356101743316e+01,7.065929501840042803e+01
1.864246927693626787e+01,7.296758266138908766e+01
1.866247499285510258e+01,7.502083684373351957e+01
1.868248070877393729e+01,7.819364287687909609e+01
1.870248642469277200e+01,7.927935637072322095e+01
1.872249214061160316e+01,8.302022893001657167e+01
1.874249785653043787e+01,8.429150606178261285e+01
1.876250357244927258e+01,8.690679846843357836e+01
1.878250928836810374e+01,8.800049220299194985e+01
1.880251500428693845e+01,9.002376989291836651e+01
1.882252072020577316e+01,9.044273441371578315e+01
1.884252643612460787e+01,9.107434968444637491e+01
1.886253215204344258e+01,9.148254364772903102e+01
1.888253786796227729e+01,9.021070058707920225e+01
1.890254358388111200e+01,8.928896860955583747e+01
1.892254929979994316e+01,8.808790414630016130e+01
1.894255501571877787e+01,8.566109097944145390e+01
1.896256073163760902e+01,8.289770809634802617e+01
1.898256644755644373e+01,7.921383688087800579e+01
1.900257216347527844e+01,7.500650330101673546e+01
1.902257787939411315e+01,7.044802462448619451e+01
1.904258359531294786e+01,6.414376411175859971e+01
1.906258931123178257e+01,5.831940588673710124e+01
1.908259502715061728e+01,5.373793830177231712e+01
1.910260074306944844e+01,4.848035935750552028e+01
1.912260645898828315e+01,4.210696194594851249e+01
1.914261217490711431e+01,3.695323947135876352e+01
1.916261789082594902e+01,3.284623686654013142e+01
1.918262360674478373e+01,2.815124895024410279e+01
1.920262932266361844e+01,2.426659001543677618e+01
1.922263503858245315e+01,2.127985783376323781e+01
1.924264075450128786e+01,1.761794182339084358e+01
1.926264647042012257e+01,1.562938550178709995e+01
1.928265218633895373e+01,1.290895665528041647e+01
1.930265790225778844e+01,1.234657384463883467e+01
1.932266361817662315e+01,1.070975672923115951e+01
1.934266933409545430e+01,8.691720937191670160e+00
1.936267505001428901e+01,8.497169660270852631e+00
1.938268076593312372e+01,7.485330042639903425e+00
1.940268648185195843e+01,7.432511884255593948e+00
1.942269219777079314e+01,7.009197992475476369e+00
1.944269791368962785e+01,6.990249204418320872e+00
1.946270362960846256e+01,6.338920154316946665e+00
1.948270934552729372e+01,6.740630239272809021e+00
1.950271506144612843e+01,5.614248910541681958e+00
1.952272077736495959e+01,5.667590977838353083e+00
1.954272649328379430e+01,6.064511113903918726e+00
1.956273220920262901e+01,5.416484014776430378e+00
1.958273792512146372e+01,4.854090324333753870e+00
1.960274364104029843e+01,5.539669580742655697e+00
1.962274935695913314e+01,4.965218644136935922e+00
1.964275507287796785e+01,5.047207778294810154e+00
1.966276078879679901e+01,4.731331162673473756e+00
1.968276650471563372e+01,5.207200241393752371e+00
1.970277222063446487e+01,4.541259480744533228e+00
1.972277793655329958e+01,4.972799182894391379e+00
1.974278365247213429e+01,4.600759035487118176e+00
1.976278936839096900e+01,4.675540412197809914e+00
1.978279508430980371e+01,4.719923808375620311e+00
1.980280080022863842e+01,4.784791589925555755e+00
1.982280651614747313e+01,3.898973193721058106e+00
1.984281223206630784e+01,5.145752102249018023e+00
1.986281794798513900e+01,4.590252626482221210e+00
1.988282366390397371e+01,5.147346719574102281e+00
1.990282937982280487e+01,4.671851304092866641e+00
1.992283509574163958e+01,4.783696179237544754e+00
1.994284081166047429e+01,3.954361510032589511e+00
1.996284652757930900e+01,4.574651338369467801e+00
1.998285224349814371e+01,4.919303369810325677e+00
2.000285795941697842e+01,4.057837764345745057e+00
2.002286367533581313e+01,5.228634789726950061e+00
2.004286939125464428e+01,4.691273424676065673e+00
2.006287510717347899e+01,4.453312211326296399e+00
2.008288082309231015e+01,3.885703877995614342e+00
2.010288653901114486e+01,4.347662879520417079e+00
2.012289225492997957e+01,4.034715303844563117e+00
2.014289797084881428e+01,3.809596202601185588e+00
2.016290368676764899e+01,4.364938114913931244e+00
2.018290940268648370e+01,4.184639691189435240e+00
2.020291511860531841e+01,4.827561145671065646e+00
2.022292083452414957e+01,3.839840746289618245e+00
2.024292655044298428e+01,4.479413530016736367e+00
2.026293226636181899e+01,5.463635989204625787e+00
2.028293798228065015e+01,4.305975334735155258e+00
2.030294369819948486e+01,4.253769302818079190e+00
2.032294941411831957e+01,4.974232625818245879e+00
2.034295513003715428e+01,4.938350044926513860e+00
2.036296084595598899e+01,5.137800406257019503e+00
2.038296656187482370e+01,4.007409572696453814e+00
2.040297227779365841e+01,4.482460402502878694e+00
2.042297799371248956e+01,5.161060993866064095e+00
2.044298370963132427e+01,4.678683791823051052e+00
2.046298942555015543e+01,5.049163342566441059e+00
2.048299514146899014e+01,4.939467514805726545e+00
2.050300085738782485e+01,4.272711284247950658e+00
2.052300657330665956e+01,5.159736314258673850e+00
2.054301228922549427e+01,4.520618259287059182e+00
2.056301800514432898e+01,4.872070449304925610e+00
2.058302372106316369e+01,4.979446421949078605e+00
2.060302943698199485e+01,4.373639018961906544e+00
2.062303515290082956e+01,4.340740604525661794e+00
2.064304086881966072e+01,4.098212686267299176e+00
2.066304658473849543e+01,4.266843377854845798e+00
2.068305230065733014e+01,3.744019751670586871e+00
2.070305801657616485e+01,3.938629618111160191e+00
2.072306373249499956e+01,4.314880802797903314e+00
2.074306944841383427e+01,3.442883786216079933e+00
2.076307516433266898e+01,3.258568713231961844e+00
2.078308088025150369e+01,3.823295299897197630e+00
2.080308659617033484e+01,4.191810715319654435e+00
2.082309231208916955e+01,3.663640097776191151e+00
2.084309802800800071e+01,4.109362786779998444e+00
2.086310374392683542e+01,3.676481646113335611e+00
2.088310945984567013e+01,4.305138019742045685e+00
2.090311517576450484e+01,4.543941543898738722e+00
2.092312089168333955e+01,4.008332437052450459e+00
2.094312660760217426e+01,4.450392371772519340e+00
2.096313232352100897e+01,4.420032465152422319e+00
2.098313803943984013e+01,3.376933045586639093e+00
2.100314375535867484e+01,3.985616334858214316e+00
2.102314947127750600e+01,4.404041739796255683e+00
2.104315518719634071e+01,4.601858912899897902e+00
2.106316090311517542e+01,4.758165328625495683e+00
2.108316661903401013e+01,3.940322699111173499e+00
2.110317233495284484e+01,5.112646651374423534e+00
2.112317805087167955e+01,4.601183886773355880e+00
2.114318376679051426e+01,5.468641741655759780e+00
2.116318948270934541e+01,4.915531763585579306e+00
2.118319519862818012e+01,4.909523024445128669e+00
2.120320091454701483e+01,5.324940508638901449e+00
2.122320663046584599e+01,5.113520406109786087e+00
2.124321234638468070e+01,4.929257010114754145e+00
2.126321806230351541e+01,5.635666053452089486e+00
2.128322377822235012e+01,5.179480227001702630e+00
2.130322949414118483e+01,5.353025964922936808e+00
2.132323521006001954e+01,5.968805140796905384e+00
2.134324092597885425e+01,5.965466202411309204e+00
2.136324664189768541e+01,6.445642870881788333e+00
2.138325235781652012e+01,6.579233493158535673e+00
2.140325807373535127e+01,6.654062262456102772e+00
2.142326378965418598e+01,7.001974214879798097e+00
2.144326950557302069e+01,7.249930470578608066e+00
2.146327522149185540e+01,7.029131141523119908e+00
2.148328093741069011e+01,7.764479437404207651e+00
2.150328665332952482e+01,7.853331893362730298e+00
2.152329236924835953e+01,8.080667623459024895e+00
2.154329808516719069e+01,8.203968508340686583e+00
2.156330380108602540e+01,8.297107080853184158e+00
2.158330951700485656e+01,9.504610735753896478e+00
2.160331523292369127e+01,9.003848132644030500e+00
2.162332094884252598e+01,9.794490346996642671e+00
2.164332666476136069e+01,1.043544190871793376e+01
2.166333238068019540e+01,1.043007402040583997e+01
2.168333809659903011e+01,1.025421859939408620e+01
2.170334381251786482e+01,1.185122657190258977e+01
2.172334952843669598e+01,1.155294162726949203e+01
2.174335524435553069e+01,1.222498039030942252e+01
2.176336096027436540e+01,1.212000047362581512e+01
2.178336667619319655e+01,1.266102274882930345e+01
2.180337239211203126e+01,1.332534725463576741e+01
2.182337810803086597e+01,1.384279807297278886e+01
2.184338382394970068e+01,1.438879714331799775e+01
2.186338953986853539e+01,1.399461539433871948e+01
2.188339525578737010e+01,1.452601894275639438e+01
2.190340097170620481e+01,1.559031900895476852e+01
2.192340668762503597e+01,1.637062364831459149e+01
2.194341240354387068e+01,1.726171138024588458e+01
2.196341811946270184e+01,1.699063432953094122e+01
2.198342383538153655e+01,1.763621568204325740e+01
2.200342955130037126e+01,1.882123435832895098e+01
2.202343526721920597e+01,1.942338039138186900e+01
2.204344098313804068e+01,1.972400470938499240e+01
2.206344669905687539e+01,2.021125993152532629e+01
2.208345241497571010e+01,2.033672469997519272e+01
2.210345813089454126e+01,2.180072677420037763e+01
2.212346384681337597e+01,2.165123681417785662e+01
2.214346956273221068e+01,2.285261367427353463e+01
2.216347527865104183e+01,2.299557722326522935e+01
2.218348099456987654e+01,2.253982151947098700e+01
2.220348671048871125e+01,2.306530215238469950e+01
2.222349242640754596e+01,2.307482110250935392e+01
2.224349814232638067e+01,2.332101218465446024e+01
2.226350385824521538e+01,2.255515105969696421e+01
2.228350957416405009e+01,2.239370501509424471e+01
2.230351529008288125e+01,2.157673794711366355e+01
2.232352100600171596e+01,2.075282159657690428e+01
2.234352672192054712e+01,2.018195959323048072e+01
2.236353243783938183e+01,1.953391396262966850e+01
2.238353815375821654e+01,1.887281996138673534e+01
2.240354386967705125e+01,1.709141590806846622e+01
2.242354958559588596e+01,1.527488539770625486e+01
2.244355530151472067e+01,1.454439467635598859e+01
2.246356101743355538e+01,1.359390733444140409e+01
2.248356673335238654e+01,1.241555113285688705e+01
2.250357244927122125e+01,1.139371952955211675e+01
2.252357816519005240e+01,9.831645948237058619e+00
2.254358388110888711e+01,9.169872342747902749e+00
2.256358959702772182e+01,8.151868415560308279e+00
2.258359531294655653e+01,7.965065356121922235e+00
2.260360102886539124e+01,7.416029792032244217e+00
2.262360674478422595e+01,6.748306555117300043e+00
2.264361246070306066e+01,6.337100617335229558e+00
2.266361817662189182e+01,6.247868203839407997e+00
2.268362389254072653e+01,5.592680557611233283e+00
2.270362960845956124e+01,6.023029842936319156e+00
2.272363532437839240e+01,5.621608742500182387e+00
2.274364104029722711e+01,5.923265252770781863e+00
2.276364675621606182e+01,5.448858968429131089e+00
2.278365247213489653e+01,5.669514998627053437e+00
2.280365818805373124e+01,5.270633878063418543e+00
2.282366390397256595e+01,4.818322860860162038e+00
2.284366961989140066e+01,5.769599327923520704e+00
2.286367533581023181e+01,4.833966892461438292e+00
2.288368105172906652e+01,6.011494743997070955e+00
2.290368676764789768e+01,5.954554612355989818e+00
2.292369248356673239e+01,6.221512022911112716e+00
2.294369819948556710e+01,5.232031439720486787e+00
2.296370391540440181e+01,6.250601152948862982e+00
2.298370963132323652e+01,5.420276784789383129e+00
2.300371534724207123e+01,5.400110661977101323e+00
2.302372106316090594e+01,5.067278472838748549e+00
2.304372677907973710e+01,5.674426477466255392e+00
2.306373249499857181e+01,6.183342278089783761e+00
2.308373821091740652e+01,5.988118504356624960e+00
2.310374392683623768e+01,5.682662667417456959e+00
2.312374964275507239e+01,6.772873804541266196e+00
2.314375535867390710e+01,7.081145155342259301e+00
2.316376107459274181e+01,5.878704951610720819e+00
2.318376679051157652e+01,6.750434358140013913e+00
2.320377250643041123e+01,5.597488131850570703e+00
2.322377822234924594e+01,5.703666822424041882e+00
2.324378393826807709e+01,6.408562904600294985e+00
2.326378965418691180e+01,5.874366181317132174e+00
2.328379537010574296e+01,6.334870008816137599e+00
2.330380108602457767e+01,6.208940504083228618e+00
2.332380680194341238e+01,6.018663383703623637e+00
2.334381251786224709e+01,6.014889954819309992e+00
2.336381823378108180e+01,5.572961868271278263e+00
2.338382394969991651e+01,6.008789334523884307e+00
2.340382966561875122e+01,5.728008673434398901e+00
2.342383538153758238e+01,4.906809823655017055e+00
2.344384109745641709e+01,5.815099727096800564e+00
2.346384681337524825e+01,5.657179659307280950e+00
2.348385252929408296e+01,5.802071884926549572e+00
2.350385824521291767e+01,4.819509694139694211e+00
2.352386396113175238e+01,4.065805867303139642e+00
2.354386967705058709e+01,4.980320105867718894e+00
2.356387539296942180e+01,4.411963097385757315e+00
2.358388110888825651e+01,4.117413628182342578e+00
2.360388682480708766e+01,4.272845742767410471e+00
2.362389254072592237e+01,4.487581786329480238e+00
2.364389825664475708e+01,3.843039123916036637e+00
2.366390397256358824e+01,3.817877495436632351e+00
2.368390968848242295e+01,3.974656514826040432e+00
2.370391540440125766e+01,4.539313720728217483e+00
2.372392112032009237e+01,4.430491693078923099e+00
2.374392683623892708e+01,4.250463399368457296e+00
2.376393255215776179e+01,3.976495338884161068e+00
2.378393826807659650e+01,4.273660015593002903e+00
2.380394398399542766e+01,3.869654312006793884e+00
2.382394969991426237e+01,3.409133608139065075e+00
2.384395541583309353e+01,3.882859343275234743e+00
2.386396113175192824e+01,4.329936894648220402e+00
2.388396684767076295e+01,3.928167772393640789e+00
2.390397256358959766e+01,3.954881429086737565e+00
2.392397827950843237e+01,3.553443828981730945e+00
2.394398399542726708e+01,3.576421146690760722e+00
2.396398971134610179e+01,3.390591312070905694e+00
2.398399542726493294e+01,3.324269348007714786e+00
2.400400114318376765e+01,4.068992365809696921e+00
2.402400685910260236e+01,3.894093812647827946e+00
2.404401257502143352e+01,3.656163238223066436e+00
2.406401829094026823e+01,3.365078733915427556e+00
2.408402400685910294e+01,3.815186134536079354e+00
2.410402972277793765e+01,3.504035437509328776e+00
2.412403543869677236e+01,3.707086201096299050e+00
2.414404115461560707e+01,4.089005540094166946e+00
2.416404687053444178e+01,3.747004817967818813e+00
2.418405258645327294e+01,3.537104602001743814e+00
2.420405830237210765e+01,3.637586524448102487e+00
2.422406401829093880e+01,2.967825905716541257e+00
2.424406973420977351e+01,4.070757123496749230e+00
2.426407545012860822e+01,4.197419167619410807e+00
2.428408116604744293e+01,3.084511428642393582e+00
2.430408688196627764e+01,3.861418488673915572e+00
2.432409259788511235e+01,3.703062111178863525e+00
2.434409831380394706e+01,4.071796214469808106e+00
2.436410402972277822e+01,3.892336947157851945e+00
2.438410974564161293e+01,4.411324500262962189e+00
2.440411546156044409e+01,3.899766547293464392e+00
2.442412117747927880e+01,3.756171845206528914e+00
2.444412689339811351e+01,3.540444359652370920e+00
2.446413260931694822e+01,3.823501321678859366e+00
2.448413832523578293e+01,4.472136844119777521e+00
2.450414404115461764e+01,4.464027166815951020e+00
2.452414975707345235e+01,3.481642406097369857e+00
2.454415547299228351e+01,3.619739538308158089e+00
2.456416118891111822e+01,3.728258010999389249e+00
2.458416690482995293e+01,3.069222526171254017e+00
2.460417262074878408e+01,4.286809920247467431e+00
2.462417833666761879e+01,3.997362816028088961e+00
2.464418405258645350e+01,4.496537003126283238e+00
2.466418976850528821e+01,3.713948689929494229e+00
2.468419548442412292e+01,4.280898151911359584e+00
2.470420120034295763e+01,4.186776473461296888e+00
2.472420691626179234e+01,3.800151350554767937e+00
2.474421263218062350e+01,3.300903264581476648e+00
2.476421834809945821e+01,3.056509152787809658e+00
2.478422406401828937e+01,4.708553218558377829e+00
2.480422977993712408e+01,4.602980053973618091e+00
2.482423549585595879e+01,3.854656869230583371e+00
2.484424121177479350e+01,3.915039020136680037e+00
2.486424692769362821e+01,4.193837338520661540e+00
2.488425264361246292e+01,3.288577102290863419e+00
2.490425835953129763e+01,3.738014173041721566e+00
2.492426407545012879e+01,3.527713057043647460e+00
2.494426979136896350e+01,3.348250038224236835e+00
2.496427550728779821e+01,4.374260298159612148e+00
2.498428122320662936e+01,4.094607865545544456e+00
2.500428693912546407e+01,3.190626067972579527e+00
2.502429265504429878e+01,3.895230144350058321e+00
2.504429837096313349e+01,3.756789045104817149e+00
2.506430408688196820e+01,4.228789110237043403e+00
2.508430980280080291e+01,3.010631121353973150e+00
2.510431551871963762e+01,3.747594390481904902e+00
2.512432123463846878e+01,4.392637477249949463e+00
2.514432695055730349e+01,4.295703834508773689e+00
2.516433266647613465e+01,3.722742843399894141e+00
2.518433838239496936e+01,3.845695799797524295e+00
2.520434409831380407e+01,2.996194337243412775e+00
2.522434981423263878e+01,3.795597902029751225e+00
2.524435553015147349e+01,4.065150086925569894e+00
2.526436124607030820e+01,4.094163816330538275e+00
2.528436696198914291e+01,3.657381342142613789e+00
2.530437267790797407e+01,4.202513797684635399e+00
2.532437839382680878e+01,3.491342710015113759e+00
2.534438410974563993e+01,4.557456177083754945e+00
2.536438982566447464e+01,3.976527956266585839e+00
2.538439554158330935e+01,4.356525662266228061e+00
2.540440125750214406e+01,3.335399833915350776e+00
2.542440697342097877e+01,4.376854116254858873e+00
2.544441268933981348e+01,4.221025721123430330e+00
2.546441840525864819e+01,3.536746104227960430e+00
2.548442412117747935e+01,3.908901826877256180e+00
2.550442983709631406e+01,4.356169443491388904e+00
2.552443555301514877e+01,4.660568036495252642e+00
2.554444126893397993e+01,4.020717919482658331e+00
2.556444698485281464e+01,3.382635251127345200e+00
2.558445270077164935e+01,3.623289677758033456e+00
2.560445841669048406e+01,3.761692413091271447e+00
2.562446413260931877e+01,4.299584692761857951e+00
2.564446984852815348e+01,3.982844008713529504e+00
2.566447556444698819e+01,3.785540638409107927e+00
2.568448128036581934e+01,4.762655866249157377e+00
2.570448699628465405e+01,4.160542604638010289e+00
2.572449271220348521e+01,4.414119758320707021e+00
2.574449842812231992e+01,4.391994055016346543e+00
2.576450414404115463e+01,4.895860650270163816e+00
2.578450985995998934e+01,4.483384616686707957e+00
2.580451557587882405e+01,4.682049478644271900e+00
2.582452129179765876e+01,4.820036439218259083e+00
2.584452700771649347e+01,4.563559174393224893e+00
2.586453272363532463e+01,4.558190997724712368e+00
2.588453843955415934e+01,4.956821469862306984e+00
2.590454415547299405e+01,5.484220093668477070e+00
2.592454987139182521e+01,4.885317351941473873e+00
2.594455558731065992e+01,4.847678135271538125e+00
2.596456130322949463e+01,5.247755774937425066e+00
2.598456701914832934e+01,5.493855908774337493e+00
2.600457273506716405e+01,5.758864588546357410e+00
2.602457845098599520e+01,5.652255900264560040e+00
2.604458416690482991e+01,5.613207604067525835e+00
2.606458988282366462e+01,6.081503169119129915e+00
2.608459559874249933e+01,6.498815286343177178e+00
2.610460131466133404e+01,6.613340399415150728e+00
2.612460703058016520e+01,7.352944366070792270e+00
2.614461274649899991e+01,7.626966960656917038e+00
2.616461846241783462e+01,6.996246282329369848e+00
2.618462417833666933e+01,7.114301503583810415e+00
2.620462989425550404e+01,8.061378375849008293e+00
2.622463561017433520e+01,7.602977800541292019e+00
2.624464132609316991e+01,8.770540040501350276e+00
2.626464704201200462e+01,8.588445307289857666e+00
2.628465275793083933e+01,8.921564905483494456e+00
2.630465847384967049e+01,1.049645228900070926e+01
2.632466418976850520e+01,1.015743131030500734e+01
2.634466990568733991e+01,1.094459566955754326e+01
2.636467562160617462e+01,1.097177907479224857e+01
2.638468133752500933e+01,1.093601531773916946e+01
2.640468705344384048e+01,1.269796476674430608e+01
2.642469276936267519e+01,1.310126758319744233e+01
2.644469848528150990e+01,1.306086098275864771e+01
2.646470420120034461e+01,1.358597530593746683e+01
2.648470991711917932e+01,1.504807849207739423e+01
2.650471563303801048e+01,1.643001514743724556e+01
2.652472134895684519e+01,1.595191929514465912e+01
2.654472706487567990e+01,1.762654394691079318e+01
2.656473278079451461e+01,1.865931605132920978e+01
2.658473849671334932e+01,1.844477239023427728e+01
2.660474421263218048e+01,1.985878623516814656e+01
2.662474992855101519e+01,2.158486165222349840e+01
2.664475564446984990e+01,2.195576645009123951e+01
2.666476136038868461e+01,2.266555959539743625e+01
2.668476707630751577e+01,2.297490492613674817e+01
2.670477279222635048e+01,2.411963557612744324e+01
2.672477850814518519e+01,2.541064152147431088e+01
2.674478422406401990e+01,2.661982052116788111e+01
2.676478993998285461e+01,2.684056923877902889e+01
2.678479565590168576e+01,2.759392271526554907e+01
2.680480137182052047e+01,2.784491415304493955e+01
2.682480708773935518e+01,2.867540801710568132e+01
2.684481280365818989e+01,2.869873631556411198e+01
2.686481851957702460e+01,2.864367401202104446e+01
2.688482423549585576e+01,2.890984062540481503e+01
2.690482995141469047e+01,2.877772001547911884e+01
2.692483566733352518e+01,2.870476858627698036e+01
2.694484138325235989e+01,2.846347093430084030e+01
2.696484709917119105e+01,2.700045830722998375e+01
2.698485281509002576e+01,2.594589268046320996e+01
2.700485853100886047e+01,2.595302913832662028e+01
2.702486424692769518e+01,2.497127953727876104e+01
2.704486996284652989e+01,2.334533804236638943e+01
2.706487567876536104e+01,2.239345381667576618e+01
2.708488139468419575e+01,2.195934875208700277e+01
2.710488711060303046e+01,2.071390027625357533e+01
2.712489282652186517e+01,1.920513911203704183e+01
2.714489854244069988e+01,1.652083694767787492e+01
2.716490425835953104e+01,1.568155919179720570e+01
2.718490997427836575e+01,1.419092376426316093e+01
2.720491569019720046e+01,1.360797465579193499e+01
2.722492140611603517e+01,1.210101863677085277e+01
2.724492712203486633e+01,1.039861537260614277e+01
2.726493283795370104e+01,9.949508017399796955e+00
2.728493855387253575e+01,9.638717967587346891e+00
2.730494426979137046e+01,8.462480542930999050e+00
2.732494998571020517e+01,7.455804557243466135e+00
2.734495570162903633e+01,6.337987384269736069e+00
2.736496141754787104e+01,5.852285179627541467e+00
2.738496713346670575e+01,5.393163926508156791e+00
2.740497284938554046e+01,5.057956511817367939e+00
2.742497856530437517e+01,5.522834835524164987e+00
2.744498428122320632e+01,4.441915160413720365e+00
2.746498999714204103e+01,4.371569765390929341e+00
2.748499571306087574e+01,4.187785358445270667e+00
2.750500142897971045e+01,4.655765037149789620e+00
2.752500714489854516e+01,4.434259181135622008e+00
2.754501286081737632e+01,4.509499380493158682e+00
2.756501857673621103e+01,4.320084328559503639e+00
2.758502429265504574e+01,4.638907696782825774e+00
2.760503000857388045e+01,4.292061787444618304e+00
2.762503572449271161e+01,4.387690008180078927e+00
2.764504144041154632e+01,4.627127266551755547e+00
2.766504715633038103e+01,4.494019964868165573e+00
2.768505287224921574e+01,3.636605031340739203e+00
2.770505858816805045e+01,4.646358573233455580e+00
2.772506430408688161e+01,3.507408284820144218e+00
2.774507002000571632e+01,3.915264837089064365e+00
2.776507573592455103e+01,3.700028341850129188e+00
2.778508145184338574e+01,3.855689441987333765e+00
2.780508716776222045e+01,3.898717375404132213e+00
2.782509288368105160e+01,3.767996168803512624e+00
2.784509859959988631e+01,4.012558511022860763e+00
2.786510431551872102e+01,3.797571425844753268e+00
2.788511003143755573e+01,4.169750762162444779e+00
2.790511574735638689e+01,3.302615720572107616e+00
2.792512146327522160e+01,3.506155467040255491e+00
2.794512717919405631e+01,3.849883642768602066e+00
2.796513289511289102e+01,4.403113717266259108e+00
2.798513861103172573e+01,3.791477979296533629e+00
2.800514432695055689e+01,4.083178606186365300e+00
2.802515004286939160e+01,4.002366001622427838e+00
2.804515575878822631e+01,4.119519925038000352e+00
2.806516147470706102e+01,3.647234155510221676e+00
2.808516719062589573e+01,3.303719084580640786e+00
2.810517290654472689e+01,3.924123250885766190e+00
2.812517862246356160e+01,3.905750015284742194e+00
2.814518433838239631e+01,4.266253333915489776e+00
2.816519005430123102e+01,3.403018546468750127e+00
2.818519577022006217e+01,3.607576768315640336e+00
2.820520148613889688e+01,3.998933070286422531e+00
2.822520720205773159e+01,3.824835900964460134e+00
2.824521291797656630e+01,4.073829333221085314e+00
2.826521863389540101e+01,3.495498631121085609e+00
2.828522434981423217e+01,3.747557511790191143e+00
2.830523006573306688e+01,4.765245051871120907e+00
2.832523578165190159e+01,4.578637812740243618e+00
2.834524149757073630e+01,4.512143361794117347e+00
2.836524721348957101e+01,3.473032203023812770e+00
2.838525292940840217e+01,4.503985505618173235e+00
2.840525864532723688e+01,4.053440382533673336e+00
2.842526436124607159e+01,5.052433162970284997e+00
2.844527007716490630e+01,4.251310020649702537e+00
2.846527579308374101e+01,5.220569897115559854e+00
2.848528150900257216e+01,4.496353460808204083e+00
2.850528722492140687e+01,4.625825611659860392e+00
2.852529294084024158e+01,5.400640697549053293e+00
2.854529865675907629e+01,5.400170768306517211e+00
2.856530437267790745e+01,4.845127189032568005e+00
2.858531008859674216e+01,5.463035651307723839e+00
2.860531580451557687e+01,5.434559882735263692e+00
2.862532152043441158e+01,5.102553184256631624e+00
2.864532723635324629e+01,5.532217569119900702e+00
2.866533295227207745e+01,5.771164743096520056e+00
2.868533866819091216e+01,6.061626084857323349e+00
2.870534438410974687e+01,6.909973987750852586e+00
2.872535010002858158e+01,7.233324511652030608e+00
2.874535581594741629e+01,6.491367007590478799e+00
2.876536153186624745e+01,7.039033061640751043e+00
2.878536724778508216e+01,7.343046147447811478e+00
2.880537296370391687e+01,7.123856261670253431e+00
2.882537867962275158e+01,8.293155192147352750e+00
2.884538439554158273e+01,8.194669320570199034e+00
2.886539011146041744e+01,8.930276119434701343e+00
2.888539582737925215e+01,8.619829488319949107e+00
2.890540154329808686e+01,1.028190823720660063e+01
2.892540725921692157e+01,9.199218941121511506e+00
2.894541297513575273e+01,1.057480028716133447e+01
2.896541869105458744e+01,1.129133102654918730e+01
2.898542440697342215e+01,1.212741340224825493e+01
2.900543012289225686e+01,1.242320699449212640e+01
2.902543583881109157e+01,1.277701431840624835e+01
2.904544155472992273e+01,1.354152645312843894e+01
2.906544727064875744e+01,1.415378055591265394e+01
2.908545298656759215e+01,1.397354579219852155e+01
2.910545870248642686e+01,1.576033298057127752e+01
2.912546441840525802e+01,1.546261070581222441e+01
2.914547013432409273e+01,1.696180223781449925e+01
2.916547585024292744e+01,1.770632339544465594e+01
2.918548156616176215e+01,1.902308044836501111e+01
2.920548728208059686e+01,1.879803768802223374e+01
2.922549299799942801e+01,1.983762393717624306e+01
2.924549871391826272e+01,2.169754933276009723e+01
2.926550442983709743e+01,2.230309411543177589e+01
2.928551014575593214e+01,2.276835784200601154e+01
2.930551586167476685e+01,2.368250256038047041e+01
2.932552157759359801e+01,2.445268296593695467e+01
2.934552729351243272e+01,2.523883390031970464e+01
2.936553300943126743e+01,2.662852818633435703e+01
2.938553872535010214e+01,2.632241601311705637e+01
2.940554444126893330e+01,2.729081082234255717e+01
2.942555015718776801e+01,2.776687201292023133e+01
2.944555587310660272e+01,2.745871735282455361e+01
2.946556158902543743e+01,2.785883083204958410e+01
2.948556730494427214e+01,2.782878832231695299e+01
2.950557302086310330e+01,2.775303280577634268e+01
2.952557873678193801e+01,2.773153011201847207e+01
2.954558445270077272e+01,2.812143555293479125e+01
2.956559016861960743e+01,2.745902934655725858e+01
2.958559588453844214e+01,2.806610860147510778e+01
2.960560160045727329e+01,2.887817389105513755e+01
2.962560731637610800e+01,2.907420104011519157e+01
2.964561303229494271e+01,2.972457326576741821e+01
2.966561874821377742e+01,3.073303660724624109e+01
2.968562446413261213e+01,3.146794657041805365e+01
2.970563018005144329e+01,3.326867751914737426e+01
2.972563589597027800e+01,3.456443383168169703e+01
2.974564161188911271e+01,3.705470962061178852e+01
2.976564732780794742e+01,3.859148029448767403e+01
2.978565304372677858e+01,4.016372914059057564e+01
2.980565875964561329e+01,4.271236170406572796e+01
2.982566447556444800e+01,4.527884359342539966e+01
2.984567019148328271e+01,4.883641864155231360e+01
2.986567590740211742e+01,5.199783791165755531e+01
2.988568162332094857e+01,5.454390816056259439e+01
2.990568733923978328e+01,5.732031980807096261e+01
2.992569305515861799e+01,6.099151183123262143e+01
2.994569877107745270e+01,6.406641933771781794e+01
2.996570448699628741e+01,6.785715776970258162e+01
2.998571020291511857e+01,7.164725175331699347e+01
3.000571591883395328e+01,7.468058486251914019e+01
3.002572163475278799e+01,7.862905231702426079e+01
3.004572735067162270e+01,8.190033746859538155e+01
3.006573306659045386e+01,8.494634684738909414e+01
3.008573878250928857e+01,8.776351461253977959e+01
3.010574449842812328e+01,9.075285612118355516e+01
3.012575021434695799e+01,9.239650845914941613e+01
3.014575593026579270e+01,9.408852215871880276e+01
3.016576164618462386e+01,9.462113193468309191e+01
3.018576736210345857e+01,9.480568504230060967e+01
3.020577307802229328e+01,9.522034336856278003e+01
3.022577879394112799e+01,9.473005113695893442e+01
3.024578450985996270e+01,9.233287107581642772e+01
3.026579022577879385e+01,9.055197507652363242e+01
3.028579594169762856e+01,8.770819279334139651e+01
3.030580165761646327e+01,8.498690308695071849e+01
3.032580737353529798e+01,8.036355716932916948e+01
3.034581308945412914e+01,7.560933883272282685e+01
3.036581880537296385e+01,7.171862063768891460e+01
3.038582452129179856e+01,6.705976857828159154e+01
3.040583023721063327e+01,6.226516988255410467e+01
3.042583595312946798e+01,5.731949880594649471e+01
3.044584166904829914e+01,5.177754620643220562e+01
3.046584738496713385e+01,4.698117046652996009e+01
3.048585310088596856e+01,4.229019860882914372e+01
3.050585881680480327e+01,3.743468197738573622e+01
3.052586453272363798e+01,3.276031224534050779e+01
3.054587024864246914e+01,2.909583398797702714e+01
3.056587596456130385e+01,2.635033231514886509e+01
3.058588168048013856e+01,2.223926664072322268e+01
3.060588739639897327e+01,1.937914939146486404e+01
3.062589311231780798e+01,1.740397378977692000e+01
3.064589882823663913e+01,1.411025821943432135e+01
3.066590454415547384e+01,1.208125406630015597e+01
3.068591026007430855e+01,1.154080062782346516e+01
3.070591597599314326e+01,1.027622141068151862e+01
3.072592169191197442e+01,9.383943028196252811e+00
3.074592740783080913e+01,8.242581284777113382e+00
3.076593312374964384e+01,8.103476202354734426e+00
3.078593883966847855e+01,7.218955679890743937e+00
3.080594455558731326e+01,6.710300554254875038e+00
3.082595027150614442e+01,7.051426809002097507e+00
3.084595598742497913e+01,6.068195819350570730e+00
3.086596170334381384e+01,5.836672809833480358e+00
3.088596741926264855e+01,5.783155020272117142e+00
3.090597313518148326e+01,5.811104322828147595e+00
3.092597885110031442e+01,4.972495491889679542e+00
3.094598456701914913e+01,6.005049026216160435e+00
3.096599028293798384e+01,5.165950196252415694e+00
3.098599599885681855e+01,5.170128888218068042e+00
3.100600171477564970e+01,4.800923332265325527e+00
3.102600743069448441e+01,4.507480750387137469e+00
3.104601314661331912e+01,4.814638562719490977e+00
3.106601886253215383e+01,4.592779915029122861e+00
3.108602457845098854e+01,5.423609312295310403e+00
3.110603029436981970e+01,4.570648985533100728e+00
3.112603601028865441e+01,4.817981658871441475e+00
3.114604172620748912e+01,4.570886205563741811e+00
3.116604744212632383e+01,4.412961558135707563e+00
3.118605315804515854e+01,4.608163354740012707e+00
3.120605887396398970e+01,4.705616661497874276e+00
3.122606458988282441e+01,5.204184842047313353e+00
3.124607030580165912e+01,5.218611986315616846e+00
3.126607602172049383e+01,4.292037654649856648e+00
3.128608173763932498e+01,4.925470184017417985e+00
3.130608745355815969e+01,4.692226559277106190e+00
3.132609316947699440e+01,4.987876690560263171e+00
3.134609888539582911e+01,4.686321628897538005e+00
3.136610460131466382e+01,3.644781193596766666e+00
3.138611031723349498e+01,4.064942006316999645e+00
3.140611603315232969e+01,4.681198195689438180e+00
3.142612174907116440e+01,4.261604351495815735e+00
3.144612746498999911e+01,4.128380661635155491e+00
3.146613318090883382e+01,5.020341447622508113e+00
3.148613889682766498e+01,4.117712581195418053e+00
3.150614461274649969e+01,3.700378113733198582e+00
3.152615032866533440e+01,4.683361677862879269e+00
3.154615604458416911e+01,4.180942139122349133e+00
3.156616176050300382e+01,3.812803590787478658e+00
3.158616747642183498e+01,4.503746454049394998e+00
3.160617319234066969e+01,4.797389875584133101e+00
3.162617890825950440e+01,3.387771578664815042e+00
3.164618462417833911e+01,3.820262251578512291e+00
3.166619034009717026e+01,5.040337176934630570e+00
3.168619605601600497e+01,4.839488748321013389e+00
3.170620177193483968e+01,4.527126780668593753e+00
3.172620748785367439e+01,4.443202868240139658e+00
3.174621320377250910e+01,4.610916886212654831e+00
3.176621891969134026e+01,4.422036148367261887e+00
3.178622463561017497e+01,4.389068102673289395e+00
3.180623035152900968e+01,3.908777736662797597e+00
3.182623606744784439e+01,4.704750547501911129e+00
3.184624178336667910e+01,4.770219908194947678e+00
3.186624749928551026e+01,4.217613570270958512e+00
3.188625321520434497e+01,4.725791076570222238e+00
3.190625893112317968e+01,4.148850997897074677e+00
3.192626464704201439e+01,3.701607309172353588e+00
3.194627036296084555e+01,4.370259185105619615e+00
3.196627607887968026e+01,4.374372928977837027e+00
3.198628179479851497e+01,4.313992764068196983e+00
3.200628751071734968e+01,4.616176396870939058e+00
3.202629322663618439e+01,4.190119204873965941e+00
3.204629894255501199e+01,5.151505218850809698e+00
3.206630465847385381e+01,4.561845548685723450e+00
3.208631037439268141e+01,4.985737030206646381e+00
3.210631609031152323e+01,4.591833531171255700e+00
3.212632180623035083e+01,5.007835805434076804e+00
3.214632752214918554e+01,4.876278161476452766e+00
3.216633323806802025e+01,5.147156386806712725e+00
3.218633895398685496e+01,4.180756795158491634e+00
3.220634466990568967e+01,5.335840104874701950e+00
3.222635038582451728e+01,4.751618253022650507e+00
3.224635610174335909e+01,5.107766718948161255e+00
3.226636181766218670e+01,5.338534031609449393e+00
3.228636753358102851e+01,5.148775481730496928e+00
3.230637324949985612e+01,5.710712884932014788e+00
3.232637896541869083e+01,5.823842705879577863e+00
3.234638468133752554e+01,6.140209302034010719e+00
3.236639039725636025e+01,6.577144218582555268e+00
3.238639611317519496e+01,6.470545514706703472e+00
3.240640182909402967e+01,7.334665089923080750e+00
3.242640754501286438e+01,7.657163727985533797e+00
3.244641326093169198e+01,8.059176672430037769e+00
3.246641897685053380e+01,8.680715979834118912e+00
3.248642469276936140e+01,8.518945406207580007e+00
3.250643040868819611e+01,9.514996745804243261e+00
3.252643612460703082e+01,9.890550999559998502e+00
3.254644184052586553e+01,1.044268106006826713e+01
3.256644755644470024e+01,1.184006772018191000e+01
3.258645327236353495e+01,1.327644678347385820e+01
3.260645898828236966e+01,1.337793451681566737e+01
3.262646470420119726e+01,1.432970275294145068e+01
3.264647042012003908e+01,1.560185901221130145e+01
3.266647613603886668e+01,1.740725849637881595e+01
3.268648185195770850e+01,1.858969785484443094e+01
3.270648756787653610e+01,1.988404155242962190e+01
3.272649328379537081e+01,2.143941064772209870e+01
3.274649899971420552e+01,2.282044592786263948e+01
3.276650471563304023e+01,2.456067898675399874e+01
3.278651043155187494e+01,2.658145372969412534e+01
3.280651614747070255e+01,2.784445666167639288e+01
3.282652186338954436e+01,3.044679969570324829e+01
3.284652757930837197e+01,3.278870982749499774e+01
3.286653329522721378e+01,3.539066870408796461e+01
3.288653901114604139e+01,3.687536017287536083e+01
3.290654472706487610e+01,3.975914045130366503e+01
3.292655044298371081e+01,4.275285610241603962e+01
3.294655615890254552e+01,4.526124539147973991e+01
3.296656187482138023e+01,4.731466914117523714e+01
3.298656759074020783e+01,5.024163392230562408e+01
3.300657330665904965e+01,5.377633313314829877e+01
3.302657902257787725e+01,5.656174469302258956e+01
3.304658473849671907e+01,5.742789127023375784e+01
3.306659045441554667e+01,6.064620491158486004e+01
3.308659617033438138e+01,6.250587188772226455e+01
3.310660188625321609e+01,6.394778802583986987e+01
3.312660760217205080e+01,6.584273207093727365e+01
3.314661331809088551e+01,6.720548933686998794e+01
3.316661903400971312e+01,6.753269823920567205e+01
3.318662474992855493e+01,6.700311346123176293e+01
3.320663046584738254e+01,6.640447275343399269e+01
3.322663618176622435e+01,6.558759758938748519e+01
3.324664189768505196e+01,6.267392580656947132e+01
3.326664761360388667e+01,6.052423133943020161e+01
3.328665332952272138e+01,5.783736685151586698e+01
3.330665904544155609e+01,5.372048438299215434e+01
3.332666476136039080e+01,5.089295456150421160e+01
3.334667047727922551e+01,4.666762173931908109e+01
3.336667619319806022e+01,4.272645249021226732e+01
3.338668190911688782e+01,3.833584385773968961e+01
3.340668762503572964e+01,3.406802824059410284e+01
3.342669334095455724e+01,3.039677712916191155e+01
3.344669905687339195e+01,2.643663219898292382e+01
3.346670477279222666e+01,2.353756147949805921e+01
3.348671048871106137e+01,2.065903356621537768e+01
3.350671620462989608e+01,1.854629297455698378e+01
3.352672192054873079e+01,1.589696942788463474e+01
3.354672763646756550e+01,1.396758234142590638e+01
3.356673335238639311e+01,1.248406644151828360e+01
3.358673906830523492e+01,9.927005657901215585e+00
3.360674478422406253e+01,9.394692323165887871e+00
3.362675050014290434e+01,9.072636550356467211e+00
3.364675621606173195e+01,7.270656642667249869e+00
3.366676193198056666e+01,7.079080468675950755e+00
3.368676764789940137e+01,7.034435950678734173e+00
3.370677336381823608e+01,6.110714916392181451e+00
3.372677907973707079e+01,6.105819590838377664e+00
3.374678479565589839e+01,5.784856065120428603e+00
3.376679051157474021e+01,5.570899942332890653e+00
3.378679622749356781e+01,5.273665281392407422e+00
3.380680194341240963e+01,5.273949235241382816e+00
3.382680765933123723e+01,5.316568964695474797e+00
3.384681337525007194e+01,5.517289300687916231e+00
3.386681909116890665e+01,5.188411421085593389e+00
3.388682480708774136e+01,4.947550085573279688e+00
3.390683052300657607e+01,3.866662552020011745e+00
3.392683623892540368e+01,4.424782715864067129e+00
3.394684195484424549e+01,4.517136903694911609e+00
3.396684767076307310e+01,4.003039180894462312e+00
3.398685338668191491e+01,4.641636662427799820e+00
3.400685910260074252e+01,4.552327413525613764e+00
3.402686481851957723e+01,4.669925081398166533e+00
3.404687053443841194e+01,3.458309282460819034e+00
3.406687625035724665e+01,4.768270816025221848e+00
3.408688196627608136e+01,4.415038600069664199e+00
3.410688768219490896e+01,4.283370645752999195e+00
3.412689339811375078e+01,4.748839119559831623e+00
3.414689911403257838e+01,4.268252448292652268e+00
3.416690482995142020e+01,3.918923594695212564e+00
3.418691054587024780e+01,3.730351155207376923e+00
3.420691626178908251e+01,3.996285612512665342e+00
3.422692197770791722e+01,4.336330059885101562e+00
3.424692769362675193e+01,4.308811651385706654e+00
3.426693340954558664e+01,4.402386049857791583e+00
3.428693912546442135e+01,3.861699337438301960e+00
3.430694484138325606e+01,4.616222739181028878e+00
3.432695055730208367e+01,3.826072241943157870e+00
3.434695627322092548e+01,4.077742423621834256e+00
3.436696198913975309e+01,4.065769138467688393e+00
3.438696770505858780e+01,4.004952831757977449e+00
3.440697342097742251e+01,3.714158652626662782e+00
3.442697913689625722e+01,3.791397069548321674e+00
3.444698485281509193e+01,3.308379180324483304e+00
3.446699056873392664e+01,3.711392525742618353e+00
3.448699628465276135e+01,3.993104270525681621e+00
3.450700200057158895e+01,3.707355217976113337e+00
3.452700771649043077e+01,3.636380508934926148e+00
3.454701343240925837e+01,4.254192892716110563e+00
3.456701914832810019e+01,4.733218922652874916e+00
3.458702486424692779e+01,4.198013890441758100e+00
3.460703058016576250e+01,3.176607123838588009e+00
3.462703629608459721e+01,3.089987468572900298e+00
3.464704201200343192e+01,3.172763831621050468e+00
3.466704772792226663e+01,3.733588154506818579e+00
3.468705344384109424e+01,4.538542567630841518e+00
3.470705915975993605e+01,4.673346538938135453e+00
3.472706487567876366e+01,4.672898220906927413e+00
3.474707059159760547e+01,3.481502999499788586e+00
3.476707630751643308e+01,4.524468607987844671e+00
3.478708202343526779e+01,4.205566421684036271e+00
3.480708773935410250e+01,4.030823051777366217e+00
3.482709345527293721e+01,3.470760270737913711e+00
3.484709917119177192e+01,4.172670366217289484e+00
3.486710488711059952e+01,4.159612113526126365e+00
3.488711060302944134e+01,4.153456145501195351e+00
3.490711631894826894e+01,4.506285591636009613e+00
3.492712203486711076e+01,4.863107142948511985e+00
3.494712775078593836e+01,3.503992845931382938e+00
3.496713346670477307e+01,4.010037806022646478e+00
3.498713918262360778e+01,3.836343747250082981e+00
3.500714489854244249e+01,4.875249323663831902e+00
3.502715061446127720e+01,5.039832294742033980e+00
3.504715633038010481e+01,4.806397099469875478e+00
3.506716204629894662e+01,4.013973774271949679e+00
3.508716776221777423e+01,4.571302094010031070e+00
3.510717347813661604e+01,4.109709849160060990e+00
3.512717919405544365e+01,4.600032958638465175e+00
3.514718490997427836e+01,4.458064703310713917e+00
3.516719062589311307e+01,4.704779383945815852e+00
3.518719634181194778e+01,4.895465463799737904e+00
3.520720205773078249e+01,5.415226492740640829e+00
3.522720777364961720e+01,4.736261695167296892e+00
3.524721348956845191e+01,4.608222447174255443e+00
3.526721920548727951e+01,4.651612117221733733e+00
3.528722492140612133e+01,4.791685579462799716e+00
3.530723063732494893e+01,4.827896620730962596e+00
3.532723635324378364e+01,4.614194785889893069e+00
3.534724206916261835e+01,4.178875698775496694e+00
3.536724778508145306e+01,5.168536986984022974e+00
3.538725350100028777e+01,4.918841265391181494e+00
3.540725921691912248e+01,3.521129864345707183e+00
3.542726493283795719e+01,4.365487575059684211e+00
3.544727064875678479e+01,4.031806540864226740e+00
3.546727636467562661e+01,4.466638157730537628e+00
3.548728208059445421e+01,3.427599758105603911e+00
3.550728779651329603e+01,4.046868086246933061e+00
3.552729351243212363e+01,3.751009210915963621e+00
3.554729922835095834e+01,4.726058233348000570e+00
3.556730494426979305e+01,3.375999168138446471e+00
3.558731066018862776e+01,3.207574044876614572e+00
3.560731637610746247e+01,3.767780768384238588e+00
3.562732209202629008e+01,4.080377968083884532e+00
3.564732780794513189e+01,3.773378776194907136e+00
3.566733352386395950e+01,3.599063244986546728e+00
3.568733923978280131e+01,3.283345959941049053e+00
3.570734495570162892e+01,3.902459269793982166e+00
3.572735067162046363e+01,3.296274906088478396e+00
3.574735638753929834e+01,2.752003664248474646e+00
3.576736210345813305e+01,4.197896022070074729e+00
3.578736781937696776e+01,3.554985294706022536e+00
3.580737353529579536e+01,3.831782851236996912e+00
3.582737925121463718e+01,3.594685807147474321e+00
3.584738496713346478e+01,3.930630561615916285e+00
3.586739068305230660e+01,3.233264120094224037e+00
3.588739639897113420e+01,3.507891694407046845e+00
3.590740211488996891e+01,3.281839862518372897e+00
3.592740783080880362e+01,2.738839810800134611e+00
3.594741354672763833e+01,3.362680836247196048e+00
3.596741926264647304e+01,3.252172562316295146e+00
3.598742497856530065e+01,3.193944282065070972e+00
3.600743069448414246e+01,2.868800384361342992e+00
3.602743641040297007e+01,3.137486856973701776e+00
3.604744212632181188e+01,2.779612288761851957e+00
3.606744784224063949e+01,3.752732833694300218e+00
3.608745355815947420e+01,2.848565924762766599e+00
3.610745927407830891e+01,3.914541800572954866e+00
3.612746498999714362e+01,3.013255722554863958e+00
3.614747070591597833e+01,3.240510559074540442e+00
3.616747642183481304e+01,3.098668980434053921e+00
3.618748213775364775e+01,3.652132314371145050e+00
3.620748785367247535e+01,3.986224988237694777e+00
3.622749356959131717e+01,3.964223662578669316e+00
3.624749928551014477e+01,3.451382326861372363e+00
3.626750500142897948e+01,2.999280552214935280e+00
3.628751071734781419e+01,3.893599781049485564e+00
3.630751643326664890e+01,3.341746510117961311e+00
3.632752214918548361e+01,3.545389215463092825e+00
3.634752786510431832e+01,3.145092345377092258e+00
3.636753358102315303e+01,4.053691638848024859e+00
3.638753929694198064e+01,4.014000699665996486e+00
3.640754501286082245e+01,3.586189974816345050e+00
3.642755072877965006e+01,3.523567134214356855e+00
3.644755644469849187e+01,3.585202061183398126e+00
3.646756216061731948e+01,3.356592106532660047e+00
3.648756787653615419e+01,4.452522765485069201e+00
3.650757359245498890e+01,3.121247559437290597e+00
3.652757930837382361e+01,3.360503680423904349e+00
3.654758502429265832e+01,3.874893191198840015e+00
3.656759074021148592e+01,4.206433008528457584e+00
3.658759645613032774e+01,3.880756704922624145e+00
3.660760217204915534e+01,3.913679301119086240e+00
3.662760788796799716e+01,2.951904830072438202e+00
3.664761360388682476e+01,3.718444922914961648e+00
3.666761931980565947e+01,3.575506171040668590e+00
3.668762503572449418e+01,4.192618426493435635e+00
3.670763075164332889e+01,4.258450338846090588e+00
3.672763646756216360e+01,3.280570989437827212e+00
3.674764218348099121e+01,3.277776447156456552e+00
3.676764789939983302e+01,3.950100611814737483e+00
3.678765361531866063e+01,3.489661399201146708e+00
3.680765933123750244e+01,3.543946457893449420e+00
3.682766504715633005e+01,3.769487521213689796e+00
3.684767076307516476e+01,3.626658352781227279e+00
3.686767647899399947e+01,4.428632297462074874e+00
3.688768219491283418e+01,3.984279863896576401e+00
3.690768791083166889e+01,4.329149074741337699e+00
3.692769362675049649e+01,3.737799724325873374e+00
3.694769934266933831e+01,3.716717492811178580e+00
3.696770505858816591e+01,4.172955955682397189e+00
3.698771077450700773e+01,4.064602046163818372e+00
3.700771649042583533e+01,4.294507908137896735e+00
3.702772220634467004e+01,3.355687575325238647e+00
3.704772792226350475e+01,4.390262313008856943e+00
3.706773363818233946e+01,3.162932991257062287e+00
3.708773935410117417e+01,4.168391939074028052e+00
3.710774507002000888e+01,3.161303609203469200e+00
3.712775078593884359e+01,4.231086040202081122e+00
3.714775650185767120e+01,3.825157381703652604e+00
3.716776221777651301e+01,3.761338174791359457e+00
3.718776793369534062e+01,3.508143717219593505e+00
3.720777364961417533e+01,3.756282285139606714e+00
3.722777936553301004e+01,3.339052646184940354e+00
3.724778508145184475e+01,2.980556675081694085e+00
3.726779079737067946e+01,3.975298668728847851e+00
3.728779651328951417e+01,2.925547912649604676e+00
3.730780222920834888e+01,3.486376514558657380e+00
3.732780794512717648e+01,3.291623630005548584e+00
3.734781366104601830e+01,4.433793712349647365e+00
3.736781937696484590e+01,3.637805811883470852e+00
3.738782509288368772e+01,3.325331553902055148e+00
3.740783080880251532e+01,3.423593799060325793e+00
3.742783652472135003e+01,3.919787759612506584e+00
3.744784224064018474e+01,4.239347580192724507e+00
3.746784795655901945e+01,3.654151080658498252e+00
3.748785367247785416e+01,3.291703527057041168e+00
3.750785938839668177e+01,4.210383638257864547e+00
3.752786510431552358e+01,4.480583490863639717e+00
3.754787082023435119e+01,3.571466233789887035e+00
3.756787653615319300e+01,4.236292136937169772e+00
3.758788225207202061e+01,3.599557579378636074e+00
3.760788796799085532e+01,3.812246096515177207e+00
3.762789368390969003e+01,3.788020474433873019e+00
3.764789939982852474e+01,4.614563448774442911e+00
3.766790511574735945e+01,3.337654762381625950e+00
3.768791083166618705e+01,3.909157797792071065e+00
3.770791654758502887e+01,3.226827631680927677e+00
3.772792226350385647e+01,3.973434704414434915e+00
3.774792797942269829e+01,3.455909453617486360e+00
3.776793369534152589e+01,4.600382872691518799e+00
3.778793941126036060e+01,4.272901473021492258e+00
3.780794512717919531e+01,4.282260840244282107e+00
3.782795084309803002e+01,3.994303429435970720e+00
3.784795655901686473e+01,3.822250380982282092e+00
3.786796227493569234e+01,4.484882912666657617e+00
3.788796799085453415e+01,4.547145931322695844e+00
3.790797370677336176e+01,4.750309281999010480e+00
3.792797942269220357e+01,4.525209589147868527e+00
3.794798513861103118e+01,4.840071440745856712e+00
3.796799085452986589e+01,4.726238477964860962e+00
3.798799657044870060e+01,4.272128273299649059e+00
3.800800228636753531e+01,4.238925186926246980e+00
3.802800800228637002e+01,4.653747546573690386e+00
3.804801371820520473e+01,4.433811336620198773e+00
3.806801943412403944e+01,4.822855571048081380e+00
3.808802515004286704e+01,5.252549400174135741e+00
3.810803086596170886e+01,5.403305542216995327e+00
3.812803658188053646e+01,5.132134488386800975e+00
3.814804229779937117e+01,5.112254140416146342e+00
3.816804801371820588e+01,5.814477400515257521e+00
3.818805372963704059e+01,5.657937997528204477e+00
3.820805944555587530e+01,5.699322263276678235e+00
3.822806516147471001e+01,6.134665985092404128e+00
3.824807087739354472e+01,6.948494628410715634e+00
3.826807659331237232e+01,7.310058699587600017e+00
3.828808230923121414e+01,6.459499868681787937e+00
3.830808802515004174e+01,7.487423772347326256e+00
3.832809374106888356e+01,7.505127542336556878e+00
3.834809945698771116e+01,8.119222088199725462e+00
3.836810517290654587e+01,7.519653176910805925e+00
3.838811088882538058e+01,8.811906116616945894e+00
3.840811660474421529e+01,9.226581873779252874e+00
3.842812232066305000e+01,8.622762558039775982e+00
3.844812803658187761e+01,9.272329806519307382e+00
3.846813375250071942e+01,9.515040735578091713e+00
3.848813946841954703e+01,1.004943361839307414e+01
3.850814518433838884e+01,8.684098514143730796e+00
3.852815090025721645e+01,9.312083190533808619e+00
3.854815661617605116e+01,8.975725846294119847e+00
3.856816233209488587e+01,8.789699450158398264e+00
3.858816804801372058e+01,9.184344490884983614e+00
3.860817376393255529e+01,9.074789868508766233e+00
3.862817947985138289e+01,8.946035105508160612e+00
3.864818519577022471e+01,8.850347723360622254e+00
3.866819091168905231e+01,7.897251195692888359e+00
3.868819662760789413e+01,8.418403459610107831e+00
3.870820234352672173e+01,7.384920147514153044e+00
3.872820805944555644e+01,7.708951838931536571e+00
3.874821377536439115e+01,7.193830504269654647e+00
3.876821949128322586e+01,6.336419534023049138e+00
3.878822520720206057e+01,6.039866002711323567e+00
3.880823092312088818e+01,5.370502034524108126e+00
3.882823663903972999e+01,6.090455289687835005e+00
3.884824235495855760e+01,5.252533462453476076e+00
3.886824807087739941e+01,4.635478864227924767e+00
3.888825378679622702e+01,4.949044204217111442e+00
3.890825950271506173e+01,5.103831572530716620e+00
3.892826521863389644e+01,3.865898302500093475e+00
3.894827093455273115e+01,4.449618220410237690e+00
3.896827665047156586e+01,3.747381797366721834e+00
3.898828236639040057e+01,3.575634506128753998e+00
3.900828808230923528e+01,3.462194945742284702e+00
3.902829379822806288e+01,4.280958023754120489e+00
3.904829951414690470e+01,4.406806628834646133e+00
3.906830523006573230e+01,3.538870897902424151e+00
3.908831094598456701e+01,4.424910653584453790e+00
3.910831666190340172e+01,3.979363718450280807e+00
3.912832237782223643e+01,2.973251967067932267e+00
3.914832809374107114e+01,3.450981307603592008e+00
3.916833380965990585e+01,3.992484190762642715e+00
3.918833952557874056e+01,3.700850128568375030e+00
3.920834524149756817e+01,3.898647649929626979e+00
3.922835095741640998e+01,4.127638264467715423e+00
3.924835667333523759e+01,3.900168083625225268e+00
3.926836238925407940e+01,3.345955294542833247e+00
3.928836810517290701e+01,2.973264544003233034e+00
3.930837382109174172e+01,3.038636117366068312e+00
3.932837953701057643e+01,3.729386968291579230e+00
3.934838525292941114e+01,3.584506722455556016e+00
3.936839096884824585e+01,3.712473543305383927e+00
3.938839668476707345e+01,2.956846376449516089e+00
3.940840240068591527e+01,4.149837281213474505e+00
3.942840811660474287e+01,3.009071312190434888e+00
3.944841383252358469e+01,3.617706091386791556e+00
3.946841954844241229e+01,3.800674914722278253e+00
3.948842526436124700e+01,3.434597838377112744e+00
3.950843098028008171e+01,3.998182698007682223e+00
3.952843669619891642e+01,3.388216087456736858e+00
3.954844241211775113e+01,4.402119185191605055e+00
3.956844812803657874e+01,3.948601535086515124e+00
3.958845384395542055e+01,3.447681274834240917e+00
3.960845955987424816e+01,3.594061508454521991e+00
3.962846527579308997e+01,4.099396829400606457e+00
3.964847099171191758e+01,4.296383286470659257e+00
3.966847670763075229e+01,3.855827238651371225e+00
3.968848242354958700e+01,4.970767462656946911e+00
3.970848813946842171e+01,4.511426604306458366e+00
3.972849385538725642e+01,4.168232152225678888e+00
3.974849957130608402e+01,4.786178274502947083e+00
3.976850528722492584e+01,4.642604265434358446e+00
3.978851100314375344e+01,4.807523823099711713e+00
3.980851671906259526e+01,5.576967092653348779e+00
3.982852243498142286e+01,4.951562518584885275e+00
3.984852815090025757e+01,5.744072982655344717e+00
3.986853386681909228e+01,6.164081135564176250e+00
3.988853958273792699e+01,5.968243077962529952e+00
3.990854529865676170e+01,6.220391904463392407e+00
3.992855101457559641e+01,6.859939611089347800e+00
3.994855673049443112e+01,7.034415619249333673e+00
3.996856244641325873e+01,7.489374810757372103e+00
3.998856816233210054e+01,7.295226943641841544e+00
4.000857387825092815e+01,7.010734288504831824e+00
4.002857959416976286e+01,8.711888243071527427e+00
4.004858531008859757e+01,8.822108464976587072e+00
4.006859102600743228e+01,1.032341349708988432e+01
4.008859674192626699e+01,1.033459588491863101e+01
4.010860245784510170e+01,1.100449409491922559e+01
4.012860817376393641e+01,1.103287970796982265e+01
4.014861388968276401e+01,1.233345308963041909e+01
4.016861960560160583e+01,1.272560799430025824e+01
4.018862532152043343e+01,1.352527252643935185e+01
4.020863103743927525e+01,1.457553257061071861e+01
4.022863675335810285e+01,1.401283640985762347e+01
4.024864246927693756e+01,1.469610821477328599e+01
4.026864818519577227e+01,1.609277986206273425e+01
4.028865390111460698e+01,1.568122830028607950e+01
4.030865961703344169e+01,1.652805528909032873e+01
4.032866533295226930e+01,1.695967508670207380e+01
4.034867104887111111e+01,1.713536485116743435e+01
4.036867676478993872e+01,1.774530637801371569e+01
4.038868248070878053e+01,1.651776669417476384e+01
4.040868819662760814e+01,1.658756131927426125e+01
4.042869391254644285e+01,1.663856147327938118e+01
4.044869962846527756e+01,1.622109432019897923e+01
4.046870534438411227e+01,1.513274265818565389e+01
4.048871106030294698e+01,1.482356940872618090e+01
4.050871677622177458e+01,1.466117370299140887e+01
4.052872249214061640e+01,1.338236072810203936e+01
4.054872820805944400e+01,1.298326729644673705e+01
4.056873392397828582e+01,1.246965782282061852e+01
4.058873963989711342e+01,1.288063240368953188e+01
4.060874535581594813e+01,1.133453601186053916e+01
4.062875107173478284e+01,1.116848840102631613e+01
4.064875678765361755e+01,1.062145215392724396e+01
4.066876250357245226e+01,9.381433692927762635e+00
4.068876821949127986e+01,1.006072283670177470e+01
4.070877393541012168e+01,9.618465420210075223e+00
4.072877965132894929e+01,8.485996280487604793e+00
4.074878536724779110e+01,7.845566407332365877e+00
4.076879108316661871e+01,7.857385198261233050e+00
4.078879679908545342e+01,8.307081974955838888e+00
4.080880251500428813e+01,8.722750890480535091e+00
4.082880823092312284e+01,8.345174005374069282e+00
4.084881394684195755e+01,8.080380974763135882e+00
4.086881966276079226e+01,8.351055873039779698e+00
4.088882537867962697e+01,8.419165544719634298e+00
4.090883109459845457e+01,8.364066749745514784e+00
4.092883681051729639e+01,8.279080568143369234e+00
4.094884252643612399e+01,8.215590367371961023e+00
4.096884824235495870e+01,8.125665324239784937e+00
4.098885395827379341e+01,8.299024600616036196e+00
4.100885967419262812e+01,8.045018018181107067e+00
4.102886539011146283e+01,7.953720283355977472e+00
4.104887110603029754e+01,7.929075981361876302e+00
4.106887682194913225e+01,7.849608285908166394e+00
4.108888253786795985e+01,8.074797761055977574e+00
4.110888825378680167e+01,7.788862447352119744e+00
4.112889396970562927e+01,7.038611918960207881e+00
4.114889968562447109e+01,7.689126113622798186e+00
4.116890540154329869e+01,6.789053365152719621e+00
4.118891111746213340e+01,6.511755535539990092e+00
4.120891683338096811e+01,6.081997888568968058e+00
4.122892254929980282e+01,5.890634254348851684e+00
4.124892826521863753e+01,5.576941350763250149e+00
4.126893398113746514e+01,5.913867844196083468e+00
4.128893969705630695e+01,5.677531585736565134e+00
4.130894541297513456e+01,5.517453324332817211e+00
4.132895112889397637e+01,5.781329476015332425e+00
4.134895684481280398e+01,5.020045939420969994e+00
4.136896256073163869e+01,4.536622410525687599e+00
4.138896827665047340e+01,4.732675027719829508e+00
4.140897399256930811e+01,3.926995148147705894e+00
4.142897970848814282e+01,4.635998003967833014e+00
4.144898542440697042e+01,4.206190259778847640e+00
4.146899114032581224e+01,4.340634167133354815e+00
4.148899685624463984e+01,4.466220152212523331e+00
4.150900257216348166e+01,4.245340728117474427e+00
4.152900828808230926e+01,4.253222601322886653e+00
4.154901400400114397e+01,3.690663413512105251e+00
4.156901971991997868e+01,4.143475540760039877e+00
4.158902543583881339e+01,4.452784821544175209e+00
4.160903115175764810e+01,3.527218940188686425e+00
4.162903686767647571e+01,3.793290243476784784e+00
4.164904258359531752e+01,4.527917017629993879e+00
4.166904829951414513e+01,3.716288000611516651e+00
4.168905401543298694e+01,3.740644023291808118e+00
4.170905973135181455e+01,3.323485045030591500e+00
4.172906544727064926e+01,3.963983392137246042e+00
4.174907116318948397e+01,3.932874537096783474e+00
4.176907687910831868e+01,3.721663334864497408e+00
4.178908259502715339e+01,3.880324897142930496e+00
4.180908831094598810e+01,4.168818225679801870e+00
4.182909402686482281e+01,4.294519434928533386e+00
4.184909974278365041e+01,4.207230621860482245e+00
4.186910545870249223e+01,4.142454767245087766e+00
4.188911117462131983e+01,4.423066248826597047e+00
4.190911689054015454e+01,4.172935869191454650e+00
4.192912260645898925e+01,3.548500203094532512e+00
4.194912832237782396e+01,4.775902953112543869e+00
4.196913403829665867e+01,3.620642887477173666e+00
4.198913975421549338e+01,4.314609646402742804e+00
4.200914547013432809e+01,3.869748373217769100e+00
4.202915118605316280e+01,3.888228821189508189e+00
4.204915690197199041e+01,3.592650814925255176e+00
4.206916261789082512e+01,3.601268883278178734e+00
4.208916833380965983e+01,3.050990483145712417e+00
4.210917404972849454e+01,4.517673033791417936e+00
4.212917976564732925e+01,3.468663752108982479e+00
4.214918548156616396e+01,4.234099216459496162e+00
4.216919119748499867e+01,3.995973485448547358e+00
4.218919691340383338e+01,4.201327078820321859e+00
4.220920262932266809e+01,3.101418383257944722e+00
4.222920834524150280e+01,3.187885478363080782e+00
4.224921406116033040e+01,4.055712415165270812e+00
4.226921977707916511e+01,3.304683224811844511e+00
4.228922549299799982e+01,3.861409010828471988e+00
4.230923120891683453e+01,3.575490367561665828e+00
4.232923692483566924e+01,4.092383464639164359e+00
4.234924264075450395e+01,4.096604968774182787e+00
4.236924835667333866e+01,3.987030823533124213e+00
4.238925407259217337e+01,3.378284497217153515e+00
4.240925978851100808e+01,4.579586017788539465e+00
4.242926550442983569e+01,3.869339152292675887e+00
4.244927122034867040e+01,3.727286846949349197e+00
4.246927693626750511e+01,3.780819220613222065e+00
4.248928265218633982e+01,3.994623876887696934e+00
4.250928836810517453e+01,4.573348925097777240e+00
4.252929408402400924e+01,4.304115370025497711e+00
4.254929979994284395e+01,3.502400454648529227e+00
4.256930551586167866e+01,4.166811931890062937e+00
4.258931123178051337e+01,4.618918124026555105e+00
4.260931694769934097e+01,4.655596783689984974e+00
4.262932266361817568e+01,5.010862435713931973e+00
4.264932837953701039e+01,4.617457682525698104e+00
4.266933409545584510e+01,4.425580854661033570e+00
4.268933981137467981e+01,5.012378866179637349e+00
4.270934552729351452e+01,5.240233235312239835e+00
4.272935124321234923e+01,6.457592198128303096e+00
4.274935695913118394e+01,6.034792146469039942e+00
4.276936267505001865e+01,6.703357948279053957e+00
4.278936839096885336e+01,6.763791189898849865e+00
4.280937410688768097e+01,6.967937502019131202e+00
4.282937982280651568e+01,8.651057987068329069e+00
4.284938553872535039e+01,9.243494539487304706e+00
4.286939125464418510e+01,9.048515521031283981e+00
4.288939697056301981e+01,9.535425056471678928e+00
4.290940268648185452e+01,9.605823187008825315e+00
4.292940840240068923e+01,1.106687887969487072e+01
4.294941411831952394e+01,1.103727600145484544e+01
4.296941983423835865e+01,1.257640954055285221e+01
4.298942555015718625e+01,1.366229761120204245e+01
4.300943126607602096e+01,1.455308023413503626e+01
4.302943698199485567e+01,1.482036666090822763e+01
4.304944269791369038e+01,1.627519475142499772e+01
4.306944841383252509e+01,1.666047364745141834e+01
4.308945412975135980e+01,1.811182819516017517e+01
4.310945984567019451e+01,1.781023797942513198e+01
4.312946556158902922e+01,1.885750119235980549e+01
4.314947127750786393e+01,1.991891034636663704e+01
4.316947699342669864e+01,1.973164426625523049e+01
4.318948270934552625e+01,2.058846399145600259e+01
4.320948842526436096e+01,2.136806946925361927e+01
4.322949414118319567e+01,2.207130966199098054e+01
4.324949985710203038e+01,2.168612725160969745e+01
4.326950557302086509e+01,2.198740324495991416e+01
4.328951128893969980e+01,2.252812895020583284e+01
4.330951700485853451e+01,2.265085722119316358e+01
4.332952272077736922e+01,2.226127784967612300e+01
4.334952843669620393e+01,2.339411458612328687e+01
4.336953415261503153e+01,2.296153171601064713e+01
4.338953986853386624e+01,2.326513772141296954e+01
4.340954558445270095e+01,2.335588748909542645e+01
4.342955130037153566e+01,2.265024428728423800e+01
4.344955701629037037e+01,2.238957427824839286e+01
4.346956273220920508e+01,2.134915530624368785e+01
4.348956844812803979e+01,2.063636641700915675e+01
4.350957416404687450e+01,1.883885672325530791e+01
4.352957987996570921e+01,1.703777086082631342e+01
4.354958559588453681e+01,1.631538384385467566e+01
4.356959131180337153e+01,1.608286133825802366e+01
4.358959702772220624e+01,1.440068898317602830e+01
4.360960274364104095e+01,1.328096047626580578e+01
4.362960845955987566e+01,1.243290859833582651e+01
4.364961417547871037e+01,1.114312019752623328e+01
4.366961989139754508e+01,9.736913482843323919e+00
4.368962560731637979e+01,8.888374955420074386e+00
4.370963132323521450e+01,8.329513353407829612e+00
4.372963703915404921e+01,7.514157245174038380e+00
4.374964275507287681e+01,7.096734107338340536e+00
4.376964847099171152e+01,5.330015685989825336e+00
4.378965418691054623e+01,5.841197547419604064e+00
4.380965990282938094e+01,5.479837093158558048e+00
4.382966561874821565e+01,4.898864938737911956e+00
4.384967133466705036e+01,5.264898685785874832e+00
4.386967705058588507e+01,4.536130206853754565e+00
4.388968276650471978e+01,4.257985383101358323e+00
4.390968848242355449e+01,4.605734386644004807e+00
4.392969419834238209e+01,4.433967255074852787e+00
4.394969991426121680e+01,4.220047633781604191e+00
4.396970563018005151e+01,4.083971454529089939e+00
4.398971134609888622e+01,4.559250711092508901e+00
4.400971706201772093e+01,4.190314974211107213e+00
4.402972277793655564e+01,4.481302263451985013e+00
4.404972849385539035e+01,4.537954983968848666e+00
4.406973420977422506e+01,4.379966424336084074e+00
4.408973992569305977e+01,3.874205387328181871e+00
4.410974564161189448e+01,3.906934139287753460e+00
4.412975135753072209e+01,3.771308637559934951e+00
4.414975707344955680e+01,3.508451849967939573e+00
4.416976278936839151e+01,4.201755592197585543e+00
4.418976850528722622e+01,4.011533620359803542e+00
4.420977422120606093e+01,3.741013364866005997e+00
4.422977993712489564e+01,3.925236453680816417e+00
4.424978565304373035e+01,4.531684318451095095e+00
4.426979136896256506e+01,3.831177847107832601e+00
4.428979708488139977e+01,4.183074382892488785e+00
4.430980280080022737e+01,4.453582516340125252e+00
4.432980851671906208e+01,3.846343883228392713e+00
4.434981423263789679e+01,4.494181362921025880e+00
4.436981994855673150e+01,4.488940936887245492e+00
4.438982566447556621e+01,4.157364979161001450e+00
4.440983138039440092e+01,4.721599009524737767e+00
4.442983709631323563e+01,4.815673352078992941e+00
4.444984281223207034e+01,4.505558624691968106e+00
4.446984852815090505e+01,5.147702239158196136e+00
4.448985424406973266e+01,4.256627972744317034e+00
4.450985995998856737e+01,4.275337194305345534e+00
4.452986567590740208e+01,4.807402571428347926e+00
4.454987139182623679e+01,4.611411082951805795e+00
4.456987710774507150e+01,5.151369025875151664e+00
4.458988282366390621e+01,5.065188876234546278e+00
4.460988853958274092e+01,6.070177314543768077e+00
4.462989425550157563e+01,5.509319922375402356e+00
4.464989997142041034e+01,5.950365933078558101e+00
4.466990568733924505e+01,5.946611525250696140e+00
4.468991140325807265e+01,7.142285946203136504e+00
4.470991711917690736e+01,6.277648412369019937e+00
4.472992283509574207e+01,6.850584778178759215e+00
4.474992855101457678e+01,7.344581921642217459e+00
4.476993426693341149e+01,8.142855664582423714e+00
4.478993998285224620e+01,7.278444712766816593e+00
4.480994569877108091e+01,7.634993901554459228e+00
4.482995141468991562e+01,7.997395005810524538e+00
4.484995713060875033e+01,8.267967330862681763e+00
4.486996284652757794e+01,1.000985187345236227e+01
4.488996856244641265e+01,9.662399441506414277e+00
4.490997427836524736e+01,9.593828860328992292e+00
4.492997999428408207e+01,1.089682082352950410e+01
4.494998571020291678e+01,1.146798844990139443e+01
4.496999142612175149e+01,1.137779579387095552e+01
4.498999714204058620e+01,1.186326799697807743e+01
4.501000285795942091e+01,1.217918520326220033e+01
4.503000857387825562e+01,1.326663141169434468e+01
4.505001428979709033e+01,1.439759586443723904e+01
4.507002000571591793e+01,1.498618633720367654e+01
4.509002572163475264e+01,1.648050094617630279e+01
4.511003143755358735e+01,1.666663496792241617e+01
4.513003715347242206e+01,1.721478672015340550e+01
4.515004286939125677e+01,1.993813478667414785e+01
4.517004858531009148e+01,2.071582330299199270e+01
4.519005430122892619e+01,2.192661606458572976e+01
4.521006001714776090e+01,2.298254152567603370e+01
4.523006573306659561e+01,2.477026284071753537e+01
4.525007144898542322e+01,2.645042789791861892e+01
4.527007716490425793e+01,2.885462709451664409e+01
4.529008288082309264e+01,3.004489130725885815e+01
4.531008859674192735e+01,3.106578706216035712e+01
4.533009431266076206e+01,3.294585233742319019e+01
4.535010002857959677e+01,3.487979835036521337e+01
4.537010574449843148e+01,3.609254321228836204e+01
4.539011146041726619e+01,3.748743900989722988e+01
4.541011717633610090e+01,3.905004491629819086e+01
4.543012289225492850e+01,4.102871165883697557e+01
4.545012860817376321e+01,4.134011355434717672e+01
4.547013432409259792e+01,4.322675881729831815e+01
4.549014004001143263e+01,4.460862367478145529e+01
4.551014575593026734e+01,4.558621660842669598e+01
4.553015147184910205e+01,4.646531224231213741e+01
4.555015718776793676e+01,4.540562394994420004e+01
4.557016290368677147e+01,4.663279941067685286e+01
4.559016861960560618e+01,4.585896901278217541e+01
4.561017433552444089e+01,4.543071370822937638e+01
4.563018005144326850e+01,4.515433130648401772e+01
4.565018576736210321e+01,4.379272616732186663e+01
4.567019148328093792e+01,4.318823908919529941e+01
4.569019719919977263e+01,4.124143882954776075e+01
4.571020291511860734e+01,3.933122978060204389e+01
4.573020863103744205e+01,3.654330157382968736e+01
4.575021434695627676e+01,3.504209646438539494e+01
4.577022006287511147e+01,3.196131470487551596e+01
4.579022577879394618e+01,2.967859449668682714e+01
4.581023149471277378e+01,2.731881321477545299e+01
4.583023721063160849e+01,2.554201290821285752e+01
4.585024292655044320e+01,2.264827668975285491e+01
4.587024864246927791e+01,2.100247159752341730e+01
4.589025435838811262e+01,1.862639495698652325e+01
4.591026007430694733e+01,1.679626047438198100e+01
4.593026579022578204e+01,1.463568505672700581e+01
4.595027150614461675e+01,1.337598253874629251e+01
4.597027722206345146e+01,1.096779960678221677e+01
4.599028293798228617e+01,1.070304520785738234e+01
4.601028865390111378e+01,9.118176810842930635e+00
4.603029436981994849e+01,8.151006711424059858e+00
4.605030008573878320e+01,7.493522751512399438e+00
4.607030580165761791e+01,7.077936706586861249e+00
4.609031151757645262e+01,6.684666008103880230e+00
4.611031723349528733e+01,5.914388356364663757e+00
4.613032294941412204e+01,5.978646417345684583e+00
4.615032866533295675e+01,5.913406866942093387e+00
4.617033438125179146e+01,4.849533506742633726e+00
4.619034009717061906e+01,5.684234785377003440e+00
4.621034581308945377e+01,4.949133383899168237e+00
4.623035152900828848e+01,4.694776159247406433e+00
4.625035724492712319e+01,4.197747645106709058e+00
4.627036296084595790e+01,5.274028372728041703e+00
4.629036867676479261e+01,4.618021109050525652e+00
4.631037439268362732e+01,4.119223353860482995e+00
4.633038010860246203e+01,4.652456032021050625e+00
4.635038582452129674e+01,4.170689505593036195e+00
4.637039154044012434e+01,4.062835548849833778e+00
4.639039725635895905e+01,3.805536651294089801e+00
4.641040297227779376e+01,4.412057543280473837e+00
4.643040868819662847e+01,4.954938963126858553e+00
4.645041440411546319e+01,4.956171748631089002e+00
4.647042012003429790e+01,4.355210704075501482e+00
4.649042583595313261e+01,4.603796027601479324e+00
4.651043155187196732e+01,3.862665498024718591e+00
4.653043726779080203e+01,4.029874082387180145e+00
4.655044298370963674e+01,4.598469600228310306e+00
4.657044869962846434e+01,4.778155313028082496e+00
4.659045441554729905e+01,5.014595935990810993e+00
4.661046013146613376e+01,3.840860713016585937e+00
4.663046584738496847e+01,3.614014437349660103e+00
4.665047156330380318e+01,4.733725176939223012e+00
4.667047727922263789e+01,3.841609380960030684e+00
4.669048299514147260e+01,4.746516867190599953e+00
4.671048871106030731e+01,3.843710448389853873e+00
4.673049442697914202e+01,4.230508178611874115e+00
4.675050014289796962e+01,3.467655144027523839e+00
4.677050585881680433e+01,4.414547039253361227e+00
4.679051157473563904e+01,3.887229595226837642e+00
4.681051729065447375e+01,4.781339448252544422e+00
4.683052300657330846e+01,4.109866240081695210e+00
4.685052872249214317e+01,4.490991003012405614e+00
4.687053443841097788e+01,3.866570690734402405e+00
4.689054015432981259e+01,4.353909461865491437e+00
4.691054587024864730e+01,3.786550270200229384e+00
4.693055158616748201e+01,4.152846969017505607e+00
4.695055730208630962e+01,4.830916669158671795e+00
4.697056301800514433e+01,3.755338041960830431e+00
4.699056873392397904e+01,4.186704152315112282e+00
4.701057444984281375e+01,3.242432654203177833e+00
4.703058016576164846e+01,4.264703122760170828e+00
4.705058588168048317e+01,3.813522107820942697e+00
4.707059159759931788e+01,4.439878411151834570e+00
4.709059731351815259e+01,4.420173716927993546e+00
4.711060302943698730e+01,4.217284747245168219e+00
4.713060874535581490e+01,4.562545320546875338e+00
4.715061446127464961e+01,4.628801864478238492e+00
4.717062017719348432e+01,3.814329451295226825e+00
4.719062589311231903e+01,4.373380567088549498e+00
4.721063160903115374e+01,5.251178696290185854e+00
4.723063732494998845e+01,5.367800584825713983e+00
4.725064304086882316e+01,4.450072880894287763e+00
4.727064875678765787e+01,5.654529280853232365e+00
4.729065447270649258e+01,6.099455546233567560e+00
4.731066018862532019e+01,4.713007334641898360e+00
4.733066590454415490e+01,5.863449079762814264e+00
4.735067162046298961e+01,6.592575522756634498e+00
4.737067733638182432e+01,6.079651064616594880e+00
4.739068305230065903e+01,7.072594289574876569e+00
4.741068876821949374e+01,6.713372045181818848e+00
4.743069448413832845e+01,7.060705988053669557e+00
4.745070020005716316e+01,7.695760539917690934e+00
4.747070591597599787e+01,7.812374594842197872e+00
4.749071163189483258e+01,7.914936690962054655e+00
4.751071734781366018e+01,8.183997260469119794e+00
4.753072306373249489e+01,8.212408222278785530e+00
4.755072877965132960e+01,8.676873015319413796e+00
4.757073449557016431e+01,8.935459408657408176e+00
4.759074021148899902e+01,9.031200020713242793e+00
4.761074592740783373e+01,9.521386605952612214e+00
4.763075164332666844e+01,9.136750485605018568e+00
4.765075735924550315e+01,9.279737618505468078e+00
4.767076307516433786e+01,8.380474439048775537e+00
4.769076879108316547e+01,9.172639914009355522e+00
4.771077450700200018e+01,9.138249855417829082e+00
4.773078022292083489e+01,8.318973216860920061e+00
4.775078593883966960e+01,8.133793737977601523e+00
4.777079165475850431e+01,7.771767164790309046e+00
4.779079737067733902e+01,8.304228321837753057e+00
4.781080308659617373e+01,7.642217148995172238e+00
4.783080880251500844e+01,8.114168400523434244e+00
4.785081451843384315e+01,7.104240419135419593e+00
4.787082023435267075e+01,8.284096891768964355e+00
4.789082595027150546e+01,7.426706311717367726e+00
4.791083166619034017e+01,7.798512590192635763e+00
4.793083738210917488e+01,7.660574352779734753e+00
4.795084309802800959e+01,7.656027295853592207e+00
4.797084881394684430e+01,7.216614207948985005e+00
4.799085452986567901e+01,7.144252665365826260e+00
4.801086024578451372e+01,7.544659566571795040e+00
4.803086596170334843e+01,7.016471472400253262e+00
4.805087167762218314e+01,6.059886546274293018e+00
4.807087739354101075e+01,6.174265185090220598e+00
4.809088310945984546e+01,6.192632595446423416e+00
4.811088882537868017e+01,5.931634209613419806e+00
4.813089454129751488e+01,5.197975301681934113e+00
4.815090025721634959e+01,6.043570932402100304e+00
4.817090597313518430e+01,5.490991079197184987e+00
4.819091168905401901e+01,5.476593821796446271e+00
4.821091740497285372e+01,4.369055283474365226e+00
4.823092312089168843e+01,4.743404372744199016e+00
4.825092883681051603e+01,4.893502295217222020e+00
4.827093455272935074e+01,4.208950907052638968e+00
4.829094026864818545e+01,4.504523209040931064e+00
4.831094598456702016e+01,3.459191248993593426e+00
4.833095170048585487e+01,3.985323365617054581e+00
4.835095741640468958e+01,4.363538671632154475e+00
4.837096313232352429e+01,3.845933447141903549e+00
4.839096884824235900e+01,4.022382236875007955e+00
4.841097456416119371e+01,4.775704965214863762e+00
4.843098028008002842e+01,3.337708576418021877e+00
4.845098599599885603e+01,3.267003152418454182e+00
4.847099171191769074e+01,3.655760873909441155e+00
4.849099742783652545e+01,4.243871659968021071e+00
4.851100314375536016e+01,3.692817300987608853e+00
4.853100885967419487e+01,4.360812838568699945e+00
4.855101457559302958e+01,3.836143011846277151e+00
4.857102029151186429e+01,3.576765478545182120e+00
4.859102600743069900e+01,4.784786173625378503e+00
4.861103172334953371e+01,4.578504230608159808e+00
4.863103743926836131e+01,4.294846173529117905e+00
4.865104315518719602e+01,4.709038829500293843e+00
4.867104887110603073e+01,4.635679357231184738e+00
4.869105458702486544e+01,5.182640669063935945e+00
4.871106030294370015e+01,5.306963596770593483e+00
4.873106601886253486e+01,4.835259757458840291e+00
4.875107173478136957e+01,5.978851755582844874e+00
4.877107745070020428e+01,4.746562545998828320e+00
4.879108316661903899e+01,5.322014255985068942e+00
4.881108888253786660e+01,6.093999699939843140e+00
4.883109459845670131e+01,6.724590301522790803e+00
4.885110031437553602e+01,6.387701630497261363e+00
4.887110603029437073e+01,6.837347119703805376e+00
4.889111174621320544e+01,7.717860236036369947e+00
4.891111746213204015e+01,7.709846194769726324e+00
4.893112317805087486e+01,7.666360865908558253e+00
4.895112889396970957e+01,8.787205108795667741e+00
4.897113460988854428e+01,8.275165128984335539e+00
4.899114032580737899e+01,8.675554969715484788e+00
4.901114604172620659e+01,8.471439945187128728e+00
4.903115175764504130e+01,9.330272238490266545e+00
4.905115747356387601e+01,9.212063916130672325e+00
4.907116318948271072e+01,9.620506737011282894e+00
4.909116890540154543e+01,1.005212227491387367e+01
4.911117462132038014e+01,1.017649778701243335e+01
4.913118033723921485e+01,1.065133561716043431e+01
4.915118605315804956e+01,1.111917369837393110e+01
4.917119176907688427e+01,1.074806848759450162e+01
4.919119748499571187e+01,1.042043890750863255e+01
4.921120320091454658e+01,1.191825311229867523e+01
4.923120891683338129e+01,1.149865178118126252e+01
4.925121463275221600e+01,1.297131129843635122e+01
4.927122034867105071e+01,1.323396670198192027e+01
4.929122606458988542e+01,1.322964828957928418e+01
4.931123178050872014e+01,1.364150372293820368e+01
4.933123749642755485e+01,1.493103138951224729e+01
4.935124321234638956e+01,1.480805683816791785e+01
4.937124892826522427e+01,1.524624668176351605e+01
4.939125464418405187e+01,1.604535248661140301e+01
4.941126036010288658e+01,1.634017566440827451e+01
4.943126607602172129e+01,1.638608614778905803e+01
4.945127179194055600e+01,1.735781241640064820e+01
4.947127750785939071e+01,1.746394580922153494e+01
4.949128322377822542e+01,1.795451100461992766e+01
4.951128893969706013e+01,1.783984831974399299e+01
4.953129465561589484e+01,1.773514063760814352e+01
4.955130037153472955e+01,1.810644449316159665e+01
4.957130608745355715e+01,1.791378906549165251e+01
4.959131180337239186e+01,1.759078972527007778e+01
4.961131751929122657e+01,1.822789046937829127e+01
4.963132323521006128e+01,1.840457176916155646e+01
4.965132895112889599e+01,1.818050486212788996e+01
4.967133466704773070e+01,1.830963281991302694e+01
4.969134038296656541e+01,1.776545237608538841e+01
4.971134609888540012e+01,1.806496638297537061e+01
4.973135181480423483e+01,1.765739254361754007e+01
4.975135753072306244e+01,1.873250982152728383e+01
4.977136324664189715e+01,1.846842636668455384e+01
4.979136896256073186e+01,1.888109842264348259e+01
4.981137467847956657e+01,1.798640856275070732e+01
4.983138039439840128e+01,1.931819671201719402e+01
4.985138611031723599e+01,1.899588984626358723e+01
4.987139182623607070e+01,1.855433736711808734e+01
4.989139754215490541e+01,1.787612491279304194e+01
4.991140325807374012e+01,1.888573193908805337e+01
4.993140897399257483e+01,1.863036034648116868e+01
4.995141468991140243e+01,1.723988030813880101e+01
4.997142040583023714e+01,1.704508259141277904e+01
4.999142612174907185e+01,1.704982003565319104e+01
5.001143183766790656e+01,1.581128995229625289e+01
5.003143755358674127e+01,1.550575214782385025e+01
5.005144326950557598e+01,1.488578471875670139e+01
5.007144898542441069e+01,1.421391773570067762e+01
5.009145470134324540e+01,1.303435486798208309e+01
5.011146041726208011e+01,1.204717704456359151e+01
5.013146613318090772e+01,1.179396729171234348e+01
5.015147184909974243e+01,1.062649281145427338e+01
5.017147756501857714e+01,1.025387777454190541e+01
5.019148328093741185e+01,9.023368812434689801e+00
5.021148899685624656e+01,8.361406319698950540e+00
5.023149471277508127e+01,8.092522472144620949e+00
5.025150042869391598e+01,7.294355060301525917e+00
5.027150614461275069e+01,6.979786086724489635e+00
5.029151186053158540e+01,6.127328949368036959e+00
5.031151757645042011e+01,6.212693462250733489e+00
5.033152329236924771e+01,5.216556042911864921e+00
5.035152900828808242e+01,4.989421691761385169e+00
5.037153472420691713e+01,5.208416002089848895e+00
5.039154044012575184e+01,5.336032785669351242e+00
5.041154615604458655e+01,4.339773635633966009e+00
5.043155187196342126e+01,4.420728918670020491e+00
5.045155758788225597e+01,4.369757249042830693e+00
5.047156330380109068e+01,5.260398184984616421e+00
5.049156901971992539e+01,3.814009116481047457e+00
5.051157473563875300e+01,4.451937279324875263e+00
5.053158045155758771e+01,3.725975474467149162e+00
5.055158616747642242e+01,4.459840452817282141e+00
5.057159188339525713e+01,4.103678890343082308e+00
5.059159759931409184e+01,4.012646681798706538e+00
5.061160331523292655e+01,5.026786358921786046e+00
5.063160903115176126e+01,5.036818193420100620e+00
5.065161474707059597e+01,4.451704610972281984e+00
5.067162046298943068e+01,3.368086090542641742e+00
5.069162617890825828e+01,4.105435315078588943e+00
5.071163189482709299e+01,4.151334126287562043e+00
5.073163761074592770e+01,3.877323943197314549e+00
5.075164332666476241e+01,3.831451291997315600e+00
5.077164904258359712e+01,4.278782103566780570e+00
5.079165475850243183e+01,3.637381604771041665e+00
5.081166047442126654e+01,4.301341638751068785e+00
5.083166619034010125e+01,4.782139004704558438e+00
5.085167190625893596e+01,3.815397154728187079e+00
5.087167762217777067e+01,4.038545415321002530e+00
5.089168333809659828e+01,4.512435895961387722e+00
5.091168905401543299e+01,4.012906354606923465e+00
5.093169476993426770e+01,3.407211745173644335e+00
5.095170048585310241e+01,3.893517213021583601e+00
5.097170620177193712e+01,4.630558930661857531e+00
5.099171191769077183e+01,4.056368740105716242e+00
5.101171763360960654e+01,4.672859514805640657e+00
5.103172334952844125e+01,3.780851634909132564e+00
5.105172906544727596e+01,4.194305892366001487e+00
5.107173478136610356e+01,4.663530644666133540e+00
5.109174049728493827e+01,4.018400546523080763e+00
5.111174621320377298e+01,4.975755817944778947e+00
5.113175192912260769e+01,5.183235029453268972e+00
5.115175764504144240e+01,4.422507444943533983e+00
5.117176336096027711e+01,4.860652676571870501e+00
5.119176907687911182e+01,4.851722766722651237e+00
5.121177479279794653e+01,5.448478952997566793e+00
5.123178050871678124e+01,5.740607477720555352e+00
5.125178622463561595e+01,5.810055695518307139e+00
5.127179194055444356e+01,6.794021430095029679e+00
5.129179765647327827e+01,7.151994856360355257e+00
5.131180337239211298e+01,7.961125817006566407e+00
5.133180908831094769e+01,7.968853041569088802e+00
5.135181480422978240e+01,9.401038042761252100e+00
5.137182052014861711e+01,8.731648318150444510e+00
5.139182623606745182e+01,1.002427654998914797e+01
5.141183195198628653e+01,1.087532503457124022e+01
5.143183766790512124e+01,1.214696484640613861e+01
5.145184338382394884e+01,1.320735771320091345e+01
5.147184909974278355e+01,1.463588952248508512e+01
5.149185481566161826e+01,1.500441914589310954e+01
5.151186053158045297e+01,1.751590761043280153e+01
5.153186624749928768e+01,1.797323713459627470e+01
5.155187196341812239e+01,1.849198162198665329e+01
5.157187767933695710e+01,2.078632346555584220e+01
5.159188339525579181e+01,2.202215086952499234e+01
5.161188911117462652e+01,2.237349612729878601e+01
5.163189482709345413e+01,2.407064603665689972e+01
5.165190054301228884e+01,2.486418538520946697e+01
5.167190625893112355e+01,2.663802143347475493e+01
5.169191197484995826e+01,2.693370312687327939e+01
5.171191769076879297e+01,2.739513922232622178e+01
5.173192340668762768e+01,2.790191259148016911e+01
5.175192912260646239e+01,2.861542115445733714e+01
5.177193483852529710e+01,2.906151266795058774e+01
5.179194055444413181e+01,2.926360602963072921e+01
5.181194627036296652e+01,2.864361219939539893e+01
5.183195198628179412e+01,2.781151180985893134e+01
5.185195770220062883e+01,2.811882898608313752e+01
5.187196341811946354e+01,2.779646778498593562e+01
5.189196913403829825e+01,2.659878193407594438e+01
5.191197484995713296e+01,2.563155299530949804e+01
5.193198056587596767e+01,2.531214630728824133e+01
5.195198628179480238e+01,2.340863800329037758e+01
5.197199199771363709e+01,2.158281115749256429e+01
5.199199771363247180e+01,2.038472940306060366e+01
5.201200342955129940e+01,1.938086532163330133e+01
5.203200914547013411e+01,1.755269950164314707e+01
5.205201486138896882e+01,1.627250721483035889e+01
5.207202057730780353e+01,1.484777543470520556e+01
5.209202629322663824e+01,1.293783697224594498e+01
5.211203200914547295e+01,1.275644431054022299e+01
5.213203772506430766e+01,1.227307250084042956e+01
5.215204344098314237e+01,1.003211922850005244e+01
5.217204915690197708e+01,9.485969543086929079e+00
5.219205487282081180e+01,9.043419836996474004e+00
5.221206058873963940e+01,8.003803713747601023e+00
5.223206630465847411e+01,6.972145600734505066e+00
5.225207202057730882e+01,7.208501495966588735e+00
5.227207773649614353e+01,5.746391234023464634e+00
5.229208345241497824e+01,6.284411303998718168e+00
5.231208916833381295e+01,6.147888210194193626e+00
5.233209488425264766e+01,5.004513845324688681e+00
5.235210060017148237e+01,5.125422231248817795e+00
5.237210631609031708e+01,4.290491916594631583e+00
5.239211203200914468e+01,4.735759497325206624e+00
5.241211774792797939e+01,4.177641095812903771e+00
5.243212346384681410e+01,4.377879724549908147e+00
5.245212917976564881e+01,4.697272521423737857e+00
5.247213489568448352e+01,3.716120270474846166e+00
5.249214061160331823e+01,3.705247593670212947e+00
5.251214632752215294e+01,4.054138696688441179e+00
5.253215204344098765e+01,3.452639801043881018e+00
5.255215775935982236e+01,4.463924591082045090e+00
5.257216347527864997e+01,3.947544923957273522e+00
5.259216919119748468e+01,4.757709048353680359e+00
5.261217490711631939e+01,3.940205929648058714e+00
5.263218062303515410e+01,3.903404709750295520e+00
5.265218633895398881e+01,3.714945924517183862e+00
5.267219205487282352e+01,4.766559427693867868e+00
5.269219777079165823e+01,4.337214529723411260e+00
5.271220348671049294e+01,3.638758707953591021e+00
5.273220920262932765e+01,4.281633780490982311e+00
5.275221491854816236e+01,4.462379005955705580e+00
5.277222063446698996e+01,4.279975811532326979e+00
5.279222635038582467e+01,4.536744442403383815e+00
5.281223206630465938e+01,4.431649643153170004e+00
5.283223778222349409e+01,5.301621827494215289e+00
5.285224349814232880e+01,4.766867753602320512e+00
5.287224921406116351e+01,5.330429447478925553e+00
5.289225492997999822e+01,5.119118427184552900e+00
5.291226064589883293e+01,6.130150194281518417e+00
5.293226636181766764e+01,5.358708739904268548e+00
5.295227207773649525e+01,5.439099116999983607e+00
5.297227779365532996e+01,5.620924381161314543e+00
5.299228350957416467e+01,6.012594127004176059e+00
5.301228922549299938e+01,6.322216092881024707e+00
5.303229494141183409e+01,6.114360410287289938e+00
5.305230065733066880e+01,6.263316150409134586e+00
5.307230637324950351e+01,6.193827599059723354e+00
5.309231208916833822e+01,6.037009806019860036e+00
5.311231780508717293e+01,6.979530213734690847e+00
5.313232352100600764e+01,7.082648406230119598e+00
5.315232923692483524e+01,6.455798776087627644e+00
5.317233495284366995e+01,6.645815589437447102e+00
5.319234066876250466e+01,7.530553725071787774e+00
5.321234638468133937e+01,6.419012775351488287e+00
5.323235210060017408e+01,7.539713713462874445e+00
5.325235781651900879e+01,7.199402900748056666e+00
5.327236353243784350e+01,6.279167185907970072e+00
5.329236924835667821e+01,6.167767321092024524e+00
5.331237496427551292e+01,7.164989719700604276e+00
5.333238068019434053e+01,6.327181490908547090e+00
5.335238639611317524e+01,6.838900984152658680e+00
5.337239211203200995e+01,6.057662994520786270e+00
5.339239782795084466e+01,5.980809563224322112e+00
5.341240354386967937e+01,6.448278940126755288e+00
5.343240925978851408e+01,6.309934889253766777e+00
5.345241497570734879e+01,6.263607987259034005e+00
5.347242069162618350e+01,6.018677834044105168e+00
5.349242640754501821e+01,5.831039131695355593e+00
5.351243212346384581e+01,5.800607888130663525e+00
5.353243783938268052e+01,5.424001095735166977e+00
5.355244355530151523e+01,5.774749564318696571e+00
5.357244927122034994e+01,5.405453860001127708e+00
5.359245498713918465e+01,5.377125548740558258e+00
5.361246070305801936e+01,5.321325909483214822e+00
5.363246641897685407e+01,4.563915576343790192e+00
5.365247213489568878e+01,4.439113297592570007e+00
5.367247785081452349e+01,3.863207111725774023e+00
5.369248356673335820e+01,4.564112492787272934e+00
5.371248928265218581e+01,4.519719403176290839e+00
5.373249499857102052e+01,4.337386269078980838e+00
5.375250071448985523e+01,4.685292015281845579e+00
5.377250643040868994e+01,4.253697516539577173e+00
5.379251214632752465e+01,4.032459195520214479e+00
5.381251786224635936e+01,3.979691055447184933e+00
5.383252357816519407e+01,4.238937630433748716e+00
5.385252929408402878e+01,4.112722362825151912e+00
5.387253501000286349e+01,3.530727470921719569e+00
5.389254072592169109e+01,4.159918220418313162e+00
5.391254644184052580e+01,3.649591983879231449e+00
5.393255215775936051e+01,3.305382630131309618e+00
5.395255787367819522e+01,3.431108326748511850e+00
5.397256358959702993e+01,4.181995505911318745e+00
5.399256930551586464e+01,4.214118907323913810e+00
5.401257502143469935e+01,3.086224050038433031e+00
5.403258073735353406e+01,3.637985194860529070e+00
5.405258645327236877e+01,4.428601694818764756e+00
5.407259216919120348e+01,4.108681338466553257e+00
5.409259788511003109e+01,3.737205406654077411e+00
5.411260360102886580e+01,3.509766354950448086e+00
5.413260931694770051e+01,3.964312719716148514e+00
5.415261503286653522e+01,4.262947587480470091e+00
5.417262074878536993e+01,3.411714421281716980e+00
5.419262646470420464e+01,4.410929391035018909e+00
5.421263218062303935e+01,3.114617717674423414e+00
5.423263789654187406e+01,3.900173841614582582e+00
5.425264361246070877e+01,3.676642716423627277e+00
5.427264932837953637e+01,3.352544749483047148e+00
5.429265504429837108e+01,3.454429526804338568e+00
5.431266076021720579e+01,4.176182449087389337e+00
5.433266647613604050e+01,3.218560261888450569e+00
5.435267219205487521e+01,3.940392445415173306e+00
5.437267790797370992e+01,3.742412227342859055e+00
5.439268362389254463e+01,3.114597420899359204e+00
5.441268933981137934e+01,3.629098431892246346e+00
5.443269505573021405e+01,3.599539194396986996e+00
5.445270077164904166e+01,3.616805948526474523e+00
5.447270648756787637e+01,4.343659410612964678e+00
5.449271220348671108e+01,3.556687536545930950e+00
5.451271791940554579e+01,3.687859101361415703e+00
5.453272363532438050e+01,3.255114579525103302e+00
5.455272935124321521e+01,3.510977787642310499e+00
5.457273506716204992e+01,4.354876236842078363e+00
5.459274078308088463e+01,3.875887855618989519e+00
5.461274649899971934e+01,3.581308970607933517e+00
5.463275221491855405e+01,4.054179813869861704e+00
5.465275793083738165e+01,4.137334474907902404e+00
5.467276364675621636e+01,3.252417357720482016e+00
5.469276936267505107e+01,4.248730174127536507e+00
5.471277507859388578e+01,3.767382933627302144e+00
5.473278079451272049e+01,4.189688835121192945e+00
5.475278651043155520e+01,3.845359617258103935e+00
5.477279222635038991e+01,4.168719962704975579e+00
5.479279794226922462e+01,3.506018951590398114e+00
5.481280365818805933e+01,3.398011054728950597e+00
5.483280937410688693e+01,3.944091561706744908e+00
5.485281509002572164e+01,4.184745769899642198e+00
5.487282080594455635e+01,3.712294504974809062e+00
5.489282652186339106e+01,3.525007370447390986e+00
5.491283223778222577e+01,4.074964791081844950e+00
5.493283795370106048e+01,4.289250036953137446e+00
5.495284366961989519e+01,3.633940431791845338e+00
5.497284938553872990e+01,4.262596879455164078e+00
5.499285510145756461e+01,3.103400049480385725e+00
5.501286081737639222e+01,2.934224908407045085e+00
5.503286653329522693e+01,3.510834141862414715e+00
5.505287224921406164e+01,3.720851721354708985e+00
5.507287796513289635e+01,3.324363276111502952e+00
5.509288368105173106e+01,3.799206319814273591e+00
5.511288939697056577e+01,3.739017228395973724e+00
5.513289511288940048e+01,3.937831656948130643e+00
5.515290082880823519e+01,4.170742107301284918e+00
5.517290654472706990e+01,4.196898526747790292e+00
5.519291226064590461e+01,4.613050120940557441e+00
5.521291797656473221e+01,4.110408536709534211e+00
5.523292369248356692e+01,4.167765936903190749e+00
5.525292940840240163e+01,4.306051238734090347e+00
5.527293512432123634e+01,4.306243111865014406e+00
5.529294084024007105e+01,4.642325464201661589e+00
5.531294655615890576e+01,4.821824695042701947e+00
5.533295227207774047e+01,4.404481104326226415e+00
5.535295798799657518e+01,3.867805509411003761e+00
5.537296370391540989e+01,5.041431584592122483e+00
5.539296941983423750e+01,4.640372192322831602e+00
5.541297513575307221e+01,4.295186195504458126e+00
5.543298085167190692e+01,4.168726702365391112e+00
5.545298656759074163e+01,4.964099660081337184e+00
5.547299228350957634e+01,4.273361409071489980e+00
5.549299799942841105e+01,4.616971540001472363e+00
5.551300371534724576e+01,4.458314736573029791e+00
5.553300943126608047e+01,3.661977431108239589e+00
5.555301514718491518e+01,3.793838473715524628e+00
5.557302086310374989e+01,4.772214990295862158e+00
5.559302657902257749e+01,3.690927516589723290e+00
5.561303229494141220e+01,4.463111907451152938e+00
5.563303801086024691e+01,4.197953495399792345e+00
5.565304372677908162e+01,4.818685334374377405e+00
5.567304944269791633e+01,4.407964023169080647e+00
5.569305515861675104e+01,4.886592758177258133e+00
5.571306087453558575e+01,4.680455633684778682e+00
5.573306659045442046e+01,5.028615930550992985e+00
5.575307230637325517e+01,4.495867722543066769e+00
5.577307802229208278e+01,5.101067771162735909e+00
5.579308373821091749e+01,5.064386622701567475e+00
5.581308945412975220e+01,5.016385818208432212e+00
5.583309517004858691e+01,4.276544470436547840e+00
5.585310088596742162e+01,4.391984885616908585e+00
5.587310660188625633e+01,4.728950923638752357e+00
5.589311231780509104e+01,5.613044332912609846e+00
5.591311803372392575e+01,4.930257939277424839e+00
5.593312374964276046e+01,5.412712546192665286e+00
5.595312946556158806e+01,4.632314423305129658e+00
5.597313518148042277e+01,4.235493587738098142e+00
5.599314089739925748e+01,5.109261853375423712e+00
5.601314661331809219e+01,4.328206575907353582e+00
5.603315232923692690e+01,4.579776089952296125e+00
5.605315804515576161e+01,4.244670630791582688e+00
5.607316376107459632e+01,4.983006627088727214e+00
5.609316947699343103e+01,4.502653659824899179e+00
5.611317519291226574e+01,4.657838422223385066e+00
5.613318090883110045e+01,5.054061717238294449e+00
5.615318662474992806e+01,3.922687297059130884e+00
5.617319234066876277e+01,3.530535885418159214e+00
5.619319805658759748e+01,4.178134958760050921e+00
5.621320377250643219e+01,3.450224508419836411e+00
5.623320948842526690e+01,3.747770280180631630e+00
5.625321520434410161e+01,4.349667582199310267e+00
5.627322092026293632e+01,3.697970041797202345e+00
5.629322663618177103e+01,3.604401186124479572e+00
5.631323235210060574e+01,3.299268252246976285e+00
5.633323806801943334e+01,3.763064596580891319e+00
5.635324378393826805e+01,4.496617472778153157e+00
5.637324949985710276e+01,3.185725169305588800e+00
5.639325521577593747e+01,3.353353351165582641e+00
5.641326093169477218e+01,3.411443706014995580e+00
5.643326664761360689e+01,4.443406246034277807e+00
5.645327236353244160e+01,3.545244024772331581e+00
5.647327807945127631e+01,4.059448749045795779e+00
5.649328379537011102e+01,3.348537326238011591e+00
5.651328951128894573e+01,4.378227946242946089e+00
5.653329522720777334e+01,4.089109695467213257e+00
5.655330094312660805e+01,4.319079785409637218e+00
5.657330665904544276e+01,4.491827264851323775e+00
5.659331237496427747e+01,3.667195317319266845e+00
5.661331809088311218e+01,3.657675606792574197e+00
5.663332380680194689e+01,5.137264474309254147e+00
5.665332952272078160e+01,4.506441392764934939e+00
5.667333523863961631e+01,4.248026264228536242e+00
5.669334095455845102e+01,4.339057046999625911e+00
5.671334667047727862e+01,4.864349379455707556e+00
5.673335238639611333e+01,5.250262545450417484e+00
5.675335810231494804e+01,5.293649624472798187e+00
5.677336381823378275e+01,4.862249194347032955e+00
5.679336953415261746e+01,5.270367216433664126e+00
5.681337525007145217e+01,5.671255635291283070e+00
5.683338096599028688e+01,4.569674483558719302e+00
5.685338668190912159e+01,5.152129666281583198e+00
5.687339239782795630e+01,5.036352745290445299e+00
5.689339811374678391e+01,5.894458523551614704e+00
5.691340382966561862e+01,6.198855628224718473e+00
5.693340954558445333e+01,6.181633975646823487e+00
5.695341526150328804e+01,7.473375559685774938e+00
5.697342097742212275e+01,7.697080020408836099e+00
5.699342669334095746e+01,8.263544720906168095e+00
5.701343240925979217e+01,8.217043910006252005e+00
5.703343812517862688e+01,9.152788901058123372e+00
5.705344384109746159e+01,9.745293895009295326e+00
5.707344955701629630e+01,9.555647775987914372e+00
5.709345527293512390e+01,1.044491461946061150e+01
5.711346098885395861e+01,1.238393748647005665e+01
5.713346670477279332e+01,1.226775347291177809e+01
5.715347242069162803e+01,1.374348067536886475e+01
5.717347813661046274e+01,1.551042516260511661e+01
5.719348385252929745e+01,1.629295456471454884e+01
5.721348956844813216e+01,1.726796788603346755e+01
5.723349528436696687e+01,1.791328770444346219e+01
5.725350100028580158e+01,1.901102357583836522e+01
5.727350671620462919e+01,1.967400464127969428e+01
5.729351243212346390e+01,2.029958183503359237e+01
5.731351814804229861e+01,2.172234187482170853e+01
5.733352386396113332e+01,2.218511403926240888e+01
5.735352957987996803e+01,2.242736966315367653e+01
5.737353529579880274e+01,2.425455793663929427e+01
5.739354101171763745e+01,2.390887666548550783e+01
5.741354672763647216e+01,2.512303466116465245e+01
5.743355244355530687e+01,2.671916196946385114e+01
5.745355815947414158e+01,2.728204217653728136e+01
5.747356387539296918e+01,2.780472553885707043e+01
5.749356959131180389e+01,2.752652991662697701e+01
5.751357530723063860e+01,2.890413230796597333e+01
5.753358102314947331e+01,2.978664785518140690e+01
5.755358673906830802e+01,2.958366089254307596e+01
5.757359245498714273e+01,2.988372918526871658e+01
5.759359817090597744e+01,3.073062059705513605e+01
5.761360388682481215e+01,3.084415833377400418e+01
5.763360960274364686e+01,2.953191865572640040e+01
5.765361531866247446e+01,2.994157713340978688e+01
5.767362103458130917e+01,2.931295829489112847e+01
5.769362675050014388e+01,2.890900112835744551e+01
5.771363246641897859e+01,2.720089459454887759e+01
5.773363818233781330e+01,2.669027528441321095e+01
5.775364389825664801e+01,2.652345346121046532e+01
5.777364961417548272e+01,2.451366907777767068e+01
5.779365533009431743e+01,2.375696967563737516e+01
5.781366104601315214e+01,2.280914725413212096e+01
5.783366676193197975e+01,2.083286444075510246e+01
5.785367247785081446e+01,1.957661636336760225e+01
5.787367819376964917e+01,1.891919596673259463e+01
5.789368390968848388e+01,1.797905638496683522e+01
5.791368962560731859e+01,1.711982945091520847e+01
5.793369534152615330e+01,1.584832244444848470e+01
5.795370105744498801e+01,1.417253328003226187e+01
5.797370677336382272e+01,1.210939377151586349e+01
5.799371248928265743e+01,1.253738321991178140e+01
5.801371820520149214e+01,1.099964455631219096e+01
5.803372392112031974e+01,9.909249186978962953e+00
5.805372963703915445e+01,9.178028715468698806e+00
5.807373535295798916e+01,7.873249408432746677e+00
5.809374106887682387e+01,7.236212900727089448e+00
5.811374678479565858e+01,7.110039653998147635e+00
5.813375250071449329e+01,6.099163968107881750e+00
5.815375821663332800e+01,6.461236964175363084e+00
5.817376393255216271e+01,5.791938553883806406e+00
5.819376964847099742e+01,4.907415792499516982e+00
5.821377536438982503e+01,4.999298565460287946e+00
5.823378108030865974e+01,4.299255645449236773e+00
5.825378679622749445e+01,4.656261312905304983e+00
5.827379251214632916e+01,4.267006780754369899e+00
5.829379822806516387e+01,3.706005540097715656e+00
5.831380394398399858e+01,4.091812920113937935e+00
5.833380965990283329e+01,4.707112981421768261e+00
5.835381537582166800e+01,3.861235870779010870e+00
5.837382109174050271e+01,4.052133574520096815e+00
5.839382680765933742e+01,4.458074981106335599e+00
5.841383252357816502e+01,4.528344450506313734e+00
5.843383823949699973e+01,3.760842242645369815e+00
5.845384395541583444e+01,4.587495728487241742e+00
5.847384967133466915e+01,4.094247333299588121e+00
5.849385538725350386e+01,4.232499506495267738e+00
5.851386110317233857e+01,4.158049241220838965e+00
5.853386681909117328e+01,4.251664751154473620e+00
5.855387253501000799e+01,4.317401499378489937e+00
5.857387825092884270e+01,4.214796390503053658e+00
5.859388396684767031e+01,4.754243949366682820e+00
5.861388968276650502e+01,4.290693929995176958e+00
5.863389539868533973e+01,4.023774276779305659e+00
5.865390111460417444e+01,3.845747263772048008e+00
5.867390683052300915e+01,4.842007066176907237e+00
5.869391254644184386e+01,3.726602396074405910e+00
5.871391826236067857e+01,4.364085543052161675e+00
5.873392397827951328e+01,4.998858495811013825e+00
5.875392969419834799e+01,4.949289259958148612e+00
5.877393541011717559e+01,4.989737337925542526e+00
5.879394112603601030e+01,5.483056972152808406e+00
5.881394684195484501e+01,5.208651770651210100e+00
5.883395255787367972e+01,4.913857014030384995e+00
5.885395827379251443e+01,5.194623961792382616e+00
5.887396398971134914e+01,6.261315096728004015e+00
5.889396970563018385e+01,6.080292710850836890e+00
5.891397542154901856e+01,6.441143925767020662e+00
5.893398113746785327e+01,7.221793107693818214e+00
5.895398685338668798e+01,8.040577040318815705e+00
5.897399256930551559e+01,7.586788842341446681e+00
5.899399828522435030e+01,8.505006735520892036e+00
5.901400400114318501e+01,9.217898732075370916e+00
5.903400971706201972e+01,1.033492540942113891e+01
5.905401543298085443e+01,1.082871196287830173e+01
5.907402114889968914e+01,1.078304279827630907e+01
5.909402686481852385e+01,1.159363465810256244e+01
5.911403258073735856e+01,1.207194632211220764e+01
5.913403829665619327e+01,1.303296129327720010e+01
5.915404401257502087e+01,1.307483507231660980e+01
5.917404972849385558e+01,1.407879870957296831e+01
5.919405544441269029e+01,1.425059681171060078e+01
5.921406116033152500e+01,1.470910339011137680e+01
5.923406687625035971e+01,1.526045044858155109e+01
5.925407259216919442e+01,1.513829607558426815e+01
5.927407830808802913e+01,1.660145455731719011e+01
5.929408402400686384e+01,1.698909646090442038e+01
5.931408973992569855e+01,1.685941050069024172e+01
5.933409545584453326e+01,1.784551742313708544e+01
5.935410117176336087e+01,1.760678303101196462e+01
5.937410688768219558e+01,1.848456410082883750e+01
5.939411260360103029e+01,1.845323338278712555e+01
5.941411831951986500e+01,1.878004596643011581e+01
5.943412403543869971e+01,1.898122241427297752e+01
5.945412975135753442e+01,1.882073119061611521e+01
5.947413546727636913e+01,1.858334233031043681e+01
5.949414118319520384e+01,1.790544971401160268e+01
5.951414689911403855e+01,1.817064603542214840e+01
5.953415261503286615e+01,1.783592666294129714e+01
5.955415833095170086e+01,1.707394901218216532e+01
5.957416404687053557e+01,1.710852161379145997e+01
5.959416976278937028e+01,1.637180515844906381e+01
5.961417547870820499e+01,1.557209862128916278e+01
5.963418119462703970e+01,1.499093255835380845e+01
5.965418691054587441e+01,1.518782099319703605e+01
5.967419262646470912e+01,1.389497107297012768e+01
5.969419834238354383e+01,1.436809023168025945e+01
5.971420405830237144e+01,1.302631256665669390e+01
5.973420977422120615e+01,1.273992715854350166e+01
5.975421549014004086e+01,1.195848810708606891e+01
5.977422120605887557e+01,1.200674593906783016e+01
5.979422692197771028e+01,1.087256879491973827e+01
5.981423263789654499e+01,9.136506165923346856e+00
5.983423835381537970e+01,9.422189360095064359e+00
5.985424406973421441e+01,8.376922289633224494e+00
5.987424978565304912e+01,7.663272214070532051e+00
5.989425550157188383e+01,7.800735450961862938e+00
5.991426121749071143e+01,7.115456293735346271e+00
5.993426693340954614e+01,6.482352684552679989e+00
5.995427264932838085e+01,5.981318315206264558e+00
5.997427836524721556e+01,5.868520303373490066e+00
5.999428408116605027e+01,5.489502793008908199e+00
6.001428979708488498e+01,5.405060084032889733e+00
6.003429551300371969e+01,5.059665417800784937e+00
6.005430122892255440e+01,5.634410706715762274e+00
6.007430694484138911e+01,4.673164876338490537e+00
6.009431266076021672e+01,4.793776563070197838e+00
6.011431837667905143e+01,3.746207415820372422e+00
6.013432409259788614e+01,4.979793433144585890e+00
6.015432980851672085e+01,4.037951896314603495e+00
6.017433552443555556e+01,4.670885287961130672e+00
6.019434124035439027e+01,4.904901824472855054e+00
6.021434695627322498e+01,4.174087030155985367e+00
6.023435267219205969e+01,4.712544111895222265e+00
6.025435838811089440e+01,4.747644093373183161e+00
6.027436410402972911e+01,4.261054919037013278e+00
6.029436981994855671e+01,3.850051257910054758e+00
6.031437553586739142e+01,4.078795168162454132e+00
6.033438125178622613e+01,4.854250330411145953e+00
6.035438696770506084e+01,4.971677358801307456e+00
6.037439268362389555e+01,5.195201177440919693e+00
6.039439839954273026e+01,5.634989092222889795e+00
6.041440411546156497e+01,5.849078537614762041e+00
6.043440983138039968e+01,5.987633640169883975e+00
6.045441554729923439e+01,5.502291667722251312e+00
6.047442126321806199e+01,6.051594035020908535e+00
6.049442697913689670e+01,5.596874300951515835e+00
6.051443269505573141e+01,6.422927212669009123e+00
6.053443841097456612e+01,6.025176160784251778e+00
6.055444412689340083e+01,6.137988045075614352e+00
6.057444984281223554e+01,7.073166568734747806e+00
6.059445555873107025e+01,7.014239222355152847e+00
6.061446127464990496e+01,7.061671824867503666e+00
6.063446699056873967e+01,7.592952602921849703e+00
6.065447270648756728e+01,7.648280578075417502e+00
6.067447842240640199e+01,7.639492560207805205e+00
6.069448413832523670e+01,7.534207624286244354e+00
6.071448985424407141e+01,7.756376418539515427e+00
6.073449557016290612e+01,7.859001178588640890e+00
6.075450128608174083e+01,7.482353120488625997e+00
6.077450700200057554e+01,7.564563730605438074e+00
6.079451271791941025e+01,7.671017775830965668e+00
6.081451843383824496e+01,9.028897600952923597e+00
6.083452414975707967e+01,8.719908388661531617e+00
6.085452986567590727e+01,9.192535605104703578e+00
6.087453558159474198e+01,8.451465302345802399e+00
6.089454129751357669e+01,9.260902978762800331e+00
6.091454701343241140e+01,8.996014062916064091e+00
6.093455272935124611e+01,8.837843060750593338e+00
6.095455844527008082e+01,9.281918944779496528e+00
6.097456416118891553e+01,8.917988391058891295e+00
6.099456987710775024e+01,8.354523741660379699e+00
6.101457559302658495e+01,8.768286480107043701e+00
6.103458130894541256e+01,8.651701010769656364e+00
6.105458702486424727e+01,8.574564967120592129e+00
6.107459274078308198e+01,9.346824151090872945e+00
6.109459845670191669e+01,9.429043882912612418e+00
6.111460417262075140e+01,9.431385534099117507e+00
6.113460988853958611e+01,9.867910923636362241e+00
6.115461560445842082e+01,9.265280584361207161e+00
6.117462132037725553e+01,8.925106877521173487e+00
6.119462703629609024e+01,8.760024251329912914e+00
6.121463275221492495e+01,8.819261777541568037e+00
6.123463846813375255e+01,9.241092960004619883e+00
6.125464418405258726e+01,9.678568622747739880e+00
6.127464989997142197e+01,8.801843494500404930e+00
6.129465561589025668e+01,8.876292030927622534e+00
6.131466133180909139e+01,8.809577330441609178e+00
6.133466704772792610e+01,9.309446717079410405e+00
6.135467276364676081e+01,8.243092158189785579e+00
6.137467847956559552e+01,8.345970694785567190e+00
6.139468419548443023e+01,8.214826707587164378e+00
6.141468991140325784e+01,8.778101561074816317e+00
6.143469562732209255e+01,7.273919637571445662e+00
6.145470134324092726e+01,7.951841153705977661e+00
6.147470705915976197e+01,8.058405005427934142e+00
6.149471277507859668e+01,7.839735032997297459e+00
6.151471849099743139e+01,7.325243432677751798e+00
6.153472420691626610e+01,6.521833413354404030e+00
6.155472992283510081e+01,6.857713983875576957e+00
6.157473563875393552e+01,6.631651142738641092e+00
6.159474135467276312e+01,6.521096650553973362e+00
6.161474707059159783e+01,6.288006242147651470e+00
6.163475278651043254e+01,5.249948970397406711e+00
6.165475850242926725e+01,5.782551244406923807e+00
6.167476421834810196e+01,5.689010476424258833e+00
6.169476993426693667e+01,5.726362356675509524e+00
6.171477565018577138e+01,5.783164526082254397e+00
6.173478136610460609e+01,4.818513073173158467e+00
6.175478708202344080e+01,4.764141884771247781e+00
6.177479279794227551e+01,5.521111805753396773e+00
6.179479851386110312e+01,5.026074848148744501e+00
6.181480422977993783e+01,5.171054147479896557e+00
6.183480994569877254e+01,3.634213536902969111e+00
6.185481566161760725e+01,4.494580195401963074e+00
6.187482137753644196e+01,4.685950653935522681e+00
6.189482709345527667e+01,4.553956615704533917e+00
6.191483280937411138e+01,4.129222392955345100e+00
6.193483852529294609e+01,4.425900705440961147e+00
6.195484424121178080e+01,3.502406544596608828e+00
6.197484995713060840e+01,4.636311862288612140e+00
6.199485567304944311e+01,4.853151088801086033e+00
6.201486138896827782e+01,3.256567866108146525e+00
6.203486710488711253e+01,3.939749892558306321e+00
6.205487282080594724e+01,3.992924287071646816e+00
6.207487853672478195e+01,4.248469821478540354e+00
6.209488425264361666e+01,3.916373272270548433e+00
6.211488996856245137e+01,4.104833307033763035e+00
6.213489568448128608e+01,4.141277952588595213e+00
6.215490140040011369e+01,3.779213283327102602e+00
6.217490711631894840e+01,3.878753338224302460e+00
6.219491283223778311e+01,4.172287221710476501e+00
6.221491854815661782e+01,3.894936559035572010e+00
6.223492426407545253e+01,4.271337059608550923e+00
6.225492997999428724e+01,3.827013524774807607e+00
6.227493569591312195e+01,3.501121740563525098e+00
6.229494141183195666e+01,3.681331647021247822e+00
6.231494712775079137e+01,3.544223512614825378e+00
6.233495284366962608e+01,3.644169029278846672e+00
6.235495855958845368e+01,4.049371214928454421e+00
6.237496427550728839e+01,3.983161546302714129e+00
6.239496999142612310e+01,3.495327934502712619e+00
6.241497570734495781e+01,3.504858951640297704e+00
6.243498142326379252e+01,3.861100043178217867e+00
6.245498713918262723e+01,4.122261010643079260e+00
6.247499285510146194e+01,4.604845046070429326e+00
6.249499857102029665e+01,3.470490671803081462e+00
6.251500428693913136e+01,3.479058376105826245e+00
6.253501000285795897e+01,4.405336963831405939e+00
6.255501571877679368e+01,4.955822532600984154e+00
6.257502143469562839e+01,4.491870268975458380e+00
6.259502715061446310e+01,4.523881624971450854e+00
6.261503286653329781e+01,4.671257044335249908e+00
6.263503858245213252e+01,4.635395534060138267e+00
6.265504429837096723e+01,4.733827565129417714e+00
6.267505001428980194e+01,4.297422728146826465e+00
6.269505573020863665e+01,4.484216194565648905e+00
6.271506144612747136e+01,5.068085579366164772e+00
6.273506716204629896e+01,4.745382270215227294e+00
6.275507287796513367e+01,5.234111497351999986e+00
6.277507859388396838e+01,5.191605444010951587e+00
6.279508430980280309e+01,4.748787013337188334e+00
6.281509002572163780e+01,4.325115763167599603e+00
6.283509574164047251e+01,5.316507868431879835e+00
6.285510145755930722e+01,5.237042324224518985e+00
6.287510717347814193e+01,5.243753700000513440e+00
6.289511288939697664e+01,5.403165777991889129e+00
6.291511860531580425e+01,6.192310368432691448e+00
6.293512432123463896e+01,5.805179835879386019e+00
6.295513003715347367e+01,5.573858309021733959e+00
6.297513575307230838e+01,6.004421354785272946e+00
6.299514146899114309e+01,5.983498825073717775e+00
6.301514718490997780e+01,6.062902805706734455e+00
6.303515290082881251e+01,6.044763961943957042e+00
6.305515861674764722e+01,5.629649433687767157e+00
6.307516433266648193e+01,6.363025029404793642e+00
6.309517004858530953e+01,6.212252469341035699e+00
6.311517576450414424e+01,6.548090295235978076e+00
6.313518148042297895e+01,6.596958011084687712e+00
6.315518719634181366e+01,5.647486642001769752e+00
6.317519291226064837e+01,5.228245821625286283e+00
6.319519862817948308e+01,5.931116562640223577e+00
6.321520434409831779e+01,4.992993296491663457e+00
6.323521006001715250e+01,5.215847542691737004e+00
6.325521577593598721e+01,5.648291858639732155e+00
6.327522149185482192e+01,5.212413291909495427e+00
6.329522720777364952e+01,5.071661651569977280e+00
6.331523292369248423e+01,5.062470185086317187e+00
6.333523863961131894e+01,4.596641843475180345e+00
6.335524435553015365e+01,5.265563970506600633e+00
6.337525007144898836e+01,4.392577550336227432e+00
6.339525578736782307e+01,4.309871937385898910e+00
6.341526150328665778e+01,3.966098136850900957e+00
6.343526721920549249e+01,3.973570334988798525e+00
6.345527293512432720e+01,4.343283397615162578e+00
6.347527865104315481e+01,3.808792765397801983e+00
6.349528436696198952e+01,3.781757443570916699e+00
6.351529008288082423e+01,3.926199676441483710e+00
6.353529579879965894e+01,4.297446124975592419e+00
6.355530151471849365e+01,3.750557703277243249e+00
6.357530723063732836e+01,3.977593465048921750e+00
6.359531294655616307e+01,3.379744479613562280e+00
6.361531866247499778e+01,4.679962476026814144e+00
6.363532437839383249e+01,4.020301781311887979e+00
6.365533009431266720e+01,4.126816204491833950e+00
6.367533581023149480e+01,3.509179139061417985e+00
6.369534152615032951e+01,4.588309496177052083e+00
6.371534724206916422e+01,3.516451684964490454e+00
6.373535295798799893e+01,4.305782182105165390e+00
6.375535867390683364e+01,4.105002713968617378e+00
6.377536438982566835e+01,4.551063098660536710e+00
6.379537010574450306e+01,4.210181088971643781e+00
6.381537582166333777e+01,5.152488669615131300e+00
6.383538153758217248e+01,4.330617695335193140e+00
6.385538725350100009e+01,4.856184282095242111e+00
6.387539296941983480e+01,5.837505377066719348e+00
6.389539868533866951e+01,5.495875803725371433e+00
6.391540440125750422e+01,5.041972264490612865e+00
6.393541011717633893e+01,6.010286413522550220e+00
6.395541583309517364e+01,6.337384780738257284e+00
6.397542154901400835e+01,6.625383803062816490e+00
6.399542726493284306e+01,6.734679875038356300e+00
6.401543298085167066e+01,6.957473814249258481e+00
6.403543869677051248e+01,7.789895599953553074e+00
6.405544441268934008e+01,7.335183995206907781e+00
6.407545012860816769e+01,8.569108759247054508e+00
6.409545584452700950e+01,7.306238614607822868e+00
6.411546156044585132e+01,8.423846033488727514e+00
6.413546727636467892e+01,8.494589450356608396e+00
6.415547299228350653e+01,8.924225746071630994e+00
6.417547870820234834e+01,9.619150909985208386e+00
6.419548442412119016e+01,9.554912865637575692e+00
6.421549014004001776e+01,9.889068394855154764e+00
6.423549585595884537e+01,1.032692536319743226e+01
6.425550157187768718e+01,1.009786728667422651e+01
6.427550728779651479e+01,1.090319770703758451e+01
6.429551300371534239e+01,1.097169204278010568e+01
6.431551871963418421e+01,1.132427533936798625e+01
6.433552443555302602e+01,1.122596371398753945e+01
6.435553015147185363e+01,1.115292949622624619e+01
6.437553586739068123e+01,1.177491655203154330e+01
6.439554158330952305e+01,1.093330865228573856e+01
6.441554729922835065e+01,1.099046208118593526e+01
6.443555301514717826e+01,1.128641332404712472e+01
6.445555873106602007e+01,1.233180896498278578e+01
6.447556444698486189e+01,1.103020341911879676e+01
6.449557016290368949e+01,1.196829453704265234e+01
6.451557587882251710e+01,1.174145474226731167e+01
6.453558159474135891e+01,1.167529187058579154e+01
6.455558731066020073e+01,1.181556888443683384e+01
6.457559302657902833e+01,1.201889804099398518e+01
6.459559874249785594e+01,1.168261037963433679e+01
6.461560445841669775e+01,1.170917141015321050e+01
6.463561017433552536e+01,1.243873707837333598e+01
6.465561589025435296e+01,1.222432857941054785e+01
6.467562160617319478e+01,1.141487690125167376e+01
6.469562732209203659e+01,1.171956437570341336e+01
6.471563303801086420e+01,1.245152410681408739e+01
6.473563875392969180e+01,1.184048189300298759e+01
6.475564446984853362e+01,1.231369855472527419e+01
6.477565018576737543e+01,1.164853419315143412e+01
6.479565590168618883e+01,1.167696878133303606e+01
6.481566161760503064e+01,1.230851451443901645e+01
6.483566733352387246e+01,1.147310588064865833e+01
6.485567304944270006e+01,1.217229096511647590e+01
6.487567876536152767e+01,1.053301379569573726e+01
6.489568448128036948e+01,1.042555926694020663e+01
6.491569019719921130e+01,1.083041360954229049e+01
6.493569591311803890e+01,1.002075431511871173e+01
6.495570162903686651e+01,1.031214668130438739e+01
6.497570734495570832e+01,8.889218701931959288e+00
6.499571306087453593e+01,9.300328094358825126e+00
6.501571877679336353e+01,8.641354809708900575e+00
6.503572449271220535e+01,8.584645371546843151e+00
6.505573020863104716e+01,7.341165131489177931e+00
6.507573592454987477e+01,7.617487903737055532e+00
6.509574164046870237e+01,7.117117430454628746e+00
6.511574735638754419e+01,7.111249342396950723e+00
6.513575307230638600e+01,6.832915050811846136e+00
6.515575878822521361e+01,7.455497754176025893e+00
6.517576450414404121e+01,6.334914471239487810e+00
6.519577022006288303e+01,6.276293777897003601e+00
6.521577593598171063e+01,6.036543247420197211e+00
6.523578165190053824e+01,5.639647797531853968e+00
6.525578736781938005e+01,6.249008779668623781e+00
6.527579308373822187e+01,5.002020280654619455e+00
6.529579879965704947e+01,4.847966098811431479e+00
6.531580451557587708e+01,5.593549506376757741e+00
6.533581023149471889e+01,4.897834662236665082e+00
6.535581594741354650e+01,4.763729527631373806e+00
6.537582166333237410e+01,4.218449679296209176e+00
6.539582737925121592e+01,4.427606572947372143e+00
6.541583309517005773e+01,4.196375048730442536e+00
6.543583881108888534e+01,3.521393630242624528e+00
6.545584452700771294e+01,3.865389882383492903e+00
6.547585024292655476e+01,4.555271134710618064e+00
6.549585595884539657e+01,3.416200829067394196e+00
6.551586167476422418e+01,4.703700291652053167e+00
6.553586739068305178e+01,3.748729981151663004e+00
6.555587310660189360e+01,4.093476003807570152e+00
6.557587882252072120e+01,4.264608863823252882e+00
6.559588453843954881e+01,4.105785451133776576e+00
6.561589025435839062e+01,4.146653741599730658e+00
6.563589597027723244e+01,3.801943523954080195e+00
6.565590168619606004e+01,4.020956220817604176e+00
6.567590740211488765e+01,3.898562435370745760e+00
6.569591311803372946e+01,3.495924369207521032e+00
6.571591883395257128e+01,4.251703639134031931e+00
6.573592454987138467e+01,3.297788786296981023e+00
6.575593026579022649e+01,4.654297942748325312e+00
6.577593598170906830e+01,3.779797944416663391e+00
6.579594169762789591e+01,4.518385244449261151e+00
6.581594741354672351e+01,3.629210963779084143e+00
6.583595312946556533e+01,3.989902364184684025e+00
6.585595884538440714e+01,3.988615255752759658e+00
6.587596456130323475e+01,3.130298795471467166e+00
6.589597027722206235e+01,4.489570691934871682e+00
6.591597599314090417e+01,3.760816531176299549e+00
6.593598170905973177e+01,4.093394724317948707e+00
6.595598742497855937e+01,4.043649140219584659e+00
6.597599314089740119e+01,5.058445377573592694e+00
6.599599885681624301e+01,4.708083252704561517e+00
6.601600457273507061e+01,4.916192927516037869e+00
6.603601028865389821e+01,4.725610003735912557e+00
6.605601600457274003e+01,6.088434871232850654e+00
6.607602172049158185e+01,5.163005511708018247e+00
6.609602743641040945e+01,5.986489491907816429e+00
6.611603315232923705e+01,6.575180305239012313e+00
6.613603886824807887e+01,5.978124142197486890e+00
6.615604458416690647e+01,6.501217467061254141e+00
6.617605030008573408e+01,7.039462088506445170e+00
6.619605601600457589e+01,7.600081109083149045e+00
6.621606173192341771e+01,7.269877481932752517e+00
6.623606744784224531e+01,8.138079050463998598e+00
6.625607316376107292e+01,8.841393093427598160e+00
6.627607887967991473e+01,8.611047687456075295e+00
6.629608459559874234e+01,9.834330806705157357e+00
6.631609031151756994e+01,9.357029543396063076e+00
6.633609602743641176e+01,9.583715205431186490e+00
6.635610174335525357e+01,9.934648439502728579e+00
6.637610745927408118e+01,9.341718227311641698e+00
6.639611317519290878e+01,1.004547443428714004e+01
6.641611889111175060e+01,9.663638356828400333e+00
6.643612460703059241e+01,1.013505553531177661e+01
6.645613032294942002e+01,9.810047696894725888e+00
6.647613603886824762e+01,9.477143246174058788e+00
6.649614175478708944e+01,9.368874812791894158e+00
6.651614747070591704e+01,8.706097790007197190e+00
6.653615318662474465e+01,8.124137913940888467e+00
6.655615890254358646e+01,8.151337444043438296e+00
6.657616461846242828e+01,8.300475866372243772e+00
6.659617033438125588e+01,7.595442823873929328e+00
6.661617605030008349e+01,7.882132737088344498e+00
6.663618176621892530e+01,7.551508819220953406e+00
6.665618748213776712e+01,7.882115378811880291e+00
6.667619319805658051e+01,6.706405956864376350e+00
6.669619891397542233e+01,6.837922683783976829e+00
6.671620462989426414e+01,6.131153251747125665e+00
6.673621034581309175e+01,6.067104005101830566e+00
6.675621606173191935e+01,6.197878654929773745e+00
6.677622177765076117e+01,5.783363672084496088e+00
6.679622749356960298e+01,5.928821252933436980e+00
6.681623320948843059e+01,5.516595373814046077e+00
6.683623892540725819e+01,4.951727759972548881e+00
6.685624464132610001e+01,5.493677350489528877e+00
6.687625035724492761e+01,5.614684848563401331e+00
6.689625607316375522e+01,5.168150413061022519e+00
6.691626178908259703e+01,5.042705994214021104e+00
6.693626750500143885e+01,5.259897601053420857e+00
6.695627322092026645e+01,4.576674105778320900e+00
6.697627893683909406e+01,4.426694037143833249e+00
6.699628465275793587e+01,4.612523488688414552e+00
6.701629036867677769e+01,4.308980391224330297e+00
6.703629608459560529e+01,4.287551245138599754e+00
6.705630180051443290e+01,4.244427671035988503e+00
6.707630751643327471e+01,4.877226305257959638e+00
6.709631323235210232e+01,4.541091452241774462e+00
6.711631894827092992e+01,3.854698622705992950e+00
6.713632466418977174e+01,5.211934193886634148e+00
6.715633038010861355e+01,4.348591263499286264e+00
6.717633609602744116e+01,5.098541333878283233e+00
6.719634181194626876e+01,5.131770482155945778e+00
6.721634752786511058e+01,5.342609283809362175e+00
6.723635324378393818e+01,4.304208241148934633e+00
6.725635895970276579e+01,4.934836651733300883e+00
6.727636467562160760e+01,4.281971738341774802e+00
6.729637039154044942e+01,5.348526470442130254e+00
6.731637610745927702e+01,4.696830770138592293e+00
6.733638182337810463e+01,4.837082191281607990e+00
6.735638753929694644e+01,4.371705254969941556e+00
6.737639325521578826e+01,4.761510734751459140e+00
6.739639897113461586e+01,5.581211891164000960e+00
6.741640468705344347e+01,5.863166964183371022e+00
6.743641040297228528e+01,5.891320063249184003e+00
6.745641611889111289e+01,5.655598858269205387e+00
6.747642183480994049e+01,5.508418124695664275e+00
6.749642755072878231e+01,5.057298625804346415e+00
6.751643326664762412e+01,5.859976643852455425e+00
6.753643898256645173e+01,5.606703148694318628e+00
6.755644469848527933e+01,5.629223278277962983e+00
6.757645041440412115e+01,4.874332177695938739e+00
6.759645613032296296e+01,4.526379094011470094e+00
6.761646184624177636e+01,5.471383400196836888e+00
6.763646756216061817e+01,5.659419111232451449e+00
6.765647327807945999e+01,5.417790129278921896e+00
6.767647899399828759e+01,5.830543458768001841e+00
6.769648470991711520e+01,5.450587700491659859e+00
6.771649042583595701e+01,5.294739357581308425e+00
6.773649614175479883e+01,6.074649734655491073e+00
6.775650185767362643e+01,6.494663643457815994e+00
6.777650757359245404e+01,5.516362789959389445e+00
6.779651328951129585e+01,5.864706335772133627e+00
6.781651900543012346e+01,5.909995194388200090e+00
6.783652472134895106e+01,5.443073758171256493e+00
6.785653043726779288e+01,5.548761978786453497e+00
6.787653615318663469e+01,5.555302351305677178e+00
6.789654186910546230e+01,5.803703024732356219e+00
6.791654758502428990e+01,5.870748656695959689e+00
6.793655330094313172e+01,6.388388483293046427e+00
6.795655901686197353e+01,5.249122784613954096e+00
6.797656473278080114e+01,6.073733402499758682e+00
6.799657044869962874e+01,6.177180160667476549e+00
6.801657616461847056e+01,5.480298712363359748e+00
6.803658188053729816e+01,5.711354146022313394e+00
6.805658759645612577e+01,5.576397201715664664e+00
6.807659331237496758e+01,4.974505636775004014e+00
6.809659902829380940e+01,5.010275197025548799e+00
6.811660474421263700e+01,4.643515730503660066e+00
6.813661046013146461e+01,4.605769183414680334e+00
6.815661617605030642e+01,4.669171605995074081e+00
6.817662189196913403e+01,3.685916132918895638e+00
6.819662760788796163e+01,4.257729693760098577e+00
6.821663332380680345e+01,4.646599519270242062e+00
6.823663903972564526e+01,4.061265196865178950e+00
6.825664475564447287e+01,3.676505669533120191e+00
6.827665047156330047e+01,3.826576197528738454e+00
6.829665618748214229e+01,4.134335990227364199e+00
6.831666190340098410e+01,3.743303143476924166e+00
6.833666761931981171e+01,4.000079283226893878e+00
6.835667333523863931e+01,4.036582500482526648e+00
6.837667905115748113e+01,4.155729009128553031e+00
6.839668476707630873e+01,3.855278162581547541e+00
6.841669048299513634e+01,4.030134549430117730e+00
6.843669619891397815e+01,4.213443287777545621e+00
6.845670191483281997e+01,4.503616297062668750e+00
6.847670763075164757e+01,3.921242869673596143e+00
6.849671334667047518e+01,4.389184902480812056e+00
6.851671906258931699e+01,3.708440567475665972e+00
6.853672477850815881e+01,3.999145083128219813e+00
6.855673049442697220e+01,3.275109515052164078e+00
6.857673621034581402e+01,2.875836114602056792e+00
6.859674192626465583e+01,4.394091564625411728e+00
6.861674764218348344e+01,3.879345693119364391e+00
6.863675335810231104e+01,4.155313625008903777e+00
6.865675907402115286e+01,4.103527113980596219e+00
6.867676478993999467e+01,4.034702711385687479e+00
6.869677050585882228e+01,4.484692887933348970e+00
6.871677622177764988e+01,3.144009519358508253e+00
6.873678193769649170e+01,3.764364690551837089e+00
6.875678765361531930e+01,3.488031836191203272e+00
6.877679336953414690e+01,2.904120212061056083e+00
6.879679908545298872e+01,3.726990914282254153e+00
6.881680480137183054e+01,3.834101643337211485e+00
6.883681051729065814e+01,4.148988890893321901e+00
6.885681623320948574e+01,3.623934806793715602e+00
6.887682194912832756e+01,4.043983104928893901e+00
6.889682766504716938e+01,3.814664960032959407e+00
6.891683338096599698e+01,4.029186490267883336e+00
6.893683909688482458e+01,4.239214159491828227e+00
6.895684481280366640e+01,4.205389980610448220e+00
6.897685052872249400e+01,3.530908102112404023e+00
6.899685624464132161e+01,4.398598325791889252e+00
6.901686196056016342e+01,3.680890817409123716e+00
6.903686767647900524e+01,4.240435253208647559e+00
6.905687339239783284e+01,3.679324636748968924e+00
6.907687910831666045e+01,3.213937440909829135e+00
6.909688482423550226e+01,3.350367889461215665e+00
6.911689054015432987e+01,4.127357837681801200e+00
6.913689625607315747e+01,4.314696203904265559e+00
6.915690197199199929e+01,4.004126991338829988e+00
6.917690768791084110e+01,4.104518547019945451e+00
6.919691340382966871e+01,3.865065710031305724e+00
6.921691911974849631e+01,4.772495113503684827e+00
6.923692483566733813e+01,4.081011935896091458e+00
6.925693055158617994e+01,3.778900989348288775e+00
6.927693626750500755e+01,4.728743699719149873e+00
6.929694198342383515e+01,5.218841877777572691e+00
6.931694769934267697e+01,5.352477104495809712e+00
6.933695341526150457e+01,5.320248706259430804e+00
6.935695913118033218e+01,5.495213658141961943e+00
6.937696484709917399e+01,5.046812114175876829e+00
6.939697056301801581e+01,5.912537821054648646e+00
6.941697627893684341e+01,5.364151399911436080e+00
6.943698199485567102e+01,6.022003358983196719e+00
6.945698771077451283e+01,6.754480178759393993e+00
6.947699342669335465e+01,6.772498075320936728e+00
6.949699914261216804e+01,7.174503515994536507e+00
6.951700485853100986e+01,7.501374109529622913e+00
6.953701057444985167e+01,8.512734653883077485e+00
6.955701629036867928e+01,7.211549342941717455e+00
6.957702200628750688e+01,7.888990095739662145e+00
6.959702772220634870e+01,8.457085453030954270e+00
6.961703343812519051e+01,8.261139637480614084e+00
6.963703915404401812e+01,8.386870134729143444e+00
6.965704486996284572e+01,9.500088862846334692e+00
6.967705058588168754e+01,9.415541769909712144e+00
6.969705630180051514e+01,9.428923468228774141e+00
6.971706201771934275e+01,9.634619381613058309e+00
6.973706773363818456e+01,9.417100605166751848e+00
6.975707344955702638e+01,9.532401526166474071e+00
6.977707916547585398e+01,1.031593055174350226e+01
6.979708488139468159e+01,1.123076308978268756e+01
6.981709059731352340e+01,1.052391582919132773e+01
6.983709631323236522e+01,1.110208226571844747e+01
6.985710202915119282e+01,1.068150579064549532e+01
6.987710774507002043e+01,1.082171700490670929e+01
6.989711346098886224e+01,1.053309777390498070e+01
6.991711917690768985e+01,1.016828544657234623e+01
6.993712489282651745e+01,1.136771412668521464e+01
6.995713060874535927e+01,1.032233378372566435e+01
6.997713632466420108e+01,1.133762682715321901e+01
6.999714204058302869e+01,1.036690261858772999e+01
7.001714775650185629e+01,1.037922989433129928e+01
7.003715347242069811e+01,1.039691461097516800e+01
7.005715918833952571e+01,9.902173467087095560e+00
7.007716490425835332e+01,9.453862575364802012e+00
7.009717062017719513e+01,9.423394273544278832e+00
7.011717633609603695e+01,7.698187117168501459e+00
7.013718205201486455e+01,8.409471950260369866e+00
7.015718776793369216e+01,8.542752264494719583e+00
7.017719348385253397e+01,7.476749442263143308e+00
7.019719919977137579e+01,7.289220511149572701e+00
7.021720491569020339e+01,6.571891333546229674e+00
7.023721063160903100e+01,7.056537212761210931e+00
7.025721634752787281e+01,6.208308291566749126e+00
7.027722206344670042e+01,6.134979352289904320e+00
7.029722777936552802e+01,5.370223111947264982e+00
7.031723349528436984e+01,4.762546408695088829e+00
7.033723921120321165e+01,4.364665202751474737e+00
7.035724492712203926e+01,5.018452535178795415e+00
7.037725064304086686e+01,5.490093107765268599e+00
7.039725635895970868e+01,5.068277613699052608e+00
7.041726207487855049e+01,4.622061393296460707e+00
7.043726779079736389e+01,4.386699280361632702e+00
7.045727350671620570e+01,3.811813775095634682e+00
7.047727922263504752e+01,3.828083220915526219e+00
7.049728493855387512e+01,4.791513793976776014e+00
7.051729065447270273e+01,4.276418520851743565e+00
7.053729637039154454e+01,4.487993732746987874e+00
7.055730208631038636e+01,4.176255225375036240e+00
7.057730780222921396e+01,4.668789710769808643e+00
7.059731351814804157e+01,4.400531461116182541e+00
7.061731923406688338e+01,4.035110531651647570e+00
7.063732494998571099e+01,3.813662534543838412e+00
7.065733066590453859e+01,4.884279064580230312e+00
7.067733638182338041e+01,4.523246723031991934e+00
7.069734209774222222e+01,4.284622927577464324e+00
7.071734781366104983e+01,4.898760190732460273e+00
7.073735352957987743e+01,5.593540314672308611e+00
7.075735924549871925e+01,5.421413061468420835e+00
7.077736496141756106e+01,5.287508981472700320e+00
7.079737067733638867e+01,5.170221035043109481e+00
7.081737639325521627e+01,5.439813427523683131e+00
7.083738210917405809e+01,5.430985880244453945e+00
7.085738782509288569e+01,5.518764778817774719e+00
7.087739354101171330e+01,6.088861370865169320e+00
7.089739925693055511e+01,5.391471101636033936e+00
7.091740497284939693e+01,6.308940819623991558e+00
7.093741068876822453e+01,6.941197804584213316e+00
7.095741640468705214e+01,6.221229993598708319e+00
7.097742212060589395e+01,6.965860881130097937e+00
7.099742783652472156e+01,6.731870643384258557e+00
7.101743355244354916e+01,7.384332471720702173e+00
7.103743926836239098e+01,7.591210890941177070e+00
7.105744498428123279e+01,7.418545139944399125e+00
7.107745070020006040e+01,7.941601209890110091e+00
7.109745641611888800e+01,8.366219406074911547e+00
7.111746213203772982e+01,8.056072081167428678e+00
7.113746784795657163e+01,7.591357273513613890e+00
7.115747356387539924e+01,7.462152810976046879e+00
7.117747927979422684e+01,7.691328185778109727e+00
7.119748499571306866e+01,8.593258253359696397e+00
7.121749071163189626e+01,8.497387615860592547e+00
7.123749642755072387e+01,7.667963926420337195e+00
7.125750214346956568e+01,8.190839034306538480e+00
7.127750785938840750e+01,7.720454106540485029e+00
7.129751357530723510e+01,7.549622844200962746e+00
7.131751929122606271e+01,6.987630525201979026e+00
7.133752500714490452e+01,7.677767337506771206e+00
7.135753072306374634e+01,8.138938375996966457e+00
7.137753643898255973e+01,6.765815216145982802e+00
7.139754215490140155e+01,7.821661456887283315e+00
7.141754787082024336e+01,7.512369794399129219e+00
7.143755358673907097e+01,7.626933341303317349e+00
7.145755930265789857e+01,6.985732871851856984e+00
7.147756501857674039e+01,6.889201092210445410e+00
7.149757073449558220e+01,7.286660756965244623e+00
7.151757645041440981e+01,7.835212077533407538e+00
7.153758216633323741e+01,7.591559130908412278e+00
7.155758788225207923e+01,7.352971965221833273e+00
7.157759359817090683e+01,7.451691313918097137e+00
7.159759931408973443e+01,6.670857229478601269e+00
7.161760503000857625e+01,6.849836625287985648e+00
7.163761074592741807e+01,6.315340050949543205e+00
7.165761646184624567e+01,6.883180519398955255e+00
7.167762217776507327e+01,6.628145751698813370e+00
7.169762789368391509e+01,6.543658780973913736e+00
7.171763360960275691e+01,6.206066574267953939e+00
7.173763932552158451e+01,6.173355868353410436e+00
7.175764504144041211e+01,6.108019586792982736e+00
7.177765075735925393e+01,5.732970222664367732e+00
7.179765647327808153e+01,6.272101590958323314e+00
7.181766218919690914e+01,5.715351716714604180e+00
7.183766790511575095e+01,5.302922349840358152e+00
7.185767362103459277e+01,5.555043283087402806e+00
7.187767933695342037e+01,4.797090395654730166e+00
7.189768505287224798e+01,4.820348241063529215e+00
7.191769076879108979e+01,4.811015722835382924e+00
7.193769648470991740e+01,5.742664970014773829e+00
7.195770220062874500e+01,4.740981891591322217e+00
7.197770791654758682e+01,4.822797096851649812e+00
7.199771363246642863e+01,5.105785907900727949e+00
7.201771934838525624e+01,4.916091716447844817e+00
7.203772506430408384e+01,5.060110108296695053e+00
7.205773078022292566e+01,3.849091836672139166e+00
7.207773649614176747e+01,5.033109604086079436e+00
7.209774221206059508e+01,4.277853284226618591e+00
7.211774792797942268e+01,3.702875760347257739e+00
7.213775364389826450e+01,4.002151535103334545e+00
7.215775935981709210e+01,3.508114363044507300e+00
7.217776507573591971e+01,4.540052711204566549e+00
7.219777079165476152e+01,3.436214652332510333e+00
7.221777650757360334e+01,3.941406765214904961e+00
7.223778222349243094e+01,3.911400849754981479e+00
7.225778793941125855e+01,3.272565909939280093e+00
7.227779365533010036e+01,3.768780514058994502e+00
7.229779937124894218e+01,3.585964020299674981e+00
7.231780508716775557e+01,3.862299394939925357e+00
7.233781080308659739e+01,3.830523611660210381e+00
7.235781651900543920e+01,4.060670552246057774e+00
7.237782223492426681e+01,4.157310731270121629e+00
7.239782795084309441e+01,4.380225313548757882e+00
7.241783366676193623e+01,4.329225693007242803e+00
7.243783938268077804e+01,3.992433627985091604e+00
7.245784509859960565e+01,4.063580440796233262e+00
7.247785081451843325e+01,4.543036704193342601e+00
7.249785653043727507e+01,4.019427660430531901e+00
7.251786224635610267e+01,4.322481904044997769e+00
7.253786796227493028e+01,4.476031929767985140e+00
7.255787367819377209e+01,4.035656778321188298e+00
7.257787939411261391e+01,4.233954373522521131e+00
7.259788511003144151e+01,4.012834366624094429e+00
7.261789082595026912e+01,4.371290364013333374e+00
7.263789654186911093e+01,4.669707725785203323e+00
7.265790225778795275e+01,4.719548009506953079e+00
7.267790797370678035e+01,4.773548275707939936e+00
7.269791368962560796e+01,5.709369377194924766e+00
7.271791940554444977e+01,5.199528605382598201e+00
7.273792512146327738e+01,5.600276945956092156e+00
7.275793083738210498e+01,4.846392572826945688e+00
7.277793655330094680e+01,5.955454579074945798e+00
7.279794226921978861e+01,5.544995324341515541e+00
7.281794798513861622e+01,6.272839147289697159e+00
7.283795370105744382e+01,6.828439614264333102e+00
7.285795941697628564e+01,7.133130084804415461e+00
7.287796513289511324e+01,6.681307411593623513e+00
7.289797084881394085e+01,7.534204902792850156e+00
7.291797656473278266e+01,6.818083276473493548e+00
7.293798228065162448e+01,6.574858218374743046e+00
7.295798799657045208e+01,7.866936249723737618e+00
7.297799371248927969e+01,7.226229236887059315e+00
7.299799942840812150e+01,7.087700080610931153e+00
7.301800514432696332e+01,8.243559012888614035e+00
7.303801086024579092e+01,7.180820825422028264e+00
7.305801657616461853e+01,7.830988241453812115e+00
7.307802229208346034e+01,7.410070441185180101e+00
7.309802800800228795e+01,7.376280550762711385e+00
7.311803372392111555e+01,7.325697504143260375e+00
7.313803943983995737e+01,7.204871835017505610e+00
7.315804515575879918e+01,7.172244235289547909e+00
7.317805087167762679e+01,6.934007662278532713e+00
7.319805658759645439e+01,7.452946133158960151e+00
7.321806230351529621e+01,6.452173449692632623e+00
7.323806801943413802e+01,6.831162268276667504e+00
7.325807373535295142e+01,7.051689917653622963e+00
7.327807945127179323e+01,6.880272754629427112e+00
7.329808516719063505e+01,6.282004208314587501e+00
7.331809088310946265e+01,7.005626793816247755e+00
7.333809659902829026e+01,7.015964509834685892e+00
7.335810231494713207e+01,6.947195844307286094e+00
7.337810803086597389e+01,6.896317171704600568e+00
7.339811374678480149e+01,6.426396895055580316e+00
7.341811946270362910e+01,6.061928291232947963e+00
7.343812517862247091e+01,6.914141752938173902e+00
7.345813089454129852e+01,5.769308147515767260e+00
7.347813661046012612e+01,5.522371061730019903e+00
7.349814232637896794e+01,5.455659164501004632e+00
7.351814804229780975e+01,4.629179538270140171e+00
7.353815375821663736e+01,5.121531802473481498e+00
7.355815947413546496e+01,5.012692171950629216e+00
7.357816519005430678e+01,5.477156362800132960e+00
7.359817090597314859e+01,5.100202671773043761e+00
7.361817662189197620e+01,5.254249281398641003e+00
7.363818233781080380e+01,5.670142120945384612e+00
7.365818805372964562e+01,5.301488719880869560e+00
7.367819376964847322e+01,4.147106344045344173e+00
7.369819948556730083e+01,4.336945869801253295e+00
7.371820520148614264e+01,5.085491859211379584e+00
7.373821091740498446e+01,4.186050039568097070e+00
7.375821663332381206e+01,4.246336489543655723e+00
7.377822234924263967e+01,4.802907398578192932e+00
7.379822806516148148e+01,4.060023043944161358e+00
7.381823378108030909e+01,4.451947151140969616e+00
7.383823949699913669e+01,4.171001631936080756e+00
7.385824521291797851e+01,4.423656572370781248e+00
7.387825092883682032e+01,5.020242713429587944e+00
7.389825664475564793e+01,4.810367034257783558e+00
7.391826236067447553e+01,4.548224291776301165e+00
7.393826807659331735e+01,4.276459658787413964e+00
7.395827379251215916e+01,4.104217831131310668e+00
7.397827950843098677e+01,4.769857586684306483e+00
7.399828522434981437e+01,4.787159032006939263e+00
7.401829094026865619e+01,4.329289330909094957e+00
7.403829665618748379e+01,5.227263103890699369e+00
7.405830237210632561e+01,4.985647841381540601e+00
7.407830808802515321e+01,5.128419117968363139e+00
7.409831380394398082e+01,4.730486518971513732e+00
7.411831951986282263e+01,5.115097047540720254e+00
7.413832523578165024e+01,4.864608899892955307e+00
7.415833095170049205e+01,5.175630640898106982e+00
7.417833666761931966e+01,5.465611992858130819e+00
7.419834238353816147e+01,4.788329617602871124e+00
7.421834809945698908e+01,5.612769075696788512e+00
7.423835381537583089e+01,5.839683035906698905e+00
7.425835953129465850e+01,6.223411685865822385e+00
7.427836524721348610e+01,5.738181347175260072e+00
7.429837096313232792e+01,6.058889237224894586e+00
7.431837667905115552e+01,6.252629581402693759e+00
7.433838239496999734e+01,6.550596393626241465e+00
7.435838811088882494e+01,5.876289357144695913e+00
7.437839382680766676e+01,6.587064903614626488e+00
7.439839954272649436e+01,6.723631420046130458e+00
7.441840525864533618e+01,6.394169208256965220e+00
7.443841097456416378e+01,6.401739319804742756e+00
7.445841669048300560e+01,7.210758863155652065e+00
7.447842240640183320e+01,7.161535575233706652e+00
7.449842812232066080e+01,6.696619134251330152e+00
7.451843383823950262e+01,7.282782493495059128e+00
7.453843955415833022e+01,7.709837905890258192e+00
7.455844527007717204e+01,6.685448018867626629e+00
7.457845098599599964e+01,6.583552676110528523e+00
7.459845670191484146e+01,6.352974987259308648e+00
7.461846241783366906e+01,6.144773083049793527e+00
7.463846813375251088e+01,7.020660100934819070e+00
7.465847384967133848e+01,6.241967644637423263e+00
7.467847956559016609e+01,6.240702917844357600e+00
7.469848528150900790e+01,5.588963860669566408e+00
7.471849099742783551e+01,6.095296712913867765e+00
7.473849671334667732e+01,5.094399779462841948e+00
7.475850242926550493e+01,5.712216770085515982e+00
7.477850814518434674e+01,6.327578954855690441e+00
7.479851386110317435e+01,5.777831188343450108e+00
7.481851957702201616e+01,5.439266514816708309e+00
7.483852529294084377e+01,5.448800461990417787e+00
7.485853100885967137e+01,5.329617395241648126e+00
7.487853672477851319e+01,5.750837869792321477e+00
7.489854244069734079e+01,5.916035680898257709e+00
7.491854815661618261e+01,6.335343056152813901e+00
7.493855387253501021e+01,5.712076712989507143e+00
7.495855958845385203e+01,6.280365092257138571e+00
7.497856530437267963e+01,5.612326351878135000e+00
7.499857102029152145e+01,5.887257662299361982e+00
7.501857673621034905e+01,6.533601210951641924e+00
7.503858245212917666e+01,6.616090455617554156e+00
7.505858816804801847e+01,5.634368356027534830e+00
7.507859388396684608e+01,6.162270622485772620e+00
7.509859959988568789e+01,5.532974555590153720e+00
7.511860531580451550e+01,5.800879273857772134e+00
7.513861103172335731e+01,5.780243471595264637e+00
7.515861674764218492e+01,5.812975109518453642e+00
7.517862246356102673e+01,6.308283724108029844e+00
7.519862817947985434e+01,5.640276284623923608e+00
7.521863389539868194e+01,6.349108113926472896e+00
7.523863961131752376e+01,5.581909693845362952e+00
7.525864532723635136e+01,6.078562886942071586e+00
7.527865104315519318e+01,6.049698677923839973e+00
7.529865675907402078e+01,5.384100875610791093e+00
7.531866247499286260e+01,4.749965232799755022e+00
7.533866819091169020e+01,4.987601613324706307e+00
7.535867390683053202e+01,4.525729808464265425e+00
7.537867962274935962e+01,4.505584016471890330e+00
7.539868533866820144e+01,4.021628545673689104e+00
7.541869105458702904e+01,4.011491123107881585e+00
7.543869677050585665e+01,4.698703488952260088e+00
7.545870248642469846e+01,4.699662070417268467e+00
7.547870820234352607e+01,3.313119824895399912e+00
7.549871391826236788e+01,3.669399753500169226e+00
7.551871963418119549e+01,4.601941720727740659e+00
7.553872535010003730e+01,4.195366506969551601e+00
7.555873106601886491e+01,3.359768860254437772e+00
7.557873678193770672e+01,3.377736175168232435e+00
7.559874249785653433e+01,3.607947138438047929e+00
7.561874821377536193e+01,3.592465597199649530e+00
7.563875392969420375e+01,3.863516642272696977e+00
7.565875964561303135e+01,3.150768190837303528e+00
7.567876536153187317e+01,4.053582194112829384e+00
7.569877107745070077e+01,3.674488586535322732e+00
7.571877679336954259e+01,3.511363139125486921e+00
7.573878250928837019e+01,3.712939058227914479e+00
7.575878822520721201e+01,2.901054494266346317e+00
7.577879394112603961e+01,3.748620912852714149e+00
7.579879965704486722e+01,3.687661101709489131e+00
7.581880537296370903e+01,3.441404074816142522e+00
7.583881108888253664e+01,2.923439411407454003e+00
7.585881680480137845e+01,3.466946675110872178e+00
7.587882252072020606e+01,3.928506983579691081e+00
7.589882823663904787e+01,3.040059195456735530e+00
7.591883395255787548e+01,3.451667895920965456e+00
7.593883966847671729e+01,3.106053912391247174e+00
7.595884538439554490e+01,3.585810687263120577e+00
7.597885110031437250e+01,3.444186257189871370e+00
7.599885681623321432e+01,3.816358235249754927e+00
7.601886253215204192e+01,3.767231101406236959e+00
7.603886824807088374e+01,3.557520282013187263e+00
7.605887396398971134e+01,2.877673846288695270e+00
7.607887967990855316e+01,3.432892440822080893e+00
7.609888539582738076e+01,4.257355455028113411e+00
7.611889111174622258e+01,4.063634697876775448e+00
7.613889682766505018e+01,3.632252844107862977e+00
7.615890254358387779e+01,3.082451120921720911e+00
7.617890825950271960e+01,4.187137353354530411e+00
7.619891397542154721e+01,3.489118259001374955e+00
7.621891969134038902e+01,3.679906037251583051e+00
7.623892540725921663e+01,3.429805126959165396e+00
7.625893112317805844e+01,3.981627533869816826e+00
7.627893683909688605e+01,3.729710874981549296e+00
7.629894255501572786e+01,3.046026540870122368e+00
7.631894827093455547e+01,3.587514979474307530e+00
7.633895398685339728e+01,3.809723748802788634e+00
7.635895970277222489e+01,3.676118640613923017e+00
7.637896541869105249e+01,3.462162170420797214e+00
7.639897113460989431e+01,3.165172573014158885e+00
7.641897685052872191e+01,3.421647901143040293e+00
7.643898256644756373e+01,4.250402962962549935e+00
7.645898828236639133e+01,3.925514655352804194e+00
7.647899399828523315e+01,3.793485464704534849e+00
7.649899971420406075e+01,3.546417284875742482e+00
7.651900543012290257e+01,3.158843284754208725e+00
7.653901114604173017e+01,4.356265966909846910e+00
7.655901686196055778e+01,2.844229837558064578e+00
7.657902257787939959e+01,3.033675481260150519e+00
7.659902829379822720e+01,4.310902521462725012e+00
7.661903400971706901e+01,3.467396745501964972e+00
7.663903972563589662e+01,3.852295134167544877e+00
7.665904544155473843e+01,3.552320646683564398e+00
7.667905115747356604e+01,3.615116352653726217e+00
7.669905687339240785e+01,3.238138625692370542e+00
7.671906258931123546e+01,3.122177679853641141e+00
7.673906830523006306e+01,3.260340570926004489e+00
7.675907402114890488e+01,4.501196816063553818e+00
7.677907973706773248e+01,3.483033658461182736e+00
7.679908545298657430e+01,3.384981178253044121e+00
7.681909116890540190e+01,3.281166450311642446e+00
7.683909688482424372e+01,3.116454359537821794e+00
7.685910260074307132e+01,4.283088512421737271e+00
7.687910831666191314e+01,4.367599318484971072e+00
7.689911403258074074e+01,3.967759468694622260e+00
7.691911974849956835e+01,3.818865230633297969e+00
7.693912546441841016e+01,3.301255762334752042e+00
7.695913118033723777e+01,3.833350771724548078e+00
7.697913689625607958e+01,4.321512163369270354e+00
7.699914261217490719e+01,4.067224122755889404e+00
7.701914832809374900e+01,3.559145518996102986e+00
7.703915404401257661e+01,4.021657164026911424e+00
7.705915975993141842e+01,3.458253004273830200e+00
7.707916547585024603e+01,4.199537820210949235e+00
7.709917119176907363e+01,3.830098308304330512e+00
7.711917690768791545e+01,5.036780220944943487e+00
7.713918262360674305e+01,4.180527595621587267e+00
7.715918833952558487e+01,4.431663442607254311e+00
7.717919405544441247e+01,4.580927711923530765e+00
7.719919977136325429e+01,4.854498496167568788e+00
7.721920548728208189e+01,5.201925051007464162e+00
7.723921120320092371e+01,5.187587253982785640e+00
7.725921691911975131e+01,4.343151363601810644e+00
7.727922263503859313e+01,5.220679028932447174e+00
7.729922835095742073e+01,5.778727470872224714e+00
7.731923406687624833e+01,5.765394863236162237e+00
7.733923978279509015e+01,4.960192032038019505e+00
7.735924549871391775e+01,5.587934284321346645e+00
7.737925121463275957e+01,5.483768231336710208e+00
7.739925693055158717e+01,5.448193667638473237e+00
7.741926264647042899e+01,5.780161123588340999e+00
7.743926836238925659e+01,6.600324239846017349e+00
7.745927407830809841e+01,6.317603976887029127e+00
7.747927979422692601e+01,6.985740516880690976e+00
7.749928551014575362e+01,6.701780454877312110e+00
7.751929122606459543e+01,6.837972213007321720e+00
7.753929694198342304e+01,7.484964005645771579e+00
7.755930265790226485e+01,6.911647563272488526e+00
7.757930837382109246e+01,8.041074704108458704e+00
7.759931408973993427e+01,8.302920312120475543e+00
7.761931980565876188e+01,8.684699750579754962e+00
7.763932552157760369e+01,8.551503157998475046e+00
7.765933123749643130e+01,8.545927445227944119e+00
7.767933695341525890e+01,8.364387901322789531e+00
7.769934266933410072e+01,8.994635811742494269e+00
7.771934838525292832e+01,9.306407430566562056e+00
7.773935410117177014e+01,9.542393747728834086e+00
7.775935981709059774e+01,9.824149072526306981e+00
7.777936553300943956e+01,9.624017879073289095e+00
7.779937124892826716e+01,9.807136615270348301e+00
7.781937696484710898e+01,8.803976664941863817e+00
7.783938268076593658e+01,1.022363655484529943e+01
7.785938839668476419e+01,9.340015744857051772e+00
7.787939411260360600e+01,1.018207450874557196e+01
7.789939982852243361e+01,9.625254563925315310e+00
7.791940554444127542e+01,1.056463888196556056e+01
7.793941126036010303e+01,1.082505171685652456e+01
7.795941697627894484e+01,1.040944192482838027e+01
7.797942269219777245e+01,1.068045454511075221e+01
7.799942840811661426e+01,1.073918174542896509e+01
7.801943412403544187e+01,1.135286195319014624e+01
7.803943983995426947e+01,1.088712360487056330e+01
7.805944555587311129e+01,1.128513312792459544e+01
7.807945127179193889e+01,1.132086379360272588e+01
7.809945698771078071e+01,1.182681225462005514e+01
7.811946270362960831e+01,1.048941178818728659e+01
7.813946841954845013e+01,1.077171952058086823e+01
7.815947413546727773e+01,1.059861793726607893e+01
7.817947985138611955e+01,9.787006230795828543e+00
7.819948556730494715e+01,9.626449301425545002e+00
7.821949128322378897e+01,8.800983266088984180e+00
7.823949699914261657e+01,8.755719858200576411e+00
7.825950271506144418e+01,8.746478483522606595e+00
7.827950843098028599e+01,7.677564498089809675e+00
7.829951414689911360e+01,7.772378664489750122e+00
7.831951986281795541e+01,7.092676940956570419e+00
7.833952557873678302e+01,7.923116549386891805e+00
7.835953129465562483e+01,6.580170310929582378e+00
7.837953701057445244e+01,7.370574975455698841e+00
7.839954272649329425e+01,6.238332567166382958e+00
7.841954844241212186e+01,5.845275942198363772e+00
7.843955415833094946e+01,6.249648267590709239e+00
7.845955987424979128e+01,6.981938396444655304e+00
7.847956559016861888e+01,5.987915921627341653e+00
7.849957130608746070e+01,5.267195662624591712e+00
7.851957702200628830e+01,5.155782934225491942e+00
7.853958273792513012e+01,5.477874588242356069e+00
7.855958845384395772e+01,4.946813341931703079e+00
7.857959416976279954e+01,5.093125087972714127e+00
7.859959988568162714e+01,4.633244406575098395e+00
7.861960560160045475e+01,4.858358347468097804e+00
7.863961131751929656e+01,4.304866132111620836e+00
7.865961703343812417e+01,3.843933107712858455e+00
7.867962274935696598e+01,4.351651532340698125e+00
7.869962846527579359e+01,4.070487041486897439e+00
7.871963418119463540e+01,4.495128673051228319e+00
7.873963989711346301e+01,4.197210189548638226e+00
7.875964561303230482e+01,3.937453940340815528e+00
7.877965132895113243e+01,3.836905231724847987e+00
7.879965704486996003e+01,4.477921257438914893e+00
7.881966276078880185e+01,4.221409169942347717e+00
7.883966847670762945e+01,4.660911930425283956e+00
7.885967419262647127e+01,4.509128739552989984e+00
7.887967990854529887e+01,4.652835287939663722e+00
7.889968562446414069e+01,4.292877787112092669e+00
7.891969134038296829e+01,5.084187539644790199e+00
7.893969705630181011e+01,5.178601494595126198e+00
7.895970277222063771e+01,4.566529846601118159e+00
7.897970848813946532e+01,4.489511417374171032e+00
7.899971420405830713e+01,4.575003243523271479e+00
7.901971991997713474e+01,5.268087016004265877e+00
7.903972563589597655e+01,5.321422580089992138e+00
7.905973135181480416e+01,4.961294171801665875e+00
7.907973706773364597e+01,5.000718100596266424e+00
7.909974278365247358e+01,5.319742011881760213e+00
7.911974849957131539e+01,5.573318977395731899e+00
7.913975421549014300e+01,4.891734104331820987e+00
7.915975993140898481e+01,5.843271007856148280e+00
7.917976564732781242e+01,5.708477138258448491e+00
7.919977136324664002e+01,5.887736957299154916e+00
7.921977707916548184e+01,4.938803790394144855e+00
7.923978279508430944e+01,5.590180220756022500e+00
7.925978851100315126e+01,6.370918697595055136e+00
7.927979422692197886e+01,5.872733894464816196e+00
7.929979994284082068e+01,6.122490073959055756e+00
7.931980565875964828e+01,5.009581338827558739e+00
7.933981137467849010e+01,5.890912047870555668e+00
7.935981709059731770e+01,5.365064452451925092e+00
7.937982280651614531e+01,5.624601104226160331e+00
7.939982852243498712e+01,5.114791223921749008e+00
7.941983423835381473e+01,5.553054683984801621e+00
7.943983995427265654e+01,5.547552935575950528e+00
7.945984567019148415e+01,5.793852653287522969e+00
7.947985138611032596e+01,6.240616859674030792e+00
7.949985710202915357e+01,5.477451865696417066e+00
7.951986281794799538e+01,5.373420433823259401e+00
7.953986853386682299e+01,6.018858805213586294e+00
7.955987424978565059e+01,6.337634880011059124e+00
7.957987996570449241e+01,6.606777249861266910e+00
7.959988568162332001e+01,7.565687611633945764e+00
7.961989139754216183e+01,6.751408180666066627e+00
7.963989711346098943e+01,7.837275079333160477e+00
7.965990282937983125e+01,7.033192564429146643e+00
7.967990854529865885e+01,7.795296976381708376e+00
7.969991426121750067e+01,7.327273771156998627e+00
7.971991997713632827e+01,7.523197997301066309e+00
7.973992569305515588e+01,7.414404029186695055e+00
7.975993140897399769e+01,7.737274721861961524e+00
7.977993712489282530e+01,7.953067326375545143e+00
7.979994284081166711e+01,7.624424894019348642e+00
7.981994855673049472e+01,7.005434346866516115e+00
7.983995427264933653e+01,7.052090215308432164e+00
7.985995998856816414e+01,6.228283758967961603e+00
7.987996570448700595e+01,6.614901411564916067e+00
7.989997142040583356e+01,6.322854529466382267e+00
7.991997713632466116e+01,5.814064579612393757e+00
7.993998285224350298e+01,5.590196409312319759e+00
7.995998856816233058e+01,5.071262059388617516e+00
7.997999428408117240e+01,5.078307386553270852e+00
8.000000000000000000e+01,4.713970253187326875e+00
