angle,intensity
1.000000000000000000e+01,5.201376491673314284e+00
1.002000571591883471e+01,5.864766329902412423e+00
1.004001143183766764e+01,5.790066808209212823e+00
1.006001714775650235e+01,5.474536327304296179e+00
1.008002286367533529e+01,6.311229545213717707e+00
1.010002857959417000e+01,6.047814001078373636e+00
1.012003429551300293e+01,6.501679607348341605e+00
1.014004001143183764e+01,5.937131261479557054e+00
1.016004572735067235e+01,5.778855515830920275e+00
1.018005144326950528e+01,6.449851487981501208e+00
1.020005715918833999e+01,6.256087728148413518e+00
1.022006287510717293e+01,6.559660205145792844e+00
1.024006859102600764e+01,5.053993725072325027e+00
1.026007430694484057e+01,6.610395482050080318e+00
1.028008002286367528e+01,5.611282441129791465e+00
1.030008573878250999e+01,5.698604366743009741e+00
1.032009145470134293e+01,5.357754232434154495e+00
1.034009717062017764e+01,5.905847054043739774e+00
1.036010288653901057e+01,5.307212884367581651e+00
1.038010860245784528e+01,5.408842036874387915e+00
1.040011431837667999e+01,5.565770613929247546e+00
1.042012003429551292e+01,5.516884399154260876e+00
1.044012575021434763e+01,5.461934799237617710e+00
1.046013146613318057e+01,5.893464525358988126e+00
1.048013718205201528e+01,5.584628330660181383e+00
1.050014289797084821e+01,5.811288092182729237e+00
1.052014861388968292e+01,5.410389652232893809e+00
1.054015432980851585e+01,5.680259451183195196e+00
1.056016004572735056e+01,5.666951804637998080e+00
1.058016576164618527e+01,5.898598070525176595e+00
1.060017147756501821e+01,4.958398408091797549e+00
1.062017719348385292e+01,6.207603069817087871e+00
1.064018290940268585e+01,5.841439968608087341e+00
1.066018862532152056e+01,5.242081514404879350e+00
1.068019434124035527e+01,5.638207072595367464e+00
1.070020005715918820e+01,5.811391839658034186e+00
1.072020577307802292e+01,5.954287209633095657e+00
1.074021148899685585e+01,5.307656770609021635e+00
1.076021720491569056e+01,6.213200982341509082e+00
1.078022292083452349e+01,5.294953305873201899e+00
1.080022863675335820e+01,5.574309166600902365e+00
1.082023435267219291e+01,5.979960212598108171e+00
1.084024006859102585e+01,5.649246156080517167e+00
1.086024578450986056e+01,5.397206223053004237e+00
1.088025150042869349e+01,5.455335877354090535e+00
1.090025721634752820e+01,5.150554067748314147e+00
1.092026293226636113e+01,5.991693872133524223e+00
1.094026864818519584e+01,6.118030064198638485e+00
1.096027436410403055e+01,5.015490595789998451e+00
1.098028008002286349e+01,5.640668549494165518e+00
1.100028579594169820e+01,5.646612449434323722e+00
1.102029151186053113e+01,5.393836517584658985e+00
1.104029722777936584e+01,6.243273005378675578e+00
1.106030294369819877e+01,5.817540051598109940e+00
1.108030865961703348e+01,5.014349152163960710e+00
1.110031437553586819e+01,5.088030470803632355e+00
1.112032009145470113e+01,4.953749671909722707e+00
1.114032580737353584e+01,5.989356525053942448e+00
1.116033152329236877e+01,5.564114992719485286e+00
1.118033723921120348e+01,5.445146536733721732e+00
1.120034295513003642e+01,5.074504563546650360e+00
1.122034867104887113e+01,4.953134222499423700e+00
1.124035438696770584e+01,6.184840429888147639e+00
1.126036010288653877e+01,5.664301099121010985e+00
1.128036581880537348e+01,5.796806793750187481e+00
1.130037153472420641e+01,5.592662975798328162e+00
1.132037725064304112e+01,5.792766610269801220e+00
1.134038296656187583e+01,5.408640276282042691e+00
1.136038868248070877e+01,6.139435071887238138e+00
1.138039439839954348e+01,5.134609456000292838e+00
1.140040011431837641e+01,5.415658721443271872e+00
1.142040583023721112e+01,5.484406910397789936e+00
1.144041154615604405e+01,5.462057939718995669e+00
1.146041726207487876e+01,6.151413508134931263e+00
1.148042297799371170e+01,5.378607044106239243e+00
1.150042869391254641e+01,5.446141357313524445e+00
1.152043440983138112e+01,5.033118561242687861e+00
1.154044012575021405e+01,5.232885521105357540e+00
1.156044584166904876e+01,5.248954045900060095e+00
1.158045155758788169e+01,5.112743785953014708e+00
1.160045727350671640e+01,5.156261537755401747e+00
1.162046298942555111e+01,6.335141658844491985e+00
1.164046870534438405e+01,5.416793344291016332e+00
1.166047442126321876e+01,5.635555577822466411e+00
1.168048013718205169e+01,5.877570858401500509e+00
1.170048585310088640e+01,5.507393675024308877e+00
1.172049156901971934e+01,5.486486589263748215e+00
1.174049728493855405e+01,5.257713875594495434e+00
1.176050300085738698e+01,5.533263590924494935e+00
1.178050871677622169e+01,5.656125403589948419e+00
1.180051443269505640e+01,5.155865373882972946e+00
1.182052014861388933e+01,5.753496025823995552e+00
1.184052586453272404e+01,5.278116388831342931e+00
1.186053158045155698e+01,5.733682002357955554e+00
1.188053729637039169e+01,5.315444469645772330e+00
1.190054301228922640e+01,5.523213856343282657e+00
1.192054872820805933e+01,5.389510526073479468e+00
1.194055444412689404e+01,5.384234052409535565e+00
1.196056016004572697e+01,5.797769435920603343e+00
1.198056587596456168e+01,5.916114234523953463e+00
1.200057159188339639e+01,5.860269902035374123e+00
1.202057730780222933e+01,6.129481967226162453e+00
1.204058302372106226e+01,5.031410902580260469e+00
1.206058873963989697e+01,5.251233210818600838e+00
1.208059445555873168e+01,4.913072992119886351e+00
1.210060017147756461e+01,5.873366776245735110e+00
1.212060588739639932e+01,4.891050521430935660e+00
1.214061160331523226e+01,5.136101211785081944e+00
1.216061731923406697e+01,5.344621139752804062e+00
1.218062303515290168e+01,5.136430649030677031e+00
1.220062875107173461e+01,5.128125064175963033e+00
1.222063446699056932e+01,4.718979701148970030e+00
1.224064018290940226e+01,6.160813831087530446e+00
1.226064589882823697e+01,5.536201284751276930e+00
1.228065161474707168e+01,5.497671088078811330e+00
1.230065733066590461e+01,5.100037887863074104e+00
1.232066304658473754e+01,5.719529460024233458e+00
1.234066876250357225e+01,4.927797050498082143e+00
1.236067447842240696e+01,4.820680477965950672e+00
1.238068019434123990e+01,5.687027893980316051e+00
1.240068591026007461e+01,5.707956168917958983e+00
1.242069162617890754e+01,5.808973338010977372e+00
1.244069734209774225e+01,5.305367956826609444e+00
1.246070305801657696e+01,5.091248190224208159e+00
1.248070877393540989e+01,5.368574200702358468e+00
1.250071448985424460e+01,5.074898592598511726e+00
1.252072020577307754e+01,5.534489817483065899e+00
1.254072592169191225e+01,4.830877271270498596e+00
1.256073163761074696e+01,5.538032917522442311e+00
1.258073735352957989e+01,5.319090209101040578e+00
1.260074306944841460e+01,5.922022726243557855e+00
1.262074878536724754e+01,5.004308827899809131e+00
1.264075450128608225e+01,4.771042509441224766e+00
1.266076021720491518e+01,5.743370377056129072e+00
1.268076593312374989e+01,5.546074938239847540e+00
1.270077164904258282e+01,5.497141695550983975e+00
1.272077736496141753e+01,5.215177056853116611e+00
1.274078308088025224e+01,5.594127156852264804e+00
1.276078879679908518e+01,5.101990995152815067e+00
1.278079451271791989e+01,5.812455255476605132e+00
1.280080022863675282e+01,5.883425629021466818e+00
1.282080594455558753e+01,5.801213379072695631e+00
1.284081166047442224e+01,5.492210901392013511e+00
1.286081737639325517e+01,4.699240633526374111e+00
1.288082309231208988e+01,5.930999980667738924e+00
1.290082880823092282e+01,5.993274811731472695e+00
1.292083452414975753e+01,5.560692119549411672e+00
1.294084024006859224e+01,6.205702164100312501e+00
1.296084595598742517e+01,6.173156245451300705e+00
1.298085167190625810e+01,5.932790010161951955e+00
1.300085738782509281e+01,4.938735745948303446e+00
1.302086310374392752e+01,5.844363447718244231e+00
1.304086881966276046e+01,5.653187912267268800e+00
1.306087453558159517e+01,5.798890687117560283e+00
1.308088025150042810e+01,5.769964862799001004e+00
1.310088596741926281e+01,4.892464367109345069e+00
1.312089168333809752e+01,5.868040036873203746e+00
1.314089739925693046e+01,5.839259738267025490e+00
1.316090311517576517e+01,5.720457321695896269e+00
1.318090883109459810e+01,5.820279303070830856e+00
1.320091454701343281e+01,6.213567826903380720e+00
1.322092026293226752e+01,5.428349078858575538e+00
1.324092597885110045e+01,5.998782385421489671e+00
1.326093169476993339e+01,5.375155699917214314e+00
1.328093741068876810e+01,6.402771974114658704e+00
1.330094312660760281e+01,5.919304150686802934e+00
1.332094884252643574e+01,6.043359039891719853e+00
1.334095455844527045e+01,5.213729487147571007e+00
1.336096027436410338e+01,5.433585961310134493e+00
1.338096599028293809e+01,5.719436980785112645e+00
1.340097170620177280e+01,6.263123003134853484e+00
1.342097742212060574e+01,5.251776720598524406e+00
1.344098313803944045e+01,5.346865246533931249e+00
1.346098885395827338e+01,5.626157576991688281e+00
1.348099456987710809e+01,6.114283731781274156e+00
1.350100028579594280e+01,6.182960505423253039e+00
1.352100600171477573e+01,5.139867567536409609e+00
1.354101171763361044e+01,4.983072941258066990e+00
1.356101743355244338e+01,5.673419625823616030e+00
1.358102314947127809e+01,5.966405888976591854e+00
1.360102886539011102e+01,5.534090845854043650e+00
1.362103458130894573e+01,4.912379129706134329e+00
1.364104029722777867e+01,4.830761276747212563e+00
1.366104601314661338e+01,5.283870929134224070e+00
1.368105172906544809e+01,4.449673061409198382e+00
1.370105744498428102e+01,4.967649442366672830e+00
1.372106316090311573e+01,4.536011367643408398e+00
1.374106887682194866e+01,4.491225661037763217e+00
1.376107459274078337e+01,5.295962321273863793e+00
1.378108030865961808e+01,5.430049356236877678e+00
1.380108602457845102e+01,4.029564186006385995e+00
1.382109174049728573e+01,4.933853938321496990e+00
1.384109745641611866e+01,5.121003791229596480e+00
1.386110317233495337e+01,4.621911954766638964e+00
1.388110888825378808e+01,4.889715810731275702e+00
1.390111460417262101e+01,4.067454987977262348e+00
1.392112032009145395e+01,4.697653617662446379e+00
1.394112603601028866e+01,5.100279846505577197e+00
1.396113175192912337e+01,4.450194777010781699e+00
1.398113746784795630e+01,3.988910832350025082e+00
1.400114318376679101e+01,4.249642981220307369e+00
1.402114889968562395e+01,4.905843343631533848e+00
1.404115461560445866e+01,4.582420478639564365e+00
1.406116033152329337e+01,4.827448614173555974e+00
1.408116604744212630e+01,4.340935754338154595e+00
1.410117176336095923e+01,4.518968126303652966e+00
1.412117747927979394e+01,4.804951788492771492e+00
1.414118319519862865e+01,4.623745538275066735e+00
1.416118891111746336e+01,5.120173397573227980e+00
1.418119462703629630e+01,4.606999347329528760e+00
1.420120034295512923e+01,4.580851076304717218e+00
1.422120605887396394e+01,4.677512283066131538e+00
1.424121177479279865e+01,3.985924898519932480e+00
1.426121749071163336e+01,4.637383532152584920e+00
1.428122320663046629e+01,4.268944328627329199e+00
1.430122892254929923e+01,5.310734107842510099e+00
1.432123463846813394e+01,5.082378453016832331e+00
1.434124035438696865e+01,4.694441909705290072e+00
1.436124607030580158e+01,4.135799327201372222e+00
1.438125178622463629e+01,4.915604031115650585e+00
1.440125750214346922e+01,4.717068872273811664e+00
1.442126321806230393e+01,4.663739893333362474e+00
1.444126893398113864e+01,4.407025358746285093e+00
1.446127464989997158e+01,4.687773400869762241e+00
1.448128036581880451e+01,5.133626571939971406e+00
1.450128608173763922e+01,4.240902896521849819e+00
1.452129179765647393e+01,4.380049055366516342e+00
1.454129751357530864e+01,4.423804494993167857e+00
1.456130322949414158e+01,5.323517248805046620e+00
1.458130894541297451e+01,5.616285049826339915e+00
1.460131466133180922e+01,5.073907986852564278e+00
1.462132037725064393e+01,5.400899590076085666e+00
1.464132609316947686e+01,5.214777621467401758e+00
1.466133180908831157e+01,5.217914226959560864e+00
1.468133752500714451e+01,4.442270663006299358e+00
1.470134324092597922e+01,5.152539566155356354e+00
1.472134895684481393e+01,4.449920362725450218e+00
1.474135467276364686e+01,4.424576076261301338e+00
1.476136038868247979e+01,5.297859313810142190e+00
1.478136610460131450e+01,4.908809433785952692e+00
1.480137182052014921e+01,5.500077802758465140e+00
1.482137753643898392e+01,5.623232235701951964e+00
1.484138325235781686e+01,4.453149671722932190e+00
1.486138896827664979e+01,4.838717052539133867e+00
1.488139468419548450e+01,5.432243259532814506e+00
1.490140040011431921e+01,6.088896318291222798e+00
1.492140611603315392e+01,6.052664888387020881e+00
1.494141183195198685e+01,6.060739124916931786e+00
1.496141754787081979e+01,5.658991152781178258e+00
1.498142326378965450e+01,5.122201301346265723e+00
1.500142897970848921e+01,5.003489569047083307e+00
1.502143469562732214e+01,6.231742851903229408e+00
1.504144041154615508e+01,5.677652975422901704e+00
1.506144612746498979e+01,5.268583317361988705e+00
1.508145184338382450e+01,6.675098344035112596e+00
1.510145755930265921e+01,6.070514218197306633e+00
1.512146327522149214e+01,6.298553080469464049e+00
1.514146899114032507e+01,6.120295997126069310e+00
1.516147470705915978e+01,6.303068800064940191e+00
1.518148042297799449e+01,6.380159005826635976e+00
1.520148613889682920e+01,6.073474548346098345e+00
1.522149185481566214e+01,6.305985357210608377e+00
1.524149757073449507e+01,6.710577242820701116e+00
1.526150328665332978e+01,5.870537802751055523e+00
1.528150900257216449e+01,5.902912692918419246e+00
1.530151471849099742e+01,7.398055676989391038e+00
1.532152043440983036e+01,6.452705305914840039e+00
1.534152615032866507e+01,6.611089318514852486e+00
1.536153186624749978e+01,6.375431008634939722e+00
1.538153758216633449e+01,7.158198332309329004e+00
1.540154329808516742e+01,6.357658862408644751e+00
1.542154901400400036e+01,7.066197277791547826e+00
1.544155472992283507e+01,7.333893521070326216e+00
1.546156044584166978e+01,6.802848507468546302e+00
1.548156616176050449e+01,7.832277573711574625e+00
1.550157187767933742e+01,7.991834924693339559e+00
1.552157759359817035e+01,8.360497268641845281e+00
1.554158330951700506e+01,8.133256175937493282e+00
1.556158902543583977e+01,7.559959541222646351e+00
1.558159474135467271e+01,8.348295785130948943e+00
1.560160045727350742e+01,7.810610144615801609e+00
1.562160617319234035e+01,7.641308367483778952e+00
1.564161188911117506e+01,8.849664778743829174e+00
1.566161760503000977e+01,9.024043973155871257e+00
1.568162332094884270e+01,9.240521172811153150e+00
1.570162903686767564e+01,9.641085889938290521e+00
1.572163475278651035e+01,8.883845026986548987e+00
1.574164046870534506e+01,8.399019087175698672e+00
1.576164618462417977e+01,9.753379873696051305e+00
1.578165190054301270e+01,9.245006745981472207e+00
1.580165761646184563e+01,9.674026080367276847e+00
1.582166333238068034e+01,9.296782386790368946e+00
1.584166904829951505e+01,9.363686899868588043e+00
1.586167476421834799e+01,1.008790489623872944e+01
1.588168048013718270e+01,9.888923351783933668e+00
1.590168619605601563e+01,9.697683948675638987e+00
1.592169191197485034e+01,1.106143967492889146e+01
1.594169762789368505e+01,1.095141809051310133e+01
1.596170334381251799e+01,1.106385663672939401e+01
1.598170905973135092e+01,1.177967034434223592e+01
1.600171477565018563e+01,1.095585628106800868e+01
1.602172049156902034e+01,1.215535407673062096e+01
1.604172620748785505e+01,1.199889144570432364e+01
1.606173192340668976e+01,1.205936488613750512e+01
1.608173763932552092e+01,1.223684271584761873e+01
1.610174335524435563e+01,1.304880020707858534e+01
1.612174907116319034e+01,1.356357903284422761e+01
1.614175478708202505e+01,1.344961153765250472e+01
1.616176050300085620e+01,1.265146598559264923e+01
1.618176621891969091e+01,1.320964877427979367e+01
1.620177193483852562e+01,1.390693397608421655e+01
1.622177765075736033e+01,1.376672124416021958e+01
1.624178336667619504e+01,1.369141897934231977e+01
1.626178908259502620e+01,1.461255411780666336e+01
1.628179479851386091e+01,1.417928649714012579e+01
1.630180051443269562e+01,1.505861708356842676e+01
1.632180623035153033e+01,1.456841345679630706e+01
1.634181194627036149e+01,1.444246491886216788e+01
1.636181766218919620e+01,1.480404507993756269e+01
1.638182337810803091e+01,1.504575712951345956e+01
1.640182909402686562e+01,1.455367762695604839e+01
1.642183480994570033e+01,1.437208473280245968e+01
1.644184052586453504e+01,1.397951784276937204e+01
1.646184624178336620e+01,1.405798438007251505e+01
1.648185195770220091e+01,1.354046641872446699e+01
1.650185767362103562e+01,1.305592266823271430e+01
1.652186338953986677e+01,1.225196021922701028e+01
1.654186910545870148e+01,1.200560679094735761e+01
1.656187482137753619e+01,1.165144699266267736e+01
1.658188053729637090e+01,1.147180223937188970e+01
1.660188625321520561e+01,1.105588192967072558e+01
1.662189196913404032e+01,1.016600864265181947e+01
1.664189768505287148e+01,1.018780466511441318e+01
1.666190340097170619e+01,9.258967232082078169e+00
1.668190911689054090e+01,8.198684710517222030e+00
1.670191483280937561e+01,7.741333521033508802e+00
1.672192054872820677e+01,8.246689506977707751e+00
1.674192626464704148e+01,7.256271707605561616e+00
1.676193198056587619e+01,7.695382891071110620e+00
1.678193769648471090e+01,7.451827959333387597e+00
1.680194341240354561e+01,7.072546341162281536e+00
1.682194912832238032e+01,6.951432550936566201e+00
1.684195484424121148e+01,6.623601493747226954e+00
1.686196056016004619e+01,6.240070909831469947e+00
1.688196627607888090e+01,6.192457449740571107e+00
1.690197199199771205e+01,5.432241993722653817e+00
1.692197770791654676e+01,5.920359813806910232e+00
1.694198342383538147e+01,6.117028103275726991e+00
1.696198913975421618e+01,5.289716273877347774e+00
1.698199485567305089e+01,5.385299860922471815e+00
1.700200057159188560e+01,4.733944095578130451e+00
1.702200628751071676e+01,5.665437622517639937e+00
1.704201200342955147e+01,5.736307231666822659e+00
1.706201771934838618e+01,4.756658187527722959e+00
1.708202343526722089e+01,6.393906778729755658e+00
1.710202915118605205e+01,5.380451442369764692e+00
1.712203486710488676e+01,5.363412602439842303e+00
1.714204058302372147e+01,5.414835104207294414e+00
1.716204629894255618e+01,5.816925390963859854e+00
1.718205201486139089e+01,5.693409590015549249e+00
1.720205773078022204e+01,5.522875334360591637e+00
1.722206344669905675e+01,5.910474122275301667e+00
1.724206916261789146e+01,6.661954584948692748e+00
1.726207487853672617e+01,6.529911400983085201e+00
1.728208059445555733e+01,6.564600262673033093e+00
1.730208631037439204e+01,6.235889359016693945e+00
1.732209202629322675e+01,6.526441419365672125e+00
1.734209774221206146e+01,6.764451248851930387e+00
1.736210345813089617e+01,6.675544027489721088e+00
1.738210917404973088e+01,7.404108869231051493e+00
1.740211488996856204e+01,7.592790279686797206e+00
1.742212060588739675e+01,7.568665297690348126e+00
1.744212632180623146e+01,8.385990097811721000e+00
1.746213203772506262e+01,7.681764907882976168e+00
1.748213775364389733e+01,8.803477887283959191e+00
1.750214346956273204e+01,8.298439329675094456e+00
1.752214918548156675e+01,8.571262572843776795e+00
1.754215490140040146e+01,8.796480718009561883e+00
1.756216061731923617e+01,9.080078039723675332e+00
1.758216633323806732e+01,9.958266189715338612e+00
1.760217204915690203e+01,8.975973650504165846e+00
1.762217776507573674e+01,1.005845755698755006e+01
1.764218348099457145e+01,1.037452537611648751e+01
1.766218919691340261e+01,1.022824653245895909e+01
1.768219491283223732e+01,1.124898363850282834e+01
1.770220062875107203e+01,1.122103252998779688e+01
1.772220634466990674e+01,1.149932143740327462e+01
1.774221206058874145e+01,1.174159677459912032e+01
1.776221777650757616e+01,1.235554583165817988e+01
1.778222349242640732e+01,1.243523417223108574e+01
1.780222920834524203e+01,1.343095908810218475e+01
1.782223492426407674e+01,1.431870789337265037e+01
1.784224064018290790e+01,1.401937524635422605e+01
1.786224635610174261e+01,1.514280064586402830e+01
1.788225207202057732e+01,1.539926551536427723e+01
1.790225778793941203e+01,1.530359789069771992e+01
1.792226350385824674e+01,1.580525673235998951e+01
1.794226921977708145e+01,1.646635655140497789e+01
1.796227493569591260e+01,1.680580341405613254e+01
1.798228065161474731e+01,1.642405241942831395e+01
1.800228636753358202e+01,1.755128167484211232e+01
1.802229208345241318e+01,1.781464918584913093e+01
1.804229779937124789e+01,1.883393428876072306e+01
1.806230351529008260e+01,1.978107528677363902e+01
1.808230923120891731e+01,1.944476787226315295e+01
1.810231494712775202e+01,2.103685709722269692e+01
1.812232066304658673e+01,2.131826591032945473e+01
1.814232637896542144e+01,2.209838670110264758e+01
1.816233209488425260e+01,2.228670212459190836e+01
1.818233781080308731e+01,2.393283970705288510e+01
1.820234352672191847e+01,2.299985574016886147e+01
1.822234924264075318e+01,2.487184709959320017e+01
1.824235495855958789e+01,2.447012288231323751e+01
1.826236067447842260e+01,2.607545880873760780e+01
1.828236639039725731e+01,2.693165295992842800e+01
1.830237210631609202e+01,2.780422459077272634e+01
1.832237782223492673e+01,2.858957106906249379e+01
1.834238353815375788e+01,2.860432142060803429e+01
1.836238925407259259e+01,2.930387752861502904e+01
1.838239496999142730e+01,3.078516816295519476e+01
1.840240068591025846e+01,3.135935054762456176e+01
1.842240640182909317e+01,3.201573995196324773e+01
1.844241211774792788e+01,3.328446209512793530e+01
1.846241783366676259e+01,3.288499434984701253e+01
1.848242354958559730e+01,3.332247651901609942e+01
1.850242926550443201e+01,3.496540453626657552e+01
1.852243498142326672e+01,3.536842464580227841e+01
1.854244069734209788e+01,3.549822418150638725e+01
1.856244641326093259e+01,3.663178268485793865e+01
1.858245212917976374e+01,3.626681157513951348e+01
1.860245784509859845e+01,3.618604118131512593e+01
1.862246356101743316e+01,3.636770940417743958e+01
1.864246927693626787e+01,3.545615635570216284e+01
1.866247499285510258e+01,3.500497984200139712e+01
1.868248070877393729e+01,3.435225857426898699e+01
1.870248642469277200e+01,3.296377671568622247e+01
1.872249214061160316e+01,3.266905140624024284e+01
1.874249785653043787e+01,3.117703526206913267e+01
1.876250357244927258e+01,2.953243168633631299e+01
1.878250928836810374e+01,2.803003999664585066e+01
1.880251500428693845e+01,2.693120300365337272e+01
1.882252072020577316e+01,2.491827689282371949e+01
1.884252643612460787e+01,2.291867537693162404e+01
1.886253215204344258e+01,2.141531741816376666e+01
1.888253786796227729e+01,1.985609326016311726e+01
1.890254358388111200e+01,1.803075457961880446e+01
1.892254929979994316e+01,1.756588332391217477e+01
1.894255501571877787e+01,1.502750638828361396e+01
1.896256073163760902e+01,1.416558110826262507e+01
1.898256644755644373e+01,1.308462584496088610e+01
1.900257216347527844e+01,1.146016042642370536e+01
1.902257787939411315e+01,9.873737721897356323e+00
1.904258359531294786e+01,9.919896608197920074e+00
1.906258931123178257e+01,9.013987637496292393e+00
1.908259502715061728e+01,7.712496687134953177e+00
1.910260074306944844e+01,7.657988490074370880e+00
1.912260645898828315e+01,7.261936638265752642e+00
1.914261217490711431e+01,7.545473165218505862e+00
1.916261789082594902e+01,7.308112872472245058e+00
1.918262360674478373e+01,5.874323847046927227e+00
1.920262932266361844e+01,5.806010540284781918e+00
1.922263503858245315e+01,5.777702449515490279e+00
1.924264075450128786e+01,5.774176496939615433e+00
1.926264647042012257e+01,5.286600801224805579e+00
1.928265218633895373e+01,4.879869750402237472e+00
1.930265790225778844e+01,5.403052686521983006e+00
1.932266361817662315e+01,5.341640378075728890e+00
1.934266933409545430e+01,4.744793700244892776e+00
1.936267505001428901e+01,4.478715477471986617e+00
1.938268076593312372e+01,5.125976897227774387e+00
1.940268648185195843e+01,4.312415019067626254e+00
1.942269219777079314e+01,4.710961719946998194e+00
1.944269791368962785e+01,4.930032131518265359e+00
1.946270362960846256e+01,4.743461281432841403e+00
1.948270934552729372e+01,4.488958383302851018e+00
1.950271506144612843e+01,4.866611853455396819e+00
1.952272077736495959e+01,5.118561654529568017e+00
1.954272649328379430e+01,4.153788766070885430e+00
1.956273220920262901e+01,4.446700235530341772e+00
1.958273792512146372e+01,4.443279239775328016e+00
1.960274364104029843e+01,4.561652821805848745e+00
1.962274935695913314e+01,4.108880766314973343e+00
1.964275507287796785e+01,4.000338070012869451e+00
1.966276078879679901e+01,4.318716127426577955e+00
1.968276650471563372e+01,4.384152106754482858e+00
1.970277222063446487e+01,3.767174679455366437e+00
1.972277793655329958e+01,5.140474083939171379e+00
1.974278365247213429e+01,4.124998482164144775e+00
1.976278936839096900e+01,4.306608142887268897e+00
1.978279508430980371e+01,4.298956007982554617e+00
1.980280080022863842e+01,4.782267864540806102e+00
1.982280651614747313e+01,4.342266739223476613e+00
1.984281223206630784e+01,4.155004259860458404e+00
1.986281794798513900e+01,4.898983673805839878e+00
1.988282366390397371e+01,4.016367346388920012e+00
1.990282937982280487e+01,4.957765037653069307e+00
1.992283509574163958e+01,4.881976937795601046e+00
1.994284081166047429e+01,5.159205725588860147e+00
1.996284652757930900e+01,4.305741330154168267e+00
1.998285224349814371e+01,3.834065566023430183e+00
2.000285795941697842e+01,4.709660729531554679e+00
2.002286367533581313e+01,4.544232403840982926e+00
2.004286939125464428e+01,5.244792637642000876e+00
2.006287510717347899e+01,4.903723710587195583e+00
2.008288082309231015e+01,4.833833090478124817e+00
2.010288653901114486e+01,4.674175422537480529e+00
2.012289225492997957e+01,4.390778589787693420e+00
2.014289797084881428e+01,5.401525051933973920e+00
2.016290368676764899e+01,4.700157072171045058e+00
2.018290940268648370e+01,4.974435601924140471e+00
2.020291511860531841e+01,4.786809748019500432e+00
2.022292083452414957e+01,4.826183666566649322e+00
2.024292655044298428e+01,5.030670808813415107e+00
2.026293226636181899e+01,4.705814247450418542e+00
2.028293798228065015e+01,5.250324527933134533e+00
2.030294369819948486e+01,5.198412636128219688e+00
2.032294941411831957e+01,5.146507538175855601e+00
2.034295513003715428e+01,5.180538986826772607e+00
2.036296084595598899e+01,5.676943186391535612e+00
2.038296656187482370e+01,5.380321481908559633e+00
2.040297227779365841e+01,5.402745312137938072e+00
2.042297799371248956e+01,5.080772055490571759e+00
2.044298370963132427e+01,5.195114790096729607e+00
2.046298942555015543e+01,5.571247768925905675e+00
2.048299514146899014e+01,6.006876673093678676e+00
2.050300085738782485e+01,6.283889043433496191e+00
2.052300657330665956e+01,6.046196828673606305e+00
2.054301228922549427e+01,6.115478132134969158e+00
2.056301800514432898e+01,6.288484071342701043e+00
2.058302372106316369e+01,6.345835032333203785e+00
2.060302943698199485e+01,5.616468443727440807e+00
2.062303515290082956e+01,6.031570307623063343e+00
2.064304086881966072e+01,5.725713086470573643e+00
2.066304658473849543e+01,5.292043339200433572e+00
2.068305230065733014e+01,5.615625425285312389e+00
2.070305801657616485e+01,5.886900275547487738e+00
2.072306373249499956e+01,5.204404002016273623e+00
2.074306944841383427e+01,5.816574894679890306e+00
2.076307516433266898e+01,5.346434540648338896e+00
2.078308088025150369e+01,4.424685197811591308e+00
2.080308659617033484e+01,5.274141233112741745e+00
2.082309231208916955e+01,5.368812295855446948e+00
2.084309802800800071e+01,5.250727541254390118e+00
2.086310374392683542e+01,4.649566125097851277e+00
2.088310945984567013e+01,5.282087547077818357e+00
2.090311517576450484e+01,4.745043647857686508e+00
2.092312089168333955e+01,5.534793041685601267e+00
2.094312660760217426e+01,4.143733898089337231e+00
2.096313232352100897e+01,4.991266999862487452e+00
2.098313803943984013e+01,5.104329780573923614e+00
2.100314375535867484e+01,4.972097064343503625e+00
2.102314947127750600e+01,5.068871175747153401e+00
2.104315518719634071e+01,5.316385389917710036e+00
2.106316090311517542e+01,5.002065093248808658e+00
2.108316661903401013e+01,5.338421075506412095e+00
2.110317233495284484e+01,6.008391607584572469e+00
2.112317805087167955e+01,6.053264531043628160e+00
2.114318376679051426e+01,6.119856580297289739e+00
2.116318948270934541e+01,5.259229273493110313e+00
2.118319519862818012e+01,6.037563271143451260e+00
2.120320091454701483e+01,6.129172592420328414e+00
2.122320663046584599e+01,5.440546256507560408e+00
2.124321234638468070e+01,5.970277648037209062e+00
2.126321806230351541e+01,6.118475475919547435e+00
2.128322377822235012e+01,5.701822165809607768e+00
2.130322949414118483e+01,7.436246011159994396e+00
2.132323521006001954e+01,6.906752260905992813e+00
2.134324092597885425e+01,6.871354546223146897e+00
2.136324664189768541e+01,7.498764429150710953e+00
2.138325235781652012e+01,7.961999064564224682e+00
2.140325807373535127e+01,8.229930799933718788e+00
2.142326378965418598e+01,7.999606958914450061e+00
2.144326950557302069e+01,7.684302379591443355e+00
2.146327522149185540e+01,7.705135613671939332e+00
2.148328093741069011e+01,8.542894112726020950e+00
2.150328665332952482e+01,8.013596305987450208e+00
2.152329236924835953e+01,8.890844438216475965e+00
2.154329808516719069e+01,8.962318197138939624e+00
2.156330380108602540e+01,8.849605673346898627e+00
2.158330951700485656e+01,9.557966367924279893e+00
2.160331523292369127e+01,9.736233705248199755e+00
2.162332094884252598e+01,9.508806730437441956e+00
2.164332666476136069e+01,9.488632639280268677e+00
2.166333238068019540e+01,1.013978060044259699e+01
2.168333809659903011e+01,1.166655057554701180e+01
2.170334381251786482e+01,1.102783415302205050e+01
2.172334952843669598e+01,1.095555684713855982e+01
2.174335524435553069e+01,1.138110139131807763e+01
2.176336096027436540e+01,1.199036300897060059e+01
2.178336667619319655e+01,1.191324724670193902e+01
2.180337239211203126e+01,1.209287507130623318e+01
2.182337810803086597e+01,1.132067761851186205e+01
2.184338382394970068e+01,1.161353987219918338e+01
2.186338953986853539e+01,1.119498053442589125e+01
2.188339525578737010e+01,1.071931251827373366e+01
2.190340097170620481e+01,1.128730199315081961e+01
2.192340668762503597e+01,1.025383570938909905e+01
2.194341240354387068e+01,1.027820919718241299e+01
2.196341811946270184e+01,1.005353399955448346e+01
2.198342383538153655e+01,8.942672685911924546e+00
2.200342955130037126e+01,8.481172947869886514e+00
2.202343526721920597e+01,8.010148387231120992e+00
2.204344098313804068e+01,7.517389885572548280e+00
2.206344669905687539e+01,7.614390949661604679e+00
2.208345241497571010e+01,6.638351402487305819e+00
2.210345813089454126e+01,6.548248793151230096e+00
2.212346384681337597e+01,5.336000046652871198e+00
2.214346956273221068e+01,5.218389179178320347e+00
2.216347527865104183e+01,4.712687702440776505e+00
2.218348099456987654e+01,4.415341271467315032e+00
2.220348671048871125e+01,3.889359522897502419e+00
2.222349242640754596e+01,4.022867215886668291e+00
2.224349814232638067e+01,3.334207381749591192e+00
2.226350385824521538e+01,4.148958090734782722e+00
2.228350957416405009e+01,4.139009827014170639e+00
2.230351529008288125e+01,3.798632637512682653e+00
2.232352100600171596e+01,3.652965082016518039e+00
2.234352672192054712e+01,3.097171932569284358e+00
2.236353243783938183e+01,2.977315010136046602e+00
2.238353815375821654e+01,3.511345474493811292e+00
2.240354386967705125e+01,3.809558715937166884e+00
2.242354958559588596e+01,4.192378036891626358e+00
2.244355530151472067e+01,3.509213935815415297e+00
2.246356101743355538e+01,2.905627859480311326e+00
2.248356673335238654e+01,3.541381327216310382e+00
2.250357244927122125e+01,2.830559025723718314e+00
2.252357816519005240e+01,3.047706965254162625e+00
2.254358388110888711e+01,3.515675782893129764e+00
2.256358959702772182e+01,3.438727822666199252e+00
2.258359531294655653e+01,3.350722253169418074e+00
2.260360102886539124e+01,3.065052730914046286e+00
2.262360674478422595e+01,3.391899009005524768e+00
2.264361246070306066e+01,3.147454976187083808e+00
2.266361817662189182e+01,3.000595595567224549e+00
2.268362389254072653e+01,3.537526456057420443e+00
2.270362960845956124e+01,2.884557616293758286e+00
2.272363532437839240e+01,2.996399184413267580e+00
2.274364104029722711e+01,3.562782287347429744e+00
2.276364675621606182e+01,3.108329060235195840e+00
2.278365247213489653e+01,3.187602578687360300e+00
2.280365818805373124e+01,3.554138938368612166e+00
2.282366390397256595e+01,3.669501855995179973e+00
2.284366961989140066e+01,3.269673548077262737e+00
2.286367533581023181e+01,3.494242237674756169e+00
2.288368105172906652e+01,4.016612363060029445e+00
2.290368676764789768e+01,3.480500345650802796e+00
2.292369248356673239e+01,3.734832051100888783e+00
2.294369819948556710e+01,2.662951606982807640e+00
2.296370391540440181e+01,2.806499183280387388e+00
2.298370963132323652e+01,3.071229114237238988e+00
2.300371534724207123e+01,3.467487579840647705e+00
2.302372106316090594e+01,3.439601021281455395e+00
2.304372677907973710e+01,3.366148528122055339e+00
2.306373249499857181e+01,3.287698740127389385e+00
2.308373821091740652e+01,2.532692677700485007e+00
2.310374392683623768e+01,3.069260489394257441e+00
2.312374964275507239e+01,3.014114821733003602e+00
2.314375535867390710e+01,2.505540027028900774e+00
2.316376107459274181e+01,3.867239310526169760e+00
2.318376679051157652e+01,3.339861598131780962e+00
2.320377250643041123e+01,2.443768987615259736e+00
2.322377822234924594e+01,3.177968580673192101e+00
2.324378393826807709e+01,3.351395142653141868e+00
2.326378965418691180e+01,3.581773937639974648e+00
2.328379537010574296e+01,2.813367866339579138e+00
2.330380108602457767e+01,4.026184776965084922e+00
2.332380680194341238e+01,3.081827595276625864e+00
2.334381251786224709e+01,3.443026887703466876e+00
2.336381823378108180e+01,3.893140207302084654e+00
2.338382394969991651e+01,2.961143233658098950e+00
2.340382966561875122e+01,4.107845664792161067e+00
2.342383538153758238e+01,3.269266944875758085e+00
2.344384109745641709e+01,3.373141865819644369e+00
2.346384681337524825e+01,3.467855784404511255e+00
2.348385252929408296e+01,3.375980086654947865e+00
2.350385824521291767e+01,3.203476108323409122e+00
2.352386396113175238e+01,3.958599931621194834e+00
2.354386967705058709e+01,3.102898974175911206e+00
2.356387539296942180e+01,4.161290234894503115e+00
2.358388110888825651e+01,3.509952561455159881e+00
2.360388682480708766e+01,3.855719881758218559e+00
2.362389254072592237e+01,4.415664090431305588e+00
2.364389825664475708e+01,4.217246601655963545e+00
2.366390397256358824e+01,3.425642461113210580e+00
2.368390968848242295e+01,3.999774614287355146e+00
2.370391540440125766e+01,4.307173541705003217e+00
2.372392112032009237e+01,3.791798052732513469e+00
2.374392683623892708e+01,4.314159608566492388e+00
2.376393255215776179e+01,4.240764223061131766e+00
2.378393826807659650e+01,4.301550983651818427e+00
2.380394398399542766e+01,3.902082726148957903e+00
2.382394969991426237e+01,4.772617348413458416e+00
2.384395541583309353e+01,4.596261148382472683e+00
2.386396113175192824e+01,4.635684975699841281e+00
2.388396684767076295e+01,5.062936190435903150e+00
2.390397256358959766e+01,5.250640652723689072e+00
2.392397827950843237e+01,5.135553241473234998e+00
2.394398399542726708e+01,5.667519157122219653e+00
2.396398971134610179e+01,6.029783675561692924e+00
2.398399542726493294e+01,6.221184486837125327e+00
2.400400114318376765e+01,6.367855458073385932e+00
2.402400685910260236e+01,6.830305590518236158e+00
2.404401257502143352e+01,7.072937452155789728e+00
2.406401829094026823e+01,7.754821642886491340e+00
2.408402400685910294e+01,8.017755007710841042e+00
2.410402972277793765e+01,8.639122271106264961e+00
2.412403543869677236e+01,8.036151109553497207e+00
2.414404115461560707e+01,9.254947185128877152e+00
2.416404687053444178e+01,9.365171740316760918e+00
2.418405258645327294e+01,1.008382288341172384e+01
2.420405830237210765e+01,9.977080437099626664e+00
2.422406401829093880e+01,1.048398853944448206e+01
2.424406973420977351e+01,1.189226466810544558e+01
2.426407545012860822e+01,1.270435240903406182e+01
2.428408116604744293e+01,1.260651549697444906e+01
2.430408688196627764e+01,1.344245326187117229e+01
2.432409259788511235e+01,1.412304573881751324e+01
2.434409831380394706e+01,1.557408396057451050e+01
2.436410402972277822e+01,1.579951140004971677e+01
2.438410974564161293e+01,1.670289595374724811e+01
2.440411546156044409e+01,1.752557294959832035e+01
2.442412117747927880e+01,1.827853766013812020e+01
2.444412689339811351e+01,1.953524451728846145e+01
2.446413260931694822e+01,2.081803918191758029e+01
2.448413832523578293e+01,2.072599506188440444e+01
2.450414404115461764e+01,2.313781969916565373e+01
2.452414975707345235e+01,2.396242502326779089e+01
2.454415547299228351e+01,2.412096044140819018e+01
2.456416118891111822e+01,2.560324484851720683e+01
2.458416690482995293e+01,2.714607425167101340e+01
2.460417262074878408e+01,2.822100182328596318e+01
2.462417833666761879e+01,2.943862046036982250e+01
2.464418405258645350e+01,3.165949166611564891e+01
2.466418976850528821e+01,3.247395635047306683e+01
2.468419548442412292e+01,3.376325586998103745e+01
2.470420120034295763e+01,3.591833931859100204e+01
2.472420691626179234e+01,3.677873337340324866e+01
2.474421263218062350e+01,3.816329973234048367e+01
2.476421834809945821e+01,3.983493531557230938e+01
2.478422406401828937e+01,4.196156660893653623e+01
2.480422977993712408e+01,4.375014750250900164e+01
2.482423549585595879e+01,4.464091660556800889e+01
2.484424121177479350e+01,4.590354169820678720e+01
2.486424692769362821e+01,4.729521749092202754e+01
2.488425264361246292e+01,4.896090704859177833e+01
2.490425835953129763e+01,4.961789014198443226e+01
2.492426407545012879e+01,5.085750434085064597e+01
2.494426979136896350e+01,5.076613223509311013e+01
2.496427550728779821e+01,5.138482692114602912e+01
2.498428122320662936e+01,5.199026272096504897e+01
2.500428693912546407e+01,5.111186254614491986e+01
2.502429265504429878e+01,5.100770046131835045e+01
2.504429837096313349e+01,5.068651337533997037e+01
2.506430408688196820e+01,4.915831127276966583e+01
2.508430980280080291e+01,4.790061706635298577e+01
2.510431551871963762e+01,4.579943192428275722e+01
2.512432123463846878e+01,4.354905807870240153e+01
2.514432695055730349e+01,4.199822117021004431e+01
2.516433266647613465e+01,4.009506455541094283e+01
2.518433838239496936e+01,3.668672084864147109e+01
2.520434409831380407e+01,3.419711335359347970e+01
2.522434981423263878e+01,3.180278597585855493e+01
2.524435553015147349e+01,2.955268592355771418e+01
2.526436124607030820e+01,2.707198080569760279e+01
2.528436696198914291e+01,2.402848055104168523e+01
2.530437267790797407e+01,2.220438186552087245e+01
2.532437839382680878e+01,2.042919012279157087e+01
2.534438410974563993e+01,1.869125561030248051e+01
2.536438982566447464e+01,1.779788041283346800e+01
2.538439554158330935e+01,1.588518178061626251e+01
2.540440125750214406e+01,1.457172222807785467e+01
2.542440697342097877e+01,1.410742089111247921e+01
2.544441268933981348e+01,1.275103260080906331e+01
2.546441840525864819e+01,1.354900361707942480e+01
2.548442412117747935e+01,1.171193539923992155e+01
2.550442983709631406e+01,1.149976302523005245e+01
2.552443555301514877e+01,1.175922956352440707e+01
2.554444126893397993e+01,1.169391269761499430e+01
2.556444698485281464e+01,1.133364422505580293e+01
2.558445270077164935e+01,1.115541036719995560e+01
2.560445841669048406e+01,1.038389031732054590e+01
2.562446413260931877e+01,1.127037822586522609e+01
2.564446984852815348e+01,1.051463796524373251e+01
2.566447556444698819e+01,1.034537945132208669e+01
2.568448128036581934e+01,1.052673217931921990e+01
2.570448699628465405e+01,1.110582289858435345e+01
2.572449271220348521e+01,1.095763449081486129e+01
2.574449842812231992e+01,1.097702451526690837e+01
2.576450414404115463e+01,1.032987410487004354e+01
2.578450985995998934e+01,1.050703254091475713e+01
2.580451557587882405e+01,1.022630993367029717e+01
2.582452129179765876e+01,1.031018378783046252e+01
2.584452700771649347e+01,9.157624746414253281e+00
2.586453272363532463e+01,9.045278495298425980e+00
2.588453843955415934e+01,8.487616660841544203e+00
2.590454415547299405e+01,7.470119942417323244e+00
2.592454987139182521e+01,7.634595027117336841e+00
2.594455558731065992e+01,6.696005633854579031e+00
2.596456130322949463e+01,6.489442979559553848e+00
2.598456701914832934e+01,6.875351490961931766e+00
2.600457273506716405e+01,6.361291327665291817e+00
2.602457845098599520e+01,6.155600682986708705e+00
2.604458416690482991e+01,5.849598373628856152e+00
2.606458988282366462e+01,5.022962729361385215e+00
2.608459559874249933e+01,4.867097140583878101e+00
2.610460131466133404e+01,4.818618904120622659e+00
2.612460703058016520e+01,4.513013255817879710e+00
2.614461274649899991e+01,3.950740095568308519e+00
2.616461846241783462e+01,3.565674038510390886e+00
2.618462417833666933e+01,4.895082756609992813e+00
2.620462989425550404e+01,3.761546732202209586e+00
2.622463561017433520e+01,3.927690627144883706e+00
2.624464132609316991e+01,4.476716571511096809e+00
2.626464704201200462e+01,3.559323384084937203e+00
2.628465275793083933e+01,3.813876190068961058e+00
2.630465847384967049e+01,3.008290825618381348e+00
2.632466418976850520e+01,3.692622964567040977e+00
2.634466990568733991e+01,3.525673432097826243e+00
2.636467562160617462e+01,3.368924583975805742e+00
2.638468133752500933e+01,3.640769651261684281e+00
2.640468705344384048e+01,3.441069488203463145e+00
2.642469276936267519e+01,3.985229691882031133e+00
2.644469848528150990e+01,3.531157694505533406e+00
2.646470420120034461e+01,4.581069922726859645e+00
2.648470991711917932e+01,4.214760696949735319e+00
2.650471563303801048e+01,3.443601349748257157e+00
2.652472134895684519e+01,4.515691404769645700e+00
2.654472706487567990e+01,3.499953067989905353e+00
2.656473278079451461e+01,4.807982878491125156e+00
2.658473849671334932e+01,4.521059534595622154e+00
2.660474421263218048e+01,5.186760572298059202e+00
2.662474992855101519e+01,4.782977331046703640e+00
2.664475564446984990e+01,4.670440260294350665e+00
2.666476136038868461e+01,4.843865176965774566e+00
2.668476707630751577e+01,5.631216427645309608e+00
2.670477279222635048e+01,4.885540947575300663e+00
2.672477850814518519e+01,5.153573240843741132e+00
2.674478422406401990e+01,4.923367060052891375e+00
2.676478993998285461e+01,5.817062405460080576e+00
2.678479565590168576e+01,5.529882417684303775e+00
2.680480137182052047e+01,6.453059447412310412e+00
2.682480708773935518e+01,6.114433269702501228e+00
2.684481280365818989e+01,6.338597315995525783e+00
2.686481851957702460e+01,6.810801450207124574e+00
2.688482423549585576e+01,7.306225752347572211e+00
2.690482995141469047e+01,7.213089656477062128e+00
2.692483566733352518e+01,7.376084512965705997e+00
2.694484138325235989e+01,7.453855558586399255e+00
2.696484709917119105e+01,8.053439614844782213e+00
2.698485281509002576e+01,8.146611243760975896e+00
2.700485853100886047e+01,8.517052172963030188e+00
2.702486424692769518e+01,8.287450784676249071e+00
2.704486996284652989e+01,8.972007800652011866e+00
2.706487567876536104e+01,9.199904020979097652e+00
2.708488139468419575e+01,9.574294015548435510e+00
2.710488711060303046e+01,9.753694833550511589e+00
2.712489282652186517e+01,1.059832022525555040e+01
2.714489854244069988e+01,9.969542641495662494e+00
2.716490425835953104e+01,1.001476017128879370e+01
2.718490997427836575e+01,9.874813574339974309e+00
2.720491569019720046e+01,9.648213938537454126e+00
2.722492140611603517e+01,1.034208513134815988e+01
2.724492712203486633e+01,9.727304918480623286e+00
2.726493283795370104e+01,1.089943629132225666e+01
2.728493855387253575e+01,1.048005580411644821e+01
2.730494426979137046e+01,1.012634805111409975e+01
2.732494998571020517e+01,1.138677441775689658e+01
2.734495570162903633e+01,1.151820371663175457e+01
2.736496141754787104e+01,1.174799459157983605e+01
2.738496713346670575e+01,1.190181022742859085e+01
2.740497284938554046e+01,1.214551800643614499e+01
2.742497856530437517e+01,1.292143866845242073e+01
2.744498428122320632e+01,1.320428653035902755e+01
2.746498999714204103e+01,1.321784673131799082e+01
2.748499571306087574e+01,1.362591616981173637e+01
2.750500142897971045e+01,1.475452767074102844e+01
2.752500714489854516e+01,1.556921974556732202e+01
2.754501286081737632e+01,1.583379542573585042e+01
2.756501857673621103e+01,1.644589138185552102e+01
2.758502429265504574e+01,1.746234505739442611e+01
2.760503000857388045e+01,1.802761493283734850e+01
2.762503572449271161e+01,1.868582469104084609e+01
2.764504144041154632e+01,1.897226916122328433e+01
2.766504715633038103e+01,2.059325757182469019e+01
2.768505287224921574e+01,2.116571170311549466e+01
2.770505858816805045e+01,2.247222449995416227e+01
2.772506430408688161e+01,2.231245160348280976e+01
2.774507002000571632e+01,2.290929301237468962e+01
2.776507573592455103e+01,2.361924480872808729e+01
2.778508145184338574e+01,2.379743376759748230e+01
2.780508716776222045e+01,2.401145837689604434e+01
2.782509288368105160e+01,2.375254139761868544e+01
2.784509859959988631e+01,2.335209929132191320e+01
2.786510431551872102e+01,2.255733502266773627e+01
2.788511003143755573e+01,2.275223084713444521e+01
2.790511574735638689e+01,2.144146879052724941e+01
2.792512146327522160e+01,1.969128231317465350e+01
2.794512717919405631e+01,1.931160082944933976e+01
2.796513289511289102e+01,1.799550169498148122e+01
2.798513861103172573e+01,1.722171404156828345e+01
2.800514432695055689e+01,1.535670731617225293e+01
2.802515004286939160e+01,1.334609043903281922e+01
2.804515575878822631e+01,1.315662635929591495e+01
2.806516147470706102e+01,1.126094815024476503e+01
2.808516719062589573e+01,9.303153169434084546e+00
2.810517290654472689e+01,8.430828032762622826e+00
2.812517862246356160e+01,8.472849230711730684e+00
2.814518433838239631e+01,6.705613179652987199e+00
2.816519005430123102e+01,5.785895805691146698e+00
2.818519577022006217e+01,5.629212490116445977e+00
2.820520148613889688e+01,5.354834895022818841e+00
2.822520720205773159e+01,4.470133976539603538e+00
2.824521291797656630e+01,5.209724138756838485e+00
2.826521863389540101e+01,4.642564958944566555e+00
2.828522434981423217e+01,4.307679245145759950e+00
2.830523006573306688e+01,4.028663599540820428e+00
2.832523578165190159e+01,3.944679693441129675e+00
2.834524149757073630e+01,3.605766221304468555e+00
2.836524721348957101e+01,3.018467852684349140e+00
2.838525292940840217e+01,2.948571574252079053e+00
2.840525864532723688e+01,2.982018926684742777e+00
2.842526436124607159e+01,3.211338727708820784e+00
2.844527007716490630e+01,3.643216167984961285e+00
2.846527579308374101e+01,2.307111501105584495e+00
2.848528150900257216e+01,2.612262027178668511e+00
2.850528722492140687e+01,2.839351996626751529e+00
2.852529294084024158e+01,2.657822107536440548e+00
2.854529865675907629e+01,3.014011884234408800e+00
2.856530437267790745e+01,2.879744758567233998e+00
2.858531008859674216e+01,2.974624649481922845e+00
2.860531580451557687e+01,3.499606445244787700e+00
2.862532152043441158e+01,1.957087616715786904e+00
2.864532723635324629e+01,2.822411921839667492e+00
2.866533295227207745e+01,3.040472993003124014e+00
2.868533866819091216e+01,2.775333662438677074e+00
2.870534438410974687e+01,1.886656222777552960e+00
2.872535010002858158e+01,2.290961014743967183e+00
2.874535581594741629e+01,2.725406363824827594e+00
2.876536153186624745e+01,3.226163363908284509e+00
2.878536724778508216e+01,2.195652469057790324e+00
2.880537296370391687e+01,2.621796964716248901e+00
2.882537867962275158e+01,2.865229226037830035e+00
2.884538439554158273e+01,3.003230240686965757e+00
2.886539011146041744e+01,2.674587230748957545e+00
2.888539582737925215e+01,2.387126832836638624e+00
2.890540154329808686e+01,2.845340250347542010e+00
2.892540725921692157e+01,3.329220817141071542e+00
2.894541297513575273e+01,3.310417929066402642e+00
2.896541869105458744e+01,3.023066089781570653e+00
2.898542440697342215e+01,2.610395999028749969e+00
2.900543012289225686e+01,2.520144546388630502e+00
2.902543583881109157e+01,2.923115909763748022e+00
2.904544155472992273e+01,2.006792777950772599e+00
2.906544727064875744e+01,3.598663823069379930e+00
2.908545298656759215e+01,2.267544643587782183e+00
2.910545870248642686e+01,2.746748700587003711e+00
2.912546441840525802e+01,2.691871304796850772e+00
2.914547013432409273e+01,2.972508464539109774e+00
2.916547585024292744e+01,2.315993427582676567e+00
2.918548156616176215e+01,3.667434002125554926e+00
2.920548728208059686e+01,2.499908843630853195e+00
2.922549299799942801e+01,3.190157515298300162e+00
2.924549871391826272e+01,3.102198757112623273e+00
2.926550442983709743e+01,3.868036485777632816e+00
2.928551014575593214e+01,3.472212483418099183e+00
2.930551586167476685e+01,3.123125573609125905e+00
2.932552157759359801e+01,3.549459849876942297e+00
2.934552729351243272e+01,3.614364351611786486e+00
2.936553300943126743e+01,3.897079997632580728e+00
2.938553872535010214e+01,4.100087571171152412e+00
2.940554444126893330e+01,4.903537544738020060e+00
2.942555015718776801e+01,5.093821682862861522e+00
2.944555587310660272e+01,3.813395528561347447e+00
2.946556158902543743e+01,4.866561019736981741e+00
2.948556730494427214e+01,5.037554609536101680e+00
2.950557302086310330e+01,5.088622113397507363e+00
2.952557873678193801e+01,6.257644025756342820e+00
2.954558445270077272e+01,5.796492271235864635e+00
2.956559016861960743e+01,6.858234431839524525e+00
2.958559588453844214e+01,6.831159773245666145e+00
2.960560160045727329e+01,6.300685624037700272e+00
2.962560731637610800e+01,6.974442417739718181e+00
2.964561303229494271e+01,8.176455352154729184e+00
2.966561874821377742e+01,8.213795469930571969e+00
2.968562446413261213e+01,8.987491160555657999e+00
2.970563018005144329e+01,9.145671853815070307e+00
2.972563589597027800e+01,9.787965514306128156e+00
2.974564161188911271e+01,1.013006779198755858e+01
2.976564732780794742e+01,1.062479653310641581e+01
2.978565304372677858e+01,1.202751514419083279e+01
2.980565875964561329e+01,1.205524331201534238e+01
2.982566447556444800e+01,1.248560877328267082e+01
2.984567019148328271e+01,1.430623345456336004e+01
2.986567590740211742e+01,1.445390486710419253e+01
2.988568162332094857e+01,1.534238061082537818e+01
2.990568733923978328e+01,1.564517925218241778e+01
2.992569305515861799e+01,1.643916644173597419e+01
2.994569877107745270e+01,1.781030101938395305e+01
2.996570448699628741e+01,1.848409833897977350e+01
2.998571020291511857e+01,1.935927140623075715e+01
3.000571591883395328e+01,1.993693081511676723e+01
3.002572163475278799e+01,2.094374116361663951e+01
3.004572735067162270e+01,2.196696049941924400e+01
3.006573306659045386e+01,2.289104919818861816e+01
3.008573878250928857e+01,2.385095009234661489e+01
3.010574449842812328e+01,2.420865453877592799e+01
3.012575021434695799e+01,2.534004779245814376e+01
3.014575593026579270e+01,2.558850430716264412e+01
3.016576164618462386e+01,2.588433035450066910e+01
3.018576736210345857e+01,2.607001297550672803e+01
3.020577307802229328e+01,2.721812761593262309e+01
3.022577879394112799e+01,2.619994826854504666e+01
3.024578450985996270e+01,2.692416562007161218e+01
3.026579022577879385e+01,2.681657619278048799e+01
3.028579594169762856e+01,2.654456813167534435e+01
3.030580165761646327e+01,2.619677968864871076e+01
3.032580737353529798e+01,2.505043215216905494e+01
3.034581308945412914e+01,2.431316687003874577e+01
3.036581880537296385e+01,2.234375912503999473e+01
3.038582452129179856e+01,2.209648737175873379e+01
3.040583023721063327e+01,2.018365765526349165e+01
3.042583595312946798e+01,1.854222767845846320e+01
3.044584166904829914e+01,1.793108102501939172e+01
3.046584738496713385e+01,1.506189809363840482e+01
3.048585310088596856e+01,1.431156482023096821e+01
3.050585881680480327e+01,1.355977103226424774e+01
3.052586453272363798e+01,1.214418425892958986e+01
3.054587024864246914e+01,1.163705335880814928e+01
3.056587596456130385e+01,9.555554844109192203e+00
3.058588168048013856e+01,9.229532136744026616e+00
3.060588739639897327e+01,9.302371979284805192e+00
3.062589311231780798e+01,8.794756337215652309e+00
3.064589882823663913e+01,9.081187676398769781e+00
3.066590454415547384e+01,8.904327321394251982e+00
3.068591026007430855e+01,8.689511907102863475e+00
3.070591597599314326e+01,8.788677975591722813e+00
3.072592169191197442e+01,9.521687215472855570e+00
3.074592740783080913e+01,9.028493005670842564e+00
3.076593312374964384e+01,9.388987845041736335e+00
3.078593883966847855e+01,1.028398222771042647e+01
3.080594455558731326e+01,1.137907973772967196e+01
3.082595027150614442e+01,1.137176009930018061e+01
3.084595598742497913e+01,1.203646840199878376e+01
3.086596170334381384e+01,1.343813884081515297e+01
3.088596741926264855e+01,1.338305948441689353e+01
3.090597313518148326e+01,1.444631807582262084e+01
3.092597885110031442e+01,1.579201802528864995e+01
3.094598456701914913e+01,1.751133904904133942e+01
3.096599028293798384e+01,1.878245121670335394e+01
3.098599599885681855e+01,1.869643941232896367e+01
3.100600171477564970e+01,2.035150956167894165e+01
3.102600743069448441e+01,2.152204589468860974e+01
3.104601314661331912e+01,2.329530333071743797e+01
3.106601886253215383e+01,2.474121512285807611e+01
3.108602457845098854e+01,2.590898037141914045e+01
3.110603029436981970e+01,2.763120082815223455e+01
3.112603601028865441e+01,2.991732231749809756e+01
3.114604172620748912e+01,3.222837720878507639e+01
3.116604744212632383e+01,3.312191868480253731e+01
3.118605315804515854e+01,3.498623188817881413e+01
3.120605887396398970e+01,3.689196611982654161e+01
3.122606458988282441e+01,3.964653964087689531e+01
3.124607030580165912e+01,4.173193839630078372e+01
3.126607602172049383e+01,4.290069983119274610e+01
3.128608173763932498e+01,4.508040283298077355e+01
3.130608745355815969e+01,4.641921818167342195e+01
3.132609316947699440e+01,4.841705797432260994e+01
3.134609888539582911e+01,4.964937947183876332e+01
3.136610460131466382e+01,5.024386437201815170e+01
3.138611031723349498e+01,5.116166450409879474e+01
3.140611603315232969e+01,5.154511083203567523e+01
3.142612174907116440e+01,5.088256881122702424e+01
3.144612746498999911e+01,4.990818526234195218e+01
3.146613318090883382e+01,4.777903955373853506e+01
3.148613889682766498e+01,4.637707850328925474e+01
3.150614461274649969e+01,4.399764162483355534e+01
3.152615032866533440e+01,4.155943929872324816e+01
3.154615604458416911e+01,3.844886729730227160e+01
3.156616176050300382e+01,3.525787661903966352e+01
3.158616747642183498e+01,3.191626346004492021e+01
3.160617319234066969e+01,2.839064978903156700e+01
3.162617890825950440e+01,2.560039772786012691e+01
3.164618462417833911e+01,2.262484753426579687e+01
3.166619034009717026e+01,1.946560899914535980e+01
3.168619605601600497e+01,1.709374882342046931e+01
3.170620177193483968e+01,1.569889882302761919e+01
3.172620748785367439e+01,1.341146858520342455e+01
3.174621320377250910e+01,1.189036937181392339e+01
3.176621891969134026e+01,1.051277726240133426e+01
3.178622463561017497e+01,8.656924090931841675e+00
3.180623035152900968e+01,8.369004300515506145e+00
3.182623606744784439e+01,8.002533825624425390e+00
3.184624178336667910e+01,7.185996515362012005e+00
3.186624749928551026e+01,6.481920894907037933e+00
3.188625321520434497e+01,6.264894719001260270e+00
3.190625893112317968e+01,6.280621003207185638e+00
3.192626464704201439e+01,6.142471835027002669e+00
3.194627036296084555e+01,6.410794820813939587e+00
3.196627607887968026e+01,6.227684175189365234e+00
3.198628179479851497e+01,5.796277646285118657e+00
3.200628751071734968e+01,5.316626200160996518e+00
3.202629322663618439e+01,5.785398922140563727e+00
3.204629894255501199e+01,6.476275366305788594e+00
3.206630465847385381e+01,6.444376040702557873e+00
3.208631037439268141e+01,6.834723155896249125e+00
3.210631609031152323e+01,7.208968057492006309e+00
3.212632180623035083e+01,7.235370715973473921e+00
3.214632752214918554e+01,6.551266979742551122e+00
3.216633323806802025e+01,7.178406570010247734e+00
3.218633895398685496e+01,7.979534645451421326e+00
3.220634466990568967e+01,8.768371591603976611e+00
3.222635038582451728e+01,8.641423848303189104e+00
3.224635610174335909e+01,8.873865186341067357e+00
3.226636181766218670e+01,9.392216382679876574e+00
3.228636753358102851e+01,9.795538327524059952e+00
3.230637324949985612e+01,9.913884136859595131e+00
3.232637896541869083e+01,1.048067864775296698e+01
3.234638468133752554e+01,1.203785119289369732e+01
3.236639039725636025e+01,1.186545190123426963e+01
3.238639611317519496e+01,1.228799892829055729e+01
3.240640182909402967e+01,1.334550386212348627e+01
3.242640754501286438e+01,1.425674459534633520e+01
3.244641326093169198e+01,1.463921610207207102e+01
3.246641897685053380e+01,1.601327104298389159e+01
3.248642469276936140e+01,1.584865804952567636e+01
3.250643040868819611e+01,1.694942819192786487e+01
3.252643612460703082e+01,1.806497612500127659e+01
3.254644184052586553e+01,1.820111106652337085e+01
3.256644755644470024e+01,1.930041434393546140e+01
3.258645327236353495e+01,2.029638366948606532e+01
3.260645898828236966e+01,2.022397278555853717e+01
3.262646470420119726e+01,2.111948446840429128e+01
3.264647042012003908e+01,2.241301754793472867e+01
3.266647613603886668e+01,2.292050614892857752e+01
3.268648185195770850e+01,2.263405271090602255e+01
3.270648756787653610e+01,2.409639299643403731e+01
3.272649328379537081e+01,2.415474334425985603e+01
3.274649899971420552e+01,2.409124622373137470e+01
3.276650471563304023e+01,2.373106700833237781e+01
3.278651043155187494e+01,2.328311977185482462e+01
3.280651614747070255e+01,2.257961963821049522e+01
3.282652186338954436e+01,2.219498490342040498e+01
3.284652757930837197e+01,2.212639341126159565e+01
3.286653329522721378e+01,2.148082294961410454e+01
3.288653901114604139e+01,2.125019021405873332e+01
3.290654472706487610e+01,2.058331278276732945e+01
3.292655044298371081e+01,1.933794413649895105e+01
3.294655615890254552e+01,1.825335095538100916e+01
3.296656187482138023e+01,1.786755351142178583e+01
3.298656759074020783e+01,1.743795621848772370e+01
3.300657330665904965e+01,1.694983117790313187e+01
3.302657902257787725e+01,1.636707362623296902e+01
3.304658473849671907e+01,1.677814008729475859e+01
3.306659045441554667e+01,1.556020241849060781e+01
3.308659617033438138e+01,1.556962640179015800e+01
3.310660188625321609e+01,1.525430741643683774e+01
3.312660760217205080e+01,1.605326044975841882e+01
3.314661331809088551e+01,1.526732447826868544e+01
3.316661903400971312e+01,1.645720476377869090e+01
3.318662474992855493e+01,1.540171754576951990e+01
3.320663046584738254e+01,1.596821145838979206e+01
3.322663618176622435e+01,1.683675747227768227e+01
3.324664189768505196e+01,1.679471421286396193e+01
3.326664761360388667e+01,1.755070779809514647e+01
3.328665332952272138e+01,1.699934916661906215e+01
3.330665904544155609e+01,1.748634889319605890e+01
3.332666476136039080e+01,1.830287845855455586e+01
3.334667047727922551e+01,1.742422486191254549e+01
3.336667619319806022e+01,1.853862928325682446e+01
3.338668190911688782e+01,1.854843737083335498e+01
3.340668762503572964e+01,1.812306135245620808e+01
3.342669334095455724e+01,1.778407969690997348e+01
3.344669905687339195e+01,1.715950630650571185e+01
3.346670477279222666e+01,1.824632767631578645e+01
3.348671048871106137e+01,1.736518110676041360e+01
3.350671620462989608e+01,1.751796488892085435e+01
3.352672192054873079e+01,1.629405887333860647e+01
3.354672763646756550e+01,1.614678691653891462e+01
3.356673335238639311e+01,1.635134922501529786e+01
3.358673906830523492e+01,1.640214075483547873e+01
3.360674478422406253e+01,1.679909108793391326e+01
3.362675050014290434e+01,1.655427539091487077e+01
3.364675621606173195e+01,1.623560890003415835e+01
3.366676193198056666e+01,1.669576048217397002e+01
3.368676764789940137e+01,1.673472271300067149e+01
3.370677336381823608e+01,1.640201685352760919e+01
3.372677907973707079e+01,1.596007904032316205e+01
3.374678479565589839e+01,1.645844761554663549e+01
3.376679051157474021e+01,1.618857854284412667e+01
3.378679622749356781e+01,1.640299368725546003e+01
3.380680194341240963e+01,1.579180575970842426e+01
3.382680765933123723e+01,1.621823919729885333e+01
3.384681337525007194e+01,1.681804746750283996e+01
3.386681909116890665e+01,1.696589445042537747e+01
3.388682480708774136e+01,1.571782859426138401e+01
3.390683052300657607e+01,1.592289820013754920e+01
3.392683623892540368e+01,1.525703217612667828e+01
3.394684195484424549e+01,1.418279261951768433e+01
3.396684767076307310e+01,1.461940780861172584e+01
3.398685338668191491e+01,1.377374856285791793e+01
3.400685910260074252e+01,1.255078244039606261e+01
3.402686481851957723e+01,1.198961976900257298e+01
3.404687053443841194e+01,1.114707251631590168e+01
3.406687625035724665e+01,1.032619737932130377e+01
3.408688196627608136e+01,1.000608260904673941e+01
3.410688768219490896e+01,9.405323905189476363e+00
3.412689339811375078e+01,9.319857269853027759e+00
3.414689911403257838e+01,7.781874888607331897e+00
3.416690482995142020e+01,7.077741655094947681e+00
3.418691054587024780e+01,6.322485891377075617e+00
3.420691626178908251e+01,5.930974073112739831e+00
3.422692197770791722e+01,5.419720867803160758e+00
3.424692769362675193e+01,5.401815095929528354e+00
3.426693340954558664e+01,4.874597999422308092e+00
3.428693912546442135e+01,4.652248782311897202e+00
3.430694484138325606e+01,4.399071806504400328e+00
3.432695055730208367e+01,4.237534736978316730e+00
3.434695627322092548e+01,3.522962692150009456e+00
3.436696198913975309e+01,3.517281913540856841e+00
3.438696770505858780e+01,3.297059134912330158e+00
3.440697342097742251e+01,3.798406360017193784e+00
3.442697913689625722e+01,4.084705912035739850e+00
3.444698485281509193e+01,3.260066746430416273e+00
3.446699056873392664e+01,3.798717857759825733e+00
3.448699628465276135e+01,3.149943033045188301e+00
3.450700200057158895e+01,2.982812434365163412e+00
3.452700771649043077e+01,2.908696204078256464e+00
3.454701343240925837e+01,2.117481155428640349e+00
3.456701914832810019e+01,2.348527058052970240e+00
3.458702486424692779e+01,2.047740211319836412e+00
3.460703058016576250e+01,2.522263608865736195e+00
3.462703629608459721e+01,2.625619972084942688e+00
3.464704201200343192e+01,2.063723318736627288e+00
3.466704772792226663e+01,2.608482639916212431e+00
3.468705344384109424e+01,3.145034348931885049e+00
3.470705915975993605e+01,2.992160290459219940e+00
3.472706487567876366e+01,2.245323090764439478e+00
3.474707059159760547e+01,2.259071702369162438e+00
3.476707630751643308e+01,2.881981887852750113e+00
3.478708202343526779e+01,2.356976635423764677e+00
3.480708773935410250e+01,2.800820617463378959e+00
3.482709345527293721e+01,2.478318407564978898e+00
3.484709917119177192e+01,3.216474257717045315e+00
3.486710488711059952e+01,2.754118306048270792e+00
3.488711060302944134e+01,3.266746446918139313e+00
3.490711631894826894e+01,3.191486797359041283e+00
3.492712203486711076e+01,2.248726296505018318e+00
3.494712775078593836e+01,2.824303139802908369e+00
3.496713346670477307e+01,2.633919767458024808e+00
3.498713918262360778e+01,2.280493979585814124e+00
3.500714489854244249e+01,2.116036638940544279e+00
3.502715061446127720e+01,3.255667125703728182e+00
3.504715633038010481e+01,3.537719018182238884e+00
3.506716204629894662e+01,3.071514082256392442e+00
3.508716776221777423e+01,2.418120145318944036e+00
3.510717347813661604e+01,2.279163934730532581e+00
3.512717919405544365e+01,2.869314251076239497e+00
3.514718490997427836e+01,2.780797546792738384e+00
3.516719062589311307e+01,2.834865014927431925e+00
3.518719634181194778e+01,2.908907993056014440e+00
3.520720205773078249e+01,3.636951718901327624e+00
3.522720777364961720e+01,3.219030309238209320e+00
3.524721348956845191e+01,2.996294214099907816e+00
3.526721920548727951e+01,2.355194557237261677e+00
3.528722492140612133e+01,2.137604234453610808e+00
3.530723063732494893e+01,2.781950911648294777e+00
3.532723635324378364e+01,2.136900073123920940e+00
3.534724206916261835e+01,2.419114532298876075e+00
3.536724778508145306e+01,2.147525644312428650e+00
3.538725350100028777e+01,1.594282600222189927e+00
3.540725921691912248e+01,1.747660050707253276e+00
3.542726493283795719e+01,1.927636246079754256e+00
3.544727064875678479e+01,2.140351612410212656e+00
3.546727636467562661e+01,1.120042960936799226e+00
3.548728208059445421e+01,1.893166756336503553e+00
3.550728779651329603e+01,1.753734316557028050e+00
3.552729351243212363e+01,1.924843065061628167e+00
3.554729922835095834e+01,2.170172679765785873e+00
3.556730494426979305e+01,1.835610377738019938e+00
3.558731066018862776e+01,1.529995971183554015e+00
3.560731637610746247e+01,2.243402835836397102e+00
3.562732209202629008e+01,1.388467430591655116e+00
3.564732780794513189e+01,2.143586646728452116e+00
3.566733352386395950e+01,2.532165504072234619e+00
3.568733923978280131e+01,2.260365846190359740e+00
3.570734495570162892e+01,2.139392152196335939e+00
3.572735067162046363e+01,1.385658282693304599e+00
3.574735638753929834e+01,1.779308401977021337e+00
3.576736210345813305e+01,1.961205234706287603e+00
3.578736781937696776e+01,1.747774231976854775e+00
3.580737353529579536e+01,2.004184625485607718e+00
3.582737925121463718e+01,1.594343012043281771e+00
3.584738496713346478e+01,2.456766530674819649e+00
3.586739068305230660e+01,1.401174061252522307e+00
3.588739639897113420e+01,2.445265521370893147e+00
3.590740211488996891e+01,2.373114566831922900e+00
3.592740783080880362e+01,2.247988844854272195e+00
3.594741354672763833e+01,1.697806382444196238e+00
3.596741926264647304e+01,2.281987431414278955e+00
3.598742497856530065e+01,1.866520399190386703e+00
3.600743069448414246e+01,1.408408670514994299e+00
3.602743641040297007e+01,2.246865854362531500e+00
3.604744212632181188e+01,1.479973886791204896e+00
3.606744784224063949e+01,2.125932729105102226e+00
3.608745355815947420e+01,1.324242975139501954e+00
3.610745927407830891e+01,2.139088370759420599e+00
3.612746498999714362e+01,1.780743915052416027e+00
3.614747070591597833e+01,1.775026540977151512e+00
3.616747642183481304e+01,2.040266566975612150e+00
3.618748213775364775e+01,2.698773897367179320e+00
3.620748785367247535e+01,1.885259277567238545e+00
3.622749356959131717e+01,1.984623606204851232e+00
3.624749928551014477e+01,2.253204394524407128e+00
3.626750500142897948e+01,2.388301350495306785e+00
3.628751071734781419e+01,1.891459106714034943e+00
3.630751643326664890e+01,1.805957435984206771e+00
3.632752214918548361e+01,2.799688025811820857e+00
3.634752786510431832e+01,2.408772252862738217e+00
3.636753358102315303e+01,2.065130420436698699e+00
3.638753929694198064e+01,3.080142526262626745e+00
3.640754501286082245e+01,3.272035708611070515e+00
3.642755072877965006e+01,2.610731994903382702e+00
3.644755644469849187e+01,2.572427028815573280e+00
3.646756216061731948e+01,2.771160453272060842e+00
3.648756787653615419e+01,2.491629848865460684e+00
3.650757359245498890e+01,3.037490324811605191e+00
3.652757930837382361e+01,3.545316517890788610e+00
3.654758502429265832e+01,3.168936090429034014e+00
3.656759074021148592e+01,4.038055213179841729e+00
3.658759645613032774e+01,3.832889367257785729e+00
3.660760217204915534e+01,3.104262514347286839e+00
3.662760788796799716e+01,4.444492179233380469e+00
3.664761360388682476e+01,3.541581565362537987e+00
3.666761931980565947e+01,4.214038632175670429e+00
3.668762503572449418e+01,3.529509383591306726e+00
3.670763075164332889e+01,4.393457223420877966e+00
3.672763646756216360e+01,4.501321683119495098e+00
3.674764218348099121e+01,4.062806486220026159e+00
3.676764789939983302e+01,5.592514776581190006e+00
3.678765361531866063e+01,4.607683511750216176e+00
3.680765933123750244e+01,5.759938680243822162e+00
3.682766504715633005e+01,4.733414123837419218e+00
3.684767076307516476e+01,5.993018887933849292e+00
3.686767647899399947e+01,4.867204818415923562e+00
3.688768219491283418e+01,5.528421125114620693e+00
3.690768791083166889e+01,5.083528923786375664e+00
3.692769362675049649e+01,4.943230319823523899e+00
3.694769934266933831e+01,5.523897787730088105e+00
3.696770505858816591e+01,5.464505274762017528e+00
3.698771077450700773e+01,5.687491561724825395e+00
3.700771649042583533e+01,4.474913330197354711e+00
3.702772220634467004e+01,3.875161770842241893e+00
3.704772792226350475e+01,3.624021858464544277e+00
3.706773363818233946e+01,4.232399107227822199e+00
3.708773935410117417e+01,3.917551318747400924e+00
3.710774507002000888e+01,3.421243592317846804e+00
3.712775078593884359e+01,3.508759480749693349e+00
3.714775650185767120e+01,3.660882004538226653e+00
3.716776221777651301e+01,3.147973437348476011e+00
3.718776793369534062e+01,3.130602280053746078e+00
3.720777364961417533e+01,3.111811397398517087e+00
3.722777936553301004e+01,2.607673502145781974e+00
3.724778508145184475e+01,2.386473191212237666e+00
3.726779079737067946e+01,2.545735787598757405e+00
3.728779651328951417e+01,3.120388795224405154e+00
3.730780222920834888e+01,3.320929577775654895e+00
3.732780794512717648e+01,1.978997960808216439e+00
3.734781366104601830e+01,2.578327531361220615e+00
3.736781937696484590e+01,2.868761151814558374e+00
3.738782509288368772e+01,2.791916644782006962e+00
3.740783080880251532e+01,2.992693164325016753e+00
3.742783652472135003e+01,3.553312623610840326e+00
3.744784224064018474e+01,2.974757908995611100e+00
3.746784795655901945e+01,2.250087776820504981e+00
3.748785367247785416e+01,2.714530774010159853e+00
3.750785938839668177e+01,3.230997678728765976e+00
3.752786510431552358e+01,3.453086556247330741e+00
3.754787082023435119e+01,3.055073273944391765e+00
3.756787653615319300e+01,3.305272924798634548e+00
3.758788225207202061e+01,3.631868279126853061e+00
3.760788796799085532e+01,4.145513045499996885e+00
3.762789368390969003e+01,4.278657397910977878e+00
3.764789939982852474e+01,4.951115727911507669e+00
3.766790511574735945e+01,4.373836828097489970e+00
3.768791083166618705e+01,4.160065682685967658e+00
3.770791654758502887e+01,5.076626394697328237e+00
3.772792226350385647e+01,5.177932325882551368e+00
3.774792797942269829e+01,5.275356521472382099e+00
3.776793369534152589e+01,5.929805022580470819e+00
3.778793941126036060e+01,6.380607155618845283e+00
3.780794512717919531e+01,6.444559516404970267e+00
3.782795084309803002e+01,7.359938809028070850e+00
3.784795655901686473e+01,7.108324426246615424e+00
3.786796227493569234e+01,7.974827871630651543e+00
3.788796799085453415e+01,7.700456176123561924e+00
3.790797370677336176e+01,8.751007617381842962e+00
3.792797942269220357e+01,9.292721564316467564e+00
3.794798513861103118e+01,8.390054164056234498e+00
3.796799085452986589e+01,8.654609560772625443e+00
3.798799657044870060e+01,9.856695621842952448e+00
3.800800228636753531e+01,1.000995872865491521e+01
3.802800800228637002e+01,1.008201120946908169e+01
3.804801371820520473e+01,1.011807724304600953e+01
3.806801943412403944e+01,9.724954175803992129e+00
3.808802515004286704e+01,1.072868992595366144e+01
3.810803086596170886e+01,1.164851905784309594e+01
3.812803658188053646e+01,1.181500817616518617e+01
3.814804229779937117e+01,1.106908354187802956e+01
3.816804801371820588e+01,1.202353462466074063e+01
3.818805372963704059e+01,1.240481574568314116e+01
3.820805944555587530e+01,1.234297238579571498e+01
3.822806516147471001e+01,1.340866680240103648e+01
3.824807087739354472e+01,1.417743585750620028e+01
3.826807659331237232e+01,1.372597581605721118e+01
3.828808230923121414e+01,1.496354436026741652e+01
3.830808802515004174e+01,1.607274681643195180e+01
3.832809374106888356e+01,1.681559083159690715e+01
3.834809945698771116e+01,1.677500772623475456e+01
3.836810517290654587e+01,1.788199788686388558e+01
3.838811088882538058e+01,1.873707466926552812e+01
3.840811660474421529e+01,1.985046737747079604e+01
3.842812232066305000e+01,2.103118246789281187e+01
3.844812803658187761e+01,2.123882703177603304e+01
3.846813375250071942e+01,2.217668850592696117e+01
3.848813946841954703e+01,2.239895083285444599e+01
3.850814518433838884e+01,2.319806758830984705e+01
3.852815090025721645e+01,2.450393923701752641e+01
3.854815661617605116e+01,2.445269718640815171e+01
3.856816233209488587e+01,2.431893440655519356e+01
3.858816804801372058e+01,2.499280676966985482e+01
3.860817376393255529e+01,2.531347694502230183e+01
3.862817947985138289e+01,2.433985607933963990e+01
3.864818519577022471e+01,2.405410754503119364e+01
3.866819091168905231e+01,2.271990316284169609e+01
3.868819662760789413e+01,2.165729502911007387e+01
3.870820234352672173e+01,2.149956770673113482e+01
3.872820805944555644e+01,1.966220002557119884e+01
3.874821377536439115e+01,1.907807604807225133e+01
3.876821949128322586e+01,1.728967551055408691e+01
3.878822520720206057e+01,1.592978594613216714e+01
3.880823092312088818e+01,1.463533097906010738e+01
3.882823663903972999e+01,1.281073533582529578e+01
3.884824235495855760e+01,1.222041734626463239e+01
3.886824807087739941e+01,1.034829931277951687e+01
3.888825378679622702e+01,9.199270067542883567e+00
3.890825950271506173e+01,8.450794591539795064e+00
3.892826521863389644e+01,7.205373558533889167e+00
3.894827093455273115e+01,6.531286915892571265e+00
3.896827665047156586e+01,5.973007073333347350e+00
3.898828236639040057e+01,4.859974818363584248e+00
3.900828808230923528e+01,5.278970333433135487e+00
3.902829379822806288e+01,3.936402791347211050e+00
3.904829951414690470e+01,3.755792305028438527e+00
3.906830523006573230e+01,3.342396417396536368e+00
3.908831094598456701e+01,3.613821814115385944e+00
3.910831666190340172e+01,3.966976747345073662e+00
3.912832237782223643e+01,3.080130854368048787e+00
3.914832809374107114e+01,2.895825524944784402e+00
3.916833380965990585e+01,3.281676842564458241e+00
3.918833952557874056e+01,2.755496236967186263e+00
3.920834524149756817e+01,2.649392224306788890e+00
3.922835095741640998e+01,2.741596434947221717e+00
3.924835667333523759e+01,2.597720542851886805e+00
3.926836238925407940e+01,2.935492697656968630e+00
3.928836810517290701e+01,2.420725172246259937e+00
3.930837382109174172e+01,2.633532475067067669e+00
3.932837953701057643e+01,2.127935549959565797e+00
3.934838525292941114e+01,1.898939999983134008e+00
3.936839096884824585e+01,1.749109186592368470e+00
3.938839668476707345e+01,2.629209953814747536e+00
3.940840240068591527e+01,2.020132957147742214e+00
3.942840811660474287e+01,1.619348898717879237e+00
3.944841383252358469e+01,1.966550364681914020e+00
3.946841954844241229e+01,2.028668172964977146e+00
3.948842526436124700e+01,1.580766970811715577e+00
3.950843098028008171e+01,1.527617572646303934e+00
3.952843669619891642e+01,1.696469709674720328e+00
3.954844241211775113e+01,1.714812305365712497e+00
3.956844812803657874e+01,1.648125411391691220e+00
3.958845384395542055e+01,1.144549491021035870e+00
3.960845955987424816e+01,1.665388874968489308e+00
3.962846527579308997e+01,2.378611316151078903e+00
3.964847099171191758e+01,1.825864137155658096e+00
3.966847670763075229e+01,1.805459294007112803e+00
3.968848242354958700e+01,2.012130301214229533e+00
3.970848813946842171e+01,1.618233707963392831e+00
3.972849385538725642e+01,1.944503151970641497e+00
3.974849957130608402e+01,1.623403998259426384e+00
3.976850528722492584e+01,2.218082484973337820e+00
3.978851100314375344e+01,1.249793656855364032e+00
3.980851671906259526e+01,2.136618730116701670e+00
3.982852243498142286e+01,1.901716897109335669e+00
3.984852815090025757e+01,1.164679675972422945e+00
3.986853386681909228e+01,1.292848841853006414e+00
3.988853958273792699e+01,2.580225026422035661e+00
3.990854529865676170e+01,2.112227821935899641e+00
3.992855101457559641e+01,1.256988788150521952e+00
3.994855673049443112e+01,1.724728425247146202e+00
3.996856244641325873e+01,1.658098667689453354e+00
3.998856816233210054e+01,1.731595645721970778e+00
4.000857387825092815e+01,2.007448101174663435e+00
4.002857959416976286e+01,1.558696592248370649e+00
4.004858531008859757e+01,2.453139092541086086e+00
4.006859102600743228e+01,2.653024984651591645e+00
4.008859674192626699e+01,1.698270947726361335e+00
4.010860245784510170e+01,1.989478006072197491e+00
4.012860817376393641e+01,9.171797261350512764e-01
4.014861388968276401e+01,1.596090949392610536e+00
4.016861960560160583e+01,1.978798562849915399e+00
4.018862532152043343e+01,1.722778132004327389e+00
4.020863103743927525e+01,9.180637141602583373e-01
4.022863675335810285e+01,2.092138952579855715e+00
4.024864246927693756e+01,1.943322934013329562e+00
4.026864818519577227e+01,1.908536059364261073e+00
4.028865390111460698e+01,1.839311386518324598e+00
4.030865961703344169e+01,2.319458563624334335e+00
4.032866533295226930e+01,1.841619482312490286e+00
4.034867104887111111e+01,1.915153703619462355e+00
4.036867676478993872e+01,2.213831325828684360e+00
4.038868248070878053e+01,2.338456343661953873e+00
4.040868819662760814e+01,2.270128037944334487e+00
4.042869391254644285e+01,2.427375231573765557e+00
4.044869962846527756e+01,2.491692450291152383e+00
4.046870534438411227e+01,2.639312759766703209e+00
4.048871106030294698e+01,2.520747528521482650e+00
4.050871677622177458e+01,2.628035709027513711e+00
4.052872249214061640e+01,3.330941732098128050e+00
4.054872820805944400e+01,2.531886634388945456e+00
4.056873392397828582e+01,3.239312788956276723e+00
4.058873963989711342e+01,2.685681344915618052e+00
4.060874535581594813e+01,3.584436327328031080e+00
4.062875107173478284e+01,4.193902803161303261e+00
4.064875678765361755e+01,3.593876005888248848e+00
4.066876250357245226e+01,4.787734677385550697e+00
4.068876821949127986e+01,4.074439521042802603e+00
4.070877393541012168e+01,4.113479442789714113e+00
4.072877965132894929e+01,4.975050789119992878e+00
4.074878536724779110e+01,5.994419752206356478e+00
4.076879108316661871e+01,5.947331591478151047e+00
4.078879679908545342e+01,6.202888005942861938e+00
4.080880251500428813e+01,6.473404043806711528e+00
4.082880823092312284e+01,6.733361033401308759e+00
4.084881394684195755e+01,7.677311825809648660e+00
4.086881966276079226e+01,7.756828810037868394e+00
4.088882537867962697e+01,7.656541319338558971e+00
4.090883109459845457e+01,7.344094841152385200e+00
4.092883681051729639e+01,9.173190228218237152e+00
4.094884252643612399e+01,8.248239974461309743e+00
4.096884824235495870e+01,9.178062384794293038e+00
4.098885395827379341e+01,8.767554327918041679e+00
4.100885967419262812e+01,9.323069158262864420e+00
4.102886539011146283e+01,9.007651622853423135e+00
4.104887110603029754e+01,9.398215720441594812e+00
4.106887682194913225e+01,9.043975929740909692e+00
4.108888253786795985e+01,9.082828697449206956e+00
4.110888825378680167e+01,9.649178437240339079e+00
4.112889396970562927e+01,8.427765258972041096e+00
4.114889968562447109e+01,9.000691795873041912e+00
4.116890540154329869e+01,8.859074500202595459e+00
4.118891111746213340e+01,8.712958490693065272e+00
4.120891683338096811e+01,8.440844908384958600e+00
4.122892254929980282e+01,8.808503799782249288e+00
4.124892826521863753e+01,7.810268658052930135e+00
4.126893398113746514e+01,8.147237424785695126e+00
4.128893969705630695e+01,7.988213945991264886e+00
4.130894541297513456e+01,7.311355826158314031e+00
4.132895112889397637e+01,8.570299707238607567e+00
4.134895684481280398e+01,8.310359709518865046e+00
4.136896256073163869e+01,8.368284621838782300e+00
4.138896827665047340e+01,8.573226647151946267e+00
4.140897399256930811e+01,8.256451636187350118e+00
4.142897970848814282e+01,9.278023612100250617e+00
4.144898542440697042e+01,1.031533414593048548e+01
4.146899114032581224e+01,1.024906189340311435e+01
4.148899685624463984e+01,1.080913328752814806e+01
4.150900257216348166e+01,1.096481071047966083e+01
4.152900828808230926e+01,1.234160265947525303e+01
4.154901400400114397e+01,1.226011612620063751e+01
4.156901971991997868e+01,1.340352107827829542e+01
4.158902543583881339e+01,1.390319063920672171e+01
4.160903115175764810e+01,1.444627052643480347e+01
4.162903686767647571e+01,1.466016151076697760e+01
4.164904258359531752e+01,1.523418474865395922e+01
4.166904829951414513e+01,1.596992730787484760e+01
4.168905401543298694e+01,1.565127086914472443e+01
4.170905973135181455e+01,1.621351764341399004e+01
4.172906544727064926e+01,1.566047424303242330e+01
4.174907116318948397e+01,1.638893469366469802e+01
4.176907687910831868e+01,1.662459261479273565e+01
4.178908259502715339e+01,1.613081749946929477e+01
4.180908831094598810e+01,1.609597728079607393e+01
4.182909402686482281e+01,1.568593531471838531e+01
4.184909974278365041e+01,1.497962760251426673e+01
4.186910545870249223e+01,1.452999527224033116e+01
4.188911117462131983e+01,1.460216683559103501e+01
4.190911689054015454e+01,1.385684959842584263e+01
4.192912260645898925e+01,1.358240321699026865e+01
4.194912832237782396e+01,1.187623624559521751e+01
4.196913403829665867e+01,1.192543526488604755e+01
4.198913975421549338e+01,1.197402867122458403e+01
4.200914547013432809e+01,1.069731073927092524e+01
4.202915118605316280e+01,9.823455979209816391e+00
4.204915690197199041e+01,9.840025695246232829e+00
4.206916261789082512e+01,8.882578080722561609e+00
4.208916833380965983e+01,8.099068768334563018e+00
4.210917404972849454e+01,8.410293858271296941e+00
4.212917976564732925e+01,7.527570346366460718e+00
4.214918548156616396e+01,6.474027311850595545e+00
4.216919119748499867e+01,5.566025322582190071e+00
4.218919691340383338e+01,5.476079572607380541e+00
4.220920262932266809e+01,5.684250669424928404e+00
4.222920834524150280e+01,4.931709809054030558e+00
4.224921406116033040e+01,4.723292545866646819e+00
4.226921977707916511e+01,3.664487928435633091e+00
4.228922549299799982e+01,3.777021467847478498e+00
4.230923120891683453e+01,3.050072781799895161e+00
4.232923692483566924e+01,3.003314522195901226e+00
4.234924264075450395e+01,2.682547315316605285e+00
4.236924835667333866e+01,2.927297478782771023e+00
4.238925407259217337e+01,2.695857671302023473e+00
4.240925978851100808e+01,2.240635242480633060e+00
4.242926550442983569e+01,2.773353219934262537e+00
4.244927122034867040e+01,2.179304975846818149e+00
4.246927693626750511e+01,2.047200115621422789e+00
4.248928265218633982e+01,1.905375636559949459e+00
4.250928836810517453e+01,1.460489145110105191e+00
4.252929408402400924e+01,1.265904750891213570e+00
4.254929979994284395e+01,1.380655553732210938e+00
4.256930551586167866e+01,1.942128030103577263e+00
4.258931123178051337e+01,2.044984468273382205e+00
4.260931694769934097e+01,1.640615631740587554e+00
4.262932266361817568e+01,2.150722526144109636e+00
4.264932837953701039e+01,1.978334262519775510e+00
4.266933409545584510e+01,1.515131934972508088e+00
4.268933981137467981e+01,1.510902034401111926e+00
4.270934552729351452e+01,1.587963772429335840e+00
4.272935124321234923e+01,1.814752479600322044e+00
4.274935695913118394e+01,1.996666283772350781e+00
4.276936267505001865e+01,1.252607236031392901e+00
4.278936839096885336e+01,2.137795333432540801e+00
4.280937410688768097e+01,1.939798384525744490e+00
4.282937982280651568e+01,1.409233419141426857e+00
4.284938553872535039e+01,2.179870040811260345e+00
4.286939125464418510e+01,1.670152638487297336e+00
4.288939697056301981e+01,1.417150197188386640e+00
4.290940268648185452e+01,1.736582946304729536e+00
4.292940840240068923e+01,1.475529532910766273e+00
4.294941411831952394e+01,1.369417944786756713e+00
4.296941983423835865e+01,1.138036041607334514e+00
4.298942555015718625e+01,1.109643804090708841e+00
4.300943126607602096e+01,7.468856525847321626e-01
4.302943698199485567e+01,1.653559309303590963e+00
4.304944269791369038e+01,2.032413522261712568e+00
4.306944841383252509e+01,1.434892581014973523e+00
4.308945412975135980e+01,1.851264458728347329e+00
4.310945984567019451e+01,1.623998454577043393e+00
4.312946556158902922e+01,1.521269107075764238e+00
4.314947127750786393e+01,1.859527028346241728e+00
4.316947699342669864e+01,1.361195849497168764e+00
4.318948270934552625e+01,1.846271512528162573e+00
4.320948842526436096e+01,1.889146624283992715e+00
4.322949414118319567e+01,2.507105848519371349e+00
4.324949985710203038e+01,1.875635588636146434e+00
4.326950557302086509e+01,1.676559566150460867e+00
4.328951128893969980e+01,1.471352900113268358e+00
4.330951700485853451e+01,1.312696465726194806e+00
4.332952272077736922e+01,1.767842858783287507e+00
4.334952843669620393e+01,1.715705670939837724e+00
4.336953415261503153e+01,1.899895616913483742e+00
4.338953986853386624e+01,1.538588037801150499e+00
4.340954558445270095e+01,1.317842669874655925e+00
4.342955130037153566e+01,1.940408764965746657e+00
4.344955701629037037e+01,2.126198020440215330e+00
4.346956273220920508e+01,2.183379258470260265e+00
4.348956844812803979e+01,2.468399709115667306e+00
4.350957416404687450e+01,1.788767769854222589e+00
4.352957987996570921e+01,2.052834045484281056e+00
4.354958559588453681e+01,2.403860916567105210e+00
4.356959131180337153e+01,3.161398936632058732e+00
4.358959702772220624e+01,2.876888220786032235e+00
4.360960274364104095e+01,3.454636990450192346e+00
4.362960845955987566e+01,3.396685396936566903e+00
4.364961417547871037e+01,3.232813820637628677e+00
4.366961989139754508e+01,4.267765859517240301e+00
4.368962560731637979e+01,5.040961972810331204e+00
4.370963132323521450e+01,5.708319781111115709e+00
4.372963703915404921e+01,5.505589587161374254e+00
4.374964275507287681e+01,6.849706258542809678e+00
4.376964847099171152e+01,6.011682413784356527e+00
4.378965418691054623e+01,7.824589379653351884e+00
4.380965990282938094e+01,7.037118361172933767e+00
4.382966561874821565e+01,8.542910270050823485e+00
4.384967133466705036e+01,8.960729425048112873e+00
4.386967705058588507e+01,9.677364584995324037e+00
4.388968276650471978e+01,1.114646494984537739e+01
4.390968848242355449e+01,1.233392437778729978e+01
4.392969419834238209e+01,1.194606131966219742e+01
4.394969991426121680e+01,1.336711680833032290e+01
4.396970563018005151e+01,1.366034237941939189e+01
4.398971134609888622e+01,1.416594868639337079e+01
4.400971706201772093e+01,1.549138018831365038e+01
4.402972277793655564e+01,1.550430310121097754e+01
4.404972849385539035e+01,1.537718070964220196e+01
4.406973420977422506e+01,1.577084904807558097e+01
4.408973992569305977e+01,1.490066724138105592e+01
4.410974564161189448e+01,1.463777381106306841e+01
4.412975135753072209e+01,1.434253709073001559e+01
4.414975707344955680e+01,1.395364920493454264e+01
4.416976278936839151e+01,1.327180177693529295e+01
4.418976850528722622e+01,1.202884029430980739e+01
4.420977422120606093e+01,1.097708891909119799e+01
4.422977993712489564e+01,1.014058630261107830e+01
4.424978565304373035e+01,9.064524953490831649e+00
4.426979136896256506e+01,8.390628773140534236e+00
4.428979708488139977e+01,7.219529239907794604e+00
4.430980280080022737e+01,5.557724956172991782e+00
4.432980851671906208e+01,5.489653085575808333e+00
4.434981423263789679e+01,4.292747525416617194e+00
4.436981994855673150e+01,3.955933366925995731e+00
4.438982566447556621e+01,4.499055292314707799e+00
4.440983138039440092e+01,3.986654366087085677e+00
4.442983709631323563e+01,3.679959640703006407e+00
4.444984281223207034e+01,2.512761290525838742e+00
4.446984852815090505e+01,2.388450853818817166e+00
4.448985424406973266e+01,2.165287501396047976e+00
4.450985995998856737e+01,2.097981585123199100e+00
4.452986567590740208e+01,2.638796530780473049e+00
4.454987139182623679e+01,3.059624522935974422e+00
4.456987710774507150e+01,2.597032064742920809e+00
4.458988282366390621e+01,1.903466799579890623e+00
4.460988853958274092e+01,2.563182210359945312e+00
4.462989425550157563e+01,1.915727731669157663e+00
4.464989997142041034e+01,2.000345716705914878e+00
4.466990568733924505e+01,2.473520354552951606e+00
4.468991140325807265e+01,1.463872529661239374e+00
4.470991711917690736e+01,2.278524204950667986e+00
4.472992283509574207e+01,2.370845633491668991e+00
4.474992855101457678e+01,2.589368402509365730e+00
4.476993426693341149e+01,1.923821326801318232e+00
4.478993998285224620e+01,1.479942097936917556e+00
4.480994569877108091e+01,2.400907935926494652e+00
4.482995141468991562e+01,2.623066977962642543e+00
4.484995713060875033e+01,2.132419006331964351e+00
4.486996284652757794e+01,2.578322710861200129e+00
4.488996856244641265e+01,2.404786943854522185e+00
4.490997427836524736e+01,2.008069000467912257e+00
4.492997999428408207e+01,2.210244412301849870e+00
4.494998571020291678e+01,2.251713696044272517e+00
4.496999142612175149e+01,2.389904141837220664e+00
4.498999714204058620e+01,3.205290917732991574e+00
4.501000285795942091e+01,2.819539646814449796e+00
4.503000857387825562e+01,2.085853293070361492e+00
4.505001428979709033e+01,2.829260793918694450e+00
4.507002000571591793e+01,3.359373257176041516e+00
4.509002572163475264e+01,2.864191259244366350e+00
4.511003143755358735e+01,3.266620191070922719e+00
4.513003715347242206e+01,3.265892681209349391e+00
4.515004286939125677e+01,3.588085021720250012e+00
4.517004858531009148e+01,3.951904161684558492e+00
4.519005430122892619e+01,3.684317951144516989e+00
4.521006001714776090e+01,3.842574646875729805e+00
4.523006573306659561e+01,3.713878326374654204e+00
4.525007144898542322e+01,3.929165546415841259e+00
4.527007716490425793e+01,4.663444874047515398e+00
4.529008288082309264e+01,4.200777251679090440e+00
4.531008859674192735e+01,4.231202791559304899e+00
4.533009431266076206e+01,4.705570915025281131e+00
4.535010002857959677e+01,4.767954514427550805e+00
4.537010574449843148e+01,4.431081807216981083e+00
4.539011146041726619e+01,4.575156399508401250e+00
4.541011717633610090e+01,4.066722425975100919e+00
4.543012289225492850e+01,3.972966311081934876e+00
4.545012860817376321e+01,3.803626070906986012e+00
4.547013432409259792e+01,3.347782827127791627e+00
4.549014004001143263e+01,3.502293024771449659e+00
4.551014575593026734e+01,3.092337231841576717e+00
4.553015147184910205e+01,2.530689128927770426e+00
4.555015718776793676e+01,2.210412834049083397e+00
4.557016290368677147e+01,2.752682802212791824e+00
4.559016861960560618e+01,1.492210555248461024e+00
4.561017433552444089e+01,2.460442121376333446e+00
4.563018005144326850e+01,1.882561684957287707e+00
4.565018576736210321e+01,2.103057493245975351e+00
4.567019148328093792e+01,1.496314046158750966e+00
4.569019719919977263e+01,2.267533307097666651e+00
4.571020291511860734e+01,1.088141924807755734e+00
4.573020863103744205e+01,1.925427937532771416e+00
4.575021434695627676e+01,1.143728729204627426e+00
4.577022006287511147e+01,1.158180013235059480e+00
4.579022577879394618e+01,1.978344781907596328e+00
4.581023149471277378e+01,1.371011781015723408e+00
4.583023721063160849e+01,1.773422279901701870e+00
4.585024292655044320e+01,1.284179583452764506e+00
4.587024864246927791e+01,8.046854099352609424e-01
4.589025435838811262e+01,1.809944426958250974e+00
4.591026007430694733e+01,1.205642207078448713e+00
4.593026579022578204e+01,5.830241222946799251e-01
4.595027150614461675e+01,1.283093423371315378e+00
4.597027722206345146e+01,1.215196052523723091e+00
4.599028293798228617e+01,2.261203282645574131e+00
4.601028865390111378e+01,7.272693662407139215e-01
4.603029436981994849e+01,1.642341815789762016e+00
4.605030008573878320e+01,8.725662927925974532e-01
4.607030580165761791e+01,1.854352625058273807e+00
4.609031151757645262e+01,1.562302030287843202e+00
4.611031723349528733e+01,1.175979436143376855e+00
4.613032294941412204e+01,1.143236388365416634e+00
4.615032866533295675e+01,2.284495566917318143e+00
4.617033438125179146e+01,1.371081857728948750e+00
4.619034009717061906e+01,1.491921541961508613e+00
4.621034581308945377e+01,1.202804085706157933e+00
4.623035152900828848e+01,1.608255014460919785e+00
4.625035724492712319e+01,2.361276039619350176e+00
4.627036296084595790e+01,9.422747196390512947e-01
4.629036867676479261e+01,2.230189677576607465e+00
4.631037439268362732e+01,1.114560040861434675e+00
4.633038010860246203e+01,1.969903360403019388e+00
4.635038582452129674e+01,1.023880561831614022e+00
4.637039154044012434e+01,1.106188426804912028e+00
4.639039725635895905e+01,2.345971070236130274e+00
4.641040297227779376e+01,2.152100020953383819e+00
4.643040868819662847e+01,1.283678440047230751e+00
4.645041440411546319e+01,2.235349210319219182e+00
4.647042012003429790e+01,2.365820392882843404e+00
4.649042583595313261e+01,1.985692094775867389e+00
4.651043155187196732e+01,1.698794918716930002e+00
4.653043726779080203e+01,2.157689788824006971e+00
4.655044298370963674e+01,1.737734624774188275e+00
4.657044869962846434e+01,2.914257403326002027e+00
4.659045441554729905e+01,2.593734900572909119e+00
4.661046013146613376e+01,2.937160636863716423e+00
4.663046584738496847e+01,3.237508805837573611e+00
4.665047156330380318e+01,2.929816082315939596e+00
4.667047727922263789e+01,3.102426676598520228e+00
4.669048299514147260e+01,2.881915189267687971e+00
4.671048871106030731e+01,3.763999659763095806e+00
4.673049442697914202e+01,3.895597454402441429e+00
4.675050014289796962e+01,4.651947421885655132e+00
4.677050585881680433e+01,4.625767343837553724e+00
4.679051157473563904e+01,4.436039629050783084e+00
4.681051729065447375e+01,4.325254552898130100e+00
4.683052300657330846e+01,5.241957418118771805e+00
4.685052872249214317e+01,5.816567767492620611e+00
4.687053443841097788e+01,5.596366957339283132e+00
4.689054015432981259e+01,5.182047523033017633e+00
4.691054587024864730e+01,6.709685440530716249e+00
4.693055158616748201e+01,6.604169045803323534e+00
4.695055730208630962e+01,7.146609651732896751e+00
4.697056301800514433e+01,7.290087736271035901e+00
4.699056873392397904e+01,7.986016683418852402e+00
4.701057444984281375e+01,7.073887148961045312e+00
4.703058016576164846e+01,7.225118021317213035e+00
4.705058588168048317e+01,7.710792927761049853e+00
4.707059159759931788e+01,8.016759294184481632e+00
4.709059731351815259e+01,8.521109033802012789e+00
4.711060302943698730e+01,8.257297505854761965e+00
4.713060874535581490e+01,8.782849949276799961e+00
4.715061446127464961e+01,8.581724659029035251e+00
4.717062017719348432e+01,9.679606707239443608e+00
4.719062589311231903e+01,9.127728053955866727e+00
4.721063160903115374e+01,9.418477382629044214e+00
4.723063732494998845e+01,9.942536869247916798e+00
4.725064304086882316e+01,9.906005117338381183e+00
4.727064875678765787e+01,9.855394821055499577e+00
4.729065447270649258e+01,1.006613990582148332e+01
4.731066018862532019e+01,1.027920219879081642e+01
4.733066590454415490e+01,1.068753129940719404e+01
4.735067162046298961e+01,1.098034812069646549e+01
4.737067733638182432e+01,1.015687033603545864e+01
4.739068305230065903e+01,1.124656481836253441e+01
4.741068876821949374e+01,1.077890264413019850e+01
4.743069448413832845e+01,1.039000185181658509e+01
4.745070020005716316e+01,1.072302703313814121e+01
4.747070591597599787e+01,1.116535212119927856e+01
4.749071163189483258e+01,1.018274315079613501e+01
4.751071734781366018e+01,1.055823327676167445e+01
4.753072306373249489e+01,9.483994105046441803e+00
4.755072877965132960e+01,1.021327714092612027e+01
4.757073449557016431e+01,9.715346354139256846e+00
4.759074021148899902e+01,9.441747176697994348e+00
4.761074592740783373e+01,8.604501833225610241e+00
4.763075164332666844e+01,8.306021978325002664e+00
4.765075735924550315e+01,8.163945677342470120e+00
4.767076307516433786e+01,7.734994645411062741e+00
4.769076879108316547e+01,6.758584049092762669e+00
4.771077450700200018e+01,6.622729655661181880e+00
4.773078022292083489e+01,6.653812257515375528e+00
4.775078593883966960e+01,5.909636324057689905e+00
4.777079165475850431e+01,5.244434464444703181e+00
4.779079737067733902e+01,6.094395848996743581e+00
4.781080308659617373e+01,4.630077593945244097e+00
4.783080880251500844e+01,4.367233676240926954e+00
4.785081451843384315e+01,5.266816111166360059e+00
4.787082023435267075e+01,4.560382914890692696e+00
4.789082595027150546e+01,3.784214445013922123e+00
4.791083166619034017e+01,4.925680863852768709e+00
4.793083738210917488e+01,4.073176622797920032e+00
4.795084309802800959e+01,3.381864832075540228e+00
4.797084881394684430e+01,3.740315179654021271e+00
4.799085452986567901e+01,2.998933250200407130e+00
4.801086024578451372e+01,3.352224362705744198e+00
4.803086596170334843e+01,2.725056157765446407e+00
4.805087167762218314e+01,3.190387564864081149e+00
4.807087739354101075e+01,2.764706391236248173e+00
4.809088310945984546e+01,3.832154005139044362e+00
4.811088882537868017e+01,3.297511121640689602e+00
4.813089454129751488e+01,3.273993181023942878e+00
4.815090025721634959e+01,2.844019818895890506e+00
4.817090597313518430e+01,2.785362109343276771e+00
4.819091168905401901e+01,3.613810811918561683e+00
4.821091740497285372e+01,2.194232297840590817e+00
4.823092312089168843e+01,2.755371799641532782e+00
4.825092883681051603e+01,2.939177152426323048e+00
4.827093455272935074e+01,3.242094494725072273e+00
4.829094026864818545e+01,2.084864631824002501e+00
4.831094598456702016e+01,2.318969727060836927e+00
4.833095170048585487e+01,2.691903014361601620e+00
4.835095741640468958e+01,1.684440908188952646e+00
4.837096313232352429e+01,1.688447573096475862e+00
4.839096884824235900e+01,1.800698089062906959e+00
4.841097456416119371e+01,2.022117859314629840e+00
4.843098028008002842e+01,2.235949856186877138e+00
4.845098599599885603e+01,2.387702244281318720e+00
4.847099171191769074e+01,2.033485928482615446e+00
4.849099742783652545e+01,1.499408653135594127e+00
4.851100314375536016e+01,2.248993380102341177e+00
4.853100885967419487e+01,1.268499658101733374e+00
4.855101457559302958e+01,1.726893521881192273e+00
4.857102029151186429e+01,1.597761105981354790e+00
4.859102600743069900e+01,8.839107672688134576e-01
4.861103172334953371e+01,1.731860496355982715e+00
4.863103743926836131e+01,1.022959539474965096e+00
4.865104315518719602e+01,1.314958385807257990e+00
4.867104887110603073e+01,1.406462778963318616e+00
4.869105458702486544e+01,1.051244659887033528e+00
4.871106030294370015e+01,2.234159385217922456e+00
4.873106601886253486e+01,9.305911094268883854e-01
4.875107173478136957e+01,1.060165090915885067e+00
4.877107745070020428e+01,1.108083707213348035e+00
4.879108316661903899e+01,1.140249531592883558e+00
4.881108888253786660e+01,1.248060714586261000e+00
4.883109459845670131e+01,1.054989712275960168e+00
4.885110031437553602e+01,1.432370899523690788e+00
4.887110603029437073e+01,1.777448536355873410e+00
4.889111174621320544e+01,1.906153095320078705e+00
4.891111746213204015e+01,2.197333605922294097e+00
4.893112317805087486e+01,1.435892436677887796e+00
4.895112889396970957e+01,1.568018392834459096e+00
4.897113460988854428e+01,1.382133060761181920e+00
4.899114032580737899e+01,1.557512267110149562e+00
4.901114604172620659e+01,8.991282194385957771e-01
4.903115175764504130e+01,1.242155543656897621e+00
4.905115747356387601e+01,2.017818453897547659e+00
4.907116318948271072e+01,1.424691114006833015e+00
4.909116890540154543e+01,1.488727347559102299e+00
4.911117462132038014e+01,1.618967360641878184e+00
4.913118033723921485e+01,1.346030670450192757e+00
4.915118605315804956e+01,1.945684725086119560e+00
4.917119176907688427e+01,1.753261796682132667e+00
4.919119748499571187e+01,2.255040166148275294e+00
4.921120320091454658e+01,9.824406115984786192e-01
4.923120891683338129e+01,1.945893295157196334e+00
4.925121463275221600e+01,1.678384031099650509e+00
4.927122034867105071e+01,2.351019168014001792e+00
4.929122606458988542e+01,1.354598945526283016e+00
4.931123178050872014e+01,2.746172716271492842e+00
4.933123749642755485e+01,1.800284548319684319e+00
4.935124321234638956e+01,2.491030793661737075e+00
4.937124892826522427e+01,2.888909220532079658e+00
4.939125464418405187e+01,3.184237093471848024e+00
4.941126036010288658e+01,2.921634554573590670e+00
4.943126607602172129e+01,3.424691532073644851e+00
4.945127179194055600e+01,2.900965376257984119e+00
4.947127750785939071e+01,3.859419125251155158e+00
4.949128322377822542e+01,4.473122281058756755e+00
4.951128893969706013e+01,4.618228177142697177e+00
4.953129465561589484e+01,4.796537388616664899e+00
4.955130037153472955e+01,6.018815874641984642e+00
4.957130608745355715e+01,6.466833712817174451e+00
4.959131180337239186e+01,6.367123787387042100e+00
4.961131751929122657e+01,7.372507873532779143e+00
4.963132323521006128e+01,7.786406973271754239e+00
4.965132895112889599e+01,8.129628684388737980e+00
4.967133466704773070e+01,9.451283043103554604e+00
4.969134038296656541e+01,9.733390968243968544e+00
4.971134609888540012e+01,9.629304796237249775e+00
4.973135181480423483e+01,1.033137659276449227e+01
4.975135753072306244e+01,1.051913412474175580e+01
4.977136324664189715e+01,1.028430194943233644e+01
4.979136896256073186e+01,1.053733599576755076e+01
4.981137467847956657e+01,9.785325335739049279e+00
4.983138039439840128e+01,1.081174962535743234e+01
4.985138611031723599e+01,9.755612521403214998e+00
4.987139182623607070e+01,9.691268503363607678e+00
4.989139754215490541e+01,8.775620329546367060e+00
4.991140325807374012e+01,7.454691049133056246e+00
4.993140897399257483e+01,7.590373426959242664e+00
4.995141468991140243e+01,6.593831479614314262e+00
4.997142040583023714e+01,6.733092897607075855e+00
4.999142612174907185e+01,5.540769102655747957e+00
5.001143183766790656e+01,5.942681724168211943e+00
5.003143755358674127e+01,4.636841434254814764e+00
5.005144326950557598e+01,4.960816445248893203e+00
5.007144898542441069e+01,4.340374204026539395e+00
5.009145470134324540e+01,4.003351278029546378e+00
5.011146041726208011e+01,3.104245957589127247e+00
5.013146613318090772e+01,2.807006918789734407e+00
5.015147184909974243e+01,2.274894244426357126e+00
5.017147756501857714e+01,2.819678753295520313e+00
5.019148328093741185e+01,2.434035662841167902e+00
5.021148899685624656e+01,1.503729191873552029e+00
5.023149471277508127e+01,2.366162442056634951e+00
5.025150042869391598e+01,1.681962674667454749e+00
5.027150614461275069e+01,1.627622987506541996e+00
5.029151186053158540e+01,1.429490894051422156e+00
5.031151757645042011e+01,2.398509680586053960e+00
5.033152329236924771e+01,1.422183193817757374e+00
5.035152900828808242e+01,2.592457415361441697e+00
5.037153472420691713e+01,1.822447649736248287e+00
5.039154044012575184e+01,1.362435306353325437e+00
5.041154615604458655e+01,2.389744262159966048e+00
5.043155187196342126e+01,2.599032387392409049e+00
5.045155758788225597e+01,1.701324433076686349e+00
5.047156330380109068e+01,1.901101576249604630e+00
5.049156901971992539e+01,1.983602357206822653e+00
5.051157473563875300e+01,1.577257247588624178e+00
5.053158045155758771e+01,1.629551290295636168e+00
5.055158616747642242e+01,1.633061630199160952e+00
5.057159188339525713e+01,2.116435166401044121e+00
5.059159759931409184e+01,1.438240064256628647e+00
5.061160331523292655e+01,1.487417109390621661e+00
5.063160903115176126e+01,1.795562393341119778e+00
5.065161474707059597e+01,1.921751535367041797e+00
5.067162046298943068e+01,2.001699301035648304e+00
5.069162617890825828e+01,1.812305170049923531e+00
5.071163189482709299e+01,2.516270936903594713e+00
5.073163761074592770e+01,3.331974057362146802e+00
5.075164332666476241e+01,3.009651917767413920e+00
5.077164904258359712e+01,3.029280488313010000e+00
5.079165475850243183e+01,3.711382477809821445e+00
5.081166047442126654e+01,3.595783927484424325e+00
5.083166619034010125e+01,3.699449711949144959e+00
5.085167190625893596e+01,4.239742787231975285e+00
5.087167762217777067e+01,4.215865606959474654e+00
5.089168333809659828e+01,4.996039940656026523e+00
5.091168905401543299e+01,5.465584039352289203e+00
5.093169476993426770e+01,5.273721519634198884e+00
5.095170048585310241e+01,5.495413134697194835e+00
5.097170620177193712e+01,6.338107162462653932e+00
5.099171191769077183e+01,5.790679583840108613e+00
5.101171763360960654e+01,6.691440153909008259e+00
5.103172334952844125e+01,6.262979122564461321e+00
5.105172906544727596e+01,7.009467004118181244e+00
5.107173478136610356e+01,6.795218303224178413e+00
5.109174049728493827e+01,6.973057120466618741e+00
5.111174621320377298e+01,7.531681654795824521e+00
5.113175192912260769e+01,7.685999730850666012e+00
5.115175764504144240e+01,6.619986035810772051e+00
5.117176336096027711e+01,7.152757227292883435e+00
5.119176907687911182e+01,6.481370747841364022e+00
5.121177479279794653e+01,6.907427966334437563e+00
5.123178050871678124e+01,5.911668468418371347e+00
5.125178622463561595e+01,5.954125430822160503e+00
5.127179194055444356e+01,6.640522414349062430e+00
5.129179765647327827e+01,6.185961356739544392e+00
5.131180337239211298e+01,5.735254951332230178e+00
5.133180908831094769e+01,5.831195805005750188e+00
5.135181480422978240e+01,6.449614465554521558e+00
5.137182052014861711e+01,5.290745109330336149e+00
5.139182623606745182e+01,5.694809474484666900e+00
5.141183195198628653e+01,5.972339856301598360e+00
5.143183766790512124e+01,6.155411762795685249e+00
5.145184338382394884e+01,5.028430377694961706e+00
5.147184909974278355e+01,5.130289101374692962e+00
5.149185481566161826e+01,5.057600786166751128e+00
5.151186053158045297e+01,4.896941637338398046e+00
5.153186624749928768e+01,5.576253573022256660e+00
5.155187196341812239e+01,4.543656581622129487e+00
5.157187767933695710e+01,4.816849927267741194e+00
5.159188339525579181e+01,4.709890559165707202e+00
5.161188911117462652e+01,4.157453950389419006e+00
5.163189482709345413e+01,4.064403358597481919e+00
5.165190054301228884e+01,4.693116162277341630e+00
5.167190625893112355e+01,3.521019184412880865e+00
5.169191197484995826e+01,4.658802996726241652e+00
5.171191769076879297e+01,4.125035427425142842e+00
5.173192340668762768e+01,3.727087644577514958e+00
5.175192912260646239e+01,3.562803266479859232e+00
5.177193483852529710e+01,3.769497975197843687e+00
5.179194055444413181e+01,2.782406136051691181e+00
5.181194627036296652e+01,3.086868610784442080e+00
5.183195198628179412e+01,3.207065855818354905e+00
5.185195770220062883e+01,3.546955584540340656e+00
5.187196341811946354e+01,2.725914045393238005e+00
5.189196913403829825e+01,3.514633314755990945e+00
5.191197484995713296e+01,3.258550294560325078e+00
5.193198056587596767e+01,3.318120263172133377e+00
5.195198628179480238e+01,2.946442161201186849e+00
5.197199199771363709e+01,3.783750173022340846e+00
5.199199771363247180e+01,3.386759088223971315e+00
5.201200342955129940e+01,4.200713529790794709e+00
5.203200914547013411e+01,4.106940302835099921e+00
5.205201486138896882e+01,4.508170218639244275e+00
5.207202057730780353e+01,5.097071559334608537e+00
5.209202629322663824e+01,5.114745360844880295e+00
5.211203200914547295e+01,5.570721916180638722e+00
5.213203772506430766e+01,6.070944892591732867e+00
5.215204344098314237e+01,6.757922602221145603e+00
5.217204915690197708e+01,5.900355400123673100e+00
5.219205487282081180e+01,7.078870775864636755e+00
5.221206058873963940e+01,7.632706963778008280e+00
5.223206630465847411e+01,7.441312066814269599e+00
5.225207202057730882e+01,9.134227286499360332e+00
5.227207773649614353e+01,9.156381346165606061e+00
5.229208345241497824e+01,9.694583940881923212e+00
5.231208916833381295e+01,9.913065667605255982e+00
5.233209488425264766e+01,1.030492796540283074e+01
5.235210060017148237e+01,9.845593658590063413e+00
5.237210631609031708e+01,1.014443969869997275e+01
5.239211203200914468e+01,1.067309831253458619e+01
5.241211774792797939e+01,1.070176955228567373e+01
5.243212346384681410e+01,1.037811060250460571e+01
5.245212917976564881e+01,9.999616219878321388e+00
5.247213489568448352e+01,9.917272481866790557e+00
5.249214061160331823e+01,9.485828026659206103e+00
5.251214632752215294e+01,9.775144555863253260e+00
5.253215204344098765e+01,9.115464958524913897e+00
5.255215775935982236e+01,9.100934657609911937e+00
5.257216347527864997e+01,9.045167534585356606e+00
5.259216919119748468e+01,8.540683030096035466e+00
5.261217490711631939e+01,8.125710279759449151e+00
5.263218062303515410e+01,8.320047619626016910e+00
5.265218633895398881e+01,6.867469446825550605e+00
5.267219205487282352e+01,6.855419609431683270e+00
5.269219777079165823e+01,7.133198817066411124e+00
5.271220348671049294e+01,6.502779964578266458e+00
5.273220920262932765e+01,5.802266750278790575e+00
5.275221491854816236e+01,4.880336977804129006e+00
5.277222063446698996e+01,5.377211982045396965e+00
5.279222635038582467e+01,5.346463249661107753e+00
5.281223206630465938e+01,5.210099139192386986e+00
5.283223778222349409e+01,4.839858216599221663e+00
5.285224349814232880e+01,3.677586362894057714e+00
5.287224921406116351e+01,4.304858932600603261e+00
5.289225492997999822e+01,3.339561238053277314e+00
5.291226064589883293e+01,3.448544355303358788e+00
5.293226636181766764e+01,3.291933894422345297e+00
5.295227207773649525e+01,2.784208128464542575e+00
5.297227779365532996e+01,2.497671508021824138e+00
5.299228350957416467e+01,2.802437443685202201e+00
5.301228922549299938e+01,2.066805001269034214e+00
5.303229494141183409e+01,2.017371729381379541e+00
5.305230065733066880e+01,3.036253396437524010e+00
5.307230637324950351e+01,2.272383162055682249e+00
5.309231208916833822e+01,2.066172737793875225e+00
5.311231780508717293e+01,2.868402016101950558e+00
5.313232352100600764e+01,2.123533261712461595e+00
5.315232923692483524e+01,2.298494395727655792e+00
5.317233495284366995e+01,1.851455293885579945e+00
5.319234066876250466e+01,1.709406358386496461e+00
5.321234638468133937e+01,1.680264895618124754e+00
5.323235210060017408e+01,1.811022975296027404e+00
5.325235781651900879e+01,2.186569111331535531e+00
5.327236353243784350e+01,1.984183094251873003e+00
5.329236924835667821e+01,2.497498569636817933e+00
5.331237496427551292e+01,2.315373644458277980e+00
5.333238068019434053e+01,2.258569505412241885e+00
5.335238639611317524e+01,1.874312918158181684e+00
5.337239211203200995e+01,2.854299143514515080e+00
5.339239782795084466e+01,2.639242484833419500e+00
5.341240354386967937e+01,2.630564786829943102e+00
5.343240925978851408e+01,2.899687416083291502e+00
5.345241497570734879e+01,2.946239745777848196e+00
5.347242069162618350e+01,2.643401075132549849e+00
5.349242640754501821e+01,3.893602797230278689e+00
5.351243212346384581e+01,2.656668043243977095e+00
5.353243783938268052e+01,3.678151396225413983e+00
5.355244355530151523e+01,4.808073140339611307e+00
5.357244927122034994e+01,3.670012347406694353e+00
5.359245498713918465e+01,4.074163248958583061e+00
5.361246070305801936e+01,5.759094985858761007e+00
5.363246641897685407e+01,6.628672056122582035e+00
5.365247213489568878e+01,6.192878780998323229e+00
5.367247785081452349e+01,6.690544556343471783e+00
5.369248356673335820e+01,7.679622149708823287e+00
5.371248928265218581e+01,8.576696564199135508e+00
5.373249499857102052e+01,8.867333373024980148e+00
5.375250071448985523e+01,1.024746823808927410e+01
5.377250643040868994e+01,1.109964093032114008e+01
5.379251214632752465e+01,1.191623910274707754e+01
5.381251786224635936e+01,1.186687980710125245e+01
5.383252357816519407e+01,1.324299856098998873e+01
5.385252929408402878e+01,1.490559306121587824e+01
5.387253501000286349e+01,1.483044176276379744e+01
5.389254072592169109e+01,1.551979846229651194e+01
5.391254644184052580e+01,1.638809957677267803e+01
5.393255215775936051e+01,1.666707193903640061e+01
5.395255787367819522e+01,1.728196317647265090e+01
5.397256358959702993e+01,1.717047827752037392e+01
5.399256930551586464e+01,1.751018987316500386e+01
5.401257502143469935e+01,1.797458641622833042e+01
5.403258073735353406e+01,1.680970919030924549e+01
5.405258645327236877e+01,1.721262173288587150e+01
5.407259216919120348e+01,1.736177282211167494e+01
5.409259788511003109e+01,1.705263508457798594e+01
5.411260360102886580e+01,1.584654900317124238e+01
5.413260931694770051e+01,1.595695809090084261e+01
5.415261503286653522e+01,1.556868545660099024e+01
5.417262074878536993e+01,1.466018292700508496e+01
5.419262646470420464e+01,1.485287438773899638e+01
5.421263218062303935e+01,1.405403678386996447e+01
5.423263789654187406e+01,1.425519255409899699e+01
5.425264361246070877e+01,1.337315100805323098e+01
5.427264932837953637e+01,1.237662654550521779e+01
5.429265504429837108e+01,1.305811809299532378e+01
5.431266076021720579e+01,1.241518014327959740e+01
5.433266647613604050e+01,1.112085999036843731e+01
5.435267219205487521e+01,1.063037518364336442e+01
5.437267790797370992e+01,9.973762149365045460e+00
5.439268362389254463e+01,9.811250492888040853e+00
5.441268933981137934e+01,9.253920169930591300e+00
5.443269505573021405e+01,9.444265697616742727e+00
5.445270077164904166e+01,9.091722220199514481e+00
5.447270648756787637e+01,8.137001514227717891e+00
5.449271220348671108e+01,8.414947509908651924e+00
5.451271791940554579e+01,8.044822645711949605e+00
5.453272363532438050e+01,8.100889542378967079e+00
5.455272935124321521e+01,7.964598924707589234e+00
5.457273506716204992e+01,7.257694267264185761e+00
5.459274078308088463e+01,7.751581872866175615e+00
5.461274649899971934e+01,7.928027426753176954e+00
5.463275221491855405e+01,7.718697509349552455e+00
5.465275793083738165e+01,9.081665788599837086e+00
5.467276364675621636e+01,8.290814724303904981e+00
5.469276936267505107e+01,8.864552881830327635e+00
5.471277507859388578e+01,9.697631573214373191e+00
5.473278079451272049e+01,9.960640609933061995e+00
5.475278651043155520e+01,1.015175827619759730e+01
5.477279222635038991e+01,1.012788212552870881e+01
5.479279794226922462e+01,9.839207509012911856e+00
5.481280365818805933e+01,1.101437502365894971e+01
5.483280937410688693e+01,1.097345599740248545e+01
5.485281509002572164e+01,1.061109686303702304e+01
5.487282080594455635e+01,1.083570383635013101e+01
5.489282652186339106e+01,1.186537324578734243e+01
5.491283223778222577e+01,1.088560593542122668e+01
5.493283795370106048e+01,1.046923837750521891e+01
5.495284366961989519e+01,1.027968751244056556e+01
5.497284938553872990e+01,9.655300862358199510e+00
5.499285510145756461e+01,1.035207953639968714e+01
5.501286081737639222e+01,8.882600827622811224e+00
5.503286653329522693e+01,9.109924847970694017e+00
5.505287224921406164e+01,8.540506110031694575e+00
5.507287796513289635e+01,8.441060272635407813e+00
5.509288368105173106e+01,7.656652653507142858e+00
5.511288939697056577e+01,6.880053165100924240e+00
5.513289511288940048e+01,6.826457895893826233e+00
5.515290082880823519e+01,6.659951518164971773e+00
5.517290654472706990e+01,6.683307742298408627e+00
5.519291226064590461e+01,6.260314931718493625e+00
5.521291797656473221e+01,6.272638464573977224e+00
5.523292369248356692e+01,6.365640749760201444e+00
5.525292940840240163e+01,6.027548440907045446e+00
5.527293512432123634e+01,6.713903195315257477e+00
5.529294084024007105e+01,6.789974852493081414e+00
5.531294655615890576e+01,6.767382293978612573e+00
5.533295227207774047e+01,6.905509238924321558e+00
5.535295798799657518e+01,6.120615830027055893e+00
5.537296370391540989e+01,6.109548173451520015e+00
5.539296941983423750e+01,5.580869583996195260e+00
5.541297513575307221e+01,5.661150529082210170e+00
5.543298085167190692e+01,5.751765331359688815e+00
5.545298656759074163e+01,5.642597024228841462e+00
5.547299228350957634e+01,5.886258709596784655e+00
5.549299799942841105e+01,4.233309633214317635e+00
5.551300371534724576e+01,4.488685425073425606e+00
5.553300943126608047e+01,4.323801250010543384e+00
5.555301514718491518e+01,4.590935033191977155e+00
5.557302086310374989e+01,3.864518197251407106e+00
5.559302657902257749e+01,3.834629195573354465e+00
5.561303229494141220e+01,3.119838617839980621e+00
5.563303801086024691e+01,4.043943084676305588e+00
5.565304372677908162e+01,4.148081285682231112e+00
5.567304944269791633e+01,3.628465313289178429e+00
5.569305515861675104e+01,3.342434299842524048e+00
5.571306087453558575e+01,4.371486903747934250e+00
5.573306659045442046e+01,4.353772515992179848e+00
5.575307230637325517e+01,4.909557922535866759e+00
5.577307802229208278e+01,6.053205314510781143e+00
5.579308373821091749e+01,5.173347573473920491e+00
5.581308945412975220e+01,6.093125345315803187e+00
5.583309517004858691e+01,7.108967035260518763e+00
5.585310088596742162e+01,7.307952815797345458e+00
5.587310660188625633e+01,7.741602993903343943e+00
5.589311231780509104e+01,8.911116906753271394e+00
5.591311803372392575e+01,9.852083549330881596e+00
5.593312374964276046e+01,1.022811166335945288e+01
5.595312946556158806e+01,1.115299858981735426e+01
5.597313518148042277e+01,1.186415334584496506e+01
5.599314089739925748e+01,1.281138574929359386e+01
5.601314661331809219e+01,1.290333401477982633e+01
5.603315232923692690e+01,1.356032994140296033e+01
5.605315804515576161e+01,1.376845396386685039e+01
5.607316376107459632e+01,1.429811607875360480e+01
5.609316947699343103e+01,1.326351445819655517e+01
5.611317519291226574e+01,1.423024763460474418e+01
5.613318090883110045e+01,1.286863777087480898e+01
5.615318662474992806e+01,1.322780738963946590e+01
5.617319234066876277e+01,1.225154467706440364e+01
5.619319805658759748e+01,1.220357772209098357e+01
5.621320377250643219e+01,1.193119839310789665e+01
5.623320948842526690e+01,1.082734214536902506e+01
5.625321520434410161e+01,1.081615458055617651e+01
5.627322092026293632e+01,9.283296686094910655e+00
5.629322663618177103e+01,9.118392145629735879e+00
5.631323235210060574e+01,8.554194972818784493e+00
5.633323806801943334e+01,7.310672845777874684e+00
5.635324378393826805e+01,7.784962934116490985e+00
5.637324949985710276e+01,7.049150126442312647e+00
5.639325521577593747e+01,6.919770265409201926e+00
5.641326093169477218e+01,5.938794069237188111e+00
5.643326664761360689e+01,5.796017747999770542e+00
5.645327236353244160e+01,5.618350125453767774e+00
5.647327807945127631e+01,4.571047434508676233e+00
5.649328379537011102e+01,4.183394589089484583e+00
5.651328951128894573e+01,4.067778244360446216e+00
5.653329522720777334e+01,3.336417114515633386e+00
5.655330094312660805e+01,4.019069813313993045e+00
5.657330665904544276e+01,3.179432382135662927e+00
5.659331237496427747e+01,3.210774938606312023e+00
5.661331809088311218e+01,3.145334958869035802e+00
5.663332380680194689e+01,3.114695653476888815e+00
5.665332952272078160e+01,2.228848304646998013e+00
5.667333523863961631e+01,2.513502273856331737e+00
5.669334095455845102e+01,2.216444219872180987e+00
5.671334667047727862e+01,1.796475114709470411e+00
5.673335238639611333e+01,2.207172326466789514e+00
5.675335810231494804e+01,2.213741822834184081e+00
5.677336381823378275e+01,2.200468402919250721e+00
5.679336953415261746e+01,1.592630505759603077e+00
5.681337525007145217e+01,1.592237689305829429e+00
5.683338096599028688e+01,1.259842929029334035e+00
5.685338668190912159e+01,1.213824401273385645e+00
5.687339239782795630e+01,1.930575078283230717e+00
5.689339811374678391e+01,1.936830817418191852e+00
5.691340382966561862e+01,2.236809364618854268e+00
5.693340954558445333e+01,1.821798826519269721e+00
5.695341526150328804e+01,1.318618140522995752e+00
5.697342097742212275e+01,1.768575015045687593e+00
5.699342669334095746e+01,1.542188848238125409e+00
5.701343240925979217e+01,1.674561249163714960e+00
5.703343812517862688e+01,1.675405264176104136e+00
5.705344384109746159e+01,1.951717483358468286e+00
5.707344955701629630e+01,1.850392172288243486e+00
5.709345527293512390e+01,1.477462340592464063e+00
5.711346098885395861e+01,2.515433804881881841e+00
5.713346670477279332e+01,2.071776368081200914e+00
5.715347242069162803e+01,2.652219581375109492e+00
5.717347813661046274e+01,2.426218055293535958e+00
5.719348385252929745e+01,1.917762331349148752e+00
5.721348956844813216e+01,2.186771550714441403e+00
5.723349528436696687e+01,3.155743212824934307e+00
5.725350100028580158e+01,2.862142035802752282e+00
5.727350671620462919e+01,2.212745359684583857e+00
5.729351243212346390e+01,3.010248237172102659e+00
5.731351814804229861e+01,2.326520852723401589e+00
5.733352386396113332e+01,2.961821221824686212e+00
5.735352957987996803e+01,4.144449200895820695e+00
5.737353529579880274e+01,3.806371976859768580e+00
5.739354101171763745e+01,4.228513228848590266e+00
5.741354672763647216e+01,4.902134158457834623e+00
5.743355244355530687e+01,4.652194182578186954e+00
5.745355815947414158e+01,4.571803478067188564e+00
5.747356387539296918e+01,5.173848950922703693e+00
5.749356959131180389e+01,5.225518721528126243e+00
5.751357530723063860e+01,5.064940515270339283e+00
5.753358102314947331e+01,5.978177926356188721e+00
5.755358673906830802e+01,6.706757651620510075e+00
5.757359245498714273e+01,6.241304767498774275e+00
5.759359817090597744e+01,6.943669731006484547e+00
5.761360388682481215e+01,7.135899490739267215e+00
5.763360960274364686e+01,7.974851003820426776e+00
5.765361531866247446e+01,7.579805953185896783e+00
5.767362103458130917e+01,9.245708464025623741e+00
5.769362675050014388e+01,8.102975928199033007e+00
5.771363246641897859e+01,8.301232430502480497e+00
5.773363818233781330e+01,8.899035958892293152e+00
5.775364389825664801e+01,9.391986959287436321e+00
5.777364961417548272e+01,9.663485272767921685e+00
5.779365533009431743e+01,9.524652512288694695e+00
5.781366104601315214e+01,9.139444017236582951e+00
5.783366676193197975e+01,9.296857890753258857e+00
5.785367247785081446e+01,9.872933527843967383e+00
5.787367819376964917e+01,9.284743831441765849e+00
5.789368390968848388e+01,8.900917400673245439e+00
5.791368962560731859e+01,8.595324997644837595e+00
5.793369534152615330e+01,8.656022386266993607e+00
5.795370105744498801e+01,7.627870801328990424e+00
5.797370677336382272e+01,7.639453050828230118e+00
5.799371248928265743e+01,6.633588801981165517e+00
5.801371820520149214e+01,6.263772540042985781e+00
5.803372392112031974e+01,5.459939200129697134e+00
5.805372963703915445e+01,5.709288833430846033e+00
5.807373535295798916e+01,5.788596169618002385e+00
5.809374106887682387e+01,5.347488622271711733e+00
5.811374678479565858e+01,4.895953549644509906e+00
5.813375250071449329e+01,4.681792390739118126e+00
5.815375821663332800e+01,4.489789831616262106e+00
5.817376393255216271e+01,5.075278148827125690e+00
5.819376964847099742e+01,5.243175684017414184e+00
5.821377536438982503e+01,4.855861357395971467e+00
5.823378108030865974e+01,6.198265794392940009e+00
5.825378679622749445e+01,5.914500208585588226e+00
5.827379251214632916e+01,6.375829961447005978e+00
5.829379822806516387e+01,7.526340666939797863e+00
5.831380394398399858e+01,7.448651708998990983e+00
5.833380965990283329e+01,8.363629729166618176e+00
5.835381537582166800e+01,9.377288525984432965e+00
5.837382109174050271e+01,9.677853928336897837e+00
5.839382680765933742e+01,1.084536817240798712e+01
5.841383252357816502e+01,1.114282435846143926e+01
5.843383823949699973e+01,1.171138520752956680e+01
5.845384395541583444e+01,1.311940998591345320e+01
5.847384967133466915e+01,1.324628146085157709e+01
5.849385538725350386e+01,1.397820636647412762e+01
5.851386110317233857e+01,1.400158816239459725e+01
5.853386681909117328e+01,1.503291023044375052e+01
5.855387253501000799e+01,1.499539101486714188e+01
5.857387825092884270e+01,1.601287448872675512e+01
5.859388396684767031e+01,1.464176524174415661e+01
5.861388968276650502e+01,1.543732589464817906e+01
5.863389539868533973e+01,1.524344073651645814e+01
5.865390111460417444e+01,1.470264031823860762e+01
5.867390683052300915e+01,1.463122326747312485e+01
5.869391254644184386e+01,1.340750627422327135e+01
5.871391826236067857e+01,1.282245388627513094e+01
5.873392397827951328e+01,1.245702144401057510e+01
5.875392969419834799e+01,1.087996823023890514e+01
5.877393541011717559e+01,1.007238806436169121e+01
5.879394112603601030e+01,9.688783363689950079e+00
5.881394684195484501e+01,8.950510625492922756e+00
5.883395255787367972e+01,9.145444540805847566e+00
5.885395827379251443e+01,7.729009811240533878e+00
5.887396398971134914e+01,6.726840023121161138e+00
5.889396970563018385e+01,6.220957950302999251e+00
5.891397542154901856e+01,5.724469102139731369e+00
5.893398113746785327e+01,4.614486294476002115e+00
5.895398685338668798e+01,4.976730995831037063e+00
5.897399256930551559e+01,3.997439321759090447e+00
5.899399828522435030e+01,3.781491291856660997e+00
5.901400400114318501e+01,4.155588964372570970e+00
5.903400971706201972e+01,2.655340555241678224e+00
5.905401543298085443e+01,3.152488327419406211e+00
5.907402114889968914e+01,3.573306247287230342e+00
5.909402686481852385e+01,3.085122460595854932e+00
5.911403258073735856e+01,2.776410696274493439e+00
5.913403829665619327e+01,2.339836774671480768e+00
5.915404401257502087e+01,2.182997602017473948e+00
5.917404972849385558e+01,2.229627620125262943e+00
5.919405544441269029e+01,2.153926444839456167e+00
5.921406116033152500e+01,2.123668260390816798e+00
5.923406687625035971e+01,2.339504672179689493e+00
5.925407259216919442e+01,1.128255578591818242e+00
5.927407830808802913e+01,2.202555432692721027e+00
5.929408402400686384e+01,1.435677461134095889e+00
5.931408973992569855e+01,2.056982995669394576e+00
5.933409545584453326e+01,2.519577197315320483e+00
5.935410117176336087e+01,2.011314650991577579e+00
5.937410688768219558e+01,2.240863697417610823e+00
5.939411260360103029e+01,1.928721312043697900e+00
5.941411831951986500e+01,2.380401380622734653e+00
5.943412403543869971e+01,1.342518154103133465e+00
5.945412975135753442e+01,2.509945033163671013e+00
5.947413546727636913e+01,1.893092898472111596e+00
5.949414118319520384e+01,1.708151475755129045e+00
5.951414689911403855e+01,1.715894389983747104e+00
5.953415261503286615e+01,1.703830419553616693e+00
5.955415833095170086e+01,2.084077827329825716e+00
5.957416404687053557e+01,1.256061178795914834e+00
5.959416976278937028e+01,1.512573908773411135e+00
5.961417547870820499e+01,8.058596620375566566e-01
5.963418119462703970e+01,1.695776183882557797e+00
5.965418691054587441e+01,2.515855286494440790e+00
5.967419262646470912e+01,1.637830288757144093e+00
5.969419834238354383e+01,2.049226242549647914e+00
5.971420405830237144e+01,2.080487995319614924e+00
5.973420977422120615e+01,2.696061325013410226e+00
5.975421549014004086e+01,1.719053657946289615e+00
5.977422120605887557e+01,2.487195966355424837e+00
5.979422692197771028e+01,3.044178552448165043e+00
5.981423263789654499e+01,2.862935720672826534e+00
5.983423835381537970e+01,3.099560324200691497e+00
5.985424406973421441e+01,2.338410735896953696e+00
5.987424978565304912e+01,2.881105374392923579e+00
5.989425550157188383e+01,2.794961572946571771e+00
5.991426121749071143e+01,3.510964001191243078e+00
5.993426693340954614e+01,2.453065427945516408e+00
5.995427264932838085e+01,3.029488223669676739e+00
5.997427836524721556e+01,3.873225815220390444e+00
5.999428408116605027e+01,2.675297655552673071e+00
6.001428979708488498e+01,3.196856375843795117e+00
6.003429551300371969e+01,3.024131779380620166e+00
6.005430122892255440e+01,3.404025255957836116e+00
6.007430694484138911e+01,3.223134484297150770e+00
6.009431266076021672e+01,2.317675519636072323e+00
6.011431837667905143e+01,2.077068550720921447e+00
6.013432409259788614e+01,2.159850956655237741e+00
6.015432980851672085e+01,2.186754317266912384e+00
6.017433552443555556e+01,1.803401616641410188e+00
6.019434124035439027e+01,2.579880434044229620e+00
6.021434695627322498e+01,2.507793343040031431e+00
6.023435267219205969e+01,1.340744840171402386e+00
6.025435838811089440e+01,1.653897052406477775e+00
6.027436410402972911e+01,1.570331078703475214e+00
6.029436981994855671e+01,1.775554936977973508e+00
6.031437553586739142e+01,1.768670791057664893e+00
6.033438125178622613e+01,1.757952465941324371e+00
6.035438696770506084e+01,1.723165836912614601e+00
6.037439268362389555e+01,1.634844972227579962e+00
6.039439839954273026e+01,2.211499359822671096e+00
6.041440411546156497e+01,1.558431873468226758e+00
6.043440983138039968e+01,8.652518910956200626e-01
6.045441554729923439e+01,1.944200968126859053e+00
6.047442126321806199e+01,1.482574746806909260e+00
6.049442697913689670e+01,6.905425065630544923e-01
6.051443269505573141e+01,1.722865923323743997e+00
6.053443841097456612e+01,1.970943410439815358e+00
6.055444412689340083e+01,1.244747674249386593e+00
6.057444984281223554e+01,1.606965623274194233e+00
6.059445555873107025e+01,1.723939760274883382e+00
6.061446127464990496e+01,1.749382133448400989e+00
6.063446699056873967e+01,2.652333443467094209e+00
6.065447270648756728e+01,2.676358941605113895e+00
6.067447842240640199e+01,2.670140494458677516e+00
6.069448413832523670e+01,2.018260000323473413e+00
6.071448985424407141e+01,3.057715601798248528e+00
6.073449557016290612e+01,2.626327048367110173e+00
6.075450128608174083e+01,3.192993838949917063e+00
6.077450700200057554e+01,3.465039994890060537e+00
6.079451271791941025e+01,3.222481358759753611e+00
6.081451843383824496e+01,4.328534629695663938e+00
6.083452414975707967e+01,4.610066571829884552e+00
6.085452986567590727e+01,3.735944045881974152e+00
6.087453558159474198e+01,4.173253165077478677e+00
6.089454129751357669e+01,4.759235232939776239e+00
6.091454701343241140e+01,5.177740045487873033e+00
6.093455272935124611e+01,4.547730871075133408e+00
6.095455844527008082e+01,5.518029142271005938e+00
6.097456416118891553e+01,5.444165523920774241e+00
6.099456987710775024e+01,5.566733371782504491e+00
6.101457559302658495e+01,5.442162299831024619e+00
6.103458130894541256e+01,5.450387429842173503e+00
6.105458702486424727e+01,5.958342210354565793e+00
6.107459274078308198e+01,5.543220081068879423e+00
6.109459845670191669e+01,4.789493696445391357e+00
6.111460417262075140e+01,4.441766860167292386e+00
6.113460988853958611e+01,4.139921869629677786e+00
6.115461560445842082e+01,4.507332812839894842e+00
6.117462132037725553e+01,4.762183824031529511e+00
6.119462703629609024e+01,4.074659861452504472e+00
6.121463275221492495e+01,4.068586516311814449e+00
6.123463846813375255e+01,4.135698980978091299e+00
6.125464418405258726e+01,4.352626989984438310e+00
6.127464989997142197e+01,3.923235403031244406e+00
6.129465561589025668e+01,3.874711904678477037e+00
6.131466133180909139e+01,3.560878597994673544e+00
6.133466704772792610e+01,4.091650346670006932e+00
6.135467276364676081e+01,3.628672177692364276e+00
6.137467847956559552e+01,3.823751847652880897e+00
6.139468419548443023e+01,3.314622101508698293e+00
6.141468991140325784e+01,4.039984875750358917e+00
6.143469562732209255e+01,4.078536682354778620e+00
6.145470134324092726e+01,3.331148877745396142e+00
6.147470705915976197e+01,3.675361111063685460e+00
6.149471277507859668e+01,3.590744402741916641e+00
6.151471849099743139e+01,3.640933825982278993e+00
6.153472420691626610e+01,3.473889125284000290e+00
6.155472992283510081e+01,3.298749191378483658e+00
6.157473563875393552e+01,3.363971319227564649e+00
6.159474135467276312e+01,3.423342039877391052e+00
6.161474707059159783e+01,2.724582549233918627e+00
6.163475278651043254e+01,3.704464679527866622e+00
6.165475850242926725e+01,3.049818755219567024e+00
6.167476421834810196e+01,2.862912092362154493e+00
6.169476993426693667e+01,2.479185483228454334e+00
6.171477565018577138e+01,2.761888862913293607e+00
6.173478136610460609e+01,3.093628259742181363e+00
6.175478708202344080e+01,4.144125778173432195e+00
6.177479279794227551e+01,4.385555281833461549e+00
6.179479851386110312e+01,4.104739892724918349e+00
6.181480422977993783e+01,3.604201695842525588e+00
6.183480994569877254e+01,4.428240173164827986e+00
6.185481566161760725e+01,4.257512003578819204e+00
6.187482137753644196e+01,5.043744259350396497e+00
6.189482709345527667e+01,5.443555638157594245e+00
6.191483280937411138e+01,5.558355639727776243e+00
6.193483852529294609e+01,5.489490250063725263e+00
6.195484424121178080e+01,5.441191005539224079e+00
6.197484995713060840e+01,6.420933466132785483e+00
6.199485567304944311e+01,7.003052639566286430e+00
6.201486138896827782e+01,8.058868164399799028e+00
6.203486710488711253e+01,7.471323272970102458e+00
6.205487282080594724e+01,8.363425036077613228e+00
6.207487853672478195e+01,8.386827586613618379e+00
6.209488425264361666e+01,8.100566503232556670e+00
6.211488996856245137e+01,8.917072580055608100e+00
6.213489568448128608e+01,8.062942968028457003e+00
6.215490140040011369e+01,8.580262080215682374e+00
6.217490711631894840e+01,8.577632289944668642e+00
6.219491283223778311e+01,8.481353393037444732e+00
6.221491854815661782e+01,8.822444827668260103e+00
6.223492426407545253e+01,8.879563036796803033e+00
6.225492997999428724e+01,8.743169611877711134e+00
6.227493569591312195e+01,8.150297671575279068e+00
6.229494141183195666e+01,9.225702852150305944e+00
6.231494712775079137e+01,9.820623354775584346e+00
6.233495284366962608e+01,1.014612969945929777e+01
6.235495855958845368e+01,9.692013469282326099e+00
6.237496427550728839e+01,1.073630072762183829e+01
6.239496999142612310e+01,1.123195943048446566e+01
6.241497570734495781e+01,1.014981967503545057e+01
6.243498142326379252e+01,1.087750808050925144e+01
6.245498713918262723e+01,1.124177746833764502e+01
6.247499285510146194e+01,1.143282554499506176e+01
6.249499857102029665e+01,1.152606856905047472e+01
6.251500428693913136e+01,1.169659825446371748e+01
6.253501000285795897e+01,1.227339887043756050e+01
6.255501571877679368e+01,1.181073356908138017e+01
6.257502143469562839e+01,1.129117938531941157e+01
6.259502715061446310e+01,1.144819732331357187e+01
6.261503286653329781e+01,9.361541070922740460e+00
6.263503858245213252e+01,9.777117499763324560e+00
6.265504429837096723e+01,8.107791470227839525e+00
6.267505001428980194e+01,8.375139263419876912e+00
6.269505573020863665e+01,7.470296825550219566e+00
6.271506144612747136e+01,6.694583254546769169e+00
6.273506716204629896e+01,6.316887781803581348e+00
6.275507287796513367e+01,5.124444987614010572e+00
6.277507859388396838e+01,5.534498936410968462e+00
6.279508430980280309e+01,4.422591942558987910e+00
6.281509002572163780e+01,4.782101534266019804e+00
6.283509574164047251e+01,3.778068889697350219e+00
6.285510145755930722e+01,3.335562832026254476e+00
6.287510717347814193e+01,3.561000603189063973e+00
6.289511288939697664e+01,2.676549822498770936e+00
6.291511860531580425e+01,3.326035514889589706e+00
6.293512432123463896e+01,3.000380431756161759e+00
6.295513003715347367e+01,3.002395899350966513e+00
6.297513575307230838e+01,3.146905958625101363e+00
6.299514146899114309e+01,2.842645415473232795e+00
6.301514718490997780e+01,2.306837902715896060e+00
6.303515290082881251e+01,2.463287732975054212e+00
6.305515861674764722e+01,1.805977295777103864e+00
6.307516433266648193e+01,2.306468437993415055e+00
6.309517004858530953e+01,3.132646853717543145e+00
6.311517576450414424e+01,2.876009802055552900e+00
6.313518148042297895e+01,2.984864195403178933e+00
6.315518719634181366e+01,2.250740952442438214e+00
6.317519291226064837e+01,3.116056873917733228e+00
6.319519862817948308e+01,3.352665442410465158e+00
6.321520434409831779e+01,3.725075249607122885e+00
6.323521006001715250e+01,3.124225650429839796e+00
6.325521577593598721e+01,4.068327907212157868e+00
6.327522149185482192e+01,3.178826215863217008e+00
6.329522720777364952e+01,3.611060103846920999e+00
6.331523292369248423e+01,3.646536518076650690e+00
6.333523863961131894e+01,3.936589686935125343e+00
6.335524435553015365e+01,3.455706783822016792e+00
6.337525007144898836e+01,3.768036854866855911e+00
6.339525578736782307e+01,4.313770629479228624e+00
6.341526150328665778e+01,2.832880236849710354e+00
6.343526721920549249e+01,4.436560584402642782e+00
6.345527293512432720e+01,3.271550614452734429e+00
6.347527865104315481e+01,3.097431323516847801e+00
6.349528436696198952e+01,3.786537518360462595e+00
6.351529008288082423e+01,2.578562608558964353e+00
6.353529579879965894e+01,3.047695938674228611e+00
6.355530151471849365e+01,2.931641016949923184e+00
6.357530723063732836e+01,2.599904921517192324e+00
6.359531294655616307e+01,3.100707491194371279e+00
6.361531866247499778e+01,2.562172689643030576e+00
6.363532437839383249e+01,2.635479595727620694e+00
6.365533009431266720e+01,2.208186830931112343e+00
6.367533581023149480e+01,2.930048224375744859e+00
6.369534152615032951e+01,2.201535485725739871e+00
6.371534724206916422e+01,2.841570438086928441e+00
6.373535295798799893e+01,3.773556939630775098e+00
6.375535867390683364e+01,2.168963075369633842e+00
6.377536438982566835e+01,2.792492218000478754e+00
6.379537010574450306e+01,2.507417203407548811e+00
6.381537582166333777e+01,2.272665554884004457e+00
6.383538153758217248e+01,2.307907725801401355e+00
6.385538725350100009e+01,2.875290532454886971e+00
6.387539296941983480e+01,3.525664946847383074e+00
6.389539868533866951e+01,2.310131592550285440e+00
6.391540440125750422e+01,2.773593672339187854e+00
6.393541011717633893e+01,2.826770158944893030e+00
6.395541583309517364e+01,1.922209587730119962e+00
6.397542154901400835e+01,1.973772458804950780e+00
6.399542726493284306e+01,1.974146390487889535e+00
6.401543298085167066e+01,2.117125351417985968e+00
6.403543869677051248e+01,2.382067064983933946e+00
6.405544441268934008e+01,1.563085778205468124e+00
6.407545012860816769e+01,2.407549296423571406e+00
6.409545584452700950e+01,1.386688412309517338e+00
6.411546156044585132e+01,2.189810202895464020e+00
6.413546727636467892e+01,8.235649914751561607e-01
6.415547299228350653e+01,1.767850266723830721e+00
6.417547870820234834e+01,1.708742133369951066e+00
6.419548442412119016e+01,7.702026806200071851e-01
6.421549014004001776e+01,2.051399185400661906e+00
6.423549585595884537e+01,5.793916286054907605e-01
6.425550157187768718e+01,5.628766436172665255e-01
6.427550728779651479e+01,1.046400996343243017e+00
6.429551300371534239e+01,1.473057994852605912e+00
6.431551871963418421e+01,1.892268430891366204e+00
6.433552443555302602e+01,1.447361050531969617e+00
6.435553015147185363e+01,1.576401262437090445e+00
6.437553586739068123e+01,9.729736685749946767e-01
6.439554158330952305e+01,2.008466280742109866e+00
6.441554729922835065e+01,1.076153291206188634e+00
6.443555301514717826e+01,1.015877604229636466e+00
6.445555873106602007e+01,1.191201019648917780e+00
6.447556444698486189e+01,1.416209055733969269e+00
6.449557016290368949e+01,1.200101311849713026e+00
6.451557587882251710e+01,1.647730613164207991e+00
6.453558159474135891e+01,1.323605020649886832e+00
6.455558731066020073e+01,1.848679081906655641e+00
6.457559302657902833e+01,1.321338646430468611e+00
6.459559874249785594e+01,2.204339981705020435e+00
6.461560445841669775e+01,5.272638109627425518e-01
6.463561017433552536e+01,1.630907843362519039e+00
6.465561589025435296e+01,2.094683157146155494e+00
6.467562160617319478e+01,1.363560884025226017e+00
6.469562732209203659e+01,2.124947477880631652e+00
6.471563303801086420e+01,1.589424396847392895e+00
6.473563875392969180e+01,1.671841252333576833e+00
6.475564446984853362e+01,1.384718992574764052e+00
6.477565018576737543e+01,2.229801964402574832e+00
6.479565590168618883e+01,1.987091516171243910e+00
6.481566161760503064e+01,2.086796188462102464e+00
6.483566733352387246e+01,1.590901431426876567e+00
6.485567304944270006e+01,1.526558316871761356e+00
6.487567876536152767e+01,1.802198957469933305e+00
6.489568448128036948e+01,1.195061799000761482e+00
6.491569019719921130e+01,1.959700456792770717e+00
6.493569591311803890e+01,2.206387766359933611e+00
6.495570162903686651e+01,1.872682732124507865e+00
6.497570734495570832e+01,1.643026191365657862e+00
6.499571306087453593e+01,2.194953458962992432e+00
6.501571877679336353e+01,2.113391238823606244e+00
6.503572449271220535e+01,2.278500769271234017e+00
6.505573020863104716e+01,1.814520939550286371e+00
6.507573592454987477e+01,2.825064436729304518e+00
6.509574164046870237e+01,2.066185368585498505e+00
6.511574735638754419e+01,1.878587365582761404e+00
6.513575307230638600e+01,2.696156985894105240e+00
6.515575878822521361e+01,2.984760054070402902e+00
6.517576450414404121e+01,3.268491661480970922e+00
6.519577022006288303e+01,2.774234137684055135e+00
6.521577593598171063e+01,2.754977484366119889e+00
6.523578165190053824e+01,4.117224819328840546e+00
6.525578736781938005e+01,3.877902277251318530e+00
6.527579308373822187e+01,4.540347027167838334e+00
6.529579879965704947e+01,4.110050294482363142e+00
6.531580451557587708e+01,5.023531029132148440e+00
6.533581023149471889e+01,4.766859153181918884e+00
6.535581594741354650e+01,5.554154062685113580e+00
6.537582166333237410e+01,5.639809565436860517e+00
6.539582737925121592e+01,6.781849139272182470e+00
6.541583309517005773e+01,7.144077148480262984e+00
6.543583881108888534e+01,8.024153267096314934e+00
6.545584452700771294e+01,7.746448189177284505e+00
6.547585024292655476e+01,8.589109747581630927e+00
6.549585595884539657e+01,7.616465372258643285e+00
6.551586167476422418e+01,7.768161378694828478e+00
6.553586739068305178e+01,8.754744375404982293e+00
6.555587310660189360e+01,8.909324761962476913e+00
6.557587882252072120e+01,8.815877488814136242e+00
6.559588453843954881e+01,9.752419273521017118e+00
6.561589025435839062e+01,1.011979022966164976e+01
6.563589597027723244e+01,9.782293732175610046e+00
6.565590168619606004e+01,9.270333547761495652e+00
6.567590740211488765e+01,1.003188435531215994e+01
6.569591311803372946e+01,9.591578725663435279e+00
6.571591883395257128e+01,9.425047058109322862e+00
6.573592454987138467e+01,9.066931382456346000e+00
6.575593026579022649e+01,9.256500042010078033e+00
6.577593598170906830e+01,9.174726470610764295e+00
6.579594169762789591e+01,8.470581232837641750e+00
6.581594741354672351e+01,8.195049803011116296e+00
6.583595312946556533e+01,7.599955281999340784e+00
6.585595884538440714e+01,7.210649522418719037e+00
6.587596456130323475e+01,5.758276320964806239e+00
6.589597027722206235e+01,6.164857576353547586e+00
6.591597599314090417e+01,5.556263571912674948e+00
6.593598170905973177e+01,5.264149719921865866e+00
6.595598742497855937e+01,3.908596161757516896e+00
6.597599314089740119e+01,3.767087135726087777e+00
6.599599885681624301e+01,3.323658760944533164e+00
6.601600457273507061e+01,3.097132014628502628e+00
6.603601028865389821e+01,2.658615579879676005e+00
6.605601600457274003e+01,2.195974982000751474e+00
6.607602172049158185e+01,2.264058314855769360e+00
6.609602743641040945e+01,2.402279895804981358e+00
6.611603315232923705e+01,1.915957527789571735e+00
6.613603886824807887e+01,2.422511208282830175e+00
6.615604458416690647e+01,1.503868685706758690e+00
6.617605030008573408e+01,2.312958503756886941e+00
6.619605601600457589e+01,1.545289560469007339e+00
6.621606173192341771e+01,1.368991724167202273e+00
6.623606744784224531e+01,1.959904350311071131e+00
6.625607316376107292e+01,2.145572323251242697e+00
6.627607887967991473e+01,2.170818747937840243e+00
6.629608459559874234e+01,1.081122543236767264e+00
6.631609031151756994e+01,2.161004397291296009e+00
6.633609602743641176e+01,1.849203788131853710e+00
6.635610174335525357e+01,2.033913815410853587e+00
6.637610745927408118e+01,1.382482885609861656e+00
6.639611317519290878e+01,8.338102023740019408e-01
6.641611889111175060e+01,1.610843050933154830e+00
6.643612460703059241e+01,9.930458486392796935e-01
6.645613032294942002e+01,1.806325358255874480e+00
6.647613603886824762e+01,1.749926913569806342e+00
6.649614175478708944e+01,6.823819675070427193e-01
6.651614747070591704e+01,1.517617946143834828e+00
6.653615318662474465e+01,1.772255496111431849e+00
6.655615890254358646e+01,9.379677247805273677e-01
6.657616461846242828e+01,5.254353467625463292e-01
6.659617033438125588e+01,1.218414415071225054e+00
6.661617605030008349e+01,1.235409124129480007e+00
6.663618176621892530e+01,1.197762602259970333e+00
6.665618748213776712e+01,1.276273348978200772e+00
6.667619319805658051e+01,7.704768474018115487e-01
6.669619891397542233e+01,9.935130956009110559e-01
6.671620462989426414e+01,8.985604447486913449e-01
6.673621034581309175e+01,1.208868642065849652e+00
6.675621606173191935e+01,1.177073426650732557e+00
6.677622177765076117e+01,1.564273348272109398e+00
6.679622749356960298e+01,7.001304229617122399e-01
6.681623320948843059e+01,1.056612706210477537e+00
6.683623892540725819e+01,1.091910065748235681e+00
6.685624464132610001e+01,1.229961189506201036e+00
6.687625035724492761e+01,1.562531739568946865e+00
6.689625607316375522e+01,1.731046002230172576e+00
6.691626178908259703e+01,1.180614680493661695e+00
6.693626750500143885e+01,1.891191846518045061e+00
6.695627322092026645e+01,2.024477775619263120e+00
6.697627893683909406e+01,2.915589859111810789e+00
6.699628465275793587e+01,2.332188079197469399e+00
6.701629036867677769e+01,2.206375432863922015e+00
6.703629608459560529e+01,2.449267941948638949e+00
6.705630180051443290e+01,2.270015185953733639e+00
6.707630751643327471e+01,1.787774728167377702e+00
6.709631323235210232e+01,2.727566145304261447e+00
6.711631894827092992e+01,2.011821443553321931e+00
6.713632466418977174e+01,1.690896103950097373e+00
6.715633038010861355e+01,1.433672491555288531e+00
6.717633609602744116e+01,1.748921146570223017e+00
6.719634181194626876e+01,2.680015978131758292e+00
6.721634752786511058e+01,2.342788808352537444e+00
6.723635324378393818e+01,1.719389022013227963e+00
6.725635895970276579e+01,1.424393418474574569e+00
6.727636467562160760e+01,1.947517388737923794e+00
6.729637039154044942e+01,1.844435649283558964e+00
6.731637610745927702e+01,1.902908016661946089e+00
6.733638182337810463e+01,9.023867402732788090e-01
6.735638753929694644e+01,1.123731782525199563e+00
6.737639325521578826e+01,2.070168531747929030e+00
6.739639897113461586e+01,1.290373226551354557e+00
6.741640468705344347e+01,5.233246286657513568e-01
6.743641040297228528e+01,2.000918408661358061e+00
6.745641611889111289e+01,1.932647695951885014e+00
6.747642183480994049e+01,1.574953137963760685e+00
6.749642755072878231e+01,1.999345384222082078e+00
6.751643326664762412e+01,1.629142204333052568e+00
6.753643898256645173e+01,1.333043653187223843e+00
6.755644469848527933e+01,1.065798958759177406e+00
6.757645041440412115e+01,6.494361797877826747e-01
6.759645613032296296e+01,1.893265748536816062e+00
6.761646184624177636e+01,1.093548765660689037e+00
6.763646756216061817e+01,2.181358601740215342e+00
6.765647327807945999e+01,1.786515425763671061e+00
6.767647899399828759e+01,1.209852115638464731e+00
6.769648470991711520e+01,1.063983465814592799e+00
6.771649042583595701e+01,1.469115550532340109e+00
6.773649614175479883e+01,1.005236329470611034e+00
6.775650185767362643e+01,9.471511758950990068e-01
6.777650757359245404e+01,1.648093412330382979e+00
6.779651328951129585e+01,1.885698867440414261e+00
6.781651900543012346e+01,1.859429930831189903e+00
6.783652472134895106e+01,1.380571175990273458e+00
6.785653043726779288e+01,8.538857392594816353e-01
6.787653615318663469e+01,1.613680808106677356e+00
6.789654186910546230e+01,1.348332178186284480e+00
6.791654758502428990e+01,8.715223339051907381e-01
6.793655330094313172e+01,9.245783235128673949e-01
6.795655901686197353e+01,2.317674051032503790e+00
6.797656473278080114e+01,1.890611903238059721e+00
6.799657044869962874e+01,2.173789352338160619e+00
6.801657616461847056e+01,2.135103006260357983e+00
6.803658188053729816e+01,1.734678794715595274e+00
6.805658759645612577e+01,2.334356271292792329e+00
6.807659331237496758e+01,1.885110909923313871e+00
6.809659902829380940e+01,2.108339114932419101e+00
6.811660474421263700e+01,2.891464256859772597e+00
6.813661046013146461e+01,2.754853893223896399e+00
6.815661617605030642e+01,3.295273561746836499e+00
6.817662189196913403e+01,2.784404196204599558e+00
6.819662760788796163e+01,2.931373590328491652e+00
6.821663332380680345e+01,2.278087675588142957e+00
6.823663903972564526e+01,2.646869795500458089e+00
6.825664475564447287e+01,2.356648074429711137e+00
6.827665047156330047e+01,2.828668685504986069e+00
6.829665618748214229e+01,2.837114446251770339e+00
6.831666190340098410e+01,2.475790128269985679e+00
6.833666761931981171e+01,2.340548744308178719e+00
6.835667333523863931e+01,1.593550932866633740e+00
6.837667905115748113e+01,2.083286622565893254e+00
6.839668476707630873e+01,3.031229595416759182e+00
6.841669048299513634e+01,2.387419702983578418e+00
6.843669619891397815e+01,2.464092127813651611e+00
6.845670191483281997e+01,2.220983607339306332e+00
6.847670763075164757e+01,2.349801423400789790e+00
6.849671334667047518e+01,2.764061822331630225e+00
6.851671906258931699e+01,3.166935199580094729e+00
6.853672477850815881e+01,2.679986219578848861e+00
6.855673049442697220e+01,3.090147441217518498e+00
6.857673621034581402e+01,3.453871845565680498e+00
6.859674192626465583e+01,2.663068677057154332e+00
6.861674764218348344e+01,3.778401883728480737e+00
6.863675335810231104e+01,2.791456747211241485e+00
6.865675907402115286e+01,3.022341771232121665e+00
6.867676478993999467e+01,3.074579089920544295e+00
6.869677050585882228e+01,3.823201006005476188e+00
6.871677622177764988e+01,3.326073125179766610e+00
6.873678193769649170e+01,3.822758772338865629e+00
6.875678765361531930e+01,3.961801924547024178e+00
6.877679336953414690e+01,4.455525929432391230e+00
6.879679908545298872e+01,3.253737198004240661e+00
6.881680480137183054e+01,3.716921586999891058e+00
6.883681051729065814e+01,4.152401165849088471e+00
6.885681623320948574e+01,4.357912943759180813e+00
6.887682194912832756e+01,3.774447622735448427e+00
6.889682766504716938e+01,4.100220655519856372e+00
6.891683338096599698e+01,5.172932031660096186e+00
6.893683909688482458e+01,4.381136567595424580e+00
6.895684481280366640e+01,5.653098128684164614e+00
6.897685052872249400e+01,4.526632911129981451e+00
6.899685624464132161e+01,5.600954613860972486e+00
6.901686196056016342e+01,6.274392560922141371e+00
6.903686767647900524e+01,5.894906932395787003e+00
6.905687339239783284e+01,6.492459748187219049e+00
6.907687910831666045e+01,6.709472658506813403e+00
6.909688482423550226e+01,5.700377762656277270e+00
6.911689054015432987e+01,7.374244454242383284e+00
6.913689625607315747e+01,6.348042782974689935e+00
6.915690197199199929e+01,7.214186896265045057e+00
6.917690768791084110e+01,7.653705236897190289e+00
6.919691340382966871e+01,8.430877564206177510e+00
6.921691911974849631e+01,8.470599731182241854e+00
6.923692483566733813e+01,8.603788157723423424e+00
6.925693055158617994e+01,7.821322855406399377e+00
6.927693626750500755e+01,9.171790262736676524e+00
6.929694198342383515e+01,9.211620451462129822e+00
6.931694769934267697e+01,9.206065774146269476e+00
6.933695341526150457e+01,9.735197581163268055e+00
6.935695913118033218e+01,8.863846220703845091e+00
6.937696484709917399e+01,9.369020446503188992e+00
6.939697056301801581e+01,9.033539572143975960e+00
6.941697627893684341e+01,9.635639374237555899e+00
6.943698199485567102e+01,9.645657972194493723e+00
6.945698771077451283e+01,9.428857449317284534e+00
6.947699342669335465e+01,9.248001461765445796e+00
6.949699914261216804e+01,8.031765481219293790e+00
6.951700485853100986e+01,8.304123575305096594e+00
6.953701057444985167e+01,8.475404725612269985e+00
6.955701629036867928e+01,7.177922331421964230e+00
6.957702200628750688e+01,6.769041565480206302e+00
6.959702772220634870e+01,6.129372036241491628e+00
6.961703343812519051e+01,6.423463420328733520e+00
6.963703915404401812e+01,5.538669425592845030e+00
6.965704486996284572e+01,5.349617156433016163e+00
6.967705058588168754e+01,4.462266173396902680e+00
6.969705630180051514e+01,4.206334889507847841e+00
6.971706201771934275e+01,4.711307615442553498e+00
6.973706773363818456e+01,3.910355029189666709e+00
6.975707344955702638e+01,3.800182326105924879e+00
6.977707916547585398e+01,4.016247145968506516e+00
6.979708488139468159e+01,3.827141032014132804e+00
6.981709059731352340e+01,3.383198374978774403e+00
6.983709631323236522e+01,2.659262366850454917e+00
6.985710202915119282e+01,2.934770615374995728e+00
6.987710774507002043e+01,3.548848523468778549e+00
6.989711346098886224e+01,2.814587058220826332e+00
6.991711917690768985e+01,3.686252118430306091e+00
6.993712489282651745e+01,3.310246654786441756e+00
6.995713060874535927e+01,3.591187975787033970e+00
6.997713632466420108e+01,3.873487942928767858e+00
6.999714204058302869e+01,3.562314207313777459e+00
7.001714775650185629e+01,4.232900294672839792e+00
7.003715347242069811e+01,4.640777820802256315e+00
7.005715918833952571e+01,4.815673562059253676e+00
7.007716490425835332e+01,4.729402691474014375e+00
7.009717062017719513e+01,5.622245460542625750e+00
7.011717633609603695e+01,5.257792474617267509e+00
7.013718205201486455e+01,5.198360327828248195e+00
7.015718776793369216e+01,5.926341659287631458e+00
7.017719348385253397e+01,5.911623493244273497e+00
7.019719919977137579e+01,6.070601421901791639e+00
7.021720491569020339e+01,5.637301700756561118e+00
7.023721063160903100e+01,5.770189271415405052e+00
7.025721634752787281e+01,6.088140003669735734e+00
7.027722206344670042e+01,5.481866122946192021e+00
7.029722777936552802e+01,5.083310134111440171e+00
7.031723349528436984e+01,5.142877114104641656e+00
7.033723921120321165e+01,4.572793887648211708e+00
7.035724492712203926e+01,4.330619962805008605e+00
7.037725064304086686e+01,4.321545753782379151e+00
7.039725635895970868e+01,4.180293944193968159e+00
7.041726207487855049e+01,4.026751370231538729e+00
7.043726779079736389e+01,4.632312103912752832e+00
7.045727350671620570e+01,4.148199795819762059e+00
7.047727922263504752e+01,3.562917698253784682e+00
7.049728493855387512e+01,3.010867235197348446e+00
7.051729065447270273e+01,4.194351627870461563e+00
7.053729637039154454e+01,3.304646442583038191e+00
7.055730208631038636e+01,2.563467565221097644e+00
7.057730780222921396e+01,3.068827408878883389e+00
7.059731351814804157e+01,3.506680883487161893e+00
7.061731923406688338e+01,3.135005780590605085e+00
7.063732494998571099e+01,3.221574336250884407e+00
7.065733066590453859e+01,2.703702703987424183e+00
7.067733638182338041e+01,3.241293888047071192e+00
7.069734209774222222e+01,2.904446530528358661e+00
7.071734781366104983e+01,2.802167813532795204e+00
7.073735352957987743e+01,2.694131212927721286e+00
7.075735924549871925e+01,2.160856764914423245e+00
7.077736496141756106e+01,2.000107022496586229e+00
7.079737067733638867e+01,2.074485284316705869e+00
7.081737639325521627e+01,2.103524755248565636e+00
7.083738210917405809e+01,1.282646144719312709e+00
7.085738782509288569e+01,1.547132144258170694e+00
7.087739354101171330e+01,1.599998484967647405e+00
7.089739925693055511e+01,2.215689625240065741e+00
7.091740497284939693e+01,2.136173366771386917e+00
7.093741068876822453e+01,2.040974005091358734e+00
7.095741640468705214e+01,1.348133600908192786e+00
7.097742212060589395e+01,1.565627237892313506e+00
7.099742783652472156e+01,1.845011628381299840e+00
7.101743355244354916e+01,2.063403700332851809e+00
7.103743926836239098e+01,2.156422433093896807e+00
7.105744498428123279e+01,1.922718461853711647e+00
7.107745070020006040e+01,2.004890399364147591e+00
7.109745641611888800e+01,1.859273252902680973e+00
7.111746213203772982e+01,1.996510762948525475e+00
7.113746784795657163e+01,2.981093233949067667e+00
7.115747356387539924e+01,2.448536938526706841e+00
7.117747927979422684e+01,2.784030552343546461e+00
7.119748499571306866e+01,2.349572611913854026e+00
7.121749071163189626e+01,1.727126839275984427e+00
7.123749642755072387e+01,1.960731394389518600e+00
7.125750214346956568e+01,2.974853420261099224e+00
7.127750785938840750e+01,2.913796962574294547e+00
7.129751357530723510e+01,2.492765445438728911e+00
7.131751929122606271e+01,3.004686187443594836e+00
7.133752500714490452e+01,2.282826599430851644e+00
7.135753072306374634e+01,3.117257386980207379e+00
7.137753643898255973e+01,3.236890899813755773e+00
7.139754215490140155e+01,2.818848478189041273e+00
7.141754787082024336e+01,4.182442167210290052e+00
7.143755358673907097e+01,3.931361224732435211e+00
7.145755930265789857e+01,4.369263098395484768e+00
7.147756501857674039e+01,4.587561079581675472e+00
7.149757073449558220e+01,5.269972165945288722e+00
7.151757645041440981e+01,5.441878800248248105e+00
7.153758216633323741e+01,5.892257199049673488e+00
7.155758788225207923e+01,6.303486838854887253e+00
7.157759359817090683e+01,6.387427269890251225e+00
7.159759931408973443e+01,6.601614014590035495e+00
7.161760503000857625e+01,7.435625462543217878e+00
7.163761074592741807e+01,7.027666398925811464e+00
7.165761646184624567e+01,7.776996354423962643e+00
7.167762217776507327e+01,7.909435203838853568e+00
7.169762789368391509e+01,7.679915609513148667e+00
7.171763360960275691e+01,7.498270689645114118e+00
7.173763932552158451e+01,8.034110003992989135e+00
7.175764504144041211e+01,8.710593204331642525e+00
7.177765075735925393e+01,8.010412471544713142e+00
7.179765647327808153e+01,8.056031084084052551e+00
7.181766218919690914e+01,7.323760725557365348e+00
7.183766790511575095e+01,7.462917415635832441e+00
7.185767362103459277e+01,6.952908186333477403e+00
7.187767933695342037e+01,6.461450775649162814e+00
7.189768505287224798e+01,5.941042432141694363e+00
7.191769076879108979e+01,6.442947350266018169e+00
7.193769648470991740e+01,6.110471944335634120e+00
7.195770220062874500e+01,5.421823730147222520e+00
7.197770791654758682e+01,5.157370849706817140e+00
7.199771363246642863e+01,4.725055216449084661e+00
7.201771934838525624e+01,4.362589005030866218e+00
7.203772506430408384e+01,5.029563277197224735e+00
7.205773078022292566e+01,4.326936610937814898e+00
7.207773649614176747e+01,4.441940362963398670e+00
7.209774221206059508e+01,4.355467936739531254e+00
7.211774792797942268e+01,4.425174790205303132e+00
7.213775364389826450e+01,3.675543902815166852e+00
7.215775935981709210e+01,3.579006728339058085e+00
7.217776507573591971e+01,3.564618532864082034e+00
7.219777079165476152e+01,2.807550790250450845e+00
7.221777650757360334e+01,3.947731813801775402e+00
7.223778222349243094e+01,3.218611593657319858e+00
7.225778793941125855e+01,3.785576571233212562e+00
7.227779365533010036e+01,2.480640196322398072e+00
7.229779937124894218e+01,2.436861001561613449e+00
7.231780508716775557e+01,2.950738831889707647e+00
7.233781080308659739e+01,2.244820051907156611e+00
7.235781651900543920e+01,3.440735216866948942e+00
7.237782223492426681e+01,2.875003106604856917e+00
7.239782795084309441e+01,3.436261199897593599e+00
7.241783366676193623e+01,3.249501833797522998e+00
7.243783938268077804e+01,2.818989022591000371e+00
7.245784509859960565e+01,2.045771669616966548e+00
7.247785081451843325e+01,2.327637633098232683e+00
7.249785653043727507e+01,2.266650273994621489e+00
7.251786224635610267e+01,3.173678333809079710e+00
7.253786796227493028e+01,2.101650562054858895e+00
7.255787367819377209e+01,3.334014385901067801e+00
7.257787939411261391e+01,3.119719275067673880e+00
7.259788511003144151e+01,3.064537619148831826e+00
7.261789082595026912e+01,2.489715230132568902e+00
7.263789654186911093e+01,2.360616951099654415e+00
7.265790225778795275e+01,2.055449174640292309e+00
7.267790797370678035e+01,1.677358443814193301e+00
7.269791368962560796e+01,2.287749763967473093e+00
7.271791940554444977e+01,2.366860505464534636e+00
7.273792512146327738e+01,1.029977568589588666e+00
7.275793083738210498e+01,2.593871779548560852e+00
7.277793655330094680e+01,1.465460843155340420e+00
7.279794226921978861e+01,2.277643437391635217e+00
7.281794798513861622e+01,1.326495736851563301e+00
7.283795370105744382e+01,1.955048986438622904e+00
7.285795941697628564e+01,1.553308479443073153e+00
7.287796513289511324e+01,1.731392305960659961e+00
7.289797084881394085e+01,1.737631162331081391e+00
7.291797656473278266e+01,1.341125693719679823e+00
7.293798228065162448e+01,1.262141781914283278e+00
7.295798799657045208e+01,1.627387161862886344e+00
7.297799371248927969e+01,1.440727206483240153e+00
7.299799942840812150e+01,1.768982644120405734e+00
7.301800514432696332e+01,1.937647507609007835e+00
7.303801086024579092e+01,1.240124011553894512e+00
7.305801657616461853e+01,1.557724786913503134e+00
7.307802229208346034e+01,2.013693854883466194e+00
7.309802800800228795e+01,1.037049464801820031e+00
7.311803372392111555e+01,2.365795102103358083e+00
7.313803943983995737e+01,1.957953631967938701e+00
7.315804515575879918e+01,2.006854616530557855e+00
7.317805087167762679e+01,1.624406401369503872e+00
7.319805658759645439e+01,1.342189529689386651e+00
7.321806230351529621e+01,1.820353769815965750e+00
7.323806801943413802e+01,2.520644765833286449e+00
7.325807373535295142e+01,2.411708739175702831e+00
7.327807945127179323e+01,2.440966904839150242e+00
7.329808516719063505e+01,2.812018785595597592e+00
7.331809088310946265e+01,2.956871448879205388e+00
7.333809659902829026e+01,2.784761250223079632e+00
7.335810231494713207e+01,2.976796066789587414e+00
7.337810803086597389e+01,2.448142384777260538e+00
7.339811374678480149e+01,2.821171807278823884e+00
7.341811946270362910e+01,3.268120936649018482e+00
7.343812517862247091e+01,2.727776904557570603e+00
7.345813089454129852e+01,3.546020691719736107e+00
7.347813661046012612e+01,2.111246943594253800e+00
7.349814232637896794e+01,2.741520350786812887e+00
7.351814804229780975e+01,2.551775888188207109e+00
7.353815375821663736e+01,2.602824703863053202e+00
7.355815947413546496e+01,2.864817365118329295e+00
7.357816519005430678e+01,3.297498793853293364e+00
7.359817090597314859e+01,2.158126816424772887e+00
7.361817662189197620e+01,2.857933339481940394e+00
7.363818233781080380e+01,2.378400081197121096e+00
7.365818805372964562e+01,2.391944730637863614e+00
7.367819376964847322e+01,2.241741355042968564e+00
7.369819948556730083e+01,2.412372619027991050e+00
7.371820520148614264e+01,1.922139593258762602e+00
7.373821091740498446e+01,1.937014775857492932e+00
7.375821663332381206e+01,2.170034129832542291e+00
7.377822234924263967e+01,1.807798378290762287e+00
7.379822806516148148e+01,1.657903806518683520e+00
7.381823378108030909e+01,2.364725423176247787e+00
7.383823949699913669e+01,2.574445547949746338e+00
7.385824521291797851e+01,2.586421313485623763e+00
7.387825092883682032e+01,2.865440771524212948e+00
7.389825664475564793e+01,2.517235372122920811e+00
7.391826236067447553e+01,2.733151347220763139e+00
7.393826807659331735e+01,2.807743295022689267e+00
7.395827379251215916e+01,2.286989250993668676e+00
7.397827950843098677e+01,2.178348141877596955e+00
7.399828522434981437e+01,3.543709211776084445e+00
7.401829094026865619e+01,2.879451405286397758e+00
7.403829665618748379e+01,3.052928438217543672e+00
7.405830237210632561e+01,2.629979538893484126e+00
7.407830808802515321e+01,2.340968833991547982e+00
7.409831380394398082e+01,2.482804492068141133e+00
7.411831951986282263e+01,2.542307795725803565e+00
7.413832523578165024e+01,2.254944827255944695e+00
7.415833095170049205e+01,2.913697468078029651e+00
7.417833666761931966e+01,3.647289852795627674e+00
7.419834238353816147e+01,2.950649357199616851e+00
7.421834809945698908e+01,2.427651570662398228e+00
7.423835381537583089e+01,3.055570786854803433e+00
7.425835953129465850e+01,3.389138340624535672e+00
7.427836524721348610e+01,3.150621114512947685e+00
7.429837096313232792e+01,3.639089264250922717e+00
7.431837667905115552e+01,3.665942505936297557e+00
7.433838239496999734e+01,3.953318216906192895e+00
7.435838811088882494e+01,4.289757673336852761e+00
7.437839382680766676e+01,3.467577368724918507e+00
7.439839954272649436e+01,4.161019422419203195e+00
7.441840525864533618e+01,5.249744188374271481e+00
7.443841097456416378e+01,4.107166779692263958e+00
7.445841669048300560e+01,5.490156918832157729e+00
7.447842240640183320e+01,4.746770352358088196e+00
7.449842812232066080e+01,4.752774043039067919e+00
7.451843383823950262e+01,5.470357978128975951e+00
7.453843955415833022e+01,5.781516529861985276e+00
7.455844527007717204e+01,4.902817204867104373e+00
7.457845098599599964e+01,5.606553843690747385e+00
7.459845670191484146e+01,6.040263512081674335e+00
7.461846241783366906e+01,5.157106630665916569e+00
7.463846813375251088e+01,5.509682673757101412e+00
7.465847384967133848e+01,5.230632529414381615e+00
7.467847956559016609e+01,4.963755914536071678e+00
7.469848528150900790e+01,5.800043641209403411e+00
7.471849099742783551e+01,4.669144358483396928e+00
7.473849671334667732e+01,5.037924362026476643e+00
7.475850242926550493e+01,4.869657852249689611e+00
7.477850814518434674e+01,4.438075718236395240e+00
7.479851386110317435e+01,4.842414018209881377e+00
7.481851957702201616e+01,5.031984922213234235e+00
7.483852529294084377e+01,4.964374176665316440e+00
7.485853100885967137e+01,5.071163675739224885e+00
7.487853672477851319e+01,4.945284061377614115e+00
7.489854244069734079e+01,4.326542555416610369e+00
7.491854815661618261e+01,4.330282009127879306e+00
7.493855387253501021e+01,5.602142585744767977e+00
7.495855958845385203e+01,5.680097646004807821e+00
7.497856530437267963e+01,5.617445936644802629e+00
7.499857102029152145e+01,5.094438490179411971e+00
7.501857673621034905e+01,5.371844836586079808e+00
7.503858245212917666e+01,6.707812330696319769e+00
7.505858816804801847e+01,7.027791871335082874e+00
7.507859388396684608e+01,6.442346986231002326e+00
7.509859959988568789e+01,7.044560179007856249e+00
7.511860531580451550e+01,7.039462284700104711e+00
7.513861103172335731e+01,7.576019823187235325e+00
7.515861674764218492e+01,7.724215736809375343e+00
7.517862246356102673e+01,7.538689779641646993e+00
7.519862817947985434e+01,7.219589879490656337e+00
7.521863389539868194e+01,7.858632391912750315e+00
7.523863961131752376e+01,7.897238370828032927e+00
7.525864532723635136e+01,7.360860403480236513e+00
7.527865104315519318e+01,7.274246062755294950e+00
7.529865675907402078e+01,7.322599476167832577e+00
7.531866247499286260e+01,7.518182509781518696e+00
7.533866819091169020e+01,7.250969298980352917e+00
7.535867390683053202e+01,7.142445840758994358e+00
7.537867962274935962e+01,5.962431483587642411e+00
7.539868533866820144e+01,7.153566882092885493e+00
7.541869105458702904e+01,6.374541317898996695e+00
7.543869677050585665e+01,5.932770424243949847e+00
7.545870248642469846e+01,5.825610257732894759e+00
7.547870820234352607e+01,5.322862363463510604e+00
7.549871391826236788e+01,5.819738758797207367e+00
7.551871963418119549e+01,5.593188200723256287e+00
7.553872535010003730e+01,5.301127288624895684e+00
7.555873106601886491e+01,5.184787653743886615e+00
7.557873678193770672e+01,5.529249380192277741e+00
7.559874249785653433e+01,4.993419302947639693e+00
7.561874821377536193e+01,4.862583391315566494e+00
7.563875392969420375e+01,4.665203806631573080e+00
7.565875964561303135e+01,3.913245029267236941e+00
7.567876536153187317e+01,4.557199774005246340e+00
7.569877107745070077e+01,3.676853305916964132e+00
7.571877679336954259e+01,3.406356559823367380e+00
7.573878250928837019e+01,3.732156909493903107e+00
7.575878822520721201e+01,3.483212871285995327e+00
7.577879394112603961e+01,2.766813274832815583e+00
7.579879965704486722e+01,2.691289894817794792e+00
7.581880537296370903e+01,3.423865002024329307e+00
7.583881108888253664e+01,2.597227635087706155e+00
7.585881680480137845e+01,1.751506341652410814e+00
7.587882252072020606e+01,2.288940828092654201e+00
7.589882823663904787e+01,2.732416620992323075e+00
7.591883395255787548e+01,1.570982852554829279e+00
7.593883966847671729e+01,1.641149985846592330e+00
7.595884538439554490e+01,1.362425251689111327e+00
7.597885110031437250e+01,1.843859932029609405e+00
7.599885681623321432e+01,8.065697615313023316e-01
7.601886253215204192e+01,1.165489577802063081e+00
7.603886824807088374e+01,1.705540864033907145e+00
7.605887396398971134e+01,2.192671828501665310e+00
7.607887967990855316e+01,1.032601305829560445e+00
7.609888539582738076e+01,1.286222300564675791e+00
7.611889111174622258e+01,1.510497127410665108e+00
7.613889682766505018e+01,1.160329850283998931e+00
7.615890254358387779e+01,1.444950745852175533e+00
7.617890825950271960e+01,1.843293017348595075e+00
7.619891397542154721e+01,1.090860790999281793e+00
7.621891969134038902e+01,1.756333493127334888e+00
7.623892540725921663e+01,1.210845397512904320e+00
7.625893112317805844e+01,2.016770698321274757e+00
7.627893683909688605e+01,1.463045479956610162e+00
7.629894255501572786e+01,1.586441286653075711e+00
7.631894827093455547e+01,1.569139023718344017e+00
7.633895398685339728e+01,1.967039644198789627e+00
7.635895970277222489e+01,1.563474591407664427e+00
7.637896541869105249e+01,1.859043428221866856e+00
7.639897113460989431e+01,9.090019510639206768e-01
7.641897685052872191e+01,1.551949328743380097e+00
7.643898256644756373e+01,1.158481735890901199e+00
7.645898828236639133e+01,2.172372090261712962e+00
7.647899399828523315e+01,1.520479538974377931e+00
7.649899971420406075e+01,1.268244187135295853e+00
7.651900543012290257e+01,1.633176485526629307e+00
7.653901114604173017e+01,2.272709664330310630e+00
7.655901686196055778e+01,1.602498821918002303e+00
7.657902257787939959e+01,1.518066434075801885e+00
7.659902829379822720e+01,1.708689514925665343e+00
7.661903400971706901e+01,2.056188286111560348e+00
7.663903972563589662e+01,1.316555437547218821e+00
7.665904544155473843e+01,2.277257237205191132e+00
7.667905115747356604e+01,2.293528575373847467e+00
7.669905687339240785e+01,2.652602357194838945e+00
7.671906258931123546e+01,1.884735012165678292e+00
7.673906830523006306e+01,1.910175589943029495e+00
7.675907402114890488e+01,2.430574419104329920e+00
7.677907973706773248e+01,2.081582184777186040e+00
7.679908545298657430e+01,2.589184099567254371e+00
7.681909116890540190e+01,3.100980373497220999e+00
7.683909688482424372e+01,3.510420465450238670e+00
7.685910260074307132e+01,3.584594224102961579e+00
7.687910831666191314e+01,3.414624465974902989e+00
7.689911403258074074e+01,4.324161565055061551e+00
7.691911974849956835e+01,3.956819147253339608e+00
7.693912546441841016e+01,4.313294253575467252e+00
7.695913118033723777e+01,3.895485714208018369e+00
7.697913689625607958e+01,4.179162580132855354e+00
7.699914261217490719e+01,3.999692432885137983e+00
7.701914832809374900e+01,4.249886184187793958e+00
7.703915404401257661e+01,5.348943122123471561e+00
7.705915975993141842e+01,5.061356866249123065e+00
7.707916547585024603e+01,4.736212566685479075e+00
7.709917119176907363e+01,3.935854151790839417e+00
7.711917690768791545e+01,4.513498739865526410e+00
7.713918262360674305e+01,4.369554669539415848e+00
7.715918833952558487e+01,4.149905389342128714e+00
7.717919405544441247e+01,3.830160905325047604e+00
7.719919977136325429e+01,4.415977683416680399e+00
7.721920548728208189e+01,3.573590302567002830e+00
7.723921120320092371e+01,3.051313429600184701e+00
7.725921691911975131e+01,3.594603798716604182e+00
7.727922263503859313e+01,3.754081137546219082e+00
7.729922835095742073e+01,3.304363108042537966e+00
7.731923406687624833e+01,2.242645296507292940e+00
7.733923978279509015e+01,3.055165209108728241e+00
7.735924549871391775e+01,1.948735869618005268e+00
7.737925121463275957e+01,2.715152832911213565e+00
7.739925693055158717e+01,2.910691715392100587e+00
7.741926264647042899e+01,2.779436625197007515e+00
7.743926836238925659e+01,2.585189830105655062e+00
7.745927407830809841e+01,2.313791542324695527e+00
7.747927979422692601e+01,2.042567036135632286e+00
7.749928551014575362e+01,1.445142773413299775e+00
7.751929122606459543e+01,2.029367100372300392e+00
7.753929694198342304e+01,1.559298167565368765e+00
7.755930265790226485e+01,7.156728319644870551e-01
7.757930837382109246e+01,1.414650967065505416e+00
7.759931408973993427e+01,1.296151319175727901e+00
7.761931980565876188e+01,1.557729016131580435e+00
7.763932552157760369e+01,1.479198201371080712e+00
7.765933123749643130e+01,1.849772007439564714e+00
7.767933695341525890e+01,1.566293311893235174e+00
7.769934266933410072e+01,1.252964270247604261e+00
7.771934838525292832e+01,1.797301762643478629e+00
7.773935410117177014e+01,1.725430721389539679e+00
7.775935981709059774e+01,1.667069089499116696e+00
7.777936553300943956e+01,1.697350842323187337e+00
7.779937124892826716e+01,1.764595977000593230e+00
7.781937696484710898e+01,1.122873020103286157e+00
7.783938268076593658e+01,1.972491806080281185e+00
7.785938839668476419e+01,1.308820336783029559e+00
7.787939411260360600e+01,1.517226539143872621e+00
7.789939982852243361e+01,1.309513886332579702e+00
7.791940554444127542e+01,2.245729853354673455e+00
7.793941126036010303e+01,1.499279082086172110e+00
7.795941697627894484e+01,2.011045046797337310e+00
7.797942269219777245e+01,1.671836732548117155e+00
7.799942840811661426e+01,2.474529923236516549e+00
7.801943412403544187e+01,1.905836752859331185e+00
7.803943983995426947e+01,1.890571821704104316e+00
7.805944555587311129e+01,2.796649000274192165e+00
7.807945127179193889e+01,1.580097029316940960e+00
7.809945698771078071e+01,2.111767124275768737e+00
7.811946270362960831e+01,3.325739746435382393e+00
7.813946841954845013e+01,2.849839314569529325e+00
7.815947413546727773e+01,2.669721833207390649e+00
7.817947985138611955e+01,1.861911965826365423e+00
7.819948556730494715e+01,2.070765459234272132e+00
7.821949128322378897e+01,2.693106815636793439e+00
7.823949699914261657e+01,2.188276464348930084e+00
7.825950271506144418e+01,2.593213129169508413e+00
7.827950843098028599e+01,3.512741616513522569e+00
7.829951414689911360e+01,2.573935416860792635e+00
7.831951986281795541e+01,3.463399328480638584e+00
7.833952557873678302e+01,2.983590312907890674e+00
7.835953129465562483e+01,3.833053502800099821e+00
7.837953701057445244e+01,4.241787356936619346e+00
7.839954272649329425e+01,4.357920762220257593e+00
7.841954844241212186e+01,4.001369320530961282e+00
7.843955415833094946e+01,5.013535844461878277e+00
7.845955987424979128e+01,4.117552899657050069e+00
7.847956559016861888e+01,4.087048110865300288e+00
7.849957130608746070e+01,4.987275160585834755e+00
7.851957702200628830e+01,4.854110522088229907e+00
7.853958273792513012e+01,4.523332848672631634e+00
7.855958845384395772e+01,4.226188704371014460e+00
7.857959416976279954e+01,5.017393544800484051e+00
7.859959988568162714e+01,4.357574854505045003e+00
7.861960560160045475e+01,4.687421449978579346e+00
7.863961131751929656e+01,3.963789356760411664e+00
7.865961703343812417e+01,4.150272168381190951e+00
7.867962274935696598e+01,4.906926738171701885e+00
7.869962846527579359e+01,5.312448628507375759e+00
7.871963418119463540e+01,5.134944820129039300e+00
7.873963989711346301e+01,5.284474892694957404e+00
7.875964561303230482e+01,5.036062364552135406e+00
7.877965132895113243e+01,5.833413562883530190e+00
7.879965704486996003e+01,5.363857321864134775e+00
7.881966276078880185e+01,6.180185328700421366e+00
7.883966847670762945e+01,6.954621410544523208e+00
7.885967419262647127e+01,6.323529806442885537e+00
7.887967990854529887e+01,6.412812901649466824e+00
7.889968562446414069e+01,5.666585380340691813e+00
7.891969134038296829e+01,6.130367964218851995e+00
7.893969705630181011e+01,4.914216217017285615e+00
7.895970277222063771e+01,5.214966560779854099e+00
7.897970848813946532e+01,4.929836302420311789e+00
7.899971420405830713e+01,4.508259162274434573e+00
7.901971991997713474e+01,4.798216922529040751e+00
7.903972563589597655e+01,3.716711965823499053e+00
7.905973135181480416e+01,4.365991185582590361e+00
7.907973706773364597e+01,2.749820183117375638e+00
7.909974278365247358e+01,2.863026824306896145e+00
7.911974849957131539e+01,3.065437316135073864e+00
7.913975421549014300e+01,2.048376485001828673e+00
7.915975993140898481e+01,2.703556360711767415e+00
7.917976564732781242e+01,2.399865463556710043e+00
7.919977136324664002e+01,2.006412362277397499e+00
7.921977707916548184e+01,2.052223888374646865e+00
7.923978279508430944e+01,2.044903435976770822e+00
7.925978851100315126e+01,1.087044067422591187e+00
7.927979422692197886e+01,1.912449062349498519e+00
7.929979994284082068e+01,1.420539375778844482e+00
7.931980565875964828e+01,9.810297522399716863e-01
7.933981137467849010e+01,2.083866315949438608e+00
7.935981709059731770e+01,1.295909583348521910e+00
7.937982280651614531e+01,1.762215396469827944e+00
7.939982852243498712e+01,1.417714890538867678e+00
7.941983423835381473e+01,1.525734991541200625e+00
7.943983995427265654e+01,1.673767169439202229e+00
7.945984567019148415e+01,1.524068630221938836e+00
7.947985138611032596e+01,1.870596372347686165e+00
7.949985710202915357e+01,8.494473659655952247e-01
7.951986281794799538e+01,1.917417484027120089e+00
7.953986853386682299e+01,2.060883767329602989e+00
7.955987424978565059e+01,1.354585477148962491e+00
7.957987996570449241e+01,1.604309144634075590e+00
7.959988568162332001e+01,2.108706080120521520e+00
7.961989139754216183e+01,2.353976271902914696e+00
7.963989711346098943e+01,1.766795432429123069e+00
7.965990282937983125e+01,1.633220499286057059e+00
7.967990854529865885e+01,2.318010035600173158e+00
7.969991426121750067e+01,2.354528388304218289e+00
7.971991997713632827e+01,1.902108503510614668e+00
7.973992569305515588e+01,1.604341257998842085e+00
7.975993140897399769e+01,1.923402862975235994e+00
7.977993712489282530e+01,2.521195320244511429e+00
7.979994284081166711e+01,1.720554429055818790e+00
7.981994855673049472e+01,2.520060968756066000e+00
7.983995427264933653e+01,2.672803669249280034e+00
7.985995998856816414e+01,2.334999271017816014e+00
7.987996570448700595e+01,2.128421065625728303e+00
7.989997142040583356e+01,2.709777771076400832e+00
7.991997713632466116e+01,2.455706801134478034e+00
7.993998285224350298e+01,1.821639054637692379e+00
7.995998856816233058e+01,1.477804986014861210e+00
7.997999428408117240e+01,9.593843706823218520e-01
8.000000000000000000e+01,1.541483697387944218e+00
