angle,intensity
1.000000000000000000e+01,6.652277910399192251e+00
1.002000571591883471e+01,5.643638294478394712e+00
1.004001143183766764e+01,5.749223049754681014e+00
1.006001714775650235e+01,6.009982795049229054e+00
1.008002286367533529e+01,5.830183336220891022e+00
1.010002857959417000e+01,5.907121135517076738e+00
1.012003429551300293e+01,5.490569991836066421e+00
1.014004001143183764e+01,6.594781017932773715e+00
1.016004572735067235e+01,6.183376989355846121e+00
1.018005144326950528e+01,6.436608768583107043e+00
1.020005715918833999e+01,5.964099623856586874e+00
1.022006287510717293e+01,6.190387793649312798e+00
1.024006859102600764e+01,5.410681055113273352e+00
1.026007430694484057e+01,5.749640674974875409e+00
1.028008002286367528e+01,5.774079938714678839e+00
1.030008573878250999e+01,4.983382357754639003e+00
1.032009145470134293e+01,4.973556573364945166e+00
1.034009717062017764e+01,5.380787830402358196e+00
1.036010288653901057e+01,5.899348727066736409e+00
1.038010860245784528e+01,5.737264774521309008e+00
1.040011431837667999e+01,5.343622820360499404e+00
1.042012003429551292e+01,5.852781061181094202e+00
1.044012575021434763e+01,5.169064391474297970e+00
1.046013146613318057e+01,6.062836529082021642e+00
1.048013718205201528e+01,5.712479918691436787e+00
1.050014289797084821e+01,5.584948446794834709e+00
1.052014861388968292e+01,5.902680553430359467e+00
1.054015432980851585e+01,5.133977982995289402e+00
1.056016004572735056e+01,6.194083467363371120e+00
1.058016576164618527e+01,5.697394687992891171e+00
1.060017147756501821e+01,6.110540805452100876e+00
1.062017719348385292e+01,5.590961106996133800e+00
1.064018290940268585e+01,5.477524205004307589e+00
1.066018862532152056e+01,6.087737331544868624e+00
1.068019434124035527e+01,6.189937936913608496e+00
1.070020005715918820e+01,5.633963339345012145e+00
1.072020577307802292e+01,5.521409376160775651e+00
1.074021148899685585e+01,6.232286196907230291e+00
1.076021720491569056e+01,5.492150250843478965e+00
1.078022292083452349e+01,6.411032194904160875e+00
1.080022863675335820e+01,4.848613526826667908e+00
1.082023435267219291e+01,5.828749051033492279e+00
1.084024006859102585e+01,5.986087343143523753e+00
1.086024578450986056e+01,5.307301605973206549e+00
1.088025150042869349e+01,5.471360373833462631e+00
1.090025721634752820e+01,5.823801762866997578e+00
1.092026293226636113e+01,4.928004272944377817e+00
1.094026864818519584e+01,4.995566926042844358e+00
1.096027436410403055e+01,6.051496876883002862e+00
1.098028008002286349e+01,5.052738129589107174e+00
1.100028579594169820e+01,5.664884927669280756e+00
1.102029151186053113e+01,5.834159110536822013e+00
1.104029722777936584e+01,4.896054762016717632e+00
1.106030294369819877e+01,4.881502201743852076e+00
1.108030865961703348e+01,5.629774198319394074e+00
1.110031437553586819e+01,4.993278746601412799e+00
1.112032009145470113e+01,4.963063789613780585e+00
1.114032580737353584e+01,5.821188746561422711e+00
1.116033152329236877e+01,5.665409618935135505e+00
1.118033723921120348e+01,5.525788812395372673e+00
1.120034295513003642e+01,5.511408404160711427e+00
1.122034867104887113e+01,5.631367800642838262e+00
1.124035438696770584e+01,5.426497737700177737e+00
1.126036010288653877e+01,4.975751607902429541e+00
1.128036581880537348e+01,4.878981007649841217e+00
1.130037153472420641e+01,5.514664611184329601e+00
1.132037725064304112e+01,5.651997488652138912e+00
1.134038296656187583e+01,5.903019750068126292e+00
1.136038868248070877e+01,5.071779822602421994e+00
1.138039439839954348e+01,6.001744623919978316e+00
1.140040011431837641e+01,6.189964618507310057e+00
1.142040583023721112e+01,5.301895022223664711e+00
1.144041154615604405e+01,4.953158484425570940e+00
1.146041726207487876e+01,5.755589973934004178e+00
1.148042297799371170e+01,5.705943686277096916e+00
1.150042869391254641e+01,5.814226587969915983e+00
1.152043440983138112e+01,5.199145318814288430e+00
1.154044012575021405e+01,5.604653458087378581e+00
1.156044584166904876e+01,5.118542843508723905e+00
1.158045155758788169e+01,5.572761567713413910e+00
1.160045727350671640e+01,5.586698620414907168e+00
1.162046298942555111e+01,6.071315368094760245e+00
1.164046870534438405e+01,5.510965508179092254e+00
1.166047442126321876e+01,5.980728600992484267e+00
1.168048013718205169e+01,6.178585556863904316e+00
1.170048585310088640e+01,6.133574713060838235e+00
1.172049156901971934e+01,5.041350093711475466e+00
1.174049728493855405e+01,5.604561443285280831e+00
1.176050300085738698e+01,5.294506017366103379e+00
1.178050871677622169e+01,5.443247739326789514e+00
1.180051443269505640e+01,4.807191521250498312e+00
1.182052014861388933e+01,5.123347923536380577e+00
1.184052586453272404e+01,5.339185235691071618e+00
1.186053158045155698e+01,5.674097065874945223e+00
1.188053729637039169e+01,4.671515249076822585e+00
1.190054301228922640e+01,5.640787993816356760e+00
1.192054872820805933e+01,5.372559856380700438e+00
1.194055444412689404e+01,4.466966056689800624e+00
1.196056016004572697e+01,5.330120154465719295e+00
1.198056587596456168e+01,5.294303254356773181e+00
1.200057159188339639e+01,5.498567178112766740e+00
1.202057730780222933e+01,5.321776055387275051e+00
1.204058302372106226e+01,5.637804321161222987e+00
1.206058873963989697e+01,5.085818328341305872e+00
1.208059445555873168e+01,5.555798522251063076e+00
1.210060017147756461e+01,5.241865924159910151e+00
1.212060588739639932e+01,5.220857368073515303e+00
1.214061160331523226e+01,6.204657654291539259e+00
1.216061731923406697e+01,5.586600713482750891e+00
1.218062303515290168e+01,5.560580865582750221e+00
1.220062875107173461e+01,5.236343856383867568e+00
1.222063446699056932e+01,4.879405136801655551e+00
1.224064018290940226e+01,5.150855327917607696e+00
1.226064589882823697e+01,5.664014879793704438e+00
1.228065161474707168e+01,5.961284373908329215e+00
1.230065733066590461e+01,5.001582672411974073e+00
1.232066304658473754e+01,5.373973561954780820e+00
1.234066876250357225e+01,4.948757871153325993e+00
1.236067447842240696e+01,5.871949505817119608e+00
1.238068019434123990e+01,5.364878097341625462e+00
1.240068591026007461e+01,5.628723427048834438e+00
1.242069162617890754e+01,6.000901057148214868e+00
1.244069734209774225e+01,5.342229935950857822e+00
1.246070305801657696e+01,4.449432945248314120e+00
1.248070877393540989e+01,5.515277011108284277e+00
1.250071448985424460e+01,6.381622173438216805e+00
1.252072020577307754e+01,5.601487513760591952e+00
1.254072592169191225e+01,5.562038709301235784e+00
1.256073163761074696e+01,5.438816038547972909e+00
1.258073735352957989e+01,5.580902029837815803e+00
1.260074306944841460e+01,5.538818885839519979e+00
1.262074878536724754e+01,6.033030228754702406e+00
1.264075450128608225e+01,5.786428013918957447e+00
1.266076021720491518e+01,4.813026912948823011e+00
1.268076593312374989e+01,5.589919750392453146e+00
1.270077164904258282e+01,5.448204645358368126e+00
1.272077736496141753e+01,5.649174635758843266e+00
1.274078308088025224e+01,5.986535599619273285e+00
1.276078879679908518e+01,5.730697909793618372e+00
1.278079451271791989e+01,5.394222611082239993e+00
1.280080022863675282e+01,6.202335511020535819e+00
1.282080594455558753e+01,5.253486096592585142e+00
1.284081166047442224e+01,4.858740868402902535e+00
1.286081737639325517e+01,5.257602138646953804e+00
1.288082309231208988e+01,5.686133780724141218e+00
1.290082880823092282e+01,6.198771095744475268e+00
1.292083452414975753e+01,5.756341127251820566e+00
1.294084024006859224e+01,5.786822171483611221e+00
1.296084595598742517e+01,5.186542865430536331e+00
1.298085167190625810e+01,6.488974669228971592e+00
1.300085738782509281e+01,5.874260794899819338e+00
1.302086310374392752e+01,5.903376203300922498e+00
1.304086881966276046e+01,6.303304068426423434e+00
1.306087453558159517e+01,5.948806712346414116e+00
1.308088025150042810e+01,5.906255196118181949e+00
1.310088596741926281e+01,6.116504140237888798e+00
1.312089168333809752e+01,6.512856048109560980e+00
1.314089739925693046e+01,6.354073371258573744e+00
1.316090311517576517e+01,6.043932241179163611e+00
1.318090883109459810e+01,5.747290951248480440e+00
1.320091454701343281e+01,6.180748342930511896e+00
1.322092026293226752e+01,6.167883360686532868e+00
1.324092597885110045e+01,5.597007282776223391e+00
1.326093169476993339e+01,6.231910268408216602e+00
1.328093741068876810e+01,6.467364684900202221e+00
1.330094312660760281e+01,6.538699110444550655e+00
1.332094884252643574e+01,6.776950652586418045e+00
1.334095455844527045e+01,6.454023071244522569e+00
1.336096027436410338e+01,6.930516109554176296e+00
1.338096599028293809e+01,6.084752623204563449e+00
1.340097170620177280e+01,6.456388620329958528e+00
1.342097742212060574e+01,7.299594704411427770e+00
1.344098313803944045e+01,6.903475882690548460e+00
1.346098885395827338e+01,6.246005300174894970e+00
1.348099456987710809e+01,6.896648817513634455e+00
1.350100028579594280e+01,7.138659828714922995e+00
1.352100600171477573e+01,7.254558012338650386e+00
1.354101171763361044e+01,6.535614511745016841e+00
1.356101743355244338e+01,6.686146303441443450e+00
1.358102314947127809e+01,7.139074119007287500e+00
1.360102886539011102e+01,7.036179466037138397e+00
1.362103458130894573e+01,6.552500896479592996e+00
1.364104029722777867e+01,8.113038594792755021e+00
1.366104601314661338e+01,7.435179843514287512e+00
1.368105172906544809e+01,6.901010702433918453e+00
1.370105744498428102e+01,7.251773651602880122e+00
1.372106316090311573e+01,8.386266053496019168e+00
1.374106887682194866e+01,7.756805742006360305e+00
1.376107459274078337e+01,8.460957710450266234e+00
1.378108030865961808e+01,8.347967128164004436e+00
1.380108602457845102e+01,8.068051733053762220e+00
1.382109174049728573e+01,8.335192320562908819e+00
1.384109745641611866e+01,8.431138239670655565e+00
1.386110317233495337e+01,8.319219267744369262e+00
1.388110888825378808e+01,8.797730543850022400e+00
1.390111460417262101e+01,8.308414162628730892e+00
1.392112032009145395e+01,7.903046335312276405e+00
1.394112603601028866e+01,8.149951526472062113e+00
1.396113175192912337e+01,9.087374976083125944e+00
1.398113746784795630e+01,8.196462888725333684e+00
1.400114318376679101e+01,8.661817047407168957e+00
1.402114889968562395e+01,8.382921046610462668e+00
1.404115461560445866e+01,8.893053201952167086e+00
1.406116033152329337e+01,8.448904237434835096e+00
1.408116604744212630e+01,9.161934981631594255e+00
1.410117176336095923e+01,7.988430103206054511e+00
1.412117747927979394e+01,9.563906964663953403e+00
1.414118319519862865e+01,8.958330368966160862e+00
1.416118891111746336e+01,8.368763799569181927e+00
1.418119462703629630e+01,8.432854265687922179e+00
1.420120034295512923e+01,8.160567920523433827e+00
1.422120605887396394e+01,8.765784986471917506e+00
1.424121177479279865e+01,8.749020579582071022e+00
1.426121749071163336e+01,7.974398862708458324e+00
1.428122320663046629e+01,7.883454795977433704e+00
1.430122892254929923e+01,7.233644180958285652e+00
1.432123463846813394e+01,7.683895743351095931e+00
1.434124035438696865e+01,7.586745099422418370e+00
1.436124607030580158e+01,7.908795666639242938e+00
1.438125178622463629e+01,6.865034091218415568e+00
1.440125750214346922e+01,6.689795517781739420e+00
1.442126321806230393e+01,7.716951688415134569e+00
1.444126893398113864e+01,6.721410178900429244e+00
1.446127464989997158e+01,7.037194566575442067e+00
1.448128036581880451e+01,6.820679698270387448e+00
1.450128608173763922e+01,6.756470088478623737e+00
1.452129179765647393e+01,6.604724163017569261e+00
1.454129751357530864e+01,7.287788481508711058e+00
1.456130322949414158e+01,7.107404857276681476e+00
1.458130894541297451e+01,7.061915270313555482e+00
1.460131466133180922e+01,7.702104628219643701e+00
1.462132037725064393e+01,7.433535076312479006e+00
1.464132609316947686e+01,6.791974450573347255e+00
1.466133180908831157e+01,7.885097048575444134e+00
1.468133752500714451e+01,7.819581729148461058e+00
1.470134324092597922e+01,6.657733130544466249e+00
1.472134895684481393e+01,7.286041796933071524e+00
1.474135467276364686e+01,8.240770466843626352e+00
1.476136038868247979e+01,8.116380767405718899e+00
1.478136610460131450e+01,8.445010849213213433e+00
1.480137182052014921e+01,7.584151990713728253e+00
1.482137753643898392e+01,8.075598138075239518e+00
1.484138325235781686e+01,7.278432015129307153e+00
1.486138896827664979e+01,8.340224343605878943e+00
1.488139468419548450e+01,8.138685173813662743e+00
1.490140040011431921e+01,8.169667182472908351e+00
1.492140611603315392e+01,7.785452095435569930e+00
1.494141183195198685e+01,7.817992476189388640e+00
1.496141754787081979e+01,8.914564905088559144e+00
1.498142326378965450e+01,8.121822627215056656e+00
1.500142897970848921e+01,8.331429315207497410e+00
1.502143469562732214e+01,7.947470445883832113e+00
1.504144041154615508e+01,8.059681168505370863e+00
1.506144612746498979e+01,8.019860051112079447e+00
1.508145184338382450e+01,7.527382043546853474e+00
1.510145755930265921e+01,7.541529916888982221e+00
1.512146327522149214e+01,7.002517190227500521e+00
1.514146899114032507e+01,7.244883981463006606e+00
1.516147470705915978e+01,6.934493981349893588e+00
1.518148042297799449e+01,6.943363022511112703e+00
1.520148613889682920e+01,5.543790078576538605e+00
1.522149185481566214e+01,5.894351831597438363e+00
1.524149757073449507e+01,5.964604233318679505e+00
1.526150328665332978e+01,6.118181096046802381e+00
1.528150900257216449e+01,4.830822775253218460e+00
1.530151471849099742e+01,4.855207205906533652e+00
1.532152043440983036e+01,5.735424625209761373e+00
1.534152615032866507e+01,5.267047786422891953e+00
1.536153186624749978e+01,5.547587311012685873e+00
1.538153758216633449e+01,4.804213788876623425e+00
1.540154329808516742e+01,4.590880701216609516e+00
1.542154901400400036e+01,4.754871929846190781e+00
1.544155472992283507e+01,3.805820368868413794e+00
1.546156044584166978e+01,4.656669732965575292e+00
1.548156616176050449e+01,5.068440863740437230e+00
1.550157187767933742e+01,4.211493059805198058e+00
1.552157759359817035e+01,4.424703645568122568e+00
1.554158330951700506e+01,4.841447685229939957e+00
1.556158902543583977e+01,4.913497306041904267e+00
1.558159474135467271e+01,5.212621451166818076e+00
1.560160045727350742e+01,4.361264880931015497e+00
1.562160617319234035e+01,4.096978164776153619e+00
1.564161188911117506e+01,4.817758450861374442e+00
1.566161760503000977e+01,4.812991935891282047e+00
1.568162332094884270e+01,4.043048765505679043e+00
1.570162903686767564e+01,4.590569544874188779e+00
1.572163475278651035e+01,4.419125109414475006e+00
1.574164046870534506e+01,3.855809113435110014e+00
1.576164618462417977e+01,4.921044145483267407e+00
1.578165190054301270e+01,4.762491721075114093e+00
1.580165761646184563e+01,4.874815898910933143e+00
1.582166333238068034e+01,4.492220846813817836e+00
1.584166904829951505e+01,4.443911816361056921e+00
1.586167476421834799e+01,4.319783469509199669e+00
1.588168048013718270e+01,4.372799428834828639e+00
1.590168619605601563e+01,4.516177255866129059e+00
1.592169191197485034e+01,4.420877010412571195e+00
1.594169762789368505e+01,4.821565627904930373e+00
1.596170334381251799e+01,4.831038262830276153e+00
1.598170905973135092e+01,4.658952906165353625e+00
1.600171477565018563e+01,4.526474835312285450e+00
1.602172049156902034e+01,4.523052580023815494e+00
1.604172620748785505e+01,5.591150558081528388e+00
1.606173192340668976e+01,4.928031419167600902e+00
1.608173763932552092e+01,5.355414737778339429e+00
1.610174335524435563e+01,4.191807768911301579e+00
1.612174907116319034e+01,5.287721706109898001e+00
1.614175478708202505e+01,4.778177681921734532e+00
1.616176050300085620e+01,4.879014502742692549e+00
1.618176621891969091e+01,4.587765871741650514e+00
1.620177193483852562e+01,4.159442711649083968e+00
1.622177765075736033e+01,4.921305859588973597e+00
1.624178336667619504e+01,5.916609082043139622e+00
1.626178908259502620e+01,5.598599002727146612e+00
1.628179479851386091e+01,4.950193947015683271e+00
1.630180051443269562e+01,5.864891641194358129e+00
1.632180623035153033e+01,5.961686961348494407e+00
1.634181194627036149e+01,5.372467563495510134e+00
1.636181766218919620e+01,5.415096658136841157e+00
1.638182337810803091e+01,5.433851679980453042e+00
1.640182909402686562e+01,5.120626898340654876e+00
1.642183480994570033e+01,6.026999302525044122e+00
1.644184052586453504e+01,5.675861186453388996e+00
1.646184624178336620e+01,5.502736241276817708e+00
1.648185195770220091e+01,5.770476250981073640e+00
1.650185767362103562e+01,5.466605733792389898e+00
1.652186338953986677e+01,6.254436920132189215e+00
1.654186910545870148e+01,6.629788620418951339e+00
1.656187482137753619e+01,6.316242046808236310e+00
1.658188053729637090e+01,5.620428120983660847e+00
1.660188625321520561e+01,6.072345224961077648e+00
1.662189196913404032e+01,6.380687322222842184e+00
1.664189768505287148e+01,5.766147622206978518e+00
1.666190340097170619e+01,6.188479105933328839e+00
1.668190911689054090e+01,6.368037192516518452e+00
1.670191483280937561e+01,6.592152651142056285e+00
1.672192054872820677e+01,5.464547452834808361e+00
1.674192626464704148e+01,6.304858051648818851e+00
1.676193198056587619e+01,6.392343990051308822e+00
1.678193769648471090e+01,5.946727138756651598e+00
1.680194341240354561e+01,5.921715902312929991e+00
1.682194912832238032e+01,6.570383134615846998e+00
1.684195484424121148e+01,6.517126177931097608e+00
1.686196056016004619e+01,6.865917872881073691e+00
1.688196627607888090e+01,5.961075826724485438e+00
1.690197199199771205e+01,5.270716854574898136e+00
1.692197770791654676e+01,6.063106975329988657e+00
1.694198342383538147e+01,6.150507909568842635e+00
1.696198913975421618e+01,5.415215906438175963e+00
1.698199485567305089e+01,4.964959118901601798e+00
1.700200057159188560e+01,5.253578396339436907e+00
1.702200628751071676e+01,4.434749565696613161e+00
1.704201200342955147e+01,5.344325831198792010e+00
1.706201771934838618e+01,5.293581467293201115e+00
1.708202343526722089e+01,4.097868109258635982e+00
1.710202915118605205e+01,5.012226931396561724e+00
1.712203486710488676e+01,3.502068761218283477e+00
1.714204058302372147e+01,4.129201676055706649e+00
1.716204629894255618e+01,4.289964680642491146e+00
1.718205201486139089e+01,4.956694080606175667e+00
1.720205773078022204e+01,4.529660946104339558e+00
1.722206344669905675e+01,4.382832698508089209e+00
1.724206916261789146e+01,4.147130423486211193e+00
1.726207487853672617e+01,4.364604828237778733e+00
1.728208059445555733e+01,3.509765972630972897e+00
1.730208631037439204e+01,3.332883612784264926e+00
1.732209202629322675e+01,3.592253459407857452e+00
1.734209774221206146e+01,4.782095342912489500e+00
1.736210345813089617e+01,3.493521935607862616e+00
1.738210917404973088e+01,4.590137503385323114e+00
1.740211488996856204e+01,4.172364414259519094e+00
1.742212060588739675e+01,4.130754162825224007e+00
1.744212632180623146e+01,3.556227217515980144e+00
1.746213203772506262e+01,4.133562214827793291e+00
1.748213775364389733e+01,3.511854118877886677e+00
1.750214346956273204e+01,3.586614668682957863e+00
1.752214918548156675e+01,3.804465224006737145e+00
1.754215490140040146e+01,3.648292266267306960e+00
1.756216061731923617e+01,3.984809830218547511e+00
1.758216633323806732e+01,4.583857361165004640e+00
1.760217204915690203e+01,3.855269337564584564e+00
1.762217776507573674e+01,3.465922168397742809e+00
1.764218348099457145e+01,3.299472157315657128e+00
1.766218919691340261e+01,3.944593353364045818e+00
1.768219491283223732e+01,3.921925828411763071e+00
1.770220062875107203e+01,3.541428477677293962e+00
1.772220634466990674e+01,3.684454181117610361e+00
1.774221206058874145e+01,3.416382767448132185e+00
1.776221777650757616e+01,3.320596658052266559e+00
1.778222349242640732e+01,3.751046572121444544e+00
1.780222920834524203e+01,4.153512190705422213e+00
1.782223492426407674e+01,3.284290310981297978e+00
1.784224064018290790e+01,4.339364066657001473e+00
1.786224635610174261e+01,3.509561690858226335e+00
1.788225207202057732e+01,3.949365880097597259e+00
1.790225778793941203e+01,4.367717204825588340e+00
1.792226350385824674e+01,3.837139257342807586e+00
1.794226921977708145e+01,3.783573677539067148e+00
1.796227493569591260e+01,3.275215253702477014e+00
1.798228065161474731e+01,3.718901256475334982e+00
1.800228636753358202e+01,3.483491559731039189e+00
1.802229208345241318e+01,3.945437634466150811e+00
1.804229779937124789e+01,3.910965942311395160e+00
1.806230351529008260e+01,3.096145438607285527e+00
1.808230923120891731e+01,4.260171751046890165e+00
1.810231494712775202e+01,3.638037434205615206e+00
1.812232066304658673e+01,4.484810290350155881e+00
1.814232637896542144e+01,4.095534780302164890e+00
1.816233209488425260e+01,3.700146919982845173e+00
1.818233781080308731e+01,4.106360617600667950e+00
1.820234352672191847e+01,3.560732758335413806e+00
1.822234924264075318e+01,3.794788127507243480e+00
1.824235495855958789e+01,4.548581891964502688e+00
1.826236067447842260e+01,4.340368631130967714e+00
1.828236639039725731e+01,4.235342282502534417e+00
1.830237210631609202e+01,4.262787737071201732e+00
1.832237782223492673e+01,4.362703200237479706e+00
1.834238353815375788e+01,4.766347836894478718e+00
1.836238925407259259e+01,3.767501332676177483e+00
1.838239496999142730e+01,4.040452395412025055e+00
1.840240068591025846e+01,4.827026740318681064e+00
1.842240640182909317e+01,3.717558419831334948e+00
1.844241211774792788e+01,4.390534554543752854e+00
1.846241783366676259e+01,5.263787771657037595e+00
1.848242354958559730e+01,4.194783157861813550e+00
1.850242926550443201e+01,4.799304934156350733e+00
1.852243498142326672e+01,4.678417662288939738e+00
1.854244069734209788e+01,4.989735263016426003e+00
1.856244641326093259e+01,4.565589768167591878e+00
1.858245212917976374e+01,3.915598416718858221e+00
1.860245784509859845e+01,4.775404935427243203e+00
1.862246356101743316e+01,4.579563432195697281e+00
1.864246927693626787e+01,5.240035574000865282e+00
1.866247499285510258e+01,4.733412246755159813e+00
1.868248070877393729e+01,4.307883735795038582e+00
1.870248642469277200e+01,4.989397975550237341e+00
1.872249214061160316e+01,4.700058634642223510e+00
1.874249785653043787e+01,5.155693945336265571e+00
1.876250357244927258e+01,4.043172890395789310e+00
1.878250928836810374e+01,4.648908783058725014e+00
1.880251500428693845e+01,4.982016698261610088e+00
1.882252072020577316e+01,4.319986437465511031e+00
1.884252643612460787e+01,5.239557695511567026e+00
1.886253215204344258e+01,5.260128798155607299e+00
1.888253786796227729e+01,5.029957567156909448e+00
1.890254358388111200e+01,5.132665953460644914e+00
1.892254929979994316e+01,4.182059621187389276e+00
1.894255501571877787e+01,5.877551507130343467e+00
1.896256073163760902e+01,4.746303946736843749e+00
1.898256644755644373e+01,4.141298394765311919e+00
1.900257216347527844e+01,5.472612935135844126e+00
1.902257787939411315e+01,5.481593376566317843e+00
1.904258359531294786e+01,4.855838592112418972e+00
1.906258931123178257e+01,3.963709946390951089e+00
1.908259502715061728e+01,5.186520146171055501e+00
1.910260074306944844e+01,4.810075154902555994e+00
1.912260645898828315e+01,5.160373128924415909e+00
1.914261217490711431e+01,4.294739707749460678e+00
1.916261789082594902e+01,4.302626977848404088e+00
1.918262360674478373e+01,3.454048739252217892e+00
1.920262932266361844e+01,4.307231768302570707e+00
1.922263503858245315e+01,3.873135413300624386e+00
1.924264075450128786e+01,4.137632648634047783e+00
1.926264647042012257e+01,3.634901771086163524e+00
1.928265218633895373e+01,3.427932045975026654e+00
1.930265790225778844e+01,4.440168994881566356e+00
1.932266361817662315e+01,3.635808235301876579e+00
1.934266933409545430e+01,3.882879160631905080e+00
1.936267505001428901e+01,3.643321258127431239e+00
1.938268076593312372e+01,3.607553816756517762e+00
1.940268648185195843e+01,3.819744705244066729e+00
1.942269219777079314e+01,3.530302897989763267e+00
1.944269791368962785e+01,3.608530376466838163e+00
1.946270362960846256e+01,3.964530109458172635e+00
1.948270934552729372e+01,4.170670723815359082e+00
1.950271506144612843e+01,3.840740998466662948e+00
1.952272077736495959e+01,4.104389822664941789e+00
1.954272649328379430e+01,4.101741437025324899e+00
1.956273220920262901e+01,3.221178309108336357e+00
1.958273792512146372e+01,3.228365426033823038e+00
1.960274364104029843e+01,3.221372973864031763e+00
1.962274935695913314e+01,3.133695871012349699e+00
1.964275507287796785e+01,3.363243266074238846e+00
1.966276078879679901e+01,4.409784601540925664e+00
1.968276650471563372e+01,3.771771597168132484e+00
1.970277222063446487e+01,4.454935280262650288e+00
1.972277793655329958e+01,3.874858994374974053e+00
1.974278365247213429e+01,3.808339132085997392e+00
1.976278936839096900e+01,3.751782990052576316e+00
1.978279508430980371e+01,3.275270221332910126e+00
1.980280080022863842e+01,3.757565572172708812e+00
1.982280651614747313e+01,4.266448519852035659e+00
1.984281223206630784e+01,4.465138124955796428e+00
1.986281794798513900e+01,4.226280155549588358e+00
1.988282366390397371e+01,4.148499369333794817e+00
1.990282937982280487e+01,3.659150444689541537e+00
1.992283509574163958e+01,3.820048396737468543e+00
1.994284081166047429e+01,3.732311218699655875e+00
1.996284652757930900e+01,3.984077995120502536e+00
1.998285224349814371e+01,4.179359453470357977e+00
2.000285795941697842e+01,4.332100795601423471e+00
2.002286367533581313e+01,4.572261096738333919e+00
2.004286939125464428e+01,3.912488872585440980e+00
2.006287510717347899e+01,4.461988368678780681e+00
2.008288082309231015e+01,4.179413144950634873e+00
2.010288653901114486e+01,4.395229838819011192e+00
2.012289225492997957e+01,4.618254874166175306e+00
2.014289797084881428e+01,4.253264462949886138e+00
2.016290368676764899e+01,4.858086860576865895e+00
2.018290940268648370e+01,4.799924940197823453e+00
2.020291511860531841e+01,4.946898283948875985e+00
2.022292083452414957e+01,4.361515744974517439e+00
2.024292655044298428e+01,4.431899454678366546e+00
2.026293226636181899e+01,5.212253211710841327e+00
2.028293798228065015e+01,5.604242802641303811e+00
2.030294369819948486e+01,4.884562158445863389e+00
2.032294941411831957e+01,5.363994933783470032e+00
2.034295513003715428e+01,5.525981646527269753e+00
2.036296084595598899e+01,6.308107113788391729e+00
2.038296656187482370e+01,5.939920974458882341e+00
2.040297227779365841e+01,5.843267414318574104e+00
2.042297799371248956e+01,6.443178863052803962e+00
2.044298370963132427e+01,6.422469356598402790e+00
2.046298942555015543e+01,6.121247409764970726e+00
2.048299514146899014e+01,6.892976096738095748e+00
2.050300085738782485e+01,7.064243649444723161e+00
2.052300657330665956e+01,6.176242735538554740e+00
2.054301228922549427e+01,6.153279318551309274e+00
2.056301800514432898e+01,6.627679745813389367e+00
2.058302372106316369e+01,6.989093489439984097e+00
2.060302943698199485e+01,7.844986173588539557e+00
2.062303515290082956e+01,7.643589946800878110e+00
2.064304086881966072e+01,7.068823865021224506e+00
2.066304658473849543e+01,8.580587558296345563e+00
2.068305230065733014e+01,8.355563132134824045e+00
2.070305801657616485e+01,8.670577367680222025e+00
2.072306373249499956e+01,8.398275199950708370e+00
2.074306944841383427e+01,9.211536757371055373e+00
2.076307516433266898e+01,9.040400533326629073e+00
2.078308088025150369e+01,9.154563711498104439e+00
2.080308659617033484e+01,9.167249271735872895e+00
2.082309231208916955e+01,9.182841182751641185e+00
2.084309802800800071e+01,1.006720094807427301e+01
2.086310374392683542e+01,9.064518851201068372e+00
2.088310945984567013e+01,9.717561035693394800e+00
2.090311517576450484e+01,9.942040110756614979e+00
2.092312089168333955e+01,9.725423850269390158e+00
2.094312660760217426e+01,9.475796448162903118e+00
2.096313232352100897e+01,1.002727739837726162e+01
2.098313803943984013e+01,9.858664765879304070e+00
2.100314375535867484e+01,9.637834468036372115e+00
2.102314947127750600e+01,9.856464249625098262e+00
2.104315518719634071e+01,9.226761215800602045e+00
2.106316090311517542e+01,9.814772032321254613e+00
2.108316661903401013e+01,9.629573132517480261e+00
2.110317233495284484e+01,9.034098151093722606e+00
2.112317805087167955e+01,8.391833064788837504e+00
2.114318376679051426e+01,7.222753030635159277e+00
2.116318948270934541e+01,7.602652234903942485e+00
2.118319519862818012e+01,6.802546797362553299e+00
2.120320091454701483e+01,6.138493212626674023e+00
2.122320663046584599e+01,6.018988583176961171e+00
2.124321234638468070e+01,5.841126571306821447e+00
2.126321806230351541e+01,5.722856104605879679e+00
2.128322377822235012e+01,4.736917367626146458e+00
2.130322949414118483e+01,4.078656927405186039e+00
2.132323521006001954e+01,4.579810824968575389e+00
2.134324092597885425e+01,4.342060643025720701e+00
2.136324664189768541e+01,4.331100052688817925e+00
2.138325235781652012e+01,3.578256806134605839e+00
2.140325807373535127e+01,3.290424443456810621e+00
2.142326378965418598e+01,4.310687781201917090e+00
2.144326950557302069e+01,3.494135679835642883e+00
2.146327522149185540e+01,3.135261794970467530e+00
2.148328093741069011e+01,3.616889226655380263e+00
2.150328665332952482e+01,2.619910317327009075e+00
2.152329236924835953e+01,3.468063213397634570e+00
2.154329808516719069e+01,2.858650462196921538e+00
2.156330380108602540e+01,2.736520286187702933e+00
2.158330951700485656e+01,3.488550756338862691e+00
2.160331523292369127e+01,3.501508703312512516e+00
2.162332094884252598e+01,3.943092012016919945e+00
2.164332666476136069e+01,2.865872025398571665e+00
2.166333238068019540e+01,3.347623566452549326e+00
2.168333809659903011e+01,2.299688493156734292e+00
2.170334381251786482e+01,3.268506213486220169e+00
2.172334952843669598e+01,2.886324490277362820e+00
2.174335524435553069e+01,3.355525199024198990e+00
2.176336096027436540e+01,2.830391531913544423e+00
2.178336667619319655e+01,2.581580823397999325e+00
2.180337239211203126e+01,3.617418182969462492e+00
2.182337810803086597e+01,2.744049125821254265e+00
2.184338382394970068e+01,2.581615583198416886e+00
2.186338953986853539e+01,3.491799943948255880e+00
2.188339525578737010e+01,2.185917921098841532e+00
2.190340097170620481e+01,3.262760408239923304e+00
2.192340668762503597e+01,3.018461928027142971e+00
2.194341240354387068e+01,2.384579543487721942e+00
2.196341811946270184e+01,2.859324156159186892e+00
2.198342383538153655e+01,3.087864639180781801e+00
2.200342955130037126e+01,3.645800619674038234e+00
2.202343526721920597e+01,2.282371851452352551e+00
2.204344098313804068e+01,2.551765299459624270e+00
2.206344669905687539e+01,2.375239022987534199e+00
2.208345241497571010e+01,3.385920394923325638e+00
2.210345813089454126e+01,3.035344086844860012e+00
2.212346384681337597e+01,3.469699349281644807e+00
2.214346956273221068e+01,2.765593726235150207e+00
2.216347527865104183e+01,3.142329547018618108e+00
2.218348099456987654e+01,2.845598393389191738e+00
2.220348671048871125e+01,3.005585776396299202e+00
2.222349242640754596e+01,2.879147989070681923e+00
2.224349814232638067e+01,3.306168024984952769e+00
2.226350385824521538e+01,2.817920354739887667e+00
2.228350957416405009e+01,2.728744239227046897e+00
2.230351529008288125e+01,2.769492697939881065e+00
2.232352100600171596e+01,2.849225613846059435e+00
2.234352672192054712e+01,3.144506745085117849e+00
2.236353243783938183e+01,2.730153388031963058e+00
2.238353815375821654e+01,2.302020663885082641e+00
2.240354386967705125e+01,3.088069057447309973e+00
2.242354958559588596e+01,2.703387069943066656e+00
2.244355530151472067e+01,2.818467459854850254e+00
2.246356101743355538e+01,2.479533920930258706e+00
2.248356673335238654e+01,2.458423545236204877e+00
2.250357244927122125e+01,2.914637187877596514e+00
2.252357816519005240e+01,2.482979283269425963e+00
2.254358388110888711e+01,2.378077893376952190e+00
2.256358959702772182e+01,2.133897451728218098e+00
2.258359531294655653e+01,3.145972634721782679e+00
2.260360102886539124e+01,3.574543926837194352e+00
2.262360674478422595e+01,2.958594879398936950e+00
2.264361246070306066e+01,3.149232913807737066e+00
2.266361817662189182e+01,2.427249395696592149e+00
2.268362389254072653e+01,2.870280080263443168e+00
2.270362960845956124e+01,3.052591499506089434e+00
2.272363532437839240e+01,3.159169095282938766e+00
2.274364104029722711e+01,3.588878500330059840e+00
2.276364675621606182e+01,2.659229622157336159e+00
2.278365247213489653e+01,2.758976345166598065e+00
2.280365818805373124e+01,3.335231497387469268e+00
2.282366390397256595e+01,2.871260499156104373e+00
2.284366961989140066e+01,3.072059668088991558e+00
2.286367533581023181e+01,2.846464143434173977e+00
2.288368105172906652e+01,2.566140980697225515e+00
2.290368676764789768e+01,2.455787066306921673e+00
2.292369248356673239e+01,3.506222699637790541e+00
2.294369819948556710e+01,3.014073500660494176e+00
2.296370391540440181e+01,3.164844151981184517e+00
2.298370963132323652e+01,2.975347864966574996e+00
2.300371534724207123e+01,3.288218625888198687e+00
2.302372106316090594e+01,2.355376076841429356e+00
2.304372677907973710e+01,3.004739542830111354e+00
2.306373249499857181e+01,3.165760653823541659e+00
2.308373821091740652e+01,3.508846617545593460e+00
2.310374392683623768e+01,3.378983718891252153e+00
2.312374964275507239e+01,2.749613746659045788e+00
2.314375535867390710e+01,2.877332874988177469e+00
2.316376107459274181e+01,3.347697168934471001e+00
2.318376679051157652e+01,2.625525679283805758e+00
2.320377250643041123e+01,3.317977676561270961e+00
2.322377822234924594e+01,2.456111932239352758e+00
2.324378393826807709e+01,2.489368368840465084e+00
2.326378965418691180e+01,3.462929616654657927e+00
2.328379537010574296e+01,3.014009806175263151e+00
2.330380108602457767e+01,2.797541432508621639e+00
2.332380680194341238e+01,3.813413723752340445e+00
2.334381251786224709e+01,3.066313941656138464e+00
2.336381823378108180e+01,3.145705618295282946e+00
2.338382394969991651e+01,2.316179650605638685e+00
2.340382966561875122e+01,2.635400792527751612e+00
2.342383538153758238e+01,2.915859390978507104e+00
2.344384109745641709e+01,3.072366703669664023e+00
2.346384681337524825e+01,2.696867339604378966e+00
2.348385252929408296e+01,2.734383762867389933e+00
2.350385824521291767e+01,2.834686107114722908e+00
2.352386396113175238e+01,2.869468628734853866e+00
2.354386967705058709e+01,3.241012482502340752e+00
2.356387539296942180e+01,2.982904976602037905e+00
2.358388110888825651e+01,3.292189341512530731e+00
2.360388682480708766e+01,2.398566851995996618e+00
2.362389254072592237e+01,2.722674813067314403e+00
2.364389825664475708e+01,3.141255247427545250e+00
2.366390397256358824e+01,3.718690191977349180e+00
2.368390968848242295e+01,4.221599100573345531e+00
2.370391540440125766e+01,3.943515839463417549e+00
2.372392112032009237e+01,3.811631871074209421e+00
2.374392683623892708e+01,4.228480630223232950e+00
2.376393255215776179e+01,3.461530712631239126e+00
2.378393826807659650e+01,4.140097576135268298e+00
2.380394398399542766e+01,4.412891635657988587e+00
2.382394969991426237e+01,3.434594926493614420e+00
2.384395541583309353e+01,5.145723779942558807e+00
2.386396113175192824e+01,3.988031007101961123e+00
2.388396684767076295e+01,5.254337441041597501e+00
2.390397256358959766e+01,4.065162135072657890e+00
2.392397827950843237e+01,5.771154312296811639e+00
2.394398399542726708e+01,5.295042298334125874e+00
2.396398971134610179e+01,5.699131544245667591e+00
2.398399542726493294e+01,5.456290957465469660e+00
2.400400114318376765e+01,5.120308490326329398e+00
2.402400685910260236e+01,6.101367859301713992e+00
2.404401257502143352e+01,5.941101231200994981e+00
2.406401829094026823e+01,6.822862892459265360e+00
2.408402400685910294e+01,5.940104836933999266e+00
2.410402972277793765e+01,6.581473967231197264e+00
2.412403543869677236e+01,6.521057032486304195e+00
2.414404115461560707e+01,7.460926650095396795e+00
2.416404687053444178e+01,7.792671864537213722e+00
2.418405258645327294e+01,7.591695824232138179e+00
2.420405830237210765e+01,8.201478695020352205e+00
2.422406401829093880e+01,7.939608133703128345e+00
2.424406973420977351e+01,8.000448299829365340e+00
2.426407545012860822e+01,8.630039564690624943e+00
2.428408116604744293e+01,9.215128982623783216e+00
2.430408688196627764e+01,9.517303073395588342e+00
2.432409259788511235e+01,1.002510416601081999e+01
2.434409831380394706e+01,1.107239368867046281e+01
2.436410402972277822e+01,1.108640056037325294e+01
2.438410974564161293e+01,1.071734578234774560e+01
2.440411546156044409e+01,1.133170799441909615e+01
2.442412117747927880e+01,1.223408485703239990e+01
2.444412689339811351e+01,1.221128760752895914e+01
2.446413260931694822e+01,1.297590687418965416e+01
2.448413832523578293e+01,1.293315613464290692e+01
2.450414404115461764e+01,1.305411639796718148e+01
2.452414975707345235e+01,1.381613652443992990e+01
2.454415547299228351e+01,1.448618513714091449e+01
2.456416118891111822e+01,1.414049689785651331e+01
2.458416690482995293e+01,1.456044794731719172e+01
2.460417262074878408e+01,1.508895736653330033e+01
2.462417833666761879e+01,1.534613496741077832e+01
2.464418405258645350e+01,1.510376310708360492e+01
2.466418976850528821e+01,1.500128783648916020e+01
2.468419548442412292e+01,1.514372446974613773e+01
2.470420120034295763e+01,1.484447202484938799e+01
2.472420691626179234e+01,1.402984893806631916e+01
2.474421263218062350e+01,1.434962310493929394e+01
2.476421834809945821e+01,1.353126399947216818e+01
2.478422406401828937e+01,1.246294934163597290e+01
2.480422977993712408e+01,1.190989188810465471e+01
2.482423549585595879e+01,1.046236005442007944e+01
2.484424121177479350e+01,1.025833998466566044e+01
2.486424692769362821e+01,9.400797735267950372e+00
2.488425264361246292e+01,8.200665232328525178e+00
2.490425835953129763e+01,7.861288162990108574e+00
2.492426407545012879e+01,6.443121270139506862e+00
2.494426979136896350e+01,7.416082925030100803e+00
2.496427550728779821e+01,6.265333254220471382e+00
2.498428122320662936e+01,6.157150307150823565e+00
2.500428693912546407e+01,5.261595382896103956e+00
2.502429265504429878e+01,4.319591528246625955e+00
2.504429837096313349e+01,4.803600686880833415e+00
2.506430408688196820e+01,4.502204534904312716e+00
2.508430980280080291e+01,4.544413639766990975e+00
2.510431551871963762e+01,3.848952571966948621e+00
2.512432123463846878e+01,2.695612745918839259e+00
2.514432695055730349e+01,3.916631408664035696e+00
2.516433266647613465e+01,4.037996662048992214e+00
2.518433838239496936e+01,2.399479785806219567e+00
2.520434409831380407e+01,3.566481076718999610e+00
2.522434981423263878e+01,2.907657791330267916e+00
2.524435553015147349e+01,2.307304611890248047e+00
2.526436124607030820e+01,3.443628889561550999e+00
2.528436696198914291e+01,3.192928337528732285e+00
2.530437267790797407e+01,3.515213136408157801e+00
2.532437839382680878e+01,3.128823357602177335e+00
2.534438410974563993e+01,3.170911448709279767e+00
2.536438982566447464e+01,3.213012789410854886e+00
2.538439554158330935e+01,2.999548985420912750e+00
2.540440125750214406e+01,3.019986484606915766e+00
2.542440697342097877e+01,2.779775317715449834e+00
2.544441268933981348e+01,3.339262873671837273e+00
2.546441840525864819e+01,2.787504292231548497e+00
2.548442412117747935e+01,2.886964104246502849e+00
2.550442983709631406e+01,3.346011718130998069e+00
2.552443555301514877e+01,2.992384571113462233e+00
2.554444126893397993e+01,2.686546074823731090e+00
2.556444698485281464e+01,2.819430475373817746e+00
2.558445270077164935e+01,2.933803747184157373e+00
2.560445841669048406e+01,2.933450929674751517e+00
2.562446413260931877e+01,2.743475619595041159e+00
2.564446984852815348e+01,3.730839544189985091e+00
2.566447556444698819e+01,2.782338947348843128e+00
2.568448128036581934e+01,3.081696676601199947e+00
2.570448699628465405e+01,3.066063638362006571e+00
2.572449271220348521e+01,3.298274595904303830e+00
2.574449842812231992e+01,3.034093969147974690e+00
2.576450414404115463e+01,2.747209959420313652e+00
2.578450985995998934e+01,2.802728294483554095e+00
2.580451557587882405e+01,2.564186080814419455e+00
2.582452129179765876e+01,2.678899152990176891e+00
2.584452700771649347e+01,3.626325147146738814e+00
2.586453272363532463e+01,2.721760223207064122e+00
2.588453843955415934e+01,3.022033343518097048e+00
2.590454415547299405e+01,3.589641181544110715e+00
2.592454987139182521e+01,2.814610719158292085e+00
2.594455558731065992e+01,3.645527512833254491e+00
2.596456130322949463e+01,3.222055941495276521e+00
2.598456701914832934e+01,3.197609045312285403e+00
2.600457273506716405e+01,2.679926718552034792e+00
2.602457845098599520e+01,2.412142973166838900e+00
2.604458416690482991e+01,2.815885073164982710e+00
2.606458988282366462e+01,2.802815849328899933e+00
2.608459559874249933e+01,3.471613741388129615e+00
2.610460131466133404e+01,1.921004178090940151e+00
2.612460703058016520e+01,2.476775871336552193e+00
2.614461274649899991e+01,2.530378448428629579e+00
2.616461846241783462e+01,2.708903835289543593e+00
2.618462417833666933e+01,2.602128307889870484e+00
2.620462989425550404e+01,3.373109533409797578e+00
2.622463561017433520e+01,2.696619066835226342e+00
2.624464132609316991e+01,2.167477642029599139e+00
2.626464704201200462e+01,2.466885527841432779e+00
2.628465275793083933e+01,1.736154655782431000e+00
2.630465847384967049e+01,2.531639241656941763e+00
2.632466418976850520e+01,2.754784494869056743e+00
2.634466990568733991e+01,2.670453084778889874e+00
2.636467562160617462e+01,2.040677441049012053e+00
2.638468133752500933e+01,1.892378603561859496e+00
2.640468705344384048e+01,2.361467691225301202e+00
2.642469276936267519e+01,2.674183373896082294e+00
2.644469848528150990e+01,2.092026530556115205e+00
2.646470420120034461e+01,2.843184317867221367e+00
2.648470991711917932e+01,1.934745718386809976e+00
2.650471563303801048e+01,2.483929052509371793e+00
2.652472134895684519e+01,2.136942333201484523e+00
2.654472706487567990e+01,2.733295058025887236e+00
2.656473278079451461e+01,2.795955759614589198e+00
2.658473849671334932e+01,2.682652165490061691e+00
2.660474421263218048e+01,3.081636001208973408e+00
2.662474992855101519e+01,2.747003607717299900e+00
2.664475564446984990e+01,2.548913352038469249e+00
2.666476136038868461e+01,2.166042007944710690e+00
2.668476707630751577e+01,2.760155799250123110e+00
2.670477279222635048e+01,2.309708568863960032e+00
2.672477850814518519e+01,2.780785845949367285e+00
2.674478422406401990e+01,2.106548145736000688e+00
2.676478993998285461e+01,2.288702321027485276e+00
2.678479565590168576e+01,2.270704413026300550e+00
2.680480137182052047e+01,2.377681165066727331e+00
2.682480708773935518e+01,1.451600494770195926e+00
2.684481280365818989e+01,2.332103397309758464e+00
2.686481851957702460e+01,2.279518652292670922e+00
2.688482423549585576e+01,1.720881899652927371e+00
2.690482995141469047e+01,2.593005506100225510e+00
2.692483566733352518e+01,2.391857883257356487e+00
2.694484138325235989e+01,1.985849740777348771e+00
2.696484709917119105e+01,2.101826224118509057e+00
2.698485281509002576e+01,2.882389213518803395e+00
2.700485853100886047e+01,2.148146532682412957e+00
2.702486424692769518e+01,2.781051799141075698e+00
2.704486996284652989e+01,2.385547787858294022e+00
2.706487567876536104e+01,2.189370804154452621e+00
2.708488139468419575e+01,2.308074759130340770e+00
2.710488711060303046e+01,2.411740607783722901e+00
2.712489282652186517e+01,2.279217220319154968e+00
2.714489854244069988e+01,1.676215209357319935e+00
2.716490425835953104e+01,2.379045416024907489e+00
2.718490997427836575e+01,2.103028451559652012e+00
2.720491569019720046e+01,2.774402159518770006e+00
2.722492140611603517e+01,1.575383298384160691e+00
2.724492712203486633e+01,1.528064396322709850e+00
2.726493283795370104e+01,2.677940086100542683e+00
2.728493855387253575e+01,2.174876473828321721e+00
2.730494426979137046e+01,1.591680225834011697e+00
2.732494998571020517e+01,1.360059803274201951e+00
2.734495570162903633e+01,1.541265180443361249e+00
2.736496141754787104e+01,1.887540707398803086e+00
2.738496713346670575e+01,2.892139602238253282e+00
2.740497284938554046e+01,2.498619368735657709e+00
2.742497856530437517e+01,1.760777016911605708e+00
2.744498428122320632e+01,2.055937232770146839e+00
2.746498999714204103e+01,2.315514361993681103e+00
2.748499571306087574e+01,1.894808371519428825e+00
2.750500142897971045e+01,1.845860492056714985e+00
2.752500714489854516e+01,1.962506040293195975e+00
2.754501286081737632e+01,2.320520608109351457e+00
2.756501857673621103e+01,2.096486465577409142e+00
2.758502429265504574e+01,1.818790377176025652e+00
2.760503000857388045e+01,1.756099979046051196e+00
2.762503572449271161e+01,2.941956380257256587e+00
2.764504144041154632e+01,1.796361193858244221e+00
2.766504715633038103e+01,2.696452882633515902e+00
2.768505287224921574e+01,2.004633185242668869e+00
2.770505858816805045e+01,2.208010452428071702e+00
2.772506430408688161e+01,2.505794947415346474e+00
2.774507002000571632e+01,2.661864095707855427e+00
2.776507573592455103e+01,1.931819335187302755e+00
2.778508145184338574e+01,2.685495566706834758e+00
2.780508716776222045e+01,1.818487836965206217e+00
2.782509288368105160e+01,2.071903256867704712e+00
2.784509859959988631e+01,2.140648351266768668e+00
2.786510431551872102e+01,1.929090260096915976e+00
2.788511003143755573e+01,2.990608612352075646e+00
2.790511574735638689e+01,2.622249041538940340e+00
2.792512146327522160e+01,2.929070130703185448e+00
2.794512717919405631e+01,2.508032290230874928e+00
2.796513289511289102e+01,3.389456573944178430e+00
2.798513861103172573e+01,3.439203021751044531e+00
2.800514432695055689e+01,3.346758096499476309e+00
2.802515004286939160e+01,2.707775196348887192e+00
2.804515575878822631e+01,2.784273201677548659e+00
2.806516147470706102e+01,2.927191832535397609e+00
2.808516719062589573e+01,2.434446196904574755e+00
2.810517290654472689e+01,2.326866168295583570e+00
2.812517862246356160e+01,3.114229197250049097e+00
2.814518433838239631e+01,2.621968392076399645e+00
2.816519005430123102e+01,3.629658653876823404e+00
2.818519577022006217e+01,3.396206720647897193e+00
2.820520148613889688e+01,3.077030794087853405e+00
2.822520720205773159e+01,3.124421575501126203e+00
2.824521291797656630e+01,4.071552020613260936e+00
2.826521863389540101e+01,3.770812509181013628e+00
2.828522434981423217e+01,3.919238822029154079e+00
2.830523006573306688e+01,4.033111716149807791e+00
2.832523578165190159e+01,3.481484929446000187e+00
2.834524149757073630e+01,3.590234221399897230e+00
2.836524721348957101e+01,3.676825106483286643e+00
2.838525292940840217e+01,3.954654166084533795e+00
2.840525864532723688e+01,4.562180506426407156e+00
2.842526436124607159e+01,4.776332189883115475e+00
2.844527007716490630e+01,4.155122983754752752e+00
2.846527579308374101e+01,4.250460275743697558e+00
2.848528150900257216e+01,4.540609023655517440e+00
2.850528722492140687e+01,4.345611608595428166e+00
2.852529294084024158e+01,4.922718387613469027e+00
2.854529865675907629e+01,4.578833262268705795e+00
2.856530437267790745e+01,5.245016300971069967e+00
2.858531008859674216e+01,4.103985569194740890e+00
2.860531580451557687e+01,4.991274797404525287e+00
2.862532152043441158e+01,4.840016745921060348e+00
2.864532723635324629e+01,3.972923674986872378e+00
2.866533295227207745e+01,4.905989602726760879e+00
2.868533866819091216e+01,3.629721957189356640e+00
2.870534438410974687e+01,4.274725351407737683e+00
2.872535010002858158e+01,3.875893942407357073e+00
2.874535581594741629e+01,3.840283348571414734e+00
2.876536153186624745e+01,3.892990931983252523e+00
2.878536724778508216e+01,3.349087330905597515e+00
2.880537296370391687e+01,2.916658414939798050e+00
2.882537867962275158e+01,3.144064539857610363e+00
2.884538439554158273e+01,3.224960020204086675e+00
2.886539011146041744e+01,2.881372124032463233e+00
2.888539582737925215e+01,1.927595642304882118e+00
2.890540154329808686e+01,2.225360787368987125e+00
2.892540725921692157e+01,3.125177572381181434e+00
2.894541297513575273e+01,2.117615755171449621e+00
2.896541869105458744e+01,1.914829411420524430e+00
2.898542440697342215e+01,2.090777713520968639e+00
2.900543012289225686e+01,2.293103063718579637e+00
2.902543583881109157e+01,2.587426233955289145e+00
2.904544155472992273e+01,2.980619426444779840e+00
2.906544727064875744e+01,2.223853147788223072e+00
2.908545298656759215e+01,2.580331494815260029e+00
2.910545870248642686e+01,2.282694756119661772e+00
2.912546441840525802e+01,1.567856275291739543e+00
2.914547013432409273e+01,3.098168162701374406e+00
2.916547585024292744e+01,2.009406805990429756e+00
2.918548156616176215e+01,2.668993991290548706e+00
2.920548728208059686e+01,2.637701296783292015e+00
2.922549299799942801e+01,2.550618854003642078e+00
2.924549871391826272e+01,1.525148881152384117e+00
2.926550442983709743e+01,2.524488316998432680e+00
2.928551014575593214e+01,1.970910633774489273e+00
2.930551586167476685e+01,2.173468463831288666e+00
2.932552157759359801e+01,2.939924933527071182e+00
2.934552729351243272e+01,2.516935444386308340e+00
2.936553300943126743e+01,2.737411924431288668e+00
2.938553872535010214e+01,1.535752700006196569e+00
2.940554444126893330e+01,1.520596887012560128e+00
2.942555015718776801e+01,2.030467300445363499e+00
2.944555587310660272e+01,2.085474893702936150e+00
2.946556158902543743e+01,1.605023659957703464e+00
2.948556730494427214e+01,2.347358744631069527e+00
2.950557302086310330e+01,2.093637381099133776e+00
2.952557873678193801e+01,2.349092701608409328e+00
2.954558445270077272e+01,2.280126017324531684e+00
2.956559016861960743e+01,2.934293406264172788e+00
2.958559588453844214e+01,2.882346954803050476e+00
2.960560160045727329e+01,2.794747719882695325e+00
2.962560731637610800e+01,2.936614768838081702e+00
2.964561303229494271e+01,2.614855293152253068e+00
2.966561874821377742e+01,3.234821049763003664e+00
2.968562446413261213e+01,3.146471654675234930e+00
2.970563018005144329e+01,2.138425126853700231e+00
2.972563589597027800e+01,2.305070780107402406e+00
2.974564161188911271e+01,2.450803965395315309e+00
2.976564732780794742e+01,3.468949751137207382e+00
2.978565304372677858e+01,3.207028500319425213e+00
2.980565875964561329e+01,2.253199902609076322e+00
2.982566447556444800e+01,2.697774730042244329e+00
2.984567019148328271e+01,3.059178905850520991e+00
2.986567590740211742e+01,3.204046071153827668e+00
2.988568162332094857e+01,2.944361869108978347e+00
2.990568733923978328e+01,3.987349137309203595e+00
2.992569305515861799e+01,3.661925857674326323e+00
2.994569877107745270e+01,3.340959275341294887e+00
2.996570448699628741e+01,3.635203568930121421e+00
2.998571020291511857e+01,3.853174439752541147e+00
3.000571591883395328e+01,4.320190494987262930e+00
3.002572163475278799e+01,3.825223810955554526e+00
3.004572735067162270e+01,4.182889573225843094e+00
3.006573306659045386e+01,4.540696033922861474e+00
3.008573878250928857e+01,4.720343223365751406e+00
3.010574449842812328e+01,4.718910715815191281e+00
3.012575021434695799e+01,5.205472987498775517e+00
3.014575593026579270e+01,5.841204206745835847e+00
3.016576164618462386e+01,5.617934972261634741e+00
3.018576736210345857e+01,6.095562602970002963e+00
3.020577307802229328e+01,5.747252834229417573e+00
3.022577879394112799e+01,5.675662996365399060e+00
3.024578450985996270e+01,6.000609986705120136e+00
3.026579022577879385e+01,5.725813966181594772e+00
3.028579594169762856e+01,6.412481881440858622e+00
3.030580165761646327e+01,6.362807428443074009e+00
3.032580737353529798e+01,7.419806586263790749e+00
3.034581308945412914e+01,6.769964704846758607e+00
3.036581880537296385e+01,7.116557938133717620e+00
3.038582452129179856e+01,8.005026508943510422e+00
3.040583023721063327e+01,7.130182932462034273e+00
3.042583595312946798e+01,7.099964603299239840e+00
3.044584166904829914e+01,7.124116862554925156e+00
3.046584738496713385e+01,7.728385639368422488e+00
3.048585310088596856e+01,8.670748676660142706e+00
3.050585881680480327e+01,7.520172250142453940e+00
3.052586453272363798e+01,7.769462803380109861e+00
3.054587024864246914e+01,7.626565548520752635e+00
3.056587596456130385e+01,7.361119131209381550e+00
3.058588168048013856e+01,7.889395282849458901e+00
3.060588739639897327e+01,6.299135008710935679e+00
3.062589311231780798e+01,6.137076329049566681e+00
3.064589882823663913e+01,7.074580202819426233e+00
3.066590454415547384e+01,6.005723700042656432e+00
3.068591026007430855e+01,5.065392748021130487e+00
3.070591597599314326e+01,5.049425403446484495e+00
3.072592169191197442e+01,4.885841023409812856e+00
3.074592740783080913e+01,5.793828239557674564e+00
3.076593312374964384e+01,4.448905913234169063e+00
3.078593883966847855e+01,5.082715807174197131e+00
3.080594455558731326e+01,4.643133640066331225e+00
3.082595027150614442e+01,4.634952229985874084e+00
3.084595598742497913e+01,5.351240824496473536e+00
3.086596170334381384e+01,4.716895180874075777e+00
3.088596741926264855e+01,4.706666071353684977e+00
3.090597313518148326e+01,4.923313755953022230e+00
3.092597885110031442e+01,5.974825747400775100e+00
3.094598456701914913e+01,5.594385308190925166e+00
3.096599028293798384e+01,5.950385009386846669e+00
3.098599599885681855e+01,5.782360177674604529e+00
3.100600171477564970e+01,7.016468733546995296e+00
3.102600743069448441e+01,6.274553271887150174e+00
3.104601314661331912e+01,6.560270684509372785e+00
3.106601886253215383e+01,6.499299639821360053e+00
3.108602457845098854e+01,7.587126343801327444e+00
3.110603029436981970e+01,7.469713347299945738e+00
3.112603601028865441e+01,7.089575886559360995e+00
3.114604172620748912e+01,7.933693825401078037e+00
3.116604744212632383e+01,8.040546291915667609e+00
3.118605315804515854e+01,8.440382695853269723e+00
3.120605887396398970e+01,8.511023464501224822e+00
3.122606458988282441e+01,8.669975864655844688e+00
3.124607030580165912e+01,9.489519962902335237e+00
3.126607602172049383e+01,9.302520593308653218e+00
3.128608173763932498e+01,9.416879369388365006e+00
3.130608745355815969e+01,9.220533390371084437e+00
3.132609316947699440e+01,9.002461187861378278e+00
3.134609888539582911e+01,1.032825218591422711e+01
3.136610460131466382e+01,1.008699180227219827e+01
3.138611031723349498e+01,1.006992049470763462e+01
3.140611603315232969e+01,1.049779264953599522e+01
3.142612174907116440e+01,1.052584757456677877e+01
3.144612746498999911e+01,1.091269995334922172e+01
3.146613318090883382e+01,1.198586211085602926e+01
3.148613889682766498e+01,1.303896072832714381e+01
3.150614461274649969e+01,1.369237098652818041e+01
3.152615032866533440e+01,1.377915930999009397e+01
3.154615604458416911e+01,1.460215667093882530e+01
3.156616176050300382e+01,1.634236460215115372e+01
3.158616747642183498e+01,1.752801683702741897e+01
3.160617319234066969e+01,1.902467075598119806e+01
3.162617890825950440e+01,1.900193152210733771e+01
3.164618462417833911e+01,2.138117723734610820e+01
3.166619034009717026e+01,2.228408107554155748e+01
3.168619605601600497e+01,2.392154037547918932e+01
3.170620177193483968e+01,2.560414008106551620e+01
3.172620748785367439e+01,2.783007355457468535e+01
3.174621320377250910e+01,3.017903864137553427e+01
3.176621891969134026e+01,3.182920555547119434e+01
3.178622463561017497e+01,3.401252952600743384e+01
3.180623035152900968e+01,3.649998461718636378e+01
3.182623606744784439e+01,3.845144725560214027e+01
3.184624178336667910e+01,4.126773870159466640e+01
3.186624749928551026e+01,4.335513518891885099e+01
3.188625321520434497e+01,4.518853602853354090e+01
3.190625893112317968e+01,4.802344855458875372e+01
3.192626464704201439e+01,5.031632970418407780e+01
3.194627036296084555e+01,5.181671226521982021e+01
3.196627607887968026e+01,5.312311628307941191e+01
3.198628179479851497e+01,5.497182702384076691e+01
3.200628751071734968e+01,5.680847797226047646e+01
3.202629322663618439e+01,5.747277536760098826e+01
3.204629894255501199e+01,5.813687816899206950e+01
3.206630465847385381e+01,5.714657035264862373e+01
3.208631037439268141e+01,5.716235642822869067e+01
3.210631609031152323e+01,5.653972556557798157e+01
3.212632180623035083e+01,5.507082844783143116e+01
3.214632752214918554e+01,5.393601756670661018e+01
3.216633323806802025e+01,5.354674850931969843e+01
3.218633895398685496e+01,5.177231503819973568e+01
3.220634466990568967e+01,5.068447606644673442e+01
3.222635038582451728e+01,4.943965921462211099e+01
3.224635610174335909e+01,4.813911846206811163e+01
3.226636181766218670e+01,4.677551813248123835e+01
3.228636753358102851e+01,4.578798948350279119e+01
3.230637324949985612e+01,4.488606828077581667e+01
3.232637896541869083e+01,4.384132385013425903e+01
3.234638468133752554e+01,4.304770095418534481e+01
3.236639039725636025e+01,4.228021076152991498e+01
3.238639611317519496e+01,4.214116367729148038e+01
3.240640182909402967e+01,4.282407925898033341e+01
3.242640754501286438e+01,4.211792032209086756e+01
3.244641326093169198e+01,4.284802680092873572e+01
3.246641897685053380e+01,4.367027998187671045e+01
3.248642469276936140e+01,4.522625608178119450e+01
3.250643040868819611e+01,4.651852111418337188e+01
3.252643612460703082e+01,4.737317165346024694e+01
3.254644184052586553e+01,4.809632416222540741e+01
3.256644755644470024e+01,4.978312923182812710e+01
3.258645327236353495e+01,5.076233068344493660e+01
3.260645898828236966e+01,5.184769772868472870e+01
3.262646470420119726e+01,5.144121997804336388e+01
3.264647042012003908e+01,5.226991411694807965e+01
3.266647613603886668e+01,5.152980606861460444e+01
3.268648185195770850e+01,5.099121007245658177e+01
3.270648756787653610e+01,5.052803118847767649e+01
3.272649328379537081e+01,4.920965430847549271e+01
3.274649899971420552e+01,4.719258170872163305e+01
3.276650471563304023e+01,4.508179138804845110e+01
3.278651043155187494e+01,4.224931157934410919e+01
3.280651614747070255e+01,3.921635903560768810e+01
3.282652186338954436e+01,3.670760645927574473e+01
3.284652757930837197e+01,3.358768373116252803e+01
3.286653329522721378e+01,3.005515412866134284e+01
3.288653901114604139e+01,2.759848963778172504e+01
3.290654472706487610e+01,2.407987749718953552e+01
3.292655044298371081e+01,2.215176684474252511e+01
3.294655615890254552e+01,1.904989258099973526e+01
3.296656187482138023e+01,1.681528329989360060e+01
3.298656759074020783e+01,1.541839958762268914e+01
3.300657330665904965e+01,1.254001894670443917e+01
3.302657902257787725e+01,1.179561823468660364e+01
3.304658473849671907e+01,1.033798005746234594e+01
3.306659045441554667e+01,8.880135977692592775e+00
3.308659617033438138e+01,7.828701869816651282e+00
3.310660188625321609e+01,7.569535248130978111e+00
3.312660760217205080e+01,6.463571592575235059e+00
3.314661331809088551e+01,6.014008533139018731e+00
3.316661903400971312e+01,5.639294768209929032e+00
3.318662474992855493e+01,5.017478839884963904e+00
3.320663046584738254e+01,4.819684186889583444e+00
3.322663618176622435e+01,4.710709661784162172e+00
3.324664189768505196e+01,4.412336206502721403e+00
3.326664761360388667e+01,4.187497517672432501e+00
3.328665332952272138e+01,3.607003458762089387e+00
3.330665904544155609e+01,3.754206567913648485e+00
3.332666476136039080e+01,3.755622670759217296e+00
3.334667047727922551e+01,2.774348472548266553e+00
3.336667619319806022e+01,3.643724558971445759e+00
3.338668190911688782e+01,3.184623559501305934e+00
3.340668762503572964e+01,3.610766904480788853e+00
3.342669334095455724e+01,3.037958891509682235e+00
3.344669905687339195e+01,2.685720221388268492e+00
3.346670477279222666e+01,3.729585765887345250e+00
3.348671048871106137e+01,2.673360532756343666e+00
3.350671620462989608e+01,3.481590702378852598e+00
3.352672192054873079e+01,3.041106073850368130e+00
3.354672763646756550e+01,2.314145931507406662e+00
3.356673335238639311e+01,2.569794327757564112e+00
3.358673906830523492e+01,2.928713842834876235e+00
3.360674478422406253e+01,2.129085284105335152e+00
3.362675050014290434e+01,3.490617586552628104e+00
3.364675621606173195e+01,2.540795795970172577e+00
3.366676193198056666e+01,2.612586350298731652e+00
3.368676764789940137e+01,2.019769926683092187e+00
3.370677336381823608e+01,2.285147840785969997e+00
3.372677907973707079e+01,3.028283024360961306e+00
3.374678479565589839e+01,3.038549280497820693e+00
3.376679051157474021e+01,2.546349105421328751e+00
3.378679622749356781e+01,2.861065974006722357e+00
3.380680194341240963e+01,3.185098197356468042e+00
3.382680765933123723e+01,3.199151874615906443e+00
3.384681337525007194e+01,3.727168885241370688e+00
3.386681909116890665e+01,3.441747150995564830e+00
3.388682480708774136e+01,3.625243494547000456e+00
3.390683052300657607e+01,2.825056220991839062e+00
3.392683623892540368e+01,3.945711289209003159e+00
3.394684195484424549e+01,3.726178520934834815e+00
3.396684767076307310e+01,3.747529528806551102e+00
3.398685338668191491e+01,4.414828724384863179e+00
3.400685910260074252e+01,4.813167564080385930e+00
3.402686481851957723e+01,4.870151753771565950e+00
3.404687053443841194e+01,4.477681095499722375e+00
3.406687625035724665e+01,4.499978278441429502e+00
3.408688196627608136e+01,5.710781632904498473e+00
3.410688768219490896e+01,5.369640160562463294e+00
3.412689339811375078e+01,5.598459370401563717e+00
3.414689911403257838e+01,6.885803933032553559e+00
3.416690482995142020e+01,7.003718251560232311e+00
3.418691054587024780e+01,7.657538614673683242e+00
3.420691626178908251e+01,7.508436508452646763e+00
3.422692197770791722e+01,7.556274000961929360e+00
3.424692769362675193e+01,8.869295510042215724e+00
3.426693340954558664e+01,8.657126413966867773e+00
3.428693912546442135e+01,8.907992292845444027e+00
3.430694484138325606e+01,9.306903213885073356e+00
3.432695055730208367e+01,8.936027363398146406e+00
3.434695627322092548e+01,9.370157481306964797e+00
3.436696198913975309e+01,9.722509170750978313e+00
3.438696770505858780e+01,1.028319626823600252e+01
3.440697342097742251e+01,9.706105873830692232e+00
3.442697913689625722e+01,1.020621955201015574e+01
3.444698485281509193e+01,1.044229739729186335e+01
3.446699056873392664e+01,9.966498463453561385e+00
3.448699628465276135e+01,9.925270476155967359e+00
3.450700200057158895e+01,8.855201686321365173e+00
3.452700771649043077e+01,8.891228630613099426e+00
3.454701343240925837e+01,8.432044941609143862e+00
3.456701914832810019e+01,7.403774292955092484e+00
3.458702486424692779e+01,7.773348041867860658e+00
3.460703058016576250e+01,6.312815511900645937e+00
3.462703629608459721e+01,5.963158499297422921e+00
3.464704201200343192e+01,4.877475287683765259e+00
3.466704772792226663e+01,4.589684602310255990e+00
3.468705344384109424e+01,4.654486095484680064e+00
3.470705915975993605e+01,4.118148971446951911e+00
3.472706487567876366e+01,3.848632501405615081e+00
3.474707059159760547e+01,3.254969223906117204e+00
3.476707630751643308e+01,3.616636406704650142e+00
3.478708202343526779e+01,3.070225168325748211e+00
3.480708773935410250e+01,2.698353123151210120e+00
3.482709345527293721e+01,3.149084247088426380e+00
3.484709917119177192e+01,1.926277691191540242e+00
3.486710488711059952e+01,1.860289123009478907e+00
3.488711060302944134e+01,2.464905750700563392e+00
3.490711631894826894e+01,2.678817352050722356e+00
3.492712203486711076e+01,2.301484611101294320e+00
3.494712775078593836e+01,1.569348872212276813e+00
3.496713346670477307e+01,2.336164583200548428e+00
3.498713918262360778e+01,1.825750831610855052e+00
3.500714489854244249e+01,1.832276991409000466e+00
3.502715061446127720e+01,1.985369745420665577e+00
3.504715633038010481e+01,1.506557730921205707e+00
3.506716204629894662e+01,1.347763353355768912e+00
3.508716776221777423e+01,2.292584743014112192e+00
3.510717347813661604e+01,1.177992637128526976e+00
3.512717919405544365e+01,1.095390074455152796e+00
3.514718490997427836e+01,2.341165165327292463e+00
3.516719062589311307e+01,1.719061326333791495e+00
3.518719634181194778e+01,2.185912218131599971e+00
3.520720205773078249e+01,1.181681357579509983e+00
3.522720777364961720e+01,1.134217146524129527e+00
3.524721348956845191e+01,1.846376438777282747e+00
3.526721920548727951e+01,1.439200583667294975e+00
3.528722492140612133e+01,1.632354997590499623e+00
3.530723063732494893e+01,2.426409975566464539e+00
3.532723635324378364e+01,1.833162916536032583e+00
3.534724206916261835e+01,9.700126425094259819e-01
3.536724778508145306e+01,1.628136999332305157e+00
3.538725350100028777e+01,1.397401772558744204e+00
3.540725921691912248e+01,1.749135021738466467e+00
3.542726493283795719e+01,1.400192138630935723e+00
3.544727064875678479e+01,1.581108254536042645e+00
3.546727636467562661e+01,1.190739187980883518e+00
3.548728208059445421e+01,2.045263677121146983e+00
3.550728779651329603e+01,1.847569196497122146e+00
3.552729351243212363e+01,2.418356363577119250e+00
3.554729922835095834e+01,1.176746669724352490e+00
3.556730494426979305e+01,1.856501425679216055e+00
3.558731066018862776e+01,1.641321016195946836e+00
3.560731637610746247e+01,1.573624790315238497e+00
3.562732209202629008e+01,1.841623074941842297e+00
3.564732780794513189e+01,2.301258540142123721e+00
3.566733352386395950e+01,2.106300103376784527e+00
3.568733923978280131e+01,1.372681557281012044e+00
3.570734495570162892e+01,2.008985068486665693e+00
3.572735067162046363e+01,2.256879449251414371e+00
3.574735638753929834e+01,1.256604773155981736e+00
3.576736210345813305e+01,2.109588551499844478e+00
3.578736781937696776e+01,2.321175200172609809e+00
3.580737353529579536e+01,2.118115337457616043e+00
3.582737925121463718e+01,1.255802029207060411e+00
3.584738496713346478e+01,2.082066745756468773e+00
3.586739068305230660e+01,1.606620690825733888e+00
3.588739639897113420e+01,2.471406926974050400e+00
3.590740211488996891e+01,7.854152047814859650e-01
3.592740783080880362e+01,1.162128828838399075e+00
3.594741354672763833e+01,1.092453392987410954e+00
3.596741926264647304e+01,1.070081333896614639e+00
3.598742497856530065e+01,9.370423400401266534e-01
3.600743069448414246e+01,2.023638424730192842e+00
3.602743641040297007e+01,1.347795483848417408e+00
3.604744212632181188e+01,2.230770411846289214e+00
3.606744784224063949e+01,1.217401794965831119e+00
3.608745355815947420e+01,1.388648350314433344e+00
3.610745927407830891e+01,1.016470610775511041e+00
3.612746498999714362e+01,1.735168191340498822e+00
3.614747070591597833e+01,1.298081431203184088e+00
3.616747642183481304e+01,1.446700590014921683e+00
3.618748213775364775e+01,1.646664623519436432e+00
3.620748785367247535e+01,1.882001085527315487e+00
3.622749356959131717e+01,1.815766229755290340e+00
3.624749928551014477e+01,1.477925747504475584e+00
3.626750500142897948e+01,1.626973087344381064e+00
3.628751071734781419e+01,1.668967445566939212e+00
3.630751643326664890e+01,1.545540749358479626e+00
3.632752214918548361e+01,1.980303252404959302e+00
3.634752786510431832e+01,2.109717270371157305e+00
3.636753358102315303e+01,2.277151357771471041e+00
3.638753929694198064e+01,2.159054288993329518e+00
3.640754501286082245e+01,2.162475677574368760e+00
3.642755072877965006e+01,1.724494216947931813e+00
3.644755644469849187e+01,1.797211585519686627e+00
3.646756216061731948e+01,2.359270846152186074e+00
3.648756787653615419e+01,1.217468065625803231e+00
3.650757359245498890e+01,1.593048175986340187e+00
3.652757930837382361e+01,2.052221914412792003e+00
3.654758502429265832e+01,1.821734872901885183e+00
3.656759074021148592e+01,1.031326383506947053e+00
3.658759645613032774e+01,1.338169112627777713e+00
3.660760217204915534e+01,9.188885312879013778e-01
3.662760788796799716e+01,1.959479411428308282e+00
3.664761360388682476e+01,1.495909531318874164e+00
3.666761931980565947e+01,2.021494027658746084e+00
3.668762503572449418e+01,1.849206840451441680e+00
3.670763075164332889e+01,1.589787326820530033e+00
3.672763646756216360e+01,1.266305555033524488e+00
3.674764218348099121e+01,1.985451579111822795e+00
3.676764789939983302e+01,1.716988637953691832e+00
3.678765361531866063e+01,1.836651754255126612e+00
3.680765933123750244e+01,1.371864828084071286e+00
3.682766504715633005e+01,2.035251300414029352e+00
3.684767076307516476e+01,1.455387321094533615e+00
3.686767647899399947e+01,1.700861732650919667e+00
3.688768219491283418e+01,1.461778842239155107e+00
3.690768791083166889e+01,1.241121192515867167e+00
3.692769362675049649e+01,1.398122068029019616e+00
3.694769934266933831e+01,1.427159766381062456e+00
3.696770505858816591e+01,2.170871064556243013e+00
3.698771077450700773e+01,1.663160531251957064e+00
3.700771649042583533e+01,1.382444397329957830e+00
3.702772220634467004e+01,1.321574998313358673e+00
3.704772792226350475e+01,1.048053885644419481e+00
3.706773363818233946e+01,1.313558216024562020e+00
3.708773935410117417e+01,8.861912544519334745e-01
3.710774507002000888e+01,1.453753941218111301e+00
3.712775078593884359e+01,1.850889174023944594e+00
3.714775650185767120e+01,1.438985997353634971e+00
3.716776221777651301e+01,1.685384609016634005e+00
3.718776793369534062e+01,1.891019279398356456e+00
3.720777364961417533e+01,1.211778871786165501e+00
3.722777936553301004e+01,1.068729611093732546e+00
3.724778508145184475e+01,5.878140464349802530e-01
3.726779079737067946e+01,1.280393696598064901e+00
3.728779651328951417e+01,2.031519501416755524e+00
3.730780222920834888e+01,6.440982143826107231e-01
3.732780794512717648e+01,1.168574335013805365e+00
3.734781366104601830e+01,1.182584822519363588e+00
3.736781937696484590e+01,1.678872193909894506e+00
3.738782509288368772e+01,1.234380434727775588e+00
3.740783080880251532e+01,8.109004404082165163e-01
3.742783652472135003e+01,1.066609486660375250e+00
3.744784224064018474e+01,1.340137534361711014e+00
3.746784795655901945e+01,1.434602172924183350e+00
3.748785367247785416e+01,1.399332655772274947e+00
3.750785938839668177e+01,1.688844890793119724e+00
3.752786510431552358e+01,1.608673021066783448e+00
3.754787082023435119e+01,1.402626086145549511e+00
3.756787653615319300e+01,1.543189619646095689e+00
3.758788225207202061e+01,1.426033979002461427e+00
3.760788796799085532e+01,1.924221119415559400e+00
3.762789368390969003e+01,1.981860630805162504e+00
3.764789939982852474e+01,1.344129315558980409e+00
3.766790511574735945e+01,1.758782855221094232e+00
3.768791083166618705e+01,1.630219027440411139e+00
3.770791654758502887e+01,1.725188377234578185e+00
3.772792226350385647e+01,2.132283802355881441e+00
3.774792797942269829e+01,1.790285576654089716e+00
3.776793369534152589e+01,1.577793725108031619e+00
3.778793941126036060e+01,1.274399273961183798e+00
3.780794512717919531e+01,1.509344333667864024e+00
3.782795084309803002e+01,1.925917104728130269e+00
3.784795655901686473e+01,1.311709607992608495e+00
3.786796227493569234e+01,1.801368878560462239e+00
3.788796799085453415e+01,1.492797724540988025e+00
3.790797370677336176e+01,1.646802126536489164e+00
3.792797942269220357e+01,1.765071410083054682e+00
3.794798513861103118e+01,1.702851280664138933e+00
3.796799085452986589e+01,1.975240065516650656e+00
3.798799657044870060e+01,2.499788916260705207e+00
3.800800228636753531e+01,2.463884620730454778e+00
3.802800800228637002e+01,2.842383067746242276e+00
3.804801371820520473e+01,2.242180113190105128e+00
3.806801943412403944e+01,1.552775390051993165e+00
3.808802515004286704e+01,2.349337152084377767e+00
3.810803086596170886e+01,1.818605590902160785e+00
3.812803658188053646e+01,2.082054271303086068e+00
3.814804229779937117e+01,2.582009895620500206e+00
3.816804801371820588e+01,1.974738769746453126e+00
3.818805372963704059e+01,2.218686253963545241e+00
3.820805944555587530e+01,2.081923562489529367e+00
3.822806516147471001e+01,1.434226676260601296e+00
3.824807087739354472e+01,2.294451644289694059e+00
3.826807659331237232e+01,2.238149258235279326e+00
3.828808230923121414e+01,2.533367372600674905e+00
3.830808802515004174e+01,2.055298618017656676e+00
3.832809374106888356e+01,2.237380493757984201e+00
3.834809945698771116e+01,2.281357362421889690e+00
3.836810517290654587e+01,2.630102497543806095e+00
3.838811088882538058e+01,1.777761107518803563e+00
3.840811660474421529e+01,2.677453509853132463e+00
3.842812232066305000e+01,2.975814268922569283e+00
3.844812803658187761e+01,2.842387147961936034e+00
3.846813375250071942e+01,2.584943167875835002e+00
3.848813946841954703e+01,2.572871727258829289e+00
3.850814518433838884e+01,2.382872056731561550e+00
3.852815090025721645e+01,2.753079971788656266e+00
3.854815661617605116e+01,3.357171371222932521e+00
3.856816233209488587e+01,3.470133517837552528e+00
3.858816804801372058e+01,3.545981533063503832e+00
3.860817376393255529e+01,3.682639623320712818e+00
3.862817947985138289e+01,3.656116828877506997e+00
3.864818519577022471e+01,2.399195112924445539e+00
3.866819091168905231e+01,3.150799671612555919e+00
3.868819662760789413e+01,2.522388577384307329e+00
3.870820234352672173e+01,2.844134210198139723e+00
3.872820805944555644e+01,2.882243145346958357e+00
3.874821377536439115e+01,2.908033054548616825e+00
3.876821949128322586e+01,2.693144745684045827e+00
3.878822520720206057e+01,2.337471679262124180e+00
3.880823092312088818e+01,2.293362737000501639e+00
3.882823663903972999e+01,1.708242042690317319e+00
3.884824235495855760e+01,2.454708164139482562e+00
3.886824807087739941e+01,1.936699470614621665e+00
3.888825378679622702e+01,2.274003589466801589e+00
3.890825950271506173e+01,1.647829280060966184e+00
3.892826521863389644e+01,1.821894752020783770e+00
3.894827093455273115e+01,1.125654692881065566e+00
3.896827665047156586e+01,1.708193555027472055e+00
3.898828236639040057e+01,9.920988371038366171e-01
3.900828808230923528e+01,1.582018368959966725e+00
3.902829379822806288e+01,1.798447643578973132e+00
3.904829951414690470e+01,1.509913764622378585e+00
3.906830523006573230e+01,1.125820163365410131e+00
3.908831094598456701e+01,1.673421642399739007e+00
3.910831666190340172e+01,1.080561564376212313e+00
3.912832237782223643e+01,1.585360981467860864e+00
3.914832809374107114e+01,2.225183891493764055e+00
3.916833380965990585e+01,7.992823191974859354e-01
3.918833952557874056e+01,9.781098314493843482e-01
3.920834524149756817e+01,1.187994976176209416e+00
3.922835095741640998e+01,1.655063554460232123e+00
3.924835667333523759e+01,2.053106487951166237e+00
3.926836238925407940e+01,1.184158939155555590e+00
3.928836810517290701e+01,1.105707215931938991e+00
3.930837382109174172e+01,1.870082890301709710e+00
3.932837953701057643e+01,1.134435825691935795e+00
3.934838525292941114e+01,1.232531068295471766e+00
3.936839096884824585e+01,1.882657587134258570e+00
3.938839668476707345e+01,1.521576661857405810e+00
3.940840240068591527e+01,7.225324348786701378e-01
3.942840811660474287e+01,2.023876540890356068e+00
3.944841383252358469e+01,1.016303624181403187e+00
3.946841954844241229e+01,1.923091428660586022e+00
3.948842526436124700e+01,1.299191356005005016e+00
3.950843098028008171e+01,1.505754822318805308e+00
3.952843669619891642e+01,1.326993289649368135e+00
3.954844241211775113e+01,9.232393861181563688e-01
3.956844812803657874e+01,1.464779564317084004e+00
3.958845384395542055e+01,1.534634217558648484e+00
3.960845955987424816e+01,7.105292306096856469e-01
3.962846527579308997e+01,9.728403548393560474e-01
3.964847099171191758e+01,2.058988951939429768e+00
3.966847670763075229e+01,1.475743355618285513e+00
3.968848242354958700e+01,1.661284248566905042e+00
3.970848813946842171e+01,1.079614271818602811e+00
3.972849385538725642e+01,1.195175345647541354e+00
3.974849957130608402e+01,7.242885878253093601e-01
3.976850528722492584e+01,2.118341055585116539e+00
3.978851100314375344e+01,1.516796254932753607e+00
3.980851671906259526e+01,1.104953426397992988e+00
3.982852243498142286e+01,1.783877851899792644e+00
3.984852815090025757e+01,1.827389958822091431e+00
3.986853386681909228e+01,1.800209627825090752e+00
3.988853958273792699e+01,1.736478908821256883e+00
3.990854529865676170e+01,1.173899894537588251e+00
3.992855101457559641e+01,1.001495172848859916e+00
3.994855673049443112e+01,8.340594351852608224e-01
3.996856244641325873e+01,1.518926786253096850e+00
3.998856816233210054e+01,1.552198008085251768e+00
4.000857387825092815e+01,2.131413413284616087e+00
4.002857959416976286e+01,1.059739266540487890e+00
4.004858531008859757e+01,1.433218325242112012e+00
4.006859102600743228e+01,1.333755299940494021e+00
4.008859674192626699e+01,1.216505977814908990e+00
4.010860245784510170e+01,1.159016736844498130e+00
4.012860817376393641e+01,1.403499456299510006e+00
4.014861388968276401e+01,8.209306261897851842e-01
4.016861960560160583e+01,2.011712092369333682e+00
4.018862532152043343e+01,1.124175835879994256e+00
4.020863103743927525e+01,1.143207179526854134e+00
4.022863675335810285e+01,1.188267823358975850e+00
4.024864246927693756e+01,1.564922781389127993e+00
4.026864818519577227e+01,1.627485976340143026e+00
4.028865390111460698e+01,1.144258541878480306e+00
4.030865961703344169e+01,2.031411734248904200e+00
4.032866533295226930e+01,1.602572357741733677e+00
4.034867104887111111e+01,1.883922329995030953e+00
4.036867676478993872e+01,1.616470847452827320e+00
4.038868248070878053e+01,1.240755812957504034e+00
4.040868819662760814e+01,8.564058835733718844e-01
4.042869391254644285e+01,1.631461250901450999e+00
4.044869962846527756e+01,2.226313750393016822e+00
4.046870534438411227e+01,1.550000737207075430e+00
4.048871106030294698e+01,1.435968306038819531e+00
4.050871677622177458e+01,1.104448245305601262e+00
4.052872249214061640e+01,1.130347117916992161e+00
4.054872820805944400e+01,1.495933975357059520e+00
4.056873392397828582e+01,1.159266219097473183e+00
4.058873963989711342e+01,1.217347717085618619e+00
4.060874535581594813e+01,1.468859694106997793e+00
4.062875107173478284e+01,1.146309430041186017e+00
4.064875678765361755e+01,1.473104797243624198e+00
4.066876250357245226e+01,1.830428239971708448e+00
4.068876821949127986e+01,1.809088383959936763e+00
4.070877393541012168e+01,1.301752247731280621e+00
4.072877965132894929e+01,8.795442189337938643e-01
4.074878536724779110e+01,2.256390062389538542e+00
4.076879108316661871e+01,1.775756429753010401e+00
4.078879679908545342e+01,1.732293641758397396e+00
4.080880251500428813e+01,1.873938388155118373e+00
4.082880823092312284e+01,1.369747052122845421e+00
4.084881394684195755e+01,2.464179780281458232e+00
4.086881966276079226e+01,1.257985944188511507e+00
4.088882537867962697e+01,1.910278502333536021e+00
4.090883109459845457e+01,1.850737261160949387e+00
4.092883681051729639e+01,2.249659251477881483e+00
4.094884252643612399e+01,2.377913070175066146e+00
4.096884824235495870e+01,2.634019508153523592e+00
4.098885395827379341e+01,2.148143516354807048e+00
4.100885967419262812e+01,2.003798014016965112e+00
4.102886539011146283e+01,2.555609734220295248e+00
4.104887110603029754e+01,3.347158032607493894e+00
4.106887682194913225e+01,3.115731669530680037e+00
4.108888253786795985e+01,3.560447667989230958e+00
4.110888825378680167e+01,3.156960517953848022e+00
4.112889396970562927e+01,3.391331164065264581e+00
4.114889968562447109e+01,3.333341405721310657e+00
4.116890540154329869e+01,3.922020714983677436e+00
4.118891111746213340e+01,4.283352793426113969e+00
4.120891683338096811e+01,4.281860070552887976e+00
4.122892254929980282e+01,4.738475795035983040e+00
4.124892826521863753e+01,5.860888091782596732e+00
4.126893398113746514e+01,5.537520922826002945e+00
4.128893969705630695e+01,5.562199024918536239e+00
4.130894541297513456e+01,5.047376513631570916e+00
4.132895112889397637e+01,6.222955933800832895e+00
4.134895684481280398e+01,6.476678365788453462e+00
4.136896256073163869e+01,7.523713462022771026e+00
4.138896827665047340e+01,7.646413467962704047e+00
4.140897399256930811e+01,8.092337552756326602e+00
4.142897970848814282e+01,8.761492298553072544e+00
4.144898542440697042e+01,8.867768106145494045e+00
4.146899114032581224e+01,8.542581659696409702e+00
4.148899685624463984e+01,9.632684755557690437e+00
4.150900257216348166e+01,1.100203877244203809e+01
4.152900828808230926e+01,1.002496404236765315e+01
4.154901400400114397e+01,1.192050437869937518e+01
4.156901971991997868e+01,1.173786678509735282e+01
4.158902543583881339e+01,1.224972753375704215e+01
4.160903115175764810e+01,1.410509756440101903e+01
4.162903686767647571e+01,1.420654292960623977e+01
4.164904258359531752e+01,1.572302198461396472e+01
4.166904829951414513e+01,1.660226058439435803e+01
4.168905401543298694e+01,1.727204729765984226e+01
4.170905973135181455e+01,1.868244601274091110e+01
4.172906544727064926e+01,1.993312388547554548e+01
4.174907116318948397e+01,2.115496642740295030e+01
4.176907687910831868e+01,2.199356298841844648e+01
4.178908259502715339e+01,2.394051246322437621e+01
4.180908831094598810e+01,2.535880783944289618e+01
4.182909402686482281e+01,2.585922408945206641e+01
4.184909974278365041e+01,2.746959329530704608e+01
4.186910545870249223e+01,2.817388128095871735e+01
4.188911117462131983e+01,2.760463241600019302e+01
4.190911689054015454e+01,2.776612939902107513e+01
4.192912260645898925e+01,2.892635299085138811e+01
4.194912832237782396e+01,2.930151413372060176e+01
4.196913403829665867e+01,2.895682434410607797e+01
4.198913975421549338e+01,2.821522260502698032e+01
4.200914547013432809e+01,2.677977984399785427e+01
4.202915118605316280e+01,2.646469677541768561e+01
4.204915690197199041e+01,2.577740403047754114e+01
4.206916261789082512e+01,2.409915230558538823e+01
4.208916833380965983e+01,2.180026186872400729e+01
4.210917404972849454e+01,2.042962204230250123e+01
4.212917976564732925e+01,1.840277866631106463e+01
4.214918548156616396e+01,1.682070470279256114e+01
4.216919119748499867e+01,1.539135795276577845e+01
4.218919691340383338e+01,1.311053410953186926e+01
4.220920262932266809e+01,1.128921800188794577e+01
4.222920834524150280e+01,1.072265006749228178e+01
4.224921406116033040e+01,8.911995665753236651e+00
4.226921977707916511e+01,7.220655735793025443e+00
4.228922549299799982e+01,7.060446018361925979e+00
4.230923120891683453e+01,7.170078664279436964e+00
4.232923692483566924e+01,5.913231953038393662e+00
4.234924264075450395e+01,6.397159649682157223e+00
4.236924835667333866e+01,5.068129232036275411e+00
4.238925407259217337e+01,5.451744703939722214e+00
4.240925978851100808e+01,5.871275442517242205e+00
4.242926550442983569e+01,5.081101578371999494e+00
4.244927122034867040e+01,6.424721084939630344e+00
4.246927693626750511e+01,6.479645604466560016e+00
4.248928265218633982e+01,7.058700032101898003e+00
4.250928836810517453e+01,7.082264729029086325e+00
4.252929408402400924e+01,7.594197820847466751e+00
4.254929979994284395e+01,6.914878458216481505e+00
4.256930551586167866e+01,8.254324313727376961e+00
4.258931123178051337e+01,9.358430236283448167e+00
4.260931694769934097e+01,9.818084472180089506e+00
4.262932266361817568e+01,1.001468815854679484e+01
4.264932837953701039e+01,1.143727425363898220e+01
4.266933409545584510e+01,1.215938697877541586e+01
4.268933981137467981e+01,1.323718058982008472e+01
4.270934552729351452e+01,1.345217238467813203e+01
4.272935124321234923e+01,1.458708541601979292e+01
4.274935695913118394e+01,1.602719455928802006e+01
4.276936267505001865e+01,1.677673560737432368e+01
4.278936839096885336e+01,1.702293298831833113e+01
4.280937410688768097e+01,1.767719046426271134e+01
4.282937982280651568e+01,1.876063233236717664e+01
4.284938553872535039e+01,1.869276359051933056e+01
4.286939125464418510e+01,1.865181811390388589e+01
4.288939697056301981e+01,1.839257471321273840e+01
4.290940268648185452e+01,1.948704073087952793e+01
4.292940840240068923e+01,1.896302811256029131e+01
4.294941411831952394e+01,1.834830548306191034e+01
4.296941983423835865e+01,1.811035655714657011e+01
4.298942555015718625e+01,1.686514716439183559e+01
4.300943126607602096e+01,1.713331471450881693e+01
4.302943698199485567e+01,1.604553659282758815e+01
4.304944269791369038e+01,1.446232631384344103e+01
4.306944841383252509e+01,1.384245487431721777e+01
4.308945412975135980e+01,1.222243843243882289e+01
4.310945984567019451e+01,1.084107000206876315e+01
4.312946556158902922e+01,1.054694919752212989e+01
4.314947127750786393e+01,8.939440792492092669e+00
4.316947699342669864e+01,9.116558215314372049e+00
4.318948270934552625e+01,8.099915586725680683e+00
4.320948842526436096e+01,7.228730448829333355e+00
4.322949414118319567e+01,6.465315359061269973e+00
4.324949985710203038e+01,6.482194328062649724e+00
4.326950557302086509e+01,6.037289091935613250e+00
4.328951128893969980e+01,6.212312826010642830e+00
4.330951700485853451e+01,6.084231024481564276e+00
4.332952272077736922e+01,5.103326265047675392e+00
4.334952843669620393e+01,5.235690278351362359e+00
4.336953415261503153e+01,5.612687143696367897e+00
4.338953986853386624e+01,6.339775503066464424e+00
4.340954558445270095e+01,5.756146212424552822e+00
4.342955130037153566e+01,5.731860843697010210e+00
4.344955701629037037e+01,5.206232787605179269e+00
4.346956273220920508e+01,6.369552302965521662e+00
4.348956844812803979e+01,6.501547489976498895e+00
4.350957416404687450e+01,6.338816555821431109e+00
4.352957987996570921e+01,5.152302380389507164e+00
4.354958559588453681e+01,5.649472184909878791e+00
4.356959131180337153e+01,6.185831685206132136e+00
4.358959702772220624e+01,5.445462246652070348e+00
4.360960274364104095e+01,6.659137980881588703e+00
4.362960845955987566e+01,5.587193103511328474e+00
4.364961417547871037e+01,5.787947961391690654e+00
4.366961989139754508e+01,5.389051177481830379e+00
4.368962560731637979e+01,4.744287372736942565e+00
4.370963132323521450e+01,5.526259498153160088e+00
4.372963703915404921e+01,5.435709323881252608e+00
4.374964275507287681e+01,4.729686502392589809e+00
4.376964847099171152e+01,4.444116770766941116e+00
4.378965418691054623e+01,3.743331560433995620e+00
4.380965990282938094e+01,3.501404345671417229e+00
4.382966561874821565e+01,3.762651732558185635e+00
4.384967133466705036e+01,3.283207403402375490e+00
4.386967705058588507e+01,3.043601086927111510e+00
4.388968276650471978e+01,2.647765412324457834e+00
4.390968848242355449e+01,2.809439429098656404e+00
4.392969419834238209e+01,2.746037429970699772e+00
4.394969991426121680e+01,2.591259050358082128e+00
4.396970563018005151e+01,2.375297300361113528e+00
4.398971134609888622e+01,2.834878767419334089e+00
4.400971706201772093e+01,2.267945860750895548e+00
4.402972277793655564e+01,1.469151573061785676e+00
4.404972849385539035e+01,1.743832191689534961e+00
4.406973420977422506e+01,1.621188951679158663e+00
4.408973992569305977e+01,2.567626609079253441e+00
4.410974564161189448e+01,1.546802826145004861e+00
4.412975135753072209e+01,2.336227816568399174e+00
4.414975707344955680e+01,2.064992676151732987e+00
4.416976278936839151e+01,1.630339216918029965e+00
4.418976850528722622e+01,1.402017214249568156e+00
4.420977422120606093e+01,1.588693425327980968e+00
4.422977993712489564e+01,1.162644311793525453e+00
4.424978565304373035e+01,1.514375366225841457e+00
4.426979136896256506e+01,9.697647095431500830e-01
4.428979708488139977e+01,1.161316583620034537e+00
4.430980280080022737e+01,2.050397774529793882e+00
4.432980851671906208e+01,1.666458055323910781e+00
4.434981423263789679e+01,1.818592847806914214e+00
4.436981994855673150e+01,1.429234926820047491e+00
4.438982566447556621e+01,7.876307626476056756e-01
4.440983138039440092e+01,1.538533552197686394e+00
4.442983709631323563e+01,5.981953922771590104e-01
4.444984281223207034e+01,2.324212170376366071e+00
4.446984852815090505e+01,1.255158458290297263e+00
4.448985424406973266e+01,1.554084853783000986e+00
4.450985995998856737e+01,1.478534492340307649e+00
4.452986567590740208e+01,1.511811340191567599e+00
4.454987139182623679e+01,1.877882592463123501e+00
4.456987710774507150e+01,1.479942442459622143e+00
4.458988282366390621e+01,1.500765390860228088e+00
4.460988853958274092e+01,1.931150426624602012e+00
4.462989425550157563e+01,1.069464316462107156e+00
4.464989997142041034e+01,1.874397306537631813e+00
4.466990568733924505e+01,1.655623991752298796e+00
4.468991140325807265e+01,1.483776691106849288e+00
4.470991711917690736e+01,1.186313114563601445e+00
4.472992283509574207e+01,1.347878497493679717e+00
4.474992855101457678e+01,1.994837963098863742e+00
4.476993426693341149e+01,1.358686488747298027e+00
4.478993998285224620e+01,1.950096402200882428e+00
4.480994569877108091e+01,1.230891590748607767e+00
4.482995141468991562e+01,1.450644580204581757e+00
4.484995713060875033e+01,1.366808828661696396e+00
4.486996284652757794e+01,1.426313320766138037e+00
4.488996856244641265e+01,1.561716319854459911e+00
4.490997427836524736e+01,2.056022430829858916e+00
4.492997999428408207e+01,1.518021402868229952e+00
4.494998571020291678e+01,1.885472858943447294e+00
4.496999142612175149e+01,1.122374626279317944e+00
4.498999714204058620e+01,1.301311101232424106e+00
4.501000285795942091e+01,1.699531652221859535e+00
4.503000857387825562e+01,1.969463729659968632e+00
4.505001428979709033e+01,7.092724822754987724e-01
4.507002000571591793e+01,1.554044214426388848e+00
4.509002572163475264e+01,7.666964764546673194e-01
4.511003143755358735e+01,1.395025719313217394e+00
4.513003715347242206e+01,1.259301847252842332e+00
4.515004286939125677e+01,1.399040066088982348e+00
4.517004858531009148e+01,1.283618367066102106e+00
4.519005430122892619e+01,1.406770498483750353e+00
4.521006001714776090e+01,1.053399440607492021e+00
4.523006573306659561e+01,8.097995711045931078e-01
4.525007144898542322e+01,1.316814867294600289e+00
4.527007716490425793e+01,1.583400746467853004e+00
4.529008288082309264e+01,1.087253656044997241e+00
4.531008859674192735e+01,1.576553975423021114e+00
4.533009431266076206e+01,4.551579364306886921e-01
4.535010002857959677e+01,1.581878211293322511e+00
4.537010574449843148e+01,9.196995869380201194e-01
4.539011146041726619e+01,2.017077921122474304e+00
4.541011717633610090e+01,1.007835795903188947e+00
4.543012289225492850e+01,7.498686332357336060e-01
4.545012860817376321e+01,1.627817251399854115e+00
4.547013432409259792e+01,1.652237171184954390e+00
4.549014004001143263e+01,1.255779323934011371e+00
4.551014575593026734e+01,9.916369014795013426e-01
4.553015147184910205e+01,1.800651839657378517e+00
4.555015718776793676e+01,7.817103647981840098e-01
4.557016290368677147e+01,2.043508388166787260e+00
4.559016861960560618e+01,1.828913710021312422e+00
4.561017433552444089e+01,8.559837118512442222e-01
4.563018005144326850e+01,1.372226908482523378e+00
4.565018576736210321e+01,1.876480832779095609e+00
4.567019148328093792e+01,6.926367227477534527e-01
4.569019719919977263e+01,1.411052889108878050e+00
4.571020291511860734e+01,1.351743916358479458e+00
4.573020863103744205e+01,1.421117490791001803e+00
4.575021434695627676e+01,1.120589728727415579e+00
4.577022006287511147e+01,1.236470426860786676e+00
4.579022577879394618e+01,1.486793886569748535e+00
4.581023149471277378e+01,1.032878891391926901e+00
4.583023721063160849e+01,1.427012139044733896e+00
4.585024292655044320e+01,1.081281859125014844e+00
4.587024864246927791e+01,1.035308357788195410e+00
4.589025435838811262e+01,9.892228796835864646e-01
4.591026007430694733e+01,1.583847005504445349e+00
4.593026579022578204e+01,7.577688228494725564e-01
4.595027150614461675e+01,1.370631602000782490e+00
4.597027722206345146e+01,8.816591373807702858e-01
4.599028293798228617e+01,1.056903184932364681e+00
4.601028865390111378e+01,1.792065248762824137e+00
4.603029436981994849e+01,9.682239386781422708e-01
4.605030008573878320e+01,1.206333826795355391e+00
4.607030580165761791e+01,1.204912155844590105e+00
4.609031151757645262e+01,9.161783433930115184e-01
4.611031723349528733e+01,7.757174149869943136e-01
4.613032294941412204e+01,1.130437136332812065e+00
4.615032866533295675e+01,1.683692851194710682e+00
4.617033438125179146e+01,1.461496192586478893e+00
4.619034009717061906e+01,6.103378245632773424e-01
4.621034581308945377e+01,1.627166752776164182e+00
4.623035152900828848e+01,1.623355893582057119e+00
4.625035724492712319e+01,1.044630867374429561e+00
4.627036296084595790e+01,1.725085468254337950e+00
4.629036867676479261e+01,1.964732566211918829e+00
4.631037439268362732e+01,1.528859582306665743e+00
4.633038010860246203e+01,1.007101148890140907e+00
4.635038582452129674e+01,9.736319423977615184e-01
4.637039154044012434e+01,1.136251575906449762e+00
4.639039725635895905e+01,1.594663814120597101e+00
4.641040297227779376e+01,7.514814284449913284e-01
4.643040868819662847e+01,1.027287461970813442e+00
4.645041440411546319e+01,1.478698997897057943e+00
4.647042012003429790e+01,1.417411241353617291e+00
4.649042583595313261e+01,9.313820537797059540e-01
4.651043155187196732e+01,1.082398121132031044e+00
4.653043726779080203e+01,1.045072243676574253e+00
4.655044298370963674e+01,1.322766285586360224e+00
4.657044869962846434e+01,1.740847505882702873e+00
4.659045441554729905e+01,1.878342981946198975e+00
4.661046013146613376e+01,1.437729903426491873e+00
4.663046584738496847e+01,1.137745786776924062e+00
4.665047156330380318e+01,1.635660246240536964e+00
4.667047727922263789e+01,1.055367038273482994e+00
4.669048299514147260e+01,1.303315406018323186e+00
4.671048871106030731e+01,4.818112162062693216e-01
4.673049442697914202e+01,1.120494738680506641e+00
4.675050014289796962e+01,1.294954386305373406e+00
4.677050585881680433e+01,8.912547021894078325e-01
4.679051157473563904e+01,6.790014073507326664e-01
4.681051729065447375e+01,1.641221257668780353e+00
4.683052300657330846e+01,1.109275702948378628e+00
4.685052872249214317e+01,1.519548947912126025e+00
4.687053443841097788e+01,7.601871833999387373e-01
4.689054015432981259e+01,1.214263920392217644e+00
4.691054587024864730e+01,1.378386628417889614e+00
4.693055158616748201e+01,1.244759309217062793e+00
4.695055730208630962e+01,7.666600805896577331e-01
4.697056301800514433e+01,1.403811273121054803e+00
4.699056873392397904e+01,1.763099467290176747e+00
4.701057444984281375e+01,4.237181039411662686e-01
4.703058016576164846e+01,1.324829547287973863e+00
4.705058588168048317e+01,1.288748347933343918e+00
4.707059159759931788e+01,1.286055767621482326e+00
4.709059731351815259e+01,8.421177321445245667e-01
4.711060302943698730e+01,4.160507888013995625e-01
4.713060874535581490e+01,6.471804121049630210e-01
4.715061446127464961e+01,8.695556445310523852e-01
4.717062017719348432e+01,1.179258159724849708e+00
4.719062589311231903e+01,2.063286922356467823e+00
4.721063160903115374e+01,1.172113437978153705e+00
4.723063732494998845e+01,1.320427579524250605e+00
4.725064304086882316e+01,1.844111755334686631e+00
4.727064875678765787e+01,1.585591499898014733e+00
4.729065447270649258e+01,7.448779545992757489e-01
4.731066018862532019e+01,6.718048529187410356e-01
4.733066590454415490e+01,1.305088906379593627e+00
4.735067162046298961e+01,1.596785488756452098e+00
4.737067733638182432e+01,1.433763541280097531e+00
4.739068305230065903e+01,1.019319091849055114e+00
4.741068876821949374e+01,1.803082694165889954e+00
4.743069448413832845e+01,1.356675279347642871e+00
4.745070020005716316e+01,1.109740930654816049e+00
4.747070591597599787e+01,1.404492047684264389e+00
4.749071163189483258e+01,1.199739557002057477e+00
4.751071734781366018e+01,8.219556938520951039e-01
4.753072306373249489e+01,1.200513074335764152e+00
4.755072877965132960e+01,1.781043328651548574e+00
4.757073449557016431e+01,2.063259307451525082e+00
4.759074021148899902e+01,1.396571861789923208e+00
4.761074592740783373e+01,1.457878747341131431e+00
4.763075164332666844e+01,1.721841651939581386e+00
4.765075735924550315e+01,1.232479203816317925e+00
4.767076307516433786e+01,9.495561064861928191e-01
4.769076879108316547e+01,1.085683352929610379e+00
4.771077450700200018e+01,1.113595330599362887e+00
4.773078022292083489e+01,5.161076644584374762e-01
4.775078593883966960e+01,4.291864944526918579e-01
4.777079165475850431e+01,1.688383083585753397e+00
4.779079737067733902e+01,8.330223551065208953e-01
4.781080308659617373e+01,1.166584194028663202e+00
4.783080880251500844e+01,1.656833995234227697e+00
4.785081451843384315e+01,9.312166873008911328e-01
4.787082023435267075e+01,1.676644187575615952e+00
4.789082595027150546e+01,3.905566225085287391e-01
4.791083166619034017e+01,1.698677140453985102e+00
4.793083738210917488e+01,1.167677177536166955e+00
4.795084309802800959e+01,1.256784751943710532e+00
4.797084881394684430e+01,1.193495755078674891e+00
4.799085452986567901e+01,9.294578555608226100e-01
4.801086024578451372e+01,1.182113158239948447e+00
4.803086596170334843e+01,1.357025877963764726e+00
4.805087167762218314e+01,8.240501620649167691e-01
4.807087739354101075e+01,1.796832314433108868e+00
4.809088310945984546e+01,1.653292384534092552e+00
4.811088882537868017e+01,1.546760669926806830e+00
4.813089454129751488e+01,1.957644607106620249e+00
4.815090025721634959e+01,1.149342405445379800e+00
4.817090597313518430e+01,1.343836244432897509e+00
4.819091168905401901e+01,2.143984449398611769e+00
4.821091740497285372e+01,1.647517100615282892e+00
4.823092312089168843e+01,1.649447066725315603e+00
4.825092883681051603e+01,1.338380938425995259e+00
4.827093455272935074e+01,1.374208077807506312e+00
4.829094026864818545e+01,1.557078833621627023e+00
4.831094598456702016e+01,2.066674259007530434e+00
4.833095170048585487e+01,2.231577678346814864e+00
4.835095741640468958e+01,1.333112984651958710e+00
4.837096313232352429e+01,1.895568792540788694e+00
4.839096884824235900e+01,1.296187213926496273e+00
4.841097456416119371e+01,1.848763402651597776e+00
4.843098028008002842e+01,8.390342367953029790e-01
4.845098599599885603e+01,1.814334941261288137e+00
4.847099171191769074e+01,1.409823705691676032e+00
4.849099742783652545e+01,1.200242385728571559e+00
4.851100314375536016e+01,1.034196083998104587e+00
4.853100885967419487e+01,1.716041249731719009e+00
4.855101457559302958e+01,2.114318763811887436e+00
4.857102029151186429e+01,1.271622589106568224e+00
4.859102600743069900e+01,1.821150476342630053e+00
4.861103172334953371e+01,1.193142982931375329e+00
4.863103743926836131e+01,1.463524032950546339e+00
4.865104315518719602e+01,2.292267399820128837e+00
4.867104887110603073e+01,1.133771530004159978e+00
4.869105458702486544e+01,2.019903913165364440e+00
4.871106030294370015e+01,1.837833771926824067e+00
4.873106601886253486e+01,1.875032533729554141e+00
4.875107173478136957e+01,1.163937317904060187e+00
4.877107745070020428e+01,1.729500842042087871e+00
4.879108316661903899e+01,1.115421520733831162e+00
4.881108888253786660e+01,2.028874387393599932e+00
4.883109459845670131e+01,1.092737169130237884e+00
4.885110031437553602e+01,1.045498814459316694e+00
4.887110603029437073e+01,1.508293553841986157e+00
4.889111174621320544e+01,1.483601466299318661e+00
4.891111746213204015e+01,2.341202047104919082e+00
4.893112317805087486e+01,1.630307130669615967e+00
4.895112889396970957e+01,1.748003990614416470e+00
4.897113460988854428e+01,1.314449184066963205e+00
4.899114032580737899e+01,1.639229883430277201e+00
4.901114604172620659e+01,1.427226557827504294e+00
4.903115175764504130e+01,1.669539308703530844e+00
4.905115747356387601e+01,1.858258138275204141e+00
4.907116318948271072e+01,2.010297463742470647e+00
4.909116890540154543e+01,1.959238863742744918e+00
4.911117462132038014e+01,1.700167865603896988e+00
4.913118033723921485e+01,3.124529048001778442e+00
4.915118605315804956e+01,1.660608429047346846e+00
4.917119176907688427e+01,2.654808953775814828e+00
4.919119748499571187e+01,2.414767292726799131e+00
4.921120320091454658e+01,2.786435509078380335e+00
4.923120891683338129e+01,3.475257727938648511e+00
4.925121463275221600e+01,3.746528005997798338e+00
4.927122034867105071e+01,3.857600638240782143e+00
4.929122606458988542e+01,4.415984696413272736e+00
4.931123178050872014e+01,3.900290285734704376e+00
4.933123749642755485e+01,5.804873961125135651e+00
4.935124321234638956e+01,6.311355423968227463e+00
4.937124892826522427e+01,5.604460781787909518e+00
4.939125464418405187e+01,7.254741318533930894e+00
4.941126036010288658e+01,7.856189556754829439e+00
4.943126607602172129e+01,7.937049729687142730e+00
4.945127179194055600e+01,8.292535784923888542e+00
4.947127750785939071e+01,9.716349344870925719e+00
4.949128322377822542e+01,9.663477405468599457e+00
4.951128893969706013e+01,9.463895604249820792e+00
4.953129465561589484e+01,1.073255007362534563e+01
4.955130037153472955e+01,1.105016562772767408e+01
4.957130608745355715e+01,1.061139520241876255e+01
4.959131180337239186e+01,1.081539896421284475e+01
4.961131751929122657e+01,1.181670244610934795e+01
4.963132323521006128e+01,1.082656814886578545e+01
4.965132895112889599e+01,1.034588326247356349e+01
4.967133466704773070e+01,1.128536505398575329e+01
4.969134038296656541e+01,1.115793283871069974e+01
4.971134609888540012e+01,1.198257563454042263e+01
4.973135181480423483e+01,1.146690423302695550e+01
4.975135753072306244e+01,1.323255798380087178e+01
4.977136324664189715e+01,1.352262349640326100e+01
4.979136896256073186e+01,1.390487609194387097e+01
4.981137467847956657e+01,1.502880905602394002e+01
4.983138039439840128e+01,1.632537124096650416e+01
4.985138611031723599e+01,1.775012624582547360e+01
4.987139182623607070e+01,1.862051072079639624e+01
4.989139754215490541e+01,2.003104278128061111e+01
4.991140325807374012e+01,2.144401234210579332e+01
4.993140897399257483e+01,2.161524691300201795e+01
4.995141468991140243e+01,2.194653391786739860e+01
4.997142040583023714e+01,2.198119441553875220e+01
4.999142612174907185e+01,2.307108723124029126e+01
5.001143183766790656e+01,2.195017981989460054e+01
5.003143755358674127e+01,2.102441792394672504e+01
5.005144326950557598e+01,2.090330196557587783e+01
5.007144898542441069e+01,2.067926711667460893e+01
5.009145470134324540e+01,1.898947483638224298e+01
5.011146041726208011e+01,1.671819012550677996e+01
5.013146613318090772e+01,1.653116022209992764e+01
5.015147184909974243e+01,1.512535897824764319e+01
5.017147756501857714e+01,1.385225978672455938e+01
5.019148328093741185e+01,1.284130005113451034e+01
5.021148899685624656e+01,1.230645918059177113e+01
5.023149471277508127e+01,1.165230198159270536e+01
5.025150042869391598e+01,1.092211993902144584e+01
5.027150614461275069e+01,1.081516098410764570e+01
5.029151186053158540e+01,1.095029505855417185e+01
5.031151757645042011e+01,1.029150975430245296e+01
5.033152329236924771e+01,9.717241293886660358e+00
5.035152900828808242e+01,8.790057997367346942e+00
5.037153472420691713e+01,9.438706872465834508e+00
5.039154044012575184e+01,9.283762018879654576e+00
5.041154615604458655e+01,9.344935138527237228e+00
5.043155187196342126e+01,1.086680953419334372e+01
5.045155758788225597e+01,9.803782452386618829e+00
5.047156330380109068e+01,1.073200094325497744e+01
5.049156901971992539e+01,1.050988257035045059e+01
5.051157473563875300e+01,1.116488902270390327e+01
5.053158045155758771e+01,1.208736864326944982e+01
5.055158616747642242e+01,1.245110379751066709e+01
5.057159188339525713e+01,1.225557665787226114e+01
5.059159759931409184e+01,1.264128158891083586e+01
5.061160331523292655e+01,1.251584567750838595e+01
5.063160903115176126e+01,1.228676963083341889e+01
5.065161474707059597e+01,1.323545897786963188e+01
5.067162046298943068e+01,1.292674494620858638e+01
5.069162617890825828e+01,1.201047760305820589e+01
5.071163189482709299e+01,1.232155202713617292e+01
5.073163761074592770e+01,1.253477231978418516e+01
5.075164332666476241e+01,1.187686960399971525e+01
5.077164904258359712e+01,1.172853262475216951e+01
5.079165475850243183e+01,1.186479593674211408e+01
5.081166047442126654e+01,1.151792576065628992e+01
5.083166619034010125e+01,1.131159758572544050e+01
5.085167190625893596e+01,1.071264864399420524e+01
5.087167762217777067e+01,1.079324371324321774e+01
5.089168333809659828e+01,1.054764716033850824e+01
5.091168905401543299e+01,9.778695924445921506e+00
5.093169476993426770e+01,9.137951625304113534e+00
5.095170048585310241e+01,9.154928202381993785e+00
5.097170620177193712e+01,9.440334968155386974e+00
5.099171191769077183e+01,8.101572659664235232e+00
5.101171763360960654e+01,8.991107955460883261e+00
5.103172334952844125e+01,7.466329038438223265e+00
5.105172906544727596e+01,7.431241784668364936e+00
5.107173478136610356e+01,6.492173474350087403e+00
5.109174049728493827e+01,5.714111743895299078e+00
5.111174621320377298e+01,6.531173046771323598e+00
5.113175192912260769e+01,5.110292540447465726e+00
5.115175764504144240e+01,4.791097589971009540e+00
5.117176336096027711e+01,4.491823920882989540e+00
5.119176907687911182e+01,3.452829709303397276e+00
5.121177479279794653e+01,4.360697242279968577e+00
5.123178050871678124e+01,3.975486421599277342e+00
5.125178622463561595e+01,3.390150771548660291e+00
5.127179194055444356e+01,3.051421984446920810e+00
5.129179765647327827e+01,2.212719917368346056e+00
5.131180337239211298e+01,2.601499430132190316e+00
5.133180908831094769e+01,2.293748937226085527e+00
5.135181480422978240e+01,2.403996079170529043e+00
5.137182052014861711e+01,1.840069868419751176e+00
5.139182623606745182e+01,1.507968569082077437e+00
5.141183195198628653e+01,1.985686706438709592e+00
5.143183766790512124e+01,2.183441994588904311e+00
5.145184338382394884e+01,1.411823263033629816e+00
5.147184909974278355e+01,1.393141586395095777e+00
5.149185481566161826e+01,1.424859346843247110e+00
5.151186053158045297e+01,2.195130298815352710e+00
5.153186624749928768e+01,1.837760424500662904e+00
5.155187196341812239e+01,1.689242692399506307e+00
5.157187767933695710e+01,1.082149635326854265e+00
5.159188339525579181e+01,1.865969769916490550e+00
5.161188911117462652e+01,1.622152190855634446e+00
5.163189482709345413e+01,1.170423862934568016e+00
5.165190054301228884e+01,2.213379371262975681e+00
5.167190625893112355e+01,1.648005171243672740e+00
5.169191197484995826e+01,1.399426654089771738e+00
5.171191769076879297e+01,1.547428772522817741e+00
5.173192340668762768e+01,1.145252954461528860e+00
5.175192912260646239e+01,2.018944692960451093e+00
5.177193483852529710e+01,1.763397051287564743e+00
5.179194055444413181e+01,1.144903518523905817e+00
5.181194627036296652e+01,1.049751539427185243e+00
5.183195198628179412e+01,1.760281025843563496e+00
5.185195770220062883e+01,1.055192308768817977e+00
5.187196341811946354e+01,1.839234664524159513e+00
5.189196913403829825e+01,1.525592448645839871e+00
5.191197484995713296e+01,1.064139218340486970e+00
5.193198056587596767e+01,2.174195762221938555e+00
5.195198628179480238e+01,1.893696279346863465e+00
5.197199199771363709e+01,1.541926801602944597e+00
5.199199771363247180e+01,1.216460403475220886e+00
5.201200342955129940e+01,2.021972575151533835e+00
5.203200914547013411e+01,1.626195863727794899e+00
5.205201486138896882e+01,1.701261787053659713e+00
5.207202057730780353e+01,2.119709009716444825e+00
5.209202629322663824e+01,2.178686433417854396e+00
5.211203200914547295e+01,1.507345376103329304e+00
5.213203772506430766e+01,1.785896663930106598e+00
5.215204344098314237e+01,2.269838804287750200e+00
5.217204915690197708e+01,1.787932385332525298e+00
5.219205487282081180e+01,1.552450637290549995e+00
5.221206058873963940e+01,1.855364985020648838e+00
5.223206630465847411e+01,1.539890239213870915e+00
5.225207202057730882e+01,2.362511076565612100e+00
5.227207773649614353e+01,2.007193428925292622e+00
5.229208345241497824e+01,2.217849052515604935e+00
5.231208916833381295e+01,2.629826827277720991e+00
5.233209488425264766e+01,2.175738207937922830e+00
5.235210060017148237e+01,1.758922021955589221e+00
5.237210631609031708e+01,2.182429949969810323e+00
5.239211203200914468e+01,2.010835951981333913e+00
5.241211774792797939e+01,2.236944806397348273e+00
5.243212346384681410e+01,1.755946177909187611e+00
5.245212917976564881e+01,2.287228624197475746e+00
5.247213489568448352e+01,2.614526213467307514e+00
5.249214061160331823e+01,2.387303583186997979e+00
5.251214632752215294e+01,2.128327040660138891e+00
5.253215204344098765e+01,2.415029544546162477e+00
5.255215775935982236e+01,2.203436934040435169e+00
5.257216347527864997e+01,1.797582425784115534e+00
5.259216919119748468e+01,2.229127511153923713e+00
5.261217490711631939e+01,1.852101324178929254e+00
5.263218062303515410e+01,2.281386733402730016e+00
5.265218633895398881e+01,1.802002265383801705e+00
5.267219205487282352e+01,1.906500021672842049e+00
5.269219777079165823e+01,2.017202152729969278e+00
5.271220348671049294e+01,1.731966357276619517e+00
5.273220920262932765e+01,1.366586886249580690e+00
5.275221491854816236e+01,2.089784347722767777e+00
5.277222063446698996e+01,1.428530610012192170e+00
5.279222635038582467e+01,1.352422365121709991e+00
5.281223206630465938e+01,1.357892033559605860e+00
5.283223778222349409e+01,1.494597166988594239e+00
5.285224349814232880e+01,1.085606650134192108e+00
5.287224921406116351e+01,8.301913370611471166e-01
5.289225492997999822e+01,1.245238350857160503e+00
5.291226064589883293e+01,1.509133005436568364e+00
5.293226636181766764e+01,1.810407669068512693e+00
5.295227207773649525e+01,1.768555630822489899e+00
5.297227779365532996e+01,1.322252147516611132e+00
5.299228350957416467e+01,1.281658210463416436e+00
5.301228922549299938e+01,1.602761638131481092e+00
5.303229494141183409e+01,1.501882806316078955e+00
5.305230065733066880e+01,1.074723641686281095e+00
5.307230637324950351e+01,1.900027727070540351e+00
5.309231208916833822e+01,1.073182311687009838e+00
5.311231780508717293e+01,1.048219993023119745e+00
5.313232352100600764e+01,1.201283785937546700e+00
5.315232923692483524e+01,1.650690838527315574e+00
5.317233495284366995e+01,1.440827440405974880e+00
5.319234066876250466e+01,1.190510779380100415e+00
5.321234638468133937e+01,1.796918832312174530e+00
5.323235210060017408e+01,1.045480508514304852e+00
5.325235781651900879e+01,1.690178201776193490e+00
5.327236353243784350e+01,9.557943408123896756e-01
5.329236924835667821e+01,1.838268890151235624e+00
5.331237496427551292e+01,1.008742540040337810e+00
5.333238068019434053e+01,8.657260016966963345e-01
5.335238639611317524e+01,1.731816400821127200e+00
5.337239211203200995e+01,4.852937216256760222e-01
5.339239782795084466e+01,6.753274523240625493e-01
5.341240354386967937e+01,1.447082969067241986e+00
5.343240925978851408e+01,1.106181783501372973e+00
5.345241497570734879e+01,1.884079921479051789e+00
5.347242069162618350e+01,1.394248126815776478e+00
5.349242640754501821e+01,1.416493940867468604e+00
5.351243212346384581e+01,6.202346682376209674e-01
5.353243783938268052e+01,1.152971422841801319e+00
5.355244355530151523e+01,1.064589256217719715e+00
5.357244927122034994e+01,1.073756354125637191e+00
5.359245498713918465e+01,9.614758154854851080e-01
5.361246070305801936e+01,1.144909400731915605e+00
5.363246641897685407e+01,1.397632748176316442e+00
5.365247213489568878e+01,1.664843145361071253e+00
5.367247785081452349e+01,6.482389100848753305e-01
5.369248356673335820e+01,1.318173045423157053e+00
5.371248928265218581e+01,1.085163496756455626e+00
5.373249499857102052e+01,1.730644635454447133e+00
5.375250071448985523e+01,7.340524099276467540e-01
5.377250643040868994e+01,9.659584768223826723e-01
5.379251214632752465e+01,1.687657664576280858e+00
5.381251786224635936e+01,1.011274387599440328e+00
5.383252357816519407e+01,1.104903436264169425e+00
5.385252929408402878e+01,1.390989456902804289e+00
5.387253501000286349e+01,1.812337241378315422e+00
5.389254072592169109e+01,1.076364939300586743e+00
5.391254644184052580e+01,1.198451429066812235e+00
5.393255215775936051e+01,7.121642309768676515e-01
5.395255787367819522e+01,7.830226186842459413e-01
5.397256358959702993e+01,1.594340770155209697e+00
5.399256930551586464e+01,7.729423317399448656e-01
5.401257502143469935e+01,9.773581449616092209e-01
5.403258073735353406e+01,1.094894497784612231e+00
5.405258645327236877e+01,1.577303908274017896e+00
5.407259216919120348e+01,1.026471445013928729e+00
5.409259788511003109e+01,1.435765183130786493e+00
5.411260360102886580e+01,7.621807175518408028e-01
5.413260931694770051e+01,1.914460652518456207e+00
5.415261503286653522e+01,1.331034466861489740e+00
5.417262074878536993e+01,1.188901362700179209e+00
5.419262646470420464e+01,5.357988820679042696e-01
5.421263218062303935e+01,1.294854874192248539e+00
5.423263789654187406e+01,4.881962602387777128e-01
5.425264361246070877e+01,1.323698954717225762e+00
5.427264932837953637e+01,1.233695415163206910e+00
5.429265504429837108e+01,1.304672455624891203e+00
5.431266076021720579e+01,1.339955048634889900e+00
5.433266647613604050e+01,5.560865489969364361e-01
5.435267219205487521e+01,1.256664274477440113e+00
5.437267790797370992e+01,1.430880675652725253e+00
5.439268362389254463e+01,1.413046412583051081e+00
5.441268933981137934e+01,7.580656601606402534e-01
5.443269505573021405e+01,7.193719610226505523e-01
5.445270077164904166e+01,1.165928468007086494e+00
5.447270648756787637e+01,1.337112743274781135e+00
5.449271220348671108e+01,5.506590183483721646e-01
5.451271791940554579e+01,1.829697008920528001e+00
5.453272363532438050e+01,1.031541462700710232e+00
5.455272935124321521e+01,7.741313420907109943e-01
5.457273506716204992e+01,1.692682413379765327e+00
5.459274078308088463e+01,1.446913035825667881e+00
5.461274649899971934e+01,1.376533249534062309e+00
5.463275221491855405e+01,1.953122466750907726e+00
5.465275793083738165e+01,9.722391889489832018e-01
5.467276364675621636e+01,1.623812082417690483e+00
5.469276936267505107e+01,1.958070376397019974e+00
5.471277507859388578e+01,1.909549299588014115e+00
5.473278079451272049e+01,1.953873989102633768e+00
5.475278651043155520e+01,1.913407546355822886e+00
5.477279222635038991e+01,2.319291365643239011e+00
5.479279794226922462e+01,2.344028299929336701e+00
5.481280365818805933e+01,1.936877322671427759e+00
5.483280937410688693e+01,2.898262513066041990e+00
5.485281509002572164e+01,2.551286987971485232e+00
5.487282080594455635e+01,2.284085892285051766e+00
5.489282652186339106e+01,3.673179259995290824e+00
5.491283223778222577e+01,4.232199404782090113e+00
5.493283795370106048e+01,3.087533716972938880e+00
5.495284366961989519e+01,3.942038182420523729e+00
5.497284938553872990e+01,3.689758973591547697e+00
5.499285510145756461e+01,5.569189554871419645e+00
5.501286081737639222e+01,5.657190076690846503e+00
5.503286653329522693e+01,6.330637888036986460e+00
5.505287224921406164e+01,7.001300446874989092e+00
5.507287796513289635e+01,7.465036590588116638e+00
5.509288368105173106e+01,7.979861966430969566e+00
5.511288939697056577e+01,9.077621631647133427e+00
5.513289511288940048e+01,8.899655732729973678e+00
5.515290082880823519e+01,1.050117562278330396e+01
5.517290654472706990e+01,1.132193114749287943e+01
5.519291226064590461e+01,1.140706303685573531e+01
5.521291797656473221e+01,1.208000332841524482e+01
5.523292369248356692e+01,1.251200769230965548e+01
5.525292940840240163e+01,1.286379079524497193e+01
5.527293512432123634e+01,1.262973568104638034e+01
5.529294084024007105e+01,1.321279714369494229e+01
5.531294655615890576e+01,1.366229740676903504e+01
5.533295227207774047e+01,1.286447969416310677e+01
5.535295798799657518e+01,1.311152392292659741e+01
5.537296370391540989e+01,1.272786000530884287e+01
5.539296941983423750e+01,1.126794415349561973e+01
5.541297513575307221e+01,1.147988063940540115e+01
5.543298085167190692e+01,1.049550012897964280e+01
5.545298656759074163e+01,9.663032323013489133e+00
5.547299228350957634e+01,9.494832813568129026e+00
5.549299799942841105e+01,7.483273116028183125e+00
5.551300371534724576e+01,7.942662121934628061e+00
5.553300943126608047e+01,6.709784077863535146e+00
5.555301514718491518e+01,5.387709684907857621e+00
5.557302086310374989e+01,4.864461930187367500e+00
5.559302657902257749e+01,5.260474963291345674e+00
5.561303229494141220e+01,4.512846691217956341e+00
5.563303801086024691e+01,4.118940154436132595e+00
5.565304372677908162e+01,3.293845930341971595e+00
5.567304944269791633e+01,3.858507013569960620e+00
5.569305515861675104e+01,3.237274125016972093e+00
5.571306087453558575e+01,2.611783462410621315e+00
5.573306659045442046e+01,2.594059197777413672e+00
5.575307230637325517e+01,3.202384603787504780e+00
5.577307802229208278e+01,3.025290934679431665e+00
5.579308373821091749e+01,2.904615680002447409e+00
5.581308945412975220e+01,2.435388384408749829e+00
5.583309517004858691e+01,1.646920887814301349e+00
5.585310088596742162e+01,2.535491717434456227e+00
5.587310660188625633e+01,2.367038082406036192e+00
5.589311231780509104e+01,1.515746355881855356e+00
5.591311803372392575e+01,2.224976705707092162e+00
5.593312374964276046e+01,2.262364179414440457e+00
5.595312946556158806e+01,1.559311533729240473e+00
5.597313518148042277e+01,2.110488325666876275e+00
5.599314089739925748e+01,2.158427905849039874e+00
5.601314661331809219e+01,1.206217500392222863e+00
5.603315232923692690e+01,1.120192235033741213e+00
5.605315804515576161e+01,2.453049282248873642e+00
5.607316376107459632e+01,2.008996602060407533e+00
5.609316947699343103e+01,1.712167487990193138e+00
5.611317519291226574e+01,1.811130413061509570e+00
5.613318090883110045e+01,2.083246470235451397e+00
5.615318662474992806e+01,2.467630761324040911e+00
5.617319234066876277e+01,2.582707452691471062e+00
5.619319805658759748e+01,2.186720249775573777e+00
5.621320377250643219e+01,2.946377101502832829e+00
5.623320948842526690e+01,3.789525354687549363e+00
5.625321520434410161e+01,4.130052489145457528e+00
5.627322092026293632e+01,3.175845683430138067e+00
5.629322663618177103e+01,4.599885894708995338e+00
5.631323235210060574e+01,5.019999382132101395e+00
5.633323806801943334e+01,4.687596521140068972e+00
5.635324378393826805e+01,6.075885222030673383e+00
5.637324949985710276e+01,6.564207199520828873e+00
5.639325521577593747e+01,7.376948096691077872e+00
5.641326093169477218e+01,7.149641732909051584e+00
5.643326664761360689e+01,7.869502926475536952e+00
5.645327236353244160e+01,8.499014287129471157e+00
5.647327807945127631e+01,9.103692713220231880e+00
5.649328379537011102e+01,8.869398291819413416e+00
5.651328951128894573e+01,9.701857753719290045e+00
5.653329522720777334e+01,1.089223771216650150e+01
5.655330094312660805e+01,1.029406374442339178e+01
5.657330665904544276e+01,1.074205318597924119e+01
5.659331237496427747e+01,1.113464264254623792e+01
5.661331809088311218e+01,1.030943836114528622e+01
5.663332380680194689e+01,1.057464487458155133e+01
5.665332952272078160e+01,9.506078761153135659e+00
5.667333523863961631e+01,1.068050673831121600e+01
5.669334095455845102e+01,1.010273373045924927e+01
5.671334667047727862e+01,9.181088358196207722e+00
5.673335238639611333e+01,8.528783771383068313e+00
5.675335810231494804e+01,7.991860053184534962e+00
5.677336381823378275e+01,7.264105643320915462e+00
5.679336953415261746e+01,6.357574057218154273e+00
5.681337525007145217e+01,6.839851901088813690e+00
5.683338096599028688e+01,5.246282207360683181e+00
5.685338668190912159e+01,5.511637422082370286e+00
5.687339239782795630e+01,4.327018960451729512e+00
5.689339811374678391e+01,4.342928282385146943e+00
5.691340382966561862e+01,3.288188664754579715e+00
5.693340954558445333e+01,3.672036705641259502e+00
5.695341526150328804e+01,3.069706809003424297e+00
5.697342097742212275e+01,3.169817886342412905e+00
5.699342669334095746e+01,2.264024326680855292e+00
5.701343240925979217e+01,1.561239191886359512e+00
5.703343812517862688e+01,2.381540471102289835e+00
5.705344384109746159e+01,1.703381904706292804e+00
5.707344955701629630e+01,1.146221767525068325e+00
5.709345527293512390e+01,1.083718034667661811e+00
5.711346098885395861e+01,2.170726026632068706e+00
5.713346670477279332e+01,1.811434262332217271e+00
5.715347242069162803e+01,1.000643497029693574e+00
5.717347813661046274e+01,1.192362351351781591e+00
5.719348385252929745e+01,2.196685332195124296e+00
5.721348956844813216e+01,1.694407166394113595e+00
5.723349528436696687e+01,8.626967411753001524e-01
5.725350100028580158e+01,1.953667951289100424e+00
5.727350671620462919e+01,7.608619528273564692e-01
5.729351243212346390e+01,1.696207939437778478e+00
5.731351814804229861e+01,1.482632796147233645e+00
5.733352386396113332e+01,1.197783820869294802e+00
5.735352957987996803e+01,1.105586606911509673e+00
5.737353529579880274e+01,1.442253387337327108e+00
5.739354101171763745e+01,1.712173309747922145e+00
5.741354672763647216e+01,9.251860591977367765e-01
5.743355244355530687e+01,1.701910388238058847e+00
5.745355815947414158e+01,4.587179827622342443e-01
5.747356387539296918e+01,9.872465574200535166e-01
5.749356959131180389e+01,1.403785805527491659e+00
5.751357530723063860e+01,8.524123930071726418e-01
5.753358102314947331e+01,1.527075143338328056e+00
5.755358673906830802e+01,1.033902465676593163e+00
5.757359245498714273e+01,1.423428965714680139e+00
5.759359817090597744e+01,5.907174514764409468e-01
5.761360388682481215e+01,5.364360290143891374e-01
5.763360960274364686e+01,9.058286285212393540e-01
5.765361531866247446e+01,1.900047429887086636e+00
5.767362103458130917e+01,1.899107541007410749e+00
5.769362675050014388e+01,1.695731554293565368e+00
5.771363246641897859e+01,1.641996016412050174e+00
5.773363818233781330e+01,1.718581451117517478e+00
5.775364389825664801e+01,4.703756175846005583e-01
5.777364961417548272e+01,1.298132832241757573e+00
5.779365533009431743e+01,1.261328241060286848e+00
5.781366104601315214e+01,1.811368001041819387e+00
5.783366676193197975e+01,1.444900420628054682e+00
5.785367247785081446e+01,1.367733472207246503e+00
5.787367819376964917e+01,1.383010044829374952e+00
5.789368390968848388e+01,1.287540956530595082e+00
5.791368962560731859e+01,1.474084815827209516e+00
5.793369534152615330e+01,1.806198828660961597e+00
5.795370105744498801e+01,1.994507488371300763e+00
5.797370677336382272e+01,1.081949084549102658e+00
5.799371248928265743e+01,1.688867439468284548e+00
5.801371820520149214e+01,1.065062569791794589e+00
5.803372392112031974e+01,1.355548885428437433e+00
5.805372963703915445e+01,1.500116272391097905e+00
5.807373535295798916e+01,1.091992256404919370e+00
5.809374106887682387e+01,1.392244345580015308e+00
5.811374678479565858e+01,5.249262166834527399e-01
5.813375250071449329e+01,1.373218510130419290e+00
5.815375821663332800e+01,4.652793083761352921e-01
5.817376393255216271e+01,1.336728148636346702e+00
5.819376964847099742e+01,6.806110231139785860e-01
5.821377536438982503e+01,1.275029459659624997e+00
5.823378108030865974e+01,1.205669875168236871e+00
5.825378679622749445e+01,1.349648859575879767e+00
5.827379251214632916e+01,6.641069708300021412e-01
5.829379822806516387e+01,1.120252203013086145e+00
5.831380394398399858e+01,4.766429782274779758e-01
5.833380965990283329e+01,6.729850740087359728e-01
5.835381537582166800e+01,1.149922034796499570e+00
5.837382109174050271e+01,8.969269593108897265e-01
5.839382680765933742e+01,9.536737115722291325e-01
5.841383252357816502e+01,1.219554799472114315e+00
5.843383823949699973e+01,3.317025787851385354e-01
5.845384395541583444e+01,1.169105381258204623e+00
5.847384967133466915e+01,1.418942899061106155e+00
5.849385538725350386e+01,1.655468406467477394e+00
5.851386110317233857e+01,1.408194939137319412e+00
5.853386681909117328e+01,1.323949497326772695e+00
5.855387253501000799e+01,6.969231538749633970e-01
5.857387825092884270e+01,1.191009098808733402e+00
5.859388396684767031e+01,6.143856015349105082e-01
5.861388968276650502e+01,1.924590751184106940e+00
5.863389539868533973e+01,1.052035778232748520e+00
5.865390111460417444e+01,9.448904501944239698e-01
5.867390683052300915e+01,8.953302765769590721e-01
5.869391254644184386e+01,1.012773640300672406e+00
5.871391826236067857e+01,1.584721843186832180e+00
5.873392397827951328e+01,1.322821720162722148e+00
5.875392969419834799e+01,2.699980309435548453e-01
5.877393541011717559e+01,9.048466731125950346e-01
5.879394112603601030e+01,6.100167851373917705e-01
5.881394684195484501e+01,1.772860730026417198e+00
5.883395255787367972e+01,1.197518900377799067e+00
5.885395827379251443e+01,8.519914927664506976e-01
5.887396398971134914e+01,1.305060448226621261e+00
5.889396970563018385e+01,4.012709885499806672e-01
5.891397542154901856e+01,6.418013084789622180e-01
5.893398113746785327e+01,9.664816203567703212e-01
5.895398685338668798e+01,1.386810289809141894e+00
5.897399256930551559e+01,1.539121641095289927e+00
5.899399828522435030e+01,1.130335189319503497e+00
5.901400400114318501e+01,1.133152276652137580e+00
5.903400971706201972e+01,1.627479044784877926e+00
5.905401543298085443e+01,1.652529497763400634e+00
5.907402114889968914e+01,2.089265607683778114e+00
5.909402686481852385e+01,2.014877975642593633e+00
5.911403258073735856e+01,1.890185079698693649e+00
5.913403829665619327e+01,1.459761634737589464e+00
5.915404401257502087e+01,1.887717895202873919e+00
5.917404972849385558e+01,1.524688200920921943e+00
5.919405544441269029e+01,2.135408124903988458e+00
5.921406116033152500e+01,2.033280011625933081e+00
5.923406687625035971e+01,2.602122826029870772e+00
5.925407259216919442e+01,2.287481889623231623e+00
5.927407830808802913e+01,2.867617888561373451e+00
5.929408402400686384e+01,2.706968064078806968e+00
5.931408973992569855e+01,2.951584933322175974e+00
5.933409545584453326e+01,2.070334896925753121e+00
5.935410117176336087e+01,2.693940835451024363e+00
5.937410688768219558e+01,2.475967505898982068e+00
5.939411260360103029e+01,2.877379881800399719e+00
5.941411831951986500e+01,2.729240279642498379e+00
5.943412403543869971e+01,2.782189092919900464e+00
5.945412975135753442e+01,3.119795578836078498e+00
5.947413546727636913e+01,2.951211782473823320e+00
5.949414118319520384e+01,3.261145007209781177e+00
5.951414689911403855e+01,3.167624416160331968e+00
5.953415261503286615e+01,4.097927949608202169e+00
5.955415833095170086e+01,3.251351907671762742e+00
5.957416404687053557e+01,4.202576902249532509e+00
5.959416976278937028e+01,4.385024678948086674e+00
5.961417547870820499e+01,3.191180851326494317e+00
5.963418119462703970e+01,3.759631255371733261e+00
5.965418691054587441e+01,3.790779045737552533e+00
5.967419262646470912e+01,3.417090291867030949e+00
5.969419834238354383e+01,4.145897202698262340e+00
5.971420405830237144e+01,3.820602820504841901e+00
5.973420977422120615e+01,3.390868937568423558e+00
5.975421549014004086e+01,3.732301103686325838e+00
5.977422120605887557e+01,3.674889514149196401e+00
5.979422692197771028e+01,3.324626994663947954e+00
5.981423263789654499e+01,4.052355595570063862e+00
5.983423835381537970e+01,3.806768632542345543e+00
5.985424406973421441e+01,2.781564517712640683e+00
5.987424978565304912e+01,2.762090062719276151e+00
5.989425550157188383e+01,3.076680994191408391e+00
5.991426121749071143e+01,3.148975451167586481e+00
5.993426693340954614e+01,2.132983307935733652e+00
5.995427264932838085e+01,2.540074842036995406e+00
5.997427836524721556e+01,2.696993966770194540e+00
5.999428408116605027e+01,2.518598518626887106e+00
6.001428979708488498e+01,2.813177998432857763e+00
6.003429551300371969e+01,2.359953560096688996e+00
6.005430122892255440e+01,2.177763041916660480e+00
6.007430694484138911e+01,2.898725312674316434e+00
6.009431266076021672e+01,3.494594013627678741e+00
6.011431837667905143e+01,3.599029554015832577e+00
6.013432409259788614e+01,4.019694009152823710e+00
6.015432980851672085e+01,3.791753203089122337e+00
6.017433552443555556e+01,4.707493978125442347e+00
6.019434124035439027e+01,4.849156862718542627e+00
6.021434695627322498e+01,4.790394088108524073e+00
6.023435267219205969e+01,5.396907753411754882e+00
6.025435838811089440e+01,5.788323513079184579e+00
6.027436410402972911e+01,6.327878238244043274e+00
6.029436981994855671e+01,6.670439818381863617e+00
6.031437553586739142e+01,7.336318289372049328e+00
6.033438125178622613e+01,8.103486748125364514e+00
6.035438696770506084e+01,8.612915946798391786e+00
6.037439268362389555e+01,8.419237801212869243e+00
6.039439839954273026e+01,8.102709467210635452e+00
6.041440411546156497e+01,8.308458746093641878e+00
6.043440983138039968e+01,8.744130627855369653e+00
6.045441554729923439e+01,8.982473001415350211e+00
6.047442126321806199e+01,7.575615852428850161e+00
6.049442697913689670e+01,8.138283508303221225e+00
6.051443269505573141e+01,7.283156121961757989e+00
6.053443841097456612e+01,7.459923207869957551e+00
6.055444412689340083e+01,7.381575602050832074e+00
6.057444984281223554e+01,6.696997975312367402e+00
6.059445555873107025e+01,7.324423646741980320e+00
6.061446127464990496e+01,7.882997973923272284e+00
6.063446699056873967e+01,7.424720182707520877e+00
6.065447270648756728e+01,7.746879724620747254e+00
6.067447842240640199e+01,7.099197340897376307e+00
6.069448413832523670e+01,8.050398757204767719e+00
6.071448985424407141e+01,8.052792185304721073e+00
6.073449557016290612e+01,8.844213530187156280e+00
6.075450128608174083e+01,9.182107771261405205e+00
6.077450700200057554e+01,9.741695402900038658e+00
6.079451271791941025e+01,9.503791707613178374e+00
6.081451843383824496e+01,9.792105146915462299e+00
6.083452414975707967e+01,9.632548748794869553e+00
6.085452986567590727e+01,9.898739417305311150e+00
6.087453558159474198e+01,9.617694936566394404e+00
6.089454129751357669e+01,8.770102412450180296e+00
6.091454701343241140e+01,9.525724291784328557e+00
6.093455272935124611e+01,8.457393715646549737e+00
6.095455844527008082e+01,8.446110789212267989e+00
6.097456416118891553e+01,7.672209739666304706e+00
6.099456987710775024e+01,6.970567493968241379e+00
6.101457559302658495e+01,6.553650263221555861e+00
6.103458130894541256e+01,6.462369298151341646e+00
6.105458702486424727e+01,6.523715966497455554e+00
6.107459274078308198e+01,4.735394771941614067e+00
6.109459845670191669e+01,4.587893175672558499e+00
6.111460417262075140e+01,4.474088454129395487e+00
6.113460988853958611e+01,4.301172845341334927e+00
6.115461560445842082e+01,4.143840996861735348e+00
6.117462132037725553e+01,3.248678071281080104e+00
6.119462703629609024e+01,4.029933136627601442e+00
6.121463275221492495e+01,3.393559958264169119e+00
6.123463846813375255e+01,3.373654550019061560e+00
6.125464418405258726e+01,3.494673675628898746e+00
6.127464989997142197e+01,3.047057527493690188e+00
6.129465561589025668e+01,3.300044430093217240e+00
6.131466133180909139e+01,2.887255481619121156e+00
6.133466704772792610e+01,3.570092090013791797e+00
6.135467276364676081e+01,3.950754712555415438e+00
6.137467847956559552e+01,3.292847600890739468e+00
6.139468419548443023e+01,3.749654112046231447e+00
6.141468991140325784e+01,4.133609812344896994e+00
6.143469562732209255e+01,4.080893821089202511e+00
6.145470134324092726e+01,4.711892554453866566e+00
6.147470705915976197e+01,4.058117580937895319e+00
6.149471277507859668e+01,4.907501837528838173e+00
6.151471849099743139e+01,5.477962472362138513e+00
6.153472420691626610e+01,4.620754607567529426e+00
6.155472992283510081e+01,5.937658717867629221e+00
6.157473563875393552e+01,5.832918119674161517e+00
6.159474135467276312e+01,5.172983971621389898e+00
6.161474707059159783e+01,5.986255877952133986e+00
6.163475278651043254e+01,5.837494716253293525e+00
6.165475850242926725e+01,6.194830964286158093e+00
6.167476421834810196e+01,6.711729666611951473e+00
6.169476993426693667e+01,6.243004295260536018e+00
6.171477565018577138e+01,7.641210176588912439e+00
6.173478136610460609e+01,6.723551428475869507e+00
6.175478708202344080e+01,7.214176945511081129e+00
6.177479279794227551e+01,6.974261062707605596e+00
6.179479851386110312e+01,7.748494566076953305e+00
6.181480422977993783e+01,7.074255294660158455e+00
6.183480994569877254e+01,7.860633349118046453e+00
6.185481566161760725e+01,7.970608089820536257e+00
6.187482137753644196e+01,6.959676890064988797e+00
6.189482709345527667e+01,7.209848544769109857e+00
6.191483280937411138e+01,6.469222814126216470e+00
6.193483852529294609e+01,6.177990318532040170e+00
6.195484424121178080e+01,5.296750678482069929e+00
6.197484995713060840e+01,5.364981558272420514e+00
6.199485567304944311e+01,5.029323270113590816e+00
6.201486138896827782e+01,4.195633964301668684e+00
6.203486710488711253e+01,4.452586508668552767e+00
6.205487282080594724e+01,4.701886512097378734e+00
6.207487853672478195e+01,3.153548584775595742e+00
6.209488425264361666e+01,3.660292774707060381e+00
6.211488996856245137e+01,3.117746858763894124e+00
6.213489568448128608e+01,2.173470865675728003e+00
6.215490140040011369e+01,2.575551323458936004e+00
6.217490711631894840e+01,2.909194488516714472e+00
6.219491283223778311e+01,2.449269708095779485e+00
6.221491854815661782e+01,1.535646420317202443e+00
6.223492426407545253e+01,2.257997130078677195e+00
6.225492997999428724e+01,1.476517073224330900e+00
6.227493569591312195e+01,2.683496757402884292e+00
6.229494141183195666e+01,1.761731877732006346e+00
6.231494712775079137e+01,2.361203746243596857e+00
6.233495284366962608e+01,1.994723394290538909e+00
6.235495855958845368e+01,2.381385688380863286e+00
6.237496427550728839e+01,2.514612615364227199e+00
6.239496999142612310e+01,1.709946260588111944e+00
6.241497570734495781e+01,2.650965937891632151e+00
6.243498142326379252e+01,2.498527492678687345e+00
6.245498713918262723e+01,1.743763065850421956e+00
6.247499285510146194e+01,2.469158192992872536e+00
6.249499857102029665e+01,2.272796825966775902e+00
6.251500428693913136e+01,2.986565981250289603e+00
6.253501000285795897e+01,2.309484407570141506e+00
6.255501571877679368e+01,3.726107016873613897e+00
6.257502143469562839e+01,2.787530691507441372e+00
6.259502715061446310e+01,3.166926594442865728e+00
6.261503286653329781e+01,3.629940653663562777e+00
6.263503858245213252e+01,3.296538127068449064e+00
6.265504429837096723e+01,3.420786358845625319e+00
6.267505001428980194e+01,4.038729000219176690e+00
6.269505573020863665e+01,4.600419792783757345e+00
6.271506144612747136e+01,4.017512814059707615e+00
6.273506716204629896e+01,4.458942524878048985e+00
6.275507287796513367e+01,4.314860245433186137e+00
6.277507859388396838e+01,4.233823900187939415e+00
6.279508430980280309e+01,4.264115226668045544e+00
6.281509002572163780e+01,3.902481926002726809e+00
6.283509574164047251e+01,4.076266313548260634e+00
6.285510145755930722e+01,3.930661193832591938e+00
6.287510717347814193e+01,4.745195889391837341e+00
6.289511288939697664e+01,4.352289377174687779e+00
6.291511860531580425e+01,4.442250311986334133e+00
6.293512432123463896e+01,4.229409080611493010e+00
6.295513003715347367e+01,4.397294441230509499e+00
6.297513575307230838e+01,4.359742736024932341e+00
6.299514146899114309e+01,3.476474780432064371e+00
6.301514718490997780e+01,3.102837782849818815e+00
6.303515290082881251e+01,2.609273987932956729e+00
6.305515861674764722e+01,3.532485269003498463e+00
6.307516433266648193e+01,2.883980164415532510e+00
6.309517004858530953e+01,3.264582093292041520e+00
6.311517576450414424e+01,2.992044690954409170e+00
6.313518148042297895e+01,2.306691684368545658e+00
6.315518719634181366e+01,2.223635828815527571e+00
6.317519291226064837e+01,2.147171597726891257e+00
6.319519862817948308e+01,1.479744333048855109e+00
6.321520434409831779e+01,1.592484474473037093e+00
6.323521006001715250e+01,1.788275658762158438e+00
6.325521577593598721e+01,1.468531273291822536e+00
6.327522149185482192e+01,1.163783568550602388e+00
6.329522720777364952e+01,2.576400656067533212e+00
6.331523292369248423e+01,2.512919914987878478e+00
6.333523863961131894e+01,1.598225636478591394e+00
6.335524435553015365e+01,2.137621378757657897e+00
6.337525007144898836e+01,2.034811871384951676e+00
6.339525578736782307e+01,1.325933849474279835e+00
6.341526150328665778e+01,2.117307744933884628e+00
6.343526721920549249e+01,2.213027095156992363e+00
6.345527293512432720e+01,2.262469344614578937e+00
6.347527865104315481e+01,2.608116379123991191e+00
6.349528436696198952e+01,2.403444488104627741e+00
6.351529008288082423e+01,2.792321859695420905e+00
6.353529579879965894e+01,3.920014147684728556e+00
6.355530151471849365e+01,3.790167955281730450e+00
6.357530723063732836e+01,3.391911260703557307e+00
6.359531294655616307e+01,3.564356048082581996e+00
6.361531866247499778e+01,3.267648048871784283e+00
6.363532437839383249e+01,4.211257086546143391e+00
6.365533009431266720e+01,3.532478168358755166e+00
6.367533581023149480e+01,3.530554623182497131e+00
6.369534152615032951e+01,3.491326586349847272e+00
6.371534724206916422e+01,2.506474298515195542e+00
6.373535295798799893e+01,2.621142853495273428e+00
6.375535867390683364e+01,3.018053476548820058e+00
6.377536438982566835e+01,3.019631875760648398e+00
6.379537010574450306e+01,2.478455151808788948e+00
6.381537582166333777e+01,2.117216898961071347e+00
6.383538153758217248e+01,2.346824026303140354e+00
6.385538725350100009e+01,7.926033996184467245e-01
6.387539296941983480e+01,1.403432141715031722e+00
6.389539868533866951e+01,1.396113830865892025e+00
6.391540440125750422e+01,1.596292424933817511e+00
6.393541011717633893e+01,1.910309962539784578e+00
6.395541583309517364e+01,1.691618378075656404e+00
6.397542154901400835e+01,1.339040854160856941e+00
6.399542726493284306e+01,6.764397588540342898e-01
6.401543298085167066e+01,7.263501875646511952e-01
6.403543869677051248e+01,1.171609116294859643e+00
6.405544441268934008e+01,4.844087110850310296e-01
6.407545012860816769e+01,9.763728231313093531e-01
6.409545584452700950e+01,1.148496564235235162e+00
6.411546156044585132e+01,1.885609537042860717e+00
6.413546727636467892e+01,9.667814268148442469e-01
6.415547299228350653e+01,1.176685737359457251e+00
6.417547870820234834e+01,1.270061616207617483e+00
6.419548442412119016e+01,1.351386133490708019e+00
6.421549014004001776e+01,2.001282378407728935e+00
6.423549585595884537e+01,1.234224198871699762e+00
6.425550157187768718e+01,1.327085659910922422e+00
6.427550728779651479e+01,1.062364530720520062e+00
6.429551300371534239e+01,2.438874635703846550e-01
6.431551871963418421e+01,1.123552587140870918e+00
6.433552443555302602e+01,1.410525607901999656e+00
6.435553015147185363e+01,1.418689387682249725e+00
6.437553586739068123e+01,1.782217814213257867e+00
6.439554158330952305e+01,1.154094462583232783e+00
6.441554729922835065e+01,1.112570021231247708e+00
6.443555301514717826e+01,3.544534285682966468e-01
6.445555873106602007e+01,9.908686862660863737e-01
6.447556444698486189e+01,1.428694948007824816e+00
6.449557016290368949e+01,4.646233730257796068e-01
6.451557587882251710e+01,1.313750229621136523e+00
6.453558159474135891e+01,1.113394562163460666e+00
6.455558731066020073e+01,9.177938937622935889e-01
6.457559302657902833e+01,8.589646708491185390e-01
6.459559874249785594e+01,5.957199780063876515e-01
6.461560445841669775e+01,8.134937610939678709e-01
6.463561017433552536e+01,1.452441822396405513e+00
6.465561589025435296e+01,1.207007777014885042e+00
6.467562160617319478e+01,1.358232785492967887e+00
6.469562732209203659e+01,8.216061996132097978e-01
6.471563303801086420e+01,1.665834276557475402e+00
6.473563875392969180e+01,1.310375344170384260e+00
6.475564446984853362e+01,1.130577826386201634e+00
6.477565018576737543e+01,1.370344771506887938e+00
6.479565590168618883e+01,9.991973330785844931e-01
6.481566161760503064e+01,6.434590503179382637e-01
6.483566733352387246e+01,4.385180182841892926e-01
6.485567304944270006e+01,1.773697060295932548e+00
6.487567876536152767e+01,5.512582006717838823e-01
6.489568448128036948e+01,1.282760088395690001e+00
6.491569019719921130e+01,1.667399839144986240e+00
6.493569591311803890e+01,1.086567293243996479e+00
6.495570162903686651e+01,2.092254611549904553e+00
6.497570734495570832e+01,1.976819945330666295e+00
6.499571306087453593e+01,1.506905480318282198e+00
6.501571877679336353e+01,1.177743485144841618e+00
6.503572449271220535e+01,2.270927780446749811e+00
6.505573020863104716e+01,1.857629268564418235e+00
6.507573592454987477e+01,2.054018330894632260e+00
6.509574164046870237e+01,1.207786855225869260e+00
6.511574735638754419e+01,1.973000186421102420e+00
6.513575307230638600e+01,1.923185851227882548e+00
6.515575878822521361e+01,2.711278177720755522e+00
6.517576450414404121e+01,3.093925051932869597e+00
6.519577022006288303e+01,2.575177595823391119e+00
6.521577593598171063e+01,2.156264412839332678e+00
6.523578165190053824e+01,3.282523833839816607e+00
6.525578736781938005e+01,2.877697668095734240e+00
6.527579308373822187e+01,2.208566297106146159e+00
6.529579879965704947e+01,3.145582383603382048e+00
6.531580451557587708e+01,3.058203572446581475e+00
6.533581023149471889e+01,2.618535156662191277e+00
6.535581594741354650e+01,2.212357701008243360e+00
6.537582166333237410e+01,2.631557922514117021e+00
6.539582737925121592e+01,2.507281134505277453e+00
6.541583309517005773e+01,2.367152430722474943e+00
6.543583881108888534e+01,2.478841155632089510e+00
6.545584452700771294e+01,1.945629259450387449e+00
6.547585024292655476e+01,1.855867458395022096e+00
6.549585595884539657e+01,1.842113768351120173e+00
6.551586167476422418e+01,2.605022647550014891e+00
6.553586739068305178e+01,1.915113464419559097e+00
6.555587310660189360e+01,2.169887072175055387e+00
6.557587882252072120e+01,1.485097827831934669e+00
6.559588453843954881e+01,9.924724048970504642e-01
6.561589025435839062e+01,1.624463620645157924e+00
6.563589597027723244e+01,1.257884009144182968e+00
6.565590168619606004e+01,1.768661973024418188e+00
6.567590740211488765e+01,1.192402168195010548e+00
6.569591311803372946e+01,1.530996231217843118e+00
6.571591883395257128e+01,1.466474401076280909e+00
6.573592454987138467e+01,7.534065994297993729e-01
6.575593026579022649e+01,1.445847062420974494e+00
6.577593598170906830e+01,9.569676879087648524e-01
6.579594169762789591e+01,1.834016935367961842e+00
6.581594741354672351e+01,1.168777499232407369e+00
6.583595312946556533e+01,2.675850806914338298e-01
6.585595884538440714e+01,1.468571015529789969e+00
6.587596456130323475e+01,8.633358371446606672e-01
6.589597027722206235e+01,4.839972747397977559e-01
6.591597599314090417e+01,8.651263184944810725e-01
6.593598170905973177e+01,1.135932120019315095e+00
6.595598742497855937e+01,1.537232339822590887e+00
6.597599314089740119e+01,1.944851040375166207e+00
6.599599885681624301e+01,5.713859242289751617e-01
6.601600457273507061e+01,1.235588080552663559e+00
6.603601028865389821e+01,6.425881481433171061e-01
6.605601600457274003e+01,1.718733457037719958e+00
6.607602172049158185e+01,1.545490185480632217e+00
6.609602743641040945e+01,7.918070639740306671e-01
6.611603315232923705e+01,1.015769109927626257e+00
6.613603886824807887e+01,1.860733110845878002e+00
6.615604458416690647e+01,6.307586991870783866e-01
6.617605030008573408e+01,1.817978018639851090e+00
6.619605601600457589e+01,1.068024552451532161e+00
6.621606173192341771e+01,1.149519460206823496e+00
6.623606744784224531e+01,1.659060458769040736e+00
6.625607316376107292e+01,1.426347460237836096e+00
6.627607887967991473e+01,6.973428435376221035e-01
6.629608459559874234e+01,1.366358231659682509e+00
6.631609031151756994e+01,1.196940163050548733e+00
6.633609602743641176e+01,6.973394777046932891e-01
6.635610174335525357e+01,1.168646308365571818e+00
6.637610745927408118e+01,1.223940871441830947e+00
6.639611317519290878e+01,1.600340224296409763e+00
6.641611889111175060e+01,5.977330025456900620e-01
6.643612460703059241e+01,1.454595337060916371e+00
6.645613032294942002e+01,1.586475512742660854e+00
6.647613603886824762e+01,8.510615069725138149e-01
6.649614175478708944e+01,1.463319139626615195e+00
6.651614747070591704e+01,1.810001671262459144e+00
6.653615318662474465e+01,1.145482662633844129e+00
6.655615890254358646e+01,9.930161917161172136e-01
6.657616461846242828e+01,6.627939348609560577e-01
6.659617033438125588e+01,1.838431683316428256e+00
6.661617605030008349e+01,1.436445692535098129e+00
6.663618176621892530e+01,1.634863780268073441e+00
6.665618748213776712e+01,1.763425375580102150e+00
6.667619319805658051e+01,1.476010554379246997e+00
6.669619891397542233e+01,1.827164433567161961e+00
6.671620462989426414e+01,1.018224754617336414e+00
6.673621034581309175e+01,1.536232698472294045e+00
6.675621606173191935e+01,1.911042625037148168e+00
6.677622177765076117e+01,2.621522623540829322e+00
6.679622749356960298e+01,2.931901972182217708e+00
6.681623320948843059e+01,2.419376408141868051e+00
6.683623892540725819e+01,2.642756267806815274e+00
6.685624464132610001e+01,3.214823159294967869e+00
6.687625035724492761e+01,3.711682997212221835e+00
6.689625607316375522e+01,3.816033296506975425e+00
6.691626178908259703e+01,4.228236492119848755e+00
6.693626750500143885e+01,4.947437215807934052e+00
6.695627322092026645e+01,4.562960421278178913e+00
6.697627893683909406e+01,4.430883898913456242e+00
6.699628465275793587e+01,4.143847828325268878e+00
6.701629036867677769e+01,4.677501506240600015e+00
6.703629608459560529e+01,5.512893946862607919e+00
6.705630180051443290e+01,4.707751440095450768e+00
6.707630751643327471e+01,5.142157637522073443e+00
6.709631323235210232e+01,4.777987823538648371e+00
6.711631894827092992e+01,4.637006233484648909e+00
6.713632466418977174e+01,5.748800314340376971e+00
6.715633038010861355e+01,4.391963006780412293e+00
6.717633609602744116e+01,4.882834758644597706e+00
6.719634181194626876e+01,4.674081925779248969e+00
6.721634752786511058e+01,4.986830511329378268e+00
6.723635324378393818e+01,4.968676173669957841e+00
6.725635895970276579e+01,4.789579528807435871e+00
6.727636467562160760e+01,4.833947939486234802e+00
6.729637039154044942e+01,4.311769765880060667e+00
6.731637610745927702e+01,4.100890828139163169e+00
6.733638182337810463e+01,4.536340685406075934e+00
6.735638753929694644e+01,4.242820175640547475e+00
6.737639325521578826e+01,4.946443471466203334e+00
6.739639897113461586e+01,4.560167847247277528e+00
6.741640468705344347e+01,4.726567551850190618e+00
6.743641040297228528e+01,5.296175384036589051e+00
6.745641611889111289e+01,4.832596538463892699e+00
6.747642183480994049e+01,4.427787879706336582e+00
6.749642755072878231e+01,4.282526934644419470e+00
6.751643326664762412e+01,4.364178684036530420e+00
6.753643898256645173e+01,4.248929871265099578e+00
6.755644469848527933e+01,4.120798632293162456e+00
6.757645041440412115e+01,4.014404301546135478e+00
6.759645613032296296e+01,3.403254395002364596e+00
6.761646184624177636e+01,2.919142043299788547e+00
6.763646756216061817e+01,3.200616593265306786e+00
6.765647327807945999e+01,2.690826345442452805e+00
6.767647899399828759e+01,2.673059380377571514e+00
6.769648470991711520e+01,3.078716043118857382e+00
6.771649042583595701e+01,2.164749128270654133e+00
6.773649614175479883e+01,2.051821843216353969e+00
6.775650185767362643e+01,1.998661722066142454e+00
6.777650757359245404e+01,2.690805764021912516e+00
6.779651328951129585e+01,1.836293903456110321e+00
6.781651900543012346e+01,2.325764664476490218e+00
6.783652472134895106e+01,1.617337004766457920e+00
6.785653043726779288e+01,1.854231485479549413e+00
6.787653615318663469e+01,2.216517186811894469e+00
6.789654186910546230e+01,1.624184561733323040e+00
6.791654758502428990e+01,1.942446899057903575e+00
6.793655330094313172e+01,1.909067625432175230e+00
6.795655901686197353e+01,1.677349550862632599e+00
6.797656473278080114e+01,1.984197669894965266e+00
6.799657044869962874e+01,1.418291789621617394e+00
6.801657616461847056e+01,2.185050341661682438e+00
6.803658188053729816e+01,1.492934979214512126e+00
6.805658759645612577e+01,1.472983955146209389e+00
6.807659331237496758e+01,2.594404894705081510e+00
6.809659902829380940e+01,2.045137379649164977e+00
6.811660474421263700e+01,1.712535297790484412e+00
6.813661046013146461e+01,1.981726445814481874e+00
6.815661617605030642e+01,1.939106405469695815e+00
6.817662189196913403e+01,2.494033858394370196e+00
6.819662760788796163e+01,2.443528604453162778e+00
6.821663332380680345e+01,1.629082809444746038e+00
6.823663903972564526e+01,2.155702151528311905e+00
6.825664475564447287e+01,2.185810599074776484e+00
6.827665047156330047e+01,2.771051906533129383e+00
6.829665618748214229e+01,2.806231974784814565e+00
6.831666190340098410e+01,2.564946668876835645e+00
6.833666761931981171e+01,3.790187098708577285e+00
6.835667333523863931e+01,3.058785284060628662e+00
6.837667905115748113e+01,3.451587764865985619e+00
6.839668476707630873e+01,3.807169702640130993e+00
6.841669048299513634e+01,3.245962319705307575e+00
6.843669619891397815e+01,2.902163360458421604e+00
6.845670191483281997e+01,3.587194489558494404e+00
6.847670763075164757e+01,3.687113073454057588e+00
6.849671334667047518e+01,4.207035781672187724e+00
6.851671906258931699e+01,4.595643105192357858e+00
6.853672477850815881e+01,3.971967935818212503e+00
6.855673049442697220e+01,4.771440769691937867e+00
6.857673621034581402e+01,3.934576849035160251e+00
6.859674192626465583e+01,4.060648424812827173e+00
6.861674764218348344e+01,4.523015620051719310e+00
6.863675335810231104e+01,4.045592314282012047e+00
6.865675907402115286e+01,4.501602788159514645e+00
6.867676478993999467e+01,4.327794120190091576e+00
6.869677050585882228e+01,4.198072318169520756e+00
6.871677622177764988e+01,4.863159987900557368e+00
6.873678193769649170e+01,5.453025239241124922e+00
6.875678765361531930e+01,4.946329595260772649e+00
6.877679336953414690e+01,4.671756551268178903e+00
6.879679908545298872e+01,5.472880104421808944e+00
6.881680480137183054e+01,4.910076366599565922e+00
6.883681051729065814e+01,4.228313444392789222e+00
6.885681623320948574e+01,4.524730665521532913e+00
6.887682194912832756e+01,4.580936590822598298e+00
6.889682766504716938e+01,4.775836370716974422e+00
6.891683338096599698e+01,4.785826557057331954e+00
6.893683909688482458e+01,4.882883784399831839e+00
6.895684481280366640e+01,4.082591947911201835e+00
6.897685052872249400e+01,3.042207973887598449e+00
6.899685624464132161e+01,4.488035640809578730e+00
6.901686196056016342e+01,3.385626089800999772e+00
6.903686767647900524e+01,2.482023919862763162e+00
6.905687339239783284e+01,2.464364333647826921e+00
6.907687910831666045e+01,2.745136038423796609e+00
6.909688482423550226e+01,3.247578355574225029e+00
6.911689054015432987e+01,2.320518257916491134e+00
6.913689625607315747e+01,3.313262784691987761e+00
6.915690197199199929e+01,3.302062983075913394e+00
6.917690768791084110e+01,2.223819379743013247e+00
6.919691340382966871e+01,2.942277826574464239e+00
6.921691911974849631e+01,2.348662827717593160e+00
6.923692483566733813e+01,3.006273643822069186e+00
6.925693055158617994e+01,2.037291983241682480e+00
6.927693626750500755e+01,2.787110654204805194e+00
6.929694198342383515e+01,2.022802637556927241e+00
6.931694769934267697e+01,2.598100414306728556e+00
6.933695341526150457e+01,2.713332561667533227e+00
6.935695913118033218e+01,2.510682388387996067e+00
6.937696484709917399e+01,2.275943217365798077e+00
6.939697056301801581e+01,2.280753981098325944e+00
6.941697627893684341e+01,2.852694776236899266e+00
6.943698199485567102e+01,1.588414840365089953e+00
6.945698771077451283e+01,1.613156728448243094e+00
6.947699342669335465e+01,2.390751122993768352e+00
6.949699914261216804e+01,1.100916283940930329e+00
6.951700485853100986e+01,1.022614762219920648e+00
6.953701057444985167e+01,1.758619952179804491e+00
6.955701629036867928e+01,1.459142655677483580e+00
6.957702200628750688e+01,2.049419189564938293e+00
6.959702772220634870e+01,1.052865780164895959e+00
6.961703343812519051e+01,8.976488963360330642e-01
6.963703915404401812e+01,1.578278355866151283e+00
6.965704486996284572e+01,6.356792431627138473e-01
6.967705058588168754e+01,1.536606631844801285e+00
6.969705630180051514e+01,1.209461291436857877e+00
6.971706201771934275e+01,9.305401721324945141e-01
6.973706773363818456e+01,1.770765186021586501e+00
6.975707344955702638e+01,9.878918989345556456e-01
6.977707916547585398e+01,7.427718187180012421e-01
6.979708488139468159e+01,1.795931876958598128e+00
6.981709059731352340e+01,1.929267725404316902e+00
6.983709631323236522e+01,6.690679047384573419e-01
6.985710202915119282e+01,1.699419680836565361e+00
6.987710774507002043e+01,1.290252339589342601e+00
6.989711346098886224e+01,1.439250887602409268e+00
6.991711917690768985e+01,7.523885635088038981e-01
6.993712489282651745e+01,1.834110560229668341e+00
6.995713060874535927e+01,1.985455160801216756e+00
6.997713632466420108e+01,1.855334912249333890e+00
6.999714204058302869e+01,1.263182737652534415e+00
7.001714775650185629e+01,9.811210207137265327e-01
7.003715347242069811e+01,7.196687064246732879e-01
7.005715918833952571e+01,1.349531051264786008e+00
7.007716490425835332e+01,7.633404366468830027e-01
7.009717062017719513e+01,1.354071195286187912e+00
7.011717633609603695e+01,6.083441696751632488e-01
7.013718205201486455e+01,4.694580386665035965e-01
7.015718776793369216e+01,9.448248527339243585e-01
7.017719348385253397e+01,1.171100951226606846e+00
7.019719919977137579e+01,1.443389265816295008e+00
7.021720491569020339e+01,4.938746059568399072e-01
7.023721063160903100e+01,1.506253549787645696e+00
7.025721634752787281e+01,7.170436693440691567e-01
7.027722206344670042e+01,1.034029474059713127e+00
7.029722777936552802e+01,1.409442499179091035e+00
7.031723349528436984e+01,1.121104365669364444e+00
7.033723921120321165e+01,1.696408969414859857e+00
7.035724492712203926e+01,7.971875341470553433e-01
7.037725064304086686e+01,7.969530962111658345e-01
7.039725635895970868e+01,1.112633552248381896e+00
7.041726207487855049e+01,1.167740138865057009e+00
7.043726779079736389e+01,1.144029315576185368e+00
7.045727350671620570e+01,1.055618298623581142e+00
7.047727922263504752e+01,1.271906559026908967e+00
7.049728493855387512e+01,1.458082597378061784e+00
7.051729065447270273e+01,1.159881873810863828e+00
7.053729637039154454e+01,1.404804955184147053e+00
7.055730208631038636e+01,1.721057783675046249e+00
7.057730780222921396e+01,1.332194826214693428e+00
7.059731351814804157e+01,1.322284715959598733e+00
7.061731923406688338e+01,2.341933078328790607e+00
7.063732494998571099e+01,2.082732384805156212e+00
7.065733066590453859e+01,1.423099259101847647e+00
7.067733638182338041e+01,1.630414104491125782e+00
7.069734209774222222e+01,1.836437162106156151e+00
7.071734781366104983e+01,2.150598345683337520e+00
7.073735352957987743e+01,2.434712715221376111e+00
7.075735924549871925e+01,2.050255807148714471e+00
7.077736496141756106e+01,1.687357274320405942e+00
7.079737067733638867e+01,2.411242338638434735e+00
7.081737639325521627e+01,2.501692980756089035e+00
7.083738210917405809e+01,2.683339136538590353e+00
7.085738782509288569e+01,2.698500900840575145e+00
7.087739354101171330e+01,2.846251598617752343e+00
7.089739925693055511e+01,2.567245441448426035e+00
7.091740497284939693e+01,2.745866244149980595e+00
7.093741068876822453e+01,3.829217334343346657e+00
7.095741640468705214e+01,3.030541280573258334e+00
7.097742212060589395e+01,3.027720963758529837e+00
7.099742783652472156e+01,3.356124514478805665e+00
7.101743355244354916e+01,3.215444155925257341e+00
7.103743926836239098e+01,2.783990510829814191e+00
7.105744498428123279e+01,2.873141486843433068e+00
7.107745070020006040e+01,3.419657164583889575e+00
7.109745641611888800e+01,2.327417473029697703e+00
7.111746213203772982e+01,2.893086538147075615e+00
7.113746784795657163e+01,2.826931108639214152e+00
7.115747356387539924e+01,2.180714828794016569e+00
7.117747927979422684e+01,1.821663908758018646e+00
7.119748499571306866e+01,2.203871361371229298e+00
7.121749071163189626e+01,1.701850482409988707e+00
7.123749642755072387e+01,1.128952931945506499e+00
7.125750214346956568e+01,9.758040284401833242e-01
7.127750785938840750e+01,1.975874145112849423e+00
7.129751357530723510e+01,1.795961389907039907e+00
7.131751929122606271e+01,9.790222668136927542e-01
7.133752500714490452e+01,1.594787097680175680e+00
7.135753072306374634e+01,1.316623279195098473e+00
7.137753643898255973e+01,1.434717359650024227e+00
7.139754215490140155e+01,9.078781960112249916e-01
7.141754787082024336e+01,5.588698580073360178e-01
7.143755358673907097e+01,1.570603905368787689e+00
7.145755930265789857e+01,1.208965290086497113e+00
7.147756501857674039e+01,5.690036316685569417e-01
7.149757073449558220e+01,1.233306729521797429e+00
7.151757645041440981e+01,5.333976172401510008e-01
7.153758216633323741e+01,6.571762190420435967e-01
7.155758788225207923e+01,1.335493650619538508e+00
7.157759359817090683e+01,1.896070110080823712e+00
7.159759931408973443e+01,1.044002401859141171e+00
7.161760503000857625e+01,1.264317047513896064e+00
7.163761074592741807e+01,9.479763485856211869e-01
7.165761646184624567e+01,1.383043313314858969e+00
7.167762217776507327e+01,1.288097598339958516e+00
7.169762789368391509e+01,7.226782009506256266e-01
7.171763360960275691e+01,1.145253689157844423e+00
7.173763932552158451e+01,6.840605324978001889e-01
7.175764504144041211e+01,1.114929816335051171e+00
7.177765075735925393e+01,1.051719784752914055e+00
7.179765647327808153e+01,6.516022512550654344e-01
7.181766218919690914e+01,8.957255364294886002e-01
7.183766790511575095e+01,5.484879552273301817e-01
7.185767362103459277e+01,3.625908798381928255e-01
7.187767933695342037e+01,7.581223392965619201e-01
7.189768505287224798e+01,6.114743257972212742e-01
7.191769076879108979e+01,1.118324255262869826e+00
7.193769648470991740e+01,7.187188191185225339e-01
7.195770220062874500e+01,3.617402866349204160e-01
7.197770791654758682e+01,1.463370643636320523e+00
7.199771363246642863e+01,1.728500322420703839e+00
7.201771934838525624e+01,1.837878596745673665e+00
7.203772506430408384e+01,7.766888899129406054e-01
7.205773078022292566e+01,8.394200316215176816e-01
7.207773649614176747e+01,1.549627265100145035e+00
7.209774221206059508e+01,1.245176280273669001e+00
7.211774792797942268e+01,8.969416342193079483e-01
7.213775364389826450e+01,1.498374773534124849e+00
7.215775935981709210e+01,1.897485497413192723e-01
7.217776507573591971e+01,1.014130056616694198e+00
7.219777079165476152e+01,1.030448917445662138e+00
7.221777650757360334e+01,1.823064681587084346e+00
7.223778222349243094e+01,1.434174875959468576e+00
7.225778793941125855e+01,1.619566484802982709e+00
7.227779365533010036e+01,1.117098687557623649e+00
7.229779937124894218e+01,1.576283504453156903e+00
7.231780508716775557e+01,9.494631539513219698e-01
7.233781080308659739e+01,3.189440598268746818e-01
7.235781651900543920e+01,5.657935274849441587e-01
7.237782223492426681e+01,6.132479406483980489e-01
7.239782795084309441e+01,1.244424065900008536e+00
7.241783366676193623e+01,4.848778182695252514e-01
7.243783938268077804e+01,1.412004119522004109e+00
7.245784509859960565e+01,1.097524877016198275e+00
7.247785081451843325e+01,1.335319425464335907e+00
7.249785653043727507e+01,1.712297342087793828e+00
7.251786224635610267e+01,1.137919393963184200e+00
7.253786796227493028e+01,1.374307484896509779e+00
7.255787367819377209e+01,1.485700778744380779e+00
7.257787939411261391e+01,2.174636570059890417e+00
7.259788511003144151e+01,2.007204512915804262e+00
7.261789082595026912e+01,6.057822164004271759e-01
7.263789654186911093e+01,1.943382240087332402e+00
7.265790225778795275e+01,1.548678011013496114e+00
7.267790797370678035e+01,1.454420931230397063e+00
7.269791368962560796e+01,1.258548613110058723e+00
7.271791940554444977e+01,1.117904538176087925e+00
7.273792512146327738e+01,1.523112029750342433e+00
7.275793083738210498e+01,1.661426411561588434e+00
7.277793655330094680e+01,1.322314062956984948e+00
7.279794226921978861e+01,1.383439680114030068e+00
7.281794798513861622e+01,1.740062790937929371e+00
7.283795370105744382e+01,1.507151455051186639e+00
7.285795941697628564e+01,1.585396070272199198e+00
7.287796513289511324e+01,1.751077795966635264e+00
7.289797084881394085e+01,2.298500317620939981e+00
7.291797656473278266e+01,1.127954095580573579e+00
7.293798228065162448e+01,1.683202358493461004e+00
7.295798799657045208e+01,1.271083498788310617e+00
7.297799371248927969e+01,1.317020402647552935e+00
7.299799942840812150e+01,1.660718677761749529e+00
7.301800514432696332e+01,1.582986733617792963e+00
7.303801086024579092e+01,1.640248123572774386e+00
7.305801657616461853e+01,1.408114152788626949e+00
7.307802229208346034e+01,4.316219580971051295e-01
7.309802800800228795e+01,1.355866218516821764e+00
7.311803372392111555e+01,1.049825290900384456e+00
7.313803943983995737e+01,6.832364447258920670e-01
7.315804515575879918e+01,8.716105910624654118e-01
7.317805087167762679e+01,4.758633735818443844e-01
7.319805658759645439e+01,1.366590830108250554e+00
7.321806230351529621e+01,7.765994839894532209e-01
7.323806801943413802e+01,1.234266009116770979e+00
7.325807373535295142e+01,1.151168385663308147e+00
7.327807945127179323e+01,9.852117391919055223e-01
7.329808516719063505e+01,1.114934456960001041e+00
7.331809088310946265e+01,9.625235309273809658e-01
7.333809659902829026e+01,9.563835039292248874e-01
7.335810231494713207e+01,1.146193265613832057e+00
7.337810803086597389e+01,8.339274340929175855e-01
7.339811374678480149e+01,1.023805854840195817e+00
7.341811946270362910e+01,1.362821650690144715e+00
7.343812517862247091e+01,1.146873566248420184e+00
7.345813089454129852e+01,1.176248844982050956e+00
7.347813661046012612e+01,1.093165426097016946e+00
7.349814232637896794e+01,1.050787979256584848e+00
7.351814804229780975e+01,1.381477085937284910e+00
7.353815375821663736e+01,1.300679957005089316e+00
7.355815947413546496e+01,1.327375390434514024e+00
7.357816519005430678e+01,1.223540111236557593e+00
7.359817090597314859e+01,1.576531666019108657e+00
7.361817662189197620e+01,1.997399312521263681e+00
7.363818233781080380e+01,4.528200575868051025e-01
7.365818805372964562e+01,8.807955778749783082e-01
7.367819376964847322e+01,1.877460197632139227e+00
7.369819948556730083e+01,1.575288124715482851e+00
7.371820520148614264e+01,1.350945054174927051e+00
7.373821091740498446e+01,9.184828237102766746e-01
7.375821663332381206e+01,1.283484176363389295e+00
7.377822234924263967e+01,1.601199439087374721e+00
7.379822806516148148e+01,1.296669404686243032e+00
7.381823378108030909e+01,1.059763155794319012e+00
7.383823949699913669e+01,8.589285299699077614e-01
7.385824521291797851e+01,2.257240633352850967e+00
7.387825092883682032e+01,2.047009885180219424e+00
7.389825664475564793e+01,1.398732613113506718e+00
7.391826236067447553e+01,1.338417812605150026e+00
7.393826807659331735e+01,2.773551270123090440e+00
7.395827379251215916e+01,1.691880641340476776e+00
7.397827950843098677e+01,2.933515316109809312e+00
7.399828522434981437e+01,2.328347062611302754e+00
7.401829094026865619e+01,2.221510199969386701e+00
7.403829665618748379e+01,2.835175292416859172e+00
7.405830237210632561e+01,2.699681725198482152e+00
7.407830808802515321e+01,2.512327617871823904e+00
7.409831380394398082e+01,2.989553134100074949e+00
7.411831951986282263e+01,2.726705734868986486e+00
7.413832523578165024e+01,2.041994231116368574e+00
7.415833095170049205e+01,2.676231910136014580e+00
7.417833666761931966e+01,2.611339076970069506e+00
7.419834238353816147e+01,2.366036663210852709e+00
7.421834809945698908e+01,2.548508524794860897e+00
7.423835381537583089e+01,2.719869117846272388e+00
7.425835953129465850e+01,2.632299703543623082e+00
7.427836524721348610e+01,1.957521598529446072e+00
7.429837096313232792e+01,2.151489986695988232e+00
7.431837667905115552e+01,2.552582718922812965e+00
7.433838239496999734e+01,2.070369869606269564e+00
7.435838811088882494e+01,2.046874592176704422e+00
7.437839382680766676e+01,2.359079920405706687e+00
7.439839954272649436e+01,2.672295091543885004e+00
7.441840525864533618e+01,2.630813200766207061e+00
7.443841097456416378e+01,1.530763099765554358e+00
7.445841669048300560e+01,1.112698735261324012e+00
7.447842240640183320e+01,2.661324073883747143e+00
7.449842812232066080e+01,1.652777671380020408e+00
7.451843383823950262e+01,2.361064533856787939e+00
7.453843955415833022e+01,1.702533294647407214e+00
7.455844527007717204e+01,1.506906247474846250e+00
7.457845098599599964e+01,2.232210689211227006e+00
7.459845670191484146e+01,1.312224189822701170e+00
7.461846241783366906e+01,1.496460662969027577e+00
7.463846813375251088e+01,7.798546971218850432e-01
7.465847384967133848e+01,1.553956320927707191e+00
7.467847956559016609e+01,1.866161458576831578e+00
7.469848528150900790e+01,8.003954441737500813e-01
7.471849099742783551e+01,9.728670899391171911e-01
7.473849671334667732e+01,1.200003286805282343e+00
7.475850242926550493e+01,1.851653248245706429e+00
7.477850814518434674e+01,8.233542036808505493e-01
7.479851386110317435e+01,1.094089844070393891e+00
7.481851957702201616e+01,1.619215880650396677e+00
7.483852529294084377e+01,1.577932055424185354e+00
7.485853100885967137e+01,9.868596394540051220e-01
7.487853672477851319e+01,7.067504918788392043e-01
7.489854244069734079e+01,1.535532259722358628e+00
7.491854815661618261e+01,4.933346798259575783e-01
7.493855387253501021e+01,1.707372663804376689e+00
7.495855958845385203e+01,1.426548357289798119e+00
7.497856530437267963e+01,1.226962096886684561e+00
7.499857102029152145e+01,1.454019818964929156e+00
7.501857673621034905e+01,1.052832609681330744e+00
7.503858245212917666e+01,1.210773889075909659e+00
7.505858816804801847e+01,1.957457000213252307e+00
7.507859388396684608e+01,1.289220581636354446e+00
7.509859959988568789e+01,2.042668867849152914e+00
7.511860531580451550e+01,1.559423414957358034e+00
7.513861103172335731e+01,1.065408035788975694e+00
7.515861674764218492e+01,1.317358332963044054e+00
7.517862246356102673e+01,3.198504975227841607e-01
7.519862817947985434e+01,1.017768251533138546e+00
7.521863389539868194e+01,1.012377864387152382e+00
7.523863961131752376e+01,1.587752001126090828e+00
7.525864532723635136e+01,1.131587204241269351e+00
7.527865104315519318e+01,1.419855461173537670e+00
7.529865675907402078e+01,1.184429565868952317e+00
7.531866247499286260e+01,1.045714901306321609e+00
7.533866819091169020e+01,6.782625790767110585e-01
7.535867390683053202e+01,1.241571832684726262e+00
7.537867962274935962e+01,5.127531811858914157e-01
7.539868533866820144e+01,4.864776430137618402e-01
7.541869105458702904e+01,1.236301479396504144e+00
7.543869677050585665e+01,1.500716005704523237e+00
7.545870248642469846e+01,9.525943548480022560e-01
7.547870820234352607e+01,1.294815407241811656e+00
7.549871391826236788e+01,1.638690104477646292e+00
7.551871963418119549e+01,3.775153542523956851e-01
7.553872535010003730e+01,6.054581688813366336e-01
7.555873106601886491e+01,1.178335698011733879e+00
7.557873678193770672e+01,6.086188265551877308e-01
7.559874249785653433e+01,1.493507179793819528e+00
7.561874821377536193e+01,5.209703505220911746e-01
7.563875392969420375e+01,1.093233047265739888e+00
7.565875964561303135e+01,1.248836791539527535e+00
7.567876536153187317e+01,1.217790083376903976e+00
7.569877107745070077e+01,1.427833896752862319e+00
7.571877679336954259e+01,1.399849994832175648e+00
7.573878250928837019e+01,4.163311512940504611e-01
7.575878822520721201e+01,1.303024861264513445e+00
7.577879394112603961e+01,1.161183618005615426e+00
7.579879965704486722e+01,8.793757976515228503e-01
7.581880537296370903e+01,1.149831986984774623e+00
7.583881108888253664e+01,1.128402240240360843e+00
7.585881680480137845e+01,9.458555908919451527e-01
7.587882252072020606e+01,1.136927556403150713e-01
7.589882823663904787e+01,4.631179705453157824e-01
7.591883395255787548e+01,1.569244752541407273e+00
7.593883966847671729e+01,1.638311656002724881e+00
7.595884538439554490e+01,1.098143445031092069e+00
7.597885110031437250e+01,1.539274645231988092e+00
7.599885681623321432e+01,1.676688618384369889e+00
7.601886253215204192e+01,1.098065853987922669e+00
7.603886824807088374e+01,8.287588918925302695e-01
7.605887396398971134e+01,1.149995922855308272e+00
7.607887967990855316e+01,9.128896475712892089e-01
7.609888539582738076e+01,1.175247979462302528e+00
7.611889111174622258e+01,1.946229619728897742e+00
7.613889682766505018e+01,1.678913357888193847e+00
7.615890254358387779e+01,6.928147296049095294e-01
7.617890825950271960e+01,1.421928272628242951e+00
7.619891397542154721e+01,1.511139762699984734e+00
7.621891969134038902e+01,9.740106995016996061e-01
7.623892540725921663e+01,1.653796936198036027e+00
7.625893112317805844e+01,1.617681515935326830e+00
7.627893683909688605e+01,1.152775010137181422e+00
7.629894255501572786e+01,5.684725779121688749e-01
7.631894827093455547e+01,6.562649804462665770e-01
7.633895398685339728e+01,1.148794521348202036e+00
7.635895970277222489e+01,9.864632077487111017e-01
7.637896541869105249e+01,1.039621424069269606e+00
7.639897113460989431e+01,8.631164937883495369e-01
7.641897685052872191e+01,7.600314957542888550e-01
7.643898256644756373e+01,1.492384177363130338e+00
7.645898828236639133e+01,1.273922205096266858e+00
7.647899399828523315e+01,6.769892356426042701e-01
7.649899971420406075e+01,1.068771603166853268e+00
7.651900543012290257e+01,8.791355235275566393e-01
7.653901114604173017e+01,1.086853735410790112e+00
7.655901686196055778e+01,1.174598115183546509e+00
7.657902257787939959e+01,1.620831592899821150e+00
7.659902829379822720e+01,1.060309348681366615e+00
7.661903400971706901e+01,1.857613043497563510e+00
7.663903972563589662e+01,9.954735444502802455e-01
7.665904544155473843e+01,1.780601721048058472e+00
7.667905115747356604e+01,1.666217252548121142e+00
7.669905687339240785e+01,1.567481584319415866e+00
7.671906258931123546e+01,9.179328679464532348e-01
7.673906830523006306e+01,6.680726389173849977e-01
7.675907402114890488e+01,6.938782706712347537e-01
7.677907973706773248e+01,1.332738419612612413e+00
7.679908545298657430e+01,1.568486964594760114e+00
7.681909116890540190e+01,1.076593399877833424e+00
7.683909688482424372e+01,6.666724863833924930e-01
7.685910260074307132e+01,1.636668981597857009e+00
7.687910831666191314e+01,9.926995155661376691e-01
7.689911403258074074e+01,1.556583428384976431e+00
7.691911974849956835e+01,1.248895100616847387e+00
7.693912546441841016e+01,1.153770657286122159e+00
7.695913118033723777e+01,1.710278078441278549e+00
7.697913689625607958e+01,1.011274189709405302e+00
7.699914261217490719e+01,1.316102480187761214e+00
7.701914832809374900e+01,9.174416110013660086e-01
7.703915404401257661e+01,8.663711892921841518e-01
7.705915975993141842e+01,1.679912391216292988e+00
7.707916547585024603e+01,1.474084215462886815e+00
7.709917119176907363e+01,6.506663754326604820e-01
7.711917690768791545e+01,7.900262273529420343e-01
7.713918262360674305e+01,1.171064320167067629e+00
7.715918833952558487e+01,9.532353905452217724e-01
7.717919405544441247e+01,4.616273170653255598e-01
7.719919977136325429e+01,1.825924136994483415e+00
7.721920548728208189e+01,1.600272834351325280e+00
7.723921120320092371e+01,1.413567182842253356e+00
7.725921691911975131e+01,1.737279061655941259e+00
7.727922263503859313e+01,1.871726545423272547e+00
7.729922835095742073e+01,2.340785877084434752e+00
7.731923406687624833e+01,1.775929783025275377e+00
7.733923978279509015e+01,2.561660485577786250e+00
7.735924549871391775e+01,1.862052262431991290e+00
7.737925121463275957e+01,2.552428528621031312e+00
7.739925693055158717e+01,2.473825287642222204e+00
7.741926264647042899e+01,2.877149026291466960e+00
7.743926836238925659e+01,2.478694313972732211e+00
7.745927407830809841e+01,2.796107854238010670e+00
7.747927979422692601e+01,1.888089418215012971e+00
7.749928551014575362e+01,2.221130474774390962e+00
7.751929122606459543e+01,2.143584668551992145e+00
7.753929694198342304e+01,2.118939553610914128e+00
7.755930265790226485e+01,3.062046449934403114e+00
7.757930837382109246e+01,2.318664448744822693e+00
7.759931408973993427e+01,1.892928759569330044e+00
7.761931980565876188e+01,2.818146116359025122e+00
7.763932552157760369e+01,2.990015253169855391e+00
7.765933123749643130e+01,3.117448132424789797e+00
7.767933695341525890e+01,2.812199651822302471e+00
7.769934266933410072e+01,1.981626102616009355e+00
7.771934838525292832e+01,1.734535823927049858e+00
7.773935410117177014e+01,2.198325877635202819e+00
7.775935981709059774e+01,1.766170401551158564e+00
7.777936553300943956e+01,2.857505379671629875e+00
7.779937124892826716e+01,1.648868314696909643e+00
7.781937696484710898e+01,2.156829932547976725e+00
7.783938268076593658e+01,2.547403032119522237e+00
7.785938839668476419e+01,3.163390070689340305e+00
7.787939411260360600e+01,2.481778132247145496e+00
7.789939982852243361e+01,2.029963197074022396e+00
7.791940554444127542e+01,2.207251254284723796e+00
7.793941126036010303e+01,2.529499182760172715e+00
7.795941697627894484e+01,2.839177646310392600e+00
7.797942269219777245e+01,1.931571228003405416e+00
7.799942840811661426e+01,2.494310931885734384e+00
7.801943412403544187e+01,2.379989858772432854e+00
7.803943983995426947e+01,2.445554196570789429e+00
7.805944555587311129e+01,1.918168452424224846e+00
7.807945127179193889e+01,2.135011137833243478e+00
7.809945698771078071e+01,1.398048520925384786e+00
7.811946270362960831e+01,2.311236166874850007e+00
7.813946841954845013e+01,2.055512471079307346e+00
7.815947413546727773e+01,2.674881514127029458e+00
7.817947985138611955e+01,1.645778163217710865e+00
7.819948556730494715e+01,1.408008986542792274e+00
7.821949128322378897e+01,1.669000301064899716e+00
7.823949699914261657e+01,1.477019962960351984e+00
7.825950271506144418e+01,2.051503371070162007e+00
7.827950843098028599e+01,1.177721855961507247e+00
7.829951414689911360e+01,1.267421364942444839e+00
7.831951986281795541e+01,1.986881466848774869e+00
7.833952557873678302e+01,1.002718458153772474e+00
7.835953129465562483e+01,1.457032954274588565e+00
7.837953701057445244e+01,1.316816945404904127e+00
7.839954272649329425e+01,1.753136124586560207e+00
7.841954844241212186e+01,1.104307522251819496e+00
7.843955415833094946e+01,1.589392798865849166e+00
7.845955987424979128e+01,9.539821624444906334e-01
7.847956559016861888e+01,1.185191507335635608e+00
7.849957130608746070e+01,1.010918555030075439e+00
7.851957702200628830e+01,1.243958253339502384e+00
7.853958273792513012e+01,3.691146049749716718e-01
7.855958845384395772e+01,1.597140001015887822e+00
7.857959416976279954e+01,9.130431239164975565e-01
7.859959988568162714e+01,1.011685626608506583e+00
7.861960560160045475e+01,1.644424600621209986e+00
7.863961131751929656e+01,1.518605867027155831e+00
7.865961703343812417e+01,1.623529656761289353e+00
7.867962274935696598e+01,1.477637360759013418e+00
7.869962846527579359e+01,1.173238355786181852e+00
7.871963418119463540e+01,1.511868986240519241e+00
7.873963989711346301e+01,9.836642708790663825e-01
7.875964561303230482e+01,1.452420939581477999e+00
7.877965132895113243e+01,1.094510392132075793e+00
7.879965704486996003e+01,1.399858165648057984e+00
7.881966276078880185e+01,1.455256853313108500e+00
7.883966847670762945e+01,1.515926362038596764e+00
7.885967419262647127e+01,9.187340446951475226e-01
7.887967990854529887e+01,1.524794668959119637e+00
7.889968562446414069e+01,1.706817891896164063e+00
7.891969134038296829e+01,9.070145063834851307e-01
7.893969705630181011e+01,1.647249601009094011e+00
7.895970277222063771e+01,1.485383220901054013e+00
7.897970848813946532e+01,2.600888685355782215e+00
7.899971420405830713e+01,2.154968362518284497e+00
7.901971991997713474e+01,1.987762304434698590e+00
7.903972563589597655e+01,2.034535588827134589e+00
7.905973135181480416e+01,1.756051686882817542e+00
7.907973706773364597e+01,1.691381193292603502e+00
7.909974278365247358e+01,1.840845747532210197e+00
7.911974849957131539e+01,2.410997178642816152e+00
7.913975421549014300e+01,3.383853643921326260e+00
7.915975993140898481e+01,2.681920710794441387e+00
7.917976564732781242e+01,3.110410867118669653e+00
7.919977136324664002e+01,2.405892969175736251e+00
7.921977707916548184e+01,3.020735806734204054e+00
7.923978279508430944e+01,3.267125832289846432e+00
7.925978851100315126e+01,2.958354204136751875e+00
7.927979422692197886e+01,2.726205995005805072e+00
7.929979994284082068e+01,3.191404092586382468e+00
7.931980565875964828e+01,3.233293204577254887e+00
7.933981137467849010e+01,3.942306006055980472e+00
7.935981709059731770e+01,3.292665365151718149e+00
7.937982280651614531e+01,3.966352833803239886e+00
7.939982852243498712e+01,4.017247335657669893e+00
7.941983423835381473e+01,3.672575123706087741e+00
7.943983995427265654e+01,3.880469104976766559e+00
7.945984567019148415e+01,3.798466594185080147e+00
7.947985138611032596e+01,4.336458890850987125e+00
7.949985710202915357e+01,4.503474437082602755e+00
7.951986281794799538e+01,4.027143268044823365e+00
7.953986853386682299e+01,3.858049621342662494e+00
7.955987424978565059e+01,4.709265170104000475e+00
7.957987996570449241e+01,5.033009535177447091e+00
7.959988568162332001e+01,4.076691919912198259e+00
7.961989139754216183e+01,4.122397228562570959e+00
7.963989711346098943e+01,3.908517650871411675e+00
7.965990282937983125e+01,4.104474654978570669e+00
7.967990854529865885e+01,4.128595511934113560e+00
7.969991426121750067e+01,3.759433512080258666e+00
7.971991997713632827e+01,4.241000678935924029e+00
7.973992569305515588e+01,3.616151229181202353e+00
7.975993140897399769e+01,3.821777465778671612e+00
7.977993712489282530e+01,4.209946462443134862e+00
7.979994284081166711e+01,2.800833487868739091e+00
7.981994855673049472e+01,3.111060816947355701e+00
7.983995427264933653e+01,3.027498389755923114e+00
7.985995998856816414e+01,3.185136855952813928e+00
7.987996570448700595e+01,2.506802418884534145e+00
7.989997142040583356e+01,2.106533076031680718e+00
7.991997713632466116e+01,2.294907493781853436e+00
7.993998285224350298e+01,2.316837144472502441e+00
7.995998856816233058e+01,2.132863033274668307e+00
7.997999428408117240e+01,1.885614421081751590e+00
8.000000000000000000e+01,1.840870931269775079e+00
