angle,intensity
1.000000000000000000e+01,5.564607950568838390e+00
1.002000571591883471e+01,6.308353039281703545e+00
1.004001143183766764e+01,6.787399577337382972e+00
1.006001714775650235e+01,7.226740257572970449e+00
1.008002286367533529e+01,7.370034298253315797e+00
1.010002857959417000e+01,7.434616790440369272e+00
1.012003429551300293e+01,6.759465686193037115e+00
1.014004001143183764e+01,6.664261508125637334e+00
1.016004572735067235e+01,7.229976325073675270e+00
1.018005144326950528e+01,6.640479828952400965e+00
1.020005715918833999e+01,7.445746419275823591e+00
1.022006287510717293e+01,7.427914700100849643e+00
1.024006859102600764e+01,6.653719250600214963e+00
1.026007430694484057e+01,7.311962273830571846e+00
1.028008002286367528e+01,6.964148950018159923e+00
1.030008573878250999e+01,7.404479098949646954e+00
1.032009145470134293e+01,6.885855981726738406e+00
1.034009717062017764e+01,7.438391356688629941e+00
1.036010288653901057e+01,7.034349594769642167e+00
1.038010860245784528e+01,7.312948560270578824e+00
1.040011431837667999e+01,7.408153882492251263e+00
1.042012003429551292e+01,7.569251467075181594e+00
1.044012575021434763e+01,7.061910434759459676e+00
1.046013146613318057e+01,7.227647656007242460e+00
1.048013718205201528e+01,6.743245743656619773e+00
1.050014289797084821e+01,7.147470912317355207e+00
1.052014861388968292e+01,7.046361608402546217e+00
1.054015432980851585e+01,7.656901936259242092e+00
1.056016004572735056e+01,6.996659358488417801e+00
1.058016576164618527e+01,6.286708406378997971e+00
1.060017147756501821e+01,6.849569705009066922e+00
1.062017719348385292e+01,6.493580795538882455e+00
1.064018290940268585e+01,7.046486302888199660e+00
1.066018862532152056e+01,7.423864662325535768e+00
1.068019434124035527e+01,6.866013863653430249e+00
1.070020005715918820e+01,6.566848624893427910e+00
1.072020577307802292e+01,6.740724141144331938e+00
1.074021148899685585e+01,6.709561460454652959e+00
1.076021720491569056e+01,6.667245375070456781e+00
1.078022292083452349e+01,6.173399964247233029e+00
1.080022863675335820e+01,5.850307384448884207e+00
1.082023435267219291e+01,5.458759693089228371e+00
1.084024006859102585e+01,5.914946122432761300e+00
1.086024578450986056e+01,5.530346100327601988e+00
1.088025150042869349e+01,6.338199533014064357e+00
1.090025721634752820e+01,6.197487723944888671e+00
1.092026293226636113e+01,5.375529305410623238e+00
1.094026864818519584e+01,5.558597877668211673e+00
1.096027436410403055e+01,6.456527422391717508e+00
1.098028008002286349e+01,5.663886192837669142e+00
1.100028579594169820e+01,5.239953357817869417e+00
1.102029151186053113e+01,4.949580620443533974e+00
1.104029722777936584e+01,5.985879641220677172e+00
1.106030294369819877e+01,5.174393387167530278e+00
1.108030865961703348e+01,5.005412833472881573e+00
1.110031437553586819e+01,5.805720760834701899e+00
1.112032009145470113e+01,5.782685414057255002e+00
1.114032580737353584e+01,5.418626432214299626e+00
1.116033152329236877e+01,5.077677967873192699e+00
1.118033723921120348e+01,5.701191594259520379e+00
1.120034295513003642e+01,5.494320427015080277e+00
1.122034867104887113e+01,5.631430192761404996e+00
1.124035438696770584e+01,4.701870780757179347e+00
1.126036010288653877e+01,5.257982094356887792e+00
1.128036581880537348e+01,5.141026033931201056e+00
1.130037153472420641e+01,5.386871446479502445e+00
1.132037725064304112e+01,5.338213763081615326e+00
1.134038296656187583e+01,4.987250379609294626e+00
1.136038868248070877e+01,4.617464168719138229e+00
1.138039439839954348e+01,5.704341698621689716e+00
1.140040011431837641e+01,5.421864503320396267e+00
1.142040583023721112e+01,5.349702132337725402e+00
1.144041154615604405e+01,5.414529756956877549e+00
1.146041726207487876e+01,5.791462916607043709e+00
1.148042297799371170e+01,5.570934885486700239e+00
1.150042869391254641e+01,5.251883764577661928e+00
1.152043440983138112e+01,5.812879196767900325e+00
1.154044012575021405e+01,5.894338196805401608e+00
1.156044584166904876e+01,5.204305333214330531e+00
1.158045155758788169e+01,4.595112615747228624e+00
1.160045727350671640e+01,5.325961516953777064e+00
1.162046298942555111e+01,5.566117045539899166e+00
1.164046870534438405e+01,6.050551659110288583e+00
1.166047442126321876e+01,5.932407723190135762e+00
1.168048013718205169e+01,4.963495648013581452e+00
1.170048585310088640e+01,4.985718259477090797e+00
1.172049156901971934e+01,4.900178816806452176e+00
1.174049728493855405e+01,5.194802544036258851e+00
1.176050300085738698e+01,4.690551347766895418e+00
1.178050871677622169e+01,5.204468616146764148e+00
1.180051443269505640e+01,5.358204732494543876e+00
1.182052014861388933e+01,5.047396084295932894e+00
1.184052586453272404e+01,5.317863969551323677e+00
1.186053158045155698e+01,5.434387394862715048e+00
1.188053729637039169e+01,4.998885807030429618e+00
1.190054301228922640e+01,5.258800030498715472e+00
1.192054872820805933e+01,5.410587200741570513e+00
1.194055444412689404e+01,5.716696872524649642e+00
1.196056016004572697e+01,5.942461581662140446e+00
1.198056587596456168e+01,4.655644734413529662e+00
1.200057159188339639e+01,5.817736084806819363e+00
1.202057730780222933e+01,5.341611229388957938e+00
1.204058302372106226e+01,5.896250459135030653e+00
1.206058873963989697e+01,4.586052622434822368e+00
1.208059445555873168e+01,5.448007001821181916e+00
1.210060017147756461e+01,4.914390725799250959e+00
1.212060588739639932e+01,4.816730278879917115e+00
1.214061160331523226e+01,5.073545755828174464e+00
1.216061731923406697e+01,4.644393496444950920e+00
1.218062303515290168e+01,5.551991459305896548e+00
1.220062875107173461e+01,4.778784022212125393e+00
1.222063446699056932e+01,5.453452209539786821e+00
1.224064018290940226e+01,5.595645228733539867e+00
1.226064589882823697e+01,5.639860586421026056e+00
1.228065161474707168e+01,4.652500597663579818e+00
1.230065733066590461e+01,5.760392956795968189e+00
1.232066304658473754e+01,5.662668265267534196e+00
1.234066876250357225e+01,5.525981575688795999e+00
1.236067447842240696e+01,5.814929978178583703e+00
1.238068019434123990e+01,4.476050229219664445e+00
1.240068591026007461e+01,5.788347515164296908e+00
1.242069162617890754e+01,5.267436919095659142e+00
1.244069734209774225e+01,4.819509894771659475e+00
1.246070305801657696e+01,4.422221638026112345e+00
1.248070877393540989e+01,4.923750905647169773e+00
1.250071448985424460e+01,4.260062532905143584e+00
1.252072020577307754e+01,4.803467862373675956e+00
1.254072592169191225e+01,5.040455137648425676e+00
1.256073163761074696e+01,4.576804446404270976e+00
1.258073735352957989e+01,4.850507705535322955e+00
1.260074306944841460e+01,4.254034914092402531e+00
1.262074878536724754e+01,5.699984361567768332e+00
1.264075450128608225e+01,4.816632748009643805e+00
1.266076021720491518e+01,4.760676209065703546e+00
1.268076593312374989e+01,4.811568749679627111e+00
1.270077164904258282e+01,5.135886046246747050e+00
1.272077736496141753e+01,5.277962278591784795e+00
1.274078308088025224e+01,4.752270374622757032e+00
1.276078879679908518e+01,4.624485313255711105e+00
1.278079451271791989e+01,4.796372779830479161e+00
1.280080022863675282e+01,4.379226820195009751e+00
1.282080594455558753e+01,5.424407550089052066e+00
1.284081166047442224e+01,5.575659531742338970e+00
1.286081737639325517e+01,4.609826562716367704e+00
1.288082309231208988e+01,5.640268847644920314e+00
1.290082880823092282e+01,4.764653178830258184e+00
1.292083452414975753e+01,5.067560297264568803e+00
1.294084024006859224e+01,5.057773590869604874e+00
1.296084595598742517e+01,4.741959048587204073e+00
1.298085167190625810e+01,4.386706727422152952e+00
1.300085738782509281e+01,5.156604606217555897e+00
1.302086310374392752e+01,4.819380044922667139e+00
1.304086881966276046e+01,5.187104983496910293e+00
1.306087453558159517e+01,4.589998566615056674e+00
1.308088025150042810e+01,4.554899305128159881e+00
1.310088596741926281e+01,5.134142974676031201e+00
1.312089168333809752e+01,4.826084456984282234e+00
1.314089739925693046e+01,5.153691522585921447e+00
1.316090311517576517e+01,5.012477457751325360e+00
1.318090883109459810e+01,4.917863291038743867e+00
1.320091454701343281e+01,4.673236286314798704e+00
1.322092026293226752e+01,5.480284452972524534e+00
1.324092597885110045e+01,4.502839688491443226e+00
1.326093169476993339e+01,5.172342833885756441e+00
1.328093741068876810e+01,4.535530352010719746e+00
1.330094312660760281e+01,4.816791450806418240e+00
1.332094884252643574e+01,4.245765937156560810e+00
1.334095455844527045e+01,4.555104469158097302e+00
1.336096027436410338e+01,4.296486171259068954e+00
1.338096599028293809e+01,4.576824831760913703e+00
1.340097170620177280e+01,4.690569901387531715e+00
1.342097742212060574e+01,4.364981484702620484e+00
1.344098313803944045e+01,4.984939775434488851e+00
1.346098885395827338e+01,4.251965277088241457e+00
1.348099456987710809e+01,4.963532212338606975e+00
1.350100028579594280e+01,4.343151936588219186e+00
1.352100600171477573e+01,4.353100141107977272e+00
1.354101171763361044e+01,4.910274192051060638e+00
1.356101743355244338e+01,5.046682986603551413e+00
1.358102314947127809e+01,5.651584451763146610e+00
1.360102886539011102e+01,4.167510711369051712e+00
1.362103458130894573e+01,3.806717637133717691e+00
1.364104029722777867e+01,4.298846458938963444e+00
1.366104601314661338e+01,4.107846064712572520e+00
1.368105172906544809e+01,5.532543506727086502e+00
1.370105744498428102e+01,4.882084180154030228e+00
1.372106316090311573e+01,5.107337920388346220e+00
1.374106887682194866e+01,3.952955607720606501e+00
1.376107459274078337e+01,4.155867507756981993e+00
1.378108030865961808e+01,4.619361034188179005e+00
1.380108602457845102e+01,4.766383182582785594e+00
1.382109174049728573e+01,4.397272780422365912e+00
1.384109745641611866e+01,4.606022519743639521e+00
1.386110317233495337e+01,5.144202312510004482e+00
1.388110888825378808e+01,5.480754340259311519e+00
1.390111460417262101e+01,4.217582925798563309e+00
1.392112032009145395e+01,5.198070149196452050e+00
1.394112603601028866e+01,4.340119219384039440e+00
1.396113175192912337e+01,4.947547230654444128e+00
1.398113746784795630e+01,4.686669668223611751e+00
1.400114318376679101e+01,4.125540041520164181e+00
1.402114889968562395e+01,4.570281606838988431e+00
1.404115461560445866e+01,4.748721437820893065e+00
1.406116033152329337e+01,4.174607193827031715e+00
1.408116604744212630e+01,4.647440078750594061e+00
1.410117176336095923e+01,4.164006841229029199e+00
1.412117747927979394e+01,4.726135290091988850e+00
1.414118319519862865e+01,4.360927811531968068e+00
1.416118891111746336e+01,4.475623489435146318e+00
1.418119462703629630e+01,4.202805698572216642e+00
1.420120034295512923e+01,5.148267271400582601e+00
1.422120605887396394e+01,4.726273043814830821e+00
1.424121177479279865e+01,5.034601393086630239e+00
1.426121749071163336e+01,4.402046499124565138e+00
1.428122320663046629e+01,4.408025034451661384e+00
1.430122892254929923e+01,4.816361801548191934e+00
1.432123463846813394e+01,5.388047109411376212e+00
1.434124035438696865e+01,5.051334280824717027e+00
1.436124607030580158e+01,4.912390432232348836e+00
1.438125178622463629e+01,4.722306179650274771e+00
1.440125750214346922e+01,4.669978953854777792e+00
1.442126321806230393e+01,5.132084150999581595e+00
1.444126893398113864e+01,5.027821079001062010e+00
1.446127464989997158e+01,4.096838817220450402e+00
1.448128036581880451e+01,5.012336340928957412e+00
1.450128608173763922e+01,4.952438729241527504e+00
1.452129179765647393e+01,3.586620155116137187e+00
1.454129751357530864e+01,4.159176924383035434e+00
1.456130322949414158e+01,4.460721995958819797e+00
1.458130894541297451e+01,3.823168387353377717e+00
1.460131466133180922e+01,4.327617093604301246e+00
1.462132037725064393e+01,4.614434602556448439e+00
1.464132609316947686e+01,4.284280361718657559e+00
1.466133180908831157e+01,4.273017210954869860e+00
1.468133752500714451e+01,4.204093856562060694e+00
1.470134324092597922e+01,4.631275190391392016e+00
1.472134895684481393e+01,4.384299738535291091e+00
1.474135467276364686e+01,4.156187285740048587e+00
1.476136038868247979e+01,3.858867618398762911e+00
1.478136610460131450e+01,4.961850459804869828e+00
1.480137182052014921e+01,4.312687708325089631e+00
1.482137753643898392e+01,4.141784156535557315e+00
1.484138325235781686e+01,5.221153227981456979e+00
1.486138896827664979e+01,4.787989080607433223e+00
1.488139468419548450e+01,4.556714335701977703e+00
1.490140040011431921e+01,4.499080988254878122e+00
1.492140611603315392e+01,4.668885654063789303e+00
1.494141183195198685e+01,4.486587904680364502e+00
1.496141754787081979e+01,4.857329333818167783e+00
1.498142326378965450e+01,3.948999722207986895e+00
1.500142897970848921e+01,4.094945073956074211e+00
1.502143469562732214e+01,4.101819826142667935e+00
1.504144041154615508e+01,3.892239688893367688e+00
1.506144612746498979e+01,4.872690847066259323e+00
1.508145184338382450e+01,4.083045649012451150e+00
1.510145755930265921e+01,5.126255947233181232e+00
1.512146327522149214e+01,4.273066884852353198e+00
1.514146899114032507e+01,4.288945849111067687e+00
1.516147470705915978e+01,4.685690492824247322e+00
1.518148042297799449e+01,3.648395184138042424e+00
1.520148613889682920e+01,4.332672697320303357e+00
1.522149185481566214e+01,4.174066206215469421e+00
1.524149757073449507e+01,3.390086161655755603e+00
1.526150328665332978e+01,4.620712981043517686e+00
1.528150900257216449e+01,4.108574913842364396e+00
1.530151471849099742e+01,3.812830467642411847e+00
1.532152043440983036e+01,3.787474205404223859e+00
1.534152615032866507e+01,4.059422928660422869e+00
1.536153186624749978e+01,4.140497972709401786e+00
1.538153758216633449e+01,3.987817862236171962e+00
1.540154329808516742e+01,4.297640506440485453e+00
1.542154901400400036e+01,4.041171951581265631e+00
1.544155472992283507e+01,4.238301473707297262e+00
1.546156044584166978e+01,4.437823209012229597e+00
1.548156616176050449e+01,3.729407972062392496e+00
1.550157187767933742e+01,4.261413127234620291e+00
1.552157759359817035e+01,4.213884171452628280e+00
1.554158330951700506e+01,3.599085623850691640e+00
1.556158902543583977e+01,4.660687680991323134e+00
1.558159474135467271e+01,3.872356877073188208e+00
1.560160045727350742e+01,4.148498816833127378e+00
1.562160617319234035e+01,4.848037973025260072e+00
1.564161188911117506e+01,3.844166440910127935e+00
1.566161760503000977e+01,4.546898527400301759e+00
1.568162332094884270e+01,4.528465031268044783e+00
1.570162903686767564e+01,4.613544105900333037e+00
1.572163475278651035e+01,3.615782867684890434e+00
1.574164046870534506e+01,4.543235015431607238e+00
1.576164618462417977e+01,4.265204602230645570e+00
1.578165190054301270e+01,3.378445912081772029e+00
1.580165761646184563e+01,4.191408214195893933e+00
1.582166333238068034e+01,4.494937487385931796e+00
1.584166904829951505e+01,3.987787393118717993e+00
1.586167476421834799e+01,4.147902640692056941e+00
1.588168048013718270e+01,3.906899936661412109e+00
1.590168619605601563e+01,4.084588593853616167e+00
1.592169191197485034e+01,3.838658624433597844e+00
1.594169762789368505e+01,4.020499946262631852e+00
1.596170334381251799e+01,3.612045662370173105e+00
1.598170905973135092e+01,3.775514350470541736e+00
1.600171477565018563e+01,5.010360382420460112e+00
1.602172049156902034e+01,3.862106775513341805e+00
1.604172620748785505e+01,3.911330655153520297e+00
1.606173192340668976e+01,4.091918946122535594e+00
1.608173763932552092e+01,4.665999782555459774e+00
1.610174335524435563e+01,3.984535669988071405e+00
1.612174907116319034e+01,4.199227430554203444e+00
1.614175478708202505e+01,3.611515995009565216e+00
1.616176050300085620e+01,4.036892268769502579e+00
1.618176621891969091e+01,4.000521248895285709e+00
1.620177193483852562e+01,3.854897007013402543e+00
1.622177765075736033e+01,4.196529323024245528e+00
1.624178336667619504e+01,4.183800048190265741e+00
1.626178908259502620e+01,4.670669344128150158e+00
1.628179479851386091e+01,3.908786150426177386e+00
1.630180051443269562e+01,4.008267675476408165e+00
1.632180623035153033e+01,3.688908109190102813e+00
1.634181194627036149e+01,4.297622890828002973e+00
1.636181766218919620e+01,3.952178106782724853e+00
1.638182337810803091e+01,4.057981864076756651e+00
1.640182909402686562e+01,4.690433106896300330e+00
1.642183480994570033e+01,3.836872205416466119e+00
1.644184052586453504e+01,4.787107651187272772e+00
1.646184624178336620e+01,3.687784419948821668e+00
1.648185195770220091e+01,3.909042372761392325e+00
1.650185767362103562e+01,3.269300448638036372e+00
1.652186338953986677e+01,3.780104662876786037e+00
1.654186910545870148e+01,4.111818918910795873e+00
1.656187482137753619e+01,4.320307630460273884e+00
1.658188053729637090e+01,3.320679547986403968e+00
1.660188625321520561e+01,3.678584134240113102e+00
1.662189196913404032e+01,3.641482343029622371e+00
1.664189768505287148e+01,4.293975919519228412e+00
1.666190340097170619e+01,4.008020795889329690e+00
1.668190911689054090e+01,4.209563593624428002e+00
1.670191483280937561e+01,3.845856904252583419e+00
1.672192054872820677e+01,4.357755896237307525e+00
1.674192626464704148e+01,4.443502760278006392e+00
1.676193198056587619e+01,3.723727408511877890e+00
1.678193769648471090e+01,4.650707203435029413e+00
1.680194341240354561e+01,3.471630322938239033e+00
1.682194912832238032e+01,4.156143872010083840e+00
1.684195484424121148e+01,3.415895579331711840e+00
1.686196056016004619e+01,4.225679290310559111e+00
1.688196627607888090e+01,3.229709036945870970e+00
1.690197199199771205e+01,4.067956722503798694e+00
1.692197770791654676e+01,4.131560745497289133e+00
1.694198342383538147e+01,4.368916826808048270e+00
1.696198913975421618e+01,2.995025888980932027e+00
1.698199485567305089e+01,3.578686320085125772e+00
1.700200057159188560e+01,3.864526612956374230e+00
1.702200628751071676e+01,4.177199232939436513e+00
1.704201200342955147e+01,3.404516459209447454e+00
1.706201771934838618e+01,4.390089066374313731e+00
1.708202343526722089e+01,3.550919409858967590e+00
1.710202915118605205e+01,3.847045855700329309e+00
1.712203486710488676e+01,2.943203944033644159e+00
1.714204058302372147e+01,3.383412219880812088e+00
1.716204629894255618e+01,3.231608369628227173e+00
1.718205201486139089e+01,3.293683445876141036e+00
1.720205773078022204e+01,3.526907203540604385e+00
1.722206344669905675e+01,4.477126285654088989e+00
1.724206916261789146e+01,4.146447978515633181e+00
1.726207487853672617e+01,3.262226234953809811e+00
1.728208059445555733e+01,4.497852625066763643e+00
1.730208631037439204e+01,3.488292620068335292e+00
1.732209202629322675e+01,3.550005185929811624e+00
1.734209774221206146e+01,3.429595504894780600e+00
1.736210345813089617e+01,3.384325814013758649e+00
1.738210917404973088e+01,4.360293891244074516e+00
1.740211488996856204e+01,4.139942013098779405e+00
1.742212060588739675e+01,3.723525324107425760e+00
1.744212632180623146e+01,3.065221114544177006e+00
1.746213203772506262e+01,2.963885578452940095e+00
1.748213775364389733e+01,3.575361350120071613e+00
1.750214346956273204e+01,3.978015075942265888e+00
1.752214918548156675e+01,3.755078559050062381e+00
1.754215490140040146e+01,4.386703735810490556e+00
1.756216061731923617e+01,3.704055496529692793e+00
1.758216633323806732e+01,3.923329822407130685e+00
1.760217204915690203e+01,4.307790427340182582e+00
1.762217776507573674e+01,4.306889101415741550e+00
1.764218348099457145e+01,4.016470536002249681e+00
1.766218919691340261e+01,3.254776316518910306e+00
1.768219491283223732e+01,3.096920813316601517e+00
1.770220062875107203e+01,3.842460597630132924e+00
1.772220634466990674e+01,3.689839268173152220e+00
1.774221206058874145e+01,4.650033050333129303e+00
1.776221777650757616e+01,4.005819062917344908e+00
1.778222349242640732e+01,3.855559399474305149e+00
1.780222920834524203e+01,4.391942436742411360e+00
1.782223492426407674e+01,3.389152965999104428e+00
1.784224064018290790e+01,4.043696930978661896e+00
1.786224635610174261e+01,3.265046411133772697e+00
1.788225207202057732e+01,3.520831041860552624e+00
1.790225778793941203e+01,3.143122116164488666e+00
1.792226350385824674e+01,4.081818090024418311e+00
1.794226921977708145e+01,3.859957487339035431e+00
1.796227493569591260e+01,3.497255860367330271e+00
1.798228065161474731e+01,4.058696943967350812e+00
1.800228636753358202e+01,4.299229561095245344e+00
1.802229208345241318e+01,4.521495390589640451e+00
1.804229779937124789e+01,4.328635989442085830e+00
1.806230351529008260e+01,3.036015963515120486e+00
1.808230923120891731e+01,3.884199652622313703e+00
1.810231494712775202e+01,3.921732756481301152e+00
1.812232066304658673e+01,4.541203481122389363e+00
1.814232637896542144e+01,3.406027224257227815e+00
1.816233209488425260e+01,3.135703726273749936e+00
1.818233781080308731e+01,3.627967656648515948e+00
1.820234352672191847e+01,3.131774950917902700e+00
1.822234924264075318e+01,3.414030411519094699e+00
1.824235495855958789e+01,4.037072661078294544e+00
1.826236067447842260e+01,4.061783097193243819e+00
1.828236639039725731e+01,4.040394373823296803e+00
1.830237210631609202e+01,3.224692947075519456e+00
1.832237782223492673e+01,4.504805510550820458e+00
1.834238353815375788e+01,3.371233449655506309e+00
1.836238925407259259e+01,3.646763897420308265e+00
1.838239496999142730e+01,4.176124665641349765e+00
1.840240068591025846e+01,3.566890076439974244e+00
1.842240640182909317e+01,3.639411372966061542e+00
1.844241211774792788e+01,3.602846842878579814e+00
1.846241783366676259e+01,4.001843096079234385e+00
1.848242354958559730e+01,3.933712262746512422e+00
1.850242926550443201e+01,3.597809779020793908e+00
1.852243498142326672e+01,3.744083757306960081e+00
1.854244069734209788e+01,3.861186074668829793e+00
1.856244641326093259e+01,4.337120117673714859e+00
1.858245212917976374e+01,4.109726195091869982e+00
1.860245784509859845e+01,4.170121573695712236e+00
1.862246356101743316e+01,3.887948437169856053e+00
1.864246927693626787e+01,3.778463012701389623e+00
1.866247499285510258e+01,3.910424294854895066e+00
1.868248070877393729e+01,4.915223196429699293e+00
1.870248642469277200e+01,4.031248485013958494e+00
1.872249214061160316e+01,3.876549583583259295e+00
1.874249785653043787e+01,4.918176828944671897e+00
1.876250357244927258e+01,4.173528419808441470e+00
1.878250928836810374e+01,4.930585764148984751e+00
1.880251500428693845e+01,4.189475803608778470e+00
1.882252072020577316e+01,4.946697561300105406e+00
1.884252643612460787e+01,4.074525944697363400e+00
1.886253215204344258e+01,4.441690118546975263e+00
1.888253786796227729e+01,4.996408322721162421e+00
1.890254358388111200e+01,5.023647319277375622e+00
1.892254929979994316e+01,4.301944921829263357e+00
1.894255501571877787e+01,4.590346869879856406e+00
1.896256073163760902e+01,4.617648560992261508e+00
1.898256644755644373e+01,4.902810548739100049e+00
1.900257216347527844e+01,5.138249656045403846e+00
1.902257787939411315e+01,5.669654287991063413e+00
1.904258359531294786e+01,5.660351837792584995e+00
1.906258931123178257e+01,5.049184022222049428e+00
1.908259502715061728e+01,5.289356160300574317e+00
1.910260074306944844e+01,5.341576655216606184e+00
1.912260645898828315e+01,5.790746789543197437e+00
1.914261217490711431e+01,5.333450767593800990e+00
1.916261789082594902e+01,5.723788143068004430e+00
1.918262360674478373e+01,5.451799657988533276e+00
1.920262932266361844e+01,6.986913010781941935e+00
1.922263503858245315e+01,6.351199431631720849e+00
1.924264075450128786e+01,6.606128382840941171e+00
1.926264647042012257e+01,6.505910110762767928e+00
1.928265218633895373e+01,6.590950672122073861e+00
1.930265790225778844e+01,7.291495894025054270e+00
1.932266361817662315e+01,6.862660875929226023e+00
1.934266933409545430e+01,7.962748496412711319e+00
1.936267505001428901e+01,7.479667287028312295e+00
1.938268076593312372e+01,8.191422072330684756e+00
1.940268648185195843e+01,8.794324459343719980e+00
1.942269219777079314e+01,8.234923328428203959e+00
1.944269791368962785e+01,7.945276236276514581e+00
1.946270362960846256e+01,8.483451273001556103e+00
1.948270934552729372e+01,8.659918092742071138e+00
1.950271506144612843e+01,8.965685696687271999e+00
1.952272077736495959e+01,8.867794190283019518e+00
1.954272649328379430e+01,8.466877073883020799e+00
1.956273220920262901e+01,9.740868936265449918e+00
1.958273792512146372e+01,9.857514938319905440e+00
1.960274364104029843e+01,1.002995825987199829e+01
1.962274935695913314e+01,1.054577984592035023e+01
1.964275507287796785e+01,1.033084689662821987e+01
1.966276078879679901e+01,9.961137926520748920e+00
1.968276650471563372e+01,1.088769422117467478e+01
1.970277222063446487e+01,1.102408803757688815e+01
1.972277793655329958e+01,1.174926999822140239e+01
1.974278365247213429e+01,1.159189913077743306e+01
1.976278936839096900e+01,1.132013273461066660e+01
1.978279508430980371e+01,1.164098515034687686e+01
1.980280080022863842e+01,1.230269603065394435e+01
1.982280651614747313e+01,1.178657936476863100e+01
1.984281223206630784e+01,1.203651021884502192e+01
1.986281794798513900e+01,1.235694276510851886e+01
1.988282366390397371e+01,1.162826005188420808e+01
1.990282937982280487e+01,1.235953914993325320e+01
1.992283509574163958e+01,1.224480140165451836e+01
1.994284081166047429e+01,1.124873746292611543e+01
1.996284652757930900e+01,1.129329264823169154e+01
1.998285224349814371e+01,1.098537281188763082e+01
2.000285795941697842e+01,1.140832088970309321e+01
2.002286367533581313e+01,1.109953854332206546e+01
2.004286939125464428e+01,1.000102560304948440e+01
2.006287510717347899e+01,9.242515325864697928e+00
2.008288082309231015e+01,8.822311248683851304e+00
2.010288653901114486e+01,8.514501072473985133e+00
2.012289225492997957e+01,8.416289717317988917e+00
2.014289797084881428e+01,8.545475560221209577e+00
2.016290368676764899e+01,7.589428355743077503e+00
2.018290940268648370e+01,6.797372218164683844e+00
2.020291511860531841e+01,5.946257797863868433e+00
2.022292083452414957e+01,6.681948277937090452e+00
2.024292655044298428e+01,6.252395702874926187e+00
2.026293226636181899e+01,5.693444909371587315e+00
2.028293798228065015e+01,5.499732393026369515e+00
2.030294369819948486e+01,5.094480938964882633e+00
2.032294941411831957e+01,5.468969448419068513e+00
2.034295513003715428e+01,5.345857125723514791e+00
2.036296084595598899e+01,5.033671221196527767e+00
2.038296656187482370e+01,5.219676315375441966e+00
2.040297227779365841e+01,4.943508993671605012e+00
2.042297799371248956e+01,5.090596186883143304e+00
2.044298370963132427e+01,4.619099802767367535e+00
2.046298942555015543e+01,5.050914732392865147e+00
2.048299514146899014e+01,5.062606888428582863e+00
2.050300085738782485e+01,5.158430586342168667e+00
2.052300657330665956e+01,4.818356124018350783e+00
2.054301228922549427e+01,5.398990831990907679e+00
2.056301800514432898e+01,5.398419633807904461e+00
2.058302372106316369e+01,4.928362756329405236e+00
2.060302943698199485e+01,5.183761905775093659e+00
2.062303515290082956e+01,5.030620275796998442e+00
2.064304086881966072e+01,5.285695305705290892e+00
2.066304658473849543e+01,5.776713277770822330e+00
2.068305230065733014e+01,5.696832228323171599e+00
2.070305801657616485e+01,4.797110778877883064e+00
2.072306373249499956e+01,5.555650340224562278e+00
2.074306944841383427e+01,5.410942217004389043e+00
2.076307516433266898e+01,5.772320929618320662e+00
2.078308088025150369e+01,6.186118740257777304e+00
2.080308659617033484e+01,6.126648613111503217e+00
2.082309231208916955e+01,6.114064713748088131e+00
2.084309802800800071e+01,6.351104497708628394e+00
2.086310374392683542e+01,6.478905233766909078e+00
2.088310945984567013e+01,6.859352417582810446e+00
2.090311517576450484e+01,6.226519032296515377e+00
2.092312089168333955e+01,6.878458873193141088e+00
2.094312660760217426e+01,6.962584311318460450e+00
2.096313232352100897e+01,6.422837690604279892e+00
2.098313803943984013e+01,7.496405504093322847e+00
2.100314375535867484e+01,7.805889095463222738e+00
2.102314947127750600e+01,6.783094340332093353e+00
2.104315518719634071e+01,8.131749555333579238e+00
2.106316090311517542e+01,7.975536336044479313e+00
2.108316661903401013e+01,7.693054049262780580e+00
2.110317233495284484e+01,8.281863225895671476e+00
2.112317805087167955e+01,8.099717616575610180e+00
2.114318376679051426e+01,8.813356143311361635e+00
2.116318948270934541e+01,8.841691149105233904e+00
2.118319519862818012e+01,8.709454848967393303e+00
2.120320091454701483e+01,9.269405703369603344e+00
2.122320663046584599e+01,9.409006109388668548e+00
2.124321234638468070e+01,9.523427236711084376e+00
2.126321806230351541e+01,9.455258164516690655e+00
2.128322377822235012e+01,1.016955929095650468e+01
2.130322949414118483e+01,8.669161647585401198e+00
2.132323521006001954e+01,9.433925531777070717e+00
2.134324092597885425e+01,9.376323002077693758e+00
2.136324664189768541e+01,9.085858264444718557e+00
2.138325235781652012e+01,8.939298072952391649e+00
2.140325807373535127e+01,8.211286289991102549e+00
2.142326378965418598e+01,8.596958204874232123e+00
2.144326950557302069e+01,7.722931276800815148e+00
2.146327522149185540e+01,7.193907322533883431e+00
2.148328093741069011e+01,6.412942863048720632e+00
2.150328665332952482e+01,6.092935084857984407e+00
2.152329236924835953e+01,5.640899473313225165e+00
2.154329808516719069e+01,5.657533859197940274e+00
2.156330380108602540e+01,4.277805758954729143e+00
2.158330951700485656e+01,5.253007233182437119e+00
2.160331523292369127e+01,4.635241049553552983e+00
2.162332094884252598e+01,3.883001573765215930e+00
2.164332666476136069e+01,4.202371978227958493e+00
2.166333238068019540e+01,4.370854004928640180e+00
2.168333809659903011e+01,3.912237917728478287e+00
2.170334381251786482e+01,3.939217975233140656e+00
2.172334952843669598e+01,2.682654584077304172e+00
2.174335524435553069e+01,3.185080470353912396e+00
2.176336096027436540e+01,3.509938492541678556e+00
2.178336667619319655e+01,3.751206144298657286e+00
2.180337239211203126e+01,3.395018283686693117e+00
2.182337810803086597e+01,3.242331059835284357e+00
2.184338382394970068e+01,3.756593310124558993e+00
2.186338953986853539e+01,3.394409918216286126e+00
2.188339525578737010e+01,2.900293627743971037e+00
2.190340097170620481e+01,2.891193130779743825e+00
2.192340668762503597e+01,3.751254374599162666e+00
2.194341240354387068e+01,3.014554060338043850e+00
2.196341811946270184e+01,3.480638551602816211e+00
2.198342383538153655e+01,2.822948373904985431e+00
2.200342955130037126e+01,3.418211775398161123e+00
2.202343526721920597e+01,2.716924215730497139e+00
2.204344098313804068e+01,3.580308063506477012e+00
2.206344669905687539e+01,2.630194143302979626e+00
2.208345241497571010e+01,3.251264126180650749e+00
2.210345813089454126e+01,3.108846037116089533e+00
2.212346384681337597e+01,2.879464501612305938e+00
2.214346956273221068e+01,3.336262024415995064e+00
2.216347527865104183e+01,3.281612170928948302e+00
2.218348099456987654e+01,3.200072206553371768e+00
2.220348671048871125e+01,3.675525739378383339e+00
2.222349242640754596e+01,2.966143653938059010e+00
2.224349814232638067e+01,2.864259586714629879e+00
2.226350385824521538e+01,2.455224423728300742e+00
2.228350957416405009e+01,3.219559248469606061e+00
2.230351529008288125e+01,2.674097026628996510e+00
2.232352100600171596e+01,3.216616768244149327e+00
2.234352672192054712e+01,3.324465119280967329e+00
2.236353243783938183e+01,3.361593050663408633e+00
2.238353815375821654e+01,2.184376535869766212e+00
2.240354386967705125e+01,2.851744009948249836e+00
2.242354958559588596e+01,2.674950852145355107e+00
2.244355530151472067e+01,2.782024988753977635e+00
2.246356101743355538e+01,2.740840805358104593e+00
2.248356673335238654e+01,2.613445429808780585e+00
2.250357244927122125e+01,3.435829822185073823e+00
2.252357816519005240e+01,3.217349064485663490e+00
2.254358388110888711e+01,2.761704951731416280e+00
2.256358959702772182e+01,2.584010825379957410e+00
2.258359531294655653e+01,2.618835377853305779e+00
2.260360102886539124e+01,2.379679653915209414e+00
2.262360674478422595e+01,2.530271520124447893e+00
2.264361246070306066e+01,2.480081297228907022e+00
2.266361817662189182e+01,2.386703655047744732e+00
2.268362389254072653e+01,2.638785833447657936e+00
2.270362960845956124e+01,2.776300615061600308e+00
2.272363532437839240e+01,2.475065623784789892e+00
2.274364104029722711e+01,2.506288265343470378e+00
2.276364675621606182e+01,2.442272473018364920e+00
2.278365247213489653e+01,2.714780909169609124e+00
2.280365818805373124e+01,2.295687808460117108e+00
2.282366390397256595e+01,3.087364088839316789e+00
2.284366961989140066e+01,3.031899692427953319e+00
2.286367533581023181e+01,2.868691165514657193e+00
2.288368105172906652e+01,3.180894791923937870e+00
2.290368676764789768e+01,3.290060587539313630e+00
2.292369248356673239e+01,2.422718351923794700e+00
2.294369819948556710e+01,3.488012409792269342e+00
2.296370391540440181e+01,3.239784419666897897e+00
2.298370963132323652e+01,2.851850521501159363e+00
2.300371534724207123e+01,2.514566078268878346e+00
2.302372106316090594e+01,2.526080066287187620e+00
2.304372677907973710e+01,2.410146542566984795e+00
2.306373249499857181e+01,3.399012089802017300e+00
2.308373821091740652e+01,2.136825742599356204e+00
2.310374392683623768e+01,3.185447322368395007e+00
2.312374964275507239e+01,1.901079508238914251e+00
2.314375535867390710e+01,2.829349991453268931e+00
2.316376107459274181e+01,1.972060700228855046e+00
2.318376679051157652e+01,3.269855772335029886e+00
2.320377250643041123e+01,3.681241770923727508e+00
2.322377822234924594e+01,2.341878506368446189e+00
2.324378393826807709e+01,2.470113403849438782e+00
2.326378965418691180e+01,1.973181655388120515e+00
2.328379537010574296e+01,3.659659488727260879e+00
2.330380108602457767e+01,3.471228977354571033e+00
2.332380680194341238e+01,2.995225456346889636e+00
2.334381251786224709e+01,2.357614527504050095e+00
2.336381823378108180e+01,2.569279024687714408e+00
2.338382394969991651e+01,2.806431621803595178e+00
2.340382966561875122e+01,2.510705766176354992e+00
2.342383538153758238e+01,3.208894390957643949e+00
2.344384109745641709e+01,2.644432044651710889e+00
2.346384681337524825e+01,2.488437967010928453e+00
2.348385252929408296e+01,1.936420246989407845e+00
2.350385824521291767e+01,3.133898140346287775e+00
2.352386396113175238e+01,2.296104515404456592e+00
2.354386967705058709e+01,2.816233966573260528e+00
2.356387539296942180e+01,2.694185010737459862e+00
2.358388110888825651e+01,2.499914067055273748e+00
2.360388682480708766e+01,2.785486920389062426e+00
2.362389254072592237e+01,3.053350398039318847e+00
2.364389825664475708e+01,2.809441105568153851e+00
2.366390397256358824e+01,3.221499070746335569e+00
2.368390968848242295e+01,2.599153436989571908e+00
2.370391540440125766e+01,2.994893195078328851e+00
2.372392112032009237e+01,2.846041895525351251e+00
2.374392683623892708e+01,2.116151962064459990e+00
2.376393255215776179e+01,2.397285520778424051e+00
2.378393826807659650e+01,2.488820930210203564e+00
2.380394398399542766e+01,3.040602392935620735e+00
2.382394969991426237e+01,2.703730561002069877e+00
2.384395541583309353e+01,2.758330752814255327e+00
2.386396113175192824e+01,2.071903718156833385e+00
2.388396684767076295e+01,2.642397551061143268e+00
2.390397256358959766e+01,2.967393221780997958e+00
2.392397827950843237e+01,2.063326929145880229e+00
2.394398399542726708e+01,3.421668345041373183e+00
2.396398971134610179e+01,2.177578488021871816e+00
2.398399542726493294e+01,3.162751171105258496e+00
2.400400114318376765e+01,2.976139607827403832e+00
2.402400685910260236e+01,2.935589833003771965e+00
2.404401257502143352e+01,2.859208771126038773e+00
2.406401829094026823e+01,2.451133528735672140e+00
2.408402400685910294e+01,2.487206819300402216e+00
2.410402972277793765e+01,2.568482181541972498e+00
2.412403543869677236e+01,1.813754614656803765e+00
2.414404115461560707e+01,3.137849938516633408e+00
2.416404687053444178e+01,3.299220673568223461e+00
2.418405258645327294e+01,3.288415386079052372e+00
2.420405830237210765e+01,2.941638817203743095e+00
2.422406401829093880e+01,3.551162542556975499e+00
2.424406973420977351e+01,2.302395359738768299e+00
2.426407545012860822e+01,2.399168243027168579e+00
2.428408116604744293e+01,2.395048311718012357e+00
2.430408688196627764e+01,2.470204579285247615e+00
2.432409259788511235e+01,2.648882779601049009e+00
2.434409831380394706e+01,2.890583237379411141e+00
2.436410402972277822e+01,3.145524311262657857e+00
2.438410974564161293e+01,2.671206782927046497e+00
2.440411546156044409e+01,3.193407321622533601e+00
2.442412117747927880e+01,1.884156745466956329e+00
2.444412689339811351e+01,3.451330302905626812e+00
2.446413260931694822e+01,3.198580458757443790e+00
2.448413832523578293e+01,3.265697528617542478e+00
2.450414404115461764e+01,2.505722480612283753e+00
2.452414975707345235e+01,2.414493637156438943e+00
2.454415547299228351e+01,2.788196106585029810e+00
2.456416118891111822e+01,2.792666675956883893e+00
2.458416690482995293e+01,2.076166724921201023e+00
2.460417262074878408e+01,1.912791369921082119e+00
2.462417833666761879e+01,3.052430786068892843e+00
2.464418405258645350e+01,2.369945024423445012e+00
2.466418976850528821e+01,2.195284067289271057e+00
2.468419548442412292e+01,2.941536382390003368e+00
2.470420120034295763e+01,2.653151253993143222e+00
2.472420691626179234e+01,2.699060495054622866e+00
2.474421263218062350e+01,3.214513346491387757e+00
2.476421834809945821e+01,2.613616948596624745e+00
2.478422406401828937e+01,2.177415550806587330e+00
2.480422977993712408e+01,2.295283291207603327e+00
2.482423549585595879e+01,3.201653393598810737e+00
2.484424121177479350e+01,2.153429128626890510e+00
2.486424692769362821e+01,2.484580876032532970e+00
2.488425264361246292e+01,2.170219589639775126e+00
2.490425835953129763e+01,2.783604051627701637e+00
2.492426407545012879e+01,2.736916211140523192e+00
2.494426979136896350e+01,1.864420462731507078e+00
2.496427550728779821e+01,2.924694422480655032e+00
2.498428122320662936e+01,2.809062163957424030e+00
2.500428693912546407e+01,2.454402089111977325e+00
2.502429265504429878e+01,2.356439753165630702e+00
2.504429837096313349e+01,2.148961988316665739e+00
2.506430408688196820e+01,1.853197052095570951e+00
2.508430980280080291e+01,3.004713658293622469e+00
2.510431551871963762e+01,2.144222254682929041e+00
2.512432123463846878e+01,2.069306492438611755e+00
2.514432695055730349e+01,2.723847061229414557e+00
2.516433266647613465e+01,3.004242865577538169e+00
2.518433838239496936e+01,2.716073182128055485e+00
2.520434409831380407e+01,2.589967829809902256e+00
2.522434981423263878e+01,2.768018678483788797e+00
2.524435553015147349e+01,2.442501600364588299e+00
2.526436124607030820e+01,1.880067500937939062e+00
2.528436696198914291e+01,3.465963405370819039e+00
2.530437267790797407e+01,2.553087215933584453e+00
2.532437839382680878e+01,2.485033035325106887e+00
2.534438410974563993e+01,2.734392919664826671e+00
2.536438982566447464e+01,1.974489066124843983e+00
2.538439554158330935e+01,3.008038152559104006e+00
2.540440125750214406e+01,3.105746878241038900e+00
2.542440697342097877e+01,2.418278278226587474e+00
2.544441268933981348e+01,2.346707690768071508e+00
2.546441840525864819e+01,2.650911655390320032e+00
2.548442412117747935e+01,2.733191247124343803e+00
2.550442983709631406e+01,2.222380111838720307e+00
2.552443555301514877e+01,2.178840907868974774e+00
2.554444126893397993e+01,2.267440401686976692e+00
2.556444698485281464e+01,2.324726762118505263e+00
2.558445270077164935e+01,2.710182053625866061e+00
2.560445841669048406e+01,3.382790873052943681e+00
2.562446413260931877e+01,2.935364965788385128e+00
2.564446984852815348e+01,3.475809388144550205e+00
2.566447556444698819e+01,2.593129359503969056e+00
2.568448128036581934e+01,2.070317215664269295e+00
2.570448699628465405e+01,3.069143512821697506e+00
2.572449271220348521e+01,2.978254785288847906e+00
2.574449842812231992e+01,3.300709111453278055e+00
2.576450414404115463e+01,2.910959814185193117e+00
2.578450985995998934e+01,3.346104764525640096e+00
2.580451557587882405e+01,2.418876013032895234e+00
2.582452129179765876e+01,2.153406085195661568e+00
2.584452700771649347e+01,1.889341674694708262e+00
2.586453272363532463e+01,2.756857653782814221e+00
2.588453843955415934e+01,2.783046390184592322e+00
2.590454415547299405e+01,3.074527126180711889e+00
2.592454987139182521e+01,2.891765896525572366e+00
2.594455558731065992e+01,2.854485367214103064e+00
2.596456130322949463e+01,3.037063536176314749e+00
2.598456701914832934e+01,3.622899364752210083e+00
2.600457273506716405e+01,2.879542973456572952e+00
2.602457845098599520e+01,3.135828458141987518e+00
2.604458416690482991e+01,2.737725836681835112e+00
2.606458988282366462e+01,3.183944788483374033e+00
2.608459559874249933e+01,2.755799587646627025e+00
2.610460131466133404e+01,3.034002391381060093e+00
2.612460703058016520e+01,2.223825309428113517e+00
2.614461274649899991e+01,2.792174866118960708e+00
2.616461846241783462e+01,2.532397275813580428e+00
2.618462417833666933e+01,2.687660674820841145e+00
2.620462989425550404e+01,3.399923440692483645e+00
2.622463561017433520e+01,3.423368843061285638e+00
2.624464132609316991e+01,3.473393615244366295e+00
2.626464704201200462e+01,3.594220591671342113e+00
2.628465275793083933e+01,3.467712913338118597e+00
2.630465847384967049e+01,2.824089591229610896e+00
2.632466418976850520e+01,3.397859224843826187e+00
2.634466990568733991e+01,3.258251480610695694e+00
2.636467562160617462e+01,2.659293064659910666e+00
2.638468133752500933e+01,4.195060456156008755e+00
2.640468705344384048e+01,3.441522057023968628e+00
2.642469276936267519e+01,3.716476947892631610e+00
2.644469848528150990e+01,3.131024088829840846e+00
2.646470420120034461e+01,4.370223278360191088e+00
2.648470991711917932e+01,4.327093009171212756e+00
2.650471563303801048e+01,3.597025345577906208e+00
2.652472134895684519e+01,4.660254933701364344e+00
2.654472706487567990e+01,3.847910583770004500e+00
2.656473278079451461e+01,4.350924011903715360e+00
2.658473849671334932e+01,5.017088585846981807e+00
2.660474421263218048e+01,4.348011348693374245e+00
2.662474992855101519e+01,5.541785591144485323e+00
2.664475564446984990e+01,5.419303494985575398e+00
2.666476136038868461e+01,5.736305693426171359e+00
2.668476707630751577e+01,5.305443765638776732e+00
2.670477279222635048e+01,6.290067602836122873e+00
2.672477850814518519e+01,6.309856511923570999e+00
2.674478422406401990e+01,6.965786497467244764e+00
2.676478993998285461e+01,7.901771609099524696e+00
2.678479565590168576e+01,8.114902811656577342e+00
2.680480137182052047e+01,9.102256056025890274e+00
2.682480708773935518e+01,8.765206622136192394e+00
2.684481280365818989e+01,1.016090290829541765e+01
2.686481851957702460e+01,9.703723040140443956e+00
2.688482423549585576e+01,1.129249663417974503e+01
2.690482995141469047e+01,1.175476013668169628e+01
2.692483566733352518e+01,1.197774787075452352e+01
2.694484138325235989e+01,1.318118549909905113e+01
2.696484709917119105e+01,1.438067635692119239e+01
2.698485281509002576e+01,1.464706006271610583e+01
2.700485853100886047e+01,1.532491659501706138e+01
2.702486424692769518e+01,1.594439839134511239e+01
2.704486996284652989e+01,1.788896238776084857e+01
2.706487567876536104e+01,1.857180091969760483e+01
2.708488139468419575e+01,1.976563386395018540e+01
2.710488711060303046e+01,2.030567421686746243e+01
2.712489282652186517e+01,2.225537934770915882e+01
2.714489854244069988e+01,2.384966525784523839e+01
2.716490425835953104e+01,2.504938497015798049e+01
2.718490997427836575e+01,2.683876215247961738e+01
2.720491569019720046e+01,2.751512918081067482e+01
2.722492140611603517e+01,2.857321977243346822e+01
2.724492712203486633e+01,3.089892928572151831e+01
2.726493283795370104e+01,3.201333155994486646e+01
2.728493855387253575e+01,3.429895859054175844e+01
2.730494426979137046e+01,3.537775140691234554e+01
2.732494998571020517e+01,3.704670516694334736e+01
2.734495570162903633e+01,3.938221455335413168e+01
2.736496141754787104e+01,4.015733991820772530e+01
2.738496713346670575e+01,4.275921353421770021e+01
2.740497284938554046e+01,4.418831212472652936e+01
2.742497856530437517e+01,4.555312563664696768e+01
2.744498428122320632e+01,4.675054457024774734e+01
2.746498999714204103e+01,4.807947480310737376e+01
2.748499571306087574e+01,5.006835508189815442e+01
2.750500142897971045e+01,4.995842995993689328e+01
2.752500714489854516e+01,5.127517676975523386e+01
2.754501286081737632e+01,5.129008900161532125e+01
2.756501857673621103e+01,5.081675087466209817e+01
2.758502429265504574e+01,5.096280144089985242e+01
2.760503000857388045e+01,4.948409070445792679e+01
2.762503572449271161e+01,4.802410257120441628e+01
2.764504144041154632e+01,4.619019644299354610e+01
2.766504715633038103e+01,4.429325683149439641e+01
2.768505287224921574e+01,4.182082293528932837e+01
2.770505858816805045e+01,3.869517509536450461e+01
2.772506430408688161e+01,3.691752783678030880e+01
2.774507002000571632e+01,3.455054448258539423e+01
2.776507573592455103e+01,3.149034347956627045e+01
2.778508145184338574e+01,2.809247450644940969e+01
2.780508716776222045e+01,2.484744100556999769e+01
2.782509288368105160e+01,2.315968502139153884e+01
2.784509859959988631e+01,1.945380396536620893e+01
2.786510431551872102e+01,1.791234019504279118e+01
2.788511003143755573e+01,1.629023269289084297e+01
2.790511574735638689e+01,1.380766360507778501e+01
2.792512146327522160e+01,1.227125741283643734e+01
2.794512717919405631e+01,1.130301370534152916e+01
2.796513289511289102e+01,9.789329572520353295e+00
2.798513861103172573e+01,8.743147011219948084e+00
2.800514432695055689e+01,8.586212866990024395e+00
2.802515004286939160e+01,7.898729372117477610e+00
2.804515575878822631e+01,7.817501906648503862e+00
2.806516147470706102e+01,6.238673731542536238e+00
2.808516719062589573e+01,6.813946292268153293e+00
2.810517290654472689e+01,6.584492694290404735e+00
2.812517862246356160e+01,5.625086334732645632e+00
2.814518433838239631e+01,6.319121846694685019e+00
2.816519005430123102e+01,6.420071157805731232e+00
2.818519577022006217e+01,5.238325483792962700e+00
2.820520148613889688e+01,6.065970504221761317e+00
2.822520720205773159e+01,5.492245389516801524e+00
2.824521291797656630e+01,6.472143399242114015e+00
2.826521863389540101e+01,6.208064228155835806e+00
2.828522434981423217e+01,6.504856366045350669e+00
2.830523006573306688e+01,6.558334725478145444e+00
2.832523578165190159e+01,6.479049787099020463e+00
2.834524149757073630e+01,6.865783820406382354e+00
2.836524721348957101e+01,7.658112044827833031e+00
2.838525292940840217e+01,8.230905225711991235e+00
2.840525864532723688e+01,7.657749109849586233e+00
2.842526436124607159e+01,8.295073677108449672e+00
2.844527007716490630e+01,8.647655002300762561e+00
2.846527579308374101e+01,9.579758448540353299e+00
2.848528150900257216e+01,9.719453147646696323e+00
2.850528722492140687e+01,9.786289387570558773e+00
2.852529294084024158e+01,1.091516934773923886e+01
2.854529865675907629e+01,1.105125378114090395e+01
2.856530437267790745e+01,1.266495548589078801e+01
2.858531008859674216e+01,1.250760046083920507e+01
2.860531580451557687e+01,1.284523818244857196e+01
2.862532152043441158e+01,1.372047493814367591e+01
2.864532723635324629e+01,1.603824089168929490e+01
2.866533295227207745e+01,1.643062597117968693e+01
2.868533866819091216e+01,1.817585864037240384e+01
2.870534438410974687e+01,1.863682911479497761e+01
2.872535010002858158e+01,1.958369270414815233e+01
2.874535581594741629e+01,2.049621712822960262e+01
2.876536153186624745e+01,2.174012364157125887e+01
2.878536724778508216e+01,2.395879139816668513e+01
2.880537296370391687e+01,2.494066129632477669e+01
2.882537867962275158e+01,2.530608468632195596e+01
2.884538439554158273e+01,2.708235460457811428e+01
2.886539011146041744e+01,2.903346226322971546e+01
2.888539582737925215e+01,3.056415349064342735e+01
2.890540154329808686e+01,3.191638216842642706e+01
2.892540725921692157e+01,3.380331752130979339e+01
2.894541297513575273e+01,3.492010902387080051e+01
2.896541869105458744e+01,3.717391385052654584e+01
2.898542440697342215e+01,3.867659741033178022e+01
2.900543012289225686e+01,4.065084856448067541e+01
2.902543583881109157e+01,4.172578416558974368e+01
2.904544155472992273e+01,4.383827674887849213e+01
2.906544727064875744e+01,4.503127440241341617e+01
2.908545298656759215e+01,4.616109607176902330e+01
2.910545870248642686e+01,4.609144660513050695e+01
2.912546441840525802e+01,4.701331217326602996e+01
2.914547013432409273e+01,4.722219185343494274e+01
2.916547585024292744e+01,4.722090624977597173e+01
2.918548156616176215e+01,4.601150121750168864e+01
2.920548728208059686e+01,4.562361907752008960e+01
2.922549299799942801e+01,4.530224623068441048e+01
2.924549871391826272e+01,4.340630257061384611e+01
2.926550442983709743e+01,4.106129165854302698e+01
2.928551014575593214e+01,4.027673626253007910e+01
2.930551586167476685e+01,3.736642475058167889e+01
2.932552157759359801e+01,3.513582793426838435e+01
2.934552729351243272e+01,3.248547838169369584e+01
2.936553300943126743e+01,3.060938155807182426e+01
2.938553872535010214e+01,2.752832717440204391e+01
2.940554444126893330e+01,2.589972985444042308e+01
2.942555015718776801e+01,2.284523899532490532e+01
2.944555587310660272e+01,2.145551686213124754e+01
2.946556158902543743e+01,1.836561213597917686e+01
2.948556730494427214e+01,1.751450969591606821e+01
2.950557302086310330e+01,1.630294834569815521e+01
2.952557873678193801e+01,1.409333996613161943e+01
2.954558445270077272e+01,1.268923538600024337e+01
2.956559016861960743e+01,1.183244864585137535e+01
2.958559588453844214e+01,1.091028461158629881e+01
2.960560160045727329e+01,9.776572418102746909e+00
2.962560731637610800e+01,8.445616710747790634e+00
2.964561303229494271e+01,8.447679784835502304e+00
2.966561874821377742e+01,8.169409106140630428e+00
2.968562446413261213e+01,6.242222711497847243e+00
2.970563018005144329e+01,6.065217248813044471e+00
2.972563589597027800e+01,4.839542822677364242e+00
2.974564161188911271e+01,5.189637686840310238e+00
2.976564732780794742e+01,5.697362884026727414e+00
2.978565304372677858e+01,4.654499177228379025e+00
2.980565875964561329e+01,3.408736908314728531e+00
2.982566447556444800e+01,4.248154037468431454e+00
2.984567019148328271e+01,3.826024464420656024e+00
2.986567590740211742e+01,3.472678590346404803e+00
2.988568162332094857e+01,3.255034469277183540e+00
2.990568733923978328e+01,2.705601022316282744e+00
2.992569305515861799e+01,3.289952954616679470e+00
2.994569877107745270e+01,3.943049972672544534e+00
2.996570448699628741e+01,3.414783476223858472e+00
2.998571020291511857e+01,3.701093667542125765e+00
3.000571591883395328e+01,3.457509573679971915e+00
3.002572163475278799e+01,3.630910515642463920e+00
3.004572735067162270e+01,3.619630389483512012e+00
3.006573306659045386e+01,3.159757169441526514e+00
3.008573878250928857e+01,3.512839447106904878e+00
3.010574449842812328e+01,2.897673282816099594e+00
3.012575021434695799e+01,2.384423408754403617e+00
3.014575593026579270e+01,3.201495225686558754e+00
3.016576164618462386e+01,2.890342465519490478e+00
3.018576736210345857e+01,2.424872202174976898e+00
3.020577307802229328e+01,3.634287102853862805e+00
3.022577879394112799e+01,2.908041953930790235e+00
3.024578450985996270e+01,3.210980419100637029e+00
3.026579022577879385e+01,3.500733607343221365e+00
3.028579594169762856e+01,3.222091051720926913e+00
3.030580165761646327e+01,3.421737289677165172e+00
3.032580737353529798e+01,2.482791147979677149e+00
3.034581308945412914e+01,3.701154667270047938e+00
3.036581880537296385e+01,3.256331901571844156e+00
3.038582452129179856e+01,3.470056131600586458e+00
3.040583023721063327e+01,3.158928083192540370e+00
3.042583595312946798e+01,4.018705308650817543e+00
3.044584166904829914e+01,3.615626685474884194e+00
3.046584738496713385e+01,4.240611854054870733e+00
3.048585310088596856e+01,4.435195390048347619e+00
3.050585881680480327e+01,4.189384791413812259e+00
3.052586453272363798e+01,4.781590299841909086e+00
3.054587024864246914e+01,5.034745759164550805e+00
3.056587596456130385e+01,5.212925842488387751e+00
3.058588168048013856e+01,4.688329988650037805e+00
3.060588739639897327e+01,5.685406746247593901e+00
3.062589311231780798e+01,6.573666476692057614e+00
3.064589882823663913e+01,6.939499949805641776e+00
3.066590454415547384e+01,7.559739008654813297e+00
3.068591026007430855e+01,7.618514913001016353e+00
3.070591597599314326e+01,8.081624628884179984e+00
3.072592169191197442e+01,8.966048774997801729e+00
3.074592740783080913e+01,9.975652145066085552e+00
3.076593312374964384e+01,1.070603807105492500e+01
3.078593883966847855e+01,1.027518334395998068e+01
3.080594455558731326e+01,1.132047543570968173e+01
3.082595027150614442e+01,1.206402989100452849e+01
3.084595598742497913e+01,1.306945410184238732e+01
3.086596170334381384e+01,1.400401409431158228e+01
3.088596741926264855e+01,1.522463704379028471e+01
3.090597313518148326e+01,1.640358651392768152e+01
3.092597885110031442e+01,1.802319333908591759e+01
3.094598456701914913e+01,1.803210023652858141e+01
3.096599028293798384e+01,1.964841118330451764e+01
3.098599599885681855e+01,2.061922339350287814e+01
3.100600171477564970e+01,2.200786211585050722e+01
3.102600743069448441e+01,2.427795812926841990e+01
3.104601314661331912e+01,2.449619566405765880e+01
3.106601886253215383e+01,2.725532926057964289e+01
3.108602457845098854e+01,2.714988332218958789e+01
3.110603029436981970e+01,2.874550677094082118e+01
3.112603601028865441e+01,3.052719340605570864e+01
3.114604172620748912e+01,3.144768880883297157e+01
3.116604744212632383e+01,3.205357770332657452e+01
3.118605315804515854e+01,3.352117127891670378e+01
3.120605887396398970e+01,3.335844382184853174e+01
3.122606458988282441e+01,3.447480540984836495e+01
3.124607030580165912e+01,3.388439178188476575e+01
3.126607602172049383e+01,3.431961968898420423e+01
3.128608173763932498e+01,3.388043369856058007e+01
3.130608745355815969e+01,3.341573296851682784e+01
3.132609316947699440e+01,3.320636691481038838e+01
3.134609888539582911e+01,3.314644678293449687e+01
3.136610460131466382e+01,3.179518693127393902e+01
3.138611031723349498e+01,3.198117648222076781e+01
3.140611603315232969e+01,3.109616420202573650e+01
3.142612174907116440e+01,3.014357045103946220e+01
3.144612746498999911e+01,2.938057962870730577e+01
3.146613318090883382e+01,2.818051740456938603e+01
3.148613889682766498e+01,2.691560905960366767e+01
3.150614461274649969e+01,2.608791830109001708e+01
3.152615032866533440e+01,2.464594000903425197e+01
3.154615604458416911e+01,2.207177104431013603e+01
3.156616176050300382e+01,2.186451050919145800e+01
3.158616747642183498e+01,1.915681895227268683e+01
3.160617319234066969e+01,1.699447407988557401e+01
3.162617890825950440e+01,1.654272347850619340e+01
3.164618462417833911e+01,1.453124997833605470e+01
3.166619034009717026e+01,1.289851857449294315e+01
3.168619605601600497e+01,1.168512028290618332e+01
3.170620177193483968e+01,1.043181362394329703e+01
3.172620748785367439e+01,9.569974851252609938e+00
3.174621320377250910e+01,8.303785033479323729e+00
3.176621891969134026e+01,7.651886379234225544e+00
3.178622463561017497e+01,6.697300508253975160e+00
3.180623035152900968e+01,6.964771815798671994e+00
3.182623606744784439e+01,7.316295642786879938e+00
3.184624178336667910e+01,6.487360045380933471e+00
3.186624749928551026e+01,6.521752800865911581e+00
3.188625321520434497e+01,7.246182252929799006e+00
3.190625893112317968e+01,7.307101891571336161e+00
3.192626464704201439e+01,7.224971091542118806e+00
3.194627036296084555e+01,6.706217790508978815e+00
3.196627607887968026e+01,7.715727481690485057e+00
3.198628179479851497e+01,8.154813434786289505e+00
3.200628751071734968e+01,9.009885652533862199e+00
3.202629322663618439e+01,9.452869030106777259e+00
3.204629894255501199e+01,9.852403087034081963e+00
3.206630465847385381e+01,9.073748278101081866e+00
3.208631037439268141e+01,1.015498416170031959e+01
3.210631609031152323e+01,1.143539933257802232e+01
3.212632180623035083e+01,1.159339595558741820e+01
3.214632752214918554e+01,1.169142055622774734e+01
3.216633323806802025e+01,1.241519239552442500e+01
3.218633895398685496e+01,1.272777225395634737e+01
3.220634466990568967e+01,1.467924985835503193e+01
3.222635038582451728e+01,1.541909568771354877e+01
3.224635610174335909e+01,1.649860909330715586e+01
3.226636181766218670e+01,1.714966349909244059e+01
3.228636753358102851e+01,1.682422005357589612e+01
3.230637324949985612e+01,1.809112084682749710e+01
3.232637896541869083e+01,1.843455983213642213e+01
3.234638468133752554e+01,1.787915102190752137e+01
3.236639039725636025e+01,1.806424362049805765e+01
3.238639611317519496e+01,1.803190945226697650e+01
3.240640182909402967e+01,1.829111318346733839e+01
3.242640754501286438e+01,1.748796365448498591e+01
3.244641326093169198e+01,1.728850111139744783e+01
3.246641897685053380e+01,1.582145259362852130e+01
3.248642469276936140e+01,1.464138558116142086e+01
3.250643040868819611e+01,1.351407647945411838e+01
3.252643612460703082e+01,1.284972388519631181e+01
3.254644184052586553e+01,1.176279432756676435e+01
3.256644755644470024e+01,1.043254613603418690e+01
3.258645327236353495e+01,9.378070291696184668e+00
3.260645898828236966e+01,8.308304205196481718e+00
3.262646470420119726e+01,7.354532989492733819e+00
3.264647042012003908e+01,6.489250662116247348e+00
3.266647613603886668e+01,6.146791325611964396e+00
3.268648185195770850e+01,5.883958209566348074e+00
3.270648756787653610e+01,5.770621297455491572e+00
3.272649328379537081e+01,5.186042203577538423e+00
3.274649899971420552e+01,4.873464682705863638e+00
3.276650471563304023e+01,4.377649904448729146e+00
3.278651043155187494e+01,4.193958248823853374e+00
3.280651614747070255e+01,4.650923014231061359e+00
3.282652186338954436e+01,4.181466589884064611e+00
3.284652757930837197e+01,4.849632501518134298e+00
3.286653329522721378e+01,4.960471920786455158e+00
3.288653901114604139e+01,4.612852233549900483e+00
3.290654472706487610e+01,4.676609637670270381e+00
3.292655044298371081e+01,5.285106398149151730e+00
3.294655615890254552e+01,5.645414156371982628e+00
3.296656187482138023e+01,4.843968314669454323e+00
3.298656759074020783e+01,5.487186110773006220e+00
3.300657330665904965e+01,4.581670907040519936e+00
3.302657902257787725e+01,4.091567692807614343e+00
3.304658473849671907e+01,4.814241033098296541e+00
3.306659045441554667e+01,4.564717883193074144e+00
3.308659617033438138e+01,4.714456336846269302e+00
3.310660188625321609e+01,4.487711699212788119e+00
3.312660760217205080e+01,4.665846416266782981e+00
3.314661331809088551e+01,3.474790291254336694e+00
3.316661903400971312e+01,3.819929368358862654e+00
3.318662474992855493e+01,3.909871182449099702e+00
3.320663046584738254e+01,3.350877684060913353e+00
3.322663618176622435e+01,3.176102433720296325e+00
3.324664189768505196e+01,3.109651790467005128e+00
3.326664761360388667e+01,4.053062083750994304e+00
3.328665332952272138e+01,3.184797722661024011e+00
3.330665904544155609e+01,3.177863823336199101e+00
3.332666476136039080e+01,2.763899577665771989e+00
3.334667047727922551e+01,2.745331786869241508e+00
3.336667619319806022e+01,2.634740076167651601e+00
3.338668190911688782e+01,3.406126448943122664e+00
3.340668762503572964e+01,3.830013729369687869e+00
3.342669334095455724e+01,3.696736471361355303e+00
3.344669905687339195e+01,3.528167884666160603e+00
3.346670477279222666e+01,3.652020327057871274e+00
3.348671048871106137e+01,4.150732577788555311e+00
3.350671620462989608e+01,4.723420949683676540e+00
3.352672192054873079e+01,4.359702015216167403e+00
3.354672763646756550e+01,4.365617804588707962e+00
3.356673335238639311e+01,4.987998099657740880e+00
3.358673906830523492e+01,5.308598841715804539e+00
3.360674478422406253e+01,4.314385219904927737e+00
3.362675050014290434e+01,5.548402688258537552e+00
3.364675621606173195e+01,5.014536055495567801e+00
3.366676193198056666e+01,6.013379735504532420e+00
3.368676764789940137e+01,7.161485830710500267e+00
3.370677336381823608e+01,7.655021879631426884e+00
3.372677907973707079e+01,7.778874784117322250e+00
3.374678479565589839e+01,7.181928988510080103e+00
3.376679051157474021e+01,9.026859638044903988e+00
3.378679622749356781e+01,9.214023485710038486e+00
3.380680194341240963e+01,1.025371197042829152e+01
3.382680765933123723e+01,1.095769229720493598e+01
3.384681337525007194e+01,1.104679170067900174e+01
3.386681909116890665e+01,1.140617126247611246e+01
3.388682480708774136e+01,1.276188946060726082e+01
3.390683052300657607e+01,1.309008134654575883e+01
3.392683623892540368e+01,1.380948495996910808e+01
3.394684195484424549e+01,1.453504881667616466e+01
3.396684767076307310e+01,1.538222647272104382e+01
3.398685338668191491e+01,1.478562164518144506e+01
3.400685910260074252e+01,1.576645503987067443e+01
3.402686481851957723e+01,1.661854626479870234e+01
3.404687053443841194e+01,1.727081195749338249e+01
3.406687625035724665e+01,1.689478414630362479e+01
3.408688196627608136e+01,1.773805026296741261e+01
3.410688768219490896e+01,1.671936763430663575e+01
3.412689339811375078e+01,1.751771566207736797e+01
3.414689911403257838e+01,1.585817125454249243e+01
3.416690482995142020e+01,1.617305808560859148e+01
3.418691054587024780e+01,1.570150941021164037e+01
3.420691626178908251e+01,1.411797961615780217e+01
3.422692197770791722e+01,1.312857862368360884e+01
3.424692769362675193e+01,1.350225399733865750e+01
3.426693340954558664e+01,1.234521092323309510e+01
3.428693912546442135e+01,1.021176270370090045e+01
3.430694484138325606e+01,9.950513832675770942e+00
3.432695055730208367e+01,8.568215373554483705e+00
3.434695627322092548e+01,7.682660685227340913e+00
3.436696198913975309e+01,7.494489632310454397e+00
3.438696770505858780e+01,5.426630801010460914e+00
3.440697342097742251e+01,5.644291411957698124e+00
3.442697913689625722e+01,4.337258668379384119e+00
3.444698485281509193e+01,4.774781079063843414e+00
3.446699056873392664e+01,3.425229279745117594e+00
3.448699628465276135e+01,3.963968637997351330e+00
3.450700200057158895e+01,2.540295827205707013e+00
3.452700771649043077e+01,3.250604592526962655e+00
3.454701343240925837e+01,3.176910665135377343e+00
3.456701914832810019e+01,2.874648874994809145e+00
3.458702486424692779e+01,2.597425135274582964e+00
3.460703058016576250e+01,2.453348190512878446e+00
3.462703629608459721e+01,1.902404065848545933e+00
3.464704201200343192e+01,2.173834586053087214e+00
3.466704772792226663e+01,2.946066830509336931e+00
3.468705344384109424e+01,1.873903533337195837e+00
3.470705915975993605e+01,2.290771723160044626e+00
3.472706487567876366e+01,2.030248611155764937e+00
3.474707059159760547e+01,1.783186386324500994e+00
3.476707630751643308e+01,2.517647782166305248e+00
3.478708202343526779e+01,2.588117090166391243e+00
3.480708773935410250e+01,1.970987352062279374e+00
3.482709345527293721e+01,2.452772791406473196e+00
3.484709917119177192e+01,2.106359165105899933e+00
3.486710488711059952e+01,2.579040853691704882e+00
3.488711060302944134e+01,3.051802110064176787e+00
3.490711631894826894e+01,2.860863194084410033e+00
3.492712203486711076e+01,2.979093317725853396e+00
3.494712775078593836e+01,2.845043689656790775e+00
3.496713346670477307e+01,3.177949095927695478e+00
3.498713918262360778e+01,2.135774005348088700e+00
3.500714489854244249e+01,2.372684356128041294e+00
3.502715061446127720e+01,3.325632724193027023e+00
3.504715633038010481e+01,3.688556764125052290e+00
3.506716204629894662e+01,3.466950612754764016e+00
3.508716776221777423e+01,3.882736039784747462e+00
3.510717347813661604e+01,3.775774952038476684e+00
3.512717919405544365e+01,3.155635586658759539e+00
3.514718490997427836e+01,4.409932507491925335e+00
3.516719062589311307e+01,4.645826829298800753e+00
3.518719634181194778e+01,4.953076299426757423e+00
3.520720205773078249e+01,5.214007131651619886e+00
3.522720777364961720e+01,5.334158876202750754e+00
3.524721348956845191e+01,5.611015908131620655e+00
3.526721920548727951e+01,5.481669014800276685e+00
3.528722492140612133e+01,4.854468473587810529e+00
3.530723063732494893e+01,5.376683393664043464e+00
3.532723635324378364e+01,5.606986422892158650e+00
3.534724206916261835e+01,6.791002766507367561e+00
3.536724778508145306e+01,7.158893619123468000e+00
3.538725350100028777e+01,7.711136221694649073e+00
3.540725921691912248e+01,7.389518484563688538e+00
3.542726493283795719e+01,7.927125493967478675e+00
3.544727064875678479e+01,8.677788859263014132e+00
3.546727636467562661e+01,8.398294679720528677e+00
3.548728208059445421e+01,8.979336093689921583e+00
3.550728779651329603e+01,8.960424216720381807e+00
3.552729351243212363e+01,9.639270985838916062e+00
3.554729922835095834e+01,1.036739935531982049e+01
3.556730494426979305e+01,1.052847106703209690e+01
3.558731066018862776e+01,9.840879587553338581e+00
3.560731637610746247e+01,1.037230341804355049e+01
3.562732209202629008e+01,9.962077805267140818e+00
3.564732780794513189e+01,1.085632497727783274e+01
3.566733352386395950e+01,1.019048650105102283e+01
3.568733923978280131e+01,9.211433685781658554e+00
3.570734495570162892e+01,9.356204176469368861e+00
3.572735067162046363e+01,9.690236807798715546e+00
3.574735638753929834e+01,8.965970507423739022e+00
3.576736210345813305e+01,8.012871863163322672e+00
3.578736781937696776e+01,8.226977847277595401e+00
3.580737353529579536e+01,7.655823992815506074e+00
3.582737925121463718e+01,7.754456470476413621e+00
3.584738496713346478e+01,6.867052139659927334e+00
3.586739068305230660e+01,7.139577183629125301e+00
3.588739639897113420e+01,6.486271551892423659e+00
3.590740211488996891e+01,5.840916490974668918e+00
3.592740783080880362e+01,6.814638919323277477e+00
3.594741354672763833e+01,6.769731178028083995e+00
3.596741926264647304e+01,7.273735584968037848e+00
3.598742497856530065e+01,7.229757987649101381e+00
3.600743069448414246e+01,8.184361051156614053e+00
3.602743641040297007e+01,8.161075158877435953e+00
3.604744212632181188e+01,8.958637763384945885e+00
3.606744784224063949e+01,9.785047991924850308e+00
3.608745355815947420e+01,1.036843334601128142e+01
3.610745927407830891e+01,1.140245888593397794e+01
3.612746498999714362e+01,1.142233695983877872e+01
3.614747070591597833e+01,1.268784320135739385e+01
3.616747642183481304e+01,1.394592216921658689e+01
3.618748213775364775e+01,1.646215212622909618e+01
3.620748785367247535e+01,1.782734181863043332e+01
3.622749356959131717e+01,1.855128716579035952e+01
3.624749928551014477e+01,1.987552269020800821e+01
3.626750500142897948e+01,2.225431558094307505e+01
3.628751071734781419e+01,2.372185159791523645e+01
3.630751643326664890e+01,2.522510205369958314e+01
3.632752214918548361e+01,2.799891225022288666e+01
3.634752786510431832e+01,3.016657501399879138e+01
3.636753358102315303e+01,3.173771909599808794e+01
3.638753929694198064e+01,3.280566158412004540e+01
3.640754501286082245e+01,3.575642009382813313e+01
3.642755072877965006e+01,3.772915701027407920e+01
3.644755644469849187e+01,3.864209869923683982e+01
3.646756216061731948e+01,4.112458818738988242e+01
3.648756787653615419e+01,4.205829104834011645e+01
3.650757359245498890e+01,4.342302687214292689e+01
3.652757930837382361e+01,4.493610797269402468e+01
3.654758502429265832e+01,4.609174057007865599e+01
3.656759074021148592e+01,4.790889112122411575e+01
3.658759645613032774e+01,4.855155215252338508e+01
3.660760217204915534e+01,4.942964734784268899e+01
3.662760788796799716e+01,4.972815747000414888e+01
3.664761360388682476e+01,5.122468914845289589e+01
3.666761931980565947e+01,5.091561410721435266e+01
3.668762503572449418e+01,5.029803864350665066e+01
3.670763075164332889e+01,4.998003790528266421e+01
3.672763646756216360e+01,4.908140837001295864e+01
3.674764218348099121e+01,4.808571669721202113e+01
3.676764789939983302e+01,4.617612803248732689e+01
3.678765361531866063e+01,4.459955179678962622e+01
3.680765933123750244e+01,4.120132291979169992e+01
3.682766504715633005e+01,3.823622433068497628e+01
3.684767076307516476e+01,3.556690728183237127e+01
3.686767647899399947e+01,3.158249767262569918e+01
3.688768219491283418e+01,2.800613719648793776e+01
3.690768791083166889e+01,2.522524266599092257e+01
3.692769362675049649e+01,2.174483035570619194e+01
3.694769934266933831e+01,1.856484590825014536e+01
3.696770505858816591e+01,1.588089997481226945e+01
3.698771077450700773e+01,1.356870846924192620e+01
3.700771649042583533e+01,1.138962280369061730e+01
3.702772220634467004e+01,9.661654434658512258e+00
3.704772792226350475e+01,8.003969541716756453e+00
3.706773363818233946e+01,6.950840926680776022e+00
3.708773935410117417e+01,6.331098744493250052e+00
3.710774507002000888e+01,5.353803644998435196e+00
3.712775078593884359e+01,4.552964551114595082e+00
3.714775650185767120e+01,4.753341731645433832e+00
3.716776221777651301e+01,3.837478211290789254e+00
3.718776793369534062e+01,3.569604301561785320e+00
3.720777364961417533e+01,2.659311865270007846e+00
3.722777936553301004e+01,3.385081605977942942e+00
3.724778508145184475e+01,2.756169428473010719e+00
3.726779079737067946e+01,2.547381274259501449e+00
3.728779651328951417e+01,3.299684144034727318e+00
3.730780222920834888e+01,2.670049273358042541e+00
3.732780794512717648e+01,2.327612719888325632e+00
3.734781366104601830e+01,2.076095953140150385e+00
3.736781937696484590e+01,2.261534399143988239e+00
3.738782509288368772e+01,1.833774044447329388e+00
3.740783080880251532e+01,1.679687791159725219e+00
3.742783652472135003e+01,2.120905017347292087e+00
3.744784224064018474e+01,2.253043646065216343e+00
3.746784795655901945e+01,3.019454538727850856e+00
3.748785367247785416e+01,2.344043364892553605e+00
3.750785938839668177e+01,1.768309956997716537e+00
3.752786510431552358e+01,1.690298025027750395e+00
3.754787082023435119e+01,1.704829559420662388e+00
3.756787653615319300e+01,2.258472427944086647e+00
3.758788225207202061e+01,1.885325795265827331e+00
3.760788796799085532e+01,1.944519359426800875e+00
3.762789368390969003e+01,1.291874887795527282e+00
3.764789939982852474e+01,1.984761576440284170e+00
3.766790511574735945e+01,2.359325485449036641e+00
3.768791083166618705e+01,1.828762749283793898e+00
3.770791654758502887e+01,1.816696322325070945e+00
3.772792226350385647e+01,2.068863144305717938e+00
3.774792797942269829e+01,1.746993076331995409e+00
3.776793369534152589e+01,1.547312710923997470e+00
3.778793941126036060e+01,2.526337348760097079e+00
3.780794512717919531e+01,1.217550255096535139e+00
3.782795084309803002e+01,1.070541334673092981e+00
3.784795655901686473e+01,1.147053334222047916e+00
3.786796227493569234e+01,1.439712731451405769e+00
3.788796799085453415e+01,1.727396044784509366e+00
3.790797370677336176e+01,1.651461144100535128e+00
3.792797942269220357e+01,2.596482161093502938e+00
3.794798513861103118e+01,1.909619956318957978e+00
3.796799085452986589e+01,1.806875554974907372e+00
3.798799657044870060e+01,2.079248017027160333e+00
3.800800228636753531e+01,1.541337792281679997e+00
3.802800800228637002e+01,1.795320433292765028e+00
3.804801371820520473e+01,1.196204773835144008e+00
3.806801943412403944e+01,8.044545674333378749e-01
3.808802515004286704e+01,1.677806461882640932e+00
3.810803086596170886e+01,1.522494390013048093e+00
3.812803658188053646e+01,2.105114044001985096e+00
3.814804229779937117e+01,1.346803047724083768e+00
3.816804801371820588e+01,1.668815225118622347e+00
3.818805372963704059e+01,1.610597613590376342e+00
3.820805944555587530e+01,1.632194840286413706e+00
3.822806516147471001e+01,1.558050210319541495e+00
3.824807087739354472e+01,1.431591952011144642e+00
3.826807659331237232e+01,1.252675451176910038e+00
3.828808230923121414e+01,1.777672419720132790e+00
3.830808802515004174e+01,2.313068820711597251e+00
3.832809374106888356e+01,1.575245426193191856e+00
3.834809945698771116e+01,1.219918224770893733e+00
3.836810517290654587e+01,2.022186171566622281e+00
3.838811088882538058e+01,1.035575678127840238e+00
3.840811660474421529e+01,1.010517796630233223e+00
3.842812232066305000e+01,2.008863924001768275e+00
3.844812803658187761e+01,8.576443923016967563e-01
3.846813375250071942e+01,2.111478319426631778e+00
3.848813946841954703e+01,7.512788129340488563e-01
3.850814518433838884e+01,1.779659012400034435e+00
3.852815090025721645e+01,1.365285156880246875e+00
3.854815661617605116e+01,9.620398752373919837e-01
3.856816233209488587e+01,1.200046089395916615e+00
3.858816804801372058e+01,1.595896818983691734e+00
3.860817376393255529e+01,1.085629604424568573e+00
3.862817947985138289e+01,1.924955941612917165e+00
3.864818519577022471e+01,1.814130995847959449e+00
3.866819091168905231e+01,1.970647215498392057e+00
3.868819662760789413e+01,2.000657891820541767e+00
3.870820234352672173e+01,1.310721989491729689e+00
3.872820805944555644e+01,2.122172475921441759e+00
3.874821377536439115e+01,1.512989581684947238e+00
3.876821949128322586e+01,1.773151587309476751e+00
3.878822520720206057e+01,1.105864369696563099e+00
3.880823092312088818e+01,2.236022627727809908e+00
3.882823663903972999e+01,8.865231863776978916e-01
3.884824235495855760e+01,1.542000117590976105e+00
3.886824807087739941e+01,1.000097922332465306e+00
3.888825378679622702e+01,1.495683383617176787e+00
3.890825950271506173e+01,1.391336918085928964e+00
3.892826521863389644e+01,1.605280462917221485e+00
3.894827093455273115e+01,1.651756240637461737e+00
3.896827665047156586e+01,1.581840005903786928e+00
3.898828236639040057e+01,1.434516413598104112e+00
3.900828808230923528e+01,1.984305063751813591e+00
3.902829379822806288e+01,1.450914700858096928e+00
3.904829951414690470e+01,2.230386345675812620e+00
3.906830523006573230e+01,1.042841990703093691e+00
3.908831094598456701e+01,2.121527663148099929e+00
3.910831666190340172e+01,1.551632590159767844e+00
3.912832237782223643e+01,1.727772557495447447e+00
3.914832809374107114e+01,1.891727172737069251e+00
3.916833380965990585e+01,1.595642359971646718e+00
3.918833952557874056e+01,9.692215654584892537e-01
3.920834524149756817e+01,1.418547314211668020e+00
3.922835095741640998e+01,1.550877756220584214e+00
3.924835667333523759e+01,1.214188237052298280e+00
3.926836238925407940e+01,1.831144640622010655e+00
3.928836810517290701e+01,1.236087498112270033e+00
3.930837382109174172e+01,1.388481895113064635e+00
3.932837953701057643e+01,1.123397692169081585e+00
3.934838525292941114e+01,1.262488363149243620e+00
3.936839096884824585e+01,2.299098742382039262e+00
3.938839668476707345e+01,9.438776500181180751e-01
3.940840240068591527e+01,1.904179891992289875e+00
3.942840811660474287e+01,2.302596346242610448e+00
3.944841383252358469e+01,2.072267638239517318e+00
3.946841954844241229e+01,1.531581520608125579e+00
3.948842526436124700e+01,1.499165803316803824e+00
3.950843098028008171e+01,1.439386659116288047e+00
3.952843669619891642e+01,2.295133471936023906e+00
3.954844241211775113e+01,1.154249813277415493e+00
3.956844812803657874e+01,2.637254623084319682e+00
3.958845384395542055e+01,1.289188951519969706e+00
3.960845955987424816e+01,2.424310357464770416e+00
3.962846527579308997e+01,1.152670353922858215e+00
3.964847099171191758e+01,1.282689750556638364e+00
3.966847670763075229e+01,2.630388712162641252e+00
3.968848242354958700e+01,1.125231668070973301e+00
3.970848813946842171e+01,1.685036459188047342e+00
3.972849385538725642e+01,2.303585686971665325e+00
3.974849957130608402e+01,2.590656993746830228e+00
3.976850528722492584e+01,1.553061123681933164e+00
3.978851100314375344e+01,2.404046182596683678e+00
3.980851671906259526e+01,2.341285851520342298e+00
3.982852243498142286e+01,2.366199454027821059e+00
3.984852815090025757e+01,2.041212621560538398e+00
3.986853386681909228e+01,1.691785186696624921e+00
3.988853958273792699e+01,3.240385536457917048e+00
3.990854529865676170e+01,2.548454412926118628e+00
3.992855101457559641e+01,2.676370012140346866e+00
3.994855673049443112e+01,2.642711752294949257e+00
3.996856244641325873e+01,3.301298045527971237e+00
3.998856816233210054e+01,3.427690467762765536e+00
4.000857387825092815e+01,3.823056759743767685e+00
4.002857959416976286e+01,3.463543417707481531e+00
4.004858531008859757e+01,3.710329116904669267e+00
4.006859102600743228e+01,4.213481342239345118e+00
4.008859674192626699e+01,4.684226363844928187e+00
4.010860245784510170e+01,5.253265723078531124e+00
4.012860817376393641e+01,6.192423381132733162e+00
4.014861388968276401e+01,6.330995587606185637e+00
4.016861960560160583e+01,7.462215609060438126e+00
4.018862532152043343e+01,7.078619343625709881e+00
4.020863103743927525e+01,7.832415856405583909e+00
4.022863675335810285e+01,8.329837890035545200e+00
4.024864246927693756e+01,9.395365987315244638e+00
4.026864818519577227e+01,1.048951144371576305e+01
4.028865390111460698e+01,1.175851030893144866e+01
4.030865961703344169e+01,1.225546322430612456e+01
4.032866533295226930e+01,1.426220551916382462e+01
4.034867104887111111e+01,1.426953676310135855e+01
4.036867676478993872e+01,1.547923101407957702e+01
4.038868248070878053e+01,1.703668514437602965e+01
4.040868819662760814e+01,1.769029779572634808e+01
4.042869391254644285e+01,1.899756398312397465e+01
4.044869962846527756e+01,2.023898686219088816e+01
4.046870534438411227e+01,2.117508036763531010e+01
4.048871106030294698e+01,2.227328727128045571e+01
4.050871677622177458e+01,2.365507730081960958e+01
4.052872249214061640e+01,2.341376977149010230e+01
4.054872820805944400e+01,2.424835648333371907e+01
4.056873392397828582e+01,2.472495104993557646e+01
4.058873963989711342e+01,2.426885269914345145e+01
4.060874535581594813e+01,2.593634030322307282e+01
4.062875107173478284e+01,2.533839505315404494e+01
4.064875678765361755e+01,2.473474363522597841e+01
4.066876250357245226e+01,2.449100035940875841e+01
4.068876821949127986e+01,2.315178657585895650e+01
4.070877393541012168e+01,2.318459889394864604e+01
4.072877965132894929e+01,2.196797089684842064e+01
4.074878536724779110e+01,2.129251809112021476e+01
4.076879108316661871e+01,1.926119793989955653e+01
4.078879679908545342e+01,1.857512317266807855e+01
4.080880251500428813e+01,1.687706857126664062e+01
4.082880823092312284e+01,1.581301550810344736e+01
4.084881394684195755e+01,1.390042878167153262e+01
4.086881966276079226e+01,1.307683580064816731e+01
4.088882537867962697e+01,1.223194851249100701e+01
4.090883109459845457e+01,1.046349192375804016e+01
4.092883681051729639e+01,9.413895072306042167e+00
4.094884252643612399e+01,8.792873180866486393e+00
4.096884824235495870e+01,7.079662721093380462e+00
4.098885395827379341e+01,6.888443141766527944e+00
4.100885967419262812e+01,5.958894591248252048e+00
4.102886539011146283e+01,5.866569415836282886e+00
4.104887110603029754e+01,5.080183180006952348e+00
4.106887682194913225e+01,4.317998868622170860e+00
4.108888253786795985e+01,4.249095632981249260e+00
4.110888825378680167e+01,3.608348010508081405e+00
4.112889396970562927e+01,3.202312695271218423e+00
4.114889968562447109e+01,3.131395893356531790e+00
4.116890540154329869e+01,2.670392324143113782e+00
4.118891111746213340e+01,3.532803186127520867e+00
4.120891683338096811e+01,2.198397958979325217e+00
4.122892254929980282e+01,2.227014990509142311e+00
4.124892826521863753e+01,2.732675656018558108e+00
4.126893398113746514e+01,3.368782283869132588e+00
4.128893969705630695e+01,2.830711127872612032e+00
4.130894541297513456e+01,2.628057690504220112e+00
4.132895112889397637e+01,2.640093889211966971e+00
4.134895684481280398e+01,2.056737050644551701e+00
4.136896256073163869e+01,3.100742887928489289e+00
4.138896827665047340e+01,2.480743416307706006e+00
4.140897399256930811e+01,2.917854678244145017e+00
4.142897970848814282e+01,2.679087861357190015e+00
4.144898542440697042e+01,3.459753013260950638e+00
4.146899114032581224e+01,3.245761224027761571e+00
4.148899685624463984e+01,2.762677508119275149e+00
4.150900257216348166e+01,3.604620390709268651e+00
4.152900828808230926e+01,4.425785890981809523e+00
4.154901400400114397e+01,3.999432992240421036e+00
4.156901971991997868e+01,4.903165608509450379e+00
4.158902543583881339e+01,5.229854108033652693e+00
4.160903115175764810e+01,5.556642528774862200e+00
4.162903686767647571e+01,6.298389452962926072e+00
4.164904258359531752e+01,6.437432740904214690e+00
4.166904829951414513e+01,7.249178988081323105e+00
4.168905401543298694e+01,8.023996982701298464e+00
4.170905973135181455e+01,9.582183738881507651e+00
4.172906544727064926e+01,1.039061656332748385e+01
4.174907116318948397e+01,1.087728752193993564e+01
4.176907687910831868e+01,1.254608099678644173e+01
4.178908259502715339e+01,1.356435341490389490e+01
4.180908831094598810e+01,1.495852692823456564e+01
4.182909402686482281e+01,1.718646423455716388e+01
4.184909974278365041e+01,1.917858499891994484e+01
4.186910545870249223e+01,2.039308676732100167e+01
4.188911117462131983e+01,2.319358597902053631e+01
4.190911689054015454e+01,2.467201253322332377e+01
4.192912260645898925e+01,2.716883899239014610e+01
4.194912832237782396e+01,2.906392648587007344e+01
4.196913403829665867e+01,3.077647993689770090e+01
4.198913975421549338e+01,3.317810045512469230e+01
4.200914547013432809e+01,3.447311326414598653e+01
4.202915118605316280e+01,3.612445446650121283e+01
4.204915690197199041e+01,3.707062981205437069e+01
4.206916261789082512e+01,3.851408508165678768e+01
4.208916833380965983e+01,3.869812514931739145e+01
4.210917404972849454e+01,3.831722428757930743e+01
4.212917976564732925e+01,3.754041592265687655e+01
4.214918548156616396e+01,3.624781641377914099e+01
4.216919119748499867e+01,3.420253323631488485e+01
4.218919691340383338e+01,3.196946832426548823e+01
4.220920262932266809e+01,2.859803980893522279e+01
4.222920834524150280e+01,2.589129041641796292e+01
4.224921406116033040e+01,2.312461005165582861e+01
4.226921977707916511e+01,2.051272206203333681e+01
4.228922549299799982e+01,1.736966200067708854e+01
4.230923120891683453e+01,1.484871621729893754e+01
4.232923692483566924e+01,1.272790739918795389e+01
4.234924264075450395e+01,1.107900320463284771e+01
4.236924835667333866e+01,9.261422386756349212e+00
4.238925407259217337e+01,6.631265680131125606e+00
4.240925978851100808e+01,6.406813857170227777e+00
4.242926550442983569e+01,5.003905773212535379e+00
4.244927122034867040e+01,4.554227101612378981e+00
4.246927693626750511e+01,3.573721777791606602e+00
4.248928265218633982e+01,3.673370175018196626e+00
4.250928836810517453e+01,2.661555628977727572e+00
4.252929408402400924e+01,2.980942369938406333e+00
4.254929979994284395e+01,3.149594381233057128e+00
4.256930551586167866e+01,2.862042952488009107e+00
4.258931123178051337e+01,2.577793535916179657e+00
4.260931694769934097e+01,2.412271743859068618e+00
4.262932266361817568e+01,2.753524152823238591e+00
4.264932837953701039e+01,1.733826477365975283e+00
4.266933409545584510e+01,1.954632026134835332e+00
4.268933981137467981e+01,1.827210455968324210e+00
4.270934552729351452e+01,2.473789733405148183e+00
4.272935124321234923e+01,2.018508301176160646e+00
4.274935695913118394e+01,1.435656745053762506e+00
4.276936267505001865e+01,1.567665516231590672e+00
4.278936839096885336e+01,1.582703808445872440e+00
4.280937410688768097e+01,1.575290472882211468e+00
4.282937982280651568e+01,2.065192608788409601e+00
4.284938553872535039e+01,2.002998071432707583e+00
4.286939125464418510e+01,1.547200098945081148e+00
4.288939697056301981e+01,2.225589120256659115e+00
4.290940268648185452e+01,1.838745903064054277e+00
4.292940840240068923e+01,2.013591535243181241e+00
4.294941411831952394e+01,1.469688104812634233e+00
4.296941983423835865e+01,1.666292644874653117e+00
4.298942555015718625e+01,1.385038820357955114e+00
4.300943126607602096e+01,2.753418316629625551e+00
4.302943698199485567e+01,2.247498355092032440e+00
4.304944269791369038e+01,1.940590260752524498e+00
4.306944841383252509e+01,1.983112663191984870e+00
4.308945412975135980e+01,1.682254548070407640e+00
4.310945984567019451e+01,2.740441012616202876e+00
4.312946556158902922e+01,2.416734774747790304e+00
4.314947127750786393e+01,3.318633430578572518e+00
4.316947699342669864e+01,2.621763772363181033e+00
4.318948270934552625e+01,3.051696661786430731e+00
4.320948842526436096e+01,2.665329967770468045e+00
4.322949414118319567e+01,3.674436964466306854e+00
4.324949985710203038e+01,2.769247746980365577e+00
4.326950557302086509e+01,3.769535244154652798e+00
4.328951128893969980e+01,3.685855475976099527e+00
4.330951700485853451e+01,4.736921478133239383e+00
4.332952272077736922e+01,5.473611920844093426e+00
4.334952843669620393e+01,5.505743161116495088e+00
4.336953415261503153e+01,6.275912985238542241e+00
4.338953986853386624e+01,6.361388007167605885e+00
4.340954558445270095e+01,5.870405328525300170e+00
4.342955130037153566e+01,7.686016015115887612e+00
4.344955701629037037e+01,7.736783453063081240e+00
4.346956273220920508e+01,8.580588330015499920e+00
4.348956844812803979e+01,8.643332577296289898e+00
4.350957416404687450e+01,1.040453928106675363e+01
4.352957987996570921e+01,1.070430383136627839e+01
4.354958559588453681e+01,1.019670641611852169e+01
4.356959131180337153e+01,1.237945181746110812e+01
4.358959702772220624e+01,1.224051705113473076e+01
4.360960274364104095e+01,1.227012631053807645e+01
4.362960845955987566e+01,1.238742691332619295e+01
4.364961417547871037e+01,1.332189308662048077e+01
4.366961989139754508e+01,1.380581435130650192e+01
4.368962560731637979e+01,1.293173220274730717e+01
4.370963132323521450e+01,1.257059127314973423e+01
4.372963703915404921e+01,1.264222567546895171e+01
4.374964275507287681e+01,1.244632085143769018e+01
4.376964847099171152e+01,1.150410522135774904e+01
4.378965418691054623e+01,1.074086435734781020e+01
4.380965990282938094e+01,1.037710860946354785e+01
4.382966561874821565e+01,9.183824747453300574e+00
4.384967133466705036e+01,7.891803432791880901e+00
4.386967705058588507e+01,8.091826733371881630e+00
4.388968276650471978e+01,6.091557721334928566e+00
4.390968848242355449e+01,5.689546430844401925e+00
4.392969419834238209e+01,5.404620581271336377e+00
4.394969991426121680e+01,4.998775292982887919e+00
4.396970563018005151e+01,4.226413402212438442e+00
4.398971134609888622e+01,3.366435167257182837e+00
4.400971706201772093e+01,4.050766174677758791e+00
4.402972277793655564e+01,2.862768093991903129e+00
4.404972849385539035e+01,2.566021256607633916e+00
4.406973420977422506e+01,3.275583559335057071e+00
4.408973992569305977e+01,2.106706760848758186e+00
4.410974564161189448e+01,3.062354938406181226e+00
4.412975135753072209e+01,3.154975022610479574e+00
4.414975707344955680e+01,2.997362890149164016e+00
4.416976278936839151e+01,3.295707845740059927e+00
4.418976850528722622e+01,2.581891496758232041e+00
4.420977422120606093e+01,3.474151845644577463e+00
4.422977993712489564e+01,3.467252208592683793e+00
4.424978565304373035e+01,2.975954518639710500e+00
4.426979136896256506e+01,2.733297144622073738e+00
4.428979708488139977e+01,3.921452232630922907e+00
4.430980280080022737e+01,3.882596747487327526e+00
4.432980851671906208e+01,4.229162140936938208e+00
4.434981423263789679e+01,4.689550172892777979e+00
4.436981994855673150e+01,4.022510916096399214e+00
4.438982566447556621e+01,4.631728065530942295e+00
4.440983138039440092e+01,5.003624117724546849e+00
4.442983709631323563e+01,5.116763501679910675e+00
4.444984281223207034e+01,5.071129434289500360e+00
4.446984852815090505e+01,5.499754661963371483e+00
4.448985424406973266e+01,5.971221790227783544e+00
4.450985995998856737e+01,6.200596867086503927e+00
4.452986567590740208e+01,6.128454703520580082e+00
4.454987139182623679e+01,6.858162055728841189e+00
4.456987710774507150e+01,6.810317840419699564e+00
4.458988282366390621e+01,7.485201818621085579e+00
4.460988853958274092e+01,6.937623507485966456e+00
4.462989425550157563e+01,6.487434482518003698e+00
4.464989997142041034e+01,6.546111667749825003e+00
4.466990568733924505e+01,6.687913433532657770e+00
4.468991140325807265e+01,6.496824054882405441e+00
4.470991711917690736e+01,6.902868518775671092e+00
4.472992283509574207e+01,6.111002469955209015e+00
4.474992855101457678e+01,6.230311092830523201e+00
4.476993426693341149e+01,5.443608195022420659e+00
4.478993998285224620e+01,5.586801364891591071e+00
4.480994569877108091e+01,5.148641602064423672e+00
4.482995141468991562e+01,4.945566278947076455e+00
4.484995713060875033e+01,4.184086494245245369e+00
4.486996284652757794e+01,3.602978379071138271e+00
4.488996856244641265e+01,4.359359104048130540e+00
4.490997427836524736e+01,2.880130878775503334e+00
4.492997999428408207e+01,3.352735213323271068e+00
4.494998571020291678e+01,3.387296582295861391e+00
4.496999142612175149e+01,2.691796308326454668e+00
4.498999714204058620e+01,3.152103250613016883e+00
4.501000285795942091e+01,2.874046893404047509e+00
4.503000857387825562e+01,2.208175153605704821e+00
4.505001428979709033e+01,2.050328924301806133e+00
4.507002000571591793e+01,2.153293068878621597e+00
4.509002572163475264e+01,2.211304189722520963e+00
4.511003143755358735e+01,2.548070958148566767e+00
4.513003715347242206e+01,2.379291840821527337e+00
4.515004286939125677e+01,2.046847418540248320e+00
4.517004858531009148e+01,1.605005199563263485e+00
4.519005430122892619e+01,1.687413328960099435e+00
4.521006001714776090e+01,2.197707726323962163e+00
4.523006573306659561e+01,1.268957266651156157e+00
4.525007144898542322e+01,1.259005773151968377e+00
4.527007716490425793e+01,1.142209078007148992e+00
4.529008288082309264e+01,1.530813091454577446e+00
4.531008859674192735e+01,8.387075210212610044e-01
4.533009431266076206e+01,9.473922090486031067e-01
4.535010002857959677e+01,2.048948950078156805e+00
4.537010574449843148e+01,1.422256837526675088e+00
4.539011146041726619e+01,1.758017566867344339e+00
4.541011717633610090e+01,1.903047852037834664e+00
4.543012289225492850e+01,1.354092062572412214e+00
4.545012860817376321e+01,1.565286576191156520e+00
4.547013432409259792e+01,1.321911605537074097e+00
4.549014004001143263e+01,1.358292263381653431e+00
4.551014575593026734e+01,2.004433975284167335e+00
4.553015147184910205e+01,1.358203377688562696e+00
4.555015718776793676e+01,8.482773581210788505e-01
4.557016290368677147e+01,1.986376770036573980e+00
4.559016861960560618e+01,1.843669618231914109e+00
4.561017433552444089e+01,1.636058961964364178e+00
4.563018005144326850e+01,1.573645880513912410e+00
4.565018576736210321e+01,8.621020952182409935e-01
4.567019148328093792e+01,2.048066271906937352e+00
4.569019719919977263e+01,1.201378380077962049e+00
4.571020291511860734e+01,1.672562032580396041e+00
4.573020863103744205e+01,8.327351188763029155e-01
4.575021434695627676e+01,9.917274192443354952e-01
4.577022006287511147e+01,4.642277962275337400e-01
4.579022577879394618e+01,2.221229987130989958e+00
4.581023149471277378e+01,1.277679421980587593e+00
4.583023721063160849e+01,2.320352609583899550e+00
4.585024292655044320e+01,2.066691906091270070e+00
4.587024864246927791e+01,2.111900273840377817e+00
4.589025435838811262e+01,1.375705765732533115e+00
4.591026007430694733e+01,6.116505132364167263e-01
4.593026579022578204e+01,1.427835106170407542e+00
4.595027150614461675e+01,1.455174669447727442e+00
4.597027722206345146e+01,6.750769930436162358e-01
4.599028293798228617e+01,1.760761162627720644e+00
4.601028865390111378e+01,7.255874142208145194e-01
4.603029436981994849e+01,1.313368043326619272e+00
4.605030008573878320e+01,2.161578107967580209e+00
4.607030580165761791e+01,2.509442135980586297e+00
4.609031151757645262e+01,1.945472696808144830e+00
4.611031723349528733e+01,1.568554374496175852e+00
4.613032294941412204e+01,1.757345951336246603e+00
4.615032866533295675e+01,1.084974265068936239e+00
4.617033438125179146e+01,2.351004087296359124e+00
4.619034009717061906e+01,1.569200080510192219e+00
4.621034581308945377e+01,1.633353865829287432e+00
4.623035152900828848e+01,2.442941123197940101e+00
4.625035724492712319e+01,1.241999395611649293e+00
4.627036296084595790e+01,3.016897071841159850e+00
4.629036867676479261e+01,2.549715716154053791e+00
4.631037439268362732e+01,1.784353069007420522e+00
4.633038010860246203e+01,2.992968774907658336e+00
4.635038582452129674e+01,2.070011655119096350e+00
4.637039154044012434e+01,2.662823252404832086e+00
4.639039725635895905e+01,3.504293482663695336e+00
4.641040297227779376e+01,3.361097760706221571e+00
4.643040868819662847e+01,3.786820519530669227e+00
4.645041440411546319e+01,3.893692336184745528e+00
4.647042012003429790e+01,3.519560140159311512e+00
4.649042583595313261e+01,4.551924367576103414e+00
4.651043155187196732e+01,3.565776682573473355e+00
4.653043726779080203e+01,4.368155369093872586e+00
4.655044298370963674e+01,4.474915771970748857e+00
4.657044869962846434e+01,4.554656652166545250e+00
4.659045441554729905e+01,4.975725521959009079e+00
4.661046013146613376e+01,4.362945386153593397e+00
4.663046584738496847e+01,5.867075261540598774e+00
4.665047156330380318e+01,5.004834196430454796e+00
4.667047727922263789e+01,5.252600308304021581e+00
4.669048299514147260e+01,5.503816376254253129e+00
4.671048871106030731e+01,4.875682687136760229e+00
4.673049442697914202e+01,5.347504275485078118e+00
4.675050014289796962e+01,6.139051151838677889e+00
4.677050585881680433e+01,4.981716426536182851e+00
4.679051157473563904e+01,5.074117571646160840e+00
4.681051729065447375e+01,5.161595003001391291e+00
4.683052300657330846e+01,4.985538993186340306e+00
4.685052872249214317e+01,4.881323398351496756e+00
4.687053443841097788e+01,3.912016540073814497e+00
4.689054015432981259e+01,4.167674848413787103e+00
4.691054587024864730e+01,3.245931000770357233e+00
4.693055158616748201e+01,3.917312850131949631e+00
4.695055730208630962e+01,3.623149349466467495e+00
4.697056301800514433e+01,3.548408478534062382e+00
4.699056873392397904e+01,3.623342874444667849e+00
4.701057444984281375e+01,3.133455301898311340e+00
4.703058016576164846e+01,2.914566909918453685e+00
4.705058588168048317e+01,3.164786289881208692e+00
4.707059159759931788e+01,2.078105875112950418e+00
4.709059731351815259e+01,3.030862175723830987e+00
4.711060302943698730e+01,2.107617237425910783e+00
4.713060874535581490e+01,2.428059587003273734e+00
4.715061446127464961e+01,2.700700828231026307e+00
4.717062017719348432e+01,3.223736379099902294e+00
4.719062589311231903e+01,3.165493077533202637e+00
4.721063160903115374e+01,2.461901448161929906e+00
4.723063732494998845e+01,3.471901533844520049e+00
4.725064304086882316e+01,2.600422544114567192e+00
4.727064875678765787e+01,2.644478676665164230e+00
4.729065447270649258e+01,3.517289324448421350e+00
4.731066018862532019e+01,3.636764083183391616e+00
4.733066590454415490e+01,3.818111941662944098e+00
4.735067162046298961e+01,3.250299126478827461e+00
4.737067733638182432e+01,3.643868621989871492e+00
4.739068305230065903e+01,3.465001882532273036e+00
4.741068876821949374e+01,4.704558710511506092e+00
4.743069448413832845e+01,4.612413105226448096e+00
4.745070020005716316e+01,5.137011942235222506e+00
4.747070591597599787e+01,6.272551067558333138e+00
4.749071163189483258e+01,5.925877358268722084e+00
4.751071734781366018e+01,5.739528301190746973e+00
4.753072306373249489e+01,7.170865138032597841e+00
4.755072877965132960e+01,6.809299536806646458e+00
4.757073449557016431e+01,8.137535108570295606e+00
4.759074021148899902e+01,8.466069103439533450e+00
4.761074592740783373e+01,8.344351770046339212e+00
4.763075164332666844e+01,8.810660658715416815e+00
4.765075735924550315e+01,9.367872369342476802e+00
4.767076307516433786e+01,1.008707529600739505e+01
4.769076879108316547e+01,1.030059483064978210e+01
4.771077450700200018e+01,1.152678259278155437e+01
4.773078022292083489e+01,1.145074795260386580e+01
4.775078593883966960e+01,1.327551211453273616e+01
4.777079165475850431e+01,1.310160816740061485e+01
4.779079737067733902e+01,1.374693928145246957e+01
4.781080308659617373e+01,1.491934228870082535e+01
4.783080880251500844e+01,1.447520453114748662e+01
4.785081451843384315e+01,1.434636901319244018e+01
4.787082023435267075e+01,1.474421146976798447e+01
4.789082595027150546e+01,1.510314863730227763e+01
4.791083166619034017e+01,1.533204580323976352e+01
4.793083738210917488e+01,1.457765324216346947e+01
4.795084309802800959e+01,1.452317209810929910e+01
4.797084881394684430e+01,1.465767347451705582e+01
4.799085452986567901e+01,1.379200752886320025e+01
4.801086024578451372e+01,1.274683019989950594e+01
4.803086596170334843e+01,1.207572079031000811e+01
4.805087167762218314e+01,1.088365195597446800e+01
4.807087739354101075e+01,1.128874701873642117e+01
4.809088310945984546e+01,9.518502559263840368e+00
4.811088882537868017e+01,8.293017039681140901e+00
4.813089454129751488e+01,7.326464846984217516e+00
4.815090025721634959e+01,6.719421312770472277e+00
4.817090597313518430e+01,6.500314951465854030e+00
4.819091168905401901e+01,6.467944220985615722e+00
4.821091740497285372e+01,5.201075286030784284e+00
4.823092312089168843e+01,4.884603148333235723e+00
4.825092883681051603e+01,3.628961674777289037e+00
4.827093455272935074e+01,3.316293246082017365e+00
4.829094026864818545e+01,3.748416743183936806e+00
4.831094598456702016e+01,2.236249273227741252e+00
4.833095170048585487e+01,3.267868460670234843e+00
4.835095741640468958e+01,2.370824206051803884e+00
4.837096313232352429e+01,2.138320956739130807e+00
4.839096884824235900e+01,2.364287683195675616e+00
4.841097456416119371e+01,2.319417241616933634e+00
4.843098028008002842e+01,1.778402891891223137e+00
4.845098599599885603e+01,1.571515978186883489e+00
4.847099171191769074e+01,2.645821972779825337e+00
4.849099742783652545e+01,1.963921342027230121e+00
4.851100314375536016e+01,9.514895933442782949e-01
4.853100885967419487e+01,1.507485777295097806e+00
4.855101457559302958e+01,2.239302850997487937e+00
4.857102029151186429e+01,2.196615379635582510e+00
4.859102600743069900e+01,1.607033920309544728e+00
4.861103172334953371e+01,2.044534780623078252e+00
4.863103743926836131e+01,1.315484661930463650e+00
4.865104315518719602e+01,1.501793121219189064e+00
4.867104887110603073e+01,1.865831669342307819e+00
4.869105458702486544e+01,1.194554877009484706e+00
4.871106030294370015e+01,1.481344401608840400e+00
4.873106601886253486e+01,1.214455236497019364e+00
4.875107173478136957e+01,1.413479495580682643e+00
4.877107745070020428e+01,1.195520632091688240e+00
4.879108316661903899e+01,1.895994487747984403e+00
4.881108888253786660e+01,1.272692548515454991e+00
4.883109459845670131e+01,1.216744323134546057e+00
4.885110031437553602e+01,8.470254007077733238e-01
4.887110603029437073e+01,1.537581331458676370e+00
4.889111174621320544e+01,9.290046681758913349e-01
4.891111746213204015e+01,1.868791163476143158e+00
4.893112317805087486e+01,1.368247477075340335e+00
4.895112889396970957e+01,1.286027539841969602e+00
4.897113460988854428e+01,8.010544263673854415e-01
4.899114032580737899e+01,1.994707760831316623e+00
4.901114604172620659e+01,7.685188954136383810e-01
4.903115175764504130e+01,1.224304318778990375e+00
4.905115747356387601e+01,1.590121538513604493e+00
4.907116318948271072e+01,1.695828226377321446e+00
4.909116890540154543e+01,1.301837025510173218e+00
4.911117462132038014e+01,2.258901564172098198e+00
4.913118033723921485e+01,1.226941204099174509e+00
4.915118605315804956e+01,1.334027248191513193e+00
4.917119176907688427e+01,1.016986763508752833e+00
4.919119748499571187e+01,1.062242871813052325e+00
4.921120320091454658e+01,1.784614794111631708e+00
4.923120891683338129e+01,9.326921288889171713e-01
4.925121463275221600e+01,1.328743464664170926e+00
4.927122034867105071e+01,1.135540429763264303e+00
4.929122606458988542e+01,1.066747945757085647e+00
4.931123178050872014e+01,1.744022576867723995e+00
4.933123749642755485e+01,1.356332192819831306e+00
4.935124321234638956e+01,8.232361642339867114e-01
4.937124892826522427e+01,1.106597183655500860e+00
4.939125464418405187e+01,1.496288272275789089e+00
4.941126036010288658e+01,7.577314376843909960e-01
4.943126607602172129e+01,1.712545873501857496e+00
4.945127179194055600e+01,1.027474261772327591e+00
4.947127750785939071e+01,1.485007085869661125e+00
4.949128322377822542e+01,1.837681596021568886e+00
4.951128893969706013e+01,1.317384362227846717e+00
4.953129465561589484e+01,1.622548561546336643e+00
4.955130037153472955e+01,9.756818678506342657e-01
4.957130608745355715e+01,1.719414760127819797e+00
4.959131180337239186e+01,1.633474871079499957e+00
4.961131751929122657e+01,8.448669806280786343e-01
4.963132323521006128e+01,1.722517676979773427e+00
4.965132895112889599e+01,6.262447009321575608e-01
4.967133466704773070e+01,9.116380560033384706e-01
4.969134038296656541e+01,1.250976176519019489e+00
4.971134609888540012e+01,2.067110665029446182e+00
4.973135181480423483e+01,1.307746139677083752e+00
4.975135753072306244e+01,1.790731937989666012e+00
4.977136324664189715e+01,2.110428919972423767e+00
4.979136896256073186e+01,1.698786903216441324e+00
4.981137467847956657e+01,1.656021992275774402e+00
4.983138039439840128e+01,2.123346952875265536e+00
4.985138611031723599e+01,1.513657975952344303e+00
4.987139182623607070e+01,1.182257998603788440e+00
4.989139754215490541e+01,1.645332137656657867e+00
4.991140325807374012e+01,2.386494531555606535e+00
4.993140897399257483e+01,1.644255727345308893e+00
4.995141468991140243e+01,1.630809481811279049e+00
4.997142040583023714e+01,2.099244317699317186e+00
4.999142612174907185e+01,2.167654728777744566e+00
5.001143183766790656e+01,2.137189368757092645e+00
5.003143755358674127e+01,1.368639175850597134e+00
5.005144326950557598e+01,2.191464221818422153e+00
5.007144898542441069e+01,1.600046922444264164e+00
5.009145470134324540e+01,1.651127084448417381e+00
5.011146041726208011e+01,2.283363764997129230e+00
5.013146613318090772e+01,2.206714740344902559e+00
5.015147184909974243e+01,2.045063108112515238e+00
5.017147756501857714e+01,2.394632122727489154e+00
5.019148328093741185e+01,1.997237565270408188e+00
5.021148899685624656e+01,2.127294149832610781e+00
5.023149471277508127e+01,1.981452979547384974e+00
5.025150042869391598e+01,3.120256945544993776e+00
5.027150614461275069e+01,1.842446471015046994e+00
5.029151186053158540e+01,2.570285433449755796e+00
5.031151757645042011e+01,2.897162591905112272e+00
5.033152329236924771e+01,2.874033878758705640e+00
5.035152900828808242e+01,3.262034232968299197e+00
5.037153472420691713e+01,3.585749634382050299e+00
5.039154044012575184e+01,4.326622056735589972e+00
5.041154615604458655e+01,4.475825671386296278e+00
5.043155187196342126e+01,4.983681207931489610e+00
5.045155758788225597e+01,5.160639795089960735e+00
5.047156330380109068e+01,5.233001441988426983e+00
5.049156901971992539e+01,5.698342321396349774e+00
5.051157473563875300e+01,7.314872574852778087e+00
5.053158045155758771e+01,7.459799475313942274e+00
5.055158616747642242e+01,8.691797071310210399e+00
5.057159188339525713e+01,9.599541152386910525e+00
5.059159759931409184e+01,1.064560802791504734e+01
5.061160331523292655e+01,1.126333150456187582e+01
5.063160903115176126e+01,1.184892319926267490e+01
5.065161474707059597e+01,1.330445294157667391e+01
5.067162046298943068e+01,1.471998064190341360e+01
5.069162617890825828e+01,1.574117552660923458e+01
5.071163189482709299e+01,1.706677105050829368e+01
5.073163761074592770e+01,1.763864633220376632e+01
5.075164332666476241e+01,1.847774551300828350e+01
5.077164904258359712e+01,1.966343858774321518e+01
5.079165475850243183e+01,2.037979993238646159e+01
5.081166047442126654e+01,2.015676214912683761e+01
5.083166619034010125e+01,2.150012854278913821e+01
5.085167190625893596e+01,2.150489245320269660e+01
5.087167762217777067e+01,2.031801374492165024e+01
5.089168333809659828e+01,2.093605704467262996e+01
5.091168905401543299e+01,2.023970443565859156e+01
5.093169476993426770e+01,2.041378909010409970e+01
5.095170048585310241e+01,1.889231192958530414e+01
5.097170620177193712e+01,1.823141441259718931e+01
5.099171191769077183e+01,1.768504049049008842e+01
5.101171763360960654e+01,1.548241125445923316e+01
5.103172334952844125e+01,1.494642602351850336e+01
5.105172906544727596e+01,1.297595086167324574e+01
5.107173478136610356e+01,1.199691927151886617e+01
5.109174049728493827e+01,1.123931947386817320e+01
5.111174621320377298e+01,1.068106638915636530e+01
5.113175192912260769e+01,9.333235861351029783e+00
5.115175764504144240e+01,7.586346632567663839e+00
5.117176336096027711e+01,6.658104714898094301e+00
5.119176907687911182e+01,5.511507108795393073e+00
5.121177479279794653e+01,5.525694585731235620e+00
5.123178050871678124e+01,5.747345435994558827e+00
5.125178622463561595e+01,4.899513409777056516e+00
5.127179194055444356e+01,4.901298060261639833e+00
5.129179765647327827e+01,4.344477872169965949e+00
5.131180337239211298e+01,3.727478307914543709e+00
5.133180908831094769e+01,3.964439770290393295e+00
5.135181480422978240e+01,3.883960145010375342e+00
5.137182052014861711e+01,4.272645085745740090e+00
5.139182623606745182e+01,3.609604559286047731e+00
5.141183195198628653e+01,3.685629185402290453e+00
5.143183766790512124e+01,4.749364613941882141e+00
5.145184338382394884e+01,4.173997147659918916e+00
5.147184909974278355e+01,4.532296359325871826e+00
5.149185481566161826e+01,4.053950653782724345e+00
5.151186053158045297e+01,5.765340100663105538e+00
5.153186624749928768e+01,5.998405800548037625e+00
5.155187196341812239e+01,6.818835070690733247e+00
5.157187767933695710e+01,6.805221832697326612e+00
5.159188339525579181e+01,6.638736987077927587e+00
5.161188911117462652e+01,7.526430878477784248e+00
5.163189482709345413e+01,7.438543674125851268e+00
5.165190054301228884e+01,7.912916850665626001e+00
5.167190625893112355e+01,8.812290063215666436e+00
5.169191197484995826e+01,9.237669950731961066e+00
5.171191769076879297e+01,9.527753535023904874e+00
5.173192340668762768e+01,9.737058754239992453e+00
5.175192912260646239e+01,9.827475188084415336e+00
5.177193483852529710e+01,1.032036359366114908e+01
5.179194055444413181e+01,1.085475105620131941e+01
5.181194627036296652e+01,1.015460208134124009e+01
5.183195198628179412e+01,1.029107362591004105e+01
5.185195770220062883e+01,1.050721637459661295e+01
5.187196341811946354e+01,9.372221099668378130e+00
5.189196913403829825e+01,9.314599698441032416e+00
5.191197484995713296e+01,9.281243348405450178e+00
5.193198056587596767e+01,8.220568509004273494e+00
5.195198628179480238e+01,8.087964872148193152e+00
5.197199199771363709e+01,7.169751297047266547e+00
5.199199771363247180e+01,6.879140888139152032e+00
5.201200342955129940e+01,6.183276522505588346e+00
5.203200914547013411e+01,5.034436743587797913e+00
5.205201486138896882e+01,4.575332588310716986e+00
5.207202057730780353e+01,4.845971056358591156e+00
5.209202629322663824e+01,3.945716642633320337e+00
5.211203200914547295e+01,3.343232212209667598e+00
5.213203772506430766e+01,3.445112249941788551e+00
5.215204344098314237e+01,2.865970436740395755e+00
5.217204915690197708e+01,3.577583023329924394e+00
5.219205487282081180e+01,1.982390973181762606e+00
5.221206058873963940e+01,2.988515362959107247e+00
5.223206630465847411e+01,2.526422236604902949e+00
5.225207202057730882e+01,2.277348391448632103e+00
5.227207773649614353e+01,2.096072358918351419e+00
5.229208345241497824e+01,1.690772778424699085e+00
5.231208916833381295e+01,1.243914040255288844e+00
5.233209488425264766e+01,2.004320009923458379e+00
5.235210060017148237e+01,1.531623970908311705e+00
5.237210631609031708e+01,1.604124764857892682e+00
5.239211203200914468e+01,9.884076670005772502e-01
5.241211774792797939e+01,2.094564456205051606e+00
5.243212346384681410e+01,8.721226610385190980e-01
5.245212917976564881e+01,2.429959227717166215e+00
5.247213489568448352e+01,1.761300981712661917e+00
5.249214061160331823e+01,1.006623499866831084e+00
5.251214632752215294e+01,1.440051990948193472e+00
5.253215204344098765e+01,1.870768598909255953e+00
5.255215775935982236e+01,1.638066866576916691e+00
5.257216347527864997e+01,5.186090628328591245e-01
5.259216919119748468e+01,1.550971873992036620e+00
5.261217490711631939e+01,1.527343904573754907e+00
5.263218062303515410e+01,1.998439418533923373e+00
5.265218633895398881e+01,1.851500150879877404e+00
5.267219205487282352e+01,1.750918816948483947e+00
5.269219777079165823e+01,1.623354615284843483e+00
5.271220348671049294e+01,1.822620286916856625e+00
5.273220920262932765e+01,1.201817231151396825e+00
5.275221491854816236e+01,9.222817880822248293e-01
5.277222063446698996e+01,1.241339264515300744e+00
5.279222635038582467e+01,1.636466232191096104e+00
5.281223206630465938e+01,1.837149074101662283e+00
5.283223778222349409e+01,1.287840821291097892e+00
5.285224349814232880e+01,1.280870618704559982e+00
5.287224921406116351e+01,1.462700541729362591e+00
5.289225492997999822e+01,7.029185969942786105e-01
5.291226064589883293e+01,1.436611069884328629e+00
5.293226636181766764e+01,1.386951730742029820e+00
5.295227207773649525e+01,1.372015276330773137e+00
5.297227779365532996e+01,1.712290190128687328e+00
5.299228350957416467e+01,1.578929522320377643e+00
5.301228922549299938e+01,1.004306006474648960e+00
5.303229494141183409e+01,1.693653646260170564e+00
5.305230065733066880e+01,1.921647987423735993e+00
5.307230637324950351e+01,1.449308044777036786e+00
5.309231208916833822e+01,1.654073643505527436e+00
5.311231780508717293e+01,1.221510633559725223e+00
5.313232352100600764e+01,1.038167066033035546e+00
5.315232923692483524e+01,1.557969347538213700e+00
5.317233495284366995e+01,1.630600934101122057e+00
5.319234066876250466e+01,1.326172039185739226e+00
5.321234638468133937e+01,1.130180039598889685e+00
5.323235210060017408e+01,1.707840715902908979e+00
5.325235781651900879e+01,1.523490249870287139e+00
5.327236353243784350e+01,1.313576574438430900e+00
5.329236924835667821e+01,1.614175350981519541e+00
5.331237496427551292e+01,1.450669619613784267e+00
5.333238068019434053e+01,1.710548412501865734e+00
5.335238639611317524e+01,2.517314076083578822e+00
5.337239211203200995e+01,2.071859394966116152e+00
5.339239782795084466e+01,1.754769368327278922e+00
5.341240354386967937e+01,2.416563716335182299e+00
5.343240925978851408e+01,1.800607192805324219e+00
5.345241497570734879e+01,2.503141749433925867e+00
5.347242069162618350e+01,2.349229601413081792e+00
5.349242640754501821e+01,3.173132248574035863e+00
5.351243212346384581e+01,2.405983563470016406e+00
5.353243783938268052e+01,3.142496051032916959e+00
5.355244355530151523e+01,2.957479351413934587e+00
5.357244927122034994e+01,2.770847831457945887e+00
5.359245498713918465e+01,3.095138669300885770e+00
5.361246070305801936e+01,3.052610389000916413e+00
5.363246641897685407e+01,3.540973936988996318e+00
5.365247213489568878e+01,4.040040490452636135e+00
5.367247785081452349e+01,4.505094708508866397e+00
5.369248356673335820e+01,3.716915155145556593e+00
5.371248928265218581e+01,4.502066209645816386e+00
5.373249499857102052e+01,5.673722758654761833e+00
5.375250071448985523e+01,5.279567330968355066e+00
5.377250643040868994e+01,5.975099792399078069e+00
5.379251214632752465e+01,6.434775158783596183e+00
5.381251786224635936e+01,6.418832640447769577e+00
5.383252357816519407e+01,7.083953661499051258e+00
5.385252929408402878e+01,7.619821346432361864e+00
5.387253501000286349e+01,8.390242526335052631e+00
5.389254072592169109e+01,9.752112925777316477e+00
5.391254644184052580e+01,1.070901422029868044e+01
5.393255215775936051e+01,1.202581938524282279e+01
5.395255787367819522e+01,1.329619015133653370e+01
5.397256358959702993e+01,1.473497558934216833e+01
5.399256930551586464e+01,1.522531622080390967e+01
5.401257502143469935e+01,1.648505828021978203e+01
5.403258073735353406e+01,1.789244773093714258e+01
5.405258645327236877e+01,1.764119124617319656e+01
5.407259216919120348e+01,1.845985298996474455e+01
5.409259788511003109e+01,1.937300417979174583e+01
5.411260360102886580e+01,2.109314891461832886e+01
5.413260931694770051e+01,2.174485817990421666e+01
5.415261503286653522e+01,2.172847516579413707e+01
5.417262074878536993e+01,2.253930702898025018e+01
5.419262646470420464e+01,2.293662668706685537e+01
5.421263218062303935e+01,2.268255004558998067e+01
5.423263789654187406e+01,2.269532248433699451e+01
5.425264361246070877e+01,2.155420882037806152e+01
5.427264932837953637e+01,2.125739226771234769e+01
5.429265504429837108e+01,2.060408577207486758e+01
5.431266076021720579e+01,1.967859937083082400e+01
5.433266647613604050e+01,1.788523337855493978e+01
5.435267219205487521e+01,1.642487963510012250e+01
5.437267790797370992e+01,1.556733218602560953e+01
5.439268362389254463e+01,1.382262263228906285e+01
5.441268933981137934e+01,1.187501216598610654e+01
5.443269505573021405e+01,1.023831846286094205e+01
5.445270077164904166e+01,9.166870246942517397e+00
5.447270648756787637e+01,7.460546373866786318e+00
5.449271220348671108e+01,6.993272995880225551e+00
5.451271791940554579e+01,5.652664049997134121e+00
5.453272363532438050e+01,5.095168679835735404e+00
5.455272935124321521e+01,4.066498786704903168e+00
5.457273506716204992e+01,3.902335682447640952e+00
5.459274078308088463e+01,3.398016136104239138e+00
5.461274649899971934e+01,4.051233872045839846e+00
5.463275221491855405e+01,2.821460177928853508e+00
5.465275793083738165e+01,2.553049096501814219e+00
5.467276364675621636e+01,2.780803081386689524e+00
5.469276936267505107e+01,2.114053966829542386e+00
5.471277507859388578e+01,1.819185891470503247e+00
5.473278079451272049e+01,2.434361714763034534e+00
5.475278651043155520e+01,2.781823775440660285e+00
5.477279222635038991e+01,3.038096617275543476e+00
5.479279794226922462e+01,2.560717071165460101e+00
5.481280365818805933e+01,2.873952697640794973e+00
5.483280937410688693e+01,2.638515900588063179e+00
5.485281509002572164e+01,3.483360380632410269e+00
5.487282080594455635e+01,3.118380796203599203e+00
5.489282652186339106e+01,3.932608573570115063e+00
5.491283223778222577e+01,3.964882761351695706e+00
5.493283795370106048e+01,4.686381252768580197e+00
5.495284366961989519e+01,5.857177249099740024e+00
5.497284938553872990e+01,6.165872677777863409e+00
5.499285510145756461e+01,6.650566234587273584e+00
5.501286081737639222e+01,6.253089954543172624e+00
5.503286653329522693e+01,6.887763778500429090e+00
5.505287224921406164e+01,7.402415453562472436e+00
5.507287796513289635e+01,7.660291042618584179e+00
5.509288368105173106e+01,7.859039544071399597e+00
5.511288939697056577e+01,8.276247911501815935e+00
5.513289511288940048e+01,8.086033117510062596e+00
5.515290082880823519e+01,8.932554706733192518e+00
5.517290654472706990e+01,8.762671930037114976e+00
5.519291226064590461e+01,8.562715197884379847e+00
5.521291797656473221e+01,9.977620914920136030e+00
5.523292369248356692e+01,9.260281882449140411e+00
5.525292940840240163e+01,1.088809559936231253e+01
5.527293512432123634e+01,1.051459770710155084e+01
5.529294084024007105e+01,1.060014387185603546e+01
5.531294655615890576e+01,1.043843868937090136e+01
5.533295227207774047e+01,1.079415265300862359e+01
5.535295798799657518e+01,1.134148162469891652e+01
5.537296370391540989e+01,1.166150340259874341e+01
5.539296941983423750e+01,1.138583659126581082e+01
5.541297513575307221e+01,1.155221812351261867e+01
5.543298085167190692e+01,1.154435979228872711e+01
5.545298656759074163e+01,1.078996614388707265e+01
5.547299228350957634e+01,1.112874789689170818e+01
5.549299799942841105e+01,1.028221659120137055e+01
5.551300371534724576e+01,9.997118334539530693e+00
5.553300943126608047e+01,9.096262889112226802e+00
5.555301514718491518e+01,8.329916388145042205e+00
5.557302086310374989e+01,7.688269446773650095e+00
5.559302657902257749e+01,7.245698283822056496e+00
5.561303229494141220e+01,6.801621899657218862e+00
5.563303801086024691e+01,5.691275378923490003e+00
5.565304372677908162e+01,4.538097959239327572e+00
5.567304944269791633e+01,4.314332002285413026e+00
5.569305515861675104e+01,4.211264544825155554e+00
5.571306087453558575e+01,3.618258415848579546e+00
5.573306659045442046e+01,2.947122391738150604e+00
5.575307230637325517e+01,2.330083340005312920e+00
5.577307802229208278e+01,2.301293154272534114e+00
5.579308373821091749e+01,2.366252451296817050e+00
5.581308945412975220e+01,2.459307060858217042e+00
5.583309517004858691e+01,2.692122683310696374e+00
5.585310088596742162e+01,1.572366813916908690e+00
5.587310660188625633e+01,1.851948025584920110e+00
5.589311231780509104e+01,1.464023826111897852e+00
5.591311803372392575e+01,1.070005754316789126e+00
5.593312374964276046e+01,1.756510622630158114e+00
5.595312946556158806e+01,8.616170542821289802e-01
5.597313518148042277e+01,1.455614044349985203e+00
5.599314089739925748e+01,1.377161696277865000e+00
5.601314661331809219e+01,1.262032421947389516e+00
5.603315232923692690e+01,1.275400738435903181e+00
5.605315804515576161e+01,1.455860180286209227e+00
5.607316376107459632e+01,1.230128844485460338e+00
5.609316947699343103e+01,1.566433959223091144e+00
5.611317519291226574e+01,1.656229701240782060e+00
5.613318090883110045e+01,1.714745252489332294e+00
5.615318662474992806e+01,1.282289379237344429e+00
5.617319234066876277e+01,1.176702626664231754e+00
5.619319805658759748e+01,1.312309792241322715e+00
5.621320377250643219e+01,1.453439232878878107e+00
5.623320948842526690e+01,9.833151492933038806e-01
5.625321520434410161e+01,9.193338328306839280e-01
5.627322092026293632e+01,1.456810378430575703e+00
5.629322663618177103e+01,1.537957682615419541e+00
5.631323235210060574e+01,1.131792801004981364e+00
5.633323806801943334e+01,1.673434072831898600e+00
5.635324378393826805e+01,1.403629364972638127e+00
5.637324949985710276e+01,1.458928308125392093e+00
5.639325521577593747e+01,1.999044831411062040e+00
5.641326093169477218e+01,1.645695186627909035e+00
5.643326664761360689e+01,1.007572461977434886e+00
5.645327236353244160e+01,1.941842272976113115e+00
5.647327807945127631e+01,1.687215950301077072e+00
5.649328379537011102e+01,1.562038505699712587e+00
5.651328951128894573e+01,9.355367223721777759e-01
5.653329522720777334e+01,9.452494906896794502e-01
5.655330094312660805e+01,7.264504305378973736e-01
5.657330665904544276e+01,1.474609791061969988e+00
5.659331237496427747e+01,1.353642795429583545e+00
5.661331809088311218e+01,2.122012100806244028e+00
5.663332380680194689e+01,1.234100692608500749e+00
5.665332952272078160e+01,2.500897086079503229e+00
5.667333523863961631e+01,2.357219450286648588e+00
5.669334095455845102e+01,1.351451369599006247e+00
5.671334667047727862e+01,2.320026366020855768e+00
5.673335238639611333e+01,2.727165781156105417e+00
5.675335810231494804e+01,2.225209224247963746e+00
5.677336381823378275e+01,3.530449707490231237e+00
5.679336953415261746e+01,2.496146773157724930e+00
5.681337525007145217e+01,3.167023075576757218e+00
5.683338096599028688e+01,3.273695770269736904e+00
5.685338668190912159e+01,4.030679038190942087e+00
5.687339239782795630e+01,4.063212589080930748e+00
5.689339811374678391e+01,4.777805151758909297e+00
5.691340382966561862e+01,4.807421562543886751e+00
5.693340954558445333e+01,5.505862842199285900e+00
5.695341526150328804e+01,6.135863447134464188e+00
5.697342097742212275e+01,6.617611067367294986e+00
5.699342669334095746e+01,6.415591620491390756e+00
5.701343240925979217e+01,6.613300413763425922e+00
5.703343812517862688e+01,6.238695218214071581e+00
5.705344384109746159e+01,7.541140320007218456e+00
5.707344955701629630e+01,7.036326228054350373e+00
5.709345527293512390e+01,6.909992329240290054e+00
5.711346098885395861e+01,7.335068466958372113e+00
5.713346670477279332e+01,7.929141410135736479e+00
5.715347242069162803e+01,7.859821004193622507e+00
5.717347813661046274e+01,7.308251010633846079e+00
5.719348385252929745e+01,7.495649468114979896e+00
5.721348956844813216e+01,6.204866547705499613e+00
5.723349528436696687e+01,7.319428788176827183e+00
5.725350100028580158e+01,7.219196315547163678e+00
5.727350671620462919e+01,5.885937556002510895e+00
5.729351243212346390e+01,5.779157804735812753e+00
5.731351814804229861e+01,6.036520943913612491e+00
5.733352386396113332e+01,4.467762577694060155e+00
5.735352957987996803e+01,4.792048426851918563e+00
5.737353529579880274e+01,5.119869946256466520e+00
5.739354101171763745e+01,4.512103987133418315e+00
5.741354672763647216e+01,3.450175044624649079e+00
5.743355244355530687e+01,3.294283197368055305e+00
5.745355815947414158e+01,3.750150468670922166e+00
5.747356387539296918e+01,2.196838439361836759e+00
5.749356959131180389e+01,3.131429160497318342e+00
5.751357530723063860e+01,3.035221149410882724e+00
5.753358102314947331e+01,2.187020829132944044e+00
5.755358673906830802e+01,2.553347754291266369e+00
5.757359245498714273e+01,2.043560785415147407e+00
5.759359817090597744e+01,2.139125176324234712e+00
5.761360388682481215e+01,1.847696962280444444e+00
5.763360960274364686e+01,1.866005222058143787e+00
5.765361531866247446e+01,1.353968384550432003e+00
5.767362103458130917e+01,1.356524293741785403e+00
5.769362675050014388e+01,7.310437231887293441e-01
5.771363246641897859e+01,1.600162168156351150e+00
5.773363818233781330e+01,1.325632044114636088e+00
5.775364389825664801e+01,1.330519633619274389e+00
5.777364961417548272e+01,1.098590489607956577e+00
5.779365533009431743e+01,1.842917113518998118e+00
5.781366104601315214e+01,1.702573300300672887e+00
5.783366676193197975e+01,1.010252001185121484e+00
5.785367247785081446e+01,6.206448938869948417e-01
5.787367819376964917e+01,1.776776463272810025e+00
5.789368390968848388e+01,1.175171399339747014e+00
5.791368962560731859e+01,1.028391501437596389e+00
5.793369534152615330e+01,8.758222965326356579e-01
5.795370105744498801e+01,1.107700881419055650e+00
5.797370677336382272e+01,1.304068865170978420e+00
5.799371248928265743e+01,1.081813868179623883e+00
5.801371820520149214e+01,1.782621297540395000e+00
5.803372392112031974e+01,9.352620321969338235e-01
5.805372963703915445e+01,1.439193885364586256e+00
5.807373535295798916e+01,2.051653650066068479e+00
5.809374106887682387e+01,1.576879991530977243e+00
5.811374678479565858e+01,1.921777197553111272e+00
5.813375250071449329e+01,1.312126269522734479e+00
5.815375821663332800e+01,1.123865086014833148e+00
5.817376393255216271e+01,1.574786719189085193e+00
5.819376964847099742e+01,6.743233489340727527e-01
5.821377536438982503e+01,1.113890573263780936e+00
5.823378108030865974e+01,1.394671487269296239e+00
5.825378679622749445e+01,1.857508309874800645e+00
5.827379251214632916e+01,1.373803873481775906e+00
5.829379822806516387e+01,9.380424566146188248e-01
5.831380394398399858e+01,1.720161318736914913e+00
5.833380965990283329e+01,1.297313419504918519e+00
5.835381537582166800e+01,1.383375351262549513e+00
5.837382109174050271e+01,7.717139694805925654e-01
5.839382680765933742e+01,1.001822350608218670e+00
5.841383252357816502e+01,1.909764499070116583e+00
5.843383823949699973e+01,1.666239530305061667e+00
5.845384395541583444e+01,9.513537773347322535e-01
5.847384967133466915e+01,1.354776754525659488e+00
5.849385538725350386e+01,1.252676705554495395e+00
5.851386110317233857e+01,1.190105375735152959e+00
5.853386681909117328e+01,1.473022565094288083e+00
5.855387253501000799e+01,6.033001584162663855e-01
5.857387825092884270e+01,8.364956057298843506e-01
5.859388396684767031e+01,1.845513454925208130e+00
5.861388968276650502e+01,1.084339936594115317e+00
5.863389539868533973e+01,1.335932606486843754e+00
5.865390111460417444e+01,6.567306559143830658e-01
5.867390683052300915e+01,1.517401654433100155e+00
5.869391254644184386e+01,1.810239576596304634e+00
5.871391826236067857e+01,1.222839988601052585e+00
5.873392397827951328e+01,1.188121086303029816e+00
5.875392969419834799e+01,1.103601658279912856e+00
5.877393541011717559e+01,9.534081690750664251e-01
5.879394112603601030e+01,1.355109168876375669e+00
5.881394684195484501e+01,1.791792773070248757e+00
5.883395255787367972e+01,1.345764022078232536e+00
5.885395827379251443e+01,1.265313066694783384e+00
5.887396398971134914e+01,9.649114884138254578e-01
5.889396970563018385e+01,8.213887148844212227e-01
5.891397542154901856e+01,8.521734343326087258e-01
5.893398113746785327e+01,1.476069993728262197e+00
5.895398685338668798e+01,8.276245243077499092e-01
5.897399256930551559e+01,1.371941676400304955e+00
5.899399828522435030e+01,1.002950037656945348e+00
5.901400400114318501e+01,1.463629433857704942e+00
5.903400971706201972e+01,1.445033469343166121e+00
5.905401543298085443e+01,9.634636024374618746e-01
5.907402114889968914e+01,1.341590347359981727e+00
5.909402686481852385e+01,1.061602821039071554e+00
5.911403258073735856e+01,1.011026168625244193e+00
5.913403829665619327e+01,1.971678383330275786e+00
5.915404401257502087e+01,1.289870146144868057e+00
5.917404972849385558e+01,1.829565951482782005e+00
5.919405544441269029e+01,1.690803057993300662e+00
5.921406116033152500e+01,2.310879288128413034e+00
5.923406687625035971e+01,1.456437614111843137e+00
5.925407259216919442e+01,2.488298726504364566e+00
5.927407830808802913e+01,1.785840456808781340e+00
5.929408402400686384e+01,2.580587659751558682e+00
5.931408973992569855e+01,2.802585562215342829e+00
5.933409545584453326e+01,2.127430755015488284e+00
5.935410117176336087e+01,2.414489275571328974e+00
5.937410688768219558e+01,2.661953837324519956e+00
5.939411260360103029e+01,2.556788268720490365e+00
5.941411831951986500e+01,2.605522227820784131e+00
5.943412403543869971e+01,2.169573307554808039e+00
5.945412975135753442e+01,3.051987351107122048e+00
5.947413546727636913e+01,3.122559059992894515e+00
5.949414118319520384e+01,3.415510084314360206e+00
5.951414689911403855e+01,2.818554731856841133e+00
5.953415261503286615e+01,3.087371673431897889e+00
5.955415833095170086e+01,2.972643460968706020e+00
5.957416404687053557e+01,3.158791161315246843e+00
5.959416976278937028e+01,2.423913479683153405e+00
5.961417547870820499e+01,2.663971892310830647e+00
5.963418119462703970e+01,2.759557852173952774e+00
5.965418691054587441e+01,1.984802778491643549e+00
5.967419262646470912e+01,2.413965798486334524e+00
5.969419834238354383e+01,2.482460709661864051e+00
5.971420405830237144e+01,1.855220031045757167e+00
5.973420977422120615e+01,2.076808728912145519e+00
5.975421549014004086e+01,1.765074169827990147e+00
5.977422120605887557e+01,2.306005082920944638e+00
5.979422692197771028e+01,1.818621508133130060e+00
5.981423263789654499e+01,1.877857986116685085e+00
5.983423835381537970e+01,1.516179058358018583e+00
5.985424406973421441e+01,1.491654317967338272e+00
5.987424978565304912e+01,2.166563679353370908e+00
5.989425550157188383e+01,1.011185414222862455e+00
5.991426121749071143e+01,1.693565542562174064e+00
5.993426693340954614e+01,2.106247849804999461e+00
5.995427264932838085e+01,1.424280899863349381e+00
5.997427836524721556e+01,1.163098712037889726e+00
5.999428408116605027e+01,2.022968198798035466e+00
6.001428979708488498e+01,1.515685353468791519e+00
6.003429551300371969e+01,1.690840879867534952e+00
6.005430122892255440e+01,1.369629400219570581e+00
6.007430694484138911e+01,1.320504646470165078e+00
6.009431266076021672e+01,1.991128355396650340e+00
6.011431837667905143e+01,2.468612910090933976e+00
6.013432409259788614e+01,1.586415525078051392e+00
6.015432980851672085e+01,1.302873706213415916e+00
6.017433552443555556e+01,2.447042878025949442e+00
6.019434124035439027e+01,3.093495072989000949e+00
6.021434695627322498e+01,2.506418840517739000e+00
6.023435267219205969e+01,2.589672655514126731e+00
6.025435838811089440e+01,3.171428158981382417e+00
6.027436410402972911e+01,2.681342871664950334e+00
6.029436981994855671e+01,3.347151484087888207e+00
6.031437553586739142e+01,4.153516929189768447e+00
6.033438125178622613e+01,4.556177838079719322e+00
6.035438696770506084e+01,4.545645596006065325e+00
6.037439268362389555e+01,4.438963618814882217e+00
6.039439839954273026e+01,5.247122898914520661e+00
6.041440411546156497e+01,6.170661809761805117e+00
6.043440983138039968e+01,5.892789997884875675e+00
6.045441554729923439e+01,6.337987196245906674e+00
6.047442126321806199e+01,8.154443241003569653e+00
6.049442697913689670e+01,7.798795978183371780e+00
6.051443269505573141e+01,9.653944319233978888e+00
6.053443841097456612e+01,9.867238103840374919e+00
6.055444412689340083e+01,1.040215811966052861e+01
6.057444984281223554e+01,1.081011800527431888e+01
6.059445555873107025e+01,1.185922001212952459e+01
6.061446127464990496e+01,1.168450627061890934e+01
6.063446699056873967e+01,1.215056071443183328e+01
6.065447270648756728e+01,1.262402212642732380e+01
6.067447842240640199e+01,1.333867343535501249e+01
6.069448413832523670e+01,1.374400554457586487e+01
6.071448985424407141e+01,1.411687517845595075e+01
6.073449557016290612e+01,1.414554635438804908e+01
6.075450128608174083e+01,1.358589445016726138e+01
6.077450700200057554e+01,1.404592461268453540e+01
6.079451271791941025e+01,1.374548542309471344e+01
6.081451843383824496e+01,1.265414896366955233e+01
6.083452414975707967e+01,1.212636703130802118e+01
6.085452986567590727e+01,1.179195971155566980e+01
6.087453558159474198e+01,1.137227020009804512e+01
6.089454129751357669e+01,1.026741763417142650e+01
6.091454701343241140e+01,8.792971832402551868e+00
6.093455272935124611e+01,8.086033233850459467e+00
6.095455844527008082e+01,7.513407847419451002e+00
6.097456416118891553e+01,6.982133262883814417e+00
6.099456987710775024e+01,6.544433743284679750e+00
6.101457559302658495e+01,6.555900977654718353e+00
6.103458130894541256e+01,4.794238532017553567e+00
6.105458702486424727e+01,5.221060109963911344e+00
6.107459274078308198e+01,4.919345542234569990e+00
6.109459845670191669e+01,5.201756782531535173e+00
6.111460417262075140e+01,4.121057645224274424e+00
6.113460988853958611e+01,5.259327131266033462e+00
6.115461560445842082e+01,6.085631253493263948e+00
6.117462132037725553e+01,5.664606093638209217e+00
6.119462703629609024e+01,6.130961808220709131e+00
6.121463275221492495e+01,6.809182967849084278e+00
6.123463846813375255e+01,7.757098624244020968e+00
6.125464418405258726e+01,8.129827214608880581e+00
6.127464989997142197e+01,8.023230550437078890e+00
6.129465561589025668e+01,8.827534949418186727e+00
6.131466133180909139e+01,8.777655520225534858e+00
6.133466704772792610e+01,9.250828636581431397e+00
6.135467276364676081e+01,9.281585398473355397e+00
6.137467847956559552e+01,9.587881548530406306e+00
6.139468419548443023e+01,9.346806718646805123e+00
6.141468991140325784e+01,9.009109207916029760e+00
6.143469562732209255e+01,8.593201991560041719e+00
6.145470134324092726e+01,9.181799529856096598e+00
6.147470705915976197e+01,8.151789333568800089e+00
6.149471277507859668e+01,7.047253744200736136e+00
6.151471849099743139e+01,7.148355344983478687e+00
6.153472420691626610e+01,6.395000677537352018e+00
6.155472992283510081e+01,6.001334730666339823e+00
6.157473563875393552e+01,4.149927672848002125e+00
6.159474135467276312e+01,3.989266476604574230e+00
6.161474707059159783e+01,2.767814869601584515e+00
6.163475278651043254e+01,3.071480985723108681e+00
6.165475850242926725e+01,2.874289763948441045e+00
6.167476421834810196e+01,3.068803896254664654e+00
6.169476993426693667e+01,2.306404815171769318e+00
6.171477565018577138e+01,2.222961927828964512e+00
6.173478136610460609e+01,1.939380725825403662e+00
6.175478708202344080e+01,1.855881421707168411e+00
6.177479279794227551e+01,1.765203848999289171e+00
6.179479851386110312e+01,2.345746361857193651e+00
6.181480422977993783e+01,3.009984928408661720e+00
6.183480994569877254e+01,2.020020259156345865e+00
6.185481566161760725e+01,2.663894381630134145e+00
6.187482137753644196e+01,2.437668006312991853e+00
6.189482709345527667e+01,2.501772027864090475e+00
6.191483280937411138e+01,2.925440240400475567e+00
6.193483852529294609e+01,3.289170599939573947e+00
6.195484424121178080e+01,3.705890018745819248e+00
6.197484995713060840e+01,4.470505465879488938e+00
6.199485567304944311e+01,4.258927552329314636e+00
6.201486138896827782e+01,4.697039019760248735e+00
6.203486710488711253e+01,4.995028449129084613e+00
6.205487282080594724e+01,4.869797190621746985e+00
6.207487853672478195e+01,6.456998474892944095e+00
6.209488425264361666e+01,6.177733732831340419e+00
6.211488996856245137e+01,6.456284295990246669e+00
6.213489568448128608e+01,7.047480588763545661e+00
6.215490140040011369e+01,7.416493507674793761e+00
6.217490711631894840e+01,7.313953004493571441e+00
6.219491283223778311e+01,7.160369361052719483e+00
6.221491854815661782e+01,8.062570469684976260e+00
6.223492426407545253e+01,8.128258911586653923e+00
6.225492997999428724e+01,8.279280271451964879e+00
6.227493569591312195e+01,8.419012380732686651e+00
6.229494141183195666e+01,8.792219853949934105e+00
6.231494712775079137e+01,8.881405610710976006e+00
6.233495284366962608e+01,8.508830432802866994e+00
6.235495855958845368e+01,9.272411021874907178e+00
6.237496427550728839e+01,9.151059746039800658e+00
6.239496999142612310e+01,9.238490231845876366e+00
6.241497570734495781e+01,9.771778362138283214e+00
6.243498142326379252e+01,9.266265592311619059e+00
6.245498713918262723e+01,9.571089268884531265e+00
6.247499285510146194e+01,8.526830456201512476e+00
6.249499857102029665e+01,9.096268197087930218e+00
6.251500428693913136e+01,8.722572676155794014e+00
6.253501000285795897e+01,8.229497950434486953e+00
6.255501571877679368e+01,7.739635685926671727e+00
6.257502143469562839e+01,7.669751799516262736e+00
6.259502715061446310e+01,6.511987994408069191e+00
6.261503286653329781e+01,5.981437680851765748e+00
6.263503858245213252e+01,6.148827458441280314e+00
6.265504429837096723e+01,6.103024855774968671e+00
6.267505001428980194e+01,5.120449833193507772e+00
6.269505573020863665e+01,4.423899558924059505e+00
6.271506144612747136e+01,4.499752299857774140e+00
6.273506716204629896e+01,4.628223758640974239e+00
6.275507287796513367e+01,4.507034762734043909e+00
6.277507859388396838e+01,3.407682011929809462e+00
6.279508430980280309e+01,3.833865859625224637e+00
6.281509002572163780e+01,3.645680419537678407e+00
6.283509574164047251e+01,3.636977940163045986e+00
6.285510145755930722e+01,3.332319038772799225e+00
6.287510717347814193e+01,3.572899862716088393e+00
6.289511288939697664e+01,3.063964510101311323e+00
6.291511860531580425e+01,2.948204587629297713e+00
6.293512432123463896e+01,3.767559314057661091e+00
6.295513003715347367e+01,2.911965260176827552e+00
6.297513575307230838e+01,2.874940493797461194e+00
6.299514146899114309e+01,2.289683894913600248e+00
6.301514718490997780e+01,2.724502052909463679e+00
6.303515290082881251e+01,2.977502433991106923e+00
6.305515861674764722e+01,2.285902202718003817e+00
6.307516433266648193e+01,2.167060896839616557e+00
6.309517004858530953e+01,2.232470548770458141e+00
6.311517576450414424e+01,1.950671149131214532e+00
6.313518148042297895e+01,2.734542174983335183e+00
6.315518719634181366e+01,1.164507666686027898e+00
6.317519291226064837e+01,1.745745304260836850e+00
6.319519862817948308e+01,1.831171281804480522e+00
6.321520434409831779e+01,2.203410114883824100e+00
6.323521006001715250e+01,1.820035015126625577e+00
6.325521577593598721e+01,1.630754803814907561e+00
6.327522149185482192e+01,1.752123310394643863e+00
6.329522720777364952e+01,2.394192889532682500e+00
6.331523292369248423e+01,1.961981334086741136e+00
6.333523863961131894e+01,2.295458163898994819e+00
6.335524435553015365e+01,1.799018481486378107e+00
6.337525007144898836e+01,1.608669030629957586e+00
6.339525578736782307e+01,1.298076176832179351e+00
6.341526150328665778e+01,1.149889137938824524e+00
6.343526721920549249e+01,1.691705696669248082e+00
6.345527293512432720e+01,1.687434804223061136e+00
6.347527865104315481e+01,1.455350401132497584e+00
6.349528436696198952e+01,6.384137156128711910e-01
6.351529008288082423e+01,1.204210492134761168e+00
6.353529579879965894e+01,1.458330020108886682e+00
6.355530151471849365e+01,2.098829274049599292e+00
6.357530723063732836e+01,1.024418866545820483e+00
6.359531294655616307e+01,1.402174556058113808e+00
6.361531866247499778e+01,1.674621239516993709e+00
6.363532437839383249e+01,2.190776343706519746e+00
6.365533009431266720e+01,1.750220105918905311e+00
6.367533581023149480e+01,1.982411294065235641e+00
6.369534152615032951e+01,2.211062761776406038e+00
6.371534724206916422e+01,3.099329475824751157e+00
6.373535295798799893e+01,2.407180343458989569e+00
6.375535867390683364e+01,3.065429811096438417e+00
6.377536438982566835e+01,2.676513520699445259e+00
6.379537010574450306e+01,2.454807706357803987e+00
6.381537582166333777e+01,3.014558560186797465e+00
6.383538153758217248e+01,2.927469323711215043e+00
6.385538725350100009e+01,3.004274839250657081e+00
6.387539296941983480e+01,4.003165784809317174e+00
6.389539868533866951e+01,4.053962619202795992e+00
6.391540440125750422e+01,3.607764808951994695e+00
6.393541011717633893e+01,3.520465339586683839e+00
6.395541583309517364e+01,4.091847757216077852e+00
6.397542154901400835e+01,4.904488255738203684e+00
6.399542726493284306e+01,4.782802516530212600e+00
6.401543298085167066e+01,4.585225858513362063e+00
6.403543869677051248e+01,5.524211034849860980e+00
6.405544441268934008e+01,4.772275647086284600e+00
6.407545012860816769e+01,5.314569312401950185e+00
6.409545584452700950e+01,5.879019634951029083e+00
6.411546156044585132e+01,5.654306439505272230e+00
6.413546727636467892e+01,5.723812695432875408e+00
6.415547299228350653e+01,5.679136959252579331e+00
6.417547870820234834e+01,6.128657157106494502e+00
6.419548442412119016e+01,5.925495839321269997e+00
6.421549014004001776e+01,5.277867789817100252e+00
6.423549585595884537e+01,5.456544099458715991e+00
6.425550157187768718e+01,5.712479736675096120e+00
6.427550728779651479e+01,5.338852697210832332e+00
6.429551300371534239e+01,4.684207844038766666e+00
6.431551871963418421e+01,4.736025411884745573e+00
6.433552443555302602e+01,4.110507385720760354e+00
6.435553015147185363e+01,3.909103699833126999e+00
6.437553586739068123e+01,4.572761601612045368e+00
6.439554158330952305e+01,4.025601363391489329e+00
6.441554729922835065e+01,3.699988569230911573e+00
6.443555301514717826e+01,4.004711557709885739e+00
6.445555873106602007e+01,4.047320201241960902e+00
6.447556444698486189e+01,3.358362453681448478e+00
6.449557016290368949e+01,3.412644781790443727e+00
6.451557587882251710e+01,3.585781287721965249e+00
6.453558159474135891e+01,3.655783871276305330e+00
6.455558731066020073e+01,2.829949889964477272e+00
6.457559302657902833e+01,3.922524921381492113e+00
6.459559874249785594e+01,3.039631920869154680e+00
6.461560445841669775e+01,2.650529327872973351e+00
6.463561017433552536e+01,2.927833321108156195e+00
6.465561589025435296e+01,3.208259603698413898e+00
6.467562160617319478e+01,3.412559559392652098e+00
6.469562732209203659e+01,2.687114292455876630e+00
6.471563303801086420e+01,2.870196940631124960e+00
6.473563875392969180e+01,2.917015115703111228e+00
6.475564446984853362e+01,2.572454080381734620e+00
6.477565018576737543e+01,1.796080433680603328e+00
6.479565590168618883e+01,2.473661584781758016e+00
6.481566161760503064e+01,2.288907085353343973e+00
6.483566733352387246e+01,2.061911294566826314e+00
6.485567304944270006e+01,2.193487091794700472e+00
6.487567876536152767e+01,2.433994313318406988e+00
6.489568448128036948e+01,1.481022159982504860e+00
6.491569019719921130e+01,3.106420927385892483e+00
6.493569591311803890e+01,2.828286554793202789e+00
6.495570162903686651e+01,2.835630107040368220e+00
6.497570734495570832e+01,2.675978365532968084e+00
6.499571306087453593e+01,2.893769773139641455e+00
6.501571877679336353e+01,2.859536564768450972e+00
6.503572449271220535e+01,3.220728429252683878e+00
6.505573020863104716e+01,3.368240761977918662e+00
6.507573592454987477e+01,4.260322801320191033e+00
6.509574164046870237e+01,4.865224940758665184e+00
6.511574735638754419e+01,5.581628267442918734e+00
6.513575307230638600e+01,5.214180233527724972e+00
6.515575878822521361e+01,5.567301111389525659e+00
6.517576450414404121e+01,6.748405497494780469e+00
6.519577022006288303e+01,6.510607889181589947e+00
6.521577593598171063e+01,7.575448910882434994e+00
6.523578165190053824e+01,8.421825520156726697e+00
6.525578736781938005e+01,8.729333404493420545e+00
6.527579308373822187e+01,7.907492283732346472e+00
6.529579879965704947e+01,8.476563948738379040e+00
6.531580451557587708e+01,1.001451930108311039e+01
6.533581023149471889e+01,9.170051074384009127e+00
6.535581594741354650e+01,9.964453837632554212e+00
6.537582166333237410e+01,1.065801198281405959e+01
6.539582737925121592e+01,1.078234384922287248e+01
6.541583309517005773e+01,1.196181652486802172e+01
6.543583881108888534e+01,1.178141130778875478e+01
6.545584452700771294e+01,1.201302076691240828e+01
6.547585024292655476e+01,1.322685267377002916e+01
6.549585595884539657e+01,1.423080208795435375e+01
6.551586167476422418e+01,1.365433260023283957e+01
6.553586739068305178e+01,1.481655648880836829e+01
6.555587310660189360e+01,1.451234195258322757e+01
6.557587882252072120e+01,1.499474826747159462e+01
6.559588453843954881e+01,1.570559256290663264e+01
6.561589025435839062e+01,1.727095090050761783e+01
6.563589597027723244e+01,1.654824070279679660e+01
6.565590168619606004e+01,1.660365865960817189e+01
6.567590740211488765e+01,1.750447904874863525e+01
6.569591311803372946e+01,1.646500717209694287e+01
6.571591883395257128e+01,1.660879786410924908e+01
6.573592454987138467e+01,1.714372790068518881e+01
6.575593026579022649e+01,1.684084170575061989e+01
6.577593598170906830e+01,1.675768821411004694e+01
6.579594169762789591e+01,1.516033003524995770e+01
6.581594741354672351e+01,1.470542250945653606e+01
6.583595312946556533e+01,1.407049835183724973e+01
6.585595884538440714e+01,1.298507039654648310e+01
6.587596456130323475e+01,1.208986599791266059e+01
6.589597027722206235e+01,1.138283748963359976e+01
6.591597599314090417e+01,9.956613862783616042e+00
6.593598170905973177e+01,9.005160233152231797e+00
6.595598742497855937e+01,8.307704549135980443e+00
6.597599314089740119e+01,7.627798971279037055e+00
6.599599885681624301e+01,6.606685727775387207e+00
6.601600457273507061e+01,5.873287111292013307e+00
6.603601028865389821e+01,4.616292660730265673e+00
6.605601600457274003e+01,5.261693463727295850e+00
6.607602172049158185e+01,4.210233921259861845e+00
6.609602743641040945e+01,3.383274269601174389e+00
6.611603315232923705e+01,2.920504961860666882e+00
6.613603886824807887e+01,2.970489371320444327e+00
6.615604458416690647e+01,3.207910008009179581e+00
6.617605030008573408e+01,2.594646823655724521e+00
6.619605601600457589e+01,1.650127168257636168e+00
6.621606173192341771e+01,2.110507564571214800e+00
6.623606744784224531e+01,1.955828612865743832e+00
6.625607316376107292e+01,1.277969581045952818e+00
6.627607887967991473e+01,1.869134909341271245e+00
6.629608459559874234e+01,1.700271949942431693e+00
6.631609031151756994e+01,1.606514284004877169e+00
6.633609602743641176e+01,1.505418137644745746e+00
6.635610174335525357e+01,1.346165766479054504e+00
6.637610745927408118e+01,1.499493334297845593e+00
6.639611317519290878e+01,1.766606603567143718e+00
6.641611889111175060e+01,1.266907670095382965e+00
6.643612460703059241e+01,1.894092858520789679e+00
6.645613032294942002e+01,1.330749521406265679e+00
6.647613603886824762e+01,1.762466720714694901e+00
6.649614175478708944e+01,1.459986410622275965e+00
6.651614747070591704e+01,1.514727854117039918e+00
6.653615318662474465e+01,2.103794125618388744e+00
6.655615890254358646e+01,7.712919385779566372e-01
6.657616461846242828e+01,9.490245364683991269e-01
6.659617033438125588e+01,1.470458445025014216e+00
6.661617605030008349e+01,1.275067138511439158e+00
6.663618176621892530e+01,1.837780472519656039e+00
6.665618748213776712e+01,1.444441529321936368e+00
6.667619319805658051e+01,1.397146269049509115e+00
6.669619891397542233e+01,7.279962785987172946e-01
6.671620462989426414e+01,1.431245543396019837e+00
6.673621034581309175e+01,1.631247313065554927e+00
6.675621606173191935e+01,1.594154508460066566e+00
6.677622177765076117e+01,1.333773222243216372e+00
6.679622749356960298e+01,9.523140367657797478e-01
6.681623320948843059e+01,1.620683612662597195e+00
6.683623892540725819e+01,1.784399636580185966e+00
6.685624464132610001e+01,1.031872152104035489e+00
6.687625035724492761e+01,1.480670721642934451e+00
6.689625607316375522e+01,1.178596014614634591e+00
6.691626178908259703e+01,8.407635186218809231e-01
6.693626750500143885e+01,1.852733030015898841e+00
6.695627322092026645e+01,1.041137219439469241e+00
6.697627893683909406e+01,1.182839531075771111e+00
6.699628465275793587e+01,1.844568027167193147e+00
6.701629036867677769e+01,2.233116746404825381e+00
6.703629608459560529e+01,1.472894679532835482e+00
6.705630180051443290e+01,8.817331942989838911e-01
6.707630751643327471e+01,1.515852518903951118e+00
6.709631323235210232e+01,9.889880184730095447e-01
6.711631894827092992e+01,2.015327174067335303e+00
6.713632466418977174e+01,1.574114201818340941e+00
6.715633038010861355e+01,1.823305514980620545e+00
6.717633609602744116e+01,1.614454709308740021e+00
6.719634181194626876e+01,1.118288748429293156e+00
6.721634752786511058e+01,1.086429051400294332e+00
6.723635324378393818e+01,8.980707487960021274e-01
6.725635895970276579e+01,1.727454124329006913e+00
6.727636467562160760e+01,2.025101659077943594e+00
6.729637039154044942e+01,2.043946087520798649e+00
6.731637610745927702e+01,2.432465203634885498e+00
6.733638182337810463e+01,2.353579421881313749e+00
6.735638753929694644e+01,1.513073498795431515e+00
6.737639325521578826e+01,2.983101919197127749e+00
6.739639897113461586e+01,1.968425263558037042e+00
6.741640468705344347e+01,2.440706047214521668e+00
6.743641040297228528e+01,2.497457770397899512e+00
6.745641611889111289e+01,3.044030008199611892e+00
6.747642183480994049e+01,3.356496126428407223e+00
6.749642755072878231e+01,3.265131627327224173e+00
6.751643326664762412e+01,3.350970835117297320e+00
6.753643898256645173e+01,3.965175828624428078e+00
6.755644469848527933e+01,4.108517380729102442e+00
6.757645041440412115e+01,5.165365059562631700e+00
6.759645613032296296e+01,5.007849974062720477e+00
6.761646184624177636e+01,4.923494523827061542e+00
6.763646756216061817e+01,6.024357007122974395e+00
6.765647327807945999e+01,6.650359024077333814e+00
6.767647899399828759e+01,6.134095729383155948e+00
6.769648470991711520e+01,6.859466288352081165e+00
6.771649042583595701e+01,7.325557523263071857e+00
6.773649614175479883e+01,7.898756544996127005e+00
6.775650185767362643e+01,8.128623996554134479e+00
6.777650757359245404e+01,8.784231866468022787e+00
6.779651328951129585e+01,9.681911447690637829e+00
6.781651900543012346e+01,9.247152653133465350e+00
6.783652472134895106e+01,8.997245865468439519e+00
6.785653043726779288e+01,9.800040435429577812e+00
6.787653615318663469e+01,1.046006696314762507e+01
6.789654186910546230e+01,9.720771650124717667e+00
6.791654758502428990e+01,1.037866910873460746e+01
6.793655330094313172e+01,1.030772347211599183e+01
6.795655901686197353e+01,9.696645487327975488e+00
6.797656473278080114e+01,1.017892767800474196e+01
6.799657044869962874e+01,9.650569862562342394e+00
6.801657616461847056e+01,9.380076823772597550e+00
6.803658188053729816e+01,8.958796503633562835e+00
6.805658759645612577e+01,8.588005572932139842e+00
6.807659331237496758e+01,7.941238799826358274e+00
6.809659902829380940e+01,7.981341563389340088e+00
6.811660474421263700e+01,7.725285954762235008e+00
6.813661046013146461e+01,6.804356512704953452e+00
6.815661617605030642e+01,6.358121041981799060e+00
6.817662189196913403e+01,5.071422527601868069e+00
6.819662760788796163e+01,5.105510304873411620e+00
6.821663332380680345e+01,4.822364416450938940e+00
6.823663903972564526e+01,3.632803264721576664e+00
6.825664475564447287e+01,4.398383098653065204e+00
6.827665047156330047e+01,3.987241076119170113e+00
6.829665618748214229e+01,2.984266900675787149e+00
6.831666190340098410e+01,3.400183247014851418e+00
6.833666761931981171e+01,2.750861143309073498e+00
6.835667333523863931e+01,2.774453242660047891e+00
6.837667905115748113e+01,2.578346490004342684e+00
6.839668476707630873e+01,2.903462272423397383e+00
6.841669048299513634e+01,2.208648464989876103e+00
6.843669619891397815e+01,1.482934991140859804e+00
6.845670191483281997e+01,2.149190539219569374e+00
6.847670763075164757e+01,2.492106308520289470e+00
6.849671334667047518e+01,1.962158761189764178e+00
6.851671906258931699e+01,1.972985191158080909e+00
6.853672477850815881e+01,2.051293343318374873e+00
6.855673049442697220e+01,1.101510301239064793e+00
6.857673621034581402e+01,1.287108872827018136e+00
6.859674192626465583e+01,1.024131256264901202e+00
6.861674764218348344e+01,1.581366164917755723e+00
6.863675335810231104e+01,1.490758384056076080e+00
6.865675907402115286e+01,9.412723755445728813e-01
6.867676478993999467e+01,1.764961511018176221e+00
6.869677050585882228e+01,2.020295316169157029e+00
6.871677622177764988e+01,2.271174629682005897e+00
6.873678193769649170e+01,2.404852834143968998e+00
6.875678765361531930e+01,1.759233086539877089e+00
6.877679336953414690e+01,2.038277437825095184e+00
6.879679908545298872e+01,1.595382638862787861e+00
6.881680480137183054e+01,2.087973211922356853e+00
6.883681051729065814e+01,2.365806296715392776e+00
6.885681623320948574e+01,2.036398126545178933e+00
6.887682194912832756e+01,1.860256698972976519e+00
6.889682766504716938e+01,3.338612425787748528e+00
6.891683338096599698e+01,2.859412698781536033e+00
6.893683909688482458e+01,3.240497663035573961e+00
6.895684481280366640e+01,3.235727950390218322e+00
6.897685052872249400e+01,3.645557537819016591e+00
6.899685624464132161e+01,3.076954798444385020e+00
6.901686196056016342e+01,3.306018928546684332e+00
6.903686767647900524e+01,3.902681911545427873e+00
6.905687339239783284e+01,3.555713142363023493e+00
6.907687910831666045e+01,3.400241564794843629e+00
6.909688482423550226e+01,4.131926897160338896e+00
6.911689054015432987e+01,2.662147021622898624e+00
6.913689625607315747e+01,3.738919471698965324e+00
6.915690197199199929e+01,3.497119009709896087e+00
6.917690768791084110e+01,3.495672411268874402e+00
6.919691340382966871e+01,3.616627198520809827e+00
6.921691911974849631e+01,3.286003675332495710e+00
6.923692483566733813e+01,4.166694818960110069e+00
6.925693055158617994e+01,3.930578738809535011e+00
6.927693626750500755e+01,4.168650562597148834e+00
6.929694198342383515e+01,3.228650262411953076e+00
6.931694769934267697e+01,3.589481090192582879e+00
6.933695341526150457e+01,4.295538683224464194e+00
6.935695913118033218e+01,3.450936793307431749e+00
6.937696484709917399e+01,4.655994169970688823e+00
6.939697056301801581e+01,3.788154684478029388e+00
6.941697627893684341e+01,4.000444306002157724e+00
6.943698199485567102e+01,4.337637035688503673e+00
6.945698771077451283e+01,3.842671365333107047e+00
6.947699342669335465e+01,4.262880826051229199e+00
6.949699914261216804e+01,3.930294021544392002e+00
6.951700485853100986e+01,3.422953588111385059e+00
6.953701057444985167e+01,2.870946477816649356e+00
6.955701629036867928e+01,2.976134337725332646e+00
6.957702200628750688e+01,2.373207400914870924e+00
6.959702772220634870e+01,2.602898024449080694e+00
6.961703343812519051e+01,2.014262854382212531e+00
6.963703915404401812e+01,1.802783548162605998e+00
6.965704486996284572e+01,1.893045646009202665e+00
6.967705058588168754e+01,1.809392744363695904e+00
6.969705630180051514e+01,1.813994687545858353e+00
6.971706201771934275e+01,1.864682169290193148e+00
6.973706773363818456e+01,1.948779338561039909e+00
6.975707344955702638e+01,1.899282936838335933e+00
6.977707916547585398e+01,1.552376879487178174e+00
6.979708488139468159e+01,2.103732304089735550e+00
6.981709059731352340e+01,2.134194989329218028e+00
6.983709631323236522e+01,2.157812215330801919e+00
6.985710202915119282e+01,3.128094634513093553e+00
6.987710774507002043e+01,2.761217219550331059e+00
6.989711346098886224e+01,3.308360910276031408e+00
6.991711917690768985e+01,3.219644023599450122e+00
6.993712489282651745e+01,3.976561620485866477e+00
6.995713060874535927e+01,4.095220003023467115e+00
6.997713632466420108e+01,4.333967706570981626e+00
6.999714204058302869e+01,5.314255593825337520e+00
7.001714775650185629e+01,5.776479708426102810e+00
7.003715347242069811e+01,6.469099530053505909e+00
7.005715918833952571e+01,6.509503697337111205e+00
7.007716490425835332e+01,7.389726816229117645e+00
7.009717062017719513e+01,6.502268508323695961e+00
7.011717633609603695e+01,6.491795214603270914e+00
7.013718205201486455e+01,7.426112776856812481e+00
7.015718776793369216e+01,6.476468920466642132e+00
7.017719348385253397e+01,7.604500105442322244e+00
7.019719919977137579e+01,7.377898070991444790e+00
7.021720491569020339e+01,6.822902526664632816e+00
7.023721063160903100e+01,7.188374526430201250e+00
7.025721634752787281e+01,6.658257652474513399e+00
7.027722206344670042e+01,6.927804685505401849e+00
7.029722777936552802e+01,6.489208837386184037e+00
7.031723349528436984e+01,6.768501810026473997e+00
7.033723921120321165e+01,7.927876695096951032e+00
7.035724492712203926e+01,8.660166855209947556e+00
7.037725064304086686e+01,7.600719133069858913e+00
7.039725635895970868e+01,8.874297019094608885e+00
7.041726207487855049e+01,9.353211771743358938e+00
7.043726779079736389e+01,9.000966143476800241e+00
7.045727350671620570e+01,1.032618282599605308e+01
7.047727922263504752e+01,1.097111693649553033e+01
7.049728493855387512e+01,9.885957149812377054e+00
7.051729065447270273e+01,1.083146114608106991e+01
7.053729637039154454e+01,1.085228602467372738e+01
7.055730208631038636e+01,9.935201396383135375e+00
7.057730780222921396e+01,9.514327185606358483e+00
7.059731351814804157e+01,1.042201479965462774e+01
7.061731923406688338e+01,1.011399052615759331e+01
7.063732494998571099e+01,9.874131722120116805e+00
7.065733066590453859e+01,9.584300515993474434e+00
7.067733638182338041e+01,8.489049830391238061e+00
7.069734209774222222e+01,9.616833946109570874e+00
7.071734781366104983e+01,9.166520463528057050e+00
7.073735352957987743e+01,8.627159917699774638e+00
7.075735924549871925e+01,9.016761738892093092e+00
7.077736496141756106e+01,9.313389575989265978e+00
7.079737067733638867e+01,8.446313558942481592e+00
7.081737639325521627e+01,8.296730906083887191e+00
7.083738210917405809e+01,8.847516883943571386e+00
7.085738782509288569e+01,8.897522270316022386e+00
7.087739354101171330e+01,8.305348237307708104e+00
7.089739925693055511e+01,8.699474766476434695e+00
7.091740497284939693e+01,7.796339471527755194e+00
7.093741068876822453e+01,7.981526647876125757e+00
7.095741640468705214e+01,7.721798117972131337e+00
7.097742212060589395e+01,8.472842898747076745e+00
7.099742783652472156e+01,8.609769962663431642e+00
7.101743355244354916e+01,8.881992045185198137e+00
7.103743926836239098e+01,8.617739623712729724e+00
7.105744498428123279e+01,9.726393960983363840e+00
7.107745070020006040e+01,9.197912316632491425e+00
7.109745641611888800e+01,9.649247967709559504e+00
7.111746213203772982e+01,9.906027723932790963e+00
7.113746784795657163e+01,8.902368189421151712e+00
7.115747356387539924e+01,8.868160064394752240e+00
7.117747927979422684e+01,9.486201877236565494e+00
7.119748499571306866e+01,8.605696130524156828e+00
7.121749071163189626e+01,8.043880361366580800e+00
7.123749642755072387e+01,7.636005334577271597e+00
7.125750214346956568e+01,6.798958478827453078e+00
7.127750785938840750e+01,6.449606684960444092e+00
7.129751357530723510e+01,5.550428556287645421e+00
7.131751929122606271e+01,4.512862621196515711e+00
7.133752500714490452e+01,4.064875594529217651e+00
7.135753072306374634e+01,3.735306833601498511e+00
7.137753643898255973e+01,3.325691470453612464e+00
7.139754215490140155e+01,2.686134824018851841e+00
7.141754787082024336e+01,2.906937888580416018e+00
7.143755358673907097e+01,2.099776864891576000e+00
7.145755930265789857e+01,2.272806842698707364e+00
7.147756501857674039e+01,2.106452391046763850e+00
7.149757073449558220e+01,2.596581419916442535e+00
7.151757645041440981e+01,2.240758274180222109e+00
7.153758216633323741e+01,1.625534573346339773e+00
7.155758788225207923e+01,2.374651347124734801e+00
7.157759359817090683e+01,2.009579422790832570e+00
7.159759931408973443e+01,2.063248589850000592e+00
7.161760503000857625e+01,1.886609377455078507e+00
7.163761074592741807e+01,1.875297245418068304e+00
7.165761646184624567e+01,1.623415847186727712e+00
7.167762217776507327e+01,2.793496135643280809e+00
7.169762789368391509e+01,2.249542915107137109e+00
7.171763360960275691e+01,2.196169302562876346e+00
7.173763932552158451e+01,2.984311094634161332e+00
7.175764504144041211e+01,3.440000339264686957e+00
7.177765075735925393e+01,3.156970933793573408e+00
7.179765647327808153e+01,3.522481660359041200e+00
7.181766218919690914e+01,4.083137247012370352e+00
7.183766790511575095e+01,3.155010653065126291e+00
7.185767362103459277e+01,4.534606901377634891e+00
7.187767933695342037e+01,3.940544278046633320e+00
7.189768505287224798e+01,4.847717655919155710e+00
7.191769076879108979e+01,4.561750629813591473e+00
7.193769648470991740e+01,4.423291181682866835e+00
7.195770220062874500e+01,4.290354791746914032e+00
7.197770791654758682e+01,3.987813081869945986e+00
7.199771363246642863e+01,3.545218686383576845e+00
7.201771934838525624e+01,3.890744492734591109e+00
7.203772506430408384e+01,3.996255703035882956e+00
7.205773078022292566e+01,3.739769742799646579e+00
7.207773649614176747e+01,3.305977396313250161e+00
7.209774221206059508e+01,3.727509334852769030e+00
7.211774792797942268e+01,2.865142483056305700e+00
7.213775364389826450e+01,2.998451395827260502e+00
7.215775935981709210e+01,2.389768086886642884e+00
7.217776507573591971e+01,1.983495001043403150e+00
7.219777079165476152e+01,2.166351769458993992e+00
7.221777650757360334e+01,3.112863173273411110e+00
7.223778222349243094e+01,2.776939350737377410e+00
7.225778793941125855e+01,2.193995595052833814e+00
7.227779365533010036e+01,2.061555795416691872e+00
7.229779937124894218e+01,2.206249696182822628e+00
7.231780508716775557e+01,2.784153341267515458e+00
7.233781080308659739e+01,2.243299042629120166e+00
7.235781651900543920e+01,2.470525175251317762e+00
7.237782223492426681e+01,2.133692792211938194e+00
7.239782795084309441e+01,2.953504009153921750e+00
7.241783366676193623e+01,2.015671086646932064e+00
7.243783938268077804e+01,2.929543237181676307e+00
7.245784509859960565e+01,1.479092754959660638e+00
7.247785081451843325e+01,2.331493205156247583e+00
7.249785653043727507e+01,2.350869765851524296e+00
7.251786224635610267e+01,2.216105197506449187e+00
7.253786796227493028e+01,1.808922534135928295e+00
7.255787367819377209e+01,1.749655580944422084e+00
7.257787939411261391e+01,2.533975433824919854e+00
7.259788511003144151e+01,1.844035301004007366e+00
7.261789082595026912e+01,2.579345125954609408e+00
7.263789654186911093e+01,2.016576674591174179e+00
7.265790225778795275e+01,2.019984187814857890e+00
7.267790797370678035e+01,2.415040202243210476e+00
7.269791368962560796e+01,1.184885789839954517e+00
7.271791940554444977e+01,1.128587402106981274e+00
7.273792512146327738e+01,1.648491793792620452e+00
7.275793083738210498e+01,9.768307585485326294e-01
7.277793655330094680e+01,2.033022532457004594e+00
7.279794226921978861e+01,2.268713019587345059e+00
7.281794798513861622e+01,2.049635989300829131e+00
7.283795370105744382e+01,2.008769722019420723e+00
7.285795941697628564e+01,2.424352897941482787e+00
7.287796513289511324e+01,2.404593837365968767e+00
7.289797084881394085e+01,2.726417823426225961e+00
7.291797656473278266e+01,2.499331852159965894e+00
7.293798228065162448e+01,2.669364606211781954e+00
7.295798799657045208e+01,3.167696218039398826e+00
7.297799371248927969e+01,4.171241469963323567e+00
7.299799942840812150e+01,5.526457610511874563e+00
7.301800514432696332e+01,4.779709415096113467e+00
7.303801086024579092e+01,6.415904337379329192e+00
7.305801657616461853e+01,6.684850421316151703e+00
7.307802229208346034e+01,7.058357987827983848e+00
7.309802800800228795e+01,7.723195057866814039e+00
7.311803372392111555e+01,8.426845099841061781e+00
7.313803943983995737e+01,9.475329916780729889e+00
7.315804515575879918e+01,9.410644492967970010e+00
7.317805087167762679e+01,9.312821633842082392e+00
7.319805658759645439e+01,1.121189883670230181e+01
7.321806230351529621e+01,1.080444120336550107e+01
7.323806801943413802e+01,1.162290339868643052e+01
7.325807373535295142e+01,1.140191299419657867e+01
7.327807945127179323e+01,1.160275616962389122e+01
7.329808516719063505e+01,1.199126354494472935e+01
7.331809088310946265e+01,1.195330576442511905e+01
7.333809659902829026e+01,1.230221017120015681e+01
7.335810231494713207e+01,1.240533508630719339e+01
7.337810803086597389e+01,1.248997967459099634e+01
7.339811374678480149e+01,1.145987317201536726e+01
7.341811946270362910e+01,1.178043839766746714e+01
7.343812517862247091e+01,1.145683065200021034e+01
7.345813089454129852e+01,1.216224375160386018e+01
7.347813661046012612e+01,1.239065805871404891e+01
7.349814232637896794e+01,1.213995895452547202e+01
7.351814804229780975e+01,1.208777599209048326e+01
7.353815375821663736e+01,1.234833089284406249e+01
7.355815947413546496e+01,1.150863275219695758e+01
7.357816519005430678e+01,1.159281568636059667e+01
7.359817090597314859e+01,1.142950776532109103e+01
7.361817662189197620e+01,1.159671822178006018e+01
7.363818233781080380e+01,1.061615194193481848e+01
7.365818805372964562e+01,9.633752980037252556e+00
7.367819376964847322e+01,9.231649383549836330e+00
7.369819948556730083e+01,8.415428520009495372e+00
7.371820520148614264e+01,8.451484842770085493e+00
7.373821091740498446e+01,7.678164398856623940e+00
7.375821663332381206e+01,6.949040243270406592e+00
7.377822234924263967e+01,5.882273199119264717e+00
7.379822806516148148e+01,4.602477927097799792e+00
7.381823378108030909e+01,5.059383538946473635e+00
7.383823949699913669e+01,3.711831333983650616e+00
7.385824521291797851e+01,3.194522959652362548e+00
7.387825092883682032e+01,3.255865088016269837e+00
7.389825664475564793e+01,2.007651927195223340e+00
7.391826236067447553e+01,2.693947948144302273e+00
7.393826807659331735e+01,2.130633017957056730e+00
7.395827379251215916e+01,2.676702472461636173e+00
7.397827950843098677e+01,1.825835321079294804e+00
7.399828522434981437e+01,2.034104937948852054e+00
7.401829094026865619e+01,1.397490290476514740e+00
7.403829665618748379e+01,1.399559264346482479e+00
7.405830237210632561e+01,1.786395774606259756e+00
7.407830808802515321e+01,2.003902992220933932e+00
7.409831380394398082e+01,8.461898876191492613e-01
7.411831951986282263e+01,1.652246558703245549e+00
7.413832523578165024e+01,1.327021505986548000e+00
7.415833095170049205e+01,1.003717306172899004e+00
7.417833666761931966e+01,1.507244108749686839e+00
7.419834238353816147e+01,1.683049446329215382e+00
7.421834809945698908e+01,9.647794706243826290e-01
7.423835381537583089e+01,1.906821594957914368e+00
7.425835953129465850e+01,7.008651888741055380e-01
7.427836524721348610e+01,1.089722132238059027e+00
7.429837096313232792e+01,1.833530902857768652e+00
7.431837667905115552e+01,1.759415396032006917e+00
7.433838239496999734e+01,4.497013339546674926e-01
7.435838811088882494e+01,1.791905548945267324e+00
7.437839382680766676e+01,1.214452287285010534e+00
7.439839954272649436e+01,7.253368871875419677e-01
7.441840525864533618e+01,1.281630308193733025e+00
7.443841097456416378e+01,9.448133951262039920e-01
7.445841669048300560e+01,1.835978231515929870e+00
7.447842240640183320e+01,1.129915404340090301e+00
7.449842812232066080e+01,1.008828049428750928e+00
7.451843383823950262e+01,6.188406337450755856e-01
7.453843955415833022e+01,1.197569702749848641e+00
7.455844527007717204e+01,1.119867295757095205e+00
7.457845098599599964e+01,1.226825680425365439e+00
7.459845670191484146e+01,8.042439852655232091e-01
7.461846241783366906e+01,1.037520688095857846e+00
7.463846813375251088e+01,5.430240122626613930e-01
7.465847384967133848e+01,1.508720207240329847e+00
7.467847956559016609e+01,8.423328749731596732e-01
7.469848528150900790e+01,3.902085406344197871e-01
7.471849099742783551e+01,1.706981487049311852e+00
7.473849671334667732e+01,1.362550726696916570e+00
7.475850242926550493e+01,9.950141662033491485e-01
7.477850814518434674e+01,5.388425958437952357e-01
7.479851386110317435e+01,1.126316457344044730e+00
7.481851957702201616e+01,8.000853190093618617e-01
7.483852529294084377e+01,1.862102707233134868e+00
7.485853100885967137e+01,1.174174080063367320e+00
7.487853672477851319e+01,1.188949747572954241e+00
7.489854244069734079e+01,1.673290871350623155e+00
7.491854815661618261e+01,1.713990355880980809e+00
7.493855387253501021e+01,9.921608448488725696e-01
7.495855958845385203e+01,1.245820395884197129e+00
7.497856530437267963e+01,2.003381106418908875e+00
7.499857102029152145e+01,1.589981887233925306e+00
7.501857673621034905e+01,1.547830914064312946e+00
7.503858245212917666e+01,2.081514712984487314e+00
7.505858816804801847e+01,1.258620256212415800e+00
7.507859388396684608e+01,1.172609785541107730e+00
7.509859959988568789e+01,1.364610654102836218e+00
7.511860531580451550e+01,2.274193116090939881e+00
7.513861103172335731e+01,2.670096164358085389e+00
7.515861674764218492e+01,2.310435463698361502e+00
7.517862246356102673e+01,2.580850176678101793e+00
7.519862817947985434e+01,2.498845182397770870e+00
7.521863389539868194e+01,1.861328149516940478e+00
7.523863961131752376e+01,3.562032800608075256e+00
7.525864532723635136e+01,3.538569833174118884e+00
7.527865104315519318e+01,3.437267316844385689e+00
7.529865675907402078e+01,3.432075843871475129e+00
7.531866247499286260e+01,3.268174968618290155e+00
7.533866819091169020e+01,3.647146701331410945e+00
7.535867390683053202e+01,3.434284323496418434e+00
7.537867962274935962e+01,4.494674443542884035e+00
7.539868533866820144e+01,4.111082224772444782e+00
7.541869105458702904e+01,4.624366580804583293e+00
7.543869677050585665e+01,5.074054966599444327e+00
7.545870248642469846e+01,5.561648984724278932e+00
7.547870820234352607e+01,5.857417784317807907e+00
7.549871391826236788e+01,5.536065620113557628e+00
7.551871963418119549e+01,6.916958541969420615e+00
7.553872535010003730e+01,6.189065968437633458e+00
7.555873106601886491e+01,6.436676441964501727e+00
7.557873678193770672e+01,6.365662415930398055e+00
7.559874249785653433e+01,7.059818389763969471e+00
7.561874821377536193e+01,7.224272167160867397e+00
7.563875392969420375e+01,6.920000180020915437e+00
7.565875964561303135e+01,6.887322642214920521e+00
7.567876536153187317e+01,6.092733279129790347e+00
7.569877107745070077e+01,6.642010151184592814e+00
7.571877679336954259e+01,5.754216225916639615e+00
7.573878250928837019e+01,6.202642818362448907e+00
7.575878822520721201e+01,5.227666372880232615e+00
7.577879394112603961e+01,5.720172213490258173e+00
7.579879965704486722e+01,5.954835006029083999e+00
7.581880537296370903e+01,5.326243387152890918e+00
7.583881108888253664e+01,5.952665886870597944e+00
7.585881680480137845e+01,4.957177723796704072e+00
7.587882252072020606e+01,4.647285228575093186e+00
7.589882823663904787e+01,4.601520829860103134e+00
7.591883395255787548e+01,3.560709855007041291e+00
7.593883966847671729e+01,4.251451979672161485e+00
7.595884538439554490e+01,4.120131054536752657e+00
7.597885110031437250e+01,3.941424719659826437e+00
7.599885681623321432e+01,2.826934222602737190e+00
7.601886253215204192e+01,3.079244172991546513e+00
7.603886824807088374e+01,2.214895222160515154e+00
7.605887396398971134e+01,2.076496080101983388e+00
7.607887967990855316e+01,2.152745152193805911e+00
7.609888539582738076e+01,2.516566006425860813e+00
7.611889111174622258e+01,1.664934864153307270e+00
7.613889682766505018e+01,1.366822343517546390e+00
7.615890254358387779e+01,1.180440885658221584e+00
7.617890825950271960e+01,1.538139401639171400e+00
7.619891397542154721e+01,9.555243806920976635e-01
7.621891969134038902e+01,1.338250756312177492e+00
7.623892540725921663e+01,1.721849981963370801e+00
7.625893112317805844e+01,1.535412618543537722e+00
7.627893683909688605e+01,1.534685558126255067e+00
7.629894255501572786e+01,8.285374384669361714e-01
7.631894827093455547e+01,8.997429208873024553e-01
7.633895398685339728e+01,2.006265095502704376e+00
7.635895970277222489e+01,1.463610989620669489e+00
7.637896541869105249e+01,2.093915951974179457e+00
7.639897113460989431e+01,1.467568938520745547e+00
7.641897685052872191e+01,1.098960928397960224e+00
7.643898256644756373e+01,1.755908578768668571e+00
7.645898828236639133e+01,1.318750378549499613e+00
7.647899399828523315e+01,2.089877906615535963e+00
7.649899971420406075e+01,1.227991526050666193e+00
7.651900543012290257e+01,1.794128901394742126e+00
7.653901114604173017e+01,2.195375298821200083e+00
7.655901686196055778e+01,1.952032306323695288e+00
7.657902257787939959e+01,2.465102493722728383e+00
7.659902829379822720e+01,2.656803324908434849e+00
7.661903400971706901e+01,2.491915992292424775e+00
7.663903972563589662e+01,1.765729632603292520e+00
7.665904544155473843e+01,2.615641854361157481e+00
7.667905115747356604e+01,2.462416249866922424e+00
7.669905687339240785e+01,2.727751035868337670e+00
7.671906258931123546e+01,3.671410411047806743e+00
7.673906830523006306e+01,3.309168666499123557e+00
7.675907402114890488e+01,3.866596029771447895e+00
7.677907973706773248e+01,4.043770402628814153e+00
7.679908545298657430e+01,4.274893391026933109e+00
7.681909116890540190e+01,4.463591365212347561e+00
7.683909688482424372e+01,5.313856024807463996e+00
7.685910260074307132e+01,4.899307655662852312e+00
7.687910831666191314e+01,5.560082406045687264e+00
7.689911403258074074e+01,5.960221693157152778e+00
7.691911974849956835e+01,5.502243498885828643e+00
7.693912546441841016e+01,6.623718114602833218e+00
7.695913118033723777e+01,6.187854976047665545e+00
7.697913689625607958e+01,5.980390265287371498e+00
7.699914261217490719e+01,6.422592472495932014e+00
7.701914832809374900e+01,5.969533375525684527e+00
7.703915404401257661e+01,6.916549530591842299e+00
7.705915975993141842e+01,6.596387861750802273e+00
7.707916547585024603e+01,6.410770043181367228e+00
7.709917119176907363e+01,6.220169201714637275e+00
7.711917690768791545e+01,5.687749648509210054e+00
7.713918262360674305e+01,6.479780313051911378e+00
7.715918833952558487e+01,6.219046256143696105e+00
7.717919405544441247e+01,5.550128453848232724e+00
7.719919977136325429e+01,5.499279686021495195e+00
7.721920548728208189e+01,5.031901486694905223e+00
7.723921120320092371e+01,3.909694544338210953e+00
7.725921691911975131e+01,4.685527784067608614e+00
7.727922263503859313e+01,4.078958892982062601e+00
7.729922835095742073e+01,3.162744198194045619e+00
7.731923406687624833e+01,3.320579272599551768e+00
7.733923978279509015e+01,3.004941048078406673e+00
7.735924549871391775e+01,3.598028856581923396e+00
7.737925121463275957e+01,2.730620976079202400e+00
7.739925693055158717e+01,1.623974399146608683e+00
7.741926264647042899e+01,2.787726840656048477e+00
7.743926836238925659e+01,1.942997236034614383e+00
7.745927407830809841e+01,2.660211176289117851e+00
7.747927979422692601e+01,1.626451025586348687e+00
7.749928551014575362e+01,2.032755360605008388e+00
7.751929122606459543e+01,2.539774233673705695e+00
7.753929694198342304e+01,1.451946441711671865e+00
7.755930265790226485e+01,2.342291749220003272e+00
7.757930837382109246e+01,1.777133818009936306e+00
7.759931408973993427e+01,1.718674488526799937e+00
7.761931980565876188e+01,2.495608977285523888e+00
7.763932552157760369e+01,2.239247118009706661e+00
7.765933123749643130e+01,2.336874270208358251e+00
7.767933695341525890e+01,2.082645588661161451e+00
7.769934266933410072e+01,1.529542915393150571e+00
7.771934838525292832e+01,2.792702503042350237e+00
7.773935410117177014e+01,1.799328447162710676e+00
7.775935981709059774e+01,2.555678748760978003e+00
7.777936553300943956e+01,2.507227257982975299e+00
7.779937124892826716e+01,2.129783734493739367e+00
7.781937696484710898e+01,2.507182527195664257e+00
7.783938268076593658e+01,1.405747554691624046e+00
7.785938839668476419e+01,2.583318066181522266e+00
7.787939411260360600e+01,2.593014287218601943e+00
7.789939982852243361e+01,2.535084586066068901e+00
7.791940554444127542e+01,2.958974761241343288e+00
7.793941126036010303e+01,2.748617270206990870e+00
7.795941697627894484e+01,2.806836593001527547e+00
7.797942269219777245e+01,3.265656547587592495e+00
7.799942840811661426e+01,3.258907836746939513e+00
7.801943412403544187e+01,2.805786614479468977e+00
7.803943983995426947e+01,3.267046427955960564e+00
7.805944555587311129e+01,2.353247120272501380e+00
7.807945127179193889e+01,3.109976468069271860e+00
7.809945698771078071e+01,3.835447060188365231e+00
7.811946270362960831e+01,2.899635858910228681e+00
7.813946841954845013e+01,3.189714434938102361e+00
7.815947413546727773e+01,3.561988956386303862e+00
7.817947985138611955e+01,3.092945083937050033e+00
7.819948556730494715e+01,3.305930177244297496e+00
7.821949128322378897e+01,3.518449025937545382e+00
7.823949699914261657e+01,4.081711761258691062e+00
7.825950271506144418e+01,3.472981896004948332e+00
7.827950843098028599e+01,4.517739872735005768e+00
7.829951414689911360e+01,3.823554428495258062e+00
7.831951986281795541e+01,3.561804706557987643e+00
7.833952557873678302e+01,3.947659594615156031e+00
7.835953129465562483e+01,4.018983736014335229e+00
7.837953701057445244e+01,3.444531465294213834e+00
7.839954272649329425e+01,3.485613080214714277e+00
7.841954844241212186e+01,3.632168323557364964e+00
7.843955415833094946e+01,3.819349319568078549e+00
7.845955987424979128e+01,2.646752317033905122e+00
7.847956559016861888e+01,2.767792915127873066e+00
7.849957130608746070e+01,3.554110341852203536e+00
7.851957702200628830e+01,2.524600098749218979e+00
7.853958273792513012e+01,2.552574664159377171e+00
7.855958845384395772e+01,1.908305561914916515e+00
7.857959416976279954e+01,2.706094006944216090e+00
7.859959988568162714e+01,1.893896416727848031e+00
7.861960560160045475e+01,1.340157836334662012e+00
7.863961131751929656e+01,2.098325339602644224e+00
7.865961703343812417e+01,1.472135376723425759e+00
7.867962274935696598e+01,8.006892229908281200e-01
7.869962846527579359e+01,1.555865859744654855e+00
7.871963418119463540e+01,1.465962090509959737e+00
7.873963989711346301e+01,1.556409428850880516e+00
7.875964561303230482e+01,1.396144786556926309e+00
7.877965132895113243e+01,9.161116769111455893e-01
7.879965704486996003e+01,9.958282645994820381e-01
7.881966276078880185e+01,8.472525014547072075e-01
7.883966847670762945e+01,1.229673024259062108e+00
7.885967419262647127e+01,1.522660115472964648e+00
7.887967990854529887e+01,1.169829726496142586e+00
7.889968562446414069e+01,1.224013938861296946e+00
7.891969134038296829e+01,1.232108962422322262e+00
7.893969705630181011e+01,1.391628874430036467e+00
7.895970277222063771e+01,1.216746544835985322e+00
7.897970848813946532e+01,1.278924725616177760e+00
7.899971420405830713e+01,1.316230960871384248e+00
7.901971991997713474e+01,7.367674661389775892e-01
7.903972563589597655e+01,1.360034353217332015e+00
7.905973135181480416e+01,1.388851939668754643e+00
7.907973706773364597e+01,6.532144160868454952e-01
7.909974278365247358e+01,1.370899902484953747e+00
7.911974849957131539e+01,1.710941332751830135e+00
7.913975421549014300e+01,6.896985429776794074e-01
7.915975993140898481e+01,1.414294617253341491e+00
7.917976564732781242e+01,1.239162419978076413e+00
7.919977136324664002e+01,9.096566308348253971e-01
7.921977707916548184e+01,1.235807373804481246e+00
7.923978279508430944e+01,1.482983803862157224e+00
7.925978851100315126e+01,8.555065383509350418e-01
7.927979422692197886e+01,1.388828474026937432e+00
7.929979994284082068e+01,8.934615383228042829e-01
7.931980565875964828e+01,8.239072321028062529e-01
7.933981137467849010e+01,1.092713997059726161e+00
7.935981709059731770e+01,1.597894139551814696e+00
7.937982280651614531e+01,8.807778370115668665e-01
7.939982852243498712e+01,1.659944904371004171e+00
7.941983423835381473e+01,7.981654373629876176e-01
7.943983995427265654e+01,9.120947671509243015e-01
7.945984567019148415e+01,9.288593282459227662e-01
7.947985138611032596e+01,5.580293962235309824e-01
7.949985710202915357e+01,7.728742965920933905e-01
7.951986281794799538e+01,7.082538723914086898e-01
7.953986853386682299e+01,1.519868574555998997e+00
7.955987424978565059e+01,1.106719881457982835e+00
7.957987996570449241e+01,1.482723095970651883e+00
7.959988568162332001e+01,1.445212780655706464e+00
7.961989139754216183e+01,1.503433105600310737e+00
7.963989711346098943e+01,7.421635002589856978e-01
7.965990282937983125e+01,8.857240385038716024e-01
7.967990854529865885e+01,1.326930997960766190e+00
7.969991426121750067e+01,1.754276802364549415e+00
7.971991997713632827e+01,9.557928140050024890e-01
7.973992569305515588e+01,1.474764431718880608e+00
7.975993140897399769e+01,1.370055820501889787e+00
7.977993712489282530e+01,2.060528705469163224e+00
7.979994284081166711e+01,1.388375054261769881e+00
7.981994855673049472e+01,1.304666942264440133e+00
7.983995427264933653e+01,2.458124421749142030e+00
7.985995998856816414e+01,1.749048471091535273e+00
7.987996570448700595e+01,1.729631309982192278e+00
7.989997142040583356e+01,1.617882372939688729e+00
7.991997713632466116e+01,1.799705789655368982e+00
7.993998285224350298e+01,1.702246699234374550e+00
7.995998856816233058e+01,9.730265137851792367e-01
7.997999428408117240e+01,1.727217304260723063e+00
8.000000000000000000e+01,1.126499658316145069e+00
